1.000000000000000000e+00 -3.306050084167601550e-19 -2.270457535318767223e-19 -8.673617379884035472e-19 7.546676715296109287e-19 1.000000000000000000e+00 6.237773588823049983e-19 1.387778780781445676e-17 -3.447385680526250622e-20 4.770700176052009879e-20 1.000000000000000222e+00 5.551115123125782702e-17
9.999093076295489935e-01 -2.975298702104306903e-03 1.313927095237891161e-02 1.013464377529132987e-02 2.955942492631873260e-03 9.999944876098416646e-01 1.492960432132993225e-03 4.794089165077730641e-04 -1.314364148874198716e-02 -1.453986255304362931e-03 9.999126224547013608e-01 2.793595003628972506e-01
9.997910730423307246e-01 -5.042133353645558008e-03 1.980278912010732459e-02 2.514641693210452333e-02 5.026249047758001541e-03 9.999870432887385530e-01 8.515722020176959587e-04 -7.779426497368929772e-03 -1.980682648738419857e-02 -7.518674853960178976e-04 9.998034590626077023e-01 5.822999295973738665e-01
9.997571289674866968e-01 -7.392426519226349968e-03 2.075514375855202001e-02 3.542556218372725635e-02 7.404480432221446744e-03 9.999724624139191276e-01 -5.037327812950373549e-04 -1.648066430812727967e-02 -2.075084993948904041e-02 6.573458113265380053e-04 9.997843327404510871e-01 8.827796005096885112e-01
9.997109305439570992e-01 -1.025014786005297614e-02 2.175262824819152244e-02 4.660012947448290838e-02 1.028676810766033720e-02 9.999458849553283235e-01 -1.572647412193368130e-03 -1.597320805689422807e-02 -2.173533443995665643e-02 1.795895042282874944e-03 9.997622180280892890e-01 1.188914344251603916e+00
9.998240742640935874e-01 -1.234123797632894794e-02 1.412974426938405290e-02 4.575021061068840211e-02 1.239208343325105301e-02 9.999170428648040954e-01 -3.516912214300860987e-03 -1.905679457350450967e-02 -1.408516827096392351e-02 3.691341145169379882e-03 9.998940428404324843e-01 1.506389621496395659e+00
9.999066214373965034e-01 -1.365986953314829791e-02 4.380319757860304491e-04 3.772810357258885722e-02 1.366172887252705380e-02 9.998962290129120856e-01 -4.568713312833660306e-03 -3.060805428950168217e-02 -3.755812193052861106e-04 4.574268359729576246e-03 9.999894869672942832e-01 1.826060374210849435e+00
9.998276608892535666e-01 -1.286760896086335849e-02 -1.338259995899467383e-02 1.578870644453958874e-02 1.280521001844962467e-02 9.999067914960109160e-01 -4.738571731208573307e-03 -3.852399300190488540e-02 1.344233377739029352e-02 4.566382779299434785e-03 9.998992174679461886e-01 2.154877452557386608e+00
9.993982838948910485e-01 -9.243138920103763714e-03 -3.342998939828586979e-02 -1.475894212413790541e-02 9.072612496867709167e-03 9.999450639521185735e-01 -5.247937215300065364e-03 -4.504205157157120665e-02 3.347668432433202612e-02 4.941404760479564673e-03 9.994273063544982794e-01 2.501811149708717430e+00
9.985911166023662133e-01 -5.245541777694480261e-03 -5.280243548354009858e-02 -6.007048306663496928e-02 4.886220057637265766e-03 9.999640636977420449e-01 -6.931373673443994368e-03 -5.195620793798512438e-02 5.283690530270493402e-02 6.663577640546963950e-03 9.985808165184343332e-01 2.848565390040108891e+00
9.972860058498428382e-01 -4.224030695944534786e-03 -7.351532487729249554e-02 -1.079061221327724529e-01 3.768598191772218071e-03 9.999728381795782717e-01 -6.333530336015883930e-03 -5.733527940264233902e-02 7.354009854506433908e-02 6.039274973531970174e-03 9.972748736028725913e-01 3.211970061710681001e+00
9.956031545585566356e-01 -5.107094059964592710e-03 -9.353047694254959521e-02 -1.593294333006002594e-01 4.565835363514131849e-03 9.999715823171430040e-01 -6.000424112091338677e-03 -6.128246899952485838e-02 9.355846900538113131e-02 5.546999064433492770e-03 9.955981728609339942e-01 3.591373925119263788e+00
9.934608157125133232e-01 -6.970706132639854086e-03 -1.139867411028125804e-01 -2.172516920120642070e-01 6.400458136922027030e-03 9.999651228201068554e-01 -5.369198941011520815e-03 -7.095184763980051657e-02 1.140201965055157585e-01 4.604675056516989787e-03 9.934707551738926057e-01 3.973232531352292263e+00
9.913520641528098531e-01 -6.475146781683900100e-03 -1.310814615356150625e-01 -2.903783654561686300e-01 5.942547874964389416e-03 9.999724239951763849e-01 -4.455366298682875842e-03 -7.822493292039262025e-02 1.311067084596493348e-01 3.637878519867894598e-03 9.913631639630673398e-01 4.376671084520865840e+00
9.891601467261738057e-01 -5.029406818806119416e-03 -1.467467970001492816e-01 -3.782357008713100877e-01 4.495730947052980174e-03 9.999819961551155156e-01 -3.968226480001809178e-03 -8.570759429246636862e-02 1.467641283520691176e-01 3.265515341832374557e-03 9.891649850712865844e-01 4.789853221244968040e+00
9.872628541448739137e-01 -4.562731280415990333e-03 -1.590542547801876427e-01 -4.583396484288006500e-01 4.019391555788280612e-03 9.999849141853935919e-01 -3.737305421639293586e-03 -9.300939035293381840e-02 1.590689130820353292e-01 3.050711773628606710e-03 9.872662988427370889e-01 5.210835665531512895e+00
9.850860929391898058e-01 -5.664395219129359643e-03 -1.719859848174379868e-01 -5.465109659752637183e-01 4.881968790107727926e-03 9.999757273323766071e-01 -4.970837041591889306e-03 -1.032880773524333246e-01 1.720099899309630587e-01 4.057189696430566102e-03 9.850897829503272307e-01 5.649365951292448784e+00
9.831169467289899710e-01 -8.494779969676869227e-03 -1.827969407832110427e-01 -6.299639883788168415e-01 7.351315862749452368e-03 9.999489528268339367e-01 -6.932511921095033287e-03 -1.141246271776379384e-01 1.828465110014154127e-01 5.471547629106188367e-03 9.831292069505239706e-01 6.094707842449047064e+00
9.818500781258434618e-01 -8.399186068793553644e-03 -1.895064940864069902e-01 -7.277276386338762393e-01 6.872252970585556071e-03 9.999383952678921883e-01 -8.715367404284784375e-03 -1.248910288502789734e-01 1.895680302658661887e-01 7.255332593664775946e-03 9.818473288752463946e-01 6.556368100150951506e+00
9.803121407949112465e-01 -7.735873612395299283e-03 -1.973120060183957136e-01 -8.362716760300830110e-01 5.680168483538355385e-03 9.999235323892610161e-01 -1.098014463345105621e-02 -1.263337098471722930e-01 1.973819083274799269e-01 9.643266742107478931e-03 9.802811372330033635e-01 7.036091848223128054e+00
9.790120074649395487e-01 -8.544050914515580533e-03 -2.036168118131980176e-01 -9.481573718746457713e-01 5.877877303458184897e-03 9.998889429729085343e-01 -1.369691757044228832e-02 -1.359813172258945435e-01 2.037112293746749792e-01 1.221250500671331417e-02 9.789534993111451699e-01 7.520847293002998590e+00
9.769406954090451567e-01 -1.208721769046220036e-02 -2.131220274327173814e-01 -1.058561261922622565e+00 8.979325884532866897e-03 9.998390520322061326e-01 -1.553936997853952971e-02 -1.492074655576889897e-01 2.132755275130656103e-01 1.326744782027454612e-02 9.768918867559842623e-01 8.017082996539413031e+00
9.749959408863649868e-01 -1.803242015466727244e-02 -2.214941973519177210e-01 -1.173012472038076570e+00 1.475063549535082959e-02 9.997557241768229019e-01 -1.646101196230913971e-02 -1.690745575384280941e-01 2.217369852422182985e-01 1.278215032760479999e-02 9.750237923190143707e-01 8.537382516606784932e+00
9.732911087757178947e-01 -1.899308348035125271e-02 -2.287631229434819446e-01 -1.301858776883524804e+00 1.519883982468239747e-02 9.997164168705832132e-01 -1.833625272332677428e-02 -1.890218267595367985e-01 2.290465412901782905e-01 1.436880155910195966e-02 9.733038289908451102e-01 9.055288073853468234e+00
9.714370780585716014e-01 -1.519059246352783693e-02 -2.368282467180191364e-01 -1.450910450184920597e+00 9.909466748153602025e-03 9.996753143117407259e-01 -2.347290862022705787e-02 -1.947540573535678221e-01 2.371080456140910175e-01 2.045531261746884669e-02 9.712723274783208183e-01 9.587401366751777232e+00
9.691397315663214940e-01 -1.236340026547204027e-02 -2.461726146059287634e-01 -1.609743693417954313e+00 6.111247558592507526e-03 9.996395613420830939e-01 -2.614690135724631950e-02 -2.116476302856981628e-01 2.464070883576823523e-01 2.383565236915142355e-02 9.688660232155580365e-01 1.013497137080909383e+01
9.669049932008958459e-01 -1.484564985317189494e-02 -2.547152877163221807e-01 -1.765840612031304602e+00 7.964650892383441649e-03 9.995755379240101046e-01 -2.802090194693773392e-02 -2.344549438264032504e-01 2.550231966249776328e-01 2.506545726441855929e-02 9.666127782775602029e-01 1.069460382926026476e+01
9.648083641480887929e-01 -1.673598940740947741e-02 -2.624026588586592101e-01 -1.920577601476463503e+00 9.245268858239261839e-03 9.995145755514872610e-01 -2.974972118692864598e-02 -2.631585633637256727e-01 2.627731636275146831e-01 2.627701961716655960e-02 9.644947497192168928e-01 1.126571423630568525e+01
9.630104439258488913e-01 -1.654065414752881394e-02 -2.688499393649942393e-01 -2.095699426111910846e+00 8.015713252219506396e-03 9.994310771284692363e-01 -3.277293722946882093e-02 -2.862982473182196785e-01 2.692388181880739362e-01 2.940573025714045621e-02 9.625950285138583640e-01 1.183983979065063075e+01
9.602838838372901309e-01 -1.594794243286611068e-02 -2.786606223080364542e-01 -2.281696488702914749e+00 6.132726747685648440e-03 9.993305397892014996e-01 -3.607014572465641611e-02 -3.065286025481336885e-01 2.790494588551127864e-01 3.292838313925313537e-02 9.597388230623514760e-01 1.243297965453074738e+01
9.583142293878069706e-01 -1.748913753810263025e-02 -2.851336088593150464e-01 -2.466188127755508219e+00 5.936019139743882976e-03 9.991282018991418656e-01 -4.132575329268118464e-02 -3.360736175264495973e-01 2.856075554604025624e-01 3.791149194681308482e-02 9.575824453075948428e-01 1.302480277968921385e+01
9.564116559837924081e-01 -1.852722211056931009e-02 -2.915251265359670718e-01 -2.662701893102048967e+00 4.540202385958741656e-03 9.988082586749642555e-01 -4.860250433138776222e-02 -3.768476756422383667e-01 2.920781524392024875e-01 4.516109284725566136e-02 9.553558328311726466e-01 1.363804035351517285e+01
9.553594867627781539e-01 -1.843310060747169535e-02 -2.948607771039890024e-01 -2.867499598907785163e+00 1.763498376225235489e-03 9.983898214785564829e-01 -5.670198582237644808e-02 -4.133006869394991734e-01 2.954312599669209893e-01 5.365036591818340278e-02 9.538537171950668414e-01 1.426772203136321515e+01
9.543260273570726149e-01 -1.858654721916009819e-02 -2.981662281856641838e-01 -3.076049582197872834e+00 -1.058754731752152654e-03 9.978464138334012246e-01 -6.558867022090685006e-02 -4.589443654032688280e-01 2.987430940255274003e-01 6.290875356581537847e-02 9.522512128889637495e-01 1.490309908943340744e+01
9.528289754898036090e-01 -1.897518093209700496e-02 -3.028898739946978003e-01 -3.293893948385406834e+00 -3.650781699899899400e-03 9.972550583910505528e-01 -7.396618527094082907e-02 -5.043931470564225750e-01 3.034616566855884989e-01 7.158349903144282933e-02 9.501441684621332318e-01 1.554496938415736729e+01
9.517422391973492379e-01 -1.714192673224533212e-02 -3.064109080334756485e-01 -3.519500432940073864e+00 -8.262643197249173663e-03 9.966457123289859110e-01 -8.140884736982051395e-02 -5.648293200743619291e-01 3.067787644807404290e-01 8.001170162609508307e-02 9.484080961611954796e-01 1.620171713698927007e+01
9.500139039498545213e-01 -1.671374545848614349e-02 -3.118395410093561249e-01 -3.754546972686971351e+00 -1.122420130873776414e-02 9.960921073369428669e-01 -8.761027756865280569e-02 -6.272468259789749645e-01 3.120857819442123815e-01 8.672943992335120644e-02 9.461137109841685211e-01 1.686374602936925271e+01
9.485291406768993072e-01 -1.406614062953557946e-02 -3.163711197511666628e-01 -3.995551952484604374e+00 -1.662479145622586252e-02 9.954240090111067252e-01 -9.407789056355427004e-02 -6.954399847764997089e-01 3.162468541865378069e-01 9.449470996489221786e-02 9.439547725799080080e-01 1.754171238217659123e+01
9.474484403315690528e-01 -1.239609528670634897e-02 -3.196018335424911094e-01 -4.244684891091989876e+00 -2.060436741587021170e-02 9.948097391456709460e-01 -9.964895197992046372e-02 -7.696689084676546777e-01 3.191777221841759493e-01 1.009996199414598950e-01 9.422755834545841758e-01 1.822993783656701439e+01
9.451319129624883297e-01 -8.087753957801951943e-03 -3.265044206874291310e-01 -4.506270644243308254e+00 -2.701019481872679942e-02 9.943362746340491665e-01 -1.027988822414286629e-01 -8.476048141918673950e-01 3.254863401667429379e-01 1.059795186954194668e-01 9.395603115298972741e-01 1.893146529947311407e+01
9.437783290554568882e-01 -7.941852540130722379e-03 -3.305025455598774031e-01 -4.769381810663759325e+00 -2.832060878316323277e-02 9.940936883565061333e-01 -1.047411913232963732e-01 -9.261373835126042176e-01 3.293833573813555460e-01 1.082084296577883187e-01 9.379789581014956745e-01 1.962704361727358204e+01
9.411210792616556686e-01 -7.138380647973754239e-03 -3.380096343735133346e-01 -5.037302004974821834e+00 -2.973782922887736532e-02 9.941536702842177498e-01 -1.038084781647707344e-01 -1.013754762483279226e+00 3.367749427439898358e-01 1.077470329888693540e-01 9.354065363122812116e-01 2.035414337970772536e+01
9.393148864598372949e-01 -7.436869778790497834e-03 -3.430665033164654876e-01 -5.311292924113254266e+00 -2.940300445945980348e-02 9.943408797993815718e-01 -1.020693249016388360e-01 -1.097626489194376997e+00 3.418847977354951273e-01 1.059587327415302954e-01 9.337803447141397317e-01 2.108365798063221774e+01
9.370414127754744804e-01 -6.867726686542855764e-03 -3.491790509638957873e-01 -5.597593212636977178e+00 -2.996544770966862170e-02 9.945378826906861036e-01 -9.995722446395315097e-02 -1.187881842454385550e+00 3.479588212821684845e-01 1.041241945551465986e-01 9.317172729275470244e-01 2.181442827442064925e+01
9.344754188479414969e-01 -7.310864876987111655e-03 -3.558996749162250950e-01 -5.893153463026248318e+00 -2.919775692667365280e-02 9.948476307949848385e-01 -9.708044890325465137e-02 -1.270377018088346466e+00 3.547751518258748793e-01 1.011132177206316013e-01 9.294473208404724351e-01 2.254947319615200030e+01
9.298872907732620430e-01 -4.534072680988876503e-03 -3.678203816814902827e-01 -6.206890164852032932e+00 -3.103025385702395944e-02 9.953930444551442047e-01 -9.071162233363827543e-02 -1.352388110686691070e+00 3.665375830106296640e-01 9.576311557363098581e-02 9.254624816966429135e-01 2.331623340850061155e+01
9.273187527178617939e-01 -3.929532553720913209e-03 -3.742126150213858637e-01 -6.528077165117560199e+00 -3.053913546806069981e-02 9.958160141608471960e-01 -8.612487216178740801e-02 -1.438212922030555063e+00 3.729851025267282294e-01 9.129542219587244434e-02 9.233189594129477262e-01 2.406456666363484942e+01
9.236103356926971264e-01 -6.617114372718111749e-05 -3.833494523846228130e-01 -6.858285157795330989e+00 -3.382548448446932171e-02 9.960851054561521423e-01 -8.169657762639960519e-02 -1.510706675260187870e+00 3.818542171940565444e-01 8.842392237534843491e-02 9.199922042864843164e-01 2.482527840583235701e+01
9.199820044946356301e-01 7.867530735797215874e-04 -3.920001661707465668e-01 -7.198119565480339155e+00 -3.495500284224821452e-02 9.961782119298510096e-01 -8.004035112386977124e-02 -1.589555375421237926e+00 3.904394475879737758e-01 8.733545888779400967e-02 9.164936040901926484e-01 2.558759622527851008e+01
9.160926593313848398e-01 2.863659338287608165e-03 -4.009135296032446671e-01 -7.546358129074752341e+00 -3.762732188287341850e-02 9.961758017929656095e-01 -7.885015790614832709e-02 -1.664648520286460931e+00 3.991549511055653143e-01 8.731812029220405169e-02 9.126969562607510911e-01 2.635735000223130342e+01
9.126173594549126245e-01 2.396038179928603774e-03 -4.087356603514083475e-01 -7.900862385290555068e+00 -3.760435700803440445e-02 9.962352406376530078e-01 -7.811708310217560514e-02 -1.735351179557949930e+00 4.070088972545217731e-01 8.666790256569896489e-02 9.092719922116645481e-01 2.713378666839634690e+01
9.081869682233535412e-01 2.324458157337642647e-03 -4.185500404024990462e-01 -8.276319183067920804e+00 -3.755732113550763057e-02 9.964033855386967842e-01 -7.595872617548612982e-02 -1.809016813882606156e+00 4.168679102457419905e-01 8.470584511340850664e-02 9.050080325256393277e-01 2.792066087752960257e+01
9.053604403059661854e-01 1.914053909097079712e-03 -4.246201444361974442e-01 -8.660680269659565056e+00 -3.686914180616163855e-02 9.965678392100795202e-01 -7.411100939727810477e-02 -1.883909803327253663e+00 4.230207319140800171e-01 8.275395255552077389e-02 9.023238681585150633e-01 2.870606644462751333e+01
9.017372402635619455e-01 2.202416895844245149e-03 -4.322866299631522025e-01 -9.056607124224084870e+00 -3.607643974970756867e-02 9.968820854057564018e-01 -7.017013651848136302e-02 -1.951617236578775394e+00 4.307848325328522687e-01 7.886597986475861466e-02 8.990050835294429721e-01 2.950408683213274585e+01
8.973596965343683118e-01 4.333145203242961575e-03 -4.412723584423990930e-01 -9.462878911386185976e+00 -3.662294611844875425e-02 9.972336734646094492e-01 -6.466882143540600425e-02 -2.018700227511237344e+00 4.397716559626427268e-01 7.418898448249681976e-02 8.950359701728366479e-01 3.031659086022106564e+01
8.949492914326505622e-01 4.434081116479738488e-03 -4.460764030364672839e-01 -9.883175682220439739e+00 -3.472232579892405718e-02 9.976100044453500848e-01 -5.974204992212540227e-02 -2.088532045338566512e+00 4.447453806507911112e-01 6.895801884876114063e-02 8.929644167570398583e-01 3.113084450069683484e+01
8.904506430269842898e-01 3.890067015164353371e-03 -4.550745177514076145e-01 -1.031905734191702173e+01 -3.381537976304247600e-02 9.977646099653568745e-01 -5.763636162917891437e-02 -2.153996798865327023e+00 4.538332485559117280e-01 6.670891667837439143e-02 8.885915187628776746e-01 3.194958127515282698e+01
8.875232104884894779e-01 3.774988720835028341e-03 -4.607536257414754921e-01 -1.075756762554249413e+01 -3.378525559944984408e-02 9.978076548466981999e-01 -5.689639841665654341e-02 -2.216312860581685307e+00 4.595282847436093498e-01 6.606591376046834496e-02 8.857052231314568314e-01 3.278052955896225029e+01
8.848590297563794227e-01 4.068516736878575839e-03 -4.658633702116991016e-01 -1.120901655051348556e+01 -3.324061346199733841e-02 9.979644559160283368e-01 -5.444575269116676275e-02 -2.274656744554262477e+00 4.646939244066440322e-01 6.366262792021790129e-02 8.831928188205429020e-01 3.361329964972387074e+01
8.814756045378031590e-01 1.992485016914239977e-03 -4.723160859163672010e-01 -1.167105279082499081e+01 -3.113516045924948072e-02 9.980603279429338670e-01 -5.390294805833033276e-02 -2.338796633277655523e+00 4.712927054442477837e-01 6.221748961058548577e-02 8.798278380041874014e-01 3.446351077768969873e+01
8.798853515866132957e-01 7.124854362341483116e-04 -4.751596432916778134e-01 -1.213937323362497267e+01 -2.988916940810662157e-02 9.981016565813352059e-01 -5.384315504594010954e-02 -2.400632227847951938e+00 4.742190531172300050e-01 6.158017746927042790e-02 8.782363127930502555e-01 3.531875256532855900e+01
8.781812027363916640e-01 2.013383868537857186e-03 -4.783096478984545930e-01 -1.262450406573612582e+01 -3.168229686007010409e-02 9.980399377726937304e-01 -5.394600990296503917e-02 -2.466978768951515910e+00 4.772634516112749803e-01 6.252633289020798069e-02 8.765235937781767905e-01 3.618231146193967618e+01
8.761325057319576670e-01 1.485346734416445645e-03 -4.820521563624759476e-01 -1.312186463565458183e+01 -3.137154905431724372e-02 9.980511464781638420e-01 -5.395563356854093245e-02 -2.522391543755244658e+00 4.810325644266124634e-01 6.239766654966405479e-02 8.744715477944563498e-01 3.705696081821039911e+01
8.768077812508576763e-01 1.099765012924301764e-03 -4.809786551104166530e-01 -1.362229174265228515e+01 -3.071358386037731716e-02 9.980833239306140525e-01 -5.374130312568555640e-02 -2.583237223390983495e+00 4.799979795606818533e-01 6.189169002126123503e-02 8.751608700687726339e-01 3.794097578484561240e+01
8.763911113173921130e-01 1.646324283898140898e-03 -4.816300443877014059e-01 -1.412816982120814302e+01 -3.031346698216493343e-02 9.981998304269743549e-01 -5.175954985831435901e-02 -2.645539799461098962e+00 4.806780038362700180e-01 5.996042998653759032e-02 8.748632585234255021e-01 3.884590505832396445e+01
8.758415137452968402e-01 1.943703138638038733e-03 -4.827157505187218423e-01 -1.464436895488598012e+01 -3.051790337717354834e-02 9.982134202109567145e-01 -5.136214091228345074e-02 -2.712304774387205963e+00 4.817536464886627012e-01 5.971412285584272450e-02 8.743362174719694346e-01 3.974717673957129449e+01
8.754520484965176985e-01 -7.221134157618782972e-04 -4.832712601084485637e-01 -1.515724177619789259e+01 -2.771317073243223517e-02 9.982785153175272042e-01 -5.167965558850202978e-02 -2.767089724126565287e+00 4.824766678220300253e-01 5.863537198946405099e-02 8.739248874837154402e-01 4.066413498967961715e+01
8.741077738394471552e-01 -5.780355357252832177e-04 -4.856860873800178946e-01 -1.568971170127676729e+01 -2.797638394548347326e-02 9.982793987799480906e-01 -5.152984122019255847e-02 -2.836531020172311734e+00 4.848804230155542849e-01 5.862927949141313877e-02 8.725874405703023529e-01 4.158916219852716267e+01
8.726648833530208371e-01 -2.312074591596564605e-03 -4.881966283405968499e-01 -1.621448304140017882e+01 -2.530194400971764318e-02 9.984314676638436081e-01 -4.993960750587472797e-02 -2.896077628085814482e+00 4.875463956854309555e-01 5.593356536204621698e-02 8.712374187814144744e-01 4.252480701572340394e+01
8.714522620983143897e-01 -1.951237751552354184e-03 -4.905224110606060117e-01 -1.674933188048618504e+01 -2.368825504191196529e-02 9.986577563999405882e-01 -4.606373107477897133e-02 -2.960139217089819752e+00 4.899542044423663700e-01 5.175980846126476687e-02 8.702362344199887634e-01 4.345894044214480800e+01
8.678659207750374360e-01 -2.001262665967851358e-03 -4.967016207720542642e-01 -1.728940933043197603e+01 -2.164311602159895917e-02 9.988901536275175408e-01 -4.183560477278604195e-02 -3.023434915959503311e+00 4.962340735114186829e-01 4.705937439382696513e-02 8.668593240044276671e-01 4.439164683754555796e+01
8.649841057074895145e-01 -3.528692166392433192e-03 -5.016612482512268212e-01 -1.783777863970827937e+01 -1.942877269020777675e-02 9.989899112357180089e-01 -4.050798004373829669e-02 -3.084182175583743746e+00 5.012975943432688153e-01 4.478573672458657090e-02 8.640417635057062729e-01 4.529993835061573293e+01
8.589594506060056478e-01 -6.274634375670330201e-03 -5.119559572494906119e-01 -1.839024426041513749e+01 -1.789300486235801887e-02 9.989464012171822560e-01 -4.226639957551992649e-02 -3.145763530603014058e+00 5.116815032044153000e-01 4.546969666595862547e-02 8.579422364412776503e-01 4.621530817090424392e+01
8.545084930833373171e-01 -9.423452405522047062e-03 -5.194096784925011923e-01 -1.895166698942512440e+01 -1.685470967648203255e-02 9.988058491478971623e-01 -4.585658731040499758e-02 -3.207874708409958586e+00 5.192219099545675176e-01 4.793591680416040696e-02 8.533294179730808171e-01 4.712944285014458501e+01
8.478559108747518724e-01 -8.169537040437123421e-03 -5.302381486355939311e-01 -1.953780847727991343e+01 -1.805992278941917842e-02 9.988561426962881962e-01 -4.426966951774997938e-02 -3.266564418985663742e+00 5.299935400252744344e-01 4.710752858165984797e-02 8.467385165354665011e-01 4.803777419022622297e+01
8.416174971148655537e-01 -6.152828586311828891e-03 -5.401474992753458881e-01 -2.012747792481719600e+01 -1.825748747986403325e-02 9.990393434895422642e-01 -3.982409552300537198e-02 -3.323732628188363680e+00 5.398741193589290388e-01 4.337242980223483813e-02 8.406966688217092365e-01 4.894106272172543726e+01
8.378992471432946676e-01 -3.169354839142394555e-03 -5.457924830963327700e-01 -2.073224916700192111e+01 -1.914264485660148798e-02 9.991973371829340200e-01 -3.519693595891504323e-02 -3.382044861357984988e+00 5.454661140940489927e-01 3.993944577931858586e-02 8.371659989295393567e-01 4.984368812129991255e+01
8.332622976779081592e-01 -1.683961338659745741e-03 -5.528684183166858723e-01 -2.133409730806139848e+01 -2.177166646015438883e-02 9.991197478704537671e-01 -3.585460678215033475e-02 -3.433174507230603023e+00 5.524423867050215486e-01 4.191175784446630331e-02 8.324921505041895653e-01 5.073248329501416265e+01
8.297059691221680966e-01 -4.245448319511808261e-03 -5.580779551342958111e-01 -2.194938042780835374e+01 -2.218961394378829097e-02 9.989296884814385935e-01 -4.058292367440863302e-02 -3.483795561126367346e+00 5.576528878879623008e-01 4.605943419892848806e-02 8.287238232542426530e-01 5.161463835729679772e+01
8.275259285351656002e-01 -5.792984981629504398e-03 -5.613038119081937838e-01 -2.255013122810920478e+01 -2.504910707987328608e-02 9.985699059518620135e-01 -4.722861268429637965e-02 -3.551889034032905457e+00 5.607745192339433915e-01 5.314715784320353520e-02 8.261974899834928499e-01 5.249318016147280019e+01
8.242091417369287187e-01 -6.772080550899093471e-03 -5.662466275214564915e-01 -2.317264956729672321e+01 -2.529709536906180750e-02 9.984898804361024283e-01 -4.876054541551180788e-02 -3.619343561409406718e+00 5.657217543656399839e-01 5.451370489623937748e-02 8.227932335146828091e-01 5.336022867201157993e+01
8.205912987790519031e-01 -6.028182043015370764e-03 -5.714009757411813162e-01 -2.379789304342530443e+01 -2.425634098437215447e-02 9.986758970397306978e-01 -4.536319649388527442e-02 -3.678599018353208461e+00 5.709175446637803075e-01 5.108970433675976558e-02 8.193587836047405704e-01 5.424038196619910934e+01
8.181216371952821920e-01 -3.805941891955010471e-03 -5.749842299987997229e-01 -2.442849961405152825e+01 -2.333600942273938647e-02 9.989345660317253683e-01 -3.980816640213024477e-02 -3.737389905748037755e+00 5.745233051417636405e-01 4.598482815562090348e-02 8.171611782503487298e-01 5.513081457554893205e+01
8.147279337383073194e-01 -1.668287198735833631e-03 -5.799703103658269132e-01 -2.506443633076619903e+01 -2.374862675704309325e-02 9.990607935354025582e-01 -3.623485323551985798e-02 -3.796115779279058522e+00 5.794861663029519105e-01 4.329054180534665924e-02 8.139231648542810671e-01 5.600667423854518745e+01
8.121716601750189612e-01 -1.198859712202641732e-04 -5.833207085128016001e-01 -2.570849067521786679e+01 -2.616231057782595487e-02 9.989865086608589184e-01 -3.663562684241005590e-02 -3.851943250886559422e+00 5.827340102627055485e-01 4.501774817608621831e-02 8.113454098269946568e-01 5.687844339160138674e+01
8.081221132046515487e-01 -2.812334107429606544e-03 -5.888868609579082092e-01 -2.635553182833096031e+01 -2.480485823903782333e-02 9.989389315017795923e-01 -3.880602980647283179e-02 -3.905867363692020255e+00 5.883709628067261832e-01 4.597200044530774105e-02 8.071950392588707057e-01 5.774696885820309689e+01
8.046219990833088920e-01 -3.858622305683847079e-03 -5.938449859305782175e-01 -2.700316655892299522e+01 -2.529665203654790639e-02 9.988481160271029946e-01 -4.077345170478027803e-02 -3.967669296875414808e+00 5.933182696111312104e-01 4.783186947494687952e-02 8.035977679042672905e-01 5.861666566082882923e+01
8.009592252482393704e-01 -5.854771516205504490e-03 -5.987793891448502936e-01 -2.766130813743116690e+01 -2.359005858407190251e-02 9.988670857955290749e-01 -4.132089079164250750e-02 -4.023843354087383695e+00 5.983433488737073258e-01 4.721701867820157772e-02 7.999137173375794330e-01 5.947908591145537116e+01
7.964812294819816341e-01 -6.565733123787599775e-03 -6.046406953948597618e-01 -2.833034310235110809e+01 -2.233441211843463156e-02 9.989391051593836668e-01 -4.027407773089750065e-02 -4.084689157030913620e+00 6.042635960096705006e-01 4.558583478074480777e-02 7.954897424536664374e-01 6.034772711316406912e+01
7.914757038915195553e-01 -6.929151128397537975e-03 -6.111293683749103867e-01 -2.900442376471477246e+01 -2.196811070259023849e-02 9.989671364182682867e-01 -3.977994407781462738e-02 -4.145724334440144432e+00 6.107738323176070683e-01 4.491105705130012116e-02 7.905059893410912863e-01 6.120306144522247394e+01
7.860849142223481634e-01 -8.960156810834341012e-03 -6.179165448492546231e-01 -2.969399921455357827e+01 -2.099158579296234520e-02 9.989312709525203227e-01 -4.118597180852760775e-02 -4.207910286687145174e+00 6.176251397067609172e-01 4.534937180393795730e-02 7.850565849438452259e-01 6.206244233661229259e+01
7.802994705115443574e-01 -8.657870610618944099e-03 -6.252812627790774735e-01 -3.038590162851403420e+01 -2.188195304286363191e-02 9.989140348898087884e-01 -4.112861533131671743e-02 -4.269540979042713680e+00 6.249582804263829061e-01 4.577711677908103544e-02 7.792625850298604551e-01 6.291316074813833126e+01
7.757500501487172295e-01 -1.053190233950654017e-02 -6.308865793435011193e-01 -3.108612873472824845e+01 -2.071324657959759327e-02 9.988970756091353209e-01 -4.214035110098204862e-02 -4.328732636631817954e+00 6.306346179828919984e-01 4.575889782127141175e-02 7.746761350262969525e-01 6.375960483932583855e+01
7.701554548519442545e-01 -1.205730367301296665e-02 -6.377265537606660040e-01 -3.180076915803735460e+01 -2.044935694765400575e-02 9.988407509250841754e-01 -4.358370338716513470e-02 -4.386126933042139520e+00 6.375128504754926650e-01 4.660642817320274911e-02 7.690159411727397476e-01 6.460501372062428516e+01
7.651650844558394171e-01 -1.367494607578838284e-02 -6.438213115790318852e-01 -3.251865277022950096e+01 -1.947522540238886060e-02 9.988254292655799338e-01 -4.436742135438214579e-02 -4.452291795183906942e+00 6.436723915599358303e-01 4.647927901669426931e-02 7.639998870697491951e-01 6.544927725968622667e+01
7.594459908053700081e-01 -1.490365730413053570e-02 -6.505641269878646993e-01 -3.326036052389552822e+01 -1.856778306797942507e-02 9.988338855845907416e-01 -4.457170907741790644e-02 -4.512089896614634554e+00 6.504699138974836536e-01 4.592818298067255500e-02 7.582834795327383359e-01 6.629327492706198655e+01
7.528078301111529314e-01 -1.617537433525980881e-02 -6.580584619510715383e-01 -3.400686833180172641e+01 -1.675456147997254203e-02 9.989033330920079612e-01 -4.372315634819015640e-02 -4.576086876893814548e+00 6.580443484171953905e-01 4.393937276399889624e-02 7.517111566859081551e-01 6.713025501104870330e+01
7.465916175077820238e-01 -1.795962574657557209e-02 -6.650264905214001709e-01 -3.475003887665994284e+01 -1.430702250131080447e-02 9.989709710971397261e-01 -4.303575227998113900e-02 -4.639011123102766199e+00 6.651150379459257467e-01 4.164511176990703945e-02 7.455663329038675347e-01 6.795955360083831920e+01
7.390702127453269155e-01 -1.843807092018702465e-02 -6.732628363098122071e-01 -3.551516563801720849e+01 -1.439648078231694703e-02 9.989647230318174920e-01 -4.316268567519934707e-02 -4.703769329220460982e+00 6.733613290834724596e-01 4.159670204558305051e-02 7.380395809960795805e-01 6.878997574045963859e+01
7.332168794953803914e-01 -1.959745611063325524e-02 -6.797748038477653409e-01 -3.629515234315177707e+01 -1.451291647825341327e-02 9.989059973006935156e-01 -4.446269269259874729e-02 -4.773117815165782041e+00 6.799026348326401292e-01 4.246305529662899869e-02 7.321301911742021939e-01 6.960922223478880255e+01
7.283805875693680765e-01 -1.989024490608152368e-02 -6.849178251067132850e-01 -3.708140423640990235e+01 -1.481426447057874497e-02 9.988878074211914315e-01 -4.476324551777058347e-02 -4.836224204714668851e+00 6.850461286071327649e-01 4.275408688671422652e-02 7.272757319968979894e-01 7.043001856822793627e+01
7.224252441895225862e-01 -1.995993127498263756e-02 -6.913054396894462439e-01 -3.788182740095466983e+01 -1.432369452549541247e-02 9.989368327532686109e-01 -4.381523600043835120e-02 -4.895615385246321338e+00 6.914450012707377136e-01 4.155318522066774739e-02 7.213711512638435464e-01 7.124962400785481975e+01
7.182346439340057120e-01 -1.940886815713580363e-02 -6.954849221226814260e-01 -3.868515832379053165e+01 -1.503097767820792477e-02 9.989449611272644969e-01 -4.339800006386392017e-02 -4.961936946357915268e+00 6.955932811216563039e-01 4.162456168652780425e-02 7.171849522049653647e-01 7.206031367906508933e+01
7.128974389161447656e-01 -2.050901411410338201e-02 -7.010507929998577303e-01 -3.950057370724030648e+01 -1.459185686235765951e-02 9.989220628036985516e-01 -4.407163873412203031e-02 -5.029548073540633268e+00 7.011990744773105577e-01 4.164519352893304716e-02 7.118296305318965178e-01 7.287742483719982545e+01
7.072945688596490310e-01 -2.322053103145779729e-02 -7.066109885451347106e-01 -4.032817174613018807e+01 -1.510268019811946034e-02 9.987357958578833017e-01 -4.793668350259330801e-02 -5.098076302639273472e+00 7.068308362723002558e-01 4.457839814520221655e-02 7.060496847972385082e-01 7.368408837604526695e+01
7.035370836145082851e-01 -2.465262296781925433e-02 -7.101652170443788492e-01 -4.115474375614368796e+01 -1.544616105702136671e-02 9.986315193534097689e-01 -4.996017481352612449e-02 -5.164291538750148014e+00 7.104248747349187765e-01 4.612056722670971470e-02 7.021933006995322302e-01 7.449373545712150246e+01
6.980624348344862673e-01 -2.565816624808670704e-02 -7.156326751616390869e-01 -4.199754724167699038e+01 -1.536784288367161987e-02 9.985905765471250195e-01 -5.079536070680661791e-02 -5.230183559618094336e+00 7.159279992843144980e-01 4.644837391859783088e-02 6.966842383742484213e-01 7.529686153966673601e+01
6.940793332712296149e-01 -2.513768469187294130e-02 -7.193653365343707362e-01 -4.285488791227825089e+01 -1.486091925666255600e-02 9.986767625843417928e-01 -4.922824198668347001e-02 -5.307351087885776586e+00 7.196509007745033326e-01 4.486017266523905506e-02 6.927873101541028866e-01 7.610100274360065953e+01
6.889122212463979489e-01 -2.573401042653975651e-02 -7.244186400709399232e-01 -4.371991594282731342e+01 -1.340133773610790134e-02 9.987464339714310357e-01 -4.822248563462232934e-02 -5.377731443490246122e+00 7.247517121705350229e-01 4.292726936038462893e-02 6.877037410224055014e-01 7.691159689229301932e+01
6.834983478632954412e-01 -2.636747506592267837e-02 -7.293836967871365484e-01 -4.458676401444150628e+01 -1.368117781063475126e-02 9.987090768442974387e-01 -4.891843025534590300e-02 -5.453240897727260617e+00 7.297317775223202130e-01 4.341753918611821611e-02 6.822551893518555843e-01 7.771000616490090351e+01
6.791951635660830044e-01 -2.822796758822663024e-02 -7.333457652494560497e-01 -4.546222122511269248e+01 -1.201660932393305500e-02 9.986983540111005198e-01 -4.957482569759599778e-02 -5.522424134379344096e+00 7.337905414945051774e-01 4.248579907972880459e-02 6.779719013337968114e-01 7.850798783345020126e+01
6.758506868203036921e-01 -2.929384347467933747e-02 -7.365680916019766711e-01 -4.634643215785158787e+01 -1.058953024048149560e-02 9.987208962322832173e-01 -4.944054586836890697e-02 -5.596359533721934731e+00 7.370742333228474941e-01 4.121401559125816016e-02 6.746758129396924764e-01 7.930060584270746915e+01
6.701345075626959913e-01 -2.974178964080154836e-02 -7.418000037510600331e-01 -4.723980786666503917e+01 -9.811460709874084141e-03 9.987546636908115616e-01 -4.891198436215098838e-02 -5.667427143367195441e+00 7.423311456122366758e-01 4.005415171035540262e-02 6.690081890713523993e-01 8.009489278726977091e+01
6.678740970565487656e-01 -3.375888315840596537e-02 -7.435916559644658586e-01 -4.813890748673317432e+01 -5.702805840635766753e-03 9.987092964243432514e-01 -5.045892856521743547e-02 -5.742453714534723197e+00 7.443359458374892990e-01 3.793554235843370898e-02 6.668197766279032601e-01 8.089534939615184328e+01
6.621870013959942902e-01 -3.808717834914609329e-02 -7.483486069913610761e-01 -4.903926959512433115e+01 -2.218237306480967848e-03 9.986035051986510425e-01 -5.277685327982327423e-02 -5.818534395157651140e+00 7.493139546647119564e-01 3.660575904527487573e-02 6.611776316232809148e-01 8.168495317768645236e+01
6.578623783579912176e-01 -4.205976507100461781e-02 -7.520584896441098177e-01 -4.995007117265451058e+01 1.366929749073745540e-03 9.985043023989075284e-01 -5.465549744882206712e-02 -5.892216217004604850e+00 7.532328732640688473e-01 3.492359360630168524e-02 6.569361342035811013e-01 8.246131614891208983e+01
6.514461312859655129e-01 -4.581650315731410072e-02 -7.572191285812652772e-01 -5.087486185479340151e+01 6.757775808046451518e-03 9.984858537555618696e-01 -5.460117170643478263e-02 -5.969216184931122271e+00 7.585736008759745852e-01 3.045791448453089023e-02 6.507692159205394900e-01 8.326462037912440906e+01
6.418342658662103961e-01 -5.031214673025493495e-02 -7.652503841958734343e-01 -5.180581962662497375e+01 1.238812779796950175e-02 9.983951495563214706e-01 -5.526192412968987389e-02 -6.052629092941648636e+00 7.668029000835154818e-01 2.598402662305965977e-02 6.414280419291531476e-01 8.404583152489664144e+01
6.345477444673542911e-01 -5.112558340310476013e-02 -7.711556611121045401e-01 -5.275018965977852758e+01 1.349289100535907074e-02 9.983909048051430313e-01 -5.507079882405833265e-02 -6.137554438877613983e+00 7.727301975368036091e-01 2.454409659206973834e-02 6.342158059124396452e-01 8.481938190756726215e+01
6.253352130178450041e-01 -5.043519614092696612e-02 -7.787738596755313658e-01 -5.371399650258457115e+01 1.586513940053631277e-02 9.985244332864290362e-01 -5.193503346700983903e-02 -6.213348326851806824e+00 7.802443574657551562e-01 2.011791599174691386e-02 6.252129650276658790e-01 8.558530409106556647e+01
6.162067760242420089e-01 -5.044932641508879240e-02 -7.859597324911420380e-01 -5.469093633145291022e+01 1.641716699921651895e-02 9.985520643219921721e-01 -5.121511739544548636e-02 -6.296297159809533639e+00 7.874062874598967143e-01 1.864804189069278056e-02 6.161430566073486936e-01 8.634647057232220391e+01
6.078450432955204707e-01 -5.185065900289762691e-02 -7.924630039981572782e-01 -5.567863351271917338e+01 1.442742289541085535e-02 9.984224010791373782e-01 -5.424968121628684359e-02 -6.373802850740615256e+00 7.940263583958350191e-01 2.154073717371238900e-02 6.076338369821536745e-01 8.708301810876099580e+01
5.973228080635283321e-01 -5.470849186843053380e-02 -8.002629446823227299e-01 -5.666938503653335601e+01 1.615626799611588268e-02 9.982888602385695531e-01 -5.618649763652824869e-02 -6.459309729929301191e+00 8.019684688487151991e-01 2.062542466338460057e-02 5.971847408279987723e-01 8.781590003689832713e+01
5.874238893039271936e-01 -5.556654808992495670e-02 -8.073761849959347758e-01 -5.767948568577349278e+01 1.569783499801869972e-02 9.982346985364553005e-01 -5.728266428198220545e-02 -6.540185187400858524e+00 8.091336797287925764e-01 2.097718162592853222e-02 5.872590166060288608e-01 8.854195736247929460e+01
5.773113010369832487e-01 -5.699330741617673196e-02 -8.145563990066494453e-01 -5.870020839459595408e+01 1.918222757324354599e-02 9.982323695607443481e-01 -5.625139859082236432e-02 -6.628873029167427156e+00 8.163226065289973521e-01 1.684894271459859080e-02 5.773841453164265669e-01 8.926201270566383528e+01
5.674216906160286511e-01 -5.669777667763596651e-02 -8.214473123630227080e-01 -5.972847386653430846e+01 2.011675636540657952e-02 9.982834149487141984e-01 -5.500113703410470373e-02 -6.715020531112909197e+00 8.231557514483857085e-01 1.468561405007195141e-02 5.675879866860811251e-01 8.996783380160439947e+01
5.559940977851268729e-01 -5.770883748863907259e-02 -8.290819514126898104e-01 -6.077045810219391342e+01 2.090294207014953276e-02 9.982425939813267535e-01 -5.545964907966744600e-02 -6.798818183488164024e+00 8.308244044061517952e-01 1.351570498859630022e-02 5.562223975127214004e-01 9.065244932075425766e+01
5.470011990367730226e-01 -5.873406926360318081e-02 -8.350333502870942448e-01 -6.182678304724321094e+01 2.005146304295273019e-02 9.981685956696587647e-01 -5.706805655032524266e-02 -6.885337858763183938e+00 8.368561725710524923e-01 1.446870736817451424e-02 5.471772907694899546e-01 9.133892160134280402e+01
5.363189831386580009e-01 -5.889299415654947883e-02 -8.420186366018242996e-01 -6.291094306419286397e+01 1.912472256035575857e-02 9.981544704135320023e-01 -5.761796309602525146e-02 -6.969708627961208158e+00 8.438590204713725118e-01 1.479430035585822117e-02 5.364552392654982071e-01 9.200863918724940049e+01
5.267111797274112162e-01 -5.939487078401473746e-02 -8.478501694381341824e-01 -6.397986783294789603e+01 1.757525404939858441e-02 9.981029791764530756e-01 -5.901072902076816978e-02 -7.061682197486462087e+00 8.497466233293925475e-01 1.617525255163600531e-02 5.267564950115414257e-01 9.265897502282390974e+01
