1.0 0.0 0.0 0.0 0.0 1.0 0.0 0.0 0.0 0.0 1.0 0.0
0.9999124 0.013150441 0.0015549266 0.27954102 -0.013145904 0.99990946 -0.0028934572 -0.0064697266 -0.001592837 0.002872772 0.9999946 -0.0018310547
0.9998028 0.019832343 0.00090341293 0.58251953 -0.019827671 0.9997912 -0.0049166465 -0.020019531 -0.0010007245 0.0048977574 0.99998754 0.0041503906
0.99978334 0.020803068 -0.0005023617 0.8829346 -0.020806167 0.99975705 -0.007258256 -0.030761719 0.00035119316 0.007267138 0.99997354 0.010375977
0.99976075 0.021815334 -0.0016381298 1.1889648 -0.0218308 0.9997107 -0.010107495 -0.0423584 0.0014172189 0.010140831 0.9999476 0.007446289
0.99989283 0.014194465 -0.0035999275 1.5062256 -0.014237567 0.99982375 -0.012243278 -0.044799805 0.0034255546 0.012293216 0.9999186 0.0078125
0.99998933 0.0005009387 -0.0045963563 1.8258057 -0.00056362705 0.9999067 -0.013648137 -0.042114258 0.004589093 0.013650581 0.9998963 0.016967773
0.9999002 -0.01332185 -0.0046976577 2.154663 0.013260063 0.9998283 -0.012946195 -0.025390625 0.0048693237 0.012882619 0.99990517 0.022827148
0.9994292 -0.03337631 -0.005224141 2.501709 0.033325884 0.9993998 -0.009454799 -0.001953125 0.005536647 0.00927526 0.99994165 0.02709961
0.99858254 -0.052748814 -0.0070893215 2.8486328 0.052709762 0.99859416 -0.0055862973 0.036499023 0.0073740534 0.005204676 0.9999593 0.03149414
0.99727684 -0.073463246 -0.0066213803 3.2125244 0.07343292 0.9972899 -0.0047107902 0.07678223 0.0069495044 0.004211806 0.999967 0.03503418
0.99560124 -0.093479425 -0.006281053 3.5925293 0.09344385 0.99560785 -0.005738001 0.12072754 0.0067898557 0.005125867 0.9999638 0.036987305
0.9934759 -0.11393586 -0.0054931496 3.9752197 0.11389185 0.9934659 -0.0077530863 0.17089844 0.006340407 0.0070770644 0.9999549 0.044799805
0.9913688 -0.13103232 -0.004649363 4.3795166 0.13099611 0.99135697 -0.00738717 0.23754883 0.0055771293 0.006714571 0.9999619 0.05029297
0.98916996 -0.1467014 -0.00438616 4.793579 0.14667381 0.9891652 -0.0060614203 0.319458 0.0052278424 0.0053524435 0.999972 0.055908203
0.98727125 -0.15901044 -0.004257273 5.215332 0.1589854 0.9872681 -0.0056902245 0.39465332 0.0051074917 0.0049409973 0.9999747 0.061157227
0.9850963 -0.17193724 -0.0053558806 5.654663 0.17189926 0.9850934 -0.006891235 0.47753906 0.006460688 0.005867716 0.9999619 0.068847656
0.9831393 -0.18274589 -0.0068500633 6.100708 0.18267536 0.98312736 -0.009804585 0.5562744 0.0085262945 0.008388013 0.9999285 0.07678223
0.9818574 -0.18945585 -0.008679516 6.562866 0.18937081 0.9818637 -0.009759258 0.6508789 0.010370469 0.007939124 0.9999147 0.0847168
0.9802905 -0.19725788 -0.011119055 7.043091 0.19716199 0.9803301 -0.0091543505 0.75598145 0.012705898 0.006781269 0.9998962 0.08312988
0.9789638 -0.20356493 -0.013732284 7.5283203 0.20343935 0.979035 -0.010008743 0.8647461 0.015482044 0.0070048072 0.99985564 0.08959961
0.97690725 -0.21310021 -0.014857616 8.025391 0.2129061 0.9769675 -0.013627682 0.9707031 0.01741955 0.0101485485 0.99979687 0.099853516
0.9750482 -0.22152787 -0.014439701 8.546631 0.22123155 0.97502446 -0.019642815 1.0808105 0.018430492 0.015957957 0.9997028 0.11694336
0.9733301 -0.22882143 -0.016076034 9.065308 0.22847871 0.97332394 -0.020660983 1.2060547 0.02037586 0.016436683 0.99965733 0.13391113
0.9712925 -0.23686767 -0.022207517 9.5979 0.23652707 0.971482 -0.016914098 1.3516846 0.025580596 0.011175586 0.99961025 0.13562012
0.9688818 -0.2461636 -0.025642168 10.146362 0.24586791 0.9691925 -0.01415944 1.5064697 0.028338224 0.007414572 0.999571 0.14929199
0.96663266 -0.2547574 -0.026931658 10.707031 0.25437886 0.9669631 -0.01671212 1.6583252 0.030298421 0.009302895 0.99949753 0.16906738
0.96451795 -0.26248896 -0.028195715 11.279175 0.26203957 0.96487164 -0.018666314 1.809082 0.03210467 0.01061418 0.9994281 0.19470215
0.9626176 -0.268937 -0.031364303 11.854126 0.26846358 0.9630822 -0.018520702 1.980835 0.0351892 0.0094072 0.9993368 0.21447754
0.95976 -0.2787309 -0.034946956 12.448364 0.2782512 0.9603662 -0.01800612 2.1623535 0.038579695 0.007560645 0.99922705 0.23120117
0.9576053 -0.2852496 -0.039972916 13.041016 0.28467184 0.9584108 -0.01959408 2.3432617 0.043899454 0.007382581 0.9990088 0.2565918
0.9553788 -0.29167008 -0.04726401 13.655029 0.2909983 0.95652807 -0.020672686 2.5361328 0.051237136 0.0060026306 0.9986689 0.29248047
0.9538741 -0.29497197 -0.055772915 14.285156 0.2942701 0.95549756 -0.02058937 2.7384033 0.059365094 0.003227722 0.99823135 0.32373047
0.9522692 -0.29822648 -0.0650512 14.9210205 0.29750398 0.9544881 -0.020750817 2.944336 0.06827973 0.00040671043 0.99766636 0.3638916
0.95016026 -0.30289078 -0.07375465 15.563599 0.3021586 0.9530151 -0.021161065 3.1590576 0.0767 -0.0021773595 0.99705285 0.40405273
0.9484182 -0.3061687 -0.08219876 16.22107 0.3056327 0.9519504 -0.019338742 3.381958 0.08416964 -0.006785169 0.9964275 0.45947266
0.94612074 -0.31143966 -0.08894705 16.884155 0.31101498 0.9502423 -0.018942606 3.6135254 0.0904204 -0.0097331125 0.9958567 0.517334
0.9439541 -0.31557193 -0.0967312 17.56311 0.31551275 0.94877905 -0.016316485 3.8514404 0.09692411 -0.015125103 0.99517477 0.58081055
0.94226944 -0.3184751 -0.10324965 18.25232 0.31871045 0.9477164 -0.014658999 4.0977783 0.10252064 -0.019099608 0.9945479 0.65063477
0.9395435 -0.32478428 -0.1082579 18.955322 0.325616 0.9454158 -0.010401055 4.3554688 0.10572897 -0.025485065 0.9940692 0.7249756
0.9379605 -0.3286713 -0.11050922 19.652222 0.32959962 0.9440715 -0.010285819 4.6153564 0.10770967 -0.026782688 0.993819 0.80041504
0.93538535 -0.3360757 -0.110088855 20.381226 0.33711874 0.9414191 -0.009553743 4.878784 0.10685192 -0.028172098 0.9938768 0.8857422
0.93375945 -0.3411979 -0.10833055 21.112427 0.34218696 0.93961287 -0.00990437 5.149048 0.1051659 -0.027816977 0.9940638 0.96765137
0.93169475 -0.34729052 -0.106529295 21.845093 0.34831935 0.9373394 -0.00939817 5.4312744 0.10311673 -0.02835602 0.9942624 1.0561523
0.9294256 -0.3541264 -0.10355738 22.582153 0.35505918 0.9347712 -0.009913614 5.722534 0.10031228 -0.027561985 0.9945736 1.137207
0.92543465 -0.36594447 -0.09826771 23.351685 0.36704713 0.9301755 -0.0072655296 6.0303955 0.094065785 -0.029347813 0.9951327 1.2188721
0.9232904 -0.37242532 -0.0938343 24.102173 0.3734789 0.9275984 -0.0067348913 6.347412 0.08954824 -0.028830552 0.99556494 1.3039551
0.9199542 -0.38133928 -0.09100395 24.865234 0.38267505 0.9238851 -0.002968315 6.6728516 0.08521112 -0.032083258 0.99584836 1.3756104
0.91645217 -0.38994056 -0.08995982 25.629883 0.39134374 0.9202591 -0.0022034757 7.0078125 0.08364585 -0.033184003 0.99594253 1.4527588
0.91264844 -0.39867344 -0.089984305 26.401978 0.40027934 0.91637444 -0.00021574041 7.3511963 0.08254725 -0.03582888 0.99594253 1.526001
0.909223 -0.40653232 -0.08937563 27.180664 0.40810364 0.912903 -0.00076369196 7.70105 0.081899785 -0.035782084 0.99599856 1.5947266
0.9049579 -0.4164068 -0.08746442 27.970215 0.41793385 0.9084732 -0.0009395578 8.071167 0.07984934 -0.03570417 0.9961673 1.6669922
0.90227437 -0.42257094 -0.08554441 28.757812 0.4240154 0.9056448 -0.0014170134 8.451416 0.078070275 -0.034996785 0.996333 1.7404785
0.8989552 -0.4303615 -0.08169496 29.55835 0.43171427 0.9020133 -0.0012173397 8.842773 0.0742163 -0.034178227 0.9966559 1.8074951
0.89498097 -0.43939 -0.077058524 30.373657 0.4407566 0.8976233 0.0008081938 9.244141 0.06881465 -0.03469447 0.9970251 1.8743896
0.8929112 -0.44439396 -0.07185165 31.190186 0.44559985 0.8951973 0.000845728 9.660767 0.06394611 -0.03277505 0.99741524 1.9439697
0.88853925 -0.453494 -0.069647424 32.01172 0.4546104 0.89069617 0.00020174844 10.091553 0.06194394 -0.031842787 0.99757135 2.0083008
0.8856524 -0.45919394 -0.06903152 32.84485 0.4602942 0.88776964 2.4753826e-05 10.526123 0.06126877 -0.031798292 0.997614 2.0689697
0.8831397 -0.46437553 -0.06665204 33.67981 0.46542484 0.885099 0.00025792478 10.973877 0.058877677 -0.031238396 0.9977776 2.1263428
0.8797805 -0.47097212 -0.06524143 34.53247 0.47186786 0.88171583 -0.0018905333 11.431519 0.058413044 -0.029117178 0.99786747 2.1888428
0.8781926 -0.47389543 -0.06461946 35.389526 0.47470334 0.8801261 -0.0032032211 11.8967285 0.058388956 -0.02786524 0.9979046 2.2489014
0.8764747 -0.47694376 -0.06557704 36.254883 0.47786075 0.87842584 -0.001934249 12.378784 0.058524642 -0.029652024 0.9978442 2.3134766
0.87442356 -0.4807118 -0.06546632 37.13147 0.48159945 0.8763791 -0.0025033336 12.872803 0.058578316 -0.029333435 0.99785256 2.3671875
0.8751147 -0.47967705 -0.064956985 38.0166 0.48052523 0.8770522 -0.0028777125 13.37146 0.05835228 -0.028676616 0.9978851 2.4263916
0.8748167 -0.48037022 -0.063027546 38.923096 0.4811958 0.876628 -0.0023433303 13.875 0.056379296 -0.028272774 0.9980095 2.4875488
0.87428874 -0.4814492 -0.06278586 39.825928 0.4822865 0.87607765 -0.002058001 14.388672 0.055993788 -0.028474044 0.99802476 2.5527344
0.87388617 -0.48216262 -0.06171474 40.744385 0.48282212 0.8756874 -0.0047329552 14.899048 0.056323867 -0.025668873 0.99808186 2.6055908
0.87254786 -0.4845681 -0.061719067 41.671265 0.48523888 0.87434417 -0.004615374 15.428467 0.0562017 -0.025927052 0.9980826 2.6733398
0.8712048 -0.4872385 -0.059038304 42.608887 0.48775053 0.8728941 -0.006383495 15.950073 0.054646302 -0.02324528 0.99823487 2.7315674
0.87020546 -0.48966974 -0.05487538 43.545044 0.4901092 0.87166584 -0.0060571884 16.481934 0.05080024 -0.021620516 0.99847496 2.795166
0.8668316 -0.4959744 -0.050202288 44.48059 0.49632114 0.86806387 -0.0061868415 17.0177 0.04664918 -0.019557713 0.99871993 2.8581543
0.8640201 -0.5010418 -0.047953352 45.391357 0.50128096 0.8651769 -0.0077746045 17.562134 0.045384437 -0.017332133 0.99881876 2.9178467
0.8579276 -0.5114099 -0.048686713 46.31006 0.511543 0.85916257 -0.01063396 18.108765 0.047267605 -0.015780386 0.9987579 2.977295
0.8533221 -0.5189232 -0.051190417 47.22693 0.51894706 0.85472906 -0.0138609465 18.665283 0.050948393 -0.014734421 0.9985926 3.0367432
0.84672666 -0.5297092 -0.05040345 48.138916 0.5297954 0.8480764 -0.012732794 19.245728 0.049489617 -0.015920853 0.9986475 3.0947266
0.84068054 -0.5396213 -0.046703927 49.0459 0.53975236 0.8418237 -0.010839153 19.830078 0.045164093 -0.01609797 0.9988493 3.1522217
0.8371424 -0.5452469 -0.043286636 49.951416 0.5454531 0.8380887 -0.007930119 20.43103 0.04060501 -0.016969673 0.9990315 3.2110596
0.8324604 -0.55222416 -0.045282587 50.843018 0.55253285 0.83346105 -0.006523663 21.028564 0.04134467 -0.019591346 0.99895275 3.2609863
0.82869595 -0.5574035 -0.049453687 51.72754 0.5576877 0.82992893 -0.009138035 21.639893 0.04613703 -0.02001118 0.9987346 3.309204
0.826167 -0.56048596 -0.056555264 52.60791 0.5608505 0.8277843 -0.010707676 22.237305 0.05281714 -0.02287712 0.99834204 3.3741455
0.8227639 -0.56542355 -0.05794189 53.47754 0.5657744 0.8244776 -0.011742221 22.855957 0.054409847 -0.023121856 0.9982507 3.4404297
0.81932974 -0.5706404 -0.054534946 54.360596 0.57096004 0.8208457 -0.011068846 23.477417 0.05107955 -0.022071876 0.9984505 3.500122
0.8171293 -0.5742817 -0.049439166 55.253662 0.57460153 0.818351 -0.008901555 24.104858 0.04557132 -0.021140065 0.9987371 3.5600586
0.8138858 -0.5792691 -0.046759143 56.132324 0.5796295 0.81494355 -0.006829768 24.737183 0.04205946 -0.021542365 0.99888253 3.6193848
0.81129974 -0.58251864 -0.04849341 57.006348 0.5829865 0.8123942 -0.0053199073 25.378174 0.042499073 -0.023955686 0.99880964 3.6745605
0.8071573 -0.5881388 -0.049471408 57.877686 0.58851737 0.8083558 -0.00807867 26.021118 0.044743143 -0.022597833 0.998743 3.727295
0.80356085 -0.5930741 -0.051350296 58.75 0.59345263 0.8048683 -0.009180961 26.664917 0.046772175 -0.02308855 0.99863875 3.7879639
0.7998843 -0.5980929 -0.050755594 59.615234 0.59836924 0.80120826 -0.011239752 27.319214 0.047386345 -0.021380005 0.99864745 3.843628
0.7954642 -0.60401815 -0.049144275 60.48706 0.6042337 0.7967263 -0.012028355 27.98413 0.04641817 -0.020120708 0.9987196 3.904541
0.7904818 -0.6105314 -0.048490122 61.345703 0.6107233 0.7917211 -0.012475592 28.65393 0.046009436 -0.019751819 0.9987459 3.9655762
0.78503877 -0.61737263 -0.048952263 62.208496 0.61748546 0.7863393 -0.014592724 29.33899 0.04750682 -0.018776517 0.9986947 4.0272217
0.7792419 -0.624708 -0.049401063 63.062744 0.62485194 0.7805589 -0.014383814 30.026367 0.047544587 -0.019665658 0.9986753 4.088867
0.7746622 -0.63037676 -0.049402397 63.912354 0.6304365 0.7760156 -0.01633056 30.722534 0.04863307 -0.01849846 0.9986455 4.147827
0.769006 -0.63724625 -0.050271805 64.76123 0.6372544 0.7704316 -0.017943164 31.43274 0.050168153 -0.018237155 0.99857455 4.204956
0.76399595 -0.6434004 -0.050164837 65.60889 0.6433318 0.76544684 -0.019640476 32.146362 0.051035017 -0.017264545 0.9985476 4.271118
0.75828457 -0.6501964 -0.049633656 66.45654 0.65006435 0.7597308 -0.02095994 32.883667 0.051332284 -0.016359499 0.998548 4.331299
0.7517198 -0.6577751 -0.04766517 67.29761 0.65755635 0.7530889 -0.022337876 33.62549 0.050590403 -0.014549628 0.99861366 4.396118
0.74558544 -0.66484845 -0.04539091 68.13086 0.66451746 0.74686795 -0.024222063 34.364136 0.05000378 -0.01210559 0.9986755 4.459839
0.7380601 -0.67309564 -0.04536106 68.965576 0.67274886 0.73935163 -0.024814432 35.12439 0.05024557 -0.0122022955 0.99866277 4.5252686
0.7321537 -0.6796306 -0.046244312 69.788574 0.6792423 0.733509 -0.026060939 35.900024 0.05163559 -0.012325296 0.99859035 4.595093
0.7272995 -0.6847736 -0.046545964 70.61279 0.68438053 0.7286778 -0.026425269 36.682495 0.052008312 -0.012632612 0.9985668 4.6590576
0.7213968 -0.69117904 -0.045358155 71.43628 0.69077456 0.7227195 -0.026586942 37.47876 0.05115125 -0.012147175 0.99861693 4.7198486
0.7172077 -0.69533134 -0.04543474 72.250244 0.69496053 0.71853036 -0.02609667 38.278687 0.0507936 -0.012860602 0.99862653 4.7874756
0.7118567 -0.70093405 -0.045467995 73.071045 0.7005133 0.7131989 -0.027275538 39.090088 0.051547322 -0.012429119 0.9985935 4.856079
0.7060829 -0.7065452 -0.048415292 73.88135 0.7060246 0.70762247 -0.030060938 39.913574 0.055492133 -0.012953964 0.9983747 4.9246826
0.7022297 -0.71012884 -0.049964726 74.69409 0.70955306 0.7038796 -0.031542443 40.736816 0.05756776 -0.013307176 0.99825263 4.991577
0.69672406 -0.71562874 -0.050303277 75.50098 0.71500677 0.69841284 -0.032626454 41.575684 0.058482453 -0.013238405 0.99820036 5.058716
0.69282746 -0.7193613 -0.0487183 76.30859 0.7187548 0.6944217 -0.032165956 42.429688 0.056972224 -0.01273728 0.99829423 5.1380615
0.68775004 -0.72446835 -0.046794206 77.12305 0.7238116 0.6892481 -0.03284078 43.290894 0.05604323 -0.011284972 0.99836427 5.210449
0.682303 -0.72944623 -0.047290687 77.92529 0.7287665 0.68384194 -0.03354872 44.15393 0.05681364 -0.011577039 0.99831766 5.2874756
0.67803 -0.73350173 -0.046367403 78.72681 0.7327107 0.6795408 -0.035471044 45.02588 0.057532534 -0.009921884 0.9982946 5.3582764
0.6747413 -0.7367865 -0.045102548 79.522705 0.73592675 0.6761938 -0.036587216 45.90686 0.05744826 -0.008500377 0.9983123 5.434204
0.669078 -0.7420478 -0.04394892 80.321045 0.7411593 0.67047536 -0.0371175 46.796387 0.05700019 -0.007733553 0.998344 5.5074463
0.66691303 -0.7440431 -0.041840035 81.12451 0.74291205 0.6682148 -0.041167695 47.692505 0.058582667 -0.0036325161 0.99827534 5.5839844
0.66129434 -0.7490093 -0.04052251 81.91821 0.7476216 0.6625353 -0.045573883 48.588867 0.060980793 -0.00016475655 0.9981385 5.661377
0.6570757 -0.75291866 -0.03885245 82.69824 0.75128996 0.6582145 -0.049607355 49.496094 0.062922396 0.0034084339 0.9980126 5.7366943
0.6509373 -0.75826085 -0.03439696 83.5061 0.7564255 0.6517859 -0.053457133 50.416748 0.062959105 0.008782493 0.997978 5.815918
0.64162946 -0.76649016 -0.02993781 84.29297 0.76442075 0.64216596 -0.0580895 51.34253 0.06375446 0.014388369 0.99786204 5.9014893
0.6344256 -0.7724221 -0.028500445 85.07129 0.7703214 0.6348776 -0.05900245 52.282715 0.06365956 0.015473295 0.99785125 5.9890137
0.6254317 -0.77995694 -0.024074357 85.84277 0.777968 0.62564087 -0.05844506 53.241943 0.060648844 0.017824639 0.998 6.0686035
0.6163671 -0.7871273 -0.022603268 86.609375 0.7851586 0.61650866 -0.05858221 54.214355 0.060046766 0.018350696 0.99802613 6.154663
0.6078589 -0.7937368 -0.025497569 87.35083 0.7916279 0.608175 -0.06008634 55.197754 0.06318413 0.016332215 0.9978674 6.234253
0.59742844 -0.8016753 -0.024584718 88.0896 0.7993926 0.5976628 -0.06307978 56.183594 0.06525348 0.01802548 0.99770516 6.3222656
0.58750784 -0.80884075 -0.024931826 88.82129 0.8064906 0.58777523 -0.06406241 57.18921 0.06646994 0.017532323 0.99763453 6.406128
0.57765347 -0.8160409 -0.02080023 89.54736 0.81366843 0.5776468 -0.065624714 58.205322 0.06556677 0.020983776 0.99762756 6.498657
0.56786376 -0.8228857 -0.018627616 90.25903 0.82057023 0.56774783 -0.06545794 59.229248 0.06443757 0.021884827 0.9976815 6.588867
0.55650914 -0.83055896 -0.017448002 90.94995 0.8281935 0.5563229 -0.066612214 60.2666 0.06503227 0.022628268 0.9976271 6.6763916
0.5474685 -0.8365886 -0.018393371 91.641846 0.8341246 0.5473458 -0.06774588 61.318848 0.06674503 0.021741262 0.9975328 6.7663574
0.5367483 -0.84359497 -0.018706292 92.31763 0.8411036 0.53667307 -0.06803528 62.39868 0.06741882 0.020773098 0.99750733 6.8548584
0.5270499 -0.8494815 -0.02007309 92.97363 0.8469201 0.5270825 -0.06864919 63.463623 0.06891812 0.019182429 0.99743825 6.9506836
0.51702714 -0.8556983 -0.020833628 93.624756 0.85308075 0.5171316 -0.0692601 64.54761 0.07005471 0.018034318 0.99738014 7.0473633
0.50851864 -0.8610198 -0.018643422 94.2749 0.8585459 0.5085264 -0.067773946 65.643555 0.06781818 0.018447932 0.99752605 7.135498
0.50164914 -0.86497474 -0.01579296 94.909424 0.8626377 0.501509 -0.06654214 66.75244 0.06546897 0.019754788 0.99765867 7.2337646
0.49265796 -0.8700061 -0.01525061 95.53735 0.867616 0.49248713 -0.067492716 67.8645 0.06622956 0.02002567 0.99760383 7.328003
0.48502573 -0.8742208 -0.014595137 96.16284 0.87168986 0.4847854 -0.069743656 68.988525 0.06806997 0.021104835 0.99745756 7.4211426
0.4798402 -0.8771846 -0.011820688 96.77417 0.8743976 0.47931638 -0.07432981 70.1001 0.07087388 0.025339704 0.997164 7.5195312
0.4720992 -0.88131034 -0.01146529 97.37915 0.878367 0.47151765 -0.07656019 71.226074 0.072890826 0.02608427 0.9969996 7.616699
0.4687614 -0.8831886 -0.011262722 97.97827 0.8799257 0.4680601 -0.08085269 72.354004 0.07668806 0.027995128 0.9966624 7.7211914
0.4633303 -0.88623804 -0.008724213 98.57715 0.8830311 0.4624525 -0.081003144 73.48584 0.07581151 0.0298114 0.9966751 7.826416
0.4602583 -0.887654 -0.0050917463 99.16699 0.8846783 0.45917034 -0.07938517 74.6311 0.07281005 0.03204144 0.99683166 7.933838
0.45697743 -0.88958204 0.0010830476 99.75244 0.8869167 0.455514 -0.077897295 75.75781 0.06880666 0.03654068 0.9969593 8.037598
0.45248425 -0.89176 0.0031104935 100.32886 0.8892045 0.45091945 -0.077301584 76.886475 0.067516975 0.03773239 0.9970035 8.139282
0.44926393 -0.8932252 0.005204114 100.889404 0.89076895 0.44758093 -0.07694627 78.016846 0.06640139 0.03920848 0.9970225 8.236572
0.44680452 -0.89464426 0.0077749905 101.46167 0.8923165 0.44497752 -0.07647287 79.14331 0.06495614 0.04109991 0.9970409 8.332764
0.4450982 -0.8955117 0.010266276 102.01221 0.8933388 0.44315007 -0.075627744 80.25781 0.0631921 0.042829596 0.99708164 8.427856
0.4428622 -0.8965362 0.011621922 102.56372 0.89445657 0.44086075 -0.07502298 81.37622 0.06214681 0.043637414 0.9971138 8.521484
0.43981263 -0.8979518 0.0147177605 103.10669 0.8959175 0.4375656 -0.07639482 82.482666 0.062156092 0.04676853 0.9969688 8.612549
0.43685934 -0.8993639 0.018591523 103.64844 0.8975857 0.43444055 -0.075148955 83.583496 0.05952585 0.0495248 0.99699783 8.700562
0.43741053 -0.89916074 0.021861378 104.17969 0.8975335 0.43478385 -0.07544943 84.67871 0.05832342 0.052623678 0.99691 8.790161
0.43486342 -0.90036726 0.023331214 104.693115 0.8987968 0.4321439 -0.07566992 85.752686 0.058038317 0.053861503 0.9968595 8.880615
0.43228933 -0.90144765 0.023884991 105.21216 0.89985913 0.42950428 -0.07637382 86.82617 0.058577858 0.054508068 0.9967936 8.960083
0.43381456 -0.9006207 0.024216937 105.71753 0.89897037 0.4309287 -0.077786475 87.88696 0.059626598 0.05550453 0.99667543 9.050049
0.43272284 -0.9011916 0.022444172 106.20972 0.89935493 0.42987105 -0.07918994 88.934814 0.06170251 0.05443734 0.99660784 9.138428
0.43526506 -0.9000777 0.02036016 106.70044 0.89817953 0.43257254 -0.0785227 89.97778 0.06184889 0.05245834 0.9967057 9.224365
0.4398495 -0.8977618 0.017665833 107.19263 0.89573467 0.43731174 -0.078586146 91.008545 0.06281939 0.05038688 0.99675196 9.306519
0.44389606 -0.8958943 0.016216327 107.68945 0.89379674 0.44143277 -0.07874713 92.022705 0.063368194 0.0494536 0.9967647 9.395142
0.45201057 -0.89187455 0.013744193 108.19385 0.88968265 0.44968772 -0.07865762 93.03467 0.06398104 0.047776576 0.9968064 9.481934
0.45735264 -0.88904685 0.013140211 108.694336 0.8869661 0.4551484 -0.07670044 94.0332 0.06220986 0.04675453 0.996969 9.568481
0.46589702 -0.8847321 0.012451047 109.208496 0.88266957 0.46373874 -0.07619611 95.03345 0.06164479 0.04648549 0.9970147 9.645752
0.47709927 -0.87893265 0.011318831 109.73071 0.87684375 0.47498444 -0.076222174 96.03198 0.061592735 0.046286292 0.99702746 9.731445
0.48475522 -0.8747163 0.01029626 110.25635 0.8726622 0.48273176 -0.075169705 96.99634 0.060782943 0.045414113 0.9971166 9.81189
0.49499568 -0.8688295 0.008034622 110.80029 0.8666693 0.4930659 -0.07564722 97.96338 0.06175161 0.044413522 0.9971033 9.890015
0.5057902 -0.8627693 0.0046490785 111.340576 0.8603612 0.50396156 -0.07757614 98.908936 0.06456354 0.04322714 0.9969762 9.971802
0.51600677 -0.85656416 0.00070899585 111.89697 0.85398567 0.5143877 -0.077987276 99.85278 0.06643071 0.040865887 0.99695516 10.054199
0.52828336 -0.8489551 -0.0021536173 112.470215 0.8463743 0.5268719 -0.07663563 100.799805 0.0661861 0.038672168 0.99705833 10.137329
0.540277 -0.8414146 -0.002890681 113.04907 0.8390118 0.5389875 -0.07374739 101.72217 0.06361159 0.03742019 0.997273 10.2196045
0.5527876 -0.83324337 -0.0031841695 113.64331 0.83093345 0.55153227 -0.072397836 102.63623 0.062082376 0.037372462 0.99737084 10.296631
0.5642221 -0.825702 -0.003734002 114.24805 0.82346374 0.5630144 -0.07118149 103.52759 0.060868178 0.03708879 0.99745655 10.380371
0.5745714 -0.8183761 -0.005023171 114.85962 0.81613714 0.57343364 -0.07064783 104.40625 0.060701184 0.036485247 0.9974883 10.456543
0.5880966 -0.80882555 -0.006085997 115.47974 0.806479 0.5869325 -0.07208104 105.27173 0.06186674 0.03748476 0.99738044 10.533325
0.5975081 -0.8017111 -0.006067644 116.10718 0.7992568 0.59623927 -0.07405557 106.1167 0.06298325 0.039406165 0.9972371 10.608154
0.6087721 -0.79320675 -0.0068244715 116.74463 0.7907884 0.6075472 -0.07326391 106.95801 0.06226506 0.039196532 0.9972891 10.695557
0.6205526 -0.7841397 -0.0066992026 117.388916 0.7817885 0.6193115 -0.072566435 107.77734 0.061049413 0.03979704 0.9973414 10.766724
0.6292932 -0.77711636 -0.0050353426 118.02783 0.77500737 0.6280365 -0.06985699 108.58325 0.05745269 0.0400731 0.99754494 10.838623
0.63990545 -0.7684775 -0.0061608865 118.68408 0.7664437 0.6387563 -0.06802217 109.37451 0.05621985 0.038809285 0.997664 10.915283
0.64908403 -0.7605354 -0.00839841 119.32788 0.7584698 0.6480655 -0.06731648 110.14746 0.056637637 0.037318558 0.99769694 10.988159
0.6570966 -0.753813 -0.011878371 119.97778 0.751683 0.6562867 -0.06642808 110.90845 0.057854082 0.03472192 0.99772114 11.057739
0.6680917 -0.74403185 -0.012627233 120.64111 0.7419342 0.6673216 -0.0656168 111.66382 0.057239432 0.034473043 0.9977654 11.126221
0.6760107 -0.73674345 -0.012609089 121.30249 0.7347546 0.67527866 -0.063828014 112.385254 0.05554754 0.03387765 0.99788064 11.195435
0.68449247 -0.7289859 -0.010667624 121.975586 0.7271981 0.6837124 -0.061507456 113.103516 0.0521395 0.03435591 0.99804944 11.260254
0.69425905 -0.71969664 -0.011312363 122.653564 0.7178732 0.6934736 -0.06195218 113.81055 0.052434206 0.034891065 0.9980145 11.330322
0.7012576 -0.7128429 -0.012643098 123.311035 0.71109396 0.70059776 -0.059780765 114.49341 0.05147702 0.0329256 0.99813074 11.386841
0.70950913 -0.70454663 -0.0117382705 123.99512 0.7028042 0.70876014 -0.060436707 115.178955 0.050905086 0.03463922 0.9981034 11.447388
0.71546715 -0.6986614 -0.0118449 124.65747 0.6970928 0.7148263 -0.056964062 115.840576 0.048265368 0.03249988 0.99830556 11.503296
0.7228491 -0.6908935 -0.010377454 125.3313 0.68952006 0.72222245 -0.053933613 116.49707 0.044761755 0.03182791 0.99849045 11.564819
0.7309668 -0.6821822 -0.010580368 126.00659 0.68086356 0.73037183 -0.05270861 117.1355 0.043697894 0.031319693 0.9985534 11.620117
0.73736376 -0.67531234 -0.011368687 126.66797 0.6740376 0.73683506 -0.05127966 117.75244 0.043007333 0.030152356 0.99862003 11.671265
0.7457769 -0.666048 -0.012255497 127.33325 0.6648565 0.7453414 -0.04883107 118.36792 0.041666348 0.028267398 0.9987314 11.714844
0.7546327 -0.65616554 -0.010794538 128.0149 0.6551288 0.754199 -0.04614632 118.95972 0.038421698 0.027756782 0.9988762 11.767456
0.76198334 -0.64759046 -0.009612077 128.68188 0.6467296 0.76159906 -0.042339146 119.531006 0.03473227 0.026044589 0.99905723 11.81543
0.77345127 -0.6337763 -0.010482216 129.36304 0.63298494 0.77314466 -0.039823122 120.09961 0.033348024 0.024161864 0.9991514 11.859619
0.7823708 -0.6226424 -0.01171202 130.02417 0.62185085 0.7821117 -0.039088216 120.63696 0.033498358 0.023296567 0.9991672 11.897095
0.7920309 -0.610324 -0.013481568 130.70166 0.6094709 0.7918027 -0.039793104 121.15796 0.034963563 0.02330073 0.9991169 11.939575
0.8025887 -0.5962278 -0.013903825 131.39868 0.5954081 0.8023868 -0.038650993 121.67993 0.034210596 0.022740798 0.9991558 11.97583
0.8121689 -0.58319837 -0.0126582915 132.07446 0.5824665 0.81195176 -0.036963932 122.18115 0.031837393 0.02264852 0.9992365 12.013428
0.8224025 -0.5688334 -0.010491271 132.78955 0.56821203 0.82215106 -0.035072163 122.674805 0.028575405 0.022881217 0.9993296 12.049927
0.83120805 -0.5557715 -0.008394916 133.47559 0.5552443 0.8309264 -0.03352809 123.14795 0.025615398 0.02320553 0.9994024 12.08252
0.840064 -0.5426379 -0.0061838105 134.19043 0.5422096 0.8397628 -0.031757675 123.6084 0.022418179 0.023325633 0.9994765 12.11438
0.84894013 -0.5285737 -0.004039764 134.92383 0.5282199 0.84860784 -0.030889861 124.065674 0.01975184 0.024090247 0.9995147 12.143311
0.8551985 -0.5183529 -0.0023625623 135.63428 0.51804066 0.8548251 -0.031107321 124.50806 0.018140716 0.025379326 0.9995133 12.1710205
0.8614396 -0.50774586 -0.0017696004 136.36035 0.50745094 0.86104804 -0.031252846 124.93872 0.017397113 0.026024912 0.9995099 12.198853
0.8685367 -0.49571803 -0.0027777134 137.11841 0.4954354 0.8682061 -0.029354308 125.3728 0.016963087 0.024117403 0.99956495 12.220581
0.8744142 -0.48523358 -0.0030716537 137.84717 0.48497218 0.8741196 -0.027891126 125.79199 0.016217742 0.022898735 0.9996062 12.243774
0.88087666 -0.47333696 -0.0030934634 138.60156 0.47309878 0.88060755 -0.026630638 126.21045 0.015327378 0.021993568 0.99964064 12.263184
0.88594854 -0.46371555 -0.002677537 139.35815 0.46348777 0.885668 -0.026748272 126.607666 0.014775882 0.022455009 0.9996386 12.28479
0.89158577 -0.45282134 -0.0028629275 140.13306 0.4525743 0.8912764 -0.02798729 127.006836 0.015226556 0.023657685 0.99960405 12.307007
0.8952979 -0.44549352 -0.0034775697 140.91406 0.44522923 0.8949878 -0.02833311 127.40039 0.01573207 0.02381839 0.99959254 12.327148
0.8985749 -0.43879876 -0.0027170791 141.68335 0.43856537 0.8982684 -0.02762111 127.79663 0.014562329 0.023625743 0.9996147 12.3428955
0.9020305 -0.43162802 -0.00013744528 142.4895 0.4314835 0.901737 -0.025582012 128.18872 0.011165863 0.023015693 0.9996728 12.365234
0.9045676 -0.42628276 0.0027058914 143.302 0.42623445 0.9043248 -0.022079222 128.57007 0.006966416 0.021125153 0.9997525 12.380249
0.9075322 -0.4199519 0.004573025 144.1145 0.4199589 0.90734 -0.019077 128.97363 0.0038620215 0.019232634 0.9998076 12.391235
0.9108079 -0.41271377 0.0054215034 144.96094 0.41274557 0.91066414 -0.016280089 129.34839 0.0017833412 0.017066706 0.9998528 12.402466
0.9141686 -0.40525994 0.007686356 145.80737 0.4053305 0.9140626 -0.013989693 129.74048 -0.0013569612 0.015904315 0.9998727 12.407837
0.9171547 -0.39841795 0.010940165 146.68408 0.39853945 0.9170725 -0.0131804515 130.11938 -0.0047832066 0.016448323 0.99985325 12.410645
0.92077005 -0.3899704 0.012939102 147.56299 0.3901223 0.9207104 -0.01259768 130.4895 -0.007000737 0.01664767 0.9998369 12.413086
0.9235928 -0.38304096 0.014528822 148.44385 0.3832225 0.923542 -0.0128846085 130.87402 -0.008481793 0.017469442 0.99981153 12.417114
0.926621 -0.37570214 0.014141214 149.35449 0.37588778 0.9265451 -0.01418264 131.24805 -0.0077724634 0.018456722 0.9997995 12.401978
0.93089014 -0.36490738 0.015526147 150.2937 0.365135 0.9307949 -0.015884018 131.60156 -0.008654471 0.02045663 0.99975336 12.413574
0.9343979 -0.35595635 0.014463055 151.21606 0.35617888 0.9342523 -0.01795984 131.97778 -0.007118315 0.021931913 0.99973404 12.400024
0.93884623 -0.3441225 0.0125913005 152.18164 0.3443096 0.93868 -0.01848994 132.32544 -0.005456422 0.021694627 0.9997498 12.409424
0.9434545 -0.33130687 0.011701396 153.14551 0.3314684 0.9433204 -0.016826866 132.68872 -0.0054638083 0.019754589 0.99979 12.403442
0.94885135 -0.31554267 0.011626033 154.11914 0.3156776 0.9487947 -0.012548253 133.0354 -0.0070722527 0.015576382 0.9998537 12.403931
0.95531684 -0.29528582 0.0134025635 155.15674 0.29541448 0.95532984 -0.008884851 133.35278 -0.010180175 0.012446795 0.9998707 12.3927
0.96083766 -0.27677152 0.014376303 156.16797 0.27686834 0.96090317 -0.0052048033 133.65356 -0.012374228 0.008980758 0.99988306 12.392578
0.9668319 -0.25480595 0.016329842 157.21094 0.25489938 0.9669376 -0.0038878857 133.9541 -0.014799499 0.007922386 0.9998591 12.38562
0.972179 -0.23360598 0.017137859 158.27368 0.23367804 0.97231007 -0.0023042732 134.229 -0.016124964 0.0062445486 0.99985045 12.374878
0.97705865 -0.2120404 0.019717265 159.35571 0.21210955 0.9772415 -0.0014592574 134.47339 -0.018959062 0.0056077037 0.9998045 12.361572
0.981644 -0.1892795 0.023778671 160.4458 0.1893095 0.9819256 0.0010049827 134.6919 -0.02353915 0.0035134214 0.9997168 12.341187
0.9854792 -0.16761403 0.027251618 161.57007 0.16762513 0.9858521 0.0018920279 134.89795 -0.027183335 0.002702402 0.9996269 12.332275
0.98893875 -0.144857 0.031664234 162.69702 0.14477319 0.98944575 0.0049373135 135.07886 -0.032045342 -0.0002958672 0.99948597 12.298462
0.99179775 -0.12387186 0.03157728 163.83765 0.12376279 0.99229944 0.005392826 135.23877 -0.032002002 -0.0014404263 0.99948657 12.272217
0.9945172 -0.09996876 0.030732421 164.99048 0.0998525 0.9949892 0.005298597 135.36719 -0.031108113 -0.0022014559 0.9995138 12.247559
0.9963677 -0.079920515 0.029393313 166.15503 0.07978417 0.99679536 0.0057833153 135.48242 -0.02976132 -0.003416746 0.9995512 12.211426
0.99762815 -0.060961943 0.031963434 167.34619 0.060850427 0.9981368 0.004451283 135.55835 -0.032175217 -0.0024956488 0.9994792 12.182861
0.99864626 -0.039135803 0.034271196 168.54785 0.03899896 0.9992285 0.004651901 135.6206 -0.034426823 -0.0033090794 0.9994018 12.155151
0.9992061 -0.018371211 0.035357047 169.77441 0.018211206 0.99982244 0.004844512 135.65918 -0.03543974 -0.004196852 0.9993633 12.122559
0.9993286 0.00077932066 0.036633696 170.9856 -0.000988379 0.99998325 0.005690419 135.67725 -0.03662865 -0.0057228077 0.9993127 12.088013
0.99906844 0.021646246 0.0373391 172.2268 -0.021918649 0.9997359 0.0069025876 135.67041 -0.037179798 -0.0077145095 0.99927914 12.043457
0.9984368 0.04089902 0.038103245 173.47925 -0.041260056 0.9991104 0.008738704 135.63354 -0.037711985 -0.010296831 0.9992358 12.005737
0.9974292 0.06110592 0.037423436 174.7356 -0.06151772 0.9980562 0.009953523 135.57153 -0.036742564 -0.012230392 0.99924994 11.966675
0.9960142 0.08171739 0.035779744 176.02808 -0.08214415 0.99656504 0.010618117 135.48486 -0.034789078 -0.01351472 0.9993031 11.925537
0.99448323 0.09922929 0.034035154 177.30688 -0.09973421 0.99492437 0.013464125 135.37671 -0.03252663 -0.016785149 0.9993295 11.890625
0.9924765 0.11799094 0.032655597 178.57593 -0.11847748 0.9928656 0.01337759 135.23584 -0.030843833 -0.017146638 0.99937695 11.85498
0.98976636 0.13940983 0.030479312 179.9314 -0.13990162 0.99005795 0.0146445725 135.06519 -0.028135613 -0.018758312 0.9994283 11.82605
0.9873082 0.15673353 0.025882768 181.21875 -0.15715471 0.9874648 0.015121976 134.88916 -0.02318906 -0.018996205 0.9995507 11.7948
0.98413813 0.17623474 0.02038489 182.5393 -0.17659998 0.98412335 0.017763278 134.6731 -0.016930846 -0.021080837 0.9996343 11.775513
0.9809567 0.19353543 0.016286429 183.88086 -0.19384968 0.98081243 0.020647466 134.42944 -0.0119784735 -0.023411036 0.9996542 11.753662
0.977599 0.21012998 0.012472949 185.19604 -0.21036443 0.97737825 0.022094414 134.17188 -0.007548321 -0.024222825 0.99967796 11.750488
0.9734371 0.22867842 0.011066655 186.5271 -0.22888836 0.9731385 0.024644043 133.88257 -0.0051336847 -0.026521817 0.9996349 11.74585
0.96965 0.24421702 0.011847862 187.89331 -0.24443717 0.9693795 0.023599282 133.56177 -0.0057221893 -0.025778297 0.99965125 11.748169
0.9649482 0.26223844 0.011272021 189.24854 -0.2624375 0.9646776 0.02333774 133.19946 -0.0047544 -0.025476966 0.99966395 11.74646
0.9594054 0.28189462 0.0073087253 190.57324 -0.2819891 0.95911926 0.023433972 132.83008 -0.00040293907 -0.024543906 0.99969876 11.756348
0.95531464 0.29557896 0.004699166 191.91919 -0.2956006 0.9549792 0.025501708 132.43457 0.0030486337 -0.025751092 0.99966395 11.763794
0.94998306 0.31231233 0.0043153986 193.26538 -0.3123134 0.9496169 0.026718706 132.01367 0.0042435615 -0.026730234 0.9996339 11.7771
0.9435331 0.33121812 0.0054061073 194.64331 -0.33123228 0.94310284 0.028837405 131.55005 0.0044545545 -0.028999694 0.9995695 11.792236
0.93764347 0.34754968 0.0043662586 195.99951 -0.34750274 0.9371088 0.032470204 131.07544 0.0071920515 -0.03196335 0.99946344 11.800537
0.9305958 0.36609137 0.0027176011 197.32129 -0.36596647 0.93002516 0.0340757 130.57666 0.009941998 -0.032706067 0.99941593 11.823364
0.9243071 0.38161615 0.00031810423 198.6919 -0.38139576 0.9237443 0.034763124 130.02661 0.012972574 -0.03225293 0.9993956 11.845337
0.91642034 0.40009657 -0.0045633223 200.03809 -0.39969343 0.91590583 0.03585936 129.4502 0.018531555 -0.031039074 0.99934644 11.880859
0.90776545 0.41935676 -0.0082218 201.37305 -0.41876197 0.90724146 0.0389502 128.87524 0.02379453 -0.03191368 0.9992073 11.921143
0.89789 0.44011286 -0.009390779 202.70557 -0.43938196 0.89730066 0.042301144 128.26074 0.027041413 -0.033858187 0.99906117 11.963379
0.88556474 0.4644464 -0.009064554 204.04956 -0.46363765 0.8848989 0.044847034 127.58057 0.028851587 -0.035507794 0.99895245 12.012695
0.871124 0.4910051 -0.007876295 205.40869 -0.49007553 0.87027013 0.049611777 126.85449 0.031212922 -0.039359912 0.9987377 12.067871
0.8575083 0.514247 -0.007296415 206.69702 -0.51316965 0.85647964 0.054067906 126.14038 0.03406396 -0.04261697 0.9985104 12.124512
0.8438807 0.5363587 -0.007578048 207.9624 -0.5351282 0.84275407 0.057251118 125.38965 0.037093516 -0.044256624 0.99833167 12.187378
0.82779855 0.561068 -0.007215191 209.26758 -0.5597559 0.82662004 0.058928214 124.55005 0.039018754 -0.04474407 0.9982365 12.255371
0.81120074 0.58475894 -0.00798643 210.50098 -0.58331406 0.8100227 0.060503248 123.69409 0.04184674 -0.04442077 0.998136 12.326416
0.7954953 0.6057594 -0.010954366 211.74512 -0.60405296 0.79438984 0.06277822 122.81323 0.046741452 -0.043320376 0.99796695 12.405884
0.77869487 0.6272842 -0.012909742 212.96289 -0.62535334 0.77763724 0.06505628 121.87134 0.050840583 -0.042583693 0.9977985 12.491333
0.7625705 0.646774 -0.015365703 214.11084 -0.6446212 0.76161975 0.06681758 120.93579 0.054918565 -0.04104739 0.99764645 12.576416
0.74609804 0.6656937 -0.01661681 215.2898 -0.6633999 0.7452254 0.068025656 119.94849 0.05765495 -0.03972996 0.9975457 12.674683
0.7280513 0.68525153 -0.016795414 216.47778 -0.68288887 0.72722447 0.06867314 118.877686 0.05928857 -0.038524542 0.9974967 12.775879
0.7130564 0.7010177 -0.017968519 217.57153 -0.69857717 0.71234155 0.06896364 117.83447 0.061140444 -0.036624823 0.99745685 12.875366
0.6980413 0.7157897 -0.019040126 218.64697 -0.7132724 0.6974325 0.06936237 116.770996 0.06292119 -0.034830086 0.9974099 12.979736
0.6827387 0.7302307 -0.021999426 219.7395 -0.72749364 0.68231946 0.07104157 115.66748 0.06689495 -0.032501057 0.9972309 13.091553
0.6674888 0.74412644 -0.023796735 220.78857 -0.7411591 0.6671752 0.073431626 114.53027 0.07053157 -0.031376522 0.99701625 13.2126465
0.6519074 0.7578695 -0.02505133 221.81128 -0.7546971 0.6516796 0.075656645 113.38574 0.07366047 -0.030412277 0.9968194 13.325806
0.6357253 0.7715479 -0.023950858 222.80762 -0.7683708 0.63546884 0.07610223 112.229004 0.07394008 -0.029984212 0.99681264 13.453613
0.6192264 0.7849316 -0.021032447 223.802 -0.7817393 0.6187824 0.07741856 111.0188 0.073781654 -0.03149701 0.9967769 13.5789795
0.60182285 0.7984511 -0.016413273 224.77148 -0.7953723 0.60109967 0.077759504 109.81494 0.071956754 -0.03375122 0.99683744 13.708984
0.5831535 0.8122013 -0.010532535 225.69922 -0.80923337 0.58204633 0.07882728 108.5979 0.07015676 -0.037431918 0.9968325 13.828613
0.5668915 0.82367945 -0.00682534 226.5874 -0.8207114 0.56551427 0.080538146 107.37012 0.07021568 -0.040069032 0.9967281 13.955811
0.5474703 0.83691853 -0.0043516867 227.44751 -0.8338105 0.54587054 0.083405696 106.12988 0.0721879 -0.04202569 0.99650455 14.085693
0.53045607 0.8476648 -0.0015980117 228.25342 -0.844413 0.52858627 0.08652737 104.89795 0.07417763 -0.044540465 0.9962492 14.214844
0.5108346 0.8596085 0.001539941 229.04199 -0.856461 0.50881 0.08641938 103.64014 0.07350782 -0.045460716 0.99625766 14.347534
0.4906004 0.8713148 0.0054385415 229.7959 -0.8684006 0.48842764 0.08500244 102.36035 0.07142814 -0.046431143 0.99636495 14.476074
0.46996245 0.88265705 0.009266583 230.49512 -0.88005304 0.4677099 0.082387194 101.11621 0.06839338 -0.04688225 0.996557 14.597534
0.4468443 0.89456224 0.012064107 231.1853 -0.892117 0.44453046 0.08109226 99.819336 0.06717042 -0.0469858 0.99663377 14.721558
0.4268446 0.90418047 0.013640519 231.82056 -0.901836 0.42453194 0.079940766 98.546875 0.06648732 -0.046431664 0.996707 14.835571
0.40595907 0.91370064 0.016096834 232.4231 -0.9115277 0.40361735 0.07824321 97.264404 0.064974725 -0.04642182 0.9968056 14.954346
0.38467658 0.92300415 0.015674775 232.98682 -0.9208079 0.38244408 0.077511154 95.98755 0.06554371 -0.04425938 0.99686855 15.066895
0.3602658 0.9326362 0.015008418 233.52856 -0.9303166 0.35811278 0.07805093 94.68945 0.06744488 -0.042085376 0.99683535 15.181152
0.34098506 0.9398005 0.014379241 234.00317 -0.9374955 0.33897373 0.07685044 93.41162 0.0673378 -0.03970547 0.99694115 15.296875
0.31812072 0.9478587 0.015051515 234.4607 -0.94566464 0.31619444 0.07484737 92.134766 0.0662128 -0.03805467 0.9970803 15.406982
0.2988396 0.9541755 0.014390271 234.88965 -0.9519535 0.29702166 0.07434828 90.843506 0.06666715 -0.035936378 0.9971291 15.518311
0.27862057 0.96016675 0.016041256 235.29199 -0.95762765 0.27656078 0.0791921 89.573975 0.07160744 -0.03743403 0.99673057 15.633789
0.25867793 0.9657331 0.01800202 235.65869 -0.96258324 0.2562029 0.08760778 88.31421 0.079971954 -0.0399905 0.99599415 15.747314
0.24031712 0.9704235 0.020272981 235.99658 -0.96659774 0.2373627 0.09609044 87.06348 0.08843963 -0.042688407 0.99516636 15.872559
0.22126903 0.97493047 0.024850026 236.30884 -0.9708736 0.21779403 0.10019329 85.809326 0.0922613 -0.046306815 0.9946584 16.013916
0.20080233 0.97920483 0.02814449 236.59302 -0.97518504 0.19708754 0.10062768 84.5686 0.09297646 -0.047638714 0.99452657 16.142822
0.18210445 0.98271817 0.034253433 236.85718 -0.9789297 0.17789815 0.100572884 83.318115 0.09273666 -0.051814597 0.99433905 16.271118
0.1606813 0.9862885 0.037433404 237.09058 -0.9826324 0.15628964 0.09994609 82.07202 0.09276239 -0.052844614 0.9942857 16.407349
0.14258675 0.98900366 0.038098343 237.28491 -0.98547333 0.13829926 0.09813589 80.84253 0.0917622 -0.051552385 0.9944463 16.540405
