1 0 0 0 0 1 0 0 0 0 1 0
0.99987385 0.00060650869 0.015871666 -0.015883206 -0.00059781449 0.99999967 -0.00055252266 -0.0019511713 -0.015871997 0.00054296468 0.99987388 0.11721182
0.99930305 0.0030738351 0.037201777 0.011658043 -0.003053639 0.99999516 -0.00059969401 0.0027495596 -0.037203444 0.00048567529 0.99930759 0.27099195
0.99792764 0.0051907869 0.064136407 0.031755836 -0.0052247054 0.99998629 0.00036113419 0.0023736289 -0.064133659 -0.00069547958 0.99794108 0.42669484
0.9952296 0.0049043816 0.09743709 0.10276504 -0.0052347562 0.99998138 0.003135292 0.00071361121 -0.097419908 -0.0036303948 0.99523675 0.5985283
0.99084956 0.0016088831 0.13496134 0.16806497 -0.0023307281 0.99998381 0.0051906991 0.0011154768 -0.13495081 -0.0054577601 0.99083727 0.80776047
0.98465511 -0.0014277427 0.17450579 0.23452185 0.00043674533 0.99998356 0.0057171498 -0.0090239406 -0.17451109 -0.0055532061 0.98463955 0.98305673
0.97608527 -0.0019750874 0.21737902 0.31985473 0.00049345844 0.99997628 0.0068699504 -0.0087654521 -0.21738745 -0.0065983899 0.97606309 1.1914858
0.96403792 -0.0017131125 0.26575921 0.4193795 -0.00086272936 0.99995378 0.0095753484 0.0048027276 -0.26576335 -0.0094602772 0.96399188 1.4141353
0.94989867 -0.0058915834 0.31250249 0.55748666 0.00056387968 0.99985301 0.017136147 0.010143532 -0.31255754 -0.01610139 0.94976236 1.6479272
0.93278274 -0.015434061 0.36010852 0.685093 0.0069201627 0.9996655 0.024919961 -0.0028654521 -0.36037271 -0.0207529 0.93257752 1.8568811
0.91148287 -0.021138889 0.4107945 0.84465421 0.0097319524 0.99950732 0.029839656 -0.0072561924 -0.41122292 -0.023200503 0.91123952 2.0668506
0.88646146 -0.023053964 0.46222784 1.0207416 0.0084241046 0.99939683 0.03368991 -0.0021755711 -0.46272577 -0.025970951 0.88612098 2.3246384
0.85829351 -0.025078114 0.51254591 1.2103921 0.0064732947 0.99925479 0.038052081 0.020907246 -0.51311828 -0.029341994 0.85781624 2.5280287
0.82656189 -0.03039129 0.56202472 1.4537871 0.0077217857 0.99905949 0.042667471 0.021885266 -0.56279289 -0.030927471 0.82601917 2.7706178
0.79055818 -0.036026878 0.61132627 1.6602486 0.0097549091 0.99888219 0.046251544 0.024516984 -0.61230927 -0.030601104 0.79002592 2.9665929
0.75307084 -0.040613827 0.6566847 1.9267838 0.0109263 0.99872731 0.049238029 0.030679125 -0.65784874 -0.02990459 0.75255617 3.1731378
0.71303334 -0.04387222 0.69975613 2.2301647 0.012119653 0.99866248 0.050262974 0.044040496 -0.7010254 -0.027358375 0.71261136 3.4284618
0.67078632 -0.045622334 0.74024609 2.5024689 0.011156526 0.99861396 0.051436212 0.059428727 -0.74156679 -0.026244132 0.67036557 3.603859
0.62825583 -0.046172169 0.77663549 2.8701915 0.0069986668 0.99853244 0.053702742 0.082770872 -0.77797537 -0.028303648 0.62765697 3.8192604
0.58616466 -0.046878888 0.80883453 3.2075837 0.0039342969 0.99847755 0.055019128 0.098017409 -0.81018243 -0.029068073 0.58545669 4.037433
0.54649079 -0.047930986 0.83609233 3.5655592 0.0019541171 0.99843109 0.055960182 0.11555956 -0.83746287 -0.028947901 0.54572705 4.2262604
0.50815087 -0.050685716 0.85977532 3.9857534 0.0012216775 0.99830825 0.058130503 0.13397486 -0.86126724 -0.028488697 0.50735312 4.4446574
0.47012705 -0.050466936 0.88115468 4.4028594 -0.001908808 0.99830342 0.058194886 0.15489839 -0.88259672 -0.029040945 0.46923311 4.6335083
0.43438978 -0.049777263 0.89934847 4.8710953 -0.0029965562 0.99838641 0.056706179 0.18232771 -0.90072005 -0.027327533 0.43353969 4.8308253
0.40049854 -0.048623969 0.91500632 5.3726169 -0.0017323148 0.99854906 0.053821713 0.19859434 -0.9162958 -0.023140596 0.3998332 5.0003907
0.37041412 -0.046911407 0.92768132 5.8770466 0.00032373382 0.99873032 0.050374981 0.22291044 -0.9288667 -0.018359282 0.369959 5.1779454
0.34598389 -0.044836919 0.93716846 6.4205783 0.0011347769 0.99887675 0.047370289 0.24193269 -0.93823981 -0.015325879 0.34564614 5.3693731
0.3248862 -0.044400689 0.94471025 7.0015651 0.0022970919 0.99893146 0.046159075 0.27053325 -0.94575037 -0.01282636 0.32464104 5.5538119
0.30992309 -0.044819026 0.94970462 7.5805522 0.0033283017 0.99893331 0.046056109 0.29562938 -0.95075584 -0.011112948 0.30974167 5.7462187
0.29727699 -0.046261094 0.95366987 8.1921292 0.0043497836 0.99888079 0.047098298 0.31309152 -0.95478141 -0.0098529817 0.2971455 5.9157231
0.28621618 -0.048144138 0.95695473 8.8260428 0.0028707318 0.99877547 0.049389519 0.33845903 -0.95816081 -0.011388918 0.28600391 6.106804
0.27645119 -0.049765387 0.95973854 9.4875569 0.0014941116 0.99867938 0.051354212 0.36893833 -0.96102684 -0.012762976 0.27616045 6.2902126
0.26590226 -0.051653028 0.96261512 10.184814 0.00071029789 0.99857368 0.053386325 0.39871078 -0.96399977 -0.0135118 0.26555968 6.4869539
0.25604054 -0.05349503 0.96518467 10.914875 -0.00017587994 0.99846499 0.055386236 0.4261112 -0.96666607 -0.014350878 0.2556381 6.6787304
0.24517122 -0.055192145 0.96790744 11.623741 -0.00028264809 0.99837408 0.057001012 0.45727868 -0.96947979 -0.014248584 0.24475699 6.8553935
0.23476067 -0.056560378 0.97040624 12.399867 -0.0011862985 0.99828832 0.058472481 0.48868134 -0.97205252 -0.01487823 0.23429173 7.0365584
0.22451056 -0.059366438 0.97266158 13.144012 -0.0023528238 0.99810662 0.061462556 0.52339204 -0.97446886 -0.016087494 0.22394579 7.2059952
0.21316332 -0.063019502 0.97498198 13.919731 -0.0042386271 0.99784854 0.065424221 0.56333194 -0.97700743 -0.018078629 0.21243759 7.384089
0.20024408 -0.066801879 0.97746598 14.721919 -0.004288109 0.99760353 0.06905658 0.60427811 -0.9797367 -0.018019651 0.19947774 7.5264489
0.1882615 -0.069093295 0.97968548 15.48912 -0.0052325116 0.99743756 0.071350784 0.64164941 -0.98210504 -0.018558821 0.18741756 7.6923156
0.17398015 -0.069991745 0.98225861 16.297591 -0.0056460383 0.99738363 0.072069532 0.67577818 -0.98473302 -0.018084537 0.17312978 7.8471641
0.16016282 -0.0691969 0.98466216 17.087097 -0.0072723384 0.99743004 0.071277061 0.7207607 -0.98706386 -0.018576731 0.15924799 7.9672418
0.14305686 -0.068187859 0.98736268 17.89194 -0.0081483995 0.99750886 0.070069163 0.75856327 -0.98968097 -0.018069299 0.14214486 8.0657967
0.12312064 -0.066708895 0.99014703 18.734614 -0.011021229 0.99758471 0.068580434 0.79508492 -0.99233055 -0.019356303 0.12208805 8.1785405
0.097512971 -0.06532812 0.9930878 19.552593 -0.015550838 0.99762147 0.067153321 0.83802151 -0.9951128 -0.021991667 0.096265126 8.2463782
0.066814452 -0.064584644 0.99567292 20.392697 -0.019622434 0.99762481 0.066028013 0.87687152 -0.99757249 -0.023949151 0.065388446 8.3063261
0.034725993 -0.064329723 0.99732427 21.245898 -0.022540822 0.99762192 0.065133773 0.9164832 -0.99914268 -0.024742343 0.033193365 8.348367
0.00083493271 -0.063957355 0.99795224 22.066466 -0.023887978 0.99766658 0.063959032 0.95079578 -0.99971434 -0.023892462 -0.00069482893 8.3512772
-0.033237593 -0.062817961 0.99747134 22.926073 -0.024761083 0.99776824 0.062011573 0.98156314 -0.99914075 -0.022637355 -0.034718856 8.2796446
-0.066855387 -0.060774524 0.99591 23.778925 -0.027346068 0.99787987 0.059058993 1.0150009 -0.99738791 -0.02328581 -0.06837559 8.2299656
-0.099206387 -0.057467503 0.99340601 24.61439 -0.029319376 0.9980663 0.05480912 1.0460173 -0.99463488 -0.023688629 -0.10069946 8.1492554
-0.13260611 -0.053279997 0.98973571 25.463602 -0.026312555 0.99839148 0.050220568 1.0758308 -0.99081954 -0.019382921 -0.13379475 7.9975887
-0.16334953 -0.047716441 0.98541361 26.28338 -0.021978837 0.99875779 0.044719227 1.0949192 -0.98632345 -0.01435338 -0.16419536 7.8532617
-0.19424409 -0.041414428 0.98007857 27.125992 -0.016963423 0.99910081 0.038856216 1.108908 -0.98080658 -0.0090778956 -0.19477196 7.6409169
-0.22315248 -0.035709009 0.97412923 27.94748 -0.010393717 0.99935915 0.03425289 1.1242866 -0.97472818 -0.0024812053 -0.22338062 7.4655358
-0.25151308 -0.028824313 0.96742454 28.758207 -0.0019584381 0.99956954 0.029272911 1.1366997 -0.96785196 0.0054678799 -0.25146127 7.2517196
-0.27831458 -0.018947004 0.96030304 29.544418 0.0049547351 0.99976379 0.021161553 1.1339529 -0.96047724 0.010647617 -0.27815496 6.9825465
-0.30352627 -0.0036112789 0.95281619 30.327868 0.0088777847 0.99993869 0.0066179596 1.1210738 -0.95278175 0.010467623 -0.3034756 6.7038089
-0.32810847 0.013209757 0.94454765 31.113656 0.0096388541 0.99989698 -0.010635573 1.1014419 -0.94459092 0.0056147364 -0.328202 6.4503752
-0.35366372 0.027803829 0.93495928 31.86154 0.008170745 0.99961181 -0.026635746 1.0822135 -0.93533699 -0.0017807824 -0.35375361 6.1571568
-0.37739415 0.03864131 0.92524614 32.635472 0.012621552 0.99925088 -0.036583845 1.0351362 -0.92596675 -0.0021284863 -0.37759915 5.8350139
-0.40099216 0.043952111 0.91502646 33.417568 0.016044448 0.99903212 -0.040956052 0.99033239 -0.91594101 -0.0017419608 -0.40130924 5.4929301
-0.42377238 0.042719324 0.90476072 34.134006 0.018807952 0.99908682 -0.038363759 0.94331138 -0.90557346 0.00075919582 -0.42418887 5.1479123
-0.44398342 0.039570787 0.89516077 34.856637 0.022853387 0.99919947 -0.032834977 0.90069974 -0.89574355 0.0058792703 -0.44453233 4.7769467
-0.46168709 0.038207802 0.88621957 35.594284 0.029846761 0.99917533 -0.027528649 0.86189766 -0.88654062 0.013741163 -0.46244673 4.3633277
-0.47556105 0.038994621 0.87881798 36.297035 0.033788693 0.99908953 -0.026046953 0.81512337 -0.8790336 0.017307196 -0.47644564 3.975787
-0.48642564 0.042481244 0.87268859 37.004242 0.036389426 0.99893565 -0.028343764 0.76714593 -0.8729639 0.017969505 -0.48745378 3.5726931
-0.49665051 0.045041826 0.86678108 37.692336 0.038263008 0.9988179 -0.029979011 0.72871762 -0.86710684 0.018276561 -0.49778686 3.1790639
-0.50733632 0.044102837 0.86061881 38.368795 0.031541421 0.99897069 -0.032599023 0.67276185 -0.86117075 0.010606472 -0.50820519 2.7745533
-0.51868646 0.042938556 0.85388557 39.072647 0.030018599 0.99903688 -0.03200307 0.64294546 -0.85443742 0.00903289 -0.51947586 2.3738031
-0.52705401 0.044619632 0.84865959 39.747827 0.032351452 0.9989503 -0.032429765 0.60367851 -0.84921582 0.010363133 -0.52794427 1.9358685
-0.53453113 0.047771454 0.84379755 40.427991 0.036505214 0.99877448 -0.033420026 0.56128421 -0.84436006 0.012938967 -0.53561996 1.5020299
-0.53810158 0.050884837 0.84134259 41.142552 0.03678832 0.99864271 -0.036869544 0.51691758 -0.84207682 0.011112021 -0.53924319 1.0557514
-0.53806781 0.052389584 0.84127183 41.847672 0.036088791 0.99858323 -0.039104058 0.47377461 -0.84212866 0.0093198491 -0.53919617 0.6033004
-0.53500965 0.053270041 0.84316482 42.554035 0.039011027 0.99850333 -0.038330628 0.43928219 -0.84394483 0.012385471 -0.53628704 0.14867966
-0.5288265 0.052165936 0.84712525 43.318229 0.037288726 0.99857359 -0.038214253 0.39129361 -0.84791046 0.011379513 -0.53001738 -0.30829244
-0.52203539 0.050569405 0.85142335 44.057061 0.034950486 0.99867068 -0.037885725 0.35140503 -0.85220747 0.0099799717 -0.52310887 -0.76698521
-0.51466224 0.050166958 0.85592406 44.840268 0.033118764 0.99870493 -0.038621429 0.29915033 -0.85675316 0.0084701561 -0.51565719 -1.2191436
-0.50863455 0.048770651 0.85960006 45.654222 0.030499797 0.99878837 -0.038620643 0.25464025 -0.86044217 0.006573835 -0.50950577 -1.6721552
-0.50391085 0.046461187 0.86250516 46.47436 0.02565532 0.9989168 -0.03882048 0.19637534 -0.86337461 0.0025657858 -0.50455699 -2.14467
-0.50271845 0.043295204 0.86336529 47.311111 0.020573601 0.99906134 -0.038120405 0.148832 -0.86420538 -0.0014012975 -0.50313731 -2.6156062
-0.50320283 0.041207854 0.86318524 48.14115 0.01825583 0.99914642 -0.037056117 0.1018622 -0.86397552 -0.0028885793 -0.50352559 -3.0912608
-0.50428483 0.039754833 0.86262176 48.996929 0.016519766 0.99920105 -0.03639185 0.0512914 -0.86337939 -0.0041015475 -0.50453867 -3.5755954
-0.50447051 0.039184704 0.86253927 49.880523 0.016728126 0.99922573 -0.035610572 0.0031694402 -0.8632669 -0.0035358167 -0.5047354 -4.0863843
-0.50461877 0.038532598 0.86248192 50.735733 0.016608622 0.9992519 -0.034925658 -0.043449291 -0.86318255 -0.0032995056 -0.50488124 -4.5920749
-0.50499057 0.037917421 0.86229156 51.621355 0.016866704 0.99927734 -0.034063295 -0.095095883 -0.86296008 -0.0026576258 -0.50526517 -5.092428
-0.50483186 0.0374893 0.8624032 52.506588 0.016485702 0.99929299 -0.033789631 -0.15154117 -0.8630603 -0.0028407596 -0.50509298 -5.6309394
-0.5049406 0.036276827 0.8623914 53.412447 0.01503873 0.99933451 -0.033232032 -0.20007809 -0.86302311 -0.0038109297 -0.50515013 -6.1296297
-0.50538565 0.035364112 0.86216858 54.319461 0.014301272 0.99936588 -0.032608505 -0.26268369 -0.8627751 -0.0041497625 -0.50557093 -6.6480845
-0.50443402 0.034781444 0.86274939 55.206853 0.01331901 0.99938291 -0.03250239 -0.30835474 -0.86334754 -0.0049043427 -0.504586 -7.1700133
-0.50321647 0.033388497 0.8635151 56.10091 0.012914185 0.99943228 -0.031118055 -0.3635929 -0.86406393 -0.0045075237 -0.50336198 -7.6729107
-0.50102093 0.031294781 0.86486912 56.989933 0.013225076 0.99950615 -0.028505221 -0.41432947 -0.86533415 -0.0028437513 -0.50118738 -8.1991123
-0.49899539 0.03021673 0.86607764 57.885359 0.01407515 0.99954269 -0.026763739 -0.46391632 -0.86649036 -0.0011648094 -0.4991925 -8.6907506
-0.49639157 0.02960135 0.86759386 58.771559 0.013663519 0.99956107 -0.026286378 -0.52301516 -0.86799123 -0.0011939507 -0.49657815 -9.2028389
-0.49442199 0.029901057 0.86870752 59.67244 0.014285431 0.99955269 -0.026274263 -0.57347028 -0.86910464 -0.00058071146 -0.49462799 -9.7005304
-0.49312169 0.030628442 0.86942098 60.548856 0.014790742 0.99953077 -0.026822947 -0.61691934 -0.86983464 -0.00036759505 -0.49334332 -10.199087
-0.49419848 0.031622576 0.86877374 61.444173 0.013759081 0.99949755 -0.028554005 -0.67098266 -0.86924025 -0.0021578168 -0.49438527 -10.687272
-0.49698358 0.033378392 0.86711772 62.320818 0.012271302 0.99943036 -0.03143834 -0.72343091 -0.86767321 -0.0049836748 -0.49711008 -11.173226
-0.50138211 0.03386806 0.86456282 63.185121 0.010942957 0.99940189 -0.032804093 -0.78086106 -0.8651568 -0.0069865115 -0.50145285 -11.670008
-0.50685313 0.032311051 0.86142663 64.057554 0.010614155 0.99945546 -0.031243099 -0.8321417 -0.86196712 -0.0066923454 -0.50692008 -12.184549
-0.51204626 0.030565324 0.85841384 64.929746 0.014191187 0.99953131 -0.027124974 -0.88760199 -0.85884067 -0.001707329 -0.51224003 -12.703208
-0.51728435 0.028725508 0.85533133 65.781941 0.011794367 0.9995809 -0.026437037 -0.93117303 -0.85573235 -0.0035873732 -0.51740636 -13.227106
-0.52243674 0.030959702 0.85211577 66.627794 0.013040819 0.99951385 -0.02831968 -0.98435299 -0.85257835 -0.0036829529 -0.5225865 -13.732584
-0.52770638 0.033192426 0.84877805 67.454165 0.013338501 0.99943683 -0.03079123 -1.0341082 -0.84932215 -0.004927301 -0.52785194 -14.236748
-0.53261242 0.033476535 0.84569691 68.300633 0.012009097 0.99941578 -0.031998203 -1.0863978 -0.8462741 -0.0068865831 -0.53270328 -14.760547
-0.5357411 0.033760859 0.84370707 69.119397 0.010639176 0.99939094 -0.033234819 -1.1417386 -0.84431531 -0.0088289098 -0.53577399 -15.283743
-0.53920074 0.032633919 0.84154473 69.945463 0.010589357 0.99943268 -0.031971699 -1.1998389 -0.84211073 -0.0083277453 -0.53924041 -15.805931
-0.54221249 0.026195577 0.83983293 70.767411 0.012488079 0.99965474 -0.023118097 -1.2438567 -0.84014863 -0.0020470197 -0.54235242 -16.328104
-0.5440844 0.018575362 0.83882481 71.599401 0.013726351 0.99981817 -0.013237198 -1.2769048 -0.83891824 0.0043118519 -0.54424044 -16.861276
-0.54559377 0.015899538 0.83789891 72.416403 0.013758472 0.9998552 -0.010013975 -1.3199416 -0.83793687 0.0060646474 -0.54573352 -17.389654
-0.54726729 0.020932573 0.83669605 73.218502 0.013641246 0.99977749 -0.016090081 -1.3542699 -0.83684676 0.0026080023 -0.54743106 -17.904007
-0.54823875 0.026095572 0.83591461 74.000186 0.014205918 0.99965944 -0.021890333 -1.3978777 -0.83620124 -0.00012619319 -0.54842276 -18.420548
-0.54932677 0.031218134 0.83502423 74.799963 0.020511315 0.99950454 -0.02387386 -1.4298875 -0.83535588 0.0040128958 -0.54969493 -18.938616
-0.54908054 0.032001767 0.8351565 75.603426 0.023604208 0.99946184 -0.022778884 -1.4729859 -0.83543609 0.0072057666 -0.54954043 -19.482079
-0.54803554 0.029490861 0.83593497 76.389952 0.02343226 0.99952735 -0.019900124 -1.5190371 -0.83612681 0.0086818711 -0.54846755 -20.005238
-0.54797063 0.02435026 0.83614305 77.188818 0.021516348 0.9996558 -0.015011249 -1.5450142 -0.83622084 0.0097650219 -0.54830594 -20.514873
-0.54721147 0.018330317 0.83679361 78.00081 0.019838338 0.99976334 -0.0089271864 -1.5793338 -0.83675929 0.011715537 -0.54744561 -21.03198
-0.54687061 0.011757228 0.83713455 78.797712 0.010895188 0.99991666 -0.0069259944 -1.6147605 -0.83714628 0.0053331165 -0.54695313 -21.531044
-0.54535788 0.0064920604 0.83817813 79.603733 0.0023237332 0.99997787 -0.00623334 -1.6390815 -0.83820012 -0.001451698 -0.5453609 -22.04016
-0.54398423 0.0071575159 0.83906488 80.380079 0.0053665003 0.99997284 -0.0050508954 -1.6631882 -0.83907831 0.0017552353 -0.54400787 -22.538265
-0.54044822 0.010616921 0.84131026 81.179317 0.011247716 0.9999222 -0.0053931195 -1.6891055 -0.84130213 0.0065481175 -0.54052559 -23.049935
-0.53436201 0.013535811 0.8451473 81.966707 0.011746515 0.99989413 -0.0085872433 -1.7222577 -0.84517414 0.0053388395 -0.53446444 -23.551453
-0.52685119 0.015519207 0.84981581 82.757276 0.016759162 0.99982859 -0.0078687191 -1.7461309 -0.84979233 0.010096558 -0.52702098 -24.035773
-0.51948342 0.018443902 0.85428142 83.555233 0.024741058 0.99967251 -0.0065380008 -1.7784478 -0.85412231 0.017739444 -0.51976961 -24.529351
-0.5095273 0.018184188 0.86026228 84.355921 0.023261923 0.99970236 -0.0073537928 -1.8020209 -0.86014003 0.016264398 -0.50979865 -24.993608
-0.49893878 0.015026984 0.86650691 85.177594 0.018730954 0.99980308 -0.0065532367 -1.8303558 -0.86643483 0.012960839 -0.499122 -25.454655
-0.4870184 0.012728736 0.87329891 85.990853 0.021179304 0.99977188 -0.0027609347 -1.8509492 -0.87313492 0.017151238 -0.48717689 -25.901697
-0.4755298 0.011475213 0.87962473 86.815885 0.020714475 0.99978373 -0.0018444008 -1.8765835 -0.87945573 0.017343898 -0.47566466 -26.340003
-0.46466071 0.010204986 0.88542996 87.639866 0.020071283 0.99979806 -0.00099001427 -1.8968393 -0.88526133 0.017311696 -0.46477171 -26.758027
-0.45216349 0.012185259 0.8918518 88.449852 0.02385613 0.99971418 -0.0015640539 -1.9119886 -0.89161602 0.020568925 -0.45232495 -27.169817
-0.44024173 0.014779514 0.8977576 89.27712 0.022786057 0.9997264 -0.0052843845 -1.9470484 -0.89759015 0.01812995 -0.44045805 -27.561533
-0.42869343 0.024882231 0.90310727 90.112951 0.025375804 0.9995579 -0.015494051 -1.9703878 -0.90309362 0.016274876 -0.42913531 -27.954866
-0.41578209 0.03006238 0.90896724 90.939485 0.026059855 0.99943696 -0.02113413 -1.9983917 -0.90909087 0.014900363 -0.41633141 -28.320958
-0.40471523 0.025937773 0.9140748 91.794655 0.022448621 0.99957821 -0.018424677 -2.0316305 -0.91416722 0.013062972 -0.4051268 -28.693328
-0.392246 0.022523832 0.91958451 92.639926 0.02396789 0.99961101 -0.014260528 -2.0737674 -0.91954809 0.016446866 -0.39263328 -29.036983
-0.38262945 0.023108413 0.92361282 93.472459 0.021246359 0.99964287 -0.016208823 -2.1042517 -0.9236576 0.013421438 -0.38298377 -29.371032
-0.37587711 0.027331714 0.92626633 94.319769 0.016384049 0.99960471 -0.022847122 -2.1489978 -0.92652471 0.0065882834 -0.37617633 -29.699174
-0.37019413 0.031676517 0.92841415 95.164864 0.0072902827 0.99948675 -0.031194524 -2.1869808 -0.92892585 -0.0047796274 -0.37023506 -30.028197
-0.36675567 0.034161677 0.92968983 96.008396 0.0055418924 0.99938807 -0.034536519 -2.2288623 -0.93030083 -0.0075142224 -0.36672056 -30.344428
-0.36316427 0.034081208 0.93110156 96.859709 0.0052271972 0.99938958 -0.034541958 -2.2748461 -0.9317105 -0.007677353 -0.36312074 -30.669953
-0.35828265 0.033488875 0.93301231 97.713184 0.0033509624 0.99939615 -0.034584816 -2.3290631 -0.93360719 -0.0092646497 -0.35817852 -30.990657
-0.35280315 0.029751607 0.93522441 98.538296 0.001749265 0.9995136 -0.031136899 -2.3720659 -0.93569597 -0.0093492402 -0.3526836 -31.285885
-0.34723522 0.026684203 0.9373983 99.400076 0.0034937468 0.99962496 -0.027161391 -2.4152623 -0.9377716 -0.0061563584 -0.34719822 -31.611163
-0.34171863 0.023188654 0.93951615 100.25922 0.00053314699 0.99970017 -0.024480169 -2.4590883 -0.9398022 -0.0078644288 -0.34162854 -31.913583
-0.33586169 0.021752303 0.94166007 101.10453 -0.004209644 0.99968865 -0.024594212 -2.5046961 -0.94190195 -0.012224307 -0.33566555 -32.192165
-0.32970662 0.021085101 0.94384792 101.96017 -0.016734858 0.99946296 -0.028173362 -2.5407582 -0.94393515 -0.025084104 -0.32917669 -32.470893
-0.32277148 0.025025445 0.94614598 102.80078 -0.013151507 0.99943529 -0.030921488 -2.5881258 -0.94638559 -0.02242382 -0.32226009 -32.748802
-0.31594995 0.028681914 0.94834218 103.65549 -0.011864384 0.99934536 -0.034177208 -2.6378463 -0.94870171 -0.022049783 -0.31540283 -33.024031
-0.30931512 0.026952497 0.95057753 104.50185 -0.013259625 0.99937886 -0.032650842 -2.6799398 -0.95086719 -0.0227037 -0.30876561 -33.291369
-0.30253728 0.02188335 0.95288627 105.36611 -0.013999508 0.99952654 -0.027399241 -2.7207816 -0.95303478 -0.02162923 -0.30208768 -33.554733
-0.29535997 0.019290911 0.95519122 106.21714 -0.014101616 0.99959918 -0.024548206 -2.7617821 -0.955282 -0.020720296 -0.29496956 -33.81288
-0.28927968 0.022122939 0.95698891 107.06858 -0.016742018 0.99946306 -0.028165618 -2.808126 -0.95709825 -0.024169666 -0.28875397 -34.053989
-0.2825577 0.025082931 0.95892227 107.9356 -0.016515951 0.99938268 -0.031007887 -2.8540779 -0.95910815 -0.02459903 -0.28196901 -34.300759
-0.27584384 0.025913637 0.96085305 108.785 -0.017996263 0.99932207 -0.032117529 -2.8889933 -0.96103402 -0.026151186 -0.27519049 -34.533148
-0.26915717 0.024978579 0.96277225 109.65301 -0.018239569 0.99935212 -0.031026761 -2.9381152 -0.96292358 -0.025911626 -0.26852719 -34.767245
-0.26129158 0.024806283 0.96494108 110.50337 -0.015096203 0.99944244 -0.029781052 -2.9800391 -0.9651419 -0.022348484 -0.26077141 -34.992753
-0.25353065 0.026084844 0.96697555 111.36527 -0.010829753 0.99949716 -0.029801581 -3.02896 -0.96726677 -0.01802772 -0.25312067 -35.214803
-0.24653404 0.026768469 0.96876434 112.2484 -0.0091848483 0.99950904 -0.029955379 -3.07203 -0.96909065 -0.016282973 -0.24616713 -35.444175
-0.24006911 0.025627683 0.97041742 113.09736 -0.015569402 0.99942124 -0.030245316 -3.1102212 -0.97063098 -0.022369784 -0.23953116 -35.633796
-0.23425447 0.023400168 0.97189361 113.96781 -0.021304113 0.99934665 -0.029196057 -3.1603437 -0.9719419 -0.027544637 -0.2336029 -35.825923
-0.22943305 0.0239242 0.97303033 114.85624 -0.016934096 0.99944844 -0.028566678 -3.195855 -0.97317716 -0.023031529 -0.22890137 -36.034634
-0.22466384 0.024037189 0.97413977 115.70288 -0.015347377 0.99948442 -0.028202107 -3.2436382 -0.9743155 -0.021286483 -0.2241791 -36.225846
-0.21988481 0.025487013 0.9751928 116.59687 -0.015071064 0.99945059 -0.029519195 -3.2872156 -0.97540946 -0.021188015 -0.21937989 -36.421126
-0.21421956 0.024617198 0.97647524 117.44584 -0.0093614297 0.99958472 -0.027253507 -3.3227984 -0.97674072 -0.014979438 -0.21390015 -36.609706
-0.2090316 0.023601721 0.97762399 118.31877 -0.0013764944 0.99970062 -0.024429008 -3.365411 -0.97790796 -0.0064521278 -0.20893653 -36.798096
-0.20410939 0.022448852 0.97869062 119.21447 0.00079663919 0.99974051 -0.022765544 -3.4099909 -0.9789478 -0.0038669972 -0.20407431 -36.987474
-0.20000902 0.023881906 0.97950292 120.06019 -0.0010407098 0.99969716 -0.024586781 -3.4436138 -0.97979354 -0.0059369555 -0.1999236 -37.150237
-0.19615791 0.026114124 0.98022449 120.93023 -0.0030100633 0.99962457 -0.02723332 -3.482679 -0.98056774 -0.008292568 -0.19600566 -37.319436
-0.19444871 0.025101201 0.98059143 121.81602 -0.0054982945 0.99962894 -0.026678819 -3.5259801 -0.98089732 -0.010579242 -0.19423854 -37.482951
-0.19371807 0.024025001 0.98076298 122.66629 -0.006682272 0.9996446 -0.025807395 -3.5686301 -0.98103452 -0.011553083 -0.19348868 -37.63904
-0.19245861 0.019551971 0.98111025 123.55349 -0.0061293566 0.99975803 -0.02112595 -3.6041792 -0.98128599 -0.010079445 -0.1922922 -37.810053
-0.19162829 0.014483647 0.98136066 124.40307 -0.0049965794 0.99986375 -0.0157324 -3.6409449 -0.9814549 -0.0079182187 -0.19152982 -37.967587
-0.19073581 0.012489629 0.98156191 125.2739 -0.0021925389 0.99991114 -0.013149159 -3.6730519 -0.981639 -0.0046601274 -0.19069148 -38.131501
-0.18973009 0.016755717 0.98169326 126.14276 -0.0052022562 0.99982318 -0.018070591 -3.7088527 -0.98182255 -0.0085355539 -0.18960937 -38.297783
-0.18954794 0.020887003 0.98164924 126.97576 -0.0047912343 0.99974213 -0.022197119 -3.743809 -0.98185982 -0.008910729 -0.18939899 -38.446289
-0.1895746 0.019959061 0.9816634 127.83626 -0.0083221092 0.9997248 -0.021933411 -3.774067 -0.98183109 -0.012327527 -0.18935633 -38.607591
-0.18922526 0.019095418 0.98174797 128.7042 -0.0094382212 0.99972934 -0.021264315 -3.8136324 -0.98188839 -0.0132897 -0.18899382 -38.76576
-0.18815018 0.019577996 0.98194508 129.53683 -0.0033444466 0.99978273 -0.02057447 -3.853451 -0.98213462 -0.0071551522 -0.18804382 -38.929941
-0.18760222 0.022160848 0.98199502 130.39053 -0.0057075101 0.99970399 -0.023650861 -3.8936266 -0.98222854 -0.0100417 -0.18742021 -39.082292
-0.18785562 0.023477926 0.98191597 131.21724 -0.015562845 0.99951762 -0.026876197 -3.9222756 -0.98207339 -0.02033025 -0.18739962 -39.222062
-0.18738915 0.024626148 0.98197697 132.05071 -0.02033215 0.99937428 -0.028942391 -3.9603042 -0.98207535 -0.025389193 -0.1867712 -39.362092
-0.18756124 0.027781544 0.98185991 132.89178 -0.021538404 0.99924328 -0.032387806 -4.0117784 -0.98201678 -0.027222392 -0.18682094 -39.515763
-0.18660356 0.029023034 0.98200646 133.71119 -0.01618577 0.99933706 -0.032610899 -4.054771 -0.982302 -0.021979841 -0.1860101 -39.667677
-0.18513554 0.03024641 0.98224738 134.54208 -0.016610867 0.99928711 -0.033901956 -4.0981434 -0.98257264 -0.022592437 -0.18450114 -39.813715
-0.18296363 0.029334921 0.98268189 135.36198 -0.012822626 0.9993985 -0.032221362 -4.1385979 -0.9830361 -0.018495899 -0.18247743 -39.970896
-0.17978171 0.026648462 0.98334547 136.18212 -0.0034811047 0.99960951 -0.027725651 -4.1864788 -0.98370041 -0.0084076927 -0.17961874 -40.122248
-0.17754409 0.022112858 0.98386434 136.99425 0.0042058597 0.99975544 -0.021711045 -4.2186154 -0.9841039 0.00028332863 -0.17759367 -40.276205
-0.17343447 0.02201285 0.98459933 137.81683 0.00755705 0.99975049 -0.021020432 -4.2513223 -0.98481646 0.0037949998 -0.17355755 -40.419411
-0.16891194 0.025952899 0.98528936 138.61411 0.0028658565 0.99966198 -0.025840173 -4.3039357 -0.98562702 -0.0015410151 -0.16892923 -40.548224
-0.16246415 0.029680049 0.98626792 139.41449 0.0060484609 0.99955868 -0.02908367 -4.3378886 -0.98669595 0.0012403502 -0.16257197 -40.676596
-0.15460422 0.029816919 0.98752641 140.21663 -0.00024006587 0.99954332 -0.030217335 -4.3801911 -0.9879765 -0.0049087982 -0.15452646 -40.790393
-0.14459265 0.026394971 0.98913911 140.9963 0.0092326214 0.99963662 -0.025325466 -4.4050203 -0.98944823 0.0054704717 -0.1447838 -40.90968
-0.13248566 0.02507037 0.99086777 141.82066 0.018924772 0.99956182 -0.022759972 -4.4462176 -0.99100428 0.015736578 -0.13290206 -41.017374
-0.11911418 0.026898306 0.9925161 142.59543 0.016447287 0.99954926 -0.025115034 -4.4865047 -0.99274437 0.013332642 -0.11950289 -41.106344
-0.10485181 0.028448601 0.99408083 143.39342 0.01622307 0.99950667 -0.026892729 -4.5218415 -0.99435557 0.013307293 -0.10526161 -41.182279
-0.090833049 0.028325569 0.99546318 144.18645 0.018445233 0.99947179 -0.026756559 -4.556997 -0.99569534 0.015931172 -0.091307543 -41.250386
-0.077503677 0.029720429 0.99654894 144.95256 0.021869525 0.99936575 -0.028103596 -4.5940094 -0.99675222 0.019615921 -0.078104494 -41.3047
-0.063466018 0.035767367 0.99734281 145.74287 0.020207708 0.99919872 -0.034548003 -4.6435438 -0.99777943 0.017961389 -0.064137942 -41.345305
-0.050758788 0.044811886 0.99770504 146.50139 0.011729401 0.9989507 -0.044271094 -4.6898423 -0.9986421 0.0094553364 -0.051231144 -41.363338
-0.037081687 0.053268554 0.99789144 147.24769 0.0036216146 0.99857887 -0.053170669 -4.7367594 -0.99930572 0.001642321 -0.037221909 -41.3767
-0.023889763 0.054458971 0.99823014 148.02952 0.0028876464 0.99851475 -0.054405389 -4.7868986 -0.99971047 0.0015828047 -0.024011541 -41.387064
-0.012094296 0.050395638 0.99865606 148.80129 0.0027475757 0.99872705 -0.050365944 -4.8383107 -0.99992313 0.0021347434 -0.012217368 -41.376536
-0.00060778297 0.047697086 0.99886162 149.57701 0.0045298645 0.99885173 -0.047693856 -4.8890596 -0.9999896 0.0044957212 -0.00082314794 -41.367054
0.0080393242 0.053544067 0.99853308 150.32054 -0.0021229646 0.99856406 -0.053528634 -4.9569776 -0.99996547 -0.0016895156 0.0081414508 -41.342779
0.014421111 0.062398686 0.99794707 151.07235 -0.010173764 0.99800839 -0.0622555 -5.0081446 -0.99984429 -0.0092550836 0.015027218 -41.319741
0.017760196 0.065722164 0.99767985 151.82249 -0.015135379 0.99774062 -0.065456732 -5.0610042 -0.99972775 -0.013937737 0.018714798 -41.296824
0.017809798 0.061509373 0.99794756 152.58647 -0.016727543 0.99798454 -0.061213124 -5.1152704 -0.9997015 -0.015603016 0.018802802 -41.27301
0.016213777 0.055890612 0.9983052 153.33288 -0.010691074 0.9983891 -0.055721671 -5.1878362 -0.99981143 -0.0097694958 0.016785188 -41.258138
0.013243707 0.053444473 0.99848295 154.09133 -0.010427584 0.99852365 -0.05330834 -5.2377953 -0.99985797 -0.0097057638 0.01378145 -41.241335
0.010409046 0.053423893 0.99851763 154.84186 -0.011289163 0.99851441 -0.053306035 -5.2908226 -0.99988214 -0.010717563 0.010996692 -41.231701
0.006933281 0.053849184 0.99852497 155.58237 -0.011608609 0.99848606 -0.053766479 -5.3466232 -0.99990862 -0.011218707 0.007547897 -41.225143
0.0023963563 0.051904565 0.99864913 156.33832 -0.0092872148 0.99861013 -0.05188025 -5.4047073 -0.99995404 -0.0091503447 0.002875073 -41.220756
-0.0033640257 0.052375199 0.99862177 157.06759 -0.011571067 0.99855857 -0.052410862 -5.452126 -0.99992744 -0.01173143 -0.0027531412 -41.210978
-0.0092991569 0.050492526 0.9986811 157.79916 -0.01214835 0.99864492 -0.050603814 -5.5005185 -0.99988301 -0.0126029 -0.0086731565 -41.213616
-0.014844426 0.047637663 0.99875433 158.55594 -0.0092107225 0.99881554 -0.047777479 -5.5529509 -0.99984743 -0.0099084776 -0.014388068 -41.228435
-0.020278715 0.047649721 0.9986582 159.28473 -0.011446934 0.9987871 -0.047888311 -5.603761 -0.99972888 -0.012402688 -0.019708677 -41.239269
-0.02558635 0.048893404 0.99847618 160.00543 -0.011599753 0.99872145 -0.049202661 -5.6507151 -0.99960536 -0.012840993 -0.024986487 -41.254325
-0.029674071 0.051111823 0.99825195 160.72036 -0.013560989 0.99857928 -0.051531695 -5.7042151 -0.99946768 -0.015066439 -0.028938787 -41.268919
-0.032425916 0.053232127 0.99805552 161.43543 -0.013877375 0.99846043 -0.053704585 -5.75991 -0.99937784 -0.015591811 -0.031637273 -41.285867
-0.034138786 0.05512332 0.99789573 162.15446 -0.013696014 0.99835821 -0.055617417 -5.816053 -0.99932329 -0.015565905 -0.033327769 -41.309004
-0.033082241 0.053001161 0.99804627 162.88314 -0.0065202372 0.99856021 -0.053244579 -5.8631208 -0.99943141 -0.0082689477 -0.032689031 -41.338369
-0.029051484 0.049289073 0.99836192 163.58415 -0.002453101 0.998777 -0.049380948 -5.9063771 -0.99957495 -0.0038836717 -0.028895045 -41.358643
-0.021983402 0.048814873 0.99856585 164.29247 -0.0014856924 0.99880457 -0.048859249 -5.9632136 -0.99975727 -0.0025576534 -0.0218846 -41.368495
-0.01122277 0.050127324 0.99867974 164.98988 -0.0005864432 0.99874218 -0.050137047 -6.0160954 -0.99993689 -0.0011483447 -0.011179259 -41.371949
0.0026723159 0.050537599 0.99871854 165.66443 0.00089532979 0.99872163 -0.050540149 -6.0654528 -0.99999607 0.0010292426 0.0026236503 -41.361676
0.018293011 0.048294789 0.99866556 166.36019 0.00096391457 0.99883142 -0.048320465 -6.1079847 -0.99983225 0.0018465559 0.01822508 -41.34135
0.034484428 0.043393278 0.9984627 167.06046 -0.0039821267 0.99905498 -0.043281484 -6.1536907 -0.99939734 -0.002483467 0.034624636 -41.294693
0.050560368 0.036962282 0.99803675 167.72468 -0.0050114809 0.99931172 -0.036755619 -6.1922568 -0.99870848 -0.0031432637 0.050710803 -41.247205
0.067932963 0.029460025 0.9972548 168.4021 -0.0053838657 0.99956022 -0.02916138 -6.2321476 -0.9976754 -0.0033880662 0.068061695 -41.189002
0.085926878 0.02169226 0.99606523 169.10028 -0.0054139378 0.99975835 -0.021305647 -6.2645031 -0.99628678 -0.0035619067 0.086023553 -41.11549
0.10323377 0.015720845 0.99453284 169.75604 -0.007877399 0.99985665 -0.014987316 -6.2981364 -0.99462597 -0.0062871342 0.10334281 -41.033894
0.1205778 0.013096843 0.99261744 170.41575 -0.0077753567 0.99989476 -0.012248352 -6.3283837 -0.99267347 -0.0062410746 0.12066694 -40.939346
0.13911976 0.012311029 0.99019899 171.04644 -0.0081381482 0.99990317 -0.011288295 -6.3465569 -0.99024217 -0.0064879605 0.13920648 -40.832382
0.15655686 0.011549835 0.98760137 171.68975 -0.0085283117 0.99991015 -0.010341856 -6.3684793 -0.98763217 -0.0068034831 0.15664129 -40.720239
0.17284974 0.011218565 0.98488427 172.33346 -0.013488733 0.99986832 -0.0090219357 -6.3824991 -0.98485588 -0.011725401 0.1729783 -40.591399
0.1873326 0.0076384741 0.9822668 172.95387 -0.016069544 0.99985978 -0.0047105869 -6.4007315 -0.98216513 -0.014902133 0.18742907 -40.452686
0.19956485 0.0035162837 0.97987827 173.58743 -0.01286358 0.99991679 -0.00096835735 -6.4226974 -0.97980023 -0.012411492 0.19959347 -40.316242
0.21053442 0.0016927179 0.97758494 174.21474 -0.0091172788 0.99995841 0.00023205557 -6.4384824 -0.97754397 -0.0089617695 0.2105411 -40.176176
0.22014751 0.005433494 0.97545142 174.80918 -0.013927222 0.99990007 -0.0024264739 -6.4581947 -0.97536721 -0.013051146 0.22020118 -40.026396
0.22892433 0.012433693 0.97336477 175.41322 -0.017048199 0.99981628 -0.0087620393 -6.4772104 -0.97329497 -0.014588272 0.22909424 -39.87577
0.23831606 0.022381463 0.97092968 175.99584 -0.017211742 0.99967474 -0.018819436 -6.4936438 -0.97103517 -0.012226417 0.23862376 -39.717933
0.24659395 0.029296536 0.96867593 176.57674 -0.012606368 0.99955537 -0.027021271 -6.5079802 -0.96903693 -0.0055482026 0.24685363 -39.567643
0.25277574 0.027678441 0.96712887 177.18135 -0.012160355 0.99960265 -0.025429496 -6.5290245 -0.96744851 -0.0053326698 0.25301188 -39.401814
0.25890225 0.020336644 0.96568937 177.7865 -0.014504898 0.99974745 -0.017165102 -6.546886 -0.96579465 -0.0095631418 0.25913185 -39.224391
0.26346184 0.009430433 0.96462368 178.40033 -0.018394529 0.99981952 -0.0047505306 -6.5707961 -0.96449447 -0.016492214 0.26358776 -39.048159
0.26536098 0.0002999808 0.96414904 179.01044 -0.017901255 0.9998291 0.0046158478 -6.595666 -0.96398297 -0.018484343 0.265321 -38.873316
0.2663864 -0.0009365913 0.96386583 179.61003 -0.01382892 0.99989289 0.0047935381 -6.6146849 -0.96376715 -0.014606157 0.26634491 -38.707495
0.26747559 0.0024342237 0.96356152 180.21767 -0.01262172 0.99991987 0.00097759554 -6.6145957 -0.96348201 -0.012423286 0.26748487 -38.536719
0.26904755 0.0019974071 0.96312478 180.81665 -0.0090426569 0.99995901 0.00045225691 -6.6276595 -0.96308448 -0.0088308849 0.26905459 -38.376462
0.27116028 4.1079399e-05 0.96253417 181.43026 -0.010125622 0.99994479 0.0028098635 -6.6255746 -0.96248099 -0.01050818 0.27114572 -38.192042
0.27324851 -0.0040224147 0.96193503 182.04255 -0.010692177 0.99991678 0.0072184724 -6.6411204 -0.96188409 -0.012257615 0.27318276 -38.014043
0.27664359 -0.0096822624 0.96092377 182.66551 -0.0085970412 0.99988429 0.01254986 -6.6523431 -0.96093418 -0.011732939 0.27652834 -37.832535
0.28073664 -0.012749459 0.95970012 183.27971 -0.0076567747 0.9998502 0.015522647 -6.6604401 -0.95975434 -0.011705983 0.28059697 -37.643643
0.28706145 -0.014089869 0.9578085 183.88906 -0.0066797193 0.99983806 0.016710102 -6.6555512 -0.95788892 -0.011194717 0.28692084 -37.453356
0.29495573 -0.01730528 0.95535416 184.52299 -0.0052071564 0.99979202 0.019717883 -6.658458 -0.95549677 -0.010790581 0.29480427 -37.257369
0.30472028 -0.019714489 0.95223779 185.12686 -0.0025507153 0.99976528 0.021514706 -6.6622081 -0.95243851 -0.0089848542 0.30459847 -37.050204
0.31540747 -0.017852284 0.94878836 185.76366 -0.0039032437 0.99979016 0.02010949 -6.6663792 -0.94894835 -0.010046035 0.3152716 -36.839308
0.32693069 -0.014201976 0.94494156 186.3638 -0.004606697 0.99985125 0.016621064 -6.6658634 -0.94503713 -0.0097869949 0.32681663 -36.611671
0.33845352 -0.01039635 0.94092564 186.98085 -0.006073612 0.999894 0.013232591 -6.6662172 -0.94096355 -0.010193434 0.3383545 -36.379439
0.34966999 -0.0096414077 0.93682328 187.59845 -0.0055027744 0.99990866 0.012344572 -6.662077 -0.93685681 -0.0094716528 0.349585 -36.143566
0.36144358 -0.012889445 0.93230485 188.22413 -0.0043059382 0.99987071 0.015492929 -6.6685195 -0.93238408 -0.0096142661 0.36134134 -35.883861
0.37218939 -0.015043437 0.92803485 188.83788 -0.0038753467 0.99983474 0.017761524 -6.6680808 -0.92814875 -0.010207107 0.37206959 -35.629966
0.3836551 -0.014872533 0.92335665 189.47556 -0.0073470088 0.99978951 0.019156324 -6.6744591 -0.92344727 -0.01413333 0.38346507 -35.35061
0.39337019 -0.016407876 0.9192337 190.08772 -0.0097329133 0.99971039 0.022009378 -6.6661372 -0.91932869 -0.017604655 0.39309657 -35.065033
0.40026381 -0.015172009 0.91627431 190.73266 -0.014075263 0.99964321 0.022701077 -6.6640263 -0.9162919 -0.021983221 0.39990745 -34.770199
0.40511235 -0.017645214 0.91409658 191.36787 -0.014088783 0.99957454 0.025539147 -6.6552551 -0.91415839 -0.023224731 0.40469139 -34.473574
0.40682093 -0.023054642 0.91321692 192.01049 -0.0083504891 0.99954586 0.028954047 -6.6466139 -0.9134698 -0.01940492 0.40644366 -34.192571
0.40764289 -0.020717103 0.91290635 192.66317 -0.007466494 0.99963356 0.026019289 -6.6500531 -0.91311094 -0.017422788 0.40733883 -33.90095
0.40634568 -0.020901268 0.9134803 193.32978 -0.0044013506 0.99968196 0.024831505 -6.6408626 -0.91370886 -0.014110721 0.40612445 -33.607696
0.40514442 -0.019664541 0.91404116 193.99601 -0.0017503338 0.99975014 0.022284298 -6.6393643 -0.91425106 -0.010628236 0.40500877 -33.31212
0.40535017 -0.02076615 0.91392556 194.66749 0.0011989533 0.99975317 0.022184552 -6.6285906 -0.91416075 -0.0078967571 0.40527501 -33.013826
0.40450902 -0.027454549 0.91412178 195.34667 0.0051653324 0.99960193 0.027736126 -6.6219225 -0.91451946 -0.0064977694 0.40448981 -32.719952
0.40381339 -0.030358068 0.9143375 196.03373 0.0057221583 0.99951352 0.030658936 -6.6153754 -0.91482352 -0.0071485043 0.40379065 -32.413718
0.40165155 -0.032873597 0.91520232 196.72006 0.0067117105 0.99943435 0.032953624 -6.6042691 -0.91576802 -0.0070933002 0.40164499 -32.116992
0.40023754 -0.032982406 0.91581767 197.41049 0.0057689582 0.999423 0.033472188 -6.5958253 -0.91639331 -0.0081135116 0.40019687 -31.802855
0.39886 -0.033105822 0.91641401 198.095 0.0044618552 0.99940635 0.034161976 -6.5832206 -0.91700102 -0.0095369382 0.39877092 -31.496839
0.39646139 -0.032335715 0.91748172 198.7914 0.0034740219 0.9994252 0.033722539 -6.5764392 -0.91804486 -0.010182332 0.39634583 -31.208494
0.39577155 -0.02920028 0.91788461 199.47574 0.0043779532 0.999543 0.029910367 -6.5733016 -0.9183386 -0.0078192161 0.39571852 -30.899828
0.39498868 -0.022995791 0.9183981 200.15668 0.0036165876 0.99971785 0.02347652 -6.5714479 -0.91867891 -0.0059514918 0.3949604 -30.60442
0.39367935 -0.019791305 0.91903471 200.83862 0.0013070827 0.99977925 0.020970225 -6.5611132 -0.91924694 -0.0070542895 0.39361831 -30.304109
0.39255957 -0.022654431 0.91944749 201.53618 0.00071028954 0.99970376 0.024328621 -6.5537055 -0.91972635 -0.0088973583 0.39245937 -29.991847
0.39122466 -0.025745917 0.91993497 202.22403 -0.00025982763 0.99960547 0.028086127 -6.548054 -0.92029521 -0.011227009 0.39106362 -29.693696
0.38856011 -0.025130533 0.92108058 202.90103 -0.0046085324 0.9995625 0.029215935 -6.5483905 -0.92141189 -0.015596976 0.3882743 -29.407746
0.38443752 -0.025196835 0.92280705 203.59572 -0.0073311161 0.99951259 0.030345357 -6.5450873 -0.92312194 -0.018431099 0.38406541 -29.106571
0.37752155 -0.026119371 0.92563232 204.27597 -0.0077518265 0.99947794 0.03136474 -6.5387274 -0.92596839 -0.019016206 0.37712199 -28.828235
0.3689731 -0.026594034 0.92905949 204.97228 -0.0070586329 0.99948156 0.031413158 -6.5249729 -0.92941331 -0.0181485 0.36859409 -28.546043
