7.776564904292392333e-01 -6.283288942318647763e-01 2.128810857361268169e-02 -6.595539677398194556e+01 6.273647314556571875e-01 7.777698904402469138e-01 3.856800811733768902e-02 2.571216808310547819e+01 -4.079064376607109688e-02 -1.663725331689186113e-02 9.990291913568987159e-01 -8.886391011872465384e-01 -4.809208017785018303e-24 -1.416202385148814181e-23 -3.430527606006730092e-24 9.999999999999997780e-01
7.495462410128929109e-01 -6.613745790359299992e-01 2.764233688547581072e-02 -6.555757668972640317e+01 6.606244911985332813e-01 7.500338922953430076e-01 3.200690608256600428e-02 2.609131373847121083e+01 -4.190124356295212710e-02 -5.729451400134102056e-03 9.991053293694971416e-01 -8.965400512810810518e-01 -4.809208017785018303e-24 -1.416202385148814181e-23 -3.430527606006730092e-24 9.999999999999997780e-01
7.210606712456224532e-01 -6.927781525334408830e-01 1.139911203409462934e-02 -6.520456497913731653e+01 6.924301899411265948e-01 7.210908141866386734e-01 2.384260375351076461e-02 2.648596485693646230e+01 -2.473742995761406965e-02 -9.298874555821498578e-03 9.996507342522619188e-01 -9.042067051373241515e-01 -5.493327545015565953e-19 8.185148905377269836e-20 -1.085931203709972992e-20 9.999999999999997780e-01
6.909766940473724972e-01 -7.227360207217357058e-01 -1.427769710681118381e-02 -6.486994868580705997e+01 7.228728878233230404e-01 6.909048456627154833e-01 1.026071584970966559e-02 2.689739488300329384e+01 2.448741173024729899e-03 -1.741087565545915150e-02 9.998454205903912761e-01 -9.110025272931415730e-01 -2.942318702026113366e-18 7.844355046812269712e-20 3.378656151012032784e-20 9.999999999999998890e-01
6.562335052798844437e-01 -7.540115408330879676e-01 -2.870858475411651803e-02 -6.453020527228693481e+01 7.540671491039953045e-01 6.567038360763356453e-01 -1.108180151402144917e-02 2.731975187807808680e+01 2.720884397114462644e-02 -1.437595120798488765e-02 9.995263932666401674e-01 -9.292863958979714623e-01 -5.686690352966088613e-18 1.299223000604041281e-18 1.662178972420920326e-19 9.999999999999997780e-01
6.189670095871750988e-01 -7.849152640257731628e-01 -2.806901035044636131e-02 -6.419419390750798016e+01 7.842039570300863849e-01 6.196017218602454246e-01 -3.343441409939504338e-02 2.776806229790897973e+01 4.363478911442332520e-02 -1.317029674336757166e-03 9.990466808972314761e-01 -9.410832059947811246e-01 -7.253092812254109677e-18 -4.786006538660375160e-19 3.619251012136122662e-19 9.999999999999994449e-01
5.861544580354963729e-01 -8.099109282404964860e-01 -2.161572672202133338e-02 -6.387024688624777014e+01 8.089741548420975592e-01 5.865264166415745661e-01 -3.933928544219676693e-02 2.825717171603843525e+01 4.453951192617822130e-02 5.572333281629314981e-03 9.989920825407841987e-01 -9.535255472175107050e-01 -7.207334570695660010e-18 -6.703881346183134400e-19 5.320943559112725595e-19 9.999999999999992228e-01
5.574225746597967213e-01 -8.300842547342495159e-01 -1.549849353698099820e-02 -6.356692501429200348e+01 8.297492874155264486e-01 5.576379191978223515e-01 -2.358115998295902058e-02 2.876542323315337057e+01 2.821689729688667270e-02 2.848069428410603490e-04 9.996017835077815050e-01 -9.248977892558027936e-01 -7.536072314710416797e-18 -6.473800869589423701e-20 6.913194951093980255e-19 9.999999999999990008e-01
5.285796456796073572e-01 -8.488459481989282240e-01 -8.007146774376902587e-03 -6.328118061242871306e+01 8.488061942686955241e-01 5.286353352617620960e-01 -8.528005849527457022e-03 2.928002896723102921e+01 1.147182393115091237e-02 -2.288785470213488583e-03 9.999315770175264406e-01 -8.788928250061348590e-01 -8.217582079983588270e-18 3.074758799365295466e-18 8.596181789285574103e-19 9.999999999999987788e-01
4.987519716114232615e-01 -8.667208584468333310e-01 -6.436174864112281964e-03 -6.300987659614511216e+01 8.667062525533376638e-01 4.987860573285067267e-01 -5.721957674063344809e-03 2.979828255531900538e+01 8.169614352007848607e-03 -2.724435325837281513e-03 9.999629167391588247e-01 -8.717168496098846031e-01 -1.140116979279722134e-17 1.027700173331628712e-17 1.059036362697182884e-18 9.999999999999986677e-01
4.712771514176173349e-01 -8.819741365268229938e-01 -4.412374580253157312e-03 -6.274802683134474535e+01 8.818537482930570715e-01 4.712873905782847261e-01 -1.490510326655145219e-02 3.032179774788530935e+01 1.522541208554121367e-02 3.133365546575689158e-03 9.998791771244990301e-01 -8.666225263330562534e-01 -1.456234169696027833e-17 1.925577405517492159e-17 1.265147406030108615e-18 9.999999999999987788e-01
4.458720430621835873e-01 -8.950798302943127061e-01 -5.497146153247532349e-03 -6.250114687200205310e+01 8.948268217944591596e-01 4.458800001170368787e-01 -2.181706884178204187e-02 3.085670700073367101e+01 2.197908580387505223e-02 4.808627236862594856e-03 9.997468664073462241e-01 -8.622274048905548272e-01 -1.684491130130827432e-17 2.875475655352690964e-17 1.425723848797621751e-18 9.999999999999988898e-01
4.225990078457655397e-01 -9.062971767541228019e-01 -5.958689054490015451e-03 -6.226003601719841640e+01 9.060526002820268321e-01 4.226254288877258625e-01 -2.136427812097460924e-02 3.141513134331079371e+01 2.188067846169167510e-02 3.629637025171114553e-03 9.997540005646906591e-01 -8.577833015154622265e-01 -1.858262822926592712e-17 3.851652343842172729e-17 1.554373620193990465e-18 9.999999999999991118e-01
4.030524976570528661e-01 -9.151619494056351112e-01 -5.224030288227538357e-03 -6.202902633870807136e+01 9.150553045209377512e-01 4.030854306220139627e-01 -1.399733147226416702e-02 3.198955973940237030e+01 1.491555565494663040e-02 8.613827842079251063e-04 9.998883858807351421e-01 -8.508110670288132615e-01 -1.996872382411083453e-17 4.796246221025476161e-17 1.711069877315536868e-18 9.999999999999995559e-01
3.857871642072180363e-01 -9.225846948125496771e-01 -2.396837613727691250e-03 -6.180097415941614258e+01 9.225698907497490442e-01 3.857945611697086163e-01 -5.230033828937678299e-03 3.257410502458542112e+01 5.749836079312429377e-03 -1.935702958693585050e-04 9.999834508208506056e-01 -8.455868461196203167e-01 -2.238668754613930993e-17 5.738486314953821574e-17 1.875697213022588183e-18 1.000000000000000000e+00
3.696195695976631779e-01 -9.291822691300648529e-01 1.297884701201105877e-03 -6.157763356364547747e+01 9.291816640555838891e-01 3.696211272070051290e-01 1.287441300365038677e-03 3.316278863992823034e+01 -1.675993235088414418e-03 7.301071670894756322e-04 9.999983289936891229e-01 -8.424569236317177578e-01 -2.494900837805593222e-17 6.832519829211830404e-17 2.032998600901716429e-18 1.000000000000000444e+00
3.554485311250534796e-01 -9.346945407932930605e-01 1.567524229364934208e-03 -6.136334830956363362e+01 9.346888670709426750e-01 3.554518587225753423e-01 3.270765091821229570e-03 3.375816511980975321e+01 -3.614345676463936227e-03 3.025587985065456335e-04 9.999934224601023658e-01 -8.442669947901844107e-01 -2.687002834507082000e-17 7.955721285631924023e-17 2.161789808335810118e-18 1.000000000000000888e+00
3.425620548557882783e-01 -9.394951945210945343e-01 1.343305628986666666e-04 -6.115830631673772899e+01 9.394929465074013386e-01 3.425615416271565183e-01 2.143282727031619629e-03 3.435859174932689797e+01 -2.059620307261424057e-03 -6.080047187672498084e-04 9.999976941445470890e-01 -8.490563624439609880e-01 -2.850809793059639457e-17 8.720575376191932236e-17 2.290340974441851986e-18 1.000000000000001332e+00
3.302750948729414326e-01 -9.438735677306786531e-01 -4.588011113313555933e-03 -6.096128840287535411e+01 9.438846588622878953e-01 3.302694452179538720e-01 1.960693710649926823e-03 3.497266348527340085e+01 -3.353670828513152075e-04 -4.978121605850248724e-03 9.999875528396093838e-01 -8.533206458457982535e-01 -3.125036088555348381e-17 9.590997185312253986e-17 2.425975025205766371e-18 1.000000000000001998e+00
3.198802759038986143e-01 -9.474276996168818910e-01 -7.573842238454900691e-03 -6.076473043896469761e+01 9.474579443755101194e-01 3.198719832733561419e-01 2.314726005627452954e-03 3.559858831232708809e+01 2.296244030581379950e-04 -7.916332191595321088e-03 9.999686389868504000e-01 -8.582028147226087311e-01 -3.462095506300588577e-17 1.064548492305695017e-16 2.613266062380552570e-18 1.000000000000002220e+00
3.117880857683781870e-01 -9.501038829031018818e-01 -9.528969791145891835e-03 -6.057069525210442862e+01 9.501515305926521160e-01 3.117777274582357316e-01 2.591828195585289731e-03 3.622954548694968935e+01 5.084145140572527127e-04 -9.862066383773055930e-03 9.999512393918349451e-01 -8.612645436918735520e-01 -3.857228636907850918e-17 1.200442124467853464e-16 2.857688117205925640e-18 1.000000000000002442e+00
3.057369597663788241e-01 -9.520497135895865659e-01 -1.123629328274081997e-02 -6.037406328950894618e+01 9.521144449784508801e-01 3.057366146251303540e-01 1.790569997434183743e-03 3.686932064906123685e+01 1.730634615979863679e-03 -1.124568056977920914e-02 9.999352676910074900e-01 -8.601223048828229301e-01 -4.230074728324931680e-17 1.320337227834893868e-16 3.117929076441938171e-18 1.000000000000002442e+00
3.011675590978552530e-01 -9.534843583971134295e-01 -1.287166030545715094e-02 -6.017553733534055738e+01 9.535689817900880882e-01 3.011687567371897911e-01 1.891278182279824624e-03 3.751790058011683726e+01 2.073237767155231611e-03 -1.284360764515799294e-02 9.999153681325996246e-01 -8.606806948239771327e-01 -4.588144421680888878e-17 1.418007963311933473e-16 3.398751066642760514e-18 1.000000000000002442e+00
2.979015055369810816e-01 -9.545091278595373430e-01 -1.292353788855102152e-02 -5.997734721524329160e+01 9.545933736100360445e-01 2.979084611603382560e-01 1.428225773341511686e-03 3.817156601450346898e+01 2.486776747825662510e-03 -1.276219424013746995e-02 9.999154675968930928e-01 -8.656765097327886460e-01 -4.850513996723966491e-17 1.517446126223378896e-16 3.685735763000947948e-18 1.000000000000002442e+00
2.956009644807313652e-01 -9.552366882361139622e-01 -1.195572020799345360e-02 -5.977328508059797230e+01 9.553028846805290408e-01 2.956283105338682327e-01 -5.482079153524560414e-04 3.883047630832097497e+01 4.058117679829748893e-03 -1.125928321461877255e-02 9.999283775462696200e-01 -8.693473665240603054e-01 -5.098199652043955991e-17 1.602881268286941897e-16 3.977922383660697315e-18 1.000000000000002220e+00
2.947867372353883408e-01 -9.554974543287824140e-01 -1.119796058473148705e-02 -5.956852369596891350e+01 9.555498765388655835e-01 2.948240046275847348e-01 -1.799928298118243968e-03 3.949959546765526852e+01 5.021254490077601933e-03 -1.016961486397099240e-02 9.999356808999193547e-01 -8.674005952875580849e-01 -5.208503686425379711e-17 1.657223710892315043e-16 4.230446738505494018e-18 1.000000000000001998e+00
2.944405384547723603e-01 -9.556078719795744192e-01 -1.087953698722731767e-02 -5.936178542590760543e+01 9.556589601982521387e-01 2.944723433419924041e-01 -1.410956921497157329e-03 4.017894261849331627e+01 4.552044292310203702e-03 -9.981684088953736086e-03 9.999398206269345390e-01 -8.667117691216535968e-01 -5.288580772719331312e-17 1.702377597764022480e-16 4.462791022101445507e-18 1.000000000000001554e+00
2.934344298773564064e-01 -9.559000312101542107e-01 -1.230307664355252857e-02 -5.915420627228773043e+01 9.559744368850896512e-01 2.934493017637835877e-01 6.191256290022634614e-04 4.086892522445850062e+01 3.018507042509074954e-03 -1.194309954224669068e-02 9.999241226155470841e-01 -8.678626412904725251e-01 -5.307095366546334160e-17 1.705606296949687769e-16 4.672328251287180499e-18 1.000000000000000888e+00
2.929505572223907173e-01 -9.560676542118488053e-01 -1.070568040153600971e-02 -5.894611736361540721e+01 9.561273066290773004e-01 2.929234639846914900e-01 4.051884178312556081e-03 4.156520186780318937e+01 -7.379304139683634176e-04 -1.142299509579323968e-02 9.999344831746005413e-01 -8.700108938027819594e-01 -5.341971373812736290e-17 1.698338939790441414e-16 4.893591951420030272e-18 1.000000000000000222e+00
2.924208310250979714e-01 -9.562672021395006716e-01 -6.564731128980695780e-03 -5.872871655175332251e+01 9.562857656277172769e-01 2.923929473315614591e-01 4.888640765200972550e-03 4.226911869835633695e+01 -2.755365743564222418e-03 -7.707299328964333125e-03 9.999665021872378157e-01 -8.739085209518653308e-01 -5.393953936838920162e-17 1.719857974889796156e-16 5.130099336758628206e-18 9.999999999999996669e-01
2.918784344056185587e-01 -9.564532212120852028e-01 -2.053085936097606180e-03 -5.850679879877304046e+01 9.564546561083883125e-01 2.918748060360601970e-01 1.894309888396021515e-03 4.297064715931013268e+01 -1.212574735358794590e-03 -2.516591807479124678e-03 9.999960982064318715e-01 -8.808461914597622844e-01 -5.307837631632558900e-17 1.723825805654554540e-16 5.332944152768834259e-18 9.999999999999988898e-01
2.914676370835368457e-01 -9.565806824612917980e-01 1.203109942442553309e-04 -5.828480398582697575e+01 9.565765555808615206e-01 2.914660052409133173e-01 -2.976760305070996846e-03 4.368056207118835488e+01 2.812444839267399816e-03 9.827159687518004574e-04 9.999955622017775436e-01 -8.806254306433006773e-01 -5.300406074961203766e-17 1.750435118558537682e-16 5.529226548805032302e-18 9.999999999999983347e-01
2.912896611315083928e-01 -9.566281316003042434e-01 -3.598770443572319334e-03 -5.806878134582740358e+01 9.566140430527731997e-01 2.913060906258345129e-01 -5.507649087792679254e-03 4.440619334820665642e+01 6.317115805340311682e-03 -1.838313107634226024e-03 9.999783570921497722e-01 -8.802669671086159608e-01 -5.170182249968996455e-17 1.737453124184735615e-16 5.720538435901161257e-18 9.999999999999972244e-01
2.909055043625018433e-01 -9.567014859198207377e-01 -9.810931164047857062e-03 -5.784997577704367444e+01 9.567034964021449150e-01 2.909785564010115566e-01 -7.063971025380180215e-03 4.514562295617717780e+01 9.612882163538814112e-03 -7.331204093669173132e-03 9.999269203011480478e-01 -8.819485094089672961e-01 -5.120234567983675537e-17 1.731985714279556754e-16 5.913175770133835870e-18 9.999999999999958922e-01
2.903535819325468448e-01 -9.568800655720105519e-01 -8.679721754864413649e-03 -5.762436666457612233e+01 9.568687683672014721e-01 2.904196010651459714e-01 -7.656072135754949694e-03 4.588223690178359959e+01 9.846704136688042355e-03 -6.082386697200917181e-03 9.999330212517225647e-01 -8.813364292906613606e-01 -5.140500904277737290e-17 1.762369488590315101e-16 6.126504034408625173e-18 9.999999999999946709e-01
2.897623051720000786e-01 -9.570900520888621088e-01 -4.054465913266966544e-03 -5.739041672180759690e+01 9.570616921146942735e-01 2.897857416727394608e-01 -7.559193719451138931e-03 4.662449831658763344e+01 8.409755522460456503e-03 -1.690004610187009369e-03 9.999632092713980347e-01 -8.824049864158968193e-01 -5.196879296787145403e-17 1.771293001904356657e-16 6.329849284622758701e-18 9.999999999999933387e-01
2.900798564595528650e-01 -9.569933460775376100e-01 -4.172821541273056059e-03 -5.715993227406946886e+01 9.569904310745535048e-01 2.900953046974050209e-01 -3.745533901623746692e-03 4.738761437693657541e+01 4.794966957823096343e-03 -2.906846349036745943e-03 9.999842791444558676e-01 -8.785159628222120043e-01 -5.308986409182527866e-17 1.782124186784290650e-16 6.523424528454151866e-18 9.999999999999922284e-01
2.911957258384839098e-01 -9.566459685260316759e-01 -5.791386378028321250e-03 -5.693081120709167919e+01 9.566634493786643212e-01 2.911884361884652939e-01 2.083087367028704697e-03 4.815985612323665777e+01 -3.063923889770385164e-04 -6.146993806919855488e-03 9.999810601159998535e-01 -8.774896564436859281e-01 -5.325325580201462038e-17 1.794994758887472903e-16 6.704974760542819150e-18 9.999999999999910072e-01
2.910850742518912293e-01 -9.566643275861811402e-01 -7.927412676301105396e-03 -5.669444158482487239e+01 9.566848102186810143e-01 2.910291957158381848e-01 7.495407779718930852e-03 4.894412584035713820e+01 -4.863480708280885217e-03 -9.765836621863357644e-03 9.999404857241996902e-01 -8.850517280658503072e-01 -5.372374926351886458e-17 1.809748587915400575e-16 6.890744022232288883e-18 9.999999999999896749e-01
2.908470490472911951e-01 -9.567628922237126909e-01 -3.572411522705790272e-03 -5.645082551319258357e+01 9.567380507003555579e-01 2.908051392487766562e-01 9.201811154783511373e-03 4.972792721447155628e+01 -7.765075823836638420e-03 -6.094181656795421599e-03 9.999512810868602664e-01 -9.004351948465660893e-01 -5.457387331236420627e-17 1.853042859357570522e-16 7.099444928334811458e-18 9.999999999999884537e-01
2.902912413528463409e-01 -9.569353849880317675e-01 2.379947797378205009e-03 -5.620531843071626810e+01 9.569032184616129699e-01 2.903009971694490710e-01 7.846116247821596779e-03 5.050982749573178410e+01 -8.199127491064488182e-03 -2.791183001614958854e-07 9.999663865891552650e-01 -9.119160612827875712e-01 -5.457322283209328719e-17 1.866810629631000443e-16 7.291473650613966194e-18 9.999999999999871214e-01
2.894817392152560509e-01 -9.571824176959520258e-01 1.463528110095578235e-03 -5.596705408124599046e+01 9.571639762440760091e-01 2.894852600262960984e-01 5.950362012616801539e-03 5.130212318549273931e+01 -6.119251712913617060e-03 -3.216847591717731671e-04 9.999812254623833274e-01 -9.143000928372169156e-01 -5.436501519185884881e-17 1.888017810900002542e-16 7.478813317241541279e-18 9.999999999999859002e-01
2.900230577430918943e-01 -9.569966397581363138e-01 -6.637580046196491640e-03 -5.573774054026525704e+01 9.570146444561908883e-01 2.899921125852876203e-01 5.248326843335797236e-03 5.210943673919255303e+01 -3.097785293377606965e-03 -7.874397107102725987e-03 9.999641981572799931e-01 -9.249465602814924692e-01 -5.449564917626320764e-17 1.922414786202810429e-16 7.660535965436377928e-18 9.999999999999844569e-01
2.893422421371835696e-01 -9.571837202546475964e-01 -8.966191743810959097e-03 -5.549378096066642030e+01 9.572246905627780356e-01 2.893429344830810157e-01 1.248215387600111297e-03 5.290958109228061801e+01 1.399532781907492736e-03 -8.943821556417611007e-03 9.999590238423833322e-01 -9.336258975942980376e-01 -5.361599403224596699e-17 1.941559607566053158e-16 7.855615842747918557e-18 9.999999999999827915e-01
2.884238893529176839e-01 -9.574688643290670820e-01 -8.064359294453022839e-03 -5.524469862727990233e+01 9.574861546966512149e-01 2.884583369426593769e-01 -3.471514429561802124e-03 5.371286759768816665e+01 5.650098648958404475e-03 -6.720244677222529141e-03 9.999614566054957354e-01 -9.361506409439550591e-01 -5.226913903551545132e-17 1.962992320242263967e-16 8.034848671593563370e-18 9.999999999999809042e-01
2.886361675380295089e-01 -9.573875145952729371e-01 -9.915124100738470503e-03 -5.500306510019067474e+01 9.574130583466687883e-01 2.886889340235389012e-01 -4.351445687134761209e-03 5.452547625485961902e+01 7.028406378653728227e-03 -8.236884682793805743e-03 9.999413758987800716e-01 -9.336500329283723421e-01 -5.067465363255664362e-17 1.943794143610317110e-16 8.196229707915373952e-18 9.999999999999786837e-01
2.889226841615416541e-01 -9.572259383843934044e-01 -1.556230898347246011e-02 -5.476595023631465864e+01 9.573379464457855148e-01 2.889695652922282254e-01 -8.041329010188931134e-04 5.535403468593104037e+01 5.266770532659249653e-03 -1.466605668801049950e-02 9.998785765827887806e-01 -9.310735560194254301e-01 -4.830110369226936124e-17 1.920336370543656187e-16 8.358343523433751822e-18 9.999999999999764633e-01
2.889732253753896640e-01 -9.572542516127028334e-01 -1.260050734844511862e-02 -5.451787179514766990e+01 9.573371499716163413e-01 2.889449224446262732e-01 4.051305669250032833e-03 5.618032646241186256e+01 -2.372769579155298801e-04 -1.323365265938430783e-02 9.999124032317912025e-01 -9.306415030888643969e-01 -4.696213250599321762e-17 1.890746566885028872e-16 8.524440205072776650e-18 9.999999999999743538e-01
2.880457746066113489e-01 -9.575972252419165942e-01 -6.098027562169630947e-03 -5.426291278422922915e+01 9.576012782302599780e-01 2.879992426355494350e-01 7.498544729083908046e-03 5.700761164263990821e+01 -5.424358306451576572e-03 -7.999403113130512319e-03 9.999532918524919323e-01 -9.371725142429576660e-01 -4.601428501334203513e-17 1.887399202648860575e-16 8.707639141592060723e-18 9.999999999999724665e-01
2.876509176483358354e-01 -9.576908197196354333e-01 -9.232735276840821695e-03 -5.401516477169102615e+01 9.577035959859333536e-01 2.875495548888042929e-01 1.091218212793310799e-02 5.784939629232122371e+01 -7.795627727772570792e-03 -1.198112297806428958e-02 9.998978352213541143e-01 -9.472767308636271810e-01 -4.443594110906846902e-17 1.888976380343271976e-16 8.918929626424549476e-18 9.999999999999709122e-01
2.881161840328646528e-01 -9.575401496601713136e-01 -1.029204969896040621e-02 -5.376862147528952107e+01 9.575677022510832304e-01 2.880093581896419619e-01 1.071005138645250883e-02 5.867911205233228600e+01 -7.291097579202361276e-03 -1.294107351794994941e-02 9.998896781706102521e-01 -9.623147731329702026e-01 -4.186639092856012845e-17 1.896744048993718471e-16 9.147857080587718833e-18 9.999999999999691358e-01
2.863204672722131083e-01 -9.581140252533673074e-01 -6.172895082460132764e-03 -5.351306002549559082e+01 9.581305648433422473e-01 2.862965001773969398e-01 4.487170498095192223e-03 5.950721650628066328e+01 -2.531942729861335565e-03 -7.199208205823165278e-03 9.999708799095359257e-01 -9.596429215146443648e-01 -3.981151231447895140e-17 1.902701145376277062e-16 9.366461277134147581e-18 9.999999999999672484e-01
2.858571042037125198e-01 -9.582571856378894193e-01 -5.374211524180345229e-03 -5.326020787137674972e+01 9.582697522126796263e-01 2.858646813058304259e-01 -6.826244137906281205e-04 6.034535646594599712e+01 2.190427014233281653e-03 -4.954811307432461370e-03 9.999853258294494340e-01 -9.638468241831041894e-01 -3.720056028576301108e-17 1.906096381318905729e-16 9.559793258760278387e-18 9.999999999999648059e-01
2.857928858743415956e-01 -9.582600549644619825e-01 -7.751996066074218726e-03 -5.301310111425670613e+01 9.582841265204419257e-01 2.858129018436549318e-01 -1.586820274624607197e-03 6.119341939152396748e+01 3.736206974302639598e-03 -6.975112833321528427e-03 9.999686937890769345e-01 -9.714343020269523565e-01 -3.316145363412613463e-17 1.897852990534307934e-16 9.707065195997691806e-18 9.999999999999623634e-01
2.851513711216582259e-01 -9.584616792162559129e-01 -6.317042130555094656e-03 -5.276141964432711973e+01 9.584822855981300904e-01 2.851494845003608170e-01 1.216422492852626755e-03 6.203866486931123347e+01 6.354069619550004999e-04 -6.401637521216373833e-03 9.999793074333398479e-01 -9.736657032947811929e-01 -2.774363430372618072e-17 1.878491787500465778e-16 9.826236120690182895e-18 9.999999999999595879e-01
2.844739149096157660e-01 -9.586820738405839037e-01 -1.809152453540279837e-03 -5.250420998417255447e+01 9.586772257483080484e-01 2.844644846592655485e-01 4.234831635515026553e-03 6.288965508275821037e+01 -3.545217554339980415e-03 -2.939092389455281312e-03 9.999893965279021968e-01 -9.788415321875326702e-01 -2.275948564573083550e-17 1.859372293431028786e-16 9.975133968639865998e-18 9.999999999999567013e-01
2.836993457069318381e-01 -9.589132451709636573e-01 2.635925573117470916e-04 -5.225311892786945833e+01 9.588925388507815173e-01 2.836950062396073613e-01 6.499413121379496623e-03 6.374274032821862335e+01 -6.307153220125937682e-03 -1.591122313512630723e-03 9.999788438501372445e-01 -9.774253105430801281e-01 -1.871985174819606473e-17 1.855166895012921291e-16 1.015732334569146294e-17 9.999999999999540368e-01
2.834483045470731488e-01 -9.589721149373108267e-01 -5.435202106370111592e-03 -5.201107278507247145e+01 9.589809504736898083e-01 2.834208364413683401e-01 5.307174329109676583e-03 6.459494551513832050e+01 -3.548982663517051637e-03 -6.716564847506521947e-03 9.999711458229763039e-01 -9.751174713016116380e-01 -1.541780746435853083e-17 1.866041600176283102e-16 1.034534556329173723e-17 9.999999999999511502e-01
2.835908644918140320e-01 -9.589365905760504072e-01 -4.103270774995428950e-03 -5.175875944358972447e+01 9.589449404565567603e-01 2.835921888367576860e-01 2.675882068680689803e-04 6.544549479350571630e+01 9.070554176937177570e-04 -4.010696319920277995e-03 9.999915457469173985e-01 -9.844799135996140649e-01 -1.200326581390224700e-17 1.869239458045754266e-16 1.052818062002721458e-17 9.999999999999484857e-01
2.831059792753225501e-01 -9.590846860400701335e-01 -2.751272772422991373e-03 -5.150580332409727902e+01 9.590790068150153447e-01 2.831148251448604714e-01 -3.668033507829785832e-03 6.629787740534825957e+01 4.296880875127211466e-03 -1.600245739805594529e-03 9.999894879588112628e-01 -9.948878147590334287e-01 -8.189936672184184195e-18 1.915716371996956426e-16 1.070844014292718206e-17 9.999999999999459321e-01
2.835948253457578616e-01 -9.589324894495315776e-01 -4.738746155065821572e-03 -5.125932583994926262e+01 9.589423881059534471e-01 2.836004285887439580e-01 -5.414774422723161616e-04 6.715476587205324677e+01 1.863150752244122077e-03 -4.390624353898110559e-03 9.999886254787421214e-01 -1.000557679520330812e+00 -5.202314821286305256e-18 1.963901565590040088e-16 1.087332511161752172e-17 9.999999999999432676e-01
2.838930681557793045e-01 -9.588444816305895513e-01 -4.688912406309935291e-03 -5.101104645189492004e+01 9.588475105357383566e-01 2.838666635887498457e-01 5.582906258477919083e-03 6.801859491495184784e+01 -4.022112936768986596e-03 -6.080900374855980652e-03 9.999734222757922231e-01 -9.915070485660241184e-01 -1.989220382179128091e-18 2.032509225336464765e-16 1.107094717298587083e-17 9.999999999999406031e-01
2.832230992591596719e-01 -9.590477498757450370e-01 -3.476996433413155185e-03 -5.075657635932032719e+01 9.590217236837460524e-01 2.831819229010473227e-01 9.237534551982010816e-03 6.887600964252628444e+01 -7.874614190550233844e-03 -5.950798278139277434e-03 9.999512880390757363e-01 -9.854223634518451957e-01 1.595462572392583054e-18 2.092523394073375247e-16 1.130929407770891613e-17 9.999999999999380496e-01
2.833212521377409532e-01 -9.590166573179073062e-01 -4.014856632961060108e-03 -5.050900583039653213e+01 9.589844133375584612e-01 2.832682172381880692e-01 1.039288594129393097e-02 6.972358533656326074e+01 -8.829669454426810477e-03 -6.794710391005391072e-03 9.999379324977274441e-01 -9.902946885494829932e-01 5.135311899814700717e-18 2.182803461943335429e-16 1.157395260471809071e-17 9.999999999999356071e-01
2.836754839016008556e-01 -9.589081157251846399e-01 -4.842048064951416479e-03 -5.025582641374165860e+01 9.588669710011040737e-01 2.836028057984651407e-01 1.198250667724914779e-02 7.058954239817127529e+01 -1.011690448252093068e-02 -8.042023341502703426e-03 9.999164835645354410e-01 -1.008333922270895133e+00 9.061012533788427733e-18 2.258692001113087235e-16 1.183678676529752132e-17 9.999999999999330536e-01
2.836326742393269762e-01 -9.589036276111093660e-01 -7.505934851803856313e-03 -5.001103115142748834e+01 9.588842055146629129e-01 2.835305871297391089e-01 1.230798830991109739e-02 7.144587385904274868e+01 -9.674012523485773021e-03 -1.068827001586116626e-02 9.998960817832825976e-01 -1.021953354990091656e+00 1.335111949300036967e-17 2.322097447220510497e-16 1.210275184474930534e-17 9.999999999999300559e-01
2.838259087446317053e-01 -9.588253650837962327e-01 -9.837316560301798476e-03 -4.976472537684720265e+01 9.588578764359758644e-01 2.837428819152676418e-01 9.030490516058536574e-03 7.229442847813029971e+01 -5.867394814818398252e-03 -1.199567564396776011e-02 9.999108347466424407e-01 -1.029775930734818212e+00 1.785420617528219864e-17 2.390025786803550872e-16 1.238534874489710259e-17 9.999999999999270583e-01
2.838058944668028216e-01 -9.588312450467737502e-01 -9.841635425707520937e-03 -4.951257833990383972e+01 9.588791006661187000e-01 2.838142968993522808e-01 5.614099280818455511e-04 7.313178303854002138e+01 2.254899458357921809e-03 -9.596269972887132987e-03 9.999514123350358163e-01 -1.026146595589178201e+00 2.202486504546295755e-17 2.467261629616494565e-16 1.266043716432695698e-17 9.999999999999238387e-01
2.834479588783228032e-01 -9.589397667777874723e-01 -9.580099152848828986e-03 -4.926095025009221473e+01 9.589461375148218281e-01 2.835144709154192588e-01 -6.469167395763162319e-03 7.397494631700931222e+01 8.919638616372826609e-03 -7.353126785661846972e-03 9.999331835543903146e-01 -1.024562570154360364e+00 2.697303350794623393e-17 2.557522037078515189e-16 1.289036667082211650e-17 9.999999999999206191e-01
2.836282440407530969e-01 -9.588824258512139709e-01 -9.975599027374573019e-03 -4.900806353977613838e+01 9.588977171581555270e-01 2.836929574305476764e-01 -5.785666169304813297e-03 7.482860041944746854e+01 8.377780801801534491e-03 -7.924600798427924864e-03 9.999335045345821849e-01 -1.019625970874931120e+00 3.234108757455318608e-17 2.651973798688897680e-16 1.304705311841150734e-17 9.999999999999172884e-01
2.838477305988505450e-01 -9.588315986338366015e-01 -8.510657734273839245e-03 -4.875704760293854889e+01 9.588667897577134447e-01 2.838563710833350018e-01 2.002372781348599250e-04 7.568710836306584611e+01 2.223810590478257545e-03 -8.217423957367487111e-03 9.999637636483376113e-01 -1.013631950889039235e+00 3.771219341484066068e-17 2.731568488752044636e-16 1.322924338752564658e-17 9.999999999999136246e-01
2.835648020997181828e-01 -9.589223897625432924e-01 -7.671598408934482589e-03 -4.850615202138592963e+01 9.589406349964610943e-01 2.835112978470318845e-01 7.362237805284404038e-03 7.654806995724241858e+01 -4.884829848771056297e-03 -9.444278955964226577e-03 9.999434704182693645e-01 -1.010029041769168634e+00 4.396187424341213872e-17 2.793219776719369278e-16 1.346289267228740122e-17 9.999999999999098499e-01
2.834521882984134544e-01 -9.589580412429440370e-01 -7.371030066765808797e-03 -4.825571041502831804e+01 9.589439097915648524e-01 2.833589371901416021e-01 1.158838159374960854e-02 7.740047880349136733e+01 -9.024124468608930860e-03 -1.035315651299612526e-02 9.999056842160516378e-01 -1.014657307237386341e+00 4.904030260590018739e-17 2.889639600828988708e-16 1.377572513389510396e-17 9.999999999999062972e-01
2.833015628489459203e-01 -9.590033826641451986e-01 -7.261991874187297830e-03 -4.800432165968993559e+01 9.589875113023078601e-01 2.832086202500593286e-01 1.165463779280404705e-02 7.825238376170224797e+01 -9.120178368075146369e-03 -1.026593661565902531e-02 9.999057120007424082e-01 -1.023031614408768109e+00 5.315718914220528386e-17 3.004847287241444332e-16 1.411932332663422531e-17 9.999999999999026334e-01
2.838787759083281070e-01 -9.588053704342055505e-01 -1.025193714496903594e-02 -4.775866336991153105e+01 9.588402108782291267e-01 2.837876398920929910e-01 9.488174075289642836e-03 7.910152330971415324e+01 -6.187939212315052631e-03 -1.252346081608596111e-02 9.999024314088161836e-01 -1.033942767996340217e+00 5.593020394566359011e-17 3.155783259291912713e-16 1.448010594196422181e-17 9.999999999998989697e-01
2.841980430324850260e-01 -9.586777626998573831e-01 -1.297765931172703904e-02 -4.750989045232600461e+01 9.587589826777485058e-01 2.841197625355162404e-01 7.561327350491013448e-03 7.995330241507168978e+01 -3.561666905500064477e-03 -1.459136187498276220e-02 9.998871969813658556e-01 -1.043086892526837062e+00 5.777723931534270534e-17 3.333163983040350574e-16 1.487678870121800620e-17 9.999999999998953060e-01
2.834190405004555213e-01 -9.589104233269665212e-01 -1.282370915948680655e-02 -4.725597565985244586e+01 9.589914263684388152e-01 2.833502557110417208e-01 6.933739259786349078e-03 8.081017005622830141e+01 -3.015233579340702991e-03 -1.426298086627434888e-02 9.998937322250952553e-01 -1.048329282411088581e+00 6.002290800264528836e-17 3.492155890290725497e-16 1.532815153468009380e-17 9.999999999998917533e-01
2.824906199570449417e-01 -9.591870564337602323e-01 -1.261904933539739759e-02 -4.700496330765133735e+01 9.592598413626919340e-01 2.824024455225233043e-01 8.331597177468640092e-03 8.166621000933696450e+01 -4.427909779567315053e-03 -1.445854531551124186e-02 9.998856655048607989e-01 -1.053227456751507196e+00 6.149995036454836215e-17 3.638806105427201774e-16 1.580028173079340156e-17 9.999999999998880895e-01
2.823863287379284603e-01 -9.592018150642029894e-01 -1.377821901980827088e-02 -4.675699563069387210e+01 9.592672888731744729e-01 2.822273549079936106e-01 1.240921590397516851e-02 8.252038548479551139e+01 -8.014352109318337997e-03 -1.672118772626569883e-02 9.998280712407709991e-01 -1.056925564894224179e+00 6.259897662911358020e-17 3.788874859377447822e-16 1.622894825560410631e-17 9.999999999998842037e-01
2.821466755892222955e-01 -9.592756571295177892e-01 -1.354500249480940915e-02 -4.650725036750517916e+01 9.593239818549170739e-01 2.819644495363867742e-01 1.391211829560422102e-02 8.337379877129932026e+01 -9.526347247666997267e-03 -1.691930365505701570e-02 9.998114751650372112e-01 -1.059998120799932719e+00 6.460501295251137394e-17 3.932681015760140011e-16 1.672304771353767386e-17 9.999999999998803180e-01
2.811853230957857552e-01 -9.595751049555741874e-01 -1.226507337590476004e-02 -4.625218143256540770e+01 9.596117077227458436e-01 2.810308585918884217e-01 1.292388952061939225e-02 8.422825022943465001e+01 -8.954578541665411673e-03 -1.540371605809905294e-02 9.998412579277167200e-01 -1.070855902529441517e+00 6.663519728506595789e-17 4.085282690950895895e-16 1.722461270301222081e-17 9.999999999998766542e-01
2.805976793372632616e-01 -9.597183045772723631e-01 -1.434288010702227355e-02 -4.601234093735368447e+01 9.597964470299268358e-01 2.804416473087743000e-01 1.196924071391046278e-02 8.507899965667293429e+01 -7.464758480671177497e-03 -1.712478653464139314e-02 9.998254943072305556e-01 -1.085643197195800491e+00 6.866682002250306612e-17 4.249913630489808572e-16 1.781286832030776193e-17 9.999999999998728795e-01
2.798828348896918450e-01 -9.599328121831131044e-01 -1.394972502317470484e-02 -4.576503275951235850e+01 9.600092113440382713e-01 2.797412472466953570e-01 1.127602426639803639e-02 8.593484044739510352e+01 -6.921912207562630828e-03 -1.654783015592122680e-02 9.998391152821761718e-01 -1.097845113928067384e+00 6.973234346657630185e-17 4.441963114854099716e-16 1.848294540442874696e-17 9.999999999998687716e-01
2.783858502228111487e-01 -9.604231407103457352e-01 -9.418555286650386049e-03 -4.551121510019413563e+01 9.604539319611872239e-01 2.783124918416189919e-01 8.390558086192059783e-03 8.677828155981293889e+01 -5.437184558083725354e-03 -1.138190110511803389e-02 9.999204415107387778e-01 -1.095814682998992096e+00 7.135792292731878531e-17 4.644172500348139732e-16 1.913655250643720629e-17 9.999999999998647748e-01
2.770803278375442713e-01 -9.607397716564705092e-01 -1.433816873939543213e-02 -4.527168318892087484e+01 9.608460458630685430e-01 2.770311056673428474e-01 5.351882082772843781e-03 8.762901802503418480e+01 -1.169647231020773262e-03 -1.525967398020136243e-02 9.998828802790267201e-01 -1.099047081198753606e+00 7.205834062419853895e-17 4.857988540375225778e-16 1.962687688538690327e-17 9.999999999998606670e-01
2.764225854550991235e-01 -9.607862870806066491e-01 -2.191494485658471852e-02 -4.504021110917084769e+01 9.610275943258722586e-01 2.764446692307818143e-01 2.075523524691405899e-03 8.848025634990084143e+01 4.064135141049851456e-03 -2.163458831417027634e-02 9.997576843384277101e-01 -1.109272497780952493e+00 7.406452239335445006e-17 5.084753211231754095e-16 2.022474567237695623e-17 9.999999999998564482e-01
2.750219312279235107e-01 -9.611606657570926915e-01 -2.308921707055989342e-02 -4.480489401630180168e+01 9.614246514289629397e-01 2.750651341998852084e-01 1.345946539191827463e-03 8.933043400342526752e+01 5.057367720398049486e-03 -2.256870729036319911e-02 9.997325024638736846e-01 -1.110933617102870086e+00 7.636710028127466761e-17 5.335018102061563345e-16 2.095760111646590602e-17 9.999999999998523403e-01
2.737908775619173896e-01 -9.615473994256173995e-01 -2.156742964734367773e-02 -4.456545084033813708e+01 9.617865811993026037e-01 2.737740679232411045e-01 3.785757190809819171e-03 9.018326479898331627e+01 2.264417967517843525e-03 -2.177977020927672827e-02 9.997602282650523975e-01 -1.096639846756659820e+00 7.892623620692867023e-17 5.598684276926609855e-16 2.171978889681581161e-17 9.999999999998483435e-01
2.733080874284772865e-01 -9.617428468940105724e-01 -1.879855830314475576e-02 -4.432681593486805127e+01 9.619246656101337889e-01 2.732166652282148611e-01 7.320623757282738314e-03 9.103629879353076149e+01 -1.904478122690894367e-03 -2.008358258758359549e-02 9.997964906285737863e-01 -1.088671265863151660e+00 8.206777580088716532e-17 5.868965006260322939e-16 2.250739644150462988e-17 9.999999999998444578e-01
2.721975253112940418e-01 -9.620408819911984155e-01 -1.964302909148729279e-02 -4.409496744796597767e+01 9.622325181550661632e-01 2.720505946429284116e-01 9.851647536261255722e-03 9.189450179067672764e+01 -4.133789939929480295e-03 -2.158275542649579562e-02 9.997585190677849010e-01 -1.092465098564757042e+00 8.367099895450621596e-17 6.125304813872186349e-16 2.325409939313034116e-17 9.999999999998407940e-01
2.712272315183245075e-01 -9.623508098231485786e-01 -1.779628375585998179e-02 -4.386342202601433371e+01 9.625023175593269142e-01 2.710810009627397377e-01 1.021663397370844648e-02 9.274700557219838970e+01 -5.007751564316111591e-03 -1.989999370707436904e-02 9.997894341682151964e-01 -1.103461610944928228e+00 8.638264412053559964e-17 6.342379556653282466e-16 2.391070612606685397e-17 9.999999999998369082e-01
2.698405086532515429e-01 -9.627985400372747193e-01 -1.432030697053902381e-02 -4.362842437531217854e+01 9.628836353850367402e-01 2.697055284419023757e-01 1.067860643337758403e-02 9.359527490815256101e+01 -6.419080724756913957e-03 -1.667030982730268937e-02 9.998404353558500990e-01 -1.115582850934401238e+00 8.993723773159207617e-17 6.549641715280145366e-16 2.453108242782634277e-17 9.999999999998331335e-01
2.689864234921705011e-01 -9.630397116867259744e-01 -1.417101588180044724e-02 -4.340125845898657531e+01 9.631082213806223535e-01 2.688205605131274156e-01 1.257219766987922177e-02 9.444727776505158090e+01 -8.298065186891441861e-03 -1.702997238772396144e-02 9.998205449750896534e-01 -1.121382383799241378e+00 9.237804874342262872e-17 6.796810828470250740e-16 2.510192038493474894e-17 9.999999999998292477e-01
2.686381585133976735e-01 -9.630481723464492383e-01 -1.928101477046647791e-02 -4.318337786084553898e+01 9.632056371228274738e-01 2.684025131491420413e-01 1.396393747550442495e-02 9.529844786499847942e+01 -8.272871644093309287e-03 -2.232282856536676671e-02 9.997165852976795941e-01 -1.119398523366593068e+00 9.426888360026448021e-17 7.044293820607852264e-16 2.564462923505121975e-17 9.999999999998253619e-01
2.682761705929955776e-01 -9.630488900944464969e-01 -2.376408171374683534e-02 -4.296473458173540649e+01 9.633148941788579611e-01 2.680017658909536471e-01 1.412331874214717113e-02 9.615224385495324100e+01 -7.232630575020594817e-03 -2.668124372953277479e-02 9.996178271157708517e-01 -1.122935725745984215e+00 9.383735751624964210e-17 7.296293908277810312e-16 2.628593981822616683e-17 9.999999999998212541e-01
2.686904578564650592e-01 -9.628652621769072661e-01 -2.638038570158583382e-02 -4.273737249452383935e+01 9.632136507761822619e-01 2.684441823037762576e-01 1.253730216036649456e-02 9.700040261247157503e+01 -4.990071663117949877e-03 -2.877860107825196481e-02 9.995733546390747071e-01 -1.132166295482975427e+00 9.070877380700558890e-17 7.563630012263064443e-16 2.709949114470707858e-17 9.999999999998170352e-01
2.702448312419383769e-01 -9.623963217454041263e-01 -2.758715421748472729e-02 -4.250491892422255091e+01 9.627807342576883975e-01 2.699944687003197896e-01 1.249978452776862557e-02 9.784611701803038386e+01 -4.581367606236964526e-03 -2.993838275384733474e-02 9.995412469270947842e-01 -1.144788117190763455e+00 8.765953294056778521e-17 7.834956487556716196e-16 2.807680533603652844e-17 9.999999999998128164e-01
2.713660619665870244e-01 -9.621058584151276349e-01 -2.669789534632812517e-02 -4.226596601207693027e+01 9.624469629657360636e-01 2.710371433435134203e-01 1.532026129016151282e-02 9.869637737712787384e+01 -7.503591851768896294e-03 -2.985270726824956408e-02 9.995261437189634224e-01 -1.156582359154999740e+00 8.582699955618595900e-17 8.121200185556018624e-16 2.911746678702199702e-17 9.999999999998087086e-01
