7.776100926863358520e-01 -6.283857134154706703e-01 2.130584257142381990e-02 -6.595790261411747224e+01 6.274181330298933545e-01 7.777230101195994338e-01 3.864460991901239040e-02 2.571138360393758404e+01 -4.085376479140328393e-02 -1.668276673215890807e-02 9.990258531171900547e-01 -8.854400597150694496e-01 -4.809208017785018303e-24 -1.416202385148814181e-23 -3.430527606006730092e-24 9.999999999999997780e-01
7.495145273329557600e-01 -6.614074636148506992e-01 2.771534577498239310e-02 -6.555869335953282473e+01 6.606537537857561926e-01 7.500048363558678988e-01 3.208368824805434005e-02 2.609063949469459232e+01 -4.200703424006730496e-02 -5.736943208626063030e-03 9.991008440377652233e-01 -8.925890818274568872e-01 -4.809208017785018303e-24 -1.416202385148814181e-23 -3.430527606006730092e-24 9.999999999999997780e-01
7.211165351678028301e-01 -6.927187188705202781e-01 1.147690001569043848e-02 -6.520590669862235700e+01 6.923665107381512529e-01 7.211472581247806435e-01 2.398430543899791531e-02 2.648781031525241048e+01 -2.489091231478950117e-02 -9.349258018622312941e-03 9.996464544320849965e-01 -9.018381929876951864e-01 7.960966001239552092e-19 1.975327666986399449e-18 2.545276699205372001e-20 9.999999999999998890e-01
6.909912202327386233e-01 -7.227240690846715720e-01 -1.417933450374803638e-02 -6.487043770037426782e+01 7.228592429659352891e-01 6.909190298017275911e-01 1.026689420218678678e-02 2.690072777654612679e+01 2.376640483897171641e-03 -1.734399675790963477e-02 9.998467569365175889e-01 -9.076965379631736219e-01 -5.881677086252963349e-19 6.453653757686466945e-18 8.297875929079482765e-20 1.000000000000000000e+00
6.563132884973077452e-01 -7.539500257303061170e-01 -2.849957970086032522e-02 -6.453038806761711044e+01 7.540010743792865400e-01 6.567787481058988686e-01 -1.113803714019164469e-02 2.732414920349414444e+01 2.711544166590745472e-02 -1.417867193092252516e-02 9.995317494134626779e-01 -9.272817373852979550e-01 -3.551673221027449782e-18 1.073185844264531333e-17 1.920285375756512086e-19 1.000000000000000222e+00
6.189092443546981848e-01 -7.849692042939915293e-01 -2.783335341565773557e-02 -6.419335732920498572e+01 7.842580047139084964e-01 6.195337339554771727e-01 -3.342655431467133481e-02 2.776819569082728734e+01 4.348251711278169201e-02 -1.140526741986287512e-03 9.990535370560910122e-01 -9.385855401414056054e-01 -8.379482242699344018e-18 1.452760532433033922e-17 4.297939433486070385e-19 1.000000000000000666e+00
5.861051011086507723e-01 -8.099293964879848984e-01 -2.225271127380335640e-02 -6.386843767048197407e+01 8.089717872373142216e-01 5.865036009262813987e-01 -3.972623257473195668e-02 2.825895210175401218e+01 4.522673886645163510e-02 5.281931949834491567e-03 9.989627837343998396e-01 -9.604084880464582863e-01 -1.139504953842920602e-17 1.805628340918695153e-17 6.011843153794866323e-19 1.000000000000000888e+00
5.573211733546939994e-01 -8.301444123135691688e-01 -1.591742551785084447e-02 -6.356601951042016907e+01 8.297997658607190186e-01 5.575484192226956015e-01 -2.391879595177715326e-02 2.876384103219303512e+01 2.873079024420780239e-02 1.221754572579992614e-04 9.995871781716184623e-01 -9.313193346834532926e-01 -1.606027666010813443e-17 2.105500080861654075e-17 7.919829899605484220e-19 1.000000000000001332e+00
5.286105270893541874e-01 -8.488276794122158186e-01 -7.904512255668712586e-03 -6.328431366239215805e+01 8.487884373658840520e-01 5.286648956070968408e-01 -8.462667826031732704e-03 2.927618812192713804e+01 1.136218483887370574e-02 -2.235803305527565236e-03 9.999329487216949142e-01 -8.757169317229108740e-01 -1.877201635434957309e-17 2.506543592322322499e-17 8.869829987418427350e-19 1.000000000000001554e+00
4.987671731872796443e-01 -8.667133022395796527e-01 -6.273648997770383401e-03 -6.301099441816988644e+01 8.666986526538061897e-01 4.987998125455461174e-01 -5.673842844394019237e-03 2.979480141902568846e+01 8.046890012116140675e-03 -2.607436576982920511e-03 9.999642237778446630e-01 -8.680001699589995345e-01 -2.002271107257206921e-17 2.803742865914876559e-17 9.875560460446675682e-19 1.000000000000001776e+00
4.712244951616344490e-01 -8.820028323066738674e-01 -4.298716399557099381e-03 -6.274823113906573724e+01 8.818833239356947962e-01 4.712331241568537554e-01 -1.487096706750363172e-02 3.031673820126644259e+01 1.514193263150357717e-02 3.216597641851737417e-03 9.998801805095404172e-01 -8.631857617469351762e-01 -2.263136033125571558e-17 3.248442750807255302e-17 1.076927156544126584e-18 1.000000000000001776e+00
4.457918553868256972e-01 -8.951200611314071853e-01 -5.449571624963953261e-03 -6.250025263889006055e+01 8.948690918381956294e-01 4.457991885710964053e-01 -2.173457940839636227e-02 3.085401373650088175e+01 2.188447265717663459e-02 4.812445269583078347e-03 9.997489235938399332e-01 -8.586388419697431607e-01 -2.559584685330721395e-17 3.676300099368486211e-17 1.154529231570133171e-18 1.000000000000001554e+00
4.226892744798592672e-01 -9.062566070781491456e-01 -5.721832478483132069e-03 -6.226116334222204074e+01 9.060147505764256648e-01 4.227108240563981489e-01 -2.127982527012148989e-02 3.141051483776780984e+01 2.170366277060671589e-02 3.810689278653376765e-03 9.997571853553028909e-01 -8.542321718943772790e-01 -2.768210499725384951e-17 4.189657647251047089e-17 1.236950427767585806e-18 1.000000000000001332e+00
4.030910126697871410e-01 -9.151460456349415074e-01 -5.034944249718948175e-03 -6.202932872922042407e+01 9.150383954060573588e-01 4.031210444349979660e-01 -1.407687701082308875e-02 3.198752716602456658e+01 1.491209031596080203e-02 1.067095302299676720e-03 9.998882391897709887e-01 -8.479316927812332594e-01 -2.891905594610744074e-17 4.782297405615530933e-17 1.323210737730179552e-18 1.000000000000001110e+00
3.858837590599497047e-01 -9.225446684686299248e-01 -2.249260743713072785e-03 -6.180217198254109690e+01 9.225298625963570531e-01 3.858903099530258118e-01 -5.226978318441930990e-03 3.257210686332017247e+01 5.690088905433899127e-03 -5.800416279490839514e-05 9.999838096308166779e-01 -8.429034084666127136e-01 -3.090585510073836976e-17 5.228163856400056686e-17 1.420227966959467872e-18 1.000000000000000666e+00
3.695864874460303984e-01 -9.291952154345684001e-01 1.442189598406371518e-03 -6.157737133658274331e+01 9.291945343891608866e-01 3.695883814566554015e-01 1.394831029571970546e-03 3.316081982107393600e+01 -1.829086838449364358e-03 8.245639915928296019e-04 9.999979872657527302e-01 -8.396573016704474979e-01 -3.313683381453428635e-17 5.724735157894266120e-17 1.509971313063092130e-18 1.000000000000000444e+00
3.554567181483461735e-01 -9.346909334108931544e-01 1.838619783422243848e-03 -6.136183510433805566e+01 9.346855609129298692e-01 3.554610102695910934e-01 3.220620910260498480e-03 3.375802815830385839e+01 -3.663842810493974506e-03 5.737400244135829096e-04 9.999931235154766451e-01 -8.409584608682634244e-01 -3.508313655679374126e-17 6.271947666477365402e-17 1.583712119300024237e-18 1.000000000000000444e+00
3.425113588629858374e-01 -9.395136089452061912e-01 3.842611269942590750e-04 -6.115760257176250292e+01 9.395110225966899486e-01 3.425113328399269075e-01 2.241717106703480528e-03 3.435744314833989677e+01 -2.237737519921777999e-03 -4.067960080355672334e-04 9.999974135205522696e-01 -8.459288147828231130e-01 -3.728021923685663443e-17 6.693458221116882068e-17 1.656524072753712372e-18 1.000000000000000222e+00
3.302893339715519128e-01 -9.438697000488872613e-01 -4.352607756481837765e-03 -6.096060848572365387e+01 9.438796316375361872e-01 3.302836180672827360e-01 1.993142299327485371e-03 3.497180475226374341e+01 -4.436715863857958512e-04 -4.766651448404558497e-03 9.999885410290895171e-01 -8.507994440136055214e-01 -4.035390238826968435e-17 7.204493517868834189e-17 1.739347918739942484e-18 1.000000000000000000e+00
3.198886794573179704e-01 -9.474265046001362212e-01 -7.365537064707806079e-03 -6.076561356177717244e+01 9.474551229803348518e-01 3.198802450182712254e-01 2.327828478192065474e-03 3.559809774745856714e+01 1.506434025442180118e-04 -7.723161803348995054e-03 9.999701645940833883e-01 -8.574527391371359331e-01 -4.285940850206433020e-17 7.830618591832960108e-17 1.855362273080955456e-18 9.999999999999998890e-01
3.117625044012494739e-01 -9.501132172154439504e-01 -9.434793162053639951e-03 -6.057016818162468041e+01 9.501599739291353153e-01 3.117513482406112368e-01 2.668485189030559823e-03 3.622800009601651539e+01 4.059464405962731354e-04 -9.796496450371163997e-03 9.999519307770641241e-01 -8.599895050847287115e-01 -4.510645499125033533e-17 8.390079182892706988e-17 1.982499857464940481e-18 9.999999999999995559e-01
3.057813019424311940e-01 -9.520373033840122678e-01 -1.108008789323658774e-02 -6.037326899157808668e+01 9.521000594405062412e-01 3.057821535526648038e-01 1.658729073764184494e-03 3.686884053923529336e+01 1.808921183111847309e-03 -1.105656067749934829e-02 9.999372381655420305e-01 -8.578935124105636634e-01 -4.732563113175704195e-17 8.840235945186486711e-17 2.111878816155992763e-18 9.999999999999991118e-01
3.011641729124417410e-01 -9.534866072492212963e-01 -1.278400369081908808e-02 -6.017330629326061597e+01 9.535697503673453701e-01 3.011673331332203052e-01 1.722973547661396090e-03 3.752014252818590734e+01 2.207292095985664750e-03 -1.270933711157820091e-02 9.999167968445084043e-01 -8.587917184748653510e-01 -4.911337153533983476e-17 9.322556166426066426e-17 2.208941387854179025e-18 9.999999999999985567e-01
2.978677231711313045e-01 -9.545198878994913816e-01 -1.290748221857539006e-02 -5.997406735404601363e+01 9.546036648907390010e-01 2.978759647347009043e-01 1.323862004144334701e-03 3.817482165854610088e+01 2.581176106360123530e-03 -1.271586559132835935e-02 9.999158186028296313e-01 -8.645243882216622211e-01 -4.981282525977948174e-17 9.408126962797471116e-17 2.273714851747993119e-18 9.999999999999976685e-01
2.956608105172876533e-01 -9.552195547063018211e-01 -1.184429951456195985e-02 -5.977090302933854105e+01 9.552838829007872512e-01 2.956893885373555464e-01 -6.989824513283796276e-04 3.883402101242678839e+01 4.169915387015860932e-03 -1.110800671241051266e-02 9.999296095188593414e-01 -8.674151446142275290e-01 -5.108237040284928196e-17 9.854073117792853254e-17 2.378851096135257355e-18 9.999999999999968914e-01
2.947571699860264127e-01 -9.555084193335555698e-01 -1.103953461684360066e-02 -5.956625396140375273e+01 9.555586190326371687e-01 2.947948844743605301e-01 -1.923975118843933687e-03 3.950255322165381955e+01 5.092772756663170239e-03 -9.981816992076919873e-03 9.999372115263950311e-01 -8.648349676694642163e-01 -5.210966784978817517e-17 1.002374975007898443e-16 2.468603446918040346e-18 9.999999999999958922e-01
2.944795024169107878e-01 -9.555976652341067190e-01 -1.072030108966874791e-02 -5.936023713932164725e+01 9.556465879808901942e-01 2.945118486685329162e-01 -1.539439638021541067e-03 4.018052133331114817e+01 4.628340616060265186e-03 -9.791485739860933749e-03 9.999413509152146329e-01 -8.636067239463038892e-01 -5.383596007455589457e-17 1.027948599492784403e-16 2.586887653945697226e-18 9.999999999999947820e-01
2.934416663504695322e-01 -9.558997194034694056e-01 -1.215380162216727657e-02 -5.915278791840250960e+01 9.559722719946434077e-01 2.934564100038535295e-01 5.921191830927883268e-04 4.087105650737551343e+01 3.000604430964825924e-03 -1.179244978987665018e-02 9.999259645098721450e-01 -8.643269679862631838e-01 -5.537990210356106921e-17 1.066443236474886262e-16 2.718740025443962919e-18 9.999999999999938938e-01
2.928873052314901471e-01 -9.560874689267568893e-01 -1.066668624778474399e-02 -5.894438766161094634e+01 9.561466862957775925e-01 2.928604129320213079e-01 4.036436915330700141e-03 4.156687399734834543e+01 -7.353366147222121065e-04 -1.138113784044040948e-02 9.999349623758113648e-01 -8.659229725764835406e-01 -5.568232138209774217e-17 1.091945438583829810e-16 2.833101869962187136e-18 9.999999999999928946e-01
2.923567052516421461e-01 -9.562871564258147439e-01 -6.513935022743405460e-03 -5.872707716052287452e+01 9.563052886136491626e-01 2.923288526672803700e-01 4.902740854151249779e-03 4.226897094253083509e+01 -2.784216958565005964e-03 -7.662659674753565138e-03 9.999667653390441613e-01 -8.720514141079235282e-01 -5.722341650519880500e-17 1.152805132884454744e-16 2.982124227030345107e-18 9.999999999999920064e-01
2.918167573714833818e-01 -9.564722528789325606e-01 -1.951817086913685021e-03 -5.850662973232546449e+01 9.564733764686105255e-01 2.918131359828209925e-01 1.942620574900446413e-03 4.296894680243890718e+01 -1.288496812770692631e-03 -2.433750316336275032e-03 9.999962083104888544e-01 -8.774744149648442404e-01 -5.848469665936533561e-17 1.189156909431747492e-16 3.091868029458169234e-18 9.999999999999911182e-01
2.915001771513419659e-01 -9.565707477883097498e-01 2.262664365947368225e-04 -5.828323079041859955e+01 9.565668186873006462e-01 2.914982832415479175e-01 -2.944869060280773127e-03 4.368303723620721968e+01 2.751019321305266628e-03 1.074868818192027458e-03 9.999956382653424347e-01 -8.777809764888427901e-01 -5.895547831407675908e-17 1.215251214125082953e-16 3.186973484162220936e-18 9.999999999999903411e-01
2.912858653330001046e-01 -9.566298558100221339e-01 -3.444362082192958460e-03 -5.806751087066486150e+01 9.566159742954686296e-01 2.913011920892061291e-01 -5.430765161355954364e-03 4.440664672788023637e+01 6.198578873772416127e-03 -1.713026659633897940e-03 9.999793213659969870e-01 -8.773915597664239119e-01 -6.062143559677406360e-17 1.265563293057183647e-16 3.270116281054652955e-18 9.999999999999895639e-01
2.909387283285820303e-01 -9.566930504203976504e-01 -9.646949565308355831e-03 -5.784916699370242554e+01 9.566936406486326039e-01 2.910103789310772848e-01 -7.087827379345594536e-03 4.514633084424608001e+01 9.588237644925815331e-03 -7.167051816425452221e-03 9.999283469664782542e-01 -8.788186293066941879e-01 -6.345762267865953787e-17 1.324083845747387785e-16 3.382415399548263038e-18 9.999999999999890088e-01
2.903341377802091117e-01 -9.568876883019761248e-01 -8.487662550951031309e-03 -5.762437426492922299e+01 9.568745788561222598e-01 2.903986687830579783e-01 -7.723568349873746394e-03 4.587994140776847019e+01 9.855393369626099312e-03 -5.879212971463250968e-03 9.999341508701222736e-01 -8.793865524377461051e-01 -6.649788458070499136e-17 1.380798052248314253e-16 3.530132774037587097e-18 9.999999999999885647e-01
2.897867821304399016e-01 -9.570839062181085710e-01 -3.743976606521442433e-03 -5.738962409808726761e+01 9.570551827166329240e-01 2.898076013196370648e-01 -7.545293414039313910e-03 4.662371569104292490e+01 8.306511774000326434e-03 -1.396665916553093681e-03 9.999645249639860234e-01 -8.811407088273101040e-01 -6.965563957883855482e-17 1.426128833034000187e-16 3.698121937438642922e-18 9.999999999999880096e-01
2.901034486944378821e-01 -9.569874997210422451e-01 -3.861920936871695263e-03 -5.715974513966258996e+01 9.569835120799848882e-01 2.901175383677819242e-01 -3.790981217808958061e-03 4.738749699365848045e+01 4.748332632693492289e-03 -2.596017936316680815e-03 9.999853569068228865e-01 -8.768784040264377966e-01 -7.257237119470258201e-17 1.458272868907056689e-16 3.862229377250870008e-18 9.999999999999873435e-01
2.912842382607107039e-01 -9.566203898852528864e-01 -5.560773033312058598e-03 -5.692937028088766027e+01 9.566364932044530978e-01 2.912772619645884187e-01 2.043656532147729559e-03 4.815984332663516909e+01 -3.352767650283269493e-04 -5.914923350322586794e-03 9.999824504816229309e-01 -8.752320762812436650e-01 -7.658910570583254703e-17 1.485354611018832521e-16 4.018043660160709409e-18 9.999999999999865663e-01
2.911065508921794054e-01 -9.566595081117935662e-01 -7.717614076066131069e-03 -5.669385175570448610e+01 9.566782988983362213e-01 2.910523535830337738e-01 7.426970505512301042e-03 4.894452730066758050e+01 -4.858852209682993500e-03 -9.545313673278054550e-03 9.999426376258101490e-01 -8.813927939930314981e-01 -8.107969216615920162e-17 1.523585591508186362e-16 4.168478292540432911e-18 9.999999999999857891e-01
2.908222698006548979e-01 -9.567708332759762291e-01 -3.461210837155591965e-03 -5.644876316118747894e+01 9.567452160811007467e-01 2.907811470229118012e-01 9.214990075953416460e-03 4.973103111783038344e+01 -7.810178876287091586e-03 -5.991421240371719303e-03 9.999515508150476073e-01 -8.979986007735927256e-01 -8.512343536833456507e-17 1.559972269002715555e-16 4.315744166782071300e-18 9.999999999999850120e-01
2.902637094218608049e-01 -9.569429308467573003e-01 2.684417097480083607e-03 -5.620449293237404476e+01 9.569110967885737784e-01 2.902759656870172456e-01 7.811311509321949668e-03 5.051262351896929204e+01 -8.254201094768902000e-03 3.014082548460809497e-04 9.999658880768520497e-01 -9.083837231986852112e-01 -8.904878300595339238e-17 1.591898292683204026e-16 4.431525424451761530e-18 9.999999999999841238e-01
2.893604239427614577e-01 -9.572189615655040118e-01 1.550701518719293679e-03 -5.596740329671121827e+01 9.571999502333005116e-01 2.893644595463939484e-01 6.038611175744276055e-03 5.130272017677238949e+01 -6.228991025828979275e-03 -2.630036732902429376e-04 9.999805650610629204e-01 -9.109034549124165325e-01 -9.419739785776234389e-17 1.637261412540193495e-16 4.514883343599297659e-18 9.999999999999832356e-01
2.900503319117374024e-01 -9.569897173609996921e-01 -6.440948942868836985e-03 -5.573868402268500688e+01 9.570056985292865193e-01 2.900188210477108730e-01 5.401520222392776002e-03 5.211076457702824882e+01 -3.301202892110648851e-03 -7.730737575590575748e-03 9.999646682538215758e-01 -9.200479595194387405e-01 -9.923163234482429460e-17 1.650572582724043691e-16 4.613147184808658995e-18 9.999999999999820144e-01
2.893080620591931829e-01 -9.571968110395541185e-01 -8.666611987663934424e-03 -5.549490204673782756e+01 9.572350507520001051e-01 2.893089510365602912e-01 1.178330212009720329e-03 5.290985415495295996e+01 1.379434501902738900e-03 -8.636885195957793790e-03 9.999617499557357236e-01 -9.302313905690803297e-01 -1.043308529042000937e-16 1.636438208606774315e-16 4.714809477868550949e-18 9.999999999999809042e-01
2.884854260352971989e-01 -9.574523852668291868e-01 -7.815939622168801768e-03 -5.524669765015170242e+01 9.574675730684223396e-01 2.885190102421807956e-01 -3.553484415058614631e-03 5.371160537208183428e+01 5.657339293105739277e-03 -6.458380275895717407e-03 9.999631412388670926e-01 -9.317167053970306645e-01 -1.090390752347711306e-16 1.602555719370493567e-16 4.840640769559725273e-18 9.999999999999796829e-01
2.885969116794647737e-01 -9.574007487553125584e-01 -9.779000558832981124e-03 -5.500303923945813978e+01 9.574243074568489220e-01 2.886497269982163383e-01 -4.475555248389375892e-03 5.452401129938440505e+01 7.107605787525289251e-03 -8.071021414921242601e-03 9.999421686043921120e-01 -9.277549660118747932e-01 -1.150302650747299957e-16 1.560122327941240642e-16 5.020433892887713094e-18 9.999999999999783507e-01
2.889201577689232137e-01 -9.572306321900195814e-01 -1.531859105681466528e-02 -5.476823646006497626e+01 9.573378934663758777e-01 2.889690224497969973e-01 -1.030435794215552384e-03 5.535228140984852985e+01 5.412962989723362622e-03 -1.436735402096441482e-02 9.998821325386662018e-01 -9.266421762613146207e-01 -1.209655152120149376e-16 1.506482476770764332e-16 5.182938684098298371e-18 9.999999999999772404e-01
2.890111251214361743e-01 -9.572462200760277762e-01 -1.233870764267571210e-02 -5.451993969385248562e+01 9.573257353820131543e-01 2.889860811470729707e-01 3.805427532276772686e-03 5.617975047734245919e+01 -7.701635296987195439e-05 -1.291197326035558104e-02 9.999166340325403857e-01 -9.276509842154234686e-01 -1.258774054680720826e-16 1.420754920403388179e-16 5.232614471145404840e-18 9.999999999999756861e-01
2.880651695549620861e-01 -9.575924708416639897e-01 -5.926033810494067515e-03 -5.426282701100396366e+01 9.575951910283561075e-01 2.880196149584042242e-01 7.493431706528372316e-03 5.700777832890127428e+01 -5.468839806610044027e-03 -7.833338153886260091e-03 9.999543642609367566e-01 -9.347374464579870645e-01 -1.315980621669006107e-16 1.336647969695127207e-16 5.248139669950435239e-18 9.999999999999741318e-01
2.875929564577888731e-01 -9.577098548346993923e-01 -9.062303706299840514e-03 -5.401584774192732397e+01 9.577207739790027929e-01 2.874931929811053166e-01 1.088958579346602402e-02 5.784703811394875572e+01 -7.823713001182789478e-03 -1.181092469256977799e-02 9.998996407503789596e-01 -9.443384934448519896e-01 -1.366440474546666769e-16 1.275327679791806573e-16 5.285832934072922860e-18 9.999999999999724665e-01
2.881693239407960849e-01 -9.575263583751719709e-01 -1.008532381169841702e-02 -5.376733044208286572e+01 9.575515467579228668e-01 2.880645080393158253e-01 1.067120001423980079e-02 5.867567960439988894e+01 -7.312731446894838241e-03 -1.273232990918277477e-02 9.998922000564970380e-01 -9.608761995418402257e-01 -1.407361748531762406e-16 1.181065321187044201e-16 5.238561107547711939e-18 9.999999999999706901e-01
2.863060818046697098e-01 -9.581199734661212108e-01 -5.911342236756471184e-03 -5.351320417584440747e+01 9.581346802529148166e-01 2.862828340009990757e-01 4.480340742841735363e-03 5.950724219452541064e+01 -2.600388145362579530e-03 -6.946610807109595068e-03 9.999724909114939830e-01 -9.569424115729527891e-01 -1.447239645999490750e-16 1.123742203035305225e-16 5.217295303728670270e-18 9.999999999999688027e-01
2.858839772290429071e-01 -9.582506215484155598e-01 -5.108607039614275654e-03 -5.326237091117024391e+01 9.582617330422792401e-01 2.858913589178502246e-01 -7.628126161583881739e-04 6.034552805458987734e+01 2.191472272291627912e-03 -4.677306730621901519e-03 9.999866600365100444e-01 -9.606248932383946171e-01 -1.490676748933037020e-16 1.089910446393135102e-16 5.262685745573968156e-18 9.999999999999668043e-01
2.858425765633131888e-01 -9.582456250801234532e-01 -7.703469254755506736e-03 -5.301530060545655232e+01 9.582689933408204963e-01 2.858630822267346772e-01 -1.683633446137715664e-03 6.119440174830420176e+01 3.815471849003914014e-03 -6.900741605751402330e-03 9.999689104866238409e-01 -9.674621240595405736e-01 -1.529883404881853388e-16 1.081611707229991574e-16 5.331207950217661976e-18 9.999999999999648059e-01
2.850827593008579131e-01 -9.584826826978085634e-01 -6.226340653446130018e-03 -5.275983272722710637e+01 9.585026980852121570e-01 2.850809588028470620e-01 1.193604457675777938e-03 6.203858707120058824e+01 6.309619606446640553e-04 -6.308240367830831447e-03 9.999799037932758372e-01 -9.704029782905305712e-01 -1.581744344071706399e-16 1.070349181334406147e-16 5.423267950811936890e-18 9.999999999999630296e-01
2.843396544822386907e-01 -9.587211825713095603e-01 -2.157539826946295279e-03 -5.250240820953319343e+01 9.587174116025257709e-01 2.843290035768680224e-01 4.235848831988378756e-03 6.289035559300645417e+01 -3.447546852224341127e-03 -3.272890791643091879e-03 9.999887012394236274e-01 -9.690900432866366154e-01 -1.625624982357311398e-16 1.043305562934356894e-16 5.515628043008897958e-18 9.999999999999610312e-01
2.836501120707242141e-01 -9.589278429788589131e-01 -7.669612463520628857e-05 -5.225477335695240555e+01 9.589078900497243207e-01 2.836436922020271756e-01 6.474123460560277446e-03 6.374404651951198275e+01 -6.186462873245145676e-03 -1.909930364193904639e-03 9.999790397018636368e-01 -9.653578674101157553e-01 -1.646304249002552905e-16 1.005756424079710998e-16 5.606852882849763319e-18 9.999999999999589217e-01
2.834464648187011160e-01 -9.589719121121029755e-01 -5.565371681887295273e-03 -5.201366785503915224e+01 9.589820917991360716e-01 2.834194508329860862e-01 5.173248329943738212e-03 6.459585401675279570e+01 -3.383665257034618526e-03 -6.803430727885153260e-03 9.999711316531574301e-01 -9.647517115785998465e-01 -1.654879162582282714e-16 9.728837566551013574e-17 5.710942527750153177e-18 9.999999999999569233e-01
2.834989754823255548e-01 -9.589637726223304570e-01 -4.100451016913660325e-03 -5.176126802321975617e+01 9.589720998890797210e-01 2.835003467102522046e-01 2.550484329392846980e-04 6.544519350112568645e+01 9.178970775115152022e-04 -4.004524091616582133e-03 9.999915605902333082e-01 -9.739010839104995654e-01 -1.674629250441654422e-16 9.754776554857209666e-17 5.816579565555384612e-18 9.999999999999551470e-01
2.830073241335289702e-01 -9.591136846949965822e-01 -2.791830527075780510e-03 -5.150846739610296510e+01 9.591083392606298830e-01 2.830162421434869735e-01 -3.605585099606331122e-03 6.629767903490967740e+01 4.248299394840721402e-03 -1.657260949343820162e-03 9.999896026651134973e-01 -9.867732803379374307e-01 -1.690859994565080254e-16 9.938573430446824491e-17 5.939992799034771162e-18 9.999999999999532596e-01
2.835534599766376118e-01 -9.589435351632634719e-01 -4.973098027276103700e-03 -5.125848081256892641e+01 9.589545302106335933e-01 2.835594089085509140e-01 -5.202001135030302845e-04 6.715477073739739922e+01 1.909011272895034649e-03 -4.621470340372182614e-03 9.999874987657521030e-01 -9.915380416731855995e-01 -1.701507036030686762e-16 9.944823235822181755e-17 6.081355113100221603e-18 9.999999999999513722e-01
2.839137593414640670e-01 -9.588382152248426937e-01 -4.717444347066083662e-03 -5.101118093958857003e+01 9.588409796566143006e-01 2.838865790695679903e-01 5.690865975509776069e-03 6.801754853628018793e+01 -4.117400637401072254e-03 -6.138994112229790613e-03 9.999726795084009634e-01 -9.833955407751389100e-01 -1.711737660164715992e-16 9.770191938260889824e-17 6.213187863046929716e-18 9.999999999999495959e-01
2.832199090699355493e-01 -9.590485579720772202e-01 -3.513766957575625762e-03 -5.075755924190590918e+01 9.590213266945378789e-01 2.831773663789872164e-01 9.416693471959126580e-03 6.887523253118057198e+01 -8.036047022031173048e-03 -6.036772518215207869e-03 9.999494883871637985e-01 -9.794348094346130296e-01 -1.723266458774423126e-16 9.510394550481040897e-17 6.324083472133041403e-18 9.999999999999479305e-01
2.832267942529153038e-01 -9.590454767546549020e-01 -3.789001688069304399e-03 -5.050939535450035578e+01 9.590117363748925650e-01 2.831757780640292155e-01 1.039077539393162310e-02 6.972411122809242556e+01 -8.892272640418112314e-03 -6.576643092625952987e-03 9.999388357558902651e-01 -9.860710638387940596e-01 -1.736075803898007184e-16 9.457296382806172868e-17 6.450884547295254187e-18 9.999999999999463762e-01
2.835790114704738185e-01 -9.589381546597464112e-01 -4.534290609369009961e-03 -5.025521524115734451e+01 9.588940011659259355e-01 2.835090312173121352e-01 1.203842790696409148e-02 7.058824801472199795e+01 -1.025859550418795237e-02 -7.761749550380165133e-03 9.999172548076769029e-01 -1.004056000442641317e+00 -1.756820745712671370e-16 9.587129419401116820e-17 6.582775735006193990e-18 9.999999999999450440e-01
2.836540301502369910e-01 -9.589004668362358652e-01 -7.091253832729337361e-03 -5.001128611716215033e+01 9.588778926765545441e-01 2.835572408485022566e-01 1.218515895714112479e-02 7.144572557815389757e+01 -9.673578241510346828e-03 -1.025601597777411021e-02 9.999006130712139173e-01 -1.017687587370983415e+00 -1.774591397517319741e-16 9.596518540046843205e-17 6.705135192346699305e-18 9.999999999999437117e-01
2.838050255877799799e-01 -9.588335661757863004e-01 -9.638455575860245539e-03 -4.976539781062645318e+01 9.588647212785581520e-01 2.837252119859359212e-01 8.857221414915045221e-03 7.229289144002459011e+01 -5.757928344191936935e-03 -1.175569896959744419e-02 9.999143212309935524e-01 -1.028323879925691298e+00 -1.797024944622108024e-16 9.545116073701624285e-17 6.835970467981932578e-18 9.999999999999423794e-01
2.837769190191815061e-01 -9.588430204207899488e-01 -9.524831886314448146e-03 -4.951428832509447631e+01 9.588880825938247421e-01 2.837837486414599431e-01 6.550319160880191741e-04 7.313013860206979189e+01 2.074919716986979492e-03 -9.319130723501659747e-03 9.999544232167006941e-01 -1.021781470816014004e+00 -1.817729461762762945e-16 9.208411566094868276e-17 6.954464141117812882e-18 9.999999999999409361e-01
2.834977318244704669e-01 -9.589299808001809922e-01 -9.073476350931001730e-03 -4.926173022797219403e+01 9.589333729227497161e-01 2.835592681564068074e-01 -6.397479025493952622e-03 7.397335808045272643e+01 8.707602752794710299e-03 -6.887188488209826549e-03 9.999383702453589207e-01 -1.019951635985049343e+00 -1.836021212607562202e-16 9.248721126747211959e-17 7.123974741700565049e-18 9.999999999999397149e-01
2.835604791543520076e-01 -9.589078719522551308e-01 -9.441809672827781996e-03 -4.900804687360789558e+01 9.589194598027687144e-01 2.836204109691360942e-01 -5.738649105183651032e-03 7.483034697578813166e+01 8.180725741035827989e-03 -7.426680941062861058e-03 9.999389582051825265e-01 -1.018204210473594884e+00 -1.850017076104888808e-16 9.299277147955401447e-17 7.317868642993644811e-18 9.999999999999387157e-01
2.838372040686225617e-01 -9.588386226449200356e-01 -8.058369006619067396e-03 -4.875756399933880658e+01 9.588702316908371825e-01 2.838447310889564701e-01 2.177395085953005014e-04 7.568674612782120903e+01 2.078548533185091505e-03 -7.788732729760532852e-03 9.999675071112933411e-01 -1.011561815679970833e+00 -1.863428735484161231e-16 9.413559685065067787e-17 7.521285800415500155e-18 9.999999999999378275e-01
2.835508527027770231e-01 -9.589298888928098341e-01 -7.237549288194624654e-03 -4.850655666782036946e+01 9.589436545468332795e-01 2.834986547330083373e-01 7.455210878345545043e-03 7.654497621104978577e+01 -5.097189052475958708e-03 -9.054333366016024259e-03 9.999460173984264788e-01 -1.008606677072327651e+00 -1.872262053153028279e-16 9.559086947676528282e-17 7.703018732338138737e-18 9.999999999999368283e-01
2.833733194029733893e-01 -9.589835364824096375e-01 -7.080861979951531306e-03 -4.825617024180077408e+01 9.589653466211760513e-01 2.832815032399357280e-01 1.170700227040051555e-02 7.739979203633178884e+01 -9.220945212960428294e-03 -1.010775335660006255e-02 9.999063993651480242e-01 -1.014110528269954514e+00 -1.886101636687388141e-16 9.876927648850206902e-17 7.868865788616321284e-18 9.999999999999359401e-01
2.832736093345666895e-01 -9.590134189916658114e-01 -7.023136666128837989e-03 -4.800553726725483017e+01 9.589944342411952372e-01 2.831821066696357247e-01 1.172900493961106377e-02 7.825170617936508677e+01 -9.259446491962705986e-03 -1.005766653687702877e-02 9.999065486306250028e-01 -1.024188341830358118e+00 -1.893321798269019909e-16 9.943284601672256520e-17 8.009022587886964271e-18 9.999999999999350520e-01
2.839415477107135044e-01 -9.587869633432545280e-01 -1.023505773373150837e-02 -4.775983744997011371e+01 9.588225707988631275e-01 2.838525034345478759e-01 9.329202587742460584e-03 7.910075088811716171e+01 -6.039471058997405301e-03 -1.246255259019922283e-02 9.999041001877014834e-01 -1.033869556919583932e+00 -1.906556958480756514e-16 1.027992517755505373e-16 8.143277259510069086e-18 9.999999999999339417e-01
2.841795492840720749e-01 -9.586871998612476187e-01 -1.268213669095770955e-02 -4.751050646291755442e+01 9.587640426523927895e-01 2.841019214576023244e-01 7.590042244284308896e-03 7.995012291880354383e+01 -3.673456943910561549e-03 -1.431611142731818373e-02 9.998907713683503617e-01 -1.040977202160466186e+00 -1.922121696598203502e-16 1.067671843817078904e-16 8.285416589196289419e-18 9.999999999999329425e-01
2.834674135834492348e-01 -9.588991158626427591e-01 -1.259805676666814200e-02 -4.725797718422353455e+01 9.589773274841802975e-01 2.834011792134534802e-01 6.801249301509261665e-03 8.080694186899934550e+01 -2.951407798504854327e-03 -1.400918335822606657e-02 9.998975107347524149e-01 -1.044817882564449851e+00 -1.945165521201363402e-16 1.105511610637743873e-16 8.410290098086690037e-18 9.999999999999317213e-01
2.825691462886169014e-01 -9.591674338925246790e-01 -1.234954759878362403e-02 -4.700543514266892942e+01 9.592371558580775615e-01 2.824847231019735339e-01 8.152302475558976039e-03 8.166202832135290635e+01 -4.330864511918839158e-03 -1.414973406559393021e-02 9.998905083249680636e-01 -1.049109845784585326e+00 -1.975742945329631245e-16 1.149437623606589999e-16 8.561147189704631089e-18 9.999999999999307221e-01
2.824164651743238386e-01 -9.591954534069087046e-01 -1.360229253090797230e-02 -4.675767871768593409e+01 9.592599495311743274e-01 2.822629500829288429e-01 1.216454833867648515e-02 8.251821579941567109e+01 -7.828756241541027713e-03 -1.648360318895529877e-02 9.998334868374479933e-01 -1.049934506604814466e+00 -1.994026738548680702e-16 1.154719421858203684e-16 8.680579863263293036e-18 9.999999999999296119e-01
2.821618836338437020e-01 -9.592760653926747372e-01 -1.319476369966890265e-02 -4.650763317829958510e+01 9.593208187145174648e-01 2.819870037938093654e-01 1.367100847262942356e-02 8.337253251659767272e+01 -9.393519336136385567e-03 -1.651544901691924527e-02 9.998194845761709804e-01 -1.056295741482921269e+00 -2.011326250802707111e-16 1.153301657029496015e-16 8.814129596113255197e-18 9.999999999999286127e-01
2.812355326188504256e-01 -9.595644830013078108e-01 -1.194060949711718209e-02 -4.625364235725381690e+01 9.595984016865809485e-01 2.810877967475768346e-01 1.267114835045923815e-02 8.422447452929876022e+01 -8.802424300572807628e-03 -1.502176694382829567e-02 9.998484204339307402e-01 -1.062291494303910566e+00 -2.025107532553833974e-16 1.184106019658195103e-16 8.963422729463444303e-18 9.999999999999278355e-01
2.806119494252806712e-01 -9.597242175111908580e-01 -1.365137950585744095e-02 -4.601274195869552130e+01 9.597931504067513941e-01 2.804664020112209721e-01 1.164928218981788055e-02 8.507717778630554051e+01 -7.351344941691498325e-03 -1.637142832801215600e-02 9.998389540630813199e-01 -1.077495332229608138e+00 -2.046607758623622707e-16 1.171738275785699939e-16 9.081417088436143347e-18 9.999999999999268363e-01
2.798567036372308636e-01 -9.599492627130328248e-01 -1.332810737289002144e-02 -4.576645852614102949e+01 9.600177051954484897e-01 2.797243922320614140e-01 1.096677263608461343e-02 8.593469668426529040e+01 -6.799348571864489120e-03 -1.586434389419125526e-02 9.998510346305148344e-01 -1.091183369614334486e+00 -2.072245348006208934e-16 1.152156203977460610e-16 9.216536993460638027e-18 9.999999999999256151e-01
2.784225924406082409e-01 -9.604162459113184669e-01 -9.027436424283680899e-03 -4.551315507066647115e+01 9.604430108663926102e-01 2.783520798427133736e-01 8.327215952793957238e-03 8.677772138629526921e+01 -5.484787779926742629e-03 -1.098882327313164230e-02 9.999245785887977966e-01 -1.092723520315912689e+00 -2.098374166811418162e-16 1.121841377467833014e-16 9.368802192391367647e-18 9.999999999999246159e-01
2.771055551943227280e-01 -9.607371540047306979e-01 -1.402256023233165901e-02 -4.527325082031453007e+01 9.608389136462357483e-01 2.770599979626264808e-01 5.132207368159718598e-03 8.762507982799951378e+01 -1.045611791244837338e-03 -1.489558471229649253e-02 9.998885079107384666e-01 -1.094068749552406405e+00 -2.097617622663642823e-16 1.068485180603007804e-16 9.495696614603364633e-18 9.999999999999233946e-01
2.764013872724847554e-01 -9.608004468124436981e-01 -2.155862980307067522e-02 -4.504111493979057457e+01 9.610334485302945984e-01 2.764254881292736998e-01 1.913195983184144255e-03 8.847799842274351079e+01 4.121155211232884960e-03 -2.124737436910638030e-02 9.997657551456961000e-01 -1.103802510651682223e+00 -2.082269067044660198e-16 9.940810062433658667e-17 9.566279504825640579e-18 9.999999999999222844e-01
2.750737435236470518e-01 -9.611498165473061350e-01 -2.292304026728829783e-02 -4.480554829991989152e+01 9.614088904474098474e-01 2.751212404060991434e-01 1.117339029075363824e-03 8.932671942731857939e+01 5.232685069402544416e-03 -2.234576533856485678e-02 9.997366082015285427e-01 -1.106564820109269487e+00 -2.038573075733805957e-16 9.270266766285881340e-17 9.596195341886687173e-18 9.999999999999212852e-01
2.737936970849865204e-01 -9.615510531328816946e-01 -2.136781822525004801e-02 -4.456531816921958722e+01 9.617857646989983467e-01 2.737777986268975505e-01 3.722875474402171682e-03 9.018123177552466530e+01 2.270299402077991923e-03 -2.157056323164200165e-02 9.997647506000557627e-01 -1.094502153203404271e+00 -1.975552481130300388e-16 8.430154998764348114e-17 9.519921165631674894e-18 9.999999999999202860e-01
2.732949460450161405e-01 -9.617520849150081874e-01 -1.851484885194409208e-02 -4.432665637304753403e+01 9.619283453962834685e-01 2.732051181371571436e-01 7.267857130137557811e-03 9.103547243805252265e+01 -1.931525279885151205e-03 -1.979622654365393794e-02 9.998021697439057887e-01 -1.085173381906230361e+00 -1.901912540615871017e-16 7.431421515554235373e-17 9.421069377110468711e-18 9.999999999999193978e-01
2.722096332828184972e-01 -9.620420556532622847e-01 -1.941645442915699432e-02 -4.409513665502699808e+01 9.622286966190072288e-01 2.720629860529535926e-01 9.882662762580133112e-03 9.189160078246366936e+01 -4.225038628881573090e-03 -2.137322564478673012e-02 9.997626389668784475e-01 -1.089238669354422262e+00 -1.837409967338608247e-16 6.586569080029355609e-17 9.369171783247703530e-18 9.999999999999186207e-01
2.712695352839418761e-01 -9.623435354037822576e-01 -1.754306397131581360e-02 -4.386420155003390420e+01 9.624893416294895143e-01 2.711219139524669863e-01 1.035253712056901330e-02 9.274242963907036597e+01 -5.206388092512528182e-03 -1.969334002561952748e-02 9.997925114150233439e-01 -1.097886042980591892e+00 -1.776045940106217240e-16 6.024745164997881527e-17 9.303827820240826421e-18 9.999999999999180655e-01
2.698420828279027850e-01 -9.628001046130038043e-01 -1.418481203274465918e-02 -4.362790387322909424e+01 9.628828786198883050e-01 2.697077923411271838e-01 1.068965909703410537e-02 9.359646021613713174e+01 -6.466250558775796242e-03 -1.654283251823298120e-02 9.998422487052035512e-01 -1.110337573855693760e+00 -1.722570514225788794e-16 5.660703663718435893e-17 9.305880809390764968e-18 9.999999999999178435e-01
2.689346184384597827e-01 -9.630533661475798590e-01 -1.422620670769841368e-02 -4.340171083540533914e+01 9.631218730980054543e-01 2.687663762657918620e-01 1.268434269524045151e-02 9.444817034616640683e+01 -8.392172905184578161e-03 -1.711282971428286850e-02 9.998183447471804541e-01 -1.115642985926988517e+00 -1.649427258220342087e-16 5.125114991775242852e-17 9.270868160051262533e-18 9.999999999999176215e-01
2.685649019909103763e-01 -9.630751143202896936e-01 -1.895303658221281912e-02 -4.318326533720137661e+01 9.632246187076929367e-01 2.683302138164661010e-01 1.404386944908633458e-02 9.529840879233468343e+01 -8.439628816601416061e-03 -2.202772185741887212e-02 9.997217373525004724e-01 -1.113912348412988695e+00 -1.581357576681942825e-16 4.620079406778214738e-17 9.289797739374663371e-18 9.999999999999170663e-01
2.683295734833134327e-01 -9.630375581569708965e-01 -2.361994016575841987e-02 -4.296526550654576226e+01 9.632986689961606785e-01 2.680523522381795809e-01 1.426922458601639389e-02 9.615011013494986969e+01 -7.410418680953411927e-03 -2.658191187054362997e-02 9.996191713128408374e-01 -1.118497166694329970e+00 -1.506544360981631172e-16 4.262658704087194614e-17 9.356809480938994450e-18 9.999999999999167333e-01
2.687050918129564314e-01 -9.628653680248416835e-01 -2.622702217729898019e-02 -4.273864927401457692e+01 9.632088133438299060e-01 2.684565296021478309e-01 1.264411369896830707e-02 9.699955860871757807e+01 -5.133763834587429069e-03 -2.865963664130913302e-02 9.995760449792545632e-01 -1.127957252621094142e+00 -1.417556206189494464e-16 4.393135004850919875e-17 9.493445438208673987e-18 9.999999999999167333e-01
2.702323209025453976e-01 -9.623983495035226543e-01 -2.763891482369215669e-02 -4.250501122486391381e+01 9.627827157673691794e-01 2.699715916390444392e-01 1.283674133059438567e-02 9.784456685320894564e+01 -4.892336843437982384e-03 -3.007917187740512949e-02 9.995355463710476895e-01 -1.141395761638545725e+00 -1.345868061342705721e-16 4.653263047561150203e-17 9.599357186304778601e-18 9.999999999999167333e-01
2.713858702968011127e-01 -9.620947626196221236e-01 -2.689567145942602794e-02 -4.226604360952996586e+01 9.624389862143681862e-01 2.710443793699062187e-01 1.568892052211275090e-02 9.869620832274345901e+01 -7.804307687022475279e-03 -3.014319412287106217e-02 9.995151227617740108e-01 -1.153069003181233843e+00 -1.269097984928279055e-16 5.483981034272508660e-17 9.760217817467478446e-18 9.999999999999169553e-01
