1 0 0 0 0 1 0 0 0 0 1 0
0.99986682 0.00051051076 0.016312154 0.0034711082 -0.00049953708 0.99999965 -0.00067680026 0.0022122331 -0.016312495 0.00066856162 0.99986672 0.096925891
0.99932172 0.0026324382 0.03673097 0.025853109 -0.0026191522 0.99999649 -0.0004098291 0.0062133808 -0.036731923 0.00031334716 0.99932511 0.24373119
0.99797425 0.0048651377 0.063432781 0.051953995 -0.0049093064 0.9999878 0.00054045699 0.0034262997 -0.063429384 -0.00085077309 0.99798597 0.4111747
0.99525643 0.00424609 0.097193656 0.092591462 -0.004607331 0.99998329 0.0034925788 0.005531545 -0.09717721 -0.0039238148 0.99525936 0.57537689
0.99079022 0.0011675756 0.13540082 0.17764851 -0.0019069484 0.99998397 0.005331052 0.004862657 -0.13539244 -0.0055401565 0.99077656 0.79489143
0.98453226 -0.0020202766 0.17519176 0.23317918 0.00097617679 0.99998125 0.0060457253 -0.0016717822 -0.1752007 -0.0057811934 0.98451577 0.97275847
0.97605972 -0.0025387815 0.21748789 0.33593656 0.001060596 0.99997554 0.006913095 0.00026445674 -0.21750014 -0.0065169267 0.97603854 1.1720301
0.96404731 -0.0023418031 0.26572032 0.42497847 -0.00038541212 0.99994779 0.010210873 0.013067152 -0.26573038 -0.0099461764 0.96399608 1.3796935
0.94989165 -0.0062527371 0.31251679 0.56530892 0.00096383947 0.99985374 0.017075177 0.013002422 -0.31257788 -0.015918352 0.94975875 1.5947444
0.93261579 -0.015894207 0.36052067 0.69395488 0.0072968628 0.99965591 0.025195694 0.0017415266 -0.36079711 -0.020867233 0.93241086 1.8304524
0.91156531 -0.021598181 0.41058762 0.8523103 0.010107059 0.99949467 0.030137351 -0.00015839203 -0.41103109 -0.023322331 0.91132296 2.0473237
0.8865303 -0.023371031 0.46207986 1.0597902 0.0085974862 0.99938309 0.034051866 0.005140875 -0.46259066 -0.026215286 0.88618432 2.2948367
0.85795258 -0.025572881 0.51309198 1.2183048 0.0067667618 0.99923616 0.03848781 0.025547041 -0.51368435 -0.029548744 0.85747028 2.5147245
0.82610451 -0.03065791 0.56268233 1.4524838 0.007781143 0.99904437 0.043009304 0.024609006 -0.56346324 -0.031151869 0.82555361 2.7462692
0.78976398 -0.036416305 0.6123289 1.6737593 0.0099477291 0.99886531 0.046574032 0.03287321 -0.6133302 -0.030691211 0.7892301 2.9353476
0.75213534 -0.040969214 0.65773393 1.9358027 0.010959999 0.99870531 0.049674751 0.038606726 -0.65891756 -0.030153372 0.75161058 3.1597503
0.71230443 -0.044258508 0.7004738 2.2360802 0.012257155 0.99864207 0.050633703 0.05241732 -0.70176363 -0.027480795 0.71187966 3.3958345
0.67049663 -0.045978505 0.74048646 2.5279612 0.011445889 0.9986001 0.051641335 0.064614496 -0.74182431 -0.026149816 0.67008427 3.5936263
0.62829343 -0.046543 0.77658294 2.8709777 0.0070628711 0.99850894 0.0541295 0.092609792 -0.77794443 -0.028524304 0.62768533 3.8318137
0.58572169 -0.04723588 0.80913461 3.2128208 0.0039934301 0.9984564 0.055397368 0.10081213 -0.81050244 -0.029216217 0.5850062 4.0014588
0.54593451 -0.048348424 0.83643164 3.5839872 0.0019966041 0.99840581 0.056407876 0.12641021 -0.83782551 -0.029124983 0.54516072 4.221467
0.50725432 -0.050976004 0.86028742 4.0253437 0.0012801372 0.99829252 0.058398632 0.1410373 -0.8617955 -0.028521672 0.50645345 4.425334
0.46963683 -0.050709471 0.88140214 4.4336089 -0.0022073209 0.99827853 0.058609813 0.16403882 -0.88285698 -0.029470864 0.46871643 4.6041646
0.43303357 -0.050083854 0.89998526 4.8698489 -0.0031938292 0.99836362 0.057095305 0.18675044 -0.90137217 -0.027598583 0.43216501 4.8182406
0.39972309 -0.048967641 0.91532702 5.3782985 -0.0016330743 0.99853245 0.054132081 0.20783471 -0.91663453 -0.023132639 0.39905651 4.9996412
0.36976337 -0.047170383 0.92792776 5.884236 0.00015537998 0.99871357 0.0507068 0.22824299 -0.92912599 -0.018605336 0.36929503 5.1764879
0.3449217 -0.045320278 0.93753667 6.432468 0.0012373991 0.99885477 0.047829136 0.25096323 -0.93863068 -0.0153372 0.34458277 5.3531821
0.32351636 -0.044831196 0.94515991 6.9912302 0.0022734512 0.99891092 0.046602561 0.27580501 -0.94621989 -0.012927915 0.32326595 5.5234263
0.30839833 -0.045278913 0.95017904 7.570995 0.0031053405 0.99890912 0.046593153 0.30353852 -0.95125228 -0.011418621 0.30820251 5.7064356
0.29564389 -0.046871722 0.95414761 8.1890642 0.0046097105 0.99885395 0.04763956 0.32621321 -0.95528714 -0.0096859997 0.29552113 5.9014882
0.28606502 -0.048690029 0.95697231 8.823574 0.0032002264 0.99875114 0.049859069 0.35059352 -0.9582049 -0.011200407 0.28586358 6.0941279
0.27515371 -0.050459257 0.96007511 9.4816494 0.001760253 0.99864647 0.051981993 0.38113608 -0.96139868 -0.012613063 0.2748701 6.2791921
0.26477895 -0.051886052 0.96291218 10.185908 0.00073784277 0.99856199 0.053604135 0.4118221 -0.96430889 -0.013482768 0.26443648 6.4781405
0.25378403 -0.053997744 0.96575247 10.915753 2.4051052e-05 0.9984409 0.055819119 0.43890902 -0.96726095 -0.014142773 0.25338965 6.6639667
0.24484078 -0.055686002 0.9679628 11.613606 -0.0001941182 0.99834646 0.057483046 0.47028921 -0.96956332 -0.014262093 0.24442512 6.8421608
0.23352006 -0.057147081 0.97067117 12.383356 -0.00099369632 0.99825688 0.059010216 0.50059027 -0.97235152 -0.014744621 0.23305622 7.0110052
0.22409122 -0.059939293 0.97272315 13.147338 -0.002046414 0.99807573 0.061972963 0.53829185 -0.97456607 -0.015878191 0.22353735 7.1940275
0.21233923 -0.063427404 0.97513534 13.909564 -0.004499066 0.99781725 0.065882429 0.57874953 -0.9771857 -0.018376622 0.21159038 7.3767936
0.20007674 -0.067188974 0.97747371 14.7025 -0.0043428973 0.99757531 0.069459641 0.6203478 -0.97977065 -0.018142326 0.19929982 7.5250023
0.18681153 -0.069657306 0.97992307 15.469878 -0.0050960571 0.9974009 0.071871214 0.65713277 -0.9823826 -0.018420115 0.18597101 7.6644512
0.17150419 -0.07050765 0.98265706 16.271843 -0.0054684738 0.99735222 0.072516475 0.69618937 -0.98516826 -0.017810513 0.17066451 7.7842415
0.15767494 -0.069619322 0.98503385 17.06096 -0.0071469382 0.99740511 0.0716377 0.7354086 -0.98746525 -0.018335446 0.15676823 7.9293327
0.14246145 -0.068461514 0.98742983 17.892419 -0.0089156937 0.99747587 0.070444347 0.77788223 -0.98976024 -0.018839225 0.14149147 8.0454904
0.12108362 -0.067070487 0.99037378 18.728123 -0.011123534 0.99756037 0.068917148 0.81527527 -0.99258003 -0.019361194 0.12004216 8.149822
0.095895365 -0.065721718 0.99321934 19.55279 -0.015358416 0.99760143 0.067494538 0.85383808 -0.99527297 -0.021726689 0.09465597 8.228803
0.066069437 -0.06534116 0.99567328 20.343877 -0.019420693 0.99758038 0.066755003 0.8931004 -0.99762606 -0.02374713 0.064640601 8.2767859
0.033059748 -0.06491694 0.99734285 21.216505 -0.023074449 0.99757281 0.065696775 0.93163588 -0.99918702 -0.025185055 0.031481581 8.3037647
-0.00067645158 -0.064329941 0.99792841 22.056664 -0.023868106 0.99764543 0.064295519 0.96814839 -0.99971493 -0.023775168 -0.0022102942 8.2905818
-0.035199648 -0.063336303 0.99737125 22.901386 -0.025175036 0.99772925 0.062470548 0.99575421 -0.9990632 -0.022909915 -0.036714213 8.2391772
-0.069955941 -0.061254656 0.99566759 23.731771 -0.027096751 0.99786132 0.05948579 1.0333553 -0.99718204 -0.022817972 -0.071466131 8.2019998
-0.10138683 -0.058075096 0.9931505 24.599659 -0.029442857 0.99803254 0.055354871 1.0668609 -0.99441134 -0.023628933 -0.10289725 8.1275774
-0.13381925 -0.05352976 0.98955894 25.419064 -0.027158913 0.99836314 0.050333287 1.095614 -0.99063358 -0.020139781 -0.13505402 7.9797648
-0.16515309 -0.048210865 0.98508887 26.279553 -0.022266264 0.99873224 0.045145574 1.110802 -0.98601661 -0.014478317 -0.16601719 7.8477912
-0.19587224 -0.042040115 0.97972783 27.095669 -0.016213549 0.99908291 0.039629145 1.1304296 -0.98049542 -0.0081226154 -0.19637422 7.6305522
-0.22483728 -0.036304877 0.97371971 27.886406 -0.010706044 0.99933737 0.03478794 1.1397324 -0.97433755 -0.0026030592 -0.22507698 7.4478309
-0.25184166 -0.029526289 0.96731789 28.705612 -0.0012104388 0.9995433 0.030194796 1.1579964 -0.96776774 0.0064334293 -0.25176238 7.2172283
-0.279577 -0.019156991 0.9599321 29.512162 0.0053728892 0.99975406 0.021516538 1.1544952 -0.96010828 0.011173139 -0.27940531 6.9706607
-0.3044508 -0.0041386955 0.95251903 30.314397 0.0089683258 0.99993378 0.0072112324 1.1429892 -0.95248588 0.010737968 -0.30439352 6.7012647
-0.32956774 0.012649811 0.94404714 31.05433 0.0093799542 0.99990476 -0.010123726 1.1232538 -0.94408538 0.0055186663 -0.32965501 6.4273909
-0.35522792 0.026654014 0.9343996 31.80017 0.0084242419 0.99964409 -0.025312511 1.0952234 -0.9347418 -0.0011201016 -0.35532603 6.1279886
-0.37986543 0.037866151 0.92426638 32.573807 0.012461358 0.99928064 -0.035817889 1.0595474 -0.92495786 -0.0020883628 -0.38006403 5.8209327
-0.40262487 0.043116543 0.91434901 33.342178 0.016404678 0.99906949 -0.03988793 1.0126434 -0.9152181 -0.0010602711 -0.40295754 5.4606825
-0.42561698 0.042138794 0.9039217 34.079917 0.018642761 0.99911147 -0.037798269 0.96371271 -0.90471139 0.00076401149 -0.42602439 5.116573
-0.44564337 0.038548184 0.89438021 34.825211 0.022797499 0.99923714 -0.03170824 0.9254944 -0.89492029 0.0062590654 -0.44618221 4.7288984
-0.46402294 0.03780536 0.88501604 35.541984 0.02997926 0.99918676 -0.026963975 0.88645876 -0.88531577 0.014020224 -0.46477896 4.325541
-0.47749664 0.038456007 0.87779157 36.251252 0.034012291 0.99910192 -0.025268773 0.84560668 -0.87797505 0.01778995 -0.47837579 3.9347353
-0.48909197 0.041844736 0.87122787 36.943951 0.036300116 0.99895969 -0.0276014 0.79470801 -0.87147657 0.01812605 -0.49010214 3.5393505
-0.49803567 0.044503074 0.86601379 37.637874 0.038053351 0.9988418 -0.029444801 0.7541094 -0.86632123 0.018290167 -0.49915233 3.1100659
-0.50890847 0.043532097 0.85971918 38.304913 0.031664239 0.99899127 -0.031840612 0.70445815 -0.86023811 0.011018397 -0.50977352 2.726796
-0.51986994 0.042328159 0.85319605 39.031324 0.030030284 0.99905985 -0.031266578 0.67643924 -0.85371745 0.0093671672 -0.52065232 2.3000464
-0.52859338 0.043897273 0.84773935 39.700051 0.03252196 0.99897608 -0.031450035 0.63852051 -0.84825198 0.010945865 -0.52947977 1.8764261
-0.53620806 0.047164952 0.84276706 40.377819 0.036353001 0.99880165 -0.032767843 0.59091666 -0.84330269 0.013066731 -0.53728009 1.4476299
-0.53957249 0.050195839 0.84044146 41.076753 0.036924452 0.99867156 -0.035940323 0.55124788 -0.8411291 0.011640432 -0.54070916 0.99560442
-0.53922126 0.051721238 0.84057438 41.776046 0.035966184 0.99861599 -0.03837367 0.50602391 -0.84139582 0.0095403549 -0.54033519 0.54253874
-0.53634921 0.052634998 0.84235326 42.512455 0.03876971 0.99853642 -0.037708476 0.46657622 -0.84310527 0.012432882 -0.53760487 0.091564667
-0.53052008 0.051668231 0.8460962 43.245389 0.03707891 0.99859975 -0.037731851 0.42244215 -0.84686106 0.011354822 -0.53169302 -0.36496066
-0.52347261 0.049958092 0.8505766 43.997229 0.034768708 0.99870056 -0.037260263 0.37613171 -0.85133285 0.010068723 -0.52452937 -0.8234634
-0.51626159 0.049510638 0.8549986 44.782609 0.033049413 0.99873569 -0.037878305 0.33089211 -0.85579307 0.0087020886 -0.51724517 -1.2794414
-0.50972658 0.047976569 0.85899767 45.597382 0.029949467 0.99882828 -0.038014438 0.2792182 -0.85981504 0.0063495542 -0.5105662 -1.7572416
-0.5055687 0.045996508 0.86155937 46.408718 0.025974549 0.99893672 -0.038088705 0.23290124 -0.86239531 0.0031221602 -0.50622588 -2.21798
-0.50400492 0.042888801 0.86263522 47.245166 0.021033006 0.99907961 -0.037383805 0.18996806 -0.86344468 -0.00069780937 -0.50444312 -2.6850725
-0.50478813 0.040707715 0.86228288 48.08037 0.018456006 0.99916811 -0.036365649 0.13922451 -0.86304599 -0.0024426491 -0.5051195 -3.1616644
-0.50538516 0.03929821 0.86199851 48.940114 0.016519134 0.99921996 -0.035869006 0.090287249 -0.86273578 -0.0038881933 -0.50564011 -3.6627113
-0.50625973 0.03851357 0.86152059 49.800841 0.016757327 0.99925298 -0.034823588 0.042742099 -0.86221827 -0.0031929971 -0.50652693 -4.1599263
-0.50603859 0.037914274 0.86167708 50.668558 0.016484584 0.99927604 -0.034287774 -0.0091638457 -0.86235333 -0.0031465481 -0.50629724 -4.6828603
-0.50606273 0.037394598 0.86168561 51.555534 0.016807393 0.99929753 -0.033495666 -0.060500532 -0.86233293 -0.002468218 -0.50633574 -5.1845081
-0.50675484 0.036834315 0.86130291 52.438493 0.016542462 0.99931832 -0.033003757 -0.11238282 -0.86193152 -0.0024767428 -0.50701873 -5.6873572
-0.50663962 0.035477551 0.86142764 53.340392 0.014931924 0.9993642 -0.032376357 -0.15764778 -0.86202865 -0.0035403727 -0.50684725 -6.2134834
-0.50652297 0.034736275 0.86152644 54.24676 0.014244519 0.99938892 -0.031919938 -0.21768454 -0.86210883 -0.0038961512 -0.50670825 -6.7397048
-0.50589636 0.034044942 0.86192212 55.12618 0.013098425 0.99940882 -0.031787522 -0.26695363 -0.86249485 -0.0047913682 -0.50604322 -7.2520513
-0.50433849 0.032594164 0.86289063 56.02484 0.012686322 0.99945919 -0.030337953 -0.31928238 -0.86341288 -0.0043536884 -0.50447924 -7.7695667
-0.5029705 0.030376107 0.86376959 56.915642 0.013318527 0.99953595 -0.027395249 -0.37242481 -0.86420099 -0.0022748632 -0.50314166 -8.2794323
-0.49997415 0.029310788 0.86554414 57.815372 0.01364815 0.99956966 -0.025965691 -0.42342907 -0.86593282 -0.0011690973 -0.50015903 -8.7934692
-0.49743171 0.028778969 0.8670256 58.693687 0.013530376 0.99958538 -0.025416317 -0.47565345 -0.86739765 -0.00091169936 -0.49761486 -9.2995493
-0.4955965 0.029112753 0.8680648 59.587006 0.014226521 0.99957611 -0.025401096 -0.52429474 -0.8684364 -0.00023915179 -0.49580059 -9.8016129
-0.49448162 0.029636711 0.86868264 60.469034 0.014325085 0.99956066 -0.025947564 -0.57419269 -0.86907007 -0.00038663963 -0.49468892 -10.298303
-0.49542781 0.030990739 0.86809608 61.361332 0.013762868 0.99951798 -0.027827901 -0.62391306 -0.86854012 -0.0018392236 -0.49561552 -10.787015
-0.4980513 0.032599731 0.86653453 62.233245 0.012246079 0.99945786 -0.03056183 -0.67081129 -0.86706113 -0.0046097083 -0.49818051 -11.298908
-0.50203255 0.033444686 0.86420178 63.122878 0.011367751 0.99942085 -0.032073915 -0.72896802 -0.86477405 -0.0062781181 -0.50212199 -11.781746
-0.50780601 0.031877281 0.86088143 63.98231 0.01085838 0.9994726 -0.030604117 -0.77872189 -0.86140305 -0.006193176 -0.50788433 -12.303714
-0.51280747 0.02980385 0.85798611 64.848034 0.01435793 0.99955518 -0.026139978 -0.83094957 -0.85838361 -0.0010858703 -0.51300728 -12.828231
-0.51903157 0.02765811 0.85430744 65.701813 0.01162773 0.99961233 -0.025297951 -0.87802665 -0.85467602 -0.003196778 -0.51915195 -13.326599
-0.52324524 0.029915619 0.85165686 66.546635 0.012619542 0.99954606 -0.027357171 -0.93268065 -0.85208874 -0.0035669891 -0.52338524 -13.856408
-0.52807583 0.032426803 0.84857785 67.36937 0.013000176 0.99946227 -0.030102467 -0.97912435 -0.84909774 -0.0048647234 -0.52821342 -14.371518
-0.5331482 0.032198493 0.84540889 68.220683 0.011017483 0.99945501 -0.031117478 -1.0396894 -0.84595016 -0.0072759493 -0.53321239 -14.885194
-0.53697199 0.033110596 0.84295001 69.04398 0.010666312 0.99941606 -0.032461888 -1.0899683 -0.84353267 -0.0084399567 -0.5370116 -15.390079
-0.5396988 0.031771481 0.84125842 69.856889 0.010174394 0.99946078 -0.031218992 -1.1448421 -0.84179674 -0.0082895572 -0.53973104 -15.925519
-0.54276684 0.025525736 0.8394954 70.684226 0.012361907 0.99967258 -0.02240363 -1.1898224 -0.83979247 -0.0017821827 -0.54290468 -16.450676
-0.54421981 0.017910022 0.83875144 71.51093 0.013286192 0.99983071 -0.012728896 -1.2229845 -0.83883749 0.0042164956 -0.54436564 -16.998029
-0.54711661 0.015265279 0.83691716 72.326903 0.014108242 0.99985984 -0.0090143754 -1.2536477 -0.83693753 0.0068755159 -0.54725529 -17.500765
-0.54711196 0.019941932 0.83682182 73.117406 0.013155085 0.99979755 -0.015224973 -1.2899534 -0.83695609 0.0026786978 -0.54726354 -18.031832
-0.54864096 0.025232882 0.83567717 73.917806 0.013812314 0.9996816 -0.021116821 -1.3366927 -0.835944 -4.2916612e-05 -0.5488148 -18.552454
-0.5498701 0.030263178 0.83470171 74.722617 0.020041909 0.99953371 -0.023036516 -1.3715447 -0.83500973 0.0040619251 -0.55022024 -19.066945
-0.5492333 0.031261736 0.83508408 75.506843 0.023455527 0.99948302 -0.021989423 -1.4084853 -0.83533986 0.0075100154 -0.54968262 -19.60324
-0.54837337 0.028520532 0.83574707 76.308793 0.023086249 0.99955362 -0.018962574 -1.4543136 -0.83591491 0.0088956951 -0.54878702 -20.12682
-0.54794457 0.023139692 0.8361945 77.108937 0.020986179 0.99968297 -0.013911946 -1.4877771 -0.83625139 0.0099255527 -0.54825647 -20.646144
-0.5470851 0.017634041 0.83689119 77.915563 0.019558148 0.99977443 -0.0082807552 -1.5150672 -0.83684851 0.011837765 -0.54730659 -21.169318
-0.54636533 0.011117894 0.83747314 78.717755 0.010675488 0.99992311 -0.0063098406 -1.5486596 -0.83747896 0.0054929569 -0.54644201 -21.670976
-0.5456032 0.0057463253 0.8380239 79.500175 0.0020852193 0.9999827 -0.0054992732 -1.5710186 -0.83804108 -0.0012529567 -0.54560575 -22.158515
-0.54340293 0.0064306026 0.83944734 80.305013 0.0056745894 0.99997595 -0.0039869783 -1.5921113 -0.83945287 0.0025969841 -0.54342635 -22.674139
-0.54103779 0.0095791383 0.84094369 81.086857 0.010682458 0.99993274 -0.0045174008 -1.6274532 -0.84093047 0.0065392619 -0.54110373 -23.176262
-0.53476476 0.012457565 0.84490911 81.867984 0.011166083 0.9999082 -0.0076756097 -1.6501723 -0.84492723 0.0053296807 -0.53485477 -23.673238
-0.52750315 0.014672655 0.84942633 82.658293 0.016668853 0.99983712 -0.0069192483 -1.6729199 -0.84938957 0.010509038 -0.52766181 -24.159248
-0.5193706 0.017636748 0.85436705 83.463655 0.024594899 0.99968133 -0.0056852139 -1.7078616 -0.85419514 0.018060339 -0.51963887 -24.655643
-0.50938103 0.017413232 0.86036486 84.264468 0.023176527 0.99971018 -0.0065117742 -1.7292732 -0.86022897 0.016623296 -0.50963698 -25.125593
-0.49886164 0.014095567 0.86656697 85.082522 0.018436721 0.99981407 -0.0056493872 -1.7593615 -0.86648555 0.013158392 -0.49902877 -25.580662
-0.48748077 0.011810896 0.8730538 85.88778 0.021199285 0.99977384 -0.0016883045 -1.7762192 -0.87287637 0.017685102 -0.48762091 -26.021027
-0.47619196 0.010064492 0.87928372 86.712723 0.019720849 0.99980523 -0.00076382781 -1.8039388 -0.87912022 0.016976494 -0.4762977 -26.459937
-0.46454528 0.0091571309 0.88550199 87.543958 0.019628483 0.99980734 -4.1837368e-05 -1.8213487 -0.88533184 0.017361626 -0.46463552 -26.881063
-0.45273203 0.011221593 0.89157598 88.358624 0.023479766 0.99972409 -0.00066001651 -1.8357311 -0.89133747 0.020635186 -0.4528706 -27.296728
-0.44080787 0.013968496 0.89749275 89.179382 0.022555346 0.99973555 -0.0044816264 -1.8696374 -0.89731808 0.018267724 -0.44100637 -27.689973
-0.4291122 0.023605846 0.90294264 90.02523 0.024492556 0.99959495 -0.014492869 -1.8949618 -0.9029191 0.015896308 -0.42951656 -28.095315
-0.4158073 0.029223881 0.90898305 90.855683 0.025763242 0.99946097 -0.020347555 -1.9181492 -0.90908779 0.01495769 -0.41633607 -28.459065
-0.40440305 0.02473438 0.91424631 91.699913 0.02152715 0.99961471 -0.017521759 -1.9577454 -0.91432753 0.012595265 -0.4047797 -28.824326
-0.39293011 0.021718618 0.91931179 92.533445 0.024118384 0.99962054 -0.013307277 -1.992484 -0.91925204 0.016943486 -0.39330482 -29.173538
-0.38323337 0.021432418 0.92340282 93.378164 0.019165582 0.99970003 -0.015249138 -2.0295879 -0.92345272 0.011853575 -0.38352918 -29.503172
-0.37630796 0.026864785 0.92610503 94.223684 0.01716837 0.99961009 -0.022020952 -2.0587604 -0.9263356 0.0076130553 -0.37662245 -29.845161
-0.3708035 0.030967486 0.92819486 95.070792 0.0077971041 0.9995125 -0.030232007 -2.0996156 -0.92867865 -0.0039729014 -0.37086419 -30.159833
-0.36733886 0.033379092 0.92948799 95.90768 0.0058099686 0.99941867 -0.033594257 -2.1453215 -0.93006907 -0.0069401795 -0.36731925 -30.476985
-0.36384123 0.033235744 0.93086781 96.767569 0.0050187473 0.99941866 -0.033721646 -2.1913802 -0.9314475 -0.007597534 -0.36379651 -30.806815
-0.35872435 0.032494165 0.93287775 97.61405 0.0030337647 0.99942922 -0.033645707 -2.2427086 -0.93343865 -0.0092394021 -0.35861817 -31.130894
-0.35328036 0.028987357 0.93506826 98.441106 0.0016720289 0.99953781 -0.030354215 -2.2865296 -0.93551604 -0.0091600862 -0.35316554 -31.433974
-0.34780272 0.02514329 0.9372305 99.313725 0.0020290604 0.99965819 -0.026065073 -2.3324652 -0.93756558 -0.0071638053 -0.34773486 -31.748661
-0.34212907 0.022255457 0.93938933 100.1592 0.00050511201 0.99972369 -0.023500897 -2.3707118 -0.93965287 -0.0075658426 -0.34204578 -32.047727
-0.33624317 0.021049844 0.94153989 101.00991 -0.0038840727 0.99971068 -0.023737438 -2.4157797 -0.94176723 -0.01163856 -0.33606414 -32.33107
-0.33001215 0.019975682 0.94376527 101.8648 -0.01745655 0.99947597 -0.027258988 -2.4549393 -0.9438153 -0.025470683 -0.32949051 -32.610679
-0.32319602 0.02363274 0.94603686 102.70049 -0.014359454 0.99945056 -0.029872696 -2.5035271 -0.94622313 -0.023239309 -0.32267909 -32.886837
-0.31619778 0.028123934 0.9482763 103.55804 -0.011179615 0.99938063 -0.033367366 -2.5442933 -0.94862746 -0.02115205 -0.31568752 -33.169033
-0.30949121 0.026388416 0.95053604 104.41415 -0.013001958 0.99940399 -0.03197846 -2.5871979 -0.95081345 -0.022255882 -0.30896365 -33.441261
-0.30292982 0.020971417 0.95278205 105.2671 -0.014172163 0.99954817 -0.026506703 -2.6292152 -0.95290752 -0.021532653 -0.30249574 -33.698708
-0.29564298 0.018711092 0.9551152 106.13023 -0.012767545 0.99964147 -0.023535398 -2.6659607 -0.95521322 -0.019152551 -0.29529809 -33.950046
-0.28949634 0.021212559 0.956944 106.97216 -0.016854608 0.99948643 -0.02725448 -2.7143048 -0.95703076 -0.024018988 -0.28899014 -34.19606
-0.28286636 0.024262782 0.95885237 107.84472 -0.016512809 0.99940866 -0.030160379 -2.7560307 -0.95901722 -0.024364703 -0.28229844 -34.450624
-0.27623989 0.025101325 0.96076083 108.6913 -0.01809142 0.99934594 -0.031311099 -2.7910983 -0.96091847 -0.026030902 -0.2756051 -34.680526
-0.26907951 0.024089231 0.96281662 109.57005 -0.018401614 0.99937609 -0.030146651 -2.8400359 -0.9629422 -0.025829226 -0.26846835 -34.916396
-0.26149698 0.023717006 0.96491282 110.41399 -0.016196932 0.99944947 -0.028955358 -2.8868154 -0.96506843 -0.023200366 -0.26096888 -35.141399
-0.2535835 0.024951053 0.96699161 111.27307 -0.011147075 0.99952552 -0.028713721 -2.9293514 -0.96724931 -0.018060454 -0.25318505 -35.365384
-0.24668594 0.025905861 0.96874912 112.15861 -0.0089174674 0.99953963 -0.029000023 -2.9713452 -0.96905449 -0.015792686 -0.24634136 -35.591121
-0.24005734 0.024448349 0.97045076 113.01182 -0.016362464 0.99943889 -0.02922617 -3.0139449 -0.97062084 -0.022894921 -0.23952261 -35.782815
-0.23420149 0.022549871 0.97192648 113.87754 -0.020716414 0.9993882 -0.028178971 -3.0549061 -0.97196737 -0.026734388 -0.23359105 -35.9772
-0.22949814 0.022714818 0.97304397 114.76728 -0.018361337 0.99944869 -0.02766184 -3.0980571 -0.97313593 -0.024214729 -0.22895454 -36.186047
-0.225167 0.022856789 0.974052 115.61441 -0.015892219 0.99950564 -0.027127804 -3.1427158 -0.97419061 -0.021588134 -0.22469244 -36.373954
-0.22032203 0.024409587 0.97512168 116.50449 -0.015676867 0.99946911 -0.028561139 -3.1825373 -0.97530124 -0.021579501 -0.2198224 -36.572716
-0.21472438 0.023517249 0.97639147 117.35709 -0.0095934191 0.99961105 -0.026186261 -3.2188935 -0.97662761 -0.014989761 -0.21441526 -36.754103
-0.20926513 0.022558171 0.97759867 118.22752 -0.0019544125 0.99972223 -0.023487035 -3.2596363 -0.97785703 -0.0068256477 -0.20916292 -36.949364
-0.2043293 0.021356175 0.97866918 119.11026 0.00060775777 0.99976457 -0.02168962 -3.3032007 -0.97890206 -0.0038370304 -0.20429418 -37.134872
-0.20017177 0.022865735 0.97949392 119.96465 -0.0011920438 0.99972121 -0.023581538 -3.3407553 -0.97976014 -0.0058879569 -0.2000887 -37.298941
-0.19677282 0.024934775 0.98013195 120.84006 -0.003413417 0.99965307 -0.026116679 -3.3788375 -0.98044321 -0.0084846508 -0.19661944 -37.463823
-0.19483952 0.024058629 0.98053998 121.71962 -0.0055147325 0.99965645 -0.025623484 -3.4199881 -0.98081967 -0.010399882 -0.19463991 -37.630045
-0.19374689 0.022916308 0.98078382 122.56908 -0.0064667977 0.99967559 -0.024635188 -3.4605143 -0.98103028 -0.011115521 -0.19353584 -37.792366
-0.19271218 0.018749335 0.98107614 123.46407 -0.0052971478 0.99978299 -0.020147355 -3.4931013 -0.98124107 -0.0090795453 -0.19257104 -37.961796
-0.19197171 0.013762412 0.98130392 124.31418 -0.0041851221 0.9998811 -0.01484168 -3.5279521 -0.98139158 -0.0069560586 -0.19189129 -38.116919
-0.19116576 0.011259363 0.98149315 125.1802 -0.002757138 0.9999241 -0.012007804 -3.5640489 -0.98155394 -0.0050015922 -0.19112021 -38.280915
-0.19016248 0.01575653 0.98162614 126.04776 -0.0053495116 0.99983973 -0.017085201 -3.5989221 -0.9817381 -0.0085001839 -0.19004771 -38.445024
-0.18986478 0.019779383 0.98161095 126.88839 -0.0052789597 0.99976203 -0.021166189 -3.6320311 -0.9817961 -0.0092005979 -0.18971519 -38.601139
-0.18997384 0.019080933 0.98160368 127.74597 -0.0073851495 0.99975507 -0.020863047 -3.6595929 -0.98176142 -0.011212722 -0.18978639 -38.761051
-0.18956666 0.018218727 0.98169877 128.61089 -0.0087663765 0.99975658 -0.020246642 -3.6982869 -0.98182876 -0.012444029 -0.18936081 -38.918327
-0.18887573 0.018515896 0.98182638 129.44248 -0.0031097734 0.99980593 -0.019453197 -3.7350637 -0.98199612 -0.0067274936 -0.18878149 -39.080488
-0.18797357 0.020943311 0.98195073 130.29794 -0.0059946501 0.99972954 -0.022470049 -3.7753732 -0.98215583 -0.010110226 -0.18779719 -39.235491
-0.18833028 0.022283387 0.98185288 131.1158 -0.016133692 0.99953746 -0.025779362 -3.8055233 -0.98197326 -0.020695946 -0.18788365 -39.369848
-0.18773344 0.023624224 0.98193583 131.95251 -0.020646676 0.99939491 -0.027991645 -3.8424423 -0.98200303 -0.025528679 -0.18713209 -39.517701
-0.18779988 0.026697642 0.98184437 132.79365 -0.021955197 0.99926665 -0.031370802 -3.8928966 -0.98196194 -0.027448019 -0.18707601 -39.668162
-0.18722009 0.027779458 0.98192508 133.61232 -0.017861098 0.99933854 -0.031677607 -3.9336019 -0.98215564 -0.023468944 -0.18660008 -39.823226
-0.18548214 0.029224745 0.98221291 134.44263 -0.017395471 0.99930335 -0.033018232 -3.9789465 -0.98249369 -0.023210348 -0.18484455 -39.967464
-0.18345224 0.028361193 0.98261937 135.25969 -0.012461919 0.99943631 -0.031173181 -4.0152742 -0.98294967 -0.017964112 -0.1829954 -40.127009
-0.18035814 0.025308604 0.98327531 136.0793 -0.0048256394 0.99963412 -0.026614811 -4.0631914 -0.98358921 -0.0095451291 -0.18017002 -40.280729
-0.178159 0.02092023 0.98377926 136.88909 0.0027097551 0.99978061 -0.020769773 -4.0961183 -0.98399802 -0.0010345202 -0.1781766 -40.435245
-0.17434784 0.020563039 0.98446936 137.71543 0.005283478 0.99978707 -0.01994729 -4.1308647 -0.98466999 0.0017236562 -0.17441936 -40.574366
-0.16967304 0.024747534 0.9851896 138.50688 0.0015586978 0.99969014 -0.024843335 -4.1793955 -0.98549922 -0.0026796305 -0.16965904 -40.703932
-0.16321172 0.028326001 0.98618431 139.31983 0.0035364235 0.99959813 -0.02812601 -4.2153967 -0.98658477 -0.0011029283 -0.1632463 -40.836771
-0.15503596 0.028535302 0.98749658 140.12739 -0.0016195802 0.99957407 -0.029138571 -4.2544835 -0.98790754 -0.0061168556 -0.15492371 -40.953719
-0.14502506 0.025315598 0.98910402 140.90332 0.0088022385 0.99966607 -0.024295319 -4.2777993 -0.98938887 0.0051829004 -0.14519947 -41.065275
-0.13321436 0.023852213 0.99080014 141.72162 0.017936223 0.99960465 -0.02165262 -4.3182496 -0.99092498 0.014886774 -0.13358951 -41.175944
-0.11978776 0.025688998 0.99246707 142.50528 0.014914956 0.99959893 -0.024073408 -4.3587866 -0.99268752 0.011918904 -0.12012287 -41.268886
-0.10535201 0.027119999 0.99406508 143.30866 0.014519553 0.99956345 -0.025731207 -4.3952796 -0.99432903 0.011722548 -0.10569979 -41.343766
-0.091471815 0.027062715 0.99543982 144.09036 0.017340182 0.99952237 -0.025580301 -4.4251546 -0.99565672 0.014921232 -0.091897399 -41.413939
-0.077847844 0.028831585 0.99654823 144.87358 0.022890495 0.99936993 -0.027125072 -4.4610318 -0.99670247 0.020699855 -0.078458765 -41.471929
-0.063959108 0.034605234 0.99735231 145.66881 0.018839784 0.99926236 -0.033463331 -4.5120314 -0.99777471 0.016649618 -0.064563885 -41.508903
-0.051529965 0.04353522 0.99772204 146.42489 0.010557997 0.99901728 -0.04304644 -4.5570503 -0.99861568 0.0083157657 -0.051938972 -41.527548
-0.037659685 0.052152079 0.99792877 147.18105 0.0030979121 0.99863851 -0.052072261 -4.6034877 -0.99928586 0.0011304715 -0.037769976 -41.541354
-0.024710477 0.053274002 0.9982741 147.94176 0.0014495845 0.99857992 -0.053254439 -4.6518665 -0.99969364 0.00013114092 -0.024752613 -41.546769
-0.012782507 0.049197443 0.99870723 148.69675 0.001698384 0.9987885 -0.049179707 -4.7013859 -0.9999169 0.0010675493 -0.012850579 -41.542612
-0.0013997412 0.046468418 0.99891874 149.47974 0.0033159499 0.99891448 -0.046463572 -4.7539938 -0.99999356 0.0032473284 -0.0015523102 -41.533906
0.0072528565 0.052359993 0.99860189 150.21752 -0.0040619315 0.99862151 -0.052331517 -4.8192455 -0.99996549 -0.0036766987 0.0074555397 -41.510125
0.013285139 0.061263028 0.9980332 150.95304 -0.010150426 0.99807816 -0.061130671 -4.8642641 -0.99986027 -0.0093183324 0.013881451 -41.481315
0.016949914 0.064525297 0.99777207 151.72929 -0.014698472 0.99782372 -0.064278941 -4.9193012 -0.99974834 -0.013576202 0.017861448 -41.463792
0.016714515 0.060101618 0.99805227 152.4835 -0.019541252 0.99802074 -0.059772457 -4.9767463 -0.99966937 -0.018504123 0.017855892 -41.435302
0.015502921 0.054731052 0.99838073 153.23182 -0.0099753036 0.99845955 -0.054580474 -5.0430873 -0.9998301 -0.0091129935 0.016024996 -41.424357
0.012284805 0.052193634 0.99856138 153.99184 -0.011322802 0.99858001 -0.052055307 -5.0931004 -0.99986047 -0.010667023 0.012858337 -41.406293
0.0089551833 0.052182349 0.99859738 154.72012 -0.012478101 0.99856554 -0.052068783 -5.1466756 -0.99988209 -0.011994313 0.0095934725 -41.393759
0.0057847078 0.052631865 0.99859719 155.4686 -0.012807244 0.99853593 -0.052554445 -5.2019295 -0.99990129 -0.012485265 0.0064503062 -41.393127
0.00088915946 0.050715038 0.99871273 156.21179 -0.011528675 0.99864731 -0.05070145 -5.2558705 -0.99993319 -0.011468752 0.0014726324 -41.383457
-0.0042456761 0.051222997 0.99867817 156.95465 -0.013056465 0.99859925 -0.051274454 -5.3051769 -0.99990579 -0.013256901 -0.0035709392 -41.38508
-0.010203416 0.049290876 0.9987323 157.69703 -0.014217488 0.99867623 -0.049433358 -5.3548983 -0.99984691 -0.014703853 -0.0094891185 -41.383809
-0.016111542 0.046476337 0.99878941 158.43846 -0.0093732012 0.9988682 -0.046631202 -5.4050848 -0.99982631 -0.010113154 -0.015657676 -41.398943
-0.021463341 0.046421686 0.99869128 159.17352 -0.013283455 0.99882002 -0.04671315 -5.4560712 -0.99968143 -0.01426869 -0.020821376 -41.409559
-0.026900568 0.047633995 0.99850252 159.89233 -0.012908837 0.99876419 -0.047994252 -5.5009477 -0.9995548 -0.014180578 -0.026252426 -41.423336
-0.03100179 0.049841912 0.99827581 160.60412 -0.01439441 0.99863008 -0.050306622 -5.5530278 -0.99941572 -0.015929186 -0.030241877 -41.440885
-0.033659046 0.052095274 0.99807468 161.31124 -0.014078938 0.99851677 -0.052593145 -5.6049078 -0.99933425 -0.015822066 -0.032875677 -41.462312
-0.034973193 0.053783057 0.99793997 162.03792 -0.01285807 0.99844401 -0.054260836 -5.660261 -0.99930557 -0.014729256 -0.03422723 -41.483111
-0.034331324 0.051988907 0.99805733 162.76076 -0.0089826995 0.99858968 -0.052325623 -5.7115942 -0.99937018 -0.010761656 -0.033815906 -41.511595
-0.030146573 0.048290257 0.99837826 163.47654 -0.0040570158 0.99881814 -0.048434035 -5.7515707 -0.9995373 -0.0055105559 -0.029915032 -41.534176
-0.022904458 0.047671438 0.99860039 164.18499 -0.0026738016 0.99885598 -0.047744966 -5.8083783 -0.99973413 -0.0037636311 -0.022750792 -41.543526
-0.012366695 0.048790672 0.99873242 164.88236 -0.0012938508 0.99880723 -0.048810346 -5.85889 -0.99992273 -0.0018958326 -0.012288818 -41.546669
0.0015199538 0.049128213 0.99879128 165.55429 0.0023426603 0.99878956 -0.049131692 -5.9051941 -0.99999614 0.0024145075 0.0014030217 -41.540003
0.017444453 0.047027944 0.9987412 166.25145 0.00017844599 0.99889307 -0.047038211 -5.9525934 -0.99984786 0.00099877806 0.01741675 -41.517203
0.032998298 0.04208764 0.99856881 166.95299 -0.003746904 0.99911114 -0.041986678 -5.9940715 -0.99944843 -0.0023560517 0.033126664 -41.474954
0.049543308 0.035663719 0.998135 167.61945 -0.0054942231 0.99935689 -0.035434666 -6.033079 -0.99875691 -0.0037284251 0.04970739 -41.431112
0.067030011 0.028259244 0.99735064 168.29618 -0.0050725603 0.99959556 -0.027981933 -6.0693913 -0.99773811 -0.0031834912 0.067146247 -41.368903
0.08471184 0.020527237 0.99619398 168.98862 -0.0063202445 0.99977873 -0.020063657 -6.1063479 -0.99638549 -0.0045965595 0.084822832 -41.2996
0.10199652 0.014547241 0.99467834 169.64323 -0.008712173 0.99986779 -0.013729771 -6.1372337 -0.99474665 -0.0072654203 0.10210977 -41.216654
0.1202027 0.011919486 0.99267777 170.31138 -0.0083753662 0.99990451 -0.010992092 -6.1642786 -0.99271408 -0.00699276 0.12029105 -41.123359
0.13785896 0.011013177 0.9903906 170.94728 -0.0076271281 0.99992033 -0.010057477 -6.1824067 -0.99042254 -0.0061673218 0.13793198 -41.019432
0.15557727 0.010391471 0.98776903 171.58857 -0.0081628811 0.99992405 -0.0092336587 -6.200335 -0.98779004 -0.0066264929 0.15565028 -40.90621
0.1718594 0.009964785 0.98507105 172.2238 -0.013694694 0.99987638 -0.0077253216 -6.2163569 -0.98502634 -0.012162577 0.17197461 -40.776364
0.18616504 0.0065061879 0.9824969 172.8507 -0.016226759 0.99986205 -0.0035465096 -6.2334236 -0.98238452 -0.015282504 0.18624493 -40.639183
0.19807086 0.0021338013 0.98018534 173.47455 -0.011933519 0.99992877 0.00023468378 -6.2526114 -0.9801151 -0.011743544 0.19808221 -40.504223
0.20937442 0.00040396413 0.97783542 174.10281 -0.0088577938 0.99995967 0.0014835298 -6.2697728 -0.97779547 -0.008972077 0.20936955 -40.363983
0.21902131 0.0038063989 0.97571261 174.69994 -0.012146988 0.99992553 -0.0011741838 -6.2853554 -0.9756445 -0.011594797 0.21905123 -40.213346
0.22801078 0.010934716 0.97359716 175.30891 -0.015867573 0.99984587 -0.0075134281 -6.305392 -0.97352935 -0.013735481 0.22814914 -40.057379
0.23747963 0.021217173 0.97116074 175.89074 -0.017204848 0.99969648 -0.017633468 -6.3227612 -0.97124019 -0.012521083 0.23777258 -39.901106
0.24557707 0.028041753 0.96897135 176.47218 -0.012949385 0.99958722 -0.025645861 -6.3365639 -0.96929061 -0.0062495469 0.24583883 -39.755528
0.25201712 0.026621888 0.96735649 177.07599 -0.013125967 0.99962361 -0.024090291 -6.3543875 -0.9676338 -0.0066263234 0.2522717 -39.590894
0.25784275 0.019159109 0.96599688 177.68683 -0.014999998 0.99976226 -0.015825012 -6.3752442 -0.96607049 -0.010409586 0.25806884 -39.417793
0.26231015 0.0082297708 0.96494848 178.29575 -0.018556548 0.99982175 -0.0034828104 -6.3963443 -0.96480522 -0.016992536 0.26241611 -39.239735
0.26449082 -0.0010597746 0.96438758 178.89631 -0.017254764 0.99983412 0.005830981 -6.4185403 -0.96423387 -0.018182521 0.26442866 -39.066764
0.26534146 -0.0022221799 0.9641519 179.50888 -0.013958532 0.99988369 0.0061460221 -6.4381087 -0.9640535 -0.015088939 0.26527958 -38.89887
0.26660964 0.001265904 0.96380372 180.11472 -0.01307979 0.9999118 0.0023048324 -6.4382145 -0.96371588 -0.01322084 0.26660268 -38.733935
0.26802027 0.00072936344 0.96341296 180.71824 -0.0097325068 0.99995074 0.0019505466 -6.4526438 -0.96336415 -0.0098992085 0.26801416 -38.5643
0.26974652 -0.00095632602 0.96293085 181.32789 -0.010948588 0.99993182 0.0040601094 -6.4476783 -0.96286916 -0.011637933 0.26971766 -38.38691
0.27191215 -0.0052425873 0.96230776 181.93354 -0.011346064 0.99989819 0.0086533507 -6.4641259 -0.96225523 -0.013271356 0.27182498 -38.214871
0.27538918 -0.01087578 0.96127126 182.56032 -0.0087349764 0.99986642 0.013814878 -6.473575 -0.96129318 -0.012201149 0.27525739 -38.03259
0.27949212 -0.014026921 0.96004548 183.17518 -0.0080160449 0.99982434 0.016941779 -6.4794404 -0.96011456 -0.012430861 0.27933059 -37.846224
0.2858485 -0.015201786 0.9581542 183.79031 -0.0074924467 0.99980815 0.018097895 -6.4746345 -0.95824557 -0.012352175 0.28567976 -37.656185
0.29351227 -0.018519232 0.95577587 184.41315 -0.005771653 0.99975978 0.021143906 -6.4758381 -0.95593792 -0.011722402 0.29333488 -37.460845
0.30328587 -0.020996244 0.95266823 185.02342 -0.0027467459 0.9997338 0.022907979 -6.4771714 -0.9528957 -0.0095644033 0.30314747 -37.257342
0.31447084 -0.019280962 0.94907126 185.64716 -0.0038337236 0.99975975 0.021581019 -6.4800361 -0.94925943 -0.010425077 0.31432137 -37.036455
0.32552836 -0.0153265 0.94540801 186.26695 -0.0049777984 0.99982698 0.017922698 -6.4790101 -0.94551921 -0.010540396 0.32539574 -36.818249
0.3373909 -0.01148899 0.94129449 186.87031 -0.0065365836 0.99987282 0.014546895 -6.4780532 -0.94134198 -0.01106084 0.33727289 -36.577861
0.34892926 -0.010904874 0.93708558 187.49809 -0.005946235 0.99988641 0.013849803 -6.4730001 -0.93713024 -0.010404732 0.34882478 -36.342095
0.36046136 -0.013955098 0.93266971 188.12664 -0.0047159374 0.99984804 0.016782887 -6.4792255 -0.93276226 -0.010447994 0.36034077 -36.084742
0.37146464 -0.015669184 0.92831483 188.7406 -0.0051418759 0.99980752 0.01893344 -6.4770409 -0.9284329 -0.011806382 0.37131257 -35.828283
0.38286995 -0.015947431 0.92366455 189.37084 -0.0078986263 0.99975793 0.020535287 -6.483138 -0.92376852 -0.015158025 0.3826513 -35.548934
0.39258782 -0.018175456 0.91953487 189.98681 -0.0089322936 0.99968221 0.023573211 -6.4697605 -0.91967119 -0.01746811 0.39230071 -35.27082
0.39932743 -0.016552707 0.9166589 190.6296 -0.013996157 0.99961042 0.024147813 -6.4705294 -0.91670158 -0.022472586 0.39894018 -34.982791
0.40398841 -0.018950254 0.91456776 191.27601 -0.014098351 0.99953767 0.026938478 -6.4595779 -0.91465549 -0.02377673 0.40353446 -34.687708
0.40634909 -0.023733903 0.91340958 191.91187 -0.0095466077 0.99949775 0.03021781 -6.4539799 -0.91366808 -0.020998942 0.40591842 -34.390441
0.4062098 -0.02209989 0.91351252 192.57312 -0.0073506754 0.99959612 0.027451053 -6.4511177 -0.91375031 -0.01786582 0.40588329 -34.109332
0.40551704 -0.021760875 0.91382839 193.23278 -0.0049702384 0.99964932 0.026010091 -6.4439516 -0.91407401 -0.01508948 0.40526667 -33.817179
0.40407811 -0.020850786 0.91448677 193.89345 -0.0017729363 0.99972044 0.023577555 -6.4377321 -0.9147228 -0.0111485 0.40392818 -33.521215
0.40414329 -0.022190378 0.91442644 194.57438 0.00089573103 0.99971481 0.023864189 -6.4271777 -0.91469529 -0.0088254712 0.40404791 -33.229478
0.40323034 -0.028455423 0.91465595 195.2582 0.0048122338 0.99956854 0.028975602 -6.4222043 -0.9150859 -0.007282303 0.4031933 -32.927007
0.4023006 -0.031585182 0.91496258 195.94191 0.0052983812 0.99946828 0.032172732 -6.4139431 -0.91549234 -0.0080952881 0.40225404 -32.628513
0.40089662 -0.034097891 0.91548848 196.63147 0.0064547152 0.99938743 0.034396206 -6.4033445 -0.9161006 -0.0078801045 0.40087113 -32.321075
0.39888938 -0.03412953 0.91636366 197.31772 0.0055737673 0.99937892 0.034795156 -6.3932047 -0.91698215 -0.0087718198 0.39883187 -32.015915
0.39772046 -0.034540156 0.91685623 198.00914 0.0044488526 0.999352 0.035718113 -6.3762239 -0.91749589 -0.010126866 0.3976164 -31.714936
0.39517573 -0.033531775 0.9179933 198.69779 0.0035410176 0.99938173 0.034980342 -6.3701896 -0.91859876 -0.010572751 0.39505013 -31.421891
0.39443028 -0.030279792 0.91842682 199.38322 0.0042001134 0.99950592 0.031149112 -6.3648371 -0.91891631 -0.0084286556 0.39436258 -31.120975
0.39368775 -0.02430289 0.91892288 200.07484 0.0033855533 0.99968201 0.024988289 -6.3646817 -0.91923804 -0.0067265202 0.39364484 -30.821417
0.39232139 -0.021159558 0.91958476 200.7442 0.0014903671 0.99974869 0.022368288 -6.3521224 -0.91982704 -0.0074050385 0.39225433 -30.518702
0.39154751 -0.024076119 0.91984282 201.4482 0.0012551066 0.99967068 0.025631289 -6.3423725 -0.92015707 -0.0088813659 0.39144878 -30.225681
0.39009474 -0.02710282 0.92037572 202.13979 -0.00058566017 0.9995592 0.029682809 -6.3379277 -0.92077458 -0.012118134 0.38990691 -29.921075
0.38729413 -0.02677908 0.92156718 202.8139 -0.004290684 0.9995149 0.030847286 -6.3362946 -0.92194627 -0.015901126 0.38699135 -29.63524
0.38326334 -0.026812635 0.92324982 203.52085 -0.006722034 0.99947112 0.0318167 -6.3296725 -0.92361469 -0.018400291 0.3828804 -29.329067
0.37606218 -0.027650833 0.92618173 204.20109 -0.007176372 0.99943775 0.032751724 -6.3210301 -0.92656668 -0.018963309 0.37565231 -29.060189
0.36768703 -0.028146534 0.9295235 204.88749 -0.0065919148 0.99943786 0.032871114 -6.308247 -0.92992627 -0.018213622 0.3672948 -28.779537
