1 0 0 0 0 1 0 0 0 0 1 0
0.99986733 0.00069293617 0.016273966 -0.00084494178 -0.00068083514 0.99999949 -0.00074911333 -0.0019264296 -0.016274479 0.00073793408 0.99986729 0.11051392
0.99927081 0.0027926569 0.038079511 0.022898886 -0.0027706792 0.99999596 -0.00062991743 0.0018885223 -0.03808112 0.00052395203 0.99927451 0.24871321
0.99793229 0.0049631575 0.064082115 0.046938839 -0.004999579 0.99998742 0.0004080069 0.004008393 -0.064079289 -0.00072754682 0.99794455 0.43144446
0.9951015 0.0046258273 0.098750177 0.098184803 -0.0049776957 0.99998211 0.0033171342 0.00019511474 -0.098733074 -0.0037924335 0.99510673 0.58364151
0.99069495 0.0011964838 0.13609588 0.16379227 -0.0019523586 0.9999834 0.0054206469 -0.0013271814 -0.13608715 -0.0056359155 0.99068084 0.77919938
0.98450185 -0.0017612256 0.17536536 0.23718361 0.00077379614 0.99998346 0.0056989175 -0.0094703899 -0.17537252 -0.0054748978 0.98448693 0.96513151
0.97576602 -0.0022777936 0.21880466 0.33938531 0.00085197404 0.99997779 0.0066105342 -0.0034906262 -0.21881488 -0.0062639187 0.97574629 1.1606789
0.96387281 -0.0019920584 0.26635546 0.43604806 -0.00069573532 0.99994979 0.0099962609 0.0026542263 -0.26636202 -0.0098204369 0.96382303 1.384872
0.94970249 -0.0060012921 0.31309608 0.56793071 0.00073617816 0.99985638 0.016931799 0.010124086 -0.31315275 -0.015849677 0.94957051 1.6566153
0.9322696 -0.015531184 0.36143072 0.67643004 0.0069921001 0.99966495 0.024921673 0.0018570719 -0.36169672 -0.020706558 0.93206584 1.8423344
0.91131369 -0.02142699 0.41115475 0.84018516 0.0099700934 0.99950048 0.029989692 -0.0018788446 -0.41159199 -0.023230766 0.9110721 2.0578482
0.88640523 -0.023250628 0.46232581 1.0327909 0.0086929537 0.99939777 0.03359351 0.0030461456 -0.4628285 -0.025758486 0.88607353 2.2987161
0.85798559 -0.025105981 0.51305984 1.2134664 0.0063116105 0.99924474 0.038342016 0.019800328 -0.513635 -0.029658663 0.85749605 2.543565
0.82605172 -0.030518492 0.5627674 1.4593468 0.0076000649 0.99904522 0.043021873 0.019185129 -0.56354309 -0.031261223 0.82549497 2.7638985
0.79087596 -0.036168965 0.61090669 1.6811575 0.0098002346 0.99887248 0.046451307 0.026703274 -0.61189803 -0.030750193 0.7903387 2.9653052
0.75248969 -0.040606454 0.65735101 1.9311354 0.011077746 0.99873667 0.049013791 0.032359584 -0.65851089 -0.029600404 0.75198887 3.190189
0.71180434 -0.044058627 0.70099456 2.2116361 0.012017452 0.99864852 0.050563884 0.0452619 -0.70227502 -0.027567423 0.71137183 3.4002263
0.6708783 -0.045906381 0.74014517 2.5201566 0.011520683 0.99860682 0.05149456 0.060127501 -0.741478 -0.026019604 0.67047252 3.5606596
0.6285119 -0.046268727 0.77642253 2.8600214 0.0069708825 0.99852409 0.053861337 0.085035257 -0.77776876 -0.028440141 0.62790681 3.8210036
0.58548254 -0.046995199 0.80932168 3.1821168 0.0037659369 0.99846523 0.055253903 0.099228785 -0.8106763 -0.029302341 0.58476094 4.0059697
0.54433129 -0.048261417 0.83748088 3.5494711 0.0020532501 0.99841736 0.056201148 0.12389546 -0.83886786 -0.028872486 0.5435689 4.2060607
0.50656116 -0.050855148 0.8607029 3.9726082 0.001418438 0.99830681 0.058150744 0.13670174 -0.8622029 -0.028236054 0.50577558 4.4108606
0.46922694 -0.050690063 0.88162153 4.4071063 -0.0020297306 0.99828662 0.058478172 0.15776026 -0.88307532 -0.029228988 0.46832009 4.6032158
0.43391208 -0.050097405 0.89956128 4.8623049 -0.0025795918 0.99837968 0.056844984 0.17866086 -0.90095157 -0.026986226 0.43307977 4.7777531
0.39944555 -0.048749119 0.91545983 5.3750203 -0.0019892523 0.99853673 0.054041021 0.19731928 -0.9167548 -0.023407526 0.39876408 4.9717269
0.37011554 -0.046970521 0.92779749 5.8718168 -0.00016481579 0.99871763 0.05062666 0.22162662 -0.92898575 -0.018890629 0.36963318 5.1475003
0.34377441 -0.045279937 0.93795992 6.4080288 0.0015942679 0.9988635 0.047635732 0.25029447 -0.93905095 -0.014880586 0.3434559 5.3301228
0.32270524 -0.044605597 0.94544783 6.9662381 0.002334749 0.99892338 0.046331629 0.27343755 -0.94649667 -0.012744075 0.32246195 5.518219
0.30784162 -0.044964864 0.95037447 7.583093 0.0031975481 0.99892588 0.046226229 0.29927419 -0.95143228 -0.011191488 0.30765473 5.6820871
0.29500177 -0.046477743 0.9543656 8.1979765 0.0044207385 0.99887195 0.047278724 0.31970084 -0.95548652 -0.0097283061 0.29487446 5.8840844
0.28462368 -0.048226652 0.95742544 8.8374688 0.0033018132 0.99877717 0.049328024 0.34580741 -0.95863368 -0.010878683 0.28443487 6.1016908
0.27625678 -0.050123572 0.95977588 9.489793 0.0018232535 0.99866463 0.051629712 0.37473419 -0.96108218 -0.012513142 0.27597926 6.2782018
0.26585388 -0.052018726 0.96260879 10.179222 0.0015296145 0.99856457 0.053539302 0.40810659 -0.96401217 -0.01276121 0.26555183 6.4330754
0.25440664 -0.053878297 0.96559532 10.889712 0.00014541642 0.99844904 0.055673155 0.43127315 -0.96709737 -0.014023206 0.25401989 6.6229352
0.24443524 -0.055480825 0.96807707 11.612572 -0.00011505774 0.99836013 0.057245408 0.46494216 -0.96966565 -0.014104179 0.24402801 6.8492631
0.23408563 -0.056733648 0.97055918 12.415812 -0.00093936058 0.99828223 0.058580748 0.4969009 -0.97221557 -0.014624616 0.23363023 7.011875
0.22352269 -0.05968779 0.97286941 13.158802 -0.001577178 0.99809979 0.061598097 0.53427533 -0.97469749 -0.01530296 0.22300381 7.1932948
0.21222311 -0.06279221 0.97520173 13.95792 -0.0043581485 0.99786272 0.065199745 0.56435299 -0.97721156 -0.018086966 0.21149587 7.3411347
0.20027348 -0.066979134 0.97744782 14.745775 -0.003989668 0.99759641 0.069177265 0.61245292 -0.97973195 -0.017754064 0.19952488 7.5136407
0.18684796 -0.069226614 0.97994665 15.533974 -0.0048364682 0.99743716 0.071384377 0.6494007 -0.98237698 -0.018077506 0.18603429 7.6728075
0.17219986 -0.070085686 0.98256558 16.309048 -0.0056001734 0.99737996 0.072123845 0.68581061 -0.98504616 -0.017922253 0.17135619 7.8355777
0.15849339 -0.069236813 0.98492945 17.133255 -0.0069227595 0.9974359 0.071229967 0.72256873 -0.98733581 -0.018107908 0.15760768 7.9657031
0.14182211 -0.06817721 0.98754153 17.954 -0.0081521279 0.99751114 0.070036222 0.76558811 -0.98985863 -0.017983249 0.14091334 8.0916602
0.12106956 -0.066531599 0.99041185 18.774944 -0.011490364 0.99759054 0.068418433 0.80656499 -0.99257756 -0.019663582 0.12001338 8.1552862
0.097569981 -0.065333714 0.99308183 19.585801 -0.01537114 0.99762497 0.067142811 0.84367004 -0.99511 -0.021815923 0.096333994 8.2465579
0.066570874 -0.064706027 0.99568136 20.385494 -0.019517087 0.99761966 0.066136896 0.88027311 -0.99759084 -0.02383559 0.065149538 8.2959226
0.032000589 -0.064577024 0.99739946 21.26741 -0.022721326 0.99760569 0.065319367 0.92348741 -0.9992296 -0.024752496 0.030456692 8.2876012
-0.00095620144 -0.064063745 0.99794531 22.079504 -0.023419193 0.99767354 0.064023859 0.96023326 -0.99972532 -0.023309853 -0.0024542996 8.3081534
-0.034690054 -0.062906517 0.99741631 22.92485 -0.025139345 0.99775616 0.062053607 0.98399241 -0.99908193 -0.022921749 -0.036193646 8.2517959
-0.068580029 -0.060764542 0.99579333 23.748854 -0.027886063 0.99787014 0.058970765 1.0166032 -0.99725585 -0.023724539 -0.070128448 8.2295834
-0.10096082 -0.057858814 0.99320652 24.594649 -0.029488475 0.99804292 0.055143012 1.0616236 -0.99445333 -0.023720862 -0.1024694 8.1094538
-0.13318297 -0.052931458 0.98967695 25.432047 -0.026702909 0.99840195 0.049804634 1.0787173 -0.99073172 -0.019794125 -0.13438356 7.9887374
-0.16384781 -0.047678974 0.9853327 26.303078 -0.021896069 0.99876102 0.044687727 1.1025868 -0.98624264 -0.014252926 -0.16468879 7.8884515
-0.19609794 -0.041700048 0.97969721 27.06403 -0.016273387 0.99909617 0.03926844 1.1132253 -0.98044931 -0.008242531 -0.1965993 7.6420108
-0.22322288 -0.036082262 0.97409935 27.927894 -0.010061009 0.99934672 0.034711904 1.1282889 -0.97471555 -0.0020519299 -0.22344007 7.4642585
-0.25231433 -0.029128031 0.96720678 28.70579 -0.0014374735 0.99955701 0.029727286 1.1444145 -0.9676443 0.0061102871 -0.25224443 7.2351468
-0.28039814 -0.018956076 0.95969655 29.496737 0.005372244 0.99975833 0.021317012 1.1445089 -0.95986879 0.011132976 -0.28022854 6.9600301
-0.30425669 -0.0037549505 0.95258264 30.332861 0.0086631701 0.99993997 0.0067086602 1.1304119 -0.95255073 0.010293541 -0.3042059 6.7131209
-0.32944359 0.013328004 0.94408114 31.12802 0.0091014174 0.99989874 -0.010940002 1.1051488 -0.94413143 0.0049883641 -0.32953154 6.4355861
-0.35350244 0.027745629 0.935022 31.878729 0.0075750139 0.99961216 -0.026798387 1.0767667 -0.93540297 -0.0023904897 -0.35357551 6.1388062
-0.37635561 0.038871341 0.92565944 32.647856 0.012948444 0.99924256 -0.036696733 1.0488412 -0.92638484 -0.0018251711 -0.37657386 5.8175324
-0.40098297 0.043620174 0.91504637 33.39409 0.016086697 0.99904699 -0.040575113 0.99705804 -0.91594429 -0.0015498553 -0.40130253 5.4811431
-0.4229446 0.043034234 0.90513306 34.131544 0.018777702 0.99907341 -0.038726273 0.94739609 -0.905961 0.00061725185 -0.42336078 5.1080282
-0.44401699 0.039239297 0.89515871 34.889072 0.02236144 0.99921474 -0.032708863 0.90551535 -0.89573933 0.005493748 -0.44454577 4.7246339
-0.4621473 0.037925092 0.88599181 35.608126 0.029911966 0.99918326 -0.027167726 0.87036871 -0.8862986 0.013946267 -0.46290426 4.3530448
-0.47504938 0.038893666 0.87909914 36.288704 0.033434506 0.99909913 -0.026135375 0.82297157 -0.87932377 0.016976653 -0.47592181 3.9433486
-0.48654112 0.042125934 0.87264144 37.016813 0.036308373 0.99894887 -0.027979576 0.77102614 -0.87290292 0.018070978 -0.48755922 3.5585123
-0.49638095 0.045088843 0.86693303 37.717141 0.037976116 0.99882206 -0.030204306 0.73309469 -0.86727379 0.017929908 -0.49750854 3.1389869
-0.50661996 0.043949646 0.86104854 38.356988 0.031175781 0.99898061 -0.032646906 0.68036319 -0.86160568 0.010304288 -0.50747368 2.733826
-0.51882191 0.042986986 0.85380085 39.063896 0.029794815 0.99903744 -0.032194164 0.6498262 -0.85436301 0.0087358016 -0.5196033 2.3424438
-0.52702874 0.044382742 0.8486877 39.740974 0.032166102 0.99896157 -0.032266513 0.61089133 -0.84923855 0.010293596 -0.52790908 1.9081274
-0.534726 0.047759782 0.84367473 40.439102 0.036229093 0.99877924 -0.033577917 0.56316665 -0.84424855 0.012610586 -0.53580352 1.4915301
-0.53804497 0.050664316 0.84139211 41.126219 0.036690408 0.99865361 -0.036671383 0.53214984 -0.84211726 0.011140168 -0.53917944 1.0203781
-0.53838085 0.052063281 0.8410918 41.817173 0.035589873 0.99860395 -0.039032233 0.48025954 -0.84194981 0.0089201444 -0.53948217 0.58826655
-0.5342787 0.0533792 0.84362128 42.560329 0.038987066 0.99849822 -0.03848774 0.44403574 -0.84440887 0.01232714 -0.53555743 0.12235227
-0.52821883 0.052320905 0.84749474 43.314806 0.037127955 0.99856835 -0.038506805 0.39852229 -0.8482962 0.011125728 -0.52940517 -0.32913193
-0.52180333 0.050436252 0.85157349 44.034373 0.034548014 0.99868112 -0.037979651 0.35230375 -0.85236599 0.0096022655 -0.52285761 -0.79664149
-0.51464738 0.04981527 0.85595353 44.827291 0.032644455 0.99872536 -0.038496704 0.30267252 -0.8567803 0.00812991 -0.51561758 -1.2377106
-0.50872485 0.048622841 0.85955499 45.65733 0.029962489 0.99879899 -0.038766317 0.25513813 -0.86040766 0.0060330192 -0.50957073 -1.6891354
-0.50373668 0.046683074 0.86259491 46.468736 0.025785917 0.99890638 -0.039001746 0.20755402 -0.86347235 0.0025961921 -0.50438955 -2.1793069
-0.50190931 0.043419101 0.86382971 47.317114 0.020682136 0.99905609 -0.038199149 0.15561939 -0.86467298 -0.001306664 -0.50233356 -2.6569598
-0.50228074 0.041287761 0.86371831 48.129672 0.018141628 0.99914273 -0.037211408 0.1083854 -0.86451432 -0.003021316 -0.50259917 -3.1381564
-0.50377595 0.039688718 0.86292209 48.982183 0.016748313 0.99920497 -0.036179125 0.066220825 -0.86367202 -0.0037736828 -0.50404015 -3.6029891
-0.50381278 0.039386303 0.86291444 49.884426 0.016880914 0.99921812 -0.035751731 0.0069366775 -0.86364795 -0.0034453938 -0.50408374 -4.1247482
-0.50373405 0.0383829 0.86300562 50.743301 0.016393208 0.99925725 -0.034874133 -0.04041222 -0.86370327 -0.0034198571 -0.50398912 -4.6277048
-0.50384003 0.038103988 0.86295611 51.641715 0.01663646 0.99926933 -0.034409666 -0.086901001 -0.8636368 -0.002980432 -0.50410581 -5.1261058
-0.50451965 0.037432659 0.86258835 52.522342 0.016225417 0.99929436 -0.033875026 -0.15561541 -0.86324777 -0.0030947598 -0.504771 -5.6351566
-0.50460119 0.036227346 0.86259211 53.404183 0.014825867 0.99933552 -0.033297455 -0.19701394 -0.86322529 -0.0040132593 -0.50480299 -6.1587471
-0.50483133 0.035452015 0.86248967 54.30278 0.014447726 0.99936335 -0.032621583 -0.24660989 -0.86309713 -0.0040073822 -0.50502213 -6.6752074
-0.50387998 0.034772825 0.86307344 55.219695 0.013455024 0.99938411 -0.032409398 -0.30106265 -0.86366892 -0.0047177725 -0.50403751 -7.1892417
-0.50269282 0.033531061 0.86381452 56.093421 0.012861372 0.99942695 -0.03131057 -0.35930937 -0.86436947 -0.0046297587 -0.50283601 -7.7112772
-0.50019788 0.031189016 0.86534921 57.003449 0.012988206 0.99950893 -0.02851684 -0.41219436 -0.86581375 -0.0030247283 -0.50035734 -8.2365449
-0.49771584 0.030298859 0.86681074 57.889909 0.013663047 0.99953954 -0.027093101 -0.46903386 -0.86723257 -0.0016413886 -0.49790064 -8.7334593
-0.4953729 0.029185199 0.86818999 58.786234 0.013315812 0.99957315 -0.026004041 -0.51597334 -0.86857841 -0.001321041 -0.49555007 -9.2314327
-0.4923389 0.030105036 0.86988277 59.689849 0.014365873 0.9995466 -0.02646162 -0.56552224 -0.87028506 -0.00053145861 -0.49254816 -9.7447499
-0.49212846 0.030562967 0.86998587 60.559042 0.014396779 0.99953256 -0.02697011 -0.61368867 -0.87040357 -0.00074776371 -0.49233843 -10.229795
-0.49272729 0.031625632 0.86960886 61.447699 0.01319321 0.99949599 -0.028873942 -0.67060696 -0.8700838 -0.002754046 -0.4928962 -10.730598
-0.49553305 0.033458061 0.86794441 62.338046 0.011873809 0.99942539 -0.03174739 -0.72819952 -0.86850796 -0.0054260746 -0.49564559 -11.23158
-0.4993884 0.034090996 0.86570721 63.193231 0.010976064 0.99939429 -0.033023898 -0.77584443 -0.86630873 -0.0069896926 -0.4994601 -11.722714
-0.50517066 0.032146452 0.86242052 64.06204 0.010073664 0.99945759 -0.031353723 -0.83152411 -0.86296071 -0.0071512461 -0.50522048 -12.238529
-0.51095902 0.030444311 0.85906575 64.934596 0.014234101 0.99953527 -0.026956167 -0.87891754 -0.85948725 -0.0015454676 -0.51115492 -12.733997
-0.51665953 0.028452358 0.85571802 65.764086 0.011478667 0.99958805 -0.026305479 -0.92872188 -0.85611403 -0.003768474 -0.51677329 -13.247842
-0.521644 0.030813935 0.85260658 66.619544 0.012664768 0.99951712 -0.028374815 -0.98664118 -0.85306928 -0.0040034863 -0.52178236 -13.752157
-0.52655792 0.032881991 0.84950307 67.449064 0.012778478 0.99944495 -0.030765198 -1.0286809 -0.85004325 -0.0053443014 -0.52668584 -14.274366
-0.53187396 0.033266394 0.84616983 68.31201 0.011253212 0.99941752 -0.032217794 -1.0879038 -0.84674879 -0.0076136765 -0.53193851 -14.785873
-0.53561216 0.033575623 0.84379632 69.125652 0.010260682 0.99939426 -0.033253922 -1.1449902 -0.84440179 -0.0091532786 -0.53563223 -15.296061
-0.53920601 0.033120849 0.84152232 69.941718 0.010421739 0.99941227 -0.032657384 -1.1975059 -0.84210945 -0.0088389311 -0.53923428 -15.806178
-0.54141783 0.026349602 0.84034063 70.771314 0.012212798 0.99964979 -0.023476368 -1.2455548 -0.840665 -0.002447613 -0.54155003 -16.348926
-0.54336876 0.018556003 0.83928899 71.610263 0.013155525 0.99982113 -0.013588146 -1.279792 -0.83939108 0.0036579144 -0.54351568 -16.880201
-0.54647612 0.016360095 0.83731484 72.428667 0.013990426 0.99984799 -0.010404895 -1.3138283 -0.83735785 0.0060283652 -0.54662194 -17.386446
-0.5455578 0.021055148 0.83780864 73.225034 0.013418284 0.99977567 -0.016387959 -1.3514571 -0.83796581 0.0023013765 -0.54571794 -17.919362
-0.54813409 0.026068372 0.83598409 74.013797 0.013779055 0.99965997 -0.022137667 -1.3965577 -0.836277 -0.00061533815 -0.54830691 -18.434788
-0.54843805 0.031128067 0.83561156 74.81432 0.019870556 0.99950984 -0.02419191 -1.4317749 -0.83595509 0.0033363032 -0.54878776 -18.960587
-0.54791922 0.032079972 0.83591587 75.608337 0.023195223 0.99946282 -0.023152606 -1.4789139 -0.83620965 0.0067034987 -0.54836899 -19.493176
-0.5469567 0.028969984 0.83665946 76.408982 0.022675069 0.99954706 -0.019786522 -1.5243801 -0.83685379 0.0081489412 -0.54736586 -20.020423
-0.54712885 0.024423316 0.83669198 77.208735 0.021279304 0.99965702 -0.015265375 -1.5476539 -0.83677791 0.0094520968 -0.54746091 -20.525414
-0.54698787 0.018248204 0.83694158 77.996883 0.019457051 0.99976944 -0.0090821451 -1.5798023 -0.83691443 0.011316593 -0.54721681 -21.037443
-0.54624504 0.011553989 0.8375457 78.799008 0.010354255 0.9999216 -0.0070409554 -1.6190762 -0.83756146 0.0048260758 -0.54632185 -21.537432
-0.54464059 0.0066514147 0.83864315 79.586997 0.0020601762 0.99997614 -0.0065930298 -1.6384947 -0.83866706 -0.0018630782 -0.5446413 -22.028819
-0.54306608 0.0071128515 0.8396598 80.375364 0.0050151321 0.99997376 -0.0052272547 -1.6638229 -0.83967502 0.0013722609 -0.54308751 -22.540645
-0.5403239 0.010347944 0.84139346 81.184209 0.010506873 0.9999294 -0.0055504329 -1.6958262 -0.84139156 0.0058413839 -0.54039447 -23.054735
-0.53362602 0.013601183 0.84561115 81.963769 0.01154791 0.99989464 -0.0087953942 -1.7211658 -0.84564175 0.005071591 -0.53372687 -23.544563
-0.52602714 0.015457508 0.85032726 82.748939 0.016176153 0.99983579 -0.0081684705 -1.7508302 -0.85031396 0.0094581874 -0.52619081 -24.034065
-0.51888204 0.018816278 0.85463871 83.543156 0.024840389 0.99966742 -0.0069278257 -1.7781038 -0.8544849 0.017634835 -0.51917687 -24.510712
-0.50832846 0.018391894 0.86096681 84.351861 0.022954805 0.99970605 -0.0078027469 -1.8069916 -0.86085731 0.015796968 -0.50860123 -24.994829
-0.4981227 0.014713968 0.86698167 85.15244 0.017854004 0.99981809 -0.0067104135 -1.8340401 -0.86692276 0.012136486 -0.49829479 -25.443869
-0.48531182 0.012201253 0.87425597 85.980785 0.020066789 0.99979468 -0.0028139325 -1.852419 -0.87411088 0.016177877 -0.48545701 -25.905335
-0.47497089 0.011446331 0.87992702 86.792831 0.020126395 0.99979515 -0.0021416934 -1.8774422 -0.87977136 0.016692518 -0.47510397 -26.332378
-0.46395018 0.010493559 0.8857991 87.635373 0.019775907 0.99980333 -0.001486183 -1.9018245 -0.88564057 0.016827967 -0.46406645 -26.757945
-0.45089468 0.011724715 0.89250011 88.451181 0.022463669 0.99974607 -0.0017848604 -1.9183942 -0.89229448 0.019244044 -0.45104356 -27.165236
-0.43914287 0.014479695 0.89830051 89.281257 0.021381687 0.99975535 -0.0056623991 -1.9569457 -0.89816281 0.01672058 -0.43934503 -27.559857
-0.42744635 0.024549054 0.9037073 90.115167 0.024085578 0.99958565 -0.015761285 -1.9800822 -0.90371985 0.01502921 -0.42786052 -27.952528
-0.41530237 0.02936648 0.90920926 90.937283 0.024071696 0.99948358 -0.021286938 -2.0083843 -0.90936493 0.013045694 -0.4157948 -28.324211
-0.4028515 0.025980862 0.91489649 91.780634 0.021961961 0.99958362 -0.018715378 -2.0365668 -0.91500187 0.012553404 -0.40325435 -28.688269
-0.3922859 0.022868567 0.91955898 92.613278 0.024357258 0.99959862 -0.014468216 -2.0753043 -0.91952083 0.016722259 -0.39268546 -29.020483
-0.38161342 0.022491194 0.9240483 93.470119 0.019652039 0.99967537 -0.016216046 -2.1128779 -0.92411312 0.011971174 -0.38193154 -29.362234
-0.37428314 0.026806078 0.92692691 94.32547 0.014306909 0.99963005 -0.023131625 -2.1565595 -0.92720414 0.0046036825 -0.37452819 -29.70497
-0.36946497 0.031936715 0.92869565 95.148214 0.0075289564 0.99947931 -0.031375617 -2.188766 -0.9292142 -0.0046000815 -0.36951304 -30.015686
-0.36599953 0.034323586 0.92998181 95.999251 0.0053137847 0.99938039 -0.034793664 -2.2340363 -0.9305999 -0.0077927411 -0.36595514 -30.325764
-0.36300031 0.033622847 0.93118216 96.831868 0.0036679344 0.99939257 -0.034655905 -2.28607 -0.93178184 -0.0091645885 -0.36290314 -30.653495
-0.35740486 0.033624481 0.93334403 97.697019 0.0029159726 0.99938701 -0.034887119 -2.3347773 -0.93394504 -0.0097472197 -0.35728382 -30.974465
-0.3518382 0.030239378 0.93557222 98.523409 0.0017485397 0.99949755 -0.031647989 -2.3773198 -0.93605924 -0.0094990858 -0.3517143 -31.271867
-0.34630348 0.025647553 0.93777184 99.381862 0.00031745415 0.99962936 -0.027222091 -2.4272992 -0.93812252 -0.0091294047 -0.34618327 -31.590257
-0.34083497 0.022927443 0.93984349 100.24737 -0.00097941297 0.99969337 -0.024742662 -2.466623 -0.94012267 -0.0093536585 -0.34070801 -31.888313
-0.33519707 0.021025612 0.94191336 101.08682 -0.0075119105 0.99965953 -0.024987885 -2.518422 -0.94211813 -0.015451434 -0.334925 -32.17687
-0.32891522 0.021167462 0.94412215 101.93428 -0.017105142 0.99945121 -0.028367076 -2.5489031 -0.94420457 -0.025479706 -0.32837264 -32.448827
-0.32214131 0.024810984 0.94636638 102.78309 -0.014423122 0.99941186 -0.031111284 -2.5982754 -0.94658176 -0.023671787 -0.32159399 -32.722619
-0.31503707 0.028371882 0.94865516 103.6504 -0.013888978 0.99930821 -0.034499149 -2.6490128 -0.94897777 -0.024044361 -0.31442508 -33.00336
-0.30855676 0.026673579 0.95083183 104.47897 -0.015058702 0.9993445 -0.032921234 -2.6907281 -0.95108677 -0.024476362 -0.30795283 -33.270648
-0.30176788 0.021631837 0.95313595 105.34524 -0.015073442 0.99950934 -0.027456631 -2.7304428 -0.9532623 -0.022652568 -0.30129375 -33.517679
-0.29477679 0.01946825 0.95536776 106.19591 -0.01322799 0.9996135 -0.024451347 -2.7647125 -0.95547462 -0.019845284 -0.29440533 -33.779366
-0.2884637 0.022265881 0.95723187 107.04963 -0.017571851 0.99943811 -0.028542938 -2.811636 -0.95732962 -0.025053937 -0.28791036 -34.028074
-0.28194889 0.024921567 0.95910566 107.91324 -0.017658638 0.99935845 -0.031158622 -2.860273 -0.95926695 -0.025721638 -0.28132792 -34.270792
-0.2750725 0.025894826 0.96107466 108.76312 -0.018630484 0.99930595 -0.032257209 -2.8967767 -0.961243 -0.026778356 -0.27439916 -34.506206
-0.26824209 0.024932694 0.9630288 109.64949 -0.019320717 0.99932472 -0.031253982 -2.9469853 -0.96315781 -0.02699004 -0.26757924 -34.750364
-0.26067676 0.024702749 0.96511001 110.50015 -0.016157456 0.99942095 -0.029945101 -2.9936054 -0.96529096 -0.023399714 -0.26012668 -34.969543
-0.2522633 0.026110468 0.96730625 111.36081 -0.011708013 0.99948036 -0.030032267 -3.0382606 -0.96758784 -0.018901273 -0.25182652 -35.191895
-0.24551194 0.026831397 0.96902213 112.23283 -0.0094769493 0.99950267 -0.03007646 -3.0782174 -0.96934728 -0.016567503 -0.24513557 -35.4126
-0.23916754 0.025491222 0.9706436 113.09872 -0.016673498 0.99940011 -0.030354795 -3.1220424 -0.97083519 -0.023443906 -0.23859904 -35.601189
-0.23322402 0.023715675 0.97213376 113.95253 -0.020464504 0.99936146 -0.029289533 -3.1651088 -0.97220771 -0.026725257 -0.23258977 -35.795507
-0.22801205 0.023912271 0.97336459 114.84968 -0.018312086 0.99941624 -0.028841902 -3.2079433 -0.97348613 -0.024400636 -0.22744106 -36.004237
-0.22410335 0.023935333 0.97427137 115.69079 -0.016765821 0.99945573 -0.028410545 -3.2525808 -0.9744212 -0.022701357 -0.22358008 -36.186852
-0.21894519 0.02566376 0.97539956 116.58602 -0.015941683 0.99942653 -0.029874317 -3.2942223 -0.97560696 -0.022090348 -0.21841051 -36.390851
-0.21339662 0.024504773 0.97665824 117.43735 -0.010542281 0.99956942 -0.027383076 -3.3334404 -0.97690881 -0.016139661 -0.2130464 -36.571744
-0.20806593 0.023678665 0.97782811 118.30259 -0.0024891037 0.99969088 -0.024737724 -3.3743384 -0.97811168 -0.0075809925 -0.20794268 -36.757587
-0.20334284 0.022489353 0.97884924 119.19481 -7.7947688e-06 0.99973614 -0.022970853 -3.4224075 -0.97910764 -0.0046785878 -0.20328901 -36.947218
-0.19897892 0.023471832 0.9797226 120.0531 -0.0033892599 0.99969068 -0.024638567 -3.4579285 -0.97999795 -0.0082230894 -0.19883783 -37.111568
-0.19573284 0.026002344 0.98031243 120.91546 -0.0039830743 0.99961908 -0.027309718 -3.4984505 -0.98064921 -0.0092500653 -0.19555472 -37.26667
-0.19353413 0.024941885 0.98077641 121.81685 -0.0073654459 0.99961169 -0.026874284 -3.5403456 -0.98106594 -0.012424946 -0.19327527 -37.438962
-0.19270733 0.024104288 0.98096014 122.65669 -0.0079240005 0.99962742 -0.026119633 -3.5820564 -0.98122433 -0.012806573 -0.19244453 -37.592348
-0.19156484 0.019715145 0.98128189 123.54281 -0.0070269282 0.99974506 -0.021457881 -3.615049 -0.98145485 -0.011005972 -0.19137747 -37.768179
-0.19130424 0.014370665 0.98142554 124.39781 -0.0071820646 0.99984555 -0.016040344 -3.6551543 -0.98150455 -0.010117247 -0.19117148 -37.921116
-0.19040859 0.011907059 0.98163267 125.2647 -0.0049198283 0.99990231 -0.013082972 -3.6858069 -0.98169264 -0.0073205737 -0.19033141 -38.08924
-0.18923797 0.016774851 0.98178792 126.14409 -0.0059341771 0.99981627 -0.018226685 -3.7225032 -0.98191337 -0.0092752835 -0.18910366 -38.250881
-0.18847011 0.020721087 0.98186026 126.97445 -0.0066662829 0.99972736 -0.022377758 -3.7545884 -0.98205634 -0.010762896 -0.18828059 -38.403543
-0.18895828 0.01953927 0.98179066 127.83042 -0.010171266 0.99970944 -0.021853474 -3.7857284 -0.98193248 -0.014115448 -0.18870463 -38.564253
-0.18842484 0.019095967 0.9819019 128.68913 -0.010227634 0.99971857 -0.021405124 -3.8291015 -0.9820344 -0.01407579 -0.18817651 -38.722833
-0.18773427 0.019161088 0.9820329 129.52874 -0.0052772412 0.99977559 -0.020516121 -3.8693228 -0.98220572 -0.0090340028 -0.18759102 -38.878152
-0.18675689 0.021927036 0.98216139 130.38604 -0.0069097659 0.99969684 -0.023632403 -3.9071242 -0.9823819 -0.011200019 -0.18654876 -39.033453
-0.18676994 0.023365527 0.98212573 131.20487 -0.016437397 0.99950285 -0.026904825 -3.9341548 -0.9822662 -0.021168603 -0.18629302 -39.172284
-0.18640965 0.02490212 0.98215643 132.05928 -0.019898343 0.99937798 -0.029115394 -3.971998 -0.98227062 -0.024970675 -0.18579819 -39.315148
-0.18660102 0.027921819 0.98203887 132.88326 -0.021889386 0.99922973 -0.032569884 -4.0280967 -0.98219193 -0.027573802 -0.1858461 -39.467796
-0.18610498 0.028413547 0.9821189 133.70086 -0.02024491 0.99925866 -0.032745689 -4.0694655 -0.98232131 -0.025977044 -0.18539178 -39.618139
-0.18398843 0.030162372 0.98246547 134.52985 -0.017987736 0.99925836 -0.034046526 -4.1164763 -0.98276385 -0.023936496 -0.18330943 -39.764381
-0.18245219 0.028954 0.98278827 135.34713 -0.013738679 0.99939364 -0.031993761 -4.1541729 -0.98311878 -0.019339544 -0.18194377 -39.921915
-0.17914342 0.026448522 0.98346735 136.17858 -0.0058612286 0.99959214 -0.027949819 -4.2012203 -0.98380555 -0.010771353 -0.17891534 -40.0755
-0.17736224 0.021749897 0.98390523 136.9772 0.0012562431 0.99975995 -0.02187392 -4.2315278 -0.98414488 -0.0026435825 -0.17734699 -40.229099
-0.17298016 0.021506407 0.98469044 137.80394 0.0047104621 0.99976821 -0.021008231 -4.2689975 -0.98491409 0.0010043408 -0.17304137 -40.371996
-0.16851231 0.02573262 0.98536356 138.60433 0.0011188645 0.99966353 -0.025914717 -4.3165156 -0.98569896 -0.0032644595 -0.1684844 -40.495367
-0.16194053 0.029266717 0.98636638 139.43283 0.0032376821 0.99957048 -0.029126939 -4.3529595 -0.98679525 -0.0015232902 -0.16196573 -40.624311
-0.15405588 0.029180747 0.9876311 140.20694 -0.0027496952 0.99954726 -0.029961735 -4.3944489 -0.98805835 -0.0073314651 -0.1539059 -40.739289
-0.14396592 0.026466854 0.98922861 141.00305 0.007312686 0.99964344 -0.025681261 -4.4193087 -0.98955567 0.0035366928 -0.14410813 -40.854562
-0.13208797 0.024839113 0.99092669 141.82572 0.015376754 0.99961704 -0.023007267 -4.4650018 -0.99111876 0.012198254 -0.13241933 -40.964361
-0.11851624 0.026680545 0.99259356 142.59602 0.014196527 0.99958229 -0.025173325 -4.4980622 -0.99285067 0.011107934 -0.1188455 -41.051826
-0.10441978 0.027843153 0.99414344 143.39066 0.011331421 0.99957645 -0.02680512 -4.543189 -0.9944688 0.0084660746 -0.10469105 -41.130645
-0.090521115 0.027900411 0.9955036 144.17516 0.01484586 0.99953422 -0.02666344 -4.5751842 -0.99578392 0.012365504 -0.09089316 -41.197569
-0.076725786 0.029273423 0.99662236 144.96483 0.018553136 0.99943775 -0.027927789 -4.6147798 -0.99687964 0.01634769 -0.077225762 -41.258071
-0.062779645 0.035315012 0.99740237 145.76048 0.015678367 0.99928534 -0.034394835 -4.6623145 -0.9979043 0.013478346 -0.063288462 -41.293477
-0.04995327 0.044456941 0.99776158 146.48544 0.0072114998 0.99899884 -0.044151021 -4.7090981 -0.99872556 0.0049898705 -0.050223861 -41.310047
-0.036618658 0.053099105 0.99791757 147.25619 -0.00094630958 0.99858506 -0.053169346 -4.7550772 -0.99932891 -0.0028913282 -0.036516598 -41.324083
-0.023090771 0.054297576 0.99825773 148.04868 0.0011632683 0.99852479 -0.054285193 -4.8035341 -0.99973274 -9.2244529e-05 -0.023119872 -41.332189
-0.010911171 0.050300626 0.99867448 148.82245 0.00035540954 0.9987341 -0.050299744 -4.8562195 -0.99994045 -0.00019388982 -0.010915237 -41.329751
0.00012466228 0.047411677 0.99887538 149.60676 -0.0002910441 0.99887539 -0.04741164 -4.912596 -0.99999999 -0.0002848055 0.00013831944 -41.31694
0.0085489305 0.053125345 0.99855122 150.34282 -0.0072386772 0.99856487 -0.053064097 -4.9769921 -0.9999373 -0.0067745479 0.0089212174 -41.291969
0.015355615 0.061930749 0.99796228 151.06701 -0.014947615 0.99798268 -0.061702015 -5.025004 -0.9997704 -0.013969683 0.016250353 -41.267435
0.018567381 0.065283738 0.99769394 151.84956 -0.017862718 0.9977284 -0.06495356 -5.0786663 -0.99966808 -0.016615507 0.019691347 -41.244984
0.018512068 0.060963202 0.99796829 152.61672 -0.021512765 0.99793259 -0.060561963 -5.137966 -0.99959721 -0.02034793 0.019785282 -41.216987
0.016729097 0.055664412 0.99830933 153.36866 -0.014522011 0.99835731 -0.055423734 -5.2088692 -0.99975464 -0.01357027 0.017509974 -41.19752
0.01413597 0.053216106 0.99848292 154.11293 -0.01375221 0.99849863 -0.053022246 -5.2520614 -0.99980555 -0.012981825 0.014846584 -41.186927
0.011623978 0.053454932 0.99850256 154.86865 -0.013551472 0.99848678 -0.053296327 -5.3080665 -0.99984065 -0.012911664 0.012330779 -41.176289
0.0078366037 0.053488725 0.99853766 155.60068 -0.013017997 0.9984892 -0.053383961 -5.3598451 -0.9998846 -0.012580611 0.0085210787 -41.167646
0.002898915 0.051647699 0.99866112 156.34049 -0.013284129 0.99857922 -0.051604901 -5.4196562 -0.9999076 -0.013116744 0.0035808894 -41.159332
-0.0024073784 0.052078409 0.99864005 157.08613 -0.015151262 0.99852646 -0.052109008 -5.4665239 -0.99988236 -0.015256102 -0.0016147789 -41.156789
-0.0084004576 0.050360113 0.99869575 157.83611 -0.014250041 0.99862359 -0.050476336 -5.5174874 -0.99986322 -0.014655479 -0.007671263 -41.157802
-0.013931666 0.047464001 0.99877575 158.58119 -0.01075819 0.9988078 -0.047615586 -5.5659996 -0.99984512 -0.011408383 -0.013404431 -41.170703
-0.018924302 0.047364142 0.99869837 159.295 -0.010520265 0.99881256 -0.047568904 -5.6151925 -0.99976561 -0.01140678 -0.018403548 -41.180385
-0.024631619 0.048672866 0.99851097 160.02777 -0.012170194 0.99872544 -0.048983538 -5.6635896 -0.99962256 -0.013358616 -0.024007868 -41.194131
-0.028699556 0.050870404 0.99829277 160.75251 -0.016181564 0.99854968 -0.051348692 -5.717385 -0.99945714 -0.017627623 -0.027834771 -41.207879
-0.030882139 0.05311964 0.99811047 161.46508 -0.016254428 0.99842807 -0.053639462 -5.7741211 -0.9993909 -0.017880216 -0.029970166 -41.224979
-0.032683329 0.054636849 0.99797121 162.18642 -0.01521831 0.99836173 -0.055156624 -5.8311166 -0.99934993 -0.016990137 -0.031798306 -41.248333
-0.032113041 0.05270146 0.9980938 162.91491 -0.0086643047 0.99855668 -0.053004668 -5.8798491 -0.99944673 -0.010349929 -0.031610071 -41.27596
-0.028072967 0.049123765 0.99839806 163.62002 -0.003412045 0.99878122 -0.049238556 -5.9195678 -0.9996001 -0.0047888507 -0.027871142 -41.298999
-0.020795204 0.048716095 0.99859612 164.32413 -0.0053292006 0.99879256 -0.048836654 -5.9821283 -0.9997696 -0.0063372866 -0.020510479 -41.303102
-0.0099965987 0.049893466 0.99870447 165.02875 -0.0037540928 0.99874551 -0.049933091 -6.0344469 -0.99994303 -0.0042483896 -0.0097967549 -41.303116
0.0038788817 0.050143607 0.99873444 165.70871 0.00056020332 0.99874173 -0.050146147 -6.0729779 -0.99999236 0.00075400618 0.0038459088 -41.298457
0.019190917 0.048150499 0.99865567 166.39975 -0.0022696226 0.99883919 -0.04811573 -6.1255236 -0.9998133 -0.0013431857 0.019277922 -41.271253
0.035528122 0.042840764 0.99844997 167.09677 -0.0037207584 0.9990795 -0.042735377 -6.1664708 -0.99936179 -0.0021966826 0.035654817 -41.225769
0.051541572 0.036374482 0.99800816 167.7636 -0.0070400842 0.99932487 -0.03605889 -6.2092887 -0.99864608 -0.0051675289 0.051762853 -41.176443
0.068896596 0.029166909 0.99719731 168.4442 -0.0074562134 0.99955966 -0.028720853 -6.2461869 -0.99759598 -0.0054565462 0.069083731 -41.122946
0.087183697 0.021576593 0.99595852 169.14253 -0.0076231915 0.99975059 -0.020991429 -6.2827759 -0.99616313 -0.0057622713 0.087326434 -41.048158
0.10344781 0.015440085 0.99451499 169.77687 -0.010723904 0.9998387 -0.014407254 -6.3139388 -0.99457711 -0.0091746837 0.1035967 -40.965399
0.12200091 0.012833956 0.99244697 170.45488 -0.010256677 0.99987931 -0.01166922 -6.3398754 -0.99247703 -0.0087555521 0.12211782 -40.865746
0.13996392 0.012170882 0.99008176 171.09145 -0.011190804 0.99988003 -0.01070933 -6.3630766 -0.9900934 -0.0095808905 0.14008333 -40.761853
0.15789979 0.011578148 0.98738722 171.73046 -0.011839184 0.99988158 -0.0098313729 -6.3838121 -0.98738421 -0.010137487 0.15801817 -40.645919
0.17371816 0.011003092 0.9847339 172.36898 -0.01732854 0.99981692 -0.0081146747 -6.3970336 -0.98464298 -0.015654334 0.17387702 -40.517318
0.18775745 0.0071720135 0.9821892 172.9864 -0.017333253 0.99984182 -0.0039874508 -6.4121328 -0.98206251 -0.01627586 0.18785206 -40.375639
0.20027699 0.0033605568 0.97973351 173.62429 -0.014839395 0.99988981 -0.00039622673 -6.4337843 -0.97962697 -0.014459297 0.20030479 -40.242651
0.21142969 0.0015913376 0.97739187 174.25565 -0.012301211 0.9999238 0.0010329789 -6.4500557 -0.97731584 -0.012241505 0.21143315 -40.101456
0.2209739 0.0050673161 0.97526652 174.83621 -0.01510115 0.9998844 -0.0017736381 -6.4658344 -0.97516284 -0.014335718 0.22102488 -39.94817
0.22995021 0.012062977 0.97312759 175.45616 -0.01920786 0.99978466 -0.0078545996 -6.4873875 -0.97301287 -0.016885531 0.23013239 -39.796156
0.23899198 0.022437819 0.97076222 176.0315 -0.020229933 0.99963105 -0.018124673 -6.5051042 -0.97081083 -0.015306803 0.23935772 -39.642176
0.2474471 0.029122619 0.96846359 176.61448 -0.015098567 0.99954271 -0.02619944 -6.5174125 -0.9687838 -0.0081394359 0.24777365 -39.493057
0.25378209 0.027616 0.96686707 177.22135 -0.015762733 0.99957768 -0.024412909 -6.5384203 -0.96713302 -0.0090449083 0.25411021 -39.324385
0.26001472 0.019910653 0.96539931 177.82922 -0.016294238 0.9997355 -0.016230221 -6.5551595 -0.9654672 -0.011510349 0.26027038 -39.147927
0.2640341 0.0093120526 0.96446835 178.44134 -0.021528041 0.99976118 -0.0037592643 -6.5814289 -0.9642731 -0.01977054 0.26417152 -38.973821
0.26608529 -9.1743741e-05 0.96394945 179.0459 -0.019068883 0.99980381 0.0053588651 -6.6009554 -0.9637609 -0.019807354 0.26603133 -38.801119
0.26679128 -0.0010915224 0.96375367 179.64749 -0.016151323 0.99985386 0.0056035015 -6.6201086 -0.96361903 -0.017060862 0.26673466 -38.629488
0.26791695 0.0022023696 0.96343945 180.2498 -0.014776103 0.99988917 0.0018233044 -6.6209389 -0.96332873 -0.014724375 0.2679198 -38.464078
0.26979539 0.0016416305 0.96291623 180.85731 -0.011587248 0.99993168 0.0015418454 -6.6344744 -0.962848 -0.011573531 0.26979598 -38.291285
0.27179732 1.4380022e-05 0.96235448 181.47089 -0.012875705 0.99991055 0.0036215382 -6.6297824 -0.96226842 -0.013375316 0.27177319 -38.110706
0.27407267 -0.004447602 0.96169866 182.0797 -0.012913869 0.99988213 0.0083044896 -6.6465456 -0.96162232 -0.014695284 0.27398293 -37.929863
0.2777064 -0.0096830549 0.96061715 182.69718 -0.01172099 0.99984062 0.013466869 -6.656313 -0.96059453 -0.014999219 0.27754865 -37.748218
0.28188735 -0.013097242 0.95935807 183.31187 -0.0096851198 0.99981703 0.016495362 -6.6609026 -0.95939867 -0.013941331 0.28170892 -37.563782
0.28818337 -0.014449921 0.95746617 183.91617 -0.0087316199 0.99980491 0.01771698 -6.6581596 -0.95753547 -0.013465969 0.28800098 -37.374539
0.2955031 -0.017550569 0.95518052 184.56085 -0.008060239 0.99974985 0.020863077 -6.6621055 -0.95530782 -0.013864087 0.29528771 -37.18151
0.30533618 -0.01996834 0.95203519 185.15967 -0.0048383695 0.99973467 0.022520566 -6.6640842 -0.95223237 -0.011482641 0.30515855 -36.969202
0.31622654 -0.017964521 0.94851356 185.79053 -0.0059623406 0.99976331 0.020922968 -6.6656498 -0.94866501 -0.012271758 0.31604458 -36.757252
0.32777465 -0.014463096 0.94464518 186.40529 -0.0068148378 0.9998206 0.01767249 -6.6658632 -0.9447314 -0.012230197 0.32761729 -36.523755
0.33951058 -0.010130447 0.94054764 187.01261 -0.009348609 0.99985627 0.014143826 -6.6630827 -0.94055582 -0.01359479 0.33936707 -36.291241
0.35074803 -0.0097364731 0.93641921 187.63942 -0.0085365329 0.99987116 0.013593688 -6.6620646 -0.936431 -0.012761732 0.35061973 -36.052157
0.36292677 -0.013090737 0.93172567 188.25527 -0.0069667831 0.99983525 0.016761385 -6.6654872 -0.93179166 -0.012574285 0.36277578 -35.785705
0.37351309 -0.015070809 0.92750244 188.87654 -0.0066452051 0.99979889 0.01892162 -6.6646859 -0.92760115 -0.013230916 0.37333782 -35.534267
0.38467134 -0.014487402 0.92293987 189.51857 -0.010972409 0.99973441 0.020266028 -6.6724369 -0.92298843 -0.017922633 0.38441021 -35.257497
0.39448588 -0.01638469 0.91875588 190.12639 -0.012570926 0.99965123 0.023224915 -6.6594176 -0.91881605 -0.020711513 0.39414232 -34.975459
0.40130469 -0.015319223 0.91581646 190.76527 -0.017114936 0.99956015 0.024219687 -6.6569242 -0.91578474 -0.025393614 0.40086599 -34.684507
0.4060093 -0.017253425 0.91370602 191.4028 -0.017720101 0.99948516 0.026747189 -6.6515357 -0.91369717 -0.027050571 0.40549454 -34.392842
0.40762959 -0.022541021 0.91286908 192.05775 -0.012551028 0.99946254 0.030283725 -6.6434917 -0.91306115 -0.023801987 0.40712759 -34.09745
0.40867584 -0.02028813 0.91245404 192.69838 -0.010733014 0.99957693 0.027032452 -6.6387044 -0.91261653 -0.020840891 0.40828519 -33.805058
0.40806004 -0.020325087 0.91272878 193.35805 -0.0086903191 0.99962038 0.026145273 -6.6342399 -0.91291377 -0.018600745 0.4077285 -33.516469
0.40656598 -0.019659679 0.91340984 194.02503 -0.0052596739 0.99970152 0.023858091 -6.6249559 -0.91360632 -0.014504126 0.40634122 -33.213988
0.40677211 -0.020109871 0.91330826 194.68937 -0.0031564345 0.99972077 0.023418386 -6.6209667 -0.91352425 -0.012408743 0.40659505 -32.921696
0.40564407 -0.027083318 0.91362975 195.38421 0.0018937597 0.99958367 0.028790492 -6.6089665 -0.9140292 -0.0099484965 0.40552647 -32.623641
0.40500775 -0.029980976 0.91382153 196.04778 0.0025327824 0.99949519 0.031669252 -6.6023978 -0.91430978 -0.010511781 0.40487923 -32.31681
0.40336683 -0.032629438 0.91445637 196.73294 0.0034209825 0.9994108 0.034151768 -6.5919911 -0.91503201 -0.01064735 0.40324079 -32.012963
0.40104147 -0.032698202 0.9154761 197.43771 0.0027595202 0.99940134 0.034486913 -6.5794865 -0.91605578 -0.011304407 0.40089161 -31.713111
0.40007939 -0.033191858 0.9158792 198.12187 0.001894868 0.99937178 0.035389939 -6.5628444 -0.91647857 -0.012423314 0.39989094 -31.409106
0.3979901 -0.032006955 0.91683115 198.8077 6.5872954e-06 0.99939129 0.034886304 -6.5612273 -0.91738975 -0.013878363 0.39774805 -31.095773
0.39693331 -0.029048071 0.91738764 199.49914 0.0016285831 0.99951979 0.030944043 -6.5551514 -0.91784605 -0.010788679 0.39679 -30.804145
0.39553329 -0.022877198 0.91816664 200.19092 0.00052528983 0.99969521 0.02468229 -6.5527756 -0.91845153 -0.009280363 0.39542475 -30.513901
0.39465432 -0.019467472 0.91862338 200.86817 -0.0017870523 0.99975737 0.021954608 -6.5415866 -0.91882798 -0.010306108 0.39452377 -30.208914
0.39344582 -0.02264605 0.91906881 201.56101 -0.001869686 0.99967479 0.025432595 -6.5337404 -0.91934594 -0.011724718 0.39327552 -29.889867
0.39204376 -0.025190617 0.91960157 202.25838 -0.0037296971 0.99957328 0.028971321 -6.529504 -0.91993905 -0.014787861 0.39178252 -29.604553
0.38923141 -0.02523698 0.92079419 202.93841 -0.007231213 0.9995101 0.030451138 -6.5267707 -0.92111166 -0.018510998 0.38885823 -29.303651
0.38492247 -0.025011747 0.9226099 203.62831 -0.010129611 0.99945804 0.031321261 -6.5228309 -0.92289336 -0.021401936 0.38446049 -29.009471
0.37811623 -0.026151418 0.92538865 204.30938 -0.010174492 0.99942316 0.032400952 -6.5130641 -0.92570226 -0.021666685 0.37763204 -28.724469
0.37000941 -0.026274874 0.92865634 205.00708 -0.010073393 0.99942775 0.032290834 -6.5048716 -0.92897343 -0.021302633 0.36953299 -28.448406
