1.000000000000000000e+00 4.398956837314658088e-19 2.733407509747682871e-20 -8.673617379884035472e-19 -5.583667658079949532e-19 1.000000000000000000e+00 -6.100159232558060012e-19 0.000000000000000000e+00 4.145284534913582806e-20 -2.210423569125054137e-19 1.000000000000000222e+00 0.000000000000000000e+00
9.999425952617009283e-01 -1.507078966794289394e-03 1.060824726348437268e-02 5.585040737735390282e-02 1.499234312862360698e-03 9.999985968417106630e-01 7.474009420165155263e-04 -7.352593748563382436e-03 -1.060935895353877501e-02 -7.314537852067226316e-04 9.999434516337165624e-01 2.801029842166166128e-01
9.998497793284460977e-01 -2.907936513028549184e-03 1.708691623296208079e-02 6.220623718966979826e-02 2.897442925210716273e-03 9.999955983318306041e-01 6.388552499170128875e-04 -1.026272814071958750e-02 -1.708869906757100668e-02 -5.892509036473197711e-04 9.998538038777077253e-01 5.797880245626252371e-01
9.997999218697389834e-01 -5.145407568616651439e-03 1.932979669349365118e-02 6.771745854039211421e-02 5.150812302020887738e-03 9.999867080629770699e-01 -2.298276095735741467e-04 -1.689429965346697649e-02 -1.932835754075388005e-02 3.293458052409025338e-04 9.998131355935427900e-01 8.887721993326811454e-01
9.998202530933475440e-01 -6.569662138722398570e-03 1.778485521616696152e-02 5.715737645487859592e-02 6.593474256966927981e-03 9.999774428333415566e-01 -1.280589750371093115e-03 -2.009246213102663936e-02 -1.777604130660103213e-02 1.397623587275896280e-03 9.998410168542080090e-01 1.180669445578151233e+00
9.998904773392094381e-01 -1.007118160801572307e-02 1.084456815233480857e-02 6.269292744070778522e-02 1.010971110890266852e-02 9.999427564344015584e-01 -3.503937551363213269e-03 -1.972991555889570814e-02 -1.080865876856253183e-02 3.613189292200915965e-03 9.999350567637085296e-01 1.514379881285983664e+00
9.999456754580695605e-01 -1.037668947703004017e-02 -9.851218838274656848e-04 3.642852582817451834e-02 1.037234670868212270e-02 9.999368926363908505e-01 -4.315686595354833142e-03 -2.870387870723055401e-02 1.029842270033553674e-03 4.305234167823793721e-03 9.999902021441910982e-01 1.836042039965746664e+00
9.997981425818045498e-01 -1.013390265984624034e-02 -1.734872027449809589e-02 1.381466752407065415e-02 1.005209204294323436e-02 9.999379731167810093e-01 -4.796389018298698355e-03 -3.492209339704456517e-02 1.739625062490642027e-02 4.621029932069252964e-03 9.998379951648682651e-01 2.149533044874569754e+00
9.993179664568572207e-01 -6.629749667070310333e-03 -3.632696345563862089e-02 -2.387008151637571782e-03 6.450947052445348689e-03 9.999665061880876893e-01 -5.037040132659925153e-03 -4.405272151862399399e-02 3.635914166809995490e-02 4.799261399693059878e-03 9.993272637029226857e-01 2.501458243244556456e+00
9.984345962635117200e-01 -2.995139224437957763e-03 -5.585146370731580018e-02 -5.685449293425227923e-02 2.664479852842722638e-03 9.999784868515769753e-01 -5.993861625038239549e-03 -4.921306065408491415e-02 5.586821557877114097e-02 5.835663716064048816e-03 9.984210973571705505e-01 2.851228711448710040e+00
9.971293698361559654e-01 -2.525753730285996979e-03 -7.567456757519300248e-02 -1.059855143464934479e-01 2.059439283408183354e-03 9.999784134101145083e-01 -6.239504851254440952e-03 -5.222935592397280613e-02 7.568869477712728000e-02 6.065746350995287854e-03 9.971130469548235009e-01 3.220478770603568464e+00
9.953286502049086826e-01 -2.974222997845481914e-03 -9.649886936157846262e-02 -1.594528418727515773e-01 2.430436214021704233e-03 9.999805023098116141e-01 -5.752214918084509743e-03 -6.041416182834746795e-02 9.651409789271800377e-02 5.490809927142272819e-03 9.953164723888741072e-01 3.600604184793843032e+00
9.932231472617834012e-01 -4.401482467773453616e-03 -1.161395983623545458e-01 -2.266691736736328733e-01 3.872990513361353193e-03 9.999810958228432245e-01 -4.775765399761576664e-03 -7.524920086788088047e-02 1.161584252941960521e-01 4.293593114041016276e-03 9.932214182574466976e-01 3.974419211080580716e+00
9.910353747410627356e-01 -3.648793554726574573e-03 -1.335498851711737767e-01 -2.977358616357124732e-01 3.088042482087017052e-03 9.999855267697645989e-01 -4.405705359904301018e-03 -7.717967912437481703e-02 1.335640300915729439e-01 3.953802059728991902e-03 9.910322990740915161e-01 4.381967047691848194e+00
9.887273209922426975e-01 -3.033880255185194240e-03 -1.496966255585635563e-01 -3.764500245628835673e-01 2.475235993548190010e-03 9.999892611063989634e-01 -3.918019243667753525e-03 -8.851098014033262351e-02 1.497069073728307942e-01 3.503318091691572794e-03 9.887242129337941998e-01 4.788760264731148020e+00
9.866243303219515148e-01 -2.070615858231861922e-03 -1.629973701767719052e-01 -4.633735164187074429e-01 1.467298970381861146e-03 9.999916208174829402e-01 -3.821691578263512051e-03 -8.916809586319876524e-02 1.630039204665264529e-01 3.531407905165774228e-03 9.866191016572558592e-01 5.217070378186187796e+00
9.845309398608901308e-01 -3.091100037452748205e-03 -1.751835402914478645e-01 -5.470832532558620453e-01 2.335809517453292777e-03 9.999870682219101914e-01 -4.517452746544239547e-03 -9.611261006576748978e-02 1.751952417851294630e-01 4.038376496434138360e-03 9.845254285912571346e-01 5.653351872858585203e+00
9.827668879937956348e-01 -5.688205956315635185e-03 -1.847617042024235212e-01 -6.458400162190552907e-01 4.578544065859982762e-03 9.999688326677664829e-01 -6.431999683735679929e-03 -1.110055983917983130e-01 1.847925354069958059e-01 5.475216593536488818e-03 9.827623017315444409e-01 6.090611572109151162e+00
9.810763131304548468e-01 -5.147078891493938810e-03 -1.935530275837390179e-01 -7.405295093861975486e-01 3.647255440212774074e-03 9.999605069719958994e-01 -8.104444366035343239e-03 -1.198314150077189333e-01 1.935871011487339255e-01 7.245140958853574405e-03 9.810563404378485064e-01 6.530882545481368595e+00
9.796174155949954887e-01 -5.347064431090911563e-03 -2.008012126452271007e-01 -8.503612252454466613e-01 3.369304538249895658e-03 9.999424060726167518e-01 -1.018981450438533921e-02 -1.219371079170681188e-01 2.008441367787795750e-01 9.305559218720116377e-03 9.795790117491148807e-01 7.028326612736963241e+00
9.780190764045466612e-01 -5.689091050879246415e-03 -2.084378070385820292e-01 -9.625922495952041746e-01 3.138781411160310869e-03 9.999161426571036015e-01 -1.256406384898735469e-02 -1.336106510339272468e-01 2.084918097006692728e-01 1.163365332768128563e-02 9.779549194269340218e-01 7.496643795506006569e+00
9.763064943258704664e-01 -9.496843799010704426e-03 -2.161838060664273697e-01 -1.080688670381667826e+00 6.504163131895976217e-03 9.998729814410518557e-01 -1.455049261804635535e-02 -1.447102533432494953e-01 2.162945342004238269e-01 1.279964562417771831e-02 9.762442546039616920e-01 7.997144141667326345e+00
9.744146053436081312e-01 -1.462167878279564508e-02 -2.242819258181331377e-01 -1.195929091684375445e+00 1.141292277420898928e-02 9.998132286080736453e-01 -1.559657253335967712e-02 -1.617511969505792679e-01 2.244680883205019128e-01 1.263781569219841507e-02 9.743994889743495813e-01 8.526676091228239329e+00
9.724288933966077630e-01 -1.585166121433707886e-02 -2.326602047942817053e-01 -1.336020082708135881e+00 1.211848352558698473e-02 9.997740096248265429e-01 -1.746631086073792416e-02 -1.867235626516883240e-01 2.328844998902649954e-01 1.416525641189520998e-02 9.724012322449913093e-01 9.042276310379312676e+00
9.702871657503657765e-01 -1.243374332716892100e-02 -2.416365383943411826e-01 -1.478269637160559924e+00 7.402301867751989208e-03 9.997367101667259393e-01 -2.171902987772497684e-02 -1.823011312081045665e-01 2.418429709635597502e-01 1.928502930875915580e-02 9.701237376608804475e-01 9.562087714415731909e+00
9.682831869686800985e-01 -9.829505012561965890e-03 -2.496618698611381693e-01 -1.621051619116139486e+00 3.682248865446416299e-03 9.996787292228777044e-01 -2.507746748157095584e-02 -2.003043103830819405e-01 2.498281641948335852e-01 2.336277299092215029e-02 9.680083009060275190e-01 1.009278780829163402e+01
9.659067595431088948e-01 -1.196945992533837190e-02 -2.586133453802835214e-01 -1.780121004107358518e+00 5.200680511599331535e-03 9.996261690758576623e-01 -2.684166556622496688e-02 -2.236758501494989781e-01 2.588379524140586030e-01 2.458158082087317370e-02 9.656079234214377527e-01 1.065336479643914203e+01
9.635755955888496427e-01 -1.381937215234842024e-02 -2.670788178885286634e-01 -1.946090088117879757e+00 6.451364576638283360e-03 9.995745342335566885e-01 -2.844521741104267393e-02 -2.514067800534077191e-01 2.673582846459056084e-01 2.568609448583201310e-02 9.632547813370792023e-01 1.122191676475373434e+01
9.613881940495532241e-01 -1.370649016245099362e-02 -2.748542719560769787e-01 -2.123895330280548333e+00 5.326081363556754017e-03 9.994985469683455026e-01 -3.121357802674190260e-02 -2.792328195162127602e-01 2.751442787862615758e-01 2.854446921484256328e-02 9.609791052867562300e-01 1.178979470125129048e+01
9.589158059607276741e-01 -1.320793485558891152e-02 -2.833831783728094633e-01 -2.311493261017126155e+00 3.594573692230388674e-03 9.994011034572530816e-01 -3.441676100435398650e-02 -2.923267533621387582e-01 2.836680403863978128e-01 3.198413444433461511e-02 9.583889918860797330e-01 1.236678186687940340e+01
9.568065338135987030e-01 -1.417991537589852885e-02 -2.903793811963661931e-01 -2.489338939270362872e+00 2.673915822919587740e-03 9.991968006706321015e-01 -3.998254234566706034e-02 -3.292683305161242524e-01 2.907131027378649368e-01 3.747910782275767905e-02 9.560759437472580169e-01 1.297066320917333293e+01
9.549299301596825273e-01 -1.518721237285319305e-02 -2.964425326609679279e-01 -2.693452779859920376e+00 1.442191955654439483e-03 9.989158387592724786e-01 -4.653028202537343866e-02 -3.593367060456459927e-01 2.968278115301139497e-01 4.400563207408868249e-02 9.539165354243427375e-01 1.357136329445665623e+01
9.534794632395375835e-01 -1.568093649332527248e-02 -3.010498620884069498e-01 -2.907388398691006515e+00 -9.081133354223915738e-04 9.984922622314424956e-01 -5.488513077060720724e-02 -3.975079279540694177e-01 3.014566132610664861e-01 5.260523264184061021e-02 9.520276265854643594e-01 1.419089393849707648e+01
9.522703240592914620e-01 -1.598791905647794706e-02 -3.048370291954037303e-01 -3.115191513010133306e+00 -3.610661126525854716e-03 9.979676600523053054e-01 -6.362006443892162522e-02 -4.438185506490845977e-01 3.052346543903101117e-01 6.168416289191797769e-02 9.502772604960464387e-01 1.482638368417739017e+01
9.509823438834676956e-01 -1.465682165192890886e-02 -3.088976483552350882e-01 -3.331605170950318495e+00 -8.107619740610860770e-03 9.973511733606708063e-01 -7.228349383991067301e-02 -4.857727024046054054e-01 3.091388835971246030e-01 7.124475145180952929e-02 9.483445249997486393e-01 1.545874145334931171e+01
9.496321367762116106e-01 -1.385494698919557954e-02 -3.130604464846727941e-01 -3.573390718134459298e+00 -1.158132519724741627e-02 9.967879010576425891e-01 -7.924489380661485505e-02 -5.430269723443948982e-01 3.131528045042388797e-01 7.887915312155792391e-02 9.464213661704281577e-01 1.612005551659146718e+01
9.481247304910639384e-01 -1.253849587074027001e-02 -3.176511914071488141e-01 -3.814824347576213803e+00 -1.564388776670929890e-02 9.961709932604981832e-01 -8.601523670073003836e-02 -6.099607899340173667e-01 3.175134099579630664e-01 8.652247321803073488e-02 9.442982041137853999e-01 1.678328745709224989e+01
9.462248471823058171e-01 -1.151817459109460116e-02 -3.233046056086456010e-01 -4.046859019360791621e+00 -1.920327886477143572e-02 9.956040257911838998e-01 -9.167255800971377266e-02 -6.799788370826463924e-01 3.229392729297334563e-01 9.295136126255940101e-02 9.418440808739985126e-01 1.744448293367776870e+01
9.445364593943011977e-01 -9.299298435657460740e-03 -3.282748812154750451e-01 -4.291525122571697715e+00 -2.388719472234651989e-02 9.950058469509386327e-01 -9.691628577063754468e-02 -7.503511913245420883e-01 3.275366852545143481e-01 9.938253205220157205e-02 9.395971660429763839e-01 1.812235673351489496e+01
9.425679302264943216e-01 -7.236594387929264939e-03 -3.339361110288017742e-01 -4.542275531969604430e+00 -2.784611427370960526e-02 9.945824482046083936e-01 -1.001516232191085043e-01 -8.289548305293719110e-01 3.328517571861774882e-01 1.036985319704956249e-01 9.372600090562734909e-01 1.881194585527883589e+01
9.410243313367435691e-01 -6.325991072216257706e-03 -3.382797470304734211e-01 -4.804377133023812085e+00 -2.980308752850317419e-02 9.943888612961557794e-01 -1.015015689374213353e-01 -9.051623091206990601e-01 3.370237161989562136e-01 1.055972276181569580e-01 9.355555796766633625e-01 1.949394811191272936e+01
9.388875988153032592e-01 -5.408912947278829257e-03 -3.441813736322730799e-01 -5.096031794290951211e+00 -3.116474511756984686e-02 9.944345151448876763e-01 -1.006417097823845697e-01 -9.924578585806425046e-01 3.428102054883002126e-01 1.052175786817697994e-01 9.334936671707885214e-01 2.021931133769933453e+01
9.366761425106764349e-01 -5.063561482407170911e-03 -3.501601945124829807e-01 -5.378266902668062066e+00 -3.173140713934261004e-02 9.945551381978544603e-01 -9.926326050670196410e-02 -1.082674651749731431e+00 3.487562522026148026e-01 1.040886042846835002e-01 9.314153968997122002e-01 2.094163953650502208e+01
9.340358483946292756e-01 -4.981446842055898584e-03 -3.571445315724595115e-01 -5.649193875885360150e+00 -3.196188297524348715e-02 9.947256990140730393e-01 -9.746395109086763986e-02 -1.160264850361272249e+00 3.557463613668374602e-01 1.024498365912754894e-01 9.289502462570574659e-01 2.165321243059677059e+01
9.312293074449760066e-01 -5.573494148039417548e-03 -3.643911502106572109e-01 -5.948551807031036809e+00 -3.097312120340407066e-02 9.950548902754328129e-01 -9.437388997333645557e-02 -1.255359638918939424e+00 3.631151945026369066e-01 9.917006404828995758e-02 9.264516483216070908e-01 2.237999401270655397e+01
9.274368187112655981e-01 -2.038789377627941990e-03 -3.739743142666833164e-01 -6.274854217165572123e+00 -3.358944906506253908e-02 9.954894460868114470e-01 -8.872717544663717704e-02 -1.324231974603674589e+00 3.724683853378221166e-01 9.485044104633005846e-02 9.231850836322355036e-01 2.317502198632993071e+01
9.240499197829313838e-01 4.464879539974952820e-04 -3.822715571038885485e-01 -6.602433600258406976e+00 -3.497390944161166831e-02 9.959040921154909132e-01 -8.337784476739246164e-02 -1.404305196099134623e+00 3.806685873170660428e-01 9.041482207565057494e-02 9.202807123774928710e-01 2.389668117306077733e+01
9.206243636585935697e-01 4.375920434600524996e-03 -3.904249341515182437e-01 -6.929987628867304572e+00 -3.848447545615319570e-02 9.960851297520959546e-01 -7.958240685827515370e-02 -1.478213543690191756e+00 3.885482315518899443e-01 8.829080192532927363e-02 9.171886442596652866e-01 2.463309423369587492e+01
9.167727869761854720e-01 4.825289239128709856e-03 -3.993799824224220640e-01 -7.261587270856729504e+00 -3.916850920260608188e-02 9.961934139622297124e-01 -7.787496333650495428e-02 -1.553988737233668482e+00 3.974839457304140677e-01 8.703676612800503865e-02 9.134720124136064268e-01 2.537983765577934037e+01
9.126163441334730342e-01 5.489491986874095453e-03 -4.087802227015254752e-01 -7.620652619374008729e+00 -4.032177707990712567e-02 9.962430762104049764e-01 -7.664129076360465254e-02 -1.630628865727255850e+00 4.068237517642895873e-01 8.642684002399605991e-02 9.094090607071178001e-01 2.612226607662969613e+01
9.089384295261134783e-01 5.514930679159006296e-03 -4.168938873618764362e-01 -7.988018962149306290e+00 -4.073981933178810744e-02 9.963023028833305483e-01 -7.564382622775971121e-02 -1.697304396151832817e+00 4.149351766774169170e-01 8.573976267620293801e-02 9.058021283626070952e-01 2.689468021224651295e+01
9.050643561262310399e-01 5.411636944760525939e-03 -4.252401930380761419e-01 -8.376234427873926691e+00 -4.077549065770501996e-02 9.964165229735468809e-01 -7.410446791477441619e-02 -1.768675407396731014e+00 4.233153353444177314e-01 8.440869044810714317e-02 9.020417415294076369e-01 2.769171313330845052e+01
9.010600119950767928e-01 6.625267943300068921e-03 -4.336438132760391806e-01 -8.760513095509159243e+00 -4.178031648919321855e-02 9.965587931549045875e-01 -7.158894469847983111e-02 -1.838961560706728893e+00 4.316772666686836679e-01 8.262371149664198000e-02 8.982360844968111380e-01 2.847843907519675000e+01
8.972819157030286208e-01 6.451046044778826691e-03 -4.414108560251822078e-01 -9.150790048303381496e+00 -4.025379547772045541e-02 9.969233564303736639e-01 -6.725662359200351714e-02 -1.915570021470250461e+00 4.396189241115160407e-01 7.811661469784773881e-02 8.947809787583596020e-01 2.924370389766248124e+01
8.933586270705755616e-01 8.094807471176281022e-03 -4.492714474111155765e-01 -9.557032114664892219e+00 -4.033796565612869645e-02 9.972455691875496964e-01 -6.224245601809216821e-02 -1.969771368685318658e+00 4.475301272701993627e-01 7.372753153878175425e-02 8.912244612227495644e-01 3.004885863557192138e+01
8.895892382934573739e-01 7.927381624144077404e-03 -4.566926094632952071e-01 -9.978622338073769527e+00 -3.853700785583508148e-02 9.975870253047405267e-01 -5.774968430181956491e-02 -2.041572197244057474e+00 4.551328257784350018e-01 6.897306456712951062e-02 8.877481801671079920e-01 3.085144443974592221e+01
8.860356671704654463e-01 6.735039882139476006e-03 -4.635681518731934458e-01 -1.042493745177025843e+01 -3.671291655900984358e-02 9.977737800853417882e-01 -5.567446090215699001e-02 -2.105881811300398088e+00 4.621611854429176214e-01 6.634849717832494442e-02 8.843104205174867616e-01 3.165674146717836734e+01
8.826965363113168372e-01 6.721278853717331005e-03 -4.698953551358722169e-01 -1.086447291023974238e+01 -3.648361400835684054e-02 9.978600469287450814e-01 -5.426115293233885195e-02 -2.167477060336075123e+00 4.685251048349995950e-01 6.503961268256613915e-02 8.810528243371491541e-01 3.247773936839392661e+01
8.797742245181719989e-01 7.084816305058303995e-03 -4.753389472162181106e-01 -1.131997883900046986e+01 -3.639224502307866760e-02 9.979585530382998337e-01 -5.248172049615876938e-02 -2.220177517195765837e+00 4.739967527611347320e-01 6.347071653939705127e-02 8.782360451258373057e-01 3.329524337839180248e+01
8.767803284715497414e-01 5.943785022992224484e-03 -4.808543671632483640e-01 -1.179481536875556280e+01 -3.492183651162265173e-02 9.980705376498577586e-01 -5.133875021327036908e-02 -2.286295625624078731e+00 4.796214385139909719e-01 6.180512400429951508e-02 8.752961823897419391e-01 3.415859291553038446e+01
8.740504044463454081e-01 5.066148285743982647e-03 -4.858088306505485288e-01 -1.227417096994186529e+01 -3.402186244194951165e-02 9.981290750460455330e-01 -5.080218976900947175e-02 -2.347740410435609437e+00 4.846425556903827814e-01 6.093179584508990471e-02 8.725874822033837797e-01 3.498421154684777434e+01
8.718022918338869109e-01 4.848906286040954861e-03 -4.898338976625838947e-01 -1.274166505265757188e+01 -3.421663858093932503e-02 9.981114041736687259e-01 -5.101810036293279865e-02 -2.404818059756582027e+00 4.886614258201412708e-01 6.123816638316581518e-02 8.703217236132819723e-01 3.582063507125857882e+01
8.703086813373474007e-01 4.652217499948244420e-03 -4.924846710837982311e-01 -1.324568642453563960e+01 -3.449511791254063903e-02 9.980754791583643648e-01 -5.153081413378995251e-02 -2.458338345516811518e+00 4.912971499596729408e-01 6.183603182026060213e-02 8.687942336115039854e-01 3.668014713584959452e+01
8.700591431612176851e-01 4.687758226412496593e-03 -4.929250526274575051e-01 -1.375492864713246988e+01 -3.425980331106066867e-02 9.981118880337943589e-01 -5.097965187001939069e-02 -2.519104585374340566e+00 4.917553831081075688e-01 6.124282769301041957e-02 8.685769764360975476e-01 3.755703293663690090e+01
8.697155897362766064e-01 3.876227355985599390e-03 -4.935380056336797772e-01 -1.425879488266582484e+01 -3.258290474772693179e-02 9.982386537825537198e-01 -4.957766101280022819e-02 -2.576742670370317789e+00 4.924765485164269152e-01 5.919936661181442877e-02 8.683100188996427660e-01 3.842973815203687593e+01
8.695473817136269989e-01 3.109687921624174848e-03 -4.938397270020905561e-01 -1.478283541801125089e+01 -3.134117914179261610e-02 9.983118909771400151e-01 -4.889886379023017371e-02 -2.634597704096208304e+00 4.928540199727849402e-01 5.799739841741248514e-02 8.681769529005352037e-01 3.933107763461639195e+01
8.689025526013576251e-01 1.869386838309639379e-03 -4.949796507197499751e-01 -1.528960692468863058e+01 -3.022498203355861515e-02 9.983271978432319838e-01 -4.928748888845554954e-02 -2.702367775440401410e+00 4.940595188064180743e-01 5.778677604290369946e-02 8.675055534041311578e-01 4.022429009062673799e+01
8.678875054328263339e-01 -5.007867922052729924e-05 -4.967607779681561531e-01 -1.582938788456157120e+01 -2.849180520878386372e-02 9.983488134547320314e-01 -4.987848993617885474e-02 -2.765066060427203709e+00 4.959430396343131320e-01 5.744252960968547483e-02 8.664530351148079790e-01 4.116122510946654245e+01
8.664226318800641868e-01 -6.128828544969823185e-04 -4.993109676516448436e-01 -1.635612143497470683e+01 -2.706043638962031192e-02 9.984719541525973741e-01 -4.818183889871781311e-02 -2.824182782933151170e+00 4.985775360018327995e-01 5.525740840724367026e-02 8.650821141876063880e-01 4.205849620180351423e+01
8.642420436631131908e-01 -4.810716177983414719e-04 -5.030759918174497747e-01 -1.690878544170789866e+01 -2.534468282667357714e-02 9.986880591606475122e-01 -4.449502879142040734e-02 -2.888930715817245698e+00 5.024373998227830151e-01 5.120477608621316207e-02 8.630960173193247265e-01 4.299764187975257101e+01
8.613053245184266737e-01 -9.643154742810762037e-04 -5.080868065290358171e-01 -1.745228691142553146e+01 -2.269949817959073662e-02 9.989266824184733773e-01 -4.037593312549374314e-02 -2.945254055174437280e+00 5.075804119065583375e-01 4.630932169450812513e-02 8.603589815972320087e-01 4.390007598378828391e+01
8.576458038589754862e-01 -1.929523892258313287e-03 -5.142372476448687779e-01 -1.799981679611694929e+01 -2.100432452051177387e-02 9.990270069724642710e-01 -3.877960454886083402e-02 -3.003899779157984895e+00 5.138117334149345794e-01 4.406037109257988915e-02 8.567707928388471617e-01 4.478670193412575884e+01
8.521030679078616110e-01 -4.077360153763971533e-03 -5.233581292319450240e-01 -1.855445102746220343e+01 -1.988055500279932095e-02 9.989958112085430830e-01 -4.015137301852646223e-02 -3.063893049384472267e+00 5.229962994847205948e-01 4.461775814874791718e-02 8.511663361008744433e-01 4.569377315185359834e+01
8.463928475891402403e-01 -7.258999436157544463e-03 -5.325095763875050681e-01 -1.912971161006228016e+01 -1.845493252282745175e-02 9.989067669772672131e-01 -4.294981237058499712e-02 -3.127819012004433130e+00 5.322392011677202772e-01 4.617984224898339513e-02 8.453335793714051860e-01 4.657448630241208321e+01
8.400383215659595892e-01 -7.775710638281722528e-03 -5.424713364779227831e-01 -1.970529741856598704e+01 -1.822245599035565364e-02 9.989287117084043599e-01 -4.253670241155746434e-02 -3.192454692406136108e+00 5.422209557197390506e-01 4.561762009361675779e-02 8.389967065550120173e-01 4.747730068730826503e+01
8.345337439975636373e-01 -4.787496457113652078e-03 -5.509360254262485324e-01 -2.032557519812042202e+01 -1.944976274611185871e-02 9.990829723090606240e-01 -3.814342939397966092e-02 -3.239156161731294059e+00 5.506134228598897895e-01 4.254755382625068083e-02 8.336753385400150762e-01 4.836204035417060965e+01
8.295781920187793590e-01 -4.319463675880937537e-04 -5.583903927365734265e-01 -2.091975525006211001e+01 -2.223893368440456667e-02 9.991807396935569185e-01 -3.381241335384457813e-02 -3.291857236563605849e+00 5.579475404219790269e-01 4.046804752586868892e-02 8.288889462843609390e-01 4.923756219297130343e+01
8.253233040310624657e-01 -2.776313914187165293e-04 -5.646603940151128098e-01 -2.153391753644903162e+01 -2.352040748953655724e-02 9.991150688228220833e-01 -3.486932359512157076e-02 -3.349031274718188733e+00 5.641703989734125901e-01 4.205950780241561604e-02 8.245864204891262261e-01 5.012458639780916059e+01
8.219878407218754734e-01 -2.423547012003102359e-03 -5.694998769582747533e-01 -2.215221959423735143e+01 -2.395483972611102755e-02 9.989587974644132951e-01 -3.882636561289329324e-02 -3.402974333049018529e+00 5.690010195716268537e-01 4.555707862245516465e-02 8.210739300081691949e-01 5.098329751074319205e+01
8.191745641610905793e-01 -4.517594219817147767e-03 -5.735264757837145178e-01 -2.276348311694773585e+01 -2.623323600815254120e-02 9.986273220375317949e-01 -4.533529590797209102e-02 -3.478435328584485564e+00 5.729440249688225739e-01 5.218297663435945977e-02 8.179315909688245068e-01 5.185054211369949684e+01
8.156685822159354116e-01 -5.319243782574375502e-03 -5.784949984065566042e-01 -2.339040074004997294e+01 -2.685696555460152443e-02 9.985314526289731374e-01 -4.704935237250372493e-02 -3.531598166706514164e+00 5.778957280251401096e-01 5.391329877349976957e-02 8.143278763181804880e-01 5.271562491052385013e+01
8.127347880998416763e-01 -3.966107575071695091e-03 -5.826203117519328512e-01 -2.400682864925121152e+01 -2.590226143894210423e-02 9.987421868012119619e-01 -4.293154088602068458e-02 -3.599345027213887160e+00 5.820577653719645195e-01 4.998314036274995042e-02 8.116097892089495502e-01 5.356040203356859308e+01
8.091489823503644763e-01 -1.905185672588768529e-03 -5.876004492726640827e-01 -2.467192780469610369e+01 -2.526042032796672193e-02 9.989575178375061926e-01 -3.802352914598843003e-02 -3.651206158808350644e+00 5.870603382879885368e-01 4.560973414479421034e-02 8.082573339945560154e-01 5.444577909824256778e+01
8.065224123753576002e-01 -4.876548591139649356e-04 -5.912033100449562983e-01 -2.532832125876262452e+01 -2.531603753433272694e-02 9.990539250948906602e-01 -3.536033152080143155e-02 -3.709289809068748944e+00 5.906612412507962206e-01 4.348582494191466363e-02 8.057470370934302073e-01 5.530847578160326350e+01
8.031664188221411260e-01 -1.357360709981336852e-04 -5.957547133132126138e-01 -2.594775066839407174e+01 -2.611837674760992406e-02 9.990304805373212416e-01 -3.543909429531793415e-02 -3.760034218029329356e+00 5.951819381485856653e-01 4.402363637765956128e-02 8.023841889693337226e-01 5.614895345154884154e+01
7.995588744996577901e-01 -2.766982463630607834e-04 -6.005876478311569233e-01 -2.661276017221043944e+01 -2.729318846623260408e-02 9.989500355904689100e-01 -3.679549307120789231e-02 -3.808566088143050088e+00 5.999672437670636738e-01 4.581211477661886050e-02 7.987118149949957724e-01 5.699863133175407626e+01
7.956227221354147394e-01 -3.295051886013202272e-03 -6.057834758626997607e-01 -2.725899269579871742e+01 -2.576372522034249893e-02 9.988964072110205761e-01 -3.927083106075084790e-02 -3.875906124072940440e+00 6.052443474460235118e-01 4.685200441863677373e-02 7.946597866663974719e-01 5.784951129091695776e+01
7.915520054708478082e-01 -4.207235825845123331e-03 -6.110873216342551650e-01 -2.792003813969000348e+01 -2.526181835891481292e-02 9.988962585766407720e-01 -3.959930784730626707e-02 -3.927439271408734278e+00 6.105794533962306536e-01 4.678208835225640405e-02 7.905720551551411734e-01 5.869243708368769319e+01
7.870402952459174539e-01 -4.851028282691137276e-03 -6.168825122494374646e-01 -2.859861803678696290e+01 -2.460892188862281310e-02 9.989262540965414550e-01 -3.925225962906730981e-02 -3.982393518296446278e+00 6.164105616278137134e-01 4.607392344486223312e-02 7.860758362339266281e-01 5.955551895633052339e+01
7.822899015539356293e-01 -4.437011725393297766e-03 -6.228987200635713872e-01 -2.926540807461723759e+01 -2.481251395048728395e-02 9.989590463795190445e-01 -3.827744577112934810e-02 -4.046194155244007717e+00 6.224201595933179787e-01 4.539974233273064846e-02 7.813654814989043906e-01 6.037127708973813611e+01
7.765983165198679927e-01 -5.330534797162248158e-03 -6.299735173999492233e-01 -2.997246027337159191e+01 -2.472673214395703159e-02 9.989357868587966927e-01 -3.893433570200279664e-02 -4.101931979031390618e+00 6.295106429896448752e-01 4.581352584937938704e-02 7.756400445553033318e-01 6.120695798793469322e+01
7.712613449590017822e-01 -6.441749417076160153e-03 -6.364860045127380683e-01 -3.068391292349103239e+01 -2.445840427355931018e-02 9.989103786943321905e-01 -3.974722433588379067e-02 -4.157145151246580461e+00 6.360485284277408446e-01 4.622292957742243913e-02 7.702634081382849773e-01 6.206104750880510323e+01
7.662778444062668948e-01 -8.001413045216565489e-03 -6.424595199177679516e-01 -3.137759531155096937e+01 -2.364439112831765236e-02 9.988939802331376905e-01 -4.064183885024220955e-02 -4.219093635104102624e+00 6.420741502002603740e-01 4.633350470188680320e-02 7.652411383166042302e-01 6.285797500971482066e+01
7.600329935927735425e-01 -9.479781225434457184e-03 -6.498153386960662248e-01 -3.208068323347367823e+01 -2.320255819926431845e-02 9.988603162928779700e-01 -4.170982941344544143e-02 -4.277504024326356458e+00 6.494701659987398568e-01 4.677822458712539017e-02 7.589468421004798016e-01 6.369878870389430858e+01
7.546097152321468160e-01 -1.141800128440730901e-02 -6.560745375253297373e-01 -3.281536866707613598e+01 -2.222683152175144658e-02 9.988300253132483819e-01 -4.294820754990280598e-02 -4.336594848447302475e+00 6.557973409212287663e-01 4.699159273920069935e-02 7.534730558877478224e-01 6.450791975892160224e+01
7.482486192983880402e-01 -1.257461764060562211e-02 -6.632992344399932794e-01 -3.357544456592057713e+01 -2.112503432416387369e-02 9.988617257449048381e-01 -4.276664357690046492e-02 -4.406692933806259482e+00 6.630820036243847415e-01 4.601230094787167602e-02 7.471312688513319644e-01 6.534685255399071480e+01
7.419326082612026640e-01 -1.285771628652781010e-02 -6.703511583236605453e-01 -3.431933896082402669e+01 -2.024654532687366129e-02 9.989304939191563371e-01 -4.156856691722480429e-02 -4.465820406059163972e+00 6.701687020833412278e-01 4.441337021080398600e-02 7.408787834216903345e-01 6.616098047593922615e+01
7.359318771227485456e-01 -1.305004606903938102e-02 -6.769298042728285614e-01 -3.506403472083356121e+01 -1.996126576629261157e-02 9.989613992669457154e-01 -4.095937839016611931e-02 -4.524934758927997791e+00 6.767612779316858340e-01 4.365568776467829842e-02 7.349070432394307906e-01 6.697213949737469818e+01
7.288589019205260477e-01 -1.410007699661730736e-02 -6.845187215273678127e-01 -3.583379836460427015e+01 -1.946156049201655178e-02 9.989572664110127898e-01 -4.129924431559185705e-02 -4.586307956340876402e+00 6.843872851960476345e-01 4.342312417322927165e-02 7.278244877127078016e-01 6.779401445392498715e+01
7.226104535185314814e-01 -1.607516712414937959e-02 -6.910685295354459523e-01 -3.661434430897559622e+01 -1.836973335622624909e-02 9.989299319314510761e-01 -4.244459939739063381e-02 -4.657441043442918094e+00 6.910113551196357395e-01 4.336565563809102047e-02 7.215419155738880264e-01 6.857779766130606447e+01
7.165079018695427182e-01 -1.540377434016370305e-02 -6.974088766193635713e-01 -3.737689904835558963e+01 -2.012880465590616633e-02 9.988833301497371808e-01 -4.274253158149005777e-02 -4.710679134083357589e+00 6.972885094940133310e-01 4.466336847278613159e-02 7.153977405034785964e-01 6.936505042523397435e+01
7.114413493377353959e-01 -1.517004050339698824e-02 -7.025817155965217164e-01 -3.820998360667198313e+01 -2.006376487132733449e-02 9.989209503067438822e-01 -4.188532453829112157e-02 -4.773323293550232549e+00 7.024590092011026021e-01 4.389538594609369154e-02 7.103693016197331067e-01 7.018838023661079717e+01
7.066677587386067660e-01 -1.495871644877861534e-02 -7.073873805848945873e-01 -3.902037267738933224e+01 -2.088623512557026551e-02 9.988997749938793858e-01 -4.198814994092224528e-02 -4.834049796291032486e+00 7.072371963305996712e-01 4.444633076358611712e-02 7.055778349146769601e-01 7.097282936597972025e+01
7.015933664564869554e-01 -1.523161140674360661e-02 -7.124147223941922347e-01 -3.984043028325121583e+01 -2.129676866659013096e-02 9.988766988033415117e-01 -4.232952006395886840e-02 -4.905225099634057173e+00 7.122592251728262491e-01 4.487024181513404181e-02 7.004808826749848727e-01 7.177976579122803003e+01
6.966046374054483126e-01 -1.733913137145427774e-02 -7.172456511381971600e-01 -4.068220173589083544e+01 -2.126389169747715940e-02 9.987697891128856087e-01 -4.479682243822620535e-02 -4.972762994680728355e+00 7.171400380898468319e-01 4.645710790533139761e-02 6.953789703824342361e-01 7.257613578592113868e+01
6.912682421734462901e-01 -1.933250776189226333e-02 -7.223395751231825868e-01 -4.149056061439089405e+01 -2.119191095239113948e-02 9.986696680762490175e-01 -4.700847804853645201e-02 -5.033046925335303179e+00 7.222874279523063823e-01 4.780322375837552096e-02 6.899389341843953360e-01 7.333659159111776660e+01
6.868923277770953018e-01 -2.004553333420333247e-02 -7.264826885854086536e-01 -4.236405052059785703e+01 -2.167419127302920231e-02 9.986098788786520464e-01 -4.804726082550296595e-02 -5.103603254674751177e+00 7.264359351540209397e-01 4.874921940362091088e-02 6.855029945304822458e-01 7.413864327128703735e+01
6.818253782342920122e-01 -1.971776862807104319e-02 -7.312491731658908867e-01 -4.321872948468190856e+01 -2.167853802755622533e-02 9.986529525857065215e-01 -4.714150311174456626e-02 -5.173110851356931050e+00 7.311936837220323060e-01 4.799468600969356707e-02 6.804794757413591411e-01 7.492893778750445222e+01
6.769906053311476324e-01 -1.979495829053412939e-02 -7.357254038473339808e-01 -4.406857316259474544e+01 -2.088858633230639833e-02 9.987187816449711875e-01 -4.609188848685167456e-02 -5.241493175427280882e+00 7.356951786581028552e-01 4.657203889792779772e-02 6.757097448696222086e-01 7.567877625140727105e+01
6.709650338986093976e-01 -2.041947074590691122e-02 -7.412077699995224256e-01 -4.494649376776835226e+01 -2.037229143106396648e-02 9.987357207642738599e-01 -4.595573787786785130e-02 -5.316616239975854974e+00 7.412090810401952279e-01 4.593479370979491883e-02 6.697007563606547365e-01 7.647678458377664867e+01
6.668159527095386396e-01 -2.178428245223348186e-02 -7.449039669410135733e-01 -4.583701745340651712e+01 -1.930230790546421174e-02 9.987324236240157083e-01 -4.648620162468556499e-02 -5.380325279210244283e+00 7.449724256706946601e-01 4.537610633222388667e-02 6.655502266698081204e-01 7.724480226671296634e+01
6.627141378177784370e-01 -2.262669678964138176e-02 -7.485305563240063353e-01 -4.673646677913371406e+01 -1.826498294325301294e-02 9.987577260763175202e-01 -4.636156844404094174e-02 -5.447657375605205132e+00 7.486496984036178359e-01 4.439636446976424206e-02 6.614775901362774935e-01 7.803159393580078529e+01
6.583401641274179150e-01 -2.317937613099109451e-02 -7.523635652677380659e-01 -4.763371258678481723e+01 -1.752143033481859055e-02 9.987830152464202138e-01 -4.610301465693844580e-02 -5.520728966455759057e+00 7.525166023839523488e-01 4.353395178738592858e-02 6.571328394081369373e-01 7.879028689888056647e+01
6.544391495425605498e-01 -2.588779263921362969e-02 -7.556713645349377728e-01 -4.852455969898102239e+01 -1.461229899858372885e-02 9.987940454859891570e-01 -4.687147788443477708e-02 -5.589538134757702892e+00 7.559734713905931214e-01 4.171662578622674367e-02 6.532716465816418294e-01 7.955858945589069720e+01
6.498471453971940148e-01 -3.014495241210636903e-02 -7.594668911855880777e-01 -4.943996278157884916e+01 -1.167015725034493447e-02 9.986996708121735900e-01 -4.962635348975244498e-02 -5.672492204755472223e+00 7.599753314029252804e-01 4.111264193104789688e-02 6.486503349087786585e-01 8.034886787098928096e+01
6.450789276724794297e-01 -3.385658422295493436e-02 -7.633655074877039315e-01 -5.033966906106210359e+01 -8.329228600863757340e-03 9.986469964504618435e-01 -5.133030717337470905e-02 -5.742839726628883312e+00 7.640705533060913046e-01 3.947034504328762045e-02 6.439241354268990802e-01 8.112097609517813623e+01
6.390379262247314340e-01 -3.816883991693308803e-02 -7.682276079552924353e-01 -5.124843141988752393e+01 -2.525151176054462893e-03 9.986585288967392282e-01 -5.171814250846187150e-02 -5.817825787723604591e+00 7.691710876055205537e-01 3.498974505916133126e-02 6.380842942921641781e-01 8.187467879008652005e+01
6.306552350388984207e-01 -4.145041660364839897e-02 -7.749553706015465115e-01 -5.220313654113248703e+01 1.762031537768238201e-03 9.986465111208261414e-01 -5.198116056603225427e-02 -5.898156727628649065e+00 7.760611312945839835e-01 3.141669486960869256e-02 6.298746882132556513e-01 8.264194028853853524e+01
6.223425238420223771e-01 -4.265272383436693321e-02 -7.815820602691331276e-01 -5.314286271772664350e+01 4.838531968724456636e-03 9.987048010029548895e-01 -5.064887994819778499e-02 -5.983670145024102105e+00 7.827300821848396373e-01 2.773924159228203720e-02 6.217428440872778683e-01 8.338510577518695754e+01
6.124743180266314369e-01 -4.230774824258119737e-02 -7.893574936334289971e-01 -5.408615053961354135e+01 6.734369557324191603e-03 9.988097548771855960e-01 -4.830861005050102186e-02 -6.047327562020925917e+00 7.904618069031562611e-01 2.427195748263732272e-02 6.120302405701827375e-01 8.412516775900294874e+01
6.039317722636241559e-01 -4.169378893168976946e-02 -7.959447410442553883e-01 -5.509404254150563673e+01 5.706992923651471421e-03 9.988314492770403730e-01 -4.799131322590714788e-02 -6.129580003350390882e+00 7.970155927037808619e-01 2.444102740309911370e-02 6.034639946237907449e-01 8.485501115717096354e+01
5.944987194782923590e-01 -4.229967611567234803e-02 -8.029831867040031490e-01 -5.606498178346174655e+01 4.067213671719359901e-03 9.987607983553434821e-01 -4.960166752934876133e-02 -6.202985142504994442e+00 8.040862769881496064e-01 2.622222320438708995e-02 5.939340586287957802e-01 8.557004775226754134e+01
5.846112720198767265e-01 -4.465535593236221595e-02 -8.100836671669418010e-01 -5.705266755002755019e+01 4.484610604228373050e-03 9.986467153990560286e-01 -5.181337730904565786e-02 -6.281205207900929288e+00 8.113011522434819822e-01 2.665777418153511200e-02 5.840203896008570039e-01 8.627854271358772564e+01
5.744300965195543451e-01 -4.610953944309441332e-02 -8.172539154906146575e-01 -5.806282364569565857e+01 4.902204607328870638e-03 9.985880588008871905e-01 -5.289477466098647246e-02 -6.352473099674756263e+00 8.185389688643911477e-01 2.637800416616953303e-02 5.738450745371930228e-01 8.697283971536300839e+01
5.645118494184372393e-01 -4.732060993145192213e-02 -8.240674240335679190e-01 -5.907271188862342370e+01 8.222393802840018140e-03 9.986281971086514719e-01 -5.171185696455390252e-02 -6.434193035907568081e+00 8.253840168421691104e-01 2.241614865271216936e-02 5.641265402714082944e-01 8.765959527411676788e+01
5.541439469383584449e-01 -4.719394979638025928e-02 -8.310819481796890562e-01 -6.009066407019285805e+01 8.941037990677845951e-03 9.986714128539969648e-01 -5.074905869406941966e-02 -6.515543695517340694e+00 8.323728463083219786e-01 2.069154791606530805e-02 5.538296824719526334e-01 8.834805442039895240e+01
5.434929641207344453e-01 -4.793644738797827459e-02 -8.380438426383112205e-01 -6.115590226814904895e+01 9.947849541954635610e-03 9.986657712694659850e-01 -5.067265093731681408e-02 -6.600230212854557799e+00 8.393547818481408296e-01 1.920349468311680421e-02 5.432446859297803687e-01 8.903909338408527674e+01
5.335351454026507900e-01 -4.861040967518232697e-02 -8.443798101173194404e-01 -6.219610672546016872e+01 8.785447253518171781e-03 9.986116553005647267e-01 -5.193821121577683192e-02 -6.676511268702109092e+00 8.457322722343365573e-01 2.029260627633941438e-02 5.332214800808480204e-01 8.968336450890552669e+01
5.237569334371203755e-01 -4.929061888134775998e-02 -8.504405308059762580e-01 -6.329199632298936962e+01 7.858362893979427624e-03 9.985616870394246058e-01 -5.303586786593292995e-02 -6.761575313361687378e+00 8.518315166487805401e-01 2.109483269514967479e-02 5.233909518094495006e-01 9.032665105557755680e+01
5.136271115109147800e-01 -4.981721178751295775e-02 -8.565660642513270862e-01 -6.434240515524038528e+01 6.136466274166898528e-03 9.985007823747212852e-01 -5.439238321191295494e-02 -6.845810989663005941e+00 8.579915770200642333e-01 2.268111341310867848e-02 5.131627755282847092e-01 9.095617368752240850e+01
