1 0 0 0 0 1 0 0 0 0 1 0
0.99993411 -0.0020188658 0.011300305 -0.00041469764 0.0020087464 0.99999757 0.00090678233 -0.0095346059 -0.011302109 -0.00088402314 0.99993574 0.30682227
0.99982952 -0.0040074749 0.018024157 0.0070331615 0.0039880648 0.99999143 0.001112722 -0.016357422 -0.018028464 -0.0010406508 0.99983693 0.59914371
0.99977562 -0.0070003393 0.01999257 0.019780304 0.0070092033 0.99997537 -0.00037330083 -0.018731527 -0.019989466 0.00051334909 0.99980006 0.89221662
0.99980091 -0.0084249666 0.018087468 0.024632793 0.0084552975 0.99996297 -0.0016010492 -0.02320841 -0.018073311 0.0017536654 0.99983513 1.2046149
0.99987212 -0.011120083 0.011492884 0.022591331 0.011161988 0.99993126 -0.0035884618 -0.022753139 -0.011452191 0.0037162864 0.99992752 1.5206865
0.99992643 -0.012097505 -0.0008822031 0.01211001 0.012093282 0.99991609 -0.0046446814 -0.034786223 0.0009383182 0.0046336711 0.99998882 1.8434523
0.99979955 -0.011683123 -0.016259424 -0.011084913 0.011602823 0.99992006 -0.0050243508 -0.041357811 0.016316825 0.0048346885 0.99985518 2.1699665
0.99935022 -0.0076637415 -0.035219379 -0.046300308 0.0074739478 0.99995685 -0.0055174145 -0.044898332 0.035260147 0.0052506017 0.99936437 2.5124103
0.9984663 -0.0038654522 -0.055227685 -0.086251587 0.0035116216 0.99997269 -0.0065023728 -0.053217466 0.055251316 0.0062984615 0.99845261 2.8661175
0.99721395 -0.0033209539 -0.074520561 -0.1325289 0.0028204982 0.99997277 -0.0068199092 -0.057384143 0.074541186 0.0065907236 0.99719616 3.2291569
0.99538785 -0.004172935 -0.095841652 -0.18532818 0.0035961712 0.99997438 -0.0061898268 -0.064657796 0.095865034 0.0058166154 0.99537735 3.6132897
0.99331676 -0.0055937918 -0.11528457 -0.24940752 0.0049990019 0.99997267 -0.0054477963 -0.072839294 0.1153119 0.0048350795 0.99331757 4.0001327
0.99122169 -0.0047683287 -0.13212429 -0.32387514 0.0041704183 0.99997978 -0.0048017171 -0.081984988 0.13214453 0.0042085525 0.99122153 4.4024012
0.98883449 -0.0035148533 -0.14897651 -0.39729494 0.0029063832 0.99998652 -0.0043018477 -0.089893207 0.14898963 0.0038208325 0.98883138 4.8075364
0.98679031 -0.0026038267 -0.16198182 -0.48196448 0.0019422242 0.99998911 -0.0042426391 -0.094980851 0.16199112 0.0038719901 0.98678462 5.2162113
0.98464949 -0.0043164994 -0.17448997 -0.56824163 0.003461326 0.99998046 -0.005205012 -0.10287477 0.17450904 0.0045211457 0.98464519 5.6567681
0.98284227 -0.0071458382 -0.18430954 -0.65485773 0.0059141679 0.99995636 -0.0072314892 -0.11445844 0.18435319 0.0060173756 0.98284164 6.0930844
0.98138265 -0.0064968627 -0.19195282 -0.7551517 0.0048817979 0.99994861 -0.0088856073 -0.1231298 0.1920007 0.007783106 0.98136393 6.5538371
0.97995657 -0.0062233415 -0.199114 -0.87029346 0.0041700485 0.99993374 -0.010729848 -0.12639757 0.1991676 0.00968447 0.97991759 7.0386676
0.97826906 -0.0068028185 -0.20722781 -0.97021007 0.0041440311 0.99990347 -0.01326166 -0.13965213 0.20729804 0.012114713 0.97820282 7.5047542
0.97640735 -0.010774307 -0.21566779 -1.0916809 0.0076756258 0.99985501 -0.015200266 -0.14821144 0.21580031 0.013186266 0.97634848 8.0089433
0.97460171 -0.01649864 -0.22333672 -1.203549 0.013163217 0.99977861 -0.0164151 -0.16794214 0.22355812 0.013058355 0.97460312 8.5243819
0.97277451 -0.016895644 -0.23113694 -1.33137 0.012922844 0.99974178 -0.018691384 -0.18759641 0.23139308 0.015195556 0.97274166 9.0412215
0.97056819 -0.013694122 -0.24043681 -1.4913413 0.008429723 0.99970199 -0.022910054 -0.19548287 0.24067891 0.020208954 0.97039439 9.5750664
0.96866573 -0.010936266 -0.24812716 -1.6409759 0.0045607343 0.99964488 -0.026254909 -0.21274406 0.24832619 0.024300589 0.96837162 10.119614
0.96621691 -0.012971284 -0.2574036 -1.8028999 0.0059838208 0.99959251 -0.027910758 -0.23437871 0.25766077 0.02542759 0.96590081 10.673539
0.96384586 -0.015068727 -0.26603399 -1.9666853 0.0073823205 0.99952656 -0.029869019 -0.26479274 0.26635815 0.026825182 0.96350078 11.237805
0.96188041 -0.014825535 -0.27306826 -2.1370818 0.0061835668 0.99945322 -0.032481172 -0.28870448 0.27340052 0.029554468 0.96144615 11.819322
0.95936252 -0.014226282 -0.28181759 -2.3341282 0.0042424848 0.9993426 -0.036005025 -0.31231648 0.28214456 0.033346265 0.9587922 12.409263
0.95717118 -0.01539471 -0.289113 -2.511623 0.0036838013 0.99915207 -0.041006899 -0.34119987 0.28949916 0.038185588 0.95641628 12.975579
0.95519589 -0.016013253 -0.29554082 -2.7194095 0.0018340024 0.99883639 -0.048192286 -0.38148443 0.29596867 0.045491052 0.95411379 13.591102
0.95400591 -0.016676169 -0.29932359 -2.9233058 -0.00019325001 0.99841723 -0.05624059 -0.41574753 0.29978773 0.053711701 0.95249272 14.221684
0.95283582 -0.01701604 -0.30300883 -3.1319145 -0.0028834238 0.99787427 -0.065104694 -0.46433265 0.30347256 0.062907788 0.95076129 14.839025
0.95160849 -0.015971115 -0.30689769 -3.3503294 -0.0070732815 0.99724579 -0.07382956 -0.51244907 0.3072316 0.072427611 0.94887459 15.495617
0.95020937 -0.014845663 -0.31125833 -3.5730742 -0.010908405 0.99666757 -0.080837863 -0.56877797 0.31142121 0.080208228 0.94688092 16.119507
0.94851894 -0.014041115 -0.31640901 -3.8093804 -0.014390088 0.99607459 -0.08734033 -0.63101038 0.31639336 0.087397112 0.94459356 16.796103
0.94687997 -0.012843459 -0.32133062 -4.0545021 -0.018173811 0.99546821 -0.093342089 -0.70451335 0.32107328 0.094223557 0.94235549 17.454814
0.94527981 -0.010734536 -0.3260841 -4.3022188 -0.022706812 0.99487052 -0.098575065 -0.7736719 0.32546965 0.10058535 0.94018727 18.115972
0.94328089 -0.0082750306 -0.33189257 -4.5819898 -0.027133642 0.9944234 -0.10191107 -0.85164182 0.33088508 0.10513622 0.93779606 18.821906
0.94165565 -0.0075898984 -0.33649222 -4.8328017 -0.028894531 0.99423196 -0.10328564 -0.93113442 0.33533528 0.1069823 0.93600484 19.515074
0.93948546 -0.0060731051 -0.34253492 -5.1204981 -0.030932795 0.99425516 -0.10246875 -1.0195662 0.34118944 0.10686346 0.93390041 20.240072
0.93734898 -0.0071686203 -0.34831808 -5.4001647 -0.02990079 0.99444395 -0.10093149 -1.1034863 0.34710638 0.10502302 0.93192668 20.964989
0.93493618 -0.0064336537 -0.35475758 -5.6770782 -0.030799925 0.99458993 -0.099208053 -1.1902931 0.35347662 0.10367971 0.92967995 21.679043
0.93181217 -0.0061594763 -0.3628886 -5.9619014 -0.03072058 0.99492927 -0.095770577 -1.2741017 0.36163842 0.10038834 0.92689797 22.377739
0.92811659 -0.0027222258 -0.37227969 -6.304881 -0.033414724 0.99532816 -0.090583145 -1.3578951 0.37078708 0.096511344 0.92368962 23.209707
0.92475039 -0.0014475628 -0.38057143 -6.6301719 -0.033375551 0.99583144 -0.084887033 -1.4351665 0.37910791 0.091201099 0.9208472 23.909731
0.92131177 0.00080734114 -0.38882382 -6.9438011 -0.034967979 0.99611775 -0.080787748 -1.5081306 0.38724912 0.088027087 0.91776324 24.670078
0.91770024 0.0016605869 -0.39727005 -7.2905515 -0.036019663 0.99622035 -0.079041801 -1.5852524 0.39563728 0.086846215 0.91429147 25.403369
0.91413022 0.0035748062 -0.40540493 -7.6385031 -0.038640141 0.99617728 -0.078343835 -1.6664598 0.40357515 0.087281372 0.91077389 26.20503
0.9104853 0.0036200387 -0.41352557 -8.0151066 -0.039020868 0.99625225 -0.077193416 -1.7326419 0.41169638 0.086419598 0.90721429 26.934786
0.90674537 0.0047642121 -0.42165165 -8.3980248 -0.040353148 0.9963274 -0.075520427 -1.8099209 0.41974333 0.08549277 0.90360751 27.741053
0.90247218 0.004659149 -0.43072292 -8.7897659 -0.040003113 0.99652664 -0.073037042 -1.884493 0.42888661 0.083144157 0.89952395 28.507858
0.89958696 0.0043201277 -0.43672031 -9.1778269 -0.03833242 0.99687312 -0.069098512 -1.9565308 0.43505626 0.078900667 0.89693966 29.289362
0.89484054 0.0067112201 -0.44633546 -9.5913298 -0.039224258 0.99720147 -0.063644989 -2.0204132 0.44465928 0.074459295 0.89259955 30.094734
0.89116212 0.0045957384 -0.45366171 -9.9973269 -0.035239709 0.99762882 -0.059117729 -2.0825406 0.45231434 0.068670388 0.88921096 30.862319
0.88769225 0.005877567 -0.46039972 -10.436881 -0.036267039 0.99770441 -0.057189203 -2.1535632 0.45900673 0.067463748 0.88586764 31.706475
0.88452682 0.0049801058 -0.46646273 -10.860792 -0.035156104 0.99781098 -0.05601157 -2.212745 0.46516273 0.06594275 0.88276566 32.52639
0.88166985 0.0057788809 -0.47183138 -11.307666 -0.035518398 0.99790101 -0.054148045 -2.2672438 0.47052814 0.064499394 0.8800245 33.32161
0.87895148 0.0029777841 -0.47690188 -11.797346 -0.032121807 0.99807935 -0.052969896 -2.3321419 0.47582823 0.06187692 0.87735897 34.185361
0.87614487 0.0016563636 -0.48204502 -12.252022 -0.030824144 0.99814009 -0.052594944 -2.3913182 0.48106138 0.060939416 0.87456638 35.031909
0.87396698 0.00092908703 -0.4859844 -12.73622 -0.030620208 0.99811657 -0.053157492 -2.4525496 0.48501973 0.061338837 0.87234937 35.86058
0.87255175 0.0013184425 -0.48851989 -13.248772 -0.03157055 0.99805819 -0.053694955 -2.5119984 0.48750053 0.062274469 0.87089904 36.736825
0.87226593 0.0023543814 -0.48902616 -13.748195 -0.032200973 0.99809472 -0.052630955 -2.5732475 0.48797056 0.061655308 0.87067984 37.597065
0.87183597 0.0022192535 -0.48979291 -14.256514 -0.031290638 0.9981994 -0.051174779 -2.6376452 0.48879746 0.059941947 0.87033559 38.497209
0.87192925 0.0010846073 -0.48963066 -14.756199 -0.029579551 0.99828777 -0.050463595 -2.6987186 0.48873761 0.058483741 0.87046839 39.389645
0.87126927 -0.00052987892 -0.49080502 -15.282586 -0.028168821 0.99829709 -0.051082612 -2.7631399 0.48999633 0.058332109 0.86977065 40.296503
0.87053516 -0.0017827354 -0.49210297 -15.815393 -0.027309024 0.99827745 -0.051926386 -2.8312903 0.49134791 0.058642597 0.86898694 41.222931
0.86919223 -0.0032889294 -0.49446337 -16.344068 -0.024708248 0.99843981 -0.050074516 -2.8921341 0.49385664 0.055741705 0.86775486 42.134784
0.86634131 -0.0014967565 -0.49945017 -16.879446 -0.024908915 0.99862163 -0.046199431 -2.9571589 0.49883094 0.052465238 0.86510989 43.054003
0.8642719 -0.0024259499 -0.50301906 -17.419744 -0.021695589 0.99887807 -0.04209406 -3.0211859 0.50255687 0.047294009 0.86324961 43.986168
0.86052781 -0.0055163921 -0.50937357 -17.964889 -0.017160172 0.99905992 -0.039809703 -3.0798885 0.50911436 0.042998296 0.85962418 44.872743
0.85489724 -0.0092752799 -0.51871443 -18.529262 -0.014675682 0.99900769 -0.042050641 -3.1420648 0.51858978 0.043561465 0.8539128 45.795177
0.8493051 -0.010187849 -0.52780396 -19.086379 -0.016229993 0.99883722 -0.045396053 -3.2051618 0.52765277 0.047121355 0.8481522 46.66033
0.84354734 -0.0085575142 -0.53698662 -19.683853 -0.018611032 0.9988067 -0.045153057 -3.2689175 0.53673228 0.048082617 0.84238147 47.558643
0.83827733 -0.0072854386 -0.5451954 -20.278127 -0.017443228 0.99904058 -0.040170386 -3.3252178 0.54496503 0.043183892 0.83734598 48.483619
0.83355907 -0.0038252042 -0.55241707 -20.876535 -0.018424403 0.99922722 -0.03472028 -3.3836898 0.55212303 0.039119359 0.83284444 49.352953
0.82938563 -0.0035958322 -0.55866494 -21.476046 -0.020044048 0.99914396 -0.036188055 -3.4372709 0.55831688 0.04121176 0.82860357 50.218065
0.82542701 -0.0040466709 -0.56449433 -22.099489 -0.022946414 0.99890732 -0.040714028 -3.4962267 0.56404232 0.046559579 0.82443222 51.085207
0.82247173 -0.0057530661 -0.56877687 -22.688993 -0.025955238 0.99852767 -0.047632112 -3.5636782 0.56821352 0.053938805 0.82111146 51.937276
0.81956508 -0.0054530368 -0.57296013 -23.328391 -0.027905081 0.99838831 -0.049417534 -3.6259775 0.57230622 0.056489385 0.81809203 52.812269
0.81664295 -0.0050220573 -0.57712133 -23.947879 -0.026130032 0.99861502 -0.045664586 -3.6935812 0.57655141 0.052371862 0.8153807 53.676517
0.81334034 -0.0045760614 -0.58177016 -24.587673 -0.022795199 0.99895055 -0.039726192 -3.7519648 0.58134146 0.045572482 0.81238248 54.55094
0.81090936 -0.0034187214 -0.58516177 -25.211814 -0.022192124 0.9990839 -0.036590548 -3.8075861 0.58475084 0.0426576 0.81009062 55.414943
0.80817783 -0.0021196546 -0.5889347 -25.846154 -0.024531409 0.99900448 -0.037259281 -3.8588929 0.58842743 0.044559523 0.80732127 56.22948
0.80434908 -0.0028484307 -0.59415015 -26.530718 -0.025228553 0.99892291 -0.038942891 -3.9212483 0.59362117 0.046313228 0.80341086 57.144819
0.80109778 -0.0046073599 -0.59851573 -27.166895 -0.025436715 0.99880486 -0.041735157 -3.9848753 0.59799276 0.048658216 0.80002316 58.005011
0.79637177 -0.0056854171 -0.60478067 -27.808951 -0.02484298 0.99880438 -0.042102645 -4.0392668 0.604297 0.048553912 0.79527837 58.809557
0.7918222 -0.0064289029 -0.61071781 -28.487872 -0.02347795 0.99888511 -0.040955242 -4.0998213 0.61030028 0.046767673 0.79078846 59.670224
0.78877433 -0.0068834846 -0.61464432 -29.153052 -0.022707452 0.99892845 -0.040327653 -4.1592586 0.61426334 0.045766424 0.78777282 60.528956
0.78184211 -0.0076940052 -0.62342897 -29.8613 -0.02292742 0.99889273 -0.041081035 -4.2266821 0.62305479 0.046412502 0.7808 61.370178
0.77661847 -0.0092685001 -0.62990302 -30.537556 -0.022098517 0.99887558 -0.041943271 -4.2839326 0.62958355 0.046493842 0.7755404 62.200631
0.77206305 -0.010298746 -0.63546247 -31.247364 -0.02202716 0.99883437 -0.042949974 -4.342683 0.63516414 0.047157522 0.77093626 63.032954
0.76532828 -0.011270724 -0.64354142 -31.972599 -0.022040989 0.99880133 -0.043704731 -4.4041039 0.64326267 0.047632756 0.76416248 63.863184
0.75898387 -0.013738905 -0.65096443 -32.665106 -0.020443971 0.99878155 -0.044916138 -4.4654459 0.65078842 0.047398923 0.75777821 64.647939
0.7533793 -0.014022086 -0.65743667 -33.39269 -0.020691727 0.99877206 -0.045013591 -4.5316708 0.65726061 0.047515809 0.75216406 65.491531
0.74658622 -0.01246404 -0.66517188 -34.154216 -0.022098025 0.9988082 -0.043518474 -4.6035077 0.6649216 0.047189278 0.74542101 66.336017
0.74016421 -0.012879485 -0.67230278 -34.911789 -0.02116338 0.99887505 -0.042435303 -4.666396 0.67209307 0.045637292 0.73905899 67.181326
0.73400304 -0.015975052 -0.67895824 -35.671459 -0.01820441 0.9989013 -0.043183203 -4.7288903 0.67890219 0.044056637 0.73290577 67.964583
0.72869124 -0.017772525 -0.6846117 -36.463288 -0.017700192 0.99884051 -0.044769746 -4.7921204 0.68461363 0.04474108 0.72753175 68.745595
0.72271599 -0.016020087 -0.69095941 -37.21283 -0.020746805 0.99877795 -0.044857274 -4.8575286 0.6908337 0.04675427 0.72150043 69.554022
0.71695236 -0.016809472 -0.69691944 -38.010692 -0.019166818 0.99885601 -0.043809851 -4.920076 0.69685865 0.044767305 0.71580999 70.358643
0.71285273 -0.016825337 -0.70111187 -38.810615 -0.019155273 0.99887208 -0.043447057 -4.9826017 0.70105214 0.044401343 0.71172639 71.198197
0.70755503 -0.016075709 -0.70647534 -39.639827 -0.021756827 0.99877169 -0.044516931 -5.0560029 0.70632327 0.046868841 0.70633618 71.97802
0.70204119 -0.019050559 -0.71188145 -40.448692 -0.020709317 0.9986732 -0.047148405 -5.1207705 0.71183518 0.047842702 0.7007152 72.755882
0.69888603 -0.021410386 -0.71491249 -41.304634 -0.020389513 0.99854921 -0.049837244 -5.188735 0.7149424 0.049407271 0.69743554 73.53842
0.6932115 -0.022337576 -0.72038795 -42.130272 -0.020402779 0.99851085 -0.050594616 -5.2564724 0.72044541 0.049770686 0.69172345 74.334233
0.68851661 -0.021339417 -0.72490652 -42.975644 -0.020889307 0.9985687 -0.049236014 -5.3316657 0.72491969 0.049042609 0.68708538 75.139376
0.68424654 -0.02022571 -0.7289702 -43.817068 -0.021635862 0.99861224 -0.048015548 -5.4083159 0.72892977 0.048626372 0.68285936 75.911589
0.67781901 -0.022727975 -0.73487739 -44.70223 -0.018875089 0.99865473 -0.048295529 -5.4801908 0.7349865 0.046606505 0.67647817 76.691829
0.67532217 -0.021984265 -0.7371951 -45.560918 -0.02038386 0.99861743 -0.048453309 -5.5528794 0.73724115 0.047748476 0.67394037 77.477813
0.67064494 -0.023053087 -0.74142018 -46.458323 -0.019197995 0.99864273 -0.048416317 -5.628528 0.74153008 0.046703939 0.66929212 78.280914
0.66633595 -0.025715592 -0.74520807 -47.337805 -0.015339013 0.99872091 -0.048179341 -5.6934507 0.74549391 0.043534383 0.6650892 79.049652
0.66242785 -0.027601518 -0.74861703 -48.220694 -0.013698053 0.99870762 -0.048943339 -5.771347 0.74900051 0.042676026 0.66119365 79.826665
0.65779984 -0.031199803 -0.75254627 -49.13592 -0.012383524 0.99855863 -0.052223647 -5.8556235 0.75309101 0.043671882 0.65646534 80.614285
0.65276542 -0.03594044 -0.75670704 -50.04869 -0.0078909081 0.99849721 -0.054231477 -5.9283758 0.75751903 0.041371539 0.65150085 81.401687
0.64701971 -0.041136695 -0.76136274 -50.945473 5.6447281e-05 0.99854613 -0.053903827 -5.9979436 0.76247331 0.034833862 0.64608135 82.169799
0.63887134 -0.043819523 -0.76806459 -51.878103 0.0033556192 0.99852573 -0.054176579 -6.0860143 0.76930631 0.032034531 0.63807651 82.95095
0.63017637 -0.045343743 -0.77512685 -52.794203 0.0064694763 0.99856532 -0.053154885 -6.166392 0.7764251 0.028482288 0.62956563 83.683882
0.62088797 -0.04312516 -0.78271214 -53.738036 0.0059680131 0.99871671 -0.050292245 -6.2423356 0.78387662 0.026554613 0.62034857 84.428641
0.61390428 -0.042761561 -0.78822137 -54.726812 0.0054786651 0.99873843 -0.049915214 -6.3313593 0.78936149 0.026324763 0.61336408 85.200415
0.6041709 -0.044349724 -0.79561961 -55.723291 0.0047382217 0.9986323 -0.052068061 -6.400408 0.79684071 0.027688186 0.60355472 85.901272
0.59346016 -0.046867003 -0.80349765 -56.731515 0.0062392034 0.99854109 -0.05363539 -6.487187 0.80483922 0.026817282 0.59288677 86.631361
0.58373666 -0.047251165 -0.81056695 -57.701126 0.0039747851 0.99845956 -0.055341695 -6.5645312 0.81193335 0.029083147 0.58302527 87.345528
0.57352199 -0.048156122 -0.81777347 -58.735704 0.0071409472 0.99852663 -0.053792011 -6.6525778 0.81915907 0.025011224 0.57302086 88.046937
0.56377061 -0.048753711 -0.82449119 -59.721938 0.0093292473 0.99856849 -0.052668076 -6.731222 0.82587876 0.022000831 0.56341841 88.717471
0.5531766 -0.050030338 -0.83156031 -60.762079 0.01107389 0.99854844 -0.052710426 -6.8096868 0.83299044 0.019949567 0.55292766 89.393623
0.54437621 -0.050145729 -0.83734096 -61.795824 0.0085194841 0.99849062 -0.054257748 -6.8949798 0.83879796 0.022402914 0.54398176 90.055615
0.53301927 -0.051103259 -0.84455838 -62.90567 0.008102541 0.99843688 -0.055300579 -6.9790811 0.84606434 0.022633205 0.53260016 90.737605
0.52334221 -0.05151724 -0.85056384 -63.926194 0.0059931928 0.99836861 -0.056781986 -7.0676116 0.85210156 0.024618817 0.52279719 91.385996
0.51380711 -0.051737651 -0.85634421 -64.993278 0.0057521324 0.9983652 -0.056866834 -7.1492086 0.85788649 0.024292778 0.51326474 91.980368
0.50573819 -0.050103636 -0.86123078 -66.146114 0.0051358015 0.99846919 -0.055071842 -7.2376768 0.86267176 0.023428823 0.50522132 92.647477
0.49725237 -0.047441881 -0.86630784 -67.179939 0.0049397979 0.99864248 -0.051853566 -7.3267522 0.86759192 0.021504923 0.4968117 93.215472
0.48979921 -0.048012396 -0.87051219 -68.327827 0.0053918698 0.99863019 -0.05204487 -7.4127412 0.87181863 0.020797848 0.48938716 93.848433
0.48336603 -0.051806059 -0.87388406 -69.432469 0.0081525724 0.99847051 -0.054682478 -7.4926033 0.87538042 0.019307249 0.48304908 94.452323
0.47516799 -0.054819348 -0.87818572 -70.541111 0.0098656862 0.99832653 -0.056980829 -7.5843151 0.87983982 0.018411561 0.47491364 95.042591
0.46823477 -0.057999698 -0.88169846 -71.640954 0.011481888 0.99815851 -0.059563076 -7.6725136 0.88352953 0.01776594 0.46803847 95.646216
0.46284831 -0.06133569 -0.8843129 -72.755398 0.013066744 0.99796696 -0.062379584 -7.7689911 0.88634123 0.017317194 0.46270878 96.216815
0.45738726 -0.061889299 -0.88711134 -73.896638 0.014460568 0.997961 -0.062166974 -7.8710337 0.88915007 0.015606248 0.45734961 96.818711
0.45440955 -0.060147901 -0.88875988 -75.013059 0.017047226 0.99812226 -0.058833143 -7.963164 0.89062979 0.011583451 0.45458165 97.367711
0.45215443 -0.058369081 -0.89002773 -76.17931 0.021292646 0.99827846 -0.054651142 -8.0632631 0.89168552 0.00575971 0.45261886 97.951984
0.44810055 -0.057473431 -0.89213375 -77.292643 0.021735657 0.99833673 -0.053397909 -8.1553633 0.89371893 0.0045365181 0.44860446 98.549299
0.44421954 -0.056946281 -0.89410629 -78.392936 0.022332987 0.99837162 -0.052491301 -8.241589 0.89563961 0.0033495972 0.44476796 99.089191
0.44194154 -0.057248126 -0.8952152 -79.532513 0.026481685 0.99835917 -0.050770849 -8.3306009 0.89665292 -0.0012690613 0.44273242 99.620972
0.43910674 -0.055774305 -0.89670197 -80.618551 0.026921656 0.99843986 -0.04891905 -8.4124869 0.89803149 -0.0026600182 0.43992321 100.18365
0.43801182 -0.056816586 -0.89717192 -81.754763 0.029500959 0.9983717 -0.048822641 -8.4992732 0.89848506 -0.0050825385 0.43897475 100.70706
0.43396344 -0.057372932 -0.89910178 -82.849881 0.031895831 0.99832302 -0.04830943 -8.5821721 0.90036573 -0.0077130723 0.43506565 101.24451
0.43126444 -0.056196242 -0.90047371 -83.906178 0.03443118 0.9983564 -0.045814702 -8.6648575 0.90156838 -0.011246121 0.43249052 101.80249
0.43144521 -0.056406422 -0.90037396 -85.015188 0.038019586 0.99829356 -0.044322472 -8.7468738 0.90133768 -0.015109128 0.43285353 102.29413
0.42805779 -0.056444761 -0.90198694 -86.093984 0.038645772 0.99827803 -0.044130286 -8.8260349 0.90292475 -0.01596767 0.42950204 102.83048
0.42839097 -0.056897544 -0.9018003 -87.156955 0.038250504 0.99826283 -0.044813174 -8.8968999 0.90278355 -0.015296758 0.42982314 103.32702
0.42644752 -0.058780837 -0.90260027 -88.228768 0.040072006 0.99813417 -0.046069734 -8.9839967 0.90362427 -0.016522681 0.42800731 103.82897
0.42701418 -0.060300388 -0.90223206 -89.296048 0.040735407 0.99804386 -0.047424425 -9.0652378 0.90332695 -0.016501889 0.42863524 104.29405
0.42971718 -0.059466225 -0.90100324 -90.302751 0.037265014 0.9981469 -0.048104835 -9.14037 0.90219429 -0.012904426 0.43113689 104.78246
0.43456289 -0.059830428 -0.89865196 -91.317255 0.035844359 0.99814942 -0.049121441 -9.2244867 0.89992797 -0.010865249 0.43590328 105.26894
0.43875479 -0.060063922 -0.89659717 -92.336456 0.033921027 0.99815954 -0.050268243 -9.3009217 0.8979664 -0.0083580653 0.43998471 105.74056
0.44429255 -0.061047228 -0.89379936 -93.333923 0.035577569 0.99809091 -0.050485419 -9.3813833 0.89517509 -0.009368914 0.44561626 106.23783
0.45310722 -0.059678745 -0.88945614 -94.370976 0.033580918 0.99819114 -0.049867595 -9.4589324 0.89082335 -0.0072733873 0.45429168 106.74022
0.45961147 -0.058362163 -0.88620037 -95.361201 0.032553176 0.99827501 -0.048859918 -9.5332859 0.88752333 -0.0063920586 0.46071852 107.23848
0.46782864 -0.057011236 -0.88197847 -96.33962 0.030741609 0.99836316 -0.048228063 -9.60917 0.88328443 -0.0045509685 0.4688155 107.76822
0.47916798 -0.056175129 -0.87592371 -97.281432 0.02896494 0.99841832 -0.04818594 -9.6735875 0.8772452 -0.0022819191 0.4800372 108.29125
0.48850174 -0.05752079 -0.87066489 -98.255358 0.029195317 0.99834359 -0.049575388 -9.7515613 0.87207439 -0.001201675 0.48937192 108.81967
0.49899359 -0.0586717 -0.86461724 -99.23065 0.026980337 0.99827367 -0.052170366 -9.8288749 0.86618562 0.0027050134 0.49971514 109.34206
0.51054102 -0.058306744 -0.85787419 -100.14111 0.023376668 0.99827067 -0.053937005 -9.9017743 0.85953561 0.0074828126 0.51102115 109.88239
0.52275015 -0.057043393 -0.85057526 -101.04549 0.021777048 0.99832669 -0.053568437 -9.9747228 0.85220778 0.0094798896 0.52311766 110.44234
0.53605212 -0.055141218 -0.84238205 -101.99704 0.021392825 0.99843129 -0.051742613 -10.051625 0.84391382 0.0097158049 0.53639084 111.02071
0.54783834 -0.053193343 -0.83489134 -102.92614 0.021158489 0.99853826 -0.049736 -10.126824 0.83631664 0.009582248 0.54816304 111.6183
0.55988607 -0.052368604 -0.82691297 -103.80112 0.020954364 0.99857638 -0.049052315 -10.204922 0.82830463 0.010136272 0.56018635 112.18898
0.5710397 -0.052856919 -0.81921898 -104.68049 0.021670371 0.99854781 -0.049322 -10.278553 0.8206364 0.01041204 0.57135588 112.8069
0.58152128 -0.053177066 -0.81179132 -105.54059 0.020151327 0.99849675 -0.050972094 -10.350727 0.81328161 0.013282685 0.5817187 113.43541
0.59184295 -0.055422985 -0.80414561 -106.36431 0.023334148 0.99839327 -0.051637146 -10.420778 0.80571552 0.011797028 0.59218527 114.03881
0.60280537 -0.054715565 -0.79600995 -107.19265 0.023130193 0.99842499 -0.051112908 -10.49961 0.79755297 0.012399271 0.60312153 114.65305
0.61436804 -0.053138613 -0.78722814 -108.03721 0.022941446 0.99851079 -0.049496436 -10.572351 0.78868603 0.012348876 0.61467219 115.29652
0.62284427 -0.050165555 -0.78073579 -108.81177 0.022055991 0.99867135 -0.046573316 -10.630929 0.78203491 0.011788022 0.62312318 115.94079
0.63339387 -0.049917501 -0.77221785 -109.62056 0.023041224 0.99869136 -0.045658111 -10.709051 0.7734865 0.011126723 0.63371515 116.56847
0.64381085 -0.048809372 -0.76362633 -110.36921 0.020516763 0.99870582 -0.046537539 -10.773207 0.7649096 0.014294232 0.64397906 117.19387
0.65276184 -0.047443075 -0.75607611 -111.13336 0.017485606 0.99871475 -0.047572146 -10.837919 0.75736139 0.017832832 0.65275245 117.84582
0.66184312 -0.046722548 -0.74818489 -111.86876 0.016833094 0.99873043 -0.047478055 -10.908926 0.74945338 0.018828757 0.66178936 118.50076
0.67142376 -0.044915118 -0.73971124 -112.60803 0.016707612 0.99882537 -0.045483251 -10.969064 0.7408853 0.018179727 0.67138552 119.15386
0.67969393 -0.044043703 -0.73217229 -113.32078 0.017754009 0.99889101 -0.043606631 -11.028403 0.73328098 0.016640169 0.67972212 119.80576
0.6878401 -0.043712043 -0.72454483 -114.02424 0.018977234 0.99892684 -0.04224974 -11.095503 0.72561415 0.015311208 0.68793147 120.45064
0.69546789 -0.042654358 -0.71729003 -114.71263 0.017537762 0.99894682 -0.042399146 -11.15565 0.71834316 0.016907582 0.69548349 121.12406
0.70273086 -0.041312604 -0.71025528 -115.38115 0.0166576 0.99899438 -0.041626231 -11.216845 0.71126079 0.017420889 0.70271235 121.76882
0.71003259 -0.038454152 -0.70311802 -116.04678 0.015321578 0.99911508 -0.039170244 -11.269834 0.70400214 0.017039272 0.70999345 122.45026
0.71691209 -0.035671652 -0.69625034 -116.70181 0.013768549 0.99921979 -0.037016832 -11.32455 0.69702763 0.016951457 0.7168439 123.12269
0.7243412 -0.035288274 -0.68853796 -117.33105 0.0148807 0.9992568 -0.035558453 -11.383266 0.6892811 0.015510526 0.72432799 123.79081
0.7320196 -0.033403859 -0.68046415 -117.95802 0.01314125 0.99930375 -0.034918738 -11.436429 0.68115685 0.016619051 0.7319489 124.43941
0.73982133 -0.031175193 -0.67208071 -118.57295 0.011434834 0.99936424 -0.033769217 -11.481199 0.67270624 0.017298056 0.73970746 125.08685
0.74843282 -0.028475922 -0.66259897 -119.14968 0.010534525 0.9994622 -0.031053812 -11.531973 0.66312696 0.016261527 0.7483303 125.74933
0.7581982 -0.024654256 -0.65155784 -119.74515 0.0081605235 0.99956542 -0.028326338 -11.572554 0.6519731 0.016159925 0.7580699 126.42177
0.76766446 -0.022530659 -0.64045578 -120.28024 0.0068750047 0.99961382 -0.026924984 -11.61694 0.64081514 0.016266217 0.7675229 127.08777
0.77797442 -0.021984256 -0.62791119 -120.8361 0.0056055079 0.99959074 -0.028052244 -11.659401 0.62827097 0.018304167 0.77777926 127.75511
0.78723726 -0.022593665 -0.61623614 -121.35488 0.0055482206 0.99954762 -0.029559574 -11.7066 0.61662528 0.019851384 0.78700649 128.41949
0.79733522 -0.021564262 -0.6031513 -121.86908 0.0051201813 0.99956721 -0.028968566 -11.746585 0.603515 0.020009414 0.79710056 129.0947
0.80719412 -0.02040726 -0.58993319 -122.37655 0.0049707774 0.99960178 -0.0277773 -11.780853 0.59026517 0.019489246 0.80697412 129.76844
0.81668267 -0.018644863 -0.57678571 -122.85285 0.0050217863 0.99966971 -0.025204333 -11.822313 0.57706518 0.017687448 0.81650656 130.46471
0.82607963 -0.017208113 -0.5632906 -123.32619 0.0050830359 0.99972055 -0.023086328 -11.858484 0.56353051 0.016207919 0.82593625 131.17279
0.83522082 -0.015525379 -0.54969548 -123.8022 0.0056022189 0.99978974 -0.019725512 -11.893684 0.5498862 0.013395644 0.83513218 131.8647
0.84329149 -0.015085958 -0.53724468 -124.24314 0.0063984413 0.99981694 -0.01803172 -11.921716 0.5374184 0.011768467 0.84323365 132.57184
0.84993277 -0.015333118 -0.52666798 -124.69491 0.0077450194 0.99983205 -0.0166097 -11.952021 0.52683425 0.010038075 0.84990878 133.27441
0.85646236 -0.015573521 -0.51597449 -125.11873 0.0081791759 0.99982874 -0.016601011 -11.98098 0.5161447 0.0099978949 0.85644306 133.99524
0.8636387 -0.014404123 -0.50390544 -125.55603 0.0072364895 0.99984294 -0.016177933 -12.010218 0.50405937 0.010325382 0.8636073 134.74843
0.86995617 -0.01275547 -0.49296404 -125.99585 0.0059350706 0.99986383 -0.015397639 -12.038028 0.49309336 0.010469494 0.86991341 135.48004
0.87578251 -0.011928179 -0.48255848 -126.40746 0.0054535873 0.99987534 -0.014817967 -12.059767 0.48267512 0.010345641 0.87573839 136.22049
0.8817662 -0.012251045 -0.47152759 -126.79389 0.0059461751 0.99987192 -0.014858813 -12.089812 0.47164927 0.010298213 0.88172611 136.97082
0.88658528 -0.013380855 -0.46237157 -127.17657 0.0068295952 0.99985122 -0.015839742 -12.117294 0.46251477 0.010885471 0.88654476 137.74012
0.89119057 -0.013820791 -0.4534185 -127.59727 0.0074131308 0.99984601 -0.015906168 -12.145103 0.45356855 0.010814176 0.89115579 138.50789
0.89410423 -0.013383387 -0.44765891 -127.96779 0.007125212 0.99985197 -0.015660861 -12.173198 0.44780227 0.010812777 0.89406724 139.28269
0.89708841 -0.011539789 -0.44170034 -128.36482 0.0067002278 0.99989923 -0.012515112 -12.200058 0.44180029 0.0082676691 0.89707534 140.079
0.90025263 -0.0080534274 -0.43529338 -128.75705 0.0048363007 0.9999522 -0.0084980625 -12.217401 0.43534104 0.0055451932 0.90024855 140.87458
0.90371037 -0.0049799194 -0.42811535 -129.16 0.0027612758 0.99997935 -0.005803163 -12.237212 0.42813545 0.0040622338 0.90370546 141.68578
0.90678586 -0.0024241116 -0.42158452 -129.54274 0.0011499419 0.99999397 -0.0032765578 -12.254307 0.42158996 0.0024863383 0.90678318 142.50778
0.90988328 -0.00054409161 -0.41486396 -129.93764 -5.0869731e-05 0.99999899 -0.0014230609 -12.262354 0.41486435 0.001315923 0.90988233 143.36169
0.9130938 0.00059878665 -0.40774912 -130.33655 -2.1657543e-05 0.99999899 0.0014200167 -12.278624 0.40774959 -0.001287778 0.91309289 144.21438
0.91651003 0.00081870698 -0.40001085 -130.71742 0.00064877847 0.99999355 0.003533188 -12.290638 0.40001119 -0.003497721 0.91650359 145.09204
0.91962358 0.00051166068 -0.39280046 -131.09373 0.001246778 0.99999031 0.0042215378 -12.306789 0.39279885 -0.0043719611 0.91961403 145.98352
0.92337762 -0.00038347325 -0.38389271 -131.46659 0.0021229758 0.99998931 0.0041074989 -12.303305 0.38388707 -0.0046077679 0.92336856 146.87783
0.92711647 -0.0027909011 -0.37476292 -131.846 0.0046499943 0.99998096 0.0040565325 -12.323463 0.3747445 -0.0055035239 0.9271118 147.79996
0.93118719 -0.0041263979 -0.36451802 -132.21573 0.0056366848 0.99997937 0.0030793964 -12.326812 0.36449782 -0.004922168 0.93119124 148.72766
0.93512784 -0.0052519198 -0.35427156 -132.57547 0.005921439 0.99998214 0.00080581097 -12.3493 0.35426103 -0.002851334 0.93514224 149.66708
0.94043006 -0.0040255995 -0.33996335 -132.93532 0.0041209357 0.99999141 -0.00044155776 -12.35337 0.33996224 -0.0009857132 0.94043858 150.63697
0.94598877 -0.00023723619 -0.32419928 -133.28217 0.00064404517 0.99999913 0.0011475146 -12.366549 0.32419875 -0.0012943352 0.94598811 151.61366
0.95231081 0.003469644 -0.30510992 -133.59822 -0.0024302242 0.99998988 0.0037864393 -12.373436 0.30512 -0.0028643819 0.95230961 152.61621
0.95836976 0.0063882461 -0.28545856 -133.91937 -0.0050461485 0.99997249 0.0054368466 -12.384372 0.28548547 -0.0037700433 0.95837563 153.6367
0.9645338 0.0083460663 -0.26382739 -134.21295 -0.0068246829 0.99995438 0.0066825837 -12.396704 0.26387115 -0.0046450399 0.96454676 154.6952
0.97017268 0.009506524 -0.24222839 -134.47517 -0.0078873146 0.99993961 0.0076534923 -12.399188 0.24228654 -0.005514678 0.97018907 155.72765
0.97529677 0.010215714 -0.2206623 -134.72125 -0.0080896889 0.99991177 0.010536306 -12.41096 0.22075049 -0.0084909357 0.97529336 156.78572
0.98006801 0.012197167 -0.19828748 -134.94912 -0.0096233862 0.99985654 0.013938575 -12.40299 0.19842907 -0.011752555 0.98004479 157.89213
0.98423945 0.014113807 -0.17627678 -135.16355 -0.011110871 0.99977605 0.018010817 -12.416321 0.17649152 -0.015768369 0.98417585 158.99904
0.98816085 0.015709606 -0.152615 -135.35003 -0.01264912 0.99969937 0.021003954 -12.404952 0.1528991 -0.01882484 0.98806249 160.13446
0.9912256 0.017358372 -0.13103621 -135.49685 -0.014692525 0.99966551 0.021283889 -12.3993 0.13136184 -0.019171883 0.99114908 161.24781
0.99378782 0.017329203 -0.10993391 -135.64309 -0.015296143 0.99969653 0.019310006 -12.39092 0.11023518 -0.017508485 0.99375131 162.40035
0.99597756 0.017347575 -0.087907627 -135.76238 -0.01581029 0.9997102 0.018153769 -12.38022 0.088197082 -0.016690902 0.9959632 163.56668
0.99753312 0.015907895 -0.068371152 -135.84752 -0.01457141 0.99969375 0.020002009 -12.379203 0.068668409 -0.018956403 0.99745943 164.72913
0.99874294 0.016366972 -0.047377825 -135.92366 -0.015340519 0.9996414 0.021948412 -12.369864 0.047720068 -0.021194022 0.99863587 165.9245
0.9995058 0.016724978 -0.026616509 -135.96028 -0.016120576 0.99961092 0.022762656 -12.364728 0.02698686 -0.022322334 0.99938652 167.14389
0.99981669 0.018147047 -0.0061054135 -135.99416 -0.017998693 0.99956099 0.023534561 -12.350802 0.0065298165 -0.023420358 0.99970438 168.35136
0.99973264 0.018367642 0.014045781 -135.99394 -0.018698322 0.9995422 0.023785615 -12.339488 -0.013602466 -0.024041889 0.99961841 169.58698
0.99920003 0.020638994 0.034253963 -135.94713 -0.021445912 0.99949709 0.023359078 -12.329275 -0.033754631 -0.024074999 0.99914014 170.81051
0.99826398 0.021578783 0.054803033 -135.90249 -0.022823951 0.99949304 0.02219738 -12.311937 -0.054296262 -0.023409667 0.99825042 172.06257
0.99703844 0.02167537 0.073787011 -135.81443 -0.023215442 0.99952884 0.02007845 -12.30846 -0.073317044 -0.021731985 0.99707188 173.32569
0.99552405 0.023665293 0.091497689 -135.71427 -0.025347488 0.99952957 0.017266799 -12.301583 -0.09104603 -0.019508751 0.99565558 174.58694
0.99336337 0.024135462 0.11245755 -135.59337 -0.026032538 0.99954199 0.015431251 -12.293261 -0.11203361 -0.018256395 0.9935367 175.88749
0.99110993 0.023981498 0.13086633 -135.42614 -0.025863415 0.99958482 0.01269956 -12.298948 -0.13050745 -0.01597131 0.99131868 177.18827
0.98848118 0.025009364 0.14926315 -135.24023 -0.0263756 0.99962632 0.0071803681 -12.297032 -0.14902781 -0.011034564 0.98877144 178.48195
0.98553871 0.02673072 0.1673288 -135.02676 -0.027268122 0.99962774 0.00091448302 -12.321126 -0.16724208 -0.0054640005 0.98590072 179.75691
0.98226696 0.0292747 0.18518802 -134.80103 -0.028988178 0.9995707 -0.0042551612 -12.329005 -0.18523311 -0.001188559 0.98269389 181.07823
0.9788038 0.031165176 0.20241507 -134.54623 -0.03006215 0.9995117 -0.0085221571 -12.358932 -0.20258184 0.0022564878 0.97926274 182.38747
0.9747226 0.033517545 0.22089008 -134.26556 -0.031872983 0.99943133 -0.011006239 -12.392181 -0.22113339 0.0036876046 0.9752366 183.72249
0.97096612 0.032809292 0.23695641 -133.97705 -0.030990797 0.9994547 -0.011396143 -12.418957 -0.23720112 0.0037218007 0.97145344 185.04817
0.96669337 0.031846265 0.25394829 -133.62186 -0.029785166 0.99948479 -0.011958089 -12.452065 -0.2541983 0.003995914 0.96714387 186.37557
0.96219337 0.031586628 0.27052947 -133.27444 -0.028139283 0.99946595 -0.016613086 -12.506705 -0.27090976 0.0083724961 0.96256834 187.70449
0.95735708 0.03282837 0.28703608 -132.8759 -0.027984873 0.99938854 -0.020961762 -12.554335 -0.28754874 0.012035223 0.95769039 189.07568
0.95209316 0.035169749 0.30377903 -132.46984 -0.030065848 0.99931744 -0.021463816 -12.590477 -0.30432659 0.011302178 0.95250071 190.41084
0.94631869 0.036996355 0.32111087 -132.02839 -0.031743945 0.99926307 -0.021578854 -12.642998 -0.3216726 0.010227148 0.94679573 191.75596
0.94009408 0.04101923 0.33843838 -131.57359 -0.034576457 0.99908815 -0.025046527 -12.68919 -0.33915719 0.011844092 0.94065516 193.09086
0.93351023 0.042134826 0.35606642 -131.0831 -0.034243206 0.99900878 -0.028440425 -12.753287 -0.35691184 0.014356572 0.93402775 194.44194
0.92688911 0.042835745 0.3728829 -130.5637 -0.033445038 0.99894025 -0.031619872 -12.807294 -0.37384223 0.016837033 0.92733948 195.7972
0.91948202 0.042962382 0.39077749 -129.99751 -0.031143439 0.99884698 -0.036534896 -12.882127 -0.39189657 0.021423026 0.91975983 197.1185
0.91081587 0.04634668 0.41020289 -129.4316 -0.031899306 0.99860832 -0.041998213 -12.966025 -0.41157854 0.025167452 0.91102674 198.4362
0.90142517 0.049826841 0.43005806 -128.82483 -0.033403049 0.99839839 -0.045660556 -13.045971 -0.43164443 0.026794325 0.90164581 199.73467
0.88985108 0.052711172 0.45319595 -128.17916 -0.034899861 0.99825749 -0.047581282 -13.12911 -0.45491435 0.02652378 0.89014012 201.10839
0.87635178 0.057223841 0.47826035 -127.50935 -0.037763813 0.99802416 -0.050216149 -13.221996 -0.48018899 0.025946078 0.87678125 202.41031
0.86240504 0.061273731 0.50249681 -126.79266 -0.039936379 0.99778878 -0.053128512 -13.318755 -0.50464111 0.025750394 0.86294513 203.70573
0.84762163 0.065222022 0.52657729 -126.02927 -0.04174647 0.99753754 -0.056356791 -13.428163 -0.52895637 0.025786492 0.84825718 204.997
0.8326712 0.066735724 0.54973174 -125.24876 -0.041179749 0.99742537 -0.058709935 -13.535786 -0.55223448 0.026248258 0.83327554 206.26429
0.81675265 0.06795257 0.57297254 -124.40855 -0.040104841 0.99732493 -0.061111232 -13.636641 -0.57559251 0.026933789 0.817293 207.4836
0.80090475 0.069782697 0.59471163 -123.57004 -0.038109801 0.99711292 -0.065677056 -13.757645 -0.59757782 0.029936726 0.80125188 208.69194
0.78456428 0.072618188 0.61578037 -122.63682 -0.036734557 0.99681744 -0.070749993 -13.888922 -0.6189584 0.032887499 0.78473495 209.91556
0.76833829 0.074101963 0.63573983 -121.70994 -0.034686022 0.99663643 -0.074247539 -14.015148 -0.63910342 0.034995943 0.76832423 211.08058
0.75252729 0.075927685 0.65416942 -120.73175 -0.033244752 0.99644481 -0.077411391 -14.159002 -0.65772145 0.036506486 0.75237611 212.25105
0.73660634 0.076468258 0.67198487 -119.7263 -0.03133025 0.99637904 -0.079039442 -14.295726 -0.6755957 0.037167502 0.73633489 213.37801
0.72059902 0.076819802 0.68908325 -118.7006 -0.029180348 0.99632283 -0.080556294 -14.435778 -0.69273776 0.037941098 0.72019089 214.4974
0.70598258 0.077689245 0.70395521 -117.67584 -0.02650102 0.996167 -0.083360707 -14.587544 -0.70773323 0.040195678 0.70533539 215.60134
0.69095189 0.078710371 0.71860289 -116.58318 -0.023482354 0.99597396 -0.086512736 -14.731711 -0.72251928 0.042901653 0.69001839 216.66496
0.67652798 0.081211452 0.73192523 -115.46462 -0.021110968 0.99563094 -0.090958025 -14.903016 -0.7361143 0.046084001 0.67528664 217.70178
0.66127974 0.083784526 0.74544565 -114.34774 -0.02049761 0.99539003 -0.09369379 -15.059183 -0.74985932 0.046677952 0.65994864 218.73738
0.64565873 0.084069178 0.75898428 -113.19031 -0.01890414 0.99537647 -0.094171723 -15.229142 -0.7633921 0.046454851 0.64426276 219.74031
0.62914471 0.085479249 0.77257374 -112.04762 -0.019745086 0.99537159 -0.094050697 -15.397722 -0.7770374 0.043916965 0.62792056 220.72831
0.6118053 0.086232802 0.78629392 -110.85942 -0.021199674 0.99547042 -0.092677977 -15.562168 -0.79072429 0.040031704 0.61086219 221.68758
0.59386648 0.087231123 0.79982078 -109.67188 -0.023503856 0.99556181 -0.091127692 -15.724774 -0.80422026 0.03531881 0.59328106 222.62985
0.57535566 0.088662697 0.81308347 -108.45056 -0.025267 0.99555938 -0.090681301 -15.894818 -0.81751299 0.031629822 0.57504097 223.50766
0.55695083 0.091833375 0.82545281 -107.2296 -0.027044442 0.99534655 -0.092486944 -16.07147 -0.83010507 0.029186771 0.55684267 224.36343
0.5402692 0.095734021 0.83602878 -106.02519 -0.029732902 0.99505886 -0.094730248 -16.241236 -0.84096683 0.026322276 0.54044611 225.18223
0.51905083 0.096094145 0.84932449 -104.77775 -0.029841813 0.9950918 -0.09434919 -16.421531 -0.85422231 0.023626644 0.51937085 225.97612
0.49817431 0.0945795 0.86190313 -103.55405 -0.029852066 0.99531468 -0.091964896 -16.577009 -0.86656291 0.02008496 0.49866359 226.73305
0.4780987 0.092895022 0.87337969 -102.30461 -0.029833037 0.99553482 -0.089556802 -16.746771 -0.87779934 0.016761423 0.47873524 227.44973
0.45631125 0.091330252 0.88512076 -101.04171 -0.029674687 0.99572729 -0.087444712 -16.90451 -0.88932532 0.013636325 0.45707176 228.12732
0.43512695 0.090219684 0.89583753 -99.77502 -0.028396111 0.99584716 -0.086499057 -17.060003 -0.89992126 0.01219977 0.43588183 228.75762
