1.0 0.0 0.0 0.0 0.0 1.0 0.0 0.0 0.0 0.0 1.0 0.0
0.9985892 0.053088587 -0.0013228677 0.21105957 -0.053085584 0.9985878 0.0022090268 0.16027832 0.0014382271 -0.0021356991 0.99999666 -0.00012207031
0.9993057 0.037255585 0.00031880947 0.2557373 -0.037256613 0.99929655 0.0042898897 -0.015014648 -0.00015875633 -0.004298789 0.99999076 -0.006225586
0.99799436 0.06327321 0.0024537535 0.4338379 -0.06328523 0.99798316 0.0051821163 -0.05126953 -0.0021210418 -0.0053269835 0.99998355 -0.0009765625
0.99511975 0.09859905 0.003986047 0.6068115 -0.0986182 0.9951136 0.004932705 -0.041748047 -0.0034800803 -0.0053016823 0.99997985 0.00036621094
0.9909217 0.13428819 0.0067733773 0.79138184 -0.13430235 0.9909415 0.0016793632 -0.13659668 -0.0064865197 -0.002573691 0.9999756 -0.0017089844
0.9846084 0.17459646 0.007405591 0.9968262 -0.17459473 0.9846362 -0.00088611944 -0.17785645 -0.0074465377 -0.00042083205 0.99997216 0.007080078
0.97620577 0.21666984 0.009090436 1.1887207 -0.21666993 0.97624755 -0.0009870472 -0.2689209 -0.009088342 -0.0010059021 0.9999582 0.00061035156
0.9637704 0.26652408 0.011919595 1.4268799 -0.26653594 0.96384066 -0.0006126703 -0.34033203 -0.01165185 -0.002585903 0.9999288 -0.0009765625
0.95011115 0.31145635 0.018402977 1.6572266 -0.3114144 0.950289 -0.005175822 -0.4696045 -0.019099386 -0.0008116192 0.99981725 -0.015625
0.9326363 0.36006916 0.02449841 1.8765869 -0.35982066 0.9329482 -0.014041506 -0.585083 -0.027911391 0.004282953 0.99960124 -0.0014648438
0.9117242 0.40989384 0.02721483 2.1131592 -0.40948188 0.912106 -0.01954914 -0.72753906 -0.03283526 0.0066777896 0.99943835 -0.0040283203
0.8858278 0.4628596 0.0312192 2.3620605 -0.46238762 0.886366 -0.021379527 -0.9005127 -0.037570484 0.004503385 0.9992841 -0.0076904297
0.85771644 0.51297814 0.035005316 2.5843506 -0.5124333 0.85842663 -0.023759484 -1.0681152 -0.042238876 0.0024463898 0.99910486 -0.03112793
0.82526225 0.5635561 0.037113003 2.822876 -0.56283396 0.8260918 -0.028645625 -1.2861328 -0.04680454 0.0027504098 0.9989002 -0.03479004
0.7900214 0.61187005 0.037281886 3.0632324 -0.6109212 0.79088855 -0.034342572 -1.4959717 -0.05050096 0.0043542515 0.9987147 -0.042236328
0.7517705 0.65846646 0.036815148 3.2874756 -0.6573609 0.7526569 -0.038430713 -1.7476807 -0.05300807 0.0046935026 0.998583 -0.060058594
0.7124274 0.70090866 0.035182178 3.5089111 -0.6996742 0.71327627 -0.041907787 -2.012207 -0.054467496 0.0052417796 0.99850184 -0.07788086
0.67016715 0.74147207 0.034851573 3.7354736 -0.74019015 0.67106324 -0.04372146 -2.3007812 -0.05580364 0.0035116598 0.9984359 -0.09240723
0.62729 0.77803016 0.036625322 3.9752197 -0.7768197 0.62835705 -0.04339342 -2.633545 -0.056773696 -0.0012273863 0.9983864 -0.12438965
0.5864142 0.8090802 0.038678408 4.1879883 -0.8078068 0.5876715 -0.045604736 -2.9698486 -0.059621803 -0.0045045763 0.9982105 -0.14331055
0.54636174 0.8366135 0.038686775 4.406616 -0.83531666 0.54768956 -0.047027305 -3.3581543 -0.060539737 -0.006623253 0.99814403 -0.16259766
0.50632244 0.86124206 0.039883107 4.639282 -0.8598685 0.5078059 -0.04949206 -3.760498 -0.062895 -0.009232178 0.9979783 -0.1829834
0.469756 0.8817326 0.040209744 4.843506 -0.880409 0.47132105 -0.04977969 -4.1833496 -0.0628414 -0.012028689 0.9979503 -0.21252441
0.43330002 0.9004396 0.039379086 5.04834 -0.89920217 0.43485808 -0.049234718 -4.638916 -0.061462756 -0.014077395 0.99801034 -0.2454834
0.39954028 0.9158296 0.035312045 5.2471924 -0.9146552 0.40088466 -0.048175525 -5.1411133 -0.058287427 -0.013047566 0.9982151 -0.27233887
0.37029475 0.9283717 0.03124914 5.4310303 -0.92726624 0.3714282 -0.0467628 -5.645874 -0.05502563 -0.011667988 0.9984167 -0.30285645
0.34520704 0.93804926 0.028633492 5.616211 -0.93698645 0.34621924 -0.04597152 -6.1949463 -0.05303522 -0.010963104 0.9985323 -0.33862305
0.3242018 0.9455908 0.02568336 5.810547 -0.9445749 0.32507288 -0.044900637 -6.772217 -0.050790645 -0.009700606 0.9986619 -0.3725586
0.31070364 0.95012385 0.024602525 5.991577 -0.94902235 0.3115495 -0.046601955 -7.371216 -0.05194022 -0.008858085 0.9986113 -0.40478516
0.29817665 0.9542058 0.02322428 6.197632 -0.9530321 0.29897717 -0.047966164 -7.9890137 -0.052708283 -0.007830042 0.99857926 -0.42956543
0.28839952 0.9571675 0.024297398 6.38916 -0.9559271 0.2892824 -0.049520973 -8.646118 -0.054444976 -0.00894162 0.99847746 -0.46520996
0.27668747 0.9606288 0.026422022 6.590454 -0.95930177 0.27772623 -0.05167382 -9.303955 -0.05697533 -0.01104256 0.9983148 -0.50720215
0.26557663 0.9638065 0.027219381 6.786621 -0.9623945 0.2666996 -0.053518485 -10.009155 -0.058821734 -0.011989559 0.9981957 -0.548584
0.25609905 0.96615463 0.028614454 6.97876 -0.96465117 0.25734463 -0.055520035 -10.729492 -0.061008684 -0.0133851115 0.9980476 -0.58569336
0.24663033 0.9687648 0.02829677 7.1729736 -0.96713465 0.2479005 -0.057684366 -11.47522 -0.06289907 -0.013142711 0.99793357 -0.6291504
0.23354049 0.9719139 0.028889216 7.359375 -0.9702089 0.23489173 -0.059246108 -12.23877 -0.064396575 -0.014196983 0.99782443 -0.6687012
0.22439098 0.97389483 0.03041087 7.541626 -0.9720584 0.22589734 -0.06181593 -13.0164795 -0.06707782 -0.015682705 0.9976249 -0.71533203
0.21275356 0.9765486 0.03199085 7.7216797 -0.97447366 0.21446005 -0.06590811 -13.808594 -0.07122034 -0.01714439 0.99731344 -0.76904297
0.1998354 0.9792904 0.03264159 7.892578 -0.9769584 0.20168878 -0.06989123 -14.611694 -0.07501677 -0.01791342 0.99702126 -0.81481934
0.18694697 0.9817618 0.03382403 8.049683 -0.97928625 0.18896666 -0.07236075 -15.424927 -0.07746863 -0.019574657 0.9968053 -0.8651123
0.17342764 0.98431987 0.03380786 8.2039795 -0.98182225 0.17549522 -0.07301964 -16.239868 -0.0778073 -0.020522168 0.9967576 -0.9154053
0.1585989 0.98675245 0.03404714 8.328491 -0.98437375 0.16069886 -0.07197224 -17.04541 -0.07647539 -0.022078054 0.99682707 -0.97265625
0.14116383 0.98941237 0.033667684 8.4470215 -0.98705316 0.1432794 -0.07208651 -17.85913 -0.076137714 -0.023039022 0.9968313 -1.0216064
0.12110912 0.9920469 0.034743555 8.555542 -0.9899265 0.1232964 -0.0698308 -18.687378 -0.07354523 -0.02593981 0.9969538 -1.0704346
0.0962243 0.9946632 0.037534606 8.64978 -0.99269795 0.09865748 -0.0695428 -19.519897 -0.07291206 -0.030561171 0.99687225 -1.1245117
0.06583446 0.9970571 0.03961141 8.711304 -0.995265 0.06846512 -0.069156736 -20.366943 -0.07168827 -0.034902245 0.9968169 -1.1755371
0.031041147 0.99869925 0.040375143 8.750122 -0.99698603 0.03380925 -0.069777 -21.214233 -0.07105657 -0.038096145 0.99674463 -1.2268066
-0.002105832 0.9991914 0.04015525 8.750732 -0.9975655 0.000700881 -0.06975175 -22.06189 -0.06970298 -0.040201657 0.9967563 -1.2753906
-0.03552782 0.9986017 0.03913553 8.7282715 -0.99708444 -0.0327735 -0.068905555 -22.927734 -0.06752515 -0.041465886 0.9968555 -1.319458
-0.06826864 0.996867 0.039555445 8.6727295 -0.9954994 -0.06546343 -0.06829553 -23.768433 -0.06548783 -0.04407001 0.99687916 -1.3570557
-0.100513816 0.9941001 0.040678676 8.593872 -0.9931162 -0.09777583 -0.0644608 -24.631104 -0.060079634 -0.046887413 0.9970905 -1.4072266
-0.1334102 0.9903758 0.03615752 8.474976 -0.9894765 -0.13106468 -0.06090022 -25.48169 -0.055566028 -0.04392361 0.99748784 -1.4458008
-0.16473652 0.98585224 0.03148861 8.331909 -0.9850806 -0.16281727 -0.056059595 -26.340942 -0.050123297 -0.040240437 0.9979315 -1.4776611
-0.19682549 0.9801482 0.024852091 8.159058 -0.9794851 -0.19543408 -0.04963592 -27.177979 -0.043786682 -0.034097943 0.99845856 -1.5085449
-0.22287714 0.97461903 0.019569702 7.9630127 -0.97399807 -0.22182344 -0.04539675 -28.01184 -0.03991246 -0.029192295 0.9987769 -1.5340576
-0.2513181 0.9678476 0.011793352 7.737915 -0.9672873 -0.25069487 -0.039199863 -28.84729 -0.03497714 -0.021260522 0.9991618 -1.5609131
-0.27855217 0.9605474 0.0076327547 7.4906006 -0.9602061 -0.27821457 -0.030036688 -29.67566 -0.02671637 -0.015683683 0.9995198 -1.5750732
-0.30088016 0.9536423 0.0070976987 7.237915 -0.9535708 -0.30073416 -0.01657879 -30.48108 -0.013678128 -0.0117570255 0.9998373 -1.5819092
-0.32622272 0.94529396 0.012460191 6.968628 -0.94537085 -0.32623625 -0.000988625 -31.28186 0.003123667 -0.012104411 0.9999219 -1.5775146
-0.3518421 0.93591934 0.018406313 6.6795654 -0.93590164 -0.35210478 0.0136864 -32.07129 0.019294642 -0.012414208 0.99973685 -1.5777588
-0.37401515 0.9273142 0.018771576 6.3691406 -0.927067 -0.37438396 0.023143183 -32.85913 0.028483473 -0.008759823 0.999556 -1.5507812
-0.3990904 0.9165871 0.018163707 6.0458984 -0.9162025 -0.3994613 0.02716951 -33.64026 0.032158352 -0.00578133 0.9994657 -1.5151367
-0.42123842 0.9063674 0.016616346 5.6829834 -0.90597475 -0.42154932 0.026931185 -34.410522 0.03141642 -0.0036942326 0.999499 -1.4837646
-0.44279405 0.8970542 0.011179152 5.317627 -0.89676356 -0.44293532 0.02283689 -35.173462 0.02542158 6.7809364e-05 0.9996768 -1.4466553
-0.4607184 0.8875032 0.0029059015 4.9283447 -0.88729316 -0.4606763 0.02049388 -35.92859 0.019516818 0.00686004 0.9997858 -1.4127197
-0.47250023 0.881173 0.000626266 4.520996 -0.8809819 -0.47241226 0.020504924 -36.665283 0.018355351 0.009135197 0.99978954 -1.3751221
-0.48295152 0.8755422 -0.00094824843 4.11145 -0.8753177 -0.48280254 0.023193397 -37.38867 0.019847274 0.012035716 0.9997304 -1.3516846
-0.4948107 0.86941457 -0.00068010204 3.718872 -0.8691343 -0.49463117 0.025799355 -38.091675 0.022088725 0.013335086 0.99966705 -1.3165283
-0.5027519 0.8641595 0.0058839796 3.3209229 -0.8638197 -0.50272727 0.025431123 -38.802734 0.02493903 0.00770274 0.99965906 -1.2929688
-0.51597434 0.8567907 0.0070884526 2.9162598 -0.85648155 -0.51598555 0.023838697 -39.493896 0.024088083 0.0062234015 0.99969053 -1.2670898
-0.5240537 0.8517363 0.0059615765 2.4853516 -0.8513949 -0.52402234 0.025488384 -40.1969 0.024849415 0.008283244 0.99965703 -1.2404785
-0.53179765 0.846988 0.004060649 2.0321045 -0.8466179 -0.53169644 0.027414871 -40.903687 0.025362013 0.011130302 0.9996161 -1.2081299
-0.53466403 0.8452947 0.005549018 1.592041 -0.8448073 -0.53455997 0.031089604 -41.610718 0.029239532 0.011915977 0.9995014 -1.1867676
-0.5332757 0.8459482 0.0072744284 1.1184082 -0.8453896 -0.5332052 0.032766026 -42.350708 0.031588398 0.011310536 0.9994368 -1.1591797
-0.5294686 0.84798986 0.0046295617 0.6479492 -0.8474529 -0.5293138 0.033107694 -43.0968 0.030524094 0.013614988 0.999441 -1.1303711
-0.5241912 0.85173184 0.0049952054 0.20031738 -0.8512231 -0.5240658 0.031971812 -43.852173 0.029858567 0.012516914 0.99947596 -1.0927734
-0.51609 0.85647386 0.0063724886 -0.2750244 -0.8560065 -0.51603156 0.030018602 -44.633423 0.029001467 0.01005153 0.99952877 -1.069458
-0.50941867 0.8605016 0.007739335 -0.7454834 -0.86005545 -0.5094143 0.028850157 -45.42981 0.028779415 0.00803123 0.9995537 -1.0380859
-0.502755 0.8639688 0.00999395 -1.1925049 -0.8635331 -0.5028246 0.02797109 -46.226807 0.029192252 0.0054488988 0.9995587 -1.0063477
-0.49886665 0.8664815 0.01325599 -1.6628418 -0.86611 -0.4990413 0.025395343 -47.069702 0.028624514 0.0011957982 0.9995896 -0.9737549
-0.4960067 0.86806166 0.017277826 -2.1212158 -0.86779106 -0.49629086 0.022052914 -47.90564 0.02771996 -0.004052204 0.9996075 -0.9481201
-0.49597684 0.86775774 0.018874187 -2.6051025 -0.8675777 -0.49628687 0.018998098 -48.775757 0.025849026 -0.006941923 0.9996415 -0.9078369
-0.4973656 0.8675664 0.019932091 -3.0881348 -0.8674231 -0.49769405 0.017871685 -49.64087 0.025421074 -0.008403614 0.9996416 -0.8795166
-0.4987601 0.8665795 0.019984774 -3.5714111 -0.86645645 -0.49908277 0.017062033 -50.520386 0.024764247 -0.00881347 0.9996547 -0.8465576
-0.49735925 0.8668769 0.01965768 -4.087036 -0.8667722 -0.49766657 0.016195059 -51.41736 0.023841433 -0.008976395 0.99967545 -0.81677246
-0.49596024 0.8680365 0.018930899 -4.5959473 -0.867942 -0.49624455 0.015510241 -52.332275 0.022866845 -0.008740084 0.9997004 -0.77770996
-0.49735448 0.86727524 0.019639548 -5.105713 -0.86720794 -0.49764597 0.014570163 -53.239258 0.022420513 -0.009782888 0.9997008 -0.74658203
-0.4973509 0.86754805 0.020628862 -5.6152344 -0.8675276 -0.4976466 0.0129196495 -54.17212 0.021469004 -0.011473568 0.99970376 -0.7137451
-0.49735093 0.8667385 0.021209462 -6.1086426 -0.86675674 -0.4976404 0.011397072 -55.08008 0.020446526 -0.01271095 0.99971 -0.6768799
-0.49735308 0.86748385 0.0221354 -6.6192627 -0.8675381 -0.49764588 0.010248276 -56.010254 0.01991374 -0.014115619 0.9997023 -0.63879395
-0.49455893 0.86944586 0.02141935 -7.1378174 -0.86951494 -0.49481973 0.008999505 -56.92749 0.018404137 -0.014180027 0.99973017 -0.60546875
-0.49214774 0.8703822 0.019462649 -7.6343994 -0.87047106 -0.4923365 0.006189474 -57.8407 0.0149698835 -0.013902495 0.9997914 -0.57214355
-0.48795938 0.8726228 0.018424891 -8.161743 -0.8727164 -0.48811516 0.0048964694 -58.7865 0.013261833 -0.013681747 0.9998183 -0.5428467
-0.48555243 0.87417954 0.01916445 -8.653564 -0.8742915 -0.4857099 0.004346046 -59.686523 0.0131081855 -0.014650005 0.9998069 -0.51379395
-0.48414686 0.8747716 0.016879153 -9.159058 -0.8748419 -0.48428607 0.0051976414 -60.616333 0.012724945 -0.012247925 0.999844 -0.48815918
-0.48275518 0.8758642 0.017877035 -9.651367 -0.8759544 -0.48289987 0.004660975 -61.50647 0.012702471 -0.0134105645 0.9998294 -0.45483398
-0.48414657 0.875216 0.0193349 -10.139893 -0.87529683 -0.48433998 0.006732082 -62.40515 0.015250936 -0.013669662 0.9997904 -0.42749023
-0.4855483 0.8741824 0.022652611 -10.640503 -0.87430346 -0.48580408 0.0072786845 -63.319214 0.01736082 -0.016274175 0.99971694 -0.39208984
-0.49075317 0.8712744 0.024770198 -11.133667 -0.8714027 -0.49107304 0.008713388 -64.22449 0.019745044 -0.017314764 0.9996552 -0.35681152
-0.49597394 0.86825174 0.024050102 -11.626709 -0.86840886 -0.49624088 0.0063997647 -65.112915 0.017489014 -0.017717853 0.99969023 -0.3343506
-0.5011918 0.8656219 0.019320548 -12.139526 -0.86574376 -0.5013412 0.003527975 -66.00415 0.0127317505 -0.0149604175 0.99980724 -0.29248047
-0.5078428 0.86156183 0.022006413 -12.627686 -0.8617573 -0.5079866 0.0011298999 -66.881714 0.012142606 -0.018393671 0.99975735 -0.2593994
-0.5106244 0.85954547 0.022290656 -13.134399 -0.8597121 -0.5108174 0.003631448 -67.756226 0.014515852 -0.017318185 0.9997449 -0.23254395
-0.51584244 0.8566239 0.022974312 -13.645996 -0.85675937 -0.5160915 0.0062461933 -68.6145 0.017215036 -0.016472505 0.99971646 -0.2064209
-0.5196897 0.85381293 0.02566643 -14.150757 -0.8540041 -0.5199778 0.0057116197 -69.47998 0.01823382 -0.018946916 0.99965423 -0.17272949
-0.5225043 0.8515105 0.027454313 -14.6640625 -0.85174614 -0.52281547 0.005150706 -70.323 0.01876399 -0.020689083 0.99960965 -0.1381836
-0.52774507 0.84909904 0.026888095 -15.168579 -0.84932053 -0.52804774 0.005212825 -71.164795 0.018615223 -0.020089302 0.999625 -0.099487305
-0.5316211 0.8472893 0.019906498 -15.691772 -0.8474775 -0.5316894 -0.0021114955 -72.00098 0.0087856185 -0.017986922 0.9997998 -0.07421875
-0.53310907 0.8464935 0.015124872 -16.225708 -0.846627 -0.53298867 -0.011441219 -72.84143 -0.0016311718 -0.018900197 0.9998202 -0.047851562
-0.5345522 0.84517366 0.013505215 -16.736084 -0.845265 -0.5343738 -0.014789793 -73.68225 -0.0052848128 -0.019316744 0.99979943 -0.02758789
-0.5344922 0.84450096 0.016812002 -17.261108 -0.8446673 -0.5344162 -0.009107489 -74.49939 0.0013025041 -0.019073661 0.99981713 -0.014892578
-0.53583896 0.84345806 0.019223992 -17.781494 -0.84364235 -0.5358841 -0.0031693252 -75.30408 0.007643635 -0.017914848 0.9998101 -0.0012207031
-0.5371988 0.8433854 0.01507978 -18.305908 -0.84348387 -0.53725576 -0.0003271671 -76.124756 0.007832563 -0.012902536 0.9998861 0.016601562
-0.5371871 0.8434913 0.011988051 -18.84021 -0.8435521 -0.5372255 -2.4875626e-05 -76.94495 0.0064161327 -0.010128815 0.99992806 0.04321289
-0.53578544 0.84399074 0.010806579 -19.359375 -0.8440459 -0.53580666 -0.0010710647 -77.75574 0.004893917 -0.009701623 0.99994093 0.06628418
-0.5358323 0.84418327 0.009879028 -19.87207 -0.84424025 -0.53577894 -0.0076584937 -78.57886 -0.0011724312 -0.012443096 0.9999218 0.07788086
-0.53447545 0.8455694 0.0076739728 -20.380005 -0.84557664 -0.53436273 -0.012915074 -79.40051 -0.006822554 -0.01338639 0.99988717 0.08654785
-0.53325665 0.8455438 0.0150338 -20.868164 -0.8456344 -0.5329657 -0.019570779 -80.203 -0.008531663 -0.023158656 0.9996954 0.096191406
-0.5320864 0.84627324 0.021636307 -21.367188 -0.8464919 -0.53157765 -0.025291603 -81.02515 -0.009894504 -0.031760264 0.9994462 0.10253906
-0.5296035 0.84744936 0.018226307 -21.877075 -0.8475581 -0.5291178 -0.025742274 -81.840454 -0.012164708 -0.0290961 0.9995023 0.10534668
-0.52662516 0.8496015 0.014089322 -22.380615 -0.8496536 -0.5263081 -0.021067467 -82.64307 -0.010475648 -0.023070741 0.9996788 0.11437988
-0.5213202 0.8529033 0.014232902 -22.887451 -0.85298514 -0.52106917 -0.018030198 -83.45862 -0.007951725 -0.02155004 0.9997361 0.10913086
-0.5131976 0.85808176 0.009570127 -23.372314 -0.85808957 -0.5130233 -0.016038382 -84.26697 -0.008851324 -0.016441945 0.9998256 0.12011719
-0.5078875 0.861821 0.0033211564 -23.84436 -0.8617658 -0.5078014 -0.013907285 -85.07385 -0.010305502 -0.009919647 0.99989784 0.1295166
-0.4960425 0.8679948 0.0033824516 -24.32434 -0.86794287 -0.49596003 -0.013542161 -85.894165 -0.010078506 -0.009657024 0.9999025 0.13598633
-0.48570052 0.873956 0.006426477 -24.767212 -0.8738966 -0.48553988 -0.01736051 -86.72522 -0.012048196 -0.01405072 0.9998285 0.13439941
-0.4739319 0.8808759 0.0036856441 -25.219604 -0.88073593 -0.47377157 -0.020300861 -87.55493 -0.016136248 -0.012863207 0.9997871 0.13452148
-0.46217406 0.88670975 0.0037891238 -25.655396 -0.8865645 -0.4620103 -0.020580929 -88.39673 -0.016490245 -0.01287501 0.9997809 0.1361084
-0.4494487 0.8927366 0.0027658057 -26.070557 -0.89255905 -0.44929218 -0.021573734 -89.232666 -0.0180151 -0.012185078 0.99976325 0.122802734
-0.4391017 0.8988209 0.00044385996 -26.498535 -0.8986247 -0.43899563 -0.021112015 -90.0874 -0.018786067 -0.009661483 0.9997769 0.12597656
-0.4264003 0.9047289 0.0029173954 -26.886963 -0.90462685 -0.42629826 -0.016738502 -90.92798 -0.013908852 -0.009774688 0.9998556 0.11791992
-0.4146653 0.90997255 0.002897289 -27.263428 -0.9099584 -0.41463426 -0.0077358335 -91.7655 -0.005837977 -0.0058452194 0.9999658 0.1237793
-0.4013854 0.91588855 0.007927842 -27.6427 -0.9159226 -0.40136617 -0.003963931 -92.607544 -0.0004454209 -0.008850042 0.9999607 0.12646484
-0.39090696 0.92036253 0.0055081453 -27.992188 -0.9203738 -0.39087775 -0.0056761266 -93.46521 -0.0030722786 -0.007288814 0.99996877 0.13183594
-0.37911022 0.92511535 0.003924124 -28.338379 -0.9250904 -0.37905735 -0.010078409 -94.329834 -0.007837828 -0.007457888 0.99994147 0.14379883
-0.36966035 0.92931867 0.007701873 -28.673706 -0.9293349 -0.36959368 -0.008850435 -95.188965 -0.005379717 -0.010424731 0.9999312 0.14892578
-0.3622943 0.9317929 0.015959853 -28.986572 -0.9319289 -0.36226064 -0.0050592953 -96.05078 0.0010739138 -0.01670308 0.99985987 0.15625
-0.3549228 0.9344749 0.02359476 -29.30957 -0.93473154 -0.35503045 0.00040208222 -96.914185 0.008749965 -0.021912135 0.9997216 0.15991211
-0.35125595 0.9357914 0.027480502 -29.629272 -0.9361235 -0.35143977 0.0020059962 -97.789185 0.0115358345 -0.025018323 0.9996204 0.18151855
-0.3499283 0.9363454 0.029279165 -29.938843 -0.9367455 -0.35008153 0.00011473475 -98.66467 0.010350832 -0.027381493 0.9995714 0.20300293
-0.34327507 0.93899834 0.03056764 -30.248291 -0.93943226 -0.3434484 0.00045820966 -99.54993 0.010910587 -0.028556686 0.99953294 0.2310791
-0.33966973 0.9401842 0.031554844 -30.560669 -0.940679 -0.3397536 -0.0028203507 -100.4292 0.008057652 -0.03063954 0.99949825 0.2409668
-0.33302918 0.9425893 0.027918775 -30.867798 -0.94299316 -0.33301282 -0.0053660334 -101.285645 0.0042324034 -0.028115623 0.9995959 0.24951172
-0.3264743 0.9445684 0.029096445 -31.168213 -0.94501543 -0.32636642 -0.008519096 -102.16699 0.0014579901 -0.030284563 0.99954027 0.27355957
-0.32231322 0.9460734 0.036788426 -31.449219 -0.9467865 -0.32214254 -0.010629922 -103.05005 0.0017732028 -0.038255364 0.9992669 0.29309082
-0.31427518 0.948174 0.045276187 -31.714844 -0.9492466 -0.31411338 -0.010830349 -103.89966 0.0039643873 -0.04639218 0.9989155 0.30273438
-0.30759037 0.95035183 0.04534211 -31.987183 -0.9514064 -0.3075893 -0.0071694828 -104.76196 0.0071367426 -0.045359287 0.99894553 0.3182373
-0.30020165 0.95295334 0.04222054 -32.263916 -0.95384467 -0.30031696 -0.0037279832 -105.62988 0.009125922 -0.041404385 0.9991013 0.34155273
-0.2937047 0.9548069 0.042546563 -32.53003 -0.95573163 -0.29371628 -0.006130185 -106.509155 0.0066658193 -0.042472858 0.9990752 0.3597412
-0.2852893 0.95761824 0.042726588 -32.78723 -0.9585702 -0.28504467 -0.011835849 -107.374146 0.00082972925 -0.044323474 0.999017 0.38134766
-0.27951884 0.9591651 0.043295424 -33.036865 -0.9601402 -0.27915582 -0.014343247 -108.262085 -0.0016663708 -0.04556957 0.99895954 0.39233398
-0.27369428 0.96075696 0.04652612 -33.266846 -0.9618825 -0.27340743 -0.012538552 -109.13367 0.00066207163 -0.048186187 0.9988385 0.4046631
-0.26484737 0.9629729 0.04644939 -33.50525 -0.9640862 -0.26471603 -0.009078676 -109.99585 0.0035742612 -0.04719969 0.99887884 0.41784668
-0.25835988 0.9648651 0.04689391 -33.729004 -0.9659967 -0.25824234 -0.008652896 -110.87012 0.0037627406 -0.04753679 0.99886245 0.42297363
-0.25192377 0.9666181 0.04769122 -33.95117 -0.9677891 -0.2517711 -0.00928519 -111.757935 0.0030369093 -0.048487764 0.998819 0.43774414
-0.24381444 0.96880734 0.04358593 -34.1687 -0.9697857 -0.2436547 -0.009015804 -112.611084 0.0018880758 -0.044487502 0.99900854 0.4465332
-0.2359505 0.9708697 0.040047668 -34.389038 -0.9716946 -0.23580705 -0.008351861 -113.50281 0.0013508457 -0.040870797 0.9991629 0.46264648
-0.22948505 0.97261536 0.038448926 -34.60254 -0.97337437 -0.22934818 -0.007992283 -114.39282 0.0010356384 -0.0392511 0.9992289 0.48620605
-0.22166789 0.97427964 0.04316763 -34.79431 -0.97523564 -0.22145867 -0.009613193 -115.287964 0.00017755461 -0.04424306 0.99902153 0.48962402
-0.21542227 0.9753783 0.04767619 -34.978394 -0.9765421 -0.2151295 -0.011255233 -116.18591 -0.0007306908 -0.04896787 0.9987999 0.5004883
-0.21092522 0.97649777 0.044439547 -35.183228 -0.9775083 -0.21067475 -0.01027853 -117.08069 -0.0006905707 -0.04563417 0.9989589 0.5106201
-0.20521547 0.97770005 0.043347094 -35.375 -0.97865856 -0.204921 -0.011170842 -117.96362 -0.0020433394 -0.044732478 0.99899733 0.52819824
-0.20098855 0.9787333 0.043072652 -35.547607 -0.9796806 -0.20076823 -0.009426112 -118.85925 -0.0005817084 -0.044086937 0.99902767 0.5389404
-0.19519186 0.98014486 0.036343258 -35.738037 -0.98081195 -0.19492435 -0.010797346 -119.72742 -0.0035093157 -0.03774713 0.9992813 0.545166
-0.19002831 0.9813625 0.02764172 -35.926025 -0.98173255 -0.18977344 -0.011590465 -120.60486 -0.0061315075 -0.029343992 0.99955064 0.5510254
-0.18499756 0.9823316 0.024271755 -36.088257 -0.98259264 -0.18471418 -0.013458988 -121.493286 -0.008735985 -0.026344761 0.9996148 0.55810547
-0.18154046 0.98307496 0.027633047 -36.243774 -0.9834378 -0.18126298 -0.012262699 -122.37012 -0.0070498306 -0.029391225 0.9995431 0.55859375
-0.17716074 0.9837422 0.028253645 -36.403687 -0.9841373 -0.17695221 -0.009732999 -123.25903 -0.0045731165 -0.029539667 0.9995532 0.5574951
-0.1750375 0.9840596 0.030632246 -36.556152 -0.9845266 -0.17481254 -0.009886424 -124.14612 -0.004374592 -0.03190183 0.9994817 0.55822754
-0.1751107 0.9840259 0.03172941 -36.701416 -0.9845157 -0.17480065 -0.012312258 -125.02344 -0.006562002 -0.03340519 0.9994204 0.5678711
-0.17384872 0.98439646 0.028849533 -36.85913 -0.98475033 -0.17341577 -0.01690898 -125.913574 -0.01163936 -0.031346552 0.9994407 0.5716553
-0.17331481 0.9845344 0.028212195 -37.011597 -0.9847912 -0.1727227 -0.022245226 -126.795166 -0.01702864 -0.03162892 0.9993546 0.57458496
-0.17181182 0.98466474 0.02649702 -37.15796 -0.98483956 -0.17120051 -0.023843301 -127.66272 -0.018930385 -0.030205118 0.9993643 0.5671387
-0.17043458 0.98495054 0.028893847 -37.301514 -0.9852727 -0.16992249 -0.019364908 -128.53052 -0.014156468 -0.03176273 0.999395 0.5649414
-0.16949952 0.9850597 0.029030116 -37.45117 -0.9854303 -0.16909826 -0.015767625 -129.38928 -0.010624427 -0.031293787 0.99945396 0.5678711
-0.17104863 0.9848895 0.030473394 -37.59619 -0.9853002 -0.17061377 -0.01635573 -130.25 -0.010921966 -0.032818455 0.9994019 0.56396484
-0.1704887 0.9848282 0.032490574 -37.729736 -0.98528355 -0.16996063 -0.018403498 -131.11523 -0.012597645 -0.035142757 0.99930274 0.56469727
-0.16887487 0.9852143 0.029273618 -37.882202 -0.9855797 -0.16843629 -0.016864775 -131.96265 -0.011694459 -0.03169832 0.9994293 0.5690918
-0.16815005 0.98531276 0.028757924 -38.02661 -0.98568857 -0.16779555 -0.01435185 -132.82202 -0.009304195 -0.030751498 0.9994836 0.5722656
-0.16836618 0.9849468 0.038744863 -38.159058 -0.98567766 -0.16791952 -0.014546482 -133.68115 -0.0078033777 -0.040626317 0.9991433 0.56481934
-0.16695103 0.98487675 0.045102134 -38.284424 -0.9858988 -0.16656256 -0.012273241 -134.5321 -0.0045550307 -0.046516366 0.9989068 0.5718994
-0.16678917 0.984964 0.04281845 -38.420166 -0.98589367 -0.16658328 -0.008360315 -135.39172 -0.0010940648 -0.04361503 0.9990477 0.5720215
-0.16681097 0.9850124 0.04176588 -38.56299 -0.98589313 -0.16653286 -0.010082616 -136.26257 -0.0029642247 -0.042861544 0.99907637 0.5924072
-0.16546309 0.98534 0.04307965 -38.69153 -0.9862806 -0.1652925 -0.0075080274 -137.04431 -0.00030324864 -0.043725144 0.999044 0.592041
-0.16314687 0.9859614 0.034324046 -38.84265 -0.98655564 -0.16296089 -0.008173643 -137.8982 -0.0024546525 -0.035187602 0.99937737 0.60266113
-0.16097164 0.9865412 0.02799965 -38.984375 -0.98690695 -0.16067433 -0.01257617 -138.74744 -0.007899455 -0.029664183 0.99952865 0.6068115
-0.15882574 0.9869762 0.023218997 -39.12378 -0.9871627 -0.15845609 -0.016987797 -139.58301 -0.013076897 -0.025628887 0.9995859 0.61206055
-0.15527163 0.987752 0.018018091 -39.250732 -0.9878226 -0.15498006 -0.016596284 -140.4115 -0.013601432 -0.020370325 0.9997 0.61279297
-0.1502645 0.9884242 0.018140808 -39.37024 -0.988538 -0.1500418 -0.013079968 -141.21765 -0.010200709 -0.019896219 0.9997499 0.6224365
-0.14313911 0.9895422 0.017196821 -39.491943 -0.9896573 -0.14296745 -0.010825489 -142.04529 -0.008255904 -0.01857576 0.99979335 0.62268066
-0.13476813 0.9906434 0.01693359 -39.60388 -0.99075854 -0.13461185 -0.010051422 -142.87244 -0.0076674162 -0.018140227 0.999806 0.6126709
-0.12581085 0.99197704 0.014197958 -39.70569 -0.9920052 -0.12561464 -0.013962969 -143.6853 -0.012061416 -0.015837379 0.99980175 0.6229248
-0.114540204 0.9933864 0.010186475 -39.79431 -0.99333495 -0.11437416 -0.015616238 -144.49219 -0.014350068 -0.011903793 0.9998262 0.6286621
-0.09922468 0.99504256 0.0027935887 -39.89038 -0.99494994 -0.09917558 -0.014196581 -145.33081 -0.013848662 -0.0041903993 0.9998953 0.6287842
-0.086004466 0.9962734 0.0016964059 -39.957886 -0.99617547 -0.085971706 -0.014260424 -146.0896 -0.014063325 -0.0029197894 0.99989676 0.623291
-0.0709419 0.9974581 0.00041151978 -40.017456 -0.9973643 -0.07092953 -0.013741193 -146.97046 -0.013677532 -0.0013885796 0.9999054 0.62438965
-0.057213634 0.99833244 -0.0042534824 -40.065674 -0.998277 -0.057257775 -0.011105963 -147.76257 -0.011327577 0.0036075357 0.9999293 0.6258545
-0.045646418 0.9989804 -0.002471868 -40.09546 -0.99896884 -0.04565907 -0.005299928 -148.53687 -0.0054067303 0.0022296552 0.9999829 0.633667
-0.03211173 0.99946046 0.006536402 -40.105835 -0.9994812 -0.03211798 0.0008437913 -149.33606 0.0010526385 -0.006502943 0.99997824 0.642334
-0.017242787 0.9998004 0.01006573 -40.10681 -0.9997863 -0.017355323 0.011203156 -150.10046 0.011373027 -0.009865213 0.99988663 0.6451416
