1.0 0.0 0.0 0.0 0.0 1.0 0.0 0.0 0.0 0.0 1.0 0.0
0.9999983 0.0014028507 0.001227726 0.083496094 -0.0014034612 0.99999887 0.00049641874 -0.017089844 -0.0012270282 -0.0004981405 0.9999991 -0.017944336
0.9993505 0.036042213 0.00016432631 0.26281738 -0.036042586 0.9993422 0.0040674726 -0.0234375 -1.7628212e-05 -0.0040707528 0.9999917 0.0031738281
0.99798065 0.063503616 0.00152007 0.4173584 -0.06351248 0.9979584 0.0067511685 -0.041381836 -0.0010882759 -0.006834062 0.99997604 -0.00793457
0.9952711 0.09704719 0.004307389 0.59228516 -0.09707129 0.99526125 0.005792952 -0.08105469 -0.0037248866 -0.0061836345 0.99997395 0.0031738281
0.9910118 0.13362125 0.006804674 0.8006592 -0.1336376 0.9910309 0.002005177 -0.14758301 -0.006475699 -0.00289632 0.99997485 -0.0048828125
0.98484725 0.17321245 0.008248105 0.9953613 -0.17321475 0.9848813 -0.00044073703 -0.19482422 -0.008199785 -0.0009947175 0.9999659 -0.0015869141
0.9759625 0.2177779 0.009450289 1.2008057 -0.21777998 0.97600746 -0.0008214698 -0.27978516 -0.009402306 -0.0012567318 0.999955 -0.0063476562
0.96434414 0.26426664 0.013096079 1.4261475 -0.26428026 0.9644291 -0.00071148505 -0.35473633 -0.012818312 -0.0027763692 0.99991393 -0.008178711
0.949634 0.3126847 0.019287376 1.6600342 -0.31266254 0.94982785 -0.0042349966 -0.47973633 -0.019643845 -0.0020122726 0.9998049 -0.018554688
0.93261087 0.36006683 0.025497515 1.871582 -0.35982126 0.93295205 -0.01379724 -0.6062012 -0.02875549 0.0036951602 0.99957967 -0.008178711
0.911284 0.4108103 0.028221453 2.1221924 -0.41039443 0.9117001 -0.019483438 -0.74157715 -0.0337332 0.0061718915 0.9994117 -0.009155273
0.88629216 0.4619803 0.032771647 2.3723145 -0.46148527 0.88688785 -0.021790229 -0.90966797 -0.039130073 0.004191246 0.9992255 -0.016601562
0.8579245 0.51239896 0.036396235 2.5930176 -0.5118616 0.8586942 -0.02351112 -1.079956 -0.043304864 0.001544564 0.9990613 -0.03515625
0.8256531 0.5627679 0.038262855 2.8465576 -0.5620763 0.82653713 -0.02794094 -1.2856445 -0.04735407 0.0015657069 0.9988775 -0.04333496
0.7898149 0.6121745 0.03849946 3.0633545 -0.61123 0.7907449 -0.034165375 -1.5031738 -0.05135849 0.0034557804 0.9986745 -0.049560547
0.7522327 0.65787166 0.038083505 3.2886963 -0.6567623 0.7531859 -0.038379535 -1.7575684 -0.053932656 0.0038636625 0.9985373 -0.06604004
0.7127135 0.70046556 0.037258327 3.5251465 -0.6992533 0.7136781 -0.04132442 -2.0356445 -0.055544864 0.003401501 0.99845076 -0.08068848
0.67068917 0.74088264 0.03650909 3.7443848 -0.7396243 0.67167974 -0.04320671 -2.3232422 -0.056528173 0.0019702949 0.99839854 -0.0970459
0.6277609 0.7773908 0.039443895 3.986206 -0.77613884 0.62899226 -0.044203985 -2.647461 -0.05916822 -0.0028609447 0.998244 -0.12805176
0.5858964 0.8093607 0.04032207 4.201416 -0.80811614 0.58725154 -0.045279805 -2.981079 -0.060321312 -0.00606155 0.99816006 -0.14709473
0.5458001 0.83688366 0.040816475 4.42749 -0.83562946 0.547256 -0.046614207 -3.3565674 -0.06134645 -0.008673584 0.9980784 -0.17211914
0.5065424 0.8611778 0.04079839 4.6348877 -0.85984266 0.50807893 -0.049017668 -3.7723389 -0.06295028 -0.010249808 0.99796444 -0.19152832
0.46972376 0.88184124 0.04127339 4.852539 -0.8805753 0.47134554 -0.049071938 -4.1922607 -0.06273021 -0.013285369 0.9979426 -0.21374512
0.4337675 0.90021276 0.040376797 5.055176 -0.8990394 0.43537456 -0.04842449 -4.6502686 -0.061164036 -0.015297523 0.99801016 -0.2487793
0.39950174 0.9159842 0.036333516 5.260376 -0.91484296 0.40090182 -0.047850948 -5.1539307 -0.05839178 -0.014122 0.9981937 -0.27478027
0.37027487 0.9284536 0.032060586 5.4470215 -0.92738676 0.37144664 -0.04624218 -5.657593 -0.05483819 -0.012613942 0.99841535 -0.30737305
0.34519795 0.938081 0.02903583 5.647217 -0.9370362 0.34622857 -0.04572664 -6.2004395 -0.05293283 -0.011415562 0.99853253 -0.34301758
0.32419452 0.94563645 0.0267798 5.835083 -0.944695 0.3251072 -0.043637976 -6.779297 -0.049968485 -0.01114089 0.998689 -0.37268066
0.30955637 0.9505555 0.026055098 6.0218506 -0.94957614 0.3104575 -0.044519503 -7.3721924 -0.050394166 -0.010950899 0.99866927 -0.40356445
0.29878858 0.9541163 0.024634454 6.208618 -0.95304114 0.29964712 -0.046290345 -7.991577 -0.051547885 -0.009642887 0.9986242 -0.4317627
0.2866608 0.9577101 0.025678854 6.4102783 -0.9565376 0.28761217 -0.04854803 -8.641602 -0.05388191 -0.010656518 0.9984903 -0.46679688
0.2766961 0.9605145 0.02730197 6.60791 -0.9592794 0.27776775 -0.050226286 -9.311401 -0.055825345 -0.012289202 0.998365 -0.5048828
0.26556247 0.96381027 0.02836549 6.8085938 -0.96247596 0.2667391 -0.052429195 -10.013672 -0.05807927 -0.013392394 0.9982211 -0.54345703
0.25488475 0.9664609 0.029547416 6.996216 -0.96501076 0.25618008 -0.05488227 -10.734009 -0.060612544 -0.014523288 0.99805576 -0.578125
0.24542476 0.96889997 0.02977888 7.1938477 -0.9674048 0.24676356 -0.055886716 -11.485596 -0.061495077 -0.015089411 0.9979933 -0.62060547
0.23409861 0.9717895 0.030083397 7.3825684 -0.97019607 0.23550414 -0.05779691 -12.233276 -0.06323609 -0.01565427 0.99787533 -0.66186523
0.2244389 0.97402924 0.030612083 7.5665283 -0.97229606 0.22593495 -0.06029347 -13.025024 -0.06565208 -0.01624158 0.9977105 -0.70581055
0.21276861 0.9764748 0.033356387 7.734253 -0.9745691 0.21453393 -0.06385147 -13.807861 -0.06950728 -0.018914867 0.9974024 -0.75842285
0.19983111 0.97920555 0.03418785 7.904785 -0.97703797 0.20176624 -0.06807718 -14.612793 -0.07353697 -0.01980481 0.9970945 -0.80126953
0.18883419 0.9814627 0.034631584 8.063965 -0.9791864 0.19086383 -0.0699268 -15.416138 -0.07524789 -0.020707726 0.9969503 -0.84887695
0.1721737 0.98442334 0.034611978 8.213501 -0.98202795 0.17428307 -0.0719624 -16.230103 -0.076877095 -0.021572135 0.9968083 -0.8983154
0.15868838 0.9867846 0.033601325 8.348022 -0.9845024 0.16072413 -0.07054793 -17.04248 -0.07501567 -0.021892697 0.9969418 -0.9499512
0.140637 0.98939914 0.034983672 8.471802 -0.98727894 0.14278488 -0.06930482 -17.863525 -0.073598966 -0.024781005 0.996982 -0.99853516
0.12110031 0.9919829 0.036297955 8.584351 -0.9900174 0.12335813 -0.06827121 -18.698364 -0.07220269 -0.027661629 0.99700665 -1.0484619
0.09497254 0.99471796 0.038328625 8.670166 -0.99294055 0.09739686 -0.06732819 -19.526367 -0.0707305 -0.03166633 0.9969939 -1.0957031
0.065892406 0.9970234 0.04023859 8.730591 -0.995379 0.06850397 -0.06741093 -20.37378 -0.0699735 -0.03560601 0.9969137 -1.1474609
0.031121083 0.9986473 0.04142294 8.765381 -0.99715227 0.033862304 -0.06725326 -21.225952 -0.068559624 -0.03917894 0.9968777 -1.1949463
-0.0019844708 0.9991821 0.04038789 8.76709 -0.99773383 0.0007387482 -0.06728921 -22.076538 -0.06725409 -0.040435847 0.9969156 -1.2387695
-0.037522677 0.998489 0.040096216 8.740723 -0.9971364 -0.034777276 -0.06711248 -22.950806 -0.06563287 -0.042494375 0.9969394 -1.2839355
-0.06878159 0.9967815 0.040849756 8.698242 -0.9956882 -0.06604648 -0.06491999 -23.794678 -0.062032312 -0.04512753 0.9970545 -1.3231201
-0.10170984 0.9939193 0.04117176 8.612671 -0.9930826 -0.099038586 -0.06241733 -24.657715 -0.05794493 -0.047235165 0.9972008 -1.3687744
-0.13276601 0.99031824 0.039019533 8.495483 -0.98967856 -0.13037491 -0.05848608 -25.501099 -0.052810665 -0.046400167 0.9975248 -1.408081
-0.16461322 0.9858255 0.0323674 8.346558 -0.98525167 -0.16278662 -0.05271047 -26.35791 -0.046675056 -0.040567107 0.99808526 -1.435669
-0.19524741 0.98033476 0.025520828 8.175781 -0.9797726 -0.19389212 -0.04774898 -27.206665 -0.04186724 -0.03434549 0.9985326 -1.4637451
-0.22430074 0.9743751 0.01989443 7.965576 -0.9738986 -0.22333598 -0.041910604 -28.03894 -0.036395293 -0.028750267 0.9989238 -1.4871826
-0.25126496 0.96789414 0.013403558 7.750122 -0.96746945 -0.25065398 -0.036161173 -28.874268 -0.031648252 -0.022056052 0.99925584 -1.503418
-0.27847612 0.9603476 0.008296957 7.5125732 -0.96011543 -0.27818382 -0.026029583 -29.700073 -0.022686698 -0.015215268 0.99962664 -1.5119629
-0.30217233 0.9532916 0.007763928 7.249878 -0.95328724 -0.30208012 -0.011151064 -30.504395 -0.00828409 -0.010770142 0.9999075 -1.513794
-0.3268745 0.9449246 0.012115835 6.977783 -0.9449596 -0.32695484 0.005321063 -31.295898 0.008991454 -0.00971221 0.9999124 -1.510498
-0.35254395 0.9356013 0.018994663 6.690796 -0.9354363 -0.352898 0.020499308 -32.0885 0.025886837 -0.010545675 0.99960923 -1.4998779
-0.37546086 0.9263733 0.020279583 6.3812256 -0.9258626 -0.37594402 0.031523827 -32.870117 0.036844186 -0.006931603 0.9992968 -1.4718018
-0.3998767 0.91613925 0.019527413 6.0526123 -0.9154647 -0.40033552 0.035342734 -33.652588 0.04020808 -0.0037326664 0.999184 -1.4276123
-0.4227185 0.9058349 0.01739028 5.6992188 -0.90518785 -0.42307445 0.034255438 -34.43164 0.038411677 -0.0012602633 0.99926156 -1.3857422
-0.44428924 0.896187 0.011576622 5.3254395 -0.89567107 -0.44442877 0.03056899 -35.195435 0.032545485 0.0032025215 0.9994656 -1.3469238
-0.46362543 0.8861405 0.0032813298 4.927368 -0.8857515 -0.46352616 0.02814757 -35.949707 0.026458925 0.0101353275 0.99959856 -1.305542
-0.47544172 0.87975615 0.00060208887 4.524414 -0.87937856 -0.4752575 0.028978324 -36.68579 0.025784696 0.013241734 0.99958 -1.2642822
-0.48593792 0.8739676 -0.0005959701 4.114868 -0.8735128 -0.48566282 0.03259468 -37.408813 0.02819578 0.01636195 0.99946856 -1.2281494
-0.49640572 0.8680721 -0.00035187416 3.7174072 -0.8675585 -0.49609813 0.034601815 -38.10315 0.029864635 0.017474493 0.9994013 -1.1890869
-0.5057235 0.8627308 0.0072554294 3.3120117 -0.86209905 -0.5056473 0.034916397 -38.817383 0.033810217 0.011401965 0.9993638 -1.1505127
-0.51610273 0.85589355 0.008872905 2.911499 -0.85534066 -0.5161007 0.03204326 -39.506714 0.032000095 0.008976017 0.99944705 -1.1223145
-0.5266446 0.85066473 0.0069619883 2.4730225 -0.8500801 -0.5265586 0.033668034 -40.214233 0.03230032 0.011792476 0.9994091 -1.0855713
-0.5309365 0.8468872 0.005136519 2.029419 -0.84624994 -0.53075534 0.03602031 -40.916016 0.03325381 0.014794469 0.9993375 -1.0419922
-0.5362743 0.8436461 0.005609405 1.5842285 -0.8428849 -0.53605187 0.039413236 -41.62036 0.03625868 0.016434494 0.99920696 -1.0167236
-0.5362822 0.84431106 0.0073691946 1.1217041 -0.84347427 -0.5361061 0.040694438 -42.355835 0.038303554 0.01558457 0.9991449 -0.98217773
-0.5311264 0.8465782 0.004372542 0.6549072 -0.84572744 -0.5308106 0.042363256 -43.09021 0.038192026 0.018832505 0.99909234 -0.94189453
-0.52441514 0.8507307 0.00568016 0.19592285 -0.8499034 -0.5241786 0.041079663 -43.84973 0.03792789 0.0167472 0.9991395 -0.9001465
-0.5177021 0.8557457 0.00664898 -0.27868652 -0.8549732 -0.5175397 0.039155245 -44.628174 0.036971785 0.014589377 0.99921054 -0.8671875
-0.509622 0.8601427 0.008766379 -0.7390137 -0.8593592 -0.5095515 0.038679752 -45.422485 0.03773046 0.012189213 0.9992132 -0.8273926
-0.50293636 0.8638507 0.010945782 -1.1962891 -0.8630867 -0.50296664 0.037538655 -46.23181 0.037931576 0.009438489 0.9992354 -0.7833252
-0.4990164 0.865979 0.014013602 -1.668457 -0.8652952 -0.49918538 0.03480559 -47.065308 0.03715743 0.0052578147 0.9992955 -0.7449951
-0.4989393 0.8665807 0.017885849 -2.1287842 -0.86595696 -0.4992592 0.032887828 -47.89795 0.037437096 0.0009098919 0.9992989 -0.7062988
-0.49747458 0.86719066 0.019769944 -2.610962 -0.86668754 -0.49786144 0.029632377 -48.77002 0.03554315 -0.0023908303 0.99936527 -0.66064453
-0.4988481 0.8666463 0.020947047 -3.1002197 -0.86619 -0.49927256 0.028403733 -49.645752 0.035092823 -0.0039910907 0.9993767 -0.6176758
-0.4998609 0.86592674 0.020297118 -3.5877686 -0.86550903 -0.5002567 0.027189244 -50.522217 0.03368015 -0.0039764442 0.9994246 -0.57580566
-0.4988356 0.8663002 0.020823592 -4.102051 -0.86588293 -0.49925038 0.02725083 -51.42102 0.034019448 -0.0044342363 0.9994115 -0.53271484
-0.49743745 0.8669309 0.01994852 -4.618042 -0.866527 -0.49782127 0.026758388 -52.325317 0.033149295 -0.0039713425 0.99944264 -0.48876953
-0.49882245 0.8664907 0.019545771 -5.1292725 -0.866131 -0.49918714 0.02532991 -53.236084 0.03171688 -0.004298044 0.99948776 -0.44604492
-0.49740893 0.8668398 0.021439165 -5.6517334 -0.8665047 -0.4978319 0.02487377 -54.164795 0.032251745 -0.0061854515 0.99946034 -0.40344238
-0.49982035 0.86584365 0.02098504 -6.15271 -0.8655462 -0.5002196 0.023569748 -55.069214 0.03088866 -0.0063738013 0.99950206 -0.35681152
-0.4973882 0.86696136 0.022458728 -6.6654053 -0.8666924 -0.49783063 0.023024876 -55.998657 0.031156572 -0.008006845 0.9994823 -0.31030273
-0.49598062 0.868236 0.022188982 -7.180542 -0.86801094 -0.49640286 0.021546517 -56.911987 0.029720224 -0.008578661 0.9995215 -0.26171875
-0.49457234 0.8690794 0.020207576 -7.6749268 -0.86891836 -0.494915 0.018685183 -57.823486 0.02622282 -0.008321415 0.9996214 -0.21447754
-0.49076498 0.87079114 0.018612735 -8.1866455 -0.8706126 -0.49106896 0.018933242 -58.736694 0.025628438 -0.006905021 0.99964744 -0.17541504
-0.4893583 0.8723491 0.018391201 -8.688232 -0.8722164 -0.48964328 0.017055897 -59.634277 0.023867 -0.0077007497 0.99968565 -0.1307373
-0.48695165 0.8731858 0.017252164 -9.193359 -0.87303233 -0.487214 0.017607614 -60.55249 0.023784695 -0.0064850952 0.9996962 -0.092163086
-0.48415595 0.8744778 0.018548047 -9.689819 -0.8743303 -0.4844509 0.017773036 -61.467773 0.024521038 -0.0076027242 0.9996702 -0.048828125
-0.48555604 0.87431425 0.019743508 -10.185181 -0.87413925 -0.48589262 0.019207325 -62.364746 0.026384048 -0.007941092 0.99962056 -0.009765625
-0.48694918 0.8726992 0.022941686 -10.701172 -0.8725166 -0.48738593 0.020483252 -63.27661 0.02908852 -0.010042795 0.99952656 0.036743164
-0.49075797 0.8704939 0.024111217 -11.181641 -0.8703097 -0.49123216 0.020864129 -64.1604 0.03001925 -0.010726086 0.9994915 0.08239746
-0.49736097 0.86697274 0.024009358 -11.690063 -0.8668352 -0.49781185 0.019132547 -65.0625 0.02855501 -0.01128939 0.9995284 0.11828613
-0.5025784 0.86402106 0.018971704 -12.2022705 -0.8639161 -0.50286597 0.015874995 -65.94629 0.023270136 -0.0084115015 0.9996939 0.17285156
-0.5077947 0.8607726 0.020808656 -12.69104 -0.8607333 -0.5081024 0.013687893 -66.82056 0.022367174 -0.010947832 0.9996897 0.2163086
-0.51302934 0.8579683 0.021922125 -13.208618 -0.8578735 -0.5133924 0.016430281 -67.70178 0.025343763 -0.010366978 0.9996247 0.25524902
-0.5182788 0.85495 0.02304544 -13.721436 -0.85476124 -0.51870865 0.020199355 -68.56543 0.029214226 -0.009236127 0.99953043 0.2977295
-0.5224731 0.8516558 0.025383033 -14.218506 -0.85152715 -0.52295697 0.018882452 -69.41943 0.029378913 -0.011736922 0.9994992 0.33935547
-0.5263128 0.8501314 0.026886605 -14.736816 -0.8500109 -0.5268448 0.019177604 -70.26831 0.03046409 -0.012770614 0.9994545 0.3824463
-0.5291201 0.84805286 0.026155697 -15.241821 -0.84792227 -0.5296289 0.019141853 -71.10828 0.030082522 -0.0120467115 0.9994747 0.43273926
-0.5329591 0.84559286 0.019890215 -15.767944 -0.8455775 -0.53322536 0.011732715 -71.94214 0.020532342 -0.0105637545 0.99973327 0.46813965
-0.53437465 0.84535855 0.014451198 -16.30957 -0.84542614 -0.53445786 0.0023679924 -72.77319 0.009719646 -0.010950546 0.9998928 0.5053711
-0.5357874 0.84358835 0.013218208 -16.821045 -0.84366274 -0.5358332 -9.160442e-05 -73.604004 0.007014394 -0.011205128 0.99991244 0.5371094
-0.5371752 0.8434025 0.015747372 -17.352173 -0.8434533 -0.53730255 0.0050879684 -74.42761 0.012759949 -0.0105600655 0.9998629 0.5600586
-0.53821474 0.842767 0.018853972 -17.867676 -0.842756 -0.53845173 0.010904297 -75.23596 0.019332632 -0.010020993 0.9997628 0.5878906
-0.5396383 0.8422839 0.013856942 -18.396484 -0.84216607 -0.539803 0.01460473 -76.052124 0.019777928 -0.0038007302 0.9997972 0.6170654
-0.5382447 0.84298253 0.010638064 -18.940796 -0.8428556 -0.5383487 0.014675917 -76.873535 0.018086582 -0.0010715863 0.99983567 0.6561279
-0.5382371 0.8431132 0.008946532 -19.45996 -0.84302026 -0.5383109 0.012552268 -77.69507 0.015388567 -0.00078762975 0.99988115 0.685791
-0.5382151 0.8432109 0.008432829 -19.97107 -0.84320104 -0.5382661 0.005720752 -78.51489 0.009354809 -0.0040348954 0.9999481 0.7125244
-0.538219 0.8431292 0.006836406 -20.485107 -0.84314734 -0.53823376 0.0003969908 -79.325195 0.00400909 -0.0055493135 0.9999765 0.73095703
-0.5358362 0.84376866 0.013621634 -20.969482 -0.8438756 -0.53580767 -0.0059798975 -80.13428 0.0022617457 -0.01470576 0.9998892 0.7486572
-0.53455913 0.845285 0.01984588 -21.472534 -0.84551764 -0.5344315 -0.011695651 -80.9552 0.00071565737 -0.023027422 0.9997346 0.76135254
-0.53313226 0.8463888 0.016959447 -21.983276 -0.846558 -0.5330003 -0.011902577 -81.77124 -0.001045662 -0.020699378 0.99978536 0.7767334
-0.52920425 0.8479216 0.01298582 -22.486816 -0.8480211 -0.52913857 -0.008345895 -82.57764 -0.0001953803 -0.015434831 0.9998808 0.7989502
-0.5249581 0.8517541 0.012403338 -22.99878 -0.8518416 -0.52493805 -0.0050786003 -83.385864 0.0021738347 -0.01322446 0.9999102 0.80981445
-0.5158494 0.85622966 0.008600474 -23.48999 -0.8562711 -0.51584285 -0.0031462386 -84.19409 0.0017492308 -0.00898901 0.999958 0.8255615
-0.507794 0.86115015 0.0015621306 -23.970215 -0.86115146 -0.507794 -0.00044957953 -85.001465 0.00040671905 -0.0015736963 0.9999986 0.8483887
-0.49977434 0.86673564 0.003444165 -24.450195 -0.8667421 -0.49977422 -0.0009726249 -85.822266 0.00087636674 -0.0034692902 0.9999936 0.8670654
-0.48796332 0.8727566 0.004918985 -24.892944 -0.87276995 -0.48794913 -0.003840122 -86.650024 -0.000949092 -0.0061634183 0.9999805 0.87609863
-0.47756708 0.879173 0.00258099 -25.349976 -0.87916577 -0.47754425 -0.0064057633 -87.48169 -0.0044003096 -0.0053248815 0.99997616 0.88464355
-0.46479747 0.8853834 0.0025913229 -25.782227 -0.88537043 -0.4647688 -0.0075084176 -88.31799 -0.005444198 -0.0057845796 0.99996847 0.9001465
-0.45306003 0.8911527 0.0017586809 -26.20691 -0.89112955 -0.45303178 -0.00835895 -89.1521 -0.00664896 -0.005356448 0.9999635 0.90075684
-0.44132674 0.89741963 -0.0011402417 -26.625977 -0.897398 -0.44132435 -0.0065090475 -90.00476 -0.006343512 -0.0018502279 0.9999781 0.913208
-0.4272652 0.9040482 0.00016911118 -27.034058 -0.90404147 -0.42726132 -0.0039385557 -90.850586 -0.0034867125 -0.0018346589 0.99999225 0.9185791
-0.41740403 0.9086956 0.0021805551 -27.408447 -0.90867954 -0.41740966 0.0053844946 -91.686035 0.00580535 0.0002662118 0.99998313 0.93408203
-0.4034483 0.91480845 0.004476318 -27.786499 -0.91474396 -0.40347302 0.010866719 -92.533936 0.0117516015 0.0002930797 0.99993086 0.94628906
-0.393915 0.91910344 0.0041999905 -28.137573 -0.919073 -0.39393643 0.0075447448 -93.387695 0.008589585 -0.00088618766 0.9999627 0.9604492
-0.38069925 0.9249634 0.0038893134 -28.494263 -0.9249599 -0.3807123 0.0034078155 -94.25647 0.004630655 -0.0023017677 0.99998665 0.9831543
-0.37096575 0.92836297 0.007849264 -28.83081 -0.92837393 -0.3710021 0.0037757885 -95.11243 0.006420059 -0.0058855675 0.999962 0.9963379
-0.36521265 0.93100137 0.013609053 -29.14563 -0.9310132 -0.36533976 0.008375851 -95.97705 0.012759905 -0.009607982 0.9998724 1.015625
-0.35783717 0.93376875 0.022462055 -29.472656 -0.93381333 -0.358176 0.01338079 -96.84595 0.020529201 -0.01619406 0.99965817 1.0357666
-0.35415792 0.93493754 0.027090313 -29.791382 -0.93503344 -0.35462618 0.014906568 -97.725464 0.023529258 -0.020041304 0.9995221 1.0667725
-0.35048994 0.936243 0.029086825 -30.103394 -0.9364193 -0.35097063 0.013353802 -98.596436 0.022695014 -0.022551728 0.99948794 1.0953369
-0.3445195 0.9380473 0.032055717 -30.41748 -0.93829167 -0.34507516 0.0136291245 -99.47876 0.02385906 -0.025386956 0.9993929 1.1326904
-0.34018755 0.9399569 0.030554637 -30.729126 -0.9402463 -0.3406148 0.009919049 -100.351685 0.019725231 -0.025357055 0.99948394 1.1560059
-0.33355248 0.94213146 0.027869595 -31.040894 -0.9424062 -0.33386245 0.007181422 -101.226074 0.016078813 -0.023863463 0.99958575 1.177002
-0.3292385 0.9439769 0.028004812 -31.343262 -0.9442923 -0.32949018 0.0047763186 -102.112915 0.013729076 -0.024874842 0.9995964 1.2110596
-0.32269287 0.94605666 0.032850895 -31.626465 -0.9465431 -0.32293117 0.0020874133 -102.9845 0.012572342 -0.030415233 0.9994584 1.2288818
-0.31548753 0.94805723 0.041213103 -31.901367 -0.9488185 -0.31587517 0.0030882815 -103.848145 0.015944153 -0.038124956 0.9991457 1.2546387
-0.3081849 0.9505366 0.042001747 -32.175537 -0.95128703 -0.30867806 0.0056642387 -104.7157 0.018324848 -0.03820703 0.999102 1.2913818
-0.30153105 0.9528458 0.038658466 -32.451538 -0.95342505 -0.30205846 0.008489261 -105.573975 0.019754684 -0.034306146 0.9992165 1.3270264
-0.2949978 0.9545894 0.040519807 -32.714233 -0.95525527 -0.2955264 0.0075938012 -106.45349 0.019234698 -0.036457427 0.99914974 1.3479004
-0.28788581 0.9568163 0.041548423 -32.973755 -0.95762265 -0.28819656 0.0015613716 -107.316895 0.013459012 -0.03931448 0.99913573 1.3793945
-0.2791289 0.9595878 0.039859373 -33.22522 -0.9603642 -0.27930054 -0.0013059238 -108.20862 0.009867215 -0.03863244 0.99920475 1.4071045
-0.27262512 0.9612479 0.04384502 -33.465088 -0.9621594 -0.27293113 0.0010406533 -109.081055 0.012949916 -0.041881997 0.9990384 1.4309082
-0.2660533 0.9629126 0.044337958 -33.703003 -0.9637898 -0.26652393 0.0049423673 -109.95398 0.016586918 -0.04139705 0.9990044 1.4539795
-0.2586701 0.96488494 0.044592664 -33.93091 -0.96577483 -0.2591437 0.0050909976 -110.831665 0.016475664 -0.041771132 0.99899185 1.4714355
-0.25311923 0.9664115 0.045579642 -34.147583 -0.96735954 -0.25356436 0.0041695014 -111.71301 0.01557614 -0.043020256 0.9989525 1.4996338
-0.2443919 0.9687128 0.04278674 -34.36963 -0.9695491 -0.2447846 0.00409981 -112.59155 0.014452966 -0.040463503 0.9990759 1.520874
-0.23564613 0.9710936 0.038429637 -34.586548 -0.9717441 -0.23602939 0.005701737 -113.47046 0.014608067 -0.036008034 0.99924505 1.5473633
-0.23053052 0.9724003 0.036653638 -34.80664 -0.97299063 -0.23088433 0.005676466 -114.37695 0.0139803905 -0.03435852 0.99931204 1.5771484
-0.223552 0.9739068 0.041775398 -34.996704 -0.97471905 -0.22388746 0.0034813408 -115.26489 0.012729033 -0.0399348 0.99912137 1.5987549
-0.21576038 0.97537595 0.047618993 -35.194946 -0.9764723 -0.21605374 0.0010477738 -116.17236 0.011301985 -0.046275474 0.9988651 1.626709
-0.21065772 0.9764403 0.044382047 -35.37964 -0.97739905 -0.21088684 0.00048587332 -117.07568 0.009845051 -0.0432823 0.99901426 1.6500244
-0.20639971 0.9775944 0.041818608 -35.574707 -0.9784281 -0.20667136 0.0022363104 -117.960205 0.010816282 -0.04044335 0.9991232 1.6721191
-0.20134294 0.9787385 0.04159108 -35.75879 -0.979558 -0.20163368 0.0028860082 -118.86633 0.011199371 -0.040173154 0.9991306 1.6887207
-0.19557239 0.98013043 0.035547275 -35.95691 -0.98073024 -0.195781 0.0024603072 -119.741455 0.009360434 -0.034390777 0.99936503 1.7003174
-0.18916069 0.9815972 0.027517142 -36.141724 -0.98196507 -0.18925165 0.0007101604 -120.62781 0.005907337 -0.026880564 0.99962103 1.7285156
-0.18630493 0.982301 0.024445364 -36.31067 -0.982596 -0.18635403 -0.00027459784 -121.51587 0.0042817635 -0.024066627 0.99970114 1.7454834
-0.18128957 0.9831774 0.026109084 -36.463013 -0.9835018 -0.18139946 0.0018892717 -122.400024 0.006581751 -0.025332658 0.99965745 1.7523193
-0.1784737 0.98363864 0.029110197 -36.61743 -0.98403233 -0.17864498 0.0033859515 -123.28711 0.008514318 -0.02804523 0.9995706 1.772583
-0.17632353 0.98384875 0.029457062 -36.76538 -0.9842617 -0.17646492 0.0022515738 -124.169556 0.0074133826 -0.028593836 0.9995635 1.7852783
-0.17567204 0.98411995 0.029545486 -36.918335 -0.98453784 -0.17580388 0.0019118956 -125.05603 0.0070612323 -0.028746461 0.9995618 1.8045654
-0.17355727 0.98445034 0.027439544 -37.07202 -0.9848316 -0.1735302 -0.0033800188 -125.93689 0.0014280798 -0.027609466 0.99961776 1.8172607
-0.17212868 0.98468566 0.026670536 -37.226685 -0.9850387 -0.17195389 -0.008729173 -126.82251 -0.004011392 -0.027776232 0.9996061 1.8323975
-0.17147386 0.9847767 0.025002293 -37.376465 -0.98507714 -0.17126739 -0.010194162 -127.69946 -0.005746981 -0.026381923 0.9996352 1.8372803
-0.1707499 0.9850143 0.026120882 -37.521362 -0.9853601 -0.17066954 -0.005286362 -128.56982 -0.00075874804 -0.026639493 0.9996449 1.847168
-0.17004943 0.98513037 0.026400868 -37.674683 -0.9854807 -0.17005338 -0.0021077236 -129.42737 0.002403465 -0.026373161 0.9996493 1.8579102
-0.17009486 0.9850753 0.028791092 -37.81787 -0.98549396 -0.17007639 -0.003106343 -130.30017 0.0018290072 -0.028891427 0.99958086 1.8648682
-0.1692647 0.98508507 0.029849727 -37.95984 -0.98553574 -0.16923845 -0.0034181196 -131.15991 0.0016851984 -0.030002495 0.99954844 1.8752441
-0.16853786 0.9853695 0.025171394 -38.113403 -0.98568964 -0.16852319 -0.0027181362 -132.01099 0.0015676157 -0.025269805 0.9996794 1.8897705
-0.16856386 0.9853262 0.02746257 -38.2511 -0.98570645 -0.16855706 -0.0025772536 -132.87646 0.0020872988 -0.027504511 0.9996195 1.9071045
-0.16736163 0.9852371 0.036280632 -38.38623 -0.98589426 -0.16741548 -0.0015713815 -133.73132 0.004523517 -0.03601966 0.99934065 1.9129639
-0.1665765 0.9850029 0.043464325 -38.511353 -0.98592454 -0.16678965 0.0012933109 -134.58557 0.008531494 -0.04263752 0.999054 1.9266357
-0.16652405 0.98498315 0.043070525 -38.64856 -0.9858661 -0.16683088 0.0035967303 -135.43396 0.010741229 -0.04186698 0.9990654 1.9422607
-0.1679915 0.98503214 0.040422384 -38.789795 -0.98580956 -0.16826007 0.003311614 -136.27295 0.01005874 -0.039281186 0.99917746 1.9631348
-0.16580187 0.9853271 0.04114957 -38.91858 -0.98610723 -0.16617116 0.00570844 -137.10474 0.012451921 -0.03963718 0.9991369 1.9775391
-0.16355765 0.98594826 0.034127593 -39.068115 -0.9864777 -0.1638342 0.005454374 -137.96118 0.010965717 -0.0327743 0.9994027 1.9936523
-0.16070865 0.98656774 0.026262756 -39.202026 -0.9868986 -0.1608126 0.0018804134 -138.79883 0.0060867644 -0.025624154 0.99965316 2.024414
-0.15942276 0.98695666 0.021442221 -39.34778 -0.98718923 -0.15937279 -0.00403196 -139.63928 -0.0005637305 -0.021807471 0.99976206 2.0421143
-0.15723309 0.9875025 0.016473087 -39.47754 -0.9876366 -0.15716848 -0.0051546954 -140.46399 -0.0025085164 -0.017076036 0.9998511 2.0531006
-0.15008903 0.98843086 0.016970556 -39.601562 -0.98857313 -0.15011142 4.3820823e-05 -141.2937 0.0025999886 -0.016767347 0.99985594 2.0800781
-0.14447522 0.98935115 0.016359566 -39.720337 -0.98947275 -0.14453995 0.0028427066 -142.11841 0.005175296 -0.0157773 0.9998622 2.083496
-0.1346005 0.9908135 0.014099573 -39.83191 -0.9908729 -0.13471052 0.0071677607 -142.9646 0.009000342 -0.013009888 0.99987483 2.081543
-0.12564012 0.9919871 0.013706824 -39.93982 -0.9920733 -0.12568389 0.0023738574 -143.77136 0.004079204 -0.013294623 0.9999032 2.0925293
-0.11373865 0.9934654 0.006375341 -40.03418 -0.9934857 -0.11373196 -0.0014171852 -144.56177 -0.0006812066 -0.0064951484 0.9999786 2.12146
-0.09979151 0.99501103 0.0018952796 -40.1261 -0.99501276 -0.099791266 -0.00019942969 -145.4237 -9.110197e-06 -0.0019057458 0.9999981 2.1467285
-0.085936524 0.9962768 0.0025667287 -40.191895 -0.99627817 -0.08594106 0.0017037238 -146.19434 0.0019181389 -0.0024112528 0.9999952 2.1569824
-0.07152554 0.9973897 -0.00010184012 -40.24768 -0.9973896 -0.07152556 0.0003089751 -147.01099 0.0003009485 0.00012373831 0.9999999 2.1748047
-0.0592861 0.99823904 -0.0059049334 -40.294556 -0.9982515 -0.059266433 0.0034501937 -147.78491 0.0030940785 0.0060966453 0.9999766 2.1796875
-0.045675967 0.99897987 -0.0015822984 -40.325195 -0.9989363 -0.045658957 0.009523686 -148.63855 0.009438689 0.0020141946 0.9999533 2.1986084
-0.032139987 0.99946237 0.0071422555 -40.332275 -0.999308 -0.032268874 0.0187397 -149.37646 0.018953988 -0.006535964 0.9997989 2.2026367
-0.018559694 0.99975204 0.011928639 -40.335327 -0.99943006 -0.018885732 0.027816275 -150.15857 0.02804128 -0.011409276 0.99954176 2.2312012
