1.0 0.0 0.0 0.0 0.0 1.0 0.0 0.0 0.0 0.0 1.0 0.0
0.9999405 0.010752169 0.0018277256 0.3005371 -0.010747749 0.9999393 -0.002411983 0.01171875 -0.0018535397 0.002392197 0.9999954 0.016235352
0.9998387 0.017875642 0.0017872471 0.5872803 -0.017867934 0.99983144 -0.004238283 -0.009643555 -0.0018627015 0.004205668 0.9999894 0.013427734
0.99979436 0.020272477 0.0004965216 0.89245605 -0.020268483 0.9997698 -0.0070367428 -0.025390625 -0.00063903874 0.00702523 0.99997514 0.01574707
0.9998361 0.018091442 -0.0006534976 1.2003174 -0.01809608 0.99980444 -0.007974022 -0.028442383 0.00050907786 0.00798454 0.999968 0.015258789
0.9999277 0.011898946 -0.0017330406 1.5218506 -0.011916151 0.99987614 -0.010279298 -0.02758789 0.0016104676 0.010299208 0.99994564 0.013549805
0.99999315 0.00028077967 -0.00368569 1.8425293 -0.00032655417 0.99992275 -0.012430322 -0.024780273 0.0036819149 0.012431442 0.99991596 0.020751953
0.9998623 -0.01614896 -0.0038205045 2.170044 0.016105348 0.9998077 -0.011187546 -0.009033203 0.0040004053 0.011124482 0.99993014 0.025756836
0.9993858 -0.03478891 -0.0041185147 2.5175781 0.034757268 0.9993671 -0.007517869 0.010986328 0.0043775714 0.0073700263 0.9999632 0.030029297
0.99846697 -0.055069882 -0.0055220556 2.8721924 0.055045586 0.9984736 -0.0044612 0.04296875 0.0057592923 0.0041504186 0.9999748 0.032348633
0.99724525 -0.073931165 -0.005978957 3.2337646 0.07391128 0.99725854 -0.0034814696 0.08911133 0.0062200185 0.0030299644 0.99997604 0.033447266
0.99533856 -0.09626913 -0.0056734337 3.6182861 0.09624234 0.99534565 -0.0048200814 0.13342285 0.0061111087 0.004251527 0.9999723 0.03540039
0.9931211 -0.117024034 -0.004576641 4.0028076 0.11698981 0.99311 -0.007144575 0.18237305 0.005380857 0.006560077 0.999964 0.042114258
0.9910738 -0.13327509 -0.003884733 4.399658 0.13325116 0.9910672 -0.0058814213 0.2532959 0.0046336 0.0053113657 0.99997514 0.04638672
0.9889226 -0.14840822 -0.0031533744 4.8165283 0.14839227 0.98891836 -0.0048017707 0.32946777 0.0038311374 0.0042806766 0.9999835 0.052001953
0.9866235 -0.1629464 -0.003761995 5.241577 0.16293278 0.9866261 -0.0036825906 0.4091797 0.0043118326 0.0030201653 0.9999861 0.055908203
0.9846253 -0.17459472 -0.0042429445 5.677002 0.17457233 0.9846248 -0.00517484 0.49267578 0.0050814794 0.0043546935 0.9999776 0.06237793
0.9828882 -0.1840937 -0.005971012 6.1312256 0.18404403 0.982883 -0.008015574 0.57507324 0.007344472 0.0067796367 0.99995005 0.072143555
0.98140115 -0.19178537 -0.007660431 6.5996094 0.19173235 0.9814154 -0.0071494333 0.67529297 0.008889425 0.0055477708 0.9999451 0.07714844
0.98013717 -0.19807501 -0.009819465 7.0771484 0.1980071 0.9801716 -0.007471793 0.78063965 0.011104889 0.005379275 0.9999239 0.07788086
0.9786333 -0.20527731 -0.012490836 7.5668945 0.2051951 0.9787011 -0.007555119 0.8880615 0.013775162 0.004830646 0.9998934 0.083618164
0.9766955 -0.21416557 -0.013490036 8.067871 0.21401739 0.9767519 -0.011628398 1.0001221 0.015666598 0.008469951 0.99984145 0.08898926
0.97496426 -0.22195052 -0.013126655 8.586914 0.22171748 0.97495496 -0.01714796 1.104126 0.016604105 0.013807628 0.99976677 0.10803223
0.97308517 -0.22995196 -0.015077775 9.114624 0.22967607 0.9731001 -0.018032853 1.225708 0.01881847 0.014083848 0.9997237 0.12890625
0.97114867 -0.23758422 -0.020579498 9.644409 0.23733541 0.9713292 -0.013827125 1.3791504 0.023273986 0.00854399 0.9996926 0.12683105
0.9691306 -0.24532358 -0.024455557 10.189819 0.24508625 0.96942097 -0.012317865 1.5314941 0.026729409 0.005943161 0.99962497 0.13476562
0.96645004 -0.25551876 -0.025859449 10.761963 0.2552071 0.9667655 -0.014766588 1.6831055 0.02877365 0.0076707047 0.9995564 0.15490723
0.96419615 -0.2637913 -0.027302813 11.334351 0.26341325 0.96454144 -0.016687818 1.8394775 0.03073644 0.008899243 0.999488 0.18444824
0.96214265 -0.27086246 -0.029822784 11.916138 0.27046323 0.9625711 -0.016770596 2.0148926 0.033249825 0.008066928 0.9994143 0.19995117
0.9598595 -0.278485 -0.033429157 12.510986 0.27809355 0.96042264 -0.015938334 2.1917725 0.036543425 0.0060035586 0.99931425 0.21704102
0.9573594 -0.28635043 -0.038697727 13.111694 0.2859156 0.95812964 -0.016453251 2.3824463 0.041788712 0.0046894103 0.99911547 0.2434082
0.9553098 -0.29198974 -0.046083067 13.727173 0.2914474 0.9564121 -0.018232828 2.5778809 0.049397625 0.003988659 0.9987715 0.27746582
0.9535947 -0.29608202 -0.05452925 14.359863 0.295487 0.9551507 -0.018853445 2.7763672 0.05766688 0.0018636985 0.998334 0.30419922
0.9520921 -0.29901284 -0.06364982 14.995117 0.2984675 0.9542162 -0.018139094 2.9888916 0.06616069 -0.0017354926 0.9978071 0.3453369
0.9498129 -0.30412012 -0.07334392 15.6397705 0.30361807 0.952627 -0.018168416 3.2061768 0.07539533 -0.0050092903 0.99714154 0.383667
0.94816667 -0.30722827 -0.081089675 16.298218 0.3069036 0.9515838 -0.01675089 3.428955 0.08231045 -0.009001133 0.9965675 0.43933105
0.9463735 -0.3108985 -0.08768855 16.965942 0.31063327 0.950364 -0.017011065 3.6586914 0.088623576 -0.011150659 0.9960007 0.49572754
0.9438604 -0.3165318 -0.09467005 17.645508 0.316552 0.9484662 -0.015201735 3.9005127 0.094602406 -0.015610773 0.9953942 0.55688477
0.94229966 -0.31910136 -0.100928366 18.33191 0.31948787 0.9474748 -0.012754634 4.1485596 0.09969794 -0.020239782 0.9948106 0.6263428
0.93981874 -0.32486522 -0.10562857 19.038696 0.32560834 0.94542056 -0.010620764 4.404419 0.1033145 -0.024418581 0.99434924 0.6990967
0.9380403 -0.3292753 -0.10790136 19.749512 0.33012098 0.9438715 -0.01044221 4.668091 0.10528519 -0.025825202 0.9941078 0.77160645
0.9357369 -0.33618528 -0.10690647 20.47754 0.33719334 0.9414195 -0.009044904 4.9384766 0.10368392 -0.027574087 0.9942286 0.8605957
0.93371737 -0.34212482 -0.10570805 21.204712 0.34314266 0.93926835 -0.008969041 5.212036 0.10235642 -0.027890893 0.99435645 0.93774414
0.93183017 -0.34772295 -0.103670456 21.948608 0.34871122 0.9371677 -0.009021854 5.4887695 0.10029508 -0.027746238 0.9945718 1.0241699
0.92961335 -0.35475734 -0.09991036 22.675903 0.35557586 0.9346017 -0.010097722 5.772949 0.09695742 -0.026137609 0.99494475 1.1098633
0.9255978 -0.36637515 -0.09527661 23.447754 0.36746958 0.93003505 -0.0064334003 6.085449 0.09096501 -0.029052038 0.9954297 1.182373
0.92318815 -0.37334317 -0.09137178 24.20398 0.374559 0.9271998 -0.0041104145 6.4038086 0.086252816 -0.030429102 0.99580806 1.2625732
0.92024213 -0.381208 -0.08857241 24.963379 0.38260618 0.92391413 -0.0012789909 6.7303467 0.082321964 -0.032703105 0.9960706 1.3356934
0.91697866 -0.3892551 -0.08754201 25.716675 0.39071026 0.9205332 -0.000564029 7.067993 0.08080207 -0.033688795 0.99615914 1.4074707
0.9126926 -0.3993058 -0.087255955 26.493286 0.40087104 0.9161727 0.0004483778 7.411377 0.07976006 -0.03538759 0.9961841 1.4820557
0.909804 -0.40586385 -0.086440995 27.277344 0.4074647 0.9131892 0.00095529156 7.769409 0.07854957 -0.036103114 0.99625534 1.5505371
0.9053829 -0.41592383 -0.08532404 28.067749 0.4175436 0.90865076 0.0012637456 8.140259 0.07700753 -0.0367712 0.9963526 1.6184082
0.9018682 -0.42411533 -0.08201725 28.863037 0.42565683 0.904863 0.0014665411 8.5147705 0.07359606 -0.03622841 0.9966316 1.6938477
0.8991661 -0.43048632 -0.07872149 29.667114 0.43188876 0.9019343 0.0008809441 8.904541 0.070622995 -0.034787506 0.9968966 1.7597656
0.895563 -0.43881676 -0.07318235 30.481812 0.44017187 0.8978813 0.0026820372 9.310059 0.064532764 -0.03462126 0.99731463 1.8195801
0.8925393 -0.44570264 -0.068445764 31.302002 0.44687018 0.8945764 0.0019562482 9.722778 0.060356006 -0.03234094 0.997652 1.8857422
0.8887904 -0.4535695 -0.066199794 32.131104 0.45469084 0.89067787 0.0021190313 10.152222 0.058000796 -0.03197765 0.9978044 1.9504395
0.8855199 -0.4600536 -0.06520289 32.961914 0.46114567 0.8873489 0.0019294439 10.586548 0.056970205 -0.03177712 0.9978696 2.006836
0.883753 -0.46380818 -0.06279674 33.791992 0.46484894 0.88543284 0.002240526 11.035645 0.054563463 -0.03116643 0.99802375 2.0544434
0.8799361 -0.47106817 -0.06106338 34.644287 0.47193238 0.8815895 -0.00030504446 11.497925 0.053977355 -0.028551128 0.9981343 2.1113281
0.87803715 -0.47487375 -0.060010023 35.50757 0.47573948 0.8796177 0.00015904754 11.960693 0.052710053 -0.028685346 0.99819773 2.1673584
0.87623334 -0.4781168 -0.060742922 36.375366 0.47893298 0.87789154 -0.0012775569 12.444458 0.053934883 -0.027974622 0.9981518 2.2226562
0.8744319 -0.48139697 -0.060712263 37.249023 0.48225385 0.8760651 -0.00061073643 12.935791 0.05348168 -0.02873681 0.9981556 2.2720947
0.8745095 -0.481189 -0.060061786 38.135254 0.48195544 0.8761468 -0.0019609774 13.434814 0.05356556 -0.027242633 0.9981921 2.3284912
0.87457556 -0.4815217 -0.058155354 39.039185 0.48230925 0.8760734 -0.00056018564 13.939453 0.051217105 -0.02754961 0.99830747 2.3865967
0.8743997 -0.4819546 -0.056652654 39.948364 0.4826534 0.8758477 -0.0015357696 14.450684 0.05035557 -0.026001178 0.9983922 2.4440918
0.8740325 -0.4825778 -0.05625798 40.872192 0.4831742 0.8755056 -0.0033697183 14.964844 0.0508822 -0.024238026 0.99841064 2.4980469
0.8724971 -0.4855571 -0.055633754 41.808716 0.48598838 0.8740056 -0.0064042564 15.487793 0.051731844 -0.021441307 0.99843085 2.5631104
0.87097687 -0.48847112 -0.052973237 42.742188 0.48884785 0.87235135 -0.0064824363 16.014404 0.049376227 -0.020250883 0.9985747 2.619995
0.86974955 -0.4911513 -0.049186565 43.670532 0.49148136 0.8709324 -0.0059737125 16.556763 0.045771115 -0.018970199 0.998772 2.675171
0.86735886 -0.4955806 -0.04423619 44.60559 0.49583292 0.8683222 -0.005849279 17.088867 0.041311853 -0.016864225 0.9990042 2.734497
0.8635573 -0.5026877 -0.041314494 45.535767 0.502854 0.8644193 -0.0070135877 17.624512 0.039238866 -0.014707921 0.9991221 2.7888184
0.85769784 -0.51239574 -0.042446043 46.452637 0.5124688 0.8586459 -0.009964995 18.179321 0.041552905 -0.013204391 0.9990491 2.84375
0.8528642 -0.5202445 -0.044520803 47.36731 0.52022725 0.8539384 -0.012881024 18.734863 0.044720907 -0.012171808 0.99892557 2.8999023
0.8460737 -0.531229 -0.044269226 48.285645 0.5312402 0.84713244 -0.0124932425 19.31128 0.04413418 -0.012950792 0.9989412 2.947754
0.84069085 -0.5399157 -0.04029719 49.194336 0.53998554 0.84155124 -0.010065993 19.90149 0.039348926 -0.013304401 0.9991368 2.9980469
0.8368523 -0.54625726 -0.036766127 50.092773 0.54640466 0.8375356 -0.0067981244 20.502075 0.034504965 -0.014395949 0.9993009 3.0545654
0.83271253 -0.55247986 -0.039179195 50.99243 0.5526952 0.8334693 -0.0060882135 21.100098 0.036014978 -0.016584063 0.9992132 3.1002197
0.82871616 -0.55815876 -0.043014646 51.879395 0.5583788 0.8296473 -0.007841002 21.70288 0.040059213 -0.01752114 0.99904305 3.1468506
0.8262296 -0.56128746 -0.049982518 52.763184 0.56154275 0.8275052 -0.010096058 22.316406 0.047027618 -0.019717434 0.99869895 3.2091064
0.8231483 -0.565621 -0.05097662 53.643066 0.5658701 0.82448375 -0.010796186 22.932861 0.048133798 -0.01995508 0.9986414 3.2608643
0.81995386 -0.57048905 -0.04849976 54.5271 0.5707769 0.8211373 -0.009051583 23.550415 0.044986732 -0.020257143 0.998782 3.3187256
0.8162804 -0.5761298 -0.042452246 55.416992 0.5763784 0.8171753 -0.0073639276 24.177734 0.0389305 -0.018457437 0.99907124 3.369873
0.8135663 -0.5800458 -0.040638532 56.287354 0.58034444 0.8143513 -0.005222192 24.815796 0.03612421 -0.019337729 0.99916023 3.4222412
0.81100994 -0.5835948 -0.041429542 57.154297 0.5839373 0.81180817 -0.0045361225 25.45288 0.036282003 -0.020508949 0.99913144 3.4677734
0.8064331 -0.5897707 -0.04259962 58.029785 0.59009683 0.8072982 -0.0058031967 26.103516 0.037812173 -0.020459058 0.99907535 3.5179443
0.8034658 -0.59362215 -0.044099085 58.897705 0.5939313 0.80441535 -0.0071456656 26.749878 0.039717183 -0.020457659 0.9990014 3.5671387
0.8002357 -0.5981498 -0.043848 59.766357 0.59838814 0.80120814 -0.0089083435 27.400879 0.04046314 -0.019103784 0.9989987 3.6191406
0.79486346 -0.60528326 -0.042609796 60.63965 0.60550046 0.7957875 -0.00907819 28.0708 0.039400905 -0.0185818 0.9990507 3.668335
0.7916161 -0.60954595 -0.041418504 61.50464 0.6097228 0.79250413 -0.009692032 28.739136 0.03872934 -0.017590178 0.9990946 3.7194824
0.7853945 -0.6176746 -0.04220498 62.365723 0.6178193 0.78633624 -0.011084185 29.424683 0.04003152 -0.017368399 0.99904734 3.7750244
0.77992564 -0.62436545 -0.0421355 63.222656 0.6244708 0.7808832 -0.012240532 30.115479 0.040544856 -0.016774688 0.99903667 3.8270264
0.7755224 -0.62998044 -0.042101417 64.08154 0.6300292 0.77650243 -0.013771901 30.810791 0.041365445 -0.015837803 0.9990187 3.8752441
0.76975846 -0.6369227 -0.042521454 64.93262 0.6369726 0.7707617 -0.014117893 31.525879 0.041765764 -0.016220625 0.9989957 3.930542
0.763728 -0.64400095 -0.04284483 65.7793 0.6439756 0.7647781 -0.016234973 32.237305 0.043223638 -0.015197694 0.9989498 3.9851074
0.75752246 -0.65143836 -0.041987054 66.6228 0.6513698 0.75854975 -0.017168038 32.968018 0.0430349 -0.014348989 0.9989705 4.043579
0.7512859 -0.6588123 -0.04002076 67.46509 0.65871966 0.7522328 -0.017327162 33.70813 0.041516792 -0.013342626 0.99904865 4.093506
0.74597275 -0.66476697 -0.038493328 68.30615 0.66458696 0.74688005 -0.019153764 34.45813 0.041484915 -0.0113022 0.99907494 4.1486816
0.73916316 -0.672469 -0.03804931 69.14038 0.6722482 0.74006593 -0.020234741 35.22058 0.041766867 -0.010627702 0.99907047 4.2020264
0.73272437 -0.6792653 -0.039030507 69.96753 0.6789851 0.7336904 -0.022081017 35.997192 0.043635204 -0.010325512 0.9989941 4.262451
0.7277133 -0.6847919 -0.039374515 70.80005 0.6845464 0.7286901 -0.021530297 36.780518 0.04343511 -0.011280274 0.99899274 4.3205566
0.7227094 -0.6900472 -0.03822204 71.62036 0.6897993 0.7236375 -0.02144756 37.575928 0.04246197 -0.010861692 0.9990393 4.376831
0.7177651 -0.69523716 -0.03926307 72.44263 0.69503206 0.7187327 -0.020880928 38.378662 0.04273958 -0.012297093 0.99901074 4.429077
0.7127932 -0.7002806 -0.03949834 73.262695 0.7000895 0.7137716 -0.020797215 39.20215 0.04275147 -0.012833323 0.9990028 4.4870605
0.7072994 -0.70580846 -0.0415786 74.08203 0.70556283 0.70839816 -0.022819147 40.024536 0.045555133 -0.013198398 0.9988742 4.547119
0.7035999 -0.7092956 -0.04367078 74.89966 0.70894337 0.70483774 -0.025772665 40.84729 0.049055766 -0.012830502 0.9987132 4.6073
0.6966046 -0.71610403 -0.044297867 75.70801 0.7157822 0.69787383 -0.025572669 41.69055 0.04922278 -0.0138979005 0.99869084 4.671631
0.69248825 -0.720204 -0.042700004 76.52002 0.7198454 0.69368696 -0.02603804 42.539917 0.048369158 -0.012701149 0.9987489 4.732544
0.6897077 -0.7229737 -0.040641155 77.33081 0.7225871 0.6908116 -0.026200442 43.400146 0.04701594 -0.011292379 0.99883044 4.798462
0.6833566 -0.7289978 -0.0405662 78.13623 0.72862303 0.68445945 -0.026136868 44.26709 0.0468182 -0.011690106 0.9988353 4.866699
0.67945206 -0.73249286 -0.040201396 78.941895 0.7320258 0.68056214 -0.028121384 45.13562 0.047960654 -0.010327263 0.9987958 4.9293213
0.6744194 -0.73729855 -0.03883915 79.73999 0.7368092 0.67547077 -0.028463727 46.016113 0.047221914 -0.009416993 0.9988404 4.989746
0.66955644 -0.7418648 -0.03692437 80.542725 0.7413098 0.6705313 -0.029649395 46.899902 0.046759892 -0.0075142058 0.9988785 5.0510254
0.6677966 -0.74356353 -0.035077084 81.34448 0.74286056 0.66870373 -0.032604203 47.795288 0.047697876 -0.0042870035 0.99885243 5.1171875
0.66173 -0.74879986 -0.035297386 82.138916 0.7479069 0.6626668 -0.036629118 48.69751 0.050821155 -0.0021586493 0.99870586 5.184326
0.6581137 -0.7520545 -0.032971244 82.9436 0.7508819 0.658932 -0.042088397 49.604736 0.053387456 0.002943186 0.9985701 5.2506104
0.6524004 -0.75727105 -0.027885657 83.74512 0.7559466 0.65293795 -0.04560103 50.519775 0.0527491 0.008673879 0.9985707 5.322754
0.64350027 -0.7651235 -0.023421008 84.5293 0.7636021 0.6437629 -0.050365664 51.447266 0.053606972 0.014520617 0.9984561 5.3985596
0.63577455 -0.77157295 -0.01998498 85.31445 0.7701011 0.6358693 -0.050472524 52.38257 0.051658385 0.016692197 0.9985249 5.4694824
0.6268996 -0.7790162 -0.01689497 86.082275 0.77760464 0.6268561 -0.05036864 53.34497 0.049824975 0.018439163 0.9985876 5.5423584
0.6171738 -0.786605 -0.016465798 86.84717 0.7852021 0.61712635 -0.050357677 54.317383 0.049768988 0.018160975 0.9985962 5.612915
0.6087525 -0.7931755 -0.018104544 87.60278 0.79168123 0.60878307 -0.051570114 55.29883 0.05191604 0.017057922 0.99850553 5.6762695
0.5981348 -0.8012185 -0.016840868 88.33594 0.7996236 0.59807694 -0.053911764 56.28662 0.05326548 0.018784843 0.9984039 5.756592
0.5880153 -0.80871546 -0.017472673 89.07251 0.807087 0.5880049 -0.054308224 57.293945 0.054184947 0.01783084 0.9983714 5.8166504
0.58012617 -0.81432927 -0.013916427 89.80542 0.81269604 0.5799136 -0.055663124 58.309326 0.0533972 0.020984352 0.998353 5.8950195
0.5678779 -0.8229699 -0.011070202 90.51831 0.8214044 0.56754375 -0.055462442 59.344482 0.051933393 0.02240395 0.99839926 5.968506
0.5585717 -0.8295281 -0.01035871 91.218506 0.8279471 0.5582068 -0.055983752 60.381836 0.05221676 0.022686346 0.99837744 6.04541
0.5490907 -0.83573973 -0.011551266 91.903076 0.8340541 0.54877716 -0.05737142 61.426758 0.05428608 0.021855282 0.99828535 6.123413
0.5379106 -0.84304416 -0.012199328 92.58154 0.8413171 0.53764504 -0.057828955 62.49243 0.05529641 0.020852892 0.9982526 6.1938477
0.52920324 -0.8483016 -0.013410879 93.247314 0.8465423 0.5290215 -0.057904456 63.56714 0.056229178 0.019283898 0.9982314 6.2734375
0.51897633 -0.85471064 -0.01388749 93.89819 0.8529148 0.5188343 -0.058370277 64.65332 0.057090692 0.01845345 0.9981986 6.3547363
0.50995594 -0.8600445 -0.012687854 94.54468 0.8583433 0.50978863 -0.057038132 65.74097 0.055542104 0.018194858 0.9982906 6.43042
0.5013982 -0.8650999 -0.009229302 95.18848 0.86356544 0.501097 -0.055132195 66.84009 0.052323487 0.01967363 0.99843645 6.508423
0.49458063 -0.86918175 -0.009098671 95.81494 0.86762345 0.49427593 -0.05558492 67.95581 0.052806575 0.019595336 0.99841243 6.587036
0.48550662 -0.8741301 -0.008402517 96.43945 0.87245816 0.4851341 -0.05788994 69.0813 0.054693397 0.020777006 0.99828726 6.6654053
0.4810183 -0.87680715 -0.007669776 97.059326 0.87496805 0.4805446 -0.06111572 70.19995 0.057262126 0.022679832 0.998101 6.743042
0.4732893 -0.8807632 -0.006757563 97.6814 0.87873596 0.4726958 -0.06461765 71.323975 0.06010624 0.024649052 0.9978878 6.8239746
0.47049204 -0.8823516 -0.0062394743 98.263916 0.8801471 0.46979535 -0.06767406 72.45288 0.06264165 0.026347458 0.99768823 6.912842
0.46379817 -0.8859296 -0.004130339 98.86572 0.8837427 0.46297184 -0.068215534 73.596924 0.062339433 0.027984206 0.9976623 7.0028076
0.4604357 -0.88768274 -4.1413903e-05 99.46118 0.88572335 0.45942247 -0.06638017 74.73047 0.058947623 0.030527115 0.9977942 7.0889893
0.45558056 -0.8900222 0.0056232614 100.053955 0.88835436 0.45431975 -0.064394385 75.862305 0.05476387 0.03434425 0.9979092 7.180664
0.45309782 -0.891438 0.007333944 100.62891 0.88984656 0.45176202 -0.06400492 77.01489 0.053749904 0.0355263 0.99792224 7.2664795
0.45007905 -0.89299846 0.009045947 101.19678 0.89152986 0.44870412 -0.06275709 78.14282 0.051968195 0.036299706 0.9979882 7.345459
0.447122 -0.8942587 0.012782186 101.768555 0.8929124 0.44554716 -0.06307302 79.252686 0.05070621 0.0396356 0.997928 7.4281006
0.44538695 -0.89514273 0.014581659 102.32031 0.89395976 0.443802 -0.061154302 80.39331 0.04827087 0.040286444 0.99802226 7.503174
0.4436209 -0.89599234 0.016919386 102.874756 0.8948415 0.44187206 -0.062419623 81.5105 0.048460413 0.042836215 0.9979064 7.583008
0.4400765 -0.89758897 0.019871084 103.41846 0.8965764 0.43820524 -0.06209785 82.61035 0.04703996 0.04515224 0.99787235 7.6518555
0.43908775 -0.8981232 0.023386447 103.960205 0.89729714 0.4370814 -0.061546195 83.71216 0.045054805 0.048006315 0.99783015 7.7244873
0.43862692 -0.8984052 0.026446495 104.49536 0.8977302 0.43648395 -0.061539594 84.81543 0.04375276 0.050742656 0.9977532 7.7961426
0.43399042 -0.90027916 0.027998436 105.01758 0.89964956 0.43175784 -0.06204895 85.885254 0.04378433 0.052119516 0.99768037 7.8686523
0.435036 -0.89987427 0.029105704 105.53589 0.89927673 0.432719 -0.062713854 86.95654 0.04384204 0.05345775 0.9976072 7.935791
0.4350258 -0.90000105 0.028513702 106.05005 0.89932173 0.43267483 -0.06384838 88.02783 0.045114487 0.053422023 0.9975528 8.00354
0.4350139 -0.89990246 0.027352951 106.54175 0.8991471 0.43269795 -0.064152695 89.0603 0.045919634 0.052503485 0.997564 8.071533
0.43860307 -0.89822954 0.025051722 107.041016 0.8974053 0.43643534 -0.06328068 90.10913 0.045921233 0.050243583 0.9976807 8.144775
0.4421695 -0.89672697 0.022482552 107.53418 0.89578605 0.44011852 -0.06325725 91.13745 0.04683253 0.0481173 0.99774355 8.217163
0.4454534 -0.89493763 0.02043606 108.03613 0.89389193 0.44348034 -0.06359614 92.15283 0.047856584 0.04661952 0.99776685 8.283813
0.45408893 -0.89074045 0.019047095 108.54346 0.8897099 0.4522311 -0.062310338 93.174805 0.046883017 0.045250595 0.9978755 8.35144
0.45939484 -0.8880366 0.018075319 109.04712 0.887001 0.45760268 -0.06170317 94.17383 0.046536483 0.044377994 0.99793005 8.414795
0.46765828 -0.88386345 0.016830891 109.55908 0.8828456 0.4659685 -0.060480997 95.17456 0.04560545 0.04313039 0.99802727 8.477173
0.47639358 -0.87915164 0.016355198 110.09082 0.8781753 0.47475806 -0.05948314 96.159424 0.044525072 0.04269594 0.9980952 8.541504
0.484795 -0.8745633 0.01568921 110.61841 0.87362194 0.48322594 -0.058403425 97.13208 0.043481126 0.042017557 0.99817026 8.6015625
0.495785 -0.86837727 0.013685183 111.16455 0.86732817 0.49425036 -0.059389915 98.11011 0.044806253 0.04130872 0.9981411 8.660645
0.5044677 -0.8634613 0.009799564 111.71045 0.8622381 0.50307 -0.060125597 99.05908 0.046985805 0.038787637 0.99814266 8.723633
0.51688796 -0.85602456 0.0062808236 112.26782 0.8546869 0.51563925 -0.060153212 100.00488 0.048244614 0.03646319 0.9981701 8.787842
0.52943933 -0.8483021 0.0038969526 112.84595 0.84698415 0.5283488 -0.058344807 100.94751 0.047433347 0.03419499 0.9982892 8.848999
0.5411759 -0.84090674 0.0033894079 113.42114 0.83968157 0.54016054 -0.05628116 101.867676 0.045504157 0.033301454 0.99840885 8.911621
0.5532187 -0.83290935 0.00322105 114.02197 0.8318016 0.55227464 -0.053838953 102.78467 0.043071132 0.032465026 0.99854445 8.970459
0.5651033 -0.82508665 0.002900431 114.62402 0.82403034 0.5641946 -0.052681997 103.68164 0.041835967 0.03215452 0.9986066 9.034302
0.576341 -0.81723464 0.001752777 115.239746 0.8161154 0.5754366 -0.05359931 104.56152 0.04279478 0.032321583 0.998561 9.090088
0.58852494 -0.8086021 0.00026597944 115.86987 0.8074117 0.5876405 -0.05443412 105.427246 0.043857872 0.032247573 0.998517 9.147339
0.5984019 -0.80120176 0.0009744114 116.490234 0.7999874 0.59742695 -0.05577947 106.27295 0.04410727 0.034160733 0.9984427 9.207764
0.6098613 -0.79246867 0.00043381428 117.12744 0.79125226 0.6088949 -0.055722397 107.1084 0.04389348 0.03432627 0.99844635 9.270508
0.6203727 -0.78415084 0.0013330209 117.78052 0.78307813 0.6194335 -0.053368192 107.93457 0.041028876 0.03415328 0.99857414 9.321533
0.62949723 -0.77706623 0.0033962787 118.41382 0.7761715 0.62855047 -0.050909903 108.73926 0.037420988 0.03467471 0.9986973 9.370483
0.6401174 -0.76824206 0.002922924 119.073975 0.7674002 0.639228 -0.049393848 109.53052 0.03607817 0.03386451 0.9987752 9.43103
0.6495262 -0.76035786 7.512377e-05 119.71509 0.7594858 0.64877635 -0.04794467 110.30151 0.03640747 0.031196758 0.9988499 9.480469
0.6585922 -0.75254554 -0.0027583528 120.36572 0.75162506 0.65796006 -0.04716446 111.072754 0.037303038 0.028984956 0.99888337 9.523926
0.6687689 -0.7433959 -0.0037970606 121.046875 0.7424905 0.6681901 -0.04618943 111.80908 0.036880616 0.028071763 0.9989253 9.56958
0.67650187 -0.73631525 -0.002816781 121.70508 0.73553324 0.6759498 -0.043658715 112.54492 0.034054942 0.02746939 0.99904275 9.619629
0.6854995 -0.72811514 -0.00091820303 122.371826 0.7274429 0.6849194 -0.04213152 113.27051 0.03129839 0.0282175 0.999112 9.662598
0.6943315 -0.71973526 -0.0007276968 123.05322 0.7190805 0.6937421 -0.041948996 113.97925 0.03070297 0.028600896 0.999119 9.710083
0.7009625 -0.7133463 -0.0016809625 123.71265 0.7127282 0.7004491 -0.040034913 114.66089 0.029737541 0.026861787 0.9991964 9.748901
0.7092002 -0.70507854 -0.0021339627 124.395996 0.7045004 0.70873505 -0.038458563 115.34863 0.028627606 0.025770072 0.9992578 9.791382
0.715701 -0.6984947 -0.0010226469 125.06543 0.6980216 0.71526855 -0.035775088 116.005615 0.025725106 0.024887253 0.999359 9.831299
0.72303516 -0.69080466 -0.00018752925 125.740234 0.6904206 0.7226419 -0.03315007 116.66162 0.023038322 0.023841769 0.9994504 9.86853
0.7309654 -0.68252593 -6.125099e-05 126.4187 0.6821769 0.7305944 -0.03190901 117.3064 0.021822385 0.023280092 0.9994906 9.900391
0.7375432 -0.6751992 -0.0006745397 127.07837 0.67488486 0.7372295 -0.02979824 117.923096 0.020615771 0.021523932 0.9995559 9.939819
0.74578667 -0.6661873 -0.0006163493 127.74707 0.6658989 0.7454906 -0.028737254 118.53516 0.019606134 0.021017872 0.99958664 9.962769
0.7551103 -0.6556099 0.00053889817 128.427 0.65541154 0.75486135 -0.02522096 119.1311 0.016130947 0.019394794 0.9996816 9.994019
0.76224405 -0.6472428 0.001362557 129.09155 0.64711785 0.76205176 -0.02137284 119.707275 0.012796521 0.017172968 0.99977064 10.018066
0.7740359 -0.6330493 0.0009389647 129.77368 0.63295114 0.7738879 -0.018827915 120.27734 0.011193334 0.015169263 0.99982226 10.045654
0.78327966 -0.6218051 -0.0005567042 130.43604 0.6216937 0.7831556 -0.018255204 120.811035 0.011785378 0.013952818 0.99983317 10.06543
0.7927997 -0.6094918 -0.0017023915 131.11084 0.6093691 0.7926905 -0.018055972 121.34082 0.012352662 0.013278324 0.99983555 10.0842285
0.8028811 -0.5962444 -0.0024410612 131.80737 0.5961299 0.80279547 -0.016737541 121.86206 0.011938278 0.011982922 0.9998569 10.107178
0.81242144 -0.58318686 -0.0017157407 132.49023 0.58309495 0.8123393 -0.0156100625 122.36084 0.010497023 0.01168197 0.9998767 10.11853
0.82231593 -0.5690324 0.0007350171 133.20068 0.5689924 0.82224125 -0.012993453 122.85571 0.006788804 0.011103395 0.99991536 10.134644
0.83150506 -0.55552924 0.0023880566 133.89111 0.5555146 0.8314315 -0.012001885 123.33276 0.004681944 0.011305235 0.99992514 10.155273
0.8396201 -0.543021 0.005077007 134.60693 0.5430439 0.8395663 -0.0095568495 123.79907 0.0009285193 0.010782257 0.99994147 10.164307
0.8483371 -0.5293549 0.0072557554 135.344 0.5294032 0.8482875 -0.009248693 124.253174 -0.0012582522 0.011687608 0.9999309 10.172485
0.85484153 -0.51878625 0.008870242 136.05713 0.51885575 0.8547902 -0.009698921 124.69287 -0.0025486988 0.012893596 0.9999136 10.193848
0.8617257 -0.50721705 0.009101262 136.78711 0.507289 0.86168164 -0.009258097 125.12598 -0.003146091 0.0125967255 0.9999158 10.203613
0.8683172 -0.4958262 0.008688906 137.54077 0.4958867 0.86829543 -0.00729769 125.5542 -0.0039265724 0.010646789 0.9999356 10.198853
0.8745049 -0.4848442 0.008217726 138.27612 0.4848953 0.8744941 -0.0060894494 125.98242 -0.004233609 0.009311151 0.99994767 10.2052
0.8808991 -0.47325087 0.008203024 139.0393 0.47329685 0.8808985 -0.004973665 126.39624 -0.004872755 0.008262979 0.999954 10.207275
0.8863152 -0.46309128 0.008302599 139.79248 0.46313947 0.8863135 -0.0052386597 126.78711 -0.004932546 0.0084877685 0.9999518 10.213989
0.8908129 -0.45427048 0.007901121 140.56128 0.45432058 0.8907989 -0.006441273 127.18359 -0.0041117524 0.009326971 0.999948 10.220947
0.8952708 -0.44543377 0.007970102 141.34204 0.44548568 0.8952553 -0.0066994037 127.582275 -0.0041506784 0.009547395 0.9999458 10.2178955
0.89858896 -0.4387268 0.0086143315 142.12085 0.43878004 0.8985863 -0.0056924634 127.973145 -0.0052433386 0.008894258 0.9999467 10.220459
0.90220946 -0.4310979 0.01145364 142.91919 0.4311603 0.9022452 -0.0035709958 128.35864 -0.008794013 0.00815998 0.99992806 10.224243
0.904689 -0.42593652 0.014108311 143.73364 0.42598134 0.9047779 -0.00018993579 128.74756 -0.012683803 0.00618094 0.99990046 10.220459
0.9075638 -0.4196842 0.015649825 144.55713 0.4196935 0.90769005 0.002847577 129.14062 -0.0154001815 0.0039838906 0.9998734 10.216187
0.9113807 -0.41130108 0.01651711 145.40259 0.41127035 0.9115285 0.0053666355 129.52197 -0.017262436 0.001902103 0.9998491 10.20752
0.9138396 -0.4056209 0.018235393 146.25049 0.40555054 0.91402125 0.0075713005 129.90527 -0.019739652 0.00047674123 0.99980503 10.1936035
0.9169859 -0.39840573 0.021068238 147.11865 0.3983136 0.91722786 0.0085815415 130.29028 -0.022742044 0.00052232854 0.99974114 10.179565
0.9204202 -0.3901222 0.023401229 148.00415 0.39002576 0.92071706 0.008739257 130.66113 -0.024956595 0.0010851026 0.9996879 10.165894
0.9237011 -0.38235062 0.024896845 148.89478 0.38225186 0.92403555 0.008800097 131.03735 -0.026370255 0.0013874145 0.99965125 10.1414795
0.9267189 -0.3749549 0.024973515 149.7937 0.37488106 0.92705274 0.0077513913 131.40869 -0.026058251 0.0021766063 0.99965817 10.117065
0.9309823 -0.36420485 0.025711063 150.73926 0.36418584 0.931328 0.0055874647 131.7688 -0.025980197 0.004161406 0.9996537 10.107422
0.93431765 -0.35553968 0.024924124 151.6643 0.35556293 0.9346342 0.0036445786 132.14062 -0.024590608 0.0054584583 0.99968266 10.081299
0.9387351 -0.34392208 0.023502626 152.62769 0.34394377 0.9390158 0.0032405443 132.48535 -0.023183562 0.005040542 0.9997184 10.067749
0.94377154 -0.32992658 0.021857504 153.59717 0.32988474 0.9440227 0.005596782 132.83813 -0.022480045 0.0019285721 0.9997453 10.044434
0.94916695 -0.31395942 0.022293651 154.59326 0.31383902 0.94942784 0.008800164 133.17993 -0.023928814 -0.00135461 0.99971265 10.024902
0.9552094 -0.29501298 0.023851125 155.61157 0.294786 0.9554939 0.0126101095 133.50195 -0.026509684 -0.0050155222 0.99963593 10.002319
0.96086454 -0.27587184 0.025272451 156.62231 0.27554202 0.9611621 0.01578173 133.81738 -0.028644817 -0.008200008 0.99955595 9.978882
0.9668539 -0.2539458 0.026739318 157.68262 0.25353962 0.96716875 0.017676314 134.104 -0.03034961 -0.010311282 0.9994862 9.956299
0.9721919 -0.23254678 0.027624784 158.73535 0.23205994 0.97250056 0.01972636 134.37793 -0.031453326 -0.012767152 0.9994237 9.93103
0.9769723 -0.21115659 0.030746892 159.83081 0.21060926 0.9773675 0.020104725 134.62085 -0.03429553 -0.013166024 0.9993249 9.907349
0.9814274 -0.18877853 0.034121376 160.92432 0.18810892 0.9819044 0.02190276 134.83301 -0.03763868 -0.015079046 0.99917793 9.865845
0.9852827 -0.16645671 0.038746282 162.04858 0.16561963 0.98589545 0.023915112 135.04272 -0.0421812 -0.017144479 0.9989628 9.8446045
0.9886136 -0.14437059 0.04243409 163.18213 0.14336655 0.98933274 0.025835859 135.22339 -0.045711238 -0.019457694 0.99876505 9.794922
0.9915231 -0.122744255 0.042611185 164.31274 0.12164538 0.9921923 0.027503407 135.38354 -0.045654356 -0.022087919 0.9987136 9.751221
0.99406874 -0.10053151 0.04144968 165.47021 0.09944418 0.99466115 0.027518373 135.50317 -0.04399506 -0.02323302 0.9987617 9.711182
0.9960502 -0.07900619 0.04053764 166.6565 0.077890135 0.99655795 0.028410668 135.61084 -0.042642195 -0.025140924 0.99877375 9.655762
0.9973978 -0.057900492 0.042977158 167.84619 0.056816187 0.9980456 0.026037889 135.69458 -0.044400577 -0.023529077 0.9987368 9.619019
0.9982771 -0.0374777 0.04514894 169.04321 0.036290288 0.99898106 0.026834844 135.75073 -0.046108544 -0.025150392 0.99861956 9.575195
0.9987964 -0.015473416 0.04653519 170.26929 0.014263512 0.99955446 0.02621318 135.7893 -0.0469201 -0.025517795 0.9985722 9.529297
0.9988366 0.004197873 0.04804712 171.48486 -0.0056114877 0.9995541 0.029328395 135.80273 -0.04790262 -0.029563814 0.99841464 9.479004
0.9985008 0.024563024 0.048910584 172.74072 -0.02598334 0.9992528 0.02861401 135.79614 -0.048171192 -0.029842013 0.9983929 9.426025
0.997831 0.043995906 0.04895715 173.98242 -0.04553556 0.99848795 0.030791609 135.75024 -0.047528442 -0.03295449 0.998326 9.378174
0.99684054 0.063463226 0.047802597 175.24048 -0.06505643 0.9973517 0.032555144 135.68237 -0.04561072 -0.03556041 0.9983267 9.321045
0.9953283 0.084528685 0.04664638 176.5166 -0.08607298 0.99576926 0.032142594 135.59473 -0.04373071 -0.036007136 0.99839395 9.27063
0.9937751 0.10188428 0.04508172 177.78906 -0.10346968 0.9940404 0.034343954 135.47827 -0.041313887 -0.038794428 0.99839246 9.223633
0.9916495 0.12126817 0.04385895 179.08838 -0.12284591 0.9917975 0.03527943 135.33228 -0.039221738 -0.040372156 0.99841535 9.181519
0.98890156 0.14263983 0.041607637 180.39746 -0.14413063 0.9889293 0.03533796 135.16846 -0.036106784 -0.040941946 0.9985089 9.136353
0.98631746 0.1608395 0.036342304 181.74878 -0.16215909 0.98608255 0.03685718 134.96631 -0.029910915 -0.042245097 0.9986597 9.091187
0.98310214 0.18037716 0.031217122 183.07373 -0.18153006 0.9826046 0.039176546 134.74805 -0.023606712 -0.044181284 0.9987443 9.065674
0.98010564 0.19662273 0.026925791 184.37988 -0.19762613 0.9793811 0.041811563 134.50977 -0.01814713 -0.046300694 0.9987623 9.036133
0.9764546 0.21441956 0.023669828 185.7229 -0.21528399 0.97557706 0.04361311 134.22534 -0.013740649 -0.047682095 0.9987681 9.028564
0.9721336 0.2333286 0.022472985 187.06201 -0.23414694 0.9711026 0.04610808 133.92188 -0.011065139 -0.05008554 0.99868375 9.011108
0.9682848 0.2487177 0.023860183 188.3999 -0.24959171 0.9672471 0.046276502 133.59424 -0.011566814 -0.050763376 0.99864316 9.001465
0.96325684 0.2676935 0.02195923 189.76758 -0.26843694 0.9622592 0.04477146 133.22559 -0.009145556 -0.049020655 0.99875575 9.013428
0.9579009 0.28651655 0.018923366 191.08716 -0.2870955 0.95683926 0.045369375 132.84204 -0.005108078 -0.04889176 0.9987908 9.002197
0.9536171 0.3006935 0.016346885 192.4209 -0.30113384 0.952471 0.046751566 132.45581 -0.0015142453 -0.049502783 0.99877226 9.004272
0.94788134 0.31817713 0.016299818 193.77441 -0.3185945 0.94666356 0.04802643 132.01196 -0.00014667492 -0.050717793 0.99871284 9.024414
0.94189006 0.33546492 0.016889796 195.15918 -0.335888 0.9405301 0.05060589 131.54053 0.0010930807 -0.053338688 0.9985758 9.025513
0.9356285 0.3526596 0.015995277 196.50342 -0.35299608 0.9340464 0.05455263 131.05542 0.0042973394 -0.056686856 0.99838257 9.028442
0.9285359 0.37093627 0.014012774 197.83887 -0.37112236 0.9269015 0.055603404 130.54321 0.00763601 -0.05683171 0.99835503 9.0563965
0.9216936 0.38778183 0.011913047 199.22241 -0.38781524 0.9200516 0.05604313 129.96924 0.010767225 -0.05627392 0.99835753 9.071777
0.91351247 0.4066951 0.007921045 200.56567 -0.40645784 0.9118682 0.057061188 129.38867 0.0159895 -0.055344682 0.9983387 9.104248
0.90516716 0.4251098 0.004075961 201.88062 -0.42456397 0.9034274 0.060224906 128.8164 0.021913853 -0.05624371 0.9981767 9.146362
0.89583814 0.44433105 0.0030282242 203.22949 -0.44361317 0.8939589 0.063337 128.18213 0.025432471 -0.058085907 0.99798834 9.188599
0.88280004 0.46973723 0.0033946661 204.57104 -0.46891555 0.88077766 0.06595968 127.488525 0.027990026 -0.05982676 0.99781704 9.234253
0.86936545 0.49410504 0.0042110044 205.9209 -0.4931434 0.86707574 0.0703165 126.76294 0.031089503 -0.063204534 0.9975166 9.288208
0.85355395 0.5208868 0.0047982964 207.22314 -0.5197551 0.8510149 0.07436715 126.025635 0.034655508 -0.06597291 0.99722004 9.34729
0.8401715 0.54227376 0.005296987 208.47119 -0.5409817 0.83740765 0.077890754 125.2605 0.0377974 -0.06831566 0.99694884 9.410645
0.8238941 0.56681556 0.0053875386 209.75732 -0.5653929 0.8210715 0.07925096 124.436035 0.040497374 -0.06834083 0.99683905 9.479858
0.8080296 0.58902824 0.0048292577 210.99731 -0.5874434 0.80519736 0.08035542 123.56616 0.043451883 -0.06776548 0.9967542 9.55249
0.79142094 0.61134356 0.0019865548 212.22827 -0.60938984 0.78862524 0.08250757 122.65674 0.048859958 -0.06650221 0.99658906 9.636597
0.7749456 0.6321023 -0.00052381866 213.44409 -0.62980884 0.7722032 0.08447583 121.72168 0.053799763 -0.06513398 0.9964248 9.726929
0.7580372 0.6522567 -0.0021375471 214.58423 -0.64968485 0.7553314 0.086299814 120.76587 0.057899136 -0.06402703 0.9962669 9.818237
0.74140686 0.67110586 -0.0031967056 215.74341 -0.66829175 0.7387178 0.08811251 119.76001 0.0614703 -0.063194424 0.99610776 9.918823
0.7249994 0.6887583 -0.0037539736 216.90723 -0.68585676 0.72242546 0.08791815 118.718994 0.0632564 -0.061161146 0.9961213 10.026489
0.7091955 0.70499754 -0.004090816 218.01147 -0.70197505 0.7066684 0.0885713 117.66333 0.06534538 -0.0599426 0.99606013 10.13501
0.69407696 0.7198588 -0.005243914 219.08276 -0.7167072 0.69168454 0.08871134 116.593994 0.06749163 -0.05781373 0.9960433 10.245361
0.6773448 0.7354694 -0.0075458884 220.14966 -0.73204154 0.6751115 0.09006846 115.4895 0.071338385 -0.055493027 0.9959088 10.360718
0.66453785 0.74733 -0.010024815 221.1914 -0.7435389 0.6624102 0.09259757 114.362305 0.075827286 -0.0540712 0.9956526 10.489502
0.64851 0.7611078 -0.010673321 222.2041 -0.7570939 0.64641494 0.0944406 113.21045 0.07878779 -0.053158417 0.99547225 10.610474
0.63177097 0.775231 -0.010451675 223.2019 -0.7711456 0.6297201 0.09493188 112.0332 0.08016714 -0.05192213 0.9954287 10.751831
0.6154011 0.7880567 -0.0072103776 224.18115 -0.78400475 0.61311543 0.09608174 110.83838 0.0801492 -0.0534834 0.995348 10.885254
0.59785944 0.80160826 -0.0027850815 225.13232 -0.7976659 0.5952558 0.09702238 109.62744 0.07945596 -0.055777572 0.99527556 11.026733
0.579713 0.8147299 0.0021000784 226.05664 -0.8109867 0.5768011 0.09725943 108.38867 0.07802527 -0.0580762 0.9952576 11.163086
0.56362045 0.82599825 0.006141342 226.95532 -0.8223135 0.56037056 0.09882054 107.16284 0.078185156 -0.060755257 0.99508667 11.302734
0.5441083 0.83905584 0.008753234 227.79614 -0.835176 0.54052484 0.1022713 105.92456 0.08106886 -0.0629591 0.9947184 11.441895
0.5258506 0.8506913 0.011950983 228.59912 -0.84665704 0.5218727 0.10561807 104.67505 0.08359447 -0.06564745 0.99433416 11.584717
0.50684255 0.861897 0.015078185 229.38306 -0.85801584 0.50271916 0.1052155 103.41675 0.08309098 -0.066280484 0.9943372 11.734375
0.48503032 0.87431914 0.018767161 230.1294 -0.87067026 0.48077062 0.104090266 102.14282 0.08198424 -0.06683785 0.994391 11.8758545
0.46502343 0.885006 0.022767216 230.82495 -0.88176644 0.4607224 0.101106726 100.88037 0.07898092 -0.067074314 0.9946154 12.015625
0.44285217 0.8963927 0.02646123 231.50269 -0.89343 0.43845376 0.09935681 99.58667 0.07746941 -0.06761822 0.99469686 12.156128
0.42064652 0.9066418 0.027646597 232.13696 -0.9037008 0.41627234 0.09877285 98.31299 0.07802862 -0.066551104 0.9947291 12.2873535
0.39861077 0.91677743 0.030209526 232.72144 -0.91393924 0.39413884 0.098232985 97.02905 0.078148164 -0.06675107 0.9947035 12.421387
0.37720758 0.9255947 0.030018738 233.27124 -0.9227376 0.37289545 0.09705316 95.739746 0.07863705 -0.06432382 0.9948273 12.551025
0.3542999 0.9347675 0.029062863 233.80273 -0.9318132 0.35018727 0.0961873 94.44043 0.07975614 -0.061153553 0.99493635 12.682861
0.33491504 0.9418806 0.028674742 234.27905 -0.9388466 0.33092043 0.095841914 93.17114 0.08076341 -0.05899346 0.9949838 12.815674
0.3113062 0.9498848 0.028559012 234.73071 -0.94690496 0.3075086 0.093894094 91.871826 0.080394685 -0.05625093 0.9951728 12.9470215
0.29141524 0.9562414 0.028578732 235.14648 -0.9532945 0.28774908 0.09255324 90.58667 0.08029259 -0.05422214 0.99529624 13.076904
0.27051923 0.96209174 0.029904151 235.54199 -0.95870495 0.26652944 0.09770226 89.32031 0.08604803 -0.055124886 0.99476665 13.208618
0.25285488 0.96709186 0.03220148 235.90356 -0.9629419 0.24821812 0.106623136 88.052734 0.09511696 -0.057968237 0.99377733 13.342773
0.23324351 0.97184867 0.03463044 236.23413 -0.9670391 0.22803685 0.11368465 86.79883 0.10259606 -0.060002133 0.9929119 13.490845
0.21406677 0.9760062 0.038640723 236.53418 -0.97084695 0.20824999 0.11830781 85.55127 0.107434876 -0.06286126 0.9922249 13.642456
0.19294354 0.98035353 0.042145774 236.82178 -0.97527313 0.1868528 0.11841083 84.28613 0.10821248 -0.06393464 0.9920686 13.787598
0.17468953 0.9835203 0.046959348 237.07593 -0.97862536 0.1681659 0.11850637 83.051025 0.10862469 -0.0666248 0.9918442 13.944824
0.15324676 0.9868303 0.05206049 237.30566 -0.9822944 0.14636377 0.117057875 81.809326 0.10792614 -0.069081455 0.9917569 14.105957
0.13574956 0.98934823 0.052732583 237.49316 -0.9848371 0.12893943 0.11616196 80.57349 0.10811055 -0.067720845 0.9918313 14.251465
