1 0 0 0 0 1 0 0 0 0 1 0
0.99994267 -0.0021316422 0.010493363 0.0079947025 0.0021212595 0.99999725 0.0010004987 -0.0064036406 -0.010495468 -0.00097818223 0.99994444 0.28610798
0.99984803 -0.0041160144 0.016940409 0.024411251 0.0040942918 0.99999075 0.0013167912 -0.0095595985 -0.016945674 -0.0012472321 0.99985563 0.56473524
0.99978412 -0.006949129 0.019581151 0.029098599 0.0069574546 0.99997573 -0.00035707031 -0.015474884 -0.019578197 0.00049322823 0.99980821 0.87688718
0.99981618 -0.008527771 0.017172004 0.037952846 0.0085529782 0.99996245 -0.0013949867 -0.02291413 -0.017159464 0.0015416021 0.99985158 1.1758004
0.99986806 -0.011239808 0.011727583 0.031214574 0.011281082 0.99993038 -0.0034591242 -0.025165279 -0.011687888 0.0035909677 0.99992525 1.5053572
0.99992577 -0.012131169 -0.0011326469 0.028932541 0.012126035 0.99991664 -0.0044349659 -0.033234456 0.0011863539 0.0044209023 0.99998952 1.8308465
0.99978335 -0.011903112 -0.01707566 0.010499551 0.011819892 0.99991781 -0.004966306 -0.040610933 0.017133372 0.0047633977 0.99984187 2.1436605
0.99935164 -0.0076953803 -0.035172287 -0.042255647 0.0075094194 0.99995714 -0.0054162078 -0.04714504 0.035212462 0.0051485727 0.99936659 2.5087158
0.99841674 -0.0038466977 -0.056117943 -0.067495087 0.00349084 0.99997318 -0.0064379012 -0.049211 0.056141207 0.0062318097 0.99840339 2.8279309
0.99709999 -0.003279343 -0.076031972 -0.1146994 0.0027973864 0.99997532 -0.0064445035 -0.056877399 0.076051235 0.0062131236 0.99708455 3.1920667
0.99536829 -0.0044653771 -0.096031352 -0.17561694 0.0039092223 0.99997449 -0.0059787508 -0.062196913 0.096055607 0.0055756512 0.99536035 3.5906565
0.9932349 -0.00565161 -0.11598483 -0.23581033 0.0050829522 0.99997357 -0.0051980541 -0.070901136 0.11601116 0.0045733434 0.99323738 3.9749906
0.99114093 -0.0045947197 -0.13273485 -0.30576541 0.0040078697 0.99998098 -0.0046880587 -0.07591446 0.13275388 0.0041145428 0.99114049 4.3769524
0.9887123 -0.0040621994 -0.14977145 -0.37623902 0.0034896934 0.99998557 -0.0040851457 -0.086679063 0.1497859 0.0035163773 0.9887122 4.7782539
0.98655813 -0.0029687973 -0.1633837 -0.45883555 0.0023366506 0.99998902 -0.0040611351 -0.091416398 0.16339397 0.0036247752 0.98655424 5.1805678
0.98445556 -0.0043268099 -0.17558053 -0.56033449 0.0034662398 0.99998043 -0.0052076753 -0.10081932 0.17559964 0.0045181207 0.9844513 5.6365994
0.98268076 -0.0073062116 -0.18516247 -0.64165964 0.006115892 0.9999568 -0.0069988646 -0.11273007 0.18520563 0.0057452159 0.982683 6.0692788
0.98118264 -0.0064725371 -0.19297339 -0.74697242 0.0048782904 0.99994995 -0.0087355023 -0.12054154 0.19302029 0.007629743 0.9811651 6.5187646
0.97971536 -0.0062799498 -0.20029569 -0.86394437 0.0042335704 0.99993439 -0.010643484 -0.12677568 0.20034941 0.0095796191 0.97967768 7.0163564
0.97802068 -0.0071592819 -0.20838493 -0.95845433 0.0044923393 0.99990188 -0.013268612 -0.13671573 0.2084595 0.012040842 0.97795688 7.4694841
0.97629613 -0.011210559 -0.21614853 -1.0794324 0.0081228463 0.99985196 -0.015168256 -0.1491407 0.21628659 0.013052968 0.97624266 7.9901442
0.97428039 -0.016883076 -0.22470576 -1.1927349 0.013562051 0.99977492 -0.016314831 -0.16421045 0.22493065 0.012847749 0.97429007 8.4804713
0.97258352 -0.017396936 -0.23190224 -1.3343288 0.013443694 0.99973631 -0.018616613 -0.19160163 0.23216498 0.014988588 0.97256093 9.0172553
0.97056261 -0.013648586 -0.24046191 -1.4810796 0.0083751768 0.99970179 -0.022938695 -0.19345719 0.24070331 0.020249529 0.97038749 9.5610357
0.96837884 -0.011098044 -0.24923733 -1.6361583 0.0047394642 0.99964816 -0.026097787 -0.21339422 0.2494393 0.024091294 0.96809072 10.090004
0.96600172 -0.013553839 -0.2581801 -1.8021294 0.0065658348 0.99958889 -0.027909428 -0.2342059 0.25845226 0.025265388 0.96569358 10.656216
0.96368058 -0.015358802 -0.26661554 -1.958902 0.0076896638 0.99952675 -0.029785037 -0.26210862 0.26694684 0.026653078 0.96334262 11.221202
0.96160618 -0.014998135 -0.27402299 -2.1362966 0.0063658138 0.99945587 -0.032364321 -0.28524844 0.27435931 0.029377352 0.96117842 11.779474
0.95920299 -0.014555708 -0.2823433 -2.3280856 0.0046101273 0.99934628 -0.035857572 -0.30684451 0.28268069 0.033093052 0.95864304 12.370281
0.95705616 -0.015655638 -0.28947953 -2.5189743 0.0039465276 0.99915183 -0.040988428 -0.33982472 0.28987573 0.038085789 0.9563062 12.968916
0.95491788 -0.017074304 -0.29637866 -2.7125565 0.002884514 0.99883119 -0.048248661 -0.38052454 0.29685608 0.045218601 0.95385101 13.558515
0.95367521 -0.017052591 -0.30035446 -2.9236708 0.0001928138 0.99842663 -0.056073346 -0.4133907 0.30083811 0.053417848 0.95217802 14.183182
0.95269834 -0.017304092 -0.30342452 -3.1179399 -0.0025763901 0.99788207 -0.064997929 -0.46297077 0.30390664 0.06270516 0.95063601 14.821615
0.95115774 -0.01649309 -0.30826436 -3.3470623 -0.0065227369 0.99727511 -0.073483354 -0.50735814 0.30863637 0.071904989 0.94845837 15.452813
0.94987454 -0.015314967 -0.312256 -3.5674271 -0.010577869 0.99665312 -0.081059633 -0.56868954 0.31245237 0.080299486 0.94653342 16.098923
0.94833811 -0.014524562 -0.31692879 -3.8221695 -0.01401518 0.99605839 -0.087585733 -0.63233002 0.31695175 0.087502704 0.94439657 16.777363
0.94654112 -0.013308666 -0.3223085 -4.0675031 -0.017753127 0.9954852 -0.093241857 -0.7002435 0.32209429 0.093979237 0.94203141 17.440579
0.94490247 -0.011265934 -0.32715805 -4.3141302 -0.022234244 0.9948909 -0.098477067 -0.77109491 0.32659603 0.10032534 0.93982438 18.08339
0.94313862 -0.0082108894 -0.33229823 -4.5819801 -0.0271894 0.99443922 -0.10174174 -0.84940082 0.33128581 0.10499156 0.93767078 18.800648
0.94169079 -0.0074417924 -0.33639717 -4.8338447 -0.028929195 0.99426288 -0.10297783 -0.92862607 0.33523359 0.10670498 0.93607291 19.496518
0.93949693 -0.006800423 -0.3424898 -5.1176764 -0.030183401 0.99427091 -0.10253932 -1.0196447 0.34122499 0.10667289 0.93390921 20.23201
0.93710876 -0.0071342986 -0.34896455 -5.4008547 -0.030048554 0.99443024 -0.10102265 -1.1070143 0.34774166 0.10515509 0.93167492 20.9365
0.93456433 -0.0062543471 -0.3557392 -5.6772717 -0.031049281 0.99459733 -0.099056008 -1.1874498 0.35443682 0.10361966 0.929321 21.6596
0.93188359 -0.0064051095 -0.36270089 -5.9613718 -0.030412556 0.99494467 -0.095708861 -1.2744362 0.36148037 0.10022018 0.92697781 22.353261
0.92777614 -0.0034479006 -0.37312134 -6.3090633 -0.032732448 0.99535041 -0.090587827 -1.3609113 0.37169884 0.096258401 0.9233495 23.195343
0.92457399 -0.0025317835 -0.38099411 -6.6254979 -0.032281783 0.99586152 -0.084957217 -1.4337311 0.3796325 0.090848404 0.92066592 23.892049
0.92098472 0.00039080062 -0.3895985 -6.9498744 -0.034656037 0.99611749 -0.08092535 -1.5075061 0.38805428 0.088032952 0.91742252 24.647023
0.91781199 0.00069123753 -0.39701469 -7.271112 -0.034996151 0.99624673 -0.079168963 -1.5879905 0.39546989 0.08655621 0.91439138 25.379801
0.91355756 0.002721486 -0.40670033 -7.650247 -0.037905211 0.99619488 -0.078479057 -1.6662642 0.40493924 0.0871112 0.91018452 26.174237
0.90967147 0.0027506563 -0.41531943 -7.9786081 -0.038271494 0.99627868 -0.077227457 -1.7304019 0.4135615 0.086146511 0.90639157 26.898002
0.90573677 0.0035002483 -0.42382619 -8.3848732 -0.039167167 0.9963783 -0.075473318 -1.8049506 0.42202707 0.084959032 0.90259356 27.70123
0.90197143 0.0037782421 -0.43177916 -8.7645124 -0.039170247 0.99655474 -0.073105002 -1.8838358 0.43001539 0.082851522 0.8990119 28.498597
0.898546 0.0053139504 -0.43884717 -9.1749866 -0.039644734 0.9968215 -0.069102769 -1.9562104 0.43708512 0.079489997 0.89590064 29.246111
0.89495633 0.0045926581 -0.4461301 -9.5870035 -0.036932697 0.99727765 -0.063822174 -2.0172013 0.4446225 0.073594848 0.89268956 30.067974
0.89210174 0.0040856455 -0.45181608 -9.9995524 -0.034758735 0.99761644 -0.059609251 -2.086165 0.45049565 0.068882073 0.89011738 30.860873
0.8879755 0.0038131659 -0.45987492 -10.430837 -0.034118251 0.99775623 -0.057606009 -2.1530409 0.45862345 0.066842854 0.88611319 31.679218
0.88461516 0.004373873 -0.46630126 -10.893756 -0.034624322 0.99781187 -0.056326023 -2.2180462 0.46503461 0.06597222 0.88283096 32.514099
0.88170913 0.0037023464 -0.47177885 -11.346686 -0.033393715 0.99795095 -0.054578074 -2.2664133 0.47061012 0.063876436 0.8800261 33.305828
0.87930577 0.002034015 -0.4762533 -11.798933 -0.03113956 0.99809663 -0.053230181 -2.3313875 0.47523858 0.061635924 0.87769546 34.152624
0.87576788 0.0025322674 -0.48272579 -12.303533 -0.03207053 0.9980822 -0.052947093 -2.394741 0.48166598 0.061850636 0.87416955 35.015044
0.8739915 0.0016022646 -0.48593855 -12.761551 -0.031584228 0.9980674 -0.053515359 -2.4629602 0.48491372 0.062119964 0.87235303 35.853706
0.87196006 0.001453568 -0.48957484 -13.258239 -0.031926188 0.99803587 -0.053899104 -2.517432 0.48853495 0.062628125 0.87029383 36.708773
0.87186902 0.001859181 -0.48973558 -13.764747 -0.031828264 0.99809382 -0.052874326 -2.5804269 0.48870379 0.061686921 0.87026625 37.575159
0.87240936 0.002224696 -0.48877084 -14.299092 -0.031407958 0.99817812 -0.051516885 -2.6422368 0.48776579 0.060295108 0.87088981 38.490439
0.87175967 0.0013197502 -0.48993195 -14.783323 -0.030118827 0.99824935 -0.050902858 -2.7075594 0.48900711 0.059131235 0.87027327 39.372944
0.87145094 -0.00014831142 -0.49048264 -15.27606 -0.02882044 0.99825665 -0.051507736 -2.7712863 0.48963524 0.059022391 0.86992742 40.273214
0.86968295 -0.0024202989 -0.49360479 -15.838083 -0.02692996 0.998266 -0.052342741 -2.836053 0.4928756 0.058814347 0.86810975 41.193295
0.86975092 -0.0039435584 -0.49347519 -16.358372 -0.02405395 0.99844071 -0.050374068 -2.8952123 0.49290442 0.055682921 0.86829987 42.120502
0.86673459 -0.0021630065 -0.49876493 -16.896583 -0.024333148 0.99861647 -0.046615934 -2.9669445 0.49817575 0.052540164 0.8654828 43.046458
0.8650744 -0.0014800757 -0.50164138 -17.412597 -0.022858697 0.9988406 -0.042366584 -3.0375109 0.50112253 0.048117116 0.8640376 43.974297
0.86096572 -0.0035250761 -0.50865075 -17.973018 -0.019834958 0.99898278 -0.040496761 -3.0945918 0.50827614 0.044955389 0.86002 44.872423
0.8558335 -0.0082134484 -0.51718617 -18.549113 -0.016115027 0.99896515 -0.042531547 -3.1491658 0.51700033 0.044734393 0.85481548 45.783137
0.85121412 -0.0098023075 -0.52472699 -19.1227 -0.016673714 0.99881574 -0.045706813 -3.2152587 0.52455365 0.047655433 0.85004262 46.68784
0.84485864 -0.009965967 -0.53489676 -19.68102 -0.017288305 0.99879571 -0.04591566 -3.2796112 0.53471022 0.048039701 0.84366889 47.581197
0.83947082 -0.007109931 -0.54335823 -20.28917 -0.01779478 0.99901844 -0.040564674 -3.3353628 0.54311335 0.0437218 0.83852031 48.488241
0.83438971 -0.0049711064 -0.55115249 -20.868005 -0.017504262 0.99921594 -0.035512103 -3.4000577 0.55089693 0.039278452 0.83364849 49.351964
0.82976224 -0.0030249617 -0.55810882 -21.503335 -0.021114765 0.99909929 -0.036807286 -3.4551363 0.55771751 0.042325633 0.82895099 50.239421
0.82627005 -0.0050955231 -0.56325111 -22.102666 -0.022019462 0.99890253 -0.041338491 -3.5099235 0.56284365 0.046559244 0.82525104 51.120112
0.82495136 -0.0067778377 -0.56516307 -22.73456 -0.024918798 0.99851966 -0.048348167 -3.5783239 0.56465418 0.053968071 0.82356125 51.971688
0.82104798 -0.0081441183 -0.57080107 -23.318438 -0.025014651 0.99842453 -0.050226805 -3.6320578 0.57031089 0.055517007 0.81955072 52.811666
0.81739615 -0.0068374639 -0.57603538 -23.926445 -0.024201284 0.99863921 -0.046195417 -3.7022404 0.57556742 0.051700752 0.81611837 53.669508
0.81466463 -0.0058575814 -0.57990275 -24.576471 -0.021690369 0.99894158 -0.040561554 -3.7648248 0.57952661 0.045622369 0.81367533 54.568291
0.81229976 -0.0049406 -0.58321923 -25.213431 -0.020902784 0.99907511 -0.037576532 -3.8237429 0.58286551 0.042714314 0.8114452 55.448554
0.80976227 -0.0019537579 -0.58675482 -25.847987 -0.025220596 0.99895437 -0.038132453 -3.8807006 0.58621584 0.045676528 0.80886629 56.268757
0.80458907 -0.0041474434 -0.59381748 -26.50005 -0.024398157 0.99890037 -0.040034813 -3.9322447 0.59333059 0.046699626 0.80360313 57.128964
0.8023905 -0.0058566937 -0.5967706 -27.141744 -0.024429398 0.99879141 -0.042648768 -4.0031594 0.59629918 0.048799713 0.80127767 58.05347
0.79900081 -0.0067477815 -0.60129205 -27.829935 -0.024037072 0.99877944 -0.043149055 -4.0558428 0.60084935 0.048929431 0.79786339 58.873435
0.79327861 -0.0073735906 -0.60881413 -28.493675 -0.02280574 0.99886513 -0.041813299 -4.1201936 0.60843157 0.047054053 0.79221018 59.698297
0.7882342 -0.0064756775 -0.61534127 -29.132138 -0.023904454 0.9988677 -0.041132706 -4.1806471 0.61491094 0.047131603 0.78718688 60.550741
0.78275509 -0.0080908793 -0.62227725 -29.836944 -0.022932153 0.9988614 -0.041833323 -4.2397369 0.62190724 0.047015404 0.7816783 61.352391
0.77761313 -0.0093795055 -0.62867306 -30.547483 -0.022547388 0.99882958 -0.042791194 -4.3082908 0.62833866 0.04744993 0.77649151 62.220758
0.77268477 -0.0109762 -0.634695 -31.220221 -0.021674153 0.99881133 -0.043659459 -4.3632555 0.63441982 0.047491476 0.77152841 63.020403
0.76573531 -0.010444505 -0.643071 -31.954185 -0.023897482 0.99871563 -0.044676613 -4.4366758 0.64271174 0.049578238 0.76450222 63.884157
0.76182665 -0.015231079 -0.64760184 -32.646628 -0.018966281 0.99877048 -0.045801861 -4.4922415 0.64750326 0.047175677 0.76060109 64.73119
0.75517982 -0.013965337 -0.65536889 -33.417945 -0.020951005 0.99874806 -0.045424231 -4.5617183 0.65518283 0.048034099 0.75394179 65.568742
0.74885695 -0.014271253 -0.66257797 -34.123351 -0.020239271 0.99880933 -0.044388101 -4.6260209 0.66242258 0.046650433 0.74767646 66.334763
0.74384794 -0.016407531 -0.66814744 -34.894593 -0.016897482 0.99891738 -0.043342116 -4.6879818 0.66813529 0.043529953 0.74276539 67.172634
0.7350183 -0.017368647 -0.67782475 -35.642033 -0.01684958 0.99889527 -0.043867103 -4.7522577 0.67783791 0.043664186 0.73391365 67.96982
0.73032954 -0.020491824 -0.68278753 -36.403275 -0.01486724 0.99883634 -0.045879516 -4.8173835 0.68293321 0.043658332 0.72917503 68.823671
0.72671197 -0.016055873 -0.6867546 -37.141424 -0.021240078 0.99872363 -0.045825391 -4.8875289 0.68661387 0.047888582 0.72544339 69.587465
0.72107991 -0.018338487 -0.69260914 -37.963948 -0.017967067 0.99881855 -0.045151744 -4.9520848 0.69261894 0.045002171 0.7198985 70.427856
0.71595131 -0.019288544 -0.69788368 -38.703311 -0.017139089 0.99883141 -0.04518913 -5.0178159 0.69793984 0.044314308 0.71478407 71.241989
0.71140929 -0.01707928 -0.70257034 -39.570097 -0.021037044 0.99873912 -0.045580762 -5.0836485 0.70246303 0.047206581 0.71015299 72.023151
0.70772176 -0.020051564 -0.70620662 -40.406685 -0.019847328 0.99863834 -0.048244585 -5.161937 0.70621245 0.048160058 0.70636012 72.828969
0.70145971 -0.020928489 -0.71240173 -41.196032 -0.022018725 0.99845526 -0.051012519 -5.2262821 0.71236893 0.051469405 0.69991532 73.598682
0.69645837 -0.022804592 -0.71723472 -42.034981 -0.020740794 0.99843764 -0.051885471 -5.2980682 0.71729743 0.051012088 0.69489726 74.386556
0.69151635 -0.021609488 -0.72203748 -42.890316 -0.021430768 0.99849873 -0.050408424 -5.3764019 0.72204287 0.050332067 0.69001509 75.213321
0.68554421 -0.020708327 -0.72773639 -43.697114 -0.021690561 0.99857067 -0.048848136 -5.447437 0.72770784 0.049272568 0.68411517 75.96212
0.68141638 -0.024052038 -0.73150063 -44.587479 -0.017944276 0.99861042 -0.049550385 -5.5225635 0.731676 0.046890694 0.6800379 76.778938
0.67558469 -0.02352483 -0.73690696 -45.395075 -0.019363927 0.9985799 -0.049630951 -5.5920779 0.7370281 0.047799323 0.67416975 77.533003
0.6724723 -0.024871984 -0.73970423 -46.344986 -0.017159044 0.99864262 -0.04917804 -5.6697763 0.73992339 0.045763487 0.67113272 78.326549
0.66890579 -0.025521717 -0.7429089 -47.223544 -0.016767184 0.99863813 -0.049403937 -5.7465813 0.74315809 0.04550307 0.6675669 79.146586
0.66368759 -0.029057957 -0.74744523 -48.071918 -0.012867429 0.9986538 -0.050249556 -5.8131697 0.74789923 0.042967706 0.66242024 79.848665
0.66111967 -0.032817772 -0.74956236 -48.973468 -0.011072543 0.99850735 -0.053483291 -5.8958456 0.75019879 0.043658418 0.65976948 80.658372
0.6556083 -0.03637075 -0.75422469 -49.884898 -0.0081722898 0.99843904 -0.05525117 -5.9743168 0.75505697 0.042386869 0.65428769 81.436143
0.64868025 -0.040507472 -0.75998226 -50.785866 -0.0022611037 0.99847556 -0.055149253 -6.0520465 0.76105773 0.03749263 0.64759978 82.190987
0.64070193 -0.045198008 -0.76645817 -51.690693 0.0041890756 0.99845672 -0.055377198 -6.1330856 0.76777831 0.032269527 0.63990249 82.97388
0.63325518 -0.045837477 -0.77258446 -52.634614 0.0058936791 0.99850127 -0.05441033 -6.2164325 0.77392066 0.029902259 0.63257626 83.703175
0.62381513 -0.043947483 -0.78033534 -53.567736 0.0059090273 0.99865453 -0.051519148 -6.3007264 0.78154962 0.027527401 0.62323549 84.501985
0.61499073 -0.042141107 -0.78740744 -54.549559 0.0030501973 0.9986906 -0.051066426 -6.3905532 0.78852847 0.02900363 0.614314 85.285183
0.60579901 -0.04561199 -0.79430917 -55.535972 0.0052561483 0.99856299 -0.053332225 -6.4598608 0.7956004 0.028133602 0.60516821 86.005596
0.5975634 -0.047159424 -0.80043358 -56.519737 0.0050013633 0.99846868 -0.055093361 -6.5457972 0.8018061 0.028918517 0.5968842 86.708075
0.5856876 -0.04829105 -0.809097 -57.521207 0.003886822 0.99837944 -0.05677481 -6.622894 0.8105276 0.030107486 0.58492616 87.427733
0.5786226 -0.04990216 -0.81406732 -58.538246 0.0082288699 0.99843284 -0.055354814 -6.7069488 0.81555394 0.025330692 0.57812644 88.103351
0.56535655 -0.050563653 -0.82329535 -59.534968 0.011099905 0.99849534 -0.053701467 -6.7884253 0.82477198 0.021221976 0.56506714 88.859174
0.55630476 -0.049742722 -0.82948816 -60.573515 0.0088353595 0.9985044 -0.053952758 -6.8788986 0.83093141 0.02268535 0.55591225 89.487801
0.54754751 -0.050743453 -0.83523456 -61.612815 0.0077523275 0.99842438 -0.055575686 -6.9590835 0.83673872 0.023955316 0.54707817 90.155034
0.53756995 -0.051063264 -0.84167157 -62.64093 0.0057788343 0.99836437 -0.056878736 -7.0490637 0.84319939 0.025712419 0.53698577 90.816353
0.52749619 -0.053384258 -0.84787843 -63.744614 0.0074392725 0.99827575 -0.058225354 -7.1315751 0.84952486 0.024406054 0.5269838 91.488253
0.51867062 -0.050984491 -0.85345258 -64.84254 0.0022627407 0.99829874 -0.058262329 -7.2330042 0.85497119 0.028287817 0.51790359 92.127136
0.50901073 -0.049903142 -0.85931233 -65.909933 0.0030625718 0.99841667 -0.056167292 -7.3144297 0.86075476 0.025958049 0.50835764 92.753361
0.50075776 -0.048703089 -0.86421618 -66.973285 0.0043603828 0.99854508 -0.053746661 -7.399844 0.86557652 0.023145744 0.50024157 93.365674
0.49280769 -0.049108711 -0.86875132 -68.097666 0.0049081223 0.99854712 -0.053661618 -7.4900752 0.87012445 0.02218092 0.49233273 93.990274
0.48640459 -0.051392892 -0.87222089 -69.222451 0.0054780261 0.99842837 -0.055774385 -7.5785192 0.87371656 0.022350868 0.48592168 94.619179
0.48161271 -0.05510037 -0.87465026 -70.30577 0.0081843619 0.99826083 -0.058380875 -7.6611153 0.87634598 0.020958517 0.48122607 95.193721
0.47065852 -0.059278825 -0.88032182 -71.460097 0.01165085 0.99807107 -0.060978731 -7.752149 0.88223856 0.018443661 0.4704413 95.754663
0.46978421 -0.061507725 -0.88063587 -72.545894 0.011351838 0.99790818 -0.063642817 -7.8536889 0.88270833 0.019901555 0.46949973 96.388877
0.4623732 -0.061841161 -0.88452622 -73.660012 0.012396109 0.99791825 -0.063289017 -7.9584466 0.8865988 0.018298462 0.46217725 96.987401
0.46096572 -0.060341918 -0.88536399 -74.826036 0.014888798 0.99807097 -0.060271585 -8.0608664 0.88729307 0.014601128 0.46097492 97.580361
0.45553948 -0.058513787 -0.88829041 -75.929757 0.020109371 0.99825921 -0.05544506 -8.1532568 0.88998846 0.0073944518 0.45592316 98.164774
0.45230533 -0.057121436 -0.890032 -77.058849 0.019771241 0.99834381 -0.054025243 -8.243965 0.89164402 0.0068388673 0.45268559 98.712458
0.45075616 -0.057347999 -0.89080302 -78.160256 0.020893227 0.99833858 -0.053698706 -8.3339733 0.89240261 0.0055932725 0.45120545 99.273751
0.44768257 -0.05613501 -0.89242877 -79.261598 0.022343623 0.99841819 -0.051593322 -8.4257788 0.89391339 0.0031573379 0.44822868 99.840656
0.44307601 -0.056395474 -0.89470841 -80.373432 0.025467861 0.99840839 -0.050319764 -8.5123061 0.89612226 -0.00049082949 0.44380708 100.38301
0.44239401 -0.057504628 -0.89497525 -81.508158 0.028114218 0.99834094 -0.050249057 -8.6020323 0.89638005 -0.0029316482 0.44327674 100.92841
0.44057981 -0.059017255 -0.89577136 -82.571368 0.031896251 0.99823575 -0.050080067 -8.6859586 0.89714666 -0.0065074829 0.44168495 101.40899
0.43799477 -0.057075074 -0.89716384 -83.690141 0.033268173 0.99832802 -0.04726936 -8.7636109 0.89836177 -0.0091432699 0.43916124 102.0011
0.43540141 -0.056431101 -0.89846596 -84.754364 0.035495792 0.99833341 -0.045502154 -8.8450985 0.8995364 -0.01208006 0.43667884 102.50766
0.43307843 -0.057613257 -0.89951304 -85.823237 0.038078219 0.99823364 -0.04560316 -8.9301043 0.9005516 -0.014502111 0.43450727 103.03948
0.43148728 -0.058489639 -0.90022087 -86.898126 0.037941039 0.99818959 -0.046669296 -9.0026696 0.90132085 -0.014018109 0.43292527 103.51738
0.43236673 -0.060065646 -0.89969498 -87.98773 0.039526602 0.99808225 -0.047638887 -9.0886145 0.90083113 -0.014964416 0.43391176 104.02333
0.43212933 -0.060375834 -0.89978827 -89.001826 0.038458915 0.99808243 -0.048501227 -9.1710978 0.90099125 -0.013646079 0.43362268 104.50972
0.43619696 -0.059830383 -0.89785994 -90.028395 0.03489139 0.99816135 -0.049563251 -9.2530715 0.89917455 -0.0097082424 0.43748252 105.01352
0.44104394 -0.061549039 -0.89537249 -91.087383 0.036085969 0.99805505 -0.050832287 -9.3383203 0.89675979 -0.0098911126 0.44240719 105.46156
0.44530025 -0.061151586 -0.8932906 -92.056609 0.033648551 0.99810323 -0.051553086 -9.4142099 0.89474886 -0.0071013324 0.44651328 105.95861
0.45309186 -0.060786582 -0.88938894 -93.046654 0.031694543 0.99814021 -0.052072823 -9.4929904 0.89090027 -0.0045950046 0.45417581 106.45455
0.45810249 -0.060452865 -0.8868413 -94.038741 0.032454304 0.99815702 -0.051276429 -9.5700443 0.88830675 -0.0052919581 0.45922018 106.9849
0.46634633 -0.058129689 -0.88269019 -95.024291 0.028511659 0.99830786 -0.050680317 -9.6462983 0.88414266 -0.0015323827 0.46721459 107.49272
0.47482118 -0.059200574 -0.87808888 -95.999131 0.031642116 0.99823828 -0.050190742 -9.7264583 0.87951333 -0.0039529633 0.47585791 107.99354
0.48364853 -0.056584143 -0.87343132 -96.959432 0.026689396 0.99839749 -0.049901096 -9.7936443 0.87485533 0.00082323659 0.48438368 108.53696
0.4954121 -0.060512031 -0.86654779 -97.918153 0.031172774 0.99816661 -0.051881408 -9.8804463 0.8680986 -0.0013100214 0.49639015 109.07024
0.50386833 -0.059245997 -0.86174622 -98.854102 0.0253957 0.9982298 -0.053780371 -9.9494158 0.8634071 0.0052135766 0.50448097 109.60469
0.51525049 -0.058728961 -0.85502502 -99.805581 0.021205932 0.99821756 -0.055785401 -10.030608 0.85677728 0.010611852 0.51557749 110.16751
0.52837222 -0.058616653 -0.84698691 -100.71747 0.022608095 0.99823146 -0.054980186 -10.109123 0.8487118 0.0099012422 0.52876299 110.7543
0.54274081 -0.055545472 -0.83806148 -101.70948 0.019508165 0.99837529 -0.053537062 -10.184717 0.83967369 0.012707707 0.54294261 111.31798
0.55242328 -0.054748675 -0.83176381 -102.56596 0.021407139 0.99844342 -0.051502183 -10.258054 0.83328885 0.010645321 0.5527354 111.87123
0.56397005 -0.053462927 -0.82406277 -103.45969 0.020460358 0.99850039 -0.050777352 -10.340322 0.82554177 0.011776286 0.56421818 112.51236
0.57398991 -0.053324091 -0.81712427 -104.28468 0.019845306 0.99849023 -0.051219356 -10.407696 0.81862189 0.013183312 0.57418155 113.12002
0.58549419 -0.05448083 -0.80884382 -105.14491 0.020044145 0.9984071 -0.052739869 -10.487651 0.8104288 0.014666304 0.58565358 113.74382
0.59389622 -0.056667687 -0.80254346 -105.95558 0.023124434 0.99830659 -0.053378058 -10.558618 0.8042093 0.013142663 0.59420091 114.30133
0.60663202 -0.055551494 -0.79303945 -106.81443 0.022111781 0.99834867 -0.053018857 -10.637958 0.79467523 0.014627421 0.60685861 114.91763
0.61706595 -0.05468329 -0.78500911 -107.62239 0.022990898 0.99840954 -0.051476368 -10.707404 0.78657554 0.013716249 0.61734174 115.56068
0.62667031 -0.051343468 -0.77759123 -108.40904 0.021439266 0.99858541 -0.048657296 -10.777007 0.77898955 0.013821098 0.6268846 116.19905
0.6374939 -0.051353171 -0.76874204 -109.18565 0.023190896 0.99860309 -0.04747676 -10.849523 0.77010633 0.012438328 0.63779431 116.82085
0.64705903 -0.049612126 -0.76082403 -109.96295 0.019573715 0.99863271 -0.04847237 -10.917925 0.76218865 0.016472331 0.64714541 117.46923
0.65631033 -0.049304957 -0.75287829 -110.72294 0.018536247 0.99861499 -0.049239219 -10.988684 0.75426335 0.01836067 0.65631527 118.12774
0.66574963 -0.047494519 -0.74466211 -111.46614 0.016315127 0.9986602 -0.049108309 -11.053283 0.74599685 0.020544581 0.66563253 118.79516
0.67522699 -0.046434064 -0.73614696 -112.19397 0.01734227 0.99874007 -0.047090587 -11.122507 0.73740613 0.019030376 0.67518152 119.4338
0.68310833 -0.045248532 -0.72891394 -112.87886 0.017603509 0.99880898 -0.045505422 -11.186959 0.7301049 0.01825369 0.68309127 120.12174
0.69146906 -0.044998165 -0.72100323 -113.57309 0.018916449 0.99884374 -0.044196746 -11.250345 0.72215839 0.016921862 0.69152075 120.74879
0.69953261 -0.043471634 -0.71327715 -114.26566 0.017012922 0.99887815 -0.04419288 -11.309577 0.71439816 0.018779432 0.69948742 121.3811
0.70729239 -0.042344094 -0.70565176 -114.9386 0.0166518 0.99892541 -0.043252071 -11.369498 0.70672501 0.018841488 0.70723745 122.06548
0.71333959 -0.040215379 -0.69966371 -115.572 0.015916665 0.99902437 -0.041194301 -11.43329 0.7006378 0.018249213 0.71328373 122.74591
0.72090981 -0.037118171 -0.69203413 -116.23257 0.01442074 0.9991519 -0.038568385 -11.491722 0.69287887 0.017824682 0.72083368 123.42455
0.72816409 -0.036978833 -0.68440455 -116.88376 0.015256506 0.9991706 -0.037753874 -11.549832 0.68523305 0.017049393 0.72812432 124.08327
0.73585985 -0.034703888 -0.67624395 -117.49851 0.013335395 0.99923484 -0.036768317 -11.604675 0.67700257 0.018038348 0.73575959 124.75171
0.7434243 -0.032323896 -0.6680385 -118.08568 0.011242529 0.99929427 -0.035840921 -11.649187 0.66872562 0.01913457 0.74326305 125.41561
0.75214932 -0.029801157 -0.65831851 -118.70036 0.010856874 0.99940174 -0.032837202 -11.704429 0.65890331 0.017551198 0.75202289 126.08003
0.76126274 -0.026141784 -0.64791636 -119.26295 0.0087026822 0.99950893 -0.030102526 -11.742648 0.64838518 0.017277321 0.76111641 126.73716
0.77036894 -0.023301628 -0.63717242 -119.78976 0.0061973181 0.99955842 -0.029061391 -11.794671 0.63756829 0.018439233 0.77017317 127.42661
0.78049522 -0.023210128 -0.62473072 -120.33722 0.0057589638 0.9995351 -0.029940091 -11.836169 0.62513525 0.019770296 0.78026603 128.07698
0.78994336 -0.023393005 -0.61273341 -120.85723 0.0052014229 0.9994917 -0.031452969 -11.880386 0.61315778 0.021658978 0.78966351 128.76718
0.7996863 -0.022763468 -0.59998634 -121.36655 0.0052128122 0.99950662 -0.030973408 -11.927091 0.60039543 0.021641394 0.79941041 129.42427
0.81023145 -0.021595469 -0.58571204 -121.87113 0.0051239247 0.99954377 -0.029765569 -11.962684 0.58608768 0.021115856 0.80997246 130.1307
0.82046255 -0.01929709 -0.57137449 -122.35431 0.0046455539 0.99962222 -0.027089583 -11.996263 0.57168143 0.019571637 0.82024223 130.80125
0.8293192 -0.018126841 -0.55848103 -122.84721 0.0052075732 0.999681 -0.024714032 -12.043305 0.5587509 0.01758749 0.82914904 131.49265
0.83742944 -0.016913327 -0.54628367 -123.27279 0.0057770641 0.99973915 -0.022096637 -12.078228 0.54651495 0.015348458 0.8373087 132.21252
0.84607612 -0.016205446 -0.53281569 -123.72674 0.0065783863 0.9997791 -0.019961971 -12.106211 0.53302153 0.013384279 0.84599583 132.928
0.85268507 -0.016396738 -0.52216789 -124.17932 0.0080371636 0.99980078 -0.018270565 -12.143694 0.52236348 0.011382289 0.85264697 133.65214
0.85903858 -0.016232472 -0.5116534 -124.61744 0.0082253738 0.99980578 -0.017909402 -12.174525 0.51184479 0.011176327 0.85900525 134.36933
0.86601197 -0.015867602 -0.49977142 -125.06796 0.0078105155 0.99980369 -0.018209299 -12.200066 0.49996229 0.011865998 0.8659659 135.08108
0.87243505 -0.013934253 -0.48853138 -125.46805 0.0062365239 0.9998295 -0.017380491 -12.232569 0.4886903 0.012116612 0.8723732 135.81353
0.87807372 -0.012991923 -0.47834896 -125.85122 0.0055702788 0.99984115 -0.016930618 -12.248429 0.47849298 0.012201794 0.87800661 136.56514
0.8836746 -0.013488635 -0.46790729 -126.26768 0.0060612859 0.99983066 -0.017375551 -12.281023 0.46806247 0.012518213 0.88360672 137.33034
0.88900289 -0.014766697 -0.45766339 -126.66779 0.0073833188 0.99981221 -0.017917389 -12.309937 0.45784207 0.012549536 0.88894498 138.08397
0.89304036 -0.015032819 -0.44972536 -127.03528 0.007464298 0.99979918 -0.018597752 -12.343229 0.44991467 0.013251659 0.89297324 138.85492
0.89582242 -0.014421496 -0.44417811 -127.43823 0.0073511692 0.99981745 -0.017635993 -12.374974 0.4443514 0.012533489 0.8957649 139.64069
0.89957382 -0.012662906 -0.43658514 -127.84077 0.0070114074 0.9998695 -0.014553806 -12.394086 0.43671249 0.010031147 0.89954521 140.44044
0.90273686 -0.0092619958 -0.43009343 -128.21221 0.0051215591 0.99992874 -0.010783508 -12.412805 0.4301627 0.007531921 0.90271997 141.25257
0.90628074 -0.0057804129 -0.42263672 -128.61582 0.002860631 0.99996746 -0.0075423883 -12.438411 0.4226666 0.0056265133 0.90626779 142.07292
0.90909732 -0.0036529661 -0.41656776 -128.98108 0.0014233556 0.99998295 -0.0056627886 -12.460034 0.41658138 0.0045551016 0.90908703 142.8938
0.9123383 -0.0018739198 -0.40943291 -129.38165 0.00049495997 0.99999384 -0.0034739208 -12.470267 0.40943693 0.0029667378 0.91233361 143.75005
0.91565266 -0.00062508087 -0.4019699 -129.7987 0.00043618504 0.99999975 -0.00056145209 -12.485964 0.40197019 0.00033876152 0.9156527 144.57528
0.91883386 -0.00028852135 -0.39464445 -130.16321 0.0010830487 0.99999781 0.0017905254 -12.508338 0.39464311 -0.0020726149 0.91883216 145.46449
0.92205298 -0.00085309959 -0.38706274 -130.53432 0.0019199591 0.99999535 0.0023696628 -12.519715 0.38705895 -0.0029280996 0.92205033 146.36488
0.9256477 -0.0015043192 -0.37838349 -130.92426 0.002640051 0.99999343 0.002482792 -12.514022 0.37837731 -0.0032971428 0.92564559 147.25258
0.92942215 -0.0041928165 -0.3689944 -131.26368 0.0052258067 0.99998473 0.0018001023 -12.541467 0.36898125 -0.0036013488 0.92942987 148.16329
0.93289615 -0.0057249628 -0.36009996 -131.63188 0.0063648035 0.99997957 0.00059109808 -12.548107 0.36008925 -0.002843399 0.93291353 149.09376
0.93759249 -0.0065487707 -0.3476743 -131.9831 0.0066216292 0.9999776 -0.0009786016 -12.568484 0.34767295 -0.0013846411 0.93761485 150.03501
0.94216257 -0.0050784426 -0.33511773 -132.34755 0.0045077239 0.99998676 -0.0024808206 -12.580779 0.33512592 0.00082671782 0.94217299 151.0056
0.94776055 -0.0016864568 -0.3189782 -132.68944 0.0014308168 0.99999844 -0.0010357528 -12.588829 0.31897948 0.00052524602 0.94776148 151.98609
0.95410697 0.002430103 -0.29945613 -133.00399 -0.0019827126 0.99999642 0.0017978406 -12.600384 0.29945945 -0.0011215971 0.95410837 153.00324
0.95977978 0.0052106387 -0.28070558 -133.3041 -0.0043164193 0.99998345 0.0038037743 -12.608345 0.28072078 -0.0024391429 0.95978638 154.01283
0.96582199 0.0071452045 -0.25910775 -133.58497 -0.0061840471 0.99997064 0.0045243972 -12.634109 0.2591325 -0.0027674281 0.96583782 155.07317
0.97129873 0.0083984386 -0.23771462 -133.86314 -0.0071941323 0.99995652 0.0059332583 -12.632626 0.23775413 -0.0040528161 0.97131692 156.10148
0.97630235 0.0090761001 -0.21622058 -134.10018 -0.0074791899 0.99993839 0.0082026911 -12.653935 0.21628172 -0.0063911521 0.97631008 157.17533
0.98113241 0.010901334 -0.19302939 -134.3177 -0.0088193706 0.99989334 0.011641756 -12.648337 0.19313573 -0.0097197065 0.98112391 158.26339
0.98531668 0.012957782 -0.17024434 -134.51997 -0.010372972 0.99981716 0.01606368 -12.652994 0.17042138 -0.014061872 0.98527094 159.36839
0.98893123 0.014590099 -0.14765553 -134.69869 -0.011895622 0.99974652 0.019115097 -12.647536 0.14789701 -0.017147062 0.98885411 160.50885
0.99208092 0.015999675 -0.12457708 -134.87361 -0.013721188 0.99972292 0.01912642 -12.644775 0.12484859 -0.017265611 0.99202557 161.62219
0.99442877 0.015935521 -0.10419923 -134.99986 -0.014201462 0.9997484 0.017362605 -12.641242 0.1044497 -0.015786093 0.99440488 162.77411
0.99658913 0.015931618 -0.080970854 -135.10495 -0.014655717 0.99975928 0.016327551 -12.632718 0.081211494 -0.015085175 0.99658273 163.94671
0.99797639 0.014671757 -0.061869711 -135.19485 -0.013573518 0.99974343 0.018133951 -12.638115 0.062119899 -0.017257466 0.99791948 165.12537
0.99903148 0.015139699 -0.04131449 -135.23067 -0.014321335 0.99969675 0.020032782 -12.622525 0.041605255 -0.019421702 0.99894534 166.32721
0.99967829 0.015145841 -0.020345179 -135.28175 -0.014718632 0.99967142 0.020986205 -12.617833 0.02065635 -0.020680001 0.99957274 167.51258
0.99985974 0.016744024 0.00035886679 -135.31377 -0.01674787 0.99962894 0.021482551 -12.615697 9.7073693e-07 -0.021485548 0.99976916 168.72921
0.99966229 0.016730452 0.019884586 -135.30415 -0.017166322 0.99961157 0.02195524 -12.59659 -0.019509543 -0.022289171 0.99956119 169.95143
0.99901465 0.019089642 0.040066501 -135.24806 -0.019971617 0.9995644 0.021729118 -12.58845 -0.03963425 -0.0225079 0.99896072 171.19668
0.9978902 0.020145288 0.061719603 -135.16364 -0.021429655 0.99956589 0.020218849 -12.577286 -0.0612855 -0.021498822 0.99788872 172.45975
0.99659877 0.020177593 0.079898386 -135.1053 -0.021720144 0.9995932 0.018484506 -12.572908 -0.079492917 -0.02015704 0.99663161 173.69665
0.99479216 0.022267351 0.099462137 -134.98308 -0.023943302 0.99959022 0.015688201 -12.568694 -0.099072052 -0.017987952 0.99491767 174.98184
0.99274962 0.022601462 0.11805664 -134.8505 -0.024384554 0.99960904 0.013680968 -12.562628 -0.11770129 -0.016460534 0.99291261 176.25671
0.99012726 0.02240337 0.13836942 -134.68011 -0.024180368 0.99964516 0.011174581 -12.56716 -0.13806999 -0.014410081 0.99031764 177.559
0.98760978 0.023831041 0.15510962 -134.49647 -0.025045468 0.99966902 0.0058796776 -12.574934 -0.15491818 -0.0096916203 0.98787977 178.82295
0.98474233 0.025439507 0.17214928 -134.28256 -0.025710327 0.99966922 -0.00065667829 -12.597542 -0.17210905 -0.0037793553 0.98507065 180.14833
0.9813768 0.027857234 0.19006195 -134.04008 -0.02723653 0.99961174 -0.0058776665 -12.603495 -0.19015191 0.0005915777 0.9817545 181.44762
0.97765214 0.030047785 0.20807071 -133.76989 -0.028638031 0.99954195 -0.0097850922 -12.642201 -0.20826945 0.0036076809 0.97806484 182.76621
0.97357743 0.032684238 0.22600603 -133.46909 -0.030517451 0.99944871 -0.0130754 -12.677933 -0.22630882 0.005832786 0.97403814 184.12536
0.9692811 0.031843236 0.24388554 -133.17686 -0.029606731 0.99947926 -0.012831473 -12.709081 -0.24416716 0.0052166506 0.96971913 185.4328
0.96515124 0.03075829 0.25987881 -132.81817 -0.028270132 0.99951174 -0.013307435 -12.741129 -0.26016126 0.0054968794 0.96554954 186.82608
0.96048696 0.030678929 0.27662899 -132.4555 -0.026786117 0.99948197 -0.017840944 -12.803039 -0.27703305 0.0097261781 0.96081117 188.13061
0.95571765 0.031806701 0.29256128 -132.06385 -0.026451164 0.99940258 -0.022244422 -12.850182 -0.29309404 0.013520801 0.95598801 189.43394
0.95034251 0.034007265 0.30934223 -131.64708 -0.028325556 0.99933775 -0.022841257 -12.885264 -0.30991417 0.012944728 0.95067642 190.81415
0.94436236 0.035817826 0.32695078 -131.20649 -0.030005138 0.99928952 -0.022806668 -12.939852 -0.3275354 0.011727556 0.94476613 192.09907
0.93789616 0.03995558 0.34460752 -130.73498 -0.032843453 0.99911035 -0.026454113 -12.984195 -0.34535796 0.013493111 0.93837403 193.49222
0.93096383 0.041028337 0.36279886 -130.22658 -0.032285739 0.9990244 -0.0301309 -13.052287 -0.36368117 0.016337549 0.93138021 194.79555
0.92446214 0.041708807 0.37898564 -129.70115 -0.03161326 0.99896102 -0.032825023 -13.111779 -0.37996101 0.01836452 0.92482019 196.18096
0.91710907 0.041957823 0.39642209 -129.13955 -0.029585624 0.99886695 -0.037276027 -13.185712 -0.39753698 0.022457788 0.91731129 197.4689
0.90854986 0.045315152 0.41531153 -128.5549 -0.030016236 0.99861131 -0.043295157 -13.278645 -0.41669676 0.02686972 0.90864836 198.78898
0.89937503 0.049252904 0.43439463 -127.94975 -0.031831315 0.99837367 -0.047294587 -13.359632 -0.4360176 0.028708219 0.89948013 200.12806
0.88691969 0.051703074 0.45902095 -127.30946 -0.033230329 0.99828301 -0.048236726 -13.437527 -0.46072684 0.027528686 0.88711497 201.4328
0.87377029 0.056259891 0.4830738 -126.63644 -0.036044242 0.99804601 -0.051038938 -13.534559 -0.48500136 0.027184279 0.87409079 202.72873
0.85855572 0.060607219 0.50912554 -125.89474 -0.038231781 0.99779208 -0.054307412 -13.635488 -0.5112929 0.027161165 0.85897722 204.03889
0.8444986 0.063878033 0.5317346 -125.14353 -0.03928579 0.99757532 -0.05744662 -13.738207 -0.53411494 0.027623978 0.84496046 205.30802
0.82942703 0.065904473 0.55471378 -124.34682 -0.039397819 0.99744483 -0.059595528 -13.846663 -0.55722405 0.02757563 0.82990419 206.54841
0.81265395 0.066907537 0.57889283 -123.50024 -0.038120549 0.9973628 -0.061759748 -13.954989 -0.58149841 0.028121592 0.81306137 207.77066
0.79728087 0.068924705 0.59966038 -122.63297 -0.036320153 0.99713709 -0.066320903 -14.078731 -0.60251481 0.031096631 0.79750168 208.98539
0.78119207 0.071661523 0.62016412 -121.71532 -0.034650004 0.99683571 -0.071539864 -14.207385 -0.62332845 0.034397687 0.78120322 210.18594
0.76382347 0.073348786 0.64124381 -120.78058 -0.032873276 0.99665318 -0.074845044 -14.334987 -0.64458753 0.036088618 0.76367831 211.3364
0.7474677 0.074810037 0.66007231 -119.77743 -0.030948494 0.99648139 -0.077891179 -14.475226 -0.66357687 0.037792898 0.74715291 212.5105
0.73107342 0.075778128 0.67807765 -118.77078 -0.029112829 0.99637278 -0.079960825 -14.621761 -0.68167745 0.038716476 0.73062776 213.6169
0.71488574 0.075909336 0.69510871 -117.74148 -0.026836286 0.99633607 -0.08120504 -14.754971 -0.69872616 0.03939819 0.71430356 214.72675
0.70068245 0.076657114 0.70934318 -116.70176 -0.024218657 0.99619384 -0.083733456 -14.908979 -0.71306213 0.041491225 0.69987207 215.80776
0.68449993 0.07819975 0.72480659 -115.57753 -0.021520566 0.99596436 -0.087131295 -15.055443 -0.72869524 0.044043119 0.68342044 216.87472
0.67096253 0.080248163 0.73713599 -114.47616 -0.01914414 0.9956698 -0.090967843 -15.220681 -0.74124411 0.046924181 0.66959341 217.91936
0.65516967 0.083255012 0.75088032 -113.32273 -0.018446573 0.99537589 -0.094268545 -15.38809 -0.75525656 0.047910725 0.65367586 218.91102
0.63855974 0.083249655 0.76505615 -112.19488 -0.016682032 0.99539549 -0.09439027 -15.557264 -0.76939146 0.047511136 0.63700826 219.92901
0.62207946 0.084424741 0.77838908 -111.01198 -0.01697268 0.99538999 -0.094396475 -15.7158 -0.78277016 0.045510761 0.62064458 220.88421
0.60530908 0.085518946 0.7913832 -109.83862 -0.019205268 0.99549153 -0.0928858 -15.888189 -0.79575884 0.041025893 0.60422248 221.84235
0.58634871 0.086649181 0.80541111 -108.60707 -0.021552969 0.99557939 -0.091417392 -16.059376 -0.80977201 0.036243471 0.58562424 222.79246
0.56824233 0.087831666 0.81816025 -107.40123 -0.023214012 0.99560242 -0.090757567 -16.226884 -0.82253378 0.032579511 0.56778236 223.65267
0.55012549 0.090988438 0.83011023 -106.18366 -0.024611525 0.99538116 -0.092793398 -16.395553 -0.83471928 0.030617736 0.54982391 224.49393
0.53243207 0.094743504 0.84115379 -104.95193 -0.027188402 0.99511779 -0.094875598 -16.563269 -0.84603602 0.027645185 0.53240855 225.30672
0.51317126 0.095218182 0.8529881 -103.71837 -0.027905632 0.9951527 -0.094299395 -16.749051 -0.8578325 0.024588569 0.51334089 226.09605
0.49191134 0.093630358 0.86559605 -102.4497 -0.027561625 0.99537698 -0.092005533 -16.907825 -0.87020897 0.021401333 0.49221783 226.85062
0.47095251 0.091955976 0.8773527 -101.18951 -0.027584819 0.99560094 -0.089542455 -17.080799 -0.88172721 0.017968629 0.47141735 227.52979
0.44800658 0.090146107 0.88947384 -99.938611 -0.027038476 0.99581463 -0.087304867 -17.235448 -0.89362134 0.015063139 0.44856892 228.20052
0.42688088 0.089016572 0.89991594 -98.678363 -0.026164014 0.99594253 -0.086104122 -17.387105 -0.90392933 0.013210791 0.42747786 228.84126
