1 0 0 0 0 1 0 0 0 0 1 0
0.99993221 -0.0023338596 0.011407408 0.0054229722 0.0023215883 0.99999671 0.0010888714 -0.0069119861 -0.011409913 -0.0010623143 0.99993434 0.3139901
0.9998489 -0.0042821188 0.016847849 0.025709173 0.0042574244 0.99998981 0.0015013391 -0.011086162 -0.016854107 -0.0014293838 0.99985694 0.58098193
0.99978337 -0.0069772924 0.019609437 0.030371537 0.0069825472 0.9999756 -0.0001994921 -0.015326421 -0.019607569 0.00033637274 0.9998077 0.89792717
0.99979093 -0.008208417 0.018727434 0.029886604 0.0082350409 0.99996519 -0.0013449492 -0.023002183 -0.018715744 0.0014988892 0.99982372 1.2080299
0.99987755 -0.010729697 0.011391155 0.029023677 0.010769614 0.99993606 -0.0034486432 -0.021830906 -0.011353425 0.0035708993 0.99992917 1.5235477
0.99992346 -0.012295385 -0.001377088 0.020998617 0.012289031 0.99991422 -0.0045318299 -0.03572403 0.0014326906 0.00451456 0.99998878 1.8331343
0.99980383 -0.011293911 -0.016270824 -0.0018640268 0.011213952 0.99992464 -0.0049971553 -0.038836447 0.016326036 0.0048137149 0.99985513 2.1646308
0.99932031 -0.0073933775 -0.036114616 -0.04271438 0.0072062079 0.99995994 -0.0053100924 -0.042350853 0.036152432 0.0050462338 0.99933355 2.5081889
0.99847073 -0.0039355365 -0.055142727 -0.078755467 0.0035900439 0.99997331 -0.0063630876 -0.050595866 0.055166302 0.006155392 0.99845821 2.8579506
0.99718349 -0.0031353936 -0.074935043 -0.12023115 0.0026492826 0.99997481 -0.0065856224 -0.054280082 0.07495381 0.0063685499 0.99716667 3.2079262
0.9953321 -0.00441605 -0.096408007 -0.18225211 0.0038497677 0.99997423 -0.0060590313 -0.060830718 0.096432288 0.0056596 0.99532346 3.5992146
0.99325871 -0.0055053409 -0.11578787 -0.24332878 0.0049204444 0.99997365 -0.0053366726 -0.06891812 0.11581421 0.0047309687 0.99325963 3.9910428
0.9911651 -0.0048893641 -0.13254373 -0.31418705 0.0043076075 0.99997979 -0.0046755538 -0.077520222 0.13256392 0.0040632993 0.99116613 4.3961926
0.98889804 -0.0034862423 -0.14855471 -0.39729967 0.0029114003 0.99998741 -0.0040868479 -0.085488684 0.1485671 0.0036089736 0.98889575 4.8122514
0.98669649 -0.002977162 -0.16254592 -0.4766014 0.0023486625 0.99998901 -0.0040586216 -0.091447084 0.16255623 0.0036228621 0.98669263 5.2064998
0.98462844 -0.0044022841 -0.17460659 -0.57177799 0.003546508 0.99998012 -0.0052128855 -0.10013567 0.17462608 0.0045135116 0.98462448 5.6604333
0.9827773 -0.0070679236 -0.18465867 -0.65574831 0.005871779 0.99995809 -0.0070236434 -0.11336371 0.18470059 0.0058184023 0.98277761 6.0956855
0.98139458 -0.0063458186 -0.19189684 -0.74795388 0.0047912549 0.99995185 -0.0085639857 -0.12054563 0.19194196 0.0074852225 0.98137774 6.5500402
0.97973246 -0.0064208449 -0.20020759 -0.863635 0.0043915769 0.9999344 -0.010578288 -0.12630913 0.2002624 0.0094846649 0.97969639 7.0210063
0.97813936 -0.0066641157 -0.20784361 -0.96862345 0.0040337317 0.99990636 -0.013076852 -0.13661476 0.20791132 0.011952598 0.97807465 7.4956439
0.97640536 -0.010950882 -0.21566793 -1.0892688 0.0078954865 0.99985597 -0.015023604 -0.14683114 0.2158014 0.012966325 0.97635118 8.0057059
0.97454626 -0.016333173 -0.22359072 -1.2013857 0.01307864 0.99978599 -0.016029013 -0.16519101 0.2238047 0.012696753 0.97455131 8.5240379
0.97268071 -0.017425532 -0.23149207 -1.3322805 0.013491441 0.99973659 -0.01856685 -0.19063943 0.23175465 0.014936455 0.97265959 9.0348124
0.97052416 -0.013530657 -0.24062373 -1.4874691 0.0083019881 0.99970717 -0.022730158 -0.19177529 0.24086084 0.020062513 0.97035228 9.5650952
0.96850908 -0.010696105 -0.24874838 -1.6388168 0.0043875635 0.99965486 -0.025901752 -0.21007457 0.2489396 0.023994682 0.96822174 10.101069
0.96620316 -0.013355517 -0.25743557 -1.7982423 0.0063745566 0.99958948 -0.027932882 -0.23391962 0.25770297 0.025347802 0.96589165 10.67454
0.96365495 -0.015034141 -0.26672664 -1.9643684 0.0073944255 0.99953377 -0.029623801 -0.2608889 0.26704767 0.026574833 0.96331683 11.209616
0.96153724 -0.014983179 -0.27426562 -2.1352045 0.006311578 0.99945269 -0.032472759 -0.28528609 0.27460208 0.029492719 0.96110555 11.78333
0.95913936 -0.014405928 -0.28256706 -2.331301 0.0044478022 0.99934723 -0.035851533 -0.30854639 0.28289911 0.033129815 0.95857734 12.379943
0.95713203 -0.015340332 -0.28924549 -2.5134083 0.0036707686 0.99915878 -0.040844259 -0.34110559 0.28962876 0.038031596 0.95638318 12.972474
0.95523262 -0.016318757 -0.29540536 -2.7155963 0.0021555089 0.99883502 -0.048207432 -0.38006037 0.29584793 0.045412563 0.95415497 13.590073
0.9539286 -0.01676907 -0.2995647 -2.9173033 -0.00010632445 0.99841794 -0.056228139 -0.41750385 0.30003369 0.053669482 0.95241765 14.217191
0.95267856 -0.017150283 -0.30349534 -3.126405 -0.0027412845 0.99788186 -0.064994469 -0.46339435 0.3039672 0.062750805 0.95061364 14.832835
0.95132939 -0.016304969 -0.30774425 -3.3512331 -0.0068203967 0.99724086 -0.0739199 -0.50933541 0.30810043 0.072421113 0.94859334 15.487501
0.95004772 -0.015581516 -0.31171547 -3.5753133 -0.010234763 0.9966605 -0.081012962 -0.56684129 0.31193682 0.080156515 0.94671556 16.112814
0.94855143 -0.013927323 -0.31631662 -3.8153216 -0.014503792 0.99607211 -0.087349849 -0.63069034 0.31629074 0.087443616 0.94462362 16.792492
0.94660456 -0.013112975 -0.32213016 -4.0651624 -0.018004171 0.99546314 -0.093429042 -0.70212314 0.32189386 0.094240046 0.94207386 17.445539
0.94551572 -0.010576795 -0.32540459 -4.3014763 -0.022882862 0.99484162 -0.098825711 -0.77685822 0.32477132 0.10088745 0.94039636 18.125861
0.94343927 -0.0081721682 -0.33144465 -4.5741826 -0.027107298 0.9944479 -0.10167876 -0.84964454 0.3304354 0.10491231 0.93797967 18.800948
0.94169135 -0.007781747 -0.33638792 -4.8327547 -0.028691877 0.9942342 -0.1033205 -0.93248582 0.33525242 0.10694762 0.93603848 19.50228
0.9391997 -0.0067439248 -0.34330515 -5.1295998 -0.030240158 0.99429777 -0.10226183 -1.0159907 0.34203722 0.10642589 0.93364023 20.213606
0.93727423 -0.0070394997 -0.34852181 -5.3923779 -0.030051886 0.99444219 -0.10090396 -1.1023598 0.34729513 0.10504842 0.93185349 20.949824
0.93496428 -0.0072418144 -0.35466792 -5.6641828 -0.029864254 0.99463559 -0.09903623 -1.1870689 0.35348257 0.10318723 0.92973248 21.674239
0.93179621 -0.0062553339 -0.36292792 -5.9549197 -0.030602278 0.99493797 -0.09571805 -1.271434 0.36168955 0.10029614 0.926888 22.365291
0.92840446 -0.0028633265 -0.37156015 -6.3016489 -0.033248613 0.99531877 -0.090747301 -1.3590642 0.37008066 0.09660406 0.92396319 23.209747
0.92484451 -0.0017088 -0.38034156 -6.6132505 -0.033072865 0.9958409 -0.084894608 -1.4343819 0.37890478 0.091093299 0.92094147 23.908787
0.92125029 0.0012587887 -0.38896826 -6.9412293 -0.035574051 0.99607648 -0.081031682 -1.512832 0.38734017 0.088487639 0.91768053 24.655717
0.91805705 0.0026774782 -0.39643925 -7.2809647 -0.037072928 0.99617519 -0.079123908 -1.5876824 0.39471112 0.087337426 0.91464491 25.410186
0.9140717 0.0038016337 -0.40553479 -7.6345762 -0.038899415 0.99616746 -0.078340472 -1.6679901 0.40368278 0.087383876 0.91071636 26.186219
0.91026838 0.0025654114 -0.41401071 -7.9826289 -0.037945252 0.99628901 -0.077255174 -1.7301122 0.41227617 0.086032685 0.90698774 26.915736
0.90695599 0.0038929921 -0.42120739 -8.3613682 -0.039411221 0.99635508 -0.075652608 -1.8106183 0.41937764 0.085213885 0.90380363 27.721747
0.9026922 0.0046706361 -0.4302615 -8.7551234 -0.039993093 0.99652329 -0.073088234 -1.8839246 0.42842427 0.083183668 0.89974059 28.502628
0.89869735 0.0049980988 -0.43854085 -9.1689867 -0.03922214 0.9968442 -0.069016386 -1.9543956 0.43681199 0.079225355 0.89605728 29.273313
0.89523779 0.0057172456 -0.44555202 -9.5774649 -0.038022569 0.9972508 -0.06360135 -2.0171367 0.44396352 0.073879365 0.89299398 30.056454
0.89230755 0.0060129645 -0.45138793 -9.991487 -0.036729959 0.99756308 -0.059319498 -2.089585 0.44993129 0.069510697 0.89035393 30.874167
0.88849189 0.0044632494 -0.45887059 -10.44166 -0.034660976 0.99774894 -0.057407886 -2.1530428 0.45758146 0.066911345 0.88664654 31.711931
0.88461262 0.0054686063 -0.46629453 -10.898933 -0.03567912 0.99779389 -0.055985336 -2.2116943 0.46495971 0.066162314 0.88285618 32.504274
0.88220631 0.0054440257 -0.47083156 -11.316923 -0.035089524 0.99791285 -0.05420948 -2.2662226 0.46955379 0.064345202 0.88055605 33.312147
0.87857895 0.0038583252 -0.47758153 -11.801 -0.033182393 0.99804408 -0.052980632 -2.3317941 0.47644304 0.062394967 0.87698855 34.169331
0.87653567 0.0030359072 -0.48132731 -12.253929 -0.032422083 0.99808139 -0.052747947 -2.3936493 0.48024374 0.061841092 0.87495237 35.032874
0.87480046 0.0024444977 -0.4844772 -12.745994 -0.03236116 0.99804883 -0.053397408 -2.4563944 0.48340142 0.062390322 0.87317268 35.869072
0.87342901 0.0021993085 -0.48694651 -13.24727 -0.032521413 0.99802062 -0.053825601 -2.5170182 0.48586432 0.062849032 0.87177169 36.731911
0.87265791 0.0025430053 -0.48832539 -13.728677 -0.032516134 0.99806975 -0.052910136 -2.5755719 0.48724829 0.062050904 0.87105615 37.585576
0.87268329 0.0022323847 -0.48828155 -14.265344 -0.031274264 0.99819187 -0.051331403 -2.6383369 0.48728412 0.060066705 0.87117518 38.494369
0.87237927 0.00095453977 -0.48882869 -14.774693 -0.029522864 0.99827554 -0.0507381 -2.7014592 0.48793733 0.05869449 0.87090306 39.397936
0.87194345 -0.0015762046 -0.48960404 -15.258014 -0.02702752 0.99831505 -0.051347647 -2.7638461 0.48886006 0.058005028 0.87043166 40.295074
0.87030563 -0.0015362122 -0.49250962 -15.791784 -0.027633561 0.99826757 -0.051944554 -2.8309118 0.49173622 0.058817433 0.86875544 41.215282
0.86924415 -0.0029230222 -0.4943744 -16.324555 -0.02514897 0.99842642 -0.050121964 -2.8942564 0.49374301 0.056001231 0.86780281 42.122801
0.86741411 -0.0021167947 -0.49758242 -16.861362 -0.024208801 0.9986272 -0.04645048 -2.9582829 0.49699771 0.052337676 0.86617208 43.05176
0.86474285 -0.0024459843 -0.50220892 -17.419259 -0.02153225 0.99888804 -0.041940956 -3.0262123 0.50175311 0.04708183 0.86372862 43.983907
0.86086195 -0.0030542608 -0.50882939 -17.947512 -0.020046051 0.99900212 -0.039911402 -3.0869298 0.50844358 0.044558228 0.85994169 44.862761
0.85667289 -0.0082431293 -0.51579414 -18.539095 -0.015771105 0.99898642 -0.042159167 -3.148373 0.51561891 0.044251259 0.85567458 45.807998
0.85079418 -0.0091476322 -0.52541942 -19.094893 -0.017487311 0.99880186 -0.045705911 -3.2129453 0.52520804 0.048074496 0.84961484 46.691808
0.84459619 -0.0090824525 -0.53532678 -19.663593 -0.018056144 0.99880417 -0.045433447 -3.2730417 0.53509932 0.048038854 0.84342221 47.597981
0.83866131 -0.0056061276 -0.54462442 -20.278406 -0.01941087 0.99900414 -0.040173903 -3.3328226 0.54430732 0.044263932 0.8377173 48.487467
0.8338238 -0.0033430568 -0.55202053 -20.872722 -0.019082981 0.99920944 -0.034875979 -3.3906019 0.55170076 0.039614619 0.83310082 49.347541
0.82939392 -0.00239812 -0.55865906 -21.482611 -0.021595155 0.99910579 -0.036349297 -3.4440976 0.55824672 0.042212216 0.82860048 50.240238
0.82704134 -0.0043091646 -0.56212456 -22.081258 -0.022644784 0.99890356 -0.040974212 -3.4992479 0.56168484 0.046616557 0.82603696 51.113832
0.82364929 -0.0055019368 -0.56707279 -22.706244 -0.026309078 0.99850556 -0.04790067 -3.5688984 0.56648893 0.054372515 0.82227365 51.982146
0.82119258 -0.0051355302 -0.57062802 -23.314644 -0.028345449 0.99835804 -0.04977703 -3.6336507 0.56994675 0.057051236 0.81969865 52.826892
0.81800779 -0.0045656247 -0.575189 -23.92517 -0.026632876 0.99859542 -0.045802529 -3.6925137 0.57459026 0.052785763 0.81673724 53.694521
0.81370633 -0.0039065088 -0.58126304 -24.545325 -0.023719585 0.99892137 -0.039918364 -3.7558557 0.58079206 0.046269144 0.81273598 54.572277
0.81081236 -0.0023682053 -0.58530135 -25.191358 -0.023628659 0.99904419 -0.036774816 -3.8150214 0.58482906 0.043647362 0.80998143 55.423016
0.81016453 -0.00084164038 -0.58620193 -25.829792 -0.026153851 0.9989513 -0.037580358 -3.8698895 0.58561886 0.045777711 0.80929289 56.289645
0.80525321 -0.0015633618 -0.59292899 -26.498961 -0.026932736 0.99886793 -0.039210871 -3.9279414 0.5923191 0.047543881 0.8042995 57.152172
0.80048402 -0.0034591026 -0.59934409 -27.15416 -0.026857745 0.99877182 -0.041635595 -3.9916367 0.59875206 0.04942566 0.79940798 58.006576
0.79805071 -0.006277346 -0.60255758 -27.763121 -0.024174346 0.99880724 -0.042422852 -4.0397858 0.60210523 0.048422023 0.79694707 58.837003
0.79354402 -0.0056270894 -0.6084868 -28.444316 -0.024512049 0.99885004 -0.041203863 -4.1063682 0.60801898 0.047612338 0.79249355 59.706084
0.78965102 -0.0056077096 -0.61353059 -29.122026 -0.024191876 0.99889608 -0.040266382 -4.1662794 0.61307915 0.046638846 0.78864365 60.544429
0.78350704 -0.0056533917 -0.62135716 -29.798947 -0.025742621 0.99880483 -0.041548018 -4.2333644 0.62084947 0.048548527 0.78242508 61.415018
0.77831898 -0.0076969242 -0.62782186 -30.489957 -0.024115888 0.99882054 -0.042142046 -4.2905885 0.62740579 0.047940436 0.77721536 62.237099
0.77320039 -0.0090891606 -0.63409661 -31.17795 -0.023403471 0.99880717 -0.042854495 -4.3520011 0.6337298 0.047975174 0.77206538 63.077706
0.76766559 -0.008324972 -0.64079654 -31.909769 -0.025788056 0.99870443 -0.043868507 -4.4208211 0.6403316 0.050201241 0.76645634 63.920427
0.76241144 -0.013478676 -0.64695215 -32.612372 -0.020939489 0.99874556 -0.045484464 -4.4753574 0.64675371 0.048224724 0.76117281 64.727201
0.75562495 -0.01401907 -0.65485446 -33.351766 -0.020764994 0.9987557 -0.045341635 -4.5376284 0.65467533 0.047859321 0.75439362 65.552254
0.74942434 -0.01414107 -0.66193893 -34.109594 -0.019735975 0.99885049 -0.043682933 -4.6040609 0.6617958 0.045801064 0.74828378 66.387369
0.74087333 -0.014396964 -0.67149043 -34.814532 -0.019125923 0.99891257 -0.042519137 -4.6663804 0.67137243 0.044344169 0.73979233 67.186851
0.73492659 -0.016987105 -0.67793385 -35.637582 -0.016923894 0.99891544 -0.04337665 -4.7276323 0.67793549 0.043351934 0.73384203 68.009763
0.72956346 -0.017896218 -0.68367891 -36.389576 -0.017867851 0.99881759 -0.045212434 -4.8082235 0.68367971 0.045201213 0.72838105 68.84093
0.72407311 -0.016114411 -0.68953492 -37.169414 -0.020671017 0.99877095 -0.045047657 -4.8643391 0.68941343 0.046871186 0.72285009 69.628633
0.72032516 -0.016139137 -0.69344874 -37.946291 -0.019907218 0.99883645 -0.04392542 -4.9260547 0.69335086 0.04544522 0.71916574 70.425284
0.71626941 -0.014784978 -0.69766718 -38.731143 -0.022135732 0.998791 -0.043892346 -4.9941991 0.69747271 0.046882119 0.71507617 71.233633
0.70948783 -0.017807734 -0.70449262 -39.577976 -0.019631182 0.9987933 -0.045017262 -5.0575377 0.70444423 0.045769223 0.70828211 72.041941
0.70440543 -0.018227562 -0.70956374 -40.389937 -0.021540832 0.9986608 -0.04703824 -5.1325424 0.70947095 0.048418585 0.70306945 72.851934
0.69970516 -0.021463579 -0.7141092 -41.20168 -0.02033483 0.99854532 -0.049937377 -5.1954671 0.7141423 0.04946273 0.69825086 73.6288
0.69424628 -0.020514775 -0.71944507 -42.065922 -0.023301593 0.99842906 -0.050955371 -5.2744549 0.71936026 0.052139793 0.69267763 74.441335
0.69161481 -0.020988639 -0.72196148 -42.916935 -0.021339229 0.99854754 -0.049471724 -5.3430219 0.72195127 0.049621479 0.69016239 75.223383
0.68619139 -0.021656074 -0.72709858 -43.71349 -0.019373887 0.99865807 -0.048028159 -5.4083079 0.72716303 0.047043235 0.68485101 75.96907
0.68080636 -0.022342313 -0.73212258 -44.61816 -0.019366303 0.99863617 -0.048484426 -5.4907882 0.73220741 0.047187013 0.67944518 76.808191
0.67665267 -0.022472235 -0.73595931 -45.46113 -0.019885814 0.99861179 -0.048775558 -5.5609755 0.7360338 0.047639262 0.67526646 77.574109
0.67152329 -0.022665336 -0.74063669 -46.354148 -0.019935248 0.99861765 -0.048635163 -5.6410207 0.74071526 0.047424421 0.67014317 78.372154
0.66751973 -0.023818827 -0.74421101 -47.230342 -0.018050883 0.99867681 -0.048153856 -5.7085297 0.74437331 0.045577315 0.66620652 79.148831
0.6643493 -0.027366575 -0.74692103 -48.109601 -0.01419535 0.99868722 -0.049217143 -5.7791511 0.74728746 0.04330018 0.66308868 79.901014
0.6583114 -0.030238082 -0.7521381 -48.988498 -0.013739984 0.99854368 -0.052170251 -5.8665224 0.75262033 0.044678636 0.65693721 80.718015
0.65421418 -0.036261071 -0.75543954 -49.933383 -0.007062621 0.99851353 -0.054044876 -5.9353137 0.75627639 0.040692308 0.65298561 81.501176
0.64746311 -0.041055113 -0.76099011 -50.864295 -0.00036269107 0.99853118 -0.054178942 -6.0159293 0.76209674 0.03535487 0.64649721 82.261527
0.64046195 -0.042853877 -0.76679331 -51.759785 0.0017615035 0.99852131 -0.054333198 -6.1003879 0.76798792 0.033447637 0.63959039 83.023637
0.63267843 -0.043627617 -0.7731847 -52.653541 0.0038418163 0.99857639 -0.053201871 -6.1825211 0.77440512 0.030689243 0.63194535 83.778796
0.62303612 -0.043167301 -0.78100098 -53.651061 0.0060376625 0.99871167 -0.050384067 -6.2556068 0.7821698 0.026675673 0.62249407 84.555469
0.61552078 -0.04268966 -0.7869636 -54.608207 0.0056646481 0.99874577 -0.04974742 -6.3378485 0.78810033 0.026162699 0.6149906 85.266609
0.60590267 -0.043559122 -0.79434533 -55.565899 0.0034674071 0.99863498 -0.052116819 -6.4134258 0.79553126 0.028823401 0.60522664 85.996084
0.59679693 -0.048229035 -0.80094153 -56.566027 0.0080663784 0.99850214 -0.054114817 -6.4873889 0.8023518 0.025834859 0.59629204 86.701655
0.58674157 -0.048283501 -0.80833346 -57.548709 0.0056716735 0.99844135 -0.055522181 -6.5698859 0.80975442 0.027992568 0.58610089 87.431781
0.57633683 -0.04882615 -0.8157523 -58.586593 0.0081397644 0.998507 -0.054013953 -6.6583798 0.81717174 0.024490199 0.57587379 88.113584
0.56531092 -0.048810031 -0.8234325 -59.562887 0.0094436459 0.99856532 -0.052707912 -6.7365782 0.82482388 0.022020153 0.56496082 88.811116
0.55520642 -0.050236079 -0.83019402 -60.590883 0.01122513 0.99853589 -0.052915658 -6.8184277 0.83163687 0.020060077 0.55495744 89.482461
0.54593677 -0.049992861 -0.83633349 -61.67275 0.0082132572 0.99848955 -0.054324538 -6.9074255 0.83778616 0.022788741 0.54552277 90.174699
0.53500522 -0.050937785 -0.84331174 -62.698644 0.007710608 0.99843359 -0.055415783 -6.9885984 0.8448136 0.023145287 0.53455995 90.828746
0.52728937 -0.05193012 -0.84809735 -63.76413 0.0070018964 0.99836229 -0.056777737 -7.0696412 0.84965696 0.024000007 0.52678943 91.456273
0.51661352 -0.052156172 -0.85462866 -64.862174 0.00655516 0.99835466 -0.056964943 -7.1598051 0.85619365 0.023826632 0.51610541 92.114895
0.50894454 -0.05050576 -0.85931633 -66.000054 0.0058828988 0.99845802 -0.055199476 -7.2445954 0.86077924 0.023038201 0.50845688 92.763746
0.50258241 -0.04793036 -0.86319959 -67.002252 0.0053847243 0.99861615 -0.052314394 -7.3320775 0.86451257 0.021644202 0.50214501 93.397621
0.49304052 -0.049094476 -0.86862001 -68.152393 0.0069566887 0.99859711 -0.052492082 -7.417099 0.86997857 0.019838004 0.49269037 93.989116
0.4854644 -0.052266247 -0.87269267 -69.298564 0.0085729604 0.99844796 -0.055028835 -7.5086254 0.87421444 0.01923298 0.48515902 94.60769
0.47972043 -0.055221766 -0.8756819 -70.371704 0.01060744 0.9983096 -0.057143825 -7.5920894 0.87735731 0.018124317 0.47949528 95.192064
0.47082044 -0.058848889 -0.88026408 -71.504884 0.012781257 0.99812303 -0.059891975 -7.6828119 0.88213651 0.016947484 0.47068889 95.77536
0.46608684 -0.061187021 -0.88262061 -72.663868 0.013084569 0.99797331 -0.062274172 -7.7852585 0.88464226 0.017476462 0.46594283 96.412865
0.46221611 -0.062461151 -0.88456475 -73.744541 0.0155417 0.99793362 -0.062345304 -7.8776584 0.88663114 0.015069364 0.46223176 96.987308
0.45773999 -0.06085127 -0.88700121 -74.899855 0.018456372 0.99809043 -0.058947891 -7.9751221 0.88889455 0.010611982 0.457989 97.523344
0.45216947 -0.059075387 -0.88997348 -75.975627 0.02236338 0.99824139 -0.054899905 -8.0670537 0.89165168 0.0049212452 0.45269541 98.107396
0.44830733 -0.058848287 -0.89194021 -77.080191 0.024180213 0.99826378 -0.053709818 -8.1611838 0.89355241 0.0025112001 0.44895194 98.646095
0.44330111 -0.056569449 -0.89458591 -78.241177 0.021242632 0.99838933 -0.052606968 -8.2602387 0.89612106 0.0043173672 0.44378878 99.271756
0.44253175 -0.058032403 -0.89487307 -79.36072 0.027741297 0.99831217 -0.051021816 -8.339772 0.89632368 -0.0022461664 0.44339473 99.764335
0.44010651 -0.056583955 -0.89616095 -80.42399 0.028227428 0.99839116 -0.049176262 -8.421212 0.89750183 -0.0036535271 0.44099567 100.31152
0.43767801 -0.056485288 -0.89735573 -81.557651 0.028524018 0.99839468 -0.048932965 -8.5171882 0.89867926 -0.0041793084 0.43858659 100.8995
0.43417343 -0.057731087 -0.89897746 -82.64567 0.032762142 0.99829609 -0.048286269 -8.5952022 0.90023338 -0.0084878133 0.43532504 101.41366
0.43288441 -0.057276442 -0.89962794 -83.72974 0.036318985 0.99827725 -0.046081102 -8.6754268 0.90071754 -0.012725783 0.43421889 101.93077
0.43166328 -0.056220554 -0.90028106 -84.842653 0.037625699 0.99830941 -0.044301583 -8.7560533 0.90124979 -0.014750339 0.43304885 102.44233
0.42913398 -0.05653257 -0.90146993 -85.914431 0.038461931 0.99827787 -0.044294203 -8.8362013 0.90242162 -0.015664128 0.4305693 102.96992
0.42856958 -0.057534355 -0.90167502 -86.993501 0.039296677 0.99821305 -0.045016424 -8.9128595 0.90265384 -0.016140163 0.43006466 103.43633
0.42849038 -0.060217315 -0.90153747 -88.037483 0.042269538 0.99802023 -0.046571563 -8.9914301 0.90255712 -0.018152107 0.43018742 103.92199
0.42692564 -0.060254312 -0.90227703 -89.056821 0.040179334 0.99805618 -0.047639029 -9.0760973 0.90339371 -0.015914568 0.42851676 104.43149
0.4311138 -0.060102922 -0.90029354 -90.088809 0.0385028 0.99809559 -0.048194696 -9.1480668 0.90147573 -0.013886424 0.43260692 104.9207
0.43505772 -0.058986621 -0.8984683 -91.052501 0.034563707 0.99821043 -0.048798442 -9.2274525 0.89973896 -0.0098242566 0.43631795 105.39439
0.44051595 -0.061107486 -0.89566261 -92.157942 0.035831628 0.9980825 -0.050472029 -9.3155783 0.89702946 -0.0098593159 0.44186084 105.85867
0.44574744 -0.060447772 -0.89311546 -93.144784 0.033649043 0.99814374 -0.050762296 -9.3934102 0.89452615 -0.0074253179 0.44695403 106.3821
0.45368989 -0.059783096 -0.88915207 -94.131843 0.034127445 0.99818095 -0.04970024 -9.4657638 0.89050596 -0.0077959931 0.45490485 106.83266
0.46060786 -0.057100403 -0.88576514 -95.120037 0.029844641 0.99836067 -0.048839268 -9.538875 0.88710189 -0.0039395924 0.46155691 107.37145
0.47086088 -0.058165761 -0.88028786 -96.124863 0.032613079 0.99828972 -0.048518286 -9.6161032 0.88160449 -0.0058635354 0.47195254 107.88321
0.47893943 -0.056664792 -0.87601716 -97.082959 0.029953249 0.99838828 -0.048204162 -9.6818277 0.87733682 -0.003152687 0.47986481 108.41199
0.4912023 -0.058614329 -0.86907111 -98.047635 0.031200116 0.99827704 -0.049694174 -9.7633079 0.8704866 -0.0027052277 0.49218475 108.96435
0.50012772 -0.060133218 -0.86386122 -99.001413 0.029523459 0.99819012 -0.052391383 -9.8443105 0.86544826 0.00069821105 0.50099788 109.49818
0.51020762 -0.058421217 -0.85806473 -99.937077 0.02366551 0.99826612 -0.053895233 -9.918633 0.85972565 0.0071912189 0.51070555 110.05811
0.52281841 -0.056912242 -0.85054209 -100.8515 0.021747702 0.99833457 -0.053433405 -9.9848944 0.85216665 0.0094386314 0.52318541 110.59046
0.53709028 -0.056042933 -0.84166095 -101.78597 0.023202767 0.99839449 -0.051672796 -10.070943 0.84320562 0.0082240939 0.53752833 111.17124
0.54883972 -0.052884849 -0.83425302 -102.70162 0.020214757 0.99854459 -0.050000681 -10.139345 0.83568319 0.010578137 0.54910999 111.76383
0.56029206 -0.052495497 -0.82662989 -103.56832 0.021050139 0.99856972 -0.049146769 -10.216636 0.82802763 0.01013587 0.56059572 112.34556
0.57134064 -0.053276706 -0.81898193 -104.46936 0.022097669 0.99852762 -0.049540735 -10.289096 0.82041551 0.010207043 0.57167671 112.95573
0.58144196 -0.053467362 -0.81182906 -105.28635 0.021037925 0.99849265 -0.050693475 -10.35995 0.81331587 0.012396114 0.58169037 113.55158
0.59287683 -0.055508485 -0.80337775 -106.13555 0.023062623 0.99838271 -0.051962376 -10.4297 0.80496288 0.01227929 0.59319815 114.17245
0.60344179 -0.054817495 -0.79552058 -106.97733 0.023389736 0.99842182 -0.05105668 -10.509272 0.79706397 0.012202717 0.60377162 114.76699
0.61430669 -0.053369843 -0.78726038 -107.82435 0.023199451 0.99850031 -0.049587441 -10.584452 0.78872627 0.012197888 0.61462357 115.42197
0.62399251 -0.05142032 -0.77973665 -108.6042 0.024178911 0.99862536 -0.046505671 -10.65172 0.78105619 0.010166007 0.62437804 116.06848
0.63329783 -0.049416277 -0.77232884 -109.38729 0.022081649 0.99870681 -0.045794111 -10.715897 0.77359312 0.011947016 0.63357005 116.68425
0.64435258 -0.048662382 -0.76317867 -110.16247 0.020006038 0.99870443 -0.046789037 -10.785058 0.76446685 0.014880455 0.64449132 117.33564
0.65301524 -0.048026627 -0.7558204 -110.89235 0.018286389 0.9986962 -0.047660421 -10.851811 0.757124 0.017301756 0.65304208 117.98786
0.66249935 -0.047179915 -0.74757516 -111.65004 0.017922385 0.99872714 -0.047147492 -10.91584 0.74884808 0.017836853 0.66250166 118.6263
0.67090651 -0.045350431 -0.74015386 -112.3592 0.017352297 0.99881498 -0.04547017 -10.980509 0.74133892 0.017662863 0.67089841 119.25691
0.68018274 -0.044013907 -0.73172001 -113.08687 0.017795654 0.99889307 -0.043542463 -11.039986 0.73282658 0.016595395 0.68021308 119.93794
0.68858104 -0.043697546 -0.72384157 -113.80278 0.018595105 0.99891853 -0.04261437 -11.105753 0.72492097 0.015883537 0.68864893 120.58891
0.69624916 -0.042249127 -0.7165557 -114.4581 0.016928782 0.99895513 -0.042450757 -11.163882 0.71760056 0.017425889 0.6962369 121.2332
0.70288129 -0.041150864 -0.7101158 -115.14416 0.016263135 0.99899389 -0.04179376 -11.227436 0.71112126 0.017827342 0.70284336 121.90719
0.71082996 -0.038823633 -0.70229157 -115.8272 0.015709578 0.99910273 -0.039331186 -11.284594 0.70318847 0.016925081 0.71080206 122.58288
0.71720691 -0.036408476 -0.69590849 -116.47706 0.014809619 0.99920502 -0.037013446 -11.338885 0.69670292 0.016240159 0.71717595 123.27601
0.72586534 -0.03469349 -0.6869613 -117.1132 0.013993643 0.9992653 -0.035679594 -11.391524 0.6876945 0.016285489 0.72581754 123.91462
0.73295547 -0.033093396 -0.67947117 -117.73798 0.012590948 0.99930488 -0.035088742 -11.448843 0.68016012 0.017163299 0.73286266 124.58621
0.74033041 -0.031017763 -0.67152717 -118.34988 0.011236045 0.99936636 -0.033773352 -11.496679 0.67214929 0.01745813 0.74020983 125.24656
0.74955642 -0.028261215 -0.66133686 -118.94509 0.010124674 0.99946078 -0.031235159 -11.542924 0.66186305 0.016716694 0.74943838 125.89766
0.75871919 -0.024280642 -0.65096513 -119.52474 0.0077725986 0.9995714 -0.028224271 -11.585502 0.65137148 0.016354605 0.75858273 126.57929
0.76816135 -0.022304945 -0.63986764 -120.04023 0.0064764537 0.99961255 -0.027070196 -11.632274 0.64022358 0.016650205 0.76800819 127.21555
0.77846692 -0.021755298 -0.62730848 -120.6081 0.0053102202 0.99959167 -0.028076432 -11.672292 0.6276632 0.018525427 0.77826457 127.88715
0.78731101 -0.022374587 -0.61614992 -121.12298 0.0050216917 0.99954087 -0.029880197 -11.721583 0.61653564 0.020430893 0.78706189 128.56944
0.79733324 -0.021669655 -0.60315014 -121.62484 0.0050731596 0.99956056 -0.029205221 -11.764479 0.60351801 0.020226417 0.7970928 129.23431
0.80730457 -0.020395375 -0.58978245 -122.13342 0.0049320182 0.99960088 -0.027816348 -11.797755 0.59011443 0.019547447 0.80708295 129.92329
0.81726426 -0.018437954 -0.575968 -122.61764 0.0045763272 0.99966415 -0.025507828 -11.832443 0.57624492 0.018210818 0.81707416 130.61946
0.82642237 -0.017043319 -0.56279265 -123.07744 0.0050252898 0.99972523 -0.022895865 -11.872364 0.56302828 0.016093458 0.82628094 131.3028
0.83545807 -0.015579744 -0.54933328 -123.55828 0.005458875 0.99978402 -0.020052887 -11.907445 0.5495271 0.013754604 0.83536268 132.02824
0.84363813 -0.015125007 -0.53669909 -124.00708 0.0063063774 0.99981332 -0.018263275 -11.93707 0.53687518 0.012022968 0.84357603 132.70436
0.85029145 -0.015258176 -0.52609088 -124.44168 0.0075279562 0.99983001 -0.016830982 -11.965346 0.52625831 0.010350851 0.85026177 133.45484
0.85666253 -0.01520764 -0.515653 -124.87816 0.0078801499 0.99983453 -0.016395706 -11.99948 0.51581706 0.0099821636 0.85664061 134.16115
0.86361483 -0.014300722 -0.5039493 -125.31545 0.0071501456 0.9998445 -0.016119731 -12.024266 0.5041015 0.010317928 0.86358279 134.91685
0.86978205 -0.012489974 -0.49327798 -125.72507 0.0054679511 0.99986218 -0.015675394 -12.055104 0.49340582 0.010936957 0.86973047 135.64437
0.87635319 -0.011573906 -0.48152996 -126.14362 0.0049970119 0.99987593 -0.014938475 -12.073536 0.48164315 0.010685169 0.8763023 136.38761
0.88168154 -0.012028892 -0.47169158 -126.55034 0.0055082537 0.99986927 -0.015202294 -12.105308 0.47181282 0.010805385 0.88163253 137.13722
0.88697506 -0.013120805 -0.46163087 -126.94821 0.0064590485 0.999851 -0.016008105 -12.133523 0.46177217 0.011217094 0.88692765 137.89937
0.89107325 -0.013641086 -0.45365446 -127.33151 0.0071013685 0.99984491 -0.016116078 -12.163806 0.45380399 0.011139039 0.89103192 138.65574
0.89443814 -0.013184242 -0.44699728 -127.72563 0.0068461503 0.99985187 -0.015791666 -12.184435 0.4471393 0.011064458 0.89439591 139.4484
0.89728266 -0.011296544 -0.4413119 -128.11154 0.0063886444 0.99990014 -0.012605589 -12.212832 0.44141026 0.008491392 0.89726523 140.24285
0.90093076 -0.0074844802 -0.43389829 -128.52361 0.0042152091 0.99995502 -0.008496305 -12.238999 0.4339424 0.0058256103 0.90092179 141.04578
0.90385838 -0.0047968811 -0.42780486 -128.90863 0.0024916896 0.99997921 -0.0059481489 -12.252151 0.42782453 0.0043103271 0.90385154 141.83039
0.90715393 -0.0023496604 -0.42079236 -129.31554 0.00086345508 0.9999927 -0.0037223982 -12.271019 0.42079807 0.0030134526 0.90714934 142.69569
0.91007917 -0.00044396832 -0.41443419 -129.69629 -0.00021748563 0.99999878 -0.0015488514 -12.277169 0.41443441 0.0014997106 0.91007796 143.52858
0.91314809 0.00088377864 -0.40762701 -130.07935 -0.00039169215 0.99999909 0.0012906525 -12.294875 0.40762781 -0.0010188929 0.9131476 144.3821
0.91677428 0.0011838843 -0.39940393 -130.47962 0.00019949428 0.99999412 0.0034220205 -12.312814 0.39940567 -0.0032168996 0.91676866 145.2691
0.91997401 0.00064546695 -0.39197882 -130.84713 0.0011704915 0.99998966 0.0043938136 -12.321875 0.39197763 -0.0045010026 0.91996374 146.13886
0.92343787 -0.00023361798 -0.38374789 -131.22041 0.0019750921 0.99998946 0.0041440203 -12.314852 0.38374291 -0.0045846831 0.9234286 147.04619
0.92757574 -0.0025708165 -0.37362633 -131.61551 0.0043785598 0.99998245 0.0039897457 -12.341814 0.37360955 -0.005336737 0.92757072 147.93959
0.93113664 -0.0042814368 -0.36464532 -131.9627 0.0055259319 0.99998192 0.0023695297 -12.345679 0.36462861 -0.0042213615 0.93114347 148.88696
0.93552526 -0.0050187589 -0.35322413 -132.32158 0.0056537331 0.99998372 0.00076589454 -12.366219 0.35321456 -0.002713549 0.93553841 149.83522
0.9405384 -0.0034988403 -0.33966934 -132.69098 0.0035705984 0.99999354 -0.00041373503 -12.376727 0.33966862 -0.0008236894 0.94054482 150.77082
0.94601148 -9.842297e-05 -0.32413309 -133.0271 0.00035720567 0.99999966 0.0007388867 -12.385606 0.32413294 -0.00081477775 0.9460112 151.77373
0.9524083 0.0038809984 -0.30480053 -133.34214 -0.002928507 0.9999893 0.0035820887 -12.390755 0.3048112 -0.0025190008 0.95240947 152.79322
0.95855617 0.0066349873 -0.28482632 -133.66056 -0.0053506263 0.99997171 0.0052871658 -12.404178 0.28485337 -0.0035440465 0.95856456 153.79315
0.9646897 0.008282618 -0.26325874 -133.9591 -0.0068935041 0.99995702 0.0061998696 -12.416555 0.2632988 -0.0041661754 0.96470534 154.83773
0.9702634 0.0098134483 -0.24185247 -134.22141 -0.0082452631 0.99993792 0.0074953235 -12.415354 0.24191103 -0.0052783011 0.97028408 155.87012
0.97527925 0.010533741 -0.22072477 -134.47596 -0.0084752964 0.99991134 0.010270832 -12.431409 0.22081341 -0.0081462222 0.97528205 156.96032
0.98005388 0.012477343 -0.19833985 -134.70572 -0.0099696535 0.99985731 0.013637024 -12.426525 0.19848172 -0.01138764 0.98003843 158.04811
0.98425989 0.014277366 -0.17614942 -134.90323 -0.011313153 0.99977719 0.017820683 -12.430426 0.17636462 -0.015547379 0.98420212 159.14387
0.98802506 0.016181604 -0.15344258 -135.09136 -0.013126072 0.99969529 0.020905447 -12.423581 0.15373412 -0.018641007 0.9879364 160.27644
0.99109752 0.017312209 -0.13200751 -135.26155 -0.014676375 0.99967355 0.020914261 -12.417785 0.1323265 -0.018790682 0.99102806 161.36827
0.99376582 0.017488516 -0.1101074 -135.38203 -0.015492391 0.99970024 0.018958452 -12.412755 0.11040596 -0.017134435 0.99373887 162.54713
0.99593504 0.017552507 -0.08834758 -135.50826 -0.016022005 0.99970955 0.018003142 -12.401118 0.088637928 -0.016514456 0.995927 163.69899
0.99754867 0.015986751 -0.068125371 -135.5927 -0.01467522 0.99969805 0.019708931 -12.39769 0.068419888 -0.018660864 0.99748208 164.88441
0.99869202 0.016375744 -0.048436377 -135.66033 -0.015335883 0.99964553 0.021762904 -12.387598 0.048775596 -0.020991624 0.99858915 166.04047
0.99946169 0.017005208 -0.028056176 -135.70428 -0.016371063 0.99960873 0.022679681 -12.384371 0.028430874 -0.022208163 0.99934903 167.26886
0.99980911 0.018176943 -0.007165081 -135.72651 -0.018007129 0.99957116 0.02309218 -12.372068 0.0075817542 -0.02295875 0.99970766 168.47087
0.99972918 0.018405763 0.014240772 -135.7183 -0.018737755 0.99954724 0.023541587 -12.360492 -0.013801025 -0.023802052 0.99962143 169.70916
0.99918403 0.020550559 0.034769834 -135.69518 -0.021362029 0.99950421 0.023130029 -12.34612 -0.034277263 -0.02385391 0.99912765 170.93328
0.99830297 0.021583589 0.05408634 -135.64092 -0.022796018 0.99950023 0.021900704 -12.333308 -0.053586618 -0.023096492 0.99829606 172.19526
0.99694558 0.021885539 0.07497028 -135.58022 -0.023428353 0.99953019 0.019761619 -12.331692 -0.074502571 -0.02145769 0.99698994 173.46894
0.99534852 0.023551498 0.093416582 -135.46397 -0.02526551 0.99953266 0.017207809 -12.323136 -0.092967663 -0.019487985 0.99547839 174.72839
0.99321232 0.024424519 0.11372219 -135.32739 -0.026319838 0.99953809 0.015194472 -12.3167 -0.11329855 -0.018084487 0.99339639 176.02808
0.99089989 0.024143396 0.13241788 -135.1562 -0.026057128 0.99957929 0.012738198 -12.319932 -0.13205464 -0.016072709 0.99111212 177.3104
0.98832616 0.025381041 0.15022385 -134.97999 -0.026778247 0.99961485 0.0072849573 -12.319637 -0.14998111 -0.011222645 0.98862517 178.60596
0.98534694 0.026971926 0.16841591 -134.78468 -0.027497041 0.99962158 0.00078617507 -12.345102 -0.16833099 -0.0054055943 0.98571571 179.90961
0.98230634 0.029413973 0.18495693 -134.54753 -0.029060646 0.99956697 -0.0046215122 -12.348429 -0.18501279 -0.00083522705 0.98273576 181.21215
0.97889534 0.031604263 0.20190364 -134.29363 -0.030520262 0.99949817 -0.0084805973 -12.384713 -0.20207036 0.0021394655 0.97936867 182.52344
0.97475027 0.033975296 0.22069794 -133.99803 -0.032265753 0.99941491 -0.011347491 -12.417248 -0.22095436 0.0039399847 0.97527619 183.86033
0.97078353 0.033237692 0.23764384 -133.70542 -0.031416261 0.99944082 -0.011448727 -12.443247 -0.23789151 0.0036483553 0.97128488 185.17788
0.96606845 0.032158145 0.2562764 -133.34877 -0.030030145 0.99947437 -0.012213644 -12.4739 -0.25653448 0.0041031987 0.96652637 186.53216
0.9614572 0.03192 0.2730955 -132.97294 -0.028391365 0.99945462 -0.016864105 -12.536085 -0.27348489 0.0084605618 0.96183909 187.88104
0.95718657 0.032938479 0.2875916 -132.61426 -0.028053521 0.99938388 -0.021091481 -12.574603 -0.28810915 0.012120526 0.95752087 189.2008
0.95173929 0.035357793 0.30486413 -132.20859 -0.030187544 0.99930959 -0.021657881 -12.610521 -0.30541945 0.011409558 0.95214956 190.52877
0.94577065 0.037137665 0.32270522 -131.73978 -0.031807387 0.99925675 -0.021777058 -12.664714 -0.32327414 0.010331693 0.94624896 191.87235
0.93955899 0.041198725 0.33989933 -131.3097 -0.03461515 0.99907757 -0.025412666 -12.709836 -0.3406328 0.012111033 0.94011841 193.22685
0.93291398 0.042303084 0.35760586 -130.7972 -0.034255067 0.9989977 -0.028812882 -12.780046 -0.35846633 0.014630128 0.93342801 194.57523
0.92670378 0.04306549 0.37331684 -130.28347 -0.033599474 0.9989284 -0.031829755 -12.830176 -0.37428759 0.016953506 0.92715769 195.9234
0.91912477 0.043146025 0.39159682 -129.73175 -0.031368802 0.9988439 -0.036425991 -12.907412 -0.39271577 0.021196109 0.91941561 197.2513
0.91062204 0.046581448 0.41060646 -129.16548 -0.031992577 0.99859115 -0.042334156 -12.992817 -0.412 0.025414057 0.91082937 198.57903
0.90106962 0.050138692 0.43076633 -128.54538 -0.033499881 0.99837355 -0.046130393 -13.07698 -0.43237867 0.027136076 0.90128372 199.90314
0.88864491 0.052900138 0.45553461 -127.90736 -0.034995563 0.99825058 -0.047656019 -13.150246 -0.45725873 0.02640759 0.88894157 201.23707
0.87535195 0.057300466 0.48007875 -127.22578 -0.037799086 0.99802367 -0.050199514 -13.249766 -0.48200645 0.025795706 0.87578787 202.5412
0.86196233 0.061741128 0.50319873 -126.5216 -0.040271697 0.99775876 -0.053438266 -13.347111 -0.50537032 0.025797106 0.86251688 203.8423
0.84670775 0.065460204 0.52801603 -125.7692 -0.041834836 0.99752111 -0.056581723 -13.457265 -0.53041103 0.02581872 0.84734737 205.10632
0.83198139 0.06682108 0.55076481 -124.98837 -0.041279333 0.99742446 -0.058655425 -13.553423 -0.55326576 0.026065018 0.83259692 206.34287
0.81567663 0.067908294 0.57450855 -124.12339 -0.03987308 0.99732417 -0.061275059 -13.663151 -0.5771324 0.027073209 0.81620173 207.60714
0.79978671 0.070338317 0.59614907 -123.27229 -0.038557756 0.99708002 -0.06591464 -13.791735 -0.5990447 0.029731484 0.80016343 208.82777
0.78376239 0.072826499 0.61677613 -122.37386 -0.036891484 0.99680671 -0.070819516 -13.921009 -0.61996417 0.032751887 0.78394628 209.99808
0.76662963 0.074439261 0.63775996 -121.39884 -0.03469212 0.99660827 -0.07462177 -14.048387 -0.6411517 0.035082016 0.76661189 211.17164
0.75051743 0.076159646 0.65644745 -120.43481 -0.033116263 0.99642342 -0.077741063 -14.184586 -0.66002041 0.036606937 0.75035527 212.33307
0.73497427 0.076879037 0.67372279 -119.45275 -0.031448655 0.99634774 -0.079386214 -14.329008 -0.67736537 0.03715915 0.73470769 213.46323
0.71896173 0.077136067 0.69075612 -118.40246 -0.029100214 0.99629193 -0.080966492 -14.465929 -0.69444024 0.03811066 0.71854044 214.60193
0.70482049 0.077823763 0.70510389 -117.3607 -0.026522922 0.99616011 -0.083435973 -14.614031 -0.70888973 0.040105969 0.70417817 215.68641
0.68889434 0.079074997 0.7205357 -116.25513 -0.023664689 0.9959555 -0.086675383 -14.764503 -0.72447541 0.042658929 0.68797939 216.76038
0.67479033 0.081591274 0.73348539 -115.14002 -0.021622562 0.99562898 -0.09085926 -14.935608 -0.7376927 0.045451119 0.67360502 217.80485
0.65969082 0.084114657 0.74681504 -114.0115 -0.020371901 0.99535311 -0.094112498 -15.091873 -0.75126098 0.046871111 0.65833889 218.82735
0.6438798 0.084258208 0.76047308 -112.86308 -0.018606186 0.9953483 -0.094528153 -15.257892 -0.76490043 0.046715266 0.64245239 219.84078
0.62773297 0.085827013 0.77368274 -111.69585 -0.019577745 0.99532945 -0.094530423 -15.427387 -0.77818255 0.044192902 0.62648141 220.81369
0.60964218 0.086772479 0.787913 -110.52705 -0.021402425 0.99542986 -0.093066234 -15.597049 -0.79238779 0.039873854 0.60871317 221.75259
0.59099937 0.087520619 0.80191011 -109.28822 -0.023375877 0.99553753 -0.091425373 -15.759207 -0.80633329 0.035286987 0.59040792 222.69915
0.57386462 0.088678783 0.81413476 -108.08888 -0.025152913 0.9955596 -0.090710592 -15.931262 -0.81856385 0.03157774 0.57354696 223.59261
0.55521178 0.092281617 0.8265736 -106.88651 -0.027077591 0.99530427 -0.092931215 -16.105845 -0.83126815 0.029214884 0.55510342 224.45993
0.53895434 0.095826857 0.8368664 -105.67782 -0.029498657 0.99504566 -0.094941879 -16.270693 -0.84181834 0.026482904 0.53911094 225.268
0.51889036 0.096027504 0.84943008 -104.43924 -0.029764488 0.99509756 -0.094312917 -16.443416 -0.8543225 0.023655213 0.51920474 226.0302
0.4966778 0.094831625 0.8627387 -103.18268 -0.029733608 0.99528871 -0.092283818 -16.613046 -0.86742558 0.020182991 0.49715749 226.79359
0.47601924 0.093030709 0.87450037 -101.9237 -0.029597628 0.99552047 -0.089794054 -16.780095 -0.8789367 0.016860562 0.47664039 227.52638
0.45463316 0.091541664 0.88596204 -100.67733 -0.029570437 0.99570733 -0.087706922 -16.940912 -0.89018781 0.013676191 0.4553885 228.19196
0.43325198 0.090291693 0.89673857 -99.420259 -0.028365033 0.99584223 -0.086566002 -17.09064 -0.90082641 0.012068874 0.43401175 228.81879
