1.000000000000000000e+00 -3.306050084167601550e-19 -2.270457535318767223e-19 -8.673617379884035472e-19 7.546676715296109287e-19 1.000000000000000000e+00 6.237773588823049983e-19 1.387778780781445676e-17 -3.447385680526250622e-20 4.770700176052009879e-20 1.000000000000000222e+00 5.551115123125782702e-17
9.999329666931990879e-01 -3.266292282273199239e-03 1.111120130359689179e-02 1.563540218297665776e-02 3.253814670344037062e-03 9.999940301914898022e-01 1.140610812926409583e-03 6.968066862350630331e-04 -1.111486430104818672e-02 -1.104374681702079098e-03 9.999376409670264199e-01 2.955305427840761445e-01
9.998272657521449780e-01 -4.477778017879564115e-03 1.803729819408375623e-02 2.685424769102670930e-02 4.455494647013542517e-03 9.999892420192664222e-01 1.275234969223192029e-03 -1.559173291267489103e-02 -1.804281630611278067e-02 -1.194642437417662737e-03 9.998365335913513841e-01 5.819954351200671283e-01
9.997614888900586694e-01 -7.883523416784311844e-03 2.036173353701379793e-02 3.803993245922127758e-02 7.880567652997969713e-03 9.999689013292648587e-01 2.255589250053195445e-04 -1.978802914350724640e-02 -2.036288105905809109e-02 -6.499603450128888275e-05 9.997925938085392428e-01 8.812484763177769187e-01
9.997828645614479370e-01 -9.084965465954370975e-03 1.875619636588467948e-02 4.036401093309774368e-02 9.103429934458799958e-03 9.999581696026039745e-01 -8.995155422156432979e-04 -9.604333283128332899e-03 -1.874723968555118761e-02 1.070042852393671053e-03 9.998237923244431835e-01 1.188559695499877167e+00
9.998732598118795778e-01 -1.157997543859112279e-02 1.092187329874875004e-02 3.362814670643142489e-02 1.160608826550229601e-02 9.999298885503155043e-01 -2.330512275394717309e-03 -1.833216118697346408e-02 -1.089411499299108854e-02 2.456994796824491911e-03 9.999376310376770771e-01 1.506676608700184827e+00
9.999125073478529746e-01 -1.321213818920671974e-02 -6.552205039016719941e-04 3.600349066547701982e-02 1.320953165583939153e-02 9.999054204137314272e-01 -3.834346484802243684e-03 -3.444169122224653712e-02 7.058045787124129318e-04 3.825354833351302889e-03 9.999924102587407493e-01 1.835260113001891291e+00
9.997740876158676127e-01 -1.221824097998143455e-02 -1.738619041341118651e-02 1.930197513714448573e-02 1.214805043050909937e-02 9.999176123063365784e-01 -4.137962743470583078e-03 -3.121611157842238415e-02 1.743530409711779167e-02 3.925734661583347301e-03 9.998402248023751104e-01 2.163185819762880158e+00
9.993364144069023514e-01 -7.786809559271354493e-03 -3.557131784767263161e-02 -2.948243294338885948e-02 7.664208871531659820e-03 9.999642132070661882e-01 -3.580171868382716477e-03 -3.638975511064933277e-02 3.559792515533234669e-02 3.305121609676725612e-03 9.993602944365078677e-01 2.512447569667115577e+00
9.984775120925195591e-01 -2.620926026311983827e-03 -5.510185523890947373e-02 -7.310400849142373314e-02 2.368583057208003152e-03 9.999863941534402612e-01 -4.644440149608287244e-03 -5.005854858878903968e-02 5.511328612293556195e-02 4.506843860710910490e-03 9.984701500360838589e-01 2.856788385683835418e+00
9.971242963457925823e-01 -3.150117008457417947e-03 -7.572785276778745689e-02 -1.124912406010600829e-01 2.738117693473343835e-03 9.999808675919785728e-01 -5.543649299938982825e-03 -4.268098119794555556e-02 7.574387815067475105e-02 5.320432403095719937e-03 9.971138411701085946e-01 3.218307887990300209e+00
9.953311742029312681e-01 -5.028014462448318275e-03 -9.638806389105464278e-02 -1.779036984040180125e-01 4.539435441408483200e-03 9.999757159264229811e-01 -5.287201644373456556e-03 -4.984280719585403030e-02 9.641231227931081060e-02 4.824964661782261965e-03 9.953298758275248570e-01 3.598853380728567419e+00
9.933549815124413929e-01 -6.206556650030276359e-03 -1.149470070012614253e-01 -2.359988382628888104e-01 5.785529419244274038e-03 9.999752624515489963e-01 -3.995603653925572894e-03 -5.894228889169605967e-02 1.149689758536249912e-01 3.304257384278632467e-03 9.933663569500112978e-01 3.984011836117282712e+00
9.910955720929249813e-01 -4.978412065896976012e-03 -1.330511419156992226e-01 -3.103406057152289232e-01 4.562124227239129290e-03 9.999837000640264817e-01 -3.434326024783743766e-03 -6.261075337935941010e-02 1.330660637292387094e-01 2.796894930994788062e-03 9.911021577060248333e-01 4.378791859044360635e+00
9.888432071407710078e-01 -3.534089625221550988e-03 -1.488969689231625926e-01 -3.844689974465179128e-01 3.219796041724478936e-03 9.999920401972777206e-01 -2.351565841382176076e-03 -7.001858719968874489e-02 1.489041066903834254e-01 1.846082597828750888e-03 9.888467471001229914e-01 4.794013354955223960e+00
9.868382107640107925e-01 -3.209290741165432906e-03 -1.616587222239536104e-01 -4.705726519962070697e-01 2.842533301062186851e-03 9.999928288948546351e-01 -2.499584895159084885e-03 -7.530537824855879081e-02 1.616655882943472677e-01 2.007323131974514743e-03 9.868402774416596968e-01 5.212062857339527788e+00
9.846465979547648351e-01 -2.703994007451698909e-03 -1.745154948002073381e-01 -5.662880140829346098e-01 2.279395447991117759e-03 9.999939525936220042e-01 -2.633546999837764729e-03 -8.503097867056011450e-02 1.745215751336652299e-01 2.195254175938195218e-03 9.846467853242636403e-01 5.649293237998127104e+00
9.830926545192159027e-01 -7.546969445672197657e-03 -1.829519322388883651e-01 -6.521347257752336812e-01 6.669865153811353926e-03 9.999631312579182474e-01 -5.409844549466875235e-03 -9.476423321455967885e-02 1.829860149444774153e-01 4.098259669783228809e-03 9.831067169885214785e-01 6.094925363870556723e+00
9.816336281164556032e-01 -6.482736069390128419e-03 -1.906299352722165552e-01 -7.505076860366972635e-01 5.252179940120504063e-03 9.999620235707513682e-01 -6.961134091969104973e-03 -1.043508196208747796e-01 1.906678233717690463e-01 5.831965700462816808e-03 9.816303686489444846e-01 6.555795659152527044e+00
9.803381496821628183e-01 -6.086628192446307331e-03 -1.972208478401059339e-01 -8.565678588448376596e-01 4.441794474219955616e-03 9.999515578546381844e-01 -8.782624309278001806e-03 -1.027375943281223919e-01 1.972647562746872862e-01 7.733965560629096729e-03 9.803177019404334391e-01 7.036683993310599128e+00
9.788029013064621919e-01 -6.700901913945247167e-03 -2.046921743589963927e-01 -9.733521758020206027e-01 4.507999110659425580e-03 9.999273423598742383e-01 -1.117780932147956034e-02 -1.129728848386850337e-01 2.047522293866954612e-01 1.001813888479724177e-02 9.787619886563565519e-01 7.521212905485175071e+00
9.767559749879031195e-01 -9.958363271579097342e-03 -2.141166271507915497e-01 -1.087730172025380471e+00 7.417118892357459081e-03 9.998922549137941873e-01 -1.266618165101518131e-02 -1.236543657685980763e-01 2.142197539058345590e-01 1.078360683047439698e-02 9.767245466066343251e-01 8.024767618097586208e+00
9.751769364593434464e-01 -1.619978307939920481e-02 -2.208141643744141458e-01 -1.196736283015370050e+00 1.343356453897326559e-02 9.998114891939169357e-01 -1.402499486391185421e-02 -1.422011012668882857e-01 2.209997481801809216e-01 1.071040936660152057e-02 9.752105227300712498e-01 8.539122544824834904e+00
9.731908779803682963e-01 -1.670143828092273200e-02 -2.293697475683210141e-01 -1.327550191375706845e+00 1.328210978513310291e-02 9.997765865344532266e-01 -1.644619252845177029e-02 -1.581099666917415714e-01 2.295931297578066022e-01 1.295861382963739081e-02 9.731951765336102067e-01 9.066530285886068796e+00
9.712272581138235994e-01 -1.348543277115517823e-02 -2.377901850837397801e-01 -1.476473285102204880e+00 8.548196386932938040e-03 9.997262195779812455e-01 -2.178415391426507045e-02 -1.601873762605905138e-01 2.380188549930214725e-01 1.912505050456047434e-02 9.710765349157697290e-01 9.589369178562183293e+00
9.691118997172362137e-01 -9.094906126309072400e-03 -2.464446470433140912e-01 -1.629964647083106843e+00 3.340829427360954371e-03 9.997122137952750842e-01 -2.375863517414029610e-02 -1.776354272290551206e-01 2.465898465574986598e-01 2.220121082822262143e-02 9.688632834906627522e-01 1.013856901623404205e+01
9.665839170142777048e-01 -1.292542710990565551e-02 -2.560343172162384273e-01 -1.784868859080569248e+00 6.397359442403313667e-03 9.996332570419917962e-01 -2.631422845312862691e-02 -1.941956766509652099e-01 2.562806010999324480e-01 2.379691603584443288e-02 9.663120369880421334e-01 1.069610367758478198e+01
9.644500386494483379e-01 -1.458350384478416563e-02 -2.638866076939710426e-01 -1.948176920762872300e+00 7.399709149257069352e-03 9.995750065579042110e-01 -2.820107094497694561e-02 -2.214196396552209900e-01 2.641856458525220219e-01 2.524719267121249000e-02 9.641478411642604440e-01 1.126721101012174842e+01
9.626456281007056415e-01 -1.397510711626655591e-02 -2.704295361750677640e-01 -2.122085359176134389e+00 5.665315554681721322e-03 9.994881160674817799e-01 -3.148733245654447566e-02 -2.434928362182484651e-01 2.707312200477025588e-01 2.877947245143930993e-02 9.622318955183973843e-01 1.184967186634853853e+01
9.598298050655369451e-01 -1.364990273335169209e-02 -2.802590983678572845e-01 -2.307248040383352627e+00 4.046628659970142802e-03 9.993856130146531180e-01 -3.481951933483517364e-02 -2.641932856082806480e-01 2.805621536449200981e-01 3.228719559248013904e-02 9.592951977454632351e-01 1.243728917908717513e+01
9.581335266926093164e-01 -1.510640030934062329e-02 -2.858978442423091848e-01 -2.492788485013591071e+00 3.807757653158908191e-03 9.991911661080510321e-01 -4.003327244193381762e-02 -2.917878033124510773e-01 2.862713052362718114e-01 3.726890129593225104e-02 9.574160484522391545e-01 1.303348336081274184e+01
9.562222005973123329e-01 -1.651364574905251140e-02 -2.920962725936948612e-01 -2.698404529522326900e+00 2.967608005212587791e-03 9.989024090513808352e-01 -4.674730468696001312e-02 -3.298690083735935086e-01 2.925476293963003571e-01 4.383347452224454349e-02 9.552214811449166731e-01 1.364899905786849210e+01
9.547578833245812246e-01 -1.678774731739591727e-02 -2.969478744041099127e-01 -2.898666904095046792e+00 2.918680091872401933e-04 9.984577928198421493e-01 -5.551907411327132447e-02 -3.606635668584591836e-01 2.974218970314059796e-01 5.292125224299980973e-02 9.532901469909529357e-01 1.426850406434143359e+01
9.536820252867441727e-01 -1.663009048880594726e-02 -3.002814517847384179e-01 -3.110124694475831841e+00 -2.613473781270503424e-03 9.979749999971595509e-01 -6.356247816153440255e-02 -4.067985982077562124e-01 3.007299415257332909e-01 6.140486522114615292e-02 9.517071562346511859e-01 1.489551933970700226e+01
9.521404531305581731e-01 -1.594127957522330566e-02 -3.052987712633281614e-01 -3.332147768220987238e+00 -6.802746566704757913e-03 9.972866357702342421e-01 -7.331295253527639333e-02 -4.533126364195225189e-01 3.056390970172508936e-01 7.188127169366534397e-02 9.494483264243726017e-01 1.553977987069927025e+01
9.514457965349006896e-01 -1.625867113650348444e-02 -3.073200417009775975e-01 -3.548700007079566010e+00 -8.880311926907517861e-03 9.967386048458879433e-01 -8.022405431440207679e-02 -5.063575706057583670e-01 3.076214582831583999e-01 7.905991968056648445e-02 9.481985265138039853e-01 1.620544405749446071e+01
9.494815726629649566e-01 -1.446536136929996164e-02 -3.135181918115878541e-01 -3.785588459083558899e+00 -1.349283433701940066e-02 9.961317422882711714e-01 -8.683773406647248005e-02 -5.662135406329288356e-01 3.135615475235010163e-01 8.668130116926070494e-02 9.456135131470613242e-01 1.686562856090155194e+01
9.482181930696674810e-01 -1.270099195733399335e-02 -3.173262424047341157e-01 -4.031894466177660341e+00 -1.774610467451140719e-02 9.955208354648523716e-01 -9.284575929891397683e-02 -6.323706998579513572e-01 3.170839036690967228e-01 9.366993970502171529e-02 9.437456411508443610e-01 1.754400026800096413e+01
9.466156265121835611e-01 -1.129052303077561492e-02 -3.221740118186051660e-01 -4.277430317245568325e+00 -2.150426888051081009e-02 9.949487229122261356e-01 -9.806872056378404534e-02 -7.070762635673053520e-01 3.216540995453376905e-01 9.976090278344323936e-02 9.415911753062726763e-01 1.822484599467826527e+01
9.447170928939376822e-01 -6.304337481872089241e-03 -3.277448162790737585e-01 -4.543738099379568851e+00 -2.845191402064107394e-02 9.944677795804874876e-01 -1.011023349798028520e-01 -7.806762052723033030e-01 3.265687928229655257e-01 1.048392521028074786e-01 9.393114167788098046e-01 1.892873496611415263e+01
9.434005702779812985e-01 -5.999349339861945185e-03 -3.315379216300721743e-01 -4.811532795258595563e+00 -2.961766571481815741e-02 9.943175699110070598e-01 -1.022540961110897373e-01 -8.565375658864043951e-01 3.302668484660387094e-01 1.062889400352834413e-01 9.378621706325450669e-01 1.963663536657537634e+01
9.408686178089669117e-01 -6.165587042670807143e-03 -3.387681713815935414e-01 -5.086842756093043150e+00 -3.009336090149065945e-02 9.943606235823566619e-01 -1.016860613895658322e-01 -9.406531065143590720e-01 3.374849199547180767e-01 1.058664061362966369e-01 9.353772406376381632e-01 2.036060216863811334e+01
9.388821154859973150e-01 -5.873470733487055374e-03 -3.442573192904935797e-01 -5.366313281506881694e+00 -3.040800091188691420e-02 9.945308674518260617e-01 -9.990165570493461655e-02 -1.025918182925607658e+00 3.429616576160384733e-01 1.042615776610059247e-01 9.335686426191227572e-01 2.108736636416403343e+01
9.364716225069618094e-01 -5.489739712316038175e-03 -3.506895405748596817e-01 -5.653040335734032418e+00 -3.078461026436347947e-02 9.947322016591734206e-01 -9.778266933067189526e-02 -1.107769997158157826e+00 3.493782389726179383e-01 1.023697615035526615e-01 9.313697398864466681e-01 2.182204894364657832e+01
9.338485792570513366e-01 -5.946206554662956077e-03 -3.575759073667250099e-01 -5.946726549358680280e+00 -3.020737640214355910e-02 9.949783856901709411e-01 -9.544770156492284052e-02 -1.194104823092297707e+00 3.563477740174892938e-01 9.993692099122628014e-02 9.289794196162241002e-01 2.255329245886031941e+01
9.294646840355541562e-01 -3.166838975773215645e-03 -3.688894097259938221e-01 -6.264719953812528885e+00 -3.203967914847168086e-02 9.954917635407860566e-01 -8.926877512131643766e-02 -1.267645956801886298e+00 3.675088644511982361e-01 9.479220525626191884e-02 9.251730375539701789e-01 2.332712967318772357e+01
9.269248870226941550e-01 -1.673176073364623798e-03 -3.752555651791632529e-01 -6.582980579162299506e+00 -3.237895365842888284e-02 9.959037763868409110e-01 -8.443015153121150029e-02 -1.347681775150573857e+00 3.738597767029941399e-01 9.041107575037231336e-02 9.230737795225941733e-01 2.407625834702031398e+01
9.231168021029639847e-01 1.368562313625913251e-03 -3.845844612593941059e-01 -6.916248575111381136e+00 -3.490747948782107341e-02 9.961627226825082726e-01 -8.026231658072266462e-02 -1.421441655802063941e+00 3.829990579261127182e-01 8.751485119059913831e-02 9.196224122224322395e-01 2.483459544459232404e+01
9.196065730700111462e-01 3.279529189052858649e-03 -3.928226569850059580e-01 -7.259985167775746540e+00 -3.695531823111575936e-02 9.962530671718072828e-01 -7.819625751131749347e-02 -1.496216235738557776e+00 3.910950821029130497e-01 8.642317907016709710e-02 9.162817591417266039e-01 2.559661512158025332e+01
9.156688380895228185e-01 4.700470391872129360e-03 -4.019460291080559355e-01 -7.608868104115319220e+00 -3.884221554834370316e-02 9.962863627636817654e-01 -7.685106841872381411e-02 -1.575293606248650224e+00 4.000924225119645850e-01 8.598083482761237351e-02 9.124510057546143527e-01 2.636910817429997067e+01
9.121796656644577395e-01 4.579380531480231435e-03 -4.098059018124659558e-01 -7.966890683957688957e+00 -3.912523371445687098e-02 9.963427135580884553e-01 -7.595206623716604932e-02 -1.645527270378588369e+00 4.079591673179365774e-01 8.531492672179334658e-02 9.090230347484011819e-01 2.714236497733819675e+01
9.081379597199418230e-01 5.084558446740573660e-03 -4.186460833295365669e-01 -8.344881310025291654e+00 -4.005647933657658505e-02 9.963943472424957593e-01 -7.478294314836872458e-02 -1.716692818871370152e+00 4.167561953823140652e-01 8.468271019017456491e-02 9.050672714181473566e-01 2.792749448717686889e+01
9.046972043204329905e-01 3.799851183459347897e-03 -4.260575243770132192e-01 -8.728904405030744940e+00 -3.829515216653509718e-02 9.966382226010569445e-01 -7.242156237067894076e-02 -1.789635382840241373e+00 4.243506199568571335e-01 8.183028002683728763e-02 9.018009218028755214e-01 2.872132665986676159e+01
9.009982811404489977e-01 4.945034767659709299e-03 -4.337561660235483840e-01 -9.119528983063274197e+00 -3.793055171343526211e-02 9.970035866924629175e-01 -6.742624403798540278e-02 -1.857262664868455371e+00 4.321228297703680332e-01 7.720671865993308791e-02 8.984862980224961326e-01 2.951734931316816812e+01
8.970403323509220650e-01 7.234483318399688445e-03 -4.418710699916273965e-01 -9.534381650523108931e+00 -3.868041022586670569e-02 9.973141593695202811e-01 -6.219387044278979620e-02 -1.921312952869387081e+00 4.402341860886365144e-01 7.288437164602759588e-02 8.949110813043078538e-01 3.032952220065262239e+01
8.937704640917073506e-01 5.184910718648033483e-03 -4.485468134813896390e-01 -9.950675892998258831e+00 -3.487361517287119322e-02 9.977093762537712074e-01 -5.795109768936581446e-02 -1.988096626388304200e+00 4.472189990304778484e-01 6.743459106883958887e-02 8.919041251467701992e-01 3.114214424882749199e+01
8.898619070167277378e-01 5.522940664955788836e-03 -4.562086065921303613e-01 -1.038284218910188272e+01 -3.477747101365893934e-02 9.978383622013543564e-01 -5.575929484231641892e-02 -2.049314643686758419e+00 4.549143387477462275e-01 6.548617860663544232e-02 8.881306552928740494e-01 3.196467007531877158e+01
8.869843104243330112e-01 5.644564395763016461e-03 -4.618664977327250343e-01 -1.082640669851450355e+01 -3.482117314135420305e-02 9.978960607415016115e-01 -5.469490586509764829e-02 -2.105144104096272173e+00 4.605864622087466054e-01 6.459314170320905324e-02 8.853147553676737891e-01 3.279736433979096688e+01
8.841412394151692000e-01 5.524929680641540997e-03 -4.672133955178678355e-01 -1.127537908934843713e+01 -3.407583265425171565e-02 9.980295639322476209e-01 -5.268546879209903833e-02 -2.157879962499898774e+00 4.660018483250887855e-01 6.250099182369564521e-02 8.825874259082595596e-01 3.364282438697957645e+01
8.818234598856310447e-01 3.530007615095217318e-03 -4.715233104544916398e-01 -1.174249723751678331e+01 -3.169738235640388174e-02 9.981542200646867924e-01 -5.180336596891109424e-02 -2.217764529004740748e+00 4.704700877980168006e-01 6.062880888808102470e-02 8.803078167614133420e-01 3.448360668504741966e+01
8.789134626042338638e-01 2.951692975773944835e-03 -4.768727707827408180e-01 -1.221987153065974674e+01 -3.097606208815309806e-02 9.982230736757645717e-01 -5.090757901827454301e-02 -2.275679895340920300e+00 4.758748791965986547e-01 5.952012701488275381e-02 8.774433654152533624e-01 3.533303762758642819e+01
8.774252355073861587e-01 1.017179475687529297e-03 -4.797876944208807615e-01 -1.269449312547083863e+01 -2.980685156888275567e-02 9.981810543740281538e-01 -5.238676552524008240e-02 -2.335984356105134996e+00 4.788617887894652814e-01 6.026331005540223190e-02 8.758598651707710792e-01 3.619973820001770548e+01
8.751622227821391764e-01 1.922488481366285782e-03 -4.838911398739630942e-01 -1.319237970882652355e+01 -3.123194610415960110e-02 9.981310121445128303e-01 -5.254624924557625698e-02 -2.396276098109390240e+00 4.828859176255210772e-01 6.109925219036130284e-02 8.735867003379356177e-01 3.706470976354651015e+01
8.754121827322319804e-01 2.236078719051015629e-03 -4.833781136050961935e-01 -1.369822287355573032e+01 -3.082549530925971989e-02 9.982121435910138452e-01 -5.120098032212536815e-02 -2.445103933765661708e+00 4.823994497062271125e-01 5.972038175101911095e-02 8.739161476147427887e-01 3.794885287912808280e+01
8.749945154540664793e-01 2.540242459939677337e-03 -4.841151006254486577e-01 -1.420117831900181571e+01 -3.031268433387315081e-02 9.983116732739143462e-01 -4.953673528812033156e-02 -2.504196031982246495e+00 4.831719755357249957e-01 5.801762162536151790e-02 8.735943697436990840e-01 3.884686014020829958e+01
8.747227686865486351e-01 4.526226260270755199e-04 -4.847099759980035838e-01 -1.471996313634545750e+01 -2.775860831413988830e-02 9.984045476030366517e-01 -4.917433108987047385e-02 -2.569671834669660093e+00 4.839146547634653461e-01 5.646624669826000309e-02 8.733396779959984313e-01 3.976070248531508611e+01
8.745587352520401980e-01 -1.639719882515155557e-03 -4.848916294265744886e-01 -1.523561699832932170e+01 -2.595112531338904238e-02 9.984029312934048495e-01 -5.018165317313116880e-02 -2.627232637942099380e+00 4.841995282374472742e-01 5.647138690531835342e-02 8.731194472698627917e-01 4.067716971538356319e+01
8.731040634857469840e-01 -4.453032401797838054e-03 -4.875560508747027177e-01 -1.577142105990292009e+01 -2.377803828771249059e-02 9.983791985271238678e-01 -5.170297537564787910e-02 -2.693455622472450628e+00 4.869960094331291511e-01 5.673591056690548140e-02 8.715832276836320558e-01 4.160864092240455392e+01
8.722006015618534169e-01 -5.217226740157746012e-03 -4.890634906547663974e-01 -1.629859211317177170e+01 -2.171861320684056670e-02 9.985438588190064246e-01 -4.937841875115824702e-02 -2.754282067919001431e+00 4.886089171128565889e-01 5.369088245043747432e-02 8.708172504536437764e-01 4.253808724968609312e+01
8.697373207555253449e-01 -4.490996849550610986e-03 -4.935854745727237258e-01 -1.684327078070088390e+01 -2.067418293640362753e-02 9.987491263325144475e-01 -4.551950222326273110e-02 -2.814232776360530153e+00 4.931724258962376095e-01 4.979487138666406632e-02 8.685566356260412402e-01 4.346891074034728319e+01
8.671318026790386657e-01 -3.924381433855791794e-03 -4.981896305325047569e-01 -1.738323640451216434e+01 -1.896913409977386833e-02 9.989831954996821750e-01 -4.090192087572205870e-02 -2.875057770467241092e+00 4.978438745396942533e-01 4.491521292828128120e-02 8.661757466027734109e-01 4.439901352276542923e+01
8.637310573898570043e-01 -5.295481386471933768e-03 -5.040606629920352244e-01 -1.792924175956389021e+01 -1.653846355470655477e-02 9.991083152538587919e-01 -3.884372219016277161e-02 -2.935314830044303491e+00 5.038169475805581721e-01 4.188514932061832008e-02 8.628732843310769063e-01 4.532272380257577282e+01
8.575424369656653445e-01 -8.602058948894637444e-03 -5.144704263957126100e-01 -1.848315484380236029e+01 -1.467996690352325710e-02 9.990436142122618435e-01 -4.118325064405964353e-02 -2.999893269536069162e+00 5.143330857922793209e-01 4.286454025438080767e-02 8.565959809303801409e-01 4.623901243283858520e+01
8.531958449867198535e-01 -1.108642652898679179e-02 -5.215034913168806741e-01 -1.904119058053610658e+01 -1.416498239160603884e-02 9.989128444433567067e-01 -4.440826279133344712e-02 -3.063014153196900402e+00 5.214290434684218933e-01 4.527460439142294568e-02 8.521111882898029233e-01 4.713523749735605861e+01
8.462367717042847959e-01 -1.183354439046546518e-02 -5.325179560288498815e-01 -1.963216439938908664e+01 -1.416366274512372882e-02 9.989004420245291005e-01 -4.469920225887310389e-02 -3.118912731427391449e+00 5.324609644112043849e-01 4.537393996709866012e-02 8.451384553690867163e-01 4.804938369387592445e+01
8.402486400405729805e-01 -8.571760398453242072e-03 -5.421934455994751323e-01 -2.023323418952907815e+01 -1.532705938998307239e-02 9.991000241676091242e-01 -3.955075640954961586e-02 -3.171515642390416279e+00 5.420444937147115283e-01 4.154274544758265048e-02 8.393610811989228315e-01 4.895764160498758599e+01
8.365184362618466318e-01 -5.891362406990163607e-03 -5.480917997518295337e-01 -2.083249208150991905e+01 -1.613600773752566983e-02 9.992436971883227326e-01 -3.536445039660415096e-02 -3.231070538594969843e+00 5.478858382249693904e-01 3.842105316749019200e-02 8.357906438401753180e-01 4.985271256994045785e+01
8.310147049811266173e-01 -4.574672195136788785e-03 -5.561955341107129858e-01 -2.144497788455710818e+01 -1.898320595250885603e-02 9.991505241475588939e-01 -3.657445823276749691e-02 -3.286422808701057630e+00 5.558900114384713875e-01 4.095652904945910194e-02 8.302219888698194605e-01 5.073632694316950875e+01
8.272937664202310026e-01 -6.629484826663653921e-03 -5.618620420027573559e-01 -2.205492819916417346e+01 -1.936146065930064233e-02 9.989998843736235257e-01 -4.030006820463407496e-02 -3.342598095032019323e+00 5.615675697176550907e-01 4.421414385805196717e-02 8.263377512218316179e-01 5.161664312730082571e+01
8.250978369064675411e-01 -8.194938636508183535e-03 -5.648706520146474785e-01 -2.266912720258523350e+01 -2.246392939087199850e-02 9.986283768296194685e-01 -4.729366821106505137e-02 -3.406918295430922061e+00 5.644832251967649706e-01 5.171318099906677124e-02 8.237820498518648726e-01 5.249544857039511214e+01
8.223385139276585543e-01 -9.421923374144701782e-03 -5.690234764564582326e-01 -2.329430606026327766e+01 -2.260116483522995809e-02 9.985330187688890025e-01 -4.920992024632380585e-02 -3.469541617102733344e+00 5.686528157686032703e-01 5.332373563801233451e-02 8.209189765273905426e-01 5.337321704976087489e+01
8.198776931105762333e-01 -9.471565949176294352e-03 -5.724800094849821219e-01 -2.392297733919486546e+01 -2.063669726496245721e-02 9.987244716122138932e-01 -4.607529617245332415e-02 -3.535855462983632069e+00 5.721866403699434889e-01 4.958571699927151466e-02 8.186365165935857169e-01 5.424244085276957605e+01
8.150377023110161323e-01 -7.145256311933427008e-03 -5.795145585161680657e-01 -2.455769706385300211e+01 -1.985546474126981265e-02 9.989921041277755043e-01 -4.023954880148304658e-02 -3.585298870228990520e+00 5.792182352017479774e-01 4.429761549616580141e-02 8.140744630657555936e-01 5.512066630471463924e+01
8.122167949291143607e-01 -4.418894739785590026e-03 -5.832251564347651351e-01 -2.519000873499711091e+01 -2.077387358439860762e-02 9.991178649148146906e-01 -3.649441352266758615e-02 -3.645846892892782520e+00 5.828719524522386619e-01 4.175861373273134780e-02 8.114085890955853309e-01 5.599988978300948617e+01
8.107045565613258953e-01 -3.715516037097159850e-03 -5.855477205005295005e-01 -2.583246486309223044e+01 -2.239294058417216904e-02 9.990512596796365941e-01 -3.733352666744219756e-02 -3.706205688098157314e+00 5.851309659984674783e-01 4.337434548420734948e-02 8.098522879880112324e-01 5.686951971423947327e+01
8.052645783149936509e-01 -5.552150221218891783e-03 -5.929323929493972578e-01 -2.648931608721376207e+01 -2.157871444729679566e-02 9.990191980585033660e-01 -3.866477636828142411e-02 -3.757458657172989991e+00 5.925655429050019629e-01 4.393023122054175167e-02 8.043549274495929158e-01 5.773781711197187150e+01
8.017349762225178811e-01 -7.714623702207652582e-03 -5.976655735178829643e-01 -2.714489450341703147e+01 -2.163938614951703074e-02 9.988862765619417328e-01 -4.191691353747050569e-02 -3.821415052520229949e+00 5.973232931728756911e-01 4.654085594005646226e-02 8.006752316859079288e-01 5.860092269612950844e+01
7.986556009995482430e-01 -9.790618685086968989e-03 -6.018278997872126279e-01 -2.780913483761748850e+01 -2.004486690154492351e-02 9.988799910422569983e-01 -4.284658049944118502e-02 -3.878045319545341485e+00 6.015738225525830707e-01 4.627628184940054540e-02 7.975648107902262307e-01 5.946525163881278075e+01
7.927387880321269398e-01 -1.060780795420829779e-02 -6.095310299114019559e-01 -2.848046279868373531e+01 -1.865101446740877189e-02 9.989582933067580051e-01 -4.164970970601174216e-02 -3.935107241140772594e+00 6.093381035574417792e-01 4.438361220629852971e-02 7.917150890712714162e-01 6.032463812232553835e+01
7.899032730276117631e-01 -1.055180073380412344e-02 -6.131976251127314592e-01 -2.915782715540284897e+01 -1.840865444558452413e-02 9.989932272247822320e-01 -4.089685335850724857e-02 -3.994699560514065162e+00 6.130119132825340156e-01 4.359200409551788891e-02 7.889137872231921644e-01 6.118385400922979755e+01
7.827230696875280280e-01 -1.182958271637617707e-02 -6.223467413714917074e-01 -2.984352648859226775e+01 -1.828620866447400531e-02 9.989505120241392033e-01 -4.198411685685459610e-02 -4.060213453029643205e+00 6.221903483358233178e-01 4.424137768276348304e-02 7.816853808241912560e-01 6.203874734904116650e+01
7.781940368663426977e-01 -1.328214594293054308e-02 -6.280259220991275537e-01 -3.054241174931363645e+01 -1.748392827082878576e-02 9.989305642380398309e-01 -4.279455349369672840e-02 -4.121511414807155660e+00 6.279232486310466488e-01 4.427585082888938622e-02 7.771296327327452680e-01 6.287957887497983478e+01
7.734467114856862224e-01 -1.522649228510865663e-02 -6.336573003209239330e-01 -3.124653592362573917e+01 -1.637073748647590102e-02 9.988980219071803557e-01 -4.397255149974595850e-02 -4.178035244423159433e+00 6.336286134843891471e-01 4.438477513530948715e-02 7.723450411203783839e-01 6.372475597300342542e+01
7.669955811161680570e-01 -1.611100853039263217e-02 -6.412867436030179613e-01 -3.196303853431225406e+01 -1.626483635743919062e-02 9.988752061510125513e-01 -4.453433100473985773e-02 -4.242785318713124809e+00 6.412828934473233655e-01 4.459165969252219808e-02 7.658709510522166974e-01 6.456589073608446938e+01
7.616190925665625722e-01 -1.866083916942715484e-02 -6.477742785281269677e-01 -3.268684353494666084e+01 -1.499856170721368051e-02 9.988098726492107282e-01 -4.640499709914131660e-02 -4.308616250564602623e+00 6.478696715451294219e-01 4.505584875473919726e-02 7.604328392695478556e-01 6.540346070096268249e+01
7.560346590238999909e-01 -1.899878340346099898e-02 -6.542834035763221978e-01 -3.342342417933914334e+01 -1.444142657477193517e-02 9.988510696090270313e-01 -4.570795340590776829e-02 -4.371668996572479315e+00 6.544002125688680449e-01 4.400369803284075176e-02 7.548916384820939518e-01 6.624380285841635896e+01
7.479597911153929024e-01 -2.014246846600685828e-02 -6.634221803618536306e-01 -3.417496351566152413e+01 -1.269518786212658727e-02 9.989223821379399348e-01 -4.465103975642936013e-02 -4.432009274751814054e+00 6.636068976732227842e-01 4.181619944799472299e-02 7.468980820643553731e-01 6.707860738140870183e+01
7.435980454916413240e-01 -2.164712568005101867e-02 -6.683102200918445979e-01 -3.492806022616987605e+01 -1.096526243590278775e-02 9.989465779595673167e-01 -4.456912268477726535e-02 -4.498247925558565896e+00 6.685707908999621862e-01 4.047209122581522239e-02 7.425772823524720012e-01 6.791122052040624624e+01
7.353067382085989312e-01 -2.339335212291744279e-02 -6.773203662068452147e-01 -3.570231322245757610e+01 -9.927024952612512748e-03 9.989251636475383611e-01 -4.527752852316640347e-02 -4.562351766309042489e+00 6.776515048671445385e-01 4.002003799011949470e-02 7.342839114945405310e-01 6.873500236342918868e+01
7.306578090372920498e-01 -2.474727174900102217e-02 -6.822944447529075696e-01 -3.647963285627045593e+01 -9.642270198568942199e-03 9.988692557168735719e-01 -4.654941012994348593e-02 -4.635981822072649194e+00 6.826750256793214788e-01 4.058913804381824447e-02 7.295928512080539496e-01 6.955509118668135216e+01
7.240061331871076034e-01 -2.430510123242737852e-02 -6.892682379813330762e-01 -3.727363355098959374e+01 -1.094106587091854717e-02 9.988486939625945693e-01 -4.670770976330464175e-02 -4.697021974839744374e+00 6.896100168703928057e-01 4.135722775320713890e-02 7.229066746393911780e-01 7.037336591027052179e+01
7.192789384870338365e-01 -2.445328463285291812e-02 -6.941488862480826860e-01 -3.808222674812765973e+01 -1.004783527944304485e-02 9.989096838726378991e-01 -4.559270153850518426e-02 -4.759155771375704447e+00 6.945066209037402682e-01 3.977229079260755779e-02 7.182488056379177088e-01 7.118428470390871610e+01
7.141405443564300404e-01 -2.458930266138083243e-02 -6.996292758585664906e-01 -3.888839205631100526e+01 -1.073850641633107734e-02 9.988804257762203820e-01 -4.607257978523973674e-02 -4.827748787804128305e+00 6.999790952349693729e-01 4.041332443828000304e-02 7.130768401357517883e-01 7.200004736180858345e+01
7.083989851513758929e-01 -2.492043327449876625e-02 -7.053038182065085593e-01 -3.970843030824008224e+01 -1.115578454024572334e-02 9.988564645429731659e-01 -4.649349117286667721e-02 -4.897149461407269477e+00 7.056555355583583600e-01 4.080866939770018409e-02 7.073105903447136633e-01 7.280994812292288998e+01
7.044461564083097649e-01 -2.690241760238039348e-02 -7.091973213660192066e-01 -4.053710269411627110e+01 -1.069626235785301784e-02 9.987656833629047215e-01 -4.850649603620055955e-02 -4.974656938028664932e+00 7.096265086406081668e-01 4.176013303605661392e-02 7.032887381554213668e-01 7.363260543203570307e+01
6.997187596037888202e-01 -2.889745751595285822e-02 -7.139391413089976046e-01 -4.136603800966314992e+01 -1.152592030066016023e-02 9.985948868280765112e-01 -5.173341753167887830e-02 -5.040915448773770180e+00 7.144311631294795184e-01 4.442470682951265432e-02 6.984026502409560466e-01 7.442563775144448357e+01
6.932526632644189224e-01 -2.954704544296503366e-02 -7.201356500730674570e-01 -4.221825700008199789e+01 -1.153026744910901763e-02 9.985767189857360782e-01 -5.207899576141374054e-02 -5.112279047388108566e+00 7.206493994590560392e-01 4.440835854714155623e-02 6.919251095558754949e-01 7.522421443703879618e+01
6.894215907171211688e-01 -2.988290912569791999e-02 -7.238148506568896634e-01 -4.307950703332563336e+01 -1.079245651876776201e-02 9.986141131247776581e-01 -5.149893829927356531e-02 -5.185689103258015464e+00 7.243513974449045101e-01 4.330798414745765101e-02 6.881434548456930589e-01 7.602381038522493384e+01
6.851625138294928918e-01 -3.110966466447587925e-02 -7.278559687968819691e-01 -4.393437915840451780e+01 -8.752168562462850007e-03 9.986637017314942133e-01 -5.091618297214774852e-02 -5.262080069062013088e+00 7.284682941628094488e-01 4.124704485997057746e-02 6.839746758383966618e-01 7.682417794942222145e+01
6.783403882089691361e-01 -3.230000783332280523e-02 -7.339664146199310624e-01 -4.481082578105354486e+01 -8.043140410068939580e-03 9.986471441538570248e-01 -5.137384749907174947e-02 -5.339375073373501479e+00 7.346323409981220243e-01 4.075827416507706719e-02 6.771627628947423094e-01 7.762081579808103982e+01
6.761912780405284762e-01 -3.212042091880420308e-02 -7.359696259585860600e-01 -4.569146386819525674e+01 -7.762879361216936877e-03 9.986831115176199036e-01 -5.070588485307164772e-02 -5.410729516473834266e+00 7.366290496942066168e-01 4.000257893397383274e-02 6.750513668963197267e-01 7.841534738188180143e+01
6.700561459929411656e-01 -3.368915660171176163e-02 -7.416087440398586583e-01 -4.658163229081921486e+01 -6.156814570507197076e-03 9.986829737995761569e-01 -5.092445393227842260e-02 -5.482513496475691639e+00 7.423482781089061344e-01 3.868114588674940318e-02 6.689663135761656498e-01 7.920216420975457083e+01
6.660532025835785852e-01 -3.524083177111542176e-02 -7.449717895592874450e-01 -4.747509998077558180e+01 -4.472597962478560424e-03 9.986765726874561322e-01 -5.123617288254717073e-02 -5.558953651333972346e+00 7.457914061129077288e-01 3.745659083194485123e-02 6.650141464857095563e-01 7.999258184825944795e+01
6.641882994354973979e-01 -3.794152792668091523e-02 -7.465294410146818826e-01 -4.837397740797194956e+01 -1.297345080484343894e-03 9.986511096846988345e-01 -5.189760695082590997e-02 -5.631037098810697472e+00 7.474918926963673993e-01 3.543222390653024551e-02 6.632432377265751189e-01 8.077977258433291752e+01
6.580435763953101924e-01 -4.262670880987759481e-02 -7.516890198567431902e-01 -4.928090205538925517e+01 1.502917352546795024e-03 9.984688366122573822e-01 -5.529035521386913010e-02 -5.713548808639192345e+00 7.528947216381370877e-01 3.525327899956907929e-02 6.570998692685861009e-01 8.157095326818614467e+01
6.540450651348183042e-01 -4.752312790776286322e-02 -7.550084390739937312e-01 -5.019431942824715520e+01 6.106129590490447408e-03 9.983239044412008933e-01 -5.754155602973444472e-02 -5.782923166617557342e+00 7.564778460599297372e-01 3.302380716403761907e-02 6.532387665346681693e-01 8.236402720309087044e+01
6.477740064379022833e-01 -5.120158312421173308e-02 -7.600251124728147900e-01 -5.112392714774672697e+01 1.094806813036737839e-02 9.982616662475118918e-01 -5.791649277661495288e-02 -5.864739936744178372e+00 7.616688925685539679e-01 2.919675886741554885e-02 6.472085103780931270e-01 8.314028369074266323e+01
6.394551776118393427e-01 -5.327432892281448035e-02 -7.670054015618753551e-01 -5.206290755597676423e+01 1.371172259950145800e-02 9.982286536109764574e-01 -5.790021580528381673e-02 -5.949099112544896428e+00 7.687300144844478877e-01 2.652258716208636194e-02 6.390518321911859978e-01 8.392370250620027150e+01
6.299512892983044621e-01 -5.563797483454539089e-02 -7.746859576953475379e-01 -5.299874480480057315e+01 1.809842015879551541e-02 9.982109911143159930e-01 -5.697885337732250255e-02 -6.037137849987098015e+00 7.764707580196562597e-01 2.186856907211745527e-02 6.298318349400103822e-01 8.469659462193429533e+01
6.207097395301612863e-01 -5.431786229576072295e-02 -7.821518747490813217e-01 -5.396785467919502821e+01 1.916013579960504365e-02 9.983499427282163108e-01 -5.412065504931880960e-02 -6.118189922774159406e+00 7.838016798522262629e-01 1.860068317885029548e-02 6.207267042314907890e-01 8.545544303953380449e+01
6.111379629059557894e-01 -5.388163701692811475e-02 -7.896574665517851477e-01 -5.494389728261590022e+01 1.896468152611800392e-02 9.983902210907805719e-01 -5.345024015321275107e-02 -6.204499719733090224e+00 7.912667071868579871e-01 1.768266435142924059e-02 6.111767291426071225e-01 8.620353152193865753e+01
6.026964401906016455e-01 -5.579800997595704692e-02 -7.960325232809041252e-01 -5.593818147475721503e+01 1.754608082490193358e-02 9.982379686585548528e-01 -5.669202503512484753e-02 -6.280715746303460634e+00 7.977925300668943231e-01 2.020883002151269495e-02 6.026130688730119145e-01 8.694588959394013727e+01
5.932500377961357207e-01 -5.758527686262508716e-02 -8.030507954442607232e-01 -5.693890359044881677e+01 1.818006349912680911e-02 9.981420685794516467e-01 -5.815172837386303750e-02 -6.375808638432431508e+00 8.049078695566161956e-01 1.989896750805151757e-02 5.931948954249499639e-01 8.766955230160513679e+01
5.828096287004007614e-01 -5.926590320370305615e-02 -8.103945237019244408e-01 -5.794887683773849574e+01 1.861324839382487092e-02 9.980492787958972212e-01 -5.958904195102515677e-02 -6.455887159884730053e+00 8.123447947938088332e-01 1.965217998615023318e-02 5.827749755031222945e-01 8.838661907819420094e+01
5.728475092978306815e-01 -6.094587784507077971e-02 -8.172927495510521334e-01 -5.897122921990626310e+01 2.246506259562194158e-02 9.980242106827520443e-01 -5.868133530291412547e-02 -6.542812605378976798e+00 8.192539926623869651e-01 1.525072008206881588e-02 5.730854776855855981e-01 8.911307127140156581e+01
5.619748997779667743e-01 -6.077967691415848972e-02 -8.249874338312211952e-01 -6.001639832376287842e+01 2.395658109241930595e-02 9.980740572011514988e-01 -5.720767071336247539e-02 -6.633208635680962750e+00 8.268766926781434545e-01 1.237925404097477838e-02 5.623490618578568245e-01 8.980968196418146476e+01
5.513482380570313701e-01 -6.227430048747495395e-02 -8.320228823407332941e-01 -6.106432956040018212e+01 2.605291600034457047e-02 9.980091133122418467e-01 -5.744175362728878159e-02 -6.716801512487777792e+00 8.339433861718930086e-01 1.000021893333303234e-02 5.518728527361042024e-01 9.050157262526374780e+01
5.419219756046057546e-01 -6.226158213975149791e-02 -8.379804893403289823e-01 -6.211742029756107542e+01 2.363659962891953917e-02 9.979872229738762091e-01 -5.884287046360166251e-02 -6.807236486749488336e+00 8.399571354637037635e-01 1.208373651129474036e-02 5.423020574487399381e-01 9.117670153982993497e+01
5.311769306072352537e-01 -6.287849732375190570e-02 -8.451118145043792218e-01 -6.319484442963381809e+01 2.217959486364375066e-02 9.979326778015875643e-01 -6.030935523233611067e-02 -6.894050601645719034e+00 8.471578822078567050e-01 1.329339305490051353e-02 5.314732081919770756e-01 9.184669226659708841e+01
5.212132192040249690e-01 -6.426341308939427510e-02 -8.508966922742702277e-01 -6.427553793389374448e+01 2.157922561901601255e-02 9.978340704242553150e-01 -6.214659081456011536e-02 -6.985956700069581693e+00 8.530471572381904677e-01 1.402727155588381729e-02 5.214715902621616106e-01 9.249710324229532432e+01
