1.000000000000000000e+00 4.398956837314658088e-19 2.733407509747682871e-20 -8.673617379884035472e-19 -5.583667658079949532e-19 1.000000000000000000e+00 -6.100159232558060012e-19 0.000000000000000000e+00 4.145284534913582806e-20 -2.210423569125054137e-19 1.000000000000000222e+00 0.000000000000000000e+00
9.999416775764891074e-01 -1.100646691540831156e-03 1.074383718669446285e-02 7.510530938154258429e-02 1.096290256503995543e-03 9.999993144624146346e-01 4.113639119601870931e-04 -5.836315588248208730e-03 -1.074428277326988819e-02 -3.995615491470911273e-04 9.999421986921274152e-01 2.923455153526027250e-01
9.998546270509626188e-01 -2.545395311067696550e-03 1.685958928643776014e-02 1.026291419512857378e-01 2.531906284454814738e-03 9.999964573855174566e-01 8.213782152534549212e-04 -1.041432069990007314e-02 -1.686162058263898644e-02 -7.785718987651662776e-04 9.998575296303561233e-01 5.400849791105333253e-01
9.997847904083774218e-01 -6.236642090331208366e-03 1.978578266743748551e-02 8.933150886165062976e-02 6.261410721808486485e-03 9.999796889461800564e-01 -1.190134375999902247e-03 -1.346297206039628880e-02 -1.977795869819556213e-02 1.313765194171456199e-03 9.998035338753005208e-01 9.290632597790373648e-01
9.998240777453883954e-01 -6.918151248243833464e-03 1.743424146734457586e-02 9.000618139395046013e-02 6.949802535345506356e-03 9.999743088425152582e-01 -1.755530549472097968e-03 -1.854720021699964028e-02 -1.742164883828273628e-02 1.876386286366885786e-03 9.998464708677787804e-01 1.185383974248318317e+00
9.998886585184170173e-01 -1.057499021506786048e-02 1.052806628667132469e-02 8.920876782926105697e-02 1.061308947448469549e-02 9.999373083468781065e-01 -3.569550344905044088e-03 -1.747199497091177223e-02 -1.048965848870386103e-02 3.680888266335365002e-03 9.999382071473006395e-01 1.542399235950585812e+00
9.999372470980392169e-01 -1.111584076643652025e-02 -1.392827204610929889e-03 6.831754748455277915e-02 1.110890531163656429e-02 9.999263275016542218e-01 -4.892011141841322470e-03 -2.883558664199778465e-02 1.447103430179918094e-03 4.876231419690011878e-03 9.999870640463567328e-01 1.850946758495002342e+00
9.997927290235966158e-01 -1.104546932619692411e-02 -1.710253166173723513e-02 3.212805232903055003e-02 1.095910943453086255e-02 9.999267618461324947e-01 -5.135060444303003561e-03 -3.913965047437766021e-02 1.715799855021669235e-02 4.946567616574269743e-03 9.998405545799696759e-01 2.168375676694845211e+00
9.993318228881699072e-01 -6.437612604158890993e-03 -3.597867209307734071e-02 1.425348033757720817e-02 6.243154964994014275e-03 9.999653058179929221e-01 -5.514541323439281842e-03 -4.284789457907231536e-02 3.601292494253961751e-02 5.286236227683029261e-03 9.993373429505256755e-01 2.520094197927524426e+00
9.984302268902720545e-01 -3.712315577802478925e-03 -5.588649764617698024e-02 -4.424078673457437771e-02 3.360769627491958129e-03 9.999739807549306025e-01 -6.383027139223205332e-03 -5.471360663946150948e-02 5.590874029545739310e-02 6.185185598873191651e-03 9.984167248041297960e-01 2.870578378253459295e+00
9.971486958640696230e-01 -3.050666917238689137e-03 -7.540007672032042474e-02 -9.403903611313636779e-02 2.567152622491536678e-03 9.999755227242204114e-01 -6.508738441129173144e-03 -5.898039985956612941e-02 7.541808842517425115e-02 6.296616534135742252e-03 9.971321200125738970e-01 3.222270763642374192e+00
9.953163447659328922e-01 -3.459675876936432054e-03 -9.660954504692624567e-02 -1.369181703814304485e-01 2.875725046990954079e-03 9.999767499252903979e-01 -6.183025956434553931e-03 -6.585566111646455612e-02 9.662869180150786275e-02 5.876244273604950413e-03 9.953031527975438886e-01 3.607083676188919785e+00
9.932495204650096943e-01 -4.269239589344039909e-03 -1.159187789040383720e-01 -2.007387775550755760e-01 3.654102133448635607e-03 9.999780959792948787e-01 -5.518613360459890572e-03 -7.652754100923972458e-02 1.159398021025298542e-01 5.057780959527707725e-03 9.932433647061257309e-01 3.999751211092782643e+00
9.910958419207448467e-01 -4.258622470046519171e-03 -1.330822894968600734e-01 -2.855631049353384299e-01 3.639364932516627252e-03 9.999813914519193325e-01 -4.896097111920013484e-03 -8.233099400194483775e-02 1.331006659588191421e-01 4.368166392652556886e-03 9.910928979333210043e-01 4.390928771128192132e+00
9.887778762345195149e-01 -3.459957636866985414e-03 -1.493530701887811618e-01 -3.670966449556029021e-01 2.856161635286914077e-03 9.999868598646819429e-01 -4.257045240460538733e-03 -8.798901199343711621e-02 1.493658394484737584e-01 3.782695542887342700e-03 9.887747659665868660e-01 4.810742443368347665e+00
9.866654590863821461e-01 -2.755037265789462165e-03 -1.627380746363611685e-01 -4.520051923785997627e-01 2.075658758125502670e-03 9.999884081712564488e-01 -4.344555300434534834e-03 -9.176354688314823649e-02 1.627481604307567664e-01 3.948833829178832050e-03 9.866597405742494331e-01 5.222509733976588464e+00
9.845445560580093902e-01 -3.396085369069838135e-03 -1.751013505764444367e-01 -5.287872668356146111e-01 2.524427424596617509e-03 9.999832908079480109e-01 -5.200516060214577761e-03 -9.767286247855917758e-02 1.751160891989042012e-01 4.678109009278540349e-03 9.845366785298450552e-01 5.666790904043448762e+00
9.827848625585411391e-01 -6.568141691823408887e-03 -1.846368668677675628e-01 -6.297939760047829294e-01 5.357760333800947426e-03 9.999607696494707820e-01 -7.053620172412869600e-03 -1.141586257761653539e-01 1.846759558682030400e-01 5.942950940393861535e-03 9.827814983508553759e-01 6.109862013771430789e+00
9.812225018650765351e-01 -5.869462160136832383e-03 -1.927899124656685947e-01 -7.274473349139359835e-01 4.282144317328627665e-03 9.999534273690718900e-01 -8.649065047587225011e-03 -1.222650588721364839e-01 1.928317024244577682e-01 7.661102914774427577e-03 9.812019379047207668e-01 6.556301194635862473e+00
9.796158339518481473e-01 -5.887170818700236674e-03 -2.007938199407224844e-01 -8.380058820566447242e-01 3.815693024463114036e-03 9.999354527095848377e-01 -1.070191083033589924e-02 -1.213673472816133025e-01 2.008438666898334779e-01 9.717593634594167210e-03 9.795750663206056474e-01 7.028512879753613163e+00
9.780445878764076895e-01 -6.438018172998721464e-03 -2.082962674206381981e-01 -9.425138804208688104e-01 3.777072555340870320e-03 9.999061375792495099e-01 -1.317003221305487921e-02 -1.384373703273055478e-01 2.083615087323927029e-01 1.209412853827960752e-02 9.779771033954366422e-01 7.503190398740527733e+00
9.762635714882104132e-01 -1.001044750653622313e-02 -2.163544056299905316e-01 -1.052781313775961847e+00 6.924557112704029724e-03 9.998632682627129897e-01 -1.501650013543542710e-02 -1.456205598041616645e-01 2.164751487393304363e-01 1.316190354529863868e-02 9.761994034904584172e-01 8.014531260526805312e+00
9.744249148974393204e-01 -1.559252452714078065e-02 -2.241717137698608642e-01 -1.168643997187946981e+00 1.229321212331515450e-02 9.997947156302897653e-01 -1.610600858839967078e-02 -1.633747916839513037e-01 2.243768320292233442e-01 1.293830554359788089e-02 9.744165632163958035e-01 8.531958087261926948e+00
9.724568630620245013e-01 -1.655084214451958691e-02 -2.324945545194317120e-01 -1.310651897564617530e+00 1.258150492000908310e-02 9.997488545707358121e-01 -1.854544410016558884e-02 -1.824732567068496625e-01 2.327431113097823134e-01 1.510951295019891984e-02 9.724208697907056331e-01 9.035134891234635646e+00
9.703395939454352304e-01 -1.266113501498708320e-02 -2.414140981066388580e-01 -1.447862300389417767e+00 7.512671361500623118e-03 9.997245477753112786e-01 -2.223484497187002903e-02 -1.870193302501696464e-01 2.416291225966425982e-01 1.976168563039571585e-02 9.701674310267589529e-01 9.567721197775197695e+00
9.682815140077278837e-01 -9.481118691318592834e-03 -2.496818307688585536e-01 -1.598063724604828817e+00 3.259642007600084285e-03 9.996740999176559894e-01 -2.531933413779235281e-02 -2.032007613039530924e-01 2.498405193559761761e-01 2.370236980517085451e-02 9.679968563809259186e-01 1.010782189159401945e+01
9.659101672831482688e-01 -1.252910730791567499e-02 -2.585741068265046683e-01 -1.766420362174569103e+00 5.600854334931740924e-03 9.996057446800449275e-01 -2.751337169232594831e-02 -2.261079686737746119e-01 2.588168850541355259e-01 2.512720955058328487e-02 9.655995261238221605e-01 1.067082727429104949e+01
9.635691821562459847e-01 -1.403521114459758794e-02 -2.670907008356816492e-01 -1.919777804427057033e+00 6.519696752224389720e-03 9.995580189374967395e-01 -2.900448790093259135e-02 -2.586462581182545906e-01 2.673797405216326584e-01 2.620648031791813354e-02 9.632348085153048522e-01 1.121927362084274016e+01
9.614598351237140239e-01 -1.396649579695380741e-02 -2.745904601132463374e-01 -2.096451189429322959e+00 5.390303026555149507e-03 9.994745336153606496e-01 -3.196249794676490202e-02 -2.804931859272904449e-01 2.748925808830901540e-01 2.925053224617140540e-02 9.610299043241171679e-01 1.178882125159256411e+01
9.590896123809292684e-01 -1.381345233820954754e-02 -2.827654544217972354e-01 -2.288076442932301280e+00 3.928363223759240123e-03 9.993621043099545354e-01 -3.549580848651266024e-02 -3.012788786708600619e-01 2.830754040868393440e-01 3.293285584513704761e-02 9.585320778990862323e-01 1.240058592333700638e+01
9.568588056985171120e-01 -1.495065854998763391e-02 -2.901684027286478562e-01 -2.480014671463834919e+00 3.269915090454171905e-03 9.991661326018863587e-01 -4.069824448153634006e-02 -3.366306713021949837e-01 2.905349113097285274e-01 3.799364766517707853e-02 9.561098001193112372e-01 1.299062894341195218e+01
9.550255690227079652e-01 -1.621510301111046132e-02 -2.960797714429974081e-01 -2.680534590578377951e+00 2.170913373928167953e-03 9.988592958508552000e-01 -4.770109236118479090e-02 -3.701044856293358443e-01 2.965155152376868219e-01 4.491299949421435206e-02 9.539713693839152464e-01 1.359776440360258576e+01
9.537043045596460544e-01 -1.610819111461289296e-02 -3.003142082967538151e-01 -2.891494038587472559e+00 -6.898594900092617057e-04 9.984447916841249215e-01 -5.574515258937288303e-02 -4.012362532391467451e-01 3.007451158711302863e-01 5.337156681783531559e-02 9.522099837163526814e-01 1.421544201664330487e+01
9.524072934027125736e-01 -1.656775462653674313e-02 -3.043778161998907938e-01 -3.100751809346336874e+00 -3.225555996592431151e-03 9.979182366619003819e-01 -6.441109149707120729e-02 -4.496988759490478937e-01 3.048113259986906520e-01 6.232738131556025962e-02 9.503711670104879605e-01 1.483644870525346171e+01
9.511886179286723753e-01 -1.523409805376641293e-02 -3.082338938964873654e-01 -3.334441604785586488e+00 -7.730117381864975296e-03 9.972913906138808349e-01 -7.314456558362823768e-02 -4.961743435122264456e-01 3.085133054351589244e-01 7.195696281909334802e-02 9.484944585617990365e-01 1.549098679864990125e+01
9.497171296784977512e-01 -1.418174146057640285e-02 -3.127878669570664516e-01 -3.552058948365628854e+00 -1.154879630048876588e-02 9.967073708119406072e-01 -8.025610415711936785e-02 -5.516624590609768841e-01 3.128961491568212905e-01 7.983292069949708691e-02 9.464262817160824515e-01 1.613050881015422533e+01
9.481451244620192620e-01 -1.305192897165313032e-02 -3.175696269491343204e-01 -3.795378250025253308e+00 -1.529517197452448865e-02 9.961252323908527107e-01 -8.660588368991709030e-02 -6.181718186029112605e-01 3.174694976995883211e-01 8.697222894861596221e-02 9.442716513743899531e-01 1.679280148208032131e+01
9.465484416389119415e-01 -1.208021645966232856e-02 -3.223354057389754557e-01 -4.042948635458641249e+00 -1.882300096957775781e-02 9.955269557015082871e-01 -9.258388135524325824e-02 -6.868021400115105202e-01 3.220120240013798485e-01 9.370244884980244438e-02 9.420871030354861508e-01 1.746559471666511243e+01
9.447898376410855947e-01 -1.018377208558669117e-02 -3.275186272574690527e-01 -4.277345185083793133e+00 -2.328021106188891617e-02 9.949050656948978943e-01 -9.809149815410904416e-02 -7.626077528438005571e-01 3.268488883891925711e-01 1.003005540166228005e-01 9.397391155612060398e-01 1.814114015526974200e+01
9.429759433815055880e-01 -6.992159895391645771e-03 -3.327874359960217854e-01 -4.533516800367251243e+00 -2.826219016189836578e-02 9.944871599237735671e-01 -1.009779052264606902e-01 -8.356721914478140167e-01 3.316588913803226180e-01 1.046250379068344588e-01 9.375798545022151487e-01 1.883752069569279541e+01
9.413550747255033935e-01 -6.422135757662311185e-03 -3.373564539988593847e-01 -4.801289070901753497e+00 -2.999164817498053623e-02 9.942688210459318388e-01 -1.026158492981557591e-01 -9.148632559534040087e-01 3.360820224181769733e-01 1.067158272424844068e-01 9.357673903475837163e-01 1.952421769713507160e+01
9.392057117803899180e-01 -6.189768200020920839e-03 -3.432991628962985819e-01 -5.097478560029080619e+00 -3.065767691326069799e-02 9.943321649777306925e-01 -1.018020261657900244e-01 -1.005064785156700946e+00 3.419835366380935548e-01 1.061377999361884511e-01 9.336926852996922932e-01 2.023746730477884981e+01
9.369290100448669500e-01 -5.928015641438852575e-03 -3.494694352901285828e-01 -5.361790050290780485e+00 -3.113849684759231740e-02 9.944646708676290192e-01 -1.003514444750216034e-01 -1.094206276889991836e+00 3.481298978003128930e-01 1.049041330904897096e-01 9.315582105724599105e-01 2.096635387553033070e+01
9.344422125828870662e-01 -5.897442324151034275e-03 -3.560659613951165370e-01 -5.642788904247808546e+00 -3.125613870835656366e-02 9.946459514556099668e-01 -9.850119312597688248e-02 -1.174628146822144448e+00 3.547404780980324968e-01 1.031729205564184404e-01 9.292548328173544370e-01 2.168521205447941114e+01
9.314864905129431882e-01 -5.100214859960130499e-03 -3.637401586871717440e-01 -5.940649902989478370e+00 -3.172400563653537259e-02 9.949533520473851089e-01 -9.519146350129799317e-02 -1.262468922091911860e+00 3.623899932520218692e-01 1.002088577045072565e-01 9.266238073670338693e-01 2.239001354807705368e+01
9.278665634535807616e-01 -2.431992238534983440e-03 -3.729044421146867627e-01 -6.259549347407702413e+00 -3.341431861085024380e-02 9.954141112518217760e-01 -8.963386889049305972e-02 -1.338539795917040198e+00 3.714123390388313073e-01 9.562861828121518859e-02 9.235302077600379134e-01 2.318109452778324453e+01
9.243960321761183208e-01 -2.134369368270805725e-04 -3.814340403369139709e-01 -6.582021267075166548e+00 -3.457931893922656930e-02 9.958352115530805237e-01 -8.435936321792857073e-02 -1.421391467743919224e+00 3.798634601431358226e-01 9.117119046518318282e-02 9.205387382730952917e-01 2.391652857414178257e+01
9.209420673625676734e-01 3.961652044090558863e-03 -3.896793691424482731e-01 -6.902423440572739821e+00 -3.828360022474337765e-02 9.960311818300511266e-01 -8.035079850477634678e-02 -1.497145001648567675e+00 3.878144873028176454e-01 8.891676013717839111e-02 9.174386825833397152e-01 2.465581324025750831e+01
9.170968103564010043e-01 4.499785597853358902e-03 -3.986391715465266161e-01 -7.244626507140560001e+00 -3.891797495457097883e-02 9.961707936020135490e-01 -7.828883220596667691e-02 -1.569047507161556387e+00 3.967604237033690029e-01 8.731266803765902473e-02 9.137601804668729066e-01 2.539463312304311415e+01
9.130414383774784204e-01 5.064144189618214817e-03 -4.078353624172150749e-01 -7.604500274840775731e+00 -4.019675034385058326e-02 9.961722847464645758e-01 -7.762087616940739621e-02 -1.652506998231175750e+00 4.058812084110298146e-01 8.726473310234168779e-02 9.097501384303863237e-01 2.617420982085760173e+01
9.092045246346656118e-01 4.687571836561483032e-03 -4.163233785338118498e-01 -7.964226628369777572e+00 -4.019752748510783957e-02 9.962536009263671666e-01 -7.656971646188609482e-02 -1.716929463603393824e+00 4.144047460567171770e-01 8.635270352487377232e-02 9.059867110097210574e-01 2.692745912663243502e+01
9.053162266186649543e-01 5.040591585215295142e-03 -4.247082746851718049e-01 -8.351501875300755273e+00 -4.073138358133891052e-02 9.963514163551487890e-01 -7.499873049280386672e-02 -1.787925455938889074e+00 4.227806602856210572e-01 8.519652373551646340e-02 9.022184154883464702e-01 2.771795225884658365e+01
9.015431259365402905e-01 5.906292403129427028e-03 -4.326489385034719137e-01 -8.737374728381297473e+00 -4.133124757007348993e-02 9.965101119079892156e-01 -7.252120311054555124e-02 -1.864463908349658805e+00 4.307107180682638314e-01 8.326291291006394923e-02 8.986409563402494305e-01 2.849431002160591930e+01
8.977038724275634429e-01 6.368898988065549958e-03 -4.405532778540374172e-01 -9.124805356058653061e+00 -4.057429760789690171e-02 9.968417355966449067e-01 -6.826624795527788669e-02 -1.936191939093525161e+00 4.387271207984916321e-01 7.915801528116053754e-02 8.951271004473704274e-01 2.927726299718499092e+01
8.938322018016391368e-01 7.848629990871904688e-03 -4.483329008380623204e-01 -9.540263515027941565e+00 -4.023927976790222377e-02 9.972166972286479192e-01 -6.276670454999441762e-02 -1.991922548144072547e+00 4.465924296512617242e-01 7.414349502755641919e-02 8.916602199892021963e-01 3.008042761124186981e+01
8.901196180238071243e-01 7.407645344358003946e-03 -4.556667512809728371e-01 -9.964025407698150261e+00 -3.817817681754470671e-02 9.975651991091984971e-01 -5.836180606789122954e-02 -2.064866398273635717e+00 4.541249777016710398e-01 6.934551454807635906e-02 8.882351650040516411e-01 3.087912310529240401e+01
8.863748314636441528e-01 6.444473700539711351e-03 -4.629234522137238295e-01 -1.040429728119248409e+01 -3.668613379950259185e-02 9.977365925511734179e-01 -5.635441007971475624e-02 -2.130703249216325368e+00 4.615125012340947630e-01 6.693400263902239689e-02 8.846050275282200115e-01 3.169516898502346791e+01
8.832960019672815299e-01 6.578194382446684446e-03 -4.687695551873014010e-01 -1.086067059009652169e+01 -3.681341112333919030e-02 9.977872880916629494e-01 -5.536515645642874767e-02 -2.194659175035697185e+00 4.673681084752352999e-01 6.616082788671878712e-02 8.815836888039115804e-01 3.251304537644728043e+01
8.800684657746816741e-01 6.717716955256430693e-03 -4.747992874121691464e-01 -1.129490349863547038e+01 -3.646504055922200616e-02 9.979033665478109771e-01 -5.347122511582151627e-02 -2.248422337932676651e+00 4.734446109206586484e-01 6.437191448517383396e-02 8.784682472637677098e-01 3.333422717731859564e+01
8.772456057666422335e-01 5.458978399566698919e-03 -4.800107729296634318e-01 -1.177360149112285370e+01 -3.474069102719195418e-02 9.980353112022651851e-01 -5.214021521651557994e-02 -2.307925035514121870e+00 4.787830770602861663e-01 6.241568077418321175e-02 8.757117404951946238e-01 3.417705072755094875e+01
8.746034638961652785e-01 4.505237414325918670e-03 -4.848179855413535799e-01 -1.225151526865574425e+01 -3.384192326713472004e-02 9.980851820942399089e-01 -5.177541476409708993e-02 -2.371970493511089462e+00 4.836563951586275723e-01 6.169013029202653070e-02 8.730812240900057697e-01 3.500676856505397438e+01
8.726295363436465946e-01 4.263286308756784708e-03 -4.883641182108646173e-01 -1.272815547328648123e+01 -3.406330669247286530e-02 9.980579936564044630e-01 -5.215297207747458808e-02 -2.431183917597563582e+00 4.871933773170351589e-01 6.214552070988517418e-02 8.710801065504699681e-01 3.583988812891295339e+01
8.708784069493021862e-01 4.159093376425514015e-03 -4.914809227851840157e-01 -1.322553613351854196e+01 -3.445943928775041520e-02 9.980201602438408814e-01 -5.261470186432818524e-02 -2.487368737041528721e+00 4.902890482833445196e-01 6.275716489529580000e-02 8.692975279593478932e-01 3.670879709510202105e+01
8.703821775039689568e-01 4.150626110298894292e-03 -4.923592515437387185e-01 -1.372589465688003152e+01 -3.405589849053489854e-02 9.980771771255700919e-01 -5.178942305219614434e-02 -2.549634220232874782e+00 4.911975818240387759e-01 6.184432762389639043e-02 8.688499407236978112e-01 3.759178062745159821e+01
8.702153270145095432e-01 3.741149952893767401e-03 -4.926573693914869101e-01 -1.423596990526066186e+01 -3.283460207207845871e-02 9.981883157905073745e-01 -5.041800457216582404e-02 -2.608344826640652592e+00 4.915762169508025026e-01 6.005072912610882885e-02 8.687616114971472570e-01 3.847349862408375287e+01
8.700656252148997183e-01 2.506507591517626813e-03 -4.929295288637404737e-01 -1.475579737859906793e+01 -3.113580827486479852e-02 9.982697056838570893e-01 -4.988142151261979601e-02 -2.667068952982683872e+00 4.919515959994561483e-01 5.874786959534931963e-02 8.686381984288295000e-01 3.936944857769739770e+01
8.694845655070577717e-01 1.616073895810962290e-03 -4.939574615489186193e-01 -1.526477725381884198e+01 -3.040567973590531034e-02 9.982734587917143632e-01 -5.025530981890414389e-02 -2.733555048162466861e+00 4.930234158202028150e-01 5.871532869737116495e-02 8.680325030815867482e-01 4.026289455073252554e+01
8.681990630561267075e-01 -2.131716009588600230e-04 -4.962160180790279873e-01 -1.580420097446994276e+01 -2.873140187836155726e-02 9.983006427411705852e-01 -5.069845458714646036e-02 -2.793302434603404549e+00 4.953835857770317874e-01 5.827333269608420130e-02 8.667175586420600153e-01 4.118856275696748526e+01
8.668160701045057870e-01 -1.282899178905126496e-03 -4.986263629896149352e-01 -1.633789967801723009e+01 -2.674199084523702988e-02 9.984379016751258051e-01 -4.905733858917965540e-02 -2.858552057264227564e+00 4.979104037684506379e-01 5.585795114750635032e-02 8.654277115840001144e-01 4.208614522105749245e+01
8.648757905023861658e-01 -7.715615835411426338e-04 -5.019853252077114414e-01 -1.687845577166911326e+01 -2.555507227699449144e-02 9.986344967475012657e-01 -4.556402343342332711e-02 -2.922827323583341297e+00 5.013350266922164122e-01 5.223549208409470485e-02 8.636750831796020655e-01 4.303817895430575646e+01
8.618164699409082141e-01 -8.914406941758728879e-04 -5.072194519188979456e-01 -1.742992782924308415e+01 -2.308987348562971387e-02 9.988928260128644432e-01 -4.098755816057025880e-02 -2.982727929236820952e+00 5.066944184399999607e-01 4.703538563832593278e-02 8.608417066135108930e-01 4.393414760116150575e+01
8.580482479744533375e-01 -2.428253297904224735e-03 -5.135633384032177728e-01 -1.797221119936937583e+01 -2.053168934793069347e-02 9.990271805068091648e-01 -3.902745671764363405e-02 -3.047966507846106676e+00 5.131585113688876820e-01 4.403176373057568482e-02 8.571636664825246221e-01 4.482753876691047878e+01
8.528070344389072632e-01 -4.750903210357544648e-03 -5.222045438234643733e-01 -1.853469695622804636e+01 -1.938262020092261853e-02 9.989816799524293689e-01 -4.074208127807066315e-02 -3.110454938354316745e+00 5.218663431441407097e-01 4.486682580007181342e-02 8.518465197105746789e-01 4.574041157830257731e+01
8.469169963649090249e-01 -7.815905538663148536e-03 -5.316676662850506885e-01 -1.910000193595740470e+01 -1.833773939076697654e-02 9.988678333432181589e-01 -4.389508919613316351e-02 -3.175131152049122552e+00 5.314088189067389667e-01 4.692508016517912134e-02 8.458148198785718774e-01 4.662922054673661165e+01
8.407458200632927925e-01 -8.293664998189339416e-03 -5.413664890484249925e-01 -1.969668158522478407e+01 -1.828614026863789946e-02 9.988772821402385205e-01 -4.370117077925879390e-02 -3.232674484341097720e+00 5.411211394165833521e-01 4.664108017058986311e-02 8.396502413446494950e-01 4.752836969578235937e+01
8.351095557203682684e-01 -4.915903487334681403e-03 -5.500616855955791085e-01 -2.029405958985907787e+01 -1.967791515878610301e-02 9.990530754957758219e-01 -3.880376312100496800e-02 -3.278260091956703093e+00 5.497315837369649572e-01 4.322946047098189665e-02 8.342220360501771959e-01 4.839915285113031729e+01
8.297548457354263496e-01 -9.216362539753590643e-04 -5.581272619416239866e-01 -2.087784060419376431e+01 -2.162232910046343881e-02 9.991948492608186960e-01 -3.379538631727031089e-02 -3.346136359632262636e+00 5.577090420341752619e-01 4.010989676907112528e-02 8.290668408613534046e-01 4.927812235928726636e+01
8.258647170078453614e-01 -4.998105924859510890e-04 -5.638680814095159421e-01 -2.151020692443083959e+01 -2.330939567179151142e-02 9.991145503611136292e-01 -3.502552461948098966e-02 -3.392473042915069126e+00 5.633863204617505227e-01 4.206976907823060247e-02 8.251218058929266075e-01 5.017285382930561610e+01
8.222886212432010122e-01 -2.498645573799758435e-03 -5.690651754266885520e-01 -2.212496871806044041e+01 -2.420378943366636310e-02 9.989319081227623354e-01 -3.936012647516199531e-02 -3.443517406144238624e+00 5.685557183395950620e-01 4.613891772971884936e-02 8.213498655445491403e-01 5.104245664807223903e+01
8.193776655055146074e-01 -4.735782725273100270e-03 -5.732345133450243990e-01 -2.273694142643062932e+01 -2.641419014646947255e-02 9.985918711003164416e-01 -4.600614717268010356e-02 -3.522393096489621289e+00 5.726452102402607158e-01 5.283793488137020905e-02 8.180987850637387870e-01 5.189397158582422520e+01
8.162163504081874077e-01 -5.683450626035655220e-03 -5.777184100249590504e-01 -2.336487093584112174e+01 -2.689680788690306662e-02 9.984936037819709398e-01 -4.782347727211225946e-02 -3.575913622784318679e+00 5.771199495073404684e-01 5.457308516094853262e-02 8.148339393053077861e-01 5.276310559276323886e+01
8.130958750406841462e-01 -4.487285600799291972e-03 -5.821124940541008153e-01 -2.399217239789053835e+01 -2.609952573734076672e-02 9.986837380530760866e-01 -4.415434464882121712e-02 -3.638399966980371936e+00 5.815444247028401792e-01 5.109457547400578920e-02 8.119085126621743420e-01 5.361263628694430849e+01
8.097264760495611613e-01 -2.638848167347814487e-03 -5.868015540528879193e-01 -2.464184432073061970e+01 -2.476055113443871233e-02 9.989456308467243861e-01 -3.865930374753815540e-02 -3.695017996060554921e+00 5.862848747338595956e-01 4.583299157556235126e-02 8.088073869104288605e-01 5.449506776939931996e+01
8.066634434033411738e-01 -1.048006293917787659e-03 -5.910101386976616133e-01 -2.529624617455304048e+01 -2.489834360145399758e-02 9.990503737242308890e-01 -3.575504573430495631e-02 -3.753912713806725421e+00 5.904863816344202432e-01 4.355746169136157087e-02 8.058713218022189873e-01 5.536173482399461676e+01
8.037314215538905460e-01 -6.973864740471983400e-04 -5.949918561280636009e-01 -2.592398711597534700e+01 -2.578246194007721356e-02 9.990192015695757988e-01 -3.599860555104714838e-02 -3.808836768841750153e+00 5.944334042383736527e-01 4.427356517681450832e-02 8.029251435236282042e-01 5.619346882787490927e+01
8.001248090215794528e-01 -1.479619404485124591e-03 -5.998317212458309511e-01 -2.658136176476476109e+01 -2.621340507928750924e-02 9.989553576697823845e-01 -3.743061350545465876e-02 -3.860008649240924239e+00 5.992605050313872805e-01 4.567279425839450985e-02 7.992501797469998559e-01 5.705716716612510453e+01
7.961614184747956013e-01 -3.676579913652653232e-03 -6.050731125091066698e-01 -2.723465385599202193e+01 -2.577832992449328661e-02 9.988675468948560177e-01 -3.998876735733791765e-02 -3.925398053028819056e+00 6.045349279030125533e-01 4.743528796561703731e-02 7.951650277543638179e-01 5.791939647530625024e+01
7.920272522853264441e-01 -4.604521373438127084e-03 -6.104683635492504923e-01 -2.789257328272733361e+01 -2.528922962504616401e-02 9.988657437447043819e-01 -4.034452732655293555e-02 -3.978860084273541098e+00 6.099617137418219537e-01 4.739223964413519230e-02 7.910124464694202606e-01 5.875446971980564825e+01
7.874417553010684134e-01 -4.863272754118534193e-03 -6.163698754263015056e-01 -2.857324689504984150e+01 -2.474640514698259186e-02 9.989132376771172606e-01 -3.949631719256736784e-02 -4.035890976790437179e+00 6.158921198499593963e-01 4.635398787768524320e-02 7.864656456082241842e-01 5.961602294355837728e+01
7.826968757297345647e-01 -4.749609367456140291e-03 -6.223849568784585173e-01 -2.926055314355090431e+01 -2.486418338608712211e-02 9.989340324120751236e-01 -3.889178988051172209e-02 -4.095342880186239931e+00 6.219062462192320728e-01 4.591557600835482339e-02 7.817444519354634913e-01 6.044097814890260167e+01
7.771589611821487775e-01 -5.493790337213451738e-03 -6.292803507067213920e-01 -2.995027607483460841e+01 -2.486420454118337675e-02 9.989130118123965563e-01 -3.942798765827255220e-02 -4.154398161386968269e+00 6.288129503381333363e-01 4.628836915464019930e-02 7.761776007191498739e-01 6.128449213776020343e+01
7.717648676870358937e-01 -6.968154720003647690e-03 -6.358698185496333144e-01 -3.064994227974114338e+01 -2.432678533823799671e-02 9.988844891543051663e-01 -4.047202597670360863e-02 -4.212813403775895083e+00 6.354425251655654305e-01 4.670355622206006502e-02 7.707344436862026971e-01 6.211797897239169686e+01
7.665020612600252914e-01 -8.214011583403646802e-03 -6.421893118666734956e-01 -3.135174003813981969e+01 -2.374075116628215215e-02 9.988724289735790851e-01 -4.111261866412017907e-02 -4.276043634773484925e+00 6.418029083973227911e-01 4.675896347077464210e-02 7.654427698312831208e-01 6.292878994943043125e+01
7.607870429290823910e-01 -9.264513371007560005e-03 -6.489354637630708744e-01 -3.206622796825350008e+01 -2.371609118979176728e-02 9.988334173521122850e-01 -4.206365939576860169e-02 -4.329638715132748672e+00 6.485681374291304424e-01 4.739169954852989058e-02 7.596798048237530798e-01 6.377725963054091807e+01
7.545505955516921270e-01 -1.151887177218440146e-02 -6.561407670686348892e-01 -3.278457575216030051e+01 -2.218575523698685173e-02 9.988266371683848233e-01 -4.304812639154344256e-02 -4.396371608951147536e+00 6.558667530378036181e-01 4.703896772471640592e-02 7.534096799702975078e-01 6.457863345047354642e+01
7.484832313565615847e-01 -1.212658574313997192e-02 -6.630428266719761154e-01 -3.353182872742446108e+01 -2.194653795361431459e-02 9.988321632266171646e-01 -4.304252796607263565e-02 -4.458774996867099105e+00 6.627904712124205178e-01 4.676810482979876921e-02 7.473429894619431080e-01 6.541542281620368726e+01
7.422004233376412463e-01 -1.267109686780272179e-02 -6.700581813868937697e-01 -3.429325350598096378e+01 -2.068385331873334385e-02 9.989118495502389283e-01 -4.180065879457619399e-02 -4.519359296555853334e+00 6.698587290262648652e-01 4.488385162070663431e-02 7.411307114358698378e-01 6.623667920003921950e+01
7.361357134073901465e-01 -1.331184500663398600e-02 -6.767030350271843187e-01 -3.502678320250451094e+01 -1.954141595271061474e-02 9.989717619351279332e-01 -4.090906931667345758e-02 -4.584581524683232878e+00 6.765518100696308323e-01 4.333836221963774382e-02 7.351186592868991232e-01 6.703269300583467327e+01
7.292007710951022847e-01 -1.458627184064301488e-02 -6.841443322275475580e-01 -3.581032053010675753e+01 -1.886471852014860381e-02 9.989643175317132195e-01 -4.140549148798389895e-02 -4.642917769943231576e+00 6.840397394929237374e-01 4.309910637718335907e-02 7.281703856798601437e-01 6.785502591835087571e+01
7.227942126915585241e-01 -1.661016301490803038e-02 -6.908636765934738078e-01 -3.659349880643576114e+01 -1.806849669484351245e-02 9.989151081521217002e-01 -4.292011372136523423e-02 -4.712710575061505480e+00 6.908270862269678680e-01 4.350527766447776640e-02 7.217099394280359625e-01 6.864596020102442253e+01
7.170297315477439648e-01 -1.533993102147179072e-02 -6.968737629575604275e-01 -3.737965330549936738e+01 -2.041639752206165365e-02 9.988666814446537368e-01 -4.299445832162090281e-02 -4.772531364253731923e+00 6.967435270356528987e-01 4.505595648561546568e-02 7.159039232878098291e-01 6.943949413584144281e+01
7.116017497148637849e-01 -1.570162277082928770e-02 -7.024075737182623458e-01 -3.819385453616983739e+01 -1.962679672545786930e-02 9.989158181226894806e-01 -4.221347163695040455e-02 -4.832896973134248597e+00 7.023088682808863448e-01 4.382519074053402297e-02 7.105220724128414878e-01 7.025639453080424346e+01
7.068874503704842827e-01 -1.538716209706584084e-02 -7.071586515107647353e-01 -3.899659351678442931e+01 -2.036779109244120714e-02 9.989059704711643617e-01 -4.209531182758079193e-02 -4.889184148856163148e+00 7.070327386495030009e-01 4.415990712686419795e-02 7.058006931070109902e-01 7.104121369474603398e+01
7.020213082728171683e-01 -1.559846478583559216e-02 -7.119850849308348995e-01 -3.981822641675183405e+01 -2.102115726998346826e-02 9.988705839161802214e-01 -4.261065089800841060e-02 -4.962222234927023301e+00 7.118456305430292952e-01 4.488033513014959980e-02 7.009005373251684379e-01 7.183923555811986716e+01
6.966495943721161543e-01 -1.788333982067293049e-02 -7.171886217921099593e-01 -4.065118697242840540e+01 -2.078796373776809273e-02 9.987662902600749071e-01 -4.509720654096822240e-02 -5.033076600376304555e+00 7.171103202443648295e-01 4.632584151377944215e-02 6.954183737599906046e-01 7.263884157368416084e+01
6.916180628255705898e-01 -2.001447589815500555e-02 -7.219860568046944094e-01 -4.148913447165244150e+01 -2.068201434602133168e-02 9.986572770884335482e-01 -4.749628652041089361e-02 -5.095787310212006815e+00 7.219672553196777587e-01 4.778141547677100531e-02 6.902754727327498063e-01 7.342444993557357691e+01
6.867664481463796600e-01 -2.047425450076411149e-02 -7.265897334677127173e-01 -4.234369272663366246e+01 -2.166149516498575706e-02 9.985827790910404289e-01 -4.861288886545379884e-02 -5.156700633901584396e+00 7.265553204953710820e-01 4.912472084528980709e-02 6.853496464216569661e-01 7.420383993574179726e+01
6.818199574219767634e-01 -2.014041315546601443e-02 -7.312427090093495119e-01 -4.320791155160480912e+01 -2.114184638469733882e-02 9.986608088153939855e-01 -4.721876005533399284e-02 -5.235673869676417347e+00 7.312144531694975136e-01 4.765451380330319037e-02 6.804810656413284864e-01 7.499246824941457135e+01
6.770049240659982148e-01 -2.058846352674612024e-02 -7.356904497872734927e-01 -4.406469907741592351e+01 -2.005817648254367563e-02 9.987211850239579025e-01 -4.640758744150637327e-02 -5.302386184778988820e+00 7.357051114366964795e-01 4.617477388239590169e-02 6.757261940187184734e-01 7.577036524386114991e+01
6.718014243906189620e-01 -2.105616272580258103e-02 -7.404319509759469398e-01 -4.492258940862274841e+01 -1.978368182232587494e-02 9.987292660792932431e-01 -4.635147291397247182e-02 -5.377179736242196917e+00 7.404670559119082007e-01 4.578745544042982230e-02 6.705311761390139180e-01 7.653306853780352981e+01
6.669514194328517442e-01 -2.179488741910244262e-02 -7.447823686932731890e-01 -4.580625135253314539e+01 -1.931533573489162617e-02 9.987304521453809203e-01 -4.652313180350396010e-02 -5.440724192030336859e+00 7.448508111070666349e-01 4.541439007211888618e-02 6.656837181576386042e-01 7.731344650671928775e+01
6.623044063203397114e-01 -2.259080631949621568e-02 -7.488941971006423115e-01 -4.670862230131382375e+01 -1.837480571035408558e-02 9.987549376520883371e-01 -4.637823906270758384e-02 -5.514331043122287390e+00 7.490095118744458658e-01 4.447729722510419120e-02 6.610646954064016700e-01 7.810542304306517281e+01
6.584661325583460734e-01 -2.335552641266104568e-02 -7.522478721713182770e-01 -4.758748145608509361e+01 -1.719546861288645534e-02 9.987905805113272972e-01 -4.606182982150983790e-02 -5.579753545368493661e+00 7.524139002027129264e-01 4.326540936997386178e-02 6.572681626107267361e-01 7.886491090190807540e+01
6.544500179615149182e-01 -2.603938406298849165e-02 -7.556567434411535222e-01 -4.850151406542552479e+01 -1.438691408573507073e-02 9.987970176330133176e-01 -4.687786566560337570e-02 -5.650820608342019824e+00 7.559683855001712027e-01 4.155078841011344143e-02 6.532881008005515522e-01 7.963729460524574222e+01
6.503543345797686559e-01 -3.020929013698803872e-02 -7.590300571374279937e-01 -4.940665897752526092e+01 -1.175936157336429991e-02 9.986888152382181749e-01 -4.982336545040545739e-02 -5.735134249707718013e+00 7.595399701063112463e-01 4.132855030602624463e-02 6.491463589775813281e-01 8.041635320907766982e+01
6.455838619707838788e-01 -3.460738341747938290e-02 -7.629048403520647392e-01 -5.032000725210758674e+01 -7.619880830469129979e-03 9.986310713622454927e-01 -5.174863019821879934e-02 -5.802295100388683124e+00 7.636513759394842893e-01 3.922132421901422528e-02 6.444364006588588767e-01 8.118671786536589252e+01
6.391274713626809989e-01 -3.852421229753900944e-02 -7.681353718830475907e-01 -5.124413264474164009e+01 -2.072983752927155983e-03 9.986547952653435090e-01 -5.181025595505533987e-02 -5.878979238001330820e+00 7.690980351274118165e-01 3.470568969751808980e-02 6.381878550662278826e-01 8.194469071451999298e+01
6.306372136595366218e-01 -4.195808091851108840e-02 -7.749427160356247013e-01 -5.216888686453566493e+01 2.428295033487406877e-03 9.986392504213613686e-01 -5.209367411193110975e-02 -5.965130736896220753e+00 7.760739770637633539e-01 3.097041957749687574e-02 6.298809620165860546e-01 8.270769980085128736e+01
6.217659303007972982e-01 -4.298935061538364938e-02 -7.820223989159891254e-01 -5.310877626377077121e+01 4.929534857823692461e-03 9.986874817049317121e-01 -5.098052127536975564e-02 -6.047302716914750853e+00 7.831876132490783737e-01 2.784294416411279768e-02 6.211617697351140555e-01 8.344608936287490053e+01
6.129071897826462445e-01 -4.219393760253518227e-02 -7.890275260787505962e-01 -5.406384523736119263e+01 6.744394255882923267e-03 9.988162077245120729e-01 -4.817360593924164408e-02 -6.112719672184245390e+00 7.901261291702900147e-01 2.420443628497598310e-02 6.124662086373717784e-01 8.419859037030701643e+01
6.040674016541798252e-01 -4.199789277772152801e-02 -7.958258224293104366e-01 -5.506357032192602219e+01 6.333142499433733891e-03 9.988318698546114760e-01 -4.790393560026483949e-02 -6.196375808351097803e+00 7.969080724232632251e-01 2.389712712225972382e-02 6.036277520628758886e-01 8.493138130377630546e+01
5.946326454412352858e-01 -4.274139474516491788e-02 -8.028606219913948516e-01 -5.604938392902958100e+01 4.206845790349834913e-03 9.987376824468705561e-01 -5.005341235836659186e-02 -6.261885150295682045e+00 8.039865234880746447e-01 2.638588174736967648e-02 5.940618377919878457e-01 8.564237764680927967e+01
5.845254537225770264e-01 -4.478021250466057007e-02 -8.101387007875635593e-01 -5.703998994638038766e+01 5.046787510377463877e-03 9.986571876973470152e-01 -5.155920260408061728e-02 -6.353087125943390312e+00 8.113596826471308754e-01 2.604906798269940316e-02 5.839665430996486828e-01 8.635925548892893744e+01
5.746197488540490950e-01 -4.614407082577931529e-02 -8.171186307740985200e-01 -5.804019339733218175e+01 4.974121481734984987e-03 9.985877440405164229e-01 -5.289400290768243862e-02 -6.417419189341442731e+00 8.184054088809848970e-01 2.632949089407480431e-02 5.740377660432838258e-01 8.705689883294552089e+01
5.645281098516612417e-01 -4.747615199015887966e-02 -8.240473383195501267e-01 -5.906746338796459384e+01 8.322455722583756155e-03 9.986211140343168591e-01 -5.183249276644098097e-02 -6.498246250963090276e+00 8.253718925854114374e-01 2.240280120514256956e-02 5.641448092868928121e-01 8.774551881851266444e+01
5.542215777246782826e-01 -4.750886157080456973e-02 -8.310122371388829476e-01 -6.010376056092386676e+01 9.913869778454211315e-03 9.986757459052840735e-01 -5.048237014544141449e-02 -6.583647885911323883e+00 8.323101401100697627e-01 1.973987121747878756e-02 5.539586453584395276e-01 8.844136326056830910e+01
5.438307171770323523e-01 -4.803281000723647748e-02 -8.378191854121999071e-01 -6.115484825098847210e+01 1.035022422619103974e-02 9.986686028861044839e-01 -5.053607064404332105e-02 -6.666602577011185637e+00 8.391311193595397677e-01 1.881145058973881720e-02 5.436038140536920693e-01 8.912102694781151513e+01
5.333623624052460377e-01 -4.863098618665201434e-02 -8.444877764605810411e-01 -6.220410424480377998e+01 8.901445832284533843e-03 9.986134180977458419e-01 -5.188453938254506542e-02 -6.746419390831054130e+00 8.458400359387971967e-01 2.015609778496747426e-02 5.330556990747801205e-01 8.977379506329603487e+01
5.232594574259493703e-01 -4.937680587843730484e-02 -8.507417105783099398e-01 -6.327881615275693150e+01 8.185960700123541545e-03 9.985651200372150926e-01 -5.292155574685671049e-02 -6.824183699658994406e+00 8.521341104652604415e-01 2.072756582427738234e-02 5.229128406954888231e-01 9.042001200269757533e+01
5.136261580255475634e-01 -4.964219081834092551e-02 -8.565767971283652082e-01 -6.433716956338844284e+01 6.078320964749865836e-03 9.985103447139888067e-01 -5.422310841678008170e-02 -6.912334177108188094e+00 8.579925617048665965e-01 2.264385764859785238e-02 5.131627744691894533e-01 9.105297802299934062e+01
