1.0 0.0 0.0 0.0 0.0 1.0 0.0 0.0 0.0 0.0 1.0 0.0
0.99962616 0.027345924 0.000116974246 0.07165527 -0.027346084 0.99962467 0.0017240813 -0.11242676 -6.9800895e-05 -0.0017266353 0.9999985 0.004760742
0.9993465 0.03607853 0.0020068341 0.2598877 -0.036088962 0.9993334 0.005432067 -0.021362305 -0.0018094822 -0.0055009606 0.99998325 -0.0015869141
0.9978969 0.064747274 0.0031467415 0.41027832 -0.064767435 0.9978774 0.0067941383 -0.030761719 -0.002700142 -0.0069836406 0.999972 -0.00061035156
0.9953409 0.096263245 0.0052516013 0.5975342 -0.096296936 0.9953297 0.0065917126 -0.07373047 -0.0045923986 -0.0070666694 0.9999645 -0.006591797
0.9907191 0.13570452 0.0075453147 0.8005371 -0.13573503 0.9907368 0.003688844 -0.14587402 -0.006974697 -0.004678797 0.9999647 -0.006225586
0.98468274 0.17412741 0.008920733 0.98999023 -0.17414035 0.9847206 0.00068911095 -0.19519043 -0.008664506 -0.002231479 0.99996 -0.005126953
0.97576904 0.21855204 0.0102147525 1.1964111 -0.2185687 0.9758186 0.00053054886 -0.27746582 -0.00985183 -0.0027502389 0.9999477 -0.010009766
0.96402025 0.26551357 0.013122823 1.4173584 -0.26554748 0.9640998 0.0008835867 -0.35229492 -0.012417307 -0.0043362975 0.9999135 -0.016235352
0.9499813 0.31169036 0.01958728 1.6508789 -0.3117052 0.95017546 -0.0023700474 -0.4716797 -0.019349454 -0.0038555646 0.9998052 -0.02331543
0.9326205 0.3600194 0.025433375 1.8948975 -0.3598188 0.9329645 -0.012225229 -0.61047363 -0.028128568 0.0022516288 0.9996018 -0.015014648
0.91094 0.41148397 0.028116234 2.1173096 -0.41112888 0.9113626 -0.017689738 -0.74816895 -0.032903865 0.004550281 0.999448 -0.012817383
0.88600683 0.46249783 0.033121705 2.369751 -0.46207944 0.88662314 -0.019798184 -0.9211426 -0.038520396 0.0022347663 0.9992551 -0.01977539
0.85939085 0.51009417 0.035935704 2.5740967 -0.5096567 0.8601419 -0.021120965 -1.0740967 -0.041681986 -0.00016190112 0.9991309 -0.03869629
0.827195 0.5605147 0.039278492 2.8066406 -0.5598534 0.8281266 -0.027231421 -1.3066406 -0.047789488 0.00053818896 0.9988575 -0.047973633
0.789499 0.61245364 0.03879369 3.0458984 -0.6115523 0.7904467 -0.033313096 -1.5256348 -0.05107492 0.0025803093 0.99869215 -0.052978516
0.75202036 0.6580579 0.03910039 3.251587 -0.6569777 0.7530311 -0.03778836 -1.7703857 -0.054306876 0.0027351081 0.99852073 -0.06665039
0.712184 0.7010254 0.037002306 3.4821777 -0.69986916 0.713139 -0.040350668 -2.0394287 -0.054671425 0.0028410926 0.99850035 -0.07861328
0.6699167 0.74149054 0.036361963 3.6809082 -0.74026936 0.67090136 -0.04256895 -2.322754 -0.055959906 0.0015919153 0.9984313 -0.10119629
0.6271944 0.77786237 0.03923627 3.9222412 -0.7767313 0.6284076 -0.042130433 -2.630005 -0.05742634 -0.004053943 0.9983414 -0.123291016
0.5861906 0.80913436 0.040158007 4.149048 -0.8080176 0.5875208 -0.04309406 -2.980957 -0.058469355 -0.007194616 0.9982631 -0.14477539
0.5451579 0.8373275 0.04097053 4.3635254 -0.8361944 0.5466055 -0.044652857 -3.3461914 -0.059788905 -0.0099220965 0.9981617 -0.16235352
0.5063351 0.86122817 0.040928885 4.6116943 -0.86000663 0.5078606 -0.047229405 -3.746338 -0.061468802 -0.011282723 0.9980457 -0.19165039
0.47019786 0.8815908 0.042574614 4.7926025 -0.8804725 0.47187155 -0.046994854 -4.1779785 -0.061500438 -0.015397053 0.9979871 -0.20922852
0.43484873 0.89971423 0.041095823 5.0163574 -0.89869976 0.436458 -0.045948997 -4.6396484 -0.059267916 -0.0169546 0.99809766 -0.24206543
0.39955556 0.91575927 0.03665943 5.20105 -0.9147514 0.4009411 -0.045601305 -5.1411133 -0.05647507 -0.015322594 0.99828666 -0.26586914
0.36921656 0.9287737 0.03259261 5.395508 -0.9278308 0.37039006 -0.044108916 -5.6346436 -0.053031463 -0.013961234 0.99849474 -0.29626465
0.34474695 0.9380837 0.030051908 5.5720215 -0.9372604 0.3457784 -0.041659757 -6.2001953 -0.0494727 -0.013798252 0.9986803 -0.3248291
0.32367364 0.94575703 0.027847994 5.748047 -0.9449239 0.32461715 -0.041707084 -6.777588 -0.048479617 -0.012827962 0.99874127 -0.3590088
0.31023636 0.9502977 0.026145404 5.947998 -0.9494456 0.31111202 -0.04192391 -7.364624 -0.04798124 -0.011825115 0.9987783 -0.39343262
0.29766628 0.9544584 0.02508456 6.1343994 -0.95348835 0.2985295 -0.044337623 -7.99646 -0.04979261 -0.010721822 0.9987016 -0.4177246
0.28672343 0.9576891 0.026363777 6.319092 -0.95668495 0.28767556 -0.045490712 -8.625244 -0.051161315 -0.012188105 0.9986162 -0.45166016
0.2761745 0.9605925 0.029091977 6.529541 -0.95955694 0.27730078 -0.047021206 -9.307739 -0.05324362 -0.014932129 0.9984701 -0.49035645
0.26448622 0.9639023 0.028796166 6.7181396 -0.96279764 0.26563147 -0.048495196 -9.999512 -0.054384355 -0.01488905 0.998409 -0.5241699
0.25497115 0.9664891 0.030467069 6.9266357 -0.96527195 0.25626323 -0.051175423 -10.738037 -0.057264317 -0.016355336 0.99822515 -0.5644531
0.24547192 0.96896154 0.03104164 7.1204834 -0.9676656 0.24683931 -0.052920897 -11.474976 -0.05892966 -0.017046895 0.9981162 -0.6057129
0.23420973 0.9717987 0.030422876 7.310791 -0.97042656 0.23557913 -0.054286987 -12.2352295 -0.059916846 -0.01681521 0.9980614 -0.6444092
0.22449571 0.97384435 0.03209232 7.4971924 -0.97235125 0.22602819 -0.05697896 -13.008423 -0.06274207 -0.018399227 0.99786043 -0.68774414
0.21281369 0.9765502 0.03477883 7.6810303 -0.9748702 0.2146198 -0.060978048 -13.79834 -0.06698375 -0.020929743 0.99753326 -0.7393799
0.19936405 0.9793512 0.03518457 7.8392334 -0.9774623 0.20129679 -0.06449718 -14.598145 -0.07024129 -0.021529902 0.9972975 -0.7817383
0.18583567 0.9818487 0.036028128 7.9990234 -0.97985107 0.18790254 -0.06666214 -15.39502 -0.07223507 -0.022902086 0.99712557 -0.8251953
0.17230709 0.984446 0.035230063 8.145142 -0.982337 0.17438258 -0.0683324 -16.209595 -0.07341185 -0.022818685 0.9970411 -0.8703613
0.15689099 0.98687637 0.035761945 8.271851 -0.9849241 0.15900157 -0.066807166 -17.023926 -0.07161238 -0.02474601 0.9971249 -0.9211426
0.14207043 0.9892143 0.035720076 8.391846 -0.9874017 0.14416498 -0.065239266 -17.835327 -0.06971319 -0.025992068 0.99723005 -0.96655273
0.11939835 0.9921651 0.03622197 8.50708 -0.9904773 0.121543564 -0.064351164 -18.668945 -0.06825743 -0.028177744 0.99727046 -1.0096436
0.0957358 0.99464196 0.039125185 8.591919 -0.9931817 0.09807658 -0.0630872 -19.50122 -0.06658919 -0.032814227 0.9972411 -1.0583496
0.06664444 0.9968885 0.0419851 8.661133 -0.9956295 0.06919974 -0.062655695 -20.340332 -0.065353654 -0.037637047 0.99715126 -1.1046143
0.030651877 0.9986094 0.042889144 8.699341 -0.997461 0.03332084 -0.06293707 -21.193604 -0.06427691 -0.040872194 0.99709445 -1.1485596
-0.0017957649 0.9991202 0.041918 8.694702 -0.99806166 0.0008161628 -0.06222598 -22.04956 -0.062226184 -0.04193966 0.99718165 -1.1915283
-0.037263025 0.9984731 0.040764872 8.668701 -0.99749553 -0.034710173 -0.061612263 -22.911621 -0.06011123 -0.042978548 0.9972663 -1.2249756
-0.069962606 0.99666023 0.041669153 8.622559 -0.9959353 -0.06742787 -0.059431706 -23.761719 -0.056397732 -0.04563483 0.9973636 -1.2574463
-0.10229122 0.9938635 0.04224748 8.543213 -0.9933732 -0.09981453 -0.057111967 -24.62378 -0.052530307 -0.047774207 0.9974753 -1.2996826
-0.13394748 0.9902412 0.039327264 8.427734 -0.9899223 -0.13182499 -0.05237386 -25.489258 -0.046674572 -0.045928627 0.99785364 -1.3361816
-0.16440296 0.98585415 0.033657115 8.279297 -0.985582 -0.16275372 -0.04700138 -26.324463 -0.040862985 -0.040876202 0.9983285 -1.3607178
-0.19721113 0.9800278 0.027321532 8.102051 -0.97980016 -0.19603051 -0.040702514 -27.1781 -0.034534045 -0.034798 0.9987975 -1.3800049
-0.22192228 0.97493726 0.021181948 7.902954 -0.97469914 -0.2210908 -0.035783254 -28.012573 -0.03021652 -0.028584067 0.99913496 -1.3967285
-0.24887477 0.96829486 0.014132716 7.680542 -0.9680693 -0.24838327 -0.029678589 -28.847046 -0.02522186 -0.021088177 0.99945915 -1.4089355
-0.27903125 0.96033436 0.009266211 7.434326 -0.96025246 -0.27882496 -0.018923601 -29.679077 -0.015589468 -0.014171099 0.999778 -1.4128418
-0.30279434 0.95300555 0.008543903 7.1740723 -0.9530424 -0.30276632 -0.004429087 -30.484741 -0.0016348753 -0.009486746 0.9999536 -1.4094238
-0.32619402 0.94529456 0.013789501 6.9051514 -0.9452437 -0.32636812 0.013136648 -31.277344 0.01691196 -0.0087511055 0.9998186 -1.3977051
-0.35191238 0.93568146 0.01975949 6.616333 -0.93529844 -0.35236195 0.028115034 -32.066772 0.033272155 -0.008583888 0.99940926 -1.3798828
-0.3741835 0.9271868 0.020753816 6.3043213 -0.92640096 -0.37472716 0.038470455 -32.85608 0.043430183 -0.0048307255 0.9990445 -1.3487549
-0.3993225 0.9165889 0.020240739 5.9716797 -0.91557175 -0.39983284 0.043194547 -33.635498 0.047670744 -0.0012875386 0.9988619 -1.2980957
-0.42147484 0.90673256 0.018012313 5.612915 -0.9057598 -0.4218575 0.042010337 -34.409424 0.045698155 0.0013872784 0.99895453 -1.2529297
-0.44061896 0.8970458 0.013855295 5.2440186 -0.89628375 -0.44081816 0.03717449 -35.17285 0.039462913 0.0039989194 0.99921227 -1.204834
-0.4599713 0.887853 0.005348197 4.8554688 -0.88721627 -0.45985565 0.035566773 -35.925537 0.034044422 0.011625273 0.9993527 -1.1556396
-0.475587 0.879993 0.0022054184 4.445923 -0.8793821 -0.47534803 0.0361444 -36.664185 0.03286794 0.015238359 0.999344 -1.1074219
-0.48471758 0.8751138 0.0004134234 4.0428467 -0.8744144 -0.4843495 0.03975382 -37.391357 0.034982897 0.01888566 0.99920964 -1.065918
-0.49519324 0.86871904 0.001091443 3.6558838 -0.86793214 -0.49479678 0.04196755 -38.0979 0.036966197 0.01983026 0.99911886 -1.0211182
-0.50306404 0.8637805 0.008426404 3.2462158 -0.8629066 -0.5029551 0.04111536 -38.80835 0.039733108 0.01342048 0.9991192 -0.98168945
-0.51624775 0.8568066 0.009669444 2.8428955 -0.8560059 -0.5162046 0.03885865 -39.50525 0.038291 0.011759164 0.999198 -0.9448242
-0.5229517 0.8520333 0.008492785 2.4107666 -0.85118496 -0.52283406 0.040489513 -40.203857 0.038937617 0.013973456 0.9991434 -0.9013672
-0.5297178 0.8478366 0.006913074 1.9677734 -0.84689003 -0.5294815 0.04361681 -40.907104 0.04063213 0.017267533 0.99902433 -0.8527832
-0.53509194 0.8447193 0.007022787 1.5258789 -0.8436112 -0.5347837 0.047430813 -41.605103 0.043806974 0.019472752 0.99884975 -0.821167
-0.5326496 0.84592974 0.008374806 1.0574951 -0.8447556 -0.53238845 0.04831382 -42.346313 0.045341898 0.018667258 0.99879694 -0.7807617
-0.5284991 0.84857434 0.0058368044 0.5928955 -0.8474321 -0.52812177 0.048699334 -43.089478 0.044386793 0.020791724 0.998797 -0.73779297
-0.5246044 0.8508365 0.006127586 0.13330078 -0.84974355 -0.5242714 0.04738986 -43.844482 0.04354321 0.019675205 0.9988574 -0.6907959
-0.51647687 0.85621077 0.0084191505 -0.3383789 -0.8551259 -0.51627684 0.04620083 -44.634277 0.043906882 0.016656773 0.9988968 -0.64990234
-0.5097791 0.8607377 0.009383979 -0.7994385 -0.8597001 -0.5096531 0.044746745 -45.42212 0.043297462 0.014714697 0.99895453 -0.6081543
-0.50309974 0.864208 0.011333689 -1.248291 -0.8631722 -0.50307477 0.044081334 -46.22107 0.043790396 0.01239258 0.9989638 -0.5628662
-0.49775195 0.8675535 0.014838791 -1.7227783 -0.86660314 -0.4979135 0.04132297 -47.06543 0.043223035 0.0077004856 0.9990359 -0.51586914
-0.497655 0.8671118 0.017966047 -2.177246 -0.8662471 -0.49796504 0.03889773 -47.89673 0.04269329 0.0037982713 0.99908125 -0.47131348
-0.49616572 0.8676768 0.020537905 -2.671875 -0.8669393 -0.49659032 0.0357652 -48.773926 0.041235067 -4.9276743e-05 0.99914914 -0.4182129
-0.4975384 0.86751115 0.021177895 -3.1490479 -0.86681926 -0.49798805 0.03465705 -49.64624 0.04060798 -0.0011178744 0.9991748 -0.3762207
-0.49892828 0.8663198 0.02134587 -3.6430664 -0.86564493 -0.4993828 0.034212317 -50.518677 0.040307477 -0.0014013038 0.99918634 -0.3236084
-0.49751437 0.86744756 0.02112047 -4.1584473 -0.8668162 -0.49795938 0.03314258 -51.423096 0.039264157 -0.0018266649 0.99922734 -0.2750244
-0.49750957 0.86757976 0.019855056 -4.6657715 -0.86698645 -0.4979042 0.032102283 -52.3291 0.03772708 -0.0012471508 0.99928737 -0.22717285
-0.49749422 0.86744785 0.020998267 -5.166992 -0.8668704 -0.4979315 0.031740095 -53.238403 0.037985116 -0.0024155811 0.9992755 -0.17578125
-0.49606526 0.8681315 0.02230463 -5.685791 -0.8676135 -0.49654758 0.030299868 -54.177002 0.03736746 -0.0043263664 0.9992922 -0.12524414
-0.4960515 0.8679848 0.022671811 -6.168579 -0.86750114 -0.49654353 0.029415954 -55.062256 0.03679538 -0.0050827796 0.99931 -0.07531738
-0.49464354 0.86893994 0.023372922 -6.686035 -0.86847526 -0.49515978 0.029031215 -56.00049 0.036782376 -0.0059452737 0.9993055 -0.016357422
-0.4908091 0.8705827 0.023295626 -7.1934814 -0.87018764 -0.4913119 0.027129237 -56.914673 0.035067003 -0.006944512 0.9993604 0.032226562
-0.4893955 0.8716601 0.02133326 -7.6956787 -0.8713475 -0.48981443 0.024293883 -57.83911 0.031626467 -0.0067041693 0.9994772 0.08947754
-0.48418605 0.87458944 0.019916635 -8.205811 -0.8743079 -0.48455492 0.023058575 -58.772583 0.029805668 -0.006245691 0.99953586 0.13415527
-0.48279175 0.87564665 0.01967574 -8.708008 -0.87536067 -0.48315483 0.02318212 -59.697144 0.029797336 -0.006039453 0.99953777 0.17895508
-0.47898573 0.8774798 0.019706184 -9.197998 -0.877203 -0.47934937 0.022925163 -60.608887 0.029568829 -0.0063054673 0.99954295 0.22705078
-0.47759685 0.8785763 0.019195188 -9.689209 -0.8782831 -0.47794864 0.023402993 -61.512573 0.02972437 -0.0056938175 0.99954206 0.2738037
-0.478997 0.877409 0.021104285 -10.171387 -0.87707615 -0.47941706 0.025031734 -62.417114 0.032075573 -0.00651601 0.99946404 0.32385254
-0.48178974 0.8761999 0.022883885 -10.66748 -0.87583673 -0.4822768 0.026284592 -63.32898 0.0340725 -0.0073841116 0.99939245 0.36987305
-0.4855912 0.8735515 0.025983127 -11.1467285 -0.8731644 -0.48619688 0.02760152 -64.2251 0.03674814 -0.009269542 0.99928117 0.42871094
-0.49078193 0.8706896 0.025159096 -11.640625 -0.8703773 -0.49133334 0.025188582 -65.129395 0.034289878 -0.009526473 0.99936616 0.46813965
-0.49599406 0.8681298 0.020769104 -12.147705 -0.86786306 -0.4963818 0.022581061 -66.01782 0.029906614 -0.0068239835 0.99952936 0.5263672
-0.50258887 0.8640979 0.02220277 -12.641602 -0.8639142 -0.5029963 0.020013785 -66.89429 0.028467067 -0.009115865 0.99955314 0.57666016
-0.5053998 0.862587 0.02390386 -13.14856 -0.8623272 -0.5058852 0.02299645 -67.77356 0.03194198 -0.008993086 0.9994495 0.6248779
-0.51064503 0.8591427 0.024352307 -13.656372 -0.858799 -0.5111649 0.025542527 -68.62537 0.03441692 -0.007861967 0.9993767 0.66467285
-0.5158695 0.85628486 0.026436394 -14.136353 -0.8559492 -0.5164622 0.025737708 -69.481445 0.03571049 -0.009360409 0.9993188 0.71362305
-0.5196991 0.85405904 0.027570184 -14.6604 -0.85374004 -0.5203282 0.025508061 -70.33093 0.036116548 -0.010278661 0.99929464 0.76171875
-0.52250624 0.8519525 0.027246527 -15.147339 -0.8516215 -0.5231244 0.025678055 -71.17566 0.036135238 -0.009772865 0.9992988 0.81433105
-0.52631646 0.8498757 0.02147216 -15.676392 -0.8497519 -0.5266738 0.017183807 -72.015015 0.025909342 -0.009199375 0.99962187 0.8670654
-0.52770895 0.8486736 0.016286787 -16.19812 -0.8486823 -0.5278776 0.008502666 -72.85742 0.0158263 -0.00933343 0.9998311 0.91052246
-0.529115 0.8483458 0.014667596 -16.716064 -0.84838474 -0.5292298 0.0052363435 -73.69116 0.012209597 -0.009673434 0.99987864 0.9440918
-0.5315565 0.8469007 0.017213749 -17.228271 -0.8468664 -0.531767 0.01141731 -74.5094 0.018818391 -0.008504005 0.9997867 0.96655273
-0.53156465 0.8472969 0.019905053 -17.737427 -0.8471868 -0.53187186 0.016013578 -75.3291 0.024145655 -0.008359475 0.99967366 0.9974365
-0.5330267 0.8462793 0.015517345 -18.259155 -0.8459981 -0.5332507 0.021868132 -76.140625 0.02678121 -0.0014796201 0.99964035 1.0338135
-0.5316395 0.8472801 0.011865482 -18.79602 -0.8470109 -0.5317701 0.021401491 -76.964966 0.024428327 0.0013243426 0.9997006 1.0786133
-0.5316243 0.84715617 0.011096114 -19.312012 -0.8469305 -0.53173894 0.019583255 -77.78943 0.022472149 0.0010057855 0.9997468 1.1175537
-0.53017336 0.84775454 0.00990792 -19.815186 -0.8476549 -0.53026384 0.013083431 -78.605835 0.016343633 -0.0014601173 0.9998653 1.1531982
-0.52911407 0.8481778 0.008738294 -20.327515 -0.8481548 -0.52917385 0.0072181234 -79.43347 0.010750332 -0.0035936183 0.99993575 1.1807861
-0.52913153 0.8481546 0.015587917 -20.817139 -0.8482447 -0.52921486 0.0014577941 -80.246704 0.0094972495 -0.012454884 0.99987733 1.2138672
-0.5278249 0.8494219 0.021635491 -21.306274 -0.8496699 -0.5278418 -0.0053860825 -81.07922 0.0068408074 -0.021225559 0.9997514 1.2254639
-0.5249908 0.850904 0.019096151 -21.80957 -0.8510957 -0.5250081 -0.0045054737 -81.89148 0.006193661 -0.018605983 0.9998076 1.2513428
-0.52250254 0.8521685 0.015691552 -22.3031 -0.8522826 -0.5225508 -0.0011789212 -82.69922 0.007202888 -0.013995253 0.9998761 1.2779541
-0.5158424 0.85610646 0.014692059 -22.805176 -0.8561858 -0.5159174 0.0015898487 -83.513306 0.008946639 -0.011760581 0.9998908 1.293335
-0.5091952 0.8606851 0.010558365 -23.29248 -0.86070627 -0.5092546 0.0038277053 -84.32788 0.008669632 -0.0071399068 0.99993694 1.3153076
-0.5011785 0.8654613 0.003703921 -23.762817 -0.86543417 -0.50119215 0.006861687 -85.14221 0.007793286 0.00023264438 0.9999696 1.3432617
-0.49074394 0.8714364 0.004262132 -24.231445 -0.8714197 -0.4907614 0.005448268 -85.9668 0.00684111 -0.0010407085 0.999976 1.3702393
-0.4803345 0.8771731 0.007207061 -24.670532 -0.8771795 -0.48036528 0.00331002 -86.80005 0.006364813 -0.0047332076 0.99996847 1.3803711
-0.46716598 0.88402843 0.004555131 -25.1167 -0.8840365 -0.46717235 0.00038775383 -87.63843 0.0024709045 -0.0038460991 0.9999895 1.4022217
-0.4568121 0.88991 0.0044616396 -25.547485 -0.8899201 -0.4568125 -0.0009855633 -88.47815 0.0011585825 -0.0044200523 0.9999895 1.4216309
-0.44548604 0.89530003 0.004937526 -25.953247 -0.89531255 -0.44548708 -0.0009302944 -89.32068 0.0013666684 -0.004837825 0.9999873 1.4296875
-0.4300318 0.90230143 0.0012152949 -26.37561 -0.90230197 -0.43003094 -0.000998145 -90.17786 -0.00037684524 -0.0015263589 0.9999987 1.4523926
-0.4197611 0.9078667 0.0028831586 -26.766113 -0.90785867 -0.41977 0.003906935 -91.02466 0.0047559906 -0.0009804972 0.99998814 1.4627686
-0.40788367 0.91308546 0.0044609774 -27.138184 -0.91299456 -0.40790635 0.012926508 -91.862305 0.01362641 0.0011986815 0.9999064 1.4801025
-0.39396122 0.91899276 0.0065541677 -27.507324 -0.9188396 -0.3940152 0.016786497 -92.71155 0.018006507 0.0005964284 0.9998375 1.50354
-0.38444093 0.92321265 0.006688438 -27.852173 -0.9231057 -0.3844982 0.014079662 -93.57544 0.015562042 -0.00076349004 0.99987847 1.5209961
-0.37028733 0.92868817 0.00676284 -28.19873 -0.9286427 -0.37033904 0.009583166 -94.44397 0.011407046 -0.0027254375 0.9999311 1.552002
-0.36152914 0.9325271 0.008739795 -28.523315 -0.9324781 -0.36160862 0.010515396 -95.30151 0.01296278 -0.004353458 0.9999064 1.5786133
-0.35483903 0.93465304 0.016592301 -28.826172 -0.93461484 -0.35506606 0.01361675 -96.17053 0.018616052 -0.010668354 0.99976957 1.6048584
-0.34748423 0.93732417 0.024298789 -29.145874 -0.93726873 -0.34795848 0.019086963 -97.04321 0.026341554 -0.016135225 0.99952245 1.6314697
-0.3438115 0.93845886 0.029294245 -29.45398 -0.93842065 -0.34447572 0.021734279 -97.92041 0.030483607 -0.020012882 0.9993345 1.6707764
-0.34082556 0.93942964 0.030668946 -29.755127 -0.93941605 -0.34153685 0.021926824 -98.796875 0.03109879 -0.021334216 0.99928844 1.7060547
-0.33418334 0.94173 0.0333506 -30.060669 -0.9418005 -0.334965 0.02136593 -99.67822 0.031300854 -0.02427574 0.9992152 1.7541504
-0.3305434 0.9431467 0.03330732 -30.361572 -0.9433714 -0.33118972 0.016067095 -100.55493 0.026197953 -0.026111567 0.9993157 1.7907715
-0.32486054 0.9452603 0.032091115 -30.663696 -0.9455265 -0.3254007 0.013220824 -101.44153 0.022928357 -0.026043685 0.9993977 1.8278809
-0.3203153 0.94667566 0.032830767 -30.9552 -0.9470337 -0.32078332 0.010001054 -102.32837 0.02000409 -0.02789241 0.99941087 1.8717041
-0.31466624 0.9485373 0.037927724 -31.229492 -0.94903725 -0.31526038 0.010718053 -103.20471 0.022100106 -0.032615256 0.9992235 1.8994141
-0.30522242 0.9511299 0.048191715 -31.494263 -0.9520198 -0.3060577 0.010854984 -104.06946 0.025060995 -0.04256069 0.9987795 1.9189453
-0.29930818 0.95299786 0.04912651 -31.759277 -0.95388126 -0.30024803 0.012860976 -104.93115 0.026985636 -0.043014776 0.99871016 1.9644775
-0.2904031 0.9556953 0.046170842 -32.030273 -0.9563425 -0.29143232 0.017222844 -105.80884 0.0299451 -0.039165292 0.9987841 2.001587
-0.28321645 0.9578348 0.04651067 -32.27942 -0.95856196 -0.28416744 0.015150163 -106.689575 0.02773429 -0.040287767 0.99880284 2.0379639
-0.27607894 0.9598685 0.04734363 -32.53601 -0.9607329 -0.27689248 0.011442336 -107.55652 0.024103727 -0.042317927 0.99881303 2.07312
-0.2689366 0.96205485 0.04675327 -32.78076 -0.962965 -0.26960555 0.008528312 -108.453 0.02080215 -0.04271651 0.99887043 2.114502
-0.26308537 0.9636376 0.04946021 -33.01233 -0.96458787 -0.2639691 0.012168277 -109.32556 0.024765398 -0.044506796 0.9987024 2.1367188
-0.25498888 0.96563023 0.049610265 -33.233154 -0.9665063 -0.25602 0.015561598 -110.1991 0.02774186 -0.043990333 0.998647 2.170044
-0.24918294 0.96720326 0.049883254 -33.453735 -0.9680753 -0.25025204 0.016374981 -111.06604 0.028327163 -0.044229694 0.99862045 2.1917725
-0.2420877 0.968867 0.050365604 -33.656372 -0.9698073 -0.24309851 0.014913568 -111.94226 0.026704911 -0.04522252 0.9986194 2.227539
-0.23338495 0.97130495 0.046117365 -33.867798 -0.972069 -0.23427896 0.014962454 -112.822266 0.025336234 -0.04133988 0.998824 2.263916
-0.22625375 0.97320616 0.042843595 -34.079834 -0.9738198 -0.22710083 0.016003812 -113.71716 0.025293004 -0.038090624 0.9989539 2.3087158
-0.21828891 0.9750732 0.041347478 -34.285645 -0.97562414 -0.21911454 0.016569017 -114.612915 0.025212888 -0.03673618 0.9990073 2.3465576
-0.20979834 0.9766538 0.048330404 -34.46985 -0.97754467 -0.21070838 0.014534188 -115.50537 0.024352247 -0.044185482 0.9987264 2.3841553
-0.2026167 0.9778897 0.050993346 -34.645386 -0.9789404 -0.20352505 0.013245524 -116.4082 0.02333546 -0.04724405 0.9986109 2.4102783
-0.1984166 0.9789149 0.048394315 -34.831177 -0.9798552 -0.19924913 0.012995419 -117.31494 0.022347976 -0.044844706 0.9987442 2.4490967
-0.19272433 0.98018795 0.047315024 -34.99646 -0.98109555 -0.19350614 0.012503259 -118.19507 0.02140132 -0.044011332 0.9988019 2.482544
-0.18765642 0.98114103 0.046034373 -35.17456 -0.9819427 -0.18851256 0.014971331 -119.10498 0.023385013 -0.042401146 0.99882704 2.5113525
-0.18194403 0.9825398 0.039598923 -35.34851 -0.9831256 -0.18259288 0.013421551 -119.98523 0.020404115 -0.036499053 0.99912566 2.5369873
-0.17624247 0.983878 0.031687688 -35.510986 -0.9842433 -0.17667782 0.011492357 -120.86694 0.016902974 -0.029174281 0.99943167 2.5566406
-0.17340694 0.98439085 0.0292699 -35.67285 -0.98469806 -0.173787 0.010957676 -121.77319 0.015881749 -0.02692651 0.99951136 2.5855713
-0.16841401 0.9852398 0.030579561 -35.81665 -0.9855407 -0.16888617 0.013554651 -122.66345 0.018528704 -0.027866732 0.99944013 2.6080322
-0.16344786 0.98601407 0.032240815 -35.959595 -0.9863535 -0.16396666 0.0141431205 -123.55078 0.019234918 -0.029487751 0.99938 2.6346436
-0.16280316 0.9861889 0.033189636 -36.100952 -0.9865655 -0.16332687 0.013720437 -124.43689 0.018942997 -0.030514825 0.999355 2.6625977
-0.16067898 0.9863305 0.034897428 -36.24109 -0.9867949 -0.16117524 0.011881218 -125.323975 0.01734795 -0.03251665 0.9993203 2.6875
-0.16070485 0.9864594 0.031560495 -36.381958 -0.9868948 -0.16099049 0.0067067016 -126.21118 0.011706442 -0.030074794 0.9994791 2.7155762
-0.15947746 0.986739 0.03188191 -36.517456 -0.98723537 -0.15958892 0.0009661792 -127.08984 0.0060389526 -0.03131573 0.9994913 2.7348633
-0.15799724 0.98699504 0.030925784 -36.655518 -0.98747176 -0.15804172 -0.0010101382 -127.97046 0.0038843174 -0.030703515 0.9995212 2.7558594
-0.1557858 0.98720187 0.03143822 -36.786133 -0.9876664 -0.15597354 0.0035879277 -128.83667 0.0084614735 -0.030498002 0.99949896 2.7695312
-0.15574147 0.9872184 0.032313585 -36.922607 -0.9876637 -0.15607046 0.007908376 -129.70667 0.012855606 -0.030693896 0.9994463 2.7928467
-0.1557894 0.9870583 0.03534657 -37.05249 -0.987617 -0.15611613 0.0066584935 -130.57642 0.012099322 -0.033879843 0.9993527 2.8067627
-0.15514219 0.98723114 0.035671696 -37.1792 -0.9878028 -0.15546703 0.0064990763 -131.44104 0.011968241 -0.034218185 0.99934244 2.8271484
-0.15509272 0.98741436 0.031122424 -37.323242 -0.9878408 -0.15536462 0.006508356 -132.29517 0.011262678 -0.029742518 0.9994943 2.8516846
-0.1535896 0.98756397 0.03279989 -37.447998 -0.98801583 -0.1539458 0.008606458 -133.16028 0.013558038 -0.03108975 0.99942464 2.8762207
-0.15450263 0.9871597 0.04203879 -37.57019 -0.9879019 -0.15508685 0.010987013 -134.01917 0.017365081 -0.03982579 0.9990556 2.8947754
-0.15241957 0.9871304 0.048355285 -37.68445 -0.98812044 -0.15317406 0.012276311 -134.87756 0.019517507 -0.04589171 0.9987552 2.9162598
-0.15367518 0.9868691 0.048050992 -37.80359 -0.9877855 -0.15455544 0.0151333725 -135.72388 0.022388885 -0.045145642 0.9987294 2.9436035
-0.15363131 0.98705643 0.04464261 -37.931152 -0.98782015 -0.15444323 0.01532569 -136.60999 0.02202471 -0.041752316 0.9988854 2.984253
-0.1508175 0.98735523 0.04681371 -38.05249 -0.9881419 -0.1518092 0.018365847 -137.40918 0.025264222 -0.043480836 0.9987343 3.005371
-0.14945696 0.98798156 0.03889949 -38.18799 -0.98849565 -0.15019011 0.016639214 -138.27051 0.022286141 -0.03595209 0.99910456 3.0377197
-0.14664969 0.9886946 0.031027567 -38.313354 -0.989058 -0.14705467 0.011184759 -139.1117 0.015623873 -0.0290484 0.99945587 3.0738525
-0.14451088 0.9891027 0.026561083 -38.441284 -0.9893999 -0.14474441 0.007078181 -139.96191 0.010851723 -0.025251605 0.99962217 3.0958252
-0.14168406 0.9897303 0.021856632 -38.561523 -0.9899129 -0.14188124 0.007754771 -140.78027 0.01076538 -0.02054032 0.9997312 3.112793
-0.13609754 0.990415 0.022964643 -38.6709 -0.9905775 -0.13638176 0.011294465 -141.6156 0.014316991 -0.021202402 0.99967253 3.1434326
-0.12968707 0.9913436 0.020115227 -38.77649 -0.9914012 -0.1299901 0.014560295 -142.43848 0.017054114 -0.018051324 0.99969155 3.161499
-0.11989735 0.9925721 0.017163804 -38.884644 -0.99253035 -0.1201948 0.017492251 -143.29358 0.019431153 -0.014935881 0.9996997 3.1693115
-0.11014605 0.99372387 0.017063946 -38.969727 -0.99374753 -0.110386364 0.013834578 -144.08911 0.015642952 -0.01543257 0.9997586 3.1959229
-0.09914779 0.9950481 0.013349597 -39.050537 -0.99505615 -0.09930252 0.011475151 -144.89734 0.012736651 -0.012144869 0.9998452 3.2231445
-0.08466114 0.99641347 0.008178385 -39.12793 -0.9963719 -0.08475279 0.011590201 -145.73718 0.012240596 -0.007170464 0.99989945 3.2626953
-0.07026482 0.9975036 0.0077886693 -39.177612 -0.9974234 -0.07037104 0.014331585 -146.52637 0.014838089 -0.006757712 0.9998671 3.2885742
-0.05579735 0.9984357 0.0041544335 -39.227783 -0.9983465 -0.055849686 0.013766561 -147.38306 0.01397814 -0.003378353 0.99989665 3.3068848
-0.0422486 0.999094 -0.00056840107 -39.26245 -0.9989593 -0.042233586 0.01645101 -148.12 0.016415179 0.0012614764 0.9998646 3.3225098
-0.028101202 0.9995997 0.0056542642 -39.27954 -0.9993591 -0.028221734 0.022494063 -148.94678 0.022643296 -0.0050233435 0.99973106 3.3475342
-0.015299904 0.99981374 0.012229621 -39.27881 -0.9994287 -0.015662555 0.03013565 -149.72986 0.030315802 -0.011765413 0.9994711 3.3815918
-0.0011972189 0.99982345 0.018751038 -39.264282 -0.99922496 -0.0019340517 0.03932391 -150.50806 0.039351422 -0.018699631 0.99905074 3.4033203
