1.000000000000000000e+00 4.398956837314658088e-19 2.733407509747682871e-20 -8.673617379884035472e-19 -5.583667658079949532e-19 1.000000000000000000e+00 -6.100159232558060012e-19 0.000000000000000000e+00 4.145284534913582806e-20 -2.210423569125054137e-19 1.000000000000000222e+00 0.000000000000000000e+00
9.999413656331269662e-01 -1.123636435216234051e-03 1.077045737679451810e-02 7.171082158107083826e-02 1.119282126906492349e-03 9.999992894283259437e-01 4.103025898865420950e-04 -5.719380423539102698e-03 -1.077091094056282887e-02 -3.982233445128304937e-04 9.999419127542559238e-01 2.959384057963322934e-01
9.998532305224602235e-01 -2.620950664869839668e-03 1.693068383214147571e-02 9.778325477349478212e-02 2.607083766257210951e-03 9.999962478564512480e-01 8.410602268261236671e-04 -1.159800283393210008e-02 -1.693282497532274181e-02 -7.967970636869047300e-04 9.998563119439375368e-01 5.461978760493810814e-01
9.997832252002833986e-01 -6.288113088770439472e-03 1.984848292152680688e-02 8.970564241631838465e-02 6.310821013181816194e-03 9.999795015900277972e-01 -1.081631523312845964e-03 -1.524909506763591494e-02 -1.984127498183650348e-02 1.206657309838705993e-03 9.998024143619552717e-01 9.309564028344997633e-01
9.998233431015631778e-01 -6.972194584294336139e-03 1.745483095463827919e-02 8.795724930440752820e-02 7.003535568379183097e-03 9.999739696816467571e-01 -1.735060929980044653e-03 -1.938493140228146616e-02 -1.744227972038913180e-02 1.856999987042778910e-03 9.998461473695252621e-01 1.188088243073725847e+00
9.998878829365493992e-01 -1.065183700269123346e-02 1.052425564130937859e-02 9.114323773313388888e-02 1.068792257862573834e-02 9.999371749782677288e-01 -3.378518779162214408e-03 -1.881612482562156075e-02 -1.048760720703515066e-02 3.490622468313709509e-03 9.999389109523030283e-01 1.538002504499521583e+00
9.999350458395906971e-01 -1.131117139154809610e-02 -1.400543256339489102e-03 6.613370647888877629e-02 1.130442335812551977e-02 9.999248879583024774e-01 -4.735866863943531332e-03 -3.140854755005831334e-02 1.454006282497175267e-03 4.719726965754451713e-03 9.999878049478287956e-01 1.851006630477775472e+00
9.997940440359923686e-01 -1.099631903289050028e-02 -1.705727024524058069e-02 3.138308033881462289e-02 1.091269984806257642e-02 9.999280156960730359e-01 -4.987623648570509854e-03 -3.934596261554279550e-02 1.711088818338459688e-02 4.800455583338390092e-03 9.998420741096628594e-01 2.166728904845230286e+00
9.993294146538435063e-01 -6.514182808135295100e-03 -3.603174112578590854e-02 9.794843187371933199e-03 6.323525106223490920e-03 9.999654106972507561e-01 -5.402816742596805617e-03 -4.211972952100728751e-02 3.606569036928315708e-02 5.171346092030662880e-03 9.993360411942180388e-01 2.523512670291832460e+00
9.984304204412667305e-01 -3.771627096157151738e-03 -5.587906800331313845e-02 -4.944281504279441491e-02 3.425718592324449377e-03 9.999743825304274747e-01 -6.284801484696203762e-03 -5.525721978249041599e-02 5.590134141321212446e-02 6.083511033576348079e-03 9.984177637906022085e-01 2.869871664802453370e+00
9.971460022018553415e-01 -3.051089162492730961e-03 -7.543567424715717784e-02 -9.630326423001817071e-02 2.576939325175991915e-03 9.999763143037522228e-01 -6.382022518666587325e-03 -5.925017383075735500e-02 7.545336092145238371e-02 6.169415074292887956e-03 9.971302466808056320e-01 3.223921948643849067e+00
9.953204263285515552e-01 -3.497596732232390124e-03 -9.656611962839904695e-02 -1.351930211121517011e-01 2.924118977807213093e-03 9.999772438330923885e-01 -6.079583846693351230e-03 -6.718338074594754072e-02 9.658518775358421182e-02 5.768763129774457342e-03 9.953080041741586559e-01 3.612485333901777729e+00
9.932491767474186384e-01 -4.309369794835186777e-03 -1.159202391123100306e-01 -1.983007404539158802e-01 3.707107745205528646e-03 9.999784912678075788e-01 -5.410577420013240948e-03 -7.843428794236158297e-02 1.159410639971585749e-01 4.944322693820379748e-03 9.932437886767300217e-01 3.997717527536490678e+00
9.910999502168950093e-01 -4.243341568871389531e-03 -1.330521786676577556e-01 -2.842380545452536378e-01 3.629229625679722317e-03 9.999816153039474687e-01 -4.857750570385997203e-03 -8.295381176525790101e-02 1.330703479391938115e-01 4.331639360497309063e-03 9.910971293923762637e-01 4.391477771913151251e+00
9.887803708297735472e-01 -3.528954177268636347e-03 -1.493349395047915973e-01 -3.646652137413267658e-01 2.914365998432397013e-03 9.999863607652562658e-01 -4.334137709351183754e-03 -8.871771622768981347e-02 1.493482002465633951e-01 3.850293522270591649e-03 9.887771694951081880e-01 4.818463358080752101e+00
9.866807993656205866e-01 -2.925017988922797626e-03 -1.626420725236209786e-01 -4.520981527030471514e-01 2.236177843365261958e-03 9.999877393444763785e-01 -4.418219779022574019e-03 -9.477409812316286986e-02 1.626530046103856764e-01 3.995675914047727012e-03 9.866752431001655221e-01 5.231101639326140251e+00
9.845555394462578436e-01 -3.437606385156567832e-03 -1.750387723950208030e-01 -5.252407664231645290e-01 2.577380073158817755e-03 9.999834604980253339e-01 -5.141579373861831538e-03 -9.924317235564600326e-02 1.750535550940210405e-01 4.611028894487603433e-03 9.845481156509554577e-01 5.670090586102408459e+00
9.827684532414528995e-01 -6.666829976516617552e-03 -1.847206535751323708e-01 -6.301657782842454703e-01 5.450399858525428569e-03 9.999599958669040944e-01 -7.092235076125527442e-03 -1.145484995319995258e-01 1.847605499050938849e-01 5.963223362025320447e-03 9.827654755886638949e-01 6.112595891793564107e+00
9.812469768144098659e-01 -5.857096438468805538e-03 -1.926656793925541900e-01 -7.272061398901095153e-01 4.255950125603698980e-03 9.999528942653566066e-01 -8.723309705662219901e-03 -1.227515444917177956e-01 1.927077003303831471e-01 7.739745653003121326e-03 9.812256822338797368e-01 6.559747115363460779e+00
9.796178684106571222e-01 -5.842868471505161497e-03 -2.007851882345737249e-01 -8.327821574210708677e-01 3.790821241590699910e-03 9.999366001485580080e-01 -1.060308218871669310e-02 -1.197700510139281249e-01 2.008344143669839876e-01 9.625827924630769514e-03 9.795779103331109239e-01 7.028331347074835200e+00
9.780315011734231900e-01 -6.337695929193472993e-03 -2.083607815682946007e-01 -9.407132047484709769e-01 3.693224362449321150e-03 9.999076538024734839e-01 -1.307837740052396162e-02 -1.379059753348569894e-01 2.084244306196843532e-01 1.202154189168347896e-02 9.779645905062395173e-01 7.498358826571215552e+00
9.762727977746672448e-01 -1.002102473207349027e-02 -2.163122795835552004e-01 -1.050895823468521062e+00 6.942309848071494781e-03 9.998635741025547752e-01 -1.498791197358300201e-02 -1.457355259500829614e-01 2.164329669593086369e-01 1.313058381639146260e-02 9.762091782416567609e-01 8.016714030635156973e+00
9.744155395021232291e-01 -1.554073002868566929e-02 -2.242160586019856794e-01 -1.170021399226919279e+00 1.226525143277596049e-02 9.997968564357869736e-01 -1.599404413141945758e-02 -1.617331811612781056e-01 2.244190735498073908e-01 1.283477873102174469e-02 9.744082045296292849e-01 8.530422003199722880e+00
9.724138327254850944e-01 -1.650327078175850559e-02 -2.326778432708325739e-01 -1.311848608051988663e+00 1.253888018856118627e-02 9.997501026917056111e-01 -1.850698868105927000e-02 -1.822662497196539388e-01 2.329251275700783275e-01 1.507893213379334421e-02 9.723777619845783704e-01 9.038126993239702145e+00
9.703492459676175130e-01 -1.245601292773666074e-02 -2.413859715780439230e-01 -1.439544071827242089e+00 7.320871280400539222e-03 9.997276595530343313e-01 -2.215878054228629865e-02 -1.863181745243363552e-01 2.415962466371580075e-01 1.973460033364891203e-02 9.701761698222852726e-01 9.566099645060420542e+00
9.682715481724253337e-01 -9.341882446391041456e-03 -2.497257232010771100e-01 -1.598097671495231076e+00 3.126833799492389262e-03 9.996757056591588642e-01 -2.527264170765219226e-02 -2.018772163370486927e-01 2.498808369150980480e-01 2.368992907718981203e-02 9.679867540483851895e-01 1.010386779409094160e+01
9.659064588066591517e-01 -1.259004000084379231e-02 -2.585850000296926465e-01 -1.765733357529079450e+00 5.648906231743446894e-03 9.996039619825417555e-01 -2.756826138144110802e-02 -2.288633446845513841e-01 2.588296805111852117e-01 2.516763931254947795e-02 9.655950434408342442e-01 1.067142029938824166e+01
9.635846556288937270e-01 -1.415506468069301603e-02 -2.670285453042252621e-01 -1.922828277250442586e+00 6.626940957906514960e-03 9.995553416928458779e-01 -2.907236717252166536e-02 -2.614890678030293292e-01 2.673213346858819839e-01 2.624410451406990544e-02 9.632499948543882251e-01 1.122828472334959393e+01
9.614756510945496881e-01 -1.406326588187440524e-02 -2.745301354168818708e-01 -2.095664727137250605e+00 5.499261675912597673e-03 9.994746616852032695e-01 -3.193992419273818800e-02 -2.805532041335583870e-01 2.748350985963575188e-01 2.919974638453920815e-02 9.610478890546901853e-01 1.179540808948704367e+01
9.590880080675223684e-01 -1.374149129353217577e-02 -2.827744020500479460e-01 -2.291509406830177120e+00 3.875805087592681334e-03 9.993650420506310361e-01 -3.541879233886546796e-02 -2.992202172071272703e-01 2.830815640932741739e-01 3.287376058049414768e-02 9.585322872446505604e-01 1.240237651002143338e+01
9.568053396174158731e-01 -1.504443654380506826e-02 -2.903398098484786249e-01 -2.483564510244428369e+00 3.375044447784290771e-03 9.991676991487807857e-01 -4.065117513339126104e-02 -3.374707907471422574e-01 2.907097388006886773e-01 3.791535176074489061e-02 9.560597657605440780e-01 1.298804739939159347e+01
9.550143138801825415e-01 -1.621799178542529876e-02 -2.961159150342093649e-01 -2.676617736453748453e+00 2.181508472281221914e-03 9.988607092131046583e-01 -4.767100372420134125e-02 -3.727027051851841133e-01 2.965516859398916183e-01 4.488051169043878047e-02 9.539616549639109433e-01 1.360285027648543554e+01
9.537027467028160732e-01 -1.624365660015702692e-02 -3.003118589291348117e-01 -2.892561731076389808e+00 -5.140094702947754042e-04 9.984508829720666334e-01 -5.563784746731240127e-02 -4.007595015091918733e-01 3.007504079601402425e-01 5.321633131684091328e-02 9.522170005555681271e-01 1.421199659936975834e+01
9.524156477227520012e-01 -1.625062317031534739e-02 -3.043687717781468627e-01 -3.095270202300085316e+00 -3.541425362597469800e-03 9.979203430072920433e-01 -6.436184662526717171e-02 -4.472989473821478712e-01 3.047817144673606315e-01 6.237712943790249542e-02 9.503773999063258593e-01 1.483646063820152250e+01
9.510497478061240573e-01 -1.521316798974770707e-02 -3.086631411096091293e-01 -3.322083246343651375e+00 -7.730176061998728261e-03 9.973039917951012079e-01 -7.297254490233935631e-02 -4.955373697199446648e-01 3.089411316130392660e-01 7.178654124052523400e-02 9.483681098341684157e-01 1.548407679909604617e+01
9.496991565700783067e-01 -1.432365397217712569e-02 -3.128359679732610199e-01 -3.545315096001227850e+00 -1.139475818125210323e-02 9.967114224158571956e-01 -8.022779999959429864e-02 -5.541566396636266045e-01 3.129563432091247988e-01 7.975696465735615526e-02 9.464127830613831005e-01 1.613353198321930293e+01
9.481216975903381528e-01 -1.314253773339129835e-02 -3.176358262401457466e-01 -3.793313256128208799e+00 -1.517087088738488555e-02 9.961363083351874037e-01 -8.650028828798081437e-02 -6.181868688765825848e-01 3.175454180622528932e-01 8.683161280167832341e-02 9.442590643747981183e-01 1.679119982568436242e+01
9.465138464708415800e-01 -1.253179801211356387e-02 -3.224197423683320407e-01 -4.044264904100677072e+00 -1.834079782221368846e-02 9.955403226907790781e-01 -9.253691702003279118e-02 -6.843962743153853001e-01 3.221415137982924226e-01 9.350090915356214227e-02 9.420628574061858940e-01 1.746802233434783957e+01
9.447862043483428174e-01 -1.007153494497338431e-02 -3.275325785031704129e-01 -4.281926986916139377e+00 -2.339762207050821718e-02 9.949029769820000313e-01 -9.808474731914225420e-02 -7.639477136133654422e-01 3.268510069321451383e-01 1.003326002443061804e-01 9.397349577879751115e-01 1.814990541627899390e+01
9.429712585413759784e-01 -6.982254846906124461e-03 -3.328009184708018986e-01 -4.534973909912253909e+00 -2.826189603890540830e-02 9.944907058743419626e-01 -1.009430589581033350e-01 -8.357651180579663830e-01 3.316722361276723818e-01 1.045919889715047346e-01 9.375788212103617347e-01 1.884072915982154584e+01
9.413538244683047340e-01 -6.586207281965574326e-03 -3.373567794288723221e-01 -4.800411433019569074e+00 -2.979541791114214550e-02 9.942813205333923543e-01 -1.025518829714784919e-01 -9.132078825173743919e-01 3.361029778137583079e-01 1.065892941493061796e-01 9.357742853339526823e-01 1.952230193057608076e+01
9.391680946874306768e-01 -6.285954058555903029e-03 -3.434003119074954258e-01 -5.092211940172451712e+00 -3.051340725094220385e-02 9.943518501152522893e-01 -1.016529888624870953e-01 -1.003484071208115669e+00 3.420997273116077042e-01 1.059475581046085968e-01 9.336717271049929101e-01 2.024250712851340595e+01
9.369445152870454763e-01 -5.829988577767532959e-03 -3.494295121225201584e-01 -5.365428204299792725e+00 -3.122058387000704177e-02 9.944667375484410599e-01 -1.003054487596069938e-01 -1.093815385301584175e+00 3.480808124670701220e-01 1.048900341112651846e-01 9.315781402022250690e-01 2.096510371298895592e+01
9.344741285372204498e-01 -5.781878631739790532e-03 -3.559840871752669722e-01 -5.641195388835260616e+00 -3.133203360725430459e-02 9.946532727515335903e-01 -9.840310298091041463e-02 -1.174741320370624953e+00 3.546496981931649972e-01 1.031088599169145553e-01 9.292965927133484128e-01 2.168271017103707976e+01
9.314541249236684139e-01 -5.408140808957182140e-03 -3.638185844848862982e-01 -5.939901939551622156e+00 -3.136522070586395677e-02 9.949742413355204818e-01 -9.509196609393238964e-02 -1.261630167617473930e+00 3.625043970015651706e-01 9.998505485908233681e-02 9.266032342441473668e-01 2.239150441884559228e+01
9.278295033893817489e-01 -2.326659753131808672e-03 -3.729973142040140521e-01 -6.257071467136627874e+00 -3.348488170327423852e-02 9.954235413167908941e-01 -8.950271565587743228e-02 -1.339450249515064195e+00 3.714985561104390266e-01 9.553303170424863600e-02 9.235054225787374671e-01 2.318675476806912883e+01
9.243600021840266967e-01 -2.451230986071108436e-04 -3.815213274010207933e-01 -6.577984803470474873e+00 -3.451286795659266882e-02 9.958460549930402417e-01 -8.425851132067954663e-02 -1.420478327326760049e+00 3.799571689837401012e-01 9.105259339700913501e-02 9.205118021834098885e-01 2.391579929413909156e+01
9.209275185825649412e-01 3.802143409908195510e-03 -3.897153398094688193e-01 -6.903638035847563081e+00 -3.810943546157235379e-02 9.960388944951437118e-01 -8.033798370354569562e-02 -1.492844616497588150e+00 3.878661863235229879e-01 8.883729203409954089e-02 9.174245255862061299e-01 2.465411666041136840e+01
9.170715501162173267e-01 4.135768886425719021e-03 -3.987012216064299563e-01 -7.245543926334681473e+00 -3.848219440453779644e-02 9.961961860512655864e-01 -7.818106969165425357e-02 -1.568232174784567778e+00 3.968613042874667429e-01 8.704053312960126354e-02 9.137423345654150930e-01 2.539245982373918409e+01
9.130070659511669851e-01 4.856603595906972340e-03 -4.079148287481935697e-01 -7.601872522481048833e+00 -3.994609417025966197e-02 9.961880438795013282e-01 -7.754799058654184007e-02 -1.650817314380221834e+00 4.059832624126360479e-01 8.709646794898477651e-02 9.097207259767983167e-01 2.617014506606126290e+01
9.091608366377538220e-01 4.461930460577037683e-03 -4.164212539715638761e-01 -7.968063916467726493e+00 -3.992393304840510110e-02 9.962707401422283837e-01 -7.648981605093954639e-02 -1.717360383339715524e+00 4.145270257563614114e-01 8.616671983340311314e-02 9.059484780047307728e-01 2.692169036847534969e+01
9.053021502072008397e-01 4.992802460293168341e-03 -4.247388433873842684e-01 -8.348657604413810773e+00 -4.061222047412384184e-02 9.963674716819349575e-01 -7.484990967969701314e-02 -1.786534568078143259e+00 4.228222639338310995e-01 8.501137212392327613e-02 9.022163838827617077e-01 2.772187648096477730e+01
9.014455085569085258e-01 5.843547353235069818e-03 -4.328531439822453919e-01 -8.736225922731259530e+00 -4.123988246608788905e-02 9.965204061919452627e-01 -7.243170713336548328e-02 -1.862795281072521236e+00 4.309237401302448145e-01 8.314405022703878767e-02 8.985498321431968360e-01 2.850070611105128648e+01
8.976315208302938498e-01 6.422090827821713178e-03 -4.406999042801433286e-01 -9.124726162000108332e+00 -4.064086009371964403e-02 9.968399888835230982e-01 -6.825215833454809089e-02 -1.935209484230304700e+00 4.388689736432053734e-01 7.917571216677989077e-02 8.950559951428874728e-01 2.928004656690710306e+01
8.939157880219830155e-01 7.565995734464968717e-03 -4.481710784743828113e-01 -9.541624699088220751e+00 -3.989289939551618480e-02 9.972326340097464881e-01 -6.273460218137510980e-02 -1.990752087542109194e+00 4.464561829976883001e-01 7.395829536320736031e-02 8.917438259924997945e-01 3.007623448232715546e+01
8.901009774927253204e-01 7.437494365709138543e-03 -4.557026764972501032e-01 -9.962678280981085877e+00 -3.819204138448657748e-02 9.975672683301544108e-01 -5.831734902808474036e-02 -2.063014265059519570e+00 4.541603470035589507e-01 6.931254507759643246e-02 8.882196543734589556e-01 3.088211198713157302e+01
8.863615787916856448e-01 6.371065658308569524e-03 -4.629498427118366455e-01 -1.040510410739233649e+01 -3.657697636583968903e-02 9.977437134507479710e-01 -5.629926405759157204e-02 -2.128598297530222894e+00 4.615466168256343038e-01 6.683481022498892477e-02 8.845947280378697597e-01 3.169604040415653401e+01
8.832907189168711648e-01 6.509432420689324414e-03 -4.687804696955924499e-01 -1.085757117277690043e+01 -3.670596411713523272e-02 9.977944576361988949e-01 -5.530725606812087608e-02 -2.192997880583046566e+00 4.673865436911812110e-01 6.605942525553774869e-02 8.815815194541614108e-01 3.251101984098711029e+01
8.800857507718153894e-01 6.821724420609399236e-03 -4.747657642079368134e-01 -1.129407154814656344e+01 -3.654099539778039168e-02 9.979044823648116624e-01 -5.339849995671511196e-02 -2.245013389530269965e+00 4.734066224577731519e-01 6.434367269056628924e-02 8.784907888146211707e-01 3.333243282776817296e+01
8.771232149987541193e-01 5.529231544813327168e-03 -4.802335772468935282e-01 -1.177414121272670933e+01 -3.475251751454830340e-02 9.980431171214025898e-01 -5.198267938081756190e-02 -2.306513689766104935e+00 4.790064003428343153e-01 6.228454080534532450e-02 8.755989429745102415e-01 3.418056114811452062e+01
8.745621900464990439e-01 4.558232650544610971e-03 -4.848919401088174208e-01 -1.225764105908865709e+01 -3.387743877491730671e-02 9.980868713386370494e-01 -5.171959458594357906e-02 -2.368823509660227256e+00 4.837285378098541422e-01 6.165889905196959841e-02 8.730434619703019150e-01 3.501676650283597070e+01
8.725627138734435295e-01 4.315356265474331980e-03 -4.884830430232695031e-01 -1.272903646238291131e+01 -3.411225684353420828e-02 9.980582184407706947e-01 -5.211666333150313801e-02 -2.430443813701864020e+00 4.873096220642426646e-01 6.213831635244202595e-02 8.710155949008004939e-01 3.584611928293786320e+01
8.708516650782862634e-01 4.245576666968780589e-03 -4.915275655730984572e-01 -1.322108844368970004e+01 -3.450433117384602011e-02 9.980240320959707923e-01 -5.251173726673642045e-02 -2.484340779634864660e+00 4.903333887004396319e-01 6.268976387155432428e-02 8.692773815995517017e-01 3.670485983234695482e+01
8.703212220918634667e-01 4.463081463645558397e-03 -4.924642590811779685e-01 -1.372366083231010414e+01 -3.436823689488952699e-02 9.980714719216771114e-01 -5.169295204084432827e-02 -2.550428804298088714e+00 4.912838265184786835e-01 6.191460163704601977e-02 8.687961720977049884e-01 3.759297971161635843e+01
8.701237327904288721e-01 3.916547713645830188e-03 -4.928177609171495721e-01 -1.423457973226078366e+01 -3.298431167870166658e-02 9.981891039565968793e-01 -5.030455232692276207e-02 -2.606788096186797077e+00 4.917283074585915847e-01 6.002643958154254417e-02 8.686772144756261804e-01 3.847361128780197248e+01
8.699425452169613493e-01 2.823803840574584494e-03 -4.931449982872050386e-01 -1.474801437827742490e+01 -3.143511175778274103e-02 9.982675036643416933e-01 -4.973756058095043370e-02 -2.666297013455762865e+00 4.921501857329917962e-01 5.877088827508446245e-02 8.685241402148549117e-01 3.935892070108823049e+01
8.694037216577847893e-01 1.750822016199702572e-03 -4.940992800609977920e-01 -1.526727756374047118e+01 -3.052004422301876282e-02 9.982745164610044020e-01 -5.016489548158688250e-02 -2.731494870605839509e+00 4.931588985636441991e-01 5.869347880191762290e-02 8.679570156944301784e-01 4.026265046008598603e+01
8.681970132079068758e-01 -1.571970128102514552e-04 -4.962196254459247946e-01 -1.580169021527499673e+01 -2.874628985159426858e-02 9.983046310583879590e-01 -5.061140658086946825e-02 -2.790697617158220734e+00 4.953863145863098283e-01 5.820514530143271192e-02 8.667205808104233578e-01 4.118897528976712863e+01
8.667472400352453921e-01 -1.213331442033487506e-03 -4.987461727229600683e-01 -1.633009477839598844e+01 -2.687163831843585385e-02 9.984309519394354293e-01 -4.912788728311601877e-02 -2.852671117277925550e+00 4.980232329858817475e-01 5.598358754611276744e-02 8.653546684444164416e-01 4.209129844084849736e+01
8.647762190937591242e-01 -5.521796551863683480e-04 -5.021571278119786319e-01 -1.687925648544145574e+01 -2.578919720475441810e-02 9.986309290310011466e-01 -4.551027285624636987e-02 -2.921227320988474929e+00 5.014947775445760536e-01 5.230643091879606105e-02 8.635780395019161393e-01 4.303621839367070123e+01
8.617945132057489577e-01 -6.199566763418209395e-04 -5.072571612051617329e-01 -1.742452334986587204e+01 -2.337618769402625973e-02 9.988883085332773692e-01 -4.093532663381544562e-02 -2.980835686266132711e+00 5.067186346036955946e-01 4.713557847811532947e-02 8.608219720784147100e-01 4.393718127328070011e+01
8.579485566514216677e-01 -2.161760625911913862e-03 -5.137310539038943968e-01 -1.796441963639012229e+01 -2.081643967624428188e-02 9.990236078143216458e-01 -3.896802415108540502e-02 -3.043091741744543555e+00 5.133136993019455918e-01 4.412661151645790036e-02 8.570658629377222448e-01 4.482255464910605269e+01
8.527473652190878939e-01 -4.925096417753299302e-03 -5.223003630051262780e-01 -1.852749048877482707e+01 -1.915298563741222454e-02 9.989882028969844230e-01 -4.069070712882541518e-02 -3.109094669238628317e+00 5.219723156607068981e-01 4.470250459090564787e-02 8.517902283286507004e-01 4.574451947140179442e+01
8.469501938204864189e-01 -7.912237533155423372e-03 -5.316133558987851115e-01 -1.910099111332762689e+01 -1.818601259711676715e-02 9.988730235290175230e-01 -4.384007117681332222e-02 -3.169685989278518967e+00 5.313611223661355298e-01 4.679828392760758404e-02 8.458518095653346780e-01 4.662826061976178948e+01
8.406681277450902545e-01 -8.259782192324979094e-03 -5.414876446299747847e-01 -1.969690483926017421e+01 -1.825356805199160326e-02 9.988833554740298437e-01 -4.357578960369713761e-02 -3.229252363483978261e+00 5.412429312725524078e-01 4.651685898102634470e-02 8.395786305365003921e-01 4.753347868281105804e+01
8.350581851683294143e-01 -4.661572971061984406e-03 -5.501418828281504636e-01 -2.029234822883437417e+01 -1.990079308542471934e-02 9.990537419707331557e-01 -3.867271808808726147e-02 -3.274138855338186715e+00 5.498015918286884851e-01 4.324222946930492834e-02 8.341752364202620340e-01 4.839370257307200518e+01
8.297829885036110964e-01 -9.093564318497571793e-04 -5.580854406083123331e-01 -2.088096734608765104e+01 -2.160383197142700523e-02 9.991967994795624142e-01 -3.374952437202630856e-02 -3.344323784784053455e+00 5.576678860551758099e-01 4.006156514935253071e-02 8.290968615674950692e-01 4.928184203696828547e+01
8.258616856646511240e-01 -7.793591730696078834e-04 -5.638722041316224232e-01 -2.150743146875543488e+01 -2.292132498340896524e-02 9.991260996823545515e-01 -3.495210778226208459e-02 -3.390785690726872303e+00 5.634066859928789084e-01 4.179030457225697132e-02 8.251221017137733149e-01 5.017034391853619724e+01
8.221923158520846320e-01 -2.501242950643191645e-03 -5.692042983620390073e-01 -2.213098911562646265e+01 -2.413677366706452193e-02 9.989376980119942795e-01 -3.925419330737334872e-02 -3.441742844415855540e+00 5.686978255797853210e-01 4.601325133934498768e-02 8.212585281754483102e-01 5.104746250307461963e+01
8.193111749815513711e-01 -4.547981855692505120e-03 -5.733310632316743760e-01 -2.273638616471738416e+01 -2.656486860723408783e-02 9.985935135841685906e-01 -4.588357473356750871e-02 -3.520531512367687021e+00 5.727333684090921695e-01 5.282338986826978777e-02 8.180380091974961410e-01 5.188934878326931965e+01
8.162049207841766130e-01 -5.594130463139361173e-03 -5.777354295506178516e-01 -2.336522463152049767e+01 -2.700099848776373046e-02 9.984912293509182746e-01 -4.781433923641528055e-02 -3.572042786836694628e+00 5.771312488818980402e-01 5.462573241974923860e-02 8.148224084479931406e-01 5.276814068579761852e+01
8.129933559477957594e-01 -4.266546625685589678e-03 -5.822573256176893919e-01 -2.398889064124174553e+01 -2.632700470323235883e-02 9.986811502327863632e-01 -4.407776129064798487e-02 -3.637091626227735741e+00 5.816774855237963893e-01 5.116401837908043232e-02 8.118088152637085164e-01 5.361655041915816611e+01
8.096585894785724991e-01 -2.620172588489321115e-03 -5.868953028874647204e-01 -2.463596017862079890e+01 -2.477616064323259412e-02 9.989459901909408801e-01 -3.864001283322871655e-02 -3.691683216197414907e+00 5.863779630912063778e-01 4.582623049357416323e-02 8.087402843812303566e-01 5.450018694411664200e+01
8.066389095816814958e-01 -9.261191635115518335e-04 -5.910438267465917273e-01 -2.529646608574948274e+01 -2.500640942643137313e-02 9.990498778999998830e-01 -3.569343082348666596e-02 -3.751868334206077016e+00 5.905153294962497412e-01 4.357159391434211465e-02 8.058493460332750713e-01 5.536057202317559245e+01
8.036931001071117020e-01 -6.043601268837385087e-04 -5.950437200639010493e-01 -2.592304148797913044e+01 -2.590584474156443912e-02 9.990158056352933524e-01 -3.600426848860403817e-02 -3.804889113717262905e+00 5.944798511811710817e-01 4.435149226376086662e-02 8.028864542541827021e-01 5.620297354238930865e+01
8.000685516677045195e-01 -1.353768622390786247e-03 -5.999070536668376086e-01 -2.657924145727355025e+01 -2.631112724179975743e-02 9.989560220098377963e-01 -3.734421942175152748e-02 -3.858527651895069521e+00 5.993313296708886462e-01 4.566216625531591827e-02 7.991976793639702370e-01 5.706001410791319017e+01
7.961652784512303072e-01 -3.599992731574656966e-03 -6.050684939989238176e-01 -2.722957065625397988e+01 -2.583800984057818204e-02 9.988679027099784946e-01 -3.994133487518475994e-02 -3.923071232490141114e+00 6.045272965318632119e-01 4.743366960536164051e-02 7.951709260895820641e-01 5.790725407981550887e+01
7.919970106717413305e-01 -4.422699387223632921e-03 -6.105089415317935808e-01 -2.789019278680276415e+01 -2.546113017993244937e-02 9.988645412557111136e-01 -4.026610385061155095e-02 -3.974034600208809387e+00 6.099938292032024423e-01 4.743488141398533031e-02 7.909851246634228561e-01 5.875337663006470024e+01
7.873936078230912017e-01 -4.951387221636056532e-03 -6.164306796950053124e-01 -2.857887090548699049e+01 -2.462650754754207652e-02 9.989168396617784662e-01 -3.948015465930294204e-02 -4.032169638745842555e+00 6.159584785839685717e-01 4.626695608180138308e-02 7.864187997780395234e-01 5.961837748726029673e+01
7.827077351388991300e-01 -4.782105791257444151e-03 -6.223710512492638403e-01 -2.925615377919374538e+01 -2.474441868313496246e-02 9.989407821695691636e-01 -3.879468402846259628e-02 -4.089277603655429694e+00 6.218973557402848185e-01 4.576510901114206470e-02 7.817603475866997664e-01 6.044120543311239402e+01
7.771251223998049129e-01 -5.666111158951707416e-03 -6.293206112803717556e-01 -2.995953619463957907e+01 -2.461838190460956949e-02 9.989204349888715084e-01 -3.939416047909104907e-02 -4.151105442184488403e+00 6.288644413027345559e-01 4.610704680241960868e-02 7.761466756944018774e-01 6.129217064724017661e+01
7.717662379072139922e-01 -7.103638869540199186e-03 -6.358666563518816650e-01 -3.065049785367023816e+01 -2.415204390483765770e-02 9.988886871560577196e-01 -4.047307118409865928e-02 -4.206004516224785661e+00 6.354475266076206053e-01 4.659322915541419530e-02 7.707369976601335937e-01 6.211456903834169196e+01
7.665188946968780614e-01 -8.265435795479645492e-03 -6.421685595093136190e-01 -3.135017132267029538e+01 -2.361893492679482953e-02 9.988779240499102707e-01 -4.104922412613491028e-02 -4.271708519305944307e+00 6.417872984053718532e-01 4.663234318955507968e-02 7.654635823819538887e-01 6.292735954893175432e+01
7.607195043550162294e-01 -9.225009844311465521e-03 -6.490151977508233916e-01 -3.206414020001861331e+01 -2.367685359579877954e-02 9.988391568816276100e-01 -4.194931854223350048e-02 -4.327919685615574608e+00 6.486487869855980248e-01 4.727830249408793845e-02 7.596180100476324082e-01 6.377702652354719248e+01
7.545856224601624751e-01 -1.158015934348928001e-02 -6.560994056930247176e-01 -3.277881414264508209e+01 -2.208685284073870145e-02 9.988295399161888355e-01 -4.303162976872733358e-02 -4.395800036956976520e+00 6.558297919662411379e-01 4.696222001571584426e-02 7.534466417456607834e-01 6.458184784725904137e+01
7.484591131241048467e-01 -1.215109390715867627e-02 -6.630696031357887765e-01 -3.353848203039607512e+01 -2.193767511798193348e-02 9.988313077887414071e-01 -4.306689017377444278e-02 -4.456824163440844089e+00 6.628180001121156684e-01 4.678001181035164324e-02 7.473178289592019574e-01 6.542142268714388820e+01
7.421658636880712479e-01 -1.264098965825929087e-02 -6.700970285694276551e-01 -3.429611261338343553e+01 -2.062135437128829671e-02 9.989180506557983064e-01 -4.168318430118367335e-02 -4.514303330505444301e+00 6.698989457854066520e-01 4.475414459494386765e-02 7.411022044229972350e-01 6.623735311482708710e+01
7.361140912574397621e-01 -1.334182570045614781e-02 -6.767259650146373318e-01 -3.503130538655828730e+01 -1.942133212331632539e-02 9.989777141061162435e-01 -4.082081100639922688e-02 -4.578580009285769137e+00 6.765787934241627166e-01 4.319169372948674507e-02 7.351024571189769263e-01 6.702839579435109840e+01
7.291738646368483012e-01 -1.476559191838970088e-02 -6.841691630265321900e-01 -3.580823204651736091e+01 -1.855263541308390524e-02 9.989731785625963756e-01 -4.133265371263217941e-02 -4.637962671762590361e+00 6.840769563631834416e-01 4.283183168542665370e-02 7.281511935893780763e-01 6.785561340562209409e+01
7.228168014397522434e-01 -1.658199527424088909e-02 -6.908407197333548133e-01 -3.659337443909718246e+01 -1.809452050109950152e-02 9.989151304116499208e-01 -4.290863073796198635e-02 -4.708108918204660931e+00 6.908027702765054956e-01 4.351551059197183990e-02 7.217325971815056196e-01 6.864088870132597719e+01
7.171699824314835547e-01 -1.528140237093090874e-02 -6.967307126501710579e-01 -3.738214066622183651e+01 -2.052230886693044015e-02 9.988628762833580144e-01 -4.303242099077508181e-02 -4.767228641055799798e+00 6.965960513896226614e-01 4.516008329904575014e-02 7.160408627452611308e-01 6.943182426468185042e+01
7.115441680217917675e-01 -1.584354992256147357e-02 -7.024627176231383885e-01 -3.819912186636678797e+01 -1.937233582340430749e-02 9.989233478143171308e-01 -4.215279147004438731e-02 -4.826270396272085428e+00 7.023742715772945955e-01 4.360191639790964718e-02 7.104711568457248161e-01 7.025242547707334495e+01
7.069114047956484015e-01 -1.510183690119725614e-02 -7.071408565112267119e-01 -3.900297930119775458e+01 -2.074429670441376578e-02 9.988992782600640830e-01 -4.207025173925724865e-02 -4.886954683210707806e+00 7.069978414749941154e-01 4.440908029183779360e-02 7.058200160425543990e-01 7.104967967969608367e+01
7.020797670919948219e-01 -1.554797764206769864e-02 -7.119285438647345865e-01 -3.982513177023506046e+01 -2.105475176232016188e-02 9.988712656959479741e-01 -4.257806983961637953e-02 -4.955828506061180860e+00 7.117869808531497311e-01 4.488267991600061735e-02 7.009599477554919744e-01 7.183963075926594399e+01
6.966158446887813493e-01 -1.779413929559803959e-02 -7.172236219927227152e-01 -4.065099681644035456e+01 -2.092026896859692717e-02 9.987634808088938776e-01 -4.509824589842119369e-02 -5.028211683331865522e+00 7.171392580605034928e-01 4.642066355075981365e-02 6.953822086453699258e-01 7.263823528703338184e+01
6.915730357260325700e-01 -1.984536389626247871e-02 -7.220338552170774138e-01 -4.148806615655464469e+01 -2.080735625060964669e-02 9.986602879710604341e-01 -4.737808763656832511e-02 -5.088404404677878468e+00 7.220067856199362533e-01 4.778902336179183252e-02 6.902335984585824535e-01 7.341674804674580912e+01
6.867740136803033302e-01 -2.029583151349967016e-02 -7.265875883430491511e-01 -4.234633611323203439e+01 -2.181024431426214702e-02 9.985846083476944690e-01 -4.850869250199047605e-02 -5.151171385475922904e+00 7.265437191170664999e-01 4.916156209225954615e-02 6.853593034404839024e-01 7.419848531049767359e+01
6.817753624941469415e-01 -2.006472667205482993e-02 -7.312863679152640239e-01 -4.320196418569771168e+01 -2.117201995696179825e-02 9.986639136071453482e-01 -4.713950851944137543e-02 -5.229938067553618453e+00 7.312551601181020988e-01 4.762136489305460879e-02 6.804396419327513046e-01 7.498656034522795721e+01
6.768567073514071275e-01 -2.019041161447453561e-02 -7.358378455450608202e-01 -4.406912565908974244e+01 -2.061736115160507296e-02 9.987116322304857574e-01 -4.636809355091200957e-02 -5.300074902314693581e+00 7.358260193704569962e-01 4.655558953289567342e-02 6.755683950005675342e-01 7.576907031498657830e+01
6.716683632302493656e-01 -2.087206129443603189e-02 -7.405578685812567175e-01 -4.492828587084623138e+01 -2.002946370596930467e-02 9.987260785637788185e-01 -4.631458314468129417e-02 -5.371260935358802335e+00 7.405811496335202859e-01 4.594101699161597802e-02 6.703946553404027675e-01 7.653251591122345587e+01
6.668742047824960384e-01 -2.175191242678398140e-02 -7.448527633144186311e-01 -4.581092334367669849e+01 -1.936006366764609493e-02 9.987307023606346590e-01 -4.649916264845284364e-02 -5.431802569404864833e+00 7.449187820273599492e-01 4.542948881365391212e-02 6.656066255555018740e-01 7.730926746108362124e+01
6.622400248587747562e-01 -2.265319146415319118e-02 -7.489492452781334464e-01 -4.671315605369674984e+01 -1.826162395768866561e-02 9.987580246594880418e-01 -4.635645905746725581e-02 -5.507644624693934787e+00 7.490692034530515020e-01 4.437613184547034573e-02 6.610038560567218502e-01 7.809743149382447314e+01
6.584062104807821836e-01 -2.322956975282737882e-02 -7.523042194581409658e-01 -4.758967768607116966e+01 -1.733384871128820087e-02 9.987905363736920838e-01 -4.601089180854828209e-02 -5.575837022040316171e+00 7.524631610755182498e-01 4.333418419577425573e-02 6.572072353173132875e-01 7.886774420842947109e+01
6.544037866585064034e-01 -2.601133394667739032e-02 -7.556977464254720500e-01 -4.851016691406810111e+01 -1.450670486148421083e-02 9.987923225598788202e-01 -4.694094085759977636e-02 -5.647600684216071087e+00 7.560061168432503642e-01 4.168101335662419138e-02 6.532361402761240887e-01 7.963891743866696515e+01
6.502093721671416970e-01 -3.024593954430654374e-02 -7.591527809599615262e-01 -4.940767566563663848e+01 -1.171032407109693155e-02 9.986895937681476987e-01 -4.981930971616328752e-02 -5.731625430379482466e+00 7.596648273679318386e-01 4.128290691144116675e-02 6.490031450567936844e-01 8.042650494914748549e+01
6.455755624899880418e-01 -3.451914228818910024e-02 -7.629158611457848016e-01 -5.031457972235620701e+01 -7.849642594592811176e-03 9.986252558651713684e-01 -5.182645522452773712e-02 -5.798389084210856304e+00 7.636560650069960099e-01 3.944650954066120097e-02 6.444170994045056444e-01 8.118412097281061790e+01
6.389578231753841875e-01 -3.851888537547033114e-02 -7.682767631460644120e-01 -5.124668356204819730e+01 -2.066830989069914915e-03 9.986559479090676428e-01 -5.178827961751295006e-02 -5.875712213211336632e+00 7.692389992488664063e-01 3.467842430463794617e-02 6.380194196216327773e-01 8.194438370232671787e+01
6.307516773319361558e-01 -4.208852163654133727e-02 -7.748424787241627865e-01 -5.217180690931595421e+01 2.648361714957504342e-03 9.986389343345439817e-01 -5.208901028404532701e-02 -5.958013254483717880e+00 7.759802300738837255e-01 3.080316708492157954e-02 6.300046495900153420e-01 8.270121928960163871e+01
6.216714105833356374e-01 -4.305583288502130845e-02 -7.820938826454825188e-01 -5.310871561095437698e+01 5.112543149596385401e-03 9.986898525552811989e-01 -5.091601204853269530e-02 -6.040522081166386670e+00 7.832614691861746747e-01 2.765453990885318597e-02 6.210770552676133649e-01 8.344510107841128388e+01
6.129062869020664994e-01 -4.227309469605953357e-02 -7.890239904518007164e-01 -5.407596102231992319e+01 6.658016161380519299e-03 9.988087127428868506e-01 -4.834072967981849905e-02 -6.108323949453888346e+00 7.901275621286724116e-01 2.437500221734887826e-02 6.124575955014982531e-01 8.419849139425421924e+01
6.041419507698195801e-01 -4.201926036785982865e-02 -7.957681028189258488e-01 -5.506873566883098903e+01 6.266432637017612002e-03 9.988284426130701332e-01 -4.798410180875397474e-02 -6.191520852198354241e+00 7.968520850627681673e-01 2.400258121607692224e-02 6.036974757798718727e-01 8.493388827621303960e+01
5.945683060561031130e-01 -4.289279317733120378e-02 -8.029001967365592130e-01 -5.605357244121925930e+01 4.435872207266782288e-03 9.987358644613448799e-01 -5.006991167899507017e-02 -6.255170213754397857e+00 8.040328743275076961e-01 2.620841947309932030e-02 5.940069591996837151e-01 8.563818062536378761e+01
5.844638945035063315e-01 -4.509085258708908639e-02 -8.101658836493969007e-01 -5.705652259958736749e+01 5.597347843420898139e-03 9.986550657749685422e-01 -5.154346976128904023e-02 -6.347754446199906475e+00 8.114004168472209733e-01 2.559051637100117141e-02 5.839302193254407580e-01 8.635763380380099363e+01
5.745119279900885445e-01 -4.609500528261674390e-02 -8.171972117466682617e-01 -5.804050578133914939e+01 4.800302033433224286e-03 9.985855373520174938e-01 -5.295169183404171281e-02 -6.411098201371533634e+00 8.184821394769491443e-01 2.649858469194588118e-02 5.739205734148422611e-01 8.705610874361406104e+01
5.645158665265341824e-01 -4.752070423492634615e-02 -8.240531577032373933e-01 -5.906769863825141442e+01 8.399979226190618445e-03 9.986204337383567387e-01 -5.183309406021274768e-02 -6.496377925401112030e+00 8.253794811728080161e-01 2.233857412288435887e-02 5.641362535616379903e-01 8.774286453308333478e+01
5.541993339814220709e-01 -4.757080990182891572e-02 -8.310235277520625630e-01 -6.010388177900749440e+01 9.980929103080814213e-03 9.986736024137388146e-01 -5.051155179784663080e-02 -6.578966591869704672e+00 8.323241499734083115e-01 1.969908094239455204e-02 5.539390473640541934e-01 8.844089275434620845e+01
5.437607860549343863e-01 -4.793872955492305826e-02 -8.378699618576725960e-01 -6.115971690442012232e+01 1.016029087872546456e-02 9.986700971205599853e-01 -5.054508457756767131e-02 -6.663087382093759281e+00 8.391787578363532063e-01 1.897143186955999733e-02 5.435247096266871969e-01 8.912079302497144795e+01
5.333935247761902865e-01 -4.877062760911601846e-02 -8.444600408838612848e-01 -6.220063334073643802e+01 9.099186538331078059e-03 9.986094850524419586e-01 -5.192591970261631329e-02 -6.741217868105900735e+00 8.458182808949745723e-01 2.001304938582932832e-02 5.330956073245188831e-01 8.976762857820186525e+01
5.231533403083503675e-01 -4.945919693909189840e-02 -8.508021845428053176e-01 -6.328604895956843990e+01 8.376807222946211842e-03 9.985647777239653466e-01 -5.289814514426519065e-02 -6.818028142731930252e+00 8.521974088108108525e-01 2.054683492869994674e-02 5.228168103267459843e-01 9.041501487636752188e+01
5.134820299403234367e-01 -4.970329529912215910e-02 -8.566596605761415129e-01 -6.434986377646271194e+01 6.304256937029587005e-03 9.985126499879893869e-01 -5.415481632370578585e-02 -6.904906514073544166e+00 8.580771954844480520e-01 2.240692190707027284e-02 5.130316459770479787e-01 9.105164838463606714e+01
