1.000000000000000000e+00 -3.306050084167601550e-19 -2.270457535318767223e-19 -8.673617379884035472e-19 7.546676715296109287e-19 1.000000000000000000e+00 6.237773588823049983e-19 1.387778780781445676e-17 -3.447385680526250622e-20 4.770700176052009879e-20 1.000000000000000222e+00 5.551115123125782702e-17
9.999442262672977311e-01 -2.731731266927790031e-03 1.019938786851696221e-02 1.501622056733030279e-02 2.718509923085656119e-03 9.999954609335088840e-01 1.309899456290737618e-03 4.474523376127401142e-03 -1.020292064040684288e-02 -1.282105283088581836e-03 9.999471235787652512e-01 3.053143568676447428e-01
9.998358945942958931e-01 -4.764106136949115833e-03 1.748525799920026824e-02 2.877686280045700651e-02 4.739773052303081213e-03 9.999877510064748565e-01 1.432957505963783351e-03 -8.133148216971322619e-03 -1.749187453367939682e-02 -1.349854526541613637e-03 9.998462042718188059e-01 5.858261254984338251e-01
9.997780945102808792e-01 -7.383237232225223386e-03 1.972717739152875585e-02 3.517281152034734681e-02 7.368861488772175498e-03 9.999725466014681707e-01 8.010860136244272230e-04 -1.841268989306273085e-02 -1.973255273158491113e-02 -6.555139513846573989e-04 9.998050062614507461e-01 8.900042528901217498e-01
9.997940932972094741e-01 -8.809506121683101029e-03 1.828694610020037067e-02 4.174191145417298354e-02 8.822809645817459440e-03 9.999608341639556475e-01 -6.473550994726374411e-04 -1.654943061072300381e-02 -1.828052899264689946e-02 8.085298287644916010e-04 9.998326680016341728e-01 1.197414299573093199e+00
9.998855764602576635e-01 -1.119722829373304834e-02 1.016559251813146762e-02 4.821866665459478146e-02 1.122005408634605371e-02 9.999346457607191097e-01 -2.191148114327269407e-03 -1.018165842904410201e-02 -1.014040074641714764e-02 2.304988097501401486e-03 9.999458891529250382e-01 1.518470895530112053e+00
9.999197599670167635e-01 -1.253108003086774239e-02 -1.845012744909109263e-03 3.331187603526696017e-02 1.252457976220558433e-02 9.999154406196205658e-01 -3.492953865289621235e-03 -2.234513423789193098e-02 1.888635406239639637e-03 3.469559804054678405e-03 9.999921843620936945e-01 1.834824625214391158e+00
9.997960944473028855e-01 -1.209462101492171648e-02 -1.617458228515732122e-02 1.606424118146880173e-02 1.202622002443006974e-02 9.999183207636812565e-01 -4.321124919182866946e-03 -2.836468943112425978e-02 1.622553758061906493e-02 4.125729897689011522e-03 9.998599480206750156e-01 2.170293631484965680e+00
9.993382565386131899e-01 -7.608552525830111421e-03 -3.556828597913121864e-02 -1.603330011336387070e-02 7.463912928576889490e-03 9.999633323784958838e-01 -4.198739551556378638e-03 -3.371244935642533913e-02 3.559891779046520099e-02 3.930522883489230221e-03 9.993583794590510383e-01 2.521569890355676247e+00
9.984524099038259992e-01 -3.538277559669794712e-03 -5.550244672966014869e-02 -6.748813828251762348e-02 3.264119699493254773e-03 9.999820175620012241e-01 -5.030276721857649368e-03 -3.666294225017040220e-02 5.551925523308913479e-02 4.841307087977238764e-03 9.984459846359184931e-01 2.873018887476511019e+00
9.970974824930377567e-01 -2.847314918322243864e-03 -7.607621679218554145e-02 -1.123562045850768076e-01 2.436132843509579166e-03 9.999819138487280323e-01 -5.496517866078600573e-03 -4.105937055708555605e-02 7.609050127162621247e-02 5.295216598928063553e-03 9.970863818183295368e-01 3.233690577811874078e+00
9.953865589913165612e-01 -4.616319400333958496e-03 -9.583778688030983317e-02 -1.649664238594435450e-01 4.194306194822501957e-03 9.999805855632342144e-01 -4.605082164959214616e-03 -4.345108946474171563e-02 9.585720603665348616e-02 4.181707348103215309e-03 9.953866253200224223e-01 3.611215459911585768e+00
9.930864690457932298e-01 -6.042439789491149682e-03 -1.172120744315830188e-01 -2.240102789147069007e-01 5.631449661319059587e-03 9.999767910508403634e-01 -3.836457536524928366e-03 -5.054957889184709396e-02 1.172325529302094549e-01 3.149572446379782318e-03 9.930974354561926676e-01 3.999746640629686212e+00
9.910451603868689618e-01 -5.287675575523208445e-03 -1.333940758239915425e-01 -3.020369067340626934e-01 4.925181608570293815e-03 9.999832204337573138e-01 -3.047418366089840389e-03 -5.631346887988827876e-02 1.334079676647137724e-01 2.363002380540980569e-03 9.910545821691809643e-01 4.396257870058980721e+00
9.887798629143357276e-01 -3.480303135022431299e-03 -1.493353792470892283e-01 -3.801976673864640999e-01 3.212610921718189478e-03 9.999927850201421053e-01 -2.034210774364962181e-03 -6.299801129575170744e-02 1.493413892006388577e-01 1.531790672028783854e-03 9.887838787264416895e-01 4.814044393227298713e+00
9.867615346258384879e-01 -2.550537035602343412e-03 -1.621952814486541661e-01 -4.683759366256878276e-01 2.202989798414146244e-03 9.999948666309048662e-01 -2.321869826830453773e-03 -6.859343820276236903e-02 1.622003977877451153e-01 1.933891604609890664e-03 9.867620895345776688e-01 5.236984287366614588e+00
9.847160150999283434e-01 -3.852316136291417115e-03 -1.741428848724195511e-01 -5.588880206565469688e-01 3.351641335608349960e-03 9.999893774854446971e-01 -3.167688079700102521e-03 -7.517397820803729813e-02 1.741532582663836981e-01 2.535609892575504693e-03 9.847184975284577479e-01 5.674688217855426764e+00
9.829078691759265407e-01 -6.793528268021060273e-03 -1.839334748515361884e-01 -6.460740095192047949e-01 6.003736252789913103e-03 9.999702248399882087e-01 -4.849757343844430038e-03 -8.874533136737469685e-02 1.839609487302542590e-01 3.662634736141444358e-03 9.829193899051366090e-01 6.128455182461338246e+00
9.814517544128550375e-01 -5.729106111409993513e-03 -1.916150523829986685e-01 -7.408781643457085231e-01 4.606702963585558412e-03 9.999695133094329558e-01 -6.302191787783590488e-03 -9.513779395908804337e-02 1.916453357646078492e-01 5.302415895749477623e-03 9.814482572334617405e-01 6.586905999045986171e+00
9.797478487410565817e-01 -4.981808498596989113e-03 -2.001955950124405248e-01 -8.507571522485528615e-01 3.364257104996654871e-03 9.999588950064868254e-01 -8.418080370834420123e-03 -9.408925731472933540e-02 2.002293278986526648e-01 7.574092576252903185e-03 9.797243084604037033e-01 7.067928829907871524e+00
9.784794272760456435e-01 -6.091780332861167213e-03 -2.062953868294490067e-01 -9.634370186337902764e-01 3.936670749202978922e-03 9.999333075081958677e-01 -1.085812436008113183e-02 -1.014514067471582737e-01 2.063477950829966934e-01 9.812429281181559923e-03 9.784381515606684898e-01 7.554760720117546846e+00
9.766984327287316914e-01 -1.041255037315488852e-02 -2.143741169726534057e-01 -1.079129324681635360e+00 7.811373676221928207e-03 9.998853062581966045e-01 -1.297503743323403548e-02 -1.098761980932623089e-01 2.144846731451756916e-01 1.099837854294273727e-02 9.766677420692854161e-01 8.057221206244047806e+00
9.748597785619022016e-01 -1.560009753000648515e-02 -2.222808410119024303e-01 -1.193800604454918757e+00 1.279759637814153160e-02 9.998194614023548921e-01 -1.404419786933666821e-02 -1.242547157968148380e-01 2.224598472272069083e-01 1.084649268196479117e-02 9.748835480453866831e-01 8.570891974486638532e+00
9.732517944980262348e-01 -1.641614741935829708e-02 -2.291556363201677771e-01 -1.325228032806656797e+00 1.328798658450784480e-02 9.997963615386273872e-01 -1.518467711529672588e-02 -1.459657025173569100e-01 2.293583812386045251e-01 1.173279801689421260e-02 9.732718412739850278e-01 9.100969552890809666e+00
9.707760762209020067e-01 -1.203045150292245645e-02 -2.397115877542194129e-01 -1.481775796859662764e+00 7.511883165127019278e-03 9.997765750149475439e-01 -1.975964724779865136e-02 -1.497623855964377859e-01 2.398957806143245941e-01 1.738156494785997666e-02 9.706495720650845094e-01 9.635061452453804520e+00
9.688765651834968518e-01 -1.000102237050935240e-02 -2.473527535133923372e-01 -1.631974532694284052e+00 4.288800687199862717e-03 9.997117792156352545e-01 -2.361810361411093712e-02 -1.590556496286290034e-01 2.475176929003704285e-01 2.182248125007385520e-02 9.686402756532058733e-01 1.018229039783882861e+01
9.664594659224025053e-01 -1.280635417932070134e-02 -2.564992534636809651e-01 -1.787308648415486090e+00 6.470494509209080529e-03 9.996531155994811124e-01 -2.552568152165144919e-02 -1.799381332125198074e-01 2.567372587737206113e-01 2.300979714507619261e-02 9.662069999867533010e-01 1.074358589266729069e+01
9.643198696518612278e-01 -1.460848250594925547e-02 -2.643554144457986310e-01 -1.948324135136580537e+00 7.691803788010084797e-03 9.996008483087922558e-01 -2.718552765309679292e-02 -2.094092304006618666e-01 2.646469600884800988e-01 2.418286707996479892e-02 9.640474264561559314e-01 1.131258842398958286e+01
9.623135791105545955e-01 -1.388713753067451553e-02 -2.715129483726284043e-01 -2.126672422608913759e+00 6.022697594604598664e-03 9.995386546709401632e-01 -2.976873817229508043e-02 -2.270712009696788103e-01 2.718009712590618854e-01 2.701218485501015107e-02 9.619533010581355903e-01 1.189654722597435565e+01
9.596201347808170912e-01 -1.390782870323231148e-02 -2.808874096050130720e-01 -2.317587986575679881e+00 4.650249171194559793e-03 9.994249500486854787e-01 -3.359162781379804869e-02 -2.502151325920598524e-01 2.811929735891396942e-01 3.092916310565104604e-02 9.591329966829487130e-01 1.248542637196029936e+01
9.578193828911112373e-01 -1.485012951158377892e-02 -2.869629923360055290e-01 -2.507399227735818581e+00 3.910215580093887727e-03 9.992449310538229490e-01 -3.865953348395963218e-02 -2.771770877146877421e-01 2.873204855229273269e-01 3.590639821729229436e-02 9.571542906197331169e-01 1.309061844494339688e+01
9.557945495464856833e-01 -1.600113497349623867e-02 -2.935092577529103686e-01 -2.707981270270804597e+00 2.550315791796215880e-03 9.989317500283718676e-01 -4.614331463587599547e-02 -3.156616480955346526e-01 2.939338402641099024e-01 4.335542256910963899e-02 9.548142940492576614e-01 1.370286471764555181e+01
9.544683389270509632e-01 -1.645226467731039990e-02 -2.978487353222751266e-01 -2.911066087468024310e+00 2.600559579139676870e-04 9.985235077101339840e-01 -5.432112959692980692e-02 -3.516298063691878917e-01 2.983026634804119559e-01 5.177044865689318237e-02 9.530634845929789600e-01 1.432685455578049449e+01
9.536130344780434642e-01 -1.609698946406526096e-02 -3.006481424248964029e-01 -3.123771868479994218e+00 -2.993938891857224598e-03 9.980127604898590965e-01 -6.291938122112779308e-02 -3.914558633700839230e-01 3.010638885391300756e-01 6.090026699950722155e-02 9.516699008138055360e-01 1.497025305135033157e+01
9.519914818326926653e-01 -1.589129619655973991e-02 -3.057570174895477555e-01 -3.350098484773702090e+00 -6.489526800295910940e-03 9.973797423252049876e-01 -7.205233426485987969e-02 -4.335653719998193711e-01 3.061008853595315604e-01 7.057758048005205453e-02 9.493939225744330024e-01 1.561349254092422356e+01
9.509951238212488445e-01 -1.523515937366862888e-02 -3.088186186149589063e-01 -3.568797898069761665e+00 -9.807752717997643421e-03 9.967965344550147044e-01 -7.939507835370911148e-02 -4.940016577642495910e-01 3.090384604926685319e-01 7.853457917108676301e-02 9.477994219124880049e-01 1.626818838253671373e+01
9.493307847525603860e-01 -1.363367437616457532e-02 -3.139639797805419130e-01 -3.811570412880553427e+00 -1.398656216919789107e-02 9.962359718566188294e-01 -8.553591995373623080e-02 -5.517377614486679294e-01 3.139486610589070081e-01 8.559207606246593825e-02 9.455669094293341903e-01 1.693564775090395358e+01
9.476696117938412378e-01 -1.226790897401754468e-02 -3.190463853102423752e-01 -4.050418975549573197e+00 -1.794060352325488675e-02 9.956358847892716746e-01 -9.157956919603478518e-02 -6.211231516165186539e-01 3.187774144524625486e-01 9.251149377927110617e-02 9.433140116833363953e-01 1.761095611868255872e+01
9.461779464119989269e-01 -1.064851143809411073e-02 -3.235057775229013832e-01 -4.304438581012902887e+00 -2.179584996395084184e-02 9.950930699032177751e-01 -9.651187818490378212e-02 -6.905469386534306420e-01 3.229459119489879182e-01 9.836890563973293977e-02 9.413031247103267329e-01 1.829392354730602221e+01
9.447314967613597014e-01 -7.261076657927725310e-03 -3.277837300559427458e-01 -4.571417091124438947e+00 -2.699710876747908952e-02 9.946363059658179795e-01 -9.984879946028227260e-02 -7.664036042981545727e-01 3.267512646436112611e-01 1.031770850444473780e-01 9.394681733966324666e-01 1.899425788890811972e+01
9.434104344523470687e-01 -6.523148764670153900e-03 -3.316240737698918917e-01 -4.835920275637392685e+00 -2.871334908693422977e-02 9.944452047296402641e-01 -1.012542639291087038e-01 -8.439948118286058065e-01 3.304426107143471070e-01 1.050447811162222023e-01 9.379827001467787584e-01 1.970620069941748653e+01
9.407912060084406836e-01 -6.394105353597537289e-03 -3.389594821748683762e-01 -5.111648061184595804e+00 -2.955325882682039926e-02 9.944681872701061076e-01 -1.008027026433008372e-01 -9.324336213926098793e-01 3.377292291495141430e-01 1.048506363485803422e-01 9.353981103263423469e-01 2.043195389839918619e+01
9.383766124909898032e-01 -6.328251748451364268e-03 -3.455902539480464331e-01 -5.390134668731481504e+00 -2.982214664792882941e-02 9.946206581326760832e-01 -9.918444416835374422e-02 -1.012046495385183986e+00 3.443588481021225278e-01 1.033777268501859248e-01 9.331401743493263901e-01 2.116130839241660055e+01
9.366135813903693208e-01 -6.333785414529188515e-03 -3.503925296908976250e-01 -5.678327259295825158e+00 -2.971927083856432117e-02 9.947970205353725559e-01 -9.744894935663057922e-02 -1.097560342285458290e+00 3.491873186077857349e-01 1.016819616605623144e-01 9.315520612479341045e-01 2.189776211603508926e+01
9.336746560076615298e-01 -5.659858639470037936e-03 -3.581078581223819390e-01 -5.972075158678916473e+00 -3.000647780268402703e-02 9.951227690518315017e-01 -9.396556657085085307e-02 -1.180741391741284341e+00 3.568935204308358866e-01 9.847666220233176892e-02 9.289511429985211066e-01 2.263475983910574740e+01
9.291892742371629099e-01 -2.822948586068686240e-03 -3.695833525951996434e-01 -6.292194565175596388e+00 -3.212812280156794598e-02 9.955687606985700322e-01 -8.838949967206721769e-02 -1.256373508751914558e+00 3.681946016523546805e-01 9.400768516560489840e-02 9.249813973991671823e-01 2.340039778202068277e+01
9.263977298509935565e-01 -2.728265006733625710e-04 -3.765218962081987031e-01 -6.609380802099683372e+00 -3.344965606132693087e-02 9.959868036528335411e-01 -8.303063993049530911e-02 -1.339799791101046855e+00 3.750340452211704534e-01 8.951308727658435771e-02 9.226704505888857488e-01 2.415101584921825406e+01
9.227138882469865244e-01 2.741150465422058456e-03 -3.855743793417967802e-01 -6.948201721980334256e+00 -3.612077475151220102e-02 9.961899561443404716e-01 -7.936978716504085318e-02 -1.417704011221069260e+00 3.838882580974476988e-01 8.715834421115915831e-02 9.192972015986633494e-01 2.490742801716523402e+01
9.196132709606898992e-01 3.100107357625496440e-03 -3.928378773241948396e-01 -7.284229281741621875e+00 -3.657998847270787363e-02 9.962998495921220332e-01 -7.775973227501965790e-02 -1.486103031340945346e+00 3.911439396487377818e-01 8.587392402898838539e-02 9.163235866577291722e-01 2.567156146756798663e+01
9.152021740689945117e-01 5.401366267283541113e-03 -4.029683186784061566e-01 -7.636057580166120573e+00 -3.966867464359044582e-02 9.962616233804371113e-01 -7.673641741459713561e-02 -1.564041609778268782e+00 4.010475295684922115e-01 8.621337407324317081e-02 9.119949337250377042e-01 2.644163372035135140e+01
9.118275663704609180e-01 4.481484472422616640e-03 -4.106144068631291666e-01 -7.999051605560725697e+00 -3.886416328454984914e-02 9.963925431969725688e-01 -7.545095883726915531e-02 -1.631178353900992972e+00 4.087952174070932920e-01 8.475559961342261917e-02 9.087125686552230963e-01 2.721684355917044940e+01
9.079730583879278560e-01 5.744663159405954261e-03 -4.190045313399475835e-01 -8.376611956746113918e+00 -4.044429410803174890e-02 9.964391688543994263e-01 -7.400130361948917268e-02 -1.704581975946277916e+00 4.170879856124607432e-01 8.413635030721799968e-02 9.049719995566842812e-01 2.800312746407102082e+01
9.039816536246930712e-01 5.216282256280958297e-03 -4.275438358227631741e-01 -8.761168742630347950e+00 -3.944389036168600288e-02 9.966789352312009909e-01 -7.123960141987611960e-02 -1.773951287731264648e+00 4.257521435956884703e-01 8.126500348828780140e-02 9.011854385183739602e-01 2.879314935418382504e+01
9.009732613838034032e-01 6.235939426303617646e-03 -4.338100547832843823e-01 -9.152260662761550591e+00 -3.916760569400962871e-02 9.969830824496386246e-01 -6.699023808918648515e-02 -1.851377582939914834e+00 4.320832820984834566e-01 7.734698693385343160e-02 8.984992778859185458e-01 2.959412402474939441e+01
8.968042693743945026e-01 8.104562492363276069e-03 -4.422963983351324013e-01 -9.565742793722408877e+00 -3.934739664482180682e-02 9.973312525006049478e-01 -6.151856515620011262e-02 -1.908613845205392678e+00 4.406174471985460639e-01 7.257869740358725841e-02 8.947298655647285548e-01 3.040209731654799441e+01
8.937362207768592137e-01 7.007261040502284558e-03 -4.485080089627636046e-01 -9.984747934784797607e+00 -3.666866160934170032e-02 9.976730767357819829e-01 -5.749478647417792521e-02 -1.976786429562849445e+00 4.470614992012369449e-01 6.783522045532307254e-02 8.919136328233575606e-01 3.121286521000146408e+01
8.897802497760499696e-01 6.944751046167011062e-03 -4.563961217990998853e-01 -1.041803871126313119e+01 -3.609239585250301197e-02 9.978233232179277712e-01 -5.518433751680455746e-02 -2.041898700568075320e+00 4.550195159206689710e-01 6.557238274775820108e-02 8.880942543451947335e-01 3.204143012721142014e+01
8.862687052511717400e-01 6.803474764309673170e-03 -4.631235368340379521e-01 -1.086481374804986011e+01 -3.584681852116654993e-02 9.979006302058408551e-01 -5.393983387370505228e-02 -2.101876829520073819e+00 4.617846120445519009e-01 6.440391779028560582e-02 8.846517252004889587e-01 3.286800805294119243e+01
8.841879167513069238e-01 6.336021809176921489e-03 -4.671195146749712035e-01 -1.131588997894065152e+01 -3.476297424957474486e-02 9.980279036181951557e-01 -5.225242315558718820e-02 -2.153050689321159172e+00 4.658673103277770067e-01 6.243556864679076363e-02 8.826644195940296367e-01 3.370432445360504659e+01
8.805740499935437171e-01 7.000143498021883619e-03 -4.738565602522068487e-01 -1.178064489711762697e+01 -3.523436071068191539e-02 9.980905516583433723e-01 -5.073153168686598408e-02 -2.219878379762178167e+00 4.725966080812074588e-01 6.136867780696145941e-02 8.791393152792653654e-01 3.454996908571779102e+01
8.780318827521313985e-01 5.459874459117387314e-03 -4.785463237602379794e-01 -1.225630022992346824e+01 -3.348581229303838891e-02 9.981852298654851907e-01 -5.006341689212998741e-02 -2.279248523467504395e+00 4.774045625633210332e-01 5.998555035955576570e-02 8.766212605665877344e-01 3.540412544000209039e+01
8.774428979779766991e-01 4.322879856134815776e-03 -4.796702532606146874e-01 -1.273841990877555652e+01 -3.268474228260752346e-02 9.981741171370668297e-01 -5.079729952155184747e-02 -2.338339732461896858e+00 4.785749274907666884e-01 6.024946029125655828e-02 8.759820582949908729e-01 3.626437461742034429e+01
8.748899961438124651e-01 4.058720466047475821e-03 -4.844443063054269527e-01 -1.324439329568637547e+01 -3.308290523288985596e-02 9.981300425892208894e-01 -5.138287195676476821e-02 -2.393357668497745117e+00 4.833299809741937736e-01 6.097565823527326123e-02 8.733883045820913793e-01 3.713279529441389570e+01
8.761109122555704731e-01 4.522199179710137580e-03 -4.821195220020903505e-01 -1.374346802336495088e+01 -3.281451978020061971e-02 9.981965399647874104e-01 -5.027380643368698637e-02 -2.450417565712205370e+00 4.810230241908296511e-01 5.986209750948277841e-02 8.746790303998817073e-01 3.802418698442887290e+01
8.756301800987162931e-01 5.284982635979425074e-03 -4.828224270877711222e-01 -1.424930297458453943e+01 -3.247980648018965882e-02 9.983208357058631632e-01 -4.797549294996052149e-02 -2.507593713559477688e+00 4.817578824155414052e-01 5.769769611730905107e-02 8.743314763562178848e-01 3.892667389490024021e+01
8.746855537914760559e-01 3.702760520564142826e-03 -4.846437718980545761e-01 -1.476329736850397190e+01 -3.058264740973871965e-02 9.983998057972819362e-01 -4.756779687074359081e-02 -2.569047201072262698e+00 4.836920879293691855e-01 5.643068452607811342e-02 8.733992776716792417e-01 3.983656785193566208e+01
8.748920955106709307e-01 1.865843496324988329e-03 -4.843651259207036874e-01 -1.528260354640991636e+01 -2.884869389122672600e-02 9.984175979962672809e-01 -4.826461029821073334e-02 -2.630417563412841275e+00 4.835084543763515375e-01 5.620068629650190606e-02 8.735617778980911963e-01 4.075909251980419157e+01
8.728950733736581258e-01 -1.207010382621490730e-04 -4.878850931593300411e-01 -1.581004558571379093e+01 -2.702329602732728153e-02 9.984529703443802973e-01 -4.858619626546911013e-02 -2.690809933396506537e+00 4.871363015869648594e-01 5.559415118483219953e-02 8.715414797881263498e-01 4.168990495274292130e+01
8.729155845766499722e-01 -3.678595855588313521e-04 -4.877628890667548012e-01 -1.634064050287462067e+01 -2.542884880058577518e-02 9.986061486440815926e-01 -4.625480109970953740e-02 -2.749407577962298621e+00 4.871001399932626819e-01 5.278050210272547393e-02 8.716894765532859912e-01 4.261967263313404430e+01
8.702246769583097397e-01 -1.034228589072426138e-03 -4.927523202272411917e-01 -1.687828908103705317e+01 -2.296878447923484529e-02 9.988250411732646494e-01 -4.267463473170697574e-02 -2.815436243769476654e+00 4.922176448582831210e-01 4.845372964750840200e-02 8.691786625485100615e-01 4.354303391642779530e+01
8.676250775061118414e-01 -2.170308271792793103e-04 -4.971508055494723299e-01 -1.741874464796413946e+01 -2.142976599681790245e-02 9.990543685239612337e-01 -3.783866323286530498e-02 -2.870729630585630243e+00 4.966889340567544053e-01 4.348532335644110514e-02 8.667999345775322384e-01 4.447902377600649970e+01
8.642342613829109288e-01 -2.077001300344135607e-03 -5.031356487686821088e-01 -1.796784340964687487e+01 -1.903826950807210178e-02 9.991401445953470573e-01 -3.683979402593894059e-02 -2.927054683845795147e+00 5.027797421686204249e-01 4.141593556928191422e-02 8.634516061562943490e-01 4.540403270899496135e+01
8.589732774491104506e-01 -4.481914845845669584e-03 -5.119856393153131568e-01 -1.852420112677070918e+01 -1.765941933341683492e-02 9.991074130092364447e-01 -3.837127642633642727e-02 -2.988318668024648517e+00 5.117005700213324015e-01 4.200135513129461817e-02 8.581275290698517910e-01 4.632550019093074667e+01
8.534707031649154674e-01 -7.532018173652286694e-03 -5.212636635135087237e-01 -1.908656475087546411e+01 -1.655204641633699347e-02 9.989992202122246479e-01 -4.155364011839900867e-02 -3.047683498604871311e+00 5.210551927982638443e-01 4.409095704588329723e-02 8.524919725655482061e-01 4.723294280354074459e+01
8.467927414125884233e-01 -7.091884192539987981e-03 -5.317807652043448075e-01 -1.966749475964831007e+01 -1.718514255466567844e-02 9.990242903347520409e-01 -4.067557610680590241e-02 -3.101170147656180820e+00 5.315504584851539205e-01 4.358389580278258096e-02 8.458446837601670820e-01 4.814327558768234638e+01
8.417692093673269094e-01 -3.554987448246303260e-03 -5.397973881226725279e-01 -2.026856333106841745e+01 -1.825363841751478575e-02 9.992189826950482745e-01 -3.504243630480730065e-02 -3.149814273108845430e+00 5.395002480790083155e-01 3.935387902693809892e-02 8.410470752906827885e-01 4.905062646361517409e+01
8.367972802579602964e-01 -9.453220785108126106e-04 -5.475118521504337421e-01 -2.086868517223782149e+01 -1.916800914468315409e-02 9.993348828798827022e-01 -3.102145299660497013e-02 -3.209906888561993021e+00 5.471772428366097341e-01 3.645144958739920255e-02 8.362225350433095672e-01 4.994432327915107805e+01
8.324284854021033464e-01 2.253651978194975666e-04 -5.540017477071450536e-01 -2.147754611443891548e+01 -2.138382002746844202e-02 9.992680016888851879e-01 -3.171657511267785001e-02 -3.259155750528293094e+00 5.535888666914793310e-01 3.825545249313282159e-02 8.318241470833586115e-01 5.083295016105211772e+01
8.294390027585369918e-01 -2.699316544863902042e-03 -5.585924857773693075e-01 -2.208803155039612065e+01 -2.126838581293662503e-02 9.991104350955862801e-01 -3.640763255549441663e-02 -3.311302681630655442e+00 5.581938932627015237e-01 4.208070153612234604e-02 8.286439844633817220e-01 5.172162148551002048e+01
8.269700112609759124e-01 -3.745122648601864092e-03 -5.623452609439679728e-01 -2.269812346518679291e+01 -2.432464019248938014e-02 9.988031479174671601e-01 -4.243256402991974624e-02 -3.368997324430565321e+00 5.618314310630002639e-01 4.876530237171801396e-02 8.258892501271296593e-01 5.260279444761783907e+01
8.233582839839190815e-01 -4.486009528915806122e-03 -5.676444561285934887e-01 -2.332081152277120495e+01 -2.463461597835816044e-02 9.987435810422800042e-01 -4.363598720975442324e-02 -3.426774440450869541e+00 5.671273250680630706e-01 4.990929759148028666e-02 8.222135565550694469e-01 5.348176268271920009e+01
8.214849522794633874e-01 -2.728762141012244877e-03 -5.703712907860037928e-01 -2.394308434070327962e+01 -2.404238703887706663e-02 9.989336057492742560e-01 -3.941251220684124229e-02 -3.486833131587232959e+00 5.698709118354116088e-01 4.608546868575388866e-02 8.205433274235330865e-01 5.435660152030742864e+01
8.175534306644165472e-01 -5.385344617358934615e-04 -5.759065669887963868e-01 -2.458172048647305630e+01 -2.275299498526903164e-02 9.991884863678131001e-01 -3.323520344560331602e-02 -3.536778622360013280e+00 5.754572359194256581e-01 4.027288497456857352e-02 8.168778682766083543e-01 5.524166078206810226e+01
8.141703359852080490e-01 -6.816739748274108952e-04 -5.807676443801953470e-01 -2.521109220849048782e+01 -2.096490330385428549e-02 9.993127662679625045e-01 -3.057168657137628726e-02 -3.599491799114139301e+00 5.803896606115264145e-01 3.706073455367706049e-02 8.135965038030430474e-01 5.611403826349886970e+01
8.116116175452318116e-01 1.456085778500416233e-03 -5.840743242851126338e-01 -2.585732070955775441e+01 -2.355948384162925846e-02 9.992649927665475662e-01 -3.024385075112226776e-02 -3.643599572248794605e+00 5.836011147903406027e-01 3.830837322676283740e-02 8.110494589478645100e-01 5.698853815133318790e+01
8.067881964819505480e-01 -3.496238694905368853e-04 -5.908047641556527507e-01 -2.651135756425065537e+01 -2.342697225380060630e-02 9.991944019681502365e-01 -3.258113656092168769e-02 -3.691442382400438760e+00 5.903403131072392229e-01 4.012795727420042508e-02 8.061302813030123415e-01 5.785885621339556906e+01
8.042009153079782147e-01 -2.007867660213891355e-03 -5.943948597951376200e-01 -2.716120232492511377e+01 -2.307064734497351124e-02 9.991351941489297062e-01 -3.458574743802633744e-02 -3.746378922302667558e+00 5.939506691031176677e-01 4.152256046199974404e-02 8.034592015172133950e-01 5.872666416952295521e+01
8.000642724854947208e-01 -3.577347309661254356e-03 -5.999188818014983271e-01 -2.781733520223510325e+01 -2.192315079151363824e-02 9.991398923514073216e-01 -3.519941051259028314e-02 -3.790140274948176735e+00 5.995289558225190829e-01 4.131488061819114238e-02 7.992979346771057481e-01 5.958830978079568297e+01
7.957366056793335751e-01 -3.356538867392059276e-03 -6.057208346383817776e-01 -2.848938817129004519e+01 -2.099858454725905821e-02 9.992305284179322511e-01 -3.313671146668464851e-02 -3.841490389122951488e+00 6.053662427047512562e-01 3.908444174711980107e-02 7.950538801162966296e-01 6.046068247888564429e+01
7.918246308143391810e-01 -4.081348581808915549e-03 -6.108238485883050739e-01 -2.916667262839526131e+01 -2.028650038868171773e-02 9.992502556453043416e-01 -3.297430065754294176e-02 -3.899107121241357277e+00 6.105005493563855357e-01 3.849778140013314365e-02 7.911481116825993531e-01 6.132274063443809098e+01
7.854781371672244772e-01 -4.003412529257459503e-03 -6.190342213416168970e-01 -2.985685995289358274e+01 -2.086150930691525740e-02 9.992396731801282961e-01 -3.293063694967472005e-02 -3.950924332569537789e+00 6.186955823647355412e-01 3.877493838333171544e-02 7.847972391101974976e-01 6.218187861319891141e+01
7.803345674932034015e-01 -5.276970055236610176e-03 -6.252882788302974726e-01 -3.055386113176841079e+01 -2.047868502800661780e-02 9.992124353668171421e-01 -3.399210162925786483e-02 -3.995439821529119584e+00 6.249750948531379580e-01 3.933445144847382002e-02 7.796119779863847077e-01 6.303534980021197498e+01
7.764438624461804661e-01 -6.204507347373469130e-03 -6.301136480308838772e-01 -3.125651276259165812e+01 -1.959273428969136518e-02 9.992304976296488839e-01 -3.397889097190334023e-02 -4.047566059554789319e+00 6.298395927096153146e-01 3.872981036807087579e-02 7.757247516719125713e-01 6.388421627888695298e+01
7.692046331128162828e-01 -7.611754135793502400e-03 -6.389136688472015768e-01 -3.197266022538113717e+01 -1.932796672166768592e-02 9.991944797606826523e-01 -3.517189195275526731e-02 -4.103558893405833352e+00 6.386668525518915951e-01 3.940254648917441288e-02 7.684377496905883120e-01 6.473421232718045815e+01
7.645413113718633191e-01 -9.464962042642315401e-03 -6.444502622074318454e-01 -3.269037328404461107e+01 -1.811410389417022690e-02 9.991817907395527110e-01 -3.615407916305835023e-02 -4.153583301364058400e+00 6.442652973829853247e-01 3.931507096136538371e-02 7.637441487125588013e-01 6.558332760564924513e+01
7.581385579687545118e-01 -1.065443707294769747e-02 -6.518807684025559324e-01 -3.342787882980091041e+01 -1.706326454605323895e-02 9.991999920253230583e-01 -3.616081273102597637e-02 -4.209183410524047986e+00 6.517444690773857019e-01 3.853996392519946912e-02 7.573502398504355915e-01 6.642467935950790547e+01
7.514935218053977461e-01 -1.022895749455973204e-02 -6.597278786816621610e-01 -3.417292732406229305e+01 -1.618827309801057490e-02 9.992929214081935907e-01 -3.394412620425339699e-02 -4.258354059118051538e+00 6.596084938939243969e-01 3.619016456328425640e-02 7.507964177330641586e-01 6.726491027453434413e+01
7.466561360025979477e-01 -1.215802659342403100e-02 -6.651870200661260668e-01 -3.492234349570760088e+01 -1.390829548398815445e-02 9.993290708174906722e-01 -3.388169434325959822e-02 -4.310443043006251251e+00 6.651528260974336471e-01 3.454788669012087698e-02 7.459861071333113713e-01 6.809377761072887836e+01
7.387816956167816418e-01 -1.318553854668452242e-02 -6.737974607653595127e-01 -3.569611378644152921e+01 -1.321720737477476496e-02 9.993328577826301462e-01 -3.404106845332512121e-02 -4.366952625025917634e+00 6.737967264632646058e-01 3.405516386593166606e-02 7.381145778223597853e-01 6.892287092385549840e+01
7.330970295631048517e-01 -1.457571994589441922e-02 -6.800533923498427447e-01 -3.647277744853379033e+01 -1.340306104403802406e-02 9.992665351272708163e-01 -3.587500379931907873e-02 -4.425193512862866996e+00 6.800774612718578638e-01 3.541547005250908486e-02 7.323641350662467575e-01 6.974838835884327182e+01
7.273743531428776832e-01 -1.319151862251041057e-02 -6.860312254822479305e-01 -3.725651175800652481e+01 -1.482689378861318241e-02 9.992797353535377569e-01 -3.492384237663646168e-02 -4.472439834370641520e+00 6.859977306907932837e-01 3.557646063315361012e-02 7.266549706466510772e-01 7.057461384349281275e+01
7.210427226704505532e-01 -1.338309976070664944e-02 -6.927961576554377832e-01 -3.806068405922750486e+01 -1.433698650613555656e-02 9.993112475260383931e-01 -3.422811771403635323e-02 -4.527087030900731612e+00 6.927772473984913360e-01 3.460955646490949944e-02 7.203542498085466761e-01 7.138802690157521624e+01
7.181259326394482390e-01 -1.319297891427088747e-02 -6.957143687923452724e-01 -3.886926516619126915e+01 -1.478553070546795994e-02 9.993053052169583728e-01 -3.420807156736599408e-02 -4.581805209459849593e+00 6.956824596232172864e-01 3.485363342514304075e-02 7.174320910773095417e-01 7.220360568317725836e+01
7.122343291665919063e-01 -1.318015035175011673e-02 -7.017453235540093148e-01 -3.968865686064066978e+01 -1.559740508448365613e-02 9.992796628228357569e-01 -3.460476122768500751e-02 -4.633901725174322195e+00 7.016959574942396305e-01 3.559470765605903669e-02 7.115157287938063124e-01 7.301823556105378543e+01
7.068316517854014158e-01 -1.507955139608297204e-02 -7.072841032326560029e-01 -4.051871180066382294e+01 -1.583705786051601422e-02 9.991847800221432818e-01 -3.713283932564404033e-02 -4.695650175553804040e+00 7.072677938129372510e-01 3.744323483161203503e-02 7.060166492471429134e-01 7.383154128872432409e+01
7.028776411506160171e-01 -1.692540661013413120e-02 -7.109948248177141439e-01 -4.135224740006420063e+01 -1.584680483111938765e-02 9.990960933388391974e-01 -3.945839679832492675e-02 -4.751195986845419661e+00 7.110196123938995472e-01 3.900863908848335726e-02 7.019742149200296488e-01 7.464582447648433572e+01
6.973972641585121091e-01 -1.774697266204738888e-02 -7.165600379743209958e-01 -4.219784088520192711e+01 -1.659827338245072753e-02 9.990252832522467097e-01 -4.091183926963960771e-02 -4.813590826035862413e+00 7.165877520577802473e-01 4.042458123489046928e-02 6.964230832349934674e-01 7.544512921941161210e+01
6.924596665616680191e-01 -1.723417395265632035e-02 -7.211939592231084717e-01 -4.305155350725704011e+01 -1.572243457013168186e-02 9.991166928046412155e-01 -3.896566749628096321e-02 -4.870560689258331522e+00 7.212286033531126739e-01 3.832283212697615987e-02 6.915769599925166711e-01 7.625540529413562751e+01
6.880383131048820600e-01 -1.839461637001149619e-02 -7.254437003126138483e-01 -4.391453950973016163e+01 -1.422962204170039914e-02 9.991443803356617748e-01 -3.883489960441258854e-02 -4.929977376634082198e+00 7.255371077768225652e-01 3.705013932877761207e-02 6.871880603245624775e-01 7.705976050599552707e+01
6.836071860446324422e-01 -1.823834185696525043e-02 -7.295515801582019844e-01 -4.478316841512314994e+01 -1.371883724826042893e-02 9.991898617655552428e-01 -3.782380609622522372e-02 -4.996230515423043528e+00 7.296505962381454324e-01 3.586434866969973045e-02 6.828032997087334355e-01 7.785967096667928899e+01
6.787223420271495389e-01 -1.976493962215851788e-02 -7.341147332930505476e-01 -4.565773075447591367e+01 -1.287265706631412349e-02 9.991639812204171633e-01 -3.879342705462646146e-02 -5.053090246172791566e+00 7.342675649599802457e-01 3.578475604928860188e-02 6.779006559508893304e-01 7.865905842764904321e+01
6.734401240457927873e-01 -1.938726839341993816e-02 -7.390512930273114289e-01 -4.654890929747458017e+01 -1.226630778939326316e-02 9.992253505672404890e-01 -3.739695427002831529e-02 -5.112322833187944227e+00 7.392037231095293093e-01 3.425250044803603705e-02 6.726806781694070203e-01 7.945915999387666773e+01
6.694883203970015684e-01 -1.994272094892762803e-02 -7.425969333045021603e-01 -4.744033719164406904e+01 -1.142181214862308079e-02 9.992449332839139498e-01 -3.712851104552660625e-02 -5.181090524783657614e+00 7.427767452619675748e-01 3.333758793149530636e-02 6.687550995714955926e-01 8.024184943037282380e+01
6.670671366483331699e-01 -2.350605830384577474e-02 -7.446510380009893071e-01 -4.833923418251913517e+01 -7.411131884791614596e-03 9.992431735334005305e-01 -3.818433802287944656e-02 -5.225865673844566572e+00 7.449855135460242694e-01 3.098321582142216438e-02 6.663882734211717951e-01 8.103363633985966885e+01
6.618012522739500358e-01 -2.792684812442943962e-02 -7.491809071487273153e-01 -4.924453179199581854e+01 -4.324034243383613647e-03 9.991469801237284898e-01 -4.106118340753529827e-02 -5.288623206006416666e+00 7.496888872511103807e-01 3.040873926098060925e-02 6.611161077169154243e-01 8.181690412466555529e+01
6.576944697085902458e-01 -3.207447895840730839e-02 -7.526020090161842369e-01 -5.015860606452264392e+01 -8.341035219062902049e-04 9.990613952979343626e-01 -4.330131329391934125e-02 -5.351034468839944935e+00 7.532847298565543692e-01 2.910345382242922677e-02 6.570505495976627364e-01 8.261050979289078100e+01
6.527029703806948024e-01 -3.644950007966905881e-02 -7.566633800058195636e-01 -5.107784893942824311e+01 5.987121147941425366e-03 9.990589084574136303e-01 -4.294931377452310128e-02 -5.418391922400563665e+00 7.575171669955647058e-01 2.349732757911555600e-02 6.523070441584128965e-01 8.340572683922128761e+01
6.431570989286623519e-01 -4.029734266836233064e-02 -7.646282467771429170e-01 -5.200841926181251296e+01 1.149319541228694189e-02 9.990099192791516147e-01 -4.298205779437484081e-02 -5.491491765158004412e+00 7.656030377149262156e-01 1.885957048602171504e-02 6.429833309323533808e-01 8.419139179768662018e+01
6.350638051813422003e-01 -4.082279693091927369e-02 -7.713269253977469431e-01 -5.295512755116747883e+01 1.358684905187254599e-02 9.990384663181334224e-01 -4.168861480948989756e-02 -5.561059318762748838e+00 7.722869066833488727e-01 1.599731995180524863e-02 6.350078120805416892e-01 8.497224826265878050e+01
6.252320866147950129e-01 -4.000905879466724185e-02 -7.794611136938816021e-01 -5.392185938677003065e+01 1.528720348962982027e-02 9.991211792238122724e-01 -3.902243902044262580e-02 -5.615635402299780310e+00 7.803378657977275701e-01 1.247747086503770385e-02 6.252945899200600399e-01 8.573862400499386638e+01
6.154668940319815151e-01 -4.011055321901069864e-02 -7.870801433164691385e-01 -5.490079608794164301e+01 1.569736205498464821e-02 9.991300845018332710e-01 -3.864063230844913543e-02 -5.686553284125581698e+00 7.879451786616713527e-01 1.143013762572276000e-02 6.155609332436817738e-01 8.649259699328133877e+01
6.086124111755838451e-01 -4.088802692443521680e-02 -7.925217009870914042e-01 -5.587893977912163734e+01 1.404806406621616002e-02 9.990701857127005647e-01 -4.074500982544156102e-02 -5.748115524393944575e+00 7.934516916137519527e-01 1.365787198286501532e-02 6.086209900715546794e-01 8.723705720315335554e+01
5.974509760940446279e-01 -4.359733373228708714e-02 -8.007587496487120760e-01 -5.687870131274775076e+01 1.603790948901129276e-02 9.989712753404400569e-01 -4.241113669456356844e-02 -5.814029920752931346e+00 8.017842864483687437e-01 1.249945895849086282e-02 5.975351369665469203e-01 8.796713477759817579e+01
5.864773747825072769e-01 -4.385005663026803058e-02 -8.087038594583306761e-01 -5.789183974125244703e+01 1.496688218894276674e-02 9.989498135954998359e-01 -4.330977636091086491e-02 -5.878107848338118835e+00 8.097534508610484405e-01 1.329954214129479631e-02 5.865177278703147534e-01 8.869516479193191572e+01
5.777198216981661583e-01 -4.514593383746919736e-02 -8.149581564294712255e-01 -5.890722855008934289e+01 1.862792097723009119e-02 9.989388692610807752e-01 -4.212627781101604962e-02 -5.949972374073818848e+00 8.159948395141205513e-01 9.162877902953951020e-03 5.779471149146242492e-01 8.942089568794918364e+01
5.671398467658607112e-01 -4.471128558980097534e-02 -8.223958654986420758e-01 -5.994650818546543292e+01 2.014916043986949776e-02 9.989803925236647730e-01 -4.040556220074305316e-02 -6.017087012019762149e+00 8.233635150215182774e-01 6.355524154515954267e-03 5.674615182559458182e-01 9.012849718646508279e+01
5.559479594876386432e-01 -4.594077680626225402e-02 -8.299834672236027222e-01 -6.099055367449449250e+01 2.065455130401222528e-02 9.989264672851403404e-01 -4.146004777996767365e-02 -6.083275499366346040e+00 8.309977076293008080e-01 5.898619495143434845e-03 5.563005142901483735e-01 9.081773942913301312e+01
5.469656347797829943e-01 -4.653998762255899535e-02 -8.358062470943115052e-01 -6.204419723161491618e+01 2.000039170774931332e-02 9.988953757230214503e-01 -4.252546730142932330e-02 -6.149831313409963585e+00 8.368619597471077531e-01 6.548499277693559280e-03 5.472917509565463634e-01 9.150067165220605148e+01
5.367395881677904379e-01 -4.709853924810766118e-02 -8.424748147465587200e-01 -6.311182262993079917e+01 1.874588591623507425e-02 9.988601541957733421e-01 -4.389938916162773597e-02 -6.220860058016307370e+00 8.435820652113464879e-01 7.773107893618688181e-03 5.370106359018173015e-01 9.217706777575828880e+01
5.283008117573877449e-01 -4.701722787209836052e-02 -8.478176451637660094e-01 -6.419328886387442878e+01 1.749783154052075851e-02 9.988563677418091924e-01 -4.448842366078276794e-02 -6.288672603521599846e+00 8.489403850471575197e-01 8.665321729525448866e-03 5.285193999762061168e-01 9.283082941454310344e+01
