1.0 0.0 0.0 0.0 0.0 1.0 0.0 0.0 0.0 0.0 1.0 0.0
0.99994695 0.01020972 0.0013595956 0.30541992 -0.010206065 0.9999443 -0.0026683572 -0.012329102 -0.0013867569 0.0026543385 0.9999955 -0.0061035156
0.9998457 0.017510852 0.0014829683 0.5860596 -0.017503778 0.9998361 -0.004654401 -0.024414062 -0.0015642204 0.004627729 0.9999881 0.004638672
0.9998041 0.01977404 0.0008021355 0.8902588 -0.019767703 0.9997782 -0.0072579985 -0.030883789 -0.00094550377 0.007240714 0.99997336 0.0126953125
0.9998316 0.01834329 -0.0006763782 1.1975098 -0.01834848 0.999794 -0.008690629 -0.03857422 0.0005168566 0.00870157 0.999962 0.008300781
0.9999451 0.010231168 -0.002243545 1.5183105 -0.0102555165 0.99988544 -0.011127206 -0.048461914 0.0021294123 0.011149602 0.99993557 -0.0007324219
0.99999225 -0.0017794076 -0.0035077732 1.8345947 0.001735296 0.9999199 -0.012536271 -0.038330078 0.003529805 0.012530085 0.99991524 0.009033203
0.9998611 -0.016113497 -0.004277706 2.170044 0.016060285 0.99979675 -0.012192485 -0.026489258 0.004473293 0.012122116 0.9999165 0.0126953125
0.9993601 -0.035516996 -0.004226862 2.5214844 0.035483133 0.9993395 -0.007836621 -0.0012207031 0.004502366 0.0076816673 0.99996036 0.015991211
0.99844724 -0.055456225 -0.0052846307 2.873169 0.05543599 0.99845475 -0.0039012283 0.04321289 0.00549283 0.0036022589 0.9999784 0.016723633
0.9970878 -0.07602816 -0.0058941105 3.234253 0.07600934 0.997101 -0.0033536851 0.080566406 0.006132021 0.0028958577 0.999977 0.018920898
0.9953895 -0.09579145 -0.0049319942 3.6124268 0.09576542 0.9953903 -0.005266554 0.12573242 0.0054139053 0.004770012 0.99997395 0.01953125
0.99310213 -0.11716476 -0.0040597795 4.001831 0.11713534 0.9930903 -0.0068515716 0.17675781 0.0048348056 0.006328619 0.9999683 0.024780273
0.99105936 -0.13335033 -0.0033888314 4.39917 0.13332762 0.9910487 -0.0062196595 0.24865723 0.0041880975 0.0057121827 0.9999749 0.028808594
0.9887876 -0.14930081 -0.0026678871 4.817871 0.14928785 0.98878276 -0.004535527 0.32080078 0.0033149808 0.0040864735 0.9999862 0.033691406
0.98676515 -0.16216256 -0.003158717 5.241577 0.1621507 0.9867652 -0.003704654 0.40393066 0.003717471 0.003143418 0.99998814 0.037109375
0.9847232 -0.17410259 -0.003845817 5.6800537 0.1740823 0.98472106 -0.005099126 0.48950195 0.0046747257 0.004351542 0.9999796 0.041259766
0.98292774 -0.18388358 -0.0050455863 6.1345215 0.18383962 0.9829154 -0.008115991 0.5722656 0.0064518563 0.007049664 0.99995434 0.052001953
0.98145545 -0.19156349 -0.0067357426 6.593506 0.19151598 0.98146206 -0.007110041 0.6636963 0.007973091 0.005688064 0.999952 0.055664062
0.97973055 -0.20013687 -0.009064024 7.0750732 0.20008387 0.97976226 -0.0064277644 0.76989746 0.010166839 0.0044837426 0.99993825 0.051635742
0.9784457 -0.20623332 -0.01134542 7.562378 0.20615648 0.9784983 -0.0075830496 0.8795166 0.012665082 0.0050813057 0.9999069 0.055908203
0.9766813 -0.21433517 -0.012593546 8.065552 0.21418957 0.9767211 -0.011967755 0.99121094 0.014865069 0.008990852 0.9998491 0.061279297
0.97490495 -0.22227895 -0.012504172 8.580078 0.22205338 0.97488433 -0.017220909 1.1018066 0.016017934 0.014012471 0.9997735 0.07287598
0.9732949 -0.22916688 -0.013437198 9.110962 0.22891326 0.9732791 -0.018092578 1.2297363 0.017224884 0.014532718 0.99974597 0.091796875
0.9706658 -0.23969565 -0.019145858 9.645752 0.23946053 0.9708147 -0.013784648 1.3820801 0.021891106 0.008796803 0.9997217 0.091796875
0.96865284 -0.24730226 -0.023631763 10.1936035 0.24708357 0.9689249 -0.011811268 1.5288086 0.025817703 0.0056013 0.9996509 0.09741211
0.9662242 -0.2564977 -0.02488301 10.755981 0.25619593 0.9665131 -0.014692523 1.6796875 0.02781813 0.007820247 0.9995823 0.115234375
0.96406776 -0.2643897 -0.026109373 11.32605 0.26402655 0.9643784 -0.016560093 1.8366699 0.02955699 0.009072969 0.999522 0.14172363
0.9619721 -0.27153134 -0.028981764 11.910889 0.2711677 0.9623799 -0.015895505 2.0114746 0.03220786 0.0074298647 0.99945354 0.15612793
0.95915127 -0.28090015 -0.032956794 12.5008545 0.2805109 0.95969784 -0.015990365 2.197998 0.0361211 0.006090533 0.999329 0.17565918
0.9571731 -0.28699186 -0.03797333 13.106812 0.28653955 0.95791084 -0.016975714 2.3843994 0.041247986 0.0053678798 0.99913466 0.19848633
0.95483327 -0.2935533 -0.04546442 13.719849 0.29301834 0.95590645 -0.018168904 2.5812988 0.048794776 0.0040233526 0.9988009 0.23205566
0.9530809 -0.29786834 -0.053906575 14.34436 0.29728967 0.9546024 -0.018639747 2.7814941 0.057011694 0.0017390386 0.998372 0.26281738
0.95168394 -0.30057615 -0.06305207 14.988159 0.3000231 0.9537704 -0.018288285 2.9918213 0.06563192 -0.0015155799 0.99784136 0.2972412
0.9494046 -0.3055566 -0.072758734 15.63208 0.3050608 0.95217526 -0.018105514 3.2149658 0.074809894 -0.005003191 0.9971853 0.3338623
0.94780636 -0.3084505 -0.08073148 16.287476 0.30806857 0.9512001 -0.01745765 3.4310303 0.0821775 -0.008319138 0.9965846 0.38928223
0.9455684 -0.31332982 -0.08781464 16.955933 0.3131757 0.9495562 -0.015885217 3.6705322 0.08836276 -0.012486213 0.9960091 0.44250488
0.9433103 -0.3181273 -0.09475961 17.632324 0.31821918 0.94791543 -0.014548002 3.9060059 0.09445061 -0.016428526 0.99539375 0.5073242
0.941294 -0.3222726 -0.100638025 18.316406 0.32265013 0.9464413 -0.012954216 4.1568604 0.099421136 -0.020273384 0.99483883 0.57263184
0.93945044 -0.3260722 -0.105461664 19.017944 0.32692373 0.94500864 -0.009593593 4.4207764 0.1027919 -0.025463998 0.9943769 0.64489746
0.9379623 -0.3297592 -0.10734933 19.731201 0.33075762 0.94369525 -0.008886166 4.682129 0.104233496 -0.027167948 0.9941808 0.7194824
0.9353762 -0.33705264 -0.107196756 20.458862 0.33809692 0.9410818 -0.008826272 4.953369 0.10385637 -0.027981013 0.99419945 0.805542
0.93311745 -0.3436959 -0.10576154 21.190063 0.34474036 0.938669 -0.008826794 5.227661 0.10230669 -0.02822458 0.99435097 0.8831787
0.9315291 -0.3485375 -0.10409328 21.928223 0.34955588 0.9369054 -0.008882225 5.512207 0.100621544 -0.028102808 0.9945282 0.9667969
0.9289265 -0.3562717 -0.10092993 22.667358 0.3573024 0.93396354 -0.008290595 5.8013916 0.09721888 -0.02835991 0.9948585 1.048706
0.9249501 -0.3676231 -0.096518286 23.435669 0.36883935 0.9294724 -0.0055762352 6.1158447 0.09176026 -0.030437706 0.9953169 1.1237793
0.9226339 -0.37450793 -0.09205653 24.188477 0.37583613 0.92667097 -0.003105455 6.428833 0.08647285 -0.031730887 0.9957501 1.206665
0.9192527 -0.3833987 -0.08974447 24.947266 0.3849364 0.92298424 -0.00018598 6.7628174 0.08290343 -0.03436914 0.9959641 1.2835693
0.9162771 -0.3906677 -0.08849788 25.713501 0.3922144 0.9198846 9.7646145e-05 7.0944824 0.08137108 -0.034804184 0.996075 1.3502197
0.9119402 -0.40058845 -0.088885084 26.486084 0.40236712 0.9154797 0.0022985928 7.44104 0.08045161 -0.03786194 0.9960388 1.4262695
0.9086589 -0.40834257 -0.087469295 27.26355 0.4100168 0.91210645 0.0012982604 7.7994385 0.07925132 -0.037033048 0.9961673 1.4916992
0.9049133 -0.41665053 -0.08689 28.052246 0.41842595 0.90825456 0.002474447 8.172241 0.07789098 -0.038588133 0.99621636 1.5634766
0.9011274 -0.4253314 -0.08406335 28.844849 0.42698297 0.90425986 0.0018513091 8.55188 0.075226046 -0.037560552 0.99645877 1.6317139
0.8984391 -0.4316927 -0.08017515 29.648193 0.43328887 0.90124136 0.002796283 8.938843 0.07104724 -0.037262112 0.99677515 1.7084961
0.89466524 -0.44026688 -0.07544556 30.458862 0.44182992 0.89705914 0.004564491 9.347656 0.06567056 -0.03741293 0.997141 1.765625
0.8918534 -0.44673198 -0.070735596 31.272095 0.44806576 0.893979 0.0033906293 9.762451 0.061722286 -0.034712527 0.9974905 1.833252
0.88803375 -0.4547045 -0.06851127 32.10327 0.45597115 0.8900193 0.0032396964 10.19104 0.059502225 -0.034113497 0.9976448 1.8972168
0.8845908 -0.46147734 -0.06737475 32.93225 0.46270698 0.8865072 0.0030237443 10.633545 0.058335196 -0.03385067 0.99772304 1.9558105
0.88260525 -0.4655689 -0.06542646 33.770508 0.46671298 0.88442177 0.0025089446 11.081299 0.0566957 -0.032755055 0.9978532 2.0057373
0.8790774 -0.47230983 -0.06438931 34.618652 0.47346586 0.88080657 0.0030977668 11.541748 0.055251535 -0.033209626 0.99792 2.071289
0.87656385 -0.47711748 -0.06303081 35.474976 0.47815055 0.8782631 0.0015033622 12.013672 0.054641277 -0.031449918 0.9980114 2.1291504
0.8759276 -0.4782804 -0.06330215 36.33667 0.4792612 0.87767696 0.0003549927 12.493286 0.055389665 -0.03064725 0.9979945 2.1862793
0.8733331 -0.483032 -0.06405059 37.207153 0.48402852 0.8751295 4.108064e-05 12.995605 0.056029435 -0.031035837 0.9979457 2.239502
0.8746238 -0.48073244 -0.062925555 38.099487 0.4817157 0.8763445 0.0005267968 13.493408 0.054894276 -0.0307711 0.9980182 2.295166
0.8742753 -0.48148277 -0.060762648 39.00354 0.48244172 0.875855 0.0012760388 13.996948 0.052605424 -0.03043231 0.99815214 2.3513184
0.87334853 -0.48341483 -0.059507575 39.91516 0.48425588 0.87490815 -0.00032852122 14.508057 0.052222367 -0.028530115 0.99822795 2.4111328
0.87351686 -0.4832217 -0.059280403 40.83899 0.4839598 0.8751157 -0.002162442 15.0251465 0.052919064 -0.02679711 0.9982389 2.470459
0.87150246 -0.48684245 -0.05869341 41.77185 0.487464 0.8731203 -0.0041891863 15.549072 0.053285554 -0.024965141 0.99826676 2.5289307
0.87165344 -0.48681882 -0.05587993 42.703125 0.4873587 0.87313014 -0.0044419016 16.077515 0.050956216 -0.02336776 0.9984276 2.5865479
0.86914736 -0.49195537 -0.05157796 43.62903 0.4923718 0.8704252 -0.0051721334 16.611206 0.04743854 -0.020891434 0.9986558 2.6520996
0.8667695 -0.49645695 -0.04662723 44.567505 0.49681365 0.867807 -0.0044156117 17.148071 0.042657945 -0.019337405 0.9989029 2.7072754
0.86342806 -0.5025488 -0.044588074 45.495117 0.50279385 0.8644123 -0.006346143 17.692871 0.041733857 -0.016932597 0.99898565 2.762329
0.8581102 -0.51145566 -0.045215443 46.419678 0.5116153 0.85916007 -0.008849254 18.243896 0.04337324 -0.015540782 0.99893796 2.8215332
0.8524818 -0.5207858 -0.047350124 47.3302 0.5208474 0.85367364 -0.011998791 18.800781 0.046667878 -0.014421965 0.9988065 2.878418
0.8458324 -0.5312891 -0.046883542 48.24414 0.53137344 0.8469976 -0.011681751 19.376099 0.04591663 -0.015039367 0.9988317 2.9309082
0.84102607 -0.5392801 -0.042678755 49.154785 0.5394572 0.8419544 -0.008246998 19.972656 0.040378843 -0.016088093 0.9990548 2.9803467
0.8361946 -0.5469865 -0.039801374 50.051758 0.54722 0.8369691 -0.0057339165 20.568237 0.036450613 -0.016986346 0.99919105 3.0407715
0.8317893 -0.55339783 -0.041626763 50.943115 0.5537114 0.8326088 -0.004636597 21.172974 0.03722203 -0.01919647 0.9991225 3.0888672
0.82861483 -0.5579709 -0.04547483 51.833984 0.5582454 0.8296422 -0.0076064365 21.779663 0.04196951 -0.019082481 0.9989364 3.1385498
0.8258561 -0.56157386 -0.052174702 52.71704 0.56194323 0.82720613 -0.008681303 22.386353 0.048034616 -0.02214346 0.9986002 3.1933594
0.8221809 -0.56686234 -0.053339258 53.598633 0.5672276 0.8236031 -0.009482924 23.005127 0.049303487 -0.02244987 0.9985314 3.25
0.8205082 -0.5696332 -0.049522284 54.47583 0.56999916 0.821711 -0.0077672773 23.624512 0.045115374 -0.021848809 0.9987427 3.310791
0.81684047 -0.5752583 -0.043725323 55.364014 0.5755973 0.8177518 -0.0056577213 24.2594 0.039010774 -0.02054571 0.9990275 3.3621826
0.8135627 -0.5802051 -0.04053112 56.239258 0.5804782 0.81435585 -0.0058666468 24.88501 0.03641185 -0.018749056 0.99916106 3.425171
0.8110057 -0.5834233 -0.041784476 57.115967 0.5838011 0.8118008 -0.0037683207 25.52832 0.036122207 -0.021342425 0.9991196 3.468872
0.80609006 -0.5901467 -0.043630205 57.989258 0.5905006 0.80699116 -0.005652365 26.177979 0.03854516 -0.021208711 0.99903166 3.515503
0.803423 -0.5937433 -0.04503999 58.859375 0.59406364 0.8044146 -0.0073514883 26.824463 0.04059609 -0.020852957 0.99895775 3.569336
0.7992671 -0.5993157 -0.04485312 59.723877 0.59957206 0.8002817 -0.008990395 27.476685 0.041283228 -0.019703744 0.9989533 3.6125488
0.7950243 -0.605165 -0.042641215 60.599365 0.6053913 0.79594517 -0.008846978 28.144775 0.03929713 -0.01877317 0.9990516 3.6643066
0.79112136 -0.61029935 -0.0420718 61.464355 0.61049044 0.7920336 -0.009637568 28.818237 0.039202522 -0.018059155 0.999068 3.7218018
0.7847687 -0.61849576 -0.042373713 62.32715 0.6187009 0.7856915 -0.009663332 29.503662 0.03926501 -0.018631952 0.99905485 3.7735596
0.77958685 -0.62476814 -0.042952705 63.183838 0.62493765 0.7805555 -0.011017467 30.196533 0.04041085 -0.018251518 0.99901664 3.817749
0.77570355 -0.6296317 -0.042363644 64.035645 0.6297566 0.77666545 -0.012008819 30.895508 0.040463377 -0.01736547 0.9990301 3.869995
0.76842016 -0.63845164 -0.04306306 64.88965 0.63853717 0.76943594 -0.013529716 31.606567 0.041774586 -0.017103607 0.99898076 3.9257812
0.76373357 -0.6440428 -0.04299375 65.74194 0.64405334 0.7647782 -0.015456276 32.320312 0.04283377 -0.015892657 0.9989555 3.975708
0.7573449 -0.6515213 -0.04223952 66.58716 0.6514753 0.7583771 -0.016746972 33.053223 0.04294375 -0.014845025 0.9989668 4.0317383
0.7507922 -0.6593987 -0.039909214 67.4314 0.65934205 0.75172204 -0.016431054 33.7937 0.04083504 -0.013969291 0.9990686 4.0821533
0.7459922 -0.66494143 -0.038283754 68.26367 0.66478854 0.7468823 -0.018437691 34.539185 0.040852048 -0.011692491 0.9990968 4.1348877
0.73812515 -0.67358476 -0.037811507 69.09717 0.67339015 0.73901117 -0.019585278 35.307983 0.04113299 -0.0110090645 0.9990928 4.1921387
0.73237795 -0.6798556 -0.03918811 69.92627 0.6796218 0.7333396 -0.021058558 36.080444 0.04305364 -0.011202722 0.99901015 4.2506104
0.7266619 -0.6857838 -0.039357133 70.7561 0.68561566 0.7276175 -0.019759072 36.86035 0.042185202 -0.012632621 0.99902964 4.2990723
0.7203632 -0.69256794 -0.03840415 71.57349 0.6923842 0.7212839 -0.020047529 37.66028 0.0415859 -0.012148729 0.9990611 4.3551025
0.7174395 -0.6954741 -0.03865237 72.391846 0.6953035 0.71836936 -0.019899307 38.465942 0.04160744 -0.012601829 0.9990545 4.4110107
0.71152115 -0.7014868 -0.039403666 73.210205 0.7013308 0.71248454 -0.019971387 39.281372 0.04208936 -0.013422642 0.99902403 4.4642334
0.7060266 -0.70704514 -0.041265536 74.0271 0.7068365 0.7070995 -0.021945773 40.10742 0.044696406 -0.013673434 0.99890697 4.5264893
0.7019892 -0.71078426 -0.04283893 74.84448 0.71051633 0.70316076 -0.02384369 40.937622 0.047077242 -0.013694146 0.998798 4.5826416
0.6964385 -0.7163457 -0.044265706 75.64746 0.7160641 0.6976934 -0.02474213 41.779297 0.048609525 -0.014455659 0.99871373 4.646118
0.6915936 -0.720998 -0.042168405 76.461426 0.7207163 0.692745 -0.024303854 42.629517 0.046734378 -0.013586717 0.99881476 4.7053223
0.68721217 -0.7253071 -0.04090395 77.26929 0.724959 0.68832135 -0.02552996 43.489014 0.04666912 -0.0121015515 0.99883723 4.7664795
0.6828287 -0.7294269 -0.039722297 78.072754 0.7290755 0.68388516 -0.025438594 44.354248 0.0457208 -0.011598315 0.99888647 4.834839
0.677933 -0.734039 -0.03965111 78.87573 0.73362046 0.6790062 -0.027033903 45.22522 0.046760187 -0.010763053 0.9988478 4.8931885
0.6727141 -0.7389837 -0.038123697 79.67969 0.73857003 0.6737164 -0.026734162 46.112793 0.04543888 -0.010165209 0.9989156 4.954834
0.66879284 -0.74255866 -0.03721303 80.46582 0.74211377 0.6697626 -0.027346242 47.000977 0.045226075 -0.009329035 0.9989329 5.025757
0.66644794 -0.74476045 -0.03486775 81.2605 0.74413586 0.6673383 -0.030946514 47.897095 0.046320856 -0.005325419 0.99891233 5.0722656
0.661198 -0.7494484 -0.03430581 82.04761 0.74861336 0.66208386 -0.035438985 48.798584 0.049272984 -0.0022546053 0.99878246 5.1362305
0.6571553 -0.7530322 -0.0330114 82.84473 0.751989 0.657983 -0.039643265 49.70923 0.051572498 0.0012222454 0.99866813 5.2000732
0.65244573 -0.757266 -0.02741681 83.64404 0.75602376 0.6529725 -0.044094972 50.624756 0.05129616 0.008031354 0.99865067 5.2697754
0.6431525 -0.7653539 -0.022791266 84.4353 0.763962 0.6434142 -0.04807929 51.550293 0.051462974 0.0135133285 0.9985837 5.345215
0.6351875 -0.7720475 -0.01993199 85.22119 0.7706666 0.6353088 -0.048718877 52.492676 0.05027918 0.015587248 0.9986138 5.4177246
0.6254804 -0.7801161 -0.016412036 85.993164 0.7788263 0.62545735 -0.04804436 53.454834 0.047745243 0.017264755 0.9987101 5.475952
0.6157515 -0.7877293 -0.015363045 86.752686 0.78644675 0.6156903 -0.048275862 54.4292 0.047488667 0.01764624 0.9987161 5.5499268
0.6088109 -0.7932285 -0.017591974 87.501465 0.7918659 0.6088559 -0.049139004 55.403564 0.04967828 0.015974205 0.9986368 5.6137695
0.59774363 -0.8015578 -0.016434534 88.23755 0.80007076 0.5977012 -0.051992662 56.398438 0.05148532 0.017926045 0.99851257 5.682373
0.58672726 -0.8095275 -0.017228018 88.971436 0.8080061 0.586739 -0.05238348 57.406982 0.05251716 0.016816935 0.99847865 5.7495117
0.5781762 -0.8157789 -0.0130886175 89.70264 0.8142603 0.577963 -0.053797968 58.418213 0.051446144 0.020450123 0.9984666 5.8251953
0.56769824 -0.82316065 -0.010271625 90.41626 0.8217135 0.56736785 -0.05350234 59.453125 0.049856402 0.021936696 0.99851567 5.8966064
0.5565474 -0.83079547 -0.00980654 91.11157 0.8292836 0.5561826 -0.05487138 60.492676 0.051044744 0.022400048 0.9984449 5.9663086
0.5475416 -0.83665884 -0.010446594 91.799805 0.8350932 0.54721105 -0.055579077 61.54248 0.052213933 0.021709966 0.9984001 6.036499
0.5372618 -0.8433773 -0.011659973 92.48193 0.84174633 0.53700036 -0.05626049 62.605957 0.053705543 0.020414567 0.99834824 6.111206
0.5287689 -0.8487366 -0.012540193 93.14087 0.84708434 0.52857155 -0.056280006 63.683838 0.054390285 0.019132322 0.99833614 6.1832275
0.51737005 -0.8557041 -0.012945527 93.79468 0.85401076 0.51720613 -0.05684665 64.77051 0.055340998 0.018357348 0.99829894 6.265259
0.50834346 -0.861022 -0.012263946 94.44116 0.85949194 0.5082091 -0.05403658 65.859375 0.052759774 0.016940111 0.99846417 6.3389893
0.5014229 -0.86510164 -0.009530755 95.08057 0.86366117 0.50117445 -0.053211138 66.97168 0.05079988 0.018452395 0.99853843 6.4123535
0.49365863 -0.86962926 -0.008439628 95.706055 0.86820585 0.49336728 -0.053222932 68.0813 0.050442968 0.018945433 0.9985472 6.496338
0.4855724 -0.87418205 -0.007287558 96.329346 0.8726274 0.48517698 -0.056138594 69.19531 0.05261979 0.02089576 0.9983958 6.563843
0.47961733 -0.87741864 -0.0061902683 96.950195 0.87568235 0.4790901 -0.059892297 70.315186 0.055526584 0.023313925 0.99818575 6.640625
0.47409737 -0.88045543 -0.0059090927 97.5603 0.87857056 0.4735027 -0.06256652 71.44507 0.057876773 0.024469012 0.9980236 6.723877
0.4683296 -0.88351053 -0.0052996636 98.15552 0.8814376 0.46762612 -0.06590772 72.57886 0.060720082 0.02619126 0.9978111 6.8112793
0.46386984 -0.8857742 -0.0031136782 98.75049 0.88373584 0.4630355 -0.06625669 73.7168 0.06014096 0.027981061 0.9977976 6.8969727
0.459753 -0.88811076 0.0010022406 99.34375 0.88630515 0.45874536 -0.06426494 74.852295 0.056614716 0.03043739 0.9979324 6.980835
0.4574173 -0.88915914 0.0071456097 99.93359 0.88765347 0.45614102 -0.062388264 75.986084 0.05222359 0.034886137 0.9980262 7.066162
0.45315647 -0.89140207 0.008958368 100.508545 0.88995564 0.451794 -0.062365804 77.11206 0.051552065 0.036237214 0.9980129 7.147217
0.45115638 -0.892451 0.0106789 101.07861 0.8911169 0.4497483 -0.06132546 78.24536 0.049927894 0.037175566 0.99806035 7.2235107
0.44868207 -0.89349717 0.0135545805 101.644775 0.8923197 0.44717655 -0.06030751 79.36792 0.04781534 0.039157417 0.99808866 7.3010254
0.4461899 -0.8947759 0.016151719 102.19971 0.89374906 0.44460854 -0.05922363 80.49609 0.04580815 0.040871613 0.99811447 7.379883
0.44365644 -0.8959122 0.018154405 102.75488 0.89490193 0.44192827 -0.06057954 81.60693 0.046261832 0.043133616 0.9979981 7.4508057
0.44266617 -0.8966081 0.021186074 103.295654 0.8957476 0.44081944 -0.060175154 82.71387 0.04460753 0.045600913 0.99796265 7.52063
0.43808135 -0.89855415 0.02476186 103.839355 0.89791226 0.43614927 -0.058775045 83.81665 0.042013705 0.047972873 0.99796414 7.594116
0.43761325 -0.89865774 0.028127521 104.36914 0.8981624 0.4355176 -0.05924744 84.92407 0.041003887 0.051189817 0.9978466 7.6569824
0.436582 -0.8992331 0.029369611 104.89502 0.8987894 0.434424 -0.05949287 85.99829 0.04073044 0.052361947 0.9977969 7.7266846
0.43450713 -0.9001538 0.03063666 105.41577 0.8997345 0.43225044 -0.06040911 87.06323 0.041114878 0.053799786 0.99770457 7.789795
0.43450034 -0.900156 0.030424237 105.92139 0.8996594 0.4321674 -0.06195409 88.13208 0.04262386 0.05426524 0.9976148 7.8571777
0.43503505 -0.89990765 0.028555267 106.41992 0.89931047 0.43277714 -0.062045258 89.177246 0.04348637 0.052679744 0.9976645 7.9296875
0.43808636 -0.89854205 0.0270286 106.91724 0.8978979 0.4359244 -0.06143433 90.21777 0.04342981 0.051161133 0.99774414 7.994507
0.44116572 -0.8969709 0.024136411 107.408936 0.89618313 0.43912017 -0.061616305 91.24219 0.044678345 0.04882235 0.99780804 8.05896
0.44700453 -0.8943899 0.0221624 107.911865 0.89349794 0.4450198 -0.062111754 92.26611 0.045668025 0.047569834 0.99782395 8.125732
0.45158267 -0.8918539 0.020952709 108.41724 0.89091015 0.44964322 -0.06220549 93.278564 0.046069972 0.04676232 0.9978432 8.190308
0.4601751 -0.8875853 0.019796893 108.923096 0.88667065 0.45834538 -0.060789682 94.2771 0.044880405 0.045522742 0.99795437 8.254395
0.4669513 -0.8842272 0.018744275 109.43555 0.8833588 0.46524253 -0.058963556 95.27661 0.043420255 0.044071287 0.9980831 8.3125
0.47668287 -0.8787868 0.017501917 109.96216 0.87792337 0.47505826 -0.058061186 96.26172 0.042708274 0.043055516 0.99816024 8.3741455
0.48606935 -0.87364703 0.017231606 110.48999 0.8727838 0.4844417 -0.05817814 97.24243 0.04248476 0.04332242 0.99815756 8.432983
0.4953471 -0.8685319 0.015130617 111.03467 0.86758757 0.49379113 -0.058367733 98.211914 0.043234527 0.042042453 0.9981801 8.490723
0.50594085 -0.86259496 0.011274614 111.579834 0.86147547 0.5045105 -0.05918246 99.15869 0.04535315 0.03965538 0.9981837 8.550049
0.5162101 -0.8563276 0.008034019 112.13794 0.8550412 0.51486766 -0.060427677 100.102295 0.04761029 0.038069382 0.99814075 8.611328
0.53017163 -0.8480587 0.0051260116 112.71338 0.84680545 0.5290386 -0.057877325 101.04614 0.046357814 0.035015788 0.9983106 8.668823
0.5414319 -0.8407181 0.0042335754 113.29248 0.8395791 0.5404217 -0.05499303 101.96948 0.043947432 0.033325434 0.99847764 8.730713
0.5548589 -0.83196235 0.0046029454 113.88916 0.8309311 0.55387706 -0.05315145 102.89038 0.041663572 0.033318743 0.99857616 8.785889
0.56536055 -0.8249009 0.004362369 114.49536 0.8239384 0.56442857 -0.051554527 103.78076 0.040064413 0.032730676 0.99866027 8.8446045
0.5759398 -0.8174403 0.0030849902 115.10962 0.81645626 0.5750522 -0.05137245 104.66528 0.04022307 0.032111987 0.99867487 8.900391
0.588139 -0.8088399 0.0022453945 115.73926 0.80778044 0.5872217 -0.052864514 105.529785 0.041445553 0.032900643 0.9985986 8.953857
0.5986604 -0.80092394 0.0030390779 116.36841 0.79980206 0.59761244 -0.05530043 106.37915 0.042481553 0.035531096 0.9984648 9.006348
0.60971487 -0.7927051 0.002486732 117.00806 0.7916416 0.60872775 -0.053791277 107.21948 0.041125122 0.034766544 0.998549 9.070923
0.61998576 -0.7846829 0.0025909916 117.64526 0.78371763 0.6190518 -0.05175305 108.04663 0.038997155 0.034122344 0.998657 9.123535
0.62951815 -0.77692026 0.0041250745 118.283936 0.77609134 0.628582 -0.04983091 108.85181 0.036114942 0.034573477 0.9987497 9.170776
0.64014316 -0.7681285 0.0040632742 118.94263 0.76736164 0.63924885 -0.048355874 109.64917 0.034549344 0.034068394 0.9988219 9.22522
0.6491418 -0.76077807 0.0011209359 119.58154 0.7599671 0.64838064 -0.047135763 110.41968 0.035127234 0.031444635 0.9988878 9.272461
0.6582197 -0.7528265 -0.001631961 120.23779 0.7519772 0.65757674 -0.046118435 111.18677 0.03579408 0.029132199 0.9989346 9.317749
0.6691979 -0.7432034 -0.0025096037 120.90967 0.74236035 0.6685925 -0.04548123 111.93872 0.03547399 0.028571345 0.9989619 9.361938
0.6761313 -0.736705 -0.0016513837 121.568115 0.73596257 0.6755468 -0.043433864 112.66943 0.033116963 0.028155163 0.99905497 9.408691
0.6851289 -0.7282861 -0.00012292108 122.23633 0.7276573 0.68454486 -0.041420486 113.391846 0.03025537 0.028284421 0.9991416 9.451172
0.69320333 -0.7206127 -0.0001397822 122.91846 0.72001964 0.6926404 -0.040431824 114.0979 0.029239446 0.027927654 0.99918216 9.498169
0.7002016 -0.713965 -0.0017141084 123.5791 0.71332616 0.69967276 -0.040686153 114.782715 0.030243032 0.02726611 0.9991706 9.538086
0.7084593 -0.70581406 -0.0015482709 124.26416 0.70523155 0.70796084 -0.039110955 115.47217 0.028704498 0.02660997 0.9992331 9.580566
0.7151553 -0.6989854 -0.0006978244 124.92749 0.69851106 0.7147061 -0.036136366 116.1355 0.025757823 0.025356028 0.99934655 9.615845
0.72267294 -0.6912414 -0.00013602735 125.60571 0.69086313 0.72228396 -0.03293918 116.79443 0.022865426 0.023710012 0.99945724 9.654419
0.7300815 -0.6834361 0.00090451236 126.284424 0.68310004 0.7296795 -0.032355044 117.43628 0.02145306 0.024241304 0.99947596 9.68689
0.7368363 -0.67601204 -4.8367992e-06 126.94165 0.6756835 0.7364785 -0.031172467 118.05615 0.021073943 0.022964505 0.99951416 9.72644
0.7440418 -0.6680908 -0.0010373153 127.61182 0.66781205 0.7437746 -0.027769461 118.67114 0.019322727 0.019966379 0.9996139 9.753784
0.75391597 -0.65686154 0.00049022154 128.29053 0.6566627 0.7536692 -0.025168847 119.262695 0.016166681 0.019296378 0.99968314 9.782227
0.76224226 -0.64719325 0.0010442834 128.95435 0.64706284 0.76205397 -0.021376675 119.84033 0.013041123 0.016970359 0.99977094 9.80957
0.7728892 -0.63463384 0.0008226032 129.64038 0.6345409 0.7727523 -0.018169302 120.40723 0.010893142 0.014565662 0.9998346 9.836914
0.7823139 -0.6228053 -0.0006457805 130.2959 0.6226945 0.7821934 -0.018078854 120.94995 0.011768542 0.013739202 0.99983627 9.86084
0.79137903 -0.6113511 -0.002571335 130.97559 0.6112168 0.7912811 -0.018052815 121.47876 0.013070605 0.012714466 0.99983376 9.881958
0.8018059 -0.5976234 -0.0026596542 131.66919 0.5974983 0.80171525 -0.017379213 121.99951 0.012518842 0.012346383 0.9998454 9.901489
0.81182325 -0.5839185 -0.0015748901 132.34961 0.5838263 0.8117376 -0.015794478 122.498535 0.010498855 0.011903407 0.9998741 9.918701
0.8210009 -0.5709234 0.0006695565 133.06055 0.5708809 0.82092434 -0.013203695 122.98877 0.0069892956 0.01122166 0.9999126 9.932983
0.8307976 -0.55667263 0.0024012397 133.75659 0.5566573 0.83072245 -0.012162611 123.46948 0.0047745467 0.011440925 0.9999231 9.952881
0.839068 -0.54415905 0.0045346175 134.4685 0.54417455 0.8390042 -0.01053075 123.936035 0.0019248766 0.011302747 0.9999342 9.96582
0.8472614 -0.53116685 0.0069349213 135.2002 0.5312118 0.847204 -0.009894239 124.39746 -0.0006210101 0.01206722 0.999927 9.975464
0.85392183 -0.5203486 0.008710483 135.9148 0.520416 0.85387075 -0.009656062 124.83887 -0.0024142843 0.012779417 0.9999154 9.983398
0.8609554 -0.5087047 0.008967092 136.64331 0.5087752 0.8609094 -0.00937959 125.27319 -0.002949087 0.012636995 0.9999157 9.992798
0.8675617 -0.49708667 0.009057572 137.40454 0.4971501 0.86754405 -0.0070314524 125.71655 -0.0043601696 0.01060505 0.99993426 10.002441
0.8733371 -0.48701435 0.00870068 138.13281 0.48706725 0.87333363 -0.0054974477 126.13818 -0.0049207923 0.009039285 0.99994695 10.007446
0.8801208 -0.47473377 0.008486647 138.90454 0.47477815 0.8801277 -0.004218301 126.56372 -0.0054677166 0.007741472 0.9999551 10.007324
0.8854913 -0.4646412 0.009213269 139.65942 0.46469328 0.8855003 -0.004561756 126.95776 -0.0060392106 0.008320789 0.9999471 10.012695
0.89034826 -0.45526642 0.008877397 140.42725 0.45532098 0.8903476 -0.0055127293 127.35376 -0.005394459 0.008949222 0.9999454 10.014404
0.89538175 -0.44521052 0.007908288 141.21509 0.4452582 0.89537376 -0.005836932 127.74365 -0.0044825776 0.008747964 0.9999517 10.013428
0.8982047 -0.43946737 0.008298934 141.99951 0.43951157 0.8982101 -0.0044738636 128.13818 -0.0054877605 0.007666236 0.9999556 10.020996
0.9010665 -0.4334885 0.011920291 142.79541 0.43354648 0.9011133 -0.002675735 128.52588 -0.0095819635 0.0075796787 0.99992543 10.020508
0.9038821 -0.42756185 0.014242869 143.61426 0.42758718 0.90398115 0.0013683233 128.91211 -0.013460552 0.0048534144 0.99989766 10.01355
0.9070278 -0.42074633 0.01608511 144.43628 0.4207394 0.90716475 0.0039764284 129.31079 -0.016265297 0.0031604394 0.9998628 10.010986
0.90996873 -0.41428447 0.017401025 145.2622 0.4142311 0.9101343 0.0067385975 129.69263 -0.018629652 0.0010754601 0.999826 10.00061
0.91320133 -0.40699226 0.019294001 146.09619 0.40687817 0.9134043 0.009692464 130.08911 -0.021568675 -0.0010001129 0.99976695 9.982666
0.916816 -0.39872995 0.021576408 146.99268 0.39858782 0.9170689 0.010713022 130.45776 -0.02405946 -0.0012219381 0.99970984 9.964722
0.9196217 -0.39202818 0.023802947 147.88037 0.39188778 0.9199296 0.010498383 130.84033 -0.026012367 -0.00032362342 0.99966145 9.954224
0.92291677 -0.38418984 0.02538305 148.76074 0.38404766 0.92326564 0.010452772 131.22119 -0.027451081 9.9572884e-05 0.99962324 9.9375
0.92637414 -0.37573773 0.025270004 149.66968 0.37560868 0.92671865 0.009853087 131.60205 -0.027120883 0.00036285762 0.9996322 9.904297
0.93060726 -0.36509266 0.025795206 150.59888 0.36501855 0.930962 0.0076939175 131.96216 -0.026823903 0.002256406 0.99963754 9.892578
0.9336539 -0.3573215 0.024615074 151.53564 0.35730016 0.93397075 0.005409714 132.32935 -0.024923164 0.0037449505 0.9996823 9.869873
0.93889034 -0.34337044 0.0238155 152.5044 0.34334844 0.9391864 0.0051357993 132.67554 -0.024130877 0.0033545373 0.9997033 9.855103
0.9432739 -0.3312247 0.02178584 153.46509 0.3311345 0.9435255 0.0077310815 133.03662 -0.023116492 -7.535389e-05 0.9997327 9.828125
0.94866407 -0.3155594 0.021828897 154.4497 0.31538948 0.9489088 0.010920887 133.37915 -0.024160383 -0.0034772018 0.9997021 9.808105
0.95495224 -0.29582566 0.023612076 155.48486 0.29554385 0.9552179 0.014725126 133.69263 -0.02691028 -0.007083699 0.99961275 9.78125
0.96063095 -0.2767469 0.024768367 156.50195 0.27635422 0.96089184 0.018145638 134.00708 -0.02882123 -0.010587539 0.9995285 9.76123
0.9663151 -0.2561574 0.02553189 157.50928 0.25570184 0.96657014 0.019794133 134.30713 -0.029749062 -0.012600132 0.99947786 9.742065
0.97171146 -0.23465595 0.026610687 158.60156 0.23411605 0.97195923 0.021900102 134.5686 -0.031003734 -0.015050263 0.9994059 9.708008
0.9766912 -0.2125751 0.029515054 159.67627 0.21196167 0.9770093 0.022582844 134.83105 -0.03363892 -0.015798258 0.99930894 9.688599
0.9810484 -0.19095455 0.033038683 160.75781 0.19019745 0.98143977 0.024738785 135.05225 -0.037149306 -0.017987074 0.9991478 9.644653
0.9851947 -0.16718917 0.037909836 161.90845 0.16625293 0.98572195 0.026651695 135.2544 -0.04182463 -0.019953385 0.99892545 9.619263
0.9884368 -0.14581658 0.041628756 163.00366 0.14471008 0.9890649 0.02847946 135.4336 -0.04532682 -0.022128167 0.9987277 9.569336
0.9914967 -0.12330121 0.041653343 164.15723 0.12209863 0.9920582 0.030280365 135.60083 -0.045055732 -0.024937093 0.9986729 9.52771
0.9940277 -0.101347305 0.04045814 165.31201 0.10017153 0.9945146 0.030097628 135.73291 -0.04328701 -0.025864331 0.9987273 9.483887
0.99606895 -0.0793938 0.039315235 166.4707 0.07823346 0.9964774 0.030229777 135.8352 -0.041576456 -0.02703627 0.9987697 9.432861
0.99733764 -0.059394922 0.0423104 167.67383 0.05816442 0.99786395 0.029739376 135.91235 -0.043986592 -0.027199278 0.9986616 9.397949
0.9982577 -0.038897276 0.0443751 168.87964 0.03765696 0.99888533 0.02845719 135.97559 -0.04543258 -0.026736705 0.9986098 9.349121
0.99877876 -0.01744974 0.046219148 170.09302 0.0160355 0.999397 0.03079605 136.00903 -0.046728782 -0.03001709 0.9984565 9.302612
0.99890363 0.0013060361 0.04679602 171.32129 -0.0027594396 0.9995153 0.031008814 136.02344 -0.04673285 -0.031103935 0.99842304 9.254395
0.9985835 0.02245149 0.048242982 172.55542 -0.024024487 0.99919015 0.03227888 136.00854 -0.04747928 -0.033391982 0.998314 9.202148
0.9978602 0.04417536 0.048198346 173.81348 -0.045847505 0.9983643 0.034150124 135.96802 -0.046610646 -0.036286984 0.9982535 9.147095
0.99689645 0.06300977 0.04717842 175.07788 -0.06471883 0.9972671 0.03560767 135.9104 -0.044804886 -0.038550936 0.99825126 9.096313
0.99545896 0.08308539 0.046486884 176.33594 -0.08475949 0.9957782 0.035286795 135.81982 -0.04336017 -0.039066024 0.9982957 9.048218
0.99399453 0.09998316 0.044424605 177.60132 -0.101655416 0.9941244 0.037124492 135.70654 -0.040451027 -0.04141866 0.99832267 8.99707
0.9918141 0.1198642 0.043988418 178.90332 -0.12157281 0.9918356 0.03847466 135.56445 -0.039018042 -0.043507796 0.99829125 8.954834
0.9892673 0.14011441 0.04134549 180.21973 -0.14171875 0.9891414 0.03881794 135.39062 -0.035457034 -0.044262055 0.99839073 8.9140625
0.98657584 0.15922141 0.036488444 181.55298 -0.16064328 0.98620754 0.04003912 135.20093 -0.029610762 -0.045362037 0.9985313 8.868164
0.9832059 0.179775 0.03133666 182.8855 -0.18100838 0.9825664 0.042364433 134.98047 -0.023174116 -0.047326393 0.99861056 8.842529
0.98022527 0.19599612 0.027211413 184.1919 -0.1970597 0.97938496 0.044375483 134.73633 -0.017953318 -0.048859823 0.9986444 8.824829
0.97661597 0.21357411 0.024536623 185.53564 -0.21452878 0.9755846 0.04696792 134.45996 -0.013904396 -0.051133715 0.99859464 8.811279
0.97243595 0.23206805 0.022658262 186.89014 -0.23292565 0.9712754 0.048690736 134.16602 -0.010708593 -0.052626904 0.9985569 8.795166
0.9683585 0.24842064 0.023432337 188.23828 -0.24929813 0.9671967 0.048595954 133.83276 -0.010591792 -0.05290039 0.99854404 8.779907
0.9633281 0.26740927 0.02197554 189.57812 -0.26817742 0.96219593 0.04745404 133.47607 -0.0084555745 -0.051607605 0.99863183 8.786499
0.9586474 0.28401107 0.01864386 190.93066 -0.28458992 0.95746595 0.047774393 133.094 -0.0042842426 -0.051103413 0.9986842 8.782471
0.9537391 0.30023468 0.015482742 192.27686 -0.30063352 0.95244944 0.04958777 132.6897 0.00013940851 -0.051948257 0.9986501 8.78186
0.9481992 0.31716463 0.01638215 193.6101 -0.3175866 0.946821 0.05111031 132.25488 0.0007040554 -0.0536671 0.9985586 8.7948
0.94247395 0.33391592 0.01687925 194.98486 -0.33433765 0.9409878 0.05292273 131.7976 0.001789615 -0.055520233 0.9984551 8.804932
0.93593675 0.35177535 0.01612479 196.34082 -0.3521058 0.93417424 0.057639875 131.31152 0.0052172155 -0.059623618 0.9982067 8.804321
0.9287223 0.3705603 0.013824741 197.6726 -0.37071523 0.92694056 0.058153406 130.79639 0.008735113 -0.059132412 0.9982113 8.827148
0.9216937 0.38764465 0.011547172 199.05151 -0.38762152 0.9198784 0.05910779 130.25244 0.012298526 -0.058955792 0.99818456 8.849609
0.91381043 0.40604687 0.007230101 200.40674 -0.4057179 0.911998 0.060233343 129.65259 0.017867202 -0.057974294 0.99815786 8.88147
0.90484303 0.42576155 0.0041851336 201.72192 -0.42515984 0.9029463 0.062926844 129.0664 0.023006305 -0.058717676 0.99801004 8.922241
0.89487684 0.44628888 0.002748225 203.06348 -0.4454684 0.89282143 0.06643379 128.46045 0.027198602 -0.06067803 0.99778676 8.967773
0.88259804 0.4700957 0.0024296958 204.40576 -0.469116 0.88040155 0.06928261 127.75464 0.030427158 -0.062287766 0.99759483 9.016357
0.8682184 0.49603668 0.0035359208 205.74414 -0.49491936 0.86573875 0.07363386 127.0188 0.033466477 -0.065682955 0.99728024 9.07312
0.8545723 0.5191241 0.0036128266 207.04565 -0.51776624 0.85179114 0.07852704 126.3103 0.0377051 -0.06897886 0.9969052 9.1328125
0.8402709 0.5420411 0.004154655 208.2998 -0.5405387 0.83732074 0.08119592 125.53052 0.04054151 -0.07047002 0.9966894 9.201538
0.82485956 0.5653173 0.0039359294 209.60596 -0.5636608 0.8218678 0.08254172 124.681885 0.043423474 -0.07030485 0.9965804 9.277588
0.80768096 0.58951783 0.0038591935 210.86548 -0.5876878 0.8046225 0.08424633 123.81348 0.046578087 -0.07030849 0.9964359 9.352539
0.79199755 0.61060596 0.0009942357 212.05713 -0.60840493 0.7890024 0.08613081 122.94116 0.05180093 -0.068817504 0.9962832 9.438232
0.775371 0.6315652 -0.0015777862 213.27197 -0.62898433 0.7724224 0.088412516 122.00342 0.05706239 -0.06755982 0.9960813 9.534668
0.7576102 0.65253 -0.0034778777 214.43921 -0.64963865 0.75473475 0.090137795 121.03955 0.06146364 -0.06602478 0.9959222 9.629272
0.74204004 0.67029864 -0.004155109 215.6018 -0.66724277 0.7392231 0.091003925 120.042725 0.06405644 -0.06475191 0.99584377 9.734619
0.7243549 0.6893559 -0.004754798 216.75171 -0.6861031 0.7215746 0.09227484 118.99707 0.06705371 -0.06356829 0.99572086 9.846558
0.7079503 0.7062722 -0.005836984 217.84888 -0.7028626 0.70530117 0.092642866 117.94263 0.06953676 -0.061468024 0.9956822 9.959351
0.694303 0.7195709 -0.007429421 218.92871 -0.7159775 0.69179785 0.0932051 116.865234 0.07221104 -0.059397113 0.9956198 10.078491
0.677549 0.73530626 -0.010050838 219.99829 -0.73139435 0.67523825 0.09468542 115.75488 0.0764212 -0.05680525 0.99545646 10.202881
0.66336226 0.7481922 -0.012278175 221.03052 -0.7439651 0.6611972 0.09656144 114.6167 0.08037718 -0.054930422 0.99525064 10.338379
0.64728105 0.7621161 -0.012972169 222.05762 -0.7575915 0.6451276 0.09914234 113.476074 0.08391976 -0.054336138 0.99498904 10.465942
0.6320299 0.7748625 -0.011935794 223.04956 -0.77036387 0.6298857 0.098989315 112.298584 0.084222436 -0.05336616 0.9950165 10.612061
0.6152084 0.78829074 -0.009301206 224.02539 -0.7837645 0.61286205 0.100439 111.09497 0.08485685 -0.054501854 0.99490184 10.754883
0.5979163 0.8014826 -0.0043178294 224.97437 -0.79711485 0.5952034 0.101189286 109.89282 0.083672605 -0.05706089 0.9948584 10.899658
0.57934666 0.81508243 0.00072997157 225.9021 -0.8108756 0.5762645 0.1019821 108.66235 0.082712896 -0.059674248 0.994785 11.0373535
0.56300694 0.8263703 0.00429448 226.78613 -0.8222218 0.5596456 0.103104815 107.438965 0.08280958 -0.061574306 0.9946607 11.18396
0.54396045 0.83907473 0.0072619794 227.62817 -0.83472735 0.54021835 0.106708854 106.19849 0.08561359 -0.06411007 0.99426407 11.33667
0.52690375 0.84978074 0.010184556 228.43896 -0.8452931 0.52280414 0.10961297 104.93799 0.08784672 -0.06638924 0.99392164 11.486816
0.50595534 0.862412 0.013005878 229.22192 -0.85799384 0.5017056 0.1097851 103.68042 0.08817056 -0.06671995 0.9938698 11.640869
0.48388425 0.87482303 0.016778626 229.97363 -0.870671 0.47951168 0.10837264 102.40625 0.08676085 -0.06704633 0.9939702 11.79126
0.46513292 0.8850401 0.020668589 230.6748 -0.88123983 0.46065524 0.106242545 101.14258 0.08448888 -0.067635156 0.99412704 11.937012
0.4427174 0.8965064 0.024529403 231.33691 -0.8930267 0.43814903 0.10416379 99.85742 0.08261567 -0.0680041 0.9942574 12.082642
0.41900226 0.90769064 0.026575718 231.97485 -0.90437406 0.41447008 0.102436416 98.56201 0.08196519 -0.06696201 0.994384 12.224487
0.3969218 0.91734844 0.028721377 232.56372 -0.9140678 0.3922945 0.10241307 97.284424 0.08268837 -0.06692682 0.9943278 12.36145
0.37709793 0.92585576 0.028357515 233.11743 -0.92258114 0.3726732 0.100836635 95.99707 0.08281416 -0.064172976 0.9944955 12.498779
0.3541753 0.9347003 0.027659195 233.64209 -0.9312758 0.34989083 0.10087554 94.69873 0.08462031 -0.06151726 0.9945152 12.640015
0.33364663 0.9421812 0.027158152 234.11426 -0.93864495 0.32949194 0.100729495 93.43677 0.08595848 -0.059106547 0.9945442 12.773315
0.3117916 0.94983214 0.0274096 234.57495 -0.9463884 0.3078129 0.09871906 92.13403 0.08531661 -0.056709733 0.9947381 12.915039
0.29296613 0.9557114 0.02658852 234.98633 -0.9522471 0.28918916 0.09754799 90.84985 0.0855543 -0.053907037 0.994875 13.048584
0.27157834 0.9619593 0.028833637 235.37671 -0.9581517 0.26745337 0.101821564 89.58862 0.090217255 -0.055276606 0.99438643 13.183838
0.25153604 0.96724004 0.031084547 235.74683 -0.962703 0.24682616 0.10988915 88.31836 0.098604575 -0.057585124 0.99346036 13.324951
0.23307845 0.9718718 0.03327677 236.07324 -0.9665411 0.22776023 0.117874205 87.0647 0.10700347 -0.05967226 0.99247026 13.476685
0.21266422 0.9764634 0.03669923 236.37573 -0.97079426 0.20685472 0.12173506 85.819824 0.11127965 -0.06149777 0.9918829 13.631836
0.19277035 0.98047495 0.039749347 236.65894 -0.9748959 0.18674812 0.12152791 84.5603 0.111726925 -0.062145766 0.9917908 13.7873535
0.17395644 0.9837391 0.044791546 236.9126 -0.97835076 0.16746281 0.12164026 83.32056 0.112177886 -0.064995274 0.99156195 13.951294
0.15368885 0.98684543 0.050327934 237.1416 -0.98179996 0.14675473 0.12060694 82.07788 0.11161788 -0.067923106 0.99142444 14.110107
0.135625 0.9893829 0.051477257 237.33423 -0.98440504 0.1287224 0.11957409 80.8479 0.11167985 -0.066878654 0.99148965 14.265625
0.11740255 0.9916409 0.054018762 237.5061 -0.98674494 0.11032705 0.119232036 79.628174 0.11227574 -0.06730661 0.99139565 14.418091
