7.776073900203464007e-01 -6.283911339304444343e-01 2.124452360856862385e-02 -6.595971772495138907e+01 6.274257387845421086e-01 7.777182841590105644e-01 3.861622451040025439e-02 2.571324496815926963e+01 -4.078834755683463653e-02 -1.669890063374026429e-02 9.990282565679546867e-01 -8.851355534339115927e-01 -4.809208017785018303e-24 -1.416202385148814181e-23 -3.430527606006730092e-24 9.999999999999997780e-01
7.495564176340993034e-01 -6.613626442214309842e-01 2.765193685750608199e-02 -6.556028400509852361e+01 6.606066934490195663e-01 7.500436610892393663e-01 3.214503118996329956e-02 2.609140128938112468e+01 -4.199968278318687298e-02 -5.827459848587155516e-03 9.991006292450348436e-01 -8.926928588491560568e-01 -4.809208017785018303e-24 -1.416202385148814181e-23 -3.430527606006730092e-24 9.999999999999997780e-01
7.210810297445224837e-01 -6.927561254284649861e-01 1.144985693875423018e-02 -6.520763387237784059e+01 6.924006114195510042e-01 7.211097523607165050e-01 2.412712904797300467e-02 2.648755719645683371e+01 -2.497081993865705313e-02 -9.469727113631642990e-03 9.996433276023927172e-01 -9.018732597920620098e-01 1.536868444432558346e-18 -1.817053494256492988e-18 5.912010487712299144e-20 9.999999999999998890e-01
6.908611800421933236e-01 -7.228473904037294728e-01 -1.422955014128383412e-02 -6.487015576828513019e+01 7.229835194392666420e-01 6.907883868637285651e-01 1.030704581430158702e-02 2.690226694647849826e+01 2.379186818254398848e-03 -1.740846807520042214e-02 9.998456304396990957e-01 -9.075952197413318379e-01 3.551596767956360927e-18 -6.396035179304981039e-18 9.867993891481846920e-20 9.999999999999996669e-01
6.561920211509266743e-01 -7.540542145657074258e-01 -2.853546694119072843e-02 -6.453055845941298685e+01 7.541054753929604670e-01 6.566586410958162867e-01 -1.115172885930408586e-02 2.732517128329450884e+01 2.714706909068913959e-02 -1.420107636373310264e-02 9.995305728540261336e-01 -9.271753585463470282e-01 4.448044332033408364e-18 -1.068280150080632824e-17 5.915313397358677073e-20 9.999999999999993339e-01
6.188693899342493365e-01 -7.849965988986452592e-01 -2.794669783651248726e-02 -6.419417981671873008e+01 7.842883205090815935e-01 6.194987690277533599e-01 -3.336323554663218893e-02 2.776917231588783253e+01 4.350297134047069469e-02 -1.270783480996556325e-03 9.990524894087875474e-01 -9.384650895998729592e-01 6.219855155053725477e-18 -1.489415564752428145e-17 -2.094676703503545911e-20 9.999999999999990008e-01
5.859549962032244430e-01 -8.100300550888471784e-01 -2.254001502293052212e-02 -6.386895619292380388e+01 8.090556168378472135e-01 5.863649498182664788e-01 -4.006437928819550631e-02 2.825941960371120842e+01 4.567002613974116554e-02 5.239797455787239579e-03 9.989428378215738924e-01 -9.622329247345727810e-01 6.223539328811812558e-18 -2.045473685135001378e-17 -1.683392072823852045e-20 9.999999999999985567e-01
5.571875881703611810e-01 -8.302310599734992191e-01 -1.607416076100406585e-02 -6.356509811601878823e+01 8.298822823994601583e-01 5.574193954819522956e-01 -2.406272844031299291e-02 2.876591392267156166e+01 2.893767351313429950e-02 6.779240445776517604e-05 9.995812155377066244e-01 -9.318462888233562946e-01 7.739644472066664009e-18 -2.470485326413546017e-17 -5.201319181218273103e-20 9.999999999999980016e-01
5.285490154727946477e-01 -8.488653032336476167e-01 -7.977167967452167274e-03 -6.328465367458476720e+01 8.488265250223059333e-01 5.286041540175216991e-01 -8.436751387277929490e-03 2.927762225470077695e+01 1.137842964955960122e-02 -2.311995125798065390e-03 9.999325907366213295e-01 -8.754821443780859136e-01 7.646147430355330639e-18 -2.828574616732360672e-17 -6.569955935055243628e-20 9.999999999999974465e-01
4.986858323716034658e-01 -8.667595433114619885e-01 -6.350958222142587609e-03 -6.301220700079583992e+01 8.667456013245904423e-01 4.987189296274880945e-01 -5.611756915585345250e-03 2.979611256712665934e+01 8.031386947983894242e-03 -2.706161434723587753e-03 9.999640861120886459e-01 -8.683423861701931035e-01 8.472382826676551240e-18 -3.321980839460192679e-17 -4.934637712400342676e-20 9.999999999999970024e-01
4.711512076981644315e-01 -8.820418952861887041e-01 -4.316763197328811648e-03 -6.274935861300777873e+01 8.819225709459925788e-01 4.711601708641320330e-01 -1.485504114046411715e-02 3.031850419588613832e+01 1.513665552772301692e-02 3.191919676581226901e-03 9.998803394947906042e-01 -8.632303655190010083e-01 1.021927767280376094e-17 -3.811037880687627750e-17 -1.206020314371451913e-20 9.999999999999966693e-01
4.457960511288586725e-01 -8.951180898226213101e-01 -5.430107753039592478e-03 -6.250220164357522634e+01 8.948706333467405516e-01 4.458037091058222878e-01 -2.157782475334448294e-02 3.085360975687858343e+01 2.173546345289056880e-02 4.760065102886801465e-03 9.997524250576790283e-01 -8.592038845444115447e-01 1.108734385560440662e-17 -4.215968898502784825e-17 4.712131478682348702e-20 9.999999999999963363e-01
4.227290615980305311e-01 -9.062379023953367474e-01 -5.744975416833660725e-03 -6.226304594506677148e+01 9.059967197627512014e-01 4.227512359484081883e-01 -2.124467658542236043e-02 3.141161755395372168e+01 2.168142660380039180e-02 3.775813314139125128e-03 9.997578001567420936e-01 -8.549937464934826981e-01 1.316412602372256846e-17 -4.882609270503802474e-17 9.180014970337670428e-20 9.999999999999958922e-01
4.030177556577292375e-01 -9.151780741668213981e-01 -5.077517986631091204e-03 -6.202958383613822946e+01 9.150714317046433344e-01 4.030485026461641529e-01 -1.400640541644414781e-02 3.198955754251069905e+01 1.486484115669201543e-02 9.985384222336256537e-04 9.998890135502118692e-01 -8.484489707014718496e-01 1.361765241266517417e-17 -5.473536762027811414e-17 1.466750485671614900e-19 9.999999999999954481e-01
3.858114262594676269e-01 -9.225748143106150545e-01 -2.292458801609092729e-03 -6.180252073528658485e+01 9.225603506808719434e-01 3.858182179328834560e-01 -5.167403861768032035e-03 3.257373538414430669e+01 5.651789027760333040e-03 -1.212881419680774796e-04 9.999840211573308713e-01 -8.436619367425004512e-01 1.343157500126676128e-17 -6.074233991032937940e-17 1.929098835098957500e-19 9.999999999999948930e-01
3.696136529356562339e-01 -9.291845051052205484e-01 1.379505676428489881e-03 -6.157845715310989476e+01 9.291838213619892928e-01 3.696154126982675869e-01 1.368508315487939643e-03 3.316237841955166488e+01 -1.781483281771485639e-03 7.759949984524154836e-04 9.999981120727647887e-01 -8.402356601574536565e-01 1.353003021084548437e-17 -6.607151545633843728e-17 2.285087356515107239e-19 9.999999999999945599e-01
3.554588588729225562e-01 -9.346901498480518766e-01 1.823026540643778387e-03 -6.136317828142583863e+01 9.346845227562047276e-01 3.554631303504658391e-01 3.287230056199422646e-03 3.375971243952574241e+01 -3.720560274663105120e-03 5.354796474823590160e-04 9.999929353214487282e-01 -8.417751187217517028e-01 1.240200102916485812e-17 -7.078118405483792683e-17 2.704876178489283227e-19 9.999999999999942268e-01
3.424481287881155356e-01 -9.395366709502041003e-01 3.507553354567503347e-04 -6.115876459226382167e+01 9.395339546146477261e-01 3.424479994660718507e-01 2.305599235530110796e-03 3.435848336383312329e+01 -2.286310493224421540e-03 -4.600015965206865004e-04 9.999972805877423987e-01 -8.465871212858121497e-01 1.284347510196915068e-17 -7.656994652730165704e-17 3.140693712982676063e-19 9.999999999999940048e-01
3.303194392592782025e-01 -9.438590730229050596e-01 -4.372450086023231888e-03 -6.096148789258992906e+01 9.438690875206341424e-01 3.303135866500163664e-01 2.019925086551838285e-03 3.497366631919015134e+01 -4.622449494060572447e-04 -4.794240994861945389e-03 9.999884007241850448e-01 -8.512602297490378112e-01 1.315765364113389591e-17 -8.308817160992459846e-17 3.523331816066546787e-19 9.999999999999937828e-01
3.198900046163614674e-01 -9.474255594661639135e-01 -7.429281038135115110e-03 -6.076656147458547252e+01 9.474546767913121226e-01 3.198813477336817646e-01 2.357710401891791822e-03 3.560061180756859045e+01 1.427333345992712809e-04 -7.793115056125688063e-03 9.999696230310916034e-01 -8.579220577051198671e-01 1.395319023026159811e-17 -9.091920696776357238e-17 3.560116830159176862e-19 9.999999999999934497e-01
3.118323432502141945e-01 -9.500901112037627438e-01 -9.453586402623663509e-03 -6.057125154724370475e+01 9.501370567973026482e-01 3.118211074146220452e-01 2.677736219512527518e-03 3.623009903585185043e+01 4.037370785345808437e-04 -9.817207520707032717e-03 9.999517285513814802e-01 -8.607486370909461781e-01 1.652670970110692755e-17 -1.016157739896331984e-16 3.202223755209659714e-19 9.999999999999930056e-01
3.058398927742781437e-01 -9.520179251923095443e-01 -1.112789738961291776e-02 -6.037440231125000878e+01 9.520812291822360329e-01 3.058407236809116414e-01 1.668765160095202075e-03 3.687224350469823975e+01 1.814669845338544698e-03 -1.110503718254833572e-02 9.999366905572364406e-01 -8.586567594355927202e-01 1.921091502143063637e-17 -1.096535108843497455e-16 2.556772117582565737e-19 9.999999999999924505e-01
3.012681082069323946e-01 -9.534541512437844091e-01 -1.275572237752447061e-02 -6.017451509885273708e+01 9.535369273670093460e-01 3.012712587469724701e-01 1.719534958881762830e-03 3.752305031743470209e+01 2.203434792148455546e-03 -1.268109336627253059e-02 9.999171639421872149e-01 -8.594905367918224126e-01 2.189821629417086401e-17 -1.183007133882516988e-16 1.813081190281013270e-19 9.999999999999921174e-01
2.979240061357021907e-01 -9.545029880522988286e-01 -1.285816344758051143e-02 -5.997476004133924476e+01 9.545859839165666827e-01 2.979328798009175938e-01 1.264295671906991549e-03 3.817711763274111547e+01 2.624095668270948461e-03 -1.265088663748686719e-02 9.999165311110949084e-01 -8.652026121259419611e-01 2.472110548312021912e-17 -1.263447214844436786e-16 9.252096325472408017e-20 9.999999999999917843e-01
2.956688403703131574e-01 -9.552173888248879363e-01 -1.181849908364474531e-02 -5.977074403726496143e+01 9.552811706456796337e-01 2.956979978687028221e-01 -7.609640142653873070e-04 3.883716931341446355e+01 4.221592575542112806e-03 -1.106499629224166198e-02 9.999298695474679866e-01 -8.673032684082050414e-01 2.669199431145918044e-17 -1.317809868842389549e-16 1.332097927693557487e-20 9.999999999999914513e-01
2.948699449351965818e-01 -9.554743438702459901e-01 -1.097696586426198835e-02 -5.956706999717678030e+01 9.555236765743561067e-01 2.949078136733211952e-01 -1.971025168262507607e-03 3.950550300746684229e+01 5.120456983192320753e-03 -9.907554697423857221e-03 9.999378087062414933e-01 -8.653243187666861402e-01 3.045013582971575353e-17 -1.382458807978699240e-16 -4.884572403343040325e-20 9.999999999999911182e-01
2.945001138833091003e-01 -9.555910959212898792e-01 -1.073966101000368989e-02 -5.936112532565835664e+01 9.556402807539292610e-01 2.945323959709343908e-01 -1.523654860884482995e-03 4.018223315916922189e+01 4.619169107509005397e-03 -9.814536132757562328e-03 9.999411673480078644e-01 -8.639918262046804021e-01 3.397578041019377439e-17 -1.443982099610327280e-16 -1.223576823379925827e-19 9.999999999999907851e-01
2.935682827711370013e-01 -9.558605982559434944e-01 -1.217292292485837486e-02 -5.915298330658876580e+01 9.559332178767446786e-01 2.935837033451144662e-01 5.404534573731279616e-04 4.087477892445515693e+01 3.057173627718907504e-03 -1.179516137592961228e-02 9.999257611730835160e-01 -8.649295321091654554e-01 3.708463774689596054e-17 -1.479590855021645793e-16 -1.888338603477522768e-19 9.999999999999904521e-01
2.930015382058917539e-01 -9.560524641898252574e-01 -1.066697358575952742e-02 -5.894478288421336742e+01 9.561116827116704631e-01 2.929745704850905130e-01 4.043665576028720489e-03 4.156942354364262826e+01 -7.408044336597175827e-04 -1.138361829829398486e-02 9.999349301045933336e-01 -8.663264950775741990e-01 4.028079831152936829e-17 -1.489294787549442413e-16 -2.325977713763822776e-19 9.999999999999902300e-01
2.924362873240494709e-01 -9.562628886250049698e-01 -6.504282790516041635e-03 -5.872746408526141693e+01 9.562809146072168698e-01 2.924083682654173844e-01 4.915132378024873565e-03 4.227071238997499592e+01 -2.798251968274538971e-03 -7.657284560120947332e-03 9.999667673373641152e-01 -8.721417786103016212e-01 4.396023585863852226e-17 -1.478456555598778999e-16 -2.330207634886776456e-19 9.999999999999901190e-01
2.918030034455120214e-01 -9.564764119934816566e-01 -1.969893444668568798e-03 -5.850673502442154472e+01 9.564775745605711421e-01 2.917993490295506809e-01 1.946604378424984490e-03 4.297152602812602140e+01 -1.287067546636885959e-03 -2.452183908251089495e-03 9.999961651182783795e-01 -8.776068986237934855e-01 4.877758381933226217e-17 -1.464765754551572522e-16 -2.096313852511851545e-19 9.999999999999900080e-01
2.915618061491835333e-01 -9.565519628267934449e-01 2.358117063178162694e-04 -5.828319445284456179e+01 9.565480929007014188e-01 2.915599049859693426e-01 -2.927075767384373830e-03 4.368531947447236519e+01 2.731146831943450162e-03 1.078988735428284152e-03 9.999956883008777053e-01 -8.778410605139949086e-01 5.342587240023489723e-17 -1.455534574298237348e-16 -2.021840576418081083e-19 9.999999999999900080e-01
2.913743941630578260e-01 -9.566029076854191127e-01 -3.440847836777959773e-03 -5.806799168575421533e+01 9.565886123112204986e-01 2.913898087481561205e-01 -5.496012567947914165e-03 4.440896395024517318e+01 6.260129596262637049e-03 -1.690078525067185500e-03 9.999789769850537802e-01 -8.777271185804860210e-01 5.914114860740763596e-17 -1.474370624504569684e-16 -2.120295209251329374e-19 9.999999999999897859e-01
2.909582276949150281e-01 -9.566862550400512255e-01 -9.732376585214988496e-03 -5.784946644668832505e+01 9.566875739988380811e-01 2.910306121504860899e-01 -7.075913189703439236e-03 4.514765644454075755e+01 9.601848405718047333e-03 -7.252048583561466165e-03 9.999276035286732700e-01 -8.785818593911598473e-01 6.530829760582422964e-17 -1.491573874808777839e-16 -2.455275729879550293e-19 9.999999999999895639e-01
2.903473738745198096e-01 -9.568833134125250828e-01 -8.528012473857543227e-03 -5.762481083323312703e+01 9.568701297969031128e-01 2.904124888683432548e-01 -7.755063615848385716e-03 4.588279019029189243e+01 9.897332296089115036e-03 -5.908538047686984207e-03 9.999335637889265049e-01 -8.793376745650933746e-01 7.242248058413186368e-17 -1.500092380169757888e-16 -3.097984412353528486e-19 9.999999999999895639e-01
2.897773204105513756e-01 -9.570867335433778100e-01 -3.753538445456087655e-03 -5.738992100536128760e+01 9.570578138590151163e-01 2.897982546744038435e-01 -7.570503219872974990e-03 4.662503402961827703e+01 8.333397088332071892e-03 -1.398593161639077615e-03 9.999642985778054438e-01 -8.811349712589124916e-01 7.909515364256079646e-17 -1.502586471914948874e-16 -3.790230546140711912e-19 9.999999999999895639e-01
2.901097056564502785e-01 -9.569854419992861461e-01 -3.901600347063400014e-03 -5.716008489428689643e+01 9.569813806930443922e-01 2.901240815113983462e-01 -3.828097951707503093e-03 4.738908973902536559e+01 4.795382227445395794e-03 -2.623190517060869018e-03 9.999850614788567960e-01 -8.771812231118526482e-01 8.515232352227617120e-17 -1.517051855660091866e-16 -4.306542056380824196e-19 9.999999999999893419e-01
2.913163082939237425e-01 -9.566105798866763044e-01 -5.568390322372157933e-03 -5.692919480414914091e+01 9.566267297516188872e-01 2.913093519501378514e-01 2.039948782571984406e-03 4.816092766760246491e+01 -3.293124116219438942e-04 -5.921141372528675000e-03 9.999824156645229500e-01 -8.752154945452855772e-01 9.229487874100639507e-17 -1.546800130644602045e-16 -4.629883789772888257e-19 9.999999999999893419e-01
2.911077051944144234e-01 -9.566595643502022739e-01 -7.666936391110362042e-03 -5.669410943850511586e+01 9.566774971623029922e-01 2.910530273857855899e-01 7.503444059846448716e-03 4.894611160196112110e+01 -4.946756478014211617e-03 -9.519095898876287626e-03 9.999424565512212704e-01 -8.810795687043190272e-01 9.895472482591366797e-17 -1.575837336220668347e-16 -4.729546886979205081e-19 9.999999999999892308e-01
2.907985940875602582e-01 -9.567782003364058152e-01 -3.413654584988609110e-03 -5.644967217147452487e+01 9.567525696722952722e-01 2.907580502044587734e-01 9.180232386878569087e-03 4.973221981056450147e+01 -7.790898670587478002e-03 -5.935621467672999585e-03 9.999520339975193073e-01 -8.974994673485554575e-01 1.053726087675763491e-16 -1.623999114058011158e-16 -4.890017358909897407e-19 9.999999999999891198e-01
2.902807137707881791e-01 -9.569377281091465681e-01 2.700321077769132164e-03 -5.620468730994220863e+01 9.569054215594497981e-01 2.902931185255206992e-01 7.868896159792106854e-03 5.051395766180646518e+01 -8.313928240567146008e-03 2.997630854050290601e-04 9.999653937708968821e-01 -9.078689259516871113e-01 1.102436912983150125e-16 -1.659757642919425713e-16 -5.066390375094425013e-19 9.999999999999888978e-01
2.893894902386273116e-01 -9.572101205008617386e-01 1.583714003969717739e-03 -5.596707022275705867e+01 9.571912978623876578e-01 2.893937382422966942e-01 6.006959512030251615e-03 5.130403239437492147e+01 -6.208239354273117731e-03 -2.224336881790808492e-04 9.999807039575606682e-01 -9.105408967976410528e-01 1.152370035972158575e-16 -1.648007674685296471e-16 -5.124057353613230670e-19 9.999999999999887867e-01
2.900877217495602123e-01 -9.569784777721929148e-01 -6.427034374949572998e-03 -5.573928928930683213e+01 9.569945813621931752e-01 2.900567962067112648e-01 5.331624293784311200e-03 5.211118979769759108e+01 -3.238044700814048972e-03 -7.697275815674889561e-03 9.999651328979525244e-01 -9.200163928730902274e-01 1.194634792238157071e-16 -1.630801530945141019e-16 -5.323180541764083007e-19 9.999999999999886757e-01
2.892414784632666436e-01 -9.572171303615345517e-01 -8.644794890566230919e-03 -5.549478266914999836e+01 9.572551932026027721e-01 2.892422637396090401e-01 1.186572098265162170e-03 5.291200812112597163e+01 1.364632904839954437e-03 -8.618480671182865774e-03 9.999619290593243504e-01 -9.298245527620355722e-01 1.228328475253289394e-16 -1.617857848275863699e-16 -5.558290250727448451e-19 9.999999999999885647e-01
2.884896350599518433e-01 -9.574512494752422942e-01 -7.799701350533190178e-03 -5.524702545986365010e+01 9.574665507653371543e-01 2.885228775559776082e-01 -3.514725061255614524e-03 5.371286654857613740e+01 5.615570179190314780e-03 -6.453991398849270519e-03 9.999634050137428121e-01 -9.306592603491592453e-01 1.255965668545149207e-16 -1.580841257565068291e-16 -5.714568867104073556e-19 9.999999999999885647e-01
2.886569036807010713e-01 -9.573827806890851111e-01 -9.767456034534747339e-03 -5.500401617548874356e+01 9.574065651139526123e-01 2.887092715759899675e-01 -4.430077050520367550e-03 5.452387005833927702e+01 7.061234602171012273e-03 -8.072654207467762008e-03 9.999424839559700739e-01 -9.271002931414197290e-01 1.281512596017931388e-16 -1.540807102759783299e-16 -6.389489357776590662e-19 9.999999999999883427e-01
2.889247379228361834e-01 -9.572296625743831333e-01 -1.529277292812192962e-02 -5.476803369093342866e+01 9.573373147449258935e-01 2.889714133693733200e-01 -8.877230369854677327e-04 5.535298192145668850e+01 5.268929030525312633e-03 -1.438385702421529633e-02 9.998826646382450445e-01 -9.262896514042501250e-01 1.307295430824556612e-16 -1.503209885097283901e-16 -6.843223231122428853e-19 9.999999999999881206e-01
2.890036262606546780e-01 -9.572487590951528347e-01 -1.231735437732670545e-02 -5.451961235789792681e+01 9.573279816289781419e-01 2.889770231761393804e-01 3.926278944790004971e-03 5.617898411387355395e+01 -1.989932464005387907e-04 -1.292645685782280000e-02 9.999164300654793669e-01 -9.277176253849049870e-01 1.322391732546744161e-16 -1.472942652200717753e-16 -7.191989084908244962e-19 9.999999999999877875e-01
2.880669012613539248e-01 -9.575918473855925539e-01 -5.942576730821058813e-03 -5.426330099078567315e+01 9.575945171292694624e-01 2.880209978993399922e-01 7.526322670297573743e-03 5.700828393883186607e+01 -5.495558349770579901e-03 -7.858663344593185690e-03 9.999540190673592566e-01 -9.348001351594714681e-01 1.335001648225959009e-16 -1.440459799008954812e-16 -7.651830760336219686e-19 9.999999999999876765e-01
2.876175537401750026e-01 -9.577026072618856078e-01 -9.047586649109177689e-03 -5.401640615639897902e+01 9.577129701858915212e-01 2.875173267984235115e-01 1.093862552209853845e-02 5.784764734127681862e+01 -7.874612255051035431e-03 -1.181113179669160754e-02 9.998992387473945032e-01 -9.435657293797605760e-01 1.351097481037855447e-16 -1.398993240058767858e-16 -8.153458697029817439e-19 9.999999999999877875e-01
2.881924129242340871e-01 -9.575195999725537588e-01 -1.006721417146305524e-02 -5.376773364044816361e+01 9.575441051362933997e-01 2.880869416101188296e-01 1.073316320421357009e-02 5.867593791284399884e+01 -7.376981196552933120e-03 -1.273301778717441345e-02 9.998917193409311288e-01 -9.606463480056163240e-01 1.380063761092191777e-16 -1.343653673631513172e-16 -8.611220602986256743e-19 9.999999999999876765e-01
2.863865346347388985e-01 -9.580961726589265481e-01 -5.871687669130149292e-03 -5.351416359795650379e+01 9.581105383182468849e-01 2.863632112952062547e-01 4.506393249588487061e-03 5.950602090169706315e+01 -2.636122788277773209e-03 -6.916296179972456805e-03 9.999726074767761874e-01 -9.571469262174683301e-01 1.423513115964677060e-16 -1.290261864960792376e-16 -8.871972097633203969e-19 9.999999999999875655e-01
2.858735521642637445e-01 -9.582539556891780386e-01 -5.066416770026503300e-03 -5.326329745132876781e+01 9.582648525541483941e-01 2.858808802173276042e-01 -7.711585074842196644e-04 6.034428536223283857e+01 2.187357376017063423e-03 -4.634515297306319830e-03 9.999868682816667187e-01 -9.609085566634282261e-01 1.478617100601485618e-16 -1.255433834282522792e-16 -9.792752896740742398e-19 9.999999999999872324e-01
2.857563409918156827e-01 -9.582716018013981429e-01 -7.671425148408865871e-03 -5.301540458523582799e+01 9.582950877526824618e-01 2.857761069146427801e-01 -1.594210051538508689e-03 6.119428926930999069e+01 3.719996233088788008e-03 -6.895933404697977311e-03 9.999693033941651210e-01 -9.681150088549771437e-01 1.536877799862698700e-16 -1.223584951479753225e-16 -1.093108895836668891e-18 9.999999999999868994e-01
2.850897985022107783e-01 -9.584809133473891629e-01 -6.176207459010282438e-03 -5.275977332349743421e+01 9.585006002033754635e-01 2.850881014986880735e-01 1.172089390288726324e-03 6.203786442982545424e+01 6.373379496159831516e-04 -6.254049284561636647e-03 9.999802401387709594e-01 -9.706021002119157304e-01 1.597122349334050800e-16 -1.208095725965325765e-16 -1.219076537776463009e-18 9.999999999999865663e-01
2.843053287205589696e-01 -9.587314199949820148e-01 -2.131754054754573299e-03 -5.250220257445959504e+01 9.587277056534625475e-01 2.842949000965361850e-01 4.194781453378051105e-03 6.289090561861733164e+01 -3.415621973345928791e-03 -3.236370393962136049e-03 9.999889296553835516e-01 -9.696659944416420318e-01 1.658234272112112111e-16 -1.216575299385229749e-16 -1.337269856892165608e-18 9.999999999999862332e-01
2.836241713866657355e-01 -9.589355188937306318e-01 3.014114825833743809e-06 -5.225475228145056406e+01 9.589152353965774145e-01 2.836181925815202121e-01 6.503242345851215946e-03 6.374320906496969030e+01 -6.237044931216993889e-03 -1.841586441057653381e-03 9.999788536914268056e-01 -9.661087694036689655e-01 1.727616430424456775e-16 -1.257335579381976876e-16 -1.415929409828019858e-18 9.999999999999857891e-01
2.833904070017596033e-01 -9.589887739937306144e-01 -5.514396904529620010e-03 -5.201397530562369553e+01 9.589987372340260663e-01 2.833638262395921648e-01 5.134584918898577217e-03 6.459609025138409777e+01 -3.361428690077418891e-03 -6.743391778019491335e-03 9.999716133294012099e-01 -9.656801812848196942e-01 1.796037738377664561e-16 -1.259875559265333774e-16 -1.467802926296605332e-18 9.999999999999855671e-01
2.834785024383650875e-01 -9.589700191537985363e-01 -4.054752681053611953e-03 -5.176136213946381304e+01 9.589782522300893675e-01 2.834794240261292453e-01 3.576358787211436196e-04 6.544629587841232876e+01 8.064768691182051200e-04 -3.989801722637555982e-03 9.999917155043790418e-01 -9.746883057405021367e-01 1.877804885960649391e-16 -1.257298850709129450e-16 -1.533078930379409565e-18 9.999999999999855671e-01
2.829892267194603073e-01 -9.591191287887493866e-01 -2.755785199986401750e-03 -5.150909002573110484e+01 9.591139596880018381e-01 2.829979007785446976e-01 -3.549716385833136343e-03 6.629838108383678730e+01 4.184482314011704444e-03 -1.638580560126369923e-03 9.999899025298357724e-01 -9.875875382440411077e-01 1.969489428288131934e-16 -1.224984535129590579e-16 -1.629391190604015648e-18 9.999999999999859002e-01
2.835037684438189154e-01 -9.589583549961425701e-01 -4.948399850303763191e-03 -5.125861024721966430e+01 9.589693778190941931e-01 2.835093206131488186e-01 -4.444441546016522290e-04 6.715631351051196418e+01 1.829120915057778950e-03 -4.619362332971641699e-03 9.999876578280532113e-01 -9.917578931750379301e-01 2.057988391696248687e-16 -1.198112837154638756e-16 -1.758171399955291493e-18 9.999999999999859002e-01
2.838042714497822083e-01 -9.588707071857646147e-01 -4.701319789070837994e-03 -5.101086161126907115e+01 9.588731363557523313e-01 2.837768126040521866e-01 5.747086517448988380e-03 6.801912570170428296e+01 -4.176587368477794118e-03 -6.139016953219425879e-03 9.999724339145176222e-01 -9.838436204565330634e-01 2.140104452818656905e-16 -1.179157673736162975e-16 -1.864154581738124231e-18 9.999999999999856781e-01
2.831232157187556497e-01 -9.590772503180011732e-01 -3.474570960306839866e-03 -5.075746702726978299e+01 9.590493119166041414e-01 2.830806436562067208e-01 9.474518422727486178e-03 6.887610351266074815e+01 -8.103211293092740103e-03 -6.014741011935507801e-03 9.999490791322444005e-01 -9.799206962597315496e-01 2.235717069652491788e-16 -1.134865450937649706e-16 -1.927072677891736653e-18 9.999999999999853451e-01
2.831735847524844973e-01 -9.590613497866609105e-01 -3.748098669528195526e-03 -5.050938323664629337e+01 9.590276094968007703e-01 2.831231336377037500e-01 1.036028097499044898e-02 6.972410431897796457e+01 -8.874971615552415191e-03 -6.528288009945876734e-03 9.999393063254433667e-01 -9.869271778753589963e-01 2.326527143005550960e-16 -1.097890543812230430e-16 -1.947102532181159772e-18 9.999999999999851230e-01
2.834867436569895593e-01 -9.589656096581669065e-01 -4.497295133019554685e-03 -5.025538994981569374e+01 9.589208456401818736e-01 2.834169089063523495e-01 1.206928094560875790e-02 7.058902446200144709e+01 -1.029941587511080080e-02 -7.734031205620053688e-03 9.999170499566802928e-01 -1.004736796990231662e+00 2.418202376165082570e-16 -1.057621717249820705e-16 -1.955482636156958701e-18 9.999999999999849010e-01
2.836014561957366231e-01 -9.589161470333504855e-01 -7.073683777541832016e-03 -5.001108824943419506e+01 9.588919919967728855e-01 2.835033694545068816e-01 1.232830857235685078e-02 7.144772904132035762e+01 -9.816400970263415918e-03 -1.027922499177291032e-02 9.998989828006074054e-01 -1.018353766651194148e+00 2.516616237195433471e-16 -1.000723810275503901e-16 -1.940858115561600553e-18 9.999999999999846789e-01
2.836934851758391440e-01 -9.588677320600343945e-01 -9.522546016775674388e-03 -4.976561913656349390e+01 9.588966672820327108e-01 2.836126372588758104e-01 9.002969639227705045e-03 7.229329033431082507e+01 -5.931942690544733318e-03 -1.168522147343113889e-02 9.999141301407659110e-01 -1.026725035137358688e+00 2.614406624205161435e-16 -9.441649944127009995e-17 -1.890690303935822960e-18 9.999999999999844569e-01
2.837040194147062433e-01 -9.588640533902529350e-01 -9.578960473858356278e-03 -4.951414903121742128e+01 9.589091298679615072e-01 2.837130501820974704e-01 4.310592588855908830e-04 7.313054111081851261e+01 2.304348865375129528e-03 -9.307645897400530430e-03 9.999540277954223066e-01 -1.023014399209440706e+00 2.729001396743440499e-16 -9.199576502773016357e-17 -1.901926046136479087e-18 9.999999999999841238e-01
2.834058141033439782e-01 -9.589572939497453818e-01 -9.058306287763865164e-03 -4.926196192305405219e+01 9.589616547459266505e-01 2.834663672612891538e-01 -6.274022512168560793e-03 7.397550653999532244e+01 8.584244827370350606e-03 -6.908473929168374231e-03 9.999392900215732238e-01 -1.019976167139970746e+00 2.854118442164239701e-16 -8.936980226794693498e-17 -1.997405496283686166e-18 9.999999999999837907e-01
2.834741454185747966e-01 -9.589333069698384726e-01 -9.451013855314001344e-03 -4.900838151772352091e+01 9.589453154268707813e-01 2.835338352838933096e-01 -5.696162734883582213e-03 7.483240804192617190e+01 8.141922374107395458e-03 -7.448290599174682731e-03 9.999391141801284855e-01 -1.018021300370208548e+00 2.988898393186470218e-16 -8.724736109239216784e-17 -2.141755197737787000e-18 9.999999999999836797e-01
2.837683751959909073e-01 -9.588589951102395315e-01 -8.058333239481855342e-03 -4.875725945015960860e+01 9.588908102743314288e-01 2.837751083126303087e-01 3.191761628222282562e-04 7.568882524878699769e+01 1.980709453095060805e-03 -7.817633790615931277e-03 9.999674801672885360e-01 -1.011238132380392285e+00 3.114683254419226564e-16 -8.523193620899448305e-17 -2.269544417765199538e-18 9.999999999999834577e-01
2.834599409463199882e-01 -9.589578859210637907e-01 -7.087658872808162702e-03 -4.850655024048861463e+01 9.589696063592633157e-01 2.834073185290802988e-01 7.588536297749239219e-03 7.654699917794455644e+01 -5.268392329544726790e-03 -8.947895490117874218e-03 9.999460881511066379e-01 -1.008964895492146852e+00 3.233389042323310484e-16 -8.382947510869498144e-17 -2.302096919440011911e-18 9.999999999999833467e-01
2.833502774032099492e-01 -9.589904703944452935e-01 -7.063850787199841760e-03 -4.825653591262890529e+01 9.589708315643383774e-01 2.832572312765408995e-01 1.184420272414538934e-02 7.739999917042240440e+01 -9.357590725753876099e-03 -1.013008499097742439e-02 9.999049039153814489e-01 -1.013997128113439450e+00 3.350341333940158552e-16 -8.010161162311823216e-17 -2.230973113141197433e-18 9.999999999999834577e-01
2.832485080578200365e-01 -9.590207600195398419e-01 -7.033102753146661633e-03 -4.800572158895295871e+01 9.590026888455508436e-01 2.831578036642488083e-01 1.164049014680671769e-02 7.825330773114943383e+01 -9.171993779076256445e-03 -1.004191591836365097e-02 9.999075129505488047e-01 -1.024362996981825535e+00 3.462770865049066559e-16 -7.726301567903081795e-17 -2.097389762309606761e-18 9.999999999999835687e-01
2.838680501406699030e-01 -9.588099023164995405e-01 -1.012429399643286453e-02 -4.775980743202905643e+01 9.588426338431881302e-01 2.837766813063190563e-01 9.570719473522422763e-03 7.910125504986247336e+01 -6.303462052641365353e-03 -1.242442619675929692e-02 9.999029452901828652e-01 -1.034321823155922138e+00 3.576154669874807269e-16 -7.522669478939739258e-17 -1.989462465913187298e-18 9.999999999999839018e-01
2.841625159755537533e-01 -9.586922014239397383e-01 -1.268571807683753667e-02 -4.751112967612320404e+01 9.587689720525737203e-01 2.840843995971562008e-01 7.623131546907061309e-03 7.995121797592858570e+01 -3.704422161143619031e-03 -1.432888112028524001e-02 9.998904742132741497e-01 -1.041333270265985211e+00 3.686697004203973259e-16 -7.075378888161816246e-17 -1.909928331753075887e-18 9.999999999999842348e-01
2.834077114271619791e-01 -9.589169466190503588e-01 -1.258406095708105785e-02 -4.725777905114889421e+01 9.589947994506872186e-01 2.833407683631355978e-01 6.854459112695780905e-03 8.080731571479275033e+01 -3.007279502375957096e-03 -1.401065558403729455e-02 9.998973236289097066e-01 -1.044861666411083245e+00 3.787055541824422148e-16 -6.469761095641912278e-17 -1.886704943004028078e-18 9.999999999999844569e-01
2.825185532248434828e-01 -9.591821833605930214e-01 -1.236148078091301068e-02 -4.700568994927099453e+01 9.592521819516681703e-01 2.824344425663274372e-01 8.126319770430776371e-03 8.166290176999865480e+01 -4.303313206449244435e-03 -1.415361351585548745e-02 9.998905723728224171e-01 -1.048698193163010384e+00 3.886728990517084651e-16 -5.770684437638618259e-17 -1.828775142625776757e-18 9.999999999999849010e-01
2.824270957388025916e-01 -9.591910902427338570e-01 -1.368897334517328243e-02 -4.675827156940982832e+01 9.592586701040182184e-01 2.822764454912810583e-01 1.195040379546578012e-02 8.251892504717585552e+01 -7.598646107125827005e-03 -1.650638420306632312e-02 9.998348862977537443e-01 -1.049543538584591262e+00 3.982030474974252423e-16 -4.839350116787829825e-17 -1.790530859147412143e-18 9.999999999999853451e-01
2.821595587649812220e-01 -9.592766253297470014e-01 -1.320376814629923429e-02 -4.650767497913863480e+01 9.593204511929660505e-01 2.819827104138238338e-01 1.378488122510378514e-02 8.337268174586706948e+01 -9.500280012632460885e-03 -1.655618081968533370e-02 9.998178021802338611e-01 -1.055602477910809966e+00 4.081290232144354937e-16 -3.913780003675491684e-17 -1.704297350412796003e-18 9.999999999999857891e-01
2.811832875734673887e-01 -9.595796881990257265e-01 -1.194909138674483083e-02 -4.625394227976109107e+01 9.596129632215525396e-01 2.810341771268828337e-01 1.275743326674514538e-02 8.422426893734903786e+01 -8.883670771048512993e-03 -1.505368002041019247e-02 9.998472218852458848e-01 -1.062158180504348737e+00 4.188522491499293373e-16 -3.225586655591549295e-17 -1.610020997552477823e-18 9.999999999999863443e-01
2.805629186663178287e-01 -9.597379976328538342e-01 -1.369030930412136471e-02 -4.601285235303022603e+01 9.598075590786862010e-01 2.804170769138253916e-01 1.164957124980605697e-02 8.507742299389360596e+01 -7.341539667475580240e-03 -1.640850006730673605e-02 9.998384184062067970e-01 -1.077013180203858500e+00 4.292882793372985470e-16 -2.344816285084102691e-17 -1.555269793422376727e-18 9.999999999999867883e-01
2.797961365160372416e-01 -9.599660216948171509e-01 -1.339250468894344695e-02 -4.576633263094020521e+01 9.600356431901521104e-01 2.796637682794135826e-01 1.094260097095642141e-02 8.593512070668232639e+01 -6.759126793086905893e-03 -1.591897932811706801e-02 9.998504389669098380e-01 -1.091314953449924907e+00 4.398804947838127383e-16 -1.256198466038515233e-17 -1.432140213945500850e-18 9.999999999999871214e-01
2.783461633258557111e-01 -9.604376603375698318e-01 -9.105710668712853686e-03 -4.551307277919016059e+01 9.604656694035781372e-01 2.782760071327141094e-01 8.256013032064375007e-03 8.677746966227911685e+01 -5.395485033251767003e-03 -1.104375204469560355e-02 9.999244592879060756e-01 -1.092693964514406035e+00 4.502186925711628324e-16 -4.841099442171068229e-18 -1.351579311381433739e-18 9.999999999999871214e-01
2.770302683380739817e-01 -9.607588675899610964e-01 -1.402243814370297131e-02 -4.527365783850487446e+01 9.608607534819744167e-01 2.769866966474976433e-01 4.998229499503844403e-03 8.762501242946795799e+01 -9.180644935444702776e-04 -1.485827133990763778e-02 9.998891883256655344e-01 -1.093764509202901358e+00 4.606702118113477115e-16 3.951089490116593056e-18 -1.300503545199979545e-18 9.999999999999868994e-01
2.763290319205695122e-01 -9.608205115145286301e-01 -2.159191447037593636e-02 -4.504205777767803909e+01 9.610538796225388536e-01 2.763550044115316573e-01 1.830846507429771501e-03 8.847744343518181154e+01 4.207918740926635745e-03 -2.125690921325801286e-02 9.997651910477549642e-01 -1.103522730361232052e+00 4.711665178702322017e-16 1.557283248015410966e-17 -1.210189808404274611e-18 9.999999999999866773e-01
2.749865279995520884e-01 -9.611724189030327326e-01 -2.302152380992821337e-02 -4.480596131909099000e+01 9.614335666940425629e-01 2.750350987210786191e-01 1.091469293374311249e-03 8.932641841939323513e+01 5.282636892887933137e-03 -2.243380509874683126e-02 9.997343737895760807e-01 -1.105914123103996172e+00 4.826173879362108119e-16 2.596337045017892391e-17 -1.157960160293233164e-18 9.999999999999862332e-01
2.737062009552160835e-01 -9.615749337373276084e-01 -2.141406935626485181e-02 -4.456579480267263449e+01 9.618105763299412692e-01 2.736910122883822183e-01 3.693920976541372782e-03 9.018124309254304194e+01 2.308856501066536109e-03 -2.160732746626962616e-02 9.997638684117419183e-01 -1.094389815986988701e+00 4.933509974859417470e-16 3.866378476480234630e-17 -9.816139259560948146e-19 9.999999999999857891e-01
2.731997925801485927e-01 -9.617778996670180991e-01 -1.857807971596517685e-02 -4.432753394392643997e+01 9.619554862180509369e-01 2.731106745136621106e-01 7.225095254301453114e-03 9.103519545989263406e+01 -1.875065056195138581e-03 -1.984518023104992618e-02 9.998013067369040385e-01 -1.085441042137206935e+00 5.024127886608230256e-16 5.097487045751918195e-17 -8.438447151000671911e-19 9.999999999999853451e-01
2.721296797189769467e-01 -9.620631715491253511e-01 -1.949080204985141965e-02 -4.409584631044829450e+01 9.622517401308926521e-01 2.719844924610320680e-01 9.799207902954173988e-03 9.189187219527778439e+01 -4.126261130612804418e-03 -2.142171349718107604e-02 9.997620137613332236e-01 -1.089380707668898385e+00 5.128804135498939812e-16 5.925850504217785197e-17 -6.892873886190239589e-19 9.999999999999849010e-01
2.712057410698677229e-01 -9.623610484492758355e-01 -1.756867775356473274e-02 -4.386481463297378980e+01 9.625076528647552587e-01 2.710591319156198109e-01 1.029393907427293697e-02 9.274239326509908210e+01 -5.144335459418934199e-03 -1.970176216372231115e-02 9.997926666967085207e-01 -1.097500751163322574e+00 5.222437741110376676e-16 6.776831368254286233e-17 -5.349309793957830623e-19 9.999999999999843459e-01
2.698689709126317338e-01 -9.627922399400742348e-01 -1.420708447845285029e-02 -4.362862488885160417e+01 9.628755297069159225e-01 2.697349067068387507e-01 1.066744558019052866e-02 9.359638137493135446e+01 -6.438387218234651981e-03 -1.655846655381022769e-02 9.998421697226049787e-01 -1.110115736969144784e+00 5.314558092480183686e-16 7.580342000509497615e-17 -4.082858439644289980e-19 9.999999999999832356e-01
2.689379607925339033e-01 -9.630518685892121011e-01 -1.426434895879588258e-02 -4.340207161852902829e+01 9.631208741228967085e-01 2.687690810379551598e-01 1.270287000961454159e-02 9.444892337024960227e+01 -8.399706737960810354e-03 -1.715457619462486608e-02 9.998175660801784659e-01 -1.115117354509462810e+00 5.407725922064096723e-16 8.269608214193223436e-17 -2.782321138892092364e-19 9.999999999999822364e-01
2.685676628829488100e-01 -9.630727803331697867e-01 -1.903234705856429385e-02 -4.318392664551310389e+01 9.632238254045251136e-01 2.683317546609774729e-01 1.406881705575239137e-02 9.529895663552711937e+01 -8.442311676356508213e-03 -2.211083945640477874e-02 9.997198798424914434e-01 -1.114083783554210338e+00 5.506627594134280321e-16 9.048870248445021204e-17 -5.463218486844747121e-20 9.999999999999813483e-01
2.682952368351198547e-01 -9.630458561062602563e-01 -2.367160593976005978e-02 -4.296557024568478766e+01 9.633084165381602393e-01 2.680179275839048580e-01 1.425780909110574597e-02 9.615071211814604624e+01 -7.386509195801511593e-03 -2.662835950163047402e-02 9.996181120569724854e-01 -1.118503545167784496e+00 5.604040960014718832e-16 1.012253425019874444e-16 2.359386275938919464e-19 9.999999999999809042e-01
2.687692649119438060e-01 -9.628471896781807260e-01 -2.623683607325174444e-02 -4.273938526955311801e+01 9.631910516828294799e-01 2.685213400519713689e-01 1.262093081031996807e-02 9.699888377704144204e+01 -5.106877380741186093e-03 -2.866320402665700415e-02 9.995760804153621670e-01 -1.127571641487441045e+00 5.712742312257208722e-16 1.114631688314016320e-16 5.399345493765156533e-19 9.999999999999806821e-01
2.702493321699774298e-01 -9.623903069703954039e-01 -2.775239648593880518e-02 -4.250612442366660559e+01 9.627781551635937740e-01 2.699884054287377544e-01 1.282516563351277991e-02 9.784467196179129189e+01 -4.849989816933101758e-03 -3.018539353756509447e-02 9.995325505534838895e-01 -1.141077986837393921e+00 5.812054402681958106e-16 1.192325979293597270e-16 8.980579477241836078e-19 9.999999999999805711e-01
2.713562832207314646e-01 -9.620986688934870523e-01 -2.705399914256864310e-02 -4.226684003864834693e+01 9.624468662067866553e-01 2.710104357585300106e-01 1.579156225304569408e-02 9.869686800434058682e+01 -7.861124926780841890e-03 -3.032317633240039917e-02 9.995092334201801654e-01 -1.153136290650370377e+00 5.878350313221511019e-16 1.257975282687280355e-16 1.346953728840517102e-18 9.999999999999803491e-01
