1.000000000000000000e+00 -3.306050084167601550e-19 -2.270457535318767223e-19 -8.673617379884035472e-19 7.546676715296109287e-19 1.000000000000000000e+00 6.237773588823049983e-19 1.387778780781445676e-17 -3.447385680526250622e-20 4.770700176052009879e-20 1.000000000000000222e+00 5.551115123125782702e-17
3.821642719698987722e-01 -1.679665536504631193e-03 9.241357224768670386e-01 -6.918743966776691678e+00 -1.433055817508843179e-02 9.998673159849287284e-01 7.741807102066303181e-03 -3.196133266666294215e-02 -9.240261723349354472e-01 -1.620426263250803259e-02 3.820895570551670617e-01 4.883612918647339818e+00
6.179845076607669574e-01 1.106898255951745732e-03 7.861372782952344984e-01 -5.090069814107213375e+00 -1.807165801783946688e-02 9.997548263737164875e-01 1.280379477788949789e-02 -1.839333088379756231e-02 -7.859304556397029851e-01 -2.211909454260726354e-02 6.178529120211196934e-01 1.261243364191094862e+01
2.481938768478102186e-01 -1.581812240312299505e-03 9.687166679719276807e-01 -4.697095078261204648e+00 -3.086597809621859090e-02 9.994779093334305031e-01 9.528785906691346688e-03 1.202286912543054781e-01 -9.682259750599309100e-01 -3.226453552094741412e-02 2.480156985599704100e-01 1.908003375064443219e+01
-2.662167156179109928e-01 -1.205349696781936840e-02 9.638790680554032431e-01 -1.984810303599328307e+00 -4.700025693207098704e-02 9.988950391423256914e-01 -5.014976371024460486e-04 2.420021037678551368e-01 -9.628085370434287249e-01 -4.540145867865694879e-02 -2.664893860988013508e-01 2.379481526955107284e+01
-3.838379950144667485e-01 -1.531406920688006823e-02 9.233724621567142021e-01 2.872516627866101402e+00 -3.987332150383495616e-02 9.992043348892761800e-01 -4.408515496265930764e-06 2.908378304777538004e-01 -9.226377499725564313e-01 -3.684123504329254312e-02 -3.841429950719530417e-01 2.625404309358240340e+01
-6.643812506876861645e-01 -2.214492597912036051e-02 7.472335033729728959e-01 7.690682731438542419e+00 -3.983495572491511233e-02 9.991893511844385234e-01 -5.808275095919375637e-03 4.204734021224498242e-01 -7.464993306844383003e-01 -3.362089351758608402e-02 -6.647248161187008231e-01 2.809422058431601243e+01
-5.800693858425348681e-01 -2.276890600192556235e-02 8.135800349710862189e-01 1.346656951835690386e+01 -3.967376221388888013e-02 9.992124450263047963e-01 -3.566584304031857337e-04 4.457691164865726918e-01 -8.129312172790148505e-01 -3.247483828975875758e-02 -5.805157207743461001e-01 2.768592140805050050e+01
-9.445146921367130188e-01 -3.247302547518433197e-02 3.255404127330200348e-01 1.876888833409350354e+01 -3.929123568747042161e-02 9.991234654214014022e-01 -1.441091124627986303e-02 5.862029022590350413e-01 -3.247870720709844505e-01 -2.641124376098191728e-02 -9.449625721509603560e-01 2.777388139842750192e+01
-9.252187677151797462e-01 -2.947586484940176513e-02 3.768534346765784471e-01 2.294414230494728812e+01 -3.461885996771459778e-02 9.993771548939645033e-01 -6.848635180932019853e-03 5.880911123614385172e-01 -3.764168318984587591e-01 -1.937976462055879603e-02 -9.256628322547737486e-01 2.422365990533556612e+01
-9.982130511462233846e-01 -2.579666668403153562e-02 3.903172437057752381e-02 2.762930633531422586e+01 -2.592709082331542264e-02 9.996606384683597302e-01 -2.543861184532601565e-03 6.014345993669708568e-01 -3.895281427024404469e-02 -3.553690851974899458e-03 -9.985429933775867850e-01 2.036810134844206033e+01
-8.591395513391266725e-01 -2.037869202160467325e-02 -5.113140861614354771e-01 3.141698493797256830e+01 -2.089925838355025448e-02 9.997705026679566398e-01 -4.751772828467113081e-03 5.987468223748325657e-01 5.112935404655126748e-01 6.607465730371283284e-03 -8.593681363302032583e-01 1.556486436771535153e+01
-6.220955833502274102e-01 -1.261595627490391669e-02 -7.836395800280923085e-01 3.188045053035327925e+01 -1.469968753226922123e-02 9.998821323457330879e-01 -4.445540373329087691e-03 5.554144597940973149e-01 7.836033450412469570e-01 8.761633227552767869e-03 -6.222076734538186660e-01 9.589258370711855051e+00
-2.164644590910507482e-01 -3.680586948049121426e-03 -9.762502048544140498e-01 3.104273423944273702e+01 -8.417016260877300052e-03 9.999628340103735580e-01 -1.897436430909956112e-03 5.207706312030498941e-01 9.762210775220238057e-01 7.804623991202457901e-03 -2.164874059957540287e-01 4.335640722636652455e+00
2.116738776817936596e-01 3.650773091219802497e-03 -9.773363629120596086e-01 2.778050199881879578e+01 1.417015245328490797e-03 9.999907675408161722e-01 4.040688637682574025e-03 4.485870636694739289e-01 9.773422022215693117e-01 -2.238465698893968552e-03 2.116667495689935063e-01 -1.455608013190488603e-01
6.185357631537427014e-01 1.943568932188156646e-03 -7.858301624114478745e-01 2.277251525518409991e+01 1.151137911939429000e-02 9.998671996923822469e-01 1.153231781419771472e-02 3.583778075120097606e-01 7.857483865314153215e-01 -1.617632015326807282e-02 6.184313247973077798e-01 -3.000374653926304536e+00
7.390362713607521172e-01 1.617571261968333901e-03 -6.736337214134852092e-01 1.677041230321983534e+01 1.550249023975159950e-02 9.996914094489297575e-01 1.940463216537257132e-02 2.488320578896452417e-01 6.734572407498063962e-01 -2.478461723328859515e-02 7.387832482979842519e-01 -3.661054480901012376e+00
9.011346777852595746e-01 -6.989246163188765626e-03 -4.333933309099610165e-01 1.183956744565825936e+01 1.872328753041973756e-02 9.995646396025757996e-01 2.280945811634195117e-02 2.043888206943656749e-01 4.330452081845093670e-01 -2.866948270532953050e-02 9.008732438762028227e-01 -3.636878695673256168e+00
9.693272625129429887e-01 -1.333753578659368534e-02 -2.453309711847573849e-01 7.621410466108017978e+00 2.122661894013457701e-02 9.993384238682971876e-01 2.951653876473646007e-02 1.631406406369751427e-01 2.447746465446355990e-01 -3.382133732583957747e-02 9.689692585345315301e-01 -2.635466556580706499e+00
9.714906996126076999e-01 -1.003291369775675609e-02 -2.368075755173277008e-01 3.963229470488078388e+00 1.783188823140334847e-02 9.993661905897635034e-01 3.079601637112672902e-02 1.275690799543684750e-01 2.363482253177755232e-01 -3.414242044524122555e-02 9.710541515342319130e-01 -1.903571114903333195e+00
9.898962262944831503e-01 -9.686977940438400159e-03 -1.412752183979902598e-01 1.053143718397389295e+00 1.439037849375917819e-02 9.993755154480002956e-01 3.221760113057162839e-02 9.322902544336487962e-02 1.408737988679604203e-01 -3.392985970559825315e-02 9.894178096109713660e-01 -1.788211139461426402e+00
9.915792934256409952e-01 -1.175327490790229260e-02 -1.287116141464023089e-01 -1.687710283048363236e+00 1.558522625716655431e-02 9.994648045617080534e-01 2.868610180491435249e-02 7.480724506038859134e-02 1.283040266166916299e-01 -3.045731840115575503e-02 9.912326397026232083e-01 -1.559461997211097906e+00
9.931322805285435207e-01 -1.145964981548685049e-02 -1.163165078122593982e-01 -3.104243918773738731e+00 1.504705576869902472e-02 9.994370177109025422e-01 2.993594050662267206e-02 6.342568571325961357e-02 1.159070118847019687e-01 -3.148357376145553138e-02 9.927461438458204945e-01 -1.273714403205655543e+00
9.933868806810075558e-01 -1.325757933219105789e-02 -1.138198928686062206e-01 -3.213532182510485224e+00 1.663910017836083347e-02 9.994476892914537780e-01 2.869709929968087755e-02 8.608173118752050768e-02 1.133750432291693866e-01 -3.040730369228045529e-02 9.930596928182188199e-01 -9.665838591712241357e-01
9.950875531574476796e-01 -1.090997316287429901e-02 -9.819434287862799371e-02 -3.156906593817849771e+00 1.365291168944390322e-02 9.995351197337708493e-01 2.718476983868467131e-02 8.947306851358922952e-02 9.785065974865060634e-02 -2.839670273333605444e-02 9.947746740822011047e-01 -6.531881408480344486e-01
9.959688688044319171e-01 -1.370071576346569911e-02 -8.839669358503512986e-02 -3.225412476598409128e+00 1.587740745518382082e-02 9.995875727581021719e-01 2.382444099258863163e-02 8.562304976406379109e-02 8.803176960249300964e-02 -2.513907370206168099e-02 9.957769834824796717e-01 -2.359324598118265337e-01
9.964631175514707673e-01 -1.522127571424617201e-02 -8.248938125742989735e-02 -3.140377594010640205e+00 1.706995017343889212e-02 9.996179537464798814e-01 2.166719828578875240e-02 8.634182600299013244e-02 8.212669600992639207e-02 -2.300339011178693591e-02 9.963433571650317511e-01 1.551828476189784090e-01
9.970743136908359894e-01 -1.576821839731398778e-02 -7.448382408266907007e-02 -3.152584308723345607e+00 1.722270265555679927e-02 9.996728704139008492e-01 1.876915584528046285e-02 9.153084604144968994e-02 7.416099858212400753e-02 -2.000679730741503418e-02 9.970219847490231491e-01 5.611303846540911522e-01
9.972837131510687847e-01 -1.626236748269149074e-02 -7.164392842336075873e-02 -3.136478653268911732e+00 1.753618826664868000e-02 9.996985382704468570e-01 1.709135413605687714e-02 1.046695522622934221e-01 7.134284144619226775e-02 -1.830736529685906763e-02 9.972698342642146718e-01 1.065114950966103091e+00
9.969405664160531089e-01 -1.740915815360332547e-02 -7.587277338951983752e-02 -3.138864570979029711e+00 1.884596590991234610e-02 9.996555703893206246e-01 1.809895062198059457e-02 1.073217915883936391e-01 7.552862383815434066e-02 -1.948496824939219621e-02 9.969281761676490605e-01 1.499283859643814054e+00
9.966985107335871730e-01 -1.815964630714183431e-02 -7.887316170237750057e-02 -3.108733031052017814e+00 1.969614462032496724e-02 9.996300367755722727e-01 1.861457964227918385e-02 1.084879086349863769e-01 7.850335770492511411e-02 -2.011672281605734677e-02 9.966900796575888233e-01 2.078351334144397544e+00
9.966932288435674803e-01 -1.765775369402139763e-02 -7.898871132358566138e-02 -3.199234969172876308e+00 1.926225512552903404e-02 9.996225395667657221e-01 1.943236698745437127e-02 1.173608270783651486e-01 7.861274611313597005e-02 -2.090121181923354846e-02 9.966600030168216717e-01 2.613706534218344757e+00
9.965442832533381035e-01 -1.673993182007379316e-02 -8.096296854298733192e-02 -3.173617170355294004e+00 1.854206671723057989e-02 9.995964055181051355e-01 2.134536922691365746e-02 1.307184317984351751e-01 8.056936133570782865e-02 -2.278600343287701113e-02 9.964555202777817255e-01 3.365976935959515082e+00
9.965633218161947804e-01 -1.580075654702515695e-02 -8.111236643789869472e-02 -3.288548876099221197e+00 1.768770987306910597e-02 9.995886087537786402e-01 2.248098241476286993e-02 1.411851244873098266e-01 8.072184688241298978e-02 -2.384504176766847477e-02 9.964342648989293894e-01 3.927769236022302657e+00
9.966599494329106967e-01 -1.467136847062056743e-02 -8.006990375794129089e-02 -3.199864635512712940e+00 1.665482968742713205e-02 9.995704666687157403e-01 2.399721020901595531e-02 1.468342726010450350e-01 7.968093495293072925e-02 -2.525861985652569711e-02 9.964779092844211483e-01 4.698275726151652343e+00
9.962238655305457602e-01 -1.507953466978149623e-02 -8.522733572007668013e-02 -3.325257435402134476e+00 1.736453491689107440e-02 9.995090852541645976e-01 2.595804289436681386e-02 1.556794951599273502e-01 8.479115259605553290e-02 -2.734900449425763796e-02 9.959983352641791354e-01 5.262520142421704072e+00
9.961291335879481901e-01 -1.460331520178287726e-02 -8.634070742442609414e-02 -3.320966280271078208e+00 1.696849499876141101e-02 9.995008233014411880e-01 2.651769107381592161e-02 1.655703099342966667e-01 8.590718895506671560e-02 -2.789061158939689158e-02 9.958815072295683635e-01 6.055138821008356764e+00
9.956735518172650234e-01 -1.408334184929617601e-02 -9.156176525165145297e-02 -3.443060423308504703e+00 1.681268541289672805e-02 9.994371094615646101e-01 2.892425492588221458e-02 1.785328260776294085e-01 9.110024812552477980e-02 -3.034670654275219148e-02 9.953510458363440394e-01 6.661486811485834103e+00
9.948251495201402284e-01 -1.264717852140762044e-02 -1.006215733402759382e-01 -3.441807410204769102e+00 1.605173373232156656e-02 9.993250137027958058e-01 3.297596051783955456e-02 1.828106091985747805e-01 1.001349213320558013e-01 -3.442570011163176291e-02 9.943574056132766792e-01 7.537898755890632074e+00
9.935916337050100244e-01 -1.171192396603964146e-02 -1.122412694443367109e-01 -3.523952902442765378e+00 1.606118684003910585e-02 9.991537860042914998e-01 3.780812093075597985e-02 1.973776534940892557e-01 1.117018512347590642e-01 -3.937364252745374077e-02 9.929393923596379068e-01 8.043537211685702459e+00
9.935702660749072823e-01 -1.081419832279497534e-02 -1.125825225873959834e-01 -3.566893176721598557e+00 1.525398126190061730e-02 9.991380285660287353e-01 3.857454679752735094e-02 2.065454651895038407e-01 1.120673985184229698e-01 -4.004672289409882263e-02 9.928788254152165482e-01 9.054090586474863755e+00
9.929825544001050774e-01 -1.122050709546877981e-02 -1.175663558521286983e-01 -3.704825018625308886e+00 1.610998450339094432e-02 9.990428236449225841e-01 4.059929647225061361e-02 2.206015283952448280e-01 1.169966253653874355e-01 -4.221274315714251824e-02 9.922132465277265778e-01 9.586415631485268207e+00
9.940450227994916954e-01 -1.050282035245700581e-02 -1.082934333461442189e-01 -3.689006542842616643e+00 1.472243146136745749e-02 9.991622265816878512e-01 3.810487630024666367e-02 2.410366159861883906e-01 1.078006293695746437e-01 -3.947717630858006699e-02 9.933674004296118021e-01 1.071373177445132363e+01
9.942188084534369086e-01 -1.114558598795364550e-02 -1.065903841095663940e-01 -3.834742387199600255e+00 1.529670454803956636e-02 9.991554113671349269e-01 3.806639285078941559e-02 2.562423564962116873e-01 1.060742640087084937e-01 -3.948210308799513651e-02 9.935501304411167300e-01 1.112695058600425568e+01
9.952171117869718087e-01 -9.914441113640178396e-03 -9.691723140411900861e-02 -3.815244938046904899e+00 1.341117582540305407e-02 9.992832134645129871e-01 3.529691663286035896e-02 2.794806334373840517e-01 9.649563498789519300e-02 -3.643373154208687237e-02 9.946371454707142457e-01 1.221742464530064431e+01
9.959837547669001534e-01 -8.249211574140890429e-03 -8.885285283192684291e-02 -3.943620404420661973e+00 1.125088606060684060e-02 9.993843413457973446e-01 3.311118470273570480e-02 3.035543407851678532e-01 8.852290037407785361e-02 -3.398360728504685319e-02 9.954640538697552277e-01 1.271459700564990314e+01
9.966295779876124250e-01 -5.890021349269265911e-03 -8.145998361392828291e-02 -3.884292361603942645e+00 8.459245117044976794e-03 9.994805090205256537e-01 3.095535629173789410e-02 3.240736696668668482e-01 8.123341187195085022e-02 -3.154524956130248109e-02 9.961622304013777462e-01 1.373403927183934670e+01
9.960389466900085864e-01 -4.378100687947521219e-03 -8.854141052847297466e-02 -3.958714471242904764e+00 7.450769905901192917e-03 9.993837842152506479e-01 3.419348230854647036e-02 3.332580046073909674e-01 8.833596863957335343e-02 -3.472084369152692723e-02 9.954579968626853237e-01 1.398316303524979709e+01
9.969274461014858701e-01 -3.242504993485086084e-03 -7.802695015252911204e-02 -3.998363096567478348e+00 5.632608761063489893e-03 9.995236827121608547e-01 3.024464222616530737e-02 3.493197023830196812e-01 7.789088422551186663e-02 -3.059337747266540827e-02 9.964710580378549620e-01 1.502641285426737561e+01
9.968229309203070487e-01 -3.189942965220060427e-03 -7.926216699274968303e-02 -4.052474998892917846e+00 5.680085221465429844e-03 9.995005748796553791e-01 3.095744912002234075e-02 3.588626300093520349e-01 7.912275205319270477e-02 -3.131208410792926666e-02 9.963433943579662611e-01 1.533268738729272940e+01
9.978189039072502542e-01 -1.156387760638677951e-03 -6.564873638878315765e-02 -4.101808999328750538e+00 2.878958805379330105e-03 9.996575022216264150e-01 2.587592671128142313e-02 3.623708102346706594e-01 6.559578236295311726e-02 -2.600990739860165393e-02 9.974803852720330877e-01 1.634628735461927818e+01
9.984614215758353950e-01 3.213151580060878373e-04 -5.497007740776257978e-02 -4.131175570783413242e+00 9.159114487334586415e-04 9.997511762401577462e-01 2.208773656939706787e-02 3.657657504828127903e-01 5.496338191303887233e-02 -2.210438861607209871e-02 9.982126136136031391e-01 1.702289930531049933e+01
9.989740905180327646e-01 -5.543855251233595219e-04 -4.492854163853596261e-02 -4.095231224669967141e+00 1.387083958682627316e-03 9.998304358540351933e-01 1.821772526475957249e-02 3.645991646302396139e-01 4.491055066569617921e-02 -1.826205337892598465e-02 9.988055061863735373e-01 1.773520079097437829e+01
9.994881384229749033e-01 -2.001794880354121949e-03 -3.095179417744892483e-02 -3.986781935958048528e+00 2.416116651672313605e-03 9.999130897565339238e-01 1.254442386283381901e-02 3.596976564839629575e-01 3.092222561263349712e-02 -1.261715905535421359e-02 9.994064405064044809e-01 1.846628551760042569e+01
9.997374292015774877e-01 -1.909287816292515316e-03 -2.168135968806688893e-02 -3.933886399370922327e+00 2.119876305930338493e-03 9.999551358795156775e-01 8.741911703337807912e-03 3.468853547455321151e-01 2.166179462613994008e-02 -8.790299621807658864e-03 9.996970237517621705e-01 1.916721421653788582e+01
9.998700698911964224e-01 -1.616160347549667814e-03 -1.484095670058643845e-02 -3.775214757632773477e+00 1.719112680671142134e-03 9.999777360854388286e-01 5.940800765524843589e-03 3.278870529580846238e-01 1.482938156905633936e-02 -5.969642765364076634e-03 9.998510713579599196e-01 1.983755049286279970e+01
9.999179741826352830e-01 -1.336130588188366979e-03 -1.081968429476847481e-02 -3.624475629271775023e+00 1.400296313717627923e-03 9.999859754108613163e-01 4.291794064791435923e-03 2.921338740310446269e-01 1.081156771147670850e-02 -4.312202198641743901e-03 9.999065672407626559e-01 2.044869659109241766e+01
9.999570634661494317e-01 8.030244011113654235e-04 6.574326121886644135e-03 -3.543659181327030616e+00 -7.692459867069692753e-04 9.999927054660147085e-01 -2.629129051921148819e-03 2.429773562657368546e-01 -6.578368170976664486e-03 2.619014435784676378e-03 9.999509297296403920e-01 2.117677205066497237e+01
9.992634811514710114e-01 3.194477976915069493e-03 3.793750658703036460e-02 -3.468607455467409117e+00 -2.598027529596673955e-03 9.998743500743573209e-01 -1.551546573048159273e-02 1.802483605866223582e-01 -3.798302121485788718e-02 1.540373972730836247e-02 9.991463894696676062e-01 2.202678303508648483e+01
9.971071881875409604e-01 1.247044887072423433e-03 7.571962826757117071e-02 -3.508755588075775034e+00 1.167784136860151520e-03 9.994961176147437731e-01 -3.160656914122954297e-02 1.543509658247055050e-01 -7.572092882734690611e-02 3.160353064946632567e-02 9.966031952047958997e-01 2.288195510486998430e+01
9.935683929714276275e-01 2.216543775958728117e-04 1.130566298887721310e-01 -3.466629910835965500e+00 5.217875573450938068e-03 9.988462624064210482e-01 -4.765136094260655902e-02 1.307557553132202566e-01 -1.129363966183262180e-01 4.793564864821549254e-02 9.924209693169757651e-01 2.376837683446764160e+01
9.907823510129417643e-01 -4.784381887636965434e-04 1.353654430208796888e-01 -3.380672797791811846e+00 8.356923467684983231e-03 9.983049760231671454e-01 -5.756335003000716266e-02 7.397605813850299805e-02 -1.351080555635600644e-01 5.816499914898085044e-02 9.891069097192626280e-01 2.456875764291785913e+01
9.882610749325845267e-01 -3.980452671200933150e-03 1.526577380863782807e-01 -3.211330187759292354e+00 1.388621839143209559e-02 9.978629697301559798e-01 -6.382131839436241960e-02 2.283397870537679647e-02 -1.520770792107581371e-01 6.519287935032888615e-02 9.862043797909950671e-01 2.535692341603261823e+01
9.876998995634660439e-01 -4.332649451060537060e-03 1.561736309467993411e-01 -3.030561421135985700e+00 1.447199518242517705e-02 9.978583709227366594e-01 -6.376178533813529892e-02 -3.697166616086744462e-02 -1.555621529289790139e-01 6.523994461725433902e-02 9.856473812738989482e-01 2.607555851933655688e+01
9.881400086245117897e-01 -8.195041976143607049e-03 1.532231295344039235e-01 -2.830329138307852599e+00 1.762369229982473084e-02 9.980286835526815947e-01 -6.019828219184775175e-02 -8.534477624657162143e-02 -1.524268886789892363e-01 6.218721754958516507e-02 9.863368176761699857e-01 2.682638222568770558e+01
9.887316890030500849e-01 -1.384067957305547443e-02 1.489450513962083389e-01 -2.684417687394502483e+00 2.233190650480029044e-02 9.982117965013845851e-01 -5.540287567261533569e-02 -1.451000869137764326e-01 -1.479104300538422456e-01 5.810871497424293514e-02 9.872732737004300541e-01 2.754371747678424498e+01
9.876711635793609112e-01 -1.751288284170441842e-02 1.554664427526907255e-01 -2.544909002806321485e+00 2.642749349953305016e-02 9.981127583152057392e-01 -5.539005641697108268e-02 -2.043831344070462519e-01 -1.542012577174577403e-01 5.882040607156921452e-02 9.862707980303603295e-01 2.834566249525855142e+01
9.855081058029480090e-01 -1.907888281939100136e-02 1.684788999126443088e-01 -2.383763177726466953e+00 2.936653357044026469e-02 9.978401331424079368e-01 -5.873831332077852213e-02 -2.769702025760818476e-01 -1.669932300183704366e-01 6.283857059516309573e-02 9.839402551647516981e-01 2.921056636897672831e+01
9.837859572420429854e-01 -2.075195649167480352e-02 1.780877990751873197e-01 -2.224801191206251083e+00 3.211245617751321696e-02 9.976129887854909839e-01 -6.109899895943476933e-02 -3.276856387720147867e-01 -1.763936083888971440e-01 6.582981921233183042e-02 9.821045935346917055e-01 2.993703905029209267e+01
9.820187411308596293e-01 -1.328955802422027328e-02 1.882485038498909746e-01 -2.077012800707986440e+00 2.599044859474900632e-02 9.975375568357200962e-01 -6.510327232728937985e-02 -3.927803455032813917e-01 -1.869185618584932873e-01 6.882817892607367982e-02 9.799464586290320689e-01 3.077290901983518268e+01
9.812632854438643193e-01 -1.117718539951379278e-02 1.923354406602376665e-01 -1.915611905129587456e+00 2.409439420554400357e-02 9.975976905633224812e-01 -6.493903853249645419e-02 -4.455101130424325984e-01 -1.911473545738034407e-01 6.835695495709910585e-02 9.791754467223056091e-01 3.150206042808580875e+01
9.794703909189172997e-01 -1.302100892389852944e-02 2.011402619841990702e-01 -1.748876109484056363e+00 2.673866604688871981e-02 9.974859233142882031e-01 -6.560283433752286952e-02 -5.157452713704330227e-01 -1.997795533918588773e-01 6.963606561117757776e-02 9.773564871278788146e-01 3.234256187058836218e+01
9.775794344310508865e-01 -1.668265564248799099e-02 2.098892256836299708e-01 -1.575679212451073452e+00 3.132812685845053763e-02 9.972848275160790532e-01 -6.662621973612808945e-02 -5.807828906845471373e-01 -2.082070770804493598e-01 7.170955352840296948e-02 9.754481736798539249e-01 3.312722999468810769e+01
9.760242456307448577e-01 -1.645874589863425067e-02 2.169953190745352589e-01 -1.411940614143289308e+00 3.218740312647071222e-02 9.970878787224982664e-01 -6.912003393909928184e-02 -6.571481565537991010e-01 -2.152256554863579974e-01 7.444778665110231286e-02 9.737117110196819025e-01 3.395391696658931124e+01
9.762515651768522984e-01 -1.565702901691579108e-02 2.160927268100847620e-01 -1.232224663148415056e+00 3.154631711617730122e-02 9.970279503420043099e-01 -7.028474045178588481e-02 -7.280206186969122584e-01 -2.143500341139975007e-01 7.543210877173989193e-02 9.738440716126440799e-01 3.484578112280946982e+01
9.771913977665203088e-01 -1.871032964645890154e-02 2.115030965178236189e-01 -1.055438040363287255e+00 3.408300785704231062e-02 9.970160352926387137e-01 -6.925044902828750293e-02 -7.925565798838695164e-01 -2.095759839252012147e-01 7.488067641910566008e-02 9.749132076955409065e-01 3.566941467340534899e+01
9.785458673433217180e-01 -1.674407193396493590e-02 2.053251472238042385e-01 -8.882750233528707851e-01 3.150531768419794626e-02 9.971311293327409508e-01 -6.882763464790504770e-02 -8.683277514796152730e-01 -2.035839146668367572e-01 7.381973899366779668e-02 9.762657451948176801e-01 3.654685657401955723e+01
9.799506133062216851e-01 -1.532156178422989720e-02 1.986026652759145805e-01 -7.195042025645128625e-01 2.940883778292541911e-02 9.972405498533338797e-01 -6.811722902669520296e-02 -9.461093314651995989e-01 -1.970095492010699723e-01 7.259478173478434160e-02 9.776974786747038015e-01 3.748351085944523220e+01
9.818289050989654765e-01 -1.407701231288622894e-02 1.892166464159320827e-01 -5.573123833380105863e-01 2.720975937575530537e-02 9.973832512456424215e-01 -6.697084061143911138e-02 -1.014998646870956200e+00 -1.877785893008524776e-01 7.090328964004126433e-02 9.796427573669402866e-01 3.835908058275207821e+01
9.833550300360411889e-01 -1.134951249965020573e-02 1.812351452824678411e-01 -3.991034304470926775e-01 2.399811817536931166e-02 9.974161408337365309e-01 -6.766029453095967483e-02 -1.083202783358535815e+00 -1.799975018022523521e-01 7.088678454786266625e-02 9.810868632641337461e-01 3.926389645202164047e+01
9.844228759484957569e-01 -7.458262422744540120e-03 1.756092780351615201e-01 -2.446849493849045654e-01 1.947165696016771655e-02 9.975784688011679613e-01 -6.678047252397896483e-02 -1.168144727003576522e+00 -1.746856174923201721e-01 6.916185034299311696e-02 9.821843699720163023e-01 4.023865292777537661e+01
9.847339765368239295e-01 -3.191811999546775771e-03 1.739953333499104637e-01 -9.086617747329284178e-02 1.499116868956047038e-02 9.976720227208560887e-01 -6.650283244063785737e-02 -1.233240293933081322e+00 -1.733777018536274139e-01 6.809672356074385202e-02 9.824894875739852429e-01 4.117313828208423132e+01
9.848536789206093767e-01 -1.051670189091695419e-03 1.734152686994639980e-01 7.249681692602853722e-02 1.271507966063482702e-02 9.977272768584292129e-01 -6.615821041015157444e-02 -1.306196216036105584e+00 -1.729515922559334840e-01 6.736058589224629134e-02 9.826287071352377556e-01 4.216431837379560932e+01
9.846841952322999969e-01 7.477441707304602076e-04 1.742504191653416468e-01 2.454296488654740538e-01 1.089401313457155455e-02 9.977727704137815401e-01 -6.577188303259653979e-02 -1.382048788873897927e+00 -1.739112464778737877e-01 6.666359188080045461e-02 9.824831054598757163e-01 4.316015850414746069e+01
9.845469473651209391e-01 4.460707792973176659e-04 1.750489694008436348e-01 4.060027227937770267e-01 1.114391768107375960e-02 9.978103514100281624e-01 -6.517535854872104351e-02 -1.459220173386727382e+00 -1.746944613228396115e-01 6.611982393275271652e-02 9.823861962123388025e-01 4.414207893563089158e+01
9.847459546425877397e-01 5.254134021495060437e-04 1.738998072804474604e-01 5.878065836166053160e-01 1.076118698625259940e-02 9.978971785316087528e-01 -6.388517484521620549e-02 -1.539958697653102115e+00 -1.735672396240754700e-01 6.478341631061726447e-02 9.826695265662517276e-01 4.517450950270462329e+01
9.847122036767729236e-01 1.058508020710337332e-04 1.740887843964921411e-01 7.599362286474147243e-01 1.107288827641585323e-02 9.979392302747055465e-01 -6.318282401663867509e-02 -1.619220582606176295e+00 -1.737361456888068256e-01 6.414642420854624327e-02 9.826818489960621461e-01 4.618735508817455582e+01
9.845457246058957335e-01 1.511735503018829443e-04 1.750752499938535434e-01 9.196513550337499510e-01 1.087038953731212648e-02 9.980185939379742077e-01 -6.192536925012593479e-02 -1.701109855524914893e+00 -1.747375473518823497e-01 6.287151064555579483e-02 9.825933691201623743e-01 4.719787704691022867e+01
9.847384223022691563e-01 1.905887067332818997e-03 1.739639762965113357e-01 1.096729744316937705e+00 8.910132237019276896e-03 9.980766917673115080e-01 -6.133353692482835379e-02 -1.774976793351520588e+00 -1.737462179350727220e-01 6.194786917159662148e-02 9.828275169843440073e-01 4.824988960089868328e+01
9.844851642510152878e-01 1.660635653068717309e-03 1.753383676167060978e-01 1.263663553595073763e+00 9.228130955666323174e-03 9.980813771125127687e-01 -6.120270741408212478e-02 -1.852211277067769890e+00 -1.751032929366720670e-01 6.187230615924036586e-02 9.825810731155374400e-01 4.926598422855046522e+01
9.846400909385416567e-01 2.930621300389036135e-03 1.744763563111058347e-01 1.429877592926355412e+00 7.784764331165679521e-03 9.981279054734694123e-01 -6.061501773628030082e-02 -1.936479500179941970e+00 -1.743272015082910076e-01 6.104259185997002596e-02 9.827739623968880789e-01 5.029775911372183117e+01
9.850720777560759700e-01 3.588822975200994803e-03 1.720198037267053337e-01 1.624076048009922113e+00 6.745704305258130341e-03 9.982099501207228887e-01 -5.938352594143138374e-02 -2.022547967032732430e+00 -1.719249521713323292e-01 5.965744666282233460e-02 9.832845943804342514e-01 5.132329931599181094e+01
9.858066038363241246e-01 2.014858602224149468e-03 1.678279953157165716e-01 1.787428138645531961e+00 7.576345313433080660e-03 9.983753902834150429e-01 -5.644507974962891667e-02 -2.100272741738109517e+00 -1.676689522860389803e-01 5.691570997569081469e-02 9.841896951998717613e-01 5.235693178331206354e+01
9.861564996777436587e-01 2.614235042813392281e-04 1.656880777730954102e-01 1.959861206340794082e+00 8.955468311798980147e-03 9.984553212363682650e-01 -5.479523590291705826e-02 -2.175100357936274431e+00 -1.654461853579263786e-01 5.552138964624917655e-02 9.846309902888914500e-01 5.341226470679256266e+01
9.864131352060916402e-01 3.503744079938617075e-04 1.641867286886717903e-01 2.127052945018693464e+00 8.629285685762893079e-03 9.985067644562259925e-01 -5.391329677191761954e-02 -2.256822293546015601e+00 -1.639601955837468594e-01 5.459847725315146449e-02 9.849371970097408058e-01 5.442358392117580479e+01
9.868951723569383550e-01 -2.124205534406931788e-04 1.613311866446666409e-01 2.287355070279175173e+00 8.943232989011767192e-03 9.985340813548413408e-01 -5.336231537253820906e-02 -2.332512654086623893e+00 -1.610831726414942155e-01 5.410628849808978014e-02 9.854504202460452333e-01 5.541843652680323373e+01
9.872201071425169561e-01 2.890328915501588877e-04 1.592597026995459519e-01 2.430641193361618768e+00 8.295316196063736922e-03 9.985494777903708430e-01 -5.315473437135166679e-02 -2.421689255652737849e+00 -1.590438618010952265e-01 5.379696403858219567e-02 9.857858268827556225e-01 5.650028046412052163e+01
9.871237217763453309e-01 1.509470477378569353e-03 1.599445100643606121e-01 2.598293059447936315e+00 7.239514521198243263e-03 9.985092241769594201e-01 -5.409288790095926475e-02 -2.495717573199935035e+00 -1.597875915170190730e-01 5.455457146266809443e-02 9.856412511482888217e-01 5.747279573590685686e+01
9.864266194348296768e-01 3.342871646232005705e-03 1.640916193395375311e-01 2.775264740412060060e+00 6.048801957766148860e-03 9.983744234680175245e-01 -5.664249212065133876e-02 -2.573404174585549598e+00 -1.640142264673135619e-01 5.686626310133987422e-02 9.848027936335603805e-01 5.846323835227588717e+01
9.861336177547389559e-01 4.721595499272228900e-03 1.657947787945526219e-01 2.944329253723548590e+00 4.932101687374764246e-03 9.983197454883286914e-01 -5.772417916238421071e-02 -2.657370529857285835e+00 -1.657886602965278344e-01 5.774178705513786231e-02 9.844533373680472987e-01 5.954720159966958448e+01
9.852131152882724896e-01 4.564836036866764916e-03 1.711652104338071134e-01 3.122301039882425133e+00 5.571284367951638040e-03 9.982629388314192553e-01 -5.862632878578054318e-02 -2.711200002321301650e+00 -1.711354344746497946e-01 5.871326315823345576e-02 9.834760909799485917e-01 6.050273360503125275e+01
9.842218627037347956e-01 4.227818155723838279e-04 1.768509243137908749e-01 3.309345527958015953e+00 9.546836086732062021e-03 9.984135563767624344e-01 -5.546410734191474512e-02 -2.787406903483953702e+00 -1.765935856759819345e-01 5.627813871906133664e-02 9.826565578482140406e-01 6.149699434658139552e+01
9.827779764418941300e-01 3.966418483629286125e-03 1.846917715420815231e-01 3.473209788090927397e+00 5.931519369620455451e-03 9.985774322754753518e-01 -5.297890941369931550e-02 -2.883257353597507677e+00 -1.846391659451762368e-01 5.316207405724570484e-02 9.813562235343703533e-01 6.249818547392558088e+01
9.820913119574575800e-01 3.138104153941715345e-03 1.883199536012679365e-01 3.653931718141186114e+00 7.070615811484953599e-03 9.985430644954895740e-01 -5.347571996789956400e-02 -2.962043838053306732e+00 -1.882132504875443368e-01 5.384993301318861253e-02 9.806383996739144182e-01 6.349807001586238897e+01
9.805730362731065464e-01 2.295539615528444273e-03 1.960696555135374719e-01 3.837536719990731982e+00 8.968154819741112546e-03 9.983613225091585441e-01 -5.650308108030595994e-02 -3.026511935180125068e+00 -1.958779658171934945e-01 5.716425172144874722e-02 9.789454229407577035e-01 6.447202364836120125e+01
9.794337285188486897e-01 5.424896954091110168e-03 2.016554350330121703e-01 4.013713857462766654e+00 6.415947237399320657e-03 9.982955374496642609e-01 -5.800137902947768292e-02 -3.113180207298248625e+00 -2.016263206564428700e-01 5.810250072356680506e-02 9.777294942930229160e-01 6.543458059267199189e+01
9.786801085707813597e-01 6.834910435215576716e-03 2.052419412735092819e-01 4.217306044450491065e+00 5.331436184339341695e-03 9.982640376795566262e-01 -5.865172996939134464e-02 -3.192748748307852935e+00 -2.052865101912763890e-01 5.849552012819640018e-02 9.769446276678142027e-01 6.642322751273835024e+01
9.779106014803317093e-01 6.157733875334813617e-03 2.088863339199078240e-01 4.421524902088044051e+00 6.156546278083200284e-03 9.982838505603739421e-01 -5.821187543156735450e-02 -3.259675722694806765e+00 -2.088863843016851296e-01 5.821168885398054355e-02 9.761943709916739431e-01 6.738335242090732891e+01
9.773239346623776580e-01 2.965193501077595731e-03 2.116314981382562133e-01 4.615600530174117644e+00 7.668581403015371778e-03 9.987504475652440039e-01 -4.937193445086524024e-02 -3.337453613794592044e+00 -2.115133812218753517e-01 4.987568077526692567e-02 9.760800157368560992e-01 6.835813391830025409e+01
9.769883015909583968e-01 1.188529725802462854e-03 2.132861235459891092e-01 4.842917541953764449e+00 6.747288933715758948e-03 9.993118409261755319e-01 -3.647185285216817535e-02 -3.411824107267858786e+00 -2.131826321346073361e-01 3.707201463874326003e-02 9.763079063987294415e-01 6.931300621732539469e+01
9.763272192010750139e-01 6.975530830869919926e-04 2.163135653238044687e-01 5.051324876918235063e+00 6.807116838148607151e-03 9.994003499796364487e-01 -3.395412305454818119e-02 -3.465255995062014538e+00 -2.162075110017736834e-01 3.462306509235323071e-02 9.757370838344255892e-01 7.027044043512164251e+01
9.763578216417253541e-01 1.438151295924311240e-03 2.160816921123756285e-01 5.265523658205614410e+00 7.671695307935892140e-03 9.991173282226579744e-01 -4.129823789313595561e-02 -3.524960988585199573e+00 -2.159502693331044609e-01 4.198025370568431169e-02 9.754849498327301527e-01 7.124311438778018157e+01
9.758056994473682799e-01 1.738013427931079519e-03 2.185734437359450055e-01 5.474538180027168188e+00 8.438111795165166226e-03 9.989241167180297198e-01 -4.559065879182346709e-02 -3.587707257403156103e+00 -2.184174495187653497e-01 4.633220555017775882e-02 9.747410614820022356e-01 7.217238321233986653e+01
9.761202517206943874e-01 -3.680410349944391452e-03 2.171240181918856482e-01 5.694660823547737394e+00 1.419658415493771537e-02 9.987997703720649101e-01 -4.686908036729287019e-02 -3.646119166402901346e+00 -2.166906385067613461e-01 4.883401982961336346e-02 9.750009302273399125e-01 7.310435829703033050e+01
9.761440308358726448e-01 -6.669816866262908914e-03 2.169816912260728592e-01 5.912239160574455532e+00 1.717948320606027535e-02 9.987669559099681127e-01 -4.656278074882058693e-02 -3.711472169760390294e+00 -2.164032909251184800e-01 4.918069818566406237e-02 9.750549670810638725e-01 7.406143657574270378e+01
9.762671431683339618e-01 -7.390654545716996739e-03 2.164163699196955670e-01 6.118270359112851331e+00 1.694781972746322099e-02 9.989598682699740717e-01 -4.232306079666428578e-02 -3.774029855821749990e+00 -2.158784042546588455e-01 4.498650787160911324e-02 9.753768909016274913e-01 7.501142428360583381e+01
9.763439325961892346e-01 -6.328575875864691017e-03 2.160643669056911964e-01 6.319878828195411913e+00 1.484126038858524406e-02 9.991755849307581983e-01 -3.777264328600113408e-02 -3.823046506816222490e+00 -2.156469208153882766e-01 4.008725798148788516e-02 9.756330455681457847e-01 7.594579008306226342e+01
9.766486944694880989e-01 -5.571046888385378787e-03 2.147340691917146993e-01 6.521066102400507880e+00 1.262166897478884248e-02 9.994249040785283533e-01 -3.147116348079897347e-02 -3.877070527462455285e+00 -2.144351410679986303e-01 3.344785669969811692e-02 9.761573913849976858e-01 7.689571142564642514e+01
9.765544755910330332e-01 2.370779123158071790e-03 2.152147774502360111e-01 6.706241211053908025e+00 3.966437861927834402e-03 9.995714321005102487e-01 -2.899301948128857331e-02 -3.928945704627154090e+00 -2.151913020265766585e-01 2.916685878589358322e-02 9.761265995182347721e-01 7.782216355854464496e+01
9.766176181525911826e-01 1.098795383793165804e-02 2.146286998020013048e-01 6.891038042098540650e+00 -5.018463798502021365e-03 9.995859929880973604e-01 -2.831839916923870742e-02 -3.971294103441053824e+00 -2.148511261910767967e-01 2.657799188904301849e-02 9.762686583943765983e-01 7.876644694407657710e+01
9.773806923323670182e-01 6.888061418737359901e-03 2.113624046660434463e-01 7.089768607401063960e+00 -1.320157645544954052e-03 9.996486860074935699e-01 -2.646700432864800348e-02 -4.010540975689610654e+00 -2.114704911579533275e-01 2.558899368933103061e-02 9.770464349535966653e-01 7.971673636977224930e+01
9.780504304465630350e-01 2.774559351992198636e-03 2.083347463719281145e-01 7.282761539973229503e+00 2.917022547433856510e-03 9.996310836798149024e-01 -2.699666022209473715e-02 -4.070865191564198682e+00 -2.083327934367695256e-01 2.701175017673775741e-02 9.776815210756487629e-01 8.062013562471349815e+01
9.795159361364595973e-01 3.378811628443311506e-03 2.013426743420712040e-01 7.477713466135019083e+00 2.572192246694917587e-03 9.995677180417603669e-01 -2.929315380278738057e-02 -4.123273993696534134e+00 -2.013545629121211988e-01 2.921120366198006954e-02 9.790836603511993141e-01 8.156006081358982840e+01
9.810989871942602525e-01 -2.185021228951432998e-03 1.934630236990786678e-01 7.659586153361058969e+00 7.832507448472140338e-03 9.995651772299953830e-01 -2.841569890983723992e-02 -4.160666317307608608e+00 -1.933167010480814074e-01 2.939419124114114532e-02 9.806895548102112503e-01 8.249509559421198901e+01
9.828413953503510880e-01 -9.764812857482057032e-03 1.841215582232091641e-01 7.830843954478404534e+00 1.492046448665990642e-02 9.995341072773418212e-01 -2.661647752637041897e-02 -4.214002289013245139e+00 -1.837755868885038724e-01 2.890879355100548984e-02 9.825293421332021992e-01 8.340831371435616859e+01
9.849507756577825512e-01 -7.227711107938903853e-03 1.725473285184625505e-01 7.988347192737364821e+00 1.203598296475489639e-02 9.995678690863601945e-01 -2.679311704872279487e-02 -4.258771907259004230e+00 -1.722787952485933805e-01 2.846874412593528719e-02 9.846124077499066596e-01 8.433997126564543123e+01
9.869604210518908571e-01 -4.772550041377539819e-03 1.608263370146634508e-01 8.120214817017627595e+00 8.955763913871121404e-03 9.996401292788418269e-01 -2.527253407551193626e-02 -4.299256797858789447e+00 -1.606476471657148908e-01 2.638450318123886779e-02 9.866481102336901454e-01 8.525730908373560624e+01
9.891148593252945265e-01 -6.280865911568484818e-03 1.468647805194423228e-01 8.255757690905289437e+00 9.569639843296633488e-03 9.997192424549644629e-01 -2.164794111165469631e-02 -4.339459897290655732e+00 -1.466871929065744207e-01 2.282008483538059546e-02 9.888974837223656333e-01 8.619879718688081027e+01
9.909362832355471662e-01 -5.348923228382087766e-03 1.340605613911478033e-01 8.381351550084580992e+00 8.062503396629470964e-03 9.997738148396330127e-01 -1.965583365713941683e-02 -4.381494186149057946e+00 -1.339247992414769328e-01 2.056053890922827573e-02 9.907553011901094608e-01 8.714265819750168873e+01
9.924193174701168019e-01 -5.192495495692138474e-03 1.226275274794344505e-01 8.479425454985106470e+00 7.499973394784524572e-03 9.998036439872661774e-01 -1.831676061667981623e-02 -4.410279763858819813e+00 -1.225080688907099896e-01 1.909958420292724723e-02 9.922635588329919987e-01 8.805914564304858061e+01
9.940733955840790337e-01 -5.826266997863432592e-03 1.083982861052732588e-01 8.579489719614574739e+00 7.749441585310061845e-03 9.998202490786323171e-01 -1.727765037349028587e-02 -4.457180381173874828e+00 -1.082778211800720508e-01 1.801731319929760280e-02 9.939399148503810233e-01 8.900198702111265447e+01
