1.0 0.0 0.0 0.0 0.0 1.0 0.0 0.0 0.0 0.0 1.0 0.0
0.38216996 0.92372143 0.027643511 5.109131 -0.924067 0.38233355 -0.00069188984 7.2145996 -0.011205726 -0.025276806 0.99961764 0.059448242
0.61792874 0.78557366 0.030922422 12.755249 -0.7860047 0.61814636 0.0030888934 5.3275146 -0.016691975 -0.026213652 0.99951714 -0.017211914
0.24819332 0.9676756 0.044924278 19.346313 -0.9686373 0.24850506 -0.0014086277 4.982788 -0.0125164855 -0.043168712 0.9989891 -0.20251465
-0.2661414 0.9620215 0.061326664 24.227905 -0.96397513 -0.26565662 -0.016069941 2.2579346 0.0008517151 -0.06342025 0.997987 -0.38134766
-0.3838481 0.92196196 0.053202506 26.716187 -0.9234939 -0.38330212 -0.020527318 -2.6176758 0.0014587753 -0.056982428 0.99837357 -0.48535156
-0.6644015 0.7458446 0.050369624 28.639038 -0.7474699 -0.66377246 -0.030751755 -7.4987793 0.010498685 -0.05807129 0.9982572 -0.6687012
-0.5802385 0.81228787 0.049212016 28.192017 -0.81376845 -0.5794626 -0.030265242 -13.250977 0.0039679664 -0.05765222 0.99832845 -0.7355957
-0.9446186 0.3242021 0.041561265 28.387817 -0.32594988 -0.9438089 -0.046053655 -18.717773 0.024312684 -0.05706449 0.9980737 -0.9260254
-0.92541355 0.37591702 0.034828722 24.823242 -0.37717885 -0.92457676 -0.042558864 -22.869019 0.016223507 -0.052560754 0.99848586 -0.93566895
-0.9984203 0.038650766 0.016768286 20.980347 -0.03932064 -0.99766684 -0.041631777 -27.659912 0.0151303345 -0.042265773 0.9989917 -0.96118164
-0.8593025 -0.5114448 0.0012863306 16.119995 0.51102024 -0.85868675 -0.038644332 -31.62146 0.020878136 -0.03255799 0.9992521 -0.9595947
-0.62216777 -0.7836705 -0.0045818607 10.06311 0.78339607 -0.6217706 -0.030736227 -32.163574 0.021240322 -0.022686413 0.99951726 -0.8812256
-0.21647468 -0.976224 -0.007787822 4.6749268 0.97609574 -0.21628833 -0.019787043 -31.378174 0.017626382 -0.011886512 0.999774 -0.80444336
0.21168824 -0.9773399 -0.00051487965 0.05810547 0.9772992 0.21168417 -0.009035542 -28.10608 0.008940945 0.0014115988 0.999959 -0.6739502
0.61847776 -0.7857816 0.01232518 -2.9205322 0.7858736 0.6184521 -0.006250752 -23.027832 -0.002711109 0.013554448 0.99990445 -0.5209961
0.7388296 -0.67353326 0.021055754 -3.6082764 0.6737508 0.7389151 -0.004894122 -16.987549 -0.012260333 0.017803697 0.99976623 -0.3557129
0.90091616 -0.43313584 0.025809063 -3.6271973 0.43350327 0.90104604 -0.010644335 -11.976807 -0.018645259 0.02077904 0.99961036 -0.26965332
0.96899956 -0.24489668 0.032022268 -2.639038 0.24546745 0.96926475 -0.015232099 -7.698242 -0.027304783 0.022625538 0.99937063 -0.19812012
0.971078 -0.23649508 0.03240386 -1.9007568 0.23697653 0.97142893 -0.011855753 -4.0386963 -0.02867227 0.019195797 0.99940413 -0.13745117
0.9894301 -0.1410453 0.03284163 -1.7854004 0.14146405 0.98985827 -0.01074201 -1.097168 -0.030988282 0.015286423 0.99940115 -0.079711914
0.99124527 -0.12844066 0.029455453 -1.5522461 0.12885916 0.99154824 -0.012707485 1.6470947 -0.027567139 0.016406106 0.9994832 -0.041870117
0.99275726 -0.1160559 0.03057203 -1.2641602 0.116476834 0.9931031 -0.012322703 3.0671387 -0.028927702 0.01580265 0.9994551 -0.020507812
0.9930719 -0.11350516 0.029510956 -0.9571533 0.11395862 0.99335927 -0.014100425 3.1767578 -0.027708113 0.017377932 0.9994631 -0.044677734
0.9947834 -0.09798477 0.027619103 -0.64453125 0.09833707 0.99506515 -0.011634855 3.125 -0.026337601 0.014301387 0.9995488 -0.05102539
0.99578637 -0.08812593 0.024429414 -0.22766113 0.08849463 0.99595094 -0.014349262 3.1958008 -0.023058452 0.016462665 0.9995961 -0.05041504
0.99635285 -0.082196355 0.022335112 0.16296387 0.08256031 0.9964478 -0.015823774 3.1119385 -0.020950187 0.017616658 0.9996238 -0.05505371
0.99703074 -0.074206084 0.019397713 0.56848145 0.07452824 0.9970622 -0.01630875 3.1260986 -0.018120486 0.017716894 0.9996762 -0.0637207
0.9972784 -0.071372434 0.01771869 1.0721436 0.07167174 0.9972731 -0.016779833 3.1101074 -0.01646649 0.01801048 0.9997006 -0.08081055
0.99693793 -0.075558975 0.018862415 1.5064697 0.07590099 0.9969286 -0.017958613 3.1102295 -0.017435702 0.01934681 0.9996578 -0.0859375
0.99670064 -0.07853313 0.019470219 2.0855713 0.078900464 0.9966857 -0.018731449 3.078003 -0.017924242 0.020215465 0.9996323 -0.09094238
0.99667037 -0.07865159 0.020254858 2.6210938 0.07902589 0.99667984 -0.018231763 3.1676025 -0.018741703 0.019783825 0.99962556 -0.10229492
0.99646574 -0.080627844 0.022126656 3.373413 0.08102147 0.9965293 -0.017331263 3.1401367 -0.020638876 0.019078884 0.9996012 -0.12011719
0.996444 -0.08079431 0.023186222 3.9354248 0.08118617 0.99654764 -0.016394839 3.2541504 -0.021774694 0.018227851 0.99959457 -0.13293457
0.99648696 -0.07977143 0.024609782 4.7058105 0.08016339 0.9966435 -0.015260434 3.1645508 -0.02330152 0.017191976 0.9995779 -0.14379883
0.99600834 -0.08489352 0.026660932 5.270508 0.08533371 0.9962049 -0.015708933 3.2872314 -0.025216756 0.017935399 0.99951804 -0.15466309
0.9958914 -0.08601639 0.027195103 6.0631104 0.08645465 0.99610955 -0.015241649 3.28125 -0.025767427 0.017546939 0.9995105 -0.16955566
0.9953613 -0.09122982 0.029613283 6.669922 0.09169827 0.995651 -0.014763268 3.4006348 -0.028129108 0.017426085 0.9994494 -0.18469238
0.99436796 -0.100301534 0.033627734 7.546875 0.10079971 0.99479717 -0.013399408 3.3948975 -0.032103352 0.016725263 0.99934244 -0.19335938
0.99295086 -0.1119073 0.038492188 8.053345 0.11246397 0.993556 -0.0125572905 3.472412 -0.036833644 0.016810052 0.99917793 -0.20898438
0.99288964 -0.112283416 0.039164223 9.063965 0.11281727 0.99353397 -0.0116631035 3.5135498 -0.037598453 0.016006602 0.9991635 -0.2241211
0.9922251 -0.11722413 0.04129346 9.596802 0.117814586 0.9929426 -0.012109718 3.6489258 -0.039577745 0.016894307 0.99907094 -0.23986816
0.9933775 -0.108015746 0.038626596 10.723389 0.10852666 0.9940105 -0.011319238 3.6343994 -0.03716731 0.015450174 0.99918664 -0.2685547
0.99356055 -0.10628579 0.03864303 11.136719 0.10681921 0.9941848 -0.011949499 3.7800293 -0.03714274 0.016014634 0.999179 -0.28527832
0.99464554 -0.09669551 0.03566787 12.22644 0.097132206 0.9951885 -0.010642984 3.762085 -0.034460887 0.014068958 0.99930346 -0.3166504
0.9954705 -0.0887176 0.033280313 12.723267 0.08906144 0.9959592 -0.008915593 3.8925781 -0.03234878 0.011858361 0.9994024 -0.34362793
0.99616665 -0.08142709 0.03090108 13.742065 0.0816669 0.9966087 -0.006499569 3.8342285 -0.030261505 0.009019973 0.999497 -0.37194824
0.995462 -0.08856118 0.034026075 13.991699 0.08878398 0.99601406 -0.0050434936 3.9060059 -0.033440355 0.0080595575 0.99940467 -0.38110352
0.9964737 -0.07809545 0.029979214 15.034302 0.078245535 0.9969081 -0.0038260422 3.9475098 -0.029585281 0.006172467 0.9995403 -0.40490723
0.9963461 -0.07933269 0.030688755 15.340698 0.079486795 0.9968028 -0.0037834845 4.0007324 -0.03028735 0.006228589 0.999518 -0.41577148
0.99748147 -0.065782204 0.025492964 16.353638 0.06584625 0.99780506 -0.0016450938 4.0529785 -0.025327055 0.0033372082 0.99967027 -0.42712402
0.9982128 -0.05513185 0.021671697 17.029785 0.05514718 0.99845153 -8.650962e-05 4.084839 -0.02163268 0.0013027005 0.99976087 -0.4359131
0.9988059 -0.04504572 0.017905504 17.741577 0.04506926 0.9989674 -0.0008864505 4.0509033 -0.017846156 0.0017050337 0.99983674 -0.44091797
0.999407 -0.0310062 0.012367437 18.471924 0.031038113 0.9994848 -0.0022292477 3.9456787 -0.012287112 0.0026363414 0.9999159 -0.44348145
0.9996974 -0.021717481 0.008613817 19.172485 0.021738142 0.9997357 -0.0020678663 3.8945312 -0.008561529 0.0022747037 0.9999565 -0.43688965
0.9998513 -0.01486539 0.0058479425 19.842407 0.014877456 0.9998692 -0.0017242773 3.7368164 -0.005817172 0.0018253537 0.99997836 -0.42443848
0.9999067 -0.010836547 0.004223107 20.45337 0.010844949 0.99991745 -0.0014147895 3.5860596 -0.004201484 0.0014777614 0.99998635 -0.39440918
0.999951 0.0065940847 -0.0025642351 21.181152 -0.006589888 0.9999568 0.00085019413 3.5095215 0.0025749872 -0.00081703893 0.9999929 -0.35290527
0.99914724 0.038088128 -0.015086868 22.030884 -0.038039304 0.99925864 0.003463959 3.4431152 0.015209525 -0.0028779309 0.99987835 -0.3005371
0.99660337 0.07597931 -0.030971626 22.886108 -0.07596085 0.9970879 0.0017771055 3.4940186 0.0310168 0.00059886184 0.99951524 -0.28515625
0.99241924 0.113351375 -0.04698231 23.77295 -0.11343055 0.99352515 0.0010006009 3.4625244 0.0467908 0.0043543666 0.99889123 -0.27294922
0.989103 0.13562529 -0.057015933 24.573975 -0.13582161 0.99071985 0.0004458693 3.38208 0.056546614 0.007312972 0.99837136 -0.2253418
0.986195 0.15268639 -0.06389717 25.36267 -0.15318549 0.98818296 -0.0029478427 3.2164307 0.06269121 0.012703619 0.99795043 -0.18273926
0.9856373 0.15617542 -0.06391321 26.081543 -0.15670304 0.98762 -0.0032816574 3.0350342 0.062608026 0.013262403 0.99794835 -0.12902832
0.98632306 0.15303583 -0.060896188 26.832275 -0.15374956 0.98806614 -0.00716656 2.831787 0.05907071 0.016443167 0.9981163 -0.0859375
0.9872544 0.14851683 -0.056869287 27.549683 -0.1494704 0.98866576 -0.012844054 2.682251 0.05431351 0.021192776 0.9982966 -0.030395508
0.9862468 0.1548395 -0.05753102 28.35205 -0.15601535 0.9876023 -0.016480386 2.5427246 0.054261487 0.025239717 0.9982056 0.022583008
0.98391163 0.16768238 -0.061435435 29.217651 -0.16906402 0.9854287 -0.01796989 2.383667 0.057523604 0.028074216 0.99794817 0.0871582
0.9820716 0.17712426 -0.0643434 29.94458 -0.17870213 0.98369837 -0.019587226 2.2260742 0.05982231 0.030742625 0.9977336 0.13110352
0.97992074 0.18763357 -0.06722991 30.781128 -0.18884543 0.9819198 -0.012067236 2.0802002 0.06374711 0.024531435 0.9976622 0.18823242
0.979152 0.19184601 -0.06671546 31.51062 -0.19291712 0.9811624 -0.009935864 1.9185791 0.06355193 0.022601753 0.99772197 0.23498535
0.97732884 0.20050517 -0.06791721 32.351807 -0.20173883 0.9793635 -0.011733819 1.7525635 0.06416072 0.025175165 0.99762046 0.29821777
0.9754132 0.20897867 -0.06991822 33.137085 -0.2105194 0.97746575 -0.015348541 1.5800781 0.06513307 0.029694282 0.9974335 0.3564453
0.9736751 0.21602471 -0.0725894 33.964355 -0.21764347 0.9759021 -0.015084511 1.416626 0.067581184 0.030492395 0.9972467 0.42529297
0.97380865 0.21515307 -0.07358053 34.8562 -0.2167449 0.97612804 -0.014284523 1.2344971 0.06875072 0.029857146 0.9971869 0.4885254
0.97487426 0.21039115 -0.073080085 35.679565 -0.2121672 0.9770723 -0.017360851 1.0539551 0.06775098 0.03243432 0.9971741 0.54663086
0.9762312 0.2043742 -0.07207196 36.556763 -0.20597334 0.9784313 -0.015426602 0.8826904 0.06736519 0.029906359 0.99728024 0.6154785
0.9776665 0.19777673 -0.07090604 37.493164 -0.19923624 0.9798411 -0.014039474 0.70947266 0.066696525 0.027864356 0.99738103 0.68603516
0.9796155 0.18851836 -0.069298446 38.368286 -0.18983345 0.9817267 -0.012844867 0.54211426 0.06561002 0.02574135 0.9975127 0.748291
0.9810645 0.18071692 -0.06934887 39.272705 -0.18183997 0.9832563 -0.010157105 0.37927246 0.06634872 0.02259102 0.99753726 0.80908203
0.982168 0.17536204 -0.067665875 40.247437 -0.17618206 0.9843286 -0.0062982393 0.2208252 0.06549992 0.018108098 0.99768907 0.88671875
0.9824788 0.17401654 -0.06660503 41.182007 -0.17453824 0.9846409 -0.0020425231 0.064575195 0.06522577 0.013638507 0.9977758 0.9445801
0.98262084 0.17356971 -0.065869056 42.17334 -0.17394157 0.9847614 9.298907e-05 -0.10119629 0.06488115 0.011366418 0.9978274 1.0098877
0.9824775 0.17451182 -0.06515989 43.169434 -0.17476194 0.9845919 0.001894766 -0.27612305 0.06448605 0.009538176 0.9978707 1.0780029
0.9823802 0.17529216 -0.064609505 44.15161 -0.17555769 0.9844551 0.0015958587 -0.43884277 0.06388444 0.0097827 0.9979082 1.1477051
0.98266387 0.17415163 -0.06328337 45.184204 -0.17439784 0.9846565 0.0016661945 -0.62353516 0.06260157 0.009410607 0.9979923 1.2207031
0.98267573 0.17431735 -0.06264561 46.197266 -0.17458397 0.9846237 0.001246077 -0.7980957 0.06189847 0.009721905 0.9980339 1.2922363
0.9825874 0.17530698 -0.061361514 47.20813 -0.17556013 0.98445845 0.0012934564 -0.95996094 0.060633827 0.009513289 0.99811184 1.3666992
0.9828239 0.17429547 -0.060443886 48.260254 -0.17443283 0.9846526 0.0030403247 -1.1397705 0.060046256 0.007561714 0.99816614 1.4324951
0.9825771 0.1756539 -0.060356207 49.27661 -0.17580771 0.9843988 0.0028017624 -1.3087158 0.059906572 0.0078690685 0.99817175 1.501831
0.9827717 0.17486174 -0.059531447 50.308594 -0.17493284 0.98455495 0.0040654866 -1.4776611 0.059322268 0.0064327526 0.9982153 1.5782471
0.9832834 0.17244162 -0.05816731 51.33423 -0.17246236 0.9849899 0.0047080284 -1.6751709 0.058105916 0.0054144245 0.99829334 1.6564941
0.98418707 0.16816893 -0.055467602 52.36792 -0.16825764 0.98573047 0.00310646 -1.8425293 0.055197995 0.0062827133 0.99845415 1.7271729
0.98462653 0.16594389 -0.054096743 53.42334 -0.1661161 0.9860835 0.0013387913 -2.0183105 0.053565577 0.0076814634 0.9985328 1.7943115
0.984933 0.16444837 -0.053187333 54.434814 -0.16460724 0.986342 0.0014179647 -2.1884766 0.0526935 0.007368228 0.99858207 1.8684082
0.9854458 0.16156955 -0.052722502 55.429688 -0.1617511 0.98682606 0.0008394349 -2.3521729 0.052162938 0.007705514 0.9986078 1.9365234
0.9857819 0.15952365 -0.05243079 56.51172 -0.15967481 0.9871521 0.0013293828 -2.4987793 0.051968787 0.007073722 0.9986214 2.0175781
0.9856386 0.16026665 -0.053179502 57.484375 -0.16035911 0.9870543 0.002555184 -2.668457 0.052900165 0.0060109263 0.9985813 2.0836182
0.9848019 0.16450413 -0.055449188 58.475098 -0.16451438 0.9863519 0.004415158 -2.8463135 0.055418726 0.0047835503 0.99845004 2.152588
0.9844539 0.16627833 -0.05630599 59.559326 -0.1662171 0.9860567 0.0058045895 -3.017334 0.056486562 0.0036514383 0.9983961 2.2277832
0.9834762 0.17163683 -0.05722867 60.515137 -0.17159547 0.9851324 0.0056774574 -3.1956787 0.057352588 0.0042472864 0.9983435 2.2736816
0.9826516 0.17710058 -0.05475085 61.51001 -0.17728272 0.98414296 0.0015586095 -3.383545 0.05415818 0.00818403 0.9984974 2.3430176
0.9813558 0.18509685 -0.051554255 62.512207 -0.1850805 0.9826994 0.0051342887 -3.5471191 0.05161286 0.0045083566 0.99865645 2.4318848
0.98063666 0.18868369 -0.052210353 63.51245 -0.18871784 0.98201036 0.0043255053 -3.729126 0.052086953 0.005618057 0.99862576 2.5025635
0.97894174 0.1963872 -0.0554545 64.48682 -0.19649671 0.98048383 0.0035285014 -3.9124756 0.055065103 0.0074494053 0.9984542 2.5582275
0.9777298 0.20212628 -0.056333322 65.44995 -0.20207384 0.97933966 0.00668708 -4.0889893 0.056521226 0.00484856 0.9983893 2.6367188
0.9769468 0.2057824 -0.056689423 66.438965 -0.20565622 0.97858334 0.008115214 -4.293701 0.057145607 0.0037333188 0.99835867 2.7080078
0.97619545 0.20938508 -0.056372833 67.399414 -0.20930135 0.97781277 0.007454775 -4.4990234 0.05668292 0.0045295227 0.9983806 2.767212
0.9760776 0.21195386 -0.048018027 68.375 -0.21199691 0.9772399 0.004256223 -4.694824 0.047827598 0.0060325284 0.9988369 2.840088
0.9763049 0.21351308 -0.035202548 69.33081 -0.2135603 0.976926 0.0024594916 -4.9240723 0.034914985 0.0051173563 0.99937713 2.9107666
0.97573364 0.2165183 -0.03272596 70.288574 -0.21657072 0.9762685 0.001977589 -5.133667 0.032377325 0.0051562446 0.99946254 2.9571533
0.9754814 0.21632634 -0.040083744 71.26074 -0.21639259 0.9762862 0.0027327528 -5.3500977 0.039724506 0.006011245 0.99919254 3.0063477
0.9747371 0.21883367 -0.04441151 72.18994 -0.21891646 0.97572553 0.0030538794 -5.560425 0.044001732 0.006750715 0.99900824 3.0599365
0.9749885 0.2171646 -0.046939343 73.12158 -0.21751246 0.9760378 -0.002365717 -5.7835693 0.04529976 0.012521325 0.99889463 3.1101074
0.97503805 0.2168994 -0.047294255 74.07861 -0.21738714 0.9760619 -0.0053549097 -6.003662 0.04499947 0.015507012 0.998866 3.1676025
0.97535974 0.21633896 -0.043106623 75.02881 -0.21679279 0.9761926 -0.006087688 -6.212158 0.04076314 0.015286131 0.9990516 3.223755
0.97561836 0.2160541 -0.03820782 75.96338 -0.21639764 0.9762776 -0.0050380486 -6.4158936 0.036211573 0.013188541 0.9992566 3.2666016
0.9761451 0.2147742 -0.031578913 76.913574 -0.21501221 0.9765939 -0.004300934 -6.619629 0.029915133 0.01098912 0.999492 3.3149414
0.9761265 0.21543954 -0.027276602 77.84033 -0.21542151 0.976505 0.0036340735 -6.8061523 0.027418608 0.0023319877 0.99962103 3.3601074
0.9762814 0.21502005 -0.024675934 78.78467 -0.21477422 0.97657067 0.012242957 -6.9925537 0.026731577 -0.006648739 0.9996202 3.3950195
0.97705334 0.21165569 -0.02372621 79.73462 -0.21151982 0.9773371 0.008125772 -7.194702 0.024908604 -0.0029195442 0.99968535 3.427124
0.9776824 0.20855723 -0.025185794 80.637695 -0.2085232 0.978006 0.004000863 -7.3911133 0.025466086 0.001342373 0.9996746 3.4798584
0.97908515 0.20159501 -0.027449757 81.576904 -0.20154585 0.9794693 0.0045761657 -7.590454 0.02780869 0.0010508103 0.99961287 3.5238037
0.9806838 0.19359328 -0.027717898 82.51123 -0.19369565 0.98105496 -0.0010255396 -7.7773438 0.026993815 0.006377466 0.99961495 3.553955
0.9825146 0.18409476 -0.02733512 83.42383 -0.18438952 0.98280156 -0.008652361 -7.9543457 0.025270574 0.013544691 0.99958867 3.600586
0.98460174 0.17257646 -0.026996402 84.35474 -0.17280069 0.98491347 -0.0061743874 -8.117554 0.025521867 0.010751228 0.99961585 3.6379395
0.98664117 0.16090922 -0.025014235 85.271484 -0.1610521 0.98692787 -0.0037834556 -8.255127 0.024077367 0.0077649583 0.9996796 3.671875
0.98889005 0.1469248 -0.02157918 86.2124 -0.14707199 0.98908937 -0.005372085 -8.397461 0.020552311 0.008492803 0.99975216 3.7060547
0.9907496 0.13413516 -0.019432519 87.15576 -0.13424635 0.99091524 -0.0045130746 -8.529297 0.018648919 0.0070863976 0.99980056 3.7415771
0.9922586 0.12270367 -0.018072866 88.07178 -0.12280211 0.9924014 -0.0044217343 -8.633057 0.017391324 0.0066120983 0.9998265 3.764038
0.99393517 0.108467154 -0.017117135 89.01416 -0.10856934 0.9940585 -0.005136517 -8.73999 0.016456492 0.0069689355 0.9998399 3.8043213
0.9952526 0.095458 -0.017286396 89.94556 -0.095543295 0.9953868 -0.004138382 -8.821655 0.016808607 0.0057809907 0.999841 3.8398438
0.9961783 0.0850971 -0.018452987 90.84082 -0.08515645 0.9963421 -0.0024300031 -8.887329 0.01817701 0.0040014656 0.9998258 3.8845215
0.9971933 0.07243569 -0.017973945 91.7605 -0.072445884 0.99735546 9.1178576e-05 -8.942017 0.017932774 0.0012192121 0.9998375 3.9230957
0.99781036 0.063493714 -0.017014677 92.68799 -0.06348625 0.99795735 0.0009805773 -8.994995 0.017042527 0.00011511852 0.99985296 3.932495
0.9986618 0.04947809 -0.013622538 93.606445 -0.04947596 0.9987562 0.00049627945 -9.043335 0.013630267 0.0001887622 0.99990565 3.9678955
0.9991647 0.03869713 -0.010815468 94.52881 -0.038690135 0.99922526 0.00084166654 -9.070068 0.010840489 -0.0004080289 0.9999391 3.980713
0.9993321 0.034325056 -0.009854838 95.45288 -0.03431128 0.9993823 0.0015086515 -9.084717 0.00990268 -0.0011534608 0.999948 3.991333
0.9995075 0.02951705 -0.008804894 96.36304 -0.02950323 0.9995469 0.0016425039 -9.102539 0.008851077 -0.0013720363 0.99995834 4.02124
0.99962544 0.025099868 -0.0076986793 97.28613 -0.025088122 0.99965686 0.0015052832 -9.129272 0.007736845 -0.0012948588 0.99996656 4.036865
0.9996102 0.02599924 -0.008234354 98.21997 -0.025984472 0.99964446 0.0018183712 -9.133423 0.008280832 -0.0015934275 0.99996275 4.0422363
0.99980444 0.0177824 -0.005683881 99.136475 -0.017775185 0.99982196 0.0011867913 -9.127075 0.0057064295 -0.0010731408 0.99998116 4.0664062
0.99989945 0.0119219 -0.003828558 100.08545 -0.011918248 0.9999085 0.0007718546 -9.1427 0.0038399117 -0.000713226 0.9999902 4.0616455
0.99996483 0.004688004 -0.0015034904 101.01416 -0.0046868115 0.999968 0.00028300443 -9.161987 0.0015071998 -0.0002625392 0.9999966 4.0598145
0.9999658 -0.0021807323 0.00069929194 101.958984 0.0021817866 0.99996877 -0.00010589231 -9.161621 -0.0006959883 0.00012579048 0.9999967 4.0722656
0.9999425 -0.007587306 0.0024143318 102.87622 0.0075888745 0.99994755 -0.00034209876 -9.1553955 -0.0024093927 0.0003753028 0.9999946 4.0772705
0.99986535 -0.014233659 0.0044847634 103.74194 0.014236596 0.9998773 -0.0005037806 -9.130249 -0.004475425 0.00058093 0.99998766 4.0756836
0.9997513 -0.020201206 0.0062829545 104.67212 0.02020484 0.999773 -0.00045023422 -9.108032 -0.0062712645 0.0005911908 0.9999779 4.1071777
0.99962157 -0.02585127 0.007815446 105.57031 0.02585342 0.9996531 -0.00016137707 -9.098633 -0.007808307 0.00037092075 0.9999683 4.1447754
0.99935454 -0.03345468 0.009859331 106.440674 0.03345771 0.99940604 -0.000115562056 -9.06311 -0.00984901 0.00046558457 0.9999484 4.1412354
0.99894196 -0.043723747 0.012509913 107.348145 0.043717735 0.99902207 0.000749356 -9.0271 -0.012530913 -0.00018936467 0.9999197 4.1348877
0.99852496 -0.051815726 0.014553865 108.291016 0.051799387 0.9986328 0.0014850575 -8.976074 -0.014611925 -0.00071551424 0.99989104 4.1307373
0.99831915 -0.055443536 0.015200393 109.180176 0.055434357 0.9984368 0.0010224772 -8.907715 -0.015233869 -0.00016448059 0.9998821 4.124634
0.9978319 -0.06352624 0.016450103 110.06738 0.06353885 0.9979676 -0.00023700716 -8.859131 -0.016401332 0.0012878018 0.99986386 4.13562
0.9974788 -0.06853143 0.016718084 110.97534 0.06854024 0.9976199 6.0594233e-05 -8.794434 -0.016682014 0.0010992431 0.99985856 4.128296
0.9968681 -0.07678463 0.017491575 111.880615 0.076789804 0.9970225 0.00038458203 -8.721924 -0.017468851 0.0009710417 0.9998457 4.1169434
0.99606717 -0.086332254 0.018663758 112.77637 0.08637648 0.9962383 -0.0015543168 -8.652954 -0.018458063 0.0031708905 0.9998234 4.1185303
0.9951686 -0.09591652 0.019641224 113.69214 0.09602848 0.9953411 -0.0047973315 -8.578369 -0.019086473 0.006670872 0.9997944 4.1225586
0.9942705 -0.10479673 0.02019505 114.61328 0.10493751 0.9944431 -0.006010762 -8.504028 -0.019450339 0.008102281 0.99977726 4.116089
0.99357617 -0.111237064 0.019659426 115.50879 0.11133641 0.993752 -0.004006551 -8.387329 -0.019088767 0.0061772903 0.999798 4.0855713
0.99284273 -0.11778644 0.019157737 116.41553 0.11777376 0.99302775 0.001793582 -8.272095 -0.01923552 0.00047934707 0.99981445 4.078491
0.9922243 -0.1226974 0.019183967 117.33472 0.12272013 0.99240756 2.3972243e-06 -8.166504 -0.01903803 0.0023616757 0.9998152 4.07312
0.9915598 -0.12786812 0.01985439 118.21167 0.12797588 0.9917363 -0.0042278958 -8.065796 -0.01914728 0.0067420444 0.99979323 4.0491943
0.99093026 -0.13281028 0.01944076 119.123535 0.13290842 0.9911008 -0.003826884 -7.9405518 -0.018757908 0.006381368 0.9998033 4.0560303
0.98970014 -0.14147523 0.020980222 120.02515 0.1416359 0.9898795 -0.0063534654 -7.8406982 -0.019866675 0.009265328 0.99975914 4.0515137
0.9888435 -0.14703138 0.023071976 120.91138 0.14730969 0.98901206 -0.010831296 -7.743042 -0.021222323 0.0141145475 0.9996745 4.0319824
0.9882113 -0.15075068 0.0259698 121.82715 0.1511443 0.988395 -0.013889565 -7.5997314 -0.023570849 0.017656794 0.9995656 4.0197754
0.98766893 -0.15445922 0.025159098 122.70752 0.1548546 0.98781997 -0.014567598 -7.451538 -0.022599112 0.018287703 0.9995767 4.0113525
0.987045 -0.15870422 0.022900008 123.57666 0.15905431 0.9871499 -0.014345585 -7.3085938 -0.020325499 0.017805073 0.99963456 3.9891357
0.9867873 -0.1603641 0.022232175 124.464355 0.16067876 0.9868991 -0.013142411 -7.154175 -0.019829843 0.016545346 0.999666 3.9776611
0.98673904 -0.16074811 0.02229312 125.34619 0.16105168 0.9868617 -0.012542198 -7.006958 -0.019982856 0.015967967 0.9996726 3.9656982
0.98636055 -0.16237894 0.025688512 126.2334 0.16272652 0.98656476 -0.012021581 -6.8583984 -0.023385815 0.016047522 0.9995968 3.9533691
0.98601955 -0.16383773 0.02968493 127.10547 0.16423896 0.9863319 -0.011581129 -6.715332 -0.027377907 0.016301114 0.9994915 3.9317627
0.98599184 -0.16344582 0.032165878 127.98096 0.16388647 0.9863765 -0.011521094 -6.566162 -0.029838955 0.01664286 0.999415 3.9233398
0.98596895 -0.16396718 0.030831156 128.83887 0.16438538 0.98631483 -0.011511114 -6.4102783 -0.028518427 0.016424797 0.9994573 3.911499
0.9860461 -0.16404746 0.027814973 129.69678 0.16443332 0.98629934 -0.0121701 -6.268921 -0.02543486 0.016578449 0.9995385 3.897705
0.9860395 -0.16434027 0.02567647 130.56201 0.16468754 0.9862429 -0.012007788 -6.118408 -0.023344886 0.01607588 0.99959755 3.8762207
0.98602855 -0.16436662 0.026030235 131.41821 0.16469623 0.9862559 -0.011023898 -5.960083 -0.02385607 0.015164757 0.99959964 3.863037
0.98575705 -0.16569512 0.027881809 132.27881 0.16607775 0.98601484 -0.0119721675 -5.82605 -0.025503948 0.01644023 0.9995387 3.8603516
0.98564094 -0.16660589 0.02672782 133.14648 0.16697203 0.98586786 -0.012064841 -5.6811523 -0.02433621 0.016360544 0.9995693 3.8572998
0.98599607 -0.16503574 0.022966754 133.99121 0.1652887 0.9861751 -0.009556976 -5.5197754 -0.021069273 0.013225178 0.9996901 3.8236084
0.9859371 -0.1658394 0.01951115 134.83276 0.16597289 0.9860931 -0.005409255 -5.364624 -0.018340966 0.0085759945 0.9997947 3.8162842
0.98613435 -0.16498086 0.016575586 135.67285 0.16504249 0.9862606 -0.0024043024 -5.220093 -0.015950274 0.005111045 0.9998595 3.8197021
0.985846 -0.16664852 0.016584475 136.51831 0.16676378 0.98594916 -0.0057977457 -5.0733643 -0.015382716 0.008487092 0.9998453 3.810791
0.9858454 -0.16687505 0.015340235 137.34009 0.16698925 0.9859244 -0.00647646 -4.919922 -0.014042744 0.008948923 0.99986124 3.8052979
0.9854351 -0.1690848 0.017374564 138.2041 0.1692178 0.9855445 -0.006465735 -4.772461 -0.016028425 0.009315792 0.99982774 3.8041992
0.98486507 -0.17183532 0.02154439 139.04688 0.17205831 0.9850215 -0.008935163 -4.617798 -0.019683892 0.01251178 0.99972767 3.7974854
0.98451436 -0.17322783 0.026772007 139.87915 0.17353794 0.984776 -0.009709471 -4.4713135 -0.024681982 0.014205946 0.99959433 3.7807617
0.9839345 -0.17621194 0.028187519 140.69604 0.17656086 0.98422134 -0.010373315 -4.3311768 -0.025912443 0.015187917 0.9995483 3.7729492
0.98311865 -0.18081224 0.02716066 141.50317 0.18119363 0.98334736 -0.012267644 -4.171631 -0.02448713 0.016987793 0.99955535 3.793213
0.9821231 -0.18647757 0.024900058 142.35669 0.18686035 0.9822665 -0.013998538 -3.994995 -0.021843959 0.018407337 0.99959123 3.7747803
0.98053366 -0.19487087 0.02323972 143.1836 0.19525217 0.98061246 -0.01540621 -3.8310547 -0.019783122 0.019649174 0.99961066 3.7578125
0.978511 -0.20430662 0.027139183 143.97559 0.20475763 0.9786784 -0.014980616 -3.665039 -0.023495559 0.020220218 0.999519 3.7454834
0.9760152 -0.21544068 0.030481573 144.79004 0.21597622 0.97625077 -0.015457307 -3.4858398 -0.02642146 0.021677077 0.9994151 3.7410889
0.97309 -0.22842844 0.029172707 145.60986 0.22901653 0.97321045 -0.01865868 -3.2910156 -0.024125036 0.024845362 0.9993998 3.7441406
0.96954983 -0.24301189 0.029236713 146.35742 0.24363892 0.9696238 -0.02016642 -3.098755 -0.023444243 0.026682286 0.9993688 3.7363281
0.96615404 -0.25601372 0.03105719 147.17139 0.25669834 0.96625537 -0.020439487 -2.8883057 -0.024770776 0.027724834 0.99930805 3.727295
0.96281725 -0.2686033 0.028925663 147.79932 0.26928958 0.962781 -0.02317611 -2.7115479 -0.02162326 0.030103728 0.9993129 3.7253418
0.95916474 -0.28182337 0.023391398 148.63477 0.28238663 0.9589355 -0.025858417 -2.4594727 -0.015140047 0.031408366 0.999392 3.7207031
0.9556374 -0.29410705 0.014757169 149.38965 0.29441 0.95528936 -0.02654116 -2.2139893 -0.006288238 0.02971099 0.9995387 3.7108154
0.9515243 -0.3074617 0.0048452634 150.05444 0.3074823 0.9511832 -0.025680188 -1.9819336 0.0032908525 0.02592523 0.99965835 3.7036133
