1.000000000000000000e+00 -3.306050084167601550e-19 -2.270457535318767223e-19 -8.673617379884035472e-19 7.546676715296109287e-19 1.000000000000000000e+00 6.237773588823049983e-19 1.387778780781445676e-17 -3.447385680526250622e-20 4.770700176052009879e-20 1.000000000000000222e+00 5.551115123125782702e-17
9.999323986715580315e-01 -2.355687261567939155e-03 1.138803136263381519e-02 1.573079614928295233e-02 2.339393712238983444e-03 9.999962092314619300e-01 1.444095911028365434e-03 9.895921292096571120e-03 -1.139139050073959686e-02 -1.417373023319485432e-03 9.999341226000625360e-01 3.038649257407238236e-01
9.998282059678182954e-01 -5.124810290001675928e-03 1.781554234172455856e-02 3.324116626485070641e-02 5.100474089577195294e-03 9.999859710296824522e-01 1.411756896022045094e-03 -1.012070946671174421e-02 -1.782253001385929181e-02 -1.320642637092912406e-03 9.998403544813815325e-01 5.848434394360511046e-01
9.997661998984794796e-01 -7.335984113937378884e-03 2.034509145017294671e-02 3.961724455508029014e-02 7.325312544957622921e-03 9.999730315630700472e-01 5.990097183753294481e-04 -2.303586432429520492e-02 -2.034893973662634317e-02 -4.499045008062126831e-04 9.997929316816086542e-01 8.907231361973610984e-01
9.997860427509408510e-01 -8.382160611762768526e-03 1.891561128706874609e-02 4.278639951007040532e-02 8.386685534666246666e-03 9.999647975115573129e-01 -1.600230122637772562e-04 -6.300247395271768580e-03 -1.891360450855158679e-02 3.186100981155327210e-04 9.998211387833699781e-01 1.203175788068417296e+00
9.998646439661272867e-01 -1.105121645485298600e-02 1.218850977353456988e-02 4.294927371950819917e-02 1.108050491134805748e-02 9.999358908121191991e-01 -2.337952897028377705e-03 -2.262193611350045430e-02 -1.216189573329041172e-02 2.472711256415301585e-03 9.999229592746408102e-01 1.516421327400970798e+00
9.999153787687588002e-01 -1.286711791464443741e-02 -1.897093659990622570e-03 3.626150401764643982e-02 1.285910254473741215e-02 9.999085466758459440e-01 -4.178678310541133513e-03 -2.909471475270847263e-02 1.950684908651876019e-03 4.153918304782222397e-03 9.999894524126038409e-01 1.839110069291077343e+00
9.997883014633951460e-01 -1.178300972350657290e-02 -1.687254363684446978e-02 1.672277180022173348e-02 1.171567721014383882e-02 9.999230424333054312e-01 -4.085106099372326147e-03 -2.776922921804750310e-02 1.691936217577518289e-02 3.886659589699804820e-03 9.998493698713051270e-01 2.164665483899270271e+00
9.993582560868523590e-01 -8.253563707709275082e-03 -3.486570725690973233e-02 -2.168631513803868233e-02 8.106203000417932375e-03 9.999576213331111685e-01 -4.367138178538671270e-03 -3.234846784714383305e-02 3.490027536092690785e-02 4.081761106727963863e-03 9.993827743706554800e-01 2.517311572515644524e+00
9.984674047729839019e-01 -4.143812286309431214e-03 -5.518224521281811512e-02 -6.644025182136797936e-02 3.830664897135458054e-03 9.999759757298141150e-01 -5.779215357256316417e-03 -3.700672388229675480e-02 5.520487532992606611e-02 5.558886890709231060e-03 9.984593237360938067e-01 2.867826556484128542e+00
9.971519373435553391e-01 -3.738359378020857798e-03 -7.533491204749061254e-02 -1.117814790604799019e-01 3.303014092329947891e-03 9.999770954857242211e-01 -5.901832098670325467e-03 -3.861157089069906789e-02 7.535526829371362589e-02 5.636170514495150718e-03 9.971414706916863491e-01 3.230818170241211540e+00
9.952231863622336139e-01 -4.739071030289792458e-03 -9.749444189785590187e-02 -1.638103393254612405e-01 4.252885342989262511e-03 9.999774683799257380e-01 -5.192728177383218111e-03 -4.208294414201814437e-02 9.751686939303939872e-02 4.753200507298547747e-03 9.952208788424355967e-01 3.612566111410429048e+00
9.931862287582275961e-01 -6.024018644423976762e-03 -1.163875723617435742e-01 -2.255904115628383777e-01 5.544028932578513001e-03 9.999747579639323147e-01 -4.446855106462206664e-03 -5.379719816433883861e-02 1.164114414728235070e-01 3.771281192659808705e-03 9.931945564144371019e-01 4.000774177418739974e+00
9.909877621140430470e-01 -5.289613293693785738e-03 -1.338433336338161750e-01 -2.988761785143891903e-01 4.890973687885021362e-03 9.999825640216264411e-01 -3.306273401784428842e-03 -5.530515676722271012e-02 1.338585080844022779e-01 2.621759361694580518e-03 9.909963481921811868e-01 4.392732690649326699e+00
9.888062658550670347e-01 -3.570699726209279872e-03 -1.491957980808162609e-01 -3.793805313150198644e-01 3.206827569658897512e-03 9.999912698193180738e-01 -2.679723828808681148e-03 -5.843700534703739902e-02 1.492040802279775424e-01 2.171270708639152884e-03 9.888091184927905175e-01 4.810713445698259427e+00
9.867765435970785592e-01 -3.588494104463646733e-03 -1.619950170006104195e-01 -4.683682958074231184e-01 3.122238558450931602e-03 9.999902384384684595e-01 -3.132981438207077789e-03 -6.725921793123643133e-02 1.620046945678895178e-01 2.585525918886046656e-03 9.867781136134097242e-01 5.234849609463995357e+00
9.845162992692236825e-01 -5.043833900624511771e-03 -1.752158006170105031e-01 -5.571066655097380860e-01 4.400979454952850742e-03 9.999820775425348751e-01 -4.057179004268849330e-03 -7.347824222056241472e-02 1.752331356439289778e-01 3.223117830500656696e-03 9.845208573686921039e-01 5.666515948011130455e+00
9.825501106143488261e-01 -7.516943674671001246e-03 -1.858357520044287559e-01 -6.402521980904923860e-01 6.582519961019044075e-03 9.999624057996181481e-01 -5.643298386393459480e-03 -8.594617042921541550e-02 1.858712074396707270e-01 4.321377460072903763e-03 9.825626784216963117e-01 6.118781685725104502e+00
9.812955224444713798e-01 -7.609251158035188270e-03 -1.923820396259534882e-01 -7.442962775701217337e-01 6.225422943989492031e-03 9.999501984142068478e-01 -7.798817687426577022e-03 -9.467715306744649284e-02 1.924318163766685075e-01 6.455301684429821073e-03 9.812940712021741563e-01 6.575346480494363099e+00
9.798475478019172957e-01 -6.593637985757704045e-03 -1.996560237768068014e-01 -8.521080767687646551e-01 4.880572974973486182e-03 9.999469626319524851e-01 -9.072378702178422044e-03 -9.090686371521010389e-02 1.997052682638011945e-01 7.915117011629991400e-03 9.798277534745166717e-01 7.054577231835091666e+00
9.785442862851281287e-01 -7.534304118651024250e-03 -2.059462778427474383e-01 -9.615687979425154852e-01 5.221638165937688737e-03 9.999170855326288132e-01 -1.177436638679405650e-02 -1.022691403280910766e-01 2.060179193144587861e-01 1.044650798203558030e-02 9.785024653290024244e-01 7.538103235355981369e+00
9.764978503044995373e-01 -1.179405691561906909e-02 -2.152202920074746673e-01 -1.078877251487945443e+00 9.020855795820870507e-03 9.998632017579801579e-01 -1.386544881010813059e-02 -1.105557867329709926e-01 2.153543498884945007e-01 1.159839044031658710e-02 9.764708122945153779e-01 8.040722430105189389e+00
9.746331830988297362e-01 -1.690147288418856683e-02 -2.232026239802918921e-01 -1.192371996515215526e+00 1.407073367039157752e-02 9.997992194093862084e-01 -1.426846980466882006e-02 -1.261121683453232389e-01 2.233990175195418593e-01 1.076571242258836901e-02 9.746753636432127221e-01 8.561779420342885416e+00
9.730505927925905407e-01 -1.826596216256371613e-02 -2.298631902227618873e-01 -1.323157877668241778e+00 1.492923399041277792e-02 9.997565934274144084e-01 -1.624591528698736062e-02 -1.491757940080045142e-01 2.301039803191708699e-01 1.237722491103299821e-02 9.730863398572657808e-01 9.087272258746795117e+00
9.706842711240424304e-01 -1.457469695926385568e-02 -2.399433157115126447e-01 -1.480063589755890030e+00 9.905170252877933471e-03 9.997374932745990428e-01 -2.065765432229915710e-02 -1.505800898796243459e-01 2.401815263659491106e-01 1.767470212597498438e-02 9.705741076220802954e-01 9.619678174395156489e+00
9.688875066987601148e-01 -1.195818858741582759e-02 -2.472026152628985785e-01 -1.634876699545466883e+00 6.157768128485080310e-03 9.996876439603797904e-01 -2.421797723075591949e-02 -1.637388529443749852e-01 2.474150411779718062e-01 2.194254440464759801e-02 9.686584761833588741e-01 1.016286085293842767e+01
9.663790423512365058e-01 -1.418680858610381693e-02 -2.568268344632697597e-01 -1.790425261181360028e+00 7.644136005486698929e-03 9.996204297518255233e-01 -2.645807061632403021e-02 -1.822743108337937512e-01 2.571048846635581309e-01 2.360568401175398498e-02 9.661209106827352011e-01 1.072112262924955139e+01
9.641157888222342542e-01 -1.523969368743072379e-02 -2.650727629009685948e-01 -1.951894688566089275e+00 8.336485529577213061e-03 9.995965152099429707e-01 -2.714948020785383845e-02 -2.113424891222806523e-01 2.653796822035009995e-01 2.396529902556533351e-02 9.638539858695562845e-01 1.129698934725981729e+01
9.621591298264307035e-01 -1.546731044471142194e-02 -2.720895801975621309e-01 -2.121641710524678537e+00 7.340674142005280088e-03 9.994966351060151633e-01 -3.086406723099606800e-02 -2.342287684835350214e-01 2.724300734907223465e-01 2.769918766789418799e-02 9.617883869459113999e-01 1.188357169367372457e+01
9.595393817530885050e-01 -1.485039625616854306e-02 -2.811887321974624321e-01 -2.309824813999814097e+00 5.425066543201328625e-03 9.993979424779078080e-01 -3.425961544444010992e-02 -2.545374294962087780e-01 2.815283657987485144e-01 3.134767639299882586e-02 9.590423334189979165e-01 1.246796010906821373e+01
9.576350132604137810e-01 -1.545120141503972429e-02 -2.875555065692163015e-01 -2.501793444513982223e+00 4.472094897574212247e-03 9.992371656885643549e-01 -3.880342636228973491e-02 -2.843066123142857227e-01 2.879354399019758981e-01 3.587468333345792543e-02 9.569735985626188768e-01 1.306501038549827598e+01
9.556454095426818451e-01 -1.634589702023339988e-02 -2.940372060532807641e-01 -2.701235374037139980e+00 2.846945001054075695e-03 9.989247632807579658e-01 -4.626820284566665609e-02 -3.223169134176787076e-01 2.944773976449007735e-01 4.337893702308787819e-02 9.546644105543986569e-01 1.367886269265269839e+01
9.547236858107972512e-01 -1.665842663382495481e-02 -2.970842165209561792e-01 -2.906180343432046786e+00 5.560525936471574955e-04 9.985291139066874155e-01 -5.422178877372552108e-02 -3.557643407673895530e-01 2.975506681817224330e-01 5.160101337629700857e-02 9.533287809214013864e-01 1.430530179956531711e+01
9.535280937054357864e-01 -1.724034172179231966e-02 -3.007956917640968175e-01 -3.116097147203732209e+00 -1.855829301746377696e-03 9.980066462408468952e-01 -6.308448632692460756e-02 -3.985823765808016450e-01 3.012836942729952838e-01 6.071079857662131651e-02 9.515954933415288197e-01 1.494113059284428147e+01
9.523192086165966908e-01 -1.738738221669794762e-02 -3.046283830087421207e-01 -3.334372270500269853e+00 -4.982806863149848685e-03 9.973553257667049365e-01 -7.250871778479332785e-02 -4.445529377819758543e-01 3.050833023148661893e-01 7.057044307434491570e-02 9.497140769333796140e-01 1.559072486367575650e+01
9.509923688578896250e-01 -1.591949108058403339e-02 -3.088302505039099422e-01 -3.558975382154694778e+00 -8.970204831606239451e-03 9.968332260566095115e-01 -7.901466409999266527e-02 -5.013406171728509442e-01 3.091099659009248768e-01 7.791320901079437644e-02 9.478380241269442896e-01 1.624114778501633793e+01
9.494046014398214162e-01 -1.523402892458433286e-02 -3.135999421376788332e-01 -3.795859397328615437e+00 -1.226831108379735323e-02 9.962613737840987360e-01 -8.549849485192342891e-02 -5.619473761720416016e-01 3.137301467686673950e-01 8.501961575945235494e-02 9.456682008396176675e-01 1.691277372250031519e+01
9.476698724924964568e-01 -1.328133559685479650e-02 -3.189658129637268358e-01 -4.041465788112827084e+00 -1.694697902189649247e-02 9.956328131658374048e-01 -9.181707868422887830e-02 -6.301625731587202628e-01 3.187917572323702986e-01 9.241978368623583739e-02 9.433060937720559869e-01 1.758917641915787655e+01
9.462211666462130299e-01 -1.197975418131741639e-02 -3.233107778829911738e-01 -4.289160601221084335e+00 -2.055315637937124573e-02 9.950696285140400166e-01 -9.702081050522758099e-02 -7.040125287998648673e-01 3.228794226432709635e-01 9.844674767062648602e-02 9.413096315136364467e-01 1.827397543889412290e+01
9.444943298032701939e-01 -8.244601934059798964e-03 -3.284058140574518392e-01 -4.555020192042745997e+00 -2.613807196594348375e-02 9.946302275623479794e-01 -1.001237579626609170e-01 -7.775799546543094021e-01 3.274678113663857526e-01 1.031503274127482106e-01 9.392070442541027298e-01 1.897032699902031183e+01
9.429274564738933107e-01 -7.992881175502879881e-03 -3.329247475843987725e-01 -4.820019820461748594e+00 -2.749653998655040774e-02 9.944290673435955963e-01 -1.017530312741690285e-01 -8.550853067646354555e-01 3.318834770035147264e-01 1.050994481070060133e-01 9.374546486678627666e-01 1.967669741073139633e+01
9.406279749408305024e-01 -6.925275462597611960e-03 -3.394185789819398336e-01 -5.094034907006921742e+00 -2.907178925880527301e-02 9.944745973393346317e-01 -1.008736340361545136e-01 -9.406006700117922614e-01 3.382419191922235169e-01 1.047510966608043992e-01 9.352292515456712696e-01 2.040477270273540356e+01
9.386006188155109342e-01 -7.405021808480821699e-03 -3.449319721022806595e-01 -5.374542432409329606e+00 -2.872702046447474927e-02 9.946204323814871184e-01 -9.952172573083142848e-02 -1.025748141640952849e+00 3.438136638773954812e-01 1.033188774796139214e-01 9.333385138702932071e-01 2.113017966328578368e+01
9.363607425103444015e-01 -6.986151388178028256e-03 -3.510656515472246331e-01 -5.661316614408101522e+00 -2.896450053953453230e-02 9.948553434265138273e-01 -9.707309144377367083e-02 -1.110194090485873142e+00 3.499385099215372996e-01 1.010597486121708327e-01 9.313409676291209971e-01 2.186842344068988453e+01
9.335976020003697862e-01 -6.689347900076348524e-03 -3.583407979788913456e-01 -5.954318212657812026e+00 -2.884419706762417560e-02 9.951780818411647411e-01 -9.375854361175260665e-02 -1.191718702184299206e+00 3.572402267584746105e-01 9.786784439513393496e-02 9.289029679681580776e-01 2.260438822188019259e+01
9.292451759983408888e-01 -3.672433256449799885e-03 -3.694761299303685465e-01 -6.273472997083461067e+00 -3.133648116838221725e-02 9.955640172996295112e-01 -8.870467922354605128e-02 -1.268785040516197116e+00 3.681633168623298369e-01 9.400380880341874246e-02 9.250079038890721694e-01 2.337411552879884269e+01
9.263288685711069670e-01 -2.140616584413882872e-03 -3.766904171273471880e-01 -6.595199272017850056e+00 -3.164921541244635622e-02 9.960065857233174613e-01 -8.349857958479577069e-02 -1.350720756337324469e+00 3.753654724471612858e-01 8.926752348525708591e-02 9.225613986756991958e-01 2.411930293109534418e+01
9.230106569345416512e-01 2.422057028324757499e-03 -3.848103385461756898e-01 -6.926750385252906206e+00 -3.552596571061421987e-02 9.962451862026499017e-01 -7.895396479135360912e-02 -1.427294975788904630e+00 3.831739093492385617e-01 8.654709314055063218e-02 9.196311331048739879e-01 2.487670517124228908e+01
9.191815811192175500e-01 2.847094188586642930e-03 -3.937891506243306750e-01 -7.272170504209911179e+00 -3.607157299568793801e-02 9.963792592379019375e-01 -7.700954559755564255e-02 -1.498232779779249624e+00 3.921435356872360889e-01 8.499625370549669656e-02 9.159562003724035506e-01 2.564629689472448604e+01
9.158857532998728734e-01 4.115885844320290449e-03 -4.013824964514367544e-01 -7.623346108960042500e+00 -3.794298204524045037e-02 9.963585553758339541e-01 -7.634028518964597332e-02 -1.575458720417664438e+00 3.996063875969061985e-01 8.514902756811564000e-02 9.127065651760694065e-01 2.642159219445133189e+01
9.117263787905913741e-01 4.528509323721367427e-03 -4.108055685852116667e-01 -7.986481422041732614e+00 -3.880212337219847429e-02 9.964181437480233994e-01 -7.513385818049281295e-02 -1.644208216617927931e+00 4.089942826775179729e-01 8.443837082757098267e-02 9.086361638398644525e-01 2.719402843160082739e+01
9.080203539753265440e-01 6.203943894743527490e-03 -4.188702294478697241e-01 -8.361514876859812873e+00 -4.060631430628506428e-02 9.964855548453560585e-01 -7.327142846413643718e-02 -1.711916248859627565e+00 4.169436807022438018e-01 8.354081632468310370e-02 9.050809737705651781e-01 2.796757496971983770e+01
9.039129062567464734e-01 6.034193075334729102e-03 -4.276670045333568759e-01 -8.745034151017241797e+00 -4.015093481945346265e-02 9.966824571194625726e-01 -7.079659706186273993e-02 -1.795943909892583568e+00 4.258214315193898925e-01 8.116249174104721298e-02 9.011559522175107695e-01 2.876079147288567484e+01
9.009134750822913595e-01 3.781515755279546854e-03 -4.339408961076284821e-01 -9.135705148194656289e+00 -3.667514323591109654e-02 9.970486671833117542e-01 -6.743210992886922162e-02 -1.866346757204335072e+00 4.324048881107591114e-01 7.666601960254550152e-02 8.983932840458901392e-01 2.956479972369483278e+01
8.966807017260819412e-01 6.381857195012640045e-03 -4.426405918332452782e-01 -9.553004019460562546e+00 -3.731477558495604335e-02 9.974272855036823149e-01 -6.121423332713905180e-02 -1.923473612579541969e+00 4.411113375033856587e-01 7.140532938527509310e-02 8.946117264581326944e-01 3.038017214833984525e+01
8.940390406008658086e-01 5.922377527699074044e-03 -4.479611198829650531e-01 -9.970425817174630723e+00 -3.549006862464706286e-02 9.977062524847859493e-01 -5.764769748108342778e-02 -1.989032127481184409e+00 4.465920426231663742e-01 6.743964955391604232e-02 8.921985388349720214e-01 3.119456545327316377e+01
8.897430698200685661e-01 5.961901939091560944e-03 -4.564402142273197849e-01 -1.039849910666742794e+01 -3.500160383506071421e-02 9.978615513218771493e-01 -5.521128119992744360e-02 -2.054368607597425012e+00 4.551347629720200461e-01 6.510527944327917926e-02 8.880494563879618442e-01 3.200093089246377076e+01
8.862840410167830418e-01 6.344959504078526158e-03 -4.631632411038937303e-01 -1.084367043675373310e+01 -3.500956821927359019e-02 9.979630551532400196e-01 -5.332007494516401852e-02 -2.115648071539127262e+00 4.618817352087594696e-01 6.346859537788424044e-02 8.847008031715603016e-01 3.283372452447530776e+01
8.848433515198719235e-01 6.285554663980895060e-03 -4.657548093205831075e-01 -1.129971327205695353e+01 -3.408174690970251774e-02 9.981032311804839408e-01 -5.127223732148901425e-02 -2.162894504024047926e+00 4.645491783705678612e-01 6.124445868774266305e-02 8.833790102943342992e-01 3.367354815380144828e+01
8.810625368115801992e-01 6.598034618610373880e-03 -4.730144246871935687e-01 -1.176193118231331880e+01 -3.455605158486225320e-02 9.981286435495125842e-01 -5.043934565406989201e-02 -2.222792787524514591e+00 4.717966727191187926e-01 6.078117563402471446e-02 8.796416915528173508e-01 3.452202786427293546e+01
8.790123948733397086e-01 4.620187295890417628e-03 -4.767058583668585259e-01 -1.223414585365734020e+01 -3.233974871137869356e-02 9.982280025173921878e-01 -4.995453751445837892e-02 -2.288900507024125730e+00 4.756304208081648666e-01 5.932914038462835243e-02 8.776042085319673003e-01 3.536701999381813977e+01
8.767982788673910344e-01 3.310175905555119008e-03 -4.808136709578117451e-01 -1.271764126887911495e+01 -3.145505668023960283e-02 9.982293396616883641e-01 -5.048460185589639937e-02 -2.345994841416139565e+00 4.797952467429106860e-01 5.939017224332098638e-02 8.753499172909279258e-01 3.623113563446406005e+01
8.751483637281216588e-01 3.603959653976961022e-03 -4.839263410458090608e-01 -1.321776522105310825e+01 -3.217442326293468852e-02 9.981925017452280002e-01 -5.076227395824854660e-02 -2.399172098124825236e+00 4.828689320867351475e-01 5.999247281697173140e-02 8.736825381712122196e-01 3.710756021037229857e+01
8.756461029445032906e-01 3.365981450856338469e-03 -4.828977767433642043e-01 -1.371636992508687491e+01 -3.148840636544150001e-02 9.982458388501977975e-01 -5.014090293757522687e-02 -2.459076832514091038e+00 4.818820511206389767e-01 5.911290814865605148e-02 8.742160279661940203e-01 3.799711990984889098e+01
8.754701304936940431e-01 4.181396344800057847e-03 -4.831878728654517841e-01 -1.422656626454705275e+01 -3.113497323939492037e-02 9.983732310914963382e-01 -4.775719880476814866e-02 -2.515671829364073186e+00 4.822022654778494455e-01 5.685287900074234568e-02 8.741759760689234993e-01 3.889542317789371850e+01
8.745181424550793059e-01 3.097840158338814424e-03 -4.850179176271454673e-01 -1.474123622796336264e+01 -2.956717010518258512e-02 9.984601279772304938e-01 -4.693786011337455072e-02 -2.574291984375475906e+00 4.841258288652227626e-01 5.538709488807125325e-02 8.732632394820888377e-01 3.980447065015334118e+01
8.747250789189390252e-01 1.090902063586342069e-03 -4.846971666180983074e-01 -1.525652017973178687e+01 -2.768649844876642022e-02 9.984766882216414841e-01 -4.772877834805908104e-02 -2.636938327386642911e+00 4.839070502477035296e-01 5.516683209877139976e-02 8.734228218257894527e-01 4.072577355753904271e+01
8.735792436810164707e-01 -1.551803495899737380e-04 -4.865728615633407306e-01 -1.579069295738697143e+01 -2.630779910605753752e-02 9.985228552080128717e-01 -4.754354944502000441e-02 -2.697984350192176528e+00 4.858614856511680458e-01 5.433582081010121523e-02 8.722848125031830158e-01 4.166086564954950688e+01
8.724334455530420307e-01 -1.368139060531738680e-03 -4.886541132239398677e-01 -1.631487813574732471e+01 -2.436597963602433331e-02 9.986308508925689775e-01 -4.629508691474134435e-02 -2.753966772718215328e+00 4.880483631458290561e-01 5.229760792054565649e-02 8.712056963827584655e-01 4.259264312216096471e+01
8.697203061500644594e-01 -2.874597145908672734e-04 -4.935390400307171910e-01 -1.685760217074700051e+01 -2.373477714264547039e-02 9.988184057258806536e-01 -4.240364051750437208e-02 -2.816976614503582166e+00 4.929680326850931493e-01 4.859411400177793272e-02 8.686859861907665348e-01 4.352313569239051816e+01
8.671177884065626174e-01 1.209971620959468069e-04 -4.981330056348401980e-01 -1.739316377766855481e+01 -2.193105282345815879e-02 9.990395525637218999e-01 -3.793392682150257406e-02 -2.876163721553823382e+00 4.976502341714769684e-01 4.381453043982182216e-02 8.662876606318888895e-01 4.445106186602195208e+01
8.634729940812614357e-01 -2.183461033040047083e-03 -5.042278359842750080e-01 -1.793693054867670256e+01 -1.872958146847237063e-02 9.991621148785532203e-01 -3.639473501620404255e-02 -2.929505866912831547e+00 5.038847106866333192e-01 4.087455571063194210e-02 8.627087740777528158e-01 4.537107583674953304e+01
8.588468477786396216e-01 -4.220694191444816258e-03 -5.122745111419544362e-01 -1.850871843837899888e+01 -1.766196727681670908e-02 9.991275182384973252e-01 -3.784367812088771515e-02 -2.988181378294828772e+00 5.119873835137351836e-01 4.154761355942500345e-02 8.580230318824911828e-01 4.629360093770448259e+01
8.529439528625081257e-01 -7.022667524010157980e-03 -5.218308496502082061e-01 -1.906995846054608990e+01 -1.674488060001006959e-02 9.990268267878967823e-01 -4.081483598793705231e-02 -3.048980686596435508e+00 5.216093221925147683e-01 4.355520920982183797e-02 8.519962551663373684e-01 4.720553940042258034e+01
8.459820279454375314e-01 -7.129381786802497026e-03 -5.332370538756171507e-01 -1.965442101339210268e+01 -1.706970090978726304e-02 9.990360231335146945e-01 -4.045319401396030995e-02 -3.105176502164581187e+00 5.330113683266213265e-01 4.332577965943847087e-02 8.450448294371001312e-01 4.811565086205141029e+01
8.408134978777994650e-01 -4.277455812933578412e-03 -5.413891557835492918e-01 -2.025449269383376460e+01 -1.733044046118762185e-02 9.992434881207888919e-01 -3.481932434126350923e-02 -3.155385939476181623e+00 5.411287002224737241e-01 3.865829641298717395e-02 8.401032384391254881e-01 4.901900786434292456e+01
8.370783272900929051e-01 -4.951366214045517002e-04 -5.471944899735088352e-01 -2.085883107061900787e+01 -1.916775446323287085e-02 9.993591229852932800e-01 -3.024424842466825331e-02 -3.206985770954917658e+00 5.468588709197677034e-01 3.580346657440454383e-02 8.365322486305589722e-01 4.991755685928765018e+01
8.321384963580987781e-01 1.234601247834023153e-03 -5.546493715751895648e-01 -2.147004526298922755e+01 -2.231231598545731568e-02 9.992623093214596519e-01 -3.126465681324248208e-02 -3.255600824990089404e+00 5.542017861837625903e-01 3.839206122343753746e-02 8.315520942533031201e-01 5.080605246839179756e+01
8.287246117753646057e-01 -1.810079989504145967e-03 -5.597430744250055934e-01 -2.207533112461964109e+01 -2.192564866803016141e-02 9.991220331346074568e-01 -3.570424137443568846e-02 -3.308034242425327065e+00 5.593165439461101895e-01 4.185843887859879570e-02 8.279572739285289140e-01 5.168895361685313361e+01
8.266796008320429490e-01 -3.581328037915631948e-03 -5.627657953142701786e-01 -2.269523371719191829e+01 -2.466231440815148598e-02 9.987880807895616053e-01 -4.258819604918869656e-02 -3.364846546794316051e+00 5.622364831742258096e-01 4.908381767656560396e-02 8.255893233069847570e-01 5.257174588421149508e+01
8.223364641527516339e-01 -3.850480147289367210e-03 -5.690822085470007563e-01 -2.331922022412583928e+01 -2.551893056195451287e-02 9.987213908243754990e-01 -4.363522727964400105e-02 -3.424274013793879412e+00 5.685227678747879487e-01 5.040108590122207438e-02 8.211866032214206745e-01 5.345023174641492858e+01
8.198716725278573092e-01 -2.007999804682038779e-03 -5.726000351686300061e-01 -2.394128367637151911e+01 -2.496272039059404743e-02 9.989175905398436361e-01 -3.924432841070960021e-02 -3.485055543969814984e+00 5.720593708792472976e-01 4.646328551663662237e-02 8.189342424292780365e-01 5.433145935607419119e+01
8.166585124140780527e-01 -3.835960833974854148e-04 -5.771038192124247068e-01 -2.457647136329814330e+01 -2.357692352762653584e-02 9.991427601023631366e-01 -3.402010627832004891e-02 -3.540440085893559186e+00 5.766223362103296557e-01 4.138781980582851433e-02 8.159494899461752215e-01 5.521164074933428623e+01
8.140005245783136223e-01 1.384128870439876955e-03 -5.809054361269635480e-01 -2.521685026496636084e+01 -2.354269596471122300e-02 9.992540393593491999e-01 -3.060229300427690091e-02 -3.590989770670553138e+00 5.804298835981683835e-01 3.858348119505291413e-02 8.134259294171349852e-01 5.608630493924472660e+01
8.115930641880318985e-01 1.907450963765181147e-03 -5.841264082657545709e-01 -2.585661156715287134e+01 -2.507961344089858560e-02 9.991866693513873354e-01 -3.158522251049130508e-02 -3.639148375343237873e+00 5.835912710363576617e-01 4.028459802460978428e-02 8.109806348077491789e-01 5.696452277660008434e+01
8.069224139110890981e-01 1.181469294510372348e-03 -5.906377839149536957e-01 -2.650729725188435992e+01 -2.499915635341860495e-02 9.991700810006270972e-01 -3.215379913539505308e-02 -3.685151009733379279e+00 5.901097127969774370e-01 4.071307130990784590e-02 8.062824664644742123e-01 5.782701286482696901e+01
8.035801796856161250e-01 -1.082009561074982144e-03 -5.952290159973849804e-01 -2.716315024839641623e+01 -2.417505481200885042e-02 9.991137772543513540e-01 -3.444879577993167907e-02 -3.741479575275406422e+00 5.947389784786664135e-01 4.206930503105796304e-02 8.028419078900498329e-01 5.869454701526208140e+01
8.005202120381050834e-01 -3.000788518985296905e-03 -5.992677785079250086e-01 -2.782143291633549254e+01 -2.255177135042349054e-02 9.991282667781261617e-01 -3.513409814721032975e-02 -3.791745413543691434e+00 5.988506592712252719e-01 4.164643917353198777e-02 7.997548429267804515e-01 5.956185291591083342e+01
7.954115663373581002e-01 -2.471631662990330346e-03 -6.060303643259242756e-01 -2.849193667356090742e+01 -2.256450253023331229e-02 9.991775065943466760e-01 -3.368625069571393182e-02 -3.842896828891843253e+00 6.056154017527329847e-01 4.046873781696857381e-02 7.947017843833590334e-01 6.042476564185893295e+01
7.910252914441777694e-01 -3.125153366350725669e-03 -6.117620537966439453e-01 -2.916657751393076126e+01 -2.207288147534720857e-02 9.991902425507176444e-01 -3.363847983110752199e-02 -3.895324116647386870e+00 6.113718618874959265e-01 4.010923655650373149e-02 7.903157055146874388e-01 6.128623391708553214e+01
7.851456329539130419e-01 -3.322287358960260544e-03 -6.192913734205793830e-01 -2.985778118472115139e+01 -2.235010024029036174e-02 9.991823292514475652e-01 -3.369777571830084861e-02 -3.948250181777091417e+00 6.188968536149955790e-01 4.029954493733568788e-02 7.844293930078052313e-01 6.214355505783220934e+01
7.803249837245017639e-01 -5.160660229009062655e-03 -6.254701198774185178e-01 -3.055414089186469084e+01 -2.147575939746316359e-02 9.991551186476791413e-01 -3.505280044675845169e-02 -4.001793743709709972e+00 6.251226630408247553e-01 4.078412733833382264e-02 7.795549008130914226e-01 6.299950907050369864e+01
7.757783822724786393e-01 -6.374106289521346176e-03 -6.310632797332665911e-01 -3.125338481789904321e+01 -2.074387924119670129e-02 9.991509645745996204e-01 -3.558689437344314532e-02 -4.051195608284022143e+00 6.307544714465687097e-01 4.069216763454482078e-02 7.749875165943892474e-01 6.384675050045884603e+01
7.698614692730553211e-01 -7.906922762215343181e-03 -6.382516363038489571e-01 -3.197386359021323798e+01 -1.974484611321358080e-02 9.991495776554004671e-01 -3.619859024814423704e-02 -4.105351012534755206e+00 6.379951514590884720e-01 4.046737831932832596e-02 7.690506910857657363e-01 6.469541660510257941e+01
7.648683018128136224e-01 -9.236408322699540471e-03 -6.440150166898620521e-01 -3.269449040715600319e+01 -1.925809693832298414e-02 9.991224743911967243e-01 -3.720179757386696262e-02 -4.163904089250415552e+00 6.437935450132349358e-01 4.085841973483883560e-02 7.640192941199339671e-01 6.554366214415293257e+01
7.577905800035215078e-01 -1.061320862881821696e-02 -6.523272654423145633e-01 -3.342788329628507427e+01 -1.818409296436888228e-02 9.991359174794954834e-01 -3.737644260093647003e-02 -4.216170204557681878e+00 6.521601219994609400e-01 4.018858286505060107e-02 7.569429073097689864e-01 6.638360738489960511e+01
7.518266230179468934e-01 -1.053808393899127900e-02 -6.594183074357214958e-01 -3.417704249330680000e+01 -1.728347812010490314e-02 9.992138343985409454e-01 -3.568569433998552975e-02 -4.275094484558924712e+00 6.592761656359407141e-01 3.822180467833560802e-02 7.510533941498270805e-01 6.721913164028791243e+01
7.459591781800879451e-01 -1.131923824434035754e-02 -6.659302361202944498e-01 -3.493126633362906119e+01 -1.542049101138893812e-02 9.992939172467800724e-01 -3.425652338172204686e-02 -4.327229860239808268e+00 6.658480669006164865e-01 3.582065453057665244e-02 7.452578451248900171e-01 6.805566427518860451e+01
7.384235717615241779e-01 -1.286420149653514158e-02 -6.741923265721363467e-01 -3.569441951233346799e+01 -1.468054869500096810e-02 9.992744129899812089e-01 -3.514804749843493392e-02 -4.380373255676933475e+00 6.741553147095020737e-01 3.585202997638005373e-02 7.376988868152672962e-01 6.887957060326954206e+01
7.330905817687933812e-01 -1.481157177828350963e-02 -6.798193216638077629e-01 -3.647558554868754754e+01 -1.419337327159385202e-02 9.992119722653416414e-01 -3.707201170599507684e-02 -4.443470086210337122e+00 6.798324003471583055e-01 3.683072958670820241e-02 7.323025389681844244e-01 6.970269397098437025e+01
7.273624075800072530e-01 -1.413656831094311193e-02 -6.861036570887583119e-01 -3.726632478537212023e+01 -1.524500221216765553e-02 9.992082423890221721e-01 -3.673774554045033253e-02 -4.493528536003406515e+00 6.860797802507341281e-01 3.718164365718112235e-02 7.265709201222184666e-01 7.052523564171454495e+01
7.213983806143804411e-01 -1.361446561441236568e-02 -6.924411695139744971e-01 -3.806619197222670437e+01 -1.546927665086026207e-02 9.992404784481556668e-01 -3.576493678632769457e-02 -4.549452956825424721e+00 6.924024181324334171e-01 3.650920775300130205e-02 7.206397773930000028e-01 7.135612471316139249e+01
7.181185907744894736e-01 -1.324112872166513348e-02 -6.958698729918592063e-01 -3.887114139288456727e+01 -1.592981886923622303e-02 9.992442595031439945e-01 -3.545935501143217261e-02 -4.604676340282894742e+00 6.958137578156535774e-01 3.654518873944635066e-02 7.173649376938634470e-01 7.216547234322155191e+01
7.129663022385136495e-01 -1.286136578133790891e-02 -7.011560501238547349e-01 -3.969541477204677449e+01 -1.741239216974377682e-02 9.991987326717899354e-01 -3.603177406436488400e-02 -4.661422282677922801e+00 7.010578037192847223e-01 3.789555262710713607e-02 7.121708620585380789e-01 7.297863615143448612e+01
7.073791043983593818e-01 -1.481031175630124347e-02 -7.068114528189427537e-01 -4.052195061581618774e+01 -1.774039747563884925e-02 9.990934569264204868e-01 -3.870341848612510183e-02 -4.720322006606235021e+00 7.067439717275144639e-01 3.991780957468779589e-02 7.064749741900520075e-01 7.379240313367871806e+01
7.028691611231543401e-01 -1.640512743464152962e-02 -7.110633529698898725e-01 -4.134772943495661934e+01 -1.843960885568212207e-02 9.989778413466406937e-01 -4.127308904223726121e-02 -4.777960457240955527e+00 7.110138708458086931e-01 4.212111316964065738e-02 7.018482232458422843e-01 7.460483313807982597e+01
6.975759461855026711e-01 -1.743267704473114993e-02 -7.163925877040469015e-01 -4.219569105071966675e+01 -1.844759285602381657e-02 9.989355932592572929e-01 -4.227281029100118936e-02 -4.838012944034959517e+00 7.163667765634660345e-01 4.270702042415402272e-02 6.965117726470677617e-01 7.540904021845798866e+01
6.934007089394250700e-01 -1.716494125790282016e-02 -7.202643026996312647e-01 -4.304702135112772510e+01 -1.790085046545393174e-02 9.989972112852114616e-01 -4.103113860151888503e-02 -4.902312931000678553e+00 7.202463581378572011e-01 4.134521446582473808e-02 6.923979839349098109e-01 7.621859297470184913e+01
6.895852223901254296e-01 -1.712536509323583575e-02 -7.240500344302718272e-01 -4.390440583995286516e+01 -1.619035635149574867e-02 9.991059160038653353e-01 -3.905660136349777684e-02 -4.963220403971236649e+00 7.240716532094022551e-01 3.865596028463166856e-02 6.886911400483921586e-01 7.702233355165054718e+01
6.834031734105737721e-01 -1.782700313704320069e-02 -7.297914746632778726e-01 -4.477571087303908826e+01 -1.588880152634262327e-02 9.991017729126104863e-01 -3.928989590097678453e-02 -5.027567379568393946e+00 7.298362239292378595e-01 3.845367103900098477e-02 6.825060900728424640e-01 7.782319891455283312e+01
6.791113049068299157e-01 -1.939992586869096480e-02 -7.337900030309872923e-01 -4.565341033942242177e+01 -1.492195044080299113e-02 9.990792138442751158e-01 -4.021585286496155709e-02 -5.088639994108676845e+00 7.338947908886205296e-01 3.825870203512006518e-02 6.781963811970151967e-01 7.862005408525389782e+01
6.742184245564171174e-01 -1.988342926496543955e-02 -7.383925340087607037e-01 -4.653819324046769168e+01 -1.357360933263891851e-02 9.991351709905369471e-01 -3.929848949644005468e-02 -5.148443586591140431e+00 7.385352401245420806e-01 3.651862231374641832e-02 6.733652522046637001e-01 7.941978967383029442e+01
6.702646553489166603e-01 -2.115886193574771645e-02 -7.419131803449656726e-01 -4.742999003729299545e+01 -1.170996316953538952e-02 9.991676045583158805e-01 -3.906967586943266985e-02 -5.208290628732218153e+00 7.421223657061398749e-01 3.487278671357553483e-02 6.694588886599673883e-01 8.021909117072786444e+01
6.672673730242234535e-01 -2.296108461020867145e-02 -7.444558441995148268e-01 -4.832878599544702070e+01 -9.543531670053088597e-03 9.991791851001685654e-01 -3.936526271627329571e-02 -5.280906819974811484e+00 7.447488056269258028e-01 3.336880117430513631e-02 6.665004576379373047e-01 8.101202796393495476e+01
6.626101401668681445e-01 -2.772709648476411395e-02 -7.485097909665001659e-01 -4.923124888276787203e+01 -5.884298622587508937e-03 9.990909595694912326e-01 -4.222951774478020393e-02 -5.339244372716679621e+00 7.490003584341550225e-01 3.238360928401748384e-02 6.618448330334162355e-01 8.180819858806295031e+01
6.576912178301320688e-01 -3.238748977204867346e-02 -7.526287443148034217e-01 -5.014076414024511053e+01 -1.581795135201314326e-03 9.990137075022005320e-01 -4.437954267968965277e-02 -5.410610794316694339e+00 7.533237780527102245e-01 3.037516724259757897e-02 6.569914590975992619e-01 8.258874812554218181e+01
6.523156599580107740e-01 -3.610063814691206324e-02 -7.569871750423250445e-01 -5.106778181807559491e+01 4.490584499463263872e-03 9.990318992228937045e-01 -4.375355885010150797e-02 -5.467180524006090003e+00 7.578335760529345544e-01 2.514247970116030573e-02 6.518459503978004665e-01 8.338147316566781342e+01
6.432047251301888924e-01 -3.964946563238824773e-02 -7.646477563727059890e-01 -5.200263973388501881e+01 8.459320845300662139e-03 9.989654338316588111e-01 -4.468460090130237788e-02 -5.543941369126518914e+00 7.656285550916088756e-01 2.226980517049241548e-02 6.428748687710015286e-01 8.416271531711926457e+01
6.352769251158438824e-01 -4.093074164044939456e-02 -7.712016829765101500e-01 -5.294396357994299507e+01 1.233244537335416273e-02 9.990049358420891590e-01 -4.286705390577133512e-02 -5.610569831157210530e+00 7.721886250447304034e-01 1.772527911508769635e-02 6.351495512620685124e-01 8.494502406753166213e+01
6.244134447844909008e-01 -3.974046352586359243e-02 -7.801007467063737488e-01 -5.390119534358255748e+01 1.360929834609446963e-02 9.991065608580367297e-01 -4.000983223661313398e-02 -5.670732003480156713e+00 7.809941852060791057e-01 1.436250961016405543e-02 6.243967524179281359e-01 8.570421310223044031e+01
6.150853151260040619e-01 -3.929018290666666524e-02 -7.873972718818164074e-01 -5.489244950456767214e+01 1.370090512652278290e-02 9.991394038828542712e-01 -3.914810914578159551e-02 -5.741804352666822986e+00 7.882580393544227348e-01 1.328685359855204078e-02 6.150943766027140436e-01 8.646586974338765685e+01
6.081990320260970417e-01 -4.077183536345358600e-02 -7.925978335622716475e-01 -5.587081244149640469e+01 1.277236577969550167e-02 9.990534836251961925e-01 -4.158193322325497848e-02 -5.803011767859442394e+00 7.935429302276552077e-01 1.516786768498537032e-02 6.081440078243538494e-01 8.721445299816197405e+01
5.964129779557613142e-01 -4.292100979307123670e-02 -8.014716416977089031e-01 -5.686492446553628355e+01 1.374198871264684443e-02 9.989687507688507218e-01 -4.327481428907345440e-02 -5.873735530691255313e+00 8.025026867087214910e-01 1.479214644898233476e-02 5.963881096085180689e-01 8.794263791641867556e+01
5.873615791935736796e-01 -4.460424157483999785e-02 -8.080022000515034719e-01 -5.787574515440774547e+01 1.358446845390209184e-02 9.988826951793514652e-01 -4.526490677127213008e-02 -5.939303746481904511e+00 8.091184458271287738e-01 1.560837724202633441e-02 5.873113977958068777e-01 8.867301616261430297e+01
5.777363446298975358e-01 -4.515666110605058570e-02 -8.150155860117478390e-01 -5.889549217905250345e+01 1.747519046457089373e-02 9.989235834457347307e-01 -4.295307377244384633e-02 -6.011244511716291150e+00 8.160788443484524590e-01 1.056172827337152099e-02 5.779040949422511453e-01 8.939888188170191086e+01
5.669119824856174716e-01 -4.557009652446915304e-02 -8.226029847286875363e-01 -5.993123544566956440e+01 1.894647382622101014e-02 9.989257134368542124e-01 -4.229244315273446297e-02 -6.080923990540739510e+00 8.236467300394749724e-01 8.386567005489682647e-03 5.671669098476396220e-01 9.010350940732217850e+01
5.564324992208388165e-01 -4.586362633090774327e-02 -8.296827425340552731e-01 -6.097996794745590421e+01 1.938035553490674925e-02 9.989204980443147086e-01 -4.222508525360074011e-02 -6.150889713999539765e+00 8.307231886681544220e-01 7.422951590201442088e-03 5.567203646084735169e-01 9.079975043371425159e+01
5.465309696334573752e-01 -4.646928863348846750e-02 -8.360617955960748526e-01 -6.203112417832655012e+01 1.832167117205492010e-02 9.988842271895701508e-01 -4.353122512625121066e-02 -6.219355505503301629e+00 8.371513060711309739e-01 8.478471309039243425e-03 5.467719097863171784e-01 9.147848805648492032e+01
5.360803037218558886e-01 -4.663388400613940887e-02 -8.428361366326637683e-01 -6.310142220796610957e+01 1.747120548618319447e-02 9.988719993283206033e-01 -4.415097365688163550e-02 -6.288731182978435363e+00 8.439444894096620464e-01 8.940198360378421444e-03 5.362903870361884762e-01 9.214963865552115863e+01
5.271439499093977243e-01 -4.769401369653356731e-02 -8.483811652957102822e-01 -6.417967954407065179e+01 1.619142983989399834e-02 9.988059601116142661e-01 -4.609643734451951413e-02 -6.361492933754426815e+00 8.495665043277622619e-01 1.055940174899829345e-02 5.272872301576687626e-01 9.281400348544222823e+01
