1.0 0.0 0.0 0.0 0.0 1.0 0.0 0.0 0.0 0.0 1.0 0.0
0.99993396 0.011394577 0.001505196 0.30395508 -0.011391122 0.9999325 -0.00228497 -0.012573242 -0.0015311152 0.0022676762 0.99999624 -0.011474609
0.9998398 0.017844064 0.0014557953 0.585083 -0.017836561 0.9998284 -0.00501295 -0.028808594 -0.001545002 0.004986191 0.99998635 0.006591797
0.999792 0.020391764 0.0006016632 0.8909912 -0.020386903 0.9997663 -0.0072064595 -0.03515625 -0.0007484066 0.0071926955 0.9999739 0.017211914
0.9998201 0.018969566 -0.0001805063 1.2032471 -0.018970411 0.999786 -0.008260225 -0.03930664 2.3791596e-05 0.008262162 0.99996585 -0.0018310547
0.99992204 0.0122529995 -0.002394564 1.5163574 -0.012278555 0.99986446 -0.010967954 -0.04260254 0.0022598298 0.010996501 0.999937 0.01171875
0.9999895 -0.0018337813 -0.0041932417 1.8388672 0.0017796751 0.99991554 -0.012871346 -0.041381836 0.0042165024 0.012863749 0.9999083 0.01550293
0.9998506 -0.01681122 -0.004043569 2.1644287 0.016762136 0.99978894 -0.011885949 -0.02734375 0.0042424407 0.011816415 0.9999212 0.012207031
0.9993846 -0.03481301 -0.0043738303 2.517212 0.03477504 0.99935955 -0.008476575 0.004638672 0.0046660653 0.00831931 0.9999545 0.0146484375
0.99846077 -0.055132408 -0.006000877 2.86792 0.055105854 0.99847007 -0.0045031672 0.042236328 0.006240059 0.004165536 0.99997187 0.016845703
0.99714327 -0.07528459 -0.006231134 3.2313232 0.07525903 0.99715567 -0.004238789 0.080200195 0.0065325256 0.003757683 0.99997157 0.016357422
0.9952239 -0.097446054 -0.005516003 3.6137695 0.09741646 0.99522746 -0.005400264 0.12402344 0.0060160263 0.00483697 0.9999702 0.017944336
0.99319917 -0.11633925 -0.004675468 4.0028076 0.116306104 0.9931906 -0.0068258285 0.17858887 0.00543774 0.006235568 0.9999658 0.027832031
0.9910011 -0.13379899 -0.0036508394 4.39563 0.13377476 0.9909916 -0.006224483 0.24536133 0.0044508707 0.0056799604 0.99997395 0.027709961
0.98881286 -0.1491584 -0.0033065816 4.814453 0.1491425 0.98880994 -0.0046235975 0.32006836 0.003959159 0.0040788325 0.99998385 0.028930664
0.9867822 -0.16195565 -0.003810774 5.23938 0.16193718 0.9867812 -0.004739905 0.40393066 0.0045284554 0.004060045 0.9999815 0.03552246
0.9845269 -0.17517008 -0.00454293 5.671875 0.17514025 0.9845225 -0.006297823 0.4873047 0.0055759377 0.0054046735 0.99996984 0.03930664
0.9825719 -0.1857847 -0.0057187458 6.124878 0.1857307 0.98255885 -0.008853297 0.5657959 0.0072639803 0.0076365406 0.99994445 0.048950195
0.98130345 -0.19233015 -0.00789747 6.581909 0.19225867 0.981308 -0.00899404 0.66674805 0.00947961 0.007307997 0.99992836 0.05480957
0.979836 -0.19960025 -0.0094044935 7.0616455 0.19952859 0.97986275 -0.008034505 0.7713623 0.010818742 0.0059963334 0.9999235 0.048339844
0.9785118 -0.20589001 -0.011979967 7.5456543 0.20579065 0.97856444 -0.009021422 0.87768555 0.01358026 0.0063630817 0.9998876 0.056518555
0.9764862 -0.21519214 -0.013201922 8.049072 0.21501955 0.97652197 -0.01335501 0.9906006 0.015765559 0.010202879 0.9998237 0.061767578
0.9746987 -0.2232105 -0.012432102 8.571045 0.22296481 0.974658 -0.018530022 1.0999756 0.016253123 0.0152896065 0.99975103 0.07470703
0.97311205 -0.22989663 -0.0140900295 9.09729 0.22960019 0.9730797 -0.019947004 1.2272949 0.018295662 0.016175525 0.9997018 0.09472656
0.97059417 -0.23996352 -0.019445676 9.630371 0.23966846 0.9707242 -0.016330175 1.380127 0.022795472 0.011189837 0.9996775 0.09240723
0.96867406 -0.24718653 -0.023754828 10.174194 0.24691589 0.9689366 -0.013766879 1.5316162 0.026419424 0.007468759 0.99962294 0.10205078
0.9661402 -0.2568529 -0.025484007 10.7335205 0.25650704 0.9664344 -0.016074315 1.6826172 0.028755566 0.008994159 0.99954575 0.11743164
0.9638755 -0.26511997 -0.025897633 11.310547 0.26474002 0.9641743 -0.017197942 1.8399658 0.029529102 0.009720853 0.99951655 0.14379883
0.96180975 -0.2721463 -0.029675895 11.897949 0.27172524 0.96222764 -0.017478969 2.0061035 0.033310942 0.008748988 0.99940675 0.16296387
0.95906216 -0.2812271 -0.0333793 12.483398 0.28080073 0.9596185 -0.016934495 2.1900635 0.036793284 0.006865857 0.999299 0.17980957
0.9569935 -0.2876034 -0.03794654 13.081299 0.28712696 0.95772684 -0.017582081 2.37854 0.04139877 0.005932055 0.9991254 0.20568848
0.954684 -0.2940947 -0.045492012 13.695923 0.293543 0.95575774 -0.018518172 2.5743408 0.048925366 0.0043221302 0.9987928 0.23876953
0.9533466 -0.29711583 -0.053733144 14.322754 0.29652464 0.95485705 -0.018839255 2.7768555 0.056905054 0.002032348 0.9983779 0.26708984
0.9516117 -0.3007901 -0.06286602 14.959106 0.30016187 0.95368564 -0.019433534 2.9840088 0.06580069 -0.00037699286 0.9978329 0.30444336
0.94972754 -0.3045293 -0.072748356 15.609253 0.30391887 0.9525031 -0.019591404 3.199463 0.075257644 -0.0035010884 0.997158 0.34472656
0.9478464 -0.30852163 -0.08011196 16.260498 0.30807874 0.95119625 -0.018143509 3.4211426 0.08179869 -0.007480752 0.99662095 0.3968506
0.94567287 -0.3131048 -0.08724383 16.933105 0.31280154 0.9496293 -0.017483827 3.6547852 0.088325 -0.010768935 0.996032 0.4527588
0.94330436 -0.31813592 -0.094669834 17.610596 0.31813014 0.94791603 -0.015561007 3.8969727 0.09468927 -0.015435226 0.9953884 0.5163574
0.9413031 -0.32219735 -0.10071795 18.296509 0.32244247 0.94648546 -0.014283454 4.1414795 0.09993051 -0.019031528 0.9948119 0.5859375
0.9391911 -0.3267833 -0.10544082 18.99414 0.3275372 0.94477266 -0.010583013 4.4040527 0.10307504 -0.024602683 0.99436784 0.65600586
0.9374369 -0.3311916 -0.10741496 19.701904 0.33204472 0.9432146 -0.010367911 4.6656494 0.104748204 -0.025946472 0.9941597 0.73046875
0.9352084 -0.33756298 -0.10710118 20.431763 0.33855197 0.9409191 -0.009361943 4.935547 0.10393299 -0.027497716 0.99420434 0.8137207
0.93331814 -0.34314406 -0.10570155 21.158936 0.34407246 0.9388931 -0.009897556 5.212158 0.10263933 -0.027131813 0.99434835 0.8968506
0.9313195 -0.34928885 -0.10347658 21.899048 0.35022765 0.9366519 -0.009542592 5.494873 0.10025422 -0.027344985 0.9945857 0.97961426
0.92888075 -0.3566158 -0.10032512 22.637085 0.35753024 0.93388563 -0.009323753 5.7834473 0.0970165 -0.027196076 0.99491227 1.0598145
0.92497855 -0.36758664 -0.09651591 23.409424 0.36872414 0.9295289 -0.0064245034 6.097046 0.09207578 -0.029646361 0.99530965 1.1361084
0.92252916 -0.37482956 -0.09181621 24.15686 0.3759888 0.92660296 -0.0049754214 6.4144287 0.08694618 -0.029929878 0.99576473 1.2175293
0.9195878 -0.3826855 -0.089129865 24.916504 0.3841736 0.92327887 -0.00049931137 6.741577 0.08248074 -0.033776265 0.9960203 1.293335
0.9159105 -0.39167115 -0.08762584 25.688477 0.39316985 0.919451 -0.0001672809 7.0820312 0.080632396 -0.03429203 0.99615556 1.3626709
0.9126559 -0.39914477 -0.08781548 26.465942 0.40077618 0.91616 0.001026175 7.428711 0.08004185 -0.03614016 0.996135 1.4378662
0.9085825 -0.40854383 -0.08715293 27.240845 0.41021076 0.9120044 0.0013424284 7.786743 0.07893655 -0.036970157 0.99619377 1.5048828
0.9050214 -0.4165122 -0.08629288 28.016724 0.4183004 0.90829945 0.002933463 8.157227 0.07715937 -0.038749747 0.996266 1.571167
0.9010958 -0.4254062 -0.08395969 28.812622 0.42711493 0.9041901 0.0026676054 8.535645 0.074783005 -0.038266916 0.9964654 1.6539307
0.89834005 -0.4320035 -0.07950015 29.619019 0.43340027 0.90118164 0.000338851 8.921997 0.07149572 -0.034769394 0.99683374 1.7233887
0.89455247 -0.440757 -0.07427795 30.437134 0.44216532 0.8969334 0.0028356737 9.334595 0.06537405 -0.03537833 0.99723387 1.7806396
0.8921417 -0.44625804 -0.070339866 31.253784 0.44751066 0.8942812 0.0023107748 9.748169 0.061871268 -0.033535093 0.9975209 1.845459
0.887992 -0.4548164 -0.06804636 32.062866 0.45600864 0.8899814 0.0022551287 10.171387 0.059532017 -0.03302262 0.99768066 1.90979
0.8846418 -0.4615766 -0.06644098 32.89807 0.46274862 0.8865196 0.0025628586 10.612305 0.057717383 -0.033012044 0.99778646 1.9698486
0.8833211 -0.46425608 -0.06422899 33.739624 0.4653558 0.8850722 0.0024697534 11.065552 0.05570167 -0.032075923 0.9979323 2.0159912
0.8795816 -0.47151026 -0.06379912 34.590576 0.4726235 0.8812929 0.0027036585 11.523315 0.054950796 -0.03253235 0.9979584 2.0743408
0.8775502 -0.47534123 -0.062367752 35.437622 0.47630563 0.8792412 0.0006819635 11.992065 0.05451355 -0.030307617 0.9980532 2.138916
0.8752989 -0.47949964 -0.062450103 36.30371 0.4804004 0.8770308 -0.00067231455 12.472046 0.05509285 -0.02941472 0.9980478 2.1940918
0.87362957 -0.48257303 -0.06306604 37.181885 0.48351255 0.87538433 -0.000410571 12.969116 0.055404834 -0.030127643 0.9980095 2.2454834
0.87416464 -0.48158887 -0.06218209 38.07263 0.48248744 0.8758785 -0.0006399476 13.465942 0.054773342 -0.02944332 0.9980648 2.303833
0.87412375 -0.48192522 -0.059922095 38.972412 0.4828017 0.8756932 0.00016684737 13.973999 0.052393842 -0.029085914 0.9982024 2.359497
0.8732151 -0.48385042 -0.05846733 39.88318 0.48463106 0.87473756 -0.00093962887 14.48584 0.051598575 -0.027512517 0.99828887 2.416626
0.873381 -0.48362112 -0.05824991 40.805786 0.48429102 0.8749457 -0.0029432569 14.998901 0.052389305 -0.02563318 0.99829787 2.4771729
0.8722471 -0.48557326 -0.057429258 41.742676 0.48615992 0.873799 -0.004212583 15.530151 0.05222933 -0.024251072 0.9983408 2.536499
0.87117296 -0.487764 -0.055403214 42.67627 0.488243 0.87264764 -0.0054528886 16.051392 0.051008873 -0.022302901 0.9984494 2.5910645
0.8686521 -0.4927096 -0.051719867 43.609253 0.49316546 0.86992097 -0.004434248 16.590332 0.047175672 -0.02165607 0.9986516 2.6536865
0.86625576 -0.49741882 -0.04696033 44.539673 0.49779722 0.867301 -0.004087313 17.122192 0.042763434 -0.019836593 0.99888825 2.7126465
0.86268586 -0.50365615 -0.04405084 45.462402 0.5038888 0.8636495 -0.0064669987 17.661621 0.041303128 -0.016622242 0.99900854 2.7648926
0.8580052 -0.51174617 -0.04476273 46.387817 0.51191 0.85903156 -0.008591955 18.228394 0.042848803 -0.015541691 0.9989606 2.8216553
0.8519848 -0.52134556 -0.04681452 47.30298 0.5214237 0.85314435 -0.011498618 18.784058 0.045936733 -0.014614325 0.9988379 2.880005
0.8450328 -0.5327513 -0.046632003 48.216797 0.53283113 0.84618634 -0.011735791 19.362549 0.045711454 -0.014920671 0.9988437 2.9350586
0.84008527 -0.54090816 -0.041991346 49.123535 0.5410459 0.8409972 -0.008988939 19.958008 0.04017649 -0.015161826 0.99907774 2.986084
0.83650345 -0.5466734 -0.03915186 50.024902 0.5469118 0.8372465 -0.005280856 20.558594 0.03566906 -0.016984679 0.9992198 3.038208
0.8315135 -0.5540157 -0.041764725 50.91626 0.55436915 0.8323181 -0.0036336528 21.165405 0.03677542 -0.020122457 0.99912125 3.0855713
0.8279251 -0.5590996 -0.045255452 51.801514 0.5594073 0.8289259 -0.006730976 21.766724 0.04127878 -0.019737031 0.9989529 3.13562
0.82555515 -0.5619785 -0.05249433 52.686035 0.56236356 0.8269171 -0.00852186 22.383423 0.048194863 -0.022481006 0.99858475 3.189331
0.8211509 -0.56825954 -0.0538346 53.567383 0.5686694 0.82258326 -0.008863873 23.003174 0.049319226 -0.023333177 0.9985103 3.2476807
0.8188957 -0.57182455 -0.04990607 54.45117 0.57223374 0.82009935 -0.0070731514 23.62207 0.044973817 -0.022767501 0.99872845 3.309204
0.81591004 -0.5764197 -0.04484362 55.33423 0.5767892 0.8168623 -0.005515287 24.253784 0.039809503 -0.021370338 0.99897844 3.3657227
0.8133826 -0.5802498 -0.04204965 56.211426 0.58062917 0.81419 -0.0037998958 24.890991 0.036439672 -0.021327527 0.9991079 3.41687
0.8109329 -0.58340734 -0.04375983 57.091797 0.58384544 0.8117907 -0.0033131163 25.52771 0.037461117 -0.02286456 0.9990368 3.4641113
0.8062358 -0.58992165 -0.044211783 57.957275 0.590347 0.80712557 -0.0041179117 26.174194 0.03811255 -0.022780335 0.9990136 3.5095215
0.8028014 -0.5945344 -0.04558751 58.827393 0.59490484 0.8037952 -0.0064348923 26.826294 0.040467747 -0.021956826 0.9989393 3.5646973
0.7997215 -0.59863883 -0.04518119 59.697266 0.5989253 0.800738 -0.008405266 27.48108 0.041208517 -0.020332878 0.99894387 3.61438
0.7946669 -0.60541314 -0.044023935 60.563477 0.6057022 0.7956255 -0.007963716 28.147339 0.039848253 -0.02034065 0.99899846 3.6657715
0.79028296 -0.6111692 -0.043683488 61.42798 0.6114295 0.7912409 -0.008690432 28.817993 0.03987601 -0.019847032 0.9990074 3.7180176
0.78439605 -0.61869437 -0.043896656 62.28882 0.6189564 0.7853654 -0.008983261 29.504639 0.040033508 -0.020122834 0.9989959 3.770874
0.7795273 -0.6249104 -0.04440334 63.14795 0.6251118 0.7805529 -0.010899225 30.196777 0.041471146 -0.019249164 0.9989548 3.8239746
0.7749641 -0.6305381 -0.044329397 63.99829 0.6306923 0.7760106 -0.012185575 30.89209 0.042081103 -0.018518299 0.9989422 3.873291
0.76903284 -0.637774 -0.044127278 64.850586 0.6378651 0.77009845 -0.013812915 31.608032 0.042790867 -0.017521044 0.99893045 3.9274902
0.76400554 -0.64356595 -0.04453503 65.70215 0.6436113 0.76511246 -0.015218897 32.324585 0.04387369 -0.017038485 0.99889207 3.985962
0.7569348 -0.65193087 -0.04388917 66.54614 0.6519124 0.75803775 -0.016707815 33.0531 0.044163097 -0.015967632 0.99889684 4.038574
0.7510473 -0.65905696 -0.041940905 67.3855 0.65901667 0.7520664 -0.016731 33.79785 0.042569842 -0.015066467 0.99898016 4.098633
0.7452582 -0.6656362 -0.039556067 68.22583 0.6655342 0.7461907 -0.017606707 34.54785 0.041234612 -0.0132061755 0.999062 4.1518555
0.73770505 -0.6739383 -0.039608333 69.053955 0.6737783 0.7386622 -0.019265546 35.306152 0.042242754 -0.012474481 0.99902964 4.2054443
0.73231494 -0.6796042 -0.04060177 69.880615 0.6793767 0.7333414 -0.021289816 36.083252 0.044247296 -0.011996387 0.99894875 4.268799
0.7265792 -0.6858555 -0.040964626 70.70679 0.6856675 0.72761655 -0.02070101 36.869995 0.043998875 -0.01305298 0.99894583 4.3199463
0.7206464 -0.69218504 -0.040303502 71.541504 0.6920155 0.7216505 -0.020269558 37.66577 0.0431154 -0.013282776 0.9989818 4.3771973
0.7173695 -0.6955991 -0.040345017 72.35376 0.69544876 0.71837157 -0.019944835 38.46765 0.042857863 -0.013747079 0.9989867 4.433716
0.71217066 -0.7008418 -0.04170353 73.17041 0.70073235 0.7132284 -0.019637922 39.288208 0.043503493 -0.01523778 0.99893683 4.491577
0.70647913 -0.7065136 -0.04373893 73.98779 0.70635325 0.70765996 -0.021663679 40.110718 0.04625608 -0.015577843 0.99880844 4.5509033
0.7018549 -0.7107701 -0.045950316 74.80347 0.7105739 0.7031688 -0.023317138 40.932983 0.04888774 -0.016289352 0.99867153 4.609009
0.6965213 -0.7161182 -0.046546917 75.61133 0.71588796 0.6978843 -0.024420306 41.7771 0.049964566 -0.016306687 0.9986177 4.670288
0.69240844 -0.72000533 -0.045188814 76.42432 0.71977085 0.6937028 -0.024214359 42.625122 0.048782196 -0.015766663 0.99868464 4.7365723
0.68870634 -0.72384137 -0.042505592 77.231445 0.7235721 0.6898736 -0.024235986 43.479248 0.046866085 -0.014059416 0.99880236 4.7998047
0.6825243 -0.7296056 -0.04231097 78.03638 0.72930646 0.6836952 -0.025024889 44.346558 0.047186166 -0.013770631 0.9987915 4.8658447
0.67822194 -0.73365945 -0.04212382 78.83667 0.7332869 0.6794086 -0.02665833 45.220825 0.04817374 -0.012813492 0.99875635 4.928467
0.6733963 -0.7383053 -0.040390354 79.64014 0.73789304 0.67450917 -0.027214743 46.10205 0.047327586 -0.011473257 0.9988134 4.9904785
0.66949916 -0.74189365 -0.03875026 80.44287 0.74140674 0.67055106 -0.02854808 46.9906 0.04715599 -0.0096180355 0.9988409 5.052368
0.66655236 -0.7445182 -0.037251536 81.23901 0.7439349 0.6675512 -0.03039369 47.886353 0.047495145 -0.0074593327 0.99884343 5.126953
0.6619215 -0.74875396 -0.03627983 82.03882 0.7479344 0.6629036 -0.03522421 48.785156 0.050427936 -0.0038144588 0.9987208 5.1864014
0.6570949 -0.75306576 -0.03428392 82.82324 0.75200516 0.6579883 -0.039953664 49.690918 0.052649584 0.00047323667 0.9986132 5.2592773
0.6519792 -0.75757873 -0.029061034 83.62012 0.7563435 0.65259445 -0.043748032 50.614258 0.052103072 0.006532537 0.99861985 5.3183594
0.6430329 -0.7653714 -0.026200056 84.40674 0.76397234 0.643481 -0.047424413 51.54419 0.053160504 0.010477331 0.9985311 5.397217
0.6353256 -0.77194333 -0.021660477 85.19409 0.77053136 0.6355329 -0.048820753 52.4812 0.051453125 0.014332091 0.9985729 5.466919
0.62457675 -0.780768 -0.01829612 85.95923 0.77945983 0.6246501 -0.047782846 53.433594 0.048740413 0.015582878 0.9986899 5.5307617
0.6152762 -0.78804004 -0.017217655 86.72632 0.7867653 0.6153182 -0.04745726 54.42041 0.047998156 0.01564777 0.9987247 5.6051025
0.60832953 -0.79331577 -0.01909949 87.47925 0.79193616 0.6084519 -0.049023658 55.39502 0.050516438 0.014694418 0.9986151 5.668457
0.59658736 -0.80227244 -0.018724311 88.21362 0.80078125 0.5966763 -0.051325023 56.384033 0.052357957 0.01562492 0.9985062 5.7418213
0.58751845 -0.8088827 -0.019538697 88.94922 0.8072841 0.58764046 -0.05312103 57.390625 0.054458406 0.015434584 0.99839675 5.8100586
0.5781294 -0.815859 -0.014487972 89.68091 0.81431115 0.5779889 -0.053806167 58.406006 0.052271437 0.019296728 0.9984457 5.8862305
0.56740254 -0.8234352 -0.012304974 90.3916 0.8219 0.56715673 -0.05435997 59.437256 0.05174417 0.020731099 0.99844533 5.959839
0.55696225 -0.8305168 -0.011331259 91.09375 0.8289774 0.5566768 -0.054785464 60.48169 0.051802244 0.021126667 0.9984343 6.0336914
0.5470157 -0.8369434 -0.012375449 91.778076 0.8353413 0.5467894 -0.055509806 61.52881 0.053221937 0.020027936 0.998382 6.105713
0.5365356 -0.8437385 -0.012824361 92.45508 0.8421087 0.5363476 -0.055801418 62.59497 0.05396247 0.019136397 0.99835944 6.179077
0.5275348 -0.8493558 -0.014432902 93.124756 0.8476306 0.52743083 -0.056965705 63.669434 0.056007992 0.017818226 0.9982715 6.255493
0.51565444 -0.85647976 -0.014413554 93.77734 0.8547804 0.5155816 -0.056478176 64.753174 0.055832356 0.016797706 0.998299 6.339966
0.5090188 -0.86073405 -0.013536047 94.42041 0.8591882 0.50895274 -0.053928003 65.85083 0.053308003 0.015817016 0.99845266 6.412964
0.502346 -0.8646916 -0.011127603 95.061035 0.8632124 0.50217396 -0.053401813 66.95557 0.05176447 0.017217934 0.99851066 6.491577
0.4918774 -0.87062603 -0.01069517 95.6897 0.8691602 0.49170375 -0.05325908 68.07031 0.051617447 0.01689804 0.99852365 6.567505
0.48524195 -0.87431866 -0.009874419 96.30664 0.8727399 0.48499417 -0.055648826 69.19043 0.053440463 0.018387841 0.9984018 6.64624
0.47929844 -0.8775861 -0.00838071 96.923096 0.87583756 0.47890922 -0.059252154 70.309326 0.056003902 0.02106369 0.99820846 6.725952
0.47256643 -0.8812782 -0.007824653 97.5271 0.87938404 0.47210002 -0.061933663 71.44507 0.05828568 0.022390876 0.99804914 6.8013916
0.468735 -0.8833677 -0.0074163037 98.132324 0.8812361 0.46815932 -0.066003874 72.57031 0.061759766 0.024390228 0.997792 6.8894043
0.46305877 -0.88616747 -0.0052622315 98.70337 0.884089 0.46236452 -0.06596243 73.70752 0.060891896 0.025892891 0.99780846 6.977783
0.4586757 -0.8885412 -0.0012448134 99.30444 0.8866839 0.45780745 -0.06400163 74.85034 0.057425693 0.028248776 0.99794984 7.069824
0.45634 -0.88965255 0.0044778152 99.889404 0.8880736 0.45521724 -0.062066272 75.979004 0.05318343 0.032314394 0.9980627 7.156006
0.4518174 -0.8921292 0.0064231562 100.46753 0.8906299 0.450615 -0.061627395 77.11133 0.052084584 0.03355372 0.9980782 7.2318115
0.44934502 -0.89338005 0.008586535 101.03296 0.89202 0.44808194 -0.060284704 78.244385 0.050007537 0.03473639 0.99814403 7.313965
0.44865665 -0.89352405 0.012081796 101.59619 0.89229184 0.4472234 -0.060268674 79.375 0.04844042 0.037830994 0.99811006 7.389038
0.44588774 -0.89504397 0.014043359 102.15381 0.89393914 0.44441077 -0.059063762 80.49487 0.046616238 0.03888651 0.9981556 7.4609375
0.4446679 -0.8956791 0.016049169 102.71216 0.8946359 0.44308457 -0.059414685 81.61084 0.04610743 0.040780753 0.99810404 7.54126
0.44111547 -0.8971777 0.018473376 103.246826 0.8962323 0.43942842 -0.059346423 82.71753 0.045138437 0.04273869 0.99806607 7.607422
0.43860665 -0.8983763 0.02279205 103.79053 0.8976291 0.43674245 -0.059104353 83.819336 0.043143287 0.046382096 0.99799156 7.6765137
0.43656722 -0.89921373 0.026023151 104.32495 0.89867115 0.434631 -0.057796013 84.91626 0.04066562 0.048628867 0.9979892 7.744507
0.43607828 -0.89957076 0.027216569 104.83447 0.8990337 0.4340309 -0.059049964 85.99072 0.041311853 0.050214883 0.9978834 7.8148193
0.43400672 -0.9005041 0.02858523 105.35596 0.9000219 0.43189248 -0.059295703 87.06616 0.041041385 0.05145761 0.99783146 7.8780518
0.4329573 -0.9008602 0.028327413 105.87329 0.90029776 0.43077403 -0.060852315 88.13281 0.042613555 0.05186309 0.99774545 7.9473877
0.43448406 -0.90022594 0.027518358 106.36157 0.89961445 0.43232167 -0.0610959 89.184814 0.043100834 0.051304642 0.9977527 8.011475
0.43604702 -0.8995722 0.024664277 106.85742 0.89882857 0.43401408 -0.060961887 90.22339 0.044140887 0.04877298 0.99783534 8.080322
0.44115132 -0.8972309 0.022348577 107.35303 0.8963903 0.43922117 -0.060882583 91.25806 0.04480668 0.04689247 0.9978947 8.144653
0.4454715 -0.89500767 0.020540744 107.8501 0.8940629 0.44358864 -0.061541103 92.272705 0.045970142 0.04578816 0.9978934 8.208374
0.4523264 -0.89164025 0.019345762 108.35669 0.8906786 0.4505142 -0.061015345 93.28784 0.04570186 0.04482498 0.9979486 8.273315
0.46016777 -0.88769346 0.018325832 108.867676 0.8867784 0.45846766 -0.05935062 94.2876 0.044279248 0.04357317 0.9980693 8.337402
0.4661873 -0.8845013 0.01708419 109.37866 0.88357353 0.46456513 -0.058668666 95.2793 0.04395889 0.042443693 0.99813116 8.391846
0.4781545 -0.8782932 0.016669132 109.9126 0.87743473 0.47660238 -0.057151876 96.27319 0.04224195 0.0419452 0.9982262 8.454346
0.48507258 -0.87440693 0.016092604 110.44043 0.8735484 0.48354927 -0.05687807 97.24609 0.0419497 0.04164856 0.9982515 8.515503
0.49605796 -0.8682862 0.013765579 110.983154 0.86731476 0.49458775 -0.0577087 98.2168 0.043303158 0.040557265 0.9982378 8.57251
0.50522465 -0.862989 0.01102338 111.53345 0.8618879 0.50383234 -0.058524963 99.1687 0.044948086 0.039066907 0.99822503 8.633057
0.5162029 -0.8564072 0.006788793 112.08569 0.8551486 0.5149778 -0.05884626 100.11279 0.04690688 0.03618038 0.99824363 8.688599
0.52923054 -0.8484645 0.0049538473 112.65845 0.8472477 0.5281399 -0.05692856 101.0603 0.04568007 0.03431774 0.998366 8.748535
0.5402657 -0.8414865 0.0037270663 113.24414 0.8403506 0.53929454 -0.054512266 101.98413 0.043871973 0.03258363 0.9985056 8.813232
0.5532499 -0.8330125 0.0042525707 113.83496 0.83198446 0.55229765 -0.052764125 102.90015 0.041592818 0.032737505 0.99859864 8.870728
0.5646801 -0.8254061 0.0038689673 114.43994 0.82444066 0.5637794 -0.051214874 103.791016 0.040094256 0.03210632 0.99867964 8.925903
0.57660913 -0.8168594 0.0035294937 115.05493 0.81586903 0.57568556 -0.051904 104.67456 0.04037614 0.03281266 0.9986458 8.980835
0.5892488 -0.80783945 0.0023276208 115.677246 0.8068182 0.5883545 -0.05203262 105.54736 0.04066953 0.032530475 0.9986426 9.034912
0.5980334 -0.8013716 0.0036951066 116.302246 0.80031395 0.5969936 -0.054323845 106.39429 0.04132903 0.03544744 0.9985169 9.091675
0.60779375 -0.7941202 0.0035503022 116.940674 0.7930777 0.6067538 -0.05412321 107.228516 0.04083069 0.035706256 0.9985276 9.1553955
0.62042606 -0.7843482 0.0032860006 117.58618 0.78341657 0.6194732 -0.05151244 108.05859 0.038358632 0.03453595 0.9986673 9.203369
0.6289195 -0.7775833 0.00526891 118.22656 0.7768325 0.6279815 -0.04872581 108.865234 0.03457148 0.03474295 0.99879855 9.250122
0.64057916 -0.7679552 0.0049924413 118.88281 0.76725966 0.6396921 -0.04719956 109.65723 0.03305523 0.034061268 0.9988727 9.303955
0.6487591 -0.7609002 0.002163928 119.52295 0.760166 0.6480028 -0.04585205 110.43359 0.03349215 0.03139146 0.9989459 9.357544
0.65782017 -0.75309086 -0.0022208486 120.17163 0.7522897 0.65725106 -0.044259764 111.20166 0.03480094 0.027439862 0.99901724 9.391846
0.6686248 -0.7436614 -0.0027588357 120.850586 0.7429029 0.66810167 -0.0428275 111.94702 0.033691753 0.026585102 0.9990785 9.437866
0.6761476 -0.7368564 -0.001601502 121.51123 0.736183 0.67561966 -0.041330528 112.680176 0.031532858 0.026763497 0.9991442 9.484131
0.68474317 -0.7286761 -0.0002898923 122.173584 0.72806233 0.6841824 -0.040768445 113.40039 0.029908365 0.02770913 0.99916875 9.529175
0.69397736 -0.7200744 0.0002181381 122.85132 0.7195105 0.69342196 -0.03977819 114.096436 0.028487038 0.027758006 0.9992085 9.574341
0.70097744 -0.71319324 -0.0015051725 123.51636 0.71263504 0.7005091 -0.038139977 114.781006 0.028252695 0.025662517 0.9992714 9.608765
0.7092227 -0.70498806 -0.0011155836 124.201416 0.7044694 0.7087597 -0.037257947 115.474365 0.027062537 0.025636546 0.9993048 9.652588
0.71590453 -0.6982268 -0.0003608698 124.8667 0.6978004 0.71548533 -0.0345749 116.13696 0.024399694 0.024498304 0.9994019 9.684448
0.7228652 -0.6910264 0.0006403269 125.54297 0.6906984 0.7224928 -0.03149005 116.79053 0.02129836 0.023203425 0.9995038 9.727905
0.73008835 -0.6833747 0.0004310347 126.21924 0.6830882 0.7297636 -0.029422248 117.43652 0.019791642 0.021776456 0.999567 9.757935
0.7370325 -0.67595446 0.00023878567 126.875 0.6756957 0.7367404 -0.027941015 118.055664 0.018704733 0.020756312 0.9996098 9.794067
0.745101 -0.666845 -0.0007337814 127.54761 0.6666166 0.7448738 -0.025374636 118.66626 0.017467856 0.018417966 0.9996779 9.814575
0.75392395 -0.6568556 0.0004699545 128.22949 0.656701 0.7537307 -0.02224681 119.267334 0.014260707 0.017081993 0.99975246 9.843994
0.7625889 -0.6468859 0.0019185203 128.89282 0.64680433 0.76243824 -0.018413324 119.83716 0.010448748 0.015283415 0.9998287 9.869263
0.7730591 -0.63439184 0.0022933984 129.57544 0.63433796 0.7729344 -0.01632831 120.406494 0.008585764 0.014078106 0.9998641 9.893433
0.7826487 -0.622293 0.00089398783 130.23853 0.6222305 0.7825482 -0.015367014 120.94507 0.008865209 0.012583353 0.9998816 9.910034
0.79202056 -0.6103657 -0.0020066486 130.9143 0.61027265 0.7919496 -0.015169947 121.477295 0.010849433 0.010791592 0.99988306 9.932983
0.8022768 -0.596836 -0.0017733066 131.60889 0.5967544 0.80221 -0.014424284 122.00098 0.010033384 0.010514919 0.9998945 9.950073
0.8112329 -0.5845357 -0.0007061301 132.2937 0.5844795 0.81117046 -0.012953449 122.50293 0.0081468215 0.010096708 0.99991596 9.967773
0.8220274 -0.56942946 0.0012694632 133.0039 0.5694063 0.82196903 -0.011152422 122.996826 0.005307058 0.009891736 0.99993706 9.981934
0.83051383 -0.55701107 0.0035379878 133.69214 0.55701876 0.83046937 -0.008820779 123.47827 0.0019738674 0.009297126 0.9999549 9.994507
0.8396174 -0.543307 0.005468881 134.40747 0.5433341 0.83958745 -0.007112991 123.9397 -0.0007292684 0.008943266 0.99995977 10.007324
0.84792423 -0.529989 0.007923122 135.14429 0.5300376 0.8479073 -0.006326307 124.39624 -0.0033648452 0.009563603 0.9999487 10.013672
0.85429925 -0.5197204 0.010292994 135.85254 0.51979417 0.85429144 -0.0065206406 124.83887 -0.0054053157 0.010920374 0.9999258 10.019775
0.8611961 -0.5082058 0.010401444 136.58984 0.5082779 0.86119545 -0.006003348 125.27246 -0.0059081735 0.010456423 0.9999279 10.026489
0.86780524 -0.4968562 0.009461204 137.33643 0.4969111 0.867813 -0.0046295873 125.701416 -0.005910611 0.00871852 0.9999445 10.032227
0.87375027 -0.48638535 0.010036681 138.06885 0.48643285 0.8737768 -0.002848222 126.13013 -0.0073843286 0.007369115 0.9999456 10.026489
0.88015443 -0.47456828 0.01071986 138.82422 0.47460502 0.8801993 -0.0010214224 126.54175 -0.008950769 0.005986075 0.99994206 10.022583
0.88570535 -0.46414113 0.01075778 139.58203 0.46418366 0.88574666 -0.0017080233 126.94653 -0.008735679 0.006507092 0.9999407 10.028931
0.89078796 -0.45429534 0.010182355 140.36108 0.45433813 0.8908215 -0.0022421246 127.341064 -0.008052388 0.006625033 0.99994564 10.031982
0.8953121 -0.4453206 0.009281765 141.146 0.44536418 0.8953328 -0.003205918 127.72998 -0.0068830503 0.0070051327 0.9999518 10.031738
0.8986282 -0.43852097 0.009763444 141.91895 0.43855694 0.898662 -0.0017922658 128.12964 -0.007987828 0.005893022 0.99995077 10.0271
0.90131724 -0.43301547 0.01297759 142.71924 0.4330494 0.90139437 0.00021677604 128.51562 -0.011791393 0.005424106 0.99991584 10.026978
0.90411496 -0.42696065 0.015993128 143.53955 0.42695883 0.9042498 0.0036983746 128.89941 -0.016040258 0.0034862198 0.9998653 10.025879
0.9075182 -0.41962078 0.017463077 144.35889 0.4195647 0.9076856 0.0069393395 129.29614 -0.018763235 0.0010296041 0.9998235 10.012573
0.9106651 -0.41272804 0.01825853 145.198 0.41262358 0.9108477 0.009333783 129.67847 -0.020483611 -0.0009649708 0.9997897 10.002441
0.9131787 -0.4069925 0.019986486 146.0415 0.40683717 0.9133944 0.011488295 130.06982 -0.022931822 -0.002357856 0.9997343 9.983276
0.916989 -0.39825216 0.022327788 146.92041 0.39806756 0.9172576 0.012369038 130.4563 -0.025407529 -0.0024518077 0.99967414 9.969727
0.9198722 -0.39141065 0.024941731 147.80518 0.39120084 0.9202078 0.013004632 130.82837 -0.028041447 -0.0022055353 0.9996044 9.953735
0.9230749 -0.38378996 0.02607344 148.68848 0.38357207 0.9234407 0.013096707 131.2124 -0.029102974 -0.0020889067 0.9995741 9.934692
0.9263441 -0.37583724 0.026018946 149.59741 0.37565526 0.9267089 0.011745181 131.58252 -0.028525475 -0.0011057626 0.99959224 9.901245
0.9305492 -0.36513174 0.027531574 150.53003 0.36500153 0.9309556 0.009792393 131.9419 -0.029206963 0.000934673 0.99957305 9.887329
0.9337755 -0.3568664 0.02612905 151.45874 0.3567579 0.93414056 0.008860284 132.30713 -0.02757017 0.0010517808 0.99961907 9.862061
0.9387778 -0.3436206 0.024473216 152.4209 0.3435358 0.939096 0.007719878 132.65991 -0.025636096 0.0011598263 0.9996706 9.844727
0.9433231 -0.33116084 0.022833029 153.38965 0.3310163 0.9435973 0.009955065 133.01611 -0.024841005 -0.0018360529 0.9996898 9.822144
0.9489084 -0.31479877 0.022691611 154.38525 0.3145726 0.9491652 0.013021011 133.35742 -0.025636327 -0.0052203164 0.9996577 9.803711
0.9548366 -0.29607713 0.02489638 155.39355 0.29572073 0.95511955 0.017035102 133.6836 -0.028822973 -0.008903313 0.9995448 9.774048
0.96054727 -0.27682906 0.02626866 156.4148 0.27636006 0.9608306 0.020134106 133.98608 -0.030813592 -0.012078123 0.9994521 9.747925
0.9662837 -0.25618407 0.026277324 157.44336 0.2556319 0.9665223 0.022633113 134.28442 -0.031193417 -0.015153638 0.9993986 9.733887
0.971751 -0.23443198 0.027453331 158.52832 0.23380665 0.97198874 0.024170395 134.55396 -0.032349773 -0.017070372 0.9993309 9.690674
0.9767046 -0.21235362 0.030884963 159.59961 0.21163952 0.9770317 0.024836153 134.7976 -0.03545036 -0.01772284 0.99921453 9.674927
0.9810051 -0.19086544 0.034704246 160.698 0.1900011 0.9814223 0.026727716 135.02295 -0.039161142 -0.01962703 0.99904025 9.629883
0.9850939 -0.16761686 0.03866959 161.8247 0.16655019 0.9855958 0.029358914 135.23486 -0.043033145 -0.022482153 0.9988211 9.602539
0.988532 -0.1447554 0.043048434 162.94849 0.14347142 0.9891526 0.03156832 135.41089 -0.047150426 -0.025029395 0.99857384 9.551147
0.9913854 -0.12397167 0.042342648 164.09473 0.122646384 0.99191785 0.032602362 135.57593 -0.046040975 -0.027130753 0.99857163 9.510864
0.9940007 -0.1010614 0.041814756 165.24438 0.09971378 0.9944631 0.03315668 135.70068 -0.044934094 -0.028788373 0.99857527 9.466797
0.99592173 -0.08037607 0.040960986 166.41797 0.07903734 0.9963144 0.033320438 135.8125 -0.043487716 -0.02994618 0.9986049 9.410767
0.99726844 -0.060203873 0.042803213 167.61865 0.058888294 0.99777234 0.031357147 135.89185 -0.044595696 -0.028751371 0.9985913 9.371338
0.99814224 -0.040499583 0.045516305 168.80005 0.039065238 0.9987247 0.031974107 135.95117 -0.046753384 -0.030136557 0.9984519 9.327148
0.99869245 -0.018960478 0.04746991 170.03052 0.01742034 0.99931526 0.032641824 135.98755 -0.04805631 -0.031772222 0.99833876 9.276123
0.9988024 -0.00014021917 0.048927076 171.23706 -0.0015383547 0.99941146 0.034270924 135.99927 -0.048903096 -0.034305133 0.99821436 9.224243
0.9985609 0.022760194 0.048558764 172.49536 -0.024441982 0.9991117 0.034322817 135.98462 -0.047734395 -0.0354603 0.9982303 9.174072
0.9978552 0.04273675 0.04958188 173.73608 -0.04459393 0.99832034 0.03697819 135.948 -0.047918152 -0.039110024 0.99808544 9.120605
0.9968912 0.061410017 0.049348596 174.99854 -0.063296884 0.9972846 0.037630696 135.88257 -0.046903506 -0.040637773 0.9980726 9.066895
0.9954615 0.08254613 0.04734397 176.26904 -0.08439954 0.9956848 0.038584277 135.79614 -0.04395511 -0.04240551 0.9981332 9.01709
0.9938512 0.10094196 0.04546212 177.52539 -0.10276691 0.9939086 0.0397556 135.68384 -0.041170567 -0.04418419 0.9981741 8.97522
0.99182796 0.11950017 0.044691175 178.84497 -0.1213503 0.99175245 0.04125435 135.53223 -0.039392646 -0.046341088 0.9981483 8.925781
0.9891882 0.14042494 0.042211905 180.15234 -0.14214525 0.98899496 0.040963426 135.36597 -0.035994634 -0.04652112 0.99826884 8.88147
0.9863826 0.15999058 0.038067434 181.47266 -0.16156283 0.9859422 0.042585306 135.17407 -0.030719604 -0.04815774 0.99836725 8.841553
0.9831863 0.17966868 0.032706168 182.81372 -0.18103711 0.98243827 0.045236263 134.95654 -0.024004605 -0.050396953 0.9984405 8.814331
0.98044425 0.19466862 0.028896667 184.10547 -0.19587122 0.9794936 0.04721083 134.71729 -0.019114597 -0.051947616 0.998467 8.787964
0.97697264 0.21182926 0.025267785 185.44556 -0.21285765 0.97582793 0.04937008 134.44385 -0.014198239 -0.05361206 0.99846107 8.772583
0.972478 0.23176424 0.02388179 186.79736 -0.23272088 0.97117144 0.051632717 134.13525 -0.011227071 -0.055770047 0.99838066 8.758911
0.9685961 0.24739616 0.02415895 188.12036 -0.24834268 0.967298 0.051253658 133.81592 -0.010685559 -0.05564435 0.9983934 8.748413
0.96334565 0.2672437 0.023297682 189.49194 -0.2681042 0.9620945 0.04993021 133.44922 -0.009074533 -0.05434892 0.99848145 8.741089
0.9584261 0.28465176 0.019963142 190.83789 -0.28531232 0.95709795 0.05065764 133.06738 -0.004687782 -0.0542468 0.9985166 8.747437
0.95413303 0.29892677 0.017506417 192.15942 -0.29943728 0.95268726 0.052516714 132.67554 -0.0009832438 -0.05534833 0.99846673 8.74353
0.94803774 0.31773955 0.01734656 193.51709 -0.31821188 0.946515 0.053713307 132.24463 0.00064576906 -0.05643994 0.99840564 8.744385
0.9421321 0.33465666 0.018594524 194.90625 -0.3351709 0.94049495 0.05552804 131.77295 0.0010984875 -0.05854815 0.998284 8.755249
0.9357583 0.35218468 0.017126877 196.24536 -0.3525652 0.9338696 0.05962673 131.29492 0.0050098742 -0.061834656 0.99807346 8.76416
0.9290886 0.3696051 0.014888985 197.5708 -0.36980668 0.92716074 0.06043358 130.78711 0.008526145 -0.061654247 0.99806166 8.779907
0.92106456 0.38916707 0.013274647 198.97485 -0.3892148 0.91907346 0.061680384 130.20679 0.011800344 -0.06198087 0.9980084 8.7977295
0.9144232 0.40461585 0.008781981 200.28418 -0.40434733 0.912467 0.062177654 129.66162 0.017154656 -0.06040551 0.99802536 8.828003
0.9059116 0.42332968 0.00540148 201.59473 -0.42274716 0.90382916 0.06549626 129.07666 0.02285545 -0.061618403 0.99783754 8.867676
0.89549863 0.4450751 0.0038820198 202.97388 -0.44426575 0.893271 0.06867572 128.43286 0.027106762 -0.06322096 0.9976298 8.912109
0.8828555 0.46957856 0.004470271 204.29883 -0.46867222 0.8804735 0.071196906 127.74878 0.029505286 -0.064951085 0.9974514 8.963989
0.8692472 0.49448258 0.0058542835 205.63403 -0.49347904 0.86659414 0.075043626 127.03345 0.032021187 -0.06811943 0.99716353 9.02002
0.8557847 0.5173392 0.0059434534 206.92725 -0.5160941 0.8528056 0.08008671 126.30713 0.03635315 -0.07160326 0.99677116 9.077881
0.84084976 0.5411954 0.006356436 208.20605 -0.53976464 0.83764845 0.08343529 125.531494 0.0398284 -0.07358399 0.99649346 9.1501465
0.82373375 0.5669854 0.0062302332 209.5061 -0.56541175 0.82052237 0.084258884 124.68799 0.042661566 -0.07292316 0.9964238 9.223877
0.8087801 0.58802974 0.006357122 210.74023 -0.5863237 0.8055094 0.085580006 123.83887 0.045205038 -0.07293935 0.9963111 9.292358
0.7915767 0.61105174 0.0034059088 211.94824 -0.60895634 0.7883737 0.08734661 122.946045 0.050689127 -0.071224436 0.9961724 9.375244
0.7747634 0.6323121 0.0007034149 213.156 -0.62979025 0.7715731 0.090102 122.021484 0.056416795 -0.07025203 0.9959333 9.468994
0.75766134 0.65274596 -0.0011853508 214.32642 -0.6498965 0.7545204 0.09197552 121.0459 0.06093249 -0.06891252 0.99575907 9.564697
0.7411966 0.6713592 -0.0024657373 215.48926 -0.66828126 0.73813856 0.09301656 120.04639 0.06426619 -0.06730106 0.995661 9.671143
0.7234992 0.6903057 -0.0027788258 216.62451 -0.6870741 0.72049123 0.09381542 119.00122 0.06676578 -0.065957084 0.99558514 9.782471
0.7074623 0.7067702 -0.0033438895 217.73755 -0.7034037 0.70454 0.09424636 117.92407 0.0689687 -0.064311855 0.99554205 9.898315
0.6934119 0.72041 -0.005128257 218.82983 -0.71682334 0.6906358 0.095025 116.84985 0.071990035 -0.06222639 0.99546444 10.017456
0.6783985 0.7346489 -0.007983177 219.88208 -0.73076326 0.67585236 0.09595002 115.75391 0.07588464 -0.05926353 0.9953545 10.139038
0.6638236 0.7478451 -0.010047652 220.91797 -0.7435817 0.6613624 0.09859978 114.62012 0.08037776 -0.05799238 0.9950774 10.274658
0.6473583 0.76218694 -0.011017969 221.95825 -0.7577085 0.64499986 0.09988501 113.45703 0.083218776 -0.056306425 0.9949386 10.406372
0.63163424 0.775308 -0.010535379 222.94165 -0.7707244 0.6292715 0.10088951 112.29321 0.08482257 -0.055606544 0.9948434 10.54895
0.61502266 0.7884695 -0.007989753 223.91846 -0.78386307 0.6124637 0.10220516 111.08496 0.08548967 -0.056603357 0.99473065 10.69397
0.5974854 0.80186546 -0.0032189516 224.87134 -0.79740644 0.59457713 0.103011936 109.878174 0.08450175 -0.058983058 0.9946765 10.839844
0.5784767 0.81574774 0.0020481143 225.78735 -0.81151706 0.5752175 0.1031864 108.64258 0.08299395 -0.06135099 0.9946595 10.983154
0.5619009 0.82715505 0.0058287266 226.66821 -0.8229724 0.5583206 0.10462676 107.424805 0.0832983 -0.063598655 0.9944943 11.129517
0.5442006 0.83892477 0.008269165 227.52759 -0.83455247 0.5403041 0.107749104 106.174805 0.085921235 -0.0655243 0.99414337 11.277588
0.5259749 0.8504651 0.011596473 228.31958 -0.8459449 0.5216645 0.11098116 104.92261 0.08834198 -0.06818804 0.9937539 11.432251
0.5067033 0.86185926 0.014393757 229.09888 -0.85744804 0.50225943 0.11082859 103.684814 0.08828279 -0.068520956 0.9937385 11.579956
0.48664525 0.87329346 0.018409707 229.86597 -0.86919713 0.48205924 0.10917093 102.385254 0.08649482 -0.06914086 0.9938509 11.734985
0.46691227 0.88394696 0.02183652 230.55127 -0.8801647 0.46226898 0.10706425 101.14111 0.08456544 -0.06921243 0.99401104 11.879883
0.44603792 0.89470506 0.02559029 231.22656 -0.89120245 0.44127598 0.105524965 99.859375 0.0830973 -0.06985699 0.99408853 12.024048
0.42162222 0.906245 0.027702931 231.87964 -0.90293247 0.41691798 0.10348748 98.55591 0.08223361 -0.06866498 0.99424654 12.168701
0.40114012 0.9154112 0.02894275 232.4585 -0.91206694 0.3963992 0.103593536 97.29541 0.08337779 -0.067964435 0.9941982 12.303955
0.37870026 0.92494726 0.029150989 233.01807 -0.92161465 0.3741114 0.102273226 96.000244 0.08371275 -0.06561375 0.99432856 12.440308
0.35742682 0.93353295 0.028131245 233.55371 -0.93002784 0.35300383 0.10230182 94.70337 0.08555535 -0.06271507 0.99435645 12.58374
0.33756214 0.94086003 0.027685165 234.02417 -0.9373002 0.33329684 0.1015486 93.44116 0.08632788 -0.060221735 0.99444425 12.718872
0.31463978 0.9487991 0.027900303 234.48389 -0.9453987 0.31061164 0.098685205 92.13745 0.08495176 -0.05742097 0.9947285 12.86084
0.29466814 0.95514876 0.027488643 234.90234 -0.951616 0.29073116 0.098985285 90.86377 0.08654243 -0.055324353 0.9947104 12.996338
0.27446488 0.96106625 0.02900386 235.29492 -0.95715326 0.27023065 0.10324463 89.59497 0.091390245 -0.056132335 0.9942347 13.134766
0.25444165 0.9665127 0.031471904 235.66016 -0.9617823 0.24954405 0.112158924 88.32593 0.10056439 -0.05880596 0.993191 13.279785
0.23539512 0.97136426 0.033843152 235.99316 -0.96593314 0.22992726 0.119193524 87.07422 0.10799242 -0.060722344 0.9922933 13.430664
0.21690366 0.9755029 0.037774026 236.30273 -0.9697078 0.21082395 0.12369871 85.82471 0.11270216 -0.06347115 0.99160093 13.586426
0.19459935 0.9799834 0.041749723 236.58447 -0.9743034 0.18820637 0.123637795 84.57056 0.11330077 -0.064707726 0.9914482 13.743164
0.17581716 0.98326784 0.046736695 236.84595 -0.9778429 0.1689896 0.123195544 83.328125 0.11326064 -0.06737167 0.9912797 13.90625
0.15494937 0.9865827 0.051668245 237.08081 -0.98138976 0.14770359 0.122781835 82.08862 0.11351469 -0.06970332 0.99108565 14.069214
0.13936123 0.9888304 0.05290779 237.27002 -0.98370075 0.13211071 0.12198822 80.85693 0.11365013 -0.06902738 0.99111843 14.221436
0.11989252 0.99117696 0.05570303 237.44019 -0.98619515 0.112485275 0.12114405 79.639404 0.11378547 -0.06945074 0.9910734 14.371216
