7.776373702961499879e-01 -6.283495295088284971e-01 2.137730303201396814e-02 -6.595871132173746787e+01 6.273868976544979548e-01 7.777556593641796745e-01 3.849434995496373718e-02 2.571550933319259613e+01 -4.081422509804161908e-02 -1.652280524076236989e-02 9.990301276421161836e-01 -8.934675780060089556e-01 -4.809208017785018303e-24 -1.416202385148814181e-23 -3.430527606006730092e-24 9.999999999999997780e-01
7.495733522234667712e-01 -6.613384555687032984e-01 2.777115090300720165e-02 -6.556504842564442015e+01 6.605882739414388194e-01 7.500664642669825355e-01 3.199111615900507993e-02 2.609495055957347276e+01 -4.198716431895894302e-02 -5.634391540290999319e-03 9.991022628662316052e-01 -9.042367127032084895e-01 -4.809208017785018303e-24 -1.416202385148814181e-23 -3.430527606006730092e-24 9.999999999999997780e-01
7.209835509401160136e-01 -6.928582425025752167e-01 1.140942899649507666e-02 -6.520621215395608772e+01 6.925142808189225230e-01 7.210155180843398348e-01 2.367685670487318025e-02 2.648637176675799410e+01 -2.463108068347823892e-02 -9.169431706117362954e-03 9.996545560275076348e-01 -9.148943781586901247e-01 2.145132257904524409e-19 -6.773921999775688550e-19 -5.840296996182543827e-20 1.000000000000000000e+00
6.909294285729290497e-01 -7.227824016036744625e-01 -1.421705538833043479e-02 -6.487095618653778217e+01 7.229181339772197123e-01 6.908579650979935760e-01 1.022954679131368380e-02 2.690071881295080658e+01 2.428229558124530597e-03 -1.734566207106499197e-02 9.998466040891134110e-01 -9.176058667873620012e-01 -4.965012545312591046e-19 1.045474791222848298e-18 -9.802718895231748968e-20 1.000000000000000222e+00
6.562820652772748398e-01 -7.539761285620529829e-01 -2.852802751647183499e-02 -6.453222514665934284e+01 7.540262480063765205e-01 6.567490010581095161e-01 -1.118780258151964337e-02 2.732166615721750347e+01 2.717108965113186961e-02 -1.416852736715390124e-02 9.995303820892186275e-01 -9.339156851847478791e-01 -1.622568198165031938e-18 1.067783874592884589e-18 -1.416565652645276835e-19 1.000000000000000444e+00
6.189271611607254364e-01 -7.849155573227194482e-01 -2.892640749037879433e-02 -6.419481381735934633e+01 7.841942725818438209e-01 6.196000439390896286e-01 -3.369166663305713655e-02 2.777112430453449932e+01 4.436791664445596112e-02 -1.831235496352344710e-03 9.990135807631406184e-01 -9.544561572728942345e-01 -2.872279255996572625e-18 2.431580057972451698e-19 -2.051384664470717904e-19 1.000000000000000444e+00
5.860180883581328493e-01 -8.099911293665652545e-01 -2.229731967228502920e-02 -6.386620218926155701e+01 8.090029525445616709e-01 5.864150813587762912e-01 -4.039276085097176505e-02 2.825523490818781625e+01 4.579326250961761324e-02 5.632291048684785577e-03 9.989350601546995723e-01 -9.775898421056687937e-01 -4.564562500197249289e-18 -1.463754361982883708e-18 -2.935532333196760994e-19 1.000000000000000222e+00
5.572453575957625471e-01 -8.301957194734248535e-01 -1.589587386677097577e-02 -6.356298942856688683e+01 8.298447510532342974e-01 5.574719720802644440e-01 -2.413896216364428207e-02 2.876147002162428379e+01 2.890156721323597355e-02 2.602171111262271768e-04 9.995822285833613208e-01 -9.415079918662013769e-01 -6.570557374806666029e-18 -3.389895706423024806e-18 -4.191658749448183051e-19 9.999999999999997780e-01
5.285931807027097751e-01 -8.488385116557561894e-01 -7.901293859217038001e-03 -6.328528008417412565e+01 8.487976320218697524e-01 5.286478270919025002e-01 -8.605508995804915517e-03 2.928045992293559863e+01 1.148168927792829995e-02 -2.157786145953878836e-03 9.999317550564534862e-01 -8.837306315662449840e-01 -8.618381216806027929e-18 -5.865058903190548751e-18 -6.146797619455322908e-19 9.999999999999992228e-01
4.988246288365549286e-01 -8.666800700317568440e-01 -6.296497108726996014e-03 -6.301330525927767212e+01 8.666646444243762959e-01 4.988577188131077533e-01 -5.776719255026734577e-03 2.979758437714173169e+01 8.147623632672421068e-03 -2.575381589571977461e-03 9.999634911529593495e-01 -8.764550720839658915e-01 -9.955409889946298548e-18 -7.081390159544169286e-18 -8.726084505716785602e-19 9.999999999999986677e-01
4.713553754298710485e-01 -8.819327765469459068e-01 -4.322927894227121016e-03 -6.275104054563583844e+01 8.818134269981348083e-01 4.713644035621843975e-01 -1.485526910799367731e-02 3.031727661907233440e+01 1.513902305926861577e-02 3.190095086436037144e-03 9.998803094741678388e-01 -8.693247303321615105e-01 -1.099107983573206608e-17 -7.771126208103474156e-18 -1.140548189678053133e-18 9.999999999999982236e-01
4.458502238524009176e-01 -8.950919855997833130e-01 -5.283484250042731929e-03 -6.250367363431051615e+01 8.948428279126779961e-01 4.458541395192078816e-01 -2.168869767476350185e-02 3.085839583246756135e+01 2.176904279074244955e-02 4.942022725820048937e-03 9.997508115462376832e-01 -8.657556654639420035e-01 -1.225000678468505660e-17 -6.838671644690602061e-18 -1.399410469017796212e-18 9.999999999999978906e-01
4.227032967138695252e-01 -9.062496603611343016e-01 -5.785848474928307304e-03 -6.226296319869691587e+01 9.060103294394633577e-01 4.227267086591794398e-01 -2.115213311162670792e-02 3.141005279620084778e+01 2.161494613093118897e-02 3.699037915958670094e-03 9.997595266974271810e-01 -8.615580698911554647e-01 -1.333507448583544638e-17 -7.925631729851849926e-18 -1.638598893091671925e-18 9.999999999999974465e-01
4.031641792063656027e-01 -9.151133797063502051e-01 -5.113402712363551358e-03 -6.203176918885425550e+01 9.150058711515478560e-01 4.031953885450736408e-01 -1.406180693169128797e-02 3.198724141508341390e+01 1.492984805943578692e-02 9.904233463992845148e-04 9.998880530832086055e-01 -8.546185376221510088e-01 -1.343046690306053361e-17 -8.064302662579020849e-18 -1.904712778996077381e-18 9.999999999999970024e-01
3.859600516953817784e-01 -9.225124372323250110e-01 -2.375215146732237437e-03 -6.180235105372975113e+01 9.224976923877109547e-01 3.859673196810895490e-01 -5.218781231698563575e-03 3.257484373792146215e+01 5.731146017285343626e-03 -1.768894178105344134e-04 9.999835612026209963e-01 -8.512226830471260053e-01 -1.370901632693354131e-17 -9.087408740278689731e-18 -2.178377395732391999e-18 9.999999999999964473e-01
3.696468713138540418e-01 -9.291713979289593084e-01 1.305296380881047031e-03 -6.157921400683432012e+01 9.291706129889906185e-01 3.696485181963946043e-01 1.394615672475768738e-03 3.315889075905165129e+01 -1.778337866969257729e-03 6.973277183410771327e-04 9.999981756225856389e-01 -8.474907009220492560e-01 -1.366397311747691481e-17 -1.152802752127082415e-17 -2.462288034151582080e-18 9.999999999999957812e-01
3.555210275959552746e-01 -9.346668799738517830e-01 1.619387872095037588e-03 -6.136629710296955409e+01 9.346614109628512690e-01 3.555245239256085710e-01 3.218655682423614533e-03 3.375605586923317247e+01 -3.584102966679973950e-03 3.692795777373230693e-04 9.999935088982003784e-01 -8.496514772169381224e-01 -1.520557158298612984e-17 -1.270681717753421006e-17 -2.748778302002725249e-18 9.999999999999950040e-01
3.425808730221007736e-01 -9.394883317423724511e-01 1.412776290261622491e-04 -6.116306373664134810e+01 9.394858450404942607e-01 3.425803052364025381e-01 2.254203336462219827e-03 3.435326817692573798e+01 -2.166196665257266382e-03 -6.395186142819151006e-04 9.999974493007314225e-01 -8.543603548985139184e-01 -1.599881411653119009e-17 -1.387572727541817404e-17 -3.036778005095953861e-18 9.999999999999944489e-01
3.303704940267250811e-01 -9.438407979485486932e-01 -4.459238096798356574e-03 -6.096408436544429321e+01 9.438512705964007266e-01 3.303650830446734354e-01 1.921171113126892999e-03 3.497168418315361293e+01 -3.401031122458455591e-04 -4.843555793306826736e-03 9.999882120791083739e-01 -8.577053509981438228e-01 -1.723494665539605524e-17 -1.768877237525689172e-17 -3.330144552515864779e-18 9.999999999999936717e-01
3.199156769934857758e-01 -9.474151570811005785e-01 -7.647205163513536713e-03 -6.076925354672519575e+01 9.474459748308384777e-01 3.199077157673667071e-01 2.275559128580961332e-03 3.559888007016787270e+01 2.905007266111078843e-04 -7.973300790033310478e-03 9.999681705353743455e-01 -8.645324126860512992e-01 -1.839963164633491313e-17 -2.082579351376457032e-17 -3.636379052303941289e-18 9.999999999999930056e-01
3.117423989726409439e-01 -9.501194211610834994e-01 -9.474292339232966847e-03 -6.057326140297184480e+01 9.501665058121753216e-01 3.117324823695068470e-01 2.543750857873015251e-03 3.622915642605315156e+01 5.365775769422337837e-04 -9.795150241832157462e-03 9.999518824004833828e-01 -8.674940939177283594e-01 -1.961065995208479916e-17 -2.199039938037617318e-17 -3.927769657093555237e-18 9.999999999999924505e-01
3.059182354040992369e-01 -9.519920400315597941e-01 -1.118878741464044910e-02 -6.037713856458830719e+01 9.520559237225804106e-01 3.059197718712718395e-01 1.615946463810819227e-03 3.686795077798124964e+01 1.884503122737017861e-03 -1.114669882809559733e-02 9.999360978348784679e-01 -8.659707422662564769e-01 -2.142337466804545237e-17 -2.175497562297084940e-17 -4.207778110436409877e-18 9.999999999999917843e-01
3.012522508181347813e-01 -9.534583267974695575e-01 -1.281797322498618753e-02 -6.017816611071067712e+01 9.535417670717508676e-01 3.012562580008842916e-01 1.662968727345762307e-03 3.751842655013364691e+01 2.275923268622454150e-03 -1.272344591138274694e-02 9.999164635595537698e-01 -8.666299266625953068e-01 -2.320948953296258158e-17 -2.088881487144917104e-17 -4.501441416534136223e-18 9.999999999999911182e-01
2.977621146376852601e-01 -9.545536273708575825e-01 -1.284895169463515403e-02 -5.997558940831503094e+01 9.546363303894537244e-01 2.977717974518127586e-01 1.197222984651533659e-03 3.817418956616830172e+01 2.683241898711287952e-03 -1.262256374271846122e-02 9.999167320819792870e-01 -8.694911161892348028e-01 -2.475754716777535137e-17 -2.100451292506599556e-17 -4.814687393420265833e-18 9.999999999999904521e-01
2.956536091788519727e-01 -9.552216848112038416e-01 -1.185226754606023662e-02 -5.977457002298740463e+01 9.552863638097414123e-01 2.956815161241495571e-01 -6.357213909288096220e-04 3.883072357903872529e+01 4.111751295640733543e-03 -1.113435624331381157e-02 9.999295573250961411e-01 -8.724044198177235421e-01 -2.794700160228409872e-17 -2.214485027522167806e-17 -5.110092804548320604e-18 9.999999999999897859e-01
2.947212958996440202e-01 -9.555194587230271264e-01 -1.104181800734632159e-02 -5.956725532924623678e+01 9.555691696291428450e-01 2.947600150067538616e-01 -2.023760729046455899e-03 3.950142946710408864e+01 5.188429197949592092e-03 -9.954775479818833012e-03 9.999369893386477193e-01 -8.698168938393723293e-01 -3.110540890722659369e-17 -2.359816508934658784e-17 -5.389680178375912522e-18 9.999999999999894529e-01
2.945173926310765689e-01 -9.555862049699164196e-01 -1.070094897684208124e-02 -5.936240069978614997e+01 9.556349116336609884e-01 2.945497051390696952e-01 -1.544949646838853418e-03 4.018028863900512704e+01 4.628293935728312013e-03 -9.771185888145775614e-03 9.999415497025914146e-01 -8.678864329440737491e-01 -3.475338419101377850e-17 -2.817350932462441515e-17 -5.648067960434538238e-18 9.999999999999890088e-01
2.934304339624295155e-01 -9.559027116729915674e-01 -1.218959559878188964e-02 -5.915363678219701882e+01 9.559752897250919368e-01 2.934468116494131085e-01 4.627826912538891596e-04 4.086838592675359649e+01 3.134622734272313194e-03 -1.178874671010037706e-02 9.999255970277776129e-01 -8.687900710443872132e-01 -3.943046583636765890e-17 -3.594235005771638609e-17 -5.913812765701284474e-18 9.999999999999883427e-01
2.929004589236815503e-01 -9.560848290029791974e-01 -1.054139045197432199e-02 -5.894699951982837405e+01 9.561427083251248238e-01 2.928749166192728404e-01 3.924860755164051584e-03 4.156355234169787849e+01 -6.651909742894973523e-04 -1.122866713266059205e-02 9.999367352765041739e-01 -8.711641216335801463e-01 -4.391128155378534742e-17 -4.299810261389512617e-17 -6.191129702853254848e-18 9.999999999999877875e-01
2.923681139464436307e-01 -9.562836067395242834e-01 -6.522992309230890920e-03 -5.872816192747237096e+01 9.563019265288144055e-01 2.923405634712383239e-01 4.860068579213416319e-03 4.226738681956334176e+01 -2.740668662734025568e-03 -7.658879196203438426e-03 9.999669146050708113e-01 -8.772124596247908856e-01 -4.897870786377570745e-17 -4.999111875898666203e-17 -6.473517298117289598e-18 9.999999999999874545e-01
2.918093085805784637e-01 -9.564744241394907975e-01 -2.000848013647353596e-03 -5.850571404696315625e+01 9.564759088146842503e-01 2.918061256791040781e-01 1.738065957405652813e-03 4.297130147107667142e+01 -1.078555928792732316e-03 -2.420946747550169111e-03 9.999964878608346153e-01 -8.843204583804190611e-01 -5.310748362786214379e-17 -5.672226863191507676e-17 -6.705831676270805383e-18 9.999999999999871214e-01
2.914922234798275058e-01 -9.565731793116110104e-01 1.904533582889239346e-04 -5.828444073232724065e+01 9.565686245539032351e-01 2.914902082864387345e-01 -3.150395559193789208e-03 4.368231129053478412e+01 2.958068607068617926e-03 1.100497513371215090e-03 9.999950193552937794e-01 -8.839240447684298951e-01 -5.741875715877931844e-17 -6.121083416767440971e-17 -6.895815193199438504e-18 9.999999999999868994e-01
2.912263817224848839e-01 -9.566480747900141246e-01 -3.414028325493237339e-03 -5.806919353611264967e+01 9.566327190186423302e-01 2.912418947852506435e-01 -5.656821094302398600e-03 4.440406577990126635e+01 6.405895087661250646e-03 -1.618555660477463774e-03 9.999781721546527891e-01 -8.840640483922680426e-01 -6.111277489393457163e-17 -6.719784307314260747e-17 -7.051074823286400466e-18 9.999999999999865663e-01
2.909758497638703090e-01 -9.566810526875670906e-01 -9.716907060353600911e-03 -5.785135243849919107e+01 9.566809297661590383e-01 2.910490779161657438e-01 -7.213381031363390664e-03 4.514366665267183265e+01 9.729001798632863976e-03 -7.197060005678067307e-03 9.999267717444825232e-01 -8.849952292055627279e-01 -6.530552593892169954e-17 -7.047502811662374791e-17 -7.202085941923330119e-18 9.999999999999862332e-01
2.903354531325310628e-01 -9.568861412806276556e-01 -8.616105815067770859e-03 -5.762373319637217151e+01 9.568733374321556351e-01 2.904015289755959017e-01 -7.769689831673925670e-03 4.588290952402641665e+01 9.936838824487511171e-03 -5.988705508953522973e-03 9.999326950553091287e-01 -8.845865357969517895e-01 -6.855720307780464305e-17 -7.133695213658178769e-17 -7.354417880054685834e-18 9.999999999999861222e-01
2.898361945760273284e-01 -9.570687747911321708e-01 -3.786902891111361760e-03 -5.739008140393820412e+01 9.570386389285787665e-01 2.898576164779543274e-01 -7.720477151611328422e-03 4.662802098875105372e+01 8.486690254144684323e-03 -1.386538670729251530e-03 9.999630261160262767e-01 -8.861572392841059465e-01 -7.132615056792778238e-17 -7.133466488218266552e-17 -7.515602072153655042e-18 9.999999999999859002e-01
2.900584910113306325e-01 -9.570001127401505103e-01 -4.105606847780047912e-03 -5.716068992340083810e+01 9.569956920826127034e-01 2.900743683143686691e-01 -4.013250844011602252e-03 4.738812593969029763e+01 5.031612823088686161e-03 -2.764970582845574596e-03 9.999835187692622807e-01 -8.825727578890737446e-01 -7.318972072564616590e-17 -7.112887047248855025e-17 -7.682196197568891240e-18 9.999999999999854561e-01
2.913425272216569883e-01 -9.566019605201304676e-01 -5.676351042863714801e-03 -5.693032784656832490e+01 9.566187846148941354e-01 2.913362703431948142e-01 1.917942761258399371e-03 4.815761239659034487e+01 -1.809808636002972228e-04 -5.988882326801667384e-03 9.999820501061452704e-01 -8.795970657225538059e-01 -7.607131518279696305e-17 -7.095566386996837895e-17 -7.849205383240470358e-18 9.999999999999850120e-01
2.911736593832130460e-01 -9.566369158864960198e-01 -7.981932384088898449e-03 -5.669543945713682120e+01 9.566589450150915219e-01 2.911195960121404913e-01 7.283113368344766927e-03 4.894723912726683324e+01 -4.643598179694434329e-03 -9.756637784905741392e-03 9.999416208035206699e-01 -8.861561104465502936e-01 -7.924991486243188678e-17 -7.349161172316761392e-17 -8.043763349797364980e-18 9.999999999999845679e-01
2.907927196870094821e-01 -9.567795696852232634e-01 -3.528343806306199516e-03 -5.644882194941137499e+01 9.567551410461829775e-01 2.907516868438422830e-01 9.113543721018371735e-03 4.973092337517844896e+01 -7.693780526256900794e-03 -6.025913240681157225e-03 9.999522459152377918e-01 -9.007942320558957050e-01 -8.186487384709255460e-17 -7.294950774585561028e-17 -8.252266167388802263e-18 9.999999999999842348e-01
2.902338429899090078e-01 -9.569525314617286504e-01 2.483729519209828401e-03 -5.620334939440469668e+01 9.569209871339934281e-01 2.902444449091176604e-01 7.770880381136331672e-03 5.051386192953872012e+01 -8.157252348024888675e-03 1.213604268656018564e-04 9.999667216992190744e-01 -9.115601972246251128e-01 -8.427866625018491822e-17 -7.588998744357138796e-17 -8.428131937065364567e-18 9.999999999999839018e-01
2.893649185511369959e-01 -9.572179911976714806e-01 1.288890769958265766e-03 -5.596640186846411069e+01 9.571995936382692305e-01 2.893673751806493111e-01 5.954840030591734314e-03 5.130314825123588918e+01 -6.073042950986816922e-03 -4.893960791876598082e-04 9.999814391482003684e-01 -9.139411680836856400e-01 -8.683121347486173565e-17 -8.175040224015552738e-17 -8.591605893178511288e-18 9.999999999999833467e-01
2.900039051231323439e-01 -9.570024172036062371e-01 -6.641421520870562610e-03 -5.573878701428434823e+01 9.570204184892923127e-01 2.899728637521619690e-01 5.258981074850506247e-03 5.211179733341000286e+01 -3.107025582870345543e-03 -7.881101051940880148e-03 9.999641166753715504e-01 -9.238380231517421270e-01 -9.057368470691259752e-17 -8.553789800842147166e-17 -8.763209566825236672e-18 9.999999999999832356e-01
2.892761046711930240e-01 -9.572048928817273872e-01 -8.839021980543267099e-03 -5.549286202553101788e+01 9.572446129718290564e-01 2.892773755306026762e-01 1.162300535823211547e-03 5.291063408552528813e+01 1.444369320897242407e-03 -8.797331946273573636e-03 9.999602595843588571e-01 -9.335269530993322018e-01 -9.563687553736701482e-17 -8.896303392604957402e-17 -8.953318369196327251e-18 9.999999999999832356e-01
2.884339948882210791e-01 -9.574669635638995979e-01 -7.927438210376662464e-03 -5.524590494080698733e+01 9.574828331245796020e-01 2.884682640485387584e-01 -3.561587924773094646e-03 5.370910453392182404e+01 5.696917114694709586e-03 -6.563102963803156553e-03 9.999622346943943807e-01 -9.349774510118697979e-01 -9.993602705839485490e-17 -9.099548563242420301e-17 -9.134627883266820071e-18 9.999999999999831246e-01
2.886266766773457060e-01 -9.573904256779693922e-01 -9.910314343136467086e-03 -5.500195849662153336e+01 9.574150690857384793e-01 2.886804076871685165e-01 -4.472997330158470265e-03 5.452485556206635664e+01 7.143318402858430706e-03 -8.197257937304847780e-03 9.999408872351617239e-01 -9.310066045860477812e-01 -1.046833631981492159e-16 -9.378567485128525483e-17 -9.298457793604650612e-18 9.999999999999832356e-01
2.889854933294023209e-01 -9.572086698751349765e-01 -1.545790933693527713e-02 -5.476639693251831886e+01 9.573182273821839727e-01 2.890343515996686707e-01 -9.773009701964929796e-04 5.535312251224511471e+01 5.403347764034523333e-03 -1.451571256246484386e-02 9.998800417659552409e-01 -9.301810886693074876e-01 -1.093103855460580975e-16 -9.592612021056968862e-17 -9.459519137128448793e-18 9.999999999999831246e-01
2.890028077369390380e-01 -9.572461239801827171e-01 -1.253934787435613193e-02 -5.451827666926020299e+01 9.573282359696922983e-01 2.889758163442908701e-01 3.952996749408116579e-03 5.618082418037323578e+01 -1.604225280627870364e-04 -1.314669894032035637e-02 9.999135655504098885e-01 -9.305626947552929629e-01 -1.131536511470254579e-16 -9.873277760676146123e-17 -9.641810654909661421e-18 9.999999999999830136e-01
2.880426268291471081e-01 -9.575976098107855661e-01 -6.185694307495204908e-03 -5.426206653718892881e+01 9.576019032317967250e-01 2.879949293086855322e-01 7.583905281414980888e-03 5.700649663521156185e+01 -5.480880975705466548e-03 -8.107920640548684638e-03 9.999521096366416062e-01 -9.380195705375122817e-01 -1.177579310271894837e-16 -1.004115138231684264e-16 -9.816146091338449791e-18 9.999999999999829026e-01
2.876807911298079889e-01 -9.576803938752508349e-01 -9.382196006323718224e-03 -5.401351325500012024e+01 9.576951772397152007e-01 2.875785837805588940e-01 1.088602969629750422e-02 5.784814036649810731e+01 -7.727218567040713103e-03 -1.211698550246579145e-02 9.998967290454091605e-01 -9.489015447641535594e-01 -1.234905346111894549e-16 -1.030793347067966590e-16 -1.000854067170296216e-17 9.999999999999826805e-01
2.881409855191214842e-01 -9.575328708267826228e-01 -1.027490877414937234e-02 -5.376631091866312318e+01 9.575605120317531860e-01 2.880348315106405210e-01 1.066778487369608036e-02 5.867799464752457084e+01 -7.255223057926558396e-03 -1.291267295366534985e-02 9.998903062915122097e-01 -9.637584235696118329e-01 -1.299811118287594300e-16 -1.052540366758271388e-16 -1.021811373895540055e-17 9.999999999999824585e-01
2.863506834708588467e-01 -9.581051834896922026e-01 -6.143569482110740852e-03 -5.351207887618382131e+01 9.581216768141831430e-01 2.863272585549245797e-01 4.421925732834463413e-03 5.950587541646569179e+01 -2.477598558084813732e-03 -7.152508549679000363e-03 9.999713511531213017e-01 -9.602379657189149542e-01 -1.352199309251151736e-16 -1.091401751059492976e-16 -1.044589106473028104e-17 9.999999999999822364e-01
2.859413180573780466e-01 -9.582328222755324143e-01 -5.236500883431575992e-03 -5.326006496383735112e+01 9.582445470474515448e-01 2.859489664799436115e-01 -7.593568744112244020e-04 6.034648579795828027e+01 2.225012696465227674e-03 -4.800716911613542477e-03 9.999860011199190879e-01 -9.638143902616950198e-01 -1.400505224654259349e-16 -1.161433523896560720e-16 -1.065124798159845165e-17 9.999999999999817923e-01
2.858485287601466585e-01 -9.582434722773756075e-01 -7.750254413990024377e-03 -5.301193457212121274e+01 9.582674948151059802e-01 2.858686061739981743e-01 -1.596366154977991916e-03 6.119592466129908814e+01 3.745261874188663027e-03 -6.970497964712185981e-03 9.999686920958040792e-01 -9.709364950291020646e-01 -1.468262611992720719e-16 -1.207609588590407068e-16 -1.079062928582075793e-17 9.999999999999812372e-01
2.851451450974658020e-01 -9.584636442630285469e-01 -6.299908999479666462e-03 -5.275622494553225295e+01 9.584841184195449504e-01 2.851434709733728923e-01 1.181396947751791032e-03 6.203810496748977243e+01 6.640518950596640017e-04 -6.375232327575066672e-03 9.999794575130178664e-01 -9.746104359580773924e-01 -1.537547689051744009e-16 -1.248463201388702793e-16 -1.091899512030595299e-17 9.999999999999809042e-01
2.844682524822211844e-01 -9.586829862748164066e-01 -2.178338112307616481e-03 -5.249696383306556413e+01 9.586791865105092070e-01 2.844574354177035747e-01 4.264362451057284245e-03 6.288799318253599324e+01 -3.468527256243614330e-03 -3.301403143856098104e-03 9.999885349623454101e-01 -9.758476779897181652e-01 -1.616138942731915256e-16 -1.263126147171214539e-16 -1.107309956673342894e-17 9.999999999999806821e-01
2.837529473246932499e-01 -9.588973990761484600e-01 -2.071945143627366027e-04 -5.225238932597702046e+01 9.588776242627503610e-01 2.837456939317665183e-01 6.487130597262292381e-03 6.374247263166478206e+01 -6.161702105931224534e-03 -2.039416610346894611e-03 9.999789368817899593e-01 -9.714437072567271292e-01 -1.680966005467571326e-16 -1.289677676960122735e-16 -1.125993030445304600e-17 9.999999999999804601e-01
2.835328189127691578e-01 -9.589454053586700111e-01 -5.731504243448509728e-03 -5.201374328050544449e+01 9.589570458667437958e-01 2.835059126699269183e-01 5.077564741024822789e-03 6.459616926334697951e+01 -3.244192037312040953e-03 -6.935922621905872901e-03 9.999706836680760658e-01 -9.687785534963200273e-01 -1.751877581745499581e-16 -1.309314563329419929e-16 -1.146461250840556938e-17 9.999999999999802380e-01
2.835461951463259522e-01 -9.589492378258723804e-01 -4.232551386190984768e-03 -5.175967375999690034e+01 9.589580958091208363e-01 2.835477188872708165e-01 2.481853078144203792e-04 6.544527755292983784e+01 9.621331788531346666e-04 -4.129211417440143035e-03 9.999910119161127264e-01 -9.778485111797319274e-01 -1.823410449342338792e-16 -1.309439093255931238e-16 -1.164113775081781772e-17 9.999999999999803491e-01
2.829976666624304804e-01 -9.591161950965740868e-01 -2.906022557619366339e-03 -5.150588241532705780e+01 9.591107115190528054e-01 2.830072074153852091e-01 -3.682879353832887916e-03 6.629879379732206246e+01 4.354734561558981469e-03 -1.744951099198014614e-03 9.999889956558312143e-01 -9.906477384194939395e-01 -1.896822228352201080e-16 -1.261569852493381639e-16 -1.178352073645547012e-17 9.999999999999803491e-01
2.835415384392303562e-01 -9.589465759074543572e-01 -5.065622853749365134e-03 -5.125645764441853203e+01 9.589580083674237310e-01 2.835476513718223623e-01 -5.172905152644395165e-04 6.715679236110882755e+01 1.932399431271570114e-03 -4.711046254456467165e-03 9.999870358538797133e-01 -9.940989550239913708e-01 -1.976029040438207016e-16 -1.221299668376510162e-16 -1.192019206337931766e-17 9.999999999999802380e-01
2.839018640103906921e-01 -9.588421010442154113e-01 -4.642938353115968857e-03 -5.100818171202076456e+01 9.588447489434908100e-01 2.838754914188973966e-01 5.608279160260527807e-03 6.801818823020408900e+01 -4.059437766654935657e-03 -6.044057967043819403e-03 9.999734948129946899e-01 -9.871752689061075170e-01 -2.049771486091144717e-16 -1.181320756983553913e-16 -1.205858202701929743e-17 9.999999999999803491e-01
2.832195888307946219e-01 -9.590484021893882494e-01 -3.581446705472007917e-03 -5.075616539226183477e+01 9.590219138960361933e-01 2.831767561607289041e-01 9.375149995230938615e-03 6.887536079936843691e+01 -7.977040162800937140e-03 -6.089912000875897721e-03 9.999496386330020137e-01 -9.817011432267482851e-01 -2.137407872697016526e-16 -1.156669145172358145e-16 -1.225464634436012298e-17 9.999999999999805711e-01
2.832094983809915201e-01 -9.590506393391043938e-01 -3.775077488728809973e-03 -5.050947734015977630e+01 9.590172130378527005e-01 2.831589069675778392e-01 1.034497472178390332e-02 6.972329999582375137e+01 -8.852407805454612366e-03 -6.550159393964118115e-03 9.999393633056818942e-01 -9.884181552984460106e-01 -2.227792217474410784e-16 -1.123949941972987531e-16 -1.247096408611132454e-17 9.999999999999810152e-01
2.836576816340704577e-01 -9.589145076802674250e-01 -4.613741463865333493e-03 -5.025447173219861696e+01 9.588720002191485348e-01 2.835876674510584006e-01 1.193826056639659024e-02 7.058960775496004203e+01 -1.013937107363261855e-02 -7.810366820958734163e-03 9.999180923078496708e-01 -1.007154240606499940e+00 -2.311246756113224268e-16 -1.081913469455187838e-16 -1.269588457972197593e-17 9.999999999999813483e-01
2.836694265818636151e-01 -9.588958285008890581e-01 -7.102570401527612265e-03 -5.000985464515187573e+01 9.588732457085290539e-01 2.835723934111590849e-01 1.219821132000525020e-02 7.144742330246306494e+01 -9.682721061800472762e-03 -1.027072434425673267e-02 9.999003736045418700e-01 -1.020331321111728196e+00 -2.375253795437727279e-16 -1.061463499513503200e-16 -1.291618465023843126e-17 9.999999999999817923e-01
2.837468683670053005e-01 -9.588496827558029567e-01 -9.746823636917993985e-03 -4.976373405360017443e+01 9.588818800947676024e-01 2.836659503966951767e-01 8.897674494443107499e-03 7.229517687297064299e+01 -5.766690375953652421e-03 -1.187073984746800717e-02 9.999129116167077003e-01 -1.030596679640481739e+00 -2.438956298496026597e-16 -1.022216961642567141e-16 -1.315622787687931803e-17 9.999999999999821254e-01
2.838186140825118553e-01 -9.588293673066284883e-01 -9.656018364018205055e-03 -4.951228401923282973e+01 9.588758962474286385e-01 2.838246341403344863e-01 7.698381247045597321e-04 7.313223943426243068e+01 2.002472477372127437e-03 -9.477417652603681297e-03 9.999530832288268112e-01 -1.024467657697871070e+00 -2.507500160245321928e-16 -9.906956516426664359e-17 -1.336369995628354192e-17 9.999999999999826805e-01
2.834068460115459209e-01 -9.589562373159019604e-01 -9.137535045475899537e-03 -4.926007134611256078e+01 9.589605063764294890e-01 2.834685983046921209e-01 -6.348305709026594648e-03 7.397539080947642276e+01 8.677951607350641722e-03 -6.963381935733974071e-03 9.999381003182852279e-01 -1.023257837196374753e+00 -2.577848064172391946e-16 -9.270066628504031240e-17 -1.349460475077793646e-17 9.999999999999835687e-01
2.835216453561277827e-01 -9.589178762225604169e-01 -9.590791174767318225e-03 -4.900626350258082908e+01 9.589311098463851879e-01 2.835823118173853574e-01 -5.674415654843653622e-03 7.483296770925143448e+01 8.161077342035074830e-03 -7.588088362633023214e-03 9.999379069381476581e-01 -1.021131582176907582e+00 -2.661897440684343434e-16 -8.393772025440133649e-17 -1.360906651978132165e-17 9.999999999999843459e-01
2.837971784180427504e-01 -9.588476020003978695e-01 -8.392714699796096842e-03 -4.875549217291297310e+01 9.588821227293728988e-01 2.838044410434554798e-01 3.375706690419524631e-04 7.569031887627036781e+01 2.058210877686067475e-03 -8.143425690196581454e-03 9.999647235709063775e-01 -1.016013546734552575e+00 -2.747371105029447595e-16 -7.459989120304268649e-17 -1.374492895460281409e-17 9.999999999999851230e-01
2.835415380792425388e-01 -9.589291637310231042e-01 -7.684733551897018553e-03 -4.850598118564393957e+01 9.589462508300444776e-01 2.834855391507402067e-01 7.618209195406406252e-03 7.654961486584400632e+01 -5.126812138700110114e-03 -9.529325180896277073e-03 9.999414521656363464e-01 -1.013672583642168723e+00 -2.840455831613666921e-16 -6.604340986451514782e-17 -1.391923062460272815e-17 9.999999999999857891e-01
2.834212009797988929e-01 -9.589659975333488795e-01 -7.525849455073480021e-03 -4.825610375435245913e+01 9.589527868879187400e-01 2.833257514630996288e-01 1.166495082240980898e-02 7.740337283233093046e+01 -9.054024249343451194e-03 -1.052302868010031485e-02 9.999036406136959654e-01 -1.020044158000350976e+00 -2.927152017593833405e-16 -5.870599333161020525e-17 -1.414618748806411409e-17 9.999999999999864553e-01
2.832433139412238732e-01 -9.590202810130630251e-01 -7.302445699746707049e-03 -4.800447421004005832e+01 9.590036996358357602e-01 2.831487421300147855e-01 1.177683806849534782e-02 7.825630165399343241e+01 -9.226548239548843650e-03 -1.033878308471779771e-02 9.999039855766884699e-01 -1.027938122845827973e+00 -3.009031837475216329e-16 -5.095699044784117342e-17 -1.443201876558749516e-17 9.999999999999873435e-01
2.839582959886839952e-01 -9.587801139148424134e-01 -1.041053796010033873e-02 -4.775763882082299716e+01 9.588169303764043638e-01 2.838661231237138427e-01 9.493058843183585851e-03 7.910465324628724204e+01 -6.146556988713126196e-03 -1.267743286330255160e-02 9.999007463410652941e-01 -1.039190397372663055e+00 -3.105146156490616362e-16 -4.219264695340314047e-17 -1.472587357264240687e-17 9.999999999999884537e-01
2.842538848854800348e-01 -9.586634814371948199e-01 -1.280852396643256987e-02 -4.751061132277877164e+01 9.587420280598247802e-01 2.841753288244013853e-01 7.622736988213374594e-03 7.995132781057040461e+01 -3.667773069295892415e-03 -1.444686284639207403e-02 9.998889116271116873e-01 -1.045422865048113437e+00 -3.195916479035843765e-16 -3.378924779001783660e-17 -1.501273567798382728e-17 9.999999999999893419e-01
2.834539436736074336e-01 -9.588938322914299928e-01 -1.328458540182500536e-02 -4.725590549338916446e+01 9.589809357804763845e-01 2.833809417525620100e-01 7.127879133566007372e-03 8.080856992812242368e+01 -3.070281016545602353e-03 -1.476008959053801486e-02 9.998863501068516735e-01 -1.052070129203118709e+00 -3.290977430216798060e-16 -2.580984408934702367e-17 -1.524297923257533469e-17 9.999999999999903411e-01
2.825123009571480215e-01 -9.591796199232193176e-01 -1.269868228618558845e-02 -4.700415542294196314e+01 9.592541200755252406e-01 2.824256437643626327e-01 8.202978868767149892e-03 8.166498364339555849e+01 -4.281696633959747311e-03 -1.449870573747414140e-02 9.998857207731888241e-01 -1.053578733712458471e+00 -3.385658963461207257e-16 -1.545492014099264925e-17 -1.542691485848040542e-17 9.999999999999915623e-01
2.824579591188918215e-01 -9.591820800457018237e-01 -1.368351744054458613e-02 -4.675620796892678754e+01 9.592453865196214347e-01 2.822985144822282577e-01 1.248347555175722580e-02 8.252399767649482953e+01 -8.111089399589521340e-03 -1.665190800326438181e-02 9.998284473792753424e-01 -1.060378150991085011e+00 -3.480969630983525062e-16 -5.799427328750681773e-18 -1.562725999456373563e-17 9.999999999999928946e-01
2.822305952680873031e-01 -9.592371489250250960e-01 -1.449079765782696795e-02 -4.650587241556671358e+01 9.592981950455869988e-01 2.820324317866965691e-01 1.430665588663342785e-02 8.337376097360437655e+01 -9.636600901392825338e-03 -1.793877204510549439e-02 9.997926466927202771e-01 -1.067192137569588306e+00 -3.560576433547953708e-16 3.971934232849618752e-18 -1.575628141665710004e-17 9.999999999999943379e-01
2.812182826974840011e-01 -9.595579526433359874e-01 -1.283795137675122940e-02 -4.625099922756164972e+01 9.596000239145314747e-01 2.810524613423912577e-01 1.331570788604926475e-02 8.422993829998199544e+01 -9.169055564118289148e-03 -1.606391895276215731e-02 9.998289248307425936e-01 -1.076508987492268199e+00 -3.632889350174209351e-16 1.471596463058852471e-17 -1.592662143535945934e-17 9.999999999999958922e-01
2.805866290541167984e-01 -9.597136156601152601e-01 -1.486336141577106543e-02 -4.601102405064604284e+01 9.597980902487999177e-01 2.804203544772847501e-01 1.233088599727768554e-02 8.508160857293573542e+01 -7.666130107819777578e-03 -1.772570763676379127e-02 9.998134974775083617e-01 -1.092740287047221592e+00 -3.716176242712698156e-16 2.437450369948296088e-17 -1.614298084107978247e-17 9.999999999999973355e-01
2.798847104187653922e-01 -9.599138824414801263e-01 -1.516203053235205302e-02 -4.576248334336502666e+01 9.600083124100892151e-01 2.797277552726838978e-01 1.168002711985655084e-02 8.593983768587780503e+01 -6.970579413467339544e-03 -1.782473635220070338e-02 9.998168281224724119e-01 -1.110086423237192310e+00 -3.794430665858766099e-16 3.470041477111832027e-17 -1.630158453083119120e-17 9.999999999999987788e-01
2.784758059798963514e-01 -9.603864076424291074e-01 -1.044861232168435225e-02 -4.550861676202794825e+01 9.604283269375202270e-01 2.783943683747047149e-01 8.602585258112589728e-03 8.678180965288744630e+01 -5.352971124805478223e-03 -1.243075511420264380e-02 9.999084068191935737e-01 -1.104742855442658822e+00 -3.869993601896421558e-16 4.403333568791788281e-17 -1.648903814833372742e-17 1.000000000000000000e+00
2.770719769234538110e-01 -9.607428755338139892e-01 -1.429149098855403421e-02 -4.527157983622441861e+01 9.608485998060291022e-01 2.770250181084989438e-01 5.206495236974442026e-03 8.762781055611134207e+01 -1.043002655538756863e-03 -1.517453303364924531e-02 9.998843161550968750e-01 -1.100652752353517894e+00 -3.979134838587780566e-16 5.514738625659629074e-17 -1.669569608377190834e-17 1.000000000000001110e+00
2.764489503069300635e-01 -9.607635370484460813e-01 -2.256997457423396206e-02 -4.503630340676404842e+01 9.610203499263509919e-01 2.764676643536129741e-01 2.348955972368366608e-03 8.848194271159611901e+01 3.983076906659771890e-03 -2.233957127604287510e-02 9.997425061753838493e-01 -1.114468826422175596e+00 -4.071478006217555836e-16 6.344003454759731320e-17 -1.687831367333305339e-17 1.000000000000002442e+00
2.750632370481647104e-01 -9.611510724289262786e-01 -2.299633869192675359e-02 -4.480458544907026663e+01 9.614121321152216959e-01 2.751096364597799826e-01 1.183278705149726218e-03 8.932872103563742883e+01 5.189204780989102594e-03 -2.243443548362362636e-02 9.997348489767451385e-01 -1.112794012278286226e+00 -4.166568767606531034e-16 7.112751285487922327e-17 -1.698212760537564491e-17 1.000000000000003553e+00
2.737639408701225130e-01 -9.615465905721423123e-01 -2.194217031815533930e-02 -4.456480573684757474e+01 9.617935858244834879e-01 2.737517629014058484e-01 3.615325035385827043e-03 9.018298610970256846e+01 2.530404344876121571e-03 -2.209358430028950798e-02 9.997527047159737723e-01 -1.101136330796333995e+00 -4.243830861207754051e-16 7.731396148311911586e-17 -1.712769212939430225e-17 1.000000000000004663e+00
2.732717618176180308e-01 -9.617514343431831092e-01 -1.888710490908434084e-02 -4.432588943005210780e+01 9.619352150382347588e-01 2.731821770792577930e-01 7.220816812059699559e-03 9.103631327813431540e+01 -1.785010488357270707e-03 -2.014141665416904758e-02 9.997955476361216620e-01 -1.091362245148695731e+00 -4.288729776605624921e-16 8.055922287125491581e-17 -1.735901048089850675e-17 1.000000000000005773e+00
2.722554094075388953e-01 -9.620273592149056752e-01 -1.950261957400644189e-02 -4.409460269130860155e+01 9.622162051643662339e-01 2.721102246842095895e-01 9.797966178775653970e-03 9.189233556927241864e+01 -4.119049334448697530e-03 -2.143328589063335857e-02 9.997617954737063606e-01 -1.093100181467122622e+00 -4.329964146301268760e-16 8.418518939241883439e-17 -1.763976899781323023e-17 1.000000000000006661e+00
2.713011330387928299e-01 -9.623331124808821579e-01 -1.762599882683811917e-02 -4.386502744654151797e+01 9.624810846227371819e-01 2.711551030309267696e-01 1.025045577357655904e-02 9.274467782407356253e+01 -5.084973481037991135e-03 -1.974565073395493850e-02 9.997921045507878191e-01 -1.102838308607421158e+00 -4.386874242991506841e-16 8.751955280526519332e-17 -1.793794449553812697e-17 1.000000000000007327e+00
2.698735515910473115e-01 -9.627919532178534912e-01 -1.413934123295099848e-02 -4.362823717608451801e+01 9.628746206822855758e-01 2.697412000076822025e-01 1.059008329496273840e-02 9.359724333342643376e+01 -6.382084108822702259e-03 -1.647239621683789165e-02 9.998439524073808871e-01 -1.115373108301681127e+00 -4.453127828846291755e-16 9.324933837442272633e-17 -1.819705076692000234e-17 1.000000000000007772e+00
2.689882447132688759e-01 -9.630390969823344749e-01 -1.417821883879588456e-02 -4.340229740630195465e+01 9.631072221866917582e-01 2.688212830420163568e-01 1.263314510747630577e-02 9.444859126243598269e+01 -8.354805676875678641e-03 -1.705331248906154576e-02 9.998196746191621020e-01 -1.119690437427960816e+00 -4.509276237406279840e-16 9.757209376364744754e-17 -1.855022886091227126e-17 1.000000000000007994e+00
2.686655663992801868e-01 -9.630455029437445802e-01 -1.903083527068258687e-02 -4.318297986864606486e+01 9.631979164753482481e-01 2.684333264283159104e-01 1.390406271557604462e-02 9.529869551887746582e+01 -8.281734654484430858e-03 -2.206600376624297602e-02 9.997222135919663355e-01 -1.118087479177706678e+00 -4.536433546213917295e-16 1.036114107114057851e-16 -1.892647667176716986e-17 1.000000000000007994e+00
2.684440771116699542e-01 -9.630056314450330390e-01 -2.362056876396874047e-02 -4.296564819340560604e+01 9.632672242241461236e-01 2.681684390890405889e-01 1.421066542671034841e-02 9.615044474470769842e+01 -7.350659776693562603e-03 -2.656768867348344512e-02 9.996199906563099091e-01 -1.120930763797614915e+00 -4.555320160720320533e-16 1.109619487877034607e-16 -1.928673606917668741e-17 1.000000000000008216e+00
2.688256953905664437e-01 -9.628337120610516164e-01 -2.615317220591341363e-02 -4.273866036543878266e+01 9.631754451899559033e-01 2.685796312717798062e-01 1.257153327372721556e-02 9.699967195064570546e+01 -5.080086700609305096e-03 -2.856964445699957875e-02 9.995788954029812823e-01 -1.130172257015370496e+00 -4.583409946573229517e-16 1.237871048580663853e-16 -1.949347510952106332e-17 1.000000000000008438e+00
2.703184084638042828e-01 -9.623760065047528567e-01 -2.757499137769789041e-02 -4.250515322540549334e+01 9.627591842411225009e-01 2.700624295789256224e-01 1.269004685163669689e-02 9.784508433441133946e+01 -4.765627444376498850e-03 -2.997842947251776538e-02 9.995391851056951715e-01 -1.144614760874431925e+00 -4.624048253802285886e-16 1.341048476365845010e-16 -1.973618765772772185e-17 1.000000000000008660e+00
