1 0 0 0 0 1 0 0 0 0 1 0
0.99987624 0.000778995 0.015712701 -0.0099140873 -0.00076495443 0.9999993 -0.00089957477 -0.0026450017 -0.015713392 0.00088744398 0.99987614 0.10415864
0.9993154 0.0030784036 0.036868012 0.0015397327 -0.003053975 0.99999508 -0.00071889749 0.0030850559 -0.036870047 0.00060581138 0.99931989 0.25338057
0.99795827 0.0050388724 0.063670312 0.047862927 -0.00509841 0.9999867 0.0007726476 0.0026411631 -0.063665578 -0.0010956874 0.99797069 0.4079237
0.99528976 0.0044398808 0.096843034 0.095382812 -0.0047409065 0.99998462 0.0028785018 0.0058202808 -0.096828773 -0.0033240672 0.9952955 0.58810089
0.99092247 0.001348172 0.13442779 0.16556635 -0.0020241433 0.99998599 0.0048919641 0.00027830997 -0.13441932 -0.0051196582 0.99091132 0.7841002
0.98476991 -0.0018348898 0.17385297 0.22366573 0.00083322185 0.99998263 0.0058343905 -0.007197079 -0.17386067 -0.0056006741 0.98475434 0.96504271
0.97605476 -0.0022533952 0.21751326 0.3272896 0.00077240359 0.99997594 0.0068935236 -0.0030896606 -0.21752358 -0.0065604484 0.97603302 1.1817252
0.96408374 -0.0021170088 0.26559002 0.42571842 -0.00047524962 0.99995288 0.0096957311 0.0064777399 -0.26559805 -0.0094737182 0.96403731 1.3864928
0.94996973 -0.0060256407 0.31228383 0.5353239 0.00080972868 0.99985805 0.016829458 0.011571261 -0.31234093 -0.015734611 0.94983976 1.6256366
0.93265317 -0.015628964 0.36043557 0.68664549 0.007104589 0.99966313 0.02496308 -0.00088210767 -0.36070432 -0.020721149 0.93245002 1.8285182
0.91189558 -0.021501872 0.40985863 0.83747529 0.010035319 0.99949628 0.030107645 -0.0010972903 -0.41029959 -0.023341966 0.91165203 2.0560989
0.88698136 -0.023404631 0.46121174 1.0212252 0.0087405349 0.99938682 0.033905443 0.0023041356 -0.46172252 -0.026042259 0.88664206 2.2904633
0.85826312 -0.025291124 0.51258634 1.1933941 0.0064634893 0.99923845 0.038480326 0.018448591 -0.51316924 -0.029713148 0.85777298 2.5087052
0.82640708 -0.030709952 0.56223501 1.4286638 0.0079314747 0.99904741 0.042911009 0.020164353 -0.56301727 -0.031002609 0.82586344 2.7291505
0.79054294 -0.036467455 0.61131984 1.6648794 0.010242537 0.99887316 0.04634104 0.025749768 -0.61232098 -0.030373116 0.79002565 2.9531753
0.75295569 -0.040889686 0.65679961 1.9233353 0.011249453 0.99872165 0.049279985 0.035403587 -0.65797509 -0.029717009 0.75245313 3.1580467
0.71266119 -0.044129668 0.70011896 2.2097142 0.012232944 0.99864942 0.050494452 0.047507316 -0.70140176 -0.02742092 0.71223852 3.3915187
0.6710677 -0.045937189 0.73997153 2.504436 0.011433869 0.99860115 0.051623647 0.060877478 -0.74130793 -0.026182224 0.67065422 3.5918044
0.62876322 -0.04644217 0.77620866 2.8387892 0.0072507238 0.99852162 0.053870209 0.084800271 -0.77756305 -0.028243531 0.62817041 3.804452
0.58764322 -0.04723768 0.80774005 3.184608 0.0043094746 0.99846291 0.05525619 0.099194636 -0.80910872 -0.02898999 0.58694353 4.0200544
0.54733854 -0.048229697 0.83552042 3.5484694 0.0019542799 0.99840905 0.05635208 0.120208 -0.83690906 -0.029210824 0.546562 4.2201266
0.50861337 -0.050989348 0.85948384 3.9692906 0.0014068425 0.99829276 0.05839174 0.13505592 -0.86099392 -0.028489661 0.50781677 4.4178014
0.47106285 -0.05064987 0.88064426 4.3992887 -0.0017979086 0.99829293 0.058378095 0.1558291 -0.88209785 -0.029083069 0.47016765 4.6250442
0.43542041 -0.049795287 0.89884895 4.8629803 -0.003106557 0.99837994 0.056814077 0.18022902 -0.90022191 -0.027530334 0.43456031 4.8216556
0.40089124 -0.048694876 0.91483056 5.3410345 -0.0016130682 0.99854731 0.053857844 0.20000932 -0.91612427 -0.023066821 0.40023032 4.9925887
0.37163074 -0.047129378 0.92718355 5.8781922 0.00027867647 0.99871624 0.050653735 0.2253188 -0.92838063 -0.0185661 0.37116679 5.184495
0.3457404 -0.045324021 0.93723489 6.3955267 0.0011407341 0.9988523 0.047882985 0.24655494 -0.93832955 -0.015485946 0.34539529 5.3383576
0.3259697 -0.044691689 0.94432321 6.9866732 0.0024366655 0.99891837 0.046434387 0.27319887 -0.94537712 -0.012835203 0.32572602 5.5361695
0.31054153 -0.045144203 0.94948717 7.5884884 0.0034312142 0.99891834 0.04637223 0.29709658 -0.95055366 -0.011142609 0.31036053 5.719605
0.29924512 -0.046774295 0.95302909 8.1808444 0.0046828469 0.99885773 0.047553162 0.31426497 -0.95416482 -0.0097671615 0.29912233 5.9123938
0.28839887 -0.048716979 0.95627019 8.8079778 0.0037756251 0.99875493 0.049742674 0.34502395 -0.95750296 -0.010735213 0.28822373 6.086897
0.27799653 -0.050202687 0.95926927 9.4907982 0.0016881673 0.99865736 0.051774803 0.37161992 -0.96058064 -0.012773808 0.27770803 6.2889408
0.26772914 -0.052085349 0.96208531 10.174752 0.0010183132 0.99855249 0.053776232 0.40354148 -0.96349372 -0.013417759 0.26739463 6.4798696
0.25667206 -0.053884866 0.96499523 10.89467 0.00049543979 0.99845182 0.055621287 0.43099256 -0.96649847 -0.013798333 0.25630138 6.6870228
0.24705995 -0.055452601 0.96741217 11.627924 9.6300637e-05 0.99836261 0.057202104 0.46143917 -0.96900023 -0.014039186 0.24666076 6.8649285
0.23654855 -0.056914121 0.96995128 12.374713 -0.00059212899 0.99827429 0.058720444 0.49132603 -0.97161953 -0.014464572 0.23610663 7.0358878
0.22663766 -0.059846414 0.97213872 13.149131 -0.001455105 0.99808854 0.061783159 0.52761111 -0.9739781 -0.015416954 0.22611736 7.2321735
0.21606886 -0.063429228 0.97431561 13.93194 -0.0038623799 0.99782429 0.065816213 0.5698319 -0.97637053 -0.017984011 0.21535377 7.3943788
0.20263536 -0.067108096 0.97695206 14.736744 -0.0036377949 0.9975906 0.069280319 0.61002201 -0.97924755 -0.017592593 0.20190301 7.5636811
0.18930163 -0.069515765 0.97945514 15.498616 -0.0052182124 0.99740552 0.071798309 0.64606612 -0.98190516 -0.018702541 0.18844774 7.7047308
0.17553275 -0.070259524 0.98196322 16.314228 -0.0053410027 0.99736744 0.072316437 0.68627872 -0.98445914 -0.017938571 0.1746954 7.8558297
0.16054243 -0.069248607 0.98459671 17.118163 -0.0073403678 0.9974245 0.071347685 0.72497632 -0.98700169 -0.018681632 0.15962064 7.9837185
0.14423276 -0.068406837 0.98717644 17.92162 -0.0080454882 0.99749364 0.070297268 0.76699469 -0.98951112 -0.018081485 0.1433209 8.1105629
0.12527918 -0.066745421 0.98987378 18.728758 -0.010650998 0.99758646 0.068613471 0.80265722 -0.9920644 -0.019138982 0.1242659 8.2111197
0.09844532 -0.065399501 0.99299111 19.553198 -0.014923626 0.99762895 0.067184485 0.84305826 -0.9950306 -0.021433026 0.097235902 8.3055127
0.069209045 -0.064896206 0.99548908 20.38786 -0.019144503 0.9976117 0.066365556 0.88033548 -0.99741851 -0.02365124 0.067801345 8.3587791
0.036809701 -0.06470022 0.99722557 21.225117 -0.021963478 0.99760847 0.06553578 0.92166567 -0.99908095 -0.024314894 0.035300626 8.3527558
0.0022556692 -0.063912584 0.99795291 22.068972 -0.022865823 0.99769127 0.063947511 0.95789631 -0.99973604 -0.022963259 0.00078904605 8.3604436
-0.03143367 -0.062997162 0.99751852 22.93158 -0.024665841 0.99775669 0.062234937 0.98970022 -0.99920148 -0.022648361 -0.032917034 8.33006
-0.06508821 -0.060825999 0.99602391 23.75114 -0.026644173 0.99789057 0.059198848 1.0187152 -0.99752378 -0.022685086 -0.066571571 8.262856
-0.096084018 -0.057799398 0.99369362 24.588483 -0.029092549 0.9980492 0.055239676 1.0581206 -0.99494802 -0.02360143 -0.097578111 8.1870039
-0.13057306 -0.05338523 0.99000031 25.455854 -0.026872215 0.99837295 0.050292492 1.0799831 -0.99107449 -0.020036656 -0.13179519 8.0611403
-0.16082014 -0.047686703 0.98583101 26.279809 -0.02183887 0.9987595 0.044749473 1.1014192 -0.98674213 -0.014332819 -0.16166207 7.9220411
-0.19365155 -0.041265872 0.98020208 27.10802 -0.016420176 0.99911138 0.038817924 1.1137003 -0.98093299 -0.0085779387 -0.19415706 7.7308227
-0.22166196 -0.035576688 0.97447432 27.927551 -0.009947094 0.99936473 0.034222754 1.1313199 -0.97507287 -0.002107304 -0.22187503 7.5429384
-0.24878461 -0.029150979 0.96812001 28.737443 -0.0017866266 0.99955909 0.029638517 1.1451847 -0.96855723 0.0056439387 -0.248727 7.3236827
-0.27484952 -0.019138559 0.96129672 29.53331 0.0045185331 0.99976512 0.02119635 1.1419564 -0.96147668 0.010169459 -0.27469849 7.0769044
-0.30026019 -0.0036901522 0.95385016 30.3472 0.0094145682 0.99993234 0.0068320199 1.1303943 -0.95381092 0.011031472 -0.30020513 6.7857944
-0.32541388 0.01329779 0.94547813 31.112916 0.010088579 0.99989302 -0.010590835 1.111118 -0.9455179 0.0060921266 -0.32551323 6.513509
-0.35156437 0.02780596 0.93575063 31.862491 0.0093409692 0.99961323 -0.026194214 1.0847609 -0.93611715 -0.00046813367 -0.35168813 6.2278159
-0.37634529 0.03875436 0.92566854 32.647036 0.012914411 0.99924712 -0.036584265 1.0433956 -0.9263895 -0.0018138511 -0.37656244 5.9069229
-0.40068407 0.043612458 0.91517767 33.423689 0.016759921 0.99904821 -0.04027143 0.9964358 -0.91606302 -0.00079781395 -0.40103364 5.5684639
-0.42289037 0.04281303 0.90516888 34.146299 0.019431718 0.99908206 -0.038176569 0.94904177 -0.90597252 0.001444484 -0.42333412 5.2146899
-0.44279965 0.039363191 0.89575607 34.88645 0.023180989 0.9992045 -0.032450065 0.90904678 -0.89632091 0.0063956346 -0.44335989 4.8343642
-0.46153558 0.038547959 0.88628376 35.636973 0.030732412 0.99915057 -0.027452961 0.87023157 -0.88658925 0.014567121 -0.46232821 4.448432
-0.47459191 0.039052413 0.87933916 36.325051 0.034214246 0.99907875 -0.025904261 0.82199095 -0.87954077 0.017791975 -0.47549084 4.0388016
-0.48462393 0.042546581 0.87368723 37.033746 0.037149486 0.99891629 -0.028038572 0.77543901 -0.87393342 0.01886887 -0.48567932 3.6439243
-0.49519632 0.045358335 0.8675962 37.736564 0.038637661 0.9987979 -0.030164473 0.73420965 -0.86792154 0.018584553 -0.49635358 3.2385499
-0.50513869 0.044522601 0.86188896 38.409776 0.032374495 0.99894309 -0.032628256 0.68507848 -0.86243079 0.011421427 -0.5060462 2.846498
-0.5170671 0.043172191 0.85485537 39.102833 0.030919978 0.99901745 -0.031750479 0.65678869 -0.85538624 0.010014982 -0.51789394 2.4331915
-0.52538176 0.04479478 0.84968663 39.768705 0.033078862 0.9989336 -0.032209498 0.61413301 -0.85022342 0.011184386 -0.52630325 2.0056632
-0.53265617 0.048041053 0.8449671 40.453044 0.03691345 0.9987563 -0.033515065 0.56895108 -0.84552638 0.013338646 -0.53376706 1.5712901
-0.5367919 0.051149793 0.84216275 41.149725 0.037679631 0.99861809 -0.036635422 0.5304543 -0.84287292 0.012066785 -0.53797741 1.1391961
-0.53586824 0.052830893 0.84264706 41.861537 0.036712106 0.99855442 -0.039259224 0.48419843 -0.84350312 0.0098975781 -0.53703313 0.68059438
-0.53259955 0.053588386 0.84466913 42.583271 0.039321951 0.99848259 -0.03855263 0.44552164 -0.84545347 0.012680926 -0.53389858 0.22375512
-0.52675446 0.05239881 0.84840087 43.330668 0.03792438 0.99855303 -0.038126026 0.39712765 -0.84917109 0.012092023 -0.52797946 -0.2308796
-0.51990274 0.051258841 0.85268612 44.085099 0.035780384 0.99862871 -0.038215973 0.35718027 -0.85347582 0.010640849 -0.52102386 -0.6855716
-0.5129797 0.05060471 0.85690777 44.874914 0.03359327 0.99867956 -0.038866754 0.3047524 -0.85774319 0.0088484793 -0.51400232 -1.1332036
-0.50663287 0.049110304 0.86076202 45.682094 0.030764706 0.99877032 -0.038876601 0.26038707 -0.86161286 0.0067849273 -0.50752074 -1.6039388
-0.50174869 0.047150259 0.86372741 46.501724 0.02684996 0.99888111 -0.038930766 0.21232441 -0.86459666 0.0036575861 -0.50245327 -2.061617
-0.5010804 0.043748918 0.86429416 47.330888 0.021631934 0.99904249 -0.038028359 0.16434277 -0.86513037 -0.00035891078 -0.50154699 -2.5273745
-0.50069755 0.041828012 0.86461108 48.182954 0.01900645 0.99912228 -0.037328708 0.10956063 -0.86541365 -0.002257205 -0.50105308 -3.0129644
-0.5013279 0.040341484 0.8643164 49.044706 0.017278346 0.99918009 -0.036614241 0.058923956 -0.86508488 -0.0034217824 -0.50161389 -3.4968388
-0.50255039 0.039878471 0.86362767 49.89661 0.017685216 0.99920078 -0.035847492 0.015342547 -0.86436705 -0.0027417282 -0.502854 -3.9904252
-0.50244427 0.039154369 0.86372254 50.785948 0.017311737 0.9992294 -0.035226605 -0.034836015 -0.8644363 -0.0027468678 -0.50273492 -4.4955891
-0.5018246 0.038615919 0.86410695 51.680651 0.017470478 0.99925166 -0.034509507 -0.09101101 -0.86479299 -0.0022213579 -0.50212371 -5.0152368
-0.50314571 0.037951979 0.86336781 52.548495 0.017263287 0.99927728 -0.033865752 -0.14577393 -0.86402919 -0.0021348409 -0.50343725 -5.5177802
-0.50246949 0.036668113 0.86381699 53.466143 0.015568905 0.999322 -0.033363954 -0.19325984 -0.86445479 -0.0033156834 -0.5026997 -6.030494
-0.50310003 0.035929093 0.86348098 54.354066 0.014951285 0.99934776 -0.032871211 -0.25204126 -0.86409889 -0.0036273558 -0.50330907 -6.5433861
-0.5023508 0.035380645 0.86393971 55.253398 0.014206434 0.99936535 -0.032666141 -0.29960087 -0.86454723 -0.0041363586 -0.50253462 -7.0527299
-0.50139255 0.034020306 0.86455079 56.138964 0.013761734 0.99941385 -0.031346143 -0.35569735 -0.86511051 -0.0038190041 -0.50156684 -7.5557305
-0.49925116 0.031479587 0.86588524 57.029011 0.013909583 0.9995022 -0.028317309 -0.41123291 -0.86634569 -0.0020933467 -0.49944051 -8.0772506
-0.4966513 0.030463649 0.86741535 57.919827 0.014617677 0.9995357 -0.026734154 -0.46177039 -0.8678271 -0.00059795426 -0.49686601 -8.5750007
-0.49440291 0.030120997 0.86871078 58.820078 0.014605045 0.9995462 -0.02634542 -0.51491416 -0.86911019 -0.00033769102 -0.49461847 -9.0674404
-0.4929115 0.030418791 0.86954752 59.707268 0.015426273 0.99953712 -0.026221594 -0.56111963 -0.86994273 0.00048895329 -0.49315259 -9.5716719
-0.49088141 0.031345478 0.8706623 60.606104 0.015634775 0.99950857 -0.027169262 -0.61239934 -0.87108614 0.00027572449 -0.49113026 -10.070165
-0.49225909 0.032454907 0.86984343 61.486634 0.014785928 0.99947225 -0.028923907 -0.6615794 -0.87032317 -0.0013766126 -0.49247918 -10.556373
-0.494685 0.034141048 0.86840145 62.370315 0.013275311 0.99940833 -0.031729276 -0.71707193 -0.86897099 -0.0041676968 -0.49484554 -11.043242
-0.4991282 0.034841437 0.86582738 63.245928 0.012151459 0.99937451 -0.033210438 -0.77260419 -0.86644299 -0.0060551995 -0.49923937 -11.540621
-0.50510055 0.03319437 0.86242189 64.119869 0.011900923 0.99943297 -0.03149779 -0.82048222 -0.86297849 -0.0056459333 -0.50520918 -12.042866
-0.50989026 0.03128645 0.8596703 64.980155 0.015340989 0.9995102 -0.027276624 -0.87924687 -0.86010269 -0.00071989213 -0.51012048 -12.560735
-0.51557315 0.029093175 0.85635148 65.838556 0.012556727 0.99957262 -0.026399007 -0.92752692 -0.85675359 -0.0028576465 -0.51571812 -13.059585
-0.5202083 0.031360079 0.85346342 66.690214 0.013527532 0.9995028 -0.028480836 -0.97883935 -0.85393231 -0.0032707128 -0.52037388 -13.586543
-0.5252505 0.034323276 0.85025511 67.520197 0.014568093 0.99940247 -0.031344554 -1.0267939 -0.85082298 -0.004077147 -0.52543668 -14.098548
-0.53018394 0.034055565 0.84719841 68.354758 0.012637688 0.99939945 -0.032264947 -1.0816499 -0.8477885 -0.0063997269 -0.53029592 -14.609817
-0.53398309 0.034948331 0.84477252 69.184764 0.012054082 0.99935848 -0.033724149 -1.1369614 -0.84540926 -0.0078251671 -0.5340618 -15.120937
-0.53720688 0.033889151 0.84276938 70.006972 0.0117127 0.99939588 -0.032721329 -1.1929773 -0.84336922 -0.0077070174 -0.53727928 -15.647391
-0.54013601 0.026908898 0.84114739 70.835019 0.013400979 0.99963697 -0.02337376 -1.2431806 -0.84147107 -0.0013528108 -0.54030054 -16.171122
-0.54162631 0.019359548 0.84039639 71.652653 0.014178899 0.99980294 -0.013893524 -1.2816133 -0.84049983 0.0043907989 -0.54179408 -16.704146
-0.54370563 0.016196132 0.83911967 72.478119 0.01421818 0.99984805 -0.010085767 -1.3148425 -0.83915558 0.0064470668 -0.54385329 -17.226438
-0.5448708 0.022147372 0.83822744 73.281541 0.014810589 0.99974938 -0.016787762 -1.3508808 -0.83838924 0.0032674812 -0.54506226 -17.741939
-0.54604637 0.027239166 0.83731197 74.081932 0.015144113 0.9996289 -0.022643493 -1.3958761 -0.8376181 0.0003159509 -0.54625624 -18.260089
-0.54645191 0.032301615 0.83686729 74.880806 0.021286993 0.99946879 -0.024677913 -1.432967 -0.83721994 0.0043290962 -0.54684923 -18.785799
-0.54594168 0.033413044 0.83715661 75.6749 0.024883362 0.9994103 -0.023661613 -1.4739185 -0.83745362 0.0079134112 -0.54645116 -19.31519
-0.54588297 0.030688395 0.8372992 76.47244 0.024870801 0.99948214 -0.020417976 -1.5155981 -0.83749226 0.009678477 -0.54636353 -19.828702
-0.54585075 0.025104796 0.83750621 77.271665 0.022490338 0.99962988 -0.015306317 -1.5482888 -0.83758057 0.010480834 -0.54621333 -20.339507
-0.54483967 0.019510559 0.83831319 78.069515 0.021112155 0.99973154 -0.0095460513 -1.578971 -0.83827446 0.012497532 -0.54510531 -20.852118
-0.54440318 0.01285928 0.83872508 78.873268 0.011691176 0.99990169 -0.0077418709 -1.6181838 -0.83874224 0.0055909842 -0.5445 -21.357942
-0.54274058 0.0077731175 0.83986438 79.680894 0.0035968213 0.99996951 -0.0069305695 -1.6392213 -0.83989272 -0.00074065844 -0.54275199 -21.854747
-0.54089956 0.0081280532 0.84104788 80.47745 0.0066450237 0.99996339 -0.005390257 -1.6627179 -0.84106098 0.0026731963 -0.54093377 -22.364239
-0.5381006 0.011563954 0.84280126 81.266022 0.012084717 0.99990895 -0.0060039152 -1.6948113 -0.84279402 0.0069543048 -0.53819136 -22.869136
-0.53210313 0.014947175 0.84654756 82.056565 0.013169948 0.99986931 -0.0093762602 -1.7239261 -0.84657715 0.006159851 -0.53223045 -23.365338
-0.52458686 0.017062354 0.8511859 82.848892 0.018362681 0.99979333 -0.0087243048 -1.7477796 -0.85115891 0.011053401 -0.52479176 -23.85525
-0.5170507 0.01944941 0.85573374 83.643485 0.025292042 0.99965243 -0.0074385072 -1.7870473 -0.85558106 0.017797169 -0.5173629 -24.341689
-0.50675033 0.019544071 0.86187126 84.454647 0.024726007 0.9996612 -0.0081306069 -1.810267 -0.86173824 0.017190448 -0.50706189 -24.812024
-0.49677177 0.016607403 0.86772227 85.261069 0.020296295 0.99976577 -0.0075149456 -1.8353307 -0.8676439 0.013878335 -0.49699248 -25.25873
-0.48445529 0.013874579 0.87470595 86.082773 0.021929862 0.99975262 -0.0037122284 -1.8589085 -0.87454114 0.017383773 -0.48463972 -25.706831
-0.47322912 0.0124435 0.88085146 86.906588 0.021491655 0.99976571 -0.0025771734 -1.8840262 -0.88067722 0.017711363 -0.47338568 -26.140425
-0.46224396 0.011277689 0.88668104 87.73144 0.020950525 0.9997789 -0.0017942662 -1.9039045 -0.88650531 0.017747046 -0.46237803 -26.555771
-0.44945889 0.013597817 0.89319748 88.558353 0.025317768 0.99967638 -0.0024788696 -1.9238617 -0.8929422 0.021499618 -0.44965771 -26.970406
-0.43746497 0.016420019 0.89908549 89.380415 0.024275445 0.99968453 -0.0064456399 -1.9552346 -0.89890776 0.01900596 -0.43772557 -27.362273
-0.42690079 0.025895554 0.90392758 90.207071 0.026418922 0.99952038 -0.016157129 -1.980934 -0.90391251 0.016983302 -0.42738017 -27.750185
-0.4136176 0.030854143 0.90992771 91.040862 0.026465964 0.99941072 -0.021857969 -2.0133251 -0.91006599 0.015041274 -0.41419045 -28.117132
-0.4025432 0.027413171 0.91499039 91.885888 0.024160058 0.99952146 -0.019316689 -2.0445423 -0.91508215 0.01433042 -0.40301287 -28.482263
-0.39050924 0.024033932 0.92028519 92.732534 0.025402526 0.99955983 -0.015325066 -2.0844386 -0.92024851 0.01739299 -0.39094787 -28.830633
-0.38069402 0.023693061 0.92439744 93.579782 0.020791613 0.99963829 -0.017058947 -2.1239873 -0.92446733 0.012725475 -0.38104893 -29.16133
-0.37435317 0.029331935 0.92682213 94.419478 0.018303422 0.99953859 -0.02424031 -2.1577297 -0.92710558 0.0078895806 -0.37471732 -29.49835
-0.36866044 0.033657551 0.92895456 95.262272 0.010057515 0.99943021 -0.032219621 -2.2007302 -0.92950976 -0.0025351243 -0.3687889 -29.810849
-0.36485527 0.035745623 0.93037778 96.106347 0.0070575042 0.99934022 -0.035627538 -2.2465412 -0.93103754 -0.0064327492 -0.36486682 -30.12873
-0.36228535 0.035608123 0.93138677 96.944269 0.006093402 0.99933911 -0.035835852 -2.2955525 -0.93204735 -0.0073074894 -0.3622629 -30.457662
-0.35705825 0.035301093 0.93341479 97.802942 0.0051899302 0.99934517 -0.035809233 -2.3473851 -0.93406774 -0.0079416242 -0.35700765 -30.776654
-0.35198398 0.03145093 0.93547744 98.631638 0.0031050816 0.99946906 -0.032434017 -2.3937543 -0.93600091 -0.0085115198 -0.35189476 -31.082769
-0.34626524 0.028186396 0.93771309 99.501823 0.0042376996 0.99958534 -0.028481354 -2.4387098 -0.93812712 -0.0058883559 -0.34624111 -31.396233
-0.34036216 0.025072072 0.93996006 100.35077 0.0023679484 0.99966414 -0.02580715 -2.4828481 -0.94029148 -0.0065579997 -0.34030722 -31.693568
-0.33532981 0.024193288 0.94179006 101.18422 -0.0014283985 0.99965601 -0.026188372 -2.5267202 -0.94209976 -0.010126993 -0.3351799 -31.978466
-0.32861234 0.023857562 0.94416348 102.04378 -0.012282988 0.99948841 -0.029530582 -2.5638369 -0.94438505 -0.021301262 -0.32815119 -32.252639
-0.32176929 0.02716046 0.94642842 102.89299 -0.011049543 0.99941268 -0.032437646 -2.614721 -0.94675367 -0.020895039 -0.3212802 -32.526283
-0.31534384 0.03114697 0.94846616 103.7438 -0.0087513681 0.99932328 -0.035726715 -2.6625259 -0.94893717 -0.019566576 -0.31485787 -32.812912
-0.30865055 0.028960739 0.95073447 104.59812 -0.011417006 0.99935157 -0.03414815 -2.7088015 -0.95110702 -0.021394386 -0.30811976 -33.080831
-0.30161269 0.024065093 0.95312674 105.4508 -0.012007481 0.99950625 -0.029035821 -2.7515718 -0.95335496 -0.020202222 -0.3011748 -33.336276
-0.29483139 0.02136414 0.95531039 106.30725 -0.011865328 0.9995911 -0.026016334 -2.7933816 -0.95547566 -0.019005503 -0.29445735 -33.592917
-0.28811753 0.024165174 0.95729006 107.16141 -0.014142558 0.99946513 -0.029486325 -2.840293 -0.95749065 -0.022034057 -0.28762167 -33.841339
-0.28170806 0.027116025 0.95911689 108.02835 -0.014445075 0.99936745 -0.032496732 -2.8849839 -0.95939147 -0.023009106 -0.28113818 -34.087694
-0.27503668 0.027933678 0.96102781 108.87336 -0.015967363 0.99930726 -0.033616026 -2.9265492 -0.96130117 -0.02459072 -0.27440012 -34.317597
-0.26798613 0.026835726 0.96304891 109.75482 -0.016652728 0.99933362 -0.03248074 -2.9760067 -0.96327888 -0.024741778 -0.26736066 -34.551337
-0.26049974 0.026739733 0.96510351 110.60102 -0.013663872 0.99941417 -0.031378501 -3.021046 -0.96537726 -0.021361142 -0.25998177 -34.776127
-0.25269147 0.028110929 0.96713842 111.4661 -0.0089970013 0.99946636 -0.031401288 -3.0686316 -0.96750512 -0.016636183 -0.25230371 -34.998652
-0.24559922 0.028722038 0.96894581 112.34936 -0.0072722526 0.99947823 -0.031470397 -3.1127779 -0.96934422 -0.014775523 -0.2452622 -35.222408
-0.23922057 0.027637282 0.9705718 113.20313 -0.013763993 0.99939787 -0.031850574 -3.1555045 -0.97086773 -0.020978256 -0.23869612 -35.41368
-0.23325292 0.025428841 0.97208352 114.06948 -0.01876889 0.99935407 -0.030645837 -3.2018573 -0.97223499 -0.025393159 -0.23262499 -35.605738
-0.22841363 0.026024039 0.97321626 114.95863 -0.01496917 0.99943062 -0.030238277 -3.2426265 -0.97344913 -0.021475074 -0.22789402 -35.814696
-0.22403638 0.025923276 0.97423591 115.80776 -0.013738995 0.99946283 -0.029753968 -3.2898379 -0.97448398 -0.020050993 -0.22355987 -36.00041
-0.21933929 0.02769091 0.97525556 116.6936 -0.013037277 0.99942471 -0.031309296 -3.334016 -0.97556157 -0.019582035 -0.21885209 -36.197576
-0.21345555 0.02633796 0.97659764 117.54558 -0.0078350174 0.99955823 -0.028669689 -3.3747112 -0.9769214 -0.013771363 -0.2131549 -36.38206
-0.20827738 0.025709121 0.97773181 118.4169 0.0012361159 0.9996606 -0.02602241 -3.4144784 -0.97806906 -0.0042112889 -0.20823847 -36.574717
-0.20350516 0.024539574 0.97876625 119.30635 0.0030259836 0.99969684 -0.02443518 -3.4614279 -0.97906924 -0.0020109538 -0.20351772 -36.762929
-0.19938426 0.026076491 0.97957432 120.16333 0.0015872612 0.99965315 -0.026287918 -3.4967119 -0.97992014 -0.0036865561 -0.1993565 -36.924834
-0.19560198 0.028074001 0.98028141 121.03087 -0.00038205207 0.99958791 -0.028703146 -3.5404879 -0.98068333 -0.00598891 -0.19551065 -37.08884
-0.1938992 0.027274992 0.98064218 121.91927 -0.0030616365 0.99959174 -0.02840741 -3.5830416 -0.98101672 -0.0085105434 -0.19373654 -37.258368
-0.19302824 0.026061021 0.980847 122.7703 -0.0035981247 0.99962168 -0.027267964 -3.6257903 -0.98118664 -0.0087926962 -0.19286145 -37.414132
-0.19170004 0.021964069 0.98120772 123.6591 -0.0024637975 0.99973564 -0.022860166 -3.6641722 -0.98145051 -0.0067997911 -0.19159525 -37.589958
-0.19105546 0.016673972 0.98143757 124.51 -0.0019224963 0.99984744 -0.017360993 -3.7026694 -0.9815774 -0.0052037218 -0.19099426 -37.74178
-0.1902714 0.014559276 0.98162352 125.37335 -0.00060986777 0.99988808 -0.014948385 -3.7354368 -0.98173138 -0.0034429098 -0.19024122 -37.904844
-0.1890876 0.018845898 0.98177932 126.24819 -0.0037834412 0.99979441 -0.019920387 -3.7731643 -0.98195297 -0.0074812019 -0.18897743 -38.068324
-0.18883985 0.022825566 0.98174254 127.08398 -0.0035548709 0.99970739 -0.023927034 -3.8118575 -0.9820015 -0.0080083448 -0.18870346 -38.22224
-0.18896408 0.021928569 0.98173909 127.93686 -0.0055591393 0.99971073 -0.023400008 -3.8417212 -0.98196831 -0.0098793845 -0.18878751 -38.378741
-0.18857387 0.021198633 0.98183014 128.80407 -0.0067745336 0.99971513 -0.022885927 -3.8822997 -0.98203568 -0.010967129 -0.18837654 -38.539543
-0.18770388 0.021878151 0.98198193 129.6364 -0.00068422063 0.99974875 -0.022404775 -3.9210501 -0.98222547 -0.0048773547 -0.18764175 -38.698124
-0.1870759 0.024053344 0.9820509 130.49128 -0.0035058231 0.99967747 -0.025152912 -3.9629301 -0.98233925 -0.0081483998 -0.18693124 -38.854542
-0.18732469 0.025149677 0.981976 131.31714 -0.013691552 0.99950823 -0.028210541 -3.9960945 -0.98220267 -0.018729306 -0.18688824 -38.991904
-0.18692367 0.026944361 0.98200482 132.15118 -0.016569049 0.99939512 -0.030575419 -4.0350386 -0.98223474 -0.021986155 -0.18636417 -39.135333
-0.18734185 0.029931898 0.9818386 132.98515 -0.017895506 0.99926575 -0.033877764 -4.0855887 -0.9821318 -0.023917221 -0.18666865 -39.289219
-0.18636174 0.031002895 0.98199187 133.80805 -0.014666957 0.99930282 -0.03433291 -4.1303583 -0.98237175 -0.020801173 -0.1857771 -39.438917
-0.18500006 0.032301109 0.98220748 134.63505 -0.01451494 0.99926085 -0.035595836 -4.1788556 -0.98263135 -0.020841914 -0.18439447 -39.588278
-0.18257949 0.03134325 0.98269133 135.45356 -0.0095067495 0.99938873 -0.033642127 -4.2147168 -0.98314517 -0.015484562 -0.18216992 -39.742811
-0.17964763 0.028735016 0.98331121 136.27976 -0.001315447 0.99956538 -0.029450333 -4.2657708 -0.98373019 -0.0065841756 -0.17953176 -39.895737
-0.17761469 0.024036195 0.98380649 137.09544 0.0042038067 0.99971109 -0.023665824 -4.3010474 -0.98409117 -6.7664842e-05 -0.17766442 -40.053563
-0.17353214 0.023736606 0.98454207 137.91825 0.0064737273 0.99971539 -0.022961385 -4.3412588 -0.98480697 0.0023891194 -0.17363642 -40.189961
-0.16878778 0.027790956 0.98526051 138.71088 0.0039168071 0.99961345 -0.027524805 -4.3891426 -0.98564468 -0.00078677452 -0.16883139 -40.318985
-0.16225956 0.031521445 0.98624447 139.53028 0.0068605038 0.99950152 -0.030816445 -4.425492 -0.9867243 0.001765872 -0.16239493 -40.449371
-0.15447941 0.031570347 0.98749144 140.31653 0.0017298721 0.99949645 -0.031683534 -4.465248 -0.98799454 -0.003186219 -0.15445624 -40.56372
-0.14448485 0.028292732 0.9891024 141.10949 0.010247813 0.99958032 -0.027095479 -4.4949458 -0.98945399 0.0062212513 -0.14471416 -40.679391
-0.13218415 0.026895534 0.99086018 141.9381 0.018505135 0.99952456 -0.024662066 -4.5390762 -0.99105247 0.015076068 -0.13261901 -40.788796
-0.11907653 0.028704898 0.99247001 142.69877 0.016518225 0.99950093 -0.026926393 -4.5821993 -0.99274771 0.013187542 -0.11949126 -40.875478
-0.10493245 0.029967734 0.99402768 143.48651 0.016980837 0.99945413 -0.028338782 -4.6156751 -0.99433441 0.013905765 -0.10538405 -40.95373
-0.090889768 0.030185775 0.99540333 144.27743 0.019571774 0.9994016 -0.028519934 -4.6525192 -0.99566866 0.01688964 -0.09142617 -41.023918
-0.077312499 0.031583081 0.9965065 145.07447 0.021334472 0.99932168 -0.030017099 -4.6959104 -0.99677866 0.018939244 -0.077933866 -41.077915
-0.06351194 0.037435843 0.99727865 145.85923 0.018753511 0.99916451 -0.036312311 -4.7458298 -0.9978049 0.016396212 -0.064160932 -41.114391
-0.051149485 0.046284326 0.99761787 146.61954 0.0084603913 0.99890973 -0.045910483 -4.7951969 -0.99865521 0.006091941 -0.051485303 -41.13103
-0.037339961 0.055146533 0.99777979 147.36793 0.004390359 0.99847556 -0.055020685 -4.8374877 -0.99929302 0.002326142 -0.037525154 -41.142298
-0.024066877 0.056232828 0.99812753 148.15253 0.0024947725 0.99841703 -0.056188982 -4.8903169 -0.99970728 0.0011378087 -0.02416907 -41.152628
-0.01205597 0.051967355 0.99857597 148.91935 0.0018555738 0.99864803 -0.051948701 -4.9466953 -0.99992564 0.0012266403 -0.012136102 -41.150133
-0.00090715731 0.049444825 0.9987764 149.69292 0.0031132091 0.99877216 -0.049441785 -5.0006927 -0.99999478 0.0030645492 -0.0010599771 -41.136613
0.0080162785 0.055472524 0.99842799 150.43846 -0.0016361413 0.99845951 -0.055461136 -5.0638516 -0.99996657 -0.0011889766 0.0080946889 -41.11633
0.013993229 0.064121889 0.99784392 151.1801 -0.010594047 0.99789516 -0.063976615 -5.115028 -0.99984601 -0.0096759656 0.014643084 -41.089249
0.017473763 0.067353007 0.99757614 151.93719 -0.015833446 0.99762204 -0.067078762 -5.171984 -0.99972199 -0.014622949 0.018498639 -41.067972
0.017651211 0.063026389 0.99785571 152.6983 -0.016811186 0.99788887 -0.062731106 -5.2273726 -0.99970291 -0.015667858 0.018673494 -41.044371
0.01643392 0.057732236 0.99819679 153.45442 -0.0103993 0.99828752 -0.057566272 -5.3012135 -0.99981091 -0.0094345074 0.01700615 -41.03007
0.013546485 0.055213882 0.99838261 154.20039 -0.010576071 0.99842633 -0.055072798 -5.3515214 -0.99985235 -0.0098129217 0.014109112 -41.017726
0.010102871 0.055169753 0.99842583 154.95217 -0.011630517 0.99841578 -0.055051508 -5.4055483 -0.99988137 -0.01105603 0.010728517 -41.004098
0.0068424521 0.055475895 0.99843654 155.69211 -0.01132913 0.99840017 -0.055396233 -5.4636982 -0.99991245 -0.01093237 0.0074599974 -40.99791
0.0022754438 0.053774479 0.99855047 156.43674 -0.0085550416 0.9985176 -0.053753212 -5.5207331 -0.99996086 -0.0084203277 0.002732112 -40.991672
-0.003225736 0.054062663 0.99853229 157.17394 -0.011917959 0.99846453 -0.054097494 -5.5707708 -0.99992382 -0.012074971 -0.0025764679 -40.989002
-0.0090923873 0.052196444 0.9985954 157.92702 -0.012422324 0.99855377 -0.052307374 -5.6237866 -0.99988154 -0.012880474 -0.0084308379 -40.990603
-0.014528004 0.049341186 0.99867627 158.67346 -0.009978965 0.99872483 -0.04948875 -5.6755109 -0.99984471 -0.010684728 -0.014017106 -41.002701
-0.020016573 0.049231351 0.99858676 159.39482 -0.010996379 0.99871566 -0.049458126 -5.7267181 -0.99973922 -0.01197082 -0.0194495 -41.01414
-0.025539557 0.0505231 0.99839625 160.12184 -0.0120737 0.99863363 -0.050843962 -5.7759533 -0.99960094 -0.013352868 -0.024894661 -41.026409
-0.029668744 0.052804329 0.99816401 160.83496 -0.013296878 0.99849444 -0.053217035 -5.8289947 -0.99947138 -0.014851347 -0.028921945 -41.042577
-0.032143889 0.054888221 0.99797493 161.55447 -0.012822757 0.99838612 -0.055323844 -5.8844452 -0.99940104 -0.014575113 -0.031388196 -41.061693
-0.033829297 0.056438565 0.99783274 162.2696 -0.01157786 0.99831512 -0.056858368 -5.9410956 -0.9993606 -0.013476246 -0.033118862 -41.084541
-0.032621763 0.054965141 0.99795519 162.9934 -0.0081897769 0.99843844 -0.055259467 -5.9915641 -0.99943426 -0.0099756909 -0.032120671 -41.111627
-0.029004433 0.051240853 0.99826501 163.69687 -0.0029719609 0.99867638 -0.051348316 -6.0397441 -0.99957491 -0.0044561326 -0.028813758 -41.131471
-0.021554927 0.050669602 0.9984828 164.40069 -0.0018669542 0.99871109 -0.050721489 -6.0960899 -0.99976596 -0.0029574189 -0.021432548 -41.140493
-0.011040126 0.05180651 0.99859607 165.1029 -0.0001936769 0.99865685 -0.051811802 -6.151153 -0.99993908 -0.00076541297 -0.011015265 -41.142741
0.0028603568 0.051945504 0.99864578 165.78604 0.0016286429 0.99864834 -0.051950301 -6.1990738 -0.99999463 0.0017750347 0.0027718884 -41.135019
0.018183132 0.049791043 0.99859408 166.47763 0.00060381155 0.99875852 -0.049810235 -6.2448267 -0.99983453 0.0015086696 0.018130492 -41.114195
0.033904899 0.044965938 0.99841296 167.17855 -0.0026379613 0.9989879 -0.044902249 -6.2897196 -0.99942162 -0.0011113677 0.033989201 -41.070952
0.050815294 0.038540944 0.99796409 167.84863 -0.0049016915 0.99925269 -0.038341118 -6.3310075 -0.99869608 -0.0029433961 0.050966234 -41.02153
0.067588283 0.031160944 0.99722652 168.52266 -0.0048234471 0.99951068 -0.030905402 -6.369299 -0.99770168 -0.0027212256 0.067705512 -40.96283
0.085224025 0.023323664 0.99608875 169.20935 -0.0040910623 0.99972574 -0.023058798 -6.4020626 -0.99635346 -0.0021098967 0.085296069 -40.894989
0.10293966 0.017074769 0.994541 169.86615 -0.0062212724 0.99984415 -0.016521885 -6.4357637 -0.99466819 -0.0044865525 0.10302984 -40.807017
0.12063012 0.014562919 0.99259066 170.52573 -0.0068643962 0.99988072 -0.013835641 -6.4672533 -0.99267383 -0.0051445399 0.12071569 -40.714958
0.13891545 0.013758504 0.99020862 171.16684 -0.0062488931 0.99989576 -0.01301645 -6.4885854 -0.99028457 -0.0043795211 0.13898694 -40.61281
0.15681867 0.013221513 0.98753887 171.80522 -0.0074029868 0.99989803 -0.012211406 -6.5097509 -0.98759971 -0.0053957599 0.15690056 -40.497435
0.17290002 0.012698249 0.98485748 172.44912 -0.012432661 0.99986536 -0.010709094 -6.5271118 -0.98486095 -0.010392796 0.17303461 -40.367341
0.18711599 0.0091891827 0.9822948 173.07435 -0.015955655 0.99985276 -0.0063140626 -6.5484191 -0.98220828 -0.014491695 0.18723506 -40.226061
0.19933571 0.0048455806 0.97991924 173.69803 -0.011613089 0.99992923 -0.0025821861 -6.5679463 -0.97986249 -0.010865166 0.19937788 -40.095294
0.21018053 0.0032230678 0.97765724 174.32583 -0.009419964 0.99995482 -0.0012714362 -6.5858696 -0.97761725 -0.0089422642 0.21020139 -39.957379
0.21990735 0.0068292158 0.97549682 174.91304 -0.013223292 0.99990449 -0.004019146 -6.6067897 -0.97543118 -0.012015438 0.21997666 -39.803731
0.22894304 0.013927218 0.97334014 175.53242 -0.017181829 0.99979969 -0.010264415 -6.6284499 -0.97328821 -0.014373797 0.22913648 -39.64549
0.2381074 0.024051454 0.97094094 176.10631 -0.018083009 0.99962983 -0.020327551 -6.6477878 -0.97107052 -0.012717393 0.23845418 -39.491782
0.2463409 0.030698134 0.96869691 176.69565 -0.013426889 0.99951042 -0.028260142 -6.6633023 -0.96909027 -0.0060449564 0.24663248 -39.343144
0.2529532 0.029291789 0.96703495 177.3005 -0.013131613 0.99955344 -0.026841868 -6.6828466 -0.96738943 -0.0059089917 0.25322489 -39.178384
0.25885298 0.021889541 0.96566863 177.90566 -0.014972869 0.999714 -0.018647709 -6.7002174 -0.96580072 -0.0096318144 0.25910669 -39.002176
0.26306 0.011011994 0.96471659 178.51262 -0.018895366 0.99980187 -0.0062600737 -6.7259691 -0.96459446 -0.016581898 0.26321595 -38.824275
0.26533138 0.0015666476 0.96415597 179.12285 -0.017031331 0.99985027 0.003062299 -6.7511743 -0.96400688 -0.017233383 0.26531833 -38.649142
0.26614636 0.00063498251 0.96393238 179.72608 -0.014233074 0.99989335 0.0032711487 -6.7716706 -0.96382759 -0.014590325 0.26612701 -38.485069
0.26734122 0.0039223096 0.9635939 180.33797 -0.012830407 0.99991756 -0.00051047357 -6.7745604 -0.96351654 -0.012226831 0.2673695 -38.32015
0.26913168 0.0034888754 0.96309703 180.93565 -0.0096448235 0.99995306 -0.00092720017 -6.7853467 -0.96305514 -0.0090393613 0.26915269 -38.150316
0.27119797 0.0014547928 0.96252245 181.54305 -0.010841457 0.99994004 0.0015433157 -6.7877554 -0.96246257 -0.010853689 0.27119748 -37.969022
0.27365701 -0.0027716355 0.96182331 182.15556 -0.010958982 0.99992195 0.0059994611 -6.8056151 -0.96176495 -0.012182398 0.27360527 -37.792294
0.27684298 -0.0080683581 0.96088126 182.77616 -0.0095723828 0.99989197 0.011153859 -6.8153276 -0.96086753 -0.01228579 0.27673584 -37.606317
0.28062535 -0.010960931 0.95975476 183.40461 -0.0089912682 0.9998609 0.014047947 -6.823353 -0.95977531 -0.012571622 0.28048776 -37.425088
0.2868046 -0.012924263 0.95790188 184.01149 -0.0070066656 0.99985395 0.015588151 -6.8198337 -0.95796352 -0.011182451 0.28667215 -37.239595
0.29487805 -0.015946173 0.95540179 184.63633 -0.0053043651 0.99981802 0.018324658 -6.8250563 -0.95552021 -0.010471339 0.2947398 -37.038019
0.30430288 -0.017897867 0.95240713 185.25289 -0.0035660755 0.99979506 0.019927787 -6.8268519 -0.9525687 -0.0094604379 0.30417669 -36.838207
0.3155667 -0.016051501 0.94876759 185.87432 -0.0048734573 0.99981631 0.018536103 -6.8306308 -0.94889092 -0.010473154 0.31543051 -36.613024
0.32710678 -0.012708624 0.94490188 186.49038 -0.004392302 0.99987832 0.014968569 -6.8328872 -0.94497721 -0.0090466143 0.32701116 -36.389467
0.33849724 -0.0089785677 0.94092451 187.09388 -0.006625406 0.99990695 0.011924882 -6.8316791 -0.9409441 -0.010270546 0.33840625 -36.154389
0.35026837 -0.0084302473 0.93661141 187.72569 -0.0056367255 0.99992242 0.011108086 -6.8320101 -0.93663246 -0.0091702319 0.35019367 -35.911268
0.36142946 -0.011332178 0.93233055 188.34944 -0.005289578 0.99988513 0.014203853 -6.8370042 -0.93238449 -0.010065325 0.361328 -35.661178
0.37237217 -0.013384908 0.92798693 188.96337 -0.005052135 0.99985195 0.016448724 -6.8384257 -0.92806978 -0.010813362 0.37224942 -35.398845
0.38365807 -0.013118906 0.923382 189.60309 -0.0086508816 0.99980416 0.017799044 -6.8457164 -0.92343474 -0.014816815 0.38346944 -35.124903
0.39335125 -0.015321247 0.91926056 190.21466 -0.0095498508 0.99973911 0.020748954 -6.835628 -0.91933871 -0.016940428 0.39310231 -34.837733
0.40060717 -0.014340678 0.91613764 190.85778 -0.013677145 0.99967251 0.021629002 -6.836554 -0.91614786 -0.02119488 0.40027983 -34.54355
0.40475943 -0.016441092 0.91427535 191.50008 -0.01425132 0.9996035 0.024284728 -6.8310063 -0.91431219 -0.022859103 0.40436464 -34.256567
0.40681049 -0.021239405 0.91326559 192.14399 -0.009547039 0.99957623 0.027499382 -6.8229459 -0.91346272 -0.019906019 0.40643533 -33.962986
0.40721937 -0.019579887 0.91312044 192.79698 -0.0073824553 0.99966696 0.024728003 -6.8233015 -0.91330058 -0.016810792 0.4069392 -33.676044
0.40615997 -0.019680705 0.91358999 193.46502 -0.0047246349 0.99970946 0.023636363 -6.8175806 -0.91378981 -0.013916523 0.40594898 -33.382426
0.40507228 -0.018585397 0.91409571 194.12577 -0.0020260946 0.99977267 0.021225224 -6.8162759 -0.91428246 -0.010449794 0.40494254 -33.094487
0.40527935 -0.019909239 0.91397604 194.80068 0.0013379367 0.99977468 0.021184926 -6.8069489 -0.91419195 -0.0073629703 0.40521467 -32.794955
0.40419211 -0.026319318 0.91429534 195.48239 0.0054531744 0.9996375 0.026365275 -6.7989156 -0.9146579 -0.0056708235 0.40418912 -32.498261
0.4036369 -0.029327457 0.91444906 196.1645 0.0057319073 0.99954756 0.029526608 -6.7961323 -0.91490135 -0.0066764906 0.40362238 -32.188091
0.40191228 -0.031776025 0.91512662 196.85441 0.0067597832 0.99947343 0.031735994 -6.786387 -0.91565326 -0.0065690275 0.40191544 -31.888163
0.39979882 -0.031912266 0.91604718 197.54071 0.0058407115 0.99946215 0.032269072 -6.7780553 -0.91658435 -0.0075507688 0.39977017 -31.587786
0.39849281 -0.032057891 0.91661099 198.22709 0.0043432598 0.99944371 0.033066699 -6.7676795 -0.91716121 -0.0091957618 0.39841037 -31.281279
0.39647444 -0.031168359 0.91751647 198.92048 0.0034273171 0.99946679 0.032471238 -6.7621505 -0.9180394 -0.0097293955 0.39636986 -30.988793
0.39598186 -0.028277379 0.9178228 199.59691 0.0050161597 0.99957743 0.028632021 -6.7601955 -0.91824467 -0.0067338143 0.39595637 -30.6759
0.39510036 -0.021775547 0.9183798 200.28724 0.0033675553 0.99974663 0.022256051 -6.7610968 -0.91863183 -0.0057006785 0.39507359 -30.383525
0.39343366 -0.019013191 0.91915634 200.97548 0.0014231881 0.99979752 0.020072114 -6.7507687 -0.91935194 -0.0065889123 0.39338106 -30.088131
0.39262189 -0.02170797 0.91944372 201.66852 0.0011392481 0.99973212 0.023117087 -6.7435213 -0.91969931 -0.0080287992 0.39254144 -29.783905
0.39117029 -0.024545727 0.91999089 202.35896 -0.00048581703 0.99963862 0.026877324 -6.7386473 -0.92031823 -0.010960557 0.391017 -29.484804
0.38850323 -0.024112377 0.92113178 203.03595 -0.0045899271 0.99959452 0.028102169 -6.7434657 -0.92143597 -0.015145711 0.38823502 -29.191793
0.38416797 -0.023931563 0.92295297 203.74038 -0.0076897456 0.99954639 0.029118343 -6.7388619 -0.92323123 -0.018283608 0.38380968 -28.887691
0.37704524 -0.024977365 0.92585795 204.42596 -0.0081772639 0.99950757 0.030294349 -6.7324205 -0.92615878 -0.018993324 0.37665532 -28.61305
0.36854067 -0.025307806 0.92926703 205.11518 -0.0074721392 0.99951642 0.030184386 -6.7209909 -0.92958163 -0.018067786 0.36817335 -28.334701
