1 0 0 0 0 1 0 0 0 0 1 0
0.99994421 -0.0021427809 0.010343461 0.005736038 0.002132008 0.99999717 0.0010524512 -0.0065991423 -0.010345688 -0.0010303401 0.99994595 0.29514065
0.99986488 -0.0037578265 0.016003091 0.016567038 0.0037347303 0.99999194 0.00147289 -0.0048773753 -0.016008499 -0.0014129238 0.99987086 0.55935458
0.99980327 -0.0072781896 0.018451306 0.028468345 0.0072781521 0.99997351 6.92097e-05 -0.01521387 -0.018451322 6.5095346e-05 0.99982976 0.85452623
0.99981295 -0.0087075277 0.017269919 0.01746335 0.0087327797 0.99996091 -0.0013872937 -0.017110505 -0.017257166 0.0015378486 0.9998499 1.1971303
0.99987891 -0.011244346 0.010757759 0.028720726 0.011274917 0.99993256 -0.0027853236 -0.02475317 -0.010725715 0.0029062792 0.99993825 1.5270433
0.99992673 -0.012090356 -0.00060195226 0.011153679 0.012087479 0.99991648 -0.0045744612 -0.027346965 0.0006572089 0.00456685 0.99998936 1.8457695
0.99979006 -0.01200632 -0.016603818 -0.0014486252 0.011932585 0.99991853 -0.0045328459 -0.039130198 0.01665689 0.0043337679 0.99985187 2.1645379
0.99932362 -0.0079240171 -0.035909737 -0.055154 0.0077456657 0.99995698 -0.0051030717 -0.039469036 0.035948632 0.0048214753 0.99934201 2.5060614
0.99841516 -0.0038235372 -0.056147572 -0.076855408 0.0034826715 0.99997492 -0.0061674878 -0.042041046 0.05616975 0.0059621698 0.99840343 2.8285272
0.99727158 -0.0033762723 -0.07374281 -0.13211697 0.0028870875 0.99997312 -0.0067392534 -0.050764651 0.073763588 0.006507964 0.99725452 3.2289109
0.9954393 -0.0047462666 -0.095278948 -0.18595641 0.0041959748 0.99997335 -0.0059751094 -0.057809579 0.095304776 0.0055480706 0.99543268 3.6130519
0.99333968 -0.0056718419 -0.11508307 -0.23698794 0.0051205551 0.99997396 -0.0050854041 -0.066879436 0.11510893 0.0044622444 0.99334285 3.9897007
0.99120722 -0.004883925 -0.13222859 -0.30926839 0.0043312038 0.99998064 -0.0044673412 -0.072491159 0.13224786 0.0038553518 0.99120918 4.3750677
0.98893702 -0.0037055306 -0.14828973 -0.39525153 0.0031634767 0.99998743 -0.0038910652 -0.081919058 0.14830229 0.0033789073 0.9889363 4.7967568
0.98676493 -0.0030556779 -0.16212847 -0.46970897 0.0024249974 0.9999887 -0.0040877531 -0.088370275 0.16213915 0.0036404902 0.98676119 5.22151
0.98455925 -0.0043090837 -0.17499861 -0.56973404 0.003472822 0.99998104 -0.0050846304 -0.094575629 0.17501722 0.0043983808 0.98455555 5.636962
0.98273609 -0.0075462288 -0.18485894 -0.64593517 0.0063878277 0.99995606 -0.0068611709 -0.11141199 0.18490261 0.0055618732 0.98274111 6.0636745
0.981446 -0.0065985705 -0.19162519 -0.75552008 0.0050425816 0.99995025 -0.0086064936 -0.11879853 0.19167246 0.0074805231 0.98143044 6.5525818
0.97972199 -0.0064095768 -0.20025918 -0.86664021 0.0043380796 0.99993247 -0.01078119 -0.11851178 0.20031478 0.0096938285 0.97968363 7.003124
0.97836536 -0.0068740861 -0.20677034 -0.96745691 0.0042401838 0.99990417 -0.013178769 -0.13003425 0.20684113 0.012016907 0.97830074 7.4949315
0.97639361 -0.011046655 -0.2157162 -1.0959828 0.0079520585 0.99985272 -0.015208361 -0.14496888 0.21585245 0.013133958 0.97633766 8.0170667
0.97442051 -0.01671825 -0.2241097 -1.2097564 0.013459327 0.99978041 -0.016061488 -0.1575221 0.22432903 0.012634278 0.97443156 8.4946863
0.97258211 -0.017675099 -0.23188709 -1.3339958 0.01371797 0.99973165 -0.01866643 -0.18509894 0.23215482 0.014973616 0.97256359 9.0161032
0.97044799 -0.013640778 -0.24092453 -1.4838494 0.0084282982 0.99970787 -0.022652606 -0.18733111 0.24116316 0.019952593 0.97027946 9.5511361
0.96835568 -0.01131285 -0.24931767 -1.6439966 0.0050661421 0.99965731 -0.025682679 -0.2088002 0.24952279 0.023606889 0.96808114 10.093022
0.96606859 -0.013997692 -0.25790608 -1.8054829 0.0070828503 0.9995906 -0.027721108 -0.22942439 0.25818854 0.024953782 0.96577222 10.651229
0.96366426 -0.015296495 -0.26667808 -1.9582261 0.0076997689 0.99953486 -0.029508944 -0.2520947 0.26700545 0.026383355 0.9633338 11.221011
0.96148187 -0.015542908 -0.27442856 -2.1411148 0.0069708872 0.99945766 -0.032183595 -0.2811924 0.27477998 0.029030932 0.96106877 11.780989
0.95895273 -0.015215817 -0.28315744 -2.3340802 0.0052274023 0.99933821 -0.035997344 -0.30672421 0.28351781 0.033039573 0.95839765 12.36329
0.95705671 -0.015477021 -0.28948732 -2.5104303 0.0038585147 0.99916549 -0.040662535 -0.33187358 0.2898751 0.037799361 0.95631775 12.960691
0.9548754 -0.016827534 -0.29652958 -2.7248046 0.0027534913 0.99885235 -0.047816412 -0.37641234 0.29699392 0.044842225 0.95382587 13.566687
0.95376058 -0.01701054 -0.30008564 -2.9336372 0.00019770188 0.99843252 -0.05596841 -0.40839363 0.30056734 0.053321137 0.95226894 14.192282
0.95272153 -0.017173175 -0.30335913 -3.1292337 -0.0025803414 0.9979082 -0.064595383 -0.45553722 0.30383389 0.062324183 0.95068432 14.822046
0.95102941 -0.016777045 -0.30864477 -3.3616558 -0.0062147973 0.99728621 -0.07335932 -0.50514687 0.30903795 0.071685036 0.94834425 15.461711
0.94987246 -0.015222751 -0.31226683 -3.5742932 -0.010488848 0.99669991 -0.080493919 -0.56102024 0.31246169 0.079734278 0.94657813 16.102808
0.94778067 -0.013927364 -0.3186186 -3.8268714 -0.014497539 0.99613177 -0.086667808 -0.61731483 0.3185932 0.08676126 0.94391253 16.749643
0.94671814 -0.013444902 -0.32178253 -4.0631663 -0.017519093 0.99549911 -0.093137529 -0.69246637 0.32158647 0.093812327 0.94222152 17.438842
0.94492756 -0.011112367 -0.32709082 -4.3138982 -0.022248765 0.99493027 -0.098075206 -0.76563659 0.32652243 0.099951334 0.9398898 18.09687
0.94337664 -0.0074483891 -0.3316399 -4.5811069 -0.027988432 0.99439585 -0.10194876 -0.84925501 0.33054072 0.10545816 0.93788134 18.809616
0.94179134 -0.006678933 -0.33613161 -4.8374411 -0.029706793 0.99423873 -0.10298958 -0.92521969 0.33488295 0.10698008 0.93616702 19.501827
0.93973391 -0.0065149302 -0.34184459 -5.1175894 -0.030226706 0.99432062 -0.10204341 -1.0101437 0.34056796 0.10622649 0.93419988 20.23064
0.93699595 -0.0065851895 -0.34927812 -5.4029752 -0.030591538 0.9944347 -0.10081561 -1.1018799 0.3479982 0.10514877 0.93157984 20.957668
0.93473781 -0.0072347586 -0.35526451 -5.6693405 -0.029849554 0.99466022 -0.098792955 -1.1822454 0.35408225 0.10295 0.92953056 21.672674
0.93191933 -0.0060266953 -0.36261553 -5.9599057 -0.030763604 0.99494451 -0.095598282 -1.2609725 0.3613585 0.10024525 0.92702262 22.363017
0.92821997 -0.0037069176 -0.37201336 -6.3088194 -0.032122268 0.99541747 -0.09006789 -1.3511943 0.3706425 0.095552729 0.92384729 23.187708
0.92518947 -0.0020754255 -0.37949983 -6.6212299 -0.032575767 0.99585995 -0.084863247 -1.4310153 0.37810484 0.090877082 0.92129154 23.908116
0.92196267 0.00057524839 -0.38727832 -6.934292 -0.034643508 0.99611239 -0.080993448 -1.5072619 0.38572617 0.088089616 0.91839836 24.680099
0.9177583 0.002024679 -0.39713423 -7.2715905 -0.036547898 0.99617408 -0.079381727 -1.574754 0.39545413 0.087367661 0.91432102 25.411738
0.91352413 0.0033604824 -0.40677064 -7.6374264 -0.038575126 0.99617522 -0.078402109 -1.6605532 0.4049514 0.087313448 0.91015973 26.171348
0.91034792 0.0033229553 -0.41383041 -8.0028516 -0.038671982 0.99627532 -0.07707113 -1.72362 0.41203295 0.086165186 0.90708567 26.93006
0.90690998 0.004718372 -0.42129801 -8.413319 -0.040211467 0.99634203 -0.075402836 -1.7987595 0.41940118 0.085324596 0.90378226 27.698619
0.90294324 0.0048457959 -0.42973247 -8.7800984 -0.040089039 0.99652612 -0.072996954 -1.8775026 0.42788594 0.083139669 0.90000079 28.515414
0.89944457 0.0052843621 -0.43700289 -9.1826822 -0.039240477 0.99686459 -0.068710846 -1.9471797 0.43526964 0.078949801 0.8968318 29.27355
0.89535465 0.005496175 -0.44531991 -9.6058481 -0.037724927 0.99726595 -0.063540923 -2.0126046 0.44375319 0.073691323 0.89311405 30.085026
0.89144456 0.0064734657 -0.45308352 -10.014074 -0.037268701 0.99755769 -0.059073706 -2.0811963 0.45159458 0.069546769 0.88950863 30.892237
0.88821266 0.0054112468 -0.45940067 -10.432552 -0.035712025 0.99771841 -0.057294147 -2.1432261 0.45804251 0.067295516 0.88637937 31.702649
0.88387512 0.0036137837 -0.46770899 -10.868189 -0.033762726 0.99785443 -0.056094711 -2.2047521 0.46650281 0.065371851 0.88210071 32.529922
0.8820579 0.0052935269 -0.47111127 -11.314139 -0.034895363 0.99792444 -0.054121371 -2.2612159 0.469847 0.064177782 0.88041185 33.323576
0.87840428 0.0027166241 -0.47791059 -11.80623 -0.031886657 0.99808877 -0.052934466 -2.3175956 0.47685342 0.061736833 0.87681206 34.158212
0.87533887 0.0032559812 -0.48349895 -12.262255 -0.0327839 0.99807572 -0.052631559 -2.3867997 0.48239724 0.061921432 0.87376122 35.035476
0.87426982 0.0049778784 -0.48541475 -12.787319 -0.035190855 0.99796641 -0.053147427 -2.4526862 0.48416309 0.063547353 0.87266709 35.877848
0.873417 0.0034978862 -0.48696045 -13.267514 -0.034063843 0.9979636 -0.053928762 -2.5107469 0.48578021 0.063690043 0.87175753 36.751435
0.87228423 0.0030690573 -0.48898954 -13.748276 -0.033140576 0.9980522 -0.052853728 -2.5706882 0.48787492 0.06230887 0.87068691 37.584619
0.87154522 0.0031235315 -0.49030516 -14.279438 -0.032270729 0.99817693 -0.051004073 -2.6358979 0.48925203 0.060274862 0.87005713 38.513696
0.87218644 0.0014067489 -0.48917157 -14.778065 -0.030009271 0.99826625 -0.050635337 -2.6900656 0.48825228 0.058843138 0.8707165 39.394705
0.87099003 -0.0018264092 -0.49129728 -15.281138 -0.026836575 0.99832326 -0.051288162 -2.759122 0.49056721 0.057856214 0.86948059 40.299368
0.87076524 -0.0013056848 -0.49169724 -15.799365 -0.027856398 0.99825939 -0.051982788 -2.8259857 0.4909093 0.058961719 0.8692132 41.232721
0.86911972 -0.0020167874 -0.49459763 -16.349298 -0.026269354 0.99839203 -0.050232259 -2.8865994 0.49390369 0.056650608 0.86766922 42.135396
0.86706197 -0.00021562194 -0.49820023 -16.914719 -0.026406509 0.99857433 -0.046389766 -2.9520587 0.49750001 0.053378532 0.86582013 43.05288
0.86483484 -0.00017092426 -0.50205641 -17.432637 -0.024248818 0.99881864 -0.042110692 -3.026492 0.50147055 0.048593069 0.86380902 44.003668
0.8609247 -0.0034268068 -0.50872085 -17.963161 -0.019931111 0.99898238 -0.040459329 -3.0777037 0.50834185 0.044971808 0.8599803 44.875821
0.85629784 -0.0036411372 -0.51646948 -18.536945 -0.021293424 0.99887606 -0.04234627 -3.150103 0.51604323 0.047258424 0.85525789 45.801898
0.85000332 -0.010505986 -0.52667253 -19.100257 -0.015947312 0.99882964 -0.04566207 -3.2027622 0.5265359 0.047211923 0.84884098 46.684889
0.84445216 -0.0080728972 -0.53557012 -19.683126 -0.019366314 0.99877247 -0.045590505 -3.2698237 0.53528078 0.04887102 0.84325923 47.602065
0.83793211 -0.0064200398 -0.54573669 -20.284994 -0.018540673 0.99901881 -0.040220063 -3.3240392 0.54545948 0.043820008 0.83699091 48.484196
0.83431192 -0.0044729562 -0.55127451 -20.879109 -0.01793803 0.99921734 -0.035255333 -3.3821842 0.55100079 0.039302724 0.8335787 49.354549
0.82954542 -0.0029253249 -0.55843157 -21.486153 -0.021157665 0.99910368 -0.036663302 -3.4346996 0.55803833 0.042228983 0.82873998 50.234871
0.82612812 -0.0031043811 -0.56347375 -22.09948 -0.024170549 0.99886919 -0.040940397 -3.4945553 0.56296371 0.047441484 0.8251189 51.099058
0.8240711 -0.0060416478 -0.56645413 -22.695433 -0.025654131 0.99851921 -0.047971277 -3.5617255 0.56590521 0.054063633 0.82269584 51.940407
0.81999073 -0.0075505778 -0.57232698 -23.351965 -0.025589049 0.99842964 -0.049834278 -3.6181116 0.57180455 0.055508949 0.81850983 52.809493
0.81690961 -0.0043681635 -0.57674915 -23.956002 -0.027220886 0.99856502 -0.046118658 -3.6881933 0.57612302 0.053374398 0.81561846 53.674375
0.81422567 -0.0040209914 -0.58053455 -24.582634 -0.023622857 0.99891835 -0.040050979 -3.7472063 0.58006771 0.04632442 0.81324998 54.562709
0.81020035 -0.0032130812 -0.58614421 -25.221908 -0.023045873 0.99903715 -0.037331701 -3.8052467 0.58569984 0.043754363 0.8093462 55.403707
0.808335 -0.00037380843 -0.58872265 -25.836476 -0.027124149 0.99891423 -0.037876579 -3.8630808 0.58809764 0.046585566 0.8074472 56.262937
0.80541971 0.0001797451 -0.59270484 -26.50729 -0.029177007 0.9987996 -0.039345394 -3.925567 0.59198633 0.04898291 0.80445813 57.13169
0.80185753 -0.0048802597 -0.59749532 -27.155058 -0.025282861 0.99879394 -0.042088404 -3.9872076 0.59698016 0.048855296 0.80076706 58.005689
0.79761033 -0.0077967868 -0.60312266 -27.818119 -0.022390628 0.99884455 -0.042523312 -4.0354207 0.60275737 0.047421329 0.79651416 58.839628
0.79278464 -0.0073314835 -0.60945774 -28.463998 -0.022937214 0.99886047 -0.041852612 -4.1033996 0.60907014 0.047159371 0.79171307 59.683308
0.78882196 -0.0059667068 -0.61459278 -29.1334 -0.024387393 0.99886155 -0.040998242 -4.159317 0.61413777 0.04732863 0.78777841 60.51692
0.78348319 -0.0064370958 -0.62137962 -29.83077 -0.024839408 0.99882276 -0.041666598 -4.2250656 0.62091637 0.048079781 0.78240094 61.345375
0.7784459 -0.010936011 -0.6276164 -30.505023 -0.020309967 0.99888592 -0.042596141 -4.2761584 0.62738307 0.04590566 0.77735654 62.22074
0.7728387 -0.0088320301 -0.63454101 -31.187993 -0.024276014 0.99875982 -0.043468456 -4.347306 0.63413803 0.048998232 0.77166583 63.012473
0.76628622 -0.0083608608 -0.64244493 -31.956787 -0.026396828 0.99866139 -0.044481934 -4.4133854 0.6419569 0.051044402 0.76503976 63.856488
0.76249007 -0.011282213 -0.64690151 -32.623057 -0.023818737 0.9986807 -0.045492052 -4.4811702 0.64656136 0.050095615 0.76121539 64.721753
0.75605727 -0.015721013 -0.65431661 -33.383953 -0.018737955 0.99878179 -0.045648892 -4.5319194 0.65423721 0.046773732 0.75484165 65.499777
0.74906358 -0.015220693 -0.66232321 -34.132177 -0.018670564 0.99885396 -0.044070157 -4.592884 0.662235 0.045377298 0.74792095 66.320714
0.74312745 -0.014269829 -0.6689977 -34.855933 -0.019749948 0.99886929 -0.043244425 -4.66796 0.6688584 0.045348789 0.74200536 67.14697
0.73709121 -0.017265026 -0.67557267 -35.617325 -0.016872837 0.9988918 -0.043937111 -4.7356516 0.67558263 0.043784486 0.73598306 67.962108
0.73090876 -0.01844124 -0.68222596 -36.411689 -0.017268978 0.99881505 -0.045500224 -4.8016782 0.6822567 0.045037858 0.72972422 68.775221
0.72539268 -0.016866353 -0.68812858 -37.149112 -0.020087456 0.99875527 -0.045655204 -4.8581488 0.68804214 0.046940704 0.72415097 69.583302
0.71878602 -0.016699813 -0.69503074 -37.941651 -0.020138983 0.99879181 -0.044825722 -4.9287144 0.69493965 0.046217315 0.71758127 70.407991
0.71421936 -0.013844004 -0.69978498 -38.771844 -0.024347827 0.99870783 -0.044607706 -4.9985942 0.69949835 0.048897931 0.71295939 71.19683
0.70925492 -0.015833644 -0.70477423 -39.600737 -0.022208457 0.99874964 -0.044787822 -5.0603344 0.70460222 0.047417932 0.70801645 71.97544
0.70481198 -0.017536986 -0.70917733 -40.412641 -0.023388781 0.99857643 -0.047938239 -5.1387128 0.70900852 0.050374239 0.70339847 72.783652
0.699129 -0.020605827 -0.71469853 -41.197809 -0.021847804 0.99850219 -0.050160164 -5.2019626 0.7146617 0.050683019 0.69763165 73.561741
0.69558366 -0.019866366 -0.71817035 -42.050283 -0.024810285 0.99835717 -0.051647017 -5.2797518 0.71801662 0.053742833 0.69394804 74.343755
0.68939768 -0.020461677 -0.72409399 -42.906069 -0.022901927 0.9984856 -0.050020058 -5.3531914 0.72402098 0.051066861 0.68788505 75.140016
0.68520359 -0.020818416 -0.72805397 -43.759101 -0.021686365 0.99856511 -0.048963565 -5.4228495 0.7280287 0.049338855 0.68376892 75.94952
0.67980363 -0.022062274 -0.73306223 -44.631073 -0.020535798 0.99858287 -0.049097221 -5.4955947 0.73310664 0.048430487 0.67838719 76.720559
0.67663024 -0.02263305 -0.73597501 -45.500358 -0.020096715 0.99858747 -0.049185262 -5.5660592 0.7360487 0.048070916 0.67521963 77.511236
0.67247424 -0.023841022 -0.73973641 -46.398173 -0.018789011 0.99860901 -0.049264825 -5.6416554 0.73988202 0.047028242 0.67109089 78.246644
0.6675446 -0.025491218 -0.7441333 -47.251065 -0.016565447 0.99865792 -0.049070752 -5.7102399 0.74438555 0.045083816 0.66622643 79.082049
0.66354556 -0.027228323 -0.74764019 -48.147254 -0.014870138 0.99866006 -0.049567762 -5.7820554 0.74798811 0.044007982 0.66225156 79.809581
0.65854477 -0.031097577 -0.75189871 -49.033948 -0.013178879 0.99851603 -0.052839976 -5.8689323 0.75242617 0.044706672 0.65715768 80.603922
0.65364501 -0.035917598 -0.75594846 -49.957933 -0.0083508564 0.99847003 -0.054661318 -5.9446604 0.75675525 0.042041915 0.65234501 81.428668
0.64977246 -0.038818889 -0.75913688 -50.85775 -0.0044603969 0.99848322 -0.054875811 -6.0258967 0.76011572 0.039042842 0.64861375 82.177339
0.63977989 -0.0457504 -0.76719524 -51.836184 0.0051503231 0.99845946 -0.055246493 -6.1023293 0.76854096 0.031394292 0.63902992 82.944972
0.63185608 -0.04459457 -0.77380176 -52.722747 0.0043430014 0.99853152 -0.05399953 -6.1907354 0.7750736 0.030759309 0.63112189 83.693951
0.62356822 -0.042754231 -0.78059893 -53.663177 0.0048230355 0.99869482 -0.050846774 -6.266306 0.78175409 0.027941576 0.62296056 84.486356
0.61406717 -0.042054518 -0.78813253 -54.634598 0.0041225488 0.99873669 -0.050080243 -6.3570275 0.78924304 0.027503518 0.61346478 85.245746
0.60298047 -0.041702197 -0.79666519 -55.595616 -0.00030741541 0.99862054 -0.052506418 -6.431731 0.79775592 0.031905252 0.60213586 85.95186
0.59432269 -0.045687852 -0.80292784 -56.619518 0.0032306204 0.9985126 -0.054425644 -6.5104671 0.80422022 0.02975244 0.59358629 86.64212
0.58705842 -0.046145146 -0.80822829 -57.576683 0.0012277722 0.9984237 -0.056112405 -6.5920617 0.80954367 0.03194894 0.5861897 87.386599
0.57757277 -0.048722238 -0.81488391 -58.590804 0.0072080998 0.9984828 -0.054590738 -6.6720433 0.81630742 0.025656359 0.57704767 88.098061
0.56583255 -0.04799545 -0.82312205 -59.602368 0.0072736727 0.99855607 -0.053224752 -6.7620279 0.82448813 0.024129177 0.56536463 88.805353
0.55625863 -0.049518059 -0.82953254 -60.651224 0.0094377912 0.99853513 -0.0532778 -6.8360648 0.83095567 0.021807281 0.55591112 89.469585
0.5451727 -0.049829374 -0.8368415 -61.674367 0.0071373802 0.99847163 -0.05480382 -6.9274232 0.83829341 0.02390469 0.54469512 90.13024
0.53459731 -0.050355689 -0.84360533 -62.735647 0.0058316948 0.99841928 -0.055901119 -7.0085273 0.84508684 0.024964939 0.53404592 90.799438
0.52504251 -0.051341214 -0.84952598 -63.795985 0.0051857544 0.99835325 -0.057130597 -7.094558 0.85106024 0.025590559 0.52444413 91.425849
0.51553166 -0.051928428 -0.85529555 -64.88638 0.0054921941 0.99834173 -0.057302901 -7.1785019 0.85685296 0.024844011 0.51496197 92.069281
0.50863909 -0.048875534 -0.85959141 -65.97902 0.0023184159 0.99846157 -0.055399698 -7.271084 0.86097675 0.026185562 0.5079699 92.721915
0.50001659 -0.046993074 -0.86473984 -67.025232 0.0030823415 0.9986169 -0.052486139 -7.3520448 0.86601037 0.023578517 0.49946987 93.32591
0.49152899 -0.048109892 -0.86953127 -68.168758 0.0040438841 0.99858821 -0.052964494 -7.4397787 0.87085186 0.022517301 0.49102961 93.922994
0.48540004 -0.050777555 -0.87281635 -69.230862 0.0062675702 0.99848846 -0.054603152 -7.5218276 0.87426974 0.021033934 0.48498459 94.540637
0.47689948 -0.054308397 -0.87727842 -70.361037 0.007868302 0.99831313 -0.05752381 -7.6205264 0.87892266 0.020530383 0.47652232 95.129571
0.46966783 -0.057282165 -0.88098287 -71.51703 0.0095000634 0.99816297 -0.059836648 -7.7122286 0.88279213 0.019733955 0.46934923 95.731144
0.46524081 -0.060794612 -0.88309396 -72.648641 0.011389432 0.99796727 -0.062702506 -7.8066763 0.88511092 0.019113826 0.46498752 96.295754
0.46036478 -0.061717263 -0.88558183 -73.773611 0.013442657 0.99795065 -0.062560291 -7.8998316 0.88762809 0.016895981 0.46025097 96.863942
0.45642355 -0.058966308 -0.88780654 -74.883913 0.015351525 0.99817496 -0.058404497 -7.9989021 0.88963022 0.013028004 0.45649579 97.448866
0.45551845 -0.057106121 -0.8883928 -76.009938 0.018055764 0.99832778 -0.054914778 -8.0969969 0.89004326 0.008974083 0.45578781 98.102414
0.45027035 -0.05661985 -0.89109525 -77.162298 0.020071928 0.99837711 -0.053294155 -8.1935466 0.89266668 0.0061107779 0.45067608 98.630463
0.44632133 -0.056681142 -0.89307584 -78.328311 0.020655014 0.99837865 -0.053041933 -8.2834462 0.8946344 0.005227251 0.44676843 99.157238
0.44649677 -0.055770921 -0.89304545 -79.417244 0.022408525 0.99843959 -0.051149202 -8.3731985 0.89450464 0.0028261219 0.4470498 99.818281
0.44427931 -0.054468406 -0.89423097 -80.504636 0.02388551 0.99851542 -0.048953466 -8.4464768 0.8955699 0.00038984876 0.44492075 100.28715
0.44237222 -0.055092467 -0.89513774 -81.619335 0.025751763 0.99848014 -0.048726434 -8.5324327 0.89646179 -0.001496155 0.4431186 100.85729
0.43787252 -0.057699975 -0.89718354 -82.765986 0.031486329 0.99831037 -0.048836702 -8.6234131 0.89848558 -0.0068647667 0.43894944 101.35229
0.43877361 -0.056204271 -0.89683818 -83.799228 0.033063808 0.998376 -0.046391278 -8.7031596 0.89798918 -0.0092976175 0.43991937 101.92272
0.43507508 -0.054003154 -0.8987732 -84.903495 0.033021089 0.99848523 -0.044009656 -8.7860506 0.8997885 -0.010530966 0.43619929 102.44656
0.43296687 -0.055944945 -0.89967204 -85.984744 0.036655086 0.99833936 -0.044440198 -8.8654456 0.90066429 -0.013736424 0.43429854 102.97013
0.43211049 -0.057924631 -0.89995844 -86.957716 0.039135883 0.99819941 -0.045456885 -8.9378487 0.90097113 -0.015578272 0.43359936 103.42328
0.43063791 -0.058788236 -0.90060805 -88.049785 0.038887039 0.99815821 -0.046561574 -9.0233609 0.90168668 -0.014970803 0.43213086 103.89679
0.43128944 -0.059576782 -0.90024439 -89.086172 0.038495933 0.99812384 -0.047611647 -9.1023373 0.90139201 -0.014121348 0.43277373 104.43499
0.43355826 -0.059444142 -0.8991627 -90.073549 0.035879836 0.99816933 -0.048688987 -9.1755707 0.90041098 -0.011152299 0.43489741 104.8765
0.43853507 -0.059528363 -0.89674037 -91.133611 0.034036375 0.99818815 -0.049617888 -9.2639339 0.89806937 -0.0087626084 0.43976664 105.38631
0.44095554 -0.058635966 -0.8956115 -92.111176 0.030397848 0.99826689 -0.050390425 -9.3391606 0.89701407 -0.0050047257 0.44197373 105.85691
0.4500721 -0.060656226 -0.89092977 -93.140893 0.033467295 0.99813527 -0.051048269 -9.4184519 0.8923649 -0.0068416091 0.45126283 106.37242
0.45435951 -0.057640616 -0.88895159 -94.119688 0.02849791 0.99833417 -0.050167299 -9.4909304 0.89036249 -0.0025392734 0.45524527 106.85861
0.46395953 -0.057483574 -0.88398932 -95.123332 0.02974306 0.99834061 -0.049308979 -9.5680476 0.88535697 -0.0034151773 0.46489938 107.37077
0.47310622 -0.056323257 -0.87920312 -96.093795 0.027647363 0.99841199 -0.049082715 -9.6449995 0.88057151 -0.0010863108 0.47391212 107.8841
0.4828173 -0.056199969 -0.87391588 -97.037995 0.027474892 0.99841947 -0.049027364 -9.717855 0.87529004 -0.00033948548 0.48359828 108.4472
0.49179591 -0.057601249 -0.86880309 -98.016862 0.028097094 0.99833962 -0.050284782 -9.7950989 0.87025709 0.0003190076 0.49259777 108.94837
0.50285153 -0.058319931 -0.86240308 -98.994448 0.026088242 0.99829071 -0.052297743 -9.8714594 0.86397906 0.0037994189 0.50351347 109.45929
0.51238662 -0.058132255 -0.85678499 -99.906171 0.022420946 0.99827163 -0.054323534 -9.9429538 0.85846218 0.0086247217 0.51280441 110.03816
0.52759636 -0.055797378 -0.8476607 -100.81929 0.018835171 0.9983636 -0.053994132 -10.014944 0.84928639 0.012521273 0.52778396 110.58756
0.53893142 -0.053803121 -0.84062958 -101.7805 0.01798768 0.99846557 -0.052373172 -10.096973 0.8421576 0.013104572 0.53907226 111.20559
0.55080658 -0.053478832 -0.8329178 -102.62992 0.020463267 0.99851042 -0.050578663 -10.168786 0.83438206 0.01081484 0.55108046 111.77259
0.56261651 -0.051340001 -0.8251223 -103.53692 0.017737308 0.99858975 -0.050039002 -10.245934 0.82652774 0.01351732 0.56273371 112.40686
0.57394475 -0.051727983 -0.81725857 -104.37995 0.018697079 0.99857051 -0.05007344 -10.314884 0.81868058 0.013459039 0.57409147 112.9451
0.58593926 -0.053051667 -0.8086165 -105.2681 0.018972317 0.9984793 -0.051760465 -10.394016 0.81013288 0.01498716 0.58605474 113.60404
0.59534373 -0.053841321 -0.80166508 -106.09189 0.018832178 0.99841321 -0.053069877 -10.464297 0.80325043 0.016497718 0.59541299 114.23105
0.60670844 -0.054991758 -0.79302 -106.92796 0.022457093 0.99839183 -0.052052173 -10.548529 0.7946072 0.013771569 0.60696771 114.85688
0.61643452 -0.051545742 -0.78571717 -107.73612 0.019065249 0.99853954 -0.050549977 -10.612856 0.78717536 0.016180857 0.61651698 115.49783
0.62602048 -0.049850986 -0.77821153 -108.5476 0.020766751 0.99866637 -0.047267474 -10.686415 0.77953008 0.013429481 0.62622085 116.13283
0.63585278 -0.049368003 -0.77022983 -109.33734 0.021254748 0.99869377 -0.046464868 -10.75319 0.77151767 0.013173775 0.63607152 116.75272
0.6462135 -0.048127316 -0.76163759 -110.10214 0.018746513 0.99870943 -0.04720218 -10.821069 0.76292642 0.016224637 0.64628174 117.40954
0.65664924 -0.047303977 -0.75271114 -110.85005 0.015922787 0.99867817 -0.048871023 -10.888976 0.75402804 0.02010586 0.65653447 118.08676
0.66596506 -0.046540218 -0.74452972 -111.60524 0.015451296 0.99869844 -0.048607355 -10.957982 0.74582293 0.020866851 0.66581738 118.72102
0.6739155 -0.044513542 -0.7374662 -112.31499 0.01520337 0.99880747 -0.046394901 -11.018716 0.73865202 0.020054271 0.67378859 119.37556
0.68269839 -0.042760642 -0.72944801 -113.02418 0.014921809 0.99889391 -0.044590225 -11.080254 0.73054794 0.019556991 0.68258133 120.06325
0.69109763 -0.043557966 -0.72144766 -113.75302 0.01719549 0.99889071 -0.043836702 -11.153372 0.72255687 0.017889794 0.69108001 120.72618
0.69837991 -0.042104449 -0.7144877 -114.39997 0.015310746 0.99891859 -0.043900265 -11.213276 0.7155635 0.019719723 0.69826932 121.39838
0.7069507 -0.039192285 -0.70617606 -115.08752 0.012367994 0.99899584 -0.04306202 -11.269336 0.70715471 0.021708744 0.70672554 122.02237
0.71314881 -0.037161962 -0.70002694 -115.75522 0.012409194 0.99910664 -0.040397247 -11.33055 0.70090286 0.020122479 0.71297286 122.70389
0.72089327 -0.035057345 -0.69215882 -116.39987 0.012071909 0.99920345 -0.038035871 -11.382718 0.69294098 0.019064125 0.72074226 123.36319
0.72799721 -0.03443202 -0.68471487 -117.05807 0.012602812 0.99924137 -0.036849042 -11.451137 0.68546427 0.018196667 0.72787887 124.04822
0.73521775 -0.032258255 -0.67706295 -117.65587 0.010032648 0.9992754 -0.036715493 -11.500203 0.67775678 0.020201148 0.73500864 124.71792
0.74293365 -0.029998977 -0.66869247 -118.2616 0.0083302411 0.99933222 -0.035577083 -11.547203 0.66931326 0.020861043 0.74268743 125.37622
0.75194567 -0.026678412 -0.658685 -118.84495 0.0068802381 0.99944396 -0.03262563 -11.588666 0.6591892 0.020000791 0.75171111 126.0129
0.76094155 -0.023328216 -0.64840089 -119.44037 0.0052344401 0.99954162 -0.02981862 -11.640196 0.64879935 0.019296211 0.76071486 126.69421
0.7711181 -0.02103094 -0.63634467 -119.96919 0.0035474087 0.99958071 -0.028737021 -11.687194 0.63668228 0.019902263 0.77086938 127.37092
0.78084556 -0.020183981 -0.62439794 -120.51696 0.0020124792 0.99955402 -0.029794371 -11.721243 0.62472089 0.022008215 0.78053794 128.02122
0.79061018 -0.021247757 -0.61195101 -121.02644 0.0026875405 0.99950855 -0.031232104 -11.775688 0.61231393 0.023047776 0.79027874 128.6822
0.80021542 -0.020321032 -0.59936826 -121.5455 0.0021378478 0.99951606 -0.03103344 -11.816882 0.59970888 0.023552079 0.79987161 129.36093
0.80963768 -0.019011408 -0.58662199 -122.02822 0.0020434787 0.99956051 -0.029573688 -11.848763 0.58692647 0.022745222 0.80932071 130.03734
0.81927992 -0.016938251 -0.5731435 -122.5024 0.0017450419 0.99963261 -0.027047938 -11.890845 0.57339113 0.021159673 0.81900849 130.73038
0.82922524 -0.015912682 -0.55868798 -122.98543 0.002557558 0.99969219 -0.024677446 -11.930748 0.55890874 0.019034284 0.8290107 131.43103
0.83804415 -0.014648917 -0.54540571 -123.46025 0.0029704161 0.99974718 -0.022287764 -11.965285 0.54559436 0.017058048 0.8378758 132.14084
0.8456162 -0.01393483 -0.53360944 -123.90669 0.0036770564 0.99978754 -0.020281671 -11.995825 0.53377873 0.015188398 0.84548779 132.86028
0.85270371 -0.013756831 -0.52221367 -124.29611 0.0047048315 0.99981489 -0.018656075 -12.031932 0.52237369 0.013451177 0.85261059 133.57878
0.85955701 -0.013681163 -0.51085668 -124.76624 0.0049645672 0.99981796 -0.01842267 -12.062642 0.51101577 0.013299153 0.85946846 134.29753
0.86626582 -0.013183778 -0.49940935 -125.20262 0.0047249589 0.99982323 -0.018198252 -12.090413 0.49956103 0.013404834 0.86617498 135.03459
0.8725087 -0.011559076 -0.4884618 -125.61512 0.0035337519 0.99984326 -0.01734841 -12.117994 0.48858581 0.013410536 0.87241279 135.75619
0.87830458 -0.010799983 -0.4779795 -126.01741 0.0028478849 0.99984527 -0.017358489 -12.145791 0.47809306 0.013884809 0.87819944 136.52606
0.88428438 -0.010942039 -0.46682051 -126.4301 0.0031937828 0.99984375 -0.017385948 -12.176989 0.46693785 0.013883199 0.88418116 137.27789
0.8888362 -0.012120057 -0.45806473 -126.77279 0.0042524671 0.99982527 -0.018203089 -12.209598 0.45820535 0.014231659 0.88873243 138.02975
0.89336102 -0.012984067 -0.44915196 -127.19957 0.0049714335 0.99980685 -0.019014221 -12.244087 0.44931213 0.014753635 0.89325302 138.81815
0.89687611 -0.012307204 -0.44211057 -127.58209 0.004760328 0.99982348 -0.01817556 -12.263868 0.44225625 0.014196634 0.89677638 139.60765
0.90003754 -0.010261309 -0.43569154 -127.96895 0.0043614887 0.99988479 -0.014539239 -12.299437 0.43579057 0.011185597 0.8999786 140.38625
0.90206863 -0.006673755 -0.431541 -128.35827 0.0021952062 0.99993845 -0.010875253 -12.313003 0.43158706 0.0088629031 0.90202776 141.19188
0.90590691 -0.0038188127 -0.42345964 -128.76167 0.00025746099 0.99996412 -0.0084670171 -12.336728 0.42347681 0.0075613048 0.9058754 142.00805
0.90919693 -0.0013085147 -0.41636428 -129.15423 -0.0014844407 0.99997852 -0.0063841585 -12.358234 0.41636373 0.0064225252 0.90917546 142.83527
0.91244072 0.00043489283 -0.40920865 -129.55057 -0.0021601203 0.99999062 -0.0037538133 -12.368422 0.40920322 0.0043090718 0.91243311 143.67618
0.91536947 0.0016651754 -0.4026114 -129.90533 -0.0025701799 0.99999524 -0.0017075936 -12.387539 0.40260668 0.0025978625 0.91536939 144.56594
0.91866613 0.0022733224 -0.3950283 -130.29927 -0.0019956868 0.99999739 0.001113709 -12.400309 0.39502984 -0.00023477431 0.91866827 145.40032
0.92210054 0.0017089231 -0.38694658 -130.68591 -0.0010794248 0.99999772 0.001844133 -12.413718 0.38694888 -0.0012827967 0.92210028 146.31287
0.92548781 0.00046809265 -0.37877709 -131.05144 8.5358674e-05 0.99999895 0.00144436 -12.417864 0.3787774 -0.0013690698 0.9254868 147.21994
0.92946743 -0.0016830831 -0.36890032 -131.41233 0.0022552969 0.99999683 0.0011199421 -12.445832 0.3688973 -0.0018729297 0.92946828 148.1257
0.93318418 -0.0034707878 -0.35938173 -131.79981 0.0036585685 0.99999329 -0.00015762238 -12.450742 0.3593799 -0.0011677323 0.93319062 149.02275
0.9371572 -0.0039399996 -0.34888514 -132.13221 0.003537386 0.99999214 -0.0017910829 -12.474134 0.34888948 0.00044438457 0.93716378 149.98473
0.9418309 -0.0025593944 -0.33607736 -132.49404 0.0017034038 0.99999451 -0.0028417926 -12.48416 0.33608282 0.0021040124 0.94183009 150.95323
0.94737794 0.00058584941 -0.32011668 -132.81513 -0.0013819635 0.99999649 -0.0022597833 -12.494869 0.32011426 0.0025832582 0.94737543 151.91508
0.95364213 0.0045089248 -0.3009092 -133.15029 -0.0045475287 0.9999895 0.00057214192 -12.505025 0.30090865 0.00082277436 0.95365262 152.95326
0.95989082 0.0073483342 -0.28027772 -133.46997 -0.0070553851 0.999973 0.0020541652 -12.52418 0.28028527 5.6927109e-06 0.95991675 153.95632
0.96594942 0.0089393649 -0.25857649 -133.75857 -0.0084000984 0.99995963 0.0031902911 -12.539141 0.25859459 -0.00090959212 0.96598552 155.00126
0.97126782 0.010295798 -0.2377663 -134.0062 -0.0094645269 0.99994446 0.0046374795 -12.537346 0.23780086 -0.0022538892 0.97131132 156.02165
0.97651947 0.011541467 -0.21511975 -134.26858 -0.01023112 0.99992171 0.0072037873 -12.560045 0.21518607 -0.004833723 0.97656111 157.11844
0.98100423 0.013133696 -0.1935412 -134.4723 -0.011300103 0.99988023 0.01057488 -12.553823 0.19365693 -0.0081869674 0.98103515 158.20214
0.98524844 0.015293316 -0.17044536 -134.67505 -0.01300959 0.99981012 0.01450749 -12.571197 0.17063488 -0.012076058 0.98526033 159.31446
0.98888255 0.016969167 -0.1477273 -134.85526 -0.014439271 0.99973044 0.018181134 -12.559047 0.14799601 -0.015845932 0.98886101 160.45288
0.99189736 0.018452646 -0.12569456 -135.01833 -0.016338204 0.99970749 0.017832341 -12.563154 0.12598686 -0.015634229 0.99190871 161.56447
0.99436319 0.018232502 -0.10444816 -135.14606 -0.016691375 0.99973883 0.01561016 -12.565553 0.1047055 -0.013778786 0.99440782 162.739
0.99643091 0.018155797 -0.082436638 -135.25851 -0.017012347 0.99974938 0.014552007 -12.557153 0.082680188 -0.01309763 0.99649006 163.91459
0.99791296 0.016835171 -0.062340153 -135.32057 -0.015843039 0.99974039 0.01637513 -12.559469 0.062599653 -0.015353297 0.99792062 165.06069
0.99899661 0.017004681 -0.04143209 -135.3948 -0.016249503 0.99969688 0.018496036 -12.548862 0.041734054 -0.017804227 0.99897011 166.27416
0.99962257 0.017776014 -0.020945824 -135.43493 -0.017378581 0.99966832 0.019006055 -12.551517 0.02127673 -0.018634873 0.99959994 167.46996
0.99982397 0.018683273 -0.0017200112 -135.4463 -0.018646685 0.99964034 0.019274311 -12.545223 0.0020795 -0.019238846 0.99981275 168.66367
0.99962219 0.019051985 0.019811406 -135.42606 -0.019446511 0.99961252 0.019915823 -12.534822 -0.019424296 -0.020293562 0.99960536 169.89047
0.99897639 0.021552463 0.039770065 -135.40082 -0.022351589 0.99955488 0.019759551 -12.528977 -0.039326499 -0.02062825 0.99901346 171.14364
0.99794829 0.022685685 0.059871243 -135.34157 -0.02381853 0.99954923 0.01827589 -12.519262 -0.059429659 -0.019664439 0.99803879 172.39028
0.99641141 0.0227494 0.08152768 -135.23238 -0.024110822 0.99958516 0.01575334 -12.523055 -0.081135487 -0.017662507 0.99654657 173.70188
0.99458897 0.024809376 0.10088247 -135.11565 -0.026310525 0.99956162 0.013576761 -12.509122 -0.10050142 -0.016157568 0.99480571 174.95379
0.99285101 0.025062886 0.11669931 -135.00003 -0.026616147 0.99957643 0.011770394 -12.515871 -0.11635489 -0.014792334 0.99309754 176.20045
0.99030459 0.025181388 0.13661155 -134.80697 -0.026644462 0.99960543 0.008891484 -12.528641 -0.13633375 -0.012445219 0.99058479 177.4804
0.98753736 0.026238014 0.15518223 -134.63855 -0.027104025 0.99962661 0.0034670144 -12.525374 -0.15503333 -0.0076298694 0.98787978 178.81512
0.98450339 0.027687072 0.17316609 -134.4242 -0.027558039 0.99961524 -0.0031497967 -12.556828 -0.17318669 -0.0016711322 0.9848876 180.11363
0.98130105 0.030135796 0.19010544 -134.18433 -0.0290047 0.99954115 -0.0087300348 -12.566109 -0.19028132 0.003052841 0.98172486 181.37329
0.97776187 0.032329644 0.20721129 -133.93763 -0.030432626 0.99946068 -0.012336919 -12.608757 -0.2074984 0.0057565853 0.97821842 182.70867
0.97388244 0.034680572 0.2243886 -133.62348 -0.032114751 0.99937049 -0.015075413 -12.639569 -0.22477019 0.0074754966 0.97438313 184.02638
0.96968351 0.034141933 0.2419674 -133.30835 -0.031330509 0.99938953 -0.015458342 -12.679741 -0.24234748 0.0074087381 0.97016123 185.36032
0.96546496 0.032790312 0.25846122 -132.98178 -0.029673628 0.99943235 -0.015951534 -12.708657 -0.25883758 0.0077311659 0.96588992 186.69725
0.960173 0.03251403 0.27750791 -132.61256 -0.027926314 0.99940038 -0.02046948 -12.768696 -0.27800708 0.011904469 0.96050526 188.03764
0.95583969 0.034086168 0.29190515 -132.21378 -0.028063035 0.99929853 -0.024797427 -12.829337 -0.29254566 0.015510621 0.95612576 189.3902
0.95023043 0.036391559 0.30941523 -131.79411 -0.029940764 0.99922448 -0.025573123 -12.872539 -0.31010594 0.015036232 0.9505831 190.73224
0.94428444 0.037974364 0.32693247 -131.35969 -0.031281473 0.99917996 -0.025707504 -12.926319 -0.32764062 0.014048268 0.94469798 192.06221
0.93809585 0.042002572 0.34381964 -130.8891 -0.034104205 0.99899773 -0.028990382 -12.966184 -0.34469274 0.015470063 0.93858809 193.42325
0.93137596 0.0431871 0.36148814 -130.39963 -0.033654912 0.99890081 -0.032626948 -13.047221 -0.36249989 0.018222104 0.93180566 194.73997
0.92446578 0.044051948 0.37871156 -129.88582 -0.033036163 0.99882208 -0.035539601 -13.105092 -0.37983109 0.020343969 0.92483214 196.05829
0.91727708 0.043752551 0.39583894 -129.34739 -0.030491856 0.99874495 -0.039733735 -13.17841 -0.39708063 0.024376981 0.91745995 197.35009
0.90872652 0.047625638 0.41466601 -128.73386 -0.031282616 0.99844598 -0.046119734 -13.279412 -0.41621813 0.028938389 0.90880419 198.74232
0.89903138 0.051244725 0.43487531 -128.11615 -0.032674322 0.99821068 -0.050078245 -13.371327 -0.43666347 0.030812659 0.89909711 200.05589
0.88628998 0.054236152 0.45994402 -127.48193 -0.034305263 0.99807907 -0.051587928 -13.457391 -0.46185847 0.029943364 0.88644806 201.42516
0.87331647 0.05837364 0.4836433 -126.80478 -0.036777414 0.99786189 -0.054028478 -13.553209 -0.48576309 0.029396811 0.87359605 202.73154
0.85876119 0.06257577 0.50854053 -126.05793 -0.03893919 0.9976145 -0.057000437 -13.652524 -0.51089429 0.029147608 0.85914927 203.97016
0.84398593 0.066111732 0.53227527 -125.30528 -0.040139542 0.9973769 -0.060234072 -13.767628 -0.53486128 0.029471425 0.84442577 205.25387
0.82945181 0.067677474 0.55446319 -124.49957 -0.039761106 0.99726856 -0.062245247 -13.875253 -0.55716135 0.029583364 0.82987715 206.48721
0.81241045 0.069059965 0.57898183 -123.64011 -0.038471642 0.99714628 -0.064955622 -13.993041 -0.58181545 0.030496246 0.81274891 207.76817
0.79690261 0.070888591 0.59993417 -122.76787 -0.036443622 0.99692382 -0.069388459 -14.11459 -0.60300757 0.033432071 0.79703463 208.95948
0.78073415 0.073660742 0.62050645 -121.85769 -0.035095878 0.99662919 -0.074152163 -14.248078 -0.62387699 0.036115908 0.78068763 210.13917
0.76390314 0.075319514 0.64092038 -120.93421 -0.033093419 0.99643091 -0.077654773 -14.37903 -0.64448185 0.03811048 0.76366928 211.29193
0.74796779 0.07678093 0.65927903 -119.96254 -0.031046626 0.99624655 -0.080801691 -14.523654 -0.66300854 0.039968674 0.74754412 212.45761
0.73156512 0.077820901 0.67731555 -118.9324 -0.029264204 0.99613279 -0.082843634 -14.669694 -0.68114325 0.040784415 0.73101337 213.5797
0.71470001 0.078265573 0.69503839 -117.89972 -0.026878975 0.99605893 -0.084522985 -14.822099 -0.69891449 0.041726659 0.71398702 214.70803
0.70097385 0.078387774 0.70886598 -116.85272 -0.023880709 0.99596379 -0.086520772 -14.968888 -0.71278708 0.043720578 0.70001652 215.75127
0.68589742 0.079805067 0.72330895 -115.75243 -0.020800599 0.99571227 -0.09013549 -15.128235 -0.72740093 0.046778442 0.68461647 216.86783
0.67087097 0.082527219 0.73696768 -114.65839 -0.019163936 0.99538582 -0.094020263 -15.303005 -0.74132647 0.048952265 0.669357 217.88749
0.65572167 0.085067043 0.75019507 -113.51921 -0.018169434 0.99512253 -0.096958833 -15.457832 -0.75478408 0.04994739 0.65406903 218.90035
0.63983732 0.085333808 0.76375801 -112.33453 -0.016448239 0.9951091 -0.097402908 -15.631755 -0.76833438 0.049759543 0.63811153 219.90947
0.6235582 0.086812978 0.77694184 -111.16132 -0.017098906 0.99509204 -0.097465133 -15.812061 -0.78158995 0.047490329 0.62198221 220.89967
0.60610861 0.087766574 0.79052471 -110.00323 -0.019090641 0.99521227 -0.095854522 -15.984928 -0.79515278 0.04300663 0.60488225 221.84508
0.58768832 0.088689904 0.80421172 -108.77128 -0.021015477 0.9953118 -0.094407424 -16.156107 -0.80881447 0.038581249 0.58679698 222.74857
0.5698713 0.090102947 0.81677911 -107.58631 -0.022872456 0.99532444 -0.093840926 -16.331769 -0.82141562 0.034795507 0.5692677 223.66079
0.55125604 0.093214687 0.82911262 -106.34282 -0.024181958 0.99510692 -0.095798963 -16.509182 -0.83398565 0.032760191 0.55081282 224.51793
0.5328672 0.097019182 0.84061868 -105.10776 -0.02658233 0.99483455 -0.097967346 -16.687057 -0.84578129 0.029857984 0.5326937 225.31789
0.51396782 0.09688214 0.85232087 -103.88218 -0.026681024 0.99492643 -0.097002685 -16.858905 -0.85739446 0.027115467 0.51394508 226.07942
0.49204347 0.096188215 0.86524042 -102.62255 -0.026849854 0.99508129 -0.095353609 -17.033145 -0.87015653 0.023686542 0.49220588 226.84231
0.47134134 0.094403831 0.8768838 -101.37204 -0.026853977 0.99532993 -0.092721029 -17.20594 -0.88154198 0.020155439 0.47167526 227.53789
0.44941302 0.092982667 0.88847178 -100.10139 -0.026996911 0.99552767 -0.090530792 -17.371253 -0.89291611 0.016699723 0.44991334 228.23031
0.42748139 0.091459799 0.89938573 -98.853007 -0.025428526 0.99569203 -0.089167048 -17.520975 -0.90366649 0.015247202 0.4279655 228.85473
