1 0 0 0 0 1 0 0 0 0 1 0
0.99993936 -0.0025838162 0.010705174 0.0072941033 0.0025726248 0.99999613 0.00105907 -0.0085760694 -0.01070787 -0.0010314654 0.99994214 0.29315629
0.99983895 -0.0043312432 0.017415987 0.01557375 0.0043108166 0.99998998 0.0012102524 -0.01264482 -0.017421056 -0.0011349804 0.9998476 0.58487651
0.99978876 -0.0070571494 0.019303776 0.024479469 0.0070586301 0.99997509 -8.5505502e-06 -0.017562304 -0.019303236 0.00014480698 0.99981366 0.8873584
0.99980253 -0.0087316419 0.01785093 0.027296868 0.0087611377 0.99996038 -0.0015747694 -0.021525636 -0.017836474 0.001730853 0.99983942 1.1959818
0.99987636 -0.011359743 0.010872827 0.026843296 0.011392948 0.99993061 -0.002996849 -0.02451775 -0.01083803 0.0031203521 0.9999364 1.5151751
0.99991901 -0.012699087 -0.00084438946 0.015717645 0.012695018 0.99990854 -0.0046626686 -0.032798153 0.00090352394 0.0046515716 0.99998877 1.843039
0.99978552 -0.011959975 -0.016907603 -0.0047743882 0.011878543 0.9999174 -0.0049085927 -0.040679556 0.016964915 0.0047067024 0.99984501 2.1619752
0.99931955 -0.0079830618 -0.036009732 -0.045381908 0.0077925286 0.9999549 -0.005428423 -0.045057851 0.036051446 0.0051441225 0.9993367 2.5084194
0.99844136 -0.0041773445 -0.05565436 -0.089324699 0.0038270543 0.9999722 -0.0063991268 -0.050737541 0.055679549 0.0061761607 0.99842959 2.8582642
0.9971751 -0.0033954115 -0.075035304 -0.13409712 0.0028965705 0.99997298 -0.0067559129 -0.055984483 0.075056222 0.0065194831 0.99715799 3.2163212
0.99530344 -0.0047713178 -0.096686575 -0.18642033 0.0042023506 0.99997264 -0.0060874383 -0.062833582 0.096712983 0.0056525375 0.99529626 3.5969576
0.99325187 -0.0056359778 -0.1158402 -0.24564338 0.0050612169 0.99997338 -0.0052552135 -0.071390593 0.11586675 0.0046334582 0.99325396 3.9852637
0.99107702 -0.0047915462 -0.13320429 -0.31614057 0.0041898952 0.99997972 -0.0047966957 -0.076545222 0.13322459 0.0041957828 0.99107699 4.3778244
0.98879791 -0.0039975205 -0.14920691 -0.39536609 0.0034194965 0.99998562 -0.0041303197 -0.084948599 0.14922129 0.003573839 0.98879737 4.7917963
0.98671166 -0.0032204271 -0.16244917 -0.47726328 0.0025969264 0.99998843 -0.004050328 -0.092036281 0.16246035 0.0035746373 0.9867086 5.2083701
0.9845198 -0.0044531693 -0.17521682 -0.56622677 0.0036434876 0.99998115 -0.0049424473 -0.10015949 0.17523554 0.0042275369 0.98451746 5.6402949
0.98280996 -0.0074657093 -0.18446906 -0.65699615 0.0062833652 0.99995581 -0.0069931825 -0.11424384 0.18451313 0.005713883 0.98281344 6.0944299
0.9813981 -0.0067642262 -0.19186456 -0.75324298 0.0051586989 0.99994739 -0.0088663239 -0.12150717 0.19191445 0.007711622 0.98138136 6.5512845
0.97975396 -0.0065945927 -0.20009671 -0.86613458 0.0044975967 0.99993012 -0.010932683 -0.12473827 0.20015484 0.0098113855 0.97971515 7.024101
0.97819588 -0.0074783232 -0.20754971 -0.96993867 0.0047675369 0.99989672 -0.013558035 -0.13571189 0.20762968 0.012272913 0.97813051 7.4976855
0.97640303 -0.011391391 -0.21565563 -1.0873868 0.0082545716 0.99984671 -0.01544062 -0.14920321 0.21579848 0.013296123 0.97634739 8.0073388
0.97449889 -0.016799349 -0.22376259 -1.2059758 0.013459327 0.9997742 -0.016443574 -0.16633047 0.22398832 0.013012551 0.97450496 8.515101
0.97264767 -0.017507314 -0.23162469 -1.3353071 0.013604971 0.9997375 -0.018434459 -0.18952137 0.23188665 0.014778986 0.97263054 9.0299901
0.97050101 -0.0140972 -0.24068456 -1.4883839 0.0088026069 0.99969535 -0.023059088 -0.19400727 0.24093632 0.020260217 0.97032944 9.5638979
0.96848695 -0.011079947 -0.24881774 -1.6437896 0.0047185151 0.99964693 -0.02614852 -0.21098992 0.24901963 0.02415045 0.96819729 10.101716
0.96603813 -0.01360703 -0.25804105 -1.802365 0.0065751306 0.99958365 -0.028094516 -0.23243268 0.25831592 0.02544372 0.96572538 10.660213
0.96381562 -0.01561251 -0.2661122 -1.9661925 0.007976327 0.99952548 -0.02975209 -0.26354923 0.26645045 0.026552931 0.9634828 11.234318
0.96162778 -0.015483456 -0.27392019 -2.1379747 0.0068935157 0.99945464 -0.032294135 -0.28560211 0.27427085 0.029166665 0.96121008 11.795622
0.95921708 -0.014928135 -0.28227599 -2.3279056 0.0049275171 0.99933584 -0.036105308 -0.31012092 0.28262752 0.033241908 0.95865357 12.391609
0.95732701 -0.015811523 -0.28857404 -2.5114978 0.0040823763 0.9991425 -0.041201888 -0.340735 0.28897808 0.038265613 0.95657066 12.984362
0.95525664 -0.016920019 -0.29529384 -2.7185143 0.0027313922 0.99882451 -0.048395691 -0.38314343 0.2957656 0.045423742 0.95417996 13.591778
0.95398561 -0.017348552 -0.29935008 -2.9228617 0.00037853151 0.99839376 -0.056654645 -0.41880054 0.29985215 0.053934404 0.95245985 14.216856
0.95269752 -0.017459523 -0.30341819 -3.1254871 -0.0024187846 0.99788132 -0.065015553 -0.46427566 0.30391051 0.06267406 0.95063682 14.821555
0.95124228 -0.016660387 -0.30799438 -3.355334 -0.0064972797 0.99723629 -0.074010534 -0.51045546 0.30837624 0.072403076 0.94850508 15.467319
0.94998859 -0.015697208 -0.31188982 -3.5759023 -0.010185606 0.996647 -0.081185028 -0.57015019 0.31211846 0.080301638 0.9466434 16.105362
0.94846462 -0.01455735 -0.31654848 -3.8155498 -0.013994367 0.99604539 -0.087736773 -0.63134674 0.3165739 0.087645122 0.94451009 16.791041
0.94688186 -0.013250657 -0.32130851 -4.0599526 -0.017835009 0.99544909 -0.093610965 -0.70202584 0.3210867 0.094369067 0.94233636 17.453027
0.94521552 -0.010903783 -0.3262648 -4.3041377 -0.022656121 0.994841 -0.098884236 -0.77627653 0.32565984 0.10085881 0.94009211 18.114064
0.94335114 -0.0085196771 -0.33168663 -4.5774543 -0.026903625 0.99441446 -0.10205914 -0.85410138 0.33070353 0.10520118 0.93785281 18.812509
0.94175978 -0.007888909 -0.33619379 -4.8315534 -0.028663712 0.9942035 -0.1036233 -0.93409277 0.33506255 0.10722482 0.93607475 19.511506
0.93957357 -0.006822417 -0.34227906 -5.113207 -0.030191284 0.99425467 -0.10269442 -1.0213293 0.34101321 0.10682281 0.93396943 20.245025
0.93726422 -0.0068863279 -0.34855179 -5.3954943 -0.030428303 0.99437333 -0.10146824 -1.1103617 0.34728938 0.10570839 0.931781 20.959282
0.93476856 -0.0068943134 -0.35519036 -5.672007 -0.030465334 0.9945729 -0.099481674 -1.192218 0.35394859 0.10381334 0.92948545 21.677208
0.93213818 -0.0063317209 -0.36204738 -5.9432792 -0.030526107 0.9949138 -0.095993139 -1.2737749 0.36081376 0.10053077 0.92720386 22.37563
0.92821769 -0.0036457914 -0.37201965 -6.3052178 -0.032527155 0.99532758 -0.090911956 -1.3596166 0.3706129 0.096486828 0.92376208 23.206769
0.92495286 -0.0015570842 -0.38007863 -6.6155956 -0.033389903 0.99579254 -0.085336598 -1.4427219 0.37861237 0.091623121 0.92100917 23.915628
0.92153785 0.0010749351 -0.38828704 -6.950519 -0.035462316 0.99604988 -0.081406721 -1.5158618 0.38666578 0.088788934 0.91793579 24.664376
0.91797876 0.0012318465 -0.39662762 -7.2833026 -0.035678267 0.99619761 -0.079481923 -1.5913152 0.39502162 0.087113704 0.9145322 25.412875
0.91403474 0.0031578833 -0.4056236 -7.6451151 -0.038311481 0.9961717 -0.078575871 -1.6692942 0.40382265 0.087361118 0.91065653 26.19214
0.9107117 0.0033100554 -0.41302933 -8.0006466 -0.038832763 0.99622484 -0.077640709 -1.7419982 0.41121311 0.086747374 0.90740216 26.93547
0.90658948 0.0040800244 -0.42199389 -8.3797992 -0.039867077 0.99630931 -0.076015564 -1.8140595 0.42012634 0.085738575 0.90340621 27.730653
0.90290325 0.0038148296 -0.42982688 -8.7621457 -0.039205196 0.99652351 -0.073510824 -1.8884948 0.4280522 0.083224611 0.89991388 28.512148
0.89914211 0.004799362 -0.43763045 -9.157822 -0.039118082 0.99681894 -0.06943899 -1.9636479 0.4359051 0.079554785 0.89646963 29.29205
0.89549503 0.0046777018 -0.44504691 -9.5628818 -0.037084572 0.99725178 -0.064137509 -2.0268778 0.44352385 0.073939196 0.89320748 30.103365
0.89233649 0.0060146636 -0.45133069 -9.9912233 -0.036960019 0.99752704 -0.05978096 -2.0939078 0.44985504 0.070025924 0.89035208 30.889907
0.88845807 0.005110912 -0.45892932 -10.414305 -0.035619997 0.99768979 -0.057847179 -2.1622193 0.45757349 0.067741855 0.8865876 31.714281
0.88477148 0.0055836388 -0.46599166 -10.852951 -0.036068739 0.99774929 -0.056527874 -2.2281767 0.46462726 0.066821983 0.88298151 32.531752
0.88202721 0.0057861742 -0.47116293 -11.301915 -0.035881443 0.99784602 -0.054916663 -2.2812171 0.46983034 0.065343998 0.88033496 33.345359
0.87899354 0.0041084168 -0.47681595 -11.782931 -0.033747496 0.99799134 -0.053613275 -2.3441979 0.47563797 0.063217068 0.8773666 34.203964
0.87660426 0.0020790236 -0.48120748 -12.246199 -0.031631129 0.99807693 -0.053309552 -2.4010967 0.48017129 0.061952517 0.87498425 35.033789
0.87463349 0.0017765606 -0.48478148 -12.725993 -0.031780916 0.99805227 -0.053680993 -2.4658771 0.48374193 0.062357995 0.8729864 35.881521
0.87306175 0.0016225674 -0.48760695 -13.23665 -0.032050945 0.99802283 -0.054066277 -2.522985 0.48655518 0.062831462 0.87138756 36.744574
0.87302629 0.0026486874 -0.48766593 -13.723742 -0.032877975 0.99802977 -0.053437945 -2.5872582 0.48656362 0.0626862 0.87139331 37.603583
0.87283033 0.0014274789 -0.48802167 -14.237655 -0.030667695 0.99817974 -0.051929686 -2.6488223 0.48705926 0.060292306 0.87128534 38.508289
0.87244933 -9.3131589e-05 -0.48870456 -14.757501 -0.028626449 0.99827318 -0.05129499 -2.712754 0.48786547 0.058742156 0.8709401 39.412866
0.87223692 -0.0014454087 -0.48908143 -15.253144 -0.027593224 0.99825743 -0.052160469 -2.7777362 0.48830461 0.058991621 0.87067711 40.298852
0.87053271 -0.0036669929 -0.49209686 -15.794134 -0.025670465 0.99827243 -0.052850642 -2.842926 0.49144058 0.058640569 0.86893467 41.22822
0.86918977 -0.0031144694 -0.49446883 -16.312735 -0.025327938 0.99838709 -0.050810541 -2.908335 0.49382959 0.056687879 0.86770896 42.132575
0.86715803 -0.0032404753 -0.49802251 -16.848719 -0.023322713 0.99861752 -0.047107252 -2.9689826 0.4974867 0.052464668 0.86588363 43.06336
0.86474649 -0.0033837362 -0.50219721 -17.388109 -0.021154228 0.99884436 -0.043156092 -3.0369099 0.50176292 0.047942674 0.86367557 43.98028
0.86096387 -0.0058926596 -0.50863196 -17.934322 -0.017560684 0.99899251 -0.041298694 -3.0934759 0.50836292 0.044488609 0.85999298 44.866071
0.85610259 -0.0081372472 -0.51674183 -18.476428 -0.016458469 0.99893959 -0.042997788 -3.1626194 0.5165438 0.045315297 0.85506085 45.793357
0.85060701 -0.010450761 -0.52569808 -19.050934 -0.016419965 0.99878686 -0.046424021 -3.2248343 0.52554555 0.048120542 0.8494035 46.662793
0.84460247 -0.011529015 -0.53526977 -19.630337 -0.015775049 0.99879817 -0.046404271 -3.2869035 0.53516151 0.047637069 0.84340553 47.579937
0.8384972 -0.0079435895 -0.54484798 -20.224351 -0.017382858 0.9989949 -0.041316262 -3.3452618 0.5446286 0.044114585 0.83751634 48.464924
0.83332286 -0.0050174008 -0.5527638 -20.814663 -0.018169881 0.99916986 -0.036461526 -3.4061758 0.55248792 0.040427876 0.83253992 49.336366
0.82945221 -0.0040527613 -0.55856296 -21.435309 -0.020681791 0.99906518 -0.037960857 -3.4616702 0.5581947 0.0430388 0.828593 50.221361
0.82632113 -0.0061345816 -0.56316581 -22.044939 -0.021441787 0.99887307 -0.042341826 -3.5212057 0.56279096 0.047063227 0.82525839 51.101369
0.82336259 -0.0076018953 -0.56746474 -22.645608 -0.024519972 0.99850004 -0.048953383 -3.5900582 0.56698575 0.054220605 0.82194118 51.952371
0.81977503 -0.0093845235 -0.57260877 -23.267793 -0.023992804 0.99842505 -0.050712536 -3.6542685 0.57218291 0.055311361 0.81825876 52.830055
0.8174119 -0.0074737827 -0.57600512 -23.887183 -0.023983766 0.99860727 -0.046992617 -3.7203351 0.57555416 0.052227097 0.81609421 53.681727
0.8143484 -0.0050850361 -0.58035403 -24.52368 -0.023366577 0.99886358 -0.0415398 -3.7826043 0.57990579 0.047388757 0.81330413 54.571809
0.81113499 -0.0056328575 -0.58483183 -25.169473 -0.020898941 0.99903586 -0.038608171 -3.8410455 0.58448549 0.043538805 0.81023522 55.436774
0.80838804 -0.0036510484 -0.58863861 -25.798827 -0.023847856 0.99895667 -0.038946748 -3.8989892 0.58816671 0.045521854 0.80745756 56.270391
0.80515378 -0.0047539496 -0.59304702 -26.471662 -0.024215994 0.9988704 -0.040884072 -3.9598562 0.59257152 0.047279188 0.80412916 57.167115
0.80140296 -0.0060273959 -0.59809443 -27.110785 -0.024789562 0.99875533 -0.043281327 -4.0262306 0.59761092 0.049512283 0.80025606 58.011534
0.79773848 -0.007490745 -0.60295703 -27.744257 -0.023625207 0.99876684 -0.043665206 -4.0822621 0.60254062 0.0490784 0.79657777 58.852643
0.79284446 -0.0075541096 -0.6093772 -28.417002 -0.023576778 0.99879441 -0.043056614 -4.1465651 0.60896784 0.048504349 0.79171051 59.699353
0.78839851 -0.0081406538 -0.61511096 -29.08667 -0.022562553 0.998857 -0.042138139 -4.2059991 0.61475097 0.04710012 0.78731369 60.548043
0.78342364 -0.010228409 -0.62140385 -29.777449 -0.020964739 0.99886057 -0.04287232 -4.2687683 0.62113437 0.046614759 0.78231655 61.381956
0.77821879 -0.010495841 -0.62790551 -30.466555 -0.021933736 0.99879601 -0.043879928 -4.3330518 0.62761012 0.047920499 0.7770516 62.223642
0.77343228 -0.010902596 -0.63378515 -31.138895 -0.022674054 0.99873636 -0.044850629 -4.3962166 0.63347331 0.049059403 0.77220773 63.047238
0.76703539 -0.011706441 -0.64149796 -31.872921 -0.022938043 0.99869403 -0.045651653 -4.4613231 0.64119466 0.049731142 0.76576515 63.89079
0.76206055 -0.014889664 -0.64733452 -32.563503 -0.020621429 0.99867035 -0.047247043 -4.5238359 0.64717734 0.049354071 0.76074023 64.721101
0.75516523 -0.015434018 -0.65535275 -33.304714 -0.020360823 0.99868822 -0.046981654 -4.5917674 0.65521824 0.048822433 0.75386037 65.526117
0.7492365 -0.015279014 -0.66212626 -34.03999 -0.019792754 0.99877079 -0.04544403 -4.6519819 0.66200676 0.047153629 0.74801312 66.333595
0.74376832 -0.016682311 -0.66822926 -34.788744 -0.017676246 0.99884806 -0.044610623 -4.7223381 0.66820377 0.044991753 0.74261666 67.174229
0.73607392 -0.018871701 -0.67663802 -35.557301 -0.016199615 0.99883387 -0.045480458 -4.7891502 0.67670732 0.044438255 0.73490985 68.004732
0.72986191 -0.018034751 -0.68335664 -36.327055 -0.019571405 0.99869086 -0.047260188 -4.8656308 0.68331442 0.047867661 0.72855346 68.805293
0.72599934 -0.018030981 -0.68745894 -37.100972 -0.019620951 0.99870614 -0.046915452 -4.9294319 0.68741546 0.047549186 0.72470622 69.602445
0.72041436 -0.018832361 -0.69328815 -37.905226 -0.018436438 0.99875799 -0.046287888 -4.9913118 0.69329885 0.046128224 0.7191724 70.413782
0.7157155 -0.017599209 -0.69817015 -38.705032 -0.020378064 0.99873053 -0.046065793 -5.0593152 0.69809462 0.047197359 0.71444828 71.203979
0.71009222 -0.018459878 -0.70386662 -39.533979 -0.020389545 0.99869794 -0.046762123 -5.1302673 0.70381343 0.04755694 0.70879125 72.020886
0.70623197 -0.020205565 -0.70769209 -40.347908 -0.021146301 0.99854466 -0.04961247 -5.2050297 0.70766466 0.050002983 0.7047769 72.828772
0.70147981 -0.0220499 -0.71234812 -41.169368 -0.021585959 0.99840536 -0.052161086 -5.2756108 0.71236239 0.051966666 0.69988523 73.616967
0.69562242 -0.02346824 -0.71802413 -42.027346 -0.021003664 0.99837468 -0.052979716 -5.3479421 0.71810051 0.051935016 0.69399889 74.42305
0.69012258 -0.022661155 -0.72333758 -42.861156 -0.021155688 0.99845073 -0.0514643 -5.4220321 0.72338324 0.05081938 0.68857398 75.207247
0.68639754 -0.022981577 -0.72686328 -43.698217 -0.020085168 0.99852017 -0.050537671 -5.4965984 0.72694914 0.049288104 0.6849202 75.977117
0.68074933 -0.02418059 -0.73211721 -44.56696 -0.019207893 0.9985221 -0.05083969 -5.5768927 0.73226461 0.048671514 0.67927879 76.782934
0.67736086 -0.02438446 -0.73524664 -45.392141 -0.019371865 0.99851268 -0.050962401 -5.6447255 0.73539584 0.048763035 0.67588103 77.530805
0.67172858 -0.025557444 -0.74035633 -46.277552 -0.017872829 0.99855467 -0.050686666 -5.7242476 0.74058175 0.047279944 0.67030092 78.317024
0.66858579 -0.026719276 -0.74315481 -47.169855 -0.016386098 0.9985823 -0.050644773 -5.7954795 0.74345449 0.046037783 0.66720011 79.112519
0.66491107 -0.02923766 -0.74635004 -48.066094 -0.014000038 0.99857018 -0.051590585 -5.8735875 0.74679135 0.04475208 0.66355104 79.874956
0.66014396 -0.033649874 -0.75038496 -48.958228 -0.011186703 0.99844481 -0.054615136 -5.9552623 0.75105582 0.044448187 0.65874089 80.676089
0.65518174 -0.038199804 -0.75450488 -49.865632 -0.0069378823 0.99837446 -0.056571247 -6.0330715 0.75543947 0.042299114 0.65385169 81.454693
0.650391 -0.041916504 -0.75844216 -50.779331 -0.0018752775 0.99838464 -0.056785421 -6.1172501 0.75959732 0.038355016 0.64926178 82.232272
0.64111363 -0.045513658 -0.76609515 -51.714706 0.0029011502 0.99837649 -0.056885622 -6.2039931 0.76744052 0.03424759 0.64020481 83.00042
0.63194954 -0.046757202 -0.77359776 -52.628954 0.0056943361 0.9984316 -0.055694752 -6.2898045 0.77498865 0.030791147 0.63122465 83.760863
0.62373722 -0.045395781 -0.78031471 -53.579947 0.0062201256 0.99856871 -0.05312098 -6.365726 0.78160939 0.028279877 0.62312684 84.519812
0.61626386 -0.045695186 -0.78621292 -54.552288 0.0068660533 0.99858907 -0.052656744 -6.452891 0.78750985 0.027052269 0.6157081 85.264435
0.60737437 -0.045609954 -0.79310532 -55.521569 0.0035691921 0.9984971 -0.054688285 -6.5311044 0.79440776 0.030385518 0.60662434 86.005979
0.59706005 -0.048525962 -0.80072747 -56.520662 0.0051485497 0.99837996 -0.056665166 -6.6201944 0.80218006 0.029709921 0.59634263 86.756514
0.58771368 -0.049879892 -0.80752992 -57.522431 0.0049493387 0.99830074 -0.058061426 -6.6975733 0.80905388 0.030126756 0.58696188 87.446845
0.57805559 -0.05113519 -0.81439356 -58.527693 0.0081248427 0.99834577 -0.056918415 -6.7887666 0.81595697 0.026285188 0.57751482 88.165817
0.5672623 -0.050530307 -0.82198547 -59.554841 0.0085120079 0.99842228 -0.05550225 -6.8746786 0.82349322 0.024487587 0.56679743 88.856398
0.5566288 -0.051590895 -0.82915783 -60.575834 0.0096059096 0.99840286 -0.05567284 -6.96028 0.83070582 0.023024291 0.55623536 89.553009
0.54803889 -0.052507047 -0.83480316 -61.601612 0.0087849771 0.99833407 -0.057025496 -7.0454492 0.83640675 0.023918463 0.54758717 90.208344
0.53631855 -0.052530167 -0.84237933 -62.682638 0.0065742442 0.99829104 -0.058067077 -7.1363135 0.84399007 0.025604443 0.53574735 90.87154
0.52836348 -0.053282871 -0.84734462 -63.741264 0.004934215 0.99820462 -0.059692535 -7.226864 0.84900398 0.027358375 0.52767777 91.53093
0.51860772 -0.053485695 -0.85333771 -64.812704 0.0049154894 0.9982115 -0.059578786 -7.3128424 0.85499821 0.026703446 0.5179431 92.173481
0.50925862 -0.051438578 -0.85907489 -65.895316 0.003223742 0.99831921 -0.057865039 -7.4072803 0.86060753 0.026698834 0.50856849 92.810673
0.50162558 -0.050219034 -0.86362594 -66.975932 0.0045938692 0.99845418 -0.055390881 -7.4968282 0.86507268 0.023818098 0.50108085 93.411025
0.49396957 -0.050338705 -0.86802074 -68.113708 0.0046932761 0.99846249 -0.05523252 -7.5822349 0.86946656 0.023209323 0.49344634 94.037793
0.48552728 -0.053472325 -0.87258461 -69.215044 0.0062402526 0.99831418 -0.057704854 -7.677843 0.87419928 0.022572132 0.48504245 94.647991
0.48051792 -0.056884548 -0.87513805 -70.317613 0.0089006714 0.99815906 -0.059993842 -7.7663311 0.87693978 0.0210388 0.48013963 95.265878
0.47393813 -0.059711501 -0.87853123 -71.446718 0.0096571293 0.99799065 -0.062621152 -7.8598348 0.88050523 0.021194462 0.47356247 95.87586
0.46935665 -0.063340436 -0.88073393 -72.572254 0.011606024 0.99778027 -0.065573121 -7.9613569 0.88293244 0.020555361 0.46904994 96.440135
0.46348775 -0.063764141 -0.88380607 -73.704981 0.013360001 0.997797 -0.064981983 -8.0622353 0.88600264 0.018310702 0.46331857 97.038438
0.45937882 -0.061671823 -0.88609684 -74.813458 0.015186749 0.99798624 -0.061585999 -8.1651511 0.88811065 0.014834372 0.45939034 97.612131
0.45570333 -0.059737795 -0.88812488 -75.929866 0.019030877 0.9981713 -0.057374948 -8.2627076 0.88992829 0.0092441594 0.45600685 98.193951
0.45338336 -0.059926301 -0.88929877 -77.042541 0.021172851 0.99817982 -0.056468994 -8.3587316 0.89106414 0.0067731118 0.45382693 98.752451
0.44853861 -0.059514491 -0.89177972 -78.177143 0.022026742 0.99821354 -0.055538745 -8.44931 0.89349203 0.005268269 0.44904823 99.305057
0.44782936 -0.059073741 -0.89216539 -79.275752 0.024562155 0.99825127 -0.053768935 -8.5411297 0.89378165 0.0021658026 0.44849721 99.87238
0.44530438 -0.05899749 -0.8934334 -80.372691 0.027280694 0.99825755 -0.052322286 -8.6294831 0.8949636 -0.0010741407 0.44613796 100.39174
0.44359301 -0.059090918 -0.89427817 -81.517046 0.028352033 0.99824988 -0.05189743 -8.7230729 0.89577981 -0.0023332673 0.44449202 100.96411
0.44009064 -0.059928231 -0.89595132 -82.592897 0.031340852 0.99818769 -0.051371996 -8.8069098 0.89740629 -0.0054715437 0.44117126 101.47846
0.43762745 -0.058451253 -0.89725448 -83.667835 0.033304996 0.9982538 -0.048786611 -8.8843519 0.8985394 -0.0085326968 0.43880999 102.01171
0.43627178 -0.058148961 -0.89793405 -84.760345 0.035835597 0.99824085 -0.047233546 -8.9719148 0.89910111 -0.01157134 0.43758812 102.55827
0.43415163 -0.059660781 -0.89886199 -85.846651 0.038693667 0.99811867 -0.047559717 -9.0567852 0.90000846 -0.014132139 0.43564334 103.05211
0.43358425 -0.060029559 -0.89911127 -86.871303 0.038424799 0.99810273 -0.048108928 -9.1340474 0.90029345 -0.013688897 0.43506825 103.5638
0.43261076 -0.062110692 -0.89943878 -87.933947 0.04053635 0.99795531 -0.049416631 -9.2259197 0.90066909 -0.0150818 0.43424395 104.07269
0.4334785 -0.062335578 -0.89900534 -88.983844 0.038709259 0.99797194 -0.050533101 -9.3075103 0.90033219 -0.012894819 0.43501234 104.57052
0.43501295 -0.062328528 -0.89826434 -89.990525 0.037133122 0.99799447 -0.051265687 -9.3873853 0.89965823 -0.011054122 0.43645497 105.05969
0.43946348 -0.062651944 -0.89607283 -91.021569 0.035464729 0.99799701 -0.052385252 -9.4753485 0.89756012 -0.0087575756 0.44080518 105.54199
0.44530791 -0.063101881 -0.89315113 -92.041226 0.034487925 0.9979821 -0.053313265 -9.5537108 0.89471309 -0.0070621118 0.44658558 106.01463
0.45081201 -0.062408163 -0.89043455 -93.031409 0.032316291 0.99804003 -0.053588748 -9.634017 0.89203377 -0.0046170912 0.45194524 106.53307
0.45768058 -0.061737674 -0.88697062 -94.030577 0.032349016 0.9980821 -0.052779371 -9.717717 0.88852805 -0.0045365341 0.45879995 107.04047
0.46497515 -0.060573215 -0.88324908 -95.023364 0.030699448 0.99815983 -0.052292463 -9.7975579 0.88479134 -0.0028005639 0.46597908 107.54968
0.47462938 -0.058891583 -0.87821334 -95.993141 0.028178286 0.99826436 -0.051713092 -9.8701708 0.87973462 -0.00020199522 0.47546506 108.0747
0.4834976 -0.058702598 -0.87337507 -96.974198 0.028405236 0.99827551 -0.051372549 -9.9463979 0.87488473 3.0078252e-05 0.48433127 108.58224
0.4937644 -0.060289012 -0.86750325 -97.917501 0.028520082 0.99817984 -0.05313764 -10.02753 0.86912795 0.0014962098 0.49458512 109.11956
0.50412473 -0.061530472 -0.86143613 -98.877641 0.026855538 0.99809326 -0.055575344 -10.105801 0.86321324 0.0048825743 0.50481593 109.65547
0.51523975 -0.060713607 -0.85489286 -99.794021 0.022533879 0.99810249 -0.057303148 -10.18468 0.85674984 0.010260807 0.51563019 110.20251
0.52789346 -0.059064957 -0.84725425 -100.71974 0.020395601 0.99817277 -0.056878237 -10.259995 0.84906571 0.012745389 0.52813354 110.77662
0.53946425 -0.057428771 -0.84004773 -101.64566 0.020337098 0.998269 -0.055185226 -10.344094 0.8417629 0.012686323 0.53969838 111.35258
0.55330502 -0.056246418 -0.83107752 -102.54664 0.021130555 0.99834432 -0.0534988 -10.422436 0.8327107 0.012040025 0.55357744 111.93707
0.56499221 -0.055509285 -0.82322686 -103.42091 0.021323881 0.99838348 -0.052685024 -10.503471 0.82482068 0.012212236 0.56526257 112.52587
0.57619721 -0.055084459 -0.81545228 -104.28841 0.020135882 0.99838013 -0.053213403 -10.573467 0.81706265 0.014241564 0.57637302 113.13278
0.58649654 -0.05539414 -0.80805522 -105.14957 0.019171275 0.99832845 -0.05452308 -10.652783 0.80972484 0.016486148 0.58657816 113.7701
0.59736416 -0.057285424 -0.79992148 -105.96554 0.021638877 0.99823373 -0.055327871 -10.726337 0.80167816 0.015741484 0.59754865 114.37811
0.60808365 -0.056428233 -0.79186494 -106.77707 0.021225853 0.99826969 -0.054837004 -10.80636 0.79358918 0.016537476 0.60822921 115.00348
0.62014984 -0.054910482 -0.78255924 -107.59046 0.021066967 0.99835323 -0.05335747 -10.881923 0.78420049 0.016603477 0.62028539 115.64506
0.62904285 -0.052943729 -0.7755656 -108.39288 0.022009127 0.99849108 -0.050310583 -10.952927 0.77705903 0.014577991 0.62925892 116.29655
0.63875877 -0.052408689 -0.76762003 -109.17268 0.022279402 0.99851896 -0.049633809 -11.026715 0.76908446 0.014601916 0.63898038 116.93375
0.64813913 -0.050805086 -0.75982529 -109.95312 0.019235572 0.99854594 -0.050358794 -11.100702 0.761279 0.018023831 0.64817396 117.5829
0.65839348 -0.049957265 -0.75101415 -110.68351 0.016876323 0.99852386 -0.051626538 -11.168968 0.75248472 0.021316218 0.65826469 118.23571
0.66779497 -0.048804542 -0.74274353 -111.42004 0.016164298 0.9985637 -0.0510809 -11.23687 0.74416977 0.02210564 0.6676247 118.87662
0.67708916 -0.04815838 -0.73432349 -112.14891 0.017460588 0.99862682 -0.049392231 -11.308165 0.73569385 0.020621225 0.67700028 119.53798
0.68552886 -0.046922091 -0.7265318 -112.84379 0.018323782 0.99871685 -0.04721115 -11.370384 0.72781486 0.019051796 0.68550901 120.20302
0.69350548 -0.045029003 -0.71904276 -113.54814 0.016938422 0.99878809 -0.046210803 -11.437844 0.72025224 0.019867995 0.69342773 120.88259
0.70067874 -0.045052781 -0.71205302 -114.23794 0.016912741 0.99877271 -0.046551435 -11.503877 0.71327646 0.020574832 0.70058077 121.52346
0.70790734 -0.043076447 -0.70499048 -114.91646 0.015282056 0.99883895 -0.045685942 -11.568278 0.70614 0.021567709 0.70774372 122.19887
0.715358 -0.040439117 -0.69758696 -115.58041 0.014262619 0.998961 -0.043283812 -11.624871 0.69861259 0.021014004 0.71519151 122.86889
0.72258458 -0.038367191 -0.69021695 -116.22242 0.014308952 0.99907481 -0.04055575 -11.686967 0.69113444 0.019428678 0.72246505 123.53353
0.72991912 -0.036092376 -0.68257995 -116.85665 0.012351253 0.99913836 -0.039622996 -11.742404 0.68342196 0.020490864 0.72973598 124.20364
0.73699426 -0.035774362 -0.67495157 -117.48529 0.0126332 0.99915295 -0.039163497 -11.803454 0.67578096 0.020336474 0.73682194 124.873
0.74462301 -0.032684652 -0.66668452 -118.0733 0.0096930298 0.99922457 -0.03816146 -11.846832 0.66741491 0.021953708 0.74436242 125.52062
0.75395208 -0.030016186 -0.65624329 -118.66752 0.0090841168 0.99933645 -0.035272407 -11.901227 0.65686664 0.020632314 0.75372446 126.19274
0.76306186 -0.026405842 -0.6457858 -119.24248 0.0072551289 0.99945207 -0.032294395 -11.948974 0.64628476 0.019957362 0.76283533 126.86381
0.77257792 -0.023782905 -0.63447435 -119.78616 0.005192966 0.99950147 -0.031142438 -11.995469 0.63489876 0.020765156 0.77231627 127.51716
0.78246013 -0.023165301 -0.62226961 -120.31109 0.0040876732 0.99947734 -0.032067694 -12.040479 0.62268729 0.022548057 0.78214587 128.20278
0.79186518 -0.023813182 -0.61023146 -120.81979 0.0041231916 0.99942516 -0.033650317 -12.089965 0.61068204 0.024130413 0.79150818 128.87988
0.80239544 -0.023295702 -0.59633785 -121.34436 0.0041508604 0.99943153 -0.033457255 -12.132941 0.59677831 0.024370633 0.802036 129.5504
0.81217818 -0.021838372 -0.58300057 -121.84312 0.0040636731 0.99948668 -0.031778246 -12.175212 0.58339534 0.023440474 0.81185002 130.23295
0.82161028 -0.019980021 -0.56969933 -122.32054 0.0038987317 0.99955915 -0.029433025 -12.210915 0.5700363 0.021961371 0.82132597 130.92264
0.83093113 -0.018579134 -0.55606497 -122.77719 0.0043171583 0.99962751 -0.026948204 -12.255186 0.55635856 0.019991481 0.83070182 131.62429
0.83948233 -0.017397002 -0.5431084 -123.22801 0.0048861973 0.99968863 -0.024469717 -12.291473 0.54336504 0.017888161 0.83930595 132.32492
0.84733323 -0.016539021 -0.53080396 -123.68721 0.0055974591 0.99973755 -0.022214919 -12.326169 0.5310321 0.015852286 0.84720342 133.04336
0.85440368 -0.016887023 -0.5193353 -124.12537 0.0070674198 0.99975698 -0.020881481 -12.360483 0.51956176 0.014170853 0.85431539 133.76088
0.86051206 -0.016852002 -0.50915124 -124.56332 0.0074416757 0.99976189 -0.020513234 -12.396047 0.50937573 0.013862946 0.86043257 134.47483
0.86712441 -0.016037665 -0.49783333 -124.97953 0.0069273234 0.99977314 -0.020141631 -12.424298 0.49804346 0.014016647 0.86703879 135.21776
0.87388737 -0.014285762 -0.48591848 -125.39508 0.0053569717 0.99979042 -0.019759236 -12.455655 0.48609895 0.014664295 0.87378074 135.94535
0.88008543 -0.013365029 -0.47462722 -125.79707 0.0047716597 0.99980224 -0.019305504 -12.480445 0.47479142 0.014725733 0.87997516 136.69652
0.88565211 -0.013941422 -0.46414002 -126.20738 0.0055988698 0.99979714 -0.019347488 -12.514918 0.46431564 0.014536484 0.88555051 137.45067
0.89029534 -0.015010028 -0.45513612 -126.59246 0.0065362889 0.99977487 -0.020186097 -12.547834 0.45533669 0.014996687 0.89019302 138.21971
0.89445782 -0.01543621 -0.4468858 -126.97536 0.0069195031 0.99976212 -0.020683885 -12.581695 0.44709881 0.015408635 0.89435186 138.9938
0.8978136 -0.01481851 -0.44012628 -127.36425 0.0066415267 0.99977565 -0.020113167 -12.610128 0.44032562 0.015134764 0.89771059 139.76671
0.90077908 -0.013138644 -0.43407881 -127.75347 0.0065199475 0.99983873 -0.01673312 -12.640862 0.43422869 0.012242673 0.90071948 140.5649
0.90414084 -0.0094701654 -0.42712953 -128.13528 0.0044246766 0.99990824 -0.01280353 -12.664924 0.42721163 0.0096862845 0.90409978 141.37204
0.90706961 -0.0065851006 -0.42092914 -128.51895 0.002589163 0.99994601 -0.010063913 -12.687187 0.42097272 0.0080388152 0.90703769 142.19713
0.91034434 -0.0038412685 -0.4138338 -128.89365 0.00055538936 0.99996736 -0.008060114 -12.713105 0.41385129 0.0071076401 0.91031676 143.02106
0.91312045 -0.0022584386 -0.40768361 -129.29029 -7.1047816e-05 0.99998376 -0.005698726 -12.718204 0.40768989 0.0052325881 0.91310546 143.86565
0.91626531 -0.0011781874 -0.4005702 -129.67085 -0.0001442934 0.99999464 -0.0032713172 -12.741609 0.40057194 0.0030551938 0.91626022 144.7331
0.91975213 -0.00068749271 -0.3924991 -130.053 0.00043289483 0.99999963 -0.0007371651 -12.763647 0.39249949 0.00050809804 0.91975209 145.60015
0.92283505 -0.00098650657 -0.3851941 -130.43619 0.0012004672 0.99999923 0.00031497697 -12.774666 0.38519352 -0.000753085 0.92283552 146.49233
0.92627631 -0.0017293483 -0.37684108 -130.80539 0.0018979882 0.9999982 7.6202183e-05 -12.776177 0.3768403 -0.0007858245 0.92627792 147.40716
0.93014097 -0.0043485443 -0.36717688 -131.15813 0.0045709193 0.99998952 -0.00026390504 -12.807345 0.36717421 -0.0014328673 0.93015109 148.32105
0.93364713 -0.0059577727 -0.35814455 -131.53002 0.0057057444 0.99998217 -0.0017605042 -12.815251 0.35814869 -0.00039979191 0.93366448 149.25147
0.93831326 -0.006855887 -0.3457184 -131.86453 0.0060527976 0.99997589 -0.0034024855 -12.834075 0.34573342 0.0011000335 0.93833214 150.19408
0.9430132 -0.0053508483 -0.33271228 -132.22343 0.0039612729 0.99998037 -0.0048546776 -12.850349 0.33273176 0.0032600607 0.94301589 151.15458
0.94856081 -0.0018112482 -0.31658981 -132.55991 0.00075105464 0.99999369 -0.0034707873 -12.867006 0.31659412 0.0030544764 0.94855619 152.13545
0.95466691 0.0019172706 -0.29766995 -132.87431 -0.0021489915 0.99999759 -0.00045118772 -12.874831 0.29766839 0.001070424 0.95466873 153.13095
0.96064253 0.0048985634 -0.27774435 -133.19124 -0.004759352 0.99998798 0.0011754291 -12.890984 0.2777468 0.00019271571 0.9606543 154.15193
0.96656535 0.0065117466 -0.25633769 -133.46918 -0.0061701325 0.99997868 0.0021369149 -12.908713 0.25634617 -0.00048383055 0.96658492 155.2029
0.97197063 0.0079022639 -0.23496943 -133.74295 -0.0073335975 0.99996768 0.0032939073 -12.912844 0.23498789 -0.0014784102 0.97199718 156.26059
0.97691175 0.0087204248 -0.21346519 -133.98303 -0.0076089004 0.99995288 0.006028103 -12.93741 0.21350772 -0.0042646895 0.97693207 157.31496
0.98160371 0.010526006 -0.19063935 -134.21274 -0.0088949043 0.99991617 0.0094096675 -12.93407 0.19072243 -0.0075408461 0.98161504 158.42356
0.98562278 0.012301689 -0.16851231 -134.4026 -0.010159853 0.99985635 0.013566605 -12.945132 0.16865501 -0.011659495 0.98560618 159.508
0.98928828 0.014232214 -0.14527951 -134.5864 -0.011880237 0.99978416 0.017044131 -12.938314 0.14549074 -0.015135604 0.98924383 160.66041
0.99208148 0.01565305 -0.12461669 -134.72638 -0.013657961 0.99976477 0.016848135 -12.941486 0.12485111 -0.015012713 0.9920619 161.76461
0.99463642 0.015667688 -0.10223953 -134.86167 -0.014220295 0.9997883 0.01487046 -12.941939 0.10245088 -0.013336825 0.99464865 162.92828
0.99668944 0.015454265 -0.079820545 -134.9711 -0.014388838 0.99979978 0.013905796 -12.929684 0.080019474 -0.012711235 0.99671225 164.09375
0.99808231 0.014079681 -0.06027815 -135.04045 -0.013161526 0.99979165 0.015602033 -12.93474 0.060485268 -0.014778761 0.99805968 165.27368
0.9990928 0.014315215 -0.040107981 -135.09304 -0.013611747 0.99974966 0.017757905 -12.927436 0.040352152 -0.017195856 0.99903754 166.452
0.99970999 0.014807297 -0.018991456 -135.13729 -0.014452195 0.99972067 0.018700925 -12.928871 0.019263063 -0.018421034 0.99964474 167.67668
0.99987073 0.016063333 0.00070073273 -135.13718 -0.016073796 0.99968806 0.01911607 -12.918979 -0.00039344637 -0.019124862 0.99981703 168.8934
0.99959553 0.016457151 0.023193551 -135.13815 -0.016913251 0.99966468 0.019607887 -12.915586 -0.022863086 -0.019992235 0.99953869 170.11392
0.9989039 0.018788189 0.042871854 -135.08737 -0.019626665 0.9996226 0.019221304 -12.907738 -0.042494544 -0.020041668 0.99889566 171.36234
0.99779053 0.019731791 0.0634407 -135.02606 -0.020921643 0.99961643 0.01814598 -12.897148 -0.063058318 -0.019433171 0.99782063 172.60664
0.99632436 0.019644768 0.083377785 -134.95847 -0.021047056 0.99965088 0.015972872 -12.896579 -0.0830349 -0.017669019 0.99638999 173.86025
0.99467762 0.021680179 0.10072937 -134.83828 -0.023144229 0.99964248 0.013388514 -12.896841 -0.1004031 -0.015648559 0.99482377 175.12779
0.99250391 0.022359444 0.12015009 -134.68778 -0.023905548 0.99964874 0.011442003 -12.896809 -0.11985206 -0.014228486 0.9926898 176.42562
0.99000098 0.022101382 0.13931832 -134.52401 -0.02356285 0.99968319 0.0088492506 -12.90714 -0.13907861 -0.012043503 0.99020811 177.70783
0.98738028 0.02332781 0.15663973 -134.32712 -0.024166786 0.99970198 0.0034534575 -12.910042 -0.15651249 -0.0071953546 0.98764977 178.99594
0.9842682 0.024930181 0.17491312 -134.11664 -0.024785626 0.99968825 -0.0030112495 -12.936909 -0.17493368 -0.001371454 0.98457927 180.29968
0.9809928 0.027586933 0.19207311 -133.87673 -0.026473767 0.99961455 -0.0083599705 -12.952534 -0.19222972 0.0031161723 0.98134501 181.59246
0.97714744 0.029757923 0.21046936 -133.6022 -0.027825293 0.9995391 -0.012138563 -12.988229 -0.21073359 0.0060047939 0.97752509 182.92589
0.97313116 0.031800617 0.22804486 -133.31409 -0.029119579 0.99946169 -0.015112511 -13.02115 -0.22840271 0.0080658851 0.97353333 184.23897
0.96903719 0.031366074 0.24491447 -132.99824 -0.028507809 0.99947788 -0.01520764 -13.062969 -0.24526362 0.0077547935 0.96942541 185.56123
0.96494423 0.030102779 0.26072294 -132.65305 -0.02698878 0.9995153 -0.015516557 -13.09746 -0.26106369 0.0079360183 0.96528896 186.89603
0.96001203 0.029785982 0.27836969 -132.28033 -0.025207504 0.99948189 -0.020013111 -13.156226 -0.27882159 0.012195823 0.96026548 188.22646
0.95548343 0.031059951 0.29340532 -131.90371 -0.024931043 0.99938629 -0.024606546 -13.203184 -0.29398956 0.016196247 0.9556714 189.55409
0.94969884 0.033550576 0.31136227 -131.46931 -0.027085464 0.9993188 -0.025066264 -13.24587 -0.31199119 0.01537201 0.94996063 190.90435
0.94410445 0.035066563 0.32777601 -131.02722 -0.028401277 0.99928139 -0.025101269 -13.308408 -0.32842071 0.014388963 0.94442194 192.24033
0.93737752 0.039448154 0.34607401 -130.55136 -0.031493739 0.99909524 -0.028580423 -13.356803 -0.34688838 0.015891482 0.93777179 193.58431
0.93069309 0.040139098 0.3635921 -130.04862 -0.030660511 0.99902368 -0.031805931 -13.421379 -0.36451381 0.018453641 0.93101512 194.90099
0.92422746 0.041151067 0.37961848 -129.52183 -0.030237712 0.99894131 -0.034668963 -13.485031 -0.38064327 0.020563214 0.9244933 196.26259
0.91687243 0.041277207 0.39704046 -128.96334 -0.027938659 0.99883587 -0.039323374 -13.564243 -0.39820145 0.02496174 0.9169583 197.58275
0.90812103 0.04471119 0.41631369 -128.37417 -0.028377297 0.99856832 -0.045343593 -13.65118 -0.41774506 0.029363614 0.90808967 198.90625
0.8983627 0.04844511 0.43657476 -127.77629 -0.029941345 0.99834152 -0.049170451 -13.738932 -0.43823282 0.031101264 0.89832329 200.23562
0.88605147 0.051264078 0.46074371 -127.12317 -0.031659835 0.99823811 -0.050183026 -13.828086 -0.46250456 0.029877675 0.88611335 201.57335
0.87321833 0.055506617 0.48415777 -126.43506 -0.034193007 0.99802223 -0.052749083 -13.923549 -0.48612818 0.029506657 0.87338924 202.88126
0.85929089 0.05965774 0.50799616 -125.73063 -0.036300847 0.99778335 -0.055773087 -14.019819 -0.51019745 0.029484615 0.85955177 204.14701
0.84358111 0.063410291 0.5332448 -124.95535 -0.037681595 0.9975459 -0.059010787 -14.132219 -0.53567811 0.029686871 0.84390028 205.4325
0.82877737 0.064874001 0.55580519 -124.15007 -0.037065351 0.99743998 -0.06115272 -14.236615 -0.55834958 0.030080877 0.82906026 206.67044
0.81225453 0.066025225 0.57955433 -123.30329 -0.035934072 0.99734994 -0.063260062 -14.3531 -0.58219529 0.030557525 0.81247456 207.91617
0.79661185 0.068230892 0.60062807 -122.42605 -0.034204238 0.99710527 -0.067905388 -14.478905 -0.60352272 0.033550212 0.79663966 209.12713
0.78009716 0.070950485 0.62162241 -121.52051 -0.032510908 0.99680384 -0.072973639 -14.614262 -0.62481317 0.036717021 0.77991051 210.32056
0.76319597 0.07271508 0.64206261 -120.57132 -0.030597117 0.99660019 -0.076497628 -14.743247 -0.6454423 0.038737418 0.76282612 211.47377
0.74799187 0.074244507 0.65954218 -119.59711 -0.028947404 0.99642737 -0.07933812 -14.883233 -0.66307635 0.040252236 0.74746876 212.61311
0.73168629 0.07538087 0.67746059 -118.57376 -0.027381879 0.99631461 -0.081286081 -15.035133 -0.68109136 0.040925769 0.73105381 213.75997
0.71551522 0.075736661 0.69447958 -117.52759 -0.025106294 0.99625157 -0.08277973 -15.177465 -0.69814589 0.04179435 0.71473463 214.86437
0.70079948 0.076263126 0.70927004 -116.46597 -0.022107323 0.99611326 -0.085262181 -15.327726 -0.71301571 0.044071632 0.69976162 215.94865
0.68562321 0.077612039 0.72380739 -115.37725 -0.01943582 0.99589746 -0.088377077 -15.481997 -0.72769713 0.046525586 0.68431886 217.01341
0.67102229 0.080020283 0.73710636 -114.263 -0.017168292 0.99556931 -0.092449929 -15.650945 -0.74123841 0.049381107 0.66942301 218.05408
0.65608435 0.082292659 0.75018744 -113.1297 -0.01599018 0.99532978 -0.095199442 -15.804794 -0.75451819 0.050463233 0.65433616 219.06034
0.63986415 0.083084075 0.76398355 -111.96223 -0.014388568 0.99525951 -0.096184644 -15.979621 -0.76835336 0.050552478 0.63802634 220.0651
0.62431812 0.084297623 0.77660849 -110.79423 -0.015179334 0.99528187 -0.095830992 -16.152089 -0.78102275 0.048040626 0.62265209 221.03427
0.60606549 0.085411761 0.79081566 -109.60327 -0.017111721 0.99538799 -0.094392437 -16.326285 -0.7952307 0.043675783 0.60473185 221.99174
0.58757988 0.086632688 0.80451514 -108.39483 -0.019552493 0.99548192 -0.092916364 -16.49475 -0.80892994 0.038865511 0.58661903 222.91708
0.56949908 0.088388785 0.8172259 -107.18358 -0.021738925 0.99547364 -0.092518369 -16.66921 -0.8217045 0.034923514 0.56884279 223.79568
0.55164349 0.091555851 0.82903976 -105.9689 -0.023389528 0.99526433 -0.094349625 -16.842068 -0.83375203 0.032656509 0.55117253 224.63274
0.53391774 0.095083656 0.84017313 -104.73086 -0.025632043 0.99502041 -0.096319165 -17.014749 -0.84514786 0.029891159 0.53369624 225.45426
0.51391374 0.095303419 0.85253145 -103.4927 -0.025735777 0.99507512 -0.095724435 -17.189583 -0.85745577 0.027253544 0.51383548 226.23025
0.49338005 0.093991093 0.86472061 -102.26148 -0.02575683 0.99528727 -0.09348711 -17.356787 -0.86943244 0.023852214 0.4934758 226.98246
0.47164948 0.092403793 0.87693115 -100.99566 -0.025991268 0.99551892 -0.090920428 -17.528774 -0.88140302 0.020090022 0.47193768 227.68686
0.45045854 0.09069237 0.888179 -99.740354 -0.025553975 0.99572928 -0.088714145 -17.685292 -0.8924316 0.017265542 0.45085231 228.34855
0.42794239 0.089445896 0.89936904 -98.471862 -0.023887286 0.99586256 -0.087676395 -17.84651 -0.90349033 0.016036962 0.42830843 228.99357
