1 0 0 0 0 1 0 0 0 0 1 0
0.99988453 0.00073161328 0.015178667 0.00072521915 -0.00071907326 0.9999994 -0.00083160495 -0.003450438 -0.015179268 0.00082059438 0.99988445 0.10673912
0.99936152 0.0029125175 0.035609873 0.028080126 -0.0028870601 0.99999554 -0.00076630377 0.0044407921 -0.035611949 0.0006630067 0.99936547 0.27033324
0.99801127 0.0050177236 0.062835679 0.060001006 -0.0050918401 0.99998652 0.001019444 0.0029453554 -0.062829721 -0.0013373658 0.99802337 0.41208939
0.99538835 0.0045267891 0.095820317 0.10008791 -0.0047884325 0.99998541 0.0025007909 0.0032580014 -0.095807606 -0.0029480873 0.99539551 0.5906655
0.99104051 0.0014584026 0.13355369 0.17209457 -0.0021370587 0.99998552 0.0049383147 -0.00087821302 -0.13354456 -0.0051794819 0.99102928 0.77607738
0.98482336 -0.0018448474 0.17354985 0.24926728 0.00081259061 0.99998156 0.0060187619 -0.0082059526 -0.17355777 -0.0057863923 0.98480669 0.98181878
0.97603606 -0.0021824729 0.2175979 0.31266556 0.00072963 0.99997691 0.0067568543 -0.0051659381 -0.21760764 -0.0064361675 0.97601511 1.1942434
0.96413822 -0.0021222155 0.26539214 0.41218326 -0.00050182486 0.99995166 0.0098192109 0.0041604581 -0.26540017 -0.0096002568 0.96409055 1.3778363
0.95027679 -0.0058200385 0.31135213 0.56264712 0.00053146077 0.99985419 0.01706799 0.008453195 -0.31140609 -0.016053843 0.95014132 1.6413398
0.9334112 -0.015578184 0.35847014 0.67733001 0.0071054373 0.99966367 0.02494113 -0.0016716265 -0.35873814 -0.020733243 0.93320796 1.8511767
0.91185672 -0.021337322 0.40995369 0.85800839 0.010119797 0.99951316 0.029513404 -0.0027560258 -0.41038388 -0.022763348 0.91162872 2.0691854
0.88668184 -0.023178112 0.46179873 1.0268605 0.00841466 0.99938629 0.034003475 -0.0023812478 -0.4623035 -0.026264385 0.88633271 2.3236659
0.85834476 -0.025163303 0.51245591 1.2178075 0.0064802313 0.99924863 0.038212308 0.018120424 -0.51303246 -0.029478502 0.85786289 2.5333108
0.82635671 -0.03041911 0.56232485 1.4435705 0.0076709836 0.99905544 0.042771378 0.019129691 -0.56309481 -0.031030831 0.82580951 2.7772355
0.7905045 -0.035981825 0.61139832 1.6725207 0.0095964633 0.99887787 0.046377951 0.025334292 -0.61238106 -0.030794718 0.78996275 2.965457
0.75259896 -0.040621943 0.65722494 1.9421623 0.010986898 0.99873105 0.049148572 0.035390879 -0.65838752 -0.029768301 0.75209026 3.1825875
0.71335538 -0.04423678 0.69940487 2.2116933 0.012615397 0.99865462 0.050297053 0.049184046 -0.70068894 -0.027056403 0.71295371 3.4108658
0.67106988 -0.04586035 0.73997432 2.5108573 0.011292843 0.99860152 0.051647641 0.062078386 -0.74130812 -0.026302763 0.6706493 3.5981217
0.62911427 -0.046334969 0.77593057 2.8501504 0.0070468326 0.99852074 0.053913541 0.085955201 -0.77728092 -0.028449925 0.62851016 3.8159711
0.58725318 -0.047121967 0.80803043 3.2099718 0.0044270169 0.99847595 0.055010763 0.10021535 -0.80939123 -0.028728081 0.58656678 4.032594
0.54723397 -0.047975918 0.83560352 3.590998 0.0020536629 0.9984298 0.055979601 0.11724114 -0.8369772 -0.028917891 0.54647322 4.2327743
0.50789337 -0.05076305 0.85992289 3.9831661 0.0010615199 0.99829827 0.058304676 0.13061763 -0.86141933 -0.028699733 0.50708296 4.4242624
0.4703703 -0.050527696 0.88102138 4.4253641 -0.0019481435 0.99829757 0.058293732 0.1551961 -0.88246702 -0.029135997 0.4694711 4.632375
0.43396881 -0.049803397 0.89955023 4.8761347 -0.0028027442 0.99839142 0.056627841 0.18432146 -0.90092357 -0.027095926 0.43313115 4.820527
0.40056896 -0.048573976 0.91497815 5.3809993 -0.0015048875 0.9985576 0.053669832 0.20020003 -0.91626542 -0.022875408 0.39991808 5.00683
0.37123485 -0.047001955 0.9273486 5.8836579 0.00021090914 0.99872227 0.050535043 0.22342614 -0.92853902 -0.018564782 0.37077042 5.2090857
0.34599769 -0.045024766 0.93715436 6.4112109 0.00092385196 0.99886374 0.047648453 0.24622215 -0.93823495 -0.015620462 0.34564615 5.3843512
0.32570688 -0.044546988 0.94442073 7.0007465 0.0024255492 0.9989255 0.04628139 0.26691552 -0.94546773 -0.012783428 0.32546496 5.5450173
0.31110602 -0.044876553 0.94931505 7.586574 0.0033799123 0.99893045 0.046114347 0.29464297 -0.95036924 -0.011137849 0.31092495 5.7497906
0.2966388 -0.046318701 0.95386578 8.242457 0.0041269887 0.99887594 0.047220911 0.31500402 -0.95498087 -0.010070961 0.29649652 5.9175612
0.28746647 -0.048374544 0.95656827 8.8649273 0.0032940641 0.99876777 0.049518684 0.34505405 -0.95778508 -0.011083963 0.28727159 6.1156622
0.27666095 -0.050032179 0.95966423 9.516948 0.0017316027 0.99866806 0.051566444 0.37234986 -0.96096608 -0.012604663 0.27637909 6.3035466
0.2664529 -0.051861011 0.96245167 10.204776 0.0015587098 0.99857328 0.053375872 0.40515019 -0.96384672 -0.012721972 0.26615358 6.5082979
0.25671784 -0.053827662 0.96498625 10.924463 0.0003690007 0.99845326 0.055596311 0.42817558 -0.96648636 -0.013916484 0.25634063 6.6896223
0.24551319 -0.055090248 0.96782656 11.663815 -0.00018216099 0.99838125 0.056875679 0.4599831 -0.96939327 -0.014140029 0.24510573 6.8731016
0.23549352 -0.056704118 0.97022027 12.422228 -0.00089979689 0.99828333 0.058562652 0.49223913 -0.97187554 -0.014664126 0.23503823 7.059005
0.22538461 -0.059549088 0.97244825 13.18932 -0.0017373865 0.99810416 0.061522833 0.52769909 -0.97426836 -0.015555818 0.22485386 7.2387108
0.21354673 -0.063155514 0.97488927 13.963845 -0.0039420843 0.99784438 0.065506099 0.56473657 -0.97692494 -0.017831708 0.21283744 7.4102492
0.20212374 -0.066686517 0.97708691 14.725121 -0.0036180827 0.9976214 0.068836452 0.60757056 -0.97935335 -0.017448661 0.20140169 7.5786255
0.18789533 -0.069080114 0.97975671 15.575382 -0.00478168 0.99744742 0.071244459 0.64836443 -0.98217746 -0.018071383 0.18708539 7.7266478
0.17405911 -0.070130766 0.98223471 16.345849 -0.0049415444 0.99738602 0.072088234 0.68740879 -0.98472285 -0.01740137 0.17325757 7.871437
0.15929693 -0.069059069 0.98481229 17.156345 -0.0066527187 0.9974526 0.071021559 0.72468999 -0.98720834 -0.017865195 0.15843171 8.0230749
0.14258176 -0.068022798 0.98744279 17.968515 -0.0079152087 0.99752538 0.069860282 0.76641295 -0.98975142 -0.017776617 0.14169051 8.1293576
0.1220936 -0.06636626 0.99029722 18.802249 -0.010983418 0.99761049 0.068210513 0.80148478 -0.99245786 -0.019204915 0.12107293 8.2155478
0.097323476 -0.065193963 0.9931152 19.594177 -0.014453555 0.99765443 0.066908367 0.84426351 -0.99514789 -0.0208658 0.096152911 8.3032066
0.067421966 -0.064754927 0.99562091 20.427877 -0.018682327 0.99763471 0.066151042 0.88208581 -0.99754966 -0.023060548 0.066052719 8.3691115
0.035852558 -0.064486977 0.99727425 21.25946 -0.021428176 0.99763683 0.065280777 0.92303432 -0.99912738 -0.023710251 0.034385993 8.3880724
0.00086703538 -0.063983712 0.99795052 22.084886 -0.023178567 0.99768155 0.063986604 0.95252301 -0.99973101 -0.023186542 -0.00061802711 8.3680131
-0.034242564 -0.062902449 0.99743202 22.974522 -0.024815082 0.99776317 0.062071412 0.98551542 -0.99910547 -0.022625873 -0.0357269 8.302691
-0.067917208 -0.060911194 0.9958298 23.779091 -0.027439892 0.99787103 0.059164603 1.0153779 -0.99731359 -0.023307167 -0.069444013 8.2686845
-0.099041659 -0.057723975 0.99340757 24.597653 -0.028730404 0.99806574 0.055130257 1.0546169 -0.99466849 -0.023080809 -0.10050852 8.1895108
-0.1323858 -0.053166647 0.9897713 25.485218 -0.026320131 0.99839686 0.050109557 1.0724084 -0.99084879 -0.019417116 -0.13357292 8.0739399
-0.16382712 -0.047661789 0.98533697 26.273206 -0.020895005 0.99877574 0.044837728 1.0989137 -0.98626779 -0.013242984 -0.16462245 7.9325692
-0.19346788 -0.041121548 0.98024442 27.126724 -0.01572473 0.99912288 0.038809962 1.1135392 -0.98098063 -0.0079055968 -0.19394481 7.7419244
-0.220959 -0.035765771 0.97462703 27.941415 -0.0094130896 0.99935901 0.034539304 1.1266842 -0.97523771 -0.0015424807 -0.22115403 7.5290892
-0.24963266 -0.029050231 0.96790472 28.756651 -0.0014976718 0.99956029 0.029614061 1.1410699 -0.96833949 0.0059430343 -0.2495664 7.2993184
-0.27788361 -0.018970255 0.96042738 29.564149 0.0050533796 0.99976229 0.021209305 1.1377806 -0.9606015 0.010747124 -0.27772169 7.0638131
-0.30171385 -0.0037802507 0.95339099 30.341863 0.009845893 0.99992646 0.0070806372 1.1312015 -0.95334773 0.011523313 -0.30165445 6.7932976
-0.32824157 0.01318703 0.94450172 31.107987 0.010476511 0.99989187 -0.01031949 1.1036523 -0.94453575 0.006507798 -0.32834423 6.5278943
-0.35407912 0.027978829 0.93479682 31.884252 0.0090622462 0.9996081 -0.026486088 1.0752775 -0.9351716 -0.0009068107 -0.35419391 6.229197
-0.37693888 0.038566578 0.92543483 32.651453 0.01274328 0.99925414 -0.036452457 1.0384105 -0.92615051 -0.001947273 -0.37714921 5.8992493
-0.4019257 0.044094487 0.91460994 33.459196 0.016753247 0.99902678 -0.040802107 0.99208733 -0.91551905 -0.0010767283 -0.40227327 5.5601629
-0.42420167 0.043070694 0.90454286 34.182465 0.018934458 0.99907177 -0.038692125 0.94392884 -0.90536981 0.00071376551 -0.42462343 5.2033034
-0.44396679 0.039522714 0.89517115 34.899346 0.022636079 0.99920263 -0.032889277 0.90218091 -0.89575732 0.0056614193 -0.44450742 4.8247267
-0.46241964 0.038503132 0.88582477 35.629522 0.030305858 0.9991593 -0.027609001 0.8693504 -0.88614316 0.014078736 -0.46319776 4.4325327
-0.47595287 0.039328122 0.87859097 36.336598 0.034438168 0.99906688 -0.026065006 0.82198612 -0.8787963 0.017851351 -0.47686314 4.0371783
-0.4871501 0.042564579 0.87228033 37.036032 0.036730838 0.99892635 -0.028231117 0.77046504 -0.87254552 0.018286798 -0.4881905 3.6350855
-0.49677623 0.0455792 0.86668094 37.742492 0.038593291 0.9987923 -0.030405565 0.730723 -0.86702018 0.018343309 -0.49793532 3.2177162
-0.50732073 0.044152754 0.86062544 38.415776 0.032067888 0.99896214 -0.032346504 0.68049698 -0.86116049 0.011188389 -0.50821009 2.8228957
-0.51865017 0.042994956 0.85390478 39.088746 0.030524821 0.99902924 -0.031761754 0.65301 -0.85444151 0.0095920523 -0.5194591 2.4030684
-0.52741481 0.044232508 0.84845568 39.780202 0.032729081 0.99896035 -0.031733796 0.60927522 -0.84897731 0.011032302 -0.52831418 1.9790481
-0.53498019 0.048141276 0.84349188 40.446632 0.036767655 0.99875602 -0.0336831 0.56470209 -0.84406421 0.012993428 -0.53608473 1.5542699
-0.53905899 0.050948253 0.84072565 41.133059 0.037459993 0.99863136 -0.03649868 0.52842202 -0.84143462 0.011818636 -0.54022973 1.1081422
-0.53817505 0.052480426 0.84119758 41.848447 0.036545214 0.9985739 -0.038918158 0.47819216 -0.84204045 0.0097969645 -0.53932546 0.6591722
-0.53488595 0.053602148 0.84322226 42.565708 0.039112924 0.9984866 -0.038661304 0.44038119 -0.84401852 0.012301501 -0.53617299 0.19970704
-0.52922254 0.052279878 0.84687086 43.312168 0.037507229 0.99856574 -0.038205617 0.39467213 -0.84765369 0.011544507 -0.53042437 -0.25615682
-0.52209936 0.050875675 0.85136588 44.073427 0.035204097 0.99865407 -0.038088398 0.3501567 -0.85215785 0.01008564 -0.52318768 -0.70802483
-0.5149271 0.050189238 0.85576344 44.851157 0.033457957 0.99870062 -0.038440078 0.30654344 -0.85658082 0.0088382591 -0.51593725 -1.1831855
-0.50840676 0.048939814 0.85972518 45.666985 0.030356926 0.99878174 -0.038903739 0.25415621 -0.86058183 0.0063196905 -0.50927305 -1.6535881
-0.50441339 0.046620719 0.86220274 46.459883 0.026550587 0.99890659 -0.038479663 0.20955376 -0.86305403 0.0034823318 -0.50509967 -2.1033314
-0.50259525 0.043926576 0.86340512 47.313435 0.021589987 0.99903459 -0.038259146 0.1609101 -0.86425225 -0.00058795932 -0.50305842 -2.5905188
-0.50320258 0.041532473 0.86316983 48.150835 0.018862797 0.99913433 -0.037078115 0.10654463 -0.86396263 -0.0023760052 -0.50355039 -3.0640293
-0.5041675 0.040256564 0.86266707 49.01941 0.016902551 0.99918158 -0.036748707 0.054340609 -0.8634405 -0.0039462292 -0.50443532 -3.5261038
-0.50475258 0.039836693 0.86234436 49.868494 0.017445472 0.99920139 -0.035947623 0.010828134 -0.8630878 -0.0031006503 -0.50504446 -4.0376079
-0.50516945 0.039126808 0.86213274 50.738413 0.017157497 0.99922963 -0.035295286 -0.036273841 -0.86284964 -0.0030380593 -0.50545161 -4.5430073
-0.50475937 0.038543516 0.86239916 51.622797 0.017141224 0.99925329 -0.034627283 -0.096760038 -0.86308992 -0.0026958677 -0.50504314 -5.0620676
-0.50497121 0.037945492 0.86230166 52.520576 0.017053216 0.99927679 -0.033986558 -0.14443233 -0.86296774 -0.0024572156 -0.5052531 -5.5923642
-0.50496324 0.036750099 0.8623581 53.431618 0.015474479 0.99931806 -0.033525507 -0.19884096 -0.86300216 -0.0035846051 -0.50518757 -6.1019266
-0.50548075 0.035891888 0.86209102 54.319651 0.01481764 0.9993482 -0.032918172 -0.2568283 -0.86271068 -0.0038653466 -0.50568311 -6.6073862
-0.50411337 0.035066243 0.86292526 55.202977 0.013589979 0.99937373 -0.032671881 -0.30413011 -0.86353059 -0.0047431954 -0.50427421 -7.1415324
-0.50289003 0.033802341 0.86368916 56.103357 0.013330615 0.99941949 -0.03135258 -0.36221607 -0.86424764 -0.0042533914 -0.5030487 -7.6365764
-0.50125828 0.031658144 0.86471836 56.990718 0.013539806 0.99949511 -0.028743717 -0.41839588 -0.86519182 -0.0026999067 -0.50143384 -8.1465504
-0.49882186 0.030550049 0.86616591 57.887485 0.014450483 0.99953282 -0.026931975 -0.46634555 -0.8665841 -0.00091774114 -0.49903028 -8.6533869
-0.49563215 0.029822633 0.86802034 58.772596 0.013979002 0.99955477 -0.026359879 -0.51955505 -0.86842007 -0.00093074463 -0.49582837 -9.1784816
-0.49488096 0.030325952 0.86843141 59.67476 0.014896854 0.99954005 -0.026415251 -0.57082974 -0.86883312 -0.00013550823 -0.4951051 -9.634389
-0.49306208 0.030639675 0.86945439 60.560579 0.014784445 0.99953042 -0.026839403 -0.61863852 -0.86986853 -0.00037909042 -0.49328354 -10.149771
-0.49373484 0.031887186 0.86902764 61.449191 0.013822074 0.99948901 -0.028821237 -0.67268563 -0.86950268 -0.0022182837 -0.4939233 -10.653791
-0.49640284 0.034008023 0.86742585 62.321317 0.012764477 0.99941026 -0.031877818 -0.72051802 -0.86799847 -0.0047520019 -0.49654419 -11.141751
-0.50023992 0.034587476 0.86519574 63.199979 0.011621789 0.99938009 -0.033232192 -0.77726494 -0.86580888 -0.0065689459 -0.50033179 -11.648087
-0.50726552 0.033205284 0.86114984 64.073278 0.011367459 0.9994283 -0.031841124 -0.83052436 -0.86171488 -0.006362818 -0.50735297 -12.129131
-0.51219037 0.031257361 0.85830294 64.936853 0.015162276 0.99951087 -0.027351764 -0.88520381 -0.85873814 -0.00099548308 -0.51241378 -12.646069
-0.51714269 0.028951845 0.85540935 65.787494 0.012104424 0.99957517 -0.026513422 -0.93360693 -0.85581364 -0.0033569848 -0.51727344 -13.167831
-0.52224775 0.031342778 0.85221761 66.630637 0.013089159 0.99950127 -0.028738389 -0.98770982 -0.85269339 -0.0038537467 -0.52239754 -13.681085
-0.52730231 0.033918828 0.84900042 67.463546 0.013725437 0.99941255 -0.031403338 -1.0349881 -0.84956691 -0.0049061502 -0.5274581 -14.195984
-0.532358 0.033913017 0.8458397 68.304508 0.012311103 0.9994017 -0.032321504 -1.0882098 -0.84642983 -0.0067933909 -0.532457 -14.709468
-0.53604917 0.034702306 0.84347317 69.125706 0.011258365 0.99935975 -0.033960831 -1.1445881 -0.84411172 -0.0087085459 -0.53609665 -15.222409
-0.53893105 0.033562417 0.84168095 69.948029 0.011195191 0.99940306 -0.03268334 -1.1976658 -0.84227552 -0.0081912865 -0.53898508 -15.757926
-0.54192257 0.026728072 0.84000326 70.7669 0.012904406 0.99964096 -0.023482391 -1.2489455 -0.84032938 -0.0018858936 -0.54207291 -16.26593
-0.54341947 0.018781031 0.83925115 71.587381 0.013682913 0.99981505 -0.013514423 -1.2882231 -0.83934981 0.0041394007 -0.54357595 -16.810397
-0.54581487 0.015470018 0.83776294 72.409943 0.013418926 0.99986271 -0.0097207025 -1.3260697 -0.83779837 0.0059361756 -0.54594753 -17.329502
-0.54716563 0.021277772 0.83675383 73.207542 0.013972185 0.99976974 -0.016286477 -1.35773 -0.83690777 0.0027798801 -0.54733693 -17.847138
-0.54756616 0.026990087 0.83632695 74.015287 0.014505568 0.99963565 -0.022763219 -1.4015002 -0.83663668 -0.0003329697 -0.54775816 -18.378177
-0.54901769 0.0320239 0.83519697 74.818684 0.020977199 0.99947889 -0.024533563 -1.4371751 -0.83554748 0.0040507338 -0.54940337 -18.897003
-0.54873149 0.033040607 0.83534544 75.600639 0.02416135 0.99942807 -0.023659213 -1.4776747 -0.83564947 0.0072005189 -0.54921596 -19.426391
-0.54763144 0.030217335 0.83617382 76.402059 0.024158132 0.99950207 -0.020297856 -1.5192694 -0.83637088 0.0090846541 -0.54808875 -19.9539
-0.54783796 0.025014471 0.83621037 77.204974 0.022048592 0.99963739 -0.015458245 -1.5556738 -0.8362939 0.0099686488 -0.54819084 -20.454931
-0.54679132 0.018523719 0.83706395 78.004191 0.019905259 0.99976026 -0.0091214709 -1.5871439 -0.83703231 0.011674434 -0.54702896 -20.980156
-0.54645149 0.012783043 0.83739316 78.80499 0.011496585 0.99990379 -0.0077615711 -1.6226826 -0.83741188 0.0053858403 -0.54654588 -21.480779
-0.54483663 0.0070140729 0.83851284 79.610726 0.002599257 0.99997434 -0.0066757729 -1.6441415 -0.83853822 -0.0014576945 -0.54484088 -21.980789
-0.5433551 0.0076067283 0.83946847 80.405522 0.0055321223 0.99996968 -0.0054803603 -1.6723077 -0.83948477 0.0016662613 -0.54338071 -22.491084
-0.54063831 0.011200473 0.84118054 81.189941 0.011443123 0.99991677 -0.0059594204 -1.7031752 -0.84117735 0.0064038428 -0.54072148 -22.99445
-0.53505161 0.014701574 0.84469141 81.962495 0.012733374 0.99987533 -0.0093368163 -1.7270688 -0.84472344 0.0057600935 -0.53517211 -23.483786
-0.52708044 0.01649157 0.84965533 82.756976 0.017365917 0.99981193 -0.0086331862 -1.7531358 -0.84963798 0.010204661 -0.52726771 -23.979625
-0.51933941 0.019097362 0.85435461 83.559458 0.024498207 0.99967209 -0.007453831 -1.7931345 -0.85421688 0.017059089 -0.51963696 -24.470835
-0.50863941 0.018757125 0.86077527 84.3739 0.023436873 0.99969383 -0.0079352469 -1.8147187 -0.86066063 0.016137702 -0.50892329 -24.945936
-0.49920916 0.016099953 0.86633189 85.171729 0.019460178 0.9997835 -0.0073664226 -1.8414575 -0.866263 0.013181589 -0.49941439 -25.389768
-0.48677882 0.013696157 0.87341784 85.991234 0.021721069 0.99975769 -0.0035715799 -1.8599507 -0.8732552 0.017233001 -0.48695836 -25.847758
-0.47584282 0.012034942 0.87944795 86.809539 0.020589179 0.99978479 -0.0025415249 -1.8897296 -0.87928935 0.016897746 -0.47598821 -26.275721
-0.46478167 0.010820918 0.88535916 87.62808 0.01972724 0.99980366 -0.0018635752 -1.9121589 -0.88520557 0.016599538 -0.46490389 -26.700407
-0.45256042 0.013259368 0.89163512 88.455137 0.024369513 0.9996999 -0.0024973346 -1.9296905 -0.89140073 0.02059852 -0.45274773 -27.114969
-0.44023768 0.015286266 0.89775111 89.281065 0.021843376 0.99974148 -0.0063113666 -1.9668064 -0.89761558 0.016831415 -0.44045777 -27.507886
-0.42902809 0.025958159 0.90291805 90.115965 0.025949837 0.99952862 -0.016405379 -1.9869232 -0.90291836 0.016392209 -0.42949947 -27.900643
-0.4159531 0.030920653 0.9088602 90.944189 0.026091858 0.99941611 -0.022060168 -2.0173097 -0.90901172 0.014537858 -0.41651701 -28.266907
-0.40487111 0.027228909 0.91396821 91.790033 0.023250704 0.99953989 -0.019478623 -2.0500385 -0.91407815 0.013364074 -0.40531792 -28.633771
-0.3924705 0.023968311 0.9194522 92.631848 0.025170364 0.99956589 -0.015312683 -2.0884766 -0.91942016 0.017133171 -0.39290342 -28.981396
-0.38290928 0.023809313 0.92347903 93.482908 0.020763875 0.99963707 -0.017163346 -2.128286 -0.92355261 0.012602999 -0.38326469 -29.32373
-0.376175 0.028501334 0.92611013 94.315812 0.01658478 0.99957377 -0.024025657 -2.164779 -0.92640023 0.0063214822 -0.37648735 -29.654088
-0.37069118 0.033278727 0.92815974 95.164974 0.009098596 0.99944001 -0.032200621 -2.205734 -0.92871166 -0.0034915349 -0.37078639 -29.978855
-0.36736593 0.034639216 0.92943118 96.008453 0.0044224658 0.99935998 -0.035497391 -2.2556427 -0.93006601 -0.0089301535 -0.367284 -30.297345
-0.3640301 0.034994444 0.9307295 96.838828 0.0047115963 0.99935031 -0.035731696 -2.3027066 -0.93137531 -0.0086221905 -0.36395847 -30.614218
-0.3590945 0.034874437 0.93264936 97.699714 0.0041045261 0.99935097 -0.03578825 -2.3545397 -0.93329222 -0.0090232794 -0.35900458 -30.937566
-0.35429515 0.030697663 0.93462962 98.5342 0.0013327378 0.99947661 -0.032322335 -2.4004983 -0.93513274 -0.01020603 -0.35415063 -31.24802
-0.34819463 0.027188792 0.93702785 99.399685 0.0019025498 0.99959774 -0.02829734 -2.4482313 -0.93742037 -0.0080702392 -0.3481063 -31.558257
-0.34301021 0.024288754 0.93901756 100.24423 0.00070206272 0.99967199 -0.025601194 -2.490366 -0.93933145 -0.0081222213 -0.34291476 -31.865703
-0.33740638 0.022815086 0.94108253 101.08106 -0.004691651 0.99965309 -0.025917134 -2.5364112 -0.94134744 -0.013159837 -0.33718229 -32.150481
-0.33045029 0.022509296 0.94355491 101.93997 -0.015951973 0.99943957 -0.029429144 -2.5745184 -0.94368862 -0.024776431 -0.32990603 -32.426095
-0.324103 0.025686209 0.94567298 102.78498 -0.014657866 0.99937497 -0.032168425 -2.6243832 -0.94590828 -0.02428743 -0.32352392 -32.700637
-0.31694944 0.030052885 0.94796614 103.64823 -0.011378391 0.99930544 -0.035484795 -2.6694887 -0.94837422 -0.022033215 -0.31638735 -32.990248
-0.31048975 0.02815672 0.95015959 104.49445 -0.01300823 0.99934176 -0.033864949 -2.7132176 -0.95048776 -0.022874613 -0.3099191 -33.256683
-0.30375614 0.022886251 0.95247485 105.343 -0.014229967 0.99949096 -0.028554076 -2.7613837 -0.95264358 -0.022227162 -0.30327585 -33.512614
-0.29674378 0.020619353 0.95473446 106.19712 -0.013586997 0.99957451 -0.025810774 -2.7979471 -0.95486051 -0.02063116 -0.29633737 -33.767139
-0.29042554 0.023278692 0.95661436 107.04721 -0.016032517 0.99944534 -0.029188388 -2.843568 -0.95676332 -0.023813989 -0.28989124 -34.018936
-0.28368281 0.026068247 0.95856373 107.9175 -0.017424128 0.99932525 -0.032333355 -2.8943069 -0.9587599 -0.025874554 -0.28303718 -34.264731
-0.27694071 0.026862218 0.96051142 108.76413 -0.018584292 0.99927245 -0.03330457 -2.9318887 -0.96070731 -0.027073816 -0.27624001 -34.496756
-0.27006085 0.025806621 0.96249731 109.644 -0.01886432 0.99930705 -0.032086584 -2.9816224 -0.96265848 -0.026822187 -0.26938689 -34.734173
-0.26242751 0.025961732 0.96460236 110.49203 -0.016077945 0.99938159 -0.031271922 -3.0271305 -0.9648178 -0.023715436 -0.26184782 -34.958239
-0.25439475 0.027174205 0.96671857 111.35223 -0.011414394 0.99945116 -0.031098038 -3.0737127 -0.96703315 -0.018945684 -0.25394495 -35.181788
-0.24765907 0.027761188 0.96844939 112.23485 -0.0097093162 0.99946808 -0.031133294 -3.1174323 -0.96879863 -0.017113424 -0.2472578 -35.406987
-0.24116388 0.026774392 0.97011496 113.08795 -0.016236947 0.99936813 -0.031618146 -3.1574382 -0.97034861 -0.02337686 -0.24057676 -35.597973
-0.23513415 0.024607493 0.97165134 113.95815 -0.020943861 0.99931908 -0.030376485 -3.206621 -0.97173729 -0.027492679 -0.23445866 -35.799016
-0.23025849 0.02484381 0.97281228 114.84111 -0.018195872 0.99938937 -0.029829385 -3.2481626 -0.97295941 -0.024569637 -0.22966584 -36.003355
-0.22600449 0.02506478 0.9738037 115.69111 -0.016426678 0.99942871 -0.029536715 -3.2949105 -0.97398779 -0.02267179 -0.22546365 -36.192709
-0.22111567 0.026695557 0.97488211 116.58173 -0.015024816 0.9994134 -0.030775124 -3.3377647 -0.97513189 -0.021452286 -0.22058487 -36.390253
-0.21561467 0.025724774 0.97613957 117.42665 -0.009733971 0.99954663 -0.028491721 -3.3769317 -0.97643005 -0.015644947 -0.21526652 -36.575439
-0.20994197 0.025279886 0.97738693 118.29793 -0.0012803752 0.99965771 -0.026130936 -3.4164082 -0.97771305 -0.0067374015 -0.20983774 -36.766873
-0.20514182 0.023757292 0.97844384 119.18814 0.00055881975 0.99970803 -0.024156437 -3.4633517 -0.97873214 -0.0044087209 -0.2050952 -36.959205
-0.20105474 0.025423589 0.97924999 120.044 -0.0012692826 0.99965555 -0.026213965 -3.5011734 -0.97957923 -0.0065133861 -0.20095322 -37.117859
-0.19751187 0.02737802 0.97991807 120.91354 -0.0033325068 0.9995854 -0.028599205 -3.540385 -0.98029487 -0.0089142655 -0.19733875 -37.286044
-0.19562787 0.026550162 0.9803187 121.79765 -0.0052987154 0.99959024 -0.028129482 -3.5839371 -0.98066393 -0.01069734 -0.19540703 -37.456212
-0.19458662 0.025329388 0.9805582 122.64942 -0.0067873471 0.99960783 -0.027168383 -3.627486 -0.9808619 -0.011941992 -0.19433839 -37.611802
-0.19352687 0.021328986 0.98086306 123.53583 -0.0061219026 0.99971794 -0.022946854 -3.6640229 -0.98107592 -0.01044558 -0.19334171 -37.785324
-0.19298042 0.015583448 0.98107881 124.38724 -0.0057199025 0.99983902 -0.017006551 -3.7047029 -0.98118598 -0.0088936059 -0.19286022 -37.94321
-0.19242302 0.01352892 0.98121877 125.25282 -0.0040601482 0.99988543 -0.014582512 -3.7385701 -0.98130371 -0.0067899039 -0.19234604 -38.104246
-0.19095974 0.01827465 0.9814277 126.12571 -0.0059210442 0.99978705 -0.019768587 -3.7740106 -0.98158005 -0.0095860802 -0.19081087 -38.272476
-0.19092877 0.022250153 0.98135165 126.96169 -0.0058346104 0.99969968 -0.02380132 -3.8122152 -0.98158659 -0.010270161 -0.19074161 -38.42661
-0.19090841 0.02137492 0.98137506 127.81705 -0.0085397923 0.99968889 -0.023435063 -3.8414278 -0.98157075 -0.012854689 -0.19066648 -38.585047
-0.19067033 0.020434304 0.98144138 128.68422 -0.0091287663 0.99970318 -0.022588025 -3.8842766 -0.98161172 -0.013266215 -0.19042719 -38.748585
-0.18982536 0.02093123 0.98159469 129.51784 -0.0046987199 0.99974191 -0.022226855 -3.9249312 -0.98180667 -0.0088314585 -0.18967802 -38.905963
-0.18917825 0.02338589 0.9816642 130.37201 -0.0075703025 0.99965192 -0.02527329 -3.9658876 -0.98191362 -0.012212651 -0.18893537 -39.065503
-0.1892891 0.024668164 0.98161145 131.19871 -0.016940289 0.99945356 -0.028383221 -3.9981256 -0.9817753 -0.022001415 -0.18876778 -39.203587
-0.18892601 0.025930382 0.98164887 132.0289 -0.021304419 0.99930779 -0.030497045 -4.0372222 -0.98176024 -0.026675143 -0.1882428 -39.349483
-0.18902337 0.029294416 0.98153549 132.86591 -0.021235906 0.99919921 -0.033911192 -4.0885162 -0.98174298 -0.027253803 -0.18824991 -39.500286
-0.18814156 0.030495247 0.98166833 133.69533 -0.017499686 0.99925508 -0.034395473 -4.1313227 -0.98198605 -0.023650105 -0.18746775 -39.658348
-0.18662622 0.031388208 0.9819294 134.52592 -0.018989946 0.99918749 -0.035549119 -4.1813678 -0.98224748 -0.025281184 -0.18587853 -39.804378
-0.18434572 0.031075101 0.98237005 135.33902 -0.011770966 0.99935857 -0.033821363 -4.2176253 -0.98279102 -0.017798268 -0.1838617 -39.960956
-0.18144678 0.028184556 0.98299675 136.16965 -0.0043121192 0.9995568 -0.029455319 -4.268042 -0.98339135 -0.0095833714 -0.18124483 -40.114301
-0.17910305 0.023596666 0.98354726 136.97294 0.00092014479 0.99971591 -0.023817015 -4.3040092 -0.98382993 -0.0033606934 -0.17907388 -40.2683
-0.17533608 0.02334324 0.98423182 137.79718 0.004840879 0.99972722 -0.022848368 -4.3401273 -0.98449678 0.00075840476 -0.17540126 -40.412327
-0.17027706 0.027395694 0.98501529 138.60296 0.0010413396 0.9996179 -0.027621813 -4.3910254 -0.98539572 -0.003677625 -0.17024053 -40.545643
-0.16399162 0.03085121 0.98597914 139.40145 0.0026716452 0.99952105 -0.030830576 -4.4281787 -0.98645816 -0.0024217687 -0.1639955 -40.672485
-0.15618692 0.031089741 0.98723806 140.18511 -0.0011833265 0.9994979 -0.031663032 -4.4671703 -0.98772685 -0.0061135757 -0.15607171 -40.790375
-0.14629174 0.027746761 0.98885224 140.98659 0.0070484224 0.99961043 -0.027005879 -4.5001405 -0.98921642 0.0030191123 -0.14643032 -40.908579
-0.13404547 0.026326779 0.99062537 141.81002 0.015129858 0.9995849 -0.024517604 -4.5405845 -0.99085972 0.011701549 -0.13438815 -41.014321
-0.12058351 0.028392127 0.99229704 142.57721 0.013828098 0.99954197 -0.026919037 -4.5822995 -0.99260691 0.01047559 -0.12092089 -41.109881
-0.10648607 0.029622705 0.99387279 143.37183 0.012098186 0.99952072 -0.028494812 -4.6213363 -0.99424063 0.0089897583 -0.10679341 -41.185701
-0.092549357 0.029821636 0.99526137 144.16113 0.017157551 0.99945075 -0.028351683 -4.6554508 -0.9955603 0.014452319 -0.093010192 -41.257099
-0.078867 0.031501495 0.99638726 144.93655 0.019819621 0.99935259 -0.030026463 -4.6959871 -0.99668815 0.017379921 -0.07944029 -41.310131
-0.06516052 0.037203084 0.997181 145.73302 0.016323033 0.99921081 -0.036212186 -4.7453588 -0.99774132 0.013917415 -0.065716364 -41.34726
-0.052920806 0.04652114 0.99751445 146.47964 0.0098690747 0.99888984 -0.046061702 -4.7913 -0.99854999 0.0074069233 -0.053321178 -41.365113
-0.038787745 0.054887212 0.99773885 147.25111 0.0014460927 0.99849233 -0.054872442 -4.8365233 -0.99924647 -0.00068555465 -0.038808639 -41.382977
-0.026239687 0.055827043 0.99809555 148.00416 -0.0010299082 0.99843734 -0.055873234 -4.8907052 -0.99965519 -0.0024940422 -0.026141188 -41.387427
-0.013866915 0.051795674 0.99856138 148.79817 -0.00057127458 0.99865687 -0.051808559 -4.9452354 -0.99990373 -0.0012888768 -0.013818702 -41.389626
-0.0029319118 0.04910407 0.99878932 149.54653 -4.8540624e-05 0.99879365 -0.049104423 -4.9998976 -0.99999574 -0.00019245085 -0.0029259928 -41.374732
0.006039076 0.055064097 0.99846452 150.30706 -0.0059748465 0.99846693 -0.055028091 -5.0644501 -0.99996396 -0.0056333527 0.0063588157 -41.357754
0.012188445 0.063800758 0.99788818 151.04105 -0.013408891 0.99788305 -0.063636649 -5.1141507 -0.99983585 -0.012604942 0.013018139 -41.333047
0.015659903 0.066977376 0.99763155 151.78105 -0.01778218 0.9976148 -0.066697121 -5.1658931 -0.99971928 -0.016695593 0.016813553 -41.31337
0.015789956 0.062884483 0.99789585 152.54302 -0.019277461 0.99785396 -0.062576809 -5.2249247 -0.99968952 -0.018248813 0.016968322 -41.290487
0.014225596 0.057322169 0.99825433 153.30835 -0.013340573 0.99827742 -0.057133383 -5.2978659 -0.99980985 -0.012504527 0.0149658 -41.273157
0.011178673 0.054964463 0.99842569 154.05134 -0.014532919 0.99839159 -0.054799869 -5.3495865 -0.99983194 -0.01389745 0.011959486 -41.26101
0.0084058857 0.054930515 0.99845475 154.79912 -0.013414289 0.99840642 -0.054814921 -5.4008082 -0.99987473 -0.012932792 0.0091293426 -41.251673
0.004740915 0.055375675 0.99845429 155.5431 -0.013255266 0.99838131 -0.055308686 -5.4586242 -0.99990095 -0.012972563 0.0054672588 -41.247961
-0.00012399048 0.05341995 0.99857209 156.27504 -0.011399446 0.99850718 -0.053417892 -5.5149753 -0.99993506 -0.011389791 0.00048515092 -41.239553
-0.0053402429 0.05388879 0.99853262 157.01063 -0.01344593 0.99845276 -0.053956389 -5.5665368 -0.99989538 -0.013714339 -0.0046073969 -41.239783
-0.01151907 0.051987363 0.99858126 157.74838 -0.01484914 0.99852855 -0.052155908 -5.6166559 -0.99982343 -0.01542886 -0.010730154 -41.241521
-0.017068253 0.049345467 0.99863588 158.50219 -0.012211676 0.99869663 -0.049557184 -5.6707793 -0.99977979 -0.013040872 -0.016443417 -41.252702
-0.022322255 0.049165523 0.99854113 159.23981 -0.014757322 0.99866502 -0.049501519 -5.7222405 -0.99964195 -0.015840777 -0.021566905 -41.272262
-0.028004569 0.05039752 0.99833649 159.95714 -0.014699771 0.99859948 -0.050823141 -5.7707177 -0.99949975 -0.016098597 -0.027224517 -41.282705
-0.0318901 0.052733502 0.99809925 160.67453 -0.016650606 0.9984406 -0.053283535 -5.8258787 -0.99935272 -0.018318174 -0.030962327 -41.30059
-0.034357512 0.054803862 0.99790581 161.39373 -0.013429585 0.99837989 -0.055292272 -5.8772227 -0.99931941 -0.015301166 -0.033565857 -41.321508
-0.036017865 0.056272029 0.99776555 162.10446 -0.012760141 0.99830613 -0.056763137 -5.9341351 -0.99926972 -0.014776116 -0.035238818 -41.346177
-0.035163131 0.05458291 0.99788986 162.83576 -0.0097419781 0.99844123 -0.05495635 -5.987125 -0.99933414 -0.011653858 -0.034576576 -41.377499
-0.031739213 0.051326633 0.9981774 163.53441 -0.0057562107 0.99865464 -0.051534203 -6.0323449 -0.99947965 -0.0073813737 -0.031401067 -41.397491
-0.024219615 0.050565943 0.99842697 164.23531 -0.0036342608 0.99870892 -0.05066838 -6.087319 -0.9997001 -0.0048557119 -0.024004577 -41.409384
-0.013279157 0.051675851 0.99857558 164.94127 -0.0025742607 0.9986586 -0.051714378 -6.1421643 -0.99990856 -0.0032573164 -0.013128319 -41.411921
0.00090395291 0.051782653 0.99865793 165.62977 9.4185719e-05 0.99865837 -0.05178276 -6.192194 -0.99999963 0.00014086934 0.00089786142 -41.403685
0.016164607 0.049474071 0.99864455 166.31696 -0.00071096162 0.9987754 -0.049469044 -6.2388187 -0.99986913 8.9650569e-05 0.016179985 -41.379609
0.032026585 0.044882712 0.99847872 167.01981 -0.0044646682 0.99898769 -0.044762383 -6.2839404 -0.99947709 -0.0030242892 0.032194548 -41.340159
0.048904384 0.038227255 0.99807162 167.68801 -0.0076584268 0.9992523 -0.037897221 -6.329129 -0.99877415 -0.0057903174 0.049160577 -41.292642
0.065783237 0.03105199 0.99735062 168.3595 -0.0070585344 0.99950515 -0.030653503 -6.3632074 -0.99780901 -0.0050233463 0.065969864 -41.238001
0.083581679 0.02321182 0.99623051 169.05647 -0.0070296503 0.99971753 -0.022703292 -6.396882 -0.99647618 -0.0051055721 0.083721239 -41.17036
0.1005285 0.017150199 0.99478631 169.70512 -0.010400579 0.99981491 -0.016185857 -6.4333 -0.99487986 -0.008719213 0.10068826 -41.08699
0.11862872 0.014652582 0.99283052 170.37146 -0.010071048 0.99985744 -0.013552944 -6.4618178 -0.99288765 -0.0083910752 0.11875938 -40.99517
0.13673191 0.013871224 0.99051092 171.00506 -0.0088908279 0.99987887 -0.012775107 -6.4804752 -0.99056823 -0.0070596967 0.13683867 -40.893866
0.15441404 0.013287354 0.98791683 171.64069 -0.010349849 0.99987645 -0.0118305 -6.5035653 -0.98795206 -0.0083979941 0.15453248 -40.779889
0.17059303 0.012720936 0.98525942 172.29229 -0.01570919 0.99982469 -0.010189019 -6.5218707 -0.98521638 -0.013739451 0.17076295 -40.646456
0.18476679 0.0092804864 0.98273853 172.90108 -0.017690382 0.99982481 -0.0061158334 -6.5387169 -0.98262321 -0.016255016 0.18489859 -40.511942
0.19725727 0.0049995372 0.98033897 173.53801 -0.014286643 0.99989547 -0.0022246081 -6.5580069 -0.9802477 -0.013566932 0.19730807 -40.380734
0.20789015 0.0034070858 0.97814621 174.1641 -0.011305373 0.99993551 -0.0010801963 -6.5768043 -0.97808689 -0.010833745 0.20791526 -40.242876
0.2177326 0.0069882024 0.9759834 174.75553 -0.015569724 0.99987199 -0.0036857912 -6.5948712 -0.97588431 -0.014393274 0.21781353 -40.093943
0.22675576 0.013984081 0.97385122 175.37732 -0.019860536 0.9997554 -0.0097316395 -6.6192924 -0.97374918 -0.017134501 0.22697803 -39.935082
0.23585486 0.023970612 0.97149257 175.94841 -0.019667016 0.99960873 -0.019889675 -6.6356117 -0.9715893 -0.014415283 0.23623401 -39.784599
0.24440674 0.030757633 0.96918483 176.53636 -0.014427446 0.99950152 -0.02808147 -6.6502685 -0.96956551 -0.007119561 0.24472866 -39.635184
0.25057228 0.029330923 0.96765343 177.14622 -0.015513483 0.99953424 -0.026280083 -6.6695341 -0.96797363 -0.0084266139 0.25091059 -39.471103
0.25648121 0.021973707 0.96629937 177.74794 -0.018226729 0.99967373 -0.017894789 -6.691631 -0.96637739 -0.013022799 0.25679804 -39.300585
0.26095198 0.011177959 0.96528702 178.36333 -0.021719982 0.99974781 -0.0057053162 -6.7153027 -0.96510745 -0.019477203 0.26112896 -39.117637
0.26299623 0.0016750079 0.96479537 178.9628 -0.020077696 0.99979144 0.0037372691 -6.7402243 -0.96458797 -0.020353756 0.262975 -38.947262
0.26411049 0.00082983343 0.96449203 179.56952 -0.016765603 0.99985249 0.0037307314 -6.7583508 -0.96434675 -0.017155615 0.26408544 -38.785473
0.26498223 0.0038196629 0.96424569 180.1797 -0.014627088 0.99989302 5.876556e-05 -6.764074 -0.96414239 -0.014119678 0.26500975 -38.622017
0.26672176 0.0036277352 0.96376671 180.7751 -0.011739973 0.99993095 -0.00051483219 -6.7726794 -0.96370211 -0.011177277 0.26674593 -38.450234
0.26848791 0.0017408996 0.96328144 181.3873 -0.013224773 0.99991078 0.0018789397 -6.7731265 -0.96319231 -0.01324365 0.26848698 -38.272049
0.27114337 -0.0023763245 0.962536 181.99102 -0.013238829 0.99989315 0.0061978893 -6.7882987 -0.96244796 -0.014423366 0.27108294 -38.094276
0.27441865 -0.00842901 0.96157334 182.61908 -0.011027341 0.99986825 0.011911736 -6.7997853 -0.96154713 -0.013872399 0.27428954 -37.914938
0.27824783 -0.010995772 0.96044633 183.24467 -0.010709285 0.9998368 0.014549291 -6.8073882 -0.96044965 -0.014334001 0.27808466 -37.736702
0.2847006 -0.012373112 0.95853659 183.84347 -0.0099104966 0.99982527 0.015849656 -6.8028028 -0.9585653 -0.014011979 0.28452823 -37.5466
0.29274836 -0.015613446 0.956062 184.47877 -0.0082477254 0.99978825 0.018853011 -6.8077268 -0.95615399 -0.013404524 0.2925576 -37.344387
0.30209022 -0.01779756 0.95311315 185.08257 -0.0055584889 0.99977582 0.020430665 -6.8109759 -0.95326317 -0.011469772 0.30192357 -37.145996
0.31331371 -0.015992432 0.94951497 185.70391 -0.0070343187 0.99979168 0.019160361 -6.8146977 -0.94962367 -0.012682394 0.31313595 -36.929171
0.32470807 -0.012340964 0.94573373 186.32424 -0.0078191036 0.99984568 0.015731686 -6.81621 -0.94578201 -0.012502995 0.32456146 -36.705649
0.33624734 -0.0084097662 0.94173612 186.93786 -0.0095999076 0.99987757 0.012356625 -6.8155372 -0.94172482 -0.013195461 0.33612544 -36.474726
0.34787459 -0.0081053163 0.937506 187.56149 -0.0084737411 0.9998946 0.011789003 -6.8140533 -0.93750282 -0.012045277 0.34776924 -36.234528
0.35933304 -0.011130671 0.93314297 188.18314 -0.0077535805 0.99985874 0.014912202 -6.8205794 -0.93317722 -0.012593645 0.35919598 -35.976885
0.37045382 -0.012925475 0.92876091 188.79753 -0.0076801951 0.99982637 0.016977876 -6.8192837 -0.92881917 -0.013422584 0.37029022 -35.720868
0.38175737 -0.013630108 0.92416203 189.4339 -0.0093499497 0.99978314 0.018607737 -6.8262372 -0.92421532 -0.015744509 0.38154714 -35.446904
0.3914215 -0.014667602 0.92009456 190.04582 -0.012704195 0.99969153 0.021341038 -6.8180013 -0.92012384 -0.020042401 0.39111442 -35.163568
0.39862871 -0.013464094 0.91701352 190.68557 -0.017602571 0.99959571 0.022328505 -6.8166244 -0.9169435 -0.025042578 0.39823054 -34.870505
0.40322967 -0.01592189 0.91496025 191.3321 -0.017253637 0.99953861 0.024997503 -6.8102361 -0.91493618 -0.025866127 0.40276891 -34.578726
0.40489678 -0.020843727 0.91412475 191.97281 -0.012623808 0.99951742 0.028382348 -6.8053231 -0.91427529 -0.023031656 0.40443826 -34.291727
0.40552399 -0.019166656 0.91388339 192.62522 -0.0093830457 0.99964019 0.025128818 -6.7991196 -0.91403628 -0.018765348 0.40519824 -34.007795
0.40425684 -0.019530902 0.91443692 193.30557 -0.0070314205 0.99967608 0.024459943 -6.7937227 -0.91461852 -0.016317889 0.40398856 -33.715597
0.40302127 -0.017961806 0.9150143 193.96707 -0.0043692187 0.99975823 0.021549774 -6.7910988 -0.91518022 -0.012682914 0.40284535 -33.427807
0.40305389 -0.019523831 0.91496793 194.63579 -0.00085802415 0.99976392 0.0217112 -6.779669 -0.91517588 -0.0095358476 0.40294198 -33.130797
0.40205525 -0.025811256 0.91525149 195.32908 0.0028108184 0.99963266 0.026956165 -6.7760062 -0.91561113 -0.0082652615 0.40198011 -32.830318
0.40158006 -0.02870092 0.91537405 196.00403 0.0029527814 0.9995442 0.030044614 -6.7747244 -0.9158192 -0.0093624177 0.40148176 -32.531969
0.40028626 -0.0310901 0.91586257 196.6898 0.0036777077 0.99947078 0.032320909 -6.7630708 -0.91638281 -0.0095693405 0.40018876 -32.224124
0.39781149 -0.031150508 0.91693816 197.38375 0.0026706209 0.99945852 0.032795273 -6.7545978 -0.91746333 -0.010597542 0.39767927 -31.927216
0.39690637 -0.031283425 0.91732579 198.06189 0.00080810563 0.99943053 0.033733781 -6.744619 -0.91785878 -0.012647856 0.39670563 -31.616931
0.39472632 -0.030489763 0.91829267 198.75941 0.00034596648 0.99945411 0.033035826 -6.7377742 -0.91879872 -0.012722411 0.39452139 -31.319789
0.39374963 -0.027584258 0.91880372 199.44701 0.0017165888 0.99956997 0.029273379 -6.7335378 -0.91921616 -0.0099491733 0.39362765 -31.017189
0.39303464 -0.021633334 0.91926911 200.1333 0.00067067181 0.99972969 0.023240082 -6.7357199 -0.91952346 -0.0085176287 0.39294291 -30.726113
0.39166165 -0.017971414 0.91993375 200.81292 -0.0019084189 0.99979122 0.020343983 -6.7237339 -0.92010738 -0.0097235763 0.39154558 -30.431898
0.39057169 -0.020630639 0.92034128 201.52342 -0.0027675332 0.99971802 0.023584449 -6.7170162 -0.9205684 -0.011758492 0.39040445 -30.131938
0.38934022 -0.023628228 0.92079087 202.20629 -0.0039637813 0.99961869 0.027327027 -6.7126411 -0.92108553 -0.014289324 0.3890981 -29.827269
0.38613303 -0.023664211 0.92213948 202.89349 -0.0076722237 0.99955392 0.028863479 -6.7135947 -0.92241124 -0.018220003 0.38577923 -29.53919
0.38203395 -0.02346087 0.92385041 203.57681 -0.010582778 0.9995011 0.029758222 -6.7077887 -0.92408773 -0.021145554 0.38159507 -29.243392
0.37527585 -0.024146651 0.92659857 204.26084 -0.011106129 0.99947173 0.030543709 -6.7013592 -0.92684668 -0.02175324 0.37480943 -28.968194
0.3665756 -0.024595588 0.93006307 204.96323 -0.010886627 0.99946868 0.030721886 -6.691619 -0.93032461 -0.021387144 0.36611306 -28.688103
