1 0 0 0 0 1 0 0 0 0 1 0
0.9998675 0.00073569817 0.016261403 0.011851418 -0.00072619059 0.99999956 -0.00059057156 -0.0029962023 -0.016261832 0.00057868446 0.9998676 0.11195103
0.99927594 0.0032712265 0.037906525 0.018617746 -0.0032656567 0.99999465 -0.00020885664 -0.00059688729 -0.037907009 8.4915745e-05 0.99928127 0.26530377
0.99788267 0.0055472475 0.064802779 0.044048056 -0.0056130248 0.9999839 0.00083301426 -0.0014942143 -0.06479712 -0.0011949901 0.99789774 0.42867644
0.99520494 0.0048096641 0.097693393 0.098110914 -0.005188724 0.99997996 0.0036264044 0.0019233059 -0.097674002 -0.0041159197 0.99520995 0.60660627
0.99081692 0.0017276832 0.13519928 0.16814477 -0.002501108 0.99998147 0.0055509823 -0.0029972071 -0.13518719 -0.0058381552 0.99080288 0.7975818
0.98451341 -0.0016140255 0.17530184 0.23995524 0.00057497305 0.99998197 0.005977848 -0.0067262042 -0.17530834 -0.0057844777 0.98449659 0.9818632
0.97577071 -0.0021657364 0.21878487 0.33512883 0.00061851195 0.99997432 0.0071401417 -0.0065709143 -0.21879473 -0.00683182 0.97574699 1.1978336
0.96391069 -0.0016785737 0.26622052 0.41499096 -0.0010680841 0.99994769 0.010172106 0.0026754503 -0.26622369 -0.010089348 0.96385847 1.3894267
0.94960712 -0.0058333636 0.31338838 0.57516806 0.0004977672 0.99985361 0.017102824 0.014646607 -0.3134423 -0.016084969 0.94947101 1.6515806
0.93271436 -0.015366299 0.36028849 0.70258121 0.0067118171 0.99965839 0.025259873 -0.0021472727 -0.36055359 -0.021142056 0.93249886 1.870497
0.91172184 -0.021204913 0.41026043 0.86480563 0.0096099504 0.99949453 0.030304149 -0.004971325 -0.41069568 -0.023686372 0.91146477 2.0714242
0.88643746 -0.02297896 0.4622776 1.0551268 0.0080548756 0.99938146 0.034231819 0.00055112724 -0.46277831 -0.026620778 0.88607425 2.3229871
0.85839711 -0.025097899 0.51237142 1.2340589 0.0062055996 0.99923741 0.038549946 0.017302843 -0.51294825 -0.029911591 0.85789825 2.5360757
0.82596397 -0.030463321 0.56289918 1.4346088 0.0075922612 0.99904937 0.042926741 0.019320748 -0.56367181 -0.031182264 0.82541007 2.7646654
0.79042952 -0.035986514 0.61149498 1.6874103 0.0094869404 0.99887228 0.046520698 0.024079771 -0.61247955 -0.030970117 0.78987954 2.9754832
0.75242872 -0.040590045 0.6574218 1.9449422 0.010779264 0.99872459 0.049325482 0.035706964 -0.6585855 -0.030027386 0.7519066 3.1750128
0.71247198 -0.043816125 0.70033119 2.2395685 0.011717085 0.99865227 0.050560333 0.048598319 -0.70160275 -0.02781698 0.71202516 3.4358668
0.67093515 -0.045577992 0.74011392 2.5238901 0.010912041 0.99860798 0.051604589 0.059031954 -0.74143576 -0.026547179 0.67049855 3.6063052
0.62796341 -0.045994123 0.77688252 2.8536896 0.0064472291 0.99852527 0.053904766 0.087070407 -0.77821619 -0.028841481 0.62733387 3.86008
0.58695004 -0.046917929 0.80826252 3.2246516 0.0040738134 0.99847798 0.055001181 0.10343225 -0.80961294 -0.028990235 0.58624783 4.0482709
0.54718349 -0.048065081 0.83563145 3.5807533 0.0018017115 0.99841517 0.056248528 0.11636283 -0.83701078 -0.029272699 0.5464029 4.2519925
0.50828698 -0.050609478 0.85969935 4.0026609 0.0011042234 0.9983092 0.058116416 0.13532766 -0.86118708 -0.028590518 0.50748345 4.4568749
0.47040789 -0.050317106 0.88101336 4.4118384 -0.0021017209 0.99830633 0.058138222 0.15918916 -0.88244664 -0.029200322 0.46950542 4.6483091
0.43436266 -0.049636488 0.89936935 4.880022 -0.0031623873 0.99839029 0.056628803 0.18183114 -0.90073256 -0.027441591 0.43350649 4.8465597
0.40017057 -0.048472293 0.91515785 5.4088319 -0.0019866872 0.99855201 0.05375807 0.20452715 -0.91643856 -0.023330529 0.39949482 5.0249349
0.37057728 -0.04685455 0.92761903 5.8872916 -0.00023630779 0.99872199 0.050540402 0.22471177 -0.92880165 -0.018948328 0.3700926 5.1928007
0.34480518 -0.044831904 0.93760301 6.419034 0.0008713545 0.99887365 0.047441144 0.24321933 -0.93867391 -0.015540967 0.34445588 5.3581358
0.32382583 -0.044310706 0.94507847 7.0001234 0.0019856387 0.9989323 0.046155314 0.27191863 -0.94611467 -0.013069698 0.32356807 5.575588
0.30975526 -0.044783095 0.94976106 7.5821658 0.0031791316 0.99893339 0.046064824 0.29969949 -0.95081105 -0.011249405 0.30956724 5.7367307
0.2981562 -0.04652187 0.95338267 8.2036591 0.0047533165 0.99887155 0.047255045 0.32068527 -0.9545053 -0.0095576542 0.29804087 5.9114794
0.28769216 -0.048311508 0.9565036 8.8557137 0.0034548646 0.99877274 0.049407319 0.34733851 -0.95771675 -0.010909507 0.28750599 6.1176341
0.27704541 -0.049912056 0.95955956 9.5082723 0.0012492881 0.9986678 0.051585598 0.37323589 -0.96085605 -0.013092786 0.27673868 6.3031827
0.26621059 -0.051630286 0.96253112 10.203299 0.00083271038 0.99857641 0.053333454 0.40628118 -0.96391457 -0.01339642 0.26587461 6.4868135
0.25649757 -0.053542074 0.96506071 10.92181 -0.00017566255 0.9984619 0.055441877 0.42680594 -0.9665449 -0.014390231 0.25609364 6.6768861
0.24640421 -0.055158073 0.96759624 11.655584 -0.00058484669 0.99837051 0.057061302 0.46118893 -0.96916702 -0.01462604 0.24597043 6.867061
0.2354645 -0.056640816 0.97023101 12.408413 -0.0012017577 0.99828258 0.058570082 0.48983966 -0.97188225 -0.014957157 0.23499204 7.0397796
0.22540156 -0.059384838 0.97245437 13.164308 -0.0022587775 0.99810608 0.061474863 0.52973748 -0.97426337 -0.016053087 0.22484053 7.2207106
0.21432933 -0.062920321 0.97473273 13.932973 -0.0043165774 0.99785229 0.065361871 0.56571836 -0.97675196 -0.018216475 0.21359741 7.3972664
0.20168574 -0.066743718 0.97717351 14.727114 -0.004350074 0.99760461 0.069037062 0.60682388 -0.97944067 -0.018174567 0.20091228 7.5597003
0.18820322 -0.069198478 0.97968926 15.484957 -0.0052038891 0.99743052 0.07145129 0.64778861 -0.98211636 -0.018545557 0.18735953 7.7093296
0.17397478 -0.069933795 0.98226369 16.326955 -0.0061277529 0.99737893 0.072095271 0.68136414 -0.98473108 -0.018561828 0.17309024 7.8361461
0.16019195 -0.069254145 0.9846534 17.094791 -0.0076544043 0.99741859 0.07139725 0.72169729 -0.98705625 -0.018974199 0.15924833 7.9856333
0.14343014 -0.068139443 0.98731187 17.91127 -0.0086658741 0.99750221 0.07010165 0.763251 -0.98962254 -0.018610609 0.14248139 8.0894155
0.12351366 -0.066557833 0.99010825 18.758293 -0.011461775 0.99758594 0.068490333 0.79833746 -0.99227672 -0.019807889 0.12245262 8.1864396
0.099230757 -0.065309807 0.99291883 19.552977 -0.015012631 0.99763195 0.067120153 0.84138685 -0.99495124 -0.021566707 0.0980153 8.2834571
0.068678658 -0.064534171 0.99554935 20.390521 -0.01999498 0.99761612 0.066047512 0.87899014 -0.99743848 -0.024442043 0.067224575 8.3437547
0.034150017 -0.064536591 0.9973308 21.228273 -0.022219587 0.99761722 0.065315955 0.92051207 -0.99916973 -0.024390819 0.032634667 8.3435691
0.00093662013 -0.063965316 0.99795164 22.078465 -0.024366802 0.99765435 0.063969129 0.9531976 -0.99970269 -0.024376805 -0.00062420857 8.3533595
-0.03256442 -0.062774527 0.99749628 22.938014 -0.025545625 0.99775187 0.061956644 0.9850904 -0.99914316 -0.023464083 -0.034094827 8.3096007
-0.066986736 -0.060481107 0.99591904 23.798228 -0.027952712 0.99788305 0.058720246 1.0147007 -0.99736227 -0.02390516 -0.068535541 8.2120789
-0.097807935 -0.057544765 0.9935402 24.629957 -0.030010727 0.99804344 0.054851216 1.0502779 -0.99475276 -0.024451979 -0.099343529 8.1506777
-0.13064643 -0.053293932 0.98999555 25.447191 -0.027859946 0.99835719 0.050067475 1.0734327 -0.99103755 -0.021040085 -0.13191657 8.0036599
-0.16276827 -0.047493482 0.98552056 26.30203 -0.022336926 0.9987622 0.044442453 1.0981356 -0.98641149 -0.014779678 -0.16362766 7.8812345
-0.19431568 -0.041331347 0.98006788 27.12568 -0.017377976 0.9991002 0.038688488 1.1107718 -0.98078515 -0.0095138154 -0.19485909 7.6808311
-0.223018 -0.035872094 0.97415404 27.920619 -0.01096303 0.99935179 0.034290151 1.1234086 -0.97475272 -0.0030323582 -0.2232667 7.4763687
-0.2513212 -0.028926539 0.96747136 28.742411 -0.0020724351 0.99956711 0.029347815 1.1425309 -0.96790156 0.0053707077 -0.25127236 7.2351828
-0.27746199 -0.018804197 0.96055253 29.554264 0.0043575609 0.99977352 0.020830715 1.1385809 -0.96072677 0.0099653989 -0.27731721 6.9993203
-0.30321685 -0.003705975 0.95291434 30.328184 0.0086465363 0.99994057 0.0066401886 1.1262437 -0.95288239 0.010252826 -0.30316679 6.7205898
-0.32686459 0.013269722 0.94497798 31.106112 0.0097497556 0.99989556 -0.010668487 1.1040227 -0.94502093 0.0057261545 -0.32695983 6.4581095
-0.35384278 0.027904796 0.93488852 31.871013 0.007709968 0.9996079 -0.026918436 1.0746771 -0.93527318 -0.0023169329 -0.35391918 6.1738392
-0.37765587 0.038594512 0.92514131 32.603728 0.012254993 0.99925179 -0.036683546 1.0375179 -0.92586497 -0.0025161557 -0.37784628 5.8506234
-0.40193575 0.043482105 0.91463484 33.386068 0.01627771 0.99905332 -0.040342162 0.99202256 -0.91552322 -0.0013267958 -0.40226304 5.5076887
-0.42401892 0.042509142 0.9046551 34.115245 0.018358852 0.99909602 -0.038341918 0.9449483 -0.90546727 0.00035073115 -0.42441604 5.1381087
-0.44436341 0.039594424 0.89497116 34.858505 0.022575659 0.99920046 -0.032996559 0.90253689 -0.89556215 0.0055421007 -0.444902 4.7577319
-0.46236146 0.038446688 0.88585759 35.611656 0.029730499 0.99916997 -0.02784707 0.86510265 -0.88619301 0.013461577 -0.46312073 4.3774972
-0.47633369 0.038827764 0.87840683 36.278862 0.033463164 0.99910127 -0.026016687 0.82368238 -0.87862762 0.017001648 -0.4772049 3.9773034
-0.48738419 0.04208677 0.87217274 36.979857 0.036325776 0.99895032 -0.027905003 0.76950395 -0.87243175 0.018081896 -0.48840143 3.5790378
-0.49693627 0.045135479 0.86661241 37.690893 0.037995164 0.99882044 -0.030233889 0.72878546 -0.86695489 0.017902766 -0.49806503 3.1883417
-0.50756739 0.043883404 0.86049377 38.374482 0.031556012 0.9989789 -0.032332357 0.67823368 -0.86103404 0.010742902 -0.5084339 2.7751687
-0.5186775 0.043019896 0.85388692 39.076002 0.029796042 0.99903613 -0.032233651 0.64854442 -0.85445064 0.0087235816 -0.51945939 2.3671952
-0.52693164 0.04474702 0.84872887 39.73822 0.031779223 0.99895207 -0.032937078 0.60387036 -0.84931336 0.0096163564 -0.52780147 1.9361794
-0.53433599 0.047745608 0.84392259 40.42609 0.035927464 0.99878403 -0.033759273 0.55895291 -0.84450833 0.012281205 -0.53540163 1.5044172
-0.53805599 0.050810418 0.84137625 41.131738 0.036817096 0.99864556 -0.036763503 0.52319952 -0.84210469 0.011196208 -0.53919791 1.0493706
-0.53785169 0.052049038 0.84143116 41.822567 0.035564123 0.99860462 -0.039038471 0.47172664 -0.84228903 0.0089278542 -0.53895227 0.60659243
-0.53457844 0.053219359 0.84344148 42.566102 0.038566192 0.99851176 -0.038560471 0.43562885 -0.84423847 0.011914731 -0.53583533 0.15359809
-0.5289954 0.052194367 0.84701803 43.301742 0.036420933 0.99858351 -0.038787754 0.38539336 -0.84784282 0.010330645 -0.53014705 -0.29815793
-0.52185255 0.050659722 0.85153006 44.063659 0.034615719 0.99867039 -0.038199547 0.34960746 -0.85233311 0.0095417952 -0.52291231 -0.7593566
-0.51402972 0.050125457 0.8563065 44.842419 0.032826116 0.99870937 -0.038756174 0.29969753 -0.85714407 0.0081873927 -0.51501173 -1.2222401
-0.50759612 0.048827995 0.86021041 45.664346 0.030135919 0.99878813 -0.038911347 0.25299987 -0.86106798 0.006171984 -0.50845245 -1.69754
-0.50373396 0.046547588 0.86260382 46.456439 0.025611873 0.99891301 -0.038946523 0.19596963 -0.86347912 0.002474214 -0.50437858 -2.157413
-0.50325568 0.043302774 0.86305187 47.305376 0.020689648 0.99906115 -0.038062527 0.15423219 -0.86388988 -0.0012989427 -0.50367912 -2.6322326
-0.50253994 0.041420138 0.86356118 48.134284 0.017906091 0.99913609 -0.037502644 0.097987935 -0.86436858 -0.0033835712 -0.50284747 -3.0960854
-0.50464187 0.039890408 0.86240667 48.978068 0.016697813 0.99919609 -0.036446752 0.055165044 -0.86316732 -0.0039922508 -0.50490227 -3.5773388
-0.5047304 0.039540395 0.86237099 49.844994 0.01670478 0.99921081 -0.036037598 0.0027172461 -0.86311542 -0.0037835527 -0.50499259 -4.0872047
-0.50488958 0.038464952 0.86232644 50.728431 0.016191399 0.99925289 -0.035092678 -0.047263446 -0.8630321 -0.0037556549 -0.50513518 -4.6018447
-0.50499549 0.038193729 0.86227648 51.620981 0.016899684 0.99926648 -0.034364208 -0.09565554 -0.86295656 -0.0027815694 -0.50527053 -5.1129961
-0.50529942 0.037545373 0.86212689 52.504938 0.016145288 0.99928951 -0.034055882 -0.15954189 -0.86279307 -0.00328913 -0.5055466 -5.628371
-0.50466494 0.03623426 0.86255453 53.416357 0.014890787 0.99933554 -0.033267838 -0.20041935 -0.8631869 -0.003944995 -0.50486917 -6.1576685
-0.50545198 0.035422971 0.86212728 54.308915 0.014089637 0.99936258 -0.032801138 -0.25824372 -0.86273973 -0.0044323396 -0.5056289 -6.6593811
-0.50466517 0.034471444 0.86262664 55.213207 0.012957404 0.99939241 -0.032356232 -0.31215474 -0.86321795 -0.005151661 -0.5048052 -7.1685948
-0.5032716 0.03338164 0.86348323 56.099673 0.012548037 0.99943052 -0.031323779 -0.36854072 -0.86403721 -0.0049293487 -0.50340388 -7.6884906
-0.50113715 0.031087089 0.86480927 56.981389 0.013013091 0.99951226 -0.028388436 -0.4170709 -0.86527006 -0.0029726579 -0.50129727 -8.2196137
-0.49887252 0.029783304 0.86616344 57.877634 0.013450149 0.99955505 -0.026623314 -0.46878872 -0.86657104 -0.0016316116 -0.49905113 -8.7109848
-0.4966149 0.029283318 0.86747684 58.774387 0.013209604 0.99956996 -0.026180109 -0.52669815 -0.86787051 -0.0015424056 -0.49678815 -9.2085441
-0.49419436 0.029723354 0.86884313 59.667044 0.01399154 0.99955784 -0.026236807 -0.57186054 -0.86923888 -0.00080962808 -0.49439172 -9.7124076
-0.49317716 0.030301615 0.86940097 60.550752 0.014103309 0.99954033 -0.026837163 -0.62564988 -0.86981461 -0.00097404493 -0.49337781 -10.211223
-0.49432165 0.031473533 0.86870908 61.439317 0.013351842 0.99950134 -0.028614566 -0.6724531 -0.86917656 -0.0025459325 -0.49449538 -10.693669
-0.49662856 0.033321293 0.8673233 62.316616 0.011952865 0.99943062 -0.031552462 -0.73038549 -0.86788091 -0.0053028548 -0.49674408 -11.208991
-0.501356 0.034020392 0.86457198 63.184477 0.010890585 0.99939568 -0.033010289 -0.77779572 -0.8651726 -0.0071342116 -0.50142352 -11.697173
-0.50666734 0.032736055 0.86151988 64.061881 0.010767805 0.99944119 -0.031644151 -0.83146681 -0.86207443 -0.0067563796 -0.5067367 -12.210547
-0.51190001 0.030780935 0.85849336 64.937002 0.01402802 0.99952411 -0.027472946 -0.8901036 -0.85893053 -0.0020204388 -0.5120882 -12.717629
-0.51802239 0.028653488 0.85488696 65.779652 0.011493756 0.99958171 -0.026538571 -0.937303 -0.85528987 -0.0039217114 -0.51813504 -13.211372
-0.52256851 0.030804416 0.8520406 66.627983 0.012410075 0.99951604 -0.028524923 -0.99427526 -0.85250701 -0.0043323383 -0.52269789 -13.733078
-0.52775633 0.033171161 0.84874782 67.457835 0.012951503 0.99943525 -0.031007077 -1.0381771 -0.84929711 -0.0053716208 -0.5278879 -14.242038
-0.53254426 0.033285781 0.84574737 68.29537 0.011279646 0.99941679 -0.032231204 -1.0964328 -0.84632703 -0.0076248114 -0.53260912 -14.763314
-0.53602827 0.033754109 0.84352492 69.128704 0.010285476 0.9993873 -0.033454993 -1.1484976 -0.84413741 -0.0092567659 -0.53604702 -15.284246
-0.53910623 0.03283321 0.84159752 69.943677 0.010287743 0.99942202 -0.03240034 -1.2049679 -0.84217498 -0.0088090854 -0.53913242 -15.813234
-0.54214161 0.02614986 0.83988011 70.767351 0.011875434 0.99965427 -0.023458886 -1.2560015 -0.84020325 -0.0027440967 -0.54226472 -16.332697
-0.54475629 0.018783771 0.83838398 71.589704 0.013600924 0.99981551 -0.013563136 -1.2811567 -0.83848415 0.0040141936 -0.54491126 -16.858894
-0.54635616 0.015754629 0.83740473 72.412564 0.013182352 0.99986098 -0.01021033 -1.3226423 -0.83744924 0.005460488 -0.54648789 -17.382778
-0.54716894 0.020989312 0.83675895 73.216154 0.013346777 0.99977723 -0.016350818 -1.3565741 -0.83691581 0.0022213763 -0.54732719 -17.902943
-0.54830819 0.026005923 0.83587185 74.009119 0.013673123 0.99966154 -0.02213262 -1.4032072 -0.83616459 -0.00070651725 -0.5484782 -18.429156
-0.54881412 0.031007925 0.83536908 74.811584 0.01986893 0.99951335 -0.024047436 -1.4401525 -0.83570829 0.0034003185 -0.54916314 -18.953557
-0.5484655 0.032044872 0.83555889 75.605224 0.023441757 0.9994619 -0.022943485 -1.4800787 -0.83584457 0.0070032595 -0.54892156 -19.487001
-0.54775626 0.029110123 0.83613134 76.40078 0.022961427 0.99954111 -0.019757062 -1.527291 -0.83632285 0.0083767151 -0.54817331 -20.007464
-0.5473768 0.024226874 0.8365355 77.200488 0.021031745 0.99966342 -0.015189349 -1.5582728 -0.836622 0.0092795052 -0.54770209 -20.525939
-0.54722447 0.018411787 0.83678332 77.98919 0.019592766 0.99976585 -0.0091849752 -1.5825959 -0.83675657 0.011368657 -0.54745708 -21.038696
-0.54633737 0.011615989 0.83748462 78.796028 0.010672474 0.99991919 -0.0069067281 -1.6179268 -0.83749725 0.0051646298 -0.54641719 -21.539409
-0.54490025 0.0062825697 0.8384773 79.601877 0.0018316568 0.99997846 -0.0063023327 -1.6436095 -0.83849891 -0.0018983392 -0.54490002 -22.042227
-0.54309179 0.0069601841 0.83964445 80.386383 0.0050677037 0.9999746 -0.0050113806 -1.6686892 -0.83965808 0.0015334305 -0.54311327 -22.547337
-0.54049584 0.010533458 0.84128071 81.189513 0.010902638 0.99992535 -0.0055152113 -1.6983288 -0.84127608 0.0061912307 -0.54057034 -23.063573
-0.53413378 0.013617525 0.84529025 81.965658 0.011831632 0.99989275 -0.0086318151 -1.7255263 -0.8453172 0.0053906199 -0.53423761 -23.549811
-0.52722155 0.01550546 0.84958635 82.744836 0.016626438 0.99983033 -0.0079297551 -1.7515545 -0.84956522 0.009944858 -0.52738989 -24.038359
-0.51953328 0.018274213 0.85425474 83.549837 0.024197028 0.99968496 -0.0066693156 -1.7870885 -0.85410757 0.017205496 -0.51981179 -24.53242
-0.50877334 0.017996072 0.86071236 84.355777 0.022906243 0.99971051 -0.0073622452 -1.8122886 -0.86059575 0.015969974 -0.50903828 -25.005254
-0.49939328 0.015056546 0.86624453 85.162361 0.018689169 0.99980353 -0.006603611 -1.8341236 -0.86617384 0.012891592 -0.49957657 -25.453432
-0.48648981 0.0120865 0.87360261 85.995142 0.020346717 0.99978985 -0.0025016974 -1.8612149 -0.87344934 0.016557896 -0.48663349 -25.905318
-0.47553977 0.010992432 0.87962551 86.806751 0.019840349 0.9998016 -0.0017682248 -1.8858186 -0.8794705 0.016611217 -0.47566351 -26.334534
-0.46467435 0.0095455253 0.88543016 87.6291 0.018504489 0.99982821 -0.0010676432 -1.908831 -0.88528831 0.015888327 -0.46477116 -26.759541
-0.45266291 0.012064942 0.89160006 88.440463 0.023219287 0.99972888 -0.0017397496 -1.9213222 -0.89137939 0.019914799 -0.45282032 -27.162084
-0.44026585 0.014436333 0.89775136 89.268666 0.02169935 0.99974977 -0.0054349542 -1.9572341 -0.89760525 0.017087798 -0.44046894 -27.562775
-0.42880667 0.024255784 0.90307056 90.121415 0.024104235 0.99959079 -0.015402784 -1.9787461 -0.90307469 0.01516301 -0.42921586 -27.957847
-0.41555395 0.029715058 0.90908298 90.93119 0.025182797 0.99945894 -0.02115777 -2.0078413 -0.90921989 0.014101058 -0.41607742 -28.327933
-0.40417451 0.025334973 0.91433092 91.782316 0.021195429 0.99960733 -0.018328563 -2.0436821 -0.91443632 0.0119717 -0.40455279 -28.686055
-0.39270742 0.022267843 0.91939379 92.630841 0.023426467 0.99962464 -0.014204726 -2.0814518 -0.91936508 0.015959849 -0.39308168 -29.040417
-0.38278306 0.022308489 0.92356883 93.469174 0.019551199 0.99968012 -0.016043725 -2.116172 -0.92363139 0.011915613 -0.38309678 -29.371506
-0.37572263 0.0269353 0.92634061 94.315334 0.01548721 0.99962044 -0.02278447 -2.1523038 -0.92660278 0.0057857918 -0.37599718 -29.707718
-0.37084183 0.031269759 0.92816942 95.151276 0.0065688524 0.9994963 -0.031048213 -2.1949612 -0.92867285 -0.0054169673 -0.37086044 -30.026058
-0.36719086 0.033657886 0.92953641 95.98509 0.0046422007 0.99939895 -0.03435377 -2.2366731 -0.93013407 -0.0082992952 -0.36712641 -30.342372
-0.36421187 0.033873245 0.93069987 96.826399 0.0049878103 0.99939496 -0.034421547 -2.284743 -0.9313028 -0.0078945811 -0.36416047 -30.666858
-0.35886514 0.032985141 0.93280637 97.688299 0.0022778277 0.99940335 -0.034463772 -2.336977 -0.93338668 -0.010243073 -0.35872616 -30.989385
-0.35392103 0.029252287 0.9348177 98.51761 0.00061906857 0.99951787 -0.031042502 -2.3782609 -0.93527514 -0.010407877 -0.3537685 -31.295598
-0.34831974 0.025290884 0.9370345 99.380622 3.6538705e-05 0.99963633 -0.026966944 -2.4306298 -0.93737582 -0.0093588803 -0.34819399 -31.610068
-0.34223063 0.022672419 0.93934237 100.23814 -0.00038938335 0.99970533 -0.024271231 -2.4676857 -0.93961594 -0.0086721223 -0.34212096 -31.912422
-0.33678546 0.021313121 0.94134013 101.08339 -0.0054051392 0.99968355 -0.024567897 -2.5142641 -0.94156594 -0.013362184 -0.33656368 -32.196243
-0.33027156 0.020683209 0.94365927 101.9468 -0.017488064 0.99945418 -0.028026777 -2.5492841 -0.94372397 -0.025759221 -0.32972959 -32.477669
-0.32372967 0.024433347 0.94583404 102.79089 -0.014428963 0.99942276 -0.030756268 -2.5984783 -0.94603963 -0.023604121 -0.32319025 -32.757402
-0.31665161 0.028311745 0.94811926 103.64868 -0.012638075 0.99933981 -0.034062085 -2.64443 -0.94845776 -0.022768216 -0.31608475 -33.034487
-0.31021145 0.026276492 0.95030433 104.49503 -0.015143908 0.99935452 -0.032576241 -2.6883319 -0.950547 -0.024496844 -0.30961328 -33.300298
-0.30318023 0.021273147 0.95269572 105.36644 -0.015115053 0.99951767 -0.027128777 -2.7315447 -0.95281339 -0.022624954 -0.30271245 -33.566963
-0.29641765 0.01871186 0.95487505 106.21335 -0.014884101 0.99959612 -0.024208624 -2.7696929 -0.95494247 -0.02138832 -0.29601942 -33.817949
-0.28968691 0.021302006 0.95688434 107.05871 -0.018285625 0.99944665 -0.027785305 -2.8138553 -0.95694682 -0.025546267 -0.28913709 -34.065731
-0.28310589 0.024364461 0.95877909 107.92961 -0.018257847 0.99935921 -0.03078681 -2.8605836 -0.9589149 -0.026221169 -0.28247963 -34.316274
-0.27641028 0.025264335 0.96070755 108.78067 -0.019497914 0.99930121 -0.031889104 -2.8995474 -0.96084196 -0.027546269 -0.27572453 -34.55176
-0.26957641 0.024238747 0.96267386 109.65099 -0.019713782 0.99933476 -0.03068224 -2.9446974 -0.96277724 -0.02724915 -0.26891924 -34.781848
-0.26187469 0.023967816 0.96480418 110.49787 -0.017261938 0.99941533 -0.029512999 -2.990393 -0.96494754 -0.024383097 -0.26130785 -35.003977
-0.25413963 0.025323314 0.96683592 111.35864 -0.01258845 0.99948588 -0.029487441 -3.0349826 -0.96708565 -0.019664893 -0.25369019 -35.229959
-0.24708752 0.025939667 0.96864586 112.24389 -0.01102384 0.99950168 -0.029577984 -3.0795217 -0.9689305 -0.017986548 -0.24667844 -35.454348
-0.2406531 0.024565655 0.97030023 113.09683 -0.018206985 0.99938952 -0.029817806 -3.1224202 -0.97044045 -0.024841988 -0.24005892 -35.650162
-0.23464641 0.022626687 0.97181738 113.96603 -0.022747472 0.99932749 -0.028759602 -3.1651012 -0.97181464 -0.028854726 -0.23397391 -35.84504
-0.23014377 0.023111554 0.97288212 114.84591 -0.019529977 0.99940692 -0.028361656 -3.2030194 -0.97296069 -0.025527623 -0.22955591 -36.048889
-0.22554208 0.02313921 0.97395855 115.69392 -0.01787252 0.99945139 -0.02788365 -3.2492631 -0.97406952 -0.02369603 -0.22500479 -36.23838
-0.22066364 0.024618075 0.97503919 116.58694 -0.017681235 0.99941617 -0.029235036 -3.2918277 -0.97518973 -0.023691006 -0.22009953 -36.43797
-0.21472786 0.02387605 0.97638199 117.43908 -0.011263024 0.99957413 -0.026920166 -3.3299208 -0.97660902 -0.016777523 -0.2143675 -36.619958
-0.20932488 0.022816547 0.97757988 118.30704 -0.0028557197 0.99970921 -0.023944523 -3.3698135 -0.97784202 -0.0078038778 -0.20919885 -36.816052
-0.20426722 0.021819841 0.97867192 119.19591 -0.00019747511 0.99975061 -0.022331013 -3.4118447 -0.97891519 -0.0047547565 -0.20421197 -37.009861
-0.20051196 0.023319893 0.97941363 120.05124 -0.0023787499 0.99970213 -0.024289955 -3.4487345 -0.97968841 -0.0072002059 -0.20039676 -37.165144
-0.19692947 0.02526833 0.98009194 120.92108 -0.0049338768 0.99962962 -0.026763403 -3.487265 -0.98040528 -0.010106155 -0.19673186 -37.331157
-0.1950095 0.024428024 0.98049706 121.81182 -0.0063591675 0.99963729 -0.026169645 -3.5293537 -0.98078078 -0.011338474 -0.19478342 -37.501761
-0.19412034 0.023251829 0.98070208 122.65628 -0.0082778024 0.99964463 -0.025339453 -3.5714531 -0.98094284 -0.013036961 -0.19385888 -37.661167
-0.19312018 0.018939968 0.98099225 123.54814 -0.0071340291 0.99976014 -0.020706737 -3.6053738 -0.98114922 -0.010997315 -0.19293874 -37.830075
-0.19212597 0.013478391 0.98127767 124.39708 -0.0073597344 0.99985777 -0.015174572 -3.643877 -0.98134272 -0.010137372 -0.19199945 -37.991054
-0.1910229 0.011273863 0.98152079 125.26432 -0.0056594167 0.99990477 -0.012586454 -3.6754007 -0.98156931 -0.0079591355 -0.19094091 -38.155288
-0.19031788 0.016026795 0.98159165 126.14133 -0.0063399094 0.99982582 -0.017553736 -3.7100709 -0.98170209 -0.0095639913 -0.19018313 -38.316266
-0.19000871 0.020058843 0.98157743 126.97635 -0.0070434249 0.99973768 -0.021793382 -3.7433877 -0.98175718 -0.011054599 -0.18981759 -38.472988
-0.18992324 0.019115091 0.9816128 127.83195 -0.0090460476 0.99973394 -0.021218202 -3.7740357 -0.98175731 -0.012909545 -0.1896998 -38.631219
-0.18980455 0.018226671 0.98165266 128.68903 -0.010488553 0.99973298 -0.020590356 -3.8138094 -0.98176591 -0.014204258 -0.18956269 -38.789728
-0.1891662 0.018327557 0.98177399 129.53018 -0.0063978945 0.99978158 -0.01989645 -3.853211 -0.98192428 -0.010045022 -0.18900762 -38.952737
-0.18802104 0.021223184 0.98193563 130.38456 -0.0075681536 0.99970552 -0.023056404 -3.8890053 -0.98213588 -0.011766528 -0.18780506 -39.110653
-0.18839682 0.022553865 0.98183394 131.20639 -0.017831351 0.99949291 -0.026381036 -3.9201653 -0.98193114 -0.022477529 -0.18789912 -39.243103
-0.1879353 0.023976009 0.98188869 132.04877 -0.020754562 0.99938185 -0.028375621 -3.9552192 -0.98196214 -0.02571145 -0.18732152 -39.392515
-0.18803685 0.027257139 0.98178364 132.88105 -0.021948185 0.99924859 -0.031945658 -4.0048164 -0.98191675 -0.027555329 -0.18729732 -39.542172
-0.18716926 0.028199278 0.9819228 133.7049 -0.017943662 0.99932296 -0.032119313 -4.047891 -0.98216382 -0.023631039 -0.18653655 -39.697942
-0.18560196 0.029312214 0.98218767 134.52793 -0.019484036 0.99924867 -0.033503235 -4.0963701 -0.98243186 -0.025355245 -0.1848914 -39.840965
-0.18371758 0.028314655 0.98257114 135.35515 -0.015740879 0.99937214 -0.031741978 -4.1351016 -0.98285307 -0.021298092 -0.18315653 -40.001753
-0.18040588 0.025380541 0.9832647 136.17698 -0.0070629082 0.99960782 -0.027098274 -4.1841523 -0.98356694 -0.011833395 -0.18015587 -40.153609
-0.17847038 0.020839604 0.98372453 136.98768 -0.00046288803 0.9997738 -0.021263575 -4.2177481 -0.98394522 -0.0042502717 -0.17842036 -40.303668
-0.17441431 0.020826669 0.98445204 137.81392 0.004635368 0.99978258 -0.020329751 -4.2481244 -0.98466149 0.0010174988 -0.17447293 -40.449264
-0.16964918 0.024953866 0.9851885 138.6152 0.00036668098 0.9996809 -0.025257801 -4.2978816 -0.98550449 -0.0039237146 -0.1696042 -40.578013
-0.16313689 0.02838153 0.98619509 139.41826 0.0028446792 0.99959552 -0.028296609 -4.3326578 -0.98659938 -0.0018108112 -0.16315164 -40.708201
-0.15545163 0.028684169 0.98742692 140.20726 -0.0028034527 0.9995615 -0.02947802 -4.3737723 -0.98783957 -0.0073506103 -0.15530305 -40.820778
-0.14527585 0.025301778 0.98906757 140.99553 0.0066436455 0.99967536 -0.02459731 -4.3989766 -0.98936893 0.0029976202 -0.14539678 -40.93828
-0.13321108 0.023986083 0.99079735 141.80345 0.015808393 0.99963134 -0.02207453 -4.4352523 -0.99096165 0.012722343 -0.13354115 -41.048758
-0.12001781 0.026009287 0.99243093 142.59953 0.013715423 0.99960479 -0.024538647 -4.4779664 -0.99267703 0.010666537 -0.12032711 -41.135258
-0.1059183 0.027162418 0.99400374 143.37456 0.012231675 0.99958681 -0.026011608 -4.5161394 -0.99429964 0.0094032264 -0.10620678 -41.211921
-0.091656616 0.027116684 0.99542135 144.1627 0.014985905 0.99955352 -0.025849373 -4.547134 -0.99567795 0.012548025 -0.092022062 -41.280455
-0.077969011 0.028894923 0.99653692 144.97575 0.020530167 0.99941447 -0.027372078 -4.5836924 -0.99674442 0.018324896 -0.078516577 -41.34192
-0.06455359 0.034772224 0.9973082 145.75418 0.016524079 0.99929296 -0.033771855 -4.6335933 -0.99777747 0.014299506 -0.065082529 -41.377171
-0.05159337 0.043609281 0.99771553 146.51877 0.0072945112 0.99903593 -0.043289783 -4.6839418 -0.99864158 0.0050443822 -0.05186174 -41.398687
-0.037960396 0.052298249 0.99790972 147.26057 0.0014523296 0.99863137 -0.05228082 -4.7246856 -0.99927823 -0.00053530599 -0.037984398 -41.410949
-0.025100711 0.053385306 0.99825842 148.03354 -0.00075055826 0.9985718 -0.053420936 -4.7733491 -0.99968469 -0.0020901538 -0.025024795 -41.413215
-0.012945763 0.04927703 0.99870121 148.80089 -0.0014875572 0.99878289 -0.049300341 -4.8257746 -0.99991514 -0.0021238549 -0.012856706 -41.415775
-0.0018427191 0.046328382 0.99892452 149.57692 -0.00039880749 0.99892615 -0.046329191 -4.877442 -0.99999826 -0.00048374943 -0.0018222657 -41.403652
0.0068461642 0.052365274 0.99860449 150.30739 -0.0056393258 0.99861408 -0.052327114 -4.9392661 -0.99996071 -0.0052732153 0.0071319792 -41.377398
0.012975953 0.061172924 0.99804279 151.05278 -0.014495499 0.99803349 -0.06098389 -4.9909852 -0.99981078 -0.013675803 0.013837166 -41.352556
0.016523531 0.064574196 0.99777606 151.8114 -0.018178242 0.9977668 -0.064272556 -5.0415361 -0.99969826 -0.017075804 0.017660474 -41.332328
0.016573809 0.060280761 0.99804381 152.55633 -0.020747257 0.99798678 -0.05993278 -5.0978006 -0.99964741 -0.019713356 0.017791101 -41.31141
0.015411704 0.05484402 0.99837595 153.32223 -0.011904292 0.99843387 -0.054663436 -5.1662883 -0.99981041 -0.011042501 0.016040445 -41.29887
0.01261733 0.052166113 0.99855867 154.06562 -0.015447187 0.9985292 -0.051969389 -5.2174914 -0.99980112 -0.014769207 0.01340459 -41.286666
0.0093199829 0.052369319 0.99858425 154.81693 -0.013899165 0.99853798 -0.052237167 -5.2676581 -0.99986001 -0.013392638 0.010034245 -41.271604
0.0057861954 0.052604175 0.99859864 155.55166 -0.014043658 0.99852119 -0.05251872 -5.3233808 -0.99988468 -0.013720094 0.0065163922 -41.266622
0.0012475358 0.050697229 0.99871325 156.30935 -0.01312104 0.99862892 -0.050676556 -5.3782824 -0.99991318 -0.013040935 0.0019110242 -41.262759
-0.0043090084 0.051160283 0.99868112 157.03179 -0.016381011 0.99855282 -0.051224388 -5.4278552 -0.99985658 -0.016580132 -0.0034647168 -41.258477
-0.010544834 0.049300098 0.9987283 157.76761 -0.016527009 0.99863885 -0.049470177 -5.476147 -0.99980786 -0.017027646 -0.0097156992 -41.257351
-0.016038655 0.046432185 0.99879264 158.52075 -0.011564342 0.99884574 -0.046620353 -5.5250062 -0.99980454 -0.012298107 -0.015483186 -41.273233
-0.021159297 0.046356181 0.99870081 159.26215 -0.013970683 0.99881325 -0.046657393 -5.5772105 -0.99967854 -0.014939769 -0.02048656 -41.285213
-0.026594735 0.047655692 0.99850967 159.98856 -0.014603647 0.9987379 -0.048055543 -5.6226452 -0.99953966 -0.015859907 -0.025865224 -41.301475
-0.031027812 0.04988995 0.9982726 160.69459 -0.015909013 0.99860235 -0.050400904 -5.6745427 -0.99939195 -0.017445361 -0.030190748 -41.31419
-0.033677027 0.052196156 0.9980688 161.3952 -0.017068962 0.99845961 -0.052792537 -5.7264038 -0.99928704 -0.018813894 -0.032734218 -41.334433
-0.035112157 0.053842319 0.99793189 162.13909 -0.016211296 0.99838559 -0.054437189 -5.7847312 -0.99925193 -0.018089175 -0.03418262 -41.357899
-0.034069345 0.051930907 0.99806932 162.86172 -0.010840903 0.99857116 -0.052327074 -5.8347122 -0.99936072 -0.012602721 -0.033457689 -41.384188
-0.03059013 0.048105433 0.99837369 163.55915 -0.0055214046 0.99881781 -0.048296006 -5.8749862 -0.9995168 -0.0069898055 -0.030288359 -41.406191
-0.023234107 0.047702672 0.99859128 164.2679 -0.0053727093 0.99884058 -0.047839586 -5.931878 -0.99971566 -0.00647665 -0.022950878 -41.418831
-0.012303238 0.048949086 0.99872545 164.97378 -0.0040026331 0.99879068 -0.049001589 -5.9827015 -0.99991634 -0.004600409 -0.012092436 -41.417331
0.001485489 0.049154893 0.99879002 165.63913 -0.00071427013 0.99879096 -0.049153875 -6.0278339 -0.99999868 -0.00064038751 0.0015188013 -41.410938
0.016581506 0.047064046 0.9987542 166.3334 -0.0022748571 0.99889076 -0.047032712 -6.074079 -0.99985997 -0.0014921491 0.016670176 -41.39339
0.033061726 0.042056822 0.99856801 167.0405 -0.0058398442 0.99910533 -0.041886099 -6.1160696 -0.99943629 -0.0044466541 0.03327775 -41.344792
0.049869763 0.035916066 0.99810969 167.70786 -0.0082630699 0.99933384 -0.035547257 -6.1552146 -0.99872159 -0.0064747161 0.050133317 -41.302195
0.066581397 0.028310277 0.99737925 168.3751 -0.0087669638 0.99957541 -0.027787363 -6.1947716 -0.99774252 -0.0068938656 0.066801321 -41.244651
0.08450656 0.020690485 0.99620804 169.07262 -0.0079593484 0.99976651 -0.020089213 -6.2242781 -0.99639118 -0.0062314959 0.08465151 -41.172868
0.10146429 0.014401823 0.99473489 169.72647 -0.0098021247 0.99986115 -0.01347621 -6.2555402 -0.99479093 -0.0083831606 0.10159137 -41.089677
0.11954734 0.011907998 0.99275705 170.39369 -0.01140314 0.99987858 -0.010620259 -6.2883834 -0.99276306 -0.010050923 0.11966861 -40.996773
0.13753928 0.011044159 0.9904347 171.02459 -0.010625281 0.99989675 -0.0096741607 -6.3050357 -0.99043936 -0.0091930693 0.13764243 -40.892571
0.15501096 0.010552858 0.98785634 171.66677 -0.011929871 0.99989003 -0.0088094146 -6.3259853 -0.98784076 -0.010419442 0.15511981 -40.78119
0.17146444 0.010094394 0.98513855 172.31254 -0.016510628 0.99983652 -0.0073713063 -6.3388309 -0.98505199 -0.015001339 0.17160307 -40.65141
0.18526424 0.0064139812 0.98266777 172.92783 -0.019493922 0.99980591 -0.0028506167 -6.3572403 -0.98249541 -0.018627931 0.18535332 -40.517008
0.19793408 0.0022493885 0.98021271 173.564 -0.01491876 0.99988845 0.00071800099 -6.3722471 -0.98010184 -0.014765674 0.19794555 -40.379684
0.20894571 0.00044277476 0.9779271 174.19331 -0.011452443 0.99993243 0.0019942125 -6.3896769 -0.97786022 -0.011616336 0.20893666 -40.242221
0.21867981 0.0039040189 0.97578882 174.78587 -0.015615253 0.99987795 -0.00050092948 -6.407327 -0.97567176 -0.015127646 0.21871408 -40.091165
0.22739082 0.011044229 0.97374091 175.39955 -0.019949035 0.99977868 -0.0066809934 -6.426561 -0.97359927 -0.017905995 0.22756081 -39.936364
0.23679216 0.021086353 0.97133144 175.96941 -0.01986967 0.99966045 -0.016857491 -6.4402498 -0.97135717 -0.015308313 0.23713074 -39.782768
0.24511293 0.02800401 0.96908996 176.5505 -0.015752608 0.99956582 -0.024900353 -6.455168 -0.96936659 -0.0091622949 0.24544765 -39.633438
0.25156072 0.02671714 0.96747265 177.17186 -0.016407159 0.99959299 -0.023337991 -6.4737514 -0.96770248 -0.010002555 0.25189668 -39.467382
0.25743992 0.019174736 0.966104 177.76225 -0.017246413 0.99973502 -0.015246536 -6.4890254 -0.96614043 -0.012736761 0.25770239 -39.297651
0.26185376 0.0083487358 0.96507141 178.37515 -0.021396986 0.99976702 -0.0028432187 -6.5111423 -0.96487038 -0.019905112 0.26197139 -39.118141
0.26399145 -0.0013332842 0.96452406 178.98087 -0.018951238 0.99979883 0.0065690231 -6.535712 -0.96433886 -0.020013091 0.26391307 -38.948068
0.2648471 -0.0021507121 0.96428798 179.58877 -0.016449953 0.99984192 0.0067480822 -6.5527467 -0.96415014 -0.017649701 0.26476985 -38.780322
0.26597708 0.0011154184 0.96397867 180.20002 -0.014903354 0.99988457 0.002955108 -6.5555571 -0.96386418 -0.015152505 0.26596301 -38.614101
0.26754541 0.00068072647 0.96354497 180.79861 -0.011555818 0.9999301 0.0025022469 -6.565108 -0.963476 -0.011804014 0.26753458 -38.444444
0.26932597 -0.0010316495 0.96304848 181.41275 -0.013554788 0.99989631 0.0048618519 -6.5604582 -0.96295372 -0.01436334 0.26928406 -38.265756
0.27162292 -0.0053322664 0.96238894 182.01887 -0.013522457 0.99986479 0.0093564612 -6.5782515 -0.96230879 -0.015555292 0.27151409 -38.091668
0.27490334 -0.010843383 0.96141068 182.63556 -0.011885974 0.99982166 0.014675251 -6.5856831 -0.96139844 -0.015461577 0.27472543 -37.907281
0.27939589 -0.013944704 0.96007469 183.2527 -0.010496779 0.99979042 0.017576277 -6.5917642 -0.96011866 -0.014988431 0.27919096 -37.721285
0.2851567 -0.015223739 0.95835996 183.86573 -0.0098900515 0.99977389 0.018824358 -6.5848102 -0.95842992 -0.014846121 0.28494166 -37.538755
0.29330241 -0.018735304 0.95583608 184.49716 -0.0077720784 0.99972819 0.021980528 -6.5856579 -0.95598816 -0.013875774 0.29307707 -37.338807
0.30256439 -0.021062103 0.95289616 185.11452 -0.0049345891 0.9997078 0.023663627 -6.58958 -0.95311621 -0.011861921 0.30237205 -37.143348
0.31373109 -0.019102659 0.94931966 185.73325 -0.0062707938 0.99973412 0.022189494 -6.5911806 -0.94949121 -0.012914521 0.31352788 -36.922639
0.32537876 -0.015458041 0.94545737 186.34235 -0.0069123285 0.99980077 0.018725419 -6.5889086 -0.94555854 -0.012628165 0.32520708 -36.693622
0.33706303 -0.011898625 0.94140685 186.95258 -0.0082226867 0.99984479 0.015581299 -6.5878051 -0.94144622 -0.012992773 0.33691287 -36.45748
0.34857766 -0.011096098 0.93721418 187.58724 -0.0077728288 0.99986131 0.01472875 -6.5822446 -0.93724771 -0.012418918 0.34844307 -36.222736
0.36022761 -0.01397699 0.93275969 188.20155 -0.0074705389 0.99981247 0.017866835 -6.5871444 -0.93283457 -0.013404344 0.36005564 -35.964358
0.37101815 -0.016099911 0.928486 188.82229 -0.0067798246 0.99977609 0.02004526 -6.585055 -0.9286009 -0.013732127 0.37082592 -35.707839
0.38238702 -0.016345037 0.92385764 189.45995 -0.0097485756 0.99971652 0.021722104 -6.5898676 -0.92395087 -0.017312546 0.38211928 -35.43031
0.39172162 -0.018117201 0.91990536 190.07376 -0.011103938 0.99964022 0.024415919 -6.5778382 -0.92001682 -0.019778815 0.39137951 -35.157456
0.39942075 -0.016232981 0.91662396 190.70783 -0.016759974 0.99954683 0.025004699 -6.5758423 -0.91661455 -0.025349989 0.39896768 -34.856192
0.40337956 -0.018953519 0.91483639 191.35167 -0.01623844 0.99947973 0.027867182 -6.5637817 -0.91488869 -0.026096567 0.40286192 -34.568807
0.40531403 -0.023643084 0.91387169 191.99383 -0.012271035 0.99943473 0.031299078 -6.5596221 -0.9140952 -0.023900106 0.40479479 -34.280627
0.40602805 -0.02184385 0.91359948 192.64136 -0.0099707252 0.99954889 0.028330128 -6.5550829 -0.91380626 -0.020612075 0.40562708 -33.9942
0.40490021 -0.022008502 0.91409593 193.31852 -0.007290724 0.99960079 0.027296622 -6.5449014 -0.91433185 -0.017716829 0.40457812 -33.703115
0.40322978 -0.020817658 0.9148619 193.98862 -0.0047451018 0.9996802 0.024839123 -6.5406884 -0.9150865 -0.014356986 0.40300204 -33.418617
0.40352233 -0.021949523 0.91470644 194.65728 -0.0016631698 0.99969297 0.024722587 -6.5297976 -0.91496832 -0.011497428 0.40336193 -33.115962
0.40292571 -0.028162857 0.91479924 195.34046 0.001748081 0.99954831 0.030001981 -6.5254859 -0.91523106 -0.010489426 0.40279294 -32.818629
0.40191179 -0.031323524 0.91514244 196.02131 0.002389168 0.99944721 0.033159836 -6.514637 -0.91567531 -0.0111409 0.40176445 -32.514188
0.40019957 -0.033787543 0.91580491 196.71044 0.0037190541 0.99937177 0.035245446 -6.5038433 -0.91642051 -0.010699284 0.40007381 -32.208385
0.39803682 -0.033876851 0.91674368 197.39425 0.0024391362 0.99935347 0.035870531 -6.4917271 -0.91736624 -0.012041729 0.3978621 -31.905382
0.39738503 -0.034265768 0.91701195 198.08746 0.0010430954 0.99931881 0.036889286 -6.4768323 -0.91765142 -0.013702719 0.39715008 -31.599898
0.39482018 -0.033002448 0.91816545 198.77351 -0.00037356626 0.99934879 0.036081131 -6.4710187 -0.91875838 -0.014588554 0.39455075 -31.306069
0.39422874 -0.030221356 0.91851527 199.46286 0.0010054563 0.99947274 0.032453507 -6.4644878 -0.91901184 -0.011870577 0.39405126 -30.998341
0.39351984 -0.023987731 0.91900308 200.13831 0.00019347919 0.99966166 0.026010225 -6.46301 -0.91931614 -0.010057731 0.39339134 -30.701577
0.39204849 -0.020822178 0.91970884 200.81808 -0.0020669086 0.99972135 0.023514729 -6.4490749 -0.91994227 -0.011119868 0.39189621 -30.410509
0.39095415 -0.023867309 0.92010061 201.525 -0.0021944516 0.99963672 0.026862897 -6.439252 -0.92040758 -0.012521277 0.39075975 -30.105752
0.38973281 -0.026730418 0.92053992 202.2144 -0.0039211207 0.99952145 0.030683965 -6.4342018 -0.92091967 -0.015568096 0.38944149 -29.802297
0.38663099 -0.026292933 0.92185958 202.89572 -0.0083070482 0.99945367 0.031990046 -6.4330457 -0.92219713 -0.020026275 0.38620134 -29.518713
0.38274428 -0.026259198 0.92348102 203.59357 -0.010184949 0.99941529 0.032639626 -6.4222453 -0.92379822 -0.021898237 0.38225303 -29.220839
0.37550716 -0.027464153 0.92641245 204.2773 -0.010421181 0.99937255 0.033851174 -6.4151115 -0.92676094 -0.02236567 0.37498534 -28.939695
0.36727615 -0.027708141 0.9296991 204.96913 -0.0099993782 0.99938079 0.033735127 -6.3993413 -0.93005823 -0.02168652 0.36677167 -28.669384
