1.000000000000000000e+00 -3.306050084167601550e-19 -2.270457535318767223e-19 -8.673617379884035472e-19 7.546676715296109287e-19 1.000000000000000000e+00 6.237773588823049983e-19 1.387778780781445676e-17 -3.447385680526250622e-20 4.770700176052009879e-20 1.000000000000000222e+00 5.551115123125782702e-17
5.879112777718465965e-01 2.392137308865700286e-03 8.088844246928287296e-01 -5.849502310701374164e+00 -1.435952394980575045e-02 9.998688436543123892e-01 7.485099555486205043e-03 -2.717189593009147752e-02 -8.087606006624329380e-01 -1.601883677844659695e-02 5.878685678438607676e-01 7.493260441890142509e+00
7.257418420117185687e-02 8.820005017174431701e-04 9.973822067310933459e-01 -2.937749177047584315e+00 -2.689176465119676521e-02 9.996378812581571127e-01 1.071347380320530982e-03 1.034316493879567922e-01 -9.970201693500463369e-01 -2.689178899679363008e-02 7.257154315606956230e-02 1.577868591919413177e+01
-8.617357215609000587e-01 -3.463852063145164695e-02 5.068580941986586819e-01 2.820333068618682049e+00 -4.839393627374437984e-02 9.987314748564082301e-01 -1.395748467986458567e-02 3.157005093741334090e-01 -5.057316866866568006e-01 -3.654456165641883914e-02 -8.623191323352725757e-01 1.977454482970680871e+01
-8.208488478448756620e-01 -3.052594486636424007e-02 5.701829402290741200e-01 8.414617168505456490e+00 -4.425742786988616506e-02 9.989669810750623213e-01 -1.026312660418553582e-02 3.760975851208120391e-01 -5.692805242694496393e-01 -3.367376364802305427e-02 -8.213517305087818521e-01 1.542169553685318384e+01
-8.667279432537503547e-01 -2.997862793339867160e-02 4.959736944847233930e-01 1.429076131541323846e+01 -3.147863541842408491e-02 9.994898377108706322e-01 5.333500769232782206e-03 3.312561379854174759e-01 -4.958804343460002650e-01 -1.099481143293078861e-02 -8.672295796797462319e-01 1.165282655492597108e+01
-9.597722560255151913e-01 -3.657825900498450772e-02 -2.813166841119904005e-01 1.858968057551406261e+01 -3.323423689003610071e-02 9.993103247155000757e-01 -1.654869094999034118e-02 4.952597981682012596e-01 2.817275581546340169e-01 -6.519911923109185208e-03 -9.603263568064402955e-01 7.533217779539091552e+00
-5.976040986795559951e-01 -3.007920733406631644e-02 -8.013035568758446470e-01 1.830249061461756455e+01 -2.624109310397151548e-02 9.994944507826010183e-01 -1.795549781413320958e-02 4.169977660620716176e-01 8.014386782504163698e-01 1.029643793269924106e-02 -5.980914977520014331e-01 2.307106338525638289e+00
-2.670134725472568249e-01 -2.340180090487673295e-02 -9.635391001531956601e-01 1.563883036034780716e+01 -1.952438100634066448e-02 9.996312882560102198e-01 -1.888058865081364626e-02 3.967884935643760658e-01 9.636256737840147579e-01 1.377463375388235552e-02 -2.673719429727761110e-01 -1.182413358324274189e+00
7.392290457146789839e-02 -7.512770141916192551e-03 -9.972327905605353759e-01 1.261005576261404570e+01 -1.308965222588941678e-02 9.998782147001733511e-01 -8.508761675013395975e-03 3.244810576427173410e-01 9.971753563528473752e-01 1.368397341756564731e-02 7.381558006631806779e-02 -2.853133519517935035e+00
3.158597796487075393e-01 2.819928681517254281e-03 -9.487583088784568019e-01 9.717846446371037672e+00 -8.147004524882354819e-04 9.999960731707946415e-01 2.700667188524938627e-03 2.908866814877302254e-01 9.487620334586791548e-01 -7.886731386985170161e-05 3.158608753909473155e-01 -3.109999870420445234e+00
5.180500884615091284e-01 8.807947472167195965e-03 -8.552710247978437819e-01 7.906147419434982559e+00 2.990684321475766978e-03 9.999222179421566326e-01 1.210985664176644078e-02 2.423676654939302122e-01 8.553113775774080496e-01 -8.831118172071644040e-03 5.179834803013515510e-01 -2.446620435087897061e+00
5.704869857706436065e-01 1.333062519423494630e-02 -8.211781943102357539e-01 7.234670393835673785e+00 2.520195092457008876e-03 9.998351620799684758e-01 1.798169085510054402e-02 2.443990906946153785e-01 8.212827162285318838e-01 -1.232799710045890708e-02 5.703594169572797634e-01 -1.577036390465599736e+00
6.016651411797594440e-01 1.365340251286092758e-02 -7.984667586460058031e-01 7.195862241377205315e+00 3.532444941878284169e-04 9.998492272262139435e-01 1.736026766372109759e-02 2.689778019113828744e-01 7.985835112890394827e-01 -1.072591217084200091e-02 6.015698024123555809e-01 -1.830573156634091703e+00
6.659392806510473495e-01 1.622281752258516313e-02 -7.459473652989689896e-01 6.801280763590360046e+00 4.141080598964918570e-03 9.996677643477163144e-01 2.543872071052930700e-02 2.580125245093619624e-01 7.461122501116006500e-01 -2.002910006736716847e-02 6.656510135492101909e-01 -1.055814874949874138e+00
6.941275409030411847e-01 1.343029027572441650e-02 -7.197309087800179972e-01 6.838525874308323260e+00 7.283087849387162756e-03 9.996437628983095847e-01 2.567780393681778559e-02 2.722617034728920804e-01 7.198193883194008436e-01 -2.306610729842311497e-02 6.937825668765976728e-01 -1.250484903743301679e+00
7.526694350112590470e-01 1.374444740185020754e-02 -6.583831621884597141e-01 6.398435677406708599e+00 9.256721685697733709e-03 9.994623318731854500e-01 3.145214157548680695e-02 2.720795196160629703e-01 6.584616961767294496e-01 -2.976530510606509305e-02 7.521374754022376319e-01 -4.685940288017031996e-01
7.742978304663564737e-01 9.963058501601685865e-03 -6.326530771971052847e-01 6.477965328863954042e+00 1.142563683951043109e-02 9.994929468004216666e-01 2.971869394958418995e-02 2.821852021655610332e-01 6.326283348165318010e-01 -3.024123053204789968e-02 7.737914914481267559e-01 -6.513866909365446656e-01
8.243669960844722810e-01 9.058578929847883876e-03 -5.659951986465034945e-01 6.121228387543657057e+00 1.169335338482598019e-02 9.993860360120391251e-01 3.302714813336721927e-02 2.893451715597708529e-01 5.659469712143935238e-01 -3.384599772495271858e-02 8.237549334682167101e-01 1.411696082194922042e-01
8.408940861802988165e-01 1.081475675634015546e-02 -5.410505054969225736e-01 6.111841667607184725e+00 9.061377024507615355e-03 9.993788109224883698e-01 3.405429389912748017e-02 3.148896242277947621e-01 5.410829990771839348e-01 -3.353675478367482837e-02 8.402738038516500696e-01 4.576627936024516008e-02
8.800649429805937896e-01 1.181525530892397514e-02 -4.747280127925970206e-01 5.794377643588417115e+00 6.492606167724414810e-03 9.992975752817708779e-01 3.690969604592591463e-02 3.190984334843341430e-01 4.748307741922955239e-01 -3.556569473100665291e-02 8.793700986390332597e-01 8.959021443974970467e-01
8.931180492944703619e-01 1.110373205140087124e-02 -4.497315962852587723e-01 5.765231025873556625e+00 5.949252346365435824e-03 9.993162793651381159e-01 3.649297030655054147e-02 3.347157061451635496e-01 4.498294409698908036e-01 -3.526748360573574853e-02 8.924414218820786449e-01 8.511292735182922620e-01
9.210050581592921226e-01 1.092376797605384281e-02 -3.893525453139295434e-01 5.502283684595645319e+00 4.912534603179252723e-03 9.992015822457944729e-01 3.964146373904515325e-02 3.395808557085109314e-01 3.894747611378890917e-01 -3.842266902224172193e-02 9.202161091142617710e-01 1.767608106458896655e+00
9.292503583354885244e-01 1.149756411111167893e-02 -3.692595219021004294e-01 5.470388282081253273e+00 3.541723084328905497e-03 9.991924851898117410e-01 4.003001992292858774e-02 3.575504287065585096e-01 3.694216104739381779e-01 -3.850570734761992603e-02 9.284593981815481012e-01 1.776895061658491315e+00
9.509604989731081925e-01 9.600075898695251478e-03 -3.091200002545909098e-01 5.219699137221986085e+00 2.290314313296912176e-03 9.992722739570408796e-01 3.807558504887927076e-02 3.740619472326524031e-01 3.092607317508522247e-01 -3.691568823903114416e-02 9.502466629905664819e-01 2.727844439143746857e+00
9.558570921611031501e-01 5.938430095114808141e-03 -2.937182927764837026e-01 5.217907987912786538e+00 4.749722592517391546e-03 9.993528927924640870e-01 3.564593429769854355e-02 3.850312616388749110e-01 2.937399050916758014e-01 -3.546762891668995415e-02 9.552103136227878544e-01 2.768661485796096944e+00
9.698300319903696565e-01 1.082092623329044189e-03 -2.436571836302567073e-01 4.990866456629584391e+00 6.908716058481129303e-03 9.994665017125233808e-01 3.190253500673757847e-02 4.093804528922526664e-01 2.435617239027931258e-01 -3.262389064161516639e-02 9.693052581557805025e-01 3.797244486070648684e+00
9.711907297527347938e-01 -1.588094303755651672e-03 -2.381745851597230901e-01 4.983589197201390597e+00 9.003854865097485338e-03 9.995083557154034182e-01 3.002341174720517952e-02 4.181816453914900533e-01 2.380096367564804860e-01 -3.130428200748377326e-02 9.707275493203754158e-01 3.843977879110710205e+00
9.803998207495941974e-01 -4.186188745119790063e-03 -1.968433649080966741e-01 4.774779696624220193e+00 9.978137473439585917e-03 9.995461769359514914e-01 2.840441194941518629e-02 4.436154962753267594e-01 1.966349398360171252e-01 -2.981334996540728130e-02 9.799967007931533747e-01 4.935754273416406157e+00
9.794757141332690598e-01 -5.514936239070949466e-03 -2.014376486795009802e-01 4.777813632473007388e+00 1.171674309192022138e-02 9.994931265560281775e-01 2.958470022963452517e-02 4.485728478014330833e-01 2.011721485387940600e-01 -3.133876509568040564e-02 9.790438593915746779e-01 5.073448698880916652e+00
9.857204730858569741e-01 -7.685914578024742941e-03 -1.681422607968136862e-01 4.592640043975382724e+00 1.282465646955369479e-02 9.994828406816125277e-01 2.946491067830749391e-02 4.688502201950528470e-01 1.678283897365913102e-01 -3.120272281129805869e-02 9.853093743924735692e-01 6.175159688200944963e+00
9.843768140114561582e-01 -5.303317068924285650e-03 -1.759194948733790453e-01 4.535274661883028635e+00 1.150736707906697964e-02 9.993469838011046491e-01 3.423224874561141967e-02 4.734806104903209745e-01 1.756227717253436016e-01 -3.572340605105461114e-02 9.837950086449589460e-01 6.392299762100951632e+00
9.890479905829954177e-01 -5.076049143844571683e-03 -1.474002484707346572e-01 4.375974949705319084e+00 1.006927215441205496e-02 9.994005029956485320e-01 3.309825525988379508e-02 5.080639900807499831e-01 1.471434632913887763e-01 -3.422170007327288155e-02 9.885062049839785647e-01 7.515733935658174936e+00
9.879729895690769759e-01 -3.359064731353519993e-03 -1.545058662093119761e-01 4.295262583836001014e+00 9.670258577009762171e-03 9.991491480058405372e-01 4.005927833864230542e-02 5.081355586875978547e-01 1.542393505380272589e-01 -4.107315518488016681e-02 9.871648359014927321e-01 7.824112202595599364e+00
9.914625977408128010e-01 -3.804996346533648290e-03 -1.301931516868035932e-01 4.208269518955177979e+00 8.586914892138926281e-03 9.993095508398318616e-01 3.610329809857847766e-02 5.500589494731633611e-01 1.299653537543831727e-01 -3.691489196374946741e-02 9.908107314394972720e-01 8.898034599721992066e+00
9.910620378237403605e-01 -3.263398644930931829e-03 -1.332216149051939913e-01 4.112006298718496211e+00 8.867629721541104779e-03 9.991011591581050455e-01 4.140228479535338485e-02 5.568667846629727913e-01 1.329661818642298710e-01 -4.221539243092287813e-02 9.902002912154815872e-01 9.365218030286111883e+00
9.926211243816841501e-01 -3.670255027029837008e-03 -1.210065872693753819e-01 4.066742848408508415e+00 8.496465125534679794e-03 9.991901687812034805e-01 3.926172142812167642e-02 5.858864959432529274e-01 1.207637795884611426e-01 -4.000236384680858071e-02 9.918485107044526794e-01 1.024367913652164042e+01
9.931598824227634292e-01 -2.227846384656447225e-03 -1.165472270334757948e-01 3.956041686862883822e+00 7.153754687007378953e-03 9.991006260716458476e-01 4.170515842328688383e-02 6.086730021944447566e-01 1.163487599618094198e-01 -4.225550440808184538e-02 9.922826362085024332e-01 1.094488146464143163e+01
9.934124546050131510e-01 -9.948022030758607408e-04 -1.143932372411804732e-01 3.993483126533917016e+00 5.976232210945625276e-03 9.990512583882267261e-01 4.306967565192412750e-02 6.290323761592397922e-01 1.142413184800680354e-01 -4.347115892199274884e-02 9.924759218067176203e-01 1.170531507864564702e+01
9.923218865873683070e-01 7.629931369638008739e-04 -1.235055066685641217e-01 3.894699444620345119e+00 5.287595713079912794e-03 9.988051115034296545e-01 4.850752471733559001e-02 6.397825914663104463e-01 1.233946961114335272e-01 -4.878874094043249982e-02 9.911320370196758933e-01 1.230499940616607546e+01
9.928170445671822275e-01 -3.334025459356874488e-04 -1.194870727146944422e-01 3.925961637250378278e+00 6.172268590934534664e-03 9.988072992852270460e-01 4.835038227371463160e-02 6.687416493450009103e-01 1.193279441499614374e-01 -4.874165527593343761e-02 9.916349168020407445e-01 1.319604038972163451e+01
9.926677894642990108e-01 6.600699978778754896e-04 -1.207373884041757772e-01 3.828547924460107055e+00 5.416905584295200402e-03 9.987375554166129099e-01 4.987941409391530301e-02 6.913161601733480710e-01 1.206176196085154140e-01 -5.016835579274357693e-02 9.914110532628567229e-01 1.384574698379587865e+01
9.941105540204174806e-01 -1.267369222371472542e-03 -1.081418838389018588e-01 3.808873473936130516e+00 6.217007977459510989e-03 9.989517527942909370e-01 4.527987214653086956e-02 7.238597616277774316e-01 1.079705667289926341e-01 -4.568712480072948529e-02 9.930764542288404995e-01 1.477779964932846823e+01
9.942394036430517446e-01 1.318728525894681449e-03 -1.069094011866549565e-01 3.790848978248818391e+00 3.609521333072662416e-03 9.989451738775556588e-01 4.566275490399685638e-02 7.419301983491681796e-01 1.068566138650425823e-01 -4.578621877274775820e-02 9.931859263818281214e-01 1.543819874506123213e+01
9.955844143079941588e-01 -3.896994511920020242e-04 -9.366316340982670796e-02 3.757349874030047054e+00 4.237564318407855725e-03 9.991586116412873864e-01 4.070344561614956669e-02 7.650944558196945966e-01 9.356810846394479630e-02 -4.092154008020735395e-02 9.947483175489487683e-01 1.627188710820776762e+01
9.958319098262097269e-01 5.596344549030848187e-03 -9.077884931421374703e-02 3.808328009384370105e+00 -1.930661154561845927e-03 9.991855885333426057e-01 4.019650424738510641e-02 7.876898601218121909e-01 9.093072632216833706e-02 -3.985176791061102730e-02 9.950317446137754152e-01 1.704305698155838300e+01
9.968002254578836041e-01 4.821582631071060464e-03 -7.960519342705535406e-02 3.879753048073980359e+00 -1.956242978654997283e-03 9.993516098438178785e-01 3.587413284875390351e-02 8.048356454737426446e-01 7.972711199385089376e-02 -3.560235967079028452e-02 9.961635762659867277e-01 1.800880519684155345e+01
9.967316311326459566e-01 7.902550538212222558e-03 -8.007938857418045453e-02 3.848934759185129728e+00 -4.988592725836391018e-03 9.993253318838578592e-01 3.623702507951807178e-02 8.247324595254976742e-01 8.031368854380453726e-02 -3.571486355107760663e-02 9.960989465217655603e-01 1.857075151111332900e+01
9.970855271172764933e-01 7.638212709691108090e-03 -7.564413297219640953e-02 4.003925904796162172e+00 -5.023239444214333375e-03 9.993892247331281897e-01 3.444304822626951396e-02 8.380265968879265781e-01 7.586277138462463321e-02 -3.395912030111503110e-02 9.965149074589829681e-01 1.940000536606932968e+01
9.975529196081625027e-01 7.373268164275813968e-03 -6.917689771983642766e-02 3.999813811943333075e+00 -5.168616685132353637e-03 9.994795540775720522e-01 3.167472335374026809e-02 8.455749748843794933e-01 6.937645669231760903e-02 -3.123532564943460460e-02 9.970721501088214422e-01 1.992751518123341370e+01
9.978923692829719805e-01 7.288391826369893488e-03 -6.411866794392467872e-02 4.071791955782110506e+00 -5.391946467999468064e-03 9.995489336269324232e-01 2.937322707465447880e-02 8.595879213501615990e-01 6.430599164008762858e-02 -2.896087598980913447e-02 9.974818714713519219e-01 2.081695728565314951e+01
9.982930995859687906e-01 7.381509042815512060e-03 -5.741996554179146922e-02 4.090547471828158699e+00 -5.844244934922259577e-03 9.996270468322675518e-01 2.642346387076486072e-02 8.740520332794442515e-01 5.759679887096536693e-02 -2.603591068669688577e-02 9.979646893018263576e-01 2.127557216495182146e+01
9.993505255541933474e-01 4.443562275253933221e-03 -3.506691850136633981e-02 4.139924788822663793e+00 -3.856994944039713463e-03 9.998568479297557099e-01 1.614558182984042467e-02 8.873785330109655867e-01 3.513628475754376063e-02 -1.599407248371489607e-02 9.992251435677479421e-01 2.229428844698963275e+01
9.994284584570135577e-01 3.624906650384861206e-03 -3.313701745776116703e-02 4.183254595285086808e+00 -3.105425134231838517e-03 9.998750835207661503e-01 1.527892504367403016e-02 8.836715795880346613e-01 3.318974684518746776e-02 -1.516406993572644302e-02 9.993149415656166212e-01 2.267431871863028192e+01
9.999719489762348701e-01 4.847826899024225791e-04 -5.354678186210456645e-03 4.219720306109993047e+00 -4.590679150544458046e-04 9.999939226116656421e-01 2.471707491324276040e-03 8.964614377346944440e-01 5.356965107455841958e-03 -2.466801368730428372e-03 9.999661791170558756e-01 2.379454018218559597e+01
9.999496965367958845e-01 5.913717496864303799e-04 -7.053239175683165274e-03 4.241128243288938116e+00 -5.454665162384167995e-04 9.999892714914949687e-01 3.241249311179625336e-03 8.845918471419419449e-01 7.056953205123400394e-03 -3.233195408320190499e-03 9.999393788917229076e-01 2.414931182498163764e+01
9.996673239466757899e-01 -2.320169847163893254e-03 2.476129499124209155e-02 4.311477087965098320e+00 2.622198612188538207e-03 9.999276147814109006e-01 -1.131060226640300675e-02 8.606021832208621269e-01 -2.473112661470922707e-02 1.137640482742371950e-02 9.996013522417620534e-01 2.534971838960804646e+01
9.996294196759805128e-01 -3.508891274001341674e-03 2.630195918458669638e-02 4.347319559894549101e+00 3.837362841872872608e-03 9.999188270292816982e-01 -1.181750974721576877e-02 8.483941741186351582e-01 -2.625603414466524260e-02 1.191915916303634346e-02 9.995621539714653059e-01 2.569409374981851357e+01
9.974499252939854621e-01 -1.034162561278667049e-02 7.035475800654131251e-02 4.402606372639911392e+00 1.258370405351294172e-02 9.994277767708219518e-01 -3.126382731404188375e-02 7.885111474126962339e-01 -6.998854955122169041e-02 3.207528279791330844e-02 9.970101396367003765e-01 2.704131793045977261e+01
9.955477287192880942e-01 -1.172417294213848674e-02 9.327579069513475263e-02 4.481269132140069722e+00 1.566451106195980436e-02 9.990148488909362801e-01 -4.139001184388123311e-02 7.510650405794973006e-01 -9.269551771493311776e-02 4.267357456254732700e-02 9.947513824651544878e-01 2.745887807814835213e+01
9.915086232019977297e-01 -8.884369865443397102e-03 1.296379817198626550e-01 4.583194700378036224e+00 1.665951085312505214e-02 9.981207627342733035e-01 -5.891886222896679237e-02 6.869002056788958699e-01 -1.288700265754718632e-01 6.058007719294311588e-02 9.897934217572105231e-01 2.875969515295279777e+01
9.892528605750324777e-01 -1.088446295196667489e-02 1.457279193187073218e-01 4.733663977374460430e+00 2.066768110969541272e-02 9.976218580041116279e-01 -6.570148642372253267e-02 6.397934944690778503e-01 -1.446646916873833288e-01 6.801017092255463858e-02 9.871256161605412860e-01 2.910899245608871411e+01
9.858763324120775051e-01 -1.275517491053753359e-02 1.669380864209925319e-01 4.885867152889398213e+00 2.544703117721392252e-02 9.969268622441040950e-01 -7.405964948230146783e-02 5.590505840120411074e-01 -1.654792232092853754e-01 7.726427991803574979e-02 9.831715534784318811e-01 3.038123841650740786e+01
9.864487852317832539e-01 -1.457343368928763240e-02 1.634637577664061203e-01 5.103427526187700458e+00 2.634340809177903101e-02 9.971927603923953498e-01 -7.007214869585405570e-02 5.104082509425007519e-01 -1.619831867398988656e-01 7.342835450904038053e-02 9.840635849529089096e-01 3.064710725149728887e+01
9.855896557182001194e-01 -1.781556181156015647e-02 1.681581978867620064e-01 5.249312014398059389e+00 2.993682960581514965e-02 9.971112233358050414e-01 -6.978234288805505725e-02 4.100987176534459100e-01 -1.664276975213516974e-01 7.381485725150528643e-02 9.832765512896229909e-01 3.194447236154166347e+01
9.870246802576984058e-01 -2.539271236734163065e-02 1.584391282383771082e-01 5.543675842525284558e+00 3.551731674700105840e-02 9.974835159301227439e-01 -6.132788715316027373e-02 3.836654957919091724e-01 -1.564815062110623545e-01 6.616472336596569692e-02 9.854433738462061720e-01 3.212254054082862353e+01
9.853850592961203025e-01 -2.762072249850454006e-02 1.680170568083215188e-01 5.610329585582166878e+00 3.887511869540080656e-02 9.971893407199466930e-01 -6.401094205655584457e-02 2.724775623760324894e-01 -1.657748524709042603e-01 6.961208526435282151e-02 9.836903843200234254e-01 3.344178739866859473e+01
9.843585827243190867e-01 -3.041618378631237921e-02 1.734763399810187456e-01 5.868299890832034293e+00 4.195131568404639189e-02 9.971187244864101462e-01 -6.316801634499220885e-02 2.339671121427340517e-01 -1.710537685601193625e-01 6.946044304034214301e-02 9.827987085477855045e-01 3.374136740068028928e+01
9.816868373181656393e-01 -3.119863100810861198e-02 1.878406241304340640e-01 5.935135492229425047e+00 4.478580999160752807e-02 9.966449785500617331e-01 -6.845780960608988108e-02 1.272477387960705419e-01 -1.850718188332615421e-01 7.562403757896986323e-02 9.797921660844400860e-01 3.504599953783880295e+01
9.818989109398810200e-01 -2.418999750997107706e-02 1.878189717198306130e-01 6.203678215733980039e+00 3.777569685020824852e-02 9.968951082576947842e-01 -6.908081031950691342e-02 9.334893298721176624e-02 -1.855636746904005818e-01 7.492945943581723334e-02 9.797648978480179016e-01 3.525642665579597690e+01
9.807774874055832370e-01 -2.103862085783931093e-02 1.939418720249398986e-01 6.259737060278098397e+00 3.560343678336978790e-02 9.967758465962658354e-01 -7.188291947182438857e-02 -4.401034870788772535e-03 -1.918029881728657293e-01 7.740958922813814813e-02 9.783648588616155051e-01 3.654064715669051111e+01
9.808171106895875457e-01 -2.409260092261187453e-02 1.933610395737114518e-01 6.526046126628396671e+00 3.792153753664709304e-02 9.969563395018428142e-01 -6.805897401696531235e-02 -2.928648702864122128e-02 -1.911304481172739211e-01 7.409047679083417826e-02 9.787463323517522351e-01 3.676498623128638599e+01
9.779846112784142953e-01 -2.593248240287765460e-02 2.069682944228739552e-01 6.574534740717390413e+00 4.190864627320618069e-02 9.964395152505841624e-01 -7.313919366537106892e-02 -1.502294908540807716e-01 -2.043329140651913844e-01 8.021009977976746586e-02 9.755904646880427800e-01 3.811265691395230704e+01
9.774701363054176806e-01 -2.692375134695578973e-02 2.093137506593545361e-01 6.856500071778526717e+00 4.292707155866706814e-02 9.964595078124042216e-01 -7.225646398464706521e-02 -1.792541111250731678e-01 -2.066251878308999756e-01 7.961883828568171173e-02 9.751665587325201168e-01 3.838867860518718800e+01
9.769523315566602806e-01 -2.435364059812070506e-02 2.120343776281503612e-01 6.918090904875659142e+00 4.134807682122328132e-02 9.962443320167178040e-01 -7.607649972507193881e-02 -3.023115150051119970e-01 -2.093850646445693797e-01 8.309201637490670755e-02 9.742902138680284985e-01 3.976798705397455791e+01
9.778811687853060652e-01 -2.855876161035659361e-02 2.071993916042457196e-01 7.188609995846743317e+00 4.460870694486570448e-02 9.963189722994383324e-01 -7.319561647281000449e-02 -3.314718250418584589e-01 -2.043463471075708804e-01 8.081848147462436516e-02 9.755551103228791154e-01 4.012490891903564005e+01
9.788608031818862854e-01 -2.562868044669066800e-02 2.029366146174514385e-01 7.282152306467195579e+00 4.124844899736425374e-02 9.964690991434613787e-01 -7.310974403650369324e-02 -4.621999645397798506e-01 -2.003455589076305332e-01 7.993529026330432885e-02 9.764622186081852728e-01 4.149354449160096436e+01
9.804039288746918546e-01 -2.480850401421043003e-02 1.953911136461241593e-01 7.493038096540753479e+00 3.940412962619488368e-02 9.966864348057034029e-01 -7.115118559886093874e-02 -4.849871962721165608e-01 -1.929779651299567134e-01 7.745865823640843417e-02 9.781332562575018041e-01 4.188910694368492926e+01
9.816934793595378794e-01 -2.170013169189792882e-02 1.891674959305277293e-01 7.620279768666248899e+00 3.573950346762851810e-02 9.968283700793698632e-01 -7.107455712651082613e-02 -6.304760995508719157e-01 -1.870237927004140266e-01 7.653763311040080730e-02 9.793561441447716787e-01 4.330689609315871991e+01
9.831998408935782585e-01 -2.068546917848154004e-02 1.812850704487821984e-01 7.824403827505999942e+00 3.376348685589791038e-02 9.970222727266803142e-01 -6.931509962579616990e-02 -6.370151810678441606e-01 -1.793102848498275281e-01 7.427571277662003979e-02 9.809712691197624013e-01 4.367947884687306725e+01
9.842574866034280445e-01 -1.562839923326421812e-02 1.759556376837506375e-01 7.955003859958440948e+00 2.814562604579828528e-02 9.972309482676350312e-01 -6.878901824849789626e-02 -7.803584519522425156e-01 -1.743916270160972282e-01 7.266251628797205930e-02 9.819725469747928592e-01 4.518028839726848389e+01
9.847219701356105803e-01 -1.178022212634161417e-02 1.736875113581444752e-01 8.137762601797518869e+00 2.401240718311472080e-02 9.973637238331306554e-01 -6.844994847132254701e-02 -7.830690016289019173e-01 -1.724227655211032495e-01 7.157589306513739702e-02 9.824091304407438496e-01 4.557461593884794127e+01
9.851613394312308536e-01 -8.681103315470097004e-03 1.713559655361143186e-01 8.267930820880811993e+00 2.055560892145775684e-02 9.974990140788568826e-01 -6.757076542696351107e-02 -9.199130570550303476e-01 -1.703397562004496379e-01 7.009205817945717010e-02 9.828763004854265128e-01 4.707247428269881340e+01
9.848258698922769394e-01 -7.596213482425246549e-03 1.733489172989452765e-01 8.456588115293270036e+00 1.964181127557840939e-02 9.975010702759476988e-01 -6.784898800422174692e-02 -9.304446032216756590e-01 -1.724002080083686383e-01 7.022446503201815182e-02 9.825141872274054666e-01 4.754395887574366242e+01
9.852549043235783177e-01 -7.305124927775145417e-03 1.708306460550215455e-01 8.599219223061354000e+00 1.893674354378465513e-02 9.976055629094708888e-01 -6.647674423087951423e-02 -1.071311414042930732e+00 -1.699349477675983766e-01 6.873424496913849158e-02 9.830344106775650292e-01 4.907100820851716350e+01
9.847359038454510660e-01 -7.931088685781727612e-03 1.738495079892035389e-01 8.768768024831764762e+00 1.980512859373383117e-02 9.975789644325742112e-01 -6.663518154378710034e-02 -1.086045813855085251e+00 -1.728997956606924402e-01 6.906142679429308484e-02 9.825089737706199644e-01 4.954397172366088142e+01
9.853633610522889441e-01 -7.318717930970286729e-03 1.702625795551833965e-01 8.964267311243384384e+00 1.864465981576983455e-02 9.977111066868656897e-01 -6.497047271751672792e-02 -1.234314059153300835e+00 -1.693967290496951328e-01 6.719538229099471238e-02 9.832446760329709434e-01 5.105085651103137678e+01
9.850413835465948731e-01 -7.786052234594947538e-03 1.721147183506692435e-01 9.093560669861448176e+00 1.921141848556710829e-02 9.977128207879560895e-01 -6.479986252680504377e-02 -1.252472465899218346e+00 -1.712161350601913989e-01 6.713829686050874768e-02 9.829382562024061576e-01 5.155355930140952836e+01
9.853532405337342981e-01 -5.077610003278956730e-03 1.704177733503292047e-01 9.292145895856160465e+00 1.617568384365007314e-02 9.978325171737083554e-01 -6.377730729149126698e-02 -1.403130363367972588e+00 -1.697246424187039415e-01 6.559982344659084919e-02 9.832996234189614881e-01 5.312770806362906484e+01
9.849528798751734371e-01 -5.293113198221357195e-03 1.726433723979355628e-01 9.434059301935535657e+00 1.653969894416458877e-02 9.978298554286332278e-01 -6.369325406138602597e-02 -1.421801461071747763e+00 -1.719309432398584137e-01 6.559209825328612964e-02 9.829031687222251623e-01 5.361404481175633663e+01
9.854938362453861123e-01 -3.261714120112223746e-03 1.696451017545303475e-01 9.631409711127609796e+00 1.401559814888851674e-02 9.979640773721878411e-01 -6.218671084126271148e-02 -1.570623387638250268e+00 -1.690965245408978801e-01 6.366289079739262391e-02 9.835332725243941532e-01 5.513870884368248682e+01
9.854550553862242435e-01 -3.747730898633815696e-03 1.698286538167674831e-01 9.788374196352217282e+00 1.446629010758372288e-02 9.979777193934584734e-01 -6.188653638232498311e-02 -1.592486653310093425e+00 -1.692528455872144844e-01 6.344478377450475659e-02 9.835166881109427273e-01 5.567620148400227009e+01
9.865362214485194903e-01 -3.844069352259100666e-03 1.634196030210043060e-01 9.983839920730645190e+00 1.355821115529730336e-02 9.982046702122627790e-01 -5.831593233486496303e-02 -1.740891559770431307e+00 -1.629015750362713955e-01 5.974790444030119579e-02 9.848172281130828098e-01 5.718949873252267935e+01
9.865189482786164143e-01 -5.803128061176492970e-03 1.634294911879598522e-01 1.012877055908639434e+01 1.544685303736502771e-02 9.982111019406286756e-01 -5.773085779077097995e-02 -1.753091623502695207e+00 -1.628014422092999569e-01 5.947945271857988520e-02 9.848439839947749075e-01 5.771678916881709398e+01
9.877567073073183490e-01 -4.531804546390021289e-03 1.559481005903776418e-01 1.032934645637993576e+01 1.320625540172410718e-02 9.984189400630335554e-01 -5.462525063109898577e-02 -1.903969855186992355e+00 -1.554540842427315495e-01 5.601544392007751227e-02 9.862548202352393600e-01 5.922208328091877405e+01
9.871689953558104857e-01 -6.458508197043870760e-03 1.594570426543723274e-01 1.042488506430202477e+01 1.559533481260700141e-02 9.983043243137676992e-01 -5.603813028263085472e-02 -1.922337223275374818e+00 -1.588239927567626220e-01 5.780768689023727674e-02 9.855960162679220371e-01 5.973669835141173223e+01
9.882920926280606144e-01 -5.097494677744323494e-03 1.523493367992129199e-01 1.063742194461099366e+01 1.340995930716359572e-02 9.984759079833781525e-01 -5.348864346361221350e-02 -2.066772326466666421e+00 -1.518437506807882864e-01 5.490773061375293224e-02 9.868543214710812084e-01 6.127769145134115547e+01
9.873371749876413972e-01 -4.751033624261527880e-03 1.584384782752157328e-01 1.071958618963401655e+01 1.396760677231885517e-02 9.982729212249947803e-01 -5.702558605866928781e-02 -2.082465002451279190e+00 -1.578932560866337376e-01 5.851863849191712985e-02 9.856983735597029117e-01 6.173781178135663339e+01
9.875193117957037359e-01 -1.790678307415577994e-03 1.574239929611454258e-01 1.096627458449610693e+01 1.095111717194094739e-02 9.982959970615974399e-01 -5.730738164396561446e-02 -2.227328786866145993e+00 -1.570529157142007970e-01 5.831694218764308518e-02 9.858561532017201534e-01 6.326987955877815040e+01
9.861978276642588970e-01 -1.078715889394096621e-03 1.655223158199713718e-01 1.106214567471437249e+01 1.134805067770571808e-02 9.980676320911804345e-01 -6.106442469540930562e-02 -2.249191814126962008e+00 -1.651364477121103902e-01 6.210030817076112042e-02 9.843044150080496602e-01 6.373107602094670199e+01
9.859416021350334569e-01 -1.013849644954195345e-03 1.670400652409046172e-01 1.133710322700625817e+01 1.123333343160156338e-02 9.981213843203373681e-01 -6.020786051210564455e-02 -2.359037442252666317e+00 -1.666649026446815340e-01 6.123859492613951266e-02 9.841009806771977564e-01 6.525493817358452020e+01
9.851582515892836067e-01 -4.378033060236902196e-03 1.715424530624642119e-01 1.143627759386451892e+01 1.465870491550857156e-02 9.981684743981035224e-01 -5.866165422929103118e-02 -2.399065791634766853e+00 -1.709709295866649326e-01 6.030672403424990058e-02 9.834182333670138387e-01 6.574014691540183719e+01
9.845846220646927716e-01 -2.084321852618377033e-03 1.748165814207140734e-01 1.167882092459454668e+01 1.227863993466039340e-02 9.982856709703751275e-01 -5.719480834965529059e-02 -2.514431476801511245e+00 -1.743971346381948118e-01 5.846120974862526604e-02 9.829223629097567638e-01 6.728301900997014684e+01
9.833717936538778348e-01 -2.543036494454598614e-03 1.815879592373761953e-01 1.184302888083802863e+01 1.315624357499195832e-02 9.982722648100806895e-01 -5.727214418041326471e-02 -2.591171110843159209e+00 -1.811286916846188422e-01 5.870862090613537809e-02 9.817062375565495103e-01 6.816132872570125301e+01
9.814096466261789109e-01 -2.436311266092333963e-03 1.919239676967617325e-01 1.197177804894483266e+01 1.415254317961642597e-02 9.981157431911128475e-01 -5.970482059773522809e-02 -2.644256859138356397e+00 -1.914168189482456650e-01 6.131123303625798243e-02 9.795948837727964653e-01 6.877883743123257432e+01
9.810111881571366155e-01 -2.402667818061668360e-04 1.939047338098171536e-01 1.219106256428197455e+01 1.231872924789430800e-02 9.980572687712917501e-01 -6.107313576296259650e-02 -2.760826816702371733e+00 -1.935131909058218080e-01 6.230290811357456354e-02 9.791085135534445261e-01 7.018149918466767190e+01
9.801078197412655957e-01 8.737004274500116251e-04 1.984266330805369571e-01 1.238336560473503134e+01 1.169691189377764125e-02 9.979977188377404662e-01 -6.215035454924184438e-02 -2.838534000212430630e+00 -1.980833183839564304e-01 6.323611004819515435e-02 9.781351750173382653e-01 7.110150483644467556e+01
9.791197842594004941e-01 1.486639287188523065e-03 2.032688742677767890e-01 1.254815666380105021e+01 1.119849638476959168e-02 9.980603636117972854e-01 -6.122271953746392936e-02 -2.901394609772481648e+00 -2.029655865762786671e-01 6.222062797787597521e-02 9.772040002496827915e-01 7.181023423131175321e+01
9.785891010787796107e-01 -2.487374235253842544e-03 2.057126510890582571e-01 1.278802003638858409e+01 1.351727869847318096e-02 9.985450038821630514e-01 -5.218405125565236252e-02 -2.986347156629224564e+00 -2.052831861576695782e-01 5.384887722368378316e-02 9.771989619793651771e-01 7.299798496011294446e+01
9.781425278555635483e-01 -4.867880212496871438e-03 2.077668335424002477e-01 1.299032516489919686e+01 1.398197490351879742e-02 9.990030792280456540e-01 -4.238000306967581315e-02 -3.054511631685248307e+00 -2.073529353788446938e-01 4.436112661531533413e-02 9.772354415957428264e-01 7.395938281857903007e+01
9.778136166814856978e-01 -4.807190109215431217e-03 2.093770233564982985e-01 1.317143986358598973e+01 1.301399555853977735e-02 9.991995097169364959e-01 -3.781984797866569381e-02 -3.111788157254239628e+00 -2.090275156703792769e-01 3.970632562401582577e-02 9.770934428917391612e-01 7.476413424105071215e+01
9.775677610725238553e-01 -3.977790280965722187e-03 2.106000931862405945e-01 1.339030792271995907e+01 1.337197718189498709e-02 9.989768477991448625e-01 -4.320268729667107316e-02 -3.190086005868387531e+00 -2.102127711028917711e-01 4.504934911606558318e-02 9.766206838681995572e-01 7.583827176720416219e+01
9.771277252566621385e-01 -4.311702230323281003e-03 2.125449458179765327e-01 1.358624342516957917e+01 1.519300227475506131e-02 9.986550091059395173e-01 -4.955500154689414238e-02 -3.250453513280506357e+00 -2.120450812349725656e-01 5.165216755477288618e-02 9.758789716081628374e-01 7.679944454834195255e+01
9.768691103113283924e-01 -8.821603502707229053e-03 2.136893442102350271e-01 1.378855101499176605e+01 2.003523925992143490e-02 9.985293163018716944e-01 -5.037442936474342825e-02 -3.311038496174107060e+00 -2.129307804970207441e-01 5.348982341040133676e-02 9.756092375904441560e-01 7.762321902911075711e+01
9.770740393390641154e-01 -1.218755963629477093e-02 2.125140964898224183e-01 1.401496044614299130e+01 2.322853953429067711e-02 9.985026573395912042e-01 -4.952331662071358248e-02 -3.383256339105343180e+00 -2.115919923129086500e-01 5.332630795991844669e-02 9.758943340334726990e-01 7.865795197541066841e+01
9.771547853127058314e-01 -1.357778414706601287e-02 2.120237708703612001e-01 1.421592848972795409e+01 2.411659368547022786e-02 9.985950426612821840e-01 -4.716898901573410990e-02 -3.446050126417249171e+00 -2.110848291011205857e-01 5.120757494908711321e-02 9.761096462081411129e-01 7.962855775844008122e+01
9.771264704465751905e-01 -1.205915665103831670e-02 2.122500484973841584e-01 1.440549488841561221e+01 2.156001663202235935e-02 9.988640105453127083e-01 -4.248280893269133079e-02 -3.501709166913690829e+00 -2.114961176719424851e-01 4.609035395660257550e-02 9.762768677744393386e-01 8.049908648154939783e+01
9.776725687811429477e-01 -1.105770958661212063e-02 2.097979905646231713e-01 1.461477633735425208e+01 1.895342879480695075e-02 9.991844746941886957e-01 -3.564921531223302908e-02 -3.558205950424734088e+00 -2.092325692348271093e-01 3.883084119472173662e-02 9.770848977859599716e-01 8.149007716077009889e+01
9.777993562816588158e-01 -3.260479456061585787e-03 2.094654776455091294e-01 1.479004933238955921e+01 1.059242279110098398e-02 9.993696813920850408e-01 -3.388260996135544767e-02 -3.617111197985657167e+00 -2.092229262547904145e-01 3.534995375208552920e-02 9.772176138422169478e-01 8.244124311362848800e+01
9.781232110386115508e-01 4.610052967332411121e-03 2.079892946385867303e-01 1.496333286398021656e+01 2.144551523169038222e-03 9.994777963750975935e-01 -3.223931323876336880e-02 -3.662359484750131955e+00 -2.080293340425835857e-01 3.197996795263777225e-02 9.776027045728329368e-01 8.333326546472662244e+01
9.787973971830237208e-01 2.296937888358659835e-03 2.048309225664398381e-01 1.515976963572020253e+01 4.059533216661654481e-03 9.995231148621517292e-01 -3.060389239968898042e-02 -3.718416098722228114e+00 -2.048035598979975058e-01 3.078649721469225650e-02 9.783214600197968069e-01 8.428706863220297407e+01
9.792553599269923081e-01 -2.554786958894190909e-03 2.025302351308751470e-01 1.534791797119285661e+01 9.099342042365071367e-03 9.994661609138338898e-01 -3.136276671258197285e-02 -3.772109145084424409e+00 -2.023419350052761967e-01 3.255573980464607914e-02 9.787558699253182670e-01 8.523538007064036037e+01
9.805973247502708379e-01 -3.146929371082632636e-03 1.959696297833281031e-01 1.554083256218180509e+01 9.831279301577349958e-03 9.994023651945641573e-01 -3.311365727504973072e-02 -3.819915884013974861e+00 -1.957481670105793992e-01 3.439792218542091912e-02 9.800424290813489758e-01 8.613717652356314147e+01
9.822062572021315052e-01 -7.194931017740413201e-03 1.876361613257304661e-01 1.571629436518012746e+01 1.350408204898379504e-02 9.993849639884722080e-01 -3.235531561655968780e-02 -3.872524743402531833e+00 -1.872879132119615042e-01 3.431391701462427335e-02 9.816992913711946045e-01 8.708479621037056972e+01
9.837334166255297108e-01 -1.412899200689148385e-02 1.789612187623239037e-01 1.587812427667179804e+01 1.988708350320337465e-02 9.993398004650758670e-01 -3.037721124830444416e-02 -3.929711305348083883e+00 -1.784132103871505226e-01 3.344566209848748306e-02 9.833651955757155561e-01 8.800984480577375280e+01
9.857439952765816304e-01 -1.277082005024164461e-02 1.677138379013969893e-01 1.603477304103785173e+01 1.816131444106279524e-02 9.993654855678572035e-01 -3.061768605512608238e-02 -3.976703385631291887e+00 -1.672160037786014630e-01 3.322882635722063799e-02 9.853506956234568959e-01 8.894391024955670844e+01
9.877142439659948314e-01 -9.994376012465911244e-03 1.559165691069204496e-01 1.616151178084024664e+01 1.480690066406772053e-02 9.994482949633444191e-01 -2.971791571825160155e-02 -4.015931258452587471e+00 -1.555333360750114635e-01 3.166258022126876293e-02 9.873173151775640477e-01 8.986761101942721552e+01
9.899385761124203098e-01 -1.066658822899461609e-02 1.409584129216746584e-01 1.629228898027725592e+01 1.445361749769804270e-02 9.995613882338872935e-01 -2.582085997772338645e-02 -4.067748801061663144e+00 -1.406206814659588245e-01 2.760129932959717522e-02 9.896587351661741971e-01 9.081218765849854435e+01
9.915417522453334742e-01 -9.917182224115264622e-03 1.292659782283433478e-01 1.640565131395960208e+01 1.310163876868962463e-02 9.996311602716224654e-01 -2.375654364658955076e-02 -4.113625433690958566e+00 -1.289821854098828768e-01 2.525218806821973722e-02 9.913063021513183193e-01 9.174688462927935007e+01
9.930387583325807066e-01 -9.218955251039127885e-03 1.172373682163691810e-01 1.650734800924135826e+01 1.190617512292575439e-02 9.996823424952829829e-01 -2.216330052299182729e-02 -4.154300494202924021e+00 -1.169949355107237632e-01 2.340932553818494619e-02 9.928334750922415131e-01 9.267890787757416149e+01
9.946755386812856647e-01 -8.819061732230196182e-03 1.024571440916697829e-01 1.660211435136389113e+01 1.096503594475112774e-02 9.997324005382970391e-01 -2.030890764850336316e-02 -4.209533563131792278e+00 -1.022497753366408274e-01 2.132856642989255577e-02 9.945065505265114902e-01 9.361794977424307262e+01
