1.0 0.0 0.0 0.0 0.0 1.0 0.0 0.0 0.0 0.0 1.0 0.0
0.5879408 0.80847394 0.02520388 7.647339 -0.80878687 0.5880347 0.0042894557 6.1036377 -0.0113545535 -0.02290287 0.9996732 0.029174805
0.072776854 0.9965277 0.040926322 16.10022 -0.9973629 0.07284474 -0.00016462803 3.2381592 -0.0031446575 -0.040812463 0.999162 -0.18151855
-0.8619167 0.50500107 0.052608117 20.394165 -0.50726366 -0.8609438 -0.046391837 -2.6966553 0.021843743 -0.06666804 0.99753714 -0.47460938
-0.82099307 0.5685984 0.049993243 16.01709 -0.5705268 -0.8201265 -0.041537162 -8.260742 0.01738381 -0.06261023 0.99788594 -0.5501709
-0.8671154 0.4954654 0.027028069 12.250977 -0.49619472 -0.8661119 -0.04180519 -14.155273 0.0027113333 -0.049703494 0.99875957 -0.5230713
-0.9600961 -0.28208128 0.01688126 8.148926 0.28083053 -0.95908207 -0.054180577 -18.70581 0.031449288 -0.047205906 0.9983899 -0.7044678
-0.5979757 -0.80156523 -0.0064525716 2.7989502 0.8008393 -0.59704673 -0.048107903 -18.581055 0.03471039 -0.03393424 0.99882126 -0.5909424
-0.2672863 -0.9636551 -0.013366243 -0.7969971 0.963119 -0.2665855 -0.039816085 -15.963257 0.03481213 -0.023508564 0.9991177 -0.5266113
0.0738208 -0.9971448 -0.01572512 -2.5756836 0.9970146 0.07414864 -0.021404913 -12.94043 0.022515485 -0.014096207 0.99964726 -0.414917
0.31587264 -0.94875294 -0.0031211665 -2.9064941 0.948712 0.31588796 -0.008838169 -10.029907 0.0093714 -0.00016883871 0.99995613 -0.3519287
0.51798254 -0.8553424 0.0050841295 -2.3057861 0.8553548 0.51798636 -0.0006327639 -8.187134 -0.002093265 0.004676089 0.9999869 -0.28930664
0.5703408 -0.8213439 0.008523343 -1.4520264 0.8213432 0.5703873 0.004526793 -7.505249 -0.008579966 0.00441847 0.99995345 -0.2894287
0.6015435 -0.7986455 0.006902424 -1.7160645 0.79863167 0.6015783 0.005250727 -7.458008 -0.008347588 0.0023542743 0.9999624 -0.3121338
0.6656299 -0.7462236 0.016216215 -0.9609375 0.7462003 0.6657972 0.008661814 -7.046875 -0.017258016 0.006335552 0.99983096 -0.30004883
0.6937786 -0.71993464 0.019277204 -1.1647949 0.7199706 0.6939807 0.0062609003 -7.074951 -0.017885089 0.009534786 0.9997946 -0.31311035
0.75213706 -0.6586179 0.026091486 -0.40075684 0.65867794 0.75250036 0.007432933 -6.6154785 -0.024528928 0.0115941195 0.9996318 -0.31225586
0.77380466 -0.6327746 0.026628252 -0.5908203 0.6329118 0.7741402 0.003991626 -6.686157 -0.023139121 0.013766439 0.9996374 -0.32226562
0.82376796 -0.5661212 0.030443616 0.1862793 0.566281 0.8242112 0.0039165555 -6.3083496 -0.027308255 0.014012147 0.9995288 -0.33032227
0.8402773 -0.5412723 0.03023066 0.08532715 0.54135823 0.8407444 0.005968059 -6.290039 -0.028648065 0.011354096 0.999525 -0.35473633
0.87936646 -0.47505438 0.03254083 0.9234619 0.47507095 0.87992543 0.0077107265 -5.95166 -0.032295987 0.008677371 0.9994407 -0.36071777
0.892438 -0.45005485 0.032357987 0.87438965 0.45006856 0.8929878 0.00726682 -5.9139404 -0.03216619 0.008076243 0.99944997 -0.3758545
0.9202115 -0.38973382 0.03581789 1.7825928 0.38971856 0.9208828 0.007697875 -5.632324 -0.03598343 0.006879743 0.99932843 -0.38330078
0.9284524 -0.36969087 0.036009915 1.7891846 0.3696339 0.9291341 0.008468232 -5.593506 -0.036589745 0.005446207 0.9993158 -0.4008789
0.9502411 -0.30952752 0.03476006 2.7333984 0.3094706 0.9508681 0.007137912 -5.324341 -0.03526274 0.003975644 0.9993702 -0.42199707
0.9552111 -0.29397976 0.033398658 2.772461 0.29402652 0.9557739 0.0036177686 -5.317627 -0.0329845 0.0063687884 0.9994353 -0.43395996
0.9693115 -0.24376684 0.03085948 3.7966309 0.24390697 0.96976745 -0.00079689745 -5.0758057 -0.02973121 0.008307359 0.99952286 -0.4642334
0.97073746 -0.23819087 0.029570797 3.8427734 0.23839217 0.9711326 -0.0034183522 -5.0668945 -0.027901515 0.0103736585 0.9995566 -0.47387695
0.9800071 -0.19679968 0.028348448 4.9317627 0.19703366 0.9803541 -0.0056717773 -4.8461914 -0.026673526 0.011150696 0.9995815 -0.50512695
0.97905666 -0.20133762 0.029840717 5.069824 0.20162855 0.9794266 -0.007040129 -4.851074 -0.027807804 0.01291384 0.9995294 -0.5106201
0.9853219 -0.16798705 0.02992851 6.1698 0.16832018 0.98567945 -0.008944573 -4.6567383 -0.027994838 0.013855819 0.99951136 -0.536499
0.98380595 -0.17582569 0.034399584 6.3878174 0.17615104 0.9843273 -0.0066306437 -4.602173 -0.032692768 0.012588127 0.99938554 -0.54052734
0.9885145 -0.14734498 0.033097416 7.5097656 0.14762586 0.989008 -0.0061785057 -4.4350586 -0.031821277 0.011000609 0.9994322 -0.5814209
0.9871725 -0.15449774 0.039901745 7.819214 0.15479864 0.98792243 -0.004527069 -4.3571777 -0.03871843 0.010653802 0.99919206 -0.5805664
0.99081683 -0.13019873 0.035915606 8.891602 0.13045244 0.9914242 -0.004780788 -4.263672 -0.034982964 0.009432699 0.99934185 -0.6300049
0.9902065 -0.13323984 0.041195393 9.359497 0.13352722 0.991017 -0.0042702816 -4.1691895 -0.040254228 0.009741098 0.99914 -0.6373291
0.99185413 -0.121022776 0.039069813 10.237183 0.12129292 0.99258226 -0.0045819622 -4.121216 -0.038222905 0.0092987595 0.9992234 -0.6723633
0.9922869 -0.11663461 0.04135765 10.938477 0.116863035 0.99312025 -0.0031098272 -4.01001 -0.04070797 0.007937045 0.999136 -0.69799805
0.99247915 -0.11454458 0.042590898 11.69873 0.114728265 0.99337244 -0.0018626887 -4.0478516 -0.04209347 0.0067508444 0.99908805 -0.72314453
0.99113446 -0.123744294 0.04784495 12.299316 0.123895586 0.9922734 -0.00018074947 -3.953003 -0.047451828 0.0061247763 0.9988512 -0.7352295
0.9916381 -0.11967162 0.04782537 13.189941 0.119868994 0.99277014 -0.0012469995 -3.984375 -0.04732871 0.0069867666 0.998851 -0.7702637
0.99141353 -0.120977476 0.04924445 13.839844 0.12113812 0.99261904 -0.00026496506 -3.8883057 -0.04884797 0.006241959 0.9987838 -0.79577637
0.9930797 -0.108290195 0.04485225 14.770874 0.10849346 0.9940707 -0.0020924255 -3.8659668 -0.04435803 0.0069615 0.99898833 -0.83569336
0.9931871 -0.10719399 0.04496424 15.431152 0.10728097 0.99419993 0.0005024962 -3.8483887 -0.04475627 0.004348642 0.99898344 -0.8577881
0.99475014 -0.09386332 0.04019483 16.263916 0.09398415 0.9955535 -0.001101813 -3.8118896 -0.03991146 0.0048905164 0.9991877 -0.8876953
0.99502945 -0.091257595 0.039155494 17.034668 0.09113476 0.9958029 0.004906539 -3.862671 -0.039440542 -0.0012938427 0.9992169 -0.91589355
0.99616176 -0.08002082 0.034988735 17.999512 0.07992167 0.99677753 0.0042186272 -3.9320068 -0.03521464 -0.0013935529 0.9993761 -0.9412842
0.9960953 -0.08062798 0.035102338 18.561401 0.080418766 0.99670875 0.0072958875 -3.9019775 -0.035578914 -0.004421713 0.99935186 -0.96447754
0.9965115 -0.0761635 0.033379715 19.390015 0.07596751 0.997065 0.007065921 -4.056885 -0.033823073 -0.004486183 0.99941313 -0.98498535
0.99706906 -0.069656715 0.03070471 19.917114 0.06947651 0.99753565 0.0068510254 -4.0515137 -0.031110229 -0.004675675 0.9994999 -0.9968262
0.99747896 -0.06456979 0.028468788 20.80603 0.064399384 0.99787754 0.0068053575 -4.123291 -0.028852167 -0.004933943 0.9995667 -1.0179443
0.99796194 -0.057840507 0.025595468 21.26416 0.0576778 0.9982811 0.0069499467 -4.140503 -0.025959902 -0.0054325736 0.9996418 -1.036499
0.99922407 -0.03528786 0.015722772 22.281616 0.035223916 0.99934596 0.0041823406 -4.184326 -0.015865508 -0.0036033012 0.9998625 -1.0601807
0.9993141 -0.03332989 0.014906524 22.661499 0.033281814 0.9994244 0.0033782409 -4.227783 -0.015013533 -0.0028654882 0.99987996 -1.0595703
0.99996614 -0.005379485 0.0024246406 23.780518 0.005377423 0.99997175 0.00044530397 -4.25708 -0.0024291556 -0.00041992357 0.99999416 -1.0841064
0.9999393 -0.007086098 0.0031776577 24.135376 0.00708278 0.99994934 0.00053931447 -4.279785 -0.0031850059 -0.0004940154 0.9999897 -1.0744629
0.9996009 0.024838407 -0.011178941 25.33496 -0.02486588 0.99966496 -0.0021406123 -4.342041 0.011117712 0.0024387138 0.99993044 -1.0635986
0.9995614 0.026375491 -0.011711344 25.679321 -0.02641826 0.9996269 -0.0033185505 -4.378174 0.011614591 0.0036427872 0.9999221 -1.0540771
0.99700433 0.07032511 -0.031513494 27.026367 -0.070668876 0.99743265 -0.009841913 -4.422119 0.030734828 0.012055597 0.99945086 -1.0097656
0.9947422 0.09313663 -0.041919008 27.444092 -0.093678534 0.99551725 -0.011068305 -4.4942627 0.040693752 0.014958221 0.9990545 -0.9790039
0.9897817 0.12946108 -0.05950193 28.745605 -0.13015983 0.9914478 -0.007985218 -4.58667 0.05795759 0.015660573 0.9981933 -0.92993164
0.98710924 0.1453413 -0.06679401 29.095337 -0.1463158 0.9891765 -0.009881486 -4.73291 0.064631864 0.01953937 0.9977146 -0.8885498
0.9831488 0.16626105 -0.07586226 30.36853 -0.16760331 0.98577744 -0.011619317 -4.8811035 0.072848916 0.024146348 0.9970485 -0.82006836
0.9840398 0.16273963 -0.072062 30.634277 -0.16410947 0.98635733 -0.013464656 -5.10083 0.06888704 0.025075296 0.997308 -0.7735596
0.98324794 0.16721019 -0.072413936 31.932251 -0.16882256 0.98549587 -0.01668188 -5.248535 0.068570554 0.028634053 0.9972336 -0.68273926
0.985409 0.15723805 -0.06486954 32.10974 -0.15908648 0.9869473 -0.024327409 -5.547241 0.06019301 0.03430324 0.99759525 -0.6569824
0.9836506 0.16658056 -0.068236426 33.42993 -0.16869982 0.98529917 -0.026497828 -5.6141357 0.06281447 0.037584804 0.997315 -0.55578613
0.9827542 0.17187767 -0.068041965 33.729614 -0.17417048 0.9842708 -0.02926587 -5.871338 0.06193853 0.040620536 0.99725103 -0.5209961
0.97974145 0.1859634 -0.07407732 35.0354 -0.18858114 0.9815833 -0.029961621 -5.9366455 0.06713417 0.043336406 0.99679923 -0.42504883
0.9797237 0.18640453 -0.073364414 35.245605 -0.18851855 0.9817945 -0.022954825 -6.2053223 0.06774641 0.03632186 0.99704075 -0.39489746
0.978326 0.19264977 -0.07578019 36.53064 -0.19464275 0.980665 -0.019767348 -6.262207 0.07050354 0.034095883 0.99692714 -0.30688477
0.97870404 0.19196503 -0.072473444 36.75476 -0.19405165 0.98071074 -0.022832297 -6.529541 0.06668726 0.036424287 0.997105 -0.28430176
0.9755408 0.20524234 -0.07847261 38.10376 -0.20771053 0.9778618 -0.024591409 -6.5770264 0.071682215 0.04029746 0.99661195 -0.17419434
0.97511494 0.20753616 -0.07786181 38.37964 -0.2100554 0.97734725 -0.02557287 -6.859009 0.07078536 0.041298326 0.996634 -0.14892578
0.97424096 0.21031417 -0.08130368 39.759644 -0.21278928 0.9768214 -0.022981219 -6.9229736 0.074584834 0.039691895 0.9964245 -0.036621094
0.9755015 0.20527808 -0.079086125 40.115967 -0.20795925 0.97775817 -0.027214892 -7.196289 0.07174113 0.042997375 0.9964956 -0.010986328
0.9764142 0.20124875 -0.07823485 41.484985 -0.2036768 0.97874075 -0.024307404 -7.2945557 0.07167855 0.039670028 0.99663717 0.11010742
0.97808886 0.1938495 -0.07582565 41.879883 -0.19611079 0.9802917 -0.023529986 -7.508789 0.06976798 0.03788791 0.99684304 0.12927246
0.97931767 0.18786462 -0.074954055 43.297974 -0.18986651 0.9815852 -0.020454418 -7.6416016 0.06972778 0.034271415 0.9969751 0.26452637
0.9809363 0.18012038 -0.072761774 43.6698 -0.18196389 0.9830989 -0.019484416 -7.848999 0.068018995 0.03235936 0.99715817 0.26757812
0.98194534 0.17515266 -0.07118432 45.17102 -0.17659752 0.9841603 -0.014458078 -7.9848633 0.067520484 0.026781408 0.99735534 0.40026855
0.9823873 0.17314838 -0.07010866 45.56494 -0.17430173 0.98462653 -0.010623984 -8.168823 0.06719021 0.022664398 0.997481 0.39904785
0.98285884 0.17103106 -0.06863825 47.063354 -0.17194314 0.9850683 -0.007540304 -8.303345 0.06632139 0.019225312 0.9976095 0.5253906
0.9824978 0.17308655 -0.06874974 47.534668 -0.17393115 0.9847314 -0.006444998 -8.4921875 0.06658427 0.018294942 0.99761194 0.53125
0.9830189 0.17060472 -0.06728162 49.062256 -0.17140023 0.9851636 -0.0061703604 -8.639526 0.06522835 0.017611064 0.9977124 0.661499
0.98249227 0.17357767 -0.06758279 49.535156 -0.17442429 0.9846428 -0.006780124 -8.809082 0.0653673 0.01845593 0.9976888 0.6717529
0.9832294 0.17005208 -0.065747865 51.04248 -0.17082036 0.9852745 -0.006190448 -9.009644 0.06372548 0.01732532 0.99781525 0.8092041
0.9829222 0.17187457 -0.06567497 51.545166 -0.1726741 0.9849518 -0.006648491 -9.139404 0.06354299 0.017877972 0.99781847 0.8231201
0.9832873 0.17035098 -0.064145274 53.119873 -0.17095152 0.9852659 -0.003952374 -9.342407 0.062527046 0.014855466 0.9979322 0.9622803
0.9828903 0.17255944 -0.06411761 53.6062 -0.17317775 0.9848644 -0.004156677 -9.484619 0.062428296 0.015202113 0.9979312 0.9766846
0.9835234 0.16969313 -0.062210884 55.131348 -0.17015447 0.985409 -0.0021450138 -9.686768 0.060938127 0.0127025675 0.99805874 1.114502
0.98350626 0.16985057 -0.061992206 55.6687 -0.1703388 0.9853706 -0.0026306584 -9.844849 0.060637496 0.01315237 0.9980726 1.1317139
0.98480767 0.16346368 -0.058353785 57.182373 -0.16390234 0.9864597 -0.0027684516 -10.046387 0.05710996 0.012299062 0.9982908 1.2698975
0.98483217 0.16337359 -0.058089808 57.709473 -0.16392033 0.98644316 -0.004728101 -10.192505 0.056528114 0.014189196 0.9982987 1.27771
0.9862455 0.15598397 -0.054690648 59.215088 -0.15640636 0.9876884 -0.0035033582 -10.399414 0.05347094 0.012010414 0.99849653 1.4182129
0.985584 0.15938373 -0.056455605 59.729736 -0.15993889 0.98709726 -0.005407803 -10.494995 0.0548634 0.014371115 0.99838805 1.4320068
0.9868448 0.15236616 -0.0536166 61.270996 -0.15280241 0.9882267 -0.004090544 -10.713745 0.05236018 0.0122435 0.99855083 1.5655518
0.9856883 0.15844831 -0.057171818 61.7312 -0.1589171 0.98726463 -0.0037040343 -10.7948 0.05585521 0.012749236 0.9983555 1.576416
0.98584956 0.15758684 -0.056972448 63.26367 -0.15788566 0.9874469 -0.0007493894 -11.045532 0.05613882 0.009739045 0.998375 1.7092285
0.9842977 0.16570328 -0.060680673 63.725098 -0.16600879 0.9861166 1.3197539e-05 -11.139648 0.059839886 0.01006772 0.9981556 1.7260742
0.9840943 0.16722387 -0.0598049 65.24927 -0.16751926 0.98586076 8.380691e-05 -11.417725 0.058972586 0.009942198 0.9982089 1.8240967
0.98340726 0.17154421 -0.058839705 65.73486 -0.17203104 0.9850773 -0.0032595675 -11.516846 0.057401124 0.0133357365 0.9982604 1.8607178
0.98291415 0.17493975 -0.056958575 67.27832 -0.17527848 0.98450416 -0.00095365377 -11.761841 0.05590762 0.010930706 0.99837434 1.9645996
0.9816969 0.18167858 -0.05714478 68.15723 -0.18205316 0.9832881 -0.0013777025 -11.926025 0.05593984 0.011754823 0.9983653 2.0343018
0.97958446 0.19199371 -0.059651535 68.77539 -0.19240732 0.9813173 -0.0012137714 -12.052856 0.058303744 0.012665279 0.99821854 2.081543
0.97910076 0.19408616 -0.060619555 70.17847 -0.19438459 0.9809157 0.00099416 -12.27478 0.05965553 0.010812634 0.9981605 2.1867676
0.9781285 0.19865958 -0.061507974 71.09888 -0.1989076 0.98000836 0.0021323243 -12.467773 0.06070112 0.010152388 0.99810386 2.2565918
0.977198 0.20353003 -0.060445666 71.808105 -0.2037383 0.9790194 0.0027662853 -12.63269 0.05974007 0.009615601 0.99816674 2.3138428
0.9771884 0.20579429 -0.052059606 72.99658 -0.20613606 0.97850233 -0.0012154458 -12.874878 0.05068933 0.011928006 0.9986423 2.392212
0.97722286 0.20778978 -0.042557172 73.95874 -0.20812766 0.9780712 -0.0036073802 -13.0789795 0.04087255 0.012390319 0.999087 2.4558105
0.9770816 0.2094202 -0.0378868 74.763916 -0.20970106 0.9777495 -0.0035490673 -13.261475 0.036299977 0.011415815 0.99927545 2.5079346
0.97660905 0.21065107 -0.043216914 75.83789 -0.21096157 0.9774942 -0.0027020967 -13.482422 0.041675117 0.011755843 0.99906206 2.5756836
0.97586554 0.21254872 -0.04980254 76.79883 -0.21295904 0.9770424 -0.0030121922 -13.679932 0.04801766 0.013552086 0.9987538 2.6260986
0.97558874 0.21348062 -0.05164015 77.62256 -0.21413924 0.97678155 -0.007512301 -13.884155 0.048837584 0.018385809 0.9986374 2.6794434
0.97586906 0.21216121 -0.051495496 78.65723 -0.2129792 0.97698814 -0.010884259 -14.113647 0.04799973 0.021591138 0.99861383 2.7434082
0.9760828 0.21164258 -0.049384244 79.62793 -0.21247923 0.97707295 -0.012281638 -14.317139 0.045650218 0.022486761 0.9987037 2.7990723
0.97625315 0.21199574 -0.04426056 80.49878 -0.21265832 0.9770527 -0.010773389 -14.508545 0.04095834 0.019933978 0.9989615 2.849121
0.97706425 0.20965657 -0.03702098 81.48999 -0.21014538 0.97761136 -0.0097994 -14.720825 0.03413675 0.017356759 0.9992663 2.8997803
0.9772087 0.2095646 -0.033525977 82.44141 -0.20974806 0.97774214 -0.0020113178 -14.897827 0.03235802 0.008998939 0.99943584 2.9516602
0.97760546 0.20828898 -0.030153409 83.333496 -0.20820773 0.97807014 0.005845069 -15.072998 0.03070951 0.00056391023 0.9995281 2.9902344
0.9783212 0.20506619 -0.028994495 84.28711 -0.20505144 0.9787476 0.0035143858 -15.272827 0.029098667 0.0025078617 0.9995732 3.0390625
0.97874874 0.20265174 -0.030795388 85.23511 -0.20278841 0.9792043 -0.0013447711 -15.464233 0.02988201 0.007566184 0.99952435 3.0848389
0.9800346 0.19607806 -0.03270041 86.13623 -0.19624591 0.9805451 -0.0019646958 -15.661377 0.03167825 0.008348893 0.9994624 3.1246338
0.9816868 0.18764146 -0.032702677 87.08325 -0.18793307 0.9821572 -0.006053689 -15.842041 0.030982822 0.012090942 0.9994466 3.1699219
0.98334503 0.17880157 -0.0319295 88.00781 -0.17928788 0.983689 -0.01303279 -16.0094 0.029075088 0.018547636 0.9994044 3.220459
0.9853335 0.16759215 -0.03181312 88.94116 -0.16803406 0.98570234 -0.011731924 -16.171753 0.02939026 0.016910061 0.99942434 3.2600098
0.98730457 0.15587583 -0.030348249 89.86426 -0.15621205 0.9876769 -0.009019649 -16.3042 0.028567186 0.013648383 0.99949837 3.2924805
0.98964703 0.14092894 -0.0264229 90.80835 -0.14122781 0.9899093 -0.009779267 -16.442139 0.024775561 0.013416078 0.9996024 3.338379
0.99129647 0.1292634 -0.024176497 91.742676 -0.12951453 0.9915171 -0.009097626 -16.561401 0.02279275 0.012155799 0.9996656 3.3779297
0.99282527 0.117254235 -0.02243856 92.67432 -0.11746919 0.993018 -0.008469116 -16.669067 0.021284651 0.0110527035 0.99971133 3.4122314
0.9944998 0.10248704 -0.020486433 93.61304 -0.10267223 0.99465895 -0.008156072 -16.770874 0.019537073 0.010223423 0.99975574 3.4611816
0.9957213 0.09003994 -0.019712426 94.54419 -0.09019231 0.9958793 -0.006936571 -16.840088 0.019003116 0.008693872 0.9997805 3.4971924
0.99658966 0.07978029 -0.01974775 95.44873 -0.07990788 0.9967604 -0.005698096 -16.896973 0.01922502 0.007269366 0.999787 3.5357666
0.9976072 0.066324584 -0.018341761 96.36865 -0.06640932 0.9977638 -0.004000576 -16.95398 0.018032517 0.005220286 0.99982214 3.5653076
0.998072 0.05920348 -0.017395124 97.29907 -0.059269894 0.9982163 -0.0032755928 -16.982544 0.017167546 0.0043124007 0.99984145 3.588501
0.9988791 0.044833887 -0.013606514 98.22388 -0.044870343 0.99896944 -0.0023260387 -17.040283 0.013485769 0.0029465486 0.99990267 3.6114502
0.999296 0.035196945 -0.010821863 99.137695 -0.0352163 0.999355 -0.0015311665 -17.060425 0.010758672 0.0019255243 0.99993795 3.6271973
0.9994647 0.030195618 -0.0094972765 100.05884 -0.030203907 0.9995125 -0.0006654421 -17.06665 0.0094708735 0.00097147655 0.99995154 3.6452637
0.99962586 0.02534631 -0.008141271 100.97949 -0.025343355 0.9996609 0.0004525371 -17.086914 0.008150465 -0.000234609 0.9999649 3.670166
0.9997218 0.020976292 -0.0068454538 101.91333 -0.020971652 0.9997486 0.0006749495 -17.099365 0.0068596574 -0.00051078387 0.99997294 3.6884766
0.99980676 0.01720612 -0.005672635 102.84082 -0.017203188 0.9998258 0.00049590395 -17.10608 0.0056815133 -0.00038095817 0.9999809 3.6870117
0.9999063 0.011654084 -0.00385705 103.7605 -0.011652998 0.99991554 0.00025415528 -17.105713 0.0038603253 -0.00019827909 0.9999907 3.7005615
0.99993277 0.008902907 -0.0029479093 104.69336 -0.008902699 0.99993944 6.60487e-05 -17.116455 0.0029485351 -2.5953632e-05 0.9999934 3.7094727
0.999979 -0.0011068842 0.00036491035 105.6333 0.001106898 0.9999811 5.1705865e-06 -17.124512 -0.0003648759 7.244147e-06 0.999998 3.7070312
0.99995524 -0.006593189 0.0021642917 106.57666 0.006593246 0.9999597 -6.490154e-08 -17.107056 -0.0021641306 2.6566442e-05 0.99999565 3.7156982
0.99988735 -0.012263246 0.004001684 107.488525 0.012262954 0.99989825 8.79101e-05 -17.107422 -0.004002592 -2.1521177e-05 0.99998915 3.7233887
0.99975437 -0.019654145 0.0063391314 108.377686 0.019651769 0.9997775 0.00039762142 -17.086426 -0.0063465084 -0.00025410447 0.9999768 3.7233887
0.9995888 -0.026218623 0.00832417 109.3064 0.026216397 0.9996265 0.00036550427 -17.056396 -0.008331204 -0.00012830226 0.9999622 3.7493896
0.9993804 -0.032736503 0.010151072 110.20825 0.032734353 0.99943465 0.00037649387 -17.025879 -0.01015802 -2.5736754e-05 0.9999456 3.7720947
0.99922687 -0.037015878 0.011223457 111.09448 0.0370206 0.9992918 -0.00019291567 -16.990479 -0.011207869 0.0006219057 0.99993503 3.7629395
0.9988032 -0.046432536 0.013772531 111.996826 0.04643032 0.9989 0.00048445916 -16.94873 -0.013780019 0.00016826582 0.99990314 3.7575684
0.9983645 -0.054411594 0.015937647 112.95947 0.05440336 0.99849373 0.0009493767 -16.880737 -0.015965745 -6.649959e-05 0.9998705 3.7546387
0.9979692 -0.060932934 0.017535184 113.82788 0.06092251 0.99812466 0.0011278816 -16.835327 -0.017571362 -4.728706e-05 0.99984413 3.74646
0.9975766 -0.06683086 0.018442335 114.72656 0.06685948 0.99774593 -0.0009237075 -16.768799 -0.018338276 0.0021631522 0.99982834 3.7416992
0.99697095 -0.07484822 0.019436404 115.6355 0.07488089 0.99715966 -0.0009305434 -16.697388 -0.019310137 0.0024000118 0.99980843 3.734253
0.99650764 -0.08069817 0.020045798 116.52612 0.080716595 0.9967095 -9.4123214e-05 -16.618774 -0.019971566 0.0017256121 0.99979734 3.7265625
0.9956008 -0.09076765 0.021788392 117.41968 0.090822786 0.99583495 -0.0015259573 -16.55017 -0.0215574 0.0035130435 0.99975973 3.723755
0.9947938 -0.09898679 0.023008658 118.35156 0.09910334 0.9950417 -0.0039435145 -16.459229 -0.022501295 0.0062153917 0.9997261 3.7324219
0.9941205 -0.10540359 0.023432178 119.255615 0.105569154 0.994363 -0.0058945264 -16.376465 -0.022674585 0.008347143 0.9997065 3.7230225
0.99327934 -0.113120444 0.023643872 120.13623 0.11323918 0.99354106 -0.0037224893 -16.264404 -0.023068467 0.006382675 0.99971277 3.6849365
0.99236315 -0.12079295 0.023436947 121.07715 0.120768726 0.9926412 0.0024536876 -16.151855 -0.023561405 0.00040917005 0.99972105 3.682129
0.9918058 -0.12532896 0.023732362 121.98877 0.1253514 0.9920877 0.00055363984 -16.047363 -0.023613522 0.0024349447 0.9997174 3.6766357
0.99132437 -0.1289322 0.024366517 122.84155 0.1290656 0.99159956 -0.0039531337 -15.930542 -0.023649715 0.007074518 0.9996942 3.64917
0.99059063 -0.13455603 0.024630036 123.795166 0.1346603 0.99087965 -0.0026102331 -15.809814 -0.024053479 0.0059060976 0.99969286 3.656128
0.9894768 -0.1422345 0.025881851 124.700195 0.14241289 0.9897766 -0.005161269 -15.718262 -0.02488143 0.008798666 0.99965113 3.6385498
0.9887108 -0.14713825 0.027759463 125.55298 0.14748737 0.98898816 -0.010948672 -15.601685 -0.025840418 0.014924779 0.9995541 3.618164
0.9880435 -0.15112889 0.029897317 126.48633 0.15158452 0.98833317 -0.01356833 -15.464111 -0.027494105 0.017944597 0.99946004 3.6049805
0.9873777 -0.155462 0.029906478 127.37158 0.15593578 0.9876541 -0.014191778 -15.319824 -0.027328685 0.018680198 0.99945146 3.586792
0.9868408 -0.15911195 0.02831092 128.21631 0.15954903 0.9870787 -0.013884972 -15.170166 -0.025733704 0.018223647 0.99950236 3.5699463
0.98664314 -0.16052581 0.02698091 129.13257 0.16089085 0.9868813 -0.0119008655 -15.006226 -0.024712138 0.016090497 0.9995642 3.5482178
0.9863886 -0.16200458 0.027454484 130.01562 0.16235757 0.98665005 -0.011124767 -14.85791 -0.025282884 0.015436049 0.9995608 3.531128
0.986127 -0.16301677 0.030555677 130.88599 0.16340777 0.9864773 -0.010734929 -14.713989 -0.028389245 0.015584746 0.999475 3.5203857
0.98578185 -0.1644941 0.03381847 131.78687 0.16491073 0.98624295 -0.0098860795 -14.566895 -0.03172431 0.01532821 0.9993783 3.4958496
0.9854495 -0.16554576 0.037971165 132.65576 0.16605131 0.9860403 -0.010525195 -14.416626 -0.03569538 0.016685605 0.9992223 3.4837646
0.9855387 -0.16541836 0.03654991 133.50464 0.16589145 0.9860839 -0.010274137 -14.263794 -0.034339853 0.016194467 0.99927795 3.465454
0.98548335 -0.16625135 0.033874776 134.3811 0.1666972 0.98593247 -0.0107431915 -14.109253 -0.031608723 0.016242754 0.99936706 3.4538574
0.9853444 -0.16734228 0.03240184 135.25171 0.16774596 0.9857568 -0.01013125 -13.957642 -0.030242298 0.015425603 0.99942267 3.425415
0.98540044 -0.16695035 0.03267058 136.1001 0.16731323 0.9858428 -0.008666276 -13.804077 -0.030758116 0.014013997 0.9994277 3.4077148
0.9851394 -0.16822556 0.033917848 136.96094 0.16863461 0.98560756 -0.009539374 -13.668579 -0.031821415 0.015126079 0.9993781 3.4036865
0.9850364 -0.16901232 0.033344015 137.83057 0.16942546 0.98547953 -0.00994722 -13.512817 -0.031176496 0.015451589 0.9993939 3.394165
0.98518264 -0.16856514 0.03093995 138.66455 0.16886604 0.9855902 -0.007341787 -13.355835 -0.029253619 0.012466396 0.9994932 3.355713
0.98508686 -0.1697112 0.027526446 139.51099 0.16982701 0.9854503 -0.0018986444 -13.198975 -0.02680263 0.006552574 0.9996186 3.349121
0.9852908 -0.1688476 0.025036104 140.37012 0.16885711 0.98560613 0.0017533038 -13.0373535 -0.024971813 0.002507988 0.9996845 3.3431396
0.9851637 -0.16962811 0.025038328 141.20581 0.16979429 0.9854428 -0.004638469 -12.89209 -0.023885036 0.008828454 0.9996752 3.3336182
0.98495406 -0.17104192 0.02425528 142.03516 0.17119783 0.9852157 -0.0044804863 -12.735718 -0.023129337 0.008569238 0.9996955 3.3188477
0.9847648 -0.17196189 0.024832977 142.90259 0.17209621 0.9850491 -0.0033508162 -12.578735 -0.023884017 0.0075800004 0.9996856 3.2926025
0.98406345 -0.1756802 0.027384184 143.71948 0.17589404 0.9843908 -0.0055813896 -12.433838 -0.025975874 0.010311622 0.99960905 3.2757568
0.9837282 -0.1768921 0.031230621 144.5664 0.17713702 0.98416626 -0.005229411 -12.271606 -0.029810304 0.010679058 0.99949825 3.260498
0.98304754 -0.18007742 0.033777956 145.3999 0.18034893 0.9835658 -0.005126267 -12.11792 -0.03229752 0.011142009 0.999415 3.248413
0.9822143 -0.18462177 0.033561774 146.18921 0.18493827 0.98270696 -0.0065412284 -11.957397 -0.031771507 0.012639606 0.9994145 3.2559814
0.98115784 -0.19052587 0.031394146 147.05591 0.19088694 0.9815498 -0.008897025 -11.776001 -0.02911788 0.014727682 0.9994671 3.2512207
0.9793352 -0.19984701 0.030431146 147.87842 0.20021732 0.9796855 -0.009604745 -11.615112 -0.02789102 0.015504165 0.9994904 3.2197266
0.9774947 -0.20823678 0.033294488 148.65625 0.20863126 0.9779382 -0.008796318 -11.436523 -0.030725718 0.015549072 0.9994065 3.2020264
0.9747532 -0.22020054 0.036330253 149.46411 0.22065261 0.9752879 -0.008875143 -11.244263 -0.033475116 0.01667422 0.9992999 3.1951904
0.9717634 -0.23301172 0.03665423 150.30908 0.23357669 0.97224635 -0.011898812 -11.057251 -0.03286247 0.020129934 0.9992568 3.1875
0.96841663 -0.2467879 0.035069987 151.03516 0.24740945 0.9687837 -0.014567375 -10.866211 -0.030376857 0.022788724 0.9992782 3.166626
0.96487015 -0.26017782 0.035879824 151.86548 0.26082814 0.9652496 -0.014723874 -10.637695 -0.030799106 0.023571877 0.9992471 3.1489258
0.9613526 -0.27290466 0.035570327 152.56494 0.27359012 0.9616832 -0.01597372 -10.444336 -0.029843774 0.025094459 0.9992391 3.1450195
0.9577412 -0.28610307 0.029416077 153.29541 0.2867124 0.95782053 -0.019070636 -10.209839 -0.022718776 0.026697561 0.9993855 3.140503
0.9539944 -0.29923564 0.018101564 154.0376 0.29957327 0.9538452 -0.020247364 -9.968262 -0.011204384 0.024740107 0.99963087 3.1104736
0.95009416 -0.31171376 0.011311793 154.74658 0.3118711 0.94995874 -0.016936027 -9.718262 -0.0054653957 0.01961965 0.9997926 3.1169434
