1 0 0 0 0 1 0 0 0 0 1 0
0.99987283 0.0010144237 0.015914954 -0.012985088 -0.001001611 0.99999917 -0.0008130314 -0.0030793838 -0.015915767 0.00079698745 0.99987302 0.089331822
0.99932678 0.0031778301 0.036549776 0.023085216 -0.0031609242 0.99999487 -0.0005203277 0.0042694981 -0.036551245 0.00040444637 0.9993317 0.24686666
0.99795156 0.0053946012 0.063746234 0.05457705 -0.0054501864 0.9999849 0.00069811077 0.00028110671 -0.063741511 -0.0010441096 0.9979659 0.39457243
0.99520752 0.0049120019 0.09766197 0.094788125 -0.0052366268 0.99998158 0.0030679142 0.0037526857 -0.09764511 -0.0035646306 0.99521491 0.5751208
0.99090295 0.0016380408 0.13456843 0.17448511 -0.0023954217 0.99998219 0.0054665022 -0.0028094574 -0.13455709 -0.0057391213 0.99088922 0.7700803
0.98466768 -0.0016705855 0.17443273 0.24892292 0.000681407 0.99998335 0.0057305659 -0.0052200796 -0.17443941 -0.0055238433 0.98465242 0.95266776
0.9760313 -0.0017480378 0.21762316 0.33713327 0.00022070371 0.99997518 0.0070423603 -0.0064144184 -0.21763009 -0.0068255338 0.97600746 1.167184
0.96425055 -0.0019147486 0.2649853 0.4180842 -0.00064004794 0.99995415 0.0095545951 0.001815645 -0.26499147 -0.0093826268 0.96420511 1.3638838
0.94993099 -0.0055971057 0.31240962 0.54329327 0.00038372192 0.99985969 0.016746638 0.0090149732 -0.31245954 -0.015788273 0.94979986 1.6140885
0.93314163 -0.015530998 0.35917334 0.67326099 0.0071247543 0.99966912 0.024716353 0.00078011879 -0.35943839 -0.020504836 0.93294352 1.8264216
0.91180912 -0.021159333 0.41006878 0.84501162 0.0097968532 0.99950816 0.029790286 -0.0020398117 -0.41049747 -0.023145671 0.91156795 2.0432889
0.88648367 -0.023238407 0.46217601 1.0193936 0.0086069563 0.99939354 0.033741231 0.00167627 -0.46267985 -0.025933122 0.88614606 2.3012775
0.8589242 -0.025346183 0.51147509 1.1973946 0.0066312001 0.99924115 0.038381637 0.017924508 -0.51205983 -0.029575223 0.85844048 2.502679
0.82609149 -0.030260582 0.56272296 1.4483761 0.0075096839 0.9990597 0.042700305 0.018054356 -0.56348601 -0.031048487 0.82554196 2.7506612
0.7904775 -0.036200963 0.6114203 1.6711266 0.0098371334 0.99887342 0.0464233 0.024814357 -0.6124121 -0.030681951 0.78994308 2.9340683
0.75248053 -0.040756809 0.65735218 1.9329707 0.011286149 0.99873483 0.049003621 0.036461689 -0.65851781 -0.029455297 0.75198851 3.1411846
0.71240961 -0.044030067 0.70038122 2.2220099 0.012329438 0.99866104 0.050240499 0.048403865 -0.70165559 -0.027156507 0.71199859 3.3979245
0.67065997 -0.045796701 0.7403498 2.525556 0.011660744 0.99861984 0.051209712 0.065018817 -0.7416733 -0.025711274 0.67026837 3.5975058
0.62824299 -0.046066212 0.77665217 2.871274 0.0066474086 0.99852695 0.053849288 0.083344428 -0.77798882 -0.028667713 0.62762378 3.8111376
0.58708698 -0.046877928 0.80816538 3.2025764 0.0041369996 0.99848262 0.054912049 0.099002328 -0.80951333 -0.028894769 0.58639008 4.0209168
0.54731022 -0.048013385 0.83555142 3.5826914 0.002182838 0.99843157 0.055943162 0.11763278 -0.83692701 -0.028794391 0.5465566 4.2196539
0.50845135 -0.050606495 0.85960232 3.9899803 0.0010652805 0.99830774 0.058142249 0.13304412 -0.86109009 -0.028646787 0.50764483 4.4272281
0.47058712 -0.050409265 0.88091237 4.4066045 -0.0018246788 0.99830899 0.058101911 0.1558302 -0.88235169 -0.028949393 0.46969937 4.6215223
0.43417946 -0.049654745 0.8994568 4.8743659 -0.003197416 0.99838843 0.056659725 0.17824703 -0.90082076 -0.027476426 0.43332098 4.806502
0.4018103 -0.04859219 0.91443273 5.3695964 -0.0013588854 0.99855836 0.053659662 0.20041735 -0.91572196 -0.022803614 0.401165 4.9867279
0.37048721 -0.046855498 0.92765496 5.885322 0.0001598363 0.99873003 0.050381637 0.22476043 -0.92883759 -0.018517479 0.37002419 5.1737175
0.34571688 -0.044948379 0.93726165 6.4139941 0.0013799711 0.99887531 0.047394179 0.24351777 -0.9383379 -0.015091573 0.34539009 5.3638698
0.3253342 -0.044319087 0.9445599 7.0154184 0.0024242417 0.99893686 0.046035493 0.26498254 -0.94559603 -0.012687078 0.32509577 5.5208415
0.31032218 -0.045025424 0.94956452 7.5885689 0.0037518865 0.99892794 0.046139951 0.29469657 -0.95062408 -0.010755591 0.31015843 5.723709
0.2979789 -0.046266936 0.95345051 8.2128457 0.0041035785 0.99887756 0.04718884 0.31204336 -0.95456368 -0.010148719 0.29783429 5.8991702
0.28799511 -0.04818219 0.95641895 8.8449787 0.00348321 0.99877955 0.049267361 0.34357753 -0.95762558 -0.010857351 0.28781146 6.1008452
0.27713415 -0.049891697 0.95953499 9.5364094 0.0018720545 0.9986771 0.051386229 0.37167018 -0.96082945 -0.012444577 0.27686093 6.2943577
0.26591953 -0.051580978 0.96261422 10.213901 0.00074082646 0.99857809 0.053303423 0.40444016 -0.96399499 -0.01346129 0.26557962 6.4775969
0.25640463 -0.053718638 0.96507559 10.925915 0.00017302887 0.99845696 0.055530761 0.42940707 -0.96656956 -0.014071358 0.25601829 6.6644519
0.24597928 -0.055232157 0.96770012 11.643922 0.00018159456 0.99837776 0.056936945 0.46393485 -0.96927511 -0.013829579 0.24559027 6.8416476
0.23563564 -0.05668508 0.97018687 12.406455 -0.00069466187 0.99828742 0.058495626 0.49012435 -0.97184126 -0.014457605 0.23519272 7.0188373
0.22551478 -0.059495392 0.97242136 13.166535 -0.0019419182 0.99810414 0.061517086 0.52462999 -0.97423785 -0.015761374 0.2249717 7.2097176
0.21401432 -0.063163584 0.97478621 13.957421 -0.0040601179 0.9978411 0.065548878 0.56529487 -0.97682213 -0.017986145 0.21329583 7.3984271
0.20097615 -0.066511385 0.97733553 14.776695 -0.0043367772 0.99762217 0.068783767 0.6111025 -0.97958658 -0.018062383 0.20020982 7.5626806
0.1885113 -0.069243538 0.97962684 15.556602 -0.0052979601 0.99742502 0.071521073 0.64446756 -0.98205677 -0.018672554 0.18765904 7.725868
0.17455631 -0.069917312 0.98216169 16.333896 -0.0056632312 0.997388 0.072007736 0.6835777 -0.98463095 -0.018131613 0.17370441 7.841283
0.15946359 -0.068858944 0.98479933 17.162496 -0.0070888627 0.99745881 0.07089198 0.72395816 -0.9871784 -0.018285796 0.15857023 7.9715763
0.14288802 -0.068050594 0.9873966 17.960977 -0.0080634014 0.99752035 0.069915184 0.76301637 -0.98970606 -0.017951817 0.14198498 8.1102158
0.12232112 -0.066636868 0.99025097 18.756617 -0.010772647 0.99759558 0.068461802 0.80087937 -0.99243215 -0.019041948 0.12130915 8.1993157
0.09768745 -0.065033402 0.99308999 19.613931 -0.014690913 0.99765972 0.066777757 0.84402976 -0.99510875 -0.021112747 0.096503432 8.2873747
0.068289596 -0.064481268 0.99557954 20.421331 -0.018877716 0.99764698 0.065910046 0.87912921 -0.99748697 -0.023295238 0.066911649 8.347717
0.034634178 -0.064029217 0.9973468 21.301456 -0.022427634 0.99764445 0.064827154 0.91865691 -0.99914842 -0.024613363 0.03311657 8.3764659
0.0018280507 -0.063842606 0.99795826 22.081878 -0.024029977 0.997669 0.063868118 0.95032706 -0.99970961 -0.024097668 0.00028965159 8.3559582
-0.033279948 -0.062482022 0.99749103 22.956744 -0.024030394 0.99780542 0.061699972 0.98333648 -0.99915718 -0.021916731 -0.034708382 8.3217039
-0.064869479 -0.060560837 0.99605434 23.791419 -0.026282687 0.99791416 0.058962217 1.0155441 -0.99754762 -0.022354136 -0.066325875 8.2437255
-0.098831271 -0.057530994 0.99343972 24.622861 -0.029045235 0.99806879 0.054909534 1.0546317 -0.99468027 -0.02342791 -0.10031141 8.1821461
-0.13240215 -0.05301504 0.98977724 25.4939 -0.026507213 0.99840085 0.049931083 1.0792224 -0.99084162 -0.019625253 -0.1335957 8.0417944
-0.16209531 -0.047341659 0.98563877 26.316181 -0.021650535 0.99877866 0.044412202 1.094789 -0.98653761 -0.014140596 -0.16292231 7.9075858
-0.194709 -0.041120228 0.9799987 27.134212 -0.015866463 0.99912218 0.038770245 1.1123544 -0.98073276 -0.0080001965 -0.19519051 7.712563
-0.22200055 -0.0357267 0.97439175 27.944432 -0.01001117 0.99935933 0.034361258 1.1241224 -0.97499519 -0.0021265829 -0.22221599 7.4901835
-0.24996616 -0.028803858 0.96782601 28.755807 -0.0016004471 0.99956835 0.029335198 1.1383802 -0.96825329 0.0057838535 -0.24990436 7.29231
-0.27784303 -0.019126932 0.96043601 29.555662 0.0046822754 0.99976292 0.02126465 1.1393791 -0.96061512 0.010405262 -0.2776876 7.0492068
-0.30292521 -0.0035141228 0.95300781 30.323084 0.0091475046 0.99993641 0.0065948145 1.124983 -0.95297047 0.01071538 -0.3028738 6.7659281
-0.32731681 0.013537519 0.94481763 31.129618 0.010265974 0.9998893 -0.010770114 1.1023429 -0.94485893 0.0061742346 -0.32741956 6.5098769
-0.35435388 0.028216387 0.93468556 31.902819 0.0087973212 0.99960101 -0.026840858 1.0796586 -0.93507006 -0.0012884321 -0.35446072 6.2439191
-0.37779533 0.038987756 0.92506787 32.659234 0.012683903 0.99923722 -0.03693361 1.0390307 -0.92580229 -0.0022198734 -0.37800168 5.9093174
-0.40220411 0.043986053 0.91449276 33.434505 0.016457162 0.99903121 -0.04081421 0.99156928 -0.91540214 -0.0013656865 -0.40253835 5.5771662
-0.4245779 0.042986709 0.90437032 34.15623 0.018806081 0.99907547 -0.038659294 0.94058945 -0.90519612 0.00059378047 -0.42499378 5.2261249
-0.44441609 0.039823085 0.89493485 34.901671 0.023555418 0.99918548 -0.032764664 0.90183005 -0.89551077 0.0065194214 -0.44499216 4.8512085
-0.46287438 0.038356587 0.88559359 35.636668 0.030541649 0.99916028 -0.027312111 0.86407532 -0.88589761 0.014405413 -0.46365717 4.449864
-0.47701844 0.039558352 0.87800255 36.340894 0.034713896 0.99905505 -0.026152318 0.8229728 -0.8782075 0.018003752 -0.47794091 4.0532403
-0.48825705 0.042665814 0.87165625 37.019348 0.036971318 0.99891876 -0.028185624 0.77282648 -0.87191642 0.018464451 -0.48930654 3.6577005
-0.49784101 0.045734397 0.86606156 37.725911 0.038927682 0.99878053 -0.030366002 0.73072555 -0.86639427 0.018596329 -0.49901424 3.2406626
-0.50800487 0.044327435 0.8602128 38.392846 0.032212884 0.99895401 -0.032453326 0.67442288 -0.86075167 0.011223488 -0.50890142 2.8338892
-0.51932979 0.043088073 0.85348692 39.110964 0.030886365 0.99902194 -0.031641633 0.65382505 -0.85401561 0.0099286665 -0.52015269 2.4147876
-0.52772762 0.044839036 0.84822931 39.750378 0.032905593 0.99893532 -0.032333362 0.60689055 -0.84877608 0.010848281 -0.52864122 2.0020509
-0.53463088 0.04806191 0.84371785 40.459034 0.03706159 0.99875436 -0.033409001 0.56710561 -0.84427266 0.013408043 -0.53574617 1.5578027
-0.53907076 0.051215111 0.84070189 41.148977 0.037563109 0.9986183 -0.036749261 0.52047621 -0.84142248 0.011768926 -0.54024972 1.1148941
-0.53880245 0.052781574 0.840777 41.823238 0.036762585 0.99855773 -0.039127709 0.47699964 -0.84162966 0.0098270313 -0.53996574 0.66367767
-0.535167 0.053723736 0.84303617 42.557458 0.039394939 0.99847706 -0.038621174 0.43792597 -0.84382722 0.012542582 -0.53646842 0.21563123
-0.52970905 0.052512312 0.84655225 43.309161 0.037898758 0.99855015 -0.038226656 0.39375959 -0.84733232 0.011834275 -0.5309312 -0.25401276
-0.52292029 0.051039051 0.85085212 44.064895 0.035503624 0.99864361 -0.038084475 0.34565988 -0.8516419 0.01029319 -0.52402308 -0.6983323
-0.51567751 0.050563462 0.85528941 44.850586 0.033746183 0.99868111 -0.038694068 0.30328458 -0.85611796 0.0089090934 -0.51670371 -1.1658572
-0.50936416 0.048979207 0.85915605 45.657859 0.030785047 0.99877704 -0.038687391 0.25579155 -0.86000029 0.0067431898 -0.51024905 -1.6334127
-0.50500458 0.046880567 0.86184252 46.45292 0.026582812 0.99889493 -0.038759189 0.20593547 -0.86270725 0.0033366308 -0.50569273 -2.0908515
-0.50346491 0.043760642 0.86290673 47.282433 0.021649259 0.99904194 -0.038033164 0.15897638 -0.86374444 -0.00046707113 -0.50392995 -2.5753917
-0.50427377 0.041622031 0.86254015 48.11943 0.019045106 0.99913085 -0.037078745 0.10852662 -0.86333384 -0.002270669 -0.50462817 -3.0359215
-0.50508007 0.039947004 0.86214749 48.988834 0.017094996 0.99919536 -0.036282097 0.057556519 -0.86290321 -0.0035869552 -0.50535656 -3.5269778
-0.50548576 0.039642945 0.86192373 49.853768 0.017321577 0.99920889 -0.035798726 0.0057163892 -0.8626611 -0.0031658674 -0.50577255 -4.0372621
-0.50591197 0.038839106 0.86171024 50.726666 0.017127352 0.99924115 -0.034982408 -0.040245461 -0.8624151 -0.0029392039 -0.50619327 -4.5377217
-0.5061428 0.038375316 0.86159546 51.595827 0.017609529 0.99926115 -0.034162233 -0.086968956 -0.86226993 -0.0021186771 -0.50644461 -5.0492259
-0.50541051 0.038031898 0.86204045 52.508345 0.017101808 0.99927347 -0.034059692 -0.14701708 -0.86270958 -0.0024716747 -0.50569372 -5.5826944
-0.50597863 0.036510924 0.86177289 53.408975 0.015370069 0.99932673 -0.033314362 -0.19703775 -0.8624091 -0.0036108454 -0.50619915 -6.076718
-0.50581073 0.035581333 0.86191033 54.292036 0.014939923 0.99936046 -0.032488069 -0.25353287 -0.86251514 -0.0035559396 -0.50601882 -6.6095187
-0.50604218 0.035213688 0.86178956 55.186146 0.01408723 0.99937039 -0.032563383 -0.30677499 -0.86239372 -0.0043382169 -0.50621963 -7.1042655
-0.50440147 0.033864286 0.86280491 56.073582 0.013567094 0.99941812 -0.031294812 -0.35933426 -0.8633627 -0.0040793934 -0.50456741 -7.6196897
-0.5021148 0.031472837 0.86422805 56.984428 0.013673748 0.99950155 -0.028454708 -0.41509348 -0.8646929 -0.0024702932 -0.50229488 -8.1352786
-0.49986526 0.030384965 0.86557 57.856449 0.014399274 0.99953785 -0.026772213 -0.4647856 -0.86598352 -0.00091891929 -0.50007176 -8.6454936
-0.49701598 0.029829467 0.86722849 58.747726 0.01417905 0.99955472 -0.026254867 -0.51645884 -0.86762557 -0.00075261158 -0.49721762 -9.1637269
-0.49544552 0.03036267 0.86810816 59.640566 0.015269091 0.99953892 -0.026245193 -0.564286 -0.86850484 0.00025216009 -0.49568069 -9.6514548
-0.49363513 0.031121064 0.86911206 60.542053 0.015412026 0.99951562 -0.027036871 -0.61295094 -0.86953257 4.8429377e-05 -0.49387566 -10.157879
-0.49492612 0.032426634 0.86832977 61.43697 0.014453945 0.99947242 -0.029085597 -0.67054711 -0.86881487 -0.0018444298 -0.4951337 -10.648077
-0.49733596 0.033997387 0.86689161 62.296658 0.012942474 0.99941143 -0.031769391 -0.71797535 -0.86746153 -0.0045803379 -0.49748325 -11.141797
-0.50246206 0.034498612 0.86391068 63.172978 0.011671139 0.99938322 -0.033120354 -0.7772978 -0.86452052 -0.0065588984 -0.50255479 -11.617905
-0.50836071 0.032852164 0.86051732 64.051536 0.011492193 0.99944187 -0.031366768 -0.82853365 -0.86106758 -0.0060564003 -0.50845453 -12.13799
-0.51306153 0.031131032 0.85778707 64.913002 0.015347343 0.99951504 -0.027095072 -0.88111685 -0.85821465 -0.00073668556 -0.51329049 -12.666962
-0.51864375 0.028836099 0.85450399 65.760968 0.01212118 0.99957863 -0.026374801 -0.93565738 -0.85490456 -0.0033215287 -0.51877474 -13.169991
-0.52328978 0.031162356 0.85158479 66.605908 0.013359092 0.99950832 -0.028366355 -0.98289788 -0.85205012 -0.0034674235 -0.52344879 -13.686962
-0.52815644 0.034072693 0.84846318 67.435422 0.013959162 0.999408 -0.03144497 -1.0324871 -0.84903238 -0.0047640278 -0.5283194 -14.205989
-0.53343753 0.033527248 0.84517469 68.275762 0.01210145 0.99941435 -0.032007872 -1.0887469 -0.84575293 -0.006846361 -0.53353086 -14.717104
-0.53690578 0.034359078 0.84294221 69.104899 0.011373198 0.9993743 -0.033491313 -1.1363413 -0.84356558 -0.00839473 -0.53696061 -15.239435
-0.54029211 0.033799344 0.84079842 69.925404 0.01130097 0.99939433 -0.03291282 -1.1990346 -0.84140168 -0.0082806989 -0.54034684 -15.764343
-0.54294205 0.027062314 0.83933396 70.7398 0.013140454 0.99963203 -0.023730542 -1.2423793 -0.83966738 -0.0018550789 -0.54309788 -16.291073
-0.54495025 0.018880145 0.83825575 71.570266 0.013816858 0.99981291 -0.013536575 -1.2861682 -0.83835456 0.0042053013 -0.54510917 -16.824627
-0.54737259 0.015887915 0.83673817 72.390032 0.014205519 0.99985212 -0.0096922226 -1.318357 -0.83676849 0.0065810435 -0.54751735 -17.337202
-0.54803882 0.021809073 0.8361685 73.176555 0.014486976 0.99975757 -0.01658082 -1.3516897 -0.83632747 0.0030266202 -0.54822191 -17.853341
-0.5495974 0.027036722 0.83499201 73.979324 0.014907105 0.99963444 -0.022555822 -1.3946078 -0.83529668 5.0693152e-05 -0.54979953 -18.382326
-0.55003177 0.032216804 0.83452206 74.779325 0.021424304 0.99947112 -0.024463962 -1.4304737 -0.83486892 0.0044230984 -0.55043109 -18.90874
-0.54969414 0.033185897 0.83470653 75.562988 0.02431711 0.99942284 -0.023720636 -1.4760137 -0.83501203 0.0072585566 -0.55018387 -19.435153
-0.54938363 0.030093801 0.8350281 76.366818 0.024031605 0.99950689 -0.020210566 -1.5217027 -0.83522462 0.0089637125 -0.54983592 -19.963645
-0.54873811 0.025287813 0.83561173 77.160208 0.022467658 0.99962745 -0.015497067 -1.547444 -0.83569238 0.010270408 -0.54910183 -20.47622
-0.54834345 0.019354541 0.83602919 77.951981 0.020714738 0.99973974 -0.0095579341 -1.5841276 -0.83599666 0.012077096 -0.54860166 -20.982659
-0.54764935 0.01284028 0.83660938 78.759202 0.011822597 0.99990117 -0.0076073408 -1.6172682 -0.83662445 0.0057247414 -0.54774704 -21.494586
-0.54642019 0.0076792736 0.83747593 79.560096 0.003314092 0.99996996 -0.0070069535 -1.643007 -0.83750466 -0.0010532679 -0.54642923 -21.990697
-0.54445678 0.0077374068 0.83875317 80.352068 0.0057800843 0.99996832 -0.0054725927 -1.6679739 -0.83876902 0.0018684746 -0.54448426 -22.504905
-0.54211734 0.010933665 0.84023163 81.144243 0.011168133 0.99992078 -0.0058059702 -1.7013309 -0.84022861 0.0062363024 -0.5421965 -23.013851
-0.53507006 0.014483572 0.84468349 81.92572 0.012433772 0.99987974 -0.00926843 -1.7270509 -0.84471622 0.0055433433 -0.5351858 -23.513328
-0.52839468 0.016664644 0.84883525 82.706288 0.017384559 0.99981009 -0.0088068562 -1.754255 -0.84882089 0.010103132 -0.52858404 -23.992698
-0.51991128 0.019407687 0.85399973 83.520415 0.025183247 0.99965556 -0.0073863573 -1.7903188 -0.85384901 0.017666237 -0.52022095 -24.506194
-0.51003472 0.018617048 0.85995228 84.322226 0.023174571 0.99970024 -0.0078976832 -1.816219 -0.8598416 0.015900933 -0.51031328 -24.968611
-0.50004777 0.016266179 0.865845 85.12191 0.019633344 0.99977954 -0.0074435748 -1.8397828 -0.86577527 0.013277291 -0.50025689 -25.417868
-0.48748652 0.013775424 0.8730218 85.944715 0.021918197 0.99975351 -0.0035362262 -1.8607045 -0.8728554 0.017411202 -0.4876683 -25.872442
-0.47650734 0.012041154 0.87908799 86.765309 0.020914488 0.99977849 -0.002357647 -1.8866608 -0.87892173 0.01726224 -0.47665363 -26.306848
-0.46548924 0.010644126 0.88498949 87.587315 0.01954937 0.99980737 -0.0017424535 -1.9132242 -0.88483764 0.016489895 -0.46560767 -26.731171
-0.45312352 0.012918911 0.89135409 88.403307 0.02392411 0.99971107 -0.0023274709 -1.9289233 -0.89112669 0.020270222 -0.45330167 -27.141699
-0.44162968 0.016108094 0.89705278 89.221456 0.023445267 0.99970458 -0.006408998 -1.9587192 -0.89689108 0.018201239 -0.44187687 -27.53106
-0.43064767 0.026045379 0.9021442 90.05265 0.026209072 0.99952284 -0.016345585 -1.9838423 -0.90213953 0.016605175 -0.43112481 -27.922673
-0.41711708 0.031014395 0.90832339 90.894807 0.026039702 0.99941511 -0.02216683 -2.0161442 -0.90847969 0.014406308 -0.41768072 -28.296507
-0.40621792 0.027506639 0.91336209 91.731173 0.023812374 0.99952603 -0.019510978 -2.0478361 -0.91346595 0.013823612 -0.40668039 -28.664145
-0.3935955 0.023572668 0.91898141 92.577245 0.024252055 0.9995895 -0.015253291 -2.0920437 -0.91896381 0.016283562 -0.39400562 -29.016705
-0.3836779 0.023793928 0.92316036 93.419675 0.020227928 0.9996447 -0.017358267 -2.1250941 -0.92324546 0.012013639 -0.38402288 -29.343893
-0.37760244 0.028969001 0.92551452 94.251318 0.017843846 0.99955255 -0.024006277 -2.1633865 -0.92579591 0.0074499104 -0.3779504 -29.67945
-0.37230571 0.032719083 0.9275332 95.092943 0.0079072959 0.99945396 -0.032082176 -2.2055541 -0.92807651 -0.0046100973 -0.37236114 -30.002268
-0.36817749 0.035536953 0.92907609 95.932813 0.0063532089 0.99934211 -0.035706939 -2.2487544 -0.92973386 -0.0072438759 -0.36816104 -30.318611
-0.36541914 0.035584763 0.93016262 96.767269 0.0061636998 0.99933962 -0.035809789 -2.2962112 -0.93082272 -0.0073523384 -0.36539715 -30.645619
-0.36029286 0.034494055 0.93220124 97.625409 0.0031302487 0.99935518 -0.035769106 -2.3518059 -0.93283403 -0.009969331 -0.36016851 -30.972542
-0.354899 0.030552757 0.93440524 98.456707 0.0013908767 0.99948201 -0.032152334 -2.3984145 -0.93490365 -0.010111188 -0.35475766 -31.277128
-0.34899909 0.026654163 0.93674389 99.322493 0.00083699976 0.9996039 -0.028130946 -2.4465697 -0.93712273 -0.0090336195 -0.34888317 -31.59028
-0.34373588 0.023980327 0.93876009 100.16596 -0.00025671973 0.99967146 -0.025630287 -2.4909136 -0.93906637 -0.0090510469 -0.34361679 -31.897456
-0.33818459 0.022596641 0.94080843 101.01125 -0.0051237273 0.99965266 -0.025851762 -2.5359785 -0.94106589 -0.013563113 -0.33795135 -32.182513
-0.33170445 0.022584715 0.94311294 101.85987 -0.015491016 0.99944821 -0.029382154 -2.570349 -0.9432562 -0.024355969 -0.33117156 -32.459673
-0.32503463 0.025791026 0.94535033 102.70317 -0.013955352 0.9993884 -0.032063482 -2.6203921 -0.94559918 -0.023614438 -0.32447591 -32.741177
-0.3176491 0.030038821 0.94773237 103.57128 -0.011348478 0.99930605 -0.035477112 -2.6688168 -0.94814046 -0.022024592 -0.31708777 -33.030074
-0.3113137 0.028315029 0.94988524 104.41346 -0.012579476 0.99934565 -0.033912163 -2.7101281 -0.95022398 -0.022506379 -0.31075381 -33.294342
-0.30462331 0.023307916 0.95218764 105.27398 -0.013509494 0.99949425 -0.028787848 -2.7535143 -0.95237713 -0.021633023 -0.30415437 -33.553811
-0.29787586 0.020833774 0.95437721 106.11932 -0.012772012 0.99958535 -0.025806995 -2.7940292 -0.95451921 -0.019876597 -0.29748626 -33.809295
-0.29111043 0.023200207 0.95640807 106.97493 -0.01682477 0.99942715 -0.029364851 -2.8454864 -0.95654154 -0.02463976 -0.29055333 -34.064423
-0.28468376 0.026456228 0.9582563 107.84111 -0.016413919 0.99933803 -0.032466772 -2.8900286 -0.95848099 -0.024971504 -0.28406106 -34.311771
-0.27797855 0.027277881 0.96019986 108.6912 -0.017082192 0.99929828 -0.033333915 -2.9291529 -0.96043542 -0.025668431 -0.27731753 -34.541978
-0.27074862 0.025920722 0.962301 109.5732 -0.017968077 0.9993272 -0.031973481 -2.9780121 -0.96248242 -0.025947474 -0.27010072 -34.788021
-0.2636344 0.025711097 0.96427992 110.40948 -0.016484899 0.99937865 -0.031153926 -3.0272022 -0.96448185 -0.024109304 -0.26304674 -35.005175
-0.25577571 0.027151153 0.96635476 111.27017 -0.011098533 0.99945718 -0.031018783 -3.0712052 -0.96667248 -0.018658971 -0.25533553 -35.225362
-0.24876931 0.027892028 0.96816103 112.15418 -0.0096371644 0.99946451 -0.031270129 -3.1164577 -0.96851486 -0.017109375 -0.2483673 -35.456919
-0.24198413 0.02696552 0.96990539 113.0027 -0.015148553 0.99938691 -0.031564621 -3.1533414 -0.97016199 -0.0223308 -0.24142728 -35.649747
-0.23612045 0.024626906 0.97141164 113.87041 -0.020606225 0.99932711 -0.030343351 -3.202699 -0.97150532 -0.027181812 -0.2354541 -35.847884
-0.23127912 0.024697786 0.97257386 114.75625 -0.018012647 0.99939766 -0.029662382 -3.2444718 -0.97272072 -0.024378918 -0.23069494 -36.057591
-0.22695867 0.024941164 0.97358493 115.60583 -0.016380536 0.99943285 -0.029421904 -3.290769 -0.97376667 -0.022625399 -0.22642141 -36.245937
-0.22214216 0.026572195 0.97465209 116.49443 -0.015112797 0.99941464 -0.030691802 -3.3328085 -0.9748972 -0.021547662 -0.22161055 -36.44601
-0.21660843 0.025703819 0.97592009 117.34244 -0.0093225064 0.9995533 -0.028395429 -3.3743618 -0.97621409 -0.01524871 -0.21627205 -36.631469
-0.21119671 0.024840298 0.97712785 118.21398 -0.0019461865 0.99966436 -0.025833864 -3.4161288 -0.97744168 -0.0073576993 -0.21107748 -36.827646
-0.20638585 0.023474888 0.97818901 119.10443 0.00027947804 0.99971354 -0.023932473 -3.4612346 -0.97847069 -0.0046659406 -0.20633329 -37.016264
-0.20223895 0.024957216 0.97901811 119.96025 -0.0020389298 0.99966234 -0.025904668 -3.4999278 -0.97933413 -0.0072350814 -0.20211978 -37.177127
-0.19892336 0.026955296 0.97964423 120.82526 -0.0044094778 0.99958693 -0.0283994 -3.5401697 -0.98000517 -0.009969023 -0.19872234 -37.342396
-0.1968796 0.02623062 0.98007668 121.71938 -0.0062532782 0.99958811 -0.028008989 -3.582306 -0.98040777 -0.01164309 -0.19663449 -37.518043
-0.19597305 0.024943703 0.98029194 122.56913 -0.0078374734 0.99960466 -0.027001929 -3.626866 -0.980578 -0.012974662 -0.19570008 -37.675654
-0.19487506 0.021001773 0.98060316 123.45458 -0.0054593748 0.99973202 -0.022496399 -3.6610887 -0.98081292 -0.0097374665 -0.19470818 -37.850999
-0.19405591 0.015563304 0.98086697 124.30742 -0.00666398 0.99983016 -0.0171826 -3.7007071 -0.98096788 -0.0098708622 -0.19391924 -38.004809
-0.19306306 0.013336203 0.98109567 125.17293 -0.0048248034 0.99988263 -0.014541016 -3.7336116 -0.98117453 -0.007540926 -0.19297606 -38.17236
-0.19206346 0.018024033 0.98121694 126.0427 -0.0062099562 0.99978899 -0.01958072 -3.7690075 -0.9813629 -0.0098540545 -0.19191101 -38.339163
-0.19182496 0.022004616 0.9811824 126.87842 -0.0058622691 0.99970509 -0.023566112 -3.8072416 -0.98141169 -0.010272523 -0.19163939 -38.496872
-0.19196664 0.021211167 0.98117216 127.73793 -0.0077286617 0.99970273 -0.023123878 -3.8390494 -0.98137106 -0.01202216 -0.19174564 -38.654864
-0.19125808 0.020649368 0.98132251 128.60196 -0.0080546013 0.999712 -0.022606153 -3.8788828 -0.98150678 -0.01222777 -0.19103667 -38.823379
-0.1906167 0.020692906 0.98144638 129.43375 -0.0043980707 0.99974977 -0.02193301 -3.9180278 -0.98165473 -0.0084972677 -0.19047799 -38.983247
-0.18993969 0.023409167 0.9815166 130.28384 -0.0058529095 0.99967095 -0.024974781 -3.9584184 -0.98177835 -0.010488429 -0.18974018 -39.141488
-0.19001275 0.024699257 0.98147085 131.10588 -0.015537998 0.99948264 -0.028160689 -3.9903501 -0.9816587 -0.020600981 -0.18953067 -39.276258
-0.18993484 0.025934972 0.98145405 131.94167 -0.020483444 0.99932878 -0.030371347 -4.0330999 -0.98158304 -0.025872136 -0.18927611 -39.423255
-0.1898294 0.029131383 0.98138478 132.78228 -0.020573661 0.99922222 -0.033640433 -4.0820258 -0.98160155 -0.02657662 -0.18908241 -39.579313
-0.18912538 0.030436419 0.98148109 133.60106 -0.01650624 0.99927975 -0.034169017 -4.1240792 -0.98181425 -0.02266279 -0.18848677 -39.731751
-0.18779524 0.031381426 0.98170671 134.42787 -0.018183415 0.99920711 -0.035419235 -4.1718027 -0.98203991 -0.024502344 -0.18707572 -39.880553
-0.18552858 0.030463338 0.98216651 135.24237 -0.013735211 0.99934129 -0.033590582 -4.2124651 -0.98254291 -0.019722276 -0.18498795 -40.038298
-0.18237894 0.027801954 0.98283513 136.07024 -0.0051016108 0.99955994 -0.029221732 -4.2627134 -0.98321512 -0.01034347 -0.18215684 -40.192007
-0.18015514 0.023465447 0.98335823 136.87739 0.0018819306 0.9997218 -0.023511145 -4.2959713 -0.98363645 -0.0023850407 -0.18014918 -40.347851
-0.17601769 0.023216993 0.98411314 137.69766 0.0059497719 0.99972866 -0.022521219 -4.3317854 -0.98436906 0.0018911168 -0.17610806 -40.493479
-0.17146462 0.027264725 0.98481289 138.50273 0.0011961706 0.99962201 -0.027466453 -4.3829417 -0.98518959 -0.00353152 -0.17143243 -40.623918
-0.16482167 0.030894924 0.98583936 139.29019 0.0057067468 0.99952245 -0.030369626 -4.4172958 -0.98630691 0.00062036386 -0.16491927 -40.753303
-0.15708961 0.030974839 0.98709844 140.09611 -4.1012358e-05 0.99950782 -0.031370767 -4.4584801 -0.98758439 -0.0049685039 -0.15701102 -40.870302
-0.14721543 0.027802648 0.98871358 140.87055 0.0097025205 0.99959736 -0.026664033 -4.4855681 -0.9890569 0.0056676575 -0.14742592 -40.990621
-0.13497037 0.026431866 0.99049698 141.70048 0.018018194 0.99954431 -0.024218042 -4.5289755 -0.99068584 0.01457825 -0.13538512 -41.098673
-0.12141088 0.028525719 0.99219232 142.48013 0.016185783 0.99951096 -0.026755537 -4.5716335 -0.9924704 0.012810998 -0.12181321 -41.193581
-0.10724972 0.029562098 0.99379248 143.2999 0.014124784 0.99950229 -0.028207603 -4.6132698 -0.99413182 0.011011847 -0.1076139 -41.270841
-0.093437368 0.029747156 0.99518063 144.05155 0.017960779 0.99944126 -0.028188175 -4.6438409 -0.99546318 0.015240391 -0.093919445 -41.341643
-0.079679059 0.031557415 0.99632088 144.84869 0.022366613 0.99930372 -0.02986316 -4.6829766 -0.99656965 0.019904857 -0.080329414 -41.39918
-0.065762376 0.036994919 0.99714924 145.63568 0.016929477 0.99921001 -0.035954868 -4.7369821 -0.99769173 0.014516738 -0.06633673 -41.440371
-0.05314525 0.046415126 0.99750746 146.40085 0.010661903 0.99888862 -0.045911345 -4.783891 -0.99852991 0.008195359 -0.053581061 -41.460921
-0.039333474 0.054831038 0.99772058 147.18956 0.0026512553 0.99849553 -0.054769103 -4.8306867 -0.99922266 0.0004909537 -0.039419671 -41.47438
-0.026193277 0.055828942 0.99809667 147.95641 0.00073071903 0.99844008 -0.055828972 -4.8850505 -0.99965667 -0.00073301468 -0.026193214 -41.486323
-0.014078931 0.051764719 0.99856002 148.73446 0.00011252018 0.99865912 -0.051768268 -4.9367989 -0.99990092 -0.00061648289 -0.014065879 -41.483297
-0.0037416581 0.049015515 0.99879097 149.50049 0.00043291488 0.99879799 -0.049014236 -4.9927898 -0.99999295 0.0002489978 -0.0037583817 -41.467157
0.0055202066 0.054992733 0.99847145 150.24543 -0.0048762136 0.99847632 -0.05496604 -5.058938 -0.99997292 -0.0045653354 0.0057799504 -41.447089
0.01213522 0.063803712 0.99788864 151.004 -0.011477359 0.99790531 -0.063665201 -5.1076948 -0.99986054 -0.010680534 0.012842098 -41.429552
0.015333138 0.067058309 0.99763119 151.75887 -0.016746597 0.9976258 -0.066800557 -5.1627224 -0.99974223 -0.015682665 0.016419732 -41.403621
0.01495748 0.062593157 0.99792699 152.51126 -0.019767861 0.99786213 -0.062292795 -5.2212803 -0.99969275 -0.018795138 0.016162834 -41.379356
0.014071028 0.057394372 0.99825238 153.2671 -0.012643165 0.99828166 -0.05721784 -5.2920288 -0.9998211 -0.011815955 0.014772495 -41.372098
0.010776745 0.054860102 0.99843585 154.00362 -0.012546731 0.99842269 -0.054723953 -5.3417508 -0.99986325 -0.01193736 0.01144806 -41.352904
0.0077673392 0.054903185 0.99846143 154.75199 -0.013168686 0.99841062 -0.054797947 -5.3964007 -0.99988316 -0.01272279 0.0084779952 -41.346953
0.0042532803 0.05519013 0.99846676 155.5045 -0.012022499 0.99840649 -0.055135583 -5.4533677 -0.99991872 -0.011769558 0.0049100244 -41.342632
-2.2088276e-05 0.053318344 0.99857752 156.24471 -0.010541837 0.99852207 -0.053315615 -5.5082521 -0.99994448 -0.010528019 0.00054001614 -41.340961
-0.0056209556 0.053666141 0.99854307 156.99711 -0.013720326 0.99846075 -0.053738949 -5.5613651 -0.99989011 -0.0140024 -0.0048759881 -41.338443
-0.011324155 0.051931863 0.99858638 157.75271 -0.01396037 0.99854491 -0.052088018 -5.6117022 -0.99983846 -0.014530488 -0.010582691 -41.34019
-0.017169477 0.049255364 0.99863859 158.47756 -0.011233225 0.99871332 -0.04945218 -5.6640499 -0.99978953 -0.012067 -0.01659409 -41.348465
-0.022530574 0.049030917 0.99854307 159.2174 -0.011436454 0.99871866 -0.049297583 -5.7149065 -0.99968078 -0.012530494 -0.021940966 -41.364383
-0.028052281 0.050233176 0.99834343 159.93111 -0.012366827 0.99864265 -0.050595723 -5.7627556 -0.99953 -0.013765665 -0.027392981 -41.379937
-0.031892044 0.05243731 0.99811479 160.6591 -0.014066576 0.99850036 -0.052907023 -5.8193968 -0.99939237 -0.01572737 -0.031106605 -41.399532
-0.034242614 0.054571746 0.99792248 161.37159 -0.014086476 0.99838256 -0.055080265 -5.8736871 -0.99931431 -0.015943303 -0.033418506 -41.419267
-0.035978428 0.056177851 0.99777228 162.08373 -0.012626129 0.99831349 -0.056663604 -5.9305188 -0.99927284 -0.014636669 -0.035208443 -41.44297
-0.03512926 0.054595178 0.99789038 162.8147 -0.0092638315 0.99844604 -0.054951696 -5.9800408 -0.99933988 -0.0111747 -0.034568911 -41.471865
-0.031365395 0.051023996 0.99820473 163.52272 -0.0043662854 0.99867962 -0.051185465 -6.0263567 -0.99949849 -0.0059638984 -0.031101197 -41.492944
-0.024401361 0.050462029 0.9984278 164.21761 -0.0036012796 0.9987143 -0.050564522 -6.0826199 -0.9996958 -0.0048294601 -0.024188261 -41.506447
-0.013621778 0.051433053 0.9985835 164.9243 -0.0016180033 0.99867376 -0.051459771 -6.1366187 -0.99990595 -0.0023166842 -0.013520495 -41.510324
0.00031831086 0.051640771 0.99866563 165.60155 -7.5648116e-05 0.99866572 -0.05164075 -6.1870769 -0.99999999 -5.9108521e-05 0.00032179114 -41.501935
0.015967671 0.04964647 0.99863916 166.30083 -0.0017242237 0.99876642 -0.049625226 -6.2344692 -0.99987106 -0.00092947721 0.016033573 -41.48124
0.031401611 0.044834395 0.99850074 166.99103 -0.0050735124 0.99898772 -0.044696704 -6.2796413 -0.99949401 -0.0036623566 0.03159729 -41.437953
0.048700073 0.038246024 0.99808089 167.66328 -0.007135024 0.99925444 -0.037942848 -6.3205776 -0.998788 -0.0052735109 0.048936649 -41.38871
0.065675076 0.030757827 0.99736686 168.34258 -0.0060822267 0.99951859 -0.030423677 -6.3562976 -0.99782257 -0.0040681332 0.065830533 -41.334916
0.08357336 0.023062775 0.99623467 169.0305 -0.0063222078 0.9997243 -0.022613193 -6.3893135 -0.99648161 -0.0044085413 0.083696125 -41.26504
0.10041561 0.017010315 0.99480012 169.67304 -0.0090526878 0.99982807 -0.016182506 -6.4233273 -0.99490444 -0.0073806379 0.10055233 -41.184871
0.11843433 0.014601838 0.99285448 170.34512 -0.0096781305 0.99986135 -0.013550415 -6.4556274 -0.99291476 -0.0080041402 0.11855923 -41.092497
0.13695514 0.013756041 0.99048169 170.98539 -0.0091317598 0.99987862 -0.012623887 -6.4754131 -0.9905352 -0.0073159339 0.13706414 -40.989702
0.15401792 0.01306235 0.98798167 171.62233 -0.0091982839 0.99988824 -0.011785835 -6.4955633 -0.98802528 -0.0072725054 0.15412086 -40.874589
0.1705019 0.012648714 0.98527612 172.27741 -0.01503446 0.9998346 -0.0102339 -6.5129921 -0.98524268 -0.013068194 0.17066387 -40.742721
0.18478323 0.0091194168 0.98273695 172.89116 -0.017761415 0.99982462 -0.0059383187 -6.5316235 -0.98261883 -0.016357497 0.1849128 -40.603933
0.19731813 0.004829763 0.98032757 173.51922 -0.013911081 0.99990098 -0.0021262034 -6.5526136 -0.98024085 -0.013217877 0.19736578 -40.473854
0.20804666 0.0034666775 0.97811272 174.1527 -0.011694286 0.99993106 -0.0010566072 -6.571537 -0.97804903 -0.011218506 0.20807286 -40.336796
0.21770735 0.0068801703 0.9759898 174.73487 -0.015792618 0.99986907 -0.0035257542 -6.5902152 -0.97588636 -0.014645851 0.2177875 -40.185389
0.22664517 0.013846511 0.97387893 175.35272 -0.019231454 0.99976762 -0.0097389694 -6.6101002 -0.97378755 -0.016521817 0.22685879 -40.029901
0.23540183 0.023874576 0.97160481 175.91321 -0.019611226 0.99961138 -0.019811325 -6.6293101 -0.97170029 -0.014390738 0.23577856 -39.886859
0.24415737 0.030850783 0.96924472 176.50928 -0.015251406 0.99949236 -0.027971654 -6.6448139 -0.96961572 -0.0079528581 0.24450395 -39.730006
0.25031849 0.029434176 0.96771597 177.12871 -0.015735351 0.99952941 -0.026331563 -6.6657838 -0.96803571 -0.0086360729 0.25066385 -39.570924
0.25610603 0.021580893 0.96640772 177.73095 -0.016339579 0.99970457 -0.017994322 -6.683852 -0.96651063 -0.01118224 0.25638299 -39.399582
0.26068978 0.010904755 0.96536099 178.33652 -0.020504352 0.99977319 -0.0057564021 -6.7082478 -0.96520489 -0.018293466 0.26085425 -39.219711
0.26289927 0.0016723707 0.9648218 178.93789 -0.020100766 0.99979095 0.003744169 -6.7351936 -0.96461392 -0.020377996 0.26287793 -39.047183
0.26389695 0.0008816806 0.96455044 179.5357 -0.016584661 0.9998559 0.0036235411 -6.754666 -0.96440833 -0.016952983 0.26387354 -38.880601
0.26484275 0.0039608245 0.96428344 180.1486 -0.01468007 0.99989224 -7.5172078e-05 -6.7548766 -0.96417991 -0.014135839 0.26487235 -38.718919
0.26674816 0.003659494 0.96375928 180.75471 -0.011321872 0.99993569 -0.00066320487 -6.7670805 -0.9636998 -0.01073465 0.26677244 -38.550805
0.26837125 0.001688053 0.96331404 181.36155 -0.012759958 0.99991696 0.0018026243 -6.767588 -0.96323109 -0.012775619 0.2683705 -38.369932
0.27114163 -0.0024074041 0.96253641 181.97752 -0.013320142 0.99989173 0.0062530505 -6.7841614 -0.96244733 -0.014516584 0.27108021 -38.191384
0.27432778 -0.0081857261 0.96160137 182.60079 -0.011004975 0.99987156 0.011651029 -6.7941101 -0.96157331 -0.013778599 0.27420246 -38.013246
0.27839861 -0.010966682 0.96040297 183.21879 -0.010156356 0.99984529 0.014361161 -6.8004462 -0.96041196 -0.013752321 0.27824416 -37.827921
0.28428543 -0.012696084 0.95865558 183.83045 -0.0089378071 0.99983377 0.015891903 -6.7990011 -0.95869807 -0.013086115 0.2841247 -37.64541
0.29237679 -0.015867764 0.95617151 184.46139 -0.0076436156 0.99979161 0.018928899 -6.8012154 -0.95627269 -0.012842977 0.29219458 -37.443082
0.30214245 -0.017826275 0.95309605 185.06359 -0.0054106793 0.99977696 0.020414621 -6.804524 -0.95324747 -0.01132502 0.30197861 -37.24446
0.3129367 -0.016182525 0.94963608 185.69703 -0.0065401316 0.99979442 0.019192452 -6.809607 -0.94975151 -0.012216767 0.31276652 -37.030446
0.32488614 -0.012520076 0.94567022 186.30058 -0.0067993528 0.99985561 0.015573382 -6.8095803 -0.94572874 -0.011489521 0.3247541 -36.796955
0.33623973 -0.0086023439 0.9417371 186.90592 -0.0090595085 0.99988247 0.012368101 -6.8103405 -0.94173289 -0.012690322 0.33612228 -36.570593
0.34779112 -0.0082645808 0.93753558 187.53192 -0.0081538312 0.99989667 0.011839078 -6.8081244 -0.93753663 -0.011762032 0.34768779 -36.331863
0.35910182 -0.011234015 0.93323074 188.15568 -0.0070922106 0.99986584 0.014765195 -6.8136745 -0.93327148 -0.011920877 0.35897397 -36.079672
0.37040825 -0.013278535 0.9287741 188.77224 -0.0067545103 0.99983287 0.016988245 -6.8122364 -0.92884454 -0.012566 0.37025666 -35.813018
0.38177151 -0.013310668 0.92416085 189.41398 -0.009802 0.99978175 0.018449047 -6.8183825 -0.9242048 -0.016101945 0.38155771 -35.547423
0.39097458 -0.014892105 0.92028095 190.02138 -0.012008471 0.99970146 0.021279008 -6.8102847 -0.92032317 -0.019370718 0.39067903 -35.267552
0.3980252 -0.013777602 0.91727098 190.66295 -0.016383946 0.99962098 0.022123891 -6.8121531 -0.9172282 -0.023834384 0.39764861 -34.974751
0.4026649 -0.016302421 0.91520224 191.3125 -0.01647729 0.99955028 0.025054479 -6.8051811 -0.91519919 -0.025168612 0.40221519 -34.683068
0.40449488 -0.0216628 0.91428363 191.95615 -0.010336576 0.99954727 0.028256094 -6.7960361 -0.91448189 -0.020880007 0.40408783 -34.399733
0.40508235 -0.019750757 0.91406681 192.61174 -0.0085192873 0.99964169 0.025375272 -6.7945524 -0.91424055 -0.018066272 0.40476895 -34.109222
0.40387097 -0.019641144 0.91460505 193.28037 -0.0060665614 0.99969001 0.024147214 -6.7891562 -0.91479588 -0.015300866 0.40362662 -33.814026
0.40286647 -0.018434534 0.91507306 193.94627 -0.0034534708 0.99975941 0.021660988 -6.7882103 -0.91525229 -0.011886663 0.40270588 -33.51932
0.40303553 -0.019781864 0.91497047 194.62046 0.00039529629 0.99977003 0.021441125 -6.7747532 -0.91518428 -0.0082798501 0.40295067 -33.228335
0.40215634 -0.026147411 0.91519753 195.29922 0.003979888 0.9996326 0.026810898 -6.7729052 -0.9155624 -0.0071397883 0.40211265 -32.928939
0.40159081 -0.029202343 0.91535347 195.98062 0.0045765317 0.999543 0.029880374 -6.7640971 -0.91580781 -0.0078105388 0.40154093 -32.629589
0.3996951 -0.03160615 0.91610306 196.67537 0.0055433155 0.99947045 0.032063835 -6.7566553 -0.91663143 -0.0077375086 0.39965864 -32.325802
0.3979219 -0.031851065 0.91686618 197.35832 0.0046519137 0.99945435 0.032701159 -6.7479355 -0.91740754 -0.0087473242 0.39785294 -32.021274
0.39664187 -0.032118567 0.91741133 198.04497 0.0034517439 0.99943283 0.033497781 -6.7364056 -0.91796699 -0.010119953 0.39652777 -31.715549
0.39429932 -0.030856847 0.91846384 198.73466 0.0018091511 0.99946025 0.032801341 -6.7322479 -0.91898033 -0.011271906 0.39414232 -31.42301
0.39383608 -0.027847846 0.91875871 199.42057 0.0036236866 0.99958023 0.028744237 -6.7274487 -0.91917359 -0.0079912232 0.39377167 -31.118189
0.39295815 -0.02185186 0.91929664 200.10785 0.0022544263 0.9997375 0.022800288 -6.7288532 -0.91955363 -0.0068870718 0.39290426 -30.828945
0.39174087 -0.018530711 0.91988892 200.78449 -0.00087452455 0.99978921 0.020512686 -6.7202168 -0.92007521 -0.0088401222 0.39164209 -30.538161
0.3907047 -0.021211849 0.9202716 201.49569 -0.00081207462 0.99972613 0.02338801 -6.7103286 -0.92051575 -0.0098851341 0.39058047 -30.232095
0.38896567 -0.024254998 0.92093286 202.19464 -0.0025915148 0.99962059 0.027421983 -6.7075504 -0.92124864 -0.01305282 0.38875523 -29.927552
0.38639199 -0.024048063 0.92202107 202.8535 -0.0060344654 0.99957273 0.028599626 -6.7070447 -0.92231496 -0.01661457 0.38608178 -29.63568
0.38214753 -0.023824864 0.92379411 203.55882 -0.0090685457 0.99952278 0.029529325 -6.7016318 -0.92405687 -0.019662027 0.38174911 -29.344255
0.37503079 -0.025205108 0.9266696 204.23545 -0.0087465018 0.99948959 0.030725568 -6.693511 -0.92697113 -0.019628151 0.37461891 -29.069379
0.36656581 -0.025139439 0.93005239 204.92981 -0.0088859863 0.99949469 0.030518748 -6.6838153 -0.93034973 -0.019451562 0.36615719 -28.788505
