1.000000000000000000e+00 4.398956837314658088e-19 2.733407509747682871e-20 -8.673617379884035472e-19 -5.583667658079949532e-19 1.000000000000000000e+00 -6.100159232558060012e-19 0.000000000000000000e+00 4.145284534913582806e-20 -2.210423569125054137e-19 1.000000000000000222e+00 0.000000000000000000e+00
9.999412564236254131e-01 -1.014463602407914521e-03 1.079141235190177878e-02 7.378948111562069756e-02 1.010214338439500981e-03 9.999994100488965865e-01 3.992078444122198360e-04 -6.766149905537394149e-03 -1.079181115371752146e-02 -3.882827468910675416e-04 9.999416913177832100e-01 2.985810984449548400e-01
9.998535390798203304e-01 -2.348810780355803634e-03 1.695238923020507896e-02 1.052673054627596416e-01 2.335572682616369414e-03 9.999969520185026939e-01 8.006556683285527077e-04 -7.959224877272574883e-03 -1.695421844091079405e-02 -7.609448560144079551e-04 9.998559773393853600e-01 5.327463090255259992e-01
9.997853182750296996e-01 -6.030661842389439115e-03 1.982292892976519200e-02 8.672550012792973329e-02 6.055723384356580252e-03 9.999809385296141162e-01 -1.204483726023342690e-03 -9.867917133237730232e-03 -1.981528758522195510e-02 1.324267354403723881e-03 9.998027808886373879e-01 9.309151798683724666e-01
9.998266272087282802e-01 -6.661647906081960904e-03 1.738786941409039763e-02 9.087941504791285929e-02 6.695457201152474162e-03 9.999758048841576041e-01 -1.886925401293809614e-03 -1.936085884032014148e-02 -1.737487898190619856e-02 2.003018034427408479e-03 9.998470390412872444e-01 1.178552998787882444e+00
9.998896670846334489e-01 -1.040206696764445216e-02 1.060427703878134148e-02 9.827138643303143239e-02 1.044065408754099936e-02 9.999390505441493326e-01 -3.589975103053136361e-03 -1.732541750967873939e-02 -1.056628773767803904e-02 3.700294650132968099e-03 9.999373287208865868e-01 1.535116105445205159e+00
9.999387007640033742e-01 -1.099656271580709034e-02 -1.292416477970193163e-03 7.122156296809259435e-02 1.099020199054046715e-02 9.999279416582775859e-01 -4.829796333230545503e-03 -2.860564737552742653e-02 1.345434526896283501e-03 4.815296402982670830e-03 9.999875012856880296e-01 1.851579218856119091e+00
9.997964686190060624e-01 -1.089646505741287234e-02 -1.697905699804343194e-02 2.989242540331847608e-02 1.080914262519021285e-02 9.999279216675451831e-01 -5.226268941573952546e-03 -3.764520935046258843e-02 1.703478132429121772e-02 5.041676221341148678e-03 9.998421864244724233e-01 2.173571462290820211e+00
9.993394703409814728e-01 -6.358255418560593460e-03 -3.577982036906054986e-02 4.673285906074201024e-03 6.164782477656016030e-03 9.999657892511293333e-01 -5.515049782527619258e-03 -3.955959195638183989e-02 3.581366302564192861e-02 5.290832138930712074e-03 9.993444795000500092e-01 2.526736596339385965e+00
9.984399747330394703e-01 -3.681011747595811737e-03 -5.571415333993519348e-02 -4.921651566447821091e-02 3.334537668269372396e-03 9.999745291072227316e-01 -6.310466716452302685e-03 -5.402641950951640737e-02 5.573596411257260991e-02 6.114841293338908919e-03 9.984268181247751839e-01 2.882466922074319093e+00
9.971477883062144221e-01 -2.992496520502170316e-03 -7.541440871560109449e-02 -1.022391341153293387e-01 2.510610784057639919e-03 9.999758280960490131e-01 -6.483830154517581344e-03 -5.731507362848659026e-02 7.543198994547799241e-02 6.276000660824654874e-03 9.971311984442600140e-01 3.216380567851730543e+00
9.953416463342416032e-01 -3.397810796428461615e-03 -9.635072218262005772e-02 -1.265470876593232652e-01 2.819523438104592529e-03 9.999771909593672126e-01 -6.137413491324374831e-03 -6.634873941390120877e-02 9.636937994841976440e-02 5.837160096574705789e-03 9.953285238874234331e-01 3.610175043299690856e+00
9.932427744156647753e-01 -4.215060724698487492e-03 -1.159785495123520499e-01 -2.082492037300847643e-01 3.600972745374316115e-03 9.999783700361832839e-01 -5.503857679762863206e-03 -7.510391490811756110e-02 1.159992419990824447e-01 5.049031218741039002e-03 9.932364690909547544e-01 3.984748647051416626e+00
9.911097517942505375e-01 -4.250171873758607638e-03 -1.329789286076725197e-01 -2.963373102046785168e-01 3.629958240009663589e-03 9.999813766966678674e-01 -4.906083691563832561e-03 -8.558962975602964207e-02 1.329973060988286215e-01 4.379759353297723971e-03 9.911067221888992806e-01 4.394724502365511043e+00
9.888017560151591834e-01 -3.311458257637199531e-03 -1.491982605756778379e-01 -3.678897837855292230e-01 2.675990642634208053e-03 9.999864746891732326e-01 -4.459765537029720256e-03 -9.058189040613777443e-02 1.492110135303866825e-01 4.010570747539993208e-03 9.887972438040096845e-01 4.823465417384877441e+00
9.866701232822672196e-01 -2.845062478312972327e-03 -1.627082442989376265e-01 -4.570656760421127340e-01 2.166453719001386249e-03 9.999882006602328621e-01 -4.347989805688221888e-03 -9.378321386239443780e-02 1.627186975657733681e-01 3.937531645669738352e-03 9.866646451500571402e-01 5.228051017373354981e+00
9.845537272542245200e-01 -3.383832835479198657e-03 -1.750500130205829841e-01 -5.338654805238245427e-01 2.517446153478066200e-03 9.999834605191475490e-01 -5.171184509582783632e-03 -9.939795064460398011e-02 1.750646192353712272e-01 4.650629886050706638e-03 9.845459621084582391e-01 5.661083204454945950e+00
9.827619611505242769e-01 -6.339466394492841370e-03 -1.847667124951384299e-01 -6.232325566443330800e-01 5.133086280008256411e-03 9.999622772990867103e-01 -7.006810669255250645e-03 -1.142170210576568534e-01 1.848041652313855976e-01 5.937603407661375642e-03 9.827574300010979425e-01 6.095708755406223034e+00
9.812609553641394866e-01 -5.724947076140501218e-03 -1.925984464139064711e-01 -7.159545700699182502e-01 4.144112599741651450e-03 9.999543479808641333e-01 -8.609778073636491225e-03 -1.208924210638852165e-01 1.926389477586234467e-01 7.650289307599071435e-03 9.812398839143210427e-01 6.561044046227324067e+00
9.796492078864693642e-01 -5.796385618280638745e-03 -2.006335725599319442e-01 -8.291357065214705058e-01 3.714018723216428505e-03 9.999352787370102691e-01 -1.075380846235051389e-02 -1.225418194983226017e-01 2.006829239885412619e-01 9.789803007415970315e-03 9.796073319167827309e-01 7.027762851947263911e+00
9.780376204335917700e-01 -6.316974781456619406e-03 -2.083326854322051780e-01 -9.547371902641894614e-01 3.661184342236258916e-03 9.999070822578943751e-01 -1.313097765445797940e-02 -1.388652961859656032e-01 2.083962792816912712e-01 1.207984569820252409e-02 9.779698712853192033e-01 7.497025066427949191e+00
9.762799579392257288e-01 -9.834727852036252022e-03 -2.162885127885023351e-01 -1.047251283130057109e+00 6.762618657317181342e-03 9.998655332835688636e-01 -1.493928811120036858e-02 -1.452059130776115203e-01 2.164063567508445751e-01 1.312225076666741728e-02 9.762151895938885326e-01 8.002909405618126470e+00
9.744692761689180971e-01 -1.543024741699021256e-02 -2.239900357547303378e-01 -1.168873662462638130e+00 1.215034466184224116e-02 9.997979389199435074e-01 -1.601406992273877311e-02 -1.610929280282613063e-01 2.241918810184586885e-01 1.288366291537120997e-02 9.744598569904763252e-01 8.539398244222397238e+00
9.724427541753168924e-01 -1.649901053728984254e-02 -2.325572430088265197e-01 -1.317173826271384129e+00 1.253736474512840045e-02 9.997501944981341815e-01 -1.850305555019265968e-02 -1.811370337683460563e-01 2.328044350568506116e-01 1.507750725780077072e-02 9.724066870613329305e-01 9.028453805554180533e+00
9.703162841302063191e-01 -1.266032457035390704e-02 -2.415078127417790987e-01 -1.453023557825452006e+00 7.509493274376045219e-03 9.997245380569786954e-01 -2.223635545649053566e-02 -1.885077168715263707e-01 2.417228101755606318e-01 1.976269647363106813e-02 9.701440718783269634e-01 9.567191894764036419e+00
9.683051136014375615e-01 -9.603914362562814694e-03 -2.495855973412705597e-01 -1.612025647456394983e+00 3.406731228155717058e-03 9.996753626393715120e-01 -2.525001994659728868e-02 -2.026858392180451718e-01 2.497470758635931820e-01 2.359945238016256802e-02 9.680234838855114043e-01 1.009288315401391145e+01
9.658794098599876587e-01 -1.261290922232918311e-02 -2.586849022275635179e-01 -1.775094820419683028e+00 5.713691561523965255e-03 9.996080863012110074e-01 -2.740488128616496918e-02 -2.285418071214444513e-01 2.589291798112204335e-01 2.499176482357153353e-02 9.655729351188033771e-01 1.066823557493673036e+01
9.635302377464886048e-01 -1.403982969012903398e-02 -2.672309161661995947e-01 -1.931789942076283406e+00 6.501555202350997077e-03 9.995561522983593683e-01 -2.907280806611088966e-02 -2.631949515122453676e-01 2.675204882203447432e-01 2.627511312231990692e-02 9.631938581624158724e-01 1.123790781950437356e+01
9.614461608681434956e-01 -1.417993131027612923e-02 -2.746273978430339158e-01 -2.101283239115505630e+00 5.662038009447934936e-03 9.994787191016787364e-01 -3.178413716593220251e-02 -2.794407564622065632e-01 2.749349414420910742e-01 2.900378591585713733e-02 9.610252650392462348e-01 1.179349482205088329e+01
9.591126037910441271e-01 -1.332359525251313771e-02 -2.827109713390048573e-01 -2.287085570236870868e+00 3.427319875881620122e-03 9.993648408846323994e-01 -3.547066776343520134e-02 -3.038902733524924127e-01 2.830040065787347570e-01 3.305142364116583215e-02 9.585490792909148183e-01 1.241753550293586450e+01
9.569244881346110621e-01 -1.507564851974161138e-02 -2.899452482947216247e-01 -2.485794904128562077e+00 3.402002934274292803e-03 9.991646611594906524e-01 -4.072353438744019671e-02 -3.373724801959555042e-01 2.903169844496091279e-01 3.798295280884319419e-02 9.561764197418860523e-01 1.299539508736082105e+01
9.550404612691684170e-01 -1.585635389391800917e-02 -2.960511636361499166e-01 -2.698033476362156513e+00 1.829891044231517694e-03 9.988650103850319484e-01 -4.759561443013959198e-02 -3.729850996322200407e-01 2.964698466373714703e-01 4.491399634112083067e-02 9.539855160700415615e-01 1.360645721199039038e+01
9.537630253800378766e-01 -1.676530465726413718e-02 -3.000916760636443970e-01 -2.908794390109398442e+00 4.507984591620057830e-05 9.984510355616905697e-01 -5.563746522575951925e-02 -4.073485279815835525e-01 3.005596289381032848e-01 5.305142929780064937e-02 9.522864365588100677e-01 1.421396057736596319e+01
9.524714003026896192e-01 -1.616655055849611916e-02 -3.041987381049775507e-01 -3.108433176264132403e+00 -3.622262377605297082e-03 9.979191582214008704e-01 -6.437571632619758233e-02 -4.524132677945174041e-01 3.046064871491278025e-01 6.241791662723546880e-02 9.504308989462852963e-01 1.482881845515305663e+01
9.511448122586824150e-01 -1.512240140429245601e-02 -3.083745402177195394e-01 -3.338503359522555947e+00 -7.834813708840397337e-03 9.972958915886352971e-01 -7.307202129816059433e-02 -5.002379964772210030e-01 3.086456917420780655e-01 7.191813144532314961e-02 9.484543327915785360e-01 1.547857506782455062e+01
9.497673393409549192e-01 -1.454471193195531684e-02 -3.126186980808365878e-01 -3.557915399462020289e+00 -1.113038939818951530e-02 9.967176170054113937e-01 -8.018794400287446167e-02 -5.532552763493989723e-01 3.127588796666366799e-01 7.963945852369229417e-02 9.464879512922901306e-01 1.612701172967434360e+01
9.481993571004716514e-01 -1.362394250761694153e-02 -3.173836247185799486e-01 -3.785417514030839925e+00 -1.461421528203410598e-02 9.961514878137857076e-01 -8.642128220520925441e-02 -6.192091174004417109e-01 3.173395739617013711e-01 8.658291736256941429e-02 9.443510975183798672e-01 1.678732068454359805e+01
9.465211915340104865e-01 -1.218120055671688233e-02 -3.224116159832309814e-01 -4.024874616343753431e+00 -1.870539997683966227e-02 9.955344369344742983e-01 -9.252725473986922466e-02 -6.907870895354790708e-01 3.220989651113567720e-01 9.360984621640089376e-02 9.420665876647040804e-01 1.746098705909335536e+01
9.449359042807664588e-01 -1.066491293290836723e-02 -3.270816322629518935e-01 -4.277432445864962851e+00 -2.272839004792599066e-02 9.949167263091827085e-01 -9.810264001190928396e-02 -7.638429414312701837e-01 3.264652484752700867e-01 1.001347463991001524e-01 9.398901405960895517e-01 1.813485859548004342e+01
9.431525164781286996e-01 -7.426180914166663483e-03 -3.322772639802492600e-01 -4.551609795284350390e+00 -2.773270825688561522e-02 9.945054609780595856e-01 -1.009444647627836394e-01 -8.375178853454632311e-01 3.312011910762225897e-01 1.044209750523671099e-01 9.377643805081947725e-01 1.882395036582538239e+01
9.413729249065478921e-01 -6.667593113747880343e-03 -3.373018782187236497e-01 -4.798392571992089017e+00 -2.973030276813552059e-02 9.942753828402005611e-01 -1.026283204876872190e-01 -9.203782494439450845e-01 3.360552436946483423e-01 1.066396098794447078e-01 9.357856961956282360e-01 1.952016144157499511e+01
9.392890083627650766e-01 -6.230938844628251122e-03 -3.430704471236653563e-01 -5.097329554603065027e+00 -3.057152230706400645e-02 9.943390265559447494e-01 -1.017609074543724956e-01 -1.006729105462142559e+00 3.417624062365415272e-01 1.060710883494541401e-01 9.337812294032342697e-01 2.023733355460220196e+01
9.369495745354665672e-01 -6.027784385648550861e-03 -3.494125899695345594e-01 -5.366197420319792855e+00 -3.101420142090215160e-02 9.944716893875962249e-01 -1.003203783613158956e-01 -1.094378545479106402e+00 3.480856441735938889e-01 1.048318889194551073e-01 9.315828798083778395e-01 2.096314786818200915e+01
9.343896996512190967e-01 -5.487614534266894648e-03 -3.562102926879579523e-01 -5.645137722793557522e+00 -3.169868559881221237e-02 9.946347375914719180e-01 -9.847300193468845608e-02 -1.180139309013841675e+00 3.548395189131756111e-01 1.033035574083457503e-01 9.292025040309869199e-01 2.169888255613668449e+01
9.314136905468616279e-01 -5.480096326276807060e-03 -3.639210118222774293e-01 -5.941256665828250405e+00 -3.133795194117709043e-02 9.949658671208049254e-01 -9.518852892652684972e-02 -1.262388889897371191e+00 3.626106335781848489e-01 1.000644387992642714e-01 9.265530957574297233e-01 2.238628825423004542e+01
9.277522131076383349e-01 -2.332477596910396446e-03 -3.731894796591368468e-01 -6.245719046249003092e+00 -3.355356623964659418e-02 9.954092467824743329e-01 -8.963587246552016941e-02 -1.339359600677191064e+00 3.716853388596453311e-01 9.568171752410267739e-02 9.234148692122107205e-01 2.317759903676004996e+01
9.245756270979021973e-01 -8.828420843686490588e-05 -3.809985550818449362e-01 -6.598492560713201449e+00 -3.466439613894736760e-02 9.958329260024496588e-01 -8.435142654247439198e-02 -1.424698366291916818e+00 3.794183592876447242e-01 9.119635842890853883e-02 9.207197922401336720e-01 2.390419836422682920e+01
9.208767338075446451e-01 3.929911675939466199e-03 -3.898340592921364922e-01 -6.905135407926815461e+00 -3.820646556652918663e-02 9.960453918328699974e-01 -8.021124261399574518e-02 -1.496291385741201907e+00 3.879772018677408174e-01 8.875884913833069489e-02 9.173851757185950140e-01 2.466790765688453391e+01
9.170073194529638760e-01 4.074879924363243935e-03 -3.988495557832479332e-01 -7.231718230861183372e+00 -3.849478679374833401e-02 9.961842400828826438e-01 -7.832695096492177378e-02 -1.574423907825117208e+00 3.970084755024143597e-01 8.718001639766598254e-02 9.136651018549859504e-01 2.540126789843872857e+01
9.130731853497717765e-01 5.047656993441603478e-03 -4.077644858787582982e-01 -7.602249916458503343e+00 -4.015888808187868808e-02 9.961759875317657276e-01 -7.759294829799970317e-02 -1.651341238633996067e+00 4.058135337519254704e-01 8.722340924702301490e-02 9.097842909507689590e-01 2.616504386040731589e+01
9.092322245297004280e-01 4.807151955313691827e-03 -4.162615159095107709e-01 -7.959175792650597714e+00 -4.038785960158312177e-02 9.962348392939476271e-01 -7.671353093045615856e-02 -1.719765389238241626e+00 4.143254578935565147e-01 8.656232645986201846e-02 9.060029702294941645e-01 2.693400925366505305e+01
9.052692215544954069e-01 5.119318046304098015e-03 -4.248075157242536259e-01 -8.343962426978563940e+00 -4.079592772293456904e-02 9.963539792321892685e-01 -7.492956964073853310e-02 -1.791740976466580593e+00 4.228750776383240484e-01 8.516185028548471647e-02 9.021774390796092336e-01 2.771514462733247086e+01
9.014056707342772423e-01 6.461295934183804678e-03 -4.329273202503267637e-01 -8.734194046776098119e+00 -4.191792729677553536e-02 9.964940035842151378e-01 -7.240571976492733708e-02 -1.867341796285975741e+00 4.309416512126047483e-01 8.341434269843078786e-02 8.985161904068948990e-01 2.850019795366910458e+01
8.976873084148925264e-01 6.119662509293924413e-03 -4.405905606286962817e-01 -9.117131796686960499e+00 -4.021675949886509976e-02 9.968680043094608756e-01 -6.809401076691103116e-02 -1.939759441257958406e+00 4.387939280454113966e-01 7.884625418387183893e-02 8.951218692308323677e-01 2.927125274020302825e+01
8.939351860270796646e-01 7.475709877962448055e-03 -4.481339006286207405e-01 -9.547829782925205677e+00 -3.977509508505994162e-02 9.972390540196803821e-01 -6.270734419253735925e-02 -1.998071055296539500e+00 4.464278528804269119e-01 7.388087017617799013e-02 8.917644269535186519e-01 3.006905792613103046e+01
8.901024798156907947e-01 7.457024558221131243e-03 -4.556994229022242049e-01 -9.961335101879903675e+00 -3.813950510742767502e-02 9.975777443431756986e-01 -5.817234916857231403e-02 -2.066638840200315297e+00 4.541618175553842063e-01 6.915950294056946723e-02 8.882308319004869057e-01 3.088575937957407547e+01
8.863773729768950060e-01 6.813505714527851032e-03 -4.629133012962292071e-01 -1.038926143222873222e+01 -3.708143128044963377e-02 9.977240606283210855e-01 -5.631754933204289465e-02 -2.131250185934975949e+00 4.614760266671408262e-01 6.708408939694884832e-02 8.846126869955769356e-01 3.168787841318781417e+01
8.831462967104191097e-01 6.743122720341614314e-03 -4.690491919839642754e-01 -1.083687303341132768e+01 -3.696210978494147981e-02 9.977882006112293034e-01 -5.524951788938615993e-02 -2.196946473080603646e+00 4.676392030193227689e-01 6.613045503031333983e-02 8.814421949583642890e-01 3.250975456298337463e+01
8.800019832448016111e-01 6.577707248677933626e-03 -4.749244558346352174e-01 -1.128467208408661726e+01 -3.628716965041819953e-02 9.979127811495950295e-01 -5.341650121884383706e-02 -2.251551544236345404e+00 4.735818345862829459e-01 6.424029147078000324e-02 8.784039135494340345e-01 3.333941288720963314e+01
8.770861111080602290e-01 5.352102504660472340e-03 -4.803033459239674507e-01 -1.176613177947345257e+01 -3.458140898167890581e-02 9.980466987548521907e-01 -5.202800514665538445e-02 -2.312551438988893704e+00 4.790867178167114160e-01 6.224260728137132048e-02 8.755579816223659773e-01 3.417987594658595896e+01
8.745868978110273861e-01 4.484616969745983464e-03 -4.848480604427817253e-01 -1.225780437167468939e+01 -3.383333759507520938e-02 9.980843004739331503e-01 -5.179801613098002078e-02 -2.376973579526629354e+00 4.836869512943118843e-01 6.170589448163957963e-02 8.730631823334196184e-01 3.502463070693163161e+01
8.725174161948545670e-01 4.164081105833522534e-03 -4.885652608681242959e-01 -1.272590577219312458e+01 -3.396369357927329913e-02 9.980616265178570146e-01 -5.214841561856937979e-02 -2.431634968224673621e+00 4.874010970671786569e-01 6.209388179794696205e-02 8.709675798205637198e-01 3.585265839847201619e+01
8.709487915518647760e-01 3.865442456365817715e-03 -4.913585819558377032e-01 -1.322288315086209387e+01 -3.404758227207796417e-02 9.980403887307279787e-01 -5.249899679181323220e-02 -2.487371832258510551e+00 4.901927867154403651e-01 6.245350968902003974e-02 8.693736801321297891e-01 3.671359351849601182e+01
8.703942752725656318e-01 3.732758448380649099e-03 -4.923412102215876107e-01 -1.372543621090196986e+01 -3.350808501504282805e-02 9.981018766200308034e-01 -5.167061240156653468e-02 -2.552768271314472592e+00 4.912138203884197085e-01 6.147121648411753986e-02 8.688672378150040787e-01 3.759100617164502722e+01
8.701024079015867718e-01 4.133419995502941521e-03 -4.928536393175514396e-01 -1.422954316571213518e+01 -3.323088295814243670e-02 9.981813769967121663e-01 -5.029559717096972887e-02 -2.607240534342285088e+00 4.917494399792455284e-01 6.014028191743874679e-02 8.686573775231644090e-01 3.845939856134071277e+01
8.696961368927742519e-01 2.854307183550517171e-03 -4.935792515684224169e-01 -1.473751514156965747e+01 -3.144104454733878673e-02 9.982728273163459232e-01 -4.962683765558302540e-02 -2.666955200421158079e+00 4.925851131991541565e-01 5.867891632668682800e-02 8.682837645623998624e-01 3.935146433345330053e+01
8.692549124626479662e-01 1.566579146049910248e-03 -4.943616471287436420e-01 -1.526293832071431567e+01 -3.032278438358984932e-02 9.982810621162332421e-01 -5.015426024127167537e-02 -2.732584146255887969e+00 4.934333080323741183e-01 5.858725882360107245e-02 8.678082209867664654e-01 4.025892098713628542e+01
8.681164232965666860e-01 -6.271867910514828716e-05 -4.963606217239517893e-01 -1.579173070594205264e+01 -2.886236052658347831e-02 9.983015892692691517e-01 -5.060534612584138142e-02 -2.794957898032983667e+00 4.955207799400918045e-01 5.825747138469705710e-02 8.666401955235799592e-01 4.116574562349733668e+01
8.664830995763914689e-01 -1.171664930459497423e-03 -4.992050284493534940e-01 -1.631228669036157441e+01 -2.691407710746402532e-02 9.984332037121724790e-01 -4.905884450487017767e-02 -2.857700671277890958e+00 4.984803649671243897e-01 5.594430234414400627e-02 8.650939634817004231e-01 4.208641874629675073e+01
8.646062420340320243e-01 -9.453627045848696621e-04 -5.024491492133892345e-01 -1.686974219486950233e+01 -2.526195995070282946e-02 9.986517265775656238e-01 -4.534933767103350999e-02 -2.919203642614731198e+00 5.018145905892525960e-01 5.190217073479167637e-02 8.634166353971525210e-01 4.302830437536083252e+01
8.617875018425503741e-01 -1.238937055646548635e-03 -5.072679387024146003e-01 -1.741960678899304682e+01 -2.265537983546212636e-02 9.989051975310858644e-01 -4.092847603380676130e-02 -2.984277826298065595e+00 5.067632970445397067e-01 4.676399692136997549e-02 8.608159468710376849e-01 4.393998104986253139e+01
8.579053271419058158e-01 -1.950250856597914723e-03 -5.138040881463875609e-01 -1.797836785190337849e+01 -2.102514695593583893e-02 9.990219678487501920e-01 -3.889795610274945220e-02 -3.043481663042439056e+00 5.133774408463303018e-01 4.417357016261998920e-02 8.570252645508632527e-01 4.484532137593421197e+01
8.529076647993611981e-01 -4.624509191622484111e-03 -5.220413047870882117e-01 -1.854024451132231022e+01 -1.947066079068121916e-02 9.989832899605356475e-01 -4.066054330104278136e-02 -3.107757853854685504e+00 5.216985841966811366e-01 4.484417814877249275e-02 8.519504634878921623e-01 4.574579218939520331e+01
8.467257009548830871e-01 -7.793639992454416167e-03 -5.319725942155315579e-01 -1.910403588626832416e+01 -1.830550514847833002e-02 9.988739002080950780e-01 -4.377030949859718467e-02 -3.168985833014502429e+00 5.317146791830732466e-01 4.679947301322846809e-02 8.456295375395647129e-01 4.663346220389396279e+01
8.406398592367830824e-01 -7.705768127674585306e-03 -5.415396961381486740e-01 -1.968574090800316867e+01 -1.888110718548587433e-02 9.988740026284771423e-01 -4.352276065581822673e-02 -3.231216015599040592e+00 5.412653094915079732e-01 4.681183639089310511e-02 8.395478082817033894e-01 4.751127239004429015e+01
8.348536512780116992e-01 -4.969304526970420334e-03 -5.504495263650697190e-01 -2.027677112842323837e+01 -1.944847283903656729e-02 9.990686903050965961e-01 -3.851634705980453571e-02 -3.274806141493197487e+00 5.501282963255242908e-01 4.286091554532327902e-02 8.339794993588337535e-01 4.839980291612812380e+01
8.295907001312836648e-01 -6.190947885908840457e-04 -5.583716333494062045e-01 -2.088936851812067630e+01 -2.194436240515478323e-02 9.991906691817954433e-01 -3.371129811852204700e-02 -3.343800449571005196e+00 5.579406060881969553e-01 4.021968875922860703e-02 8.289057019468036858e-01 4.927650677824589565e+01
8.256308645970987792e-01 -6.616227180914724089e-04 -5.642102724294216776e-01 -2.150414998240567854e+01 -2.314038148919657367e-02 9.991181876297129394e-01 -3.503383987531340227e-02 -3.391653704558938109e+00 5.637359337353529121e-01 4.198106033359479822e-02 8.248875036691877272e-01 5.017399770512167834e+01
8.222430996329074260e-01 -2.471085089082973672e-03 -5.691310680171405290e-01 -2.213380191788592199e+01 -2.411505894207548878e-02 9.989412486042620332e-01 -3.917710828960426633e-02 -3.442086852913468942e+00 5.686253194726511584e-01 4.593773612221000585e-02 8.213129590308771988e-01 5.103437945093865835e+01
8.191780754377538942e-01 -4.928882161229226032e-03 -5.735180733807694331e-01 -2.272701681728304735e+01 -2.612891893608420071e-02 9.986041197349933007e-01 -4.590306840860277487e-02 -3.517149719147519615e+00 5.729437715037095646e-01 5.258819445907982060e-02 8.179058153609092274e-01 5.188978186183995689e+01
8.160156483608380640e-01 -5.320324434306422830e-03 -5.780053194722513110e-01 -2.336772430859543803e+01 -2.724889700206250057e-02 9.984918661040974586e-01 -4.766016138735190699e-02 -3.571508409692544461e+00 5.773871875221345817e-01 5.464144490347977445e-02 8.146400153299214741e-01 5.276545525056067021e+01
8.128509753091273105e-01 -4.503421618422005085e-03 -5.824542940006435243e-01 -2.398218771774408253e+01 -2.601573190558541943e-02 9.986914914909592600e-01 -4.402824733738461283e-02 -3.636858694845876094e+00 5.818904353863795231e-01 5.094137850196336220e-02 8.116701938894188562e-01 5.361077994973893368e+01
8.096863269321311618e-01 -2.711888719993356140e-03 -5.868566187850724480e-01 -2.464211642107143163e+01 -2.450727307460551577e-02 9.989607653217695837e-01 -3.842893389363396389e-02 -3.691292805280877332e+00 5.863509621353327761e-01 4.549763764201629479e-02 8.087784126402187690e-01 5.448704752850499489e+01
8.064985899558533289e-01 -1.070923384173337340e-03 -5.912350385435485300e-01 -2.529884711676000464e+01 -2.471368574713354166e-02 9.990632946648598800e-01 -3.552136030534728400e-02 -3.749765995079249681e+00 5.907192763690892745e-01 4.325952381696183263e-02 8.057166727814988327e-01 5.534869408434778393e+01
8.037336165912236652e-01 -4.404326915441921777e-04 -5.949891366904069834e-01 -2.591623406423071430e+01 -2.604647461139286690e-02 9.990150364526476645e-01 -3.592406091327374901e-02 -3.803963747175983290e+00 5.944189264584892607e-01 4.437074472209120296e-02 8.029304973848716553e-01 5.619767437067149274e+01
7.998792880306011543e-01 -1.209120496928684559e-03 -6.001596918305016626e-01 -2.657398686957607836e+01 -2.644585455820881378e-02 9.989556466004672064e-01 -3.725899827898799394e-02 -3.853321880538527644e+00 5.995779739705788813e-01 4.567443682489452650e-02 7.990119559857910003e-01 5.705447960416498177e+01
7.959339692821810752e-01 -3.628055453573455526e-03 -6.053725685385605848e-01 -2.722454922752726247e+01 -2.570454780905821746e-02 9.988776931022101957e-01 -3.978228868317067179e-02 -3.921912735142301099e+00 6.048374975041863610e-01 4.722490296743425686e-02 7.949474304140002889e-01 5.791611073948337207e+01
7.918889189246435256e-01 -4.588883643797892799e-03 -6.106479141875347239e-01 -2.789347354700214154e+01 -2.519925673641574410e-02 9.988744584673565630e-01 -4.018474496922103817e-02 -3.973120087614069540e+00 6.101450182347828433e-01 4.720972771057609790e-02 7.908819794480602683e-01 5.873272475428841943e+01
7.870448450207738755e-01 -5.099750183274547564e-03 -6.168747013860539363e-01 -2.856665847245010426e+01 -2.427124525737800118e-02 9.989355884506002647e-01 -3.922495156914473924e-02 -4.029314979138638897e+00 6.164181409109001919e-01 4.584411297608119440e-02 7.860833289673903046e-01 5.960988467886903663e+01
7.824748999414553596e-01 -5.001630562226449389e-03 -6.226620329379222163e-01 -2.924905115024904845e+01 -2.430996921676863154e-02 9.989600073169857541e-01 -3.857368563434077080e-02 -4.088758266126315100e+00 6.222074110329630647e-01 4.531983552749579980e-02 7.815395431511262814e-01 6.042212615110775431e+01
7.769316381241330172e-01 -5.606027281620052337e-03 -6.295600007921114960e-01 -2.994514018676212430e+01 -2.460196766775723035e-02 9.989262754453713811e-01 -3.925607542216598411e-02 -4.148595611927140325e+00 6.291041082374967397e-01 4.598770163645406195e-02 7.759595091198820960e-01 6.127093077472765259e+01
7.716835510928683473e-01 -6.911666919111581452e-03 -6.359691172921400071e-01 -3.064846390300951029e+01 -2.424986231453605048e-02 9.988940956222460699e-01 -4.028063993122669301e-02 -4.203104154948825055e+00 6.355442135857983788e-01 4.650607066131524914e-02 7.706625367879788024e-01 6.211223322638176825e+01
7.663546190621586263e-01 -8.206718536515117055e-03 -6.423653475919488542e-01 -3.134555017149419598e+01 -2.361967206283000290e-02 9.988823794221017849e-01 -4.094023955028033152e-02 -4.267236918209312613e+00 6.419834229533546432e-01 4.654720040366992079e-02 7.653042862619787723e-01 6.293285111768506113e+01
7.607007058714557735e-01 -9.667820134835648435e-03 -6.490307861457450533e-01 -3.205878188264036766e+01 -2.302172697123673617e-02 9.988581541116203777e-01 -4.186153476513965188e-02 -4.325385232368646804e+00 6.486944139854404767e-01 4.678590846103954787e-02 7.596095338844836009e-01 6.376346632414279725e+01
7.547050926203476839e-01 -1.157653476887200196e-02 -6.559620407337337644e-01 -3.278462481448871557e+01 -2.196369523847582425e-02 9.988380210301991413e-01 -4.289759753049565000e-02 -4.393115508175466033e+00 6.556964434736627378e-01 4.678238552535055050e-02 7.535738786042806003e-01 6.456429213521766997e+01
7.481227703941150109e-01 -1.181020034927177109e-02 -6.634552217599493096e-01 -3.353895283451089426e+01 -2.220043736673212378e-02 9.988363779736736392e-01 -4.281390726951458253e-02 -4.458819743001020797e+00 6.631888629096788224e-01 4.675905486511206660e-02 7.469900475690194330e-01 6.542035984720003228e+01
7.420302192224881299e-01 -1.238858316504747731e-02 -6.702519439023465475e-01 -3.429671911923013283e+01 -2.108952459459218637e-02 9.989029248399351468e-01 -4.181122738156514695e-02 -4.509441554261805152e+00 6.700346205681876333e-01 4.516048890636094326e-02 7.409548879035366964e-01 6.624233138582498270e+01
7.358624010767768064e-01 -1.322776606172551030e-02 -6.770018790710128354e-01 -3.502015023951548756e+01 -1.953501464227653042e-02 9.989782976969597827e-01 -4.075222652866805628e-02 -4.575622457265067666e+00 6.768492572878574975e-01 4.321327269110421948e-02 7.348521651049425563e-01 6.702351626128432827e+01
7.292976671062590954e-01 -1.444815734075769777e-02 -6.840439713322958859e-01 -3.580902300461390553e+01 -1.888857667218723710e-02 9.989707902688743646e-01 -4.123811213947287807e-02 -4.636136100027654194e+00 6.839357731529105422e-01 4.299547577982401614e-02 7.282741626743427510e-01 6.783224970070595816e+01
7.227059391728253290e-01 -1.644820901293879076e-02 -6.909598924352763349e-01 -3.659687093310518691e+01 -1.800851155860986111e-02 9.989292421018680646e-01 -4.261528850657335388e-02 -4.705905340463883313e+00 6.909209987662433550e-01 4.324148111159950569e-02 7.216358892795505797e-01 6.864409052132438660e+01
7.169229840519290020e-01 -1.540670615649502445e-02 -6.969821082687328584e-01 -3.737569024091617820e+01 -2.025408454459688354e-02 9.988734656075310969e-01 -4.291353863929245338e-02 -4.761719711972757452e+00 6.968581022543761661e-01 4.488243653279945511e-02 7.158032978940381819e-01 6.942386167200989178e+01
7.114620639035332816e-01 -1.554742939455674121e-02 -7.025524890236581887e-01 -3.818244683654682348e+01 -1.965324103456847146e-02 9.989239355837743473e-01 -4.200858326458867253e-02 -4.824536618308534308e+00 7.024496348915661992e-01 4.369494655023570262e-02 7.103909284932129475e-01 7.023511614195228958e+01
7.067023560123500969e-01 -1.510994955417953658e-02 -7.073496024465775189e-01 -3.898133440901561642e+01 -2.059074504281374965e-02 9.989091932079597891e-01 -4.190996276052196684e-02 -4.882952768915149733e+00 7.072112903205063361e-01 4.418272453656447302e-02 7.056203561477515374e-01 7.103254397550760757e+01
7.017705185814340219e-01 -1.532974375543583873e-02 -7.122381123869822028e-01 -3.980554723501351333e+01 -2.125927376446838657e-02 9.988725586326890893e-01 -4.244590588254402302e-02 -4.954119827147374089e+00 7.120858028214603896e-01 4.492895019579665888e-02 7.006534152400810678e-01 7.182437363007936426e+01
6.966121873431431188e-01 -1.771918596342918206e-02 -7.172290298800589881e-01 -4.064286525906337744e+01 -2.078333045989607872e-02 9.987770350223317273e-01 -4.486075702835530532e-02 -5.021789132959523450e+00 7.171467923633785269e-01 4.615695782786669032e-02 6.953919923352127608e-01 7.261259406435485175e+01
6.916908867983294629e-01 -1.992370824794690437e-02 -7.219187996332124824e-01 -4.147541424060484161e+01 -2.061618387665646937e-02 9.986672704261351230e-01 -4.731443727094648138e-02 -5.089466690971761409e+00 7.218993685955831241e-01 4.761017560763002726e-02 6.903583000685601379e-01 7.339931188115870953e+01
6.863716274692148733e-01 -2.001673083250130047e-02 -7.269754532717210838e-01 -4.232426505998606814e+01 -2.198121201023323437e-02 9.985934398008170509e-01 -4.824902423997125961e-02 -5.153470591838106074e+00 7.269187188023166213e-01 4.909656268170523724e-02 6.849662134625915666e-01 7.418279964891382861e+01
6.817493697630130356e-01 -2.006831261492309990e-02 -7.313105015758130101e-01 -4.319023407957513427e+01 -2.120589451571576120e-02 9.986615845123109070e-01 -4.717361223031450723e-02 -5.221767078858017719e+00 7.312784116863533246e-01 4.766867357119253246e-02 6.804113403443521335e-01 7.496982208779111545e+01
6.767512097766460455e-01 -2.013512939924152340e-02 -7.359363875849094239e-01 -4.405004723258311117e+01 -2.045910064046830082e-02 9.987255081138715074e-01 -4.613875460326931355e-02 -5.292308197464357988e+00 7.359274651211332730e-01 4.628105440652975633e-02 6.754767502358099973e-01 7.574472836054179936e+01
6.718375154317410836e-01 -2.071392527030658723e-02 -7.404088573124788519e-01 -4.492344428202698481e+01 -2.019000430539648339e-02 9.987253375504488995e-01 -4.626082460224726495e-02 -5.368879129449613430e+00 7.404233419832596530e-01 4.602861526653063279e-02 6.705629361682822198e-01 7.653638045735196727e+01
6.668109901345026236e-01 -2.146725404277807780e-02 -7.449176129972118199e-01 -4.579107319202363158e+01 -1.965364935150096595e-02 9.987307585597133830e-01 -4.637462673303831273e-02 -5.432002882609478611e+00 7.449676814403479730e-01 4.556346011019819092e-02 6.655427371459333719e-01 7.730101703420967851e+01
6.622512412967400675e-01 -2.220315147930508604e-02 -7.489528043048095940e-01 -4.670077001481033108e+01 -1.864892516861181571e-02 9.987627857963448097e-01 -4.609897316683767704e-02 -5.504511589178051167e+00 7.490497446674525550e-01 4.449626677157535182e-02 6.610178307864594816e-01 7.808791869977554256e+01
6.584900310291504910e-01 -2.321963419457594505e-02 -7.522311593852425426e-01 -4.759314410234280501e+01 -1.712862980864263487e-02 9.988026307455005748e-01 -4.582482822904129088e-02 -5.572021789055290775e+00 7.523945096563948720e-01 4.305988137392492004e-02 6.573038558403062614e-01 7.885411189523946973e+01
6.545420646093552675e-01 -2.587115726082396192e-02 -7.555827938227609453e-01 -4.848683411710305080e+01 -1.441659391046981251e-02 9.988054907569093865e-01 -4.668783003019370131e-02 -5.639584737591207819e+00 7.558881244319530790e-01 4.145207870048162740e-02 6.533872351469647288e-01 7.961947718302644716e+01
6.501569738192437553e-01 -2.996194480720493214e-02 -7.592089176294565256e-01 -4.941922176314623272e+01 -1.186266241515455434e-02 9.987000965845194145e-01 -4.957211246477485206e-02 -5.727594106168429455e+00 7.597073093760338125e-01 4.123589345225221747e-02 6.489564051687755075e-01 8.041704910402452811e+01
6.453801178112975601e-01 -3.414962501190954569e-02 -7.630978285232238312e-01 -5.032161508724779964e+01 -8.134820750315747973e-03 9.986362398622785630e-01 -5.157019611794881608e-02 -5.794440112804777776e+00 7.638182621699600716e-01 3.949004301364149316e-02 6.442221741173240757e-01 8.119592463702180396e+01
6.389946227809255586e-01 -3.826745791469627483e-02 -7.682587212911786700e-01 -5.123487168484178511e+01 -2.111417686674544030e-03 9.986707322680259402e-01 -5.150058657077642710e-02 -5.869547438930998062e+00 7.692083095782877855e-01 3.453071261133809633e-02 6.380644303309677134e-01 8.193660853844345127e+01
6.306612891141004651e-01 -4.199418175189398306e-02 -7.749211676395307835e-01 -5.216743422491510529e+01 2.823553067203712994e-03 9.986524181012607082e-01 -5.182060738192979799e-02 -5.955884434136015315e+00 7.760530753148209282e-01 3.049321964493618281e-02 6.299299952576952188e-01 8.269300255798188459e+01
6.216320315518347739e-01 -4.268464929281780978e-02 -7.821455279010162132e-01 -5.311071682509118119e+01 4.913250394739770467e-03 9.987070006998123306e-01 -5.059828753637928694e-02 -6.034915840324775793e+00 7.832939979763225979e-01 2.761063904931558566e-02 6.210379832309902426e-01 8.344207657692071223e+01
6.126469229876340128e-01 -4.202297525859273464e-02 -7.892387508644542748e-01 -5.407923326215276916e+01 6.400151791810966377e-03 9.988165328560563161e-01 -4.821381261928441020e-02 -6.096513758873531863e+00 7.903308142511069612e-01 2.448679570518766738e-02 6.121908300052782970e-01 8.419207809121762409e+01
6.037928948966622134e-01 -4.178852907422839214e-02 -7.960451289270015218e-01 -5.505312991829717362e+01 6.184044393411713449e-03 9.988404729493066680e-01 -4.774376578042919400e-02 -6.182033413217471463e+00 7.971172485911047767e-01 2.390456769052011141e-02 6.033512039320381160e-01 8.489861715242412288e+01
5.941134982553678556e-01 -4.229994126406043387e-02 -8.032682331215386107e-01 -5.604074636819524358e+01 3.989771052856000422e-03 9.987590307563968262e-01 -4.964353119741485298e-02 -6.248797800383015577e+00 8.043713343069784916e-01 2.628903521097432708e-02 5.935449898788254242e-01 8.563595304078498316e+01
5.844124600592682794e-01 -4.492379142067966236e-02 -8.102122669308300384e-01 -5.702534775672940270e+01 5.504977097818210437e-03 9.986628699273906173e-01 -5.140201777881982237e-02 -6.341763779085497710e+00 8.114380952953337278e-01 2.557977924781279847e-02 5.838783301575698470e-01 8.633816525532137121e+01
5.745372761895648495e-01 -4.580629448854104530e-02 -8.171956249609418910e-01 -5.804677003255822854e+01 4.448148000361736541e-03 9.985927225707799115e-01 -5.284683893187955978e-02 -6.404983868363724575e+00 8.184663360165659318e-01 2.672747137528844186e-02 5.739324971658726904e-01 8.704402911301185952e+01
5.645568884499693185e-01 -4.740410479541702637e-02 -8.240317701185250199e-01 -5.906382890472677616e+01 8.465072881675620234e-03 9.986294410745009120e-01 -5.164863919794566299e-02 -6.488633574920823932e+00 8.253507577971544995e-01 2.218310556662553626e-02 5.641844103198756510e-01 8.772879558185663029e+01
5.541995643690657003e-01 -4.719163709134194945e-02 -8.310449925598266674e-01 -6.010313688626811768e+01 9.385236492729822147e-03 9.986823714156258802e-01 -5.045233720604004601e-02 -6.565829335158422708e+00 8.323309267044350923e-01 2.016110900483864682e-02 5.539122410166902322e-01 8.842576028266682897e+01
5.436314612694855830e-01 -4.793467263346239127e-02 -8.379541089468791615e-01 -6.113921019815902014e+01 1.060942722419643512e-02 9.986805214343721371e-01 -5.024595634934313215e-02 -6.651080128599719643e+00 8.392569844454880190e-01 1.842506901137226649e-02 5.434227117999822498e-01 8.909442218258998025e+01
5.332451880661452925e-01 -4.822146653046845838e-02 -8.445852512366497367e-01 -6.218505808235768484e+01 8.679249386441349398e-03 9.986333698075247067e-01 -5.153700910335561741e-02 -6.734290483520765314e+00 8.459162203207636344e-01 2.015149557348234685e-02 5.329349664053765201e-01 8.976393523751013959e+01
5.231046825219793917e-01 -4.920147017866087491e-02 -8.508470446061343617e-01 -6.325693246859811580e+01 8.291954924388529949e-03 9.985787931559343411e-01 -5.264634187654401026e-02 -6.812990107428269049e+00 8.522281071208801517e-01 2.048436209621107632e-02 5.227692201280650375e-01 9.039992933101176220e+01
5.135520233622657971e-01 -4.975763920816318048e-02 -8.566145477027000688e-01 -6.434590488038426770e+01 6.621744244866419396e-03 9.985173332265570023e-01 -5.403043328922389754e-02 -6.897783076369007560e+00 8.580329154177722684e-01 2.207515538251181297e-02 5.131200803977830072e-01 9.102851275245180318e+01
