7.775636119518190004e-01 -6.284434515540345823e-01 2.129923865522665230e-02 -6.596108237013014275e+01 6.274776013568671429e-01 7.776769890858111767e-01 3.860518672226771753e-02 2.571226888534722832e+01 -4.082510457884664518e-02 -1.665319324573183088e-02 9.990275181349347333e-01 -8.847508754270294595e-01 -4.809208017785018303e-24 -1.416202385148814181e-23 -3.430527606006730092e-24 9.999999999999997780e-01
7.494781164256580919e-01 -6.614494971229220033e-01 2.769685460268108898e-02 -6.556207495230820825e+01 6.606955921882414762e-01 7.499676454554095040e-01 3.209151341242800354e-02 2.609296909421529520e+01 -4.199866024145744448e-02 -5.752697272125342418e-03 9.991011055003486963e-01 -8.927248268652068219e-01 -4.809208017785018303e-24 -1.416202385148814181e-23 -3.430527606006730092e-24 9.999999999999997780e-01
7.211019228905007905e-01 -6.927336542625596172e-01 1.149352233495854782e-02 -6.520715450632768295e+01 6.923759439753864875e-01 7.211310515052046233e-01 2.419832141270311654e-02 2.649081391576863709e+01 -2.505132746614885039e-02 -9.491617725153646268e-03 9.996411056900093017e-01 -9.021520916013847646e-01 -6.715856780877009179e-19 1.998998089114482328e-19 -2.512255177606823903e-20 9.999999999999997780e-01
6.910397367808065461e-01 -7.226772876757069364e-01 -1.419929813753498249e-02 -6.487092808775668118e+01 7.228130529846512609e-01 6.909658292847042915e-01 1.036885702045427411e-02 2.690266559331748297e+01 2.317892345023654828e-03 -1.742873026316373378e-02 9.998454214209774316e-01 -9.074150543826452475e-01 -4.027064115711454734e-19 -7.013334069896308531e-19 7.770097042706889044e-21 9.999999999999998890e-01
6.563886261347234852e-01 -7.538822545982559742e-01 -2.855727022704991278e-02 -6.453123844986272672e+01 7.539376098579675389e-01 6.568537973329713342e-01 -1.100769598561179147e-02 2.732694760126384992e+01 2.705645805766692530e-02 -1.430507361414603933e-02 9.995315467489098715e-01 -9.270130990677448724e-01 -1.549489032134926415e-18 9.927846209235726552e-19 2.474664687420194462e-20 9.999999999999998890e-01
6.189308766264220996e-01 -7.849524270069725418e-01 -2.782547922876064603e-02 -6.419413846593080564e+01 7.842417655190679904e-01 6.195549894900972410e-01 -3.341359324376588780e-02 2.777630179894217477e+01 4.346749560284982744e-02 -1.141198399175153387e-03 9.990541899678064830e-01 -9.388269393946829799e-01 -1.819930343435327320e-18 4.028542567207333609e-18 4.952231494815894615e-20 9.999999999999998890e-01
5.860367598898944541e-01 -8.099793285486780459e-01 -2.223518341692174577e-02 -6.386813971261395295e+01 8.090195107773925365e-01 5.864342739950846317e-01 -3.977780116300002472e-02 2.826575548307421570e+01 4.525867032140000468e-02 5.322556499104806951e-03 9.989611219427170230e-01 -9.605868400747001878e-01 -8.575119094246409782e-19 8.475135943059035155e-18 6.920016179962054937e-20 9.999999999999998890e-01
5.572645087773376860e-01 -8.301834867775315097e-01 -1.586333946714266196e-02 -6.356595724811330683e+01 8.298398485158356985e-01 5.574902303909534673e-01 -2.388448939900987902e-02 2.876863964394439677e+01 2.867216546347861605e-02 1.459470319672754289e-04 9.995888582947978218e-01 -9.314255296106336290e-01 1.533903135582547277e-18 1.596878650862131500e-17 9.574346177227084141e-21 9.999999999999997780e-01
5.286356144127841716e-01 -8.488119977295056628e-01 -7.910732258193806793e-03 -6.328523178106412672e+01 8.487723885546974989e-01 5.286901268761139416e-01 -8.496009114010022456e-03 2.927844946871443099e+01 1.139384051005867989e-02 -2.223118115963070799e-03 9.999326168018880523e-01 -8.753547821442888566e-01 4.779581535888312598e-18 2.216814195591605160e-17 1.226713842905785800e-20 9.999999999999997780e-01
4.987747400809623421e-01 -8.667089990445279168e-01 -6.266548683109274265e-03 -6.301121510722870767e+01 8.666947389326629114e-01 4.988071891512130818e-01 -5.622949181672513320e-03 2.979740227971676703e+01 7.999260191226841010e-03 -2.626599758339513441e-03 9.999645557769032411e-01 -8.681630076492160564e-01 8.136323800263012858e-18 2.866686587007733064e-17 1.156708328427566945e-19 9.999999999999998890e-01
4.712495353221801686e-01 -8.819894243964223612e-01 -4.304731291622612352e-03 -6.274874090927639969e+01 8.818693457160601268e-01 4.712581350282032955e-01 -1.490728868895230784e-02 3.032308872290499480e+01 1.517671061036810279e-02 3.228842299955138415e-03 9.998796137698013897e-01 -8.632128959166707194e-01 1.028431122706005540e-17 3.527317760744825312e-17 2.541625214437938366e-19 9.999999999999997780e-01
4.458306922094175118e-01 -8.951008041474871613e-01 -5.435466731458005185e-03 -6.250090693213751791e+01 8.948497054922723848e-01 4.458376624070560235e-01 -2.174358203677344975e-02 3.086103213289753810e+01 2.188603354780742707e-02 4.830030426708123610e-03 9.997488046212488211e-01 -8.589685965635641685e-01 1.134428075706874871e-17 4.460985607513131763e-17 3.638245905723862037e-19 9.999999999999997780e-01
4.227531649012959969e-01 -9.062263934720505842e-01 -5.786651931131972168e-03 -6.226148183562553129e+01 9.059837237660458564e-01 4.227760071622118088e-01 -2.130586865087391937e-02 3.141629803811865784e+01 2.175439810555220357e-02 3.764510938422735778e-03 9.997562576050489369e-01 -8.544544025741772630e-01 1.309856509307182711e-17 5.419248784498117003e-17 4.354686979483063888e-19 9.999999999999997780e-01
4.031469135876186716e-01 -9.151213979082341021e-01 -5.039162157492176226e-03 -6.202910047634607338e+01 9.150127838078372378e-01 4.031769326603023007e-01 -1.414094900782839059e-02 3.199291851915542040e+01 1.497235896562856133e-02 1.089982153919246029e-03 9.998873138538661998e-01 -8.479549373249978261e-01 1.486517259582078213e-17 6.322733059847863820e-17 4.955569199464412571e-19 9.999999999999997780e-01
3.859618866828071204e-01 -9.225120486542008891e-01 -2.223087058117311637e-03 -6.180351392107587571e+01 9.224971978556766317e-01 3.859682877658917044e-01 -5.234576149795832321e-03 3.257563902836476899e+01 5.687000673160543147e-03 -3.044469494316724671e-05 9.999838284174668024e-01 -8.428188425705261944e-01 1.681954701418984422e-17 7.127461866178498008e-17 6.054850312117367918e-19 9.999999999999998890e-01
3.696948432374466686e-01 -9.291520391090630770e-01 1.486977840244406391e-03 -6.157899918564883990e+01 9.291513259298713745e-01 3.696968516327040488e-01 1.432276371023606491e-03 3.316394180070307129e+01 -1.880533536690586491e-03 8.521222434323408789e-04 9.999978687383720422e-01 -8.393822325760662562e-01 1.888001124900998493e-17 7.989362701965804917e-17 7.424257292520255990e-19 1.000000000000000000e+00
3.555255957990198779e-01 -9.346645676809186565e-01 1.922668348423070550e-03 -6.136316674823503092e+01 9.346586574966390115e-01 3.555302943119631465e-01 3.376950251488087824e-03 3.375944228863671981e+01 -3.839882590666749210e-03 5.964463672035825786e-04 9.999924497481993413e-01 -8.411795452610278945e-01 2.101392585967073993e-17 9.076539703747022662e-17 8.870161997933237640e-19 1.000000000000000444e+00
3.426069019907847513e-01 -9.394787648315305884e-01 4.014210755835561826e-04 -6.115880702692339099e+01 9.394759083755109819e-01 3.426068671102063257e-01 2.356308746074489615e-03 3.435966834269063241e+01 -2.351231647422155450e-03 -4.301622100023842895e-04 9.999971433310169688e-01 -8.460272754600539624e-01 2.254147672177932848e-17 1.005856356561603218e-16 1.038396087076244954e-18 1.000000000000000666e+00
3.303513002412236110e-01 -9.438480175078769463e-01 -4.351812882138972154e-03 -6.096085347857078318e+01 9.438579311292207841e-01 3.303454339256990391e-01 2.024877496233387295e-03 3.497571703595731663e+01 -4.735750956034158682e-04 -4.776414017308110334e-03 9.999884807315247981e-01 -8.508191414039020239e-01 2.441768711922519325e-17 1.100010853977667570e-16 1.197183780198368627e-18 1.000000000000000666e+00
3.199775805894405356e-01 -9.473962795156209982e-01 -7.391716990088358953e-03 -6.076607234839313776e+01 9.474251132292330624e-01 3.199682727523537329e-01 2.441158416329566004e-03 3.560200071783739872e+01 5.237051665282851270e-05 -7.784214270186795050e-03 9.999697011737409547e-01 -8.574329753680564048e-01 2.770044590795790363e-17 1.198722629383988233e-16 1.394822894973757716e-18 1.000000000000000666e+00
3.119359190211331567e-01 -9.500559578791994975e-01 -9.468860683780373419e-03 -6.057069043602831471e+01 9.501030724454497811e-01 3.119242461136539357e-01 2.723309770271610964e-03 3.623181155362309624e+01 3.662705579448925189e-04 -9.845891764187866477e-03 9.999514609525899100e-01 -8.602450948892252924e-01 3.150161653471401290e-17 1.319854951735067993e-16 1.642376937038424516e-18 1.000000000000000888e+00
3.059045580207624959e-01 -9.519964386293258141e-01 -1.118848600889429945e-02 -6.037338299587767665e+01 9.520605072389822787e-01 3.059049481217522848e-01 1.718508200895390919e-03 3.687246851485635801e+01 1.786599545102527395e-03 -1.117781515651563098e-02 9.999359302027108765e-01 -8.579348251758961430e-01 3.517077540549436467e-17 1.452648871181957349e-16 1.921940228110539065e-18 1.000000000000001332e+00
3.013531679807422425e-01 -9.534259433734666445e-01 -1.285451867449400633e-02 -6.017395683849633770e+01 9.535100380397752984e-01 3.013561928770906451e-01 1.747103879337805112e-03 3.752360407323767788e+01 2.208054644682127653e-03 -1.278340787913137371e-02 9.999158509482916068e-01 -8.589060586109543705e-01 3.821228167757492883e-17 1.596756628536257893e-16 2.220130569497558345e-18 1.000000000000001776e+00
2.980546172477249178e-01 -9.544609609661598437e-01 -1.295064202395462653e-02 -5.997433657160262044e+01 9.545454382141644878e-01 2.980622307934344684e-01 1.383097581462457409e-03 3.817815687236031863e+01 2.539984605152448890e-03 -1.277421488617146508e-02 9.999151803589181320e-01 -8.643329139569734254e-01 4.218617621111578814e-17 1.738842958071729239e-16 2.512822775521778334e-18 1.000000000000002220e+00
2.957926269773484829e-01 -9.551795003952935348e-01 -1.178320204365019240e-02 -5.977090445878580027e+01 9.552431933142726539e-01 2.958208381493126482e-01 -6.879995175504599646e-04 3.883796291726061867e+01 4.142879740079044408e-03 -1.105231836299033071e-02 9.999303389767802974e-01 -8.673206118004950227e-01 4.738495523165005308e-17 1.856233492881427020e-16 2.748664650713995483e-18 1.000000000000002442e+00
2.949090272806941249e-01 -9.554625401370622217e-01 -1.095445220684345723e-02 -5.956615970470267740e+01 9.555118058892795307e-01 2.949464775042585085e-01 -1.940158236372487542e-03 3.950778866430828629e+01 5.084725608186915768e-03 -9.894938232431767233e-03 9.999381159665923224e-01 -8.646030868691457760e-01 5.223128254924577947e-17 1.976001790943263107e-16 2.956857363031320539e-18 1.000000000000002442e+00
2.945716357666129936e-01 -9.555697708490865638e-01 -1.067541292739575438e-02 -5.936043679172930609e+01 9.556180783601516682e-01 2.946041441073243283e-01 -1.576891240373237343e-03 4.018416792075997535e+01 4.651850489682197477e-03 -9.737110155278705034e-03 9.999417727911926734e-01 -8.635608240912261424e-01 5.773724021092994925e-17 2.088959030192371970e-16 3.109815519678216122e-18 1.000000000000002220e+00
2.935169832031225834e-01 -9.558767633592302193e-01 -1.214058652551464230e-02 -5.915289370042864903e+01 9.559488982894066567e-01 2.935327026072548917e-01 5.063193553312471482e-04 4.087340194476432487e+01 3.079680267468253713e-03 -1.175439364336983671e-02 9.999261721744612252e-01 -8.642695936973179283e-01 6.435192727901283092e-17 2.173081172312260115e-16 3.222357911448624257e-18 1.000000000000001554e+00
2.930233146500265118e-01 -9.560473470341900315e-01 -1.052650466020887618e-02 -5.894453284572781371e+01 9.561049816012019420e-01 2.929965295328304520e-01 4.037058213469784870e-03 4.156935581824338044e+01 -7.753894612613288547e-04 -1.124739572362284078e-02 9.999364454106864919e-01 -8.659063511332262264e-01 7.055083065203483605e-17 2.245990460603706724e-16 3.341641771126895699e-18 1.000000000000000888e+00
2.924629012124650984e-01 -9.562553133636871872e-01 -6.420831571266755362e-03 -5.872653337687790298e+01 9.562727457642612450e-01 2.924353284237655171e-01 4.900448764966523242e-03 4.227118673672435989e+01 -2.808402180072255491e-03 -7.573265699793150542e-03 9.999673787298115624e-01 -8.720018298571632354e-01 7.706143124194599150e-17 2.316628218103807412e-16 3.466445187233018822e-18 1.000000000000000000e+00
2.919273525901261990e-01 -9.564385901068583884e-01 -1.908969377996039794e-03 -5.850614211028339184e+01 9.564396506175931734e-01 2.919238609283057451e-01 1.911582364909881820e-03 4.297219867698995444e+01 -1.271037430752811710e-03 -2.383857183979292815e-03 9.999963508376952248e-01 -8.768480082970139255e-01 8.321344255329420687e-17 2.383413228062313681e-16 3.601360804830587123e-18 9.999999999999991118e-01
2.916310930403067658e-01 -9.565308075811735922e-01 3.460060442390150057e-04 -5.828287951054802107e+01 9.565269835913062790e-01 2.916288578304407353e-01 -2.956170184089178081e-03 4.368846829675794652e+01 2.726762506046445829e-03 1.193075259796312539e-03 9.999955706589838123e-01 -8.776913401464232489e-01 8.914846686837162978e-17 2.434541709689401305e-16 3.705923073644209953e-18 9.999999999999981126e-01
2.914433800432660870e-01 -9.565822171125545337e-01 -3.349348136970275655e-03 -5.806744534964236948e+01 9.565674906107867193e-01 2.914582932824909545e-01 -5.540684376966614755e-03 4.441034324851320036e+01 6.276315437245979199e-03 -1.589081759990888581e-03 9.999790411221699538e-01 -8.771806579081236066e-01 9.528127797195927969e-17 2.466991736416891474e-16 3.762035227267972902e-18 9.999999999999970024e-01
2.909497236374219420e-01 -9.566887485765909194e-01 -9.741491786098342362e-03 -5.784972823202804904e+01 9.566886075560238067e-01 2.910233372245122352e-01 -7.233627246852120628e-03 4.514838603065445000e+01 9.755331247592178429e-03 -7.214952363996929123e-03 9.999263862777860723e-01 -8.787036788636903850e-01 1.011350345387846662e-16 2.500524697573291189e-16 3.809125185198700866e-18 9.999999999999954481e-01
2.904250811650326280e-01 -9.568600024704884133e-01 -8.497523310570730473e-03 -5.762409755339710671e+01 9.568463592748378543e-01 2.904900563527054724e-01 -7.782795295342473038e-03 4.588371320731337732e+01 9.915491550870873458e-03 -5.870505287235872061e-03 9.999336078934886185e-01 -8.794523133135438986e-01 1.063148813175698977e-16 2.535048495078487538e-16 3.858652589966068151e-18 9.999999999999935607e-01
2.898495522202369501e-01 -9.570647318998439790e-01 -3.786295175831951281e-03 -5.738956248934038484e+01 9.570359571076048066e-01 2.898707402429799851e-01 -7.558488872333907725e-03 4.662588324948611529e+01 8.331499311560866539e-03 -1.432796012390379374e-03 9.999642659688972035e-01 -8.813605646425957119e-01 1.108452900088619418e-16 2.547504009355637653e-16 3.916179690196176935e-18 9.999999999999915623e-01
2.901273540709052856e-01 -9.569804634766573281e-01 -3.809323268899013609e-03 -5.716010094249564588e+01 9.569759342460922857e-01 2.901414097450923935e-01 -3.876032102648425959e-03 4.738986027089638498e+01 4.814529421451705683e-03 -2.520887755868618432e-03 9.999852326065989949e-01 -8.769296282100591533e-01 1.141628199543068101e-16 2.538974775638330512e-16 4.008333048864274459e-18 9.999999999999895639e-01
2.914210901835094236e-01 -9.565785628120275774e-01 -5.585818174535714213e-03 -5.692876095185351204e+01 9.565948326026145754e-01 2.914144445881207690e-01 1.986887837687284237e-03 4.816060297792804334e+01 -2.728262113455456037e-04 -5.922385821353847411e-03 9.999824253015336950e-01 -8.749891937003575482e-01 1.166516488425573273e-16 2.519353033871244422e-16 4.106775132917376658e-18 9.999999999999873435e-01
2.912136963139517198e-01 -9.566268931578992829e-01 -7.718184124349823302e-03 -5.669364684043971181e+01 9.566449464413306902e-01 2.911580446788878396e-01 7.578882960746497442e-03 4.894471650556170772e+01 -5.002951862233567804e-03 -9.590636359196885383e-03 9.999414933718772103e-01 -8.817278096737338755e-01 1.192926902246170944e-16 2.499984593633272755e-16 4.220160086172245160e-18 9.999999999999853451e-01
2.908704887038835452e-01 -9.567562167796573869e-01 -3.449703550532344683e-03 -5.644932921796083747e+01 9.567297249368590384e-01 2.908288384824030959e-01 9.317731972752619010e-03 4.973158413849952808e+01 -7.911524714512598033e-03 -6.010687181544647172e-03 9.999506384898111389e-01 -8.979181919917270660e-01 1.211006771822695681e-16 2.468122346317243323e-16 4.307296853698411293e-18 9.999999999999832356e-01
2.903966185946510459e-01 -9.569026357630590063e-01 2.673869564410867594e-03 -5.620460143327818514e+01 9.568698472276646605e-01 2.904088146710084861e-01 7.925643682298979045e-03 5.051282719582962955e+01 -8.360584620501241432e-03 2.569650360755418631e-04 9.999650166849094468e-01 -9.082596113507099833e-01 1.221959799695586492e-16 2.466244192216309892e-16 4.417879511582220089e-18 9.999999999999813483e-01
2.895013294992518360e-01 -9.571762706464214121e-01 1.602226425458733996e-03 -5.596716852056386671e+01 9.571567853698246253e-01 2.895056670975644786e-01 6.112032295905108457e-03 5.130452868975720548e+01 -6.314145909213698428e-03 -2.358595807835727842e-04 9.999800377665376550e-01 -9.107785364666947103e-01 1.229786986727741325e-16 2.479242323871512492e-16 4.537035835015286001e-18 9.999999999999794609e-01
2.901728800552619281e-01 -9.569523756543008020e-01 -6.469189282197363756e-03 -5.573834649002652242e+01 9.569683618924559321e-01 2.901407693616350758e-01 5.467018473729211812e-03 5.211208326631060572e+01 -3.354700760703002282e-03 -7.777189965997933010e-03 9.999641300061229421e-01 -9.200764692420415614e-01 1.229282343328461379e-16 2.501925064334609643e-16 4.654065332945846232e-18 9.999999999999777955e-01
2.894556943032174923e-01 -9.571528083473876958e-01 -8.596656797551683812e-03 -5.549498273818729643e+01 9.571904804888407003e-01 2.894562743744523714e-01 1.203863233217324904e-03 5.291240869056341012e+01 1.336075174150499296e-03 -8.577103118667274775e-03 9.999623233927746879e-01 -9.304833132474624735e-01 1.225421594447445939e-16 2.511989505290453863e-16 4.773935106249832915e-18 9.999999999999762412e-01
2.886540494626447240e-01 -9.574015253333185704e-01 -7.820423146832971087e-03 -5.524728599336079071e+01 9.574166182777080758e-01 2.886877960281533095e-01 -3.574278942896539236e-03 5.371375306255046667e+01 5.679680834158304381e-03 -6.455672991969325231e-03 9.999630320725308996e-01 -9.316593828515479236e-01 1.231874349197442787e-16 2.522931660889602835e-16 4.880513924503832425e-18 9.999999999999745759e-01
2.887596122255933762e-01 -9.573520104040453838e-01 -9.747539309999653928e-03 -5.500392805693092413e+01 9.573751141560352673e-01 2.888124255587543598e-01 -4.502625618582192096e-03 5.452502004150177584e+01 7.125808159392415034e-03 -8.031875132036504078e-03 9.999423542583725233e-01 -9.277112255773234395e-01 1.251678554268787543e-16 2.498828797937682946e-16 5.002904417108683830e-18 9.999999999999726885e-01
2.890746183871757968e-01 -9.571826185374361362e-01 -1.540453745063452042e-02 -5.476863177586569975e+01 9.572907524985960759e-01 2.891249113112234204e-01 -1.095828371048906741e-03 5.535278392341034248e+01 5.502743393869078022e-03 -1.442984507983629573e-02 9.998807425818048156e-01 -9.262824591500490312e-01 1.268582447475786112e-16 2.467701161975806792e-16 5.127318538054771672e-18 9.999999999999708011e-01
2.891184155312499504e-01 -9.572131862804048597e-01 -1.238780898934609652e-02 -5.451958064859873332e+01 9.572933312744977830e-01 2.890923069957866409e-01 3.887921436347291544e-03 5.617936363232683306e+01 -1.403493867453317579e-04 -1.298283661999389410e-02 9.999157095751455282e-01 -9.278443727696827903e-01 1.294697140410858419e-16 2.437795910726281890e-16 5.216553840705064495e-18 9.999999999999686917e-01
2.881766257711717016e-01 -9.575588192061175175e-01 -5.944755644259747465e-03 -5.426335888413802877e+01 9.575612545686454924e-01 2.881303445070788061e-01 7.572867555723643805e-03 5.700644948351799712e+01 -5.538601622877272965e-03 -7.874791092444832080e-03 9.999536547046180557e-01 -9.350365349280782556e-01 1.309078307178736419e-16 2.420587629136600305e-16 5.367048347328651574e-18 9.999999999999663602e-01
2.877132240690799536e-01 -9.576744768855289802e-01 -8.983151882582597267e-03 -5.401497794417838350e+01 9.576832377378574623e-01 2.876122427585308672e-01 1.104599344562350906e-02 5.784765965718339942e+01 -7.994801534733593507e-03 -1.178109236729217753e-02 9.998986393684380358e-01 -9.446774067785863593e-01 1.326736206599000280e-16 2.386647614156248452e-16 5.550158948815635235e-18 9.999999999999640288e-01
2.881994454816520501e-01 -9.575188720817306987e-01 -9.934245383498831183e-03 -5.376659857816618171e+01 9.575408225294501641e-01 2.880934867038573710e-01 1.084970544730038018e-02 5.867671790230729556e+01 -7.526806332019366462e-03 -1.263932458927939650e-02 9.998917914755367509e-01 -9.613927475636391273e-01 1.333702457824232491e-16 2.351556854781978635e-16 5.735095159651482442e-18 9.999999999999615863e-01
2.863753448910294486e-01 -9.581000673485190466e-01 -5.781244264614034296e-03 -5.351318459620143386e+01 9.581136811526879127e-01 2.863519301246181259e-01 4.554788886799174610e-03 5.950659031253292142e+01 -2.708473085511568616e-03 -6.843468462377838395e-03 9.999729151895720980e-01 -9.570694648853607100e-01 1.341981041928105402e-16 2.291465813781802930e-16 5.928573055596017182e-18 9.999999999999591438e-01
2.859564336092350056e-01 -9.582294613698991714e-01 -5.021696942131371154e-03 -5.326185221138102577e+01 9.582400965354410660e-01 2.859637799618304221e-01 -7.962044584640923283e-04 6.034628784097284182e+01 2.198970008764087290e-03 -4.584311575236035656e-03 9.999870742254891587e-01 -9.607714031792706777e-01 1.349439771729119685e-16 2.250109558767265575e-16 6.165135783306297825e-18 9.999999999999571454e-01
2.858705502524718223e-01 -9.582379275936740992e-01 -7.622507413354613279e-03 -5.301515494859021516e+01 9.582606044791885935e-01 2.858909905972390475e-01 -1.719127207494783706e-03 6.119413937779536639e+01 3.826539087813656415e-03 -6.812900720810548608e-03 9.999694705250458115e-01 -9.677264606492091970e-01 1.355362024041335039e-16 2.199061524265744395e-16 6.411294280701974972e-18 9.999999999999551470e-01
2.851562345878025928e-01 -9.584618259661777939e-01 -6.070423479640719641e-03 -5.275876976933788853e+01 9.584808760159986285e-01 2.851542723350391495e-01 1.204691048422263299e-03 6.203785681221322079e+01 5.763568081013640187e-04 -6.161909977766299486e-03 9.999808491556273493e-01 -9.709127103982959639e-01 1.370914877185114173e-16 2.152410423695298586e-16 6.633730900946203456e-18 9.999999999999534817e-01
2.843594751749684568e-01 -9.587153594673801793e-01 -2.132697700825499868e-03 -5.250213146280299270e+01 9.587114183275080581e-01 2.843488260624669195e-01 4.261629406279650832e-03 6.289014446872926811e+01 -3.479259480588168824e-03 -3.256476338983850007e-03 9.999886449930648347e-01 -9.693399849235734278e-01 1.386247761903199610e-16 2.104658793719660889e-16 6.859270298493528224e-18 9.999999999999517053e-01
2.836647439576038821e-01 -9.589235160198208430e-01 -5.881822530522687288e-05 -5.225464886501890049e+01 9.589034206302035068e-01 2.836584012411673683e-01 6.491633757266952395e-03 6.374388430550947504e+01 -6.208295983483827322e-03 -1.897848625063541447e-03 9.999789273936297018e-01 -9.653171289703379454e-01 1.399612941322151625e-16 2.038603986863119563e-16 7.105588027750148180e-18 9.999999999999495959e-01
2.834598574967385765e-01 -9.589679661718540915e-01 -5.563186503810395658e-03 -5.201377590009315810e+01 9.589781505304334486e-01 2.834328895793672420e-01 5.167582583317803339e-03 6.459594087165682197e+01 -3.378756133911343506e-03 -6.799776527152036863e-03 9.999711731074532040e-01 -9.646796010038001246e-01 1.414551492725610824e-16 1.984807115215325232e-16 7.365007907324675982e-18 9.999999999999477085e-01
2.835079735218902219e-01 -9.589610892603485093e-01 -4.105877987236031604e-03 -5.176150681168760315e+01 9.589694402734687539e-01 2.835093410261598779e-01 2.572398411149019390e-04 6.544509425964081117e+01 9.173717642527186690e-04 -4.010341061316420423e-03 9.999915377608638023e-01 -9.741238866449539735e-01 1.436632177692598357e-16 1.925619130582167790e-16 7.590621093657943184e-18 9.999999999999457101e-01
2.830459332629086111e-01 -9.591024116701264424e-01 -2.750198502624206284e-03 -5.150847668643002208e+01 9.590967650096302588e-01 2.830547622957636511e-01 -3.660176168148517473e-03 6.629797406308847485e+01 4.288940573429675905e-03 -1.601708507582617078e-03 9.999895197042441009e-01 -9.866389854074624211e-01 1.459055336261357269e-16 1.881826275378938982e-16 7.826713293440593471e-18 9.999999999999436007e-01
2.835573740300921242e-01 -9.589423909918765032e-01 -4.970552471026165597e-03 -5.125846344824122980e+01 9.589533682501459877e-01 2.835633326666719967e-01 -5.233435758236266349e-04 6.715519496983138481e+01 1.911322763783469218e-03 -4.618130104080497497e-03 9.999875097816655067e-01 -9.915890117920796998e-01 1.486924484491205711e-16 1.840230183184974524e-16 8.064520162846578100e-18 9.999999999999413802e-01
2.839209423168504443e-01 -9.588359268974175897e-01 -4.750137324992354838e-03 -5.101125191325770913e+01 9.588388730954108263e-01 2.838935980968250172e-01 5.695647512458608397e-03 6.801751932328019734e+01 -4.112657885249717746e-03 -6.171729928587783853e-03 9.999724975190581455e-01 -9.833280050523947047e-01 1.521914124197820470e-16 1.778681930913724856e-16 8.293254547122165783e-18 9.999999999999392708e-01
2.832062338885886210e-01 -9.590526248982061963e-01 -3.505960984578876134e-03 -5.075744954872441639e+01 9.590253496146736722e-01 2.831637570958820405e-01 9.416234046579850109e-03 6.887574562051487703e+01 -8.037902894410574664e-03 -6.029041640718058211e-03 9.999495201127118760e-01 -9.793331690764555120e-01 1.541033178586339649e-16 1.737820188316215565e-16 8.543284670456570286e-18 9.999999999999370504e-01
2.832330592980347728e-01 -9.590436796993466739e-01 -3.775519743557480528e-03 -5.050936105840153800e+01 9.590098956206369873e-01 2.831821956752351710e-01 1.038576689843906734e-02 6.972356210255989595e+01 -8.891244131990326191e-03 -6.562353326985348456e-03 9.999389387839033860e-01 -9.859548987803641307e-01 1.558549536687785151e-16 1.702515022656345588e-16 8.789683509696149660e-18 9.999999999999348299e-01
2.835763355991657853e-01 -9.589389326254819101e-01 -4.537111765318661664e-03 -5.025515350581266460e+01 9.588949857368599394e-01 2.835064665560964592e-01 1.202038890403410963e-02 7.058798114367490939e+01 -1.024051838042971431e-02 -7.759311559376256759e-03 9.999174590270435425e-01 -1.003865767225601946e+00 1.580492451085772741e-16 1.639034803697015373e-16 9.033693130245822961e-18 9.999999999999321654e-01
2.836360806516415312e-01 -9.589056355182474789e-01 -7.110268900784101273e-03 -5.001103983610495618e+01 9.588832023787469128e-01 2.835390522356461829e-01 1.219057230036313735e-02 7.144556635190622274e+01 -9.673569573749455849e-03 -1.027560356153547384e-02 9.999004120525284423e-01 -1.017795202572174817e+00 1.604808435990687886e-16 1.559860519714413690e-16 9.274611656428216001e-18 9.999999999999290567e-01
2.837987567182803095e-01 -9.588355078481126670e-01 -9.629879268677206394e-03 -4.976543744330763985e+01 9.588656959199276519e-01 2.837172452441857895e-01 9.005661489435335884e-03 7.229279542882726162e+01 -5.902785189594750292e-03 -1.178955642071524181e-02 9.999130779653154777e-01 -1.027192800568420550e+00 1.631040713869997077e-16 1.499112177113396645e-16 9.518635773791339455e-18 9.999999999999258371e-01
2.838656709491442776e-01 -9.588155242399971634e-01 -9.647348490106687907e-03 -4.951410087021643847e+01 9.588612624160520737e-01 2.838747689242767658e-01 4.415947253128730361e-04 7.313041853109501744e+01 2.315230945302356510e-03 -9.375822335182679157e-03 9.999533657430561551e-01 -1.022945724598759210e+00 1.654902923684595884e-16 1.443056797626450270e-16 9.746292425700289869e-18 9.999999999999225064e-01
2.835658595659075742e-01 -9.589098207938521190e-01 -9.075178988128682761e-03 -4.926220578989342869e+01 9.589127398511160250e-01 2.836277893871945732e-01 -6.452475368146799554e-03 7.397436040692899439e+01 8.761314953636866604e-03 -6.872603024052240800e-03 9.999380014218927082e-01 -1.020231110344686165e+00 1.677036830141322765e-16 1.404864302599079430e-16 9.933141464288376693e-18 9.999999999999193978e-01
2.836510212489267713e-01 -9.588805908713761150e-01 -9.492660033713297765e-03 -4.900846143363344254e+01 9.588923717762893872e-01 2.837115345872714411e-01 -5.760598162936600430e-03 7.483119202445152496e+01 8.216902915723517734e-03 -7.468439742274739397e-03 9.999383505566413755e-01 -1.018394770365332880e+00 1.702948881755472581e-16 1.367580860695132368e-16 1.006846032804582708e-17 9.999999999999162892e-01
2.838196887923627454e-01 -9.588437267136836750e-01 -8.067961051781303433e-03 -4.875779446932394734e+01 9.588754410152823260e-01 2.838271210055242078e-01 2.323774491639422066e-04 7.568691732499432590e+01 2.067092498344462459e-03 -7.802123006927833525e-03 9.999674264718980687e-01 -1.011679530080957790e+00 1.725623152000277766e-16 1.343294130274655954e-16 1.021816590837237422e-17 9.999999999999132916e-01
2.835593406567324948e-01 -9.589273777939180121e-01 -7.237709824828722840e-03 -4.850653888049978946e+01 9.589412825942946750e-01 2.835073862876181239e-01 7.428220283922796867e-03 7.654589031490090179e+01 -5.071179603400171286e-03 -9.046879988431419037e-03 9.999462171034718683e-01 -1.008900788500307177e+00 1.748912549759564700e-16 1.316420207784132920e-16 1.035322171729235651e-17 9.999999999999101830e-01
2.833962427465118727e-01 -9.589773564206721668e-01 -6.999962105957015061e-03 -4.825601409126824137e+01 9.589564683559470559e-01 2.833031422121954357e-01 1.190887949377366847e-02 7.740120938821857521e+01 -9.437234514896168311e-03 -1.008759064361316495e-02 9.999045850076657693e-01 -1.014081904309227511e+00 1.768375677630618891e-16 1.305834700941607157e-16 1.052189861681460546e-17 9.999999999999071854e-01
2.832619891060649819e-01 -9.590170224961444001e-01 -6.999720723591587764e-03 -4.800518304433859385e+01 9.589971806931044673e-01 2.831700330663689535e-01 1.179575328991130587e-02 7.825317235647632685e+01 -9.330217049443895183e-03 -1.005400097947094923e-02 9.999059276320676481e-01 -1.024099195947305363e+00 1.792854646392102776e-16 1.289853638240788689e-16 1.071301676269836701e-17 9.999999999999041878e-01
2.839476836684800554e-01 -9.587852026625967028e-01 -1.022976512191113227e-02 -4.775923628657383091e+01 9.588204432231443031e-01 2.838580519015365122e-01 9.378914001282047733e-03 7.910279044409763571e+01 -6.088562762566658744e-03 -1.247162883425306443e-02 9.999036893007916538e-01 -1.034192603454424875e+00 1.831005968094902770e-16 1.270329357437866794e-16 1.090058596413753535e-17 9.999999999999013012e-01
2.842662474951437312e-01 -9.586611620895870711e-01 -1.270735361796328927e-02 -4.751039858271657579e+01 9.587382466921193780e-01 2.841880409195133295e-01 7.624416558222955019e-03 7.995191292387259807e+01 -3.697954108008688623e-03 -1.435039021213307259e-02 9.998901896887467666e-01 -1.041434800771968927e+00 1.869167411880150653e-16 1.244332564284960382e-16 1.106651613110444415e-17 9.999999999998981925e-01
2.835242635629305341e-01 -9.588819425909521632e-01 -1.262585220878067668e-02 -4.725778918698502906e+01 9.589604961767442814e-01 2.834577056718414756e-01 6.818787832820562278e-03 8.080786843340158043e+01 -2.959517424005956698e-03 -1.404098529748327301e-02 9.998970406937470745e-01 -1.044863735662225235e+00 1.904557295700007925e-16 1.210421905572039534e-16 1.120577062013781421e-17 9.999999999998951949e-01
2.826182729296425888e-01 -9.591526191763765086e-01 -1.237598211292300319e-02 -4.700509474556933043e+01 9.592226819082078082e-01 2.825336145195595505e-01 8.161077081885891385e-03 8.166362288135584890e+01 -4.331087498806137845e-03 -1.417779226373870258e-02 9.998901099056939357e-01 -1.049130644131631040e+00 1.935300372535804171e-16 1.201739710015068064e-16 1.134492667747531391e-17 9.999999999998923084e-01
2.824493442949096988e-01 -9.591861708756042049e-01 -1.357414852823550164e-02 -4.675763254449999096e+01 9.592492842834301481e-01 2.822941224320390519e-01 1.228165468688293196e-02 8.251969246009144854e+01 -7.948490984596373946e-03 -1.648993757363827542e-02 9.998324376861849050e-01 -1.050407026768490626e+00 1.961209153005242313e-16 1.188771684684179122e-16 1.151415694710040455e-17 9.999999999998895328e-01
2.821758288944787862e-01 -9.592722325892301116e-01 -1.317518010811121257e-02 -4.650728201944299656e+01 9.593149280040825788e-01 2.819981081667599643e-01 1.385409321045480251e-02 8.337433024376764479e+01 -9.574471059258134187e-03 -1.654843719209985256e-02 9.998172226612443980e-01 -1.056244447449425250e+00 1.979154246049584314e-16 1.155515464615857741e-16 1.169184445633250166e-17 9.999999999998865352e-01
2.812805569642023995e-01 -9.595509348468084232e-01 -1.196878057345543769e-02 -4.625390672288303051e+01 9.595845476038671329e-01 2.811313191929047384e-01 1.275450385280703369e-02 8.422522767854445647e+01 -8.873797023732041614e-03 -1.507265083947360168e-02 9.998470237604647481e-01 -1.062323935724619250e+00 1.990979897135799762e-16 1.146579238220002741e-16 1.190227712320087022e-17 9.999999999998833156e-01
2.806313045134651851e-01 -9.597180229020635389e-01 -1.368895335350262671e-02 -4.601246402682009773e+01 9.597873424089246042e-01 2.804849643220287403e-01 1.168084503259055745e-02 8.507779699192226985e+01 -7.370771907549675955e-03 -1.641649493883885758e-02 9.998380720971834501e-01 -1.077642611658123695e+00 2.001719778346657544e-16 1.130204257220067262e-16 1.204752057921086706e-17 9.999999999998802069e-01
2.798782267887350850e-01 -9.599428761942158106e-01 -1.333613937601486887e-02 -4.576620918802782967e+01 9.600112763130903559e-01 2.797454594128012118e-01 1.099214671585700340e-02 8.593536811777791229e+01 -6.821108497441889101e-03 -1.587930671489837589e-02 9.998506488954832516e-01 -1.091022728614267523e+00 2.021228385878496167e-16 1.121301646225425353e-16 1.218039843931743750e-17 9.999999999998769873e-01
2.784343615367625424e-01 -9.604118538304854402e-01 -9.131119175064787361e-03 -4.551289888544792461e+01 9.604394263651430119e-01 2.783625985598519037e-01 8.388802428928357133e-03 8.677777119663085159e+01 -5.514943230864174581e-03 -1.110561771093239100e-02 9.999231223729212470e-01 -1.093141174570127827e+00 2.045599958936477800e-16 1.069340821099789211e-16 1.220505784580380436e-17 9.999999999998734346e-01
2.771443659410540716e-01 -9.607236775352079317e-01 -1.417800586254578527e-02 -4.527273989078317129e+01 9.608277133718019503e-01 2.770978771517714767e-01 5.183791516368835804e-03 8.762503815654071104e+01 -1.051495922434004561e-03 -1.505927956606260137e-02 9.998860497351007570e-01 -1.094763648909551801e+00 2.056142566630877280e-16 1.025897944019714197e-16 1.223939132279734753e-17 9.999999999998698819e-01
2.764293156467967361e-01 -9.607887125584986254e-01 -2.172287437487652531e-02 -4.504114330036193081e+01 9.610254797083298550e-01 2.764527448700943024e-01 1.976665108918788764e-03 8.847870695118247397e+01 4.106190722237715827e-03 -2.142264395008883215e-02 9.997620764579561170e-01 -1.104821779353937883e+00 2.060755204548796863e-16 9.852725779098420963e-17 1.227259786176617939e-17 9.999999999998665512e-01
2.751035718193909907e-01 -9.611407538699240360e-01 -2.294506531800717328e-02 -4.480543932380287941e+01 9.614002213810683983e-01 2.751516073234722692e-01 1.098779108498740839e-03 8.932726300875360437e+01 5.257290221705092186e-03 -2.236166893373218306e-02 9.997361235154019754e-01 -1.106761800374070237e+00 2.061854889777239805e-16 9.534188642903605512e-17 1.232167192864545678e-17 9.999999999998633315e-01
2.738144594223650974e-01 -9.615444549310004918e-01 -2.139866824276486987e-02 -4.456531427980897320e+01 9.617797353734448551e-01 2.737995521294460111e-01 3.680472590259221879e-03 9.018134220748581242e+01 2.320007770337803761e-03 -2.158857209259943191e-02 9.997642477697049612e-01 -1.094791432685009447e+00 2.082018745342171954e-16 9.220065473758613947e-17 1.238172964487440808e-17 9.999999999998597788e-01
2.733010340642149649e-01 -9.617489181525189501e-01 -1.858933058964714821e-02 -4.432707553474460127e+01 9.619267275091127889e-01 2.732118080514157610e-01 7.230411099747414277e-03 9.103554971975096066e+01 -1.875015432126822664e-03 -1.985765277096237721e-02 9.998010591828397908e-01 -1.085130168713741794e+00 2.129545454633679316e-16 8.874048384510557610e-17 1.237627100562573041e-17 9.999999999998561151e-01
2.721947478043416635e-01 -9.620441184431444137e-01 -1.952263907787247024e-02 -4.409511037500681141e+01 9.622329883896951763e-01 2.720474246758515791e-01 9.893168433783763177e-03 9.189199402018223850e+01 -4.206580820488004489e-03 -2.147819582798236523e-02 9.997604672026907391e-01 -1.089182792224949736e+00 2.198188555399712461e-16 8.590927234275411986e-17 1.243254100128189812e-17 9.999999999998527844e-01
2.712669804464389878e-01 -9.623423528615441258e-01 -1.764713031230740609e-02 -4.386403201515999228e+01 9.624900625848914482e-01 2.711182421333812598e-01 1.038162837044181996e-02 9.274225971809448765e+01 -5.206221723584594611e-03 -1.980138053891116259e-02 9.997903783212163109e-01 -1.097662905528976607e+00 2.260258404497260584e-16 8.448689450732898650e-17 1.253464132796522619e-17 9.999999999998493427e-01
2.698213277516420816e-01 -9.628052832456220900e-01 -1.422805835449041968e-02 -4.362841107895764736e+01 9.628888780064330799e-01 2.696870318997074412e-01 1.067302377127809544e-02 9.359684902492391245e+01 -6.438920847886020829e-03 -1.657984859026365165e-02 9.998418119475683818e-01 -1.110055991034146095e+00 2.317410893172289509e-16 7.574074448606413429e-17 1.250864719489241150e-17 9.999999999998453459e-01
2.689095366988459301e-01 -9.630603737213859761e-01 -1.422594952602286751e-02 -4.340177436624123430e+01 9.631285593307713500e-01 2.687406587786051460e-01 1.272149835738127684e-02 9.444881180673949927e+01 -8.428479914993302485e-03 -1.712235050151654156e-02 9.998178763350747955e-01 -1.115281235613452493e+00 2.378059171084214356e-16 6.622062712609001814e-17 1.249753111844723403e-17 9.999999999998412381e-01
2.685259711913232650e-01 -9.630840983606481220e-01 -1.904789438479173244e-02 -4.318305561601350462e+01 9.632362668709907316e-01 2.682920055767937240e-01 1.397476038441511706e-02 9.529914028631600331e+01 -8.348471718131649302e-03 -2.210020878335946029e-02 9.997209029480429443e-01 -1.114049091971124783e+00 2.450112456704222994e-16 5.658448180655992527e-17 1.255506845419985856e-17 9.999999999998373523e-01
2.682823297375074301e-01 -9.630482252206333804e-01 -2.372145547562920856e-02 -4.296488281019928479e+01 9.633125541080649334e-01 2.680062579988139460e-01 1.419749171696432430e-02 9.615156751059180351e+01 -7.315370684309450110e-03 -2.666011201565523028e-02 9.996177888466192263e-01 -1.118312457828565920e+00 2.510063017217117887e-16 5.153816185295912122e-17 1.266883905471153376e-17 9.999999999998337996e-01
2.687575169825488497e-01 -9.628501392684886140e-01 -2.624893094785722344e-02 -4.273894848432914273e+01 9.631944470320178420e-01 2.685100996726721978e-01 1.260093568913694777e-02 9.700007201829086512e+01 -5.084709618099128060e-03 -2.866942071698300176e-02 9.995760151401125171e-01 -1.127771452719771306e+00 2.564658800802783872e-16 4.632156409312522164e-17 1.279532549670245884e-17 9.999999999998302469e-01
2.702812196596126038e-01 -9.623811460032928311e-01 -2.775954100087205806e-02 -4.250553223293700711e+01 9.627694107162242387e-01 2.700214722143509105e-01 1.278539526628812151e-02 9.784501986098405268e+01 -4.808751219435801992e-03 -3.018168915757635934e-02 9.995328616663050614e-01 -1.141456584496337578e+00 2.610272380468318496e-16 4.099223410739056720e-17 1.296368172673739696e-17 9.999999999998264721e-01
2.713497017433463276e-01 -9.621006653674905040e-01 -2.704901223902751728e-02 -4.226619191870035053e+01 9.624498676006145725e-01 2.710083965246725124e-01 1.564293349958918375e-02 9.869680940588924045e+01 -7.719567293790342843e-03 -3.027802358769509858e-02 9.995117055682450902e-01 -1.153218549601978449e+00 2.649456159258774130e-16 3.431471563602078585e-17 1.305292971823323676e-17 9.999999999998223643e-01
