1 0 0 0 0 1 0 0 0 0 1 0
0.9999411 -0.0022287111 0.010622368 0.0058862421 0.0022171731 0.99999694 0.0010978627 -0.0048365523 -0.010624783 -0.0010742465 0.99994298 0.30077322
0.99984685 -0.003941058 0.017051263 0.01583258 0.0039179106 0.99999136 0.0013907238 -0.0088606657 -0.017056598 -0.0013237055 0.99985365 0.59354688
0.99980255 -0.0068822555 0.018641029 0.026399679 0.0068874402 0.99997626 -0.00021392129 -0.014544401 -0.018639116 0.00034226805 0.99982622 0.88376538
0.99980663 -0.008090385 0.017923538 0.027003214 0.0081150133 0.99996623 -0.0013017417 -0.020092688 -0.017912402 0.0014469398 0.99983851 1.2053345
0.99987615 -0.01109588 0.011161096 0.02100622 0.011134797 0.99993212 -0.0034307265 -0.02159558 -0.011122272 0.0035545783 0.99993183 1.5281102
0.9999267 -0.012057816 -0.0010945222 0.014780201 0.012052957 0.99991793 -0.0043427828 -0.031893005 0.0011467969 0.0043292723 0.99998997 1.8407913
0.99979109 -0.011596191 -0.016831769 -0.007447893 0.011514713 0.99992155 -0.004929653 -0.039443299 0.016887615 0.0047348103 0.99984618 2.1648844
0.99931334 -0.0072173524 -0.036342218 -0.047714355 0.0070280744 0.99996108 -0.0053332862 -0.041183376 0.036379298 0.0050742083 0.99932517 2.509203
0.99846681 -0.0041041729 -0.055201336 -0.089049838 0.0037699637 0.99997394 -0.0061571432 -0.052506872 0.055225172 0.0059395962 0.99845626 2.8621115
0.99718847 -0.0034055856 -0.074856897 -0.12422008 0.0029270426 0.99997458 -0.0065015524 -0.055271607 0.074877142 0.0062641638 0.99717309 3.2219425
0.99533178 -0.0044142426 -0.096411444 -0.1854173 0.0038516542 0.99997446 -0.0060206159 -0.061094247 0.096435566 0.0056211669 0.99532336 3.6023445
0.99329547 -0.0055589227 -0.11546951 -0.24162621 0.0049618319 0.9999728 -0.0054577755 -0.068450175 0.11549672 0.0048482433 0.99329603 4.0014377
0.99118642 -0.0047116366 -0.1323906 -0.31066817 0.0041418069 0.99998094 -0.0045792096 -0.078859069 0.13240966 0.0039905141 0.99118705 4.3943095
0.98885298 -0.0035321161 -0.14885333 -0.39233895 0.002970556 0.99998761 -0.0039947333 -0.0841571 0.14886561 0.0035080268 0.98885122 4.8004056
0.98670874 -0.0029262922 -0.16247245 -0.47479876 0.0023003805 0.99998919 -0.0040404093 -0.090234468 0.16248253 0.0036129587 0.98670481 5.208581
0.98476805 -0.0042724976 -0.17382066 -0.57033951 0.0034317006 0.99998092 -0.0051374052 -0.1000539 0.17383931 0.004462652 0.98476392 5.6767447
0.98285217 -0.0069974043 -0.18426242 -0.65025828 0.0058046096 0.99995857 -0.0070119646 -0.11043576 0.18430387 0.0058221532 0.98285207 6.1021662
0.98134614 -0.0064765158 -0.19214009 -0.75011051 0.0049204374 0.99995113 -0.00857472 -0.11963879 0.19218625 0.0074693551 0.98133005 6.5535948
0.97990182 -0.0067022782 -0.19936776 -0.86302666 0.0046293009 0.99993029 -0.010862092 -0.12450812 0.19942668 0.0097208501 0.97986454 7.0419749
0.97816739 -0.0069683788 -0.20770169 -0.97063395 0.0043599583 0.99990581 -0.013013633 -0.1372561 0.20777283 0.011823941 0.97810564 7.5033426
0.97634301 -0.01082249 -0.21595646 -1.0908941 0.0077749242 0.99985792 -0.014956534 -0.1477116 0.21608767 0.012923662 0.97628843 8.0011828
0.97432516 -0.016270095 -0.22455681 -1.2071485 0.012998811 0.99978688 -0.016038523 -0.15981458 0.22476992 0.012707765 0.974329 8.5151489
0.97256325 -0.017393362 -0.23198746 -1.3415707 0.013441942 0.99973659 -0.018602911 -0.1867045 0.23224994 0.014974146 0.97254087 9.0433341
0.97052836 -0.013620398 -0.24060172 -1.4946121 0.0084054204 0.99970726 -0.022687753 -0.192393 0.24084033 0.019996749 0.97035873 9.5726883
0.96841993 -0.010633376 -0.2490979 -1.6479326 0.0043164265 0.99965543 -0.025891822 -0.20828735 0.24928741 0.023998944 0.96813214 10.107303
0.96616769 -0.013140434 -0.25757972 -1.8056386 0.0061839076 0.99959441 -0.027798822 -0.23273755 0.25784056 0.025265475 0.96585708 10.683245
0.96358371 -0.014977712 -0.26698706 -1.9658197 0.0073503808 0.99953643 -0.029544736 -0.2594964 0.26730583 0.026506371 0.96324712 11.233759
0.96170268 -0.014884662 -0.27369032 -2.1386243 0.0062788664 0.99945873 -0.032292715 -0.28426341 0.27402286 0.029337526 0.9612756 11.811397
0.95923444 -0.014656692 -0.28223122 -2.3292321 0.0047035087 0.99934391 -0.035911367 -0.30795181 0.28257241 0.033119943 0.95867404 12.396044
0.95692634 -0.015351771 -0.28992463 -2.5195273 0.0036367133 0.99915651 -0.040902891 -0.33765661 0.29030804 0.038086681 0.95617501 12.96659
0.95501251 -0.016204683 -0.29612244 -2.71626 0.0020449382 0.99884214 -0.048064507 -0.37919262 0.29655847 0.045296654 0.95393988 13.580433
0.95378369 -0.016863594 -0.30002047 -2.9283759 5.187404e-06 0.99842498 -0.056103123 -0.41342519 0.30049406 0.053508688 0.95228155 14.211219
0.9527852 -0.016772423 -0.30318154 -3.1246919 -0.0030836564 0.99788732 -0.064895275 -0.45940584 0.30362949 0.062766166 0.95072054 14.834178
0.9509996 -0.016440554 -0.3087547 -3.3562482 -0.0067106715 0.99725261 -0.073771284 -0.50491507 0.3091193 0.072228414 0.9482765 15.462714
0.94984635 -0.015288711 -0.31234302 -3.5842851 -0.010612543 0.99665291 -0.081057749 -0.56498222 0.31253687 0.080307162 0.94650487 16.104749
0.94820221 -0.013907362 -0.31736281 -3.8232496 -0.014545099 0.99609272 -0.087107608 -0.62643767 0.31733425 0.087211701 0.94429503 16.774028
0.94668343 -0.012472385 -0.32192377 -4.0652219 -0.018583939 0.99547229 -0.09321778 -0.69404615 0.32162887 0.094230341 0.94216534 17.441702
0.94521323 -0.010723893 -0.3262774 -4.3127897 -0.02273871 0.9948701 -0.098571976 -0.77371765 0.32566073 0.10059066 0.94012053 18.111064
0.94332832 -0.0084924708 -0.33175223 -4.5847567 -0.026880855 0.99443229 -0.10189127 -0.84765524 0.33077047 0.10503471 0.93784787 18.820404
0.94143274 -0.0075848055 -0.3371155 -4.8414256 -0.028932845 0.99424308 -0.1031678 -0.92735144 0.33595728 0.10687926 0.93579353 19.486958
0.93934095 -0.0062668023 -0.34292755 -5.1242641 -0.030696245 0.99428474 -0.10225257 -1.0148219 0.34160845 0.10657662 0.93378001 20.224911
0.93707561 -0.0069262072 -0.34905776 -5.3967513 -0.030140186 0.99446559 -0.10064668 -1.099475 0.34782307 0.10483422 0.93168069 20.944106
0.93470856 -0.006560174 -0.35535456 -5.6746134 -0.03058873 0.99463497 -0.098821085 -1.1815408 0.35409639 0.10323876 0.92949315 21.662211
0.93248535 -0.0058893652 -0.36115978 -5.9454857 -0.030822931 0.99492266 -0.095806327 -1.2674023 0.35989031 0.10047 0.92756927 22.362246
0.92817936 -0.0033518147 -0.37211804 -6.289646 -0.032687777 0.99535994 -0.090499185 -1.3527183 0.37069475 0.096163189 0.92376298 23.188183
0.9249582 -0.00092426437 -0.3800677 -6.6054754 -0.033902373 0.99581009 -0.084928729 -1.4328473 0.37855378 0.091440723 0.92105138 23.888226
0.92138986 0.00085973736 -0.38863861 -6.9495032 -0.035055127 0.99610512 -0.080905619 -1.5034904 0.38705538 0.088169394 0.9178313 24.656692
0.91805635 0.0027331203 -0.39644047 -7.284873 -0.037179147 0.99616281 -0.079229844 -1.5839749 0.39470274 0.087476782 0.91463521 25.41013
0.91389527 0.0038401179 -0.40593185 -7.6429994 -0.038942393 0.99617295 -0.078249206 -1.6574608 0.40407788 0.087319539 0.9105473 26.166619
0.90967174 0.0032589231 -0.41531517 -7.9939276 -0.038780872 0.99626694 -0.077124809 -1.7248844 0.41351346 0.086264545 0.90640226 26.898358
0.90638208 0.0039107634 -0.42244079 -8.3772206 -0.03953521 0.99635398 -0.075602305 -1.801976 0.42060494 0.085225861 0.903232 27.687297
0.90211838 0.0042727185 -0.43146745 -8.7952552 -0.039641353 0.99654277 -0.073014183 -1.8775079 0.42966383 0.082971391 0.89916892 28.500619
0.89848316 0.0051688288 -0.43897754 -9.1828889 -0.039399822 0.99684493 -0.068904558 -1.947654 0.43723641 0.079205223 0.89585204 29.253737
0.89480137 0.0061834616 -0.44642161 -9.5877251 -0.038531171 0.99724293 -0.063418365 -2.0087227 0.44479869 0.073947989 0.8925726 30.071322
0.89155807 0.0045408794 -0.45288361 -10.015966 -0.0351393 0.99762907 -0.059173286 -2.0779006 0.45154119 0.068670435 0.88960381 30.865058
0.88753676 0.0058146619 -0.4607002 -10.447945 -0.036183681 0.99771168 -0.057115208 -2.1447303 0.45931391 0.067361677 0.88571618 31.687765
0.88418418 0.006441367 -0.46709403 -10.892823 -0.036786684 0.99775981 -0.055875824 -2.2096988 0.46568777 0.066587361 0.88244039 32.495817
0.88083448 0.0054620319 -0.47339282 -11.316464 -0.035346088 0.99790137 -0.054254057 -2.262728 0.47210305 0.064521429 0.879179 33.290711
0.87808375 0.0031975416 -0.47849626 -11.809033 -0.03239756 0.99808035 -0.052782785 -2.3242922 0.47740898 0.061849819 0.87650173 34.154687
0.87572157 0.0031117518 -0.48280641 -12.2772 -0.032551483 0.99808448 -0.052609578 -2.3856027 0.48171792 0.061787408 0.8741454 34.980098
0.87345149 0.003314957 -0.48689987 -12.761506 -0.033313035 0.99804053 -0.05296542 -2.4461052 0.48577027 0.062482838 0.87185042 35.81541
0.87259825 0.0029360213 -0.48842978 -13.265197 -0.033302944 0.99801248 -0.053497767 -2.508206 0.48730199 0.062948208 0.87096172 36.701717
0.87154043 0.0027604595 -0.49031586 -13.759847 -0.032778728 0.99807516 -0.052645326 -2.5662277 0.48922679 0.061954461 0.86995334 37.554011
0.87121987 0.0024633258 -0.4908868 -14.285543 -0.03158584 0.99819654 -0.051049092 -2.6302258 0.4898758 0.059980056 0.86972646 38.4564
0.87132739 0.0015815808 -0.49069956 -14.783023 -0.030195308 0.99827256 -0.050399776 -2.6894608 0.48977224 0.058731531 0.86986998 39.328212
0.87059736 -0.00019762532 -0.49199611 -15.290373 -0.028632767 0.99828468 -0.051067266 -2.7566309 0.49116231 0.058546238 0.86909835 40.24223
0.86984066 -0.0025671727 -0.49332608 -15.829356 -0.02652038 0.99829717 -0.05195611 -2.8202682 0.49261945 0.058276733 0.86829138 41.185163
0.86853152 -0.0026918489 -0.49562661 -16.35715 -0.025394721 0.99843011 -0.04992415 -2.88353 0.49498296 0.055946998 0.86709966 42.067246
0.86598002 -0.0016718111 -0.50007578 -16.896947 -0.024793127 0.99862112 -0.0462727 -2.9504038 0.49946363 0.052469677 0.86474449 43.00314
0.86298341 -0.00012062896 -0.50523221 -17.406529 -0.024347325 0.99882821 -0.041825963 -3.0164047 0.50464528 0.048396165 0.86196924 43.905709
0.85833137 -0.0046440119 -0.51307471 -17.946443 -0.01827946 0.9990475 -0.03962273 -3.0689398 0.51277006 0.043388161 0.85742892 44.793209
0.85530117 -0.0078895663 -0.51807108 -18.518734 -0.016162872 0.99899118 -0.041897203 -3.131257 0.51787903 0.044208243 0.85431081 45.700594
0.84911042 -0.0091508402 -0.5281361 -19.116983 -0.01745764 0.99881753 -0.045373688 -3.1961996 0.52792685 0.047747281 0.84794662 46.589285
0.84254765 -0.0090388255 -0.53854594 -19.689014 -0.018070158 0.99882199 -0.045034497 -3.2567846 0.53831864 0.047675321 0.84139178 47.497968
0.83706366 -0.0068537842 -0.54706255 -20.282796 -0.017951321 0.99903906 -0.039983719 -3.3142663 0.54681094 0.043289414 0.83613626 48.398525
0.83265712 -0.004041032 -0.5537741 -20.902014 -0.018322798 0.99922486 -0.034841836 -3.3772037 0.55348569 0.039157995 0.83193766 49.289617
0.82778718 -0.0037899432 -0.5610294 -21.510391 -0.01994457 0.99914634 -0.036177366 -3.4275461 0.56068763 0.041136651 0.82700495 50.152227
0.82500813 -0.0043582763 -0.56510403 -22.103341 -0.022634159 0.99891305 -0.040748078 -3.4810257 0.56466743 0.046408151 0.82401275 51.003776
0.82155816 -0.0059133733 -0.57009402 -22.722019 -0.025747733 0.99854113 -0.047462355 -3.5525164 0.56954304 0.053671714 0.82020735 51.864764
0.81751916 -0.006231101 -0.57586767 -23.327255 -0.027109806 0.99841657 -0.049289134 -3.6140487 0.57526299 0.055906473 0.81605575 52.717329
0.81540713 -0.0052782334 -0.57886382 -23.967385 -0.02577718 0.99863551 -0.045416427 -3.6786554 0.57831373 0.051954356 0.81415846 53.58183
0.81264967 -0.004276001 -0.58273682 -24.613963 -0.023125057 0.99894882 -0.039578888 -3.7412124 0.58229354 0.045639593 0.81169655 54.478164
0.80968421 -0.0025656388 -0.58686018 -25.257421 -0.023276587 0.99906319 -0.036482146 -3.7987914 0.58640405 0.04319912 0.80886597 55.318428
0.80736845 -0.0013708425 -0.59004599 -25.900145 -0.025396523 0.99898986 -0.037071361 -3.8563677 0.58950083 0.044915365 0.80651808 56.201198
0.80319598 -0.0016796612 -0.59571248 -26.551033 -0.026813526 0.9988806 -0.03896896 -3.9139841 0.59511114 0.047272865 0.80225185 57.052133
0.79829036 -0.0037977988 -0.60226078 -27.196262 -0.026511254 0.99878926 -0.041438656 -3.9720815 0.60168903 0.049046768 0.79722316 57.891922
0.79555508 -0.0066528812 -0.60584472 -27.853968 -0.023714877 0.99883153 -0.042109135 -4.0217247 0.605417 0.04786767 0.79446773 58.724026
0.79114982 -0.0066787277 -0.61158591 -28.538447 -0.023380081 0.99887929 -0.041152662 -4.0852032 0.61117539 0.04685685 0.79010702 59.604701
0.7868386 -0.0063545961 -0.61712608 -29.196764 -0.023477987 0.99891496 -0.040220446 -4.1475817 0.61671211 0.046135878 0.78583566 60.431156
0.78170586 -0.0072890204 -0.62360468 -29.868334 -0.023332196 0.99888984 -0.040923108 -4.2090629 0.62321071 0.0465399 0.78066797 61.278516
0.77652371 -0.0084649472 -0.63003114 -30.551282 -0.023286404 0.99884111 -0.042121061 -4.2679907 0.62965761 0.047379163 0.77542668 62.098193
0.7711083 -0.0093595828 -0.63663518 -31.24763 -0.023253427 0.9988109 -0.042849285 -4.3310843 0.63627926 0.047845389 0.76997374 62.904871
0.76474483 -0.010225575 -0.64425208 -31.980093 -0.023455713 0.99876953 -0.043695049 -4.3940591 0.64390621 0.048526955 0.76356399 63.770724
0.76112133 -0.014639348 -0.64844427 -32.669667 -0.019274311 0.99879325 -0.045172379 -4.4563251 0.64832311 0.046879978 0.75992069 64.594976
0.75215822 -0.012732119 -0.65885952 -33.420082 -0.022356969 0.99874474 -0.044823081 -4.5194265 0.65860323 0.048444151 0.75092941 65.384887
0.74861288 -0.013024831 -0.66287938 -34.183075 -0.021123993 0.99883086 -0.043481961 -4.5840962 0.66267078 0.046553816 0.74746252 66.210724
0.74171999 -0.015071286 -0.67054029 -34.896906 -0.018069537 0.9989356 -0.042440074 -4.6479 0.67046625 0.043595004 0.74065817 67.048512
0.73577187 -0.015222833 -0.67705833 -35.656959 -0.019143035 0.99888036 -0.0432617 -4.7124246 0.67695889 0.044791693 0.73465666 67.880106
0.72926654 -0.016511833 -0.68403043 -36.459741 -0.019508534 0.99880059 -0.044908745 -4.7891562 0.68395158 0.046094877 0.72806973 68.682637
0.72267329 -0.01384616 -0.69105106 -37.222028 -0.023536378 0.99872655 -0.044624254 -4.850388 0.69078897 0.048513596 0.72142711 69.459557
0.71902934 -0.01457359 -0.69482687 -37.995303 -0.022238623 0.99878565 -0.043962194 -4.9114907 0.69462385 0.047062101 0.71783209 70.266937
0.71457464 -0.014088221 -0.6994173 -38.827577 -0.023227696 0.99876811 -0.043849055 -4.977072 0.69917351 0.047579276 0.71336713 71.082211
0.70837844 -0.017972414 -0.70560395 -39.637955 -0.019218133 0.99881404 -0.044734458 -5.0353174 0.70557118 0.045249316 0.70719294 71.881575
0.70497695 -0.016115978 -0.70904706 -40.466537 -0.024494727 0.99859211 -0.047051186 -5.115914 0.70880713 0.050537916 0.70358966 72.687697
0.6993565 -0.01989683 -0.71449602 -41.273448 -0.022476605 0.99850596 -0.049806102 -5.1780317 0.71441958 0.050891666 0.69786442 73.460705
0.69483673 -0.019787339 -0.71889522 -42.116474 -0.024309284 0.99840396 -0.050976469 -5.2501506 0.71875658 0.052896152 0.69324673 74.253646
0.68881079 -0.020801104 -0.72464264 -42.970354 -0.021494275 0.99856278 -0.049095503 -5.3173937 0.72462247 0.049393182 0.68737372 75.029788
0.68424184 -0.019656705 -0.72899018 -43.81785 -0.022280173 0.99860653 -0.047839245 -5.3921817 0.72891477 0.048975641 0.68285041 75.814792
0.67884794 -0.021289828 -0.73397014 -44.693265 -0.020813009 0.99862005 -0.048216288 -5.4736876 0.73398388 0.048007655 0.67746806 76.629155
0.67499763 -0.022037534 -0.73749068 -45.559915 -0.020609999 0.99860062 -0.048703524 -5.5367131 0.73753202 0.048074446 0.67359886 77.387217
0.67217155 -0.022900359 -0.74004117 -46.453078 -0.01927412 0.99864161 -0.048409151 -5.6143636 0.74014456 0.046802897 0.67081709 78.169275
0.66764345 -0.023443291 -0.74411194 -47.319674 -0.018642705 0.9986642 -0.048189865 -5.6835682 0.74424775 0.046045908 0.66631457 78.960916
0.66344162 -0.026748034 -0.74774977 -48.217477 -0.014814524 0.99869533 -0.048868899 -5.7574669 0.74808141 0.043499219 0.66217979 79.732382
0.65858474 -0.030079159 -0.75190513 -49.134032 -0.013923747 0.99854265 -0.05214127 -5.8396771 0.75237777 0.044808782 0.65720614 80.519707
0.65351884 -0.034246119 -0.75613509 -49.999837 -0.0098908419 0.99850426 -0.053771801 -5.9104855 0.75684566 0.042619698 0.65220263 81.290263
0.64936719 -0.040264159 -0.75940833 -50.91002 -0.0011697566 0.99854331 -0.053943453 -5.9861955 0.76047415 0.035917431 0.64837416 82.038424
0.64036812 -0.042622802 -0.76688455 -51.837504 0.0019351635 0.99854541 -0.053882408 -6.0732085 0.76806574 0.033020529 0.63951913 82.848426
0.63136309 -0.041987166 -0.77434984 -52.778148 0.0014621876 0.99859587 -0.052954151 -6.1628582 0.77548602 0.032301052 0.63053797 83.591557
0.6220763 -0.043734429 -0.78173417 -53.721921 0.0073076665 0.99871955 -0.050058581 -6.2230882 0.78292255 0.025427604 0.62159936 84.315801
0.61343045 -0.041027698 -0.7886823 -54.670057 0.003355753 0.99877607 -0.049346818 -6.3157506 0.78974165 0.027624217 0.61281733 85.098004
0.60474827 -0.042142329 -0.79530089 -55.657533 0.0014358958 0.9986551 -0.05182604 -6.3891454 0.79641542 0.030199739 0.60399545 85.825642
0.59336921 -0.046447389 -0.80358918 -56.588369 0.0057734868 0.99855367 -0.053453185 -6.4628939 0.80490975 0.027077962 0.59277916 86.486981
0.58403607 -0.046611656 -0.81038828 -57.6321 0.0033307864 0.99847916 -0.055029753 -6.5442874 0.81172091 0.02944013 0.5833031 87.248118
0.57635658 -0.047564164 -0.8158129 -58.671674 0.0061608573 0.99852925 -0.053864505 -6.6352877 0.81717513 0.026019055 0.57580194 87.973049
0.56402702 -0.047079109 -0.82441313 -59.643556 0.0070556597 0.99861174 -0.05219976 -6.717119 0.82572622 0.023625297 0.56357618 88.668138
0.55472493 -0.047737465 -0.83066318 -60.687428 0.0073995027 0.9985963 -0.05244697 -6.7979898 0.83200093 0.022947147 0.5542995 89.333873
0.54676946 -0.049323077 -0.83582913 -61.747287 0.0075106191 0.99851215 -0.05400998 -6.8772088 0.83724955 0.023253413 0.54632639 89.990556
0.53411622 -0.049567674 -0.84395667 -62.798171 0.005710746 0.99846846 -0.055028367 -6.9624578 0.84539181 0.024571921 0.53358126 90.659992
0.52495907 -0.050160736 -0.84964805 -63.864943 0.0042188929 0.99840295 -0.056336126 -7.0491568 0.85111705 0.025989586 0.52433231 91.288207
0.51452852 -0.050103724 -0.85600815 -64.936539 0.0035984104 0.99840878 -0.056275764 -7.1311189 0.85746575 0.025875217 0.51389009 91.913336
0.50568137 -0.047788206 -0.86139571 -66.036209 0.0018505292 0.99852244 -0.054309323 -7.2197247 0.86271837 0.025869175 0.50502263 92.559091
0.49880229 -0.0461549 -0.86548596 -67.133131 0.0024735208 0.99865281 -0.051830907 -7.3104693 0.86671231 0.023712577 0.49824447 93.183018
0.48864928 -0.046923925 -0.87121752 -68.244488 0.0039764304 0.9986621 -0.051557808 -7.3905644 0.87247128 0.02172935 0.48818211 93.787619
0.48459257 -0.050285692 -0.87329338 -69.356254 0.0058112483 0.99850932 -0.054271159 -7.478551 0.87472072 0.021224476 0.48416243 94.442286
0.47941419 -0.053027269 -0.8759852 -70.443594 0.0070394151 0.99837306 -0.056583377 -7.5644743 0.87756056 0.02096045 0.4790075 95.0141
0.46918359 -0.055269021 -0.8813694 -71.633313 0.0072852965 0.99824791 -0.058720036 -7.661843 0.88307064 0.02112944 0.46876419 95.662261
0.46843544 -0.060583708 -0.88141805 -72.80115 0.011909471 0.99798849 -0.062266735 -7.7514198 0.88341749 0.018670722 0.4682147 96.182167
0.46155507 -0.060151293 -0.88506987 -73.858477 0.011603972 0.99802255 -0.061776451 -7.8476297 0.8870357 0.018242908 0.46134037 96.768557
0.45587983 -0.058847359 -0.88809374 -75.006696 0.015917566 0.99819131 -0.057971837 -7.9442261 0.88989903 0.0122919 0.455992 97.331618
0.45223157 -0.055111575 -0.89019619 -76.119412 0.016292208 0.99843301 -0.053535799 -8.0507686 0.89175178 0.0097073162 0.45242082 97.945969
0.45066023 -0.057135938 -0.89086518 -77.192601 0.021890458 0.99835687 -0.052956271 -8.1263343 0.89242716 0.0043638377 0.45117047 98.51724
0.44775767 -0.055313616 -0.89244238 -78.354803 0.019612675 0.99845218 -0.052044004 -8.2240612 0.89393987 0.0057999188 0.44814947 99.07016
0.44415986 -0.05583954 -0.89420573 -79.475178 0.024778471 0.99843975 -0.050040849 -8.3030717 0.89560488 6.9085309e-05 0.44485049 99.614035
0.4406731 -0.054710316 -0.89599885 -80.545918 0.025541961 0.99850106 -0.048407042 -8.3868122 0.89730424 -0.001553887 0.44140996 100.12959
0.44053336 -0.055044559 -0.89604709 -81.660022 0.027287597 0.99847831 -0.047921256 -8.4703297 0.89732147 -0.0033400613 0.44136504 100.70181
0.43618834 -0.055617817 -0.89813491 -82.805942 0.029079054 0.99843802 -0.04770664 -8.5555746 0.89938546 -0.005307834 0.43712434 101.21826
0.43583673 -0.055291133 -0.89832576 -83.868368 0.03315582 0.99842007 -0.045365785 -8.6353178 0.89941487 -0.010012653 0.43698137 101.80165
0.43392771 -0.054735058 -0.89928346 -84.993896 0.035559615 0.99841557 -0.043610313 -8.7167581 0.9002457 -0.013054451 0.43518654 102.27651
0.43085644 -0.055783314 -0.90069466 -86.047231 0.037813015 0.99832702 -0.043741804 -8.7933774 0.90162795 -0.015211543 0.43224496 102.80726
0.42909896 -0.056031841 -0.90151786 -87.076715 0.03687278 0.99832875 -0.044498427 -8.8715219 0.9025046 -0.014147241 0.43044787 103.29816
0.42840261 -0.057293936 -0.90176967 -88.132015 0.037451028 0.99825603 -0.045632384 -8.9479824 0.90281155 -0.01422317 0.42980121 103.76725
0.43057154 -0.057839782 -0.90070119 -89.154487 0.036766634 0.99824016 -0.046527447 -9.0220577 0.90180731 -0.013082358 0.43194038 104.25064
0.43359266 -0.05691052 -0.89931003 -90.181768 0.032921564 0.99833785 -0.047304463 -9.1001242 0.90050744 -0.0090958249 0.43474555 104.73876
0.4377882 -0.058718794 -0.89715859 -91.221025 0.034409651 0.99822822 -0.048542831 -9.1822494 0.89841947 -0.0096194361 0.43903303 105.25942
0.44098293 -0.058500784 -0.89560686 -92.211467 0.032555983 0.9982594 -0.049175958 -9.2613257 0.89692488 -0.0074716046 0.4421199 105.77585
0.44865551 -0.057605427 -0.89184628 -93.231155 0.029457965 0.99833146 -0.0496642 -9.3398417 0.89321919 -0.0039898604 0.44960385 106.23985
0.45397704 -0.05736252 -0.88916496 -94.214757 0.030568402 0.99834076 -0.048798582 -9.4098296 0.8904889 -0.0050269164 0.45497727 106.73116
0.46277724 -0.056596603 -0.88466603 -95.199443 0.02962441 0.99838982 -0.048375284 -9.4888463 0.88597951 -0.0038207294 0.46370873 107.2197
0.47121845 -0.055167799 -0.88028951 -96.202486 0.027852507 0.99847498 -0.04766506 -9.5588433 0.8815767 -0.0020576145 0.47203639 107.70979
0.48043993 -0.054750583 -0.87531696 -97.13894 0.027161069 0.99849963 -0.047547548 -9.6299172 0.87660699 -0.00093080404 0.48120618 108.29005
0.49045165 -0.057994617 -0.86953651 -98.142758 0.030897564 0.99831309 -0.049156101 -9.7157644 0.87092054 -0.0027578696 0.49141619 108.81553
0.49998801 -0.058227495 -0.86407262 -99.081773 0.027037535 0.99830033 -0.051627703 -9.7868242 0.8656102 0.0024508376 0.50071252 109.35219
0.51216566 -0.057479597 -0.85696112 -100.03945 0.022360753 0.99831228 -0.053596571 -9.8624811 0.85859559 0.0082880272 0.51258656 109.89595
0.52395615 -0.055032167 -0.8499655 -100.96677 0.019297124 0.99842136 -0.052748547 -9.9365829 0.85152665 0.011236036 0.52419098 110.4688
0.53545432 -0.053644774 -0.84285874 -101.8703 0.019610159 0.99850136 -0.051092828 -10.012982 0.84433653 0.010829281 0.53570385 111.03502
0.54746981 -0.051603334 -0.83523281 -102.76447 0.018791141 0.99860329 -0.049379857 -10.080005 0.83661447 0.011339002 0.54767483 111.61566
0.5595046 -0.049660966 -0.8273381 -103.63826 0.016613818 0.99867478 -0.048710011 -10.1551 0.82866075 0.01350823 0.55958819 112.20592
0.57050548 -0.050261791 -0.81975435 -104.51331 0.017448845 0.9986421 -0.049086509 -10.227163 0.82110846 0.013700355 0.5706078 112.83869
0.58225377 -0.053064285 -0.81127349 -105.38612 0.021311539 0.99852099 -0.050016523 -10.307888 0.81272777 0.011832822 0.58252349 113.40419
0.59210328 -0.053748935 -0.8040676 -106.2113 0.021055858 0.99846446 -0.051238426 -10.37462 0.805587 0.013408107 0.59232581 114.03726
0.60441439 -0.052953073 -0.79490827 -107.06989 0.020620856 0.99849412 -0.05083579 -10.452645 0.79640321 0.014334194 0.60459616 114.6407
0.61421733 -0.051353642 -0.78746417 -107.86799 0.02035645 0.99857934 -0.049243387 -10.520686 0.78887435 0.014216167 0.61439012 115.28873
0.62383304 -0.049314813 -0.78000021 -108.65963 0.020971701 0.9987042 -0.04636931 -10.581246 0.78127625 0.012568776 0.6240589 115.89813
0.63380381 -0.049198655 -0.77192757 -109.46325 0.022653614 0.99872768 -0.045053595 -10.658575 0.77316208 0.011068191 0.63411194 116.56839
0.64508185 -0.047345163 -0.76264526 -110.2466 0.018830809 0.99876047 -0.046075241 -10.722041 0.76388144 0.015361074 0.6451738 117.20901
0.6534379 -0.047171043 -0.75550894 -110.98531 0.017672491 0.99873514 -0.047072247 -10.788883 0.75677384 0.017407065 0.65344502 117.8426
0.66382471 -0.045442308 -0.74650633 -111.73798 0.015710264 0.99877938 -0.046828778 -10.853678 0.7477232 0.019358288 0.66372835 118.47961
0.67209376 -0.044619607 -0.73912044 -112.43426 0.016746599 0.99884342 -0.045070755 -10.921481 0.74027669 0.017914019 0.67206366 119.14609
0.68041366 -0.043520113 -0.73153483 -113.18756 0.017661021 0.99891894 -0.043000368 -10.982189 0.73261544 0.016338386 0.68044671 119.81608
0.68895799 -0.041651473 -0.72360348 -113.834 0.016076776 0.99898002 -0.042195439 -11.038633 0.72462298 0.017437674 0.68892489 120.45407
0.69633113 -0.042309159 -0.7164725 -114.52761 0.017507351 0.99896523 -0.041975744 -11.104258 0.71750714 0.016685481 0.69635131 121.12004
0.70391415 -0.038857754 -0.70922133 -115.20152 0.013462783 0.99905297 -0.041375393 -11.160042 0.71015749 0.019576631 0.70377065 121.76803
0.71172073 -0.036673103 -0.70150455 -115.88925 0.013164743 0.99915727 -0.038877263 -11.216409 0.70233918 0.018434627 0.71160374 122.45432
0.71798428 -0.035355797 -0.69516077 -116.51865 0.013955171 0.99923957 -0.036407863 -11.276684 0.69591944 0.016439186 0.7179317 123.13861
0.72587771 -0.033455092 -0.68700965 -117.19253 0.012592378 0.99929539 -0.035357572 -11.328433 0.68770852 0.017014188 0.72578753 123.76624
0.7330917 -0.032093294 -0.67937216 -117.78012 0.011362238 0.99932457 -0.034947053 -11.381212 0.68003492 0.017900206 0.73296121 124.42719
0.74074596 -0.029960961 -0.67111677 -118.4002 0.0099121846 0.99938367 -0.033675339 -11.430431 0.67171215 0.018292638 0.7405864 125.10795
0.74991767 -0.02714013 -0.66097418 -118.97242 0.0088780787 0.99948099 -0.030966741 -11.477851 0.66147162 0.017354325 0.7497694 125.76709
0.75860652 -0.023440342 -0.65112723 -119.5632 0.0068611243 0.99958463 -0.027991015 -11.516175 0.65151294 0.016766701 0.75845224 126.41666
0.76983457 -0.020816219 -0.6379039 -120.13677 0.0050183386 0.99963452 -0.026564064 -11.566506 0.63822378 0.017248717 0.76965767 127.10628
0.77870672 -0.02036036 -0.62705763 -120.6581 0.0036957686 0.9996048 -0.027867286 -11.600534 0.62737725 0.019382983 0.77847422 127.74254
0.78859696 -0.021169339 -0.6145459 -121.18553 0.0038961492 0.99955918 -0.029432327 -11.650571 0.61489811 0.020815881 0.78833181 128.4219
0.7987575 -0.020165401 -0.60131504 -121.68749 0.0036446778 0.999582 -0.028680071 -11.69364 0.60164209 0.020716822 0.79849712 129.11451
0.8085237 -0.019204747 -0.58815013 -122.20859 0.0036761447 0.99961266 -0.027586593 -11.726431 0.58845216 0.020142289 0.80828112 129.79308
0.81823805 -0.017062097 -0.57462627 -122.6635 0.0033298456 0.99968336 -0.024941582 -11.76374 0.57486993 0.018494735 0.81803578 130.47561
0.82719597 -0.016050251 -0.56168424 -123.14918 0.0037066767 0.99972609 -0.023108547 -11.799712 0.56190133 0.017033315 0.82702889 131.16793
0.83622506 -0.014545207 -0.54819346 -123.6205 0.0041562427 0.99978758 -0.020187331 -11.834792 0.54837068 0.014602727 0.83610788 131.88326
0.84419665 -0.013828368 -0.53585517 -124.04286 0.0049254888 0.9998251 -0.018041943 -11.865231 0.53601099 0.012591599 0.84411711 132.58589
0.85189153 -0.013817685 -0.52353593 -124.50526 0.0059907731 0.99984359 -0.016640759 -11.898175 0.52368402 0.011039737 0.85184106 133.31783
0.85817333 -0.013918401 -0.51317131 -124.9368 0.006486292 0.99984658 -0.016271182 -11.926596 0.51331909 0.010634915 0.85813195 134.02348
0.86481239 -0.013328753 -0.50191818 -125.37349 0.0060954964 0.99985263 -0.016049087 -11.94874 0.50205817 0.010820008 0.86476618 134.76308
0.87142254 -0.011265213 -0.49040374 -125.79977 0.0043715699 0.99987491 -0.015200372 -11.983103 0.49051368 0.011102112 0.87136278 135.49108
0.87731058 -0.010403474 -0.47981027 -126.18528 0.0036550692 0.99988086 -0.014996769 -12.006163 0.47990916 0.011403084 0.87724408 136.25403
0.8830319 -0.010866242 -0.46918714 -126.59794 0.004260607 0.99987633 -0.015138196 -12.036898 0.46929366 0.011368487 0.88296899 136.99602
0.88781081 -0.011873051 -0.4600554 -126.98463 0.0051658596 0.99986127 -0.015835264 -12.066324 0.46017963 0.011682137 0.88774898 137.76014
0.89233557 -0.012571551 -0.45119749 -127.38679 0.0057738998 0.99984819 -0.016439335 -12.091297 0.4513357 0.012064234 0.89227269 138.53449
0.89521259 -0.01189004 -0.44548068 -127.76762 0.0052984791 0.99985733 -0.016039031 -12.115154 0.44560786 0.011997972 0.89514786 139.32279
0.89833961 -0.010318224 -0.43918045 -128.1547 0.0052466493 0.99990482 -0.012760062 -12.141607 0.43927035 0.0091586433 0.89830824 140.0942
0.90169461 -0.0064626961 -0.43232517 -128.53572 0.0030047605 0.9999578 -0.008681075 -12.164451 0.43236307 0.0065286447 0.90167598 140.93181
0.90423455 -0.0038574541 -0.42701872 -128.93948 0.0014124218 0.99998075 -0.0060424036 -12.177623 0.42703384 0.0048606193 0.90422259 141.73698
0.9077778 -0.00098937655 -0.41945021 -129.32546 -0.00056530609 0.99999342 -0.0035821711 -12.200599 0.41945103 0.0034889328 0.90777127 142.56568
0.91116157 0.00085473786 -0.41204835 -129.70767 -0.001600198 0.99999765 -0.001464156 -12.205461 0.41204616 0.0019934413 0.9111608 143.39849
0.91414077 0.0019678579 -0.40539211 -130.09421 -0.0016454467 0.99999799 0.0011437914 -12.223859 0.40539358 -0.00037853562 0.91414218 144.26195
0.91754111 0.0024010183 -0.39763366 -130.47931 -0.0011194798 0.9999934 0.0034550234 -12.23747 0.39763937 -0.0027249835 0.91753775 145.14576
0.92071546 0.0020006578 -0.39022946 -130.86613 -0.00035771054 0.99999076 0.004282838 -12.251151 0.39023446 -0.0038036863 0.92070767 146.02807
0.92422433 0.00097359063 -0.3818487 -131.23022 0.00063246893 0.99999147 0.0040804783 -12.246129 0.38184945 -0.0040127852 0.92421584 146.91914
0.92843895 -0.0012608804 -0.37148285 -131.61508 0.0029073323 0.99998828 0.0038720889 -12.271904 0.37147364 -0.0046750226 0.92843174 147.83596
0.93158831 -0.0029404324 -0.36350318 -131.96285 0.004081051 0.99998886 0.0023698814 -12.275783 0.36349219 -0.0036912292 0.93158994 148.77123
0.93643684 -0.0038677307 -0.35081486 -132.32803 0.0043299644 0.99999048 0.00053316992 -12.296843 0.35080949 -0.0020182961 0.93644468 149.72361
0.94115156 -0.0022422644 -0.33797738 -132.67508 0.0022439988 0.99999741 -0.00038557558 -12.307254 0.3379774 -0.00039553607 0.94115415 150.67491
0.94679415 0.0012035684 -0.32183751 -133.01395 -0.00094421852 0.99999909 0.000961935 -12.31266 0.32183841 -0.00060686975 0.94679442 151.64611
0.9529001 0.0048809025 -0.30324507 -133.33156 -0.0040251612 0.99998596 0.0034469072 -12.317764 0.30325766 -0.0020639482 0.95290636 152.6498
0.95907715 0.0076844207 -0.28304056 -133.65516 -0.0064991198 0.99996574 0.0051264752 -12.329555 0.28307028 -0.003077171 0.95909424 153.65559
0.96517151 0.0093846744 -0.26144956 -133.94646 -0.0081047666 0.99994932 0.0059732724 -12.341729 0.26149238 -0.003646245 0.96519866 154.70166
0.97056829 0.011039923 -0.24057287 -134.21914 -0.009580431 0.99992793 0.0072355028 -12.343682 0.24063543 -0.0047177582 0.97060411 155.75675
0.97578969 0.011685648 -0.21839854 -134.46572 -0.0097543824 0.99990323 0.0099189833 -12.361699 0.21849333 -0.0075484991 0.97580925 156.81192
0.98046439 0.013469192 -0.19623496 -134.67714 -0.011051076 0.99984898 0.013412353 -12.356651 0.19638599 -0.010981727 0.98046517 157.89496
0.98467752 0.015259272 -0.17371624 -134.89383 -0.012431759 0.99977213 0.017353138 -12.365867 0.17394147 -0.014927647 0.98464285 159.0275
0.98839193 0.017312743 -0.15093592 -135.07567 -0.014332513 0.9996807 0.020810662 -12.353196 0.15124802 -0.0184058 0.98832447 160.13801
0.99153606 0.018636972 -0.12848697 -135.24302 -0.016116878 0.99965736 0.020625605 -12.348786 0.12882735 -0.018380223 0.99149669 161.26281
0.99415803 0.018616178 -0.10631677 -135.36289 -0.016705358 0.99968303 0.018835342 -12.343731 0.10663373 -0.016949247 0.9941539 162.41198
0.99618839 0.018465151 -0.085250956 -135.46772 -0.017046527 0.99970435 0.017338707 -12.335012 0.08554592 -0.015819386 0.99620863 163.54633
0.9976903 0.017234816 -0.06570408 -135.56147 -0.015995263 0.9996849 0.019345347 -12.334555 0.066016796 -0.018249711 0.99765161 164.7373
0.99879269 0.017761291 -0.045800649 -135.62321 -0.016797783 0.99963122 0.02133679 -12.323785 0.046162731 -0.020541681 0.99872271 165.94179
0.9995442 0.017935838 -0.024283888 -135.65669 -0.017401474 0.99960563 0.022040264 -12.316384 0.024669624 -0.021607643 0.99946212 167.1558
0.99980128 0.01950257 -0.0041301236 -135.68254 -0.019404376 0.99955598 0.022612237 -12.310123 0.0045692869 -0.022527601 0.99973578 168.35891
0.99966396 0.019980564 0.016514841 -135.66989 -0.020357271 0.99952897 0.022965787 -12.302551 -0.016048194 -0.023294267 0.99959984 169.63013
0.99907601 0.021939882 0.036956223 -135.64032 -0.022780494 0.9994877 0.022480665 -12.282106 -0.036444071 -0.023301775 0.99906399 170.84166
0.99809081 0.023056893 0.057298463 -135.58362 -0.024310495 0.99947798 0.021278453 -12.273391 -0.056777942 -0.022630783 0.99813031 172.09119
0.99668978 0.023207759 0.07791586 -135.5024 -0.02477067 0.99950968 0.019152619 -12.269455 -0.077433173 -0.021019248 0.99677595 173.36949
0.99501013 0.025223857 0.096532877 -135.38726 -0.026943889 0.99949984 0.01655602 -12.262108 -0.096066996 -0.019074379 0.99519209 174.61374
0.99288686 0.025571879 0.11628308 -135.24037 -0.027472663 0.99951339 0.014772647 -12.255893 -0.11584874 -0.017862173 0.99310625 175.9122
0.99054294 0.025257242 0.13485831 -135.08727 -0.027082453 0.99956454 0.011716643 -12.262271 -0.13450366 -0.015258132 0.99079562 177.20418
0.98809423 0.026656561 0.15152303 -134.93181 -0.027918831 0.99959091 0.0062088098 -12.259832 -0.15129555 -0.010365235 0.98843423 178.49664
0.98486348 0.028292362 0.17100718 -134.68631 -0.028721118 0.99958746 3.3261921e-05 -12.289029 -0.17093571 -0.0049442758 0.98526978 179.80329
0.98160259 0.031101385 0.18838541 -134.45135 -0.030605701 0.99951618 -0.0055402641 -12.295819 -0.18846659 -0.00032732985 0.98207955 181.08202
0.97798096 0.032759957 0.20610684 -134.2218 -0.031547833 0.99946022 -0.0091656149 -12.329735 -0.20629587 0.0024615729 0.97848657 182.37094
0.97402516 0.035306317 0.2236704 -133.91332 -0.033357607 0.99936548 -0.012486087 -12.359797 -0.22396934 0.0047006538 0.97458486 183.76072
0.97001247 0.034741803 0.24055937 -133.60697 -0.032744572 0.99938811 -0.012295939 -12.39498 -0.24083938 0.0040502004 0.97055654 185.06631
0.96561944 0.033643662 0.25777354 -133.2474 -0.031345764 0.9994238 -0.01301995 -12.426107 -0.25806307 0.0044922085 0.96611763 186.39291
0.96096502 0.033214211 0.27466896 -132.9015 -0.029543127 0.99941043 -0.017492763 -12.480946 -0.27508806 0.008695354 0.96137972 187.74405
0.95631386 0.03447476 0.29030206 -132.51705 -0.029371625 0.99932821 -0.021918928 -12.52861 -0.29086271 0.012434732 0.956684 189.10138
0.95092661 0.0369257 0.30720526 -132.10368 -0.031480684 0.9992474 -0.02266267 -12.568272 -0.30781092 0.011879505 0.95137339 190.43878
0.94499579 0.038595441 0.32479738 -131.66218 -0.032980035 0.9991964 -0.02277861 -12.62261 -0.32541555 0.010813862 0.94550927 191.76483
0.93866359 0.042627905 0.34218929 -131.19779 -0.035782786 0.9990136 -0.026294978 -12.667107 -0.34297268 0.012437653 0.93926304 193.11712
0.93185487 0.043732233 0.36018604 -130.70091 -0.035461124 0.99893429 -0.029543087 -12.730362 -0.3610942 0.014757268 0.93241257 194.43826
0.9252199 0.044320494 0.37683393 -130.1776 -0.034682058 0.99887541 -0.032327566 -12.781573 -0.37784295 0.016840732 0.92571654 195.74924
0.91779543 0.04472743 0.3945263 -129.6215 -0.032575023 0.99876742 -0.037450212 -12.863293 -0.39571509 0.021519931 0.91812116 197.09764
0.90953759 0.048022928 0.41283793 -129.03835 -0.033138464 0.99851916 -0.043143167 -12.951978 -0.41429848 0.025559518 0.90978211 198.46076
0.89951062 0.051710706 0.43382789 -128.41166 -0.03470352 0.99829012 -0.047037326 -13.042148 -0.43551846 0.02725522 0.8997671 199.74742
0.88758924 0.054506391 0.45739958 -127.76937 -0.036104899 0.99815171 -0.04888358 -13.117912 -0.45921868 0.026874174 0.88791666 201.09663
0.87462813 0.058703836 0.48122705 -127.09117 -0.038778078 0.99793237 -0.051256599 -13.209401 -0.48324105 0.026169404 0.87509615 202.38724
0.86025785 0.063061852 0.50594428 -126.3871 -0.041140589 0.99767132 -0.054400237 -13.314129 -0.50819672 0.025983385 0.86084898 203.68374
0.84538716 0.066813796 0.52995891 -125.61396 -0.042577575 0.99741817 -0.057828561 -13.422268 -0.53245444 0.026323158 0.84604928 204.99365
0.83018572 0.068393506 0.55327568 -124.82528 -0.042214061 0.9973089 -0.059941083 -13.528366 -0.55588639 0.026406219 0.83083877 206.25198
0.81429367 0.069583742 0.5762672 -123.9769 -0.041111399 0.99720916 -0.062319692 -13.640108 -0.57899542 0.027055381 0.81488179 207.45655
0.79810315 0.071669139 0.59824315 -123.1149 -0.03931822 0.99697906 -0.066983862 -13.757999 -0.60123662 0.029938176 0.79851003 208.66127
0.78147248 0.074451708 0.61948178 -122.21068 -0.037620128 0.99667128 -0.072326235 -13.895075 -0.62280456 0.033215979 0.78167206 209.87346
0.76513643 0.075926159 0.63937581 -121.25436 -0.035732264 0.99649974 -0.075574242 -14.020369 -0.64287594 0.034978262 0.76517127 211.02169
0.74848833 0.077776889 0.65857113 -120.26752 -0.034075171 0.99629725 -0.078934577 -14.167382 -0.66227195 0.036640687 0.74836713 212.17942
0.73252527 0.078250767 0.67622741 -119.27959 -0.032018156 0.99623239 -0.080596912 -14.303808 -0.67998648 0.037387721 0.73227084 213.29349
0.71588779 0.078644102 0.69377211 -118.25079 -0.02974553 0.99616944 -0.082229291 -14.446382 -0.69758148 0.038230327 0.71548484 214.40971
0.70171074 0.07942598 0.70802084 -117.16301 -0.0272268 0.99603012 -0.084750798 -14.600356 -0.71194156 0.040193404 0.70108754 215.48766
0.68613865 0.080552547 0.72299723 -116.07306 -0.024107113 0.99582243 -0.08807117 -14.751096 -0.72707127 0.04299966 0.68521415 216.56855
0.67249232 0.08291712 0.73544462 -114.96528 -0.022064653 0.9955088 -0.092061877 -14.917969 -0.73977515 0.045683577 0.67130156 217.59957
0.65723239 0.085682665 0.74880172 -113.84644 -0.021025953 0.99521463 -0.095424064 -15.07732 -0.75339468 0.046971517 0.65588885 218.63114
0.64087493 0.085725415 0.76284364 -112.68227 -0.019244889 0.99522687 -0.095671858 -15.247509 -0.76740407 0.046632856 0.63946573 219.6352
0.62472069 0.087330884 0.77594931 -111.51863 -0.02007036 0.99519367 -0.095847464 -15.420617 -0.78059035 0.044304314 0.62347084 220.6036
0.60696868 0.0883216 0.78980267 -110.31798 -0.021901824 0.99528688 -0.09446867 -15.594425 -0.79442393 0.040041406 0.60604237 221.54696
0.5880234 0.088955462 0.80393741 -109.08694 -0.023545783 0.99539531 -0.092918151 -15.758401 -0.80850117 0.035708712 0.58741025 222.48314
0.57104091 0.090551457 0.81591217 -107.87138 -0.025934228 0.99539164 -0.092319567 -15.930606 -0.82051189 0.031558199 0.57075772 223.3607
0.5526387 0.093578075 0.82815068 -106.66211 -0.027371188 0.99517825 -0.094186345 -16.108735 -0.83297139 0.029383553 0.55253536 224.21759
0.53422872 0.097426451 0.83970691 -105.43189 -0.029947553 0.99489408 -0.09637905 -16.283822 -0.84480937 0.02634129 0.53441867 225.04231
0.51492026 0.097486132 0.85167688 -104.21844 -0.02983219 0.99494873 -0.095849147 -16.459687 -0.85671887 0.023947282 0.51522749 225.82538
0.49315136 0.096294578 0.86459761 -102.96187 -0.029787517 0.99514124 -0.093843597 -16.624455 -0.86943344 0.020524882 0.49362363 226.55368
0.47260875 0.094372766 0.8762047 -101.71426 -0.029585794 0.99538828 -0.091251552 -16.789609 -0.88077563 0.017203071 0.47322131 227.2637
0.45059212 0.092943766 0.88787844 -100.44938 -0.029710119 0.9955759 -0.089139936 -16.955246 -0.89223546 0.01378678 0.45136003 227.93645
0.42886949 0.091628719 0.89870745 -99.180468 -0.02832167 0.9957174 -0.088004177 -17.111479 -0.90292243 0.012289411 0.42962789 228.58009
