1.000000000000000000e+00 4.398956837314658088e-19 2.733407509747682871e-20 -8.673617379884035472e-19 -5.583667658079949532e-19 1.000000000000000000e+00 -6.100159232558060012e-19 0.000000000000000000e+00 4.145284534913582806e-20 -2.210423569125054137e-19 1.000000000000000222e+00 0.000000000000000000e+00
9.999392392377112193e-01 -1.450369382260117404e-03 1.092768398653252288e-02 5.289505945494078765e-02 1.444259626670592409e-03 9.999987963219555409e-01 5.669797122427137079e-04 -8.008495404045801180e-03 -1.092849335169759559e-02 -5.511628432580327431e-04 9.999401303275170516e-01 2.921408506509709513e-01
9.998530900194028126e-01 -2.801649698825737968e-03 1.691003138786585300e-02 5.945156651271706755e-02 2.789094117514145758e-03 9.999958170629170695e-01 7.660322520101112793e-04 -1.153495821282701783e-02 -1.691210710016724864e-02 -7.187560341323424341e-04 9.998567217379376038e-01 5.747724550463724214e-01
9.997993845231430976e-01 -4.890463476485306347e-03 1.942354508686087999e-02 7.628442724000375486e-02 4.897110087461000773e-03 9.999879656726509136e-01 -2.946419126006820355e-04 -1.560463431508699039e-02 -1.942187073817375209e-02 3.897020664558848661e-04 9.998113017207422848e-01 8.946098224508498564e-01
9.998221327565512961e-01 -6.415825209937540442e-03 1.773527750082198179e-02 6.181806084233364140e-02 6.440977944730737724e-03 9.999783298585636082e-01 -1.361471655514905760e-03 -1.878910626653783333e-02 -1.772615851828061515e-02 1.475462060011657403e-03 9.998417906330002713e-01 1.199547435031519615e+00
9.998928790235226405e-01 -9.428080353408264599e-03 1.119561562377556843e-02 6.376912217888361378e-02 9.467208809794140992e-03 9.999492433170888983e-01 -3.447133695372655952e-03 -1.878929119260855374e-02 -1.116254771353700909e-02 3.552755715511819821e-03 9.999313853666630392e-01 1.529183650920144633e+00
9.999477561619095622e-01 -1.019502171333481685e-02 -7.392536762886526202e-04 4.067922782990771036e-02 1.019174617345907675e-02 9.999387869069163992e-01 -4.307056038615656758e-03 -2.953516242244176582e-02 7.831189648028355705e-04 4.299296781592856602e-03 9.999904513405316608e-01 1.858793985082526579e+00
9.998051199329233141e-01 -9.642799862090965096e-03 -1.722610096507319957e-02 2.121685532056974063e-02 9.563035001243546177e-03 9.999431952993693695e-01 -4.706858806423903745e-03 -3.448792209204834536e-02 1.727051003488100020e-02 4.541207759539189585e-03 9.998405407582363624e-01 2.153537645385398047e+00
9.993282531167111404e-01 -6.317516814613169905e-03 -3.609891192386339986e-02 -2.096894743972547819e-03 6.140913814927578124e-03 9.999686391734746715e-01 -5.000983582183492031e-03 -4.287426424179964501e-02 3.612937425182825846e-02 4.775943895080264623e-03 9.993357087326926180e-01 2.506513521814580869e+00
9.984385221512322994e-01 -2.725947103102102642e-03 -5.579504072644002333e-02 -5.618677106281187716e-02 2.391821168578640768e-03 9.999788117636392304e-01 -6.054354781071283678e-03 -4.870505715189857310e-02 5.581036333992937803e-02 5.911449285451191374e-03 9.984238870549234646e-01 2.858562402803298319e+00
9.971013298900670563e-01 -2.165965594473207804e-03 -7.605423276702340252e-02 -1.003351979564942043e-01 1.698259334777872881e-03 9.999792522299948416e-01 -6.213776837864862408e-03 -5.128313399278561224e-02 7.606611494976837917e-02 6.066605325131950964e-03 9.970843207378109474e-01 3.215865551864871552e+00
9.953248360115204418e-01 -2.807158586565420069e-03 -9.654320477399055966e-02 -1.552703809658978196e-01 2.268666371796572174e-03 9.999812551318493226e-01 -5.687049722814379107e-03 -6.319987702741723667e-02 9.655736120188551652e-02 5.441437473787962345e-03 9.953125474194020050e-01 3.597248227673554233e+00
9.931944259105849326e-01 -3.941652562899277887e-03 -1.164014403917943974e-01 -2.196227068434120078e-01 3.404966815044037191e-03 9.999826390628393513e-01 -4.809133859405908575e-03 -7.242993696305727314e-02 1.164183775005815380e-01 4.380061836886042434e-03 9.931906044832483627e-01 3.987189609476659680e+00
9.910259131763068385e-01 -3.401567268652525879e-03 -1.336266001366846479e-01 -2.897371852917804969e-01 2.835806701498951119e-03 9.999861931697514583e-01 -4.423987541984959401e-03 -7.922846188086191122e-02 1.336398059786707282e-01 4.005347002005272931e-03 9.910218766237808286e-01 4.388898518513975056e+00
9.886936962860156664e-01 -2.866170191279526856e-03 -1.499218443072380946e-01 -3.681619822908450690e-01 2.308984159365270582e-03 9.999897664575669864e-01 -3.890445826641067417e-03 -8.718001359198608580e-02 1.499314633485938075e-01 3.500291997543480537e-03 9.886901965984544738e-01 4.795967644211323488e+00
9.866331516743546137e-01 -1.873481331068229663e-03 -1.629463513020681098e-01 -4.567562889821528138e-01 1.273949699133543507e-03 9.999920301772194930e-01 -3.783732617482423854e-03 -9.005995558591692318e-02 1.629521442193163361e-01 3.525570466618363746e-03 9.866276753320238901e-01 5.214404630685645969e+00
9.844542451656490556e-01 -2.883997426834850573e-03 -1.756175417276158723e-01 -5.471573958713357166e-01 2.117190820389658681e-03 9.999873912524759323e-01 -4.553552016872798071e-03 -9.525499651976178372e-02 1.756284628800771908e-01 4.110947645292549642e-03 9.844479386492155371e-01 5.655488020272074756e+00
9.827869433192102377e-01 -5.479620049892316991e-03 -1.846613033897760714e-01 -6.391742653117993278e-01 4.371632534670117504e-03 9.999699209751865547e-01 -6.406712640536086148e-03 -1.101231339214897714e-01 1.846908585021715121e-01 5.489162056146248796e-03 9.827813371897312633e-01 6.098128725442563791e+00
9.810886423475156937e-01 -4.959029236939299992e-03 -1.934954340016135643e-01 -7.329880142626126194e-01 3.471087081345644934e-03 9.999617500642711265e-01 -8.028073094264346482e-03 -1.193354873112277975e-01 1.935278476074925591e-01 7.204611724082401331e-03 9.810683292624662322e-01 6.539721064766736092e+00
9.796430141345877640e-01 -4.997968497788565778e-03 -2.006852864646696544e-01 -8.469742552541238423e-01 3.028971133706110080e-03 9.999442319283431413e-01 -1.011723098094782780e-02 -1.225469743686462970e-01 2.007246637021743163e-01 9.303404618647172913e-03 9.796035203148895087e-01 7.031885606820019063e+00
9.780146896691898073e-01 -5.589069686554902668e-03 -2.084610948407199793e-01 -9.616558180466302508e-01 3.047357910649669925e-03 9.999170794780746219e-01 -1.251190526575957085e-02 -1.328284886683150090e-01 2.085137426483150980e-01 1.160157149917440123e-02 9.779506243666344911e-01 7.505389508740366367e+00
9.762935718916678773e-01 -9.221300515258908440e-03 -2.162540820635162897e-01 -1.071376025716549663e+00 6.243002909048407829e-03 9.998760846263560209e-01 -1.445130778531353126e-02 -1.426931781300443403e-01 2.163605484451336103e-01 1.275864395885254604e-02 9.762301630157586008e-01 8.010209976983954760e+00
9.744748421568573127e-01 -1.483959973557444183e-02 -2.240057301319527960e-01 -1.197382090895951157e+00 1.162500636847567034e-02 9.998097538084579350e-01 -1.566254758264728347e-02 -1.613363801543975518e-01 2.241955437033053833e-01 1.265869046601058624e-02 9.744619627825381603e-01 8.525570990243489078e+00
9.724941868719197968e-01 -1.584946167958304827e-02 -2.323872841574208814e-01 -1.335662037112412603e+00 1.209768910809633051e-02 9.997726048307513658e-01 -1.756088060285307048e-02 -1.886255373145325764e-01 2.326127749315053672e-01 1.426650511611460455e-02 9.724647885747825793e-01 9.051291166082975792e+00
9.703428558094957523e-01 -1.225782702564622018e-02 -2.414218021183772989e-01 -1.470263585469368861e+00 7.199574715490621862e-03 9.997359277676045597e-01 -2.182294301093272090e-02 -1.846190484894312256e-01 2.416255553511419130e-01 1.943760250789855829e-02 9.701748666817227029e-01 9.574247435132170025e+00
9.682598794562710109e-01 -9.344763087700002496e-03 -2.497708546525944928e-01 -1.613356514580062573e+00 3.211349902872880253e-03 9.996834822115334696e-01 -2.495240707388929335e-02 -1.992954556046874770e-01 2.499249763725905071e-01 2.335831304901554370e-02 9.679834176303756532e-01 1.010414467218664392e+01
9.659504353785153263e-01 -1.156453295825105206e-02 -2.584685986365133359e-01 -1.783430178463958793e+00 4.783318094262573386e-03 9.996280397490238112e-01 -2.684961835320709075e-02 -2.221557312936294215e-01 2.586829663445673333e-01 2.469906301272532453e-02 9.656464574095847686e-01 1.068588647337240616e+01
9.636253141434374392e-01 -1.347855609428818928e-02 -2.669168051932801489e-01 -1.937608620838374485e+00 6.072894242289493712e-03 9.995738812185864797e-01 -2.855128593373002302e-02 -2.503365892887837174e-01 2.671879016413212238e-01 2.589178435169417827e-02 9.632965495138264833e-01 1.122951720351995952e+01
9.615023685461974168e-01 -1.375812172169330570e-02 -2.744520134997912586e-01 -2.126937681353131993e+00 5.422538988666398066e-03 9.995013398394153592e-01 -3.110735793589061368e-02 -2.770937136086781272e-01 2.747431387627317645e-01 2.842157161156585315e-02 9.610975099514944553e-01 1.180109889468853979e+01
9.590590055991181639e-01 -1.328463977415217899e-02 -2.828945746739415235e-01 -2.313335209182476593e+00 3.692262775367175821e-03 9.994008365169844144e-01 -3.441417083420579559e-02 -2.921525821657903199e-01 2.831822593116363196e-01 3.196069939670868193e-02 9.585334232363134088e-01 1.238449595427713845e+01
9.569755047345924748e-01 -1.421424243245294344e-02 -2.898203526822160647e-01 -2.498920400187080837e+00 2.807512796063860519e-03 9.992062776234575949e-01 -3.973578511031707755e-02 -3.279952943606371241e-01 2.901551348552869891e-01 3.721249875130312745e-02 9.562558389293287497e-01 1.298751058073243492e+01
9.548584672392121941e-01 -1.482658094415910399e-02 -2.966908797731881986e-01 -2.702987816935883636e+00 1.078058189310443851e-03 9.989200525653714191e-01 -4.644961099101498764e-02 -3.581502915565143441e-01 2.970591632380954472e-01 4.403295446710300126e-02 9.538432546114695709e-01 1.359825581321210564e+01
9.535531889570287856e-01 -1.536317411742785244e-02 -3.008326557495005216e-01 -2.910282181051259798e+00 -1.198917326176121567e-03 9.984970533822901118e-01 -5.479230758389542350e-02 -3.983569343260405793e-01 3.012223092545697201e-01 5.260805333066850137e-02 9.521016306526758344e-01 1.420822148594782774e+01
9.523075579804578528e-01 -1.575264321196030021e-02 -3.047329441567516173e-01 -3.110843841989909819e+00 -3.783224203233101750e-03 9.979802850066369357e-01 -6.341165457941927430e-02 -4.389445542919330201e-01 3.051163768548698085e-01 6.154027126925309260e-02 9.503245727613044425e-01 1.482823347181466112e+01
9.510076185307531071e-01 -1.469443239943873242e-02 -3.088180388389758502e-01 -3.339749215989951558e+00 -7.942296987925692373e-03 9.973790358247552890e-01 -7.191647098800979521e-02 -4.867616803727488062e-01 3.090654148270726709e-01 7.084583676776831651e-02 9.483983545048382258e-01 1.547023694042005815e+01
9.497502749562598545e-01 -1.376212902357637838e-02 -3.127059592281322131e-01 -3.575947192093092308e+00 -1.150794584053632837e-02 9.968222903248432631e-01 -7.882187943125275320e-02 -5.420359704061598061e-01 3.127970326906455711e-01 7.845970535185213535e-02 9.465738709057415212e-01 1.611768901934453524e+01
9.481143402358503947e-01 -1.244863677010949431e-02 -3.176857364298610875e-01 -3.809873136788500148e+00 -1.563694434300707398e-02 9.961979330607247940e-01 -8.570393293370967558e-02 -6.056207090162319950e-01 3.175447765393319410e-01 8.622476252104650796e-02 9.443148878358020859e-01 1.678003440311312389e+01
9.463342638723090117e-01 -1.133997678690225157e-02 -3.229905009906592905e-01 -4.056143855253580455e+00 -1.928493336365760119e-02 9.956221064206184357e-01 -9.145880239234156772e-02 -6.748068240235792770e-01 3.226136291413501112e-01 9.277944929312249844e-02 9.419726229117973970e-01 1.744818604196313672e+01
9.448287573737274014e-01 -9.283617606725743515e-03 -3.274330945518859615e-01 -4.301149870221390614e+00 -2.367824652532026300e-02 9.950476756161710234e-01 -9.653737037161243262e-02 -7.468036802575007682e-01 3.267077612443727297e-01 9.896432584127574927e-02 9.399298395324373612e-01 1.812498444838274025e+01
9.428608726292980746e-01 -7.028991703226124960e-03 -3.331125422276000614e-01 -4.569605220467460427e+00 -2.784970489957590278e-02 9.946162120522205052e-01 -9.981475166870217020e-02 -8.233638371531345479e-01 3.320207376454590298e-01 1.033885105129687398e-01 9.375889547277683755e-01 1.881072049111453381e+01
9.411637312979829195e-01 -5.734154419612994512e-03 -3.379022757367667884e-01 -4.826141813133627778e+00 -3.037198194865506004e-02 9.943748811698130963e-01 -1.014698891560533583e-01 -9.030509267624780012e-01 3.365833850191399246e-01 1.057625419824060192e-01 9.356954162880304349e-01 1.950429882527624414e+01
9.389016368961365933e-01 -5.540964253981549119e-03 -3.441409761325484040e-01 -5.096163169474936083e+00 -3.095767709405013168e-02 9.944581617913887950e-01 -1.004718202920768522e-01 -9.940975546829672327e-01 3.427905191178579614e-01 1.049869624061536971e-01 9.335268610092031238e-01 2.022541043966979402e+01
9.366520821548121045e-01 -5.322711357313956136e-03 -3.502207063596544656e-01 -5.376461090023861189e+00 -3.139836378647585524e-02 9.945830277215010895e-01 -9.908957422719122388e-02 -1.079454905817486932e+00 3.488510016413715609e-01 1.038088138052621484e-01 9.314111398331570424e-01 2.095290565598818944e+01
9.341988533241060155e-01 -5.074737094049046500e-03 -3.567166197814392037e-01 -5.653974164700561467e+00 -3.176722245562118435e-02 9.947434768204194144e-01 -9.734607801538806837e-02 -1.157979904185393316e+00 3.553355424051552469e-01 1.022724912934448310e-01 9.291270055740621370e-01 2.167639952254851821e+01
9.312578502209978293e-01 -5.497703397004502675e-03 -3.643193501494338959e-01 -5.955794802174219527e+00 -3.102635084404119573e-02 9.950579604900032793e-01 -9.432402040741032223e-02 -1.251851022762269450e+00 3.630374412017665087e-01 9.914348503219612418e-02 9.264849639471346432e-01 2.238282265482832400e+01
9.275142433271048592e-01 -2.097622740255884310e-03 -3.737819223847224648e-01 -6.276440316992036195e+00 -3.341876643080136933e-02 9.955142480849127340e-01 -8.851309468943531489e-02 -1.322369548736206157e+00 3.722909028429720046e-01 9.458848733959528132e-02 9.232835450740007888e-01 2.318291749162498760e+01
9.241304167638912936e-01 3.591512171766981110e-04 -3.820770089891475929e-01 -6.603175400230498759e+00 -3.480383605140655728e-02 9.959212514082341761e-01 -8.324394285094589840e-02 -1.400097283794517367e+00 3.804887222617382991e-01 9.022600566468128025e-02 9.203736214851693243e-01 2.391687105969029759e+01
9.206162068536127840e-01 4.475701367322090611e-03 -3.904430363368792123e-01 -6.923664188588129598e+00 -3.851814288505001072e-02 9.960981786459383036e-01 -7.940258946014461250e-02 -1.475238226079405912e+00 3.885642217218922001e-01 8.813845184095123186e-02 9.171965231129428631e-01 2.464354186038073280e+01
9.169200834833148850e-01 4.522542268047112339e-03 -3.990452403398994097e-01 -7.274180567838945066e+00 -3.871341430186039240e-02 9.962276378503582830e-01 -7.766443964131007627e-02 -1.553765438206523575e+00 3.971886632589707866e-01 8.666048862855256496e-02 9.136362124604402446e-01 2.538559550513926411e+01
9.127667174027285224e-01 5.442337658508056460e-03 -4.084449744354213263e-01 -7.628334087154928334e+00 -4.014802965024752424e-02 9.962651373279121092e-01 -7.644548328014955096e-02 -1.630991118173508836e+00 4.065034533666970207e-01 8.617515419921516207e-02 9.095761587503607970e-01 2.614435857037118893e+01
9.091503192660439492e-01 5.111059514066727816e-03 -4.164367545093927148e-01 -7.992888001715360957e+00 -4.015609235626952517e-02 9.963415323176292304e-01 -7.543897719703764049e-02 -1.695276213988992531e+00 4.145276680912982070e-01 8.530784338483318741e-02 9.060294629490232010e-01 2.690128299253290933e+01
9.050439220887187552e-01 5.545970217035654098e-03 -4.252819507378740593e-01 -8.372537927384200884e+00 -4.082588659806397902e-02 9.964305673104177918e-01 -7.388756032846466315e-02 -1.762821084855234144e+00 4.233541644776289692e-01 8.423400047477437591e-02 9.020398484580947063e-01 2.770521248158978267e+01
9.011850287621636646e-01 6.753586883212951350e-03 -4.333819668463256836e-01 -8.759019094928897076e+00 -4.177407337191029607e-02 9.965771993974070764e-01 -7.133591310642981020e-02 -1.837904958493207452e+00 4.314168208893438550e-01 8.239098734935421109e-02 8.983825775276929049e-01 2.848896293395423385e+01
8.976704184568035094e-01 6.564883031546181122e-03 -4.406185631707818517e-01 -9.163248556389655519e+00 -4.032513135017957995e-02 9.969174847081262447e-01 -6.730091031119633804e-02 -1.906024563064761201e+00 4.388185346275825793e-01 7.818203807539929329e-02 8.951680660375801457e-01 2.925522742185195924e+01
8.933849540517508903e-01 8.348987838290595348e-03 -4.492144412247186525e-01 -9.555082317397305403e+00 -4.046304225467436261e-02 9.972595241560988644e-01 -6.193693373649668960e-02 -1.962361728979012954e+00 4.474662768673896562e-01 7.351010788386014294e-02 8.912744802289022106e-01 3.005650598384342231e+01
8.895208902473602519e-01 8.502594954666606655e-03 -4.568153757207657484e-01 -9.967031965923606407e+00 -3.908189957612517168e-02 9.975783218129088414e-01 -5.753344282961160572e-02 -2.039412386889730033e+00 4.552199401419599334e-01 6.903041214238476997e-02 8.876990550997070351e-01 3.085908969448064809e+01
8.861635304836376070e-01 7.123473583016738143e-03 -4.633178704302709505e-01 -1.042593179979762752e+01 -3.711689762883486204e-02 9.977601402157075805e-01 -5.565104287419496421e-02 -2.104634557154684060e+00 4.618836825619905273e-01 6.651284678573349263e-02 8.844430503059168558e-01 3.167410785276055663e+01
8.829032695578010737e-01 6.872578760426938278e-03 -4.695046111120429466e-01 -1.086163084661141731e+01 -3.660802035814140348e-02 9.978569231241306570e-01 -5.423480325701831445e-02 -2.166890884182186117e+00 4.681257017202596904e-01 6.507171965364752508e-02 8.812627321261580216e-01 3.250262786732607623e+01
8.796774555321102973e-01 7.253837819596656127e-03 -4.755154587932480248e-01 -1.130615889663607554e+01 -3.655400683261730843e-02 9.979569675849495614e-01 -5.239938453789955153e-02 -2.215493923572583235e+00 4.741638768062446108e-01 6.347655274368597944e-02 8.781454034675115761e-01 3.330431392216910780e+01
8.768375126982923540e-01 6.442725779645058423e-03 -4.807436562304044925e-01 -1.178675132146932469e+01 -3.531387434103326617e-02 9.980723779300282317e-01 -5.103389811477689747e-02 -2.279824831019881426e+00 4.794881749780786073e-01 6.172535748467496836e-02 8.753748196279915739e-01 3.414937424233090013e+01
8.740841779353460961e-01 5.185592101085349445e-03 -4.857468011504379457e-01 -1.227600161340655127e+01 -3.413220472603982480e-02 9.981272416290515315e-01 -5.076418206214617507e-02 -2.341665659334232874e+00 4.845738807502454892e-01 6.095177772964612689e-02 8.726242258349772296e-01 3.499216418821430352e+01
8.718303202774366767e-01 4.916829751730899048e-03 -4.897833323718089882e-01 -1.273668823088074475e+01 -3.433649895220877712e-02 9.981030806305977165e-01 -5.110034576800114720e-02 -2.397293239686085542e+00 4.886030095801092155e-01 6.136827581793325576e-02 8.703453558508259524e-01 3.583101258587060300e+01
8.706087533441899673e-01 4.830434701815729433e-03 -4.919522951482547812e-01 -1.324835661299666612e+01 -3.458131920097470835e-02 9.980793154668048395e-01 -5.139856478764270875e-02 -2.452515545799916818e+00 4.907591410085330730e-01 6.176039988735700093e-02 8.691036320595819653e-01 3.668602728782444444e+01
8.702526418582623435e-01 4.882748206854414796e-03 -4.925814585405186019e-01 -1.375016452898443831e+01 -3.428224172744448461e-02 9.981267299264809933e-01 -5.067305961515512769e-02 -2.514399977997185065e+00 4.914113050921762871e-01 6.098516074927893410e-02 8.687898158613491795e-01 3.756831321880301289e+01
8.700165074875032545e-01 4.159410345132587977e-03 -4.930050417466658730e-01 -1.426291048780855064e+01 -3.275407829494145912e-02 9.982428594657103416e-01 -4.937979283294063187e-02 -2.569976834365657048e+00 4.919333802417231172e-01 5.910916073696105555e-02 8.686240045489577177e-01 3.844062474084765313e+01
8.695709301188395690e-01 3.243075939152216709e-03 -4.937974029100939966e-01 -1.477654520457004139e+01 -3.139835630429400198e-02 9.983180814578558326e-01 -4.873552618229601285e-02 -2.632437642535708111e+00 4.928088313648599783e-01 5.788342371831423083e-02 8.682102105831467354e-01 3.934166970692087517e+01
8.690356799911773678e-01 1.806658986724782876e-03 -4.947461147303937601e-01 -1.528990652153148133e+01 -3.008197214855773752e-02 9.983361171402045375e-01 -4.919422952103828101e-02 -2.699124546709976258e+00 4.938340464465098001e-01 5.763447963265577734e-02 8.676440549668981150e-01 4.023105538632806599e+01
8.681108079285989598e-01 -8.766068443119624559e-05 -4.963704388882003160e-01 -1.582769321085608283e+01 -2.825180159956048112e-02 9.983701853233972745e-01 -4.958637728418203994e-02 -2.759554609818867021e+00 4.955658023615474028e-01 5.706982928569302033e-02 8.666934723059175338e-01 4.116513794086542077e+01
8.663759698796779096e-01 -3.418643854898891334e-04 -4.993921875825725887e-01 -1.634819029506388333e+01 -2.726159951371071380e-02 9.984762687188333263e-01 -4.797859985908949076e-02 -2.817332211926495411e+00 4.986476588385227449e-01 5.518173586461137120e-02 8.650465266330721326e-01 4.206828580482363122e+01
8.642061196108704602e-01 1.462790383387570009e-04 -5.031379099566120061e-01 -1.690047695196359001e+01 -2.583705153684813516e-02 9.986934847792199310e-01 -4.408821014275851602e-02 -2.879837765362057045e+00 5.024741120876266010e-01 5.110090113666546086e-02 8.630808012768315107e-01 4.299847112525537796e+01
8.617119182209607153e-01 -1.259062172929756155e-04 -5.073978213118339742e-01 -1.745379290691758101e+01 -2.355474221939051274e-02 9.989119314531161864e-01 -4.025080573767814140e-02 -2.938500860636063639e+00 5.068508142581895637e-01 4.663622388012091807e-02 8.607713516007866605e-01 4.392352153970637119e+01
8.579797199048275758e-01 -1.431800016389241526e-03 -5.136815599134085808e-01 -1.799478702901589955e+01 -2.150926643760899676e-02 9.990189401240346934e-01 -3.871057697610435361e-02 -2.996135115452588149e+00 5.132330421934596654e-01 4.426180347544878685e-02 8.571071941715137088e-01 4.479737756711691077e+01
8.524035285555796593e-01 -4.041969643665221240e-03 -5.228688952630018427e-01 -1.854963302848948459e+01 -1.991410425421206651e-02 9.989936933335614722e-01 -4.018742547472013010e-02 -3.054904139683746411e+00 5.225051741648993886e-01 4.466836891522170394e-02 8.514652577224998131e-01 4.570660291801065256e+01
8.463530153355440788e-01 -6.818877703706037983e-03 -5.325786991653389535e-01 -1.912372622005286615e+01 -1.888166037435920486e-02 9.989054156270681384e-01 -4.279548531699815112e-02 -3.119621418397120483e+00 5.322875731954922474e-01 4.627605811481529802e-02 8.452978595563589437e-01 4.658626820198733043e+01
8.401508937110728770e-01 -7.605195062722449120e-03 -5.422993924790033837e-01 -1.969921154248466522e+01 -1.828673224457255664e-02 9.989359124860569539e-01 -4.233955832900870159e-02 -3.184531814993795340e+00 5.420443484073225182e-01 4.548850149481461352e-02 8.391178262215944761e-01 4.748961623055784287e+01
8.344661269382931401e-01 -4.606283858169076678e-03 -5.510399797153685553e-01 -2.031531189189258413e+01 -1.959961947141097144e-02 9.990842826037402702e-01 -3.803223903283059482e-02 -3.234133411847684769e+00 5.507105796021419808e-01 4.253678902252325256e-02 8.336117111435819016e-01 4.836745286700040225e+01
8.296649094278712999e-01 -7.514251262932082143e-05 -5.582617006127382764e-01 -2.090667223934267582e+01 -2.241625085881116322e-02 9.991890234541315197e-01 -3.344857470126513105e-02 -3.283313509847504363e+00 5.578114864954015761e-01 4.026524289773722454e-02 8.289903870078728643e-01 4.923829483315776656e+01
8.253754350168079901e-01 -3.575674641130265345e-04 -5.645841454054614239e-01 -2.152819083010109935e+01 -2.318502180279417499e-02 9.991347834809368722e-01 -3.452736953730189268e-02 -3.345373889528488132e+00 5.641080134664787638e-01 4.158793825147289597e-02 8.246530171310497703e-01 5.014359927798049910e+01
8.221880321773455957e-01 -2.025622714741715825e-03 -5.692123771778689889e-01 -2.214395731679061541e+01 -2.438776532811722658e-02 9.989500707332892304e-01 -3.878135028371389181e-02 -3.391740870786911444e+00 5.686933106294613793e-01 4.576737986599619529e-02 8.212753932782933530e-01 5.099351049861297724e+01
8.192438815559408560e-01 -4.151663553728663497e-03 -5.734302223246606767e-01 -2.274941427472196409e+01 -2.651975954021392259e-02 9.986295873681797497e-01 -4.511817409826154868e-02 -3.469415658492762677e+00 5.728317116501391304e-01 5.217001965751186243e-02 8.180110790675859667e-01 5.186555959022557971e+01
8.156807621632610195e-01 -5.184775755995360037e-03 -5.784790453311591252e-01 -2.337872715518402345e+01 -2.668668247247490272e-02 9.985580582266869731e-01 -4.657923760488201503e-02 -3.532116286270906791e+00 5.778864250854612861e-01 5.343147460967904300e-02 8.143662343357340738e-01 5.273082209375320417e+01
8.127354150588396164e-01 -3.512482123795156782e-03 -5.826223485592828544e-01 -2.400630018833507151e+01 -2.632527789173358390e-02 9.987391754751758777e-01 -4.274387866283708287e-02 -3.587036092173561119e+00 5.820379111512612447e-01 5.007715914189959927e-02 8.116182320553373408e-01 5.357492455151884769e+01
8.093490137797092476e-01 -1.728848799301907057e-03 -5.873254449942220123e-01 -2.465466803062583878e+01 -2.540356042727969985e-02 9.989567881465509780e-01 -3.794726053146132982e-02 -3.640727599325534136e+00 5.867783553184766632e-01 4.563273521691524337e-02 8.084607731956130472e-01 5.444310486821370887e+01
8.064055997883473603e-01 -4.996349590747118947e-04 -5.913626233291335854e-01 -2.531643486196491466e+01 -2.524895981500194231e-02 9.990586540397151660e-01 -3.527457817892650643e-02 -3.696111791019339066e+00 5.908235811117500402e-01 4.337690835890484209e-02 8.056338786934242879e-01 5.531250318540170952e+01
8.034505394792947897e-01 1.485804875309587906e-04 -5.953714821225087883e-01 -2.593964355852846637e+01 -2.642740612308933784e-02 9.990232319394228844e-01 -3.541432341125778926e-02 -3.751496390296451100e+00 5.947846906515865673e-01 4.418778107858221949e-02 8.026696820782522890e-01 5.614940656901205074e+01
7.995976706259823041e-01 -6.312103660669098537e-04 -6.005357273177009958e-01 -2.660100449101568643e+01 -2.701409683257710928e-02 9.989493812530659822e-01 -3.701854020477745449e-02 -3.800159169096249290e+00 5.999281700525537220e-01 4.582286869447446676e-02 7.987405475794526755e-01 5.700220733681018714e+01
7.956085771193707190e-01 -2.936010561059138567e-03 -6.058038996478687377e-01 -2.724500535286395575e+01 -2.594893405495184852e-02 9.989053374617464787e-01 -3.892017036138116504e-02 -3.865868313615543173e+00 6.052550292779628194e-01 4.668518669727438758e-02 7.946614687117850018e-01 5.785631988086873889e+01
7.915617114160904411e-01 -4.217576109888512143e-03 -6.110746778687665692e-01 -2.790402580854493664e+01 -2.500028590664540168e-02 9.989154933103503442e-01 -3.927878531562487702e-02 -3.920367855779810284e+00 6.105776350852040180e-01 4.636862406992319635e-02 7.905978176849761674e-01 5.870009845171949792e+01
7.870216262272576868e-01 -4.910650204804366085e-03 -6.169058583771855897e-01 -2.859331718104692044e+01 -2.425525789075026056e-02 9.989488563858610615e-01 -3.889556318201436297e-02 -3.976140543702570085e+00 6.164484148572993982e-01 4.557485995213769736e-02 7.860752452406386537e-01 5.956510989219898278e+01
7.822178080427493185e-01 -4.650970707906418311e-03 -6.229876899696614734e-01 -2.926908336601140803e+01 -2.454865113069821386e-02 9.989654317501035496e-01 -3.828093444740415796e-02 -4.032195640283044114e+00 6.225212209241421935e-01 4.523753595901524455e-02 7.812943761424592237e-01 6.038770015954722936e+01
7.767537830554021028e-01 -5.734400956409939701e-03 -6.297782701932483906e-01 -2.996706184371673487e+01 -2.431060040201799000e-02 9.989403164215557851e-01 -3.907990507854095658e-02 -4.090145185075353851e+00 6.293350151987175956e-01 4.566575184466700743e-02 7.757912639719729553e-01 6.122645067660867824e+01
7.714583345159985450e-01 -6.893673959209260967e-03 -6.362424912525477261e-01 -3.067882353159671993e+01 -2.380096683883286407e-02 9.989288297159415464e-01 -3.968258035548217350e-02 -4.145542758068197386e+00 6.358345369371771749e-01 4.575664364721259564e-02 7.704678960515696229e-01 6.206063924939395804e+01
7.663844864831251824e-01 -8.011686965941988356e-03 -6.423321756882864886e-01 -3.136436485479461922e+01 -2.345276258370774386e-02 9.989066361117254766e-01 -4.044131923874341034e-02 -4.210438514610024718e+00 6.419538871429151250e-01 4.605806355332371649e-02 7.653586540614194522e-01 6.287196451600934211e+01
7.601033536989162398e-01 -9.646940407491986016e-03 -6.497305751193444001e-01 -3.207811439549487176e+01 -2.288884393234062731e-02 9.988718041377776524e-01 -4.160792908469770901e-02 -4.266285504683605900e+00 6.493989521833936074e-01 4.649790802823233066e-02 7.590250018299092849e-01 6.371003849749461523e+01
7.548519605944133959e-01 -1.150936339165087828e-02 -6.557942085843562197e-01 -3.281377405545578085e+01 -2.183496777987071341e-02 9.988508808370671899e-01 -4.266324027597804408e-02 -4.327278873290949512e+00 6.555316609324779442e-01 4.652367583723299865e-02 7.537332400738523397e-01 6.452084516603981967e+01
7.480720863731866732e-01 -1.230117613813890877e-02 -6.635034486340574134e-01 -3.355933920850032592e+01 -2.123374819031511457e-02 9.988725458116513023e-01 -4.245898253695628427e-02 -4.394685258972169883e+00 6.632776857539065540e-01 4.585104464626124643e-02 7.469674702119595278e-01 6.535568440199270412e+01
7.419542055772735401e-01 -1.206271092743345201e-02 -6.703420316270722878e-01 -3.430303524068475696e+01 -2.102343322203803141e-02 9.989278612433901694e-01 -4.124491876546351049e-02 -4.456872754873339559e+00 6.701208690458558825e-01 4.469473170093941905e-02 7.409051290523438471e-01 6.618340955647943247e+01
7.361052063947144397e-01 -1.309999327439202201e-02 -6.767403539615459707e-01 -3.505383434831395562e+01 -1.971993000255718026e-02 9.989732286982030418e-01 -4.078740907447642866e-02 -4.514163600003631593e+00 6.765798228438926198e-01 4.336909639465947458e-02 7.350910646846544605e-01 6.697357571095841422e+01
7.290414154905828781e-01 -1.389634336129086378e-02 -6.843285010479792652e-01 -3.582410616038526996e+01 -1.955250560243128669e-02 9.989630692976148030e-01 -4.111551699346836786e-02 -4.578484247396013451e+00 6.841902669601451770e-01 4.335525136188220219e-02 7.280137426841385428e-01 6.781936493023864898e+01
7.228583505951386989e-01 -1.590687397114545418e-02 -6.908131204514963430e-01 -3.661449048828269781e+01 -1.836457367840236068e-02 9.989396143731249511e-01 -4.221835264374847879e-02 -4.644385961757349079e+00 6.907521660801495544e-01 4.320437700374042678e-02 7.217997199919380380e-01 6.858859673535509671e+01
7.167063783447671366e-01 -1.512176325168426184e-02 -6.972110802429292153e-01 -3.737110751541320042e+01 -2.022771686886892448e-02 9.988934559359688992e-01 -4.245825235269811565e-02 -4.698834164849404971e+00 6.970816411266710366e-01 4.453308840829157261e-02 7.156074333803879028e-01 6.938600472992305868e+01
7.115037634386712773e-01 -1.478970239783644093e-02 -7.025266187721990185e-01 -3.818199190184444092e+01 -2.036027920877261921e-02 9.989247913169193582e-01 -4.164997428565683779e-02 -4.761270676896793397e+00 7.023872588943924633e-01 4.393775135584809810e-02 7.104376269213928952e-01 7.020358822614147698e+01
7.065488681774744206e-01 -1.452044564612546204e-02 -7.075152607407272365e-01 -3.901543428028082872e+01 -2.118807295738679014e-02 9.989071637241430102e-01 -4.165985911880106668e-02 -4.822463511161674710e+00 7.073469943215864308e-01 4.442561106677012789e-02 7.054690666663232523e-01 7.099353828028540647e+01
7.015199634028893572e-01 -1.513447691359061029e-02 -7.124890729545423351e-01 -3.981891604671709217e+01 -2.122799965873482103e-02 9.988870515027092889e-01 -4.211924034708808967e-02 -4.892026443785889356e+00 7.123335742717659125e-01 4.467220553790026555e-02 7.004179341343463872e-01 7.179370360611704882e+01
6.965036648168749789e-01 -1.699462206278489970e-02 -7.173519485739285884e-01 -4.066726401956304926e+01 -2.145929115771233117e-02 9.987789916089132580e-01 -4.449746936162191774e-02 -4.956754823406553712e+00 7.172322858726929429e-01 4.638651461902638939e-02 6.952885364524761247e-01 7.258003303649140037e+01
6.917198834856641554e-01 -1.930473940573829497e-02 -7.219078335361646115e-01 -4.148200619206874507e+01 -2.120062303709853435e-02 9.986689518395265308e-01 -4.701976444403085237e-02 -5.020475520465898178e+00 7.218546561932482897e-01 4.782940164676725142e-02 6.903898995079702505e-01 7.335186999946682818e+01
6.866692296523744243e-01 -1.983853829237117866e-02 -7.266992442691859733e-01 -4.233587463705637788e+01 -2.178891762155700171e-02 9.986168327454590932e-01 -4.785043846095297926e-02 -5.089818625274851627e+00 7.266433929597800878e-01 4.869141350762810211e-02 6.852871919929355293e-01 7.415613040548652179e+01
6.817616306148739369e-01 -1.959882828405487901e-02 -7.313118042322085399e-01 -4.320267556322472302e+01 -2.175495418366473963e-02 9.986558664745682767e-01 -4.704447214526301380e-02 -5.159533006301706415e+00 7.312508526638021866e-01 4.798277064787564300e-02 6.804188813563729621e-01 7.493866694151810748e+01
6.769592944375497634e-01 -1.946278056765081074e-02 -7.357630758557043293e-01 -4.405040767216815567e+01 -2.115648474545322316e-02 9.987226997326077438e-01 -4.588433530540699662e-02 -5.227730073394221577e+00 7.357163349243175388e-01 4.662798734018017838e-02 6.756828511530277304e-01 7.569920166478559054e+01
6.712893181587354929e-01 -2.035599379856901231e-02 -7.409158350700962847e-01 -4.493609624836792449e+01 -2.033763260678389181e-02 9.987405556100465986e-01 -4.586592757427709194e-02 -5.303226747086918103e+00 7.409163520989051621e-01 4.585778107907925727e-02 6.700298749005358934e-01 7.647882122272638128e+01
6.669052406833309021e-01 -2.167637597665184393e-02 -7.448271775317140131e-01 -4.581581717028022638e+01 -1.913648686506649529e-02 9.987488660220735781e-01 -4.620062250404463611e-02 -5.367478857731750708e+00 7.448967738592100485e-01 4.506481254559790983e-02 6.656560442288971258e-01 7.725242840438366443e+01
6.621709893077323272e-01 -2.226774123327074015e-02 -7.490218409556448353e-01 -4.671127555532032716e+01 -1.817892365531298404e-02 9.987868527690080267e-01 -4.576406339406187407e-02 -5.436220312669655996e+00 7.491322424325402851e-01 4.392004575699343799e-02 6.609628758802418291e-01 7.803908782714475478e+01
6.580291237569579899e-01 -2.301709726172244952e-02 -7.526406015074801337e-01 -4.761183275076239596e+01 -1.733837331435162180e-02 9.988045450250706558e-01 -4.570406627513744907e-02 -5.509706975274037966e+00 7.527928414867702811e-01 4.312417015560438688e-02 6.568434015900666001e-01 7.880057306844993548e+01
6.545422461361412036e-01 -2.579578757417614471e-02 -7.555852134660063779e-01 -4.851752439126796190e+01 -1.459927251288819540e-02 9.988001109558720669e-01 -4.674611872708169663e-02 -5.579579963775440632e+00 7.558844610422693622e-01 4.162830372554706532e-02 6.533802693855780275e-01 7.958218255304211652e+01
6.499663486600159024e-01 -2.973461327445151015e-02 -7.593810556821157798e-01 -4.941650799736279964e+01 -1.199479177255356223e-02 9.987084144292190935e-01 -4.937233973337940701e-02 -5.658776154076170073e+00 7.598683306131319704e-01 4.119897675352173633e-02 6.487702020651351376e-01 8.037004928197521281e+01
6.449791979914777373e-01 -3.373213497686534945e-02 -7.634552812509974862e-01 -5.032180274190922376e+01 -8.280563795134615601e-03 9.986582000620225497e-01 -5.111977812251222719e-02 -5.728318370189837694e+00 7.641552694508331189e-01 3.929303337121541062e-02 6.438344449110876555e-01 8.113197490017979874e+01
6.387734307884472829e-01 -3.779512577925293881e-02 -7.684660185711297276e-01 -5.123663567305388966e+01 -2.807418258721468621e-03 9.986715823749316989e-01 -5.145084014288082985e-02 -5.800149783468754983e+00 7.693897790309883744e-01 3.502283488128113409e-02 6.378187672490607252e-01 8.188865650085855918e+01
6.303446050074339446e-01 -4.128741506035950304e-02 -7.752167549991620943e-01 -5.218990402630593906e+01 1.840040232081427462e-03 9.986613941826022467e-01 -5.169172084583802812e-02 -5.883333186269656956e+00 7.763132762875449844e-01 3.115716697684785957e-02 6.295767936376797103e-01 8.265609429214981674e+01
6.221882578788932028e-01 -4.241120050524980339e-02 -7.817180121966671447e-01 -5.312618292470572356e+01 4.762077123228894947e-03 9.987180603212049146e-01 -5.039403325810611761e-02 -5.967124981939508466e+00 7.828531818375317197e-01 2.763197389674494631e-02 6.215926165614810150e-01 8.339024873158473383e+01
6.127999062632150107e-01 -4.201136676498076761e-02 -7.891205918688145582e-01 -5.405984956752950410e+01 6.338493408446392759e-03 9.988150385029315181e-01 -4.825289979496100862e-02 -6.026811220174582928e+00 7.902126982817425649e-01 2.456753636607046654e-02 6.123400518414670035e-01 8.413355954116323687e+01
6.042595486626911594e-01 -4.133492674772371728e-02 -7.957146536716463991e-01 -5.506416395813965181e+01 5.275064325545490186e-03 9.988391287172038169e-01 -4.788077504524284461e-02 -6.113350863635651500e+00 7.967700934833521487e-01 2.473496909628133608e-02 6.037761266132962712e-01 8.486123306877253469e+01
5.950151092691147170e-01 -4.233987866331640620e-02 -8.025984940285291191e-01 -5.603505974451456240e+01 4.098198869623920562e-03 9.987582826191333529e-01 -4.964974970490167172e-02 -6.182380167284740047e+00 8.037040717986152494e-01 2.625314257479274480e-02 5.944497870288086849e-01 8.556824495859719093e+01
5.846105910982102305e-01 -4.459250165096119434e-02 -8.100876209207061862e-01 -5.703760683381160845e+01 4.771198852481918322e-03 9.986600724055101352e-01 -5.152955872097421397e-02 -6.264927395731798576e+00 8.113000081192114354e-01 2.625963622118626314e-02 5.840400160581398215e-01 8.630501293045574585e+01
5.749657328000046252e-01 -4.602364445029059198e-02 -8.168820098810918306e-01 -5.806185718276718433e+01 4.943411058669664598e-03 9.985938249070069883e-01 -5.278196207874869678e-02 -6.339792864926104166e+00 8.181625631431665990e-01 2.630963550571337531e-02 5.743847452398714859e-01 8.698871501855836641e+01
5.641939780451330488e-01 -4.693255419050512689e-02 -8.243072716526609334e-01 -5.905936445487566999e+01 7.962806634920906873e-03 9.986459608327868942e-01 -5.140854592957699865e-02 -6.420116606129198544e+00 8.256038759637789326e-01 2.244059214266529850e-02 5.638037533055650918e-01 8.768587805579126382e+01
5.540105287127072842e-01 -4.680506850430996013e-02 -8.311928819777973931e-01 -6.006982190266180055e+01 8.955564918291619020e-03 9.986956040980174976e-01 -5.026816271855542168e-02 -6.500961656459825377e+00 8.324614965842633829e-01 2.040528908794706983e-02 5.537070466395875856e-01 8.835254707275744579e+01
5.434391735276441482e-01 -4.751657808457363658e-02 -8.381026349450982904e-01 -6.112763496233820604e+01 9.483292252338224038e-03 9.986804774821267383e-01 -5.047148733547938276e-02 -6.584779806424472248e+00 8.393949865318574011e-01 1.948021062335170486e-02 5.431727080683758091e-01 8.903831761548430279e+01
5.338215378351596208e-01 -4.820122836140915829e-02 -8.442222422884493316e-01 -6.218110106541594462e+01 8.329364229058368319e-03 9.986253302686064481e-01 -5.175008607030460311e-02 -6.661967822078512569e+00 8.455561478641226980e-01 2.059347547257088865e-02 5.334891962913019814e-01 8.968786222219461024e+01
5.236561690884212750e-01 -4.881838776243651451e-02 -8.505298163262983158e-01 -6.327747628868497998e+01 7.447001642268716477e-03 9.985809753210534989e-01 -5.273118493886357061e-02 -6.748080350947501138e+00 8.518971596916227185e-01 2.127911284924748764e-02 5.232766398626077509e-01 9.034298735186730767e+01
5.139556688735126277e-01 -4.952683672990590424e-02 -8.563858065018181698e-01 -6.430867199508503518e+01 5.901991221454895749e-03 9.985124232908482167e-01 -5.420430800936387739e-02 -6.824787042144887295e+00 8.577964496667155325e-01 2.280422936835508133e-02 5.134834285420704081e-01 9.095409666964037854e+01
