1.000000000000000000e+00 4.398956837314658088e-19 2.733407509747682871e-20 -8.673617379884035472e-19 -5.583667658079949532e-19 1.000000000000000000e+00 -6.100159232558060012e-19 0.000000000000000000e+00 4.145284534913582806e-20 -2.210423569125054137e-19 1.000000000000000222e+00 0.000000000000000000e+00
9.998918733776340773e-01 4.049157993251784700e-04 1.469957865749433462e-02 -9.355557469105160728e-02 -4.010419240876083387e-04 9.999998840763290042e-01 -2.664835882356463123e-04 -1.358987318299192948e-02 -1.469968511168734566e-02 2.605596426797258947e-04 9.998919198340108228e-01 -1.009335894112023402e-02
9.993181247901484765e-01 4.451212763118519294e-03 3.665340626172551575e-02 7.221137651499023868e-02 -4.432320592663228399e-03 9.999899992138390203e-01 -5.966698898383764613e-04 1.136512305264770345e-02 -3.665569623902745905e-02 4.338034229133643969e-04 9.993278599736857837e-01 2.781529556677036497e-01
9.979863708941042466e-01 5.489241877398206779e-03 6.319075677812245606e-02 4.220867095138738923e-02 -5.531360992053862592e-03 9.999845810659064860e-01 4.916161038817539516e-04 7.425074184317440040e-03 -6.318708493817626337e-02 -8.401570113911515985e-04 9.980013458978261864e-01 4.117610178333834803e-01
9.953346688097554074e-01 4.927728405946991443e-03 9.635670460677850380e-02 1.006361786659494273e-01 -5.201012067230805641e-03 9.999831329445658668e-01 2.585209675608169441e-03 2.356267967902850313e-03 -9.634234180760234412e-02 -3.074301141781115698e-03 9.953435094849171216e-01 5.595957581780631740e-01
9.909049530895575053e-01 1.706550522389818506e-03 1.345528204775022219e-01 1.745034684102190203e-01 -2.370506477097372115e-03 9.999857924008598298e-01 4.774484125919157759e-03 1.127683764732068106e-02 -1.345427632317665045e-01 -5.050018223445614310e-03 9.908949199103542771e-01 7.971872718808219460e-01
9.847198079171077811e-01 -1.386745124058424332e-03 1.741406803476740761e-01 2.404101899630256556e-01 4.335165559537768856e-04 9.999847158497872091e-01 5.511817121397455908e-03 -4.483245868430754677e-03 -1.741456652512046732e-01 -5.352102514543433977e-03 9.847053582452114373e-01 9.755501432549457119e-01
9.761905075784101937e-01 -1.559581960035670307e-03 2.169093361371884077e-01 3.484341677178742214e-01 1.421038387337283894e-04 9.999785362504529651e-01 6.550331508124238380e-03 -5.766850572652387763e-03 -2.169148999783497567e-01 -6.363547644588339949e-03 9.761697761891792169e-01 1.204164608483689003e+00
9.642852680331236437e-01 -1.476856963953223799e-03 2.648617373168178357e-01 4.353793845711192989e-01 -1.099480409720899471e-03 9.999535198311596540e-01 9.578586496673247713e-03 1.120234580617614217e-02 -2.648635772781429143e-01 -9.527699976497895282e-03 9.642388237458208167e-01 1.391033452970187101e+00
9.499925376124109810e-01 -5.351399342314805581e-03 3.122267441202232763e-01 5.726219699130402629e-01 2.843638251247988238e-04 9.998675621421624360e-01 1.627197918902395513e-02 2.480270034219100861e-02 -3.122724767306100935e-01 -1.536947265380558640e-02 9.498682439449939174e-01 1.658455253016045683e+00
9.329801303389387845e-01 -1.528040259583016668e-02 3.596033703220256061e-01 6.828822895499425671e-01 6.935324024259663378e-03 9.996761374527293187e-01 2.448512743298113248e-02 3.832811623348489349e-03 -3.598610570748340676e-01 -2.035017132669843590e-02 9.327839470601456684e-01 1.832956688121886613e+00
9.119903313358244112e-01 -2.087301170737622391e-02 4.096803029000795071e-01 8.483846309627222082e-01 9.613215683377900750e-03 9.995178156648940604e-01 2.952494236829588531e-02 -4.251106417202582533e-03 -4.100990430220485261e-01 -2.298811666807203113e-02 9.117512400777111337e-01 2.068734997395194952e+00
8.871040507904124350e-01 -2.269344787708692246e-02 4.610112877406639109e-01 1.053816663393977615e+00 8.191139277579750910e-03 9.994073496125025491e-01 3.343433484196309952e-02 5.948163120355898226e-04 -4.614968175235900083e-01 -2.588352599047739205e-02 8.867641927817160319e-01 2.306800970245112659e+00
8.586350412386646314e-01 -2.497242662680393757e-02 5.119787495408915090e-01 1.211208114043269113e+00 6.489758090663485385e-03 9.992621162148429548e-01 3.785638790632298717e-02 2.782529395673849493e-02 -5.125463434399496476e-01 -2.918220272061113063e-02 8.581635326597988334e-01 2.520242042439215346e+00
8.261817927260992622e-01 -3.022852387028419213e-02 5.625921052834468306e-01 1.423338282728128901e+00 7.622308275676501106e-03 9.990679367506071218e-01 4.248715258460662031e-02 2.677843941209519935e-02 -5.633520674892560365e-01 -3.081386115274172693e-02 8.256421493845743642e-01 2.785670367551424942e+00
7.908022498720501670e-01 -3.583669870812438568e-02 6.110217073751909034e-01 1.662881176847172737e+00 9.751683318453795157e-03 9.988954629969519772e-01 4.596475422385091353e-02 2.771944412535781027e-02 -6.119940469058890997e-01 -3.039054052997342339e-02 7.902782468112510283e-01 2.966664986633157586e+00
7.528094140993214500e-01 -4.025799749810529682e-02 6.570062959742586362e-01 1.947010902858886006e+00 1.080184748802117886e-02 9.987491175924358977e-01 4.882130834722427787e-02 3.890189619688450007e-02 -6.581499178338504619e-01 -2.965625833407446732e-02 7.523025978809485537e-01 3.187775036119197214e+00
7.127770251391842837e-01 -4.371779689635153787e-02 7.000268987207347582e-01 2.240212651529658316e+00 1.208929863270321974e-02 9.986730804312082821e-01 5.005923717712713189e-02 5.185523184866658308e-02 -7.012865110103896349e-01 -2.721823946676886485e-02 7.123597438827895534e-01 3.416927861990291859e+00
6.715668236224732190e-01 -4.533525424090348310e-02 7.395557500326958023e-01 2.523343797310455994e+00 1.102346023231440611e-02 9.986272487726822744e-01 5.120645740294724191e-02 5.872922677276760234e-02 -7.408619945371295312e-01 -2.623609403636072146e-02 6.711446797820443955e-01 3.616552409137471447e+00
6.286503832067581454e-01 -4.577758244009062782e-02 7.763395513132457237e-01 2.878827572221914544e+00 6.896403149404038355e-03 9.985549293563265039e-01 5.329627222083373195e-02 8.602990467474116998e-02 -7.776574737521740888e-01 -2.815077089652057857e-02 6.280576385740000989e-01 3.841414448364148360e+00
5.870123704021992239e-01 -4.663686950768647366e-02 8.082335484212921362e-01 3.210066792944836322e+00 3.964630664125775444e-03 9.984930020383271376e-01 5.473578845926554970e-02 1.055522996647855760e-01 -8.095682619259546575e-01 -2.892623686015903528e-02 5.863126407923242578e-01 4.057305847785121600e+00
5.474801848696170259e-01 -4.776556750549588309e-02 8.354542993671446593e-01 3.602755309775204751e+00 1.959935758179764086e-03 9.984400639555435220e-01 5.579961735082095836e-02 1.232796079689760099e-01 -8.368163589443963213e-01 -2.891174747762841404e-02 5.467197670741112958e-01 4.257130833666833425e+00
5.083331341674471870e-01 -5.034278438277961509e-02 8.596877436725716137e-01 4.045073208671919218e+00 1.038477339668719256e-03 9.983249062189373246e-01 5.784723971835382256e-02 1.359362432761878348e-01 -8.611598920807485014e-01 -2.851290180626377124e-02 5.075339071372919619e-01 4.461240826773698487e+00
4.707019643921444008e-01 -5.010302675383655063e-02 8.808685115311609692e-01 4.434205385289302193e+00 -1.963081621931416724e-03 9.983243524924267920e-01 5.783280636223852439e-02 1.597454509147173685e-01 -8.822901003005488851e-01 -2.895123170631134363e-02 4.698148762588127969e-01 4.661851804613124983e+00
4.346770986691667615e-01 -4.944735168683085658e-02 8.992278720551628579e-01 4.898984791842797115e+00 -3.037399130428051694e-03 9.984053702083849346e-01 5.636923726626559550e-02 1.854162629209283875e-01 -9.005812615695559797e-01 -2.723372978865890026e-02 4.338337570199475302e-01 4.834674340842666673e+00
4.008491207577221660e-01 -4.826844194541899530e-02 9.148716445210606230e-01 5.387433205472354381e+00 -1.849090207912975964e-03 9.985664407998696701e-01 5.349433745218316882e-02 2.005022496114736708e-01 -9.161422260220160041e-01 -2.313483760073453341e-02 4.001852258318661648e-01 5.015611771973352617e+00
3.710392692012506877e-01 -4.655033264728877795e-02 9.274496821143830561e-01 5.888575532312048111e+00 -4.213485051697249043e-05 9.987419235115457816e-01 5.014547249291406716e-02 2.234542483309466532e-01 -9.286171839623986735e-01 -1.864501663463409564e-02 3.705705107330751202e-01 5.198464012404891754e+00
3.451175466453337837e-01 -4.460214505083732323e-02 9.374990735524446617e-01 6.431346711799900362e+00 1.075236417994176845e-03 9.988883289340676486e-01 4.712695782380388332e-02 2.457784117246836486e-01 -9.385588626037708604e-01 -1.525630609097994479e-02 3.447818459943585157e-01 5.392857232912910526e+00
3.261085138717638721e-01 -4.414433775573876201e-02 9.443010640874525130e-01 7.028994071597089999e+00 2.334625489571317842e-03 9.989436546541405892e-01 4.589253007765075471e-02 2.713391674304914125e-01 -9.453294677579400229e-01 -1.276135458821076735e-02 3.258670898364093294e-01 5.558460292084922649e+00
3.102893937944645186e-01 -4.457092325059536925e-02 9.495967089864744137e-01 7.611552563777516767e+00 3.157578938127631428e-03 9.989431015011672743e-01 4.585531184019199513e-02 2.974068542579288987e-01 -9.506369116845145850e-01 -1.122998946501590350e-02 3.101021842802326733e-01 5.724798989737140964e+00
2.985420416352099759e-01 -4.619014528753170173e-02 9.532780835291254640e-01 8.235049750065686069e+00 4.215178019185922796e-03 9.988822392918300652e-01 4.707976490988992346e-02 3.180047536004327879e-01 -9.543871844401851101e-01 -1.003705141512293772e-02 2.984030414230018913e-01 5.929169211524140337e+00
2.877016864480961278e-01 -4.795229421302350109e-02 9.565188454263070517e-01 8.862543882641825022e+00 3.053004144417021965e-03 9.987865955279395802e-01 4.915298283431711324e-02 3.461288838707162752e-01 -9.577152160481692267e-01 -1.122113916459912403e-02 2.874989851503872984e-01 6.113360567262891898e+00
2.780556996142987680e-01 -4.974738912480626551e-02 9.592758777557226502e-01 9.546634694042086977e+00 1.682931960975807099e-03 9.986817091263561208e-01 5.130313400307897481e-02 3.764093387808143953e-01 -9.605634867117325282e-01 -1.265073190030628104e-02 2.777728614529866302e-01 6.316440671233195303e+00
2.669374568686051497e-01 -5.144115323450593885e-02 9.623399535580899888e-01 1.023034636164257982e+01 7.973052713737788059e-04 9.985858228486412802e-01 5.315748932612947980e-02 4.087144198411957752e-01 -9.637135336122638618e-01 -1.342244541497729197e-02 2.666009729735331346e-01 6.502166937513392142e+00
2.570024857226018145e-01 -5.343574012201634388e-02 9.649322920544813886e-01 1.092760092425914209e+01 -4.953343786777014712e-05 9.984694426863987005e-01 5.530614367596282249e-02 4.336938578867924887e-01 -9.664107493187721332e-01 -1.426161193553180176e-02 2.566064804837864255e-01 6.680861974484439969e+00
2.465058594745498377e-01 -5.490153607157917393e-02 9.675849661491207065e-01 1.167151997714195844e+01 -7.583130333914339747e-04 9.983828856384016071e-01 5.684222537330506364e-02 4.660389988010790185e-01 -9.691410128583527461e-01 -1.474567303197364676e-02 2.460655974062862517e-01 6.892582229267374849e+00
2.356795830850720863e-01 -5.637122907975680719e-02 9.701945179612815329e-01 1.242920916318747970e+01 -1.270772818654988508e-03 9.982975522765717979e-01 5.831279631267750202e-02 4.890930370711820130e-01 -9.718299933258791601e-01 -1.497603146433011678e-02 2.352067145338473941e-01 7.031635928880128006e+00
2.255279056836700102e-01 -5.924821896377654301e-02 9.724334405245537161e-01 1.318377004759881466e+01 -2.407161315797138983e-03 9.981121187008588080e-01 6.137103578775897350e-02 5.288670418684719987e-01 -9.742337430383669616e-01 -1.618168445544744885e-02 2.249595143886904403e-01 7.206506295963646558e+00
2.147344355601608634e-01 -6.290864542745376597e-02 9.746443496818781860e-01 1.396087980009600216e+01 -4.072410194336189768e-03 9.978570954138444860e-01 6.530415424633216614e-02 5.752504070368081868e-01 -9.766639926146321038e-01 -1.799220142239177714e-02 2.140180889831028166e-01 7.370112147455134100e+00
2.021953325757858688e-01 -6.638446745299918239e-02 9.770926945356558369e-01 1.474664093527638364e+01 -4.325914624567592237e-03 9.976297093517734194e-01 6.867495490581267126e-02 6.111561494754408352e-01 -9.793356681094745886e-01 -1.811257405362637352e-02 2.014288959666997170e-01 7.567166299311744559e+00
1.887124974472996486e-01 -6.884193762776884273e-02 9.796164374764055882e-01 1.555731527325633756e+01 -5.722507630459086787e-03 9.974458391518780109e-01 7.119726689803465569e-02 6.549167106151249085e-01 -9.820157143198035010e-01 -1.904167571902369224e-02 1.878365454935396472e-01 7.713922214093762442e+00
1.756847947496668894e-01 -6.977087060981020106e-02 9.819709069273572233e-01 1.634780773141374155e+01 -5.612046889735512571e-03 9.973981431127734165e-01 7.187105809982209659e-02 6.844246891398835242e-01 -9.844304824851167757e-01 -1.813751798507367077e-02 1.748361292878354012e-01 7.857154580233632224e+00
1.622402568502384346e-01 -6.902853353772617218e-02 9.843338580272078531e-01 1.713381479540841212e+01 -6.943744198732478348e-03 9.974455575153963194e-01 7.109250424935803503e-02 7.220549431992031586e-01 -9.867268621845383114e-01 -1.836902778526750685e-02 1.613465055915673241e-01 7.979678652584986764e+00
1.444025454481591419e-01 -6.820987013984028402e-02 9.871652859602974006e-01 1.791078758278937144e+01 -8.008004719348510436e-03 9.975081110076329249e-01 7.009593632331295732e-02 7.646867075267217428e-01 -9.894866314821828546e-01 -1.802725501183378987e-02 1.434964839940741366e-01 8.100221721860183521e+00
1.242893437289896985e-01 -6.649694080686099906e-02 9.900153024544089408e-01 1.877004512228472777e+01 -1.114387731880119026e-02 9.975953862941435712e-01 6.840511096465695662e-02 7.995003699334197744e-01 -9.921834458672202928e-01 -1.953463454664398219e-02 1.232494407365989086e-01 8.217136218080991483e+00
9.965807132825799108e-02 -6.536338257413584762e-02 9.928725397041567868e-01 1.957905030107474431e+01 -1.499796497087198428e-02 9.976280171388168805e-01 6.718184605174359891e-02 8.460868482492966969e-01 -9.949087129713728439e-01 -2.158627991417959302e-02 9.844136498249068945e-02 8.299924387000658044e+00
6.896848860465332187e-02 -6.479083838641966353e-02 9.955126708209515174e-01 2.041187821631940480e+01 -1.904997684032332453e-02 9.976213315609538945e-01 6.624784659921437169e-02 8.857896000799185821e-01 -9.974369470244022207e-01 -2.353350632672741513e-02 6.757017007689840316e-02 8.350428811729043943e+00
3.558517392885162528e-02 -6.437573152405698385e-02 9.972910525016676075e-01 2.128038479510255598e+01 -2.232328495307223451e-02 9.976229016609531319e-01 6.519368850549196737e-02 9.254263163533086312e-01 -9.991173022658126346e-01 -2.458274024560895554e-02 3.406350527981173715e-02 8.342972370876214683e+00
1.266809287981300082e-03 -6.372980185215104676e-02 9.979663773333575794e-01 2.211691356472977787e+01 -2.380424681885063426e-02 9.976824792361391747e-01 6.374188932180947786e-02 9.602978503103803964e-01 -9.997158447999223707e-01 -2.383658592474264051e-02 -2.531678953031959978e-04 8.345514967858992605e+00
-3.331836566472427125e-02 -6.283071102563236865e-02 9.974678796656467616e-01 2.296218655279150411e+01 -2.463278588129394486e-02 9.977704554263367998e-01 6.202696299133697577e-02 9.826576390177430564e-01 -9.991411960374878554e-01 -2.250377479888362661e-02 -3.479177772783492717e-02 8.300477667005182525e+00
-6.515028410482930077e-02 -6.080377187668797173e-02 9.960212470190966672e-01 2.378878856863311952e+01 -2.737848819753539373e-02 9.978750037624347646e-01 5.912609626861240614e-02 1.017568350822365186e+00 -9.974998125400289517e-01 -2.341747312370015197e-02 -6.667655673798048022e-02 8.259181485676133860e+00
-9.659921415986574833e-02 -5.768624225597406008e-02 9.936502765169867857e-01 2.462071674705928714e+01 -2.905709788031706972e-02 9.980569995832776486e-01 5.511724470960221306e-02 1.055576724912224096e+00 -9.948991375553434269e-01 -2.354830995803022450e-02 -9.808771802205350221e-02 8.186197257307052055e+00
-1.298352821180348005e-01 -5.344302939159102650e-02 9.900942505376812974e-01 2.545729825930525436e+01 -2.605878102281293518e-02 9.983853860791188639e-01 5.047336736388075007e-02 1.075037268650772981e+00 -9.911930973814845336e-01 -1.924742447902826406e-02 -1.310183098480346142e-01 8.055451327741268486e+00
-1.614656000302876204e-01 -4.771962949263517523e-02 9.857239369608071788e-01 2.634100064647158135e+01 -2.236323822473526915e-02 9.987506950552070828e-01 4.468707552626712681e-02 1.100248896245652919e+00 -9.866249349319488049e-01 -1.482855283038806392e-02 -1.623310470787113768e-01 7.910373419953882212e+00
-1.924981288588670791e-01 -4.168143308800904140e-02 9.804117051488915324e-01 2.714898879639206797e+01 -1.633388625636479977e-02 9.990951779820921308e-01 3.926868347338113158e-02 1.110673738747104844e+00 -9.811613990370831040e-01 -8.454784200142470216e-03 -1.930047734728213837e-01 7.721505794089503993e+00
-2.208231297111029057e-01 -3.592978059424928317e-02 9.746518247470570273e-01 2.796433949936551855e+01 -1.053875623116912359e-02 9.993507670093804141e-01 3.445256299015357626e-02 1.122507508619676964e+00 -9.752569385425068349e-01 -2.663694173726274123e-03 -2.210584206145406461e-01 7.524776246405994407e+00
-2.496565205316564062e-01 -2.968304957984333609e-02 9.678793942165861974e-01 2.871847636560024242e+01 -1.487513200019629101e-03 9.995406411026489524e-01 3.027034979155612468e-02 1.150409167397901555e+00 -9.683333232713255967e-01 6.117457933738912335e-03 -2.495859938726985583e-01 7.273795700932772945e+00
-2.775945349182873390e-01 -1.913568499205822032e-02 9.605077216689681396e-01 2.959746895955205304e+01 4.552342996211758940e-03 9.997641808792520068e-01 2.123343559941431175e-02 1.137243285006729554e+00 -9.606875485606356513e-01 1.026684741052118384e-02 -2.774419619653932245e-01 7.039577668946948030e+00
-3.017272116099332102e-01 -4.380926203200043861e-03 9.533842253340308881e-01 3.036621849218076363e+01 9.150469590406828946e-03 9.999300763026435224e-01 7.490753861773543319e-03 1.130970828030841924e+00 -9.533503941402041715e-01 1.098407876050862091e-02 -3.016660275348782561e-01 6.753484989239164626e+00
-3.259253710916849567e-01 1.263653510624517320e-02 9.453110358805577595e-01 3.111016878636808158e+01 9.616741119833056503e-03 9.999032468758011216e-01 -1.005062990427525033e-02 1.107370338578560931e+00 -9.453465955951466659e-01 5.815057287272971248e-03 -3.260153604097322244e-01 6.472651614728242464e+00
-3.519110456453884428e-01 2.732761418214564933e-02 9.356344381446065617e-01 3.190893295577243194e+01 8.348887053827670768e-03 9.996256085435578642e-01 -2.605645434325236029e-02 1.078473366204531825e+00 -9.359962215404842301e-01 -1.358046869447071103e-03 -3.520074496374854811e-01 6.192210583204838414e+00
-3.760682330593762002e-01 3.802477820982098217e-02 9.258114197842859383e-01 3.269087184518313904e+01 1.288618799860411467e-02 9.992756162211020587e-01 -3.580766618224777431e-02 1.042016980329692366e+00 -9.265023716139498822e-01 -1.535944783398112247e-03 -3.762858110764068509e-01 5.882785067180929417e+00
-3.997359121643436763e-01 4.270009785170068156e-02 9.156352369516692624e-01 3.346169855071143928e+01 1.657920884927619951e-02 9.990877831664179975e-01 -3.935392389901513216e-02 9.915256452470821991e-01 -9.164804113432022392e-01 -5.506678837123038734e-04 -4.000792014669434793e-01 5.534442545222276522e+00
-4.222081864571558540e-01 4.200468620506034312e-02 9.055251729803842631e-01 3.418967772755994616e+01 1.851980884883551101e-02 9.991170536778363198e-01 -3.771113486419926109e-02 9.431675090084793434e-01 -9.063097029374757030e-01 8.482042175876735451e-04 -4.226133193272388344e-01 5.153603816716017860e+00
-4.424583380667886923e-01 3.892324919621586304e-02 8.959439632609678128e-01 3.492839185266716129e+01 2.314868503952729334e-02 9.992204662000172544e-01 -3.197809040261073710e-02 9.075696481396088311e-01 -8.964902513669783524e-01 6.590952898957991996e-03 -4.430144501361487075e-01 4.795645433077330821e+00
-4.607641667967657395e-01 3.765299314815981346e-02 8.867235310560613870e-01 3.565521543396377524e+01 3.040648466054687513e-02 9.991828538239034829e-01 -2.662837329135142941e-02 8.766236904005563213e-01 -8.870016016397793690e-01 1.469274629543042623e-02 -4.615325515281304969e-01 4.383515160650602205e+00
-4.747132890170554509e-01 3.845885498752168313e-02 8.792998326764299710e-01 3.635623232602502952e+01 3.429694482481737694e-02 9.990943750879842655e-01 -2.518231894871907420e-02 8.312386335799526460e-01 -8.794720152373635136e-01 1.820291750172240569e-02 -4.756023993034688702e-01 4.021499039900713335e+00
-4.857074237232205660e-01 4.141565621360061844e-02 8.731397529492398446e-01 3.705024634655150351e+01 3.678818178054615862e-02 9.989604502077339410e-01 -2.691929684522158597e-02 7.821958156872049761e-01 -8.733469761804889542e-01 1.904632274251984517e-02 -4.867261145922587295e-01 3.598612458522813640e+00
-4.955603554420856538e-01 4.435645233822248928e-02 8.674401568029735943e-01 3.774571234472838910e+01 3.784281846678576311e-02 9.988494469355682082e-01 -2.945680541637941963e-02 7.266073507635365525e-01 -8.677487352964962097e-01 1.822875651897682553e-02 -4.966687613535602508e-01 3.192548675381422285e+00
-5.061082633531817088e-01 4.340396182421825400e-02 8.613771000100419739e-01 3.844776766366331344e+01 3.170695341932789485e-02 9.989941077332692432e-01 -3.170870171798829268e-02 6.724845430456226625e-01 -8.618869456564568488e-01 1.126360865576016453e-02 -5.069753815752254811e-01 2.785353465385219440e+00
-5.175624116982910916e-01 4.243143406671528312e-02 8.545927159482280544e-01 3.914751954079997631e+01 3.014776096600684657e-02 9.990538273707163519e-01 -3.134585255725044761e-02 6.590433645211395408e-01 -8.551141879996970729e-01 9.540622886153498142e-03 -5.183519222468503385e-01 2.386958457129021660e+00
-5.262249921505705030e-01 4.367257977673913438e-02 8.492231451840459577e-01 3.981614166124339960e+01 3.250567412054413546e-02 9.989834568721891461e-01 -3.123193862585555911e-02 6.149783104165821301e-01 -8.497238672834808160e-01 1.116954517348973074e-02 -5.271096695947140587e-01 1.956669229386196029e+00
-5.335881182109751819e-01 4.672445417428600090e-02 8.444528006503675410e-01 4.049367196439882832e+01 3.628822255221466481e-02 9.988180740544434499e-01 -3.233604467678190958e-02 5.666137962728353683e-01 -8.449656186529823643e-01 1.338956296875741699e-02 -5.346530051525579808e-01 1.531059032468156333e+00
-5.377589262639989043e-01 4.991950341983809880e-02 8.416194909352884279e-01 4.118873289044483244e+01 3.731981371780267870e-02 9.986765366594405613e-01 -3.538935668237795651e-02 5.342453743086733597e-01 -8.422722720964718190e-01 1.237814119207558336e-02 -5.389102097949073356e-01 1.112026999139897221e+00
-5.369260143755629766e-01 5.138347815583817202e-02 8.420630501141082025e-01 4.191705432458675062e+01 3.632296188069948639e-02 9.986258482063972153e-01 -3.777641685971759589e-02 4.834850906183013053e-01 -8.428470259543100473e-01 1.030308412868747268e-02 -5.380545978363409088e-01 6.428712563862221119e-01
-5.332393726671909029e-01 5.235875735891901139e-02 8.443425365389978232e-01 4.262382169752806504e+01 3.864034312882500682e-02 9.985486010546663627e-01 -3.751819756194280098e-02 4.368515267603386709e-01 -8.450814795156535997e-01 1.261950622100930716e-02 -5.344885911457365468e-01 1.572769244486961204e-01
-5.277441203431855188e-01 5.126591091608705131e-02 8.478549031322484275e-01 4.339102350967708333e+01 3.717878632061758643e-02 9.986145056387943919e-01 -3.723985648702765605e-02 4.017061635297456967e-01 -8.485893548111749229e-01 1.186910198994009166e-02 -5.289189393840902920e-01 -2.887410818688019853e-01
-5.207600890697813290e-01 4.997902936820258768e-02 8.522388239660871889e-01 4.414453841517854471e+01 3.514844203876895529e-02 9.986935934099027135e-01 -3.709034163584592342e-02 3.578696867854815888e-01 -8.529792076001775358e-01 1.063969830532935160e-02 -5.218364508767971977e-01 -7.088409537575592889e-01
-5.145848456974726481e-01 4.924169080981659341e-02 8.560243449671579574e-01 4.491645050941062323e+01 3.315084217924949006e-02 9.987457187229622502e-01 -3.752347180391502057e-02 3.094152962707411025e-01 -8.567983836962408395e-01 9.068919014192182090e-03 -5.155718162882967359e-01 -1.156573415408090888e+00
-5.078423065411942217e-01 4.768875952559612635e-02 8.601290371195342566e-01 4.572314251496341342e+01 3.013304769255268842e-02 9.988388958760552327e-01 -3.758802291777196825e-02 2.617170427111610298e-01 -8.609228788439258206e-01 6.829522024839887288e-03 -5.086896576230426348e-01 -1.644059327235978696e+00
-5.032286619661691107e-01 4.538770151533709496e-02 8.629605187028628333e-01 4.655554360731632357e+01 2.585288634913840075e-02 9.989634670565673558e-01 -3.746491298529240621e-02 2.086238556134537014e-01 -8.637664929411968950e-01 3.456603138757338017e-03 -5.038804531856065916e-01 -2.099440301590490776e+00
-5.018616203730367209e-01 4.248589335092597258e-02 8.639038426516637559e-01 4.738321832648718868e+01 2.108165523182935902e-02 9.990970217760926086e-01 -3.688773305070764535e-02 1.691314130344707678e-01 -8.646909795564126089e-01 -3.000135910598481621e-04 -5.023041244318409149e-01 -2.578888228745992883e+00
-5.015392945028920302e-01 4.041631908695936248e-02 8.641902821127008805e-01 4.821605192022671815e+01 1.881325861607643576e-02 9.991814764266853111e-01 -3.581114950572412275e-02 1.320418173761944147e-01 -8.649302918131392959e-01 -1.702462473380537532e-03 -5.018891366483747563e-01 -3.076893523415249021e+00
-5.027124981989483654e-01 3.870816322992412517e-02 8.635865959751456433e-01 4.906286133492434942e+01 1.661005385471839638e-02 9.992450732059142693e-01 -3.511964907866058777e-02 7.326360611714055615e-02 -8.642940833844952042e-01 -3.310865756722753978e-03 -5.029759329567737858e-01 -3.562639881196662195e+00
-5.039696363418207925e-01 3.847263460765088655e-02 8.628640962205418319e-01 4.994544832063026973e+01 1.703898615964331842e-02 9.992559083831722422e-01 -3.460205887325916441e-02 2.446012942357846109e-02 -8.635532935960078538e-01 -2.736056728860643012e-03 -5.042501726644380566e-01 -4.041749612958072113e+00
-5.030858937509251616e-01 3.776197136076724775e-02 8.634110281474355331e-01 5.082324055048967892e+01 1.659905777836079288e-02 9.992828689400843345e-01 -3.403261804515040484e-02 -2.838771096899427721e-02 -8.640770029869070390e-01 -2.789519617815563318e-03 -5.033519295913896352e-01 -4.564977983380657633e+00
-5.032521095258549737e-01 3.707126282946043155e-02 8.633440926018997041e-01 5.170164452257169074e+01 1.703320161966643750e-02 9.993108332547868677e-01 -3.298072996790608197e-02 -7.106294626466728992e-02 -8.639717568288021177e-01 -1.892107019537723079e-03 -5.035367284176804903e-01 -5.065790181666090852e+00
-5.040754879039501812e-01 3.645628204795200306e-02 8.628898124946736692e-01 5.260336712612406274e+01 1.672977551439552846e-02 9.993334040067795021e-01 -3.244783837455883502e-02 -1.275504039660159683e-01 -8.634975560987429022e-01 -1.920206189489369547e-03 -5.043493798335727529e-01 -5.563037364781767913e+00
-5.041437979415868131e-01 3.519810214538068166e-02 8.629021445767680598e-01 5.350102808623271500e+01 1.510107694106156175e-02 9.993756311098003220e-01 -3.194221954869260610e-02 -1.698107121318778723e-01 -8.634876957757667837e-01 -3.072719295913458899e-03 -5.043605567018571989e-01 -6.090794420008348808e+00
-5.041227984542405727e-01 3.475490179144438696e-02 8.629323770678328787e-01 5.440357854696629403e+01 1.486142398775184940e-02 9.993910885093110208e-01 -3.156881778530416793e-02 -2.242074996086484417e-01 -8.635041137367711617e-01 -3.090155933103497492e-03 -5.043323408359260407e-01 -6.618294036003472769e+00
-5.027620939330927907e-01 3.328157445395713010e-02 8.637838851199370893e-01 5.529356770727708437e+01 1.288656382959379142e-02 9.994360713076053671e-01 -3.100767351035473365e-02 -2.835498263191019719e-01 -8.643287717580665497e-01 -4.458275798056355634e-03 -5.029074583126067477e-01 -7.159204837855186021e+00
-5.021617766685360085e-01 3.224730407142577249e-02 8.641722327804873816e-01 5.618409124370770513e+01 1.275213759488278385e-02 9.994719660061662792e-01 -2.988598550838328718e-02 -3.338512723431464879e-01 -8.646796778941391315e-01 -3.987555463537467357e-03 -5.023078414552655246e-01 -7.649427529124438685e+00
-5.004303215793568516e-01 3.023447397375064738e-02 8.652487250910125827e-01 5.706455595165954975e+01 1.374871165822029104e-02 9.995415481029995552e-01 -2.697529458910682618e-02 -3.821486418143098529e-01 -8.656676489999660662e-01 -1.603199189186272364e-03 -5.006165846319412527e-01 -8.159037840863073043e+00
-4.976807030502747864e-01 2.912712182692812207e-02 8.668711063258921490e-01 5.796062314988613196e+01 1.392032782085871577e-02 9.995754904466117585e-01 -2.559420532980214921e-02 -4.370281128641344548e-01 -8.672486118107897157e-01 -6.706111907162629797e-04 -4.978748931418296442e-01 -8.678685658291930949e+00
-4.959530375464052954e-01 2.813439566256663998e-02 8.678934420173510800e-01 5.886198641124500597e+01 1.343493432744846672e-02 9.996039675682845127e-01 -2.472671707064078711e-02 -4.998445161926123870e-01 -8.682454143402896785e-01 -6.031981076038728544e-04 -4.961346090385594931e-01 -9.165151589616694849e+00
-4.934845974056518703e-01 2.874833772022257483e-02 8.692792828140023520e-01 5.975739535690556892e+01 1.415134905348525325e-02 9.995866800146818720e-01 -2.502415696191319372e-02 -5.466235377651444960e-01 -8.696394102854364538e-01 -4.756052659052361953e-05 -4.936874593444868231e-01 -9.678616529913782074e+00
-4.923840117934203398e-01 2.883688925199991496e-02 8.699002270712320461e-01 6.060840959444606568e+01 1.411709982621099473e-02 9.995841253912491897e-01 -2.514525268900960966e-02 -5.882147093205180033e-01 -8.702635835887539972e-01 -1.006511111435938357e-04 -4.925863362538929202e-01 -1.015650935624081264e+01
-4.930412184183985969e-01 3.029925061903182559e-02 8.694781760775387447e-01 6.150598849744658736e+01 1.378413198094114757e-02 9.995399813078595930e-01 -2.701524471692510684e-02 -6.337193661108333487e-01 -8.698967565939821345e-01 -1.334626309125163182e-03 -4.932320603353842481e-01 -1.065405273804944741e+01
-4.962178376589589934e-01 3.201273195868208077e-02 8.676076468995502777e-01 6.239318364849908249e+01 1.241723845248355815e-02 9.994794474669921325e-01 -2.977660585378066535e-02 -6.911179159531132266e-01 -8.681092570694597388e-01 -4.002391033511514852e-03 -4.963570411543272720e-01 -1.113529954347212936e+01
-4.999920997590041605e-01 3.256794260010947156e-02 8.654173650518964811e-01 6.324644289637465988e+01 1.105188648999175759e-02 9.994512208807047049e-01 -3.122679719013921398e-02 -7.410968667118630337e-01 -8.659594495982667617e-01 -6.048656530297307279e-03 -5.000776529580016616e-01 -1.163924697899312832e+01
-5.056001334738766673e-01 3.145539313444836726e-02 8.621943225317191262e-01 6.412489087528400944e+01 1.113562636151605063e-02 9.994898380762947676e-01 -2.993428445382794595e-02 -7.870317955563741474e-01 -8.626960734345021642e-01 -5.533703504949680219e-03 -5.056924722558502339e-01 -1.213966992253565991e+01
-5.107506489955734308e-01 2.895538489943663002e-02 8.592411459255443473e-01 6.501185916946276677e+01 1.368665628897293603e-02 9.995798738164345387e-01 -2.554899755053830282e-02 -8.554471377646009067e-01 -8.596199521617536865e-01 -1.289027924398876554e-03 -5.109323728849350932e-01 -1.265710599166244243e+01
-5.165064793121139086e-01 2.688451642154908103e-02 8.558611256018374691e-01 6.589398841336684143e+01 1.124709246283589828e-02 9.996337798065493274e-01 -2.461319077745086764e-02 -8.957634923646654590e-01 -8.562094205277267500e-01 -3.086922393630570170e-03 -5.166196980557422602e-01 -1.316252481388326601e+01
-5.213325844038847467e-01 2.890613209641520673e-02 8.528638571091239351e-01 6.670802320351988612e+01 1.228514433615719194e-02 9.995767833704659600e-01 -2.636909844108883613e-02 -9.441389423137971360e-01 -8.532651543548559481e-01 -3.269513755856418621e-03 -5.214670649900338129e-01 -1.368237134399486976e+01
-5.261520142479660933e-01 3.153373015806870683e-02 8.498056652258263455e-01 6.754077930771583738e+01 1.289657963939666932e-02 9.994932083814853652e-01 -2.910334359136865570e-02 -9.912444961152052647e-01 -8.502927425382889037e-01 -4.353195527250500012e-03 -5.262920432757132172e-01 -1.421064140269058029e+01
-5.311144242269359994e-01 3.187819409936815812e-02 8.467002043768878661e-01 6.839846730531263574e+01 1.196568093055993230e-02 9.994745348455895684e-01 -3.012435313134396650e-02 -1.040845276669307928e+00 -8.472156175623417607e-01 -5.868133110541628138e-03 -5.312167875951642193e-01 -1.469614311242885663e+01
-5.351033733842592843e-01 3.191050670469074146e-02 8.441836804857895116e-01 6.918824727480532033e+01 9.905368829330067626e-03 9.994546337809963044e-01 -3.150108984771058523e-02 -1.101090640314317470e+00 -8.447285215801244584e-01 -8.494387885321858303e-03 -5.351276326074649869e-01 -1.520745488380279298e+01
-5.383570110930994135e-01 3.113567191457471475e-02 8.421414879000524989e-01 7.003093187014786736e+01 1.022567542562447147e-02 9.994850187652075668e-01 -3.041599588040663771e-02 -1.155576146772869350e+00 -8.426548378876955736e-01 -7.763198265628844241e-03 -5.383981517952813878e-01 -1.573555026482139851e+01
-5.416922633111029839e-01 2.507949877947585407e-02 8.402026527945656298e-01 7.084464172166121898e+01 1.198764216858494783e-02 9.996836439693796983e-01 -2.211127300989167849e-02 -1.202071266158376339e+00 -8.404914038129762677e-01 -1.905455865903723850e-03 -5.418215409362187041e-01 -1.626993788964436405e+01
-5.428029209014750833e-01 1.717991525167344991e-02 8.396843613741534762e-01 7.168011735841407983e+01 1.248333030370247718e-02 9.998453509236395753e-01 -1.238711750412842608e-02 -1.235020964588985137e+00 -8.397673291349190272e-01 3.758294632878176646e-03 -5.429334406687075232e-01 -1.681759808581324833e+01
-5.445284662923873809e-01 1.456950394027906222e-02 8.386158036575146468e-01 7.250107984864798993e+01 1.367191233178504176e-02 9.998704603579953165e-01 -8.493603114443779717e-03 -1.250468255841938436e+00 -8.386309317763742666e-01 6.840474061525451434e-03 -5.446571224296772318e-01 -1.734034916153827766e+01
-5.456512374537252352e-01 1.907513088099502957e-02 8.377952337323947285e-01 7.333032357419122604e+01 1.290705440940546032e-02 9.998136146241867195e-01 -1.435771349938703978e-02 -1.301893105661436678e+00 -8.379129707269429295e-01 2.979165479650445428e-03 -5.457957409733328324e-01 -1.784727443985224937e+01
-5.466659292842432905e-01 2.397392398481198658e-02 8.370075268304725258e-01 7.411143004706254089e+01 1.287491477279143100e-02 9.997125449616695025e-01 -2.022533049207355868e-02 -1.344017370173636428e+00 -8.372518198309834014e-01 -2.800975984401349967e-04 -5.468174508143341939e-01 -1.839051402606394348e+01
-5.472585426685191434e-01 2.976148489848931891e-02 8.364342943435323363e-01 7.489367101623344070e+01 2.007617224976043085e-02 9.995468206952422552e-01 -2.242990217172897288e-02 -1.370032883773259380e+00 -8.367228013163990896e-01 4.517444351718111900e-03 -5.476080342974967152e-01 -1.893478754257690611e+01
-5.467693313459116577e-01 2.988457549374426425e-02 8.367497820133010800e-01 7.569704023347334498e+01 2.266510165926268611e-02 9.995248853280687129e-01 -2.088771741137024004e-02 -1.422268742741999992e+00 -8.369764649800657264e-01 7.544256575828754523e-03 -5.471868913342288199e-01 -1.942184619654203104e+01
-5.467080981188127131e-01 2.750859460807352636e-02 8.368712684288901471e-01 7.645596444517545365e+01 2.281740827427470100e-02 9.995784778893057609e-01 -1.795083235973316677e-02 -1.458376064593709831e+00 -8.370123253549643927e-01 9.281368988865269093e-03 -5.471053245797603548e-01 -1.995264523187120176e+01
-5.463484174863239007e-01 2.261562863871897922e-02 8.372526066165510983e-01 7.729119762070065747e+01 2.116522355706737524e-02 9.996889543045796023e-01 -1.319196416251271729e-02 -1.480960785815449654e+00 -8.372905418651271914e-01 1.051323086718324550e-02 -5.466571441771554962e-01 -2.046866038758220796e+01
-5.453501981743918980e-01 1.695224543373882037e-02 8.380368547597005779e-01 7.810769407818797561e+01 1.960939307313648572e-02 9.997798611333801322e-01 -7.463306446903345340e-03 -1.516433958939132909e+00 -8.379789045979991746e-01 1.236327948454580064e-02 -5.455625698229313869e-01 -2.098054414780977694e+01
-5.458061378114130724e-01 9.905154141416207952e-03 8.378529316407914429e-01 7.891195092419889079e+01 1.022359143720524138e-02 9.999344174586159983e-01 -5.161292718152563075e-03 -1.552607962022638954e+00 -8.378491210277437817e-01 5.748801796678792812e-03 -5.458716098845924902e-01 -2.150219663692056926e+01
-5.441178977011565943e-01 4.532500395448038101e-03 8.389965178805741663e-01 7.966219206076966941e+01 1.684892217538923407e-03 9.999892945384520893e-01 -4.309517877379103953e-03 -1.575034626476127686e+00 -8.390070834533928101e-01 -9.312661770275881563e-04 -5.441197106211270729e-01 -2.195765472419430608e+01
-5.422194466552221481e-01 5.110585144954617708e-03 8.402213641230372732e-01 8.046539590024899269e+01 4.719491104417445314e-03 9.999842522886684959e-01 -3.036703865982553867e-03 -1.594340188796716351e+00 -8.402236664432664037e-01 2.318858321241497843e-03 -5.422350284815096177e-01 -2.248954130617137537e+01
-5.392745159461952431e-01 8.288408060029039612e-03 8.420892386398884932e-01 8.128736192599464516e+01 9.995214018137627346e-03 9.999441254239310739e-01 -3.441178545945563529e-03 -1.635726457020765690e+00 -8.420707237380996579e-01 6.561123263474210633e-03 -5.393272298072404602e-01 -2.300641481268810651e+01
-5.340179562365249266e-01 1.189289880217359041e-02 8.453894773268014751e-01 8.205836029289562816e+01 1.160148503156049893e-02 9.999099968646638636e-01 -6.738226449754065525e-03 -1.654207870049009710e+00 -8.453935413110373887e-01 6.209440441994820183e-03 -5.341078694221124135e-01 -2.349334792778806147e+01
-5.255192832842137118e-01 1.396474089360217469e-02 8.506670651672559869e-01 8.282560928771000874e+01 1.701588704655458695e-02 9.998378021774213531e-01 -5.901601197379329269e-03 -1.670695192928237427e+00 -8.506115178902285967e-01 1.137345050587876966e-02 -5.256716688507857560e-01 -2.396319861834098575e+01
-5.170806748910593553e-01 1.609571520075043713e-02 8.557853062038812686e-01 8.360119307065808414e+01 2.359371207397182452e-02 9.997112892946682372e-01 -4.546951600147374102e-03 -1.705551342634226364e+00 -8.556114330915245425e-01 1.784001241352302369e-02 -5.173111470387752320e-01 -2.448933488092690425e+01
-5.081263089611030015e-01 1.590422789345699583e-02 8.611357014038334423e-01 8.442356400649049419e+01 2.204789754302319271e-02 9.997420363958299250e-01 -5.454433143549441282e-03 -1.738136246388685580e+00 -8.610003232033459630e-01 1.621469182764081335e-02 -5.083458868656368645e-01 -2.493040693101659144e+01
-4.956758633072383402e-01 1.267562247475828054e-02 8.684150813263640245e-01 8.528844995711504851e+01 1.819678816297857354e-02 9.998255724449877091e-01 -4.207321623389294156e-03 -1.755839019170471804e+00 -8.683169512732301643e-01 1.371689857247446881e-02 -4.958200606166559554e-01 -2.538391026456575972e+01
-4.855474064178654792e-01 1.012016427798573780e-02 8.741517514569137060e-01 8.605662870186544922e+01 1.977410331914308469e-02 9.998042984132549105e-01 -5.913366217296723345e-04 -1.776048399151726853e+00 -8.739866781425763564e-01 1.699844620097363396e-02 -4.856525024233284693e-01 -2.582962445598428403e+01
-4.737021315355927631e-01 9.595452564607561199e-03 8.806328428243124229e-01 8.692623766950809738e+01 1.950064006216956775e-02 9.998097626358226631e-01 -4.044036957031563358e-04 -1.810832078954989877e+00 -8.804692092489395661e-01 1.698133832120460318e-02 -4.737991343957605461e-01 -2.627712340299404659e+01
-4.620832617909131357e-01 8.009008354978903663e-03 8.868003725588543551e-01 8.775850818772498485e+01 1.883701971751722271e-02 9.998222589328868981e-01 7.856197441816319951e-04 -1.831523497825023439e+00 -8.866364750451151133e-01 1.706769896271925421e-02 -4.621519977140928770e-01 -2.672655243156184568e+01
-4.493119516870495156e-01 9.904996407405901662e-03 8.933200136242382960e-01 8.855232102402861472e+01 2.217329753899086736e-02 9.997541399278165875e-01 6.735280355355487397e-05 -1.834627941406902218e+00 -8.930997302519705361e-01 1.983811403341384852e-02 -4.494211115070471108e-01 -2.706260299793098767e+01
