1.000000000000000000e+00 -3.306050084167601550e-19 -2.270457535318767223e-19 -8.673617379884035472e-19 7.546676715296109287e-19 1.000000000000000000e+00 6.237773588823049983e-19 1.387778780781445676e-17 -3.447385680526250622e-20 4.770700176052009879e-20 1.000000000000000222e+00 5.551115123125782702e-17
9.999273040785223721e-01 -2.979169413470646871e-03 1.168082458575544526e-02 1.002064226890918459e-02 2.966844305988038024e-03 9.999950526722393152e-01 1.072245892103245758e-03 -9.438533255718806192e-03 -1.168396195268576500e-02 -1.037504235343267084e-03 9.999311946370254001e-01 2.994826252950928414e-01
9.998151602515852332e-01 -4.954535269549966911e-03 1.857333803009039025e-02 2.638728440650151344e-02 4.931457090532120197e-03 9.999870304918319075e-01 1.288426221516106524e-03 -1.332833729545697399e-02 -1.857947998244502408e-02 -1.196573305004253445e-03 9.998266511335667239e-01 5.923791313205950537e-01
9.997633855851615348e-01 -7.110094241682215870e-03 2.055866452665140384e-02 3.389874892284601426e-02 7.089742953025407295e-03 9.999743222448217450e-01 1.062661132912362440e-03 -1.766782932341011414e-02 -2.056569304083475172e-02 -9.166467423533697671e-04 9.997880776161839345e-01 8.844835129018285835e-01
9.997938842024995942e-01 -8.768625227489917906e-03 1.831649408785874025e-02 3.669088642799561706e-02 8.777712035755369166e-03 9.999614083065171410e-01 -4.159560598340733919e-04 -2.458734869400398815e-02 -1.831214215351527341e-02 5.765766404785792202e-04 9.998322433491378947e-01 1.193794861332116097e+00
9.998733824238564827e-01 -1.108669110517865840e-02 1.140896374446491619e-02 3.484611193315483718e-02 1.111273275076942769e-02 9.999357307566443254e-01 -2.220977477794578055e-03 -2.676989848000399519e-02 -1.138360240783153031e-02 2.347549939524776544e-03 9.999323814751086559e-01 1.512959262476967215e+00
9.999286000207947556e-01 -1.192840378194739287e-02 7.575447537465429060e-04 3.056647785199959402e-02 1.193093111884255264e-02 9.999229674780737431e-01 -3.425632761237854505e-03 -3.635513173111348806e-02 -7.166397697322204885e-04 3.434424690794252253e-03 9.999938776572293575e-01 1.838008386789051762e+00
9.998113412913448572e-01 -1.108773688726696384e-02 -1.595398903230674931e-02 9.154751375932449267e-03 1.103012899433303447e-02 9.999323582452800396e-01 -3.694416980347135348e-03 -4.078822175338606137e-02 1.599387734788775689e-02 3.517817947843136783e-03 9.998659496447412920e-01 2.168690077899568802e+00
9.993760118414983795e-01 -6.793019938781497818e-03 -3.465793939980080923e-02 -2.894053476900142544e-02 6.678967975577116550e-03 9.999719188670622705e-01 -3.404866355577733372e-03 -4.587174375288642636e-02 3.468009795995873751e-02 3.171279992113489390e-03 9.993932787984282085e-01 2.514458110420143555e+00
9.984736590910785470e-01 -1.287128428797228424e-03 -5.520846805904529309e-02 -7.420516937141122260e-02 1.028595257137062497e-03 9.999883510423470678e-01 -4.710524978927859568e-03 -5.528700525089098872e-02 5.521389815848774113e-02 4.646532918497873338e-03 9.984633438704809683e-01 2.869456578460486629e+00
9.972844718097713113e-01 -1.160776711256112899e-03 -7.362299442311698305e-02 -1.203119298541852900e-01 7.913952758292074237e-04 9.999869774184496629e-01 -5.045945915614921153e-03 -5.511362330095623263e-02 7.362789984537670973e-02 4.973951125156829238e-03 9.972723415890402121e-01 3.231533536614759949e+00
9.954136059423456251e-01 -3.023862758705548465e-03 -9.562634506121922562e-02 -1.751592849900819038e-01 2.576081801037187567e-03 9.999851485184326760e-01 -4.807010143436291072e-03 -6.002110804571039737e-02 9.563946889948671259e-02 4.538633829383092837e-03 9.954066330361701631e-01 3.607580970404037579e+00
9.933550372632239389e-01 -3.757359415931145908e-03 -1.150476859325400558e-01 -2.316761948678586480e-01 3.429076681584103479e-03 9.999894716636561487e-01 -3.051266720221178664e-03 -6.814084390510113942e-02 1.150579488864132138e-01 2.636492393041616443e-03 9.933574564051512734e-01 3.994770957072433681e+00
9.912403075598198443e-01 -1.315414487715057352e-03 -1.320537716350839996e-01 -3.090079338707731882e-01 1.044366881987616753e-03 9.999972167931330258e-01 -2.121633114754021329e-03 -7.473020056856438664e-02 1.320562075196864693e-01 1.965179852342104506e-03 9.912389485016616097e-01 4.391753573576493430e+00
9.887775285351378951e-01 -1.415540202055513667e-03 -1.493660620684415519e-01 -3.865311337654676604e-01 1.152691407033703359e-03 9.999976508898547056e-01 -1.846840169907945335e-03 -8.042194976755402680e-02 1.493683267970823680e-01 1.653924328325408937e-03 9.887768172829239921e-01 4.806357285468369156e+00
9.868258062649660767e-01 -9.004894403609595881e-04 -1.618393287785108159e-01 -4.730095480425381416e-01 6.199684313848177709e-04 9.999982087774135220e-01 -1.783644234263398205e-03 -8.455702167809599212e-02 1.618406724884704495e-01 1.659771216241699232e-03 9.868246522931308773e-01 5.227592151751472294e+00
9.845068172292881226e-01 -2.807713151306626392e-03 -1.753078391213505338e-01 -5.610202126151060398e-01 2.375968275465325467e-03 9.999936155073322341e-01 -2.672013391480816940e-03 -9.104260763496584141e-02 1.753142369086864993e-01 2.214165346088140061e-03 9.845071785380992146e-01 5.663871969386946148e+00
9.830071644569452483e-01 -5.505380623290778187e-03 -1.834935782376924673e-01 -6.511669628124152620e-01 4.756627009273669757e-03 9.999784759763403752e-01 -4.520664834565102548e-03 -1.031354000590140735e-01 1.835145328462271519e-01 3.571018453285909264e-03 9.830121746988558229e-01 6.111283221867031656e+00
9.816082245603907630e-01 -5.079531989032158232e-03 -1.908397304043067122e-01 -7.455620651732220994e-01 3.970565431392099678e-03 9.999729669577595015e-01 -6.192757389346154398e-03 -1.102736376932698104e-01 1.908660347908957278e-01 5.321225100685505680e-03 9.816018538691181350e-01 6.579278823840023271e+00
9.799289077575056295e-01 -5.391548137052685520e-03 -1.993002241533025076e-01 -8.553292199128781359e-01 3.711979722977806762e-03 9.999543600846148017e-01 -8.799978607229662353e-03 -1.084604127374961396e-01 1.993385989837744010e-01 7.883615430923895592e-03 9.799042201415832931e-01 7.049350934190762530e+00
9.784050695935755382e-01 -5.726254202765209203e-03 -2.066459541623106300e-01 -9.655891426028242464e-01 3.448883878198131647e-03 9.999292616525292665e-01 -1.137745440593978911e-02 -1.194301345997232089e-01 2.066965386476096178e-01 1.041895039474748617e-02 9.783556225579116417e-01 7.535372558923816300e+00
9.765274382606589088e-01 -9.051991845108717932e-03 -2.151699372764682150e-01 -1.076251750826468401e+00 6.486183316829462371e-03 9.998992299694643426e-01 -1.262381568835825932e-02 -1.299352576458689679e-01 2.152625817927400487e-01 1.093143984268836293e-02 9.764878677691750664e-01 8.038968035940960988e+00
9.749870688051056611e-01 -1.531682391234604444e-02 -2.217345899555717148e-01 -1.197753475272577806e+00 1.251671203067357754e-02 9.998233737863845283e-01 -1.402969315841085321e-02 -1.441238140373709564e-01 2.219102550657754136e-01 1.090377632164773319e-02 9.750064996234759640e-01 8.553341630998493983e+00
9.729243576263065796e-01 -1.657589643584106778e-02 -2.305496139742608530e-01 -1.323754177498036588e+00 1.319117575485175518e-02 9.997815346247250767e-01 -1.621043053444027465e-02 -1.669223321330989274e-01 2.307680737290571105e-01 1.273025207061242135e-02 9.729304993886781494e-01 9.076879176833015705e+00
9.707105707462583277e-01 -1.254863591620502226e-02 -2.399496316408712970e-01 -1.477974416394042700e+00 7.885835446423869119e-03 9.997611763906464333e-01 -2.037820738334065671e-02 -1.686514212758155884e-01 2.401481814182527819e-01 1.788893226945106191e-02 9.705777690641149702e-01 9.612256494984109167e+00
9.691966839729659888e-01 -9.804286926481421693e-03 -2.460828234251934421e-01 -1.633887370489374380e+00 4.005133194283845219e-03 9.997026943865119364e-01 -2.405842354871093672e-02 -1.839329867066761270e-01 2.462454708224405542e-01 2.233221144163963570e-02 9.689477590916943939e-01 1.015833343478086093e+01
9.666558453898310699e-01 -1.214019951706800382e-02 -2.558231350719523123e-01 -1.788275968837211627e+00 5.737761493324204480e-03 9.996516889054354316e-01 -2.575542676945488663e-02 -2.035293951766422305e-01 2.560468673880366142e-01 2.342842005855012150e-02 9.663888677776403258e-01 1.071873851369728747e+01
9.645485740344885706e-01 -1.451725610726260773e-02 -2.635151889723843510e-01 -1.950758862970582097e+00 7.539610022732110874e-03 9.995942428111362910e-01 -2.747146620365819442e-02 -2.355502109244015374e-01 2.638070101540743173e-01 2.451128899644316322e-02 9.642665807564568814e-01 1.128491931350255051e+01
9.625707497209801122e-01 -1.469312591825747312e-02 -2.706767221817500402e-01 -2.128587640609940657e+00 6.733699254017021067e-03 9.995177440564732008e-01 -3.031538563460255478e-02 -2.555196025401043625e-01 2.709916768245785312e-01 2.735802216146012919e-02 9.622055607307561376e-01 1.187217324885022940e+01
9.599714013215168151e-01 -1.335489826325731572e-02 -2.797970143540625121e-01 -2.314556755190764648e+00 3.922497264295795802e-03 9.994058628011655010e-01 -3.425353851921553172e-02 -2.774392246157195152e-01 2.800881141600898849e-01 3.178543267908281317e-02 9.594533690407700544e-01 1.246649947333615316e+01
9.579979639292792726e-01 -1.468896686509287529e-02 -2.864520109469610443e-01 -2.505933197301265292e+00 3.739573338958626734e-03 9.992423111436076200e-01 -3.874498231628231010e-02 -3.057341068365782011e-01 2.868041386954227612e-01 3.604614447104421276e-02 9.573270166637160017e-01 1.306437775563842685e+01
9.559364378823712594e-01 -1.624609317161238367e-02 -2.930805398316417287e-01 -2.697421207939743049e+00 2.770939603304934697e-03 9.989225198808501238e-01 -4.633431798902470922e-02 -3.441011133442355430e-01 2.935173450532151951e-01 4.348091275471786810e-02 9.549514064831473581e-01 1.367955930229306816e+01
9.549159399189005581e-01 -1.571387634832425995e-02 -2.964633098795362298e-01 -2.903622366801927868e+00 -5.318391097628762934e-04 9.985061458885327035e-01 -5.464000234824194224e-02 -3.763049386221077874e-01 2.968789695334611012e-01 5.233451215080350133e-02 9.534810022853710265e-01 1.430368834758687591e+01
9.537603053612897508e-01 -1.611950073177509379e-02 -3.000611312036298717e-01 -3.117538011479191074e+00 -3.174398369481265178e-03 9.979650295864856968e-01 -6.369312284347598829e-02 -4.217239071827448282e-01 3.004771354630707547e-01 6.170019198926423448e-02 9.517681886499420596e-01 1.494012852161180760e+01
9.522922359080565613e-01 -1.598539899518729851e-02 -3.048337627526916394e-01 -3.339371828965278954e+00 -6.412332331176848720e-03 9.973588404688423781e-01 -7.233266216096728707e-02 -4.642080440173522171e-01 3.051857190082041815e-01 7.083392332319822515e-02 9.496747116441888181e-01 1.558632189342191410e+01
9.512268919729035543e-01 -1.465180742640937936e-02 -3.082241007756178486e-01 -3.560714835904898123e+00 -1.029618320180725362e-02 9.968070924746477157e-01 -7.916321903750403455e-02 -5.264202799753399109e-01 3.084003648348219717e-01 7.847429736943416223e-02 9.480388800849197661e-01 1.624316192349196797e+01
9.493300984432557765e-01 -1.350560895087714493e-02 -3.140571876488466585e-01 -3.804503745516811364e+00 -1.424115108712525370e-02 9.962014709411922686e-01 -8.590483897612258279e-02 -5.866764998870070968e-01 3.140246100110927197e-01 8.602406898797049228e-02 9.455316439639408488e-01 1.691116301978959768e+01
9.484582318673396850e-01 -1.218466204880616806e-02 -3.165957693677200480e-01 -4.043212613871627781e+00 -1.760577383920193181e-02 9.956912856360268238e-01 -9.106160862225823327e-02 -6.535381804634086134e-01 3.163402906849868135e-01 9.194556826510599801e-02 9.441571002334503415e-01 1.758437317899269914e+01
9.469713588149353267e-01 -9.995887529248974682e-03 -3.212663788542594601e-01 -4.296932916238756839e+00 -2.246244754534062679e-02 9.950113173531753841e-01 -9.719618167776422624e-02 -7.257685777659094173e-01 3.206360751873105208e-01 9.925517141702459856e-02 9.420225723784897420e-01 1.827788987741149285e+01
9.448924073727742456e-01 -7.350619237789149558e-03 -3.273764632162053378e-01 -4.553477122890318363e+00 -2.703107020213017797e-02 9.945825829583748723e-01 -1.003911953687064013e-01 -8.016772394998902262e-01 3.263412900519864768e-01 1.037069739057344397e-01 9.395747876534702447e-01 1.898034181454641001e+01
9.433688570610095914e-01 -6.662134930703035585e-03 -3.316648713157463457e-01 -4.819585141222836100e+00 -2.874105834828601450e-02 9.943979139740526385e-01 -1.017087162895086300e-01 -8.789399254805456696e-01 3.304847066247059151e-01 1.054800958408408790e-01 9.378925159407985879e-01 1.968562141226970752e+01
9.410783390688302052e-01 -5.495627414733850885e-03 -3.381669022590985119e-01 -5.096668752369147626e+00 -3.021775326444830351e-02 9.945022509946966904e-01 -1.002759590246654342e-01 -9.677564325299004011e-01 3.368590697387240929e-01 1.045856072879541576e-01 9.357384058890795275e-01 2.040986791699460667e+01
9.384601512821133529e-01 -6.268759307709940477e-03 -3.452613605544106457e-01 -5.370282231658017658e+00 -2.998587063108210105e-02 9.945813730246255702e-01 -9.954488115031179252e-02 -1.051395539422546710e+00 3.440139839283594125e-01 1.037746241391016983e-01 9.331868773541803774e-01 2.114282292677622976e+01
9.363481019816279893e-01 -5.923561610546282732e-03 -3.509843677173308807e-01 -5.656165446075167580e+00 -3.021244541391463964e-02 9.947887725672650561e-01 -9.736972712844242650e-02 -1.133120567230371245e+00 3.497317111527684097e-01 1.017776949171659839e-01 9.312894660310937489e-01 2.187918392054677952e+01
9.341569704701465637e-01 -4.991519665762529992e-03 -3.568179683430501847e-01 -5.949634261346570696e+00 -3.046968032989388550e-02 9.951352024799187124e-01 -9.368250164983141226e-02 -1.218147132486999906e+00 3.555499185455911482e-01 9.838554050361961179e-02 9.294603161399009883e-01 2.261103234823148966e+01
9.296449387551617427e-01 -2.346789622875967117e-03 -3.684435371904293266e-01 -6.273493228994111881e+00 -3.231116355416614738e-02 9.956081068846743820e-01 -8.786175281921544677e-02 -1.294185418871040660e+00 3.670313266365035632e-01 9.358623076550878772e-02 9.254860757972367402e-01 2.338164039990981635e+01
9.266778665761237210e-01 1.954550823123951995e-05 -3.758525479429027927e-01 -6.585463255675292338e+00 -3.343414491751088569e-02 9.960399220172879708e-01 -8.237473973297726459e-02 -1.375416201775251146e+00 3.743623889418105088e-01 8.890167000342973080e-02 9.230089398459195849e-01 2.413270361571093048e+01
9.230440009975379168e-01 3.321713832773891956e-03 -3.846801854207621552e-01 -6.920720519163261031e+00 -3.632010626423252259e-02 9.962484183105774216e-01 -7.855351646322994430e-02 -1.449326469573002818e+00 3.829759253439292688e-01 8.648175318766461450e-02 9.197020837131250071e-01 2.487952023634078458e+01
9.200457367535941344e-01 3.833174224814517653e-03 -3.917561111040515631e-01 -7.263911368967874260e+00 -3.685867623946620375e-02 9.963644485709647336e-01 -7.679205195379297522e-02 -1.521537932164718443e+00 3.900373357545639519e-01 8.509180691342817238e-02 9.168422446375995571e-01 2.564596391904886374e+01
9.154750906315802794e-01 4.636940126680049248e-03 -4.022580718050167148e-01 -7.612818656451263877e+00 -3.849139026916860440e-02 9.963570230784157822e-01 -7.611214426298942848e-02 -1.600500752423103412e+00 4.004389044235500683e-01 8.517002955095086258e-02 9.123186869949602151e-01 2.642193577832484053e+01
9.118549420653847548e-01 5.904825895999749052e-03 -4.104679238848961131e-01 -7.975427574256424457e+00 -3.995805455358906327e-02 9.964250861812135041e-01 -7.443848237318857752e-02 -1.667715227801020106e+00 4.085607791588979909e-01 8.428086477666452137e-02 9.088312850964499479e-01 2.716977579961172040e+01
9.079752311995571423e-01 6.027480477070503752e-03 -4.189648704629617693e-01 -8.354289214957967502e+00 -4.028199040109205903e-02 9.965211321272522405e-01 -7.297606164820243102e-02 -1.733959817865123210e+00 4.170677932441018698e-01 8.313782564268890063e-02 9.050592864305763152e-01 2.796631005558151273e+01
9.040926014512189468e-01 5.192203263662861779e-03 -4.273060544885994294e-01 -8.732888483678078018e+00 -3.922786497549773238e-02 9.967129182764984385e-01 -7.088338921717265984e-02 -1.809416961766626031e+00 4.255341427387921427e-01 8.084267339341472125e-02 9.013239873371020616e-01 2.876808241163990942e+01
9.010983700052930256e-01 5.675552984789763999e-03 -4.335125690225356543e-01 -9.132319237016982783e+00 -3.831826909574445605e-02 9.970446875301068879e-01 -6.657707031579394863e-02 -1.876070094510991826e+00 4.318533254958221157e-01 7.660597863410702202e-02 8.986528471009836982e-01 2.955957117339706031e+01
8.970685122996535643e-01 6.506676334393185317e-03 -4.418438404170708655e-01 -9.538175224573491207e+00 -3.724611660664792906e-02 9.974468988414282311e-01 -6.095988030159082277e-02 -1.941399382696997522e+00 4.403195837777985067e-01 7.114333446059996346e-02 8.950202901337904748e-01 3.035382809173365715e+01
8.935170431396989299e-01 7.330430551570762780e-03 -4.490394511974983849e-01 -9.957741127832672845e+00 -3.633154129621022493e-02 9.977687250633410221e-01 -5.603836728531638028e-02 -2.007515379720617776e+00 4.476272267362498281e-01 6.638516534868785235e-02 8.917896240432066080e-01 3.117484759401910566e+01
8.897516333639051700e-01 8.813518709037898927e-03 -4.563646154425352597e-01 -1.039212117173965488e+01 -3.743197314549203542e-02 9.978547613922859050e-01 -5.373000519606990072e-02 -2.066323330374940426e+00 4.549122726112042603e-01 6.489134276631407239e-02 8.881728525277446940e-01 3.199112029623768549e+01
8.864955828967672202e-01 7.708306316570222999e-03 -4.626901410252828306e-01 -1.083663604485608900e+01 -3.604055252934139364e-02 9.979738786217207114e-01 -5.242997323325571807e-02 -2.125111768548724189e+00 4.613481888439688317e-01 6.315867774576912341e-02 8.849776267230895499e-01 3.282397518974502759e+01
8.835924304421827191e-01 7.103638208338742752e-03 -4.682618199736462428e-01 -1.128584187803384964e+01 -3.517147127848131022e-02 9.980671661297003672e-01 -5.123879776869113417e-02 -2.180971128874821474e+00 4.669930307797243718e-01 6.174265459255950245e-02 8.821344083452619111e-01 3.365697709684656758e+01
8.804556864928595461e-01 7.419051002145321538e-03 -4.741430504132601031e-01 -1.175494241271636575e+01 -3.515919336231750070e-02 9.981463139556098207e-01 -4.966568578048037585e-02 -2.245143142307114648e+00 4.728956736670604788e-01 6.039531224629820366e-02 8.790843165185413532e-01 3.449751522221477984e+01
8.783308987726360373e-01 6.024641667190495410e-03 -4.780257103428602328e-01 -1.222920557596177460e+01 -3.360451504500762410e-02 9.982251635020235048e-01 -4.915957796345952341e-02 -2.301335618332495336e+00 4.768812140048138137e-01 5.924099160227517397e-02 8.769743804400319531e-01 3.536002266070483557e+01
8.765422008193269887e-01 4.474816898429653973e-03 -4.813154715693972463e-01 -1.271118875208954968e+01 -3.234268149711648499e-02 9.982442877002162263e-01 -4.961320282933150833e-02 -2.355564114734216119e+00 4.802485096563392508e-01 5.905408306972577404e-02 8.751478867665593020e-01 3.621817624224416932e+01
8.751354977847187744e-01 4.863153332614940198e-03 -4.838239120921438707e-01 -1.321332376819447596e+01 -3.296135612781729562e-02 9.982258688089786780e-01 -4.959144715174725743e-02 -2.411196254666474470e+00 4.827243688207664696e-01 5.934982446743925638e-02 8.737432781816933947e-01 3.709635155459668709e+01
8.751430216186365518e-01 4.708717220486348214e-03 -4.838866855111645382e-01 -1.371507873043433179e+01 -3.250938137178761150e-02 9.982653429524726008e-01 -4.907858590607903915e-02 -2.470223546184710184e+00 4.828164693278058084e-01 5.867743063971755241e-02 8.737779385676239796e-01 3.797978418166695747e+01
8.751518204059480777e-01 4.895271597405551761e-03 -4.838925840336115725e-01 -1.422373812558364392e+01 -3.197142317829644587e-02 9.983485610434903457e-01 -4.771983500567001518e-02 -2.523418741498098861e+00 4.828601081752548763e-01 5.722834811220969126e-02 8.738628282749884013e-01 3.888248695091294849e+01
8.742625898173772558e-01 4.034633254237618080e-03 -4.853357560482296496e-01 -1.474097977870777676e+01 -3.035237813545239513e-02 9.984635018505473303e-01 -4.636743530526105106e-02 -2.583965815085263351e+00 4.844029129049530757e-01 5.527019041131886468e-02 8.730415017158646984e-01 3.979980926788536522e+01
8.740343687509777304e-01 2.503514865917939435e-03 -4.858577953138850658e-01 -1.525496174886957768e+01 -2.918120284682008264e-02 9.984520805474843552e-01 -4.735030003488623768e-02 -2.652871483274930053e+00 4.849873605604761995e-01 5.556067592961156515e-02 8.727543582348024076e-01 4.071352059116791366e+01
8.726456687995663986e-01 5.342649041409383397e-04 -4.883050580391756768e-01 -1.579036635561193869e+01 -2.738708861923287718e-02 9.984792865726809241e-01 -4.783624951698137173e-02 -2.700928774457437509e+00 4.875368327051275430e-01 5.511668227689239807e-02 8.713332093196780592e-01 4.164545926286326250e+01
8.721011278635286690e-01 5.045994342923147821e-04 -4.893178109673548826e-01 -1.632397124329947502e+01 -2.660825905320593487e-02 9.985687442634294531e-01 -4.639353715392287997e-02 -2.771363717699288021e+00 4.885938180906609918e-01 5.348259350927934280e-02 8.708666259428051726e-01 4.256831977683276591e+01
8.694632775074628839e-01 6.320579454423550436e-04 -4.940546289958022141e-01 -1.686323517728622789e+01 -2.458998178372759705e-02 9.988149366615612923e-01 -4.199340450159450011e-02 -2.826765647977679041e+00 4.934424265848935121e-01 4.866105058816828921e-02 8.684484870905893050e-01 4.349747569643039213e+01
8.671187077947591915e-01 2.751732685944640829e-04 -4.980077147822178363e-01 -1.740002456611117410e+01 -2.190418245377130993e-02 9.990534697767493588e-01 -3.758816157421990961e-02 -2.889671322150508814e+00 4.975257932472471611e-01 4.350638242837590042e-02 8.663042356784610432e-01 4.443336451965600986e+01
8.632057360142272318e-01 4.533790456567269450e-05 -5.049451706565070142e-01 -1.794930051840252716e+01 -2.075386649490884236e-02 9.991579391752760664e-01 -3.538595617315929559e-02 -2.943617527476440454e+00 5.045184027718401243e-01 4.102182893853294210e-02 8.624798864598194337e-01 4.535380657133273274e+01
8.578019707184987297e-01 -3.011961510253708708e-03 -5.138447234164795763e-01 -1.850739723220662825e+01 -1.893565404764308707e-02 9.991188335900453854e-01 -3.746583515547874388e-02 -3.001130579073499671e+00 5.135046794728133079e-01 4.187044625543909909e-02 8.569891197217601730e-01 4.627330721400765867e+01
8.524103430941424309e-01 -5.892340515853190276e-03 -5.227477947986065576e-01 -1.907329609996844511e+01 -1.801419005171837201e-02 9.990120659366037437e-01 -4.063606837174013608e-02 -3.061807731473960903e+00 5.224706151213179828e-01 4.405885755149242106e-02 8.514620862275853463e-01 4.718114233118959078e+01
8.459799597401685967e-01 -5.832875603357592573e-03 -5.330432254738196596e-01 -1.965724239438372223e+01 -1.827408141047764598e-02 9.990356668305278021e-01 -3.992862639190969398e-02 -3.117383587221011165e+00 5.327619643490194568e-01 4.352236567780049664e-02 8.450575655489021010e-01 4.808897065479204969e+01
8.402527864278908076e-01 -2.287845127120798853e-03 -5.421103046138051607e-01 -2.025683171086872747e+01 -1.938922395328979836e-02 9.992247437363407370e-01 -3.426628707900991611e-02 -3.165196298431364852e+00 5.417684886956397605e-01 3.930583109315564927e-02 8.395570605568989375e-01 4.899878715314417832e+01
8.359530441075593288e-01 2.778024826922875150e-04 -5.486322046049298962e-01 -2.086235531190723336e+01 -2.025323745480053783e-02 9.993343277437792826e-01 -3.034189453798891850e-02 -3.218305505523200605e+00 5.482584276318789307e-01 3.648066336765620754e-02 8.354022705780134173e-01 4.989103332901206045e+01
8.315709857345854328e-01 1.371231494795101041e-03 -5.554496277706078011e-01 -2.146878225831249054e+01 -2.246232648039787894e-02 9.992620078798872818e-01 -3.115096260987343726e-02 -3.269442807265888096e+00 5.549970262032729584e-01 3.837820613234218387e-02 8.309881333233936074e-01 5.077941197681789021e+01
8.277113855080222571e-01 -7.716265479871438088e-04 -5.611627824922781338e-01 -2.208296190961896954e+01 -2.312490514177656040e-02 9.991026377594347530e-01 -3.548002341239672730e-02 -3.317727868541934022e+00 5.606863068624655666e-01 4.234910751214093771e-02 8.269509398825677371e-01 5.165928582053810203e+01
8.260918528005329886e-01 -2.566474142921127636e-03 -5.634884380900404555e-01 -2.269584474807826524e+01 -2.603536981859755003e-02 9.987479940277655954e-01 -4.272143852012427051e-02 -3.380820144989078901e+00 5.628923351298510402e-01 4.996861942543131402e-02 8.249908521386817295e-01 5.254221250946416433e+01
8.224730553799918242e-01 -3.064286228332460844e-03 -5.687374611509135036e-01 -2.331825334849822795e+01 -2.630432178263919507e-02 9.987108677965130799e-01 -4.341313305869733130e-02 -3.439372913204313598e+00 5.681372985862959135e-01 5.066718472008193558e-02 8.213322129929290227e-01 5.341650904416101042e+01
8.200062699203815031e-01 -1.202967747394225384e-03 -5.722925586554595823e-01 -2.393904092282395979e+01 -2.594207168791529128e-02 9.988918943413751528e-01 -3.925749166610095764e-02 -3.492657944832445072e+00 5.717055010566344242e-01 4.703964073360638459e-02 8.190665612326283318e-01 5.429487687928899931e+01
8.163550458819960332e-01 1.576287920700927987e-04 -5.776425760628421946e-01 -2.457998536491925989e+01 -2.434832223463356468e-02 9.991203000462502981e-01 -3.414163362189304163e-02 -3.542909702916320125e+00 5.771290501858182820e-01 4.193509239353312296e-02 8.156409250907358244e-01 5.517542465979298782e+01
8.130974182370770409e-01 1.795656806182257094e-03 -5.822448975553456973e-01 -2.522310194343190659e+01 -2.433677381612840002e-02 9.992259137845970196e-01 -3.091240767418368743e-02 -3.595340528078107667e+00 5.817390252046085175e-01 3.929797774728976262e-02 8.125116823215877693e-01 5.605086289995646354e+01
8.108304794869964915e-01 3.051184900710244424e-03 -5.852263884235796576e-01 -2.586189726223975427e+01 -2.638632445874253621e-02 9.991602541417613503e-01 -3.134399188232671329e-02 -3.647319067450737418e+00 5.846394023505554483e-01 4.085554191287769921e-02 8.102301063485067845e-01 5.692397217428491274e+01
8.067605220603955019e-01 1.965555139003722501e-03 -5.908064196433285842e-01 -2.651716690724739678e+01 -2.610511983814541720e-02 9.991366655581690459e-01 -3.233016231602408447e-02 -3.679430786565807576e+00 5.902329701793815886e-01 4.150703083144340749e-02 8.061153179127467094e-01 5.777527606432480667e+01
8.026385641552130634e-01 4.200943671420730163e-04 -5.964885380535984716e-01 -2.717217383979093981e+01 -2.633456391764042726e-02 9.990495841956462675e-01 -3.474458239165467005e-02 -3.742192166903953066e+00 5.959070428627445404e-01 4.359753731249044195e-02 8.018868428753371802e-01 5.864696132819592833e+01
8.000358222853409806e-01 -9.446561760401431728e-04 -6.001122058640651069e-01 -2.782899308345259826e+01 -2.528259046594319437e-02 9.990572411689511156e-01 -3.528215081992290558e-02 -3.799159953388658195e+00 5.995800071682702015e-01 4.339534849550052975e-02 7.992579978898549653e-01 5.951805520209260436e+01
7.950931068285695957e-01 -1.664117454097529657e-03 -6.065762179994742542e-01 -2.850739831010039893e+01 -2.339936405572492703e-02 9.991675821521222023e-01 -3.341935379530479311e-02 -3.830839920569665935e+00 6.061272420916999915e-01 4.075945094966414856e-02 7.943922794259856701e-01 6.038591591255051583e+01
7.897309102278073922e-01 9.899028730125902212e-05 -6.134215706276940905e-01 -2.918060594839829847e+01 -2.567312142579286638e-02 9.991291741484013000e-01 -3.288759134649522214e-02 -3.882501481617923744e+00 6.128842263396596657e-01 4.172211148877069675e-02 7.890456301356628677e-01 6.122471076888616892e+01
7.849731918857728585e-01 -2.324025260639061511e-03 -6.195870364498720084e-01 -2.987289459164793115e+01 -2.409833938968750089e-02 9.991217419882212347e-01 -3.427675224778468227e-02 -3.954450996881009317e+00 6.191226689644740988e-01 4.183212373164600650e-02 7.842276650601796018e-01 6.208908973105184970e+01
7.796655196240440677e-01 -3.289331589447187613e-03 -6.263200556394679097e-01 -3.057176789969493669e+01 -2.347414791894002206e-02 9.991298200250466888e-01 -3.447495362261348423e-02 -4.001832728446488296e+00 6.258885011543713350e-01 4.158061960308063326e-02 7.789097647019530557e-01 6.294219159719848022e+01
7.744546080630965168e-01 -4.589528356120709147e-03 -6.327069021202056387e-01 -3.127422432823917475e+01 -2.312193477107806622e-02 9.991002239852124767e-01 -3.554333595565869336e-02 -4.054506665214899996e+00 6.323010121876843082e-01 4.215078203526181899e-02 7.736516293812872869e-01 6.377995159542719961e+01
7.683540088681595215e-01 -5.077764943656792700e-03 -6.400676584660137669e-01 -3.199004330053658407e+01 -2.334022847848679985e-02 9.990810905092341043e-01 -3.594149310694411126e-02 -4.108743046312964609e+00 6.396623230571253371e-01 4.255095875645986681e-02 7.675292832710748359e-01 6.462641253681877629e+01
7.635141856502782876e-01 -7.522410404295398582e-03 -6.458701063253204921e-01 -3.272260135746517307e+01 -2.202074652300615998e-02 9.990474601674421695e-01 -3.766274255577518187e-02 -4.166476414808340856e+00 6.455383346282043133e-01 4.297462107973011591e-02 7.626212569952376397e-01 6.547712836201138487e+01
7.557445441832916222e-01 -8.953343810195120087e-03 -6.547823323861072797e-01 -3.346254770134141410e+01 -2.096391623805325677e-02 9.990634492114629506e-01 -3.784516976821569734e-02 -4.218213571017805030e+00 6.545082106959260182e-01 4.232310721326058151e-02 7.548487935238857860e-01 6.631805773254073699e+01
7.511313607618993471e-01 -8.509064330095274242e-03 -6.600093036877754393e-01 -3.420806295838517741e+01 -2.010182928869014632e-02 9.991585043093063057e-01 -3.575082006896244946e-02 -4.270060017421061005e+00 6.597579805529369956e-01 4.012222613474536459e-02 7.503280562811810439e-01 6.715284286411284143e+01
7.449075576791260866e-01 -9.066524330230196771e-03 -6.670414507186106512e-01 -3.495329871623221862e+01 -1.882376216240697411e-02 9.992239727831502272e-01 -3.460418346140211460e-02 -4.324767480029979794e+00 6.668373815076655831e-01 3.833895855038001177e-02 7.441588390483744320e-01 6.798295161763209649e+01
7.377158476609199100e-01 -1.052389165159910676e-02 -6.750870233295899192e-01 -3.572298783768827946e+01 -1.798409897763921655e-02 9.992173110242851264e-01 -3.523814040679433546e-02 -4.381178645174741426e+00 6.749295951859640708e-01 3.813730799588334330e-02 7.369492184624697462e-01 6.880545758053794714e+01
7.322037722260392734e-01 -1.276459674668660969e-02 -6.810342148454550104e-01 -3.650756782473895612e+01 -1.732293315762480079e-02 9.991519539932470773e-01 -3.735457561263021836e-02 -4.441663595361249328e+00 6.809335871953253738e-01 3.914646501406814083e-02 7.313615684737070355e-01 6.963414745465352951e+01
7.264644092301124623e-01 -1.197356168707269450e-02 -6.870891917367204504e-01 -3.729846302800483926e+01 -1.842304100413592882e-02 9.991495443481883676e-01 -3.689892057131308883e-02 -4.491787493217679561e+00 6.869466603385480097e-01 3.946554863769716204e-02 7.256259303213880019e-01 7.045448587691595321e+01
7.206697228201643934e-01 -1.106372388207663669e-02 -6.931815581337864574e-01 -3.810515431156172639e+01 -1.883131723421220191e-02 9.991913455188928816e-01 -3.552069814954138954e-02 -4.548391150988972953e+00 6.930140906683566193e-01 3.865156278014750257e-02 7.198785165837333633e-01 7.126904874865735451e+01
7.160966067381129285e-01 -1.165606975820420756e-02 -6.978674378570415282e-01 -3.890525075478887373e+01 -1.903120964389361930e-02 9.991628235646664580e-01 -3.622770536295333299e-02 -4.605731317839677708e+00 6.977053933109748085e-01 3.922588635259369877e-02 7.152752901180582379e-01 7.208190308278790326e+01
7.109283312606478056e-01 -1.145456514042190142e-02 -7.031073804210519196e-01 -3.973002975626771160e+01 -1.972430445785292724e-02 9.991492895078457614e-01 -3.621948044997888583e-02 -4.663290923572839475e+00 7.029241980083505981e-01 3.961804902439543252e-02 7.100975739718020652e-01 7.290134221359095079e+01
7.053227555200713983e-01 -1.333511660010941804e-02 -7.087830183958784280e-01 -4.056094215837808292e+01 -2.022929346275285575e-02 9.990372226214687679e-01 -3.892264103669672293e-02 -4.721861293873532262e+00 7.086199572214846309e-01 4.178761899476278463e-02 7.043739262201847984e-01 7.370558316220096629e+01
7.015533907000991443e-01 -1.557554302568953802e-02 -7.123356284343748124e-01 -4.138324844070002939e+01 -2.004434075927769010e-02 9.989343174451636997e-01 -4.158426200311957088e-02 -4.781495357665150436e+00 7.122241527378139203e-01 4.345194771425779645e-02 7.004934796751720594e-01 7.451674815066991187e+01
6.960687702028511836e-01 -1.546782784953093515e-02 -7.178097059285921677e-01 -4.223450240204096673e+01 -2.095657911107300098e-02 9.989042155901395326e-01 -4.184331394439112783e-02 -4.846010947308823980e+00 7.176706359256691536e-01 4.416392421472678520e-02 6.949820579997343373e-01 7.531671931514549101e+01
6.912982940833825030e-01 -1.628849352729231162e-02 -7.224772117044507835e-01 -4.309039077236934645e+01 -1.958894897966642276e-02 9.989559301606715236e-01 -4.126655221561730674e-02 -4.903514038179149992e+00 7.223950926647979554e-01 4.268022317287434308e-02 6.902575960722610038e-01 7.612243866673112791e+01
6.866902005996717850e-01 -1.627098236875187606e-02 -7.267410358618128230e-01 -4.395685273650880731e+01 -1.925575466912813477e-02 9.989915959970046000e-01 -4.055449851379827608e-02 -4.967992064705515354e+00 7.266678692073716972e-01 4.184534564726227757e-02 6.856844658392369229e-01 7.691256318132050751e+01
6.810757637955321409e-01 -1.665638638419707565e-02 -7.320111897165004766e-01 -4.482323667362186370e+01 -1.882424299692348618e-02 9.990125180621571843e-01 -4.025184677495703689e-02 -5.033936448844234413e+00 7.319588606474486392e-01 4.119251043162742987e-02 6.800897119167249594e-01 7.771847057256337621e+01
6.773572897664217329e-01 -1.844618321401302746e-02 -7.354787573133964029e-01 -4.569224217315544223e+01 -1.677810956460674269e-02 9.990381967120089968e-01 -4.050785492725935549e-02 -5.093236199794664465e+00 7.355184688429642348e-01 3.978055850939047483e-02 6.763963593200620350e-01 7.853084696238857987e+01
6.722511288209155333e-01 -1.837808535944796332e-02 -7.400604355171372939e-01 -4.659363054249558900e+01 -1.653860467226397554e-02 9.990695298835667870e-01 -3.982267846476415796e-02 -5.149894115145843720e+00 7.401036825839836242e-01 3.901289515818202186e-02 6.713217081816569287e-01 7.930492695434361394e+01
6.673010135722344804e-01 -1.931841377069386245e-02 -7.444809368013258766e-01 -4.749010609843001163e+01 -1.560730425693861688e-02 9.990813562180869134e-01 -3.990646747631182434e-02 -5.214930393937408759e+00 7.445680434147456950e-01 3.824929983486019536e-02 6.663865472934191736e-01 8.008316025125529336e+01
6.646884211159733713e-01 -2.197576892328174589e-02 -7.467105046060904527e-01 -4.838990068434188885e+01 -1.239825931306550930e-02 9.991053156156285420e-01 -4.043972384541442977e-02 -5.278635469002526115e+00 7.469309015154607101e-01 3.614168086242640354e-02 6.638213455323447310e-01 8.088502839060684835e+01
6.606210840626064451e-01 -2.674713366219379565e-02 -7.501973857890986697e-01 -4.930132345677445471e+01 -9.087371912733524515e-03 9.990070497199619037e-01 -4.361392484976888556e-02 -5.336875253189243828e+00 7.506189166941518165e-01 3.563253496580685159e-02 6.597219896228883051e-01 8.168018062771901100e+01
6.557140577614217758e-01 -3.071055866440739954e-02 -7.543531233255551527e-01 -5.021710541340324596e+01 -5.409163641799268930e-03 9.989558972934962089e-01 -4.536124401581238114e-02 -5.403402885413235879e+00 7.549582758129753657e-01 3.383042606418099757e-02 6.548631045420975072e-01 8.245832086232455538e+01
6.495402513198110794e-01 -3.444301533138408034e-02 -7.595916476144630725e-01 -5.114499607403934078e+01 -4.570721135906613357e-04 9.989557481266511108e-01 -4.568079257381930935e-02 -5.471148541762969053e+00 7.603719389645593463e-01 3.001901860748490414e-02 6.488461817592876546e-01 8.324981546409341604e+01
6.412056869053909258e-01 -3.858858245783725743e-02 -7.664002159832591365e-01 -5.207102802671425934e+01 5.566268981373651697e-03 9.989424006416204316e-01 -4.564513150966291455e-02 -5.542292933336995020e+00 7.673510141942005980e-01 2.500328883412438266e-02 6.407424368403484838e-01 8.403465436577549497e+01
6.339195258813513645e-01 -3.897491948625652486e-02 -7.725516804823798767e-01 -5.301341088859596340e+01 7.978132976496882245e-03 9.990058053063051169e-01 -4.386749435830263749e-02 -5.615244220236411010e+00 7.734934063274507832e-01 2.164852421285723069e-02 6.336002949949000040e-01 8.481207291824500771e+01
6.240601749143048771e-01 -3.863070691959862718e-02 -7.804035442817647272e-01 -5.398524087688495143e+01 9.892944848399439980e-03 9.990877616450413168e-01 -4.154265079740127042e-02 -5.675457936184587382e+00 7.812965299473305647e-01 1.820487604598892278e-02 6.238729636901351183e-01 8.557083443149367952e+01
6.141018457218175852e-01 -3.801434922262868915e-02 -7.883269125921708032e-01 -5.496471212200384571e+01 9.326944676324968458e-03 9.991192475400629824e-01 -4.090801250804424610e-02 -5.745565983810174693e+00 7.891877164451843729e-01 1.777115558994241812e-02 6.139154590719516635e-01 8.632600358853136413e+01
6.063649946420018866e-01 -3.874882950415432792e-02 -7.941815267492774444e-01 -5.594351020519690820e+01 7.957984481415008096e-03 9.990576382122263732e-01 -4.267217572341484855e-02 -5.810544549267181225e+00 7.950866577600173013e-01 1.955477909402054612e-02 6.061020921060991107e-01 8.706938508503769469e+01
5.949572766227592124e-01 -4.206996492785478048e-02 -8.026163138595314717e-01 -5.694316137982052339e+01 9.757229816137068593e-03 9.989338359678318069e-01 -4.513700766791391150e-02 -5.880246528833454889e+00 8.036588802319657443e-01 1.903206401155766239e-02 5.947330906145177343e-01 8.779573129680699139e+01
5.854898075544189284e-01 -4.246143025743374932e-02 -8.096576341940069366e-01 -5.795310664197221939e+01 9.031985586130976407e-03 9.989071886845974912e-01 -4.585411838092727510e-02 -5.950815873762066666e+00 8.107201846803073764e-01 1.953462987467985412e-02 5.852334120480321422e-01 8.851468325458775155e+01
5.751446623746019338e-01 -4.433843770762106035e-02 -8.168612843500431264e-01 -5.897761271096948832e+01 1.308875185325661383e-02 9.989009479625574617e-01 -4.502144565963082240e-02 -6.019267221619390540e+00 8.179593071089408252e-01 1.520643716870786512e-02 5.750931383086232973e-01 8.923378356661945077e+01
5.649739598755693093e-01 -4.428820057267757182e-02 -8.240041079078005426e-01 -6.001343516656451982e+01 1.494152481987988390e-02 9.989436025853423162e-01 -4.343893552634964239e-02 -6.090602458319713364e+00 8.250585290053416010e-01 1.221963578367511044e-02 5.650391726732132414e-01 8.994124984697360503e+01
5.539710530101226160e-01 -4.552503446370358142e-02 -8.312745428927338365e-01 -6.106451791405445562e+01 1.606223111226539810e-02 9.989024593699515897e-01 -4.400001261166381489e-02 -6.164380507101506090e+00 8.323653852731194291e-01 1.102362353987568211e-02 5.540941156220927644e-01 9.063093315303386532e+01
5.459256711959485919e-01 -4.561703753913877446e-02 -8.366425061031999011e-01 -6.211774788253625701e+01 1.469043464753413790e-02 9.988838659468669556e-01 -4.488892945846484350e-02 -6.234762574967938953e+00 8.377570334471761138e-01 1.220429196044292564e-02 5.459872315224982842e-01 9.131027218982276850e+01
5.335825635725223171e-01 -4.598973095919617338e-02 -8.444087448368113868e-01 -6.318742126342709753e+01 1.342230736480348567e-02 9.988551243931900192e-01 -4.591628423917479968e-02 -6.307001153274481631e+00 8.455538869857531781e-01 1.316379097532936054e-02 5.335889996563581983e-01 9.196664762879542820e+01
5.253397702024384941e-01 -4.650172775049839224e-02 -8.496145223722307849e-01 -6.427139753204006922e+01 1.240861745318906639e-02 9.988183494390887596e-01 -4.699650534851698008e-02 -6.382091313926214760e+00 8.507955116180648814e-01 1.415667356339246272e-02 5.252954965007459176e-01 9.262848819408030465e+01
5.144122305572329523e-01 -4.619919542706354965e-02 -8.564496809226082030e-01 -6.536173036634670552e+01 1.157888564534084036e-02 9.988303312332702522e-01 -4.693729669759273693e-02 -6.461257940555924506e+00 8.576177210614024382e-01 1.421421759385188034e-02 5.143463421134583102e-01 9.326932092206331504e+01
