1.0 0.0 0.0 0.0 0.0 1.0 0.0 0.0 0.0 0.0 1.0 0.0
0.999931 0.011694259 0.0011265822 0.29968262 -0.0116909435 0.9999274 -0.0029058668 -0.006958008 -0.0011604904 0.002892493 0.9999952 0.0078125
0.9998261 0.018600874 0.0013382282 0.59265137 -0.018594202 0.99981534 -0.0048376503 -0.021728516 -0.0014279865 0.004811929 0.9999874 0.009765625
0.99978715 0.020603226 0.0010705818 0.8847656 -0.020595266 0.99976355 -0.00698009 -0.029296875 -0.001214148 0.0069565554 0.9999751 0.012084961
0.9998312 0.018372744 -0.00044409835 1.1939697 -0.0183759 0.9997938 -0.008649995 -0.033569336 0.00028515232 0.008656693 0.9999625 0.016479492
0.9999315 0.01147395 -0.0022758003 1.5129395 -0.011498341 0.9998732 -0.011008641 -0.03479004 0.0021491307 0.011034062 0.99993676 0.015991211
0.99999374 0.00082160253 -0.003450534 1.8378906 -0.000862653 0.99992865 -0.011916797 -0.03479004 0.0034404986 0.011919697 0.99992305 0.023071289
0.999867 -0.015893191 -0.0036660782 2.168579 0.0158513 0.9998119 -0.011185315 -0.01953125 0.0038430854 0.011125718 0.99993074 0.025390625
0.9993948 -0.034609422 -0.0034589418 2.5145264 0.034584522 0.999377 -0.0070163864 0.011962891 0.003699605 0.0068924907 0.9999694 0.028564453
0.9984638 -0.055166963 -0.0050834054 2.869751 0.05515923 0.99847585 -0.0016484744 0.050048828 0.0051666205 0.0013655125 0.9999857 0.03552246
0.9972729 -0.07357895 -0.0055511473 3.2321777 0.07357084 0.99728763 -0.0016504264 0.08935547 0.005657577 0.0012374885 0.99998325 0.033203125
0.99540854 -0.09558135 -0.005284375 3.6088867 0.095562726 0.99541754 -0.0036719257 0.13598633 0.005611107 0.0031502126 0.9999793 0.036132812
0.9933604 -0.115008675 -0.0035266688 3.9969482 0.11499225 0.99335814 -0.0045514274 0.18518066 0.0040266505 0.0041157007 0.99998343 0.04272461
0.9912403 -0.13202702 -0.0029740434 4.3947754 0.13202067 0.99124306 -0.0022381158 0.2562256 0.0032434678 0.0018258395 0.9999931 0.047607422
0.98877853 -0.14934014 -0.002786415 4.8103027 0.14933346 0.9887804 -0.0024708575 0.32714844 0.003124235 0.002027049 0.9999931 0.05126953
0.986826 -0.16181533 -0.0028790995 5.2323 0.16180982 0.9868289 -0.0020523737 0.4086914 0.0031731701 0.0015595735 0.99999374 0.053344727
0.9845108 -0.17527243 -0.0035304374 5.6694336 0.17525795 0.9845113 -0.0040644268 0.49121094 0.0041880943 0.0033826046 0.9999855 0.057373047
0.983019 -0.183446 -0.0049485886 6.1174316 0.18341078 0.98301435 -0.006824474 0.57751465 0.0061164456 0.005801019 0.9999645 0.06665039
0.9816082 -0.1907882 -0.0067480705 6.5859375 0.19074582 0.9816184 -0.006454197 0.6685791 0.007855302 0.0050483174 0.9999564 0.07092285
0.9799109 -0.19924143 -0.009368306 7.0565186 0.19918282 0.9799438 -0.0068296143 0.7746582 0.010540941 0.004826477 0.99993277 0.06604004
0.9783626 -0.20658033 -0.0119535625 7.543091 0.20650524 0.9784249 -0.00721924 0.8814697 0.013186842 0.0045942627 0.9999024 0.07385254
0.9764996 -0.21512218 -0.012529147 8.047485 0.21499702 0.9765498 -0.010614016 0.9880371 0.014519144 0.00766988 0.9998651 0.08154297
0.97502744 -0.22173074 -0.012557285 8.562622 0.22150913 0.9750116 -0.016933005 1.105835 0.015997756 0.013729047 0.9997779 0.09289551
0.97295374 -0.2305691 -0.014444155 9.087036 0.2302979 0.9729538 -0.018262004 1.2276611 0.018263754 0.014440642 0.99972886 0.11254883
0.9705947 -0.23994152 -0.019655822 9.623047 0.23969023 0.9707504 -0.014303809 1.3780518 0.02251259 0.009170845 0.9997044 0.1105957
0.96895987 -0.24602781 -0.02413293 10.169678 0.24581149 0.9692457 -0.011602706 1.5310059 0.026245218 0.0053112274 0.9996416 0.12231445
0.96640486 -0.2558087 -0.02529604 10.731201 0.25552237 0.96671 -0.014019636 1.6807861 0.028039917 0.0070842155 0.9995816 0.13891602
0.9642866 -0.2635481 -0.02643232 11.298462 0.2631847 0.9646076 -0.016460916 1.8392334 0.029834414 0.008916699 0.9995152 0.16796875
0.9622256 -0.27071467 -0.029324312 11.886597 0.2703219 0.96263784 -0.016693156 2.0134277 0.032747258 0.008136845 0.9994306 0.18457031
0.9594704 -0.2797931 -0.03380534 12.481934 0.27941892 0.96005046 -0.015425807 2.1951904 0.036770694 0.0053573893 0.9993098 0.20275879
0.9573455 -0.2864755 -0.038109757 13.080688 0.28602898 0.9580895 -0.016809527 2.3829346 0.041327875 0.0051951925 0.99913234 0.22717285
0.9549708 -0.29313436 -0.045587946 13.696655 0.29258654 0.95604855 -0.018409623 2.5706787 0.048981767 0.004242139 0.99879104 0.26049805
0.9534969 -0.29644525 -0.054460634 14.321167 0.29590663 0.95505035 -0.017887615 2.774414 0.05731516 0.0009410749 0.99835587 0.2874756
0.95178205 -0.29998407 -0.06384824 14.95813 0.29942986 0.9539193 -0.018303923 2.9855957 0.06639963 -0.0016996944 0.9977922 0.32739258
0.9496855 -0.30463886 -0.073009826 15.60498 0.3041348 0.95247614 -0.018190563 3.2043457 0.07508096 -0.0049298587 0.99716413 0.36450195
0.9480448 -0.3078161 -0.08066648 16.262573 0.30747974 0.95143104 -0.016868804 3.4229736 0.081938505 -0.008809497 0.99659705 0.421875
0.94553274 -0.31340387 -0.08824699 16.93164 0.31326684 0.94955647 -0.01575668 3.663208 0.08873196 -0.012740713 0.995974 0.477417
0.94415367 -0.31569275 -0.09417902 17.605713 0.31577334 0.94870067 -0.014444045 3.899414 0.09390845 -0.016102659 0.9954523 0.54003906
0.94201225 -0.3199599 -0.10150967 18.300293 0.32040977 0.94723463 -0.012278412 4.1499023 0.100081 -0.020949174 0.99475837 0.607666
0.93955714 -0.32565808 -0.10598944 19.00415 0.32651165 0.9451705 -0.009677773 4.40271 0.10332989 -0.025499888 0.9943221 0.67993164
0.93787223 -0.3297979 -0.10778495 19.710815 0.33079395 0.943655 -0.009024547 4.6655273 0.10468848 -0.02719617 0.99413204 0.75427246
0.93571496 -0.33618906 -0.10692507 20.43689 0.33731437 0.9413669 -0.007921161 4.9384766 0.1033201 -0.028648145 0.9942371 0.84106445
0.93316394 -0.34334886 -0.1061561 21.171753 0.34440905 0.93875337 -0.008763441 5.2076416 0.10266361 -0.028390212 0.9943111 0.9223633
0.9312655 -0.34908432 -0.104191005 21.909912 0.35015097 0.9366405 -0.008477744 5.489624 0.10054785 -0.028594371 0.99452037 1.0023193
0.92943454 -0.35493195 -0.10082999 22.643677 0.35601917 0.93444407 -0.007610321 5.779175 0.0969214 -0.028827526 0.9948739 1.0861816
0.92545414 -0.36646453 -0.09608962 23.416992 0.36770687 0.9299256 -0.0050901547 6.09729 0.09122003 -0.030623974 0.99535936 1.1617432
0.9229721 -0.37384123 -0.09144103 24.170288 0.3751739 0.9269486 -0.002808081 6.404907 0.085809775 -0.031716704 0.99580604 1.2424316
0.9196567 -0.3824933 -0.08906173 24.919434 0.38405246 0.92331123 0.00040126476 6.7354736 0.08207741 -0.03457071 0.9960266 1.3154297
0.9167946 -0.3895694 -0.087708466 25.687988 0.39114508 0.92031336 0.0008391782 7.074341 0.0803913 -0.035085317 0.9961445 1.3859863
0.9122665 -0.3999807 -0.08783973 26.466553 0.40165687 0.9157495 0.0015382757 7.4177246 0.07982229 -0.03668604 0.9961348 1.4628906
0.9087743 -0.40811923 -0.08699064 27.216675 0.40988755 0.912131 0.0027215458 7.775757 0.0782352 -0.038126644 0.996206 1.5286865
0.9050004 -0.41663748 -0.085890844 28.015625 0.4183962 0.9082532 0.0027549886 8.14978 0.07686573 -0.03842473 0.99630207 1.5932617
0.90126634 -0.42511547 -0.083639994 28.819946 0.42674786 0.9043693 0.0018285986 8.5234375 0.07486765 -0.03734467 0.9964939 1.6672363
0.8985947 -0.43146324 -0.07943392 29.61377 0.43299103 0.90136427 0.0022369719 8.918823 0.07063263 -0.036413006 0.99683696 1.7333984
0.89496106 -0.43996698 -0.07401188 30.410767 0.44137144 0.8973196 0.0029681202 9.319946 0.0651109 -0.03531138 0.997255 1.798706
0.8917293 -0.44730735 -0.069288105 31.234375 0.44861078 0.8937546 0.0037050769 9.735107 0.06027226 -0.03437162 0.9975915 1.864502
0.8881075 -0.45461163 -0.06782626 32.0531 0.45596328 0.8899863 0.0051068026 10.165161 0.058045022 -0.035451595 0.9976855 1.9222412
0.884915 -0.4610524 -0.066126 32.888306 0.46229145 0.88672835 0.003930229 10.605469 0.056819957 -0.034043245 0.99780375 1.9796143
0.8820732 -0.46670294 -0.06473753 33.72351 0.4678682 0.8838234 0.0032627024 11.050781 0.05569429 -0.033159513 0.9978974 2.0340576
0.87902176 -0.47261634 -0.06341688 34.566406 0.4737635 0.88068426 0.0035115618 11.515869 0.054188915 -0.03313198 0.9979803 2.097046
0.87691593 -0.476601 -0.062283043 35.43091 0.4776408 0.8785585 0.002072157 11.986694 0.05373106 -0.03156828 0.998056 2.1516113
0.8750935 -0.47996145 -0.06211413 36.290894 0.48091665 0.8767724 0.0004861951 12.465454 0.05422536 -0.030299997 0.99806845 2.2039795
0.87368697 -0.4824389 -0.06242011 37.170776 0.48342758 0.8753676 0.0008476339 12.964722 0.05423167 -0.03091375 0.9980501 2.2579346
0.8737226 -0.4825335 -0.06174872 38.055542 0.48349342 0.87537277 0.0006912779 13.464355 0.053720187 -0.030460503 0.9980909 2.3154297
0.873808 -0.48258546 -0.06029968 38.959595 0.4835113 0.8753758 0.0008744579 13.970947 0.052362524 -0.02992039 0.9981794 2.3673096
0.8729905 -0.4841336 -0.058349483 39.878662 0.48495948 0.8744807 -7.2527296e-06 14.485474 0.051030796 -0.02829697 0.9982964 2.4265137
0.8727077 -0.48470798 -0.058645688 40.793823 0.48546374 0.87425554 -0.0015428661 14.996948 0.052021686 -0.027125545 0.99827754 2.4932861
0.8712925 -0.48724926 -0.058216453 41.72754 0.48789415 0.87286854 -0.003540097 15.529297 0.052539904 -0.025327189 0.99829715 2.5394287
0.8708271 -0.48831445 -0.05658735 42.6521 0.48891807 0.8723181 -0.0035845032 16.060303 0.051110435 -0.024543988 0.99839133 2.6086426
0.8684116 -0.49318904 -0.05178742 43.58374 0.49369025 0.86966336 -0.0035200396 16.595825 0.046769597 -0.02250949 0.99865174 2.6638184
0.8662721 -0.49729672 -0.04665092 44.522095 0.4976757 0.86730045 -0.003933019 17.129028 0.042416714 -0.019810006 0.9989039 2.7264404
0.86244965 -0.50430185 -0.04419767 45.445312 0.5046286 0.86338043 -0.004244819 17.673828 0.04029802 -0.018642692 0.9990135 2.779541
0.8569669 -0.5132691 -0.045088917 46.36792 0.513491 0.85798717 -0.007401203 18.226562 0.042487986 -0.016813189 0.99895585 2.8348389
0.85144633 -0.522211 -0.047319658 47.27881 0.52234936 0.8526118 -0.010377529 18.78711 0.04576645 -0.015881896 0.9988264 2.8930664
0.845041 -0.5325082 -0.046824284 48.190186 0.53264993 0.8461834 -0.010437751 19.365479 0.04518312 -0.016125724 0.9988488 2.9476318
0.8395315 -0.5415561 -0.042636953 49.103516 0.54178435 0.84043694 -0.007007268 19.960205 0.039629024 -0.017219812 0.9990662 2.9962158
0.8353698 -0.54807454 -0.039831735 49.99878 0.5483536 0.8361237 -0.004524866 20.561646 0.03578349 -0.018070119 0.9991961 3.0496826
0.83094895 -0.554812 -0.04175337 50.889893 0.55517113 0.83175075 -0.0035068095 21.163818 0.03667156 -0.02027167 0.9991214 3.0996094
0.82691425 -0.5604732 -0.04574884 51.772217 0.5608354 0.82791394 -0.005708866 21.773926 0.041070253 -0.020934995 0.9989368 3.14563
0.82495195 -0.56263614 -0.053378917 52.65674 0.5630917 0.82633215 -0.0075144963 22.38379 0.04833507 -0.023854453 0.9985466 3.2054443
0.8212934 -0.56787705 -0.054097157 53.53369 0.56833154 0.82271975 -0.00807381 23.00232 0.049091954 -0.024119478 0.99850297 3.2630615
0.81902444 -0.5714724 -0.050479114 54.41455 0.5719314 0.82023525 -0.0062638023 23.619995 0.044981726 -0.023747876 0.998705 3.3170166
0.8155988 -0.576927 -0.04539212 55.298096 0.57733047 0.8165606 -0.00497882 24.257202 0.03993583 -0.022140931 0.99895686 3.3684082
0.81246585 -0.5815583 -0.04276818 56.17627 0.5819687 0.81328994 -0.0034027733 24.89685 0.036764868 -0.02212072 0.9990792 3.4213867
0.8101772 -0.58445936 -0.04433241 57.051514 0.5849547 0.8110294 -0.0021814369 25.532715 0.03723111 -0.02416996 0.99901426 3.4726562
0.8060647 -0.5900457 -0.045004416 57.905518 0.5905193 0.8069662 -0.0033345083 26.184204 0.038289145 -0.023886848 0.9989816 3.5041504
0.8018385 -0.59570414 -0.047116593 58.78003 0.5961717 0.80285877 -0.004945235 26.835083 0.040775556 -0.024116352 0.9988777 3.5656738
0.7992145 -0.5993718 -0.046929408 59.653564 0.5997819 0.8002588 -0.006354775 27.488525 0.041361224 -0.023062553 0.99887776 3.6220703
0.79435384 -0.60592806 -0.044315338 60.52466 0.6062554 0.7953072 -0.00716173 28.162842 0.039586216 -0.02117419 0.9989919 3.6541748
0.7889979 -0.612692 -0.04529475 61.3667 0.61311585 0.7899493 -0.005484152 28.83191 0.039139923 -0.023446023 0.9989585 3.7059326
0.7841883 -0.61891913 -0.045428284 62.234375 0.61925393 0.78519887 -0.007984994 29.519775 0.040612604 -0.021871548 0.99893546 3.7773438
0.77887344 -0.62568283 -0.045198526 63.09082 0.62597847 0.77989435 -0.009037139 30.214355 0.04090062 -0.02124664 0.9989373 3.824707
0.7736187 -0.6320883 -0.045788832 63.931885 0.63234776 0.77469146 -0.010419273 30.912598 0.042054847 -0.020896487 0.9988963 3.8771973
0.7674966 -0.6394477 -0.04620963 64.78198 0.6397015 0.76859695 -0.0110033825 31.623901 0.042551383 -0.021116722 0.99887085 3.9315186
0.762597 -0.64531153 -0.046653524 65.63599 0.6454738 0.76376665 -0.01352335 32.352295 0.044353157 -0.019800939 0.99881923 3.9890137
0.7548302 -0.6542797 -0.046026416 66.4812 0.65437436 0.75600064 -0.015075842 33.08716 0.04465967 -0.01874895 0.99882597 4.0411377
0.7503103 -0.6595417 -0.0438371 67.319336 0.65962034 0.7513773 -0.014707525 33.82898 0.042639013 -0.017886952 0.99893034 4.0942383
0.7441454 -0.6666272 -0.042071484 68.15332 0.66665727 0.7451482 -0.015364514 34.569824 0.041591763 -0.016611548 0.9989968 4.1499023
0.7369414 -0.6747155 -0.041891012 68.97998 0.6746875 0.737962 -0.016932135 35.334717 0.042338613 -0.015778398 0.998979 4.206909
0.73136103 -0.6807069 -0.04291686 69.812256 0.68060267 0.7324631 -0.019253155 36.115112 0.04453972 -0.015125958 0.99889314 4.267578
0.7256207 -0.68672454 -0.043245748 70.63623 0.68666583 0.72672653 -0.018547002 36.9021 0.04416802 -0.016232433 0.99889266 4.3188477
0.7198699 -0.69280124 -0.04244143 71.45459 0.6927745 0.72092813 -0.017725239 37.704834 0.042875733 -0.016645867 0.99894154 4.377075
0.7152677 -0.69748914 -0.043024976 72.27075 0.6974504 0.7163617 -0.018383408 38.501343 0.04364969 -0.016853195 0.9989053 4.4353027
0.71008766 -0.70270926 -0.04342532 73.09375 0.7026912 0.7111977 -0.018256634 39.322388 0.043715864 -0.017553926 0.99888986 4.4941406
0.70436764 -0.7083906 -0.04560785 73.90161 0.70833254 0.7056117 -0.020213949 40.149292 0.046499945 -0.018071057 0.99875456 4.5532227
0.7004937 -0.71198 -0.04728085 74.71582 0.71184903 0.70185924 -0.022503594 40.96826 0.04921475 -0.017897028 0.99862826 4.6132812
0.6949796 -0.7174266 -0.04800096 75.51953 0.7173212 0.6963814 -0.022473928 41.815674 0.049551725 -0.018818315 0.99859405 4.6793213
0.6902611 -0.7221542 -0.04652589 76.32886 0.7219874 0.69160694 -0.023366395 42.66797 0.04904598 -0.017457835 0.99864376 4.7386475
0.685689 -0.7264316 -0.04569553 77.12256 0.72625655 0.68699634 -0.023415476 43.531006 0.048398767 -0.017133037 0.99868095 4.805176
0.6800967 -0.7317251 -0.04504963 77.93237 0.731526 0.68138194 -0.0238816 44.393555 0.048175722 -0.016712036 0.99869937 4.872925
0.67641413 -0.73528284 -0.043645572 78.74805 0.73497945 0.67766184 -0.025726527 45.259277 0.048487384 -0.014673427 0.9987159 4.933838
0.6713402 -0.73987275 -0.042881627 79.52588 0.7395665 0.67255354 -0.025730932 46.157227 0.04787266 -0.014444315 0.9987486 4.99292
0.6664107 -0.74433726 -0.042123675 80.30786 0.7439797 0.6676039 -0.026741214 47.05017 0.048025746 -0.013524161 0.9987543 5.0600586
0.66386247 -0.74669635 -0.040023252 81.11279 0.7461873 0.6649873 -0.029437998 47.94702 0.04859943 -0.010321988 0.9987653 5.1256104
0.65978676 -0.7503669 -0.03952673 81.91138 0.74961734 0.6609324 -0.034264468 48.85498 0.05183328 -0.007024836 0.99863094 5.1849365
0.65495074 -0.754697 -0.037735783 82.69336 0.7537327 0.6560284 -0.038296975 49.76709 0.05365164 -0.0033607213 0.99855393 5.253174
0.64896053 -0.76010954 -0.03393595 83.48926 0.75894344 0.64984554 -0.042119946 50.690918 0.05406118 0.0015761871 0.9985361 5.32312
0.6408891 -0.7670904 -0.028931748 84.2793 0.76572406 0.6414968 -0.04638572 51.612305 0.05414354 0.0075778384 0.99850464 5.3966064
0.63375753 -0.77324444 -0.025580516 85.06152 0.7718863 0.6341948 -0.046877373 52.550537 0.052466586 0.00997354 0.9985733 5.4726562
0.624038 -0.7810632 -0.02213555 85.82593 0.77975786 0.6243178 -0.046670586 53.517822 0.050272144 0.011863074 0.9986651 5.536499
0.61407965 -0.78896165 -0.02169952 86.58667 0.7876894 0.6143597 -0.04618685 54.492676 0.049765054 0.011268966 0.9986972 5.609741
0.6062664 -0.79485506 -0.023481773 87.33472 0.7935245 0.60664034 -0.047017608 55.46753 0.05162396 0.0098733315 0.998618 5.677124
0.59491694 -0.80342 -0.022961417 88.06714 0.8019168 0.5952459 -0.050484903 56.46216 0.05423255 0.011632923 0.99846137 5.7492676
0.585419 -0.810482 -0.0234602 88.791504 0.808949 0.5857881 -0.050996993 57.467773 0.05506635 0.010876202 0.99842334 5.822998
0.57530177 -0.8177302 -0.019128188 89.5166 0.8161458 0.57542616 -0.053011887 58.487793 0.054364678 0.014898145 0.9984108 5.8952637
0.56525743 -0.8248418 -0.016133085 90.22998 0.8233005 0.56524074 -0.053095777 59.519287 0.052908555 0.016717548 0.99845856 5.970825
0.55432415 -0.8321513 -0.014927591 90.92578 0.8305573 0.5542396 -0.054470085 60.565918 0.053600766 0.017796388 0.9984039 6.04834
0.54621565 -0.83754236 -0.01609944 91.61011 0.83591694 0.54620653 -0.054659232 61.61548 0.054582756 0.016393369 0.9983746 6.1224365
0.5338183 -0.84533983 -0.017042277 92.27295 0.84367156 0.5338775 -0.05517951 62.680664 0.0557504 0.015074858 0.9983309 6.1986084
0.5255256 -0.8505801 -0.018024825 92.93994 0.84886473 0.5256476 -0.05578936 63.760986 0.0569241 0.014027191 0.9982804 6.27771
0.5145762 -0.8574074 -0.018065734 93.586914 0.85570145 0.51472497 -0.05561908 64.84717 0.05698945 0.013153755 0.99828774 6.36145
0.5047787 -0.8630201 -0.017314909 94.2312 0.86138004 0.5049159 -0.054658968 65.94702 0.055933148 0.012675962 0.99835443 6.4381104
0.49884984 -0.86659294 -0.014485955 94.87402 0.8650922 0.49886936 -0.052814152 67.05347 0.05298803 0.0138085205 0.9984993 6.515625
0.48961675 -0.8718105 -0.0130655365 95.4939 0.87030846 0.48957068 -0.053226646 68.170654 0.052797876 0.014694364 0.9984973 6.5930176
0.48369503 -0.87518287 -0.012053209 96.102295 0.87353635 0.48355833 -0.056178194 69.28882 0.055000216 0.016651163 0.99834794 6.672241
0.47573277 -0.8794583 -0.010753768 96.723145 0.8776268 0.47547385 -0.059835438 70.41748 0.057739217 0.019024793 0.9981503 6.7508545
0.46974525 -0.8827753 -0.00933155 97.32446 0.8807996 0.4693566 -0.06274104 71.549805 0.059766985 0.021261226 0.9979865 6.833496
0.4646593 -0.8853373 -0.009816915 97.92383 0.88314724 0.46424168 -0.06601554 72.67822 0.063008934 0.022009244 0.99777055 6.923828
0.4579567 -0.88891596 -0.0074956464 98.515625 0.88678735 0.4574146 -0.065818004 73.822266 0.061941214 0.02350121 0.99780357 7.0109863
0.45608017 -0.88988537 -0.0033665728 99.09424 0.8879376 0.45532572 -0.06450624 74.953125 0.05894722 0.02643036 0.9979112 7.0981445
0.45373526 -0.89096 0.0022972801 99.67944 0.889233 0.45269138 -0.06345022 76.090576 0.055512957 0.03084311 0.9979822 7.189575
0.44874147 -0.89361054 0.0045966967 100.252686 0.8920178 0.44762072 -0.062204454 77.22876 0.05354381 0.032022513 0.9980524 7.277588
0.44519866 -0.8953571 0.00587688 100.815186 0.8938052 0.44401875 -0.062129855 78.36133 0.05302768 0.03291808 0.99805063 7.3511963
0.44499895 -0.89553076 0.008704906 101.37866 0.894105 0.44369197 -0.06156253 79.49072 0.051257595 0.035184614 0.99806595 7.4351807
0.44149128 -0.8971637 0.012161108 101.92676 0.8958997 0.44004604 -0.06074342 80.60425 0.049136918 0.037718635 0.99807996 7.5129395
0.4399892 -0.897991 0.013420079 102.47583 0.89677364 0.43848562 -0.060700584 81.73242 0.048621878 0.038732737 0.9980655 7.5910645
0.43745297 -0.89918226 0.015013339 103.01831 0.89802694 0.43587822 -0.060641967 82.84424 0.047977295 0.040014107 0.99804693 7.664673
0.43545124 -0.8998292 0.020111619 103.55786 0.89888996 0.43364388 -0.06055705 83.93628 0.045763634 0.04446078 0.99796325 7.7421875
0.43291396 -0.90115815 0.022988476 104.08765 0.90036464 0.43100044 -0.06008771 85.042725 0.044235703 0.046701275 0.99792856 7.812378
0.4329324 -0.90104777 0.024989542 104.60376 0.9003393 0.4309188 -0.060338706 86.12036 0.043598033 0.048623543 0.9978654 7.8859863
0.42930377 -0.90269476 0.025361089 105.118164 0.90193945 0.4272146 -0.061625358 87.20068 0.04477862 0.049335875 0.9977786 7.9522705
0.43187627 -0.90156734 0.025221186 105.623535 0.9007512 0.42972612 -0.06292751 88.2666 0.045880925 0.049886238 0.9977002 8.021606
0.4303229 -0.9021699 0.023866251 106.11255 0.901276 0.4282277 -0.06309859 89.31665 0.04671396 0.048673626 0.99772227 8.090576
0.4349587 -0.9004069 0.02135178 106.609375 0.8994301 0.4330026 -0.06252931 90.3645 0.04706195 0.046393543 0.99781364 8.160767
0.4374956 -0.89923424 0.019198615 107.09668 0.89814633 0.4356225 -0.06291744 91.394775 0.048203126 0.044762097 0.99783385 8.227905
0.44361636 -0.89626396 0.017237926 107.58618 0.89507926 0.44181016 -0.063394286 92.420166 0.049186844 0.043553878 0.99783987 8.296387
0.44945043 -0.89317775 0.015452335 108.0957 0.891982 0.44777074 -0.062303293 93.43628 0.048722185 0.041791238 0.9979382 8.36499
0.45655534 -0.88962495 0.0147312805 108.59839 0.88844246 0.45492634 -0.0616856 94.44385 0.048172474 0.041257802 0.9979871 8.433472
0.4628718 -0.88631153 0.0141464975 109.10962 0.8851588 0.4612987 -0.060788147 95.438965 0.04736557 0.040660273 0.99804974 8.496582
0.47312084 -0.88089466 0.013078406 109.62744 0.8797735 0.47163427 -0.05958175 96.427 0.046313386 0.039693154 0.99813795 8.564453
0.4822672 -0.8759609 0.012079638 110.156006 0.8748182 0.48081714 -0.059534445 97.40674 0.04633188 0.039283656 0.99815387 8.633911
0.49183473 -0.87072414 0.01049467 110.694336 0.8695136 0.49042746 -0.05998571 98.379395 0.047084033 0.03862428 0.9981437 8.692871
0.5034168 -0.8641828 0.0065269372 111.23511 0.86278915 0.5021441 -0.06106349 99.33545 0.049477927 0.03636362 0.9981127 8.753784
0.5144184 -0.85757625 0.0030093137 111.78735 0.8560773 0.5133057 -0.06099871 100.28931 0.050763454 0.033946816 0.9981331 8.819458
0.5253354 -0.8507801 0.00028016604 112.35889 0.8493021 0.524403 -0.059091102 101.23071 0.050139137 0.031283528 0.99825233 8.883179
0.5378182 -0.8430323 -0.000692999 112.93823 0.8416722 0.5369962 -0.056353167 102.15405 0.047883946 0.029732078 0.99841076 8.951782
0.55267525 -0.833369 -0.00060713384 113.53223 0.8321461 0.55190355 -0.053762287 103.07593 0.045135148 0.029205982 0.9985538 9.012573
0.5615851 -0.8274944 -0.0013399301 114.13281 0.82626474 0.5608376 -0.053620726 103.97046 0.04510933 0.029003005 0.9985609 9.076416
0.57401985 -0.81881 -0.0017291792 114.74829 0.81761163 0.573292 -0.052913137 104.861084 0.044313088 0.02895539 0.9985978 9.135376
0.58645767 -0.8100165 -0.0034829564 115.373535 0.8087439 0.5857668 -0.053677544 105.73071 0.045523375 0.028665518 0.998552 9.192261
0.59611773 -0.8028459 -0.0031657957 115.994385 0.8015158 0.5953484 -0.055317055 106.576416 0.046301708 0.030434193 0.9984635 9.252686
0.6067517 -0.7947549 -0.00384538 116.62549 0.7934101 0.605993 -0.05541968 107.414795 0.04638347 0.030582463 0.998456 9.316528
0.6181659 -0.78606707 -0.0030093715 117.27319 0.7848702 0.6174273 -0.052933406 108.245605 0.043463945 0.030361662 0.9985937 9.373047
0.6270961 -0.7789684 -0.0012264356 117.904785 0.7779068 0.62632227 -0.051224194 109.04614 0.040669993 0.031166984 0.9986864 9.430786
0.6375456 -0.77044034 -0.0024592073 118.56323 0.769457 0.6368865 -0.048581317 109.84448 0.038998146 0.029085416 0.9988162 9.490234
0.6467611 -0.762578 -0.0051760385 119.203125 0.76155084 0.64621574 -0.04793319 110.61743 0.039900057 0.027053855 0.9988371 9.542603
0.6570775 -0.7536699 -0.007602935 119.85205 0.7526194 0.65663695 -0.047120348 111.38037 0.04050184 0.025242371 0.9988609 9.590088
0.6668676 -0.7451047 -0.008726563 120.52344 0.7440526 0.66647196 -0.046588216 112.13574 0.040530045 0.02457085 0.9988759 9.643677
0.6746227 -0.73808795 -0.0078270845 121.178955 0.7371365 0.674227 -0.04470135 112.86084 0.038276825 0.024385104 0.99896944 9.692261
0.6834604 -0.7299344 -0.0062874216 121.84766 0.7291204 0.6830605 -0.042121682 113.58545 0.035038553 0.024209974 0.999093 9.740234
0.69213873 -0.7216349 -0.006134312 122.520996 0.7208513 0.69173974 -0.041467667 114.29785 0.034178235 0.024275128 0.99912065 9.791016
0.69914037 -0.7149008 -0.007874317 123.1814 0.7140875 0.698799 -0.04124573 114.980225 0.03499322 0.023215717 0.999118 9.837524
0.7074238 -0.7068723 -0.007314141 123.86304 0.7061258 0.7070882 -0.03978645 115.66675 0.033288993 0.022985205 0.99918157 9.886108
0.7139495 -0.70005894 -0.006598941 124.52832 0.69942486 0.71365047 -0.036848724 116.333496 0.030507922 0.021687884 0.99929905 9.920898
0.72076625 -0.693234 -0.005531961 125.20532 0.6926964 0.7204822 -0.034422137 116.99341 0.027845848 0.020974565 0.9993919 9.968384
0.7287326 -0.68477046 -0.0057270764 125.88403 0.6842893 0.7284906 -0.032318912 117.63843 0.026300158 0.019636992 0.9994614 10.005249
0.7349835 -0.678055 -0.0064558545 126.538574 0.677592 0.7347782 -0.031161472 118.2583 0.025874479 0.018532107 0.9994935 10.043457
0.7434339 -0.6688112 -0.0074663376 127.207275 0.6684026 0.7432968 -0.028391337 118.87402 0.024535738 0.016117752 0.99956906 10.075317
0.7524692 -0.6585079 -0.0063603558 127.88696 0.65819234 0.7523517 -0.02515731 119.47339 0.021352017 0.014742598 0.9996633 10.112427
0.76184285 -0.6478122 -0.005790979 128.54663 0.6475774 0.7617596 -0.021554742 120.04199 0.018370502 0.012670092 0.99975085 10.141602
0.77234423 -0.6351879 -0.0048673986 129.23071 0.63500243 0.77226764 -0.019433588 120.61377 0.016101923 0.011919916 0.9997994 10.174927
0.7811301 -0.62433004 -0.0064682616 129.89233 0.6241236 0.781075 -0.019637123 121.1582 0.017311944 0.011303785 0.9997863 10.197144
0.7906876 -0.612148 -0.007938083 130.5686 0.6119333 0.79065984 -0.019223243 121.68213 0.018046143 0.01034138 0.99978364 10.2229
0.80113447 -0.59853834 -0.007687062 131.26294 0.5983314 0.8011012 -0.01897584 122.204834 0.017513433 0.01060685 0.9997905 10.247314
0.8108704 -0.58506316 -0.0068816277 131.94507 0.5848805 0.8108299 -0.01807584 122.711426 0.01615758 0.010631619 0.99981296 10.268677
0.8212594 -0.57052517 -0.004568576 132.65186 0.57041115 0.8212152 -0.014954869 123.20337 0.0122827245 0.0096737575 0.9998777 10.286865
0.82963794 -0.55815846 -0.0028398554 133.34033 0.55807763 0.8295867 -0.013545574 123.68286 0.009917297 0.009652859 0.9999043 10.308472
0.83822757 -0.54533654 -0.00087861996 134.05688 0.54528844 0.83817273 -0.012056719 124.14795 0.0073113944 0.009626814 0.9999269 10.328003
0.84672695 -0.53218204 0.0012422279 134.78174 0.5321603 0.8466658 -0.011331512 124.60449 0.0049772286 0.010255253 0.99993503 10.341919
0.85367435 -0.5208214 0.003204717 135.4956 0.5208216 0.85360473 -0.011369276 125.04761 0.0031858883 0.011374642 0.9999302 10.355957
0.85994244 -0.5102917 0.0032811547 136.22388 0.5102958 0.8598811 -0.010592654 125.47827 0.0025835042 0.010783999 0.99993855 10.368286
0.8673339 -0.49780667 0.0032420806 136.98535 0.49781495 0.86729103 -0.008753955 125.91113 0.0015442558 0.009206359 0.9999564 10.3927
0.8735446 -0.4868374 0.0028789616 137.7102 0.4868455 0.87351996 -0.006589378 126.333984 0.0006929217 0.0071571926 0.9999741 10.394409
0.8793077 -0.4761956 0.0025559429 138.46997 0.47620234 0.8792908 -0.0054798694 126.7522 0.00036201533 0.0060357694 0.9999817 10.401001
0.8842913 -0.46684203 0.003357581 139.2334 0.46685416 0.8842685 -0.0063311374 127.15381 -1.2391247e-05 0.007166057 0.9999743 10.412598
0.8889412 -0.4580305 0.0030400509 139.99731 0.4580403 0.88891244 -0.007177138 127.54761 0.00058422517 0.0077728676 0.99996966 10.4227295
0.8950663 -0.44591513 0.0024599924 140.79126 0.44592065 0.8950369 -0.007341401 127.93848 0.0010716846 0.0076679634 0.99996996 10.427368
0.89789706 -0.44017988 0.003426983 141.56152 0.4401932 0.8978725 -0.006658703 128.33911 -0.00014582707 0.007487393 0.9999719 10.44104
0.9001353 -0.4354974 0.0062218644 142.36108 0.43552813 0.90012854 -0.0049262214 128.72705 -0.0034551984 0.00714399 0.99996847 10.446899
0.90356994 -0.42828196 0.009136165 143.17407 0.4283089 0.9036028 -0.0011362298 129.1101 -0.0077686277 0.0049398616 0.99995756 10.447998
0.90615547 -0.4227513 0.010896172 143.99512 0.42276087 0.9062153 0.0015239147 129.51123 -0.010518571 0.0032257629 0.99993944 10.447144
0.9102144 -0.4140049 0.011943031 144.83984 0.41398552 0.91029215 0.0041664196 129.89233 -0.0125964 0.001151022 0.99991995 10.443848
0.9133138 -0.40711328 0.013486885 145.69531 0.4070628 0.9134133 0.006419664 130.28052 -0.014932566 -0.00037502032 0.9998884 10.430664
0.916192 -0.40040693 0.015987335 146.56104 0.4003355 0.9163312 0.0075857514 130.66577 -0.017687345 -0.0005516717 0.9998435 10.423828
0.91986275 -0.39191008 0.017812679 147.43799 0.39183676 0.9200351 0.0075818677 131.0415 -0.019358708 5.6535937e-06 0.9998124 10.4140625
0.9225014 -0.38547736 0.019200068 148.34277 0.38541913 0.92270046 0.006796976 131.42944 -0.020336192 0.0011311361 0.9997925 10.403564
0.92609894 -0.37673172 0.019591091 149.24146 0.37667736 0.9263053 0.0065394887 131.80444 -0.020610709 0.0013246009 0.99978673 10.37915
0.9304768 -0.36579716 0.020304684 150.19336 0.36578107 0.930693 0.004634429 132.16187 -0.020592717 0.003114279 0.99978316 10.378418
0.9332016 -0.3588155 0.0194051 151.11816 0.35883376 0.9333925 0.0026514684 132.5354 -0.019063987 0.004488176 0.9998083 10.354248
0.9382517 -0.34549496 0.018187618 152.08496 0.34551972 0.9384171 0.0018616035 132.89233 -0.017710857 0.00453758 0.99983287 10.347168
0.9429385 -0.33255988 0.016523158 153.04712 0.3325461 0.94308096 0.0036552763 133.2439 -0.016798586 0.0020463793 0.9998569 10.335083
0.94791126 -0.31808296 0.016994044 154.03296 0.31799555 0.9480617 0.007690701 133.58594 -0.018557126 -0.0018858537 0.9998261 10.315308
0.95456445 -0.29739136 0.018599719 155.04419 0.29722482 0.95473164 0.011218762 133.90918 -0.021094104 -0.005178997 0.9997641 10.296631
0.9605258 -0.27753153 0.019693207 156.07837 0.27727917 0.9606894 0.014612328 134.22485 -0.022974059 -0.008576417 0.99969935 10.287598
0.9663235 -0.25651547 0.020574346 157.12915 0.25620615 0.9664833 0.016520783 134.51147 -0.024122922 -0.010693942 0.9996519 10.272461
0.9714649 -0.23613535 0.022131693 158.17725 0.23576082 0.9716362 0.018269056 134.79224 -0.025818078 -0.01253004 0.9995882 10.243774
0.97668755 -0.21326876 0.024642766 159.26465 0.2128442 0.9769108 0.01876121 135.03906 -0.02807448 -0.013079827 0.9995203 10.234619
0.9811106 -0.19133928 0.028640786 160.37207 0.19078688 0.98141277 0.020938711 135.2583 -0.03211458 -0.015079242 0.99937034 10.198608
0.9851268 -0.1686571 0.03286897 161.5022 0.16795875 0.9855262 0.022978827 135.46777 -0.036269218 -0.017116684 0.9991955 10.177734
0.988504 -0.14644942 0.037472557 162.60645 0.14560609 0.9890395 0.024337292 135.64722 -0.040626384 -0.018599607 0.9990011 10.137939
0.99147624 -0.12511055 0.036400963 163.76733 0.12423923 0.991931 0.02529572 135.81763 -0.039272025 -0.020558273 0.99901706 10.104248
0.99416834 -0.101767436 0.035684135 164.91187 0.1008775 0.9945621 0.02590746 135.94604 -0.038126618 -0.022155873 0.99902683 10.0633545
0.9960938 -0.08123681 0.03455501 166.07593 0.0803609 0.9964247 0.026024638 136.05371 -0.03654559 -0.023144621 0.99906373 10.021973
0.997437 -0.061208904 0.03707073 167.27979 0.060331136 0.9978816 0.02435877 136.13428 -0.03848289 -0.022060536 0.9990161 9.991455
0.9983701 -0.041392487 0.039293367 168.47705 0.040457662 0.998886 0.024291065 136.19995 -0.040255073 -0.022661885 0.99893224 9.953369
0.9989668 -0.01957826 0.040999416 169.69336 0.01854764 0.9995061 0.025363814 136.24146 -0.041475847 -0.024576843 0.99883693 9.91394
0.99912006 -0.0011085531 0.041924026 170.9143 1.5018813e-05 0.99965996 0.026072074 136.25684 -0.041938674 -0.026048502 0.9987804 9.867798
0.99882007 0.022690242 0.042933125 172.16235 -0.023854695 0.9993558 0.026802856 136.24072 -0.042297136 -0.027795563 0.99871826 9.829712
0.9981993 0.041615203 0.04320302 173.40088 -0.042869817 0.99867326 0.028533068 136.21167 -0.041958276 -0.030333746 0.9986589 9.778442
0.9972644 0.060381826 0.0426382 174.67139 -0.061690584 0.9976425 0.030078176 136.15771 -0.04072197 -0.03262632 0.99863774 9.733032
0.9957953 0.08190913 0.041073374 175.948 -0.08317324 0.9960836 0.03007584 136.06714 -0.038450178 -0.033364605 0.99870336 9.694824
0.9944456 0.09783098 0.038789682 177.21753 -0.0991117 0.9945418 0.032575447 135.95654 -0.03538984 -0.036240157 0.9987157 9.650391
0.9920656 0.119805895 0.038172647 178.52124 -0.121104315 0.99206835 0.033737205 135.81763 -0.033828102 -0.038090955 0.9987016 9.609009
0.98960686 0.13919629 0.036060434 179.83228 -0.14041092 0.98952013 0.03366363 135.66138 -0.03099684 -0.03837852 0.9987822 9.577515
0.98697287 0.15783553 0.031394348 181.16113 -0.15890123 0.98668134 0.03498202 135.469 -0.025457406 -0.039512906 0.99889505 9.545044
0.98395747 0.17654517 0.025729531 182.49414 -0.1774362 0.98340434 0.037880696 135.25195 -0.018615937 -0.041837517 0.99895126 9.522827
0.9809853 0.19279635 0.022343952 183.81055 -0.19358012 0.9802332 0.040883612 135.00806 -0.0140192425 -0.044432722 0.9989137 9.495728
0.97735655 0.21076353 0.018672757 185.13501 -0.21138383 0.9764847 0.042301364 134.74072 -0.00931547 -0.045290317 0.99893004 9.488403
0.9732194 0.22921918 0.016960137 186.49512 -0.22976314 0.9721966 0.04504413 134.4419 -0.0061642975 -0.047736038 0.9988414 9.484741
0.96906084 0.24621193 0.017482238 187.85938 -0.24676065 0.96804893 0.04466187 134.1018 -0.0059260894 -0.04759356 0.99884886 9.49231
0.96404076 0.2651365 0.017218068 189.21558 -0.26564902 0.96305346 0.04389004 133.74219 -0.0049404027 -0.04688688 0.99888766 9.489746
0.9594561 0.28157935 0.013664579 190.54346 -0.28190988 0.95844734 0.043985948 133.37671 -0.0007118489 -0.046054054 0.99893844 9.496216
0.954979 0.29651362 0.010759063 191.87842 -0.29669067 0.9538903 0.045714978 132.97949 0.0032871878 -0.046849534 0.9988971 9.50354
0.9492039 0.31442618 0.010488504 193.23022 -0.3145625 0.9480389 0.047275085 132.5503 0.004923237 -0.048173867 0.9988269 9.517578
0.94364816 0.330731 0.012638524 194.59253 -0.3309399 0.9423297 0.05008681 132.10156 0.004653855 -0.051448017 0.998665 9.5303955
0.937082 0.34900317 0.011147723 195.91089 -0.34908006 0.9355643 0.05397883 131.63306 0.008402885 -0.054473583 0.99848026 9.549438
0.93032694 0.36665377 0.008169445 197.25513 -0.36653057 0.92879206 0.05486516 131.12769 0.012528967 -0.05403571 0.99846023 9.578491
0.923077 0.38448694 0.0062949746 198.65234 -0.38422263 0.9215322 0.055612527 130.57056 0.015584074 -0.05375436 0.99843276 9.598511
0.9159453 0.4012906 0.002034462 200.0127 -0.40076703 0.91446656 0.055947147 129.97119 0.020594105 -0.052060015 0.9984312 9.644531
0.90674156 0.42164978 -0.0017938758 201.34668 -0.42079982 0.9051681 0.05974909 129.40332 0.026820302 -0.053421687 0.99821156 9.689087
0.897814 0.44032186 -0.0025329432 202.68335 -0.4392986 0.8960912 0.06322202 128.78223 0.030112285 -0.055649925 0.9979961 9.737549
0.88508224 0.4655145 -0.0015511457 204.00342 -0.46442527 0.8832296 0.06551 128.1018 0.03185901 -0.057260495 0.99785084 9.782227
0.87164307 0.4901721 -0.001291703 205.34375 -0.48889202 0.86954916 0.07000317 127.40576 0.035437446 -0.060392946 0.9975458 9.845337
0.85779023 0.5141869 -0.00051773567 206.67505 -0.51271707 0.8554124 0.0746957 126.66553 0.03884761 -0.06380411 0.9972046 9.909424
0.841569 0.5402662 -0.0007240105 207.94556 -0.53856254 0.8390191 0.078226425 125.87549 0.04287594 -0.065440156 0.9969333 9.980713
0.82680684 0.56259346 -0.00031612872 209.25415 -0.56078243 0.8241891 0.07970923 125.062256 0.045104988 -0.065726146 0.9968168 10.057251
0.8110706 0.58488625 -0.0006847235 210.49731 -0.5829273 0.8084492 0.08084819 124.19043 0.047835667 -0.06517643 0.9967275 10.137207
0.79488826 0.60669047 -0.0034442684 211.73608 -0.6043712 0.7923218 0.08302517 123.27734 0.05310732 -0.06390862 0.99654084 10.227783
0.77755815 0.62885284 -0.0057932665 212.98022 -0.6261926 0.77505326 0.085213155 122.37256 0.058069058 -0.06263228 0.9963461 10.324097
0.76006407 0.64984393 -0.0075369016 214.13159 -0.64694196 0.75767165 0.086315066 121.40869 0.061798833 -0.06072459 0.99623907 10.422241
0.74418235 0.6679718 -0.008890779 215.30884 -0.6648085 0.74183416 0.088252544 120.410645 0.065520994 -0.059763037 0.9960605 10.538696
0.7276613 0.68573344 -0.009671753 216.47241 -0.68244916 0.7254247 0.08854541 119.3772 0.06773769 -0.05783751 0.99602664 10.644897
0.7130413 0.7010693 -0.01011654 217.5647 -0.69767886 0.71087766 0.08900367 118.33838 0.069602035 -0.056399602 0.9959781 10.762695
0.69877976 0.71517134 -0.011173347 218.65991 -0.71166736 0.6967492 0.08921456 117.254395 0.07159399 -0.05439522 0.9959503 10.88208
0.6817675 0.7313048 -0.013688348 219.74438 -0.7275436 0.6799503 0.09028078 116.15454 0.0753404 -0.051596653 0.9958229 11.004395
0.6676618 0.7442192 -0.015923034 220.78052 -0.7401331 0.6659749 0.092578165 115.04834 0.07950708 -0.050040003 0.99557936 11.135132
0.6531191 0.7570272 -0.01646104 221.80957 -0.7527001 0.65144867 0.09479526 113.89868 0.082477145 -0.049516737 0.9953616 11.263672
0.637111 0.7706827 -0.016198484 222.81323 -0.766292 0.635485 0.09529417 112.725586 0.08371961 -0.048296165 0.99531776 11.408203
0.62085426 0.7837062 -0.013660207 223.80005 -0.7793538 0.6190772 0.09588801 111.53711 0.08361383 -0.048889857 0.99529874 11.5477295
0.602598 0.79810673 -0.008942241 224.75806 -0.79385436 0.6004749 0.096965045 110.33618 0.08274653 -0.051321857 0.995247 11.693115
0.58504575 0.8109036 -0.0032576462 225.68994 -0.8068185 0.5824934 0.0980067 109.116455 0.08135499 -0.0547135 0.99518305 11.833984
0.56704503 0.8237254 0.00064414064 226.58398 -0.81974345 0.56422687 0.0986563 107.89111 0.08089419 -0.056470044 0.99512184 11.977661
0.5475988 0.83670455 0.0030183832 227.4375 -0.8324874 0.5444709 0.10229584 106.66138 0.08394667 -0.058523104 0.99474967 12.124268
0.53057384 0.8477446 0.0058494895 228.25317 -0.84332657 0.5270814 0.105814986 105.4187 0.08659864 -0.061051123 0.99436843 12.271484
0.511644 0.85905176 0.008268403 229.03687 -0.85472614 0.508051 0.105597995 104.16382 0.08650925 -0.06111344 0.99437684 12.424316
0.49120185 0.87104154 0.012678705 229.80249 -0.8670664 0.48745203 0.10363363 102.89209 0.08407276 -0.061894715 0.9945353 12.570435
0.46934083 0.88294005 0.016367948 230.49902 -0.8792615 0.46549958 0.10167916 101.64111 0.0821609 -0.06211128 0.99468154 12.711182
0.44702354 0.89420944 0.020244969 231.1853 -0.8908606 0.44309998 0.099413216 100.35693 0.07991929 -0.062480062 0.99484164 12.853882
0.42568856 0.9045317 0.021408498 231.83301 -0.90126264 0.4218289 0.09816415 99.06177 0.07974641 -0.061083887 0.9949419 12.992676
0.40639 0.9132957 0.023700349 232.42236 -0.9101246 0.40244398 0.097661845 97.79492 0.07966691 -0.061275724 0.9949376 13.125488
0.384039 0.9232078 0.023458606 232.99463 -0.92004675 0.38028172 0.096130535 96.49805 0.07982636 -0.05846301 0.9950897 13.257446
0.360129 0.93266207 0.02260843 233.51953 -0.9293563 0.35652092 0.09617725 95.21484 0.08164561 -0.055639893 0.99510646 13.392578
0.3403173 0.9400138 0.022440929 234.00635 -0.9366912 0.33683673 0.09538742 93.93701 0.08210471 -0.053498946 0.99518806 13.52417
0.31795692 0.9479501 0.022167047 234.46411 -0.94473624 0.31470752 0.09287593 92.64868 0.08106295 -0.050449003 0.9954297 13.658569
0.29867727 0.9542602 0.021826772 234.88428 -0.9510192 0.2955536 0.092203006 91.369385 0.08153818 -0.048268534 0.9954989 13.787964
0.2761623 0.9609079 0.023486704 235.29004 -0.9572484 0.27273557 0.097203 90.103516 0.08699039 -0.04930324 0.99498665 13.922241
0.2573513 0.96611863 0.025411788 235.66016 -0.9617015 0.2533945 0.105720535 88.84375 0.0956904 -0.05161859 0.9940698 14.057983
0.23710823 0.9710185 0.02796965 235.99414 -0.96583325 0.23256254 0.11385533 87.590576 0.104053296 -0.05402217 0.9931044 14.206055
0.21803346 0.97539604 0.03270304 236.31421 -0.9699891 0.21288697 0.117500894 86.34546 0.10763139 -0.057334468 0.99253535 14.359741
0.196378 0.9797796 0.036079757 236.59644 -0.97437865 0.19094376 0.1181826 85.090576 0.108899124 -0.058391187 0.9923384 14.51123
0.17943633 0.9829513 0.040730342 236.86377 -0.9777489 0.17360102 0.117975764 83.848145 0.10886682 -0.060970973 0.9921822 14.667969
0.15862763 0.9863228 0.045770217 237.09619 -0.98136723 0.15238464 0.11737868 82.60913 0.10880578 -0.063485324 0.99202913 14.82373
0.13937473 0.98907626 0.046985622 237.28613 -0.9843655 0.13325976 0.1147668 81.376465 0.10725361 -0.06224434 0.9922808 14.972046
