1.000000000000000000e+00 -3.306050084167601550e-19 -2.270457535318767223e-19 -8.673617379884035472e-19 7.546676715296109287e-19 1.000000000000000000e+00 6.237773588823049983e-19 1.387778780781445676e-17 -3.447385680526250622e-20 4.770700176052009879e-20 1.000000000000000222e+00 5.551115123125782702e-17
9.998606444687971884e-01 8.279588443573067597e-05 1.669695462546802803e-02 -2.525207576089633782e-02 -8.165841423181192037e-05 1.000000014666664550e+00 -6.883009440135296256e-05 2.791838654800066211e-03 -1.669696307120193540e-02 6.745695371818451744e-05 9.998606295455686466e-01 1.872216820421561956e-01
9.992883623205045529e-01 3.793869168848244908e-03 3.752628486198251317e-02 2.211555100295636150e-02 -3.804712908530236744e-03 9.999927441784960402e-01 2.175993553290444962e-04 -1.237239898271184912e-02 -3.752518645221256804e-02 -3.602674701518265941e-04 9.992955345837635228e-01 2.659810626167621872e-01
9.979787419082881694e-01 5.432753489820341640e-03 6.330512944654134722e-02 6.667501193615524291e-02 -5.525836971759722285e-03 9.999839054552303041e-01 1.294612981401014815e-03 2.029683932163586779e-03 -6.329708372606911160e-02 -1.641878035009094626e-03 9.979927006513135135e-01 4.257682086381932574e-01
9.954572175595495231e-01 4.222452932674224113e-03 9.512166001488973899e-02 6.756187796548313029e-02 -4.568412989696772446e-03 9.999836935341378519e-01 3.420809240112140590e-03 -5.561772265064324205e-03 -9.510568272723553263e-02 -3.839792881472325545e-03 9.954603206720600284e-01 5.876268650032867580e-01
9.910715978640247670e-01 1.228689729648929424e-03 1.332868054655149681e-01 1.824277925750749929e-01 -2.151387040382372624e-03 9.999747320739589274e-01 6.777263900638446151e-03 6.160640665897804125e-03 -1.332751298974307330e-01 -7.003497563239969442e-03 9.910492096318715971e-01 8.019449346169470472e-01
9.846248032128700478e-01 -2.271082555277506923e-03 1.746748042158187131e-01 2.468044048988579653e-01 9.923197596056702180e-04 9.999720881670507433e-01 7.406521206790478082e-03 -4.533523667115069156e-03 -1.746867535753591216e-01 -7.119297156535226746e-03 9.845995474094473288e-01 9.893094193331081199e-01
9.758712060306687919e-01 -1.490226744334936662e-03 2.183511300328633831e-01 3.411885153508985025e-01 -2.491843245189643316e-04 9.999684622312483562e-01 7.939025341799766169e-03 3.931741125228455092e-03 -2.183560931659619120e-01 -7.801840566775441674e-03 9.758400383115697352e-01 1.189212225489619357e+00
9.640443328874027662e-01 -1.479465154779284345e-03 2.657532129338847637e-01 4.349154101766381508e-01 -1.311266008519252528e-03 9.999458402522841682e-01 1.032252790272962517e-02 5.130355274165776525e-03 -2.657540872472765048e-01 -1.029995767231397900e-02 9.639901902293014357e-01 1.419982533375532707e+00
9.497793765037314540e-01 -6.420801386212591708e-03 3.129362431365850794e-01 5.665361849791672455e-01 8.756764221913553720e-04 9.998400939390146291e-01 1.786115412684755391e-02 9.102984957969781354e-03 -3.130009427283758638e-01 -1.669026708338039455e-02 9.496330634699130524e-01 1.648365740390122181e+00
9.325158790141551135e-01 -1.572089505643163576e-02 3.607690740802588780e-01 7.101613121717600396e-01 6.643319828527204270e-03 9.996297298953161770e-01 2.638377729523466719e-02 -1.505747119761452479e-04 -3.610502863807431018e-01 -2.220682120762574804e-02 9.322750434800552988e-01 1.862923856571192305e+00
9.116610019670179366e-01 -2.063277634739394892e-02 4.104682189945625947e-01 8.603817650814146178e-01 8.748546537765069728e-03 9.994869285811619486e-01 3.081506366205650008e-02 -1.629884478098725387e-03 -4.108933676568704008e-01 -2.450327651304436832e-02 9.113736964011306396e-01 2.088681296713020608e+00
8.865883756736959720e-01 -2.332449540417708134e-02 4.619977587920133799e-01 1.050474244640559718e+00 8.147096691088486289e-03 9.993603571534285246e-01 3.481438674023655533e-02 9.431448279623833031e-03 -4.625144181415178912e-01 -2.710271738585159906e-02 8.862112608214050002e-01 2.339629638230767306e+00
8.585377014564449238e-01 -2.492282598350819764e-02 5.121049845084871821e-01 1.238312359297335075e+00 5.645588745552127842e-03 9.992169277930710303e-01 3.915991294019689067e-02 2.395577446703462537e-02 -5.126800531978754627e-01 -3.072775100595301692e-02 8.580060786057088773e-01 2.544710932940119186e+00
8.266275709635828584e-01 -2.996574683678565262e-02 5.620238664324832545e-01 1.467080295446263838e+00 6.127715075372314017e-03 9.990014590631258740e-01 4.425690303131726150e-02 3.123798913673084265e-02 -5.627887261183087686e-01 -3.314368212929515167e-02 8.259855763537542472e-01 2.781228461849585276e+00
7.906796798362730749e-01 -3.578345585160896264e-02 6.110951472155803366e-01 1.698694605170807392e+00 8.797545303360108232e-03 9.988514011578988327e-01 4.709498422835733250e-02 3.632448173705869060e-02 -6.120787261971041282e-01 -3.185753178566408383e-02 7.900864193110043177e-01 2.992674202225382718e+00
7.524131562149587449e-01 -4.042934345208547275e-02 6.574883073617490137e-01 1.964223828188430776e+00 9.490944320832141526e-03 9.986763511996865628e-01 5.054208159047301335e-02 4.974635492660873376e-02 -6.586618852605616858e-01 -3.178638623102882782e-02 7.518009602290927074e-01 3.203364035397630705e+00
7.128499423827983072e-01 -4.272849488528052825e-02 6.999857597970450263e-01 2.247120023264311151e+00 1.042178990579417652e-02 9.986776890373070259e-01 5.033925771877188760e-02 6.020903763670761716e-02 -7.012109022075484477e-01 -2.859227648351430479e-02 7.123522304115599280e-01 3.435543724764806406e+00
6.713608783188030893e-01 -4.565244916787057627e-02 7.397563993803925042e-01 2.550011900670829945e+00 9.879644198993637466e-03 9.985636253859029310e-01 5.266709636131523126e-02 7.555610358481605615e-02 -7.410979405535954578e-01 -2.805304373010935465e-02 6.708475886376711328e-01 3.636889923292713878e+00
6.286701280219889609e-01 -4.474194753123331841e-02 7.764035195696366021e-01 2.893423272308988548e+00 4.933071310161227241e-03 9.985531074292767206e-01 5.354781133578991742e-02 9.954707663856927902e-02 -7.776757577332050753e-01 -2.983830258052642959e-02 6.279809056887184493e-01 3.864008141761980930e+00
5.862336456577248445e-01 -4.592374563675139659e-02 8.088789407628959038e-01 3.236824945791856312e+00 2.524443672163531344e-03 9.984906713818803015e-01 5.485602856894673807e-02 1.135330058921096702e-01 -8.101778773272911849e-01 -3.011131116873818486e-02 5.854648847922125920e-01 4.074342804112677463e+00
5.463688477771556640e-01 -4.873108307094563968e-02 8.362339862016687775e-01 3.625584474386791545e+00 4.885612250583724241e-04 9.983244783897248231e-01 5.786903507133284857e-02 1.324119432415185593e-01 -8.376524665374401879e-01 -3.121697258233475242e-02 5.454769380771993248e-01 4.274735989120996393e+00
5.080952886610192731e-01 -5.074296074989492061e-02 8.599659672236947827e-01 4.044135754563915164e+00 -7.126488052932412410e-04 9.982381220223566221e-01 5.931943975494479576e-02 1.430516335099645819e-01 -8.614614583110661306e-01 -3.075192065922556853e-02 5.071636438934979951e-01 4.480711600102601722e+00
4.708836784303400136e-01 -5.039496266205312214e-02 8.808357303436430419e-01 4.469484285135724377e+00 -3.878703295324681215e-03 9.982391452808597743e-01 5.920150063984313399e-02 1.686216916785498454e-01 -8.822679229422709657e-01 -3.129785303158433285e-02 4.698590669672061959e-01 4.684759174709776985e+00
4.333749564184977143e-01 -4.926578791723672940e-02 8.997506420933817362e-01 4.937099109421941634e+00 -4.697538552665234124e-03 9.983677518467395373e-01 5.691925783267385436e-02 1.909534357694822604e-01 -9.010858263223343601e-01 -2.889815540049931603e-02 4.324360088711460270e-01 4.869280175955069900e+00
4.004563579046452881e-01 -4.829648134454814223e-02 9.150174513154056832e-01 5.440737971168704945e+00 -3.480862180330066783e-03 9.985224827151448768e-01 5.422010628704290042e-02 2.158310726950575242e-01 -9.162845636585981168e-01 -2.489332012189511209e-02 3.996966368849402262e-01 5.067672337452110654e+00
3.699293893059731331e-01 -4.661089010876544314e-02 9.280107570908554537e-01 5.959958255632837876e+00 -1.627491299266048798e-03 9.987064102324871850e-01 5.081666953745987009e-02 2.390706916515240588e-01 -9.291796552427091793e-01 -2.029990313890361886e-02 3.693752030021282273e-01 5.238016079879195708e+00
3.453084733768432280e-01 -4.560356386020637809e-02 9.372467184021395781e-01 6.504295607428624670e+00 -6.243241055157364421e-04 9.988071119694647004e-01 4.883051385566592600e-02 2.681136292167171642e-01 -9.383553996419852217e-01 -1.744656437923997050e-02 3.448683318900203632e-01 5.419919404448782174e+00
3.247062637878929681e-01 -4.456208584473964757e-02 9.447383316750830318e-01 7.086494301466680135e+00 4.247443527842965244e-04 9.988964670087292497e-01 4.696773097101887562e-02 2.941776180974227106e-01 -9.457881578569756753e-01 -1.486015075328855906e-02 3.243664853117001479e-01 5.606985221896257698e+00
3.112159562824221570e-01 -4.439406677425408038e-02 9.494174718197645468e-01 7.689702919883170118e+00 1.681860657571218696e-03 9.989323005523936816e-01 4.615137300259992276e-02 3.174712205673665411e-01 -9.504536680360161638e-01 -1.275216719360206495e-02 3.109585167800676953e-01 5.779206829983704274e+00
2.981009594005795682e-01 -4.608439143169378721e-02 9.535221691014842404e-01 8.311699293264412702e+00 2.175135215197979578e-03 9.988641085721279289e-01 4.759875702727823371e-02 3.428410806418170642e-01 -9.546326446870765370e-01 -1.211692761496621987e-02 2.978624945978646243e-01 5.985895645175183688e+00
2.872040960511620389e-01 -4.826086005100216347e-02 9.566966659100423209e-01 8.958069188819568041e+00 6.334845648789084278e-04 9.987390502525059777e-01 5.020903667967478029e-02 3.714153224672169240e-01 -9.579132791318465401e-01 -1.381786653410699457e-02 2.868727189745761130e-01 6.177925932337324788e+00
2.761509506056327723e-01 -5.012046454465322182e-02 9.598118164848422618e-01 9.630968627604618248e+00 -8.198293717928391375e-04 9.986271803931016100e-01 5.236890411910529591e-02 4.040326038937132602e-01 -9.611186017151442940e-01 -1.525771064586746439e-02 2.757300999258721075e-01 6.368292117509901651e+00
2.662869437115850113e-01 -5.156868875095728388e-02 9.625740853503894634e-01 1.033352763202727154e+01 -1.384382353310917389e-03 9.985464742191934029e-01 5.387573979788586043e-02 4.317788725133929750e-01 -9.639532683736580232e-01 -1.568054060920153620e-02 2.658283140276110901e-01 6.563080524466174737e+00
2.556889225230051799e-01 -5.441945845620585476e-02 9.651247430834000163e-01 1.106109074601820907e+01 -2.334820300234433273e-03 9.983768523623871571e-01 5.691996053811410744e-02 4.620874293268475985e-01 -9.666545654372429297e-01 -1.682190211068805563e-02 2.551466594064474291e-01 6.747972714767429103e+00
2.462394639862430790e-01 -5.625212644443976923e-02 9.675931259217088742e-01 1.180532242279441313e+01 -2.852934123013001373e-03 9.982682702195280200e-01 5.875161462137006713e-02 4.960680563781291186e-01 -9.692221775709954912e-01 -1.723456707206796890e-02 2.456520604824538045e-01 6.943871023072656357e+00
2.344539097170954267e-01 -5.606684445273590889e-02 9.705023571967046347e-01 1.257536464207120730e+01 -3.810888538673065044e-03 9.982738776199225894e-01 5.862774493404138143e-02 5.297218357711217518e-01 -9.721145397947471567e-01 -1.743841520104193882e-02 2.338366444495192653e-01 7.133320015417914384e+00
2.254008877429485858e-01 -5.963642349446302698e-02 9.725162458429438272e-01 1.334778095522551311e+01 -4.850445443711320394e-03 9.980440644535051309e-01 6.230757709380484871e-02 5.633206324458723824e-01 -9.743306864456647842e-01 -1.875654453829816298e-02 2.246702923113359784e-01 7.314538830626843513e+00
2.139409712076852932e-01 -6.335510661636523100e-02 9.746703840953625519e-01 1.414059637764333033e+01 -6.999027824065533372e-03 9.977702664946933586e-01 6.638509817048060535e-02 6.102021314673282681e-01 -9.767009241882880222e-01 -2.105096189738992971e-02 2.130195698404223348e-01 7.492415107002106112e+00
2.000116444008768202e-01 -6.666449357088191641e-02 9.775431068415437741e-01 1.494505312005190945e+01 -7.364378183932328986e-03 9.975514154694701263e-01 6.955895116564954350e-02 6.452319382611527709e-01 -9.797872162408844954e-01 -2.110349906823114768e-02 1.990319115480339296e-01 7.669007763652692766e+00
1.871391902306111799e-01 -6.928487077766054547e-02 9.799477345980419640e-01 1.574695038959418980e+01 -8.325016759251159526e-03 9.973613207453039253e-01 7.210537347534623498e-02 6.849454970531441145e-01 -9.823598130387745098e-01 -2.162926293462391972e-02 1.860692843941869346e-01 7.809681957431767962e+00
1.723663437788943431e-01 -7.049389881634689214e-02 9.824932302737965362e-01 1.656656915359491933e+01 -9.055321427460088016e-03 9.972804731524776978e-01 7.311987740832885663e-02 7.279386488022019375e-01 -9.849773130039954916e-01 -2.148392748624121384e-02 1.712591474431703620e-01 7.965958937692940722e+00
1.595010423434393143e-01 -6.931434810662162604e-02 9.848555530183726869e-01 1.738210213477892196e+01 -1.049479810208013390e-02 9.973565783340972990e-01 7.189530930132279063e-02 7.723456540740628595e-01 -9.872362999543632389e-01 -2.179756450832767353e-02 1.583519766716304511e-01 8.097210330815702406e+00
1.421086005830618781e-01 -6.797004723805509518e-02 9.875090322278656796e-01 1.820637804635662249e+01 -1.150649112567081987e-02 9.974588785262341606e-01 7.030805511068434488e-02 8.120174784852154382e-01 -9.897784288092930094e-01 -2.135652396595940847e-02 1.409652534966382431e-01 8.213089401993739713e+00
1.220883692824320799e-01 -6.623318043467139871e-02 9.903241319747086990e-01 1.903586893587045736e+01 -1.414223619697262818e-02 9.975531469170620946e-01 6.846117218670744187e-02 8.520902566203457651e-01 -9.924365309867588802e-01 -2.234805088138927184e-02 1.208534130545610569e-01 8.320396865448211443e+00
9.800687174170670535e-02 -6.499963368523457852e-02 9.930711452872080791e-01 1.986241248868011056e+01 -1.710388785450655050e-02 9.976065626394362562e-01 6.699473377622250370e-02 8.952518963127706897e-01 -9.950504749692987705e-01 -2.353208229217340977e-02 9.666132234845990767e-02 8.405467024133285392e+00
6.643391986152727413e-02 -6.491150441505358359e-02 9.956960939137430300e-01 2.071262062117677871e+01 -2.226024889804567933e-02 9.975371100982395323e-01 6.650095474678960339e-02 9.355205054368689321e-01 -9.975604364260124424e-01 -2.658579866741129019e-02 6.482489929333463963e-02 8.462113419803998227e+00
3.111923677685974818e-02 -6.463513455335746782e-02 9.974084519980952468e-01 2.156781205898029796e+01 -2.518828250734355886e-02 9.975395748686308739e-01 6.543799970857382131e-02 9.721647440609342272e-01 -9.991822421908975738e-01 -2.718731032889259297e-02 2.941428246917060160e-02 8.478552230171015225e+00
-2.930826514655244741e-05 -6.442958333638088009e-02 9.979233067556911863e-01 2.241703983353895069e+01 -2.712619836055666853e-02 9.975552444098085836e-01 6.437560257515147211e-02 1.006970933956162995e+00 -9.996323485533217257e-01 -2.705526593470318833e-02 -1.777225908149822385e-03 8.467750146995379978e+00
-3.633994181852009259e-02 -6.343054980347467842e-02 9.973343069105490288e-01 2.329026866498543669e+01 -2.719102732262394101e-02 9.976773867902576365e-01 6.243462957067519997e-02 1.041699314421333566e+00 -9.989777333381923974e-01 -2.485776369693107335e-02 -3.798094544881298884e-02 8.432283450592070295e+00
-6.891759847742101597e-02 -6.177722798503752083e-02 9.957228833947777691e-01 2.414592396381206285e+01 -2.909160213383808757e-02 9.977806381233293997e-01 5.989171938451084282e-02 1.073751130751500193e+00 -9.972133288253965944e-01 -2.483334392977668004e-02 -7.056181732153699038e-02 8.366573807821756859e+00
-9.983111568420874327e-02 -5.888638926998962519e-02 9.932172561235257380e-01 2.499589264174245429e+01 -3.247937647961912644e-02 9.979074586894528531e-01 5.590407745569821174e-02 1.116248223892791769e+00 -9.944327570565598684e-01 -2.664689421460107038e-02 -1.015344286614101171e-01 8.278748470121428227e+00
-1.360407537597076721e-01 -5.495241284310686120e-02 9.892001574391127150e-01 2.585459452082202247e+01 -2.939265916575649340e-02 9.982444934892722443e-01 5.143188322459778250e-02 1.138783567051639523e+00 -9.902901757206490352e-01 -2.207648674206443354e-02 -1.374169068009068739e-01 8.151559813118215203e+00
-1.634489913696297592e-01 -4.898625814140044471e-02 9.854081073722207318e-01 2.670019869239366628e+01 -2.431782538235342100e-02 9.986633713351984465e-01 4.560855492736161365e-02 1.161804926347131506e+00 -9.863242519160230204e-01 -1.653194727660138932e-02 -1.644221281402360457e-01 7.996015124983526512e+00
-1.944453003787213197e-01 -4.264175875119492753e-02 9.798889459518539402e-01 2.755024393584301734e+01 -1.835077400313427087e-02 9.990376062785850664e-01 3.982743861876020947e-02 1.180657810339655445e+00 -9.806451877756385827e-01 -1.021306318241110844e-02 -1.950404887211375782e-01 7.819412944808854071e+00
-2.222554298168386566e-01 -3.667369169888695657e-02 9.742116188045217839e-01 2.837692355572869829e+01 -1.196777605056277213e-02 9.993195466501805235e-01 3.487983743448148238e-02 1.192310060409625727e+00 -9.748282011318111229e-01 -3.899054207808929241e-03 -2.225431224085218651e-01 7.601766833633703868e+00
-2.510253294870018470e-01 -3.142393548533909536e-02 9.675333706254036770e-01 2.921152834111357421e+01 -4.768344594730802681e-03 9.995010996041255869e-01 3.121872128564322571e-02 1.202836139198681265e+00 -9.680316129771054934e-01 3.216671585523554061e-03 -2.510501543296175253e-01 7.368228801420317886e+00
-2.768470801107504320e-01 -2.148533158471758672e-02 9.605886258489501062e-01 3.003120888671752198e+01 1.309940419786526393e-03 9.997403881701448780e-01 2.274478405466024214e-02 1.199693430274799022e+00 -9.608281018815979513e-01 7.556238991843574997e-03 -2.767469986836314511e-01 7.112737693415454920e+00
-3.021649454616428532e-01 -6.254307344843738382e-03 9.532982888665366694e-01 3.083431344324624135e+01 6.177248471224730877e-03 9.999444685662698395e-01 8.522707393508927726e-03 1.192126521400740602e+00 -9.532988548195440170e-01 8.462244240686100233e-03 -3.021095263661930930e-01 6.848759415078138346e+00
-3.262237776492154517e-01 1.144264838538656612e-02 9.450716638629423905e-01 3.162028686291742119e+01 7.392680920274210567e-03 9.999269266399316569e-01 -9.555394887596080009e-03 1.176953484095780045e+00 -9.451119945214089269e-01 3.863201557578459233e-03 -3.262845725117580198e-01 6.577258184248014672e+00
-3.527155635963343805e-01 2.626813459758760641e-02 9.353695650918183446e-01 3.241359537666691182e+01 7.360350678592446870e-03 9.996527426835928321e-01 -2.530685469333676663e-02 1.156633111783105239e+00 -9.357094690070645315e-01 -2.031131508551499779e-03 -3.527863497720729602e-01 6.282283801825390590e+00
-3.749787303821878748e-01 3.657929211432549288e-02 9.262164039068171428e-01 3.319738617489269927e+01 9.918372002391503614e-03 9.993221922475267194e-01 -3.544454195704888760e-02 1.117826244901056532e+00 -9.268853292974147395e-01 -4.110689574679748937e-03 -3.750873874367803285e-01 5.960397088544973521e+00
-3.999964161872620605e-01 4.122242350905434144e-02 9.155264406378528230e-01 3.397734847655477353e+01 1.367208279152826167e-02 9.991452188054128492e-01 -3.901306404118664445e-02 1.067335187528405838e+00 -9.163519082037941965e-01 -3.081202203451437888e-03 -4.002180026570606453e-01 5.619273144221423877e+00
-4.213370040603414690e-01 4.073346577199214724e-02 9.060698235969885106e-01 3.477002155328506916e+01 1.647003577322254594e-02 9.991698571989061639e-01 -3.725957026564220842e-02 1.022742311592210962e+00 -9.068353602064085361e-01 -7.743004666296034568e-04 -4.216580443979487947e-01 5.251199904510935212e+00
-4.426903541823762889e-01 3.755949910029523359e-02 8.962382473591861132e-01 3.551933380446641308e+01 2.076577682063820290e-02 9.992838944626247777e-01 -3.163379642233582478e-02 9.836586362865277211e-01 -8.967844043858689274e-01 4.618722357108740600e-03 -4.431534140995996851e-01 4.872297886267578093e+00
-4.617449180895081273e-01 3.576114438005556506e-02 8.861252559048299338e-01 3.627246357921394804e+01 2.771014429842333371e-02 9.992808490333849880e-01 -2.586944331535220507e-02 9.412084982654304044e-01 -8.864134084718241491e-01 1.260022405683742554e-02 -4.624037099603715006e-01 4.470639906756323612e+00
-4.748157503497560938e-01 3.609314081872803254e-02 8.795536904599382533e-01 3.701098467555327431e+01 3.142326603377217087e-02 9.992168589164927006e-01 -2.406552054298576743e-02 8.964076466790835696e-01 -8.797333993275155972e-01 1.622157024842108691e-02 -4.755779605545752964e-01 4.057697763782726952e+00
-4.851814654227420975e-01 4.022846678657339414e-02 8.738905161763022011e-01 3.773128875662524706e+01 3.410907029777864030e-02 9.990514586847024647e-01 -2.708513712196915918e-02 8.523392471685888871e-01 -8.741511664077151744e-01 1.667539906106987185e-02 -4.860933645292791483e-01 3.663086919689299670e+00
-4.941825796303295215e-01 4.240269384072824221e-02 8.687236491821653805e-01 3.844003343943930417e+01 3.572959110267174415e-02 9.989565045454470438e-01 -2.846156384622890514e-02 8.069258533315823989e-01 -8.690239089084548230e-01 1.698089047474423893e-02 -4.951818090360586844e-01 3.255355698464712066e+00
-5.037700421274857732e-01 4.142807769145884916e-02 8.631554801506083896e-01 3.916000163575208859e+01 2.935751483441108312e-02 9.990932900659801330e-01 -3.085126636006254100e-02 7.586695724330208002e-01 -8.636508168593349799e-01 9.804664759231267526e-03 -5.045294833472772078e-01 2.839060793665549642e+00
-5.142641429692023092e-01 3.977554178965327092e-02 8.567940587676392550e-01 3.986059467480291829e+01 2.747352217537874994e-02 9.991755820960044332e-01 -2.988668526470621492e-02 7.259639178324682751e-01 -8.572761455940572928e-01 8.181834970369238763e-03 -5.149329277933364368e-01 2.426423669069206479e+00
-5.236363359883794422e-01 4.229812002249812991e-02 8.507232407477449687e-01 4.056451405325539383e+01 3.108263552429095522e-02 9.990500538925349838e-01 -3.054718558175650509e-02 6.857798887314248137e-01 -8.512074258152823036e-01 1.044484714535881195e-02 -5.244534989977528427e-01 1.990155001099005450e+00
-5.302188195238453083e-01 4.490554740279427415e-02 8.465616749142753639e-01 4.126370542310355916e+01 3.453691909915308084e-02 9.989112755039752933e-01 -3.136846368454701550e-02 6.447031387408526104e-01 -8.470488842181428391e-01 1.259999316500860431e-02 -5.311925155847747604e-01 1.558811290826153773e+00
-5.340965835452043953e-01 4.835138333431258234e-02 8.441084044526370178e-01 4.197485780806745481e+01 3.538793144351549957e-02 9.987668640751081739e-01 -3.481948774645590716e-02 6.068595955359931127e-01 -8.447508880516200191e-01 1.128090408508477388e-02 -5.351491370934717828e-01 1.099371576812578466e+00
-5.327710874119820916e-01 5.027723545006560629e-02 8.451381458057140028e-01 4.271073016665132371e+01 3.420327903972886219e-02 9.986973093584751160e-01 -3.786455721866983232e-02 5.660970263623279486e-01 -8.459410496359107690e-01 8.734075741408013974e-03 -5.337969580686242610e-01 6.496791901161210747e-01
-5.288096284148846582e-01 4.945401139575699573e-02 8.470477572513440689e-01 4.346026076826870366e+01 3.696128151228839781e-02 9.986956721179311991e-01 -3.521584653416265365e-02 5.228942768556157361e-01 -8.476846187074111860e-01 1.268582022543548321e-02 -5.299479157085090764e-01 1.800510928396675536e-01
-5.260456068663612594e-01 4.818685332462346871e-02 8.497303017901862709e-01 4.420396401449733759e+01 3.500599367121057931e-02 9.987743179216284073e-01 -3.501346229917803171e-02 4.765402933289993870e-01 -8.503752837613898219e-01 1.134853125512023421e-02 -5.270880278811336250e-01 -2.643246758857999978e-01
-5.156189616897323136e-01 4.557979458742268675e-02 8.552182796181202473e-01 4.499027739666735215e+01 3.188173610021968057e-02 9.989130558678155358e-01 -3.398731565705342961e-02 4.363230073676468979e-01 -8.558383875475666924e-01 9.724502347567649460e-03 -5.165117627114084176e-01 -7.394899951139410899e-01
-5.076511629638733591e-01 4.712651027630720968e-02 8.604698552448896143e-01 4.577128508314437028e+01 3.074344380737048868e-02 9.988578585523048003e-01 -3.657306639420232486e-02 3.966250287790805684e-01 -8.612108961869612278e-01 7.884552263284213408e-03 -5.085202951749182576e-01 -1.193193700997305928e+00
-5.024671914972576037e-01 4.371161219417003807e-02 8.632086389115386504e-01 4.657517847442515091e+01 2.765359046360753303e-02 9.990225177119671507e-01 -3.447278382385315226e-02 3.517835442286140202e-01 -8.638723489290783819e-01 6.533695239505696480e-03 -5.031849124344969226e-01 -1.639799672988735635e+00
-4.987549957055779637e-01 4.214779454320816132e-02 8.658700402423327169e-01 4.740950432497486844e+01 2.375573533799574602e-02 9.991062852411821682e-01 -3.497619116072064188e-02 3.088655050815797276e-01 -8.665702259574912247e-01 3.134674065414480744e-03 -4.993104136238915580e-01 -2.105036337317804929e+00
-4.974916093253104465e-01 3.949969257469721634e-02 8.666451471797091965e-01 4.824831021550473764e+01 1.869688117888875303e-02 9.992190161062748377e-01 -3.481207264875051804e-02 2.628743194032999719e-01 -8.673434201360546991e-01 -1.112639971857781220e-03 -4.978415713718000180e-01 -2.559300107334416818e+00
-4.975371955446566963e-01 3.668218892602373438e-02 8.666112271498052078e-01 4.911946062195155349e+01 1.587272826681526694e-02 9.993232203675176395e-01 -3.318184434647300507e-02 2.144187754572512428e-01 -8.672419689308058510e-01 -2.753591931952295829e-03 -4.977827086588441641e-01 -3.048955018665174599e+00
-4.975653277421653309e-01 3.557118653558828669e-02 8.662532284614852252e-01 4.999930971075585262e+01 1.451395898963816003e-02 9.993602861877629584e-01 -3.268399107420499883e-02 1.691285980581669623e-01 -8.668617577094616111e-01 -3.698048756455456221e-03 -4.977631214590558795e-01 -3.530718848412973898e+00
-4.975493306566985408e-01 3.537456747617476888e-02 8.662958930861593965e-01 5.088435355357855627e+01 1.479251899012259085e-02 9.993688963607938458e-01 -3.229335414390630682e-02 1.208820418678278469e-01 -8.668914338928883634e-01 -3.258493165552800528e-03 -4.977584330346465080e-01 -4.019111774518761671e+00
-4.975666558595321365e-01 3.403895542465079638e-02 8.666250533817967394e-01 5.177520704792111417e+01 1.355462971222095615e-02 9.994129288475637196e-01 -3.146125217316175088e-02 7.662128848454800856e-02 -8.671873681512154430e-01 -3.912336332503226974e-03 -4.977359664866430333e-01 -4.523780305447483663e+00
-4.975287799025487900e-01 3.372533814585227524e-02 8.671005962185537319e-01 5.269035110462325378e+01 1.432521784523821569e-02 9.994275227693775188e-01 -3.066152776155045556e-02 2.823809810495549882e-02 -8.676375818989789934e-01 -2.808316272511294717e-03 -4.977273118022231269e-01 -5.044298582994818148e+00
-4.989338685072114976e-01 3.329765866092637000e-02 8.660844979922552866e-01 5.360759255829351133e+01 1.393746346113851689e-02 9.994406227239046592e-01 -3.041187545207176338e-02 -2.310773341061810038e-02 -8.666124723440754574e-01 -3.087968348928665872e-03 -4.991188600630981909e-01 -5.536338720700958227e+00
-4.962051645306758130e-01 3.231109573460808765e-02 8.673433001674084597e-01 5.454151343459500367e+01 1.157625844632151520e-02 9.994646852209522203e-01 -3.058872612125032933e-02 -7.246350115680068316e-02 -8.678677007013528844e-01 -5.150528025193825028e-03 -4.963135232136987041e-01 -6.056983255858829018e+00
-4.975932730629989975e-01 3.118305577467676837e-02 8.664393913967578520e-01 5.544431645284729626e+01 1.120326478868060617e-02 9.995008655239210338e-01 -2.952459966493033161e-02 -1.230175404314834547e-01 -8.669282778281551805e-01 -5.012872312886058890e-03 -4.976941699240719497e-01 -6.535707015986188750e+00
-4.962213397185354369e-01 2.953519458832774836e-02 8.678404042794768403e-01 5.637305642782896342e+01 9.519423238910760046e-03 9.995462899664883105e-01 -2.857723450082870487e-02 -1.751989739878771768e-01 -8.682905946108406825e-01 -5.915781716938076779e-03 -4.962773864566779047e-01 -7.045408340555368909e+00
-4.937810142270707137e-01 2.867375016983210803e-02 8.692280227086990330e-01 5.729822072606300765e+01 9.560961335265575484e-03 9.995748477932427933e-01 -2.755321771266180941e-02 -2.271020867150964073e-01 -8.696483875285787590e-01 -5.287002617816981449e-03 -4.938452182535958412e-01 -7.569189978291139376e+00
-4.923249613319615192e-01 2.609239982256003620e-02 8.693875826132116957e-01 5.820579944380355641e+01 9.702159817494206140e-03 9.996526603043660586e-01 -2.449972087047271388e-02 -2.802359732631543032e-01 -8.697251236866547774e-01 -3.641366200520738949e-03 -4.924068980481033919e-01 -8.059574707200463095e+00
-4.894980217371549536e-01 2.500128795121796949e-02 8.714579377885999234e-01 5.911927580578902308e+01 1.000946285817734538e-02 9.996839473959109323e-01 -2.305176912606928669e-02 -3.321119297015480698e-01 -8.717592060607645132e-01 -2.577193552614494721e-03 -4.895934447608525364e-01 -8.550629630668291625e+00
-4.870778112387535441e-01 2.417333917907450377e-02 8.728716450703302154e-01 6.004595702988569883e+01 9.757785703664003524e-03 9.997050735197752225e-01 -2.223955189180898753e-02 -3.777870207903658017e-01 -8.731518752412238404e-01 -2.317103933229764778e-03 -4.871699694858403484e-01 -9.069026538630609480e+00
-4.842544593934882680e-01 2.458216046983335845e-02 8.742329088287441596e-01 6.095534245307556631e+01 1.087877084657233075e-02 9.996969128408583760e-01 -2.208211891041367975e-02 -4.239051640873396365e-01 -8.745111233281540608e-01 -1.194383826580864552e-03 -4.843749330673499665e-01 -9.568104170354288840e+00
-4.842824583731179522e-01 2.548051190062304572e-02 8.745762193543856755e-01 6.186571108043297329e+01 1.047552327193660912e-02 9.996730198510159759e-01 -2.332392464399018692e-02 -4.700625738968024492e-01 -8.748845549625612339e-01 -2.135471998250261863e-03 -4.843910797998890461e-01 -1.004311513939336820e+01
-4.843194977880928564e-01 2.612843494485394061e-02 8.742765086899547677e-01 6.275731145649864828e+01 9.744970906391516030e-03 9.996529535382105980e-01 -2.446954673579376099e-02 -5.175158060803433102e-01 -8.746124611603227628e-01 -3.340312591524854068e-03 -4.844060062853196569e-01 -1.053527523122352783e+01
-4.858136994741107939e-01 2.813985026652021659e-02 8.733336867240489854e-01 6.366868912019408810e+01 8.237718982961616393e-03 9.995843925817623488e-01 -2.762045166337091101e-02 -5.691204216851617481e-01 -8.737482297611601778e-01 -6.237687625346793885e-03 -4.858435328445900314e-01 -1.104400894913156606e+01
-4.911062603571072493e-01 2.840957391211778801e-02 8.709503287042629216e-01 6.455471809738789091e+01 6.309574947584503136e-03 9.995580580632090761e-01 -2.905391501893906520e-02 -6.231418420332140995e-01 -8.713907608976865227e-01 -8.759686649625744725e-03 -4.910686096968397973e-01 -1.153267553605770424e+01
-4.962821428942862378e-01 2.649335520307707220e-02 8.677620967628628668e-01 6.544335061609859849e+01 6.177928597782655906e-03 9.996166714964214162e-01 -2.698385195289354152e-02 -6.646103650270696050e-01 -8.681445936138910691e-01 -8.038581328504044651e-03 -4.962555531630634675e-01 -1.202711151359733677e+01
-5.027266507564850384e-01 2.388555831462946949e-02 8.643153605819507979e-01 6.632639898763557085e+01 9.532854121833920016e-03 9.997106132873431195e-01 -2.208868898110175755e-02 -7.187235881298823514e-01 -8.645930080473718249e-01 -2.860097105592509376e-03 -5.028088860461780163e-01 -1.254374680630204963e+01
-5.080280412783987343e-01 2.228086124404993901e-02 8.612840660600562526e-01 6.720483873419345855e+01 6.527746585897224035e-03 9.997363278646262952e-01 -2.202128982561152998e-02 -7.627412832719188129e-01 -8.615475817953197613e-01 -5.553211654676449074e-03 -5.080394824175262780e-01 -1.303945658205882729e+01
-5.108405410496579258e-01 2.297546696318026119e-02 8.594253655050571039e-01 6.807553679110783662e+01 6.616788733137259418e-03 9.997183314913856700e-01 -2.279882914477933051e-02 -8.074842385436025172e-01 -8.597071748018200177e-01 -5.957033051555081851e-03 -5.108485989477399292e-01 -1.352908670333852470e+01
-5.160989431147973150e-01 2.646837537457005785e-02 8.559711619864347476e-01 6.893608039244918473e+01 7.998664569463163204e-03 9.996277506503514765e-01 -2.609288490501828622e-02 -8.511931065006933528e-01 -8.563432688915153523e-01 -6.612897618085354992e-03 -5.161184815315258412e-01 -1.405153915743572846e+01
-5.214080942113106243e-01 2.582984462630599082e-02 8.527429562777608663e-01 6.979056885692841661e+01 5.918335394470190282e-03 9.996271205201732180e-01 -2.665964486080200924e-02 -8.994894178669261553e-01 -8.531137572282397885e-01 -8.856078352911337173e-03 -5.213664114292545504e-01 -1.454887865980260031e+01
-5.242660733948564244e-01 2.666273761060650518e-02 8.510757030319455740e-01 7.063804274198109567e+01 5.180994131287906292e-03 9.995910131755664230e-01 -2.812768493407813430e-02 -9.477818492815610618e-01 -8.514778101715025915e-01 -1.033389398950164580e-02 -5.241896024279572019e-01 -1.506343886127453047e+01
-5.280795043651658194e-01 2.582730884638567703e-02 8.490587681442023360e-01 7.147569911341260251e+01 5.430083536296394925e-03 9.996199976115605068e-01 -2.702539906972268799e-02 -9.985163490414701304e-01 -8.494342864164335927e-01 -9.658978371963838558e-03 -5.280191128218953978e-01 -1.556417609994312201e+01
-5.331505304782717669e-01 1.958246278174552088e-02 8.464274734107164466e-01 7.229526350049808059e+01 6.730222212482605409e-03 9.997988643538363585e-01 -1.889790274004870749e-02 -1.039894920807964640e+00 -8.466272644075572007e-01 -4.358811679318344394e-03 -5.331751640719453178e-01 -1.608636331502101413e+01
-5.344509567607208522e-01 1.001695704761087005e-02 8.454502097745171252e-01 7.314970754676525644e+01 6.116991471227618132e-03 9.999494619853550592e-01 -7.978688671191997220e-03 -1.082500399640811350e+00 -8.454873044432701379e-01 9.151995139236880064e-04 -5.344852191108950823e-01 -1.662004328033538414e+01
-5.358419078378601208e-01 6.675502183902760900e-03 8.441532605902951625e-01 7.398017523285452057e+01 5.763340903769039250e-03 9.999743859392502543e-01 -4.244611243998475635e-03 -1.113487268315827006e+00 -8.441600066278388548e-01 2.592549063657895777e-03 -5.358665488792831999e-01 -1.714078044186991789e+01
-5.358486077608720644e-01 1.312438117763307932e-02 8.436993181332083092e-01 7.479046104856868737e+01 7.492748641524851066e-03 9.999137033755012283e-01 -1.079426007521903583e-02 -1.140200227307181180e+00 -8.437682592830823003e-01 5.349783202034082488e-04 -5.359007923118641603e-01 -1.765608648362567479e+01
-5.373186195424165534e-01 1.840982536719255880e-02 8.432394653370864912e-01 7.560427979349495331e+01 7.538454843030239355e-03 9.998266814252441126e-01 -1.703689431121614348e-02 -1.172428658326603701e+00 -8.434068387574856773e-01 -2.779209244532438502e-03 -5.373642239540555865e-01 -1.817760719076300902e+01
-5.382441300661804373e-01 2.358476170587013587e-02 8.428767353567817588e-01 7.642346164729916325e+01 1.386324789778690426e-02 9.997210699356462449e-01 -1.912054605155508527e-02 -1.206725678910420374e+00 -8.430924914502125889e-01 1.390785411367938696e-03 -5.384209930425309931e-01 -1.869454949730499393e+01
-5.357148864195673266e-01 2.391515439883182270e-02 8.434057093267544047e-01 7.724416621269422478e+01 1.679795110995637580e-02 9.997028017800688726e-01 -1.766087556761634231e-02 -1.248840176566547999e+00 -8.435775610532210145e-01 4.698218257810214682e-03 -5.359573052759679657e-01 -1.923766076812266235e+01
-5.381386085752684068e-01 2.137403783512643873e-02 8.431249425656820451e-01 7.806217169760164154e+01 1.675782096356258008e-02 9.997521428391569209e-01 -1.465933227438212874e-02 -1.283539876664062884e+00 -8.432292634578802959e-01 6.245275629718794255e-03 -5.383633955042753660e-01 -1.975342960712792717e+01
-5.381490344768375955e-01 1.529807582914285806e-02 8.432170264550025163e-01 7.888106973822583257e+01 1.449998187047197087e-02 9.998553143375756846e-01 -8.890736126606131606e-03 -1.310904838667952710e+00 -8.432311466960612512e-01 7.443033987999870225e-03 -5.382931223976642476e-01 -2.026151907926847429e+01
-5.343208327004885794e-01 9.125216999118565889e-03 8.450268895934671676e-01 7.969298799909498143e+01 1.239174964828374144e-02 9.999187774728507394e-01 -2.959614504931147843e-03 -1.338975618970204895e+00 -8.449853248503167436e-01 8.892727881806387902e-03 -5.343905263305896991e-01 -2.077383072048413837e+01
-5.344579199558187055e-01 2.965029936410403313e-03 8.451691501942990570e-01 8.051245616311349806e+01 4.058110913731052816e-03 9.999912524445784268e-01 -9.416053239808752032e-04 -1.368990969231932642e+00 -8.451646506664781677e-01 2.932615524170280492e-03 -5.344653293111167880e-01 -2.126077350550746203e+01
-5.332285059366317359e-01 -3.306377654218945611e-03 8.458244144543652920e-01 8.133591377111338261e+01 -5.789027455720362030e-03 9.999831497960042226e-01 2.482353701540049654e-04 -1.382640230939233383e+00 -8.458110116332172579e-01 -4.764658184147912805e-03 -5.332387375254492579e-01 -2.176035809403076016e+01
-5.317552807686964922e-01 -2.936849607549822574e-03 8.474562560859996152e-01 8.214524018458440935e+01 -2.381485296116292102e-03 9.999952143215805611e-01 1.974038559310551440e-03 -1.404062020339773786e+00 -8.474581347738242565e-01 -9.709900099236544804e-04 -5.317595306064119010e-01 -2.226556955713722274e+01
-5.278199187245035118e-01 1.283810231876630773e-03 8.493446510425589624e-01 8.295988641635011618e+01 2.968428087442229624e-03 9.999954653762840318e-01 3.353750567157672891e-04 -1.433865694863566853e+00 -8.493405479173458117e-01 2.703201108100396818e-03 -5.278211913165449243e-01 -2.276622322640345075e+01
-5.225673769144454361e-01 4.225663637921112797e-03 8.527342084196926075e-01 8.377483607209074989e+01 3.817151603071125554e-03 9.999892222445929679e-01 -2.611677025926984266e-03 -1.447524944234265920e+00 -8.527360448691737593e-01 1.897813659366189834e-03 -5.225779069794701526e-01 -2.326679163396349992e+01
-5.144389663931386858e-01 6.445540608194470951e-03 8.578927528327885410e-01 8.458278431237087602e+01 8.827737447973670742e-03 9.999585531804898730e-01 -2.223191674706699161e-03 -1.471161578553876303e+00 -8.578717380355895816e-01 6.433614830462279499e-03 -5.144743907309852204e-01 -2.375658549097678574e+01
-5.063121543251456469e-01 7.999219395804692961e-03 8.628932408240480578e-01 8.538522134714462197e+01 1.521445553678097556e-02 9.998842353403810668e-01 -3.492115922896705843e-04 -1.495576553980495493e+00 -8.627962776822737379e-01 1.294712572472014184e-02 -5.063752779222788769e-01 -2.423074974518034708e+01
-4.958929736041589043e-01 6.613009188685924945e-03 8.679795828022449644e-01 8.621712180289361527e+01 1.384467467490597264e-02 9.999040829095996452e-01 2.957357402952025130e-04 -1.522410813158524778e+00 -8.678943888885606306e-01 1.216546093545196883e-02 -4.959368853102320007e-01 -2.469986570633584577e+01
-4.855244247238632571e-01 4.141354412794413971e-03 8.744207633467508956e-01 8.704227973052782374e+01 1.055014074749249450e-02 9.999436898813544028e-01 1.121195760529342155e-03 -1.531629141627177448e+00 -8.743669067353854185e-01 9.768635672258628444e-03 -4.855407551591696680e-01 -2.513911234113251680e+01
-4.737318626901647622e-01 1.832549614640077923e-03 8.807525978390567944e-01 8.787895716679598479e+01 1.182105081577635233e-02 9.999209862922170400e-01 4.277462152516328664e-03 -1.549486248835653779e+00 -8.806753773873126079e-01 1.243600049283632644e-02 -4.737159361554579284e-01 -2.558646048522009764e+01
-4.619926389350850759e-01 -5.428376121237043789e-04 8.866733349908227924e-01 8.872400911041994220e+01 1.106413441124837888e-02 9.999184438139820941e-01 6.378280655001628517e-03 -1.566801704828915565e+00 -8.866044679165686615e-01 1.275837069102949556e-02 -4.619488072649900468e-01 -2.601432270556309589e+01
-4.516507602206383809e-01 -3.532515095472474505e-04 8.927905142406609151e-01 8.956451271045520457e+01 1.038109057063067546e-02 9.999302169337239699e-01 5.644308393558417417e-03 -1.571906031649904500e+00 -8.927303894914495608e-01 1.180890578453447359e-02 -4.516156240485958429e-01 -2.643254968753614875e+01
-4.375625429817361911e-01 -1.876260589588780829e-03 8.996844141993217692e-01 9.042091368060806644e+01 1.210465720907314552e-02 9.998950421716858994e-01 7.972160840358948064e-03 -1.590654380220407615e+00 -8.996051113840745073e-01 1.436924127329716749e-02 -4.374939979749686847e-01 -2.684602728524534498e+01
