1.000000000000000000e+00 4.398956837314658088e-19 2.733407509747682871e-20 -8.673617379884035472e-19 -5.583667658079949532e-19 1.000000000000000000e+00 -6.100159232558060012e-19 0.000000000000000000e+00 4.145284534913582806e-20 -2.210423569125054137e-19 1.000000000000000222e+00 0.000000000000000000e+00
9.998978369830356927e-01 3.225449838562139673e-04 1.429026162501504521e-02 -7.146583583853170774e-02 -3.195091719901566474e-04 9.999999259044831668e-01 -2.147220392778094748e-04 -9.165929849557552522e-03 -1.429033007135124475e-02 2.101342479046247028e-04 9.998978659310568951e-01 1.087530823057958340e-02
9.992808278289102564e-01 4.136221524441388575e-03 3.769242398071355471e-02 4.735684488809747961e-02 -4.117978628321774387e-03 9.999913633852316464e-01 -5.616180542034459331e-04 1.136924948331172192e-02 -3.769442207593086402e-02 4.059975935031791749e-04 9.992892302441601649e-01 2.824087317963990817e-01
9.979529437421795768e-01 5.373108828919941071e-03 6.372638218659490428e-02 3.025103700920590138e-02 -5.434402612399270686e-03 9.999849226350604470e-01 7.885308599076313891e-04 3.576151260565860190e-03 -6.372118560138918808e-02 -1.133231465728407614e-03 9.979670967888264466e-01 4.143686664017864896e-01
9.953943588868543468e-01 4.656904783364123473e-03 9.575167622717288551e-02 6.999680154542831101e-02 -4.929330015048089507e-03 9.999844478743776799e-01 2.608778194516414226e-03 6.190918503525683070e-03 -9.573803990879264925e-02 -3.068754652437861909e-03 9.954018336754106855e-01 5.333623593696372733e-01
9.909215568238570748e-01 1.765483080130095033e-03 1.344297257384897970e-01 1.836567550305600316e-01 -2.420486145596707338e-03 9.999859823469642306e-01 4.709178241663268885e-03 1.069221317183663422e-02 -1.344195296978349108e-01 -4.991811445089801465e-03 9.909119395688728016e-01 7.891280265496227742e-01
9.847554169838308447e-01 -1.503756025955404032e-03 1.739382279956741828e-01 2.176795370780309491e-01 5.119982825339591728e-04 9.999833575957595144e-01 5.746510838433501259e-03 -1.207107928741409097e-02 -1.739439776023009032e-01 -5.569851490494865873e-03 9.847397979635325038e-01 9.559224236805594632e-01
9.761067450333830164e-01 -1.852694470903311569e-03 2.172836609303591404e-01 3.275985733919392073e-01 4.461655514150137422e-04 9.999786312270871891e-01 6.522117977990820291e-03 -3.598434652141158097e-03 -2.172911050936102983e-01 -6.269338718587346912e-03 9.760867131346706582e-01 1.192650202152562455e+00
9.643093618057919647e-01 -1.801930769047888937e-03 2.647719904506476429e-01 4.160931288785061355e-01 -8.291573468672215402e-04 9.999513889178232029e-01 9.825085138777282096e-03 8.025342790445047503e-03 -2.647768282966213027e-01 -9.693959060081705492e-03 9.642609912302587682e-01 1.382227547521288402e+00
9.499156302291950071e-01 -5.513709588640842117e-03 3.124578262566066744e-01 5.635421214069944451e-01 4.258620723800710627e-04 9.998662520149782518e-01 1.634921148992347223e-02 2.788999826587103270e-02 -3.125061858529129544e-01 -1.539730744201033355e-02 9.497909285720270711e-01 1.658647314154243269e+00
9.330360454182161645e-01 -1.525936343302884517e-02 3.594591604581417466e-01 6.761891544921265762e-01 6.857508192028882385e-03 9.996729377678712503e-01 2.463720871208328542e-02 8.020870537652213805e-04 -3.597175492733850621e-01 -2.052240948736944876e-02 9.328355252760763827e-01 1.835439735293301844e+00
9.119586678117670431e-01 -2.096711206393088098e-02 4.097459774860738868e-01 8.398768145781569938e-01 9.701987489475247251e-03 9.995161336155793386e-01 2.955283488766731470e-02 -5.842311118871387765e-03 -4.101673598622134764e-01 -2.297561339448707732e-02 9.117208237571939877e-01 2.069167627456538483e+00
8.869487294001289213e-01 -2.295305888627968693e-02 4.612971985920936713e-01 1.044581008734760008e+00 8.380640416514298710e-03 9.993997489350108232e-01 3.361408429304955925e-02 -2.719405552575770990e-03 -4.617918584847832686e-01 -2.594800319035425046e-02 8.866086981718238613e-01 2.313274128454851475e+00
8.586726370831432309e-01 -2.487924435159235073e-02 5.119202297644224187e-01 1.204864625013267743e+00 6.412283658754576454e-03 9.992644327185080666e-01 3.780841294960365917e-02 2.850686833983160501e-02 -5.124843315832700030e-01 -2.918247168918864168e-02 8.582005576455568052e-01 2.534098076021180646e+00
8.264391251366434155e-01 -3.021431715922304542e-02 5.622147834269738409e-01 1.449208400522381091e+00 7.636901349294469843e-03 9.990687448343970045e-01 4.246552477142893217e-02 2.682743757143954411e-02 -5.629742945584323977e-01 -3.080159202519165348e-02 8.259002424094462613e-01 2.775091016502087893e+00
7.908529510794474193e-01 -3.597046027130379464e-02 6.109482220443405165e-01 1.668542953510498306e+00 9.872624372805553772e-03 9.988912074980116351e-01 4.603136783965367657e-02 2.779771146459881354e-02 -6.119265872914257942e-01 -3.037238045650420340e-02 7.903311812492923583e-01 2.961800630022626724e+00
7.532036426922295025e-01 -4.043777961498280088e-02 6.565432597281698479e-01 1.936718408721505691e+00 1.101980698994185076e-02 9.987442380057485192e-01 4.887239357116192340e-02 3.761967751573587482e-02 -6.576951000952685478e-01 -2.957588447115622188e-02 7.527034137957300253e-01 3.165776918292062980e+00
7.127349712676025462e-01 -4.356804056507002088e-02 7.000790518480229929e-01 2.256397170068833891e+00 1.196785003490997805e-02 9.986791810008313064e-01 4.996662833822806959e-02 4.736566179560046386e-02 -7.013313343430893632e-01 -2.723452184857419467e-02 7.123149921761053882e-01 3.436118723562522348e+00
6.714684869220686192e-01 -4.566904380296470806e-02 7.396244998517924607e-01 2.526123058512503405e+00 1.117686352158074430e-02 9.986097525035493305e-01 5.151349214114755992e-02 5.537390115236541510e-02 -7.409488234758273562e-01 -2.632300402187162658e-02 6.710454151775367970e-01 3.601369778041670688e+00
6.287513146658531005e-01 -4.601630098317573137e-02 7.762436953984557242e-01 2.869574455489016351e+00 6.994709009211445838e-03 9.985418162741188652e-01 5.352863858045907308e-02 8.636999772195672054e-02 -7.775749928558538526e-01 -2.822660257889253108e-02 6.281563492838326823e-01 3.848166059951434015e+00
5.869077740155020928e-01 -4.683644917964809723e-02 8.082979656184913209e-01 3.212179509209538875e+00 4.165793950569329079e-03 9.984869008176172622e-01 5.483206187991595398e-02 1.058277203654278131e-01 -8.096430836995334168e-01 -2.881416004664012070e-02 5.862148342119333222e-01 4.058541964381132239e+00
5.467599321051372918e-01 -4.789871397151625187e-02 8.359182247237947339e-01 3.597430513559756626e+00 2.011223894996563323e-03 9.984345981370604806e-01 5.589551124506850904e-02 1.247223882568530839e-01 -8.372870143541176757e-01 -2.888020663501579197e-02 5.460003669610029586e-01 4.245194997564687434e+00
5.081722282148668501e-01 -5.055856218852529393e-02 8.597702054100123670e-01 4.028218164444234972e+00 1.054500267226908886e-03 9.983112491997306881e-01 5.808216340151313439e-02 1.342291566599280728e-01 -8.612548333444935977e-01 -2.860911386284938074e-02 5.073673647758426553e-01 4.459446922429600058e+00
4.708255244049189825e-01 -5.037030697236193066e-02 8.807872302245524088e-01 4.426503520068031605e+00 -1.831566580794267464e-03 9.983108166594830690e-01 5.807029072258985958e-02 1.591815345924403602e-01 -8.822244527280533877e-01 -2.895419489636404109e-02 4.699379559731532430e-01 4.637591869572210257e+00
4.345755624423947028e-01 -4.970742152547284048e-02 8.992626086684351039e-01 4.866652200781853566e+00 -3.079311289340924424e-03 9.983879458784475913e-01 5.667475038049052394e-02 1.820029480154082557e-01 -9.006301199506915323e-01 -2.739857035004382088e-02 4.337219372366237780e-01 4.826591661490012619e+00
4.010177840542435423e-01 -4.841203755289337496e-02 9.147901385256276274e-01 5.391623736162422631e+00 -1.770424652606329913e-03 9.985597709037046243e-01 5.362135297399095446e-02 2.008557602517251628e-01 -9.160685659458375207e-01 -2.312268242883021643e-02 4.003545154312941334e-01 5.022886242430961268e+00
3.711781315913911805e-01 -4.674315832702179846e-02 9.273844172689440502e-01 5.880432598471278638e+00 7.239136904097389204e-05 9.987336266312655253e-01 5.031041404604676831e-02 2.220262921260697242e-01 -9.285616860506558101e-01 -1.860699007058366078e-02 3.707114639958173363e-01 5.193820859776782761e+00
3.456988871218895087e-01 -4.481377109869353476e-02 9.372747679458409698e-01 6.435923313444845029e+00 1.011155631979132347e-03 9.988761331979901792e-01 4.738615894254483846e-02 2.471274009052635834e-01 -9.383449646630981356e-01 -1.543361092452891908e-02 3.453556800058482645e-01 5.375653377164565150e+00
3.243862377860226576e-01 -4.422316058739689942e-02 9.448903988259735875e-01 7.009944734333514837e+00 2.182319916490866544e-03 9.989388920559482132e-01 4.600355839325628859e-02 2.724542204057104344e-01 -9.459222072345425669e-01 -1.286086723664929890e-02 3.241385367348532665e-01 5.567104772615976138e+00
3.104575448361468482e-01 -4.484624572261736164e-02 9.495287841450850141e-01 7.598149479258849759e+00 3.329350543231679709e-03 9.989316977278741572e-01 4.609098246301238100e-02 3.020361707813248864e-01 -9.505814243613638359e-01 -1.114797820024646634e-02 3.102751898800255037e-01 5.738688055708045965e+00
2.980708079853338632e-01 -4.631991524922683678e-02 9.534192380875102790e-01 8.214029479811884471e+00 4.240573327274675328e-03 9.988763342558000247e-01 4.720260971324793942e-02 3.187073181215668294e-01 -9.545343509493222633e-01 -1.002667492821051470e-02 2.979322976925409816e-01 5.933490956391931803e+00
2.875509022483281329e-01 -4.820216518411513801e-02 9.565516266503770737e-01 8.847529844252344233e+00 3.126508851337400814e-03 9.987746763748585055e-01 4.938998619575912796e-02 3.471375706032536756e-01 -9.577602621895980883e-01 -1.121146707333017453e-02 2.873492624927235783e-01 6.098576116919358192e+00
2.773242043923472289e-01 -4.997043492209905097e-02 9.594760162406086312e-01 9.507791222428013000e+00 1.516947036219093957e-03 9.986680679684585282e-01 5.157314081842866160e-02 3.812394526142901530e-01 -9.607752083019756029e-01 -1.284700506444270973e-02 2.770306285630297349e-01 6.298153827526453696e+00
2.666843487861312867e-01 -5.157859282192675532e-02 9.624027697447327112e-01 1.021031699158886852e+01 9.265251090614021450e-04 9.985802102649177225e-01 5.326072830516351969e-02 4.104090345747809510e-01 -9.637834902655301184e-01 -1.331211143010385678e-02 2.663535006010971373e-01 6.493603341712727683e+00
2.566736889021883905e-01 -5.373750479873581204e-02 9.650030477879192325e-01 1.090853456496559915e+01 -2.047956113922008573e-04 9.984500650916287023e-01 5.565451947041109154e-02 4.361193428155132334e-01 -9.664981076063188237e-01 -1.448267832876420913e-02 2.562648548377316482e-01 6.674090816567355589e+00
2.467233011955241306e-01 -5.538717705182073792e-02 9.675018642899203547e-01 1.163941888611085496e+01 -3.890315113168730881e-04 9.983596305935447113e-01 5.725291795305224168e-02 4.655798312934144034e-01 -9.690858981010092021e-01 -1.450201675155408758e-02 2.462970351309690387e-01 6.871348844840413861e+00
2.355192728952620052e-01 -5.645308549527102565e-02 9.702286870963959808e-01 1.242244085485372906e+01 -1.140202851640804635e-03 9.982947819750068730e-01 5.836290069374800576e-02 4.945809953768287581e-01 -9.718690182879422546e-01 -1.485184456857043325e-02 2.350532918608886634e-01 7.041125560376568338e+00
2.258210209253727896e-01 -5.949209831313071600e-02 9.723505235729036356e-01 1.316158594241941771e+01 -2.305837527730005346e-03 9.980980714889370331e-01 6.160294440728264487e-02 5.318704548317589875e-01 -9.741660876677243897e-01 -1.615332124946543269e-02 2.252543450158254468e-01 7.230611455942500321e+00
2.147133306481681103e-01 -6.288756601340525498e-02 9.746503596338155218e-01 1.394693841558401992e+01 -4.181336380917086842e-03 9.978565214300497699e-01 6.530604122253719224e-02 5.770330117472697307e-01 -9.766681723483294775e-01 -1.809741776579869982e-02 2.139901417962261632e-01 7.397559881898645884e+00
2.014963676641459700e-01 -6.698186881269140025e-02 9.771963092506503745e-01 1.473094430431557456e+01 -4.107151679833213019e-03 9.975924918017785581e-01 6.922681239620911975e-02 6.146005367721381063e-01 -9.794806593350692259e-01 -1.796244383383519341e-02 2.007361574473702504e-01 7.556191862199340470e+00
1.891959474072975600e-01 -6.920828904696825490e-02 9.794973659277900202e-01 1.552825807203266706e+01 -5.355032503998243334e-03 9.974255509430310918e-01 7.150939728766196601e-02 6.548127866732108560e-01 -9.819247598805684873e-01 -1.877452753080629741e-02 1.883382580738138246e-01 7.708736757374505366e+00
1.753979307906363139e-01 -6.998855596595562889e-02 9.820066962348126260e-01 1.632531153607883212e+01 -5.939124244842533887e-03 9.973764878272097789e-01 7.214477306314320826e-02 6.912891562751062313e-01 -9.844797152309753274e-01 -1.848630281415028845e-02 1.745221000833004910e-01 7.851980070778196819e+00
1.609648578515499584e-01 -6.918489879995459724e-02 9.845322482021906518e-01 1.711578331851210066e+01 -7.531432510294012138e-03 9.974248928450764051e-01 7.132223082052803476e-02 7.281121349873523885e-01 -9.869314105596946884e-01 -1.889531005105863845e-02 1.600292933235980264e-01 7.993888356239716053e+00
1.441133470248323889e-01 -6.805142396338446920e-02 9.872184815050764062e-01 1.792215036962228325e+01 -8.675042778826368844e-03 9.975073721391320980e-01 7.002703846994931536e-02 7.651914158964350232e-01 -9.895231700149567100e-01 -1.865599257349493181e-02 1.431637756882418733e-01 8.097058390078050394e+00
1.234300823053264690e-01 -6.670075842714819070e-02 9.901090883321204128e-01 1.874523458644317131e+01 -1.126726723790106785e-02 9.975800216475269044e-01 6.860866608374173448e-02 8.048579691756139187e-01 -9.922893129993984873e-01 -1.962419611782994719e-02 1.223798475252838580e-01 8.191248286566583658e+00
9.882196706375369344e-02 -6.532822272247365558e-02 9.929584206795233348e-01 1.957207653787342849e+01 -1.536034295815529201e-02 9.976237142868448204e-01 6.716386327478124363e-02 8.452839788227649587e-01 -9.949865807999599410e-01 -2.188944610925700265e-02 9.758367254295169380e-02 8.281952607544244671e+00
6.794802170520539142e-02 -6.481225737233990702e-02 9.955814484817460119e-01 2.040072335686388882e+01 -1.950026730996460428e-02 9.976108110217688507e-01 6.627525398155281744e-02 8.860123815218838850e-01 -9.974982823290906575e-01 -2.391737592371853682e-02 6.652182330698781787e-02 8.345842088630185174e+00
3.530458455209552898e-02 -6.461734868664431586e-02 9.972853991564210041e-01 2.125282064634624390e+01 -2.262874027912573777e-02 9.975999714570299437e-01 6.543880387868457327e-02 9.265101656664308516e-01 -9.991203850209552373e-01 -2.487760122363921397e-02 3.375764194825076059e-02 8.347237999585358281e+00
7.721587538162881471e-04 -6.389120152213767501e-02 9.979565626198979578e-01 2.209826185299516865e+01 -2.413482045174742546e-02 9.976649858133161963e-01 6.389120847245460810e-02 9.606933712595322472e-01 -9.997084232556491257e-01 -2.413483576032897024e-02 -7.716483184028858668e-04 8.341053744524602465e+00
-3.323372479539075247e-02 -6.304929697036011638e-02 9.974569105436683625e-01 2.292577559225538408e+01 -2.528969505210898819e-02 9.977417099632385211e-01 6.222468581546115873e-02 9.905449584080368020e-01 -9.991276035174632142e-01 -2.315742214690027709e-02 -3.475317229234209382e-02 8.317952697066184342e+00
-6.587259041058218800e-02 -6.107010771006741306e-02 9.959574421051350379e-01 2.375286640585434128e+01 -2.768587171167351951e-02 9.978529218505873821e-01 5.935519246038626490e-02 1.020812612638956729e+00 -9.974438888929129110e-01 -2.366406883038290818e-02 -6.742193736946984484e-02 8.250591605754582503e+00
-9.829480051866609780e-02 -5.789807330280416497e-02 9.934716543749246842e-01 2.459579947743970862e+01 -2.966767882033795323e-02 9.980328830667810625e-01 5.522855394477595159e-02 1.062554115402479793e+00 -9.947150235309804023e-01 -2.404531741065537090e-02 -9.981914598283950224e-02 8.162030364535015181e+00
-1.302777493669214082e-01 -5.365197585999142982e-02 9.900248261173788533e-01 2.542748632280378018e+01 -2.722366978092953527e-02 9.983518987173310988e-01 5.052086847502481465e-02 1.086989634183345821e+00 -9.911037264931941149e-01 -2.037036301381757800e-02 -1.315236434985765646e-01 8.014104725664910944e+00
-1.620712099544264484e-01 -4.805046146002922569e-02 9.856084714478370312e-01 2.627871628016405481e+01 -2.241962784407590739e-02 9.987352099574289266e-01 4.500378533693132760e-02 1.103059521899517614e+00 -9.865243533910208473e-01 -1.480315625506493926e-02 -1.629434987439916382e-01 7.885251065812841631e+00
-1.927639617265585747e-01 -4.185530223064037880e-02 9.803520652334877239e-01 2.712182684968763269e+01 -1.639712397816384809e-02 9.990877458304606717e-01 3.943108501759792772e-02 1.122508560593585836e+00 -9.811081519371003257e-01 -8.474061207999095124e-03 -1.932744199507475114e-01 7.708549908913110649e+00
-2.221091155609751511e-01 -3.631071936011415202e-02 9.743454498709798184e-01 2.792866690108182937e+01 -1.023772171331683960e-02 9.993380789379078255e-01 3.490835200283535361e-02 1.131320243287108118e+00 -9.749680743495212631e-01 -2.221613343686023104e-03 -2.223338372641184280e-01 7.507814466511744556e+00
-2.499338987385267552e-01 -2.963410626430196954e-02 9.678093042716072736e-01 2.875222049349786957e+01 -1.646373244202032531e-03 9.995431054941608107e-01 3.018061799413007673e-02 1.155313124239970790e+00 -9.682615099295410754e-01 5.949785280383676316e-03 -2.498684954698948690e-01 7.274574921301959485e+00
-2.761107764095174777e-01 -1.948731084237836572e-02 9.609282322300020107e-01 2.955852409808692371e+01 4.619509202007241605e-03 9.997559752633754515e-01 2.160208422452599211e-02 1.149606957761651671e+00 -9.611147251519897017e-01 1.040358619133141364e-02 -2.759533780866430530e-01 7.012945737243112987e+00
-3.013327416314284246e-01 -4.460997002161672283e-03 9.535086062427776676e-01 3.034222246004476631e+01 8.970980730134719972e-03 9.999315339818984905e-01 7.513243999531813398e-03 1.142017047585461853e+00 -9.534768563826315768e-01 1.081789486719768670e-02 -3.012720923996721201e-01 6.751335740597139257e+00
-3.256672662702932985e-01 1.230170519854842034e-02 9.454044022664210845e-01 3.111915356407176958e+01 9.318825077800348827e-03 9.999085474789500827e-01 -9.800824568340681456e-03 1.114563150196884456e+00 -9.454385258794268942e-01 5.618251565365702492e-03 -3.257521219459439399e-01 6.468875913708074243e+00
-3.511670674809023174e-01 2.685362946647205928e-02 9.359276455361915659e-01 3.188388096098562841e+01 8.436356354479665129e-03 9.996388093507503347e-01 -2.551624414619057396e-02 1.084877246349009949e+00 -9.362748171976410516e-01 -1.064644510424070422e-03 -3.512667773245264358e-01 6.193545831368388654e+00
-3.754945555915600863e-01 3.771689247564660730e-02 9.260568337921382120e-01 3.265913684387297167e+01 1.227811028340919375e-02 9.992863769236001170e-01 -3.572093050946154036e-02 1.046139184030419056e+00 -9.267432768040752000e-01 -2.042786036098524338e-03 -3.756896874814708576e-01 5.880161763110861806e+00
-3.990701759820086125e-01 4.247553473610188313e-02 9.159360286393591899e-01 3.342559314241635349e+01 1.616092855539784726e-02 9.990971219968662886e-01 -3.929077717772882367e-02 9.986512551574205920e-01 -9.167779627892908012e-01 -8.773996851429449349e-04 -3.993963096715049121e-01 5.525621115085512791e+00
-4.217301412709641983e-01 4.177222252070012659e-02 9.057586624692935962e-01 3.415906054409581571e+01 1.819902157060581532e-02 9.991269643760258834e-01 -3.760458261451547074e-02 9.516391506357353425e-01 -9.065387455785837156e-01 6.249364622960373698e-04 -4.221221706891574166e-01 5.176385533619018986e+00
-4.421444058694248280e-01 3.842249650433750968e-02 8.961205396999422090e-01 3.491005111168784225e+01 2.226427657093271381e-02 9.992443699535891177e-01 -3.185892440213047849e-02 9.181277873618421959e-01 -8.966675190355813951e-01 5.865231343618345847e-03 -4.426657586229840735e-01 4.811315169701277483e+00
-4.604327188093678691e-01 3.740299511036240809e-02 8.869062595487164913e-01 3.563887447754756721e+01 2.986756197050261658e-02 9.991989835021501953e-01 -2.663306328971625642e-02 8.872372106413322079e-01 -8.871920047109688179e-01 1.422699500739889843e-02 -4.611810421297684592e-01 4.399857421062790763e+00
-4.740333260169744545e-01 3.805340108150061934e-02 8.796842220486573716e-01 3.633929177088934637e+01 3.326336532411895003e-02 9.991264568654089073e-01 -2.529568470379588499e-02 8.366310165421941836e-01 -8.798783820196374172e-01 1.727026119503826534e-02 -4.748850228814127106e-01 4.012400909336768073e+00
-4.853984563035576572e-01 4.127386669713086625e-02 8.733182654453810478e-01 3.705907357413217795e+01 3.629389836055313401e-02 9.989752692866925576e-01 -2.704004875309278660e-02 7.853662604332254382e-01 -8.735394119033301763e-01 1.857092754557581465e-02 -4.863990443513921402e-01 3.600390319643449910e+00
-4.949692297661117402e-01 4.386668051813855801e-02 8.678024903737422413e-01 3.774394236763637167e+01 3.710974902094527766e-02 9.988807922309925758e-01 -2.932625749925998546e-02 7.360395255032041728e-01 -8.681176996976619487e-01 1.768833862345645103e-02 -4.960431390869642909e-01 3.210216060574583974e+00
-5.055120264974150013e-01 4.316323684701113550e-02 8.617392370079730579e-01 3.842853643183349277e+01 3.159103856165067226e-02 9.990041696454134978e-01 -3.150674942744988855e-02 6.823408192437649955e-01 -8.622410391431982735e-01 1.129619774466472312e-02 -5.063721949714897752e-01 2.815558483726108285e+00
-5.170512375351422607e-01 4.194530882655095327e-02 8.549260760866509434e-01 3.912606662943544933e+01 2.979323351973147543e-02 9.990752836581677787e-01 -3.099904463542759586e-02 6.681284165684364673e-01 -8.554357912915355744e-01 9.442918844215187138e-03 -5.178227993923349981e-01 2.398794528696890360e+00
-5.255950039146621844e-01 4.322856396417930347e-02 8.496359043791990029e-01 3.980568298273767880e+01 3.192192523254619441e-02 9.990069844154025880e-01 -3.108111523449347616e-02 6.269788360478345535e-01 -8.501358093901590918e-01 1.078593594698606419e-02 -5.264530200692564277e-01 1.977350803016941327e+00
-5.327231034352178929e-01 4.620462936474845073e-02 8.450273453062686624e-01 4.047347563906573953e+01 3.578291248712878181e-02 9.988453049680077189e-01 -3.205682231993039338e-02 5.789343570588917354e-01 -8.455327846721161222e-01 1.316013070585643312e-02 -5.337613081150905936e-01 1.538169320916441540e+00
-5.366901511008617121e-01 4.947046505314959403e-02 8.423279301431176869e-01 4.116303704738476199e+01 3.641747351144656447e-02 9.987076509005443636e-01 -3.545131299850631801e-02 5.437314920977662780e-01 -8.429931559460085433e-01 1.164908556800223725e-02 -5.377981506063691519e-01 1.085504204290395291e+00
-5.363758261400523031e-01 5.092620640812407090e-02 8.424413817772896662e-01 4.189305030322260137e+01 3.569078231979299493e-02 9.986535930126958505e-01 -3.764530724573916798e-02 4.931577320367621642e-01 -8.432242601080690569e-01 9.875360196775128871e-03 -5.374712433157848857e-01 6.490777488281668228e-01
-5.331942744085532704e-01 5.178694779556231725e-02 8.444062794756395096e-01 4.261469496380160393e+01 3.818816287590873909e-02 9.985805535873599759e-01 -3.712872402530748711e-02 4.558246506948461230e-01 -8.451304879459594632e-01 1.244950248896066654e-02 -5.344150832972850429e-01 1.912289838592237390e-01
-5.273033743062243150e-01 5.081590836171683001e-02 8.481561659495977512e-01 4.335028331207944063e+01 3.665552014337566944e-02 9.986411700163283500e-01 -3.704303345949712389e-02 4.121299449360168454e-01 -8.488860560202154959e-01 1.155668990458635567e-02 -5.284495434199678598e-01 -2.696794586942057870e-01
-5.204114788516301937e-01 4.930625452770658751e-02 8.524909223894018284e-01 4.411209604225010850e+01 3.421593573620884676e-02 9.987338701822852105e-01 -3.687717765997199776e-02 3.642314796348846140e-01 -8.532298485011526878e-01 9.977469060737712697e-03 -5.214396311996833955e-01 -7.162730883520634917e-01
-5.130923169195553690e-01 4.877114589210641143e-02 8.569466939850375331e-01 4.490724193323320890e+01 3.262564984316035366e-02 9.987710731094510130e-01 -3.730831587990895287e-02 3.191626639643650454e-01 -8.577131533224264803e-01 8.815833536555770650e-03 -5.140529555110789905e-01 -1.193958867580926286e+00
-5.069812080786197939e-01 4.724619055833777920e-02 8.606612798958390709e-01 4.571224169433698137e+01 2.975615413584549104e-02 9.988608231335229792e-01 -3.730452044658720545e-02 2.705059217618448475e-01 -8.614433458770792695e-01 6.697279844469022046e-03 -5.078095329570222471e-01 -1.639464049813003088e+00
-5.020026512310490352e-01 4.488596377677066263e-02 8.637005122752747788e-01 4.652724200229400253e+01 2.546140870083665741e-02 9.989864743562641980e-01 -3.711792925557747674e-02 2.244054592122843583e-01 -8.644912186550730571e-01 3.357733800848416560e-03 -5.026367197571564027e-01 -2.117392162614094353e+00
-5.011038533054043009e-01 4.227674939011354799e-02 8.643538575931322132e-01 4.737117751683624789e+01 2.083562587428252136e-02 9.991058480179084711e-01 -3.678832844894888016e-02 1.853460916490288768e-01 -8.651362997979316072e-01 -4.254186178818684439e-04 -5.015366540533916506e-01 -2.560420148546652452e+00
-5.015281464538923206e-01 3.976178154789540564e-02 8.642271145471596139e-01 4.820468493371856766e+01 1.811834763698354916e-02 9.992069289590234105e-01 -3.545756003092457448e-02 1.379524393716568820e-01 -8.649515917788717090e-01 -2.124596150644736132e-03 -5.018508180030989418e-01 -3.046945437847498717e+00
-5.023445444598295673e-01 3.841905004677715479e-02 8.638135920048866101e-01 4.905589829398893187e+01 1.651776828606277281e-02 9.992564889491105662e-01 -3.483722995561620850e-02 8.937041758326985663e-02 -8.645097652988439352e-01 -3.232018755997613166e-03 -5.026056439229739103e-01 -3.536891291948599747e+00
-5.030056567454059824e-01 3.800119744677283445e-02 8.634472796717693743e-01 4.992213024413871381e+01 1.684109973665507895e-02 9.992741920587436821e-01 -3.416820761782227850e-02 4.385700811485974959e-02 -8.641190305415330508e-01 -2.645399051713623068e-03 -5.032805544178775570e-01 -4.043288247145033765e+00
-5.029738997827618574e-01 3.717481711935359534e-02 8.635017519412228060e-01 5.078216870905569635e+01 1.625318966313188743e-02 9.993047358061913910e-01 -3.355411732001600117e-02 -6.510668237541573922e-03 -8.641487732252790543e-01 -2.842186588065867287e-03 -5.032284106094500054e-01 -4.544281371279472737e+00
-5.029255612403688014e-01 3.667236085758975028e-02 8.635513906506953052e-01 5.167941434412118440e+01 1.681384323199658706e-02 9.993255386470177859e-01 -3.264601738529245706e-02 -5.502130342764491311e-02 -8.641661801011342181e-01 -1.898897996146147208e-03 -5.032029619286368938e-01 -5.050466541750722627e+00
-5.033064260716553218e-01 3.591532372782198224e-02 8.633612902466296646e-01 5.255532954699241799e+01 1.617287213309448815e-02 9.993523810743597524e-01 -3.214430924322606714e-02 -1.151108909518169660e-01 -8.639566493636395839e-01 -2.215404740017226561e-03 -5.035613304589825479e-01 -5.553559042360580733e+00
-5.034380792823442974e-01 3.457352630704140645e-02 8.633393064764897096e-01 5.345810465842186687e+01 1.446225596142537533e-02 9.993963150226936598e-01 -3.158874235152463877e-02 -1.611680567486679094e-01 -8.639102706755331651e-01 -3.417140842796526513e-03 -5.036341736795647561e-01 -6.067616535941632527e+00
-5.036549495238834551e-01 3.398810025267952339e-02 8.632360554125463326e-01 5.435633739282655341e+01 1.436697601336221243e-02 9.994171311208666086e-01 -3.096753129567679855e-02 -2.120209779292776819e-01 -8.637854444907937523e-01 -3.194857805481114265e-03 -5.038496921645980731e-01 -6.565226149026154978e+00
-5.029633241934579058e-01 3.295016104883827235e-02 8.636794358400773364e-01 5.524190975862547504e+01 1.296599770073928772e-02 9.994482479054452861e-01 -3.057912093285161323e-02 -2.651186479312426236e-01 -8.642105008203988525e-01 -4.181709839903819705e-03 -5.031130460542567739e-01 -7.096345393546524605e+00
-5.016952679036644769e-01 3.177137189491020808e-02 8.644607709770075754e-01 5.615303041621935165e+01 1.253129002957077860e-02 9.994873659589731396e-01 -2.946136511412604519e-02 -3.176244483371092331e-01 -8.649536619179694075e-01 -3.947817923786463290e-03 -5.018362193239536140e-01 -7.607258513648133658e+00
-4.996734294435749568e-01 2.959191442176747205e-02 8.657082470091624904e-01 5.705794225102930284e+01 1.313004394237341638e-02 9.995602214540992847e-01 -2.658882487855746685e-02 -3.702455642112376100e-01 -8.661143563191557870e-01 -1.918941066735708068e-03 -4.998422281446339710e-01 -8.117097509884427353e+00
-4.969950578234791916e-01 2.807266959270085516e-02 8.672991549088147067e-01 5.792563495061558143e+01 1.347180040068373351e-02 9.996057283637667101e-01 -2.463530783247548650e-02 -4.226025194557025966e-01 -8.676487973304559675e-01 -5.595442026800564756e-04 -4.971772973910186244e-01 -8.627660530619646551e+00
-4.946291117904567658e-01 2.764383628722430486e-02 8.686644038004109891e-01 5.884229339178234852e+01 1.323827959010560017e-02 9.996177077910162190e-01 -2.427315802083116966e-02 -4.744974545788159803e-01 -8.690033384180972931e-01 -5.065874075109524661e-04 -4.948059769909934347e-01 -9.130073229481441288e+00
-4.926726652772431270e-01 2.787510477933169764e-02 8.697681356176086842e-01 5.971324269950388697e+01 1.384424556395376371e-02 9.996114064271128807e-01 -2.419448244459677239e-02 -5.232423200017062292e-01 -8.701045881080069488e-01 1.213244458322383884e-04 -4.928671268658684768e-01 -9.638941409163949814e+00
-4.914033607504515455e-01 2.852259582273395516e-02 8.704649245457536377e-01 6.061268743385178936e+01 1.376228713614485039e-02 9.995931036348466581e-01 -2.498452708287057442e-02 -5.703237175387356750e-01 -8.708233741764110913e-01 -2.978914018973153385e-04 -4.915959478879550759e-01 -1.014612032403119102e+01
-4.919854739842230429e-01 2.950435466374935062e-02 8.701033115376969329e-01 6.151406697401998258e+01 1.298773502633462223e-02 9.995630991538992927e-01 -2.655050893498448958e-02 -6.141614083747086728e-01 -8.705065333666773819e-01 -1.761792541649443052e-03 -4.921537210796365081e-01 -1.063528493488312421e+01
-4.948207819823609022e-01 3.133427558419481229e-02 8.684299299570008568e-01 6.239067075991021483e+01 1.201231833884909041e-02 9.995008513679899398e-01 -2.921904001759898298e-02 -6.640663352567415245e-01 -8.689120268379203482e-01 -4.026330554476222588e-03 -4.949501913816976018e-01 -1.112701022768075809e+01
-4.991362914848203602e-01 3.184712892122052580e-02 8.659380516683039541e-01 6.325922979035720317e+01 1.070683585451063201e-02 9.994747692764484048e-01 -3.058674916166108371e-02 -7.171021463501421334e-01 -8.664573495387222213e-01 -5.995499083845945432e-03 -4.992151129700721501e-01 -1.162582646023977517e+01
-5.048887598366967877e-01 3.060114279190940048e-02 8.626418125556456484e-01 6.414408526351671469e+01 1.069557316768858686e-02 9.995164626227052151e-01 -2.919667172510882758e-02 -7.605538763221690868e-01 -8.631181594552118641e-01 -5.514621870243189075e-03 -5.049719252259129432e-01 -1.211332896943806681e+01
-5.098867858903062267e-01 2.856045526192078562e-02 8.597672665146310900e-01 6.499260807940868290e+01 1.391639875643604224e-02 9.995917797032418672e-01 -2.495210953462649595e-02 -8.196989127736975522e-01 -8.601289505650304701e-01 -7.578858856052492080e-04 -5.100760996495115052e-01 -1.263995230128893255e+01
-5.156575512615525492e-01 2.638722692237614742e-02 8.563883411035791982e-01 6.586432239889298046e+01 1.090885760481497858e-02 9.996468221940072452e-01 -2.423278117132465770e-02 -8.669319788617341205e-01 -8.567253344740507481e-01 -3.153597226937381384e-03 -5.157632881651106338e-01 -1.314562438327972416e+01
-5.206085667449348309e-01 2.842649342700379056e-02 8.533221205893410932e-01 6.668045272194170536e+01 1.194346569451015805e-02 9.995902698417733490e-01 -2.601242093189362614e-02 -9.202807012454046198e-01 -8.537119454721736611e-01 -3.350664806205392102e-03 -5.207347697645409168e-01 -1.365181005038631490e+01
-5.256543029933162803e-01 3.064679554798101571e-02 8.501460548294457187e-01 6.749921971087867689e+01 1.231376766529579392e-02 9.995202839144503582e-01 -2.841783147922511549e-02 -9.619558279248625610e-01 -8.506091562860179645e-01 -4.469453513156603983e-03 -5.257795168854940693e-01 -1.417130648140993543e+01
-5.305146711794921366e-01 3.106639757505776783e-02 8.471062799708544144e-01 6.836132788738049726e+01 1.111494686355602758e-02 9.994972301328669539e-01 -2.969418951699390186e-02 -1.012745904742305969e+00 -8.476028866254211591e-01 -6.337661032731790878e-03 -5.305932469394308848e-01 -1.468001177215465169e+01
-5.346090285649942597e-01 3.158378428701134888e-02 8.445091107747154657e-01 6.918506516197857081e+01 1.041839181808877808e-02 9.994717630042772027e-01 -3.078395763988157896e-02 -1.057003140813535191e+00 -8.450352983203399670e-01 -7.658954028547018851e-03 -5.346556817263992123e-01 -1.518839263597354794e+01
-5.376790537893058053e-01 3.012213375755496900e-02 8.426113453198244008e-01 7.000725278449931466e+01 9.858223246796095005e-03 9.995179146969092043e-01 -2.944067959019827652e-02 -1.121820946411733910e+00 -8.430919654526496387e-01 -7.522985141021804739e-03 -5.377167985248622051e-01 -1.570301808405853095e+01
-5.404074838987910079e-01 2.419241955265974756e-02 8.410555661257623772e-01 7.085295024723585300e+01 1.181642815883117426e-02 9.997061973700896997e-01 -2.116343414149981714e-02 -1.162122108124257203e+00 -8.413204710313096912e-01 -1.498604610642227924e-03 -5.405345799297734954e-01 -1.624891931767211162e+01
-5.422402948832590885e-01 1.641855186452689103e-02 8.400630219882654348e-01 7.165722963532560641e+01 1.301122445063278461e-02 9.998532585745298906e-01 -1.114312947475875476e-02 -1.192143637223846753e+00 -8.401227185420472310e-01 4.887995692420696314e-03 -5.423743524143269656e-01 -1.677875660852975059e+01
-5.440686467918030012e-01 1.411097818753345549e-02 8.389220315713478149e-01 7.248108256109811975e+01 1.386245057049555369e-02 9.998732695646711521e-01 -7.827978735206193861e-03 -1.215397294542428508e+00 -8.389261895856479079e-01 7.370558394072353019e-03 -5.441953106526660200e-01 -1.729959806323420679e+01
-5.446600755174665354e-01 1.860604967687171790e-02 8.384504781152667396e-01 7.329939046150846593e+01 1.283860598421764955e-02 9.998216989766569585e-01 -1.384703687798860550e-02 -1.267657338905496811e+00 -8.385586347143250130e-01 3.222608129075300431e-03 -5.448018389886535306e-01 -1.780610349144156856e+01
-5.460340769160079155e-01 2.339955131256268861e-02 8.374361080553260894e-01 7.407787678772444906e+01 1.285287977414491765e-02 9.997261892963389407e-01 -1.955376931293248757e-02 -1.313403247766461668e+00 -8.376643730166191126e-01 8.644216039890230039e-05 -5.461853197392058101e-01 -1.833958951193470455e+01
-5.467716573143519554e-01 2.887932991202219607e-02 8.367835600156023901e-01 7.487578699987800235e+01 1.966174238597448790e-02 9.995722518843724869e-01 -2.165015278405615223e-02 -1.341123224579396256e+00 -8.370508838254122619e-01 4.614933830335242286e-03 -5.471055958913066952e-01 -1.886549793819658305e+01
-5.462356894028553844e-01 2.996776652627623425e-02 8.370952704648164655e-01 7.568141294399678998e+01 2.312879282364281933e-02 9.995183739714431637e-01 -2.069007001717963756e-02 -1.381423010139493979e+00 -8.373121532851776072e-01 8.059349415023921853e-03 -5.466657275191895149e-01 -1.938821259924137053e+01
-5.463835357443955765e-01 2.668450436095794187e-02 8.371098830710234084e-01 7.645266836263658661e+01 2.266265432724271986e-02 9.995973919764806759e-01 -1.707214149671899134e-02 -1.418777611772441327e+00 -8.372284320530962720e-01 9.643195887474306088e-03 -5.467683002256532587e-01 -1.989645258703626496e+01
-5.457475546378867115e-01 2.197694770101434047e-02 8.376613919714022138e-01 7.725748518874698334e+01 2.089360970939976164e-02 9.997021050265139097e-01 -1.261579345836373947e-02 -1.447611099947975655e+00 -8.376891279986381500e-01 1.061673278260140581e-02 -5.460441581312220904e-01 -2.041747028930179297e+01
-5.450251414096085600e-01 1.599882188088659271e-02 8.382670339053432951e-01 7.803993363834550223e+01 1.935727094044260160e-02 9.997915280261746585e-01 -6.495884609410730592e-03 -1.470672312391155812e+00 -8.381962197461496622e-01 1.268614271136830202e-02 -5.452212136516112473e-01 -2.093079250188068485e+01
-5.445175289493613402e-01 9.483049203613579461e-03 8.386958445294822040e-01 7.890972817809488049e+01 1.037035121201728381e-02 9.999357683377635420e-01 -4.573291691370907734e-03 -1.504285287862934029e+00 -8.386853569778688344e-01 6.207333965756636762e-03 -5.445808974130635916e-01 -2.146152168085424350e+01
-5.428532954774816233e-01 3.943433823718719630e-03 8.398182756226034718e-01 7.965230715381817106e+01 1.584390911862794231e-03 9.999920052293816974e-01 -3.671400344238857048e-03 -1.523997648468625954e+00 -8.398260539331624530e-01 -6.624304018668536898e-04 -5.428552046102890216e-01 -2.192782433135529985e+01
-5.411925171837379533e-01 5.041705066982625667e-03 8.408835993620722427e-01 8.045639356981902779e+01 5.618584489221677310e-03 9.999813845900573650e-01 -2.379489856849516076e-03 -1.544412330897913188e+00 -8.408799572175881254e-01 3.436814411587589373e-03 -5.412107710905170732e-01 -2.242267612704757340e+01
-5.372491490046152895e-01 7.672506544463284298e-03 8.433886835797932413e-01 8.128680234834958185e+01 9.998795272983812196e-03 9.999462912706414963e-01 -2.727388853141354732e-03 -1.576333660006821624e+00 -8.433643267622751294e-01 6.967584443009632207e-03 -5.372970110430095314e-01 -2.296635972806968340e+01
-5.329249141201348738e-01 1.060145091623907777e-02 8.460961128191010205e-01 8.204948846145939001e+01 1.047303211265860658e-02 9.999275587531193388e-01 -5.932354232870243847e-03 -1.616562586869113138e+00 -8.460977267782550104e-01 5.699693378931593168e-03 -5.329973389001403383e-01 -2.343570056369244270e+01
-5.248455819077421092e-01 1.333452526372556381e-02 8.510929986949302695e-01 8.284191351279626758e+01 1.678340266910726547e-02 9.998450207916481647e-01 -5.315238937690048779e-03 -1.622812806164775301e+00 -8.510319879081694738e-01 1.149455787684250906e-02 -5.249880416587626719e-01 -2.391412219043108323e+01
-5.167300455467743747e-01 1.532457666778650786e-02 8.560112172631961780e-01 8.363861078159540341e+01 2.345122003831317734e-02 9.997179829629607717e-01 -3.740959877281793515e-03 -1.664765909794613030e+00 -8.558271509755214224e-01 1.814144215091451073e-02 -5.169437000940733107e-01 -2.442007022632994762e+01
-5.070583980286507142e-01 1.585483522849848517e-02 8.617658566722605773e-01 8.442255858227312615e+01 2.286949952859880161e-02 9.997262697646756013e-01 -4.936749569874235299e-03 -1.684546818309673899e+00 -8.616082515848543233e-01 1.720493462730094889e-02 -5.072821941732095219e-01 -2.487012403408786199e+01
-4.954207824773095847e-01 1.286459840479793094e-02 8.685578488155172305e-01 8.525636425189964029e+01 1.872781900600333643e-02 9.998161035827638488e-01 -4.126473150536039657e-03 -1.705144134715453896e+00 -8.684512246073172737e-01 1.422185471428316986e-02 -4.955706034624624556e-01 -2.534475870068080638e+01
-4.842978200875537320e-01 9.966061463971413389e-03 8.748464352311056125e-01 8.605153781726825457e+01 2.083252917959758227e-02 9.997829690465268593e-01 1.431693083945298679e-04 -1.716014633339154383e+00 -8.746551548003818066e-01 1.829460160013865813e-02 -4.844003319664645923e-01 -2.577657955218402464e+01
-4.730117883311950600e-01 8.083816048553134348e-03 8.810190043341347144e-01 8.685072073177686036e+01 1.955189411939385960e-02 9.998079674592885713e-01 1.323483261885160991e-03 -1.740814799358286313e+00 -8.808391364872443230e-01 1.785161460278968451e-02 -4.730790098299780810e-01 -2.619766799904130039e+01
-4.609731367663363333e-01 7.621011941866495838e-03 8.873813572260812466e-01 8.773495265163060708e+01 1.958340164627897853e-02 9.998069679586593095e-01 1.586558490539172932e-03 -1.765634135645452796e+00 -8.871979883865377392e-01 1.810930751167912078e-02 -4.610334007663042799e-01 -2.662891790409484116e+01
-4.493515860554773145e-01 9.461284005591680257e-03 8.933048873922444510e-01 8.854495322454737050e+01 2.337997727012933527e-02 9.997259637273466781e-01 1.172208703317695420e-03 -1.787603835146036602e+00 -8.930490143315900076e-01 2.141218297145346811e-02 -4.494496532831318003e-01 -2.703201269859478018e+01
