1 0 0 0 0 1 0 0 0 0 1 0
0.99993517 -0.0021368654 0.011184249 0.0017158947 0.0021250531 0.99999717 0.0010679501 -0.0064941996 -0.0111865 -0.0010441137 0.99993688 0.31295629
0.99985018 -0.0039752327 0.016846699 0.023310376 0.0039509905 0.99999111 0.0014720459 -0.010249 -0.016852402 -0.0014052642 0.999857 0.58754324
0.9997657 -0.0072141154 0.020408222 0.014577812 0.0072250589 0.99997379 -0.00046252058 -0.013008261 -0.020404353 0.00060986286 0.99979162 0.90505732
0.99980456 -0.0081254341 0.018022839 0.03367692 0.0081508585 0.99996589 -0.0013376408 -0.019464508 -0.018011357 0.001484281 0.99983668 1.1992229
0.99987191 -0.011392416 0.011242103 0.034381399 0.011431338 0.99992887 -0.0034039092 -0.019079747 -0.011202526 0.0035319855 0.99993101 1.5178889
0.99992748 -0.012028959 -0.00057821216 0.041172606 0.012026298 0.99991798 -0.0044056818 -0.03241687 0.00063116055 0.0043984087 0.99999013 1.8494277
0.99979234 -0.011546333 -0.016791792 0.0030418078 0.011462793 0.99992148 -0.0050628743 -0.037845661 0.016848932 0.0048693422 0.99984619 2.1828042
0.99937193 -0.0078631456 -0.034553015 -0.036266392 0.0076862644 0.99995668 -0.0052489938 -0.045187383 0.034592794 0.0049801136 0.99938908 2.5315659
0.99844983 -0.0037545854 -0.055532378 -0.078660584 0.0034120374 0.99997457 -0.0062619681 -0.049572836 0.055554482 0.0060627825 0.99843725 2.8593157
0.99720208 -0.0029838043 -0.074693398 -0.13036603 0.0025048588 0.9999757 -0.006505013 -0.055668822 0.074710999 0.0062997162 0.99718533 3.2169738
0.99537838 -0.0041075041 -0.095942748 -0.16498203 0.0035534706 0.99997602 -0.0059447745 -0.05941788 0.095964873 0.0055763703 0.9953691 3.6052253
0.99319621 -0.0054355921 -0.116326 -0.2212835 0.0048677728 0.99997481 -0.0051648125 -0.067944447 0.11635116 0.0045634236 0.99319766 3.9658961
0.99116905 -0.0046254325 -0.13252366 -0.30042701 0.0040488965 0.99998113 -0.0046195871 -0.076188019 0.13254254 0.0040422172 0.99116908 4.3781677
0.98879792 -0.003525759 -0.14921876 -0.37882727 0.0029552807 0.99998745 -0.0040446625 -0.081740166 0.14923117 0.0035583705 0.98879593 4.7850773
0.98669036 -0.0028297905 -0.16258572 -0.4746859 0.0022323412 0.99999007 -0.0038572455 -0.09195084 0.16259503 0.0034429601 0.98668688 5.1890409
0.98455164 -0.0044416982 -0.17503808 -0.55660823 0.0036178767 0.99998083 -0.0050253452 -0.097742735 0.17505706 0.0043144457 0.98454884 5.6172432
0.98298553 -0.0071840844 -0.18354244 -0.63757573 0.0060312241 0.99995843 -0.0068386367 -0.11234889 0.18358396 0.0056152953 0.982988 6.1106985
0.98146189 -0.0063229985 -0.19155306 -0.75217623 0.0047316522 0.9999504 -0.0087638843 -0.12039094 0.19159898 0.007695056 0.98144313 6.5566138
0.97973691 -0.0064203024 -0.20018585 -0.85151351 0.0043652338 0.99993317 -0.010705516 -0.12337635 0.20024122 0.0096147316 0.97969945 7.0253783
0.97833584 -0.0070697036 -0.20690338 -0.9560766 0.0044301196 0.99990282 -0.013218112 -0.13500722 0.20697674 0.012015146 0.97827208 7.5041071
0.97650927 -0.01081623 -0.21520374 -1.0818832 0.0077805274 0.999858 -0.014948333 -0.14556643 0.21533488 0.012922787 0.97645476 8.0170005
0.97456253 -0.016643578 -0.2234969 -1.1984316 0.01334922 0.99977896 -0.016242956 -0.16283419 0.22371785 0.012846267 0.97456929 8.5311194
0.9726281 -0.017426537 -0.23171296 -1.3398108 0.013505965 0.99973772 -0.018495665 -0.18660246 0.23197452 0.014859896 0.97260835 9.0336793
0.97058095 -0.013706011 -0.24038461 -1.4845414 0.0085174402 0.99970807 -0.022610205 -0.18920388 0.24062435 0.019897573 0.97041435 9.5702298
0.96852406 -0.010659058 -0.24869161 -1.6493001 0.0043473742 0.9996547 -0.025914994 -0.205207 0.24888198 0.02401814 0.96823597 10.115518
0.96610537 -0.013738799 -0.25778217 -1.7958741 0.0067826535 0.99958898 -0.027854504 -0.22915109 0.25805892 0.025161939 0.96580147 10.666076
0.96388098 -0.015079412 -0.26590613 -1.9630348 0.0074395075 0.99953071 -0.02971551 -0.25971299 0.26622945 0.026664005 0.96354082 11.242732
0.96178629 -0.015084409 -0.27338542 -2.144438 0.0065063979 0.99945844 -0.032256571 -0.28464417 0.27372396 0.029245174 0.96136357 11.802916
0.95940019 -0.014515705 -0.28167456 -2.3176546 0.0046137016 0.99934884 -0.035785507 -0.30634807 0.28201062 0.033033061 0.95884244 12.398873
0.95704493 -0.015921277 -0.28950218 -2.5059342 0.0042525702 0.99915458 -0.040890596 -0.33681197 0.28990848 0.037903009 0.95630353 12.956841
0.95523754 -0.016249623 -0.29539326 -2.7186053 0.0021619372 0.99884713 -0.047955481 -0.37430586 0.29583199 0.045170255 0.95417141 13.588518
0.95377037 -0.01680941 -0.30006586 -2.9278239 -0.00014376229 0.99840898 -0.056386895 -0.41228189 0.3005363 0.053823288 0.95225049 14.206421
0.95258183 -0.01749452 -0.30377918 -3.1231533 -0.0023392159 0.99789529 -0.06480363 -0.45869182 0.30427355 0.062441366 0.950536 14.82574
0.95126711 -0.016641037 -0.30791874 -3.3375663 -0.006495181 0.99724004 -0.073960293 -0.50705254 0.30829969 0.072355983 0.94853356 15.489862
0.95013445 -0.015390648 -0.31146052 -3.5776667 -0.010388747 0.99666473 -0.080941305 -0.56589179 0.31166748 0.080140808 0.9468056 16.139544
0.94821944 -0.014055704 -0.31730477 -3.8103394 -0.01446807 0.99607183 -0.087358895 -0.62780954 0.31728627 0.087426192 0.94429132 16.803126
0.94680427 -0.013681414 -0.32151903 -4.0609636 -0.017337124 0.99547639 -0.093414022 -0.6988543 0.32134267 0.094019012 0.9422841 17.456578
0.94553938 -0.011093468 -0.32531861 -4.2987038 -0.022242676 0.9948811 -0.098574152 -0.77266419 0.32474689 0.1004417 0.94045251 18.144313
0.94347454 -0.0081972532 -0.3313436 -4.5749713 -0.027153219 0.99442215 -0.10191807 -0.84869291 0.33033089 0.10515415 0.9379894 18.834754
0.94159656 -0.008022458 -0.33664752 -4.8322703 -0.028394326 0.99426438 -0.10311212 -0.92500219 0.33554388 0.1066489 0.93596812 19.465542
0.93964389 -0.0071481618 -0.3420793 -5.0950892 -0.029756337 0.99428647 -0.1025133 -1.0179956 0.34085763 0.10650502 0.93406251 20.215634
0.93732129 -0.006903533 -0.34839795 -5.3685487 -0.030200189 0.99443256 -0.1009546 -1.100282 0.34715524 0.10514858 0.93189432 20.957925
0.93516473 -0.0068050692 -0.35414772 -5.6632878 -0.030312297 0.99461024 -0.099154613 -1.1856532 0.35291373 0.10346093 0.92991814 21.694303
0.93208255 -0.0068391562 -0.36218134 -5.9599923 -0.029939191 0.99494668 -0.095837048 -1.2708396 0.3610066 0.10017146 0.92716769 22.41565
0.92819288 -0.0028460663 -0.37208851 -6.2856817 -0.033280461 0.99532813 -0.090632882 -1.3541126 0.37060814 0.096508075 0.92376177 23.220518
0.92530333 -0.0012462996 -0.37922577 -6.5892429 -0.033458239 0.9958267 -0.084910146 -1.4361477 0.377749 0.091255869 0.92140006 23.949324
0.92136783 0.00024510877 -0.38869172 -6.9425107 -0.03436767 0.99613456 -0.080838103 -1.5045902 0.38716947 0.087840057 0.91781476 24.669071
0.91763361 0.00068255539 -0.39742682 -7.2820733 -0.034961815 0.99626027 -0.07901362 -1.5799246 0.39588665 0.086400317 0.91422577 25.388479
0.91412555 0.003270306 -0.40541801 -7.636419 -0.038275337 0.99619746 -0.078266356 -1.6601854 0.40362047 0.087062788 0.91077473 26.171894
0.91072798 0.0030339518 -0.41299555 -7.9986928 -0.038356458 0.99627259 -0.077263917 -1.7282533 0.41122177 0.086207459 0.90744969 26.936162
0.90665795 0.0051172713 -0.42183547 -8.3685723 -0.040760829 0.99631071 -0.075521708 -1.8062228 0.41989276 0.085666721 0.90352161 27.732665
0.90259613 0.0044429722 -0.4304654 -8.7682824 -0.039793154 0.99652658 -0.073152463 -1.8781968 0.42864524 0.083156707 0.89963784 28.496892
0.89902251 0.0045243866 -0.43787902 -9.1640293 -0.038563223 0.99687969 -0.068875038 -1.950395 0.43620112 0.078806238 0.89639176 29.275251
0.89588866 0.0064846015 -0.44423129 -9.5579228 -0.038814868 0.99721258 -0.063721921 -2.0143547 0.44257985 0.074330526 0.89364314 30.075544
0.892574 0.0046568764 -0.45087687 -10.00287 -0.035192991 0.99761575 -0.059365593 -2.0808848 0.44952545 0.068855892 0.89060977 30.892531
0.88822794 0.0057478665 -0.45936704 -10.410463 -0.036078193 0.99770625 -0.057276583 -2.1491709 0.45798418 0.067447795 0.88639794 31.69895
0.88469653 0.0062845762 -0.46612501 -10.874119 -0.036686372 0.99774654 -0.056177826 -2.2122956 0.4647216 0.066800765 0.88293347 32.519633
0.88189405 0.0055845475 -0.47141455 -11.313146 -0.035305055 0.9979044 -0.054225036 -2.2654111 0.47012387 0.064464054 0.88024312 33.325649
0.87800705 0.0034863854 -0.47863497 -11.759527 -0.032816936 0.99805888 -0.052929441 -2.3300126 0.47752139 0.062179757 0.87641715 34.169087
0.87648074 0.0029144585 -0.48142808 -12.24164 -0.032321156 0.99808185 -0.052801242 -2.3866874 0.48035078 0.061839584 0.87489372 34.999634
0.87450823 0.0016648094 -0.4850078 -12.729024 -0.031382963 0.99809274 -0.053160017 -2.4483064 0.48399431 0.061709855 0.87289256 35.863403
0.87349674 0.001088735 -0.48682875 -13.214083 -0.03122005 0.99806438 -0.053784789 -2.5067009 0.48582792 0.062179657 0.87183998 36.740066
0.87314999 0.002435656 -0.48744552 -13.724199 -0.032258081 0.99808417 -0.052795953 -2.5722855 0.48638311 0.061822844 0.87155575 37.600559
0.87257875 0.0017140571 -0.48847044 -14.241237 -0.030667453 0.99821334 -0.051280013 -2.6319758 0.48750985 0.059725994 0.87107231 38.495487
0.87278999 0.00048575268 -0.48809566 -14.759305 -0.028834378 0.99830435 -0.050566778 -2.6949529 0.4872435 0.058208113 0.87132405 39.391773
0.87229895 -0.0009084559 -0.48897208 -15.263004 -0.02772085 0.99829812 -0.051307174 -2.762262 0.48818656 0.058309916 0.87078922 40.299704
0.87122937 -0.0036621956 -0.49086245 -15.798118 -0.025084087 0.99833357 -0.051969924 -2.8237471 0.49023483 0.057590562 0.86968567 41.227415
0.87000543 -0.0034076674 -0.49303035 -16.321315 -0.024481722 0.99844403 -0.05010157 -2.8900682 0.49243398 0.055658871 0.8685683 42.119081
0.86771231 -0.0017697537 -0.49706357 -16.848349 -0.024622735 0.99861297 -0.046538811 -2.9550699 0.49645653 0.052621364 0.86646519 43.025537
0.86495556 -0.0020262649 -0.50184434 -17.346686 -0.022067622 0.99887102 -0.042067802 -3.0227128 0.50136306 0.047461291 0.86393433 43.999772
0.86097308 -0.0038360794 -0.50863603 -17.897474 -0.019116166 0.9990211 -0.039892627 -3.0815411 0.5082912 0.04406965 0.86005694 44.895223
0.85563675 -0.0080052643 -0.51751488 -18.446926 -0.016088982 0.9989858 -0.042053803 -3.1474614 0.51732671 0.044309067 0.85464016 45.810447
0.8500077 -0.0095798928 -0.52668313 -19.037612 -0.016953573 0.99881916 -0.045528792 -3.2056806 0.5264974 0.047628985 0.84884156 46.693745
0.84342945 -0.0097778563 -0.53715094 -19.588181 -0.017255889 0.99882543 -0.045276836 -3.2604841 0.53696277 0.047456834 0.84227006 47.584058
0.83848124 -0.0067594941 -0.54488852 -20.224185 -0.01795845 0.99903716 -0.040028018 -3.322103 0.5446345 0.043348096 0.83755253 48.497307
0.83375321 -0.003496978 -0.55212618 -20.809469 -0.018864341 0.99921571 -0.034815301 -3.3887004 0.55181495 0.039442866 0.83303334 49.368408
0.82925745 -0.0021659025 -0.55886256 -21.41627 -0.021825265 0.99910414 -0.03625708 -3.4418703 0.55844047 0.042263778 0.82846728 50.229388
0.82591777 -0.0046511998 -0.56377138 -22.025965 -0.022264516 0.99891685 -0.04085844 -3.4956726 0.56335083 0.046297809 0.82491962 51.120818
0.82314059 -0.005652333 -0.56780947 -22.620455 -0.026055073 0.99852129 -0.047711358 -3.5620074 0.56723957 0.054067473 0.82177613 51.959595
0.81959905 -0.0070424826 -0.57289421 -23.259423 -0.026078727 0.99842951 -0.049582489 -3.6217843 0.57234371 0.055578114 0.81812822 52.823898
0.81668413 -0.0064351997 -0.57704904 -23.837981 -0.024459432 0.99865326 -0.045753756 -3.683542 0.57656639 0.051480659 0.81542687 53.665377
0.81274319 -0.0046535611 -0.58260349 -24.504508 -0.022827059 0.99894596 -0.039823296 -3.7506156 0.58217477 0.045665237 0.8117803 54.585941
0.8115087 -0.0024954076 -0.58433498 -25.163396 -0.023486441 0.99904353 -0.036883759 -3.8111812 0.58386817 0.043655441 0.81067391 55.443778
0.80886185 -0.00048382601 -0.58799851 -25.778254 -0.026568407 0.99894825 -0.03736997 -3.8704541 0.58739821 0.045849327 0.80799828 56.300465
0.80513917 -0.0027620596 -0.59307947 -26.4567 -0.025441112 0.99890786 -0.03918982 -3.9238987 0.59254003 0.046641861 0.80418958 57.178859
0.80130454 -0.004782768 -0.59823752 -27.101943 -0.025107361 0.9988182 -0.041615171 -3.9863762 0.59772961 0.048366591 0.80023748 58.043335
0.79664696 -0.0058080553 -0.60441695 -27.741294 -0.024935037 0.99878683 -0.042463119 -4.0418828 0.60393037 0.048899274 0.79553567 58.849521
0.79216618 -0.0067887254 -0.61026767 -28.416036 -0.02315783 0.99888366 -0.04117209 -4.1024627 0.60986596 0.046747612 0.79112464 59.719588
0.7878468 -0.0085065493 -0.61581249 -29.063764 -0.020770607 0.99896879 -0.040372407 -4.1547166 0.61552094 0.044598071 0.78685769 60.53477
0.78302151 -0.00883139 -0.62193189 -29.747048 -0.021538727 0.99891452 -0.041302093 -4.2187578 0.62162161 0.045736048 0.78198134 61.379882
0.77763002 -0.0089160961 -0.62865891 -30.435999 -0.022614534 0.99885575 -0.042139915 -4.2825914 0.62831534 0.046986092 0.77653858 62.220744
0.77229408 -0.01050206 -0.63517834 -31.151252 -0.021645454 0.99884774 -0.042833031 -4.3440895 0.63489634 0.04682842 0.77117688 63.075103
0.76712612 -0.0098896432 -0.64142004 -31.858227 -0.023750902 0.99875774 -0.043804827 -4.4144733 0.6410565 0.048838132 0.76593827 63.932673
0.76146357 -0.012591893 -0.64808536 -32.568556 -0.022072182 0.99872782 -0.045338216 -4.4755318 0.64783183 0.048828058 0.76021692 64.716063
0.75369598 -0.012536385 -0.65710363 -33.305111 -0.02258378 0.99873359 -0.044957614 -4.5428587 0.65683513 0.048724257 0.75245837 65.534564
0.74795034 -0.014379385 -0.66359889 -34.077194 -0.019347038 0.99886823 -0.043450546 -4.6010249 0.66347269 0.045337524 0.74682564 66.37257
0.74272764 -0.013864937 -0.66945005 -34.787478 -0.019869959 0.99888893 -0.042732835 -4.6660099 0.66929879 0.045040803 0.74162692 67.214324
0.73618887 -0.016522229 -0.6765744 -35.596964 -0.017431054 0.99890741 -0.043360677 -4.7329246 0.67655165 0.043715053 0.73509652 68.004564
0.73005006 -0.017991705 -0.68315677 -36.333228 -0.017512569 0.99883257 -0.04502005 -4.801622 0.68316928 0.04483072 0.7288827 68.850945
0.72442179 -0.018820744 -0.6891 -37.119672 -0.01700949 0.99883487 -0.045161601 -4.8538752 0.68914715 0.044437288 0.72325762 69.638733
0.71767072 -0.016818096 -0.69617947 -37.914919 -0.019105092 0.99885653 -0.043824948 -4.9243267 0.69612052 0.044752455 0.71652878 70.446425
0.71274373 -0.016731653 -0.70122492 -38.688095 -0.019594752 0.99885034 -0.043749805 -4.990898 0.70115081 0.044922728 0.71159647 71.262223
0.70744871 -0.017769333 -0.70654124 -39.516515 -0.019349879 0.9988222 -0.044494855 -5.0555607 0.70649978 0.045149316 0.70627165 72.079854
0.70262202 -0.019678968 -0.71129107 -40.348608 -0.019724892 0.9986947 -0.047114922 -5.1228698 0.71128986 0.047134122 0.70131673 72.817729
0.70019214 -0.020980583 -0.71364609 -41.190676 -0.020978711 0.99853191 -0.049939192 -5.197639 0.7136462 0.049938405 0.69872405 73.63393
0.69491531 -0.021757063 -0.71876233 -42.052611 -0.021630308 0.99845742 -0.051136141 -5.2680025 0.71876622 0.051082339 0.69337274 74.427458
0.68885642 -0.021984943 -0.72456432 -42.876072 -0.020046684 0.99857995 -0.049357948 -5.3370801 0.7246206 0.048525651 0.68743748 75.219016
0.68447434 -0.021288275 -0.72872604 -43.718584 -0.020077907 0.99864398 -0.048032067 -5.4087202 0.72876046 0.047508011 0.68311875 75.981657
0.67986517 -0.021697903 -0.73301604 -44.592111 -0.02041986 0.99861448 -0.048499062 -5.4878892 0.73305281 0.047940908 0.67848013 76.762601
0.67572183 -0.02373091 -0.7367746 -45.459904 -0.018194741 0.99864027 -0.048852424 -5.5524799 0.73693216 0.046416073 0.67437126 77.556848
0.671352 -0.023931053 -0.74075216 -46.361647 -0.018016653 0.99865622 -0.048591703 -5.6319354 0.74091966 0.045968012 0.67001869 78.363308
0.6669969 -0.025108154 -0.74463727 -47.265237 -0.016420442 0.99869388 -0.048382944 -5.7057223 0.74487955 0.044498547 0.66571344 79.173219
0.66224193 -0.028079107 -0.74876374 -48.104212 -0.013264368 0.99870167 -0.049183565 -5.7731995 0.7491727 0.042503297 0.66100967 79.890272
0.65889494 -0.030961498 -0.75159749 -49.021983 -0.012790823 0.99854701 -0.052347592 -5.8561937 0.75212625 0.044105114 0.65754155 80.67679
0.65404316 -0.037321138 -0.75553599 -49.919247 -0.0056517829 0.99851323 -0.054216026 -5.9249232 0.75643615 0.039729747 0.65285982 81.446891
0.64898717 -0.040524768 -0.75971925 -50.843056 -0.0012163011 0.99852381 -0.054302045 -6.0124255 0.76079841 0.036165378 0.64797986 82.25503
0.63895247 -0.045446766 -0.76790252 -51.754836 0.0055964273 0.99850149 -0.054437654 -6.0890224 0.76922589 0.030485563 0.63824933 83.014547
0.63154786 -0.045511241 -0.77399998 -52.688931 0.0066149591 0.99855569 -0.053317631 -6.1750402 0.7753087 0.028552658 0.63093677 83.761737
0.62188715 -0.044457633 -0.78184387 -53.656816 0.0077288301 0.99868705 -0.050640292 -6.2511234 0.78306877 0.025449808 0.62141425 84.536633
0.61395514 -0.0442796 -0.78809793 -54.573812 0.0078452405 0.99871832 -0.050001682 -6.3325874 0.78930197 0.024515971 0.61351563 85.28841
0.60382801 -0.044726849 -0.79585878 -55.568796 0.0051100066 0.99862123 -0.052244967 -6.4061933 0.79709829 0.027480131 0.60322402 85.951562
0.5956105 -0.047217493 -0.8018844 -56.564063 0.0066132478 0.99852529 -0.053884252 -6.4910625 0.8032462 0.026790966 0.59504441 86.674974
0.58527211 -0.047466465 -0.80944638 -57.551656 0.0042938667 0.9984525 -0.055445217 -6.5719597 0.81082561 0.028974884 0.58457021 87.409054
0.57600657 -0.049949384 -0.81591754 -58.581536 0.0095212776 0.99847363 -0.054403566 -6.653748 0.81738964 0.023568234 0.57560296 88.115731
0.56420408 -0.050121904 -0.82411255 -59.623708 0.011495354 0.99853575 -0.05286024 -6.7346478 0.82555537 0.020350497 0.56395412 88.798627
0.55393396 -0.050255722 -0.8310424 -60.644995 0.011237328 0.99853688 -0.052894358 -6.8228955 0.83248481 0.019961285 0.55368823 89.502185
0.54506416 -0.05125345 -0.8368262 -61.696122 0.010276339 0.99846308 -0.054459831 -6.9035933 0.83833139 0.021084592 0.54475314 90.162198
0.53445632 -0.052115757 -0.84358777 -62.719017 0.0097556994 0.99841104 -0.055499799 -6.979759 0.84513983 0.02143243 0.53411552 90.800582
0.52391884 -0.052466687 -0.85015071 -63.780343 0.0075618975 0.99834825 -0.056952495 -7.071119 0.85173466 0.023409732 0.5234502 91.4267
0.51380826 -0.05269326 -0.85628525 -64.845366 0.0073511137 0.99834573 -0.057024254 -7.1603081 0.85787359 0.023004882 0.51334564 92.101265
0.50769237 -0.049688908 -0.8601043 -65.916733 0.0042968781 0.99846905 -0.055146038 -7.2489825 0.86152775 0.024301459 0.50712863 92.70052
0.49823169 -0.048245952 -0.86570055 -67.01704 0.0059775581 0.99861807 -0.052213285 -7.3290822 0.86702336 0.020839538 0.49783156 93.328712
0.4923298 -0.049703097 -0.86898844 -68.145134 0.008285627 0.99859067 -0.052421626 -7.4071882 0.87036934 0.018608614 0.49204776 93.928828
0.48546402 -0.052377239 -0.87268622 -69.257259 0.0088322596 0.99844663 -0.055011907 -7.5016297 0.87421207 0.01899851 0.48517253 94.559121
0.4785813 -0.055576408 -0.87628257 -70.421503 0.011124242 0.9982985 -0.057239516 -7.5959929 0.87797281 0.017645783 0.47838524 95.149739
0.46989602 -0.058883784 -0.88075556 -71.479465 0.012859811 0.99812337 -0.059869626 -7.6793873 0.88262813 0.016806149 0.46977143 95.733808
0.46522358 -0.062153384 -0.88300845 -72.597462 0.014053639 0.9979248 -0.062837813 -7.7782766 0.88508168 0.016824149 0.46513163 96.314127
0.45992282 -0.062821375 -0.88573382 -73.727252 0.015817433 0.99791556 -0.062564653 -7.8799518 0.88781804 0.014764875 0.45995781 96.89316
0.45677062 -0.061067754 -0.88748592 -74.868732 0.019457172 0.99808815 -0.058664071 -7.9679711 0.88937173 0.009528057 0.45708555 97.456021
0.45317546 -0.058568378 -0.88949518 -75.988476 0.021255284 0.99826553 -0.054901275 -8.0710523 0.89116793 0.0059734374 0.45363433 98.080296
0.44871851 -0.057860723 -0.89179805 -77.082345 0.022566106 0.99831726 -0.053417396 -8.161716 0.89338824 0.0038449645 0.44926912 98.648102
0.44494575 -0.058192816 -0.89366482 -78.217062 0.023829922 0.9983026 -0.053141867 -8.2529317 0.89524046 0.0023492836 0.44557723 99.215451
0.44209199 -0.057094892 -0.8951507 -79.371228 0.026240334 0.99836819 -0.050718926 -8.3453544 0.89658585 -0.0010666231 0.44286877 99.793585
0.44096586 -0.057157136 -0.89570201 -80.405687 0.029343 0.99835478 -0.04926174 -8.4218584 0.89704412 -0.0045598391 0.44191754 100.29019
0.43921963 -0.057883149 -0.89651302 -81.610197 0.031021547 0.99830426 -0.049257202 -8.512779 0.897844 -0.006176492 0.44027045 100.82802
0.4364718 -0.05676829 -0.8979252 -82.608978 0.030739055 0.99836574 -0.04817638 -8.5876132 0.89919272 -0.0065737412 0.4375035 101.37392
0.43436477 -0.05703639 -0.89892938 -83.782739 0.035759919 0.99829831 -0.046061999 -8.6787962 0.90002697 -0.012137934 0.43566523 101.95998
0.43219825 -0.056767915 -0.89999 -84.90181 0.038722359 0.99826438 -0.044371218 -8.7601846 0.9009469 -0.015672574 0.43364631 102.42213
0.43125409 -0.058274551 -0.90034656 -85.902829 0.041851272 0.99812981 -0.044557327 -8.8343741 0.90125937 -0.018465121 0.43288642 102.95348
0.4303325 -0.058951873 -0.90074333 -87.011178 0.042033723 0.99809137 -0.045241389 -8.9140759 0.90169128 -0.018392756 0.43198913 103.44422
0.43174182 -0.059664651 -0.9000217 -88.045323 0.04103994 0.99807591 -0.046477982 -8.9917106 0.90106315 -0.016870349 0.43335974 103.93211
0.43084537 -0.061232369 -0.90034593 -89.036053 0.042307808 0.99796884 -0.047625998 -9.0703746 0.90143352 -0.017572223 0.43256086 104.36764
0.43207708 -0.060240712 -0.89982242 -90.083672 0.038798814 0.99808442 -0.048188662 -9.1511473 0.90100173 -0.014090827 0.43358668 104.87761
0.43668288 -0.060344841 -0.89758927 -91.163772 0.037050794 0.99810754 -0.049077229 -9.2331336 0.89885225 -0.011825211 0.4380923 105.42073
0.44200465 -0.061161111 -0.89492522 -92.16593 0.035848428 0.99808021 -0.050505364 -9.315141 0.89629618 -0.0097580572 0.44334862 105.86382
0.44756257 -0.060038247 -0.89223488 -93.175692 0.033262177 0.99817094 -0.050481695 -9.3868335 0.89363384 -0.0070839578 0.44874096 106.37209
0.45405175 -0.059213656 -0.88900544 -94.189218 0.032862277 0.9982232 -0.049704163 -9.4670943 0.8903691 -0.0066464812 0.45519089 106.87672
0.46238591 -0.058780623 -0.88472823 -95.109931 0.032994063 0.99824978 -0.049079201 -9.5409948 0.88606474 -0.0064972489 0.46351604 107.38748
0.4727822 -0.058103732 -0.87926156 -96.046612 0.032305623 0.99829579 -0.04859895 -9.6084974 0.88058697 -0.0054283748 0.47385356 107.85715
0.48184587 -0.057955619 -0.87433726 -97.069749 0.031760968 0.99830982 -0.048669747 -9.6884508 0.87568023 -0.0043184822 0.48287219 108.38819
0.49220805 -0.059758614 -0.8684239 -98.020341 0.032750896 0.99820574 -0.0501266 -9.7626413 0.8698613 -0.0037689459 0.49328205 108.93139
0.50064046 -0.059296813 -0.86362199 -98.964864 0.02793792 0.99823823 -0.052344073 -9.8437593 0.8652044 0.0020777578 0.50141508 109.54322
0.51277763 -0.059423262 -0.85646244 -99.889737 0.025445341 0.99821539 -0.054023867 -9.9139148 0.85814433 0.0059092511 0.51337457 110.01475
0.52577984 -0.057198497 -0.84869537 -100.81313 0.022325081 0.99832083 -0.053451893 -9.9858827 0.85032771 0.0091567345 0.52617393 110.6023
0.5371653 -0.054855218 -0.84169133 -101.73941 0.020560217 0.99843805 -0.051949332 -10.064518 0.84322641 0.010600021 0.53745411 111.17313
0.55093474 -0.053459383 -0.83283429 -102.62264 0.021545739 0.99852468 -0.04984211 -10.130623 0.83427019 0.009515719 0.55127376 111.73644
0.56256787 -0.052809287 -0.82506273 -103.51253 0.021743764 0.99855774 -0.049088122 -10.212166 0.82646516 0.0096754302 0.56290477 112.32703
0.57367779 -0.052521718 -0.81739538 -104.37654 0.020652967 0.99855228 -0.049666946 -10.28299 0.81882068 0.011611184 0.573932 112.94669
0.58515282 -0.053738639 -0.80914046 -105.2592 0.021431069 0.99847812 -0.050814916 -10.356526 0.81063983 0.012393746 0.58541397 113.56405
0.59308647 -0.055579206 -0.80321811 -106.0084 0.023297217 0.99838148 -0.051881282 -10.424057 0.80480167 0.012057339 0.59342139 114.17251
0.60359176 -0.055155612 -0.79538342 -106.8388 0.023829945 0.99840662 -0.051150387 -10.502255 0.79693737 0.011920009 0.60394437 114.75795
0.6155281 -0.05299124 -0.78633138 -107.64972 0.022837239 0.99851726 -0.049413907 -10.569361 0.78778402 0.012458011 0.61582561 115.40601
0.62318533 -0.052015175 -0.7803425 -108.47361 0.024907351 0.99859968 -0.046672381 -10.646444 0.78167751 0.0096492783 0.62360823 116.07842
0.63538398 -0.049848416 -0.77058568 -109.282 0.022999328 0.99869314 -0.045640437 -10.707542 0.7718538 0.011276249 0.6357001 116.66858
0.64508605 -0.048613316 -0.76256192 -110.02688 0.02046557 0.99871535 -0.046355332 -10.779419 0.76383584 0.014296913 0.64525224 117.34622
0.65456078 -0.048605804 -0.75444523 -110.76215 0.019692011 0.99868866 -0.047256509 -10.842603 0.7557529 0.016075714 0.65465958 117.98759
0.66245235 -0.047673065 -0.74758552 -111.50843 0.01822075 0.99870309 -0.04754086 -10.913908 0.74888246 0.017871985 0.66246185 118.64901
0.67211813 -0.045936544 -0.7390176 -112.25604 0.018506159 0.9988041 -0.045253704 -10.97446 0.74021266 0.016739458 0.67216445 119.27945
0.68145129 -0.044992058 -0.73047916 -112.93425 0.019443116 0.99886923 -0.043384737 -11.030729 0.73160518 0.015361794 0.68155551 119.92663
0.68922803 -0.043564084 -0.72323361 -113.62914 0.018686259 0.99892753 -0.042362896 -11.091541 0.72430352 0.015683165 0.6893029 120.58297
0.69601982 -0.043655659 -0.71669418 -114.34928 0.018895725 0.99891794 -0.042495981 -11.161193 0.71777392 0.016035588 0.69609159 121.28253
0.70386852 -0.042306269 -0.70906928 -115.0196 0.018328677 0.99897415 -0.041409058 -11.222809 0.7100938 0.016150231 0.70392188 121.9205
0.71191941 -0.03912233 -0.70117056 -115.70367 0.016235532 0.99909709 -0.039260941 -11.277839 0.7020735 0.016566749 0.71191178 122.6132
0.71855621 -0.037038193 -0.6944819 -116.33869 0.016178758 0.99920086 -0.036549905 -11.331792 0.69528071 0.015027306 0.71858121 123.27549
0.72594222 -0.035179435 -0.68685534 -116.99535 0.01478767 0.99925845 -0.035550942 -11.382694 0.68759673 0.01565094 0.72592412 123.94623
0.73296915 -0.034481542 -0.67938737 -117.61051 0.014810267 0.99928666 -0.034739351 -11.443826 0.68010067 0.015400964 0.73295698 124.62129
0.74061262 -0.031887725 -0.67117515 -118.19611 0.012605727 0.99935687 -0.033569861 -11.490867 0.67181402 0.016401612 0.74053829 125.25021
0.74924371 -0.028585427 -0.66167719 -118.76543 0.010765156 0.99946177 -0.030988398 -11.535588 0.66220693 0.016094804 0.74914817 125.9038
0.759005 -0.025494713 -0.65058543 -119.35616 0.0097052749 0.99956506 -0.027847647 -11.58045 0.65101248 0.014822392 0.75892231 126.58125
0.76840274 -0.022893343 -0.63955694 -119.89369 0.0076433198 0.99961697 -0.026598768 -11.621829 0.63992096 0.015550228 0.76828341 127.22344
0.77859865 -0.022320341 -0.62712512 -120.46921 0.0061742107 0.99959133 -0.027911475 -11.65965 0.62749188 0.017859834 0.77841827 127.90809
0.78769092 -0.023103986 -0.61563722 -120.96943 0.006403025 0.99954959 -0.029319174 -11.707258 0.61603738 0.019152507 0.78748407 128.56358
0.79757931 -0.022266482 -0.60280296 -121.46524 0.0061440754 0.99956652 -0.028792895 -11.748154 0.60318282 0.01926095 0.79737038 129.225
0.80763264 -0.021130339 -0.58930722 -122.00191 0.0061365388 0.99960483 -0.027432075 -11.786797 0.58965405 0.018538732 0.80744315 129.92737
0.81739395 -0.019128413 -0.57576141 -122.45503 0.0059183944 0.99967467 -0.024809808 -11.820317 0.57604872 0.016871804 0.81724124 130.59794
0.8271098 -0.01784484 -0.56175699 -122.95162 0.0063429932 0.99972856 -0.022418313 -11.860319 0.56200461 0.014979186 0.82699847 131.31037
0.83611348 -0.016522525 -0.5483076 -123.42649 0.0066500536 0.99977814 -0.019986336 -11.891265 0.54851622 0.01306457 0.83603786 132.03357
0.84422476 -0.015732695 -0.53575835 -123.86802 0.0073215203 0.99981435 -0.017822896 -11.921772 0.53593934 0.011123964 0.84418322 132.72525
0.85107332 -0.015866805 -0.52480704 -124.30328 0.0087562869 0.99983319 -0.01602859 -11.953019 0.52497386 0.0090461437 0.85107029 133.43173
0.85778424 -0.015931332 -0.51376294 -124.76024 0.0090329258 0.99983243 -0.015922444 -11.981765 0.51393056 0.0090172384 0.85778441 134.1554
0.86461977 -0.015070738 -0.50220067 -125.19767 0.0083733493 0.99984343 -0.015588619 -12.006563 0.50235701 0.0092731266 0.86461059 134.88678
0.87043012 -0.013439979 -0.49210847 -125.59019 0.006952544 0.99986318 -0.015009773 -12.0353 0.49224291 0.0096435522 0.87040447 135.61789
0.87664068 -0.012286789 -0.48098871 -125.99254 0.0061742932 0.99987885 -0.014288619 -12.055334 0.48110604 0.0095562188 0.87661033 136.37195
0.88219733 -0.012924442 -0.47070247 -126.38773 0.0069281725 0.99987131 -0.01446936 -12.087603 0.47082894 0.0095037226 0.88217334 137.11673
0.8873062 -0.013981047 -0.46096878 -126.80073 0.0078431216 0.99985328 -0.015228246 -12.115497 0.46111409 0.0098966826 0.88728568 137.87409
0.89153393 -0.014768259 -0.45271308 -127.18413 0.0084830092 0.99983743 -0.015910668 -12.144223 0.45287449 0.010344531 0.89151428 138.66878
0.89463122 -0.013898622 -0.44658907 -127.57233 0.0080938053 0.99985618 -0.014903304 -12.168469 0.44673201 0.0097183561 0.89461505 139.43612
0.89806373 -0.012147146 -0.43969758 -127.97059 0.0077219024 0.99989995 -0.011851716 -12.192304 0.43979759 0.0072482945 0.89806768 140.22293
0.90106591 -0.0083388157 -0.43360199 -128.36551 0.0055076099 0.99995453 -0.0077852903 -12.213429 0.43364723 0.0046269488 0.90107086 141.02495
0.90417056 -0.0058328419 -0.42713179 -128.73469 0.0038844784 0.9999777 -0.0054327051 -12.226388 0.42715399 0.0032529075 0.90417305 141.84599
0.90748395 -0.0028424803 -0.42007712 -129.13805 0.0019062173 0.99999468 -0.0026485701 -12.250101 0.42008245 0.0016027762 0.90748453 142.70375
0.91070621 -0.00098293715 -0.41305353 -129.53952 0.00067685299 0.99999938 -0.00088734856 -12.258018 0.41305418 0.00052853702 0.91070631 143.52869
0.91386779 0.00026132961 -0.4060118 -129.90629 0.00051525346 0.99999824 0.0018034022 -12.272932 0.40601159 -0.0018572705 0.91386605 144.40062
0.91716528 0.00029551048 -0.3985069 -130.30106 0.001411035 0.99999105 0.0039890399 -12.287567 0.39850455 -0.0042209165 0.91715665 145.26547
0.92034816 0.00014440407 -0.39110002 -130.67301 0.0020590606 0.99998428 0.0052146614 -12.298838 0.39109466 -0.0056046032 0.9203334 146.14747
0.92389314 -0.00096891215 -0.38264934 -131.0444 0.0030152738 0.99998418 0.0047481949 -12.28881 0.38263872 -0.0055406176 0.92388144 147.0484
0.92779267 -0.0032821935 -0.37308173 -131.40612 0.005296656 0.9999764 0.0043745967 -12.31611 0.3730586 -0.0060348048 0.92778816 147.97423
0.93169653 -0.0047873087 -0.36320605 -131.78926 0.0064084794 0.99997416 0.0032586807 -12.320164 0.3631811 -0.0053637004 0.93170314 148.88145
0.93590674 -0.0056329543 -0.35220283 -132.15614 0.0066261735 0.99997674 0.0016145715 -12.338692 0.35218557 -0.0038448458 0.9359223 149.83518
0.94081286 -0.0041370574 -0.33890122 -132.51264 0.004579761 0.99998938 0.00050659073 -12.34935 0.33889555 -0.002028694 0.94082182 150.80445
0.94639678 -0.00083562586 -0.3230053 -132.8394 0.0013934157 0.99999791 0.0014956406 -12.356146 0.32300341 -0.0018655504 0.94639597 151.77474
0.95297584 0.0028978365 -0.30303241 -133.15727 -0.0015849899 0.99998826 0.0045782082 -12.36177 0.30304215 -0.0038826189 0.95296925 152.79112
0.95888739 0.0059386743 -0.28372467 -133.48555 -0.0043849662 0.99997171 0.006110916 -12.369972 0.28375296 -0.0046155575 0.95888631 153.80426
0.96508298 0.0076758878 -0.26183184 -133.77553 -0.0060135778 0.99995636 0.007149442 -12.386834 0.26187532 -0.005325259 0.96508703 154.85876
0.97054344 0.0091222604 -0.24075341 -134.0458 -0.0073373572 0.99993856 0.008309234 -12.383964 0.24081444 -0.0062979791 0.97055074 155.89514
0.97558222 0.0098917184 -0.21941168 -134.27679 -0.0076060278 0.99990768 0.011259656 -12.399111 0.21950282 -0.0093158693 0.97556739 156.95137
0.98031588 0.011799951 -0.19708254 -134.52867 -0.0090872592 0.9998512 0.014662951 -12.391975 0.19722625 -0.012583384 0.98027724 158.0326
0.98461716 0.01352065 -0.1742017 -134.72921 -0.010410329 0.99976989 0.018756136 -12.398093 0.17441523 -0.016654117 0.98453135 159.15186
0.98832861 0.015453762 -0.15155113 -134.91775 -0.012249406 0.99968172 0.022054646 -12.387664 0.15184374 -0.019940827 0.98820334 160.27367
0.99141917 0.016890802 -0.12962537 -135.08663 -0.014152643 0.99965744 0.022015866 -12.379419 0.12995284 -0.01999241 0.9913186 161.46481
0.9940371 0.016855771 -0.10773169 -135.21256 -0.014766188 0.99968763 0.020164611 -12.370265 0.10803794 -0.018453585 0.99397549 162.57151
0.99616585 0.016623338 -0.085890959 -135.31417 -0.015049311 0.99970733 0.018941038 -12.356111 0.086180693 -0.017575816 0.99612448 163.72943
0.997669 0.015250285 -0.066513099 -135.39762 -0.013905548 0.99969039 0.020633984 -12.356016 0.066807185 -0.019660986 0.99757218 164.91402
0.99880126 0.015797263 -0.04633013 -135.47627 -0.014754626 0.99963206 0.022760823 -12.345619 0.046672646 -0.022049956 0.99866684 166.0779
0.99954377 0.016055682 -0.025582672 -135.53094 -0.015451317 0.99960091 0.023649139 -12.337629 0.025952167 -0.023243064 0.99939294 167.29476
0.99983839 0.01735455 -0.0046911146 -135.52418 -0.017236158 0.99955858 0.024198425 -12.324904 0.005108997 -0.024113659 0.99969617 168.48794
0.99971327 0.017911097 0.015892301 -135.54679 -0.018300764 0.99952683 0.024722282 -12.317109 -0.01544198 -0.025006035 0.99956803 169.73206
0.99914357 0.019819749 0.036322092 -135.498 -0.020704652 0.99949391 0.024150585 -12.298186 -0.035825054 -0.024881939 0.99904827 170.96535
0.99820844 0.020794859 0.056102395 -135.4772 -0.022106138 0.99949437 0.022854421 -12.282261 -0.055598778 -0.024053684 0.99816341 172.24956
0.99677738 0.021039073 0.077409401 -135.36244 -0.022719875 0.99952345 0.02089681 -12.273389 -0.076932869 -0.0225882 0.99678037 173.49321
0.995252 0.023095211 0.094551909 -135.24872 -0.024935124 0.99952112 0.018324114 -12.269402 -0.094083439 -0.020594775 0.99535128 174.72987
0.99333512 0.023366505 0.11286874 -135.11098 -0.025370427 0.9995444 0.016350632 -12.259491 -0.11243527 -0.019105186 0.99347537 176.00028
0.99092818 0.023141901 0.13238501 -134.96239 -0.02513968 0.99959361 0.013438976 -12.263307 -0.13202022 -0.016645177 0.99110726 177.34616
0.98830911 0.024720257 0.15044604 -134.77751 -0.026260836 0.99962098 0.0082616593 -12.263183 -0.1501848 -0.012115912 0.9885837 178.62272
0.98552079 0.026285506 0.16750477 -134.5633 -0.026964033 0.99963482 0.0017772992 -12.286011 -0.1673969 -0.0062681694 0.98586966 179.92751
0.98215714 0.029012091 0.18581077 -134.35783 -0.028889121 0.99957694 -0.0033698966 -12.297324 -0.18582994 -0.0020581415 0.98257977 181.19958
0.97854249 0.030830027 0.20372555 -134.09009 -0.029950684 0.99952399 -0.0073988616 -12.322984 -0.2038567 0.0011383811 0.97900008 182.54426
0.97472266 0.033140922 0.22094662 -133.79415 -0.031609758 0.99944552 -0.01046316 -12.353313 -0.22117088 0.00321461 0.97522977 183.88085
0.97067806 0.032482383 0.23817848 -133.48307 -0.030886785 0.99946848 -0.010429137 -12.380383 -0.23839067 0.0027667671 0.9711654 185.21614
0.96652664 0.031316751 0.25464781 -133.14739 -0.029495297 0.99950473 -0.010969082 -12.409253 -0.25486522 0.0030909972 0.96697165 186.57093
0.96166796 0.031103803 0.27244683 -132.78448 -0.027876595 0.99948793 -0.015708933 -12.463343 -0.27279595 0.007511888 0.96204259 187.91889
0.95731992 0.032536682 0.28719319 -132.39843 -0.027954674 0.99940826 -0.020041783 -12.509956 -0.28767536 0.011158006 0.95766298 189.21353
0.95166896 0.034788815 0.30514903 -131.99553 -0.030004149 0.99934246 -0.020357016 -12.546468 -0.3056566 0.010217404 0.952087 190.56077
0.94603095 0.036308043 0.32203597 -131.56364 -0.031327831 0.99929612 -0.020635554 -12.596359 -0.32255856 0.0094331848 0.94650251 191.91326
0.93967624 0.040710196 0.33963398 -131.05325 -0.034464193 0.99910791 -0.024404797 -12.639286 -0.34032455 0.011227397 0.94024101 193.25798
0.9329857 0.041510374 0.35751163 -130.60477 -0.033874294 0.99904499 -0.027597708 -12.703233 -0.35831582 0.013637814 0.93350083 194.60961
0.92645127 0.042250673 0.37403599 -130.09759 -0.033317362 0.9989848 -0.030320265 -12.75368 -0.37493735 0.015628356 0.92691842 195.93082
0.91933457 0.042576436 0.39116644 -129.55089 -0.031312032 0.99889198 -0.035133454 -12.828806 -0.39222891 0.020051184 0.91964909 197.26582
0.91033105 0.045865951 0.41133159 -128.95842 -0.031805744 0.9986542 -0.04096566 -12.910288 -0.41265698 0.024209606 0.91056473 198.62029
0.90123373 0.049216902 0.43052927 -128.35515 -0.033143103 0.9984478 -0.044760781 -12.986489 -0.43206403 0.026070851 0.90146603 199.91283
0.88896945 0.052311471 0.45496903 -127.69831 -0.034980859 0.99830868 -0.04643411 -13.069159 -0.4566286 0.025363298 0.88929581 201.24817
0.87587082 0.05651941 0.47922422 -127.02016 -0.037611869 0.99809174 -0.04897169 -13.162272 -0.48107762 0.024868356 0.87632523 202.55011
0.86164661 0.061035306 0.50382516 -126.30085 -0.040164867 0.99782911 -0.052190497 -13.259235 -0.50591691 0.024733695 0.86222755 203.84486
0.8470063 0.064440757 0.52766247 -125.56249 -0.041567273 0.9976147 -0.055109672 -13.359516 -0.52995519 0.02474475 0.84766456 205.12266
0.83208853 0.066117276 0.55068789 -124.75841 -0.041222857 0.99749553 -0.057474703 -13.463508 -0.55310883 0.025123114 0.83273014 206.38658
0.81577254 0.067378562 0.57443473 -123.90882 -0.040249706 0.99739676 -0.059830219 -13.570982 -0.57697066 0.025687021 0.81636086 207.62081
0.80014949 0.069443859 0.595767 -123.04759 -0.038420305 0.99716932 -0.064631474 -13.691744 -0.59856888 0.028825292 0.80055258 208.81323
0.78416424 0.072262743 0.61633149 -122.15458 -0.037018384 0.99687522 -0.069781353 -13.823957 -0.61944823 0.031904447 0.78438895 210.02345
0.76728108 0.073578293 0.63707609 -121.20698 -0.034887123 0.99671446 -0.073096952 -13.941098 -0.64036135 0.033860158 0.76732709 211.16673
0.74965764 0.075496952 0.65750558 -120.20623 -0.033382947 0.99652115 -0.076362133 -14.085833 -0.66098338 0.035295984 0.74957001 212.28798
0.7338686 0.076185326 0.67500565 -119.19766 -0.031425268 0.99643457 -0.078298123 -14.221217 -0.67856419 0.036248302 0.73364619 213.46695
0.71776202 0.076813623 0.69203852 -118.1456 -0.029550084 0.99636127 -0.079943803 -14.370297 -0.69566121 0.03693083 0.71742012 214.57805
0.70237849 0.077439936 0.7075786 -117.10594 -0.026703697 0.99623128 -0.082523671 -14.514243 -0.71130262 0.039067888 0.70179935 215.67256
0.68775331 0.078564168 0.72168069 -116.01501 -0.023678814 0.99602541 -0.085864462 -14.660402 -0.72555823 0.041965027 0.68688007 216.74224
0.67341578 0.080889049 0.73482522 -114.90877 -0.021802575 0.99573652 -0.089629451 -14.823365 -0.7389424 0.044336807 0.67230828 217.74709
0.65766555 0.083516153 0.74866616 -113.79083 -0.020715018 0.99546458 -0.09285022 -14.98134 -0.7530252 0.045555759 0.6564128 218.79985
0.6420126 0.083677479 0.76211407 -112.63642 -0.018971078 0.99545577 -0.093316158 -15.147107 -0.76645937 0.045452026 0.6406826 219.7949
0.62603153 0.085060128 0.77514466 -111.47089 -0.019597774 0.99543522 -0.093405819 -15.316839 -0.77955147 0.043283879 0.62484083 220.77926
0.60770055 0.086032815 0.78949246 -110.27063 -0.021629537 0.9955391 -0.091837165 -15.482205 -0.79387169 0.038733141 0.60685051 221.72258
0.59008945 0.087132079 0.80262219 -109.0607 -0.024193554 0.995621 -0.090296738 -15.647301 -0.80697532 0.033864871 0.58961348 222.67348
0.57266875 0.088020688 0.81504773 -107.87998 -0.025723794 0.99565892 -0.089451656 -15.805451 -0.81938321 0.030260049 0.57244697 223.54662
0.55289393 0.091443661 0.82821875 -106.63542 -0.027188712 0.99541055 -0.091752946 -15.987359 -0.83280798 0.028211447 0.55284268 224.41966
0.53546804 0.095278507 0.83916382 -105.42071 -0.030026236 0.99513555 -0.093827851 -16.152858 -0.8440216 0.025044886 0.53572414 225.19601
0.51579091 0.095371627 0.85138941 -104.19245 -0.030314942 0.99519376 -0.093114942 -16.32176 -0.85617802 0.022218021 0.51620308 225.9736
0.49478667 0.094311481 0.86388161 -102.92551 -0.030186524 0.99535885 -0.091375805 -16.49323 -0.86849006 0.019133949 0.49533723 226.74839
0.47318845 0.092224025 0.87612063 -101.67497 -0.029855081 0.99561285 -0.088677679 -16.655085 -0.88045524 0.015804602 0.47386586 227.45774
0.45157465 0.090784383 0.88760265 -100.43493 -0.030126821 0.99579423 -0.086523013 -16.811906 -0.89172461 0.012330954 0.45241048 228.12332
0.43005945 0.089828714 0.89832043 -99.148229 -0.028837889 0.99589665 -0.085780201 -16.97125 -0.90233991 0.010984923 0.43088524 228.77597
