1.000000000000000000e+00 4.398956837314658088e-19 2.733407509747682871e-20 -8.673617379884035472e-19 -5.583667658079949532e-19 1.000000000000000000e+00 -6.100159232558060012e-19 0.000000000000000000e+00 4.145284534913582806e-20 -2.210423569125054137e-19 1.000000000000000222e+00 0.000000000000000000e+00
9.999363349403296297e-01 -1.571886418878756103e-03 1.117386484649668735e-02 6.788601738550230358e-02 1.567556253891190087e-03 9.999986928645110407e-01 3.962747727197675203e-04 -5.642598232175458084e-03 -1.117447333264364254e-02 -3.787338741741291012e-04 9.999374918928355394e-01 2.692440302054416312e-01
9.998411902318840028e-01 -3.684229487996099495e-03 1.743619209307080073e-02 7.375258415976766735e-02 3.676231070254263201e-03 9.999931222144337051e-01 4.907567124533444370e-04 -9.937079104912038829e-03 -1.743788053218115960e-02 -4.265792895584253155e-04 9.998478575931010193e-01 5.444414085267939019e-01
9.997960264103611383e-01 -5.362231481135192740e-03 1.947182780526298534e-02 8.855933099670310060e-02 5.375453255926337937e-03 9.999853557364758450e-01 -6.267418117938422127e-04 -1.638184223944026685e-02 -1.946818225720251330e-02 7.312839017085575374e-04 9.998102095310698045e-01 8.752849055406219936e-01
9.998186196616200005e-01 -6.823383085786816592e-03 1.778114880877793708e-02 7.638001707541598739e-02 6.854362092616421605e-03 9.999750941942074922e-01 -1.681873835688004219e-03 -1.676019086914416756e-02 -1.776923019406082341e-02 1.803447247021549172e-03 9.998404882862891307e-01 1.155280640002605441e+00
9.998891723089953221e-01 -9.523136558960731621e-03 1.144346975434593593e-02 7.383404830015261044e-02 9.564100473408833694e-03 9.999480311550081879e-01 -3.530291062243079252e-03 -2.177197568628759516e-02 -1.140925580644527523e-02 3.639346353424277158e-03 9.999282894416623435e-01 1.499939997167623718e+00
9.999477243249705882e-01 -1.018809928639967041e-02 -8.667566092563311429e-04 5.510423561120567082e-02 1.018397529683514637e-02 9.999373934080407755e-01 -4.636366486466423839e-03 -2.543514210000735742e-02 9.139381193150130462e-04 4.627297138212369335e-03 9.999888763575431883e-01 1.809206065667556373e+00
9.997989751786886536e-01 -9.666031851035450720e-03 -1.756636123335342248e-02 3.815494157409205639e-02 9.581937056029526945e-03 9.999422567381955895e-01 -4.865147000357780867e-03 -3.325833619869404678e-02 1.761237386186777221e-02 4.695849251070944620e-03 9.998338628571861175e-01 2.126159375687727060e+00
9.993158352989260917e-01 -6.151726899203880349e-03 -3.646940517448217511e-02 1.845635767547364192e-02 5.968743600575259975e-03 9.999690578427087306e-01 -5.124202087635420198e-03 -4.115105226825038764e-02 3.649980005231684421e-02 4.903019776372810438e-03 9.993216324419088581e-01 2.481096226237981650e+00
9.984477320313062121e-01 -2.582807227044875854e-03 -5.563681678034838179e-02 -4.850170679603627022e-02 2.242895297345936026e-03 9.999784435176641839e-01 -6.171054812151448125e-03 -4.781504932902323757e-02 5.565155704949893006e-02 6.036688132684464234e-03 9.984320020534470652e-01 2.832931597801562340e+00
9.971003399601248152e-01 -2.002286647358476543e-03 -7.607169445002759378e-02 -8.696302219303048142e-02 1.529202600582215809e-03 9.999791322972400032e-01 -6.276663731624505804e-03 -5.293936477325938972e-02 7.608267600032951605e-02 6.142134495401355837e-03 9.970825947740850070e-01 3.189334145191248471e+00
9.953188281571151430e-01 -3.125998998141450193e-03 -9.659533195373684600e-02 -1.455651938925009159e-01 2.567506941458224529e-03 9.999792661206666766e-01 -5.905525639758011335e-03 -6.052865300888871092e-02 9.661179149289034207e-02 5.629871639152475571e-03 9.953062174952067576e-01 3.575514088817882019e+00
9.931554570440326302e-01 -4.142208346735958176e-03 -1.167265173914190241e-01 -1.997940777858368544e-01 3.585420928680256580e-03 9.999811740466634236e-01 -4.979588666305208126e-03 -7.191384085191623865e-02 1.167449484148008615e-01 4.526991896605109776e-03 9.931516116691705420e-01 3.952988055314710092e+00
9.909470028367741712e-01 -3.700024398404488761e-03 -1.342026337157119220e-01 -2.660937253883691178e-01 3.099884756950902799e-03 9.999842413698830645e-01 -4.680568501601949614e-03 -7.772828380841576013e-02 1.342178394040875467e-01 4.222182547807546392e-03 9.909428567062577020e-01 4.364296637933129830e+00
9.886063797308267675e-01 -2.743230003864675220e-03 -1.504988373656328260e-01 -3.584690204760115351e-01 2.182865364714054075e-03 9.999900574524477337e-01 -3.888456212532281041e-03 -8.139942120504400913e-02 1.505080105565438364e-01 3.515633815678158476e-03 9.886025387772204853e-01 4.765841189764715935e+00
9.865517311503412268e-01 -1.901232300215428351e-03 -1.634382647804238087e-01 -4.426867481541220117e-01 1.266642709626952801e-03 9.999912502022594296e-01 -3.986870141245133642e-03 -8.947404268704721442e-02 1.634444175216602235e-01 3.726235638930427713e-03 9.865455074329736451e-01 5.192745347059378958e+00
9.844639435375293068e-01 -2.949215384405830340e-03 -1.755620836967781984e-01 -5.367580402591638489e-01 2.158594453576410162e-03 9.999866525447923538e-01 -4.694166492602910336e-03 -9.107875556413387585e-02 1.755735875341052910e-01 4.242270197050503761e-03 9.844571698547189831e-01 5.632294234279476619e+00
9.827801020847924951e-01 -5.620318869791107209e-03 -1.846934815477109249e-01 -6.329879212277665923e-01 4.497325852064440639e-03 9.999687702161643710e-01 -6.498664888495641126e-03 -1.104408587991709129e-01 1.847242413729201782e-01 5.556131659164853520e-03 9.827746867381135232e-01 6.067948427217143781e+00
9.810400274350309369e-01 -5.241525595229429464e-03 -1.937343285842886287e-01 -7.183082677379754033e-01 3.716766559911910493e-03 9.999592008309142743e-01 -8.233001532835525910e-03 -1.172307042402315341e-01 1.937695812215919910e-01 7.356838669661525977e-03 9.810194836145711417e-01 6.519450654384834287e+00
9.795633467466965394e-01 -5.100011549974158009e-03 -2.010712277398010450e-01 -8.348513392675334099e-01 3.085203182343010386e-03 9.999418590648648797e-01 -1.033247340874086234e-02 -1.203057234776534618e-01 2.011122364780615623e-01 9.500966547710737453e-03 9.795221288698613415e-01 7.006950058267353398e+00
9.779911154717991773e-01 -5.545202997451894461e-03 -2.085728356037528375e-01 -9.390650944783742737e-01 2.922369784603979191e-03 9.999127634635563977e-01 -1.288119611334541392e-02 -1.365454940902817160e-01 2.086260728807861620e-01 1.198816832620284989e-02 9.779220043382200744e-01 7.471496623669226622e+00
9.762092420612885624e-01 -9.527211615979015030e-03 -2.166212059322155936e-01 -1.055059406192385474e+00 6.475441605845575280e-03 9.998696021641969578e-01 -1.479348888349477434e-02 -1.437873940443907816e-01 2.167339034362043837e-01 1.303882252928849350e-02 9.761436396926690406e-01 7.971899418787031344e+00
9.744056536469835050e-01 -1.453905801135777637e-02 -2.243261838895918292e-01 -1.162569460258464416e+00 1.125810248110284233e-02 9.998102361536423954e-01 -1.589801219945650643e-02 -1.622620318336944478e-01 2.245147608883580059e-01 1.296562572579328630e-02 9.743844291994208096e-01 8.491390041626178942e+00
9.723847950137900487e-01 -1.580398366863745505e-02 -2.328476826062217120e-01 -1.312897670326837130e+00 1.201187450406138515e-02 9.997712774030912408e-01 -1.769485038608036367e-02 -1.851189312537200871e-01 2.330740782296585600e-01 1.440926625420547655e-02 9.723522244305392581e-01 9.023183269487217828e+00
9.703343942306609238e-01 -1.247777226853815681e-02 -2.414445428133668858e-01 -1.452612764771333609e+00 7.337544280664747183e-03 9.997271351274188422e-01 -2.217691864603372337e-02 -1.849400321206472186e-01 2.416553837860608567e-01 1.974741686586048428e-02 9.701611806011581907e-01 9.538845883741828402e+00
9.683578893865505410e-01 -9.910359596907556898e-03 -2.493687659593635531e-01 -1.604550503427873753e+00 3.677050096696055526e-03 9.996693391308838494e-01 -2.544978775521119022e-02 -2.028307016737978530e-01 2.495385303137718225e-01 2.372756130846222569e-02 9.680741325590765944e-01 1.006976055660962110e+01
9.659097605611566273e-01 -1.190038292516903615e-02 -2.586053244804801809e-01 -1.770436203349742499e+00 5.088385074197066850e-03 9.996226262436108678e-01 -2.699469260334250512e-02 -2.230604922010029079e-01 2.588289852557013049e-01 2.475855359572807710e-02 9.656058056552037083e-01 1.064104988202620916e+01
9.635915972804129925e-01 -1.370798933604262804e-02 -2.670268209471648446e-01 -1.939220465264456905e+00 6.197576582520609653e-03 9.995616887089140423e-01 -2.894858367643079675e-02 -2.575182640887490049e-01 2.673066115573787815e-01 2.623969281865558625e-02 9.632542008864055649e-01 1.120146519737074797e+01
9.614199875485864855e-01 -1.383717034354695237e-02 -2.747364893918603501e-01 -2.110004560769679571e+00 5.398366216389425404e-03 9.994907977550828715e-01 -3.144841542335759244e-02 -2.790076577031691540e-01 2.750317547717738842e-01 2.875200700555207919e-02 9.610051288252156043e-01 1.176283491530294789e+01
9.590408888851204017e-01 -1.362962704003750289e-02 -2.829395782987200736e-01 -2.296525865574564840e+00 3.847032247111484716e-03 9.993763403546929158e-01 -3.510171891837239599e-02 -2.960666908800860253e-01 2.832415485131806188e-01 3.257550608237056583e-02 9.584952077896840006e-01 1.235212867636721690e+01
9.567419930004311679e-01 -1.465325158522367763e-02 -2.905684759545580365e-01 -2.468709671569563113e+00 3.079935752178015844e-03 9.991850011007286092e-01 -4.024732983543461567e-02 -3.326105503695056531e-01 2.909214222184918763e-01 3.761137841348746041e-02 9.560073808027912401e-01 1.294483240728790285e+01
9.550013048330835419e-01 -1.543789757030061827e-02 -2.961995563699533762e-01 -2.687890170614529062e+00 1.660345725865465744e-03 9.989071262267310569e-01 -4.670970361856836145e-02 -3.656298874488688733e-01 2.965969523573375732e-01 4.411603438327962173e-02 9.539832416075149091e-01 1.354114704296639893e+01
9.535648728625161219e-01 -1.568224767849584617e-02 -3.007791522128979711e-01 -2.889567219560271294e+00 -8.907430482908883706e-04 9.984923359604893633e-01 -5.488407410674663034e-02 -3.991240701787072132e-01 3.011863891102511959e-01 5.260344230736737486e-02 9.521132489526182852e-01 1.417197724536596581e+01
9.523367990103931424e-01 -1.550986780028608403e-02 -3.046540058186344435e-01 -3.107675647593274970e+00 -4.047856271479125488e-03 9.979761616967294247e-01 -6.346018853542466365e-02 -4.427771253850926736e-01 3.050216997297219845e-01 6.166866874297070866e-02 9.503466420182129504e-01 1.480003649345637129e+01
9.509944037609255885e-01 -1.490483909983406248e-02 -3.088486486066923109e-01 -3.320877297115194526e+00 -7.827176717027390512e-03 9.973570758742779097e-01 -7.223294602252841590e-02 -4.880335276074564410e-01 3.091090107839968293e-01 7.111054076922794509e-02 9.483643353170411183e-01 1.544181608180186416e+01
9.495840832734065984e-01 -1.447110228484036094e-02 -3.131783100716904467e-01 -3.542599518562350447e+00 -1.100415382507891407e-02 9.967801840489253218e-01 -7.942400938743507388e-02 -5.458000608264460540e-01 3.133192918658185278e-01 7.886603789317986335e-02 9.463673554828742063e-01 1.608422550698578846e+01
9.479229273195064476e-01 -1.276149327020611145e-02 -3.182440352849740250e-01 -3.774943840563558695e+00 -1.544761932017826682e-02 9.961789255510282715e-01 -8.595882344312558154e-02 -6.088493864501802744e-01 3.181249695041530878e-01 8.639845276931112927e-02 9.441037089810262461e-01 1.674325848596226507e+01
9.461808787433935164e-01 -1.181688281834479548e-02 -3.234224849305873950e-01 -4.025073347327142059e+00 -1.892898365764108734e-02 9.956018203989943638e-01 -9.175352188318927626e-02 -6.833963627138815999e-01 3.230842608742391375e-01 9.293748746419405737e-02 9.417957241564005599e-01 1.741368514705348147e+01
9.446481934602556363e-01 -1.002229025132654432e-02 -3.279319167286849912e-01 -4.278816418980518677e+00 -2.315285291859159669e-02 9.950048956770991548e-01 -9.710408314868504420e-02 -7.502525923095434424e-01 3.272670734685138583e-01 9.932175678224682003e-02 9.396975330127644854e-01 1.809078760006971365e+01
9.428126258831937001e-01 -7.579587276918000292e-03 -3.332370027175946547e-01 -4.528492179056700095e+00 -2.745891559975750101e-02 9.945772246897032209e-01 -1.003102789930214178e-01 -8.314728808753607536e-01 3.321902494904305225e-01 1.037241249300986379e-01 9.374918380517607286e-01 1.878550247660854566e+01
9.413607150097247356e-01 -6.568192939179749203e-03 -3.373379028099173782e-01 -4.806391606830925589e+00 -2.956109207177559650e-02 9.943601737434927257e-01 -1.018527697219038242e-01 -9.087135512449840968e-01 3.361043700059631600e-01 1.058522736080463877e-01 9.358574416271498997e-01 1.947505184521523702e+01
9.390797094856352389e-01 -5.195679830615401902e-03 -3.436601543004021986e-01 -5.086288888977032130e+00 -3.136177124556099871e-02 9.944190872739352427e-01 -1.007329050885115707e-01 -9.966682718898169924e-01 3.422655987167822489e-01 1.053740190533733467e-01 9.336758423217996761e-01 2.019127317965157076e+01
9.368223145569741783e-01 -5.147824310881357612e-03 -3.497677061749713823e-01 -5.363670008224427299e+00 -3.166971839492837421e-02 9.945372472645048756e-01 -9.946201657455172596e-02 -1.085842677314187821e+00 3.483690305966863909e-01 1.042552819821777194e-01 9.315416562179436033e-01 2.091817423197644388e+01
9.343613122803098303e-01 -5.374016587660005416e-03 -3.562864793992915891e-01 -5.644554283739789291e+00 -3.159420315661778250e-02 9.946986345465045343e-01 -9.785924974825777056e-02 -1.163164080522582466e+00 3.549235778407940911e-01 1.026924850517371146e-01 9.292381342047396631e-01 2.163576946329760275e+01
9.315441268163525690e-01 -5.311851880515287665e-03 -3.635894955405911122e-01 -5.930435546226655141e+00 -3.131496979166947803e-02 9.950067449016116727e-01 -9.476787575090417359e-02 -1.253054028951376297e+00 3.622773995311914796e-01 9.966625272776537259e-02 9.267263493637846183e-01 2.234665493024857952e+01
9.277211888994483235e-01 -2.554189696990588621e-03 -3.732651455566111109e-01 -6.271962693909076236e+00 -3.309231129487080064e-02 9.954763570411518936e-01 -8.906021291796305250e-02 -1.325405231867021305e+00 3.718041103307704875e-01 9.497525354243284423e-02 9.234399859387348863e-01 2.314977566340260395e+01
9.240973309257776158e-01 -6.302940280742296746e-04 -3.821566729518873773e-01 -6.580173057692898730e+00 -3.403393571166520026e-02 9.958894044248243205e-01 -8.394036813904245942e-02 -1.411576692507435560e+00 3.806386950364386568e-01 9.057536628191535655e-02 9.202772896570442507e-01 2.386487397020061252e+01
9.205545709182811898e-01 4.142098231265176587e-03 -3.905920145501162732e-01 -6.919042473759588141e+00 -3.848884425307427803e-02 9.960395661508344434e-01 -8.014855940805613865e-02 -1.483642812801219790e+00 3.887131241501772805e-01 8.881455839213471537e-02 9.170682005387256197e-01 2.459713221149137752e+01
9.168189642214268353e-01 4.032846013889572305e-03 -3.992827565971441839e-01 -7.247882196180811754e+00 -3.834048546072998248e-02 9.962178757746562585e-01 -7.797404189186253609e-02 -1.556429103591719931e+00 3.974581691019112850e-01 8.679677548334194248e-02 9.135060628226440160e-01 2.534612984834696547e+01
9.127743459520147873e-01 5.822872484553132631e-03 -4.084226782470441464e-01 -7.598683273387056403e+00 -4.084935805867324216e-02 9.961869097874995749e-01 -7.709066590092057691e-02 -1.633924507674290316e+00 4.064164435627150573e-01 8.705018679876581900e-02 9.095317161851617094e-01 2.610284816018991449e+01
9.088523002962431985e-01 5.154152489916682262e-03 -4.170862349748111764e-01 -7.959189614335966390e+00 -4.043280941030347186e-02 9.963034478851090503e-01 -7.579332233551065723e-02 -1.703063558490393481e+00 4.151538107323355375e-01 8.574890400801396528e-02 9.057010778361139769e-01 2.686694284725760085e+01
9.050758999021438767e-01 5.447196198749857353e-03 -4.252151688144506503e-01 -8.354765198569928941e+00 -4.091900598696836949e-02 9.963936635958119403e-01 -7.433237621170525611e-02 -1.773838630324801491e+00 4.232768040786126229e-01 8.467582472284641837e-02 9.020347861686783819e-01 2.766378766040945081e+01
9.010737700706681341e-01 6.586994187193623111e-03 -4.336158075799302902e-01 -8.732203711574873850e+00 -4.188585398270561200e-02 9.965317829593206556e-01 -7.190257889214302089e-02 -1.841886666957944341e+00 4.316383193683887010e-01 8.295189660977174417e-02 8.982245531343521217e-01 2.844688447477296478e+01
8.972841079131236297e-01 6.326534261884928650e-03 -4.414082019069043850e-01 -9.131971475491555523e+00 -4.031607668083959234e-02 9.968931725732145255e-01 -6.766547495951802382e-02 -1.914757898984497109e+00 4.396087423862593546e-01 7.851100257233482871e-02 8.947514626806896132e-01 2.921263727324602755e+01
8.935604482889211164e-01 7.492493566976204077e-03 -4.488803668346454945e-01 -9.542692282695455219e+00 -3.964204552965158723e-02 9.972719327551224922e-01 -6.226716977597337999e-02 -1.977237391952021861e+00 4.471892623094600450e-01 7.343401634515921150e-02 8.914197736846332099e-01 3.001166515468475282e+01
8.897592201865361927e-01 8.342211710336685723e-03 -4.563539562742235933e-01 -9.952577497083394675e+00 -3.903474958653916499e-02 9.975606418707715362e-01 -5.787101333194315245e-02 -2.047144606533292333e+00 4.547579811006423611e-01 6.930493032150786270e-02 8.879144155711824471e-01 3.081413942356311964e+01
8.860986815625262469e-01 6.318819643137731264e-03 -4.634535518751048966e-01 -1.039553315380207010e+01 -3.643401500347297900e-02 9.977626289849476082e-01 -5.605621121324047551e-02 -2.120478977114927943e+00 4.620624331767081983e-01 6.655680870355780432e-02 8.843463706625516174e-01 3.162678638077703042e+01
8.826440218552726868e-01 6.939648218425202054e-03 -4.699908164501196972e-01 -1.084362576399244027e+01 -3.690777900542851347e-02 9.978270865721270422e-01 -5.457949448275175447e-02 -2.175928656252444249e+00 4.685908126503651738e-01 6.552058188525097804e-02 8.809822404573581789e-01 3.245203404685940995e+01
8.798240853719176968e-01 6.928689026299152988e-03 -4.752489532433606390e-01 -1.129315581389928980e+01 -3.648043734454645831e-02 9.979286309896476803e-01 -5.298702868149333250e-02 -2.228077477680218355e+00 4.738974147866250597e-01 6.395655386519245866e-02 8.782544072869562513e-01 3.325958823864019109e+01
8.767975735786062152e-01 6.260405514326345539e-03 -4.808189032105748550e-01 -1.177325592977153157e+01 -3.542865093591952147e-02 9.980386252152048110e-01 -5.161117452605234329e-02 -2.288739255651492943e+00 4.795527384971646767e-01 6.228731781650778676e-02 8.752996433104416329e-01 3.410675723412857252e+01
8.742989008935636575e-01 4.634744321171468430e-03 -4.853657861440379695e-01 -1.225197637988429555e+01 -3.377834608491570717e-02 9.981111305818947121e-01 -5.131466072154858976e-02 -2.352631444106937586e+00 4.842111715444148423e-01 6.125920509566293304e-02 8.728040191040189466e-01 3.494381334728381461e+01
8.721963476123064662e-01 4.464493494970867178e-03 -4.891355586756299667e-01 -1.273023237924602213e+01 -3.390271819279748466e-02 9.981054454279661980e-01 -5.134321344769900153e-02 -2.413504431538540107e+00 4.879796516120757932e-01 6.136438837037573590e-02 8.706952831732797105e-01 3.578367196472279232e+01
8.707399025357961397e-01 4.563849487544681741e-03 -4.917226744974221297e-01 -1.322071772016196611e+01 -3.450041213424612924e-02 9.980598143016388146e-01 -5.182980513990776555e-02 -2.471043487201413313e+00 4.905321061985372655e-01 6.209491452907895531e-02 8.692079607958428378e-01 3.666174002724029179e+01
8.703268848004819258e-01 4.898186984746757781e-03 -4.924501157978505295e-01 -1.372574628398850471e+01 -3.457636522832871484e-02 9.980906865473240241e-01 -5.118062580529075117e-02 -2.525439789111895372e+00 4.912591903362512613e-01 6.157100980132862444e-02 8.688345201520930594e-01 3.751726335795486733e+01
8.700065946616259982e-01 4.322688578823990352e-03 -4.930211301668427359e-01 -1.423553202127146378e+01 -3.318884765442969842e-02 9.982069027095978875e-01 -4.981445407223340088e-02 -2.583167473013308957e+00 4.919217714004087139e-01 5.970170683599410749e-02 8.685900539268580633e-01 3.839911145905587375e+01
8.693711682034769295e-01 3.877954028733532343e-03 -4.941444409602372412e-01 -1.473342347784273798e+01 -3.235480985326948805e-02 9.982702185538246953e-01 -4.908907298498885879e-02 -2.644929002815996189e+00 4.930993223855054119e-01 5.866457424822461159e-02 8.679928172339503867e-01 3.928987268468875271e+01
8.689659054973369878e-01 1.709009845368583127e-03 -4.948690023852038711e-01 -1.526232055112801334e+01 -3.026489427588991213e-02 9.983057329493513210e-01 -4.969607417223199236e-02 -2.712003056383562871e+00 4.939456395546692469e-01 5.816135222042590619e-02 8.675453688807468478e-01 4.018627767718589894e+01
8.681669140146729413e-01 -3.786034189656421072e-04 -4.962721644428602086e-01 -1.581368868106524062e+01 -2.824509165870282140e-02 9.983410698887719148e-01 -5.017293113412191197e-02 -2.772162724970777425e+00 4.954678877708897922e-01 5.757573164698503998e-02 8.667159927761810545e-01 4.112115859021617581e+01
8.665653515243527671e-01 -8.292783570897637076e-04 -4.990629207988566129e-01 -1.632486483479150507e+01 -2.696233961287879122e-02 9.984603641317889577e-01 -4.847611315442004742e-02 -2.835968398561027115e+00 4.983347543904914634e-01 5.546362405824380171e-02 8.652087978316828076e-01 4.200897224783145134e+01
8.643304339463088182e-01 -4.504864538319074347e-04 -5.029241424179879960e-01 -1.687755915930408079e+01 -2.555604202238248579e-02 9.986683472812333262e-01 -4.481540917833236326e-02 -2.892416396810753465e+00 5.022746194967661060e-01 5.158807260427587804e-02 8.631679340189403193e-01 4.295180478537212565e+01
8.615142752368013523e-01 -9.722376621601649515e-04 -5.077324130294050830e-01 -1.743556827208429638e+01 -2.299423361427035614e-02 9.988974295642892853e-01 -4.092909077508918164e-02 -2.951139825669899519e+00 5.072124038208855046e-01 4.693591367126062619e-02 8.605420399104454221e-01 4.386557246040889879e+01
8.575029127141825525e-01 -1.694607092513984205e-03 -5.144763141228563263e-01 -1.796792321623345146e+01 -2.150905856151939452e-02 9.990021826665559379e-01 -3.914076476137712257e-02 -3.014176284040916087e+00 5.140292978127392054e-01 4.462922090847215584e-02 8.566108327545535195e-01 4.474865080619495217e+01
8.523459975089658913e-01 -4.596518881981540711e-03 -5.229580931488329032e-01 -1.854077820351018246e+01 -1.956152989935476885e-02 9.989814160281024202e-01 -4.066296856136025761e-02 -3.078245538513316060e+00 5.226123335246900536e-01 4.488877882312533596e-02 8.513878973209916268e-01 4.566902568448906408e+01
8.466843833404665842e-01 -7.150769121113052275e-03 -5.320473813339645641e-01 -1.910224161396861930e+01 -1.904699558079417029e-02 9.988615557539199941e-01 -4.373561966108907573e-02 -3.140636659988829571e+00 5.317544275334749049e-01 4.716417024642545475e-02 8.455842804455383499e-01 4.653832263932522295e+01
8.400962736427982636e-01 -7.459888507247674876e-03 -5.423860206085854285e-01 -1.968654872721660709e+01 -1.871323201569561473e-02 9.989116620485992692e-01 -4.272360473549365045e-02 -3.203551248397266793e+00 5.421144439873577525e-01 4.604173652422544061e-02 8.390423671130536887e-01 4.746172488368003428e+01
8.341953919416764673e-01 -4.568703724962815821e-03 -5.514500603903176312e-01 -2.029840946405569468e+01 -1.991809563749407513e-02 9.990636150164032836e-01 -3.840784623184524682e-02 -3.251683661375684320e+00 5.511091744046039409e-01 4.302348328932258104e-02 8.333232647911336111e-01 4.834963258613851877e+01
8.297595925698337815e-01 -5.429893712321770668e-04 -5.581207016925142650e-01 -2.088460735321585560e+01 -2.242481119382214866e-02 9.991595850085234209e-01 -3.431109982991083218e-02 -3.305498641134946514e+00 5.576702888655142853e-01 4.098571545329832838e-02 8.290500745103127622e-01 4.919868525671144965e+01
8.254998793702656990e-01 -4.634931383669680456e-04 -5.644020979448062247e-01 -2.151329434088416903e+01 -2.340870261380550293e-02 9.991110800413561810e-01 -3.505827185545072611e-02 -3.366290470283684666e+00 5.639166486458708771e-01 4.215251993732826996e-02 8.247552270627170889e-01 5.008769803230660500e+01
8.219925129306892009e-01 -2.255851821076642564e-03 -5.694938222215997214e-01 -2.213413430091004130e+01 -2.468918044732864789e-02 9.989108438233632592e-01 -3.959255620457446251e-02 -3.412308386996529386e+00 5.689628792527418044e-01 4.660512043062336324e-02 8.210415403657024269e-01 5.095892525486085844e+01
8.191226561565290165e-01 -5.102927158924989645e-03 -5.735957007821592679e-01 -2.272013096231906459e+01 -2.550414620485145709e-02 9.986475598212541938e-01 -4.530551659687626770e-02 -3.493785657333864147e+00 5.730511475320627657e-01 5.173984367651981997e-02 8.178846967595914119e-01 5.179605802705017936e+01
8.156642793883884801e-01 -5.481726144393871125e-03 -5.784995484513290043e-01 -2.336941894989558577e+01 -2.655357963942439614e-02 9.985465165424398659e-01 -4.690161783426669007e-02 -3.550967736290976173e+00 5.779158207053701757e-01 5.361720812541291570e-02 8.143331662010349081e-01 5.268057698977245451e+01
8.125892122990282518e-01 -4.154996312157992373e-03 -5.828220153012988458e-01 -2.397875821279282604e+01 -2.612799559697788140e-02 9.987096001358839459e-01 -4.354839250374029080e-02 -3.610247656882536127e+00 5.822508952934345450e-01 5.061492496020682935e-02 8.114320863726903754e-01 5.351749990588209016e+01
8.091050207855122745e-01 -2.640222514862096762e-03 -5.876581386495386417e-01 -2.463355755463415164e+01 -2.512307534456482624e-02 9.989202827532916995e-01 -3.907812478151856395e-02 -3.659398266008573763e+00 5.871268190867885428e-01 4.638208656272603536e-02 8.081650864468842288e-01 5.438011491872500613e+01
8.060399473802192238e-01 -5.452517446893687244e-04 -5.918608782418662839e-01 -2.528998556294811806e+01 -2.567349184915009713e-02 9.990261161340254770e-01 -3.588441372317008327e-02 -3.724334702017260579e+00 5.913040507151291481e-01 4.411940626173212893e-02 8.052409603862489273e-01 5.526630270569884829e+01
8.030797483184800578e-01 -4.155460570599855161e-04 -5.958714109125272662e-01 -2.591871305563018879e+01 -2.628990495091818383e-02 9.990012825953989983e-01 -3.612863575568248803e-02 -3.774798595267697010e+00 5.952913271384209226e-01 4.467957834646656134e-02 8.022667747580773945e-01 5.611054243539129516e+01
7.997632185450710418e-01 -1.395129436342682850e-03 -6.003139519984942440e-01 -2.657230012514920148e+01 -2.675260429003892965e-02 9.989209941582347652e-01 -3.796242411979462023e-02 -3.827299790610149799e+00 5.997191825704468737e-01 4.642091199921310335e-02 7.988629468482087992e-01 5.696935911188620594e+01
7.951346508164737203e-01 -3.906746394608935809e-03 -6.064203305992349469e-01 -2.722266422273971642e+01 -2.539142172173685860e-02 9.988878536875870351e-01 -3.972822052128174158e-02 -3.895187616366639460e+00 6.059011209913609530e-01 4.698715900215769820e-02 7.941511477435343469e-01 5.780247477400999401e+01
7.912588696641098540e-01 -4.720868430877463509e-03 -6.114630875465845161e-01 -2.789493429604594610e+01 -2.491904683891878539e-02 9.988905708408503115e-01 -3.995833625300571068e-02 -3.942586150771706599e+00 6.109733611479616355e-01 4.685446518665156712e-02 7.902633853093147254e-01 5.864061195319099085e+01
7.870489421482576020e-01 -5.551990337330107127e-03 -6.168655694745853735e-01 -2.858004437568309442e+01 -2.409055827718268109e-02 9.989201077112190852e-01 -3.972736407736236763e-02 -4.000992933061246148e+00 6.164199976717337215e-01 4.612801570195067258e-02 7.860652643748764490e-01 5.951552559003854270e+01
7.822627969548079374e-01 -4.960185632610875778e-03 -6.229288126761147737e-01 -2.924344897992444103e+01 -2.455678763376183821e-02 9.989455064207529711e-01 -3.879225990903381605e-02 -4.064149251924923156e+00 6.224643657855140066e-01 4.564287217042186512e-02 7.813161004984957581e-01 6.033475162577437345e+01
7.769500653349776798e-01 -6.300350547834873520e-03 -6.295306934677109556e-01 -2.994528019035328015e+01 -2.417086264645446417e-02 9.989141531816649877e-01 -3.982818118937004465e-02 -4.119510960081499640e+00 6.290980619171661070e-01 4.616080777085840997e-02 7.759541325455063809e-01 6.116969682705207845e+01
7.715391384284426834e-01 -7.184140723709960333e-03 -6.361412880075241194e-01 -3.064166314127999158e+01 -2.416517146300337440e-02 9.988836556465939820e-01 -4.058924752244934958e-02 -4.180514855490275572e+00 6.357227450997755547e-01 4.668865623230841755e-02 7.705042299592754773e-01 6.202087710464765991e+01
7.659560004874308436e-01 -8.456156082091995790e-03 -6.428373751620310994e-01 -3.133662137227166156e+01 -2.362355113087100805e-02 9.988679920668085410e-01 -4.128755622423342653e-02 -4.242184752831822614e+00 6.424588232508483543e-01 4.681055290274047098e-02 7.648891686760244113e-01 6.281809520640999267e+01
7.601939330811473550e-01 -9.434074866566123305e-03 -6.496277198123657781e-01 -3.206635742922212984e+01 -2.369820620536484609e-02 9.988265327380521086e-01 -4.223686261288856630e-02 -4.295072865001903217e+00 6.492638798694495561e-01 4.750321823924925219e-02 7.590783006389704157e-01 6.366608583908401187e+01
7.548502973240589498e-01 -1.163853746943876132e-02 -6.557938433282167745e-01 -3.280159183676870782e+01 -2.251286426342346408e-02 9.987936665854604268e-01 -4.363923200749889042e-02 -4.354084905178901899e+00 6.555106454415962070e-01 4.770488490139240811e-02 7.536776802842646283e-01 6.448306856672218146e+01
7.480208536385791751e-01 -1.258959977839939522e-02 -6.635557973469312643e-01 -3.353499779983532392e+01 -2.159156299716590358e-02 9.988291741995994899e-01 -4.329070583818186296e-02 -4.427861994404546309e+00 6.633239131991196524e-01 4.670955738715620170e-02 7.468732233093714479e-01 6.529687597181400349e+01
7.416867290878165209e-01 -1.224594908376831423e-02 -6.706346428227683010e-01 -3.426967781211131125e+01 -2.135217770518840763e-02 9.988955344532152170e-01 -4.185445966435974441e-02 -4.484293679244232500e+00 6.704065091103221796e-01 4.536240718740679884e-02 7.406060849004568736e-01 6.612042919643532457e+01
7.357789503255784958e-01 -1.316338481945105582e-02 -6.770938287525528620e-01 -3.501213989127570159e+01 -2.014252814072801587e-02 9.989433731608239331e-01 -4.130878614621180667e-02 -4.549551426371179375e+00 6.769221683661752476e-01 4.403251662486325213e-02 7.347363636315489277e-01 6.692946688315255699e+01
7.289983752696141961e-01 -1.406494289605665290e-02 -6.843709063370914114e-01 -3.579338076355245590e+01 -1.989217633901448068e-02 9.989313417791502170e-01 -4.171900964462379319e-02 -4.611280215600420895e+00 6.842263350340028749e-01 4.402671680889031630e-02 7.279395437905433752e-01 6.774370993002045793e+01
7.222965804386957123e-01 -1.621460492218396512e-02 -6.913933233064335493e-01 -3.658509083149121466e+01 -1.871577520976112213e-02 9.989006754160105750e-01 -4.297860447202782319e-02 -4.682622699854015025e+00 6.913301506474233138e-01 4.398326086790269041e-02 7.211990741117738635e-01 6.852906666865837337e+01
7.166726332255572984e-01 -1.548926574661812355e-02 -6.972377000200902231e-01 -3.735071543225588897e+01 -2.063061605749380231e-02 9.988449498912438385e-01 -4.339520471788962941e-02 -4.733184657937220763e+00 6.971045274221008281e-01 4.548459873819098859e-02 7.155252882976577133e-01 6.931600750232038877e+01
7.114844760827614412e-01 -1.547205488452326090e-02 -7.025314559358336597e-01 -3.815593269722995728e+01 -2.020259527137213684e-02 9.988939330692498952e-01 -4.245898792912180392e-02 -4.798345064130121962e+00 7.024113490344029431e-01 4.440186925084210756e-02 7.103849519465121887e-01 7.012506159274721540e+01
7.067874516867463930e-01 -1.464809889002504674e-02 -7.072742904904320005e-01 -3.898081914673733905e+01 -2.179689567826891342e-02 9.988599934788237045e-01 -4.246891573931761699e-02 -4.855303891225043245e+00 7.070900942625976127e-01 4.543288046150176229e-02 7.056624272831892863e-01 7.091669992697602254e+01
7.012225921000202478e-01 -1.545774359351204455e-02 -7.127748066596027998e-01 -3.979071881943367117e+01 -2.150037297692694235e-02 9.988517004121680865e-01 -4.281371955943371471e-02 -4.927989874352316058e+00 7.126181434360358002e-01 4.534687139836577480e-02 7.000850322254499325e-01 7.170856131923571297e+01
6.963164474284330163e-01 -1.761731136528431677e-02 -7.175186588392823417e-01 -4.063436387687215046e+01 -2.131389951689020845e-02 9.987502637517924331e-01 -4.520650814055941769e-02 -4.996565023339153200e+00 7.174183792678597849e-01 4.677115555547313452e-02 6.950707429175195795e-01 7.250769715206216404e+01
6.914194646366772501e-01 -2.009728773330767340e-02 -7.221739494298712314e-01 -4.146775452213199742e+01 -2.091455281660950516e-02 9.986372329397316117e-01 -4.781483555968636667e-02 -5.061922041944990625e+00 7.221507555242244747e-01 4.816405303357970680e-02 6.900568961837021398e-01 7.329197986769680995e+01
6.869049164584555278e-01 -2.030566317723287231e-02 -7.264635613496390754e-01 -4.232120465588636193e+01 -2.197847526828416997e-02 9.985719429654674739e-01 -4.869313485012696785e-02 -5.131377327560519674e+00 7.264148888746080335e-01 4.941411497200440955e-02 6.854776905543161769e-01 7.410480501034324163e+01
6.816822785133195284e-01 -2.016568832878724155e-02 -7.313703618770910353e-01 -4.316316029281052380e+01 -2.179082773391104177e-02 9.986170643188391205e-01 -4.784473547318628117e-02 -5.200302696508014577e+00 7.313237583458543911e-01 4.855207367481204073e-02 6.803001297435230521e-01 7.486581727477415882e+01
6.769784646073679912e-01 -2.030041101700706327e-02 -7.357228022275391632e-01 -4.403933112408838468e+01 -2.079494081171240003e-02 9.986929081413975506e-01 -4.669095948680207497e-02 -5.270234458428683766e+00 7.357090033031498111e-01 4.690808598922318468e-02 6.756714467455907647e-01 7.563630887837388173e+01
6.709341564315193240e-01 -2.098558972634702313e-02 -7.412199083708324032e-01 -4.491306271086153856e+01 -2.033164403967586270e-02 9.987029963332907379e-01 -4.667921804829284343e-02 -5.348113921320773123e+00 7.412381471390484533e-01 4.638890090611504091e-02 6.696372818613387512e-01 7.643662153846389629e+01
6.668601790996423473e-01 -2.193018821068593374e-02 -7.448600929649928926e-01 -4.580055990512544639e+01 -1.976140391898791385e-02 9.986948923264359346e-01 -4.709563659991183177e-02 -5.411074120397642240e+00 7.449207993690373231e-01 4.612568560319407762e-02 6.655564844916903589e-01 7.719245011013089197e+01
6.624391677360410569e-01 -2.265911709478897473e-02 -7.487729315869759983e-01 -4.669151200188709794e+01 -1.894291202280309894e-02 9.987161233889023659e-01 -4.698160273872493270e-02 -5.485093780490770676e+00 7.488761740927603050e-01 4.530639336019091218e-02 6.611594489625276516e-01 7.799296634516873894e+01
6.582401995531770300e-01 -2.364088828576044535e-02 -7.524366668465963803e-01 -4.758526943845603796e+01 -1.733865335654059120e-02 9.987655480670772912e-01 -4.654837397312761027e-02 -5.551186513428801206e+00 7.526082778460314593e-01 4.368624926987451501e-02 6.570177335467515256e-01 7.873663109729274368e+01
6.546380018088394648e-01 -2.644587890323110355e-02 -7.554797757199855912e-01 -4.849326625846092753e+01 -1.467790747751830313e-02 9.987547885315828378e-01 -4.768051422018405178e-02 -5.626666225200238181e+00 7.558000097892944025e-01 4.230233854786970976e-02 6.534346699492942223e-01 7.952079908206647474e+01
6.503692337836157744e-01 -3.050056839445147369e-02 -7.590056418969882701e-01 -4.940576206305744478e+01 -1.170168909277247669e-02 9.986727221525022458e-01 -5.015839423134290515e-02 -5.714153541402655634e+00 7.595281031668557059e-01 4.150312420208453895e-02 6.491491059950048603e-01 8.030346184568439583e+01
6.451175405786236938e-01 -3.434684710243911254e-02 -7.633109734425924664e-01 -5.030002335687034787e+01 -8.435055595635527342e-03 9.986081520823110180e-01 -5.206350386460970037e-02 -5.781801103931071495e+00 7.640367910509874294e-01 4.002564978717269156e-02 6.439299185709933537e-01 8.107090612404238072e+01
6.387034074218960189e-01 -3.852398218019365689e-02 -7.684880280504525762e-01 -5.122257550328293263e+01 -2.939221229255804986e-03 9.986164377471079545e-01 -5.250305925618240638e-02 -5.849398742718779687e+00 7.694474172310216131e-01 3.579263885553334718e-02 6.377064920608996879e-01 8.182908408770465769e+01
6.306225395686766433e-01 -4.190440673245638542e-02 -7.749575615653019334e-01 -5.216762279116522194e+01 1.656745581428324156e-03 9.986116571856895607e-01 -5.264991271934083700e-02 -5.936154183872210055e+00 7.760879315682975843e-01 3.191831379473446251e-02 6.298164453181837041e-01 8.259926137563813597e+01
6.221487500649652835e-01 -4.305305715067826722e-02 -7.817143697197135310e-01 -5.308384188197675257e+01 4.439719535988295371e-03 9.986647669259368643e-01 -5.146816656255041866e-02 -6.018390964519179320e+00 7.828864742844642288e-01 2.855026254417219328e-02 6.215091810659668647e-01 8.332539827851164205e+01
6.130183232357913070e-01 -4.261709019612888033e-02 -7.889184416472296846e-01 -5.405895731075848687e+01 6.056924856956150127e-03 9.987682818769008097e-01 -4.924665221805447218e-02 -6.081205447682326515e+00 7.900454791807852706e-01 2.541068002148867688e-02 6.125213870710186637e-01 8.407809103641329784e+01
6.045288726264000934e-01 -4.202833737069360670e-02 -7.954737264125889551e-01 -5.506272978036858490e+01 5.084566608646293520e-03 9.987904254490923561e-01 -4.890637169513514793e-02 -6.167428453677739064e+00 7.965670088954307504e-01 2.552067416632110286e-02 6.040113468776090455e-01 8.481410648550362907e+01
5.946608788712990368e-01 -4.286272614434732953e-02 -8.028332417394572484e-01 -5.603603631841833277e+01 3.842223724140358000e-03 9.987179374190980896e-01 -5.047493213601374901e-02 -6.240960305336028746e+00 8.039674663705125290e-01 2.693080215335534947e-02 5.940631757135098612e-01 8.551723316487984050e+01
5.838781937843859904e-01 -4.494654898713946328e-02 -8.105961081451326100e-01 -5.701894470173141372e+01 3.807652870573111775e-03 9.986068834222643353e-01 -5.262883372916674074e-02 -6.319375402696095989e+00 8.118323517535511735e-01 2.764235935888800441e-02 5.832359253802563703e-01 8.623962119598978404e+01
5.745579757014634970e-01 -4.634179614758747456e-02 -8.171508785349302917e-01 -5.804289605067781821e+01 4.367674559694357042e-03 9.985551626205010356e-01 -5.355847831605435594e-02 -6.395318718453536277e+00 8.184522386313081155e-01 2.720340134928557127e-02 5.739302398855006260e-01 8.693109642396082393e+01
5.642381462189750563e-01 -4.783656088259984757e-02 -8.242250696268870191e-01 -5.904789649285679332e+01 8.098802091904054243e-03 9.985926863131190379e-01 -5.241236702689504312e-02 -6.477109952048316188e+00 8.255723680657075514e-01 2.289782061803811650e-02 5.638315061429615138e-01 8.761799362479118258e+01
5.543523247030327505e-01 -4.726275212153970007e-02 -8.309390590038475688e-01 -6.006655183683055554e+01 8.735967731293217686e-03 9.986617464017407686e-01 -5.097449472338474313e-02 -6.559740696624114520e+00 8.322362611181906011e-01 2.099877234728736095e-02 5.540233477474412194e-01 8.830567838153585569e+01
5.432135888681270952e-01 -4.800112433852094657e-02 -8.382212572746986501e-01 -6.112011995109894258e+01 8.868141934124239290e-03 9.986366942648776668e-01 -5.144034308258226690e-02 -6.644993525065517659e+00 8.395477142501084344e-01 2.050962779015631440e-02 5.428987046211274370e-01 8.899566782103362073e+01
5.334862359320416969e-01 -4.885362011319451664e-02 -8.443966762812527005e-01 -6.215285423574030688e+01 7.865220976619997570e-03 9.985738934878771733e-01 -5.280452172215363560e-02 -6.725548752581723022e+00 8.457721833519805665e-01 2.152911858147176991e-02 5.331096734334740406e-01 8.963570848875217223e+01
5.234108713195402274e-01 -4.966406270399095768e-02 -8.506318401785617489e-01 -6.326894683366161587e+01 7.415362902035332708e-03 9.985276367640282258e-01 -5.373612362659994229e-02 -6.811984311486183330e+00 8.520481700764462873e-01 2.181832699486508861e-02 5.230084986310219453e-01 9.029089805256931811e+01
5.139321171735414806e-01 -4.987399430632648289e-02 -8.563797932758049347e-01 -6.431126486257488750e+01 4.906043124172681374e-03 9.984630191697024815e-01 -5.520443882267356273e-02 -6.894840820316497698e+00 8.578168346484051909e-01 2.416989743954290129e-02 5.133868985234786297e-01 9.090836277384713071e+01
