1 0 0 0 0 1 0 0 0 0 1 0
0.99993336 -0.0025781243 0.011253085 0.0081227958 0.0025641579 0.99999592 0.001255387 -0.0086150364 -0.011256277 -0.0012264487 0.99993589 0.29925235
0.99983583 -0.0043236267 0.017596246 0.015744455 0.0042976501 0.99998962 0.0015138183 -0.014560879 -0.01760261 -0.0014379473 0.99984403 0.58888442
0.99977391 -0.0074455159 0.019917348 0.022802267 0.0074460235 0.99997228 4.8698091e-05 -0.018837799 -0.01991716 9.9617982e-05 0.99980163 0.89557926
0.99980047 -0.0086734968 0.017994035 0.02965862 0.0086989486 0.99996127 -0.0013366357 -0.023732978 -0.017981746 0.0014928983 0.9998372 1.1984391
0.99987561 -0.011254673 0.01105008 0.025757083 0.011286557 0.99993231 -0.0028272775 -0.024904298 -0.011017513 0.0029516432 0.99993495 1.5184276
0.99992206 -0.012454315 -0.00087753224 0.020773294 0.012450501 0.99991356 -0.0042261587 -0.036192471 0.00093009038 0.0042149036 0.99999068 1.8405021
0.99980042 -0.011804924 -0.016117319 -0.0065345314 0.011726347 0.99991894 -0.0049611938 -0.038049596 0.01617458 0.0047712064 0.9998578 2.173623
0.99934224 -0.0078908755 -0.035395224 -0.039292777 0.0077126466 0.9999569 -0.0051691248 -0.045437638 0.03543449 0.004892734 0.99936002 2.506169
0.99848134 -0.0043032189 -0.054922546 -0.087222994 0.0039701647 0.99997307 -0.0061717442 -0.05266165 0.05494763 0.0059443199 0.99847154 2.8620584
0.99722401 -0.0034140161 -0.074381588 -0.1267955 0.0029419509 0.99997484 -0.0064551776 -0.056479429 0.074401761 0.0062184311 0.99720896 3.2163674
0.99544016 -0.0046651127 -0.095273941 -0.17865045 0.004113383 0.99997362 -0.0059865616 -0.062789964 0.095299364 0.0055673656 0.99543309 3.6109711
0.99333315 -0.0057351437 -0.11513623 -0.23944012 0.0051944315 0.99997403 -0.0049957695 -0.070880637 0.1151619 0.0043643962 0.99333715 3.9887579
0.99125511 -0.0047431354 -0.13187422 -0.30826758 0.0042004973 0.99998153 -0.0043926986 -0.076366412 0.13189263 0.0038003476 0.99125672 4.3856132
0.98888418 -0.00357264 -0.14864492 -0.3878945 0.0030402433 0.99998813 -0.0038087355 -0.08422432 0.14865678 0.0033144815 0.9888833 4.7963431
0.98686741 -0.0029237762 -0.16150595 -0.47562716 0.0023337763 0.99998989 -0.0038427009 -0.092672224 0.16151557 0.0034153175 0.98686426 5.2180702
0.98465125 -0.0042620583 -0.17448135 -0.56047635 0.0034906852 0.99998273 -0.0047275963 -0.10111082 0.1744985 0.0040459741 0.98464913 5.648209
0.98305041 -0.0074362499 -0.18318461 -0.65101478 0.0062619244 0.99995598 -0.0069882268 -0.11478047 0.18322852 0.005722691 0.98305369 6.1061307
0.98147785 -0.0068123587 -0.19145449 -0.74683622 0.005263011 0.99994917 -0.0085998718 -0.1212985 0.19150336 0.0074329566 0.98146381 6.5496581
0.97999792 -0.0066173723 -0.19889768 -0.85789654 0.0045750776 0.99993201 -0.010725898 -0.12599 0.19895515 0.0096013852 0.97996156 7.0314277
0.97833043 -0.0074314137 -0.20691627 -0.96504923 0.0047731308 0.99989958 -0.01334341 -0.13592056 0.20699467 0.012066625 0.97826766 7.5049724
0.97649627 -0.011152438 -0.21524559 -1.0855172 0.0080832915 0.9998528 -0.015133842 -0.14800374 0.2153827 0.013038248 0.97644268 8.0151433
0.97467589 -0.016484555 -0.22301383 -1.1951973 0.01318932 0.99978084 -0.016257426 -0.16401364 0.22323297 0.012904321 0.9746797 8.5146867
0.97283807 -0.017479681 -0.2308258 -1.3244361 0.013636353 0.99974073 -0.018235338 -0.18723855 0.23108472 0.014592409 0.9728242 9.0380925
0.97087473 -0.013760972 -0.23919216 -1.4805644 0.0085546439 0.99970365 -0.022790911 -0.19249636 0.23943493 0.020080916 0.97070473 9.5753545
0.96870899 -0.011031253 -0.24795402 -1.6325449 0.004728639 0.99965077 -0.02599968 -0.21040851 0.24815425 0.024013639 0.96842285 10.10674
0.96627513 -0.013678496 -0.25714834 -1.7937398 0.0067177003 0.99958736 -0.027928259 -0.23290132 0.25742427 0.025258937 0.96596829 10.658731
0.96403981 -0.01544534 -0.26530866 -1.9529056 0.0078525156 0.99952933 -0.029655773 -0.26226213 0.26564185 0.026506006 0.96370734 11.240626
0.9618119 -0.015613872 -0.27326558 -2.1311289 0.0070616439 0.99945482 -0.032252092 -0.28610329 0.2736202 0.029090741 0.9613978 11.802383
0.95931474 -0.014602082 -0.281961 -2.3121828 0.0046929424 0.99934842 -0.035787072 -0.30868736 0.28229987 0.03300784 0.95875819 12.390156
0.95739939 -0.015870118 -0.28833061 -2.4997384 0.0042109705 0.99914978 -0.0410121 -0.34150554 0.28873636 0.038050808 0.95665221 12.975835
0.9554663 -0.016834521 -0.29461966 -2.7012488 0.0027172068 0.99883106 -0.048261012 -0.38301355 0.29508775 0.045311229 0.95439516 13.60323
0.95404289 -0.017149922 -0.29917894 -2.9050228 0.00023800068 0.99840411 -0.056472855 -0.4151783 0.29967002 0.053806322 0.95252442 14.209886
0.95286483 -0.016997762 -0.30291862 -3.1156219 -0.002815863 0.99789088 -0.064852561 -0.46244191 0.3033821 0.062648703 0.95080726 14.820288
0.9514545 -0.017029972 -0.30731793 -3.3359761 -0.0060465145 0.99724125 -0.073981928 -0.51059362 0.30773005 0.072248642 0.9487267 15.476152
0.95012554 -0.015607781 -0.31147687 -3.5653441 -0.010210017 0.99665483 -0.081085851 -0.56824312 0.31170052 0.080221924 0.94678785 16.118439
0.94875378 -0.01472928 -0.31567279 -3.8067612 -0.013701275 0.99605665 -0.087655107 -0.63172366 0.3157191 0.087488235 0.9448107 16.792547
0.94690856 -0.013185339 -0.32123249 -4.0444679 -0.017885436 0.99545102 -0.093580913 -0.69972692 0.32100513 0.094357953 0.94236527 17.439986
0.94536567 -0.010808267 -0.32583267 -4.2997268 -0.022625231 0.99486541 -0.098645374 -0.77486639 0.32522587 0.10062799 0.94026706 18.109443
0.94359645 -0.0081008391 -0.33099866 -4.5665677 -0.027234933 0.99441384 -0.10197736 -0.85036723 0.32997578 0.1052402 0.93810474 18.8205
0.94195493 -0.0080565796 -0.33564264 -4.8173595 -0.028300349 0.99424879 -0.10328811 -0.92929988 0.33454447 0.10679156 0.93630955 19.489461
0.93970246 -0.006759813 -0.34192628 -5.1001214 -0.030256263 0.99424095 -0.10280802 -1.0192387 0.3406521 0.10695437 0.93408614 20.23178
0.93740772 -0.0070621848 -0.34816214 -5.3861911 -0.030030312 0.99443043 -0.10102619 -1.1021533 0.34693652 0.10515815 0.93197469 20.945164
0.93492567 -0.0063791479 -0.35478624 -5.6609178 -0.030881287 0.99458216 -0.099260592 -1.1894547 0.3534973 0.10375753 0.92966341 21.673727
0.9322943 -0.006193476 -0.36164758 -5.9409389 -0.030564207 0.9949283 -0.09583058 -1.2729046 0.36040697 0.10039578 0.92737668 22.379005
0.92840909 -0.0033533468 -0.37154449 -6.2819542 -0.032753699 0.99532785 -0.090827639 -1.3584922 0.37011318 0.096494663 0.92396159 23.203558
0.92550616 -0.0021279348 -0.37872655 -6.5984836 -0.032599072 0.99582542 -0.085258588 -1.4358894 0.37732699 0.091253484 0.9215732 23.912258
0.92175938 0.0012749001 -0.38776024 -6.9296456 -0.035647235 0.99603864 -0.081463538 -1.5123542 0.38612035 0.088912362 0.91815341 24.675384
0.91745283 0.0015907419 -0.39784137 -7.2705442 -0.036151185 0.99618835 -0.079384218 -1.5852514 0.39619869 0.087213714 0.91401334 25.378189
0.91354695 0.0032105742 -0.40672061 -7.6219018 -0.038459232 0.99617035 -0.078520811 -1.6654459 0.40491095 0.087374611 0.91017186 26.162642
0.91078749 0.0032981397 -0.41286228 -7.993249 -0.038737105 0.99623977 -0.07749686 -1.7353096 0.41105426 0.086576261 0.90749048 26.920341
0.90666387 0.0036995909 -0.42183755 -8.3745626 -0.039391781 0.99633493 -0.075927499 -1.8122228 0.42001062 0.085457654 0.90348663 27.710041
0.90277544 0.0039527452 -0.43009403 -8.768363 -0.039377698 0.9965178 -0.073496103 -1.886193 0.42830588 0.08328659 0.89978744 28.490913
0.89893609 0.0044260911 -0.43805742 -9.1629823 -0.038702436 0.99684142 -0.069349136 -1.957073 0.43636687 0.079294332 0.89626803 29.252754
0.89494286 0.0056914606 -0.44614444 -9.5720982 -0.038266097 0.99721351 -0.064038378 -2.0201427 0.44453683 0.074382897 0.89266691 30.068384
0.89134275 0.0053388726 -0.45329856 -9.9893063 -0.036322369 0.9975569 -0.059673361 -2.0902622 0.45187256 0.069654296 0.88935903 30.866912
0.88791494 0.0040034479 -0.45999024 -10.428507 -0.034417231 0.99773754 -0.057751618 -2.1554608 0.45871836 0.067110115 0.88604386 31.684209
0.88479632 0.0055227829 -0.46594523 -10.873689 -0.035935728 0.99776059 -0.056413031 -2.2187059 0.46459027 0.066658124 0.88301336 32.511173
0.88193122 0.0040856002 -0.47136039 -11.312031 -0.033823044 0.99793341 -0.054634288 -2.2719486 0.47016311 0.064126528 0.88024682 33.318879
0.87769583 0.0023111472 -0.47921255 -11.788713 -0.031792328 0.99806615 -0.053415366 -2.3324487 0.47816241 0.062117727 0.87607198 34.14017
0.8765182 0.0016669288 -0.48136581 -12.252234 -0.03111522 0.99809892 -0.053201316 -2.3949512 0.48036206 0.061609725 0.87490374 35.005946
0.87458511 0.0016082078 -0.48486934 -12.727492 -0.031509217 0.99806929 -0.053524495 -2.4542505 0.48384716 0.062089581 0.87294721 35.830039
0.87295451 0.00083245883 -0.48780089 -13.227745 -0.031250461 0.99803979 -0.054221718 -2.5210455 0.4867996 0.062577097 0.87126935 36.709682
0.8725526 0.0018905356 -0.48851649 -13.724417 -0.031989063 0.99806742 -0.053274059 -2.5798729 0.48747172 0.062111604 0.8709268 37.567781
0.87279144 0.0023864662 -0.48808748 -14.244249 -0.03157819 0.99816911 -0.051587218 -2.6434716 0.48707077 0.060437802 0.87126882 38.477652
0.87190456 0.0007909508 -0.48967518 -14.765212 -0.029694225 0.99824377 -0.051260442 -2.7070525 0.4887747 0.059234739 0.87039678 39.370957
0.87177744 -0.0012639882 -0.48990048 -15.268196 -0.02777609 0.99826057 -0.052003126 -2.7694176 0.4891141 0.058942673 0.87022593 40.268605
0.87019988 -0.0027553375 -0.49269114 -15.796902 -0.026511338 0.99827381 -0.052407564 -2.8389328 0.4919851 0.058666958 0.8686247 41.204976
0.86892888 -0.0036363068 -0.49492359 -16.322419 -0.024664991 0.99841238 -0.050639443 -2.9007686 0.49432203 0.056209361 0.86745966 42.105301
0.86695754 -0.002712818 -0.4983746 -16.860697 -0.02396713 0.99860128 -0.047128216 -2.9652647 0.4978054 0.052802772 0.86567989 43.022616
0.86481617 -0.0041902651 -0.50207112 -17.420736 -0.019958853 0.99888789 -0.042715746 -3.0276071 0.50169179 0.046962032 0.86377077 43.969253
0.86094209 -0.0054886806 -0.50867334 -17.947983 -0.017840161 0.99900092 -0.040974315 -3.091931 0.50839007 0.044351327 0.85998402 44.857705
0.8559435 -0.0085144836 -0.51699924 -18.511765 -0.016218081 0.99893038 -0.043302068 -3.1516341 0.51681498 0.045448859 0.85488987 45.758729
0.85027492 -0.0096438409 -0.52625045 -19.072704 -0.01720051 0.99878898 -0.046094635 -3.2220548 0.52605773 0.048244889 0.84907934 46.642358
0.84433333 -0.010769024 -0.53571003 -19.666677 -0.016470389 0.99880393 -0.046037294 -3.2812204 0.5355651 0.047694175 0.84314608 47.562331
0.83806393 -0.0082118845 -0.54551021 -20.241331 -0.016878226 0.99901786 -0.040968712 -3.3368634 0.54531092 0.043541645 0.83710224 48.433741
0.83431502 -0.0054773921 -0.55126076 -20.847639 -0.017501549 0.99918345 -0.036416022 -3.3987373 0.55101014 0.040030351 0.83353789 49.313528
0.82981329 -0.00460949 -0.55802206 -21.466167 -0.01971781 0.99909927 -0.037574567 -3.4536425 0.55769269 0.042182848 0.82897497 50.206255
0.82685389 -0.0066073547 -0.56237795 -22.075662 -0.020668227 0.99889858 -0.042124126 -3.5105298 0.56203691 0.046453853 0.82580662 51.075291
0.82322997 -0.0070342372 -0.56766443 -22.67776 -0.025176842 0.99848708 -0.048884382 -3.5814258 0.56714951 0.054535087 0.82180739 51.933672
0.82016603 -0.0083097867 -0.57206521 -23.305567 -0.025209048 0.99839853 -0.050644719 -3.6440995 0.57156996 0.055958298 0.81864307 52.824379
0.81780817 -0.0049491076 -0.57546961 -23.921236 -0.027016472 0.99853037 -0.046980975 -3.7158332 0.57485645 0.053968584 0.81647259 53.688532
0.81449847 -0.0059250028 -0.58013542 -24.557345 -0.022375267 0.9988831 -0.041616153 -3.7737759 0.57973409 0.046876978 0.81345618 54.567219
0.8112389 -0.0033903175 -0.58470499 -25.194732 -0.023497422 0.99898639 -0.038393553 -3.8332105 0.58424255 0.044885404 0.81033695 55.422626
0.80982048 -0.0030795528 -0.58666965 -25.846966 -0.024539322 0.99893328 -0.039116923 -3.8940859 0.58616435 0.046074162 0.80888105 56.294607
0.8051516 -0.0048269744 -0.59304939 -26.477297 -0.024064558 0.99887745 -0.040801276 -3.9481386 0.59258065 0.047122684 0.80413161 57.151335
0.80231042 -0.0063518189 -0.59687319 -27.148426 -0.024316136 0.99876554 -0.043314168 -4.0141103 0.59641155 0.049265059 0.80116555 58.02528
0.79863662 -0.0076923622 -0.60176436 -27.772993 -0.023545934 0.9987533 -0.044016258 -4.0713746 0.60135278 0.0493221 0.79745984 58.84859
0.79317465 -0.0074134219 -0.60894908 -28.452132 -0.023500907 0.9988085 -0.042770261 -4.1352838 0.60854064 0.048235143 0.79205536 59.69049
0.78930912 -0.0083783655 -0.61393883 -29.116982 -0.022240989 0.99886053 -0.042225433 -4.192462 0.61359309 0.046983526 0.78822338 60.542182
0.7837752 -0.0094018482 -0.62097344 -29.82616 -0.021885503 0.99884622 -0.042746295 -4.2626786 0.62065892 0.047093802 0.78266514 61.401473
0.77852122 -0.011168359 -0.62751887 -30.502734 -0.021032782 0.9988158 -0.043870552 -4.3222625 0.62726578 0.047352623 0.7773644 62.24423
0.77318464 -0.012212294 -0.63406335 -31.18703 -0.020858697 0.99878391 -0.044672296 -4.3836181 0.63383788 0.047765669 0.77198965 63.048857
0.76840022 -0.012050058 -0.63985612 -31.901012 -0.022490241 0.99869668 -0.045816328 -4.4516882 0.63957433 0.049595796 0.76712774 63.893605
0.76193455 -0.0141316 -0.64749981 -32.586743 -0.021451418 0.99866272 -0.047038281 -4.5175532 0.6472987 0.049729881 0.76061249 64.719345
0.75669027 -0.014954647 -0.65360244 -33.336794 -0.020805732 0.99868113 -0.046937428 -4.5837307 0.65344241 0.049115773 0.75538116 65.533116
0.74865522 -0.015500883 -0.66277828 -34.093109 -0.019570655 0.99877419 -0.045465512 -4.6446008 0.66267065 0.047008999 0.74743414 66.362412
0.74388055 -0.015748213 -0.66812699 -34.843001 -0.019123231 0.99881139 -0.044834132 -4.7210878 0.66803897 0.046127986 0.74269522 67.222682
0.73792656 -0.015931923 -0.67469291 -35.55158 -0.019917668 0.99877172 -0.045368979 -4.7834211 0.67458707 0.046917285 0.73670285 67.986202
0.73026875 -0.018261565 -0.68291583 -36.386979 -0.018792155 0.99872742 -0.046801739 -4.8590722 0.68290149 0.047011308 0.72899625 68.857888
0.72434107 -0.019619036 -0.68916258 -37.105196 -0.017701934 0.99873626 -0.047037492 -4.9100027 0.68921455 0.046270699 0.7230784 69.603866
0.71977348 -0.018445266 -0.69396388 -37.942156 -0.018564861 0.998778 -0.045802412 -4.9821871 0.69396075 0.045850705 0.71855149 70.412116
0.71562879 -0.016698914 -0.69828113 -38.727223 -0.021489283 0.99871457 -0.045906722 -5.0496802 0.69815019 0.047857733 0.71435005 71.213896
0.71053149 -0.019500764 -0.70339511 -39.544583 -0.018806403 0.99873257 -0.046685835 -5.1172957 0.70341407 0.046400088 0.70926421 72.018392
0.70547688 -0.020397005 -0.70843934 -40.376369 -0.020842152 0.99855639 -0.049504895 -5.1951854 0.70842644 0.04968996 0.70403333 72.840728
0.70129732 -0.022923614 -0.7125002 -41.204892 -0.02015157 0.99844592 -0.051958203 -5.2599783 0.71258404 0.050796146 0.69974551 73.600765
0.6954088 -0.023586942 -0.71822713 -42.044788 -0.020988066 0.99836818 -0.053108182 -5.3357337 0.71830783 0.052006096 0.69377898 74.419377
0.69044097 -0.023528085 -0.72300598 -42.873299 -0.019788516 0.9984826 -0.051389871 -5.4103855 0.72311806 0.049788889 0.68892771 75.218817
0.68559409 -0.023528914 -0.72760366 -43.703799 -0.01926487 0.99854112 -0.05044294 -5.483804 0.72772911 0.048600572 0.68414061 76.000165
0.6801962 -0.023743738 -0.73264542 -44.595609 -0.01958048 0.99853011 -0.050539324 -5.5660372 0.73276857 0.048722206 0.67873148 76.788379
0.67650529 -0.024863282 -0.73601791 -45.439717 -0.018675512 0.9985293 -0.050896584 -5.6364264 0.73620097 0.04817732 0.67504602 77.572885
0.6724256 -0.027052136 -0.73967016 -46.342329 -0.015650483 0.99858879 -0.050749301 -5.7084493 0.73999927 0.045701325 0.67105328 78.352625
0.66804717 -0.026701575 -0.74363967 -47.237962 -0.016546394 0.99857584 -0.050719884 -5.7862104 0.74393497 0.04618783 0.66665395 79.132059
0.66499227 -0.030024927 -0.74624643 -48.119911 -0.012698629 0.99859257 -0.051493925 -5.8604999 0.74674231 0.043719368 0.66367506 79.899786
0.65971031 -0.034475295 -0.75072879 -49.003558 -0.010225925 0.99844295 -0.054837064 -5.9444517 0.75145046 0.043853473 0.65833057 80.676342
0.65470412 -0.039594944 -0.75484747 -49.908571 -0.004652057 0.99839713 -0.056405036 -6.0178774 0.75587097 0.040440203 0.65347052 81.487474
0.64911159 -0.041526878 -0.75955883 -50.826424 -0.0023211059 0.99839604 -0.056568267 -6.1051364 0.76068969 0.038482134 0.64797405 82.247604
0.64154676 -0.044996353 -0.76576304 -51.752412 0.0020963107 0.9983772 -0.056908532 -6.197228 0.7670811 0.034904207 0.64059998 83.023453
0.63236867 -0.046664244 -0.7732608 -52.672822 0.0056237414 0.99843429 -0.055653801 -6.2758816 0.7746472 0.030845102 0.631641 83.756175
0.62327248 -0.04610525 -0.78064439 -53.628312 0.0075014946 0.99856705 -0.05298662 -6.3524739 0.78196879 0.027169103 0.62272522 84.506307
0.61563128 -0.045823561 -0.78670088 -54.573167 0.0070327337 0.99858763 -0.052662036 -6.4335441 0.78800299 0.026887739 0.61508405 85.215331
0.60820447 -0.046344263 -0.79242632 -55.530521 0.0047171586 0.99848758 -0.054775027 -6.514893 0.79376641 0.029576416 0.60750323 85.957312
0.59713458 -0.048268519 -0.80068745 -56.557653 0.0046079331 0.99837781 -0.056749562 -6.6078926 0.80212787 0.030197612 0.59638833 86.699909
0.58751352 -0.051348754 -0.80758351 -57.587374 0.0070162559 0.99827042 -0.058368945 -6.6782715 0.80918397 0.028626331 0.58685764 87.444087
0.57769224 -0.05145278 -0.81463135 -58.513914 0.0085835483 0.99833905 -0.056968923 -6.7695068 0.81620956 0.025918077 0.57717437 88.1208
0.56753827 -0.050886338 -0.82177298 -59.586813 0.0094117398 0.99842404 -0.055325036 -6.862639 0.82329326 0.023664762 0.56712278 88.843412
0.55585812 -0.052274422 -0.82963189 -60.630304 0.010497926 0.99838266 -0.055873598 -6.9512022 0.83121093 0.022348378 0.55550788 89.541259
0.54699028 -0.053517592 -0.8354265 -61.66249 0.010578514 0.99831664 -0.057026151 -7.0299185 0.83707215 0.022355179 0.54663564 90.188983
0.53917035 -0.054305334 -0.84044405 -62.722762 0.0089851475 0.99823308 -0.058736635 -7.114351 0.84214884 0.024117538 0.53870562 90.839416
0.52841278 -0.055073185 -0.8471994 -63.798442 0.0079923183 0.99817224 -0.059902404 -7.2079704 0.84895001 0.024882108 0.52788713 91.509079
0.51761874 -0.052584775 -0.85399392 -64.824877 0.0027668343 0.99820728 -0.059787708 -7.3131905 0.85560695 0.028584378 0.51683629 92.140848
0.50876318 -0.051877808 -0.85934199 -65.947245 0.003801992 0.9983084 -0.058016177 -7.3940134 0.86089816 0.026249283 0.5080998 92.790669
0.50323965 -0.050763145 -0.86265456 -66.986591 0.0052687018 0.99843479 -0.05567961 -7.4778003 0.86413087 0.023475118 0.50271943 93.400518
0.49294062 -0.051002424 -0.86856677 -68.15344 0.0057345942 0.99844918 -0.055374573 -7.5686783 0.87004409 0.022315498 0.49246864 94.032379
0.48783769 -0.054119221 -0.87125509 -69.244406 0.0068924928 0.99828403 -0.058150519 -7.6652692 0.87290718 0.022362896 0.4873736 94.632031
0.48060707 -0.057281288 -0.87506322 -70.353277 0.0093149077 0.99814155 -0.060221961 -7.7548511 0.87688662 0.020791967 0.48024746 95.257232
0.47282254 -0.060119504 -0.87910433 -71.476877 0.010322865 0.99797923 -0.062696918 -7.8498524 0.88109724 0.02056964 0.47248768 95.839036
0.4678551 -0.063631301 -0.88151154 -72.595668 0.011827531 0.99776631 -0.065745704 -7.9521756 0.88372608 0.020333358 0.46756266 96.408569
0.46403871 -0.064328202 -0.88347603 -73.735984 0.013445294 0.99775625 -0.065587211 -8.0600011 0.88571291 0.01855641 0.46386244 97.048403
0.45986456 -0.062588541 -0.88578055 -74.850153 0.01675116 0.99794689 -0.06181754 -8.1550512 0.88783109 0.013589844 0.45996884 97.589463
0.45313066 -0.060991693 -0.88935513 -75.994512 0.02042671 0.99810513 -0.058042228 -8.254078 0.89121009 0.0081341128 0.4535179 98.232779
0.44899123 -0.059937442 -0.89152359 -77.086753 0.020752127 0.99817803 -0.056656621 -8.3482 0.89329518 0.0069373155 0.44941702 98.760502
0.44604323 -0.060517994 -0.89296301 -78.183385 0.02304066 0.99815712 -0.056138199 -8.4434272 0.89471483 0.0044656056 0.4466156 99.289855
0.44545381 -0.059660864 -0.89331485 -79.328224 0.025083937 0.99821723 -0.054158696 -8.5339031 0.8949535 0.0017173436 0.4461562 99.829233
0.4424573 -0.058802573 -0.89485961 -80.403201 0.026913593 0.99826918 -0.052290528 -8.618579 0.89638567 -0.00094756212 0.44327408 100.37381
0.43927962 -0.059804526 -0.8963575 -81.539046 0.02927247 0.9982047 -0.052254107 -8.7112331 0.89787338 -0.0032844345 0.44024161 100.93085
0.43643012 -0.060014234 -0.89773435 -82.632255 0.031247399 0.99818204 -0.051538437 -8.7974755 0.89919543 -0.0055589382 0.437512 101.45796
0.43174113 -0.059725329 -0.90001801 -83.745445 0.03500744 0.99816314 -0.04944509 -8.8832417 0.901318 -0.010159848 0.43303892 101.97593
0.43133809 -0.058990445 -0.90025969 -84.785739 0.036873299 0.99817898 -0.047739741 -8.9662156 0.90143657 -0.012603577 0.43272779 102.52546
0.42952766 -0.059319252 -0.90110329 -85.87644 0.037334725 0.99815359 -0.047911742 -9.0569449 0.90228165 -0.013063026 0.43094925 103.06495
0.4309855 -0.059640367 -0.90038573 -86.935912 0.037168855 0.99813991 -0.048323949 -9.1319522 0.90159306 -0.012639386 0.43240059 103.49986
0.42846449 -0.062740241 -0.90137771 -88.00591 0.040561497 0.99791624 -0.050179125 -9.2177749 0.90264778 -0.015061257 0.43011651 104.0208
0.43038846 -0.063130975 -0.90043333 -89.056694 0.039931895 0.99790623 -0.050878355 -9.3023785 0.9017601 -0.014058554 0.43200826 104.49874
0.43275065 -0.06171584 -0.89939867 -90.057032 0.03552766 0.99804649 -0.051390625 -9.3833089 0.90081337 -0.0097142043 0.43409789 104.99337
0.43605852 -0.0629004 -0.89771735 -91.099364 0.036154433 0.99797342 -0.05236334 -9.4707827 0.8991918 -0.0096229824 0.43744894 105.48614
0.44148455 -0.062787699 -0.89506929 -92.109729 0.03334058 0.99800768 -0.053563736 -9.5518348 0.89664924 -0.0061945682 0.44269835 105.97782
0.44783952 -0.063307515 -0.89186986 -93.118218 0.033321976 0.99797898 -0.054107302 -9.6396464 0.89349285 -0.0054874788 0.44904397 106.48816
0.45358844 -0.062342071 -0.88902808 -94.104234 0.032744987 0.9980426 -0.053279865 -9.7148649 0.89060954 -0.0049440829 0.45474198 106.98601
0.46147711 -0.060979311 -0.88505386 -95.088207 0.031103351 0.99813365 -0.052552755 -9.7917884 0.88660675 -0.0032762484 0.4625125 107.48281
0.4702227 -0.059745105 -0.88052318 -96.077413 0.029458238 0.99821256 -0.051999066 -9.8724086 0.88205606 -0.0014875216 0.47114219 108.00116
0.4794772 -0.060503555 -0.87546609 -97.048328 0.030434151 0.99816676 -0.05231517 -9.9495144 0.87702648 -0.001560137 0.48043958 108.5235
0.49035977 -0.061089163 -0.86937641 -97.992487 0.029479245 0.99813213 -0.053509183 -10.027643 0.87102143 0.00061019003 0.49124471 109.07693
0.49906233 -0.06150221 -0.86438082 -98.977203 0.025862309 0.99809104 -0.056083962 -10.106487 0.86618012 0.0056345078 0.49970023 109.61343
0.51237899 -0.062083004 -0.85651235 -99.88663 0.023859349 0.9980275 -0.058067484 -10.187338 0.85842796 0.009316731 0.51284958 110.15577
0.52459042 -0.059485441 -0.84927399 -100.82338 0.020415597 0.9981481 -0.057302418 -10.265794 0.85110995 0.012721864 0.52483337 110.72311
0.53699465 -0.057388455 -0.8416313 -101.74699 0.019430673 0.99826008 -0.055670976 -10.346094 0.84336187 0.013541553 0.53717542 111.28627
0.54876144 -0.056621932 -0.83405922 -102.64717 0.021260991 0.99832617 -0.053785083 -10.423325 0.83570863 0.011782254 0.54904674 111.86244
0.56041579 -0.055089913 -0.82637715 -103.53967 0.019994836 0.99839444 -0.052997643 -10.502787 0.82797005 0.01317744 0.56061752 112.43476
0.57267831 -0.055139666 -0.81792366 -104.40109 0.019563609 0.99837047 -0.053606666 -10.576823 0.81954675 0.014697836 0.57282385 113.05712
0.58354926 -0.056079439 -0.81013906 -105.2686 0.019785288 0.99829841 -0.054852712 -10.656826 0.81183672 0.015980425 0.58366585 113.68243
0.59462454 -0.056530359 -0.80201367 -106.00974 0.020169743 0.99826001 -0.055408747 -10.725727 0.80375052 0.016770991 0.5947301 114.27242
0.60537531 -0.057402672 -0.79386751 -106.83651 0.022124625 0.9982242 -0.055307761 -10.813775 0.79563264 0.015917932 0.60557029 114.9232
0.61675375 -0.056077287 -0.7851561 -107.70212 0.022372643 0.99830502 -0.053726675 -10.88671 0.78683818 0.015570111 0.61696296 115.53035
0.62689491 -0.054125052 -0.77722146 -108.48423 0.023311135 0.99844041 -0.05072815 -10.952584 0.77875504 0.013683304 0.62717892 116.1767
0.63550105 -0.0527365 -0.77029684 -109.257 0.022733975 0.99851015 -0.049604859 -11.028331 0.77176527 0.014012031 0.63575316 116.83272
0.64607434 -0.051314398 -0.76154759 -110.03185 0.019802824 0.9985286 -0.050482464 -11.102643 0.76301759 0.017534632 0.64613988 117.47114
0.65577952 -0.050411 -0.75326748 -110.77679 0.01741327 0.9985127 -0.05166393 -11.1709 0.75475164 0.020763297 0.65568201 118.12081
0.66473695 -0.050618322 -0.74536067 -111.50886 0.018279895 0.99850532 -0.051507068 -11.242554 0.74685385 0.020613536 0.66466868 118.75283
0.67400135 -0.047980469 -0.73717027 -112.25486 0.016957787 0.99863047 -0.049493569 -11.311853 0.73853548 0.020857956 0.67389193 119.41288
0.6837579 -0.047497192 -0.72816145 -112.97122 0.018576958 0.99868898 -0.047699285 -11.379846 0.72947246 0.019087738 0.68374383 120.08423
0.69130517 -0.046834478 -0.72104344 -113.65555 0.019061324 0.99873193 -0.046596217 -11.446187 0.72231148 0.018468162 0.69132127 120.72897
0.69828172 -0.045696764 -0.71436294 -114.33986 0.017501614 0.99875183 -0.046781081 -11.509334 0.7156091 0.020163869 0.69820991 121.39954
0.70617698 -0.043962863 -0.70666915 -115.02724 0.016133194 0.99881044 -0.046015419 -11.576888 0.70785156 0.021094199 0.70604621 122.08327
0.71324463 -0.041157788 -0.69970572 -115.6685 0.014706958 0.9989335 -0.043767306 -11.629397 0.70076091 0.020926253 0.71308926 122.73191
0.72137717 -0.03938036 -0.69142181 -116.3158 0.015084244 0.99903857 -0.041163106 -11.690589 0.69237814 0.01926455 0.72127764 123.41593
0.72773704 -0.037743988 -0.68481688 -116.95764 0.014339921 0.99910367 -0.039827386 -11.751215 0.68570636 0.019163644 0.72762599 124.07955
0.73532141 -0.037046183 -0.67670523 -117.55307 0.013851194 0.99911779 -0.039645655 -11.808549 0.67757701 0.019779124 0.73518584 124.71241
0.7428538 -0.034103878 -0.66858441 -118.18433 0.011393499 0.99920098 -0.038309186 -11.85999 0.66935675 0.020840609 0.74264881 125.37793
0.75204307 -0.031172682 -0.65837637 -118.76535 0.010481836 0.99932029 -0.035342552 -11.914125 0.65903064 0.019678128 0.75185865 126.02673
0.76164646 -0.02726666 -0.64741884 -119.35431 0.0080085423 0.99943409 -0.032670584 -11.954393 0.64794334 0.019698554 0.7614338 126.70669
0.77183333 -0.025130064 -0.63532807 -119.89778 0.0066613953 0.9994834 -0.031441386 -12.006054 0.63579004 0.020035338 0.771602 127.39748
0.78113362 -0.024979244 -0.62386398 -120.44077 0.0059942882 0.99945336 -0.032512295 -12.050131 0.62433514 0.021656826 0.78085636 128.0395
0.7909116 -0.02523132 -0.61141 -120.95426 0.0057437769 0.99941167 -0.033813081 -12.099478 0.61190349 0.023231355 0.7905912 128.70278
0.80008127 -0.02454733 -0.59938915 -121.44344 0.005543026 0.9994223 -0.033531268 -12.147445 0.59986603 0.02350531 0.79975513 129.39554
0.81040521 -0.023204761 -0.58541004 -121.96292 0.0054451397 0.99947049 -0.032079573 -12.186131 0.5858445 0.022809814 0.81010244 130.0872
0.82015489 -0.021294309 -0.57174512 -122.4372 0.005289065 0.99954663 -0.029640484 -12.224761 0.57211713 0.02128579 0.81989568 130.78404
0.82935301 -0.020011586 -0.55836645 -122.89966 0.0057725713 0.99961194 -0.027251497 -12.26827 0.55869516 0.019377901 0.82914669 131.47485
0.83820419 -0.018599829 -0.54503923 -123.36577 0.0062639425 0.99968066 -0.024481591 -12.302906 0.54532057 0.017106477 0.83805302 132.17324
0.84621192 -0.018111374 -0.53253858 -123.81714 0.0071503873 0.99971816 -0.022637847 -12.335165 0.53279854 0.015348559 0.84610293 132.88782
0.85341828 -0.018183908 -0.52090937 -124.24798 0.0083453719 0.99973986 -0.021226505 -12.37372 0.52115988 0.013767905 0.85334802 133.62615
0.85986098 -0.018405339 -0.51019634 -124.69694 0.0089299133 0.99973927 -0.02101555 -12.405924 0.51045016 0.013514442 0.85980115 134.34016
0.8663508 -0.017485306 -0.49912978 -125.11022 0.0081374841 0.99974849 -0.020898358 -12.434773 0.4993697 0.014043649 0.86627519 135.06262
0.87271639 -0.015738286 -0.48797375 -125.52813 0.0069625804 0.99977986 -0.019792998 -12.468263 0.48817787 0.013876118 0.87263385 135.80595
0.87874108 -0.014511713 -0.47707809 -125.93779 0.006075274 0.99979679 -0.019221532 -12.497109 0.47726012 0.01399237 0.87865068 136.56201
0.88400153 -0.015117492 -0.46723949 -126.339 0.0068701546 0.99978917 -0.019349987 -12.529606 0.46743355 0.01389541 0.88391901 137.29828
0.88914739 -0.016288746 -0.45733092 -126.71158 0.0078048953 0.99976074 -0.020434102 -12.560667 0.45755438 0.014599509 0.88906179 138.06419
0.89344714 -0.016743495 -0.44885616 -127.12067 0.0084670659 0.99975523 -0.02043978 -12.593488 0.44908856 0.014461368 0.89337022 138.84304
0.89660717 -0.016322128 -0.44252587 -127.49217 0.0081014799 0.99975784 -0.020460569 -12.621291 0.44275271 0.014759978 0.89652228 139.62057
0.89988334 -0.014374939 -0.43589371 -127.88564 0.0077387487 0.99982561 -0.016996027 -12.654978 0.43606205 0.011921169 0.89983765 140.41926
0.90316175 -0.010787735 -0.42916485 -128.28822 0.0056831233 0.99989707 -0.013174066 -12.676699 0.42926282 0.0094593152 0.90313009 141.219
0.90610124 -0.0078545893 -0.42298799 -128.66085 0.0038969215 0.99994018 -0.010220419 -12.694819 0.42304299 0.0076123827 0.90607764 142.02155
0.90918574 -0.0053783703 -0.41635603 -129.04282 0.0023024285 0.99996623 -0.0078895308 -12.720984 0.41638443 0.0062144188 0.90916742 142.85837
0.91195741 -0.0035932582 -0.41026912 -129.4439 0.0011849699 0.99998055 -0.0061241419 -12.736503 0.41028318 0.0050987998 0.91194393 143.70915
0.91537985 -0.0022165083 -0.40258515 -129.83504 0.00095008118 0.99999395 -0.0033454038 -12.75632 0.40259017 0.0026798264 0.91537642 144.56065
0.91886744 -0.0020833413 -0.39456085 -130.20895 0.0018544731 0.99999782 -0.00096137782 -12.772236 0.39456203 0.00015167599 0.9188693 145.45473
0.92201286 -0.0025814704 -0.38715062 -130.5883 0.0027862884 0.99999612 -3.2201691e-05 -12.78559 0.38714923 -0.0010490232 0.92201648 146.32033
0.92542315 -0.00347207 -0.37891942 -130.94742 0.0035528092 0.99999357 -0.00048610883 -12.786766 0.37891871 -0.00089637237 0.92542953 147.23062
0.92937215 -0.0058145142 -0.36909833 -131.30722 0.0058918558 0.99998222 -0.00091759989 -12.820379 0.36909714 -0.0013218827 0.92938989 148.16244
0.93309421 -0.0071312723 -0.3595613 -131.68326 0.0069907313 0.99997413 -0.0016911648 -12.826701 0.35956409 -0.00093558063 0.93311993 149.0772
0.93721896 -0.0083770361 -0.34864083 -132.02358 0.0075444913 0.99996452 -0.003745686 -12.850076 0.34865987 0.00088020992 0.93724892 150.0234
0.94222982 -0.0066229276 -0.33490163 -132.37658 0.0053017053 0.99997414 -0.0048591342 -12.866617 0.33492518 0.0028028712 0.94224056 150.99503
0.94776515 -0.003383079 -0.31895105 -132.72661 0.0023232253 0.99999044 -0.0037033108 -12.881149 0.31896056 0.0027688736 0.94776395 151.96978
0.9538667 0.00065174926 -0.30022973 -133.04822 -0.00088273765 0.99999941 -0.00063373194 -12.892198 0.30022917 0.00086951965 0.95386671 152.96749
0.95968269 0.0033629326 -0.28106552 -133.36905 -0.0031717155 0.99999433 0.0011352271 -12.905256 0.28106777 -0.00019799816 0.95968791 153.98223
0.96593799 0.0054054863 -0.25871716 -133.64489 -0.0049797845 0.99998495 0.0023007451 -12.924942 0.25872573 -0.00093402165 0.96595038 155.02184
0.971316 0.0066535905 -0.23769927 -133.91032 -0.0060125845 0.99997607 0.0034216009 -12.927937 0.23771637 -0.001894269 0.97133277 156.08258
0.97644677 0.0072014739 -0.21563823 -134.16128 -0.006035625 0.9999634 0.0060645278 -12.94715 0.21567403 -0.0046201773 0.97645449 157.15425
0.98113779 0.0092267995 -0.19308937 -134.38967 -0.0075780574 0.99992827 0.0092755994 -12.952027 0.19316112 -0.0076373991 0.98113733 158.27089
0.98527068 0.010840338 -0.17065807 -134.58305 -0.0085982483 0.99986682 0.013871554 -12.960083 0.17078573 -0.012199875 0.98523266 159.33545
0.98896031 0.012950702 -0.14761362 -134.77481 -0.010535201 0.9997977 0.017133835 -12.955347 0.14780566 -0.015389544 0.98889668 160.47889
0.99197057 0.014114824 -0.1256788 -134.91593 -0.012031531 0.9997776 0.017320031 -12.948427 0.12589533 -0.015668853 0.99191978 161.60758
0.99444307 0.01433173 -0.10429569 -135.044 -0.012812599 0.99980206 0.01522109 -12.950916 0.10449319 -0.013800209 0.99442985 162.75639
0.99652011 0.014352734 -0.082107642 -135.15634 -0.013239163 0.99981307 0.014090762 -12.947448 0.082294541 -0.012954692 0.99652385 163.92232
0.99796 0.012782416 -0.062549512 -135.22862 -0.011806876 0.99980322 0.015941152 -12.946837 0.062740976 -0.015170118 0.99791454 165.07602
0.99899123 0.013317246 -0.042885687 -135.29585 -0.012548601 0.99975666 0.018142743 -12.945923 0.043116866 -0.017586286 0.99891524 166.27847
0.99967961 0.013593205 -0.021351902 -135.34255 -0.013186041 0.99973071 0.019095682 -12.942415 0.021605726 -0.018808017 0.99958964 167.50253
0.99989076 0.01466438 -0.001850509 -135.35794 -0.01462569 0.99970427 0.019428252 -12.932692 0.0021348653 -0.019399065 0.99980954 168.70272
0.99970626 0.015110409 0.018949337 -135.34603 -0.015485656 0.99968374 0.019814693 -12.9277 -0.018643938 -0.020102316 0.99962408 169.94581
0.99907191 0.017470239 0.039371365 -135.31486 -0.018257843 0.99963854 0.019734472 -12.920182 -0.039012371 -0.020434993 0.99902975 171.17316
0.9980199 0.018730384 0.060045398 -135.25754 -0.019880523 0.99962906 0.01861458 -12.910253 -0.059674472 -0.019771456 0.99802207 172.42694
0.99653798 0.018400848 0.081076903 -135.16865 -0.019806847 0.99966648 0.016571468 -12.905757 -0.08074494 -0.018119975 0.99657008 173.71047
0.99492146 0.020468396 0.098551194 -135.05331 -0.021958774 0.99965998 0.014061906 -12.903867 -0.098229868 -0.016154555 0.99503262 174.96404
0.9927467 0.020735602 0.11842307 -134.92505 -0.022303904 0.99968002 0.011933136 -12.900497 -0.11813775 -0.014487878 0.99289152 176.25848
0.99019402 0.02075389 0.13814874 -134.75227 -0.022283397 0.99970623 0.0095338737 -12.911199 -0.1379103 -0.012518808 0.9903656 177.54601
0.98761349 0.022091087 0.15534343 -134.56508 -0.022995043 0.99972748 0.0040242809 -12.91788 -0.15521221 -0.007546563 0.98785233 178.82989
0.98451235 0.023914724 0.17367644 -134.3415 -0.023899569 0.99971199 -0.0021788603 -12.945319 -0.17367855 -0.0020056772 0.98480036 180.11832
0.98159498 0.026196575 0.1891693 -134.10425 -0.025194473 0.99965291 -0.0077005923 -12.956108 -0.18930539 0.0027928421 0.98191429 181.43417
0.97807835 0.028055217 0.20633864 -133.83293 -0.026255756 0.99958963 -0.011454561 -12.990145 -0.20657534 0.0057858816 0.97841359 182.74498
0.9734747 0.030491208 0.22675383 -133.54964 -0.027927013 0.99950467 -0.014508536 -13.023182 -0.22708391 0.0077911362 0.97384403 184.08577
0.96956757 0.030093217 0.24296732 -133.22153 -0.027412466 0.99952038 -0.01440748 -13.063745 -0.24328437 0.0073086924 0.96992747 185.41162
0.96516192 0.028667045 0.26007819 -132.88539 -0.025721457 0.99956073 -0.014722815 -13.094848 -0.26038602 0.0075203108 0.96547531 186.74262
0.96029598 0.028572559 0.27751618 -132.51278 -0.02412665 0.99952022 -0.019422746 -13.156015 -0.27793801 0.01195605 0.96052461 188.10225
0.9555964 0.029843217 0.29316361 -132.11994 -0.02397405 0.99943413 -0.023593702 -13.201923 -0.29370185 0.015517738 0.95577112 189.41654
0.95001814 0.032039796 0.31054626 -131.69283 -0.025750234 0.99937222 -0.024332909 -13.241154 -0.31113095 0.015120067 0.95024677 190.7451
0.94406191 0.033959034 0.32801507 -131.25531 -0.027479595 0.99932526 -0.024369863 -13.303544 -0.32862135 0.013992939 0.9443581 192.09784
0.93774565 0.038287124 0.345206 -130.77708 -0.030584455 0.99914734 -0.027734279 -13.35301 -0.34597355 0.015449762 0.93811706 193.4587
0.93117276 0.038968131 0.36248968 -130.28674 -0.029704206 0.99907489 -0.031096984 -13.414015 -0.36336616 0.018189197 0.93146884 194.76719
0.9247447 0.03980703 0.37850051 -129.757 -0.02914817 0.99900174 -0.03385115 -13.47916 -0.37947022 0.020271075 0.92498186 196.14416
0.91706125 0.04032607 0.39670198 -129.18164 -0.027232608 0.99888413 -0.038585902 -13.562789 -0.39781536 0.024582407 0.91713612 197.47337
0.90822058 0.043543912 0.41622024 -128.59244 -0.027388046 0.99862446 -0.044711017 -13.643915 -0.41759464 0.029208008 0.90816388 198.78565
0.89889877 0.047054448 0.4356224 -127.99476 -0.028882398 0.99841775 -0.048247392 -13.727362 -0.43720342 0.030787703 0.89883552 200.11644
0.88657644 0.049977443 0.45987439 -127.34256 -0.030574533 0.99830364 -0.049548322 -13.815472 -0.46157062 0.029867931 0.88660052 201.44485
0.87379404 0.054346314 0.48324986 -126.66639 -0.033266948 0.99808799 -0.052093019 -13.911471 -0.48515698 0.029442323 0.87393127 202.73242
0.85945306 0.058728083 0.50783012 -125.93508 -0.035565677 0.99784147 -0.055204068 -14.011164 -0.50997602 0.029383984 0.8596866 204.04291
0.84420755 0.062236223 0.53239107 -125.19095 -0.036863619 0.99762598 -0.058167635 -14.117726 -0.53474734 0.029479696 0.84449763 205.31167
0.82946189 0.063780726 0.55490988 -124.3763 -0.036239957 0.99751117 -0.060482479 -14.223736 -0.55738647 0.030058002 0.82970891 206.55446
0.81312252 0.064800371 0.57847441 -123.54239 -0.035091298 0.99743372 -0.06240648 -14.335365 -0.5810339 0.030444697 0.81330975 207.79349
0.79709184 0.067276736 0.60009867 -122.65365 -0.033631699 0.99717785 -0.06712116 -14.462104 -0.60292084 0.033319393 0.79710495 209.00063
0.78093622 0.069735456 0.62070569 -121.74694 -0.031706805 0.99689274 -0.07210789 -14.591554 -0.62380553 0.036631069 0.78072073 210.19734
0.76372877 0.071418176 0.64157445 -120.79301 -0.029577041 0.99668884 -0.075740022 -14.72 -0.64485937 0.038868961 0.76331228 211.37347
0.74716662 0.072883919 0.66062844 -119.81906 -0.027639568 0.99651664 -0.07868065 -14.858996 -0.66406184 0.040528072 0.74657845 212.49393
0.73178644 0.074078865 0.67749604 -118.80191 -0.026552078 0.99641938 -0.080270825 -15.0062 -0.68101661 0.040752175 0.73113314 213.64116
0.71589594 0.074606716 0.69420948 -117.77012 -0.024250663 0.99633168 -0.082067568 -15.149467 -0.69778575 0.041916799 0.71507906 214.74691
0.70156614 0.074924888 0.70865447 -116.68972 -0.021383747 0.99622285 -0.08415917 -15.298194 -0.71228346 0.043889538 0.7005184 215.82993
0.68609335 0.076133994 0.72351882 -115.60682 -0.01838921 0.99600626 -0.087369143 -15.445535 -0.7272811 0.046638449 0.68475331 216.88601
0.67158372 0.079013033 0.7367036 -114.49827 -0.016744433 0.99566221 -0.091522562 -15.620844 -0.74073948 0.04912938 0.66999356 217.94198
0.65564099 0.081205852 0.75069331 -113.36353 -0.014779016 0.99538967 -0.094768044 -15.774696 -0.75492815 0.051039308 0.65381841 218.96798
0.64063291 0.081800049 0.76347768 -112.196 -0.013980492 0.9953871 -0.094916133 -15.947489 -0.76772005 0.050132606 0.63882134 219.95927
0.62402705 0.083204088 0.77696027 -111.0275 -0.014519384 0.99537779 -0.094932798 -16.115645 -0.78126787 0.047959651 0.62235074 220.92433
0.60608805 0.084194886 0.79092885 -109.84169 -0.016391885 0.9954928 -0.093409764 -16.284616 -0.79522867 0.043649729 0.60473641 221.85335
0.58649111 0.085063069 0.8054765 -108.64058 -0.018691841 0.99562651 -0.091533952 -16.451835 -0.80973999 0.038628012 0.58551609 222.80901
0.56962506 0.086325151 0.81735868 -107.44653 -0.020390723 0.99564718 -0.09094456 -16.61665 -0.82165173 0.035137768 0.56890581 223.66791
0.55022712 0.08989109 0.83016242 -106.20305 -0.021948995 0.99540209 -0.093235786 -16.796673 -0.83472655 0.033079629 0.54967025 224.54237
0.53234819 0.093011816 0.84140011 -104.97672 -0.024120574 0.99520851 -0.0947535 -16.963079 -0.84618181 0.030146802 0.53204095 225.34992
0.51261643 0.093425395 0.85351979 -103.73815 -0.024404061 0.9952464 -0.094281779 -17.137777 -0.85827088 0.027501041 0.51245961 226.11808
0.49178913 0.092266152 0.86581196 -102.5067 -0.024894132 0.99545319 -0.091941409 -17.301451 -0.87035843 0.02366215 0.49184995 226.86122
0.47121703 0.090439677 0.87736829 -101.24275 -0.024509022 0.99568766 -0.089472804 -17.46557 -0.88167675 0.020657671 0.47140157 227.56956
0.44927132 0.089043225 0.88894686 -99.994385 -0.024928638 0.99588274 -0.087155814 -17.625583 -0.89304754 0.016996374 0.44964128 228.2513
0.42738235 0.087721144 0.89980513 -98.716908 -0.023322385 0.99602009 -0.086023565 -17.780943 -0.90377014 0.015779353 0.42772727 228.86845
