1.000000000000000000e+00 -3.306050084167601550e-19 -2.270457535318767223e-19 -8.673617379884035472e-19 7.546676715296109287e-19 1.000000000000000000e+00 6.237773588823049983e-19 1.387778780781445676e-17 -3.447385680526250622e-20 4.770700176052009879e-20 1.000000000000000222e+00 5.551115123125782702e-17
1.271636274956170209e-01 -7.201764320330278184e-03 9.918402585720499376e-01 -5.416065714491300476e+00 -1.541993283592667588e-02 9.998383983316494472e-01 9.242712532728214123e-03 -4.297780818765389865e-03 -9.917467308915034474e-01 -1.646630260947038946e-02 1.270319867288096649e-01 6.975009758519278513e+00
-3.319117884568043575e-01 -1.457054236902945166e-02 9.430211865733936216e-01 2.372372408158379686e-01 -2.913811850145331742e-02 9.995620805924431140e-01 5.189436510653791350e-03 1.253521143723123066e-01 -9.426838142238970208e-01 -2.574206636245205890e-02 -3.321911790146060972e-01 1.286383771758434946e+01
-9.392710485876584192e-01 -3.898001775277570163e-02 3.378406539950728482e-01 6.736478251746321533e+00 -4.624413420174530026e-02 9.988402771874199670e-01 -1.339621854686102488e-02 3.325063976564671120e-01 -3.369259578479947281e-01 -2.821747990217512297e-02 -9.399841317636713489e-01 1.434430342262472458e+01
-9.877607344979585369e-01 -3.882766180520637322e-02 1.557710229822724113e-01 1.111746844792426003e+01 -4.298132969196290926e-02 9.987979115199533409e-01 -2.356179414975979533e-02 3.750826724541470591e-01 -1.546697093124730082e-01 -2.994692763288587037e-02 -9.882425131158972809e-01 9.949807337926358741e+00
-9.133894495823196014e-01 -4.047309430677997755e-02 -4.050789986248135577e-01 1.439310414476980249e+01 -3.076409975787055759e-02 9.990633547696839978e-01 -3.041959244160750628e-02 3.675760702968361437e-01 4.059309564255161873e-01 -1.533574363831221622e-02 -9.137789376313646406e-01 5.718498116304131962e+00
-6.632552746703691549e-01 -3.052155668936960484e-02 -7.479255576709272768e-01 1.441838664484704324e+01 -1.367476867895130697e-02 9.994951616512820491e-01 -2.868097305501388083e-02 2.536960028035760706e-01 7.484238281671234949e-01 -8.800760058937687549e-03 -6.633376605328540343e-01 1.077594358546012820e+00
-1.397715264111326905e-01 -1.994402312249933529e-02 -9.899418161671410532e-01 1.243117586148726872e+01 -5.712841238533630317e-04 9.997983083402821602e-01 -2.007544794589483095e-02 1.928356323772054681e-01 9.901429139538162616e-01 -2.245093056642608661e-03 -1.397545240050695470e-01 -2.249323852597979290e+00
9.063890852495255779e-02 -1.026167148254742562e-02 -9.957856790597660046e-01 9.253682569046787876e+00 2.103072139865366352e-03 9.999466638128184925e-01 -1.011502214772370956e-02 9.397078092425617535e-02 9.958364872435494508e-01 -1.169736701286025991e-03 9.065563448700866833e-02 -3.777496017353334068e+00
4.184260319036129383e-01 -4.980032467865680781e-04 -9.082247902925727479e-01 6.828384487747901410e+00 6.918841863256243625e-03 9.999725453561402189e-01 2.636683951323178562e-03 8.431178887207212147e-02 9.081986820452782050e-01 -7.389581434851290494e-03 4.184180316460393012e-01 -4.025369334264956578e+00
5.789559163022782728e-01 7.291035549634357522e-03 -8.153625645487548868e-01 5.286593444538633335e+00 1.299076328811224132e-02 9.997506618933327260e-01 1.816747300473678384e-02 6.032936359306396296e-02 8.152916721197860372e-01 -2.111220901408596140e-02 5.787169776553718892e-01 -3.226744064956521107e+00
5.404524153818315302e-01 8.265862931699577421e-03 -8.414296982443558726e-01 5.144752120415656549e+00 1.789639783343578011e-02 9.996126225388861641e-01 2.131162877377510562e-02 6.456179740302137038e-02 8.412800489155740635e-01 -2.657164212266738615e-02 5.400951626751382406e-01 -3.112091793332818490e+00
6.614730752068668229e-01 1.158173461323174121e-02 -7.500027983534515164e-01 4.909610934176415142e+00 1.500060158075335395e-02 9.994764545010004220e-01 2.866539117962750224e-02 5.978474992974863733e-02 7.499420757677337512e-01 -3.021174969156217166e-02 6.609530434008061839e-01 -2.760342338140211904e+00
6.340546990324213983e-01 1.372286056287769403e-02 -7.732237543492966880e-01 4.715407873365310643e+00 1.492996167466340528e-02 9.994389508694482283e-01 2.998879308141841685e-02 8.584361591034549155e-02 7.732014650441241255e-01 -3.056240259846421808e-02 6.334939718823406896e-01 -2.686476627753058732e+00
7.441052683528541767e-01 1.502347274868130744e-02 -6.678944140810277874e-01 4.554195339276071230e+00 1.435531147010703744e-02 9.991567808547086038e-01 3.846892819703633809e-02 8.127350262657911939e-02 6.679091572673975241e-01 -3.821209422439798137e-02 7.432621750737484767e-01 -2.285928482562986197e+00
7.223413154519462420e-01 1.343710028886877655e-02 -6.914051594609929019e-01 4.341243141374496517e+00 1.970709602168010943e-02 9.990052299588054741e-01 4.000552492915164515e-02 9.738665043270590405e-02 6.912550226757609995e-01 -4.252250546345733712e-02 7.213578937524564028e-01 -2.202784176711680253e+00
8.182258650548702716e-01 1.252577560906345186e-02 -5.748098179351884829e-01 4.259540518964095135e+00 1.763859727050528028e-02 9.987450272433007203e-01 4.687802967484951816e-02 9.383783872686579652e-02 5.746758275321175446e-01 -4.849365418467072725e-02 8.169781490684062675e-01 -1.690649440374693002e+00
8.010627287804791274e-01 9.977011048294515128e-03 -5.983402939557466160e-01 4.003143950888903291e+00 2.204421674269709322e-02 9.986911176248943756e-01 4.615357949428466194e-02 1.145732151578901514e-01 5.980175003154643010e-01 -5.016549009037563067e-02 7.997943146244425039e-01 -1.552556838970598374e+00
8.783924924894701558e-01 8.293698090884503438e-03 -4.778010132316775627e-01 4.005275140878409523e+00 1.748559218496514855e-02 9.986224987130695174e-01 4.947685044365920243e-02 1.286657445377944742e-01 4.775531992090675248e-01 -5.181498091922943916e-02 8.770375285957394684e-01 -1.039638081045692442e+00
8.658875179390925769e-01 1.114812869797292619e-02 -5.000984693812503545e-01 3.706048975362097320e+00 1.661197695251599021e-02 9.985594872802880939e-01 5.101141921931569290e-02 1.590428785197855466e-01 4.999469867743965290e-01 -5.247551361126542857e-02 8.644549770880537443e-01 -8.837266148784538311e-01
9.253996060530360612e-01 1.079031618091179714e-02 -3.787721329418494709e-01 3.748460823359526461e+00 1.027035692593794743e-02 9.985135308995237713e-01 5.351884982553215681e-02 1.737749891218122733e-01 3.787867230258357143e-01 -5.341588628952440715e-02 9.239134035175636805e-01 -2.857965589071514434e-01
9.125073737988570466e-01 1.191748879547911526e-02 -4.088635825392287759e-01 3.448779369569601627e+00 1.143182615127028880e-02 9.984421967670480402e-01 5.459739110141092339e-02 1.951093466069267202e-01 4.088775389958523854e-01 -5.449326946631736363e-02 9.109496050780160337e-01 -7.830065471141212097e-02
9.569407272941609088e-01 1.034202134378459266e-02 -2.900801336094476768e-01 3.530533444785817210e+00 6.627991128816125045e-03 9.983261375882728217e-01 5.745757359416800436e-02 2.165770401974398407e-01 2.901887528962160956e-01 -5.690623121294425407e-02 9.552706164255501120e-01 5.736785495653722311e-01
9.459784100442928390e-01 1.241665058311357261e-02 -3.239463257507355642e-01 3.207106367511895595e+00 6.747669250691818409e-03 9.982960816240041835e-01 5.794367288168179864e-02 2.414466007672758374e-01 3.241138490913335612e-01 -5.699917318460336751e-02 9.442828232044447878e-01 8.550290821858510526e-01
9.776004825694510902e-01 9.319730657662634449e-03 -2.101689941114060767e-01 3.359265746931348495e+00 2.772725595933406111e-03 9.983621318542224010e-01 5.711688779565100849e-02 2.665307026055229733e-01 2.103573106370605628e-01 -5.641929907318157106e-02 9.759736305409265622e-01 1.534449278190086030e+00
9.681103027916087012e-01 6.485475481330256128e-03 -2.503468697902157536e-01 2.941444757495250695e+00 7.254490870285988831e-03 9.985197833269117140e-01 5.388617571603755013e-02 2.994168119332457079e-01 2.503255589755670751e-01 -5.398502286339345452e-02 9.666304143125407089e-01 1.863572642480588515e+00
9.857343878599362785e-01 1.538792759883975386e-03 -1.681649795328955810e-01 3.366180032933311139e+00 6.987281215470949811e-03 9.987218779759587939e-01 5.002346343730569578e-02 3.088546080856197640e-01 1.680267861777241800e-01 -5.048571368725012637e-02 9.844639650295838873e-01 2.340059398919326128e+00
9.822707199226481389e-01 -5.491839255833978663e-04 -1.873622323014838553e-01 2.758008093476230993e+00 1.025107937431766515e-02 9.986568891246853097e-01 5.076579647123872358e-02 3.466296366610499002e-01 1.870823358721655505e-01 -5.178792916467137714e-02 9.809571279674372812e-01 2.983531794092659784e+00
9.856549519182288277e-01 -2.913514840069696826e-03 -1.686128624889590144e-01 3.051480058063104295e+00 1.113918890216777230e-02 9.987938072975633963e-01 4.777788677729758599e-02 3.656957476903361925e-01 1.682695009058391422e-01 -4.897314859013034843e-02 9.844988897862833044e-01 3.545444356432790212e+00
9.883978485432971528e-01 -4.557601066741677823e-03 -1.517538782198049885e-01 2.591408672904078170e+00 1.191339518550823227e-02 9.987964442950147959e-01 4.754766662223039453e-02 4.076687041623320296e-01 1.513540347509695627e-01 -4.880521780632270101e-02 9.872629115035767011e-01 4.208563371918040197e+00
9.894209091478398665e-01 -5.764144762355215973e-03 -1.447470771015062219e-01 2.882823633454119960e+00 1.298560528116718751e-02 9.987180737617579185e-01 4.885506134280565710e-02 4.177274130909070515e-01 1.442785551266972943e-01 -5.022193724616787897e-02 9.882277158323152788e-01 4.812510525286330498e+00
9.911903631998698616e-01 -5.551945491314027627e-03 -1.321811123086180928e-01 2.449866862292295888e+00 1.200927459914429007e-02 9.987726222104491569e-01 4.801074313567982310e-02 4.664132501467475045e-01 1.317514669420273288e-01 -4.917798199955143723e-02 9.900407887557887143e-01 5.520906050750732597e+00
9.907486666693587907e-01 -2.977313161827327675e-03 -1.355840588024934679e-01 2.769111302138844266e+00 1.012539156285966087e-02 9.985944345559466528e-01 5.199275383041879195e-02 4.775584508873463307e-01 1.352382195368775908e-01 -5.288588246616104244e-02 9.893863852401489911e-01 6.109116795763823937e+00
9.916313336566093817e-01 -3.354751677660847576e-03 -1.289156887834504717e-01 2.306283926475516832e+00 1.001270584877099121e-02 9.986496711125746328e-01 5.092131525482642557e-02 5.185366145042147323e-01 1.285698865003918057e-01 -5.178811608409711331e-02 9.903261472159847756e-01 6.862074273958061355e+00
9.910756756415664004e-01 -1.126799557020090152e-03 -1.331402831130790998e-01 2.680521586357988539e+00 8.468854752985035053e-03 9.984762846626442645e-01 5.446926669754190847e-02 5.286108524634506312e-01 1.328755146912242446e-01 -5.511197666842659187e-02 9.895753275604746158e-01 7.449527109549782367e+00
9.917718265603462369e-01 -2.447054139565551546e-03 -1.278725859307476564e-01 2.148654589174104235e+00 9.331777925891132294e-03 9.985391684724708172e-01 5.317435300989218488e-02 5.803846888411898775e-01 1.275551531752095735e-01 -5.393149981866118131e-02 9.903459864353837405e-01 8.193228305554290714e+00
9.901086167572825669e-01 -3.875652768893583181e-04 -1.401887897351181411e-01 2.588583505066140766e+00 8.758176242737662764e-03 9.982165280972572496e-01 5.898870638888275425e-02 5.805751529770057928e-01 1.399154602575695128e-01 -5.963398574505242300e-02 9.883463124361098195e-01 8.772739738286920996e+00
9.904562503468923307e-01 -2.724359491297090883e-04 -1.377419385993685352e-01 2.049979944653213426e+00 8.438837882527564296e-03 9.982415851310334487e-01 5.862331761388812207e-02 6.428841706296271052e-01 1.374834911736145249e-01 -5.922685459461078661e-02 9.887168917330728668e-01 9.583215808025377314e+00
9.887411999723884071e-01 3.833836908350430651e-03 -1.494495396921248220e-01 2.521714039373777805e+00 5.933961515752051927e-03 9.978806796826872327e-01 6.475438719515655417e-02 6.599032177598836979e-01 1.493808733152007240e-01 -6.491271768309550549e-02 9.866229662120817867e-01 1.032888107119620891e+01
9.881058219371164908e-01 3.526950873048998163e-03 -1.535753912498827589e-01 2.008641042193956228e+00 6.843205447030823591e-03 9.977378366625211381e-01 6.683514581236542351e-02 7.107861215608962668e-01 1.534635078867809255e-01 -6.709182186605665288e-02 9.858465193178432839e-01 1.092100930556022220e+01
9.871418877102956513e-01 6.196084320407124583e-03 -1.596572249314742453e-01 2.488695301707351870e+00 5.232317980615087613e-03 9.974603252216324156e-01 7.098201268905399153e-02 7.405030371263220390e-01 1.596917276565730237e-01 -7.090439296621349474e-02 9.846025109030637212e-01 1.182134577012554466e+01
9.870004106537889621e-01 4.216252328954127153e-03 -1.605136141203936939e-01 1.872583983253135242e+00 7.295325673140373376e-03 9.974499437443377081e-01 7.092773430242327315e-02 7.910408457616113775e-01 1.604030157358820319e-01 -7.117749423774473450e-02 9.844528295389463057e-01 1.228153303820430153e+01
9.879456468350928944e-01 4.876024350621010160e-03 -1.546180695843734909e-01 2.362179751463529431e+00 5.930379065812642174e-03 9.975777500251465923e-01 6.924127759743038679e-02 8.374810050305111497e-01 1.545812346966895234e-01 -6.932346649113547976e-02 9.855238257540490654e-01 1.350113261978042445e+01
9.890009058733761904e-01 4.363482584542739857e-03 -1.478170112525047097e-01 1.788889091965586431e+00 5.476170310516731941e-03 9.977991104690441260e-01 6.605030820269462699e-02 8.832725226473949753e-01 1.477799875549579145e-01 -6.613310995017673832e-02 9.868003712308220932e-01 1.408780030064844446e+01
9.896599890190614923e-01 5.405920581971942682e-03 -1.432380810861236253e-01 2.261734571058160892e+00 3.985324840036257726e-03 9.978673646512272732e-01 6.512087560179868895e-02 9.359263286515395741e-01 1.432846316598630210e-01 -6.501845457125815519e-02 9.875276256540522768e-01 1.525475405544954732e+01
9.905409713593689158e-01 8.773994915639526243e-03 -1.368329401499402964e-01 1.847402303343455454e+00 -2.144235922525629542e-04 9.980513144680210891e-01 6.235644865410346072e-02 9.792046876591834481e-01 1.371137901030855255e-01 -6.173640033929964771e-02 9.886125734293547129e-01 1.610678819304702003e+01
9.907255885834954645e-01 1.199308043967063295e-02 -1.352169932201175984e-01 2.243380695968954175e+00 -3.513298099428134764e-03 9.980250554054040935e-01 6.265056527468373937e-02 1.020876578207420060e+00 1.357023372172743436e-01 -6.159238269680583633e-02 9.888111874854048633e-01 1.714548340523898418e+01
9.920217783363116659e-01 1.397255140301858004e-02 -1.250764241479316863e-01 1.805358078389881715e+00 -6.671576165939042263e-03 9.982646036962061764e-01 5.841628766482114682e-02 1.063620313505501125e+00 1.256773592296576980e-01 -5.711175842005088849e-02 9.903937260378560259e-01 1.796145104844325147e+01
9.921170744720435586e-01 1.409571655355289048e-02 -1.244690454602698781e-01 2.332290875486421111e+00 -6.809785802830514365e-03 9.982496464050081286e-01 5.869930052626974593e-02 1.100185092802865583e+00 1.250794301033908151e-01 -5.738767049480601040e-02 9.904765251060724252e-01 1.881730424498884346e+01
9.933143085245514925e-01 1.419390770253614945e-02 -1.144647200533491643e-01 1.822405178835793560e+00 -8.026937815389198483e-03 9.985025020004093532e-01 5.405053393163394143e-02 1.137853133452750853e+00 1.150618502281868100e-01 -5.276786768109921477e-02 9.919409833783903174e-01 1.982583087798651533e+01
9.938277147840861581e-01 1.337472357253027301e-02 -1.099880136304899336e-01 2.318502737143685266e+00 -7.647729352787728530e-03 9.986038449205351109e-01 5.219563531432735298e-02 1.168168030460140949e+00 1.105341067693881574e-01 -5.102917141386715399e-02 9.925426457893061771e-01 2.076746411728274921e+01
9.953051964465913226e-01 1.467514856862168517e-02 -9.538114172394142332e-02 1.771883513326348858e+00 -1.035967360017606663e-02 9.989123301727589332e-01 4.531926319942846532e-02 1.203768490180731288e+00 9.594574824947016412e-02 -4.411150341934121782e-02 9.943753960681807058e-01 2.165117782567346794e+01
9.963099152218154453e-01 1.193944369437006589e-02 -8.479025994880234895e-02 2.220855275466897094e+00 -8.512184588866466770e-03 9.991399994226792813e-01 4.046551172331108726e-02 1.238595712928451498e+00 8.520259866089550937e-02 -3.959024583884254711e-02 9.955552080170961826e-01 2.272838013227916676e+01
9.973028620076590522e-01 8.875072256146762997e-03 -7.250055234172811391e-02 1.791272845232216415e+00 -6.345956055546601859e-03 9.993712807065918691e-01 3.471035457119744927e-02 1.246326206482539778e+00 7.276547392686316673e-02 -3.415147228219089781e-02 9.967326895039195778e-01 2.309935020224249413e+01
9.982043967658617012e-01 5.220086286573310738e-03 -5.922430332972412892e-02 2.303160963711241127e+00 -3.517486783968210452e-03 9.995844552951830275e-01 2.839669679585886397e-02 1.267297004596241949e+00 5.934975475195547467e-02 -2.813354548875731179e-02 9.978082720386869386e-01 2.427906272205871829e+01
9.988281753947364505e-01 2.033117122711635208e-03 -4.776892442870208505e-02 1.873029556294502740e+00 -9.149795497805222238e-04 9.997319632782786236e-01 2.285087679497219831e-02 1.267804504881888672e+00 4.780341437025886764e-02 -2.277864201116245810e-02 9.985622086818741749e-01 2.462591538524569046e+01
9.991575893937669761e-01 -2.768929443996632697e-03 -4.038167260931888047e-02 2.411714140741649803e+00 3.564952589783898507e-03 9.998055279814583862e-01 1.911441098585242929e-02 1.269002712162716762e+00 4.031917469344749316e-02 -1.924583683732716127e-02 9.989736082412301599e-01 2.582592440326410355e+01
9.996901021383493013e-01 -2.311723403567326161e-03 -2.367992764918637819e-02 1.991966317884548365e+00 2.601446682494726846e-03 9.999282571806965558e-01 1.115437306523845221e-02 1.253702797614955733e+00 2.364984832868722783e-02 -1.121799949626353654e-02 9.996250193201756673e-01 2.613865240389621292e+01
9.999627935192344497e-01 6.101470312587108005e-04 5.625363007662407579e-03 2.576716185511750190e+00 -5.753526836570511125e-04 9.999913698201553514e-01 -2.668440801894213579e-03 1.210110756080551742e+00 -5.629033691748458294e-03 2.660708361395841982e-03 9.999549395773279503e-01 2.744236559268700049e+01
9.991756148956076888e-01 3.244222881255341868e-03 3.999135242439191829e-02 2.069907358587982582e+00 -2.458606847083474010e-03 9.998077799321535286e-01 -1.922894495824020375e-02 1.194803617139871710e+00 -4.004731531003126455e-02 1.911209427999048527e-02 9.989915969706399945e-01 2.781975400329102044e+01
9.975681701343482866e-01 2.149353697603236576e-03 6.942356844994072851e-02 2.636853576236389163e+00 2.023590499823568951e-04 9.994307752433175818e-01 -3.362371137756788031e-02 1.151565517930058125e+00 -6.945654836865323978e-02 3.355558021277949693e-02 9.969999993817031392e-01 2.917263149464568528e+01
9.956619909664473633e-01 6.772226323692099497e-04 9.280443992881846904e-02 2.174968678007461964e+00 3.540682672190286796e-03 9.989734352254332483e-01 -4.503642806801319565e-02 1.130014296115631867e+00 -9.273938796164686582e-02 4.517027668090771442e-02 9.946375258878926706e-01 2.947506974064717866e+01
9.946258261849798554e-01 -3.729918271567269142e-03 1.033498585921782953e-01 2.847037080332332160e+00 8.905650167404280740e-03 9.987291346564904915e-01 -4.956543274530731541e-02 1.069122771805867123e+00 -1.030331145841409252e-01 5.022079324419023022e-02 9.933949862296052036e-01 3.081692876162941985e+01
9.943379833679273361e-01 -2.815901572902373539e-03 1.060330277014970984e-01 2.578546591046218417e+00 8.251296885325738045e-03 9.986765978475982131e-01 -5.065708236083939220e-02 1.019962478426243546e+00 -1.057490053585249667e-01 5.124722094523962573e-02 9.930452632783408617e-01 3.129421776509565944e+01
9.953648487677596579e-01 -7.249134629784020033e-03 9.578313851694165992e-02 3.292283021639838658e+00 1.159948461149350012e-02 9.989246274176167839e-01 -4.482070592662996955e-02 9.668043562413646264e-01 -9.535408206911939744e-02 4.572618190895710866e-02 9.943787867731505026e-01 3.237367699574251390e+01
9.957883940794270972e-01 -9.913793512091673490e-03 9.095778059729071885e-02 2.984217146363539186e+00 1.379698644939209885e-02 9.990189193302442261e-01 -4.198112065012675476e-02 9.231501335256074858e-01 -9.045025056803737695e-02 4.306361945162529015e-02 9.949486151067169493e-01 3.283744742665389538e+01
9.960588701632067110e-01 -1.177228425203052931e-02 8.765670949150140834e-02 3.667895542977254397e+00 1.532148384701124445e-02 9.990894047360565633e-01 -3.971431905133399054e-02 8.434868155805048673e-01 -8.710673663949132506e-02 4.090715034229851221e-02 9.953328633301070649e-01 3.392280404381837400e+01
9.947262321667286189e-01 -1.421193596301461790e-02 1.013516047607022907e-01 3.285463718628212071e+00 1.893716684336111886e-02 9.987745943795228731e-01 -4.560953500084299894e-02 8.094427038829880017e-01 -1.005757137236301113e-01 4.729603283586400475e-02 9.937776349100475581e-01 3.464004053216506662e+01
9.946529467407252412e-01 -1.524961130772004535e-02 1.020170658676200631e-01 3.921668495458198844e+00 1.996577895556583479e-02 9.987730473467085757e-01 -4.524535871604799114e-02 7.446551906318867875e-01 -1.011999507301488271e-01 4.704422665864770731e-02 9.937374900090936158e-01 3.553922453130542891e+01
9.937495744895933347e-01 -1.106829566299717856e-02 1.110026758595990676e-01 3.431174348478994940e+00 1.670581297663169956e-02 9.986119417112460095e-01 -4.990942855306815251e-02 7.159198193047270342e-01 -1.102952934646281719e-01 5.145371875340878920e-02 9.925551708108798499e-01 3.623297844043630533e+01
9.940688761156799558e-01 -7.878691655481355124e-03 1.082523464130830254e-01 4.156681816602222135e+00 1.322195879194477085e-02 9.987290465133403794e-01 -4.854439807214978170e-02 6.633006541958053059e-01 -1.077304799019678933e-01 4.969202985900091768e-02 9.929100160420920584e-01 3.709496662756007623e+01
9.934722884130967602e-01 -9.457633373403270122e-03 1.136053941988590665e-01 3.654532008605917426e+00 1.528838642658009866e-02 9.986055174603725160e-01 -5.048928847526085867e-02 6.115050517680726827e-01 -1.129684516308459286e-01 5.189866863960213711e-02 9.922316290172779052e-01 3.775548970708189245e+01
9.929176963163036662e-01 -1.237073860511984577e-02 1.180042638377651332e-01 4.393301242853581812e+00 1.858913229528436420e-02 9.984907914939906703e-01 -5.159554137202704283e-02 5.563983824544886936e-01 -1.171856974329117534e-01 5.342834305611842555e-02 9.916497859819727312e-01 3.869245921875965877e+01
9.919552881406925593e-01 -1.313623137326385901e-02 1.258460031730383177e-01 3.938906592148363472e+00 2.017448413609034680e-02 9.982940182035976440e-01 -5.477162129620727349e-02 4.992491018645481837e-01 -1.249112237720779034e-01 5.687150898848878505e-02 9.905282553202914286e-01 3.947198946478619064e+01
9.918741198665671499e-01 -1.190327161416988855e-02 1.265450805415452018e-01 4.625198193354147058e+00 1.903420636379102304e-02 9.982916063669934337e-01 -5.516851043716563402e-02 4.503008768957079688e-01 -1.256703577478957834e-01 5.713246151926819338e-02 9.904066166390592674e-01 4.038615116680684025e+01
9.918179528318405991e-01 -1.436401009508346885e-02 1.267403244946614937e-01 4.134818842320358456e+00 2.145505031937327417e-02 9.982713615598003409e-01 -5.464780633848353997e-02 3.827122074614480174e-01 -1.257345081755657790e-01 5.692316905096635182e-02 9.904120989536961961e-01 4.124027548566248669e+01
9.927113346052243159e-01 -1.324185020328449112e-02 1.196917057250954514e-01 4.820095505499469191e+00 1.956033435048850841e-02 9.984695178490664569e-01 -5.166668635067089843e-02 3.316502175892724336e-01 -1.188227379105817605e-01 5.363431934844750670e-02 9.914513077324770274e-01 4.214603786702917176e+01
9.927325525733298184e-01 -1.154042436388932023e-02 1.196192218634925530e-01 4.335385018349872333e+00 1.786885598567194630e-02 9.984925722950007687e-01 -5.182460467311012647e-02 2.652939614541968139e-01 -1.188388744616893505e-01 5.359010314933767422e-02 9.914427385006577831e-01 4.302936499744929932e+01
9.937800140014272365e-01 -9.701221658367346207e-03 1.107055006245970391e-01 5.032775103463221100e+00 1.513822532552291066e-02 9.987191667286700048e-01 -4.819122531904570378e-02 2.037221092744426476e-01 -1.100939642998240431e-01 4.957293010854134374e-02 9.926545539538933483e-01 4.402957897360947470e+01
9.937635266517117483e-01 -7.776989744301590624e-03 1.111019919025585667e-01 4.553053880794631247e+00 1.327884933919312727e-02 9.987197638453023663e-01 -4.875765689050224477e-02 1.518099251761244051e-01 -1.105793970188343606e-01 4.993174309181337006e-02 9.925950443113357169e-01 4.487957185874859078e+01
9.945531636878190973e-01 -3.854519160535338322e-03 1.040888900413088070e-01 5.212797212797181778e+00 8.693107309996204318e-03 9.989017381365619119e-01 -4.599837438853682237e-02 9.118338189690537721e-02 -1.037967151200539229e-01 4.665380600768521957e-02 9.934944823881132203e-01 4.594167618399079345e+01
9.944780976645051229e-01 1.015251291554614653e-03 1.047809155528374864e-01 4.711568026440931867e+00 3.904841945860903531e-03 9.989027630208540121e-01 -4.659989405005931368e-02 4.331323578008552944e-02 -1.047130548122697929e-01 4.675222244046919190e-02 9.933829146633044171e-01 4.679381365371696688e+01
9.949368987362305905e-01 3.638522808566442470e-03 1.003190138203154114e-01 5.381152459681224798e+00 8.459045554511099903e-04 9.990058861473177787e-01 -4.452456002025226983e-02 -6.275839496640983617e-03 -1.003814288660561244e-01 4.438370236598369878e-02 9.939446572284207360e-01 4.787706872763629917e+01
9.945520585720413198e-01 5.547551457765007715e-03 1.039844808397383247e-01 4.920715829395988727e+00 -7.497403771536146960e-04 9.989376365772094646e-01 -4.602622904268131171e-02 -6.932427751653189030e-02 -1.041296803342869198e-01 4.569681565963684688e-02 9.934998029891771720e-01 4.881032691441708948e+01
9.950293765614244279e-01 4.612176136767289283e-03 9.935239126797751341e-02 5.597467659650986249e+00 -2.672713176710232448e-04 9.990468911511755090e-01 -4.360288716549862859e-02 -1.183469011630631229e-01 -9.945901781229839200e-02 4.335911095799704212e-02 9.940822563238078668e-01 4.987407780532087287e+01
9.947474413150663164e-01 5.968025210804106875e-03 1.020337644828529927e-01 5.157360142190853480e+00 -1.412551088717307109e-03 9.990040273018520045e-01 -4.452744807184987053e-02 -1.919443929574098928e-01 -1.021984365583033377e-01 4.414822234800860890e-02 9.937653518138377384e-01 5.085736387461169983e+01
9.952450686776269650e-01 4.365759448068145393e-03 9.716289663081793815e-02 5.827464722491907168e+00 -2.738467307346822976e-04 9.991163876523956322e-01 -4.196290599095636731e-02 -2.299314723119701975e-01 -9.726057167240483026e-02 4.173607988200256358e-02 9.943670073197276027e-01 5.192947705611446452e+01
9.947256348765035616e-01 6.467428745118249112e-03 1.022042437852292013e-01 5.400949158094829450e+00 -1.966855631522134058e-03 9.990292674484231306e-01 -4.394535203589303163e-02 -3.131224145533607062e-01 -1.023897481694222705e-01 4.351132343200744129e-02 9.937730045697577008e-01 5.290903314090832765e+01
9.953421034228593367e-01 6.280767284633847342e-03 9.594408901672139833e-02 6.055680514248803270e+00 -2.340160444872515545e-03 9.991554336152387306e-01 -4.091320193730408478e-02 -3.563652831499994900e-01 -9.612093026977230892e-02 4.049601610621338804e-02 9.945163732554812563e-01 5.402381841692881892e+01
9.950781597670982359e-01 6.942407188523072419e-03 9.858369066522179591e-02 6.009288859291620710e+00 -2.815248252542606414e-03 9.991206087159274496e-01 -4.170879667278951791e-02 -4.104908339399520600e-01 -9.878774978283459685e-02 4.122332443252853945e-02 9.942228504554205815e-01 5.504361091512490844e+01
9.946195430106734570e-01 9.340906587996907623e-03 1.029040628828303966e-01 5.700888817691057930e+00 -4.880429139299895767e-03 9.990456527929851838e-01 -4.329576960047446660e-02 -4.863721981710015241e-01 -1.032117277012802314e-01 4.255709896493753419e-02 9.937162028741675091e-01 5.603075790961154468e+01
9.955590966544713982e-01 8.384546196219267930e-03 9.342171835441509531e-02 6.315742026888234939e+00 -4.732392241103275561e-03 9.992236638627026712e-01 -3.896237207959344501e-02 -5.416908973990730569e-01 -9.367779689326047321e-02 3.834267910688448494e-02 9.948262425498426431e-01 5.718474771248675381e+01
9.956916601659517863e-01 8.126502916620606531e-03 9.209989279861768852e-02 6.249067938434780700e+00 -4.619758584824136885e-03 9.992624929756337426e-01 -3.802283908805203366e-02 -6.016986300334936644e-01 -9.234218756558999763e-02 3.743033164987557421e-02 9.949951924470987752e-01 5.822795451195514005e+01
9.957411662641945105e-01 7.805087616067542082e-03 9.161681771781363115e-02 6.126456323301055384e+00 -4.350627731205695091e-03 9.992777295420548489e-01 -3.765507516993188419e-02 -6.711543208798820270e-01 -9.184568028487319347e-02 3.709324853544202633e-02 9.950562155829112410e-01 5.926220977232960507e+01
9.964189536239855816e-01 7.166932519700228155e-03 8.409081778470171853e-02 6.476154536094833603e+00 -4.284253605218186350e-03 9.994007318215699653e-01 -3.428813673193639028e-02 -7.253158246551505428e-01 -8.428690809974057063e-02 3.380319900118935322e-02 9.958525920050064206e-01 6.032875291339564683e+01
9.963656116199403057e-01 6.797609523648059406e-03 8.473483141947694974e-02 6.528867934917013116e+00 -3.874335045004266825e-03 9.993955101023699328e-01 -3.447948927896580390e-02 -7.826608513311582582e-01 -8.491872393365232363e-02 3.402402999844673925e-02 9.957897410668440363e-01 6.133923660254937715e+01
9.962650954356145894e-01 7.076712494421676970e-03 8.580561764976472883e-02 6.431180530757486302e+00 -3.996250242239383736e-03 9.993466674360359514e-01 -3.581213677549526658e-02 -8.490807311700003801e-01 -8.600417974284496614e-02 3.533264317021631018e-02 9.956427456236804918e-01 6.235138692595159426e+01
9.963564874042373232e-01 7.137633428849085582e-03 8.487807696642657440e-02 6.612024518084090197e+00 -4.129770575568071124e-03 9.993604844566531531e-01 -3.546090688378857048e-02 -9.038429122466968835e-01 -8.507751624888421071e-02 3.497987559733956725e-02 9.957488947048140915e-01 6.339657156896515033e+01
9.961779166426687482e-01 8.343568568295012602e-03 8.667706741695029027e-02 6.773558754447608798e+00 -5.174214151465594304e-03 9.993159353783157561e-01 -3.648291713370381550e-02 -9.567241989249701817e-01 -8.692391641102917288e-02 3.589114021204321131e-02 9.955398808700987034e-01 6.440606258800934825e+01
9.954074552371656726e-01 1.040608009831877137e-02 9.498224688040238228e-02 6.714606510507048043e+00 -6.594973122554410698e-03 9.991666226438177256e-01 -4.020652698561093252e-02 -1.027787787649169227e+00 -9.532271055141020022e-02 3.939245637328870481e-02 9.946468393439008571e-01 6.543693129219386151e+01
9.951487433027272900e-01 1.059250907496103386e-02 9.766033194565543196e-02 6.887840231529982482e+00 -6.592925624497443689e-03 9.991321959348087312e-01 -4.106490087010818135e-02 -1.076999369678669938e+00 -9.801148270659024164e-02 4.021960766493241912e-02 9.943549583988779972e-01 6.645912475717778989e+01
9.952646517355195899e-01 9.045943031933704678e-03 9.655173879983103280e-02 7.090227157509976230e+00 -5.226767209915050838e-03 9.992000748717154712e-01 -3.955298723279477430e-02 -1.135475608850840201e+00 -9.683371075697429220e-02 3.885758377622169218e-02 9.945159838992041479e-01 6.749035223938025752e+01
9.945058458716822258e-01 1.063008871199195085e-02 1.039974913810035179e-01 7.099646643265627333e+00 -6.321950046416579573e-03 9.991138478821622870e-01 -4.155316884847481268e-02 -1.186658725005036219e+00 -1.043479447939729826e-01 4.066515537868593128e-02 9.936917290710152173e-01 6.849085830405473985e+01
9.939603366293877640e-01 1.055099594252092640e-02 1.091062954463551393e-01 7.221101866979656947e+00 -5.950242502683346889e-03 9.990846158005606270e-01 -4.229017760315590541e-02 -1.257707020410657073e+00 -1.094537991756579648e-01 4.138299474801584305e-02 9.931132993324419678e-01 6.952588089613639966e+01
9.933748287291086498e-01 1.084927627450972369e-02 1.142700364735442925e-01 7.388357378859542912e+00 -5.871717346784318531e-03 9.990249071319590168e-01 -4.369964674243579511e-02 -1.324488032779707947e+00 -1.146337070049157636e-01 4.273666496723060176e-02 9.924699230859236332e-01 7.052637347742683005e+01
9.927381191277738770e-01 1.192220390712226200e-02 1.195790872396482046e-01 7.426563828947644552e+00 -6.531058306978023906e-03 9.989506725107548668e-01 -4.529174233588818127e-02 -1.385506804877313813e+00 -1.199943167707293590e-01 4.417974878666294791e-02 9.917743169010528881e-01 7.148490314629044917e+01
9.921139440075751326e-01 1.358131607137926487e-02 1.245633634628461189e-01 7.545852388052614046e+00 -7.817477208495314522e-03 9.988815274120859122e-01 -4.660637321230291785e-02 -1.453777668956813818e+00 -1.250575708783722984e-01 4.526393033768322249e-02 9.911105585676742713e-01 7.249601313564946281e+01
9.918758337228323896e-01 1.401771619895574202e-02 1.264017456541566276e-01 7.699518577933645247e+00 -8.180447222749857167e-03 9.988814840081930990e-01 -4.655552268114235281e-02 -1.524852552541075434e+00 -1.269134462166854882e-01 4.514205642915913863e-02 9.908812330273366609e-01 7.349674157820854248e+01
9.916456869831020704e-01 1.212010910521504545e-02 1.282820666298129519e-01 7.825553784122752710e+00 -6.743622561643181079e-03 9.990855489175993753e-01 -4.218302450398129372e-02 -1.581148990137937416e+00 -1.286767945879774278e-01 4.096284970603122910e-02 9.908209477273811627e-01 7.449286982643755550e+01
9.920776269560885874e-01 1.168177106145539164e-02 1.250567255788664345e-01 7.985976683028525258e+00 -7.417814632284741062e-03 9.993771639181578958e-01 -3.449777453760383139e-02 -1.641115738158819282e+00 -1.253819015658905744e-01 3.329642102272923482e-02 9.915464412729705357e-01 7.548393768948665183e+01
9.920635463395378606e-01 1.072614571023494494e-02 1.250698098819708337e-01 8.116467411400757115e+00 -7.091675533294248580e-03 9.995418870186250082e-01 -2.936929509600523167e-02 -1.688342868300586552e+00 -1.253284103490426016e-01 2.824561141456009838e-02 9.916853581533729978e-01 7.644962544210260091e+01
9.916585324548510272e-01 1.044266933410259099e-02 1.283873912185971300e-01 8.214185515827619355e+00 -6.619036400303765846e-03 9.995232848007885584e-01 -3.013050936958070955e-02 -1.750479504978357914e+00 -1.286412257716983976e-01 2.902779464239283944e-02 9.912551377194889213e-01 7.741831791841363497e+01
9.910492465675124762e-01 1.064939074185827263e-02 1.329158542312401381e-01 8.322772287409479830e+00 -6.148523901663018910e-03 9.993963956486427991e-01 -3.414231161864267339e-02 -1.809097939006432787e+00 -1.332000403168213110e-01 3.301650426925500925e-02 9.905167534518747319e-01 7.837839678950894040e+01
9.911011607582366212e-01 6.097679604287631165e-03 1.328946743935819630e-01 8.458892195884445186e+00 -1.306093856520786512e-03 9.993475703779115538e-01 -3.607054262040650106e-02 -1.869077481674803920e+00 -1.330281607847030589e-01 3.557513095643752982e-02 9.904626429559543199e-01 7.934110447901106511e+01
9.912003976388850113e-01 1.585265531896280907e-03 1.322351125674184891e-01 8.597701215908521988e+00 3.195889754976763333e-03 9.993502184193657767e-01 -3.587783006458625246e-02 -1.914168332233751935e+00 -1.322060057089932961e-01 3.598501082414450741e-02 9.905513140831984087e-01 8.031625404411435909e+01
9.913774187352460965e-01 1.063137863153432866e-03 1.309417909118797407e-01 8.719715815243910484e+00 3.445180735328510265e-03 9.994098901941841362e-01 -3.414956566795680076e-02 -1.965140742928112028e+00 -1.309008118583655511e-01 3.430639493759208430e-02 9.907886569519177566e-01 8.127926647783517922e+01
9.914831952672382709e-01 3.247196512047741384e-03 1.300267685003549667e-01 8.846645535953165052e+00 8.045634244672371848e-04 9.995172446330512495e-01 -3.101946660795076860e-02 -2.010094330637085758e+00 -1.300648245302337414e-01 3.085944224729508106e-02 9.910019376097816135e-01 8.222606980361913998e+01
9.918861444019784201e-01 2.805741609138056453e-03 1.269343089843243955e-01 8.969176747451809817e+00 5.007820999247639560e-04 9.996623558213659777e-01 -2.594491524791775472e-02 -2.041808551234162383e+00 -1.269643749775790642e-01 2.579759698530617595e-02 9.915498874948565078e-01 8.319565789214247786e+01
9.916190516351072182e-01 9.715981931948641792e-03 1.287059475157611987e-01 9.060061666998347363e+00 -6.635597644744444489e-03 9.996821774420194817e-01 -2.429232046557778038e-02 -2.082010037912042311e+00 -1.289015408754866643e-01 2.323246139805310376e-02 9.913683628265602676e-01 8.412842936710248409e+01
9.917980519749807211e-01 1.491803122386755644e-02 1.268031967547837147e-01 9.156752905360235673e+00 -1.215526832654880048e-02 9.996725473630377889e-01 -2.248877309719497439e-02 -2.120591442653061875e+00 -1.270977188870325014e-01 2.075981131370781968e-02 9.916547892842656475e-01 8.509363254916297592e+01
9.922515093648592854e-01 1.515884109224573117e-02 1.230860615197982705e-01 9.280436821759112220e+00 -1.273720330353324097e-02 9.997103115390517658e-01 -2.036791076108283166e-02 -2.175560666169992441e+00 -1.233602560866940978e-01 1.863560498402479573e-02 9.921578327978713974e-01 8.604936606089763984e+01
9.926171825454569442e-01 1.355740687251434824e-02 1.203744001635593946e-01 9.387625654867960634e+00 -1.129272267831207127e-02 9.997467843501440798e-01 -1.943133225122535210e-02 -2.231277567628876302e+00 -1.206078663721123351e-01 1.792507307445561499e-02 9.925192223057542895e-01 8.698753938927613660e+01
9.932990497184154277e-01 1.154773768317014435e-02 1.148188516337592807e-01 9.486252738862162914e+00 -9.320252741206236369e-03 9.997585970668536604e-01 -1.986924443638644899e-02 -2.270171778960977882e+00 -1.150210930116446206e-01 1.866237880919087086e-02 9.931670641560457202e-01 8.794360463161275732e+01
9.944075712679569801e-01 8.870612959008117651e-03 1.049850166156010151e-01 9.588254936061126443e+00 -6.900054611518529474e-03 9.997942484115736050e-01 -1.903311039831615328e-02 -2.316616583619822478e+00 -1.051329069106987507e-01 1.819842877361789804e-02 9.942642643239181233e-01 8.888188701222985344e+01
9.953967046229991178e-01 5.768889635244212402e-03 9.545832218288928528e-02 9.677123715900050271e+00 -4.119001467719990948e-03 9.998394490333329943e-01 -1.739999289192709075e-02 -2.366082251690473370e+00 -9.554372552318693423e-02 1.692463369457005568e-02 9.952607201992588193e-01 8.981661099394636949e+01
9.963086094885011956e-01 3.676901129253395961e-03 8.538199181256744819e-02 9.751059297507115531e+00 -2.305772187246341032e-03 9.998680182216354018e-01 -1.600802044091908377e-02 -2.402580163971479443e+00 -8.543001160393316751e-02 1.574978408205331831e-02 9.961856331083452920e-01 9.077090961814487002e+01
9.972847272394019802e-01 3.905466205384065023e-03 7.327062335221949663e-02 9.798955792331327075e+00 -2.856425346721662342e-03 9.998927436788325185e-01 -1.431091086193848200e-02 -2.413908050568832397e+00 -7.331903283757741641e-02 1.406088759929801334e-02 9.971888172668852413e-01 9.171091672479491308e+01
9.981619327978389355e-01 3.429565240027806095e-03 6.004557118834538687e-02 9.850199425761118732e+00 -2.724681904121886364e-03 9.999274990243067762e-01 -1.164296620906349333e-02 -2.456564133507172176e+00 -6.008168153771016595e-02 1.145513931080876201e-02 9.980988511444683908e-01 9.265209753321261132e+01
9.988398908612814431e-01 2.752947023542373292e-03 4.783943784167581093e-02 9.888605386981835110e+00 -2.307857371407299844e-03 9.999539464278228706e-01 -9.267000216949344837e-03 -2.480559404391990519e+00 -4.786298417162251212e-02 9.144614729006378395e-03 9.988003404338268165e-01 9.359722894259363102e+01
9.993817127343462836e-01 1.884702084505436538e-03 3.447297546949980307e-02 9.903469013052157877e+00 -1.646691308485435804e-03 9.999754947543304517e-01 -6.684509212943797081e-03 -2.499962609037701622e+00 -3.448517317090309814e-02 6.621351855227656201e-03 9.993601601604019669e-01 9.453252344559034270e+01
9.997473394152698312e-01 1.020968308793276024e-03 2.135974425016168646e-02 9.922264488942222016e+00 -9.233044904719109238e-04 9.999900921274977872e-01 -4.147999872084361626e-03 -2.537957801903040433e+00 -2.136420056640576937e-02 4.125050973640573444e-03 9.997382860017883788e-01 9.548497913528289871e+01
