1.0 0.0 0.0 0.0 0.0 1.0 0.0 0.0 0.0 0.0 1.0 0.0
0.12711503 0.9914161 0.030093428 7.283081 -0.99180484 0.12740262 -0.00782805 5.729248 -0.011601116 -0.02885482 0.99951637 0.006225586
-0.33200318 0.9421686 0.041933358 13.314209 -0.94309235 -0.33147264 -0.019222237 0.04724121 -0.0042068274 -0.04595415 0.9989349 -0.2097168
-0.9396357 0.3362816 0.0434186 14.981079 -0.33828261 -0.93845695 -0.05243872 -6.659912 0.023151603 -0.06404861 0.99767774 -0.4880371
-0.98781526 0.15403925 0.043992933 10.593506 -0.15630658 -0.9869705 -0.053859323 -11.093506 0.035100892 -0.06001314 0.9975804 -0.54125977
-0.91340446 -0.40633097 0.024385383 6.3272705 0.4044513 -0.9126897 -0.05851714 -14.548462 0.046016388 -0.04357985 0.9979891 -0.5361328
-0.66302633 -0.7486298 0.013492293 1.6011963 0.74737036 -0.6627902 -0.04876756 -14.678711 0.045450643 -0.022259546 0.99871874 -0.39196777
-0.1395626 -0.9901712 0.0016200859 -1.8981934 0.98953855 -0.13953178 -0.035536684 -12.763306 0.035428178 -0.0033636568 0.99936664 -0.29003906
0.09076678 -0.9958265 -0.0009748434 -3.4968262 0.99553704 0.09076381 -0.024037872 -9.583984 0.024028726 0.0012186047 0.9997106 -0.15185547
0.4184734 -0.9081951 0.0038450002 -3.8486328 0.9081638 0.41841206 -0.011080797 -7.126709 0.008458056 0.0081275925 0.99993116 -0.11584473
0.5787541 -0.8153553 0.017289745 -3.098999 0.8154906 0.5788198 -0.0014222581 -5.554199 -0.008848509 0.014919341 0.9998496 -0.07885742
0.54014915 -0.8413562 0.022791125 -2.9709473 0.84158605 0.54027134 -0.00093570724 -5.4213867 -0.011524184 0.019689988 0.9997397 -0.08178711
0.6609777 -0.75006455 0.02638854 -2.6583252 0.75025135 0.6612809 0.003941171 -5.1555176 -0.020403076 0.01719118 0.999644 -0.07446289
0.63351345 -0.77332735 0.026733639 -2.5751953 0.77349424 0.63384765 0.005710451 -4.968994 -0.021361716 0.017053114 0.9996265 -0.099121094
0.7432716 -0.66809964 0.034520045 -2.2098389 0.6682534 0.7438853 0.008567754 -4.772705 -0.03140387 0.016700026 0.99936736 -0.0925293
0.72138655 -0.6914451 0.03878053 -2.1188965 0.691764 0.72209215 0.0066469125 -4.567871 -0.032600384 0.022031745 0.99922574 -0.107055664
0.8169969 -0.57492805 0.045066983 -1.6374512 0.57522976 0.8179945 0.00725447 -4.447754 -0.041036725 0.019994702 0.9989577 -0.103393555
0.79982966 -0.5982542 0.04665723 -1.4932861 0.5987357 0.8008172 0.004412394 -4.199585 -0.040003866 0.024412412 0.9989013 -0.123291016
0.87705857 -0.4778349 0.048772268 -1.0054932 0.47822294 0.8781923 0.0041308105 -4.1619873 -0.04480714 0.019702764 0.99880165 -0.13916016
0.8644707 -0.500239 0.049338903 -0.8450928 0.50054955 0.86567235 0.00673908 -3.8701172 -0.046082415 0.018876815 0.9987589 -0.16772461
0.9239161 -0.37913066 0.050868228 -0.2664795 0.37925085 0.9252348 0.007645782 -3.8726807 -0.049964048 0.012234583 0.99867564 -0.1854248
0.91095287 -0.40922156 0.051789 -0.05432129 0.40935612 0.91232497 0.008472515 -3.583252 -0.050714485 0.013489686 0.99862134 -0.20544434
0.95526886 -0.2905871 0.05486639 0.583374 0.2905944 0.95680696 0.008021568 -3.6262207 -0.054827984 0.008281073 0.99846166 -0.23046875
0.9442789 -0.3245109 0.054761063 0.86865234 0.32447562 0.9458278 0.009788292 -3.314331 -0.054970015 0.008533353 0.99845064 -0.2545166
0.97596985 -0.21077998 0.054886226 1.5375977 0.21067922 0.9775048 0.007684507 -3.4295654 -0.055271897 0.0040741977 0.9984616 -0.28515625
0.9666326 -0.2506982 0.05218672 1.8699951 0.25080976 0.9680016 0.0045166817 -3.0257568 -0.051648073 0.008731167 0.9986263 -0.31799316
0.9844679 -0.16837683 0.049226694 2.3398438 0.16856967 0.98566633 0.0002499004 -3.4240723 -0.048562255 0.008064 0.998786 -0.33496094
0.98096514 -0.18742076 0.050394006 2.9853516 0.18775818 0.9821932 -0.001992288 -2.8233643 -0.049121752 0.011425197 0.9987264 -0.37182617
0.984508 -0.16858062 0.047704376 3.545288 0.16897033 0.98558897 -0.0042035617 -3.1115723 -0.046305463 0.012212052 0.9988507 -0.39782715
0.9872724 -0.15165956 0.047651738 4.20813 0.15209983 0.9883386 -0.0057159057 -2.6468506 -0.046227545 0.012898298 0.99884623 -0.4404297
0.988238 -0.14458872 0.04911643 4.8112793 0.14509624 0.98936254 -0.0068707587 -2.9370117 -0.04759615 0.013935934 0.9987662 -0.45629883
0.9900496 -0.13206023 0.04816233 5.5195312 0.13252556 0.9911381 -0.0065613315 -2.5007324 -0.04686623 0.0128907105 0.9988161 -0.50634766
0.9893933 -0.13558848 0.051849816 6.107544 0.13597743 0.990691 -0.004017884 -2.8218994 -0.05082097 0.011034685 0.9986452 -0.522583
0.99033284 -0.12891246 0.05079934 6.860718 0.1292983 0.99157757 -0.0043433607 -2.3579102 -0.04980922 0.010883484 0.99869674 -0.5650635
0.98958045 -0.13325429 0.054096233 7.447876 0.13356599 0.99101657 -0.0021521505 -2.734375 -0.053322032 0.009371031 0.99853027 -0.58081055
0.9903519 -0.12791921 0.052951634 8.191895 0.12827949 0.99171627 -0.0034309053 -2.2017822 -0.052072637 0.01020218 0.9985888 -0.6335449
0.9883515 -0.14032792 0.058569077 8.771606 0.14065568 0.99004126 -0.0014727828 -2.6467285 -0.057777703 0.009708607 0.9982787 -0.63916016
0.9887218 -0.1378949 0.0581795 9.58252 0.13820675 0.99039054 -0.0013384318 -2.1082764 -0.057434853 0.009375443 0.9983024 -0.70251465
0.9866247 -0.14985304 0.06378813 10.328247 0.14999029 0.988663 0.002670271 -2.5848389 -0.06346463 0.0069480943 0.9979571 -0.7261963
0.985849 -0.15394685 0.06593787 10.921387 0.15413088 0.98802274 0.0023286005 -2.0738525 -0.06550632 0.007883643 0.9978184 -0.77612305
0.98460263 -0.1602154 0.06971132 11.821289 0.16026352 0.9870506 0.0049455576 -2.557129 -0.06960064 0.00631525 0.9975515 -0.814209
0.98445535 -0.16091543 0.069976 12.282349 0.16110657 0.9869082 0.0029586665 -1.9418945 -0.06953485 0.008381674 0.99753964 -0.86279297
0.9855251 -0.1550881 0.06816396 13.500244 0.1552019 0.9878592 0.0036667006 -2.4312744 -0.06790453 0.006982513 0.99766296 -0.92163086
0.98680156 -0.14826486 0.06502066 14.087036 0.14837188 0.9889222 0.0032109574 -1.8564453 -0.064776145 0.0064850836 0.99787664 -0.96765137
0.98752743 -0.14377055 0.06393983 15.252441 0.1437924 0.989585 0.004289899 -2.3293457 -0.06389059 0.0049681873 0.99794257 -1.0319824
0.98860854 -0.13760124 0.060707796 16.10437 0.13738695 0.99047303 0.0077111535 -1.9138184 -0.061191276 0.00072904746 0.9981233 -1.0783691
0.9888039 -0.13621014 0.06057952 17.141968 0.13579436 0.99065864 0.01094259 -2.3105469 -0.06150579 -0.0025766706 0.99809927 -1.1298828
0.9903846 -0.12617064 0.056174584 17.957642 0.1256327 0.99196446 0.013004642 -1.8701172 -0.05736777 -0.0057991436 0.99833107 -1.1757812
0.9904673 -0.12557583 0.05645489 18.812256 0.12502846 0.9920599 0.013132117 -2.3980713 -0.057656545 -0.0059398115 0.99831605 -1.2220459
0.9919319 -0.11552996 0.051908165 19.820679 0.114987515 0.99326605 0.013311411 -1.8863525 -0.053098604 -0.00722282 0.99855983 -1.2636719
0.9925344 -0.11098615 0.050201233 20.760864 0.11049068 0.9937829 0.012527844 -2.3824463 -0.051282402 -0.00687306 0.9986569 -1.3046875
0.99436677 -0.09636113 0.043393657 21.644287 0.09583719 0.9952717 0.01394527 -1.8321533 -0.04453873 -0.009682765 0.9989545 -1.3438721
0.99554896 -0.08557047 0.03894788 22.719727 0.08518981 0.99628323 0.011293002 -2.279419 -0.03977332 -0.0079076355 0.9991729 -1.3908691
0.9967287 -0.073076494 0.033597704 23.090698 0.0728343 0.9972831 0.008324667 -1.8465576 -0.0341196 -0.0058265515 0.999395 -1.3994141
0.99780643 -0.059595004 0.027675755 24.268555 0.059483983 0.998191 0.0047726044 -2.3562012 -0.027913596 -0.003091218 0.9995997 -1.4342041
0.99856174 -0.047989525 0.022404278 24.6156 0.04796372 0.9988193 0.001673786 -1.9230957 -0.022459475 -0.00057002716 0.9997413 -1.4353027
0.9989746 -0.04044831 0.018920967 25.814209 0.040515494 0.9991511 -0.0030716173 -2.461792 -0.018776746 0.0038564438 0.999811 -1.4498291
0.9996255 -0.023721777 0.011024997 26.127075 0.023753427 0.99968773 -0.0024879258 -2.0371094 -0.010956651 0.002773461 0.99993014 -1.435791
0.999955 0.005646399 -0.0026139542 27.428955 -0.005642541 0.9999625 0.0006513046 -2.614502 0.0026222542 -0.0006170133 0.9999916 -1.4099121
0.9989925 0.04018315 -0.018777803 27.80664 -0.040122457 0.99916923 0.0035337196 -2.0968018 0.018907174 -0.002758976 0.99981326 -1.3984375
0.99700063 0.06972483 -0.03297542 29.158447 -0.06967534 0.9975493 0.0026464565 -2.6567383 0.033079825 -0.0003254423 0.999449 -1.373291
0.9946368 0.093122214 -0.044392448 29.461914 -0.09315556 0.99562836 0.0013356777 -2.1878662 0.044322383 0.002828896 0.9990078 -1.3537598
0.99339044 0.10349117 -0.04936132 30.802979 -0.10376514 0.994585 -0.0030000946 -2.8596191 0.048782557 0.008112146 0.9987745 -1.3084717
0.9930412 0.106211014 -0.050362255 31.281128 -0.10645091 0.994295 -0.00206871 -2.5914307 0.04985332 0.007436267 0.9987236 -1.2606201
0.99437237 0.095793515 -0.04494019 32.359497 -0.09618393 0.9953308 -0.0065722032 -3.3112793 0.044098638 0.010868926 0.9989651 -1.2182617
0.9949409 0.09088258 -0.042325113 32.824097 -0.09135355 0.99575824 -0.009270349 -3.0062256 0.04129887 0.013106111 0.9990568 -1.1741943
0.9953243 0.08753162 -0.04020104 33.90869 -0.08804669 0.99603146 -0.011152571 -3.6937256 0.03905943 0.014658084 0.99912536 -1.1063232
0.99376553 0.10107507 -0.046477534 34.626953 -0.101803765 0.9946898 -0.013499832 -3.3084717 0.044858832 0.018167138 0.9988231 -1.0758057
0.9937246 0.10170387 -0.04622233 35.52539 -0.102473065 0.9946167 -0.01453422 -3.9466553 0.04449142 0.019191775 0.9988222 -1.0218506
0.9925442 0.11081345 -0.05054423 36.220337 -0.111468084 0.99370575 -0.010292595 -3.4543457 0.049083754 0.01585824 0.99866676 -0.99523926
0.9929019 0.10821192 -0.048799068 37.0813 -0.10868626 0.9940271 -0.007122497 -4.182495 0.04773305 0.012395291 0.99877894 -0.9536133
0.99222165 0.113480896 -0.05096267 37.743164 -0.1140648 0.9934268 -0.008666461 -3.6802979 0.04964214 0.014420255 0.998661 -0.90270996
0.99163675 0.11773168 -0.05246053 38.6792 -0.118491225 0.99286944 -0.011551734 -4.419922 0.050721962 0.01768795 0.9985521 -0.85998535
0.9905133 0.12549502 -0.055836704 39.460083 -0.12636282 0.9919007 -0.012266219 -3.9648438 0.053843707 0.019211061 0.99836355 -0.80529785
0.9903927 0.12624887 -0.056088537 40.37329 -0.12705697 0.99181867 -0.011028905 -4.652832 0.054233667 0.018064518 0.998361 -0.76794434
0.9903959 0.12632695 -0.055883333 41.22876 -0.12726411 0.99176306 -0.013489012 -4.164673 0.053715624 0.020485558 0.99834245 -0.7017822
0.9914373 0.11937658 -0.05265373 42.133423 -0.12018483 0.9926624 -0.012413009 -4.854248 0.05078243 0.018646885 0.9985325 -0.6611328
0.9914302 0.11938142 -0.052606117 43.018066 -0.12010252 0.99268335 -0.01071218 -4.371582 0.05093807 0.01695504 0.9985543 -0.5966797
0.9926448 0.110586695 -0.048662625 44.017212 -0.11114836 0.99373764 -0.00893157 -5.0740967 0.047365203 0.014294588 0.9987713 -0.5460205
0.9925868 0.11106298 -0.04901366 44.86841 -0.11153681 0.9937205 -0.007004278 -4.5960693 0.04792545 0.012430923 0.9987711 -0.49597168
0.99349 0.104224354 -0.045788076 45.929565 -0.10447658 0.994515 -0.0031284804 -5.260254 0.04520974 0.007899334 0.9989444 -0.44665527
0.9933821 0.105110385 -0.045869607 46.78296 -0.105141714 0.9944389 0.0017452524 -4.760376 0.04579773 0.0031035254 0.9989428 -0.4005127
0.99394596 0.10073991 -0.04353432 47.865234 -0.10064649 0.99490094 0.004338051 -5.4335938 0.04374986 7.94949e-05 0.99904054 -0.3626709
0.9935025 0.10448824 -0.044811312 48.799805 -0.10431135 0.99451345 0.006270672 -4.973999 0.045221534 -0.0015457589 0.99897355 -0.30249023
0.9940843 0.099802 -0.04251607 49.86255 -0.09966626 0.99499446 0.0053039426 -5.654663 0.042833354 -0.0010255361 0.99907976 -0.26501465
0.9937684 0.102540225 -0.04327887 50.847168 -0.10234607 0.99471074 0.0066766734 -5.2159424 0.043736007 -0.0021921955 0.9990377 -0.19458008
0.9943689 0.09759047 -0.04091265 51.918213 -0.09746541 0.9952122 0.0050415187 -5.8900146 0.041209638 -0.001013622 0.99914736 -0.16809082
0.99377644 0.10272275 -0.04263944 52.89917 -0.10250867 0.99468935 0.007175615 -5.4641113 0.043151665 -0.0027470184 0.9990621 -0.08850098
0.99451965 0.0964274 -0.03967908 54.01294 -0.09622588 0.9953103 0.006946766 -6.123291 0.04016532 -0.003070066 0.99918395 -0.056762695
0.99422663 0.09909688 -0.040382013 55.033203 -0.0988674 0.9950448 0.0076249964 -6.078247 0.04094046 -0.0035657599 0.99915016 -0.009155273
0.99372184 0.10351799 -0.041672986 56.021484 -0.10318466 0.99458337 0.010050822 -5.77063 0.042491667 -0.005665615 0.9990762 0.06225586
0.99483097 0.09395139 -0.037543282 57.17456 -0.09367445 0.9955295 0.009031375 -6.3912354 0.038228955 -0.005441557 0.99924856 0.10656738
0.9949997 0.09260919 -0.036643036 58.21826 -0.09234688 0.9956632 0.008763839 -6.3273926 0.03729945 -0.0053177606 0.9992864 0.16064453
0.9950605 0.09211173 -0.03631084 59.253174 -0.09186298 0.9957132 0.008438951 -6.2073975 0.036935776 -0.0050444566 0.99930143 0.2244873
0.9958563 0.084527165 -0.03308731 60.319336 -0.08431463 0.9963956 0.007750421 -6.5620117 0.03362528 -0.0049183355 0.9994204 0.27001953
0.9957932 0.0851634 -0.033303335 61.33008 -0.08496253 0.99634194 0.007385299 -6.6168213 0.033812556 -0.0045132684 0.9994157 0.3203125
0.9956464 0.086258605 -0.034602016 62.342773 -0.086042084 0.99624014 0.0076733413 -6.521118 0.03513696 -0.0046451176 0.99936795 0.38049316
0.9957526 0.085328266 -0.034257215 63.38794 -0.085111395 0.9963321 0.007728223 -6.70459 0.034792367 -0.0047713467 0.9993812 0.42712402
0.9955444 0.08717515 -0.035150334 64.39746 -0.08691063 0.99615216 0.008946399 -6.867676 0.03579904 -0.0058307173 0.9993372 0.47180176
0.994653 0.095592596 -0.038575336 65.428955 -0.09523173 0.9953764 0.011064164 -6.8082275 0.039457932 -0.0073178317 0.9991915 0.5354004
0.99436134 0.09828793 -0.039378796 66.45117 -0.097915314 0.9951162 0.011267667 -6.982788 0.040296394 -0.007336623 0.9991584 0.57629395
0.99452126 0.09710807 -0.0380297 67.48242 -0.096804745 0.99523365 0.009711812 -7.1879883 0.03879532 -0.005959661 0.9992258 0.6269531
0.9936984 0.1046294 -0.039769046 68.4834 -0.10425582 0.99447083 0.011342101 -7.1970215 0.040738303 -0.0071126767 0.99914217 0.67089844
0.99312013 0.10974319 -0.040442318 69.5188 -0.10937076 0.993923 0.011293281 -7.319214 0.041438397 -0.0067796153 0.9991151 0.7340088
0.9924772 0.11493429 -0.041749895 70.51953 -0.11454355 0.9933345 0.011623282 -7.4870605 0.042810183 -0.0067415396 0.999058 0.79248047
0.99178267 0.120302 -0.043143786 71.478516 -0.11985808 0.9926944 0.012728727 -7.525635 0.04436233 -0.007443117 0.99898607 0.84643555
0.9911206 0.12536538 -0.044180304 72.48999 -0.12484185 0.9920671 0.014417639 -7.645508 0.045638323 -0.008769249 0.99891835 0.9067383
0.99089175 0.12721778 -0.044041216 73.49097 -0.12667692 0.9918284 0.0148638 -7.8009033 0.045573503 -0.009146063 0.9989184 0.9700928
0.99083 0.12895645 -0.039849684 74.48755 -0.12853463 0.9916022 0.012967187 -7.928711 0.041190304 -0.0077160494 0.99912 1.0203857
0.9915552 0.12559521 -0.03221371 75.479004 -0.12525102 0.9920432 0.012494917 -8.092529 0.033527195 -0.008353388 0.9994028 1.0751953
0.9916935 0.12550296 -0.027165093 76.44507 -0.12522936 0.9920343 0.011528615 -8.22522 0.02839951 -0.008018782 0.999563 1.1168213
0.99126315 0.12882498 -0.027918408 77.41406 -0.1285547 0.9916278 0.011264976 -8.324097 0.029137518 -0.0075721648 0.999546 1.1716309
0.990525 0.13341887 -0.031865902 78.37427 -0.13311364 0.99101305 0.011504525 -8.43335 0.03311757 -0.007142592 0.99942434 1.2218018
0.99046654 0.13329923 -0.034433965 79.336914 -0.13313733 0.9910629 0.0069582937 -8.5720215 0.03505473 -0.0023019803 0.99938196 1.2738037
0.990551 0.1325097 -0.03485913 80.31201 -0.13250554 0.9911625 0.0024432177 -8.713501 0.03487493 0.0022063367 0.99938846 1.3115234
0.990788 0.1311926 -0.033193186 81.27515 -0.13120188 0.9913417 0.0019105616 -8.838135 0.033156425 0.002468253 0.9994463 1.355835
0.99100345 0.1303116 -0.029749865 82.22217 -0.13024774 0.991451 0.00408227 -8.967285 0.030028306 -0.00016103731 0.9995479 1.3946533
0.9915513 0.1271684 -0.024716605 83.191895 -0.12711775 0.99186 0.0036135032 -9.0928955 0.024975628 -0.00043316372 0.99968714 1.4207764
0.991376 0.1290383 -0.02212223 84.125 -0.1288313 0.99159443 0.010528055 -9.184692 0.02329719 -0.0075811157 0.9996992 1.4547119
0.9916669 0.12717865 -0.019656762 85.09033 -0.12688054 0.9917758 0.015714634 -9.283691 0.021497093 -0.013084045 0.99968266 1.4868164
0.9921699 0.12342047 -0.017565321 86.04614 -0.12314505 0.992232 0.01593077 -9.410767 0.019402148 -0.013634432 0.9997177 1.5352783
0.99252975 0.12067193 -0.01688197 86.984375 -0.12043638 0.992599 0.014313126 -9.521118 0.01848794 -0.0121677555 0.9997544 1.5843506
0.99317557 0.115104295 -0.017671974 87.940186 -0.1148976 0.9932812 0.012274246 -9.623779 0.01897002 -0.010154552 0.99976796 1.6160889
0.9942702 0.105228715 -0.017299369 88.878174 -0.105074875 0.9943918 0.009541218 -9.731323 0.018210588 -0.0076601296 0.9998041 1.6558838
0.9952642 0.095647916 -0.016114594 89.812744 -0.09555566 0.99538356 0.006383055 -9.825684 0.016653089 -0.004806351 0.99984914 1.6990967
0.99618757 0.085537106 -0.015030811 90.766846 -0.08548224 0.9962977 0.0042307414 -9.905151 0.015339756 -0.0029179058 0.999877 1.729248
0.99719065 0.073409624 -0.013445433 91.70654 -0.07335638 0.99727637 0.004385345 -9.958862 0.013732871 -0.003379216 0.99989927 1.7346191
0.9981002 0.060152877 -0.010952907 92.647705 -0.060113687 0.9981563 0.003825699 -10.016602 0.011166053 -0.0031499192 0.99993175 1.7716064
0.99880123 0.04791896 -0.008746452 93.59277 -0.0478935 0.99883634 0.0030709496 -10.061035 0.008884816 -0.0026442357 0.9999566 1.789917
0.9993606 0.03452587 -0.0063360557 94.528076 -0.03451263 0.9993798 0.0021156021 -10.082275 0.006407735 -0.0018873797 0.99997693 1.8039551
0.99973845 0.021390228 -0.0039494094 95.48071 -0.02138532 0.99974656 0.0011650911 -10.107544 0.003975842 -0.0010714205 0.9999907 1.8364258
0.99994797 0.007978224 -0.0014903471 96.42261 -0.007977324 0.99994963 0.00039042695 -10.098022 0.0014951604 -0.00037156112 0.9999981 1.8602295
0.99997455 0.00074414903 -0.00013900793 97.3186 -0.00074375607 0.9999753 3.6051642e-05 -10.077393 0.00014109456 -2.6751484e-05 0.9999991 1.8735352
0.999892 -0.012128519 0.0020874883 98.26294 0.01212965 0.99989504 -0.00036208724 -10.072144 -0.0020809122 0.00039814523 0.9999967 1.8815918
0.9996583 -0.024949329 0.0036088603 99.18555 0.02495075 0.99966514 -0.00031850938 -10.031128 -0.0035990158 0.00041521288 0.99999297 1.8795166
0.99922335 -0.038438972 0.004728522 100.11255 0.03843527 0.9992347 0.0008480878 -10.000122 -0.0047585424 -0.00065921235 0.9999881 1.8894043
0.9987389 -0.049599145 0.0050200955 101.038086 0.049592074 0.9987509 0.0015057393 -9.951538 -0.005089462 -0.0012513213 0.99998605 1.8719482
0.99849236 -0.054311313 0.0034753766 101.940186 0.054302305 0.9984955 0.002593339 -9.880371 -0.0036133607 -0.0023973638 0.99999046 1.8765869
0.99804586 -0.06205924 -0.003165417 102.87622 0.06207277 0.9980407 0.004322085 -9.82251 0.0028879344 -0.0045121876 0.9999855 1.887085
0.9977532 -0.06628885 -0.0073735793 103.80664 0.06632868 0.99776417 0.005239808 -9.747803 0.0070064035 -0.005721469 0.9999587 1.8868408
0.9974009 -0.07120779 -0.009490705 104.73657 0.07126952 0.99742204 0.006287219 -9.668335 0.0090156235 -0.006951418 0.9999348 1.9025879
0.9970301 -0.07587259 -0.010720189 105.66162 0.0759584 0.99705136 0.007749239 -9.591797 0.010094444 -0.008548735 0.99991155 1.9206543
0.9966594 -0.080656484 -0.010346048 106.58203 0.08074684 0.99666923 0.0085507445 -9.505737 0.009615384 -0.00936447 0.9999091 1.9197998
0.99599975 -0.088559054 -0.008702391 107.50635 0.0886425 0.9959836 0.009633202 -9.432373 0.007806816 -0.010372244 0.999915 1.946167
0.9954786 -0.09451288 -0.004795866 108.44946 0.09455986 0.9954281 0.010675106 -9.341919 0.0037573262 -0.011083309 0.999931 1.9648438
0.99475276 -0.101932265 -0.005014521 109.3584 0.1019861 0.99468786 0.011948934 -9.254517 0.0037639926 -0.0123998625 0.9999156 1.9779053
0.99400663 -0.1086904 -0.00884209 110.22827 0.10880063 0.9939478 0.013054726 -9.157837 0.0073623387 -0.013942599 0.99987507 1.979248
0.99326104 -0.1150462 -0.011238412 111.148926 0.11520173 0.9932039 0.0142613035 -9.038818 0.009512508 -0.015465929 0.99983424 2.0111084
0.9922166 -0.12350239 -0.013570988 112.051025 0.12370255 0.9921708 0.014996201 -8.943848 0.011604373 -0.016564284 0.9997947 2.0386963
0.9913083 -0.13070898 -0.013521986 112.94702 0.1309125 0.99125373 0.015413173 -8.819092 0.011384115 -0.017053373 0.99978924 2.0471191
0.99035853 -0.13821824 -0.008157256 113.829834 0.1383405 0.99022853 0.017036743 -8.688232 0.0057207844 -0.018001841 0.9998214 2.0800781
0.98951393 -0.14425206 -0.004181208 114.75586 0.1443052 0.98934186 0.018502507 -8.550781 0.0014633159 -0.018912453 0.99981976 2.1000977
0.9880974 -0.15344241 -0.008352491 115.64575 0.15357922 0.98792064 0.01939758 -8.398315 0.0052689053 -0.020451365 0.99977654 2.1087646
0.98727024 -0.15846768 -0.012140479 116.53345 0.15867688 0.98713243 0.018782001 -8.251831 0.009003343 -0.020472005 0.9997496 2.1276855
0.9859485 -0.16643642 -0.012351721 117.41748 0.1666522 0.98580307 0.019154873 -8.100586 0.008982473 -0.020947237 0.9997399 2.1412354
0.9847134 -0.17372285 -0.011015733 118.333984 0.17391463 0.98454106 0.019841682 -7.9351807 0.0073946957 -0.021456307 0.9997422 2.1582031
0.9833796 -0.18119393 -0.0104419375 119.20679 0.18136415 0.98322576 0.018702907 -7.765503 0.006876626 -0.020286333 0.9997706 2.1798096
0.98170155 -0.19008186 -0.008957898 120.10205 0.19019902 0.98160785 0.014812196 -7.6071777 0.005973388 -0.016246848 0.99985003 2.2039795
0.98006046 -0.19839552 -0.00818485 121.025635 0.19847724 0.98001873 0.01079216 -7.444824 0.0058780224 -0.012203334 0.99990815 2.2110596
0.9785502 -0.20576906 -0.009786264 121.90015 0.2059105 0.9784261 0.016754061 -7.243164 0.0061269877 -0.018410295 0.9998117 2.2199707
0.97743046 -0.21094061 -0.010097243 122.78003 0.21111074 0.9772258 0.020729246 -7.0448 0.0054904576 -0.022394089 0.99973387 2.2349854
0.97652155 -0.21514939 -0.008272154 123.694336 0.21527287 0.97633755 0.019344509 -6.8482666 0.003909949 -0.020672869 0.99977845 2.2633057
0.9751261 -0.22145544 -0.007687029 124.56201 0.22155611 0.9749913 0.016647082 -6.6608887 0.0038056888 -0.017936766 0.9998318 2.264038
0.9742913 -0.2250107 -0.008410315 125.45386 0.22511652 0.97418696 0.015050622 -6.4605713 0.0048039113 -0.016558267 0.99985117 2.2755127
0.97300094 -0.23065741 -0.004520118 126.340576 0.23069482 0.9729365 0.011336382 -6.2677 0.001780913 -0.012073651 0.9999254 2.2961426
0.9715075 -0.23696521 0.00015199836 127.22119 0.23696475 0.97150666 0.0013933908 -6.062378 -0.00047801062 -0.0013176249 0.9999989 2.2995605
0.97060156 -0.24063061 0.0026108734 128.08667 0.24063496 0.9706029 -0.001482333 -5.8529053 -0.002177123 0.002067281 0.99999535 2.3085938
0.96933424 -0.24566135 -0.0006253463 128.93481 0.24566202 0.96933305 0.0015320154 -5.633667 0.00022963481 -0.0016386881 0.9999985 2.310791
0.9684303 -0.24919087 -0.0027302564 129.8252 0.24919233 0.9684337 0.00019988231 -5.395508 0.0025941813 -0.0008744169 0.9999962 2.3153076
0.96804035 -0.2506849 -0.002407007 130.70142 0.25068963 0.96804035 0.0019256212 -5.1638184 0.0018470592 -0.002467689 0.9999952 2.3341064
0.96771693 -0.25198993 -0.002302738 131.55542 0.2519975 0.9677095 0.0040058317 -4.9364014 0.0012186267 -0.0044570034 0.9999892 2.3370361
0.9675707 -0.2524788 0.004102434 132.42114 0.25246933 0.9675783 0.002686558 -4.6900635 -0.0046480997 -0.0015629729 0.9999881 2.3477783
0.96726054 -0.25354868 0.008685573 133.28174 0.25351745 0.9672972 0.004541584 -4.470093 -0.00955366 -0.0021892393 0.9999521 2.3608398
0.9669099 -0.2547797 0.011257647 134.13452 0.25473857 0.9669737 0.004971651 -4.2436523 -0.012153061 -0.0019373174 0.9999243 2.36438
0.9667889 -0.25537983 0.007482449 134.98364 0.25535676 0.9668161 0.00390766 -4.0108643 -0.008232502 -0.0018658675 0.9999644 2.3636475
0.9666302 -0.2560926 0.003260767 135.83301 0.2560853 0.9666344 0.00250616 -3.79187 -0.0037940908 -0.001587171 0.9999916 2.366211
0.9669081 -0.25502554 0.0024070693 136.67896 0.25501522 0.9669061 0.0038985303 -3.5570068 -0.0033224772 -0.0031551188 0.99998957 2.3638916
0.9666471 -0.25597483 0.0038331829 137.5188 0.25594425 0.96663725 0.0070373304 -3.3217773 -0.0055083404 -0.005820652 0.99996793 2.3792725
0.9666418 -0.25602752 0.0057262303 138.35962 0.25601986 0.9666588 0.0020373976 -3.1105957 -0.0060571968 -0.0005029122 0.9999816 2.3822021
0.9663061 -0.25726774 0.0039874264 139.20264 0.25726178 0.9663138 0.0019479002 -2.878296 -0.0043544425 -0.00085569563 0.9999903 2.39563
0.96622103 -0.25767425 -0.0012831255 140.03784 0.25767222 0.96615756 0.011172563 -2.640747 -0.0016397487 -0.011125823 0.9999368 2.3996582
0.96598655 -0.25848004 -0.0048719114 140.86987 0.2585248 0.96586734 0.015178759 -2.40979 0.00077966554 -0.015922578 0.99987286 2.4058838
0.9660224 -0.25829014 -0.0070760804 141.69873 0.25836405 0.96593916 0.013123809 -2.1831055 0.0034435587 -0.014506392 0.99988884 2.4204102
0.9660934 -0.25803003 -0.006495848 142.52539 0.2580873 0.96604216 0.010549109 -1.9570312 0.0035524685 -0.011868787 0.9999233 2.4434814
0.96585315 -0.25888088 -0.008166908 143.33252 0.2589573 0.96581167 0.010345718 -1.7216797 0.0052076946 -0.0121085765 0.9999132 2.447876
0.96548074 -0.26039252 -0.0045441855 144.18408 0.26042244 0.965448 0.008230943 -1.4901123 0.0022425284 -0.009130562 0.9999559 2.4510498
0.96514165 -0.2616441 0.0013489907 144.98853 0.26164287 0.9651423 0.0009896713 -1.2600098 -0.0015610447 -0.0006018841 0.9999987 2.4716797
0.96450603 -0.26386708 0.009333573 145.80493 0.26389983 0.964539 -0.0024491379 -1.0352783 -0.008355996 0.004825924 0.9999535 2.4863281
0.96357346 -0.26713708 0.01109011 146.62256 0.2671869 0.9636179 -0.003256456 -0.8033447 -0.0098160375 0.006102103 0.9999332 2.4875488
0.96249074 -0.27120733 0.0060827485 147.3894 0.271231 0.96249706 -0.003450125 -0.5734863 -0.0049184537 0.0049710134 0.99997556 2.503662
0.96097106 -0.27658075 0.0037733964 148.24194 0.27659744 0.96096045 -0.005014541 -0.31445312 -0.0022385702 0.005863056 0.9999803 2.5043945
0.95823514 -0.28590304 0.0033342694 149.05762 0.28592008 0.9582097 -0.007074771 -0.06726074 -0.0011714613 0.0077329287 0.9999694 2.50708
0.9554376 -0.29502946 0.008795163 149.81299 0.29508823 0.9554389 -0.0063386434 0.17419434 -0.006532986 0.008651937 0.9999413 2.5163574
0.9521977 -0.30519179 0.013023335 150.573 0.30532604 0.95219177 -0.009951898 0.41931152 -0.009363212 0.013453247 0.99986565 2.526001
0.9478887 -0.31832212 0.012461996 151.35498 0.31848195 0.9478118 -0.014119438 0.6842041 -0.007316718 0.017353717 0.9998226 2.541748
0.9433224 -0.33163458 0.012261156 152.08301 0.33179832 0.9432187 -0.015403574 0.94055176 -0.0064548445 0.01859808 0.9998061 2.548706
0.93895334 -0.34368134 0.013482491 152.79468 0.34387824 0.9388242 -0.016993988 1.2089844 -0.0068132957 0.020594575 0.99976456 2.5515137
0.93474865 -0.35498443 0.013464873 153.39331 0.35519254 0.9345706 -0.01913775 1.4394531 -0.0057881973 0.02267307 0.9997261 2.5581055
0.93024206 -0.36691856 0.0077320063 154.00659 0.36699972 0.9300072 -0.020908669 1.6917725 0.00047968794 0.022288088 0.9997515 2.5704346
0.92564255 -0.3782888 -0.003521704 154.53735 0.37814108 0.925475 -0.02083588 1.9324951 0.011143809 0.017955502 0.9997767 2.5722656
0.92161244 -0.3878817 -0.012769136 154.8894 0.38765135 0.9216353 -0.017308276 2.112793 0.018482223 0.010999267 0.9997686 2.5769043
