1.000000000000000000e+00 -3.306050084167601550e-19 -2.270457535318767223e-19 -8.673617379884035472e-19 7.546676715296109287e-19 1.000000000000000000e+00 6.237773588823049983e-19 1.387778780781445676e-17 -3.447385680526250622e-20 4.770700176052009879e-20 1.000000000000000222e+00 5.551115123125782702e-17
9.999319310730226951e-01 -2.617863010462756317e-03 1.136625414975313102e-02 1.543794525990500356e-02 2.602683194109732794e-03 9.999957042344709279e-01 1.350094561882310678e-03 -8.076647291014787955e-03 -1.136973993645722450e-02 -1.320420121146734021e-03 9.999344991491412316e-01 3.037554784746531733e-01
9.998234594671824293e-01 -5.569251287060810775e-03 1.795169986398724785e-02 3.253896960490874901e-02 5.547708208158750806e-03 9.999838064088522049e-01 1.249982310314693822e-03 -7.377593740538049283e-03 -1.795837285896045854e-02 -1.150223689554604953e-03 9.998382056968415643e-01 5.876790461689566092e-01
9.997576379334446317e-01 -7.945643961809051303e-03 2.053866573420275177e-02 4.105302074899405684e-02 7.945888328006019824e-03 9.999684418115005746e-01 6.961813382932240351e-05 -1.549128035420981042e-02 -2.053857412237511046e-02 9.353646489178899881e-05 9.997892152837415392e-01 8.847098681905620765e-01
9.997802694765657305e-01 -9.181146067407611883e-03 1.884669318893700957e-02 4.104579582618753109e-02 9.203470333077688748e-03 9.999569885767328747e-01 -1.098142818539980890e-03 -1.800104466578239526e-02 -1.883579600117007979e-02 1.271368610675254656e-03 9.998218463892979413e-01 1.192304886711179401e+00
9.998514282974464429e-01 -1.187519264636847233e-02 1.249530570385570805e-02 4.203447271265721430e-02 1.190746816761973671e-02 9.999260027025616004e-01 -2.511822448027012118e-03 -2.034574608310693589e-02 -1.246456977574792943e-02 2.660234517337362655e-03 9.999187641255722347e-01 1.515835203573201007e+00
9.999239677080254962e-01 -1.232979973231294532e-02 -2.536338942824796819e-04 3.290926085396374268e-02 1.232870824303126597e-02 9.999162802689816054e-01 -3.928742266628796123e-03 -3.313587930956830852e-02 3.020511105176392689e-04 3.925316257934147873e-03 9.999922629711742728e-01 1.839662670466630345e+00
9.998036083788315320e-01 -1.152405664974204096e-02 -1.612699794975987200e-02 1.053914439095148502e-02 1.145559476887460411e-02 9.999249930398866892e-01 -4.333010557806860584e-03 -3.967385508468841693e-02 1.617572830579026150e-02 4.147445119173427674e-03 9.998606629741348950e-01 2.169479153601549193e+00
9.993464821077214788e-01 -6.932834603997280708e-03 -3.547335967866525192e-02 -2.519683182182803904e-02 6.787565835062025349e-03 9.999680647715543103e-01 -4.212921205263688539e-03 -4.677307247095437159e-02 3.550144752010871846e-02 3.969368443130819393e-03 9.993616935649078936e-01 2.512804412272727550e+00
9.984963802827500068e-01 -2.347318989114782848e-03 -5.476581003459351366e-02 -7.431306461839465305e-02 2.047191298433692110e-03 9.999826113647763970e-01 -5.534797579980202907e-03 -4.868155098190839192e-02 5.477785166573243686e-02 5.414382859866765166e-03 9.984837940732993466e-01 2.863580320397351553e+00
9.972464263278116858e-01 -1.990977812736561322e-03 -7.412004754199856549e-02 -1.167237293850933028e-01 1.569124785072293716e-03 9.999822502305383276e-01 -5.748652291590126105e-03 -5.206308329577967464e-02 7.413018415028647945e-02 5.616495074043944581e-03 9.972318465701597301e-01 3.229034385434931043e+00
9.955159890352420771e-01 -3.563598220775169700e-03 -9.453172251961287909e-02 -1.720129819076897937e-01 3.084078616468548164e-03 9.999816411739440580e-01 -5.219673444602114867e-03 -5.752640537658720854e-02 9.454858494132850621e-02 4.904790259577559985e-03 9.955086845453001709e-01 3.612663987273817767e+00
9.933902131718426176e-01 -5.030375080818209887e-03 -1.146955852452973962e-01 -2.290540186040965487e-01 4.586558150056947898e-03 9.999809242666438669e-01 -4.133955563835190264e-03 -6.412705716972466607e-02 1.147142049438341499e-01 3.580608658291374851e-03 9.933943068402310006e-01 3.995372340754418605e+00
9.912186843462674757e-01 -3.074808206432175662e-03 -1.322186859320796382e-01 -3.034248345653778323e-01 2.747811555420929044e-03 9.999927255779961222e-01 -2.655619621466576673e-03 -7.068893522024363718e-02 1.322258973342793076e-01 2.269049048006983784e-03 9.912198826096112469e-01 4.394005643030830299e+00
9.889377336516860240e-01 -2.579996964893578864e-03 -1.482653746501050307e-01 -3.815747901432998690e-01 2.241322012522271433e-03 9.999944970189372784e-01 -2.450682906714638735e-03 -7.626329039345568217e-02 1.482708855809584669e-01 2.091174029920921541e-03 9.889380548403937654e-01 4.806719029104360885e+00
9.870211529913667237e-01 -1.733242252671916665e-03 -1.606040255411601003e-01 -4.666638087343356056e-01 1.417527758880233633e-03 9.999968172091378005e-01 -2.080471859492800685e-03 -8.311615372533749657e-02 1.606071452797555310e-01 1.825743245213621007e-03 9.870204519071923421e-01 5.228051136262553911e+00
9.848794384515113798e-01 -3.024756432832221426e-03 -1.731828967123538732e-01 -5.554447176920873641e-01 2.557345827306062563e-03 9.999924430393123398e-01 -2.921934103893669872e-03 -9.010639115958705980e-02 1.731904463988722664e-01 2.434818621652250995e-03 9.848797745646268309e-01 5.670243842949353130e+00
9.830396077136244193e-01 -5.684429504918856249e-03 -1.833121078953374172e-01 -6.417432823541622255e-01 4.908456608990909194e-03 9.999769778734651782e-01 -4.686385365622202162e-03 -1.046512427701574571e-01 1.833345555123619686e-01 3.706853650706876807e-03 9.830448873056718551e-01 6.117903148855735829e+00
9.817184806601673142e-01 -4.073882712242626880e-03 -1.902965192124469740e-01 -7.401855100244258967e-01 2.916585139842941665e-03 9.999754993262506275e-01 -6.362080134501652863e-03 -1.105157989965417920e-01 1.903177816746832729e-01 5.691023146827758200e-03 9.817063243310566456e-01 6.582032177258775540e+00
9.802165531981822388e-01 -3.994570673092699004e-03 -1.978532975214125633e-01 -8.542994266978741758e-01 2.360517312418526290e-03 9.999611382210458199e-01 -8.492749453952992342e-03 -1.122046865278992084e-01 1.978795550166643491e-01 7.857648157013926229e-03 9.801879020141525123e-01 7.057591621755533673e+00
9.789159174679069597e-01 -4.566630763192248456e-03 -2.041698746196130010e-01 -9.595925461914024401e-01 2.375101321880691493e-03 9.999369604077597007e-01 -1.097631703655717154e-02 -1.228199266708299570e-01 2.042071521655167698e-01 1.025976767776321137e-02 9.788650176321460616e-01 7.544783292318675727e+00
9.768275395313521514e-01 -9.330330398002678952e-03 -2.138264506870798942e-01 -1.071948846255470489e+00 6.688490098022767914e-03 9.998920838163829483e-01 -1.307445479631119331e-02 -1.314181185442157562e-01 2.139253703814491814e-01 1.134165008398813589e-02 9.767845814023261575e-01 8.051540851240803320e+00
9.752029053977563366e-01 -1.452751178973657638e-02 -2.208205190642328619e-01 -1.185125885748395502e+00 1.168776312201591852e-02 9.998314127700012044e-01 -1.415895136247191655e-02 -1.492431730998085015e-01 2.209890091080228824e-01 1.122681144702348741e-02 9.752082608155495658e-01 8.567456622011620837e+00
9.735979550310215336e-01 -1.584776826881287293e-02 -2.277379440625487417e-01 -1.313175271858821880e+00 1.252207843079028438e-02 9.997928904267376904e-01 -1.604006421718796871e-02 -1.707141717522120405e-01 2.279450405294246862e-01 1.276495197799921294e-02 9.735947569210863239e-01 9.093562817505070228e+00
9.713828125328296537e-01 -1.148059824366111890e-02 -2.372655151524681039e-01 -1.465587383804949351e+00 6.817669376808581892e-03 9.997672986413881357e-01 -2.047011625799918105e-02 -1.743456232852790277e-01 2.374453155205816790e-01 1.826653883366837969e-02 9.712350259069286729e-01 9.623828107190385950e+00
9.694619410082923050e-01 -8.751330902267082101e-03 -2.450742236209026703e-01 -1.624868515594154017e+00 2.968371907453033753e-03 9.997086110854203067e-01 -2.395775613527576647e-02 -1.870416654107838472e-01 2.452124649035876680e-01 2.249866806828043631e-02 9.692053977659067510e-01 1.017978519361113499e+01
9.670955097875987283e-01 -1.213174140760968703e-02 -2.541389369178484459e-01 -1.776935449180854887e+00 5.846482160962765753e-03 9.996583702118387871e-01 -2.547292981764009284e-02 -2.095253599839610459e-01 2.543612032899861819e-01 2.314886721017199098e-02 9.668361149079418571e-01 1.074117922890090426e+01
9.647927593917031697e-01 -1.312358872833949142e-02 -2.626900969928548935e-01 -1.936144382872173164e+00 6.295669334116147341e-03 9.996204658778291563e-01 -2.682023031253294096e-02 -2.352572234921426753e-01 2.629423234555501865e-01 2.422249470611332126e-02 9.645091895101309820e-01 1.131149184000365615e+01
9.627227852728894586e-01 -1.313285333463512332e-02 -2.702082273395358114e-01 -2.116420190202109808e+00 5.211076148233005113e-03 9.995357347005163762e-01 -3.001162714215779848e-02 -2.583632871254155083e-01 2.704770955233740115e-01 2.748459425454410909e-02 9.623442269900956969e-01 1.189652198278422546e+01
9.605990304664099311e-01 -1.254845259752824203e-02 -2.776211883079235943e-01 -2.298808131281638190e+00 3.407017296067899829e-03 9.994369232798048230e-01 -3.337819875146111337e-02 -2.792373627809212611e-01 2.778836729543071593e-01 3.111735159673532231e-02 9.601007959982008622e-01 1.248803318022862641e+01
9.582552027508932646e-01 -1.373176430427362933e-02 -2.855677314282020207e-01 -2.489279493995578907e+00 2.732996709148438445e-03 9.992402904369133143e-01 -3.887288228155436759e-02 -3.085304175413083327e-01 2.858846708353732224e-01 3.646896699738681052e-02 9.575647885657339042e-01 1.309159646463916182e+01
9.563834608522255865e-01 -1.501268471703550746e-02 -2.917707562939592103e-01 -2.688425042267944765e+00 1.645372229536109284e-03 9.989394372983889658e-01 -4.601281625327359459e-02 -3.488491003689658809e-01 2.921522308292553993e-01 4.352559684057309003e-02 9.553939335334982186e-01 1.370190543994735854e+01
9.551402759619058713e-01 -1.529216274082294096e-02 -2.957401806306307890e-01 -2.890991986522840840e+00 -6.732172751629573494e-04 9.985513192687878181e-01 -5.380139036092846522e-02 -3.815515973255803606e-01 2.961343594408552549e-01 5.158741259644761962e-02 9.537461465257459636e-01 1.433153830673583151e+01
9.545444973547193568e-01 -1.520596821288128925e-02 -2.976911634805329832e-01 -3.098328603856860042e+00 -3.627477803846857179e-03 9.980312918092116847e-01 -6.261471422760708783e-02 -4.256022079605397135e-01 2.980568071683611930e-01 6.085039220854434466e-02 9.526100295082494673e-01 1.496915160628894981e+01
9.530161035721070872e-01 -1.445078494116745250e-02 -3.026055157308844556e-01 -3.321639534624978740e+00 -7.550313053327135579e-03 9.974179993777402276e-01 -7.141403778355243093e-02 -4.693539356308308874e-01 3.028557776259704348e-01 7.034512762255656915e-02 9.504461742069828523e-01 1.561558195313865482e+01
9.516866180267540276e-01 -1.395749152177113914e-02 -3.068581299711453658e-01 -3.540004608622160376e+00 -1.075366265704727833e-02 9.968387635228523891e-01 -7.871592664375547110e-02 -5.273625097711268639e-01 3.069874483709079116e-01 7.821011905742303316e-02 9.485280389940645707e-01 1.627360373694236273e+01
9.501073416575269714e-01 -1.208330710956649449e-02 -3.116718455481876648e-01 -3.777169642541094330e+00 -1.523473802833165067e-02 9.962592293275618349e-01 -8.508579803416811693e-02 -5.876531673092361130e-01 3.115338892314957198e-01 8.558958176021136399e-02 9.463690294864081087e-01 1.693951671898365063e+01
9.490040652871872817e-01 -1.089796128554087334e-02 -3.150539049588895191e-01 -4.025955390022720515e+00 -1.871875776936991059e-02 9.956913388186222624e-01 -9.080716073602644600e-02 -6.557629807088539708e-01 3.146857772746445292e-01 9.207458775540103280e-02 9.447111577456922538e-01 1.761802379770615801e+01
9.474455749218125833e-01 -9.049242308474760368e-03 -3.197452660914509859e-01 -4.273732173885249175e+00 -2.302888317076038846e-02 9.950775309053221385e-01 -9.639168482948715089e-02 -7.297677729659461932e-01 3.190433870230904301e-01 9.869030002334408525e-02 9.425733845560135826e-01 1.830599386656471594e+01
9.452521801093007880e-01 -6.611924297163814315e-03 -3.262722052952256035e-01 -4.534581819915903367e+00 -2.752740618870387623e-02 9.946160425085709411e-01 -9.990546219424097096e-02 -8.052775366494216991e-01 3.251760888762418866e-01 1.034174917347328720e-01 9.399809132578301751e-01 1.901061262454066636e+01
9.440183638643537822e-01 -5.926846896975610478e-03 -3.298307152382045637e-01 -4.803103350825402629e+00 -2.924537062483027403e-02 9.943984719299769903e-01 -1.015703789808779095e-01 -8.788649706571847187e-01 3.285857010976228620e-01 1.055286493612645621e-01 9.385569124127618457e-01 1.971785052360776547e+01
9.411988304751173207e-01 -5.184176170774276206e-03 -3.377244988843956519e-01 -5.074084417339520314e+00 -3.061795080196136679e-02 9.944590182286558999e-01 -1.005484871630117211e-01 -9.672483538397214087e-01 3.363741022142740511e-01 1.049780040341944526e-01 9.358248812080313117e-01 2.043951051435910315e+01
9.392542620476577175e-01 -4.201404084238576780e-03 -3.431904568655093080e-01 -5.348988869269823532e+00 -3.144711858372130353e-02 9.946655930265233536e-01 -9.823852192688714569e-02 -1.052286806608886183e+00 3.417719939953030583e-01 1.030651978191347989e-01 9.341118255097730083e-01 2.117166356559039286e+01
9.369977731430731982e-01 -5.520429268815477998e-03 -3.493136513700707546e-01 -5.638306267337059197e+00 -3.029432174566805760e-02 9.948242807736610294e-01 -9.699659264692811478e-02 -1.134902102715229510e+00 3.480413164284988370e-01 1.014671996696340089e-01 9.319808559343402132e-01 2.190748049620815152e+01
9.346366774397895094e-01 -3.993136721738600736e-03 -3.555479551716884123e-01 -5.931246380285649877e+00 -3.106432980287027537e-02 9.951974719379729217e-01 -9.281838017428588328e-02 -1.216771499045128380e+00 3.542108075863260597e-01 9.779750729113531604e-02 9.300238270588528922e-01 2.264746698132832492e+01
9.300085759109313344e-01 -2.103356508039455793e-03 -3.674729508314773518e-01 -6.249767859164020223e+00 -3.242153370537972923e-02 9.956158458052796201e-01 -8.772496756345334046e-02 -1.294520668958785148e+00 3.660460278180200366e-01 9.350064936246427205e-02 9.258629764313722754e-01 2.341146002029822171e+01
9.273760625768947552e-01 6.210151205648093732e-05 -3.742253332782287667e-01 -6.568619397615220734e+00 -3.338073691139474553e-02 9.960254198541416137e-01 -8.256753852556207585e-02 -1.377137788703044041e+00 3.727333688308463455e-01 8.905865353807176921e-02 9.236922785362186028e-01 2.416103191961241237e+01
9.242229028743685904e-01 4.324898635028572892e-03 -3.818268654059964184e-01 -6.903046460355602321e+00 -3.687394781000800231e-02 9.962735684563395200e-01 -7.794803961185883812e-02 -1.450373661191030950e+00 3.800670824489258415e-01 8.611835710841161950e-02 9.209383650569265001e-01 2.491995536848895298e+01
9.203349848367521346e-01 3.956975715051255782e-03 -3.911251989275196794e-01 -7.242282043736945063e+00 -3.699741002626195929e-02 9.963458756392087334e-01 -7.698688982129241187e-02 -1.522753302554728627e+00 3.893915678940244596e-01 8.532414275351453414e-02 9.171185017066565415e-01 2.568357891443598007e+01
9.164120846904780793e-01 5.446356050123974703e-03 -4.001888358675712021e-01 -7.589542748710704778e+00 -3.899263048286215338e-02 9.963654162380296553e-01 -7.571671890600031873e-02 -1.599105291213079871e+00 3.983214440788653832e-01 8.499454359456551367e-02 9.132941786636250558e-01 2.646269481608768004e+01
9.129802636367581048e-01 5.961967381009528055e-03 -4.078590327391813930e-01 -7.947923848112979250e+00 -3.970417961555275377e-02 9.964456408062579706e-01 -7.430154342059493155e-02 -1.666722437214893437e+00 4.059659002391530769e-01 8.403562101910165560e-02 9.099722603061296544e-01 2.723610152301521126e+01
9.087400025202382325e-01 7.211436602620970374e-03 -4.172296554082001174e-01 -8.324213175304533863e+00 -4.096114404808114118e-02 9.965647129771363355e-01 -7.196316413660332201e-02 -1.738360884246873184e+00 4.152772648239118625e-01 8.248680861645485418e-02 9.059136654306652048e-01 2.802076344591027279e+01
9.051844869520816461e-01 6.977568625211859679e-03 -4.249752605187814836e-01 -8.711789576920264011e+00 -4.026515263729036481e-02 9.967758556088913702e-01 -6.939534220515611307e-02 -1.808409189463462630e+00 4.231209914397071059e-01 7.992646149723510451e-02 9.025472110164504125e-01 2.881508492535437327e+01
9.022152810874043416e-01 7.055814978704676860e-03 -4.312126444180624518e-01 -9.102485151329965163e+00 -3.903389012465444119e-02 9.970982105167223164e-01 -6.535285586342072517e-02 -1.876454449907466238e+00 4.294997900683855119e-01 7.579883421086985873e-02 8.998732745434873115e-01 2.960866412832431038e+01
8.980173313199801832e-01 8.999015374671084921e-03 -4.398593451955117861e-01 -9.511525874832653216e+00 -3.922640758481387574e-02 9.974467862384682748e-01 -5.967892206823938173e-02 -1.935651345105713794e+00 4.381995197509693796e-01 7.084569694315334676e-02 8.960774588270499219e-01 3.042259260701512247e+01
8.952716215531354438e-01 6.775530097316647023e-03 -4.455114329079344349e-01 -9.924710929738568055e+00 -3.528694167670261284e-02 9.978215075825950242e-01 -5.573178907531105286e-02 -2.005627820588927523e+00 4.441634464042018560e-01 6.561325347492509563e-02 8.935603895410277886e-01 3.123830420426548216e+01
8.909850230511445757e-01 7.617536442834658104e-03 -4.540700529981450129e-01 -1.035910281523041121e+01 -3.560404975691305179e-02 9.979523537343831796e-01 -5.311646044037008491e-02 -2.066718978861379785e+00 4.527352912254191675e-01 6.349122961056354042e-02 8.894321691510571615e-01 3.206509390493718570e+01
8.877707086765416200e-01 8.102882590656815612e-03 -4.602374958666350380e-01 -1.079769727510957011e+01 -3.592426915127942127e-02 9.980150774863483232e-01 -5.173077034132781554e-02 -2.124778046449925295e+00 4.589050101795024705e-01 6.245616538098808235e-02 8.862992844471567766e-01 3.289388435302087998e+01
8.857649088953852834e-01 7.521976913864330226e-03 -4.640410383027621100e-01 -1.124822402711876279e+01 -3.469517896191420120e-02 9.981444035879992738e-01 -5.003575182970981805e-02 -2.175342132394476824e+00 4.628037591946474461e-01 6.041725038637914963e-02 8.843819224867084383e-01 3.373022290347456931e+01
8.821614296037345593e-01 6.073906767618634031e-03 -4.709203638841616413e-01 -1.171310197851858703e+01 -3.274337341467604273e-02 9.982884248193696353e-01 -4.845847870859598672e-02 -2.232009253991179332e+00 4.698201421332902639e-01 5.816396741090348183e-02 8.808501133427043550e-01 3.457694404528647425e+01
8.805083266138044040e-01 5.361813181897394712e-03 -4.739949275745274915e-01 -1.218630952959317781e+01 -3.218297101582497100e-02 9.983049776155391575e-01 -4.849955630516452482e-02 -2.289345366953185579e+00 4.729310374962375496e-01 5.796388148740353602e-02 8.791886193317528519e-01 3.543490143826137739e+01
8.785262461067334661e-01 5.876409584273464652e-03 -4.776512426913152032e-01 -1.267051282404382029e+01 -3.267736826990780968e-02 9.983213865668499887e-01 -4.783079996123645178e-02 -2.348113594544241955e+00 4.765684470525223260e-01 5.763051677626652297e-02 8.772433917252204782e-01 3.629931773441118281e+01
8.767705795304809868e-01 5.446096327375190421e-03 -4.810078558504052304e-01 -1.316135489794253566e+01 -3.315264022740117833e-02 9.982414930447969237e-01 -4.913829164560905294e-02 -2.399870448242832133e+00 4.798943926288797290e-01 5.902631098793633541e-02 8.754094514725738740e-01 3.717406602850664399e+01
8.765313842967018543e-01 5.962669406568198681e-03 -4.813016223039175978e-01 -1.366009184194164838e+01 -3.295912403559633774e-02 9.983200339910891508e-01 -4.766007889583442902e-02 -2.458258175778698096e+00 4.802087392274747013e-01 5.763999535398244001e-02 8.752553336310021637e-01 3.806142040190086817e+01
8.761213204661452147e-01 6.111681731351291912e-03 -4.820108773222760434e-01 -1.416658786751293775e+01 -3.214073120297102071e-02 9.984355733211769390e-01 -4.575940537836924171e-02 -2.516048803377366472e+00 4.809772242081338800e-01 5.558246374678837975e-02 8.749468975449228303e-01 3.896392410603002077e+01
8.759020853626534597e-01 5.202325400968960123e-03 -4.825279542920020703e-01 -1.468152953235146008e+01 -3.069931568653227333e-02 9.985166574600368161e-01 -4.496228153886590306e-02 -2.573227317387381419e+00 4.815786042408469192e-01 5.419174776810328775e-02 8.747624681720301831e-01 3.987639596290485855e+01
8.766682012766484622e-01 2.433964628762375331e-03 -4.810414246512787484e-01 -1.519352054448633993e+01 -2.801941096419272373e-02 9.985481810550906889e-01 -4.600867185663100323e-02 -2.632679559165245653e+00 4.802311883267466053e-01 5.381277226318050000e-02 8.754635874558588382e-01 4.079752319486477319e+01
8.745534757186974595e-01 7.220843006664678584e-04 -4.848045749047730779e-01 -1.572541914044318645e+01 -2.684585785214392215e-02 9.985373800082406603e-01 -4.693961278827133571e-02 -2.691943431978491397e+00 4.840616429568878054e-01 5.406996247711705339e-02 8.732937649395661195e-01 4.173445419725853611e+01
8.733462757083313432e-01 7.749382808834484170e-04 -4.871725752356469985e-01 -1.625353777018896650e+01 -2.557149706199519576e-02 9.986927637026060678e-01 -4.426210921999198383e-02 -2.751653451931116212e+00 4.865016624382962895e-01 5.111130815260536697e-02 8.722245499712344419e-01 4.266064080407720382e+01
8.712109578897707651e-01 9.224597438102718778e-04 -4.910513181469819965e-01 -1.679117507859757552e+01 -2.399031386865852974e-02 9.988834506478339037e-01 -4.068434139609862499e-02 -2.807725875502165014e+00 4.904659380080063080e-01 4.721796131922446210e-02 8.702603678448418423e-01 4.359196534494806485e+01
8.681313453661875235e-01 5.506361275396254177e-04 -4.961953261748091593e-01 -1.732570253448537301e+01 -2.130616362700713667e-02 9.991189519279422004e-01 -3.617247439335659343e-02 -2.872589800958755379e+00 4.957382654084789286e-01 4.197886543251426461e-02 8.673782608647450099e-01 4.453052900192813013e+01
8.658896823356504457e-01 -4.165418217594557657e-04 -5.002054197955482229e-01 -1.786756044970919888e+01 -1.895546355679614617e-02 9.992540955683283377e-01 -3.364150999947555093e-02 -2.924038520226155402e+00 4.998461250662831756e-01 3.861436370932061490e-02 8.652361611753061066e-01 4.545294690492595890e+01
8.600156719713869524e-01 -3.416120625623939294e-03 -5.104051905380688758e-01 -1.842362745385364065e+01 -1.755398495255210828e-02 9.991876591094179805e-01 -3.627324322899059400e-02 -2.977653684158998004e+00 5.101147504387985032e-01 4.015047613009131711e-02 8.592571095548765525e-01 4.637920819347461077e+01
8.545284040241557522e-01 -4.684267887379643495e-03 -5.195176753875904163e-01 -1.898828087696513123e+01 -1.831855056751655053e-02 9.990654255894596547e-01 -3.914497251751570400e-02 -3.040110398067445097e+00 5.192157194267735809e-01 4.296374562587908924e-02 8.536440696898210945e-01 4.729156788752703733e+01
8.481466773176294938e-01 -5.046363360228360052e-03 -5.296276533923245378e-01 -1.956664603276743364e+01 -1.800822865687042376e-02 9.991020632528225809e-01 -3.836042538282734976e-02 -3.088265440684528240e+00 5.293456831567878718e-01 4.207615564651534523e-02 8.472942634654978544e-01 4.820103312066310508e+01
8.432804455087451467e-01 -2.749344115180680018e-03 -5.374694888600788367e-01 -2.016506559525715048e+01 -1.806186341898789738e-02 9.992770799320602748e-01 -3.345123205213393347e-02 -3.138016108777038404e+00 5.371728354602688382e-01 3.791964794182670073e-02 8.426213504823516498e-01 4.910720907391550583e+01
8.383337494718181571e-01 1.892896144526969580e-04 -5.452575233847144487e-01 -2.076746006160750113e+01 -1.890170368899746212e-02 9.994087347151832113e-01 -2.870682617198813680e-02 -3.190802028348238117e+00 5.449297666612333835e-01 3.436922758103376496e-02 8.378418320666609631e-01 5.000628654102103354e+01
8.335612398189351513e-01 1.343148123343747930e-03 -5.524269360032072473e-01 -2.136970772641359417e+01 -2.137449023262986622e-02 9.993267007402526492e-01 -2.980998055461181462e-02 -3.238794030968022319e+00 5.520149494486688013e-01 3.665340415239339705e-02 8.330286811258406088e-01 5.089703242231369273e+01
8.305632369911249979e-01 5.561897666386931855e-04 -5.569637166405900786e-01 -2.197519386440997735e+01 -2.358466549870264634e-02 9.991375050600834751e-01 -3.417856387220305492e-02 -3.284255613853839684e+00 5.564644120025087348e-01 4.152359038336016911e-02 8.298600575474857077e-01 5.177997570334156308e+01
8.281080944428400592e-01 -1.110660556578454842e-03 -5.606254190072915700e-01 -2.258619216795448637e+01 -2.581174268732374516e-02 9.988617956663744524e-01 -4.011271861537276523e-02 -3.346543615276537764e+00 5.600321153553634579e-01 4.768743666146808141e-02 8.271370248878864295e-01 5.266084489796757850e+01
8.242245480054271045e-01 -2.629111980521848992e-03 -5.662976774914249001e-01 -2.320685972245895101e+01 -2.552291451820965298e-02 9.988004445610058069e-01 -4.179240828984434608e-02 -3.403879694939212719e+00 5.657284435446479076e-01 4.889956460145338663e-02 8.231687501856426170e-01 5.353899785372292541e+01
8.220622991417193548e-01 -7.891607333469145662e-04 -5.693853025071575757e-01 -2.382692074314667963e+01 -2.507944803094491401e-02 9.989784050879075838e-01 -3.759673406307185300e-02 -3.460735516400570866e+00 5.688335188730759828e-01 4.518441202762277231e-02 8.212026214806699143e-01 5.442353856709065241e+01
8.184408061325038064e-01 -1.440681933134456991e-04 -5.746591114168104752e-01 -2.446152064842065954e+01 -2.255558409544738269e-02 9.992210293163933388e-01 -3.236656570397215826e-02 -3.507351787496343132e+00 5.742164167991814505e-01 3.944667650898318195e-02 8.178000910113690791e-01 5.530701228238417144e+01
8.150405162412035498e-01 2.290375849163032735e-03 -5.792713726879387126e-01 -2.509847669686608640e+01 -2.359768279405790800e-02 9.992936472791084102e-01 -2.925530688192895176e-02 -3.559038414613994394e+00 5.787951742349608519e-01 3.751947801132343718e-02 8.145190383458381644e-01 5.618466554557389969e+01
8.136748503320591075e-01 4.259041385705391106e-03 -5.812526687383614554e-01 -2.573719261318597518e+01 -2.612822432622808472e-02 9.992305175641215120e-01 -2.925905422309804660e-02 -3.605580174525313542e+00 5.806811808416084686e-01 3.899448217279562201e-02 8.131598863152454948e-01 5.705126965112129511e+01
8.093420161604542029e-01 2.068948978850434876e-03 -5.874897292822773842e-01 -2.638495976438198198e+01 -2.510652652597051421e-02 9.992014930013215501e-01 -3.108264476056168957e-02 -3.648451843283552876e+00 5.869566732577095047e-01 3.990308892171871846e-02 8.087477625247784241e-01 5.792807825888881013e+01
8.046428438782491366e-01 3.040744573092942632e-04 -5.937679138157391234e-01 -2.703463057738505526e+01 -2.486285120514368507e-02 9.991398553265452565e-01 -3.317646011088931646e-02 -3.704645213611840848e+00 5.932470711825115206e-01 4.146154856770330882e-02 8.039584778772677076e-01 5.879470936911558709e+01
8.018998166693971363e-01 -3.812853182530009715e-04 -5.975209498669649122e-01 -2.769122974474296939e+01 -2.413479608928245992e-02 9.991628590238043062e-01 -3.303421487560238845e-02 -3.750981863013504558e+00 5.970337256001788662e-01 4.090849550491901937e-02 8.012192523692376334e-01 5.966117023398491881e+01
7.969704769671578370e-01 -1.118989848295154311e-03 -6.040234454792567931e-01 -2.836745659711845491e+01 -2.300862196670716911e-02 9.992162225338475645e-01 -3.221188757457270346e-02 -3.799019848751711503e+00 6.035865347442912476e-01 3.956477899470823428e-02 7.963200072136251695e-01 6.052803835129888910e+01
7.924429867527538196e-01 -1.052029957425336610e-03 -6.099525459125026972e-01 -2.903555457064305045e+01 -2.264757271413181047e-02 9.992582890079860780e-01 -3.114066063906684861e-02 -3.854956655762383111e+00 6.095329613718247774e-01 3.849042883478397126e-02 7.918312960318631966e-01 6.139184947466282694e+01
7.872211152612065277e-01 -1.604070316397917390e-03 -6.167322884848851494e-01 -2.972422686110999379e+01 -2.273749288043482725e-02 9.992411943194746682e-01 -3.162426697650434076e-02 -3.908689605756335173e+00 6.163151369263710766e-01 3.891652924044512046e-02 7.865872357074049637e-01 6.225501420263002217e+01
7.819476678774892608e-01 -3.793939530248216507e-03 -6.233780029847635351e-01 -3.041852331356829708e+01 -2.145800519094951536e-02 9.992251479897223954e-01 -3.301060550344576960e-02 -3.956864018253589688e+00 6.230203026597929128e-01 3.918723708670818207e-02 7.812601289074162514e-01 6.310718047649213247e+01
7.775744803480668654e-01 -3.782308092580374641e-03 -6.289493063944107121e-01 -3.112084265098506464e+01 -2.171671107728561853e-02 9.992239578191262073e-01 -3.285825495769272714e-02 -4.004828171086990629e+00 6.285857016782098183e-01 3.920128190259217910e-02 7.768887766841864329e-01 6.395962387710207508e+01
7.711868692441057327e-01 -5.315670970652344729e-03 -6.365768395270858804e-01 -3.183684948396978598e+01 -2.123685468316454869e-02 9.991939277685060183e-01 -3.406580318693690906e-02 -4.060590961066131932e+00 6.362448001910069317e-01 3.978782995547176099e-02 7.704521397511520098e-01 6.481184625796630883e+01
7.663767838120058018e-01 -7.774735011978708456e-03 -6.424358477370759601e-01 -3.255436397456877273e+01 -1.959844051038075324e-02 9.991784368269222005e-01 -3.547260738485491505e-02 -4.113419980596095371e+00 6.421839357508724033e-01 3.977369664043742259e-02 7.655945839532046771e-01 6.565723497642069617e+01
7.594957162835495046e-01 -8.542132585827536678e-03 -6.504531293782526147e-01 -3.328384223848564716e+01 -1.905814416200591124e-02 9.991925183775050012e-01 -3.538072335741561381e-02 -4.166389335547067141e+00 6.502301702294223107e-01 3.926626327937524086e-02 7.587195402641776498e-01 6.650141021977674427e+01
7.533787782478613693e-01 -7.848256710342378303e-03 -6.573863631643481753e-01 -3.402795680173603898e+01 -1.863653902478116381e-02 9.992723074662781535e-01 -3.327993566609348253e-02 -4.215976097783886267e+00 6.571689775792318722e-01 3.733016983164122449e-02 7.526843048536402403e-01 6.734232726341612363e+01
7.477040612671773667e-01 -9.937476312740238862e-03 -6.640250606759777741e-01 -3.477783434283461617e+01 -1.605379383221255951e-02 9.993251878864989335e-01 -3.304136435194511556e-02 -4.273878461630479464e+00 6.639055856935942579e-01 3.536109692741762345e-02 7.470400886911726657e-01 6.817330109050585918e+01
7.410761751934578090e-01 -1.072275609196546818e-02 -6.712267793587126663e-01 -3.554359913097089674e+01 -1.555271462141393987e-02 9.993299525391434734e-01 -3.312221888136750864e-02 -4.321653007543715397e+00 6.711323861293270188e-01 3.498556812955996159e-02 7.404129783693886857e-01 6.900581201623336369e+01
7.350667492054426821e-01 -1.215777508843497376e-02 -6.779649834293806077e-01 -3.632530086936702673e+01 -1.504789443477912679e-02 9.993003282431811574e-01 -3.424723908913441389e-02 -4.378032889955869145e+00 6.779069874174783461e-01 3.537827235029005618e-02 7.343696903202363568e-01 6.983238517567471604e+01
7.306099596766747473e-01 -1.176054773383592399e-02 -6.827128104323340052e-01 -3.710896322801090719e+01 -1.686977351645165685e-02 9.992354712982148834e-01 -3.526180795756581055e-02 -4.430785999431355648e+00 6.826058069270947160e-01 3.727587884195432411e-02 7.298531268788093218e-01 7.065323916216064504e+01
7.241366089338256984e-01 -1.175634071643603257e-02 -6.895498993450324132e-01 -3.790863336016006713e+01 -1.581391474899381672e-02 9.993086720395423228e-01 -3.364156924038193275e-02 -4.484100744606566380e+00 6.894686837152590453e-01 3.526635470021775159e-02 7.234501395779323607e-01 7.147339303505023622e+01
7.197761129861139917e-01 -1.089970225218722839e-02 -6.942506585614414139e-01 -3.870835636788531531e+01 -1.697911083069780086e-02 9.993011780658450638e-01 -3.328776961902513154e-02 -4.536370718001774271e+00 6.941287869280404754e-01 3.574008409684219928e-02 7.190881948069585139e-01 7.229245517089889006e+01
7.150055935775200266e-01 -1.184066807420932656e-02 -6.990076370583805376e-01 -3.952866055607830020e+01 -1.689120654477132069e-02 9.992721125676178318e-01 -3.420714024582831303e-02 -4.593320150596786888e+00 6.989038867503788444e-01 3.626678874238421085e-02 7.142851734172401823e-01 7.311570350246094563e+01
7.094412293217664534e-01 -1.303388124979866676e-02 -7.045912352072409846e-01 -4.035511701293869180e+01 -1.782712084774158018e-02 9.991771137046294715e-01 -3.642979786968834899e-02 -4.651598054886489031e+00 7.044864063562040757e-01 3.840565501731831033e-02 7.086251972606223415e-01 7.393169092711542589e+01
7.045704801987145993e-01 -1.555855817153573191e-02 -7.094000735229369914e-01 -4.118115815885325759e+01 -1.734711979299606577e-02 9.990831979961002363e-01 -3.912510864345154771e-02 -4.708581577089051784e+00 7.093585808636708734e-01 3.987150158553962737e-02 7.036547214824619978e-01 7.475055130470150289e+01
6.991065633260574730e-01 -1.629506554782677794e-02 -7.147876218398964143e-01 -4.202581870343360038e+01 -1.808743395584361605e-02 9.990173248416345242e-01 -4.046405149093849907e-02 -4.767815286642314909e+00 7.147446199562531577e-01 4.122042396241845652e-02 6.981249292761559921e-01 7.555671532927864575e+01
6.937983291001358355e-01 -1.618254459709271911e-02 -7.198981481547371830e-01 -4.287753835136045666e+01 -1.695370412275053543e-02 9.991033835000614483e-01 -3.879889001605441035e-02 -4.826842548504958863e+00 7.198803653578077499e-01 3.913011428295875421e-02 6.929019868932114745e-01 7.636588349354809679e+01
6.901652169888764510e-01 -1.648022351693093079e-02 -7.234363308986139218e-01 -4.374325169691155679e+01 -1.589670443945918887e-02 9.991540410926051941e-01 -3.792546715949315222e-02 -4.885800076947881543e+00 7.234491837145187176e-01 3.768071840500047953e-02 6.893194266681218485e-01 7.716047726051861844e+01
6.849707954802225496e-01 -1.664873203097143317e-02 -7.285422146015256839e-01 -4.461480815753489537e+01 -1.542279732467411596e-02 9.991834473649271464e-01 -3.733955981925088374e-02 -4.949577569644273645e+00 7.285693398063270987e-01 3.680836347303625966e-02 6.841547781509443871e-01 7.797359530231344138e+01
6.812784001710386894e-01 -1.731172110209214937e-02 -7.318430691065483940e-01 -4.548376075357258941e+01 -1.487952051962741079e-02 9.991862390855896781e-01 -3.749157203788312798e-02 -5.006231749102073358e+00 7.318964475718658935e-01 3.643650563744347398e-02 6.804664592045229776e-01 7.877752028171754262e+01
6.754085576150782311e-01 -1.931038457242272716e-02 -7.372400365337995476e-01 -4.636831065177405264e+01 -1.311258935672732912e-02 9.991844951476034353e-01 -3.818677411729042709e-02 -5.066923534536893037e+00 7.373766213322738849e-01 3.545212188030830158e-02 6.746046925604997080e-01 7.957330780328045705e+01
6.716643066067335965e-01 -1.983391462342659964e-02 -7.404661533901993886e-01 -4.726166728030208475e+01 -1.133374375187449525e-02 9.992494636689681631e-01 -3.703906485628741252e-02 -5.125755103384978639e+00 7.406450144538587743e-01 3.327147955963773857e-02 6.709354972070560308e-01 8.037875279718157628e+01
6.694519758769076345e-01 -2.283924031598360410e-02 -7.424736335166328693e-01 -4.815761199151575056e+01 -8.260745756717903510e-03 9.992364973819435336e-01 -3.818249338362694062e-02 -5.189169989028952656e+00 7.427790631003901023e-01 3.169172832865667366e-02 6.687521962777395190e-01 8.117469275476724988e+01
6.636087845708958932e-01 -2.756052537343586448e-02 -7.475252348767924548e-01 -4.906152598709982726e+01 -5.470884913059141826e-03 9.991155898668125923e-01 -4.168671725431304792e-02 -5.250150781966786084e+00 7.480128524812560409e-01 3.175621075459863357e-02 6.628710044380240474e-01 8.196905310751677121e+01
6.595135716476022703e-01 -3.168803295771446815e-02 -7.509239504719605884e-01 -4.997239700978256138e+01 -1.198897532257072818e-03 9.990654645790197907e-01 -4.321567158390170194e-02 -5.308475662355439439e+00 7.515911142321235472e-01 2.940848033954131246e-02 6.588591489883744989e-01 8.276849048777235396e+01
6.541516311903292635e-01 -3.563043949560122658e-02 -7.556250574546389265e-01 -5.089448627250474289e+01 4.278334301990452566e-03 9.990482281292496491e-01 -4.339431678736025561e-02 -5.377221842804550178e+00 7.564525547988558696e-01 2.515035455925389990e-02 6.536813300267346749e-01 8.354558482444619472e+01
6.452712754370657500e-01 -3.903627572754427011e-02 -7.629791646721196807e-01 -5.182428433484049890e+01 9.345824975591086187e-03 9.990220810466939882e-01 -4.320512893606941185e-02 -5.444402346949828164e+00 7.639201326105258261e-01 2.074191972601133888e-02 6.450053567234852459e-01 8.433298375021534810e+01
6.369847462095139523e-01 -3.979149239966372348e-02 -7.698414067711745190e-01 -5.276619885221703754e+01 1.138629656315021631e-02 9.990439438248205350e-01 -4.222382228515730168e-02 -5.515832601158049187e+00 7.707846619240420472e-01 1.814255438313998672e-02 6.368282607255535410e-01 8.511525556702426343e+01
6.273635537709599808e-01 -3.947577719399469193e-02 -7.776050626830161017e-01 -5.372313651369766774e+01 1.363332066712052634e-02 9.991182572323089595e-01 -3.971303181368088936e-02 -5.577862625450737077e+00 7.784866754915122922e-01 1.431867118859373594e-02 6.273480854467740064e-01 8.588189935620468418e+01
6.178620563064789462e-01 -3.917245587223675690e-02 -7.853361010545873988e-01 -5.470913860522019689e+01 1.362645070489981042e-02 9.991415759547317421e-01 -3.912286437079363216e-02 -5.644192285976571632e+00 7.861944919116351516e-01 1.347040002993235737e-02 6.178656094532670728e-01 8.664428847527297251e+01
6.101937677487346834e-01 -3.914116073167375753e-02 -7.913385658535755374e-01 -5.568427520513490947e+01 1.142169887386319110e-02 9.991093137020913284e-01 -4.061822891822388509e-02 -5.709020407058866375e+00 7.922241584143462356e-01 1.573803066535033740e-02 6.100979204794112487e-01 8.739236733881749331e+01
5.994990175736600868e-01 -4.195679438594510785e-02 -7.992570205475810763e-01 -5.667759925416041966e+01 1.312154198107987058e-02 9.990065951319059279e-01 -4.259495411703424772e-02 -5.776434021256391382e+00 8.002495059945916589e-01 1.506008823840269961e-02 5.994532143131721114e-01 8.812262877718772813e+01
5.902637502220268173e-01 -4.379363929198545891e-02 -8.060875145404864384e-01 -5.768344475059717524e+01 1.298164819845359398e-02 9.989128518515059119e-01 -4.477769077307786061e-02 -5.846990892646501514e+00 8.071723495167658635e-01 1.596464205299625780e-02 5.901909401933133070e-01 8.885293053302251565e+01
5.797653558962192477e-01 -4.496977416328168387e-02 -8.134568181806862697e-01 -5.870481065725380176e+01 1.652665554635958725e-02 9.989194027265356768e-01 -4.343220769890896588e-02 -5.918127649130696888e+00 8.145311891985254071e-01 1.173138310036496088e-02 5.798821931289542819e-01 8.957538749671033429e+01
5.696650999251559044e-01 -4.440302970782541991e-02 -8.206860806343597714e-01 -5.973887835954850090e+01 1.833444805064252461e-02 9.989782368041554284e-01 -4.131208672258209619e-02 -5.984541955614979258e+00 8.216815017096620322e-01 8.499579759118056771e-03 5.698960967499980823e-01 9.028386926546475877e+01
5.576004323342373947e-01 -4.504340053184868742e-02 -8.287770171247959006e-01 -6.078260784371501302e+01 1.928599311514555062e-02 9.989602644404573795e-01 -4.130237243551685561e-02 -6.054321346300593376e+00 8.297760251544705756e-01 7.041047974220059590e-03 5.578892214954165318e-01 9.097908071640745220e+01
5.495340426831074598e-01 -4.651214618109492799e-02 -8.342681199828211325e-01 -6.183033241214680942e+01 1.856402476433505547e-02 9.988822433298379933e-01 -4.346725878388329328e-02 -6.120079434660797624e+00 8.353578618636741115e-01 8.395993311146701318e-03 5.497834987427616671e-01 9.166311584921612621e+01
5.377248099921194679e-01 -4.653646004472891673e-02 -8.418245252335045947e-01 -6.290211938687326665e+01 1.711813342933194912e-02 9.988723371989909339e-01 -4.428939266717509676e-02 -6.190977158206323772e+00 8.429361494082666661e-01 9.407822850364261358e-03 5.379150364751190683e-01 9.233334734411830880e+01
5.302328301690133472e-01 -4.682420724107109328e-02 -8.466630037408515719e-01 -6.397676817540311589e+01 1.567824356323277782e-02 9.988445843606482688e-01 -4.543506366692371540e-02 -6.276215629051197453e+00 8.478122237296217278e-01 1.081992668129928316e-02 5.303543767758807093e-01 9.300176092529216021e+01
5.193493130991568840e-01 -4.673984013218991651e-02 -8.532589508231182007e-01 -6.506817000861791200e+01 1.530943031090147878e-02 9.988519076420713239e-01 -4.539406455412602764e-02 -6.343444458933412022e+00 8.544009737586975017e-01 1.051312336103679863e-02 5.194685571289501258e-01 9.364730103225019775e+01
