1.0 0.0 0.0 0.0 0.0 1.0 0.0 0.0 0.0 0.0 1.0 0.0
0.9999343 0.011375416 0.0014075931 0.30395508 -0.011371806 0.99993205 -0.0025471007 -0.012451172 -0.0014364718 0.0025309254 0.99999577 0.0064697266
0.9998376 0.01798417 0.0012856738 0.5878906 -0.017976904 0.99982363 -0.005456203 -0.028076172 -0.0013835214 0.0054322127 0.99998426 0.0037841797
0.99978817 0.02058978 5.8662365e-05 0.8848877 -0.020588692 0.99975765 -0.007813875 -0.036499023 -0.0002194757 0.0078110113 0.9999695 0.009521484
0.9998207 0.018904716 -0.0011353551 1.1923828 -0.018914241 0.9997801 -0.009057854 -0.037719727 0.0009638555 0.0090777045 0.9999583 0.009643555
0.99991775 0.012562521 -0.0025811677 1.5157471 -0.0125921015 0.9998512 -0.011789602 -0.041625977 0.00243268 0.011821133 0.9999272 0.009399414
0.9999922 -0.0001905085 -0.0039503695 1.8394775 0.00014181371 0.99992406 -0.012323808 -0.037475586 0.0039524175 0.01232315 0.99991626 0.01965332
0.9998618 -0.01606721 -0.0042979503 2.1693115 0.016016327 0.99980426 -0.011621579 -0.020996094 0.004483804 0.011551165 0.9999232 0.024047852
0.99936324 -0.035423603 -0.004263691 2.5128174 0.035392497 0.99934775 -0.0071602045 0.00793457 0.0045145717 0.0070047043 0.99996525 0.029174805
0.9984846 -0.054718144 -0.0058498066 2.8637695 0.054703087 0.9984989 -0.0027041105 0.05029297 0.0059889657 0.0023799627 0.99997926 0.028686523
0.9972328 -0.07407098 -0.006198986 3.2296143 0.07405683 0.99725 -0.0024828983 0.08557129 0.0063658925 0.0020168887 0.9999777 0.029907227
0.9955109 -0.09448428 -0.0056433976 3.6138916 0.094461344 0.9955202 -0.004203017 0.13317871 0.006015172 0.0036512178 0.99997526 0.033447266
0.99339813 -0.11464984 -0.0044705896 3.9974365 0.1146232 0.99339426 -0.0058200113 0.18261719 0.0051082512 0.0052692834 0.99997306 0.038330078
0.99122274 -0.1321832 -0.0032823633 4.3969727 0.13216984 0.9912219 -0.003998096 0.25048828 0.0037819215 0.003529231 0.99998665 0.04333496
0.98894083 -0.14823216 -0.0032179921 4.810547 0.14822042 0.9889412 -0.0036260125 0.32250977 0.0037200837 0.003108749 0.99998826 0.046875
0.98702264 -0.16057535 -0.0030379225 5.232666 0.16056679 0.98702455 -0.0028751995 0.40270996 0.0034601958 0.0023501613 0.99999124 0.051757812
0.98488355 -0.17314579 -0.0037368 5.675659 0.17312972 0.9848842 -0.004264269 0.48632812 0.0044187987 0.0035527619 0.9999839 0.056274414
0.9830519 -0.18326396 -0.0050835176 6.1240234 0.18322682 0.983047 -0.0070018135 0.56811523 0.006280749 0.005951647 0.99996257 0.067993164
0.9817114 -0.19024383 -0.0071122805 6.588623 0.19020782 0.98172903 -0.005443503 0.66345215 0.008017687 0.003991353 0.9999599 0.07104492
0.9801928 -0.19779143 -0.00932985 7.0646973 0.19774754 0.98023105 -0.005421095 0.7741699 0.010217851 0.0034684027 0.99994177 0.06982422
0.97887045 -0.2040993 -0.011775484 7.552368 0.20404008 0.978935 -0.0060398574 0.8763428 0.012760606 0.0035091476 0.99991244 0.07727051
0.97679657 -0.2137804 -0.0129310535 8.059937 0.2136482 0.9768505 -0.010880398 0.98413086 0.01495734 0.007865159 0.9998571 0.08276367
0.97522795 -0.22081229 -0.0128727155 8.57666 0.22059923 0.9752277 -0.016135521 1.0935059 0.016116904 0.012895571 0.9997869 0.09777832
0.97361666 -0.22775023 -0.014459028 9.103516 0.22749253 0.97362685 -0.017510287 1.2180176 0.018065326 0.013758896 0.9997421 0.11621094
0.9712501 -0.23724264 -0.020013932 9.634399 0.23701252 0.97142255 -0.013212349 1.3665771 0.022576747 0.008090362 0.99971247 0.11608887
0.9692158 -0.24500023 -0.024290781 10.19104 0.24481063 0.96951073 -0.010540855 1.5223389 0.026132941 0.004270054 0.9996494 0.12524414
0.96685207 -0.25412467 -0.025005758 10.75354 0.2538406 0.96714866 -0.013997303 1.6699219 0.027741216 0.0071860114 0.99958926 0.14477539
0.96452695 -0.26269385 -0.026135437 11.324951 0.26237395 0.9648505 -0.015060743 1.8249512 0.02917293 0.007670118 0.999545 0.16760254
0.9623616 -0.27020895 -0.029444681 11.910889 0.26986605 0.9627895 -0.015128594 2.0014648 0.032436226 0.0066125393 0.9994517 0.18725586
0.9601165 -0.27759752 -0.033122048 12.503296 0.27725548 0.96067566 -0.014601745 2.1801758 0.035872962 0.0048340326 0.9993446 0.20458984
0.9575814 -0.28555918 -0.038524978 13.107788 0.28515 0.958347 -0.015843755 2.3665771 0.04144529 0.004184516 0.99913186 0.22961426
0.955411 -0.29177624 -0.045622148 13.718872 0.29128745 0.95649457 -0.017164234 2.5621338 0.04864496 0.0031117825 0.99881124 0.26513672
0.95376146 -0.29570767 -0.05370821 14.348999 0.29519296 0.9552724 -0.017461192 2.761963 0.05646909 0.0007978515 0.9984039 0.2927246
0.9526225 -0.29757372 -0.06298233 14.986938 0.29707456 0.95469964 -0.01737089 2.967163 0.06529636 -0.002160709 0.9978637 0.33129883
0.95045435 -0.30232042 -0.072504096 15.634033 0.30192396 0.9531966 -0.016637146 3.187378 0.07413779 -0.0060759056 0.99722934 0.3696289
0.9485328 -0.30640838 -0.08039263 16.292847 0.30612192 0.95188874 -0.01616272 3.40271 0.08147646 -0.009271871 0.99663186 0.42260742
0.9463678 -0.3109233 -0.087794915 16.959717 0.31089738 0.95033 -0.014314013 3.6367188 0.08788693 -0.013743155 0.9960378 0.47827148
0.9447054 -0.3140445 -0.094295956 17.63916 0.31424198 0.94924486 -0.013142779 3.8826904 0.09363602 -0.017221507 0.9954563 0.5419922
0.9425616 -0.31837565 -0.100933395 18.328247 0.31890124 0.9477056 -0.01131973 4.1271973 0.099260144 -0.021521177 0.99482924 0.61157227
0.9399621 -0.32449856 -0.10569165 19.034302 0.3254161 0.9455282 -0.008929875 4.3841553 0.10283199 -0.026000261 0.99435884 0.6833496
0.9385355 -0.32790187 -0.10782117 19.742798 0.32896578 0.9443025 -0.008272098 4.649658 0.104530185 -0.027707323 0.99413574 0.75390625
0.93580073 -0.3357035 -0.10731383 20.46643 0.3368719 0.941488 -0.007604804 4.9160156 0.10358749 -0.029050667 0.994194 0.8400879
0.9340853 -0.3411224 -0.10543031 21.200317 0.342362 0.93954223 -0.006678384 5.187134 0.10133258 -0.029857887 0.99440414 0.92333984
0.93195647 -0.3473971 -0.103870414 21.937988 0.34848592 0.9372875 -0.008059448 5.47229 0.100156896 -0.028681587 0.99455893 1.0039062
0.9299964 -0.35360163 -0.10023261 22.679932 0.35476252 0.9349204 -0.0066015013 5.7612305 0.09604279 -0.029425915 0.99494123 1.0847168
0.9258307 -0.3654807 -0.09599805 23.446655 0.366739 0.93028814 -0.004837741 6.0738525 0.09107285 -0.03073762 0.99536854 1.1617432
0.9236556 -0.37221062 -0.09158933 24.198364 0.37354556 0.927646 -0.0027489539 6.38855 0.08598504 -0.03166848 0.99579215 1.2437744
0.92089146 -0.37959117 -0.08868093 24.959473 0.38121063 0.92448634 0.0014314929 6.71875 0.08144016 -0.03513302 0.99605703 1.3162842
0.9170706 -0.38892266 -0.08793728 25.725464 0.39051348 0.9206027 0.0009699748 7.0528564 0.08057889 -0.035226118 0.99612606 1.3867188
0.9132406 -0.39786804 -0.08765198 26.506958 0.39959615 0.91668385 0.0023682038 7.3951416 0.079403065 -0.037192814 0.9961472 1.4611816
0.9099159 -0.4055248 -0.08673166 27.282593 0.4072803 0.9132538 0.0028040207 7.7490234 0.07807047 -0.037880458 0.99622846 1.5270996
0.9058525 -0.41485682 -0.08522851 28.069824 0.4166768 0.90901375 0.0039547104 8.120239 0.07583246 -0.039107837 0.99635214 1.5974121
0.90248597 -0.42271674 -0.08270862 28.866577 0.42444056 0.90545493 0.0036355348 8.503174 0.073351555 -0.038386606 0.99656665 1.6662598
0.89981246 -0.4291211 -0.07861287 29.662476 0.4307099 0.90247566 0.0036391073 8.8897705 0.06938113 -0.037133094 0.99689865 1.7336426
0.89601207 -0.43786243 -0.07369947 30.479126 0.4394134 0.898264 0.005480267 9.294067 0.06380364 -0.03729543 0.9972655 1.7927246
0.8935029 -0.44384313 -0.06850046 31.297241 0.44508186 0.89550525 0.0031853174 9.703125 0.059928045 -0.033335228 0.9976454 1.8620605
0.88937163 -0.45243415 -0.06641836 32.12671 0.453666 0.8912147 0.0039322656 10.13269 0.057408795 -0.033627536 0.9977832 1.9221191
0.8862366 -0.45861426 -0.0654114 32.957764 0.4598471 0.8879993 0.004349291 10.567261 0.056092966 -0.033931598 0.99784917 1.9787598
0.8843214 -0.4625215 -0.06339171 33.79602 0.46366 0.8859886 0.0037227457 11.014526 0.054444134 -0.03269133 0.99798125 2.0280762
0.88079387 -0.46954328 -0.06117379 34.645264 0.4705419 0.88238156 0.0021957671 11.474976 0.052949652 -0.03072133 0.99812454 2.083496
0.87913394 -0.47265205 -0.060989186 35.505005 0.47361127 0.88072985 0.0014499701 11.945068 0.053027354 -0.030154273 0.9981381 2.139038
0.87718666 -0.47629532 -0.060671464 36.371338 0.47727594 0.8787477 0.0019241278 12.426025 0.052399896 -0.03063995 0.99815667 2.196289
0.87535226 -0.4796129 -0.06208344 37.247803 0.48061913 0.8769994 0.0014612218 12.913696 0.053744838 -0.031109523 0.9980699 2.2458496
0.8751975 -0.4799373 -0.060697224 38.136597 0.48092794 0.8767545 0.001970696 13.410278 0.052270938 -0.030913835 0.9981547 2.3029785
0.87489 -0.48071718 -0.05864289 39.04065 0.48165318 0.8763368 0.0021070014 13.914429 0.05038031 -0.030091234 0.99827695 2.3596191
0.8747093 -0.48132044 -0.05725698 39.95459 0.48217064 0.8761135 0.0011893109 14.427002 0.0495917 -0.028646892 0.9983584 2.4152832
0.8754194 -0.4799586 -0.05687657 40.87683 0.48065794 0.8768805 -0.0015640601 14.937134 0.050626524 -0.02597173 0.99838006 2.4725342
0.8732539 -0.48377916 -0.057153746 41.815796 0.48440227 0.8747704 -0.0033166837 15.465454 0.05160379 -0.024791975 0.99836034 2.529663
0.8721864 -0.4862349 -0.05420675 42.743896 0.48679167 0.87355274 -0.0032957147 15.990601 0.04895574 -0.023507893 0.9985244 2.588501
0.87022424 -0.49022046 -0.05033115 43.67749 0.49069947 0.8714038 -0.0031993892 16.52478 0.04542622 -0.021913225 0.9987267 2.644043
0.86734676 -0.49551776 -0.04511506 44.618774 0.4958765 0.86830604 -0.0036410769 17.055298 0.040981065 -0.01921338 0.99897575 2.7086182
0.86521 -0.4996375 -0.0417707 45.543457 0.4999001 0.8660536 -0.0046596546 17.593628 0.038501516 -0.016850587 0.99911636 2.7592773
0.85923815 -0.50988424 -0.043356664 46.4729 0.5100586 0.86019295 -0.00776902 18.14392 0.04125601 -0.015434072 0.99902934 2.8104248
0.8536257 -0.5189671 -0.046209928 47.388306 0.51913923 0.8547224 -0.009134037 18.703247 0.044235114 -0.016188031 0.9988898 2.8704834
0.8472768 -0.529102 -0.045363203 48.30127 0.52925223 0.8483415 -0.009614969 19.276123 0.043573942 -0.01586227 0.9989247 2.9176025
0.8425993 -0.53696316 -0.041234147 49.210693 0.5371474 0.8434575 -0.0074173217 19.869995 0.038759526 -0.015896823 0.9991221 2.9678955
0.8378123 -0.54475427 -0.037709013 50.113037 0.5449917 0.8384942 -0.004576913 20.467896 0.03410846 -0.016718639 0.99927783 3.0212402
0.83299184 -0.5518369 -0.040017433 51.00659 0.5521592 0.8337324 -0.0035030488 21.065796 0.035295483 -0.01918524 0.99919236 3.067871
0.8298202 -0.5562611 -0.044905525 51.8916 0.5566557 0.8307586 -0.004332797 21.667725 0.039715633 -0.021397091 0.998982 3.110962
0.8270959 -0.5597931 -0.051085226 52.774414 0.5602591 0.82833475 -0.006029204 22.275269 0.04569072 -0.02362933 0.99867624 3.1704102
0.8231308 -0.56547755 -0.05232068 53.655273 0.56590766 0.8244614 -0.0076128044 22.891846 0.047441784 -0.02333738 0.99860156 3.2264404
0.8211616 -0.56860995 -0.048613302 54.542236 0.5690403 0.82228094 -0.0058188215 23.508911 0.043285947 -0.022885015 0.99880075 3.2839355
0.8177624 -0.57402295 -0.042894173 55.42871 0.5743594 0.8186344 -0.005249871 24.13977 0.038126744 -0.02034789 0.99906516 3.331665
0.81447387 -0.5786241 -0.040977657 56.309082 0.57901186 0.81522304 -0.0028770696 24.773315 0.035072703 -0.02138262 0.9991563 3.383789
0.8131054 -0.58051467 -0.04245581 57.17749 0.58100575 0.8138618 -0.0009290795 25.409546 0.035096265 -0.023911417 0.99909806 3.4298096
0.8086993 -0.58677596 -0.04339056 58.05713 0.5872135 0.8095387 -0.0031923882 26.0531 0.037000168 -0.022886984 0.99905324 3.4715576
0.80391365 -0.59305197 -0.044972263 58.926758 0.593463 0.8048521 -0.0050322325 26.698486 0.039175443 -0.022643646 0.9989754 3.5266113
0.80117714 -0.5968383 -0.04443307 59.795654 0.5972124 0.802109 -0.0057651806 27.351807 0.039082624 -0.021913052 0.9989958 3.5726318
0.7962814 -0.60339457 -0.043111395 60.66577 0.603716 0.79717696 -0.006587625 28.023804 0.038346812 -0.020783018 0.99904835 3.6207275
0.79179287 -0.6093473 -0.042055454 61.532715 0.60965353 0.79264635 -0.00659791 28.687866 0.0373534 -0.020418264 0.99909335 3.6767578
0.7865494 -0.6161265 -0.042503305 62.39917 0.6164252 0.78743 -0.0072349505 29.372192 0.03792526 -0.020506984 0.99907017 3.7302246
0.7812296 -0.622821 -0.042797618 63.25464 0.623045 0.78216434 -0.009509553 30.062134 0.0394017 -0.019228853 0.999039 3.777954
0.7768574 -0.62838787 -0.042828135 64.11011 0.6286171 0.7777934 -0.0095692 30.76062 0.039322063 -0.019486392 0.99903643 3.8260498
0.77042496 -0.63603896 -0.04343766 64.966064 0.6362243 0.77141476 -0.011201963 31.471924 0.040633295 -0.019010235 0.9989932 3.8815918
0.76557666 -0.6419674 -0.043444507 65.8147 0.6420556 0.76661175 -0.013737448 32.185303 0.042121466 -0.017374452 0.9989614 3.934204
0.75870454 -0.65001416 -0.042958643 66.66284 0.6500678 0.759733 -0.014613213 32.910034 0.042139735 -0.016837325 0.9989702 3.9875488
0.7526685 -0.6569659 -0.041037537 67.50757 0.6570216 0.7536075 -0.0140178595 33.649902 0.0401353 -0.016416825 0.9990594 4.03833
0.74703556 -0.6637016 -0.03908967 68.342285 0.6636479 0.7479294 -0.016199773 34.395386 0.039991733 -0.013836088 0.9991044 4.096924
0.74041164 -0.6709281 -0.03873081 69.17871 0.6708431 0.7413043 -0.01708577 35.15674 0.040174425 -0.0133416895 0.9991032 4.1453857
0.7343733 -0.67769617 -0.039141744 70.00903 0.67756236 0.7353028 -0.018611748 35.934082 0.04139347 -0.012843109 0.9990607 4.2022705
0.72985125 -0.6823914 -0.041047588 70.83301 0.68230426 0.7308577 -0.018277094 36.714233 0.04247176 -0.014671693 0.99898964 4.255615
0.723451 -0.6892637 -0.039051373 71.65723 0.68915355 0.72437626 -0.01837369 37.509644 0.040950544 -0.013621123 0.99906814 4.310547
0.71908396 -0.6939275 -0.03953282 72.47949 0.69386226 0.72001845 -0.017581731 38.30591 0.040660743 -0.014790502 0.9990631 4.3640137
0.71428365 -0.69869775 -0.040068775 73.30615 0.6986053 0.71525514 -0.01859063 39.12256 0.041649424 -0.014711458 0.9990241 4.421875
0.7086244 -0.70426893 -0.04221872 74.12573 0.7041629 0.7097083 -0.019859927 39.94507 0.04395123 -0.015659193 0.99891084 4.480713
0.703662 -0.709126 -0.043696854 74.948 0.70893335 0.7048544 -0.022451255 40.767334 0.046717484 -0.015190895 0.998792 4.538086
0.69813234 -0.71450585 -0.04505509 75.75781 0.7143049 0.69940275 -0.023263527 41.608154 0.04813376 -0.015942138 0.99871373 4.5983887
0.69291234 -0.7196512 -0.042971548 76.5708 0.71942884 0.6940849 -0.023231504 42.456177 0.046546306 -0.014815542 0.9988065 4.659546
0.6893336 -0.72322494 -0.041527912 77.36865 0.7229716 0.69044596 -0.02358448 43.318726 0.045726873 -0.01376349 0.9988591 4.720581
0.684171 -0.7283491 -0.04066345 78.18555 0.7280805 0.68524945 -0.023829762 44.186523 0.04521662 -0.013297383 0.99888855 4.786255
0.6804862 -0.7316757 -0.040295698 78.992676 0.73137546 0.6815583 -0.024544537 45.05237 0.04542008 -0.012762552 0.9988866 4.8446045
0.6746354 -0.73715234 -0.039321184 79.79248 0.7367532 0.6756909 -0.026627107 45.932983 0.046199802 -0.011008576 0.99887145 4.9069824
0.670973 -0.7404269 -0.037143655 80.60132 0.73998463 0.67193687 -0.027206281 46.823242 0.045105543 -0.00923715 0.9989394 4.9681396
0.6688072 -0.7425538 -0.03557261 81.40015 0.7419631 0.6697244 -0.030245053 47.71631 0.0462846 -0.006170082 0.99890906 5.033203
0.6629482 -0.7477689 -0.035650667 82.19849 0.74695534 0.6638975 -0.035044618 48.61621 0.049871508 -0.0033986373 0.9987497 5.095093
0.6589613 -0.7513385 -0.03331376 83.001465 0.75031435 0.6598018 -0.039230794 49.52368 0.05146101 0.0008612331 0.9986751 5.1550293
0.65381217 -0.756199 -0.029068701 83.782715 0.7549875 0.6544282 -0.043254387 50.441895 0.05172073 0.0063266223 0.99864084 5.226074
0.6451637 -0.7636696 -0.024670726 84.57544 0.7623197 0.6455353 -0.046787173 51.366943 0.05165588 0.011371578 0.9985997 5.2956543
0.63699746 -0.7705421 -0.022074949 85.36279 0.7691839 0.637239 -0.04765857 52.304443 0.05078668 0.013391427 0.9986205 5.369873
0.62752634 -0.77826065 -0.018250642 86.13501 0.77696854 0.6275977 -0.047478445 53.256836 0.048404545 0.015614825 0.99870586 5.435425
0.618046 -0.78597546 -0.017402302 86.90283 0.78470534 0.6180944 -0.04730351 54.23828 0.047938246 0.015582316 0.9987289 5.504883
0.61027354 -0.79200107 -0.019668294 87.65552 0.7906955 0.6104441 -0.047368288 55.209473 0.049527965 0.013352536 0.99868333 5.5721436
0.5996463 -0.80002105 -0.018991923 88.3916 0.7985787 0.5997593 -0.05032151 56.197998 0.051639605 0.015015616 0.9985533 5.64209
0.5903925 -0.8069376 -0.019896237 89.1272 0.8053789 0.5905407 -0.05227431 57.199463 0.05393628 0.014843134 0.99843436 5.71521
0.5801029 -0.814308 -0.015657645 89.85571 0.81275004 0.58002394 -0.053590626 58.21631 0.052723434 0.018353676 0.9984401 5.790283
0.5701246 -0.82147294 -0.012417325 90.57007 0.81999886 0.5699051 -0.053158645 59.246094 0.050730035 0.02012982 0.9985097 5.861084
0.55812764 -0.82957333 -0.010947519 91.27173 0.8280845 0.55783874 -0.05395109 60.285156 0.05086484 0.02103689 0.99848354 5.9346924
0.5500273 -0.835149 -0.012298132 91.96069 0.83354807 0.5497907 -0.055517007 61.3291 0.053124446 0.020282961 0.9983818 6.003662
0.53815806 -0.8427286 -0.013294201 92.63721 0.8410968 0.5379941 -0.055683333 62.396484 0.054081574 0.018789778 0.99836004 6.078491
0.5305959 -0.84760267 -0.014697294 93.31055 0.8459237 0.53051656 -0.05605981 63.46753 0.05531231 0.017319396 0.9983193 6.1676025
0.51971227 -0.8541965 -0.014372827 93.96216 0.85251963 0.51963603 -0.056106422 64.55493 0.05539433 0.016905718 0.9983215 6.23938
0.51070374 -0.8596426 -0.013530115 94.61084 0.8581015 0.5106355 -0.053854816 65.64624 0.053203605 0.015898475 0.99845743 6.314453
0.5033383 -0.8639363 -0.010970221 95.253174 0.86249435 0.5031673 -0.052735824 66.75 0.051096305 0.017088793 0.998548 6.3935547
0.4948344 -0.86881495 -0.01068911 95.882324 0.86735904 0.49465716 -0.053077877 67.86841 0.051416248 0.017005393 0.9985333 6.463501
0.48769328 -0.8730828 -0.009886625 96.51196 0.8714982 0.48744008 -0.055752035 68.98535 0.053488467 0.018563837 0.9983952 6.5405273
0.48175037 -0.8762732 -0.008940334 97.1311 0.87451893 0.4813891 -0.059147928 70.105225 0.05614113 0.020677108 0.99820894 6.6207275
0.47475964 -0.88007444 -0.008490324 97.74585 0.87815076 0.47432235 -0.06219536 71.22998 0.058767486 0.02206393 0.9980274 6.6968994
0.47176173 -0.88168585 -0.007510071 98.351074 0.8795798 0.47119293 -0.06557301 72.35718 0.061371587 0.024327375 0.9978185 6.788452
0.46559057 -0.88487965 -0.004478134 98.956055 0.8828237 0.46484295 -0.06597021 73.49707 0.060451325 0.02676539 0.99781233 6.875366
0.462208 -0.8867405 -0.00050391065 99.54736 0.8848405 0.46125492 -0.06516675 74.63916 0.05801834 0.029672451 0.99787444 6.966797
0.45733938 -0.8893146 0.0039938227 100.14038 0.8876916 0.4562224 -0.06261194 75.77002 0.053867903 0.03218951 0.9980297 7.057495
0.455645 -0.8902111 0.007265557 100.71973 0.888696 0.4543583 -0.06259053 76.90015 0.052421983 0.03497223 0.9980123 7.133789
0.451396 -0.8921541 0.009169994 101.291504 0.8907674 0.45006385 -0.06130657 78.033936 0.05057639 0.03585388 0.9980772 7.216919
0.45117986 -0.8923121 0.0112426095 101.858154 0.89105153 0.44978335 -0.06028135 79.16284 0.04872568 0.03721645 0.9981188 7.2938232
0.44615108 -0.8948196 0.01434928 102.42822 0.89366955 0.4446103 -0.060304023 80.28076 0.04757843 0.03973903 0.9980774 7.3669434
0.44542623 -0.8951449 0.016876906 102.97754 0.8940695 0.44374332 -0.060871504 81.394775 0.047002006 0.04220205 0.9980029 7.4466553
0.44262087 -0.89664525 0.017234413 103.52661 0.8956456 0.4409847 -0.059461605 82.502686 0.04569639 0.041758396 0.99808264 7.517334
0.44060996 -0.8974356 0.02087557 104.06128 0.89664954 0.43887436 -0.058073327 83.61182 0.04294414 0.044297982 0.99809456 7.585449
0.4401576 -0.8976157 0.025415525 104.60693 0.8969988 0.438183 -0.059049923 84.70337 0.041866533 0.0487876 0.99793124 7.6557617
0.43760157 -0.8986787 0.026622381 105.12744 0.8980966 0.4355551 -0.05950687 85.77881 0.041894954 0.04995244 0.9978723 7.7281494
0.43656588 -0.89907277 0.02742967 105.647705 0.8984951 0.43444604 -0.06032212 86.849365 0.04231525 0.05098936 0.99780285 7.793213
0.43606934 -0.89948237 0.027737154 106.170654 0.8988552 0.43385714 -0.06181999 87.91821 0.043592565 0.051904548 0.9977007 7.859253
0.43604776 -0.89949876 0.025852738 106.6626 0.8987345 0.43387356 -0.06270796 88.95923 0.045217346 0.050583962 0.99769545 7.9317627
0.43908194 -0.8982023 0.023288574 107.1604 0.8973408 0.43704876 -0.062200714 90.00757 0.045684155 0.048188973 0.9977919 7.999878
0.4436902 -0.8960791 0.021256685 107.654785 0.895168 0.44178128 -0.061419662 91.031006 0.045649886 0.04627196 0.9978848 8.066406
0.44772854 -0.89394087 0.019312438 108.156006 0.8929317 0.44588906 -0.061799143 92.0459 0.046629194 0.044897098 0.9979018 8.134033
0.4558469 -0.8897996 0.0173901 108.66162 0.88873875 0.45410234 -0.061464168 93.07349 0.046795364 0.04347839 0.99795806 8.200684
0.46013474 -0.88757086 0.016577682 109.166504 0.88653344 0.45846948 -0.060376663 94.07178 0.045994055 0.04247696 0.9980381 8.262451
0.470409 -0.882369 0.015651146 109.68457 0.8813493 0.46880943 -0.05953879 95.0647 0.045196492 0.041793793 0.998103 8.323486
0.47811976 -0.8781879 0.014828345 110.21826 0.87720305 0.47659877 -0.058317587 96.05322 0.044145156 0.040888738 0.99818796 8.386108
0.48775652 -0.87277806 0.014164251 110.7478 0.8718253 0.4862931 -0.05734647 97.03076 0.04316984 0.04032513 0.9982538 8.44873
0.49700037 -0.8676508 0.011811672 111.29419 0.8665622 0.49557814 -0.058635727 98.000244 0.0450337 0.03937675 0.99820894 8.51062
0.50684905 -0.86204803 0.008155429 111.84326 0.86078227 0.5055394 -0.05977557 98.94531 0.047402605 0.037316594 0.9981786 8.569458
0.5194936 -0.8543983 0.0046596993 112.39575 0.85305 0.5183508 -0.05925062 99.89038 0.04820871 0.0347583 0.99823254 8.6328125
0.5310653 -0.84714484 0.0021043876 112.97534 0.8458354 0.5301028 -0.05695506 100.83594 0.047144327 0.032035626 0.9983748 8.694702
0.5429947 -0.83983666 0.0012801634 113.56152 0.8385942 0.5421073 -0.055223968 101.758545 0.04567926 0.031059477 0.9984732 8.7595215
0.55639815 -0.83097625 0.0010986598 114.156494 0.829855 0.55557793 -0.05267257 102.676025 0.043161076 0.030212555 0.9986109 8.81665
0.56711966 -0.8236844 0.0010562064 114.766846 0.8226244 0.56632376 -0.051453162 103.56714 0.041788746 0.030044883 0.99867445 8.879639
0.5780881 -0.816071 -0.0006465381 115.3833 0.8149467 0.5773333 -0.052018598 104.453125 0.042818554 0.029539276 0.99864584 8.936523
0.59048927 -0.80715233 -0.0014722794 116.01489 0.80598027 0.5897282 -0.05282633 105.32349 0.04350354 0.030003715 0.99860257 8.994507
0.6003462 -0.7996997 -0.0003136819 116.63501 0.7984915 0.5994605 -0.0547238 106.16748 0.04394987 0.03260601 0.99850184 9.050659
0.61112916 -0.7915831 -0.0020207139 117.276855 0.79040086 0.61035216 -0.053132873 106.99756 0.043290205 0.03087143 0.99858534 9.116699
0.6216261 -0.7833076 -0.0009441436 117.92456 0.78225845 0.6208548 -0.05099773 107.82373 0.040542718 0.030959463 0.99869794 9.168213
0.6311485 -0.77573264 0.0008787515 118.56543 0.7748228 0.6303527 -0.04915223 108.625244 0.037567437 0.03170349 0.9987912 9.219238
0.6427727 -0.7660264 0.00019196013 119.2251 0.76518494 0.642055 -0.047021113 109.42407 0.035892736 0.0303704 0.99889416 9.275757
0.65050215 -0.7593599 -0.002680168 119.8689 0.75846064 0.64989597 -0.046488248 110.19922 0.03704527 0.02820961 0.99891555 9.324707
0.6601711 -0.7510808 -0.005356028 120.52368 0.7501679 0.6596903 -0.045095365 110.96216 0.03740587 0.025752313 0.99896836 9.371704
0.66992444 -0.74247897 -0.006091307 121.19556 0.74155986 0.6694635 -0.044912722 111.708496 0.03743064 0.025570225 0.998972 9.421631
0.6782267 -0.73498887 -0.0052347505 121.85742 0.7341897 0.6777911 -0.042339303 112.43506 0.034650926 0.024873078 0.9990901 9.468506
0.68758005 -0.7261956 -0.0036704144 122.52905 0.7254739 0.6871057 -0.041379422 113.15088 0.03257414 0.025788495 0.9991365 9.512573
0.6960059 -0.7179156 -0.003712234 123.21094 0.7172371 0.6955559 -0.04016912 113.86572 0.03142764 0.025294898 0.99918586 9.562134
0.7022206 -0.71203464 -0.0053606955 123.87695 0.7113472 0.7018386 -0.039273698 114.5459 0.031731673 0.023758182 0.9992136 9.604248
0.71063685 -0.7034395 -0.0054864343 124.5603 0.7027981 0.7102841 -0.03784515 115.23389 0.030531729 0.023037218 0.9992681 9.649048
0.7174975 -0.6966218 -0.0041147945 125.226074 0.69608873 0.717157 -0.03532508 115.88501 0.027556662 0.022486525 0.9993676 9.685059
0.7246253 -0.68925565 -0.0036671995 125.90283 0.68882215 0.7243397 -0.03200394 116.543945 0.02471328 0.020665925 0.99948096 9.723145
0.7327244 -0.68048984 -0.0032218304 126.58203 0.6801129 0.7324613 -0.030142877 117.18628 0.022875503 0.019895058 0.9995404 9.759033
0.737865 -0.67487764 -0.0037035989 127.24487 0.67451996 0.73763305 -0.028962662 117.805176 0.02227849 0.018869005 0.99957365 9.805054
0.7466089 -0.6652827 -0.005460645 127.9126 0.6649644 0.74646395 -0.02587642 118.416504 0.021291193 0.01568921 0.99965024 9.82605
0.7557565 -0.6548004 -0.004173493 128.59912 0.6545592 0.7556254 -0.023054203 119.01172 0.018250816 0.014688257 0.99972546 9.861084
0.764399 -0.6446632 -0.0026646566 129.2666 0.64449483 0.76428235 -0.020066498 119.58057 0.014973332 0.013621526 0.999795 9.893311
0.7751601 -0.6317062 -0.0031685324 129.95068 0.63158834 0.7750962 -0.016067615 120.14673 0.012605264 0.010454179 0.99986595 9.91687
0.7832468 -0.62168497 -0.0055043255 130.61621 0.6215474 0.7832143 -0.015888222 120.68164 0.014189475 0.0090235 0.9998586 9.937012
0.7937047 -0.60841143 -0.006894286 131.28906 0.60827374 0.79369634 -0.015111278 121.206055 0.014661719 0.00780192 0.9998621 9.961426
0.80345815 -0.5953197 -0.0071168905 131.98633 0.5951868 0.8034543 -0.014666688 121.72705 0.014449867 0.00754888 0.99986714 9.983643
0.81284064 -0.5824998 -0.0060936343 132.67188 0.5823987 0.8128342 -0.012865115 122.22412 0.012444854 0.006908213 0.9998987 10.002319
0.82359624 -0.56728214 -0.004812871 133.37866 0.56721437 0.8235883 -0.010640711 122.720215 0.009998324 0.00603519 0.99993175 10.021118
0.8319181 -0.55485934 -0.0030294992 134.0752 0.5548184 0.8319045 -0.008781576 123.1936 0.007393738 0.0056247707 0.99995685 10.04126
0.84058475 -0.541613 -0.00011987495 134.79199 0.5415977 0.8405627 -0.0073367567 123.6582 0.0040741703 0.0061021154 0.99997306 10.055298
0.8490166 -0.5283625 0.0022163566 135.5166 0.5283659 0.8489976 -0.0057977457 124.11279 0.0011813524 0.00609342 0.99998075 10.065186
0.85643095 -0.5164202 0.0040584225 136.2439 0.5164361 0.8564083 -0.006228408 124.55786 -0.00026077777 0.0074297357 0.99997234 10.078735
0.86276704 -0.50561976 0.004600021 136.97437 0.5056399 0.86274564 -0.006146052 124.98584 -0.0008611395 0.007628314 0.99997056 10.088257
0.8699565 -0.49309924 0.004065672 137.71777 0.49311343 0.869949 -0.0039558127 125.41504 -0.0015864018 0.005445909 0.9999839 10.098267
0.8756802 -0.4829242 0.0035380488 138.4563 0.48293296 0.87567955 -0.0022523077 125.83423 -0.002010731 0.00368072 0.9999912 10.101074
0.88174754 -0.47164312 0.004063447 139.21802 0.47165003 0.88175267 -0.00089902803 126.249756 -0.0031588995 0.002709511 0.99999136 10.105469
0.8875498 -0.46063647 0.00427981 139.97998 0.4606463 0.8875536 -0.0016468703 126.6499 -0.003039788 0.003433187 0.9999895 10.119629
0.89202195 -0.4520626 0.0035719685 140.75049 0.45207253 0.8920199 -0.002730053 127.03711 -0.0019522323 0.0040497677 0.99998987 10.126343
0.8969003 -0.44225064 0.0033464006 141.53833 0.44226053 0.8968958 -0.0032477435 127.428955 -0.0015653347 0.004393115 0.99998915 10.124023
0.9003602 -0.435164 0.003842606 142.31274 0.4351735 0.90036154 -0.0020737885 127.82202 -0.0025574146 0.0035394747 0.9999905 10.127563
0.9027822 -0.4300838 0.0064694793 143.11328 0.43009192 0.9028016 0.00015040464 128.21094 -0.0059052175 0.0026465137 0.99997914 10.140137
0.9058495 -0.423517 0.009437118 143.93481 0.4235084 0.9058978 0.0029863305 128.58765 -0.009813495 0.0012914673 0.99995106 10.138062
0.9089212 -0.41684023 0.011070856 144.75903 0.41678807 0.9089875 0.0067687 128.97705 -0.012884584 -0.0015382618 0.99991584 10.129028
0.9122514 -0.40943518 0.012374135 145.59668 0.4093455 0.9123293 0.0091854045 129.35791 -0.015050124 -0.0033143684 0.9998813 10.126953
0.91490304 -0.40344173 0.014432579 146.44409 0.40331492 0.9150073 0.010954399 129.74536 -0.017625451 -0.004202269 0.99983585 10.112061
0.9180461 -0.39603183 0.016796196 147.31519 0.39586195 0.91818666 0.012597801 130.1228 -0.020412197 -0.004915364 0.99977964 10.10022
0.9214135 -0.3881227 0.019421928 148.20874 0.38794065 0.92160946 0.012553136 130.49438 -0.02277128 -0.004033299 0.9997327 10.092529
0.92449933 -0.38066643 0.020551287 149.10107 0.38047856 0.9247199 0.012540723 130.86133 -0.023777274 -0.003777279 0.9997102 10.078003
0.92800343 -0.372028 0.020939054 150.00073 0.3718506 0.92823374 0.0119514875 131.22974 -0.02388302 -0.003305245 0.9997092 10.048828
0.93226826 -0.36103526 0.022025628 150.93823 0.36090046 0.93252754 0.009953267 131.58716 -0.024133628 -0.00132792 0.99970776 10.041626
0.935542 -0.35260934 0.020511605 151.87964 0.35250986 0.93576676 0.0083993655 131.94409 -0.022155592 -0.00062579685 0.9997542 10.01709
0.93995273 -0.34074438 0.01942307 152.8396 0.34065998 0.9401532 0.0076037315 132.29492 -0.020851593 -0.0005304096 0.9997824 10.007324
0.9446142 -0.3276913 0.01789239 153.80566 0.3275763 0.9447795 0.009102106 132.64746 -0.019886805 -0.0027366937 0.9997985 9.98645
0.9501682 -0.3113003 0.018187867 154.80371 0.31110147 0.95031905 0.012965328 132.98657 -0.021318687 -0.006660423 0.9997504 9.969482
0.9560781 -0.29236484 0.020163711 155.82788 0.29204836 0.956232 0.017236665 133.29932 -0.024321377 -0.010589798 0.9996481 9.946777
0.9619647 -0.27239347 0.02128346 156.84448 0.2719942 0.9621079 0.019868761 133.61084 -0.025889223 -0.013323845 0.9995758 9.93042
0.9675843 -0.2516083 0.022145476 157.90137 0.25114405 0.96771365 0.021758946 133.89966 -0.026903598 -0.015492763 0.999518 9.916382
0.9727388 -0.23073722 0.023345944 158.93823 0.23019831 0.97285944 0.023641108 134.16943 -0.028166838 -0.017621627 0.9994477 9.885254
0.9776586 -0.20855398 0.026345711 160.03003 0.20792142 0.9778325 0.024846714 134.4065 -0.030943824 -0.018813884 0.99934393 9.869751
0.98218524 -0.18553716 0.029988823 161.13745 0.18478104 0.9824329 0.026301319 134.62646 -0.03434191 -0.020293837 0.9992043 9.830566
0.98595244 -0.16344574 0.03434614 162.26392 0.16250052 0.9862881 0.028729705 134.8247 -0.038571764 -0.022744438 0.99899685 9.809204
0.9893096 -0.14076003 0.037987635 163.38745 0.139635 0.9897182 0.030814853 135.00757 -0.041935846 -0.025180073 0.998803 9.766235
0.9921544 -0.11895981 0.0384237 164.5315 0.11777286 0.9925297 0.03181389 135.1648 -0.041921563 -0.027039047 0.99875504 9.727051
0.99469984 -0.095923565 0.037040938 165.69434 0.094729304 0.99496454 0.03275314 135.2898 -0.039996356 -0.02907089 0.99877673 9.69104
0.9965575 -0.074393824 0.036606286 166.85254 0.07323842 0.9968027 0.031957332 135.3877 -0.03886666 -0.029167106 0.9988189 9.641724
0.99771625 -0.055415668 0.038630415 168.06177 0.054242626 0.9980539 0.030780762 135.46265 -0.040260527 -0.028615378 0.99877936 9.606323
0.998538 -0.0347943 0.04137285 169.25586 0.033536375 0.9989652 0.030726217 135.51855 -0.04239899 -0.029294068 0.9986715 9.571533
0.99897194 -0.01310156 0.04339399 170.47119 0.011732092 0.9994299 0.031667855 135.54517 -0.043784026 -0.031126194 0.998556 9.521362
0.99903953 0.007205866 0.04322711 171.7102 -0.008643048 0.9994128 0.033155512 135.54565 -0.042962827 -0.033497218 0.9985151 9.479614
0.9986035 0.027293518 0.045228492 172.93945 -0.028847633 0.9990032 0.034068633 135.53516 -0.044253606 -0.035325933 0.9983953 9.432861
0.99791485 0.04648361 0.044785693 174.18872 -0.04812321 0.99818325 0.036252175 135.48877 -0.043019094 -0.03833151 0.99833846 9.382324
0.996739 0.067077756 0.04488179 175.47168 -0.06873991 0.9969647 0.03657768 135.41382 -0.04229234 -0.039542545 0.9983224 9.333862
0.99520344 0.08768122 0.043384075 176.7417 -0.0893134 0.99530697 0.037239354 135.31787 -0.039915483 -0.040935133 0.99836445 9.293091
0.9935092 0.10589243 0.041550554 178.00293 -0.10752524 0.99342775 0.039247468 135.19922 -0.037121814 -0.043460883 0.9983651 9.248901
0.9912988 0.12531978 0.040203683 179.31226 -0.12694816 0.99106234 0.04090036 135.05322 -0.034717556 -0.045647413 0.9983545 9.209106
0.9886454 0.14542267 0.037916645 180.63574 -0.14692669 0.98832285 0.040454328 134.86914 -0.031592555 -0.045565955 0.99846166 9.172607
0.98560643 0.1657359 0.033329546 181.95361 -0.167076 0.98502666 0.04250114 134.67163 -0.025784435 -0.04745772 0.9985397 9.140015
0.98254424 0.18393275 0.027653696 183.28394 -0.18501455 0.98175985 0.043658867 134.44849 -0.019117523 -0.048013214 0.9986637 9.121948
0.97927123 0.20118551 0.023436375 184.60718 -0.20208994 0.97826445 0.046441413 134.20142 -0.013585581 -0.05021591 0.9986465 9.096069
0.97572654 0.21806888 0.020089462 185.93994 -0.21880874 0.97455263 0.048685454 133.91968 -0.008962229 -0.051899172 0.9986122 9.093994
0.97157085 0.23596434 0.019187894 187.26196 -0.23665284 0.97024256 0.051215097 133.61621 -0.00653392 -0.054299578 0.9985038 9.090454
0.96699286 0.25392494 0.019907223 188.61743 -0.2546242 0.9656886 0.050598532 133.27026 -0.006368299 -0.05399893 0.9985201 9.085205
0.9622742 0.27144188 0.019191511 189.98242 -0.2720734 0.9610151 0.049475268 132.90259 -0.0050179157 -0.052830245 0.99859136 9.085693
0.9574433 0.28815147 0.01567758 191.30688 -0.2885767 0.95616037 0.049558252 132.53223 -0.0007084546 -0.051974483 0.9986483 9.10083
0.95293903 0.3028897 0.0126680825 192.63916 -0.30313143 0.951519 0.05213952 132.12964 0.0037379079 -0.053526193 0.9985596 9.103638
0.94603854 0.32372195 0.013234854 194.0393 -0.32395872 0.9445627 0.053026743 131.66846 0.0046689734 -0.05445461 0.9985052 9.11499
0.94053024 0.33945304 0.014541169 195.39087 -0.33972347 0.9388894 0.05577576 131.20703 0.00528015 -0.057398375 0.99833703 9.133057
0.93423504 0.3565145 0.0128977625 196.72559 -0.35663792 0.93243915 0.05857011 130.7168 0.0088498425 -0.059317168 0.99819994 9.152344
0.9273824 0.37397444 0.010469471 198.06006 -0.37390918 0.9255529 0.05957883 130.1936 0.01258678 -0.05916814 0.9981693 9.177368
0.91988856 0.39213708 0.008411511 199.45044 -0.39189205 0.91800404 0.061058097 129.63159 0.016213194 -0.059464086 0.99809957 9.203003
0.9120106 0.41012955 0.0049336157 200.77856 -0.40964153 0.9101904 0.061165698 129.04932 0.020594683 -0.057802666 0.99811554 9.240845
0.9036854 0.4282549 0.0012726663 202.10669 -0.42743778 0.9017698 0.06449471 128.45068 0.0264667 -0.058825 0.9979175 9.287842
0.8928662 0.45030722 4.9421564e-05 203.45361 -0.4492732 0.8908084 0.06780863 127.82153 0.030501094 -0.06056456 0.99769694 9.3376465
0.88066596 0.4737087 0.00071497075 204.77515 -0.4725648 0.8784319 0.07078527 127.13257 0.032913357 -0.06267622 0.9974903 9.3914795
0.8671722 0.49795124 0.0012951596 206.08862 -0.49664536 0.8647034 0.07468121 126.41528 0.036068182 -0.06540723 0.9972072 9.452881
0.8528268 0.5223133 0.0021687292 207.39844 -0.5208226 0.85006297 0.079149514 125.67505 0.03949157 -0.06863108 0.9968598 9.512085
0.8375936 0.5463587 0.0021783658 208.67578 -0.5446614 0.8346649 0.082182735 124.88379 0.043075558 -0.07001765 0.99661493 9.585327
0.8219231 0.56958795 0.0025018821 209.94434 -0.5677694 0.81893057 0.083577044 124.06128 0.045557078 -0.0701202 0.9964982 9.664307
0.8054985 0.59253347 0.0017906202 211.17456 -0.590498 0.8024757 0.085268885 123.201416 0.049095728 -0.06973294 0.99635565 9.746216
0.7889455 0.6143582 -0.00045447168 212.39014 -0.6119805 0.7859572 0.08729798 122.30127 0.054005418 -0.06859279 0.9961812 9.834473
0.77154124 0.6360775 -0.0027699124 213.59253 -0.6333282 0.7685963 0.089641795 121.36597 0.059151903 -0.067414604 0.9959711 9.933716
0.75500476 0.65583307 -0.004785804 214.76636 -0.6528142 0.75218964 0.09064947 120.394775 0.06303389 -0.06532184 0.9958722 10.034546
0.73913693 0.67350405 -0.006246479 215.92139 -0.67020375 0.7363722 0.09250337 119.39087 0.06689094 -0.06419437 0.9956946 10.144409
0.7237285 0.6899598 -0.006881769 217.0625 -0.6865375 0.72106636 0.09277392 118.34277 0.06896987 -0.062409062 0.9956641 10.26001
0.70772076 0.70651513 -0.0070418166 218.16821 -0.70302284 0.7051475 0.092761524 117.29028 0.0705057 -0.06069198 0.9956621 10.377075
0.69291496 0.7209251 -0.008658821 219.24731 -0.71723795 0.69049215 0.09344104 116.224365 0.07334288 -0.058545135 0.9955881 10.494263
0.67748916 0.7355837 -0.01132356 220.31445 -0.731583 0.67526346 0.09491176 115.11035 0.07744917 -0.05602884 0.9954218 10.621826
0.66387975 0.74764943 -0.013495115 221.35474 -0.7432802 0.6617603 0.09750064 113.98779 0.08183357 -0.05469597 0.995144 10.757202
0.6502621 0.759533 -0.014460843 222.3916 -0.7548866 0.6481828 0.099725574 112.83032 0.08512525 -0.05393114 0.99490964 10.887085
0.6333881 0.77374107 -0.013647666 223.375 -0.76909053 0.6313412 0.09977258 111.65967 0.08579062 -0.052702405 0.99491906 11.035278
0.6172848 0.78671056 -0.010492667 224.36084 -0.78208864 0.6150008 0.10084626 110.4751 0.085811794 -0.054051556 0.99484456 11.179443
0.6006551 0.7994983 -0.0061643356 225.32568 -0.79497147 0.5980395 0.10194589 109.262695 0.085183926 -0.05634073 0.994772 11.328735
0.5799441 0.8145323 -0.0006119665 226.23535 -0.81020623 0.57694083 0.102489665 108.033936 0.08385022 -0.058944896 0.99473375 11.471069
0.56317717 0.82630366 0.0032816913 227.1333 -0.82205826 0.559873 0.1035438 106.81421 0.0837161 -0.061013233 0.9946204 11.615967
0.54551166 0.83798456 0.0058336123 227.96777 -0.8334874 0.5418358 0.107492924 105.5791 0.086906746 -0.06351816 0.99419165 11.77124
0.5289593 0.84870666 0.009387295 228.78223 -0.8440905 0.52486145 0.11053776 104.33545 0.08886828 -0.066375166 0.9938274 11.919312
0.5073366 0.8617869 0.012017978 229.57007 -0.85724103 0.5031199 0.11053841 103.07446 0.08919312 -0.06637165 0.9937995 12.07373
0.48800722 0.87269825 0.015297314 230.31982 -0.868433 0.48371652 0.108777605 101.80469 0.08751605 -0.0663702 0.99395 12.226318
0.4668389 0.8840001 0.01906131 231.01929 -0.8801003 0.46249005 0.10623351 100.53735 0.08510669 -0.06636846 0.99415857 12.375366
0.44444108 0.89546955 0.022543581 231.67407 -0.8918138 0.4399891 0.104779236 99.27026 0.083917305 -0.06666987 0.99423945 12.521973
0.42309037 0.9055866 0.024739793 232.32593 -0.9020897 0.41863203 0.10338254 97.95825 0.08328475 -0.066071816 0.994334 12.662598
0.4026556 0.91495514 0.026227793 232.9187 -0.9115067 0.39819232 0.102762416 96.67822 0.083583474 -0.06528246 0.99435973 12.804932
0.3813209 0.9241812 0.026267523 233.47168 -0.9207078 0.3769907 0.101881556 95.404785 0.08425213 -0.06303235 0.9944488 12.942383
0.3573522 0.93367755 0.025262374 234.01099 -0.9300399 0.3532063 0.10179135 94.1001 0.08611365 -0.05985726 0.9944845 13.085815
0.33748615 0.94114804 0.025052482 234.4895 -0.9374481 0.33346143 0.1013689 92.83667 0.08703233 -0.057677403 0.994533 13.221924
0.31736857 0.9480702 0.025220703 234.95508 -0.94445175 0.3135068 0.09956033 91.53223 0.0865127 -0.05539275 0.9947079 13.375
0.29576954 0.95481986 0.024815593 235.35913 -0.95121765 0.29210055 0.09820415 90.26221 0.086523905 -0.052683007 0.99485826 13.499023
0.27437282 0.9612466 0.02626415 235.75659 -0.9571694 0.27038488 0.10336794 88.99243 0.09225921 -0.053506095 0.9942968 13.640137
0.2543223 0.9666475 0.028409246 236.12573 -0.96170384 0.24971399 0.11254351 87.72266 0.10169622 -0.055958208 0.9932416 13.790283
0.23646075 0.971199 0.030819677 236.46143 -0.9654793 0.23125158 0.12023538 86.47778 0.10966503 -0.058165006 0.9922638 13.937866
0.21730445 0.9754749 0.034080062 236.76709 -0.9693748 0.21159887 0.124413386 85.23218 0.11414024 -0.060098656 0.99164754 14.109497
0.19572021 0.9799873 0.038507562 237.05103 -0.97409064 0.189681 0.12377959 83.968994 0.113994256 -0.061675355 0.99155945 14.266602
0.17809914 0.98303956 0.043613616 237.31128 -0.9773241 0.17156443 0.12404666 82.731445 0.11443608 -0.06468155 0.99131864 14.421997
0.15724707 0.986351 0.047988743 237.5437 -0.98081475 0.1503471 0.123761505 81.49097 0.11482996 -0.06651618 0.99115366 14.591553
0.13869493 0.9890753 0.049858272 237.73486 -0.98380464 0.13183394 0.12142743 80.257324 0.11352591 -0.06591599 0.9913484 14.750122
0.12107758 0.99123 0.052315433 237.90918 -0.9859587 0.1140086 0.121752225 79.0354 0.11471452 -0.06633153 0.9911821 14.901489
