1.000000000000000000e+00 4.398956837314658088e-19 2.733407509747682871e-20 -8.673617379884035472e-19 -5.583667658079949532e-19 1.000000000000000000e+00 -6.100159232558060012e-19 0.000000000000000000e+00 4.145284534913582806e-20 -2.210423569125054137e-19 1.000000000000000222e+00 0.000000000000000000e+00
9.999412947392647411e-01 -1.465842987181797865e-03 1.073584627673048950e-02 5.976091800032114210e-02 1.458426769671665457e-03 9.999986924810685407e-01 6.985876317131543053e-04 -8.217318173368917678e-03 -1.073685644431097812e-02 -6.828891706459538566e-04 9.999421251068127958e-01 2.868497449288116008e-01
9.998580786591069192e-01 -2.815709776877953034e-03 1.661006749750653863e-02 6.926383320633219820e-02 2.804915769350393127e-03 9.999958396743552358e-01 6.731093807257927664e-04 -1.065764500866481224e-02 -1.661189396163713708e-02 -6.264240002823994206e-04 9.998618167294662795e-01 5.659162727578369578e-01
9.998033349068637943e-01 -4.992597987811585661e-03 1.919285033727945178e-02 7.354139713810094181e-02 4.998582540547115427e-03 9.999874721951861334e-01 -2.638489599754524411e-04 -1.586700278412632448e-02 -1.919129293330369690e-02 3.597341412807302332e-04 9.998157654519487236e-01 9.004087799011357696e-01
9.998269771604719747e-01 -6.409657171275975202e-03 1.746230419751705620e-02 6.703179465807451720e-02 6.435521018147631438e-03 9.999782760100208723e-01 -1.425330118887115907e-03 -1.770231843287299600e-02 -1.745278927210291639e-02 1.537462564703834548e-03 9.998465063878568815e-01 1.185680800448991823e+00
9.998967529299597201e-01 -9.796233136796395069e-03 1.051272213408570473e-02 6.364214556590989946e-02 9.833039137678356578e-03 9.999456852420249842e-01 -3.455125227021051560e-03 -1.858939807794053600e-02 -1.047830410954557999e-02 3.558140552928674202e-03 9.999387705081834721e-01 1.514552425706452876e+00
9.999488735205375178e-01 -1.003087519915220154e-02 -1.277459848931263714e-03 4.625142147954484917e-02 1.002511183876658024e-02 9.999398862242343533e-01 -4.440839272333242140e-03 -2.546330633461010851e-02 1.321928580392100691e-03 4.427805596509925591e-03 9.999893234647819762e-01 1.834753915895777965e+00
9.997954722067661226e-01 -9.921993704523067101e-03 -1.762293344415340537e-02 1.813700808857490743e-02 9.839361305014063946e-03 9.999402178511824779e-01 -4.769452394950614293e-03 -3.526437635456038111e-02 1.766920268671132860e-02 4.595078532827959542e-03 9.998333283897794521e-01 2.143040745639313904e+00
9.993176793945651726e-01 -6.308906021089596625e-03 -3.639193992591775728e-02 6.142408848069935701e-05 6.133646081287714817e-03 9.999690582453469867e-01 -4.925538284303578214e-03 -4.271634930997730839e-02 3.642188928052511598e-02 4.698962222307780795e-03 9.993254553989158184e-01 2.500707808129722487e+00
9.984211466624354214e-01 -2.809723158808305130e-03 -5.610097347621649522e-02 -5.080330582210742379e-02 2.479269018546622662e-03 9.999791710925300947e-01 -5.959077327846964110e-03 -5.011701454889729013e-02 5.611654927833224782e-02 5.810579416889779386e-03 9.984073167778886315e-01 2.864923631301175000e+00
9.971010659491720274e-01 -2.143552341204992603e-03 -7.605832803582922297e-02 -9.593540952222268103e-02 1.670890191209731604e-03 9.999788999579672932e-01 -6.277560250402165754e-03 -5.188087055074420972e-02 7.607018079252075848e-02 6.132276890748146123e-03 9.970836088208617776e-01 3.213096764487306967e+00
9.953030466175929458e-01 -2.892974249314435829e-03 -9.676505465071519319e-02 -1.483064753039806116e-01 2.349915040733934618e-03 9.999808473234110817e-01 -5.725633784595465792e-03 -6.116154954352154283e-02 9.677976712292768458e-02 5.471351055549579859e-03 9.952907822786527525e-01 3.593139968759163416e+00
9.931943049690010739e-01 -4.229018355567571233e-03 -1.163923863124633473e-01 -2.135363719663098125e-01 3.688817464829524748e-03 9.999814046913583221e-01 -4.856221913549087048e-03 -7.390415670621623689e-02 1.164107610236902457e-01 4.393821617158705228e-03 9.931914364536168494e-01 3.970643718920137122e+00
9.909880343474090081e-01 -3.504009259503913787e-03 -1.339045824786603278e-01 -2.875398343176890914e-01 2.949804578423433597e-03 9.999862445783845866e-01 -4.336969253118881304e-03 -7.768431532783100224e-02 1.339179396605674754e-01 3.902892200078023413e-03 9.909847392189209403e-01 4.379853637791989662e+00
9.886459451059903536e-01 -2.908198071274028639e-03 -1.502356050183561442e-01 -3.671844391777152605e-01 2.351173585861292444e-03 9.999896886886944225e-01 -3.885163499466006819e-03 -8.598462881021319559e-02 1.502453573157624123e-01 3.487821049924746085e-03 9.886425887585726935e-01 4.782882491025098659e+00
9.865334076747780401e-01 -1.762266397121615936e-03 -1.635503875633907422e-01 -4.493367163336982606e-01 1.166713084366227757e-03 9.999923353203845622e-01 -3.737389405234341558e-03 -8.808351090944525896e-02 1.635557231066679107e-01 3.496243012089319570e-03 9.865279025004572988e-01 5.202422984155750996e+00
9.844765256687640909e-01 -2.827658132847039613e-03 -1.754935155090989463e-01 -5.419551934756369205e-01 2.075084555337326081e-03 9.999878489518343461e-01 -4.471685332260682058e-03 -9.422855369757217325e-02 1.755040305116512267e-01 4.038105234541590309e-03 9.844704311223582138e-01 5.652300797845051683e+00
9.827480854073841199e-01 -5.476606862324871414e-03 -1.848680788238224182e-01 -6.351664252850482972e-01 4.383087478529170203e-03 9.999704018488180246e-01 -6.323287391759913924e-03 -1.113904795347664817e-01 1.848972404265359915e-01 5.403905500510291712e-03 9.827430025863369556e-01 6.087186023493876164e+00
9.810948537295298699e-01 -5.052110577875348549e-03 -1.934615291428986861e-01 -7.275480185382361409e-01 3.559066492603161005e-03 9.999611492683527780e-01 -8.064303701641932151e-03 -1.197377955054122339e-01 1.934947581190019361e-01 7.223304307506013544e-03 9.810747185442132423e-01 6.534725365099800065e+00
9.796021802562464575e-01 -5.059840692486779201e-03 -2.008829646412449987e-01 -8.472797056301116791e-01 3.089066894377914298e-03 9.999439915912924359e-01 -1.012281293421876324e-02 -1.207881432846528852e-01 2.009229367975255698e-01 9.295788610199948870e-03 9.795629447634214282e-01 7.023397108379274556e+00
9.779474713107665362e-01 -5.611894180223482922e-03 -2.087755947634079567e-01 -9.514877303882951498e-01 3.079421806267647419e-03 9.999177143703970039e-01 -1.245317811406317955e-02 -1.316110858647612236e-01 2.088283050553808307e-01 1.153564584636366033e-02 9.778842819673791986e-01 7.492034506340232269e+00
9.763409374669117513e-01 -9.674733935895522136e-03 -2.160203052067223017e-01 -1.076759630133774959e+00 6.685459357541684994e-03 9.998715833398258424e-01 -1.456438984852074896e-02 -1.441350344796671901e-01 2.161334749284933576e-01 1.277561499419278997e-02 9.762802393656131450e-01 8.010803136563605875e+00
9.744503547558781564e-01 -1.467822182353428068e-02 -2.241228564154680580e-01 -1.185792268609435096e+00 1.148575303290003125e-02 9.998132536145880600e-01 -1.554140773866389061e-02 -1.605435710174843433e-01 2.243091263858438544e-01 1.257011042749619362e-02 9.744369704170985358e-01 8.518381056875394819e+00
9.723905115795722365e-01 -1.553094018849933249e-02 -2.328421818644929864e-01 -1.325228753899583278e+00 1.179922834009681544e-02 9.997787907913100458e-01 -1.741113650323242515e-02 -1.849832864915986752e-01 2.330610903728672634e-01 1.418306578904039023e-02 9.723586632773966176e-01 9.027687407935934161e+00
9.701785209722056935e-01 -1.210857675465311194e-02 -2.420888648585267922e-01 -1.458515793388663440e+00 7.015670440222930050e-03 9.997358054177719611e-01 -2.188834670229644619e-02 -1.810283666500748234e-01 2.422899471958610274e-01 1.953718810408098389e-02 9.700071551829276828e-01 9.555600776341014679e+00
9.681974508579326288e-01 -9.656684250001887695e-03 -2.500008863892959621e-01 -1.609968258421145437e+00 3.511924924248050091e-03 9.996809477674163391e-01 -2.501337736409152412e-02 -1.992301558568656816e-01 2.501626736457028266e-01 2.333990385043907545e-02 9.679224591958582868e-01 1.010336773641201980e+01
9.658415064337604328e-01 -1.190095312904458635e-02 -2.588600978762671811e-01 -1.780003713797961407e+00 5.119852560684200714e-03 9.996262436426458509e-01 -2.685442459299110241e-02 -2.223957723941169806e-01 2.590829449809640139e-01 2.461179236676518806e-02 9.655414485141434744e-01 1.066090003292424804e+01
9.635216936158077505e-01 -1.348675573576858452e-02 -2.672902014188896502e-01 -1.939831026755673982e+00 6.126690235312297166e-03 9.995792603034263646e-01 -2.835076763193545082e-02 -2.516500120690433606e-01 2.675601063080595976e-01 2.567897537875229660e-02 9.631989313353248594e-01 1.122099166231283895e+01
9.613731711126219937e-01 -1.333811086310924057e-02 -2.749249334001711009e-01 -2.114591060326914906e+00 4.998363920031022312e-03 9.995064846217075472e-01 -3.101295770645890251e-02 -2.762556391944208656e-01 2.752029127247830331e-01 2.844085064820029221e-02 9.609653877805146571e-01 1.179824617989398128e+01
9.590141709084983868e-01 -1.279815227586605063e-02 -2.830689413323178583e-01 -2.312398848012088060e+00 3.145201921818138562e-03 9.993987378348541117e-01 -3.452927032803428803e-02 -2.933949446653829618e-01 2.833406584235577674e-01 3.222375062472390694e-02 9.584778051355052897e-01 1.239019530107984934e+01
9.568304573646972955e-01 -1.417411756368064726e-02 -2.903008240151559449e-01 -2.487596919989551125e+00 2.674865331051333277e-03 9.991972967099084224e-01 -3.997008045720074759e-02 -3.304413873893088383e-01 2.906343442054427628e-01 3.746807484497335222e-02 9.561003206639341334e-01 1.298060141482010366e+01
9.548498861138429161e-01 -1.500664359508111466e-02 -2.967094432908093382e-01 -2.694982922915728718e+00 1.264438584679253904e-03 9.989196703888520990e-01 -4.645313006480537160e-02 -3.599170153656501281e-01 2.970860099628213624e-01 4.398059522809427691e-02 9.538373088942775357e-01 1.357440717918868955e+01
9.534671149368145748e-01 -1.565095282670350002e-02 -3.010905286811253467e-01 -2.903587860479908134e+00 -9.202877849102080029e-04 9.984959940924945654e-01 -5.481699405578852741e-02 -3.969990569942270509e-01 3.014956301060053856e-01 5.254329132741415720e-02 9.520186917944368776e-01 1.419265345344442686e+01
9.522339080099685438e-01 -1.551829373685233333e-02 -3.049750235702571310e-01 -3.104387073078448189e+00 -4.061060937263833402e-03 9.979760678040789923e-01 -6.346082144662941460e-02 -4.417072022713404711e-01 3.053425836971898621e-01 6.166806846688752120e-02 9.502436308243588092e-01 1.481963148761771976e+01
9.508731259957355908e-01 -1.467454321449006630e-02 -3.092328475356442286e-01 -3.338665761313591052e+00 -8.028356325188194462e-03 9.973711183214487574e-01 -7.201664957868289529e-02 -4.857217327242224769e-01 3.094767276949803581e-01 7.096132857740874988e-02 9.482555810137249797e-01 1.545310391386676052e+01
9.495397099199102131e-01 -1.358972568039908992e-02 -3.133522882390477049e-01 -3.580117029607534196e+00 -1.183117286738969050e-02 9.967979407908104106e-01 -7.908153113822208313e-02 -5.403779723320992767e-01 3.134236173238282852e-01 7.879837967663247400e-02 9.463384455770023074e-01 1.610491484215973301e+01
9.480230218028159461e-01 -1.265810137095325916e-02 -3.179498709669645873e-01 -3.808256555723641412e+00 -1.553467686067832969e-02 9.961758539018852332e-01 -8.597872934766317976e-02 -6.070585663865497583e-01 3.178223170991001378e-01 8.644906382512952681e-02 9.442010041768618134e-01 1.678057297130997938e+01
9.459966220882467525e-01 -1.121612226159765698e-02 -3.239823874364752276e-01 -4.037293845973811912e+00 -1.952441911796608948e-02 9.956157541569634617e-01 -9.147713985690077154e-02 -6.756666646304492208e-01 3.235879932977736573e-01 9.286263378970638360e-02 9.416301524937102929e-01 1.743964256227932452e+01
9.444102637070086459e-01 -9.495901817016649815e-03 -3.286321337953881372e-01 -4.290086716501481767e+00 -2.365807125290105700e-02 9.950285512401916277e-01 -9.673922610298339719e-02 -7.459464275442473369e-01 3.279169877545116130e-01 9.913632109229972289e-02 9.394905221913396609e-01 1.810992950593802675e+01
9.424302433695778136e-01 -7.340414558640785507e-03 -3.343222282926214817e-01 -4.539664643410637801e+00 -2.771759315043116623e-02 9.946041566232836084e-01 -9.997152918630745899e-02 -8.263440270034753121e-01 3.332521160475436783e-01 1.034828007399861138e-01 9.371415792059119010e-01 1.880887531838517290e+01
9.409380884066325113e-01 -6.194735729087376234e-03 -3.385219883750627545e-01 -4.808503506141090789e+00 -2.996592876152861726e-02 9.943853167983525143e-01 -1.014883483094337346e-01 -9.054102247736331988e-01 3.372499938856243773e-01 1.056383789110891536e-01 9.354693885710096968e-01 1.950084452341360475e+01
9.388081193880738473e-01 -5.465757373151527813e-03 -3.443972095828746194e-01 -5.096092918970009933e+00 -3.111052863185333889e-02 9.944416567785192562e-01 -1.005879031961825487e-01 -9.914930715333909461e-01 3.430327265962760941e-01 1.051471201415064005e-01 9.334198595011804489e-01 2.021475521497366401e+01
9.364437992347606210e-01 -5.479042758360756077e-03 -3.507748400075236250e-01 -5.374186042322390833e+00 -3.138291029692287515e-02 9.945609253802537575e-01 -9.931605433329926402e-02 -1.080031184147202561e+00 3.494111123330648216e-01 1.040122392264302698e-01 9.311784636963656991e-01 2.093229982494286290e+01
9.339649829437699502e-01 -4.989208126858542952e-03 -3.573297017680592824e-01 -5.657866381108506815e+00 -3.198060897919269285e-02 9.947237568357482074e-01 -9.747762943631389787e-02 -1.158502903616550395e+00 3.559306856138561570e-01 1.024683146056512700e-01 9.288775991524178544e-01 2.165115215342007815e+01
9.311352316061916046e-01 -5.629701960966849474e-03 -3.646306132891571350e-01 -5.957010621564568176e+00 -3.091690343267307003e-02 9.950623298268380656e-01 -9.431386350109953465e-02 -1.252177771761071590e+00 3.633611527212753933e-01 9.909221118014369112e-02 9.263635404848356014e-01 2.237485321160211171e+01
9.274226333002006939e-01 -1.840145017726684549e-03 -3.740105215132900618e-01 -6.283533219307182449e+00 -3.374360598316605148e-02 9.954981500239500347e-01 -8.857088898847217950e-02 -1.323143384246041165e+00 3.724897718914846889e-01 9.476311130613258860e-02 9.231854231171231495e-01 2.317468729811766082e+01
9.238219669475298268e-01 7.621441190300208383e-04 -3.828216157508745332e-01 -6.601215445770526991e+00 -3.535272610391377440e-02 9.958947029403056872e-01 -8.333021928176166659e-02 -1.400685013022513914e+00 3.811865161708806182e-01 9.051607529800935470e-02 9.200563477333856266e-01 2.389965392961659418e+01
9.205785413876239609e-01 4.544687220766996209e-03 -3.905310382050646290e-01 -6.934255889293540420e+00 -3.867815001114210255e-02 9.960776254384053896e-01 -7.958244064455471944e-02 -1.477200047389912285e+00 3.886375585352846440e-01 8.836690566602223296e-02 9.171434681584336168e-01 2.463295079973051216e+01
9.167130785881780763e-01 4.540830326068900219e-03 -3.995203488181602869e-01 -7.272448442566336269e+00 -3.882448376607124108e-02 9.962157511973460666e-01 -7.776140800801605024e-02 -1.553366180881234460e+00 3.976553698554926020e-01 8.679607146260215345e-02 9.134203041538528911e-01 2.537338090853662464e+01
9.125979560009100933e-01 5.722550358324520088e-03 -4.088180765244088244e-01 -7.626956590945004777e+00 -4.053068968524965732e-02 9.962430930851158273e-01 -7.653079594825888676e-02 -1.629337728254886208e+00 4.068442406900202313e-01 8.641152697371169700e-02 9.094013498978533727e-01 2.613833195463152848e+01
9.087771037077310154e-01 5.672803940672697422e-03 -4.172433241118025382e-01 -7.986003158527663182e+00 -4.087272263256411936e-02 9.963095023964959607e-01 -7.547712259865846374e-02 -1.692068914104139399e+00 4.152753288103022689e-01 8.564575193658666152e-02 9.056551274939920182e-01 2.689647391420533751e+01
9.048283136318693298e-01 5.484531787416293581e-03 -4.257412818518462871e-01 -8.367013382249316678e+00 -4.090647424867314974e-02 9.964113018299157742e-01 -7.410248314665486558e-02 -1.763791263600430037e+00 4.238070147219951678e-01 8.446560003447274589e-02 9.018055113566499914e-01 2.768980624780069988e+01
9.008144202607122342e-01 6.648503210400957993e-03 -4.341533989636649493e-01 -8.757645025830944618e+00 -4.179425968057508267e-02 9.965676965571063084e-01 -7.145674285979465579e-02 -1.839404265635079083e+00 4.321881797739316466e-01 8.251438465464970562e-02 8.980004216864045929e-01 2.847189426027403059e+01
8.972414362293931189e-01 6.557404466333900499e-03 -4.414915646055379006e-01 -9.160901110753835397e+00 -4.034868973397952308e-02 9.969237890801897484e-01 -6.719331861737731781e-02 -1.909908018176154076e+00 4.396928372008671593e-01 7.810223617885550529e-02 8.947459156072639086e-01 2.924239500825091298e+01
8.931153594987215616e-01 8.077061290260886470e-03 -4.497551685403201605e-01 -9.559168323822293090e+00 -4.026756844094948884e-02 9.972602217267301228e-01 -6.205298672933182852e-02 -1.967392522338747174e+00 4.480217410079030405e-01 7.353102284839151126e-02 8.909936656756564100e-01 3.004501098293068040e+01
8.894712813742993163e-01 7.949381224897555595e-03 -4.569219219406883137e-01 -9.976415520493590705e+00 -3.842552745436429718e-02 9.976088979609699647e-01 -5.744532719650479596e-02 -2.038369432832569661e+00 4.553727280118807230e-01 6.865343486210877255e-02 8.876499245735463006e-01 3.085027010348739651e+01
8.858661496541145874e-01 7.031073011012751138e-03 -4.638876206528443902e-01 -1.042776661341077649e+01 -3.700521054448632080e-02 9.977702421448696457e-01 -5.554420175292295453e-02 -2.101610965653057495e+00 4.624627361899278366e-01 6.637098740284005927e-02 8.841510696230618915e-01 3.164919816913839412e+01
8.825731442710113006e-01 6.740403504774355840e-03 -4.701267994401765460e-01 -1.085685267553087030e+01 -3.646186300896706034e-02 9.978672416050217153e-01 -5.414333516535261431e-02 -2.163593513474978636e+00 4.687591926873232451e-01 6.492715268682076879e-02 8.809365973043087328e-01 3.246232662210722708e+01
8.792799613261946812e-01 6.714466747870211603e-03 -4.762579773824416884e-01 -1.131824145840630713e+01 -3.602834650484568885e-02 9.979735997132412884e-01 -5.244666423128176158e-02 -2.215495051090961898e+00 4.749407448576269952e-01 6.327408848183881107e-02 8.777400999507150026e-01 3.328465590259708762e+01
8.765637841472208036e-01 5.871418383680338145e-03 -4.812498874346931577e-01 -1.180072319544595416e+01 -3.478978660850760851e-02 9.980827763592262647e-01 -5.119025635849614592e-02 -2.283316823184544653e+00 4.800266726110500870e-01 6.161410584524928263e-02 8.750874813933533503e-01 3.413760216790406332e+01
8.739907099913472033e-01 5.114497075680402016e-03 -4.859157088177383232e-01 -1.228541864555445606e+01 -3.403440343993530820e-02 9.981333337289280960e-01 -5.071003395164760952e-02 -2.342800011963667384e+00 4.847493183656305660e-01 6.085794996923545724e-02 8.725333305384525007e-01 3.498191144109323858e+01
8.714952356105845066e-01 4.871094776746536306e-03 -4.903797732087665784e-01 -1.274540532944432414e+01 -3.428094495944659925e-02 9.981096615344375866e-01 -5.100902299021888714e-02 -2.397830263863596656e+00 4.892043280844808884e-01 6.126480264421749200e-02 8.700148010520881714e-01 3.580537888035909333e+01
8.702470795107605239e-01 4.492467045983876417e-03 -4.925949995000438730e-01 -1.324257842608128577e+01 -3.418029431987248956e-02 9.980991131587643173e-01 -5.128223721306987559e-02 -2.454699194381109173e+00 4.914282568342290269e-01 6.146525934953926684e-02 8.687463928136145430e-01 3.666421361800590972e+01
8.698187849353971046e-01 4.845046540072893079e-03 -4.933475469414292935e-01 -1.375379967526507841e+01 -3.427178616907120001e-02 9.981296779419172038e-01 -5.062203815242122956e-02 -2.513745936745001242e+00 4.921795704723125331e-01 6.093990146745598135e-02 8.683579927546447585e-01 3.754787062687822896e+01
8.695857434228423388e-01 4.106296688532609998e-03 -4.937648917577343033e-01 -1.426796926689377010e+01 -3.281688004452023438e-02 9.982351768510098200e-01 -4.949327369359727419e-02 -2.569668173598808281e+00 4.926902584523683570e-01 5.924246852171199951e-02 8.681858348998682251e-01 3.842985326286594017e+01
8.693079145846839273e-01 3.366133868726691597e-03 -4.942594601469696425e-01 -1.478456034288691612e+01 -3.160776283384633678e-02 9.983086624360950623e-01 -4.879307215922851215e-02 -2.628323884140518096e+00 4.932592650257113798e-01 5.803863968801754869e-02 8.679440180972791685e-01 3.932228700087305384e+01
8.686937055583074940e-01 1.996411620125833081e-03 -4.953455918933786783e-01 -1.529703283001285286e+01 -3.030652056844683473e-02 9.983327200181791872e-01 -4.912529904050057239e-02 -2.698688458888224506e+00 4.944216462894150954e-01 5.768703951447130135e-02 8.673058549062481193e-01 4.021499493362925648e+01
8.676372889755886719e-01 5.463207824394916571e-04 -4.971973767285390311e-01 -1.582384048433308443e+01 -2.909154754712407406e-02 9.983419416454709649e-01 -4.966940168024709668e-02 -2.756030002514755051e+00 4.963458675746843518e-01 5.755926622758482381e-02 8.662145897232507163e-01 4.114314533961546516e+01
8.661007307013663947e-01 -6.571133806767696971e-04 -4.998690704045543609e-01 -1.635536240238077355e+01 -2.690182840113967272e-02 9.984886404183752617e-01 -4.792417584577322864e-02 -2.819393709671082604e+00 4.991450887006921855e-01 5.495455573112036779e-02 8.647740642025916191e-01 4.203499512973664309e+01
8.640537808281847365e-01 -2.477134675831909618e-04 -5.033994412753360903e-01 -1.691098864064677443e+01 -2.554877138855269833e-02 9.986895626015636074e-01 -4.434431053234116904e-02 -2.880084514610711466e+00 5.027507611583130753e-01 5.117710643560773737e-02 8.629151643611885358e-01 4.298435418018375742e+01
8.614250729971594245e-01 -3.883350664259516681e-04 -5.078845220397867344e-01 -1.747243928779483468e+01 -2.336473785047928423e-02 9.989106616660824445e-01 -4.039280972465288805e-02 -2.936163495942420099e+00 5.073469586435439549e-01 4.666196775567406363e-02 8.604776170000024704e-01 4.389223038531202548e+01
8.574102242679559893e-01 -1.826515914511035819e-03 -5.146303197030470677e-01 -1.799999816020086740e+01 -2.099538032192438397e-02 9.990370247708920681e-01 -3.852553932199580256e-02 -3.000919417361409991e+00 5.142051198237531651e-01 4.383705054088266051e-02 8.565462117782404183e-01 4.476209478818561394e+01
8.520249840832293531e-01 -4.301499456192457368e-03 -5.234834459993212841e-01 -1.856854219628190350e+01 -1.958669846955829463e-02 9.990041480624402004e-01 -4.008832038369351120e-02 -3.059291057978356321e+00 5.231345828978968271e-01 4.440956289014924563e-02 8.510922419051540899e-01 4.568804031817803946e+01
8.461217201586853642e-01 -7.158662316243488526e-03 -5.329416315961792439e-01 -1.913338257903798123e+01 -1.847424886627804103e-02 9.989150531564164881e-01 -4.274831852320656878e-02 -3.123179255189372672e+00 5.326694482099273431e-01 4.601597708734273678e-02 8.450714728988074631e-01 4.656006209894982106e+01
8.397930200227032849e-01 -7.585852839276777115e-03 -5.428536935727467094e-01 -1.971714789498895115e+01 -1.829415630775656221e-02 9.989391366390031335e-01 -4.226020783196859226e-02 -3.186883671558969233e+00 5.425983890467945825e-01 4.542087782205668500e-02 8.387633383522919983e-01 4.747883754872155038e+01
8.342532190142224469e-01 -4.526429391776616573e-03 -5.513629223097723520e-01 -2.033078691775242319e+01 -1.974690583394938734e-02 9.990795435376537137e-01 -3.808051247013471280e-02 -3.230995137949402185e+00 5.510277949945836529e-01 4.265650171992672879e-02 8.333959430381291389e-01 4.834950659916211890e+01
8.294824365519015696e-01 -1.583711388434555370e-04 -5.585327710337040230e-01 -2.091723560441644736e+01 -2.233348722440675616e-02 9.991907956766445942e-01 -3.345099739343630751e-02 -3.283422802570180821e+00 5.580861111963749677e-01 4.022099920062873618e-02 8.288076795745686898e-01 4.921163147954717232e+01
8.250384848768087531e-01 -2.813187379112585380e-04 -5.650764666386303148e-01 -2.153339951859198109e+01 -2.340877326878766304e-02 9.991244422455229923e-01 -3.467532677183627482e-02 -3.343489592373054986e+00 5.645914741097249889e-01 4.183622583023026420e-02 8.243095314922228578e-01 5.011808233539732527e+01
8.216276862909726031e-01 -1.878628555107254025e-03 -5.700214115222042022e-01 -2.215685370126901432e+01 -2.454275809760008906e-02 9.989506635313443184e-01 -3.866813806261971964e-02 -3.392825703159289663e+00 5.694959201507291402e-01 4.576071033673908411e-02 8.207194164611317788e-01 5.096719709476376181e+01
8.188700879816560585e-01 -4.488267186174814058e-03 -5.739613472252106385e-01 -2.276854503449671796e+01 -2.601939707411711836e-02 9.986511836382685470e-01 -4.493110770833037837e-02 -3.470874495701215423e+00 5.733888514621602317e-01 5.172686828796405067e-02 8.176488013982000647e-01 5.183702593680537518e+01
8.153071560732323420e-01 -5.290699476679462665e-03 -5.790045278702549147e-01 -2.339824748604291571e+01 -2.655091805812914013e-02 9.985648435265478406e-01 -4.651131119937301772e-02 -3.528966183385401134e+00 5.784196531060080693e-01 5.329410661173709235e-02 8.139965906042467836e-01 5.269920801409376310e+01
8.125336377747219840e-01 -3.934279616392140182e-03 -5.829010228036349828e-01 -2.400929772423826236e+01 -2.593463129343881804e-02 9.987430232928830032e-01 -4.289252114912447261e-02 -3.590910057721647952e+00 5.823370910004339596e-01 4.996893929253141964e-02 8.114102686354310867e-01 5.354300820771863556e+01
8.087871746234375214e-01 -1.920796237230898125e-03 -5.880982996511586736e-01 -2.466534685871232568e+01 -2.523240673746778365e-02 9.989604975015745625e-01 -3.796380025151308707e-02 -3.640381451194499185e+00 5.875599008521557032e-01 4.554377013820033043e-02 8.078979728395023763e-01 5.441896260578837996e+01
8.060197324693604282e-01 -6.736283489563791010e-04 -5.918882752343310738e-01 -2.532725212450129959e+01 -2.498733413507319215e-02 9.990691223770290508e-01 -3.516421325929308672e-02 -3.699345766513611355e+00 5.913609974908246025e-01 4.313275973780082706e-02 8.052525953826694671e-01 5.528567302572841413e+01
8.028864645558539959e-01 -1.662005193963600697e-04 -5.961319405846544628e-01 -2.595363914103239367e+01 -2.613539180633124223e-02 9.990286414329948572e-01 -3.547837288731242600e-02 -3.752812068186834438e+00 5.955587895090802553e-01 4.406524708593172884e-02 8.021022310228543839e-01 5.612190163909147600e+01
7.992420375852417047e-01 -4.793215762193450799e-04 -6.010090920103928758e-01 -2.662092296096305333e+01 -2.703628564366540588e-02 9.989586794643620093e-01 -3.675045624255567772e-02 -3.800913472142334104e+00 6.004008745376298029e-01 4.562156290074106252e-02 7.983968121984080790e-01 5.698682124830795459e+01
7.952273095508268774e-01 -3.386924717828852707e-03 -6.063019444533345181e-01 -2.726421660079510190e+01 -2.547326408896031721e-02 9.989148208158122877e-01 -3.899094278347118442e-02 -3.871172936378570739e+00 6.057760680344002058e-01 4.645115196560208048e-02 7.942780702420842998e-01 5.783289128827480141e+01
7.913945117985624611e-01 -4.055998108302469318e-03 -6.112922937762089726e-01 -2.792596981759635710e+01 -2.529839142638734203e-02 9.989040112824966178e-01 -3.937978773890431911e-02 -3.918742191756996007e+00 6.107820591928592169e-01 4.662965950447100355e-02 7.904245429637943854e-01 5.867260465205388442e+01
7.867035355103797478e-01 -4.785841910633793946e-03 -6.173124295351400947e-01 -2.860975287152792035e+01 -2.441030626025996603e-02 9.989467337774082800e-01 -3.885305739986587292e-02 -3.977262333134194972e+00 6.168481904300024965e-01 4.563462295955542786e-02 7.857581042401533544e-01 5.953259180054006805e+01
7.818732097129390546e-01 -4.243058818527943414e-03 -6.234230289108915191e-01 -2.928072483691045491e+01 -2.492164695423124479e-02 9.989648363497336536e-01 -3.805479335083806341e-02 -4.035320400267585761e+00 6.229391635201063648e-01 4.529075191764220937e-02 7.809580998396054019e-01 6.035791933822368094e+01
7.763602135863217901e-01 -5.382999872206268438e-03 -6.302664789706948767e-01 -2.998801931622172390e+01 -2.463295710945976116e-02 9.989404309511168423e-01 -3.887457885728486107e-02 -4.091307173843852674e+00 6.298079408295675918e-01 4.570600335338373399e-02 7.754050080041068327e-01 6.120363260369337866e+01
7.712275600157427746e-01 -6.499175115383133000e-03 -6.365263574261932344e-01 -3.069626594196305547e+01 -2.429988767213256406e-02 9.989184467889808960e-01 -3.964154599368143600e-02 -4.146514906369874964e+00 6.360955686177655055e-01 4.604017164099439424e-02 7.702355080310681057e-01 6.204715261916446423e+01
7.659924421304633579e-01 -7.949620997315730991e-03 -6.428004155948032761e-01 -3.137631959489694822e+01 -2.374359054652229115e-02 9.988913975478614926e-01 -4.064748277595336273e-02 -4.206259787392483851e+00 6.424109486375358946e-01 4.639805433127042189e-02 7.649545093780855121e-01 6.283300260857438957e+01
7.597206914248508802e-01 -9.499725051169475437e-03 -6.501801429165285917e-01 -3.210291647932418613e+01 -2.313581446070890266e-02 9.988652778609542482e-01 -4.162800516822894731e-02 -4.266360639738371319e+00 6.498378349230323758e-01 4.666810388120321701e-02 7.586388365641011378e-01 6.369245556474351133e+01
7.541567102735227124e-01 -1.115636038801702014e-02 -6.565997135432600773e-01 -3.281803938497599660e+01 -2.241490712440454003e-02 9.988357532017964058e-01 -4.271662560957326105e-02 -4.325448273083990713e+00 6.563118428163338125e-01 4.693265129848109285e-02 7.530286178687228826e-01 6.449498453276662246e+01
7.477037121937393227e-01 -1.235919179013103900e-02 -6.639174653786730218e-01 -3.357450735895393734e+01 -2.118948826380662523e-02 9.988735197385851805e-01 -4.245818164502589143e-02 -4.392735531788329872e+00 6.636943357151420253e-01 4.581421121197151031e-02 7.465995546940694672e-01 6.531297310419338942e+01
7.415571300957199963e-01 -1.253338835814250124e-02 -6.707726354775500610e-01 -3.432255067192241427e+01 -2.045927954296890977e-02 9.989379837857695899e-01 -4.128344057880848489e-02 -4.454708206999775655e+00 6.705776970232310008e-01 4.433755439814867499e-02 7.405131612365557503e-01 6.614959356077284269e+01
7.352791442700770119e-01 -1.301311202462190203e-02 -6.776394544894450700e-01 -3.507765539406146615e+01 -1.988423163166137125e-02 9.989711146641452322e-01 -4.075940914071751742e-02 -4.516220592946744716e+00 6.774726596363086495e-01 4.344388315920748311e-02 7.342638715496589974e-01 6.695654154534760494e+01
7.287273241119526235e-01 -1.461047587272932234e-02 -6.846480937579483284e-01 -3.585809368129632446e+01 -1.874190426002599746e-02 9.989723703293318380e-01 -4.126674659956903329e-02 -4.575534853735361729e+00 6.845474676788684265e-01 4.290381464907903203e-02 7.277046351043880978e-01 6.777896201242030827e+01
7.221996169558911882e-01 -1.610497317447941515e-02 -6.914971685727576700e-01 -3.663191088398477291e+01 -1.819872958623377363e-02 9.989403773722878022e-01 -4.227207975286676606e-02 -4.646686333747873654e+00 6.914452451661541321e-01 4.311324958297881038e-02 7.211412688102877278e-01 6.856167627015356913e+01
7.163593729738537697e-01 -1.525303471939880480e-02 -6.975647529608518527e-01 -3.739415577766315835e+01 -2.017330961132420344e-02 9.988902816908273863e-01 -4.255869778370219292e-02 -4.698095983910768325e+00 6.974398139095491223e-01 4.455951159913189297e-02 7.152567126401419006e-01 6.934551351559814236e+01
7.110179946648595983e-01 -1.491335112982663386e-02 -7.030156427683084130e-01 -3.819938489327194020e+01 -2.010967677821590138e-02 9.989348882403450425e-01 -4.152938707270328877e-02 -4.759659186236795847e+00 7.028862069987498185e-01 4.366555865405179898e-02 7.099607793447000326e-01 7.015689346740931853e+01
7.064111928239951155e-01 -1.488943348884070976e-02 -7.076450537283331954e-01 -3.904636289022185025e+01 -2.080086221502274249e-02 9.989101802223930848e-01 -4.178248454915661769e-02 -4.821280212749845973e+00 7.074959778843036284e-01 4.423524180256082489e-02 7.053316198650573243e-01 7.095526032510856851e+01
7.011416814644629847e-01 -1.550302990106275369e-02 -7.128534134675106326e-01 -3.985274825400343701e+01 -2.072981447961451743e-02 9.988977726634772347e-01 -4.211311666419140232e-02 -4.891754302635709095e+00 7.127205801518774475e-01 4.430458023206600149e-02 7.000474899945255958e-01 7.174921201787785208e+01
6.960276329670702644e-01 -1.739146880619340738e-02 -7.178043336128215879e-01 -4.068842950797501601e+01 -2.105666659654190434e-02 9.987822263621097818e-01 -4.461704976698310093e-02 -4.959168336404694344e+00 7.177061788286656085e-01 4.616926587819904920e-02 6.948138235025100862e-01 7.254746651706180671e+01
6.911593979102998997e-01 -1.957373121550180436e-02 -7.224372263438596509e-01 -4.152193538371189874e+01 -2.071742791911337575e-02 9.986857155676394093e-01 -4.687888367228353059e-02 -5.021043256118823628e+00 7.224053454740585467e-01 4.736782198969188146e-02 6.898455015123563516e-01 7.331760074364954960e+01
6.860113343610683145e-01 -1.999704237652333988e-02 -7.273159956878141319e-01 -4.237472815941343640e+01 -2.162046822353596437e-02 9.986205628170389259e-01 -4.784900110755872793e-02 -5.090876352466896293e+00 7.272695600068675992e-01 4.854986929126685336e-02 6.846326804104410080e-01 7.410315992968379817e+01
6.811124322833265188e-01 -1.983106670102181834e-02 -7.319102222443734096e-01 -4.323476611788206014e+01 -2.125686140460571194e-02 9.986761749855073145e-01 -4.684061692134922072e-02 -5.160960906261123249e+00 7.318702132074769162e-01 4.746184048234540487e-02 6.797892133892849964e-01 7.490042078528104241e+01
6.763409017364945264e-01 -1.973976292990273218e-02 -7.363241924106447289e-01 -4.408652134401852152e+01 -2.089169818204125381e-02 9.987246048030372636e-01 -4.596412450852089410e-02 -5.230507547716873873e+00 7.362924216960643475e-01 4.647048000336589935e-02 6.750659036538608770e-01 7.566717410459567361e+01
6.705882423816783566e-01 -2.065820439174282167e-02 -7.415420672963803916e-01 -4.496449709706322295e+01 -2.003228031589039324e-02 9.987433712414699460e-01 -4.593893967433890224e-02 -5.301170145901611619e+00 7.415592530090844292e-01 4.566089115390110920e-02 6.693317320016873850e-01 7.643432278220204523e+01
6.666725157522775946e-01 -2.184987849077131214e-02 -7.450304217021110897e-01 -4.584562328174515500e+01 -1.897783887417164167e-02 9.987485583207190709e-01 -4.627265837652123903e-02 -5.365445279954103697e+00 7.451091244000335179e-01 4.498777664431979906e-02 6.654235515429102188e-01 7.721140461683631884e+01
6.618682959339963201e-01 -2.250757820923769345e-02 -7.492821613805156211e-01 -4.674853050764762941e+01 -1.826287264667584079e-02 9.987682967706361659e-01 -4.613411835458314930e-02 -5.435463723888034338e+00 7.493976483316774351e-01 4.421875475389468180e-02 6.606420186248465054e-01 7.800729264612448333e+01
6.575598137386090558e-01 -2.321371018414353574e-02 -7.530446231940586266e-01 -4.764108763335113395e+01 -1.753636938047604607e-02 9.987828119561383833e-01 -4.610173875398777127e-02 -5.504166140772739801e+00 7.531982316832344093e-01 4.352031917583477211e-02 6.563523566468953963e-01 7.875611313836272132e+01
6.542899108188473534e-01 -2.620004098127065237e-02 -7.557898252094942260e-01 -4.853792597465891134e+01 -1.400069021118728087e-02 9.988087366939014666e-01 -4.674492695120607832e-02 -5.575126767272500672e+00 7.561142125770724531e-01 4.116631302719198082e-02 6.531436616515674531e-01 7.952852180876035959e+01
6.496043922963312678e-01 -2.993136675798147711e-02 -7.596829839686217722e-01 -4.945278024834063757e+01 -1.165885954598772263e-02 9.987150444561325724e-01 -4.931866768821177582e-02 -5.659302349820573674e+00 7.601830133599873918e-01 4.089466009240652622e-02 6.484207149877553311e-01 8.031387929383174651e+01
6.447712523554293140e-01 -3.372108325871341072e-02 -7.636313966287163746e-01 -5.035322375988557297e+01 -8.372497613998766339e-03 9.986549250321774540e-01 -5.116875996164227391e-02 -5.726682450588645779e+00 7.643297343635523378e-01 3.938564720401881158e-02 6.436216580581141100e-01 8.109056341717183614e+01
6.381677878338667398e-01 -3.766803648554332279e-02 -7.689752809405328016e-01 -5.127059358276212464e+01 -3.092427518833521741e-03 9.986689335534355560e-01 -5.148590136879482165e-02 -5.802127931452643494e+00 7.698911098540790476e-01 3.523464377721952784e-02 6.372018595029799171e-01 8.184696593840178025e+01
6.301042650413403168e-01 -4.135459200304367894e-02 -7.754085386605531482e-01 -5.222243625669280220e+01 1.712225059835622296e-03 9.986524083379821892e-01 -5.186940899027277230e-02 -5.881746168758337667e+00 7.765086562412297777e-01 3.135546153605930225e-02 6.293259512372522124e-01 8.261132968987826075e+01
6.216251173741023095e-01 -4.272693797498727103e-02 -7.821487141029619394e-01 -5.315498926372493571e+01 5.255187018630950654e-03 9.987162515556718967e-01 -5.038086804916311334e-02 -5.966097811268115336e+00 7.832972656699617175e-01 2.720767484053592672e-02 6.210516462375187396e-01 8.334595589585181585e+01
6.119463185822590079e-01 -4.229779464089144375e-02 -7.897674267085897926e-01 -5.410930284772059196e+01 6.953092428659862073e-03 9.988180150845754612e-01 -4.810641562307923363e-02 -6.028573892810822343e+00 7.908687424845569636e-01 2.394721758448142487e-02 6.115171088425687129e-01 8.408811697328542323e+01
6.034374465500985663e-01 -4.132565499135180953e-02 -7.963387637876322422e-01 -5.510215740266218631e+01 5.069644325530427154e-03 9.988348303632137437e-01 -4.799250294699957536e-02 -6.110720640808251503e+00 7.973942294423679300e-01 2.492331869880395206e-02 6.029438470433662323e-01 8.481381311085070251e+01
5.943725023219500470e-01 -4.229568974565164896e-02 -8.030768277693409729e-01 -5.608457576622627982e+01 3.985962732360096190e-03 9.987586454979353601e-01 -4.965158733099507560e-02 -6.186234204951262861e+00 8.041799867667984714e-01 2.631050346952975086e-02 5.938032655038919527e-01 8.553031456684904299e+01
5.835904279602378564e-01 -4.485028939704296252e-02 -8.108086407477028690e-01 -5.707381640261957756e+01 5.317841059891330845e-03 9.986632684101931501e-01 -5.141397544695665983e-02 -6.263643479083387255e+00 8.120307529388235412e-01 2.569295201277933469e-02 5.830488320415361247e-01 8.625570939319500496e+01
5.738568200550344667e-01 -4.593752702824448891e-02 -8.176662408802802817e-01 -5.808868363453743200e+01 4.792704533837818630e-03 9.985968395948486842e-01 -5.273880839501159101e-02 -6.338898376546413971e+00 8.189416285781513372e-01 2.634569174064564298e-02 5.732717730217862240e-01 8.694646357224786470e+01
5.638202921870253403e-01 -4.695353535116048027e-02 -8.245617206939630517e-01 -5.908978795611871249e+01 8.089376038543472786e-03 9.986487108566022286e-01 -5.133531212840022895e-02 -6.417553912792275383e+00 8.258578880651425980e-01 2.227370037742013031e-02 5.634382339022516728e-01 8.762641853505475353e+01
5.535762576177239991e-01 -4.695641835855466489e-02 -8.314736370937167997e-01 -6.012072221462809551e+01 9.282812272558931682e-03 9.986950515855436139e-01 -5.021975014997023118e-02 -6.502343235609050254e+00 8.327467608883649675e-01 2.008204715770809529e-02 5.532897579358088125e-01 8.831526209719959297e+01
5.429515047414584794e-01 -4.785002725753353947e-02 -8.383996812984418900e-01 -6.118365539693034094e+01 1.022977809878974041e-02 9.986780949212596958e-01 -5.037275387528108994e-02 -6.587333997286479281e+00 8.397017486705965483e-01 1.877331929396331908e-02 5.427232707216941288e-01 8.900395339227213753e+01
5.329841224214928452e-01 -4.850958102896388985e-02 -8.447335277040630697e-01 -6.222545108229464006e+01 8.857406120611789613e-03 9.986203712187270431e-01 -5.175809611710308067e-02 -6.664591606967864124e+00 8.460788872061314470e-01 2.010409500364124247e-02 5.326784724257898063e-01 8.965310153957162242e+01
5.230659113879572164e-01 -4.932486135125946358e-02 -8.508637360090377522e-01 -6.331010191262679143e+01 8.127378119748580182e-03 9.985672173888751058e-01 -5.289100161138621248e-02 -6.741814780795947648e+00 8.522534893029638514e-01 2.075018813802597881e-02 5.227173546326435716e-01 9.028522500487845548e+01
5.134603955714109880e-01 -4.987357614443480719e-02 -8.566627313451871117e-01 -6.435834020913780762e+01 6.325746760784753051e-03 9.985024650427573034e-01 -5.433978472435238571e-02 -6.824606291621019949e+00 8.580899831868510352e-01 2.248229536073047610e-02 5.130069594885519058e-01 9.091284174281585706e+01
