1.000000000000000000e+00 -3.306050084167601550e-19 -2.270457535318767223e-19 -8.673617379884035472e-19 7.546676715296109287e-19 1.000000000000000000e+00 6.237773588823049983e-19 1.387778780781445676e-17 -3.447385680526250622e-20 4.770700176052009879e-20 1.000000000000000222e+00 5.551115123125782702e-17
9.996713620485725427e-01 2.945082431625591513e-03 2.546634498511940806e-02 2.471849442640690342e-02 -2.932520243000727271e-03 9.999955322213388564e-01 -5.306668268447689270e-04 3.978321696434072852e-02 -2.546779771203617690e-02 4.558096662869795274e-04 9.996755472889269356e-01 3.096694243203559349e-01
9.993033726588043120e-01 4.930512297288824376e-03 3.699232970547411403e-02 1.919515214942786596e-02 -4.956949772597178498e-03 9.999875260680556321e-01 6.226466707669843026e-04 1.467120128632691534e-02 -3.698879634854691789e-02 -8.056252905270639125e-04 9.993153658643573189e-01 2.606334836247307662e-01
9.979692514411231397e-01 5.743861607244484142e-03 6.343289700767236472e-02 5.582119557986507663e-02 -5.823862621560350027e-03 9.999824406639286067e-01 1.075997624840134255e-03 -7.641790406302501060e-03 -6.342560622900461631e-02 -1.443227396354482706e-03 9.979851784698996475e-01 4.132457126767024036e-01
9.951286831111246789e-01 6.363375976289780030e-03 9.839213196529954242e-02 1.149062389114460792e-01 -6.645742236268430657e-03 9.999747062899124739e-01 2.542585464196965139e-03 3.890343599551977782e-02 -9.837347062243073648e-02 -3.183954740213778417e-03 9.951457675508675882e-01 6.107577753828556943e-01
9.909218150390793900e-01 2.601660482988884127e-03 1.343743941091171956e-01 1.948421124779499969e-01 -3.321514759922177505e-03 9.999813376626276451e-01 5.131080011278902828e-03 6.052498525807581409e-04 -1.343585464404390417e-01 -5.530876394891492444e-03 9.909119470144797104e-01 7.864884674643110030e-01
9.846057557263286908e-01 -6.686871551461970537e-04 1.747808544296978461e-01 2.462352780064300251e-01 -2.779586649577779384e-04 9.999854273514879877e-01 5.391718479704212322e-03 2.617461075064135556e-02 -1.747819178834323917e-01 -5.357285687230217870e-03 9.845912486200291136e-01 9.884168393592875912e-01
9.755482049554184965e-01 -1.554296227158480110e-03 2.197924365763243293e-01 3.529718858922202829e-01 -2.126864636510567464e-04 9.999678648765835121e-01 8.015460726500143324e-03 4.543211002526248432e-03 -2.197978400853564107e-01 -7.866168377826858113e-03 9.755165091131583477e-01 1.216461728257700159e+00
9.639136912492157760e-01 -1.051260565544259252e-03 2.662200344880600311e-01 4.484326424340706607e-01 -1.610073767018551597e-03 9.999508780887241821e-01 9.779136150061172594e-03 2.232130156169735702e-02 -2.662172629520392908e-01 -9.855092337542337155e-03 9.638646200579649159e-01 1.416324126789419324e+00
9.496260876625467473e-01 -5.804451402635139173e-03 3.132220523948028301e-01 5.833718900945614738e-01 3.540508792647355783e-04 9.998476763694921221e-01 1.745685567087575801e-02 1.960322614235941036e-02 -3.132756469904621199e-01 -1.646684751773578106e-02 9.494834884704027589e-01 1.643914120830379799e+00
9.323466233638090239e-01 -1.465133563104564253e-02 3.612969599745678440e-01 7.171335306664365916e-01 5.785365154670762955e-03 9.996552667164296802e-01 2.561151839116833362e-02 1.682493830596613893e-02 -3.615476603360304186e-01 -2.178928728894518121e-02 9.321099506447068084e-01 1.869857262056352054e+00
9.110420540322777816e-01 -2.085483033371251030e-02 4.117365451137073307e-01 8.764011575188032088e-01 8.972603363157718309e-03 9.994863226547713309e-01 3.077249434451306831e-02 1.333636030975605957e-02 -4.121666478449908522e-01 -2.434138664996655585e-02 9.107611030454645373e-01 2.093491503530160003e+00
8.862441875545464809e-01 -2.297647652246464361e-02 4.627107394849670485e-01 1.065456233928750107e+00 7.778783440832441783e-03 9.993664390152224852e-01 3.472856666038739992e-02 1.772095625533323671e-02 -4.632156212424540787e-01 -2.717910543052181813e-02 8.858614102687628611e-01 2.337265711188044381e+00
8.581484837738366789e-01 -2.477352732107108990e-02 5.127172730893421182e-01 1.255218913571106487e+00 5.456655409738373798e-03 9.992189150184798141e-01 3.914446180854126017e-02 3.445867712972025543e-02 -5.132861009826199528e-01 -3.079759602906999641e-02 8.576132034720882480e-01 2.541130696020992286e+00
8.257596981647307155e-01 -3.026640185848588835e-02 5.631587212042521440e-01 1.481200615053128722e+00 6.762805912148768181e-03 9.990187074780210175e-01 4.376281831070219508e-02 4.494597429732144489e-02 -5.639308490642521710e-01 -3.232773156820422517e-02 8.251540980575048367e-01 2.790154033986018689e+00
7.908412268530955469e-01 -3.573536375508205853e-02 6.110154725493683880e-01 1.715364273401922990e+00 8.817762946116570327e-03 9.988555327432899755e-01 4.701413556768875568e-02 4.668463596436826790e-02 -6.119962363368588454e-01 -3.179335738337499967e-02 7.902513080687146863e-01 2.989292591236507146e+00
7.518975115299519896e-01 -4.057097229022584017e-02 6.579208510399060517e-01 1.981517061979209737e+00 9.797907835729072548e-03 9.986819771179655802e-01 5.038610670490975552e-02 6.214952428836081899e-02 -6.590978721267122253e-01 -3.143555228374390886e-02 7.513042565455642086e-01 3.219325970003132031e+00
7.130011819114364657e-01 -4.430878974751721600e-02 6.997360890606331152e-01 2.282294154658585317e+00 1.129360910057350918e-02 9.985975294357262166e-01 5.173336818094424056e-02 7.436610476416219417e-02 -7.010465871863867937e-01 -2.898552523141954135e-02 7.125016280655268597e-01 3.444997578368825586e+00
6.699845274350976210e-01 -4.553548416325394615e-02 7.410306391776523283e-01 2.569444877104095859e+00 9.587666489315341614e-03 9.985645838301826505e-01 5.269773224607002260e-02 8.852276089394268965e-02 -7.423666260115808768e-01 -2.820298070647717092e-02 6.694593521174410089e-01 3.647759205240367564e+00
6.284400242905400225e-01 -4.595004062377459203e-02 7.763543360486478973e-01 2.923867612340679489e+00 5.381935614968020969e-03 9.984867915935800031e-01 5.473326379384711726e-02 1.201714160608649135e-01 -7.776939504223586708e-01 -3.022212269237944254e-02 6.277361150813036694e-01 3.868846869965547608e+00
5.862237122656162036e-01 -4.654004228394977016e-02 8.087665741776002282e-01 3.261927041868439847e+00 1.920508020267220868e-03 9.984255824390080303e-01 5.605521061040934228e-02 1.339814222792168052e-01 -8.101022676637724684e-01 -3.130520031219969496e-02 5.853901802595178339e-01 4.075261906014223889e+00
5.459037645578905806e-01 -4.869411598116224482e-02 8.363963626548059915e-01 3.641906601371172059e+00 5.609085175047331213e-04 9.983306224193684297e-01 5.775580063399508163e-02 1.530721979902399388e-01 -8.378126513829802224e-01 -3.105774104494175153e-02 5.450199326905573738e-01 4.281838880326268360e+00
5.066514466313595255e-01 -5.118786253950945164e-02 8.604710258696323111e-01 4.062530944261737886e+00 -4.083884670272770745e-04 9.982213356136202531e-01 5.963030676723873880e-02 1.705214719965014725e-01 -8.619922743516905683e-01 -3.056571038495388415e-02 5.057296919676669278e-01 4.492052040869742413e+00
4.691357480269847113e-01 -5.043482276155770300e-02 8.816410962221106207e-01 4.487041958746927683e+00 -4.212512932986978327e-03 9.982286118633504346e-01 5.935944410056664261e-02 1.946584951224215598e-01 -8.830728142976882467e-01 -3.156361659038848383e-02 4.680925120960542363e-01 4.683980154390043893e+00
4.338561979421832193e-01 -4.994469943801821410e-02 8.995598000602332833e-01 4.950455320938317527e+00 -5.216197649851908071e-03 9.983066506073340340e-01 5.794131933056030637e-02 2.172543102413247162e-01 -9.009297179647048903e-01 -2.984005025290890206e-02 4.328607048219123565e-01 4.895792698064692416e+00
3.993700430066346452e-01 -4.912236399616859428e-02 9.155223526091441633e-01 5.457633550030688951e+00 -3.743762487104576164e-03 9.984681985307367613e-01 5.519758245388595164e-02 2.414832850312106927e-01 -9.168311284902325164e-01 -2.548076955440357547e-02 3.985738985936254086e-01 5.074649323255551181e+00
3.699171137421611855e-01 -4.720843353255228803e-02 9.276921734904777228e-01 5.968434104822915920e+00 -1.577691940590618402e-03 9.986747289806542360e-01 5.145358253769063972e-02 2.662618298090925206e-01 -9.288912285411634606e-01 -2.050185997423721943e-02 3.693525516272366249e-01 5.245876583262108817e+00
3.441855059775119630e-01 -4.581877643259071181e-02 9.376840469569089898e-01 6.519492527127948911e+00 -8.040579430457177454e-04 9.987942211827307570e-01 4.908786272775893939e-02 2.938572806601063014e-01 -9.388019913950520490e-01 -1.766217280597108183e-02 3.437331040985312502e-01 5.434853664281066976e+00
3.241658522829030664e-01 -4.489299195579163348e-02 9.448789155960622965e-01 7.097823208644054027e+00 7.583519740516306848e-04 9.988852529636740307e-01 4.719972109574147034e-02 3.210863558224696379e-01 -9.459447895515334936e-01 -1.458077579593669224e-02 3.238387005471852209e-01 5.615690796728171286e+00
3.094983733386476032e-01 -4.599653848881572055e-02 9.497437532546852967e-01 7.694023142257179870e+00 1.329739443136745318e-03 9.988492706104611374e-01 4.794600469958304467e-02 3.467987247369542780e-01 -9.508562762033953009e-01 -1.357717087892805832e-02 3.092035635933108595e-01 5.803411297828350079e+00
2.969193286334270709e-01 -4.714135460090682767e-02 9.536749445978690565e-01 8.311863304547326692e+00 1.959042937628946955e-03 9.988092183526298129e-01 4.875557162840816333e-02 3.696516868066080930e-01 -9.548369161326051291e-01 -1.262503478445966762e-02 2.966574603229032991e-01 5.994659986100197457e+00
2.865488273886886983e-01 -4.945468688800522261e-02 9.568210856613003079e-01 8.975573830600744429e+00 1.227217966689979432e-03 9.986853735919910546e-01 5.123941283861736112e-02 4.013359015701285504e-01 -9.580973853569353382e-01 -1.351218839483403142e-02 2.862323045468166960e-01 6.188212045141336048e+00
2.767682073240214646e-01 -5.055725195326794125e-02 9.597179276140243021e-01 9.643442541015691205e+00 -4.772869980935759925e-04 9.986072743149424502e-01 5.275554759278074102e-02 4.333724196374372784e-01 -9.610492529803352779e-01 -1.505204248706604533e-02 2.763590850495736828e-01 6.385332176865108345e+00
2.651005768156480813e-01 -5.158456352451346039e-02 9.627241207725355521e-01 1.034366438264861365e+01 -1.421644325455850540e-03 9.985458836146866579e-01 5.388894566657734253e-02 4.627943310822509870e-01 -9.641041149380024100e-01 -1.565518729674561862e-02 2.646416655614867164e-01 6.587197626170572029e+00
2.557012865701094317e-01 -5.381095420774845844e-02 9.651655650653059304e-01 1.106502452126097147e+01 -2.032413399553429246e-03 9.984180602339212118e-01 5.619094906239138071e-02 4.934099322381616526e-01 -9.666616905384978198e-01 -1.634261556272543353e-02 2.551867859893959256e-01 6.770694468379361730e+00
2.450331139036232286e-01 -5.639443610550018415e-02 9.678259199019613179e-01 1.182294988698058447e+01 -2.785969029573977934e-03 9.982624637498358489e-01 5.886312280273832409e-02 5.316569539112954157e-01 -9.694627969781530741e-01 -1.713746206203083794e-02 2.444494391598191763e-01 6.973890445442724406e+00
2.349669498290762604e-01 -5.791037363476787131e-02 9.703844793219761344e-01 1.258288645608529954e+01 -3.551283121029874621e-03 9.981656135595302626e-01 6.042578669053718515e-02 5.649331319791131012e-01 -9.721048716452397320e-01 -1.763064028167501615e-02 2.343305276272094062e-01 7.150799816336401271e+00
2.241864265293229130e-01 -5.938483703945173636e-02 9.727225965720054379e-01 1.337534806678482013e+01 -4.650256652300926996e-03 9.980656842317500166e-01 6.197534820799363575e-02 6.006951365254517006e-01 -9.745218194977827153e-01 -1.841942946261838909e-02 2.234758485141727646e-01 7.335698441374883139e+00
2.126891323134871281e-01 -6.377868554172096138e-02 9.750113111121837539e-01 1.416047505668763762e+01 -5.860428127217319136e-03 9.977663118949650078e-01 6.655467375518765716e-02 6.473569115555525277e-01 -9.770773555478330374e-01 -1.987976184179253772e-02 2.118402602755338759e-01 7.508007922230136799e+00
2.017935862693711335e-01 -6.764770547261067524e-02 9.771785488483520909e-01 1.496082513743732356e+01 -7.467151869744613132e-03 9.974759674055284631e-01 7.059811730025064569e-02 6.875394078873137138e-01 -9.794902566927081722e-01 -2.151833167180720527e-02 2.007799241407284829e-01 7.672916059632832741e+00
1.871186201083307188e-01 -6.989959221542636769e-02 9.798288793209523062e-01 1.576465318239347191e+01 -8.059551554584055630e-03 9.973221027426911744e-01 7.270566599467942481e-02 7.285173107566926820e-01 -9.822863362421592193e-01 -2.151311558202954194e-02 1.860543729980154160e-01 7.819765870354754789e+00
1.736339396388819623e-01 -7.011758223760247710e-02 9.823352578270042601e-01 1.659174908529349324e+01 -8.793761367990047054e-03 9.973122101650624405e-01 7.273150316483695255e-02 7.651910366047531831e-01 -9.847949807316926929e-01 -2.126759543990736079e-02 1.725502771360200027e-01 7.969259538700178780e+00
1.594958478961131243e-01 -6.936452238298944362e-02 9.848186296050258637e-01 1.740056543051486315e+01 -1.024989909965604191e-02 9.973572713265077549e-01 7.190691660010156694e-02 8.095249669220138111e-01 -9.872071458429454438e-01 -2.152367976682383055e-02 1.583645396547520012e-01 8.102270892406663094e+00
1.433446750226331223e-01 -6.921059562866122006e-02 9.872766797766899805e-01 1.821628968042903196e+01 -1.046040455292373411e-02 9.973893230947017408e-01 7.144981537823141826e-02 8.527867237739784612e-01 -9.896455966495103507e-01 -2.055402464171359952e-02 1.422472932959724656e-01 8.222891021636680620e+00
1.213476998313898769e-01 -6.731916657143728611e-02 9.903300941641889343e-01 1.904945659166167715e+01 -1.352840477769282415e-02 9.974935671410868343e-01 6.944087596404967255e-02 8.958134604278334967e-01 -9.925221179854244458e-01 -2.183627800541206379e-02 1.201318215900120390e-01 8.312809072013658707e+00
9.726569289112443895e-02 -6.591898415002102329e-02 9.930483268642901207e-01 1.988429857435962589e+01 -1.702888794192273028e-02 9.975485997265044480e-01 6.787038742032179550e-02 9.382615240483378471e-01 -9.950868538707402511e-01 -2.353024244039873467e-02 9.590393351714829318e-02 8.397719048717085855e+00
6.774312659680410686e-02 -6.607099374754842047e-02 9.955361239030247056e-01 2.072811207541275991e+01 -2.172139951766025381e-02 9.974693915298140645e-01 6.770270781223214351e-02 9.784768096422677974e-01 -9.974926418375671400e-01 -2.617764296706770466e-02 6.613781288181626306e-02 8.450557684349940146e+00
3.446055654875744556e-02 -6.481197818724757087e-02 9.973172788366306829e-01 2.158647587504876242e+01 -2.560317711475524824e-02 9.975100615821574923e-01 6.571581681761450022e-02 1.018875371873458002e+00 -9.990936088362862844e-01 -2.779588268733176534e-02 3.271550515080245275e-02 8.477017754199948740e+00
-6.692353850136519402e-04 -6.495737973724949321e-02 9.978886519744216699e-01 2.243555904224141528e+01 -2.550545166076497242e-02 9.975649264941657268e-01 6.491205952882936336e-02 1.055928847096959444e+00 -9.996743396152759642e-01 -2.542339651941425208e-02 -2.324838793632913372e-03 8.472798246833722402e+00
-3.758616545294254929e-02 -6.270632287821716055e-02 9.973289728214078664e-01 2.330840328631773062e+01 -2.690756396765203382e-02 9.977307304860537629e-01 6.172460882236462804e-02 1.089784247007345552e+00 -9.989363796177096466e-01 -2.452034351171131915e-02 -3.918810986200293306e-02 8.432251994005584450e+00
-6.684314319299325402e-02 -6.176759234568245105e-02 9.958041826562584742e-01 2.416694325945145749e+01 -3.000523361722468724e-02 9.977547830065278678e-01 5.987843328421900424e-02 1.118107030459786211e+00 -9.972671858286574764e-01 -2.587562525227716723e-02 -6.854626733457253041e-02 8.370670707387004583e+00
-9.982233634230117114e-02 -5.833289522205832578e-02 9.932878990650269024e-01 2.502512801620399685e+01 -3.200035760210714897e-02 9.979510033477027031e-01 5.541752297529953242e-02 1.160905527682818406e+00 -9.944869041655712838e-01 -2.623196921156172381e-02 -1.014839719022328779e-01 8.278407732427240262e+00
-1.332543915442548632e-01 -5.463981505225549290e-02 9.895403249387980660e-01 2.588722679433569596e+01 -2.880255146959704790e-02 9.982712944943503697e-01 5.121275482616836905e-02 1.185099278753157348e+00 -9.906276650593256461e-01 -2.168646774785107367e-02 -1.345983251598350527e-01 8.150691886559210175e+00
-1.641041569053177662e-01 -4.894528973428919488e-02 9.852074013080297510e-01 2.672600768617057199e+01 -2.495088937478895375e-02 9.986544333878799584e-01 4.546148362318420955e-02 1.207900872619227295e+00 -9.861073352004408044e-01 -1.711912435473001565e-02 -1.651045084838667631e-01 8.000731134250928633e+00
-1.959669131284491606e-01 -4.256806277866190258e-02 9.797379528070864207e-01 2.758073062802942133e+01 -1.798175223137565143e-02 9.990456448901466890e-01 3.981810194136329445e-02 1.228395629507927023e+00 -9.804973428126417812e-01 -9.835290066754182048e-03 -1.965454726083312731e-01 7.817717918711971414e+00
-2.237954197612180840e-01 -3.655025470548728395e-02 9.740506526844314727e-01 2.840681446793982801e+01 -1.227394759232463065e-02 9.993233490732451596e-01 3.467405217645228716e-02 1.244067348557648334e+00 -9.746587521400256193e-01 -4.201424424160055647e-03 -2.240927120507126280e-01 7.610286641036324795e+00
-2.516926881256647541e-01 -3.126590869492199692e-02 9.672552600812911461e-01 2.924103044861983136e+01 -4.512783298142757256e-03 9.995050565727718883e-01 3.112987780735622725e-02 1.256570582553788062e+00 -9.677501763579350325e-01 3.480060041300838715e-03 -2.517091413085879581e-01 7.380273897967406960e+00
-2.790781655630479308e-01 -2.014400067262370544e-02 9.601182881160561511e-01 3.006376885825161338e+01 1.880008396425628938e-03 9.997667499036375638e-01 2.152157261407421085e-02 1.253945536531373417e+00 -9.603278064757047039e-01 7.806174363324938636e-03 -2.789753406176738726e-01 7.133303542480687653e+00
-3.021591153196424573e-01 -5.652802601128344324e-03 9.530450038824812564e-01 3.087034211337852696e+01 6.302006595555040801e-03 9.999488423127700365e-01 7.925395618383833732e-03 1.245446540700536842e+00 -9.530411289978069078e-01 8.404937494269838077e-03 -3.021080775466400969e-01 6.852955088326265987e+00
-3.255536254381461436e-01 1.175734240750085820e-02 9.454517657476866344e-01 3.166149655591115675e+01 6.949118262120974887e-03 9.999254984447252248e-01 -1.004393313479454500e-02 1.228900743826548014e+00 -9.454994628772814824e-01 3.297838801101681070e-03 -3.256110595319239298e-01 6.585178232167927526e+00
-3.520409506062991967e-01 2.717453235489589516e-02 9.355568876706932269e-01 3.245492158728778520e+01 7.522762917394354605e-03 9.996283127201571750e-01 -2.620701463873559636e-02 1.210276450059377895e+00 -9.359214729674564248e-01 -2.191005658437103227e-03 -3.521145017775542119e-01 6.289879798190177951e+00
-3.763269578824229300e-01 3.697421627574969116e-02 9.256904447245209999e-01 3.324047625886928614e+01 1.083443363938593577e-02 9.993103926489492750e-01 -3.552104168766878622e-02 1.167727345510549464e+00 -9.263655312220201443e-01 -3.340857912802577042e-03 -3.764679819047402898e-01 5.963816912450243812e+00
-4.030054113010989592e-01 4.164580165797426847e-02 9.144751823921166700e-01 3.402173381489509296e+01 1.470240287036029929e-02 9.991300991779343832e-01 -3.902622387032958495e-02 1.119778434862721106e+00 -9.153049632826738558e-01 -2.279038583506559201e-03 -4.032672137881665453e-01 5.626920481559121612e+00
-4.227485616939567481e-01 4.222380906353128543e-02 9.054036713979429774e-01 3.479826433913301997e+01 1.670815477405724822e-02 9.991069741202597276e-01 -3.882524790618852722e-02 1.076214268313573363e+00 -9.062345115595870082e-01 -1.279182693060157677e-03 -4.230763363059262816e-01 5.265743487848804527e+00
-4.426808194356513515e-01 3.781704821044421655e-02 8.963897143218091390e-01 3.555492027424792667e+01 2.118446329734883712e-02 9.992726256229423898e-01 -3.172571794327868483e-02 1.032301751299879111e+00 -8.969369494171377521e-01 4.965945540571301518e-03 -4.431600246569107338e-01 4.890280411029377383e+00
-4.593471000736997767e-01 3.556718841110979856e-02 8.870446565375514902e-01 3.631120279601287848e+01 2.781016043719087769e-02 9.992839515497020653e-01 -2.564677349661623890e-02 9.883497529457900832e-01 -8.873220489170386971e-01 1.287596676106323931e-02 -4.600073506577496696e-01 4.488800796769001344e+00
-4.747920586799260767e-01 3.657745412585989425e-02 8.794122276527853721e-01 3.704559416303266062e+01 3.259951658190459595e-02 9.991812252459613131e-01 -2.397747953859574732e-02 9.415346371663390057e-01 -8.795694867025731778e-01 1.727828528741295541e-02 -4.755956420623272951e-01 4.082663473599462023e+00
-4.837526998213576013e-01 3.938785203705003068e-02 8.740971073114562895e-01 3.776319404907135890e+01 3.517031002823225311e-02 9.990547970744011463e-01 -2.554211075159129249e-02 9.040610952395952138e-01 -8.742773250196415047e-01 1.837710565323558143e-02 -4.846806282322000947e-01 3.672741329477062777e+00
-4.931526053241975238e-01 4.216824085123310750e-02 8.688793532634971895e-01 3.846755752848535082e+01 3.605645973882523614e-02 9.989568378838673546e-01 -2.804325412830067574e-02 8.580231774972898462e-01 -8.691554744518582565e-01 1.749924945054887743e-02 -4.941586174588092351e-01 3.270398734921699635e+00
-5.037557069808387133e-01 4.246300707846067946e-02 8.626456824189047135e-01 3.917599380383675367e+01 3.032093199817026061e-02 9.990447194011371490e-01 -3.147600966538349754e-02 8.222337066514715520e-01 -8.631582039333403067e-01 1.030348507372677754e-02 -5.045619454265851678e-01 2.868219314256287511e+00
-5.156260610116440990e-01 3.994697102716687764e-02 8.560622170214101656e-01 3.987252114484603283e+01 2.882589885227239065e-02 9.991558796071013937e-01 -2.927561841057085487e-02 7.880240107276589301e-01 -8.565090622480321381e-01 9.584202232678199623e-03 -5.163423543582442710e-01 2.455048089827360780e+00
-5.236376689626403014e-01 4.115203975087232402e-02 8.509278155948515332e-01 4.057446055838887133e+01 3.049266720454836890e-02 9.990976825689721341e-01 -2.958790583884698261e-02 7.484254400383127948e-01 -8.513779080618548711e-01 1.045009831177368120e-02 -5.244199244759301104e-01 2.024158355861300773e+00
-5.302234861289117918e-01 4.497066626357769381e-02 8.459923932898169019e-01 4.127259398752433839e+01 3.440180382859093361e-02 9.989110429671130831e-01 -3.148988930592642316e-02 6.998753851282820682e-01 -8.464877739157719017e-01 1.239434633685820158e-02 -5.311932788840998398e-01 1.579803713375933505e+00
-5.340798589553590325e-01 4.798823240747335239e-02 8.437954881629605719e-01 4.197970738726063900e+01 3.569411501437241147e-02 9.987775621833415718e-01 -3.417077847023769488e-02 6.730830537788898837e-01 -8.444043771334569515e-01 1.185408494013982100e-02 -5.351400221443033400e-01 1.136843551451096168e+00
-5.341046460878433599e-01 4.929221350615586861e-02 8.445914783361520017e-01 4.271217691813243533e+01 3.564401629849978104e-02 9.987242276827807963e-01 -3.577974347003866351e-02 6.339817143232404639e-01 -8.452772481352439637e-01 1.101042020842324734e-02 -5.351804541497163781e-01 6.791234543872373131e-01
-5.301936679230349059e-01 4.971883370049259149e-02 8.463867442841064292e-01 4.346668202476269016e+01 3.769908963772276855e-02 9.986741588457590524e-01 -3.505976002721254009e-02 5.942569103887221926e-01 -8.470077298707242575e-01 1.332021728024018054e-02 -5.313651793001046286e-01 2.065918891049298434e-01
-5.260117087181567230e-01 4.831215330696721211e-02 8.497868246074080645e-01 4.421393826619657119e+01 3.609031817328971908e-02 9.987541564845144881e-01 -3.447147288900288820e-02 5.486735298090866797e-01 -8.503931831351067006e-01 1.254993366444153054e-02 -5.271000956621708644e-01 -2.459331487019147111e-01
-5.169818219074310273e-01 4.676010658620929905e-02 8.547049150457733946e-01 4.500695090796813957e+01 3.366447147754323549e-02 9.988448068729697260e-01 -3.430518526219605152e-02 5.058009419502009774e-01 -8.553217142619926605e-01 1.104937898602224161e-02 -5.179587233764885168e-01 -7.225453650640289993e-01
-5.090007343678393248e-01 4.657318378472876524e-02 8.597703221557779774e-01 4.579925398725517738e+01 3.189547743473406666e-02 9.988699126668800776e-01 -3.524435203946907347e-02 4.677864116169789255e-01 -8.604399045811277347e-01 9.495931991965854066e-03 -5.099110612908315243e-01 -1.176545618475297594e+00
-5.038305657670159032e-01 4.507412315993378216e-02 8.626587345475583701e-01 4.659235914899657871e+01 2.943912693408802517e-02 9.989532674332383122e-01 -3.501807481490063628e-02 4.238534823354912495e-01 -8.633345849027612706e-01 7.745174370052496961e-03 -5.046300597404106414e-01 -1.620769181155234717e+00
-4.987174949830188719e-01 4.289042984178390028e-02 8.658545468461185113e-01 4.743686467880127111e+01 2.517771176476330322e-02 9.990702724066432561e-01 -3.500922279931664022e-02 3.806586448284120516e-01 -8.665508615323272990e-01 4.352645534088215966e-03 -4.993336870095771429e-01 -2.104072313351124990e+00
-4.974304072291665935e-01 3.922088607580360292e-02 8.665705335483581129e-01 4.827318835550027387e+01 2.009623762690672388e-02 9.992303486263577339e-01 -3.368050789587854338e-02 3.406055551486537603e-01 -8.672248863498364102e-01 6.520619788984051554e-04 -4.978356960778246854e-01 -2.563381317519784819e+00
-4.961049673342004529e-01 3.665182572731406907e-02 8.672427010205112641e-01 4.915384309574424293e+01 1.670175182310245504e-02 9.993263620330277153e-01 -3.267187436185137184e-02 2.896126304394108786e-01 -8.678565632571785260e-01 -1.740253849315258946e-03 -4.963827451874899821e-01 -3.044204108880388393e+00
-4.975429039257646679e-01 3.605716552511405854e-02 8.665582976242250934e-01 5.001410766069626845e+01 1.536307296020804174e-02 9.993451158559528702e-01 -3.275638972430370416e-02 2.467402677484755724e-01 -8.671722727272723752e-01 -2.998064017175697434e-03 -4.977709709900942636e-01 -3.528798368701602683e+00
-4.989213271952863682e-01 3.556128061739814716e-02 8.655140934857942225e-01 5.088472768310668215e+01 1.560614668626745388e-02 9.993640128190159899e-01 -3.206111498230172080e-02 2.001516894293703108e-01 -8.661041354097508416e-01 -2.504601720502828369e-03 -4.991587419706229878e-01 -4.014245103509954227e+00
-4.974977572330407383e-01 3.376654585387259266e-02 8.670057950193522656e-01 5.178959944142777516e+01 1.517586865984137112e-02 9.994280519127070050e-01 -3.023056292962515712e-02 1.533398872921361566e-01 -8.675306043163742986e-01 -1.874079002773710147e-03 -4.977256638279207723e-01 -4.522619581627091101e+00
-4.974727071654426735e-01 3.414547085292606726e-02 8.665943580969964755e-01 5.270243916509249260e+01 1.606688493693005787e-02 9.994161800696388376e-01 -3.016008893495540980e-02 1.087004034290840471e-01 -8.671181308956852352e-01 -1.074324784655045564e-03 -4.977307656230834376e-01 -5.034471434469041107e+00
-4.988879030657186187e-01 3.397219107672944105e-02 8.658942628872755565e-01 5.361007560486995516e+01 1.554844351902798065e-02 9.994210377056317318e-01 -3.026656771882703378e-02 5.898134910130330144e-02 -8.664214397495563214e-01 -1.643756438379849472e-03 -4.991271206743064237e-01 -5.539116291260577363e+00
-4.989401432994456376e-01 3.197385151678884541e-02 8.661747622356149590e-01 5.454151648046665457e+01 1.300110315627609099e-02 9.994829242842072636e-01 -2.942775344669501872e-02 1.310088807749026918e-02 -8.666672603309658607e-01 -3.391353354129748258e-03 -4.990978749884390497e-01 -6.051976426253323105e+00
-4.989236166342010392e-01 3.072403051487515580e-02 8.661935755556127159e-01 5.543675665824631693e+01 1.273797496257091794e-02 9.995231359340949195e-01 -2.814312170739361602e-02 -3.245936233961312090e-02 -8.666452417765794225e-01 -3.002023702470769852e-03 -4.990767994398169205e-01 -6.544849442582500565e+00
-4.975777055647214175e-01 3.094327212416787820e-02 8.664040964140731216e-01 5.635253617993468112e+01 1.146026124330017278e-02 9.995105262323320527e-01 -2.909804252029769486e-02 -8.637947941236223670e-02 -8.668809482546937506e-01 -4.571541490994416278e-03 -4.976886421340565025e-01 -7.057320188006628747e+00
-4.961474081361633148e-01 2.865409057989424732e-02 8.681009028892734403e-01 5.726032089635565825e+01 1.095022390129320351e-02 9.995824346233134206e-01 -2.674593481810172077e-02 -1.352279113705075475e-01 -8.685045722078376107e-01 -3.742976623484071085e-03 -4.962540675008676461e-01 -7.548355178485834038e+00
-4.922689605754785869e-01 2.660674732310305823e-02 8.694027295849379167e-01 5.817865768524463022e+01 1.159458727839732424e-02 9.996440749852700813e-01 -2.402092351655015987e-02 -1.848603029202170456e-01 -8.697327757050706820e-01 -1.759020277429901779e-03 -4.924021296189894370e-01 -8.061431976673411270e+00
-4.894249763938909314e-01 2.491628476555874869e-02 8.714411144590827885e-01 5.912258408439418389e+01 1.219235786753620175e-02 9.996893440569456502e-01 -2.172456364608653032e-02 -2.291925809418396409e-01 -8.717121207309018738e-01 -1.950439987386608679e-05 -4.895768173567345838e-01 -8.579917929659025333e+00
-4.880230726862923030e-01 2.419660274954929177e-02 8.724451750712345355e-01 6.001614026906013066e+01 1.196707941977712478e-02 9.997072034443859057e-01 -2.101726565261621132e-02 -2.730931223304160493e-01 -8.726984983881940217e-01 1.754221613139731947e-04 -4.881698301733005119e-01 -9.073315536577526430e+00
-4.869934029386163710e-01 2.464582879720243411e-02 8.731708201521627410e-01 6.095842293779298871e+01 1.262952398555841280e-02 9.996958484819685742e-01 -2.119155030691889999e-02 -3.197052220166531900e-01 -8.734274248387193795e-01 7.232503050154860018e-04 -4.871565802460346983e-01 -9.592988380313176577e+00
-4.856035162650420567e-01 2.456995824203190085e-02 8.741642538317166977e-01 6.185791499823545792e+01 1.236449725910621598e-02 9.996979531626588589e-01 -2.124815919067710515e-02 -3.598789520613472903e-01 -8.744220465893015604e-01 5.062293171865109645e-04 -4.857607431548647270e-01 -1.008674943169786431e+01
-4.856561096167268388e-01 2.512164433530296795e-02 8.735544453803156806e-01 6.275411542021061706e+01 1.099801309393059513e-02 9.996833276708957383e-01 -2.263404956778719904e-02 -4.136778713629896131e-01 -8.738465440528053740e-01 -1.389608338797108066e-03 -4.857785503371888081e-01 -1.057911365013702465e+01
-4.871516721517275550e-01 2.720262840850779310e-02 8.729008786818703847e-01 6.366137258973935786e+01 9.270700239881942209e-03 9.996194968198954811e-01 -2.598448553198887470e-02 -4.575476581676563570e-01 -8.732754804425062467e-01 -4.555824956874912623e-03 -4.872184626762855464e-01 -1.108099047354194866e+01
-4.910002274784806553e-01 2.815365565142180851e-02 8.702444305988144002e-01 6.454255921241107785e+01 8.868496941100648817e-03 9.995869961637974255e-01 -2.732999275793841082e-02 -5.036403130225657332e-01 -8.706547441579383095e-01 -5.714374994905427503e-03 -4.910469098672626265e-01 -1.157539486572283138e+01
-4.975873584368762925e-01 2.566035916340748263e-02 8.671159446131142534e-01 6.544008871582890663e+01 8.155841883813644277e-03 9.996566066480925272e-01 -2.490602778310239615e-02 -5.473837897031761379e-01 -8.674569992961566056e-01 -5.308356935560501651e-03 -4.976259901641124084e-01 -1.208911733562080215e+01
-5.026652844710420842e-01 2.336349978876889333e-02 8.639240195791557664e-01 6.632862260187566505e+01 1.114772754133905482e-02 9.997266260182328113e-01 -2.053997841835441401e-02 -6.011267705520153548e-01 -8.641679622449668363e-01 -7.029895462417421609e-04 -5.027883942357893599e-01 -1.260275428959954347e+01
-5.093561092578808847e-01 2.061371954475630514e-02 8.606236401418505544e-01 6.720819205147019204e+01 7.791770423549860061e-03 9.997825441494375687e-01 -1.935155474436874370e-02 -6.467918903356901783e-01 -8.608350926691098470e-01 -3.135542222526322299e-03 -5.094060439041604438e-01 -1.308988410836842498e+01
-5.117813851187249519e-01 2.233427456842869419e-02 8.588788073481080643e-01 6.808673271514155090e+01 8.814104472629187212e-03 9.997459568606394953e-01 -2.072955315583507874e-02 -6.926132811323686411e-01 -8.591238411834550837e-01 -3.049569405207157996e-03 -5.118483913219925574e-01 -1.360364030917053491e+01
-5.174203707484719139e-01 2.659621569532308327e-02 8.553922158581431789e-01 6.894133981533661881e+01 1.020475057858983604e-02 9.996375866212494632e-01 -2.492477343073824791e-02 -7.336069260861359798e-01 -8.557447076687597631e-01 -4.141964257178549005e-03 -5.175043576727041961e-01 -1.411354962165505356e+01
-5.227225406745332759e-01 2.592311253600992210e-02 8.517019638668767989e-01 6.979340580889437717e+01 8.240077674806670777e-03 9.996439568345193427e-01 -2.537167551148382036e-02 -7.760803556051729668e-01 -8.520568383700735104e-01 -6.260711097071314929e-03 -5.227498182023748718e-01 -1.461487212205269692e+01
-5.266247528378892317e-01 2.609281624341370717e-02 8.501722269023095357e-01 7.066174871529945278e+01 6.827785215091298349e-03 9.996267179075772891e-01 -2.645263176769875602e-02 -8.276047062900764306e-01 -8.505449019776072372e-01 -8.108941421767466157e-03 -5.266065082787639851e-01 -1.514590191892029125e+01
-5.294087956902834291e-01 2.496651852713150516e-02 8.482511484777586208e-01 7.147308466734887133e+01 6.770565906980926217e-03 9.996594820854659558e-01 -2.520918893388017501e-02 -8.741788577553540884e-01 -8.485913580472067563e-01 -7.581746431991079511e-03 -5.293978059172774753e-01 -1.564571556041046918e+01
-5.316803126679694458e-01 1.853722660337401087e-02 8.466105336918688939e-01 7.231754409607019340e+01 8.268312080561885172e-03 9.998263370034076170e-01 -1.668988530706705734e-02 -9.130314507524169843e-01 -8.467731123287532968e-01 -1.887029644067043758e-03 -5.317412596831860849e-01 -1.617139470293542658e+01
-5.344115599463858945e-01 9.065109909554775261e-03 8.446014636885191829e-01 7.315654734605610088e+01 7.583650530181844547e-03 9.999536150517690514e-01 -5.933623859017396994e-03 -9.512795165957803611e-01 -8.446161983595061873e-01 3.236057114151451395e-03 -5.344553360692810839e-01 -1.670860107930243288e+01
-5.358084913423830642e-01 5.894040507239205195e-03 8.445588704052661155e-01 7.398895322917685746e+01 7.322796003526881384e-03 9.999704227359058617e-01 -2.331516933487219004e-03 -9.774303631680153481e-01 -8.445478421502071731e-01 4.941374310723029017e-03 -5.358358014801926084e-01 -1.723077236880337537e+01
-5.382578154561047379e-01 1.156114007121085765e-02 8.432019343403804879e-01 7.480961544486460468e+01 8.557593787040471481e-03 9.999293048450363930e-01 -8.252139328293708539e-03 -1.004714268850852132e+00 -8.432378120472547867e-01 2.771598859543583995e-03 -5.383185922217258446e-01 -1.775286672961698642e+01
-5.382976973353442718e-01 1.722060106710092409e-02 8.430822724149665826e-01 7.562386383693329606e+01 9.156244627559701268e-03 9.998516678560501747e-01 -1.457931243130252894e-02 -1.033279170597100061e+00 -8.432084672840579609e-01 -1.279074429048250865e-04 -5.383754765441129964e-01 -1.827825901708317247e+01
-5.381769828967380986e-01 2.124970083219369227e-02 8.427831902342579617e-01 7.643894874766968428e+01 1.521710668491069694e-02 9.997640410171076963e-01 -1.548815488516054259e-02 -1.068375910124171657e+00 -8.429137043025520803e-01 4.487062960243797666e-03 -5.383733377987143243e-01 -1.879421996117082472e+01
-5.381187300525835937e-01 2.227339115745607251e-02 8.429156608410977025e-01 7.726179199283086518e+01 1.787459800347939234e-02 9.997275102344430620e-01 -1.501083546815101463e-02 -1.105734342232336020e+00 -8.430204512721678478e-01 6.993796666340992840e-03 -5.383701451186881926e-01 -1.933475480616485598e+01
-5.356540971821343033e-01 1.926738919289035928e-02 8.440107479721644657e-01 7.808638803166914499e+01 1.766718716526637784e-02 9.997763963968923084e-01 -1.161427224485117246e-02 -1.136777422628547418e+00 -8.440458272926835148e-01 8.688351121207804617e-03 -5.358747878278865562e-01 -1.985421928154531912e+01
-5.381431422234175255e-01 1.301701913186354038e-02 8.433903030419317437e-01 7.890499558673437264e+01 1.440480035424771162e-02 9.998766736020257007e-01 -6.252394632572845327e-03 -1.168651432674846724e+00 -8.433678421316478380e-01 8.788274111397225211e-03 -5.382642263401559157e-01 -2.036726436657513162e+01
-5.357116868087592465e-01 7.087700221051105968e-03 8.444012308210493423e-01 7.972543910560082736e+01 1.348575492257067868e-02 9.999089755749897002e-01 1.641346759975037127e-04 -1.181516669939629560e+00 -8.443234777961488025e-01 1.147759038107632260e-02 -5.357584464696300008e-01 -2.087580555465353882e+01
-5.358538413801806621e-01 9.495150222365329870e-04 8.445532500491619299e-01 8.054047283729201467e+01 4.363477619582793211e-03 9.999890350499298641e-01 1.648459064917672055e-03 -1.202984479674779283e+00 -8.445428399973403666e-01 4.575850098028308791e-03 -5.358519791006574051e-01 -2.136680395935776033e+01
-5.331815744854300210e-01 -4.216054241755889942e-03 8.456122675495838514e-01 8.135926509532264106e+01 -3.757417616572381568e-03 9.999894793767318824e-01 2.615357364810520346e-03 -1.216204977171267299e+00 -8.456146161536016725e-01 -1.787608320812619084e-03 -5.331918031495110899e-01 -2.186069271008071624e+01
-5.317301892327375157e-01 -3.882221450235995557e-03 8.475942220556004214e-01 8.217859770150569432e+01 -1.097382051841531113e-03 9.999918239125122899e-01 3.901520076581599904e-03 -1.238790503377114272e+00 -8.476024853560083505e-01 1.140204980086135210e-03 -5.317300909480852100e-01 -2.237267738427740582e+01
-5.278073876597005887e-01 -3.807484801813493616e-04 8.488149126679154222e-01 8.298400374520535649e+01 3.650583151388679150e-03 9.999895873775120902e-01 2.718945923799356412e-03 -1.259709600221290415e+00 -8.488072891680256138e-01 4.541250778906090815e-03 -5.278003666413344508e-01 -2.287270040051043196e+01
-5.211418587182775619e-01 2.359557162662977246e-03 8.530545012068357913e-01 8.380056900401855557e+01 4.845176986710430893e-03 9.999882619906517167e-01 1.936657992272019266e-04 -1.275145489262720533e+00 -8.530441709123209870e-01 4.236241434986728026e-03 -5.211471044137316877e-01 -2.337961123615033188e+01
-5.144285451821158928e-01 3.995502641082303297e-03 8.576543944958410215e-01 8.461566524649855126e+01 9.605751296863918043e-03 9.999531860938249972e-01 1.100554506525102142e-03 -1.290273179082246591e+00 -8.576101562625845220e-01 8.803502656558723563e-03 -5.144429072080958232e-01 -2.386577125784301856e+01
-5.063053173832916531e-01 6.307602129748168633e-03 8.622465294621910470e-01 8.542560918777992640e+01 1.679195727537399069e-02 9.998556885363175661e-01 2.546993425563695394e-03 -1.313279202113843525e+00 -8.621062648447108678e-01 1.576932253977089346e-02 -5.063380708524276574e-01 -2.434353641539503244e+01
-4.958631708236523328e-01 6.500549673948031494e-03 8.684926965622749018e-01 8.625608243371011952e+01 1.670896568606600185e-02 9.998583906590882142e-01 2.054211508264634171e-03 -1.337072454957313195e+00 -8.683563420172972780e-01 1.552923004713468828e-02 -4.959016541329975825e-01 -2.480991464670949398e+01
-4.855105619173393228e-01 2.876484108156919951e-03 8.737445018938819752e-01 8.708468989919515479e+01 1.228978393774607901e-02 9.999182657733793889e-01 3.540857002313212241e-03 -1.344000145448667638e+00 -8.736627948443139724e-01 1.246354701282856477e-02 -4.855061566625128999e-01 -2.525382302418228875e+01
-4.737337607086994362e-01 -2.076574093023066277e-04 8.810425511403555676e-01 8.792732669269845758e+01 1.391239308260663714e-02 9.998736152735726579e-01 7.715458063436604619e-03 -1.365630129671510540e+00 -8.809328958741770021e-01 1.590474875544716296e-02 -4.736708692457357039e-01 -2.569514999291167001e+01
-4.619961162930703025e-01 -1.956732573739060257e-03 8.866569669921798846e-01 8.876253081394253286e+01 1.255945767471982992e-02 9.998828997543310892e-01 8.747719524797779173e-03 -1.373161817126642426e+00 -8.865702143718782180e-01 1.518098500209888284e-02 -4.619174152418852319e-01 -2.613134556406379971e+01
-4.530504764278737717e-01 -2.589473260866241057e-03 8.918819055122622075e-01 8.960009292325052854e+01 1.192223919904982637e-02 9.998889107484341121e-01 8.956715265404882609e-03 -1.377857748721285525e+00 -8.918060293727911869e-01 1.468230259330915131e-02 -4.529692846356543345e-01 -2.654243346283034199e+01
-4.375650410158676840e-01 -3.111770982099402484e-03 8.993099888164489686e-01 9.046139524990624636e+01 1.511422864312021545e-02 9.998274215558132783e-01 1.081054990030300145e-02 -1.397493452503278943e+00 -8.991884309516618989e-01 1.832099722993988170e-02 -4.374424461718119939e-01 -2.696085445113009627e+01
