1.0 0.0 0.0 0.0 0.0 1.0 0.0 0.0 0.0 0.0 1.0 0.0
0.99967605 0.025451025 -0.00024334228 0.3095703 -0.025450146 0.9996713 0.0031083147 -0.016235352 0.00032237385 -0.0031011149 0.9999951 -0.042114258
0.9993166 0.03694808 0.0011166758 0.26098633 -0.03695338 0.99930364 0.0051631713 -0.0068359375 -0.00092508533 -0.0052009188 0.99998605 -0.016235352
0.9979876 0.06337264 0.0019771678 0.41430664 -0.06338368 0.99797004 0.006136004 -0.03503418 -0.0015843043 -0.0062490064 0.9999792 0.005004883
0.9951501 0.09829915 0.00401868 0.6126709 -0.09832539 0.9951313 0.0069560767 -0.08239746 -0.0033154825 -0.007317437 0.99996775 -0.04272461
0.9909149 0.13428487 0.0066759475 0.7902832 -0.13430952 0.99092823 0.003389395 -0.15124512 -0.0061601405 -0.0042556217 0.999972 -0.0052490234
0.98459166 0.17472693 0.0068629393 0.9942627 -0.17473328 0.9846144 0.00033044268 -0.1895752 -0.006699624 -0.0015245479 0.9999764 -0.032348633
0.97551656 0.21972027 0.009791262 1.225708 -0.21972755 0.975564 -0.0003408041 -0.28198242 -0.009626923 -0.0018189101 0.999952 -0.012084961
0.9638666 0.26611158 0.012230141 1.4295654 -0.26613578 0.96393746 0.000365976 -0.36218262 -0.011691539 -0.0036073232 0.99992514 -0.03125
0.9494792 0.31312653 0.019304434 1.6624756 -0.31310496 0.9496731 -0.0042088297 -0.4822998 -0.019651467 -0.0020480691 0.9998049 -0.028442383
0.9320884 0.36138782 0.025110692 1.8946533 -0.36116984 0.93242186 -0.012891311 -0.6011963 -0.028071845 0.0029478911 0.9996016 -0.025390625
0.9107238 0.41200334 0.028196301 2.1256104 -0.4116065 0.9111426 -0.0189426 -0.7446289 -0.033495802 0.005646443 0.9994231 -0.022827148
0.885818 0.46301797 0.031601608 2.3778076 -0.46256098 0.88637286 -0.020937622 -0.9173584 -0.037703857 0.0039305883 0.99928117 -0.028930664
0.8575659 0.5130405 0.035801835 2.5911865 -0.5125421 0.858312 -0.022642039 -1.0909424 -0.042344496 0.001067386 0.9991027 -0.04699707
0.82508844 0.56367725 0.03793877 2.8509521 -0.5629809 0.8259586 -0.028069755 -1.3010254 -0.0471575 0.001794776 0.99888545 -0.059326172
0.7901629 0.61175597 0.038006686 3.0615234 -0.6108462 0.79106945 -0.033507228 -1.5201416 -0.0505652 0.0032643825 0.9987157 -0.06311035
0.75119364 0.6588624 0.038270667 3.3041992 -0.6577553 0.7521589 -0.03835015 -1.7714844 -0.054061715 0.003633378 0.9985312 -0.08105469
0.71236825 0.7008362 0.036402717 3.5422363 -0.6995839 0.7132828 -0.042124853 -2.059082 -0.055491943 0.0045471136 0.99844927 -0.09667969
0.6693165 0.7421471 0.036229357 3.7589111 -0.7408786 0.6702925 -0.0434284 -2.3330078 -0.056513183 0.0022292044 0.9983995 -0.11413574
0.6275948 0.7774272 0.038801804 3.9934082 -0.7761885 0.6287879 -0.043951318 -2.6760254 -0.05857099 -0.0025351923 0.9982802 -0.14941406
0.58524907 0.8098007 0.04041858 4.213501 -0.8085941 0.5866069 -0.0446724 -3.0037842 -0.059886266 -0.006543299 0.9981835 -0.16687012
0.544868 0.8375008 0.040651288 4.4328613 -0.8362247 0.5463177 -0.04697063 -3.375122 -0.061550796 -0.008403057 0.99806863 -0.18981934
0.5055642 0.8616749 0.040603317 4.6553955 -0.8603011 0.5070956 -0.049622424 -3.78833 -0.06336698 -0.009840628 0.9979427 -0.21142578
0.46793664 0.8827199 0.042016055 4.859131 -0.881469 0.46960706 -0.049035892 -4.2060547 -0.063029684 -0.014083652 0.9979132 -0.24035645
0.4327042 0.90058124 0.040666047 5.081665 -0.8993969 0.43433404 -0.0487111 -4.6638184 -0.061528865 -0.0154903475 0.9979853 -0.2685547
0.3984083 0.91652423 0.036659885 5.27063 -0.9153775 0.39983174 -0.048056416 -5.1658936 -0.058687642 -0.014405301 0.9981721 -0.2989502
0.36918002 0.9286358 0.031972695 5.4501953 -0.92756635 0.37034807 -0.046293527 -5.6727295 -0.05484686 -0.012563528 0.9984163 -0.3302002
0.34355846 0.9385723 0.029382363 5.6463623 -0.93756926 0.34460086 -0.045042165 -6.220581 -0.05239333 -0.012066843 0.9985535 -0.3642578
0.3236571 0.9457483 0.026489962 5.8323975 -0.9447742 0.32456255 -0.044226184 -6.796631 -0.050430655 -0.010716413 0.99867016 -0.39794922
0.3090113 0.95067054 0.025618609 6.0236816 -0.94964075 0.3099002 -0.045414172 -7.3914795 -0.05112039 -0.010293348 0.9986397 -0.42944336
0.2964544 0.954662 0.02477759 6.2177734 -0.95357335 0.297326 -0.04663273 -8.008301 -0.051879346 -0.009789371 0.9986056 -0.45825195
0.2860195 0.95791006 0.02575346 6.413452 -0.95671475 0.28698045 -0.049009655 -8.671265 -0.054323085 -0.010620086 0.99846655 -0.49572754
0.27614692 0.960838 0.027378377 6.612549 -0.9596067 0.27722296 -0.050174218 -9.338379 -0.055802234 -0.012418807 0.9983647 -0.53393555
0.26442662 0.96388125 0.028079707 6.8168945 -0.9626108 0.26557186 -0.05127649 -10.037842 -0.05688604 -0.013474185 0.99828964 -0.5699463
0.25496185 0.9664289 0.028844055 7.002075 -0.9650484 0.25619578 -0.053562835 -10.758667 -0.059148356 -0.014171792 0.9981485 -0.6068115
0.244213 0.9692182 0.02972525 7.2072754 -0.96770424 0.24555488 -0.056215018 -11.515991 -0.061774734 -0.015023048 0.99797714 -0.6516113
0.2340877 0.9718508 0.030301828 7.3859863 -0.9702603 0.23550756 -0.05779543 -12.275269 -0.06329445 -0.015882744 0.9978678 -0.6916504
0.22322866 0.9742538 0.03117699 7.572876 -0.9725958 0.2247483 -0.05934204 -13.067139 -0.064795166 -0.017080348 0.997751 -0.7344971
0.21157376 0.97678936 0.032723226 7.7474365 -0.97487634 0.21329632 -0.063813634 -13.851807 -0.06932164 -0.018388513 0.9974256 -0.7871094
0.20049869 0.97917837 0.0344438 7.9144287 -0.97703624 0.20244507 -0.06775673 -14.651733 -0.07331568 -0.020088492 0.9971057 -0.8334961
0.18576029 0.9819699 0.034551412 8.064453 -0.9796847 0.18779366 -0.07010822 -15.454834 -0.075351186 -0.02081193 0.99694115 -0.8812256
0.172255 0.98447496 0.034413125 8.216675 -0.9821928 0.17431751 -0.07041795 -16.281128 -0.07531111 -0.02167078 0.9969239 -0.9255371
0.15807672 0.9868748 0.034782134 8.352661 -0.98467845 0.16018614 -0.06976338 -17.08899 -0.074417025 -0.023258142 0.9969548 -0.97753906
0.14195679 0.98931867 0.033937108 8.476807 -0.98713994 0.1440365 -0.06972204 -17.903809 -0.07387543 -0.023615617 0.996988 -1.0283203
0.11986324 0.99216384 0.035389706 8.572388 -0.990198 0.1220508 -0.067990944 -18.735718 -0.07175287 -0.02688362 0.99705905 -1.0793457
0.09565722 0.9946911 0.03726393 8.663696 -0.99292064 0.09798759 -0.06677035 -19.569458 -0.0700535 -0.030597595 0.9970734 -1.1296387
0.065910384 0.9970439 0.040122375 8.7248535 -0.9954117 0.06850613 -0.067147754 -20.412354 -0.069722295 -0.035542507 0.9969338 -1.177124
0.032512482 0.9986051 0.041972317 8.760742 -0.99720204 0.035247214 -0.06614817 -21.269897 -0.06754023 -0.039706204 0.9969264 -1.2253418
-0.0025365383 0.9992035 0.039831843 8.766235 -0.99778277 0.00012004777 -0.06656882 -22.118652 -0.066513404 -0.039897103 0.99698734 -1.2695312
-0.03938377 0.99846166 0.039166883 8.736084 -0.9972362 -0.03680096 -0.06461827 -22.991333 -0.06308415 -0.041598823 0.9971412 -1.3112793
-0.06872024 0.9967602 0.04070056 8.682617 -0.9957216 -0.06603835 -0.063927405 -23.850098 -0.061041165 -0.04492448 0.99712396 -1.3468018
-0.1016258 0.99396235 0.041255325 8.599487 -0.99322087 -0.099026434 -0.060776703 -24.708496 -0.05634913 -0.04717677 0.9972969 -1.3974609
-0.13474108 0.9901582 0.036902636 8.480713 -0.98948574 -0.13251159 -0.057371765 -25.57129 -0.05189149 -0.04423405 0.99767125 -1.4291992
-0.16523853 0.98569745 0.032509975 8.338867 -0.9851647 -0.16343583 -0.051948987 -26.410767 -0.04589793 -0.04061588 0.9981201 -1.4597168
-0.19668889 0.98018897 0.0253998 8.1640625 -0.9797021 -0.19540372 -0.045854457 -27.26648 -0.03999105 -0.033881657 0.9986259 -1.487793
-0.22423828 0.9744309 0.019910946 7.963745 -0.9740195 -0.22332455 -0.040090255 -28.093628 -0.03461011 -0.02837277 0.99899805 -1.510498
-0.2518804 0.9676328 0.012364652 7.7407227 -0.9672208 -0.2513249 -0.035062935 -28.929321 -0.030816315 -0.02080072 0.9993085 -1.529419
-0.27911153 0.9602851 0.008178106 7.5009766 -0.9600912 -0.278849 -0.024202952 -29.753296 -0.020960225 -0.014601268 0.9996738 -1.5350342
-0.30215922 0.9530308 0.0076984037 7.2268066 -0.953035 -0.30208015 -0.009944659 -30.560791 -0.0071480256 -0.010345243 0.999921 -1.5357666
-0.32551134 0.94545114 0.012928183 6.9658203 -0.9454751 -0.3256183 0.007218253 -31.352905 0.011035144 -0.0098707825 0.99989045 -1.5299072
-0.35187256 0.9358314 0.01853732 6.6783447 -0.9356124 -0.35223293 0.022349987 -32.148193 0.027448148 -0.009475874 0.99957836 -1.5212402
-0.37615648 0.9262868 0.019783901 6.359253 -0.92575914 -0.37662336 0.03189008 -32.936157 0.037003297 -0.006312929 0.9992953 -1.486084
-0.40293837 0.9152592 0.018814357 6.0300293 -0.9145436 -0.4033691 0.036277063 -33.720703 0.04077851 -0.0025936477 0.99916494 -1.4434814
-0.4227544 0.90620935 0.017870966 5.6741943 -0.90546817 -0.4231318 0.036639113 -34.5 0.040782627 -0.0006877835 0.9991683 -1.4038086
-0.44292426 0.89699095 0.011675041 5.303833 -0.89642686 -0.443063 0.032023113 -35.259766 0.03389581 0.003699357 0.99941903 -1.361206
-0.459862 0.88748276 0.0037938952 4.90625 -0.8870485 -0.45976314 0.029592138 -36.019043 0.028014366 0.010263223 0.99955463 -1.3187256
-0.47548914 0.87979656 -0.0005679466 4.5039062 -0.87939703 -0.47525367 0.03043687 -36.755615 0.026516156 0.0149815995 0.99953634 -1.2746582
-0.48457062 0.8745299 -0.0016459431 4.095825 -0.87407684 -0.4842571 0.03314334 -37.474365 0.028186496 0.017512275 0.9994492 -1.2408447
-0.4940261 0.8694066 -0.0007434953 3.6956787 -0.86886185 -0.49368605 0.03581326 -38.17993 0.03079201 0.018351998 0.99935776 -1.1987305
-0.5043597 0.86331356 0.006471525 3.2963867 -0.86265516 -0.5042449 0.03596908 -38.890015 0.034331743 0.012563924 0.9993317 -1.1672363
-0.5161494 0.85664856 0.007209626 2.8861084 -0.8560714 -0.5160821 0.03331281 -39.5885 0.03225866 0.011019825 0.999419 -1.1352539
-0.5242302 0.85153514 0.0063567683 2.456787 -0.8509323 -0.52411634 0.03442193 -40.291626 0.032667436 0.012654981 0.9993866 -1.0986328
-0.53100336 0.8466862 0.0044232025 2.0135498 -0.84598774 -0.53076404 0.038160063 -40.990723 0.034659248 0.016540162 0.9992617 -1.0534668
-0.5349288 0.8446068 0.0049769217 1.5708008 -0.84379303 -0.53465503 0.04113223 -41.697754 0.03738487 0.01781088 0.9991415 -1.0303955
-0.5349532 0.8454725 0.005829818 1.1120605 -0.84459347 -0.53469 0.04244005 -42.42932 0.03898716 0.01775241 0.9990823 -0.994751
-0.5311578 0.8472352 0.003510011 0.6369629 -0.8463797 -0.5307992 0.04291416 -43.182617 0.038231663 0.019829132 0.9990723 -0.9577637
-0.52689177 0.85060394 0.0042776978 0.18200684 -0.8497839 -0.5265932 0.04156135 -43.928345 0.037585825 0.01823278 0.9991273 -0.91503906
-0.51774216 0.8555047 0.005756159 -0.29870605 -0.85471016 -0.5175319 0.04011073 -44.71924 0.03731664 0.015847655 0.9991783 -0.8753662
-0.5096786 0.8605989 0.0072982227 -0.7564697 -0.85978377 -0.5095356 0.04001807 -45.509277 0.03815959 0.014108097 0.99917233 -0.84106445
-0.504388 0.8634635 0.009035563 -1.2034912 -0.86267984 -0.5043339 0.038575806 -46.301025 0.03787167 0.011674754 0.99921453 -0.8005371
-0.49906993 0.86662465 0.012415881 -1.6895752 -0.8658896 -0.49916926 0.036447395 -47.144043 0.037795343 0.007433428 0.9992583 -0.7609863
-0.4975568 0.86723566 0.01610591 -2.1503906 -0.86661893 -0.49781168 0.032785468 -47.97986 0.036442503 0.002359937 0.9993327 -0.72424316
-0.4960951 0.8678259 0.018489428 -2.6328125 -0.86729974 -0.4964382 0.030226737 -48.859985 0.0354132 -0.0010263328 0.99937195 -0.6768799
-0.49747458 0.8671227 0.019749573 -3.118164 -0.86662006 -0.49786046 0.029613785 -49.71997 0.035509765 -0.0023722355 0.9993663 -0.6378174
-0.49887004 0.86606014 0.019255785 -3.6044922 -0.8655736 -0.49923673 0.029100765 -50.590454 0.034832515 -0.0021322486 0.9993907 -0.59484863
-0.49745312 0.8674889 0.018624645 -4.114746 -0.86706203 -0.49779525 0.027327873 -51.494385 0.032980353 -0.0025573992 0.999453 -0.5513916
-0.49746385 0.86708874 0.01782234 -4.6280518 -0.86664754 -0.49778044 0.027705777 -52.40674 0.032914862 -0.0016634297 0.999457 -0.5107422
-0.49885577 0.866384 0.018394846 -5.133545 -0.8659496 -0.49918997 0.027515553 -53.314087 0.033035055 -0.0021888947 0.99945176 -0.4650879
-0.49882075 0.86659914 0.02014069 -5.647705 -0.8662364 -0.49920553 0.025515255 -54.244995 0.032189347 -0.0047367876 0.9994712 -0.4230957
-0.49881062 0.8665786 0.019749057 -6.141968 -0.86625296 -0.49917677 0.024266127 -55.13977 0.030904248 -0.0049975603 0.9995101 -0.38110352
-0.49740613 0.86679333 0.021311574 -6.656128 -0.86646974 -0.49782243 0.024494952 -56.05493 0.031845894 -0.006267408 0.99947274 -0.33154297
-0.4959924 0.86842036 0.020483134 -7.149048 -0.8681623 -0.4963696 0.022229312 -56.961792 0.02947044 -0.0067726346 0.99954295 -0.28601074
-0.4921713 0.86966896 0.018481 -7.664917 -0.8694551 -0.49248004 0.020224715 -57.879272 0.026711764 -0.006100608 0.9996243 -0.23950195
-0.48937237 0.8716663 0.016736524 -8.185913 -0.87148565 -0.4896274 0.018573128 -58.82202 0.024382245 -0.00548902 0.9996873 -0.1986084
-0.48797134 0.8726528 0.016539233 -8.681152 -0.87248856 -0.48821795 0.01787149 -59.71472 0.023657465 -0.005708215 0.9997036 -0.15844727
-0.48696053 0.8733905 0.015991537 -9.202637 -0.8732126 -0.4871973 0.018334717 -60.656128 0.02382053 -0.0050425436 0.9997037 -0.11608887
-0.48556298 0.87438166 0.01620736 -9.698242 -0.87420684 -0.48580477 0.018276094 -61.554688 0.023859598 -0.005302906 0.99970144 -0.079956055
-0.48555946 0.873782 0.018099334 -10.191772 -0.8736047 -0.4858508 0.018820211 -62.45056 0.025247723 -0.006668285 0.99965894 -0.030639648
-0.48695692 0.873174 0.021273263 -10.694336 -0.87296486 -0.48734918 0.02087982 -63.3573 0.02860885 -0.0084092915 0.99955547 0.008056641
-0.4907689 0.8705412 0.022436913 -11.188721 -0.87031347 -0.49120194 0.021780826 -64.23877 0.029999498 -0.008827629 0.9995107 0.049804688
-0.49736622 0.867342 0.022043703 -11.70166 -0.86718214 -0.49776274 0.019214528 -65.13696 0.027642563 -0.009568574 0.9995722 0.0904541
-0.5025867 0.8641096 0.017442191 -12.21521 -0.8639702 -0.5028459 0.016863625 -66.026245 0.023342093 -0.0065892898 0.99970555 0.1418457
-0.50919616 0.8607351 0.019885741 -12.701294 -0.86067873 -0.50948703 0.014034138 -66.90662 0.022217106 -0.00997522 0.9997036 0.18395996
-0.51162994 0.85903114 0.01980478 -13.215576 -0.85893404 -0.5119343 0.015724162 -67.785034 0.023626633 -0.008963721 0.9996804 0.22558594
-0.51725113 0.85565203 0.02091365 -13.7248535 -0.8554541 -0.51761854 0.019916758 -68.63989 0.02788832 -0.007603619 0.9995825 0.26159668
-0.5224798 0.8519342 0.023035206 -14.225586 -0.85177237 -0.5228991 0.01917338 -69.492676 0.028395165 -0.00958761 0.99955046 0.30029297
-0.5263173 0.850398 0.0248962 -14.75647 -0.8502506 -0.52679104 0.019298686 -70.36096 0.029510546 -0.011023125 0.9995038 0.3479004
-0.52912 0.84844834 0.024369577 -15.256592 -0.84832704 -0.52956533 0.018138247 -71.172485 0.028300827 -0.011088066 0.99953824 0.39160156
-0.5315559 0.84668595 0.01866542 -15.783203 -0.84665954 -0.5317969 0.011688991 -72.017334 0.019814342 -0.009582797 0.9997575 0.42993164
-0.53437316 0.84456605 0.013526594 -16.321167 -0.8446255 -0.5344461 0.0021903994 -72.857056 0.0090919435 -0.010256667 0.999906 0.46850586
-0.53578806 0.8445097 0.01182416 -16.84436 -0.8445745 -0.53581536 -0.0009891435 -73.688965 0.0054989317 -0.010521818 0.99992955 0.4925537
-0.53821814 0.8431901 0.014009389 -17.366821 -0.8432287 -0.53832006 0.0046455874 -74.50891 0.011448352 -0.0093089705 0.9998911 0.51464844
-0.538215 0.84314114 0.016918581 -17.89331 -0.8431233 -0.53841037 0.010299138 -75.32202 0.017777156 -0.008721517 0.99980384 0.53796387
-0.53823674 0.842923 0.012308771 -18.410889 -0.84280527 -0.53837097 0.01433561 -76.13623 0.01869942 -0.0026597423 0.9998214 0.5695801
-0.5382529 0.8430672 0.009804891 -18.95288 -0.84292716 -0.53834236 0.015365161 -76.95825 0.01822591 -1.7480925e-06 0.9998339 0.6040039
-0.5357908 0.844105 0.008097415 -19.47461 -0.8440142 -0.53585196 0.012388866 -77.78198 0.014804462 -0.00019009691 0.99989027 0.6329346
-0.53821576 0.84340656 0.007996621 -19.98816 -0.8433914 -0.5382642 0.006114287 -78.600586 0.009457742 -0.0034585698 0.9999493 0.6633301
-0.5357693 0.844378 0.00528838 -20.499146 -0.844389 -0.5357778 0.00021593619 -79.42029 0.003015627 -0.0043525826 0.99998593 0.6750488
-0.53582776 0.84448266 0.012180669 -20.990967 -0.8445689 -0.5357971 -0.0059344643 -80.234985 0.0015137587 -0.013473835 0.9999081 0.6936035
-0.53313285 0.84545076 0.018525057 -21.486694 -0.84565336 -0.533018 -0.01108222 -81.05298 0.0005055461 -0.021577042 0.99976695 0.70373535
-0.53169847 0.8474794 0.015604827 -22.000732 -0.84762263 -0.5315909 -0.010718857 -81.87085 -0.0008008536 -0.018916309 0.9998209 0.72351074
-0.5277832 0.8487424 0.012194959 -22.503662 -0.8488299 -0.52773476 -0.007172281 -82.674805 0.00035546394 -0.014147505 0.9998998 0.7408447
-0.52111185 0.85298467 0.012495978 -23.01416 -0.8530715 -0.5211013 -0.0043515544 -83.48889 0.0028056353 -0.01293152 0.99991244 0.75219727
-0.5144434 0.8576184 0.007925477 -23.504272 -0.8576529 -0.51443994 -0.002623713 -84.30151 0.0018272215 -0.00814533 0.9999651 0.7642822
-0.5063935 0.86221737 0.0009479611 -23.986572 -0.8622177 -0.5063937 -0.00020382678 -85.10901 0.00030452176 -0.00092060654 0.99999946 0.7844238
-0.49595276 0.8684652 0.0011710713 -24.457764 -0.8684657 -0.49595308 0.000113238224 -85.936646 0.00067919656 -0.0009609378 0.9999994 0.80444336
-0.48554745 0.87371856 0.00420536 -24.906372 -0.8737283 -0.48553646 -0.0033989267 -86.76294 -0.0009251374 -0.0053281765 0.99998546 0.80810547
-0.4737621 0.8810271 0.00074049353 -25.353271 -0.8810118 -0.4737487 -0.0063344263 -87.60266 -0.005232181 -0.003650093 0.9999798 0.8272705
-0.46201113 0.88665015 0.001430201 -25.7948 -0.8866283 -0.4619869 -0.007953802 -88.4353 -0.006388321 -0.0049430034 0.9999674 0.8312988
-0.4530615 0.891878 0.0019118486 -26.210327 -0.89185494 -0.45303163 -0.008481516 -89.270386 -0.006698564 -0.005541681 0.9999623 0.83203125
-0.43757096 0.89931077 -0.0017688826 -26.63562 -0.89927036 -0.4375687 -0.008824181 -90.12854 -0.008707042 -0.002269453 0.9999596 0.84814453
-0.42628077 0.9047303 -0.00043521833 -27.03247 -0.90472436 -0.42627966 -0.0034930706 -90.97327 -0.003346935 -0.0010949518 0.99999386 0.8425293
-0.41532627 0.909898 0.0022221263 -27.409302 -0.90988976 -0.4153321 0.0038876992 -91.809326 0.0044607567 -0.0004078023 0.99999005 0.85546875
-0.4013716 0.91593367 0.0041617537 -27.789185 -0.915886 -0.40139318 0.009359447 -92.656494 0.010239058 -5.8103637e-05 0.99994755 0.8713379
-0.3901932 0.92077756 0.004422093 -28.143799 -0.92075396 -0.3902156 0.006759255 -93.51001 0.007950444 -0.0014339305 0.9999674 0.8796387
-0.37905458 0.9253683 0.002303352 -28.490234 -0.92536706 -0.37905914 0.0020932015 -94.3772 0.0028102435 -0.0013384174 0.9999951 0.9057617
-0.36890665 0.92973995 0.0051791565 -28.820312 -0.92973614 -0.3689287 0.0042324397 -95.23877 0.00584243 -0.0032560942 0.99997765 0.9169922
-0.3628932 0.9317805 0.013142705 -29.13269 -0.9317982 -0.36300692 0.0075736484 -96.102295 0.011826237 -0.009501408 0.99988496 0.94104004
-0.35552356 0.9342183 0.022556985 -29.452148 -0.9342698 -0.3558606 0.01314485 -96.975586 0.020310577 -0.016396707 0.99965906 0.95788574
-0.35184634 0.9354828 0.02690687 -29.772339 -0.9355742 -0.35231218 0.01499936 -97.85303 0.023525093 -0.019889839 0.9995252 0.98706055
-0.34817338 0.93708915 0.027744317 -30.081543 -0.9372094 -0.34864962 0.014578079 -98.72864 0.023328196 -0.020925086 0.9995088 1.0200195
-0.34314975 0.93876356 0.031909604 -30.39563 -0.93898904 -0.34371787 0.014285894 -99.61023 0.024373986 -0.025053347 0.99938875 1.0540771
-0.33788648 0.94065475 0.031453792 -30.702026 -0.9409525 -0.33835128 0.0106992 -100.49353 0.020706588 -0.02597628 0.99944806 1.0823975
-0.3322084 0.94277465 0.030214664 -31.0177 -0.9431149 -0.33254614 0.0067996024 -101.37537 0.016443279 -0.026230326 0.99952066 1.1037598
-0.32565722 0.94493383 0.030801348 -31.311646 -0.9453731 -0.3258376 0.00088786334 -102.24805 0.010879046 -0.028827745 0.9995252 1.1413574
-0.32041523 0.9465204 0.034685284 -31.591187 -0.947055 -0.3207002 0.0028298423 -103.12305 0.013812217 -0.031941958 0.9993942 1.1610107
-0.31325123 0.9486127 0.043425 -31.86853 -0.9494747 -0.31364217 0.002323755 -103.98694 0.015838567 -0.04052063 0.99905354 1.1749268
-0.3065949 0.95071703 0.04328356 -32.147217 -0.9515091 -0.30713227 0.0061829733 -104.85303 0.019206537 -0.039303996 0.99904287 1.2071533
-0.29924974 0.95329416 0.03945797 -32.425903 -0.9538703 -0.29984564 0.010022125 -105.72632 0.02138199 -0.034630768 0.99917114 1.246582
-0.29272988 0.95514995 0.041096013 -32.685303 -0.9558244 -0.2932948 0.008314424 -106.60889 0.020015659 -0.036844783 0.99912024 1.2684326
-0.28557673 0.95760524 0.039636973 -32.955566 -0.95832014 -0.2859146 0.0030166083 -107.48071 0.0142277405 -0.037134897 0.9992093 1.3012695
-0.27618936 0.9601895 0.040163457 -33.199463 -0.9609677 -0.27640188 -0.00027883798 -108.36987 0.010836201 -0.038663976 0.99919325 1.3297119
-0.2696531 0.9620388 0.042475846 -33.438843 -0.9628719 -0.2700107 0.0028091366 -109.24707 0.014176814 -0.04014359 0.99909335 1.3480225
-0.2644488 0.96338654 0.04379542 -33.66638 -0.96421474 -0.26497462 0.00656601 -110.114136 0.017932156 -0.04049061 0.9990189 1.3660889
-0.25659886 0.9656226 0.04287382 -33.899902 -0.9664054 -0.25713018 0.007276293 -110.99548 0.01805491 -0.039559584 0.99905396 1.3835449
-0.2501805 0.967201 0.044926155 -34.108276 -0.96809685 -0.250682 0.005808887 -111.87854 0.01688304 -0.0420378 0.99897337 1.4146729
-0.24143113 0.96951103 0.040506378 -34.331543 -0.9702232 -0.24188009 0.006493265 -112.75781 0.016097646 -0.037724007 0.9991582 1.4353027
-0.23494005 0.9713732 0.036385387 -34.54944 -0.9719355 -0.23533142 0.0068224147 -113.6416 0.015177441 -0.033756338 0.99931496 1.4647217
-0.22694257 0.9732316 0.03454929 -34.763428 -0.9737278 -0.22732188 0.0074269734 -114.53406 0.0150802005 -0.031958796 0.9993755 1.493042
-0.21910203 0.9746913 0.04134192 -34.95337 -0.97546107 -0.21950722 0.0054552397 -115.427246 0.014411989 -0.03911943 0.99913 1.5196533
-0.21281005 0.97605366 0.04492356 -35.145874 -0.9770061 -0.21315694 0.0030241213 -116.329834 0.012515029 -0.04323244 0.9989864 1.5482178
-0.2092427 0.97710997 0.0420633 -35.339233 -0.9779432 -0.20955443 0.0031004297 -117.2428 0.011832507 -0.040479627 0.9991104 1.5737305
-0.20349792 0.9782588 0.039535146 -35.532715 -0.97899455 -0.20377454 0.003053839 -118.1344 0.011035201 -0.03806218 0.99921405 1.5975342
-0.19839908 0.97940755 0.0384154 -35.71997 -0.9800679 -0.19876646 0.005954741 -119.04358 0.01345996 -0.036457416 0.99924445 1.6101074
-0.19200313 0.9809846 0.032464243 -35.908325 -0.98146343 -0.19224668 0.004536313 -119.917725 0.010677194 -0.030993104 0.99946284 1.6282959
-0.18692875 0.9819764 0.025045093 -36.094604 -0.98226357 -0.18706861 0.0033289958 -120.799805 0.007965273 -0.023970267 0.9996807 1.6495361
-0.18258107 0.98293054 0.022227757 -36.258545 -0.98316973 -0.1826452 0.000873999 -121.700806 0.004920357 -0.021700729 0.99975246 1.6734619
-0.17844464 0.9837189 0.025215097 -36.41455 -0.98401654 -0.17856611 0.0026383055 -122.58557 0.007091424 -0.024342744 0.9996786 1.6799316
-0.17494261 0.9842713 0.025370872 -36.568115 -0.9845567 -0.17511381 0.0046717185 -123.46777 0.00903469 -0.024153125 0.9996674 1.692749
-0.17346178 0.9845067 0.02831414 -36.709717 -0.98486984 -0.17365457 0.00448058 -124.35425 0.009327953 -0.027113814 0.999589 1.7137451
-0.17132676 0.98473436 0.029129943 -36.863403 -0.9851352 -0.17147829 0.0027611833 -125.242065 0.007725713 -0.028228236 0.9995716 1.7264404
-0.17135979 0.9848594 0.025861908 -37.018433 -0.9851971 -0.17135443 -0.00243893 -126.12549 0.002031763 -0.025906375 0.9996624 1.7425537
-0.16926588 0.9852228 0.02602471 -37.164795 -0.9855642 -0.16914713 -0.006713583 -127.006836 -0.002211093 -0.026787862 0.99963874 1.7581787
-0.1686325 0.98541206 0.023980755 -37.315796 -0.98568815 -0.16844285 -0.009725155 -127.882324 -0.0055515883 -0.02528481 0.9996651 1.7652588
-0.16722226 0.98565036 0.023946013 -37.46216 -0.9859409 -0.16718805 -0.0034399163 -128.74622 0.0006112135 -0.024175517 0.99970746 1.7664795
-0.16719033 0.98565733 0.024528198 -37.60913 -0.98595583 -0.16722836 -0.0005044071 -129.61096 0.003595321 -0.02426136 0.9996991 1.782959
-0.16572274 0.9857434 0.027196294 -37.74707 -0.98611236 -0.16575766 -0.000984747 -130.48157 0.0035449048 -0.026982717 0.9996295 1.7893066
-0.16573964 0.9857502 0.028049957 -37.88501 -0.986144 -0.1657648 -0.0014383802 -131.34656 0.003232737 -0.027904207 0.99960536 1.8022461
-0.1657343 0.9858858 0.02557329 -38.03296 -0.98621684 -0.1657076 -0.003166174 -132.19714 0.0011063851 -0.025749361 0.99966794 1.8209229
-0.16504814 0.986011 0.026180375 -38.16626 -0.9863508 -0.16509415 -0.0004048366 -133.06067 0.0039168983 -0.025887376 0.9996572 1.8347168
-0.16513884 0.98576605 0.035034884 -38.296997 -0.986365 -0.16527484 0.0010159248 -133.91626 0.0067732395 -0.03439378 0.9993857 1.8417969
-0.1637006 0.9856814 0.041376628 -38.424805 -0.98650324 -0.1639539 0.0027914662 -134.78613 0.009521402 -0.040360205 0.99913996 1.8586426
-0.16297317 0.9857529 0.040787626 -38.551758 -0.9865105 -0.16336502 0.0064398316 -135.62573 0.013017477 -0.039185766 0.999147 1.87146
-0.16357751 0.98572755 0.03733349 -38.69104 -0.9863518 -0.16393746 0.0067564794 -136.51147 0.012805099 -0.03572587 0.9992794 1.904419
-0.16226053 0.9860262 0.03937562 -38.816162 -0.98669314 -0.16273166 0.0090547325 -137.30652 0.015327305 -0.03738653 0.99918354 1.9125977
-0.1593889 0.9867505 0.031778123 -38.965576 -0.98718226 -0.15970232 0.007571139 -138.17981 0.0125372745 -0.030161347 0.9994665 1.935669
-0.156553 0.98738664 0.024774903 -39.095825 -0.98766226 -0.15670897 0.004468154 -139.01025 0.008290589 -0.023757208 0.9996832 1.9614258
-0.15506302 0.98767114 0.01921739 -39.235718 -0.987856 -0.15507376 -0.00093597826 -139.85864 0.00205551 -0.019135334 0.9998149 1.9829102
-0.15006468 0.98854274 0.013330154 -39.36084 -0.9886302 -0.15008044 0.00018627616 -140.68762 0.0021826979 -0.013154227 0.9999111 1.9938965
-0.14595604 0.9891783 0.015316945 -39.478516 -0.98928106 -0.14602363 0.0033845915 -141.5039 0.0055785608 -0.014657427 0.99987704 2.0126953
-0.14100288 0.9899974 0.012245391 -39.597656 -0.99004185 -0.14108598 0.006207189 -142.33191 0.007869654 -0.011247201 0.99990577 2.0166016
-0.13051592 0.99141884 0.009129719 -39.71277 -0.9914007 -0.13060391 0.009807634 -143.19226 0.010913628 -0.007769064 0.99991024 2.0129395
-0.120722406 0.9926819 0.0073486213 -39.80652 -0.9926922 -0.12076045 0.004962856 -143.98389 0.005811295 -0.0066939658 0.9999607 2.0427246
-0.10885691 0.9940569 0.0006003082 -39.892456 -0.9940545 -0.10885797 0.002238763 -144.75623 0.002290086 -0.00035295915 0.99999726 2.0616455
-0.09495198 0.9954417 -0.0013778359 -39.9834 -0.99544144 -0.09494972 0.0016431622 -145.65784 0.00150414 0.0015282482 0.9999976 2.0957031
-0.08112763 0.99666685 -0.0005392311 -40.04187 -0.996661 -0.081125244 0.003512472 -146.38684 0.0034572985 0.0008235518 0.9999936 2.1049805
-0.06675613 0.99777097 -0.004188588 -40.09497 -0.9977742 -0.0667411 0.0036388226 -147.19617 0.003351645 0.0044209855 0.99998456 2.1242676
-0.054554705 0.998489 -0.008316669 -40.13513 -0.9985086 -0.05450618 0.0059466227 -147.96655 0.0054850387 0.008624803 0.9999478 2.1330566
-0.039542787 0.9992193 -0.0031116083 -40.159424 -0.9991688 -0.039507624 0.010647032 -148.77112 0.010519313 0.0035288269 0.9999384 2.1560059
-0.026705265 0.99964064 0.0018854775 -40.16992 -0.999438 -0.026737798 0.020171331 -149.55957 0.020214181 -0.0013424517 0.99979466 2.1716309
-0.013303041 0.9998799 0.008534501 -40.16089 -0.9994848 -0.013547779 0.029267117 -150.30457 0.02938104 -0.008150406 0.99953526 2.1932373
