1.000000000000000000e+00 -3.306050084167601550e-19 -2.270457535318767223e-19 -8.673617379884035472e-19 7.546676715296109287e-19 1.000000000000000000e+00 6.237773588823049983e-19 1.387778780781445676e-17 -3.447385680526250622e-20 4.770700176052009879e-20 1.000000000000000222e+00 5.551115123125782702e-17
9.978876920424750718e-01 -2.852802192563780662e-02 5.835779368114162036e-02 -4.920711576171372947e-02 2.823571733326197403e-02 9.995844003971070535e-01 5.827520048412347144e-03 3.964627917410866453e-02 -5.849974544824048522e-02 -4.167437416472748180e-03 9.982782752018670713e-01 2.698394529492604832e-01
9.997990377395407080e-01 -7.198051433892202998e-03 1.871452605270005828e-02 3.695512947204233900e-02 7.186477187021242385e-03 9.999739642197423839e-01 6.858221803692862327e-04 -7.444340514406566633e-03 -1.871897800596595760e-02 -5.512289464815979187e-04 9.998247262931282409e-01 5.835730667424748885e-01
9.997345072486183426e-01 -9.175701590751853334e-03 2.113141513710715957e-02 4.109695311210968122e-02 9.175442007444611567e-03 9.999578752808698789e-01 1.093053583174225245e-04 -1.996611397613348715e-02 -2.113153124002207367e-02 8.468129203621535778e-05 9.997766592948529318e-01 8.999320831323283087e-01
9.997760006675719957e-01 -9.620025428974308263e-03 1.885948107201105423e-02 6.340336229185140893e-02 9.654008321568713011e-03 9.999518923416957916e-01 -1.712565102842847180e-03 1.976899345235309802e-02 -1.884210021526952494e-02 1.894220072261487654e-03 9.998208402251380633e-01 1.201060981886020729e+00
9.998459459423344464e-01 -1.318452101935276358e-02 1.158507982168840295e-02 5.730943921788611561e-02 1.321871874791762970e-02 9.999084929651271825e-01 -2.881254802136809425e-03 -6.482689630966237404e-04 -1.154603810079191453e-02 3.033938888563857388e-03 9.999287624055573920e-01 1.509191824092357637e+00
9.998924375198816605e-01 -1.465298501877659171e-02 6.267067507557770849e-04 3.920538297152400403e-02 1.465561338081780920e-02 9.998828502206442703e-01 -4.414824181971655978e-03 -2.621547888653212588e-02 -5.619574458192346921e-04 4.423537029886156872e-03 9.999900487729938003e-01 1.833037652938619644e+00
9.997989195113274885e-01 -1.346732237719064883e-02 -1.485712464179275022e-02 2.105357734959656391e-02 1.339089994071143361e-02 9.998965960123386010e-01 -5.230235277622492449e-03 -1.375971594946037713e-02 1.492605900322715139e-02 5.030194651828227663e-03 9.998759270803991850e-01 2.163017896126233186e+00
9.993501419083724580e-01 -1.083212586244417658e-02 -3.437193542062746271e-02 -1.593619603410379067e-03 1.066549844237965269e-02 9.999304861864301008e-01 -5.027573373854440919e-03 -2.264904847488688477e-02 3.442398831809297122e-02 4.657653216286821232e-03 9.993961487911838804e-01 2.507935919616075537e+00
9.985383377099725788e-01 -6.479020167990630352e-03 -5.365617681589777976e-02 -5.342848176192130372e-02 6.154514260970340642e-03 9.999617499728761238e-01 -6.211500627221364264e-03 -4.099716535314167076e-02 5.369437391870445636e-02 5.872138283658922576e-03 9.985400648668953938e-01 2.863229054406211560e+00
9.973108947923989831e-01 -6.191611825683429257e-03 -7.303171544108344460e-02 -9.465021849619850713e-02 5.699341132861391289e-03 9.999596183384483750e-01 -6.947560219454278728e-03 -3.423899495734565590e-02 7.307178908830634645e-02 6.512684438356655149e-03 9.973058814271057448e-01 3.218047993678772922e+00
9.955153355193864240e-01 -6.764514620794721302e-03 -9.437336110328568839e-02 -1.495617982360533116e-01 6.245494396695778529e-03 9.999637008607883404e-01 -5.795905630328469609e-03 -3.889323134898819978e-02 9.440914414389031672e-02 5.180600747964011522e-03 9.955214371191236644e-01 3.601621070848120887e+00
9.935736848244800523e-01 -8.463609187889326035e-03 -1.128864373822874023e-01 -2.082021968870181039e-01 7.971901377370761363e-03 9.999566741178034235e-01 -4.807509830279668543e-03 -5.152975660818596981e-02 1.129222273904575691e-01 3.877109213130999505e-03 9.935980776231160272e-01 3.990447609758982495e+00
9.913401482448014335e-01 -7.051916287025581341e-03 -1.311456992942340583e-01 -2.796226258471097847e-01 6.608530325412444867e-03 9.999708719052681216e-01 -3.816424887849136777e-03 -5.129610795779245003e-02 1.311688072329486865e-01 2.916560190642071039e-03 9.913578564978798857e-01 4.385477111751835189e+00
9.890784374324559369e-01 -6.573506282701010832e-03 -1.472475753739536097e-01 -3.503750088080568315e-01 6.116501062583796534e-03 9.999749968525004640e-01 -3.556606398070887368e-03 -6.009737399323004936e-02 1.472672781221058824e-01 2.617267076071779896e-03 9.890938936149766825e-01 4.800011651330847506e+00
9.871692454560986318e-01 -5.567701594340014257e-03 -1.595858691046906641e-01 -4.364784842693243405e-01 5.044554173773989694e-03 9.999804733424649816e-01 -3.683360299285661464e-03 -7.321487779530107265e-02 1.596032714221715942e-01 2.831006140640556553e-03 9.871780838595177743e-01 5.221704304616698877e+00
9.850268311926217990e-01 -6.684386965662540009e-03 -1.722541250063751583e-01 -5.276800607207590144e-01 6.041531422914611475e-03 9.999726925562028024e-01 -4.255950125587587736e-03 -7.664319813810983872e-02 1.722778833551955879e-01 3.151296366993559285e-03 9.850403207641150738e-01 5.658401988449842435e+00
9.831591073674155190e-01 -9.910488746903454299e-03 -1.824943157300292773e-01 -6.142843030983131669e-01 8.844791968286953507e-03 9.999387216636813625e-01 -6.652900937963016938e-03 -8.955687147491907252e-02 1.825491120164192682e-01 4.926314117027775705e-03 9.831865652331245320e-01 6.104761217690998443e+00
9.819456057053151943e-01 -9.353044066121167163e-03 -1.889154563749092519e-01 -7.139713970395114018e-01 7.869087200392902229e-03 9.999320665638737893e-01 -8.601239032205526547e-03 -9.720529826614472679e-02 1.889830824085210470e-01 6.959400919893248515e-03 9.819524411417610565e-01 6.568790496095514797e+00
9.804269532707076129e-01 -8.583173635721575573e-03 -1.967163965958023397e-01 -8.232412635440187199e-01 6.861321658237199209e-03 9.999319531137484951e-01 -9.432846691462982297e-03 -9.840873619697927677e-02 1.967840066904751051e-01 7.898579466647990405e-03 9.804191511907700551e-01 7.048904231610806370e+00
9.787791362430837694e-01 -9.451752562109571459e-03 -2.046480305911988207e-01 -9.337251582760349722e-01 7.055443441408321137e-03 9.998978459618884651e-01 -1.243136699369189711e-02 -1.088842956275480750e-01 2.047446297515709834e-01 1.072349280384055775e-02 9.787458107065575286e-01 7.531372329707222590e+00
9.771539593011199232e-01 -1.379713298505013536e-02 -2.120529526353442662e-01 -1.046288575644940044e+00 1.105975423404647467e-02 9.998395109631240674e-01 -1.408937863857219301e-02 -1.201130300312525656e-01 2.122133298073929364e-01 1.142203568503612036e-02 9.771497558824544516e-01 8.034448685554814062e+00
9.751917644192530377e-01 -1.915773019537636915e-02 -2.205403875986823026e-01 -1.164711408545848093e+00 1.613642216154322073e-02 9.997496617267139785e-01 -1.549438979145800928e-02 -1.339986655162280493e-01 2.207820330709571177e-01 1.155117615575945202e-02 9.752569857955616373e-01 8.553108991886197998e+00
9.735707000241498044e-01 -2.043664015037935031e-02 -2.274894774332277270e-01 -1.290202084067857635e+00 1.692139989919095103e-02 9.997053952342878080e-01 -1.740058388032444600e-02 -1.547772422404269377e-01 2.277780474726539828e-01 1.309107369919428922e-02 9.736300541289223398e-01 9.080807287192982358e+00
9.715432792744459478e-01 -1.589833570017813377e-02 -2.363078765540534698e-01 -1.438937573760255439e+00 1.103651188939823793e-02 9.996995463544927629e-01 -2.188214488809551300e-02 -1.572369426231818301e-01 2.365848468595040943e-01 1.865092791432169245e-02 9.714269832356550172e-01 9.611872365009446639e+00
9.697194968402063076e-01 -1.312074912113255117e-02 -2.438811042318503042e-01 -1.593416886889212902e+00 7.155001418021863895e-03 9.996533414684003471e-01 -2.533346694898588533e-02 -1.775772373163158613e-01 2.441289899962185150e-01 2.282153063723655478e-02 9.694772665002009404e-01 1.015682311846798136e+01
9.671391897371223179e-01 -1.602486522136522401e-02 -2.537313415370202052e-01 -1.746917971561209537e+00 9.459695802436642043e-03 9.995886164996283796e-01 -2.707670376488796604e-02 -1.982993331970527850e-01 2.540608340219197570e-01 2.378662316113547281e-02 9.668930042719777740e-01 1.071805982616190533e+01
9.647671423693436887e-01 -1.733036166073062545e-02 -2.625132972431825085e-01 -1.908171784104986113e+00 1.006743424195882808e-02 9.995290693040296270e-01 -2.898729013828373752e-02 -2.234625585117703261e-01 2.628920111665086767e-01 2.532353819974481404e-02 9.644873838886082185e-01 1.128691776409351810e+01
9.630077114545897432e-01 -1.675090853776068853e-02 -2.690119078416217668e-01 -2.080510139032884620e+00 8.574644404364086675e-03 9.994655026400869335e-01 -3.154848224175467453e-02 -2.489661996521317922e-01 2.693966576630250631e-01 2.807524561395464621e-02 9.626366491865735453e-01 1.186944407377479216e+01
9.603848519982234322e-01 -1.613339889344730937e-02 -2.782114730712216821e-01 -2.269129508737266043e+00 6.665260703221162833e-03 9.993669930560759029e-01 -3.494188891472006092e-02 -2.720087758414681534e-01 2.785991154328310015e-01 3.170336912455723466e-02 9.598845236972267658e-01 1.246186781595564419e+01
9.584940541989722673e-01 -1.722071340623201538e-02 -2.845796554371328169e-01 -2.456236498533168167e+00 5.980837983110142038e-03 9.991689884708914171e-01 -4.032006403236860353e-02 -3.000278500261637782e-01 2.850375149796520735e-01 3.694435966554115991e-02 9.578005837148716450e-01 1.305984232157492464e+01
9.564855976639954349e-01 -1.840512806138673574e-02 -2.911406451991995770e-01 -2.655867429734485974e+00 4.708331554327985051e-03 9.988520794466589914e-01 -4.765522716550452120e-02 -3.399574100418550349e-01 2.916837056417942997e-01 4.421002509986083490e-02 9.554744624004543052e-01 1.367549007030918062e+01
9.552515622731725387e-01 -1.832128436775227326e-02 -2.951821854200046835e-01 -2.856263393456453414e+00 1.705178128561464978e-03 9.984043922667520388e-01 -5.644790498051117239e-02 -3.778667691721822597e-01 2.957450959211154196e-01 5.341963006296206184e-02 9.537587202189866664e-01 1.429954197821809458e+01
9.542498103350325334e-01 -1.884438609939341480e-02 -2.983211269274961275e-01 -3.073062738110656333e+00 -7.052458661053087434e-04 9.978674887404787031e-01 -6.524838510065214536e-02 -4.203678973920697004e-01 2.989145796936243937e-01 6.247357913958177106e-02 9.522015104337662184e-01 1.493602192839570897e+01
9.530327706224930306e-01 -1.711026324149480041e-02 -3.023759986302052560e-01 -3.289098699150728056e+00 -5.481695691478544533e-03 9.972648450852428237e-01 -7.370340170748164443e-02 -4.694347618953619850e-01 3.028101563921327677e-01 7.189882625576961284e-02 9.503324411503270008e-01 1.558251898348056841e+01
9.519694916932006645e-01 -1.725175134517466582e-02 -3.057500014097966901e-01 -3.507312695635552036e+00 -7.886248624507019231e-03 9.966986781304939536e-01 -8.081084824509691955e-02 -5.246753582322765119e-01 3.061348162469988421e-01 7.934084105102241768e-02 9.486909629430294588e-01 1.623878448578104639e+01
9.502466356749554866e-01 -1.662134529344274844e-02 -3.110661769478826888e-01 -3.742095300193835961e+00 -1.103180686180708740e-02 9.961530574190294862e-01 -8.692141293383473521e-02 -5.903818602705580565e-01 3.113144330007560634e-01 8.602828543237851788e-02 9.464079693930452786e-01 1.690408920427338302e+01
9.484921071156052763e-01 -1.446454896049790759e-02 -3.164340541953872821e-01 -3.982170795849904188e+00 -1.590390011961580197e-02 9.955233491339184893e-01 -9.315615723150132144e-02 -6.558028716144682635e-01 3.163653687961798799e-01 9.338926250149910679e-02 9.440162648655888722e-01 1.757989690800854632e+01
9.474133279375311911e-01 -1.237529681836319582e-02 -3.197747331564393392e-01 -4.236187117212676156e+00 -2.012146485892047504e-02 9.949709250889272605e-01 -9.811245044221091061e-02 -7.304773638530677182e-01 3.193799928792496190e-01 9.938991408499807390e-02 9.423999686227116923e-01 1.826211188589673995e+01
9.453145419070918543e-01 -1.045011855156710925e-02 -3.259169980089404173e-01 -4.496092384164409594e+00 -2.403107608574875376e-02 9.945382536075821900e-01 -1.015655141396638317e-01 -8.057365381532701765e-01 3.251979698116946871e-01 1.038453410346991401e-01 9.399005556968742514e-01 1.896857442080863621e+01
9.439952786226694093e-01 -8.302740138516683660e-03 -3.298211257509607863e-01 -4.759057236151039483e+00 -2.707660646987776129e-02 9.943624341143528778e-01 -1.025317628885678151e-01 -8.864312999223930012e-01 3.288124227415631928e-01 1.057227707760342167e-01 9.384488444414753605e-01 1.967086675217503355e+01
9.418072561324422054e-01 -8.062499956008025229e-03 -3.360831101386080322e-01 -5.028287149446039273e+00 -2.785800658629451407e-02 9.944013498665968953e-01 -1.019162959137995261e-01 -9.719256181397801786e-01 3.350234906758797204e-01 1.053467546452687698e-01 9.363099930343169452e-01 2.039555971270614165e+01
9.390741805585474111e-01 -8.092605833618000261e-03 -3.436354858671116785e-01 -5.309346821433428509e+00 -2.806494854766609232e-02 9.945792011918462849e-01 -1.001139451791995538e-01 -1.058308551613643234e+00 3.425834344376277874e-01 1.036564145573372620e-01 9.337566223885530592e-01 2.112719700535984657e+01
9.373168146412432788e-01 -7.809026198349847125e-03 -3.484348110072536531e-01 -5.589090992745905595e+00 -2.838725235161972116e-02 9.947151548818822242e-01 -9.868305805100963113e-02 -1.143984296050061689e+00 3.473645620687377256e-01 1.023870910919340849e-01 9.321417408230966428e-01 2.186173497878418104e+01
9.347571073489795435e-01 -8.121604140607972463e-03 -3.552139213101527249e-01 -5.882602351951091713e+00 -2.750906046080062520e-02 9.950829758940753500e-01 -9.516135446079142246e-02 -1.228112482551041662e+00 3.542403629116525621e-01 9.872415294149669562e-02 9.299375461324030923e-01 2.259760063530145047e+01
9.300322252628504538e-01 -4.706250763839941315e-03 -3.673674779273707891e-01 -6.194635043836991706e+00 -3.036713035806255789e-02 9.955136494456483520e-01 -8.960868173472985587e-02 -1.307601544990257825e+00 3.661408637116099207e-01 9.449679345256914442e-02 9.257169927422155276e-01 2.336218926952854602e+01
9.270860009385176737e-01 -3.088093696683364732e-03 -3.748418602928298426e-01 -6.517913078148691142e+00 -3.074556120852385901e-02 9.959705207192095511e-01 -8.426078297441645659e-02 -1.388312907337849733e+00 3.735921277193682832e-01 8.964010901683112931e-02 9.232549879514954094e-01 2.411603593320809225e+01
9.238534622095490034e-01 1.505153400931497597e-04 -3.827740105926348835e-01 -6.846070544584796913e+00 -3.346671554281459987e-02 9.962016343399019425e-01 -8.039423560854727646e-02 -1.464627314850354134e+00 3.813075246824156883e-01 8.708504990505473720e-02 9.203492947393066004e-01 2.487029365644059098e+01
9.204671593493122250e-01 1.404408654837484586e-03 -3.907283069733174519e-01 -7.186986767851120561e+00 -3.503381939671206674e-02 9.962642621432276080e-01 -7.893533598343824287e-02 -1.543543351452919543e+00 3.891576122319984621e-01 8.634845532686276359e-02 9.170774774332417500e-01 2.563392777284676782e+01
9.161615472805955118e-01 2.454064117010815258e-03 -4.008038011598912265e-01 -7.536305264861924869e+00 -3.650751551544305362e-02 9.963352873186702707e-01 -7.732167693044374179e-02 -1.617781452895053151e+00 3.991444861401324262e-01 8.547277608706581320e-02 9.128939215309530564e-01 2.640887005370662166e+01
9.132430989796150866e-01 2.274352396255135793e-03 -4.073773718337216909e-01 -7.894026247877182989e+00 -3.668995176929023411e-02 9.963805096514191106e-01 -7.668333613588659836e-02 -1.687879555416651023e+00 4.057288114801502199e-01 8.497586225236145041e-02 9.100207233010338959e-01 2.718573767056443558e+01
9.088068324416879173e-01 3.301315424190131350e-03 -4.171758055925101072e-01 -8.269631691340226354e+00 -3.780612459880671600e-02 9.965065812536862966e-01 -7.445958527118794190e-02 -1.759954281901908724e+00 4.154726759386530577e-01 8.344035389666000502e-02 9.057564324578853965e-01 2.797436132966905831e+01
9.051993468863904768e-01 2.892014847562486817e-03 -4.249849150567990841e-01 -8.652020676792560039e+00 -3.693177174353245301e-02 9.967292475376431371e-01 -7.190253575890948046e-02 -1.833937759390011468e+00 4.233869010317857229e-01 8.078408954991196655e-02 9.023452493412255082e-01 2.876632598743293556e+01
9.021123563195305728e-01 3.361703665886728743e-03 -4.315272208060550452e-01 -9.049285952253597998e+00 -3.614710187954538884e-02 9.970435378279047800e-01 -6.782426601708436975e-02 -1.904149708104090122e+00 4.300234012728978428e-01 7.678556033000985548e-02 8.995668498406020896e-01 2.956461568442118804e+01
8.984086550055204734e-01 5.099131827437438681e-03 -4.391311526201477355e-01 -9.453387031542604291e+00 -3.636536285198192775e-02 9.973623589303037829e-01 -6.283600513877268812e-02 -1.968718215736860566e+00 4.376526923560672966e-01 7.242212525336960693e-02 8.962241537964148463e-01 3.037504669485041120e+01
8.949537305669895693e-01 4.869816142452525372e-03 -4.461123987215694919e-01 -9.870859301132739461e+00 -3.444467717751806268e-02 9.977102554954218050e-01 -5.818879128779452098e-02 -2.033192105143375894e+00 4.448074153750361526e-01 6.744073181429763308e-02 8.930720979219639588e-01 3.119071921905183586e+01
8.910296234819989891e-01 4.376049645217915465e-03 -4.540110854886721947e-01 -1.029879212509302633e+01 -3.321614957923017114e-02 9.979015951894892877e-01 -5.558286159635343615e-02 -2.097335341597243996e+00 4.528152056879465870e-01 6.460464637276372435e-02 8.893054089072471857e-01 3.201109663410208128e+01
8.876531721475172665e-01 4.015197221944633542e-03 -4.604896506036243453e-01 -1.074172875879459355e+01 -3.289671899824227891e-02 9.979602885242666588e-01 -5.471005100054854992e-02 -2.158108690146566921e+00 4.593305610967947095e-01 6.371320061908367083e-02 8.859748052240596916e-01 3.284225044045705744e+01
8.855255807629370812e-01 3.598541638832615519e-03 -4.645515294895192215e-01 -1.119539837007000216e+01 -3.167855300252064854e-02 9.981103533401816108e-01 -5.263506286866499045e-02 -2.209763408289060482e+00 4.634839216504866855e-01 6.132751656561621911e-02 8.839664499873052250e-01 3.368206089234747225e+01
8.818383112314924777e-01 2.737259315898343207e-03 -4.714901060552939560e-01 -1.166016875981540579e+01 -3.071872253122427329e-02 9.981926971147729866e-01 -5.164933780946647651e-02 -2.271395682345119127e+00 4.704967843393667581e-01 6.002857985538018193e-02 8.803285173342767500e-01 3.452829762036975580e+01
8.797114992398502586e-01 1.740972363627043976e-03 -4.754971886988063612e-01 -1.213203388458976129e+01 -2.956826742294871302e-02 9.982585065793286860e-01 -5.104208234187344873e-02 -2.333616818045066932e+00 4.745801648946594842e-01 5.896206417448322801e-02 8.782309634000290410e-01 3.538101546008699927e+01
8.782845237090899371e-01 4.719809921694638737e-04 -4.781435436280646600e-01 -1.261538919497733602e+01 -2.865649778106200973e-02 9.982539678439013020e-01 -5.164435232420000466e-02 -2.389862351353942760e+00 4.772844116511930634e-01 5.905835176983778578e-02 8.767644402325923680e-01 3.624295335106104687e+01
8.764014418298397002e-01 7.871061555252575849e-04 -4.814278672717994811e-01 -1.310898799497425138e+01 -2.951448720361591130e-02 9.982068382064969159e-01 -5.208294388355381999e-02 -2.448994472074730311e+00 4.805235735588923585e-01 5.985733886270779708e-02 8.748531919981179517e-01 3.709853326157533360e+01
8.765877898555916037e-01 8.388956904273925418e-04 -4.813447503987887122e-01 -1.360923642039552561e+01 -2.915983758660449510e-02 9.982537364612585895e-01 -5.137851541944435385e-02 -2.508880117716522751e+00 4.804613011672577705e-01 5.907086827191465606e-02 8.750815836913898860e-01 3.799068537485111108e+01
8.759221539142922897e-01 1.930145141319300527e-03 -4.823556049554118541e-01 -1.411418723138804587e+01 -2.921230785766317992e-02 9.983694055358962594e-01 -4.904619450684379045e-02 -2.568353896654523183e+00 4.814741294460341270e-01 5.705590801140320717e-02 8.745504415111154950e-01 3.888993620264871254e+01
8.754068048247134470e-01 -3.039413567100228029e-04 -4.834162136240695573e-01 -1.462954244924371316e+01 -2.657553467706995701e-02 9.984570557960744663e-01 -4.875606669366179535e-02 -2.626445933853037040e+00 4.826853019167526848e-01 5.552794288273634610e-02 8.740480694634408243e-01 3.980521935705300507e+01
8.757333314307487182e-01 -2.333944291216811639e-03 -4.828387426483626843e-01 -1.513999349522427451e+01 -2.436153375650981778e-02 9.985007924891131648e-01 -4.901733142305107066e-02 -2.691247177061634854e+00 4.822295458428176307e-01 5.468624432784361528e-02 8.743635576025078349e-01 4.072310324294058148e+01
8.738428030710958527e-01 -2.956135848776173837e-03 -4.862484376801150532e-01 -1.566901268161355532e+01 -2.411032006396061911e-02 9.984877844523223356e-01 -4.940607896251665576e-02 -2.751679078977256498e+00 4.856592295811532622e-01 5.489735608676976630e-02 8.724500125475355139e-01 4.165705898024859266e+01
8.735591834493755536e-01 -4.549504334453392286e-03 -4.868093088640308430e-01 -1.620397955727738548e+01 -2.139447232758725018e-02 9.986307390500259729e-01 -4.774036797728200415e-02 -2.812651246168549779e+00 4.863599140644216945e-01 5.211944809463424366e-02 8.722659514668158476e-01 4.258547967939105661e+01
8.706151944740518900e-01 -3.881425726351602976e-03 -4.919603983349674081e-01 -1.674060793717948314e+01 -2.039115035115599342e-02 9.988248333151611424e-01 -4.396825428973978600e-02 -2.876374955054202154e+00 4.915533774380665410e-01 4.830742743374341619e-02 8.695128473481164022e-01 4.351833626991886916e+01
8.673943080636324909e-01 -3.918547933493473148e-03 -4.974110431854308345e-01 -1.728141691252753276e+01 -1.787778303596937457e-02 9.990780481418389813e-01 -3.903745034827370286e-02 -2.942156634997527664e+00 4.971051756621936990e-01 4.275941577008385286e-02 8.665246440119664939e-01 4.443949040010082285e+01
8.656427885306405834e-01 -4.902617953511718973e-03 -5.007350766221975169e-01 -1.782404640414344854e+01 -1.582017565793105915e-02 9.991848400394047758e-01 -3.713682744128206370e-02 -2.996628467235538995e+00 5.005090769952953433e-01 4.006718797705543372e-02 8.648597045369494918e-01 4.536355844140249616e+01
8.589788637971063068e-01 -8.731377797354555881e-03 -5.118542724397205923e-01 -1.838198447651157608e+01 -1.336614627237391398e-02 9.991313833134056743e-01 -3.946141395666338120e-02 -3.055108098345437728e+00 5.117541530862380617e-01 4.074082717452473523e-02 8.581159730204087621e-01 4.628641887119042764e+01
8.539990526385100589e-01 -1.049706843306062731e-02 -5.200312437903438223e-01 -1.894611251051976453e+01 -1.333932326143398572e-02 9.990259308658808735e-01 -4.206670241144019190e-02 -3.117937289669393763e+00 5.199661908948376432e-01 4.286459419356137418e-02 8.530273794144630495e-01 4.719523412673484586e+01
8.474634394042269703e-01 -1.139082232567098681e-02 -5.306846976011730943e-01 -1.952647293800590944e+01 -1.280967601853114958e-02 9.990397698832356177e-01 -4.189811249334948057e-02 -3.174104917924165825e+00 5.306523527458086864e-01 4.230725891964725455e-02 8.465039618665599619e-01 4.810583510553440334e+01
8.421883708766803034e-01 -6.995843073900115047e-03 -5.391448308790259825e-01 -2.012862955766291506e+01 -1.507648602083505943e-02 9.992192842531281149e-01 -3.652344049565327266e-02 -3.225413517683193287e+00 5.389796651255003290e-01 3.888660215057885422e-02 8.414254799982130439e-01 4.901557629772585756e+01
8.380579532036834811e-01 -3.442257281211153104e-03 -5.455934539809647044e-01 -2.072977599901745549e+01 -1.681028868535439438e-02 9.993423239534515723e-01 -3.212670484879474875e-02 -3.275055959991246546e+00 5.453453565554191584e-01 3.609443652661430829e-02 8.374490542218019362e-01 4.991889987048445221e+01
8.330101942754865041e-01 -2.410396287885333607e-03 -5.533270612331533389e-01 -2.132737474463175431e+01 -1.872352996470250108e-02 9.992947995938414874e-01 -3.255425044081072111e-02 -3.328198742129475196e+00 5.530155081376428861e-01 3.747849661979079511e-02 8.323778712734943852e-01 5.080507581580930321e+01
8.300191194027131125e-01 -5.245990427191421848e-03 -5.578472336397306552e-01 -2.193517286612146577e+01 -1.887994368001207415e-02 9.991183310808956497e-01 -3.749876134442939324e-02 -3.383637789973040988e+00 5.575522342291556743e-01 4.165579199855893450e-02 8.291885196892736509e-01 5.169521861709325350e+01
8.272687170054735528e-01 -6.868093004595693211e-03 -5.617716800262863019e-01 -2.255134554185357487e+01 -2.175243983942283521e-02 9.987838179539044736e-01 -4.423698611316809887e-02 -3.442823604512352809e+00 5.613922774380699643e-01 4.881674771620476971e-02 8.261133547806125410e-01 5.256970930750226501e+01
8.236591013516474380e-01 -7.649128284130432553e-03 -5.668958210010729415e-01 -2.317630426905557428e+01 -2.205494349369880799e-02 9.987204082352494350e-01 -4.550683171208337596e-02 -3.501577822240235616e+00 5.665182747534521779e-01 4.998923855101555097e-02 8.224366506151296052e-01 5.344817968137648023e+01
8.214999892101387813e-01 -6.895858654709869154e-03 -5.701582370368510899e-01 -2.379044725714917874e+01 -2.063835169742741366e-02 9.989121093121120509e-01 -4.182345439349584304e-02 -3.565338003108650344e+00 5.698266112809753370e-01 4.612379363369811802e-02 8.204638370322537844e-01 5.432901348597257396e+01
8.175652257514709476e-01 -4.504535803421365510e-03 -5.758082499621747230e-01 -2.442988588134987538e+01 -1.996400603703141555e-02 9.991465055439225917e-01 -3.615379879700809929e-02 -3.621783089932292032e+00 5.754797402762409364e-01 4.105311074183443792e-02 8.167774006320970281e-01 5.521163658851394018e+01
8.141707222417603473e-01 -2.770206943492994553e-03 -5.805041669044961328e-01 -2.506790189134522251e+01 -2.001004529740801549e-02 9.992607728076340345e-01 -3.283181086132250931e-02 -3.674228602118103204e+00 5.801659280210256231e-01 3.834957682358401676e-02 8.135133449049819498e-01 5.608776695483355468e+01
8.129578444087146583e-01 -6.995514615445571011e-04 -5.822899020382393820e-01 -2.570243336677686230e+01 -2.268752908057260903e-02 9.992019653238934929e-01 -3.287925758739491944e-02 -3.725108400788059715e+00 5.818481189275092058e-01 3.994443063198024890e-02 8.122932580469331976e-01 5.695709055134011578e+01
8.081547503305844815e-01 -2.760112363945253170e-03 -5.888694794534994337e-01 -2.635353015027969192e+01 -2.201939462712833653e-02 9.991482114718259755e-01 -3.489660969631070558e-02 -3.774362141415374516e+00 5.884640116998590686e-01 4.117443796692598496e-02 8.074057598353154841e-01 5.783249795506427660e+01
8.049635629749974930e-01 -4.753925057399481860e-03 -5.934007478517125955e-01 -2.700276335019419705e+01 -2.165268092330580388e-02 9.990664253181720245e-01 -3.738348419476349854e-02 -3.831685362919130533e+00 5.930247659088926371e-01 4.293854898938043174e-02 8.041090497927682046e-01 5.870304572214568140e+01
8.014493442730561412e-01 -5.788591065034535098e-03 -5.981070178721565878e-01 -2.765965314621868743e+01 -2.064292217197762763e-02 9.990895777341096684e-01 -3.732236781607371073e-02 -3.886461640918586369e+00 5.977786422937169108e-01 4.225551301704290330e-02 8.006001465963500374e-01 5.956772530027035373e+01
7.960411309051037554e-01 -6.024251152907620158e-03 -6.052330137323405079e-01 -2.832632857177190289e+01 -2.022354006979261778e-02 9.991273183946096648e-01 -3.654745480898887594e-02 -3.939484338531941354e+00 6.049250994036220463e-01 4.133155747695152482e-02 7.952246171065368019e-01 6.043494216237485972e+01
7.924474724835989248e-01 -5.447333761315539639e-03 -6.098712568211740459e-01 -2.899976766568471476e+01 -2.014662573480504107e-02 9.991806451733122874e-01 -3.510532485616102427e-02 -3.992720729654790635e+00 6.095629493424761236e-01 4.010627364987368049e-02 7.916884469030255334e-01 6.128538781228215981e+01
7.867502868364865121e-01 -6.693072337310475989e-03 -6.172243556439549472e-01 -2.968528661336095809e+01 -1.969073651834258795e-02 9.991601541088449556e-01 -3.593797152722005145e-02 -4.050817013421485591e+00 6.169464785025094988e-01 4.042958463534753605e-02 7.859577998879513361e-01 6.214055145037251293e+01
7.824253162819027052e-01 -7.918929874112523581e-03 -6.226999508769710534e-01 -3.038345250046528889e+01 -1.905733184112482631e-02 9.991461830883140438e-01 -3.665552086390375108e-02 -4.105007732639579743e+00 6.224584414659436460e-01 4.055088864037686286e-02 7.816066226733930922e-01 6.300005877163334844e+01
7.772441422441443981e-01 -9.369787230165892503e-03 -6.291817452078517503e-01 -3.108094754778029767e+01 -1.835098334004316850e-02 9.991261229492177653e-01 -3.756027849393545753e-02 -4.155175956606867338e+00 6.289837854357464009e-01 4.074185732455872649e-02 7.763931372686436738e-01 6.384930643785258297e+01
7.703512294397341087e-01 -1.041623288699620835e-02 -6.374888961692639633e-01 -3.179178732889456072e+01 -1.786938172840426761e-02 9.991209920243769860e-01 -3.791431901412015137e-02 -4.213222034471785449e+00 6.373231312820243355e-01 4.060587510061870048e-02 7.694882353840335476e-01 6.469570059672614093e+01
7.651924296413308291e-01 -1.330267081719342659e-02 -6.435508948980849242e-01 -3.251271782873772764e+01 -1.597578902420818125e-02 9.990861601028016015e-01 -3.964427753719018677e-02 -4.268929037309999508e+00 6.434904838579719177e-01 4.061469053650584166e-02 7.642807373814169969e-01 6.553924207595757423e+01
7.594791026688509916e-01 -1.323072736585123067e-02 -6.505649768928261079e-01 -3.324613194169791797e+01 -1.591049128090415640e-02 9.991161791596981923e-01 -3.890557334024874470e-02 -4.328403708975177899e+00 6.505050818989082106e-01 3.989549209525530132e-02 7.585974991429781378e-01 6.639009108855752572e+01
7.531839280397651937e-01 -1.430630946344757341e-02 -6.576582302510061151e-01 -3.399328231539719525e+01 -1.433555863081657604e-02 9.991690086410036642e-01 -3.815718159521995501e-02 -4.384620703670782049e+00 6.576581029017947166e-01 3.816167346601911231e-02 7.523532076521169953e-01 6.722773490669344199e+01
7.473311844200147824e-01 -1.424483865388280479e-02 -6.642780318198412415e-01 -3.474117835801113330e+01 -1.353662635781687287e-02 9.992362223187145620e-01 -3.665315827619471806e-02 -4.443709465441012973e+00 6.642930734534371329e-01 3.638090949698296467e-02 7.465676282992654844e-01 6.805866784683215087e+01
7.406898632265670468e-01 -1.595128066832858516e-02 -6.715350466572064247e-01 -3.551160157694356911e+01 -1.211436261110274137e-02 9.992384107631959722e-01 -3.708947401746600508e-02 -4.499112698279107647e+00 6.716151735533236744e-01 3.561025338024698811e-02 7.399326278428178805e-01 6.888840479461211430e+01
7.341388514396389731e-01 -1.742027219542864949e-02 -6.788205693743488700e-01 -3.629095325556965435e+01 -1.221130560140971412e-02 9.991703572038235226e-01 -3.884442093967658410e-02 -4.558784073181826990e+00 6.789344623410602519e-01 3.680181748220757998e-02 7.333171374678354448e-01 6.971532113564674660e+01
7.282389172183147963e-01 -1.775303697078348467e-02 -6.851140224785671196e-01 -3.706996257133783956e+01 -1.273100145721066216e-02 9.991414710621814299e-01 -3.942780659004693766e-02 -4.613747358719556324e+00 6.852260932173344088e-01 3.743251599109287397e-02 7.273877925666719646e-01 7.053585646468347647e+01
7.226455898678811884e-01 -1.697040143207056984e-02 -6.910499488925166967e-01 -3.787307739460909062e+01 -1.258760494019857228e-02 9.992096215088013267e-01 -3.769411744323775126e-02 -4.669688628592435720e+00 6.911438155596761890e-01 3.593591190592963780e-02 7.218608974222984198e-01 7.135704419000822440e+01
7.191952817831993583e-01 -1.660061928274345067e-02 -6.946154497582344156e-01 -3.867850713551190012e+01 -1.325030400522268434e-02 9.992049695899198891e-01 -3.759498696613366997e-02 -4.732095698389111149e+00 6.946877336222208044e-01 3.623827163515132288e-02 7.184037451898388493e-01 7.217191956000725384e+01
7.134894695021785083e-01 -1.751798613416077205e-02 -7.003592444362323199e-01 -3.950123228690340227e+01 -1.312989488010759057e-02 9.991775372279555478e-01 -3.836349988833639979e-02 -4.791753579977125810e+00 7.004549348423468880e-01 3.657468800686734106e-02 7.126728112706596230e-01 7.298994406833716653e+01
7.084795294202195226e-01 -1.832701560196330418e-02 -7.055119476591482641e-01 -4.032557178886189320e+01 -1.394458664894676972e-02 9.991041805904408157e-01 -3.995400938510544619e-02 -4.852007319657516859e+00 7.056122120465061487e-01 3.814342054717102110e-02 7.075891053122159713e-01 7.380240732412180193e+01
7.039577793585554133e-01 -2.179984481982305544e-02 -7.099624090310893143e-01 -4.114938793328382616e+01 -1.293401084269032997e-02 9.989695896966499511e-01 -4.349642435317540440e-02 -4.914358458860013101e+00 7.101796017275676665e-01 3.979577494217571842e-02 7.029501615195934416e-01 7.461208418736232773e+01
6.983054597752719195e-01 -2.156252995279204707e-02 -7.155168413066819166e-01 -4.199625252126170238e+01 -1.406059306984014552e-02 9.989401785976610437e-01 -4.383217794916356019e-02 -4.976042889377269240e+00 7.157036035099278992e-01 4.066843139489487863e-02 6.972620081877362042e-01 7.541765055792114936e+01
6.937428144768665872e-01 -2.215807200267051053e-02 -7.198429508776721386e-01 -4.284425170884986045e+01 -1.285866876121910876e-02 9.989863381335185588e-01 -4.313739614587688148e-02 -5.039811744848678110e+00 7.200689703047959966e-01 3.918425406157617641e-02 6.927545295452243179e-01 7.622585564225958876e+01
6.897258310775492562e-01 -2.215263777020963845e-02 -7.237163348101194327e-01 -4.370574877021750382e+01 -1.152084121604808609e-02 9.990696967093563030e-01 -4.156510243409258787e-02 -5.106699659052384099e+00 7.239634433829148508e-01 3.701150792037981307e-02 6.888287455132656723e-01 7.703195733717548421e+01
6.833596597879673107e-01 -2.230037404822532085e-02 -7.297033103373103957e-01 -4.457345633362684367e+01 -1.205368450563672547e-02 9.990526041662620704e-01 -4.181372452791212724e-02 -5.174129865667263850e+00 7.299444029945966195e-01 3.736989448037442846e-02 6.824432639235782361e-01 7.783156404273778151e+01
6.806198543953150271e-01 -2.420133649031640244e-02 -7.323929800610700092e-01 -4.545440528986222972e+01 -1.038495787999775717e-02 9.990350794549668345e-01 -4.267143120802373985e-02 -5.234937155822981580e+00 7.327194891623615147e-01 3.664146473822685324e-02 6.797117811040945812e-01 7.863426699920867691e+01
6.755346233652749222e-01 -2.445740220770612622e-02 -7.370091213587224299e-01 -4.634166630080363092e+01 -9.475538905224146005e-03 9.990791471502576959e-01 -4.185260999599482029e-02 -5.301331014052599322e+00 7.373540198417672942e-01 3.525999751083962880e-02 6.746807727507642127e-01 7.943122939771855329e+01
6.707843368258876726e-01 -2.600703899994682988e-02 -7.412394408087719100e-01 -4.722511027523972871e+01 -7.561711344134061999e-03 9.990932341731296740e-01 -4.189895769616294730e-02 -5.368525208324100184e+00 7.416571329125560830e-01 3.370955795605203725e-02 6.699792920228334614e-01 8.022755912888003138e+01
6.689433122013785926e-01 -2.924901059549606108e-02 -7.428120645979636727e-01 -4.812313610803757058e+01 -4.143000733725814462e-03 9.990632279779213532e-01 -4.307444234749438494e-02 -5.434115611734315898e+00 7.433763001889247546e-01 3.189060390695157982e-02 6.681955448388581242e-01 8.102139754311836839e+01
6.634923290538321528e-01 -3.316055538806295805e-02 -7.473276800116733787e-01 -4.903625639301609596e+01 -1.954404015375022299e-03 9.989370561476405008e-01 -4.605466423332519460e-02 -5.499167091753419889e+00 7.480601205984472868e-01 3.202282924756873900e-02 6.627221774892626538e-01 8.182293163925567114e+01
6.597675818109527413e-01 -3.750171218799929623e-02 -7.506357999771100520e-01 -4.993771298979275031e+01 2.876477462309020607e-03 9.988725948091482509e-01 -4.737224427798013976e-02 -5.577026844622023027e+00 7.515668856580379753e-01 2.908943844663921391e-02 6.591317350009930909e-01 8.260355757340184368e+01
6.535538459022798286e-01 -4.172762104803802441e-02 -7.557443668005878745e-01 -5.084893719757047847e+01 8.959071982268997786e-03 9.988354597925197531e-01 -4.740937062271699531e-02 -5.638910529879447076e+00 7.568426899052801415e-01 2.421144902894132450e-02 6.531669916074467341e-01 8.338895534485371286e+01
6.448324614957569034e-01 -4.542739139487074473e-02 -7.629145861700936671e-01 -5.178414415672610716e+01 1.390072579439081447e-02 9.987643307495668310e-01 -4.770766745720646240e-02 -5.715386698485196426e+00 7.641392138447176130e-01 2.016114406780413967e-02 6.446667074914624873e-01 8.417905472320653359e+01
6.367425803636221904e-01 -4.635035576488634457e-02 -7.696226341079931421e-01 -5.272265532989184322e+01 1.588768926085839389e-02 9.987687090619272734e-01 -4.699232445137852682e-02 -5.795430255186067470e+00 7.708530203392156555e-01 1.769736542624441439e-02 6.366944805901673110e-01 8.495378666719669525e+01
6.260550509323933310e-01 -4.617533091328573924e-02 -7.785593026875702316e-01 -5.368465207322062582e+01 1.850854124013866578e-02 9.988436992476892318e-01 -4.435759147399593455e-02 -5.859205904835365963e+00 7.797082492790876618e-01 1.335592358320584171e-02 6.261859351455402178e-01 8.571930185012671188e+01
6.165489815534942464e-01 -4.567006990051085402e-02 -7.860043269169835201e-01 -5.466178255127077534e+01 1.835791490348559138e-02 9.988788777664953100e-01 -4.364012982125372447e-02 -5.929693233303869881e+00 7.871158887950493455e-01 1.248332790979477143e-02 6.166957540375546110e-01 8.647850032587345481e+01
6.090733340942460217e-01 -4.596447249124033935e-02 -7.917673718349311773e-01 -5.564372655904293197e+01 1.627643677999234678e-02 9.988333821286581315e-01 -4.545718685423973809e-02 -5.997758873273819624e+00 7.929335953566004624e-01 1.479679340551986674e-02 6.091109343813442267e-01 8.722831860154742856e+01
5.987904225223736887e-01 -4.884480523058409157e-02 -7.994227531255463370e-01 -5.663774933053601046e+01 1.753585312594051551e-02 9.986994698505782253e-01 -4.787432318619645050e-02 -6.071548082565350057e+00 8.007211952505671748e-01 1.465713889350767421e-02 5.988672982360266905e-01 8.795944299530206933e+01
5.882453663111382181e-01 -4.977830658750660719e-02 -8.070845362065414141e-01 -5.764500856926754579e+01 1.733252272632198471e-02 9.986510809599185023e-01 -4.894899429660889978e-02 -6.140094038856021896e+00 8.084317744547391271e-01 1.481374128102385702e-02 5.883137902319953705e-01 8.868292296396742813e+01
5.784010267870099975e-01 -5.060610134739061683e-02 -8.141005249247779130e-01 -5.866092565356422028e+01 2.079972581034243012e-02 9.986644839916838379e-01 -4.729588886427744943e-02 -6.219122720148104300e+00 8.154064529913289672e-01 1.042335339705235779e-02 5.786809491822437757e-01 8.940823595006202140e+01
5.677983191777116190e-01 -5.072713924090955367e-02 -8.216325836807681915e-01 -5.969325575130379491e+01 2.284772844673254102e-02 9.986857987292545591e-01 -4.586413846101414227e-02 -6.293591605986520676e+00 8.228801182018261606e-01 7.261848085966140891e-03 5.682115312400676244e-01 9.011578336553192514e+01
5.582655681964484584e-01 -5.080969979478277415e-02 -8.281482901613511638e-01 -6.073619990355938114e+01 2.265993576600515078e-02 9.986841219679086779e-01 -4.599825429360267920e-02 -6.369133771564519542e+00 8.293963352414321921e-01 6.906694833572296806e-03 5.586826650488083690e-01 9.080746461111138501e+01
5.473997485679874542e-01 -5.258353752943622367e-02 -8.352147795979938394e-01 -6.179067014377502431e+01 2.244265839506928359e-02 9.985874379659117617e-01 -4.816644041065155923e-02 -6.444021292760035102e+00 8.365674652752662643e-01 7.623927449919116681e-03 5.478066824846555827e-01 9.149412682918476492e+01
5.381302221368521321e-01 -5.269122144459439244e-02 -8.413964534321639599e-01 -6.286224866467134831e+01 2.154261055255712529e-02 9.985777751300076721e-01 -4.875399346180183530e-02 -6.516896915099476217e+00 8.427697409931127481e-01 8.107299779953662522e-03 5.385000706271222404e-01 9.216295747842332275e+01
5.290097683456078670e-01 -5.302740908665750513e-02 -8.470450707448115013e-01 -6.394148866045802038e+01 1.945666556258463659e-02 9.985415690366604702e-01 -5.035868782922974657e-02 -6.593536694459755765e+00 8.484800753529888606e-01 1.016569170244288785e-02 5.292695320635326661e-01 9.282261251263648205e+01
