1.0 0.0 0.0 0.0 0.0 1.0 0.0 0.0 0.0 0.0 1.0 0.0
0.9982678 0.058645766 0.0045953314 0.27087402 -0.05849392 0.9978899 -0.028170599 0.06640625 -0.006237718 0.02785301 0.99959266 -0.03881836
0.99982387 0.018760176 0.00068990834 0.58374023 -0.018754827 0.99979913 -0.007079029 -0.032348633 -0.00082253834 0.007064847 0.9999747 0.0036621094
0.9997754 0.021190602 7.0084745e-05 0.9001465 -0.021189101 0.9997345 -0.0090401815 -0.036499023 -0.0002617003 0.009036665 0.9999591 0.013916016
0.99981964 0.018918948 -0.0017589525 1.2008057 -0.018934825 0.99977577 -0.009495478 -0.059814453 0.0015789418 0.009527056 0.9999533 -0.028564453
0.9999277 0.011655534 -0.0029647974 1.5089111 -0.011693427 0.99984574 -0.013104009 -0.057128906 0.0028116181 0.013137718 0.99990976 -0.010498047
0.99998987 0.0006925229 -0.004446013 1.8327637 -0.0007575326 0.99989253 -0.014640294 -0.0435791 0.004435394 0.0146435145 0.99988294 0.012573242
0.9998771 -0.014797973 -0.0051744003 2.1625977 0.014726649 0.99979967 -0.013554737 -0.03100586 0.0053739836 0.013476852 0.9998947 -0.0021972656
0.99939847 -0.03431553 -0.0049507907 2.5076904 0.034259196 0.9993516 -0.011050649 -0.015380859 0.005326856 0.010874392 0.9999267 0.004638672
0.99854225 -0.053604387 -0.0063067926 2.8632812 0.053561207 0.9985411 -0.006827156 0.029541016 0.0066636167 0.006479432 0.9999568 0.020629883
0.99730873 -0.07297862 -0.00709485 3.2183838 0.07293161 0.9973151 -0.006673996 0.0637207 0.007562811 0.006138646 0.99995255 0.01159668
0.99552554 -0.094322115 -0.005924069 3.6026611 0.09427754 0.9955199 -0.007402164 0.11071777 0.006595604 0.006810745 0.99995506 0.014526367
0.9936043 -0.11283361 -0.0047603464 3.9923096 0.1127864 0.99357814 -0.009239195 0.16223145 0.0057718316 0.008643379 0.999946 0.025390625
0.991364 -0.1310959 -0.003929585 4.3881836 0.13106172 0.99134433 -0.007965768 0.22692871 0.0049399547 0.0073820427 0.99996054 0.0234375
0.9891004 -0.14719923 -0.0037443638 4.803589 0.14716782 0.9890829 -0.0076105287 0.2915039 0.004823604 0.0069766087 0.99996406 0.030151367
0.9871841 -0.1595399 -0.004043155 5.226074 0.15951088 0.98717433 -0.006699736 0.37268066 0.005060217 0.00596899 0.99996936 0.041137695
0.98504806 -0.1722049 -0.004453717 5.663574 0.17216648 0.98503304 -0.007915076 0.45874023 0.005750378 0.007029865 0.99995875 0.042236328
0.98319834 -0.18244322 -0.006305455 6.1105957 0.18236578 0.9831689 -0.011218882 0.5407715 0.0082465075 0.009880478 0.99991715 0.052124023
0.9819637 -0.18886685 -0.008381334 6.5750732 0.18877451 0.98195887 -0.010708986 0.6374512 0.010252657 0.008933183 0.99990755 0.056884766
0.98042977 -0.1966664 -0.009371974 7.055786 0.1965733 0.9804422 -0.0100001665 0.74328613 0.011155158 0.00796224 0.99990606 0.055541992
0.97875756 -0.20460266 -0.012251874 7.5388184 0.20447473 0.9788 -0.010927826 0.85009766 0.014228374 0.0081894435 0.99986523 0.06274414
0.97716767 -0.21203947 -0.013008468 8.042603 0.21183756 0.9771778 -0.015332347 0.9588623 0.01596309 0.012226449 0.99979776 0.07104492
0.9752831 -0.22057393 -0.01320466 8.562134 0.22027819 0.9752182 -0.020762581 1.072998 0.017457176 0.017340941 0.99969715 0.08203125
0.9736585 -0.22755216 -0.0147929285 9.090576 0.2272032 0.9736013 -0.022096286 1.1949463 0.019430893 0.01815506 0.99964637 0.099731445
0.97144854 -0.23635177 -0.020401092 9.622192 0.23601483 0.9715848 -0.01762116 1.3400879 0.023986898 0.012302814 0.9996365 0.09838867
0.9694943 -0.24388704 -0.024614971 10.167847 0.2435781 0.96976995 -0.014899254 1.4910889 0.027504385 0.008449597 0.99958587 0.115234375
0.966915 -0.25379574 -0.025648978 10.730225 0.2533948 0.9671948 -0.017885529 1.6398926 0.029347302 0.0107952 0.999511 0.13293457
0.9645118 -0.2626102 -0.02724415 11.300171 0.2621524 0.9648286 -0.019263614 1.796875 0.031344786 0.011438061 0.9994432 0.1550293
0.9626599 -0.26910198 -0.030035548 11.883545 0.26863393 0.96307665 -0.018734789 1.9658203 0.033967067 0.0099691 0.9993733 0.1772461
0.95990634 -0.27828705 -0.033719387 12.477051 0.27780986 0.96046436 -0.018190434 2.1501465 0.037448127 0.008092847 0.9992657 0.19677734
0.9578232 -0.28468713 -0.039001875 13.075806 0.28412768 0.95858806 -0.019322772 2.3337402 0.042888287 0.00742667 0.99905235 0.22058105
0.95549744 -0.2912823 -0.04631005 13.692261 0.29062217 0.95659965 -0.020549646 2.529663 0.05028663 0.0061701834 0.99871504 0.25561523
0.953779 -0.29528806 -0.0555438 14.316772 0.29459423 0.9553892 -0.02048106 2.727295 0.059114218 0.0031709182 0.9982465 0.28808594
0.9522201 -0.2983992 -0.064617425 14.953735 0.29765987 0.95441115 -0.021011246 2.9415283 0.0679418 0.0007611709 0.9976876 0.3251953
0.95034504 -0.30224863 -0.07406249 15.60083 0.30165902 0.95321834 -0.019290745 3.1547852 0.07642865 -0.004010439 0.9970667 0.36889648
0.9487015 -0.30552784 -0.08152442 16.257812 0.30497584 0.9521755 -0.019444136 3.3702393 0.08356554 -0.006410455 0.99648213 0.41918945
0.94641507 -0.31067285 -0.08824104 16.924194 0.3102477 0.9504727 -0.018845132 3.6015625 0.08972418 -0.009543076 0.9959199 0.48034668
0.9440167 -0.31569484 -0.09562721 17.601074 0.3155803 0.9487395 -0.016718453 3.8382568 0.09600447 -0.014402855 0.9952755 0.5411377
0.94239426 -0.31868747 -0.10164133 18.284302 0.31889552 0.9476773 -0.014643919 4.0894775 0.10098671 -0.018614158 0.99471265 0.61169434
0.939889 -0.32449403 -0.106126636 18.992188 0.32502288 0.945594 -0.012763666 4.345581 0.10449539 -0.022505734 0.9942703 0.68322754
0.938432 -0.32811278 -0.10802097 19.6958 0.32893318 0.9442815 -0.010647355 4.6054688 0.1054958 -0.025538765 0.99409306 0.7611084
0.93629175 -0.3343318 -0.10768045 20.422241 0.33520114 0.9420979 -0.010466313 4.8706055 0.10494346 -0.026296655 0.99412894 0.8442383
0.93373775 -0.34190676 -0.1060334 21.155884 0.34276694 0.93936694 -0.010571934 5.1470947 0.1032193 -0.02647467 0.9943053 0.92871094
0.93212193 -0.34670028 -0.104790755 21.89209 0.347579 0.93761 -0.010337074 5.423218 0.10183787 -0.026778568 0.9944418 1.0123291
0.9299186 -0.35360026 -0.10116718 22.630005 0.35438323 0.9350461 -0.010723983 5.7124023 0.09838915 -0.025872882 0.99481297 1.0952148
0.9256901 -0.36555386 -0.0969994 23.397339 0.3666018 0.93031657 -0.007436946 6.0185547 0.09295958 -0.028685052 0.9952562 1.1740723
0.9232251 -0.3730473 -0.09218096 24.153442 0.37412822 0.92736053 -0.0059037935 6.3374023 0.08769036 -0.029032744 0.99572587 1.2542725
0.92031145 -0.38080126 -0.08966186 24.909912 0.3821113 0.92412364 -0.0027494053 6.661133 0.083903305 -0.031724636 0.9959693 1.3295898
0.9170353 -0.3886674 -0.08896461 25.675781 0.39008468 0.9207399 -0.0015762509 6.9974365 0.082527295 -0.0332659 0.9960337 1.4067383
0.9128473 -0.3986708 -0.0881399 26.453247 0.400179 0.9164378 -0.0006287992 7.3414307 0.08101974 -0.034707084 0.9961057 1.479248
0.90997326 -0.40526018 -0.08767744 27.232178 0.40675595 0.9135225 -0.0008758814 7.6949463 0.08045292 -0.0348695 0.9961486 1.5473633
0.9057048 -0.41502365 -0.08619011 28.023438 0.41657788 0.9090871 4.7935173e-05 8.065308 0.0783346 -0.035955124 0.9962779 1.618042
0.9022942 -0.4229537 -0.08357483 28.817871 0.4244039 0.90547633 -0.00044776453 8.442993 0.07586566 -0.035055604 0.9965033 1.6907959
0.8995153 -0.42961764 -0.07960892 29.61853 0.43098095 0.90237963 -5.538389e-05 8.83606 0.07186174 -0.034247827 0.99682784 1.760376
0.89616865 -0.4372839 -0.07528009 30.431519 0.438635 0.898664 0.0015921006 9.235718 0.06695831 -0.03443988 0.9971625 1.824585
0.8930186 -0.4444666 -0.07033414 31.249756 0.44565096 0.895196 0.0012775832 9.648804 0.062393688 -0.032494936 0.99752146 1.8886719
0.8892534 -0.4524893 -0.06753784 32.072754 0.45356646 0.89126647 0.0006941968 10.0720215 0.059879344 -0.03124286 0.9977168 1.9517822
0.88592297 -0.45900965 -0.06667757 32.90625 0.4600491 0.88789064 0.00026205278 10.510742 0.059081268 -0.03090724 0.99777466 2.0109863
0.88391656 -0.4631744 -0.064312145 33.748047 0.46412438 0.8857569 -0.00020372355 10.96106 0.057055272 -0.029676698 0.9979289 2.0615234
0.8802807 -0.4701914 -0.06304717 34.5968 0.47106463 0.88206923 -0.0011427107 11.421387 0.056151286 -0.028699944 0.9980096 2.121704
0.87818605 -0.47427583 -0.06200136 35.451538 0.47506973 0.87994146 -0.0021845663 11.8897705 0.055592403 -0.027539559 0.99807346 2.182373
0.87672275 -0.47697324 -0.06211227 36.315186 0.47770286 0.87851757 -0.003481905 12.370117 0.056227043 -0.026622804 0.9980626 2.2366943
0.8748093 -0.4802114 -0.062924676 37.172607 0.4809855 0.8766389 -0.0032013566 12.860596 0.056702584 -0.02747536 0.99801326 2.2940674
0.8750382 -0.48015323 -0.062138796 38.06604 0.4809083 0.876822 -0.003149389 13.358765 0.05599699 -0.027118713 0.9980629 2.352417
0.87450504 -0.48118284 -0.06012583 38.96692 0.48194465 0.87614805 -0.0020748323 13.861328 0.053677052 -0.027166657 0.9981889 2.4108887
0.87401044 -0.48238918 -0.05860791 39.88379 0.48299295 0.8756298 -0.004323395 14.374023 0.05340403 -0.024526369 0.9982717 2.4672852
0.87433285 -0.48192582 -0.057768032 40.80298 0.48240024 0.87595505 -0.0063488483 14.882324 0.053662837 -0.022313533 0.9983098 2.5301514
0.8724205 -0.48535204 -0.057995584 41.73889 0.48580253 0.87406766 -0.007007817 15.407959 0.05409177 -0.022055902 0.99829245 2.588623
0.8722434 -0.4860576 -0.055224158 42.668945 0.48636618 0.8737753 -0.008613391 15.94043 0.052437667 -0.019335926 0.99843717 2.6484375
0.8694906 -0.49127546 -0.051433694 43.60437 0.49155113 0.87081814 -0.008011165 16.473145 0.048728153 -0.018317327 0.9986441 2.71167
0.8665064 -0.49685588 -0.04590953 44.52832 0.49704024 0.86757773 -0.008122017 17.009888 0.04386705 -0.015786968 0.9989129 2.7774658
0.8648465 -0.50026816 -0.043235075 45.454468 0.5003727 0.86581784 -0.009147598 17.549194 0.04200848 -0.0137188025 0.99902296 2.8309326
0.8581135 -0.5114915 -0.043962926 46.38086 0.51144755 0.85916567 -0.013100136 18.100952 0.04447017 -0.01124931 0.998947 2.887085
0.8530282 -0.51968586 -0.046123743 47.292603 0.5195916 0.85420024 -0.014953949 18.660034 0.047173444 -0.01121321 0.99882394 2.9476318
0.8465075 -0.53037286 -0.04561175 48.206787 0.5302397 0.84766805 -0.015970455 19.23462 0.04713393 -0.010666688 0.9988316 3.0025635
0.84141684 -0.5387426 -0.04221606 49.119873 0.5387705 0.84237593 -0.011680922 19.832153 0.041857734 -0.012913645 0.99904037 3.0545654
0.83743036 -0.5451422 -0.0394421 50.026123 0.5452767 0.83823097 -0.008208848 20.429321 0.03753667 -0.014632429 0.999188 3.1046143
0.8323533 -0.5528134 -0.040853456 50.915283 0.55301297 0.8331905 -0.007264817 21.022339 0.03805557 -0.01653696 0.9991391 3.1566162
0.829169 -0.5573171 -0.045052916 51.807617 0.557475 0.83022374 -0.010144314 21.626343 0.043055367 -0.016695581 0.99893326 3.2094727
0.8260913 -0.5611175 -0.052229926 52.684082 0.561335 0.8275095 -0.0117977 22.239014 0.049837325 -0.019574828 0.9985651 3.265625
0.82241535 -0.5662358 -0.053421702 53.565186 0.56644356 0.82390887 -0.012638229 22.860107 0.0511712 -0.019874938 0.99849194 3.3232422
0.82044375 -0.5695663 -0.049567536 54.448486 0.5697398 0.8217325 -0.011932358 23.47107 0.047530904 -0.018449148 0.99869967 3.3874512
0.8167536 -0.5752562 -0.044512633 55.33423 0.57544994 0.81777334 -0.0096209245 24.10669 0.041933745 -0.01776144 0.99896216 3.4451904
0.81348574 -0.57996464 -0.041821785 56.213135 0.58018315 0.81436545 -0.007950485 24.74121 0.038671605 -0.017799323 0.99909365 3.498169
0.81225586 -0.58165133 -0.043418832 57.08423 0.58198184 0.8131573 -0.005897823 25.373291 0.038736153 -0.020475267 0.9990399 3.548462
0.8073736 -0.5882527 -0.044674564 57.962646 0.5885314 0.8083658 -0.008036805 26.02002 0.040838845 -0.019806122 0.9989693 3.5965576
0.8040816 -0.5927966 -0.046458215 58.835693 0.5930295 0.805188 -0.010081558 26.665527 0.043383505 -0.01943937 0.9988694 3.652588
0.8005768 -0.5975494 -0.045792483 59.703125 0.5977291 0.8016743 -0.0111764185 27.318726 0.043384973 -0.018427154 0.99888796 3.7070312
0.79520243 -0.6047005 -0.04489144 60.57373 0.60485905 0.796265 -0.011503828 27.980957 0.04270331 -0.018003874 0.9989256 3.7600098
0.791665 -0.60934776 -0.043679193 61.427002 0.6095121 0.7926663 -0.010988679 28.650879 0.04132202 -0.017923638 0.99898523 3.8135986
0.78593785 -0.61672556 -0.044027247 62.285645 0.6168498 0.7869759 -0.012327075 29.331787 0.042251613 -0.017467078 0.9989545 3.871338
0.78159064 -0.6222323 -0.044167086 63.148193 0.6223112 0.7826561 -0.013622809 30.026001 0.043042425 -0.016833935 0.9989314 3.925293
0.7763819 -0.6287514 -0.044379618 64.00073 0.6287757 0.7774813 -0.015156759 30.719238 0.04403421 -0.016128458 0.9989002 3.9752197
0.7694804 -0.6370886 -0.04426801 64.851074 0.63707244 0.77059346 -0.01631267 31.42517 0.044500664 -0.015648868 0.9988866 4.033325
0.7642841 -0.64324343 -0.04429829 65.698 0.6431013 0.7654432 -0.019279417 32.141846 0.046316195 -0.013759659 0.99883205 4.088745
0.75860095 -0.65026337 -0.043598432 66.55249 0.65012103 0.75972915 -0.019300524 32.87085 0.045671146 -0.013693777 0.9988627 4.1488037
0.7523632 -0.65742016 -0.041883413 67.39404 0.6572125 0.7534305 -0.020476367 33.613525 0.045023534 -0.012122218 0.99891245 4.2058105
0.74657965 -0.66406435 -0.040118057 68.22876 0.663844 0.74757123 -0.020508816 34.357178 0.04361227 -0.011325209 0.99898416 4.265991
0.7399526 -0.6713834 -0.039366513 69.0625 0.67108566 0.74093276 -0.022317095 35.123047 0.044152524 -0.009909738 0.9989755 4.3220215
0.733341 -0.67869353 -0.040577292 69.89331 0.67834693 0.73439485 -0.023883127 35.897827 0.04600823 -0.010014566 0.9988905 4.381958
0.72741157 -0.6849834 -0.04122103 70.71753 0.68463296 0.72850215 -0.024302721 36.67273 0.04667953 -0.0105417725 0.99885446 4.437622
0.7218834 -0.6909123 -0.039734393 71.54248 0.69058716 0.7229017 -0.023607012 37.471924 0.045030273 -0.010402458 0.998931 4.4952393
0.71842384 -0.69445807 -0.040042233 72.36035 0.6941555 0.71945393 -0.023287531 38.27417 0.044981036 -0.011069733 0.9989262 4.558838
0.7126959 -0.7002217 -0.040389825 73.18213 0.6998866 0.71375495 -0.024287125 39.092896 0.045832895 -0.010959019 0.99888897 4.619507
0.7076125 -0.7053715 -0.041969102 73.99805 0.7050209 0.7087584 -0.02516626 39.913452 0.047495756 -0.011782861 0.9988019 4.680542
0.70298576 -0.7099188 -0.043635458 74.811035 0.7094201 0.704257 -0.02869985 40.73352 0.0511047 -0.01078435 0.99863476 4.743042
0.6972944 -0.715443 -0.044515483 75.62036 0.71497285 0.69861215 -0.028542165 41.576538 0.05151978 -0.011920971 0.9986011 4.8061523
0.6927922 -0.71981263 -0.04303807 76.43213 0.7193001 0.694045 -0.029205594 42.42102 0.050891537 -0.010726593 0.9986465 4.871704
0.68887043 -0.7237161 -0.04087072 77.2417 0.72318554 0.6900175 -0.02926237 43.279175 0.049378928 -0.009393701 0.9987363 4.940796
0.6824845 -0.7296976 -0.041236274 78.04541 0.72916895 0.6836572 -0.029499322 44.142822 0.04971603 -0.00993931 0.9987138 5.0098877
0.67976326 -0.7324677 -0.040516134 78.851074 0.73183906 0.68091965 -0.031440847 45.020752 0.050615888 -0.008276047 0.9986838 5.0722656
0.6747361 -0.7371076 -0.03913959 79.651855 0.7364595 0.6758295 -0.031770702 45.90442 0.049868807 -0.0073763994 0.99872893 5.140869
0.670045 -0.74141085 -0.037596136 80.451904 0.7406788 0.6710768 -0.0333889 46.7843 0.049983185 -0.0054731094 0.9987351 5.209961
0.6682805 -0.7431226 -0.03578569 81.248535 0.7422206 0.66923475 -0.036658805 47.679565 0.051188715 -0.002059951 0.99868685 5.2772217
0.66282547 -0.7477911 -0.03592824 82.053955 0.74668634 0.66379833 -0.040641893 48.588867 0.054243594 0.00011080783 0.99852777 5.343384
0.65926236 -0.7512904 -0.033008322 82.838135 0.749955 0.6600703 -0.045039117 49.486816 0.055619188 0.004932585 0.99843925 5.4229736
0.65332943 -0.75656646 -0.028142303 83.62793 0.7550347 0.6538424 -0.04935669 50.394043 0.055746734 0.010999579 0.9983845 5.4870605
0.64485747 -0.763864 -0.024103057 84.42334 0.76217717 0.64511186 -0.05317987 51.324463 0.056166187 0.015918363 0.9982942 5.565796
0.6368969 -0.770585 -0.02164341 85.203125 0.76888394 0.637014 -0.054216016 52.258545 0.055560146 0.017884979 0.9982949 5.6485596
0.62640005 -0.7794586 -0.017304437 85.97461 0.7778415 0.6263045 -0.054193728 53.215576 0.053070854 0.020481316 0.9983801 5.7159424
0.61691135 -0.78687435 -0.016428858 86.73926 0.78529465 0.61679614 -0.05381519 54.188232 0.052474838 0.020303203 0.9984161 5.789551
0.6093235 -0.7926868 -0.018740857 87.49365 0.7910407 0.6093402 -0.054202337 55.16626 0.05438324 0.018196408 0.99835396 5.8599854
0.5990966 -0.80046755 -0.018603781 88.23047 0.79865694 0.59907126 -0.057213955 56.155518 0.05692954 0.019420307 0.99818933 5.936157
0.5885494 -0.8081783 -0.01875616 88.95972 0.8063031 0.58853614 -0.058281194 57.158203 0.058133487 0.01918057 0.9981247 6.0076904
0.5789348 -0.81516635 -0.014361039 89.69092 0.81332564 0.57867116 -0.059241995 58.169678 0.056605726 0.022616576 0.9981405 6.0906982
0.56847715 -0.8226526 -0.01119202 90.40454 0.8208672 0.56805354 -0.059503295 59.19751 0.055306386 0.02463006 0.99816495 6.1693115
0.55895185 -0.829173 -0.0108277835 91.10181 0.8273804 0.5585236 -0.05970544 60.23633 0.055554334 0.024407562 0.9981569 6.248657
0.5480855 -0.83633995 -0.011536237 91.79443 0.83441705 0.5476747 -0.061610207 61.286377 0.05784865 0.02414624 0.99803364 6.326782
0.5387799 -0.84254426 -0.012009528 92.46875 0.84059256 0.53841394 -0.06183154 62.354004 0.05854453 0.023210837 0.9980142 6.4036865
0.5295467 -0.8482515 -0.014054951 93.13379 0.84622556 0.5293137 -0.062273517 63.429443 0.06025037 0.02108596 0.9979605 6.484131
0.51796687 -0.8553709 -0.012876494 93.79199 0.8533463 0.5176836 -0.06260334 64.50757 0.06020457 0.02143639 0.99795556 6.570923
0.50963736 -0.86033446 -0.012473998 94.43628 0.8584281 0.50938857 -0.06071953 65.609375 0.05858122 0.020238072 0.99807733 6.647949
0.5022826 -0.8644803 -0.009716668 95.0813 0.86271197 0.5019218 -0.059267897 66.70825 0.056112014 0.021382572 0.99819535 6.7337646
0.49452206 -0.86923707 -0.008556046 95.70776 0.86746603 0.49410227 -0.05969139 67.82593 0.05610848 0.022093821 0.9981801 6.813965
0.48716795 -0.87323236 -0.007621996 96.32471 0.8713198 0.48664525 -0.06248144 68.94116 0.058277417 0.023811117 0.9980174 6.893799
0.4809566 -0.87681854 -0.006442264 96.9458 0.8747001 0.4802821 -0.066325925 70.055664 0.061248474 0.026260706 0.99777687 6.9766846
0.4747093 -0.88017774 -0.005941444 97.56177 0.8779061 0.47395042 -0.06892041 71.18652 0.06346021 0.027494138 0.99760514 7.0667725
0.47068444 -0.8823225 -0.0050485423 98.15991 0.8798037 0.46975878 -0.073024176 72.309814 0.06681058 0.029922066 0.9973165 7.1584473
0.46549872 -0.88513815 -0.002815884 98.76172 0.88266957 0.46443388 -0.073221475 73.44946 0.06611058 0.031592198 0.99731165 7.2576904
0.46140537 -0.8870715 0.0008842297 99.36084 0.8848964 0.4602026 -0.07045994 74.59033 0.062108956 0.03331266 0.9975147 7.3498535
0.45906526 -0.88842994 0.0064769443 99.946045 0.88650966 0.45756546 -0.06946661 75.711914 0.058753554 0.03764398 0.9975635 7.442749
0.45458838 -0.89057875 0.0089433845 100.5105 0.8888393 0.45301944 -0.06782425 76.84595 0.05635345 0.03878794 0.9976576 7.5322266
0.4520967 -0.89195645 0.0104425885 101.08716 0.89029175 0.45046264 -0.067461535 77.985596 0.05546681 0.039801244 0.9976674 7.6140137
0.45114216 -0.8924288 0.013441029 101.65918 0.8909116 0.44936728 -0.06695559 79.1062 0.053709317 0.042167183 0.9976651 7.69751
0.44713205 -0.8942883 0.015188347 102.21509 0.8928859 0.44530883 -0.06605254 80.22412 0.052321132 0.043095358 0.9977 7.779419
0.4461452 -0.8949342 0.017778357 102.76831 0.893628 0.4441752 -0.06638495 81.34204 0.05149322 0.04550767 0.9976365 7.8602295
0.4421137 -0.8966983 0.02039153 103.313965 0.89550126 0.44001243 -0.06644015 82.44287 0.050612085 0.04763518 0.99758166 7.9364014
0.44010454 -0.8974578 0.02433141 103.8562 0.8964855 0.43784538 -0.065741986 83.54053 0.048352405 0.050763756 0.9975405 8.014648
0.43860427 -0.89843124 0.026728453 104.39307 0.8975765 0.43622866 -0.065776706 84.642334 0.047441572 0.05284058 0.9974754 8.088257
0.4365421 -0.8990888 0.028269578 104.91699 0.8982944 0.43407708 -0.06614296 85.708984 0.04720177 0.05428292 0.99741 8.163696
0.4375843 -0.8985286 0.029324278 105.438965 0.8977493 0.43501636 -0.06710012 86.78003 0.047530845 0.05569535 0.9973163 8.233887
0.43653083 -0.89918673 0.028617837 105.951416 0.89829695 0.4339187 -0.06851444 87.85083 0.04918232 0.055627428 0.99724036 8.30957
0.43602347 -0.8996129 0.02726734 106.44629 0.8986406 0.43347168 -0.068633296 88.89453 0.04991767 0.05442587 0.9972692 8.385132
0.43905744 -0.89820045 0.024704102 106.9458 0.8971443 0.43667865 -0.06773158 89.9353 0.05004673 0.05188437 0.99739724 8.457642
0.44262058 -0.89630824 0.022631947 107.44287 0.8951358 0.44032192 -0.06812943 90.96216 0.05110823 0.050410077 0.9974196 8.531494
0.4479563 -0.8938285 0.020568877 107.94458 0.8925477 0.44573918 -0.06849214 91.98682 0.052048188 0.049024895 0.9974395 8.600586
0.45403007 -0.89079785 0.018588811 108.456055 0.88947326 0.4519394 -0.06782512 92.99658 0.052006163 0.04734233 0.99752504 8.67395
0.4615907 -0.8869043 0.017936854 108.961426 0.8856068 0.45956072 -0.067038715 93.992676 0.05118963 0.04683178 0.9975908 8.744019
0.46888667 -0.88311845 0.017100696 109.48071 0.88186187 0.46694613 -0.06576737 94.991455 0.050097298 0.045909137 0.99768806 8.812256
0.47807682 -0.8780881 0.016164014 110.00952 0.8768394 0.47619697 -0.065187454 95.97705 0.049535822 0.04535326 0.9977432 8.878174
0.48745188 -0.8730498 0.0154536385 110.54004 0.87182367 0.48562777 -0.06443321 96.951904 0.048744682 0.044861928 0.9978021 8.944214
0.4969735 -0.86761403 0.013976922 111.09033 0.8663126 0.4951803 -0.06504905 97.92139 0.049516924 0.0444369 0.99778426 9.0078125
0.5068281 -0.8619731 0.0107137915 111.635254 0.8604981 0.50513965 -0.06606026 98.875 0.051533673 0.042700652 0.99775785 9.076904
0.5170878 -0.85586935 0.0071806745 112.19556 0.8542765 0.51557237 -0.06588905 99.81421 0.05269184 0.04021347 0.99780136 9.144897
0.5307718 -0.8475441 0.0037675584 112.76953 0.8459643 0.5295001 -0.06354761 100.75488 0.051856317 0.03691693 0.9979721 9.205078
0.5418081 -0.84044045 0.00337563 113.34668 0.8389793 0.54062027 -0.061255723 101.677246 0.04965336 0.036024828 0.99811685 9.2771
0.5547651 -0.83200973 0.003264363 113.941895 0.83065987 0.55363333 -0.059239246 102.59302 0.047474716 0.03556665 0.99823856 9.341309
0.56616825 -0.82429415 0.0026881266 114.54736 0.8229856 0.5650794 -0.0582668 103.48071 0.046505142 0.03520361 0.9982977 9.407471
0.5780731 -0.81604916 0.0019432362 115.16406 0.81472576 0.576997 -0.058351498 104.36304 0.046487488 0.035312373 0.9982944 9.470581
0.5895758 -0.8077352 0.0005803312 115.78369 0.8063348 0.58851117 -0.059282638 105.231445 0.047544893 0.035420287 0.9982409 9.534912
0.6000889 -0.79993236 0.0010556215 116.4104 0.79852176 0.59895194 -0.060163423 106.07446 0.047486685 0.03694181 0.9981883 9.594727
0.61003107 -0.7924392 0.00021358044 117.05176 0.7910155 0.60891867 -0.060090743 106.90845 0.047479708 0.03682968 0.9981933 9.658813
0.62160367 -0.7833324 0.0013838196 117.69385 0.7820644 0.62049556 -0.057989888 107.73584 0.04456667 0.037122946 0.9983161 9.722534
0.6309055 -0.7758409 0.002602191 118.3396 0.77473176 0.6298177 -0.055657413 108.535645 0.041540295 0.037122793 0.9984466 9.777344
0.64090043 -0.7677578 0.0021961085 118.99292 0.7667406 0.63989854 -0.053382024 109.33667 0.039563853 0.035900395 0.99857235 9.83252
0.64966756 -0.76017785 -0.0007073895 119.63086 0.7591024 0.64879805 -0.052569125 110.10791 0.040421065 0.033611853 0.9986171 9.881958
0.6583327 -0.7527932 -0.0035522636 120.2959 0.7516563 0.6575837 -0.05203934 110.86841 0.041509476 0.031592574 0.9986387 9.932495
0.66911596 -0.7431419 -0.004395455 120.96216 0.7420667 0.6684447 -0.050138183 111.61914 0.04019979 0.030282667 0.9987324 9.988647
0.6772295 -0.7356871 -0.0037169033 121.62256 0.7347127 0.6765762 -0.048279915 112.34619 0.03804092 0.029966546 0.9988267 10.037476
0.6863976 -0.72722363 -0.0023006988 122.29297 0.7263338 0.68570745 -0.04738162 113.06885 0.036039606 0.030850222 0.99887383 10.087402
0.69504166 -0.71893114 -0.002185789 122.97046 0.71810466 0.69438165 -0.045928787 113.776855 0.034541175 0.030358555 0.9989423 10.137573
0.7018124 -0.7123956 -0.0042370465 123.63013 0.7115168 0.7012191 -0.045847934 114.454834 0.035629127 0.029162738 0.9989396 10.176392
0.7098669 -0.70423454 -0.0039124694 124.31665 0.7033983 0.70927393 -0.045100678 115.13721 0.03454211 0.029269092 0.99897486 10.223999
0.71635157 -0.6975943 -0.0041690613 124.98462 0.69687647 0.71586215 -0.041472018 115.802 0.031917788 0.026805254 0.99913114 10.267578
0.72350764 -0.69029665 -0.0027834466 125.66089 0.6896946 0.723034 -0.03904035 116.45996 0.028957428 0.026327552 0.99923396 10.310059
0.7316182 -0.68180835 -0.0030349921 126.34131 0.68127126 0.73120505 -0.03666828 117.10791 0.02722533 0.024757449 0.99932235 10.347778
0.7381791 -0.67472 -0.0038279332 127.00488 0.6741919 0.73780465 -0.03577397 117.72754 0.026953656 0.023822075 0.99935263 10.390625
0.7460638 -0.66579753 -0.004594647 127.67041 0.6653251 0.74576294 -0.03315036 118.33276 0.025500728 0.021678409 0.99943984 10.422119
0.755728 -0.6549005 -0.0035410125 128.35498 0.6545069 0.7554414 -0.031003486 118.92969 0.022975368 0.021113046 0.9995132 10.45874
0.7640475 -0.6452836 -0.0018166862 129.01758 0.64501214 0.76380193 -0.026991507 119.49487 0.01880245 0.019452248 0.999634 10.488159
0.77465105 -0.6324643 -0.0023262277 129.70337 0.6322243 0.77444905 -0.024933117 120.06079 0.017569304 0.017841483 0.99968636 10.5217285
0.78354967 -0.6211891 -0.0045324164 130.36572 0.6209369 0.78340447 -0.023695864 120.59863 0.01827177 0.015752323 0.999709 10.550781
0.79383373 -0.60809857 -0.0061090486 131.04077 0.60779905 0.7936935 -0.024984078 121.12256 0.02004145 0.01612268 0.9996693 10.577026
0.8038901 -0.5947761 -0.0063333083 131.72998 0.59450704 0.8037751 -0.023344712 121.64014 0.018976238 0.015000502 0.99970734 10.599731
0.8126685 -0.58261406 -0.0057217795 132.41553 0.5823876 0.8125644 -0.021576105 122.137695 0.017224742 0.014202336 0.9997508 10.619385
0.82329625 -0.5676771 -0.0031684956 133.12769 0.5675161 0.82317346 -0.019874612 122.63208 0.013888034 0.014564732 0.99979746 10.6484375
0.83176756 -0.5550158 -0.001295135 133.82397 0.5549021 0.8316401 -0.018430993 123.107666 0.01130828 0.0146102365 0.99982923 10.673828
0.84044445 -0.54204804 0.0011453435 134.5376 0.54198706 0.8403138 -0.016934631 123.57202 0.008214539 0.014852677 0.99985594 10.685669
0.84955204 -0.5275575 0.003302381 135.27051 0.52753496 0.8494127 -0.016472775 124.02051 0.0058829277 0.015736012 0.9998589 10.696411
0.8555176 -0.5177544 0.0051856134 135.98389 0.51776487 0.8553717 -0.01629665 124.46924 0.004000386 0.016628053 0.99985373 10.71521
0.8623854 -0.50619763 0.0049937796 136.72485 0.50620586 0.8622359 -0.01656372 124.895996 0.004079366 0.01681161 0.9998503 10.728516
0.8684616 -0.49578202 0.005147685 137.4751 0.49580047 0.8683403 -0.014794798 125.329834 0.002864074 0.015400809 0.99987733 10.739258
0.8750131 -0.48409894 0.005000846 138.21509 0.4841212 0.87492037 -0.012876071 125.75049 0.0018572016 0.013688031 0.99990463 10.749023
0.88151556 -0.47214815 0.0045834975 138.95972 0.47216824 0.8814406 -0.011574708 126.161865 0.0014253464 0.012367355 0.99992245 10.761719
0.88691753 -0.4618615 0.005218965 139.72705 0.4618898 0.88683295 -0.012289653 126.56128 0.0010485705 0.013310956 0.99991083 10.772705
0.8920244 -0.45196766 0.0049811937 140.49243 0.45199296 0.891932 -0.012909142 126.95972 0.0013913866 0.0137666445 0.9999042 10.780273
0.895959 -0.44410506 0.004044671 141.27808 0.44411808 0.89586586 -0.013104671 127.34546 0.0021968652 0.0135378335 0.99990594 10.78833
0.8993809 -0.43713287 0.004698988 142.06079 0.43715632 0.89929414 -0.012553772 127.73291 0.0012627663 0.013344337 0.9999101 10.795044
0.90235627 -0.4308764 0.008066246 142.85986 0.4309438 0.90229625 -0.010732377 128.12036 -0.0026538607 0.013161294 0.9999099 10.80188
0.90563595 -0.42386115 0.011739545 143.6687 0.42395106 0.90564615 -0.00655969 128.50708 -0.007851228 0.0109185185 0.9999096 10.801636
0.90871555 -0.4172912 0.0131499795 144.48682 0.4173695 0.90876675 -0.0037783235 128.90063 -0.010373729 0.008920247 0.9999064 10.800415
0.9113298 -0.411497 0.014500002 145.33594 0.41155297 0.9114192 -0.00097459834 129.27954 -0.01281422 0.006853967 0.9998944 10.801025
0.9140952 -0.40519175 0.016575433 146.16797 0.4052316 0.9142273 0.0010298556 129.65698 -0.015570613 0.0057763653 0.99986196 10.791016
0.9174537 -0.3973553 0.018740524 147.04443 0.39737344 0.9176326 0.00290763 130.03662 -0.0183523 0.0047809836 0.99982005 10.778931
0.9206821 -0.3897713 0.021668104 147.9353 0.38980788 0.92091745 0.0026830528 130.41919 -0.021000598 0.00597327 0.99976164 10.769531
0.9240191 -0.38171938 0.022817573 148.82764 0.38176742 0.9242781 0.002380838 130.79468 -0.02199815 0.0065111346 0.9997367 10.757568
0.9275445 -0.37292543 0.022626003 149.72827 0.37297317 0.9277987 0.0022330906 131.16284 -0.021825133 0.0063714394 0.99974144 10.734375
0.93134016 -0.36341253 0.023202695 150.6709 0.36351466 0.93158937 -0.00019821012 131.5166 -0.021543475 0.008618481 0.9997309 10.725708
0.93500334 -0.35387656 0.023016397 151.59839 0.35401434 0.935232 -0.0020828156 131.88794 -0.02078846 0.0100940615 0.9997331 10.702759
0.9389817 -0.3433025 0.02103782 152.55469 0.34343085 0.9391666 -0.0027132502 132.23926 -0.0188261 0.009774789 0.99977493 10.699097
0.9440466 -0.329224 0.019469831 153.53516 0.32930225 0.9442198 -0.0008616869 132.59741 -0.018098984 0.0072267037 0.99981004 10.674194
0.9494669 -0.31326076 0.020163864 154.50928 0.3132715 0.94967353 0.0027063391 132.94336 -0.019996475 0.003746611 0.99979305 10.664307
0.9552645 -0.29493046 0.022398343 155.53418 0.29484648 0.9555271 0.0070381137 133.2622 -0.023477927 -0.000119258184 0.9997243 10.640869
0.9612462 -0.2747531 0.023186952 156.56372 0.2746048 0.96152216 0.009417539 133.5747 -0.024881823 -0.002686737 0.99968684 10.623291
0.9670111 -0.2536597 0.02401022 157.59131 0.25344905 0.967296 0.011496579 133.86157 -0.02613981 -0.0050337063 0.99964565 10.604126
0.97236556 -0.23204501 0.025239656 158.65771 0.23177199 0.9726674 0.0132925045 134.13037 -0.027634772 -0.0070730606 0.99959296 10.580444
0.9773423 -0.20971747 0.028653305 159.74878 0.209392 0.9777325 0.013957592 134.37354 -0.030942185 -0.007641674 0.999492 10.559937
0.9815098 -0.1886794 0.032290615 160.83936 0.18824041 0.98199195 0.016163807 134.5918 -0.03475851 -0.00978788 0.9993479 10.527466
0.98560715 -0.1650284 0.036656477 161.97314 0.16445711 0.9862179 0.018109195 134.79224 -0.039139695 -0.01181948 0.9991636 10.498047
0.9889244 -0.14277458 0.04057497 163.08984 0.14208266 0.98966444 0.019468253 134.969 -0.042935148 -0.013488273 0.99898684 10.458252
0.9918553 -0.12056609 0.04106023 164.23999 0.119770296 0.99257225 0.021329412 135.12524 -0.043326788 -0.016237702 0.99892896 10.417969
0.9942124 -0.09997384 0.03935671 165.40259 0.09920867 0.9948471 0.020947838 135.2605 -0.04124751 -0.016922725 0.99900585 10.376099
0.9962193 -0.0781094 0.038058154 166.56519 0.0773358 0.9967764 0.021397946 135.35742 -0.03960655 -0.018374735 0.9990467 10.329468
0.9976007 -0.055926897 0.04079424 167.76367 0.05516402 0.9982847 0.019594401 135.43091 -0.041820135 -0.017296622 0.9989753 10.292969
0.99838895 -0.036719993 0.04324854 168.95825 0.035860617 0.99914664 0.020483468 135.49341 -0.04396393 -0.018899193 0.99885434 10.254639
0.9988737 -0.016966555 0.04431132 170.16772 0.01605949 0.99965584 0.020744076 135.531 -0.044648036 -0.020009127 0.9988023 10.207153
0.9989407 0.0020331617 0.045976557 171.39844 -0.0030170802 0.9997677 0.0213445 135.5398 -0.045922495 -0.021460563 0.99871457 10.158203
0.99857485 0.025989378 0.04661367 172.63184 -0.027065953 0.9993779 0.022615794 135.51855 -0.045997016 -0.023845045 0.99865687 10.108887
0.9979275 0.044573303 0.046410095 173.87451 -0.04572567 0.9986637 0.024073591 135.48657 -0.04527498 -0.026145967 0.9986325 10.060791
0.99685085 0.06413262 0.046644382 175.13232 -0.06540534 0.99751294 0.026286876 135.42822 -0.044842802 -0.029255059 0.9985654 10.010864
0.9953681 0.08497174 0.044980142 176.41064 -0.08621048 0.9959288 0.026354311 135.32788 -0.042557854 -0.030109672 0.99864024 9.966064
0.9937004 0.10360692 0.04267465 177.68481 -0.10486533 0.99407953 0.028382983 135.21777 -0.039481293 -0.032680638 0.9986857 9.917603
0.9915791 0.122601315 0.041733254 178.98608 -0.123862624 0.9918725 0.029119764 135.07397 -0.037824735 -0.034042154 0.9987051 9.868408
0.98896956 0.14263195 0.039797634 180.29834 -0.1438134 0.98918635 0.028577166 134.9021 -0.035290193 -0.033987843 0.9987989 9.836426
0.98606575 0.16264836 0.035010554 181.6355 -0.16371556 0.98605067 0.030123118 134.70435 -0.029623283 -0.03543544 0.9989327 9.793823
0.98332065 0.1794793 0.02942743 182.92896 -0.1803967 0.98306566 0.032209143 134.49487 -0.023148283 -0.036981247 0.99904776 9.770142
0.9801915 0.19649208 0.02501687 184.24292 -0.19727838 0.9797544 0.03423544 134.25732 -0.017782537 -0.0384912 0.9991003 9.74231
0.97666985 0.21363989 0.021934193 185.5769 -0.2143329 0.9760765 0.036638055 133.97144 -0.013581043 -0.040482875 0.9990877 9.734009
0.97216094 0.23339942 0.020888712 186.91724 -0.23407008 0.9714236 0.039445687 133.67383 -0.011085901 -0.043237135 0.99900323 9.720459
0.96850544 0.24813908 0.020649197 188.23853 -0.2487784 0.96779513 0.038532272 133.35791 -0.010425028 -0.04245568 0.99904424 9.712769
0.96359074 0.26664782 0.020624675 189.60889 -0.26725948 0.962924 0.03719554 132.99585 -0.0099447705 -0.041352607 0.99909514 9.707275
0.9582625 0.28538564 0.016989341 190.95337 -0.2858355 0.9575535 0.037276123 132.60742 -0.005628594 -0.040576644 0.99916035 9.71167
0.9540737 0.29919258 0.01370463 192.25952 -0.29950318 0.95327294 0.039112423 132.23389 -0.0013611817 -0.041422773 0.999141 9.711426
0.9477325 0.31870443 0.013875777 193.62134 -0.31900615 0.94687676 0.040261723 131.79468 -0.00030240114 -0.042584177 0.99909246 9.712769
0.94272316 0.3331896 0.014986669 194.98901 -0.3335263 0.9417472 0.04288902 131.33081 0.00017741066 -0.045431864 0.9989676 9.728516
0.9360267 0.3516926 0.013486997 196.3274 -0.3519328 0.9348997 0.04606548 130.86377 0.003589172 -0.04786506 0.99884754 9.733276
0.930144 0.36695874 0.011522164 197.64526 -0.36707646 0.9289452 0.047687765 130.36108 0.006802286 -0.048585664 0.99879533 9.747192
0.9223686 0.38617375 0.0095489705 199.03003 -0.38616446 0.9211474 0.048477273 129.79639 0.009925038 -0.04840299 0.9987787 9.762817
0.91527647 0.40277398 0.0053667463 200.36328 -0.40253544 0.9140806 0.04908015 129.23853 0.0148628075 -0.047082156 0.99878055 9.791748
0.90695584 0.42125618 0.0011608405 201.68018 -0.42073438 0.9056878 0.052341536 128.6626 0.020995004 -0.047960702 0.99862874 9.8272705
0.8960444 0.44394895 -0.00013362989 203.03784 -0.44325072 0.8946517 0.05580386 128.03516 0.024891818 -0.049944654 0.9984422 9.868408
0.885251 0.46505758 -1.261849e-05 204.37036 -0.46427685 0.8837668 0.057893828 127.37109 0.0269368 -0.05124497 0.99832296 9.915527
0.87208605 0.4892808 0.0012906827 205.67017 -0.4883933 0.8703393 0.0625641 126.66992 0.029488698 -0.05519324 0.9980407 9.968384
0.85760057 0.5141582 0.0010696751 206.9956 -0.5130939 0.8556895 0.06611092 125.938965 0.033079527 -0.05724402 0.9978125 10.027832
0.84220654 0.53916115 0.0010999996 208.24365 -0.5379288 0.8401392 0.06934664 125.18945 0.036455695 -0.05900255 0.9975932 10.086426
0.8273348 0.561717 0.001836363 209.51343 -0.56040686 0.82517356 0.07104408 124.36206 0.03838068 -0.059806965 0.99747264 10.156494
0.8110183 0.5850719 0.0010811095 210.7522 -0.5836022 0.80884916 0.07233095 123.51416 0.04143934 -0.0592823 0.9973799 10.223633
0.7950112 0.6066691 -0.0017867925 211.98584 -0.6048975 0.7929083 0.07408413 122.62744 0.0463548 -0.05781281 0.9972503 10.300415
0.777513 0.6288268 -0.0049119433 213.18677 -0.6266719 0.7754505 0.07701106 121.69849 0.052245155 -0.05679568 0.9970172 10.386841
0.76103246 0.6486301 -0.0065687853 214.3667 -0.646245 0.7590312 0.07857144 120.748535 0.055952914 -0.055543635 0.9968866 10.4765625
0.7450127 0.66709507 -0.008258307 215.54126 -0.6644709 0.7430763 0.08027804 119.747314 0.059676163 -0.054319 0.9967387 10.577637
0.7290743 0.6844442 -0.008789461 216.67236 -0.68175995 0.7272439 0.080072284 118.70776 0.061181936 -0.0523845 0.9967511 10.681763
0.7120612 0.7020284 -0.010125758 217.81372 -0.69919384 0.7103498 0.08069331 117.657715 0.063831426 -0.050384585 0.99668896 10.790894
0.6983511 0.71565723 -0.011252086 218.88477 -0.71271384 0.6967519 0.08100833 116.59766 0.06581369 -0.048557427 0.9966503 10.89917
0.6815301 0.7317041 -0.013684301 219.9336 -0.7285336 0.68011403 0.08212559 115.499756 0.06939409 -0.04599423 0.9965277 11.013916
0.6671781 0.7446839 -0.016851053 221.00024 -0.74115866 0.66593724 0.08470082 114.35791 0.07430732 -0.044012047 0.9962626 11.135498
0.6518321 0.7581471 -0.017458547 222.00781 -0.75442225 0.6506265 0.08666514 113.21704 0.07705559 -0.04331349 0.9960848 11.256592
0.6360399 0.771426 -0.016393604 222.99927 -0.7676874 0.6348078 0.087100536 112.07324 0.07761615 -0.042813793 0.9960636 11.394897
0.62056166 0.78392196 -0.014782115 223.99463 -0.78017336 0.61925036 0.08779812 110.851074 0.07798636 -0.042948242 0.99602866 11.524292
0.60294753 0.7977236 -0.009986252 224.97388 -0.7940867 0.601308 0.08867645 109.65381 0.07674415 -0.04554225 0.9960106 11.660278
0.5851753 0.81085885 -0.0046459734 225.88696 -0.8073955 0.5831876 0.08917119 108.4397 0.07500337 -0.048429847 0.9960066 11.791748
0.5689396 0.822282 -0.0013740993 226.78638 -0.81885207 0.5667169 0.090322316 107.21338 0.07505109 -0.050273724 0.9959127 11.928345
0.5511729 0.83432657 0.0013060137 227.64209 -0.83073395 0.5486524 0.09357138 105.99634 0.07736437 -0.052663673 0.99561137 12.063965
0.53234345 0.84668875 0.0041223024 228.45703 -0.8429015 0.52948815 0.097195335 104.73999 0.08009508 -0.055220082 0.99525696 12.200317
0.5125197 0.85850376 0.007311043 229.2456 -0.8548907 0.5095412 0.096384324 103.50293 0.079038106 -0.055661194 0.9953174 12.34082
0.4923205 0.87048066 0.011343936 230.01172 -0.86714315 0.48919582 0.09485459 102.23462 0.07699567 -0.056547523 0.9954279 12.480957
0.4726765 0.8811733 0.014267007 230.72485 -0.87807494 0.46951163 0.092904456 100.968994 0.07517232 -0.056412287 0.99557084 12.615601
0.45293787 0.8914949 0.017874707 231.39404 -0.8886514 0.44966194 0.091306634 99.69531 0.07335172 -0.057235867 0.99566215 12.744995
0.42941052 0.90296054 0.019167153 232.04639 -0.90020216 0.4261885 0.08998743 98.417725 0.0730799 -0.055894528 0.99575853 12.872925
0.40757114 0.9129515 0.02213655 232.64307 -0.9103803 0.40427145 0.08862279 97.13916 0.07198832 -0.056280587 0.99581677 12.998901
0.3868293 0.92182666 0.021611134 233.2124 -0.9192404 0.3836944 0.08742305 95.86182 0.072311714 -0.053681508 0.99593604 13.117798
0.36409256 0.93131083 0.021038763 233.74634 -0.92861986 0.36106476 0.08740207 94.57324 0.07380441 -0.05134682 0.99594927 13.244263
0.34320745 0.9390015 0.020514349 234.23657 -0.93625915 0.34030625 0.086852476 93.298584 0.0746027 -0.049011663 0.99600786 13.366089
0.32087815 0.94687194 0.020069307 234.70264 -0.94417745 0.31816223 0.08505239 92.007324 0.07415337 -0.04624306 0.9961743 13.489014
0.30105212 0.9533106 0.020282494 235.12305 -0.9506703 0.29843798 0.083706796 90.734375 0.07374548 -0.044483896 0.9962845 13.607666
0.28208557 0.9591931 0.021400282 235.53125 -0.9561255 0.27919182 0.08918809 89.473145 0.079597816 -0.045617506 0.99578285 13.730103
0.26274508 0.9646644 0.023383757 235.90308 -0.96096027 0.25938204 0.09712228 88.2146 0.08762095 -0.04797474 0.994997 13.855347
0.24323139 0.9696163 0.02585258 236.24731 -0.9651989 0.23931223 0.105378434 86.97241 0.09600909 -0.050584365 0.99409467 13.988037
0.22421432 0.9741886 0.030153729 236.56812 -0.96954405 0.21977024 0.10911208 85.71973 0.09964483 -0.05366207 0.9935717 14.139282
0.20323096 0.9785328 0.034101076 236.8623 -0.97394 0.19845143 0.10977573 84.463135 0.10065067 -0.055526316 0.9933714 14.280762
0.18455827 0.9819976 0.039518714 237.12207 -0.97768646 0.17935388 0.10911653 83.22974 0.10009173 -0.058800995 0.9932417 14.424316
0.16559245 0.9852459 0.043197583 237.36548 -0.98103726 0.16009098 0.10925807 81.98242 0.100756146 -0.060508415 0.9930733 14.569092
0.14698543 0.9881031 0.044294782 237.56958 -0.9840924 0.14159654 0.10691347 80.7561 0.09936401 -0.05931934 0.9932823 14.709839
