1 0 0 0 0 1 0 0 0 0 1 0
0.9998777 0.00065094742 0.015625888 0.0094525669 -0.00064241122 0.99999964 -0.00055130158 -0.00439713 -0.015626243 0.00054119593 0.99987776 0.092992836
0.99929726 0.002985541 0.03736403 0.033085424 -0.0029636097 0.9999954 -0.00064233933 0.0010338997 -0.037365779 0.00053115557 0.99930151 0.24595072
0.99795804 0.0052401125 0.063657561 0.05126421 -0.0053135837 0.9999854 0.00098491374 -0.0011377775 -0.063651476 -0.0013211523 0.99797131 0.39884581
0.99521974 0.004990994 0.097533404 0.11117041 -0.0053438006 0.99998009 0.003356397 0.00029911593 -0.097514718 -0.0038615516 0.99522659 0.5891542
0.99083275 0.0016646031 0.135084 0.18325845 -0.0024100257 0.99998276 0.0053548745 -0.0027033312 -0.13507277 -0.0056313409 0.99081968 0.77944946
0.9846653 -0.0016902604 0.17444593 0.25281474 0.00066717728 0.99998223 0.0059232339 -0.0084368074 -0.17445286 -0.0057160165 0.98464894 0.950697
0.97596643 -0.0020135477 0.2179116 0.33581373 0.00041208042 0.99997258 0.0073943556 -0.0094027387 -0.21792053 -0.0071268457 0.9759405 1.1700563
0.964342 -0.0019903427 0.26465173 0.4374175 -0.00063008924 0.99995162 0.0098161757 0.0046714175 -0.26465848 -0.0096329047 0.96429409 1.3825196
0.94983517 -0.0058881301 0.3126955 0.56920758 0.00046400712 0.99984819 0.017417922 0.010329428 -0.31275061 -0.016399062 0.9496937 1.6223769
0.93273774 -0.015480524 0.36022305 0.70554465 0.0068486771 0.9996583 0.025226632 -0.0023512779 -0.36049051 -0.021062781 0.93252505 1.8365706
0.91156481 -0.021193559 0.41060982 0.86910089 0.0096496806 0.99949831 0.030166395 -0.0050618288 -0.41104319 -0.023536371 0.91131199 2.0489524
0.88645641 -0.023263566 0.46222702 1.037818 0.0084596828 0.9993835 0.034074348 -0.0018671252 -0.46273479 -0.02629513 0.88610671 2.303367
0.85767937 -0.025161225 0.51356887 1.2316301 0.0063351998 0.9992433 0.038375798 0.0205916 -0.51414588 -0.029660569 0.85718976 2.525094
0.82593678 -0.030380312 0.56294356 1.4613589 0.0074009362 0.99904521 0.043056892 0.01858416 -0.56371419 -0.031395961 0.82537302 2.7463427
0.79048846 -0.03628566 0.6114011 1.683075 0.0098710143 0.99886864 0.046518864 0.02710103 -0.61239741 -0.030737477 0.78995231 2.949726
0.75232028 -0.040665043 0.65754126 1.9420702 0.010705424 0.99871595 0.049516161 0.033416805 -0.65871058 -0.030212754 0.7517896 3.1690729
0.71261483 -0.043948829 0.70017752 2.2506049 0.011799001 0.99864552 0.050674518 0.042264269 -0.70145629 -0.027850018 0.71216816 3.4048446
0.6710849 -0.045875904 0.73995974 2.538392 0.011402692 0.99860428 0.051569968 0.064212065 -0.74129285 -0.026170294 0.67067136 3.5964527
0.62832515 -0.046289803 0.77657241 2.867707 0.0067197281 0.99851387 0.054082317 0.083058955 -0.77792185 -0.028762925 0.62770243 3.7990073
0.58664715 -0.047152486 0.80846874 3.2229587 0.0040202873 0.99846079 0.055316199 0.10335823 -0.80983271 -0.029200814 0.58593374 4.0172032
0.54654527 -0.048144962 0.83604442 3.5944369 0.0020106727 0.99841857 0.056181106 0.12352361 -0.83742718 -0.029024506 0.54577775 4.2182346
0.50786107 -0.050658709 0.85994812 4.0140927 0.00071111107 0.99829368 0.058388549 0.13568483 -0.86143873 -0.029041752 0.50703052 4.4288276
0.47058566 -0.050689995 0.88089704 4.4290167 -0.0020015039 0.99828457 0.058514124 0.15904896 -0.88235208 -0.029299026 0.46967694 4.6171112
0.43417684 -0.049889587 0.89944507 4.8849122 -0.0032990168 0.99837049 0.056969179 0.18285311 -0.90082166 -0.027701982 0.43330476 4.7909226
0.39998353 -0.04875812 0.91522443 5.3703524 -0.0017956261 0.99854032 0.053981481 0.20091947 -0.91652061 -0.023235104 0.39931213 4.9869535
0.37031991 -0.046951805 0.92771689 5.8952011 3.6069999e-05 0.99872249 0.050531004 0.22491758 -0.92890432 -0.018679174 0.36984852 5.1614878
0.34510509 -0.045037984 0.93748279 6.4417895 0.00083344164 0.99886232 0.047679936 0.24813546 -0.93856372 -0.015673251 0.34475001 5.3631934
0.32325376 -0.044635557 0.94525901 7.0037448 0.0019437677 0.99891619 0.046504555 0.27006577 -0.94631036 -0.013195408 0.32299017 5.5030879
0.30962624 -0.04519983 0.94978339 7.592455 0.0030767771 0.99891193 0.046534819 0.29961606 -0.95085341 -0.011486129 0.30942841 5.6959647
0.29630821 -0.046650474 0.95395236 8.1956024 0.0042955883 0.99886141 0.047512373 0.31835528 -0.95508276 -0.0099805186 0.29617122 5.8696416
0.28557838 -0.048385161 0.95713311 8.8430551 0.0029317235 0.99876412 0.049614964 0.34562313 -0.95835091 -0.011362911 0.28536729 6.0807839
0.27495487 -0.050185088 0.96014645 9.5123664 0.0010914421 0.99865246 0.051885172 0.37225976 -0.96145656 -0.013218136 0.27463913 6.2436772
0.26509891 -0.051722552 0.96283294 10.180652 0.00057772487 0.99856858 0.053483173 0.40393911 -0.96422109 -0.013622077 0.26474932 6.4393233
0.25506586 -0.053824446 0.96542439 10.907057 -0.00041299183 0.99844331 0.055774433 0.43050178 -0.96692364 -0.014624865 0.25464657 6.6216408
0.24486853 -0.05545895 0.96796882 11.63271 -0.00068139088 0.99835263 0.057372136 0.46305417 -0.96955609 -0.014708195 0.24442735 6.8119711
0.23441718 -0.056762833 0.97047745 12.396229 -0.0015257147 0.99827115 0.058757008 0.49243801 -0.97213494 -0.015254323 0.2339253 6.9946474
0.22419871 -0.059696518 0.97271331 13.142775 -0.0024952474 0.99808366 0.061828649 0.52878741 -0.9745403 -0.016289063 0.22362011 7.1843726
0.21275397 -0.063018258 0.97507147 13.922771 -0.0047481845 0.99783958 0.065525768 0.56854525 -0.97709431 -0.018570686 0.21199511 7.3359606
0.19918263 -0.066893676 0.97767655 14.711492 -0.0043899001 0.99759655 0.069150979 0.60952334 -0.9799526 -0.018065576 0.19841025 7.5064544
0.18644864 -0.069388307 0.98001127 15.461284 -0.005681264 0.99740999 0.071701067 0.64808349 -0.98244832 -0.018936269 0.18557152 7.6673999
0.17161399 -0.070163831 0.9826625 16.291693 -0.005844333 0.99737054 0.072234675 0.6865211 -0.98514698 -0.018139487 0.17075267 7.789747
0.15807048 -0.069451074 0.98498233 17.09821 -0.0076677128 0.99740699 0.071557654 0.72770912 -0.9873981 -0.018863714 0.15712807 7.8978747
0.14191098 -0.068377504 0.98751492 17.887273 -0.0087410593 0.9974859 0.07032405 0.76535365 -0.98984087 -0.018611681 0.14095651 8.0405851
0.12104968 -0.066888247 0.99039025 18.731216 -0.01120312 0.99757153 0.068742543 0.80202263 -0.99258327 -0.019416723 0.12000636 8.1355942
0.096427148 -0.065296598 0.99319589 19.552047 -0.016057222 0.99761394 0.067146017 0.83991499 -0.99521056 -0.022422666 0.095148584 8.2169888
0.065712823 -0.064883106 0.99572683 20.369829 -0.019594115 0.99760741 0.066298757 0.88202497 -0.99764622 -0.023867064 0.06428427 8.2601008
0.033346146 -0.064672381 0.9973492 21.228286 -0.022833302 0.99759446 0.06545171 0.91834082 -0.99918305 -0.024955338 0.031789245 8.2886094
-0.0014466022 -0.064114016 0.99794149 22.051117 -0.023729927 0.99766376 0.064061774 0.9539977 -0.9997174 -0.023588407 -0.002964645 8.2683933
-0.034562444 -0.063176795 0.99740365 22.90221 -0.025143217 0.99773904 0.062326766 0.98852154 -0.99908625 -0.022923771 -0.036072769 8.2502039
-0.06634724 -0.061153605 0.99592078 23.717745 -0.027569315 0.99785137 0.059435511 1.0183597 -0.99741569 -0.023513471 -0.067890649 8.1925848
-0.099466663 -0.057848777 0.99335785 24.603191 -0.029815886 0.99803361 0.055135555 1.0622626 -0.99459413 -0.024133695 -0.10099589 8.0923123
-0.13272639 -0.053357059 0.98971544 25.442295 -0.026839155 0.99837725 0.05022475 1.076234 -0.99078931 -0.019896975 -0.13394307 7.9647352
-0.16344717 -0.04802663 0.98538235 26.267715 -0.022895122 0.99873001 0.044879527 1.1004104 -0.98628643 -0.015225018 -0.16433917 7.8290779
-0.19483415 -0.041831992 0.9799437 27.070439 -0.016483421 0.99908866 0.039371992 1.1115607 -0.98069773 -0.0084818146 -0.19534613 7.6201462
-0.22328834 -0.036180299 0.97408071 27.896094 -0.010588297 0.99934198 0.034691426 1.1292644 -0.97469497 -0.0025676637 -0.2235245 7.4403254
-0.25149182 -0.029457 0.96741101 28.705741 -0.001680041 0.99954852 0.029998816 1.1411599 -0.96785801 0.0059191675 -0.25142776 7.2216177
-0.27855113 -0.019106794 0.96023129 29.529599 0.0046674053 0.99976335 0.021247365 1.1397208 -0.9604101 0.010400267 -0.27839603 6.9800255
-0.3039313 -0.0040492962 0.95268531 30.297459 0.0088184172 0.99993617 0.0070634357 1.1331765 -0.95265318 0.010547977 -0.30387619 6.6714033
-0.32811018 0.012931842 0.9445509 31.073363 0.0092030505 0.9999026 -0.010492782 1.1099536 -0.94459467 0.0052499618 -0.32819724 6.4089994
-0.35463136 0.027611771 0.93459837 31.82823 0.0082246064 0.99961731 -0.02641188 1.0803929 -0.93497007 -0.0016797762 -0.35472274 6.1063291
-0.37906218 0.038476719 0.92457089 32.62588 0.01277017 0.99925755 -0.036349254 1.0459963 -0.92528312 -0.0019716992 -0.3792721 5.7874289
-0.40271313 0.043384543 0.91429746 33.387492 0.016127878 0.99905734 -0.040302788 0.99637975 -0.91518419 -0.0014847833 -0.40303321 5.4634833
-0.42516954 0.042570984 0.904112 34.09904 0.018169438 0.99909344 -0.038498879 0.94581106 -0.90493138 5.8657022e-05 -0.4255576 5.0858311
-0.44489885 0.039339532 0.89471635 34.856763 0.02263183 0.99920959 -0.032680258 0.90571117 -0.89529486 0.0057096603 -0.44543753 4.6951544
-0.46408373 0.037808789 0.88498402 35.555583 0.029800823 0.99918949 -0.027060451 0.87161359 -0.88528993 0.013814938 -0.46483432 4.3142624
-0.47700762 0.038814949 0.87804161 36.270719 0.033968851 0.99909209 -0.025712116 0.82918782 -0.87824252 0.017561191 -0.47789304 3.9175382
-0.48828127 0.042134821 0.87166851 36.979468 0.036216382 0.99895163 -0.028000171 0.77661739 -0.87193454 0.017896722 -0.48929534 3.5118952
-0.49805249 0.044553007 0.86600155 37.691163 0.037749772 0.99884645 -0.029676904 0.73539002 -0.86632484 0.017910706 -0.49915983 3.118077
-0.50898969 0.043944554 0.85965011 38.360484 0.031597121 0.99897675 -0.032358489 0.68253067 -0.86019252 0.010692332 -0.50985739 2.7146362
-0.5200191 0.04269759 0.85308674 39.058209 0.029815427 0.99904854 -0.031828385 0.65637555 -0.85363414 0.0088837782 -0.52079737 2.3021043
-0.52886142 0.044002512 0.8475667 39.713229 0.032274864 0.99897542 -0.031724343 0.61786756 -0.84809433 0.01057732 -0.52973974 1.8728493
-0.53615613 0.047389511 0.8427875 40.404802 0.036248663 0.99879444 -0.033101388 0.56945039 -0.8433402 0.012802409 -0.53722757 1.4369068
-0.53977181 0.050612156 0.84028849 41.123935 0.03678066 0.99865568 -0.036524305 0.52702636 -0.84100751 0.011191576 -0.54090773 0.994035
-0.53906684 0.052031267 0.84065429 41.801055 0.035930399 0.99860209 -0.038766999 0.48305619 -0.84149629 0.0093070412 -0.54018277 0.53202096
-0.53580967 0.053018621 0.84267251 42.518388 0.038892504 0.998517 -0.038094293 0.44687591 -0.8434426 0.012362354 -0.53707709 0.078120919
-0.53012678 0.051929638 0.84632668 43.282519 0.036985481 0.99858904 -0.038105112 0.39966763 -0.8471114 0.01110126 -0.53129944 -0.38115024
-0.52331415 0.05048563 0.85064296 44.041698 0.034520017 0.99867998 -0.038034963 0.35370942 -0.85144038 0.009459976 -0.52436613 -0.82638747
-0.51551828 0.049838117 0.85542797 44.816664 0.032854822 0.99872269 -0.038386863 0.30584304 -0.85624852 0.0083158045 -0.51649722 -1.298159
-0.50963323 0.048447398 0.85902663 45.625806 0.029819091 0.99880817 -0.038640079 0.25388818 -0.8598749 0.0059231258 -0.5104705 -1.7646
-0.50541207 0.046312263 0.86163435 46.424511 0.025784839 0.99892329 -0.03856674 0.20967394 -0.86249281 0.0027250079 -0.50606205 -2.2211094
-0.50384178 0.043277831 0.86271109 47.278893 0.020770525 0.99906233 -0.037987446 0.16364193 -0.86354624 -0.0012206994 -0.50426825 -2.6901298
-0.50489489 0.040940584 0.86220935 48.108785 0.018033012 0.99915685 -0.036883488 0.10787393 -0.86299248 -0.0030740524 -0.50520747 -3.1679526
-0.5062419 0.039537832 0.86148467 48.951638 0.016558065 0.99920997 -0.036128569 0.064451367 -0.86223259 -0.0040252756 -0.50649662 -3.6407262
-0.50660051 0.038972159 0.86129962 49.807355 0.016736853 0.99923416 -0.035369125 0.012821036 -0.86201848 -0.0035025713 -0.50686481 -4.1617903
-0.50663194 0.038369613 0.86130818 50.681524 0.016529009 0.99925786 -0.034792439 -0.03235606 -0.86200402 -0.0033903895 -0.50689016 -4.6634439
-0.50650694 0.037566326 0.86141711 51.553939 0.016739061 0.99929057 -0.03373653 -0.079304376 -0.86207343 -0.0026684723 -0.50677643 -5.1771162
-0.50679942 0.037120897 0.86126438 52.465226 0.016361474 0.9993067 -0.033442895 -0.14231899 -0.86190876 -0.0028572845 -0.50705541 -5.6902658
-0.50702611 0.035797409 0.86118698 53.360738 0.014606666 0.99935056 -0.032940812 -0.18804177 -0.86180696 -0.0041227809 -0.50721971 -6.2110331
-0.50702125 0.034848304 0.86122876 54.245296 0.014104332 0.99938401 -0.032135063 -0.24505 -0.86181818 -0.004146103 -0.50720044 -6.729212
-0.50665679 0.034115629 0.86147255 55.13658 0.012880094 0.99940478 -0.032002801 -0.29472083 -0.86205166 -0.0051185881 -0.50679463 -7.2404922
-0.50531643 0.033122017 0.86229819 56.027929 0.012611857 0.99943984 -0.030999118 -0.35433964 -0.86284199 -0.0047891814 -0.50545111 -7.7492792
-0.50354936 0.031035704 0.8634088 56.917955 0.013166192 0.99951419 -0.02824942 -0.40204789 -0.86386617 -0.0028571709 -0.50371336 -8.2666356
-0.50067087 0.029728455 0.86512706 57.824799 0.013773933 0.99955718 -0.026376568 -0.45123237 -0.86552817 -0.0012897769 -0.50085865 -8.7699363
-0.49803553 0.029214003 0.86666435 58.713206 0.013666931 0.99957265 -0.025840339 -0.50624243 -0.86704895 -0.0010247645 -0.49822196 -9.2862724
-0.49620876 0.02991241 0.86768776 59.606428 0.014450733 0.99955242 -0.026194263 -0.55274102 -0.868083 -0.00045909809 -0.49641893 -9.780174
-0.49518277 0.030141749 0.86826576 60.482627 0.014198833 0.99954528 -0.02660133 -0.60673284 -0.86867283 -0.00084415852 -0.49538558 -10.288794
-0.49596046 0.031403859 0.86777702 61.376379 0.013523309 0.99950397 -0.02844193 -0.65643671 -0.86823983 -0.0023708556 -0.49613913 -10.776773
-0.49902227 0.033232705 0.86595167 62.244171 0.012549184 0.99943676 -0.03112375 -0.70808825 -0.86649833 -0.0046644563 -0.49915824 -11.27325
-0.50313599 0.033995656 0.86353831 63.112837 0.011168232 0.99939832 -0.032837062 -0.76167624 -0.86413512 -0.0068773104 -0.50321293 -11.780087
-0.50924445 0.032042133 0.86002519 63.988252 0.010758372 0.9994656 -0.030866964 -0.80981201 -0.86055471 -0.0064663587 -0.50931704 -12.282454
-0.51408568 0.030234357 0.85720577 64.854067 0.013973007 0.99954115 -0.026874715 -0.8767248 -0.85762505 -0.0018381631 -0.51427225 -12.802917
-0.51960239 0.028303679 0.85393922 65.688009 0.011401045 0.99959186 -0.026194036 -0.919109 -0.85433215 -0.0038746837 -0.51971302 -13.306626
-0.52427008 0.030294965 0.85101295 66.545578 0.012541267 0.99953327 -0.027855995 -0.96917065 -0.85145973 -0.0039312836 -0.52440532 -13.834
-0.52926416 0.032708891 0.84782635 67.380023 0.012812041 0.9994508 -0.030560471 -1.0199947 -0.84836039 -0.0053121759 -0.52939256 -14.337597
-0.53442071 0.033195282 0.84456647 68.219538 0.011706894 0.99942333 -0.031874023 -1.0718888 -0.84513757 -0.0071468872 -0.53450114 -14.855148
-0.53799514 0.033432232 0.84228467 69.039584 0.01034648 0.99939982 -0.033059856 -1.1277675 -0.84288448 -0.0090713599 -0.53801815 -15.372041
-0.5412013 0.032421369 0.84026778 69.864602 0.010251018 0.99943657 -0.031960331 -1.1820205 -0.84083062 -0.0086833719 -0.54122872 -15.902232
-0.54372171 0.025891218 0.83886607 70.691262 0.012110694 0.99966201 -0.023004409 -1.2286043 -0.83917822 -0.0023487457 -0.5438515 -16.441585
-0.54555798 0.018367319 0.83787175 71.507107 0.013240306 0.99982393 -0.013296462 -1.2632432 -0.83796852 0.0038396879 -0.54570512 -16.969788
-0.5479108 0.01523031 0.83639807 72.323536 0.013470051 0.99986525 -0.0093829366 -1.2996604 -0.83642834 0.0061253129 -0.54804213 -17.489832
-0.54872855 0.020691992 0.83574443 73.124698 0.013458832 0.99978274 -0.015916648 -1.3368388 -0.83589227 0.0025142256 -0.54888783 -18.013894
-0.54940302 0.025868263 0.83515693 73.902425 0.013968891 0.99966532 -0.021774414 -1.3765436 -0.83544075 -0.00029671232 -0.5495805 -18.530662
-0.55115334 0.030819429 0.83383458 74.718504 0.020095249 0.99951806 -0.023660582 -1.4147684 -0.834162 0.0037155057 -0.55150704 -19.056001
-0.54980119 0.031869628 0.83468732 75.498014 0.023653439 0.99946517 -0.022580783 -1.4521828 -0.83496061 0.0073282853 -0.55026097 -19.591104
-0.55037751 0.0290271 0.83441115 76.301165 0.023510015 0.99953798 -0.019264249 -1.4951742 -0.83458489 0.0090144103 -0.55080565 -20.100026
-0.5496322 0.023844041 0.83506637 77.113667 0.021194723 0.99966885 -0.014593861 -1.5298444 -0.83513788 0.0096777455 -0.54995556 -20.630602
-0.54807444 0.018255707 0.83623028 77.907697 0.019945503 0.99976275 -0.0087532772 -1.5554344 -0.83619175 0.011881587 -0.54830853 -21.155186
-0.54813178 0.011370605 0.83631466 78.710072 0.0107232 0.99992094 -0.0065668804 -1.5945132 -0.83632328 0.0053684544 -0.54821037 -21.662616
-0.54649753 0.00609109 0.83743853 79.511987 0.0022502574 0.99998062 -0.0058048567 -1.6140956 -0.83745773 -0.0012878868 -0.54650064 -22.158937
-0.54517914 0.0068689238 0.8382914 80.302768 0.0053600613 0.99997455 -0.004707855 -1.6398387 -0.83830247 0.0019266697 -0.54520208 -22.66688
-0.54251222 0.009934535 0.83998913 81.093094 0.010285322 0.99993367 -0.0051833553 -1.6724517 -0.83998498 0.0058275262 -0.54257841 -23.173453
-0.53692739 0.01302569 0.84352786 81.869403 0.011315208 0.99990205 -0.0082379834 -1.7024358 -0.84355261 0.0051214951 -0.53702219 -23.664386
-0.52916229 0.015266313 0.84838326 82.662627 0.01670903 0.99983174 -0.0075696391 -1.7242785 -0.84835614 0.010170095 -0.52932834 -24.156595
-0.52089678 0.01827203 0.85342405 83.472628 0.024788471 0.99967303 -0.006273342 -1.7582982 -0.85325971 0.017887315 -0.5211794 -24.667614
-0.51120003 0.017757781 0.85927826 84.269486 0.022993073 0.99971125 -0.0069809675 -1.7771832 -0.85915418 0.016188778 -0.51146073 -25.133059
-0.50095715 0.014935367 0.86534317 85.082913 0.018956225 0.99980058 -0.0062820524 -1.8046496 -0.8652645 0.013256602 -0.50114037 -25.582964
-0.48852282 0.012040195 0.87246801 85.895882 0.020457193 0.99978799 -0.0023425914 -1.8293772 -0.87231131 0.016703838 -0.48866555 -26.041012
-0.47739721 0.010780064 0.87862144 86.724388 0.0196737 0.99980521 -0.0015772369 -1.8554751 -0.87846737 0.016532768 -0.4775163 -26.478977
-0.46631577 0.0098240931 0.88456375 87.545164 0.019298645 0.99981333 -0.00093039779 -1.87367 -0.88440784 0.016637024 -0.46641831 -26.904891
-0.45331581 0.011894301 0.89127058 88.365176 0.023518869 0.99972244 -0.0013795187 -1.8892271 -0.89103968 0.02033632 -0.45346973 -27.313317
-0.44200743 0.01449404 0.89689424 89.187707 0.022756225 0.99972883 -0.0049411491 -1.9228299 -0.89672273 0.018225904 -0.44221741 -27.707704
-0.43066551 0.024295317 0.90218451 90.027229 0.024738407 0.99957978 -0.015109025 -1.9466371 -0.90217255 0.015811673 -0.43108556 -28.102955
-0.41755778 0.029659472 0.90816614 90.848602 0.025592915 0.9994545 -0.020873682 -1.9735627 -0.90828992 0.014526652 -0.41808908 -28.474811
-0.40713653 0.025365548 0.91301499 91.685922 0.021627627 0.99960175 -0.01812681 -2.0113026 -0.91311125 0.012366262 -0.40752299 -28.835469
-0.39461007 0.022365306 0.9185764 92.52646 0.024086591 0.99961197 -0.013991014 -2.0463953 -0.91853296 0.01660438 -0.39499566 -29.189349
-0.38485124 0.022341977 0.92270813 93.356924 0.020075859 0.9996731 -0.01583215 -2.084855 -0.92276029 0.012431137 -0.38517396 -29.522267
-0.37812344 0.026425811 0.9253779 94.219732 0.014319305 0.99963987 -0.022695407 -2.1303187 -0.92564447 0.0046691046 -0.37836567 -29.862553
-0.37243394 0.030984558 0.92754129 95.062931 0.0064269583 0.99950466 -0.030807891 -2.1605394 -0.92803649 -0.0055126346 -0.3724486 -30.176109
-0.36945241 0.03343591 0.92864788 95.88867 0.0048201215 0.99940796 -0.034065988 -2.206016 -0.92923719 -0.008109565 -0.36939484 -30.499461
-0.3658699 0.032997311 0.93008081 96.739942 0.0034278843 0.99941225 -0.034108601 -2.2535225 -0.93065973 -0.0092911004 -0.36576797 -30.828892
-0.36108988 0.032792719 0.93195422 97.58961 0.0022551953 0.9994093 -0.034292477 -2.3049949 -0.93252833 -0.010280927 -0.36095053 -31.153278
-0.35559144 0.029430626 0.93417798 98.424808 0.0014506914 0.99952028 -0.030936988 -2.3447878 -0.93464041 -0.0096457236 -0.35546356 -31.447335
-0.34999897 0.025197433 0.93641109 99.293461 0.00045543574 0.99964262 -0.026728672 -2.3948239 -0.93675001 -0.008928532 -0.34988537 -31.778161
-0.34402648 0.02283239 0.93868226 100.1352 0.000302419 0.99970695 -0.024205909 -2.4319834 -0.93895994 -0.0080435978 -0.34393257 -32.075129
-0.33854804 0.021053151 0.94071351 100.97508 -0.005461274 0.99968886 -0.024338443 -2.4808128 -0.9409333 -0.013377226 -0.33832773 -32.363309
-0.33237657 0.020605123 0.94292161 101.82326 -0.016940816 0.9994696 -0.02781241 -2.5169827 -0.94299465 -0.025218054 -0.33185121 -32.638496
-0.32555389 0.024318099 0.94521067 102.67374 -0.014006854 0.99943548 -0.030537483 -2.5635579 -0.94541977 -0.023181024 -0.32502949 -32.924932
-0.31884608 0.027872234 0.94739656 103.53037 -0.013236654 0.99933909 -0.033855164 -2.6119519 -0.94771412 -0.023334947 -0.31826641 -33.207305
-0.31199892 0.026018078 0.9497261 104.38196 -0.014630625 0.99937485 -0.032184596 -2.6531015 -0.94996984 -0.023936645 -0.31142322 -33.474323
-0.3048669 0.021605478 0.95214983 105.24327 -0.014149102 0.99952957 -0.027210954 -2.6927338 -0.9522899 -0.021767783 -0.30441779 -33.743023
-0.29789083 0.018926232 0.95441227 106.1013 -0.013612984 0.99961755 -0.024071542 -2.7355418 -0.95450292 -0.02016309 -0.29751926 -33.998549
-0.29157832 0.021865314 0.95629698 106.95195 -0.016416379 0.99947708 -0.027858018 -2.7772767 -0.95640612 -0.023821727 -0.2910669 -34.248744
-0.28538843 0.024357014 0.95810234 107.81589 -0.017359157 0.99938166 -0.030577165 -2.8253806 -0.95825476 -0.025358218 -0.28478915 -34.497704
-0.2784216 0.025286963 0.96012598 108.66356 -0.018601375 0.9993239 -0.031713431 -2.8610745 -0.96027885 -0.026689367 -0.27776299 -34.731349
-0.27115536 0.024257977 0.96222983 109.53623 -0.019151556 0.9993485 -0.030590632 -2.9110527 -0.96234509 -0.026723012 -0.27051413 -34.969486
-0.2638164 0.024327048 0.96426605 110.38448 -0.016032994 0.99943321 -0.029600777 -2.9500569 -0.9644397 -0.023269242 -0.26327684 -35.192942
-0.25599774 0.025414179 0.96634321 111.25105 -0.011791917 0.99949788 -0.029409965 -2.997199 -0.9666055 -0.018923923 -0.25556952 -35.417368
-0.24906367 0.026106366 0.96813515 112.12345 -0.0097741023 0.99951796 -0.029467119 -3.0404854 -0.96843783 -0.01680184 -0.24868845 -35.645466
-0.24254268 0.02501548 0.96981812 112.97716 -0.016522039 0.99941601 -0.029910937 -3.081865 -0.97000008 -0.023278051 -0.24198773 -35.840622
-0.2364628 0.023146965 0.97136475 113.84695 -0.021063624 0.99935915 -0.028941644 -3.1267525 -0.97141224 -0.027304084 -0.23582371 -36.040782
-0.23190557 0.023227144 0.97246091 114.73083 -0.017884848 0.99944408 -0.028136684 -3.1638508 -0.97257391 -0.023917369 -0.23136124 -36.24905
-0.22752607 0.023384886 0.97349112 115.57851 -0.016523107 0.99947496 -0.02787087 -3.2129526 -0.97363184 -0.022426447 -0.22702022 -36.440243
-0.22260064 0.024848748 0.97459295 116.47454 -0.016010042 0.99944714 -0.029139195 -3.2557545 -0.97477829 -0.022089677 -0.22207975 -36.63529
-0.21693199 0.024011 0.97589134 117.3237 -0.0098318095 0.99959301 -0.026779682 -3.2903337 -0.97613725 -0.015404147 -0.21660763 -36.823835
-0.21158551 0.022979451 0.97708927 118.19249 -0.0022621832 0.99970937 -0.024001304 -3.3325487 -0.97735691 -0.0072886823 -0.21147203 -37.022225
-0.20649774 0.022042646 0.97819871 119.08045 0.00026254338 0.99974742 -0.022472798 -3.3737118 -0.97844708 -0.0043837617 -0.20645137 -37.208299
-0.20241494 0.023127854 0.97902667 119.93128 -0.0024013007 0.99970636 -0.024112847 -3.4113298 -0.97929695 -0.0072317373 -0.20229997 -37.373732
-0.19927382 0.025392291 0.97961477 120.80795 -0.0036778962 0.99963781 -0.02665946 -3.4488574 -0.97993699 -0.0089154531 -0.19910825 -37.541571
-0.19739033 0.024751753 0.98001241 121.69481 -0.0054603413 0.99963794 -0.026347226 -3.4917447 -0.98030981 -0.010551889 -0.19718371 -37.712769
-0.19639765 0.023241525 0.9802488 122.54439 -0.007915399 0.99964889 -0.025287385 -3.5345303 -0.98049242 -0.012725443 -0.19614472 -37.87377
-0.19528265 0.019289956 0.98055724 123.43036 -0.0063372381 0.99976086 -0.020929828 -3.568294 -0.98072657 -0.010301256 -0.1951137 -38.047085
-0.19465606 0.013503133 0.98077857 124.28719 -0.0070859687 0.99985979 -0.015172196 -3.6078097 -0.98084601 -0.0099031256 -0.19453309 -38.201649
-0.19384092 0.011361452 0.98096714 125.15182 -0.0050381216 0.99990822 -0.012576366 -3.6420692 -0.98102008 -0.0073800454 -0.19376589 -38.366412
-0.1926369 0.01588416 0.9811415 126.02044 -0.0075870155 0.99981498 -0.017676104 -3.6778904 -0.98124082 -0.010849005 -0.19248075 -38.533743
-0.19220327 0.019912325 0.98115306 126.86585 -0.0068928547 0.99974207 -0.021639862 -3.7092224 -0.98133097 -0.010922197 -0.19201644 -38.694426
-0.19227739 0.019334692 0.98115009 127.71563 -0.0088830656 0.99973064 -0.021441669 -3.7401773 -0.98130045 -0.012838368 -0.19205385 -38.851783
-0.19193742 0.018136802 0.98123952 128.57805 -0.011991583 0.99971124 -0.020823863 -3.7820253 -0.98133394 -0.015763493 -0.19166451 -39.012822
-0.1910076 0.01893882 0.9814058 129.41214 -0.0048773489 0.9997832 -0.02024272 -3.8141806 -0.98157648 -0.0086531712 -0.19087382 -39.175796
-0.19027297 0.021209373 0.98150205 130.26635 -0.007756985 0.99970292 -0.023106437 -3.8574116 -0.98170062 -0.012010027 -0.19005192 -39.334745
-0.19044016 0.022502375 0.98144083 131.0895 -0.01737644 0.99950337 -0.026288258 -3.8890997 -0.98154505 -0.022060287 -0.18995457 -39.474523
-0.19024081 0.023898805 0.98144648 131.92815 -0.021609084 0.99935952 -0.02852364 -3.9236718 -0.98149965 -0.026634519 -0.18960254 -39.62047
-0.1904187 0.027167598 0.98132694 132.77177 -0.02246075 0.99923477 -0.032021697 -3.9741242 -0.98144603 -0.028138869 -0.18966279 -39.778407
-0.18921112 0.027971091 0.98153792 133.58959 -0.018968598 0.99930356 -0.032133937 -4.0161003 -0.98175324 -0.024698496 -0.18854877 -39.934021
-0.18781175 0.029503478 0.98176179 134.41228 -0.018664305 0.99926107 -0.033599853 -4.0634648 -0.98202773 -0.024634349 -0.18712231 -40.078081
-0.18586053 0.028470204 0.98216354 135.23261 -0.013878125 0.99940436 -0.031596205 -4.1003731 -0.98247816 -0.019503075 -0.18535472 -40.237915
-0.18246484 0.025831712 0.98287294 136.0572 -0.0053231267 0.99961421 -0.02725991 -4.147016 -0.98319801 -0.010205932 -0.18225694 -40.38992
-0.18021841 0.021445941 0.98339276 136.86973 0.0034017391 0.9997699 -0.021179685 -4.1797487 -0.98362078 -0.00047172261 -0.18024989 -40.552974
-0.17641208 0.021207233 0.98408788 137.69143 0.0056394212 0.99977324 -0.020534306 -4.2120368 -0.98430029 0.0019271873 -0.17649168 -40.696285
-0.17165667 0.025240547 0.9848334 138.48868 0.0011001112 0.99967602 -0.025429201 -4.2655885 -0.98515626 -0.003281665 -0.17162883 -40.821345
-0.16540697 0.028849761 0.9858033 139.26787 0.0037712587 0.99958324 -0.028620257 -4.2956183 -0.98621823 -0.0010162698 -0.16544684 -40.950814
-0.15751033 0.029162729 0.9870866 140.077 -0.00025723971 0.99956261 -0.02957237 -4.337572 -0.98751735 -0.0049118708 -0.15743393 -41.071641
-0.14736189 0.025982463 0.98874127 140.88142 0.0084632988 0.99965143 -0.025007793 -4.3632886 -0.98904647 0.0046828182 -0.14753042 -41.190388
-0.13557139 0.024419658 0.99046655 141.67739 0.017615369 0.9995976 -0.022233654 -4.4012191 -0.99061101 0.014433188 -0.135947 -41.301802
-0.12181295 0.026367174 0.99220275 142.48424 0.01539085 0.99957708 -0.024673603 -4.4448609 -0.99243378 0.01226528 -0.12216725 -41.397011
-0.10748986 0.027612034 0.99382263 143.30398 0.014015507 0.99955701 -0.026255466 -4.4840115 -0.99410743 0.011106733 -0.10782924 -41.473929
-0.093810253 0.027572461 0.99520818 144.05784 0.015851083 0.99953109 -0.026198073 -4.5165615 -0.99546394 0.013317481 -0.09420332 -41.541706
-0.079747914 0.029108296 0.99638993 144.84929 0.021224581 0.99939652 -0.02749738 -4.5525928 -0.99658912 0.018955101 -0.080317601 -41.603236
-0.065779636 0.035198358 0.99721313 145.63759 0.01822063 0.9992534 -0.034068475 -4.5989098 -0.99766785 0.01592884 -0.066371862 -41.644856
-0.053295063 0.044086442 0.9976051 146.39174 0.0094629307 0.99900239 -0.043642651 -4.6486323 -0.99853401 0.0071143311 -0.053659083 -41.66953
-0.039951445 0.052609999 0.99781561 147.14837 0.0023092018 0.99861511 -0.052559694 -4.6908331 -0.999199 0.00020432273 -0.040017606 -41.677731
-0.026506867 0.053770649 0.99820139 147.91449 0.0024412649 0.9985528 -0.05372475 -4.7407059 -0.99964569 0.0010128001 -0.026599776 -41.687025
-0.014962105 0.049560205 0.99865902 148.69229 0.0011590431 0.99877105 -0.049548398 -4.7903802 -0.99988743 0.0004161414 -0.015001161 -41.682544
-0.0037733693 0.046773464 0.99889835 149.46405 0.0015364121 0.9989046 -0.046767951 -4.845646 -0.99999174 0.0013582476 -0.0038411008 -41.675282
0.0052193874 0.052882733 0.99858705 150.21425 -0.0051286614 0.99858897 -0.052856027 -4.9120144 -0.99997327 -0.004845538 0.0054832388 -41.649782
0.011525263 0.061618565 0.99803318 150.96098 -0.012260834 0.99803319 -0.061476976 -4.9595641 -0.99985845 -0.01152818 0.012258089 -41.627491
0.015186625 0.064906704 0.99777573 151.71387 -0.016108479 0.99777723 -0.064661621 -5.0125458 -0.99975495 -0.015090657 0.016198416 -41.609706
0.01510133 0.060718739 0.99804063 152.47465 -0.018076197 0.99800795 -0.060443238 -5.0685357 -0.9997226 -0.017128005 0.016168809 -41.590906
0.013715108 0.055216027 0.99838019 153.24167 -0.012153728 0.99840959 -0.055050691 -5.1410538 -0.99983212 -0.011379014 0.014364374 -41.577171
0.010402424 0.052677724 0.99855734 153.9738 -0.011772482 0.99854866 -0.052554625 -5.1878613 -0.99987663 -0.011208802 0.011007472 -41.55991
0.0073000701 0.052863069 0.99857505 154.73736 -0.012609291 0.99852717 -0.052768352 -5.2417375 -0.99989389 -0.012206111 0.0079558826 -41.550004
0.0038416401 0.053226469 0.99857503 155.46947 -0.011771792 0.99851566 -0.053178015 -5.2972051 -0.99992337 -0.011550726 0.0044625071 -41.545331
-0.00053832464 0.051135557 0.99869153 156.2211 -0.01168353 0.99862323 -0.051138355 -5.3523192 -0.99993164 -0.011695771 5.9858787e-05 -41.545842
-0.0060283693 0.051596911 0.99864975 156.95365 -0.012771168 0.99858252 -0.051670529 -5.3996955 -0.99990032 -0.013065413 -0.0053608729 -41.542784
-0.012119125 0.049763725 0.99868745 157.68306 -0.013884407 0.99865617 -0.049930653 -5.4485506 -0.9998302 -0.014471298 -0.011411901 -41.545672
-0.018118365 0.047228888 0.99871972 158.42854 -0.010570056 0.99881886 -0.047425333 -5.5007109 -0.99978002 -0.011415792 -0.017597755 -41.556704
-0.023108636 0.046939772 0.99863034 159.16477 -0.010983444 0.99882493 -0.047203077 -5.5488502 -0.99967267 -0.012059199 -0.022565923 -41.573729
-0.028859269 0.048080274 0.99842643 159.88768 -0.01256729 0.99874611 -0.048458921 -5.5951976 -0.99950452 -0.013946003 -0.028218846 -41.585339
-0.032755616 0.050355864 0.99819401 160.61068 -0.013503291 0.99861652 -0.050820286 -5.6476474 -0.99937221 -0.015143553 -0.032030331 -41.603652
-0.035133771 0.052548579 0.99800009 161.31906 -0.013133135 0.99850615 -0.053037565 -5.7004695 -0.99929636 -0.014970279 -0.03439116 -41.628375
-0.037071949 0.054385933 0.99783153 162.03736 -0.014175777 0.99838886 -0.054942974 -5.7583469 -0.99921209 -0.016181879 -0.03624126 -41.651314
-0.035638967 0.052255314 0.99799758 162.76143 -0.0067633921 0.99859654 -0.052528198 -5.8059279 -0.99934189 -0.008621899 -0.035235528 -41.682333
-0.032100712 0.04862956 0.99830087 163.47146 -0.0022455622 0.99880963 -0.048726548 -5.850114 -0.99948216 -0.0038059028 -0.031953301 -41.70449
-0.025091444 0.048045536 0.9985299 164.17359 -0.0020091517 0.99883998 -0.048110941 -5.9026167 -0.99968318 -0.0032133703 -0.024965808 -41.713759
-0.013841049 0.04939051 0.99868359 164.86606 -0.00055014237 0.99877878 -0.049402841 -5.9554615 -0.9999041 -0.0012332045 -0.013796976 -41.717659
9.7881482e-05 0.049680694 0.9987651 165.55117 0.0020012187 0.99876314 -0.04968079 -6.00432 -0.99999804 0.0020036112 -1.6630525e-06 -41.715823
0.015468692 0.047362904 0.99875792 166.24582 0.00085648281 0.99887649 -0.04738179 -6.0480659 -0.99988003 0.0015883542 0.015410746 -41.692406
0.031583148 0.04252957 0.99859584 166.94836 -0.0016827373 0.99909515 -0.042497613 -6.0915163 -0.99949975 -0.00033816524 0.031626135 -41.648178
0.047648786 0.036037855 0.9982138 167.61125 -0.0056538901 0.99934267 -0.035808726 -6.1353873 -0.99884819 -0.003937548 0.047821217 -41.603778
0.06520645 0.028688661 0.99745927 168.29029 -0.0044477938 0.99958506 -0.028459038 -6.1680598 -0.99786192 -0.0025807795 0.065306994 -41.551181
0.082670302 0.02105864 0.99635439 168.97751 -0.0053862935 0.99977155 -0.020683948 -6.202526 -0.99656244 -0.0036567081 0.082764843 -41.478515
0.10002854 0.014936714 0.99487241 169.63305 -0.0075581365 0.99986987 -0.014251818 -6.2366058 -0.9949559 -0.0060937922 0.10012841 -41.399621
0.11786862 0.012333952 0.99295256 170.30035 -0.0072072422 0.99990715 -0.0115648 -6.2624726 -0.99300308 -0.0057933217 0.11794657 -41.305449
0.13612039 0.011501215 0.9906255 170.92493 -0.0084586198 0.99990965 -0.010446717 -6.285142 -0.99065623 -0.0069573125 0.13620537 -41.20051
0.15365585 0.010708088 0.98806636 171.57429 -0.0078564652 0.99992291 -0.00961481 -6.3025512 -0.98809323 -0.0062853365 0.15372813 -41.094268
0.17014202 0.010534455 0.9853632 172.22021 -0.014130046 0.99986613 -0.0082496781 -6.3197464 -0.98531828 -0.01251961 0.1702681 -40.960574
0.1842103 0.0068779112 0.98286275 172.84607 -0.016866784 0.99985039 -0.0038355777 -6.3359405 -0.98274216 -0.01587118 0.18429875 -40.821019
0.19673224 0.0027122516 0.98045346 173.47564 -0.012765695 0.99991849 -0.00020460573 -6.3569716 -0.98037419 -0.012475916 0.19675083 -40.68996
0.20756189 0.0011179672 0.97822121 174.10423 -0.010377742 0.99994559 0.0010591855 -6.3751068 -0.97816688 -0.010371573 0.2075622 -40.557532
0.21730395 0.0046716024 0.97609277 174.6948 -0.014131047 0.99989881 -0.0016395951 -6.3915572 -0.97600174 -0.013436922 0.21734797 -40.406413
0.22594393 0.011516537 0.97407219 175.30955 -0.01766415 0.99981415 -0.007723543 -6.4097978 -0.97398018 -0.015461069 0.22610537 -40.253988
0.23547683 0.021731223 0.97163694 175.88315 -0.018397052 0.99967052 -0.017899672 -6.4281423 -0.97170587 -0.013660297 0.23579903 -40.098058
0.24386526 0.028661405 0.96938546 176.47225 -0.013821325 0.99956439 -0.026076705 -6.4428527 -0.96971067 -0.0070389889 0.24415517 -39.946236
0.249889 0.027143407 0.96789392 177.09062 -0.013227615 0.99960942 -0.024617748 -6.460395 -0.96818417 -0.0066512231 0.25015044 -39.787622
0.25628242 0.019723848 0.96640065 177.68193 -0.01511633 0.99975131 -0.016395781 -6.4767999 -0.96648378 -0.01040648 0.25651683 -39.608482
0.26046115 0.0087517482 0.96544462 178.29503 -0.019337642 0.99980561 -0.0038462509 -6.5014391 -0.96529069 -0.017667623 0.26057976 -39.435764
0.26289483 -0.00059426441 0.96482427 178.90588 -0.017732352 0.99982793 0.0054475268 -6.5256894 -0.96466157 -0.01854073 0.26283906 -39.26072
0.26347622 -0.0017052539 0.96466434 179.51038 -0.013949933 0.99988714 0.0055776263 -6.5456375 -0.96456506 -0.014926574 0.26342269 -39.100487
0.26441482 0.0017648898 0.96440739 180.11028 -0.013651005 0.99990499 0.0019128909 -6.5461394 -0.96431246 -0.013670926 0.26441379 -38.933034
0.26611113 0.0013972298 0.9639413 180.71112 -0.0097695264 0.9999515 0.001247605 -6.5544859 -0.96389289 -0.0097492509 0.26611187 -38.766293
0.2680711 -0.00053887273 0.96339894 181.33078 -0.010944064 0.99993362 0.0036045549 -6.5549335 -0.96333701 -0.011509776 0.2680474 -38.588785
0.27033537 -0.0047236661 0.96275459 181.94846 -0.011671998 0.99989839 0.0081833318 -6.5716378 -0.9626955 -0.013449513 0.27025277 -38.411359
0.27367895 -0.010188505 0.9617671 182.56872 -0.0099476889 0.99986043 0.013422747 -6.5795515 -0.9617697 -0.013240883 0.2735394 -38.232258
0.27774985 -0.013473673 0.9605589 183.1805 -0.0083225999 0.99983036 0.016431046 -6.585675 -0.96061742 -0.012558068 0.2775906 -38.049275
0.28390253 -0.014882743 0.9587376 183.7834 -0.0072140337 0.99981808 0.017656675 -6.582643 -0.95882605 -0.011929139 0.28374351 -37.863766
0.29190627 -0.017968287 0.95627809 184.4136 -0.0059314146 0.99977028 0.020596076 -6.5841267 -0.95642858 -0.011684205 0.29173264 -37.667586
0.30146127 -0.020480492 0.9532584 185.0306 -0.003020842 0.99974375 0.022434537 -6.586533 -0.95347368 -0.0096427864 0.30132215 -37.468063
0.31275597 -0.018604476 0.94965125 185.65593 -0.0042855532 0.99977034 0.020997746 -6.5886679 -0.94982389 -0.010636951 0.31260441 -37.246084
0.32390657 -0.015033793 0.94596958 186.27004 -0.004996495 0.99983261 0.017600645 -6.5886594 -0.94607592 -0.010427496 0.32377723 -37.02624
0.33546996 -0.011140979 0.94198499 186.8863 -0.0068113334 0.99987524 0.014251381 -6.5882869 -0.94202632 -0.011197083 0.33535222 -36.796459
0.34725617 -0.010751045 0.93770864 187.50329 -0.0055995114 0.99989268 0.013537633 -6.5850829 -0.93775363 -0.0099517364 0.3471587 -36.555007
0.35864316 -0.01376407 0.93337322 188.12099 -0.0045777605 0.99985333 0.016503402 -6.5888197 -0.93346355 -0.010191591 0.35852755 -36.299761
0.36968406 -0.015712186 0.92902462 188.74546 -0.0048605773 0.99981063 0.018843515 -6.5885377 -0.92914485 -0.011481742 0.36953768 -36.042511
0.38097086 -0.015973334 0.92444902 189.37961 -0.0074752805 0.99976486 0.020355306 -6.5950231 -0.92455686 -0.014665294 0.38076188 -35.770388
0.39099944 -0.017516712 0.92022418 189.98519 -0.0095849894 0.99968717 0.023101934 -6.5825163 -0.92034105 -0.017853182 0.39070922 -35.483001
0.39804757 -0.015963332 0.91722584 190.63619 -0.014561539 0.99961267 0.023716443 -6.5816699 -0.91724924 -0.022796492 0.39766094 -35.188913
0.40224041 -0.018583936 0.91534541 191.27677 -0.014352174 0.99954311 0.026600308 -6.5711891 -0.91542162 -0.023836915 0.40178991 -34.906584
0.40390308 -0.023307216 0.91450479 191.9245 -0.0095759843 0.99951289 0.029703105 -6.5662464 -0.9147517 -0.020754459 0.40348314 -34.620568
0.40483322 -0.021437505 0.91413917 192.57364 -0.008108568 0.99960166 0.027032627 -6.5653575 -0.91435463 -0.018356065 0.40449813 -34.329428
0.40368376 -0.021681569 0.9146416 193.24439 -0.0052287312 0.99964815 0.026004387 -6.5543706 -0.91488368 -0.015279964 0.40342836 -34.039724
0.40233583 -0.020650488 0.91525918 193.90445 -0.0019041949 0.99972453 0.023393292 -6.5530589 -0.91549021 -0.011154791 0.40218567 -33.750916
0.40280725 -0.021578622 0.91503039 194.5771 0.00052752073 0.99972736 0.02334376 -6.5437256 -0.91528472 -0.0089203378 0.40270881 -33.44981
0.40177267 -0.028282161 0.91530256 195.26247 0.0043666315 0.99957077 0.028969249 -6.5364551 -0.91572907 -0.0076422631 0.40172371 -33.161091
0.4012853 -0.031108831 0.91542464 195.94385 0.0049091407 0.99948177 0.03181337 -6.5282558 -0.91594 -0.0082722888 0.40123006 -32.853367
0.39935564 -0.033543316 0.91618221 196.64563 0.0061458645 0.99940595 0.033911381 -6.5197282 -0.91677553 -0.0079119691 0.39932456 -32.554354
0.39742629 -0.033651974 0.9170168 197.3252 0.0052397984 0.99939427 0.03440412 -6.5073281 -0.91761918 -0.0088681181 0.39736189 -32.245943
0.3961299 -0.033987232 0.9175652 198.0019 0.0043906134 0.99937339 0.035121953 -6.4941219 -0.91818402 -0.0098841809 0.3960309 -31.944091
0.39395378 -0.033171608 0.91853143 198.70477 0.0032539986 0.99939261 0.034696183 -6.4890543 -0.91912453 -0.010679792 0.39382243 -31.649919
0.393193 -0.030005607 0.91896619 199.38863 0.0041101484 0.99951474 0.03087705 -6.4834218 -0.91944681 -0.0083635522 0.39312553 -31.346428
0.39232724 -0.024142669 0.91950878 200.07716 0.0033997584 0.99968672 0.024797249 -6.4818713 -0.91981947 -0.0066025277 0.39228641 -31.055251
0.39106465 -0.020745139 0.92012934 200.75648 0.0011940622 0.99975653 0.022032916 -6.4683064 -0.92036247 -0.0075176025 0.39099421 -30.756284
0.38985593 -0.022956871 0.92058963 201.45938 -0.00060292236 0.99968264 0.025184553 -6.4645146 -0.92087571 -0.010373391 0.38971836 -30.448699
0.38847944 -0.026633264 0.92107238 202.14918 -0.00088551313 0.99957096 0.029276571 -6.4574581 -0.921457 -0.012188967 0.38828918 -30.15879
0.38582586 -0.026038151 0.92220407 202.82167 -0.0047711211 0.99953196 0.030217591 -6.4550386 -0.92255933 -0.016058675 0.38552104 -29.866689
0.38144868 -0.026025206 0.92402355 203.52207 -0.00801305 0.99947295 0.031458133 -6.4493481 -0.92435533 -0.01940391 0.38103909 -29.573573
0.37462557 -0.027038297 0.92678182 204.20636 -0.0076982119 0.99944954 0.03227012 -6.4389947 -0.92714427 -0.019223775 0.3742112 -29.295992
0.3660668 -0.027361735 0.9301862 204.90097 -0.007553696 0.99944735 0.032371767 -6.4275963 -0.93055796 -0.018876572 0.36565781 -29.015384
