7.775550593420378354e-01 -6.284540038589503386e-01 2.130011092117640309e-02 -6.596054514582873196e+01 6.274872574120051727e-01 7.776681248307105720e-01 3.862679649993129571e-02 2.571280851850429627e+01 -4.083958223538408649e-02 -1.666891286019643245e-02 9.990266642422005461e-01 -8.850204099211327335e-01 -4.809208017785018303e-24 -1.416202385148814181e-23 -3.430527606006730092e-24 9.999999999999997780e-01
7.494708073264847448e-01 -6.614591980280727368e-01 2.766294108453047282e-02 -6.556175519237952187e+01 6.607050187714142986e-01 7.499588555503057252e-01 3.210285270721453810e-02 2.609249215920456066e+01 -4.198079484303749581e-02 -5.783106927432092592e-03 9.991016807805965794e-01 -8.927071653048576083e-01 -4.809208017785018303e-24 -1.416202385148814181e-23 -3.430527606006730092e-24 9.999999999999997780e-01
7.210887309349278684e-01 -6.927472534547211014e-01 1.150151944730785566e-02 -6.520723158276621234e+01 6.923893254946752451e-01 7.211180128120364685e-01 2.420399841036394509e-02 2.649054440925835863e+01 -2.506120626956371417e-02 -9.489701204994954731e-03 9.996408762707509332e-01 -9.023249480436976722e-01 -9.177217162364931699e-19 1.365080490435589274e-18 -8.411729338451379911e-20 9.999999999999998890e-01
6.910154113271345100e-01 -7.227002918637368545e-01 -1.421229919690691727e-02 -6.487103460961535006e+01 7.228362692595688976e-01 6.909416202094786907e-01 1.036365308225633761e-02 2.690328926429586787e+01 2.330053926691563661e-03 -1.743460932657997509e-02 9.998452906556737352e-01 -9.074827355637480331e-01 -2.765064499070328600e-18 3.883653515506762807e-18 -1.872510111146940485e-19 9.999999999999998890e-01
6.563737414337442733e-01 -7.538945285650157091e-01 -2.857536274491155603e-02 -6.453146060978204446e+01 7.539503632218746976e-01 6.568392895375385621e-01 -1.099988715512829549e-02 2.732714677364782929e+01 2.706217570472890799e-02 -1.432436803336225098e-02 9.995311156370126904e-01 -9.272036937664721590e-01 -5.188291637640680961e-18 7.497098494805571186e-18 -1.894392054874327264e-19 9.999999999999998890e-01
6.189441492945657597e-01 -7.849410130807124020e-01 -2.785221782649666827e-02 -6.419407460990613856e+01 7.842306149227449286e-01 6.195694061437868605e-01 -3.340798689728603776e-02 2.777642862304241689e+01 4.347968113869255663e-02 -1.164883883250970214e-03 9.990536323809725561e-01 -9.383929797221093327e-01 -8.144536982295907974e-18 9.417563831684448476e-18 -1.732585028032471638e-19 9.999999999999996669e-01
5.860339701972567816e-01 -8.099810348234343094e-01 -2.224655032140602368e-02 -6.386822137689581069e+01 8.090195960257736685e-01 5.864318184265101541e-01 -3.981225418474947791e-02 2.826622203890063290e+01 4.529325580191550377e-02 5.333438228400227792e-03 9.989594963838750452e-01 -9.610068143013230646e-01 -9.920861606169991661e-18 1.275343685450662452e-17 -1.600495645139793586e-19 9.999999999999995559e-01
5.572514697810357909e-01 -8.301916014003959399e-01 -1.589667861925687931e-02 -6.356583885930904643e+01 8.298463112719686174e-01 5.574781453093183847e-01 -2.394195419738903360e-02 2.876904287293060847e+01 2.873846020902622034e-02 1.498890522592202811e-04 9.995869539155082251e-01 -9.315241720516791446e-01 -1.020009292770326817e-17 1.268698897076282686e-17 -1.562001734484277789e-19 9.999999999999992228e-01
5.286617638473343206e-01 -8.487955239296492982e-01 -7.930826112047876381e-03 -6.328648698203512168e+01 8.487563443393532081e-01 5.287164278533234008e-01 -8.462083769305892011e-03 2.927887014233413154e+01 1.137573687839139522e-02 -2.257758847147286248e-03 9.999327453061326310e-01 -8.753254247296358148e-01 -1.034634791403752194e-17 1.166248398855236434e-17 -1.808114187374225739e-19 9.999999999999987788e-01
4.987735698948638774e-01 -8.667096787086872034e-01 -6.265684880371976372e-03 -6.301197351082560516e+01 8.666954838301219599e-01 4.988059899016329957e-01 -5.614512153556724082e-03 2.979849392000148356e+01 7.991513173879498041e-03 -2.630070518872928542e-03 9.999646085968513232e-01 -8.680321235030803440e-01 -9.369451490961050609e-18 1.059034678607257820e-17 -2.211370239489418577e-19 9.999999999999982236e-01
4.712253126070575782e-01 -8.820023512372943131e-01 -4.307803415686228300e-03 -6.274891931443156068e+01 8.818826475936522025e-01 4.712340439068203324e-01 -1.488192650276742163e-02 3.032262938519339102e+01 1.515587779030938553e-02 3.213763386924075368e-03 9.998799783440479594e-01 -8.633935289441130312e-01 -7.589583878797899204e-18 1.190929282300930976e-17 -2.562007895808906173e-19 9.999999999999980016e-01
4.458393911210895566e-01 -8.950967087106417308e-01 -5.396237592666290953e-03 -6.250135284038370997e+01 8.948458044105797038e-01 4.458455016113785918e-01 -2.174339029865402298e-02 3.086125043197591822e+01 2.186832534885082419e-02 4.865259322260687136e-03 9.997490213039266216e-01 -8.593527496068017468e-01 -4.175604976203600394e-18 1.143442063345212300e-17 -3.353601268069077896e-19 9.999999999999977796e-01
4.227687780882699031e-01 -9.062191416594533866e-01 -5.781657526996126367e-03 -6.226206727455391388e+01 9.059760267713223847e-01 4.227914271275038383e-01 -2.132716725530942395e-02 3.141654148768721200e+01 2.177152244113320784e-02 3.778417326151665197e-03 9.997558323776363221e-01 -8.545330129129344865e-01 -8.500363555986153270e-19 1.132750576702705178e-17 -4.375502013776313564e-19 9.999999999999976685e-01
4.031840634921114441e-01 -9.151050142886960614e-01 -5.042198893352383728e-03 -6.203025889044482000e+01 9.149967818447365397e-01 4.032141515677388766e-01 -1.411514042732948081e-02 3.199318741340173133e+01 1.494992173125483936e-02 1.077403913414843109e-03 9.998876632107394080e-01 -8.479206902598366291e-01 2.732332302938102002e-18 1.148098115500579610e-17 -5.500593333109213324e-19 9.999999999999973355e-01
3.859640964447569322e-01 -9.225110468637293115e-01 -2.254921279245449689e-03 -6.180389264285791029e+01 9.224965243707829998e-01 3.859706746424704238e-01 -5.176952758266077821e-03 3.257519633868488285e+01 5.646129596005552802e-03 -8.203914915126591452e-05 9.999840571179922089e-01 -8.429344126499838108e-01 6.766179300081065660e-18 1.226698030735749586e-17 -6.476432610897691456e-19 9.999999999999971134e-01
3.697109727453640193e-01 -9.291456166316840459e-01 1.489874428376346737e-03 -6.157967016500181501e+01 9.291448779333821850e-01 3.697129991901808577e-01 1.447079804631160949e-03 3.316442442676837743e+01 -1.895373800723819824e-03 8.493079116806338640e-04 9.999978431147855673e-01 -8.394370818805938494e-01 1.075463981356380173e-17 1.255097338823907604e-17 -7.099955933107740159e-19 9.999999999999968914e-01
3.555624146039784716e-01 -9.346505873045578561e-01 1.910228321789872452e-03 -6.136318578843807359e+01 9.346447398891556402e-01 3.555670543427829067e-01 3.358580582271744608e-03 3.375997575460638700e+01 -3.818313571233820491e-03 5.911998314747899958e-04 9.999925354542541500e-01 -8.413870138162656831e-01 1.459171881243870930e-17 9.960440462218715702e-18 -7.451973443245078750e-19 9.999999999999963363e-01
3.425752685922154317e-01 -9.394902972764268556e-01 4.082553487128864206e-04 -6.115905507067122926e+01 9.394873747839334044e-01 3.425752384614779156e-01 2.382984400182656427e-03 3.435986482679495424e+01 -2.378648895974127490e-03 -4.328007751387127683e-04 9.999970773521867917e-01 -8.463132199070494410e-01 1.849753089662767687e-17 9.734726617247621024e-18 -7.738238730596659027e-19 9.999999999999957812e-01
3.303363176809122059e-01 -9.438531261130153061e-01 -4.381044134660354653e-03 -6.096087972191785553e+01 9.438631676521037628e-01 3.303303161217337469e-01 2.050122105526533400e-03 3.497664014063771987e+01 -4.878224642719631112e-04 -4.812335981698920989e-03 9.999883016573942740e-01 -8.507357886198405605e-01 2.336826312555867645e-17 6.770942620224196899e-18 -8.065411779446989960e-19 9.999999999999950040e-01
3.200107727390800738e-01 -9.473848983003994029e-01 -7.413487929635504715e-03 -6.076619270837388598e+01 9.474139022033973845e-01 3.200014451708180774e-01 2.443972240659385634e-03 3.560247399739444063e+01 5.694445857065532089e-05 -7.805738973638885227e-03 9.999695331340857640e-01 -8.576184901459119603e-01 2.749407013041108130e-17 2.549234562038179005e-18 -8.679543723989964176e-19 9.999999999999940048e-01
3.119608300456957473e-01 -9.500477555074312574e-01 -9.471154760391745087e-03 -6.057149628683383469e+01 9.500949061857180133e-01 3.119487863759426993e-01 2.761144422141102988e-03 3.623128821409068223e+01 3.312961721927861467e-04 -9.859864799350840162e-03 9.999513354703727375e-01 -8.602907555701240216e-01 3.028847984210882192e-17 8.935555510048955301e-19 -9.258343851995977676e-19 9.999999999999931166e-01
3.059058745561311632e-01 -9.519960561015982092e-01 -1.118503817839701028e-02 -6.037364100482327700e+01 9.520601325621550481e-01 3.059059661375803096e-01 1.744668207674138520e-03 3.687283339492442735e+01 1.760652657333432397e-03 -1.118253318471520465e-02 9.999359234739942925e-01 -8.580121087937637725e-01 3.359877892123110130e-17 -1.095586083055626650e-18 -9.832247259602737166e-19 9.999999999999923395e-01
3.013790686512187178e-01 -9.534175210593149874e-01 -1.287196628465591026e-02 -6.017398948024486316e+01 9.535018439099358645e-01 3.013821051203052770e-01 1.749392349489916829e-03 3.752322136163373045e+01 2.211478978693121565e-03 -1.280067382415978582e-02 9.999156224954039995e-01 -8.589059411029411617e-01 3.660688531729963163e-17 1.573694443146431273e-19 -1.027302686123016956e-18 9.999999999999918954e-01
2.980005124295071472e-01 -9.544781076921419194e-01 -1.293199629504005604e-02 -5.997436360607375150e+01 9.545622334288038635e-01 2.980086422785574451e-01 1.338521082574940227e-03 3.817916619346748064e+01 2.576257587830741314e-03 -1.274327523459059357e-02 9.999154823449500906e-01 -8.645601817693721047e-01 4.005191401251539340e-17 1.167279883679113878e-18 -1.063310592902656052e-18 9.999999999999913403e-01
2.957713162247490590e-01 -9.551859829153726000e-01 -1.179264773770540529e-02 -5.977107095862604780e+01 9.552497227038314609e-01 2.957997201593917103e-01 -7.020169941148692765e-04 3.883811473142117165e+01 4.158818693295081824e-03 -1.105728699102481727e-02 9.999302178809637009e-01 -8.677340459208134904e-01 4.383053132271375168e-17 3.210193721465707403e-18 -1.089450915724849442e-18 9.999999999999907851e-01
2.948897988056632391e-01 -9.554683894598600125e-01 -1.096190235888913622e-02 -5.956624205406510697e+01 9.555176650645358372e-01 2.949274116098541398e-01 -1.952851942038706179e-03 3.950888000649349863e+01 5.098853788937017691e-03 -9.898415230345496835e-03 9.999380096115773053e-01 -8.647568940546650484e-01 4.697764002667449416e-17 7.831483208981294037e-18 -1.117598696713540322e-18 9.999999999999903411e-01
2.945528592575480942e-01 -9.555755498200146913e-01 -1.067622074355407437e-02 -5.935993683808329280e+01 9.556238733751644121e-01 2.945853546229720843e-01 -1.575270478391108337e-03 4.018506472904650195e+01 4.650348227273397479e-03 -9.738450996448747357e-03 9.999417667212178173e-01 -8.634923596245757116e-01 5.094304668803385955e-17 1.100540152490340359e-17 -1.171479998328592123e-18 9.999999999999898970e-01
2.935537344230277346e-01 -9.558654671446377149e-01 -1.214140546395405841e-02 -5.915303256583815283e+01 9.559375483628653747e-01 2.935696977134743535e-01 4.860189139621323836e-04 4.087412991441934906e+01 3.099780035630710084e-03 -1.174909804008496435e-02 9.999261723042212058e-01 -8.645154284536403777e-01 5.429869209150888177e-17 1.345692570278946411e-17 -1.241358206700774375e-18 9.999999999999892308e-01
2.930206222876265976e-01 -9.560480312205853481e-01 -1.053930326887620415e-02 -5.894444395733204800e+01 9.561058079168868185e-01 2.929938003923807099e-01 4.039430553106362898e-03 4.157013010193269054e+01 -7.739391093173228443e-04 -1.126032552112827753e-02 9.999363010149242559e-01 -8.660199265262160662e-01 5.741806041163794547e-17 1.490666293811517369e-17 -1.329199595839539406e-18 9.999999999999884537e-01
2.924777068762226540e-01 -9.562504441773276298e-01 -6.471397922044635348e-03 -5.872640676445020347e+01 9.562681293163410867e-01 2.924496354595285674e-01 4.947279391332877301e-03 4.227124122437711407e+01 -2.838280152219685524e-03 -7.635360516627776040e-03 9.999668221673931878e-01 -8.718090669843778784e-01 6.280323956187587384e-17 1.348431419269087103e-17 -1.457357515918223129e-18 9.999999999999875655e-01
2.919187618928628658e-01 -9.564412330681578700e-01 -1.898457787595150869e-03 -5.850616246678981724e+01 9.564422438818959149e-01 2.919152379294671085e-01 1.930798462398546599e-03 4.297281794125102294e+01 -1.292506505421660377e-03 -2.379401522890111590e-03 9.999963339309415611e-01 -8.770496037447174098e-01 6.925134532999874238e-17 1.060799558004719592e-17 -1.594125156527774326e-18 9.999999999999865663e-01
2.916426430581302576e-01 -9.565272911122969512e-01 3.318243611927390612e-04 -5.828265121650078129e+01 9.565234471069140598e-01 2.916404451112572516e-01 -2.957348468524278670e-03 4.368910215368178740e+01 2.732011115071533800e-03 1.179886705606819717e-03 9.999955719815097899e-01 -8.775443217856971900e-01 7.687668199169569794e-17 9.053416384616243139e-18 -1.732903934229221048e-18 9.999999999999854561e-01
2.914645936133717363e-01 -9.565757215826635740e-01 -3.358503887444939245e-03 -5.806726949941442228e+01 9.565609672135555464e-01 2.914795747097204681e-01 -5.547389516862713012e-03 4.441024143105938293e+01 6.285433414762309559e-03 -1.595746095817096545e-03 9.999789732395302222e-01 -8.775733561645154834e-01 8.545496327133061094e-17 9.822997983039011612e-18 -1.902673383146405938e-18 9.999999999999843459e-01
2.909585502135384472e-01 -9.566860780147804499e-01 -9.740132970998871889e-03 -5.784957859726142004e+01 9.566858955085077998e-01 2.910321734644585878e-01 -7.236804790498797824e-03 4.514913398838260150e+01 9.758042460759413020e-03 -7.212637603709964006e-03 9.999263765228575407e-01 -8.785994886702194195e-01 9.422988353133658346e-17 1.266396782791392859e-17 -2.099762890486887642e-18 9.999999999999831246e-01
2.904257749958731871e-01 -9.568598746802153832e-01 -8.488194446686655667e-03 -5.762444959627394780e+01 9.568462286933760996e-01 2.904906269348083714e-01 -7.777550913810159748e-03 4.588453519447638485e+01 9.907767319065820255e-03 -5.863095593014963983e-03 9.999337279324165273e-01 -8.792821918276861881e-01 1.017407798362501368e-16 1.695569126428012792e-17 -2.293940307649702825e-18 9.999999999999817923e-01
2.898616160107910789e-01 -9.570612892194432231e-01 -3.732591751269582949e-03 -5.738953583270077274e+01 9.570320974905293099e-01 2.898824129396098126e-01 -7.599410576606507352e-03 4.662592732147712837e+01 8.355114387127198644e-03 -1.369432682328693834e-03 9.999641577165201412e-01 -8.808083811173725852e-01 1.090528474193664934e-16 2.314812215416767157e-17 -2.485442729098734547e-18 9.999999999999803491e-01
2.901158884786230741e-01 -9.569837900396819252e-01 -3.846667842724436469e-03 -5.716015999914549184e+01 9.569793037535910818e-01 2.901301517301772548e-01 -3.886803858325299597e-03 4.739031757480837825e+01 4.835642612342060977e-03 -2.553557959201573340e-03 9.999850478393559339e-01 -8.767801531310467356e-01 1.168378917909358031e-16 2.934715688250339127e-17 -2.684935678827548311e-18 9.999999999999786837e-01
2.914277557286134024e-01 -9.565766609797031750e-01 -5.563709180768897263e-03 -5.692894356563710545e+01 9.565928001434457206e-01 2.914211170535400131e-01 1.986768455953176991e-03 4.816017204970162169e+01 -2.791139913188375602e-04 -5.901203616686425714e-03 9.999825487933575729e-01 -8.752060202983190651e-01 1.239005207196124090e-16 3.600692059285943239e-17 -2.847111554402444006e-18 9.999999999999769074e-01
2.911903137131940378e-01 -9.566341615897272499e-01 -7.699485636602142365e-03 -5.669377805314944396e+01 9.566521837788444227e-01 2.911350415331984687e-01 7.548964334972736202e-03 4.894533738511090348e+01 -4.980007096864864924e-03 -9.563915041140048923e-03 9.999418638392968406e-01 -8.812081538785550006e-01 1.316848877162707132e-16 4.204457944898180652e-17 -2.963593816098862610e-18 9.999999999999751310e-01
2.908804522801715642e-01 -9.567531505337482090e-01 -3.459974705341027114e-03 -5.644949137655601845e+01 9.567266646710076428e-01 2.908386777320450256e-01 9.324840076738508815e-03 4.973189873477611656e+01 -7.915275653359135286e-03 -6.022663758649577335e-03 9.999505367429867286e-01 -8.977470942514614860e-01 1.382781489078712459e-16 4.868684831858418839e-17 -3.019758717565737765e-18 9.999999999999732436e-01
2.903813209618143487e-01 -9.569072366875476243e-01 2.688644900458110002e-03 -5.620456549694111459e+01 9.568742985015082914e-01 2.903936460557089427e-01 7.944003877211319037e-03 5.051352346031931972e+01 -8.382440193974653730e-03 2.659048634541829031e-04 9.999648313770856944e-01 -9.080079149946589379e-01 1.441957491092739369e-16 5.348868750314841496e-17 -3.087603564042927129e-18 9.999999999999713562e-01
2.895377473497829368e-01 -9.571652738057495613e-01 1.591062506744457018e-03 -5.596728603623513720e+01 9.571457972975179196e-01 2.895420139780857660e-01 6.111043862340807299e-03 5.130486219851014340e+01 -6.309958414308377596e-03 -2.464990822910783697e-04 9.999800616327395586e-01 -9.108899560163853382e-01 1.496658883472160281e-16 6.098175965998620607e-17 -3.177848739244848603e-18 9.999999999999696909e-01
2.901847845140531623e-01 -9.569488531050687197e-01 -6.456266517430045426e-03 -5.573815536316924124e+01 9.569646809321272762e-01 2.901525826934744923e-01 5.484360003175065001e-03 5.211248798228021428e+01 -3.374949610468044089e-03 -7.769896853585945076e-03 9.999641185652692332e-01 -9.201863546049785514e-01 1.546150707126287263e-16 6.897162124034335006e-17 -3.273690427132451893e-18 9.999999999999678035e-01
2.894369087527099427e-01 -9.571585868363482463e-01 -8.585772943285940872e-03 -5.549486490344465039e+01 9.571961829578661263e-01 2.894373620212821185e-01 1.216879989890704483e-03 5.291295803504929296e+01 1.320296340140972562e-03 -8.570479071655619577e-03 9.999624011461926143e-01 -9.303612765568737286e-01 1.589047999413962157e-16 7.640436166392337586e-17 -3.330227160881013422e-18 9.999999999999655831e-01
2.886613394671833088e-01 -9.573996997076678062e-01 -7.774708778385723898e-03 -5.524737988587656190e+01 9.574145044285500283e-01 2.886948198309192692e-01 -3.573193596191038927e-03 5.371334682968591778e+01 5.665492626000386348e-03 -6.412176102485222032e-03 9.999633924254106576e-01 -9.316615122750786515e-01 1.633037958596948884e-16 8.277686790471051377e-17 -3.426447019034569126e-18 9.999999999999633626e-01
2.887515964340772179e-01 -9.573544390149779648e-01 -9.746468847472418082e-03 -5.500337971629795675e+01 9.573777009546929895e-01 2.888042140903082644e-01 -4.479245274150775620e-03 5.452477379436226101e+01 7.103046622290977441e-03 -8.037662713892203270e-03 9.999424696985210748e-01 -9.278521360033198384e-01 1.675235161058390139e-16 8.981175647775388409e-17 -3.564934065948165934e-18 9.999999999999611422e-01
2.890848330668134847e-01 -9.571804891197102094e-01 -1.534504933809621718e-02 -5.476880489508683070e+01 9.572877021093183503e-01 2.891349667850502958e-01 -1.107416949495919128e-03 5.535326791335744900e+01 5.496788228059637862e-03 -1.436948957564387376e-02 9.998816445402470832e-01 -9.265994287991203837e-01 1.715009875282833217e-16 9.569615355909041924e-17 -3.713485551840239048e-18 9.999999999999589217e-01
2.891401866650255559e-01 -9.572068064895890016e-01 -1.237263372199397249e-02 -5.451984837414084240e+01 9.572867572473350295e-01 2.891142801232589044e-01 3.872651225386156311e-03 5.617943290468600992e+01 -1.298230203402805602e-04 -1.296389751253774689e-02 9.999159567219958467e-01 -9.278373010866233228e-01 1.756110204903614574e-16 1.028049138726816308e-16 -3.787994192710937647e-18 9.999999999999570344e-01
2.881642811182749120e-01 -9.575625953057518291e-01 -5.934910176378194006e-03 -5.426361275811222384e+01 9.575648780282693950e-01 2.881179486439051085e-01 7.586305803575166262e-03 5.700691701599155436e+01 -5.554408528653903901e-03 -7.869163897387615805e-03 9.999536113267698534e-01 -9.351630387251500531e-01 1.788273846379352199e-16 1.071200999129572085e-16 -3.885365017867063455e-18 9.999999999999550360e-01
2.877416384491209289e-01 -9.576657828439528730e-01 -8.999881798892824664e-03 -5.401538832801661272e+01 9.576745516252662682e-01 2.876402400448979102e-01 1.107002601896345251e-02 5.784723253188662540e+01 -8.012656972547462647e-03 -1.180426519081135758e-02 9.998982231465066706e-01 -9.441703812128857676e-01 1.812251689356944507e-16 1.122483518107638460e-16 -3.985539083880074174e-18 9.999999999999529265e-01
2.882017317345616503e-01 -9.575182772375300244e-01 -9.925249678025585900e-03 -5.376684776824652801e+01 9.575401250611895732e-01 2.880958588383131791e-01 1.084827257253151434e-02 5.867709109733482364e+01 -7.527995934481225906e-03 -1.263031575969823968e-02 9.998918963573093510e-01 -9.613316608986415268e-01 1.827781263457202601e-16 1.171918544674170997e-16 -4.064129241592743963e-18 9.999999999999508171e-01
2.863884946192389314e-01 -9.580962951677229889e-01 -5.754940095914609643e-03 -5.351326241704627762e+01 9.581097799286957262e-01 2.863652780775449158e-01 4.536200650047439269e-03 5.950662054796929112e+01 -2.698102016065247622e-03 -6.812980064263800609e-03 9.999731514136513955e-01 -9.571843939987870753e-01 1.844727792486619888e-16 1.203450380840397082e-16 -4.163755785683374032e-18 9.999999999999487077e-01
2.859502439394039919e-01 -9.582312329565814135e-01 -5.036087509347073055e-03 -5.326214470761060937e+01 9.582419718904509054e-01 2.859575429800009227e-01 -7.790507762174734251e-04 6.034586044788733972e+01 2.186617996231943369e-03 -4.603020666075899499e-03 9.999870153669396800e-01 -9.607039759957500813e-01 1.850551176431619446e-16 1.256685932324676164e-16 -4.283517634342060267e-18 9.999999999999465983e-01
2.858800656678190388e-01 -9.582349575254132112e-01 -7.638994039037390153e-03 -5.301511951217854346e+01 9.582578165157701333e-01 2.859004445316923881e-01 -1.700853541332231645e-03 6.119360395120017415e+01 3.813809112467402181e-03 -6.833885626145215150e-03 9.999693759647318991e-01 -9.677974871704441151e-01 1.854841585248885559e-16 1.305432712998773083e-16 -4.442937311816615392e-18 9.999999999999441558e-01
2.851147358913824759e-01 -9.584740133642678517e-01 -6.095332876394543055e-03 -5.275896360602581581e+01 9.584932135781036866e-01 2.851128246250750342e-01 1.198648731081448275e-03 6.203702483477783147e+01 5.889839135219884780e-04 -6.184087612920692069e-03 9.999807048930181574e-01 -9.708228687202676843e-01 1.854266127560861222e-16 1.360184003647295255e-16 -4.590833871161075130e-18 9.999999999999414912e-01
2.843586141746287654e-01 -9.587157001326231942e-01 -2.094006635923971286e-03 -5.250165863510614628e+01 9.587115096511519274e-01 2.843479858458923260e-01 4.296999829285016656e-03 6.289021407261790841e+01 -3.524174630532631025e-03 -3.229437179718794033e-03 9.999885753990728210e-01 -9.696770447587191866e-01 1.842467369565813886e-16 1.413446422173003522e-16 -4.728386537433996660e-18 9.999999999999389377e-01
2.836750966437909804e-01 -9.589204533630625304e-01 -6.054755491914192285e-05 -5.225460863443160520e+01 9.589004964770965200e-01 2.836687843332637016e-01 6.469826164181035656e-03 6.374396843259059153e+01 -6.186873187240797371e-03 -1.893387642873920612e-03 9.999790686226330827e-01 -9.656523536644902039e-01 1.816775515415245069e-16 1.458687515856618631e-16 -4.886702133278456839e-18 9.999999999999363842e-01
2.834587077090924279e-01 -9.589684516117537028e-01 -5.538035494541154735e-03 -5.201391474475581589e+01 9.589784154202041222e-01 2.834317253763903310e-01 5.182258970289103754e-03 6.459614282938782992e+01 -3.399967905178085965e-03 -6.779812933837886003e-03 9.999712367637455523e-01 -9.647191589163692793e-01 1.794495907308526467e-16 1.506187572223989569e-16 -5.058273938162374487e-18 9.999999999999334976e-01
2.834893879938747974e-01 -9.589666500071420963e-01 -4.090362921389328714e-03 -5.176144059979759504e+01 9.589749410394785567e-01 2.834907319404628701e-01 2.595417052836069757e-04 6.544537015638491084e+01 9.106881388312162637e-04 -3.996132860569511815e-03 9.999916007493574455e-01 -9.741580053629267377e-01 1.779394226533356704e-16 1.525000091532909742e-16 -5.213020878738218015e-18 9.999999999999303890e-01
2.830409402694641918e-01 -9.591037990469931662e-01 -2.780069224346287237e-03 -5.150847653841807272e+01 9.590982439798887427e-01 2.830498811210593324e-01 -3.650094758383290623e-03 6.629730645654861121e+01 4.287718013103715420e-03 -1.633233258738470747e-03 9.999894739562759094e-01 -9.868467863412849761e-01 1.755194053761162322e-16 1.538276832095240054e-16 -5.362203023484409118e-18 9.999999999999269473e-01
2.835404901138986467e-01 -9.589473875127786373e-01 -4.969753341430258563e-03 -5.125886605281883845e+01 9.589583830862333791e-01 2.835463939419803348e-01 -5.118503892255943551e-04 6.715524707769755253e+01 1.899993232286868120e-03 -4.620656318421124432e-03 9.999875197025658302e-01 -9.914873061415108157e-01 1.734233167827585044e-16 1.545914307292875618e-16 -5.496038488790244506e-18 9.999999999999235056e-01
2.838808564350570052e-01 -9.588478190146479951e-01 -4.745452606154327083e-03 -5.101111367581816580e+01 9.588506359511039800e-01 2.838533829759397054e-01 5.719694830152985410e-03 6.801829181542352387e+01 -4.137304137313645332e-03 -6.173892116230416185e-03 9.999723825039350533e-01 -9.831802553942410317e-01 1.709726187278606850e-16 1.562177063444663607e-16 -5.630746460352145995e-18 9.999999999999199529e-01
2.831953588841610303e-01 -9.590557196063100864e-01 -3.537710669063265628e-03 -5.075731965975826654e+01 9.590286238157929022e-01 2.831526183361511295e-01 9.417718992860835484e-03 6.887520173185272654e+01 -8.030405226887407308e-03 -6.059820104476731570e-03 9.999493943056194656e-01 -9.795840258329004957e-01 1.688034706278234495e-16 1.573829560729024679e-16 -5.792377122659469614e-18 9.999999999999162892e-01
2.832145760652687305e-01 -9.590490667543092318e-01 -3.793608011080139373e-03 -5.050918859670408523e+01 9.590154844960605551e-01 2.831636144809335232e-01 1.037631584559453243e-02 6.972359658091663448e+01 -8.877184271723962544e-03 -6.576852718077518672e-03 9.999389684414300428e-01 -9.863228275550032231e-01 1.676691663449539035e-16 1.541442105376080486e-16 -5.975907627275364751e-18 9.999999999999124034e-01
2.835759057399110383e-01 -9.589390696087284338e-01 -4.535026087808808996e-03 -5.025537517999277526e+01 9.588951525846270973e-01 2.835060929827566967e-01 1.201588910539302772e-02 7.058793695713963245e+01 -1.023679799151702707e-02 -7.756031168791792212e-03 9.999175225724213911e-01 -1.004264690287892225e+00 1.675557130370758195e-16 1.496992174632866992e-16 -6.160341214630487392e-18 9.999999999999084066e-01
2.836146373568682044e-01 -9.589120409972260450e-01 -7.101767902903493440e-03 -5.001126225458182262e+01 9.588893821163620990e-01 2.835175471915183376e-01 1.220464250316439896e-02 7.144626549579999164e+01 -9.689702835795213978e-03 -1.027122509397034381e-02 9.999003008270379578e-01 -1.017877117754398597e+00 1.670533754233788686e-16 1.458644272979246107e-16 -6.350276488905034922e-18 9.999999999999041878e-01
2.837817206394329661e-01 -9.588414595648373506e-01 -9.538891464622977975e-03 -4.976568239633097335e+01 9.588709405361687255e-01 2.837014667399292422e-01 8.944113399734866798e-03 7.229211753157505882e+01 -5.869789247127857497e-03 -1.168474172054384877e-02 9.999145025376399154e-01 -1.027154651508537908e+00 1.665194306708201436e-16 1.398385073860140788e-16 -6.564712974829745786e-18 9.999999999998997469e-01
2.838327363044741980e-01 -9.588252962090990650e-01 -9.645162068403783165e-03 -4.951418733780111125e+01 9.588709196508170551e-01 2.838422071864397100e-01 4.010824424808963578e-04 7.313024658904468822e+01 2.353136098450477401e-03 -9.362305749862758278e-03 9.999534039051646284e-01 -1.023096904412089891e+00 1.671949315871064310e-16 1.311193424911167051e-16 -6.841727963092909673e-18 9.999999999998953060e-01
2.835243724501562146e-01 -9.589222945485224026e-01 -9.053355423258135914e-03 -4.926186675011750538e+01 9.589250371620700042e-01 2.835861339778417700e-01 -6.455828282253578410e-03 7.397473366606317313e+01 8.758043733638068776e-03 -6.851104523336182771e-03 9.999381776073690276e-01 -1.020388577955609888e+00 1.671031006931821380e-16 1.263064077794054424e-16 -7.058627009018671801e-18 9.999999999998911981e-01
2.836692458035087183e-01 -9.588750793577818232e-01 -9.504797302058446556e-03 -4.900835663927238528e+01 9.588868625173351257e-01 2.837299385054991019e-01 -5.771211909125933438e-03 7.483132156033677518e+01 8.230666831373609910e-03 -7.476909934219900557e-03 9.999381740594377455e-01 -1.018508953544733364e+00 1.677204880656109299e-16 1.201593507808003322e-16 -7.260651975116061194e-18 9.999999999998870903e-01
2.838284542167850977e-01 -9.588413391519983175e-01 -8.043314614606498700e-03 -4.875753718508313739e+01 9.588728106595049150e-01 2.838360261757570391e-01 2.078996285564802438e-04 7.568718813410190194e+01 2.083639699238078874e-03 -7.771523521752419714e-03 9.999676304099699431e-01 -1.011457728666586897e+00 1.673162144203291964e-16 1.147440569871261756e-16 -7.444102169840609004e-18 9.999999999998828715e-01
2.835165185726857273e-01 -9.589404432052357485e-01 -7.184015704743142508e-03 -4.850681579598263227e+01 9.589533910909457948e-01 2.834640107612343973e-01 7.519861559549470206e-03 7.654525946509509993e+01 -5.174689471715422477e-03 -9.021141191247536786e-03 9.999459193378681388e-01 -1.008838368107767502e+00 1.669970758443744385e-16 1.087035433661559860e-16 -7.658500246953408394e-18 9.999999999998784306e-01
2.833762776658610427e-01 -9.589825379657066495e-01 -7.097685042878253310e-03 -4.825601944068983329e+01 9.589645695748962861e-01 2.832843623939890199e-01 1.170146668565693292e-02 7.739974156625558521e+01 -9.210839038283470323e-03 -1.012234655475688361e-02 9.999063448865657122e-01 -1.014150827267968680e+00 1.669135471004773386e-16 1.017308363388231625e-16 -7.892465421466523445e-18 9.999999999998738787e-01
2.833064380196989585e-01 -9.590036587520277545e-01 -7.031690884010889826e-03 -4.800510010747216683e+01 9.589852173449937567e-01 2.832153502766099895e-01 1.167982367110870397e-02 7.825247010144983051e+01 -9.209510837415698162e-03 -1.005225685168936386e-02 9.999070642026179900e-01 -1.024448934855314297e+00 1.676951366691299159e-16 9.293173926015831552e-17 -8.186193188470021355e-18 9.999999999998693268e-01
2.839430094803395699e-01 -9.587867104295493270e-01 -1.021818334166723838e-02 -4.775954689745732651e+01 9.588217590655115918e-01 2.838533517958550800e-01 9.386640308313601994e-03 7.910210287972299170e+01 -6.099320392392794561e-03 -1.246268742418831128e-02 9.999037352229931397e-01 -1.033905116861341122e+00 1.695070149560094056e-16 8.131562548989761726e-17 -8.442040738901132253e-18 9.999999999998645528e-01
2.842578127529289955e-01 -9.586637680507883452e-01 -1.269943760395231963e-02 -4.751030421796339454e+01 9.587406003734861848e-01 2.841791021994866107e-01 7.661531705044703246e-03 7.995231129580685092e+01 -3.735918076665548874e-03 -1.435331667765863198e-02 9.998900065589469977e-01 -1.041394510022560116e+00 1.709631030505668120e-16 7.038831703998971919e-17 -8.727469208777619614e-18 9.999999999998598899e-01
2.835267820047320808e-01 -9.588814376274006346e-01 -1.260763496939247726e-02 -4.725785624284033304e+01 9.589597055017967664e-01 2.834601354943633855e-01 6.828968362511880254e-03 8.080801800698456816e+01 -2.974409084266249267e-03 -1.402640934158542671e-02 9.998972010819698886e-01 -1.044446845488641751e+00 1.729665778176815127e-16 5.853026444586452215e-17 -9.073925065491134555e-18 9.999999999998551159e-01
2.826344393543525069e-01 -9.591479873161311565e-01 -1.236576395276604151e-02 -4.700520752579825512e+01 9.592179542307363027e-01 2.825499821564233516e-01 8.150083696723441767e-03 8.166387157387016771e+01 -4.323189989961431258e-03 -1.416495713761544741e-02 9.998903259945943756e-01 -1.048949361895628929e+00 1.764317307894833889e-16 4.535365687555172279e-17 -9.470623086754319222e-18 9.999999999998504530e-01
2.824237135637406304e-01 -9.591935535080557962e-01 -1.358576186026861504e-02 -4.675768926522765412e+01 9.592576522492626268e-01 2.822700634350003290e-01 1.218063582399821730e-02 8.251872626296588464e+01 -7.848733497892133870e-03 -1.647234642910990615e-02 9.998335157342822521e-01 -1.050328824171331776e+00 1.791171670101408286e-16 3.436106316490097148e-17 -9.839562135915545975e-18 9.999999999998454570e-01
2.821964483854553229e-01 -9.592657234866571736e-01 -1.320743207905683038e-02 -4.650796829148423228e+01 9.593093470534971301e-01 2.820190971446315809e-01 1.381323644004485082e-02 8.337408862201394300e+01 -9.525816176811190139e-03 -1.656805930813343153e-02 9.998173624402132420e-01 -1.055390976409109394e+00 1.828788905335356734e-16 2.169762900898168726e-17 -1.019041744211207178e-17 9.999999999998405720e-01
2.812136714718913022e-01 -9.595704675655042371e-01 -1.197450430227570140e-02 -4.625395289653832975e+01 9.596047917005969818e-01 2.810654638797649429e-01 1.268261639885976538e-02 8.422392435579287451e+01 -8.804244541352448244e-03 -1.505731682812743062e-02 9.998478696721669889e-01 -1.062311367104427751e+00 1.870015063256709218e-16 8.374962804548492652e-18 -1.053981567308317089e-17 9.999999999998356870e-01
2.806213831188377750e-01 -9.597207144782972099e-01 -1.370363227767565709e-02 -4.601216653916184640e+01 9.597900698325159130e-01 2.804744803159959776e-01 1.170844745329411955e-02 8.507824622091671074e+01 -7.393320413778582678e-03 -1.643825089929962929e-02 9.998375481650052521e-01 -1.077712902575681975e+00 1.902753281896843120e-16 -5.700337270791057327e-18 -1.085964462882274479e-17 9.999999999998306910e-01
2.798511492894555919e-01 -9.599506606362908645e-01 -1.334403931288210589e-02 -4.576655960762261799e+01 9.600195270286978610e-01 2.797191312496450921e-01 1.094145035750237853e-02 8.593479918869161338e+01 -6.770669415037238077e-03 -1.587251576727928201e-02 9.998510995537629453e-01 -1.091042750779616100e+00 1.943387171520103831e-16 -2.072033972542121047e-17 -1.118289574025835916e-17 9.999999999998255840e-01
2.784138023696556274e-01 -9.604187336141571940e-01 -9.033868103516272396e-03 -4.551278466767858788e+01 9.604456655114762542e-01 2.783434487964576154e-01 8.309519341261862105e-03 8.677824716397384464e+01 -5.466100038766502807e-03 -1.099002433852232230e-02 9.999246677202159317e-01 -1.092728088900974059e+00 1.979030232969241181e-16 -3.317007756543574999e-17 -1.150165178024457685e-17 9.999999999998205880e-01
2.771203481155636306e-01 -9.607304600014704432e-01 -1.418787811945812147e-02 -4.527283224411941376e+01 9.608346516450469998e-01 2.770739650855553182e-01 5.175912409087836050e-03 8.762573311926144015e+01 -1.041565062996751634e-03 -1.506655557914896026e-02 9.998859505189476859e-01 -1.094644039958103443e+00 2.032370255457971012e-16 -4.351033105838161167e-17 -1.181183016192374163e-17 9.999999999998153699e-01
2.763964986418424585e-01 -9.607964357301983505e-01 -2.179872992941345178e-02 -4.504103217131905268e+01 9.610348818675830129e-01 2.764199712715841861e-01 1.988797455678331921e-03 8.847848239656708813e+01 4.114774794044064737e-03 -2.149903649587234580e-02 9.997604013252988642e-01 -1.105183074944614985e+00 2.088102959147823155e-16 -5.757374231697425724e-17 -1.222999104215862053e-17 9.999999999998100408e-01
2.750954123205684998e-01 -9.611431851389677927e-01 -2.294105012753407113e-02 -4.480542500569867315e+01 9.614025743011744840e-01 2.751433775122170133e-01 1.100880362529621818e-03 8.932760399289117004e+01 5.253974357671618682e-03 -2.235843178706828707e-02 9.997362133490267366e-01 -1.106644842703785159e+00 2.143836429425245209e-16 -7.708391123059401981e-17 -1.282200763063100120e-17 9.999999999998044897e-01
2.737594238584101780e-01 -9.615596891927983281e-01 -2.141826248829975521e-02 -4.456539973310969316e+01 9.617954007476530176e-01 2.737444679695144600e-01 3.684203585971885641e-03 9.018124927229825971e+01 2.320549214645458401e-03 -2.160857180436507458e-02 9.997638144461407084e-01 -1.094690261831044564e+00 2.188883496573333371e-16 -9.478691930887009402e-17 -1.338816828410604826e-17 9.999999999997988276e-01
2.733031056106826062e-01 -9.617486083713573386e-01 -1.857489593967437055e-02 -4.432693862529752948e+01 9.619261369560215824e-01 2.732139665755302094e-01 7.227413661188345634e-03 9.103556671514827769e+01 -1.876034032359903117e-03 -1.984295249478667048e-02 9.998013491352064630e-01 -1.085314050037208267e+00 2.223148641330349322e-16 -1.113368202068021359e-16 -1.387629447604065598e-17 9.999999999997931655e-01
2.721749125439268946e-01 -9.620493578989169903e-01 -1.954098124051091567e-02 -4.409508924606760161e+01 9.622387012891070457e-01 2.720279301816674877e-01 9.873547580090796458e-03 9.189197934091728825e+01 -4.183147429028841874e-03 -2.149042035993460609e-02 9.997603028277932680e-01 -1.089286888953423516e+00 2.265645877105340480e-16 -1.297893786830518877e-16 -1.430128373228590590e-17 9.999999999997875033e-01
2.712716382916423585e-01 -9.623406900837573330e-01 -1.766619561588815557e-02 -4.386442766328884346e+01 9.624888383065651754e-01 2.711230304054534912e-01 1.037007802837965065e-02 9.274246931709768660e+01 -5.189835554930783031e-03 -1.981662415164474680e-02 9.997901614909631141e-01 -1.097408421257309197e+00 2.289960975770256964e-16 -1.448156233748300829e-16 -1.471961328398183510e-17 9.999999999997821742e-01
2.698310008528004844e-01 -9.628026810658879553e-01 -1.422070008702178666e-02 -4.362822024028800172e+01 9.628863179245205073e-01 2.696971726826509208e-01 1.064771336962385372e-02 9.359686222369489883e+01 -6.416364372449396766e-03 -1.656600070046163747e-02 9.998421864919546653e-01 -1.110300100442747517e+00 2.312716053123205992e-16 -1.582806514476767951e-16 -1.501667659486939652e-17 9.999999999997767341e-01
2.688979268104230158e-01 -9.630630422673397417e-01 -1.426469683107494356e-02 -4.340177830750501187e+01 9.631319960748916387e-01 2.687289378136025197e-01 1.270889915022381869e-02 9.444924088618611790e+01 -8.406134251826777315e-03 -1.715618256589628021e-02 9.998174844973888309e-01 -1.115354169638553827e+00 2.346419573129417475e-16 -1.723550747689682330e-16 -1.522570137822025318e-17 9.999999999997715161e-01
2.685280415540588494e-01 -9.630840797443056545e-01 -1.901962781060017801e-02 -4.318330524362097123e+01 9.632356330613293105e-01 2.682943355303814004e-01 1.397371541425758944e-02 9.529881807666789939e+01 -8.355004444859816595e-03 -2.207271766820326220e-02 9.997214557242666277e-01 -1.113865394954938637e+00 2.373957158772585919e-16 -1.884781441843210747e-16 -1.543735107341482095e-17 9.999999999997665201e-01
2.682959693652657851e-01 -9.630440245869283933e-01 -2.373772376640440399e-02 -4.296510210324981927e+01 9.633089660533985521e-01 2.680204206990481897e-01 1.417356725210419145e-02 9.615134909676487496e+01 -7.287574538901225515e-03 -2.666947310319044487e-02 9.996177421703351662e-01 -1.118492679465582063e+00 2.437577206980993590e-16 -2.063714729822471091e-16 -1.568248215667228002e-17 9.999999999997619682e-01
2.687193738278075283e-01 -9.628602225370375134e-01 -2.626956385936932495e-02 -4.273907773606963900e+01 9.632050324152318099e-01 2.684713865503860486e-01 1.261666092447250552e-02 9.699979698231361169e+01 -5.095454712004543994e-03 -2.869331733216871558e-02 9.995752747450958875e-01 -1.127625371642815955e+00 2.510937088923147243e-16 -2.264428384820808167e-16 -1.603567392971200541e-17 9.999999999997570832e-01
2.702653374562274391e-01 -9.623839188449208049e-01 -2.781798192188026861e-02 -4.250557061859024088e+01 9.627739606631148250e-01 2.700053984006326457e-01 1.278223387197162560e-02 9.784518453406674610e+01 -4.790411033772709083e-03 -3.023702338348677882e-02 9.995312773390415684e-01 -1.141448727113965722e+00 2.562008976620909361e-16 -2.413583971859261081e-16 -1.629852612969470127e-17 9.999999999997523092e-01
2.713223989567921657e-01 -9.621084256487952846e-01 -2.704686894572191566e-02 -4.226669116770921875e+01 9.624573904393898260e-01 2.709804626423223395e-01 1.566398588869967121e-02 9.869662835957507241e+01 -7.741279742813692716e-03 -3.028144913365425975e-02 9.995114338647120844e-01 -1.152965067842432800e+00 2.627231753911092275e-16 -2.577938877670038615e-16 -1.663270464125394620e-17 9.999999999997474243e-01
