1.000000000000000000e+00 -3.306050084167601550e-19 -2.270457535318767223e-19 -8.673617379884035472e-19 7.546676715296109287e-19 1.000000000000000000e+00 6.237773588823049983e-19 1.387778780781445676e-17 -3.447385680526250622e-20 4.770700176052009879e-20 1.000000000000000222e+00 5.551115123125782702e-17
9.880451897133877281e-01 6.097806115147331660e-03 -1.540196756921719257e-01 -4.270719668071293995e+00 -6.050584386637040436e-03 9.999813685923200079e-01 7.752139172446387153e-04 -7.994728248947725879e-02 1.540215635177012710e-01 1.661749902962366137e-04 9.880636940937371770e-01 3.448443187040399760e+00
9.736396083082323738e-01 1.511120185074595924e-02 -2.275902990795841130e-01 -8.482194748101237636e+00 -1.424931525441252775e-02 9.998836287965521263e-01 5.429635708706072490e-03 -7.058288132528739434e-02 2.276458861134809109e-01 -2.043270318579610851e-03 9.737417918487679680e-01 5.763566870562190303e+00
9.342395112271870694e-01 1.278204060695723419e-02 -3.563816626419439304e-01 -1.198692759597787294e+01 -1.132418843694855612e-02 9.999167251931662115e-01 6.175204434784483699e-03 -1.194455937554335795e-01 3.564309908509787350e-01 -1.733027708804880506e-03 9.343064453499718702e-01 6.848680857970399494e+00
9.090577553507458441e-01 1.823751148819578033e-02 -4.163055302618111631e-01 -1.576812790535565156e+01 -1.243477271948677763e-02 9.997840927828997026e-01 1.664594713719563454e-02 -2.098501230248048244e-02 4.165193376964413385e-01 -9.956236877856206383e-03 9.090882542146824230e-01 6.646797957966145809e+00
8.745744802559568543e-01 2.001237023167194359e-02 -4.845931624784206027e-01 -2.000387396155356967e+01 -6.291267927990968484e-03 9.995322200234527665e-01 2.993314284570258721e-02 6.866119321914768148e-02 4.849655126395807647e-01 -2.313214299179030056e-02 8.742913056829624274e-01 6.739325227643913507e+00
7.860863735689274101e-01 2.043315177505635252e-02 -6.178778115206995381e-01 -2.405287838662984257e+01 -5.297735144544564283e-03 9.996394270597731557e-01 2.632233484796274101e-02 -9.008642037715906825e-02 6.181930377137178079e-01 -1.741657698407182361e-02 7.859111145782087249e-01 6.848768966200880826e+00
8.543671881953077696e-01 2.651770184822828738e-02 -5.189688013503737096e-01 -2.793596061025320409e+01 -8.057354568246161142e-03 9.992532275568173361e-01 3.779176310156231317e-02 1.961406272329434819e-01 5.195831459976617550e-01 -2.810872285104690227e-02 8.539425672839165982e-01 5.768572532779373319e+00
7.357887638987150591e-01 2.772238924939180588e-02 -6.766866522529482175e-01 -3.165285961122724956e+01 -2.065311742179604029e-03 9.992489704168834308e-01 3.869327648314092177e-02 -4.759094618034158397e-02 6.772513419442898197e-01 -2.707085616638737341e-02 7.352933980963585192e-01 5.476995859889441043e+00
5.589443912436437012e-01 3.068585006992086833e-02 -8.286801547561577497e-01 -3.575506232971464726e+01 2.627504723646569354e-02 9.981578545920125611e-01 5.468642704943771360e-02 3.995899846438386582e-01 8.288322303411230774e-01 -5.233211640757172434e-02 5.571084193903266257e-01 3.742098560131255969e+00
1.856026729652396345e-01 2.787412719543950340e-02 -9.822393052732411034e-01 -4.005193052029413536e+01 3.379488132443392301e-02 9.988252376795984100e-01 3.473291595618845790e-02 6.343520467599356172e-02 9.820534277018927449e-01 -3.964247347974631658e-02 1.844426606108459932e-01 1.425141893562939854e+00
5.100578871812725401e-01 2.079548972213071667e-02 -8.598159491582381131e-01 -4.318208944812727168e+01 4.245987630209779179e-02 9.978803015186358261e-01 4.932687836741729559e-02 8.730219445011254409e-02 8.590194043142870273e-01 -6.166653468967044083e-02 5.080935533960390105e-01 -2.318937834661077613e+00
-2.072078486994535507e-01 3.080197623369703222e-02 -9.777620759499332515e-01 -4.719827815325759701e+01 5.279349841306872626e-02 9.983998346665835522e-01 2.025230697931217766e-02 1.655112293180732719e-02 9.768216901510637928e-01 -4.741573166641324666e-02 -2.085023132586185657e-01 -4.877733660980314134e+00
1.599122543025739418e-01 3.827441434486174299e-02 -9.864189807231404927e-01 -4.776312838744120626e+01 4.874467602339910277e-02 9.977228867887678598e-01 4.661831363080215507e-02 -1.220839697600887286e-01 9.859578285220718108e-01 -5.552665729597106026e-02 1.576824449729971045e-01 -8.976952174776284821e+00
5.505682441590309395e-01 3.557288278839203927e-02 -8.340420455140755696e-01 -4.943240244870508349e+01 3.836209942871908474e-02 9.969580241789728348e-01 6.784865073511767153e-02 -3.096703852624679842e-01 8.339188988678176706e-01 -6.934554873802251107e-02 5.475287157547089611e-01 -1.243286151310386778e+01
8.276070964372259642e-01 2.320012002818951091e-02 -5.607360936328096290e-01 -5.170135451447745822e+01 2.706072951219230457e-02 9.963345195020378853e-01 8.114674696203842685e-02 -3.773308128993864141e-01 5.605629329657567661e-01 -8.233497405558140581e-02 8.239456139801700774e-01 -1.470500573458280513e+01
8.809904708928421035e-01 1.665131890840525555e-02 -4.727799973781597331e-01 -5.359902957650290745e+01 2.661224134484218781e-02 9.960544194352183300e-01 8.463943686983982362e-02 -4.400899306059348204e-01 4.723243546289285222e-01 -8.714586124733954275e-02 8.770712872308388253e-01 -1.605277963651598583e+01
9.329828449885377850e-01 9.515980581469747623e-03 -3.597913314460576828e-01 -5.449903139060457136e+01 2.301351995026111596e-02 9.960275824942053102e-01 8.599849950024900103e-02 -4.516965238185577936e-01 3.591804995221192232e-01 -8.851440066056227851e-02 9.290576810759119120e-01 -1.666777485358605304e+01
9.473266555799995103e-01 4.946983195738246207e-03 -3.202077527845922367e-01 -5.439413299105493138e+01 2.469742005283947009e-02 9.957749431483863267e-01 8.845144180822288316e-02 -4.244311539758559015e-01 3.192922795033869554e-01 -9.170164249480601548e-02 9.432017665021747987e-01 -1.649015559706274203e+01
9.758882898228737890e-01 4.167675116461883565e-03 -2.182374381318306911e-01 -5.460835031773724069e+01 1.646755739432710988e-02 9.955623067360815925e-01 9.264898389213237218e-02 -3.475887249140457436e-01 2.176547507380849900e-01 -9.400952805434466264e-02 9.714889233232471000e-01 -1.584374764892121945e+01
9.770962206153679386e-01 6.531590231340099299e-03 -2.126965936797913237e-01 -5.453726558664518365e+01 1.368581158752001786e-02 9.955306988345713481e-01 9.346667661675560346e-02 -3.423367022856947384e-01 2.123561421303979957e-01 -9.423761809434495762e-02 9.726398637875184328e-01 -1.566416343531463973e+01
9.898273511090374122e-01 4.284627318759851033e-03 -1.422087192983829962e-01 -5.458868130863808688e+01 9.633134992572098959e-03 9.952342957877795548e-01 9.700728934420327354e-02 -2.814878193616613955e-01 1.419468535174858714e-01 -9.738996694348121819e-02 9.850687966761813019e-01 -1.504361915357750057e+01
9.931350535217967623e-01 3.315132579835960644e-03 -1.169478784013797817e-01 -5.458526625728530490e+01 8.247298842410693415e-03 9.951262617776562847e-01 9.827661117598852913e-02 -2.659323737797159026e-01 1.167038651953081763e-01 -9.856625849960132246e-02 9.882673292623146422e-01 -1.479363987469573161e+01
9.981983533174830781e-01 4.104339874799117945e-03 -5.986218103671041291e-02 -5.457488905994948425e+01 1.862809846243640693e-03 9.950570210092685164e-01 9.928540685928601006e-02 -2.047072129470968727e-01 5.997377193591590244e-02 -9.921805685856323331e-02 9.932563925838017171e-01 -1.412490680176068736e+01
9.995594972162078484e-01 1.320940006874423171e-03 -2.965183597487115741e-02 -5.456172221395051025e+01 1.603912329009513299e-03 9.951449922495825273e-01 9.842423106645759034e-02 -1.756436711610947221e-01 2.963779439923310693e-02 -9.842842742448196236e-02 9.947042419947812464e-01 -1.377884727116172847e+01
9.998465200242699913e-01 -1.413424433477114594e-03 1.745171698763842150e-02 -5.451958944576174559e+01 -2.804465004410935177e-04 9.953189870694285624e-01 9.666649478791972117e-02 -1.133138523199423153e-01 -1.750663704785710914e-02 -9.665656166110855874e-02 9.951657850587064535e-01 -1.308556665499590466e+01
9.990879099175160594e-01 -6.034342741284226541e-03 4.227778091611149314e-02 -5.446079079615681451e+01 2.075333762641087820e-03 9.956567540654677195e-01 9.306818957865942155e-02 -7.779387648024611857e-02 -4.265584961260614205e-02 -9.289554590222859343e-02 9.947609846299926284e-01 -1.268835433689452863e+01
9.973403187354046295e-01 -7.364213224441431248e-03 7.250884955202281656e-02 -5.440347162031962114e+01 7.525676858901493571e-04 9.958700018262156561e-01 9.080631363827031122e-02 -2.548333241800136706e-02 -7.287787215203515856e-02 -9.051032101419288767e-02 9.932267617290294615e-01 -1.202615798799814684e+01
9.955914189965446859e-01 -9.103812482894388727e-03 9.337083308563107198e-02 -5.433130809980796982e+01 7.317286827459118471e-04 9.960021264312098888e-01 8.931865123980302357e-02 2.271332528287277330e-02 -9.381083056644613782e-02 -8.885655983306575689e-02 9.916177930922956962e-01 -1.148362236138939352e+01
9.939675699804855213e-01 -1.096373026070448890e-02 1.091101059678498963e-01 -5.424169229357997324e+01 9.978639476494006663e-04 9.958536203425063515e-01 9.097010188275093945e-02 7.790799019702962513e-02 -1.096549845150668889e-01 -9.031235243444178662e-02 9.898572020872866695e-01 -1.085032243510072192e+01
9.926155347491090186e-01 -1.297061444200163331e-02 1.205877926063164823e-01 -5.417088574128099054e+01 1.870742435849696720e-03 9.957854731245497915e-01 9.169584470833086476e-02 1.336222251892921764e-01 -1.212690783355073743e-01 -9.079280670253302155e-02 9.884562966994004940e-01 -1.018998146012386208e+01
9.910780843244656468e-01 -1.147208495160009778e-02 1.327930699777692125e-01 -5.408470371832145673e+01 -1.025907157628417644e-03 9.956026133268062184e-01 9.367010108282698699e-02 1.880091902160976047e-01 -1.332840652759520739e-01 -9.297013284182367721e-02 9.867081530376625720e-01 -9.528157360625552741e+00
9.895164494408047462e-01 -1.131269256803336086e-02 1.439895659387100402e-01 -5.398916008920819110e+01 -2.601425005069078929e-03 9.953694888632468318e-01 9.611383481511703852e-02 2.550444321165424855e-01 -1.444098167050662795e-01 -9.548104643586349805e-02 9.849049376076612905e-01 -8.827819705142292861e+00
9.877585239517934212e-01 -1.210667207602279458e-02 1.554894172787581741e-01 -5.387556015367358953e+01 -3.206029325803078523e-03 9.951974928910101159e-01 9.783613881460909156e-02 3.215631305103853199e-01 -1.559271287856821009e-01 -9.713695954914322583e-02 9.829759351568611025e-01 -8.105946693373354606e+00
9.861723131295726530e-01 -1.152294349084705821e-02 1.653285018562898612e-01 -5.373926910416692948e+01 -5.330446272959581989e-03 9.948581010752400866e-01 1.011548664053199681e-01 3.876457066939493767e-01 -1.656440874908282623e-01 -1.006370452033169549e-01 9.810400508830782185e-01 -7.360605734978412862e+00
9.842617659336755365e-01 -1.206732822673229136e-02 1.762690508490940278e-01 -5.361877642766013707e+01 -6.173548262937880726e-03 9.947087653255640705e-01 1.025365907077747385e-01 4.572537138022710890e-01 -1.765736973291250345e-01 -1.020110825722358033e-01 9.789792859213941600e-01 -6.614304741803219478e+00
9.825604768840203729e-01 -1.249003173292309241e-02 1.855255738785609454e-01 -5.347346932053934410e+01 -6.874506534192465282e-03 9.946192578483943336e-01 1.033529076139011321e-01 5.236652462830451160e-01 -1.858183903067791298e-01 -1.028256583713805239e-01 9.771877836925735306e-01 -5.867715032754375670e+00
9.804531975484849227e-01 -1.327109206017532128e-02 1.963096062551754062e-01 -5.332063726448082974e+01 -8.196617558279058191e-03 9.941014323971478772e-01 1.081393979761482022e-01 6.004367758039578229e-01 -1.965868521230937083e-01 -1.076346210103890505e-01 9.745610636235507718e-01 -5.060596250733162549e+00
9.780731430877218635e-01 -1.246052718700598784e-02 2.078601720350524151e-01 -5.316147738542763790e+01 -1.122293895380291166e-02 9.936045806166378114e-01 1.123637991490435695e-01 6.832376993914293095e-01 -2.079306142116701395e-01 -1.122333579875158249e-01 9.716781346215990212e-01 -4.279378458875392255e+00
9.751803298522718766e-01 -1.350782641910204356e-02 2.209785861485145664e-01 -5.297933664096126449e+01 -1.221628388812109542e-02 9.933343681312075679e-01 1.146394545039920859e-01 7.577349771932225808e-01 -2.210536000257914135e-01 -1.144947535346007711e-01 9.685151405785323853e-01 -3.471487079565227951e+00
9.721486372665298914e-01 -1.410873199029315760e-02 2.339755980927318291e-01 -5.278560422126695073e+01 -1.397305761171585906e-02 9.929214821394997115e-01 1.179420492417242866e-01 8.420432940880789863e-01 -2.339838778028325295e-01 -1.179256953670364538e-01 9.650701374756843753e-01 -2.690791999330804707e+00
9.684596999928579697e-01 -1.519616086616795703e-02 2.486827285077624072e-01 -5.257919743655922673e+01 -1.491750244950968730e-02 9.928121389468642644e-01 1.187750236487092742e-01 9.206023682435704458e-01 -2.486995063902072700e-01 -1.187399767606513862e-01 9.612718655700129844e-01 -1.895880506957956291e+00
9.648802522813216820e-01 -1.434925549549386815e-02 2.623096208409230190e-01 -5.235904691494402385e+01 -1.736396448333546796e-02 9.928393844624698872e-01 1.181896177522543528e-01 1.001350929391104261e+00 -2.621262695601028758e-01 -1.185957891808066267e-01 9.577219359223768658e-01 -1.114194434182348203e+00
9.609567170022546012e-01 -1.440123162841892845e-02 2.763952677229247201e-01 -5.213933983331423150e+01 -1.896908383121739469e-02 9.928664761341221556e-01 1.177150748474398573e-01 1.079866613562409539e+00 -2.761196043658833421e-01 -1.183601155673430216e-01 9.538285888994511019e-01 -3.201833256204656419e-01
9.546346865679944393e-01 -1.271792221059417013e-02 2.975106035156974138e-01 -5.189806965883150269e+01 -2.297371538481629907e-02 9.929642480388068959e-01 1.161581616237875314e-01 1.162212517235945208e+00 -2.968953877444522882e-01 -1.177218102521938592e-01 9.476258154351605567e-01 4.609089203972898119e-01
9.465912694533973326e-01 -1.015152554516078262e-02 3.222492404172404568e-01 -5.162820875968517242e+01 -2.822682486042368127e-02 9.930580490463212229e-01 1.142111799537974259e-01 1.244491943832971126e+00 -3.211715764823133146e-01 -1.172086279998755393e-01 9.397334706352610256e-01 1.253181161128557486e+00
9.364612999248000946e-01 -8.797021630103407305e-03 3.506497475224013560e-01 -5.132717942538562994e+01 -3.314102804824696491e-02 9.929947633095116410e-01 1.134085835835706713e-01 1.328262794194520646e+00 -3.491912383270159292e-01 -1.178227590114191703e-01 9.296094098453698829e-01 2.041862779346495849e+00
9.237262450619053711e-01 -7.322888087395423851e-03 3.830323385020448779e-01 -5.100215887418486460e+01 -3.914744547243119432e-02 9.927776007719347762e-01 1.133827326507355765e-01 1.406973391319508160e+00 -3.810967631976567294e-01 -1.197256754474210205e-01 9.167680152425151663e-01 2.828554811538936065e+00
9.106141986992769555e-01 -8.006498900758824214e-03 4.132261369364587655e-01 -5.064161463446361466e+01 -4.188074755970387641e-02 9.928770303641576422e-01 1.115358002721972830e-01 1.485551528676567923e+00 -4.111767352172978618e-01 -1.188677931744509947e-01 9.037922916351130986e-01 3.597050729079908304e+00
8.955015159788990431e-01 -8.263724150212387737e-03 4.450059180772328316e-01 -5.026152110885938384e+01 -4.542078514886253859e-02 9.929103840303900030e-01 1.098518423006119155e-01 1.558053593083440491e+00 -4.427592562180655555e-01 -1.185830967264852737e-01 8.887771759375188152e-01 4.362858696086804322e+00
8.803567839341768231e-01 -7.950673501346287517e-03 4.742345302361463122e-01 -4.984264279527175034e+01 -4.818441905174311590e-02 9.931876324620773078e-01 1.060859394060853500e-01 1.628536651837570792e+00 -4.718470105090484812e-01 -1.162453341467653140e-01 8.739763880089586046e-01 5.099057757370974997e+00
8.646958918364900937e-01 -5.555542044181666257e-03 5.022224270101433019e-01 -4.942417555553848985e+01 -5.320053805603050523e-02 9.933017728681330372e-01 1.025711466971320623e-01 1.712234835751932582e+00 -4.994291440635860169e-01 -1.154073222058151355e-01 8.586078197810030899e-01 5.839810178308432853e+00
8.465653741335877891e-01 -7.705292141018693121e-03 5.322059618967618366e-01 -4.893710533440190602e+01 -5.179106808108001336e-02 9.939586177965320513e-01 9.674664533820488688e-02 1.782080451280117162e+00 -5.297370041175246680e-01 -1.094600974897165097e-01 8.410516640070753169e-01 6.565830780354123597e+00
8.295721539776598208e-01 -9.473793596386516011e-03 5.583303411133033745e-01 -4.845444904358070204e+01 -5.002276497511253667e-02 9.945751644239674283e-01 9.118962710014098805e-02 1.847228947419853995e+00 -5.561652944584207781e-01 -1.035769653891740610e-01 8.245981587979273053e-01 7.262288730256210911e+00
8.121972888197328544e-01 -1.293450384993987019e-02 5.832957243823150284e-01 -4.794018749730686579e+01 -4.504249284428988448e-02 9.953795336786510628e-01 8.478968753181362339e-02 1.897611010867602310e+00 -5.816977548913678797e-01 -9.513454798199499907e-02 8.078619964331958947e-01 7.954659454280657016e+00
7.956475725154099621e-01 -1.701692452071243769e-02 6.056026905412381645e-01 -4.741256743643219096e+01 -4.113421676308646330e-02 9.957802328563875038e-01 8.203603601611703100e-02 1.958289514501585504e+00 -6.044429747483128779e-01 -9.018381638055342209e-02 7.915904379410385605e-01 8.616998121362016150e+00
7.764687693763661080e-01 -2.017939571550752056e-02 6.297483259853842164e-01 -4.687361205847378898e+01 -3.461777162771494804e-02 9.966118685693603485e-01 7.461093371761708115e-02 2.004763306213129592e+00 -6.291194841727417719e-01 -7.974080714200158793e-02 7.731396050314160995e-01 9.264657691895182623e+00
7.589421578178986438e-01 -2.206243565803142626e-02 6.507447526849968744e-01 -4.629372403366424749e+01 -2.843409649362877573e-02 9.973496805544534993e-01 6.697114946595839058e-02 2.040476039624878002e+00 -6.504968409930277362e-01 -6.933839162640240139e-02 7.563036363476492996e-01 9.926672265591221844e+00
7.419672733055608926e-01 -1.931111329635341184e-02 6.702630423584043928e-01 -4.572820553382811681e+01 -2.411448144237106003e-02 9.981696581371825028e-01 5.545169111706828302e-02 2.072259681313580071e+00 -6.701077044945006334e-01 -5.729844299060982138e-02 7.401435274844112566e-01 1.054175542726803094e+01
7.234041698486476379e-01 -3.698941730050632655e-03 6.904645068970007848e-01 -4.516215095795313061e+01 -2.813200213495057819e-02 9.989973966715725018e-01 3.482903608275752377e-02 2.092720144147030226e+00 -6.899012421288228669e-01 -4.461607650882301601e-02 7.225747632832468792e-01 1.112950368763828202e+01
7.030115789959614503e-01 1.009726456671120043e-02 7.111060479642746790e-01 -4.457884408202654924e+01 -3.018972227204197445e-02 9.994218018378728807e-01 1.565076648375747850e-02 2.104304937406389353e+00 -7.105369264261210960e-01 -3.246503097423433792e-02 7.029097344959082116e-01 1.172319432551090834e+01
6.861329884168841931e-01 1.388055400929711150e-02 7.274290947660033702e-01 -4.395436055512431750e+01 -2.617054751156106668e-02 9.996416815629527441e-01 5.612938615789933409e-03 2.101820508906388607e+00 -7.270904612689821356e-01 -2.289222848580526118e-02 6.862507006180027513e-01 1.230865534008072970e+01
6.663771797620002824e-01 1.636741732035392610e-02 7.454412334589550770e-01 -4.333989336197269893e+01 -2.388136329116893886e-02 9.997146025243268674e-01 -6.025881764447952281e-04 2.083258255789201652e+00 -7.452384898033250771e-01 -1.740164662441662582e-02 6.665779526685070566e-01 1.286825619186950398e+01
6.484732870197600363e-01 1.364861587061832852e-02 7.610730792656805743e-01 -4.268712303419078324e+01 -2.338476859627687185e-02 9.997246033310290825e-01 1.994309304125792791e-03 2.071258214385069962e+00 -7.608362300491751107e-01 -1.908948152972768722e-02 6.486137499118148630e-01 1.342129603229721191e+01
6.326455958803012258e-01 6.878940512585041307e-03 7.743652168943546688e-01 -4.202089246330948669e+01 -2.170921665827664146e-02 9.997252064732374821e-01 8.858214807493875256e-03 2.058328068949777823e+00 -7.740914662402857971e-01 -2.241667626722088774e-02 6.326210771096574259e-01 1.396317795396524275e+01
6.150462212974423526e-01 1.838107740483278113e-04 7.884731493400800595e-01 -4.136770914971489077e+01 -1.559398264793202850e-02 9.998072590933461123e-01 1.192977548939049351e-02 2.039242610770163111e+00 -7.883190227887446611e-01 -1.962980468174692350e-02 6.149305910546767340e-01 1.448888859754063141e+01
6.058650253712144496e-01 -2.175869711911897902e-03 7.955507402571582176e-01 -4.066502631524662092e+01 -1.206126500826084150e-02 9.998562395160145444e-01 1.192245019159920462e-02 2.026758599249938619e+00 -7.954623427147206050e-01 -1.681812435775266457e-02 6.057517828460778908e-01 1.499845755524379065e+01
5.958765225963514878e-01 -2.943478218805982687e-03 8.029931659738988037e-01 -3.998925453423646559e+01 -1.057095875186609205e-02 9.998779850983128270e-01 1.150876777732896122e-02 2.023742820241389850e+00 -8.029290970682084749e-01 -1.534326546370236993e-02 5.957725609202955130e-01 1.550803765528518063e+01
5.877861893073466071e-01 -1.037381080457241110e-03 8.090195616818174340e-01 -3.934523342213059749e+01 -8.295247133514512330e-03 9.999388776601239037e-01 7.305053043973923181e-03 2.009434941491661686e+00 -8.089777673917302181e-01 -1.100252377350735035e-02 5.877417685313395257e-01 1.596696930136075743e+01
5.799141983037016113e-01 4.577109439017292350e-03 8.146602831779723441e-01 -3.868253994268299323e+01 -1.467757784176551041e-02 9.998806454968109936e-01 4.827406841434965339e-03 1.996955538409896258e+00 -8.145409445738429621e-01 -1.476029829994929959e-02 5.799122852011050488e-01 1.644629364345618328e+01
5.661700447532841407e-01 5.775251149932512928e-03 8.242782840576658998e-01 -3.803217587828079616e+01 -1.741430515099445103e-02 9.998361275939503523e-01 4.956578447413108844e-03 1.995388799901494314e+00 -8.241146684161591018e-01 -1.715659000637779000e-02 5.661777370689645705e-01 1.690057278624808035e+01
5.602855515247351370e-01 4.763527008513589178e-03 8.282883025952759715e-01 -3.736459243025269217e+01 -1.567113501104568790e-02 9.998654351940288176e-01 4.848838982102992093e-03 1.986728276632786061e+00 -8.281538170250688502e-01 -1.569749706014058818e-02 5.602849068168501701e-01 1.736558313999082159e+01
5.527715342291713574e-01 5.302793898127120507e-03 8.333172876408658780e-01 -3.667270318425723019e+01 -1.377760338295622861e-02 9.999012500735968700e-01 2.778766470036902417e-03 1.966907971949476197e+00 -8.332205257528546571e-01 -1.301686729505236763e-02 5.527899456281095691e-01 1.782047555899525193e+01
5.477241267623946808e-01 5.878424362021269015e-03 8.366547418777658951e-01 -3.599658658797163469e+01 -1.190342856133591413e-02 9.999288406910423754e-01 7.681084250461564598e-04 1.964985293870078031e+00 -8.365908681127587343e-01 -1.038417789192424591e-02 5.477551741595696466e-01 1.826773675688663090e+01
5.490831185680460358e-01 8.994420800889555562e-03 8.358293324831046478e-01 -3.526575028034164916e+01 -1.347155070543394617e-02 9.999075113288481420e-01 -1.908765732582758329e-03 1.955490247738771670e+00 -8.357693456456340986e-01 -1.020706940467119850e-02 5.491534245159477301e-01 1.876135530162173026e+01
5.537338850980840776e-01 6.028863350706513934e-03 8.326832333027334165e-01 -3.454100438962785802e+01 -1.151169064997440393e-02 9.999336761043525756e-01 4.136616970604947295e-04 1.947123806276134017e+00 -8.326256175923766323e-01 -9.809638764399700520e-03 5.537665923543871882e-01 1.925459730247384371e+01
5.587551674348277819e-01 5.776945802008734074e-03 8.293434147742330120e-01 -3.382674365585010889e+01 -1.185295191515950593e-02 9.999292229661627118e-01 1.020999122250876821e-03 1.937895342509450058e+00 -8.292790750495191432e-01 -1.040130358260085534e-02 5.587840858944806977e-01 1.974714878374541982e+01
5.659713061147911839e-01 7.389695339278355354e-03 8.243209004619681535e-01 -3.306706561981000192e+01 -1.517062956432166723e-02 9.998839820595959438e-01 1.459471345637667304e-03 1.929776926100443823e+00 -8.242147628276705884e-01 -1.332720333249143470e-02 5.660175446007291722e-01 2.028321780866110302e+01
5.720455229906979966e-01 8.492352520310534128e-03 8.200881126207715255e-01 -3.231728943313811442e+01 -1.624074833121738962e-02 9.998676789512207508e-01 9.744612007235145578e-04 1.921712388761425361e+00 -8.199714713367429741e-01 -1.387727617929393475e-02 5.721076534848696937e-01 2.081539662160938775e+01
5.789526528079975698e-01 8.913587116507285316e-03 8.153439207555728263e-01 -3.156603126859022268e+01 -1.845744755650399055e-02 9.998273903825110054e-01 2.173841169205922852e-03 1.913916816052623870e+00 -8.151839638714090119e-01 -1.630060161074693703e-02 5.790171145739264613e-01 2.135211018170616271e+01
5.835079338120603420e-01 1.144767319752749632e-02 8.120845013010703495e-01 -3.079071861605626736e+01 -2.323067562726836149e-02 9.997268027403958257e-01 2.604502418078119726e-03 1.910802857501196161e+00 -8.118331745313195347e-01 -2.038191404044769131e-02 5.836142805907935660e-01 2.192303350925586614e+01
5.849136623072694885e-01 1.335416041176848770e-02 8.108850955189745857e-01 -3.003037048715734869e+01 -2.880162443207972406e-02 9.995757878200192126e-01 4.316795014730341086e-03 1.909299586611700406e+00 -8.104835793535510868e-01 -2.588442114393019189e-02 5.850502398904116053e-01 2.247921578625217620e+01
5.852925993232219737e-01 1.400789649263694397e-02 8.106075216236183767e-01 -2.923421359604579450e+01 -3.120428811159455321e-02 9.994993264161189384e-01 5.263955157697825134e-03 1.893875308960413006e+00 -8.101281058500351406e-01 -2.837479163531757970e-02 5.854363767394495932e-01 2.306844498932436949e+01
5.837035349273977936e-01 1.425423337631153385e-02 8.119401127095234871e-01 -2.844352947049884150e+01 -3.258822971744818053e-02 9.994512667801634942e-01 5.882183420859185205e-03 1.893094771972814172e+00 -8.114108929468043518e-01 -2.989714416441548173e-02 5.838481742331431690e-01 2.364947184347372300e+01
5.841335564673831859e-01 1.393753897781297227e-02 8.116163372183291536e-01 -2.764574179949482158e+01 -3.332145436411944328e-02 9.994215337079251915e-01 6.820489998435527723e-03 1.884337778497881422e+00 -8.110519660416590781e-01 -3.102253974058448091e-02 5.842598202365265614e-01 2.426400314417332282e+01
5.836961883129888617e-01 1.357158815241982577e-02 8.118516232468924176e-01 -2.681459802395115943e+01 -3.314385223467054831e-02 9.994252750392440543e-01 7.124762212062379571e-03 1.882211102848861728e+00 -8.112885146918921153e-01 -3.106589035854774930e-02 5.838104638518992751e-01 2.485621205499194275e+01
5.845696825689280507e-01 1.280547024122835956e-02 8.112536020106592138e-01 -2.598366819969675845e+01 -3.412165246104746641e-02 9.993791934857436665e-01 8.818262225245728642e-03 1.869906297451154886e+00 -8.106373348282751579e-01 -3.282659500480002157e-02 5.846431597157447646e-01 2.548808825708694314e+01
5.845692381972672491e-01 1.284896289293634836e-02 8.112886020123241115e-01 -2.515552905050453347e+01 -3.410944519478717463e-02 9.993798198568476510e-01 8.755374612156386141e-03 1.866234004177610206e+00 -8.106732790231545582e-01 -3.279142218028875677e-02 5.846448850649343942e-01 2.609630931705127210e+01
5.847156773482889980e-01 1.321688040383750713e-02 8.111332630423699896e-01 -2.428942642228872018e+01 -3.650641722372318515e-02 9.992831248731978144e-01 1.003837094598456978e-02 1.862755396155764798e+00 -8.104192627138804284e-01 -3.548345052340676903e-02 5.847790212266944510e-01 2.675022235526693493e+01
5.842490953986024804e-01 1.348888240139573154e-02 8.114922399144078868e-01 -2.347525996787192071e+01 -3.718966890495405131e-02 9.992568113962877474e-01 1.017299367330323258e-02 1.852173934736305760e+00 -8.107520726465451411e-01 -3.611631602773186789e-02 5.843162157789626443e-01 2.735865475674912162e+01
5.857434781582454564e-01 1.380835746196228293e-02 8.103969720587391734e-01 -2.259893184769906682e+01 -3.902959196939246450e-02 9.991756508346885113e-01 1.119393008916958442e-02 1.849848986352518487e+00 -8.095746174021092312e-01 -3.818476163119089578e-02 5.857992428751996883e-01 2.799747073192621016e+01
5.868856626034447688e-01 1.236583728554692570e-02 8.095771641041001887e-01 -2.175500822150904412e+01 -3.879675467938053374e-02 9.991645123291196251e-01 1.284975878357550068e-02 1.850155281069298496e+00 -8.087417868768063123e-01 -3.894131752896875381e-02 5.868749396990887712e-01 2.858810392667468392e+01
5.887107254845023174e-01 8.977895003277155950e-03 8.082902164970376946e-01 -2.092886162871211297e+01 -3.761044962376691725e-02 9.991595829165178522e-01 1.628183652855795527e-02 1.841547330650971315e+00 -8.074646406164707191e-01 -3.998316411662534292e-02 5.885537776928826403e-01 2.921788901741759759e+01
5.920459284409863576e-01 6.817838676939402646e-03 8.059531172468118454e-01 -2.006565559910090357e+01 -3.734738791923676582e-02 9.991222698527274515e-01 1.898415398700066536e-02 1.840863687977345231e+00 -8.051165569833516056e-01 -4.132838005351930494e-02 5.917804506358822492e-01 2.984023942515471362e+01
5.955498018466166554e-01 6.967126815272174992e-03 8.032084693007659482e-01 -1.923295880882222875e+01 -3.735250601497899087e-02 9.991210784085987617e-01 1.902612455432966046e-02 1.839326328652836517e+00 -8.023700650579820293e-01 -4.133128675608649383e-02 5.952865000395844985e-01 3.047664334724156276e+01
5.971331046194262582e-01 6.062412652494723712e-03 8.020126408131513784e-01 -1.840681289415759636e+01 -3.543334094689638142e-02 9.991947622093281245e-01 1.882274582991212697e-02 1.846070146076674634e+00 -8.012526882121464578e-01 -3.965679600355617035e-02 5.968670589563104256e-01 3.109510413445554633e+01
5.990559187496367066e-01 6.815629853107179649e-03 8.007530573687403619e-01 -1.756483384249080970e+01 -3.678421637873030559e-02 9.991422120320491151e-01 1.902389824858393211e-02 1.839622426328342497e+00 -7.999368362969037083e-01 -4.085199614564396370e-02 5.987927764105445139e-01 3.173087005196376253e+01
5.966206906688781286e-01 7.969934506510721953e-03 8.024008088319735110e-01 -1.676775184903597804e+01 -3.770541004298748333e-02 9.991246890709271078e-01 1.811987649357578792e-02 1.841032752469192735e+00 -8.015539117165219052e-01 -4.107823399565549427e-02 5.963991929950276383e-01 3.232139422891646063e+01
5.958670816648491408e-01 1.153548421698803728e-02 8.029611486959273847e-01 -1.595526399657674332e+01 -4.020211112265353881e-02 9.990717949952030441e-01 1.547556401624509970e-02 1.827277286387861022e+00 -8.020373830025000483e-01 -4.149548924329003741e-02 5.957775091813176660e-01 3.293807145760993649e+01
5.922876960065119878e-01 1.373113635157136893e-02 8.055885073555976161e-01 -1.511380501846949187e+01 -4.192571327460369035e-02 9.990256725126283044e-01 1.379565910472256400e-02 1.821713490157619741e+00 -8.046143631546242014e-01 -4.194103599470141303e-02 5.922860439221137030e-01 3.354814439339276788e+01
5.869861408805866487e-01 1.339758383269502688e-02 8.094174293774033524e-01 -1.430204308230316457e+01 -4.236794471998350797e-02 9.990014340816454341e-01 1.419258839065308184e-02 1.816860426088128033e+00 -8.084191544068035640e-01 -4.262477676587698994e-02 5.869674612010979953e-01 3.415557506155114709e+01
5.827357125169762009e-01 6.636471680052873079e-03 8.126077116731722505e-01 -1.346224829784856780e+01 -3.840887334270302184e-02 9.990740370533064407e-01 1.939001073590944021e-02 1.815282365753052130e+00 -8.117265719796287193e-01 -4.251944476724910799e-02 5.824511146875300804e-01 3.475668392554374719e+01
5.773031275496425252e-01 7.600033819799479999e-03 8.164774323678555268e-01 -1.267084434060692288e+01 -4.164436530196032743e-02 9.989293669514132112e-01 2.013623136057457810e-02 1.811780915048277762e+00 -8.154501790796945260e-01 -4.562416773375846391e-02 5.770015104733098310e-01 3.534604103873976300e+01
5.723610376098807739e-01 9.196421486177427940e-03 8.199378240495183157e-01 -1.184276828576075680e+01 -4.118426902509912668e-02 9.989977268590263249e-01 1.754100861932703440e-02 1.809099623540726176e+00 -8.189547286740402887e-01 -4.380269693231093886e-02 5.721658822901264374e-01 3.593580220157390670e+01
5.676223671087746725e-01 1.034567743931539240e-02 8.232600676448392774e-01 -1.103280803395610299e+01 -4.102398454649971993e-02 9.990344356743455778e-01 1.572896384097527758e-02 1.807393744266091229e+00 -8.223025539388041372e-01 -4.269693339166152207e-02 5.674984706543799717e-01 3.651259917649020537e+01
5.618855095540908895e-01 1.229219188962384426e-02 8.271239710607667384e-01 -1.024883512374613659e+01 -4.252207847508589211e-02 9.989964970120460697e-01 1.403840149845577215e-02 1.803868452746008044e+00 -8.261213641453805101e-01 -4.306965386051592876e-02 5.618449107007089660e-01 3.706741049737934901e+01
5.595524731097826221e-01 1.330628454424312782e-02 8.287079799534986524e-01 -9.394612123635834422e+00 -4.419446334090853384e-02 9.989279443921275092e-01 1.380328099012940665e-02 1.795630215545989783e+00 -8.276360374069233750e-01 -4.434035817917529598e-02 5.595402362227605009e-01 3.765866293556432254e+01
5.561421169255503782e-01 1.259551903185010362e-02 8.310000555853778170e-01 -8.589388787460073615e+00 -4.364870754603180497e-02 9.989477497697302200e-01 1.406444207746711077e-02 1.787922804411717470e+00 -8.299483826619697968e-01 -4.409538021764751459e-02 5.561068896676346629e-01 3.820048344398211526e+01
5.525703228357685681e-01 4.817254650755485069e-03 8.334630868338351872e-01 -7.785874151023867817e+00 -4.353160396718627756e-02 9.987853259208874235e-01 2.308438705098249735e-02 1.793437810965122559e+00 -8.323395412330791832e-01 -4.903469713140990588e-02 5.521088354581270563e-01 3.873435263776305959e+01
5.510555212127840052e-01 -4.743387460036050003e-03 8.344224827507000786e-01 -6.949750089846157053e+00 -4.338295735943002718e-02 9.984686305382594051e-01 3.433064282778670179e-02 1.793877568324076632e+00 -8.333075506792023690e-01 -5.512104093708942304e-02 5.500058894667606557e-01 3.929480310220721151e+01
5.494360339231788570e-01 -5.725333451591774377e-03 8.355155218908613124e-01 -6.133907137231682682e+00 -4.400799214498864881e-02 9.983899888074253548e-01 3.576507560277952108e-02 1.806503131130843265e+00 -8.343750321219343125e-01 -5.641837169608889674e-02 5.482997588054983051e-01 3.983370299280841920e+01
5.492097457960528617e-01 -2.547499012509003326e-03 8.357095258532960536e-01 -5.313640522105039565e+00 -4.311194735040484172e-02 9.985774293299568560e-01 3.136422350273891657e-02 1.819012386214661881e+00 -8.346008954351822329e-01 -5.324362377523602502e-02 5.483185196448034926e-01 4.037194410490793928e+01
5.466388624685339925e-01 2.761429728879155956e-03 8.374737555833514646e-01 -4.515644348604182845e+00 -4.219585094917085305e-02 9.988151356487439125e-01 2.424776821753366063e-02 1.830476574894960518e+00 -8.364149960647377924e-01 -4.857587206379696682e-02 5.461073193265699732e-01 4.090339517544038728e+01
5.458612281611370243e-01 3.827061042335369676e-04 8.379036058604374393e-01 -3.700392190883521781e+00 -3.686302356824959492e-02 9.990424756157395558e-01 2.355889801328896888e-02 1.836658026207890870e+00 -8.370922997096216234e-01 -4.374489050689092662e-02 5.453527487835485577e-01 4.143203982795913731e+01
5.475663747105085077e-01 -2.483302828327063356e-03 8.368548782846735312e-01 -2.875110334970113257e+00 -3.386284556281073110e-02 9.991104622404324287e-01 2.512800036229869902e-02 1.835995862348847707e+00 -8.361729642800420637e-01 -4.209787823116988015e-02 5.469953789876272898e-01 4.196794367190548769e+01
5.469087896103805857e-01 -5.087075937189637458e-03 8.371687778597665108e-01 -2.069634635873502937e+00 -3.306951233775304311e-02 9.990697915608659496e-01 2.766624009099139664e-02 1.847359281119441476e+00 -8.365308755540757923e-01 -4.281238741110418577e-02 5.462317712495605715e-01 4.249020716462197100e+01
5.473180167293505427e-01 -8.565797184333747913e-03 8.368410960183860769e-01 -1.277666219185042085e+00 -3.653911705500675206e-02 9.987495692508460143e-01 3.412896205121266485e-02 1.856006518957387552e+00 -8.360869756576573275e-01 -4.926176051566610870e-02 5.463205670959753180e-01 4.302217590052104157e+01
5.496175897075378236e-01 -1.252880786737243027e-02 8.352864422545305256e-01 -4.581180841882134813e-01 -3.744731999951748241e-02 9.985130887689371848e-01 3.962255483853870802e-02 1.874189803576491009e+00 -8.345410030227788933e-01 -5.305612914216312204e-02 5.483311540468712719e-01 4.356511241884207664e+01
5.486873551991993114e-01 -8.893837480708552748e-03 8.360540775788914969e-01 3.092527641461079724e-01 -4.766586511643702145e-02 9.979841902031605372e-01 4.188134025621133294e-02 1.898860501267589429e+00 -8.347420331428360152e-01 -6.281299489491935784e-02 5.471571923333886645e-01 4.408756822462077452e+01
5.507850098341541267e-01 -6.603871534517006918e-03 8.345811513328649234e-01 1.097977457365135745e+00 -5.464951542070078244e-02 9.975373779158909215e-01 4.396468926848874637e-02 1.925109997881278234e+00 -8.328158361826795142e-01 -6.983723376607858802e-02 5.490680851389018180e-01 4.463573135274582171e+01
5.522570200148309016e-01 -8.461220284419210605e-03 8.336569330084695473e-01 1.898765220204699400e+00 -5.216378546642263386e-02 9.976381237300193661e-01 4.466964281723044550e-02 1.944648962696695627e+00 -8.320657524873416033e-01 -6.815901793110948348e-02 5.505118606115343427e-01 4.516738479112989779e+01
5.544571487395534293e-01 -1.023960538626345410e-02 8.322121589460778068e-01 2.674699883375329268e+00 -4.741753496337142160e-02 9.979111937061232451e-01 4.387841530472488816e-02 1.957157713692190715e+00 -8.309234655206103604e-01 -6.378853455612827628e-02 5.528133515850854884e-01 4.568661810257907518e+01
5.608524669656070882e-01 -8.529511535890888993e-03 8.279246961667956484e-01 3.470445945057706538e+00 -4.682036182847902628e-02 9.980198548554791715e-01 4.200268637457617998e-02 1.985353970125331324e+00 -8.266436418527356444e-01 -6.232200542129275739e-02 5.593427026501969213e-01 4.622429796443329764e+01
5.685082702386073938e-01 -1.364488094317132735e-02 8.226027054445925746e-01 4.244292157523780418e+00 -3.982936004176673012e-02 9.982332277456560377e-01 4.408318413435051430e-02 2.005838469199742846e+00 -8.217507750026769031e-01 -5.783014199309095132e-02 5.669606609436542710e-01 4.675685304868594727e+01
5.742470230709859624e-01 -1.698614154185663222e-02 8.184214190026368740e-01 4.999216889600580416e+00 -3.410820899843317738e-02 9.984201382626857191e-01 4.464822740248724359e-02 2.024845138244836473e+00 -8.178863849191394531e-01 -5.356466130020257066e-02 5.727606617330399663e-01 4.729203305288206138e+01
5.858265880365833844e-01 -1.666783092291769866e-02 8.103007476920156549e-01 5.762990107475870261e+00 -3.452898155977986161e-02 9.983673518816356118e-01 4.549169629967872441e-02 2.045054897158351981e+00 -8.097360312071578692e-01 -5.462299200559696949e-02 5.842946817935121828e-01 4.784514170064299776e+01
5.952566602761105718e-01 -1.758654018378200470e-02 8.034242697268165756e-01 6.505300208857530464e+00 -3.637912563510055375e-02 9.981453889698141957e-01 4.880287838265414541e-02 2.078242835190786231e+00 -8.027921723804918308e-01 -5.828124544535145252e-02 5.935131695841840971e-01 4.841074691282135234e+01
6.059322473772733586e-01 -2.044150889535873220e-02 7.951978246162851871e-01 7.249195955948808390e+00 -3.514717751943528118e-02 9.980056963453639574e-01 5.244163504824841254e-02 2.109559394050340320e+00 -7.946834578152239814e-01 -5.973235739454364063e-02 6.040054361563609309e-01 4.898169699669332289e+01
6.147417734428753944e-01 -2.286115740615098785e-02 7.882708361236538952e-01 7.982308577635044422e+00 -3.434711628782715492e-02 9.978556441174183389e-01 5.571406395331551104e-02 2.142111112328233702e+00 -7.878534706191230308e-01 -6.133423774283597307e-02 6.126384022562957332e-01 4.956322756007606500e+01
6.247088793086200686e-01 -2.202393104489134071e-02 7.804256718907017776e-01 8.690738518059653472e+00 -3.465294172249942101e-02 9.978354105585837130e-01 5.588364914650922888e-02 2.178466111695900320e+00 -7.799670649906695896e-01 -6.195475127761898571e-02 6.225935208398885035e-01 5.014550652695133692e+01
6.358631970093190366e-01 -2.549454816742904861e-02 7.712958318357003851e-01 9.424958800026132621e+00 -2.944500065258563379e-02 9.979253793839956144e-01 5.725105913367180971e-02 2.209184114136905741e+00 -7.711559091048452164e-01 -5.910445748886233863e-02 6.337932440946616452e-01 5.074702532319071935e+01
