1.0 0.0 0.0 0.0 0.0 1.0 0.0 0.0 0.0 0.0 1.0 0.0
0.9880581 -0.15405194 -0.001318038 3.459961 0.15405665 0.9880456 0.0050035478 4.2126465 0.0005313146 -0.0051468764 0.9999866 0.091674805
0.97372085 -0.22774424 0.00040712656 5.7873535 0.22771844 0.9736344 0.013420411 8.395874 -0.0034530382 -0.012974958 0.99990976 0.10241699
0.93428034 -0.35650295 -0.0006883949 6.8917236 0.3564918 0.93423206 0.009939535 11.854736 -0.0029004144 -0.009531384 0.9999503 0.17224121
0.9090484 -0.4166627 0.0072234673 6.704956 0.41653082 0.9090172 0.014789132 15.6171875 -0.012727401 -0.010435109 0.9998645 0.10876465
0.87425196 -0.48517257 0.020075325 6.8170166 0.48493183 0.8744727 0.015820738 19.830444 -0.025228895 -0.00409956 0.99967337 0.056762695
0.78586197 -0.6183454 0.013861641 6.963379 0.61817825 0.7859788 0.014674728 23.832886 -0.01996957 -0.0029627683 0.99979615 0.24560547
0.853885 -0.51984066 0.024915192 5.8671875 0.51941025 0.8542289 0.021932965 27.753906 -0.0326832 -0.005787541 0.9994491 0.0018310547
0.7352284 -0.6774593 0.023379423 5.6228027 0.6771286 0.7356001 0.02116205 31.416016 -0.031534534 0.00027270053 0.9995026 0.27697754
0.5571121 -0.8290584 0.048573688 3.953247 0.8292545 0.5585145 0.021676745 35.473267 -0.045103118 0.028207963 0.9985841 -0.12133789
0.18450978 -0.98214144 0.037065227 1.769165 0.9826059 0.1851586 0.014882142 39.718018 -0.02148073 0.033672426 0.9992022 0.2565918
0.50819635 -0.85921645 0.05796244 -2.0749512 0.8602787 0.50957894 0.011176437 42.897095 -0.039148256 0.0441871 0.99825644 0.28808594
-0.2082728 -0.9768699 0.047429796 -4.3881836 0.97801065 -0.20780407 0.014664973 46.874756 -0.0044581965 0.04945027 0.99876654 0.39624023
0.15777738 -0.986076 0.053103667 -8.607056 0.98694867 0.15926522 0.025026176 47.445435 -0.03313762 0.04846985 0.998275 0.5755615
0.5475584 -0.8342016 0.065609455 -12.18689 0.8347552 0.5500017 0.026438612 49.17212 -0.05814485 0.040293466 0.9974949 0.807251
0.8239615 -0.5610221 0.07898038 -14.544189 0.56150633 0.82721305 0.01805051 51.536377 -0.07546026 0.029482398 0.9967127 0.9135742
0.8770939 -0.47282648 0.084143214 -15.904907 0.47354382 0.8806488 0.012495588 53.465088 -0.0800084 0.028901076 0.9963735 1.001831
0.92907834 -0.35972017 0.08607218 -16.53479 0.36052865 0.93272394 0.006509723 54.403564 -0.08262135 0.024991145 0.9962658 1.0255127
0.9432271 -0.3198476 0.089478746 -16.361816 0.32093838 0.9470895 0.0023092087 54.311523 -0.08548338 0.02653877 0.99598676 0.9971924
0.9715001 -0.21828538 0.092418425 -15.724243 0.21900435 0.9757224 0.002418708 54.559326 -0.09070178 0.017890293 0.99571705 0.91955566
0.9726467 -0.21300678 0.09268578 -15.545166 0.21348591 0.976934 0.0048280377 54.48999 -0.09157674 0.015085766 0.99568605 0.9128418
0.9850724 -0.1426516 0.09631811 -14.928467 0.143017 0.98971516 0.0031374097 54.56421 -0.09577489 0.010688679 0.9953429 0.84973145
0.9882701 -0.11742801 0.09767432 -14.679443 0.11776182 0.99304163 0.0023571271 54.568848 -0.097271614 0.009169269 0.9952169 0.8330078
0.9932559 -0.060747176 0.09875125 -14.012451 0.0606929 0.9981503 0.0035567768 54.576904 -0.0987846 0.0024607778 0.99510556 0.76782227
0.99470437 -0.0304082 0.0981919 -13.666992 0.030459115 0.9995356 0.0009811651 54.573242 -0.09817615 0.0020141155 0.99516875 0.73620605
0.9951658 0.016735476 0.09679265 -12.974243 -0.016674059 0.99985975 -0.0014433358 54.5459 -0.096803255 -0.00017782114 0.9953057 0.6685791
0.9947606 0.041928224 0.09323061 -12.577393 -0.041558407 0.99911886 -0.0059049428 54.49463 -0.09339602 0.0019995272 0.9956262 0.62890625
0.9932256 0.07215877 0.0910976 -11.915161 -0.07181513 0.9973928 -0.00705003 54.446533 -0.09136884 0.00046108663 0.99581873 0.571167
0.9916157 0.093103446 0.0896205 -11.372559 -0.09269959 0.99565804 -0.00866634 54.380615 -0.090038046 0.00028676912 0.9959376 0.5184326
0.9898541 0.10893697 0.091210835 -10.739014 -0.10843663 0.9940469 -0.010438696 54.29541 -0.09180532 0.00044148415 0.99577737 0.45898438
0.9884519 0.120552294 0.09178975 -10.078613 -0.119920865 0.99270386 -0.012382314 54.22754 -0.09261329 0.0012301356 0.99570155 0.39868164
0.98670477 0.13253064 0.09407652 -9.416504 -0.13209955 0.9911781 -0.01081956 54.144775 -0.09468091 -0.0017514601 0.995506 0.33996582
0.9849019 0.14362577 0.096687324 -8.715942 -0.14327438 0.9896281 -0.010602869 54.052246 -0.09720746 -0.0034051165 0.9952609 0.26843262
0.98297256 0.15512547 0.0984458 -7.9938965 -0.15476468 0.9878815 -0.011338055 53.94165 -0.09901207 -0.0040938407 0.9950779 0.19689941
0.9810377 0.16480055 0.10203533 -7.248291 -0.16457218 0.986308 -0.010707002 53.80786 -0.10240348 -0.006284956 0.9947248 0.12597656
0.9789769 0.17571326 0.10350866 -6.501831 -0.17550437 0.98440874 -0.011197109 53.690186 -0.10386245 -0.007210404 0.9945642 0.05102539
0.9771854 0.18494645 0.104407854 -5.755249 -0.18475649 0.9827166 -0.0115742255 53.54712 -0.10474356 -0.0079826545 0.9944655 -0.021118164
0.9745589 0.19566797 0.109315515 -4.947632 -0.19550565 0.9806264 -0.0123069715 53.396973 -0.10960554 -0.009378305 0.9939304 -0.1027832
0.9716781 0.20695533 0.11402224 -4.1658936 -0.20701553 0.9782647 -0.011445106 53.240967 -0.113912925 -0.012485236 0.9934131 -0.19055176
0.9685151 0.22005336 0.11640598 -3.357544 -0.22012137 0.97538847 -0.012432544 53.062256 -0.11627728 -0.013580374 0.9931263 -0.2709961
0.9650709 0.2329446 0.11995936 -2.576294 -0.2330944 0.97237605 -0.012976499 52.87207 -0.11966805 -0.01543571 0.9926933 -0.36083984
0.96127266 0.2476468 0.120913945 -1.7808838 -0.24780107 0.9687037 -0.013998784 52.669678 -0.12059732 -0.016502656 0.99256736 -0.44592285
0.95772535 0.26105788 0.120902486 -0.99890137 -0.26142666 0.9651377 -0.013092217 52.45337 -0.12010299 -0.019066084 0.9925785 -0.5336914
0.9538335 0.2750417 0.12080471 -0.20446777 -0.27551594 0.96122795 -0.013084145 52.23755 -0.11971946 -0.020794433 0.9925903 -0.6192627
0.9476363 0.29579496 0.12037743 0.5777588 -0.29663226 0.95492566 -0.011314314 52.002686 -0.11829917 -0.024988007 0.9926628 -0.70910645
0.9397527 0.32003918 0.12011593 1.3717041 -0.32136923 0.94690526 -0.008651938 51.74048 -0.11650937 -0.030467218 0.99272484 -0.7993164
0.9296375 0.34802 0.12102306 2.1628418 -0.34976637 0.9368053 -0.00719527 51.448242 -0.11587939 -0.03564515 0.9926227 -0.89086914
0.9168082 0.37986907 0.12326698 2.953003 -0.38213828 0.92410845 -0.0056152055 51.1333 -0.11604361 -0.04195866 0.9923552 -0.9772949
0.9038392 0.40993568 0.12273461 3.7247314 -0.41235065 0.911025 -0.006207602 50.781982 -0.11436027 -0.04499639 0.99241936 -1.064331
0.88883334 0.44149488 0.122801036 4.494507 -0.44414487 0.89594424 -0.0063799373 50.41162 -0.112841375 -0.0488658 0.9924115 -1.1453857
0.87404215 0.47058052 0.12079566 5.234375 -0.47340158 0.8808205 -0.005997036 50.00171 -0.1092184 -0.051948827 0.99265814 -1.2252197
0.8586908 0.498134 0.120284185 5.979004 -0.501402 0.8651825 -0.0035456922 49.59204 -0.105838045 -0.057276826 0.99273217 -1.3182373
0.8411352 0.5284952 0.11469531 6.7092285 -0.53144675 0.8470586 -0.0056412295 49.114014 -0.100134626 -0.05622587 0.99338186 -1.3985596
0.82468086 0.55497897 0.10913262 7.409546 -0.5576278 0.83006597 -0.007371236 48.63916 -0.09467432 -0.054781023 0.99399865 -1.473877
0.8079333 0.5806082 0.101003654 8.105713 -0.5826679 0.812679 -0.0108009465 48.13208 -0.08835279 -0.050124817 0.99482656 -1.5349121
0.791649 0.603416 0.09633699 8.771851 -0.6050237 0.79613096 -0.014866077 47.61084 -0.08566366 -0.04650575 0.9952383 -1.6049805
0.7731804 0.62821513 0.086212575 9.423706 -0.62925065 0.77692544 -0.018014064 47.078857 -0.07829621 -0.040324673 0.9961144 -1.6623535
0.75632805 0.6497129 0.076093465 10.089355 -0.65032184 0.75936466 -0.019889124 46.504883 -0.070700355 -0.034441363 0.99690276 -1.7094727
0.74016553 0.6694451 0.064327225 10.707764 -0.66991633 0.7423338 -0.01713274 45.94519 -0.05922022 -0.030414104 0.9977811 -1.75354
0.7226484 0.6893104 0.051952343 11.299316 -0.6901842 0.7236795 -0.0015228693 45.38611 -0.03864869 -0.034754578 0.99864846 -1.7891846
0.7030299 0.7100266 0.040123284 11.897583 -0.71089184 0.70319384 0.012261394 44.809692 -0.019510485 -0.03714962 0.9991194 -1.8156738
0.6863751 0.72668093 0.0308007 12.486816 -0.72727156 0.68625313 0.01603003 44.18982 -0.009487398 -0.033394624 0.99939716 -1.8253174
0.6667082 0.74488574 0.02558911 13.051636 -0.7453178 0.6664599 0.01848386 43.580322 -0.0032847913 -0.031394586 0.99950165 -1.8173828
0.64873874 0.7604715 0.027513986 13.609741 -0.7609464 0.6485751 0.015719166 42.931396 -0.0058901524 -0.03113841 0.9994978 -1.8133545
0.6327237 0.7737098 0.031039115 14.156128 -0.774227 0.6327895 0.008902319 42.267944 -0.012754285 -0.029663356 0.9994787 -1.8070068
0.6149962 0.787998 0.02847021 14.686523 -0.7883537 0.61519563 0.002161326 41.617798 -0.015812892 -0.023777403 0.99959224 -1.7955322
0.60579973 0.79518604 0.025771867 15.197754 -0.79544675 0.60600543 -0.00022174418 40.91626 -0.015796192 -0.020365618 0.9996679 -1.7919922
0.5958141 0.8026734 0.024420694 15.709351 -0.80289763 0.5960117 -0.0010190569 40.241943 -0.015374859 -0.01900521 0.99970126 -1.7978516
0.58778286 0.80877084 0.02018491 16.169556 -0.8089457 0.5878882 0.0008682143 39.59912 -0.011163036 -0.01684247 0.9997958 -1.7930908
0.57999396 0.8142615 0.024047552 16.650635 -0.8145701 0.5800231 0.006449622 38.937744 -0.008692352 -0.02332785 0.99969006 -1.789917
0.5662746 0.8237969 0.026611563 17.10852 -0.82417953 0.56629235 0.007595541 38.289795 -0.008815352 -0.02623641 0.999617 -1.7965088
0.5603733 0.8278586 0.025221692 17.574219 -0.82819706 0.5604023 0.006564808 37.62256 -0.00869828 -0.024567392 0.9996603 -1.7962646
0.5528748 0.83295846 0.022631884 18.030273 -0.8332394 0.5528691 0.007080661 36.931396 -0.006616392 -0.022771565 0.99971884 -1.7856445
0.5478363 0.83636165 0.020060424 18.477783 -0.8365894 0.5478022 0.0076417485 36.255615 -0.0045963284 -0.020964066 0.9997696 -1.7927246
0.5492507 0.83553135 0.019873107 18.969604 -0.83576536 0.5491487 0.010763798 35.523804 -0.0019249562 -0.022520656 0.99974465 -1.7932129
0.55384606 0.8324041 0.019415356 19.45996 -0.83261967 0.5538072 0.007815812 34.796875 -0.0042481003 -0.020498993 0.9997809 -1.7930908
0.5588632 0.829051 0.019947022 19.949585 -0.8292765 0.55883294 0.007581656 34.080566 -0.0048617194 -0.020776926 0.9997723 -1.7926025
0.5661124 0.82394224 0.02278759 20.482056 -0.8242399 0.56606245 0.009215086 33.31836 -0.005313094 -0.024002183 0.999698 -1.7939453
0.57220894 0.8196881 0.02326585 21.010864 -0.8200038 0.57213604 0.010338351 32.566284 -0.004835569 -0.024996586 0.99967587 -1.7955322
0.57912594 0.8148673 0.025606118 21.544067 -0.8152471 0.5790573 0.0107804425 31.8125 -0.0060458975 -0.02712386 0.99961394 -1.796875
0.5837464 0.81145304 0.02963417 22.112305 -0.8119678 0.5836305 0.013323587 31.035278 -0.0064896345 -0.031836636 0.99947214 -1.8035889
0.5852065 0.8100231 0.03511843 22.666992 -0.81074226 0.58506596 0.015225007 30.273682 -0.008212904 -0.037382558 0.9992672 -1.8112793
0.58560246 0.80963206 0.03760388 23.254883 -0.8104528 0.5854591 0.015876165 29.476318 -0.009165289 -0.03977724 0.9991667 -1.8057861
0.5840201 0.8108935 0.03914684 23.835083 -0.81177884 0.5838794 0.01611602 28.685059 -0.00978684 -0.041180603 0.9991035 -1.8149414
0.58443284 0.8105208 0.040265813 24.44812 -0.8114495 0.5843179 0.015798923 27.885986 -0.010726754 -0.041905962 0.99906415 -1.8162842
0.5839818 0.8107582 0.040313344 25.03894 -0.8116847 0.5838821 0.015430871 27.053833 -0.011029651 -0.041732885 0.999068 -1.824585
0.5848148 0.81008667 0.042061575 25.66919 -0.81107795 0.58476967 0.0146651445 26.221436 -0.012725832 -0.042695776 0.9990076 -1.8225098
0.5848167 0.81012297 0.042026766 26.275879 -0.8111132 0.5847688 0.014708918 25.392212 -0.012663212 -0.04268393 0.9990085 -1.8294678
0.58495975 0.8098318 0.04471566 26.928345 -0.8109451 0.58493173 0.015072983 24.524902 -0.013950901 -0.045074653 0.99888635 -1.836792
0.58450013 0.81015503 0.045354463 27.535522 -0.81130123 0.58446854 0.015342638 23.709717 -0.0140868565 -0.045763288 0.99885345 -1.8366699
0.5859897 0.8089492 0.047403675 28.172363 -0.8101956 0.5859752 0.015664004 22.83191 -0.015112521 -0.0475808 0.9987534 -1.8452148
0.5870595 0.808112 0.048143826 28.761108 -0.8093717 0.5871271 0.014224114 21.986572 -0.01676834 -0.04733018 0.9987385 -1.8555908
0.58872277 0.8068347 0.049158312 29.388916 -0.8080788 0.5889697 0.010840721 21.15857 -0.020198721 -0.046114497 0.9987316 -1.8565674
0.59194046 0.80447805 0.05045948 30.008667 -0.80573374 0.59231997 0.0086902715 20.293335 -0.022902848 -0.045803998 0.9986882 -1.8659668
0.5954461 0.8017318 0.05041782 30.642334 -0.80298775 0.59582245 0.008849971 19.458618 -0.022945449 -0.045763027 0.9986888 -1.8752441
0.5970172 0.8006405 0.048723105 31.258545 -0.8017994 0.5973973 0.007952648 18.630981 -0.022738636 -0.04382503 0.99878037 -1.8927002
0.5989492 0.79930645 0.049896136 31.892212 -0.8005333 0.59932494 0.00871146 17.787476 -0.022944972 -0.045150977 0.9987168 -1.8970947
0.596563 0.8009154 0.050152835 32.482056 -0.80218095 0.59688807 0.009856577 16.98999 -0.022040548 -0.04610373 0.9986935 -1.9090576
0.59596103 0.80137897 0.05058402 33.097534 -0.8027397 0.5961261 0.013419354 16.176758 -0.019401733 -0.04861397 0.9986293 -1.9067383
0.5924834 0.80394065 0.051076528 33.707275 -0.8053665 0.59254324 0.015602793 15.335205 -0.017723888 -0.05038572 0.99857277 -1.9124756
0.58716685 0.80773664 0.05182454 34.315063 -0.80919445 0.5872483 0.01525037 14.52356 -0.018118171 -0.05089429 0.99853987 -1.9179688
0.5826165 0.8110708 0.051763456 34.916138 -0.81238633 0.58302045 0.008475377 13.683228 -0.023304135 -0.046981998 0.9986239 -1.925293
0.5771821 0.814748 0.05493396 35.506104 -0.8162438 0.5776068 0.009415928 12.89209 -0.024053164 -0.050282467 0.9984451 -1.9317627
0.5723518 0.8182695 0.05317551 36.095825 -0.819715 0.5726484 0.010997659 12.064209 -0.021453205 -0.04989035 0.9985244 -1.9404297
0.56768924 0.82162666 0.05212934 36.672607 -0.8230446 0.56789947 0.01213198 11.254395 -0.019637158 -0.04979363 0.99856657 -1.949585
0.5620492 0.82543206 0.05257264 37.227905 -0.8269097 0.5621595 0.014056997 10.470825 -0.017944138 -0.051365387 0.9985182 -1.956543
0.55975425 0.8269254 0.053871725 37.81848 -0.8284891 0.55983204 0.015060863 9.616089 -0.017710404 -0.053066097 0.99843436 -1.9591064
0.5563178 0.829243 0.053666484 38.359985 -0.8307837 0.5564232 0.014337791 8.810547 -0.017966634 -0.05256249 0.99845576 -1.9613037
0.55229324 0.83159584 0.05863548 38.894043 -0.8332239 0.55291337 0.0065393196 8.006348 -0.026981253 -0.052471302 0.9982579 -1.9737549
0.55015683 0.832517 0.06472346 39.4541 -0.8341537 0.55147433 -0.003035508 7.1688232 -0.03822327 -0.052317355 0.9978989 -1.980835
0.5484498 0.83357006 0.06603804 39.992065 -0.83524144 0.5498679 -0.004025067 6.352417 -0.039657112 -0.05295894 0.99780804 -2.0030518
0.54847664 0.8338267 0.06287221 40.528442 -0.8354507 0.5496088 -0.0008436779 5.531616 -0.035255104 -0.052076083 0.99802023 -2.0270996
0.5462816 0.8356833 0.058244895 41.058716 -0.8372385 0.54698795 0.004462352 4.7337646 -0.028135356 -0.05120787 0.9982918 -2.0507812
0.5455007 0.83643395 0.053421926 41.585693 -0.8376894 0.5461861 0.0020869405 3.9176025 -0.027433652 -0.045889337 0.99856967 -2.0671387
0.54712266 0.8355476 0.05175233 42.119385 -0.8366465 0.54788977 -0.00076973904 3.0908203 -0.028998904 -0.04286735 0.9986598 -2.0760498
0.5463473 0.83590513 0.052469663 42.64038 -0.8369567 0.5472467 -0.003377693 2.2844238 -0.031533483 -0.042076588 0.99861634 -2.0964355
0.5464357 0.8353876 0.058905955 43.171265 -0.83659893 0.547712 -0.0068641203 1.4912109 -0.038002618 -0.04552491 0.9982404 -2.112793
0.54843515 0.83380604 0.06266585 43.71216 -0.8350252 0.5500506 -0.010823525 0.67004395 -0.043499887 -0.046392225 0.99797606 -2.1392822
0.5473087 0.83386266 0.0724341 44.23413 -0.8357506 0.54917455 -0.0072041946 -0.09753418 -0.045779694 -0.05661005 0.9973455 -2.1728516
0.5492506 0.8318352 0.079431 44.780518 -0.8342456 0.5513107 -0.004915823 -0.8873291 -0.047879446 -0.063556135 0.99682915 -2.208374
0.5506792 0.83111495 0.07773487 45.309937 -0.8333277 0.55277723 -0.00676513 -1.689331 -0.04858102 -0.061053418 0.99695057 -2.2375488
0.552958 0.8300386 0.07333928 45.826538 -0.831901 0.55495274 -0.008529587 -2.4666748 -0.047782462 -0.05628621 0.99727094 -2.2598877
0.5594898 0.8257747 0.07179992 46.36023 -0.8276177 0.56132907 -0.006794106 -3.2644043 -0.04591271 -0.055614304 0.9973962 -2.298584
0.56706566 0.82096416 0.067211956 46.888306 -0.822312 0.5689684 -0.011876059 -4.0411377 -0.04798528 -0.048528433 0.9976681 -2.328003
0.57283473 0.81717163 0.062873416 47.419678 -0.8181479 0.574687 -0.015192131 -4.798462 -0.048542365 -0.042737026 0.9979061 -2.3563232
0.5843696 0.80901116 0.06379155 47.967407 -0.8100181 0.5862667 -0.014834752 -5.565674 -0.049396288 -0.04300972 0.9978523 -2.3859863
0.5935898 0.80202717 0.06733077 48.528564 -0.80312043 0.59571856 -0.015726898 -6.311035 -0.05271667 -0.044730756 0.9976069 -2.4277344
0.6040676 0.79391617 0.06864249 49.094482 -0.7948828 0.6064063 -0.018550752 -7.0585938 -0.056355737 -0.043352455 0.9974695 -2.4675293
0.61268955 0.7870797 0.070128016 49.67163 -0.78794473 0.61522806 -0.020946067 -7.794922 -0.05962777 -0.042429913 0.9973182 -2.508667
0.6226471 0.77918726 0.07062188 50.249023 -0.78009266 0.6251903 -0.020080458 -8.506592 -0.059799377 -0.0426039 0.9973004 -2.5544434
0.63381964 0.77043384 0.06762273 50.84497 -0.77097434 0.6363293 -0.02351613 -9.244873 -0.061155565 -0.03724768 0.9974329 -2.5944824
0.64475447 0.7614723 0.06521397 51.448975 -0.7620383 0.64703536 -0.021049352 -9.951172 -0.058227494 -0.036123388 0.9976501 -2.6359863
0.65447354 0.7538757 0.058097184 52.04541 -0.75451076 0.6561547 -0.014669428 -10.635376 -0.049171843 -0.034235023 0.9982029 -2.6826172
0.66612697 0.7439551 0.054642387 52.662354 -0.74457383 0.6675665 -0.012054631 -11.324219 -0.045440316 -0.03264998 0.998433 -2.7159424
0.67405486 0.7365086 0.057525113 53.2854 -0.7371717 0.6756617 -0.012796304 -11.989502 -0.04829128 -0.033781145 0.99826163 -2.7583008
0.68374914 0.72712123 0.06020819 53.9187 -0.7276816 0.68561214 -0.016136415 -12.666626 -0.053006165 -0.032795575 0.99805444 -2.7835693
0.69141614 0.71974546 0.062284816 54.55713 -0.7205951 0.6932365 -0.0116111245 -13.324585 -0.05153083 -0.03685213 0.99799097 -2.8261719
0.69717115 0.71425045 0.0613718 55.209717 -0.71544886 0.6986332 -0.0034001702 -13.960449 -0.045307737 -0.04153618 0.9981094 -2.8509521
0.70250314 0.7090263 0.060579594 55.864502 -0.71059656 0.70349556 0.00659658 -14.610107 -0.037943352 -0.047678575 0.9981421 -2.893921
0.7053064 0.70605516 0.06312608 56.525146 -0.7079772 0.7060894 0.0127242515 -15.253784 -0.035591476 -0.053669773 0.99792445 -2.913086
0.7077027 0.7037526 0.0638732 57.19043 -0.70574015 0.7084783 0.01347534 -15.894287 -0.03576597 -0.05461204 0.9978662 -2.9372559
0.712119 0.69901395 0.06500331 57.867188 -0.7011207 0.71285206 0.015194842 -16.549683 -0.035714712 -0.056397606 0.99776924 -2.9613037
0.7155572 0.6950439 0.06926277 58.532227 -0.69737834 0.7164838 0.01481445 -17.193481 -0.039325118 -0.05890689 0.9974884 -2.9852295
0.72079957 0.6896437 0.07107917 59.191406 -0.69185275 0.722124 0.009533543 -17.842041 -0.04473766 -0.05603689 0.99742424 -3.0253906
0.72489876 0.68461347 0.07529745 59.881104 -0.6870956 0.7263847 0.010379692 -18.4917 -0.04758471 -0.059268136 0.99710697 -3.0509033
0.72791237 0.68122286 0.07781688 60.541016 -0.68408555 0.7292238 0.015290881 -19.095459 -0.04632624 -0.06435351 0.9968513 -3.097412
0.7336639 0.67448884 0.08239648 61.207764 -0.67799217 0.7347145 0.022583975 -19.700806 -0.04529792 -0.07244041 0.9963426 -3.1209717
0.73888606 0.66893667 0.08103075 61.881836 -0.67238927 0.73980916 0.023874544 -20.30603 -0.04398548 -0.072126776 0.9964261 -3.144287
0.74365664 0.66423535 0.07724887 62.540283 -0.6674358 0.74440634 0.024353564 -20.894897 -0.041323815 -0.06966747 0.99671286 -3.170166
0.7489618 0.6579714 0.07829111 63.22119 -0.661274 0.749718 0.025246391 -21.491089 -0.042089824 -0.07067342 0.99661183 -3.1956787
0.7534909 0.6522389 0.083895884 63.894775 -0.6558026 0.7547383 0.022295795 -22.078491 -0.048771273 -0.071806885 0.9962243 -3.2271729
0.75737107 0.6471982 0.085877255 64.608154 -0.65080076 0.7588708 0.02047231 -22.684326 -0.051923633 -0.071387224 0.9960976 -3.2578125
0.76305 0.6406558 0.08522589 65.301025 -0.64441794 0.76424044 0.024732867 -23.261475 -0.049284954 -0.0738028 0.9960538 -3.2937012
0.766902 0.63627595 0.08260438 65.984375 -0.639903 0.76788926 0.026070353 -23.82788 -0.046841256 -0.07287037 0.996241 -3.3276367
0.77223355 0.62997323 0.08173582 66.67163 -0.6335662 0.77315056 0.026880654 -24.395996 -0.046260186 -0.072549015 0.9962918 -3.3666992
0.7761398 0.6249189 0.084152356 67.38159 -0.6286822 0.77719796 0.026849333 -24.958618 -0.04862304 -0.0737476 0.99609065 -3.402588
0.78184694 0.6182382 0.08148714 68.07202 -0.62159574 0.7830988 0.022722451 -25.512817 -0.04977037 -0.06839896 0.99641657 -3.44458
0.78615063 0.6126803 0.08035012 68.783936 -0.6158124 0.7875572 0.019913921 -26.08081 -0.05107413 -0.065152496 0.9965667 -3.4714355
0.79031837 0.6077314 0.078729846 69.50708 -0.61067855 0.7917509 0.018523812 -26.641968 -0.051075067 -0.062712416 0.9967233 -3.5059814
0.7960937 0.5996041 0.08239896 70.2395 -0.6030256 0.79743147 0.023306474 -27.190796 -0.05172408 -0.068233974 0.99632645 -3.5474854
0.7998813 0.593957 0.08612248 70.98999 -0.59774935 0.8012823 0.025548643 -27.736694 -0.05382716 -0.071906775 0.9959573 -3.5894775
0.80176294 0.5917808 0.0841354 71.729004 -0.59522355 0.80333316 0.021756208 -28.284668 -0.054709952 -0.06751637 0.9962161 -3.6292725
0.80461514 0.58788824 0.08406583 72.45264 -0.5912382 0.80629396 0.020322124 -28.824097 -0.055833757 -0.066046305 0.996253 -3.666626
0.80690867 0.5847044 0.0839161 73.19287 -0.5881012 0.8085176 0.021447532 -29.376709 -0.055304192 -0.066657685 0.99624145 -3.697998
0.81092584 0.5791951 0.08231116 73.92236 -0.58215296 0.8128298 0.015739698 -29.909668 -0.057786193 -0.06069137 0.99648255 -3.7581787
0.8139912 0.5753066 0.080180295 74.65796 -0.57762426 0.81626487 0.0072113257 -30.443848 -0.06129672 -0.05219226 0.99675333 -3.8125
0.81639254 0.5717584 0.08054725 75.39404 -0.5738854 0.8188581 0.0040573636 -30.95642 -0.06364121 -0.049537614 0.99674374 -3.8549805
0.819635 0.567434 0.07902746 76.12451 -0.5696768 0.8218527 0.007326562 -31.468506 -0.060787566 -0.051018555 0.99684596 -3.8990479
0.8213321 0.5650721 0.07867523 76.86084 -0.56751376 0.8233394 0.011075085 -31.970459 -0.05852086 -0.053737883 0.99683917 -3.96521
0.8215042 0.5646051 0.08024272 77.593994 -0.5671152 0.8236229 0.01078124 -32.46704 -0.059996337 -0.054367818 0.99671537 -4.005615
0.82294446 0.56207716 0.08134706 78.33496 -0.5648474 0.8249417 0.014211816 -32.964233 -0.05911197 -0.057654954 0.99658495 -4.046631
0.8230798 0.56136894 0.08604474 79.06885 -0.56413966 0.8256171 0.00994134 -33.470093 -0.0654564 -0.05671251 0.9962431 -4.0913086
0.82334787 0.56042176 0.089194685 79.7937 -0.56319785 0.8262446 0.00741954 -33.96118 -0.06953834 -0.056340124 0.99598783 -4.1364746
0.82324934 0.56025106 0.0915378 80.522705 -0.56301564 0.82642657 0.0054019853 -34.452515 -0.07261658 -0.055972215 0.99578834 -4.1933594
0.82437783 0.55903435 0.08876261 81.248535 -0.5617677 0.8272595 0.007234182 -34.940918 -0.069386974 -0.05581625 0.99602824 -4.2436523
0.8245332 0.5592538 0.085505776 81.954834 -0.56193864 0.8270878 0.009187915 -35.427612 -0.06558492 -0.055640217 0.996294 -4.286621
0.8249148 0.55859846 0.08668752 82.6853 -0.5614732 0.82744056 0.011071321 -35.910156 -0.06553891 -0.057805706 0.9961733 -4.3427734
0.82459414 0.5588242 0.087688155 83.41431 -0.56187075 0.8270818 0.012784604 -36.39392 -0.06537589 -0.05980867 0.9960667 -4.392212
0.82551837 0.5580832 0.085089006 84.119385 -0.5606144 0.82815385 0.0072760065 -36.881836 -0.06640494 -0.053700563 0.9963458 -4.441162
0.82563835 0.55776054 0.08408273 84.84741 -0.5603583 0.8281055 0.0091301575 -37.371704 -0.06453228 -0.05466138 0.99641734 -4.4815674
0.82641363 0.55604917 0.08789113 85.57031 -0.55945003 0.82858896 0.018215967 -37.841675 -0.06269674 -0.06423919 0.995963 -4.5343018
0.8263895 0.5558254 0.08999798 86.31714 -0.5597331 0.82830024 0.024084548 -38.32849 -0.061159983 -0.07028598 0.9956502 -4.583374
0.82667255 0.555955 0.08667464 87.000244 -0.5597186 0.8282759 0.025608398 -38.783325 -0.05755149 -0.069671765 0.995909 -4.623413
0.8262651 0.5567461 0.08560578 87.73071 -0.56028074 0.82798976 0.022913795 -39.276245 -0.058132134 -0.066889405 0.99606705 -4.658325
0.8280676 0.553802 0.086973645 88.41382 -0.5575793 0.8297018 0.025572453 -39.725708 -0.058007777 -0.06966454 0.99588436 -4.7009277
0.8289095 0.5530255 0.08311209 89.11426 -0.5561686 0.830748 0.019122358 -40.203125 -0.05847393 -0.062077496 0.9963586 -4.738037
0.8301162 0.5514007 0.08289872 89.81909 -0.5539178 0.8325258 0.009188674 -40.68164 -0.06395339 -0.053550266 0.99651533 -4.777588
0.83099735 0.54962915 0.0857746 90.521484 -0.55180025 0.83397484 0.001956094 -41.159058 -0.07046251 -0.048941873 0.9963148 -4.8184814
0.8328248 0.54714924 0.084150165 91.20825 -0.5488846 0.8359222 -0.002972979 -41.617554 -0.07196617 -0.04370182 0.99644953 -4.8719482
0.8357406 0.5431324 0.07974456 91.873535 -0.54490757 0.8383846 0.00058606826 -42.050537 -0.066536084 -0.04395564 0.9968153 -4.9157715
0.83969235 0.5374722 0.07688367 92.61279 -0.53919536 0.8420996 0.0019942224 -42.52722 -0.06367841 -0.04313069 0.9970395 -4.9694824
0.844441 0.5301675 0.07668877 93.34326 -0.5318102 0.8468856 0.0011972863 -42.98889 -0.06431701 -0.04179252 0.9970545 -5.0185547
0.84943134 0.5216395 0.080476075 94.03052 -0.52317107 0.8522929 -0.0023793448 -43.40808 -0.069830924 -0.040068623 0.9967543 -5.057251
0.85515046 0.5119821 0.08002033 94.717285 -0.5131872 0.85814226 -0.0062713195 -43.82483 -0.07188247 -0.035711512 0.99677444 -5.098999
0.8630504 0.4995831 0.07508974 95.44678 -0.5000551 0.8659294 -0.013724047 -44.261353 -0.071880266 -0.025698252 0.9970825 -5.1535645
0.869557 0.48804346 0.07516983 96.08862 -0.48856845 0.8724152 -0.012490727 -44.620728 -0.07167677 -0.025857622 0.997094 -5.196411
0.8762381 0.47573376 0.07646502 96.84546 -0.476143 0.87923515 -0.013962393 -45.025024 -0.07387344 -0.024173353 0.9969751 -5.244629
0.8823958 0.4647456 0.073281184 97.55664 -0.46458244 0.8852872 -0.020297008 -45.417725 -0.07430845 -0.01614205 0.99710387 -5.2958984
0.889776 0.4512662 0.06808873 98.2251 -0.45163298 0.89212507 -0.010782599 -45.743652 -0.065611035 -0.021150336 0.99762225 -5.3432617
0.89600164 0.43957776 0.063272014 98.97632 -0.44024366 0.8978977 -0.0037408778 -46.091675 -0.058458906 -0.024493307 0.99799025 -5.3911133
0.90204287 0.42754132 0.058908105 99.65674 -0.4284316 0.90353924 0.0027714395 -46.40271 -0.0520397 -0.027746819 0.9982589 -5.4172363
