1.000000000000000000e+00 -3.306050084167601550e-19 -2.270457535318767223e-19 -8.673617379884035472e-19 7.546676715296109287e-19 1.000000000000000000e+00 6.237773588823049983e-19 1.387778780781445676e-17 -3.447385680526250622e-20 4.770700176052009879e-20 1.000000000000000222e+00 5.551115123125782702e-17
-3.883226020369441311e-01 -2.665153485409619064e-02 -9.213735384967222108e-01 -3.755076581329829022e+00 -1.451813255097359097e-02 9.996348921702383761e-01 -2.279630399153308867e-02 -7.696870152366544482e-03 9.216442533883927313e-01 4.539858389341336863e-03 -3.885678550613490545e-01 7.534270586607692444e+00
-8.476466177863362095e-01 -3.028135606831311791e-02 -5.290315274210762864e-01 -9.185637173909004360e+00 -2.463697056335100236e-02 9.995394119904487118e-01 -1.770710697016872684e-02 -1.266690747483281143e-01 5.293242514384651765e-01 -1.984825598567540542e-03 -8.480023275140491368e-01 2.101610969341878743e+00
-9.031129200354018893e-01 -5.167488743887597297e-02 4.238626649086587039e-01 -9.644921030169214760e+00 -5.545572329619401913e-02 9.984540218280355539e-01 3.385916357299636158e-03 -3.288446482023413830e-01 -4.233820965381307477e-01 -2.045924063993754746e-02 -9.045822178395391822e-01 -4.235587492203000792e+00
-8.553234174565501613e-01 -4.361425675468756646e-02 5.168434294339064872e-01 -5.170996713687839197e+00 -4.492023511996397211e-02 9.989410094583028865e-01 1.007281364713806179e-02 -7.318169274538671720e-02 -5.167356274122184567e-01 -1.458742150341174777e-02 -8.563769675739574261e-01 -7.148029832979438503e+00
-6.097368989032293518e-01 -3.484008537910778663e-02 7.917606957917633359e-01 7.454209157944893804e-02 -3.311538120220550163e-02 9.992808735930635011e-01 1.845747394655344875e-02 -5.033683362205318423e-03 -7.918343375036644982e-01 -1.497431873303036766e-02 -6.104521396678616041e-01 -8.663601886159574050e+00
-6.993505018616108515e-01 -4.208573084469748038e-02 7.135108046441454022e-01 4.776339477472584250e+00 -3.809658167271300078e-02 9.990408689239376194e-01 2.160719773547929365e-02 2.033978148734940927e-01 -7.137360341634465533e-01 -1.206552781279833335e-02 -7.002831114127601175e-01 -7.482177484271968382e+00
1.737256389913114929e-01 -3.363607037499011243e-02 9.842208384301399660e-01 9.394636354199938921e+00 -4.825988179957216469e-03 9.993756427697728650e-01 3.499513262813028908e-02 3.029825969204864022e-01 -9.847835687464442378e-01 -1.083109942834667785e-02 1.734547857056515652e-01 -5.810926481749524974e+00
5.482235407186125675e-01 -3.466882891690485635e-02 8.355939535035005195e-01 1.106557652580353057e+01 1.158690186224538808e-02 9.993594209524447880e-01 3.386713020290774839e-02 4.443092173333904604e-01 -8.362325775413828044e-01 -8.884749938750387266e-03 5.482743009403321377e-01 -2.177519635533341713e+00
5.620819197578407200e-01 -3.994654791026981677e-02 8.261359723200711880e-01 1.171118606433640785e+01 1.218512631935956929e-02 9.991246357719398841e-01 4.001572907529113432e-02 4.198584970449955600e-01 -8.270113475475970866e-01 -1.242556506933337364e-02 5.620765922821091554e-01 8.755855840844358751e-01
4.611753669914808174e-01 -5.289702203812488707e-02 8.856304954865287238e-01 1.200503769538190646e+01 1.388642915800341986e-02 9.985294596517313437e-01 5.241118658852511603e-02 4.543254119741556574e-01 -8.871000095440804145e-01 -1.187410661045945962e-02 4.612318472364114741e-01 2.930181309960408598e+00
3.220856142550471146e-01 -5.871817956766528512e-02 9.448836977808600102e-01 1.207506246783729509e+01 8.545677100120335420e-03 9.982141435588794964e-01 5.912377947537326983e-02 4.234294534471759186e-01 -9.466681765044683283e-01 -1.096363385792018669e-02 3.220126496796648086e-01 3.854436703015541088e+00
3.191350175234151654e-01 -6.318747844416744419e-02 9.455996881613449867e-01 1.236028801194052740e+01 8.863299014783287272e-03 9.979307608220790993e-01 6.368715764943208568e-02 4.518883637328591218e-01 -9.476664719128572445e-01 -1.195391491716379581e-02 3.190341264301253532e-01 3.748353934202953042e+00
2.452860169651396305e-01 -6.787764058332446115e-02 9.671250879106458864e-01 1.258525082479816959e+01 3.109107376326661516e-03 9.975959698198599845e-01 6.923126456237740922e-02 4.480126431078932381e-01 -9.694992435451207369e-01 -1.397590567063081678e-02 2.449074354886363325e-01 3.856771801476174488e+00
2.014564302396740225e-01 -7.276914968590107724e-02 9.768474295830363863e-01 1.294655710271795712e+01 4.128898864548220110e-03 9.972899387329555720e-01 7.343471140979399014e-02 4.721511550041505578e-01 -9.795464933233722915e-01 -1.073064880547954653e-02 2.012121521550713221e-01 3.823649795945520680e+00
1.415272122143272915e-01 -7.765588192924496869e-02 9.869176488623534471e-01 1.316829039305618032e+01 4.296233055306522379e-03 9.969571110462924768e-01 7.782102147417617466e-02 4.748235433694101282e-01 -9.899590474033814758e-01 -6.762373222525816692e-03 1.414303538824772943e-01 3.869526113908368536e+00
8.491915025278540252e-02 -8.020194051766912913e-02 9.931468708744033425e-01 1.355627553196014290e+01 3.970174652844391319e-03 9.967756891419975451e-01 8.013137548649029718e-02 5.051506110669097271e-01 -9.963710482227574605e-01 -2.866631236274550833e-03 8.496255626609444667e-02 3.781882779660581839e+00
2.355179208937688978e-02 -8.165211549973142025e-02 9.963806917398644325e-01 1.389609457983114638e+01 3.243889081493995814e-03 9.966606271378564141e-01 8.159157303837191733e-02 5.251704888395898330e-01 -9.997150918621384719e-01 1.305042623672497942e-03 2.373754802299469016e-02 3.772368561652049035e+00
-3.257062084033245791e-02 -8.280645431886561603e-02 9.960351594472537373e-01 1.423386285547345764e+01 1.249034529372511533e-03 9.965568065953397392e-01 8.291469712480394050e-02 5.478506883120848325e-01 -9.994715069062549695e-01 3.946484028633201815e-03 -3.235382717417942949e-02 3.667685780195351963e+00
-8.990528245762383075e-02 -8.526591434797095581e-02 9.922622291558113039e-01 1.463665403662460562e+01 -4.944512702070555203e-03 9.963511642674716118e-01 8.520913292312941312e-02 5.861473828599358393e-01 -9.959100771413916808e-01 2.790221567229039627e-03 -8.999580749477650854e-02 3.640083216690594980e+00
-1.407164056699677646e-01 -8.645183356243972550e-02 9.862464894072712207e-01 1.501932731717769798e+01 -9.619569754953073704e-03 9.962520246030024396e-01 8.597004708931152428e-02 6.092851468129579784e-01 -9.899822340042916391e-01 2.606947979602139507e-03 -1.410201117118127234e-01 3.528092580033817427e+00
-1.866091069753450515e-01 -8.876783702139326437e-02 9.783052478396827567e-01 1.543168219884995196e+01 -1.218300749236243818e-02 9.960407856256922043e-01 8.803439378394402326e-02 6.429717952978379891e-01 -9.822498176620307886e-01 4.554634413702551496e-03 -1.869505858397164377e-01 3.402342815191126579e+00
-2.323713063911827525e-01 -9.055572098470435205e-02 9.684177344707117774e-01 1.586929040545846981e+01 -1.496068095823949000e-02 9.958721870030695644e-01 8.954121515113327989e-02 6.730137558029599676e-01 -9.725265375045580862e-01 6.289923938115921098e-03 -2.327675932774446732e-01 3.269936487169199602e+00
-2.742614301143713740e-01 -9.140854880125073856e-02 9.572454069123441656e-01 1.629629499847887786e+01 -1.956731913294700725e-02 9.957960238659400165e-01 8.946345712666953220e-02 7.094123265941552070e-01 -9.614012750783782479e-01 5.838669500798661545e-03 -2.748966354633758380e-01 3.105796117311797833e+00
-3.127870458244095264e-01 -8.908831243123740973e-02 9.457628943047698966e-01 1.676159971832675666e+01 -2.135206087380742135e-02 9.960014332244854218e-01 8.673996315908119592e-02 7.501196867369781529e-01 -9.497079169912135965e-01 6.927294711961694967e-03 -3.134398670028895051e-01 2.928546721515338902e+00
-3.485521130866817141e-01 -8.594856585766441626e-02 9.336301877161050644e-01 1.725217001787825666e+01 -2.126170100464278012e-02 9.962579378103415539e-01 8.379652720557903556e-02 7.843425011640091649e-01 -9.373353575913863089e-01 9.303249690157937291e-03 -3.490766600279202048e-01 2.713796244479132369e+00
-3.769932236279458504e-01 -8.221827642482715248e-02 9.223924454379827109e-01 1.773719583030990066e+01 -2.042289838370801858e-02 9.965487740000552597e-01 8.044869473595658849e-02 8.205902311058450582e-01 -9.258229731027817211e-01 1.148990455638974027e-02 -3.773717458600854835e-01 2.477922721819591168e+00
-4.035826066388745748e-01 -7.892306016390142342e-02 9.116008455537341071e-01 1.825844463524166272e+01 -2.003521378395669433e-02 9.967960745795665378e-01 7.743852818749473454e-02 8.645537574535312464e-01 -9.147918462267584649e-01 1.298663287037822925e-02 -4.038708201497829831e-01 2.229406543916046424e+00
-4.233084665960957782e-01 -7.680129276783988213e-02 9.025387784784353329e-01 1.879974203133220811e+01 -1.976504964417819324e-02 9.969440724344007521e-01 7.558295218236517343e-02 9.050376909530934988e-01 -9.055865438511496723e-01 1.417085281925493413e-02 -4.235317089819969349e-01 1.970214155140512347e+00
-4.373675553159484530e-01 -7.641137010319347389e-02 8.961144616525671402e-01 1.935801360181288544e+01 -1.898722769066413935e-02 9.969448332672860014e-01 7.578016506068957492e-02 9.487224487749285062e-01 -8.991675933551893651e-01 1.612865035198151123e-02 -4.374813354540840749e-01 1.680303591891175063e+00
-4.487211549779687725e-01 -7.644068795036521036e-02 8.904259423826119679e-01 1.993120035563401871e+01 -1.791731543000511795e-02 9.969064334781863046e-01 7.650915782696512957e-02 9.835149877392479478e-01 -8.935195660896164682e-01 1.838280143897911764e-02 -4.487037256609383018e-01 1.397272063092869665e+00
-4.605132812696947631e-01 -7.853486015327541814e-02 8.842687811795495456e-01 2.052293344548104770e+01 -1.975758233158829771e-02 9.967378531152870647e-01 7.827016417386260805e-02 1.035123913379510929e+00 -8.875305725166182658e-01 1.855807723383520041e-02 -4.605622271514546728e-01 1.088261694387873790e+00
-4.695806551527990647e-01 -8.139680433050493213e-02 8.791971158352251958e-01 2.113584723469404736e+01 -2.158495688296348594e-02 9.965028740344511471e-01 8.072438505888993032e-02 1.079394428200682876e+00 -8.826924666021607191e-01 1.891971849066623884e-02 -4.696958292351219311e-01 7.537915357561110197e-01
-4.776121753478005383e-01 -8.282419163850550381e-02 8.742654430056433501e-01 2.177783975364651781e+01 -2.268020724573499222e-02 9.963735698818327879e-01 8.199437107280770076e-02 1.137683702196307767e+00 -8.778891430543541707e-01 1.938320668517127393e-02 -4.777567665909933647e-01 4.217872049206363716e-01
-4.881554942590051183e-01 -8.612041399285648435e-02 8.684623748690437628e-01 2.241556585482104325e+01 -2.420415270882596281e-02 9.960708452817617076e-01 8.519252337036313516e-02 1.182367383177041154e+00 -8.723881935786824693e-01 2.057715809718232286e-02 -4.883210989132288904e-01 4.874226261551148354e-02
-4.962381501496654357e-01 -8.730329374152730193e-02 8.636215129368558507e-01 2.308942502800923791e+01 -2.440265379264009923e-02 9.959377021311546230e-01 8.668792993686151582e-02 1.239340818531101451e+00 -8.676822924215152888e-01 2.194849427106929096e-02 -4.963514100728436129e-01 -3.333076641336856216e-01
-5.081030766391936293e-01 -8.820609971757452372e-02 8.569495585144610850e-01 2.375207421144880371e+01 -2.560281067971177313e-02 9.958487639597672914e-01 8.738506647497805424e-02 1.297027977377605890e+00 -8.610982581471039454e-01 2.241664455197546479e-02 -5.082517712858752867e-01 -7.231906645583383586e-01
-5.173693191290072990e-01 -9.214600358682185910e-02 8.509966325008153643e-01 2.443777403634122436e+01 -2.699763977309991431e-02 9.954502030752928610e-01 9.138046477549448265e-02 1.358589841640452267e+00 -8.555446633680908741e-01 2.428946502011833722e-02 -5.175038728378870134e-01 -1.138886202753273125e+00
-5.256181553611602997e-01 -9.693650614443337366e-02 8.455620865392572405e-01 2.511495885073202317e+01 -2.973248590211469145e-02 9.949753218198909011e-01 9.560706741351680804e-02 1.424090459695144917e+00 -8.505809898054584872e-01 2.509704351115078086e-02 -5.258603431478784396e-01 -1.557406340821607005e+00
-5.353035404246875295e-01 -1.000977620284337760e-01 8.384244155095013085e-01 2.581208688271348706e+01 -3.028116547207330977e-02 9.945873113345615746e-01 9.936538068128335233e-02 1.484710429352722239e+00 -8.438355985816887728e-01 2.785416905986505542e-02 -5.354362147956773788e-01 -2.004495974228371669e+00
-5.477458072912884113e-01 -1.030454787578720527e-01 8.303398652032247806e-01 2.649631056245566896e+01 -3.203458981899488800e-02 9.942401564031901895e-01 1.022968333256488727e-01 1.544972090210739335e+00 -8.360979040420256636e-01 2.941318883974926648e-02 -5.478913270133606295e-01 -2.443620923929793687e+00
-5.597083389333888936e-01 -1.032163943058983513e-01 8.220557695776162799e-01 2.717748060027465229e+01 -3.283891683434073810e-02 9.941927676766691979e-01 1.024835170661893419e-01 1.609830072907245224e+00 -8.278613597185057182e-01 3.038253599365514299e-02 -5.598461693324223720e-01 -2.915183551399760375e+00
-5.719235058770185676e-01 -1.025806465109296295e-01 8.140546208934269501e-01 2.784907369227461871e+01 -3.454660549175819079e-02 9.942804341919686539e-01 1.010951634124524628e-01 1.678405089633175695e+00 -8.197676624303670279e-01 2.965909313678109782e-02 -5.721954354903956430e-01 -3.388336219132785931e+00
-5.852600892278588818e-01 -1.017920776682873507e-01 8.040060891611694460e-01 2.851397869729864709e+01 -3.565024815601657709e-02 9.943553484159227684e-01 9.990124071465657229e-02 1.739638764668544946e+00 -8.096413736807426265e-01 2.987720742942371818e-02 -5.855836586936790100e-01 -3.879028573926126100e+00
-6.017132048145689138e-01 -1.016679536191403693e-01 7.923451429493006959e-01 2.918041424564624720e+01 -3.881880431720675234e-02 9.944151586602379966e-01 9.818205826229557676e-02 1.805971853001992145e+00 -7.978991225007794341e-01 2.826466994293538176e-02 -6.022990049893153230e-01 -4.379221516532316727e+00
-6.234967721369307769e-01 -1.028906459670731327e-01 7.754562164046165940e-01 2.982278343693051070e+01 -4.450381988974291131e-02 9.943673883163014482e-01 9.623122571029536776e-02 1.869846701326964844e+00 -7.809865694567974526e-01 2.542991531697617880e-02 -6.245644352253911791e-01 -4.903851100671985819e+00
-6.442641904291404042e-01 -1.029966461951804940e-01 7.570866376557005006e-01 3.046581170042197328e+01 -4.812835407354948414e-02 9.943812123378109602e-01 9.426193955488151865e-02 1.939138376339099912e+00 -7.625444744804665831e-01 2.434941221119210283e-02 -6.455992997788488896e-01 -5.453776102578517637e+00
-6.707563669927678607e-01 -1.047346266871172077e-01 7.344255402630627261e-01 3.109554706018905890e+01 -5.333733878007008294e-02 9.942279151529344050e-01 9.312657300820455231e-02 2.005244605617309883e+00 -7.399370433855014806e-01 2.324077707942314580e-02 -6.724710484348247475e-01 -6.024720227218733015e+00
-6.946754018695735500e-01 -1.035914016143849453e-01 7.113076393897790339e-01 3.168929517466283485e+01 -5.564261757945861142e-02 9.943478581858835597e-01 9.040327501308131897e-02 2.060652196710532458e+00 -7.166528835202693459e-01 2.324308641428507807e-02 -6.965126114409743163e-01 -6.614421209877110464e+00
-7.186533476742607007e-01 -1.033229358789880814e-01 6.875735807539106181e-01 3.228711601885386528e+01 -5.800843999407152146e-02 9.943607728204049145e-01 8.875811486143994622e-02 2.116861197907930592e+00 -6.928681722698678547e-01 2.392713093586074091e-02 -7.205944075870925891e-01 -7.241060379186063045e+00
-7.398936515481113751e-01 -1.014526287842928975e-01 6.649372635722071712e-01 3.284803328126414357e+01 -6.074753644240710182e-02 9.946047392550255717e-01 8.404277751552229059e-02 2.165547283450772742e+00 -6.698758165394942399e-01 2.181079818473405374e-02 -7.420660219224599619e-01 -7.870566764144363958e+00
-7.628189551458319784e-01 -1.006635531263864042e-01 6.395982882025091909e-01 3.338890917548171444e+01 -6.359258391854448467e-02 9.947033434944455577e-01 8.078768332931263174e-02 2.221665338523542754e+00 -6.443390940395488098e-01 2.088392432052125006e-02 -7.651813906641350416e-01 -8.532862389980756745e+00
-7.829546273676055712e-01 -9.555882632948549393e-02 6.144209453837701229e-01 3.392559277220234293e+01 -6.275705779152299102e-02 9.952185209706547742e-01 7.487667453718764576e-02 2.266687729048879163e+00 -6.186388363041482874e-01 2.005997788961981845e-02 -7.852069849955665148e-01 -9.206888290196488356e+00
-8.027759985608742266e-01 -8.692397452669436975e-02 5.907967185977660574e-01 3.441049138502267368e+01 -5.773781426808934081e-02 9.960046205889986348e-01 6.814734401430586064e-02 2.311349915377560293e+00 -5.943575335580354446e-01 2.054800690238676661e-02 -8.045883374898554763e-01 -9.908784824551872816e+00
-8.213007066704562931e-01 -7.811987722161992109e-02 5.653008469457216911e-01 3.488778883195255531e+01 -5.262082192504157624e-02 9.967337072037887324e-01 6.124414122264777022e-02 2.349115162205079876e+00 -5.682381118096045958e-01 2.055062507558754956e-02 -8.227293696091078079e-01 -1.062060535602934586e+01
-8.371309602235804670e-01 -7.006269716769723821e-02 5.426709602686607958e-01 3.533554977816006470e+01 -4.738117512279330784e-02 9.973206461440039527e-01 5.575798362766798411e-02 2.377304159582297238e+00 -5.451246033635727128e-01 2.097230917514239165e-02 -8.382073617970410284e-01 -1.134568012421233796e+01
-8.528475234405914485e-01 -6.071752095685040151e-02 5.187496382047006582e-01 3.576149016741211284e+01 -4.026577201381985327e-02 9.979045814220324218e-01 5.066133488274581625e-02 2.400819938575254664e+00 -5.207392449525156675e-01 2.232050689474610397e-02 -8.535051103877520084e-01 -1.209254281128713693e+01
-8.683869375233691512e-01 -5.113883544926062230e-02 4.941473854137861665e-01 3.616932031389373492e+01 -3.470500896535592267e-02 9.984964604624401163e-01 4.245814466609561938e-02 2.415209835711416453e+00 -4.955758694938163234e-01 1.970709613792549775e-02 -8.688560467961879974e-01 -1.283259354525628559e+01
-8.809768315110653170e-01 -3.884069521035909966e-02 4.726905552270774247e-01 3.654914760430447984e+01 -3.019135052151769583e-02 9.992089066693315980e-01 2.590407014101398994e-02 2.426083059791432461e+00 -4.733224422525522668e-01 8.529093331928057700e-03 -8.814528026019613494e-01 -1.359268997925684630e+01
-8.924669028663175796e-01 -2.975925126579059138e-02 4.508649526457852996e-01 3.693129890217280575e+01 -2.978207014294634650e-02 9.995316865691949992e-01 7.052350957378460128e-03 2.423208776162507405e+00 -4.508636448028022214e-01 -7.128011220297423602e-03 -8.929352761612209255e-01 -1.433853820757767572e+01
-9.041227618013882861e-01 -2.334061335268636586e-02 4.278391614857209868e-01 3.728763765136872621e+01 -3.031144127209881370e-02 9.994955486837031611e-01 -9.489728787774905430e-03 2.410474799060524198e+00 -4.274019944582206354e-01 -2.154290864017702894e-02 -9.043743518618679866e-01 -1.509379117731772446e+01
-9.143201127392468486e-01 -1.689417429769219867e-02 4.043823396276056692e-01 3.762544989390939065e+01 -2.773640599775513069e-02 9.993962876555768649e-01 -2.093273720508191313e-02 2.384842687119927973e+00 -4.037844708292185891e-01 -3.034886535507472227e-02 -9.142368056193024284e-01 -1.586874241520288820e+01
-9.241260963692067287e-01 -1.327219283498036126e-02 3.801746908865621388e-01 3.795050066028414193e+01 -2.428069119278982238e-02 9.994119101431275798e-01 -2.419524696695206367e-02 2.346760760846446470e+00 -3.796300169603973873e-01 -3.161181897066247387e-02 -9.239046787870432986e-01 -1.665662201960520505e+01
-9.337157004954594886e-01 -1.156519043607903523e-02 3.579780753860496989e-01 3.824996104926380269e+01 -2.193259720178347347e-02 9.994516973443778873e-01 -2.483291419053810373e-02 2.306913507662570861e+00 -3.574944149170271590e-01 -3.100338849485979181e-02 -9.334577928846848893e-01 -1.745685272871515181e+01
-9.415715190115248046e-01 -1.096632526485022407e-02 3.361528032171495206e-01 3.852736447273210274e+01 -1.858184161955710179e-02 9.996396218492040742e-01 -1.940284277932833104e-02 2.271135803918348461e+00 -3.358188577900872440e-01 -2.447687698446353657e-02 -9.414361777316306856e-01 -1.824016180580098379e+01
-9.492721225189778567e-01 -6.999079324235366051e-03 3.157974516336926607e-01 3.878468284182968517e+01 -1.183179653578169711e-02 9.998403185162965112e-01 -1.338265403787759593e-02 2.238048387193122046e+00 -3.156533599284051528e-01 -1.645181833616074507e-02 -9.492035834179730625e-01 -1.904041055659087078e+01
-9.531109959162445966e-01 -3.754973850814640954e-03 3.024978218819793230e-01 3.902676035372850549e+01 -8.186795036695757727e-03 9.998767657511987705e-01 -1.339367168051155098e-02 2.202993725723297214e+00 -3.024102395198809412e-01 -1.523611731032055092e-02 -9.530244721130914920e-01 -1.984832912322943699e+01
-9.570245538395316665e-01 -1.398296888420062171e-03 2.917002628843223255e-01 3.927581832069119372e+01 -6.119707360344205267e-03 9.998643941906784072e-01 -1.529513436571184638e-02 2.168380009815767728e+00 -2.916394296038365974e-01 -1.640056630503056515e-02 -9.569035324440423596e-01 -2.064300698833747205e+01
-9.595277560487069923e-01 6.560715828628435348e-04 2.789983890888304563e-01 3.949319844835299875e+01 -4.390849476181210402e-03 9.998370523427723144e-01 -1.749753894282618516e-02 2.135972990235601721e+00 -2.789645125873155274e-01 -1.803484947472842187e-02 -9.593685728748759800e-01 -2.141616196295504437e+01
-9.635720985794175020e-01 -4.794841978377941370e-03 2.692058191970193026e-01 3.972831693145644039e+01 -1.066367252496078742e-02 9.997366956082711642e-01 -2.031817037572803894e-02 2.100891876803038461e+00 -2.690375028033852867e-01 -2.244530139998934457e-02 -9.633696231786035291e-01 -2.219540154721130776e+01
-9.673089062767773472e-01 -7.833790680770924206e-03 2.561329248396785330e-01 3.994581798443820020e+01 -1.316997111560725027e-02 9.997302199442239523e-01 -1.914078038693272851e-02 2.069758006355159274e+00 -2.559139988834045476e-01 -2.186766323925247446e-02 -9.671511878015104369e-01 -2.297590981496010798e+01
-9.697070909853020559e-01 -5.397812950537295672e-03 2.468120264996065683e-01 4.013829975072721368e+01 -1.064982892247644600e-02 9.997453552077523176e-01 -1.990539868195952133e-02 2.039109392521953001e+00 -2.466417134586540993e-01 -2.191114766207597625e-02 -9.695175556615065471e-01 -2.378083263140843684e+01
-9.707761329972788289e-01 -2.211210733594863153e-03 2.388022208668548751e-01 4.033844153937785393e+01 -7.636362224474138767e-03 9.997345032660982511e-01 -2.174221146032429344e-02 2.002562546506487351e+00 -2.386905621492879381e-01 -2.293071823015722238e-02 -9.705352087621667012e-01 -2.458699248049345343e+01
-9.734129855867255099e-01 -4.659588154848312330e-04 2.331731031478428418e-01 4.053449354274929561e+01 -6.388360195794701678e-03 9.996760858400310923e-01 -2.464545170567812235e-02 1.979599004572078380e+00 -2.330861240418412583e-01 -2.545091210953843650e-02 -9.731008831131078285e-01 -2.539322084227217857e+01
-9.708245649506710429e-01 -4.377255924289108610e-04 2.354465399777795342e-01 4.074461821844808185e+01 -6.781621189851563987e-03 9.996350508414491021e-01 -2.613752570212614021e-02 1.941723104127725197e+00 -2.353492100162662692e-01 -2.700577227908716391e-02 -9.704726782354438086e-01 -2.623145168660051496e+01
-9.709232231658714296e-01 1.469122870393160330e-03 2.399706780434941455e-01 4.095677016066208864e+01 -4.700964787545173357e-03 9.996728311748304119e-01 -2.514129960220197468e-02 1.909613918938143806e+00 -2.399291597017220445e-01 -2.553715439755464139e-02 -9.705986013103505838e-01 -2.707719371827970889e+01
-9.697589774946612229e-01 2.413314364286730238e-04 2.459400643663035013e-01 4.118798607277273049e+01 -5.915301230343191115e-03 9.996872655768068716e-01 -2.429867773775805026e-02 1.876953209730065630e+00 -2.458690297627465771e-01 -2.501115869185973478e-02 -9.694542499580611761e-01 -2.792792656153113384e+01
-9.672816850323150417e-01 -2.437582614353133240e-03 2.538975398783937520e-01 4.142357926785174982e+01 -8.669481562152444101e-03 9.996888413979758692e-01 -2.339325130370465897e-02 1.843902747634123207e+00 -2.537614723635431835e-01 -2.482551797385228534e-02 -9.670016683514396361e-01 -2.879619704283487280e+01
-9.648020509292530855e-01 -3.725926087887051867e-03 2.610386894346409803e-01 4.167764386291820955e+01 -1.023895773658198109e-02 9.996706235664608586e-01 -2.354266400161757894e-02 1.814220830247023519e+00 -2.608647993365324491e-01 -2.537713291153287712e-02 -9.645224556175545638e-01 -2.969594508507843855e+01
-9.637425691285409490e-01 -6.852201491115179378e-03 2.690339503970557988e-01 4.194034368053820572e+01 -1.368039522983696341e-02 9.996298593426272694e-01 -2.352155975763584039e-02 1.780772254531303167e+00 -2.687732874453578336e-01 -2.632742676555880831e-02 -9.634796869502314509e-01 -3.058351933701760572e+01
-9.611694044877286958e-01 -1.129899100885703271e-02 2.739969327255826204e-01 4.221640157287934869e+01 -1.800410464231828878e-02 9.995957273805700094e-01 -2.200149472339313350e-02 1.748258315866187296e+00 -2.736376928150031640e-01 -2.607739251283286777e-02 -9.609842133080330751e-01 -3.149940737519348488e+01
-9.613265352713089573e-01 -1.574145573875546100e-02 2.760968142588751117e-01 4.249887157400969784e+01 -2.268258913440856714e-02 9.995014525164278574e-01 -2.196029270810122627e-02 1.722265849194209997e+00 -2.756134936594441531e-01 -2.737601967815608481e-02 -9.612043996097735521e-01 -3.241636509771473129e+01
-9.613668595373640047e-01 -1.944417221770963072e-02 2.765130365882739749e-01 4.278600946145962780e+01 -2.626696128152132548e-02 9.994354284003500455e-01 -2.097093001768266310e-02 1.680401105186433153e+00 -2.759493362719049325e-01 -2.739697460912097690e-02 -9.613349200859779842e-01 -3.336453735304051804e+01
-9.613682150517602887e-01 -2.132824938811097790e-02 2.765168491220652558e-01 4.308348086005803879e+01 -2.795366961715296805e-02 9.994098978361051211e-01 -1.997939580774523577e-02 1.644810505832011716e+00 -2.759275234678781885e-01 -2.692092286664962350e-02 -9.613973217652100889e-01 -3.433089985336829386e+01
-9.613504893166107124e-01 -2.202472522068430957e-02 2.760272532741172014e-01 4.336784713528771817e+01 -2.841312022407418633e-02 9.994126082204712880e-01 -1.916223707362628079e-02 1.613306839788737124e+00 -2.754431297166047843e-01 -2.626591313818212731e-02 -9.614117378156038507e-01 -3.529783873461163068e+01
-9.613291464740872927e-01 -2.257137920570804340e-02 2.765311830374479474e-01 4.365464833242887011e+01 -2.876703893705914034e-02 9.994190516380764278e-01 -1.830813528316071331e-02 1.579960493499638519e+00 -2.759575454797056904e-01 -2.552001926028630782e-02 -9.614202717754698480e-01 -3.628236042825191277e+01
-9.612722062655665312e-01 -2.281406266509211633e-02 2.757041612917807138e-01 4.394629712232423202e+01 -2.850836696101861911e-02 9.994547093138798077e-01 -1.665978887821057200e-02 1.545016593805216498e+00 -2.751737945448315403e-01 -2.387763543769585300e-02 -9.613985479511147902e-01 -3.728645611111416969e+01
-9.612771031719971049e-01 -2.351208764369303733e-02 2.751941570472162257e-01 4.425580294328688069e+01 -2.913524616415183108e-02 9.994406841932871322e-01 -1.640007370734011469e-02 1.508498627133187053e+00 -2.746546111247902267e-01 -2.379786712458563380e-02 -9.614246274308968498e-01 -3.827454413834450264e+01
-9.613010387130049850e-01 -2.555707386512785090e-02 2.751859854096536107e-01 4.455167981210323092e+01 -3.110779519154712597e-02 9.993898876866882386e-01 -1.586029313846615274e-02 1.473815532233220038e+00 -2.746125663516476578e-01 -2.383225210782181566e-02 -9.615095166219987943e-01 -3.930845397734118052e+01
-9.612450349819945394e-01 -2.689743400754972258e-02 2.745954556803403279e-01 4.485773672645725441e+01 -3.233194539068662277e-02 9.993619837988476640e-01 -1.521309051442388052e-02 1.431359336738047938e+00 -2.740111847166977199e-01 -2.347995545388770547e-02 -9.615014960504347785e-01 -4.027970971208183926e+01
-9.613477331702406925e-01 -2.879383439380413592e-02 2.756583768386798305e-01 4.516231339799738720e+01 -3.432418077689115138e-02 9.992943876563158412e-01 -1.525645516189511747e-02 1.390518671848714582e+00 -2.750247037162634189e-01 -2.412811000293686031e-02 -9.616579543823154941e-01 -4.128954622924449325e+01
-9.599553716065274411e-01 -2.965857134448796409e-02 2.773244754243375243e-01 4.546067432108574735e+01 -3.465228671491395879e-02 9.993126887507696177e-01 -1.314567246180923903e-02 1.351543647839513751e+00 -2.767439997623615255e-01 -2.224306287823153705e-02 -9.603232271021280297e-01 -4.227697792848659475e+01
-9.599305788115496396e-01 -3.047879953443333179e-02 2.797945759273990363e-01 4.576471528802537136e+01 -3.465593513157957245e-02 9.993486634558393922e-01 -1.005566027923966536e-02 1.309923731924127921e+00 -2.793062608414317305e-01 -1.933471426834558124e-02 -9.603617024650292766e-01 -4.330216081000851602e+01
-9.585907567959826014e-01 -3.061948906806903625e-02 2.831774489691251118e-01 4.607191263438927820e+01 -3.430014006516687863e-02 9.993795295936362955e-01 -8.021464866235094790e-03 1.273819482005656534e+00 -2.827562274933275166e-01 -1.739700003340247103e-02 -9.590462476969455752e-01 -4.429396399417002783e+01
-9.572981616546447636e-01 -3.163157702181247644e-02 2.863184124236708983e-01 4.638242956131033878e+01 -3.511680035415951084e-02 9.993576722052603944e-01 -7.091082339526218192e-03 1.239963890557098658e+00 -2.859100949979975215e-01 -1.685876436104681228e-02 -9.577939208365654489e-01 -4.529990447536136600e+01
-9.572620878112086951e-01 -3.179943808451333315e-02 2.873903247938798811e-01 4.669398470261631928e+01 -3.491214434737800049e-02 9.993750407723700491e-01 -5.619683191131024519e-03 1.204735159645597742e+00 -2.870319854898509826e-01 -1.540618171099444877e-02 -9.577739303247477798e-01 -4.629336908067359957e+01
-9.573356758686655255e-01 -3.181373662831125243e-02 2.895191389747051036e-01 4.699118061865755891e+01 -3.519486535297056129e-02 9.993599399006357631e-01 -6.459638830421821770e-03 1.174588822771996721e+00 -2.891284808349645630e-01 -1.636022193431716995e-02 -9.578427168670532454e-01 -4.728752225207932725e+01
-9.559999460180776953e-01 -3.244151924513315188e-02 2.882042221582968855e-01 4.729970360092790571e+01 -3.629844976217173197e-02 9.993094663268867750e-01 -7.948842388084676608e-03 1.142257076212810585e+00 -2.877468773479643915e-01 -1.807521622339878023e-02 -9.565171704934405383e-01 -4.825780034824605025e+01
-9.574657696667788764e-01 -3.373697464112752203e-02 2.860571520193991857e-01 4.759420439836973316e+01 -3.850260892866622792e-02 9.991949880059098898e-01 -1.118427132023729932e-02 1.103592430839678951e+00 -2.854496475160172575e-01 -2.174037026972452588e-02 -9.579937523357130447e-01 -4.924947981123777652e+01
-9.587339579219807950e-01 -3.452247060664237477e-02 2.809750534696588420e-01 4.789507002174050854e+01 -3.943316497826109684e-02 9.991519933110381002e-01 -1.184044376087435395e-02 1.071138969392199769e+00 -2.803280045324108571e-01 -2.243331299956072972e-02 -9.592821067582284478e-01 -5.020724653485142142e+01
-9.612769729219953208e-01 -3.541512098068167608e-02 2.742132505425907696e-01 4.818559994971834470e+01 -3.997779753139760195e-02 9.991415735119281161e-01 -1.093741440230771959e-02 1.044596187855223013e+00 -2.735905035238321292e-01 -2.146201212420682097e-02 -9.618679632455724438e-01 -5.121180985054717638e+01
-9.637114135667367298e-01 -3.413432677295270140e-02 2.688346646359388581e-01 4.846265245897883034e+01 -3.711176002656892819e-02 9.992934911180366697e-01 -6.000752775636217402e-03 1.006679547672336028e+00 -2.684401029262923344e-01 -1.574788272952755419e-02 -9.642976642135925314e-01 -5.217153275285466663e+01
-9.635740386111724121e-01 -3.754888724827208646e-02 2.619754080055791134e-01 4.874653753445227977e+01 -4.057184626993988463e-02 9.991577779608948884e-01 -6.097502823542177465e-03 9.764229602599256985e-01 -2.615255743676709876e-01 -1.651640432508482553e-02 -9.642861533855198175e-01 -5.313925545357172808e+01
-9.661793097005464404e-01 -3.649757489748441108e-02 2.575412532669401067e-01 4.901205433891752250e+01 -3.976418709147091363e-02 9.991824307067069810e-01 -7.399754280330582239e-03 9.477459456289311079e-01 -2.570609489903142864e-01 -1.736764851631260320e-02 -9.668408328172262145e-01 -5.412081636560937170e+01
-9.674791478686612933e-01 -3.460057905330826689e-02 2.532352113190367571e-01 4.926997216464130958e+01 -3.845331738890067630e-02 9.992078774462579416e-01 -1.026780150062195709e-02 9.200832454283764950e-01 -2.526794139268438988e-01 -1.966892868505112912e-02 -9.680433720069487880e-01 -5.508445831022281425e+01
-9.686484210738922629e-01 -3.666746077441458695e-02 2.454432063503653449e-01 4.952616315975063088e+01 -4.079369521655860920e-02 9.990989629562875285e-01 -1.171717384722656234e-02 8.908724811340610339e-01 -2.447922102694201352e-01 -2.137054928612090038e-02 -9.692715000199074726e-01 -5.604134744445252636e+01
-9.686162756654653760e-01 -3.780344961555668487e-02 2.427562210714719060e-01 4.977842958476485791e+01 -4.213255135652412692e-02 9.990305659146697659e-01 -1.270231752947491299e-02 8.514761250167030004e-01 -2.420404316674201473e-01 -2.254991406117513517e-02 -9.692700574992654250e-01 -5.699508214336402290e+01
-9.698372671266788370e-01 -3.795068291956448653e-02 2.388127817255954743e-01 5.002210666100793190e+01 -4.204144235696837678e-02 9.990411338915200501e-01 -1.214922504337829882e-02 8.206087356556606149e-01 -2.381225843320333158e-01 -2.184126840771780098e-02 -9.705028284042457321e-01 -5.794929253347699927e+01
-9.721580531107153478e-01 -3.924638534652243049e-02 2.343644483351402241e-01 5.025894330377155939e+01 -4.097600810941028765e-02 9.991562136444012143e-01 -2.662231856605334554e-03 7.924671796244855404e-01 -2.340622874112175678e-01 -1.219550040518552377e-02 -9.729459268377018688e-01 -5.890985666055247094e+01
-9.719397667234362936e-01 -4.222477090676873129e-02 2.317161012817534060e-01 5.048762840742377733e+01 -4.162730074008275799e-02 9.991054588266057301e-01 7.444423110300720306e-03 7.681107665203864565e-01 -2.318231802643714867e-01 -2.408598294572566936e-03 -9.728280117633565371e-01 -5.986784748039588777e+01
-9.718243019322856391e-01 -4.330583598820375579e-02 2.291419715043161720e-01 5.072165293958403964e+01 -4.188222765251606999e-02 9.990611676419610676e-01 1.104280255010502143e-02 7.484755996301496461e-01 -2.294051912308104346e-01 1.142276029525433109e-03 -9.727256762489210340e-01 -6.082258372834979809e+01
-9.731737574833788651e-01 -4.075481749376308471e-02 2.286961221468713223e-01 5.094854363751282733e+01 -4.065919698424442369e-02 9.991601906005687095e-01 5.062546466638078238e-03 7.370172324068008374e-01 -2.287105231335571365e-01 -4.365958591279233553e-03 -9.740134478495507953e-01 -6.176924317057788016e+01
-9.732403402842868534e-01 -3.908347319430596767e-02 2.287379838857908354e-01 5.116531558009832992e+01 -4.025563539556969300e-02 9.991894499036272359e-01 -4.770617590385764907e-04 7.165605008778090923e-01 -2.285341991568283215e-01 -9.661256578122182082e-03 -9.740248213464828275e-01 -6.270577552003715738e+01
-9.731561984953537303e-01 -3.259813321823409882e-02 2.275051069384616542e-01 5.139035155042127201e+01 -3.396850025946602375e-02 9.994200103987441741e-01 -2.224208163214689248e-03 7.006730993311832689e-01 -2.273005277444833938e-01 -9.903782076371932946e-03 -9.736990121177766522e-01 -6.364654368558414177e+01
-9.730984909818402029e-01 -3.027055072894667409e-02 2.283915618712993312e-01 5.160426637562715513e+01 -3.141522078725911965e-02 9.995048762570356571e-01 -1.498657232953336553e-03 6.773163033433127200e-01 -2.282331067553432236e-01 -8.639217172979449591e-03 -9.735675233329044165e-01 -6.459711737296022704e+01
-9.730660156580198672e-01 -3.244739855288593378e-02 2.286310999182225578e-01 5.181946833490982129e+01 -3.276609397763569770e-02 9.994603323625251834e-01 2.447680086571297261e-03 6.580868626082083672e-01 -2.285871841531545712e-01 -5.105842380715694406e-03 -9.736039729430614464e-01 -6.553534723320419175e+01
-9.730438719669649572e-01 -3.525816454738284894e-02 2.283387856347527112e-01 5.205430575869962695e+01 -3.442779176691270621e-02 9.993782230657645149e-01 7.608280078486760745e-03 6.482938540678013783e-01 -2.284650497802752367e-01 -4.590858926059948413e-04 -9.736527262094256674e-01 -6.647950542860377254e+01
-9.717387566831247048e-01 -3.950735737978486317e-02 2.294419832961959449e-01 5.227762579660787168e+01 -3.725526443032298879e-02 9.992056656173710083e-01 1.412485585403360985e-02 6.357999098337141497e-01 -2.298178817207191804e-01 5.183891232947315450e-03 -9.724385895754206199e-01 -6.741345237546313740e+01
-9.731955746611823388e-01 -4.798457588358037706e-02 2.284234909428078664e-01 5.251583728635763038e+01 -4.559137976082180965e-02 9.988352257956136793e-01 1.587304661993985122e-02 6.312275105048198443e-01 -2.289190317426864629e-01 5.023611205734307070e-03 -9.742495992926955006e-01 -6.833603763321322333e+01
-9.720956987351210277e-01 -5.615658906902799841e-02 2.318676298772634203e-01 5.275706813962725761e+01 -5.355448571275358421e-02 9.984129466716967771e-01 1.744366138682965431e-02 6.305998071619438594e-01 -2.324787269844618698e-01 4.523404424187545299e-03 -9.735603423808506518e-01 -6.925621838993164658e+01
-9.708401733988710758e-01 -5.512150339627593792e-02 2.340199178448085227e-01 5.298496636497681322e+01 -5.187974631473783738e-02 9.984555313483636230e-01 1.983428219228574110e-02 6.231001768887678427e-01 -2.347512327643149488e-01 7.105152218512869253e-03 -9.722005620739432308e-01 -7.019310519292976380e+01
-9.708532694641143213e-01 -5.020924052927171199e-02 2.376517147695649812e-01 5.321754786571996476e+01 -4.716029727754691980e-02 9.987153117742755271e-01 1.859455705991206603e-02 6.163013248394964005e-01 -2.382800153281588451e-01 6.837293350854942685e-03 -9.719736875318715219e-01 -7.112458443044349110e+01
-9.683383971660846079e-01 -4.794242582979779677e-02 2.445433837054385440e-01 5.344408786296065728e+01 -4.515153615805914816e-02 9.988347898454172924e-01 1.705352656769737810e-02 6.123150770861195413e-01 -2.450761100873423137e-01 5.472888090019306651e-03 -9.693745712758293775e-01 -7.204779277942590454e+01
-9.671781413467706034e-01 -4.382183956653575713e-02 2.522725544133326836e-01 5.368378750817462475e+01 -4.045385944047773241e-02 9.990112455029621641e-01 1.842519294637716756e-02 6.055427308150591603e-01 -2.528301040738901162e-01 7.599495620297839517e-03 -9.679945626484707244e-01 -7.295064924596876210e+01
-9.645460563603246440e-01 -3.672912573711992895e-02 2.606221490981120437e-01 5.394105092279790625e+01 -3.264746045991014783e-02 9.992655091100834941e-01 2.008219073272166089e-02 5.999635403689390634e-01 -2.611687358473558929e-01 1.087037693695287743e-02 -9.650367354264557385e-01 -7.387080349841541249e+01
-9.621566589462199337e-01 -3.771547237196806734e-02 2.717325130883089246e-01 5.419385050856751462e+01 -3.335539778910447811e-02 9.992318666637853841e-01 2.055708912856197071e-02 5.948056412907809509e-01 -2.722986863903436028e-01 1.070422212927262841e-02 -9.626757960392512414e-01 -7.477030722016586139e+01
-9.584280154215603087e-01 -4.161516307178804441e-02 2.849086939172660871e-01 5.447960993969842747e+01 -3.694291031614939380e-02 9.990818674124318788e-01 2.169696625087870478e-02 6.062931875657181502e-01 -2.855494623910279639e-01 1.024944208633618917e-02 -9.590854916621972537e-01 -7.566670119679889694e+01
-9.532307002259835516e-01 -4.260432962550970981e-02 2.969853969276680661e-01 5.476855772770452546e+01 -3.625668823926054413e-02 9.989792243143688077e-01 2.695240155147036673e-02 6.053377168004021591e-01 -2.978313405790772861e-01 1.494557407916741187e-02 -9.538020414299990257e-01 -7.657785596384567839e+01
-9.507029754836746616e-01 -4.328529430680613105e-02 3.092217798679215979e-01 5.506395042540447804e+01 -3.632019221111165014e-02 9.989411959366107929e-01 2.824645839480163442e-02 6.126200228451406105e-01 -3.101166556501101512e-01 1.560472203117507610e-02 -9.512687351700384042e-01 -7.746634742630511994e+01
-9.454030235720544129e-01 -4.337805158928863258e-02 3.211567740969571427e-01 5.537407935912627721e+01 -3.553323802347621574e-02 9.989111022401453432e-01 3.021733955907373800e-02 6.233725534736230811e-01 -3.221179391827427296e-01 1.716395345607380288e-02 -9.459148403143614603e-01 -7.834462548127785908e+01
