1.0 0.0 0.0 0.0 0.0 1.0 0.0 0.0 0.0 0.0 1.0 0.0
-0.3883922 -0.9217244 -0.003014574 7.9995117 0.92089635 -0.38790038 -0.04378577 3.4241943 0.039182287 -0.019757967 0.999037 -0.024291992
-0.8477983 -0.5295671 0.009638496 2.7338867 0.52856904 -0.84708387 -0.04858116 8.991699 0.033892166 -0.03610641 0.9987726 0.17529297
-0.9043938 0.42273954 0.03610179 -3.5755615 -0.4242437 -0.90212595 -0.06426699 9.7771 0.0054287203 -0.07349482 0.99727863 0.43151855
-0.856271 0.5162053 0.030688612 -6.513916 -0.5171118 -0.8544901 -0.055213988 5.3425293 -0.002295376 -0.06317323 0.99800175 0.16149902
-0.61040777 0.79137486 0.03171613 -8.120239 -0.791878 -0.6090856 -0.04268603 0.19421387 -0.014462296 -0.05116327 0.9985852 0.06518555
-0.7002741 0.71326774 0.02874579 -6.9195557 -0.71365803 -0.69859535 -0.051152397 -4.535034 -0.01641058 -0.05635143 0.9982767 -0.18811035
0.17333345 0.98457074 0.024051242 -5.5479736 -0.9841472 0.17408748 -0.033922683 -9.059692 -0.03757556 -0.017790155 0.99913514 -0.32836914
0.54813224 0.8361687 0.018478457 -2.0447998 -0.8355253 0.5484371 -0.032900784 -10.783691 -0.037649766 0.002597432 0.9992879 -0.5065918
0.5619174 0.8269243 0.021844262 1.0028076 -0.8260517 0.5623318 -0.03813263 -11.438477 -0.043812033 0.0033804649 0.9990339 -0.50512695
0.46099395 0.88702023 0.022402946 3.0905762 -0.88553256 0.46152106 -0.05150378 -11.717407 -0.056033358 0.003907687 0.99842167 -0.55126953
0.32173163 0.9465511 0.022861619 4.0616455 -0.9447732 0.3225295 -0.058056083 -11.770752 -0.062332474 -0.002923577 0.9980513 -0.52490234
0.31873053 0.94754344 0.023869233 3.9559326 -0.9454815 0.31961194 -0.06254388 -12.055664 -0.06688349 -0.0026253527 0.99775743 -0.5534668
0.24458456 0.9693183 0.02653634 4.0889893 -0.96699476 0.24585119 -0.06768958 -12.274414 -0.07213326 -0.0091020325 0.9973537 -0.55041504
0.20084338 0.97939533 0.023644578 4.069458 -0.97671694 0.2020549 -0.072862506 -12.6328125 -0.07613169 -0.008490145 0.99706024 -0.57592773
0.14101051 0.9898371 0.02013685 4.1346436 -0.9867863 0.14216681 -0.07815646 -12.851929 -0.080213234 -0.008862126 0.99673736 -0.5793457
0.084505156 0.9962749 0.016653178 4.0646973 -0.99301624 0.08558511 -0.0811093 -13.237915 -0.08220935 -0.009679899 0.99656713 -0.61157227
0.02324639 0.9996442 0.012902135 4.074585 -0.9962509 0.024238966 -0.083024055 -13.576904 -0.083300665 -0.0109184515 0.9964646 -0.63391113
-0.032868177 0.99940604 0.010619601 3.987671 -0.99590516 -0.0318547 -0.084626734 -13.914795 -0.0842617 -0.013360258 0.99635524 -0.6583252
-0.09051483 0.995793 0.012114558 3.9783936 -0.99213225 -0.08911639 -0.08757222 -14.31897 -0.08616501 -0.019985795 0.9960813 -0.6990967
-0.14154065 0.98983145 0.012577727 3.8825684 -0.9861206 -0.1398772 -0.0892054 -14.703613 -0.08655613 -0.02502887 0.99593335 -0.7244873
-0.18749487 0.98209625 0.01085989 3.770996 -0.9781804 -0.18572809 -0.0919369 -15.11853 -0.08826487 -0.027905995 0.99570405 -0.76013184
-0.23333073 0.9723672 0.009338891 3.65271 -0.9682951 -0.23145092 -0.09415258 -15.559326 -0.08940129 -0.030984756 0.9955149 -0.79248047
-0.27545455 0.96120733 0.009971257 3.501587 -0.9571312 -0.27329445 -0.09541492 -15.989746 -0.08896965 -0.03585561 0.99538696 -0.8314209
-0.31398594 0.94950974 0.009043802 3.3359375 -0.94565815 -0.31182146 -0.093478926 -16.458252 -0.08590592 -0.037881367 0.9955819 -0.8757324
-0.34961796 0.93715537 0.0068067485 3.1317139 -0.9335315 -0.34760976 -0.09070367 -16.952148 -0.08263195 -0.038006485 0.9958569 -0.9135742
-0.37790477 0.9256648 0.004719666 2.9039307 -0.9222989 -0.37608528 -0.08727381 -17.440063 -0.079006776 -0.037330866 0.99617386 -0.95336914
-0.40439332 0.91464716 0.0033135936 2.6628418 -0.9115123 -0.40270212 -0.08426206 -17.96399 -0.07573564 -0.037093513 0.9964381 -1.0009766
-0.42404926 0.90545243 0.002187606 2.4088135 -0.90245306 -0.42244568 -0.082357004 -18.507446 -0.073678195 -0.036927268 0.99659884 -1.0447998
-0.43801224 0.8990537 0.00026945863 2.1220703 -0.8960259 -0.4365133 -0.08211848 -19.067017 -0.073731706 -0.036220882 0.9966215 -1.0910645
-0.4492534 0.89343023 -0.0019574836 1.8413086 -0.8903328 -0.44787467 -0.08227181 -19.641357 -0.07434028 -0.03520436 0.9966096 -1.128418
-0.4611237 0.8874306 -0.0021091178 1.53479 -0.88417584 -0.4596347 -0.08449895 -20.234375 -0.07597933 -0.03709593 0.99642074 -1.182251
-0.4702748 0.88258356 -0.0024573244 1.2019043 -0.87910354 -0.4686642 -0.08746399 -20.848267 -0.078338385 -0.038958307 0.9961654 -1.2285156
-0.47834644 0.8777768 -0.0029107034 0.8709717 -0.8741715 -0.47667515 -0.088986 -21.490967 -0.07951925 -0.040083595 0.9960262 -1.2894287
-0.4889383 0.8722755 -0.0040884214 0.49987793 -0.8683648 -0.4871796 -0.09239992 -22.129883 -0.08260688 -0.041648284 0.99571216 -1.3358154
-0.49698663 0.8675791 -0.005448509 0.118774414 -0.8635203 -0.4952509 -0.093675666 -22.804321 -0.08401239 -0.041877568 0.9955857 -1.3952637
-0.5088939 0.8609909 -0.005894797 -0.26879883 -0.8568495 -0.5070983 -0.094715565 -23.46814 -0.08458146 -0.043128468 0.99548614 -1.4555664
-0.518183 0.85544324 -0.007762039 -0.68322754 -0.8508907 -0.51632184 -0.09876185 -24.154907 -0.08847396 -0.044551212 0.99508184 -1.5186768
-0.526571 0.8504685 -0.008567309 -1.100708 -0.8454536 -0.5245105 -0.10364834 -24.833008 -0.0926107 -0.047308348 0.9945783 -1.5855713
-0.536188 0.84374154 -0.011324739 -1.5465088 -0.8383072 -0.5341662 -0.10692563 -25.531494 -0.096252784 -0.047881275 0.9942018 -1.6477051
-0.5486711 0.8360049 -0.012872918 -1.9832764 -0.83021915 -0.54657054 -0.1100201 -26.217407 -0.099043794 -0.04967638 0.9938447 -1.7097168
-0.5606329 0.82777077 -0.013831689 -2.4526367 -0.8219357 -0.55852455 -0.11033884 -26.900024 -0.09908805 -0.05052289 0.9937957 -1.7769775
-0.5729681 0.8196602 -0.013091829 -2.9233398 -0.81394243 -0.5707301 -0.10985518 -27.572876 -0.09755794 -0.052279536 0.9938597 -1.8483887
-0.5863496 0.8095284 -0.013302847 -3.411255 -0.8038995 -0.5840631 -0.109239265 -28.239746 -0.09619794 -0.053427648 0.9939243 -1.9122314
-0.60304284 0.79775286 -0.011676259 -3.9074707 -0.7922526 -0.60049045 -0.1093263 -28.908691 -0.09428222 -0.0566558 0.99393624 -1.9813232
-0.62527645 0.78078127 -0.008836545 -4.4261475 -0.7753884 -0.6222169 -0.11083801 -29.55542 -0.09206229 -0.062409006 0.9937995 -2.0477295
-0.64629084 0.76230735 -0.007768662 -4.970703 -0.7570369 -0.64295274 -0.111232 -30.203125 -0.0898156 -0.066084504 0.9937613 -2.1193848
-0.6731469 0.73965776 -0.0066725207 -5.5343018 -0.73439807 -0.66938734 -0.11333038 -30.839111 -0.0883345 -0.071360454 0.99353474 -2.187378
-0.69717014 0.71635884 -0.0067038243 -6.1175537 -0.7112969 -0.6932951 -0.11253034 -31.439087 -0.08527289 -0.07371315 0.9936251 -2.244751
-0.7212448 0.6925645 -0.007422859 -6.737793 -0.68757665 -0.7172545 -0.11260742 -32.043335 -0.083284944 -0.076120794 0.99361235 -2.3023682
-0.7426719 0.6695378 -0.0053479364 -7.36145 -0.6649681 -0.7384857 -0.111060366 -32.61023 -0.07825203 -0.07889213 0.99380267 -2.3531494
-0.7657596 0.6439756 -0.004475113 -8.017456 -0.6396524 -0.76139253 -0.11062229 -33.15796 -0.074647985 -0.081762664 0.9938551 -2.4105225
-0.78574157 0.6182741 -0.003715755 -8.686157 -0.6144922 -0.78157365 -0.105848685 -33.70117 -0.06839979 -0.080937855 0.9943721 -2.4575195
-0.8050827 0.5940285 -0.004252529 -9.382935 -0.59086937 -0.80150235 -0.097532704 -34.191772 -0.061340246 -0.07594031 0.9952253 -2.5037842
-0.8231792 0.5679417 -0.0043268246 -10.089966 -0.56537515 -0.82013667 -0.0890496 -34.675415 -0.054100014 -0.070822515 0.9960195 -2.5430908
-0.8386244 0.54486513 -0.0048154546 -10.811035 -0.54274 -0.83607197 -0.08127126 -35.128662 -0.04831777 -0.065576136 0.9966787 -2.5720215
-0.85389787 0.52053624 -0.0062394505 -11.553955 -0.5188021 -0.8519191 -0.07221094 -35.560425 -0.042912208 -0.05844441 0.99736893 -2.5958252
-0.8691789 0.4953878 -0.0037077814 -12.289673 -0.49420643 -0.8675782 -0.06292707 -35.974365 -0.034397498 -0.0528662 0.9980106 -2.6114502
-0.8815966 0.47307375 0.0073988405 -13.045654 -0.4728052 -0.88030076 -0.050895773 -36.35901 -0.017577093 -0.048345894 0.99867666 -2.6259766
-0.892856 0.45049176 0.022966534 -13.7873535 -0.4510745 -0.89186484 -0.042078994 -36.74646 0.0015260205 -0.04791999 0.99885035 -2.6276855
-0.9040947 0.42691058 0.03727653 -14.538452 -0.4281427 -0.9035661 -0.03592883 -37.108765 0.018324891 -0.04842032 0.99865925 -2.6185303
-0.9138257 0.40323874 0.04596655 -15.310059 -0.40473875 -0.91383487 -0.029731754 -37.45276 0.030023921 -0.04579435 0.99849993 -2.5944824
-0.92346364 0.37909696 0.047104448 -16.095093 -0.38053602 -0.92369723 -0.0263484 -37.784546 0.03355041 -0.042267516 0.998542 -2.5550537
-0.933016 0.35698205 0.04638327 -16.892578 -0.35833526 -0.933319 -0.024861965 -38.09021 0.034433402 -0.03985498 0.9986132 -2.5126953
-0.9410712 0.33538178 0.03973717 -17.674072 -0.33646372 -0.9412065 -0.024458097 -38.37378 0.029238936 -0.036419373 0.99890965 -2.47229
-0.94892883 0.31532544 0.031609967 -18.472656 -0.31603557 -0.94899344 -0.020673014 -38.636475 0.023447828 -0.029592644 0.9992869 -2.434082
-0.9527572 0.30211616 0.030318942 -19.279663 -0.302716 -0.95288765 -0.017544637 -38.88159 0.023597922 -0.025893623 0.99938613 -2.395752
-0.9566161 0.29134962 0.031426042 -20.073242 -0.29191935 -0.9568366 -0.015291696 -39.132935 0.025615154 -0.02379184 0.999389 -2.3586426
-0.9590561 0.27867317 0.032977756 -20.845703 -0.27922282 -0.9593701 -0.013342716 -39.35327 0.027938712 -0.02200494 0.9993669 -2.3237305
-0.9630105 0.2686703 0.03732265 -21.623535 -0.26948905 -0.9633194 -0.018895784 -39.590942 0.030851137 -0.028249133 0.9991249 -2.286499
-0.96680343 0.25553584 0.03665813 -22.403076 -0.25642714 -0.9670113 -0.02204809 -39.81189 0.029798776 -0.030697895 0.99908483 -2.251709
-0.9691643 0.2462798 0.03664701 -23.207397 -0.24709733 -0.9694493 -0.01969237 -40.006104 0.030658627 -0.028138842 0.9991343 -2.2176514
-0.9701632 0.23834018 0.037615005 -24.013306 -0.23908229 -0.97056824 -0.016568422 -40.20752 0.03257204 -0.025086094 0.9991546 -2.1781006
-0.97269356 0.23272352 0.040109314 -24.818726 -0.23346585 -0.973229 -0.0148850465 -40.404053 0.035538934 -0.023827858 0.9990848 -2.1524658
-0.97004575 0.23497146 0.041664947 -25.657837 -0.23575094 -0.97063774 -0.014823613 -40.612183 0.036994494 -0.024217196 0.9990213 -2.1113281
-0.9701875 0.2395765 0.04023807 -26.503784 -0.24025443 -0.97076863 -0.012886243 -40.82141 0.035967004 -0.022165908 0.9991071 -2.0750732
-0.96905214 0.24551255 0.03975031 -27.355103 -0.24622455 -0.96958476 -0.014064995 -41.04944 0.03506676 -0.023407806 0.99911094 -2.0384521
-0.9666069 0.25338843 0.039607268 -28.224365 -0.25419146 -0.9670638 -0.016671699 -41.28125 0.0340762 -0.026191168 0.9990762 -2.0013428
-0.96412337 0.26047692 0.04019737 -29.125122 -0.26134163 -0.9645612 -0.017894419 -41.531616 0.03414891 -0.027786592 0.9990307 -1.9678955
-0.96307486 0.26835516 0.04119826 -30.013184 -0.26935643 -0.96344876 -0.020961234 -41.790527 0.034049813 -0.031269837 0.9989312 -1.9307861
-0.96059126 0.27319366 0.0409626 -30.930176 -0.27433538 -0.960805 -0.025353823 -42.063843 0.032465257 -0.035600685 0.99883837 -1.894043
-0.9608036 0.27512875 0.04226936 -31.84729 -0.27646345 -0.96088845 -0.029784838 -42.344482 0.03239899 -0.04029164 0.9986626 -1.8643799
-0.96094066 0.2754414 0.042286415 -32.795654 -0.27689546 -0.96086997 -0.033484183 -42.63037 0.03139992 -0.043875642 0.9985443 -1.8183594
-0.96101266 0.27541265 0.041806918 -33.76233 -0.27690336 -0.96084255 -0.03536696 -42.926514 0.03040546 -0.04555998 0.9984996 -1.7785645
-0.9610366 0.27493066 0.041146886 -34.729614 -0.27641165 -0.96081555 -0.036065258 -43.209595 0.029591555 -0.046014644 0.99850255 -1.7427979
-0.9610555 0.27544883 0.04040429 -35.714478 -0.27691215 -0.960787 -0.036607154 -43.49475 0.028732903 -0.04637021 0.99851215 -1.7050781
-0.96105504 0.2746801 0.038755443 -36.718994 -0.2760734 -0.9607303 -0.036852144 -43.785156 0.027091969 -0.046103403 0.9985693 -1.6654053
-0.96108335 0.27415758 0.03867026 -37.707397 -0.2755658 -0.96072453 -0.03755317 -44.093384 0.02683526 -0.04672628 0.99854684 -1.6248779
-0.9611716 0.27410263 0.038700648 -38.741577 -0.2755664 -0.96071607 -0.039597776 -44.387817 0.026292037 -0.048697058 0.998467 -1.5856934
-0.96117014 0.2734963 0.038340777 -39.713135 -0.27497926 -0.9606394 -0.04094049 -44.69275 0.025647078 -0.04991529 0.998425 -1.5391846
-0.96132225 0.27449176 0.038993992 -40.723145 -0.27605465 -0.9607107 -0.042831156 -44.995605 0.02567863 -0.051914126 0.99832165 -1.4942627
-0.9600134 0.27622423 0.037112866 -41.711426 -0.27770907 -0.959309 -0.043670643 -45.291992 0.023545487 -0.052238517 0.99835646 -1.4505615
-0.9600906 0.2788099 0.034224458 -42.73706 -0.28015932 -0.9592778 -0.044469792 -45.59375 0.020436376 -0.052253384 0.99842477 -1.4036865
-0.9588008 0.28227773 0.032306187 -43.729736 -0.28352642 -0.95794 -0.044574637 -45.898315 0.018367507 -0.051905863 0.9984833 -1.362915
-0.95755804 0.28543064 0.031783246 -44.73645 -0.28666613 -0.9566328 -0.04555472 -46.2063 0.0174021 -0.052730594 0.9984564 -1.324707
-0.9575569 0.28656554 0.03033955 -45.730347 -0.28772718 -0.95659715 -0.045712937 -46.51599 0.015922597 -0.052530486 0.9984931 -1.2850342
-0.9576141 0.2886524 0.03131067 -46.72473 -0.28986275 -0.95666826 -0.045715567 -46.810913 0.01674513 -0.052828707 0.9984639 -1.2510986
-0.956268 0.28724998 0.033004206 -47.69568 -0.28856388 -0.9553185 -0.046343602 -47.11841 0.018233735 -0.053914636 0.9983789 -1.2154541
-0.95770013 0.284909 0.036656756 -48.68689 -0.28645143 -0.9567557 -0.047670044 -47.41223 0.02149072 -0.056120157 0.9981913 -1.1738281
-0.9589798 0.279776 0.037314944 -49.64453 -0.28138 -0.9580099 -0.04849943 -47.71338 0.022194035 -0.057028398 0.9981256 -1.1378174
-0.96157765 0.27304313 0.03630451 -50.64868 -0.2746171 -0.96054125 -0.04945448 -48.00464 0.021361195 -0.05754807 0.99811554 -1.1068115
-0.9640758 0.26795748 0.030568812 -51.608276 -0.26919088 -0.9630095 -0.048219614 -48.281982 0.016490577 -0.054661196 0.9983697 -1.0632324
-0.9640589 0.261015 0.03127412 -52.576294 -0.2623546 -0.96281666 -0.051677294 -48.566895 0.01663496 -0.05807388 0.9981731 -1.0290527
-0.9665995 0.25654873 0.03210801 -53.55725 -0.25792462 -0.96543664 -0.050677508 -48.832275 0.017991051 -0.0572609 0.99819845 -0.99658203
-0.9677686 0.2521571 0.034385264 -54.52063 -0.2536299 -0.966762 -0.048823345 -49.089966 0.020903947 -0.055937596 0.998216 -0.96569824
-0.9689765 0.2442415 0.03602648 -55.477295 -0.2458633 -0.9678955 -0.05095193 -49.347412 0.022418678 -0.05823758 0.99805105 -0.9328613
-0.9689612 0.24147177 0.037180927 -56.431152 -0.24319169 -0.9678433 -0.052106418 -49.599243 0.023422334 -0.059559315 0.9979487 -0.88964844
-0.970202 0.23756039 0.0364486 -57.385254 -0.239245 -0.9690638 -0.05228787 -49.842773 0.022909286 -0.059451766 0.9979669 -0.8543701
-0.9727683 0.2335851 0.0267855 -58.345947 -0.23472872 -0.9713836 -0.05361506 -50.079712 0.013477727 -0.05836302 0.9982041 -0.8187256
-0.9727786 0.23142105 0.016975077 -59.30493 -0.23201813 -0.9711371 -0.056591008 -50.307983 0.003391116 -0.058979657 0.9982534 -0.7866211
-0.97272235 0.22903022 0.013402182 -60.260254 -0.22942209 -0.9710113 -0.05768114 -50.54138 -0.00018759537 -0.059211224 0.9982448 -0.7614746
-0.973936 0.22829887 0.018917944 -61.20642 -0.22900815 -0.9723904 -0.055154603 -50.7666 0.0058069583 -0.05800613 0.9982994 -0.74768066
-0.97387755 0.22808234 0.024214577 -62.142822 -0.22908396 -0.97247314 -0.053493198 -50.98169 0.011346687 -0.05761206 0.998275 -0.72473145
-0.9735387 0.22688697 0.024458831 -63.083984 -0.22782372 -0.9724918 -0.047018345 -51.20508 0.013115013 -0.051322218 0.9985953 -0.7050781
-0.97341996 0.22784607 0.023206055 -64.03491 -0.22868936 -0.9724735 -0.04468336 -51.416992 0.0123869935 -0.04877433 0.9987323 -0.67700195
-0.9735047 0.22822003 0.0196718 -64.97363 -0.22891103 -0.97241294 -0.046851587 -51.630737 0.008436501 -0.050119683 0.998708 -0.6520996
-0.9736168 0.22812478 0.015019106 -65.91846 -0.22859518 -0.97235525 -0.04965494 -51.864258 0.0032753928 -0.05177035 0.99865365 -0.63635254
-0.97248113 0.22950503 0.009370696 -66.853516 -0.22967304 -0.9709939 -0.053874686 -52.085938 -0.0032637948 -0.054582708 0.9985033 -0.61743164
-0.97430235 0.22855164 0.009516958 -67.77588 -0.22869477 -0.9723155 -0.06236636 -52.323486 -0.0050102454 -0.06291731 0.9980079 -0.60827637
-0.97362006 0.23205647 0.01002306 -68.696655 -0.2321781 -0.971086 -0.070503555 -52.5625 -0.006630911 -0.07088715 0.997463 -0.6031494
-0.9722923 0.23436038 0.007453378 -69.63452 -0.23430444 -0.9698527 -0.06944042 -52.787964 -0.009043946 -0.069213405 0.9975598 -0.5905762
-0.97205573 0.23791687 0.0077591594 -70.56641 -0.23791471 -0.9699431 -0.06450796 -53.017334 -0.007824335 -0.064521976 0.9978872 -0.57995605
-0.969438 0.24471456 0.009166362 -71.49072 -0.2448038 -0.9674626 -0.0621799 -53.239746 -0.0063511916 -0.06254101 0.99802244 -0.5722656
-0.9680806 0.25251532 0.0071025034 -72.39453 -0.2524952 -0.9663735 -0.05799819 -53.474976 -0.007783761 -0.057883978 0.9982926 -0.56103516
-0.96515465 0.26092988 0.0038951382 -73.316284 -0.26078558 -0.9638616 -0.050827518 -53.727295 -0.00951038 -0.0501108 0.99869895 -0.5509033
-0.9627958 0.2720535 0.0041335286 -74.21692 -0.27189773 -0.96145874 -0.051722538 -53.974854 -0.010091594 -0.050870374 0.99865395 -0.54174805
-0.95921004 0.2852772 0.004663344 -75.11499 -0.2850888 -0.9576702 -0.05550591 -54.25476 -0.011368604 -0.054509897 0.9984486 -0.5493164
-0.95399094 0.29760087 2.9969495e-05 -76.02869 -0.2971288 -0.9524713 -0.056365885 -54.538086 -0.01675437 -0.053851362 0.99840873 -0.54296875
-0.9514703 0.30989057 -0.0005480882 -76.91858 -0.3093584 -0.9499379 -0.056945696 -54.82776 -0.018163646 -0.053971484 0.9983777 -0.5463867
-0.9461394 0.32190907 -0.0020455124 -77.79932 -0.3212773 -0.94464403 -0.056915514 -55.132202 -0.020263849 -0.053215988 0.99837667 -0.55322266
-0.94201285 0.3353321 -0.003573523 -78.70105 -0.3346489 -0.94067585 -0.054655753 -55.453247 -0.021689301 -0.050306737 0.9984985 -0.5531006
-0.93656766 0.3473138 0.0007886833 -79.56506 -0.34686318 -0.93523085 -0.053085506 -55.782227 -0.017701045 -0.05003369 0.99858934 -0.56103516
-0.9349685 0.3581022 0.008717125 -80.42029 -0.3581033 -0.9338294 -0.04694646 -56.108154 -0.008670085 -0.04692716 0.9988608 -0.5620117
-0.9280661 0.3716797 0.012565768 -81.289185 -0.37185788 -0.9269921 -0.044917807 -56.45276 -0.0050437776 -0.04637332 0.9989115 -0.5620117
-0.9240411 0.38272282 0.010579891 -82.13989 -0.3827711 -0.92282826 -0.048109975 -56.823486 -0.008657829 -0.04849684 0.9987861 -0.5579834
-0.9184485 0.395573 0.0061723995 -82.99585 -0.39539188 -0.9172739 -0.048341822 -57.18567 -0.013468945 -0.04685371 0.9988115 -0.54577637
-0.91311514 0.40491647 0.008868455 -83.82825 -0.40480205 -0.91171116 -0.052302133 -57.56543 -0.013087437 -0.051400766 0.99859136 -0.548584
-0.91164374 0.41162392 0.017719142 -84.66113 -0.41198018 -0.9102705 -0.050206177 -57.964355 -0.0045402856 -0.053073946 0.99858135 -0.54089355
-0.9077653 0.41664577 0.026846878 -85.5022 -0.41750512 -0.90618676 -0.053571332 -58.35669 0.0020299638 -0.059871953 0.99820274 -0.5423584
-0.90639323 0.4207041 0.03035569 -86.34668 -0.42176977 -0.9048127 -0.053735252 -58.751953 0.0048679244 -0.061515752 0.99809366 -0.52905273
-0.90523124 0.4232084 0.032091726 -87.17468 -0.42439905 -0.90339416 -0.057850927 -59.15796 0.0045177196 -0.06594204 0.99781096 -0.5136719
-0.9025508 0.42853692 0.033425353 -88.005615 -0.42981398 -0.90059584 -0.05957142 -59.569946 0.0045859246 -0.06812128 0.9976649 -0.49987793
-0.8998835 0.4338005 0.030488934 -88.83716 -0.4348705 -0.89771235 -0.06249843 -59.983887 0.0002747192 -0.069507994 0.9975796 -0.48486328
-0.89830184 0.4380694 0.025898498 -89.67236 -0.4388189 -0.89620787 -0.06142646 -60.385864 -0.003685893 -0.06653532 0.9977761 -0.48156738
-0.8956656 0.44383505 0.023201957 -90.51355 -0.44436738 -0.8933444 -0.06494166 -60.806396 -0.008095678 -0.0685016 0.9976185 -0.4597168
-0.8918922 0.45008802 0.026657654 -91.329346 -0.45080668 -0.8891452 -0.070400454 -61.241455 -0.007968447 -0.07487869 0.9971607 -0.45117188
-0.8894831 0.4572944 0.032838326 -92.11401 -0.45843887 -0.8862759 -0.07563162 -61.65564 -0.005503416 -0.08230285 0.99659497 -0.4567871
-0.8868045 0.4619018 0.03547076 -92.90991 -0.46324193 -0.8834555 -0.07712076 -62.08313 -0.0042859092 -0.08474957 0.9963927 -0.4296875
-0.88207865 0.4694964 0.036480658 -93.71838 -0.47090837 -0.8791555 -0.07180885 -62.504517 -0.0016337477 -0.08045641 0.99675363 -0.42578125
-0.8795917 0.4759525 0.036595415 -94.514404 -0.47733703 -0.8762654 -0.07650461 -62.950195 -0.0043776752 -0.08473905 0.9963971 -0.41711426
-0.87697846 0.4811464 0.033165686 -95.29248 -0.48218855 -0.87332755 -0.08051134 -63.391846 -0.009791798 -0.08652859 0.99620324 -0.40820312
-0.87152064 0.487992 0.03180463 -96.0863 -0.4888558 -0.86764705 -0.08314836 -63.84558 -0.012952894 -0.088003926 0.99603117 -0.40026855
-0.86867046 0.49324405 0.035625674 -96.86572 -0.49443132 -0.86480266 -0.08247593 -64.298584 -0.009851903 -0.08932139 0.9959539 -0.40014648
-0.86566633 0.49864823 0.03703685 -97.64661 -0.49995267 -0.86193275 -0.080751255 -64.7522 -0.008330971 -0.08844862 0.99604505 -0.4038086
-0.8626937 0.5058892 0.03903481 -98.41797 -0.5073396 -0.8589417 -0.08069749 -65.217285 -0.0073201554 -0.08930686 0.9959775 -0.40905762
-0.8584597 0.5114081 0.038291354 -99.19568 -0.5127603 -0.8546222 -0.08160226 -65.69397 -0.0090026595 -0.08964443 0.9959311 -0.40576172
-0.8539674 0.5196123 0.036388073 -99.96521 -0.52077764 -0.85028875 -0.07985156 -66.16382 -0.010567857 -0.087155156 0.99614125 -0.4053955
-0.85065526 0.5253289 0.03262356 -100.74573 -0.5261964 -0.8473343 -0.07607326 -66.63452 -0.012330277 -0.08188326 0.9965677 -0.4033203
-0.8448465 0.5322135 0.031580843 -101.52173 -0.532981 -0.84160525 -0.07516682 -67.11633 -0.013409412 -0.08041957 0.99666905 -0.40393066
-0.84244984 0.5381333 0.035222244 -102.27612 -0.5391056 -0.83868873 -0.08070378 -67.61914 -0.013895853 -0.08697625 0.9961151 -0.4038086
-0.8385178 0.543195 0.037166454 -103.04028 -0.5442568 -0.8343563 -0.08480149 -68.1189 -0.015051666 -0.09133262 0.9957052 -0.40856934
-0.8353734 0.5481685 0.03443022 -103.815186 -0.5489848 -0.83138496 -0.08330318 -68.62988 -0.017024972 -0.08850937 0.99592894 -0.40234375
-0.8339259 0.55097634 0.033901475 -104.55554 -0.5517402 -0.8299812 -0.082874484 -69.12036 -0.01752393 -0.087836295 0.99598205 -0.40905762
-0.83084685 0.5562143 0.03347113 -105.32922 -0.55694026 -0.8270262 -0.08150438 -69.62952 -0.017664013 -0.086336754 0.99611104 -0.40930176
-0.82883054 0.5600179 0.028185893 -106.063965 -0.56036437 -0.82544345 -0.077482745 -70.121216 -0.02015239 -0.079985134 0.99659526 -0.42407227
-0.82396156 0.5655499 0.022163419 -106.83435 -0.5655206 -0.82106966 -0.07270629 -70.62976 -0.022898484 -0.07243446 0.99710804 -0.42834473
-0.8209737 0.56909484 0.018615887 -107.57556 -0.56883764 -0.81827193 -0.07122526 -71.14111 -0.025282022 -0.06911372 0.997286 -0.43359375
-0.81809264 0.57378286 0.021241862 -108.29358 -0.5736818 -0.8152951 -0.071688965 -71.6521 -0.023814151 -0.07086024 0.99720067 -0.4506836
-0.81675935 0.57569563 0.022680555 -109.048706 -0.57567894 -0.8138914 -0.07218228 -72.18738 -0.023101456 -0.072069615 0.99713206 -0.46081543
-0.8167404 0.5777805 0.023707524 -109.7699 -0.57779074 -0.8137207 -0.07396713 -72.7135 -0.02345705 -0.07404574 0.9969803 -0.47595215
-0.81535155 0.57865536 0.023936184 -110.490234 -0.5786763 -0.81231683 -0.07410077 -73.22693 -0.023424225 -0.074222654 0.9969652 -0.48950195
-0.8152997 0.5798344 0.017656632 -111.23364 -0.5793585 -0.8123358 -0.07540059 -73.757935 -0.029386034 -0.07164921 0.99699813 -0.49621582
-0.81554925 0.5787571 0.014200298 -111.94885 -0.5778934 -0.8123748 -0.079815105 -74.28137 -0.03465194 -0.0732627 0.9967099 -0.5161133
-0.8155131 0.5797038 0.011572275 -112.66516 -0.5786326 -0.8124066 -0.080190174 -74.78845 -0.03708159 -0.07202572 0.99671406 -0.53466797
-0.81400996 0.58152175 0.014827757 -113.3866 -0.58076024 -0.8109599 -0.077839516 -75.305176 -0.033242337 -0.07193576 0.99685633 -0.55041504
-0.8139711 0.581006 0.018450987 -114.098145 -0.5805608 -0.8109293 -0.07613956 -75.81616 -0.029284751 -0.0726918 0.99692583 -0.5665283
-0.8127397 0.5817684 0.019883795 -114.79956 -0.58137304 -0.8095214 -0.07796799 -76.32666 -0.029243514 -0.07494193 0.99675757 -0.58496094
-0.81290793 0.58137864 0.019302305 -115.51489 -0.5808694 -0.80952847 -0.08032459 -76.842285 -0.031053478 -0.07651861 0.9965822 -0.5983887
-0.8126025 0.5825789 0.0174282 -116.218506 -0.5820293 -0.80953366 -0.07693565 -77.34448 -0.030720187 -0.072693825 0.9968824 -0.6123047
-0.81249344 0.582514 0.0180532 -116.92517 -0.58205926 -0.8095267 -0.07528157 -77.8562 -0.029248258 -0.0716873 0.9969985 -0.62060547
-0.8119715 0.58274895 0.026483892 -117.61548 -0.58270687 -0.8081056 -0.08376107 -78.37134 -0.027394602 -0.08345665 0.99613374 -0.6394043
-0.81232 0.5834057 0.031837724 -118.3009 -0.5837585 -0.80811274 -0.08611991 -78.875854 -0.024531817 -0.088467814 0.9957781 -0.6623535
-0.8120784 0.58309984 0.032562837 -118.99597 -0.5835883 -0.8081204 -0.0830741 -79.38635 -0.022142572 -0.08643578 0.996012 -0.6654053
-0.8103346 0.5840098 0.03319473 -119.68115 -0.58463705 -0.8067288 -0.07876471 -79.87952 -0.019208 -0.083268374 0.9963399 -0.67456055
-0.8102779 0.5851759 0.032862116 -120.350586 -0.5857816 -0.8067273 -0.07816252 -80.3822 -0.019248812 -0.08259884 0.99639815 -0.6861572
-0.80973846 0.587187 0.0274843 -121.06409 -0.5874153 -0.8065284 -0.075328656 -80.89966 -0.022072276 -0.07707137 0.9967817 -0.6990967
-0.80799097 0.5893997 0.020191198 -121.75232 -0.5891354 -0.8051256 -0.0730764 -81.396484 -0.026820555 -0.07091413 0.9971224 -0.7017822
-0.80504733 0.59136075 0.013255864 -122.45398 -0.5905992 -0.802363 -0.073440745 -81.91626 -0.032798227 -0.06703762 0.9972096 -0.70874023
-0.8044738 0.5946078 0.010259459 -123.11719 -0.59380066 -0.8021973 -0.06870302 -82.3988 -0.032629754 -0.061338954 0.9975846 -0.7302246
-0.80173045 0.59727746 0.013848105 -123.759766 -0.59668964 -0.7993522 -0.068555444 -82.898926 -0.029895734 -0.06325546 0.9975502 -0.73168945
-0.7971217 0.60296226 0.015891396 -124.48572 -0.6025926 -0.79492587 -0.0647602 -83.448 -0.026422264 -0.06124423 0.9977731 -0.75878906
-0.7927091 0.60983133 0.016039738 -125.13855 -0.6094522 -0.7905132 -0.06478339 -83.958374 -0.026823534 -0.061091978 0.99777144 -0.767334
-0.7867725 0.6172632 0.009823663 -125.79321 -0.61648226 -0.78473955 -0.065245904 -84.49341 -0.03255694 -0.057354975 0.997822 -0.77941895
-0.77917403 0.6269152 0.005179668 -126.44751 -0.626003 -0.7775366 -0.060966473 -85.01416 -0.034199588 -0.050768726 0.9981255 -0.80126953
-0.7703022 0.63763845 0.0035941396 -127.08325 -0.63673145 -0.7688797 -0.057961445 -85.54285 -0.03418361 -0.04692403 0.9983128 -0.81018066
-0.76153547 0.6488619 0.002949955 -127.73718 -0.6479475 -0.76020515 -0.056724682 -86.10486 -0.03456451 -0.0450893 0.99838555 -0.82836914
-0.7514611 0.6592771 0.002706021 -128.35547 -0.6583008 -0.7501114 -0.057635494 -86.653564 -0.03596024 -0.04510305 0.99833405 -0.8502197
-0.74246913 0.6696481 0.00036614388 -128.91138 -0.66872424 -0.7414154 -0.052929576 -87.14368 -0.035162386 -0.03953935 0.99859846 -0.86694336
-0.7341317 0.6787333 0.008774914 -129.51819 -0.6781537 -0.7328227 -0.05275158 -87.7168 -0.02938601 -0.044705898 0.9985684 -0.8841553
-0.7240736 0.68955547 0.019020647 -130.10938 -0.6894951 -0.7226169 -0.0505354 -88.30676 -0.021100288 -0.049676757 0.99854195 -0.8979492
-0.71569085 0.6985057 0.029617667 -130.6189 -0.69902027 -0.7141727 -0.048234608 -88.83057 -0.012568782 -0.055200126 0.99839723 -0.9088135
