1.000000000000000000e+00 4.398956837314658088e-19 2.733407509747682871e-20 -8.673617379884035472e-19 -5.583667658079949532e-19 1.000000000000000000e+00 -6.100159232558060012e-19 0.000000000000000000e+00 4.145284534913582806e-20 -2.210423569125054137e-19 1.000000000000000222e+00 0.000000000000000000e+00
9.998980685277807368e-01 2.614783805218006394e-04 1.427530032963145006e-02 -8.657140850836880785e-02 -2.576325297824361713e-04 9.999999300262097934e-01 -2.712445184435820851e-04 -9.306702475307473965e-03 -1.427537050276341674e-02 2.675391038472564923e-04 9.998980659063563259e-01 1.459811546378492197e-02
9.995453713115723948e-01 1.630922128591350819e-03 3.010632501880137687e-02 -1.015562507253122554e-01 -1.621484348828479416e-03 9.999986283088445616e-01 -3.378935166011693119e-04 -1.720472578286816323e-02 -3.010683532196919282e-02 2.889229951099302716e-04 9.995466447163883217e-01 3.202239190722405704e-02
9.979578349078931376e-01 5.118311380837602294e-03 6.367073616553779736e-02 8.819331863501349983e-03 -5.196186613232543945e-03 9.999859405108693089e-01 1.057560810015586864e-03 7.569447766196502059e-03 -6.366442916358415471e-02 -1.386246080382305462e-03 9.979703997424890227e-01 4.200327497096661422e-01
9.954144281931499583e-01 4.089835048845847504e-03 9.556876771138714255e-02 2.216709161923269278e-02 -4.388257522721916541e-03 9.999861297979152353e-01 2.912630300825102062e-03 1.474384867098748469e-02 -9.555553162770125120e-02 -3.318654533761081649e-03 9.954185687097512059e-01 5.520787409791388933e-01
9.908709389489677166e-01 1.699250287090994446e-03 1.348031704545392673e-01 1.592748532596329203e-01 -2.362190119300126758e-03 9.999858904471711218e-01 4.758042413621285313e-03 1.380593091442478687e-02 -1.347931856666778894e-01 -5.033036593016712405e-03 9.908609719670806726e-01 8.145340739327677770e-01
9.851413683375639385e-01 -2.542127853783227205e-03 1.717265899841802779e-01 1.496069405437212285e-01 1.554794742797956141e-03 9.999814821556165523e-01 5.883702470663087700e-03 -1.712070296050169360e-02 -1.717383700702098115e-01 -5.529278992105756373e-03 9.851270778900702574e-01 8.941283183831960635e-01
9.764505335771073158e-01 -2.661679992948329156e-03 2.157249879626564337e-01 2.668256003744505223e-01 1.255561495338548047e-03 9.999770677619504999e-01 6.654886282770841946e-03 -6.524522966309981298e-03 -2.157377578131532414e-01 -6.227311126517125033e-03 9.764314829823455000e-01 1.161162710285682076e+00
9.648398404177004339e-01 -2.670264238314451824e-03 2.628249440151102512e-01 3.511805850547384811e-01 -6.076792076303242501e-06 9.999481657407343071e-01 1.018163993320616960e-02 2.924355070833314918e-03 -2.628385128897925416e-01 -9.825248822421707093e-03 9.647898120656343002e-01 1.325877258177735385e+00
9.504031805076568196e-01 -6.190218182844250960e-03 3.109589594006023083e-01 5.244865034357162337e-01 1.016749274937812919e-03 9.998584119955653549e-01 1.679649292687552739e-02 2.377647490729778434e-02 -3.110189106687744620e-01 -1.564727284905135726e-02 9.502749082844635931e-01 1.615587800062003421e+00
9.335579842188533872e-01 -1.588579752149254024e-02 3.580741959626385085e-01 6.363362573286270862e-01 7.442807060451568299e-03 9.996611210564843031e-01 2.494489220523109577e-02 2.652473567528734755e-04 -3.583491278492372811e-01 -2.062242596964335498e-02 9.333598555031648036e-01 1.798837539296848309e+00
9.124028822001696293e-01 -2.156943553277420461e-02 4.087245254070874800e-01 8.098397185742660653e-01 1.019585481171098387e-02 9.994983255791878296e-01 2.998569120270934765e-02 -7.873297980216076297e-03 -4.091662602631488954e-01 -2.319173496931998743e-02 9.121650712770732472e-01 2.046040631181717195e+00
8.876397711621514253e-01 -2.358548993367534652e-02 4.599340803450215898e-01 9.957560592989731507e-01 9.011475782348161642e-03 9.993860542585848439e-01 3.385716799214951583e-02 -5.189477867433095470e-03 -4.604502516178932692e-01 -2.590828380598236141e-02 8.873073479361315297e-01 2.281061387377209648e+00
8.592801728331000977e-01 -2.549723545282407342e-02 5.108693293746100483e-01 1.159676095124556161e+00 6.899551392024936246e-03 9.992437403157609088e-01 3.826674269979297299e-02 2.756573416853286967e-02 -5.114586844738255866e-01 -2.935708385212249666e-02 8.588062526565729549e-01 2.502327907373909976e+00
8.270326011263515742e-01 -3.077858601029926158e-02 5.613107433115182010e-01 1.404340500905909117e+00 8.008074629695580843e-03 9.990437552828204115e-01 4.298192330864113869e-02 2.517444093437035124e-02 -5.620969254054410946e-01 -3.105243323802600597e-02 8.264882320033489771e-01 2.749159254169532662e+00
7.916272475589072322e-01 -3.656198834489289562e-02 6.099094327972177654e-01 1.612674216765439317e+00 1.024951755679708726e-02 9.988622065576689968e-01 4.657509692367826915e-02 2.336739560126302462e-02 -6.109183705440102141e-01 -3.061883801160391466e-02 7.911012811602388117e-01 2.931786883937986588e+00
7.538504643080794487e-01 -4.106138214433797951e-02 6.557617201823591202e-01 1.879610756642429381e+00 1.133447325681087581e-02 9.987095285821752100e-01 4.950562779236498956e-02 3.409156992023880395e-02 -6.569482592731500370e-01 -2.988712642909514827e-02 7.533430500550174491e-01 3.136467507353595252e+00
7.139030840937518052e-01 -4.431521435900669104e-02 6.988408549814660864e-01 2.196390179612764282e+00 1.242557215176350212e-02 9.986400358641901454e-01 5.063283392072731592e-02 4.187864918055853036e-02 -7.001342734671947010e-01 -2.746343836974287148e-02 7.134828424223108589e-01 3.384839092544523975e+00
6.725392529019866839e-01 -4.631762097966671959e-02 7.386106028156746994e-01 2.470560350346303835e+00 1.158461292696485317e-02 9.985761638992912692e-01 5.207150449312304696e-02 5.292209169024238158e-02 -7.399707833710936766e-01 -2.646361228361818196e-02 6.721182379153911590e-01 3.563077011266449823e+00
6.297106511144756613e-01 -4.655242420147549104e-02 7.754336580214247210e-01 2.831595074864604822e+00 7.240486726270194129e-03 9.985111753672626378e-01 5.406484965323965497e-02 8.481435381484436764e-02 -7.767960365292650993e-01 -2.843069404056686872e-02 6.291101835138932508e-01 3.811939464482110296e+00
5.880264251460425307e-01 -4.745559708460698328e-02 8.074483754733922103e-01 3.159845753478838670e+00 4.348665330069502802e-03 9.984484286378518814e-01 5.551418208819973443e-02 1.022510189977991063e-01 -8.088300343331585873e-01 -2.913248272480139373e-02 5.873204275684014153e-01 4.006073769737549917e+00
5.479380187681540670e-01 -4.849358041403852709e-02 8.351121414831667034e-01 3.539076761473454180e+00 2.190555043904536970e-03 9.983980423481846334e-01 5.653804434910639914e-02 1.242765616020114067e-01 -8.365160738556326470e-01 -2.914998430433293070e-02 5.471664719587286951e-01 4.208657325398960758e+00
5.091085714119371053e-01 -5.110350507239786594e-02 8.591838465385780443e-01 3.980246701048949731e+00 1.289184991501410782e-03 9.982799528171870662e-01 5.861291461123342705e-02 1.333903603030403839e-01 -8.607013500397808770e-01 -2.873268968440449364e-02 5.082987613212656131e-01 4.429030415809960708e+00
4.718163774633032936e-01 -5.097938903546339606e-02 8.802217874215527704e-01 4.365403669848579860e+00 -1.735994279349031355e-03 9.982713976369310682e-01 5.874693985986846612e-02 1.594244825554843592e-01 -8.816951323017820918e-01 -2.924582770099385873e-02 4.709122934026899743e-01 4.630104272203849014e+00
4.359532887764564490e-01 -5.034360970199017876e-02 8.985600912385177663e-01 4.827760589149471926e+00 -2.978952145042686617e-03 9.983479822734334652e-01 5.737971852234060449e-02 1.848864368622157306e-01 -8.999643717516121466e-01 -2.769164383734168053e-02 4.350831137574553975e-01 4.793126878757631992e+00
4.026105575999674446e-01 -4.905575969908977652e-02 9.140559377992319989e-01 5.342796139603545491e+00 -1.638963264881435154e-03 9.985227314971257817e-01 5.431085018059798181e-02 2.016981818528071346e-01 -9.153699075965472387e-01 -2.336422504962616664e-02 4.019353918398708148e-01 4.992503628918107061e+00
3.725167905423914516e-01 -4.736867544154216986e-02 9.268157502902710787e-01 5.842723585655974716e+00 2.329905539545489295e-04 9.987012277151753326e-01 5.094902786732404681e-02 2.232831061742246437e-01 -9.280254316973898243e-01 -1.876342824193091841e-02 3.720440112180992132e-01 5.164935792701955464e+00
3.465775180779943621e-01 -4.544032341297524896e-02 9.369200532857544506e-01 6.382690797193955490e+00 1.109280714975909455e-03 9.988451172838258563e-01 4.803333364747350981e-02 2.487678107360031809e-01 -9.380206869527559777e-01 -1.560796538895760366e-02 3.462276664572092599e-01 5.347554810019349958e+00
3.262757107455230843e-01 -4.487298945875519557e-02 9.442089601407299693e-01 6.965949659839301589e+00 2.250366120313231771e-03 9.989066660642197393e-01 4.669484244501177078e-02 2.708987180009111428e-01 -9.452719779700670122e-01 -1.311057619609145609e-02 3.260199617733398059e-01 5.528799383951114699e+00
3.113292434502962780e-01 -4.542751329234469976e-02 9.492156910003632930e-01 7.539161432426077170e+00 3.343039307719731547e-03 9.989029461323868375e-01 4.670897408941653700e-02 3.031761377106202415e-01 -9.502962392402295455e-01 -1.136860332005765889e-02 3.111395631346317026e-01 5.715246119836277394e+00
2.992515206506733971e-01 -4.699525728575377342e-02 9.530162421873030754e-01 8.164544911096438540e+00 4.291728472980853998e-03 9.988425598532144623e-01 4.790742796200343767e-02 3.197660219642594059e-01 -9.541646213424763712e-01 -1.024628283100780662e-02 2.991068444774725998e-01 5.908204788186171896e+00
2.885833793862097041e-01 -4.887094597202943508e-02 9.562066975054628326e-01 8.788652415853579924e+00 3.207621274666840831e-03 9.987402221400117908e-01 5.007673917386810253e-02 3.512025599045379698e-01 -9.574494036604216385e-01 -1.138416478324691568e-02 2.883765865829114317e-01 6.086397184577450936e+00
2.783857759873620275e-01 -5.049068696068229750e-02 9.591413007058530171e-01 9.468486210111848322e+00 1.532858574581904849e-03 9.986393904803655408e-01 5.212502361599469919e-02 3.827706669835139186e-01 -9.604681287900571629e-01 -1.304063630060496755e-02 2.780843953918769040e-01 6.278444021638341255e+00
2.679130957591579487e-01 -5.226184848458110405e-02 9.620245613627336212e-01 1.016000769584179864e+01 8.403973016214597936e-04 9.985399598564468349e-01 5.401150120684690414e-02 4.131037599337987754e-01 -9.634427244459978779e-01 -1.366190477001023515e-02 2.675658512559707658e-01 6.460821480250862336e+00
2.576895483382150021e-01 -5.430655134100775827e-02 9.647004091461152120e-01 1.086702346799211405e+01 -4.179662187449190180e-05 9.984186384292335070e-01 5.621583984409331269e-02 4.418412834434422565e-01 -9.662277741014603238e-01 -1.452655472051305949e-02 2.572797768105421490e-01 6.665183455825149927e+00
2.474039992980839320e-01 -5.595790194406510820e-02 9.672951765040992411e-01 1.158250349126580581e+01 -4.147583215184982831e-04 9.983246765365284547e-01 5.785903690507190889e-02 4.689722284595982948e-01 -9.689123312758782802e-01 -1.471574997010226780e-02 2.469663072157521622e-01 6.841677909618675280e+00
2.368323429209963082e-01 -5.710976798829035112e-02 9.698705582666020675e-01 1.237781175797841193e+01 -1.115800374833795638e-03 9.982541912377032034e-01 5.905357417977141754e-02 5.006605298461310749e-01 -9.715499024767845215e-01 -1.506797738261956773e-02 2.363551544856390685e-01 7.031229377197679931e+00
2.268988958712068182e-01 -6.005095444057639148e-02 9.720652024839117056e-01 1.312603397473532141e+01 -2.247229977508326780e-03 9.980623271091271231e-01 6.218151749790058747e-02 5.344638514408279750e-01 -9.739157344160397356e-01 -1.629337085226862172e-02 2.263242903686048246e-01 7.217397275233290443e+00
2.157558578237081526e-01 -6.354447235814521255e-02 9.743774903543901411e-01 1.389498090415776943e+01 -4.222765612958101662e-03 9.978101788435984609e-01 6.600769046354544589e-02 5.833307147493632661e-01 -9.764382186646988204e-01 -1.835611277752518394e-02 2.150150563079789856e-01 7.383181578648470023e+00
2.024407302957967336e-01 -6.742130470700463674e-02 9.769708809080420719e-01 1.469266107596665272e+01 -4.284715567729420471e-03 9.975567138242611431e-01 6.972979180349907213e-02 6.168188428952883218e-01 -9.792851519412630878e-01 -1.830219144978091628e-02 2.016572271798681981e-01 7.544918581198234442e+00
1.902450779760210819e-01 -6.991061455079679299e-02 9.792442493761958078e-01 1.546878157603760151e+01 -5.246537614809677896e-03 9.973746180370864911e-01 7.222426936083856108e-02 6.611498778728135406e-01 -9.817226192252296313e-01 -1.887795267582975667e-02 1.893788219435542375e-01 7.688704448864802643e+00
1.765979367243033782e-01 -7.057019155655458453e-02 9.817499683526126342e-01 1.629553949294416526e+01 -5.838772835323217600e-03 9.973337973448527238e-01 7.274067192454572450e-02 6.979419174353080901e-01 -9.842657641584879880e-01 -1.857806674818286360e-02 1.757150461482489268e-01 7.839425846662891217e+00
1.624170011548871917e-01 -6.979276090849535763e-02 9.842508174785299380e-01 1.707532055342079857e+01 -7.467315270806267578e-03 9.973798568826451882e-01 7.195596040768874324e-02 7.343493681053790967e-01 -9.866939616823938719e-01 -1.903658158937927836e-02 1.614702794435281807e-01 7.979518821006544194e+00
1.455225528248206834e-01 -6.869956894939772962e-02 9.869668379307958705e-01 1.787210292657558952e+01 -8.806077305814811670e-03 9.974567572945349792e-01 7.072814351545729517e-02 7.738077732377389717e-01 -9.893157518057574817e-01 -1.898384539517404893e-02 1.445474785606232215e-01 8.084167150489919962e+00
1.250031372961152576e-01 -6.738195407318307850e-02 9.898655823555881916e-01 1.868645045935397064e+01 -1.121232205882722981e-02 9.975314839431622671e-01 6.931971103599958439e-02 8.122132575201949090e-01 -9.920929980184698405e-01 -1.976387218477819452e-02 1.239390554922710913e-01 8.167662592088536400e+00
1.002925398742147978e-01 -6.599434705283038771e-02 9.927669090314127365e-01 1.951213220507846202e+01 -1.550971427756540205e-02 9.975728864483600633e-01 6.788066704610540292e-02 8.569320712133738915e-01 -9.948371085195942820e-01 -2.220545475245719325e-02 9.902556363872344614e-02 8.269850733099035622e+00
6.991896599288571768e-02 -6.553578180827387967e-02 9.953976001711145605e-01 2.034909967887205084e+01 -1.970735979286137099e-02 9.975541591994754320e-01 6.706205645586707509e-02 8.994529564369734276e-01 -9.973579976571553818e-01 -2.430556744509893008e-02 6.845641671213502366e-02 8.315102398786587301e+00
3.657904859077794335e-02 -6.537567333672797409e-02 9.971900407429201696e-01 2.119182691852725497e+01 -2.250739178280498909e-02 9.975508377020867457e-01 6.622494623901736821e-02 9.385686015578489361e-01 -9.990772782227342885e-01 -2.486659161229618983e-02 3.501802327913384333e-02 8.338418202281172142e+00
1.975528641201080779e-03 -6.461221289375287946e-02 9.979084837657495877e-01 2.203136877448683961e+01 -2.444218618629691656e-02 9.976091879929199768e-01 6.464122185049323011e-02 9.742307843327954187e-01 -9.996993018594154679e-01 -2.451876469235541450e-02 3.915403929156610618e-04 8.342278307179716634e+00
-3.241636597124478852e-02 -6.356435975177884834e-02 9.974511186474777080e-01 2.287965934242519950e+01 -2.564613446619840378e-02 9.976999162515398645e-01 6.274673616759278427e-02 1.002150735161851047e+00 -9.991453709327186017e-01 -2.354674348797288624e-02 -3.397198712496554002e-02 8.281400662035890647e+00
-6.443158465691728454e-02 -6.160240902658770112e-02 9.960189239206315159e-01 2.372248477923378118e+01 -2.821843987654608366e-02 9.978061956940882382e-01 5.988752370975723022e-02 1.035064549949143986e+00 -9.975230863014027394e-01 -2.424745121148224464e-02 -6.602855963533310613e-02 8.245129253197712060e+00
-9.710210866996912826e-02 -5.848392518481251856e-02 9.935546254398112120e-01 2.454406181469763837e+01 -2.982199104508536508e-02 9.979947791022184544e-01 5.583072410787598416e-02 1.072952104068166657e+00 -9.948275460407088877e-01 -2.420849524882070017e-02 -9.865150597330236970e-02 8.161641384159704415e+00
-1.293285357251231782e-01 -5.417348818607234384e-02 9.901208743608619356e-01 2.537709117916012502e+01 -2.692154298541258109e-02 9.983302996881541214e-01 5.110619597264760838e-02 1.102078183065449579e+00 -9.912362872802622515e-01 -2.004609129853423752e-02 -1.305710311032798332e-01 8.041901112548870856e+00
-1.610532605777196258e-01 -4.870986417982262756e-02 9.857429580359808874e-01 2.622269902126944174e+01 -2.283169592913272122e-02 9.986979295213872510e-01 4.561972431904847552e-02 1.118139043923177089e+00 -9.866815988796390213e-01 -1.515897720401319058e-02 -1.619556880678759414e-01 7.886288217828441027e+00
-1.919025424423973225e-01 -4.262700375870948771e-02 9.804878050356180541e-01 2.707657211174310063e+01 -1.630298533907678649e-02 9.990568937206403266e-01 4.024345644116598952e-02 1.137169176785979285e+00 -9.812785757840183365e-01 -8.262055715640672510e-03 -1.924165067392652195e-01 7.695706486777764255e+00
-2.206738572229335060e-01 -3.693701992659780692e-02 9.746479818521981420e-01 2.789185242896875749e+01 -1.089394739710604181e-02 9.993136594000133766e-01 3.540525452902563291e-02 1.146733686336672386e+00 -9.752868228493357661e-01 -2.804748731200552934e-03 -2.209247911125710173e-01 7.510434502904245413e+00
-2.482761643466217805e-01 -3.037472961139488573e-02 9.682129442606648428e-01 2.868610838601597735e+01 -2.033225649061166842e-03 9.995224019882723576e-01 3.083559478161806977e-02 1.174944895484404839e+00 -9.686871673156244311e-01 5.687148906842551081e-03 -2.482193481808409596e-01 7.288596673876146959e+00
-2.749800791936509170e-01 -2.007534432376515549e-02 9.612403030551924799e-01 2.951786800717428960e+01 4.099723738081174733e-03 9.997484107352995197e-01 2.205238039497554522e-02 1.167603163142387990e+00 -9.614411910997228139e-01 1.000478612556385261e-02 -2.748285951407809513e-01 7.033885713932956030e+00
-3.000437405936300372e-01 -5.076939192927386671e-03 9.539119258398048862e-01 3.029585656083454026e+01 8.507543118425915998e-03 9.999318258488504307e-01 7.997833915724422704e-03 1.163227794214449551e+00 -9.538875147457220871e-01 1.051514796452878570e-02 -2.999800944270329395e-01 6.771666918998312745e+00
-3.245692804027897616e-01 1.165706115145983060e-02 9.457900820098009698e-01 3.106976224286576382e+01 8.875715282030207515e-03 9.999175641030340067e-01 -9.278289807380029480e-03 1.129899515692740941e+00 -9.458202889286104753e-01 5.383116694095247713e-03 -3.246459903285674464e-01 6.475979825606965612e+00
-3.499134989900553050e-01 2.626823432483606224e-02 9.364136412147933131e-01 3.186650104070916356e+01 7.875498764091892062e-03 9.996539390042676887e-01 -2.509937723562680190e-02 1.100030287229933013e+00 -9.367489175179842809e-01 -1.407885459592359174e-03 -3.499992843408613608e-01 6.203837290544004901e+00
-3.743215316360673506e-01 3.712157971041005200e-02 9.265556453493319911e-01 3.260901938380575160e+01 1.150516148661991263e-02 9.993074095293968950e-01 -3.538831013163948325e-02 1.064876341768963952e+00 -9.272276077656267379e-01 -2.586433171794399414e-03 -3.744893711845992956e-01 5.883923651849862324e+00
-3.979380799292233650e-01 4.178911005229890563e-02 9.164600044611286300e-01 3.339678617369244762e+01 1.568541169220271508e-02 9.991259080292314021e-01 -3.874774485441417893e-02 1.014475703378865834e+00 -9.172781837838888119e-01 -1.044149762760410030e-03 -3.982457261356344147e-01 5.534262599858324805e+00
-4.204718343579640916e-01 4.122538118174087773e-02 9.063685176069546934e-01 3.411725687061933598e+01 1.776548034835842560e-02 9.991497672708858913e-01 -3.720390079570708164e-02 9.700279813185809230e-01 -9.071316541261208455e-01 4.588806390585458794e-04 -4.208467254192650997e-01 5.173985109299641394e+00
-4.410271545863765907e-01 3.794076089874311858e-02 8.966914369583771638e-01 3.487137450315386644e+01 2.207660900463792944e-02 9.992623492661031337e-01 -3.142261341360316762e-02 9.394358946046534875e-01 -8.972222052630191014e-01 5.937681477732882976e-03 -4.415394351893479064e-01 4.821464242702032443e+00
-4.591953165319127006e-01 3.662213046540525874e-02 8.875801184319656034e-01 3.559884903668719147e+01 2.927022469503339983e-02 9.992310973712341671e-01 -2.608578048627793744e-02 9.073714966187096387e-01 -8.878529879853994666e-01 1.400120235193129392e-02 -4.599141792842788568e-01 4.402760736005034481e+00
-4.731357026336352467e-01 3.740846510224667826e-02 8.801949781992026711e-01 3.630370281731642024e+01 3.287320731357003256e-02 9.991519538112767496e-01 -2.479365609275308371e-02 8.589104116088999152e-01 -8.803760400779848672e-01 1.720406919980241311e-02 -4.739641991734532822e-01 4.029850494503184777e+00
-4.842869036360680779e-01 4.052597292822360253e-02 8.739701520535008150e-01 3.698974984677666811e+01 3.541632716888174631e-02 9.990159302356019788e-01 -2.669934171122003222e-02 8.035185428711011379e-01 -8.741921364014511031e-01 1.802267241669992803e-02 -4.852456138851398149e-01 3.624002813022173086e+00
-4.941821204523957900e-01 4.325932618917818773e-02 8.682814341460876051e-01 3.769711256972866664e+01 3.707162404780071224e-02 9.989013242236529644e-01 -2.866773612114468031e-02 7.633160233433856634e-01 -8.685676363680000511e-01 1.802152136552185105e-02 -4.952428692290317125e-01 3.237971907661111981e+00
-5.048499600370662810e-01 4.246585931579889561e-02 8.621619077520473740e-01 3.838881806771386351e+01 3.102231238514760459e-02 9.990365374102472273e-01 -3.104211655810537596e-02 7.025853918892240868e-01 -8.626494921065058774e-01 1.107464575347027677e-02 -5.056809463560316686e-01 2.855274710684158279e+00
-5.159442769433044695e-01 4.126206755938049975e-02 8.556277996840374600e-01 3.907609099730149183e+01 2.928892916158978843e-02 9.991049464350403309e-01 -3.051990476758309825e-02 6.920752444507471957e-01 -8.561212961738027261e-01 9.313852824168187758e-03 -5.166910021588023705e-01 2.414680150938441461e+00
-5.244690532556733897e-01 4.269246542557816188e-02 8.503584846669642872e-01 3.976637938238066283e+01 3.159286797183855078e-02 9.990301115471201809e-01 -3.067127094868005513e-02 6.512886872879576350e-01 -8.508431787059262952e-01 1.077913191491625643e-02 -5.253091553994641005e-01 1.990623914141338213e+00
-5.318989534900085969e-01 4.563965026610638381e-02 8.455770293757585154e-01 4.044796194286688262e+01 3.534320739303293407e-02 9.988729332241194081e-01 -3.168155463513495224e-02 6.014772995942058165e-01 -8.460699573316150524e-01 1.303401959237174279e-02 -5.329125206685927374e-01 1.553660443860857443e+00
-5.357486622856727498e-01 4.893140390211911384e-02 8.429585254648334081e-01 4.113062530597821365e+01 3.614868838918212923e-02 9.987333644951034151e-01 -3.499912727714823979e-02 5.687000542935365388e-01 -8.436033753150694592e-01 1.172111045759730713e-02 -5.368388712695525422e-01 1.108222496005872193e+00
-5.352085381344807713e-01 5.023727457351582354e-02 8.432247766915814680e-01 4.184533758035360052e+01 3.518774454367605553e-02 9.986894249136007984e-01 -3.716524099181843510e-02 5.147519786848150369e-01 -8.439867623429638810e-01 9.780024731471466740e-03 -5.362748447322452927e-01 6.790381185716487522e-01
-5.320191408203222005e-01 5.118880439275830946e-02 8.451836055707363515e-01 4.257882571200351407e+01 3.774759259607176481e-02 9.986124094343709068e-01 -3.672022483700805584e-02 4.797607491796180845e-01 -8.458905158346916586e-01 1.236778496499218484e-02 -5.332131714060297512e-01 1.961654281426784829e-01
-5.260828458966535504e-01 5.016323729157699113e-02 8.489525757018118179e-01 4.333769443501217467e+01 3.614910688513556236e-02 9.986756315122731209e-01 -3.660908401337946427e-02 4.342066795403835555e-01 -8.496646945507934090e-01 1.142946731253291492e-02 -5.271994757779041585e-01 -2.490921627691504159e-01
-5.192279740519236686e-01 4.885581329442700849e-02 8.532381890541433922e-01 4.408053089696112892e+01 3.398847646340902307e-02 9.987553192435534299e-01 -3.650473518127134859e-02 3.900295634496083186e-01 -8.539596632186085001e-01 1.004598742283338911e-02 -5.202422368482712001e-01 -6.862322700809528886e-01
-5.120172695768244742e-01 4.811657342435664286e-02 8.576264324768210212e-01 4.486847734303089652e+01 3.208362973359518699e-02 9.988044347906558373e-01 -3.688281020051636938e-02 3.442082119995474865e-01 -8.583757734646129123e-01 8.631134134939540820e-03 -5.129488750782048578e-01 -1.168657033864560546e+00
-5.055894983338583559e-01 4.658752492462563816e-02 8.615154370355004865e-01 4.568199777542999129e+01 2.914095793715748214e-02 9.988934413968634241e-01 -3.691472946662755633e-02 2.942633007253597777e-01 -8.622819005298159034e-01 6.441686543382844216e-03 -5.063876402439656532e-01 -1.616722997054660604e+00
-5.010608054417020618e-01 4.436144721574140221e-02 8.642743301326596406e-01 4.648492733885723993e+01 2.503580685152544116e-02 9.990103653730746380e-01 -3.676272847971853719e-02 2.477054985830962619e-01 -8.650498771463942527e-01 3.217443810339707614e-03 -5.016755641610340932e-01 -2.080987044734102565e+00
-4.997760829311811981e-01 4.168454118567490457e-02 8.651509997715927103e-01 4.732682971824862506e+01 2.038142102875893646e-02 9.991306748578271391e-01 -3.636608578241477818e-02 2.128541822690702690e-01 -8.659148208471587616e-01 -5.418921994034345008e-04 -5.001912064203586361e-01 -2.530528316581587500e+00
-5.002500812378740669e-01 3.898082090127851645e-02 8.650030857036304921e-01 4.815894865640818523e+01 1.749056995147101057e-02 9.992372267339728609e-01 -3.491481973597552330e-02 1.575098839870049672e-01 -8.657043077955557386e-01 -2.336743520658658615e-03 -5.005503018429546813e-01 -3.024405200426507623e+00
-5.010460519514950972e-01 3.772357774086413512e-02 8.645980406935028784e-01 4.901086699024686055e+01 1.600601492097263392e-02 9.992825660408548583e-01 -3.432434502296814044e-02 1.158473863295834128e-01 -8.652726007734756752e-01 -3.359307518496149406e-03 -5.012903898648023437e-01 -3.507659013238679790e+00
-5.017169618418079180e-01 3.730454579452592567e-02 8.642270810028052086e-01 4.989380187041910375e+01 1.614411247471708374e-02 9.992994786002272756e-01 -3.376269642429379630e-02 6.823336696527249057e-02 -8.648811884642618741e-01 -2.987137369653527358e-03 -5.019677483738586021e-01 -4.009329145966688657e+00
-5.013576051276231738e-01 3.648159933910109787e-02 8.644707231355601706e-01 5.076092494863371485e+01 1.583126719695134021e-02 9.993302472977951822e-01 -3.299132891575155824e-02 2.184569227086697457e-02 -8.650953329508446199e-01 -2.854785746796554592e-03 -5.015993706813062225e-01 -4.521159207293833582e+00
-5.014550877531358530e-01 3.589078309259133986e-02 8.644389123150513221e-01 5.165080922713018197e+01 1.613544334142557116e-02 9.993533736778861254e-01 -3.213225724437869524e-02 -2.781225919760531295e-02 -8.650332102099744791e-01 -2.164777871208529905e-03 -5.017099486086019633e-01 -5.032522551146441536e+00
-5.021688403437104542e-01 3.541673932029788807e-02 8.640440364031831688e-01 5.253117273020022537e+01 1.572733953074327909e-02 9.993697690852521021e-01 -3.182318964813528328e-02 -8.158717988938135601e-02 -8.646265777190813573e-01 -2.391499400472446926e-03 -5.024093703173410086e-01 -5.531610156868308259e+00
-5.021508274071807554e-01 3.382730494033435453e-02 8.641181900945882344e-01 5.342669121785890241e+01 1.402371736122453444e-02 9.994217873060589064e-01 -3.097460866715788519e-02 -1.307035393494012654e-01 -8.646663484878981398e-01 -3.435775203551916061e-03 -5.023348632048331153e-01 -6.039421406580284923e+00
-5.024509860473348466e-01 3.322673143479505653e-02 8.639670001915431552e-01 5.433097562897051347e+01 1.369205726201853761e-02 9.994417733721465691e-01 -3.047407390160974255e-02 -1.825259800573473534e-01 -8.644972796398567860e-01 -3.482241939059666034e-03 -5.026254480536413993e-01 -6.542402614473085798e+00
-5.020244901016243100e-01 3.220673398317126096e-02 8.642535068471454140e-01 5.521292917064975825e+01 1.238708601435737147e-02 9.994716295699704878e-01 -3.005032047508074400e-02 -2.286138895018896555e-01 -8.647646984957905181e-01 -4.380413391137956761e-03 -5.021581840067195213e-01 -7.054788924384888027e+00
-5.004486188917172118e-01 3.101344602809228898e-02 8.652105711676713051e-01 5.611889755083311115e+01 1.181474378365138071e-02 9.995097713399349049e-01 -2.899359933658932076e-02 -2.877392626018701050e-01 -8.656856265610245460e-01 -4.287564629833789075e-03 -5.005697017724578535e-01 -7.572872027758696056e+00
-4.985710125571353735e-01 2.853596065586938568e-02 8.663790341405605000e-01 5.701636764933160606e+01 1.224732753761550996e-02 9.995901434357897797e-01 -2.587562736654603485e-02 -3.412202026866011373e-01 -8.667623438954097370e-01 -2.290009015329924364e-03 -4.987161604310668683e-01 -8.076844043058841294e+00
-4.960108807448673218e-01 2.754773041843546627e-02 8.678792053616833924e-01 5.791501533780164834e+01 1.319617817817838462e-02 9.996203409479128554e-01 -2.418749306843827676e-02 -3.851848346268531009e-01 -8.682160327351118312e-01 -5.445701724624251719e-04 -4.961860917045452513e-01 -8.585818808340253128e+00
-4.929226591640264998e-01 2.681900822490765682e-02 8.696596916017312884e-01 5.881280929392202950e+01 1.253698595523779213e-02 9.996399936260733643e-01 -2.372144818320561302e-02 -4.438447169601756337e-01 -8.699828093452770528e-01 -7.899270423379003850e-04 -4.930814346182196828e-01 -9.115829813163429662e+00
-4.914073967600430248e-01 2.723025845604507694e-02 8.705040319987732422e-01 5.969913969504660400e+01 1.323920837773287333e-02 9.996291735597747641e-01 -2.379577075922671703e-02 -4.904772477606612613e-01 -8.708292061522271421e-01 -1.686325474538130978e-04 -4.915856781954376364e-01 -9.602049042182162708e+00
-4.904168840032360199e-01 2.765187387896355861e-02 8.710491605140240345e-01 6.057406869448018227e+01 1.326992291534076843e-02 9.996175560945186334e-01 -2.426212417675649782e-02 -5.351489493346525128e-01 -8.713869413553858578e-01 -3.397991820814417249e-04 -4.905962665156042846e-01 -1.008997382660581721e+01
-4.909041009675415013e-01 2.870320615042842513e-02 8.707406478945449724e-01 6.148420823572064364e+01 1.253776649986867824e-02 9.995863782262673913e-01 -2.588197930232265243e-02 -5.787308280972567331e-01 -8.711234014713588047e-01 -1.788425929181725873e-03 -4.910609276646565879e-01 -1.059545646691088905e+01
-4.936905289272210950e-01 3.058715758183790795e-02 8.690995764423636860e-01 6.235398985925315429e+01 1.152693749067722553e-02 9.995236285937578735e-01 -2.862945288750485401e-02 -6.259862929786735863e-01 -8.695612708933595503e-01 -4.116032345742861795e-03 -4.938079263525441132e-01 -1.108906785907350745e+01
-4.984252702930701551e-01 3.135094952652314748e-02 8.663656008345973492e-01 6.325156110530524955e+01 1.028541508963611191e-02 9.994894131166695006e-01 -3.025100466894294071e-02 -6.808660191834003950e-01 -8.668716586462114071e-01 -6.166934473812559284e-03 -4.984932396365925333e-01 -1.156287237175827265e+01
-5.037211779407355650e-01 2.984840677744141080e-02 8.633504699745127020e-01 6.412032411092199879e+01 1.027374351823637927e-02 9.995392073654912890e-01 -2.856261740876294905e-02 -7.217168087493956996e-01 -8.638052080105713681e-01 -5.517753105621843110e-03 -5.037957230228941041e-01 -1.205693492062720473e+01
-5.090689456906467569e-01 2.776383712742026486e-02 8.602778414366255566e-01 6.497650340384430478e+01 1.327618034114452436e-02 9.996140078437220078e-01 -2.440447365217122619e-02 -7.823984152746484844e-01 -8.606233576686849185e-01 -1.002354979518685569e-03 -5.092410479900575382e-01 -1.258620668088348005e+01
-5.145221693287205245e-01 2.572804158417286297e-02 8.570910055653866433e-01 6.585032018220475436e+01 1.053511140002462779e-02 9.996639970422558363e-01 -2.368342091378556127e-02 -8.285790777758530457e-01 -8.574123633326459215e-01 -3.156094976536267995e-03 -5.146203373481866850e-01 -1.309406348405650711e+01
-5.192249359439384815e-01 2.764797694859147045e-02 8.541902844352363688e-01 6.666536255526264654e+01 1.146898823637730429e-02 9.996119970869996596e-01 -2.538341126477254919e-02 -8.794193916099565245e-01 -8.545606708785311589e-01 -3.383000864196108928e-03 -5.193405706807804334e-01 -1.359255752497098868e+01
-5.238329246138685447e-01 3.001684920087410030e-02 8.512919843958517419e-01 6.748884417999074969e+01 1.177076462320152984e-02 9.995385882244687270e-01 -2.800106655103924702e-02 -9.211442153855380344e-01 -8.517397067843004432e-01 -4.647522125236736197e-03 -5.239445443989487750e-01 -1.414268082213654942e+01
-5.292172978879207124e-01 3.026939154168730231e-02 8.479462261776303800e-01 6.835080005001105974e+01 1.063745365717267896e-02 9.995216118922337634e-01 -2.904121070495536971e-02 -9.709221782896504394e-01 -8.484196532480411390e-01 -6.349121505699120704e-03 -5.292861170694268536e-01 -1.464095321186657550e+01
-5.331236198026483297e-01 3.076181754887348518e-02 8.454779143162474142e-01 6.917442587412543276e+01 9.724529028854757978e-03 9.994955513402133951e-01 -3.023369588087096438e-02 -1.013600444383348842e+00 -8.459814721917937597e-01 -7.896422017184592454e-03 -5.331538316848746240e-01 -1.514563199744018362e+01
-5.362929286451477706e-01 2.946697838227237826e-02 8.435173850798753925e-01 6.998171271745061972e+01 9.005575834846856614e-03 9.995332669864828157e-01 -2.919157024128920044e-02 -1.084431991921767757e+00 -8.439838896431413051e-01 -8.058872069385431339e-03 -5.363079913259746201e-01 -1.566779575850702599e+01
-5.389298409583479499e-01 2.346010709293095894e-02 8.420238933670257664e-01 7.082150977123583857e+01 1.113660163075281227e-02 9.997231667537233024e-01 -2.072597260728918298e-02 -1.125709739507257279e+00 -8.422770412773559201e-01 -1.792559548693756222e-03 -5.390419143124864920e-01 -1.620206618332452919e+01
-5.407728362325132654e-01 1.584610181000749296e-02 8.410193979782732976e-01 7.164035642477658428e+01 1.242118985212022075e-02 9.998639627387676532e-01 -1.085219048252729010e-02 -1.149026926157945327e+00 -8.410769674841659382e-01 4.577892756282631211e-03 -5.408960995986223930e-01 -1.671787704154978726e+01
-5.431247508537925262e-01 1.366402076057205567e-02 8.395408189671853538e-01 7.245734372020105241e+01 1.347232781845135452e-02 9.998806795163297512e-01 -7.557981912163552231e-03 -1.169073849048180680e+00 -8.395439315143234937e-01 7.205643082859603150e-03 -5.432440322933481669e-01 -1.724105278561869881e+01
-5.438082700991114793e-01 1.760877890305925786e-02 8.390247216022089782e-01 7.326134270871609999e+01 1.211570398818469577e-02 9.998403787579274171e-01 -1.313113482551282220e-02 -1.222992550008737966e+00 -8.391220332148426886e-01 3.024556406046029124e-03 -5.439348106803760796e-01 -1.774941545710647972e+01
-5.453736571653664544e-01 2.240382365625359987e-02 8.378935672102498788e-01 7.406181589506047658e+01 1.209298770561551169e-02 9.997489911046321120e-01 -1.886039270048078462e-02 -1.277305993125535721e+00 -8.381058078940659684e-01 -1.533238148616313456e-04 -5.455076938689173982e-01 -1.826500342160594315e+01
-5.455643047543994317e-01 2.797309283473749936e-02 8.376019834519268237e-01 7.488029287895203367e+01 1.888067038518502494e-02 9.995993805123281062e-01 -2.108551002318685350e-02 -1.303836628985544532e+00 -8.378562652134168287e-01 4.310986305139582163e-03 -5.458738929866923106e-01 -1.881937144148986363e+01
-5.453849328836035681e-01 2.903436090391025085e-02 8.376826774478115523e-01 7.566133179665544617e+01 2.263026208500571596e-02 9.995456116650146550e-01 -1.991083628053060689e-02 -1.335199786387092136e+00 -8.378801571304476115e-01 8.097909418065566897e-03 -5.457941727081875305e-01 -1.932480079736444267e+01
-5.452681209467048484e-01 2.589200666438421991e-02 8.378617233705153433e-01 7.643929246410353073e+01 2.199773009353609213e-02 9.996206133660986426e-01 -1.657495604841233844e-02 -1.375450951858139703e+00 -8.379730232201385576e-01 9.393261913171711830e-03 -5.456308200633215311e-01 -1.984311507122519558e+01
-5.444453018269735933e-01 2.098647606094015267e-02 8.385337610013351428e-01 7.725155679300939937e+01 1.997140862066383582e-02 9.997278886812913656e-01 -1.205368813725998627e-02 -1.406269747339965459e+00 -8.385585654384655196e-01 1.018412752438500879e-02 -5.447162827667534346e-01 -2.036527262333586208e+01
-5.437359519176111489e-01 1.535103839186232645e-02 8.391159320326024851e-01 7.803641897109017123e+01 1.871049597258877054e-02 9.998059263726166712e-01 -6.166595468082724900e-03 -1.431386754035609776e+00 -8.390477599412766718e-01 1.234727665134091774e-02 -5.439176538313539311e-01 -2.086859400099474726e+01
-5.431633152894336236e-01 8.453048342228328474e-03 8.395845079908377251e-01 7.888546919008328473e+01 9.668108954464241928e-03 9.999459933710463932e-01 -3.812872135627089990e-03 -1.456860859976323086e+00 -8.395714097960432776e-01 6.046183218569519367e-03 -5.432157070422237721e-01 -2.139937384492077754e+01
-5.414817000482619047e-01 3.339902145094434359e-03 8.407058942888139264e-01 7.966660717664804281e+01 1.075051177719622050e-03 9.999940419580805040e-01 -3.280291437142039430e-03 -1.487875111540905904e+00 -8.407118557361931144e-01 -8.724149925895955445e-04 -5.414820656241834396e-01 -2.186209853345121346e+01
-5.395213766613204953e-01 4.218865139871056172e-03 8.419613247609979423e-01 8.046437931737112592e+01 4.746726018821590710e-03 9.999867956632327859e-01 -1.969030991916136987e-03 -1.505128622631985769e+00 -8.419585288769945164e-01 2.934226380630362580e-03 -5.395342796191732182e-01 -2.236170740057319506e+01
-5.365938300370419745e-01 7.072994481252948933e-03 8.438110104497654751e-01 8.128067797859678478e+01 9.874638685137071895e-03 9.999490345691152138e-01 -2.102322055571792612e-03 -1.526886622511771652e+00 -8.437828895860125522e-01 7.204236806574063762e-03 -5.366363267521253588e-01 -2.288443450727847406e+01
-5.318309516132155856e-01 9.969654303228549577e-03 8.467918468303119450e-01 8.205648609401436033e+01 1.005102282847737671e-02 9.999345800559139574e-01 -5.460085303810634574e-03 -1.567024813383139481e+00 -8.467908995842713393e-01 5.607282809629710388e-03 -5.318963656753991076e-01 -2.337298802015301646e+01
-5.239335590848260837e-01 1.227530985261320040e-02 8.516706694816581491e-01 8.284592703452683793e+01 1.578003141642059584e-02 9.998644239635049447e-01 -4.703644771207907312e-03 -1.579206527375615954e+00 -8.516129567990778915e-01 1.097499361574305610e-02 -5.240562322222227509e-01 -2.384580403130194171e+01
-5.153769791788667121e-01 1.453186156914257690e-02 8.568403474446176782e-01 8.363948828568763361e+01 2.291424872205023722e-02 9.997323997740149570e-01 -3.172697581042575963e-03 -1.610483243433070255e+00 -8.566571768233794959e-01 1.799871864852559469e-02 -5.155720520785140870e-01 -2.434464651494608489e+01
-5.056431500447963190e-01 1.483879639296929731e-02 8.626150946089214955e-01 8.442410354110093351e+01 2.267497375839539614e-02 9.997352590892980562e-01 -3.906054466614429770e-03 -1.621922320338956114e+00 -8.624447011973002120e-01 1.758470605667631151e-02 -5.058457561490852239e-01 -2.479619466939461603e+01
-4.943638999898141151e-01 1.174952290657524379e-02 8.691756263388696890e-01 8.526507041038763646e+01 1.811899734449221727e-02 9.998306841980160176e-01 -3.210115418588290696e-03 -1.649419415866617999e+00 -8.690661935543664285e-01 1.416162677099988901e-02 -4.944930871662863159e-01 -2.526052832353876809e+01
-4.832908017495393116e-01 8.895093305365425404e-03 8.754146813948374684e-01 8.607309305033446378e+01 1.960982510017168431e-02 9.998074864131588635e-01 6.669621126051942682e-04 -1.677231475427808149e+00 -8.752402346532089927e-01 1.748906656675788124e-02 -4.833721941587605375e-01 -2.572909292901044864e+01
-4.722389618009152912e-01 7.540796563321901062e-03 8.814383048813128063e-01 8.685388169241517176e+01 1.947536893357427676e-02 9.998085682421530285e-01 1.880649129978582881e-03 -1.696119661479517315e+00 -8.812554032782345947e-01 1.805445310329322622e-02 -4.722954213008281887e-01 -2.612958741646587413e+01
-4.598533999156045327e-01 6.651813169971538056e-03 8.879699261493040341e-01 8.771903845172364811e+01 1.897930870493907268e-02 9.998171403499437337e-01 2.339160292811121988e-03 -1.712174877562260722e+00 -8.877920080087673416e-01 1.792872729779169602e-02 -4.598955593479039927e-01 -2.653869348941451989e+01
-4.477677236364475122e-01 8.693343187209866610e-03 8.941076428788489183e-01 8.853719367980679067e+01 2.265700309265946191e-02 9.997419745747605502e-01 1.626175316010883580e-03 -1.729438657562662351e+00 -8.938628189682268355e-01 2.098594961547208676e-02 -4.478491545400793972e-01 -2.695614679148748394e+01
