1.000000000000000000e+00 4.398956837314658088e-19 2.733407509747682871e-20 -8.673617379884035472e-19 -5.583667658079949532e-19 1.000000000000000000e+00 -6.100159232558060012e-19 0.000000000000000000e+00 4.145284534913582806e-20 -2.210423569125054137e-19 1.000000000000000222e+00 0.000000000000000000e+00
9.999408268564768942e-01 -1.083819139931729587e-03 1.082442316369303971e-02 7.503073309105466604e-02 1.079548676428867399e-03 9.999993371432175371e-01 4.003569748019590287e-04 -6.140028206869499461e-03 -1.082485009016062247e-02 -3.886477855110627650e-04 9.999413340593177324e-01 2.926990146220511124e-01
9.998534996141688058e-01 -2.546420320292272933e-03 1.692616543475495075e-02 9.534013134468000139e-02 2.534152170697416724e-03 9.999965106104028445e-01 7.462137746819906678e-04 -1.171775473959936475e-02 -1.692800683887610638e-02 -7.032109641959327423e-04 9.998564637287327139e-01 5.418035155959393112e-01
9.997861830040728481e-01 -6.304863654880603699e-03 1.969357765216865619e-02 8.443686645075385022e-02 6.327203124808713705e-03 9.999794081755482011e-01 -1.072247322429051688e-03 -1.537239272071815044e-02 -1.968641209359899003e-02 1.196623357444810253e-03 9.998054877076325564e-01 9.297349894410220639e-01
9.998253742480470718e-01 -6.913205768973203214e-03 1.736170001277317215e-02 8.503738652960896038e-02 6.944166194253210619e-03 9.999744035389899199e-01 -1.723603947727658054e-03 -1.983734576594295418e-02 -1.734934028730282865e-02 1.843865530261797666e-03 9.998477886818853966e-01 1.183586828302946703e+00
9.998896195794314545e-01 -1.059379258585657103e-02 1.041730518940000086e-02 9.070915537218508795e-02 1.062996231658502877e-02 9.999376420324229686e-01 -3.422854013276467513e-03 -1.988161776385176382e-02 -1.038039476380342441e-02 3.533211808329895717e-03 9.999398800955955346e-01 1.530330451466799913e+00
9.999374741298632241e-01 -1.110020295028790564e-02 -1.354009916454457663e-03 6.716093936609096593e-02 1.109343132268174499e-02 9.999264100747473627e-01 -4.910213612995244920e-03 -2.845822175968923395e-02 1.408414663659037207e-03 4.894886033070157058e-03 9.999870281458894672e-01 1.853899407395960708e+00
9.997929161830895195e-01 -1.099322889510391532e-02 -1.712523456098636807e-02 3.163428675735749374e-02 1.090818028808364717e-02 9.999277428395675349e-01 -5.051800085545832091e-03 -3.862192450974881452e-02 1.717953302898091172e-02 4.863948829971011939e-03 9.998405901317252154e-01 2.162851913744607835e+00
9.993326003225970755e-01 -6.449073860710068801e-03 -3.595501797403056338e-02 1.514365836783715391e-02 6.256868208916310098e-03 9.999655429420132302e-01 -5.455686800727074445e-03 -4.288199474145198975e-02 3.598896381600203559e-02 5.227079887540057000e-03 9.993385173158471080e-01 2.518830444794990964e+00
9.984278549301576211e-01 -3.674406733595226952e-03 -5.593136069119911125e-02 -4.768381974346501406e-02 3.325237133575879075e-03 9.999744074284453443e-01 -6.334609775365741824e-03 -5.481859088871439412e-02 5.595320616014739373e-02 6.138665819729161900e-03 9.984145209447997660e-01 2.868409489071301444e+00
9.971488114869212493e-01 -3.032671995763565592e-03 -7.539927355248747520e-02 -9.283024547781980329e-02 2.553880617086879985e-03 9.999759651167163810e-01 -6.445686849653953047e-03 -5.967683675656439146e-02 7.541701029407797685e-02 6.234748228033014372e-03 9.971325903184097283e-01 3.217188329904763666e+00
9.953163740938874016e-01 -3.407413608735879174e-03 -9.661110030716403563e-02 -1.371853931217128508e-01 2.830445625382696159e-03 9.999773372302437346e-01 -6.108485836841927655e-03 -6.653949178437969236e-02 9.662972663786272010e-02 5.806423474945691943e-03 9.953034621014391625e-01 3.597978272507731834e+00
9.932405637777540486e-01 -4.252474751705591881e-03 -1.159961143217112106e-01 -1.962597287291484860e-01 3.647816096537749922e-03 9.999786336962331879e-01 -5.424535274276924383e-03 -7.820023476507215188e-02 1.160167056173957018e-01 4.964735923078563741e-03 9.932348543058180379e-01 3.992826365740511196e+00
9.910914433932136447e-01 -4.255252066359020875e-03 -1.331151500696461099e-01 -2.880752012818367236e-01 3.639862762699929907e-03 9.999815366072939415e-01 -4.865987848094706011e-03 -8.270997038790987854e-02 1.331334006187610275e-01 4.338117962626306633e-03 9.910886332022059708e-01 4.390296741780022494e+00
9.887723072300577121e-01 -3.509854475050399811e-03 -1.493887706250950909e-01 -3.706580062852556923e-01 2.904271778503879353e-03 9.999866587960951625e-01 -4.271701144348444799e-03 -8.754734544150187536e-02 1.494017732320981340e-01 3.789874105987167761e-03 9.887693095973363322e-01 4.811155666691160349e+00
9.866667164782128019e-01 -2.829648520590565160e-03 -1.627291707235415941e-01 -4.529963287321691623e-01 2.144392740076570946e-03 9.999880799620513017e-01 -4.386514605987688192e-03 -9.405322957283555885e-02 1.627396460945792489e-01 3.979072600162222167e-03 9.866610234789009448e-01 5.228679822205650751e+00
9.845129987792210491e-01 -3.316746494612735074e-03 -1.752802146819925355e-01 -5.308215949915641163e-01 2.448857311056617560e-03 9.999836498870466883e-01 -5.167499665408772230e-03 -9.777764931701754536e-02 1.752944911482358925e-01 4.658234241155688980e-03 9.845050243645102617e-01 5.661901761060893712e+00
9.827801045133380820e-01 -6.556166738559748505e-03 -1.846626167270177254e-01 -6.323273437409908659e-01 5.345695944812125372e-03 9.999608446631510494e-01 -7.052139160389869592e-03 -1.151632652253141431e-01 1.847016243934086199e-01 5.943551749838762305e-03 9.827766709592257177e-01 6.110094901272148604e+00
9.812404822065504684e-01 -5.942903651512000847e-03 -1.926961262637343630e-01 -7.289720833979755898e-01 4.354463387011110916e-03 9.999529709631220786e-01 -8.665708500374281337e-03 -1.245325424804605841e-01 1.927385667518000945e-01 7.664055659187520887e-03 9.812202138370031967e-01 6.553876503177570534e+00
9.796189306434589517e-01 -5.832058743496530175e-03 -2.007803198812289636e-01 -8.369370030725993281e-01 3.775068736183488649e-03 9.999364128949582708e-01 -1.062633601354489796e-02 -1.192258328938315542e-01 2.008295297265819124e-01 9.651800322951441941e-03 9.795786562141007847e-01 7.029332955159220298e+00
9.780450219431405801e-01 -6.491976839154856710e-03 -2.082925545063506467e-01 -9.452985980288001189e-01 3.839846318198809373e-03 9.999063653620944292e-01 -1.313453778176253660e-02 -1.381997618036830688e-01 2.083583238204207433e-01 1.204635781924696253e-02 9.779783715349198436e-01 7.503915456492126879e+00
9.762597268845404352e-01 -9.936266344201877959e-03 -2.163751722907725772e-01 -1.054780710143662592e+00 6.858718788000021764e-03 9.998644268109250222e-01 -1.496950110341897094e-02 -1.457675467348714393e-01 2.164945823057446983e-01 1.313006452920726513e-02 9.761955225976404193e-01 8.015764623805910816e+00
9.744356576432953165e-01 -1.556236416071193722e-02 -2.241271085431095211e-01 -1.173419412299511633e+00 1.227155170976601539e-02 9.997955881912472531e-01 -1.606831762205436845e-02 -1.635521517187392693e-01 2.243313591993670031e-01 1.290715417188343338e-02 9.744274461563623424e-01 8.532835867892265114e+00
9.724433457318673035e-01 -1.647119725187746325e-02 -2.325567409805972263e-01 -1.307648229927439232e+00 1.250907422221481623e-02 9.997505717402735970e-01 -1.850182006316233863e-02 -1.819919302024183283e-01 2.328034859034929793e-01 1.508290220821451554e-02 9.724068306326290045e-01 9.020973499281019770e+00
9.703378273097559292e-01 -1.260403124728247046e-02 -2.414241867970488009e-01 -1.447020282670591795e+00 7.467572353435677872e-03 9.997261294177983704e-01 -2.217885274319463321e-02 -1.873865075271950731e-01 2.416376149338125279e-01 1.971812716989006925e-02 9.701662021741140896e-01 9.564368677764772286e+00
9.682882848642903051e-01 -9.377731901336772841e-03 -2.496594763589811972e-01 -1.596253861728745393e+00 3.182055621914781866e-03 9.996771492687267502e-01 -2.520856492378107869e-02 -2.001411674997713164e-01 2.498152770817587132e-01 2.361472774944076494e-02 9.680055130935236729e-01 1.010587380805237778e+01
9.659139234114768602e-01 -1.254024506411721002e-02 -2.585595353603552526e-01 -1.770369065688871979e+00 5.605661494928288954e-03 9.996049870731101850e-01 -2.753990497919529476e-02 -2.266199880303906566e-01 2.588027626172458295e-01 2.515178044140962618e-02 9.656026716520794695e-01 1.067162338734433291e+01
9.635629676102206442e-01 -1.393745858890183334e-02 -2.671182380966466430e-01 -1.923061146058989701e+00 6.420020278326285870e-03 9.995589259117405589e-01 -2.899546441021174162e-02 -2.590970118004475298e-01 2.674045468540666715e-01 2.622405123626319473e-02 9.632274440890737921e-01 1.121572444035555627e+01
9.614459523399186969e-01 -1.404661574622952276e-02 -2.746349789467387725e-01 -2.097599053080519305e+00 5.496289699532112480e-03 9.994766474488038233e-01 -3.187823695308348443e-02 -2.813562177212780568e-01 2.749390341088697176e-01 2.913972850769930290e-02 9.610199817968251290e-01 1.178820459193751446e+01
9.590953231938400547e-01 -1.365443854871113694e-02 -2.827538073879471425e-01 -2.289011894002666470e+00 3.770456219594473402e-03 9.993635982184684297e-01 -3.547086416458003488e-02 -3.002563595880768377e-01 2.830582019668376748e-01 3.295382913306956624e-02 9.585364370743355567e-01 1.239571338827436975e+01
9.568593271162453284e-01 -1.504787400414403682e-02 -2.901616580025458969e-01 -2.478027544315729358e+00 3.367291665233297388e-03 9.991652169978629816e-01 -4.071278024717025351e-02 -3.384984690035929833e-01 2.905320817653178622e-01 3.797934467511916712e-02 9.561112281946984037e-01 1.298582548692423444e+01
9.550592511272271157e-01 -1.605888829859536057e-02 -2.959796227012631564e-01 -2.680781204172260512e+00 1.996625855695688487e-03 9.988572235345242190e-01 -4.775207286999821193e-02 -3.683569011225062972e-01 2.964082344485244880e-01 4.501509854301789099e-02 9.539998958896772630e-01 1.360070611626606407e+01
9.537009346941391907e-01 -1.608964880992784161e-02 -3.003259036880182031e-01 -2.893154756196405053e+00 -6.938093097508568922e-04 9.984476421895206455e-01 -5.569402498798263490e-02 -4.020593013945746863e-01 3.007557928857094165e-01 5.332381282383239635e-02 9.522092868617474393e-01 1.421039849121242149e+01
9.524389688296754919e-01 -1.673512438577263658e-02 -3.042695257212435500e-01 -3.107661089829578671e+00 -3.057219868328174463e-03 9.979158532178273866e-01 -6.445621214872628013e-02 -4.500534424611451478e-01 3.047140713127275413e-01 6.232082738055209209e-02 9.504027836770592153e-01 1.484179167460280624e+01
9.511492825784603200e-01 -1.520027476730947437e-02 -3.083569228396342288e-01 -3.328149519990988736e+00 -7.760900277277687186e-03 9.972944113916789588e-01 -7.310010544211155425e-02 -4.974061730649658175e-01 3.086337828248572612e-01 7.192224056691035039e-02 9.484578965160065378e-01 1.548265247862864236e+01
9.496742735933119128e-01 -1.421243797305116706e-02 -3.129165681000999344e-01 -3.550233038989804246e+00 -1.152784711488525661e-02 9.967076440962752137e-01 -8.025572205284881022e-02 -5.535747101259009817e-01 3.130269702040557322e-01 7.982404935830951509e-02 9.463837695026098285e-01 1.613062737833201510e+01
9.481235469133358906e-01 -1.313434515086658178e-02 -3.176306449587365521e-01 -3.790988153301525720e+00 -1.520894011676075450e-02 9.961279868847336960e-01 -8.658938656958217739e-02 -6.178608828335671044e-01 3.175380752386488536e-01 8.692826229764410995e-02 9.442526410636472578e-01 1.678803420131869828e+01
9.465519162635349648e-01 -1.213119429039343292e-02 -3.223232876086042920e-01 -4.042592963978655973e+00 -1.876052980825483260e-02 9.955301992986115289e-01 -9.256168098239292430e-02 -6.852816971677436753e-01 3.220054559711532094e-01 9.366139272855925069e-02 9.420934306450448048e-01 1.745889063793101670e+01
9.447846007808085034e-01 -1.033529546508159952e-02 -3.275289872966593574e-01 -4.277998330398160576e+00 -2.313687713758033962e-02 9.949041386559143163e-01 -9.813480414114715555e-02 -7.631845108080873574e-01 3.268742027484528578e-01 1.002942503236785021e-01 9.397309834324553135e-01 1.813593241775012288e+01
9.429805387815597406e-01 -6.994968623985012811e-03 -3.327743553016199174e-01 -4.536716940270057563e+00 -2.825232794128258035e-02 9.944889788285468102e-01 -1.009627502813662536e-01 -8.359410696240432426e-01 3.316466656935313506e-01 1.046075595390874996e-01 9.375861293654546014e-01 1.883756619243261810e+01
9.413659697130613013e-01 -6.470035611152494780e-03 -3.373251358847839110e-01 -4.801813273426286166e+00 -2.997334066266236705e-02 9.942590057324505182e-01 -1.027162516874988718e-01 -9.161091556039743233e-01 3.360531377324579849e-01 1.068043457684247771e-01 9.357676649465657137e-01 1.952450185825848905e+01
9.391552182458193787e-01 -6.235232373873614634e-03 -3.434364503569045657e-01 -5.085898723803583543e+00 -3.061625997715462441e-02 9.943361802444118380e-01 -1.017752684908469624e-01 -1.009789152595505612e+00 3.421258864721619664e-01 1.060975148106359511e-01 9.336451133312726469e-01 2.024112138888661860e+01
9.369138602134933214e-01 -6.073565858732023377e-03 -3.495075503797223648e-01 -5.361159116478092734e+00 -3.097697709782936543e-02 9.944728422936409684e-01 -1.003204506964980730e-01 -1.094611133391816704e+00 3.481850758182782890e-01 1.048183087561326693e-01 9.315472493086109917e-01 2.096362702378883114e+01
9.343482356853545223e-01 -5.876057878041873218e-03 -3.563128453467809820e-01 -5.635736708331640976e+00 -3.129796295063831668e-02 9.946472595002496808e-01 -9.847470073659199408e-02 -1.172227112542724381e+00 3.549842442341015203e-01 1.031615297560788819e-01 9.291630038797882296e-01 2.168166654643986035e+01
9.314801704813788774e-01 -5.463015319713875918e-03 -3.637510751950048249e-01 -5.946466186524929753e+00 -3.134766691009670952e-02 9.949628524190758938e-01 -9.521683722898144353e-02 -1.265663751454161323e+00 3.624389845632787210e-01 1.000953439137858836e-01 9.266169150987348946e-01 2.239464967337123014e+01
9.278823416752915998e-01 -2.616744483340814262e-03 -3.728639292913983883e-01 -6.263490984255590810e+00 -3.322850501252123251e-02 9.954165493452212798e-01 -8.967585942448839942e-02 -1.341754589505251616e+00 3.713895910165659897e-01 9.559835792238081942e-02 9.235424887446829212e-01 2.317713831386890178e+01
9.244333320853743707e-01 -3.090265952502445541e-04 -3.813435669046522092e-01 -6.586820189885811416e+00 -3.446615559554352254e-02 9.958392450141519969e-01 -8.435805970758367134e-02 -1.422854856514037092e+00 3.797829651265662299e-01 9.112684943030245621e-02 9.205763410470597652e-01 2.391403826272069466e+01
9.209188461763342382e-01 3.887878959898561672e-03 -3.897349869000372724e-01 -6.904532011443252237e+00 -3.820138202990474435e-02 9.960359140514949416e-01 -8.033126648268351655e-02 -1.496575084239172071e+00 3.878777323014135914e-01 8.886699282952034706e-02 9.174167675961224511e-01 2.465016908484222924e+01
9.171115807557479460e-01 4.394010706871694268e-03 -3.986063695450417499e-01 -7.249420473833620093e+00 -3.877605332326184567e-02 9.961806025959377697e-01 -7.823442176157544004e-02 -1.569898500542066033e+00 3.967401773075077687e-01 8.720607649173395259e-02 9.137791500994897342e-01 2.539061800994479867e+01
9.130785437959211270e-01 4.999808782921655141e-03 -4.077530764589982759e-01 -7.607366346313405359e+00 -4.012086585954618284e-02 9.961748343033316466e-01 -7.762741574797132893e-02 -1.650259739006372905e+00 4.058052380823963801e-01 8.723933464613267685e-02 9.097864642832229620e-01 2.616510426912154230e+01
9.091646465335220251e-01 4.685780901138563576e-03 -4.164104770647115150e-01 -7.968055815837098876e+00 -4.020726393566831369e-02 9.962527709355289973e-01 -7.657540325606743137e-02 -1.719112884875177993e+00 4.144912831507144846e-01 8.636237580782475665e-02 9.059462013413507320e-01 2.692210272327465148e+01
9.053568744855893247e-01 4.769706544773359529e-03 -4.246247473376519310e-01 -8.352922119446651195e+00 -4.040370274808170736e-02 9.963681129982483453e-01 -7.495414772141956172e-02 -1.790059485555108409e+00 4.227250561825916519e-01 8.501666537850188776e-02 9.022614350047618581e-01 2.772186075775538683e+01
9.015596884662200328e-01 5.544714251857906992e-03 -4.326192095587007014e-01 -8.739599481646767032e+00 -4.091987638214835549e-02 9.965284042238998774e-01 -7.250312649779795671e-02 -1.865561249375722985e+00 4.307153287939365915e-01 8.306862108521809174e-02 8.986567272714180987e-01 2.848726147065032421e+01
8.976794674445927047e-01 6.355483665101782122e-03 -4.406031974789653693e-01 -9.127333588906608952e+00 -4.055694567920246907e-02 9.968434693903635013e-01 -6.825123994862435095e-02 -1.937135344270213944e+00 4.387786578769203305e-01 7.913725700334826862e-02 8.951036743356798331e-01 2.927079715166968654e+01
8.938638282292733495e-01 7.615570589001623841e-03 -4.482738622911738857e-01 -9.541276339682735141e+00 -3.999881286493421617e-02 9.972232257677806633e-01 -6.281666200898529395e-02 -1.991329608679568652e+00 4.465507299153992360e-01 7.407996458340215806e-02 8.916863845806768385e-01 3.006876439599928474e+01
8.900780033638620026e-01 7.274020288437670415e-03 -4.557501863727819735e-01 -9.969851682856265995e+00 -3.802064901887302478e-02 9.975729385975377062e-01 -5.833234516177778634e-02 -2.065477085577529071e+00 4.542197498194737726e-01 6.924825541207403623e-02 8.881942929945686460e-01 3.087838753282550286e+01
8.863529775033566205e-01 6.222291424748353263e-03 -4.629683337582784497e-01 -1.040347780880298778e+01 -3.644299442205944928e-02 9.977451628442349785e-01 -5.636043152853043720e-02 -2.129826870023863616e+00 4.615737324527817709e-01 6.682718889809301233e-02 8.845811554444465985e-01 3.168818481503417672e+01
8.832738079661415220e-01 6.721279104022505162e-03 -4.688093430921564386e-01 -1.085958064855257632e+01 -3.698955065447748908e-02 9.977796086035841672e-01 -5.538615226735187080e-02 -2.194019702140240557e+00 4.673961450988291522e-01 6.626218474943006143e-02 8.815612121406893875e-01 3.251271167723368194e+01
8.800426859987603434e-01 6.363688077712087790e-03 -4.748519451292148585e-01 -1.129383907369509288e+01 -3.610929355167181998e-02 9.979121920193191331e-01 -5.354788514288575524e-02 -2.249853849306994391e+00 4.735197915448214889e-01 6.427099311163309014e-02 8.784351147899612799e-01 3.333262659196302025e+01
8.771996108877471165e-01 5.209952834881132443e-03 -4.800975884747893940e-01 -1.177625795693123933e+01 -3.446884828951349289e-02 9.980443118146629100e-01 -5.214834814051312606e-02 -2.309912128984171975e+00 4.788869850885167367e-01 6.229292177724703172e-02 8.756636637077194196e-01 3.417990135107990568e+01
8.746271039454008855e-01 4.549395290306427683e-03 -4.847749244494493071e-01 -1.225157462121892138e+01 -3.388836468546770758e-02 9.980836510490380675e-01 -5.177455270871099413e-02 -2.372666371102396976e+00 4.836103919372166660e-01 6.171165665347735224e-02 8.731051854469764617e-01 3.500675301524547223e+01
8.726389233724169969e-01 4.205554516510457905e-03 -4.883478452828177163e-01 -1.273025221530462403e+01 -3.401625222942514237e-02 9.980577009183809745e-01 -5.218927363381185153e-02 -2.433170349503016361e+00 4.871798512492706568e-01 6.215415516712592681e-02 8.710870554690967049e-01 3.583942685434565334e+01
8.708697875402011679e-01 4.106484286177202250e-03 -4.914966379807072516e-01 -1.322553121434489753e+01 -3.438863493740389188e-02 9.980237064761280363e-01 -5.259375590384221533e-02 -2.486827900640037559e+00 4.903093293528102414e-01 6.270421161970643475e-02 8.692899102851839865e-01 3.670524755692577656e+01
8.703445070244827386e-01 4.168035336991861989e-03 -4.924256916194496569e-01 -1.372777888809999070e+01 -3.406447611653430629e-02 9.980784265714388592e-01 -5.175969417078060686e-02 -2.550158365135151595e+00 4.912637317048858532e-01 6.182298884248139254e-02 8.688140587650236002e-01 3.759351673490306212e+01
8.702222496260691997e-01 3.701264063179699002e-03 -4.926454425751176647e-01 -1.424122042054997905e+01 -3.278249706613697856e-02 9.981905111146684995e-01 -5.040844637146536800e-02 -2.608940502834848907e+00 4.915674396027811532e-01 6.001669948519507830e-02 8.687689294953379049e-01 3.847796287486012545e+01
8.701001944399210375e-01 2.567817618431641417e-03 -4.928681904282554704e-01 -1.475599849853792911e+01 -3.119248496805487880e-02 9.982687220305498377e-01 -4.986569514547500165e-02 -2.670157629767835328e+00 4.918868610361001870e-01 5.876193475991061538e-02 8.686739064345495587e-01 3.936394076543693643e+01
8.695322742176027075e-01 1.483867984633338664e-03 -4.938738881548137005e-01 -1.527067039998088305e+01 -3.025756024425182641e-02 9.982770592056646741e-01 -5.027318534323585442e-02 -2.735921857310226635e+00 4.929483823923203611e-01 5.865757620324257848e-02 8.680790204967344659e-01 4.026580587597352689e+01
8.682508189705447910e-01 -4.067535891081559612e-04 -4.961253319901056114e-01 -1.580636545076945154e+01 -2.849758451691675881e-02 9.983077204723942444e-01 -5.069105414387018588e-02 -2.792316194266578844e+00 4.953063765342055613e-01 5.815092294456564864e-02 8.667699050746693334e-01 4.118724816171629044e+01
8.668357871507259560e-01 -1.461171548634330065e-03 -4.985915945775189484e-01 -1.633750800871932540e+01 -2.653860825938646542e-02 9.984429405162092985e-01 -4.906523055857497234e-02 -2.859058810186038357e+00 4.978869590910703913e-01 5.576342482975176623e-02 8.654472954967689091e-01 4.208597633980350139e+01
8.649311399059173011e-01 -9.996088039473339723e-04 -5.018895486396039995e-01 -1.688125318939693642e+01 -2.529367857878750056e-02 9.986404757805473764e-01 -4.557883281522204927e-02 -2.921926440796906999e+00 5.012527872727166045e-01 5.211718477790766579e-02 8.637299619833387343e-01 4.303264437416051180e+01
8.618397427740747130e-01 -9.809565647207860346e-04 -5.071797417415474518e-01 -1.742941267751119128e+01 -2.300846915484678484e-02 9.988929701765242308e-01 -4.102980039410396990e-02 -2.983426487930335380e+00 5.066585358197496225e-01 4.703054204022685120e-02 8.608630908695030781e-01 4.393539398223236248e+01
8.579796873385859834e-01 -2.476718777792209693e-03 -5.136776389861559267e-01 -1.797431056921417891e+01 -2.045541822007266794e-02 9.990304842159665188e-01 -3.898291304169512750e-02 -3.048559019184873264e+00 5.132761789638893291e-01 4.395403842456204607e-02 8.570972008832636879e-01 4.483077349254588029e+01
8.527967580844363349e-01 -4.688000080160001359e-03 -5.222218941361796984e-01 -1.852948693730295915e+01 -1.945681530203369897e-02 9.989802749949773242e-01 -4.074116521072231045e-02 -3.109971821164556172e+00 5.218803749903759837e-01 4.490470850178943790e-02 8.518359270784213733e-01 4.574198859441380449e+01
8.469684442275875469e-01 -7.853914542798634199e-03 -5.315851436927347962e-01 -1.910163583953820421e+01 -1.829241602424560437e-02 9.988683214396575361e-01 -4.390289249568364582e-02 -3.174837103406316974e+00 5.313283789022682502e-01 4.690834111602571604e-02 8.458662818624991253e-01 4.662837142723765993e+01
8.407610335492983200e-01 -8.376658244569014714e-03 -5.413415838082106246e-01 -1.969814831239502695e+01 -1.821856542700833401e-02 9.988762976536653682e-01 -4.375186725823067974e-02 -3.233731371285365697e+00 5.410997807631486856e-01 4.664733214942232142e-02 8.396636584574249662e-01 4.753596416730309926e+01
8.351122225530869247e-01 -4.850515575543998432e-03 -5.500582172496761846e-01 -2.029564113913100698e+01 -1.976754952804783347e-02 9.990506206167854009e-01 -3.882140473989533630e-02 -3.277003043633239354e+00 5.497243166226745137e-01 4.329353255778122661e-02 8.342235021830169961e-01 4.839671020885476338e+01
8.297219008057667988e-01 -1.004842503135746105e-03 -5.581760936937473216e-01 -2.088141353034762915e+01 -2.153035526301110003e-02 9.991965646903995246e-01 -3.380338672908127229e-02 -3.344519887114226098e+00 5.577616120086091867e-01 4.006513975784700698e-02 8.290336390932142585e-01 4.927858751625080913e+01
8.259771071484877103e-01 -6.134202704237738061e-04 -5.637033227036992722e-01 -2.151271962755470923e+01 -2.315831289022803052e-02 9.991182433573433386e-01 -3.502039946970238182e-02 -3.392678867329406600e+00 5.632277654877702044e-01 4.198046605304015660e-02 8.252345913521906828e-01 5.017231160152353198e+01
8.222317763833154602e-01 -2.498379750320430144e-03 -5.691473075941305693e-01 -2.212615899698754873e+01 -2.416081730050363002e-02 9.989357287876565739e-01 -3.928949864344469939e-02 -3.444412422454381062e+00 5.686397503870218584e-01 4.605613829627192707e-02 8.212963366670554821e-01 5.104209715415624515e+01
8.192540258948234344e-01 -4.695630239640884510e-03 -5.734115326406497015e-01 -2.273528763142961751e+01 -2.644972066986512813e-02 9.985927290638151321e-01 -4.596709457725123987e-02 -3.522962543319934969e+00 5.728204416013966682e-01 5.282530213613418485e-02 8.179769162010497308e-01 5.189008067543325353e+01
8.162042804784388483e-01 -5.736897890009853493e-03 -5.777349341155066931e-01 -2.336441897805567791e+01 -2.684452120840316591e-02 9.984942166378729667e-01 -4.784005714970859802e-02 -3.575499711334206854e+00 5.771394539257620471e-01 5.455627710639857769e-02 8.148212501758361759e-01 5.276572418955454680e+01
8.130559158715083834e-01 -4.571805011885608783e-03 -5.821676474507738730e-01 -2.398791260629644384e+01 -2.598921238901675743e-02 9.986872788790586153e-01 -4.413932363593010139e-02 -3.638022447512829771e+00 5.816052300847290857e-01 5.101781679400645142e-02 8.118697833939092501e-01 5.360885145549396924e+01
8.096927764907667635e-01 -2.545619329800472789e-03 -5.868484650179914830e-01 -2.463573256343834572e+01 -2.489501054328384366e-02 9.989414260621501951e-01 -3.868159502596597854e-02 -3.696257928251138303e+00 5.863257212498785842e-01 4.592980670103252727e-02 8.087722844146915113e-01 5.449272301336554136e+01
8.066858254127470262e-01 -1.205368559243035625e-03 -5.909792885115419114e-01 -2.529396105230962988e+01 -2.472525511523840022e-02 9.990535062155136981e-01 -3.578761693165416480e-02 -3.754876291902983443e+00 5.904630777368924388e-01 4.348147685481420360e-02 8.058925000690306817e-01 5.536112731035791512e+01
8.037447751776147786e-01 -7.736640231528544957e-04 -5.949737229649734171e-01 -2.592628766145210761e+01 -2.571156151870473625e-02 9.990198039931701413e-01 -3.603258086181721637e-02 -3.808529561850042988e+00 5.944184194571092705e-01 4.425870196184274880e-02 8.029370564750287764e-01 5.619292031071424987e+01
8.000673181442621296e-01 -1.615177800590797625e-03 -5.999080519003016088e-01 -2.657712043821291203e+01 -2.603067515971776297e-02 9.989610808827522614e-01 -3.740538573905204806e-02 -3.860200308961848847e+00 5.993452226373798819e-01 4.554283816329857820e-02 7.991940695770286540e-01 5.705616120909085254e+01
7.961878964723523300e-01 -3.759040409307813722e-03 -6.050377642065939421e-01 -2.723337029263985798e+01 -2.568362414421315396e-02 9.988693865022860718e-01 -4.000375241575664792e-02 -3.924889715270181156e+00 6.045040864852958551e-01 4.739006591614802755e-02 7.951911707489486281e-01 5.791288225110878329e+01
7.920957866135602821e-01 -4.633895991323138015e-03 -6.103792138606718432e-01 -2.789714320509798284e+01 -2.526195754909838637e-02 9.988655688549572531e-01 -4.036593741843958610e-02 -3.977729036570499144e+00 6.098738427384619021e-01 4.739306263766737692e-02 7.910801480471117975e-01 5.874990420317230644e+01
7.874035440501837568e-01 -4.922808925501504299e-03 -6.164182164042995016e-01 -2.857585781378034895e+01 -2.467418284529593678e-02 9.989150398147855769e-01 -3.949592356979726715e-02 -4.035198629830508033e+00 6.159438686860164713e-01 4.630884585665542147e-02 7.864277771239229775e-01 5.961696675857179173e+01
7.826807896804492959e-01 -4.824093939917522937e-03 -6.224046129306399777e-01 -2.925629183844158732e+01 -2.478874029819562452e-02 9.989350190285128939e-01 -3.891460085063392499e-02 -4.095711089291151019e+00 6.219295022743625001e-01 4.588633670674724385e-02 7.817276671856226988e-01 6.043666971562009849e+01
7.772187322703699719e-01 -5.649947958046707720e-03 -6.292051436229119110e-01 -2.996018858486261394e+01 -2.468569241380867696e-02 9.989160765259452734e-01 -3.946249731066835825e-02 -4.155057838019813765e+00 6.287461052944908202e-01 4.620335664298130113e-02 7.762368146387932377e-01 6.128592116760933095e+01
7.717454136213129923e-01 -7.151950469662545634e-03 -6.358913889000363806e-01 -3.065999531173271819e+01 -2.409204848761499138e-02 9.988901064802505614e-01 -4.047379917443853087e-02 -4.212959738508011753e+00 6.354750947321095023e-01 4.655539492788104278e-02 7.707165541338708570e-01 6.212373326400091855e+01
7.665184487587967110e-01 -8.494438026031697619e-03 -6.421661034450741878e-01 -3.135225693637465483e+01 -2.338691143649733462e-02 9.988801162579132864e-01 -4.112864889781427807e-02 -4.276848705344837853e+00 6.417963278916437586e-01 4.654414980597234436e-02 7.654613794325095810e-01 6.292323141469417180e+01
7.607444614365784785e-01 -9.502585133934201428e-03 -6.489819391128873738e-01 -3.206568441556227356e+01 -2.339246234716329045e-02 9.988417815338150874e-01 -4.204626272742818804e-02 -4.333416479396269949e+00 6.486298356220088213e-01 4.716774693389439582e-02 7.596410651900754596e-01 6.377268353885892083e+01
7.545908375766822163e-01 -1.153670373428152679e-02 -6.560941732534234516e-01 -3.278317073479016841e+01 -2.215553311713966064e-02 9.988274450491203549e-01 -4.304494636118208484e-02 -4.397563239442876970e+00 6.558214748846161735e-01 4.701743817085791283e-02 7.534504374442266839e-01 6.458205894248794721e+01
7.484290516030059903e-01 -1.198628285459936958e-02 -6.631065340073470926e-01 -3.352938026542589967e+01 -2.213355650967576554e-02 9.988283059377502937e-01 -4.303627507123816698e-02 -4.461257563128301129e+00 6.628454324154221533e-01 4.688650433099333936e-02 7.472868235798754144e-01 6.541808502560125760e+01
7.422203607480922782e-01 -1.264820603385322095e-02 -6.700365292411295526e-01 -3.429433657275602343e+01 -2.076187289268810118e-02 9.989079618277735273e-01 -4.185484998023353970e-02 -4.519362224112222215e+00 6.698342240940466930e-01 4.497673493456270932e-02 7.411472282676058176e-01 6.623443269873500583e+01
7.361168570562195423e-01 -1.340620248841509383e-02 -6.767216842088475959e-01 -3.502582817413941996e+01 -1.945514110364967783e-02 9.989716525393066426e-01 -4.095283800759890597e-02 -4.582713395282708824e+00 6.765748128940984873e-01 4.331179006511964164e-02 7.350990545357624084e-01 6.702823868584924583e+01
7.292502783287899693e-01 -1.451750623051368226e-02 -6.840930234861065662e-01 -3.580779540772677905e+01 -1.899534348861510805e-02 9.989600502614442989e-01 -4.144870250654717619e-02 -4.642710110071907259e+00 6.839833447224669127e-01 4.322105960161614496e-02 7.282161306267347367e-01 6.785663076099382351e+01
7.229222448275737234e-01 -1.646380168544949590e-02 -6.907332062544596640e-01 -3.659132495616953662e+01 -1.829283873460181217e-02 9.989095439044300972e-01 -4.295457108830095377e-02 -4.713636460689514251e+00 6.906871994752445953e-01 4.368828591059735478e-02 7.218327611507313613e-01 6.864594146743418435e+01
7.170858606537655611e-01 -1.524067578927049138e-02 -6.968181837172374715e-01 -3.737673740632265407e+01 -2.049829659775977489e-02 9.988672801683884384e-01 -4.294154724987521432e-02 -4.774375851902455281e+00 6.966833541593965284e-01 4.507636198218331613e-02 7.159611963549373792e-01 6.943753752035190985e+01
7.115803270819074378e-01 -1.569249099276237916e-02 -7.024294801669235255e-01 -3.818888472987335803e+01 -1.961688060769409964e-02 9.989170656406943793e-01 -4.218855295062289013e-02 -4.833825418293179688e+00 7.023308507524872457e-01 4.380001934957086090e-02 7.105018955513623391e-01 7.024912259953769933e+01
7.069894677406307615e-01 -1.546319508976080719e-02 -7.070549998120767565e-01 -3.899428150466139442e+01 -2.026769033766838077e-02 9.989073125341133563e-01 -4.211177660469991174e-02 -4.889224551972182198e+00 7.069336044900971228e-01 4.410295410820291168e-02 7.059035469447623168e-01 7.104346179018106966e+01
7.020996993675375775e-01 -1.583030394297944149e-02 -7.119026648103320420e-01 -3.982708013521799728e+01 -2.078068160203855319e-02 9.988715416181264128e-01 -4.270604937197915868e-02 -4.963632749208884754e+00 7.117753743028353286e-01 4.477772682974454077e-02 7.009784455613984333e-01 7.184262242950019584e+01
6.966041798565332233e-01 -1.807803469646669658e-02 -7.172278519948579456e-01 -4.065134384668953516e+01 -2.053445836178229358e-02 9.987705756736241502e-01 -4.511843549833240846e-02 -5.032955156567346933e+00 7.171617396403134892e-01 4.615757602471633886e-02 6.953765360787729222e-01 7.264232912771893780e+01
6.916263505017236080e-01 -2.001854240823672942e-02 -7.219780048894738345e-01 -4.148833514444442017e+01 -2.065698698901276276e-02 9.986586294083622528e-01 -4.747874081127537171e-02 -5.095357142332660239e+00 7.219600324657040602e-01 4.775143830446215015e-02 6.902851014885292846e-01 7.342173339545450972e+01
6.864993599970010685e-01 -2.051410185553357787e-02 -7.268409664569924766e-01 -4.233979721893908987e+01 -2.156321097056165814e-02 9.985879566773548932e-01 -4.855018790093398873e-02 -5.158231948230019626e+00 7.268106115594497041e-01 4.900269784877105128e-02 6.850876442639469710e-01 7.420708680518144718e+01
6.817839126364467761e-01 -2.016957450049203932e-02 -7.312755122346943359e-01 -4.321267184740180767e+01 -2.111599207516795529e-02 9.986607619770125899e-01 -4.723131799602931641e-02 -5.235689719549399435e+00 7.312488084647731368e-01 4.764316051236065080e-02 6.804449421387949171e-01 7.499186608009303256e+01
6.769790314619777982e-01 -2.054422479561981985e-02 -7.357155127737076139e-01 -4.406581795702313542e+01 -2.025341869479319740e-02 9.987117987344996672e-01 -4.652464004850843937e-02 -5.303354192970833658e+00 7.357235884758218658e-01 4.639695987373104041e-02 6.756908564537745798e-01 7.576019657113320704e+01
6.717306878952383764e-01 -2.113320109337885055e-02 -7.404939301424855458e-01 -4.492654697285194487e+01 -1.974216852720794488e-02 9.987272816057597424e-01 -4.641189275507036360e-02 -5.378596490571405653e+00 7.405323345363975518e-01 4.579524839423149141e-02 6.704585497054691423e-01 7.652975291950316716e+01
6.668735687848210691e-01 -2.191390092573558199e-02 -7.448485845581485076e-01 -4.580371841646270070e+01 -1.913257104401528547e-02 9.987344400209288153e-01 -4.651304194311214196e-02 -5.441960712420467416e+00 7.449252290454898562e-01 4.526918651399446797e-02 6.656103320551358671e-01 7.731267050558878395e+01
6.623382966647868297e-01 -2.264436496737793486e-02 -7.488626063035751512e-01 -4.670868145891429180e+01 -1.834637983145634074e-02 9.987531825150819387e-01 -4.642726344358475560e-02 -5.514712328492053395e+00 7.489802401346495886e-01 4.448947217218291589e-02 6.610970406169797142e-01 7.810307017799586049e+01
6.584172965159421631e-01 -2.343984428506861589e-02 -7.522879946364875448e-01 -4.759005486202093493e+01 -1.704593412226025617e-02 9.987941760661525059e-01 -4.603943973809836859e-02 -5.581039273740117324e+00 7.524600380520776177e-01 4.313661479565712026e-02 6.572238081869953286e-01 7.886089625381274004e+01
6.544874155439516228e-01 -2.617772618077605570e-02 -7.556195729253943894e-01 -4.850474927157404181e+01 -1.435662717216501690e-02 9.987899591541423705e-01 -4.703726998683646632e-02 -5.652853765118064366e+00 7.559365842003561431e-01 4.163344949835794118e-02 6.533196362350555120e-01 7.963400559621503305e+01
6.503642783412252326e-01 -3.039251693596446702e-02 -7.590142223488556272e-01 -4.940631028006967540e+01 -1.158067348854123664e-02 9.986864555052250569e-01 -4.991243935991726555e-02 -5.735125020619426195e+00 7.595342011652302938e-01 4.125116322123793117e-02 6.491580311653328828e-01 8.041369149351386625e+01
6.456031000545399134e-01 -3.473237856565612042e-02 -7.628828798292075497e-01 -5.032509722832440247e+01 -7.478824297675506008e-03 9.986297595858105725e-01 -5.179450219625347102e-02 -5.801441755283538448e+00 7.636365063183633284e-01 3.914415791649945853e-02 6.444587123008580498e-01 8.118697322528242921e+01
6.388475819656012078e-01 -3.857352902295881764e-02 -7.683656935280837041e-01 -5.124558929177580069e+01 -1.972678989967091654e-03 9.986568386356633464e-01 -5.177477352812621947e-02 -5.884747728224329677e+00 7.693308034322252631e-01 3.459192740664526755e-02 6.379134144561336983e-01 8.195014499425326449e+01
6.306866954009886506e-01 -4.189561037967898249e-02 -7.749058259036042395e-01 -5.217370229931592718e+01 2.315297231043364143e-03 9.986388008649672576e-01 -5.210743504820541244e-02 -5.967561912642863398e+00 7.760341109682413752e-01 3.106932833908494090e-02 6.299252070876724119e-01 8.272015699412202139e+01
6.217615019053306380e-01 -4.313948319039975776e-02 -7.820176522906242544e-01 -5.310772064151461791e+01 5.122793044815925761e-03 9.986845557476348167e-01 -5.101877183691404249e-02 -6.048205759838256590e+00 7.831898886500642254e-01 2.771539321270599654e-02 6.211646050464728619e-01 8.344804363498266753e+01
6.128923828946373220e-01 -4.223397085122750083e-02 -7.890368858698901811e-01 -5.406796343369202162e+01 6.680879437897806368e-03 9.988118386927354875e-01 -4.827293976405299530e-02 -6.114178261900526934e+00 7.901381543620585868e-01 2.431465633747812230e-02 6.124463290483801448e-01 8.419977804967984980e+01
6.040671525441214662e-01 -4.199569777458074527e-02 -7.958261273481435083e-01 -5.506318018645486490e+01 6.237846560921161097e-03 9.988291378196474390e-01 -4.797335395862844382e-02 -6.197645660856977656e+00 7.969090128841083143e-01 2.401488560666277874e-02 6.036218369905097525e-01 8.493201209302799271e+01
5.945744629871408948e-01 -4.276159561992732422e-02 -8.029026355020056904e-01 -5.604683240897420404e+01 4.279929108747439030e-03 9.987389370849437675e-01 -5.002217245096873127e-02 -6.264715367812462965e+00 8.040291665717596015e-01 2.630553953176722679e-02 5.940076848997288828e-01 8.564516432497602239e+01
5.845332141038134255e-01 -4.491405852846254432e-02 -8.101256920698588493e-01 -5.704781842125628089e+01 5.155267346337411710e-03 9.986521266492185411e-01 -5.164642421537396499e-02 -6.357518305566756567e+00 8.113534097833264846e-01 2.601263538037115394e-02 5.839768824715442230e-01 8.636142346503277167e+01
5.745954206157449784e-01 -4.629315221820582554e-02 -8.171273061576839192e-01 -5.803637625360508423e+01 5.105438487577763224e-03 9.985823562672785370e-01 -5.298313151626881518e-02 -6.419892419676958895e+00 8.184216810722765301e-01 2.627207110242141264e-02 5.740171969999607882e-01 8.705486325412519477e+01
5.645469458108297589e-01 -4.749475725837581236e-02 -8.240333619587502101e-01 -5.906571693832383829e+01 8.234281329486545231e-03 9.986175107799075690e-01 -5.191592959391336942e-02 -6.501522463127978213e+00 8.253598934635387740e-01 2.252365648633727208e-02 5.641575520872343930e-01 8.773729503710562483e+01
5.542515361764095427e-01 -4.734768749639006735e-02 -8.310014552051422365e-01 -6.011476602172521666e+01 9.485777664705914367e-03 9.986752440907281647e-01 -5.057446818373844549e-02 -6.589022354761213229e+00 8.322951796248790890e-01 2.014828113416014879e-02 5.539664189756019486e-01 8.844865783916388580e+01
5.439734013325571160e-01 -4.796537459273137599e-02 -8.377304152963483963e-01 -6.115855528796890894e+01 1.016334188781499621e-02 9.986682677404929986e-01 -5.058060357810684887e-02 -6.671707357145345796e+00 8.390409147865208750e-01 1.900036182921736178e-02 5.437364640764695833e-01 8.911779835752341228e+01
5.333603809024995979e-01 -4.863269457396143108e-02 -8.444889295552144848e-01 -6.220879734814820239e+01 8.731954835330920858e-03 9.986092568934641367e-01 -5.199331669900801589e-02 -6.747876454658632284e+00 8.458430521163584626e-01 2.035713549477656537e-02 5.330432733012484547e-01 8.977728179676252296e+01
5.232654465673356459e-01 -4.951430308010528608e-02 -8.507300353706146456e-01 -6.328848872955595795e+01 8.241612401686759098e-03 9.985579017392376411e-01 -5.304896482630699905e-02 -6.824600668386239022e+00 8.521298963247055935e-01 2.074730254684490141e-02 5.229189252591419645e-01 9.041592873430987254e+01
5.137680990375719237e-01 -4.964717575097298691e-02 -8.564913806044562872e-01 -6.435361010653586789e+01 5.867126232207146158e-03 9.985041839673416408e-01 -5.435964866279761193e-02 -6.915503215616990218e+00 8.579090449301486343e-01 2.290310981366945609e-02 5.132908839207971363e-01 9.104900255032224266e+01
