1.0 0.0 0.0 0.0 0.0 1.0 0.0 0.0 0.0 0.0 1.0 0.0
0.99993825 0.010994916 0.0015987904 0.30163574 -0.0109910825 0.99993676 -0.00238819 -0.013305664 -0.0016249391 0.0023704711 0.9999959 -0.0053710938
0.99982905 0.018418977 0.0016109594 0.5855713 -0.018411098 0.99981904 -0.0047754706 -0.02709961 -0.0016986397 0.004744997 0.9999873 0.0107421875
0.9997963 0.02017541 0.000702268 0.88500977 -0.020169998 0.999772 -0.007010431 -0.036376953 -0.00084354915 0.006994839 0.9999752 0.018432617
0.99983174 0.018325621 -0.0009406721 1.1948242 -0.018333172 0.9997935 -0.008769301 -0.03857422 0.0007798152 0.008785064 0.9999611 0.012207031
0.99992937 0.011603068 -0.0025678575 1.5135498 -0.011631683 0.999867 -0.011431734 -0.044799805 0.0024348819 0.0114607895 0.9999314 0.016479492
0.9999915 -0.00010651038 -0.004132557 1.841919 5.5448872e-05 0.9999236 -0.012361134 -0.037109375 0.0041335584 0.012360799 0.99991506 0.028442383
0.999871 -0.015503171 -0.0041885227 2.1689453 0.01545518 0.9998172 -0.01125289 -0.02331543 0.0043622525 0.011186694 0.9999279 0.033081055
0.9993737 -0.035112564 -0.0044365753 2.513916 0.03507631 0.9993528 -0.007995194 0.004760742 0.0047145053 0.007834541 0.99995816 0.036132812
0.9984756 -0.054902405 -0.005634403 2.8675537 0.054879785 0.9984844 -0.0040942654 0.040771484 0.005850596 0.0037787743 0.99997574 0.036865234
0.99717736 -0.07482068 -0.0063151233 3.230713 0.074802 0.9971938 -0.0031439012 0.08337402 0.0065326537 0.0026625786 0.9999751 0.045043945
0.995361 -0.09603369 -0.0058725867 3.6124268 0.096007854 0.99537045 -0.0045354916 0.12487793 0.0062809163 0.003950775 0.99997246 0.04248047
0.99314135 -0.11681542 -0.0048639025 3.9996338 0.116784774 0.9931377 -0.0061698454 0.17224121 0.00555126 0.0055594807 0.9999691 0.049072266
0.99117756 -0.13247588 -0.0043394426 4.397461 0.13245204 0.9911756 -0.0053867493 0.23303223 0.0050144824 0.0047643757 0.9999761 0.05480957
0.9886556 -0.15014133 -0.0037227008 4.81604 0.15012443 0.9886551 -0.004468333 0.30419922 0.0043516606 0.0038589025 0.9999831 0.05847168
0.9868215 -0.16177644 -0.003964716 5.2348633 0.16176133 0.98682433 -0.0038756083 0.39318848 0.004539392 0.0031831497 0.9999846 0.06323242
0.9845814 -0.1748463 -0.004496764 5.675415 0.17482485 0.9845838 -0.0047937185 0.47509766 0.005265822 0.003933592 0.9999784 0.0715332
0.9831003 -0.18294331 -0.006275112 6.119385 0.18289691 0.9831018 -0.007310449 0.56103516 0.007506801 0.0060388134 0.99995357 0.07946777
0.9812064 -0.19283451 -0.00843249 6.5823975 0.19278377 0.9812312 -0.006474091 0.6522217 0.009522175 0.0047276397 0.9999435 0.08679199
0.9798166 -0.19962208 -0.010251926 7.05896 0.19956467 0.9798613 -0.00635919 0.7640381 0.011314945 0.004184938 0.9999272 0.08068848
0.97827405 -0.2068875 -0.012820651 7.548584 0.20679592 0.9783437 -0.008114916 0.87109375 0.014221944 0.0052869376 0.9998849 0.09094238
0.97637105 -0.21561728 -0.013980572 8.055542 0.21546042 0.9764331 -0.01191024 0.9836426 0.016219921 0.008616155 0.99983126 0.09887695
0.97485185 -0.22248207 -0.013355778 8.574951 0.22224906 0.97484905 -0.016956577 1.0922852 0.016792184 0.013561998 0.999767 0.11328125
0.97289324 -0.23073553 -0.015603385 9.10144 0.23046325 0.9729262 -0.01746381 1.217041 0.019210774 0.013394979 0.99972576 0.13366699
0.9706764 -0.23941408 -0.021323094 9.632568 0.2391502 0.9708718 -0.014205514 1.3651123 0.024103273 0.008689299 0.99967176 0.13305664
0.96863234 -0.24723563 -0.025049614 10.182129 0.24701276 0.9689429 -0.011676914 1.5219727 0.027159002 0.005122606 0.9996179 0.14709473
0.96624446 -0.25622076 -0.026483718 10.744751 0.25591132 0.9665802 -0.014534553 1.6745605 0.02932344 0.0072647803 0.9995435 0.16320801
0.9638084 -0.26522768 -0.027288962 11.319458 0.26487365 0.9641604 -0.015925154 1.8255615 0.030534394 0.008122255 0.99950075 0.18859863
0.9621363 -0.2709702 -0.030093312 11.902588 0.27058572 0.9625778 -0.016260501 2.001709 0.033372305 0.0075026094 0.9994146 0.20751953
0.95930594 -0.28018606 -0.034517206 12.49585 0.27980125 0.9599117 -0.015614294 2.1835938 0.037510358 0.0053212284 0.9992824 0.2244873
0.9572642 -0.2865196 -0.03916045 13.091187 0.28604263 0.9580494 -0.017403536 2.3706055 0.04250466 0.0054575093 0.99908143 0.25305176
0.95506966 -0.2926108 -0.04659344 13.708496 0.29207554 0.9561986 -0.018061757 2.567505 0.049839497 0.003637807 0.9987507 0.2874756
0.9532762 -0.2971765 -0.05432275 14.337402 0.29658395 0.9548212 -0.018851612 2.7681885 0.057469603 0.001859088 0.9983453 0.31433105
0.9517599 -0.30004978 -0.0641593 14.973389 0.29948995 0.953919 -0.018399067 2.980835 0.06672341 -0.0017063827 0.9977696 0.35559082
0.9497331 -0.30436972 -0.073439844 15.621704 0.3038829 0.9525531 -0.017980048 3.1968994 0.07542884 -0.005234842 0.9971382 0.3951416
0.9480095 -0.3076929 -0.08097691 16.284912 0.30728546 0.95142746 -0.017763123 3.4171143 0.08250989 -0.008048334 0.996558 0.44641113
0.94560474 -0.31317818 -0.08820481 16.947144 0.31297907 0.94963276 -0.01643594 3.6507568 0.08890852 -0.012058919 0.99596715 0.50439453
0.94397205 -0.3161236 -0.094747216 17.62024 0.31615335 0.94858384 -0.0150897 3.890503 0.09464772 -0.015707174 0.9953883 0.56762695
0.9415135 -0.32129112 -0.101593345 18.308716 0.32166094 0.9467609 -0.013171788 4.1413574 0.1004162 -0.020275299 0.9947396 0.63464355
0.93881434 -0.32761627 -0.1060165 19.020386 0.3284358 0.94444346 -0.010142306 4.399292 0.10344927 -0.025309516 0.9943117 0.70703125
0.9375257 -0.33087775 -0.10752848 19.726074 0.33183768 0.94328845 -0.009362258 4.659912 0.10452846 -0.026905254 0.9941579 0.78063965
0.93546635 -0.33681932 -0.107037894 20.451782 0.33782008 0.94116944 -0.009198661 4.9310303 0.10383722 -0.0275615 0.9942098 0.864624
0.93345225 -0.34274775 -0.10568605 21.179077 0.3436974 0.93901896 -0.009672942 5.196045 0.10255511 -0.027296385 0.99435294 0.94836426
0.93100625 -0.35002646 -0.103271045 21.921509 0.35102758 0.9362981 -0.0089153405 5.4804688 0.0998139 -0.027953627 0.99461436 1.0313721
0.92907894 -0.3557044 -0.10113295 22.65918 0.3566989 0.9341447 -0.008686174 5.7749023 0.09756527 -0.02800364 0.9948376 1.1135254
0.924663 -0.36837378 -0.09645812 23.421997 0.369512 0.92920756 -0.0064438544 6.090576 0.092002116 -0.029686272 0.9953153 1.1922607
0.92272174 -0.37432718 -0.091997415 24.173828 0.375608 0.9267719 -0.0036258318 6.402466 0.08662006 -0.031211615 0.9957523 1.2744141
0.91904026 -0.3839178 -0.08887634 24.938477 0.38541734 0.9227013 -0.00031666365 6.729004 0.082127415 -0.03396733 0.9960438 1.3443604
0.9159179 -0.39163196 -0.088058375 25.700317 0.39313588 0.919501 -0.0002855854 7.0700684 0.081082396 -0.034358896 0.99611413 1.420044
0.9124929 -0.39958686 -0.08764831 26.471191 0.40130204 0.91593915 0.0021468163 7.415283 0.079424836 -0.03712774 0.99615055 1.494873
0.9089942 -0.40765193 -0.086685315 27.250732 0.4093636 0.91234833 0.0021719297 7.770874 0.07820171 -0.03745917 0.9962344 1.5614014
0.90548974 -0.41574946 -0.08549723 28.039917 0.41744083 0.9087378 0.0021183765 8.143311 0.076814264 -0.03759241 0.99633807 1.6243896
0.9014901 -0.424706 -0.082868926 28.84082 0.42632005 0.90452933 0.0019821383 8.526245 0.074117206 -0.037122156 0.9965587 1.6975098
0.8983279 -0.43230477 -0.07829897 29.631714 0.43368074 0.901073 0.00063037034 8.911133 0.070279986 -0.03452384 0.99692947 1.7755127
0.8950304 -0.44002956 -0.073199816 30.449707 0.44146377 0.8973058 0.003854459 9.31665 0.06398453 -0.03575557 0.9973105 1.829834
0.89171517 -0.4471514 -0.06953434 31.26648 0.44847748 0.89374906 0.003918604 9.730713 0.060392007 -0.0346834 0.99757195 1.8919678
0.88797855 -0.45500213 -0.0668661 32.08484 0.45626542 0.8898376 0.0041233446 10.158569 0.057620995 -0.034177046 0.9977523 1.958252
0.88554287 -0.46003363 -0.06528799 32.916016 0.46123675 0.8873146 0.0038320988 10.60083 0.05616508 -0.03350605 0.99785835 2.0145264
0.88242286 -0.46613923 -0.063699335 33.756714 0.46724865 0.8841282 0.0028917445 11.047852 0.054972142 -0.032310303 0.9979656 2.0656738
0.87947863 -0.4719297 -0.06143733 34.604492 0.47295353 0.8810696 0.0024336101 11.512939 0.052981768 -0.031198971 0.99810797 2.121582
0.87686443 -0.47686407 -0.060847074 35.464478 0.47780764 0.8784599 0.0010991443 11.976074 0.05292993 -0.03003841 0.99814653 2.1716309
0.8749796 -0.4801862 -0.06090946 36.326904 0.48109546 0.8765986 0.00029617734 12.463623 0.053251658 -0.02957119 0.99814314 2.2303467
0.87348264 -0.48292366 -0.06154235 37.203857 0.483843 0.8751395 4.6077184e-05 12.953369 0.053837474 -0.02981395 0.9981051 2.2856445
0.8735501 -0.48286948 -0.060660414 38.09192 0.48382595 0.8751246 0.0012383242 13.453735 0.052486837 -0.030434629 0.99815774 2.3409424
0.87362945 -0.48303396 -0.05957797 38.984863 0.4840242 0.87510794 0.0025343155 13.9609375 0.0509128 -0.031044647 0.9982205 2.3935547
0.8728522 -0.48450786 -0.057639994 39.89966 0.48533425 0.87429464 0.00038828098 14.473877 0.05020702 -0.028315423 0.9983375 2.451538
0.8736932 -0.48318803 -0.057186097 40.81665 0.48386836 0.8751845 -0.0022030293 14.989014 0.0511121 -0.025743442 0.99836075 2.5061035
0.8715548 -0.48704892 -0.05708964 41.749146 0.48772088 0.8730435 -0.0024388751 15.521484 0.05103099 -0.025708064 0.99836665 2.5615234
0.87097967 -0.48822317 -0.054932877 42.68286 0.48879313 0.87238336 -0.0034398877 16.048096 0.049603693 -0.02384947 0.9984848 2.6171875
0.86820924 -0.49352196 -0.05095226 43.622192 0.49402687 0.8694114 -0.0030438532 16.58545 0.045799065 -0.022535041 0.998696 2.6762695
0.86655897 -0.49693915 -0.046269357 44.554077 0.49737972 0.86753833 -0.0022666652 17.12561 0.041265734 -0.02105344 0.998926 2.7330322
0.86298805 -0.50344217 -0.043488473 45.477417 0.5037513 0.8638926 -0.0043352237 17.665527 0.039749328 -0.018167295 0.99904406 2.7838135
0.8570135 -0.5132551 -0.044165123 46.398804 0.5134852 0.8579857 -0.0068371976 18.219482 0.0414036 -0.0168242 0.9990009 2.8424072
0.85176724 -0.52174383 -0.04642447 47.307373 0.5219196 0.8528739 -0.009213942 18.777588 0.04440299 -0.016384585 0.9988795 2.8983154
0.8452443 -0.5324108 -0.045691665 48.206543 0.5325857 0.8463178 -0.009269939 19.359497 0.04360555 -0.016503349 0.9989122 2.9520264
0.8401208 -0.54080063 -0.041946787 49.120117 0.54105 0.84098476 -0.0061401343 19.950073 0.038596693 -0.01753745 0.9991008 2.9991455
0.8359788 -0.547375 -0.03892403 50.020508 0.5476886 0.8366736 -0.0030400394 20.55249 0.034228742 -0.018775232 0.9992376 3.0499268
0.8307129 -0.555193 -0.04066953 50.91455 0.55554664 0.8314664 -0.0030676555 21.15149 0.035514817 -0.02004884 0.9991677 3.1026611
0.82725936 -0.55998987 -0.044706445 51.79419 0.56037194 0.82819456 -0.004650656 21.763184 0.039629333 -0.021202058 0.9989896 3.1506348
0.82448417 -0.5634952 -0.05145786 52.67627 0.56394494 0.82575405 -0.006705869 22.368774 0.046268307 -0.023490278 0.9986527 3.2094727
0.8209317 -0.56842744 -0.053089365 53.55298 0.5689209 0.8222771 -0.0067757284 22.987549 0.047509596 -0.024647448 0.9985668 3.2601318
0.81937367 -0.57107127 -0.049527 54.433105 0.5715417 0.82052374 -0.005478623 23.60852 0.043764472 -0.023823109 0.9987574 3.319458
0.81523216 -0.57746243 -0.043861236 55.32422 0.57786596 0.81611586 -0.004127681 24.244995 0.03817865 -0.02198859 0.99902844 3.3703613
0.8120676 -0.5820229 -0.041739255 56.197754 0.5824448 0.8128337 -0.002472096 24.883667 0.0353647 -0.022307454 0.99912524 3.4224854
0.8097953 -0.5851997 -0.043031145 57.07495 0.5857161 0.81056464 -0.0007441547 25.51831 0.03531343 -0.024596512 0.9990735 3.4733887
0.8057944 -0.59044635 -0.044387367 57.943115 0.59092736 0.8066588 -0.0027709857 26.16626 0.03744151 -0.023997346 0.9990107 3.5169678
0.8024883 -0.594915 -0.04688947 58.8125 0.5954546 0.80345213 -0.0029913257 26.814575 0.03945126 -0.025518185 0.99889535 3.5698242
0.7987941 -0.5998322 -0.046561874 59.68506 0.60030097 0.79978454 -0.0047085844 27.471558 0.040067844 -0.024192426 0.9989041 3.61438
0.79374796 -0.60665435 -0.044096638 60.552002 0.607006 0.794677 -0.0064529506 28.138916 0.038957007 -0.021642467 0.9990065 3.6661377
0.79003805 -0.61154354 -0.04301882 61.414795 0.6119089 0.7909058 -0.0056168833 28.812866 0.037462372 -0.021886794 0.9990585 3.7155762
0.7845906 -0.6184788 -0.044040345 62.273438 0.6188463 0.7855105 -0.0063606766 29.501831 0.038532574 -0.0222648 0.9990094 3.7700195
0.7787388 -0.62579274 -0.044807296 63.13086 0.6261011 0.77973294 -0.008524313 30.198486 0.040272452 -0.021416076 0.99895906 3.8199463
0.77388114 -0.631782 -0.044079732 63.98242 0.6320622 0.77485424 -0.009023132 30.893433 0.039860897 -0.020878632 0.9989873 3.8701172
0.7674048 -0.6396069 -0.044585556 64.836914 0.6398447 0.7684281 -0.010591123 31.605713 0.041031048 -0.02039869 0.9989495 3.9193115
0.76370627 -0.6440902 -0.04459466 65.68262 0.6442404 0.7647729 -0.012833541 32.319336 0.04236919 -0.018923428 0.9989229 3.9744873
0.75579965 -0.6535039 -0.044023145 66.52173 0.65364385 0.75684637 -0.013128364 33.05237 0.04189415 -0.018850416 0.99894387 4.0272217
0.75058264 -0.65944934 -0.041776795 67.36133 0.65953577 0.75154513 -0.013644654 33.795532 0.04038925 -0.017314918 0.9990336 4.0787354
0.74420863 -0.6666774 -0.040457916 68.20044 0.6666733 0.7451485 -0.015570445 34.542603 0.040526498 -0.015381831 0.9990602 4.130371
0.73739815 -0.67418927 -0.039622217 69.028076 0.6741536 0.73831534 -0.01626973 35.309814 0.040225744 -0.014719312 0.9990822 4.185913
0.7311073 -0.68097025 -0.0408246 69.86084 0.68087375 0.7321059 -0.018380404 36.08728 0.04240457 -0.014369241 0.9989968 4.2453613
0.7260833 -0.6863428 -0.041164227 70.67822 0.6862829 0.72708744 -0.017803423 36.87378 0.042151745 -0.01531876 0.9989941 4.295166
0.7199477 -0.69280964 -0.04037864 71.49463 0.6927276 0.7209266 -0.018261429 37.674683 0.04176471 -0.014821966 0.9990178 4.350708
0.7155709 -0.6972953 -0.04079635 72.31763 0.6972952 0.7165414 -0.016590657 38.47632 0.040801443 -0.01657908 0.99902964 4.40625
0.7107275 -0.70234925 -0.041382648 73.139404 0.7022978 0.711749 -0.01822077 39.300293 0.042246588 -0.016107777 0.99897736 4.460327
0.70504063 -0.7078435 -0.04337815 73.941895 0.7077816 0.7061685 -0.019416489 40.1239 0.04437464 -0.01700811 0.99887025 4.522583
0.70155716 -0.7112756 -0.045037236 74.75952 0.71115303 0.7027965 -0.021481708 40.943115 0.0469306 -0.016950155 0.99875456 4.5811768
0.6960259 -0.7165485 -0.04607566 75.5686 0.7164252 0.6973263 -0.02207316 41.792236 0.0479515 -0.017648054 0.9986938 4.64209
0.6911449 -0.72124714 -0.044456087 76.36621 0.72109216 0.69237393 -0.022348318 42.657593 0.04690052 -0.016618839 0.998761 4.6986084
0.68700707 -0.7253839 -0.042351615 77.17969 0.72516936 0.6881505 -0.023061883 43.505005 0.0458765 -0.0148702655 0.99883646 4.764038
0.6814238 -0.73066276 -0.042145275 77.98779 0.7304795 0.68255085 -0.022504728 44.374146 0.045210198 -0.015449717 0.9988581 4.828003
0.6777189 -0.73402697 -0.041482452 78.78296 0.7337661 0.6788406 -0.024117418 45.249023 0.0458647 -0.014094088 0.9988483 4.8848877
0.6721081 -0.739436 -0.039410826 79.592285 0.73912257 0.673148 -0.02485683 46.135254 0.044907525 -0.012420535 0.99891406 4.9501953
0.66837996 -0.74273497 -0.038076133 80.38843 0.7423482 0.669378 -0.02626292 47.02368 0.044993367 -0.010719532 0.9989296 5.01001
0.66540694 -0.74560875 -0.036386866 81.18555 0.7450561 0.6663599 -0.02964039 47.92383 0.046349827 -0.0073836744 0.99889827 5.072754
0.65936047 -0.75106233 -0.03575507 81.981445 0.7503049 0.6603147 -0.033996094 48.827637 0.04914692 -0.004414021 0.9987818 5.136963
0.6545199 -0.7552057 -0.033714693 82.77515 0.7542183 0.65538764 -0.038614858 49.735596 0.0512581 -0.00015530922 0.9986855 5.1983643
0.650803 -0.7587066 -0.028472882 83.57031 0.7575398 0.65139735 -0.042503342 50.65796 0.05079181 0.006087941 0.9986905 5.268921
0.64168894 -0.76658714 -0.024095453 84.35303 0.76525104 0.64203775 -0.046679266 51.58081 0.05125852 0.011514769 0.9986192 5.3380127
0.63453305 -0.7726203 -0.020992609 85.13623 0.7712724 0.6347233 -0.04775319 52.514893 0.050219614 0.014110801 0.9986385 5.4139404
0.6237617 -0.78148115 -0.017742313 85.90698 0.7802237 0.6238234 -0.046930805 53.483887 0.047731824 0.015434608 0.998741 5.477051
0.6146657 -0.7885984 -0.016782463 86.66333 0.78736323 0.6146979 -0.046793215 54.45996 0.047213428 0.015559637 0.99876416 5.548218
0.60706985 -0.79440796 -0.018950982 87.41553 0.7931296 0.60721564 -0.04704074 55.435547 0.04886632 0.013519109 0.9987132 5.6115723
0.5966428 -0.80234015 -0.018084567 88.14331 0.8009561 0.5967279 -0.04943693 56.428955 0.050459668 0.015009586 0.9986132 5.680176
0.5864645 -0.80982894 -0.019175977 88.878174 0.8083355 0.58659667 -0.051274303 57.436768 0.052770495 0.014576409 0.99850047 5.7470703
0.5785943 -0.81557477 -0.0147157125 89.60669 0.8140938 0.5784904 -0.05244067 58.451416 0.0512766 0.018355278 0.9985153 5.819702
0.56585526 -0.82439464 -0.011762806 90.313965 0.8229294 0.5656086 -0.053215146 59.48755 0.050521106 0.020433662 0.99851394 5.8948975
0.5556345 -0.83132154 -0.010503661 91.01318 0.82988614 0.555346 -0.053067166 60.52881 0.04994547 0.020763528 0.99853575 5.965454
0.5452154 -0.8382045 -0.01162694 91.69751 0.83667344 0.5449743 -0.05442892 61.5813 0.05196037 0.01995071 0.99845004 6.0360107
0.53397477 -0.8455234 -0.012724715 92.36548 0.84394735 0.533805 -0.054833286 62.652832 0.053138144 0.018537682 0.99841475 6.1141357
0.5254379 -0.85071146 -0.013528663 93.026855 0.849068 0.5253099 -0.05579326 63.725098 0.05455969 0.017834028 0.9983514 6.187744
0.5140211 -0.857533 -0.013833271 93.67505 0.8559018 0.5139367 -0.05544194 64.81836 0.054662976 0.016670221 0.99836653 6.2701416
0.5056506 -0.8625385 -0.013427609 94.3186 0.8610017 0.5055866 -0.053797398 65.9187 0.053198818 0.015646638 0.99846166 6.343872
0.49900186 -0.8666302 -0.010265665 94.95654 0.86524105 0.49881688 -0.05191937 67.02515 0.050109636 0.017031154 0.99859875 6.418457
0.48902452 -0.8721569 -0.009239584 95.5813 0.8707652 0.48879808 -0.05227586 68.14868 0.05010863 0.01752013 0.99859023 6.4906006
0.48185146 -0.8761987 -0.007681029 96.203125 0.8746504 0.48148918 -0.055849668 69.26123 0.052633464 0.020201525 0.99841 6.569214
0.47763532 -0.87864375 -0.0060043596 96.81201 0.8769412 0.47711506 -0.059338108 70.38379 0.054998353 0.023078963 0.99821985 6.6466064
0.46913183 -0.88314426 -0.0053822896 97.41553 0.881256 0.46851128 -0.06278828 71.52197 0.057971425 0.024716126 0.9980125 6.7247314
0.46458042 -0.8855949 -0.004651187 98.01953 0.8835564 0.46385613 -0.065574266 72.65381 0.060219966 0.026348934 0.99783695 6.812256
0.4585961 -0.8885599 -0.002825749 98.60498 0.8865568 0.4577709 -0.06572585 73.79004 0.05970411 0.027643029 0.9978338 6.903076
0.45470908 -0.8906411 0.00096252037 99.1936 0.8888353 0.4537176 -0.064148284 74.937744 0.056697924 0.030028809 0.99793994 6.9904785
0.45236525 -0.8917366 0.007782742 99.77612 0.8902035 0.45103472 -0.06319895 76.071045 0.05286531 0.035529457 0.99797004 7.0717773
0.44707814 -0.89433855 0.009839052 100.348145 0.8929398 0.44569752 -0.06188156 77.20654 0.050974254 0.036457274 0.99803454 7.155884
0.44581065 -0.8951224 0.011054439 100.90625 0.8938012 0.44439754 -0.061182216 78.349365 0.04984555 0.037147596 0.9980654 7.236328
0.44510305 -0.89548624 0.013665038 101.468506 0.8942797 0.44357464 -0.060855333 79.4834 0.048432022 0.0393005 0.9980526 7.3115234
0.44108385 -0.89731854 0.016410213 102.024414 0.89627427 0.43948027 -0.059614744 80.60156 0.04628344 0.0410015 0.99808633 7.3831787
0.43852612 -0.8986884 0.016659927 102.57031 0.89765066 0.43691486 -0.059575148 81.72266 0.046272613 0.041065015 0.9980835 7.4611816
0.43699512 -0.8992069 0.021020694 103.11255 0.8983216 0.43515605 -0.0602954 82.83057 0.04507239 0.04521505 0.9979589 7.5318604
0.43398052 -0.9006605 0.025521202 103.649414 0.8999951 0.4319608 -0.05997218 83.9375 0.042986266 0.048977084 0.9978735 7.5998535
0.43400618 -0.9003306 0.027939918 104.17676 0.89985204 0.43196264 -0.05841968 85.04468 0.040536758 0.050506514 0.9979011 7.6674805
0.43143606 -0.9016478 0.02968539 104.69873 0.901215 0.4292751 -0.059328966 86.11963 0.040764987 0.052342422 0.99779606 7.734253
0.43039107 -0.9022327 0.030375764 105.20972 0.9017722 0.4281238 -0.06083719 87.19116 0.04186278 0.053576004 0.9976864 7.8063965
0.4303905 -0.90207475 0.030700613 105.71387 0.9016032 0.42807415 -0.061483264 88.26123 0.042317294 0.054126374 0.9976362 7.87146
0.43141943 -0.90154064 0.02907708 106.20288 0.90094364 0.4291194 -0.06247638 89.3103 0.043843072 0.05316627 0.9976237 7.935791
0.4329384 -0.9008633 0.026233535 106.69751 0.90017545 0.43082452 -0.061274286 90.36572 0.043895554 0.050151333 0.99777687 8.001709
0.43756908 -0.89907575 0.024203926 107.18091 0.8982907 0.43553236 -0.061444238 91.38379 0.044685256 0.04862539 0.99781704 8.067993
0.4416337 -0.89701533 0.022224886 107.67822 0.8961312 0.43966994 -0.06170626 92.4043 0.045577366 0.04714656 0.99784625 8.131592
0.44877684 -0.8935783 0.02038619 108.17969 0.892657 0.4469218 -0.06102602 93.42651 0.045399483 0.045587715 0.9979286 8.196533
0.4558851 -0.88989496 0.019298425 108.67554 0.88898367 0.4541163 -0.06000351 94.43262 0.044648796 0.04449737 0.99801016 8.263672
0.4616691 -0.8868697 0.018488148 109.18945 0.8859722 0.45996952 -0.059153944 95.42554 0.043949977 0.043678746 0.9980778 8.322998
0.47293428 -0.8810093 0.017374579 109.71265 0.88013357 0.47131953 -0.058036506 96.42432 0.042940166 0.042734914 0.998163 8.384033
0.47915077 -0.8774076 0.01676905 110.23682 0.8765336 0.4775705 -0.057683483 97.4043 0.042615727 0.042355128 0.99819404 8.441162
0.49093547 -0.8710202 0.015042448 110.77783 0.87005335 0.48937833 -0.058616154 98.38037 0.043698825 0.041862708 0.99816704 8.501221
0.5003873 -0.8656726 0.010905944 111.31958 0.86454225 0.49899113 -0.05890554 99.329346 0.045564976 0.038911425 0.99820346 8.561035
0.51119435 -0.8595233 0.008153383 111.86865 0.85828954 0.50989825 -0.059236433 100.27759 0.046754114 0.037282757 0.99821067 8.62146
0.52521807 -0.85108155 0.0049891854 112.441895 0.84984976 0.52412283 -0.057178237 101.22363 0.04603717 0.03427143 0.9983518 8.681641
0.53770494 -0.8432367 0.0040456895 113.01636 0.8421288 0.53673935 -0.054049093 102.15283 0.043392662 0.03246966 0.9985303 8.744629
0.5500356 -0.8352416 0.0042896876 113.61084 0.8342382 0.5491068 -0.052088924 103.07788 0.04115641 0.032228924 0.9986326 8.80127
0.5610388 -0.8277178 0.0037836358 114.20386 0.82674 0.560141 -0.05136713 103.96631 0.04040526 0.031950593 0.99867254 8.860718
0.57143617 -0.8206455 0.002976193 114.81372 0.81963146 0.5705424 -0.0518945 104.85498 0.040884238 0.032087836 0.9986482 8.915405
0.5841445 -0.81158274 0.0015544675 115.4353 0.8105159 0.5832759 -0.052410968 105.73047 0.04163789 0.031878468 0.9986242 8.971069
0.5936392 -0.80479383 0.002519559 116.0564 0.80371976 0.5926795 -0.053597197 106.57422 0.04163495 0.03383542 0.9985594 9.025391
0.6045386 -0.7964595 0.002350828 116.68945 0.79542893 0.60360116 -0.052720882 107.41919 0.04057228 0.03374016 0.9986067 9.0842285
0.61699766 -0.7869946 0.0013692249 117.329346 0.78602237 0.61614746 -0.050794814 108.2522 0.0391265 0.03241489 0.9987083 9.141113
0.6246846 -0.7807483 0.0036375364 117.958984 0.77992916 0.62380105 -0.048938453 109.06836 0.035951976 0.03341039 0.9987948 9.194702
0.63598865 -0.77176136 0.0029545855 118.628174 0.7709861 0.63516825 -0.047404405 109.85303 0.034708433 0.032423645 0.9988711 9.245972
0.64504236 -0.7642687 5.8987644e-07 119.26074 0.7634739 0.6443718 -0.045596175 110.62695 0.034839682 0.029409349 0.99896 9.293213
0.65417296 -0.7563453 -0.0028198627 119.908936 0.7555224 0.65362614 -0.044351824 111.40283 0.035394873 0.026885137 0.9990117 9.338135
0.664406 -0.7473177 -0.0039647417 120.57544 0.7464754 0.6638919 -0.044242915 112.14966 0.0356917 0.02643705 0.9990132 9.383667
0.67258185 -0.74008834 -0.0032353774 121.2334 0.7393682 0.67210823 -0.04139295 112.883545 0.0327991 0.025451344 0.99913806 9.430176
0.6810377 -0.73219526 -0.0015254244 121.89795 0.73156637 0.6805362 -0.04006855 113.60742 0.030378561 0.026171697 0.9991957 9.474976
0.6905107 -0.7232865 -0.0015673726 122.57617 0.72266763 0.69000584 -0.039941 114.31763 0.029965473 0.02645585 0.99920124 9.52063
0.69736326 -0.7166726 -0.002388135 123.23535 0.71606463 0.6969013 -0.038992472 115.0061 0.02961621 0.025485292 0.9992364 9.5563965
0.70472336 -0.70935005 -0.0026053612 123.91577 0.7087958 0.70430887 -0.03710541 115.698 0.028165005 0.024302142 0.99930763 9.60083
0.7120172 -0.7020575 -0.0014341685 124.58447 0.70160884 0.7116323 -0.034353506 116.36328 0.025138658 0.02345619 0.9994089 9.63562
0.7188456 -0.6951387 -0.0006185784 125.25464 0.69478065 0.7185035 -0.03145732 117.02295 0.022314716 0.022181828 0.99950475 9.672485
0.7273841 -0.6861549 -0.00046353787 125.92749 0.6858426 0.7270728 -0.029688083 117.67676 0.02071352 0.021277789 0.9995589 9.704102
0.73453325 -0.6785952 -0.001107564 126.58545 0.67830616 0.7342661 -0.02803284 118.29468 0.019834727 0.01983905 0.99960655 9.743042
0.7415898 -0.67091215 -0.0023711347 127.25366 0.6706378 0.741379 -0.026202207 118.91284 0.019334506 0.017843876 0.999654 9.764893
0.7509948 -0.66043556 -0.0006991719 127.92822 0.6602451 0.75080293 -0.023237571 119.51123 0.015872067 0.01698862 0.99972963 9.796997
0.7593757 -0.6506407 0.0006682426 128.5918 0.6505244 0.75921935 -0.019731633 120.0896 0.012332525 0.015419215 0.99980503 9.822144
0.77091056 -0.6368291 0.0003137854 129.27246 0.63674796 0.77080435 -0.01634902 120.663574 0.0101723615 0.012801962 0.99986625 9.846191
0.77989477 -0.6260587 -0.0011529184 129.9314 0.6259652 0.7798075 -0.01596083 121.201904 0.010889914 0.011724921 0.99987197 9.868042
0.78932923 -0.61408085 -0.0029107616 130.59741 0.6139684 0.7892604 -0.015974062 121.734375 0.01210496 0.010821214 0.99986815 9.888672
0.799958 -0.600103 -0.0032013583 131.29346 0.5999969 0.79989815 -0.01528012 122.25244 0.01172896 0.010304673 0.9998783 9.907349
0.8089726 -0.58783317 -0.0017571205 131.97925 0.5877642 0.8089171 -0.013195589 122.75952 0.00917841 0.00964289 0.9999114 9.922974
0.8198344 -0.57261324 -1.3364246e-05 132.68848 0.5725769 0.81978256 -0.011250956 123.257324 0.0064539183 0.00921725 0.9999367 9.939575
0.82851744 -0.55989194 0.0017560086 133.37793 0.55988014 0.82846916 -0.009817537 123.739746 0.0040428475 0.009116973 0.9999503 9.957153
0.8372627 -0.54673296 0.004656216 134.09082 0.5467525 0.83722293 -0.00819358 124.20581 0.00058160746 0.0094072865 0.99995565 9.970215
0.84563714 -0.5335847 0.006457692 134.81909 0.53362197 0.8456042 -0.0076103136 124.66406 -0.0013988577 0.00988223 0.99995023 9.980591
0.85246843 -0.5227248 0.00813975 135.53369 0.5227802 0.8524387 -0.00770232 125.108154 -0.0029124443 0.010822528 0.9999372 9.989258
0.8588855 -0.5120135 0.008825637 136.25684 0.5120756 0.8588618 -0.007420973 125.55078 -0.003780235 0.010893984 0.9999336 9.997925
0.8659254 -0.50008065 0.008596648 137.0105 0.5001336 0.86591876 -0.005712156 125.98511 -0.0045862775 0.00924654 0.9999468 10.001709
0.87117404 -0.49074844 0.008928425 137.73682 0.49079564 0.87118375 -0.004069928 126.40527 -0.005780516 0.007928341 0.99995184 10.005493
0.8783778 -0.47779793 0.0086349165 138.49146 0.4778336 0.87839717 -0.0025537224 126.82764 -0.0063644745 0.0063704103 0.9999595 10.002075
0.883672 -0.46799332 0.009103627 139.25049 0.468035 0.8836916 -0.0030438658 127.23999 -0.006621023 0.0069494396 0.999954 10.00708
0.88919896 -0.4573772 0.008830284 140.02368 0.4574198 0.889214 -0.0035136994 127.62451 -0.006244868 0.0071638157 0.9999549 10.012817
0.8935265 -0.44899788 0.008349456 140.80786 0.4490421 0.8935324 -0.0044119656 128.01733 -0.005479679 0.007690949 0.9999553 10.011719
0.8967049 -0.44252908 0.008984022 141.58057 0.4425687 0.8967256 -0.0029379167 128.42139 -0.006755582 0.0066112457 0.9999552 10.012939
0.89926374 -0.4372312 0.011866085 142.38647 0.437272 0.89932173 -0.0009551442 128.80933 -0.010254571 0.00604729 0.999929 10.010986
0.9031658 -0.42903346 0.015241401 143.20337 0.42904294 0.9032856 0.0028039273 129.19385 -0.014970351 0.0040057264 0.99987984 10.004272
0.9055869 -0.42384315 0.016653 144.01611 0.42381036 0.90573794 0.005627582 129.59766 -0.01746808 0.0019613346 0.9998454 9.995605
0.9094336 -0.41543815 0.0179222 144.86694 0.4153509 0.9096101 0.008521447 129.98071 -0.019842412 -0.00030538486 0.99980295 9.988281
0.91181976 -0.41007876 0.019330295 145.71387 0.40994596 0.912023 0.0105746575 130.37451 -0.02196776 -0.0017174706 0.9997571 9.970947
0.9152061 -0.40230936 0.021732777 146.57642 0.4021295 0.9154606 0.0122910375 130.76196 -0.024841087 -0.0025082002 0.9996882 9.952881
0.9184378 -0.39485025 0.023841713 147.46436 0.39467877 0.91874623 0.011716313 131.1399 -0.026530098 -0.0013501938 0.9996469 9.94397
0.92170846 -0.3870382 0.025341315 148.3645 0.3868484 0.92205554 0.012206038 131.51343 -0.028091054 -0.0014480322 0.9996044 9.923218
0.9255262 -0.3778232 0.025217045 149.25464 0.37766552 0.92586935 0.010931769 131.8977 -0.027478015 -0.0005925605 0.9996222 9.889893
0.92895377 -0.36926612 0.026036574 150.20508 0.3691702 0.92931694 0.008576412 132.2605 -0.027363554 0.0016436095 0.9996243 9.879395
0.93281955 -0.35933664 0.025495192 151.13184 0.3592586 0.9331659 0.0077371625 132.62817 -0.026572881 0.0019442367 0.99964505 9.850464
0.93726057 -0.34788454 0.023502497 152.09424 0.34781414 0.937554 0.0071545467 132.98486 -0.02452365 0.0014676114 0.9996982 9.831421
0.9418162 -0.3354696 0.022131413 153.05249 0.33535177 0.94207567 0.008947653 133.34717 -0.023850923 -0.0010050698 0.999715 9.809326
0.9474688 -0.3190709 0.02228611 154.04858 0.31885475 0.94771796 0.012754853 133.68677 -0.025189929 -0.004976798 0.99967015 9.793091
0.9535295 -0.30040208 0.024333574 155.04858 0.3000791 0.95380634 0.016067024 134.01099 -0.028035128 -0.008019751 0.99957466 9.761353
0.9591626 -0.2816366 0.025372475 156.0752 0.2811952 0.95942694 0.019622374 134.32983 -0.029870799 -0.011684676 0.9994855 9.734497
0.96536034 -0.2595799 0.02648358 157.12476 0.2590525 0.9656198 0.021761436 134.62427 -0.03122362 -0.01414744 0.9994123 9.723755
0.9708669 -0.23799942 0.0279774 158.18945 0.23739487 0.97113866 0.023288133 134.90186 -0.032712415 -0.015968231 0.99933726 9.687378
0.9761526 -0.21493559 0.030566 159.26904 0.21424855 0.9764814 0.024241917 135.14893 -0.03505747 -0.01711354 0.9992385 9.660767
0.9804808 -0.19358765 0.03424421 160.36694 0.19274233 0.9808864 0.026510533 135.36353 -0.038722076 -0.019394543 0.9990625 9.621094
0.9844234 -0.17150246 0.03885697 161.4873 0.17046686 0.9849553 0.028577445 135.594 -0.043172874 -0.02150911 0.99883586 9.594971
0.9879835 -0.14864677 0.042348616 162.61157 0.14743106 0.9886011 0.030528821 135.75781 -0.046404585 -0.02391918 0.99863654 9.544434
0.991099 -0.12608933 0.04271901 163.7666 0.124791175 0.99167305 0.031815454 135.92871 -0.046374753 -0.02620186 0.9985807 9.498779
0.9934686 -0.10642814 0.041209172 164.89722 0.10516503 0.993952 0.03169458 136.07202 -0.04433278 -0.027154675 0.9986476 9.458252
0.9956999 -0.08360696 0.0399489 166.06934 0.08232231 0.99606824 0.032791458 136.16992 -0.042532448 -0.029362785 0.99866354 9.407715
0.9971233 -0.062142648 0.043379854 167.28564 0.060813125 0.997657 0.031322777 136.24951 -0.045225002 -0.028594026 0.9985674 9.369019
0.9980727 -0.043317627 0.04444725 168.46533 0.04200249 0.9986638 0.030116843 136.33032 -0.045692075 -0.028192466 0.9985581 9.321655
0.9986557 -0.022164963 0.046857208 169.68262 0.020686746 0.99928 0.031798318 136.36353 -0.04752848 -0.03078618 0.9983954 9.276978
0.9988808 -0.0033646734 0.04717123 170.91113 0.0017932432 0.9994434 0.03330209 136.38647 -0.047257047 -0.03318023 0.9983309 9.223999
0.9986066 0.01999053 0.04883859 172.15747 -0.021648498 0.9991989 0.033663183 136.3728 -0.04812669 -0.034673512 0.9982394 9.169678
0.9980924 0.038181864 0.048526496 173.39502 -0.039937336 0.99856305 0.0357456 136.34155 -0.04709244 -0.03761493 0.9981825 9.119385
0.9971264 0.05842475 0.048232697 174.67896 -0.06026977 0.99746853 0.037745856 136.28882 -0.045905944 -0.040543947 0.9981235 9.064453
0.9956917 0.07987092 0.047129862 175.9414 -0.08163917 0.99598116 0.036863342 136.20288 -0.043996677 -0.04055161 0.9982082 9.017456
0.9943772 0.09595145 0.04482653 177.2063 -0.097720526 0.99444634 0.03909477 136.09131 -0.040826436 -0.04325468 0.9982296 8.971436
0.99219215 0.11697749 0.04330718 178.52051 -0.11869721 0.9921464 0.03952915 135.9502 -0.038345456 -0.044361148 0.9982797 8.923584
0.9898315 0.136014 0.041683376 179.82324 -0.1376638 0.9896867 0.039642673 135.78223 -0.03586104 -0.044977196 0.9983439 8.88147
0.9872649 0.15484062 0.036690883 181.15356 -0.1563096 0.9868525 0.04127368 135.5957 -0.029820576 -0.04648178 0.99847436 8.838135
0.98413515 0.1746328 0.031255506 182.49731 -0.1758966 0.9834352 0.04370786 135.38086 -0.023103716 -0.048511643 0.9985553 8.814819
0.98126525 0.19082183 0.026533246 183.80762 -0.19189255 0.9803164 0.046429202 135.13403 -0.017151365 -0.050650615 0.99856925 8.786011
0.97764826 0.20873556 0.024998296 185.14282 -0.20974578 0.9765308 0.048846584 134.87036 -0.014215214 -0.05299825 0.9984937 8.770752
0.9732131 0.22874926 0.023042358 186.5083 -0.22965592 0.9719365 0.050981086 134.56885 -0.010735639 -0.054906633 0.9984341 8.754639
0.9694854 0.24398777 0.024271082 187.85889 -0.24494255 0.9682066 0.050991435 134.24756 -0.011059426 -0.055379026 0.9984039 8.754272
0.96495605 0.2614405 0.022372648 189.21118 -0.26225683 0.96370983 0.049772684 133.88501 -0.008548935 -0.053897012 0.9985102 8.751831
0.96016324 0.2787119 0.019919934 190.5354 -0.2793755 0.95887077 0.05008123 133.5188 -0.0051446054 -0.05365244 0.998547 8.755005
0.95520574 0.29549798 0.01645596 191.87866 -0.29595542 0.953798 0.051847566 133.13403 -0.00037705433 -0.05439385 0.9985197 8.754883
0.94975036 0.31250784 0.017564114 193.23071 -0.31300133 0.9482544 0.053295027 132.69751 -2.2032764e-06 -0.05611645 0.9984247 8.760742
0.94382644 0.32994413 0.017890481 194.60645 -0.33042547 0.9421836 0.055678908 132.24341 0.0015178842 -0.05846286 0.99828804 8.7734375
0.93758506 0.34743497 0.016557138 195.95483 -0.34778973 0.935696 0.05973379 131.75879 0.005252145 -0.061763924 0.9980778 8.785278
0.93132496 0.36386904 0.013980923 197.29126 -0.3640266 0.9294075 0.060400315 131.25928 0.008988846 -0.061342195 0.998076 8.80835
0.9229447 0.38471517 0.011816596 198.70044 -0.38468954 0.921007 0.06109394 130.6936 0.012622544 -0.060932443 0.99806213 8.825928
0.916279 0.40051493 0.008080891 200.04102 -0.40022114 0.9143619 0.06171822 130.12354 0.01732916 -0.059782814 0.99806046 8.862305
0.90821993 0.41846976 0.0044659837 201.3606 -0.4178521 0.9061849 0.0650278 129.55151 0.023166705 -0.060926694 0.99787325 8.89563
0.89716595 0.441699 0.0037247725 202.72461 -0.4408946 0.89495444 0.068441704 128.9231 0.026904995 -0.06304446 0.99764675 8.9383545
0.8853807 0.46476853 0.004187976 204.06665 -0.46386474 0.8830205 0.07091847 128.23364 0.029273003 -0.06473123 0.9974726 8.993042
0.87196696 0.48954952 0.004783675 205.4043 -0.48848775 0.86934125 0.07504337 127.525635 0.032585934 -0.0677732 0.9971677 9.049316
0.8576114 0.5144058 0.005495892 206.70996 -0.51315707 0.85467786 0.07960551 126.791504 0.03623835 -0.07109264 0.99681175 9.104614
0.8434463 0.53707033 0.005668314 207.96436 -0.53561485 0.84028417 0.083163016 126.03784 0.039915193 -0.07317512 0.9965189 9.17041
0.8276326 0.5611919 0.006371526 209.25854 -0.5596702 0.8244383 0.083812065 125.21216 0.041780684 -0.07292902 0.9964617 9.247314
0.81103086 0.58497405 0.0058039576 210.51611 -0.5832671 0.80782235 0.0849715 124.35547 0.04502198 -0.07229315 0.9963656 9.318726
0.7956507 0.60565466 0.0030333092 211.76733 -0.6035917 0.7925073 0.08659719 123.44849 0.050043043 -0.07073572 0.99624 9.406128
0.7793313 0.6267492 0.0006370009 212.95508 -0.62427986 0.7761691 0.089461245 122.53174 0.05557823 -0.07011191 0.99598783 9.49939
0.7627439 0.6467043 -0.0013760157 214.12793 -0.6439561 0.7596952 0.09051464 121.5918 0.059571356 -0.06815591 0.99589545 9.591064
0.7483631 0.6632187 -0.0023479608 215.29443 -0.66025084 0.7453388 0.09192469 120.59619 0.06272735 -0.0672475 0.99576277 9.697632
0.73126733 0.6821731 -0.003011414 216.44019 -0.6790904 0.7283678 0.09186839 119.56152 0.06484563 -0.06513983 0.9957679 9.807983
0.7152842 0.6988647 -0.0031671335 217.56323 -0.6956968 0.7124593 0.09196601 118.52759 0.066534825 -0.06356992 0.99575543 9.915894
0.7014032 0.7126835 -0.00523071 218.65723 -0.7092452 0.698705 0.093245946 117.44458 0.07011228 -0.06168769 0.9956294 10.036011
0.68544793 0.72803384 -0.0074591897 219.72974 -0.72433007 0.6829267 0.0942786 116.35303 0.07372486 -0.059225377 0.9955194 10.154297
0.67238665 0.74016315 -0.010233693 220.76318 -0.73606265 0.67000115 0.09676531 115.25049 0.078457855 -0.057526417 0.99525625 10.285156
0.65713876 0.753591 -0.011276244 221.82153 -0.749244 0.6548219 0.09847935 114.08594 0.08161494 -0.056263436 0.9950743 10.410767
0.64040256 0.76793706 -0.010742847 222.84888 -0.76352996 0.63811177 0.09897861 112.92212 0.08285427 -0.055189986 0.9950333 10.555786
0.6265086 0.77946043 -0.00852651 223.83618 -0.77506423 0.6240662 0.09981313 111.74634 0.08310312 -0.055932935 0.9949711 10.69812
0.60793537 0.79402745 -0.0040915464 224.80713 -0.7897599 0.6051845 0.100562915 110.53613 0.082321405 -0.05791571 0.9949229 10.841187
0.5891532 0.80794317 0.0013987003 225.74414 -0.80387473 0.586012 0.101231016 109.31152 0.08099024 -0.060754385 0.9948602 10.978394
0.57300836 0.8195557 0.0052717 226.6477 -0.8155556 0.56955296 0.10253754 108.10156 0.08103571 -0.063043416 0.99471426 11.122681
0.55370027 0.8325511 0.0075820433 227.52002 -0.82835793 0.5499486 0.105654165 106.86572 0.083816275 -0.06478953 0.9943735 11.275391
0.5358819 0.8441147 0.010681582 228.33594 -0.8397755 0.53175026 0.10879591 105.6355 0.08615853 -0.06728627 0.9940084 11.418701
0.51682174 0.85601604 0.013760019 229.13062 -0.85181624 0.5125424 0.10846013 104.38696 0.085800655 -0.06776765 0.994004 11.568237
0.49595442 0.8680599 0.017531078 229.91138 -0.8640682 0.49149707 0.10782815 103.11792 0.08498502 -0.06863546 0.9940165 11.718994
0.47539884 0.8796622 0.02078781 230.61035 -0.8760052 0.47093508 0.10521739 101.86426 0.082772166 -0.06821125 0.99422944 11.86145
0.45468858 0.8902729 0.024577398 231.29468 -0.88689536 0.4501026 0.10371992 100.58057 0.08126137 -0.06894903 0.99430454 12.00415
0.4314666 0.90188366 0.025987225 231.95068 -0.8985679 0.4269197 0.10270435 99.30322 0.081519514 -0.067667626 0.9943727 12.146484
0.41013792 0.9114395 0.028140247 232.54321 -0.90824234 0.4055579 0.101721615 98.029785 0.08132397 -0.06729293 0.9944145 12.281372
0.38837802 0.9210762 0.028314812 233.12085 -0.91791785 0.38397166 0.10006416 96.747314 0.081283115 -0.06484265 0.9945787 12.415527
0.36674705 0.9298613 0.027282001 233.66577 -0.92651665 0.3624845 0.100326955 95.4668 0.0833949 -0.062087476 0.994582 12.553833
0.3470282 0.9374576 0.026690764 234.15405 -0.93408734 0.34295672 0.09915601 94.19165 0.08380052 -0.05935679 0.99471456 12.6875
0.32364315 0.94584495 0.026798138 234.625 -0.9425718 0.31977862 0.096864015 92.90527 0.083054565 -0.056594327 0.9949355 12.82666
0.3044306 0.9521737 0.026462454 235.05762 -0.94882303 0.3006717 0.09668229 91.63208 0.08409654 -0.054559205 0.99496436 12.956665
0.28428555 0.9582834 0.028533366 235.46313 -0.95453525 0.28014994 0.101571925 90.3689 0.08934441 -0.05610226 0.99441844 13.094971
0.26264942 0.9644393 0.03028636 235.844 -0.9599116 0.25796822 0.1098326 89.104004 0.09811442 -0.057896204 0.9934874 13.235352
0.24611609 0.9687487 0.03268461 236.18872 -0.96353567 0.24084035 0.11708696 87.86279 0.10555573 -0.060308725 0.99258304 13.381714
0.22655514 0.9733204 0.03709091 236.50977 -0.967801 0.22064184 0.121363685 86.6062 0.10997929 -0.063390665 0.9919109 13.535156
0.2056037 0.97773767 0.040813006 236.80884 -0.9722945 0.19937648 0.12165986 85.363525 0.11086024 -0.06471566 0.99172914 13.691528
0.18567953 0.9815278 0.04592232 237.07837 -0.976282 0.17899118 0.12171604 84.12695 0.11126872 -0.067424074 0.99149984 13.848511
0.16736163 0.9846709 0.05046639 237.32764 -0.97970766 0.16032761 0.12080805 82.8811 0.1108563 -0.0696222 0.9913911 14.007202
0.14759077 0.98768604 0.051866107 237.531 -0.98285294 0.14060262 0.1192769 81.64966 0.11053871 -0.068586335 0.9915033 14.164429
0.13067466 0.9899727 0.05427394 237.71289 -0.98526937 0.12355839 0.118496686 80.43164 0.110593244 -0.068937376 0.9914699 14.313232
