1.0 0.0 0.0 0.0 0.0 1.0 0.0 0.0 0.0 0.0 1.0 0.0
0.9999159 0.012931673 0.00093914935 0.30200195 -0.01292905 0.9999126 -0.002746443 -0.008422852 -0.0009745936 0.0027340672 0.99999577 0.0057373047
0.9998294 0.01840869 0.0015568093 0.58825684 -0.0184009 0.99981886 -0.0048785154 -0.024902344 -0.0016463122 0.0048490493 0.9999869 0.005493164
0.99978274 0.020827232 0.00080511696 0.8881836 -0.020821618 0.99976236 -0.006442684 -0.03479004 -0.0009391549 0.006424519 0.9999789 0.007080078
0.9998281 0.018528221 -0.00072830694 1.1987305 -0.018533783 0.99979156 -0.0085587315 -0.037719727 0.00056953 0.008570758 0.9999631 0.0087890625
0.9999282 0.011832777 -0.0019298474 1.515625 -0.011852812 0.99987227 -0.010724455 -0.041870117 0.0018027414 0.010746554 0.99994063 0.0064697266
0.99999416 0.000522468 -0.003384035 1.8416748 -0.000563892 0.9999248 -0.0122496905 -0.036743164 0.0033773803 0.012251527 0.99991924 0.015136719
0.99986225 -0.016212245 -0.0035613377 2.1727295 0.016170645 0.99980414 -0.011415041 -0.016723633 0.0037456246 0.011355876 0.99992853 0.018066406
0.9993863 -0.034841407 -0.003730359 2.5181885 0.034811933 0.9993647 -0.007693459 0.0061035156 0.003995952 0.0075589023 0.99996346 0.018554688
0.99852 -0.054199602 -0.004477244 2.873291 0.054186236 0.9985261 -0.0030543606 0.043945312 0.0046361787 0.0028072204 0.99998534 0.024291992
0.9972656 -0.07368362 -0.005602682 3.2347412 0.07366663 0.9972775 -0.0031799865 0.08166504 0.005821713 0.0027585193 0.99997926 0.022827148
0.99546367 -0.095020674 -0.004728835 3.6154785 0.095000796 0.99546766 -0.0042646066 0.12475586 0.0051125665 0.0037959646 0.99997973 0.028442383
0.9933384 -0.11515292 -0.0036761444 4.00354 0.1151307 0.9933311 -0.0057703704 0.17260742 0.004316197 0.005308538 0.9999766 0.033935547
0.99136055 -0.13112818 -0.0029533706 4.406372 0.13111256 0.9913545 -0.0049733487 0.24267578 0.0035799758 0.0045431214 0.99998325 0.03527832
0.9890064 -0.14784856 -0.0026308584 4.819214 0.14784242 0.98900795 -0.0023958792 0.31726074 0.002956188 0.001980628 0.9999937 0.046020508
0.9867568 -0.16218574 -0.0027288967 5.2470703 0.16217817 0.9867579 -0.002796159 0.39086914 0.0031461797 0.0023164928 0.9999924 0.0435791
0.9847478 -0.17394903 -0.003035452 5.683838 0.17393485 0.984745 -0.0044385125 0.4827881 0.003761198 0.0038428279 0.9999855 0.048583984
0.9831762 -0.18257321 -0.0048565264 6.135254 0.18253393 0.9831663 -0.0075789075 0.56103516 0.0061585004 0.0065647457 0.99995947 0.059570312
0.9816555 -0.19053364 -0.0067412658 6.604492 0.1904966 0.98166883 -0.0057726037 0.65979004 0.0077174837 0.0043823877 0.9999606 0.0637207
0.9801402 -0.19811542 -0.008383018 7.079834 0.1980675 0.980166 -0.006214552 0.7663574 0.009448204 0.004431267 0.9999456 0.061157227
0.97869706 -0.20502265 -0.011496517 7.5706787 0.20495364 0.97875464 -0.0069031306 0.8725586 0.012667314 0.0044003995 0.9999101 0.06921387
0.976635 -0.21459885 -0.012278222 8.071533 0.21447645 0.9766822 -0.0105521865 0.98010254 0.014256018 0.007672325 0.9998689 0.07397461
0.9750139 -0.22180392 -0.012511689 8.593506 0.22157802 0.97499335 -0.01723278 1.0939941 0.01602118 0.014029644 0.99977314 0.088134766
0.9731114 -0.22991098 -0.013513403 9.119263 0.22966531 0.9731046 -0.017573655 1.2164307 0.017190546 0.013997133 0.9997543 0.107299805
0.97098464 -0.23834506 -0.019363321 9.651611 0.23810859 0.9711385 -0.013748865 1.3684082 0.022081394 0.00873933 0.99971807 0.10644531
0.9688862 -0.2463574 -0.02345109 10.191895 0.24614857 0.96915555 -0.011450289 1.5201416 0.025549453 0.0053199604 0.99965936 0.11669922
0.9663573 -0.2560125 -0.024686258 10.75708 0.2557239 0.96664363 -0.014265585 1.6728516 0.027515426 0.007473226 0.99959356 0.13220215
0.96414465 -0.2641201 -0.025735421 11.328369 0.26377273 0.9644484 -0.016128968 1.8294678 0.029080305 0.008762499 0.9995388 0.15759277
0.96203566 -0.27139568 -0.029097775 11.911621 0.271033 0.96244776 -0.015831627 1.9985352 0.032301158 0.0073442813 0.9994511 0.17504883
0.95957786 -0.27954838 -0.032671854 12.505005 0.2791758 0.96011645 -0.0155504495 2.1837158 0.035715394 0.005800799 0.9993451 0.19104004
0.95748293 -0.28594184 -0.038291983 13.104004 0.28552064 0.95823777 -0.016168525 2.369751 0.04131516 0.004547353 0.99913573 0.2166748
0.9552136 -0.29252794 -0.045201194 13.718262 0.2920338 0.9562765 -0.01732285 2.5649414 0.048290133 0.003352733 0.9988282 0.25195312
0.9534897 -0.2965747 -0.05395261 14.349731 0.29604292 0.95501435 -0.017778177 2.7612305 0.056798 0.0009802999 0.99838537 0.28051758
0.9522435 -0.29882434 -0.062450893 14.984985 0.2982758 0.9542883 -0.01814986 2.9726562 0.065020844 -0.0013489919 0.9978829 0.3170166
0.9501156 -0.30333138 -0.0723642 15.622559 0.30286604 0.95285475 -0.017583895 3.1947021 0.07428718 -0.005220094 0.9972217 0.35791016
0.9485504 -0.30627522 -0.080117784 16.285889 0.305954 0.9518872 -0.016561117 3.4111328 0.08133592 -0.00880717 0.9966478 0.40881348
0.94615316 -0.31160542 -0.087450065 16.955078 0.31149498 0.95009816 -0.015256576 3.6437988 0.08784293 -0.012807945 0.99605334 0.4642334
0.9438914 -0.31662422 -0.09406855 17.631958 0.31672317 0.94842654 -0.014269062 3.8847656 0.09373516 -0.016319877 0.9954637 0.5307617
0.94209313 -0.31977278 -0.100800246 18.324951 0.32024634 0.9472334 -0.011886334 4.1381836 0.09928483 -0.021083519 0.99483794 0.5936279
0.93980914 -0.3251333 -0.10512724 19.028809 0.3259829 0.9453319 -0.009481797 4.39209 0.1024628 -0.025361514 0.99441224 0.66552734
0.93802303 -0.32956725 -0.10721988 19.73523 0.33058354 0.94373465 -0.008659951 4.6572266 0.10404379 -0.02731958 0.9941987 0.7406006
0.93582696 -0.33591825 -0.10696623 20.460083 0.33699912 0.9414963 -0.008346581 4.9228516 0.10351119 -0.028225409 0.9942285 0.8244629
0.93374974 -0.3419296 -0.10566884 21.192627 0.34309506 0.93925357 -0.007514039 5.202881 0.10182017 -0.029239584 0.9943741 0.9055176
0.93183094 -0.34786245 -0.10342869 21.933472 0.3489472 0.9371145 -0.008004501 5.4797363 0.09970732 -0.028624875 0.99460626 0.99035645
0.9295403 -0.35488683 -0.100180134 22.66687 0.3559388 0.9344916 -0.0077708084 5.77063 0.09637639 -0.028433848 0.99493825 1.0688477
0.9255862 -0.36628842 -0.09571778 23.443604 0.36754775 0.9300137 -0.0047647115 6.0838623 0.09076292 -0.03076637 0.9953969 1.1450195
0.9232239 -0.37328103 -0.09124317 24.193237 0.37461472 0.9271805 -0.0026900955 6.398926 0.08560343 -0.031698212 0.99582475 1.223877
0.9200254 -0.38169423 -0.08852229 24.957642 0.3831853 0.92365783 -0.00016320194 6.72229 0.081827246 -0.033776753 0.99607354 1.2965088
0.9168311 -0.38961762 -0.08729789 25.724854 0.39118806 0.92031276 0.0009557386 7.0631104 0.079968564 -0.035031494 0.99618065 1.3673096
0.91271603 -0.39911702 -0.08736308 26.498657 0.4008221 0.91614 0.0021752582 7.411255 0.07917127 -0.03700222 0.996175 1.4433594
0.909438 -0.40675676 -0.08629374 27.275024 0.40847132 0.9127534 0.0024396365 7.760132 0.07777268 -0.037466206 0.99626756 1.5084229
0.9053266 -0.4161912 -0.08511538 28.067627 0.4179318 0.9085141 0.0029323807 8.139282 0.07610962 -0.038212318 0.99636835 1.574585
0.9019842 -0.42389026 -0.08220068 28.862915 0.42554972 0.904939 0.002974905 8.5147705 0.073126346 -0.037664145 0.9966111 1.6461182
0.8992242 -0.43038875 -0.078280285 29.66858 0.43188313 0.90190774 0.002411728 8.911011 0.069563985 -0.035980575 0.99692845 1.7158203
0.89527285 -0.43956703 -0.07317662 30.479492 0.44107905 0.8975016 0.0051127467 9.312012 0.06342961 -0.036841426 0.9973069 1.7713623
0.892631 -0.44547373 -0.06871321 31.29956 0.44685498 0.894566 0.005390767 9.724976 0.059064753 -0.03551547 0.99762255 1.8378906
0.8885776 -0.45393345 -0.06640155 32.124756 0.45517287 0.89041406 0.004032604 10.151611 0.057294715 -0.03380822 0.9977843 1.9073486
0.88547534 -0.46027085 -0.064489774 32.95874 0.46144354 0.8872036 0.0037737887 10.5859375 0.05548163 -0.033093743 0.99791145 1.9586182
0.88343716 -0.4644195 -0.062531844 33.796265 0.46552068 0.88506144 0.003496928 11.036255 0.05372311 -0.032189306 0.99803764 2.0062256
0.8799961 -0.47106907 -0.060655627 34.64807 0.4720604 0.8815511 0.0023045696 11.492432 0.05238397 -0.030663503 0.99815595 2.0627441
0.87805736 -0.47472504 -0.060210105 35.494995 0.4757125 0.87958264 0.0023804905 11.96167 0.05183255 -0.030734722 0.99818295 2.1182861
0.8765698 -0.47750556 -0.05979183 36.36377 0.4784443 0.87809473 0.0015866645 12.443237 0.051746227 -0.030004226 0.9982092 2.1697998
0.87433046 -0.48145536 -0.060688578 37.240723 0.48237708 0.875927 0.00061561074 12.930054 0.052863844 -0.02981776 0.9981565 2.220459
0.8752389 -0.47999105 -0.059799433 38.12683 0.480922 0.8767681 0.0013530198 13.432251 0.05178193 -0.02994037 0.9982098 2.2786865
0.87421274 -0.48218343 -0.057638377 39.031372 0.48307934 0.8756149 0.0018624 13.932983 0.049572058 -0.02946516 0.9983361 2.3325195
0.873839 -0.48288155 -0.056364555 39.945312 0.4836862 0.8752107 0.0007223543 14.446655 0.048981577 -0.02789992 0.9984096 2.383545
0.8739505 -0.48286855 -0.055974297 40.867798 0.48355308 0.87536204 -0.0014890502 14.962158 0.049716257 -0.025759231 0.9984312 2.435669
0.8718252 -0.48673537 -0.055435684 41.796997 0.4873644 0.87323254 -0.0024645217 15.490234 0.049604144 -0.024870917 0.9984584 2.4935303
0.87150997 -0.4875137 -0.053017203 42.7334 0.4880438 0.8728181 -0.0033200185 16.013306 0.047891293 -0.022976901 0.9985884 2.5472412
0.8692982 -0.49172598 -0.04902696 43.666626 0.49219248 0.87041146 -0.0028972141 16.550415 0.04409733 -0.02162094 0.99879295 2.5999756
0.86664885 -0.49680802 -0.043938074 44.60376 0.49716514 0.8675516 -0.0031717576 17.083008 0.03969217 -0.019104011 0.99902904 2.6571045
0.86409503 -0.5017184 -0.041368503 45.529907 0.50200015 0.86491174 -0.00401738 17.630371 0.037796013 -0.017290719 0.99913585 2.70813
0.8580046 -0.51195115 -0.04216554 46.451294 0.51214844 0.858896 -0.006808423 18.184937 0.039698552 -0.015756037 0.9990869 2.765503
0.85261136 -0.5206625 -0.04503853 47.35547 0.5207771 0.8536713 -0.010076809 18.73816 0.043692622 -0.014866574 0.9989339 2.8200684
0.84624654 -0.53108567 -0.044245034 48.275146 0.531216 0.847265 -0.00972889 19.314941 0.042651284 -0.01526518 0.9989733 2.8690186
0.84086764 -0.5396526 -0.040260494 49.1875 0.539854 0.84167594 -0.0066324957 19.907104 0.03746278 -0.016161172 0.9991672 2.915039
0.8368796 -0.54629195 -0.03672833 50.08374 0.5465237 0.8375233 -0.0042889295 20.503174 0.033102848 -0.016479036 0.99931604 2.965332
0.8316265 -0.5539801 -0.038761802 50.976074 0.5542746 0.8323254 -0.003666421 21.105835 0.034293707 -0.018437665 0.9992417 3.015747
0.8284585 -0.55835104 -0.043102846 51.86743 0.5586687 0.8293475 -0.005414885 21.71228 0.038769066 -0.01959406 0.9990561 3.053955
0.8259549 -0.56139773 -0.05067805 52.748535 0.5618116 0.8271974 -0.0070158113 22.323242 0.045861967 -0.02267894 0.9986905 3.1118164
0.8217434 -0.5676268 -0.051396612 53.627686 0.56808764 0.823005 -0.0065644137 22.93811 0.04602568 -0.023796247 0.99865705 3.1671143
0.8191364 -0.5714234 -0.048197117 54.504395 0.57184356 0.82023865 -0.005932511 23.560669 0.042923816 -0.022707045 0.9988203 3.2298584
0.8160244 -0.5763584 -0.042652328 55.39331 0.5767514 0.8168528 -0.0036766413 24.192871 0.036958065 -0.02160238 0.99908316 3.2773438
0.8134631 -0.58021224 -0.040353328 56.271484 0.5805985 0.81418383 -0.0025698831 24.822998 0.034350462 -0.021339424 0.9991821 3.3273926
0.81045276 -0.58426046 -0.041579615 57.141357 0.58474517 0.81116945 -0.0006231577 25.458862 0.03408974 -0.023814954 0.99913466 3.373291
0.8069378 -0.5890838 -0.042206928 58.01538 0.5895069 0.8077267 -0.0029195922 26.111084 0.03581459 -0.022526938 0.9991046 3.4179688
0.8036199 -0.59351844 -0.044678554 58.885742 0.5939183 0.80454874 -0.005145548 26.756592 0.039001234 -0.022389935 0.9989887 3.4732666
0.79932845 -0.5993084 -0.04410865 59.75171 0.5996352 0.80027014 -0.006871477 27.407837 0.039417896 -0.02095496 0.99900305 3.5170898
0.79381037 -0.6065321 -0.042338435 60.627197 0.60682076 0.794686 -0.0071302303 28.0802 0.037974764 -0.020036714 0.9990779 3.5689697
0.79088575 -0.610712 -0.041173086 61.485107 0.6110079 0.79170257 -0.0064306334 28.752808 0.036521897 -0.020066055 0.99913144 3.6186523
0.78544545 -0.61753786 -0.04217468 62.344727 0.6178199 0.7863196 -0.0075411345 29.434204 0.037820287 -0.020133674 0.99908173 3.6708984
0.7793091 -0.62524295 -0.042363226 63.20166 0.6254623 0.7802263 -0.009502731 30.130005 0.038991407 -0.019089883 0.9990571 3.7147217
0.77522916 -0.63029474 -0.042698685 64.05469 0.63051486 0.7761638 -0.009795833 30.82312 0.039315008 -0.019325351 0.9990401 3.7641602
0.7687817 -0.6381958 -0.043169614 64.9082 0.6383756 0.76976115 -0.011274386 31.537354 0.040423695 -0.018881228 0.9990045 3.817627
0.76376617 -0.64407736 -0.043076813 65.76416 0.644185 0.76477534 -0.013184598 32.247437 0.041437283 -0.017672546 0.9989853 3.869873
0.7563432 -0.6528034 -0.042573243 66.59888 0.6528512 0.7573575 -0.01470365 32.98584 0.041835647 -0.016678495 0.9989849 3.921875
0.75145954 -0.6586334 -0.040806413 67.4397 0.65863276 0.75241077 -0.01536724 33.72278 0.040820673 -0.015323667 0.999049 3.979248
0.7451376 -0.665775 -0.038952004 68.279785 0.66573197 0.7460228 -0.015945682 34.46692 0.03968045 -0.014051298 0.99911374 4.0300293
0.73813355 -0.673387 -0.038719967 69.11401 0.673321 0.7390206 -0.016682947 35.236206 0.039851353 -0.013768302 0.9991105 4.0842285
0.7315019 -0.6807017 -0.039630342 69.94263 0.68055665 0.73246 -0.019131258 36.01831 0.04204754 -0.012982743 0.9990308 4.1464844
0.72682685 -0.6856769 -0.04048877 70.768555 0.68559176 0.72780764 -0.018135993 36.796875 0.041905146 -0.014571041 0.9990156 4.195923
0.7216144 -0.6911928 -0.039686915 71.59326 0.69110775 0.7225615 -0.018041678 37.60327 0.04114136 -0.014410561 0.99904907 4.2528076
0.71669054 -0.6964002 -0.03983014 72.41431 0.6963281 0.71764225 -0.017935634 38.404907 0.041071016 -0.014871336 0.99904567 4.303833
0.7118561 -0.70119524 -0.040925834 73.23755 0.7011301 0.71286005 -0.01833135 39.22522 0.04202615 -0.015642066 0.99899405 4.3685303
0.70563555 -0.7072893 -0.042501867 74.05029 0.7071897 0.70673335 -0.019918067 40.049072 0.044131514 -0.016004436 0.99889755 4.4228516
0.7012053 -0.71152896 -0.04451419 74.86255 0.7114014 0.7024196 -0.021419372 40.867188 0.046509515 -0.016648557 0.9987791 4.480713
0.69682795 -0.71588176 -0.045020685 75.67285 0.7157236 0.6980838 -0.022407282 41.713013 0.047469772 -0.016612014 0.9987342 4.541992
0.6925198 -0.7201919 -0.04325113 76.47974 0.7199824 0.693704 -0.023066567 42.563232 0.04661025 -0.015171501 0.9987972 4.6018066
0.68799084 -0.7245449 -0.041869562 77.29663 0.72433406 0.6891089 -0.02281006 43.42578 0.045373976 -0.014642825 0.99886197 4.6605225
0.6823985 -0.72990733 -0.041488044 78.102295 0.72966254 0.68351173 -0.02361726 44.29431 0.04559568 -0.014146104 0.99886 4.729492
0.67871726 -0.7332005 -0.040622406 78.904785 0.73289984 0.67980754 -0.024707764 45.164062 0.045730323 -0.013006806 0.9988689 4.786133
0.6742659 -0.737527 -0.039314095 79.71094 0.73718566 0.6753065 -0.025375657 46.05493 0.04526581 -0.011864626 0.9989048 4.8468018
0.6695739 -0.74187285 -0.037832208 80.50537 0.7414631 0.67056406 -0.026663316 46.94458 0.04515169 -0.010190893 0.9989285 4.9051514
0.6670009 -0.7440693 -0.036553513 81.30542 0.7435305 0.6679578 -0.029311854 47.820557 0.046234813 -0.0076236385 0.99890196 4.9716797
0.66176504 -0.7488511 -0.035619933 82.102295 0.74808705 0.66271055 -0.034068212 48.72412 0.049114823 -0.004105689 0.9987844 5.0340576
0.6563278 -0.7536088 -0.03447344 82.891846 0.75268054 0.65723085 -0.03741657 49.64453 0.050859712 -0.0013906462 0.9987051 5.0860596
0.6511966 -0.7583322 -0.028727783 83.69043 0.7571509 0.6518014 -0.042746045 50.55371 0.05114169 0.0060849534 0.9986729 5.1671143
0.64208853 -0.7663933 -0.024184765 84.47803 0.7650267 0.64243513 -0.047249496 51.48706 0.051738314 0.011834813 0.9985902 5.2390137
0.63473755 -0.77236676 -0.021212053 85.26807 0.771005 0.63493496 -0.047964398 52.42627 0.05052209 0.01409732 0.99862397 5.3079834
0.6245993 -0.78063184 -0.018227095 86.03589 0.77938586 0.6246886 -0.04652174 53.38452 0.047707863 0.014849569 0.99875087 5.3720703
0.6161465 -0.7873525 -0.0168981 86.79199 0.7860923 0.6161746 -0.04727004 54.358643 0.04763046 0.01584355 0.9987395 5.443115
0.60727227 -0.79420984 -0.018942615 87.54468 0.7928654 0.6073976 -0.04837315 55.338867 0.049929973 0.014361357 0.9986498 5.5025635
0.59708166 -0.8019892 -0.017824221 88.28003 0.80058324 0.5971452 -0.049947422 56.333984 0.05070107 0.015552014 0.99859273 5.5750732
0.58758307 -0.8089657 -0.018657006 89.01099 0.807475 0.587685 -0.051355705 57.33838 0.05251149 0.01510804 0.9985059 5.6428223
0.5776912 -0.8161939 -0.014785465 89.73511 0.8147011 0.57758796 -0.05265885 58.35913 0.05151097 0.01838343 0.9985036 5.720337
0.5658563 -0.82455397 -0.011709472 90.44702 0.8230887 0.56560737 -0.053220555 59.3833 0.050496202 0.020467514 0.9985138 5.7869873
0.5563055 -0.8308913 -0.011156626 91.14429 0.82941276 0.55603534 -0.0536628 60.42749 0.050797343 0.02060951 0.99849695 5.857788
0.5468339 -0.8371637 -0.011961231 91.84082 0.8356523 0.546617 -0.053919397 61.473877 0.051686954 0.019487567 0.9984732 5.9328613
0.53656447 -0.8437535 -0.012183501 92.50952 0.84215856 0.53635037 -0.0553827 62.542725 0.05326285 0.019451058 0.99839085 6.0046387
0.52664405 -0.85001785 -0.013774782 93.173096 0.84841096 0.52654004 -0.055010997 63.618896 0.0540282 0.017276729 0.9983897 6.0806885
0.5163919 -0.8562114 -0.014219111 93.82886 0.85457236 0.5163246 -0.055465095 64.71167 0.05482835 0.016488522 0.99835956 6.155884
0.5080713 -0.8613181 -0.013513561 94.471436 0.85983187 0.5080237 -0.052809726 65.79956 0.05234276 0.0152047705 0.998513 6.231201
0.5007085 -0.8654223 -0.009818014 95.11304 0.8640206 0.5004905 -0.052345194 66.90918 0.05021905 0.017744362 0.9985815 6.310425
0.4921973 -0.8704442 -0.00923679 95.73462 0.869054 0.4919665 -0.05225567 68.02539 0.050025586 0.01768425 0.9985909 6.3809814
0.4843225 -0.87485373 -0.0080743125 96.36401 0.8733603 0.48400027 -0.05465998 69.13794 0.05172962 0.019420035 0.9984722 6.456665
0.4778547 -0.8783672 -0.007954134 96.97485 0.87667537 0.47746292 -0.05836525 70.26538 0.055068202 0.020916158 0.9982634 6.532959
0.47011542 -0.88247794 -0.0068812175 97.57959 0.8806261 0.46960777 -0.06155548 71.40161 0.057570487 0.022892348 0.99807996 6.608032
0.46807283 -0.8838503 -0.0047813975 98.18823 0.8817635 0.46732703 -0.06634432 72.525635 0.060875416 0.02682191 0.997784 6.6990967
0.4631335 -0.8862672 -0.0029130308 98.778076 0.88424796 0.46229488 -0.06602144 73.663086 0.059868507 0.028003927 0.99781364 6.784424
0.4597604 -0.8881382 0.0009990985 99.35791 0.8863581 0.45876727 -0.06380287 74.803955 0.056205142 0.030212613 0.9979616 6.8686523
0.4543378 -0.89086926 0.006287527 99.958496 0.8893372 0.45311728 -0.06224427 75.94141 0.05259554 0.033869326 0.9980413 6.9576416
0.45032915 -0.8928379 0.0069562234 100.532715 0.8913957 0.44912764 -0.060840175 77.07544 0.051200505 0.03359859 0.9981231 7.0373535
0.44832742 -0.8938608 0.00943806 101.09839 0.8924982 0.4470014 -0.060904182 78.20825 0.050218973 0.03571631 0.9980987 7.1137695
0.44687885 -0.894657 0.012597848 101.65747 0.8934379 0.44542104 -0.060316775 79.33618 0.048341963 0.03819543 0.9980996 7.1917725
0.4436278 -0.8961694 0.015453328 102.21362 0.8951034 0.44207686 -0.059332736 80.4541 0.046341944 0.04014291 0.9981181 7.264038
0.44261807 -0.8966049 0.017007375 102.7688 0.8955985 0.44099465 -0.059394363 81.57788 0.04574681 0.04152221 0.9980899 7.3413086
0.44008905 -0.8977778 0.019674223 103.30835 0.8968418 0.43830982 -0.06024747 82.68384 0.045463454 0.044160467 0.9979896 7.4105225
0.43757275 -0.8988786 0.022924323 103.850586 0.8981471 0.4357153 -0.05884547 83.792725 0.04291154 0.046349864 0.99800366 7.4803467
0.43656614 -0.89942604 0.02631696 104.39258 0.8988692 0.43458492 -0.058480773 84.88696 0.041146938 0.04918046 0.9979419 7.54834
0.43296278 -0.90079945 0.02790558 104.911865 0.9002962 0.43089712 -0.058899842 85.96216 0.04103824 0.050620563 0.997874 7.6138916
0.43351486 -0.9007044 0.028970525 105.424805 0.900224 0.43136296 -0.05970518 87.04248 0.041285556 0.05195891 0.99779505 7.680664
0.4339971 -0.90062416 0.028601818 105.940674 0.9000453 0.43176198 -0.06158709 88.106445 0.043115918 0.05245212 0.9976911 7.750122
0.4329461 -0.90099645 0.027276702 106.437256 0.9003514 0.43077618 -0.06148558 89.15576 0.043629993 0.051169783 0.9977362 7.817871
0.43758008 -0.89896566 0.025224036 106.93384 0.89823776 0.43550557 -0.06128626 90.20776 0.04410182 0.049477644 0.99780136 7.883667
0.43907788 -0.8981665 0.022658335 107.42212 0.89729434 0.4370932 -0.061780956 91.226074 0.045588724 0.047446422 0.99783206 7.95166
0.4459583 -0.8948625 0.020680819 107.91455 0.89390635 0.44405055 -0.061926115 92.263916 0.046234168 0.046095464 0.997866 8.0177
0.4505431 -0.89254516 0.019085813 108.43677 0.89156973 0.4487454 -0.061015468 93.28125 0.045892056 0.044519793 0.9979546 8.08252
0.45838973 -0.8886332 0.017956834 108.93262 0.8876675 0.45667914 -0.060015574 94.27539 0.045128983 0.04343903 0.99803555 8.145752
0.4654411 -0.88480246 0.017235585 109.44531 0.8838661 0.46379894 -0.058982093 95.273926 0.04421259 0.042694245 0.99810946 8.207642
0.47493386 -0.8798958 0.016607791 109.983154 0.8790076 0.47336602 -0.057660572 96.28223 0.042873524 0.04198189 0.9981979 8.27002
0.4830724 -0.8754802 0.015506163 110.50708 0.8745655 0.48154923 -0.057527196 97.26001 0.04289499 0.041338712 0.9982233 8.331055
0.49459603 -0.8689098 0.013830887 111.05249 0.8678783 0.49306855 -0.059090495 98.22681 0.044529404 0.04123287 0.9981569 8.3897705
0.5035166 -0.86390364 0.010285289 111.595215 0.86276114 0.50215167 -0.05875672 99.18164 0.045583304 0.03846095 0.9982201 8.450806
0.5154804 -0.8568786 0.00628966 112.14722 0.855595 0.51427484 -0.05898347 100.13013 0.047310844 0.03579122 0.99823904 8.515625
0.5287465 -0.8487169 0.0037200795 112.71948 0.8474404 0.5276997 -0.057312302 101.069336 0.0466869 0.033462845 0.9983493 8.575439
0.5383671 -0.84284925 0.00283645 113.301025 0.8416701 0.53742933 -0.054804303 101.99463 0.044654265 0.031893894 0.99849343 8.637085
0.55253875 -0.8335541 0.002746218 113.90039 0.8324845 0.55165666 -0.052562814 102.91675 0.04229774 0.03132388 0.99861366 8.696167
0.56373525 -0.8259796 0.0024255654 114.505615 0.8249465 0.562878 -0.051735424 103.81201 0.041370373 0.031168811 0.99865776 8.755249
0.57544804 -0.81776184 0.0015620962 115.11694 0.81668085 0.5745871 -0.052525423 104.701416 0.0420638 0.031499114 0.99861807 8.810181
0.5871968 -0.80950326 -0.00033144682 115.744385 0.8083559 0.5863861 -0.052987095 105.56958 0.04308629 0.0308479 0.998595 8.871948
0.59753996 -0.8017747 0.0007468614 116.36841 0.8006308 0.596637 -0.05396152 106.41821 0.042824846 0.03284568 0.99854255 8.925659
0.6079462 -0.79400563 0.00026180816 117.006836 0.79288846 0.6070738 -0.05322201 107.253174 0.042095963 0.03255576 0.9985825 8.989502
0.6193076 -0.7850623 0.0005176456 117.6499 0.78399944 0.61843395 -0.052433327 108.08472 0.040852495 0.032885797 0.9986241 9.043945
0.6284429 -0.7777532 0.0022939846 118.29004 0.77686524 0.6275788 -0.049706213 108.889404 0.037226893 0.033021167 0.998761 9.096069
0.6386698 -0.76950634 0.0018977307 118.94287 0.76869893 0.63788265 -0.047437485 109.687744 0.03528893 0.03175392 0.9988724 9.151733
0.6476795 -0.76187396 -0.0012369453 119.58496 0.7610226 0.64703125 -0.046229973 110.45996 0.036023065 0.028996855 0.99892986 9.200195
0.6583814 -0.7526501 -0.004301103 120.23413 0.751751 0.6578544 -0.045433965 111.2207 0.037028614 0.026682014 0.998958 9.244629
0.66818595 -0.7440137 -0.0042481953 120.90552 0.7431648 0.66767645 -0.044294957 111.968994 0.03578359 0.02644065 0.9990098 9.293701
0.67551017 -0.73738086 -0.0038930834 121.56299 0.7365947 0.67501605 -0.042910386 112.69922 0.034269415 0.026125506 0.99907136 9.340332
0.68353564 -0.72992396 -0.0028496638 122.22803 0.729237 0.68305224 -0.04089143 113.427 0.03178257 0.025873085 0.99916005 9.380615
0.6929922 -0.720902 -0.0017397958 122.90845 0.7202633 0.6924758 -0.04048438 114.13599 0.030393878 0.026802424 0.9991786 9.431152
0.69981253 -0.7142196 -0.0031169509 123.57056 0.7135977 0.69937307 -0.03889081 114.81763 0.029962465 0.02498965 0.9992385 9.469482
0.70863134 -0.70553285 -0.003329997 124.25513 0.7049437 0.70821786 -0.0377895 115.497314 0.029022101 0.024431195 0.9992801 9.512573
0.71494824 -0.69913155 -0.0024251738 124.92139 0.69864136 0.71456885 -0.035115134 116.16382 0.026284514 0.023410007 0.9993803 9.549927
0.7219385 -0.6919739 -0.0010228236 125.590576 0.69159466 0.7215903 -0.03207347 116.83008 0.022929043 0.022448301 0.9994851 9.5859375
0.73006564 -0.6834359 -0.0011621951 126.269775 0.683086 0.7297443 -0.030801395 117.475586 0.021894677 0.021693094 0.99952495 9.620483
0.7373605 -0.67557406 -0.0018611761 126.93213 0.67525065 0.7370874 -0.029029263 118.089355 0.020985363 0.020147001 0.9995766 9.661499
0.7450735 -0.6670359 -0.0030635782 127.59497 0.66674864 0.7448732 -0.026282854 118.69995 0.019814122 0.017540013 0.9996497 9.685791
0.75390357 -0.65691674 -0.0016815616 128.281 0.6567097 0.7537253 -0.02331489 119.29785 0.016588764 0.016473949 0.99972665 9.718506
0.76257366 -0.6468139 -0.00015937386 128.94043 0.646678 0.7624184 -0.020326374 119.86719 0.0132677285 0.015398916 0.9997934 9.748657
0.7727148 -0.6346872 -0.00065521186 129.62329 0.6345835 0.7726066 -0.017304283 120.44165 0.011490816 0.012954906 0.99985 9.762817
0.78198564 -0.62320274 -0.0017168059 130.28516 0.62308425 0.78188545 -0.01753658 120.98047 0.012273607 0.012642199 0.9998447 9.79248
0.79215664 -0.61023295 -0.0037873124 130.96045 0.610096 0.7920856 -0.01715642 121.509766 0.01346774 0.011279851 0.9998457 9.815796
0.8010282 -0.5985709 -0.0037124748 131.65454 0.59844613 0.80096275 -0.016379744 122.03174 0.012777684 0.010899296 0.999859 9.836548
0.8112152 -0.58483934 -0.0031440328 132.33838 0.5847395 0.8111567 -0.014890764 122.52197 0.011257302 0.01024241 0.9998842 9.855469
0.8215766 -0.57010454 -0.0014940217 133.04199 0.5700436 0.82152206 -0.012699774 123.01807 0.008468256 0.009580623 0.9999182 9.87146
0.83050984 -0.5569934 0.0005133826 133.73535 0.5569597 0.83044875 -0.011803226 123.49829 0.0061487965 0.010088269 0.9999302 9.894165
0.8387916 -0.5445779 0.0033205408 134.44922 0.54458284 0.8387414 -0.009470398 123.967285 0.0023713082 0.00975155 0.9999497 9.903931
0.84685946 -0.53175837 0.005036061 135.17993 0.53178203 0.8468128 -0.008902621 124.42163 0.00046931207 0.010217218 0.9999478 9.913452
0.8541932 -0.52005047 0.0070280544 135.89331 0.5200967 0.85414296 -0.009333201 124.86084 -0.0011495096 0.011625711 0.9999318 9.925049
0.8599308 -0.5102467 0.007470547 136.62231 0.51029783 0.85988647 -0.008923928 125.299805 -0.0018683239 0.011486812 0.9999322 9.93457
0.86782086 -0.496672 0.0076956605 137.37793 0.4967211 0.867799 -0.0069392077 125.73364 -0.0032321746 0.009845572 0.99994636 9.937744
0.8733437 -0.4870501 0.00758894 138.10938 0.48709244 0.87333673 -0.0053234436 126.15381 -0.0040355856 0.008345043 0.999957 9.944092
0.8801265 -0.47457978 0.007647341 138.86548 0.4746185 0.88012797 -0.004356622 126.58496 -0.004662956 0.0074642627 0.99996126 9.949341
0.8849765 -0.46562305 0.007797907 139.62183 0.4656672 0.8849718 -0.005294141 126.98413 -0.0044354615 0.008316321 0.9999556 9.955078
0.8902429 -0.4554408 0.0074388264 140.38892 0.45548233 0.8902368 -0.0053351186 127.374756 -0.004191755 0.008138113 0.9999581 9.958496
0.89477104 -0.4464616 0.007270028 141.19263 0.4465044 0.8947591 -0.0060024825 127.76001 -0.0038255171 0.008617576 0.99995565 9.95874
0.8978822 -0.44011673 0.0071411273 141.95752 0.44015533 0.89787674 -0.0051883087 128.15234 -0.004128011 0.0078023686 0.99996114 9.962769
0.9015686 -0.43255544 0.010507647 142.7622 0.43260473 0.9016015 -0.0028724982 128.54028 -0.008230933 0.0071348897 0.9999407 9.966431
0.9037895 -0.42774594 0.013383275 143.57666 0.42777947 0.9038727 0.00038955826 128.92578 -0.012263509 0.0053740214 0.9999104 9.9592285
0.9069362 -0.42101976 0.01530142 144.38916 0.42101637 0.9070598 0.0035975785 129.32324 -0.015394239 0.0031782337 0.99987656 9.956421
0.91055673 -0.41298527 0.016411748 145.2373 0.41294324 0.91070366 0.006025985 129.68896 -0.017435787 0.0012894012 0.9998473 9.950562
0.91312987 -0.40723252 0.018080713 146.08398 0.40715042 0.91330886 0.008175908 130.08618 -0.019842908 -0.00010425225 0.9998032 9.9383545
0.9162529 -0.40013838 0.020290814 146.95605 0.4000289 0.9164774 0.009367345 130.47437 -0.022344736 -0.00046882778 0.9997504 9.926392
0.92042774 -0.39024085 0.022962255 147.84082 0.39012834 0.92071414 0.009372996 130.83643 -0.024799382 0.00032984372 0.9996925 9.911865
0.9229478 -0.38408813 0.024377273 148.72412 0.38397166 0.92326933 0.00947736 131.22168 -0.026147945 0.00061177067 0.9996582 9.896606
0.92611885 -0.37642673 0.024611173 149.6333 0.37634182 0.9264441 0.008169951 131.61401 -0.025876712 0.0016939297 0.9996639 9.865845
0.930858 -0.36451995 0.025144618 150.56982 0.36448422 0.93119127 0.006152071 131.95337 -0.02565671 0.0034366308 0.999665 9.8573
0.93414795 -0.3560198 0.024470864 151.49487 0.3560168 0.9344581 0.0046228897 132.32056 -0.024512984 0.0043929974 0.99969006 9.8342285
0.9389576 -0.34324685 0.023012577 152.48804 0.3432569 0.9392289 0.0036387271 132.6748 -0.022862425 0.004484269 0.99972856 9.818848
0.94329166 -0.33131167 0.02133897 153.43018 0.3312688 0.9435313 0.0056147 133.03369 -0.0219942 0.0017718265 0.9997565 9.79834
0.94895065 -0.31463006 0.021440895 154.4143 0.31449413 0.9491899 0.009531298 133.36841 -0.02335095 -0.002302039 0.9997249 9.778564
0.9549594 -0.2958049 0.02359039 155.469 0.29557002 0.95523536 0.012967393 133.69067 -0.026370656 -0.005410382 0.9996376 9.758057
0.9606181 -0.27681398 0.024264691 156.45996 0.2764881 0.960886 0.015956413 134.00269 -0.027732024 -0.008618848 0.9995782 9.73645
0.9665084 -0.25532153 0.025589535 157.52563 0.25491577 0.96678525 0.018082967 134.28711 -0.02935792 -0.010952583 0.99950886 9.7146
0.97184026 -0.23416659 0.026381636 158.59619 0.23369296 0.9721099 0.019841392 134.56323 -0.030291075 -0.013117165 0.99945503 9.68811
0.9766718 -0.21268685 0.02952364 159.66602 0.21213776 0.9770183 0.020672671 134.80518 -0.033242296 -0.013929862 0.9993508 9.662476
0.98128563 -0.18956372 0.033774965 160.75635 0.18886894 0.9817381 0.022714358 135.02856 -0.037465118 -0.01590847 0.9991709 9.628784
0.9850791 -0.16786087 0.03789722 161.88477 0.16701221 0.98564607 0.024564357 135.2273 -0.041477762 -0.017867517 0.9989795 9.5979
0.98866206 -0.14427158 0.04168369 163.02246 0.14325434 0.9893349 0.026458273 135.4143 -0.045054853 -0.020186696 0.9987804 9.554077
0.9915259 -0.12305549 0.041643165 164.15527 0.121956974 0.9921418 0.02797215 135.57007 -0.044757616 -0.022655573 0.9987406 9.511963
0.9940558 -0.101185925 0.04018907 165.30249 0.10003776 0.99454266 0.029631276 135.7024 -0.04296754 -0.02543513 0.99875283 9.466919
0.99611014 -0.07857381 0.03985245 166.4895 0.07741892 0.9965541 0.02973844 135.79346 -0.042052194 -0.026536541 0.9987628 9.420166
0.9973786 -0.059070796 0.04180864 167.6958 0.05795755 0.9979447 0.02735864 135.8772 -0.043338533 -0.024864346 0.9987511 9.380615
0.9982921 -0.03771567 0.044620804 168.87354 0.03642965 0.9989068 0.029294016 135.94849 -0.045676976 -0.02761862 0.9985747 9.337891
0.99882925 -0.015023568 0.045989886 170.12378 0.013731281 0.99950546 0.028288178 135.97607 -0.046392124 -0.027623706 0.9985415 9.289673
0.99887735 0.0033540132 0.047249768 171.31299 -0.004771362 0.9995411 0.029914754 135.9812 -0.047127746 -0.030106643 0.9984349 9.239258
0.9985183 0.025680877 0.047980335 172.57422 -0.027146727 0.99917644 0.030156156 135.979 -0.047166348 -0.03141393 0.99839324 9.189087
0.9978462 0.044303734 0.048367538 173.81543 -0.045961984 0.9983738 0.03372681 135.93872 -0.046794824 -0.03587773 0.9982599 9.139038
0.99677813 0.06425503 0.047985908 175.08936 -0.06590136 0.997261 0.033559468 135.86646 -0.045698274 -0.0366146 0.9982844 9.080933
0.99539703 0.0840416 0.04607131 176.34668 -0.085658744 0.995733 0.03432561 135.77759 -0.042989764 -0.038113687 0.99834836 9.03772
0.9937814 0.10202747 0.044597168 177.61597 -0.10366785 0.9939546 0.036152564 135.66528 -0.040638696 -0.040551215 0.9983505 8.993408
0.99177295 0.12058339 0.042903718 178.93188 -0.122179985 0.9918252 0.036737874 135.5127 -0.038121145 -0.041680112 0.99840266 8.944946
0.98911 0.14139418 0.04081132 180.22266 -0.14289935 0.98905534 0.03667618 135.34326 -0.035178773 -0.042108566 0.99849397 8.909546
0.9861665 0.16188258 0.035658352 181.57031 -0.16322175 0.9858378 0.038525242 135.13574 -0.028916998 -0.04381277 0.99862117 8.864014
0.98306113 0.18069036 0.030826347 182.90942 -0.18186288 0.9824828 0.040771764 134.9126 -0.022919795 -0.04568767 0.9986926 8.838989
0.98052794 0.19461538 0.026437515 184.17139 -0.19562706 0.9797193 0.043469816 134.68652 -0.017442577 -0.047795244 0.99870473 8.8125
0.9766861 0.21340895 0.023443706 185.52051 -0.21428874 0.9757136 0.045511644 134.40356 -0.013161666 -0.04947247 0.9986886 8.799683
0.97210455 0.23349398 0.021862637 186.89185 -0.23430255 0.97096074 0.04818957 134.09229 -0.009974868 -0.05196698 0.9985991 8.788452
0.96831226 0.24879025 0.02235796 188.22705 -0.2495974 0.96721095 0.04722953 133.76367 -0.009880593 -0.051312 0.99863446 8.780884
0.9632543 0.2676745 0.022274913 189.56567 -0.2684436 0.9622043 0.04588564 133.40869 -0.009151545 -0.050178204 0.9986985 8.780273
0.9583014 0.28521246 0.017972404 190.91748 -0.28575027 0.95718944 0.04632015 133.01709 -0.00399211 -0.049523503 0.998765 8.787109
0.9534747 0.30105403 0.015868656 192.26831 -0.30147153 0.9522452 0.048411418 132.61572 -0.00053763296 -0.050943706 0.9987017 8.787476
0.9478463 0.3183342 0.015998177 193.61035 -0.31873518 0.9465458 0.049645655 132.1831 0.000658676 -0.052155137 0.99863905 8.789551
0.94247264 0.33377868 0.01690178 194.98218 -0.3342028 0.9410329 0.05210337 131.71802 0.0014876674 -0.054755855 0.99849904 8.806274
0.9354586 0.3530684 0.015068099 196.35352 -0.3533498 0.9338608 0.054917417 131.22412 0.0053179166 -0.056698933 0.9983777 8.81665
0.9287211 0.37048942 0.013901511 197.67456 -0.37066513 0.92705256 0.056206137 130.72021 0.007938234 -0.05735328 0.9983224 8.834106
0.9215971 0.38788927 0.011594358 199.03955 -0.38789138 0.91989315 0.05719141 130.17188 0.011522878 -0.05720579 0.99829596 8.852417
0.9139141 0.4057653 0.0071145264 200.37842 -0.40547606 0.9122526 0.057602346 129.58252 0.016891817 -0.055528224 0.99831355 8.888794
0.90568995 0.4238439 0.0033667656 201.71411 -0.42324227 0.90392065 0.061013278 128.99634 0.02282177 -0.056682196 0.99813116 8.930542
0.89548934 0.4451425 0.0020172447 203.05957 -0.44434515 0.8935948 0.06406962 128.36108 0.026705258 -0.058271427 0.99794453 8.974731
0.8827284 0.46984878 0.0026876973 204.3894 -0.46895903 0.88067424 0.06682295 127.67847 0.029030023 -0.06024898 0.9977614 9.022461
0.87022513 0.4925752 0.0034153704 205.71606 -0.49153757 0.8678981 0.071273156 126.951904 0.032139875 -0.06370522 0.9974522 9.082153
0.85432816 0.51979095 0.0039520604 207.031 -0.5185662 0.8517414 0.075488836 126.221924 0.035872195 -0.06653698 0.9971381 9.136963
0.83973783 0.5429193 0.0045655663 208.29688 -0.5415384 0.83694 0.07881302 125.44336 0.038964886 -0.06865564 0.99688005 9.203857
0.82415503 0.5662705 0.0040286025 209.594 -0.564726 0.82133746 0.08000685 124.60571 0.04199943 -0.068219595 0.9967869 9.281738
0.80769134 0.5895114 0.003499864 210.84888 -0.5877757 0.8048278 0.08168665 123.71338 0.04534903 -0.06803722 0.99665165 9.35437
0.79060453 0.61234766 0.0009888334 212.08667 -0.61029106 0.7878152 0.08315586 122.80737 0.05015087 -0.06634112 0.99653447 9.434448
0.7745736 0.6324431 -0.0014583375 213.29443 -0.62998873 0.7717682 0.08626002 121.86304 0.055673152 -0.06589101 0.9962727 9.533203
0.7573064 0.65308005 -0.0032592816 214.4668 -0.65035343 0.75458324 0.087646015 120.88306 0.059693106 -0.06424868 0.99614644 9.62854
0.741355 0.6710481 -0.004661736 215.65576 -0.6681262 0.73874253 0.08834871 119.886475 0.06271606 -0.062378623 0.9960805 9.732788
0.7254666 0.68822116 -0.005206736 216.77612 -0.6851293 0.7228844 0.089527786 118.86133 0.06537368 -0.06138598 0.99597156 9.839478
0.708387 0.70585835 -0.0054954905 217.89185 -0.7026939 0.70590657 0.08943146 117.78662 0.06699098 -0.059498023 0.9959792 9.95459
0.6941887 0.7198254 -0.007071603 218.98169 -0.7164985 0.69186085 0.089734636 116.70288 0.06949005 -0.057227027 0.9959396 10.069092
0.6780335 0.73510265 -0.009302365 220.0415 -0.73147744 0.67584586 0.09145455 115.60181 0.07350638 -0.05521044 0.9957658 10.18689
0.6640354 0.74748224 -0.011732867 221.07227 -0.7434923 0.6619662 0.09399185 114.46802 0.07802432 -0.053695224 0.99550545 10.324219
0.6477652 0.7618482 -0.0129765775 222.13013 -0.7575993 0.64578545 0.09584208 113.28906 0.08137944 -0.052250125 0.99531245 10.447266
0.63163817 0.77521044 -0.012781178 223.12915 -0.770917 0.6297227 0.095987596 112.12842 0.08246962 -0.050769582 0.9952986 10.588257
0.6156623 0.78788036 -0.010223198 224.09155 -0.7835561 0.6135483 0.097463064 110.94092 0.08306789 -0.051992044 0.9951866 10.730835
0.59837157 0.80107063 -0.005425454 225.06519 -0.7968891 0.59591436 0.09823769 109.7207 0.08192506 -0.05446131 0.99515 10.875366
0.57912123 0.81522506 -0.00086141285 225.97803 -0.8112076 0.576372 0.0985647 108.46973 0.0808347 -0.056385048 0.99513197 11.012817
0.5637396 0.8260193 0.0037741626 226.8623 -0.82214445 0.5606415 0.09941906 107.26538 0.079990804 -0.059143864 0.995039 11.153687
0.54304993 0.8396654 0.0060995733 227.72168 -0.8355206 0.53961766 0.10342 106.02246 0.08355326 -0.06125823 0.9946185 11.300781
0.52764106 0.8494204 0.009133996 228.51904 -0.84516877 0.5238562 0.10615188 104.76611 0.085391566 -0.06374431 0.9943077 11.446899
0.5066989 0.86210537 0.011666755 229.30127 -0.85790986 0.5027942 0.10626386 103.50464 0.085745886 -0.06384942 0.99426866 11.599121
0.48538864 0.87418723 0.015682751 230.0498 -0.87028414 0.48134473 0.10468271 102.23999 0.083972335 -0.06443425 0.9943798 11.746704
0.4651718 0.8848301 0.019432897 230.74756 -0.8812864 0.46106532 0.10218115 100.97241 0.08147195 -0.064660996 0.99457586 11.884399
0.44453388 0.895455 0.023245076 231.42676 -0.89216787 0.44028345 0.1008684 99.67944 0.08010145 -0.06556839 0.9946269 12.029419
0.42314556 0.9057875 0.024323093 232.06079 -0.90256566 0.4189637 0.099698626 98.38916 0.080102816 -0.0641371 0.99472106 12.166382
0.40273836 0.91478115 0.026265718 232.64526 -0.91170377 0.39856204 0.09830324 97.12012 0.0794514 -0.06356091 0.99481237 12.300293
0.37869266 0.92519355 0.025781084 233.21753 -0.92202765 0.3746753 0.09767154 95.81348 0.08069889 -0.060757592 0.9948852 12.434204
0.35743728 0.9336374 0.025528826 233.74536 -0.9303367 0.35349524 0.09798725 94.526855 0.08246475 -0.058744818 0.9948586 12.569092
0.33478615 0.941824 0.025024513 234.20923 -0.9384601 0.33100373 0.09733565 93.261475 0.083398 -0.05609831 0.99493825 12.701538
0.3146257 0.9490004 0.024762444 234.67822 -0.94573236 0.31106108 0.09503405 91.93506 0.0824964 -0.05330689 0.9951639 12.838745
0.29300252 0.95590514 0.02503199 235.09619 -0.95267946 0.28956053 0.09373126 90.67871 0.08233146 -0.051285114 0.99528253 12.968018
0.27329212 0.96154296 0.025672842 235.47852 -0.9578757 0.26962176 0.09846805 89.41992 0.08773822 -0.051518902 0.99481153 13.099976
0.25095862 0.96765584 0.028739186 235.85059 -0.963201 0.24660563 0.10766069 88.13843 0.097087115 -0.054686375 0.9937714 13.240601
0.2348437 0.9715169 0.030641122 236.18188 -0.9663589 0.22997178 0.11489546 86.89526 0.10458715 -0.056609523 0.99290484 13.388916
0.21571164 0.9758353 0.035173073 236.48438 -0.97036844 0.210204 0.11928013 85.63623 0.10898538 -0.059880547 0.9922398 13.543579
0.194612 0.9801075 0.038736567 236.7649 -0.9746925 0.18880688 0.11964359 84.400635 0.10995354 -0.061059885 0.9920614 13.6953125
0.1752644 0.98352903 0.044201817 237.0188 -0.97837275 0.16898304 0.11928286 83.14819 0.10987329 -0.064143725 0.9918733 13.850342
0.15684406 0.9864728 0.04874508 237.25024 -0.9816221 0.15023501 0.118102066 81.90918 0.1091977 -0.06636208 0.99180186 14.006836
0.13813242 0.9891378 0.050331037 237.44678 -0.9844141 0.13153447 0.116750136 80.67236 0.10884943 -0.06564352 0.99188536 14.159302
0.121217005 0.99131733 0.052251708 237.61719 -0.9866397 0.11451029 0.11642006 79.458984 0.109417856 -0.065610394 0.9918231 14.310791
