1.000000000000000000e+00 4.398956837314658088e-19 2.733407509747682871e-20 -8.673617379884035472e-19 -5.583667658079949532e-19 1.000000000000000000e+00 -6.100159232558060012e-19 0.000000000000000000e+00 4.145284534913582806e-20 -2.210423569125054137e-19 1.000000000000000222e+00 0.000000000000000000e+00
9.999379533878753890e-01 -1.411622739579050092e-03 1.104973808329656228e-02 5.132945525356889804e-02 1.405787877848245623e-03 9.999988683350057306e-01 5.358044894797710277e-04 -9.212420548719887914e-03 -1.105048212320437068e-02 -5.202376503351085731e-04 9.999388062198260041e-01 2.871867849124975502e-01
9.998438554977795434e-01 -2.820278712035033646e-03 1.744450273609605973e-02 6.382649773958565254e-02 2.809360973373543988e-03 9.999958422689914084e-01 6.503309765245486856e-04 -1.283117909585571037e-02 -1.744626462238101777e-02 -6.012215131191425352e-04 9.998476215725589089e-01 5.713950421650260125e-01
9.997928300403522428e-01 -4.842483774817845157e-03 1.976986040851240814e-02 7.711371649750431434e-02 4.850295514531464437e-03 9.999881769681188137e-01 -3.472012173300313568e-04 -1.543285529037738413e-02 -1.976794569473263805e-02 4.430189787113211807e-04 9.998044969073360821e-01 8.926783735126457842e-01
9.998175636581356773e-01 -6.298265463330885751e-03 1.803250631236319457e-02 6.357342670831268860e-02 6.325881458278550737e-03 9.999789038332320690e-01 -1.474822416464316140e-03 -1.881813110079423590e-02 -1.802283738536759536e-02 1.588624888298744093e-03 9.998363133951505555e-01 1.187741720250235389e+00
9.998912313209988856e-01 -9.405206269749472048e-03 1.136079455071196780e-02 6.319550537640152010e-02 9.444330742906780277e-03 9.999496377441420281e-01 -3.395081146353284406e-03 -1.993082560827789951e-02 -1.132829115535394227e-02 3.502007018374306540e-03 9.999297004050368143e-01 1.515769657559800532e+00
9.999515767334954397e-01 -9.805463527447114136e-03 -8.349187892754514513e-04 4.362561843591618999e-02 9.801779702185721074e-03 9.999426830880199235e-01 -4.307625415685095542e-03 -2.830357762159005364e-02 8.771092104798714276e-04 4.299233181931300281e-03 9.999903735906581215e-01 1.831297880522170463e+00
9.998122204608564934e-01 -9.448587662421946767e-03 -1.691886510167230073e-02 2.405804124222192530e-02 9.370027827978067575e-03 9.999449766109805848e-01 -4.716599736006072199e-03 -3.618996080076289368e-02 1.696249966494734612e-02 4.557183851095087876e-03 9.998457409562496734e-01 2.153280457193988973e+00
9.993285478434097424e-01 -6.076446485591471651e-03 -3.613212145541916387e-02 3.152668846331431116e-03 5.898032542737231994e-03 9.999698934323815180e-01 -5.042363643255138618e-03 -4.380222392448630819e-02 3.616167391639621420e-02 4.825869524358940808e-03 9.993343006197498157e-01 2.499931453287919769e+00
9.984443599386851886e-01 -2.581569357254068046e-03 -5.569735612361047944e-02 -5.516612089842904548e-02 2.253318339375759080e-03 9.999797272468953224e-01 -5.955472144699373860e-03 -5.066395643658387626e-02 5.571160240874083874e-02 5.820703703564741177e-03 9.984299358972509308e-01 2.853771599959972427e+00
9.971291014521106444e-01 -2.270149402620073951e-03 -7.568620255991033441e-02 -1.053136738980473136e-01 1.809019720183790243e-03 9.999793866887074500e-01 -6.160652801401067871e-03 -5.340787947883039732e-02 7.569862932427015578e-02 6.006048346299172440e-03 9.971126541695949363e-01 3.209737266093219521e+00
9.953527330820690633e-01 -2.648378246476873043e-03 -9.625966210463976491e-02 -1.536534118330895038e-01 2.107729451185733766e-03 9.999814318671292890e-01 -5.717813790983960164e-03 -6.084723871441602427e-02 9.627301933819869262e-02 5.488352223045618594e-03 9.953398334391029278e-01 3.594902103550991601e+00
9.932385147342668308e-01 -3.825162453346722582e-03 -1.160285335275383356e-01 -2.118842629288341661e-01 3.274545125113496619e-03 9.999824575698249562e-01 -4.935777715464501579e-03 -7.521741370475411304e-02 1.160453802621581737e-01 4.522463795920956750e-03 9.932336167459940857e-01 3.981554401429159284e+00
9.910668345041149241e-01 -3.231440326144239573e-03 -1.333269922101822103e-01 -2.832916380393002975e-01 2.669391377599238894e-03 9.999867830196983443e-01 -4.394101891985316422e-03 -7.749943790791052889e-02 1.333394316133417468e-01 3.998946645761924587e-03 9.910623617585851974e-01 4.384476331741681498e+00
9.887184061326249607e-01 -2.772516469182006657e-03 -1.497605620169561724e-01 -3.717929389688177100e-01 2.218311792210398998e-03 9.999900606067816389e-01 -3.867528543803437028e-03 -8.694783131040112467e-02 1.497697988646755352e-01 3.491680933423082361e-03 9.887147293871220155e-01 4.792065202579887107e+00
9.865820847493873558e-01 -1.979519881979450308e-03 -1.632540072048723756e-01 -4.556673692326155822e-01 1.370278833206078515e-03 9.999916714932118866e-01 -3.844382691259667049e-03 -8.823394198572917513e-02 1.632602603984115719e-01 3.569095464158054433e-03 9.865765807164725842e-01 5.211343791552152105e+00
9.845046829303036873e-01 -2.788224696682464927e-03 -1.753361181318342232e-01 -5.473791220744443908e-01 2.029871459797563671e-03 9.999877952146287718e-01 -4.504335763267574948e-03 -9.644326501161107346e-02 1.753465403249072074e-01 4.078629749195810707e-03 9.844983272450145151e-01 5.658122784899620505e+00
9.828174004025151955e-01 -5.306416522037438015e-03 -1.845041966321525340e-01 -6.476154655035657459e-01 4.203512394717377233e-03 9.999708872304780005e-01 -6.368293989221547255e-03 -1.135736329772571024e-01 1.845326212149722978e-01 5.483304351255563307e-03 9.828110937115480672e-01 6.088716175886822235e+00
9.811725095133670971e-01 -4.833018494021131851e-03 -1.930729074841683046e-01 -7.348730764892738021e-01 3.328701799283419714e-03 9.999615318750875170e-01 -8.115079134218758372e-03 -1.179215416045037990e-01 1.931047039961356904e-01 7.319610318463135902e-03 9.811508535935968833e-01 6.539087489690863286e+00
9.797261933698826475e-01 -5.111906766875267544e-03 -2.002759433205918704e-01 -8.530689534243760530e-01 3.153490792593987950e-03 9.999440576719923479e-01 -1.009638636745259672e-02 -1.211906628341350711e-01 2.003163546640682469e-01 9.260125744824146063e-03 9.796875058359753030e-01 7.023234330075664111e+00
9.781617405493989725e-01 -5.413251589304937314e-03 -2.077746495822585804e-01 -9.532752440921400394e-01 2.847206662016965248e-03 9.999159673064309528e-01 -1.264720268701928323e-02 -1.369695935164455536e-01 2.078256557966814133e-01 1.177943234899733911e-02 9.780949559188247822e-01 7.504444813399727465e+00
9.763363384990502158e-01 -9.287335988379875201e-03 -2.160580904008344572e-01 -1.069264352933765982e+00 6.297349293175453361e-03 9.998747030754737697e-01 -1.452313779016601789e-02 -1.451075277756998516e-01 2.161659039785018832e-01 1.281887383751181310e-02 9.762724924578627395e-01 7.999460991949245425e+00
9.745748843821681051e-01 -1.449173856751167187e-02 -2.235928958998400773e-01 -1.186814953036775533e+00 1.126871011470425253e-02 9.998134965420008013e-01 -1.568401370132386716e-02 -1.628335389953377565e-01 2.237784875418857289e-01 1.276564223512366598e-02 9.745564263082538980e-01 8.526998378720410443e+00
9.725963006983240344e-01 -1.585036111857521246e-02 -2.319594807237105039e-01 -1.331427345486630553e+00 1.210834832694871431e-02 9.997727171693774340e-01 -1.754713321049098176e-02 -1.888275133870337685e-01 2.321848927226467241e-01 1.425763058824705727e-02 9.725671682741308111e-01 9.039711144316756375e+00
9.703450720045897482e-01 -1.223367308443435754e-02 -2.414141196394924971e-01 -1.466010968370198730e+00 7.185668633249673275e-03 9.997369753194133013e-01 -2.177949339659604813e-02 -1.835289443618541849e-01 2.416170691362120315e-01 1.939890218746327666e-02 9.701777547577452587e-01 9.554328331738274116e+00
9.683691359893469297e-01 -9.613571812836070596e-03 -2.493367086906847774e-01 -1.617493738635643163e+00 3.479596909830086002e-03 9.996806377724148929e-01 -2.503027889036595413e-02 -1.988231522680857233e-01 2.494977146461661577e-01 2.337095829559394933e-02 9.680933271648872740e-01 1.010185563297381961e+01
9.660708520536148702e-01 -1.168564480199549456e-02 -2.580126993665535218e-01 -1.780035366195701352e+00 4.920577781276511999e-03 9.996273609264374471e-01 -2.685008736439375293e-02 -2.230513022148345459e-01 2.582303187858524529e-01 2.466951522161769939e-02 9.657683567875400277e-01 1.065991862708127513e+01
9.636381866044265720e-01 -1.336118849991115541e-02 -2.668762304643552685e-01 -1.934524386153311903e+00 5.972806725086095975e-03 9.995765956712152622e-01 -2.847727082619325861e-02 -2.514321321903409956e-01 2.671437286986515502e-01 2.584778547789888178e-02 9.633099821906077054e-01 1.122917784159070287e+01
9.614756177301607698e-01 -1.345107191858776509e-02 -2.745609286121376003e-01 -2.115972171890719178e+00 5.107576586484826806e-03 9.995038235626397816e-01 -3.108085155328959084e-02 -2.781011533214493014e-01 2.748427734510520137e-01 2.848113999719207451e-02 9.610672589430361290e-01 1.179327236840526005e+01
9.591860097804597585e-01 -1.285119209184709330e-02 -2.824837053031283296e-01 -2.315461350467762358e+00 3.226848393539070298e-03 9.993991663638177592e-01 -3.450932788426666620e-02 -2.948264446347277912e-01 2.827574704590120613e-01 3.218933247039337114e-02 9.586511678008493575e-01 1.238358773948095148e+01
9.569882142433969729e-01 -1.429230359414390347e-02 -2.897745434585993207e-01 -2.495479843802531850e+00 2.813859343307981153e-03 9.991961317122842745e-01 -3.998965560264033936e-02 -3.300206522896810268e-01 2.901131521794376722e-01 3.745424438717669807e-02 9.562591386972725260e-01 1.297973252547207679e+01
9.549860827169524002e-01 -1.488861285643335031e-02 -2.962767441607441210e-01 -2.685943087520743955e+00 1.144716210436782415e-03 9.989172513532701414e-01 -4.650822036308694535e-02 -3.587892398970713437e-01 2.966483988996411747e-01 4.407555053266448697e-02 9.539691164715220495e-01 1.358255427050507613e+01
9.535299299420602059e-01 -1.571258658463841815e-02 -3.008883270945375554e-01 -2.902074235783882905e+00 -7.791147661985331355e-04 9.985073600811282812e-01 -5.461176457106237808e-02 -3.941999431323517378e-01 3.012973064132051793e-01 5.230837880197006240e-02 9.520944116081394570e-01 1.418963894932170433e+01
9.522301511753786807e-01 -1.582268339233487697e-02 -3.049711132048212869e-01 -3.100702359013070453e+00 -3.734654514016136524e-03 9.979787530018967567e-01 -6.343863882617289951e-02 -4.420878224049147875e-01 3.053584659832583315e-01 6.154714668364793390e-02 9.502463670002474494e-01 1.481562282697319866e+01
9.511712821409376017e-01 -1.489748445095488358e-02 -3.083038354500924338e-01 -3.343533005572123962e+00 -7.724374051672196033e-03 9.973729237829243033e-01 -7.202489106671060293e-02 -4.875619008700520229e-01 3.085668927456674537e-01 7.088946251019079270e-02 9.485574093630287917e-01 1.547046652757800977e+01
9.498292263136548508e-01 -1.379459007701609036e-02 -3.124646348620913616e-01 -3.565917067150878417e+00 -1.149814819758795438e-02 9.968115542341683399e-01 -7.895896349438956408e-02 -5.405323543865547808e-01 3.125575701901489589e-01 7.859029633263028836e-02 9.466421355200022036e-01 1.611742991188430452e+01
9.481956431933171725e-01 -1.212460086742388199e-02 -3.174555309560986860e-01 -3.802259445519451830e+00 -1.599296036171237584e-02 9.961826313737732752e-01 -8.581602502962522305e-02 -6.083037276135362381e-01 3.172841766329207447e-01 8.644743528736180405e-02 9.443821230599478422e-01 1.676704276356757717e+01
9.462837447363948717e-01 -1.147441296897408133e-02 -3.231337340414693338e-01 -4.038373246920756721e+00 -1.915078228597085624e-02 9.956267192853054393e-01 -9.143677250456835881e-02 -6.747320411369673865e-01 3.227697683002594964e-01 9.271339584928571520e-02 9.419256367344258640e-01 1.743805610845455334e+01
9.447214824214963391e-01 -8.984982235203060885e-03 -3.277508023868160314e-01 -4.285117659409038993e+00 -2.411234631630749733e-02 9.950137085049279850e-01 -9.677972219928081266e-02 -7.475862259502666918e-01 3.269861109968929536e-01 9.933272409956285520e-02 9.397941771642728259e-01 1.811677093759755763e+01
9.426439688822653151e-01 -7.231142482106256257e-03 -3.337215248524573741e-01 -4.529049886473488051e+00 -2.773672619098672965e-02 9.946110357624802223e-01 -9.989775548064895594e-02 -8.248767357328742333e-01 3.326454920506696777e-01 1.034243599214500903e-01 9.373635264726658534e-01 1.881255624891194600e+01
9.410512917449237458e-01 -5.901459312914715365e-03 -3.382124135291296740e-01 -4.802981560197697064e+00 -3.022137456848678419e-02 9.943825483724250125e-01 -1.014397161152399279e-01 -9.044605181357141532e-01 3.369111697424426732e-01 1.056812205873552818e-01 9.355866318743271126e-01 1.950344269189555746e+01
9.390489027829285185e-01 -5.302695856474188077e-03 -3.437426902615206559e-01 -5.099364134843235696e+00 -3.119025624115464093e-02 9.944432637281321874e-01 -1.005473179114156346e-01 -9.937489166426929366e-01 3.423657804561155427e-01 1.051402718124260227e-01 9.336654637013522828e-01 2.021896114084360363e+01
9.366727417862913407e-01 -5.299925584043632502e-03 -3.501657936010331151e-01 -5.369992615959265692e+00 -3.152125040876669476e-02 9.945511142217944300e-01 -9.937047837954522678e-02 -1.078872274217093308e+00 3.487844422647519149e-01 1.041152827456192365e-01 9.314018591926126467e-01 2.094628966970757844e+01
9.341698703849338203e-01 -4.720997584243827143e-03 -3.567973693598415208e-01 -5.644587158401724203e+00 -3.216591913695896615e-02 9.947274511650023854e-01 -9.737890711080955664e-02 -1.156139275314302495e+00 3.553758694424860587e-01 1.024451569879991225e-01 9.290925593756310663e-01 2.165477203853191668e+01
9.313600926118417167e-01 -5.565761822414847827e-03 -3.640568601513893832e-01 -5.943300234854588027e+00 -3.094560027037707509e-02 9.950551539599653550e-01 -9.438013778529971698e-02 -1.251992157374001602e+00 3.627819585789754941e-01 9.916785252524640271e-02 9.265824249954707215e-01 2.237949207243242356e+01
9.276754297843731178e-01 -2.155896065554177999e-03 -3.733813682947738077e-01 -6.279740723422587934e+00 -3.338654519817547267e-02 9.954988981836758732e-01 -8.869770197591744787e-02 -1.321575435032684265e+00 3.718919701115909748e-01 9.474859326594260722e-02 9.234278908049663448e-01 2.317678601448396591e+01
9.242422193279876685e-01 9.022547918439313653e-04 -3.818055826292370281e-01 -6.597183339864134410e+00 -3.534787273414995851e-02 9.959046221262471965e-01 -8.321365004593975212e-02 -1.401010362747159288e+00 3.801668710721162192e-01 9.040558422725815391e-02 9.204889914972690379e-01 2.390167167191381026e+01
9.207048227758712899e-01 4.834052728009544282e-03 -3.902297504063476086e-01 -6.922584740396150238e+00 -3.888263476990626299e-02 9.960842108434468933e-01 -7.940016164168432755e-02 -1.474825164271482025e+00 3.883178750486757091e-01 8.827727307102689602e-02 9.172874980501536379e-01 2.463730812227229805e+01
9.168773350009525869e-01 4.846652089064234191e-03 -3.991396488006076493e-01 -7.253790401859126824e+00 -3.906991461951980771e-02 9.962146860296398065e-01 -7.765205187266377429e-02 -1.551688248168529904e+00 3.972524342241228190e-01 8.679175881368499101e-02 9.135960252408594773e-01 2.538132734122624257e+01
9.127337707718811144e-01 5.695379409895792201e-03 -4.085151440562788672e-01 -7.601249991794892580e+00 -4.042924776618854465e-02 9.962541487600662382e-01 -7.644048049227583630e-02 -1.629895162362777095e+00 4.065495565117480670e-01 8.628576839661925013e-02 9.095450663053648022e-01 2.613674116643236900e+01
9.089870718774920588e-01 5.257360950493512874e-03 -4.167911464593843096e-01 -7.973584264502868280e+00 -4.036956477008347283e-02 9.963301715637306044e-01 -7.547507885042148423e-02 -1.695718785753159707e+00 4.148648018237011681e-01 8.543154851371376202e-02 9.058634832133400927e-01 2.690620550167055924e+01
9.052049409071866171e-01 5.784478539927490753e-03 -4.249359376295019919e-01 -8.360918630004716690e+00 -4.108557377217475493e-02 9.964147179169913215e-01 -7.395732286383879805e-02 -1.763932413316685377e+00 4.229846251183282391e-01 8.440527127677642516e-02 9.021971850495893452e-01 2.769749098710287782e+01
9.013066125896735947e-01 6.826697470344066272e-03 -4.331279054692174224e-01 -8.747474159258000981e+00 -4.193267957376926869e-02 9.965550713856631271e-01 -7.155166065897594629e-02 -1.837763911811991724e+00 4.311473565955938336e-01 8.265219893445109600e-02 8.984879379578668557e-01 2.848374459408377746e+01
8.975067501038709317e-01 6.937165610117258276e-03 -4.409461478657751843e-01 -9.139262112637496216e+00 -4.068415110188979000e-02 9.969147536831366452e-01 -6.712506091628085703e-02 -1.908556283016350497e+00 4.391200702479312601e-01 7.818471529919725216e-02 8.950199540053006553e-01 2.924617769415006663e+01
8.936991216514548197e-01 8.029408190895852976e-03 -4.485949225114750916e-01 -9.564793103577766686e+00 -4.008546018849781095e-02 9.972703043733355255e-01 -6.200883779578456739e-02 -1.968195234023833340e+00 4.468725083071881654e-01 7.339937804642907015e-02 8.915814582044049308e-01 3.006101731248731213e+01
8.899647160340854457e-01 8.050628830084874746e-03 -4.559583176203926280e-01 -9.974221366584554715e+00 -3.850147454152403476e-02 9.976007922137321016e-01 -5.753517098736184859e-02 -2.040244289282174606e+00 4.544011923672150455e-01 6.875933988498146576e-02 8.881394674647353771e-01 3.085494845045545986e+01
8.863770151766627858e-01 6.872317866218943978e-03 -4.629131170274597973e-01 -1.041211336765941731e+01 -3.678695060841823822e-02 9.977737460634427125e-01 -5.562618085477663565e-02 -2.104374378831158410e+00 4.615002820062584221e-01 6.633493031355756908e-02 8.846565271115034435e-01 3.165548411332498446e+01
8.829983935229179792e-01 6.917494663019342280e-03 -4.693250269234331418e-01 -1.084877149680545649e+01 -3.662511704322594930e-02 9.978582071354024086e-01 -5.419962471997602504e-02 -2.162056849862366015e+00 4.679449123520908471e-01 6.504726577194165638e-02 8.813605485614527391e-01 3.247143844641652777e+01
8.797268409618307361e-01 7.358174371371183249e-03 -4.754224837432413087e-01 -1.129739469694226628e+01 -3.654067096311322538e-02 9.979694974841574195e-01 -5.216954594138368401e-02 -2.215673776470592493e+00 4.740732727230905219e-01 6.326720654262986410e-02 8.782094266811365513e-01 3.329183145056484960e+01
8.770876279676185217e-01 6.457233667680392468e-03 -4.802869896256194981e-01 -1.177916732395004296e+01 -3.526223195536948990e-02 9.980771476918682827e-01 -5.097629171846376761e-02 -2.278639284620218142e+00 4.790343110845790564e-01 6.164666615096428548e-02 8.756288151308614376e-01 3.413855226214166549e+01
8.741586119448471193e-01 5.629714890099498520e-03 -4.856078899532926818e-01 -1.226347302575773313e+01 -3.450762157557996784e-02 9.981253604130441159e-01 -5.054689917809697397e-02 -2.341114720412819317e+00 4.844129938746334907e-01 6.094318064542297853e-02 8.727141483459892601e-01 3.498553732009627026e+01
8.720608996183817352e-01 5.181014019910124176e-03 -4.893699415539703446e-01 -1.273190718796717924e+01 -3.448948686166884714e-02 9.981083775102396194e-01 -5.089343869900500583e-02 -2.398946084957233271e+00 4.881805671387548506e-01 6.126029622737146768e-02 8.705899807977762750e-01 3.581494178134745709e+01
8.708157363640880444e-01 4.572936275499969727e-03 -4.915882797239647939e-01 -1.323531923228799556e+01 -3.419629992844855360e-02 9.980980746633937306e-01 -5.129177795851507654e-02 -2.455142592608656749e+00 4.904187699175445170e-01 6.147618776871451030e-02 8.693158880296604218e-01 3.668078159538358562e+01
8.704085901150492299e-01 5.063527873498545155e-03 -4.923040139317593211e-01 -1.374954442074627003e+01 -3.453358197137738894e-02 9.981120973228418958e-01 -5.079048096756781649e-02 -2.514890486103229517e+00 4.911174212921514681e-01 6.120949206839158135e-02 8.689402058411550556e-01 3.755345733935886443e+01
8.701877227173436813e-01 4.291624840266698195e-03 -4.927016382926467930e-01 -1.425327961280724054e+01 -3.290808802421235635e-02 9.982355184649880364e-01 -4.942577745799812267e-02 -2.571658565824506582e+00 4.916201669084437897e-01 5.922357371236600110e-02 8.687935223963316744e-01 3.843742997844611864e+01
8.699808838864314664e-01 3.541624464651876164e-03 -4.930727266346157101e-01 -1.476850802353680692e+01 -3.171710322968290807e-02 9.983052820413235162e-01 -4.879128270930713218e-02 -2.629062789385271603e+00 4.920643154913627026e-01 5.808632191754464769e-02 8.686188424080153458e-01 3.933972155115290548e+01
8.692332866753439413e-01 1.857777122351401272e-03 -4.943986621757222033e-01 -1.527991462592075500e+01 -3.013370611411831518e-02 9.983328640798044828e-01 -4.922857206175960260e-02 -2.696769811148093332e+00 4.934829851792598698e-01 5.768917756683582254e-02 8.678401390323166043e-01 4.022795695012629835e+01
8.680311251351477964e-01 1.762895215235436624e-04 -4.965097479854883034e-01 -1.580873592561314034e+01 -2.866869260569582939e-02 9.983493619148787745e-01 -4.976602935508256387e-02 -2.756471381357344708e+00 4.956814253818488947e-01 5.743274787829227845e-02 8.666033745764160079e-01 4.115633937394181174e+01
8.665968895447011544e-01 -9.432557432380216317e-04 -4.990079522238295984e-01 -1.635130088692189432e+01 -2.665197867804827356e-02 9.984834021125785775e-01 -4.817227193985144929e-02 -2.815883691479831530e+00 4.982966051631397275e-01 5.504549038776797298e-02 8.652574715902087155e-01 4.205343850331338018e+01
8.644077478913891888e-01 -5.115521386791970024e-04 -5.027911879826326702e-01 -1.689606607150568252e+01 -2.520405226481715194e-02 9.986981861729544718e-01 -4.434736439560640897e-02 -2.882123031877968700e+00 5.021593420953024411e-01 5.100658078110802823e-02 8.632695574417292850e-01 4.299860037626886111e+01
8.617044248862735234e-01 -7.715214029768893266e-04 -5.074099760699366524e-01 -1.744533163775538753e+01 -2.282988487877246273e-02 9.989271998811861675e-01 -4.028952388936363899e-02 -2.939124044725368368e+00 5.068967195482863008e-01 4.630177232366915197e-02 8.607623752351426516e-01 4.389820394014601845e+01
8.577342477984409852e-01 -1.813337070973568754e-03 -5.140901348689776995e-01 -1.798178106525966058e+01 -2.096417036231589329e-02 9.990386039753369474e-01 -3.850157614903695208e-02 -3.000511345629926385e+00 5.136657158430563141e-01 4.380159356976495028e-02 8.568716111080852960e-01 4.478533479150721774e+01
8.524688169063370236e-01 -4.360091417549718726e-03 -5.227598879541140997e-01 -1.854543568006133825e+01 -1.948352882464283661e-02 9.990055290019154155e-01 -4.010417885944218136e-02 -3.064020010619964651e+00 5.224148852944423549e-01 4.437276919366753974e-02 8.515361121493180141e-01 4.571439437899130098e+01
8.466151959019347917e-01 -7.059867956807389447e-03 -5.321586819794311696e-01 -1.911543681184722843e+01 -1.862927327096187274e-02 9.989061261483948018e-01 -4.288940837886057872e-02 -3.125982060891694392e+00 5.318793702361828135e-01 4.622455434071109925e-02 8.455575862050759284e-01 4.659138266210148771e+01
8.403165585209738664e-01 -7.690278977980154369e-03 -5.420414517067825289e-01 -1.968795266300461932e+01 -1.824369880293020760e-02 9.989317858781336934e-01 -4.245532529829269125e-02 -3.185066697635799304e+00 5.417889380052987036e-01 4.556475376887880735e-02 8.392786221246854028e-01 4.749332801641890711e+01
8.346215199170901045e-01 -4.592977972368971623e-03 -5.508046996462092615e-01 -2.030152155998391805e+01 -1.958328272436870438e-02 9.990856343329019840e-01 -3.800513573770316483e-02 -3.236698500634294096e+00 5.504756289803057756e-01 4.250646821510335738e-02 8.337684258328659226e-01 4.836449402968873557e+01
8.297552899623866773e-01 -2.325130205309848183e-04 -5.581273140363396390e-01 -2.088865098057155834e+01 -2.229348238290748685e-02 9.991880515672056928e-01 -3.355947394682411850e-02 -3.284393420204812841e+00 5.576819560691779198e-01 4.028875235097711255e-02 8.290763887058636428e-01 4.922934086675977738e+01
8.256271976435791693e-01 -2.153705758428574128e-04 -5.642159852049927204e-01 -2.152726525668542124e+01 -2.327881885593579073e-02 9.991354217115842040e-01 -3.444569231112602076e-02 -3.348533557017542961e+00 5.637356046224087924e-01 4.157358200792302810e-02 8.249083655055378106e-01 5.013673889989467369e+01
8.222316628909845937e-01 -2.024703543397688484e-03 -5.691493537305347683e-01 -2.213728209615402065e+01 -2.435763856051036125e-02 9.989523176993828635e-01 -3.874238573328549207e-02 -3.393057675986496768e+00 5.686315176721996600e-01 4.571835040513658882e-02 8.213209091236668424e-01 5.098932263247036900e+01
8.192801992045768422e-01 -4.421728729755694878e-03 -5.733763137418814715e-01 -2.274261558173205700e+01 -2.614559719760482445e-02 9.986420834620850506e-01 -4.505992600991024638e-02 -3.472522149689208693e+00 5.727969691986901646e-01 5.190797126848979010e-02 8.180520771291845961e-01 5.186074665370325221e+01
8.156941421910369749e-01 -5.494246271347679074e-03 -5.784573218519388771e-01 -2.337550655159798296e+01 -2.646934586760015667e-02 9.985530844653800475e-01 -4.680930762206013396e-02 -3.528635499927541108e+00 5.778775347833920994e-01 5.349346492928405694e-02 8.143684733617272409e-01 5.272120720651370362e+01
8.129381695912809569e-01 -3.832328100105645858e-03 -5.823373928844950420e-01 -2.398803035214527313e+01 -2.602727505224272653e-02 9.987400124597783924e-01 -4.290650897553795196e-02 -3.590555307948241737e+00 5.817680968687193310e-01 5.003699431189740504e-02 8.118141333766669687e-01 5.356598741338055447e+01
8.094993601137002726e-01 -1.632216744475804707e-03 -5.871184848139420209e-01 -2.463414413786627222e+01 -2.560708569697601328e-02 9.989464142597223040e-01 -3.808331194182699997e-02 -3.640208295360197965e+00 5.865620754804394821e-01 4.586280990280496711e-02 8.086046876323319532e-01 5.443782166998285987e+01
8.066962589442672193e-01 -7.846557614764689990e-04 -5.909657548497977420e-01 -2.531202533839320523e+01 -2.499110854720983446e-02 9.990592634939607919e-01 -3.544054978287883295e-02 -3.698155591245352092e+00 5.904376306020511223e-01 4.335864812498634036e-02 8.059177617281130246e-01 5.530544252326451726e+01
8.035193564658845711e-01 -1.697219215945080476e-04 -5.952785971055900571e-01 -2.592754122287438889e+01 -2.606607978295465838e-02 9.990307719542949050e-01 -3.546937022353466307e-02 -3.752512862576361297e+00 5.947076665772318416e-01 4.401690481657827281e-02 8.027361398123630254e-01 5.614946853584546460e+01
7.997895062605467897e-01 -4.624940239689038276e-04 -6.002803718780247433e-01 -2.658207580324839725e+01 -2.717726032943837758e-02 9.989463999257294224e-01 -3.697954365950807676e-02 -3.799407797011181476e+00 5.996650295888109605e-01 4.588982679065679166e-02 7.989342794906778566e-01 5.699915784716927902e+01
7.957416165070025915e-01 -3.375579343446392933e-03 -6.056268473241386285e-01 -2.723128866300897144e+01 -2.549283881713665725e-02 9.989115051727729400e-01 -3.906302664279991121e-02 -3.871872604192253764e+00 6.050994964102730522e-01 4.652322346013099130e-02 7.947894036146107011e-01 5.785512933061200158e+01
7.916992977634553785e-01 -4.253175767483187777e-03 -6.108961657117154553e-01 -2.789089346785970491e+01 -2.507213724817404857e-02 9.989070573953336973e-01 -3.944716297067527716e-02 -3.917506980690948826e+00 6.103962775053953793e-01 4.654676362167867870e-02 7.907273805127404964e-01 5.869063024296941222e+01
7.873165262065551229e-01 -4.662285886310011014e-03 -6.165313807059050744e-01 -2.855984954215493588e+01 -2.466665310431714539e-02 9.989326164539501507e-01 -3.905360489353548042e-02 -3.976667573380267662e+00 6.160553949465802370e-01 4.595531411442444619e-02 7.863611553688304445e-01 5.955287419991424258e+01
7.826226596457558360e-01 -4.633667207016276685e-03 -6.224791517391051743e-01 -2.924278938101382863e+01 -2.439451402936191129e-02 9.989758694716637244e-01 -3.810669159746456897e-02 -4.038968774582385457e+00 6.220182362891184535e-01 4.500823659265035942e-02 7.817081166932305925e-01 6.036926856308705425e+01
7.767975574231983371e-01 -5.616146961577004465e-03 -6.297253418185558838e-01 -2.994787941173536794e+01 -2.424800937236220796e-02 9.989519644039641655e-01 -3.882018676114924044e-02 -4.096521884679145131e+00 6.292833979692699087e-01 4.542501210787304455e-02 7.758472664230886551e-01 6.122552616808616222e+01
7.716706930673977727e-01 -6.719199949048441749e-03 -6.359867814102317940e-01 -3.066223453951128519e+01 -2.404650278921086765e-02 9.989210533148363824e-01 -3.973027802971992872e-02 -4.146333784518541954e+00 6.355675522217861806e-01 4.595194895905024141e-02 7.706765291545609742e-01 6.206732896410583322e+01
7.666194840657631904e-01 -8.131061683122485853e-03 -6.420501885893686866e-01 -3.133988325724021351e+01 -2.346934319665920643e-02 9.988968374951876505e-01 -4.067306251774151227e-02 -4.210044620323178499e+00 6.416726291397990556e-01 4.624925828983122295e-02 7.655829484105045601e-01 6.286415082056810633e+01
7.602386432756905732e-01 -9.320798863218269364e-03 -6.495770316063383953e-01 -3.206933601007185075e+01 -2.337264153749712969e-02 9.988573029787797264e-01 -4.168702382415352681e-02 -4.265402783508663198e+00 6.492233294261926524e-01 4.687441740689158448e-02 7.591520700545599798e-01 6.370616606099794410e+01
7.548786559819176123e-01 -1.182737709923441238e-02 -6.557578209726212526e-01 -3.280531709665911677e+01 -2.174032256492353446e-02 9.988367091135730291e-01 -4.304168838809189351e-02 -4.327389239293211176e+00 6.555040654589924243e-01 4.674763829125132275e-02 7.537433824390719073e-01 6.451815672214908659e+01
7.482510531450873303e-01 -1.232729783838662323e-02 -6.633011313833246936e-01 -3.355122968200085154e+01 -2.138882781304438443e-02 9.988593180807728844e-01 -4.269169432984534773e-02 -4.393863395135112704e+00 6.630708004422776192e-01 4.613133877583378006e-02 7.471338711688184642e-01 6.535886294510801520e+01
7.419951236936545014e-01 -1.253668294049337453e-02 -6.702880422117658554e-01 -3.428464878143248029e+01 -2.044203744059151090e-02 9.989371369170585435e-01 -4.131246335663588121e-02 -4.454853769192299140e+00 6.700935506100416106e-01 4.435569943688237593e-02 7.409502100590379392e-01 6.617328318385600028e+01
7.361035847790001752e-01 -1.294371381560462109e-02 -6.767451249422378190e-01 -3.502792766796466850e+01 -2.006830429976422595e-02 9.989602512507903542e-01 -4.093506587531949709e-02 -4.515817929398817654e+00 6.765713434942550730e-01 4.371357564733298340e-02 7.350784645511369009e-01 6.698633330245971251e+01
7.291135006290386800e-01 -1.401947185216251973e-02 -6.842491862014676851e-01 -3.579917235408380094e+01 -1.951896202300833216e-02 9.989575101483555430e-01 -4.126624617134317524e-02 -4.577981776408055481e+00 6.841144061479058625e-01 4.344361088820260230e-02 7.280797626171497949e-01 6.780552965159547796e+01
7.228142478309490526e-01 -1.610952160994244542e-02 -6.908545704400214094e-01 -3.659620393655322346e+01 -1.833781779489658537e-02 9.989290379846786916e-01 -4.247942489715696851e-02 -4.645683098501489638e+00 6.907990265686412279e-01 4.337349859078636072e-02 7.217447287164331371e-01 6.859719247074959014e+01
7.168892359466223496e-01 -1.528981410934590959e-02 -6.970193941854117003e-01 -3.736008706962652326e+01 -2.017217798768746254e-02 9.988860352978871093e-01 -4.265878287227278798e-02 -4.700264339613658748e+00 6.968951960663236633e-01 4.464202134611611889e-02 7.157822187603875008e-01 6.937576369450704306e+01
7.117571943673139945e-01 -1.514294920075450780e-02 -7.022623285714240104e-01 -3.817723106472934802e+01 -2.011852601176906258e-02 9.989179620757706601e-01 -4.193029916205458230e-02 -4.761812236674539456e+00 7.021374146032265395e-01 4.397267481047194282e-02 7.106823932498311791e-01 7.018553018545881628e+01
7.069093326952998746e-01 -1.465843821782692423e-02 -7.071522581396337825e-01 -3.899940214892067303e+01 -2.107976730700306806e-02 9.989044940180533683e-01 -4.177864618881994840e-02 -4.821476600186734629e+00 7.069899905120510253e-01 4.444031974589069539e-02 7.058259138097856544e-01 7.098506147550541812e+01
7.018639654260603322e-01 -1.547788387037787178e-02 -7.121428225293161551e-01 -3.980921920400325575e+01 -2.092276225203359985e-02 9.988845499960815610e-01 -4.233076699958626676e-02 -4.892378287278133620e+00 7.120036657949262437e-01 4.461043474459417540e-02 7.007572321695032525e-01 7.177901749021570765e+01
6.965001762529005047e-01 -1.727882150348989190e-02 -7.173485465327656962e-01 -4.065583551685165986e+01 -2.121739871288831625e-02 9.987769784784749083e-01 -4.465836191045025744e-02 -4.959931219230379718e+00 7.172428700590580686e-01 4.632482687589424553e-02 6.952817309001892987e-01 7.257627816203205384e+01
6.917725377407362153e-01 -1.958101524746210659e-02 -7.218499360428871636e-01 -4.146078060733130854e+01 -2.080863189933623847e-02 9.986766270362175124e-01 -4.703185604398887887e-02 -5.023817587368732518e+00 7.218156032949885059e-01 4.755605583128557495e-02 6.904496115324155747e-01 7.334861137520874763e+01
6.868961267311247676e-01 -2.002618727604314058e-02 -7.264796301927515243e-01 -4.233370662569624443e+01 -2.147370011330116887e-02 9.986245526390442606e-01 -4.783182103795662748e-02 -5.093853701892201435e+00 7.264382972386327353e-01 4.845569814286928428e-02 6.855213019364133631e-01 7.414449045944682837e+01
6.818410337008441457e-01 -1.977978750599530822e-02 -7.312329005373374713e-01 -4.318965675393419446e+01 -2.159106097691287224e-02 9.986546262812576735e-01 -4.714619313929683392e-02 -5.161418033544199702e+00 7.311816733054669060e-01 4.793430302038184654e-02 6.804966371124159252e-01 7.493455066133707021e+01
6.772961309809775177e-01 -1.993807957212455004e-02 -7.354402857439863439e-01 -4.405545031058969130e+01 -2.070947136320938631e-02 9.987199267032388361e-01 -4.614786923530429102e-02 -5.233768562555832560e+00 7.354189808493669656e-01 4.648635261781198375e-02 6.760162362247849055e-01 7.570546004959957997e+01
6.716341694817855590e-01 -2.038761520393385721e-02 -7.406023746613225045e-01 -4.492445790588874388e+01 -2.065338754463400678e-02 9.987176057237463489e-01 -4.622317203970109645e-02 -5.305117473897908553e+00 7.405950234375154873e-01 4.634100941360005249e-02 6.703517973794659301e-01 7.649112737121312477e+01
6.670138790138275819e-01 -2.179679238732256871e-02 -7.447263757672716311e-01 -4.580279015434293655e+01 -1.935592571846806928e-02 9.987276183326510015e-01 -4.656707580587104989e-02 -5.367667403944548887e+00 7.447938253140145015e-01 4.547575405672361210e-02 6.657432867241300789e-01 7.725685770755299586e+01
6.628454437383892728e-01 -2.220090217365858556e-02 -7.484270353763146089e-01 -4.669982458167275041e+01 -1.854164717279407903e-02 9.987671216473420488e-01 -4.604827971654033153e-02 -5.440854033508113474e+00 7.485266421558861571e-01 4.439996219319192888e-02 6.616165956861888020e-01 7.804188566065930388e+01
6.585519478469152865e-01 -2.337384571194305038e-02 -7.521721776643093271e-01 -4.758844745266427623e+01 -1.697113189835100858e-02 9.988020195166681381e-01 -4.589669396155655889e-02 -5.509823209753337281e+00 7.523438853030814943e-01 4.299057019688135028e-02 6.573663358946235657e-01 7.879492439444479146e+01
6.547854488382349736e-01 -2.626904584729154030e-02 -7.553581552271563249e-01 -4.850510959403710842e+01 -1.410862356903931809e-02 9.987968836536398332e-01 -4.696522078077616097e-02 -5.581783257953386368e+00 7.556831160651400481e-01 4.140920677678713163e-02 6.536270467336756651e-01 7.957720283251649107e+01
6.500753851263226801e-01 -2.999695659908544962e-02 -7.592773970008670492e-01 -4.941242994172365854e+01 -1.185987749811904905e-02 9.986982502394825545e-01 -4.960996156033939397e-02 -5.663574392390708923e+00 7.597771688101748744e-01 4.125515151702003475e-02 6.488733904758727800e-01 8.037966787700328553e+01
6.455429441213024200e-01 -3.373397671418294774e-02 -7.629785811964718834e-01 -5.031087614567539390e+01 -8.428375048383807480e-03 9.986484986301817912e-01 -5.128487770377682109e-02 -5.728624609011979452e+00 7.636774706538196344e-01 3.953726029575743012e-02 6.443861704028055470e-01 8.113248974523642687e+01
6.391575380568154108e-01 -3.794108042763055105e-02 -7.681393786821955061e-01 -5.121755232537994829e+01 -2.782474230599281916e-03 9.986617523376707384e-01 -5.164263981204381820e-02 -5.807096057458281280e+00 7.690708087878432853e-01 3.514511022371478999e-02 6.381966179672948769e-01 8.189293575137392622e+01
6.309305136871118380e-01 -4.150763926337883852e-02 -7.747282050694309641e-01 -5.216887398439294543e+01 1.468911310428835243e-03 9.986299524168403829e-01 -5.230736485947171110e-02 -5.881510698472472320e+00 7.758379591995492319e-01 3.186430520040887948e-02 6.301270809823443786e-01 8.265096557618380757e+01
6.222443788643881035e-01 -4.254171259193993693e-02 -7.816662487444511198e-01 -5.309494915474216725e+01 4.757874872134494441e-03 9.987093552507841920e-01 -5.056665244450400665e-02 -5.973553098557413676e+00 7.828086008285700670e-01 2.774574463854777989e-02 6.216436916596872475e-01 8.339527645898645858e+01
6.130474579805160751e-01 -4.245662977676954719e-02 -7.889044539249635557e-01 -5.404643892240291336e+01 6.914350968616623204e-03 9.988050774257262177e-01 -4.837984120547822453e-02 -6.034165267039450775e+00 7.900158328478226188e-01 2.420437595532504496e-02 6.126084748740912023e-01 8.414053136760639973e+01
6.042974316179197114e-01 -4.167023908107998081e-02 -7.956683943096810596e-01 -5.504244892617697360e+01 5.482583417079721529e-03 9.988252664391386038e-01 -4.814590720314131100e-02 -6.120971257447572533e+00 7.967399611803370751e-01 2.473212928258798279e-02 6.038160048164632476e-01 8.486277149210172865e+01
5.950468291273521837e-01 -4.240152427911344363e-02 -8.025717227049952163e-01 -5.601033802537605766e+01 4.109134132716528269e-03 9.987547596518557835e-01 -4.971966481613058347e-02 -6.188841528598360675e+00 8.036805314798236566e-01 2.628765360470781617e-02 5.944800874772090404e-01 8.557386155134872752e+01
5.846822689539561413e-01 -4.465348363620240402e-02 -8.100325294506334206e-01 -5.702031466291261097e+01 4.411008641563557604e-03 9.986442628623130036e-01 -5.186693776204303469e-02 -6.273190539395256948e+00 8.112503917463623759e-01 2.675261793729792961e-02 5.840865615204894334e-01 8.630462970605906037e+01
5.747749186647174158e-01 -4.598813876234603137e-02 -8.170182811745885232e-01 -5.803556236386317124e+01 4.890573381484995992e-03 9.985948153652018933e-01 -5.276814374251197204e-02 -6.343652620453818614e+00 8.182969425006745290e-01 2.633411723144556127e-02 5.741921632877453607e-01 8.699486293212304133e+01
5.648159792353114605e-01 -4.739683679596378568e-02 -8.238546213255999451e-01 -5.905107611851152427e+01 8.034466649370668873e-03 9.986177403956503218e-01 -5.194281359298055789e-02 -6.422292239419412851e+00 8.251777796886993199e-01 2.271889816906750084e-02 5.644160663778525766e-01 8.769215390922495601e+01
5.547254903844579532e-01 -4.725567922152860284e-02 -8.306903866820301019e-01 -6.008248433083719675e+01 9.419178635846861547e-03 9.986785280621109928e-01 -5.052204104472539370e-02 -6.508603540332582149e+00 8.319801203999424022e-01 2.020144234632774080e-02 5.544375470598258415e-01 8.838380804327769624e+01
5.443385976609422805e-01 -4.739280377773529701e-02 -8.375257610855884050e-01 -6.112518271345852838e+01 9.060993129416728895e-03 9.986767431474501411e-01 -5.062273274206102736e-02 -6.594089412021871155e+00 8.388166671288936893e-01 1.996709167218957068e-02 5.440477249205042387e-01 8.906719276685232956e+01
5.342087645749092895e-01 -4.844349868539027382e-02 -8.439633939576959287e-01 -6.216720470771427642e+01 8.528164952362936313e-03 9.986147100065405624e-01 -5.192235868526172415e-02 -6.669471321882518566e+00 8.453095752460363377e-01 2.053991953921714339e-02 5.338818658450766863e-01 8.970749945394220504e+01
5.239852041000634397e-01 -4.916644388176288905e-02 -8.503070936754133502e-01 -6.324764423750607278e+01 7.732006752279709481e-03 9.985659380309189759e-01 -5.297436594217847655e-02 -6.751935613203747799e+00 8.516922765285318553e-01 2.118320325163918980e-02 5.236139333098318582e-01 9.035283675756664934e+01
5.142841263855277845e-01 -4.982380984742326713e-02 -8.561713683765436178e-01 -6.429448634012915420e+01 6.085051283813308967e-03 9.984978934972340570e-01 -5.445115981540444433e-02 -6.833837127292566649e+00 8.575982868576975671e-01 2.279351997402606286e-02 5.138147984882810437e-01 9.096959672240926409e+01
