1 0 0 0 0 1 0 0 0 0 1 0
0.99986149 0.00085314583 0.016621657 -0.0041471523 -0.00084573868 0.99999954 -0.0004526599 -0.0042392129 -0.016622037 0.00043853964 0.99986175 0.092207743
0.99930835 0.0027477697 0.03708459 0.0088623346 -0.0027348276 0.99999618 -0.00039971538 0.0014561682 -0.03708555 0.00029801899 0.99931205 0.26501037
0.99796958 0.0053228919 0.063469602 0.061954661 -0.0054176183 0.99998445 0.001320455 0.003343099 -0.063461592 -0.0016616279 0.9979829 0.39503931
0.99530034 0.0045735081 0.096728005 0.11823467 -0.0049242009 0.99998214 0.0033871478 0.0017952765 -0.096710794 -0.0038475375 0.99530509 0.60090446
0.9908764 0.0013319594 0.13476713 0.18696747 -0.0021026615 0.99998224 0.0055765958 -0.0062548767 -0.13475732 -0.0058090869 0.99086161 0.78170787
0.98469537 -0.001850125 0.17427452 0.23919128 0.00084653712 0.99998263 0.0058328186 -0.0078068198 -0.1742823 -0.0055960196 0.98467983 0.95763893
0.97588592 -0.0022472673 0.21826958 0.3272722 0.00076609881 0.99997611 0.0068703511 -0.0050875389 -0.21827982 -0.0065374628 0.97586433 1.1880979
0.96424127 -0.0021548168 0.2650172 0.41892177 -0.00058830078 0.99994708 0.010270905 0.0068506142 -0.26502533 -0.010059541 0.96418898 1.3966923
0.94995782 -0.0058184734 0.312324 0.56924556 0.00055399759 0.99985632 0.016941903 0.015871731 -0.31237773 -0.015921067 0.94982455 1.6314166
0.93274858 -0.015488625 0.36019463 0.70281115 0.0069910356 0.99966594 0.024882583 -0.0019226991 -0.36045973 -0.02069106 0.93254527 1.8395609
0.91166153 -0.021444045 0.41038201 0.86307797 0.0099580187 0.99949711 0.030105898 1.354359e-05 -0.41082126 -0.023359798 0.9114166 2.0507729
0.88655886 -0.023181462 0.46203462 1.0448156 0.0085312814 0.99939314 0.033772169 0.0051841341 -0.46253716 -0.025999268 0.88621862 2.3015533
0.85833245 -0.025269259 0.51247132 1.2482221 0.0063483047 0.9992331 0.038638111 0.024941918 -0.51305471 -0.02991102 0.85783461 2.5046439
0.82636225 -0.030488823 0.56231293 1.4527298 0.0076538023 0.99904915 0.042920975 0.02311398 -0.56308692 -0.031164442 0.82580986 2.7343729
0.79025791 -0.036325971 0.61169669 1.684988 0.0099110695 0.99886846 0.046514174 0.02795139 -0.61269425 -0.030695625 0.78972373 2.9615722
0.752789 -0.040916759 0.65698896 1.956859 0.011238323 0.99871968 0.049322422 0.042529871 -0.65816598 -0.029745922 0.75228503 3.1503815
0.71203833 -0.043978783 0.7007619 2.2394802 0.012271049 0.99866349 0.050206137 0.048339017 -0.70203339 -0.02714961 0.71162635 3.3805098
0.67111732 -0.045811313 0.73993434 2.537551 0.011339418 0.99860647 0.051541592 0.061133577 -0.74126447 -0.02620003 0.67070157 3.5843762
0.62925815 -0.046336763 0.77581379 2.8755246 0.0069999488 0.99851853 0.053960554 0.087326183 -0.77716487 -0.028524461 0.62865028 3.8235507
0.58543437 -0.047238718 0.80934235 3.2266326 0.0037933479 0.99844968 0.055532403 0.10690014 -0.81071096 -0.02944046 0.58470595 4.0114747
0.54573375 -0.048468761 0.83655567 3.5656113 0.0022836722 0.9984081 0.056356471 0.12766511 -0.83795556 -0.028845209 0.54497568 4.2132611
0.5072502 -0.050881437 0.86029545 4.0205738 0.001078237 0.99829225 0.058407385 0.13679595 -0.8617982 -0.028699555 0.5064388 4.4089492
0.46955532 -0.050507123 0.88145718 4.416045 -0.002053931 0.99829722 0.058296143 0.15894125 -0.8829007 -0.029183716 0.46865203 4.6209024
0.43354189 -0.049811056 0.89975564 4.8849967 -0.0034477956 0.99837211 0.056931827 0.18547923 -0.90112686 -0.027784505 0.4326644 4.8010021
0.39946785 -0.048637829 0.91545602 5.3836758 -0.0019718951 0.99854371 0.0539127 0.20421989 -0.91674512 -0.023341573 0.3987902 4.9878126
0.3700867 -0.046921211 0.92781149 5.8981202 1.2138685e-05 0.99872393 0.050502547 0.22635873 -0.92899726 -0.018679058 0.36961501 5.1662076
0.34545906 -0.045215005 0.93734389 6.4364756 0.0011611696 0.99885844 0.047754355 0.24875991 -0.93843314 -0.015408759 0.3451172 5.3441547
0.32469098 -0.044636137 0.94476627 6.9989634 0.0024061593 0.99892154 0.046367806 0.27750599 -0.94581713 -0.01278195 0.32444822 5.5227916
0.30918449 -0.044972831 0.94993806 7.5736744 0.0027647033 0.99891949 0.046391903 0.29783695 -0.9509981 -0.011717359 0.30897475 5.7095572
0.29707231 -0.046567974 0.95371872 8.2188839 0.0039509236 0.99886145 0.047541526 0.31492219 -0.95484685 -0.010355201 0.29691806 5.8748065
0.28803788 -0.048395092 0.95639533 8.8649485 0.0033234179 0.9987667 0.049538235 0.34976998 -0.95761329 -0.011090386 0.28784348 6.08841
0.27683588 -0.050236447 0.9596031 9.5317773 0.001447273 0.99865315 0.051863243 0.37924133 -0.96091617 -0.012968798 0.27653573 6.275389
0.26622878 -0.05194625 0.96250909 10.216348 0.0011820804 0.99856366 0.053565139 0.40664187 -0.96390919 -0.013122818 0.26590778 6.4589015
0.25690693 -0.053929292 0.96493025 10.917661 -0.00016893589 0.99843932 0.055847069 0.43697887 -0.96643617 -0.01451051 0.25649687 6.6542431
0.2465513 -0.055377335 0.96754624 11.646589 -0.00044146824 0.99835958 0.057253426 0.46786566 -0.96912968 -0.014543047 0.2461224 6.8341929
0.23514584 -0.056524322 0.97031508 12.441934 -0.00087212536 0.99829489 0.058365596 0.49892466 -0.97195975 -0.014570663 0.2346956 7.0042339
0.22514134 -0.059661276 0.97249773 13.169717 -0.0022073957 0.99808968 0.061742334 0.53222538 -0.97432366 -0.016047438 0.22457955 7.1980342
0.21499319 -0.063399841 0.97455544 13.933295 -0.0040187255 0.99782473 0.065800184 0.57087643 -0.97660732 -0.018063062 0.21427073 7.3652032
0.20253555 -0.066826023 0.9769921 14.735712 -0.004298902 0.99759863 0.069126689 0.61127228 -0.97926552 -0.018200605 0.2017619 7.5605096
0.18863729 -0.069375386 0.97959326 15.520082 -0.005136839 0.99741826 0.071626949 0.65377732 -0.98203344 -0.018543526 0.1877939 7.6987413
0.17468259 -0.069937353 0.98213781 16.353929 -0.0055473173 0.99738848 0.072009985 0.68714571 -0.98460921 -0.01802712 0.17383844 7.8533605
0.16016372 -0.069290008 0.98465547 17.095593 -0.0071947838 0.99742476 0.07135888 0.72609938 -0.98706428 -0.018513486 0.15925273 7.9670544
0.14268352 -0.068159914 0.98741863 17.921111 -0.0084700867 0.99750541 0.070080127 0.76369773 -0.98973216 -0.0183628 0.14175026 8.0643967
0.12222332 -0.066806396 0.99025163 18.775762 -0.01089626 0.99758159 0.068645792 0.80888002 -0.99244285 -0.019180155 0.1211998 8.1654506
0.097376804 -0.065582986 0.99308436 19.55696 -0.015587113 0.99760361 0.067409828 0.84569428 -0.99512556 -0.022043471 0.0961212 8.2534691
0.068152254 -0.064892176 0.99556225 20.390939 -0.018917537 0.99761897 0.066321255 0.88446949 -0.9974956 -0.023353528 0.06676238 8.3257342
0.035018211 -0.064756598 0.99728643 21.243645 -0.022348504 0.99759823 0.065561577 0.92269007 -0.9991368 -0.024583709 0.033486891 8.3410622
0.00031913962 -0.06395266 0.99795284 22.10169 -0.023823433 0.99766921 0.063942102 0.96136409 -0.99971617 -0.023795068 -0.0012051777 8.3294902
-0.033814369 -0.06296166 0.9974429 22.929746 -0.025402536 0.99774539 0.062119582 0.99302721 -0.99910529 -0.023237045 -0.035337519 8.2794942
-0.067579978 -0.06085783 0.99585601 23.810187 -0.027419778 0.99787421 0.059120425 1.02233 -0.99733705 -0.023310794 -0.069105027 8.2181869
-0.097234107 -0.057852389 0.99357866 24.593602 -0.029269554 0.99804356 0.055247972 1.0587304 -0.99483109 -0.023709617 -0.09873719 8.1571008
-0.13171598 -0.053413249 0.98984738 25.472286 -0.025884075 0.99839212 0.050430017 1.0871143 -0.99094954 -0.018978845 -0.13288675 8.0178497
-0.16374845 -0.047792719 0.98534371 26.331513 -0.022203883 0.99875129 0.044753104 1.1058694 -0.98625226 -0.014550204 -0.16460516 7.8764955
-0.19497334 -0.041522059 0.9799292 27.155776 -0.0162854 0.99910281 0.03909424 1.1191489 -0.98067337 -0.0083362033 -0.19547462 7.666476
-0.22256151 -0.035999632 0.97425372 27.956543 -0.010355187 0.99934893 0.034561354 1.1292368 -0.9748637 -0.0023965511 -0.22278939 7.4782111
-0.25038901 -0.028982338 0.96771137 28.779093 -0.0015811509 0.99956273 0.029527154 1.1476509 -0.96814406 0.0058631782 -0.25032535 7.2565731
-0.27668202 -0.019108777 0.96077148 29.562122 0.0050401714 0.99975966 0.021335676 1.1464051 -0.96094835 0.010745652 -0.27651922 7.018394
-0.30094145 -0.0035560778 0.95363595 30.379582 0.008830247 0.99993979 0.0065153288 1.1359426 -0.95360178 0.010381575 -0.30089193 6.7673075
-0.32758067 0.01326312 0.94473008 31.147039 0.0098860506 0.99989485 -0.010609639 1.1092392 -0.94477153 0.0058641377 -0.32767734 6.4801522
-0.35288955 0.027364209 0.93526472 31.891654 0.0088708627 0.99962517 -0.025900171 1.0918914 -0.93562297 -0.00084329392 -0.35300003 6.1724588
-0.37578043 0.038921751 0.92589097 32.692765 0.011829007 0.99923767 -0.037204131 1.0435433 -0.92663327 -0.0030282129 -0.37595437 5.839981
-0.39988159 0.043527565 0.91553263 33.46751 0.016172446 0.9990513 -0.040434611 0.99761311 -0.91642416 -0.0013626542 -0.40020617 5.5090348
-0.42254632 0.04255033 0.90534193 34.205197 0.018014457 0.99909432 -0.038548806 0.9512009 -0.90616232 2.0587672e-05 -0.42293016 5.1557107
-0.44221027 0.039083123 0.89605944 34.932216 0.023043672 0.99921544 -0.032210263 0.91462298 -0.89661537 0.0064047908 -0.44276395 4.763463
-0.46047974 0.038291834 0.88684388 35.670243 0.029911424 0.99917113 -0.027610823 0.87273955 -0.88716615 0.013812539 -0.46124343 4.3677174
-0.47485256 0.03902489 0.87919966 36.372436 0.034005386 0.99908392 -0.025979986 0.83223828 -0.87940818 0.017560862 -0.47574461 3.9930697
-0.48610743 0.042258455 0.87287669 37.067197 0.036926458 0.99893132 -0.027796673 0.78270196 -0.87311858 0.018720077 -0.4871484 3.5847247
-0.49563947 0.045109059 0.86735611 37.771923 0.038149765 0.99881721 -0.030145836 0.74143063 -0.86769014 0.018147967 -0.49677413 3.1823151
-0.50566992 0.043966145 0.86160597 38.431637 0.031598301 0.99897436 -0.032430997 0.68391402 -0.86214821 0.010825906 -0.50654055 2.7554429
-0.51761318 0.043018981 0.85453256 39.162614 0.030038723 0.99903322 -0.032098194 0.65520384 -0.85508733 0.0090546201 -0.518405 2.3600899
-0.5258262 0.044207069 0.84944246 39.806481 0.032467052 0.9989639 -0.031890611 0.62145473 -0.84997221 0.010809975 -0.52671666 1.934853
-0.53309531 0.047919885 0.844697 40.51208 0.036489541 0.99876796 -0.033631517 0.57068707 -0.84526798 0.012893803 -0.53418709 1.5069108
-0.5372139 0.050761094 0.84191714 41.185339 0.036790635 0.99864757 -0.036735209 0.53558984 -0.8426433 0.011240002 -0.53835489 1.0483081
-0.53692677 0.051935983 0.84202864 41.888075 0.035832619 0.99860647 -0.038744662 0.48885294 -0.84286756 0.0093690459 -0.53803955 0.61250107
-0.53375649 0.052992594 0.84397614 42.626595 0.038984233 0.99851545 -0.038041165 0.44712931 -0.84473919 0.012597045 -0.53502998 0.15948385
-0.52761636 0.052124861 0.84788202 43.38474 0.037188537 0.99857606 -0.038247488 0.40547272 -0.8486684 0.011351492 -0.52880351 -0.3071753
-0.52079466 0.050624599 0.85217957 44.139625 0.034630748 0.99867126 -0.038163111 0.35742243 -0.85297931 0.0096364727 -0.52185583 -0.75398426
-0.51355143 0.049946211 0.8566039 44.922825 0.032875032 0.99871678 -0.03852317 0.31080565 -0.85742884 0.0083772526 -0.51453441 -1.2186848
-0.50698818 0.04862602 0.86058029 45.736023 0.030141437 0.998797 -0.03867875 0.25777403 -0.86142588 0.0063294584 -0.50784393 -1.6783266
-0.50292987 0.046292868 0.86308659 46.526981 0.025861365 0.99892354 -0.038508977 0.20891357 -0.86394028 0.0029532832 -0.50358569 -2.1337857
-0.50125041 0.043443761 0.86421097 47.38792 0.020964745 0.99905541 -0.038062623 0.16862719 -0.8650483 -0.0009609418 -0.50168773 -2.5977369
-0.50184513 0.040900659 0.86398989 48.227068 0.018183344 0.9991595 -0.036737765 0.11232665 -0.86476638 -0.0027264424 -0.50216704 -3.0916781
-0.50320087 0.039687146 0.86325764 49.053632 0.016763811 0.9992052 -0.036165376 0.066193194 -0.8640069 -0.00372696 -0.50346623 -3.555712
-0.50358345 0.03886592 0.86307189 49.931333 0.016903989 0.99923961 -0.035134729 0.020233805 -0.86378124 -0.0031039091 -0.50385752 -4.0678269
-0.50321402 0.038758889 0.86329215 50.812391 0.016936654 0.99924413 -0.034990274 -0.023800424 -0.86399587 -0.0029863154 -0.5034901 -4.5723315
-0.50361802 0.037898102 0.86309476 51.68702 0.01702673 0.99927873 -0.033942737 -0.079662345 -0.86375867 -0.0023984916 -0.50390006 -5.0878846
-0.50342006 0.037332527 0.86323488 52.576782 0.016506457 0.99929935 -0.033590727 -0.13447215 -0.86388416 -0.0026612961 -0.50368357 -5.6154213
-0.50354141 0.036348678 0.86320609 53.488497 0.015200223 0.99933267 -0.033213944 -0.1872438 -0.86383741 -0.0036036705 -0.50375789 -6.1314731
-0.50440305 0.03547167 0.8627394 54.374336 0.014546259 0.99936313 -0.032584464 -0.24452591 -0.86334584 -0.0038860712 -0.50459779 -6.6078459
-0.5034926 0.034535892 0.86330899 55.281253 0.013379829 0.99939264 -0.03217651 -0.29420044 -0.86389597 -0.0046497074 -0.50364889 -7.1312556
-0.50125166 0.033609028 0.86464856 56.182178 0.012967863 0.99942496 -0.031330114 -0.35024836 -0.86520441 -0.0044916272 -0.50139926 -7.6592236
-0.50033629 0.031008238 0.86527569 57.05607 0.013342961 0.99951596 -0.028103482 -0.40146854 -0.86572838 -0.0025158511 -0.50050785 -8.160431
-0.49771716 0.030283268 0.86681053 57.956685 0.014156042 0.99954079 -0.026792079 -0.45152331 -0.86722391 -0.00106427 -0.49791729 -8.6579819
-0.49537735 0.029370186 0.86818121 58.842139 0.013717765 0.99956814 -0.025987698 -0.50660715 -0.86856961 -0.00096421081 -0.49556631 -9.1675527
-0.49269467 0.029751437 0.86969348 59.742164 0.014211085 0.99955719 -0.02614316 -0.56036558 -0.87008624 -0.00052130617 -0.4928993 -9.6789554
-0.49248015 0.030152655 0.86980116 60.633746 0.014348054 0.99954513 -0.02652653 -0.60545961 -0.87020544 -0.00058383443 -0.49268877 -10.150439
-0.49290025 0.031668232 0.86950929 61.526509 0.013825011 0.99949632 -0.028565455 -0.65655626 -0.86997602 -0.0020589437 -0.4930898 -10.668453
-0.49538634 0.033308775 0.86803389 62.391172 0.012203829 0.99943283 -0.031386185 -0.70928365 -0.86858708 -0.0049549493 -0.49551186 -11.159739
-0.50033082 0.033757334 0.86517597 63.264477 0.01109705 0.99940761 -0.032577349 -0.76250513 -0.86576324 -0.0066985498 -0.50040903 -11.636563
-0.50573259 0.032176208 0.86209 64.144566 0.010637119 0.99946082 -0.031063253 -0.81927773 -0.86262475 -0.0065395448 -0.50580217 -12.142709
-0.51126322 0.030662773 0.85887697 65.001764 0.014818783 0.99952928 -0.026863032 -0.86874058 -0.85929645 -0.0010065683 -0.51147694 -12.651101
-0.51576092 0.028453113 0.85625991 65.850172 0.011504239 0.99958826 -0.026286364 -0.91852298 -0.85665535 -0.0037068601 -0.51587589 -13.175048
-0.52087656 0.030483056 0.85308753 66.707455 0.01266719 0.99952818 -0.027981455 -0.9700984 -0.85353806 -0.0037686618 -0.52101694 -13.688346
-0.52640124 0.032832409 0.84960209 67.536389 0.013042845 0.99944838 -0.030541977 -1.0187792 -0.85013627 -0.0049961052 -0.5265391 -14.186888
-0.53131304 0.03312674 0.84652762 68.387122 0.0116858 0.99942671 -0.031775608 -1.0731926 -0.84709501 -0.0069904414 -0.53139555 -14.70646
-0.53515741 0.033431152 0.84409054 69.219525 0.010630956 0.999404 -0.032842438 -1.1249294 -0.8446855 -0.0086023835 -0.53519386 -15.230694
-0.53805575 0.032730516 0.84227351 70.041384 0.010423789 0.99942778 -0.032178628 -1.1823487 -0.84284483 -0.0085342136 -0.53808904 -15.748218
-0.54083759 0.02589281 0.84072838 70.845165 0.01238647 0.99966287 -0.022819512 -1.227188 -0.84103587 -0.0019279923 -0.54097598 -16.266822
-0.54298905 0.018039517 0.83954595 71.687807 0.013250436 0.99982882 -0.012913631 -1.2675405 -0.83963527 0.0041123905 -0.54313513 -16.803056
-0.54454128 0.015680138 0.83858742 72.49563 0.013310638 0.99986088 -0.010052337 -1.3022661 -0.83862845 0.005688222 -0.54467424 -17.330858
-0.5449469 0.020827308 0.83821181 73.285821 0.013968347 0.99977822 -0.015760552 -1.3300768 -0.83835423 0.0031197703 -0.54511697 -17.844871
-0.54665375 0.025819081 0.83696057 74.097424 0.014129887 0.99966663 -0.021609521 -1.3769477 -0.83723956 1.3233497e-05 -0.54683633 -18.36243
-0.54701805 0.03082057 0.83655322 74.903583 0.020068647 0.99951762 -0.023701767 -1.4142948 -0.83688025 0.0038231979 -0.54737271 -18.88891
-0.54680062 0.03172572 0.83666152 75.684384 0.023435657 0.99947025 -0.022582944 -1.4561069 -0.83693483 0.0072593459 -0.54725447 -19.423611
-0.54648204 0.029184976 0.8369621 76.503575 0.02331155 0.99953545 -0.019632997 -1.4950086 -0.83714635 0.0087818045 -0.54690852 -19.955951
-0.54589792 0.023786834 0.83751393 77.297881 0.021092021 0.99967028 -0.014644413 -1.5275585 -0.8375862 0.009670508 -0.54621964 -20.461243
-0.54480734 0.018153304 0.83836469 78.105482 0.019313783 0.99977208 -0.0090973232 -1.5633656 -0.83833883 0.011235707 -0.54503378 -20.978744
-0.54485003 0.011703947 0.83845179 78.905923 0.010859995 0.99991722 -0.0069007049 -1.5945213 -0.83846322 0.0053457341 -0.54493203 -21.4756
-0.5434707 0.0062669871 0.83940471 79.709511 0.0021144912 0.99997918 -0.0060968105 -1.6221057 -0.83942551 -0.0015385233 -0.54347264 -21.969828
-0.54177064 0.0065756548 0.84050061 80.501009 0.0049241422 0.99997707 -0.0046493092 -1.646699 -0.84051198 0.0016198861 -0.5417906 -22.483076
-0.53878213 0.010060027 0.84238504 81.298249 0.010570747 0.99993071 -0.0051805279 -1.674937 -0.84237885 0.0061134641 -0.53885114 -22.992079
-0.53273238 0.013466001 0.84617659 82.072796 0.011983933 0.99989318 -0.0083674406 -1.7033709 -0.84619895 0.0056829181 -0.53283685 -23.477147
-0.52561486 0.014972834 0.85059084 82.862961 0.016031499 0.99984189 -0.0076935604 -1.7280469 -0.85057162 0.0095923974 -0.52577179 -23.96352
-0.51816555 0.017781618 0.85509544 83.657585 0.023859201 0.99969529 -0.0063305024 -1.7658941 -0.85494752 0.017121647 -0.51843191 -24.44732
-0.50768228 0.017667057 0.86136317 84.467071 0.022880355 0.99971357 -0.0070191592 -1.7833412 -0.86124053 0.016144794 -0.5079411 -24.923862
-0.49765784 0.014627817 0.86725004 85.279835 0.018596454 0.99980789 -0.0061923723 -1.8150626 -0.86717409 0.013046094 -0.49783426 -25.368287
-0.48529423 0.01200774 0.87426841 86.103758 0.020441711 0.9997882 -0.0023847961 -1.8320882 -0.87411196 0.016714216 -0.48543691 -25.825518
-0.47433341 0.010698835 0.88028023 86.918713 0.019761397 0.99980359 -0.0015032063 -1.857984 -0.88012349 0.016682547 -0.47445168 -26.260057
-0.46292462 0.010064681 0.88634047 87.741063 0.019757025 0.99980428 -0.0010342499 -1.8801314 -0.88617748 0.017032672 -0.46303287 -26.682812
-0.44935525 0.012165923 0.89327027 88.580956 0.024041954 0.99970979 -0.0015213911 -1.8952611 -0.89302962 0.020792319 -0.44951734 -27.099628
-0.43773273 0.015084168 0.89897856 89.402012 0.023476239 0.99971012 -0.0053432609 -1.926786 -0.89879864 0.018765717 -0.43795996 -27.482225
-0.42639795 0.024648859 0.90419973 90.246324 0.025490283 0.99955908 -0.015227814 -1.9525513 -0.90417648 0.016555199 -0.42683826 -27.876895
-0.41329184 0.029732433 0.91011305 91.065748 0.025711115 0.99944934 -0.020975269 -1.9770767 -0.91023561 0.014731115 -0.41382871 -28.244543
-0.40195518 0.025069679 0.91531605 91.912375 0.020993671 0.99961468 -0.018159305 -2.0168634 -0.91541868 0.011916619 -0.4023266 -28.608662
-0.3902506 0.022300211 0.92043853 92.754181 0.02386592 0.99961573 -0.014099748 -2.0508295 -0.92039935 0.016464678 -0.39063286 -28.954072
-0.38060762 0.022726936 0.92445728 93.587508 0.020605949 0.99965816 -0.01609202 -2.0849225 -0.92450706 0.012924575 -0.38094582 -29.276696
-0.3734242 0.027731508 0.92724606 94.446387 0.017272206 0.99958765 -0.022939124 -2.1189773 -0.92749993 0.0074495618 -0.3737492 -29.60809
-0.36815106 0.031568998 0.92922985 95.278976 0.0073362642 0.99949093 -0.031049446 -2.1663535 -0.92973708 -0.00461381 -0.36819525 -29.924431
-0.36492078 0.033828249 0.93042378 96.129646 0.0051995427 0.99939817 -0.034296702 -2.2115518 -0.93102409 -0.0076778005 -0.36487705 -30.252962
-0.36131991 0.034392245 0.93180739 96.974346 0.0060848337 0.99938524 -0.034527016 -2.2520032 -0.9324221 -0.0068054048 -0.36130706 -30.57119
-0.35608147 0.033665639 0.93384824 97.819762 0.0031964962 0.99938885 -0.034809563 -2.3061782 -0.93444949 -0.0094099974 -0.35597146 -30.88953
-0.35085829 0.030254735 0.93593965 98.657544 0.0029891982 0.99950903 -0.031189077 -2.3490971 -0.93642383 -0.0081452367 -0.35077647 -31.186794
-0.34512212 0.026205919 0.93819182 99.528076 0.0021281558 0.9996294 -0.027139154 -2.4001205 -0.93855542 -0.0073697031 -0.34504998 -31.503014
-0.33960183 0.023013321 0.94028767 100.36662 0.0003567175 0.99970371 -0.024338678 -2.4396526 -0.94056927 -0.0079300417 -0.33950942 -31.803873
-0.33388143 0.021539041 0.94236892 101.22495 -0.0050378195 0.99968384 -0.024633945 -2.4862867 -0.94260166 -0.012972301 -0.33366736 -32.078645
-0.32757736 0.021305814 0.94458407 102.06769 -0.016094339 0.99947483 -0.028125356 -2.51567 -0.94468731 -0.024415685 -0.32706242 -32.350108
-0.32091522 0.024740727 0.94678469 102.92489 -0.013608814 0.9994351 -0.030729294 -2.5680041 -0.94701019 -0.022746115 -0.32039724 -32.638843
-0.31373998 0.028880222 0.94906959 103.79389 -0.011983457 0.99933729 -0.034371315 -2.6155591 -0.94943336 -0.02215679 -0.31318597 -32.909691
-0.30716723 0.027185896 0.95126712 104.63682 -0.013216866 0.99937361 -0.032828479 -2.6588357 -0.95156381 -0.022656603 -0.30661551 -33.177475
-0.30077398 0.021630958 0.95345007 105.49231 -0.014513401 0.99952316 -0.027254594 -2.7035456 -0.95358505 -0.022035276 -0.30031662 -33.436905
-0.29361673 0.018963625 0.95573507 106.35014 -0.014701178 0.99959539 -0.024350328 -2.7443038 -0.95581022 -0.021200095 -0.29321914 -33.687603
-0.28730797 0.021905177 0.95758771 107.19498 -0.017352142 0.99945537 -0.02806913 -2.789572 -0.95768111 -0.024680682 -0.28677139 -33.929155
-0.28095407 0.024864033 0.95939904 108.0613 -0.01708815 0.99937627 -0.03090425 -2.832445 -0.95956911 -0.02507703 -0.28035395 -34.176324
-0.27382757 0.025796018 0.96143276 108.90447 -0.018840725 0.99930455 -0.032178211 -2.8695962 -0.96159429 -0.026925371 -0.27315112 -34.408935
-0.26662164 0.024736944 0.96348373 109.78992 -0.0191152 0.99933822 -0.030947173 -2.9174452 -0.96361174 -0.02666837 -0.26597235 -34.639299
-0.25897099 0.024632274 0.96557092 110.63208 -0.016689412 0.99941141 -0.029971747 -2.9627802 -0.96574094 -0.023876623 -0.25840747 -34.860932
-0.2514563 0.026067293 0.96751752 111.50345 -0.011871517 0.99947898 -0.030013801 -3.0082914 -0.96779588 -0.01903306 -0.25101583 -35.083633
-0.24419109 0.026635599 0.96936122 112.38451 -0.0093713594 0.99951121 -0.029824775 -3.0499296 -0.96968189 -0.016367176 -0.24382212 -35.302225
-0.23815396 0.0254544 0.97089376 113.22943 -0.016282818 0.99941136 -0.030196128 -3.0925175 -0.97109095 -0.023000214 -0.2375993 -35.493088
-0.23186362 0.023591708 0.97246214 114.10781 -0.020805823 0.99935689 -0.029204888 -3.1371245 -0.97252581 -0.027004426 -0.23122367 -35.685965
-0.22697265 0.023603135 0.97361503 114.99018 -0.01841299 0.99942358 -0.028521307 -3.178814 -0.9737271 -0.02440072 -0.22640721 -35.893981
-0.22262029 0.023755618 0.97461572 115.83661 -0.016406042 0.99947023 -0.028108872 -3.2235973 -0.97476722 -0.022247191 -0.22211262 -36.076894
-0.21795159 0.02524906 0.97563288 116.72524 -0.016291206 0.99943188 -0.029504344 -3.2691737 -0.97582364 -0.022324754 -0.21741643 -36.274718
-0.21254612 0.024353779 0.97684746 117.58048 -0.010497532 0.99957477 -0.027204484 -3.3086315 -0.97709469 -0.016036695 -0.21220009 -36.45735
-0.20712451 0.023510405 0.97803201 118.45143 -0.0023476687 0.99969638 -0.024528364 -3.3453733 -0.97831181 -0.0073765197 -0.20700643 -36.645821
-0.20211434 0.022214936 0.97910991 119.34483 -0.00075177751 0.99973889 -0.022838171 -3.3931549 -0.97936168 -0.005351994 -0.20204487 -36.832825
-0.19798635 0.023517732 0.97992257 120.19511 -0.0023400163 0.99969795 -0.024465115 -3.4281522 -0.98020202 -0.0071367929 -0.19787152 -36.990598
-0.19464735 0.025716929 0.98053606 121.06842 -0.0045094611 0.99962221 -0.027112687 -3.4650064 -0.98086297 -0.009699101 -0.19445784 -37.156071
-0.19250407 0.024913855 0.98097982 121.96146 -0.0057686044 0.99963165 -0.026519563 -3.5082311 -0.98127926 -0.010764008 -0.19228945 -37.323645
-0.19165925 0.023803237 0.9811728 122.79762 -0.0076479127 0.99963928 -0.025745152 -3.5480918 -0.98143177 -0.01243822 -0.19140808 -37.47944
-0.19056246 0.019569807 0.98147995 123.69007 -0.0062230878 0.9997571 -0.0211425 -3.5827482 -0.98165539 -0.010136802 -0.19039439 -37.650734
-0.18966924 0.014265119 0.98174437 124.53994 -0.0058890505 0.99985994 -0.015666086 -3.6232751 -0.98183042 -0.008752916 -0.18955866 -37.805742
-0.18877197 0.012009546 0.98194747 125.41338 -0.0041857534 0.99990629 -0.013033867 -3.6527906 -0.98201207 -0.006570618 -0.18870402 -37.96863
-0.18756293 0.016725954 0.98211013 126.2844 -0.0059324803 0.99981748 -0.018160503 -3.6889652 -0.98223472 -0.0092325853 -0.18742947 -38.129135
-0.18769622 0.020660312 0.98200978 127.12476 -0.006214762 0.99973377 -0.022221059 -3.7243284 -0.98220751 -0.010273765 -0.18751785 -38.284935
-0.18749137 0.019721771 0.9820682 127.98728 -0.0090088944 0.99972184 -0.021796219 -3.7536407 -0.98222498 -0.012933951 -0.18726155 -38.437303
-0.18718967 0.019005442 0.98213988 128.84598 -0.0097468245 0.99972767 -0.021203466 -3.7954449 -0.98227547 -0.013541814 -0.18695345 -38.594755
-0.18647971 0.019243788 0.98227028 129.68303 -0.0050118288 0.99977651 -0.020538228 -3.8352704 -0.98244607 -0.0087529326 -0.18634159 -38.753993
-0.18583983 0.021369271 0.98234761 130.53668 -0.0084983507 0.99969113 -0.023354259 -3.8752101 -0.98254334 -0.012688486 -0.18560083 -38.907033
-0.18590131 0.023323208 0.98229153 131.35794 -0.016196557 0.99950967 -0.026797271 -3.9009596 -0.98243496 -0.020891388 -0.1854324 -39.041713
-0.18547095 0.024489299 0.9823445 132.1901 -0.020748734 0.99936893 -0.028831159 -3.9412977 -0.98243071 -0.025729747 -0.18484579 -39.185831
-0.18550167 0.027546213 0.98225773 133.03358 -0.023788902 0.99918815 -0.032513593 -3.9928 -0.98235599 -0.029398158 -0.18469578 -39.334364
-0.18430654 0.028714877 0.98244922 133.86518 -0.017949952 0.99930809 -0.032575017 -4.035799 -0.98270493 -0.023638705 -0.18366359 -39.489905
-0.18293567 0.029917189 0.98266954 134.68252 -0.018772499 0.99924834 -0.033916651 -4.083362 -0.98294568 -0.024651728 -0.18223655 -39.630784
-0.18099214 0.028743791 0.98306437 135.50933 -0.015331474 0.99936889 -0.032043197 -4.1202867 -0.98336508 -0.020871392 -0.18043723 -39.788226
-0.17772098 0.026169957 0.98373284 136.33182 -0.0039548779 0.99961927 -0.027307065 -4.1677774 -0.98407301 -0.0087435808 -0.17754982 -39.934189
-0.17548614 0.021850759 0.98423934 137.14217 0.0022433534 0.99975994 -0.021795344 -4.2004837 -0.98447939 -0.0016167832 -0.17549303 -40.092069
-0.17171788 0.021470998 0.98491212 137.9599 0.0045779273 0.99976906 -0.020996723 -4.2358922 -0.98513557 0.00090334417 -0.17177652 -40.231086
-0.16701574 0.025533977 0.9856235 138.76823 0.00040400272 0.99966629 -0.025829315 -4.2832789 -0.98595419 -0.0039157069 -0.16697032 -40.358918
-0.16049776 0.029117967 0.98660657 139.57789 0.0041110328 0.99957582 -0.028831962 -4.3203506 -0.98702768 -0.00057149239 -0.16054939 -40.483918
-0.15277369 0.029144846 0.98783131 140.34363 -0.0025720786 0.99954993 -0.029888376 -4.3630674 -0.98825789 -0.0071069367 -0.15262997 -40.591607
-0.14256569 0.026039675 0.98944271 141.16354 0.0072860175 0.9996544 -0.0252586 -4.3862228 -0.98975857 0.003608088 -0.14270615 -40.71157
-0.13077574 0.02454485 0.99110805 141.95736 0.016177452 0.99961322 -0.022620881 -4.427761 -0.99128002 0.013075342 -0.13112223 -40.816403
-0.11745706 0.026725363 0.99271824 142.74272 0.015129263 0.99956996 -0.025119746 -4.4655249 -0.99296275 0.012068605 -0.11781088 -40.905796
-0.10277439 0.028315898 0.99430154 143.54028 0.015530643 0.99951858 -0.026859168 -4.5029392 -0.99458348 0.012681708 -0.10316468 -40.984095
-0.088951431 0.027970977 0.9956431 144.32072 0.01554501 0.99952285 -0.02669117 -4.5387411 -0.99591469 0.013103065 -0.089343799 -41.046828
-0.075411369 0.029496825 0.9967161 145.10303 0.019914204 0.99940758 -0.02806977 -4.5788043 -0.99695368 0.017732029 -0.075954102 -41.105463
-0.061157958 0.035510084 0.99749619 145.91924 0.018033982 0.99924313 -0.034466582 -4.6252708 -0.99796521 0.015880924 -0.061752059 -41.141752
-0.049055709 0.044547697 0.99780206 146.65223 0.0085975586 0.99898668 -0.044177895 -4.6729171 -0.99875908 0.0064114847 -0.049389003 -41.160038
-0.035539689 0.053202142 0.99795109 147.39396 0.0026368943 0.99858349 -0.053141948 -4.7132685 -0.99936483 0.00074284407 -0.035629637 -41.162387
-0.021682224 0.054084136 0.99830091 148.16853 0.0010385058 0.99853637 -0.054074335 -4.7633535 -0.99976442 -0.00013570968 -0.021706657 -41.178133
-0.010023579 0.050062171 0.99869576 148.92939 0.0013476626 0.99874575 -0.050051149 -4.8130496 -0.9999489 0.00084421414 -0.010078475 -41.165835
0.00071848699 0.047138049 0.99888808 149.71596 0.00010198943 0.99888838 -0.047138135 -4.8696169 -0.99999978 0.00013574501 0.00071287919 -41.150454
0.0096378527 0.053130331 0.99854103 150.4395 -0.0043663142 0.99858017 -0.053090268 -4.9333353 -0.99994406 -0.0038482669 0.0098561507 -41.125315
0.016142177 0.061820437 0.9979567 151.21225 -0.013227393 0.99801265 -0.061609944 -4.9836524 -0.99978225 -0.012205846 0.016927819 -41.103212
0.019265657 0.065178481 0.99768758 151.96184 -0.017817908 0.99773674 -0.064837621 -5.0379006 -0.99965566 -0.016527566 0.020383397 -41.075809
0.019380822 0.061118556 0.99794229 152.71536 -0.018229868 0.99798548 -0.060767161 -5.0901271 -0.99964601 -0.017014638 0.02045596 -41.052962
0.018321681 0.055408169 0.99829563 153.47215 -0.011519204 0.9984087 -0.055203031 -5.1632582 -0.99976583 -0.010488158 0.018930782 -41.037655
0.015206349 0.05295537 0.99848105 154.2207 -0.012578909 0.99852766 -0.05276627 -5.2131703 -0.99980529 -0.01175742 0.01585008 -41.025011
0.012167553 0.053081002 0.99851604 154.97273 -0.014082778 0.99850006 -0.052908543 -5.2641426 -0.99982684 -0.013418112 0.012896829 -41.006438
0.0084579607 0.053503992 0.99853177 155.7133 -0.013425348 0.99848361 -0.053387691 -5.3217818 -0.99987415 -0.012954085 0.0091634433 -40.999494
0.0038333912 0.051424404 0.99866949 156.45064 -0.012773489 0.99859791 -0.051371686 -5.3769204 -0.99991111 -0.012559565 0.004484884 -40.992677
-0.0019683174 0.05194316 0.99864806 157.19143 -0.015432582 0.99852953 -0.05196741 -5.4258083 -0.99987902 -0.015514006 -0.0011638075 -40.984494
-0.0078318999 0.050027645 0.99871708 157.94061 -0.015364765 0.99862383 -0.050143462 -5.4768197 -0.99985132 -0.015737772 -0.0070524604 -40.982844
-0.013361329 0.047210401 0.99879556 158.66354 -0.011721353 0.99880874 -0.047367824 -5.5274775 -0.99984207 -0.012340131 -0.012792044 -40.996453
-0.019010259 0.04724835 0.99870222 159.40179 -0.012216528 0.99879722 -0.047485384 -5.5761659 -0.99974469 -0.013103382 -0.018410185 -41.007096
-0.024001746 0.048242891 0.99854717 160.12302 -0.012874678 0.99873721 -0.048561535 -5.6201089 -0.99962905 -0.014021534 -0.023350326 -41.012523
-0.028252177 0.050827847 0.9983077 160.85063 -0.018424705 0.99851025 -0.051359579 -5.6783534 -0.99943105 -0.019844545 -0.027273602 -41.027552
-0.030846754 0.052678585 0.99813494 161.56989 -0.015688183 0.99846167 -0.053180661 -5.7290293 -0.99940104 -0.017299374 -0.029972872 -41.050075
-0.032453324 0.054495481 0.99798644 162.29146 -0.013045155 0.9984043 -0.054942509 -5.7855044 -0.99938816 -0.014801955 -0.031690638 -41.075085
-0.031181677 0.052667746 0.99812511 163.01299 -0.0094221204 0.99855088 -0.05298456 -5.836554 -0.99946936 -0.011056602 -0.030640251 -41.097149
-0.027526048 0.048765123 0.99843087 163.70591 -0.0041482867 0.9987952 -0.048897282 -5.8766868 -0.99961252 -0.0054877256 -0.027290594 -41.116948
-0.020547778 0.048652759 0.99860433 164.42228 -0.005284153 0.99879602 -0.048770826 -5.9364831 -0.99977495 -0.0062789095 -0.020265951 -41.125523
-0.0093438206 0.049913634 0.99870979 165.11956 -0.0043442473 0.99874198 -0.049955885 -5.990749 -0.99994695 -0.0048054203 -0.0091152302 -41.124152
0.0046405427 0.050178098 0.99872946 165.80084 0.00040847115 0.99874008 -0.050180528 -6.0374075 -0.99998919 0.00064081791 0.0046141981 -41.118449
0.019699607 0.048011849 0.99865244 166.49398 -0.0020045252 0.99884621 -0.047981621 -6.0817093 -0.99980398 -0.0010566041 0.019773118 -41.093356
0.036008413 0.042940407 0.99842848 167.19687 -0.0058742198 0.99906827 -0.042756067 -6.1239026 -0.99933426 -0.0043254095 0.036227103 -41.046858
0.05206419 0.036155761 0.99798898 167.86218 -0.0069008041 0.99933355 -0.035844463 -6.1636435 -0.99861994 -0.0050207127 0.052278994 -40.999023
0.070217524 0.02901721 0.99710953 168.53851 -0.0066510708 0.99956823 -0.028620385 -6.200965 -0.99750957 -0.0046221928 0.070380199 -40.941462
0.087529259 0.021290875 0.99593436 169.23363 -0.0086154001 0.99975036 -0.020615274 -6.2367999 -0.99612474 -0.0067759326 0.087690836 -40.861127
0.10491221 0.01509554 0.99436687 169.88343 -0.0096495265 0.99985317 -0.014160739 -6.2676584 -0.99443471 -0.0081095343 0.10504247 -40.775943
0.12261034 0.012511272 0.99237598 170.54638 -0.0098724048 0.99988644 -0.011386201 -6.2945945 -0.99240583 -0.0084010708 0.12271993 -40.682936
0.14071116 0.011877892 0.9899794 171.1787 -0.0097340648 0.9998963 -0.01061332 -6.3144375 -0.99000288 -0.0081431104 0.14081218 -40.577555
0.1584046 0.011252283 0.98731013 171.8215 -0.010477866 0.99989791 -0.0097146694 -6.3329004 -0.98731873 -0.0088060539 0.15850632 -40.464003
0.17471018 0.010476542 0.98456412 172.46926 -0.015153415 0.99985357 -0.0079502709 -6.3503108 -0.98450333 -0.013530515 0.17484336 -40.331153
0.18880215 0.0075033548 0.98198644 173.09011 -0.019766542 0.99979725 -0.003839022 -6.3720256 -0.98181623 -0.01868566 0.18891219 -40.194194
0.20109136 0.0027352302 0.97956863 173.71446 -0.013389377 0.99991036 -4.3383006e-05 -6.385814 -0.97948102 -0.013107089 0.20110996 -40.059137
0.21206723 0.0014140976 0.97725402 174.355 -0.01116655 0.99993718 0.00097625691 -6.4026672 -0.97719132 -0.011119588 0.21206969 -39.921083
0.22156541 0.005040372 0.97513244 174.9429 -0.015286998 0.99988171 -0.0016948523 -6.422814 -0.97502572 -0.014531327 0.22161625 -39.761664
0.23067223 0.011895238 0.97295876 175.55546 -0.019299435 0.9997845 -0.0076476314 -6.4399632 -0.97284014 -0.017013458 0.23085209 -39.603915
0.23968235 0.022090265 0.97059998 176.12545 -0.019930026 0.99964238 -0.017829682 -6.4586987 -0.97064682 -0.015070622 0.24003689 -39.453203
0.24818914 0.028910156 0.96828006 176.70819 -0.016603442 0.99953469 -0.025587545 -6.4715496 -0.96856934 -0.0097262302 0.24855366 -39.298653
0.25458965 0.027521805 0.96665743 177.31634 -0.015311879 0.99958436 -0.024426563 -6.4867565 -0.96692799 -0.0085825909 0.25490524 -39.133522
0.26039878 0.019924832 0.9652955 177.92617 -0.017461968 0.9997207 -0.015924856 -6.5119495 -0.96534327 -0.012709145 0.26067397 -38.963962
0.26462736 0.0092198942 0.96430663 178.52949 -0.021543391 0.99976126 -0.003646892 -6.5273697 -0.96411012 -0.019809367 0.26476281 -38.781868
0.26705719 -5.9576957e-05 0.96368064 179.14354 -0.02190866 0.99974116 0.0061331801 -6.5577639 -0.96343165 -0.022750861 0.26698676 -38.604614
0.26782171 -0.0011644241 0.96346775 179.74946 -0.01703187 0.99983729 0.0059428449 -6.5762564 -0.96331798 -0.01800128 0.2677583 -38.434317
0.26906075 0.0023200181 0.96312037 180.35184 -0.015208321 0.99988265 0.0018400781 -6.5737371 -0.96300317 -0.015142536 0.26906446 -38.268627
0.27021202 0.0018009287 0.96279912 180.95738 -0.012781655 0.99991684 0.0017168464 -6.5861959 -0.96271604 -0.012770078 0.27021256 -38.104363
0.27253386 0.00025805738 0.96214612 181.55847 -0.014903605 0.99988112 0.0039533605 -6.5828429 -0.9620308 -0.01541687 0.27250531 -37.917096
0.27487158 -0.0038768652 0.96147309 182.18499 -0.015038554 0.99985221 0.0083309283 -6.602145 -0.96136337 -0.0167491 0.27477265 -37.735615
0.27821262 -0.0098438638 0.96046903 182.79816 -0.012734322 0.9998218 0.013935856 -6.609243 -0.96043514 -0.016108052 0.27803768 -37.550881
0.28218342 -0.012723559 0.95927606 183.41721 -0.012184629 0.99978387 0.016845108 -6.6159277 -0.95928313 -0.016441832 0.2819674 -37.365627
0.28836936 -0.014115546 0.95741516 184.02993 -0.011291983 0.99977167 0.018141122 -6.6087907 -0.95745271 -0.016042458 0.28814412 -37.180987
0.29600877 -0.017205648 0.95503021 184.65469 -0.010175592 0.99972422 0.021164741 -6.61268 -0.95513106 -0.015982946 0.29575206 -36.983213
0.30615376 -0.020108958 0.95176963 185.26215 -0.0061003442 0.99971491 0.023084229 -6.6149841 -0.95196257 -0.012873445 0.3059438 -36.776642
0.31714831 -0.017968387 0.94820568 185.88273 -0.0079367885 0.9997352 0.021599499 -6.6168492 -0.94834278 -0.014375952 0.31692172 -36.556153
0.32905268 -0.014071826 0.94420667 186.49518 -0.0087711572 0.99980029 0.017957073 -6.6145909 -0.94427087 -0.014190608 0.32886353 -36.323032
0.33994051 -0.010137873 0.94039226 187.10875 -0.011126898 0.99982855 0.014800864 -6.6132968 -0.94038115 -0.015495062 0.33976943 -36.098617
0.3516869 -0.0097891343 0.93606646 187.73101 -0.0097940333 0.99985212 0.014135876 -6.6093789 -0.93606649 -0.014139268 0.35153902 -35.85322
0.36302101 -0.013001259 0.93169021 188.36035 -0.0087495726 0.999811 0.017361007 -6.615624 -0.93173991 -0.014454301 0.36283864 -35.59935
0.37384445 -0.015024781 0.92736968 188.97235 -0.0083571901 0.99977362 0.019566812 -6.612678 -0.92745381 -0.015065148 0.37363425 -35.335326
0.38506437 -0.014893135 0.9227695 189.60502 -0.01171962 0.99971025 0.021025432 -6.6176845 -0.92281534 -0.018910652 0.38477826 -35.060335
0.39507748 -0.016579393 0.91849814 190.21819 -0.013807829 0.99961701 0.023982852 -6.6070992 -0.91854407 -0.022157549 0.39469724 -34.776464
0.40234234 -0.014696704 0.91537128 190.85299 -0.019265522 0.99951379 0.024515619 -6.6042711 -0.9152866 -0.027498777 0.40186358 -34.478589
0.40653299 -0.017139158 0.91347529 191.49632 -0.019545828 0.99943205 0.027450603 -6.596675 -0.91342704 -0.029014207 0.4059671 -34.187689
0.40852248 -0.022586971 0.91246871 192.13924 -0.013546278 0.99943363 0.030804494 -6.5899223 -0.91264777 -0.024944883 0.40798514 -33.88982
0.40923178 -0.020487892 0.91220038 192.79114 -0.011896592 0.99954308 0.027786652 -6.5856362 -0.91235294 -0.022223256 0.40880106 -33.602732
0.40819191 -0.020447243 0.91266708 193.45783 -0.0095716329 0.99959831 0.026675765 -6.5767834 -0.912846 -0.019624545 0.40783223 -33.302349
0.40712748 -0.019446483 0.91316427 194.11832 -0.0066140191 0.99968434 0.024237801 -6.5673619 -0.91334744 -0.01590756 0.40687035 -33.015154
0.40700174 -0.020553509 0.91319607 194.78348 -0.0034747975 0.99970474 0.024049259 -6.5621961 -0.91342081 -0.012961261 0.40681015 -32.71993
0.40570443 -0.027422607 0.91359282 195.47667 0.00026163631 0.99955326 0.029886628 -6.5531537 -0.91400433 -0.011886108 0.40553036 -32.423389
0.40518611 -0.029955115 0.91374331 196.15135 0.00027590694 0.99946704 0.032643036 -6.5487626 -0.91423422 -0.012974396 0.40497842 -32.118723
0.403947 -0.032334045 0.91421073 196.84 0.0020776378 0.99940498 0.034429206 -6.5381073 -0.91478007 -0.012008175 0.40377382 -31.803684
0.4015272 -0.032645158 0.91526506 197.53292 0.00094842938 0.99937881 0.035229203 -6.5232847 -0.91584665 -0.013277418 0.40130874 -31.507664
0.4007731 -0.032891391 0.9155867 198.20386 -0.00060907067 0.99934558 0.036166935 -6.513096 -0.91617718 -0.015052391 0.40049079 -31.195298
0.39836497 -0.031769907 0.91667658 198.89763 -0.0019700694 0.99936802 0.035491946 -6.5053682 -0.91722491 -0.015944664 0.39805062 -30.890677
0.39749497 -0.028760296 0.91715349 199.58874 -0.0014283678 0.99948809 0.031961217 -6.4994108 -0.91760328 -0.014014455 0.3972504 -30.579478
0.39677877 -0.022430903 0.91764012 200.27535 -0.0021054682 0.99967651 0.025346594 -6.4968006 -0.91791189 -0.011989052 0.39660319 -30.290992
0.39498286 -0.019271694 0.91848629 200.95791 -0.0042599905 0.99973078 0.02280832 -6.4844784 -0.91867865 -0.012921638 0.39479443 -29.997254
0.3943307 -0.021930652 0.91870685 201.648 -0.0052175178 0.99964566 0.026102241 -6.4756577 -0.91895384 -0.015086284 0.39407655 -29.688138
0.39263432 -0.025191449 0.91934956 202.33778 -0.0062799003 0.99952805 0.03007046 -6.470301 -0.91967327 -0.017580118 0.39229082 -29.378821
0.39009912 -0.024632103 0.9204433 203.01824 -0.010081839 0.99946792 0.031019742 -6.4702222 -0.92071771 -0.021380535 0.38964322 -29.089415
0.38622978 -0.024698312 0.92207184 203.71233 -0.013027188 0.9993957 0.032226203 -6.4605599 -0.92231064 -0.024458722 0.38567463 -28.799077
0.37850417 -0.02536213 0.92525201 204.41313 -0.013666758 0.99936242 0.032984402 -6.4528143 -0.92549872 -0.025129929 0.37791623 -28.514353
0.37030519 -0.025775678 0.92855243 205.08915 -0.013581408 0.99935786 0.033157408 -6.4438067 -0.9288109 -0.02488941 0.36971733 -28.242858
