1 0 0 0 0 1 0 0 0 0 1 0
0.9999398 -0.0021370105 0.010762546 0.0061645488 0.0021269315 0.99999729 0.00094786066 -0.0096805006 -0.010764543 -0.00092491241 0.99994163 0.29214276
0.99983982 -0.003926207 0.017462178 0.021156325 0.0039055658 0.99999163 0.0012160143 -0.015002824 -0.017466808 -0.0011476198 0.99984679 0.57814539
0.99978916 -0.0069267344 0.019330032 0.028704974 0.0069367646 0.99997584 -0.00045187035 -0.01793718 -0.019326437 0.000585863 0.99981306 0.87829588
0.99981061 -0.0081901372 0.017654236 0.027685463 0.0082188948 0.99996501 -0.001556967 -0.022477197 -0.017640868 0.0017017705 0.99984294 1.1932584
0.99988326 -0.011054663 0.010548082 0.033166034 0.011091683 0.99993251 -0.0034575743 -0.024785451 -0.010509148 0.0035741667 0.99993839 1.5086926
0.99992856 -0.011892956 -0.0011973339 0.017000794 0.011887351 0.99991883 -0.0045845587 -0.035659159 0.0012517607 0.0045699982 0.99998877 1.8231871
0.99978978 -0.011459519 -0.017002073 -0.0015989909 0.011375323 0.99992259 -0.0050406639 -0.044836279 0.017058522 0.0048462003 0.99984275 2.1584661
0.99933171 -0.0077279367 -0.035726844 -0.042222963 0.0075343268 0.99995621 -0.0055506468 -0.048444981 0.035768177 0.0052777597 0.99934618 2.503271
0.99845049 -0.003922959 -0.055508838 -0.086985281 0.0035801193 0.99997391 -0.0062744066 -0.051208057 0.055532008 0.0060659561 0.99843848 2.851736
0.99720019 -0.0035240012 -0.074695119 -0.1291964 0.0030398139 0.99997363 -0.0065948818 -0.058541659 0.074716396 0.0063493582 0.99718461 3.2074673
0.99538916 -0.0043729147 -0.095819068 -0.17875641 0.0038071174 0.99997423 -0.0060868764 -0.065072875 0.095843224 0.0056940164 0.99538016 3.5991996
0.99327462 -0.0055747706 -0.11564797 -0.24180441 0.0049744312 0.99997262 -0.0054790593 -0.073707127 0.11567535 0.0048669277 0.99327515 3.9839026
0.99110624 -0.0048118106 -0.13298595 -0.31793283 0.0042216627 0.99997995 -0.0047192824 -0.081783948 0.133006 0.0041158884 0.99110669 4.373662
0.98885709 -0.0035380064 -0.14882587 -0.38543827 0.0029510666 0.99998697 -0.0041644464 -0.090227313 0.14883867 0.0036788473 0.98885465 4.7919294
0.98676354 -0.0028346449 -0.16214095 -0.47829797 0.0021785609 0.99998871 -0.0042240321 -0.096358493 0.1621511 0.0038148869 0.98675857 5.2041784
0.9846328 -0.004150488 -0.17458814 -0.56416856 0.0033153172 0.99998163 -0.0050750407 -0.10348329 0.17460601 0.0044182364 0.98462847 5.630801
0.98300816 -0.0069397128 -0.18343063 -0.65237245 0.0057402501 0.99995854 -0.0070692271 -0.1140159 0.1834721 0.0058961702 0.98300724 6.0957298
0.98139812 -0.006422365 -0.19187622 -0.75272919 0.0048260408 0.99994976 -0.0087857436 -0.12370625 0.19192302 0.0076963097 0.98137981 6.5451191
0.97984993 -0.0065750134 -0.19962684 -0.85742659 0.0045391004 0.99993294 -0.010654557 -0.1271798 0.19968352 0.0095337404 0.97981407 7.0172331
0.97827676 -0.0069662264 -0.20718604 -0.96710854 0.0042950604 0.9999018 -0.013339628 -0.13917938 0.20725864 0.012159972 0.97821061 7.4932115
0.97636088 -0.010938053 -0.21586985 -1.0782588 0.0078378251 0.99985356 -0.015212434 -0.15060212 0.21600465 0.013160875 0.97630364 7.9971277
0.97451308 -0.016236855 -0.22374228 -1.1971193 0.012946792 0.99978553 -0.016163932 -0.16521142 0.22395677 0.012855219 0.9745143 8.5069764
0.97263239 -0.017406266 -0.23169647 -1.3306632 0.013425556 0.99973413 -0.018746542 -0.19208829 0.23196119 0.01512284 0.97260748 9.0205519
0.97060147 -0.01353562 -0.2403114 -1.478172 0.0082866495 0.9997048 -0.022839494 -0.19785834 0.24054963 0.020176671 0.97042711 9.5641276
0.9684757 -0.0109771 -0.24886606 -1.6364128 0.0046267637 0.99964895 -0.026087683 -0.2146661 0.24906508 0.024113843 0.96818651 10.08699
0.96624344 -0.012990227 -0.25730307 -1.7963131 0.0059982131 0.99959159 -0.027940544 -0.23530293 0.25756096 0.025454009 0.96592673 10.664876
0.96380617 -0.015437241 -0.26615664 -1.9615479 0.0077816952 0.99952577 -0.029794015 -0.27060332 0.26649038 0.026644506 0.96346923 11.221084
0.96179912 -0.015184531 -0.27333474 -2.1258164 0.0065789124 0.99945421 -0.032372949 -0.29060169 0.27367715 0.029338029 0.96137407 11.797574
0.9592021 -0.014778068 -0.28233478 -2.3201881 0.0048363825 0.99934451 -0.035876957 -0.31369601 0.28267992 0.033047774 0.95864483 12.377135
0.95701948 -0.015446453 -0.28961201 -2.5071475 0.0037049433 0.99915036 -0.041046731 -0.34260977 0.29 0.038209526 0.95626358 12.94889
0.95507685 -0.016585586 -0.29589377 -2.7142079 0.0024167589 0.99883543 -0.048186484 -0.38217821 0.29634841 0.045306692 0.95400468 13.568577
0.95382525 -0.016875999 -0.29988761 -2.9152522 -6.2752316e-05 0.99840913 -0.056384475 -0.4198035 0.30036209 0.053799756 0.95230678 14.19906
0.95277302 -0.017017224 -0.30320616 -3.1238402 -0.0028327883 0.99788728 -0.064907241 -0.46414001 0.30367014 0.062700788 0.95071187 14.817152
0.9513924 -0.01620815 -0.30755453 -3.3469696 -0.0069579781 0.99722818 -0.074077892 -0.51354239 0.30790273 0.072617103 0.94864254 15.473624
0.94995979 -0.015469843 -0.3119889 -3.5685986 -0.010453064 0.99663927 -0.081245976 -0.57187045 0.31219727 0.080441652 0.94660552 16.100143
0.94830888 -0.01415712 -0.31703286 -3.8104584 -0.014369083 0.99606438 -0.087460115 -0.63151328 0.31702335 0.087494676 0.94437328 16.771049
0.94674011 -0.013206907 -0.32172773 -4.0541502 -0.017837567 0.99547315 -0.093354278 -0.70475487 0.32150427 0.094121081 0.94221878 17.438912
0.94484907 -0.011104617 -0.32731775 -4.3026599 -0.02254079 0.99485014 -0.098818571 -0.77832951 0.32672948 0.10074664 0.93973292 18.085277
0.94315453 -0.0079143234 -0.33226026 -4.5810179 -0.02759883 0.99439858 -0.10202831 -0.85385557 0.33120664 0.10539846 0.9376531 18.788042
0.94132034 -0.007975647 -0.3374202 -4.8336942 -0.028548944 0.99425644 -0.10314598 -0.9309142 0.3363049 0.1067264 0.93568611 19.468851
0.93920767 -0.0067710304 -0.34328283 -5.115014 -0.030247959 0.99428652 -0.10236881 -1.0197494 0.34201467 0.10652918 0.93363671 20.191641
0.93690626 -0.007178808 -0.34950695 -5.402336 -0.030074169 0.99442733 -0.1010437 -1.1063729 0.34828467 0.10517961 0.9314693 20.931804
0.93434531 -0.0065281129 -0.35630916 -5.6839823 -0.030840095 0.99460004 -0.09909416 -1.18942 0.35503203 0.10357677 0.92909855 21.634953
0.93156999 -0.006392517 -0.36350581 -5.9645892 -0.030599213 0.99491918 -0.095914131 -1.2727021 0.36227206 0.10047372 0.92664124 22.342891
0.92774262 -0.0026917322 -0.37321089 -6.2946405 -0.033600751 0.99531084 -0.090704631 -1.3579477 0.37170503 0.09669072 0.92330184 23.151831
0.9244941 -0.0019241001 -0.38119148 -6.6191199 -0.032987919 0.99583205 -0.08503132 -1.4392892 0.37976633 0.091185668 0.92057739 23.87128
0.92121455 0.00094622442 -0.38905378 -6.9661047 -0.035270116 0.99608245 -0.081091164 -1.5142841 0.38745295 0.088424334 0.91763902 24.638982
0.91738194 0.001792598 -0.39800396 -7.2822722 -0.036272825 0.99620492 -0.079120412 -1.5880706 0.3963517 0.087020366 0.91396543 25.378829
0.91351207 0.0032999761 -0.40679822 -7.6517173 -0.038515647 0.99617688 -0.078410239 -1.6677528 0.40498427 0.087296798 0.91014671 26.145971
0.90961617 0.0043728974 -0.41542663 -8.011292 -0.040155001 0.99618828 -0.077437033 -1.7401082 0.41350455 0.087119436 0.90632456 26.896706
0.90569768 0.0039859313 -0.42390542 -8.3924029 -0.039821746 0.99633417 -0.075712976 -1.8111178 0.4220497 0.085453722 0.90253627 27.709733
0.90190452 0.0046487714 -0.43191042 -8.7757732 -0.040264017 0.99649294 -0.073352776 -1.8891374 0.43005472 0.083547649 0.89892867 28.463032
0.89773761 0.004622057 -0.4405063 -9.1772964 -0.039048458 0.99684384 -0.069120005 -1.959788 0.43879655 0.079252721 0.89508469 29.25168
0.89417018 0.005532666 -0.44769304 -9.5838048 -0.038073536 0.9972413 -0.063719586 -2.0211666 0.44610549 0.074021412 0.89191409 30.057837
0.89110907 0.0047700875 -0.4537641 -10.008904 -0.03562944 0.99759328 -0.059482685 -2.089648 0.45238832 0.069172922 0.88913437 30.842132
0.88754382 0.0048657279 -0.46069759 -10.446572 -0.035288612 0.99772471 -0.057446644 -2.1574239 0.45936989 0.067243793 0.88569611 31.670205
0.88344398 0.0064271427 -0.4684927 -10.874573 -0.03709243 0.997727 -0.056258183 -2.2212037 0.46706627 0.067078486 0.88167431 32.475638
0.88045753 0.004293536 -0.47410557 -11.326678 -0.034190794 0.99793051 -0.0544581 -2.2731411 0.47289064 0.064158091 0.87878223 33.284335
0.87796518 0.0013956942 -0.47872244 -11.810717 -0.030605884 0.99811365 -0.053220478 -2.3350668 0.47774516 0.061377451 0.87635175 34.134432
0.87428115 -0.00064952267 -0.48541944 -12.260338 -0.028562018 0.99819771 -0.052778241 -2.3874657 0.48457889 0.06000758 0.87268689 34.975119
0.8728141 0.0026681087 -0.4880455 -12.765111 -0.032761063 0.99804989 -0.053133182 -2.4582878 0.48695203 0.06236428 0.87119943 35.805588
0.87116182 0.0020554326 -0.49099168 -13.256021 -0.03264657 0.9980208 -0.053746489 -2.5198131 0.48990948 0.062851084 0.86950472 36.673631
0.87116931 0.0026839946 -0.49097536 -13.760783 -0.032862871 0.99806133 -0.05285465 -2.5802087 0.4898817 0.06218021 0.86956861 37.532576
0.87094439 0.0027031373 -0.49137414 -14.296016 -0.031962948 0.99817875 -0.051162101 -2.6420407 0.49034097 0.060265112 0.86944458 38.44973
0.87033595 0.00089055403 -0.49245763 -14.787454 -0.029706854 0.99827219 -0.050696595 -2.705383 0.49156165 0.058752437 0.86885863 39.335333
0.87025058 -0.00091773297 -0.49260843 -15.305303 -0.027963287 0.99829376 -0.051260252 -2.7696813 0.49181501 0.058384216 0.86874007 40.238302
0.86926971 -0.0026780395 -0.49433083 -15.845847 -0.026570154 0.99828671 -0.052131241 -2.8338641 0.49362355 0.058450556 0.86770925 41.162286
0.86745257 -0.0038886101 -0.49750468 -16.363678 -0.024297008 0.99844518 -0.050168502 -2.8931541 0.49692627 0.055606671 0.86600935 42.052162
0.86531506 -0.0026995613 -0.50122104 -16.907439 -0.023858745 0.99863012 -0.046568661 -2.9648306 0.50066018 0.052255069 0.86406528 42.98187
0.86324562 -0.0017931532 -0.5047809 -17.437005 -0.022575786 0.99885595 -0.04215601 -3.0302737 0.50427904 0.047786817 0.86221755 43.911579
0.85872459 -0.0056459379 -0.51240627 -17.986362 -0.017345597 0.99904603 -0.040076874 -3.0826685 0.51214377 0.04330299 0.85780746 44.783206
0.85423916 -0.0063854143 -0.51984099 -18.561993 -0.018173904 0.99894662 -0.04213509 -3.1564326 0.51956249 0.045440984 0.85322328 45.729449
0.84914255 -0.010082457 -0.52806747 -19.141025 -0.016531305 0.99882055 -0.045653254 -3.2124834 0.52790498 0.047495765 0.84797435 46.59919
0.84195654 -0.010250833 -0.53944794 -19.70416 -0.016959507 0.99882264 -0.045450039 -3.2739824 0.53927876 0.047415729 0.84079141 47.480416
0.83693349 -0.0051881166 -0.54728 -20.298036 -0.02013979 0.99898588 -0.040269184 -3.3341686 0.54693395 0.044724733 0.83598025 48.395511
0.83131929 -0.004092576 -0.55578005 -20.915882 -0.018380521 0.99922348 -0.034850978 -3.3902053 0.55549115 0.039187817 0.83059853 49.251336
0.82724084 -0.0032175586 -0.56183824 -21.531303 -0.020864211 0.99911795 -0.036441889 -3.4456034 0.56145997 0.041868531 0.82644404 50.143912
0.82394208 -0.0048241204 -0.56665347 -22.135102 -0.022412161 0.99890395 -0.041092405 -3.5001587 0.56623067 0.046557691 0.82293088 50.990797
0.82191047 -0.0068125988 -0.56957593 -22.761468 -0.024963187 0.99853699 -0.047965747 -3.5708218 0.56906946 0.05364198 0.82053794 51.869872
0.8176194 -0.0070816024 -0.5757155 -23.374186 -0.026295647 0.99842167 -0.049625647 -3.6328849 0.57515831 0.055713704 0.81614272 52.727946
0.81475102 -0.0059859442 -0.57978006 -23.96794 -0.025311857 0.9986262 -0.045880468 -3.6983286 0.57925825 0.052056468 0.8134802 53.591254
0.81193716 -0.0055638995 -0.58371831 -24.639493 -0.021967098 0.99895507 -0.040077528 -3.756271 0.5833314 0.045363032 0.81096652 54.460733
0.81016455 -0.0042203009 -0.58618731 -25.28735 -0.021626987 0.99907812 -0.037083414 -3.8150452 0.58580347 0.042721133 0.8093264 55.346397
0.80647016 -0.0018549176 -0.59127186 -25.916401 -0.025248581 0.9989749 -0.037571958 -3.8708936 0.59073549 0.045229439 0.80559661 56.174769
0.80230499 -0.0028589805 -0.59690745 -26.572923 -0.025592499 0.99890424 -0.039183353 -3.930076 0.59636546 0.046713354 0.80135269 57.051396
0.79833962 -0.0042208729 -0.60219266 -27.230833 -0.026296347 0.99877728 -0.041862227 -3.9962662 0.60163309 0.049255742 0.79725249 57.896599
0.79482996 -0.0063315377 -0.60679916 -27.869067 -0.024325656 0.99880939 -0.042285421 -4.0466947 0.60634448 0.048370508 0.79372961 58.723691
0.79024967 -0.0062656541 -0.61275295 -28.57385 -0.024043054 0.99886072 -0.041221393 -4.1102811 0.61231318 0.047307645 0.7891987 59.600486
0.78630362 -0.0067303935 -0.6178036 -29.235639 -0.0234 0.99889883 -0.040664194 -4.1661684 0.61739703 0.046431007 0.78528027 60.438939
0.78080405 -0.0070419403 -0.62473627 -29.924407 -0.024004469 0.99886004 -0.041260128 -4.2332221 0.6243147 0.047212538 0.77974494 61.265051
0.77489554 -0.010259374 -0.63200602 -30.604112 -0.021312449 0.99887568 -0.042345735 -4.2893404 0.63172993 0.046283118 0.77380566 62.103116
0.76970227 -0.010703139 -0.63831327 -31.295469 -0.021724021 0.99884127 -0.042944061 -4.3520635 0.63803332 0.046920872 0.76857787 62.920154
0.76344252 -0.010111396 -0.6457966 -32.041048 -0.024012785 0.99874181 -0.044024781 -4.4182078 0.64542927 0.049117765 0.76223916 63.759921
0.76007692 -0.015838333 -0.64964004 -32.735889 -0.01818378 0.99879309 -0.04562571 -4.4745367 0.64957868 0.046491961 0.75887158 64.586778
0.75193715 -0.013982159 -0.65908648 -33.459636 -0.021001333 0.99875953 -0.045148089 -4.5411323 0.65890022 0.047790221 0.75071075 65.371162
0.74520195 -0.014741621 -0.66667586 -34.2031 -0.019231926 0.99886463 -0.043584226 -4.6046401 0.66656149 0.045300511 0.74407236 66.224868
0.73912611 -0.015730691 -0.67338332 -34.950253 -0.017603376 0.99893465 -0.042657792 -4.6711159 0.67333702 0.043383308 0.73806177 67.045275
0.7327852 -0.016673221 -0.68025569 -35.742606 -0.01766126 0.99889695 -0.043508256 -4.7380571 0.68023082 0.043896379 0.73168243 67.841138
0.72630669 -0.018800765 -0.68711359 -36.525538 -0.0169235 0.99883375 -0.045218854 -4.8081013 0.68716244 0.044471124 0.72514146 68.655865
0.72149434 -0.017335559 -0.69220327 -37.268357 -0.01924639 0.9987982 -0.045074744 -4.8641872 0.69215283 0.045843587 0.7202936 69.427565
0.71553152 -0.017599946 -0.69835868 -38.121228 -0.018174048 0.99887524 -0.043794477 -4.9302745 0.69834404 0.044028333 0.71440685 70.258623
0.71292923 -0.016815164 -0.70103432 -38.930486 -0.019700048 0.9988376 -0.043992649 -4.9973235 0.70095924 0.045174055 0.71176927 71.043228
0.70708987 -0.016983008 -0.70691969 -39.739793 -0.021018213 0.99876506 -0.04501756 -5.0659451 0.70681128 0.04668965 0.70585971 71.85793
0.70099962 -0.018353588 -0.71292541 -40.548295 -0.021980168 0.99863785 -0.047321466 -5.1442257 0.71282287 0.04884255 0.69964134 72.668986
0.6970232 -0.020271189 -0.71676195 -41.386618 -0.022532977 0.99848741 -0.050151286 -5.2059388 0.71669447 0.051107391 0.69551213 73.42074
0.69159091 -0.020889547 -0.72198726 -42.230078 -0.023150513 0.99842704 -0.051063743 -5.2766508 0.72191836 0.052029596 0.69001946 74.212691
0.68742097 -0.021463345 -0.72594193 -43.075016 -0.021284085 0.99853849 -0.049677667 -5.3483339 0.72594727 0.04960048 0.68595947 75.032968
0.68207407 -0.021770565 -0.73095893 -43.916088 -0.020000468 0.9986275 -0.048405571 -5.4226326 0.73100957 0.047635706 0.6807025 75.795961
0.67791084 -0.0226334 -0.7347956 -44.809191 -0.019545256 0.99861771 -0.048791874 -5.5017457 0.73488429 0.047438309 0.6765314 76.593299
0.67372289 -0.023255981 -0.73861802 -45.677895 -0.019233958 0.99861424 -0.048986228 -5.5690328 0.73873376 0.047209691 0.67234196 77.375069
0.66850634 -0.025169475 -0.74328038 -46.580315 -0.016688282 0.99866782 -0.048827021 -5.6423966 0.74351921 0.045045246 0.66719574 78.159797
0.6648713 -0.026421663 -0.74649046 -47.445861 -0.014803756 0.99871182 -0.048534068 -5.7122753 0.74681126 0.043319772 0.66362368 78.92092
0.66096542 -0.028557292 -0.74987275 -48.331568 -0.012796223 0.99870143 -0.049312458 -5.7852927 0.75030728 0.042189368 0.65974168 79.685357
0.65698806 -0.031887804 -0.75322627 -49.235251 -0.011888122 0.99854266 -0.052642464 -5.8697939 0.75380728 0.043539916 0.65565152 80.493152
0.65225406 -0.036742911 -0.75710934 -50.146848 -0.0070789422 0.99848564 -0.054555577 -5.9435249 0.7579674 0.04094363 0.65100621 81.275131
0.64494927 -0.041856217 -0.76307827 -51.058593 0.00046319504 0.99852025 -0.054379143 -6.0200717 0.76422527 0.034718335 0.6440143 82.033633
0.63656845 -0.044792808 -0.76991828 -51.999874 0.0043462803 0.99850441 -0.054498136 -6.1090774 0.77120799 0.031345513 0.63581109 82.794312
0.62911608 -0.045661721 -0.77596901 -52.926056 0.0062697056 0.99853874 -0.053675629 -6.1872076 0.77728611 0.028903104 0.62848307 83.527927
0.62112754 -0.044310181 -0.78245583 -53.879059 0.0071899405 0.99868055 -0.050847401 -6.2660891 0.78367655 0.02595691 0.62062658 84.314936
0.61141587 -0.043805783 -0.79009597 -54.836878 0.0069048026 0.99872387 -0.050029587 -6.3481349 0.79127935 0.025133427 0.61093809 85.055675
0.60299133 -0.044881904 -0.79648416 -55.821558 0.0049770679 0.99860833 -0.052503635 -6.4295209 0.79773224 0.027695081 0.60237555 85.776966
0.59187971 -0.046883292 -0.80466161 -56.815758 0.0052563657 0.99851021 -0.054311413 -6.5104144 0.8060092 0.027916227 0.59124437 86.47579
0.58352621 -0.047993712 -0.81067485 -57.809271 0.0045102946 0.99842828 -0.055862599 -6.5868868 0.81208181 0.028940908 0.58282554 87.20801
0.57356658 -0.049351427 -0.81767094 -58.819544 0.0083916683 0.99848515 -0.054378215 -6.6735069 0.819116 0.024327904 0.57311185 87.910694
0.5627311 -0.049621156 -0.82514931 -59.850566 0.010221409 0.99853809 -0.053077314 -6.7578708 0.82657685 0.021434066 0.56241564 88.629961
0.55297295 -0.049769508 -0.8317114 -60.89066 0.0096054842 0.99852885 -0.053365526 -6.8457017 0.83314387 0.021520701 0.5526375 89.279497
0.54267063 -0.051366586 -0.83837342 -61.924541 0.0097094067 0.99844524 -0.05488928 -6.9214058 0.8398895 0.021646692 0.54232565 89.93626
0.53250972 -0.052139587 -0.84481643 -63.002484 0.0088808565 0.99839016 -0.056019872 -7.0089934 0.84637733 0.022328432 0.53211551 90.615333
0.52396053 -0.052676402 -0.85011205 -64.042083 0.0074728716 0.99833163 -0.057254839 -7.089736 0.8517098 0.023646497 0.52348001 91.226715
0.51341807 -0.052308889 -0.85654282 -65.106585 0.0056222773 0.99832406 -0.057597404 -7.1838301 0.85812023 0.024755827 0.51285171 91.852219
0.50426144 -0.050364261 -0.86208107 -66.253096 0.0048279417 0.99844663 -0.055506938 -7.2680002 0.86353758 0.023827932 0.50372129 92.50938
0.49817831 -0.04899946 -0.86568895 -67.335098 0.0062622854 0.99857925 -0.052917516 -7.3566656 0.86705203 0.020941168 0.49777737 93.132864
0.48888857 -0.048475388 -0.8709983 -68.443355 0.0053255018 0.99860209 -0.052587986 -7.4444863 0.87233002 0.021071162 0.48846331 93.74364
0.48113376 -0.052126474 -0.87509603 -69.58575 0.0076830634 0.99844301 -0.05524963 -7.5322408 0.87661356 0.019859044 0.48078513 94.325108
0.47705896 -0.055398173 -0.87712355 -70.66981 0.010026711 0.99828954 -0.057597454 -7.6155453 0.87881413 0.018682717 0.47679843 94.934016
0.46786019 -0.05827393 -0.8818792 -71.81037 0.01125532 0.99813583 -0.059984838 -7.7098294 0.88373086 0.018138684 0.46764391 95.528494
0.46348947 -0.061981506 -0.88393197 -72.914941 0.01297042 0.99791829 -0.063173216 -7.8090493 0.88600753 0.017815151 0.46332855 96.098026
0.45872392 -0.063305348 -0.8863209 -74.063391 0.015969576 0.99788521 -0.063008605 -7.9056083 0.88843537 0.014749385 0.45876478 96.69357
0.45392373 -0.061195631 -0.8889366 -75.158701 0.018097401 0.99806621 -0.059467066 -8.0013014 0.89085677 0.01090607 0.45415342 97.254333
0.44983101 -0.058906711 -0.89116889 -76.301266 0.021272798 0.99824609 -0.055246801 -8.1024671 0.89286035 0.0058940681 0.45029516 97.86905
0.44552132 -0.058084303 -0.89338508 -77.399311 0.022366701 0.99830381 -0.053751669 -8.1906333 0.89499193 0.0039654367 0.44606478 98.396338
0.44134966 -0.05705119 -0.89551972 -78.531271 0.021831899 0.99836413 -0.05284346 -8.2842846 0.89706962 0.0037715469 0.44187321 98.946435
0.44060777 -0.057005086 -0.89588791 -79.673022 0.024904324 0.99837385 -0.051278009 -8.375882 0.89735424 0.00028200538 0.44131095 99.485531
0.43712324 -0.056698767 -0.89761264 -80.769398 0.027775595 0.99838595 -0.049537956 -8.4570712 0.89897267 -0.0032775344 0.43799254 100.031
0.43582906 -0.056771521 -0.89823714 -81.885277 0.028605033 0.99837818 -0.04922146 -8.542379 0.89957482 -0.004241961 0.43674618 100.5896
0.43325974 -0.058374443 -0.89937665 -82.989628 0.033072642 0.99825792 -0.048860182 -8.6246532 0.90066213 -0.0085756134 0.43443556 101.06549
0.42988915 -0.056484992 -0.90111303 -84.022223 0.034089726 0.99834495 -0.046316835 -8.7004366 0.90223793 -0.010807592 0.43110322 101.58658
0.42839393 -0.056095953 -0.90184911 -85.163518 0.036746486 0.998327 -0.044641763 -8.786203 0.90284462 -0.014015526 0.42973856 102.12483
0.42599571 -0.056632391 -0.90295091 -86.231822 0.038188684 0.998275 -0.044594323 -8.8681779 0.90391888 -0.015485517 0.42742359 102.6694
0.42445525 -0.058863688 -0.90353347 -87.324402 0.041190868 0.99810678 -0.04567464 -8.9485327 0.90451154 -0.017830488 0.42607631 103.12248
0.42523171 -0.05992993 -0.90309818 -88.362917 0.04136966 0.99804951 -0.046751669 -9.0289437 0.9041386 -0.017480573 0.42688159 103.62293
0.42728994 -0.062031646 -0.9019841 -89.428426 0.042938048 0.99791011 -0.048288004 -9.1091826 0.90309451 -0.018096459 0.42906047 104.09006
0.42898099 -0.061428886 -0.90122235 -90.452423 0.039610246 0.99800462 -0.049171294 -9.1887872 0.90244468 -0.01460409 0.43055823 104.58325
0.43220629 -0.060643035 -0.89973333 -91.491269 0.036864215 0.9980904 -0.049563892 -9.2685294 0.90102099 -0.011746138 0.43361651 105.06669
0.43874853 -0.060441378 -0.89657487 -92.500524 0.034157343 0.9981361 -0.050572729 -9.3465459 0.89796051 -0.0084359058 0.43999526 105.58111
0.44456024 -0.061328617 -0.89364698 -93.510945 0.035032718 0.99808054 -0.05106798 -9.4290038 0.89506367 -0.0086040903 0.44585543 106.02087
0.45076785 -0.06036299 -0.89059788 -94.513172 0.034061764 0.99814747 -0.050412447 -9.5104285 0.89199115 -0.0076110258 0.45198886 106.55618
0.45878279 -0.059046669 -0.88658433 -95.469012 0.032527099 0.99823683 -0.049650875 -9.5809296 0.88795293 -0.0060590499 0.4598945 107.03495
0.46664709 -0.058166544 -0.8825288 -96.454435 0.031575981 0.9982946 -0.04910039 -9.6532073 0.88387981 -0.0049541595 0.46768793 107.55364
0.4772591 -0.058315853 -0.87682549 -97.472962 0.031352606 0.99829038 -0.049328902 -9.7302794 0.87820318 -0.0039480979 0.47827152 108.10757
0.48622134 -0.058988465 -0.87184236 -98.406185 0.031273822 0.99825443 -0.050100223 -9.8044662 0.87327591 -0.0029060462 0.4872174 108.62768
0.49703942 -0.059704113 -0.86567151 -99.383698 0.027732621 0.99821348 -0.052922205 -9.8842946 0.86728472 0.0022970815 0.4978072 109.1838
0.50856068 -0.058769028 -0.85901814 -100.30925 0.023525059 0.99824388 -0.054366609 -9.9596342 0.86070475 0.0074402671 0.50905014 109.73036
0.52111016 -0.057802928 -0.85152978 -101.2359 0.022389106 0.99828646 -0.054063512 -10.036213 0.85319575 0.0091080546 0.52151137 110.28275
0.53268972 -0.055804021 -0.84446878 -102.13273 0.021537472 0.99839443 -0.052389899 -10.108995 0.84603656 0.0097198377 0.53303633 110.84302
0.54491116 -0.053348871 -0.83679487 -103.06684 0.02008445 0.99851801 -0.050580577 -10.181962 0.83825324 0.010755356 0.5451751 111.43619
0.55664135 -0.052648525 -0.82908292 -103.96358 0.020623697 0.998558 -0.049563925 -10.260576 0.83049692 0.010490575 0.55692448 112.02968
0.56866749 -0.053216333 -0.82084423 -104.83093 0.020645281 0.99851408 -0.050432173 -10.33611 0.8223084 0.011732577 0.56892117 112.62941
0.58046544 -0.054326307 -0.8124706 -105.69023 0.021693367 0.99844954 -0.051263181 -10.409256 0.8139959 0.012131282 0.58074397 113.2263
0.58983767 -0.056457262 -0.80554581 -106.53205 0.02394313 0.99833713 -0.052437516 -10.486527 0.80716684 0.011642334 0.59020861 113.85723
0.60073402 -0.055551748 -0.79751651 -107.3552 0.023657566 0.99838122 -0.051722963 -10.561605 0.79909887 0.012204444 0.60107579 114.46521
0.61118372 -0.053542005 -0.78967567 -108.18173 0.022679068 0.99848433 -0.050146886 -10.632267 0.79116381 0.012739852 0.61147165 115.11457
0.62157613 -0.052157986 -0.78161538 -109.02544 0.024598384 0.99858843 -0.047075063 -10.699968 0.78296749 0.01003426 0.62198174 115.73343
0.63214719 -0.050446018 -0.77320442 -109.80266 0.023236016 0.99866384 -0.046158599 -10.768523 0.77449988 0.011212838 0.63247471 116.3813
0.64181111 -0.049911503 -0.76523675 -110.54624 0.021351929 0.99865591 -0.047227884 -10.836085 0.76656548 0.0139721 0.64201417 116.99317
0.6516123 -0.049117412 -0.75696026 -111.33209 0.019406932 0.99865425 -0.048094357 -10.903144 0.75830391 0.016648599 0.65168861 117.64325
0.6602598 -0.048242991 -0.7494862 -112.05513 0.018469818 0.99867599 -0.048011876 -10.971841 0.75081017 0.017857438 0.66027665 118.3038
0.67032839 -0.046421126 -0.74061116 -112.79063 0.018475677 0.99877607 -0.045880405 -11.034126 0.74183458 0.017071645 0.67036562 118.92338
0.67831238 -0.045467689 -0.7333655 -113.50886 0.019386936 0.99884361 -0.043995405 -11.099373 0.73451788 0.015624917 0.67840946 119.62038
0.68678046 -0.044161059 -0.72552213 -114.17821 0.018585196 0.99889322 -0.043207826 -11.161178 0.7266273 0.016190319 0.68684109 120.27662
0.69413233 -0.042554613 -0.71858845 -114.87846 0.016611249 0.9989322 -0.043110585 -11.220835 0.71965576 0.017987799 0.69409803 120.92938
0.7013085 -0.041667105 -0.71163909 -115.52568 0.016422006 0.99896969 -0.042306955 -11.282908 0.71266875 0.017983686 0.70127019 121.57573
0.70921442 -0.038572794 -0.70393679 -116.22723 0.014777154 0.99909607 -0.039858347 -11.337847 0.70483798 0.017865932 0.70914333 122.23694
0.71621978 -0.036934239 -0.69689673 -116.86284 0.015102761 0.99918499 -0.03743344 -11.392455 0.69771138 0.016285506 0.71619386 122.91044
0.723338 -0.035320214 -0.68959015 -117.49808 0.01430259 0.99924301 -0.036177824 -11.449506 0.69034601 0.01630587 0.72329562 123.56911
0.73100297 -0.034272322 -0.68151304 -118.12814 0.013816664 0.99927657 -0.035432199 -11.507102 0.68223441 0.016484806 0.73094767 124.24025
0.73915611 -0.031592553 -0.67279278 -118.73778 0.011339227 0.99934145 -0.034468694 -11.555975 0.67343872 0.017848796 0.73902757 124.89922
0.74766928 -0.029172545 -0.66343016 -119.32093 0.0110821 0.99944362 -0.031458578 -11.603907 0.66397882 0.016168413 0.74757659 125.56432
0.75763583 -0.025259702 -0.65218852 -119.91701 0.0086140339 0.99955077 -0.028706506 -11.644537 0.65262071 0.016131104 0.75751306 126.22068
0.76779759 -0.022809153 -0.64028632 -120.47102 0.0068638709 0.99960158 -0.02737838 -11.691294 0.64065574 0.016626212 0.76764824 126.86646
0.77761831 -0.022193093 -0.62834481 -121.0025 0.0054324852 0.99957669 -0.028581916 -11.730268 0.6287132 0.018812347 0.7774097 127.52449
0.78745405 -0.022766262 -0.61595275 -121.54032 0.0054984081 0.99953733 -0.029914608 -11.781275 0.61634886 0.020169619 0.7872149 128.19079
0.79661015 -0.022201517 -0.60408554 -122.01494 0.0052623442 0.99954215 -0.029795972 -11.817175 0.60447052 0.020556867 0.79636225 128.87243
0.80630357 -0.020875839 -0.59113343 -122.53009 0.0050136432 0.99958231 -0.028461596 -11.8536 0.59148073 0.019984954 0.80607145 129.55752
0.81599085 -0.019237458 -0.5777446 -123.00955 0.0052128164 0.99965034 -0.025923429 -11.893643 0.57804133 0.018141605 0.81580582 130.24633
0.82586829 -0.017682967 -0.56358571 -123.49665 0.0053884349 0.99971001 -0.023470613 -11.932515 0.56383735 0.01634679 0.82572408 130.93431
0.83478579 -0.016319405 -0.55033294 -123.97094 0.005953272 0.99976973 -0.020616504 -11.964862 0.55054271 0.013934082 0.83469072 131.65229
0.84249485 -0.01584666 -0.53847125 -124.41361 0.0068518389 0.99980161 -0.018702721 -11.999276 0.53866084 0.012067428 0.84243629 132.35884
0.84972098 -0.015867969 -0.52699377 -124.84666 0.0079435541 0.99981884 -0.017296771 -12.026349 0.52717281 0.010511225 0.8496931 133.08573
0.85608999 -0.015945366 -0.51658073 -125.29216 0.0084596899 0.99982237 -0.01684205 -12.059823 0.51675757 0.010048198 0.85607282 133.79102
0.86281494 -0.014985614 -0.50529772 -125.72468 0.0077706641 0.99983559 -0.016383421 -12.085077 0.5054602 0.010209361 0.86278953 134.51923
0.8693311 -0.013301459 -0.4940511 -126.1311 0.0063128022 0.99985506 -0.015811354 -12.113316 0.49418985 0.010626454 0.86928907 135.24965
0.87547313 -0.012401379 -0.48310763 -126.54417 0.005674166 0.99986556 -0.01538401 -12.131412 0.4832335 0.010727054 0.8754258 135.98969
0.88102284 -0.012868185 -0.47289867 -126.9502 0.0062308253 0.99985891 -0.015599262 -12.163832 0.47303273 0.010796757 0.88097871 136.75858
0.88604844 -0.013875298 -0.46338495 -127.3411 0.0071206611 0.99984141 -0.016323032 -12.194622 0.46353799 0.01116339 0.88600673 137.49849
0.89030541 -0.014554263 -0.45513123 -127.75767 0.0077859008 0.99982952 -0.01674232 -12.222388 0.45529735 0.011362171 0.89026695 138.27592
0.89374469 -0.014050985 -0.44835586 -128.13397 0.0074609493 0.99983667 -0.01646127 -12.245447 0.44851396 0.011367013 0.89370355 139.04643
0.89686188 -0.012020428 -0.44214732 -128.52983 0.0071264285 0.9998936 -0.012728173 -12.276166 0.44225331 0.0082644816 0.89685212 139.85119
0.90003884 -0.0085305786 -0.43572617 -128.92907 0.0051216776 0.99994641 -0.0089974237 -12.297913 0.43577961 0.0058663816 0.9000343 140.65383
0.90317702 -0.0055430159 -0.42923249 -129.32547 0.0031731365 0.99997552 -0.0062366585 -12.315664 0.42925659 0.0042707931 0.9031725 141.47761
0.90673588 -0.0027277274 -0.42169016 -129.72433 0.0012871169 0.99999232 -0.0037008963 -12.33625 0.42169705 0.0028129706 0.90673243 142.30809
0.90943393 -0.00097396046 -0.41584728 -130.11507 0.00028414913 0.99999848 -0.0017206899 -12.343109 0.41584836 0.0014466909 0.90943283 143.14359
0.91278419 0.00014861601 -0.40844214 -130.51491 0.00030240211 0.99999941 0.0010396666 -12.359454 0.40844209 -0.0010725054 0.91278361 143.99462
0.91625805 0.00031930568 -0.4005884 -130.90175 0.000956212 0.99999509 0.0029842124 -12.371827 0.40058742 -0.0031173564 0.91625325 144.88519
0.91949762 5.5115636e-05 -0.39309555 -131.27746 0.0017072187 0.99999 0.0041335964 -12.385664 0.39309188 -0.0044719325 0.91948833 145.76334
0.9232573 -0.00071536489 -0.38418151 -131.65132 0.0024594753 0.99998878 0.0040485326 -12.380594 0.38417434 -0.0046827226 0.9232487 146.66996
0.92711661 -0.0031908483 -0.37475938 -132.01786 0.004902138 0.99998146 0.0036131557 -12.406388 0.37474094 -0.0051869393 0.92711506 147.57859
0.93049329 -0.0050047882 -0.36627473 -132.39257 0.0063088238 0.99997731 0.0023633711 -12.406928 0.36625462 -0.0045098641 0.93050375 148.47903
0.93521295 -0.0056749658 -0.35404028 -132.75654 0.0063390187 0.99997965 0.00071596846 -12.426984 0.35402904 -0.0029138513 0.93522989 149.43902
0.93986201 -0.0039428426 -0.34153162 -133.0872 0.0040766994 0.99999164 -0.00032581182 -12.439893 0.34153007 -0.0010861039 0.93987022 150.40149
0.94561529 -0.00082402964 -0.32528609 -133.45423 0.0010977651 0.99999918 0.000657988 -12.449225 0.32528531 -0.0009792915 0.94561542 151.37366
0.95217817 0.0029090465 -0.30552946 -133.78613 -0.0019526222 0.99999219 0.0034359357 -12.454912 0.3055371 -0.0026750397 0.95217642 152.38221
0.95812783 0.0060288529 -0.28627731 -134.10301 -0.0047318114 0.99997517 0.0052222903 -12.466868 0.28630171 -0.0036490118 0.95813257 153.39498
0.96428954 0.0078065231 -0.26473522 -134.3977 -0.006413652 0.99996067 0.0061253613 -12.481892 0.26477264 -0.0042087026 0.96430169 154.4438
0.96983534 0.0090506409 -0.24359287 -134.66418 -0.0075014686 0.99994532 0.0072865718 -12.479364 0.24364552 -0.0052394709 0.9698502 155.47511
0.97495468 0.0097373576 -0.22219034 -134.91101 -0.0077157066 0.99992058 0.0099649712 -12.494355 0.22226975 -0.0080010401 0.97495238 156.54094
0.97987258 0.011965297 -0.19926505 -135.1479 -0.0094038364 0.99986061 0.01379604 -12.492362 0.19940236 -0.011644505 0.97984851 157.64317
0.98413719 0.01348362 -0.17689596 -135.35329 -0.010543034 0.99979035 0.017552699 -12.500039 0.17709556 -0.015409245 0.98407303 158.73777
0.98784069 0.015359987 -0.15470886 -135.52781 -0.012259232 0.9997048 0.020976722 -12.488007 0.1549854 -0.018825048 0.98773739 159.85634
0.99099299 0.016695307 -0.13286898 -135.71154 -0.014028977 0.9996815 0.020978349 -12.484082 0.13317691 -0.018925381 0.99091157 160.97935
0.99374695 0.016828673 -0.11038021 -135.84253 -0.01480094 0.99970679 0.019164217 -12.476415 0.11067037 -0.017410652 0.99370465 162.14951
0.99589086 0.016677973 -0.089012603 -135.9614 -0.015135251 0.99972381 0.017978458 -12.45872 0.089287871 -0.016557354 0.99586823 163.29982
0.99752139 0.015301028 -0.06868005 -136.05427 -0.01396742 0.99970528 0.019856106 -12.461676 0.068963633 -0.018847608 0.99744112 164.47286
0.99869521 0.015813628 -0.048557226 -136.11877 -0.014774939 0.99965587 0.021675997 -12.456484 0.048883296 -0.020930285 0.99858517 165.66676
0.99947886 0.016280173 -0.027873999 -136.16456 -0.015648747 0.99961932 0.022723124 -12.453606 0.028233326 -0.022275089 0.99935314 166.87328
0.99982304 0.017374198 -0.0072123034 -136.18832 -0.017202179 0.99958134 0.023264441 -12.434315 0.0076134856 -0.023136258 0.99970333 168.09178
0.99974641 0.017718823 0.013898074 -136.17858 -0.01804347 0.99955882 0.023592318 -12.423134 -0.013473916 -0.023837106 0.99962505 169.34341
0.99923281 0.019960515 0.033695121 -136.16834 -0.020753073 0.99951221 0.023337852 -12.411109 -0.033212852 -0.024019225 0.99915964 170.56716
0.99832328 0.021373027 0.05379422 -136.10236 -0.022597877 0.99949668 0.022264754 -12.39554 -0.053291283 -0.023443058 0.99830379 171.80341
0.9970993 0.021328177 0.073062245 -136.0405 -0.02283494 0.99954217 0.019850052 -12.393608 -0.072605435 -0.021460846 0.99712982 173.10385
0.99550152 0.023229608 0.091853682 -135.92511 -0.024922567 0.99953921 0.017326991 -12.388275 -0.091408866 -0.019538276 0.99562175 174.36423
0.99349697 0.023649658 0.11137533 -135.79819 -0.025499386 0.99955908 0.015212796 -12.382983 -0.11096645 -0.017953869 0.99366197 175.63705
0.99118096 0.023396487 0.13043357 -135.65238 -0.025275016 0.99959903 0.012765176 -12.382159 -0.13008262 -0.01594931 0.99137487 176.93498
0.98857566 0.024676995 0.14869166 -135.4495 -0.026062696 0.99963309 0.0073777144 -12.38329 -0.14845506 -0.011168735 0.98885608 178.23333
0.98570771 0.026250733 0.16640674 -135.22509 -0.026764151 0.99964142 0.00084316507 -12.40738 -0.16632495 -0.0052848494 0.98605684 179.51143
0.98249085 0.02900999 0.18403846 -135.01651 -0.028653284 0.99957884 -0.0045978698 -12.42027 -0.18409434 -0.000755941 0.98290829 180.84004
0.97918344 0.030887748 0.20061342 -134.75637 -0.029815661 0.99952042 -0.008364025 -12.449828 -0.20077557 0.0022084934 0.97963478 182.15485
0.9750594 0.033233271 0.21944182 -134.48614 -0.031534214 0.99943945 -0.01124176 -12.478142 -0.21969243 0.0040414587 0.97556082 183.49857
0.97100706 0.032646336 0.23681109 -134.16606 -0.030819494 0.9994598 -0.01141313 -12.509433 -0.23705579 0.0037838319 0.97148867 184.81713
0.96671419 0.031485499 0.25391405 -133.82285 -0.029440197 0.99949628 -0.011851981 -12.544779 -0.25415933 0.0039821988 0.96715417 186.18041
0.96203856 0.031270598 0.27111611 -133.46234 -0.027753721 0.99947365 -0.016797196 -12.600563 -0.27149869 0.00863507 0.96240007 187.51567
0.95752906 0.032278607 0.28652433 -133.09068 -0.027523449 0.99940869 -0.020609139 -12.63687 -0.28702016 0.011847712 0.95785127 188.82415
0.95198457 0.034748914 0.30416752 -132.68194 -0.029628113 0.99933111 -0.021436104 -12.673517 -0.30470897 0.011394931 0.95237734 190.18936
0.94643684 0.036508871 0.32081832 -132.24666 -0.031191036 0.99927783 -0.021701258 -12.73194 -0.32137895 0.010532215 0.9468921 191.52464
0.94010927 0.040536718 0.33845431 -131.77593 -0.034077381 0.99910627 -0.025007891 -12.771943 -0.33916559 0.011976514 0.94065045 192.87866
0.9335535 0.041651387 0.35600985 -131.30423 -0.033758464 0.99902764 -0.028357519 -12.840651 -0.35684483 0.014454916 0.93405183 194.18692
0.92714127 0.042262166 0.37232104 -130.789 -0.032870349 0.99896186 -0.031539546 -12.894258 -0.37326748 0.017003293 0.92756794 195.55196
0.92003978 0.042589388 0.38950344 -130.23163 -0.030856322 0.99886324 -0.036333266 -12.963831 -0.39060811 0.021409408 0.92030808 196.87709
0.91158679 0.045779685 0.40855078 -129.65139 -0.031330602 0.99862655 -0.041992939 -13.051492 -0.40991211 0.025480068 0.91176907 198.23271
0.90188738 0.049408392 0.42913628 -129.05564 -0.032895294 0.99840807 -0.045817353 -13.131811 -0.43071693 0.027205529 0.90207694 199.56995
0.89000573 0.052297893 0.45294009 -128.40764 -0.034528772 0.99827822 -0.047416964 -13.210456 -0.45464007 0.026561905 0.89027911 200.86996
0.8770108 0.056657049 0.47711846 -127.72598 -0.037248947 0.99805195 -0.050048265 -13.304973 -0.47902463 0.02612071 0.87741275 202.17862
0.86315099 0.060874326 0.50126306 -127.0351 -0.039784078 0.99781913 -0.052670753 -13.398108 -0.50337621 0.025520525 0.8636904 203.45945
0.84797672 0.064678937 0.52607233 -126.27606 -0.041205061 0.99756725 -0.056229261 -13.515129 -0.52842942 0.026004263 0.8485789 204.76423
0.83302245 0.066258663 0.5492571 -125.4768 -0.040764865 0.9974547 -0.05850078 -13.612074 -0.55173531 0.026342072 0.83360319 206.01874
0.81688575 0.067380743 0.57285032 -124.65294 -0.039783986 0.99737005 -0.060582259 -13.72395 -0.57542588 0.026698516 0.81741806 207.25589
0.80151366 0.069554608 0.59391749 -123.78523 -0.038044017 0.99713142 -0.065433816 -13.843286 -0.59676506 0.029851092 0.80186059 208.46889
0.7851119 0.072082721 0.61514499 -122.88976 -0.036242729 0.99684933 -0.070554124 -13.973126 -0.61829265 0.03309835 0.78525074 209.67059
0.76807956 0.073842229 0.63608261 -121.94107 -0.034335458 0.99664917 -0.074239467 -14.102271 -0.63943327 0.03518163 0.76804126 210.85466
0.75177991 0.075619517 0.65506383 -120.96713 -0.032866353 0.99646512 -0.07731147 -14.243113 -0.65859457 0.036591652 0.75160779 212.0262
0.73608376 0.076211677 0.67258638 -119.96736 -0.030957744 0.99639205 -0.079022142 -14.381396 -0.67618219 0.03734516 0.73578735 213.15437
0.71977171 0.076676433 0.68996331 -118.94235 -0.028912196 0.99633019 -0.080562057 -14.524781 -0.69360855 0.038037936 0.71934716 214.2884
0.70543517 0.077361687 0.70453982 -117.88095 -0.026226132 0.99619379 -0.083127163 -14.674246 -0.70828911 0.040163471 0.70477903 215.35158
0.69007618 0.078462899 0.71947091 -116.79381 -0.023023428 0.9959827 -0.086535492 -14.816248 -0.72337046 0.043151397 0.68911042 216.44263
0.67566791 0.08080347 0.73276438 -115.69248 -0.021015369 0.99568214 -0.090418097 -14.986593 -0.73690656 0.045693295 0.67444858 217.4965
0.66046238 0.083212932 0.74623388 -114.56433 -0.019899302 0.99543082 -0.093388921 -15.138739 -0.75059543 0.046830338 0.65910049 218.51719
0.64481232 0.083674022 0.75974712 -113.40235 -0.018601255 0.99541335 -0.093841644 -15.314146 -0.7641146 0.046377999 0.64341123 219.52354
0.62852687 0.085027456 0.77312629 -112.2393 -0.019084654 0.99539333 -0.093956893 -15.478952 -0.77755373 0.044299586 0.62725417 220.51152
0.61141456 0.086083315 0.78661417 -111.06962 -0.02116589 0.99548864 -0.092489851 -15.644784 -0.79102737 0.039900254 0.61047827 221.4519
0.59301277 0.08686772 0.80049347 -109.84286 -0.022904332 0.99558102 -0.091070438 -15.809289 -0.80486726 0.035671166 0.59238191 222.3964
0.57540709 0.088187244 0.81309879 -108.64387 -0.024995263 0.99560156 -0.090292725 -15.978413 -0.81748515 0.031631458 0.57508046 223.28409
0.55707705 0.091607509 0.82539273 -107.43777 -0.027027763 0.99537075 -0.092231109 -16.149757 -0.83002091 0.029071316 0.55697414 224.12859
0.53895257 0.095339653 0.83692318 -106.20854 -0.029421356 0.99509836 -0.09441203 -16.323191 -0.84182217 0.026260192 0.53911584 224.96276
0.51888383 0.095506006 0.84949286 -104.97147 -0.029149901 0.99513825 -0.094075266 -16.498558 -0.85434766 0.024051503 0.51914513 225.74686
0.49903085 0.094381515 0.86142921 -103.74578 -0.029571331 0.99532711 -0.091921046 -16.663164 -0.86607957 0.02039783 0.49948992 226.50264
0.47697126 0.092240866 0.8740652 -102.48686 -0.029098767 0.99558979 -0.089186468 -16.820265 -0.8784371 0.017105163 0.47755181 227.21164
0.45583418 0.090847896 0.88541617 -101.2125 -0.029284746 0.99576956 -0.087094163 -16.985016 -0.88958286 0.01377131 0.45656626 227.88332
0.43294628 0.089941186 0.89692142 -99.955348 -0.028107641 0.99587295 -0.086296183 -17.142551 -0.90098143 0.012151268 0.43368752 228.55482
