1.000000000000000000e+00 4.398956837314658088e-19 2.733407509747682871e-20 -8.673617379884035472e-19 -5.583667658079949532e-19 1.000000000000000000e+00 -6.100159232558060012e-19 0.000000000000000000e+00 4.145284534913582806e-20 -2.210423569125054137e-19 1.000000000000000222e+00 0.000000000000000000e+00
9.998973753257917041e-01 3.528280276887427549e-04 1.432181360300277193e-02 -8.701987361107420271e-02 -3.488562102071026284e-04 9.999998999992706361e-01 -2.798240483548518299e-04 -1.162221425599792302e-02 -1.432191114885162167e-02 2.747990934260248334e-04 9.998973984014032368e-01 3.393642686534414921e-03
9.995830300269016311e-01 1.701520707283435364e-03 2.882483187140697650e-02 -7.750868586278435168e-02 -1.694433163309595411e-03 9.999985279154365303e-01 -2.703080292767498353e-04 -2.132634175204034532e-02 -2.882524987301484515e-02 2.213535954487488812e-04 9.995844416287373857e-01 -1.782228097695925939e-02
9.979600940199618853e-01 5.209794859777260034e-03 6.362789317859919580e-02 5.564686285529772680e-03 -5.292421406897752749e-03 9.999853564571217213e-01 1.130113595202542282e-03 2.697846688254249004e-03 -6.362107488160390067e-02 -1.464553851697866912e-03 9.979730526893011433e-01 4.154748621423815513e-01
9.954262956126960216e-01 4.174870154574929909e-03 9.544139788244082601e-02 3.351651091439337288e-02 -4.475297082055042057e-03 9.999856817992025526e-01 2.933925755784547781e-03 1.177455997835874513e-02 -9.542778422396205884e-02 -3.347635401059883501e-03 9.954307265499801050e-01 5.471085272343023664e-01
9.908446705660972631e-01 1.840524037315414930e-03 1.349942633998724717e-01 1.668910583506263701e-01 -2.499101634322800983e-03 9.999857885625047516e-01 4.709264009458707587e-03 1.423310845864909913e-02 -1.349836797565991953e-01 -5.003513451771348861e-03 9.908351887070815378e-01 8.248614203672033351e-01
9.851353469539542163e-01 -2.458216904054996276e-03 1.717623505977813325e-01 1.669882153697365978e-01 1.458931916400513966e-03 9.999812710495850077e-01 5.943825659807026526e-03 -1.695234451714004720e-02 -1.717737478508639670e-01 -5.604883067576741686e-03 9.851204825339905380e-01 8.820686309168659367e-01
9.764007922141341167e-01 -2.551907527165023833e-03 2.159513376316050115e-01 2.818059878410411612e-01 1.132422666441681471e-03 9.999769359884931319e-01 6.696648868954768741e-03 -6.616518539685437017e-03 -2.159634498895836863e-01 -6.294064925000229446e-03 9.763811620310529626e-01 1.166209932363237112e+00
9.647854227816029526e-01 -2.536483468057073969e-03 2.630259557587867891e-01 3.550058500280968143e-01 -1.233529705806844204e-04 9.999490321155320993e-01 1.009544216073847596e-02 3.147918864876572687e-03 -2.630381613498936622e-01 -9.772380307154845611e-03 9.647359364595842202e-01 1.326255379540298263e+00
9.505064381978883814e-01 -6.042061902617563637e-03 3.106461060222629467e-01 5.290917691470827799e-01 8.783796251288848419e-04 9.998591621548188479e-01 1.675960311558600743e-02 2.264449874027808091e-02 -3.107036232188815084e-01 -1.565724529982893271e-02 9.503778777105031939e-01 1.620643400607543860e+00
9.335584078264272945e-01 -1.571549227646735006e-02 3.580806065046148734e-01 6.307686883573353498e-01 7.302973724366034099e-03 9.996649202904469567e-01 2.483372086019884281e-02 -1.023541096315791488e-03 -3.583509012925191750e-01 -2.056867548561596565e-02 9.333603606751796899e-01 1.804698295842062761e+00
9.124001949986517701e-01 -2.144512534694007280e-02 4.087370651538272948e-01 8.090483435551183433e-01 1.012616504674179567e-02 9.995034929598162199e-01 2.983669403007031123e-02 -8.068156238410562064e-03 -4.091739830293610880e-01 -2.308406627801255773e-02 9.121643381883559609e-01 2.036146033146175593e+00
8.875546261636207968e-01 -2.346843614701118325e-02 4.601043523209500941e-01 9.963267495350411895e-01 8.851845231545163797e-03 9.993860294012650858e-01 3.389998584907252116e-02 -7.125022982701290086e-03 -4.606174493803443792e-01 -2.601531653475993786e-02 8.872174320428076744e-01 2.283376048129066582e+00
8.594371344967373094e-01 -2.551057066085716390e-02 5.106045620365883275e-01 1.156056920555287970e+00 6.981555751065826251e-03 9.992467683122113753e-01 3.817268478033269269e-02 2.924858299095656894e-02 -5.111937742967505027e-01 -2.924220837016006797e-02 8.589678819743236105e-01 2.493013514621319260e+00
8.272143446104056608e-01 -3.077731792179386541e-02 5.610429395482160464e-01 1.407301452211253245e+00 8.014937482009020994e-03 9.990434623311620355e-01 4.298745294491652241e-02 2.471477249103552765e-02 -5.618293290474601909e-01 -3.106311335501972873e-02 8.266697604279601430e-01 2.741739609299591152e+00
7.918022400906544744e-01 -3.653103708791335252e-02 6.096840904975192599e-01 1.623230052257215394e+00 1.027922321396767570e-02 9.988653874047895842e-01 4.650027276995517822e-02 2.299895559181150406e-02 -6.106910489835782885e-01 -3.055194095611814611e-02 7.912793611318212905e-01 2.918606162039454333e+00
7.539514163391810575e-01 -4.101591597792353383e-02 6.556484955651031843e-01 1.884672088710854565e+00 1.134411229777219574e-02 9.987130506774718475e-01 4.943231201041117795e-02 3.474888965547145298e-02 -6.568322320784845125e-01 -2.983181110346037890e-02 7.534464073183400057e-01 3.139028191345549335e+00
7.139358733998242279e-01 -4.434244281662306358e-02 6.988056301520750857e-01 2.200761349406024081e+00 1.244314962092162719e-02 9.986386589597244789e-01 5.065566901695232188e-02 4.423697056205293243e-02 -7.001005255710442965e-01 -2.746955583391871153e-02 7.135157218717474992e-01 3.372015045649467524e+00
6.726110221160026548e-01 -4.618140592375172965e-02 7.385537773075677714e-01 2.475503007716918891e+00 1.143744386483903572e-02 9.985803102935107978e-01 5.202450112121444203e-02 5.247978804899321170e-02 -7.399078375024698007e-01 -2.654508499770676794e-02 6.721843193794557747e-01 3.557056189462383333e+00
6.298907176725850876e-01 -4.642083874873254717e-02 7.752952855796599874e-01 2.836117680852244138e+00 7.208070530432757195e-03 9.985186950316858878e-01 5.393013388667403096e-02 8.378100992041410955e-02 -7.766503322911053608e-01 -2.838170710850721964e-02 6.292922610217520640e-01 3.810318778232850701e+00
5.881236649898206048e-01 -4.736328642075498391e-02 8.073829718290607138e-01 3.160413335536644830e+00 4.277326291925110519e-03 9.984519604730816011e-01 5.545617242395064345e-02 1.008800921571245124e-01 -8.087597116302918110e-01 -2.916164640244469156e-02 5.874158134141139742e-01 4.005803390199575098e+00
5.478565474381489331e-01 -4.839773766957396889e-02 8.351711507357999498e-01 3.546873127151350058e+00 2.086345973514492410e-03 9.984010855407152718e-01 5.648822449636665272e-02 1.253748534848559415e-01 -8.365697002359401280e-01 -2.920498708888073086e-02 5.470815449431599697e-01 4.207960303365075205e+00
5.092455728592154562e-01 -5.102869224069946086e-02 8.591070986567929113e-01 3.993522050782602140e+00 1.383329752178804467e-03 9.982878750280150815e-01 5.847567806113906919e-02 1.325646875487860310e-01 -8.606201521944479849e-01 -2.859005114181462082e-02 5.084442691069022136e-01 4.434766006339822653e+00
4.720967916098731121e-01 -5.085290174425114579e-02 8.800787401937840704e-01 4.385818888161972851e+00 -1.747962487329929055e-03 9.982788144660788010e-01 5.862041602169503623e-02 1.557744186477702519e-01 -8.815449948912711386e-01 -2.921285431212120726e-02 4.711953352492466163e-01 4.623557267234163604e+00
4.358377354756399757e-01 -5.015704240618968496e-02 8.986265776337356570e-01 4.823118584705379241e+00 -2.968391247411814472e-03 9.983604235318989106e-01 5.716339162336452756e-02 1.830870570661379260e-01 -9.000203728603444198e-01 -2.758143775124273153e-02 4.349742592009721576e-01 4.795632568189808431e+00
4.023266559088701233e-01 -4.894109810736948368e-02 9.141870798328937120e-01 5.345255435279026024e+00 -1.649258072570805502e-03 9.985297028737425418e-01 5.418221471353804747e-02 1.977064656971423695e-01 -9.154947061133149599e-01 -2.330667894668195239e-02 4.016543984051850757e-01 5.004794959287896639e+00
3.724753853240900248e-01 -4.732620571924737313e-02 9.268345608653367762e-01 5.845642465051744452e+00 1.551404166389534355e-04 9.987020313719918718e-01 5.093356879393080849e-02 2.232733529330735989e-01 -9.280420672886016131e-01 -1.882771037773726605e-02 3.719992648714525174e-01 5.163866586592024355e+00
3.467118415947368359e-01 -4.538094523787505191e-02 9.368732326131107291e-01 6.391657041552152307e+00 1.071590627757054758e-03 9.988474177349849770e-01 4.798632872528006688e-02 2.463515720692812661e-01 -9.379710903232382213e-01 -1.563348300357159451e-02 3.463608561609184955e-01 5.341677600078035937e+00
3.263278566833924255e-01 -4.481107670759859607e-02 9.441938796522588717e-01 6.968014156839158701e+00 2.259603678853090280e-03 9.989098179713171710e-01 4.662692052832839024e-02 2.696209503320737277e-01 -9.452539553203297418e-01 -1.308215821913960575e-02 3.260733538719729485e-01 5.523933024013253146e+00
3.113077643122181271e-01 -4.535107158434636965e-02 9.492263908137285044e-01 7.545893279092543260e+00 3.436038913297575353e-03 9.989078222438912968e-01 4.659781390549575658e-02 3.009118617335742041e-01 -9.503029441020481860e-01 -1.124468157227673411e-02 3.111235876157944502e-01 5.713488134075541680e+00
2.989969814940003912e-01 -4.684822872932678517e-02 9.531033696357936735e-01 8.161617915176707427e+00 4.126139210670723076e-03 9.988482924525543538e-01 4.780233887134292120e-02 3.165082085554037361e-01 -9.542451447094868477e-01 -1.036011695137926437e-02 2.988459253941427862e-01 5.912725512834771990e+00
2.888622277853631903e-01 -4.871692096094959457e-02 9.561303569839920691e-01 8.806548616799419804e+00 3.160518736782423448e-03 9.987475431914836221e-01 4.993351631261315482e-02 3.487427437814064612e-01 -9.573654687420247722e-01 -1.140203796525009021e-02 2.886544097258450514e-01 6.096834483734156152e+00
2.781069092444907187e-01 -5.034602631636533182e-02 9.592297999556207433e-01 9.485985162816156446e+00 1.427929792716594931e-03 9.986460209119289999e-01 5.200082590671255278e-02 3.828339488869423324e-01 -9.605490744351715682e-01 -1.309207528205683264e-02 2.778022475549309367e-01 6.281369623255171675e+00
2.677157384562199871e-01 -5.209256703751471290e-02 9.620886820825572672e-01 1.017799736782656872e+01 5.869687316819207756e-04 9.985459917746161151e-01 5.390322568723322771e-02 4.114803033640326291e-01 -9.634977712931507288e-01 -1.386602501901093229e-02 2.673570529335310142e-01 6.461672838790591733e+00
2.583594009044198336e-01 -5.417152783202743710e-02 9.645288226856216784e-01 1.088216386350236675e+01 2.737276155862926712e-05 9.984269497617498379e-01 5.606804080276071856e-02 4.386179310747007065e-01 -9.660488785380854093e-01 -1.445930273733035502e-02 2.579544700634601173e-01 6.690519823583292336e+00
2.477288791932710788e-01 -5.578517683544481631e-02 9.672220017187316277e-01 1.161344265794987152e+01 -5.380364844743053829e-04 9.983328210734381258e-01 5.771731839320851792e-02 4.726222557924544820e-01 -9.688292571550420895e-01 -1.481864644271051884e-02 2.472858550141895095e-01 6.868715864539167271e+00
2.369865752946128667e-01 -5.691833000753644678e-02 9.698441374189660236e-01 1.238778494167632260e+01 -1.263630393492350861e-03 9.982633845166529740e-01 5.889497711671011493e-02 4.950914727406990345e-01 -9.715121116248774946e-01 -1.518284257848770066e-02 2.365030956515445926e-01 7.035306305191358689e+00
2.265010703050218954e-01 -5.988175111551374830e-02 9.721684139010771109e-01 1.314066453394853795e+01 -2.323969593660026468e-03 9.980722770702997737e-01 6.201877832392565376e-02 5.321752362199656528e-01 -9.740081524565781246e-01 -1.630660862859809046e-02 2.259252742711259920e-01 7.204498121246448505e+00
2.152695207822056256e-01 -6.349901677507241438e-02 9.744880153948733970e-01 1.390209718814210760e+01 -4.069041648992872268e-03 9.978167452808913707e-01 6.591802250221556747e-02 5.821634642963242623e-01 -9.765462063461487485e-01 -1.815537257237744007e-02 2.145411510800840915e-01 7.372479621519947734e+00
2.023546007548124304e-01 -6.711932888944119324e-02 9.770095163276805161e-01 1.471040886864481223e+01 -4.296339248637044694e-03 9.975781164773029897e-01 6.942220785492414503e-02 6.154318425784501834e-01 -9.793029020204749857e-01 -1.824546661601645844e-02 2.015761527100589368e-01 7.556302073357255011e+00
1.905920099697868131e-01 -6.972510827593149385e-02 9.791900115255264270e-01 1.548313770379136933e+01 -5.283831496689322602e-03 9.973870743440239606e-01 7.204932340276290481e-02 6.591560675642070821e-01 -9.816551246787450502e-01 -1.890589952000023416e-02 1.897255901266639011e-01 7.700325415520731909e+00
1.765637850425622046e-01 -7.053764507696248798e-02 9.817584499203910742e-01 1.629592029478732229e+01 -5.943539753067734327e-03 9.973342737505460631e-01 7.272565355121259068e-02 6.944000715528183543e-01 -9.842712640145416803e-01 -1.867583616069209973e-02 1.756738696576449210e-01 7.821858820471325302e+00
1.627330437019668952e-01 -6.974491367197904745e-02 9.842020051559905447e-01 1.709661410465007592e+01 -7.121561093520868344e-03 9.973895233492826584e-01 7.185695534172535648e-02 7.360060143099009800e-01 -9.866444430167353730e-01 -1.870255488412546005e-02 1.618115388531110588e-01 7.966236847442274005e+00
1.452359225623293393e-01 -6.849981152836727427e-02 9.870229409418179722e-01 1.789009355504407850e+01 -8.727297068616957781e-03 9.974729484756849063e-01 7.050922847735459353e-02 7.719600271051407780e-01 -9.893585690908938135e-01 -1.885451438623731574e-02 1.442710843201739923e-01 8.075341882474029731e+00
1.248644762271851061e-01 -6.724972673959020431e-02 9.898920749403412600e-01 1.870290560479882203e+01 -1.111403304330757340e-02 9.975428781753498120e-01 6.917141340970864305e-02 8.132778054815115176e-01 -9.921115653310146332e-01 -1.963874465890217552e-02 1.238102519300741944e-01 8.181725673880531957e+00
9.960786966488205385e-02 -6.586436769134168534e-02 9.928444694064495479e-01 1.951303104779093545e+01 -1.566791709205964458e-02 9.975792721833651733e-01 6.775036573423198760e-02 8.590588614929847155e-01 -9.949034153902783784e-01 -2.230427357538683486e-02 9.833478728550494596e-02 8.256734365153230115e+00
6.910460857804698320e-02 -6.532091719840649180e-02 9.954685900495621187e-01 2.036718726440945204e+01 -1.979893164302290107e-02 9.975677126016104790e-01 6.683308359921125152e-02 8.974464695461151775e-01 -9.974129399131078655e-01 -2.432768780639663758e-02 6.764324054525816532e-02 8.320586397882665963e+00
3.614613677904793959e-02 -6.522896395457948582e-02 9.972154340326103705e-01 2.120421347807840107e+01 -2.253846984780873142e-02 9.975605104814899704e-01 6.606848942183371487e-02 9.398264720621426482e-01 -9.990923338282781119e-01 -2.486382980414292287e-02 3.458779622781402163e-02 8.337236531993388766e+00
1.726179844381722523e-03 -6.459453776933453406e-02 9.979100905057469717e-01 2.204149854027172495e+01 -2.407966487476002893e-02 9.976195484268438607e-01 6.461738412515709296e-02 9.720714640308292243e-01 -9.997085612115204079e-01 -2.414088092719922710e-02 1.666545413480857100e-04 8.325631182982181855e+00
-3.188629928596258684e-02 -6.369443727961758561e-02 9.974599066039725459e-01 2.287791135779139751e+01 -2.536090968136900381e-02 9.976976263196769557e-01 6.289889264888844089e-02 9.975833710519075304e-01 -9.991697080233490347e-01 -2.329087682279350202e-02 -3.342823537363532466e-02 8.292455537953379974e+00
-6.497512791096508866e-02 -6.147838404409579349e-02 9.959912769476548799e-01 2.371149753324344545e+01 -2.792214334146734742e-02 9.978215888322804483e-01 5.976981497048585584e-02 1.027663717262135679e+00 -9.974961673194652212e-01 -2.392665897069280387e-02 -6.655019500929468257e-02 8.240933007936710908e+00
-9.701444270296903649e-02 -5.848351893401963764e-02 9.935632132209724077e-01 2.453344267454203731e+01 -2.922529808078963565e-02 9.980090254079624357e-01 5.589156621985191115e-02 1.069517381760148211e+00 -9.948538067872330082e-01 -2.361489106000418461e-02 -9.853048907394147682e-02 8.151612646032436515e+00
-1.294658963767331417e-01 -5.396315349782500326e-02 9.901144088237066043e-01 2.539523987191951093e+01 -2.685165717878775990e-02 9.983426890375589613e-01 5.090052820008945933e-02 1.097771815371163973e+00 -9.912202515243557777e-01 -1.999632927402650306e-02 -1.307003326091430440e-01 8.030452858931749205e+00
-1.609790685609378547e-01 -4.857057412916582217e-02 9.857619498348740850e-01 2.623068663645144127e+01 -2.283711256013137153e-02 9.987042297555455139e-01 4.547887173968548358e-02 1.112516167246482945e+00 -9.866935808167982547e-01 -1.519080926449452827e-02 -1.618796897209837105e-01 7.880684204166275464e+00
-1.913604058618348092e-01 -4.254307110759903560e-02 9.805974022171910498e-01 2.707470237143558833e+01 -1.655090478238983170e-02 9.990580185070558894e-01 4.011412739059033034e-02 1.135273155432020342e+00 -9.813802927729791126e-01 -8.553517551129350555e-03 -1.918842755925577737e-01 7.716300923644516807e+00
-2.211756172491635419e-01 -3.667750836334358888e-02 9.745440420776294577e-01 2.790394692039978608e+01 -1.091826444969230640e-02 9.993230326901431093e-01 3.513214821599256604e-02 1.144624768238629908e+00 -9.751728841628432010e-01 -2.869953972234499245e-03 -2.214263446872033747e-01 7.519230370701352584e+00
-2.482750868524902232e-01 -3.022698853807840452e-02 9.682178442002576935e-01 2.869017233648318310e+01 -1.840451467637397665e-03 9.995259517679849770e-01 3.073246604011855426e-02 1.167513458802076798e+00 -9.686878289200560044e-01 5.848148825466369799e-03 -2.482130251493043227e-01 7.271452411331665644e+00
-2.751208573718962880e-01 -1.994697939512453735e-02 9.612026921902675491e-01 2.950837827596929941e+01 4.243740316893110896e-03 9.997498084987793687e-01 2.196158141278092488e-02 1.164644977945350490e+00 -9.614002913130280659e-01 1.012118485574683459e-02 -2.749673760196166272e-01 7.054434899188181340e+00
-3.003411908440754563e-01 -5.096935864825744358e-03 9.538182081352134523e-01 3.028611078548974689e+01 8.661687948623351258e-03 9.999299165031758641e-01 8.070763669958654421e-03 1.157250996771439278e+00 -9.537925139084219017e-01 1.068565957130836186e-02 -3.002759951549221484e-01 6.776088398931931600e+00
-3.249554041465179122e-01 1.166466454604676330e-02 9.456573930366561909e-01 3.105438331093373705e+01 9.030262477189235013e-03 9.999166190429275014e-01 -9.230888708549770533e-03 1.122183433684838860e+00 -9.456862348171137800e-01 5.539908358807662039e-03 -3.250336453660272462e-01 6.491049857538236267e+00
-3.501584140806926482e-01 2.625000267414062671e-02 9.363225975986825267e-01 3.185373535540937340e+01 7.663222000660879253e-03 9.996540728680342047e-01 -2.515968227988318873e-02 1.092368412854819448e+00 -9.366591561509364228e-01 -1.634625541061545621e-03 -3.502384457003679397e-01 6.198816386952026747e+00
-3.746923814048333523e-01 3.728640746421923308e-02 9.263991190601938985e-01 3.261890674686764413e+01 1.214326202929801556e-02 9.993026574418876207e-01 -3.530920547075830362e-02 1.062438823754971340e+00 -9.270696710002501728e-01 -1.980582078935196316e-03 -3.748838723819611363e-01 5.894474626228960901e+00
-3.982260524158369730e-01 4.195303306062720533e-02 9.163274191858702400e-01 3.339234496962064469e+01 1.588509618215922653e-02 9.991191684865676770e-01 -3.884006756055882054e-02 1.011083288766382982e+00 -9.171497636349492666e-01 -9.111766342879412672e-04 -3.985417116160603346e-01 5.547362852810775458e+00
-4.206040541770741936e-01 4.128132088130613553e-02 9.063046217519491465e-01 3.411153276588094485e+01 1.782297641131027136e-02 9.991474427044184647e-01 -3.723881325771566386e-02 9.645559939862872190e-01 -9.070692282386531025e-01 4.902510301975774362e-04 -4.209812224076525111e-01 5.191017631490415063e+00
-4.407218113104838242e-01 3.811600391972966295e-02 8.968341211232161436e-01 3.488586645715247414e+01 2.215647331923742414e-02 9.992555930784472462e-01 -3.158085418421396895e-02 9.345214419873960621e-01 -8.973702630992671514e-01 5.952311027430187522e-03 -4.412382524312913334e-01 4.800291540837954507e+00
-4.592626458729741623e-01 3.672849178031672296e-02 8.875408868321664757e-01 3.559571196273696359e+01 2.934291315783196449e-02 9.992268504993851996e-01 -2.616667039118112173e-02 9.054572556010082041e-01 -8.878157627599667645e-01 1.402566196688597583e-02 -4.599852893831831158e-01 4.403569941585971925e+00
-4.733867785797853389e-01 3.725584467309375064e-02 8.800664440383294540e-01 3.629124778978568600e+01 3.255089852041089665e-02 9.991626353009063211e-01 -2.478844833621914046e-02 8.505027892466399120e-01 -8.802530373004362474e-01 1.691243090597376042e-02 -4.742030936620200698e-01 4.019230465698664823e+00
-4.848471416955045243e-01 4.051173626295455354e-02 8.736601367918868100e-01 3.698181494683467463e+01 3.545414505186131326e-02 9.990159372838310903e-01 -2.664883851067682830e-02 7.952621185028059259e-01 -8.738800062869287455e-01 1.805426113669621538e-02 -4.858063319058226193e-01 3.638575977943996342e+00
-4.946026811343598450e-01 4.329633977019048396e-02 8.680400918990489600e-01 3.770370968813920598e+01 3.674961215506161033e-02 9.989069899710699696e-01 -2.888410174030621447e-02 7.500338569222695373e-01 -8.683419063044267583e-01 1.761398364157424484e-02 -4.956532003619187332e-01 3.226438607271910453e+00
-5.047574483883450203e-01 4.243677012109098312e-02 8.622175046773794538e-01 3.837999710796256636e+01 3.084854024596450639e-02 9.990397560846197011e-01 -3.111162602750009235e-02 6.960783087567640193e-01 -8.627098574317593194e-01 1.089432745180771503e-02 -5.055818717463471668e-01 2.830744671772031040e+00
-5.160798919737713542e-01 4.141300273513438129e-02 8.555387162655694322e-01 3.908190746241704261e+01 2.944081504615234449e-02 9.990979483731995403e-01 -3.060274358704574704e-02 6.909644542678730073e-01 -8.560343425069274481e-01 9.394297514685470696e-03 -5.168335950276709001e-01 2.420625803979016055e+00
-5.249138942475201075e-01 4.262491911222734270e-02 8.500873524387801972e-01 3.975799631219460650e+01 3.150128905765343934e-02 9.990339053288374016e-01 -3.064187881642424852e-02 6.420096856077956993e-01 -8.505722099183131713e-01 1.069450049260774194e-02 -5.257495188279426301e-01 1.987752616471421208e+00
-5.318830714560756068e-01 4.576949758121793416e-02 8.455800011812376615e-01 4.043724893809741872e+01 3.531770401462363401e-02 9.988684372191387606e-01 -3.185129277085892857e-02 5.958755338505346000e-01 -8.460810066498662962e-01 1.292278180421199338e-02 -5.328976871296214890e-01 1.560117375405370099e+00
-5.360158627109740115e-01 4.891781270791499547e-02 8.427894337314758566e-01 4.115732674295880855e+01 3.607556005569267227e-02 9.987350948952482543e-01 -3.502519278262333086e-02 5.588618643212567294e-01 -8.434367555068785771e-01 1.163004291939616006e-02 -5.371025921890265620e-01 1.101415795543585707e+00
-5.349700283827383274e-01 5.035054171469591916e-02 8.433693608095604866e-01 4.184283042445812839e+01 3.513099957023249620e-02 9.986849533780651766e-01 -3.733867570954448045e-02 5.124811604598267234e-01 -8.441403279516683789e-01 9.653337243908216223e-03 -5.360353839032399037e-01 6.574709079176629389e-01
-5.319279387211837129e-01 5.103119055435850066e-02 8.452505383709824072e-01 4.257563555665727506e+01 3.769102837112159321e-02 9.986200133785407829e-01 -3.657123453642989463e-02 4.670336417008431606e-01 -8.459503922305897650e-01 1.240510164103723889e-02 -5.331173045257877607e-01 1.917577369028423684e-01
-5.265801841602328892e-01 5.027276745666411223e-02 8.486376997423570323e-01 4.332880029788950083e+01 3.625734698564967579e-02 9.986697347263574498e-01 -3.666286497682468004e-02 4.296708686594979953e-01 -8.493519448797947069e-01 1.146341436982747757e-02 -5.277024511983617883e-01 -2.469594017052465229e-01
-5.191541172597722298e-01 4.883719171051087438e-02 8.532841953463481399e-01 4.408222081798675163e+01 3.401737093574936505e-02 9.987557375307271057e-01 -3.646635660858508349e-02 3.825875035077303532e-01 -8.540034150886002262e-01 1.009482682035231678e-02 -5.201694673454383411e-01 -6.883036414197329922e-01
-5.120854078732194337e-01 4.807093196403421087e-02 8.575883086950519818e-01 4.487160832679821709e+01 3.193624936363530925e-02 9.988078971088014679e-01 -3.691694180880564224e-02 3.330335118494945346e-01 -8.583406218580404978e-01 8.483527871676709367e-03 -5.130101558579086563e-01 -1.170957540499159677e+00
-5.057679895142039861e-01 4.662425173170027526e-02 8.614086756533367861e-01 4.566932999672503968e+01 2.919858740886602591e-02 9.988914930011353333e-01 -3.692191286976403281e-02 2.861668536159655551e-01 -8.621752695995208438e-01 6.477995852570237779e-03 -5.065687056623606743e-01 -1.626992690446985357e+00
-5.009306678889702269e-01 4.441423055278085480e-02 8.643470533101013098e-01 4.650027427321484197e+01 2.493229853381159419e-02 9.990084727735647485e-01 -3.688430247908515425e-02 2.368970560217524834e-01 -8.651282325680086371e-01 3.073681449869992369e-03 -5.015413315670420591e-01 -2.093706794979743435e+00
-5.000941017928292043e-01 4.173445638076420799e-02 8.649648033056949181e-01 4.732253640098896597e+01 2.040713740270342150e-02 9.991285830634996090e-01 -3.640910886896303600e-02 2.034856943913268545e-01 -8.657305876802509070e-01 -5.565240829718258887e-04 -5.005099933274459456e-01 -2.532331856059415021e+00
-5.003222322283127355e-01 3.900006262899724518e-02 8.649604878303280842e-01 4.814988872889006188e+01 1.738339750839175066e-02 9.992361431569010133e-01 -3.499925235694556491e-02 1.527954040733193186e-01 -8.656647698615755893e-01 -2.474951167924100814e-03 -5.006180124775765350e-01 -3.040211419646037694e+00
-5.016579796007405445e-01 3.779800417338836926e-02 8.642398792340542091e-01 4.900328676520326354e+01 1.590075624477678071e-02 9.992790865180207760e-01 -3.447423917596367099e-02 1.030933645538863325e-01 -8.649199094609183458e-01 -3.552208617559540239e-03 -5.018973456681803391e-01 -3.498817267331649550e+00
-5.020601524796060033e-01 3.722089321855237554e-02 8.640313622092075097e-01 4.988850059725439223e+01 1.594883925734173757e-02 9.993020038177536923e-01 -3.378075873331696372e-02 5.835921672486543699e-02 -8.646856365982052983e-01 -3.179674668680699309e-03 -5.023033476699061417e-01 -4.022433914363631402e+00
-5.016380431142763996e-01 3.647648447102917746e-02 8.643082356740191541e-01 5.077088691107094576e+01 1.610667366869916739e-02 9.993312684609142460e-01 -3.282667982311885529e-02 1.796123228492015056e-02 -8.649276623464087210e-01 -2.545979818038814069e-03 -5.018900979829591380e-01 -4.522333916158404854e+00
-5.021939805315986938e-01 3.593215261222905410e-02 8.640081439475968406e-01 5.164297085286975886e+01 1.636405255901397099e-02 9.993523168438740445e-01 -3.204940828008964043e-02 -2.999852137722600065e-02 -8.646001596225865171e-01 -1.956344324126954495e-03 -5.024567148001073402e-01 -5.022651149800467785e+00
-5.026088589621484637e-01 3.548209267798936584e-02 8.637854724869585832e-01 5.252361229857829983e+01 1.572082848396665761e-02 9.993672949176820586e-01 -3.190400241784017293e-02 -9.034951660394784090e-02 -8.643709867618218912e-01 -2.455810081331314624e-03 -5.028486648924248570e-01 -5.528759449458162223e+00
-5.027341322594665041e-01 3.392654915389060888e-02 8.637750679495661554e-01 5.342062975485414000e+01 1.408029927339012749e-02 9.994183662845274041e-01 -3.105920601303631401e-02 -1.344640019771567441e-01 -8.643264138881343595e-01 -3.452310619788418172e-03 -5.029194223199102698e-01 -6.027438146660640150e+00
-5.026399947693936943e-01 3.335513466010166933e-02 8.638521037394725210e-01 5.435058582932866500e+01 1.374145527241606851e-02 9.994374077335036466e-01 -3.059477738588364804e-02 -1.868935592607245677e-01 -8.643866151083243743e-01 -3.507572797532115469e-03 -5.028155627028678687e-01 -6.567930624081524726e+00
-5.018969269578431591e-01 3.240006492346642758e-02 8.643203670946423278e-01 5.523614510814171297e+01 1.223749618180534036e-02 9.994641144068054928e-01 -3.035996831677960708e-02 -2.420612092049079234e-01 -8.648408701756834516e-01 -4.660456715976561345e-03 -5.020244645130368388e-01 -7.090993647354974172e+00
-5.010008854857102012e-01 3.115368748760502168e-02 8.648858577600071484e-01 5.611266914482502699e+01 1.191111264933734232e-02 9.995054471569377874e-01 -2.910303207634616987e-02 -2.952170852233092502e-01 -8.653648077449659359e-01 -4.278891062618533567e-03 -5.011241903720243807e-01 -7.570546396640762232e+00
-4.992523756097603238e-01 2.879601485311520173e-02 8.659779681950998675e-01 5.700176567931186611e+01 1.237460514683751990e-02 9.995826243456044091e-01 -2.610452510472238002e-02 -3.512102548758242460e-01 -8.663682513643299332e-01 -2.316609832625171790e-03 -4.994003403552544906e-01 -8.058655070018145850e+00
-4.966476382110603938e-01 2.765402536337795841e-02 8.675115934204579160e-01 5.791530451169266769e+01 1.314870888469215661e-02 9.996173226594685657e-01 -2.433761841450643795e-02 -4.012801462557668009e-01 -8.678526645328278333e-01 -6.805623745244389214e-04 -4.968211983636500184e-01 -8.578215995519537174e+00
-4.933135027591344923e-01 2.678119801816389658e-02 8.694392110727866552e-01 5.880861220572522541e+01 1.230186914857097670e-02 9.996407669705327237e-01 -2.381178287899235815e-02 -4.604601314138322965e-01 -8.697646029212408036e-01 -1.050945678353153341e-03 -4.934657482722927813e-01 -9.115296346820189299e+00
-4.914296645897553995e-01 2.734127368209635089e-02 8.704879814261233806e-01 5.968445330726123643e+01 1.338730308654957797e-02 9.996261555955230360e-01 -2.383965480915129290e-02 -4.947401396392091533e-01 -8.708143759684628948e-01 -6.202618340781251600e-05 -4.916119735021596826e-01 -9.610396459358993226e+00
-4.907911072369840477e-01 2.757734057074769096e-02 8.708407234545016973e-01 6.058271552058069886e+01 1.305062344406117576e-02 9.996195152132640871e-01 -2.430032940110160924e-02 -5.453673174274897839e-01 -8.711795353500588757e-01 -5.613702730789506745e-04 -4.909642714002431241e-01 -1.009314526072681595e+01
-4.911444370963347628e-01 2.874023788551588465e-02 8.706038863486836865e-01 6.146612984574136362e+01 1.235437621568720272e-02 9.995848568445632187e-01 -2.602850999461814308e-02 -5.924596485814678237e-01 -8.709905417512745496e-01 -2.027989019058872976e-03 -4.912956107816884299e-01 -1.060032381793618939e+01
-4.939333064852853283e-01 3.061664521141409245e-02 8.689605837540549382e-01 6.233703221345621159e+01 1.146473918262498615e-02 9.995223196721240155e-01 -2.870003851212936385e-02 -6.366361960930776442e-01 -8.694242123231554764e-01 -4.213497564486237343e-03 -4.940483773366667886e-01 -1.108531543931616348e+01
-4.984274643729703080e-01 3.123640215510186530e-02 8.663684760836157794e-01 6.323957917763957681e+01 1.006547324660445573e-02 9.994918233612406500e-01 -3.024535108206300241e-02 -6.922243860464297738e-01 -8.668729788161676497e-01 -6.354704051849719044e-03 -4.984885855691748024e-01 -1.157583456316180026e+01
-5.038163140209614976e-01 2.981617754165158049e-02 8.632960695978227905e-01 6.412476234148803655e+01 1.017125453833558901e-02 9.995395929546924130e-01 -2.858579502490156063e-02 -7.299468984430582674e-01 -8.637509360943755876e-01 -5.621184932225189827e-03 -5.038876225866374403e-01 -1.207765680711381151e+01
-5.091241554313558071e-01 2.767824233508039272e-02 8.602479269628354741e-01 6.496947614335023502e+01 1.300399209505012296e-02 9.996160777595974878e-01 -2.446616542549674006e-02 -7.937374211872237906e-01 -8.605948540057679619e-01 -1.269657642985542404e-03 -5.092886202002135931e-01 -1.259262283561153772e+01
-5.145756141819982643e-01 2.562317883680534022e-02 8.570620611553592116e-01 6.582064668536038710e+01 1.046881241117413389e-02 9.996666395502099567e-01 -2.360113806817696475e-02 -8.318470808134970085e-01 -8.573811015841372729e-01 -3.172147268394283088e-03 -5.146723204823631104e-01 -1.310516836487061099e+01
-5.195308385546817398e-01 2.757918565631246877e-02 8.540064888941347743e-01 6.664864096619974987e+01 1.113564050351761175e-02 9.996126187442451183e-01 -2.550705661664820489e-02 -8.934383163536743222e-01 -8.543791414269611417e-01 -3.741792368520033794e-03 -5.196366951447142224e-01 -1.359726881027954626e+01
-5.244129995724478022e-01 2.992278165342320342e-02 8.509380822772284469e-01 6.750770800783971026e+01 1.169883258478516576e-02 9.995411802973186433e-01 -2.793861456324038192e-02 -9.301745862650414587e-01 -8.513836709187266871e-01 -4.696389618519335174e-03 -5.245224513666604249e-01 -1.413525191158884375e+01
-5.298672046378988254e-01 3.029883489390593210e-02 8.475392103034519176e-01 6.833611273143559117e+01 1.080335700566952342e-02 9.995216669268180976e-01 -2.897800545494569682e-02 -9.747071003058457306e-01 -8.480118187476101133e-01 -6.198225213892587585e-03 -5.299410819526624294e-01 -1.463870131644903338e+01
-5.335468108995413683e-01 3.074750473978906870e-02 8.452114401412619271e-01 6.917421132348670199e+01 9.715016826421936022e-03 9.994958328079097676e-01 -3.022744825536759564e-02 -1.029478769096290325e+00 -8.457147455064177866e-01 -7.916514405988669262e-03 -5.335765278175836901e-01 -1.513513834591629781e+01
-5.364244799677309050e-01 2.955636914557640410e-02 8.434306049690892815e-01 6.997871600363619393e+01 9.211237733192626995e-03 9.995320733391350743e-01 -2.916826095918231485e-02 -1.093859604860687895e+00 -8.438980637944567542e-01 -7.877528553515247486e-03 -5.364457245817348952e-01 -1.566414129380288855e+01
-5.392472674276523881e-01 2.362175134617095287e-02 8.418161227621151488e-01 7.078639869821398634e+01 1.139332852780941541e-02 9.997196861825885517e-01 -2.075430326694793423e-02 -1.125501819013784877e+00 -8.420704176400982677e-01 -1.600612767682227421e-03 -5.393652405254301119e-01 -1.620215605931790748e+01
-5.413637704429151709e-01 1.585122367899410162e-02 8.406390390028669612e-01 7.161871001196239206e+01 1.228729764378106229e-02 9.998646525360506132e-01 -1.094069947860679820e-02 -1.162922052545544593e+00 -8.406986986749747093e-01 4.406284731570578317e-03 -5.414852681150332803e-01 -1.673359912461382493e+01
-5.434839648731103479e-01 1.369341903863251914e-02 8.393078442221433288e-01 7.243208988343317856e+01 1.333478440939872035e-02 9.998816057048088846e-01 -7.678416218836816264e-03 -1.181023017849991197e+00 -8.393136332701317537e-01 7.018894059111621328e-03 -5.436022194430331078e-01 -1.723702738540298185e+01
-5.444720439160453118e-01 1.774366297828782607e-02 8.385912848417534926e-01 7.324378356876367491e+01 1.213575884423566918e-02 9.998382213590311096e-01 -1.327608551395862910e-02 -1.231344730247190267e+00 -8.386911995937990083e-01 2.948485139850129128e-03 -5.445992939630573959e-01 -1.775193645565534339e+01
-5.456502707841034416e-01 2.252185292924295534e-02 8.377102932134317115e-01 7.405064295177982103e+01 1.235112108218740928e-02 9.997463484460998862e-01 -1.883317698817367145e-02 -1.279938680658911032e+00 -8.379219792455668836e-01 7.033406267063458609e-05 -5.457900370560849757e-01 -1.827576477559413348e+01
-5.458811367924808478e-01 2.794377008783791028e-02 8.373965114810731913e-01 7.486159664372745226e+01 1.874803064844349221e-02 9.996008307965780215e-01 -2.113505111317294516e-02 -1.312771396398380919e+00 -8.376528560977170024e-01 4.162310690618253352e-03 -5.461871296907756523e-01 -1.881746559829090515e+01
-5.456101661240323475e-01 2.922664148809429527e-02 8.375293053257903964e-01 7.564751547648874919e+01 2.284523924307917814e-02 9.995389893428842099e-01 -1.999759458550635915e-02 -1.342642930119662292e+00 -8.377276724286407683e-01 8.222667442138547472e-03 -5.460263248191302710e-01 -1.931698714815247087e+01
-5.452459155620343889e-01 2.608945885867152911e-02 8.378700489446490041e-01 7.644588267207919330e+01 2.215802903660452419e-02 9.996148839415985865e-01 -1.670645130087178298e-02 -1.387149935247235621e+00 -8.379832485241179851e-01 9.456425544583518111e-03 -5.456140247705600910e-01 -1.985082492362320750e+01
-5.447168035300974376e-01 2.114711485448454373e-02 8.383533805552380036e-01 7.725321692901022175e+01 2.024471342934864790e-02 9.997222713371984870e-01 -1.206365356313996579e-02 -1.411784633368946773e+00 -8.383756717834542904e-01 1.040095015302172805e-02 -5.449936385204064981e-01 -2.036551229822826059e+01
-5.436482863329483717e-01 1.542977731863061711e-02 8.391712875903493130e-01 7.803888104028274597e+01 1.866090154524849623e-02 9.998060587944463951e-01 -6.294086155576145668e-03 -1.440887850854832841e+00 -8.391056685855012853e-01 1.223792466523477424e-02 -5.438307852646536711e-01 -2.086901333522285640e+01
-5.437724890258596178e-01 8.510192556492912272e-03 8.391895161243912993e-01 7.883404602466345068e+01 9.901922564660032774e-03 9.999440395030420037e-01 -3.724214674409483117e-03 -1.457971639358478733e+00 -8.391742629810671206e-01 6.284465113210173370e-03 -5.438263276943561264e-01 -2.139045879663111194e+01
-5.418228311688567667e-01 3.732981175325583711e-03 8.404844267490478860e-01 7.963691242900996770e+01 1.360890209352741539e-03 9.999927224692509720e-01 -3.564124646627829952e-03 -1.496871054016153835e+00 -8.404916294601681992e-01 -7.873161491833494119e-04 -5.418239693946590441e-01 -2.186126291221895102e+01
-5.400471856691896333e-01 4.428852997514512446e-03 8.416230804893964912e-01 8.044765746161729680e+01 4.679313175022846959e-03 9.999864989948153982e-01 -2.259612408086493669e-03 -1.517498130614657770e+00 -8.416217397976483161e-01 2.717921609848586873e-03 -5.400606196619252009e-01 -2.238462788740864085e+01
-5.372763408935368190e-01 7.806837836774545986e-03 8.433701286226432670e-01 8.124147936785006152e+01 1.017439254257000193e-02 9.999443903500488950e-01 -2.774513713576416858e-03 -1.545365529239431712e+00 -8.433449038916163154e-01 7.090099173210618472e-03 -5.373258941623185736e-01 -2.289972648502694952e+01
-5.319822127959555891e-01 1.016497898946185953e-02 8.466945053753294204e-01 8.203113277231857126e+01 1.022583732125260068e-02 9.999321471370670178e-01 -5.579727203917573403e-03 -1.572063578194236033e+00 -8.466937872035695811e-01 5.689845637761092867e-03 -5.320500628915002528e-01 -2.338127960732496646e+01
-5.245131902130495405e-01 1.228845994346175474e-02 8.513136283870198495e-01 8.280493608756970048e+01 1.572246529117714287e-02 9.998651316443846193e-01 -4.745796090237904864e-03 -1.584684208957253038e+00 -8.512571463909562874e-01 1.089551736635006700e-02 -5.246356560636293853e-01 -2.385261349306197687e+01
-5.157484998121821818e-01 1.451403437823929957e-02 8.566170757293496418e-01 8.362539777723814893e+01 2.284698145237471292e-02 9.997339055775811278e-01 -3.183306387982462893e-03 -1.624258813467249318e+00 -8.564353521651251189e-01 1.792933005339765462e-02 -5.159428650922845971e-01 -2.436628019386893484e+01
-5.061756868849731639e-01 1.510421300814553287e-02 8.622981058067469284e-01 8.439231131084194715e+01 2.272586065705788083e-02 9.997330321158692801e-01 -4.171296746123900195e-03 -1.634123892805701583e+00 -8.621309190021771984e-01 1.748505870797134598e-02 -5.063838116860844840e-01 -2.482104251199766054e+01
-4.950447006726061416e-01 1.171243510648819000e-02 8.687885528332913720e-01 8.524032329814572506e+01 1.776645467506746470e-02 9.998365330534410012e-01 -3.355626642853194730e-03 -1.676385118852286249e+00 -8.686858522328338994e-01 1.377410833855373037e-02 -4.951718668961945236e-01 -2.527469291276457497e+01
-4.836117485042879527e-01 8.829047237078491844e-03 8.752380880542196540e-01 8.607464119337129205e+01 1.930765024568873237e-02 9.998134201245577612e-01 5.827074926764999824e-04 -1.694557248668796978e+00 -8.750696566544652333e-01 1.718059619268884342e-02 -4.836919856712640908e-01 -2.574018840181385315e+01
-4.723311163243398836e-01 7.917992366462726916e-03 8.813856181706665183e-01 8.689295681640852820e+01 1.934903298362665447e-02 9.998118275926088927e-01 1.387189784258822858e-03 -1.713904794115840069e+00 -8.812087972313803474e-01 1.770917342405306863e-02 -4.723954433758744687e-01 -2.615749960568981081e+01
-4.602403325761654229e-01 6.812824731961084068e-03 8.877682172015882722e-01 8.771103307281693162e+01 1.885956469187361970e-02 9.998199276555851389e-01 2.104530822414556884e-03 -1.728875708328093230e+00 -8.875940322808312244e-01 1.771151322218163932e-02 -4.602859441774569405e-01 -2.656606182215679368e+01
-4.483160688213008727e-01 8.769482929724143477e-03 8.938320783091928678e-01 8.852075031236601887e+01 2.316278925855286969e-02 9.997300695135270532e-01 1.809216791499542766e-03 -1.734506732452632871e+00 -8.935749553753989938e-01 2.151474619272902844e-02 -4.483981815888522515e-01 -2.696200013962882380e+01
