1.000000000000000000e+00 -3.306050084167601550e-19 -2.270457535318767223e-19 -8.673617379884035472e-19 7.546676715296109287e-19 1.000000000000000000e+00 6.237773588823049983e-19 1.387778780781445676e-17 -3.447385680526250622e-20 4.770700176052009879e-20 1.000000000000000222e+00 5.551115123125782702e-17
9.998596515163414855e-01 1.900289697615215913e-03 1.664979185973656725e-02 -7.093337254227801911e-03 -1.903887960417798833e-03 9.999981632415274602e-01 2.001716589192159752e-04 -1.796014844999152538e-03 -1.664938113096909450e-02 -2.318489394546434661e-04 9.998613877605945222e-01 1.131050894118476036e-01
9.992994614933488062e-01 3.896349424560712014e-03 3.721142470743252217e-02 2.091941769416415242e-02 -3.891263992884986308e-03 9.999923913685031529e-01 -2.090010277932891276e-04 -1.025214191058394786e-02 -3.721196327581796637e-02 6.405012337284501944e-05 9.993070803580580419e-01 2.760401731086590260e-01
9.979814621049546419e-01 5.620094151501533498e-03 6.326230799763110646e-02 6.463710739658182214e-02 -5.715755693084554473e-03 9.999827497032972579e-01 1.331480817744457989e-03 5.274096649616658028e-03 -6.325374264572830585e-02 -1.690399596683844459e-03 9.979963814153202106e-01 4.191913088142164012e-01
9.953862063521522474e-01 4.849369260080338417e-03 9.582723054350612835e-02 1.090785707857482301e-01 -5.248114045072615683e-03 9.999785922593580345e-01 3.911134470902731010e-03 -5.220847035078232667e-03 -9.580622802270004346e-02 -4.396019894851190685e-03 9.953903421698925280e-01 6.026520966212732811e-01
9.912029984194064003e-01 1.389695034829423236e-03 1.323743353916734811e-01 1.981680332013424084e-01 -2.117382156713175107e-03 9.999833882666381291e-01 5.357745273081610839e-03 4.162413360312991473e-03 -1.323646925490369608e-01 -5.590902347869798963e-03 9.911894735281892022e-01 7.727000719280918695e-01
9.850719266629434090e-01 -1.726100760501457325e-03 1.721029330593432660e-01 2.623920000179181811e-01 5.595199570500613466e-04 9.999765442642208901e-01 6.826937950495512962e-03 -2.558967870554915147e-03 -1.721106961256309853e-01 -6.628641118828267759e-03 9.850497861376552589e-01 9.734390151479543896e-01
9.767471096572393208e-01 -1.989908203289311901e-03 2.143789488049245295e-01 3.334256082493367024e-01 1.402925160540753992e-04 9.999626248513749927e-01 8.642598406271571540e-03 4.093801137022151648e-03 -2.143881683731177767e-01 -8.411579415811965346e-03 9.767109045294719571e-01 1.152476809841040506e+00
9.645977880548571859e-01 -1.838531916437866369e-03 2.637263254232590781e-01 4.387864441898987611e-01 -1.109806879550540330e-03 9.999385714326682884e-01 1.103169230255462985e-02 5.405429772415884515e-03 -2.637304476230216688e-01 -1.093377354370131914e-02 9.645364974155509197e-01 1.389862784860075084e+00
9.500516791286979235e-01 -5.852789899669836628e-03 3.120429936192783971e-01 5.748170753713236492e-01 4.967486092691513876e-04 9.998512323779290556e-01 1.724021369145321142e-02 1.657908130457462492e-02 -3.120975261879397333e-01 -1.622401669578273087e-02 9.499133035316730256e-01 1.620120508293314998e+00
9.335949454493155386e-01 -1.502596970554475123e-02 3.580219960552481484e-01 7.148680770748554458e-01 6.454561047873729439e-03 9.996634891979182536e-01 2.512247297244889557e-02 5.579674642276669094e-03 -3.582790646613481789e-01 -2.114344842308416017e-02 9.333777223885942886e-01 1.849395229974194255e+00
9.123230334861128776e-01 -2.087007955984535382e-02 4.089546849515556248e-01 8.735105893209313965e-01 9.239156027786741762e-03 9.994951712437131208e-01 3.039908944935459240e-02 6.657410115611078760e-03 -4.093826788490316781e-01 -2.395552392800702826e-02 9.120553151676352721e-01 2.072068166026579839e+00
8.871760596726826487e-01 -2.274600104829513705e-02 4.608833551921778793e-01 1.055176815695928916e+00 7.595933889040213868e-03 9.993688466575254559e-01 3.470772594370001574e-02 8.135027231214897458e-03 -4.613818839994190402e-01 -2.729118474450074189e-02 8.867889411925278242e-01 2.320649880372566809e+00
8.587919379401752762e-01 -2.530819786937292190e-02 5.116522454418485077e-01 1.237940174439201124e+00 6.005632690143949265e-03 9.992077039971642982e-01 3.933436201627611012e-02 2.870057365663720300e-02 -5.122427255739359087e-01 -3.070304161851156177e-02 8.582636522826314618e-01 2.537872709967516016e+00
8.263339294121387901e-01 -3.034462819493277674e-02 5.625024019471144276e-01 1.477056497536934909e+00 6.731391959330196642e-03 9.990081745995810225e-01 4.402284181295483545e-02 3.788985003714578220e-02 -5.632803685417329120e-01 -3.259266855995612833e-02 8.257187156141349016e-01 2.767078821224431273e+00
7.909911935894015089e-01 -3.598314748967174070e-02 6.108307033379780648e-01 1.710003790910221699e+00 9.024557105950173005e-03 9.988466721177918783e-01 4.715609406034884654e-02 4.262764896763726608e-02 -6.118231238640571279e-01 -3.178933561248020040e-02 7.904035164148467407e-01 2.988819842392700377e+00
7.525653943367162091e-01 -4.132665803474337013e-02 6.571349895556595211e-01 1.971466041822619975e+00 1.071866356959299584e-02 9.986653179366189459e-01 5.053281815114354925e-02 4.878565894411433790e-02 -6.583459352888729743e-01 -3.098574581913665638e-02 7.520040317986255163e-01 3.210946132230714234e+00
7.130011470545615238e-01 -4.418955010549299040e-02 6.996739365029425173e-01 2.262158746942665832e+00 1.172845958835891031e-02 9.986238580367241546e-01 5.111485832572416899e-02 6.904804813451358159e-02 -7.009700759604106102e-01 -2.823349388981402641e-02 7.125386344541552175e-01 3.411791061620224941e+00
6.713453945749655594e-01 -4.623324003891816913e-02 7.397027049089291983e-01 2.570354222256035381e+00 1.033601581061556994e-02 9.985393266234777743e-01 5.303554262936036046e-02 7.735745435531315994e-02 -7.410743187194136494e-01 -2.795856758156909164e-02 6.708427868696416052e-01 3.635235120993043800e+00
6.288528882104994500e-01 -4.619761096988028726e-02 7.761582689859980455e-01 2.914474086368522343e+00 5.924299186209060382e-03 9.984889831070595800e-01 5.463074995707804804e-02 1.104833300631037352e-01 -7.775094860289517573e-01 -2.975509973911759365e-02 6.281763863003917425e-01 3.844900780206005564e+00
5.877481288394591497e-01 -4.732165989174170334e-02 8.075406485224796427e-01 3.259540355141736789e+00 2.992533686708884980e-03 9.984080517895719264e-01 5.632524047265019540e-02 1.221279451863117038e-01 -8.089207241634857048e-01 -3.068341997122486786e-02 5.869544832618077690e-01 4.075754634060469783e+00
5.461396955679644893e-01 -4.882622329646913589e-02 8.362636696911636136e-01 3.634373004994447598e+00 1.342135201642842340e-03 9.983492963160167655e-01 5.742693117210215942e-02 1.438898225407559406e-01 -8.376874350024816618e-01 -3.023582955931014560e-02 5.453042133772495470e-01 4.260437135864966862e+00
5.073784458091996630e-01 -5.050259504343689726e-02 8.603233335614192123e-01 4.054036108547305339e+00 3.906849977469462358e-04 9.982943206972526573e-01 5.837509339621923393e-02 1.604204583432865816e-01 -8.618048493897380036e-01 -2.927340335508761895e-02 5.065331322552971693e-01 4.491360918594442531e+00
4.708733963161499392e-01 -5.062846272148979060e-02 8.807969819964264202e-01 4.483752817187203199e+00 -2.581011984961863182e-03 9.982683255454402049e-01 5.876340645354145853e-02 1.861759846618777914e-01 -8.822477198036069446e-01 -2.993366318345790436e-02 4.699277280399908330e-01 4.687342927352922572e+00
4.348758385740650323e-01 -5.065793388493659150e-02 8.990255640631442668e-01 4.946074659744391866e+00 -3.734275932839154453e-03 9.983064644219209471e-01 5.807008098923954753e-02 2.090172528994789225e-01 -9.004437083841392298e-01 -2.862357513329400957e-02 4.339500031029521754e-01 4.861639985514035089e+00
4.004261098765513616e-01 -4.967812380723467952e-02 9.148093004370589920e-01 5.448912458339588483e+00 -2.851563974281552238e-03 9.984571541877281797e-01 5.545893760534287287e-02 2.344374970551322823e-01 -9.161521542439953203e-01 -2.482449600563773479e-02 3.996663582330076681e-01 5.056570616864382472e+00
3.715211049538930665e-01 -4.759838880870921607e-02 9.271977818320233933e-01 5.964672303297228417e+00 -1.257841103068506848e-03 9.986586206532546139e-01 5.175819296931430391e-02 2.579626784236743187e-01 -9.284172064895286347e-01 -2.040440193359163365e-02 3.709623089234921900e-01 5.228661960823191457e+00
3.458279178864179237e-01 -4.578460302600571158e-02 9.371511362437017212e-01 6.516733690037385784e+00 -1.848272289983970247e-04 9.988058192527450307e-01 4.885496348311565290e-02 2.869444190428403485e-01 -9.382683363604141791e-01 -1.707748022606599483e-02 3.454059869723942744e-01 5.420271651885157027e+00
3.252865638512997259e-01 -4.563833872942816422e-02 9.445357474223654570e-01 7.094922178615257202e+00 9.479764253285514640e-04 9.988499955351377579e-01 4.793920989698802898e-02 3.140547770776929148e-01 -9.456372861287322129e-01 -1.470145047103278875e-02 3.249556082294531301e-01 5.612097867199474344e+00
3.100043881932373901e-01 -4.723538047409587409e-02 9.494413682508313634e-01 7.695871899794967774e+00 1.971039768918789268e-03 9.987948818993118705e-01 4.904798340820825525e-02 3.402579742216491621e-01 -9.506133994198872061e-01 -1.333832949430698543e-02 3.097238805899003022e-01 5.793308641393915437e+00
2.980598227358758345e-01 -4.747703171281331819e-02 9.534868686412730776e-01 8.316693309651563837e+00 3.726031406275098941e-03 9.988127194668799946e-01 4.855538301917917271e-02 3.587894686484910389e-01 -9.546609946041202388e-01 -1.090976976118876625e-02 2.978827199337036880e-01 5.998553061090779792e+00
2.871571150081483337e-01 -4.994990602428265453e-02 9.565757207802120243e-01 8.967216733005514584e+00 1.883207732055208142e-03 9.986667376447949662e-01 5.159398137577885651e-02 3.886067047808393071e-01 -9.578773478837001587e-01 -1.301475709469520486e-02 2.868686012082933279e-01 6.165902072461862282e+00
2.779203318151524660e-01 -5.148421126886947724e-02 9.592406146759994146e-01 9.646331167853489319e+00 4.765881419260985267e-06 9.985627851652691955e-01 5.359640410906691549e-02 4.237965482215033108e-01 -9.606213012459604572e-01 -1.488994037203931510e-02 2.775211945811630887e-01 6.376886894081198243e+00
2.662524455152526226e-01 -5.279619887431291625e-02 9.623442648923922205e-01 1.034430961666077309e+01 -5.842548505402621155e-04 9.984899112544124433e-01 5.493282669380198519e-02 4.582753847407952663e-01 -9.637910773966515965e-01 -1.519043620670007359e-02 2.658193287924689452e-01 6.565379297593725738e+00
2.556568222614199470e-01 -5.550141458758230811e-02 9.651394553631574835e-01 1.108454413968548025e+01 -1.588372391519104468e-03 9.983256294679097032e-01 5.782546043545465364e-02 4.926063337099311212e-01 -9.667322507746168858e-01 -1.632686292335987222e-02 2.551401583628335468e-01 6.765458363537766751e+00
2.450084145576350569e-01 -5.726757856960775633e-02 9.678206917164794421e-01 1.182582696133038347e+01 -2.417801943624424930e-03 9.982156304454551377e-01 5.966624705092454795e-02 5.283875522962663274e-01 -9.695093696795783478e-01 -1.697855094592023648e-02 2.444317287557980778e-01 6.950806701665987575e+00
2.349465774061726964e-01 -5.826745820361350220e-02 9.702358997003863728e-01 1.258352491441192811e+01 -2.293472320814192444e-03 9.981656738412393315e-01 6.048856758890072682e-02 5.600271465416736261e-01 -9.719811472605685010e-01 -1.643170120102195250e-02 2.343818639860094366e-01 7.138911716213071301e+00
2.253506503922518556e-01 -6.098709769468653452e-02 9.724425244038971128e-01 1.336027555137541611e+01 -3.315898258430968748e-03 9.979849666054799728e-01 6.335492019127141050e-02 6.016011125647408031e-01 -9.743477538330291843e-01 -1.749427214461280258e-02 2.246943779668678365e-01 7.323697949476872360e+00
2.138952208496003871e-01 -6.446089299980856113e-02 9.747105317258505375e-01 1.415324642551385637e+01 -5.477416609001390692e-03 9.977259920297197882e-01 6.717988173991339129e-02 6.444042165194144856e-01 -9.768236991454084528e-01 -1.971941377537160534e-02 2.130552650297680706e-01 7.496307828025422282e+00
2.005097777204232212e-01 -6.877350940656608291e-02 9.772011730870584501e-01 1.497331664612565127e+01 -6.315146056176991658e-03 9.974209261892383882e-01 7.150900853653015254e-02 6.843029265496755054e-01 -9.795986881280945857e-01 -2.051022087700436064e-02 1.995590822384097907e-01 7.657323014712035025e+00
1.889187028351468622e-01 -7.032796976565122704e-02 9.795104485886038104e-01 1.576765478939872622e+01 -7.290009375988779246e-03 9.973047488002929617e-01 7.299614066068162155e-02 7.214416362659004101e-01 -9.820043594851626256e-01 -2.093300208236836130e-02 1.878961877612277953e-01 7.812327431004722378e+00
1.736036037922689124e-01 -7.083263869676631463e-02 9.822931541536606970e-01 1.658609072178759902e+01 -8.080583436513837786e-03 9.972739689627243553e-01 7.332088612322323895e-02 7.658711065508566618e-01 -9.848106874979518643e-01 -2.064720684310212065e-02 1.725580574473001561e-01 7.958313744404396317e+00
1.600409399092183882e-01 -6.988057683309879808e-02 9.846287464717745630e-01 1.740246167527511290e+01 -8.414221795473226725e-03 9.973586147470141494e-01 7.215024845878049986e-02 8.110504886026864702e-01 -9.870688932962647932e-01 -1.984510129498844380e-02 1.590297474401345390e-01 8.085905891600518203e+00
1.426599026551309268e-01 -6.865495848013787594e-02 9.873236304435558663e-01 1.822244982148724546e+01 -1.013046409564049254e-02 9.974376955438879477e-01 7.083525873075668944e-02 8.497028591698225775e-01 -9.896560033466067496e-01 -2.012065736198271823e-02 1.415989747007996569e-01 8.208050116630309034e+00
1.226318487358269704e-01 -6.762697221538950532e-02 9.901403323323044736e-01 1.905399913874636653e+01 -1.297313222791905349e-02 9.974808958868908171e-01 6.975764385775144738e-02 8.928613159766424223e-01 -9.923628921962245331e-01 -2.141080843000332801e-02 1.214458071656123184e-01 8.308751970605458226e+00
9.857593548713909637e-02 -6.642495262937687939e-02 9.929123747276913381e-01 1.989059203335279946e+01 -1.773700476623578381e-02 9.974944205199723912e-01 6.848556770303913799e-02 9.400285783504519488e-01 -9.949729597803630421e-01 -2.437158493612309046e-02 9.715034133623803858e-02 8.392969089906998192e+00
6.699659953150401137e-02 -6.654812637603629843e-02 9.955232175335502198e-01 2.073957278289215012e+01 -2.131196454505777937e-02 9.974508941846694787e-01 6.809133419205391780e-02 9.809901164463934453e-01 -9.975161149181602793e-01 -2.578824486676878011e-02 6.540683521420453950e-02 8.445129672929777342e+00
3.306743736159411390e-02 -6.616610907408558562e-02 9.972485772621891842e-01 2.159309279081063693e+01 -2.544316749017655130e-02 9.974276369248723517e-01 6.703439061423110967e-02 1.022334925319226206e+00 -9.991162773102517658e-01 -2.762460827395056551e-02 3.129845421075271028e-02 8.472438572871398677e+00
-7.147590677577399080e-05 -6.635459273236188338e-02 9.977971038999349229e-01 2.244349689740515785e+01 -2.666247844050924701e-02 9.974420719989200990e-01 6.631085090804719751e-02 1.055527049783638205e+00 -9.996443518227766667e-01 -2.660639036405074154e-02 -1.840918722512351145e-03 8.462872673754045394e+00
-3.431701987193833125e-02 -6.449242924172780833e-02 9.973302628252964652e-01 2.331247722606519801e+01 -2.767669697614465879e-02 9.975947749859837010e-01 6.355174058492718547e-02 1.093211071719363492e+00 -9.990292541391986303e-01 -2.543304878672019223e-02 -3.601965847870357978e-02 8.424601770198560047e+00
-6.687134223833265945e-02 -6.334419379395885008e-02 9.957317478533210808e-01 2.415856913600475409e+01 -3.042455752150002857e-02 9.976478678403620792e-01 6.141169257450353886e-02 1.124602433707810434e+00 -9.972812802057082759e-01 -2.616158769588119992e-02 -6.864091412751535670e-02 8.360265381204509794e+00
-9.984500263208651027e-02 -5.977192342800847352e-02 9.931849442237452585e-01 2.501527617802009829e+01 -3.163697481346203211e-02 9.978801587832061282e-01 5.687361080011494457e-02 1.167111236843201505e+00 -9.944787734880954355e-01 -2.574583347529241922e-02 -1.015243405306972269e-01 8.273932304708267793e+00
-1.326164966733103245e-01 -5.532774857489135278e-02 9.896322291842375440e-01 2.587944486602303940e+01 -2.967272511337633312e-02 9.982154793903559309e-01 5.182046611511542666e-02 1.191097062350422675e+00 -9.907318267980712578e-01 -2.251997467255309818e-02 -1.340220035567367685e-01 8.150357614674371476e+00
-1.626218534224074808e-01 -5.019431214166737709e-02 9.853840726068877620e-01 2.671641743934907964e+01 -2.562874666986551808e-02 9.985830642840892724e-01 4.663564261687332124e-02 1.217059593008742224e+00 -9.863291067860336936e-01 -1.765493788907191233e-02 -1.636775316147792148e-01 7.996445620731856607e+00
-1.959742649628852806e-01 -4.304399758861340158e-02 9.797231471554733728e-01 2.757513180411625697e+01 -1.804485746130882542e-02 9.990255021089805565e-01 4.027787859202762444e-02 1.232940814163843379e+00 -9.805018606574249507e-01 -9.793651702333651746e-03 -1.965602376858749112e-01 7.806015153005220419e+00
-2.238133887846857351e-01 -3.767714473847526280e-02 9.739038581423429264e-01 2.840270847946158383e+01 -1.223841663559653049e-02 9.992824318771861281e-01 3.584142126021957336e-02 1.249776734585753779e+00 -9.745555135491875687e-01 -3.894428533108104228e-03 -2.241139791772476519e-01 7.603981870643814034e+00
-2.510393854579960893e-01 -3.218633884306210807e-02 9.674133620683128543e-01 2.923789134448455229e+01 -4.523846089930239241e-03 9.994750232513975874e-01 3.208406833661950341e-02 1.260988945866235778e+00 -9.679381695708001443e-01 3.675741908455439945e-03 -2.510532055710350541e-01 7.373080755309028511e+00
-2.784297362092532091e-01 -2.181479941355679575e-02 9.602959950883379614e-01 3.005596610928702717e+01 1.940217561982272940e-03 9.997274606206993930e-01 2.326656357173319603e-02 1.261712675316971621e+00 -9.605418368089024828e-01 8.338535504553368921e-03 -2.783115936970297355e-01 7.126759375072960090e+00
-3.021693409507721362e-01 -6.966363741819042547e-03 9.532082945313885558e-01 3.086731151724217170e+01 6.369917008688967194e-03 9.999362054697525926e-01 9.328597071466380661e-03 1.255056773974278395e+00 -9.532125359967432709e-01 8.892131024197636249e-03 -3.021056892679732653e-01 6.858781952459799491e+00
-3.262236241710764206e-01 1.135576467274141896e-02 9.452520492214925296e-01 3.165876140685823614e+01 7.376457469456023860e-03 9.999279659572203327e-01 -9.469078598955462181e-03 1.234747350967608348e+00 -9.452915897698783709e-01 3.891314973860177714e-03 -3.262837983539083608e-01 6.582588357936073997e+00
-3.527319079966502735e-01 2.570969974845295491e-02 9.351371127651226800e-01 3.244899100250037094e+01 6.587639278160998743e-03 9.996655666327508571e-01 -2.500645567892815363e-02 1.219108686809083908e+00 -9.354676612672994107e-01 -2.667120620749351047e-03 -3.527830379371716951e-01 6.295161142808937349e+00
-3.756381808916371412e-01 3.725287890710823197e-02 9.258066696614902780e-01 3.322952234450234954e+01 1.103886678191988435e-02 9.993004672980366765e-01 -3.573038857235406873e-02 1.182065987324504075e+00 -9.264903963890150917e-01 -3.212996542994934687e-03 -3.757864767369049064e-01 5.977188061161227139e+00
-4.006505874979411908e-01 4.112078609916521715e-02 9.152929226493269343e-01 3.400739747584761830e+01 1.449345933244043129e-02 9.991519300268362214e-01 -3.854644512153102692e-02 1.130370938228448141e+00 -9.161012905880755453e-01 -2.166686681179758565e-03 -4.009068489013468128e-01 5.637275494594684133e+00
-4.213041768010368782e-01 4.069408552327053591e-02 9.059008101533756463e-01 3.478080813065894716e+01 1.730446417395166414e-02 9.991714137141716190e-01 -3.683888141548735673e-02 1.086017613467981313e+00 -9.066494571030472294e-01 1.502021666852959060e-04 -4.216591985830566158e-01 5.272816225798031553e+00
-4.412906418870101155e-01 3.682293846701739648e-02 8.965170289816145610e-01 3.554118589457442567e+01 2.069470244563358444e-02 9.993098228869641275e-01 -3.083505551122174906e-02 1.045812870927813609e+00 -8.970336534603219336e-01 4.943427225929462876e-03 -4.417483408319547999e-01 4.903261421319110802e+00
-4.617221984389965894e-01 3.472530915877209551e-02 8.868429696257829065e-01 3.628380808036495608e+01 2.821877990047692158e-02 9.993026265375762884e-01 -2.446175318932714698e-02 1.002921717707448535e+00 -8.870739452043049367e-01 1.373139382304026240e-02 -4.623801088084184552e-01 4.501175307826442484e+00
-4.734300858490446129e-01 3.529238409192866910e-02 8.797268802404841770e-01 3.701486212242463125e+01 3.079058336631319143e-02 9.992494606456886475e-01 -2.349398405653192051e-02 9.605583600267389999e-01 -8.798961069510391475e-01 1.595211263346250560e-02 -4.741613404719978719e-01 4.092142220820997878e+00
-4.823624644096008995e-01 3.937075173306707476e-02 8.749218708170743986e-01 3.774460307688278249e+01 3.488453313819465940e-02 9.990603914544724518e-01 -2.569494708461319069e-02 9.150079314417168819e-01 -8.751115731748054793e-01 1.812175893030435608e-02 -4.832827585210831001e-01 3.694706581258388578e+00
-4.931505767436863419e-01 4.164953424709058605e-02 8.688801955438615332e-01 3.844088447499265726e+01 3.594973084191699364e-02 9.989756916364800343e-01 -2.748872055122768276e-02 8.738308837294702647e-01 -8.691352513667792712e-01 1.767004248576089023e-02 -4.941426343191394621e-01 3.285239316743246096e+00
-5.023614279110563130e-01 4.186081493431385164e-02 8.635310170192496138e-01 3.915643459667379034e+01 2.985702314503885929e-02 9.990714378708859256e-01 -3.105740487498500832e-02 8.351489872008133197e-01 -8.640295967553659473e-01 1.016983953544940700e-02 -5.031446293865570185e-01 2.880932018540065531e+00
-5.156581171141082498e-01 3.954058781809174916e-02 8.557803140743313053e-01 3.985135404402572590e+01 2.760341669477416743e-02 9.991828186063552719e-01 -2.951788645500654298e-02 8.015380823830279278e-01 -8.562480951187441125e-01 8.402691971852805156e-03 -5.163281773490279170e-01 2.473571540225984577e+00
-5.236557751166792674e-01 4.071949149754967856e-02 8.509950331726027217e-01 4.056010660241259558e+01 2.969803164523743266e-02 9.991222982246170670e-01 -2.955342149367398696e-02 7.596724191599352194e-01 -8.514518075027639465e-01 9.787999509776473123e-03 -5.244052743286410356e-01 2.040884515784848752e+00
-5.326763171690600540e-01 4.395815945579913814e-02 8.459191353087316401e-01 4.125965233124433951e+01 3.366455171926132500e-02 9.989604445870965410e-01 -3.075347485969809336e-02 7.167369007686954507e-01 -8.463914029382856308e-01 1.211325374054058462e-02 -5.336025072970342897e-01 1.592856991752153117e+00
-5.340973829953272745e-01 4.777093373224319817e-02 8.444931704735766376e-01 4.196623346773581176e+01 3.505112285069503925e-02 9.987952348950337456e-01 -3.434818907053822923e-02 6.895072613882667900e-01 -8.451163465194193591e-01 1.126617210075856086e-02 -5.351285479102961817e-01 1.152995904445139663e+00
-5.327552688687110516e-01 4.982424382452794315e-02 8.446260487580515841e-01 4.269905745271813657e+01 3.437599487843457507e-02 9.987157049323867053e-01 -3.719818762047061994e-02 6.509042749878339862e-01 -8.453951619170045895e-01 9.206922061651417674e-03 -5.337840249117895564e-01 6.852827186259711212e-01
-5.302291259653707511e-01 4.984762034877148612e-02 8.465238968173500744e-01 4.344885131530608646e+01 3.669747576741284184e-02 9.986836767312121665e-01 -3.585067310181171835e-02 6.064364847449691398e-01 -8.471966121084473222e-01 1.206623087575971198e-02 -5.313606372106959297e-01 2.292535414395324156e-01
-5.236013015354625821e-01 4.922055712260110100e-02 8.498411952823040627e-01 4.420202173974132620e+01 3.567574067098012308e-02 9.987204511702123533e-01 -3.581585955240908919e-02 5.612618793763214375e-01 -8.505179429354076115e-01 1.153203370666428668e-02 -5.246873259042811322e-01 -2.271956165048635012e-01
-5.170279132824194823e-01 4.728696209225207586e-02 8.548331309602333894e-01 4.498627446517873096e+01 3.258468416994256267e-02 9.988362118704678938e-01 -3.557163047885959772e-02 5.246886433707893538e-01 -8.555207763146616129e-01 9.461077514421654608e-03 -5.179670987131703708e-01 -7.013382984469993531e-01
-5.090402188956106855e-01 4.644901577986294133e-02 8.592734598778150046e-01 4.578559201254076783e+01 3.070905872246317697e-02 9.988870148010534633e-01 -3.580309865054163987e-02 4.795496272700503493e-01 -8.599801250536653896e-01 8.163965345090711673e-03 -5.099001825936751997e-01 -1.158518272407182748e+00
-5.024657060605027814e-01 4.464904138587059979e-02 8.631949227460234964e-01 4.659188490842409180e+01 2.821246175097569600e-02 9.989803891042438044e-01 -3.523421115084063998e-02 4.366023845315246676e-01 -8.638886296245844587e-01 6.633980239766209749e-03 -5.032131722328890833e-01 -1.620664389613814649e+00
-4.973503603921485272e-01 4.272338481562413387e-02 8.668613787650679692e-01 4.743026792050385865e+01 2.421590224317487355e-02 9.990813483177112264e-01 -3.536443695170130019e-02 3.891218934858473588e-01 -8.675755881447534401e-01 3.423212214231446081e-03 -4.979281817865703896e-01 -2.082514553381333844e+00
-4.960974551480366590e-01 3.962990551991031618e-02 8.673246879988421032e-01 4.826360152692748784e+01 1.864712490581463614e-02 9.992137306057528034e-01 -3.499092213235886761e-02 3.464513664520025849e-01 -8.680293985186401384e-01 -1.178597527550240449e-03 -4.964464561027051026e-01 -2.542158555012524079e+00
-4.961246135276224933e-01 3.649941328618777625e-02 8.675626519081154342e-01 4.914955225857280396e+01 1.609881630176301925e-02 9.993309068989801869e-01 -3.284344547121590546e-02 2.947174322069028296e-01 -8.681810757659164102e-01 -2.324182818857346670e-03 -4.963803694516799037e-01 -3.025789350025077873e+00
-4.961626564866815081e-01 3.485886341005798444e-02 8.671714410075030965e-01 5.001972149790316280e+01 1.417485353286839812e-02 9.993855196234183724e-01 -3.204259440232550687e-02 2.503631794372896957e-01 -8.677561647052044469e-01 -3.633138332609143952e-03 -4.963517290939970517e-01 -3.511617569697620844e+00
-4.975499633301492253e-01 3.369640721709123155e-02 8.665402635833886480e-01 5.090057507654146463e+01 1.378481484836940538e-02 9.994260338402325416e-01 -3.093219986883776265e-02 2.048249348333228137e-01 -8.670857503382306541e-01 -3.466222934878958675e-03 -4.977287197219668613e-01 -3.999869482983038793e+00
-4.961268807063798914e-01 3.357941051741122895e-02 8.671858235825867789e-01 5.180212183749239330e+01 1.433451030968315408e-02 9.994322496521281796e-01 -3.047350738234600939e-02 1.584401304140724831e-01 -8.677173437228874464e-01 -2.715400655676214036e-03 -4.963264399029321261e-01 -4.508974202776894202e+00
-4.975217811181372185e-01 3.347000643655278357e-02 8.671186667126739023e-01 5.270975042564896285e+01 1.436665348911926772e-02 9.994363962125788481e-01 -3.034442238711372933e-02 1.098235361265543913e-01 -8.676455837750361999e-01 -2.630159566847430509e-03 -4.977223224041644745e-01 -5.020159599437107545e+00
-4.975315615985296258e-01 3.328459376644920392e-02 8.663694427438314305e-01 5.362008772386107580e+01 1.401931813054205223e-02 9.994413460228482871e-01 -3.033486365554744282e-02 6.258586899671141068e-02 -8.668953440707735103e-01 -2.953248807843253127e-03 -4.977201441407340665e-01 -5.527716201681199593e+00
-4.975383812907338554e-01 3.110091766667841956e-02 8.672495755311485643e-01 5.455377793746083626e+01 1.256559423095334437e-02 9.995106318291960834e-01 -2.866288341692087294e-02 1.514891219620383145e-02 -8.677162945978130759e-01 -3.338330477395779188e-03 -4.976857527071176235e-01 -6.041584151818003789e+00
-4.975641939685662152e-01 3.042861365015838912e-02 8.669258021319699026e-01 5.545772708503474036e+01 1.150136463682107507e-02 9.995280513635528274e-01 -2.849045055829592388e-02 -3.242771410503873797e-02 -8.673835494792799805e-01 -4.198752942468440136e-03 -4.976793563192419834e-01 -6.537354277589877860e+00
-4.975873809005683102e-01 2.907965919676988586e-02 8.672900239814798073e-01 5.637153627415420232e+01 1.010351796012935732e-02 9.995645874011238607e-01 -2.773542743932490284e-02 -7.987832454585271080e-02 -8.677185853190592102e-01 -5.012744850688448904e-03 -4.976646316371216572e-01 -7.053368002981041940e+00
-4.937833321276793308e-01 2.872925954780940552e-02 8.691564665512497845e-01 5.729339441621880269e+01 9.524605188752074958e-03 9.995729543808060669e-01 -2.763791299195200030e-02 -1.278104230093302096e-01 -8.695788363731690174e-01 -5.347428540986974392e-03 -4.938461925446458456e-01 -7.574297013856100769e+00
-4.908883221909604022e-01 2.588386513040881118e-02 8.703283668422511221e-01 5.820906659346092482e+01 1.070120204529631178e-02 9.996619142513268885e-01 -2.368959273634838741e-02 -1.851285196464586558e-01 -8.706476999320307275e-01 -2.326692872714675262e-03 -4.909992783720882326e-01 -8.059246866677151289e+00
-4.894698246611736137e-01 2.455651000536604803e-02 8.714233786343126287e-01 5.913816240566497129e+01 1.061870106678556094e-02 9.996970207314659351e-01 -2.219286070995778182e-02 -2.291733319488549747e-01 -8.717046188451760269e-01 -1.624335795704913606e-03 -4.895822332826640921e-01 -8.571095935060467852e+00
-4.870512317157406068e-01 2.413527928247305443e-02 8.731845047535077287e-01 6.005718971385469729e+01 1.054626344388410498e-02 9.997077091515016445e-01 -2.176459786881388206e-02 -2.723788091035693748e-01 -8.734545276533185465e-01 -1.383330224943978264e-03 -4.871634218537145289e-01 -9.085100531345654318e+00
-4.842314405851150250e-01 2.489910881803036879e-02 8.745140200487279136e-01 6.099199910619354625e+01 1.173889569555166754e-02 9.996898823370576892e-01 -2.195687225839296208e-02 -3.148379282316576822e-01 -8.747897250633092092e-01 -3.731789289413291839e-04 -4.843736062226152161e-01 -9.576791986542382062e+00
-4.842386893316140695e-01 2.435567117672299969e-02 8.749279838057740788e-01 6.188293931611784870e+01 1.123601303638322065e-02 9.997031721078085686e-01 -2.162234331692586969e-02 -3.674012842207308727e-01 -8.751947407563971382e-01 -6.234380635580772344e-04 -4.843686799922284347e-01 -1.005023931828643491e+01
-4.842755492234877002e-01 2.580445597036640573e-02 8.745071933335053505e-01 6.279125552510740960e+01 1.085280737364978376e-02 9.996652906001168848e-01 -2.348289732725512141e-02 -4.059919250306117666e-01 -8.748205855656573382e-01 -1.884029665492595231e-03 -4.843934187447932471e-01 -1.055464566250573277e+01
-4.881880757739820442e-01 2.837045542696738781e-02 8.722391055423501793e-01 6.369322697884708617e+01 9.390779255587908617e-03 9.995844365003658805e-01 -2.724287209121903364e-02 -4.648956339773748780e-01 -8.726497608909666859e-01 -5.120443801919066437e-03 -4.882516983461653859e-01 -1.105084118340946020e+01
-4.910402273512254889e-01 2.729660775071807849e-02 8.711207321904740342e-01 6.461363353094577633e+01 7.298655590973747616e-03 9.996030824199543252e-01 -2.722272274545479639e-02 -5.134626803018117469e-01 -8.715175708941144128e-01 -6.982218194159919150e-03 -4.910447221436951559e-01 -1.157481316648029690e+01
-4.976319937362849166e-01 2.708333752658649909e-02 8.673250876454440261e-01 6.548877776968443243e+01 7.780244725280447207e-03 9.996118021860148639e-01 -2.675887520084474155e-02 -5.511252364080223565e-01 -8.677129141199294571e-01 -6.552818096638774424e-03 -4.976496204137649815e-01 -1.206400078310667112e+01
-5.012990467742500789e-01 2.356080263222364371e-02 8.647629924497337583e-01 6.637998985818758513e+01 1.020376371794537267e-02 9.997206318019757898e-01 -2.131059267137072957e-02 -6.076550363835447888e-01 -8.650236921342766561e-01 -1.870159294755546720e-03 -5.013994926853488909e-01 -1.258425906118541171e+01
-5.065788314494040767e-01 2.155331554416185791e-02 8.620417775982972541e-01 6.725533481711916295e+01 7.545631039717009755e-03 9.997600372200518004e-01 -2.056658370135766925e-02 -6.495034829140123867e-01 -8.622781873517890716e-01 -3.911052189928611832e-03 -5.066199074002862845e-01 -1.307405281532112085e+01
-5.118161783654888719e-01 2.389495399223644234e-02 8.585792916981807021e-01 6.812425145373133262e+01 8.635391924758732338e-03 9.997055900732748634e-01 -2.266131205761136302e-02 -6.983941324537475959e-01 -8.588683167982270605e-01 -4.202148546409797784e-03 -5.118718173703227237e-01 -1.357427545296146221e+01
-5.174530115780490158e-01 2.529294587312605827e-02 8.555140064550379453e-01 6.898097847068976307e+01 8.578272078440401377e-03 9.996662414538629582e-01 -2.437715857167630645e-02 -7.388439269560809208e-01 -8.558448430065650481e-01 -5.254051345895844119e-03 -5.174973914435019307e-01 -1.408099720758415963e+01
-5.213584321416878664e-01 2.569175471566049682e-02 8.526664783456764374e-01 6.984330248926994500e+01 7.077934035919357034e-03 9.996424716033444069e-01 -2.577983728898300755e-02 -7.827704545325983032e-01 -8.530239298218412758e-01 -7.408699364387877871e-03 -5.213538789391957140e-01 -1.458868764400854623e+01
-5.242380843542552293e-01 2.516378355434133532e-02 8.509922679046045824e-01 7.071175295841511854e+01 4.935792195882623967e-03 9.996360168631236442e-01 -2.652284740143097744e-02 -8.355195859867560193e-01 -8.513500710594897880e-01 -9.707032773632847875e-03 -5.241714000496094927e-01 -1.510207651118419925e+01
-5.280329517951011242e-01 2.522325808757749227e-02 8.484875817045621771e-01 7.154704882253172116e+01 6.227369949141314982e-03 9.996467758248110957e-01 -2.583896661952113025e-02 -8.830918279860118236e-01 -8.488396850868836774e-01 -8.362090716079456990e-03 -5.280033942659161372e-01 -1.561910380375759999e+01
-5.317266308379073880e-01 1.851971394888278152e-02 8.472147038388820883e-01 7.238155438297758337e+01 6.777252782602833335e-03 9.998220337013050685e-01 -1.759622036453307309e-02 -9.245922846948091411e-01 -8.473899271621893048e-01 -3.616528338893563316e-03 -5.317575742272281358e-01 -1.613474038028723712e+01
-5.330242372443616539e-01 8.844068106554284561e-03 8.464121094323484584e-01 7.321679253483486605e+01 6.753758520767756506e-03 9.999579250475946202e-01 -6.200532455079300551e-03 -9.644031213824362236e-01 -8.464314185491872422e-01 2.410696573124451909e-03 -5.330616437167766675e-01 -1.667412008605383988e+01
-5.344076841560885249e-01 6.362049153387647031e-03 8.446420908183356335e-01 7.404792442506510497e+01 7.226776187819149849e-03 9.999694653773381070e-01 -2.960727374419483502e-03 -9.911937687850316259e-01 -8.446352546309168208e-01 4.518856701359506844e-03 -5.344373324450043539e-01 -1.719015307320641384e+01
-5.344294806040221779e-01 1.159068532566249858e-02 8.446499012760266822e-01 7.487269326744331011e+01 7.549307397533574528e-03 9.999314376192303122e-01 -8.945947507303634097e-03 -1.019093347990273291e+00 -8.446959773723965448e-01 1.587811066676343219e-03 -5.344802666465557905e-01 -1.771918255322763613e+01
-5.372800579952889954e-01 1.743177462001027286e-02 8.433206234167255344e-01 7.567771929557032706e+01 8.324082337465397649e-03 9.998472678318689466e-01 -1.536960575931036257e-02 -1.048434010926366344e+00 -8.434597223075964711e-01 -1.230132170663839931e-03 -5.373433228698746289e-01 -1.823282593704423959e+01
-5.382257258153830826e-01 2.167026325530697559e-02 8.428017871706787734e-01 7.650385462344084431e+01 1.361972129393053052e-02 9.997624280904218175e-01 -1.701164207072608514e-02 -1.085154270216005523e+00 -8.429703102173818907e-01 2.320862409934013743e-03 -5.383931962249288716e-01 -1.875799291655497925e+01
-5.356804889268240721e-01 2.202697999134380427e-02 8.435856458061268270e-01 7.732162198283882049e+01 1.738253886862565697e-02 9.997354559528653928e-01 -1.505659378093054078e-02 -1.121759994506258851e+00 -8.436943934836435011e-01 6.589376900293639205e-03 -5.359215389292698584e-01 -1.929245804066476566e+01
-5.370767285466433449e-01 1.925768768298112554e-02 8.434283560998897533e-01 7.814322012458401900e+01 1.681528716596352932e-02 9.997850599403854677e-01 -1.213043925140378475e-02 -1.153231234842927222e+00 -8.434807504363561748e-01 7.676158935840280903e-03 -5.372851264949077832e-01 -1.980617635561269196e+01
-5.367549464398017056e-01 1.223093728179826256e-02 8.435375386634494932e-01 7.896267018904666202e+01 1.339584779638600294e-02 9.998924427337334553e-01 -5.966034819349703804e-03 -1.180341020220059267e+00 -8.435199648732262245e-01 8.089809853081135135e-03 -5.368611105097826908e-01 -2.031591244128253138e+01
-5.343230641912362078e-01 6.940202056578000447e-03 8.446510254575276821e-01 7.978349563726223437e+01 1.237985526341593180e-02 9.999232291313641108e-01 -3.800547011125255704e-04 -1.201426866976592178e+00 -8.445888102256206009e-01 1.025519659116319419e-02 -5.343680105707737660e-01 -2.082369325955637862e+01
-5.344566193675361898e-01 9.644337748112165971e-04 8.446510790685279879e-01 8.059456836826248605e+01 3.957100025524607455e-03 9.999912255875922362e-01 1.354815826411507034e-03 -1.224256879339918003e+00 -8.446424282069437961e-01 4.067079192683359205e-03 -5.344558146017089895e-01 -2.131233388188336519e+01
-5.331974579180429608e-01 -4.235923610356283689e-03 8.462783021648259130e-01 8.141488260801003207e+01 -4.566676222519038333e-03 9.999872232923797677e-01 2.131908072505364193e-03 -1.237320786072593215e+00 -8.462768119326787852e-01 -2.729093015544205823e-03 -5.332100224658590237e-01 -2.180501651788322448e+01
-5.317480393503674074e-01 -3.803686943464420003e-03 8.476270891673749475e-01 8.223415972231846638e+01 -2.115358444550248084e-03 9.999926669043149863e-01 3.174028650135112591e-03 -1.254913532648679775e+00 -8.476330316320100922e-01 -1.087288897479756205e-04 -5.317521844692306709e-01 -2.230917617422278454e+01
-5.278141026548757164e-01 -2.964145631123779601e-04 8.491157027963865955e-01 8.303876140348236845e+01 3.222244204192951586e-03 9.999919770805931751e-01 2.348326247674641185e-03 -1.280469647249117715e+00 -8.491096547534211503e-01 3.978933290487111397e-03 -5.278089755571565567e-01 -2.280832360380109947e+01
-5.211323424509606284e-01 3.730948453388820401e-03 8.532579323842521823e-01 8.385235058565872635e+01 5.494251768983624516e-03 9.999842927128489434e-01 -1.022965192473086326e-03 -1.293620028584944404e+00 -8.532484547428667021e-01 4.159565053901677009e-03 -5.211448431947799387e-01 -2.331139946939774177e+01
-5.130275874842511463e-01 4.491966193151445373e-03 8.579847341848972908e-01 8.466416248795719923e+01 9.529776312787540879e-03 9.999544399157676011e-01 4.607964505506216839e-04 -1.307608311500100262e+00 -8.579437127856348599e-01 8.413239211956424074e-03 -5.130470382835672360e-01 -2.380773793434035923e+01
-5.076837816851650365e-01 7.989129790102335316e-03 8.617108571277932727e-01 8.547299959540288228e+01 1.786563345574865291e-02 9.998395741794585678e-01 1.252166792128142463e-03 -1.333916338885225983e+00 -8.615625924400238667e-01 1.602897411018492854e-02 -5.077451489167178478e-01 -2.427981710383416925e+01
-4.958692482794797574e-01 6.858664157424503548e-03 8.680811104140579992e-01 8.630490856366414221e+01 1.585113290197088728e-02 9.998736525389323448e-01 1.158250609917799200e-03 -1.356694768902109161e+00 -8.679636697311994276e-01 1.433687995695975305e-02 -4.959152493007275564e-01 -2.475290890000239230e+01
-4.841114248602289005e-01 4.294349783219081861e-03 8.745342797153211611e-01 8.714007976406301736e+01 1.187150097171924858e-02 9.999282092399750521e-01 1.665724314551378154e-03 -1.365746175765450543e+00 -8.744642436254096429e-01 1.119033635893745826e-02 -4.841275577523961871e-01 -2.519013857205704809e+01
-4.723382640274614852e-01 8.220226165857001926e-04 8.811447610685273490e-01 8.797408471860683221e+01 1.261188789688670597e-02 9.999034823442587427e-01 5.826147362634247553e-03 -1.383704776909815415e+00 -8.810550480223953151e-01 1.386711364220371938e-02 -4.723030401341953843e-01 -2.564250026692365125e+01
-4.619952754082624069e-01 -1.599657481123170156e-03 8.869149852292707026e-01 8.881669184496733749e+01 1.206002899306201845e-02 9.998945970472944422e-01 8.085036489350952427e-03 -1.394342369121907677e+00 -8.868346109238597341e-01 1.443046099791781868e-02 -4.619271221990295939e-01 -2.607284548500989985e+01
-4.516429067793218399e-01 -1.133471621030880411e-03 8.927899486668569029e-01 8.965848567849252504e+01 1.228182771365229041e-02 9.998966421595389953e-01 7.480677435052575375e-03 -1.396653771529582144e+00 -8.927063521710303373e-01 1.433142223986744006e-02 -4.515823329258409347e-01 -2.648317198917038695e+01
-4.375430831441023405e-01 -1.455461768994041529e-03 8.996326587895625559e-01 9.051520587450814048e+01 1.516920013903630404e-02 9.998446586173778128e-01 8.991574469753238485e-03 -1.416133175405982936e+00 -8.995060305520516941e-01 1.757075593283143750e-02 -4.374530010733274077e-01 -2.690087192831548180e+01
