1.0 0.0 0.0 0.0 0.0 1.0 0.0 0.0 0.0 0.0 1.0 0.0
0.9998616 0.016634248 0.00037021548 0.11328125 -0.01663496 0.9998597 0.0020066176 0.012573242 -0.00033677925 -0.0020124984 0.9999979 0.0012207031
0.99930805 0.03718516 0.00024704818 0.27648926 -0.03718586 0.99929947 0.004131993 -0.0087890625 -9.3217444e-05 -0.0041383235 0.9999914 0.008300781
0.9979988 0.063199505 0.0022226532 0.42016602 -0.06321185 0.9979824 0.006010771 -0.043823242 -0.001838281 -0.006139217 0.99997944 -0.00793457
0.99539363 0.09573142 0.00520574 0.6048584 -0.095759414 0.99538976 0.0054252697 -0.07788086 -0.0046623684 -0.005898617 0.99997175 0.001953125
0.9911913 0.13229848 0.00671595 0.7763672 -0.13231559 0.99120945 0.0021666214 -0.15527344 -0.0063702986 -0.0030359332 0.9999751 -0.008666992
0.9850491 0.17205112 0.0081078 0.9793701 -0.17205079 0.98508227 -0.0007428353 -0.20690918 -0.008114754 -0.00066327833 0.99996686 -0.0031738281
0.9767104 0.21430887 0.010284535 1.161377 -0.21431206 0.9767635 -0.0008028107 -0.26416016 -0.010217589 -0.0014200155 0.9999468 -0.010864258
0.9645373 0.26361954 0.013282899 1.4030762 -0.26363719 0.9646238 -0.00043382798 -0.35351562 -0.012927512 -0.0030830062 0.9999117 -0.013671875
0.94990885 0.31195137 0.019049281 1.6385498 -0.311928 0.9500979 -0.0042609675 -0.4741211 -0.019427838 -0.0018947506 0.99980944 -0.025268555
0.9333551 0.35812896 0.024429739 1.8737793 -0.3579014 0.9336677 -0.013276006 -0.60009766 -0.02756338 0.003647306 0.99961334 -0.014160156
0.9120179 0.4092244 0.02777969 2.1037598 -0.40882784 0.91242146 -0.018964937 -0.7426758 -0.033107847 0.005940566 0.9994342 -0.016113281
0.88674635 0.4611823 0.031693336 2.360962 -0.4607323 0.8873043 -0.020711716 -0.90771484 -0.037674632 0.0037670769 0.9992832 -0.019165039
0.8582145 0.5120015 0.03569364 2.5877686 -0.5114791 0.85895526 -0.02317817 -1.0740967 -0.0425291 0.0016287211 0.99909353 -0.041015625
0.8256531 0.5630245 0.038194586 2.8277588 -0.562323 0.8265337 -0.02814801 -1.2971191 -0.04741602 0.0017727772 0.99887407 -0.052001953
0.7903142 0.61158425 0.037999783 3.0610352 -0.6106619 0.7912197 -0.033754922 -1.5148926 -0.050706334 0.0034738313 0.9987075 -0.05895996
0.7518896 0.6581201 0.037808847 3.2956543 -0.65697324 0.7528253 -0.039104607 -1.7618408 -0.05420504 0.0045647286 0.99851984 -0.06750488
0.7124044 0.7007685 0.035650276 3.5090332 -0.699526 0.71327835 -0.042004876 -2.0389404 -0.054872204 0.0049810465 0.9984809 -0.09118652
0.67069614 0.7408617 0.035964184 3.7459717 -0.7395525 0.6716528 -0.044123165 -2.3344727 -0.05684804 0.0029976666 0.9983786 -0.1027832
0.62803274 0.77725 0.038330056 3.9693604 -0.7759949 0.6291983 -0.044196017 -2.666748 -0.05846873 -0.0019885674 0.9982872 -0.13952637
0.5868076 0.8086312 0.039775696 4.213501 -0.80737114 0.5881288 -0.04544844 -3.0019531 -0.06015468 -0.005450789 0.99817425 -0.15490723
0.5451491 0.8373872 0.03982649 4.411377 -0.8360956 0.54654837 -0.047100384 -3.3676758 -0.061221126 -0.007619966 0.99809575 -0.18054199
0.5063673 0.86150295 0.039306127 4.654419 -0.86015916 0.50781065 -0.04893056 -3.7799072 -0.062113833 -0.009037521 0.9980279 -0.20166016
0.46976513 0.88191843 0.040367644 4.8618164 -0.8806311 0.47133297 -0.049218446 -4.203125 -0.062435444 -0.012434423 0.99797136 -0.23205566
0.43378484 0.9001146 0.039437447 5.047119 -0.89886636 0.43534732 -0.04941743 -4.659668 -0.06165761 -0.013996979 0.99800014 -0.26000977
0.39949483 0.91585636 0.035990067 5.2521973 -0.914666 0.40088496 -0.048607044 -5.1574707 -0.058948733 -0.013499714 0.99816984 -0.29162598
0.37078714 0.9281647 0.031860195 5.432495 -0.927072 0.37195247 -0.04667347 -5.6691895 -0.055157427 -0.012227018 0.9984024 -0.32165527
0.345229 0.9380474 0.028782737 5.6312256 -0.937038 0.3462379 -0.04499729 -6.2180176 -0.052165747 -0.01143153 0.9985728 -0.3572998
0.32477 0.9454412 0.02659934 5.828491 -0.9444299 0.3256876 -0.044964653 -6.7939453 -0.051174484 -0.010514116 0.9986346 -0.390625
0.30952302 0.9504338 0.025371883 6.0134277 -0.94933754 0.31041086 -0.046650022 -7.3935547 -0.05222244 -0.009643961 0.9985893 -0.42248535
0.29766983 0.9545113 0.023052579 6.2211914 -0.95338917 0.29845485 -0.046957448 -8.013306 -0.05168224 -0.008012671 0.9986306 -0.44750977
0.2866503 0.9576983 0.02524918 6.390991 -0.9564698 0.28758734 -0.049500536 -8.663086 -0.054678682 -0.009957034 0.9984548 -0.48266602
0.27730256 0.9604146 0.027203359 6.60376 -0.9591286 0.2783785 -0.05109434 -9.341553 -0.05664615 -0.011922819 0.99832326 -0.52404785
0.26559457 0.96357745 0.027602311 6.7946777 -0.9622304 0.26672652 -0.052480027 -10.038696 -0.057933267 -0.012623177 0.9982406 -0.5649414
0.2549047 0.9665025 0.028825525 6.996826 -0.96502006 0.25616115 -0.055253018 -10.77832 -0.060782094 -0.013724803 0.99805677 -0.6055908
0.24418914 0.96926844 0.029564967 7.184204 -0.9676982 0.24553414 -0.05708772 -11.518921 -0.0625773 -0.014653539 0.9979325 -0.6479492
0.23413092 0.9717448 0.029101055 7.3740234 -0.9701137 0.23547988 -0.058151532 -12.276001 -0.06335399 -0.014624331 0.9978833 -0.6866455
0.2244324 0.9740958 0.03023923 7.560425 -0.9723151 0.22591437 -0.060934443 -13.052246 -0.06617837 -0.01573241 0.9976832 -0.7347412
0.21278371 0.97653955 0.03255149 7.7353516 -0.9745749 0.21450464 -0.064487465 -13.844727 -0.06995183 -0.017992692 0.9973881 -0.7838135
0.19926561 0.9793022 0.0334422 7.89917 -0.977059 0.20116095 -0.06889048 -14.664307 -0.07421701 -0.018945519 0.9970632 -0.82995605
0.18759646 0.9816976 0.033956278 8.0563965 -0.9793667 0.1895908 -0.07052301 -15.458008 -0.07564969 -0.020025473 0.9969324 -0.87402344
0.17225504 0.9845002 0.033791345 8.205688 -0.9821507 0.17428707 -0.07113211 -16.275513 -0.075899094 -0.020956624 0.9968935 -0.9259033
0.15872955 0.9867618 0.033097412 8.3359375 -0.98449016 0.16072045 -0.07027334 -17.090942 -0.07465966 -0.021416966 0.9969793 -0.97888184
0.14130962 0.9893346 0.033509396 8.462158 -0.98718834 0.14334472 -0.06917126 -17.909912 -0.07325612 -0.023292843 0.99704224 -1.0253906
0.12117242 0.99201167 0.03495386 8.567871 -0.9900077 0.123332806 -0.068288796 -18.740356 -0.07207565 -0.026316354 0.9970533 -1.076294
0.09690507 0.994566 0.03809491 8.658569 -0.99278283 0.099307485 -0.06726768 -19.575806 -0.07067735 -0.03129274 0.99700814 -1.1312256
0.06517446 0.9970731 0.039736964 8.7196045 -0.9953988 0.06776012 -0.067630135 -20.423828 -0.07010542 -0.03513841 0.99691975 -1.1795654
0.031085987 0.99863017 0.041807435 8.756592 -0.9971315 0.033863608 -0.06751295 -21.276611 -0.068849266 -0.03955445 0.99684393 -1.2283936
-0.0020539584 0.9991568 0.041007977 8.756226 -0.9976888 0.00073821156 -0.06796284 -22.126709 -0.067917556 -0.041045357 0.9968454 -1.2686768
-0.036221243 0.9985426 0.04005557 8.727417 -0.997234 -0.03351164 -0.06637849 -22.995483 -0.06493413 -0.042337615 0.996991 -1.3140869
-0.06882283 0.9967694 0.040983647 8.672241 -0.9956469 -0.066050656 -0.065504275 -23.841797 -0.06257468 -0.04534034 0.9970091 -1.3526611
-0.101678595 0.99396056 0.04076637 8.594971 -0.9931155 -0.09904064 -0.06221511 -24.69873 -0.057803854 -0.046810284 0.99723005 -1.4030762
-0.13416332 0.9902502 0.037731525 8.480225 -0.98957705 -0.13186121 -0.05805494 -25.563477 -0.05250568 -0.04509805 0.9976015 -1.4349365
-0.16381569 0.9859107 0.033035517 8.334106 -0.9853398 -0.1619382 -0.053185232 -26.401123 -0.04708448 -0.041280378 0.9980376 -1.4683838
-0.19670688 0.98019344 0.025357299 8.152344 -0.9796867 -0.19540678 -0.046330288 -27.260864 -0.04045085 -0.033943824 0.99860466 -1.4920654
-0.22426903 0.9743304 0.019600973 7.9573975 -0.97387064 -0.22333384 -0.041217323 -28.0896 -0.035776317 -0.028334225 0.99895793 -1.5157471
-0.2512319 0.9678223 0.012164382 7.7332764 -0.9673771 -0.2506642 -0.035976455 -28.926147 -0.031776212 -0.020805728 0.99927855 -1.5334473
-0.27846253 0.9605039 0.007639924 7.4941406 -0.96026564 -0.27818775 -0.02586605 -29.745483 -0.022711024 -0.014533684 0.9996364 -1.5421143
-0.30216908 0.9532066 0.007210152 7.232544 -0.9531955 -0.3020804 -0.011256225 -30.55774 -0.008552454 -0.010275837 0.99991065 -1.5449219
-0.32619163 0.9452508 0.012336755 6.963379 -0.9452734 -0.32628846 0.0068110153 -31.35022 0.010467116 -0.009446515 0.99990064 -1.5355225
-0.35254586 0.9353677 0.0190116 6.683838 -0.9351925 -0.35290447 0.020875838 -32.142456 0.0262538 -0.010411549 0.99960095 -1.5296631
-0.37547445 0.9264141 0.019653093 6.3723145 -0.9258752 -0.37593853 0.032175325 -32.92505 0.03720761 -0.0061041005 0.9992888 -1.5004883
-0.400582 0.91605514 0.018692303 6.039551 -0.91536075 -0.4010085 0.03577637 -33.706055 0.040276617 -0.0027880557 0.99918497 -1.4538574
-0.42135963 0.9066398 0.016433539 5.680664 -0.90595907 -0.42167988 0.035126295 -34.48242 0.03878473 -7.949384e-05 0.99924755 -1.4128418
-0.44151834 0.89708436 0.011687594 5.316284 -0.8965534 -0.4416609 0.031040754 -35.24597 0.03299432 0.0032215798 0.9994501 -1.3743896
-0.46224797 0.8872441 0.0029505426 4.9193115 -0.88684285 -0.46213454 0.028731208 -35.9917 0.02684731 0.010656292 0.9995828 -1.3327637
-0.47404945 0.8801007 0.000749439 4.5129395 -0.87971616 -0.47386688 0.029162066 -36.72473 0.026017826 0.01318215 0.99957436 -1.293335
-0.48317015 0.87536025 -0.0013929754 4.1173096 -0.87490284 -0.48286453 0.033142302 -37.455444 0.028323114 0.017232003 0.99944985 -1.251831
-0.49401486 0.86938703 -0.0009153653 3.7104492 -0.8688616 -0.49367896 0.035294756 -38.1532 0.030237311 0.0182463 0.9993763 -1.2142334
-0.50294435 0.86418086 0.0066020386 3.3085938 -0.86354095 -0.5028421 0.035383455 -38.870117 0.03389613 0.012106221 0.99935186 -1.1799316
-0.516126 0.8563701 0.008388198 2.904663 -0.8557942 -0.51610106 0.032902118 -39.567383 0.03250092 0.009798317 0.99942356 -1.1488037
-0.52421147 0.8515985 0.0070186323 2.4735107 -0.8510021 -0.52412456 0.033988364 -40.27722 0.03263095 0.011859717 0.9993973 -1.1098633
-0.5334155 0.8465826 0.0047175437 2.0273438 -0.8459153 -0.5332026 0.037126526 -40.977783 0.03393798 0.015784863 0.9992997 -1.0700684
-0.53491235 0.8453098 0.0055701174 1.5869141 -0.84449357 -0.53466564 0.04091818 -41.68396 0.03755546 0.01716277 0.9991473 -1.046875
-0.5335358 0.84556764 0.0076258834 1.1177979 -0.844636 -0.5333349 0.04298009 -42.416016 0.040393706 0.016492167 0.9990471 -1.012085
-0.5311399 0.8474074 0.0047656074 0.65966797 -0.84652245 -0.5308277 0.043041304 -43.164673 0.039019536 0.018824648 0.9990615 -0.97021484
-0.52446365 0.8507179 0.0052822772 0.19995117 -0.8498431 -0.524187 0.042487964 -43.91626 0.03891305 0.017834675 0.9990825 -0.9281006
-0.5177319 0.85568386 0.0073468084 -0.27746582 -0.8548452 -0.5175736 0.040635336 -44.698364 0.038579907 0.014764132 0.9991467 -0.8946533
-0.5096554 0.86012065 0.008626109 -0.7384033 -0.8592923 -0.5095646 0.03988794 -45.495728 0.038720068 0.012923376 0.9991666 -0.85302734
-0.5029625 0.8640006 0.010141263 -1.2038574 -0.8632205 -0.50295585 0.038163092 -46.300293 0.038072117 0.010455072 0.9992199 -0.8133545
-0.49765614 0.8676356 0.013344081 -1.668457 -0.8669003 -0.49779314 0.03629621 -47.137085 0.03813155 0.0064753974 0.9992521 -0.7696533
-0.4961472 0.86801594 0.017934425 -2.1295166 -0.867381 -0.49647048 0.033207063 -47.96997 0.037734885 0.0009143059 0.9992875 -0.7305908
-0.49608782 0.8681418 0.019075617 -2.61438 -0.8676221 -0.49645177 0.030075211 -48.85559 0.03558104 -0.0016317829 0.9993655 -0.6821289
-0.496056 0.8676938 0.020378105 -3.1014404 -0.8672352 -0.49646103 0.028429244 -49.725464 0.034779854 -0.0035519474 0.99938816 -0.6413574
-0.4974413 0.86702216 0.020212859 -3.5905762 -0.8666027 -0.4978357 0.027251571 -50.60608 0.033683036 -0.0039470308 0.99942434 -0.59936523
-0.49604693 0.86766344 0.019457962 -4.1015625 -0.8672452 -0.49641618 0.027151473 -51.506836 0.03321118 -0.0033892728 0.99944204 -0.5567627
-0.49744415 0.8675925 0.019381028 -4.6136475 -0.8671778 -0.49781036 0.027030524 -52.41394 0.033091776 -0.003367696 0.9994468 -0.51208496
-0.49743995 0.86683744 0.019697707 -5.1225586 -0.86642975 -0.49781585 0.026839592 -53.323975 0.0330876 -0.0037102106 0.99944544 -0.46887207
-0.49741405 0.8676458 0.020085534 -5.6378174 -0.8673106 -0.4977933 0.024660511 -54.256958 0.031406056 -0.0051665595 0.99949384 -0.42504883
-0.49740323 0.8672992 0.020941986 -6.1348877 -0.86698985 -0.4978051 0.023984326 -55.160522 0.031234266 -0.006228487 0.9994928 -0.38146973
-0.4973882 0.86761856 0.021756208 -6.6522217 -0.8673568 -0.4978061 0.022635952 -56.07373 0.030473808 -0.00762737 0.9995069 -0.33776855
-0.49356842 0.86947244 0.022080474 -7.1757812 -0.8692244 -0.4939948 0.022327669 -56.994385 0.030335471 -0.008187512 0.99950665 -0.29382324
-0.490767 0.8705735 0.019045644 -7.663208 -0.87038267 -0.49108645 0.019517884 -57.909424 0.026362307 -0.0069881976 0.99962777 -0.23937988
-0.48936436 0.8716356 0.018340487 -8.177002 -0.8714741 -0.48965666 0.018210076 -58.837646 0.024847724 -0.0070636515 0.999666 -0.19897461
-0.48695 0.87338704 0.018097214 -8.693237 -0.8732343 -0.48723423 0.017820101 -59.755493 0.02438956 -0.0071272496 0.9996773 -0.15966797
-0.48416558 0.8747382 0.017081168 -9.187378 -0.8745601 -0.4844304 0.018617084 -60.68921 0.024555216 -0.0059209787 0.9996808 -0.12158203
-0.48416123 0.8751379 0.017333701 -9.662109 -0.8749749 -0.4844292 0.018075775 -61.57959 0.02421646 -0.0064259553 0.99968624 -0.07299805
-0.48416564 0.8747511 0.018593691 -10.167847 -0.87455976 -0.4844747 0.01951956 -62.487305 0.026079485 -0.0068100817 0.99963665 -0.0390625
-0.48797822 0.87254447 0.021841392 -10.663818 -0.87230575 -0.48839593 0.022034232 -63.389404 0.029879197 -0.008295548 0.9995188 0.014526367
-0.49075925 0.87138355 0.023710027 -11.18811 -0.8711945 -0.49122235 0.020926889 -64.30969 0.029882256 -0.01040306 0.99949974 0.05908203
-0.49736968 0.86758536 0.023292538 -11.676514 -0.867397 -0.49781585 0.020636613 -65.18555 0.029492771 -0.009949168 0.9995157 0.09301758
-0.5011853 0.86494976 0.018607406 -12.197144 -0.86481404 -0.5014737 0.017075391 -66.07739 0.02409506 -0.007529012 0.9996811 0.14758301
-0.5063972 0.8621704 0.02065629 -12.686401 -0.86210036 -0.50671554 0.015004065 -66.95325 0.02340198 -0.010210363 0.999674 0.18579102
-0.5116333 0.8587651 0.020957911 -13.186157 -0.85864 -0.51198024 0.01728084 -67.82263 0.025560247 -0.009144246 0.9996311 0.23022461
-0.5172406 0.8557326 0.022024116 -13.692261 -0.85558 -0.51762754 0.018611968 -68.67969 0.02733677 -0.0092299655 0.99958396 0.2664795
-0.5210738 0.8528845 0.024181329 -14.199829 -0.8527416 -0.52152383 0.018957313 -69.54236 0.028784253 -0.010745587 0.9995278 0.3062744
-0.52387154 0.85117805 0.026483104 -14.713379 -0.85107714 -0.52438176 0.018391432 -70.41089 0.029554801 -0.012901012 0.99947983 0.35510254
-0.5277165 0.8486869 0.025143163 -15.230469 -0.84856683 -0.5281873 0.018406335 -71.24646 0.028918505 -0.011622757 0.9995142 0.39953613
-0.5315551 0.8472791 0.020399682 -15.74646 -0.84727114 -0.531831 0.01167208 -72.0813 0.020712977 -0.011079607 0.999724 0.4404297
-0.53297246 0.8463692 0.014357038 -16.28711 -0.84643954 -0.5330504 0.0019908254 -72.91687 0.00933366 -0.011087541 0.9998949 0.48083496
-0.5343828 0.84459317 0.012239117 -16.8042 -0.8446597 -0.5344176 -0.00051007397 -73.74805 0.0061181826 -0.010608254 0.9999249 0.5053711
-0.5343678 0.84463227 0.015179938 -17.33435 -0.8446818 -0.5344841 0.0047132857 -74.571655 0.012103664 -0.010297006 0.9998736 0.5280762
-0.5371706 0.8433781 0.018016342 -17.848145 -0.8433666 -0.5373878 0.010518172 -75.37598 0.01855717 -0.009548389 0.99978226 0.552124
-0.5382326 0.8429517 0.014476013 -18.374512 -0.84283346 -0.53841025 0.014752149 -76.201294 0.020219723 -0.004260399 0.9997864 0.585083
-0.5358015 0.8437348 0.010198403 -18.911377 -0.84359896 -0.5358983 0.015141985 -77.01807 0.018249508 -0.0004786104 0.9998332 0.6192627
-0.53719115 0.8435262 0.009114092 -19.426025 -0.8434362 -0.53726757 0.012362122 -77.83923 0.01533285 -0.0010506622 0.9998819 0.6484375
-0.53681004 0.84354657 0.008685764 -19.937256 -0.8435414 -0.53686166 0.0053390674 -78.65845 0.009159282 -0.0044567655 0.9999481 0.6743164
-0.53436744 0.84462637 0.0065035434 -20.447388 -0.84464407 -0.5343792 7.90285e-05 -79.478516 0.0035467306 -0.005449949 0.9999788 0.6939697
-0.53442645 0.8445756 0.012681163 -20.93689 -0.8446689 -0.5343968 -0.0059085577 -80.28931 0.0017967818 -0.013870095 0.99990207 0.71398926
-0.53314185 0.8461001 0.019471806 -21.430908 -0.8463234 -0.5330272 -0.011099502 -81.10864 0.0009821553 -0.022391453 0.99974877 0.72387695
-0.53170776 0.8474933 0.016854122 -21.937134 -0.84766084 -0.53160113 -0.010642418 -81.926636 -7.5472984e-05 -0.019935798 0.99980134 0.7385254
-0.5277858 0.84903747 0.012759859 -22.439209 -0.84913313 -0.5277387 -0.0070870463 -82.72974 0.0007228898 -0.014578485 0.99989337 0.7606201
-0.5211012 0.8531925 0.012576783 -22.945923 -0.85327584 -0.52110803 -0.0029789729 -83.54077 0.0040217694 -0.012285999 0.9999163 0.7694092
-0.5130409 0.85794836 0.008310249 -23.446655 -0.8579851 -0.51304245 -0.0021145486 -84.3501 0.0024551006 -0.008213357 0.99996316 0.78063965
-0.5077938 0.8616827 0.0006960924 -23.922363 -0.86168164 -0.5077942 0.0014635798 -85.15674 0.0016146715 0.00014307024 0.9999986 0.803833
-0.49595279 0.86805737 0.0023609386 -24.400635 -0.86805904 -0.49595514 0.00046643123 -85.98584 0.0015769651 -0.001817901 0.9999971 0.82299805
-0.48414847 0.87450707 0.00547859 -24.843018 -0.8745238 -0.48414543 -0.001967055 -86.81824 0.0009338663 -0.0057438435 0.99998313 0.82836914
-0.47236884 0.8811245 0.0027720511 -25.300903 -0.8811224 -0.4723511 -0.005296675 -87.649536 -0.0033549564 -0.0049436525 0.9999821 0.84399414
-0.46201167 0.88690525 0.002183545 -25.736206 -0.88688934 -0.4619849 -0.0075964616 -88.489624 -0.005728568 -0.00544537 0.99996877 0.8514404
-0.45166275 0.89277786 0.0022636743 -26.15149 -0.8927653 -0.45163873 -0.007009065 -89.32861 -0.0052381596 -0.0051794294 0.9999729 0.8494873
-0.43756485 0.8996227 -0.0010129574 -26.575562 -0.89959687 -0.43756047 -0.0071671503 -90.18237 -0.0068904655 -0.002219859 0.9999739 0.86535645
-0.4262788 0.90454626 0.00076126924 -26.970581 -0.90454555 -0.42627722 -0.0017508734 -91.033325 -0.0012590173 -0.0014354477 0.99999815 0.87158203
-0.41395268 0.910351 0.00097516086 -27.355347 -0.9103307 -0.41395026 0.006307473 -91.87268 0.0061422475 0.0017234713 0.9999796 0.87854004
-0.4013797 0.91594607 0.004099804 -27.72876 -0.9158817 -0.4014001 0.010877165 -92.72009 0.011600155 0.0006117463 0.99993247 0.9005127
-0.39019322 0.9205899 0.005464865 -28.07434 -0.9205625 -0.3902256 0.007427529 -93.57715 0.008970927 -0.0021288153 0.9999575 0.9067383
-0.37768102 0.9259931 0.0036337338 -28.431274 -0.9259864 -0.37769383 0.0039736456 -94.441895 0.005052437 -0.0018637804 0.9999855 0.93273926
-0.36890653 0.92973745 0.005999081 -28.755615 -0.92973715 -0.36893293 0.0041449512 -95.29834 0.0060627284 -0.0040516434 0.9999734 0.951416
-0.3615222 0.9322648 0.013044732 -29.071045 -0.9322705 -0.36164317 0.008485066 -96.16528 0.012627674 -0.009091618 0.99987894 0.96984863
-0.35483912 0.9346815 0.022099886 -29.394897 -0.9347292 -0.35516402 0.012980284 -97.04224 0.019977715 -0.016049674 0.9996716 0.99157715
-0.3511651 0.9359391 0.027954375 -29.713623 -0.9360561 -0.35165176 0.014830805 -97.923096 0.023702852 -0.02095222 0.9994993 1.0216064
-0.34817597 0.9369988 0.02865231 -30.022339 -0.9371413 -0.34867117 0.014461957 -98.79883 0.02354869 -0.021823253 0.99948466 1.0522461
-0.34246424 0.9390716 0.030814132 -30.333862 -0.9392763 -0.34299982 0.014049781 -99.68652 0.023752041 -0.02411719 0.99942666 1.0930176
-0.33719707 0.94090164 0.03116154 -30.64502 -0.9411746 -0.33767715 0.011541834 -100.56702 0.021381874 -0.025435792 0.99944776 1.1203613
-0.3322047 0.9430206 0.029057326 -30.953125 -0.9433382 -0.3325127 0.0063752225 -101.44751 0.01565975 -0.025295516 0.99955755 1.1446533
-0.3255862 0.9450912 0.028695898 -31.254272 -0.9454175 -0.32585952 0.005302933 -102.31958 0.014357722 -0.025400912 0.9995741 1.1826172
-0.3190371 0.94716346 0.03274121 -31.538452 -0.94763815 -0.31929436 0.0028156303 -103.19641 0.013113276 -0.030120926 0.9994601 1.197998
-0.31252813 0.94915986 0.04118087 -31.802612 -0.9499204 -0.312915 0.0031499304 -104.06421 0.015869634 -0.038136564 0.99914676 1.2203369
-0.30589357 0.95104915 0.04246194 -32.08252 -0.9517919 -0.30644828 0.007072645 -104.9353 0.019741317 -0.03824911 0.9990731 1.253418
-0.2978959 0.9539773 0.03909017 -32.35498 -0.9545457 -0.29847658 0.009852654 -105.7959 0.02104427 -0.034384757 0.99918747 1.2888184
-0.2913647 0.95589334 0.041335713 -32.61548 -0.95655227 -0.29197714 0.009525006 -106.67847 0.021152705 -0.036755737 0.9991004 1.3150635
-0.283312 0.95810735 0.039689433 -32.86621 -0.95881695 -0.28366908 0.0035515698 -107.54077 0.014671277 -0.037047174 0.9992056 1.3460693
-0.27686015 0.95987743 0.04130627 -33.11914 -0.96068925 -0.27712497 0.0007145563 -108.44641 0.012142044 -0.03949873 0.99914604 1.380127
-0.2703309 0.9617239 0.043950506 -33.355835 -0.9626048 -0.27074397 0.0036223284 -109.30029 0.015384816 -0.04133873 0.99902695 1.3950195
-0.26310876 0.96388084 0.0450681 -33.5979 -0.96474624 -0.26369104 0.007412526 -110.18152 0.019006873 -0.04152565 0.99895686 1.4249268
-0.2550581 0.9656568 0.045632586 -33.814575 -0.9665384 -0.2556722 0.008061356 -111.039795 0.019466015 -0.04204814 0.99892557 1.4456787
-0.2493029 0.96730965 0.046332717 -34.03247 -0.96825904 -0.24984643 0.0062409155 -111.92639 0.017626595 -0.043316722 0.9989061 1.4758301
-0.23990391 0.9697142 0.042394362 -34.243164 -0.9705025 -0.2403786 0.006384882 -112.79248 0.016414426 -0.039617877 0.9990798 1.4945068
-0.23340762 0.97168535 0.038323388 -34.46289 -0.97231054 -0.23384045 0.007171504 -113.681885 0.015925718 -0.035589673 0.9992397 1.526001
-0.22629036 0.9734746 0.03757594 -34.674194 -0.9740504 -0.22676264 0.008780241 -114.576416 0.017047813 -0.03461941 0.99925554 1.5556641
-0.21776222 0.9751379 0.042642042 -34.865723 -0.9759325 -0.21825516 0.007220664 -115.47656 0.016325729 -0.040031284 0.99906504 1.5770264
-0.2121403 0.97613007 0.04763503 -35.0459 -0.9771678 -0.21263659 0.0055476744 -116.36279 0.015534037 -0.045357507 0.9988499 1.6015625
-0.20773005 0.97716045 0.045140006 -35.246704 -0.9781041 -0.20814346 0.0046099084 -117.287964 0.013903091 -0.043200776 0.99896985 1.6351318
-0.20352447 0.97817945 0.043710966 -35.43274 -0.9790586 -0.20392989 0.0049879253 -118.16528 0.013780955 -0.04177961 0.999032 1.6586914
-0.19776547 0.9793704 0.042073753 -35.62268 -0.9801521 -0.19823371 0.0072327578 -119.065674 0.0154042 -0.0397992 0.99908894 1.6848145
-0.19049358 0.98097837 0.035452764 -35.82129 -0.98153466 -0.19082579 0.0061982707 -119.95447 0.012853312 -0.033613335 0.99935204 1.699585
-0.1854447 0.982186 0.028669272 -36.005127 -0.98256624 -0.1856159 0.0034057153 -120.83545 0.008677019 -0.027551657 0.9995829 1.7186279
-0.18195376 0.98286337 0.026709558 -36.169678 -0.98320353 -0.18206763 0.0018649036 -121.74634 0.006711543 -0.025924345 0.99964136 1.743042
-0.17693196 0.9838061 0.028168894 -36.319214 -0.9841571 -0.17714466 0.0052219173 -122.62512 0.0101275025 -0.026801048 0.9995895 1.751831
-0.1734519 0.9844315 0.029432818 -36.47632 -0.9848064 -0.17370665 0.0063085556 -123.51697 0.011326472 -0.027892645 0.99954677 1.7694092
-0.17130888 0.9846261 0.030789701 -36.62317 -0.9850481 -0.17155766 0.00560309 -124.39868 0.0108116865 -0.029368069 0.99950993 1.7880859
-0.17133093 0.98470855 0.03154581 -36.77124 -0.9851649 -0.17155337 0.00447255 -125.280396 0.009812865 -0.030316975 0.99949235 1.807373
-0.17004715 0.9850996 0.028084502 -36.92224 -0.98549056 -0.1700995 -0.00052991696 -126.176636 0.004249998 -0.027765712 0.9996055 1.828125
-0.16863142 0.9852775 0.028892592 -37.072754 -0.98570096 -0.16854191 -0.0055233105 -127.05151 -0.0005681347 -0.029416094 0.9995671 1.8476562
-0.16731454 0.9855695 0.0267826 -37.21704 -0.9859301 -0.16718616 -0.0069907624 -127.923584 -0.002410413 -0.027558962 0.99961704 1.8591309
-0.16577354 0.98568404 0.029163357 -37.36194 -0.9861127 -0.1657653 -0.002715319 -128.79993 0.002153065 -0.029202837 0.9995712 1.8676758
-0.16571762 0.9857182 0.028739678 -37.50525 -0.986122 -0.16580573 0.0006877142 -129.65942 0.005454685 -0.028228123 0.9995866 1.8789062
-0.165763 0.9856507 0.031577356 -37.64331 -0.9861424 -0.16584566 -2.5946647e-06 -130.52808 0.0052395607 -0.031142168 0.9995012 1.8925781
-0.16576864 0.9857258 0.031563792 -37.777344 -0.98621875 -0.16583957 -0.00036824448 -131.38623 0.0048598005 -0.031193335 0.99950176 1.9060059
-0.16507556 0.985887 0.028935716 -37.930664 -0.9863002 -0.16514267 -7.2378665e-05 -132.24658 0.0047076936 -0.028545987 0.9995814 1.9210205
-0.16352725 0.9860889 0.028747147 -38.06421 -0.9864761 -0.16368581 0.0032366025 -133.1095 0.007897871 -0.027832305 0.99958146 1.9470215
-0.1636392 0.9857 0.03903649 -38.198364 -0.9864158 -0.16392684 0.004263207 -133.9679 0.010605033 -0.037814505 0.99922854 1.9587402
-0.163039 0.98565847 0.0445949 -38.322754 -0.9865796 -0.16345824 0.005902436 -134.83032 0.013098968 -0.043034066 0.9989879 1.9713135
-0.16298819 0.985642 0.043956105 -38.447266 -0.98650295 -0.16349706 0.0082196845 -135.68115 0.015282685 -0.042016614 0.9989999 1.9949951
-0.16359842 0.98560584 0.04181129 -38.588257 -0.9863644 -0.1641123 0.009152464 -136.57251 0.01587234 -0.03975086 0.9990838 2.03125
-0.16144216 0.98595816 0.042652883 -38.710205 -0.9867389 -0.16200076 0.00996178 -137.36218 0.01673523 -0.040498137 0.99903995 2.04187
-0.16007318 0.98648953 0.036155675 -38.85681 -0.987046 -0.16048527 0.008783666 -138.24158 0.014464613 -0.034278274 0.9993077 2.0672607
-0.15723313 0.98719305 0.029482814 -38.991455 -0.9875774 -0.15747212 0.005958692 -139.0564 0.0105231395 -0.02818282 0.99954754 2.09021
-0.15574516 0.9875187 0.021951914 -39.122437 -0.9877605 -0.15575492 -0.0012700623 -139.89331 0.0021626698 -0.0218903 0.9997582 2.1202393
-0.15158866 0.9882974 0.018853469 -39.249878 -0.9884699 -0.15163265 0.0009176424 -140.72571 0.0037609814 -0.018490782 0.99982196 2.1253662
-0.14728485 0.98895097 0.01927289 -39.367676 -0.9891215 -0.14736949 0.0030418779 -141.55664 0.005847417 -0.0186174 0.9998096 2.152954
-0.13952635 0.9900248 0.016577918 -39.485596 -0.9901199 -0.13965821 0.0070717544 -142.3805 0.009318213 -0.015431477 0.9998375 2.158081
-0.1311667 0.9912805 0.015360635 -39.597412 -0.9913232 -0.13133313 0.010374035 -143.23401 0.012301128 -0.013864467 0.9998282 2.1550293
-0.12137378 0.9925767 0.012351606 -39.695435 -0.9926198 -0.121462725 0.0067241183 -144.04285 0.00816896 -0.011444549 0.9999012 2.1785889
-0.10950258 0.99394983 0.005743689 -39.785034 -0.99396104 -0.10951914 0.0026442185 -144.83203 0.0032571862 -0.005419831 0.99998003 2.2115479
-0.095595606 0.99540865 5.7757832e-05 -39.87561 -0.995401 -0.095595 0.0039007566 -145.67834 0.0038898392 0.00031451043 0.9999924 2.2335205
-0.081125975 0.9966768 0.0012245048 -39.925537 -0.996668 -0.0811305 0.0042951033 -146.40381 0.0043817847 -0.0008699931 0.99999005 2.2545166
-0.06819202 0.99769694 -0.0025988566 -39.986572 -0.99768853 -0.06817832 0.005030687 -147.23499 0.0048402064 0.002934806 0.999984 2.2611084
-0.05376208 0.99851745 -0.0068554915 -40.0271 -0.99851596 -0.053710945 0.0074390993 -148.00317 0.007061239 0.0072482005 0.9999488 2.270752
-0.040169474 0.99917996 -0.0005891556 -40.052124 -0.9991018 -0.040158987 0.012541757 -148.79517 0.012510531 0.0010909364 0.9999211 2.290039
-0.028092982 0.9995993 0.0065408107 -40.051758 -0.99936604 -0.028232941 0.022385785 -149.56042 0.022561546 -0.0059094597 0.999728 2.3031006
-0.013276813 0.9998293 0.012500579 -40.05493 -0.99943656 -0.0136532765 0.030515485 -150.36719 0.030684726 -0.012087108 0.99945605 2.331421
