1.000000000000000000e+00 -3.306050084167601550e-19 -2.270457535318767223e-19 -8.673617379884035472e-19 7.546676715296109287e-19 1.000000000000000000e+00 6.237773588823049983e-19 1.387778780781445676e-17 -3.447385680526250622e-20 4.770700176052009879e-20 1.000000000000000222e+00 5.551115123125782702e-17
9.999394932961190863e-01 -4.367546712270439606e-03 1.009109720785461226e-02 1.991758580498141640e-02 4.358616498204964315e-03 9.999900753229236106e-01 9.068105598253611713e-04 -7.562037136244995073e-03 -1.009495754492768446e-02 -8.627620913702418754e-04 9.999486590916815132e-01 2.907516611401413931e-01
9.998240659649771933e-01 -5.612108194459865078e-03 1.790162303391964679e-02 3.137536440496015155e-02 5.591936368116392012e-03 9.999836724418753597e-01 1.176629878500822434e-03 -1.336388584461205287e-02 -1.790793902595470138e-02 -1.076313461271460664e-03 9.998391040728537016e-01 5.860572922571680721e-01
9.997748328633274673e-01 -7.861016281530451913e-03 1.971708501871589220e-02 4.110635348482896689e-02 7.856928864761945214e-03 9.999690648336031495e-01 2.847273320100373825e-04 -2.257863773640336746e-02 -1.971871523546630048e-02 -1.297943857782455008e-04 9.998057296071468647e-01 8.775768765128840743e-01
9.997816110963451131e-01 -9.856737023927541336e-03 1.842348050924370526e-02 4.594740444870724222e-02 9.883524169616566754e-03 9.999502196936380649e-01 -1.363077011170241463e-03 -2.441682555354179884e-02 -1.840912339448974935e-02 1.544920300114296019e-03 9.998293002105358429e-01 1.183264512173966443e+00
9.998636520184184251e-01 -1.191395443721969365e-02 1.143591902981216241e-02 4.080922469275470588e-02 1.194775845744486427e-02 9.999244586220367159e-01 -2.892619408942352557e-03 -2.466778785352263803e-02 -1.140061114831641444e-02 3.028836049679375659e-03 9.999304362269156865e-01 1.504977929018365579e+00
9.999086872257011427e-01 -1.351225844777819221e-02 -2.922132153668541678e-04 2.816123067959600684e-02 1.351085177331562241e-02 9.998991809350198379e-01 -4.374793560091848853e-03 -3.624327554887234182e-02 3.512740653818981359e-04 4.370446871408245962e-03 9.999903701167145442e-01 1.831732344517656319e+00
9.997937490418131734e-01 -1.253715673260141425e-02 -1.597291755288250334e-02 6.941066701327862180e-03 1.246069816240052801e-02 9.999104278172712412e-01 -4.878720467108867663e-03 -4.587880369965499638e-02 1.603264335463712095e-02 4.678634597308652283e-03 9.998605304201213517e-01 2.162025239032964841e+00
9.993579181395735311e-01 -8.159651475254950381e-03 -3.487808532506927323e-02 -2.425343357956345411e-02 8.000434848191255791e-03 9.999569210611288783e-01 -4.701423844149141794e-03 -5.021090412558197602e-02 3.491495023536485276e-02 4.419227967460790697e-03 9.993801767065855213e-01 2.509280961132456689e+00
9.985301415667334757e-01 -4.481107920499502809e-03 -5.401932330236990099e-02 -6.830503836400070306e-02 4.179290608789258156e-03 9.999750140569501067e-01 -5.699945434418355120e-03 -5.683618665321553409e-02 5.404352418558024118e-02 5.465753359185746528e-03 9.985239104621321804e-01 2.864284842722392810e+00
9.972685937826363256e-01 -3.575788390753852769e-03 -7.376249734153876580e-02 -1.147219705254062666e-01 3.133270557884802656e-03 9.999764285368201167e-01 -6.113485785182861537e-03 -6.361399424284100435e-02 7.378261997763978230e-02 5.865700531700852351e-03 9.972562703860796685e-01 3.220565710408771931e+00
9.955326127476756826e-01 -4.943464214440265736e-03 -9.427826246140309785e-02 -1.665069184055748552e-01 4.464832773808884332e-03 9.999760364781449251e-01 -5.286836813276591523e-03 -7.048626782227151999e-02 9.430214362852878951e-02 4.842221278999256709e-03 9.955308653158055909e-01 3.606366262110320076e+00
9.933516343652980529e-01 -6.657286846296483519e-03 -1.149426617267689521e-01 -2.275171321368209820e-01 6.199003434103234067e-03 9.999713575784411335e-01 -4.344472651664654794e-03 -7.603421194950585327e-02 1.149683088852270080e-01 3.602960347517376958e-03 9.933644894596118657e-01 3.993582677569784689e+00
9.911725678271205986e-01 -5.627066029563357850e-03 -1.324230382392637961e-01 -2.986428692540926688e-01 5.143029888507626331e-03 9.999787887441538015e-01 -3.996405741293005028e-03 -8.369823638908262253e-02 1.324427147321183273e-01 3.279918702968763651e-03 9.911805154151149821e-01 4.387525702379367232e+00
9.889808376686848312e-01 -4.952136660146841049e-03 -1.479840309668010723e-01 -3.741942109850402987e-01 4.535219262418862737e-03 9.999847323201195293e-01 -3.153763536160746842e-03 -9.127974950958503420e-02 1.479974008198103874e-01 2.448063210047654072e-03 9.889882216295430295e-01 4.800697065856298629e+00
9.868944834966317803e-01 -3.863190442881471367e-03 -1.613287773500146627e-01 -4.673114982769811521e-01 3.460379410656356115e-03 9.999901399867013874e-01 -2.777337998710269380e-03 -1.002714849017784515e-01 1.613379250934538767e-01 2.182918070163088718e-03 9.868980946982770508e-01 5.222680622021243835e+00
9.847462286823260857e-01 -5.881663471298743603e-03 -1.739116887728270611e-01 -5.533134754828059609e-01 5.227427257398454749e-03 9.999774462278399056e-01 -4.218788084760793228e-03 -1.051370111336778490e-01 1.739325900117163204e-01 3.245340750703999601e-03 9.847547534536340574e-01 5.660897664578982358e+00
9.831595372580854697e-01 -8.769614409523528165e-03 -1.825649386086795889e-01 -6.430286435503425047e-01 7.725691909120374276e-03 9.999494757658760058e-01 -6.430085597954332197e-03 -1.189272249258235409e-01 1.826121083807400458e-01 4.911523404514201753e-03 9.831775866121167384e-01 6.105855906566768354e+00
9.815540447125082890e-01 -7.628093173593360025e-03 -1.909865930865479455e-01 -7.433577921340446260e-01 6.273785588471330298e-03 9.999507464612643615e-01 -7.694493855116667745e-03 -1.284176729059708366e-01 1.910358805512160918e-01 6.354288851509539565e-03 9.815535612966255208e-01 6.568731142832668013e+00
9.801575150210657394e-01 -7.517521487937495195e-03 -1.980676563526944378e-01 -8.498735682516469492e-01 5.770160357638872382e-03 9.999392008058779480e-01 -9.398508786855341163e-03 -1.319552167099738438e-01 1.981262660232278594e-01 8.069360974696763653e-03 9.801413236666174367e-01 7.040995598105107334e+00
9.785397700692070044e-01 -8.081671701622480941e-03 -2.059513042909963121e-01 -9.611656555675482938e-01 5.750211168018218126e-03 9.999124244434461906e-01 -1.191760353108283627e-02 -1.399830207489473066e-01 2.060296555792381912e-01 1.047713156543462511e-02 9.785006157748225020e-01 7.529316480139590873e+00
9.767024476887372630e-01 -1.232607917309768222e-02 -2.142411570923768160e-01 -1.072184908640481771e+00 9.557274520613405835e-03 9.998570932454239335e-01 -1.395439190876307176e-02 -1.512269210416008758e-01 2.143825630285458583e-01 1.158184110879226063e-02 9.766803768209660896e-01 8.031623685229646981e+00
9.751427408935882113e-01 -1.815951178480963712e-02 -2.208478693991000608e-01 -1.190867416212253671e+00 1.524120130887486949e-02 9.997726000560106518e-01 -1.491400275660425753e-02 -1.655489021329756283e-01 2.210685172321068537e-01 1.117651763412525270e-02 9.751978959545456460e-01 8.548048012718389543e+00
9.731021700020517917e-01 -1.853321394343250897e-02 -2.296205353735371046e-01 -1.316284867087957000e+00 1.509721736386547206e-02 9.997464292223843252e-01 -1.671610007023939526e-02 -1.854439216079649122e-01 2.298720282405409820e-01 1.279968126679580098e-02 9.731351086803798900e-01 9.075255940686593803e+00
9.713525083124190385e-01 -1.503069701752483660e-02 -2.371796669198058261e-01 -1.467371520860612621e+00 1.024222848129808378e-02 9.997183175633153063e-01 -2.141461074519899685e-02 -1.891781327924099698e-01 2.374346173537047466e-01 1.837218087480865444e-02 9.712327720513594942e-01 9.607380199868618575e+00
9.690583314097034329e-01 -1.161644643170048515e-02 -2.465732664780752037e-01 -1.626069635013876136e+00 5.856781115457156128e-03 9.996928752817959563e-01 -2.408459135197351178e-02 -2.082563081634629665e-01 2.467772263548918821e-01 2.189584124955846339e-02 9.688287231371446317e-01 1.015275041242510135e+01
9.666956282033227765e-01 -1.410720614405941431e-02 -2.555469132607429139e-01 -1.776284134108907065e+00 7.616431160745180950e-03 9.996231935321618911e-01 -2.637682390986511097e-02 -2.258704516003276486e-01 2.558226340403534915e-01 2.355260856414062923e-02 9.664386154936722706e-01 1.071070728680837547e+01
9.645036152922821238e-01 -1.543866065901507677e-02 -2.636513760220714486e-01 -1.936249289877009172e+00 8.354706376905558785e-03 9.995738560069031831e-01 -2.797380944670372141e-02 -2.558047179513989189e-01 2.639708641381409704e-01 2.477866485342230390e-02 9.642214788961274152e-01 1.127737514954255715e+01
9.623653757588865876e-01 -1.505754579503858041e-02 -2.713511422470792911e-01 -2.116908703326938479e+00 6.854526596125625967e-03 9.994911817731025883e-01 -3.115761538904514641e-02 -2.763635749953219922e-01 2.716821553003223033e-01 2.812518273503628041e-02 9.619788392346739769e-01 1.186545406724298424e+01
9.600936553385092109e-01 -1.475810368635896430e-02 -2.793542611738173975e-01 -2.301734239912146318e+00 5.462068364597280797e-03 9.994058390010492898e-01 -3.403068125974013231e-02 -2.987887568111989300e-01 2.796905502604508098e-01 3.114716347298939966e-02 9.596037704690966175e-01 1.246113665676011451e+01
9.581242508416417669e-01 -1.596141114893249655e-02 -2.859394791819082071e-01 -2.484999543872846495e+00 5.109234705655212906e-03 9.992393326976680701e-01 -3.865770894222542858e-02 -3.277117822254429491e-01 2.863390205541560540e-01 3.557869411418834726e-02 9.574767570750092327e-01 1.304463354030415978e+01
9.560377661580642394e-01 -1.686127724630350974e-02 -2.927549785858252762e-01 -2.687726855339517940e+00 3.347726522217341939e-03 9.989081028491656467e-01 -4.660779130615896881e-02 -3.647905613647938750e-01 2.932211641473607688e-01 4.357844302274634096e-02 9.550501637076139749e-01 1.366288045655713290e+01
9.549380726540662723e-01 -1.710504229695015282e-02 -2.962902925503965723e-01 -2.892619442474781088e+00 8.200956174843489861e-04 9.984862078535815533e-01 -5.499696410674840413e-02 -4.013504674985681198e-01 2.967825080481282796e-01 5.227536380951228190e-02 9.535065833496219057e-01 1.429427346313202385e+01
9.539736282417432545e-01 -1.713023028192137837e-02 -2.994371845132522414e-01 -3.100358920081913716e+00 -2.053877690093953729e-03 9.979706728163698637e-01 -6.364696205106537552e-02 -4.457976743023394639e-01 2.999196605054355036e-01 6.133350421828753785e-02 9.520024562584763483e-01 1.492613635080857293e+01
9.524395329808895694e-01 -1.654972136917346598e-02 -3.043006917919348631e-01 -3.322213591970788915e+00 -5.644035133855369001e-03 9.973947578654946966e-01 -7.193410037280859037e-02 -4.919214422545752918e-01 3.046984542468577639e-01 7.023004047979952702e-02 9.498648010649320961e-01 1.556824508740088930e+01
9.513749295866127387e-01 -1.555205821678853559e-02 -3.076684885236130040e-01 -3.546955789551589522e+00 -9.367684568122834621e-03 9.968019871518493114e-01 -7.935841555572069328e-02 -5.491990234707644358e-01 3.079191279864182951e-01 7.838048701145215735e-02 9.481868780651575568e-01 1.622806526962627061e+01
9.497183953584089622e-01 -1.368286021494207090e-02 -3.128832236097466857e-01 -3.777311616160339725e+00 -1.383458239815877483e-02 9.962351377929109519e-01 -8.557938600240944105e-02 -6.114416660709566242e-01 3.128769323629420618e-01 8.560273619881041129e-02 9.459536223624438467e-01 1.689296722086314873e+01
9.479450896552507055e-01 -1.324366062422902002e-02 -3.181541776181067149e-01 -4.021776273575099481e+00 -1.704515224418625199e-02 9.955920205729464900e-01 -9.220902941070339975e-02 -6.798811549819279154e-01 3.179735313094507188e-01 9.283021565448901224e-02 9.435409365705090812e-01 1.756848745910139087e+01
9.465376147543677066e-01 -1.086856608899549291e-02 -3.223970657019222252e-01 -4.276908173669622393e+00 -2.161000696601024160e-02 9.950511184830628242e-01 -9.699079921436309926e-02 -7.501476325724107941e-01 3.218558824999342982e-01 9.877201304581809116e-02 9.416184687202724390e-01 1.825843933719034951e+01
9.448969863600017449e-01 -7.823968162774105548e-03 -3.272977957826792572e-01 -4.539490416329942768e+00 -2.648674264541313328e-02 9.946097800784022835e-01 -1.002582713404435999e-01 -8.267560627096649517e-01 3.263186646554133707e-01 1.034007520918855116e-01 9.395965961218686324e-01 1.895992551925299452e+01
9.436568794204822641e-01 -7.052546921843367081e-03 -3.308599756203559616e-01 -4.803417663841326402e+00 -2.847873127109210381e-02 9.943331717623480337e-01 -1.024186242545771230e-01 -9.055882269062927037e-01 3.297076343569211865e-01 1.060694752014954834e-01 9.381086412343146996e-01 1.967204143431934327e+01
9.405388313576660275e-01 -6.658041216103122335e-03 -3.395789041450956169e-01 -5.074797700546398893e+00 -2.955363831538296987e-02 9.944127528452133546e-01 -1.013366166581190220e-01 -9.905362712747398657e-01 3.383559031094954817e-01 1.053485322857293932e-01 9.350871039799517614e-01 2.039459487290242734e+01
9.386322995242426526e-01 -6.232864922646675493e-03 -3.448161989459863075e-01 -5.355396820775677469e+00 -2.988698689031915948e-02 9.946064932626135224e-01 -9.933052504396154558e-02 -1.075248948895657808e+00 3.435751714928931277e-01 1.035427128870624186e-01 9.333835955760285685e-01 2.112467498032904700e+01
9.362610067705080530e-01 -6.110058146913346748e-03 -3.513297104905609980e-01 -5.643301137449858729e+00 -3.018096661980224429e-02 9.947531351815270817e-01 -9.773219935139147718e-02 -1.159399901934039967e+00 3.500840476888656960e-01 1.021027126138290136e-01 9.311643625149756964e-01 2.186791362624504487e+01
9.343339235075863725e-01 -5.369989435740307043e-03 -3.563495396166674323e-01 -5.936281876256686907e+00 -3.036604709667113308e-02 9.950510232038730640e-01 -9.459625707213589751e-02 -1.245854611767134967e+00 3.550934193833732988e-01 9.920707500851799754e-02 9.295470119639250850e-01 2.260266542065861728e+01
9.296435262077357153e-01 -2.606130031350735281e-03 -3.684851987648192218e-01 -6.255667286568200147e+00 -3.238425998018859553e-02 9.955273345037213284e-01 -8.875019315250229357e-02 -1.323710620848914443e+00 3.670688182450803638e-01 9.443701130002238320e-02 9.254010696970208505e-01 2.336662546666086016e+01
9.267260214813365371e-01 -4.375744753168921640e-04 -3.757894332802968473e-01 -6.580797845704432270e+00 -3.329417003304946387e-02 9.959699650184796749e-01 -8.328984362294251931e-02 -1.405073021214599649e+00 3.743110998091100372e-01 8.970019794220741860e-02 9.229769189452829981e-01 2.411560158305326951e+01
9.232767947306762535e-01 3.263664511478273685e-03 -3.841512451035717368e-01 -6.911734906904639431e+00 -3.669088775049504647e-02 9.961411759471208160e-01 -7.972465354480039179e-02 -1.479399791364561567e+00 3.824083349218376782e-01 8.770395676761602588e-02 9.198339051995836346e-01 2.486995357118459182e+01
9.199356167722566591e-01 4.290947825702947672e-03 -3.920392554034518029e-01 -7.250662439492981726e+00 -3.755584061166666876e-02 9.963065306103250363e-01 -7.719294406302103229e-02 -1.555010658042013771e+00 3.902601520623126818e-01 8.573275071632979749e-02 9.166989079152700892e-01 2.563014747164320895e+01
9.157551606077273254e-01 5.675633441078137796e-03 -4.017202405080039229e-01 -7.603027384229267938e+00 -3.947234098594850499e-02 9.963331046455587980e-01 -7.591953622483944841e-02 -1.632649026230171607e+00 3.998163437077936755e-01 8.538124580450118239e-02 9.126212693917946650e-01 2.640684333342737844e+01
9.119193409611188184e-01 5.157338426821209479e-03 -4.103623112223142577e-01 -7.963758199812335903e+00 -3.936724779038895672e-02 9.964086773948899189e-01 -7.494822261897174376e-02 -1.699900544139378411e+00 4.085020594997530452e-01 8.449950527235065845e-02 9.088474295848181228e-01 2.717913284983872657e+01
9.082788024224790480e-01 6.469396272568405000e-03 -4.183164368306460101e-01 -8.342108690720595021e+00 -4.072025278348039706e-02 9.964999578108464373e-01 -7.301044589330664414e-02 -1.768138534836427356e+00 4.163800647906938934e-01 8.334843444672154766e-02 9.053632204147155083e-01 2.796768933716425209e+01
9.039680732013956055e-01 6.010596038524747622e-03 -4.275501351633716474e-01 -8.729635835277649747e+00 -4.007792488050208185e-02 9.966905497993988616e-01 -7.071602813179896085e-02 -1.843776914832736979e+00 4.257102509067777762e-01 8.105869754804306826e-02 9.012171470912162530e-01 2.876162074323566031e+01
9.012192671159292567e-01 5.035848605579824021e-03 -4.332562752835436570e-01 -9.118550310876736731e+00 -3.768839847313979613e-02 9.970545905057860425e-01 -6.677527686165229959e-02 -1.916708263176527538e+00 4.316434072713721259e-01 7.651015530455047842e-02 8.987546839432264401e-01 2.954971588777156910e+01
8.974817595357298394e-01 7.822056353327343919e-03 -4.410913409106964056e-01 -9.527626470779594570e+00 -3.860988239618939194e-02 9.973975520163238517e-01 -6.086180556716658946e-02 -1.976315941840661505e+00 4.394672220443259225e-01 7.164789412516509026e-02 8.954482970333045300e-01 3.036405061359331725e+01
8.937355107515090324e-01 7.274021566672717737e-03 -4.485097280693073341e-01 -9.940425354136262825e+00 -3.668225530524217570e-02 9.977049394220710576e-01 -5.691041996443273188e-02 -2.048317110692686516e+00 4.470661789277047826e-01 6.731796639633870483e-02 8.919512043178448035e-01 3.116863298025541695e+01
8.894373227352387890e-01 7.264583608879964481e-03 -4.570251081263484449e-01 -1.037176239275743939e+01 -3.603903717246562804e-02 9.978754770362244786e-01 -5.428550266905917548e-02 -2.104853552894267121e+00 4.556603418265905425e-01 6.474993172271728548e-02 8.878091870945342690e-01 3.198736384685135192e+01
8.864598090919928453e-01 6.320018865040296502e-03 -4.627889300388017824e-01 -1.081675979733326898e+01 -3.496390613534120645e-02 9.979639039607608453e-01 -5.334151659276396840e-02 -2.172912170846992730e+00 4.615101634951377929e-01 6.345929089957999536e-02 8.848755556697806002e-01 3.281990896221102361e+01
8.849615517677954513e-01 6.099497177881787156e-03 -4.656693952336348752e-01 -1.126839727103646638e+01 -3.401416140311329384e-02 9.980898314726758258e-01 -5.159458974379753371e-02 -2.219949211490867214e+00 4.644655091945799619e-01 6.149859044367319422e-02 8.834786536857986983e-01 3.366266836697663933e+01
8.812102956802521092e-01 5.489882869730343048e-03 -4.726020544555273317e-01 -1.173493116965875949e+01 -3.292091334529973629e-02 9.982176667900143352e-01 -4.977974091144650448e-02 -2.276493705489556874e+00 4.714865453083023072e-01 5.942550116102158358e-02 8.798201750037939473e-01 3.450398638791424588e+01
8.783631310037782747e-01 4.227660568096927411e-03 -4.780159203457213790e-01 -1.220700631929226709e+01 -3.168603261757387685e-02 9.982764103467091088e-01 -4.939604809116144440e-02 -2.334860231083168536e+00 4.769835145045911995e-01 5.853038122271467247e-02 8.769830501450269766e-01 3.535259620722784746e+01
8.774032319034599237e-01 3.779423375564183989e-03 -4.796884000678605653e-01 -1.268853062521755248e+01 -3.142167771126770648e-02 9.982745535777046708e-01 -4.960241840938732494e-02 -2.393554734821598640e+00 4.786731464165617789e-01 5.859605481506235947e-02 8.760081915009524378e-01 3.621516547447669154e+01
8.753973996669361934e-01 3.557923961581204580e-03 -4.833839017063459864e-01 -1.318352886429312676e+01 -3.182799813711247733e-02 9.982272608188790253e-01 -5.029603788551095106e-02 -2.448256926353997276e+00 4.823480284382362093e-01 5.941521247552401103e-02 8.739589076103458920e-01 3.709160432556632969e+01
8.749023431743486734e-01 4.525788481013944160e-03 -4.842171762068811502e-01 -1.368521634828758948e+01 -3.232103929951175153e-02 9.982726079071757574e-01 -4.907298647893756915e-02 -2.506219988162272649e+00 4.831586881068032913e-01 5.858758137501809266e-02 8.735373163173101307e-01 3.797817842862696835e+01
8.754723305184434201e-01 4.084073428664911423e-03 -4.832024186918235653e-01 -1.419507845056497430e+01 -3.099188138559833688e-02 9.983803509829327627e-01 -4.771869857788114955e-02 -2.564980207961080616e+00 4.822251304277804240e-01 5.675358207792684240e-02 8.741809612674839025e-01 3.887574687554692332e+01
8.745258498477883613e-01 2.355182769959307185e-03 -4.848345256624577160e-01 -1.471009587459570156e+01 -2.900005670734545626e-02 9.984529583688015464e-01 -4.745173444883843406e-02 -2.626391165588970011e+00 4.839725856919220859e-01 5.556083867538284815e-02 8.732410056071104876e-01 3.977318992476562443e+01
8.747841975894852240e-01 1.196484145487606166e-03 -4.844405457816628457e-01 -1.522720577319101309e+01 -2.788532488217456903e-02 9.984638852561007472e-01 -4.788973085541448071e-02 -2.684378174449408405e+00 4.836390310086273736e-01 5.540359579964966585e-02 8.734734828778335514e-01 4.069247191988772983e+01
8.730152456180124698e-01 5.046901713544829247e-04 -4.877380843808503119e-01 -1.575466781304343655e+01 -2.723686115757194617e-02 9.984891132328929109e-01 -4.772207338299604140e-02 -2.737542924341616057e+00 4.869766594658627157e-01 5.494934382332758438e-02 8.717100695739300464e-01 4.162513443520731471e+01
8.719352990614070986e-01 -1.029646946589846601e-03 -4.897001618953770730e-01 -1.627726227478450127e+01 -2.485088237310469766e-02 9.986158126078548136e-01 -4.634356186231883973e-02 -2.811402321867126464e+00 4.890701222573212159e-01 5.257491959921288538e-02 8.707028603842661418e-01 4.255167048710386268e+01
8.693625618669647004e-01 -1.610382567229654786e-03 -4.940947162132044990e-01 -1.681951257120533327e+01 -2.213778270541720203e-02 9.988639398362331168e-01 -4.220441114513118208e-02 -2.865193256337610350e+00 4.936012908794937259e-01 4.763095004091174450e-02 8.683389689922981214e-01 4.348682092503673147e+01
8.666255695849306440e-01 -4.195302745406707858e-04 -4.990036459087245357e-01 -1.736382856927142271e+01 -2.081220014830143655e-02 9.990990224039800749e-01 -3.699831114787806990e-02 -2.928592538168143466e+00 4.985696163304557671e-01 4.244924946369042773e-02 8.658358170801507825e-01 4.441622583956374370e+01
8.637302222473980384e-01 -1.756508644020032556e-03 -5.039756475565161375e-01 -1.791144250774911839e+01 -1.873282180492043952e-02 9.991909871237977248e-01 -3.558571693780074319e-02 -2.986306497944145377e+00 5.036304555334260025e-01 4.017585698021904073e-02 8.629983949302569846e-01 4.533063524845094605e+01
8.576777879722177200e-01 -4.442110468933698278e-03 -5.141615054795855011e-01 -1.847146849452213502e+01 -1.735056540130812744e-02 9.991432543204552541e-01 -3.757864038136726759e-02 -3.035967573630641070e+00 5.138877031970718878e-01 4.115373617793127020e-02 8.568657219475922515e-01 4.624986288018102698e+01
8.521524808995444289e-01 -7.918970384442570662e-03 -5.231884074451212951e-01 -1.903197374167420719e+01 -1.552363929043544880e-02 9.990627561472024132e-01 -4.039540667017906678e-02 -3.098035735228477972e+00 5.230178758829761021e-01 4.254666753403872625e-02 8.512310448631961179e-01 4.715858140516642294e+01
8.465271229864796965e-01 -7.663172269045799741e-03 -5.321681507178642745e-01 -1.961485080837076467e+01 -1.616732480194711316e-02 9.990649972557850145e-01 -4.010608007471633263e-02 -3.153280797140820102e+00 5.319777963463244719e-01 4.255848809246748354e-02 8.456117719887229489e-01 4.806817494596491969e+01
8.405360525435477959e-01 -4.032654067916112070e-03 -5.416407853140061679e-01 -2.021164405925429719e+01 -1.767819257652603754e-02 9.992354979437825246e-01 -3.486401175238112993e-02 -3.203288335972574341e+00 5.413672574770308499e-01 3.888132381166517493e-02 8.398223106157278739e-01 4.897060409788646496e+01
8.365271817427468726e-01 -1.152889867073729046e-03 -5.479887373051187671e-01 -2.081064650207025579e+01 -1.825054035799792210e-02 9.993841618068532995e-01 -2.996179544992256388e-02 -3.259192531911231594e+00 5.476860440284880838e-01 3.506147870133746042e-02 8.359910745869967297e-01 4.986629428482313386e+01
8.314488371922320598e-01 -5.223907826253075147e-04 -5.556088454143686128e-01 -2.142250576813907870e+01 -2.037958572471295846e-02 9.992978821548946788e-01 -3.142997072507282968e-02 -3.310747131237123053e+00 5.552352922056141837e-01 3.745374587117034776e-02 8.308544664515186140e-01 5.075348442469865518e+01
8.281551386853408525e-01 -2.311060989270227566e-03 -5.605872751984144475e-01 -2.203262847422759307e+01 -2.151298224831100364e-02 9.991234700459324936e-01 -3.589477772129832239e-02 -3.360301929652143915e+00 5.601791453995627057e-01 4.178120399010708946e-02 8.273795896253552939e-01 5.162892901221048447e+01
8.261112213085471945e-01 -4.348418681899138445e-03 -5.635604231257830277e-01 -2.264666307716106886e+01 -2.377469988666863765e-02 9.988106797401224979e-01 -4.256258712139544126e-02 -3.415620630602864694e+00 5.630754150705551409e-01 4.855916845690438910e-02 8.250255038127807250e-01 5.251171306361638358e+01
8.226382417113162759e-01 -5.003010258019408366e-03 -5.684456431448662306e-01 -2.326701184178505244e+01 -2.410719392077170786e-02 9.987550159427853735e-01 -4.367242798642460844e-02 -3.474818703992883506e+00 5.679562704482951085e-01 4.963408523727251553e-02 8.214936790104798714e-01 5.338607818096857471e+01
8.201697915555823393e-01 -2.825565988098343966e-03 -5.721700904070230465e-01 -2.388948534815014568e+01 -2.425308331125178990e-02 9.989171187936856100e-01 -3.970976759008654905e-02 -3.534794984336728341e+00 5.716631103361798916e-01 4.644168350564304576e-02 8.192130912719784996e-01 5.427126371454755827e+01
8.169624596882330003e-01 -9.728354973532978879e-04 -5.767986389891298638e-01 -2.453201600555248874e+01 -2.267449771585601861e-02 9.991709718966010900e-01 -3.379584772784632873e-02 -3.589154786124960417e+00 5.763534692094903766e-01 4.068558121412139267e-02 8.162633260178578931e-01 5.515139899553082614e+01
8.129589067291641546e-01 9.010693535649200734e-04 -5.823418593228045781e-01 -2.516872618532630312e+01 -2.309435266269403361e-02 9.992618565927090524e-01 -3.070182016581575121e-02 -3.642304619346280692e+00 5.818844833563893149e-01 3.841140118943685983e-02 8.123797067441976827e-01 5.602760101015444150e+01
8.106910070872300755e-01 2.481831554166946154e-03 -5.853971918900328086e-01 -2.581114730254157408e+01 -2.534557190118447156e-02 9.992021314361991813e-01 -3.085856256314870386e-02 -3.689287765136940234e+00 5.848535669293966066e-01 3.985725888617462631e-02 8.101072834774560860e-01 5.690195125689538003e+01
8.069259730072002590e-01 7.002933349867059617e-04 -5.905737946438165409e-01 -2.646735088475227116e+01 -2.461242001480992009e-02 9.991704224655857391e-01 -3.243838764110888034e-02 -3.738773191093385684e+00 5.900611026897008005e-01 4.071319677615317656e-02 8.062740359504014798e-01 5.776789787842074730e+01
8.029681956522480846e-01 -2.224419863852179075e-03 -5.959414832505167681e-01 -2.712303110469356682e+01 -2.376573564150897405e-02 9.990781582494761004e-01 -3.574845376990840040e-02 -3.794989058924445935e+00 5.954717215200298064e-01 4.286908441277679366e-02 8.021752285109958747e-01 5.863991720809870856e+01
7.991283825741657409e-01 -3.180054688098545457e-03 -6.011374065143120227e-01 -2.777638620156777804e+01 -2.290475498703191046e-02 9.990986728750657075e-01 -3.572520446675121752e-02 -3.846374766353998442e+00 6.007092257069178709e-01 4.231797007406885858e-02 7.983353897144955802e-01 5.950208571314636430e+01
7.944772730665083937e-01 -3.267670835978042729e-03 -6.074244915817632595e-01 -2.845229006454236043e+01 -2.191541232159214744e-02 9.991798209849842571e-01 -3.403538135625644445e-02 -3.899965248855751021e+00 6.070378123424198247e-01 4.034673806221646120e-02 7.937542499998687662e-01 6.036628985163807215e+01
7.903947617650211033e-01 -3.034319294369601776e-03 -6.125364666797522561e-01 -2.913294457332914789e+01 -2.202887250762668517e-02 9.992002680474368903e-01 -3.337744597224696907e-02 -3.946235010657988429e+00 6.121481395961925198e-01 3.987344887768888568e-02 7.896957178300592073e-01 6.122080277152915784e+01
7.846669523793907697e-01 -3.728424196574158574e-03 -6.198376085218870735e-01 -2.981781702491939612e+01 -2.230866475479509337e-02 9.991643881962324336e-01 -3.424561297494211481e-02 -4.006919225702875842e+00 6.194472719329729982e-01 4.070084995150170110e-02 7.839280540700678257e-01 6.207646334895519402e+01
7.796838025405549155e-01 -5.511970714414644347e-03 -6.261589479036056005e-01 -3.052844320003697831e+01 -2.066149475954315307e-02 9.991903702680778876e-01 -3.452773226979869575e-02 -4.053604459213110189e+00 6.258424452022112172e-01 3.985807663944927748e-02 7.789385179262307002e-01 6.292765923584287435e+01
7.748006768533886035e-01 -6.736300375519338468e-03 -6.323407241871880080e-01 -3.123360421332680659e+01 -2.009464452560230999e-02 9.991755826667422236e-01 -3.526680365486059565e-02 -4.100828263888283587e+00 6.320574425552623055e-01 4.002360890183784964e-02 7.740264007543750102e-01 6.377407871913791837e+01
7.683672125003015996e-01 -8.059447868052181316e-03 -6.398898498375932276e-01 -3.194618409182480434e+01 -2.017883302675924778e-02 9.991184794653992229e-01 -3.681645824592560262e-02 -4.162782163536839164e+00 6.396227606201267957e-01 4.119997273378941255e-02 7.675272684682594715e-01 6.461725657882267626e+01
7.635278131608345120e-01 -9.708237307887003856e-03 -6.456756057516616076e-01 -3.267010295698261757e+01 -1.878241307657028611e-02 9.991300384504103738e-01 -3.723019596287420463e-02 -4.217545793742281113e+00 6.454753062464598790e-01 4.055623521761107103e-02 7.626812749756692877e-01 6.546257579988228770e+01
7.566036979875337964e-01 -1.046915128232467351e-02 -6.536900364450104473e-01 -3.340191441607129264e+01 -1.834665265445786439e-02 9.991382831614701310e-01 -3.723457980844541854e-02 -4.273785717999288636e+00 6.535166797129112748e-01 4.016546197456313111e-02 7.557595099207899958e-01 6.630061499946027936e+01
7.511391364671506921e-01 -1.066507352906736691e-02 -6.598698541810922302e-01 -3.415307728610057580e+01 -1.703850854075754026e-02 9.992232420245548141e-01 -3.554145982673562187e-02 -4.326537183301340406e+00 6.597361816149530656e-01 3.794442057195374779e-02 7.503739176852050052e-01 6.714779522142168844e+01
7.449111490421339576e-01 -1.129474052280591938e-02 -6.670120662972359726e-01 -3.490635975574430461e+01 -1.588393610303882875e-02 9.992730389102403299e-01 -3.465421181248955901e-02 -4.376697988979534770e+00 6.669182900018373328e-01 3.641425874165216819e-02 7.441901645027649836e-01 6.796963238415565911e+01
7.387760071598707956e-01 -1.300452514762000245e-02 -6.738634587671179510e-01 -3.567376079105664388e+01 -1.453508442494165324e-02 9.992738953532558366e-01 -3.522090184058404572e-02 -4.439088463760254122e+00 6.738319767657152681e-01 3.581802491033094643e-02 7.380504826759300974e-01 6.879364645797663513e+01
7.314869749376744501e-01 -1.521397976138266946e-02 -6.817836131344694461e-01 -3.645435839447068815e+01 -1.334958595736402548e-02 9.992398679729889155e-01 -3.662879404777404091e-02 -4.496490410944313787e+00 6.818226013119564888e-01 3.589509491845230965e-02 7.307278465920528099e-01 6.962953769499367240e+01
7.264645836040047877e-01 -1.444210158524133342e-02 -6.869511672316709339e-01 -3.724216839187306505e+01 -1.467538357983440810e-02 9.992251440656780836e-01 -3.652543771475177253e-02 -4.551693138102716141e+00 6.869463745723597414e-01 3.661540623709889919e-02 7.256897503080700362e-01 7.043960902719778971e+01
7.206693820085225965e-01 -1.386341124654336815e-02 -6.932036122242892784e-01 -3.803965079520563819e+01 -1.495531465340285693e-02 9.992564921394171407e-01 -3.552477572418407531e-02 -4.594037858392748142e+00 6.931807418102204910e-01 3.596532505889102338e-02 7.199262443441868387e-01 7.124574472457170771e+01
7.166518841417900409e-01 -1.285062054487322650e-02 -6.974384162211515470e-01 -3.884589456304338029e+01 -1.626989287482417598e-02 9.992500981258656267e-01 -3.512934283586705009e-02 -4.658802978278330009e+00 6.973670585832011382e-01 3.651696302249207021e-02 7.159053569237810999e-01 7.206312169674779966e+01
7.109312443098044776e-01 -1.430216850702305253e-02 -7.031301920172591258e-01 -3.966689885761835654e+01 -1.531758356477993729e-02 9.992411444885307414e-01 -3.581252504751476079e-02 -4.714289033068888912e+00 7.031090659482702732e-01 3.622528821771860141e-02 7.101726791795702765e-01 7.288088532868759728e+01
7.060680638175820256e-01 -1.652416458815875178e-02 -7.080858180425301240e-01 -4.049773345425532511e+01 -1.582866957806146682e-02 9.991096876456606601e-01 -3.910706384554931553e-02 -4.774666373585041867e+00 7.081018540955498208e-01 3.881937928593828108e-02 7.051778164688865536e-01 7.368880483695296846e+01
7.021033521859196824e-01 -1.881371469742802727e-02 -7.118193855810276416e-01 -4.132901939559160809e+01 -1.579458091658279828e-02 9.989935124197730776e-01 -4.197938051630974166e-02 -4.834670109455506015e+00 7.118925971312188850e-01 4.072131030995754936e-02 7.010994831077780320e-01 7.450039186009230718e+01
6.966296715382345184e-01 -1.854559432667897065e-02 -7.171742893264815288e-01 -4.217573247405204029e+01 -1.627574634301224427e-02 9.990000172524940991e-01 -4.163796922366847647e-02 -4.901247143565663045e+00 7.172295127754946265e-01 4.067754255142880943e-02 6.956313523736699089e-01 7.530544222498998863e+01
6.916760265726104029e-01 -1.889383645729877242e-02 -7.221189386480876271e-01 -4.303655857297869858e+01 -1.528246022365828578e-02 9.990509870011013982e-01 -4.077651334394185451e-02 -4.957774307458260310e+00 7.222044736350712313e-01 3.923591765262952891e-02 6.907309112691227826e-01 7.611281276631423509e+01
6.870733607088027606e-01 -1.851064689235541738e-02 -7.263362136634083921e-01 -4.390066558944335640e+01 -1.517064441062578213e-02 9.990920238620205618e-01 -3.981069968690229000e-02 -5.023515379167091233e+00 7.264137516202832101e-01 3.837150589908737419e-02 6.861687380869530006e-01 7.690073671862070626e+01
6.820396325916010527e-01 -1.899493167929507467e-02 -7.310029463648384240e-01 -4.476235382237449301e+01 -1.437878742014605214e-02 9.991211443810369408e-01 -3.938239056929355997e-02 -5.092598593781771044e+00 7.311083554802454421e-01 3.737412341899885165e-02 6.811672159434695173e-01 7.770265135390280875e+01
6.785256565433630538e-01 -2.006809772668594755e-02 -7.344594861284280407e-01 -4.563527415531816445e+01 -1.367926393745275832e-02 9.991082023144309820e-01 -3.995433722445267816e-02 -5.146208896778356134e+00 7.346065458838435536e-01 3.715487260304985162e-02 6.776460636275577487e-01 7.850983150342207750e+01
6.728413927276879480e-01 -1.993116474758201834e-02 -7.396184202037482391e-01 -4.653242947371607841e+01 -1.390670757008288967e-02 9.991195418348155499e-01 -3.958078957923388125e-02 -5.212588905132964356e+00 7.397566102836344859e-01 3.691137077758010338e-02 6.719718132783780717e-01 7.929248755782779767e+01
6.688748150376619961e-01 -2.174530134151892932e-02 -7.430828095929915555e-01 -4.742619785245596375e+01 -1.082024955558319283e-02 9.991813253458180499e-01 -3.897352694036769483e-02 -5.272989716489195011e+00 7.433225537434886565e-01 3.410102677566687751e-02 6.680919428265116311e-01 8.008730964109327033e+01
6.656396551029667430e-01 -2.511231620446286936e-02 -7.458390534581903486e-01 -4.831572327480357387e+01 -7.366545574781645407e-03 9.991639118517058327e-01 -4.021147709443791823e-02 -5.338194464527195926e+00 7.462252268064969440e-01 3.226570597508307547e-02 6.648979162949916200e-01 8.088240969443903339e+01
6.609874423892212469e-01 -2.860168185740102550e-02 -7.499469007940753329e-01 -4.922719920865832677e+01 -5.263914945212992691e-03 9.990720158035255594e-01 -4.273796062813364077e-02 -5.405328357162603403e+00 7.504737186419327966e-01 3.219425855136300724e-02 6.602233586941553822e-01 8.166953303632566019e+01
6.560353603319831750e-01 -3.391970199759229698e-02 -7.539172701882779215e-01 -5.013468132799187060e+01 -1.646160357689666705e-04 9.989833455925443140e-01 -4.508575751533966391e-02 -5.464278552345257722e+00 7.546795287357501714e-01 2.971180278385952139e-02 6.553623489537077074e-01 8.246209250434868920e+01
6.499981607043080478e-01 -3.876847961063848574e-02 -7.589400571915226879e-01 -5.105675364997214416e+01 6.568252279173979191e-03 9.989471650815310300e-01 -4.539907034503761624e-02 -5.535614356112226631e+00 7.599013319955655321e-01 2.452230087366586569e-02 6.495683251083264054e-01 8.325525604713179462e+01
6.416974245907758334e-01 -4.147979061513658305e-02 -7.657252534543943501e-01 -5.199753680908714415e+01 1.047376169740368498e-02 9.989169638644201932e-01 -4.533075356380917437e-02 -5.605830958777849204e+00 7.667765259890625407e-01 2.106117384026850309e-02 6.414372344123885350e-01 8.402845877120611817e+01
6.341766138405454667e-01 -4.252716623450440714e-02 -7.719076924428776021e-01 -5.293684964843734519e+01 1.400348055515987684e-02 9.989545646420419089e-01 -4.351356865559478232e-02 -5.682858802525139197e+00 7.729510195898947611e-01 1.679186457933821985e-02 6.341085709490230649e-01 8.481183101434150728e+01
6.243154250204520084e-01 -4.219916805131226911e-02 -7.800150271410993819e-01 -5.390023716699542433e+01 1.593948631821684447e-02 9.990200028568230195e-01 -4.128639829050172183e-02 -5.744297364129475447e+00 7.809930076428872603e-01 1.333988024840259377e-02 6.243764094144427235e-01 8.557426176282305619e+01
6.148109002439421378e-01 -4.105670658141528234e-02 -7.875809647301346139e-01 -5.488028533151549482e+01 1.519785842934762328e-02 9.990754354713984320e-01 -4.021807842040485415e-02 -5.815219182903866191e+00 7.885038686640970518e-01 1.275896575455517240e-02 6.148663965615761562e-01 8.632785114897886558e+01
6.068514688631888587e-01 -4.232031467059195473e-02 -7.936853702335383565e-01 -5.586290134372401184e+01 1.327295303683278388e-02 9.989821088447414787e-01 -4.310972487180304152e-02 -5.883511003122277039e+00 7.947017121391610761e-01 1.563160832461832350e-02 6.067950252736372674e-01 8.707608486664678082e+01
5.963276956415379804e-01 -4.512949093273990742e-02 -8.015547185143753195e-01 -5.685769294009143238e+01 1.521395964876406763e-02 9.988743285835358643e-01 -4.491792169080072172e-02 -5.954604917409416664e+00 8.026803834356562861e-01 1.458499944607467846e-02 5.963432238065422553e-01 8.780098526113114588e+01
5.868761085105040909e-01 -4.554567592112091640e-02 -8.084806231787347031e-01 -5.787393526267597821e+01 1.456986774065994680e-02 9.988491027761513541e-01 -4.568612949369220411e-02 -6.021533195398355076e+00 8.096314937326670735e-01 1.503319663661816484e-02 5.868640907763331693e-01 8.852849662154237365e+01
5.765601345529495214e-01 -4.678041885627384766e-02 -8.156665504842619541e-01 -5.889549336331756990e+01 1.820477684337494517e-02 9.988475612531007020e-01 -4.441547849365234252e-02 -6.094137337932282961e+00 8.168037103120262543e-01 1.076651265388240894e-02 5.767468690514327978e-01 8.924783049589710515e+01
5.657270813816819288e-01 -4.678046397175334575e-02 -8.232225334365295133e-01 -5.992975604225854624e+01 2.003424284694322807e-02 9.988746085801176733e-01 -4.300593722253181345e-02 -6.166628113122208710e+00 8.243071558174845936e-01 7.842037816302101921e-03 5.660276707140123875e-01 8.995263569546125382e+01
5.556625858797469286e-01 -4.780336654752707221e-02 -8.300619196874928774e-01 -6.097258695875860468e+01 2.080531242663625699e-02 9.988321586720440015e-01 -4.361284688297051987e-02 -6.234565531776538272e+00 8.311772616629322652e-01 6.963057229802608293e-03 5.560088693970313134e-01 9.065173594186744310e+01
5.464410255450458109e-01 -4.822225150836145779e-02 -8.360403206292993383e-01 -6.202729072099324270e+01 2.016511056895969878e-02 9.988090799528723807e-01 -4.441946783903435308e-02 -6.306636577470235316e+00 8.371871056079591700e-01 7.407470705607120676e-03 5.467627171301032707e-01 9.133380385219200548e+01
5.359735978700566061e-01 -4.884752261122590755e-02 -8.426277230314068722e-01 -6.310539484666117716e+01 1.943928808111892309e-02 9.987744054487380785e-01 -4.554059230449774426e-02 -6.379399339420234405e+00 8.438180658446149396e-01 8.039178289374684927e-03 5.362659241409224453e-01 9.200272831485054326e+01
5.260731846592394678e-01 -4.992474525813451330e-02 -8.489069979905581320e-01 -6.418097421011718495e+01 1.883293130281667865e-02 9.987144527305185093e-01 -4.706948510557645154e-02 -6.453585982864145087e+00 8.501650848717740017e-01 8.774571679985548878e-03 5.263374122013065870e-01 9.266012603205430764e+01
