1.0 0.0 0.0 0.0 0.0 1.0 0.0 0.0 0.0 0.0 1.0 0.0
0.9999484 0.010115777 0.0009363998 0.29089355 -0.010111659 0.99993956 -0.004304054 -0.017456055 -0.0009798926 0.004294363 0.9999903 0.005859375
0.9998385 0.01793462 0.001211276 0.5863037 -0.017927699 0.9998242 -0.0054992405 -0.026977539 -0.001309695 0.0054766363 0.99998415 0.009765625
0.99980474 0.019767594 0.00027543344 0.8778076 -0.019764874 0.9997749 -0.0077348547 -0.036865234 -0.0004282265 0.0077279015 0.99997 0.016723633
0.9998281 0.018484673 -0.0014136444 1.1833496 -0.01849758 0.9997814 -0.0097356 -0.04284668 0.0012333245 0.009760081 0.9999516 0.015991211
0.9999295 0.011501846 -0.0029584796 1.5048828 -0.011536083 0.99986345 -0.011834433 -0.040771484 0.0028219807 0.0118677225 0.9999256 0.013671875
0.9999903 -0.00022849458 -0.004398115 1.831543 0.00016909919 0.9999088 -0.013505648 -0.032836914 0.0044008 0.013504772 0.99989915 0.022705078
0.9998617 -0.01591335 -0.0048298934 2.1618652 0.015851269 0.9997945 -0.012632631 -0.017456055 0.005029975 0.012554344 0.9999085 0.030151367
0.99938196 -0.034825653 -0.0047112224 2.5092773 0.034785345 0.9993593 -0.008382115 0.007080078 0.00500026 0.008213022 0.99995375 0.032470703
0.99852544 -0.053969603 -0.0058994293 2.864502 0.05394144 0.9985327 -0.004832578 0.044311523 0.006151633 0.0045072865 0.9999709 0.036743164
0.99725795 -0.073711276 -0.0064484477 3.2211914 0.07368606 0.9972724 -0.0040646596 0.083496094 0.006730457 0.0035783013 0.999971 0.041381836
0.9955339 -0.09422939 -0.0055815233 3.607666 0.09419838 0.9955368 -0.005581139 0.12756348 0.0060826 0.0050304043 0.9999688 0.04638672
0.9933695 -0.114893295 -0.0044978014 3.9957275 0.11485798 0.9933558 -0.0074486686 0.18078613 0.0053237844 0.0068827253 0.99996215 0.0501709
0.9911855 -0.13237633 -0.0042994097 4.390503 0.13234681 0.9911771 -0.006549974 0.24536133 0.005128775 0.005923078 0.9999693 0.055908203
0.9889932 -0.14794093 -0.0035773572 4.8045654 0.14791802 0.98898494 -0.0059951628 0.3149414 0.0044246097 0.0053999643 0.9999756 0.061645508
0.9869025 -0.16128996 -0.0034040841 5.227417 0.16127205 0.9868986 -0.005010076 0.40283203 0.004167293 0.004395466 0.99998164 0.068725586
0.98476166 -0.17386405 -0.0045577455 5.666382 0.17382947 0.98475254 -0.007125243 0.48364258 0.0057269805 0.0062242695 0.99996424 0.07092285
0.98318803 -0.18251358 -0.0062889745 6.1119385 0.18244562 0.98316914 -0.010078615 0.56933594 0.008022386 0.00876213 0.9999294 0.08178711
0.9815629 -0.19093478 -0.0077869315 6.5754395 0.19086403 0.98156625 -0.00900195 0.6660156 0.009362465 0.0073495796 0.9999292 0.08862305
0.98015064 -0.1980143 -0.009549778 7.048218 0.19793169 0.980173 -0.008945216 0.7692871 0.0111315865 0.00687763 0.9999144 0.08935547
0.9785107 -0.20589808 -0.012011697 7.5371094 0.20579097 0.9785601 -0.009568744 0.8769531 0.013724463 0.006891461 0.99988204 0.09423828
0.97669643 -0.21421705 -0.013179911 8.040161 0.2140363 0.97672653 -0.013879003 0.9838867 0.015846182 0.010734524 0.99981695 0.10241699
0.9752227 -0.22086921 -0.012829973 8.557373 0.22059682 0.9751683 -0.019767672 1.098877 0.016878214 0.016448079 0.99972224 0.11401367
0.9731611 -0.2296602 -0.014511475 9.085449 0.22935204 0.9731321 -0.020211386 1.2202148 0.018763792 0.016341634 0.99969053 0.13085938
0.97125316 -0.2372089 -0.020126238 9.618042 0.23689596 0.9713934 -0.016761411 1.368042 0.023526357 0.011513223 0.99965703 0.1307373
0.96884376 -0.24655107 -0.023703437 10.164307 0.24628988 0.9691071 -0.0134198265 1.5227051 0.026279368 0.0071652187 0.9996291 0.14660645
0.9664577 -0.2555713 -0.025422502 10.723267 0.25522837 0.96675056 -0.015983995 1.6685791 0.02866193 0.008960817 0.99954915 0.16101074
0.964243 -0.2637045 -0.026702525 11.291016 0.26331085 0.96456355 -0.017382864 1.8244629 0.030339453 0.009731728 0.9994924 0.18798828
0.96199936 -0.27139813 -0.030096382 11.880005 0.27098718 0.9624345 -0.017061934 2.0013428 0.03359639 0.00825916 0.99940157 0.20507812
0.9596234 -0.27939075 -0.03316741 12.476685 0.2789688 0.9601717 -0.016826298 2.182251 0.036546074 0.006895761 0.99930817 0.2241211
0.9574976 -0.28600532 -0.037641875 13.061035 0.28550887 0.95821506 -0.018078433 2.3619385 0.04123795 0.0065630255 0.9991277 0.24914551
0.9550706 -0.29283366 -0.04568494 13.680054 0.2922548 0.95615023 -0.019021558 2.560913 0.04925291 0.004817429 0.9987752 0.28112793
0.953525 -0.2963405 -0.054403536 14.31189 0.2957217 0.95507294 -0.019277373 2.7631836 0.057672843 0.0022920547 0.9983329 0.31237793
0.95201826 -0.29942232 -0.06348039 14.944214 0.29879972 0.95413184 -0.019309584 2.9683838 0.06634898 -0.0005810438 0.99779665 0.35144043
0.94987684 -0.30415156 -0.07240406 15.587036 0.3036012 0.9526219 -0.018751644 3.1871338 0.07467851 -0.0041631013 0.99720037 0.39233398
0.9481945 -0.3073296 -0.08057143 16.247559 0.30691674 0.951579 -0.01776436 3.4091797 0.082129896 -0.0078832535 0.9965903 0.44458008
0.9459553 -0.31225705 -0.08781926 16.913452 0.31209436 0.94994295 -0.015924254 3.6362305 0.08839529 -0.012338141 0.99600893 0.50219727
0.9435391 -0.31731498 -0.095075384 17.590088 0.31731573 0.9481917 -0.015514763 3.8771973 0.09507271 -0.015536882 0.99534726 0.56591797
0.9416098 -0.32117808 -0.10103506 18.281128 0.3215363 0.94680125 -0.013163092 4.1292725 0.09988913 -0.02009226 0.99479616 0.6320801
0.93957996 -0.32563442 -0.10568387 18.983887 0.32643095 0.94517463 -0.010151347 4.38855 0.10319735 -0.024955649 0.99434876 0.7050781
0.9380891 -0.32901427 -0.10837059 19.697266 0.329981 0.9439441 -0.009405784 4.649414 0.10539053 -0.02693735 0.9940655 0.78063965
0.93506545 -0.33767518 -0.107698515 20.421875 0.3387104 0.9408316 -0.009094859 4.9158936 0.104396895 -0.02797989 0.99414164 0.8634033
0.93336076 -0.34291133 -0.10592171 21.153687 0.34396583 0.93892443 -0.0087239165 5.192749 0.102444746 -0.0282926 0.9943372 0.94628906
0.9311406 -0.34943375 -0.104518615 21.898804 0.35049224 0.9365547 -0.008666273 5.4764404 0.10091372 -0.028561685 0.99448323 1.0284424
0.9295218 -0.35446802 -0.10164963 22.635376 0.35554114 0.93462324 -0.007982096 5.765747 0.097830415 -0.028726427 0.9947869 1.1135254
0.9253694 -0.3664955 -0.09694113 23.4021 0.36773986 0.9299269 -0.0053475173 6.0792236 0.09210865 -0.030697815 0.9952757 1.190918
0.9229408 -0.37378246 -0.09224021 24.15332 0.3751006 0.92699933 -0.0032623212 6.4000244 0.086724326 -0.03157779 0.9957328 1.2718506
0.91978824 -0.3819181 -0.090280995 24.909912 0.38351396 0.9235474 0.00035167672 6.7264404 0.08324201 -0.034944575 0.99591625 1.3450928
0.9166498 -0.38979152 -0.088349804 25.672363 0.39142802 0.92020506 0.0012958783 7.060791 0.08079375 -0.035782184 0.9960862 1.4193115
0.9125666 -0.39936286 -0.08804615 26.451538 0.40112734 0.9160289 0.0025832455 7.407959 0.07962149 -0.037668224 0.996114 1.4951172
0.90879226 -0.40805483 -0.08721038 27.226196 0.40977308 0.91219676 0.001975842 7.763794 0.07874491 -0.037536502 0.99618644 1.5605469
0.90530324 -0.41595092 -0.08609721 28.01709 0.41775042 0.90855664 0.003204093 8.137573 0.076892 -0.0388649 0.9962821 1.6273193
0.90115714 -0.42529538 -0.08385539 28.81372 0.42699856 0.9042449 0.0026449508 8.519897 0.07470129 -0.0381941 0.9964737 1.7016602
0.89869833 -0.43124998 -0.07933817 29.604126 0.43272904 0.9014853 0.0015996753 8.904785 0.070829295 -0.03578397 0.9968449 1.7739258
0.8953853 -0.43911946 -0.074510254 30.42102 0.44062832 0.89773303 0.00429298 9.309448 0.065001234 -0.03667676 0.99720925 1.8334961
0.8918905 -0.44674098 -0.07021794 31.228271 0.44807383 0.8939763 0.00365613 9.717651 0.061137907 -0.034725286 0.99752486 1.9049072
0.8877482 -0.45535168 -0.06769122 32.049683 0.45660928 0.8896734 0.0035507088 10.144165 0.05861079 -0.034057524 0.9977004 1.9604492
0.88481677 -0.46120483 -0.06642985 32.88452 0.462374 0.8866952 0.002541736 10.585083 0.057734765 -0.032967422 0.9977873 2.0269775
0.8834212 -0.4641699 -0.064483516 33.729004 0.46526664 0.8851913 0.0022857965 11.033813 0.056022704 -0.03200841 0.99791753 2.072754
0.8797644 -0.4712005 -0.062443577 34.572876 0.4722092 0.8814366 0.0015961633 11.495972 0.054290265 -0.030897556 0.9980472 2.1281738
0.87693053 -0.47669652 -0.06157628 35.423706 0.47761747 0.87859 0.00027385005 11.964111 0.053971153 -0.029649729 0.99810207 2.1849365
0.8759566 -0.47838384 -0.061650075 36.28784 0.47928527 0.87763166 -0.00019278936 12.442993 0.05419775 -0.029382506 0.9980977 2.2418213
0.8739066 -0.4820546 -0.062486246 37.166138 0.48297355 0.875631 -0.00045245 12.934692 0.054933317 -0.029782023 0.998046 2.2945557
0.8734825 -0.48287523 -0.061660357 38.0542 0.48382273 0.8751321 0.00050405227 13.434082 0.053719193 -0.030271929 0.99809766 2.3511963
0.8741291 -0.48194796 -0.059823148 38.953003 0.48281592 0.87569505 6.9208676e-05 13.942139 0.052355733 -0.028942645 0.9982095 2.4086914
0.873195 -0.48369205 -0.0586411 39.852173 0.48443878 0.87474674 -0.001680609 14.454346 0.052112054 -0.026947215 0.9982781 2.4685059
0.8734312 -0.48335248 -0.05848473 40.772705 0.48403382 0.87500554 -0.0028349932 14.96936 0.052547414 -0.025833458 0.9982848 2.5245361
0.87166965 -0.48668948 -0.058047038 41.707275 0.48732793 0.87323713 -0.0035634155 15.49353 0.052419063 -0.025177492 0.99830765 2.5759277
0.8706687 -0.48878664 -0.05568497 42.635742 0.4892908 0.87215066 -0.0051245615 16.013062 0.051068056 -0.022785153 0.9984346 2.6484375
0.8683099 -0.49334025 -0.050761696 43.573364 0.49371406 0.8695612 -0.005765755 16.551636 0.046986334 -0.02005786 0.99869436 2.7019043
0.86580664 -0.49834198 -0.04560015 44.50537 0.4986717 0.86680424 -0.0046404633 17.092163 0.041840207 -0.018714525 0.9989495 2.7653809
0.86297476 -0.5034076 -0.04335101 45.42224 0.50364584 0.8639033 -0.0060379137 17.635864 0.040490437 -0.016623821 0.99904156 2.8220215
0.8568488 -0.5136476 -0.044376966 46.344727 0.5137975 0.8578619 -0.008835866 18.190186 0.042607132 -0.015227025 0.9989761 2.8695068
0.85122335 -0.5227543 -0.045813788 47.25659 0.52277863 0.8523504 -0.012412224 18.74524 0.04553564 -0.013389854 0.9988725 2.9291992
0.8456024 -0.53171813 -0.045860864 48.169434 0.5317616 0.8467285 -0.012259913 19.322998 0.04535389 -0.014020215 0.998873 2.9832764
0.8398032 -0.5411472 -0.042214073 49.07544 0.54129875 0.8407206 -0.008747532 19.914795 0.040224344 -0.01551028 0.99907005 3.0339355
0.8359652 -0.5475006 -0.03841408 49.97412 0.5477039 0.83669335 -0.005949752 20.509766 0.03539833 -0.01606623 0.99924386 3.090454
0.83082294 -0.5550442 -0.04083322 50.864258 0.5553158 0.83162725 -0.0054043587 21.117065 0.03695666 -0.018189171 0.999151 3.140625
0.8273491 -0.5599601 -0.045182332 51.741943 0.56024665 0.8283572 -0.0072421376 21.723389 0.04148059 -0.019323714 0.99895185 3.1878662
0.8249945 -0.5628159 -0.05197405 52.626465 0.5631533 0.8263479 -0.009299798 22.334229 0.048181042 -0.021592665 0.998605 3.2401123
0.82146305 -0.5676901 -0.053066935 53.503418 0.56802505 0.82288307 -0.01001149 22.950806 0.049352057 -0.021923028 0.9985408 3.2982178
0.8191776 -0.5714238 -0.04988459 54.391113 0.5717948 0.8203984 -0.007885516 23.570068 0.045435224 -0.022058876 0.998724 3.3587646
0.8162269 -0.57615066 -0.04414216 55.27417 0.576482 0.81716377 -0.0061016143 24.209106 0.03958257 -0.020467034 0.9990061 3.4145508
0.8123382 -0.5817028 -0.041883342 56.15332 0.5820615 0.81314874 -0.004301007 24.842041 0.03655839 -0.020878384 0.99911356 3.4681396
0.81005764 -0.58467484 -0.043335844 57.029785 0.5851256 0.8108862 -0.002755202 25.481567 0.036750022 -0.023128403 0.9990566 3.5145264
0.8062292 -0.5898705 -0.044212345 57.898438 0.5902776 0.8071299 -0.0045986148 26.133911 0.038397353 -0.022394404 0.99901134 3.5631104
0.8021379 -0.59525794 -0.046391193 58.773193 0.5955995 0.8031892 -0.007584976 26.785522 0.041777868 -0.021549748 0.99889445 3.6177979
0.7983016 -0.6004942 -0.045859 59.638184 0.6007889 0.7993505 -0.008606337 27.435059 0.041823003 -0.020685844 0.99891037 3.6688232
0.7937224 -0.60683227 -0.0439087 60.505615 0.60708827 0.7946925 -0.008776506 28.106812 0.0402159 -0.01969051 0.99899644 3.7227783
0.78966284 -0.6119471 -0.043449704 61.363037 0.6122065 0.7906093 -0.008610224 28.783813 0.03962539 -0.019802675 0.9990186 3.769165
0.7838957 -0.61924124 -0.044300005 62.222168 0.6194956 0.7848897 -0.009395862 29.464111 0.040588908 -0.020082528 0.998974 3.8294678
0.7789135 -0.6256324 -0.04347952 63.07666 0.62580246 0.7799081 -0.011262167 30.170532 0.040957343 -0.018434731 0.9989911 3.8762207
0.77400523 -0.63184226 -0.043665618 63.92627 0.6319698 0.7750307 -0.012565353 30.871582 0.04177887 -0.017868109 0.99896675 3.9233398
0.76750875 -0.63939846 -0.04486358 64.77319 0.6394973 0.768609 -0.013986443 31.579468 0.043430768 -0.017957369 0.9988952 3.9849854
0.7626697 -0.64524704 -0.04423854 65.621826 0.64526844 0.7637721 -0.015712876 32.299316 0.043925025 -0.0165628 0.9988974 4.039917
0.7557507 -0.65328866 -0.043869022 66.46387 0.6532771 0.7568511 -0.016582217 33.026367 0.044039607 -0.016130712 0.9988997 4.0965576
0.7503687 -0.65951765 -0.041663 67.3147 0.6594685 0.751378 -0.01686704 33.773438 0.042434156 -0.014823865 0.9989896 4.1503906
0.7441893 -0.6667046 -0.040151455 68.14038 0.6666129 0.7451463 -0.017596371 34.52234 0.04164693 -0.0136716645 0.99903876 4.201538
0.7380573 -0.67361426 -0.039574265 68.96826 0.67344797 0.73901457 -0.01940095 35.28528 0.042310935 -0.012328404 0.9990285 4.2645264
0.73074347 -0.68159646 -0.03967253 69.80835 0.6813417 0.7317344 -0.021719823 36.061035 0.04383182 -0.011152034 0.9989768 4.3222656
0.7257003 -0.686723 -0.040400118 70.621826 0.6865146 0.7267167 -0.021020444 36.845215 0.043800246 -0.0124847265 0.99896246 4.37854
0.7199348 -0.69296443 -0.039761625 71.43164 0.69277817 0.72091943 -0.02053045 37.638794 0.042887043 -0.012769334 0.99899787 4.4223633
0.71590805 -0.6971548 -0.04031908 72.2522 0.6970223 0.7169045 -0.01957643 38.44165 0.04254939 -0.01408834 0.99899477 4.4884033
0.71018183 -0.70289296 -0.04003924 73.07373 0.7026986 0.7111884 -0.021111282 39.258667 0.043317128 -0.013146008 0.99897486 4.544922
0.7051916 -0.7078679 -0.042646106 73.88501 0.70761305 0.7063476 -0.023398412 40.085693 0.046681885 -0.013668727 0.9988164 4.605591
0.7011196 -0.7116429 -0.044557106 74.69971 0.7113085 0.7024014 -0.025739366 40.913574 0.04960975 -0.013646196 0.99867535 4.6660156
0.6956498 -0.7169833 -0.044520345 75.508545 0.7166673 0.69692975 -0.025550166 41.75647 0.049346082 -0.01413625 0.9986815 4.734253
0.6907533 -0.7219635 -0.043087356 76.31958 0.72161597 0.6919713 -0.025973432 42.613647 0.04855836 -0.013149446 0.99873334 4.7927246
0.68619066 -0.7261791 -0.04222631 77.111084 0.72584295 0.68736494 -0.025656616 43.474365 0.047656603 -0.0130459815 0.9987785 4.8605957
0.681193 -0.7308767 -0.04123504 77.91675 0.7305094 0.6823291 -0.026213743 44.332397 0.04729991 -0.0122636715 0.9988059 4.9315186
0.67767704 -0.7343721 -0.041023217 78.72705 0.733954 0.67881846 -0.027337817 45.20215 0.047923617 -0.011570675 0.9987844 4.9866943
0.6720022 -0.7395256 -0.040784094 79.51367 0.73911625 0.6731353 -0.027280636 46.09558 0.04762806 -0.011809899 0.9987953 5.055298
0.6681366 -0.7430943 -0.037980314 80.31201 0.74257314 0.66915894 -0.029154805 46.986084 0.047079805 -0.008731669 0.99885255 5.11792
0.66496235 -0.74598944 -0.036154043 81.11035 0.74529713 0.6659236 -0.032568768 47.872437 0.048366606 -0.0052872794 0.99881554 5.1846924
0.66030455 -0.7502248 -0.036093585 81.90112 0.7493616 0.66128314 -0.0361213 48.780273 0.050959397 -0.0031983433 0.99869514 5.253174
0.6554746 -0.7544177 -0.033623964 82.69751 0.75327784 0.6563336 -0.041508432 49.684082 0.053379007 0.0018848516 0.9985728 5.3134766
0.64971614 -0.7596381 -0.028448256 83.49512 0.7582655 0.6502821 -0.04644744 50.60205 0.05378209 0.008602684 0.9985154 5.386963
0.6416072 -0.76651615 -0.02499508 84.27344 0.7650325 0.6419725 -0.049275585 51.53833 0.05382788 0.012486307 0.9984719 5.459717
0.6342948 -0.7727025 -0.020729758 85.06177 0.7712216 0.6344322 -0.050431825 52.47339 0.052114677 0.015998455 0.99851274 5.539795
0.62457114 -0.78076005 -0.017278489 85.829834 0.7793477 0.6245533 -0.0502428 53.43213 0.05001992 0.017910672 0.99858737 5.6047363
0.6150585 -0.7882805 -0.016693972 86.58887 0.7869288 0.6150461 -0.049227506 54.407715 0.049073253 0.017142704 0.99864817 5.678955
0.60698736 -0.79446757 -0.01956716 87.3418 0.79300123 0.607113 -0.05058844 55.38623 0.05206202 0.015189515 0.99852824 5.7492676
0.5965543 -0.8024423 -0.018523026 88.07251 0.8008367 0.59659714 -0.053534158 56.37622 0.054003898 0.017095177 0.99839383 5.822998
0.58707756 -0.80939406 -0.018966725 88.80542 0.8077529 0.58715475 -0.0540702 57.388184 0.054887887 0.016418915 0.998357 5.8930664
0.57698023 -0.81657755 -0.014694609 89.53076 0.8149397 0.57682014 -0.05544246 58.405273 0.05374726 0.020019546 0.9983542 5.9696045
0.5662714 -0.82409304 -0.011760973 90.2417 0.8225058 0.565973 -0.05558439 59.43506 0.052471586 0.021812744 0.99838495 6.0462646
0.5562626 -0.83096546 -0.010874605 90.94653 0.82933265 0.55591124 -0.056733828 60.473633 0.05319952 0.0225466 0.99832976 6.117798
0.5470191 -0.836976 -0.011308444 91.63403 0.8353011 0.54669887 -0.0572646 61.524414 0.0541128 0.021869894 0.99829483 6.1936035
0.53652585 -0.8436067 -0.011926934 92.30884 0.8418746 0.5362431 -0.058015265 62.59839 0.055353332 0.021101099 0.998245 6.2702637
0.52660275 -0.84995186 -0.012651513 92.971924 0.8481338 0.526357 -0.059210874 63.66992 0.056995478 0.020453975 0.9981653 6.3482666
0.51663005 -0.85614544 -0.0122066075 93.62378 0.85430485 0.5163697 -0.05971741 64.7522 0.05743328 0.020436527 0.998141 6.430786
0.50733316 -0.86153406 -0.011321631 94.27246 0.85981673 0.5070811 -0.05779414 65.84619 0.055545934 0.019587442 0.99826425 6.51001
0.50066555 -0.8654243 -0.009025946 94.90552 0.8638422 0.5003359 -0.056116294 66.95215 0.053079747 0.020297872 0.99838406 6.5909424
0.49313837 -0.8698858 -0.008261242 95.53662 0.8682988 0.49277478 -0.056431115 68.06665 0.053166464 0.0206504 0.99837196 6.6658936
0.48451787 -0.87457514 -0.007955136 96.15405 0.87288195 0.4841111 -0.058459736 69.194824 0.05498597 0.02138925 0.99825853 6.744751
0.48006272 -0.87718016 -0.0056744125 96.76636 0.8753196 0.479448 -0.06231942 70.309326 0.05737969 0.024949692 0.9980407 6.824951
0.47231078 -0.8813989 -0.00543335 97.37671 0.87935084 0.47161788 -0.06549963 71.44458 0.060287602 0.0261501 0.9978379 6.905884
0.46753362 -0.8838938 -0.0048384196 97.97827 0.88162607 0.46671242 -0.06924032 72.572754 0.06347212 0.02811283 0.99758816 6.9989014
0.46231425 -0.88660663 -0.003214092 98.56714 0.88438416 0.4614056 -0.06917543 73.706055 0.062831044 0.02914133 0.997599 7.0874023
0.45795155 -0.889087 0.0013446414 99.16211 0.8871474 0.45685226 -0.06671813 74.84717 0.058696527 0.031733878 0.9977705 7.182373
0.45635936 -0.8899004 0.007419512 99.751465 0.8882341 0.4549585 -0.06552947 75.98291 0.054927666 0.03649264 0.9978231 7.2717285
0.4521191 -0.89201915 0.009623698 100.31006 0.89048445 0.45064542 -0.0644676 77.111084 0.053175222 0.037708648 0.9978724 7.358032
0.44859353 -0.8937665 0.011143598 100.88037 0.8923093 0.44706428 -0.06398825 78.25342 0.052210454 0.03863854 0.9978878 7.4381104
0.44686064 -0.8944369 0.013601453 101.45166 0.89309627 0.44522488 -0.06356363 79.37891 0.050798915 0.04054503 0.9978851 7.519409
0.44513807 -0.895302 0.017060444 102.00073 0.89413416 0.44335908 -0.062941 80.495605 0.048775513 0.043264076 0.997872 7.5947266
0.44364312 -0.8961817 0.018642584 102.55347 0.89508533 0.4417929 -0.062841356 81.61792 0.04807061 0.044559952 0.9978493 7.673706
0.43958706 -0.89800864 0.020690117 103.09497 0.89697593 0.43762246 -0.06328122 82.71509 0.047782585 0.04638098 0.99778056 7.745117
0.4380556 -0.898612 0.024095878 103.63135 0.8977974 0.43599772 -0.061972994 83.82129 0.04518266 0.048759915 0.99778676 7.814575
0.43655565 -0.89921796 0.027390618 104.17407 0.8985516 0.43433455 -0.06230549 84.91821 0.04413335 0.051808327 0.9976811 7.8884277
0.43399325 -0.90031797 0.02918936 104.69287 0.89969367 0.43163908 -0.06333844 85.99707 0.044441544 0.053741433 0.9975645 7.961548
0.43245873 -0.90134394 0.029674742 105.204346 0.9007074 0.43004146 -0.064141855 87.06323 0.045029156 0.054471005 0.9975003 8.027222
0.43245503 -0.90113884 0.029673995 105.71777 0.9004682 0.42999634 -0.06488363 88.1333 0.045711905 0.05478653 0.99745154 8.101807
0.4324391 -0.9011883 0.028205894 106.20752 0.90041065 0.4300157 -0.0654702 89.17993 0.046888717 0.05371738 0.99745494 8.171753
0.43602973 -0.899672 0.02564506 106.70166 0.89878374 0.4337412 -0.06514524 90.229004 0.0474952 0.051447663 0.9975451 8.245483
0.43906254 -0.8980163 0.023331573 107.18945 0.89703035 0.43689528 -0.06492353 91.24658 0.048094135 0.049439173 0.997619 8.316772
0.4436627 -0.8958791 0.021438379 107.68652 0.8948014 0.4415701 -0.06515489 92.271484 0.048891556 0.04810678 0.99764615 8.38916
0.45050758 -0.89245003 0.019198999 108.18994 0.8912785 0.44851312 -0.065209426 93.285645 0.049595762 0.046497647 0.9976868 8.455322
0.45761022 -0.8889047 0.018042026 108.69092 0.88778216 0.45574403 -0.06345083 94.278076 0.048182826 0.045065563 0.9978221 8.52417
0.46541297 -0.88486284 0.017151123 109.20654 0.8837798 0.46363878 -0.062130135 95.28003 0.047022536 0.044089615 0.99792135 8.588135
0.47464904 -0.88015425 0.017114295 109.731445 0.8791316 0.47290865 -0.061143856 96.27515 0.045724966 0.044047695 0.9979813 8.655884
0.48331222 -0.8752179 0.015765574 110.25708 0.87418664 0.48165372 -0.0604607 97.24927 0.04531661 0.04301753 0.99804693 8.721802
0.4928609 -0.8699452 0.013658363 110.79639 0.8687971 0.49124563 -0.06143095 98.217285 0.046734326 0.042154368 0.99801815 8.786377
0.5024906 -0.8645794 0.009803159 111.33765 0.86323166 0.50099725 -0.06263264 99.17456 0.049236685 0.039930314 0.9979884 8.852783
0.5142118 -0.857657 0.0060863877 111.89697 0.8561663 0.5128716 -0.06298814 100.116455 0.050899975 0.037589256 0.9979955 8.918091
0.5275092 -0.84957623 0.0035425667 112.46582 0.84815496 0.52637655 -0.060151394 101.05884 0.04923859 0.034723602 0.99818254 8.981934
0.5385624 -0.84248364 0.0024662148 113.04175 0.84113246 0.53752816 -0.05825266 101.98779 0.04776423 0.033444807 0.99829835 9.046143
0.55135643 -0.8343013 0.002783712 113.63818 0.83309 0.5503694 -0.055804864 102.9082 0.045031972 0.033088014 0.99843746 9.106201
0.5621041 -0.8269649 0.002053748 114.24243 0.82578695 0.5611673 -0.0548007 103.80615 0.044175237 0.032499395 0.99849504 9.169434
0.574301 -0.81862617 0.0015565418 114.84912 0.8174291 0.5733567 -0.055175193 104.684326 0.044277977 0.032953784 0.9984753 9.228027
0.58651567 -0.8099645 -0.00024817354 115.475586 0.8087226 0.58563316 -0.05518042 105.55664 0.044838417 0.032164555 0.9984763 9.288574
0.5968562 -0.8023504 0.0009879619 116.09863 0.801056 0.5958221 -0.05752732 106.41235 0.045575254 0.035128444 0.99834305 9.3479
0.60681915 -0.7947868 -0.00041196088 116.72949 0.7934957 0.60586286 -0.056677114 107.24829 0.045288075 0.034070123 0.99839324 9.407715
0.61842203 -0.78584504 0.0006107462 117.37695 0.7846436 0.61743337 -0.055756222 108.07495 0.043441966 0.034955107 0.9984439 9.469482
0.62736076 -0.7788153 0.0019350797 118.01245 0.7777878 0.6264015 -0.052970048 108.87793 0.040036876 0.034734823 0.99859416 9.522705
0.6382196 -0.76969355 0.0016737592 118.6709 0.7687411 0.6373187 -0.051178277 109.67383 0.0383226 0.033955432 0.99868876 9.580322
0.6468167 -0.7625991 -0.0016313222 119.306885 0.7615922 0.6460696 -0.050027773 110.44531 0.039212734 0.031115418 0.9987461 9.636475
0.65613127 -0.7546252 -0.0040777572 119.95776 0.753588 0.65549463 -0.04914687 111.208984 0.039768253 0.029177561 0.998783 9.684326
0.66594976 -0.7459587 -0.0048408927 120.6228 0.74494463 0.6653572 -0.048199736 111.95972 0.039183926 0.028492535 0.9988256 9.734375
0.674276 -0.7384972 -0.0049278694 121.27759 0.73755586 0.67372614 -0.0464197 112.688965 0.037598807 0.027666146 0.9989099 9.785156
0.6825366 -0.7308696 -0.0029859962 121.944336 0.7300528 0.6819562 -0.04464861 113.407715 0.034672216 0.02829516 0.99899817 9.833862
0.69275147 -0.7210801 -0.002875374 122.62158 0.72030175 0.69217855 -0.043869168 114.114746 0.033618715 0.028324217 0.9990337 9.882202
0.6988064 -0.71520394 -0.005052531 123.28003 0.7144094 0.69833183 -0.0427105 114.803955 0.03408209 0.02623719 0.9990746 9.922119
0.70745784 -0.70658976 -0.0049821744 123.96338 0.7058524 0.70701003 -0.041221395 115.48511 0.032659844 0.025644738 0.9991374 9.970825
0.71361274 -0.7004354 -0.004287718 124.6228 0.69982004 0.71321845 -0.037989456 116.14624 0.029666664 0.024111373 0.9992692 10.011963
0.721883 -0.6918988 -0.0038070194 125.29639 0.6913777 0.7215329 -0.035219412 116.81958 0.027123617 0.022793338 0.99937224 10.047363
0.72946733 -0.6839637 -0.0039809705 125.97998 0.68346995 0.7291399 -0.03418044 117.46362 0.02628244 0.022210723 0.99940777 10.087524
0.7358793 -0.67705464 -0.005304601 126.63452 0.6765865 0.735623 -0.032235865 118.0791 0.025727348 0.02013748 0.99946636 10.127319
0.743084 -0.6691321 -0.0066885 127.29541 0.6686863 0.74289286 -0.030419704 118.69165 0.025321923 0.018132156 0.99951494 10.156982
0.75299174 -0.65799123 -0.005401057 127.97534 0.657651 0.75282407 -0.027002644 119.28638 0.021834908 0.01678106 0.99962074 10.190796
0.76151264 -0.6480958 -0.0041645486 128.64307 0.6478315 0.7613586 -0.024386462 119.85718 0.018975794 0.015874809 0.99969405 10.225708
0.77250373 -0.6350929 -0.004753315 129.31958 0.63486654 0.7723925 -0.021948261 120.42139 0.017609375 0.013938357 0.99974775 10.255981
0.7814507 -0.62388676 -0.0060940487 129.97852 0.62365603 0.7813694 -0.021261137 120.96533 0.018028943 0.012815468 0.99975544 10.274902
0.79099125 -0.6118279 -0.008057834 130.65576 0.6115683 0.7909395 -0.021542948 121.49365 0.019556165 0.012113042 0.9997354 10.304077
0.8012755 -0.5982956 -0.007967658 131.34863 0.59805787 0.80123013 -0.020506289 122.014404 0.01865092 0.011666883 0.999758 10.3302
0.8105646 -0.5857088 -0.0072095906 132.02466 0.5855161 0.8105253 -0.018466726 122.518555 0.016659576 0.0107466215 0.9998035 10.357422
0.82110757 -0.5706194 -0.0047538877 132.73193 0.5704731 0.82104105 -0.017286908 123.015625 0.013771451 0.011481262 0.9998392 10.381226
0.829347 -0.5588011 -0.003065967 133.42944 0.55869627 0.8292768 -0.015586793 123.49121 0.011252285 0.011212891 0.9998737 10.398926
0.83850527 -0.5447897 -0.0003971816 134.13867 0.54473466 0.8384305 -0.013619807 123.95361 0.007752208 0.011203902 0.9999072 10.420654
0.84699726 -0.53145796 0.0017527561 134.8728 0.5314326 0.8469138 -0.013087019 124.41431 0.005474027 0.012016454 0.9999128 10.437866
0.8536743 -0.52079153 0.0034641656 135.58789 0.52078474 0.8535696 -0.014065478 124.85449 0.0043688095 0.013811286 0.99989504 10.453003
0.86007005 -0.5101495 0.0042181136 136.31348 0.510158 0.85997623 -0.01305669 125.28784 0.003032193 0.013381195 0.9999058 10.465088
0.86770976 -0.49704137 0.003609673 137.07422 0.49704716 0.86763406 -0.01178144 125.732666 0.0027238494 0.012016829 0.99992406 10.477783
0.87305325 -0.48765832 0.0035649315 137.80444 0.48766857 0.87299997 -0.00977312 126.15137 0.0016533844 0.010270686 0.9999458 10.489624
0.87900835 -0.47682798 0.0033226358 138.55713 0.47683823 0.87896806 -0.008486383 126.556885 0.0011263294 0.009043681 0.9999584 10.49939
0.8848788 -0.46576148 0.0032598746 139.31348 0.46577072 0.88483137 -0.009272456 126.96533 0.0014349408 0.009723635 0.9999517 10.507202
0.890146 -0.45576075 0.003381319 140.08716 0.45577008 0.8900869 -0.010393807 127.36084 0.0017269421 0.010792527 0.9999403 10.520752
0.8944507 -0.44713536 0.0033343001 140.86743 0.447144 0.89438725 -0.010817213 127.75415 0.0018551624 0.011166311 0.9999359 10.528809
0.8972907 -0.44138628 0.0035809795 141.64429 0.4413995 0.8972392 -0.0096891625 128.14429 0.0010644908 0.010275032 0.9999467 10.536499
0.90013456 -0.43547744 0.006930244 142.45117 0.4355222 0.9001092 -0.00740355 128.53271 -0.0030129347 0.009682691 0.99994856 10.545898
0.90367585 -0.42810836 0.00992563 143.25952 0.4281616 0.9036966 -0.0039558113 128.91992 -0.0072757816 0.007824289 0.99994296 10.543213
0.9063697 -0.42239588 0.011299218 144.06812 0.42243803 0.90641934 -0.0015229387 129.32227 -0.0095982775 0.006153402 0.999935 10.545166
0.91000146 -0.4143711 0.013010479 144.9143 0.41438836 0.9100856 0.0014780965 129.70093 -0.01245281 0.0040476774 0.9999142 10.543457
0.9127027 -0.40834773 0.01414259 145.75903 0.40834117 0.91280866 0.0034795776 130.09277 -0.014330559 0.0025990875 0.999894 10.530518
0.9159417 -0.40089035 0.016567808 146.62646 0.40086502 0.91608936 0.004969772 130.46509 -0.017169831 0.0020903945 0.99985045 10.52417
0.9193009 -0.39301607 0.019631919 147.53687 0.3930008 0.9195048 0.0047961688 130.84229 -0.019936694 0.003309656 0.99979573 10.516602
0.9227736 -0.38480565 0.020387292 148.4231 0.38479188 0.92299217 0.0047508213 131.23242 -0.02064572 0.0034589302 0.99978095 10.505493
0.9256189 -0.37788513 0.020591015 149.30981 0.37788278 0.9258395 0.004155911 131.59668 -0.020634513 0.003932991 0.99977946 10.4823
0.92990965 -0.36711198 0.02198193 150.27417 0.36718038 0.930142 0.0009860841 131.95581 -0.020808136 0.007155263 0.9997579 10.472412
0.9335032 -0.35793316 0.02037724 151.18774 0.35800362 0.93369865 0.00020205695 132.33228 -0.019098641 0.0071069812 0.99979246 10.456787
0.9379763 -0.34620002 0.019672396 152.15234 0.34628347 0.93815124 -0.00089958124 132.67847 -0.01814439 0.007652865 0.9998062 10.444824
0.9426389 -0.33332166 0.017564889 153.1189 0.33335197 0.942791 0.00126197 133.04297 -0.0169807 0.0046657547 0.999845 10.431641
0.9484896 -0.31628528 0.018021017 154.10962 0.31625113 0.9486601 0.004793998 133.39258 -0.018612327 0.0011514629 0.9998262 10.415161
0.9542792 -0.29827076 0.020415206 155.11548 0.29816443 0.95449626 0.00814103 133.70801 -0.021913327 -0.0016813778 0.9997584 10.396606
0.96015656 -0.27865654 0.021402791 156.14111 0.27847528 0.9603835 0.011092935 134.02783 -0.023644997 -0.004691547 0.9997093 10.379883
0.96604294 -0.25747114 0.02216978 157.18091 0.25722274 0.96626985 0.013455105 134.31323 -0.024886306 -0.0072954036 0.9996635 10.364258
0.97158796 -0.23551415 0.02347767 158.24243 0.23522086 0.9718328 0.014596442 134.58301 -0.026254803 -0.008660562 0.9996178 10.338013
0.97637796 -0.21443339 0.02670813 159.33057 0.21407539 0.97669643 0.015645735 134.83081 -0.029440036 -0.009558749 0.9995207 10.323242
0.98103285 -0.19148937 0.030014057 160.41699 0.19104442 0.9814301 0.017077971 135.05688 -0.032726828 -0.011018962 0.99940336 10.292847
0.98517066 -0.16802321 0.034846313 161.56396 0.16742598 0.9856968 0.019425936 135.26416 -0.037611388 -0.013305003 0.9992039 10.261353
0.98862773 -0.1455666 0.03772537 162.66821 0.1448345 0.98922163 0.021481633 135.44922 -0.04044526 -0.01577297 0.9990573 10.226318
0.99160296 -0.123454966 0.038455307 163.81543 0.12263282 0.9921829 0.023061354 135.60522 -0.041001298 -0.018150024 0.9989938 10.190796
0.9941292 -0.101929754 0.0363337 164.97852 0.101151 0.9946138 0.022672921 135.74341 -0.03844851 -0.01886534 0.9990826 10.151001
0.9961444 -0.07986857 0.036271118 166.14673 0.07906403 0.9966009 0.023095157 135.85107 -0.037993144 -0.020137906 0.9990748 10.106323
0.9975419 -0.05927635 0.037371546 167.33911 0.058503263 0.9980567 0.021449413 135.92993 -0.03857061 -0.019210426 0.9990711 10.078247
0.99843353 -0.03866707 0.040441677 168.53589 0.03781599 0.9990514 0.021598011 135.98291 -0.041238427 -0.020034846 0.99894816 10.038208
0.99892855 -0.018648237 0.04235844 169.7522 0.017709903 0.9995917 0.022420237 136.02612 -0.04275933 -0.021645918 0.9988508 9.994873
0.9990555 0.00025699654 0.043451473 170.96973 -0.0012824784 0.99972135 0.023574954 136.04688 -0.04343329 -0.023608418 0.9987773 9.952393
0.9987778 0.02145777 0.04452767 172.21533 -0.022560418 0.9994474 0.024414748 136.03467 -0.043979183 -0.02538941 0.99871 9.906372
0.9981946 0.04067805 0.044180892 173.45801 -0.041846108 0.99878955 0.025837947 135.99219 -0.043076113 -0.027640492 0.9986891 9.857666
0.9971281 0.062232938 0.04316077 174.73022 -0.06347264 0.9975921 0.02796804 135.92969 -0.041316647 -0.030627443 0.9986762 9.813477
0.9957492 0.08224381 0.041496735 176.00854 -0.08341609 0.9961399 0.027359335 135.8501 -0.03908653 -0.030703263 0.9987643 9.770508
0.9942833 0.09897824 0.040042754 177.27588 -0.100167304 0.9945513 0.028868739 135.7395 -0.036967225 -0.032714278 0.99878097 9.72998
0.9921708 0.11868397 0.038848605 178.57935 -0.11987362 0.99233854 0.029872783 135.59985 -0.035005447 -0.034295965 0.99879843 9.686035
0.98942435 0.14019476 0.03722144 179.9253 -0.1413699 0.9894693 0.03106341 135.43481 -0.03247371 -0.035996404 0.9988239 9.651733
0.98694944 0.15789688 0.03190054 181.2002 -0.15888406 0.9868129 0.031215299 135.24976 -0.026552685 -0.03587467 0.9990033 9.615234
0.9839924 0.17616308 0.026712004 182.54395 -0.1770235 0.9836042 0.034254897 135.03418 -0.020238256 -0.038436316 0.99905604 9.599365
0.9808887 0.19334796 0.022025418 183.86475 -0.19405544 0.9803158 0.03652119 134.78662 -0.014529189 -0.040097047 0.9990896 9.573486
0.9772156 0.21136044 0.01905363 185.19238 -0.2119586 0.97651505 0.038445175 134.51953 -0.010478534 -0.041608434 0.999079 9.567505
0.9732089 0.22928934 0.01732393 186.53052 -0.22981884 0.9723934 0.040541533 134.22363 -0.007550899 -0.043436244 0.9990277 9.557739
0.9693198 0.24512227 0.018080223 187.8877 -0.24567395 0.96848696 0.040874463 133.90112 -0.0074924 -0.044063073 0.999001 9.55542
0.96432155 0.26416403 0.017636608 189.24414 -0.26466706 0.96355766 0.038957786 133.55225 -0.006704078 -0.04223449 0.9990854 9.556519
0.9597972 0.2802653 0.013722769 190.55176 -0.28059277 0.9589943 0.039302833 133.18896 -0.0021403981 -0.04157454 0.9991331 9.567383
0.954833 0.296931 0.0098950695 191.89917 -0.29708353 0.953961 0.040885586 132.79224 0.002702008 -0.04197929 0.99911505 9.571777
0.949742 0.31277892 0.011062548 193.23486 -0.31296334 0.9488188 0.04193722 132.37549 0.0026267362 -0.04329164 0.99905866 9.579346
0.9436861 0.3305527 0.012355622 194.61572 -0.33076942 0.94264245 0.044471413 131.91455 0.0030564773 -0.04605487 0.9989342 9.596924
0.9372541 0.3484314 0.010703787 195.9563 -0.3485325 0.93605727 0.04781598 131.44287 0.0066416226 -0.04854772 0.9987992 9.603394
0.9306931 0.36566564 0.008576629 197.29565 -0.3656228 0.92941636 0.04978662 130.93994 0.010238398 -0.04947124 0.9987228 9.626099
0.9238435 0.38267654 0.0056549883 198.68896 -0.38246608 0.92259777 0.049927033 130.3877 0.0138940485 -0.04828804 0.9987365 9.650879
0.9155509 0.40215126 0.0016020639 200.02124 -0.4017152 0.9143577 0.050363522 129.81836 0.018792123 -0.046753954 0.9987296 9.687622
0.9076967 0.41971856 -0.002392232 201.33643 -0.41898143 0.9064128 0.054339312 129.25732 0.02497167 -0.048319325 0.9985194 9.729248
0.89781785 0.4404136 -0.0035789036 202.68213 -0.43949687 0.8964173 0.057730198 128.63062 0.028628461 -0.05026152 0.9983261 9.776978
0.8853032 0.46493933 -0.0036864406 204.03784 -0.46390912 0.88381785 0.05998138 127.93237 0.031151956 -0.05138974 0.99819237 9.831543
0.87202007 0.4894961 -0.0022526518 205.35352 -0.48834312 0.8702633 0.06474596 127.260254 0.033656873 -0.055361725 0.9978987 9.891724
0.8592124 0.51168 -0.0024659217 206.6211 -0.5103261 0.8572709 0.068722405 126.55835 0.037269592 -0.057784565 0.997633 9.954224
0.84281063 0.53826934 -0.0022037085 207.93384 -0.53674364 0.84071666 0.07188529 125.75464 0.040549785 -0.059396714 0.9974091 10.026733
0.8280891 0.5605804 -0.0025507812 209.22217 -0.5589113 0.82595915 0.07347001 124.93555 0.04329308 -0.05940952 0.99729383 10.100342
0.8121114 0.58346784 -0.0029864805 210.4458 -0.5816647 0.8099836 0.07458229 124.11011 0.04593255 -0.058832526 0.997211 10.175903
0.7955016 0.60604703 -0.0058511877 211.68726 -0.6038894 0.7934144 0.077205494 123.20801 0.05142319 -0.057884157 0.99699795 10.267212
0.7780129 0.62824374 -0.008850468 212.90381 -0.62571305 0.77600235 0.07984308 122.272705 0.057027854 -0.056586705 0.99676794 10.358643
0.76288044 0.64656645 -0.011005438 214.05835 -0.6438167 0.76100874 0.08074099 121.34448 0.060579214 -0.054517068 0.9966737 10.458862
0.74570936 0.6661159 -0.0123347975 215.23267 -0.66316503 0.7439248 0.082058676 120.340576 0.063838884 -0.05301574 0.9965516 10.564941
0.728885 0.6845328 -0.012820499 216.38477 -0.681469 0.72717166 0.08276001 119.3042 0.065952994 -0.051596005 0.99648964 10.677002
0.7133587 0.700553 -0.0137989605 217.48486 -0.69736904 0.71175665 0.08323347 118.28296 0.06812705 -0.04975115 0.9964358 10.790283
0.699049 0.715009 -0.015958391 218.57178 -0.71163523 0.69762397 0.084009014 117.20288 0.07119105 -0.04738041 0.9963377 10.91333
0.6830259 0.7300672 -0.01840476 219.66528 -0.7265183 0.681834 0.084460616 116.09326 0.07422888 -0.044319782 0.99625623 11.028687
0.6681453 0.74370414 -0.02051838 220.70117 -0.7398296 0.66707104 0.08721054 114.98901 0.07854058 -0.043085843 0.9959792 11.166138
0.6525657 0.75744504 -0.022092499 221.71338 -0.75335264 0.6516299 0.08882273 113.835205 0.081679665 -0.041323204 0.9958019 11.295044
0.6365804 0.7710153 -0.02120483 222.72266 -0.7668905 0.635635 0.08942843 112.66504 0.08240908 -0.040664915 0.99576825 11.435303
0.62008077 0.7842524 -0.018831644 223.7063 -0.7800646 0.6189558 0.09109651 111.48804 0.08311366 -0.041804228 0.99566376 11.576294
0.60399157 0.79672444 -0.014387706 224.6875 -0.79268205 0.60257685 0.0913494 110.273926 0.08144155 -0.043774877 0.9957173 11.721924
0.5842412 0.8115484 -0.009686256 225.59619 -0.807629 0.5825147 0.09195653 109.052246 0.080266446 -0.04592155 0.99571717 11.856567
0.56913173 0.82212496 -0.0063814186 226.49097 -0.81823975 0.56716263 0.09300991 107.83472 0.080105655 -0.047724172 0.99564433 12.000977
0.5502368 0.83499914 -0.003079413 227.35498 -0.83091295 0.54790187 0.096841805 106.6062 0.08255968 -0.050718807 0.9952938 12.149536
0.53305024 0.84615207 -0.00038553588 228.15942 -0.8419097 0.5304214 0.09977721 105.36255 0.08463564 -0.05287089 0.99500924 12.293457
0.51370054 0.85806197 0.002624428 228.9646 -0.8539502 0.5109357 0.099383995 104.11743 0.08392799 -0.053284455 0.9950451 12.439941
0.492086 0.8706538 0.006306928 229.72705 -0.86682415 0.48921725 0.097492516 102.84497 0.08178659 -0.053415 0.995215 12.587036
0.47248873 0.881364 0.0102173155 230.41797 -0.87782156 0.46948245 0.095745474 101.58252 0.07956542 -0.054185417 0.995354 12.733643
0.4519962 0.89199966 0.013193089 231.10498 -0.8887041 0.44893724 0.09379316 100.31177 0.07774621 -0.054127313 0.9955035 12.873047
0.42972592 0.9028575 0.014624527 231.77783 -0.89966464 0.42671132 0.09248539 99.00488 0.077225514 -0.052886385 0.99560875 13.0061035
0.41049287 0.9117271 0.016733373 232.35889 -0.90861046 0.4074005 0.092105955 97.74365 0.077142425 -0.053005308 0.99560946 13.141846
0.38820657 0.92132056 0.016446833 232.92554 -0.91818064 0.38525492 0.09127039 96.4646 0.07775949 -0.050532993 0.99569046 13.267578
0.36498275 0.93092555 0.016084636 233.46973 -0.9277189 0.36215454 0.090956196 95.17383 0.07884632 -0.048104573 0.9957243 13.402832
0.34462735 0.9385112 0.0152451135 233.95093 -0.9352576 0.34196392 0.09032743 93.90918 0.07957991 -0.045406625 0.99579525 13.534302
0.3218095 0.9466393 0.0150131555 234.41675 -0.9435019 0.31934857 0.087932125 92.61719 0.078456335 -0.04245528 0.99601257 13.666626
0.30310935 0.95298016 0.0148584265 234.85474 -0.9497678 0.30071068 0.088194616 91.3374 0.079591244 -0.040844675 0.9959908 13.7960205
0.28354326 0.95896274 0.015635623 235.25879 -0.95537835 0.28097484 0.09248195 90.07715 0.08429514 -0.04115056 0.9955903 13.924316
0.2624643 0.96470296 0.018486196 235.6355 -0.9603957 0.2593514 0.10128269 88.81787 0.09292431 -0.044340163 0.99468553 14.05896
0.2435093 0.96962935 0.020829117 235.97656 -0.9646619 0.23993249 0.10851148 87.573 0.100200616 -0.046517987 0.99387866 14.201782
0.22566843 0.9739001 0.02418207 236.3003 -0.9685883 0.22163917 0.112731054 86.319336 0.104413316 -0.048869558 0.99333274 14.349487
0.2047201 0.9784203 0.02838249 236.59106 -0.9731332 0.20031998 0.113597706 85.069336 0.105451 -0.050858576 0.99312127 14.502563
0.18479587 0.98213726 0.033047773 236.85571 -0.9770132 0.18001418 0.11347917 83.82886 0.10550401 -0.05326415 0.9929914 14.648193
0.16466549 0.9855979 0.038813047 237.09229 -0.9807285 0.1594017 0.11308395 82.59424 0.10523615 -0.05667416 0.99282926 14.798828
0.14860348 0.9881493 0.039911598 237.30176 -0.983431 0.14339612 0.11141749 81.36401 0.10434573 -0.055784117 0.9929731 14.945068
