1.0 0.0 0.0 0.0 0.0 1.0 0.0 0.0 0.0 0.0 1.0 0.0
0.99961823 0.027540328 -0.0022091498 -0.0030517578 -0.027537568 0.99961996 0.0012707934 -0.036010742 0.002243309 -0.0012094881 0.9999968 0.00390625
0.9992917 0.037614234 0.0009267722 0.288208 -0.037617996 0.9992821 0.0044477778 -0.018432617 -0.0007588303 -0.0044795005 0.9999897 0.0021972656
0.99798083 0.063491285 0.0013255939 0.40319824 -0.06349796 0.9979644 0.0058083995 -0.045166016 -0.00095403043 -0.0058808704 0.99998224 -0.0015869141
0.99520236 0.09777409 0.0035717604 0.5793457 -0.09779355 0.9951902 0.0057551363 -0.09020996 -0.0029919634 -0.0060767788 0.99997705 -0.0034179688
0.99089384 0.13444318 0.0072730323 0.7718506 -0.13446197 0.99091566 0.002157255 -0.13891602 -0.006917025 -0.0031157753 0.9999712 0.00036621094
0.984524 0.17506695 0.007281819 0.98620605 -0.17506933 0.9845505 -0.00031515016 -0.203125 -0.007224529 -0.0009645965 0.9999734 0.0041503906
0.9759857 0.21758655 0.009757971 1.1732178 -0.21758312 0.97603416 -0.0014252842 -0.26953125 -0.009834336 -0.000731935 0.9999514 0.013916016
0.9638964 0.26601097 0.012392364 1.4039307 -0.26602766 0.96397144 -0.000312755 -0.36169434 -0.012029108 -0.0029946975 0.99992317 -0.012451172
0.949788 0.31221193 0.019230876 1.6411133 -0.3121786 0.94998163 -0.004788323 -0.47045898 -0.019764 -0.0014589685 0.9998035 -0.0008544922
0.9325533 0.36009485 0.02599512 1.8773193 -0.35985017 0.9329092 -0.013708863 -0.5987549 -0.02918712 0.0034302082 0.9995681 -0.0126953125
0.9108052 0.4118268 0.02857915 2.095459 -0.41138154 0.9112291 -0.020290595 -0.7442627 -0.03439767 0.006719392 0.9993853 -0.0026855469
0.88579774 0.46293598 0.032084774 2.350586 -0.4624618 0.8863693 -0.02134126 -0.9034424 -0.03831791 0.0040652426 0.9992573 -0.011230469
0.857165 0.5137743 0.035683952 2.5828857 -0.5132126 0.85790455 -0.02413356 -1.0770264 -0.043012064 0.002366689 0.9990713 -0.03100586
0.82566124 0.5629208 0.03786542 2.8173828 -0.5622017 0.8265264 -0.02853678 -1.2906494 -0.047356416 0.0022693705 0.99887496 -0.03503418
0.7890363 0.6131293 0.037702613 3.0601807 -0.6121211 0.7899213 -0.03549458 -1.5061035 -0.051544685 0.0049245283 0.9986584 -0.049072266
0.7514087 0.658801 0.036884453 3.2700195 -0.6576491 0.7522952 -0.039303318 -1.7587891 -0.053635944 0.0052744895 0.9985464 -0.057739258
0.7123698 0.7009946 0.036043078 3.5101318 -0.69970024 0.71326065 -0.042909883 -2.0391846 -0.055784557 0.0053552445 0.9984287 -0.0769043
0.67034715 0.7411381 0.034725863 3.7210693 -0.73980653 0.6712326 -0.044609405 -2.3251953 -0.056376267 0.004213415 0.9984009 -0.08874512
0.62801635 0.77738327 0.03814955 3.9538574 -0.77606547 0.62917364 -0.04525529 -2.6496582 -0.059174266 -0.0011921544 0.99824613 -0.119384766
0.5847832 0.8100859 0.039886698 4.178467 -0.808763 0.58612 -0.04655634 -2.9868164 -0.061098225 -0.0050335675 0.99811935 -0.13867188
0.54463696 0.8377191 0.040217884 4.390259 -0.8363738 0.5460691 -0.048031516 -3.359497 -0.06220418 -0.007486103 0.99803513 -0.15930176
0.5069517 0.86115646 0.040377595 4.6119385 -0.8596579 0.50848573 -0.051510334 -3.7723389 -0.06486813 -0.008605985 0.9978554 -0.18078613
0.4689036 0.8822281 0.041639756 4.822998 -0.8808509 0.47057444 -0.050907206 -4.196167 -0.0645148 -0.012810964 0.99783474 -0.2166748
0.43323135 0.9003857 0.039760377 5.024658 -0.89905834 0.43483484 -0.050768293 -4.651123 -0.06300235 -0.01375767 0.9979184 -0.24804688
0.39837158 0.91641027 0.036179412 5.2246094 -0.9151427 0.39979234 -0.04997123 -5.1484375 -0.060259745 -0.013191742 0.998096 -0.2746582
0.37075493 0.92826843 0.032058213 5.411377 -0.927134 0.37194088 -0.047461595 -5.6567383 -0.05597004 -0.012122006 0.9983586 -0.31066895
0.3446397 0.93821114 0.028980084 5.597412 -0.93709993 0.34568188 -0.046951424 -6.205078 -0.054070286 -0.0109809125 0.9984766 -0.34472656
0.3235848 0.94576955 0.026843268 5.7873535 -0.9446913 0.32453057 -0.046320345 -6.779419 -0.052526765 -0.010373358 0.9985658 -0.37756348
0.3094854 0.95042855 0.026003364 5.973877 -0.9493151 0.31041119 -0.047090255 -7.3724365 -0.052835964 -0.0101158945 0.998552 -0.41235352
0.29872507 0.954077 0.024771772 6.1745605 -0.9528955 0.29961026 -0.048328903 -8.004272 -0.053540647 -0.009172655 0.9985238 -0.44189453
0.28599137 0.9578614 0.024774842 6.3686523 -0.9565317 0.28692016 -0.05127276 -8.645386 -0.05620742 -0.009028878 0.998378 -0.48181152
0.27610615 0.9606829 0.026956514 6.567627 -0.9593407 0.27718008 -0.052039523 -9.31604 -0.057484623 -0.011487413 0.99828106 -0.52526855
0.26549223 0.9636668 0.028251197 6.7661133 -0.96219534 0.26669064 -0.0547237 -10.018799 -0.060268316 -0.012645799 0.9981023 -0.5611572
0.25607663 0.9662676 0.029275773 6.9576416 -0.96478695 0.2573601 -0.055293486 -10.740601 -0.060955703 -0.014093627 0.9980405 -0.5966797
0.24478364 0.96911573 0.029708073 7.1573486 -0.9674683 0.24615505 -0.058292266 -11.485718 -0.06381758 -0.01448471 0.9978566 -0.6501465
0.23351064 0.9718909 0.029471973 7.342041 -0.9701902 0.23490065 -0.059314847 -12.2647705 -0.064593524 -0.014748452 0.9978034 -0.68640137
0.22434522 0.97397786 0.030973824 7.5252686 -0.97211945 0.22589704 -0.062282458 -13.040527 -0.067651026 -0.0161241 0.9975788 -0.736084
0.21207839 0.9766866 0.033803005 7.701172 -0.9746205 0.21392131 -0.06623422 -13.824829 -0.07193986 -0.01888756 0.9972314 -0.7891846
0.19920827 0.97935736 0.033927746 7.8774414 -0.9770734 0.20115428 -0.069589876 -14.628662 -0.074962914 -0.019281363 0.9969993 -0.8345947
0.1869184 0.9817981 0.0348079 8.028809 -0.9793899 0.1890041 -0.07175435 -15.424194 -0.07703758 -0.020684637 0.99681395 -0.88500977
0.17210676 0.98435265 0.034991033 8.175049 -0.98188967 0.17426616 -0.0729283 -16.251587 -0.077911004 -0.02177991 0.9967244 -0.93359375
0.15798886 0.9868364 0.034431234 8.3133545 -0.98445535 0.16012226 -0.07211307 -17.067871 -0.076686524 -0.022482311 0.9968029 -0.99365234
0.14050645 0.98944604 0.035110377 8.436157 -0.9871368 0.14272867 -0.07187033 -17.885498 -0.076143466 -0.024563974 0.9967952 -1.0390625
0.11917483 0.99219924 0.035165846 8.543335 -0.99006104 0.121406175 -0.07026954 -18.721436 -0.07400935 -0.026409164 0.9969096 -1.0864258
0.09549148 0.99468136 0.037751373 8.6311035 -0.99272615 0.09794363 -0.069550365 -19.555542 -0.072877325 -0.030840492 0.9968637 -1.1419678
0.06386435 0.99715877 0.040461294 8.694458 -0.9954334 0.06654252 -0.06873477 -20.384888 -0.07124338 -0.035881486 0.99681425 -1.192627
0.031013004 0.9986585 0.04151927 8.71814 -0.99703866 0.03383708 -0.06910978 -21.239624 -0.07039636 -0.039266393 0.9967444 -1.2463379
-0.0026895856 0.99915767 0.04095032 8.717407 -0.99766636 0.00011193838 -0.068261705 -22.093994 -0.06823254 -0.041040733 0.9968263 -1.2897949
-0.037511215 0.99852234 0.039286412 8.69104 -0.9970981 -0.034795173 -0.06767207 -22.96521 -0.06622923 -0.041718822 0.99693316 -1.3309326
-0.070258625 0.9967145 0.04022392 8.637817 -0.9955173 -0.06750129 -0.06621141 -23.815552 -0.06326397 -0.04470782 0.9969941 -1.3686523
-0.10181426 0.9939482 0.04180706 8.560669 -0.9930643 -0.099043496 -0.0637015 -24.685059 -0.059197303 -0.048025392 0.99709153 -1.420044
-0.13550495 0.990007 0.03753522 8.442627 -0.9892771 -0.13316657 -0.059014466 -25.54004 -0.053416856 -0.04515269 0.99755037 -1.458252
-0.16598795 0.9856004 0.03252565 8.289673 -0.98497665 -0.1641022 -0.053937633 -26.385986 -0.047822535 -0.041005656 0.99801385 -1.4853516
-0.19814537 0.97969466 0.026886279 8.11377 -0.9791779 -0.1967256 -0.047915578 -27.236572 -0.041654315 -0.035837546 0.99848896 -1.5134277
-0.22436033 0.97434014 0.019885266 7.909912 -0.9738022 -0.22334741 -0.043566585 -28.067139 -0.037993174 -0.02912677 0.998853 -1.5341797
-0.251276 0.96774447 0.012635832 7.686157 -0.96727204 -0.2506684 -0.037139557 -28.898071 -0.032766655 -0.021551402 0.9992304 -1.5577393
-0.28142953 0.9597249 0.008005738 7.4483643 -0.959455 -0.2811214 -0.027478512 -29.71997 -0.02412701 -0.015406957 0.99959034 -1.5679932
-0.30287492 0.952899 0.007977476 7.1848145 -0.95287853 -0.3027581 -0.013168469 -30.526978 -0.010137778 -0.011595296 0.99988145 -1.5726318
-0.32780764 0.94468796 0.012552047 6.91626 -0.94473565 -0.32788193 0.0043399073 -31.321777 0.008212741 -0.010433668 0.9999118 -1.564331
-0.35484815 0.9347325 0.018615473 6.6289062 -0.93461245 -0.35517085 0.018491063 -32.123657 0.023897246 -0.0108416565 0.9996557 -1.5582275
-0.37915215 0.925238 0.02030081 6.312134 -0.9247653 -0.37962672 0.030454546 -32.9021 0.035882585 -0.0072448477 0.9993301 -1.5288086
-0.4028977 0.9152742 0.01974026 5.984619 -0.9146397 -0.40335914 0.0343356 -33.683228 0.039388217 -0.0042291954 0.9992153 -1.4870605
-0.42271566 0.9060367 0.017707972 5.623169 -0.9053891 -0.42308366 0.034276444 -34.460205 0.038561597 -0.0015335404 0.9992551 -1.4503174
-0.44425648 0.895897 0.012313198 5.2495117 -0.8954294 -0.44442335 0.02899657 -35.231567 0.031449366 0.001856825 0.9995037 -1.4094238
-0.46219313 0.8866784 0.004121745 4.8500977 -0.8863242 -0.4621315 0.026491512 -35.98108 0.025386048 0.0085938675 0.9996406 -1.3746338
-0.47540748 0.879299 0.0010112263 4.4449463 -0.8789527 -0.47525153 0.027533906 -36.711792 0.024691042 0.012225571 0.99962014 -1.3287354
-0.48969376 0.8723911 0.00018913671 4.032715 -0.87197495 -0.48946726 0.03078508 -37.443237 0.026951749 0.014891422 0.99952614 -1.2945557
-0.49915612 0.8666269 -4.0927902e-05 3.6365967 -0.8661571 -0.49888423 0.032944623 -38.142822 0.028540764 0.016474036 0.9994571 -1.2537842
-0.50810134 0.8617267 0.006477124 3.2303467 -0.8611896 -0.50802755 0.032286294 -38.85791 0.03110627 0.010813693 0.99945784 -1.2215576
-0.5199223 0.8546075 0.0076730475 2.8181152 -0.8541122 -0.51989555 0.030550335 -39.549194 0.030091502 0.009315579 0.9995039 -1.1920166
-0.52661693 0.8498498 0.0068045277 2.3735352 -0.84930974 -0.52654076 0.03232207 -40.251953 0.031042999 0.011239364 0.9994546 -1.1568604
-0.5347526 0.84548414 0.004926823 1.9282227 -0.84489733 -0.5345834 0.03459846 -40.95349 0.031880505 0.014321546 0.99938923 -1.1201172
-0.53623724 0.84357995 0.0053521655 1.4891357 -0.84287584 -0.5360299 0.037930127 -41.662354 0.034861982 0.01584337 0.99926597 -1.0904541
-0.5362517 0.844396 0.007360035 1.0269775 -0.8436011 -0.5360921 0.039581176 -42.3916 0.037368365 0.015010982 0.9991891 -1.060791
-0.53349483 0.84610355 0.004694746 0.5656738 -0.84533685 -0.5332332 0.039986197 -43.14258 0.036316827 0.017337322 0.9991897 -1.0249023
-0.52822524 0.84908086 0.004761347 0.096069336 -0.8483326 -0.52798015 0.03938829 -43.880127 0.03595108 0.016780296 0.99921244 -0.9863281
-0.52009803 0.8538977 0.006372777 -0.36901855 -0.8531909 -0.51994663 0.03748278 -44.66455 0.03530674 0.01406287 0.999277 -0.9503174
-0.51340854 0.8582404 0.008057233 -0.83740234 -0.85754657 -0.5133357 0.03647356 -45.45569 0.03543228 0.011810775 0.9993022 -0.9169922
-0.50674236 0.8624466 0.009711353 -1.295044 -0.86175126 -0.5067397 0.0360013 -46.265503 0.035974 0.00985172 0.99930465 -0.8765869
-0.5014354 0.86537856 0.013202708 -1.7736816 -0.86472195 -0.5015763 0.03418806 -47.101074 0.036186032 0.005724328 0.9993285 -0.8392334
-0.49993527 0.8657893 0.016826745 -2.2373047 -0.8652478 -0.5002174 0.030620921 -47.937256 0.034917485 0.00076108007 0.9993895 -0.8048096
-0.49887848 0.8661259 0.018792255 -2.725586 -0.8656261 -0.49922982 0.029458594 -48.81311 0.034907743 -0.0015651532 0.99938923 -0.7597656
-0.4998672 0.86571336 0.019783104 -3.2124023 -0.86528575 -0.5002465 0.027420098 -49.68579 0.033622447 -0.0034035281 0.9994285 -0.72424316
-0.50264466 0.8641305 0.019626202 -3.7098389 -0.86376536 -0.50301045 0.025460666 -50.562256 0.031875074 -0.0041588144 0.9994832 -0.68188477
-0.5026423 0.8644006 0.01937319 -4.2265625 -0.8640462 -0.50299853 0.025089465 -51.450684 0.03142624 -0.004125069 0.9994976 -0.64172363
-0.50124365 0.8652591 0.018758193 -4.7436523 -0.86491185 -0.5015803 0.02480413 -52.366577 0.030867752 -0.00379566 0.99951637 -0.602417
-0.499835 0.8659918 0.01865568 -5.2617188 -0.8656744 -0.50016487 0.02382636 -53.28528 0.029949166 -0.0042409906 0.99954224 -0.5574951
-0.49981833 0.8657627 0.020215057 -5.7747803 -0.86548126 -0.50019 0.02289336 -54.203613 0.029921643 -0.006053472 0.9995337 -0.5184326
-0.50120735 0.8648118 0.020441128 -6.2835693 -0.86456555 -0.50157785 0.021720676 -55.11328 0.029039292 -0.0067737186 0.999555 -0.47265625
-0.49979523 0.8660224 0.02183857 -6.802002 -0.8658192 -0.50019795 0.020630265 -56.040894 0.028762225 -0.008589612 0.999549 -0.43115234
-0.49876967 0.86664444 0.021186063 -7.32312 -0.86646193 -0.49914667 0.019720472 -56.94568 0.027661076 -0.008523764 0.99958104 -0.38708496
-0.49596316 0.86809605 0.019021135 -7.833618 -0.86798245 -0.49625674 0.01636007 -57.86548 0.023644004 -0.008396728 0.99968505 -0.3486328
-0.49316716 0.86971664 0.017429147 -8.353394 -0.86961013 -0.49341816 0.015531268 -58.78479 0.022106402 -0.007493373 0.9997274 -0.31018066
-0.49075103 0.87070036 0.017385675 -8.863037 -0.87059665 -0.49100038 0.01541725 -59.700073 0.021961985 -0.00755864 0.9997299 -0.26660156
-0.48795828 0.87280715 0.01681191 -9.359863 -0.8726983 -0.488196 0.015504614 -60.60376 0.021730017 -0.0071007884 0.99973845 -0.22668457
-0.4869443 0.8733701 0.016373342 -9.882935 -0.8732551 -0.48717403 0.015660323 -61.533203 0.021666508 -0.0066739945 0.999743 -0.19006348
-0.48796085 0.8725979 0.018413931 -10.361206 -0.87246686 -0.48824608 0.017000861 -62.412354 0.023813542 -0.007769648 0.99968594 -0.15307617
-0.4907541 0.8713096 0.021432959 -10.892578 -0.87116605 -0.49112833 0.018501766 -63.346313 0.026642198 -0.009599265 0.999599 -0.10913086
-0.49214858 0.86971575 0.02339281 -11.384277 -0.86957824 -0.49258113 0.018970236 -64.225464 0.028040905 -0.010996929 0.999546 -0.06652832
-0.4997794 0.8661898 0.022775277 -11.891968 -0.8660732 -0.50018144 0.017859496 -65.11926 0.026843522 -0.010810295 0.9995812 -0.032958984
-0.5039742 0.8631687 0.018042933 -12.411987 -0.8630894 -0.5042282 0.014359531 -66.00354 0.021512592 -0.008332058 0.9997338 0.016113281
-0.5091934 0.86022204 0.020525128 -12.911987 -0.8602279 -0.50946903 0.011404729 -66.88318 0.020273805 -0.011849744 0.99972415 0.05493164
-0.51442665 0.85719335 0.020922555 -13.427734 -0.85713744 -0.514744 0.014378721 -67.76465 0.023091383 -0.010534621 0.9996777 0.09472656
-0.52106935 0.85359764 0.021503413 -13.93042 -0.8535004 -0.52141905 0.016238688 -68.613525 0.02506286 -0.009890299 0.9996369 0.12768555
-0.52490854 0.85085815 0.023560435 -14.429932 -0.8507647 -0.5253174 0.016857551 -69.45825 0.026703775 -0.011189157 0.99958044 0.17211914
-0.52771235 0.84925836 0.025088936 -14.954468 -0.8491803 -0.5281633 0.016910568 -70.31201 0.02761167 -0.012383651 0.9995421 0.21533203
-0.5315571 0.8468935 0.024517406 -15.467041 -0.84683514 -0.53197926 0.015850965 -71.15039 0.026461732 -0.012341447 0.9995737 0.25500488
-0.53436357 0.84528035 0.01872929 -15.994385 -0.84530556 -0.5345772 0.008926793 -71.98999 0.017554237 -0.011066639 0.9997847 0.29638672
-0.5357892 0.84437525 0.013525886 -16.532837 -0.8444543 -0.5358352 -0.000254704 -72.8302 0.007028758 -0.01156059 0.99990845 0.33276367
-0.53824604 0.84269947 0.0117483055 -17.048096 -0.84277123 -0.5382556 -0.0026045039 -73.656006 0.0041259234 -0.011298917 0.9999276 0.3536377
-0.53822124 0.8430327 0.014240516 -17.579102 -0.84308463 -0.5383159 0.0036496692 -74.482544 0.010739186 -0.010040057 0.99989194 0.3734131
-0.5396194 0.8423517 0.016447123 -18.096558 -0.8423604 -0.5397903 0.0084648775 -75.29431 0.015999006 -0.009292733 0.9998289 0.4020996
-0.541034 0.84110767 0.013423976 -18.626099 -0.841029 -0.5411811 0.012383814 -76.10608 0.017680947 -0.004591179 0.9998331 0.4317627
-0.5396399 0.8418218 0.010042366 -19.163696 -0.841726 -0.5397312 0.012788491 -76.923706 0.016186737 -0.0015513478 0.99986774 0.4605713
-0.53963274 0.8417702 0.008114701 -19.686157 -0.84170765 -0.5396924 0.010344661 -77.7428 0.013086118 -0.0012472738 0.9999135 0.4901123
-0.5396194 0.84239924 0.007233761 -20.194458 -0.8423995 -0.5396532 0.0039164266 -78.558105 0.007196621 -0.0039818077 0.99996614 0.5097656
-0.5382249 0.8434179 0.0053277174 -20.713379 -0.84343415 -0.53822124 -0.002249408 -79.374146 0.000966376 -0.005701352 0.99998325 0.52978516
-0.5383024 0.8430173 0.013009813 -21.2052 -0.84311765 -0.5382434 -0.007984174 -80.18689 0.00026673003 -0.01525558 0.9998835 0.5539551
-0.53599423 0.84342295 0.018079566 -21.707642 -0.8436132 -0.5358064 -0.01442292 -81.008545 -0.0024622846 -0.022985464 0.9997324 0.55688477
-0.534544 0.8452636 0.014978962 -22.215942 -0.8453896 -0.53438467 -0.013478445 -81.81543 -0.0033941623 -0.01986964 0.99979687 0.5723877
-0.53166336 0.8468141 0.012272243 -22.720093 -0.8469007 -0.5315726 -0.010028271 -82.625244 -0.0019709182 -0.015722962 0.99987435 0.58862305
-0.52496684 0.85140616 0.011882598 -23.235962 -0.8514887 -0.52493006 -0.006281916 -83.43628 0.0008873766 -0.013413586 0.9999095 0.5982666
-0.5182956 0.8558159 0.008209951 -23.72705 -0.85585535 -0.5182696 -0.00518784 -84.24194 -0.00019312475 -0.009711462 0.9999528 0.6119385
-0.5091951 0.8602415 0.0010993676 -24.212402 -0.86024195 -0.5091935 -0.001519568 -85.051636 -0.0007465539 -0.001719939 0.99999815 0.6308594
-0.4997751 0.86652815 0.0018169644 -24.688477 -0.8665293 -0.4997711 -0.0022559245 -85.87109 -0.0010471488 -0.002700427 0.9999958 0.64208984
-0.48936757 0.8716606 0.0045923674 -25.13684 -0.8716691 -0.48934433 -0.005349497 -86.69336 -0.0024138123 -0.006621973 0.99997514 0.64782715
-0.47617766 0.8792563 0.0012985811 -25.597168 -0.87923306 -0.47615308 -0.008107323 -87.52515 -0.0065069944 -0.0049996823 0.9999663 0.66101074
-0.46480435 0.88529515 0.001130886 -26.039795 -0.88526154 -0.46477494 -0.009370726 -88.36499 -0.0077727055 -0.005361307 0.9999555 0.6654053
-0.45444748 0.8903238 -0.0003406955 -26.456543 -0.8902846 -0.45443103 -0.009197739 -89.19812 -0.008346536 -0.0038803394 0.9999577 0.6633301
-0.4413359 0.8972018 -0.0028300085 -26.885864 -0.8971535 -0.44134197 -0.009442372 -90.05261 -0.009717617 -0.0016290196 0.9999515 0.67944336
-0.42865273 0.90317965 -0.00021238101 -27.286377 -0.903169 -0.4286488 -0.004755141 -90.8949 -0.0043854294 -0.0018478411 0.9999887 0.6821289
-0.41838056 0.90823597 0.00028532417 -27.668335 -0.9082287 -0.41837853 0.0038399398 -91.736084 0.0036051497 0.0013473602 0.9999926 0.69433594
-0.4057864 0.9142492 0.0039268946 -28.04309 -0.9142164 -0.40580514 0.0077462266 -92.58569 0.008672641 -0.00044879998 0.9999623 0.70983887
-0.3952912 0.9184027 0.0030504973 -28.400757 -0.9183816 -0.3953029 0.006219747 -93.43628 0.006920597 -0.0003404413 0.999976 0.71533203
-0.3813868 0.9243101 0.0018679232 -28.754639 -0.92431045 -0.38138905 0.0010636719 -94.302 0.0016954131 -0.0013202068 0.9999977 0.7390137
-0.37260437 0.9281679 0.0044715023 -29.088745 -0.9281684 -0.3726186 0.0029078308 -95.15613 0.0043620826 -0.0030672466 0.99998575 0.7585449
-0.36521247 0.9310648 0.01103613 -29.40625 -0.9310661 -0.36530077 0.007413095 -96.01672 0.010930311 -0.0075724544 0.9999116 0.7751465
-0.3615229 0.9323488 0.01997869 -29.733276 -0.9323775 -0.3617951 0.012191524 -96.89502 0.01857889 -0.01422484 0.99972624 0.79248047
-0.35552275 0.9341881 0.023885846 -30.057495 -0.9342293 -0.3559134 0.014666649 -97.771484 0.022204943 -0.017089346 0.9996071 0.82263184
-0.35253298 0.93525887 0.02594059 -30.369385 -0.9353695 -0.35294333 0.013279309 -98.6427 0.021592105 -0.019583056 0.99957496 0.85339355
-0.34681398 0.9374834 0.029849483 -30.687134 -0.93766 -0.34733057 0.014175061 -99.52771 0.023647843 -0.023061471 0.9994541 0.8869629
-0.3415381 0.9394325 0.028745428 -30.995361 -0.93966323 -0.34194803 0.010656079 -100.41162 0.019857526 -0.02338931 0.99952954 0.9145508
-0.33585113 0.9417588 0.02701375 -31.310303 -0.9420258 -0.33612838 0.0063555017 -101.28003 0.015050285 -0.023316447 0.9996151 0.93847656
-0.33063403 0.9432625 0.028415397 -31.610596 -0.943623 -0.3308207 0.001999857 -102.168335 0.011295485 -0.02615183 0.99959415 0.9769287
-0.3233237 0.9458231 0.030598111 -31.903564 -0.9462152 -0.32359624 0.004281057 -103.035645 0.013955597 -0.027575351 0.99952245 0.9881592
-0.31610715 0.94789684 0.038846556 -32.174683 -0.9485393 -0.31652656 0.0050068954 -103.89758 0.017039102 -0.03526853 0.9992327 1.0045166
-0.30948904 0.95007473 0.039115414 -32.453613 -0.95069516 -0.30997765 0.006961653 -104.77368 0.018740587 -0.035041448 0.9992104 1.038208
-0.30215606 0.95262694 0.035057526 -32.734863 -0.9530512 -0.30267325 0.010397332 -105.63245 0.020520378 -0.030280339 0.99933106 1.0744629
-0.29495406 0.9549008 0.0375057 -33.002563 -0.9554414 -0.29546067 0.00864723 -106.51196 0.019335516 -0.0332791 0.99925905 1.102417
-0.28780714 0.9569717 0.037552305 -33.262817 -0.9576087 -0.2881211 0.0031207222 -107.3689 0.013800765 -0.035063535 0.9992899 1.1359863
-0.2812904 0.95900375 0.03658358 -33.5094 -0.959633 -0.28152084 0.0011965954 -108.26306 0.011445245 -0.034754027 0.99933004 1.1607666
-0.27319598 0.96107274 0.040501818 -33.748535 -0.96181065 -0.27357268 0.0039569447 -109.13037 0.014888434 -0.03787213 0.99917156 1.182373
-0.266632 0.9628654 0.040274713 -33.982788 -0.96353936 -0.26713356 0.00752193 -110.000854 0.018023422 -0.036800668 0.9991599 1.1970215
-0.26014006 0.9648436 0.040987752 -34.2135 -0.9655369 -0.26066995 0.008075612 -110.87891 0.018461358 -0.037464533 0.9991274 1.2237549
-0.2530234 0.96660596 0.041435495 -34.430054 -0.9673501 -0.25349227 0.0063918103 -111.74902 0.016687224 -0.03846529 0.9991206 1.2467041
-0.2442684 0.96905196 0.036055326 -34.65796 -0.9696011 -0.2446567 0.006716638 -112.63025 0.015320085 -0.03331108 0.9993274 1.2678223
-0.23777425 0.97088856 0.032704093 -34.87378 -0.9713136 -0.23815002 0.008073666 -113.500854 0.015613267 -0.029855289 0.9994326 1.2967529
-0.22978412 0.9726995 0.031268924 -35.09839 -0.97308797 -0.23013067 0.007919451 -114.40259 0.01490962 -0.0286083 0.9994795 1.3243408
-0.22189833 0.97425944 0.037721276 -35.27942 -0.9748671 -0.22231758 0.007246348 -115.28711 0.015461237 -0.035166487 0.99926174 1.3452148
-0.21493804 0.97570044 0.041846484 -35.47888 -0.97650844 -0.21529828 0.0042480044 -116.191284 0.013145237 -0.039944496 0.99911535 1.380249
-0.21140099 0.97661453 0.039677568 -35.668457 -0.9773514 -0.21169136 0.0032232506 -117.09216 0.011532198 -0.038082793 0.99920785 1.4101562
-0.20631397 0.97788763 0.0381702 -35.85913 -0.97855914 -0.2066169 0.004134957 -117.98694 0.011906085 -0.03648269 0.99926335 1.4350586
-0.20123029 0.9787587 0.037546296 -36.05005 -0.9793815 -0.20160212 0.0063508186 -118.887695 0.013790142 -0.035493787 0.9992747 1.4571533
-0.19483137 0.9804079 0.03088959 -36.257202 -0.980841 -0.1950524 0.0042806966 -119.77417 0.010220071 -0.029458491 0.9995137 1.473999
-0.18908954 0.9817209 0.022292346 -36.44629 -0.9819495 -0.18919621 0.002758856 -120.66907 0.006921045 -0.021366134 0.99974775 1.4926758
-0.18624064 0.9823922 0.02014268 -36.606323 -0.98257965 -0.18632507 0.0023902918 -121.55701 0.0060913186 -0.019345408 0.99979436 1.5093994
-0.18122864 0.9832538 0.022547068 -36.769165 -0.9834702 -0.18138492 0.005076642 -122.439575 0.009074165 -0.021247733 0.99973303 1.5213623
-0.17622662 0.98400134 0.023269773 -36.930298 -0.98422194 -0.17641652 0.0063569504 -123.33215 0.010364786 -0.021787714 0.99970895 1.5367432
-0.17558837 0.9841118 0.025472198 -37.07898 -0.98438704 -0.1757916 0.0059488947 -124.21484 0.010334243 -0.02402602 0.99965775 1.5539551
-0.1740941 0.9843429 0.026278434 -37.22461 -0.9846474 -0.17428267 0.0050463323 -125.09949 0.0095521705 -0.025001552 0.99964184 1.5717773
-0.17345907 0.9845451 0.022490544 -37.37915 -0.98479486 -0.1734991 -0.00017455919 -125.982544 0.0037288475 -0.022175241 0.99974704 1.5905762
-0.17136025 0.984834 0.022747412 -37.53296 -0.9850962 -0.17128825 -0.005095234 -126.86609 -0.0011125859 -0.023283869 0.9997282 1.6071777
-0.17135704 0.9849618 0.021208275 -37.676025 -0.9851871 -0.17126358 -0.0061623515 -127.74866 -0.0024332744 -0.021950481 0.99975604 1.6140137
-0.17002213 0.9852287 0.02356073 -37.828247 -0.985509 -0.17001058 -0.0025041453 -128.61731 0.0015281758 -0.02363899 0.99971944 1.6260986
-0.16913736 0.9853352 0.022200147 -37.976196 -0.98558086 -0.16916133 -0.00080539566 -129.47571 0.002967111 -0.022024963 0.99975306 1.6401367
-0.16916776 0.98526525 0.024910454 -38.121094 -0.9855748 -0.16919483 -0.001028094 -130.34778 0.0031999475 -0.024728516 0.99968916 1.6477051
-0.16918671 0.9852327 0.026024312 -38.257935 -0.98557216 -0.16920508 -0.0015081507 -131.20923 0.0029209685 -0.025921829 0.9996599 1.6630859
-0.16847146 0.9855039 0.021482723 -38.41101 -0.98573303 -0.16849974 -0.0005011414 -132.06262 0.0031220617 -0.021259017 0.99976915 1.6800537
-0.16780528 0.98561835 0.022697166 -38.548706 -0.9858652 -0.16788246 0.0015251962 -132.92139 0.0053064376 -0.022118088 0.9997413 1.7003174
-0.16634274 0.9855367 0.030781567 -38.686646 -0.9859691 -0.16656257 0.004691243 -133.78503 0.009765535 -0.029569102 0.9995148 1.7078857
-0.16642283 0.98532265 0.038661197 -38.81421 -0.98600745 -0.1667613 0.005687054 -134.65222 0.012042863 -0.037187006 0.99923617 1.7227783
-0.16720378 0.9852564 0.03696094 -38.950073 -0.9858352 -0.167637 0.008927091 -135.50232 0.0149863 -0.03493446 0.99927706 1.7380371
-0.1671821 0.98534834 0.03461193 -39.09143 -0.9858516 -0.1675725 0.008683183 -136.39282 0.01435426 -0.032668423 0.9993632 1.7770996
-0.16501713 0.9857212 0.036555134 -39.219727 -0.98625624 -0.16550994 0.010883765 -137.1947 0.016768748 -0.034265123 0.9992725 1.784668
-0.16214754 0.9863654 0.028471794 -39.374634 -0.986672 -0.16248167 0.009827579 -138.06604 0.014313105 -0.026484631 0.9995465 1.810791
-0.15930559 0.9870082 0.020130051 -39.510376 -0.98715615 -0.15948297 0.007517725 -138.896 0.01063519 -0.018665355 0.9997691 1.8408203
-0.1584723 0.9872212 0.015403071 -39.642822 -0.98733324 -0.15851533 0.0016065142 -139.72119 0.0040347446 -0.014958976 0.9998799 1.8660889
-0.15434194 0.98793405 0.0119747985 -39.769653 -0.987999 -0.15437698 0.0020506312 -140.56409 0.003876607 -0.0115113 0.9999262 1.87854
-0.14872588 0.98886836 0.0113879405 -39.892822 -0.9888967 -0.14881027 0.0069603915 -141.3855 0.008573635 -0.010223493 0.99991095 1.8964844
-0.14230679 0.9897294 0.006942237 -40.01184 -0.98968005 -0.14237823 0.011192095 -142.19397 0.01206775 -0.0052783974 0.9999132 1.9094238
-0.13459298 0.99084914 0.010122803 -40.11902 -0.99085337 -0.13467954 0.008412173 -143.02893 0.009698225 -0.008901332 0.9999134 1.9298096
-0.124786004 0.9921306 0.0067602224 -40.21875 -0.99213964 -0.12481736 0.0044300244 -143.85474 0.005241378 -0.0061541786 0.99996734 1.9458008
-0.11372637 0.99354786 0.0005275281 -40.31079 -0.99354327 -0.113727435 0.0029753228 -144.65344 0.0030161953 -0.00018617418 0.99999535 1.9655762
-0.09916566 0.99509007 -0.0055381134 -40.403442 -0.9951022 -0.09914981 0.003077997 -145.51868 0.0025152424 0.0058151437 0.9999799 1.9978027
-0.08597968 0.99623585 -0.007945004 -40.458374 -0.99625665 -0.08593903 0.0053252 -146.22717 0.004622915 0.008376747 0.9999542 2.003296
-0.07158577 0.9974009 -0.009620454 -40.52002 -0.9974328 -0.071529746 0.0060463157 -147.0852 0.005341774 0.010030719 0.99993545 2.0169678
-0.057960127 0.9981822 -0.014994506 -40.571167 -0.9982719 -0.057850584 0.0076359212 -147.84131 0.0067494 0.015415134 0.9998583 2.0249023
-0.043745138 0.9989948 -0.009678253 -40.60132 -0.9989364 -0.043597933 0.014933011 -148.67725 0.014496952 0.010317342 0.99984163 2.0421143
-0.03086803 0.9995233 -0.0023186319 -40.601562 -0.9992443 -0.030804023 0.023808142 -149.42004 0.023719974 0.00305406 0.99971384 2.069458
-0.01739192 0.99983454 0.006354247 -40.605835 -0.9993865 -0.017577887 0.030495148 -150.21997 0.030595638 -0.0058261864 0.9995149 2.0963135
