1.000000000000000000e+00 4.398956837314658088e-19 2.733407509747682871e-20 -8.673617379884035472e-19 -5.583667658079949532e-19 1.000000000000000000e+00 -6.100159232558060012e-19 0.000000000000000000e+00 4.145284534913582806e-20 -2.210423569125054137e-19 1.000000000000000222e+00 0.000000000000000000e+00
9.998893189078249533e-01 3.973824137544083369e-04 1.487252626753229195e-02 -6.377241265346536570e-02 -3.933777849310960708e-04 9.999998855841100154e-01 -2.721883009064272473e-04 -9.226647339086832544e-03 -1.487263298652906178e-02 2.663076693094300600e-04 9.998893608050701820e-01 3.438137574443544953e-02
9.992600980343264716e-01 4.157964248433410233e-03 3.823568791345510753e-02 5.265709115802189727e-02 -4.138553325781042444e-03 9.999912639859774854e-01 -5.868015148062796045e-04 1.092354887470190633e-02 -3.823779444857845766e-02 4.281269423046066042e-04 9.992685763870643445e-01 2.979215969548040244e-01
9.979247560800529326e-01 5.225319296576666842e-03 6.417847964461487198e-02 3.237176923953535845e-02 -5.271227854523257567e-03 9.999859579152965416e-01 5.460210533880960771e-04 6.355088816290557774e-03 -6.417472642152863282e-02 -8.831872682743544586e-04 9.979382868947529461e-01 4.310778152811110542e-01
9.952920620892935499e-01 4.728950447996251201e-03 9.680572366215835223e-02 7.907868718170979472e-02 -4.986189133737394669e-03 9.999846514674108899e-01 2.415524037011547529e-03 7.172337027930880682e-03 -9.679281661668379111e-02 -2.886843487034810099e-03 9.953003651226038917e-01 5.955550456286329286e-01
9.908861547723073482e-01 1.665028425979664557e-03 1.346917066157634624e-01 1.764429161997094764e-01 -2.295735683532368863e-03 9.999871159589749370e-01 4.527418343630230241e-03 6.341759865730420276e-03 -1.346824352898766675e-01 -4.795372630389499284e-03 9.908772104314507168e-01 7.967708928708709948e-01
9.846570964688539096e-01 -1.570340430183880202e-03 1.744933698495020058e-01 2.143805879144330961e-01 6.281362542910381552e-04 9.999849254517161334e-01 5.454751286384258192e-03 -9.489871910438069103e-03 -1.744993082737703594e-01 -5.261453836061658410e-03 9.846432393517494663e-01 9.714153399476204154e-01
9.760313499080115474e-01 -1.860300532682018131e-03 2.176220180963937545e-01 3.225458171898972215e-01 5.550797276795829205e-04 9.999814922831961050e-01 6.058628139772079257e-03 -3.336792787244344249e-03 -2.176292650416938590e-01 -5.792613279362274908e-03 9.760143181069456109e-01 1.198611381137849818e+00
9.641460757771599388e-01 -1.828516828056500404e-03 2.653657857242363582e-01 4.292444442893430523e-01 -6.795672122061669797e-04 9.999559698630274829e-01 9.359301372111040324e-03 1.234184024239572131e-02 -2.653712198588663029e-01 -9.204067411160915882e-03 9.641023813225966244e-01 1.397998410337616404e+00
9.496373684025678497e-01 -5.655501614309811631e-03 3.132999881315296498e-01 5.604807464714803844e-01 6.122764934112234769e-04 9.998686946404837794e-01 1.619316486971756133e-02 2.588103876952524418e-02 -3.133504360456185744e-01 -1.518580809524514366e-02 9.495161382204979628e-01 1.654014396186589186e+00
9.328187319966011470e-01 -1.526878459427097844e-02 3.600223266773968089e-01 6.863542604761915245e-01 6.910715032362200159e-03 9.996761579863163716e-01 2.449124636754778511e-02 -1.000908713654102833e-03 -3.602796941061721658e-01 -2.035788151262071105e-02 9.326221638182125018e-01 1.855522423254013509e+00
9.117324260397751123e-01 -2.103460191945595581e-02 4.102456903790129283e-01 8.437136320659561761e-01 9.820514035657887039e-03 9.995187964538968517e-01 2.942334121593482427e-02 -5.401966550446529736e-03 -4.106671940563496048e-01 -2.279739051409534686e-02 9.115002671957453950e-01 2.076191647241899751e+00
8.866604179521575535e-01 -2.292376552530734843e-02 4.618525751019232350e-01 1.031290048249365210e+00 8.491399731943289134e-03 9.994092172240952587e-01 3.330334256790584702e-02 -1.744697953333998464e-03 -4.623431665528577872e-01 -2.560698058762236190e-02 8.863312484628693699e-01 2.331481959307817320e+00
8.584916427327836663e-01 -2.499125545356307640e-02 5.122182470595793014e-01 1.208305622756258746e+00 6.605148354663930091e-03 9.992678715303915382e-01 3.768412012835736791e-02 2.548899669339557694e-02 -5.127850198225800682e-01 -2.896822444152250681e-02 8.580281867973686971e-01 2.546366591976848781e+00
8.262779989367206035e-01 -3.027198473638556889e-02 5.624484604217165895e-01 1.443591990989494755e+00 7.811865288272584057e-03 9.990745925168207364e-01 4.229578358714403130e-02 2.395039483796553015e-02 -5.632083534458850460e-01 -3.055430354165916684e-02 8.257498349773766400e-01 2.785493150417270414e+00
7.905275985712418851e-01 -3.607021810012928792e-02 6.113632713184649070e-01 1.665750957968079149e+00 9.983959198208330540e-03 9.988904240580176452e-01 4.602435483285808454e-02 2.621674874293502405e-02 -6.123450364315344840e-01 -3.027969641010832408e-02 7.900105709009822563e-01 2.966287497676631801e+00
7.530995700206362109e-01 -4.058633443165744759e-02 6.566534705377689018e-01 1.926828116910217270e+00 1.114251709245033493e-02 9.987390352938193550e-01 4.895082881920539974e-02 3.378256070724670879e-02 -6.578121997581912739e-01 -2.954807522515553661e-02 7.526021710530370612e-01 3.167403309374071441e+00
7.127138379794371037e-01 -4.371143206118681401e-02 7.000916283762514958e-01 2.249829383743376265e+00 1.210651262477610395e-02 9.986743782270175451e-01 5.002917719788257250e-02 4.358995679562908260e-02 -7.013504307684457206e-01 -2.718081829429325191e-02 7.122982410261078368e-01 3.421606056658679229e+00
6.711390635421097262e-01 -4.560852844201575274e-02 7.399271658653990835e-01 2.516903403426557606e+00 1.127242913945475378e-02 9.986181494642927259e-01 5.132956114969882550e-02 5.393175272485234428e-02 -7.412457756740288284e-01 -2.610849654406708145e-02 6.707257675407850561e-01 3.606449856667840237e+00
6.285795667693212518e-01 -4.609996672094899411e-02 7.763778149849747123e-01 2.863805996506930018e+00 7.119997176282708354e-03 9.985410153391784949e-01 5.352706115436708240e-02 8.384271693860945174e-02 -7.777127008394714158e-01 -2.811820852792849476e-02 6.279907093735705992e-01 3.834576233417504643e+00
5.865346366885249019e-01 -4.687393502275800927e-02 8.085665981024626747e-01 3.208163908247255502e+00 4.216531479339277397e-03 9.984870612243911259e-01 5.482526227293565979e-02 1.015099662508495981e-01 -8.099131761219364734e-01 -2.874756821309032429e-02 5.858448899884087790e-01 4.041500955511487803e+00
5.466236685877405854e-01 -4.795801489244560373e-02 8.360039367884660733e-01 3.583149725498508964e+00 2.181104766460452080e-03 9.984367894413201938e-01 5.584997965876614678e-02 1.202108131194024876e-01 -8.373755552364201549e-01 -2.870550800808151573e-02 5.458737809861912149e-01 4.242662134108457828e+00
5.078533643529776764e-01 -5.054135531450185126e-02 8.599596034481045148e-01 4.012852517194202662e+00 1.249440516011257043e-03 9.983195665153227205e-01 5.793515310968035820e-02 1.321708621432809982e-01 -8.614426345835152210e-01 -2.834809342670254612e-02 5.070630977716790166e-01 4.450444361161598472e+00
4.703209874984157213e-01 -5.040840715555476581e-02 8.810545660628589237e-01 4.423029789598452055e+00 -1.664650317508638028e-03 9.983148511604474917e-01 5.800592083285027040e-02 1.559314625801699328e-01 -8.824938593125459807e-01 -2.874804908666199130e-02 4.694445130319976900e-01 4.644939170254104077e+00
4.342178497810419979e-01 -4.965729470236654453e-02 8.994381571761962402e-01 4.867147079524305475e+00 -3.023527234043242064e-03 9.983934792871386188e-01 5.658019763219101356e-02 1.808626775680339804e-01 -9.008028262678821063e-01 -2.728760684261919561e-02 4.333701283733646936e-01 4.827673966009925266e+00
4.005943147770002488e-01 -4.832157465605928237e-02 9.149804404664203528e-01 5.375868686532362162e+00 -1.903419263859849496e-03 9.985623352134269659e-01 5.356901766867456366e-02 1.947306972306117601e-01 -9.162535604373398535e-01 -2.320103459126863360e-02 3.999264169431668292e-01 5.021883376217398443e+00
3.715813155496245357e-01 -4.683106127795474971e-02 9.272185089045198447e-01 5.881702888420261566e+00 2.048371660033641080e-04 9.987310657624816068e-01 5.036086067985802439e-02 2.205709647664532425e-01 -9.284003982037544178e-01 -1.852322526434006453e-02 3.711193947425062145e-01 5.189473697443194311e+00
3.450495066469473904e-01 -4.478804160704837056e-02 9.375152556350394573e-01 6.430197429714823443e+00 9.361065724043535425e-04 9.988767384603085553e-01 4.737494100402965536e-02 2.429569638605727500e-01 -9.385840278716620633e-01 -1.546908500182418364e-02 3.447038508762708120e-01 5.386150184195079405e+00
3.249668771448830928e-01 -4.435685829480570663e-02 9.446845943907411502e-01 7.004002827994224134e+00 2.178156953085355098e-03 9.989319283058671894e-01 4.615472034670530660e-02 2.667652949676772023e-01 -9.457228982687261309e-01 -1.294108316065891405e-02 3.247164041000608625e-01 5.533669933500168447e+00
3.098553235821959739e-01 -4.478878686537554610e-02 9.497281862894880744e-01 7.581583651367535204e+00 3.364039501295800535e-03 9.989352304900311896e-01 4.601182988127769380e-02 2.980511462817884150e-01 -9.507777751679780120e-01 -1.106208642030754620e-02 3.096760690009461858e-01 5.742245635307228646e+00
2.976890098524371253e-01 -4.639920626497363171e-02 9.535346620568359022e-01 8.203668853328039745e+00 4.310964907048780298e-03 9.988733413298325203e-01 4.725953368532583021e-02 3.137104639477892309e-01 -9.546531753341399584e-01 -9.957988424965265317e-03 2.975536399645895558e-01 5.936119415690756185e+00
2.871737830719245932e-01 -4.831948430851747134e-02 9.566589937422876888e-01 8.837634555565244909e+00 3.253399015088545999e-03 9.987703186391417853e-01 4.946984901660882172e-02 3.429887134806827720e-01 -9.578729821773052100e-01 -1.109404936896605728e-02 2.869778520483036166e-01 6.114880138795335540e+00
2.768672043398783256e-01 -4.985043615406255929e-02 9.596142295840481840e-01 9.513317370790284500e+00 1.511286080564453035e-03 9.986747612772901572e-01 5.144353374654454109e-02 3.744729241743536829e-01 -9.609070108689411471e-01 -1.279277485942032118e-02 2.765756261281802630e-01 6.282034451964261912e+00
2.664843145112259504e-01 -5.152789619255168652e-02 9.624608929034784710e-01 1.020543834713495635e+01 7.631015306582753215e-04 9.985808998469183351e-01 5.325039059362778743e-02 4.046013369998235354e-01 -9.638389617782398000e-01 -1.345593757287374438e-02 2.661454662506395619e-01 6.487875585790519040e+00
2.558765493393810875e-01 -5.364394323297099615e-02 9.652199247222909007e-01 1.090358132784711742e+01 -1.277511650738105545e-04 9.984572868206846863e-01 5.552503970770290842e-02 4.319303060086776003e-01 -9.667094660270976192e-01 -1.433086265371390222e-02 2.554749507890431426e-01 6.661882020763536083e+00
2.457511719209518330e-01 -5.519076908791559211e-02 9.677604686264442702e-01 1.163095889268485550e+01 -4.683542337447537860e-04 9.983709042206100337e-01 5.705539596705957311e-02 4.621454330254894938e-01 -9.693328420864507633e-01 -1.447468425423954243e-02 2.453249695410324449e-01 6.858196051649911418e+00
2.348982842365720802e-01 -5.642081478063418198e-02 9.703810961411388769e-01 1.242390586614543579e+01 -1.169229619194658799e-03 9.982968493958767064e-01 5.832695214838200248e-02 4.939483469646570590e-01 -9.720192619720510185e-01 -1.483549842093572109e-02 2.344322468379349544e-01 7.043673023523760790e+00
2.255829331679600480e-01 -5.940404786980288399e-02 9.724111698780794066e-01 1.317767527214397738e+01 -2.221267008025801671e-03 9.981052904520919533e-01 6.148898357195078240e-02 5.242560841382092329e-01 -9.742214445279453461e-01 -1.603084924446464277e-02 2.250235654203006919e-01 7.222686660143326165e+00
2.138483305132532208e-01 -6.298977523272709933e-02 9.748339159040400048e-01 1.395315990929351635e+01 -4.174613357721203115e-03 9.978508666292424945e-01 6.539281707510224972e-02 5.716054848079622497e-01 -9.768579635522720572e-01 -1.805369858127268967e-02 2.131257826111866427e-01 7.390428028497661117e+00
2.009672948527717606e-01 -6.660188552703617815e-02 9.773312227608691449e-01 1.472551203965160127e+01 -4.591735309239761836e-03 9.976110642159534692e-01 6.892808187401278097e-02 6.097227135050427016e-01 -9.795871983940531713e-01 -1.833993556952775300e-02 2.001813772963773330e-01 7.549369524875029214e+00
1.885834519473184312e-01 -6.910743298155323788e-02 9.796225946765876325e-01 1.553143254701677201e+01 -5.359685374588600039e-03 9.974336717460651203e-01 7.139568745802410410e-02 6.533829301080087415e-01 -9.820425512076819130e-01 -1.871451321795430597e-02 1.877290894406397903e-01 7.712502397322348102e+00
1.746763194134575703e-01 -6.985373445445330898e-02 9.821449092446140616e-01 1.633604670851825702e+01 -5.866097315302519141e-03 9.973887365134339600e-01 7.198122759587717578e-02 6.858625088392285019e-01 -9.846084446954446179e-01 -1.833477264048383876e-02 1.738104233430122769e-01 7.842162860423884219e+00
1.602283106676624935e-01 -6.930108185992621406e-02 9.846442159195599730e-01 1.712021446686458859e+01 -7.116099334018192307e-03 9.974253395418151147e-01 7.135862331364833944e-02 7.261567469439855760e-01 -9.870543382622040118e-01 -1.844049683365028489e-02 1.593226224144619618e-01 7.984778986046859650e+00
1.442234141308960105e-01 -6.809464105730340944e-02 9.871994276719492367e-01 1.792214310989661286e+01 -8.569406524595023569e-03 9.975061457276060972e-01 7.005750825735979070e-02 7.637647460554373158e-01 -9.895080541573316735e-01 -1.856364536034493112e-02 1.432802099134065088e-01 8.104183446246503664e+00
1.227657600471402100e-01 -6.685659094398049840e-02 9.901811690768266283e-01 1.873763202878950551e+01 -1.106560202956291539e-02 9.975740849328307291e-01 6.872770536445566014e-02 8.021112346363474810e-01 -9.923739909104223322e-01 -1.939435886050919211e-02 1.217281309288979069e-01 8.186388985556309450e+00
9.748994106438768625e-02 -6.547625701623056849e-02 9.930803362311201310e-01 1.955933817977986422e+01 -1.523545813173723083e-02 9.976184028361436695e-01 6.727111646937529443e-02 8.440026321370325268e-01 -9.951198970434012026e-01 -2.168829020183736175e-02 9.626019713820294088e-02 8.271508851972486198e+00
6.799975484004115722e-02 -6.496432503351350085e-02 9.955680050782200752e-01 2.038637247457971924e+01 -1.918302768804947336e-02 9.976081539242528384e-01 6.640770026665451797e-02 8.826852881782071281e-01 -9.975009083297852186e-01 -2.361371509490878609e-02 6.659089605746749962e-02 8.331599755688227305e+00
3.499922419749644520e-02 -6.473702766006991793e-02 9.972884007983460197e-01 2.123058822861146311e+01 -2.229920860725950749e-02 9.976007564688930129e-01 6.553988082151422645e-02 9.227064584216975174e-01 -9.991385374123789020e-01 -2.453258622789130511e-02 3.347166665853417572e-02 8.333339237595886573e+00
7.294859848443020160e-04 -6.404828663700662394e-02 9.979465254042523270e-01 2.206837418002512408e+01 -2.421301860464295311e-02 9.976530919276607179e-01 6.404715367109714563e-02 9.562516269205332264e-01 -9.997065643956977166e-01 -2.421001843454322761e-02 -8.230298009983004264e-04 8.316227766810857958e+00
-3.341165949910365057e-02 -6.323447494109127320e-02 9.974392437096962771e-01 2.291795465404532095e+01 -2.514400227222793674e-02 9.977337622451429855e-01 6.241088708182311595e-02 9.871782074322077438e-01 -9.991253461948531589e-01 -2.299436243588996037e-02 -3.492590990939076212e-02 8.292086036445875052e+00
-6.677619412317746528e-02 -6.123645706632212249e-02 9.958870512929803853e-01 2.375145451168126698e+01 -2.728746451872218759e-02 9.978536200155880831e-01 5.952770204714305513e-02 1.018652645106294052e+00 -9.973947820822975929e-01 -2.320019832443577859e-02 -6.830385607699702988e-02 8.218408516928832341e+00
-9.937523520597064952e-02 -5.818870355602950156e-02 9.933471800716329181e-01 2.457629136174202600e+01 -2.954898752192547384e-02 9.980209910856204791e-01 5.550638439218917586e-02 1.060712708208590094e+00 -9.946111988977907048e-01 -2.383644256681619403e-02 -1.008979893924132482e-01 8.141388365093474633e+00
-1.314231147363970342e-01 -5.391391088335076298e-02 9.898592010748530345e-01 2.541260257902825970e+01 -2.696606228377367021e-02 9.983449381231050968e-01 5.079582687876710301e-02 1.082007121359009227e+00 -9.909595416748103736e-01 -2.001685819457866070e-02 -1.326594486116702554e-01 8.013684779647501699e+00
-1.628084341861611994e-01 -4.840194930184864991e-02 9.854697600623557596e-01 2.625371607143968689e+01 -2.265716543203786029e-02 9.987160321051696821e-01 4.530938188612365636e-02 1.101728552140775585e+00 -9.863975280026197057e-01 -1.495120093165651538e-02 -1.636960457344226183e-01 7.863156676493072261e+00
-1.937574757501883682e-01 -4.229566726114566966e-02 9.801372864044534117e-01 2.709340684442756242e+01 -1.600550876112597637e-02 9.990735299008592918e-01 3.994878657033341246e-02 1.121163827927511347e+00 -9.809188960790168332e-01 -7.947218889709603551e-03 -1.942549302872357275e-01 7.686586359477455055e+00
-2.225767982386029076e-01 -3.664872733197247628e-02 9.742260635570839655e-01 2.789107585832699598e+01 -1.106838264617988205e-02 9.993237705430881856e-01 3.506412034242493980e-02 1.125918070975205021e+00 -9.748523354588503054e-01 -2.978646187549274880e-03 -2.228319287533501447e-01 7.479781049760882539e+00
-2.498354815191334011e-01 -3.006944412850797582e-02 9.678212872895136654e-01 2.871865312538307791e+01 -1.893776954708362072e-03 9.995309634733035020e-01 3.056577588432273992e-02 1.150552852870748044e+00 -9.682864564159798793e-01 5.803578787709722311e-03 -2.497752457297928719e-01 7.252138439175055851e+00
-2.771141802537943621e-01 -2.050040254390429750e-02 9.606182635345917875e-01 2.953245974925656725e+01 3.766819993315472653e-03 9.997414999922425993e-01 2.242195897611716157e-02 1.137571459441724109e+00 -9.608296195361260006e-01 9.831919990454178471e-03 -2.769653262576883823e-01 7.005672279819910919e+00
-3.019422289810027027e-01 -5.489233301048747175e-03 9.533104124751373698e-01 3.029538533988083415e+01 7.964729369583386717e-03 9.999339971171535835e-01 8.280367073973724998e-03 1.131673923767298584e+00 -9.532929606209932238e-01 1.009305304727229312e-02 -3.018785810046524798e-01 6.738771512156736421e+00
-3.268692192771623373e-01 1.178428557441181350e-02 9.449960995739621339e-01 3.108678046900084624e+01 9.169453037796357342e-03 9.999147355002206972e-01 -9.297464453810438956e-03 1.104971143215569995e+00 -9.450251052978040356e-01 5.626043466077778644e-03 -3.269494057184874070e-01 6.460212973298260053e+00
-3.525971773150743394e-01 2.662957933534211563e-02 9.353962157541132472e-01 3.187308864148248588e+01 7.811504851744805258e-03 9.996439424462879586e-01 -2.551408841295040725e-02 1.078606953578154615e+00 -9.357426065073157773e-01 -1.689342504665932452e-03 -3.526796508311714207e-01 6.167741830686853888e+00
-3.768261049590401757e-01 3.728038815425824271e-02 9.255334915420277975e-01 3.262558707499185573e+01 1.220957674239372959e-02 9.993028546724365135e-01 -3.528074337791188564e-02 1.051146996465111672e+00 -9.262035560345335261e-01 -1.994331957261843806e-03 -3.770185814645120037e-01 5.858547296770622914e+00
-4.006379075466464657e-01 4.199573114543710128e-02 9.152735168193348869e-01 3.341334968667108996e+01 1.588799396686539633e-02 9.991172507411082426e-01 -3.888818439222650747e-02 9.979883492954054747e-01 -9.160987133969060725e-01 -1.038219754048735942e-03 -4.009514739436220720e-01 5.511282588871043053e+00
-4.231960562846584506e-01 4.148001378140762224e-02 9.050881126666169285e-01 3.414509921245225144e+01 1.820236101643773682e-02 9.991390899001489911e-01 -3.727939176111908642e-02 9.564754057437362400e-01 -9.058552785369904381e-01 6.982499695591567719e-04 -4.235867579869447841e-01 5.131996898454877609e+00
-4.433213532522043421e-01 3.775157115139989722e-02 8.955674079563779033e-01 3.487493608318820293e+01 2.198799377337325861e-02 9.992700727704986186e-01 -3.123859399795755887e-02 9.114029803192134072e-01 -8.960930304426604209e-01 5.842995833034537317e-03 -4.438278434983671805e-01 4.756904140244437862e+00
-4.614213097403939146e-01 3.673316117100004774e-02 8.864203492824296315e-01 3.560457828068257413e+01 2.937053515542184523e-02 9.992272811273910094e-01 -2.611919344641603150e-02 8.804468799432824122e-01 -8.866948514553958383e-01 1.398268865854909900e-02 -4.621436346368814618e-01 4.348778143770244853e+00
-4.756994821685169295e-01 3.736618814008134393e-02 8.788138350660580356e-01 3.631006729521080700e+01 3.297997117652731042e-02 9.991524613216320461e-01 -2.463088472714085667e-02 8.287957817055994214e-01 -8.789893838552371719e-01 1.726635694094593235e-02 -4.765286455045790182e-01 3.981370254927384167e+00
-4.860952786954553240e-01 4.064010400308554899e-02 8.729603359840477639e-01 3.700408468036712151e+01 3.538801257869875205e-02 9.990141537275178951e-01 -2.680315578947436994e-02 7.790493313981131651e-01 -8.731890294623576576e-01 1.786344496700863899e-02 -4.870542372192949165e-01 3.563009981313542962e+00
-4.964019893801699390e-01 4.349669720138191198e-02 8.670023579372484468e-01 3.771091812297132861e+01 3.742499624205378878e-02 9.988876347537575251e-01 -2.868558403601993018e-02 7.431954505055973215e-01 -8.672856778393678301e-01 1.820798010232543146e-02 -4.974776740109788653e-01 3.175070345584178888e+00
-5.068694803967253026e-01 4.245060170960097273e-02 8.609769235155347866e-01 3.839669851858667471e+01 3.096227390859650208e-02 9.990387817441136464e-01 -3.102982617610878721e-02 6.898865927639404871e-01 -8.614665864945290075e-01 1.092973249041737788e-02 -5.076966365703556860e-01 2.761781477868892498e+00
-5.184300638221130964e-01 4.128199170195667733e-02 8.541229729092606471e-01 3.908263223805204944e+01 2.939057809481476768e-02 9.991040943012264863e-01 -3.045000195536812226e-02 6.671968393711659173e-01 -8.546148108020578116e-01 9.316972487867154415e-03 -5.191789021785128133e-01 2.359772974694020142e+00
-5.272637191838313031e-01 4.279631417945428673e-02 8.486232573094146803e-01 3.976791052756566813e+01 3.183830873224838959e-02 9.990245229426779616e-01 -3.059942159683049986e-02 6.292602240779223699e-01 -8.491050019614622135e-01 1.088476544385116700e-02 -5.281119489824750435e-01 1.946169920626921401e+00
-5.346406000511390033e-01 4.556145430713345879e-02 8.438504427416496645e-01 4.043785522339447169e+01 3.532323825066203266e-02 9.988777434957610835e-01 -3.155189897717854131e-02 5.813928661340074244e-01 -8.443409911258835665e-01 1.293860506456948924e-02 -5.356499754558770032e-01 1.503666013972878801e+00
-5.377085356069354338e-01 4.900477185608254765e-02 8.417054414631731651e-01 4.113101690782612252e+01 3.617385948562678449e-02 9.987310934756070679e-01 -3.503790451796620631e-02 5.450565965466154239e-01 -8.423544350470939523e-01 1.160755505210307389e-02 -5.387989266564928714e-01 1.049848215647724237e+00
-5.380754697733494130e-01 5.010955921510255179e-02 8.414058521486346143e-01 4.183879039881232842e+01 3.527956278313769400e-02 9.986954393351908932e-01 -3.691573972220561078e-02 4.961855429788977756e-01 -8.421580332043758776e-01 9.820977589993654458e-03 -5.391413622081742130e-01 6.228303693571022315e-01
-5.340861643993499719e-01 5.132694889890278972e-02 8.438705471640562950e-01 4.257390878678902624e+01 3.796883378871982601e-02 9.986044761819855564e-01 -3.670787034068827281e-02 4.601881110575606337e-01 -8.445770233334649602e-01 1.243561589201312018e-02 -5.352896600183909559e-01 1.346636136069085388e-01
-5.284699598511131136e-01 5.013815189085185642e-02 8.474701494536562851e-01 4.333046871761817442e+01 3.631494710972533319e-02 9.986758594483244877e-01 -3.643833570249455089e-02 4.120859384288671490e-01 -8.481749453662305038e-01 1.151926886496342992e-02 -5.295909568766640207e-01 -3.086436811512468514e-01
-5.215265824337996792e-01 4.890678133617766543e-02 8.518322237303431743e-01 4.406906397846215384e+01 3.414030305083730343e-02 9.987525080190441384e-01 -3.643991456281819169e-02 3.712539324620485748e-01 -8.525517435638584329e-01 1.007742716764730741e-02 -5.225456757420372522e-01 -7.697132169952538572e-01
-5.146261304264075909e-01 4.823334003640362966e-02 8.560569358997164313e-01 4.485266055791667839e+01 3.211427006021448649e-02 9.988002179061529207e-01 -3.697023548322974501e-02 3.242057006744005210e-01 -8.568130668967498531e-01 8.465795394739902141e-03 -5.155576709253969492e-01 -1.234690381656507796e+00
-5.080264813522056278e-01 4.656230743910663022e-02 8.600819916533697373e-01 4.565727487585872524e+01 2.931269118143856392e-02 9.988940127375364186e-01 -3.676298953288247018e-02 2.782674673236809060e-01 -8.608425364558763837e-01 6.534746578153640545e-03 -5.088294782863899135e-01 -1.697865970695657367e+00
-5.034882188499296696e-01 4.449439297379432362e-02 8.628556362388428713e-01 4.647507595290999660e+01 2.547616962957879871e-02 9.990033983827354414e-01 -3.664934860234068253e-02 2.341926648068891337e-01 -8.636264183898920699e-01 3.529742263261834850e-03 -5.041199895961856470e-01 -2.158236865434795870e+00
-5.022101415080372222e-01 4.183409404272130094e-02 8.637331004612955887e-01 4.731841474407669068e+01 2.093354139054319149e-02 9.991245651782471038e-01 -3.622002293730744449e-02 1.958268345471985139e-01 -8.644922052408493540e-01 -1.090693083918655337e-04 -5.026462262187688657e-01 -2.614707951951564802e+00
-5.025587248635116078e-01 3.924265858755635744e-02 8.636519717471725643e-01 4.814402564801153517e+01 1.794948898335134435e-02 9.992275735582024643e-01 -3.495814713180904476e-02 1.429178559943609927e-01 -8.643567297231139479e-01 -2.066409382598776833e-03 -5.028749221006411085e-01 -3.093371550630366951e+00
-5.035903968730403024e-01 3.774542611586757801e-02 8.631175942429969439e-01 4.898242455199522283e+01 1.619816048901057126e-02 9.992820482040157826e-01 -3.424920001664296526e-02 1.014122900959085055e-01 -8.637906830167288996e-01 -3.266650015696166871e-03 -5.038402509289175990e-01 -3.594998520598764902e+00
-5.041427951364055859e-01 3.735269368104654486e-02 8.628121492553962879e-01 4.985865396569627706e+01 1.632902518370515574e-02 9.992979048037174961e-01 -3.372032561065127498e-02 5.086864668113478399e-02 -8.634659329300747865e-01 -2.910976988128269327e-03 -5.043987731928379903e-01 -4.096143286357005309e+00
-5.038383619879875930e-01 3.664631013185924713e-02 8.630202427827224909e-01 5.073075752954778750e+01 1.608295369726267174e-02 9.993244612357341516e-01 -3.304481418934385184e-02 2.177013135665414878e-03 -8.636482246133226903e-01 -2.769329542807948824e-03 -5.040873817681257307e-01 -4.601496402738827207e+00
-5.040172597047757330e-01 3.626714370465079773e-02 8.629317949406000166e-01 5.162652128291593812e+01 1.658602399242296854e-02 9.993401821411559416e-01 -3.231260023912576468e-02 -4.417863672851458923e-02 -8.635343177963157313e-01 -1.973499858179405229e-03 -5.042862290467023945e-01 -5.123965667140493174e+00
-5.048056239578332383e-01 3.576835323805679923e-02 8.624916773232477185e-01 5.249709857610014296e+01 1.622013776266263349e-02 9.993578180923627929e-01 -3.195087662933230460e-02 -9.845591785998444867e-02 -8.630806459547859522e-01 -2.139247475475008261e-03 -5.050616157510594562e-01 -5.626198608070109408e+00
-5.046796140781737439e-01 3.412783001003035638e-02 8.626318825970632487e-01 5.337986848747304691e+01 1.428570727170232028e-02 9.994116472671635831e-01 -3.118137018663751786e-02 -1.452938714014981869e-01 -8.631885182142207125e-01 -3.413294412612177375e-03 -5.048702258520655350e-01 -6.140343227181731756e+00
-5.050049287366965567e-01 3.351779753181075017e-02 8.624653997263292959e-01 5.427788132911480545e+01 1.403459493718682213e-02 9.994324715063868103e-01 -3.062294917944310274e-02 -2.001088388027224552e-01 -8.630023547860055100e-01 -3.360386833206552726e-03 -5.051887339761680362e-01 -6.645962128406169178e+00
-5.043827674165827224e-01 3.253203503998577939e-02 8.628671260063143222e-01 5.516327449691863904e+01 1.262352700266569649e-02 9.994610439488180731e-01 -3.030293995796129805e-02 -2.464687394021595201e-01 -8.633879097961058013e-01 -4.391853358132402456e-03 -5.045215975095601602e-01 -7.151471073452492888e+00
-5.028503400139457957e-01 3.164198658315686696e-02 8.637941344551760547e-01 5.607610304382555455e+01 1.240037197424476503e-02 9.994909827963660565e-01 -2.939397999078089893e-02 -2.999397400554756343e-01 -8.642845472608711166e-01 -4.069403358183149022e-03 -5.029867541596892977e-01 -7.687823960193417072e+00
-5.009816767749722954e-01 2.905100412745066293e-02 8.649701643100915494e-01 5.696603622630718178e+01 1.256954520094323915e-02 9.995752858216346848e-01 -2.629171893934228316e-02 -3.592869473258235025e-01 -8.653666150332746110e-01 -2.299386944733738773e-03 -5.011340618807311742e-01 -8.184020790991050731e+00
-4.988208810323783715e-01 2.825515766145750979e-02 8.662444003435201267e-01 5.785396691371278877e+01 1.371865256789970254e-02 9.996006466232656429e-01 -2.470517794582008375e-02 -4.008907591542205662e-01 -8.665965264184040118e-01 -4.397517261957337533e-04 -4.990092991396219979e-01 -8.685346036461027097e+00
-4.956085683613718484e-01 2.725811948907606169e-02 8.681181533924279270e-01 5.876457419932288673e+01 1.306710545112078903e-02 9.996282958732328749e-01 -2.392740732410814780e-02 -4.643680323993996661e-01 -8.684477014555598284e-01 -5.148356971050211143e-04 -4.957805345548003118e-01 -9.221510347981110911e+00
-4.939959527462409739e-01 2.778093685548437344e-02 8.690202555480521784e-01 5.964936922027284538e+01 1.364821598405645785e-02 9.996140309995615869e-01 -2.419742144883225282e-02 -5.091152450517111294e-01 -8.693570827574450544e-01 -9.285117921073449132e-05 -4.941844470717132731e-01 -9.715804514554179150e+00
-4.930980603584589894e-01 2.811086297579031348e-02 8.695194469212773614e-01 6.053243775756462952e+01 1.387863367199339282e-02 9.996048115361571007e-01 -2.444594559898453923e-02 -5.481832113204087031e-01 -8.698630345541049635e-01 1.349445829389362859e-05 -4.932933352867809318e-01 -1.020454849764620064e+01
-4.940517201692500304e-01 2.887079060169728262e-02 8.689530261096833907e-01 6.139826715769952159e+01 1.260864319479495718e-02 9.995813273697375934e-01 -2.604212102139327398e-02 -6.006529715459090202e-01 -8.693410909330810954e-01 -1.909835104533370376e-03 -4.942088969566050816e-01 -1.069800883747433140e+01
-4.963397512698595748e-01 3.092920323386927003e-02 8.675772138975350600e-01 6.229834511357702098e+01 1.160939595526776225e-02 9.995122536169358529e-01 -2.899097743558603710e-02 -6.486453678878228990e-01 -8.680507391075696910e-01 -4.317326232393500079e-03 -4.964567339395903334e-01 -1.119747818176817056e+01
-5.002952664767210678e-01 3.186677462588193011e-02 8.652682482675474462e-01 6.318334294321995515e+01 1.080279010694136857e-02 9.994744545282564507e-01 -3.056328597675807279e-02 -6.989197002996306862e-01 -8.657874787883300671e-01 -5.943355148048687885e-03 -5.003765898606027385e-01 -1.169457360109698563e+01
-5.055837636978041116e-01 3.051897615045343418e-02 8.622375754456115260e-01 6.403109222924587129e+01 1.094822999574892632e-02 9.995206561614822238e-01 -2.895849003560775278e-02 -7.366233021835897343e-01 -8.627080655750477556e-01 -5.200966208907269531e-03 -5.056755452196145528e-01 -1.220654044307150876e+01
-5.111312209612681734e-01 2.820722373087329593e-02 8.590397046173309237e-01 6.492001188669148348e+01 1.371505165550496695e-02 9.996017576337152821e-01 -2.466218702701407361e-02 -8.061721356827785678e-01 -8.593932653180375025e-01 -8.238389170042071828e-04 -5.113145315939771063e-01 -1.272823131135540820e+01
-5.165922790911452456e-01 2.598961931263569364e-02 8.558369842340215472e-01 6.576317509220706370e+01 1.087867541094623448e-02 9.996577720834459724e-01 -2.379060980179719190e-02 -8.455823263256755373e-01 -8.561624166385113366e-01 -2.979671676254874290e-03 -5.166982206285836154e-01 -1.321987906853508576e+01
-5.213272142828193623e-01 2.829812486732061205e-02 8.528875298497829993e-01 6.660916342891636077e+01 1.184103433153813750e-02 9.995936847192410379e-01 -2.592788756243767992e-02 -8.999791732987832971e-01 -8.532747139834788719e-01 -3.417841975039672721e-03 -5.214504713377964285e-01 -1.373645860877307356e+01
-5.263502308871721436e-01 3.058188471348611409e-02 8.497176999800154507e-01 6.744410730563559753e+01 1.238878437437245829e-02 9.995227188635811277e-01 -2.829933698360782846e-02 -9.448920070828271678e-01 -8.501776075271294530e-01 -4.368392305587524491e-03 -5.264778874223902116e-01 -1.427268637419781427e+01
-5.315199418943374887e-01 3.086368808196278749e-02 8.464832964123945036e-01 6.828123220984211628e+01 1.113654212152119342e-02 9.995042090762621401e-01 -2.945018584972267442e-02 -9.904018395543648934e-01 -8.469725736853387366e-01 -6.226463320116401058e-03 -5.316001350852080920e-01 -1.478089587787594361e+01
-5.350092009328427656e-01 3.147991929276887368e-02 8.442595315660479383e-01 6.910992908951152458e+01 1.025881780297193541e-02 9.994739553822937772e-01 -3.076636392177652460e-02 -1.037502695452277246e+00 -8.447839506558033618e-01 -7.799182215347547076e-03 -5.350507101671174714e-01 -1.529701870886641046e+01
-5.386801911780990659e-01 3.070338062375532751e-02 8.419506762019907109e-01 6.994268867081164842e+01 1.042405202086000432e-02 9.995021365805500935e-01 -2.977949109138348233e-02 -1.093941031077908077e+00 -8.424458453881823461e-01 -7.265083453591521419e-03 -5.387320568380290498e-01 -1.580533058205413965e+01
-5.413577963370099777e-01 2.409839157835198462e-02 8.404468995803963116e-01 7.075026149666858544e+01 1.199059383845942073e-02 9.997087983943991896e-01 -2.094144338950965772e-02 -1.140574257485391652e+00 -8.407068297512627630e-01 -1.259355318289033781e-03 -5.414891072855747556e-01 -1.635056572656237606e+01
-5.430144649597511419e-01 1.598411310115549488e-02 8.395711918228611070e-01 7.158891192737249298e+01 1.247904579400703311e-02 9.998620154092620060e-01 -1.096464942375473782e-02 -1.178377708226818532e+00 -8.396306186731555821e-01 4.523085079322474410e-03 -5.431390049910794771e-01 -1.686920672737732474e+01
-5.448919604106884362e-01 1.304567625925051946e-02 8.384047644232621721e-01 7.238832835624118900e+01 1.280833274970417587e-02 9.998918013237715341e-01 -7.234102309283904110e-03 -1.205205378511203795e+00 -8.384084384163464909e-01 6.796764004128750571e-03 -5.450000983632019569e-01 -1.739260635104987784e+01
-5.463247429220164930e-01 1.789289648134719315e-02 8.373822942690052340e-01 7.318139032185499104e+01 1.283598970526731754e-02 9.998332394272667623e-01 -1.298963753158106742e-02 -1.235872068966347825e+00 -8.374750886606322497e-01 3.652071082073082061e-03 -5.464633117077662972e-01 -1.789867664185517526e+01
-5.480449118523149643e-01 2.326565327225313395e-02 8.361252724545907844e-01 7.396834177342124406e+01 1.292060591697097652e-02 9.997292982553410701e-01 -1.934911187506179950e-02 -1.291305598399811849e+00 -8.363491160928381296e-01 1.990637527927214439e-04 -5.481971626522350594e-01 -1.842401494369043391e+01
-5.480795444135053707e-01 2.826530518355437754e-02 8.359484869250840555e-01 7.478296263713680503e+01 1.945335238691758145e-02 9.995892739568198460e-01 -2.104401193358389210e-02 -1.313326037283045089e+00 -8.361999710116209128e-01 4.728208980433699742e-03 -5.484042899897438872e-01 -1.896207694301202906e+01
-5.476328784830190033e-01 2.880706807888970891e-02 8.362226799720436921e-01 7.558564279642149586e+01 2.263550434658777311e-02 9.995514433049432768e-01 -1.960984681843370298e-02 -1.365881376323684560e+00 -8.364125033705889223e-01 8.189326239177115857e-03 -5.480392977810136790e-01 -1.947381993026920100e+01
-5.474519641149220295e-01 2.669700336360077489e-02 8.364111454652117805e-01 7.635312951957784833e+01 2.249503281544905364e-02 9.995992930488849515e-01 -1.718216510398733188e-02 -1.397965211204339031e+00 -8.365347165159400245e-01 9.408687135051907804e-03 -5.478331474516882071e-01 -1.999832051880124695e+01
-5.470017759053308337e-01 2.135374505464617337e-02 8.368590454632530706e-01 7.716060461448098806e+01 2.030098134059489176e-02 9.997189880140890939e-01 -1.223989899205382183e-02 -1.431884957190499463e+00 -8.368852602217100589e-01 1.029381439779722580e-02 -5.472815650074771554e-01 -2.052005093629574972e+01
-5.457857982875606861e-01 1.542864208188298759e-02 8.377826726585768657e-01 7.794616217274105452e+01 1.857326574532416549e-02 9.998075734566018724e-01 -6.312671986736759742e-03 -1.458271758467994061e+00 -8.377188715058331292e-01 1.211499453474261176e-02 -5.459673360608225945e-01 -2.103317735704060354e+01
-5.456084458029420992e-01 8.741415629424837547e-03 8.379946292946941488e-01 7.878126310371420971e+01 9.765217423850003353e-03 9.999440250564285426e-01 -4.072746735048311632e-03 -1.488622612554311830e+00 -8.379833386787047811e-01 5.961075725421607040e-03 -5.456632684030267022e-01 -2.155119293414403359e+01
-5.445774714704149089e-01 3.899649978227258569e-03 8.387014710127806971e-01 7.955499468578138078e+01 1.770706085407189930e-03 9.999923077830784601e-01 -3.499853139217871424e-03 -1.511748327218919830e+00 -8.387086822629448157e-01 -4.208464426043718293e-04 -5.445801887744323722e-01 -2.202986224219736044e+01
-5.431108949748928438e-01 4.192168920266045248e-03 8.396505038615870165e-01 8.032520385747382363e+01 4.665720799239144422e-03 9.999871655956593663e-01 -1.974762085101619026e-03 -1.533120100032217659e+00 -8.396480205243356254e-01 2.845060978988996157e-03 -5.431234851394103336e-01 -2.252334028750260941e+01
-5.393080419810318826e-01 7.315087057352607537e-03 8.420767853621583532e-01 8.113968404424879566e+01 9.875493087942470091e-03 9.999484470465881403e-01 -2.361751112774759624e-03 -1.558874323178659038e+00 -8.420506648174120867e-01 7.042213105720442241e-03 -5.393524803338347606e-01 -2.306459243796769343e+01
-5.338995162671846817e-01 1.038464733277499538e-02 8.454841527939017665e-01 8.193999853184618587e+01 1.066886877269064213e-02 9.999277142278168995e-01 -5.544505408902260062e-03 -1.581638290396905067e+00 -8.454806286963125750e-01 6.060151711854752828e-03 -5.339717165565524004e-01 -2.354959673339846304e+01
-5.263646797211245509e-01 1.196817928456945200e-02 8.501746723417800133e-01 8.271829924386267407e+01 1.517860034458275859e-02 9.998738548384081826e-01 -4.678084718391926564e-03 -1.616433764016242058e+00 -8.501234298049321625e-01 1.044208404478169823e-02 -5.264799427692062883e-01 -2.401891818000109424e+01
-5.177486799908987969e-01 1.413664687860299342e-02 8.554159492902780881e-01 8.353812536490568164e+01 2.206730512951283335e-02 9.997514759451197053e-01 -3.165494192523579577e-03 -1.642235622986419896e+00 -8.552481221458491101e-01 1.723779542543066312e-02 -5.179319658929997239e-01 -2.452088888529284461e+01
-5.088494666925871268e-01 1.412025823737820054e-02 8.607396964935959405e-01 8.429512746233017140e+01 2.117930329145010712e-02 9.997681633997956840e-01 -3.880274386198663723e-03 -1.659063803075250476e+00 -8.605949509191300750e-01 1.625539262947345645e-02 -5.090305552047236226e-01 -2.497088868088211200e+01
-4.962965990442854691e-01 1.201391349768090103e-02 8.680698923558189950e-01 8.513971041963000630e+01 1.805007121522707661e-02 9.998308957115111806e-01 -3.517794711346978152e-03 -1.682325397577639770e+00 -8.679653755354986844e-01 1.392285490546396783e-02 -4.964295263760169497e-01 -2.543950515698788095e+01
-4.854246693537455637e-01 9.029526614210036523e-03 8.742318595248680380e-01 8.595525665892233746e+01 1.863780378175951269e-02 9.998263007900523025e-01 2.206824812588583794e-05 -1.712010694871483052e+00 -8.740798220235227456e-01 1.630447543815348801e-02 -4.855086432467511370e-01 -2.589847790201019251e+01
-4.744762952280164314e-01 7.971839063136500897e-03 8.802321745150016863e-01 8.675604208270310380e+01 1.906905064820225287e-02 9.998174198455513917e-01 1.224029491459690828e-03 -1.734947233312984727e+00 -8.800617190748123431e-01 1.736596601975632162e-02 -4.745416819132879382e-01 -2.631772892631888894e+01
-4.623656413172758661e-01 6.574081975473409362e-03 8.866649767478335109e-01 8.755841825815795687e+01 1.807897400811654329e-02 9.998345327279473116e-01 2.014406189769888875e-03 -1.744670445916054913e+00 -8.865050352050606319e-01 1.696138640368253375e-02 -4.624079888396752658e-01 -2.672579737323947313e+01
-4.499873221427652670e-01 8.045392857353225041e-03 8.929986938384617545e-01 8.840688657293674169e+01 2.074866651702811024e-02 9.997836747750182829e-01 1.447914346612831117e-03 -1.759685470989589051e+00 -8.927938821296259597e-01 1.918007634733721184e-02 -4.500569109632126530e-01 -2.714426336995225597e+01
