1.000000000000000000e+00 4.398956837314658088e-19 2.733407509747682871e-20 -8.673617379884035472e-19 -5.583667658079949532e-19 1.000000000000000000e+00 -6.100159232558060012e-19 0.000000000000000000e+00 4.145284534913582806e-20 -2.210423569125054137e-19 1.000000000000000222e+00 0.000000000000000000e+00
9.998967557992749500e-01 2.670997415679113242e-04 1.436685128749721173e-02 -8.935373351300485156e-02 -2.632394960169296425e-04 9.999999287455038077e-01 -2.705817791027335440e-04 -9.832640809792791980e-03 -1.436692278515426177e-02 2.667719359788936853e-04 9.998967548431048069e-01 1.449251476345758682e-02
9.995420420864763456e-01 1.622815637932262028e-03 3.021709110045524976e-02 -1.015518729727658415e-01 -1.612539587486556221e-03 9.999986334503002672e-01 -3.644402451220915703e-04 -1.650488174855908874e-02 -3.021764175030390229e-02 3.155471209766955187e-04 9.995432929745526884e-01 3.097916395808597567e-02
9.979518853300292092e-01 5.130427627191854779e-03 6.376294604083423967e-02 4.004396048505703271e-03 -5.211598823952140469e-03 9.999858070686818978e-01 1.106755848148890595e-03 6.862443299981577094e-03 -6.375636403008649866e-02 -1.436795937463467791e-03 9.979644591087806216e-01 4.192516468356098369e-01
9.954089099729842571e-01 4.082380060151017016e-03 9.562654488706937017e-02 2.074065606782966864e-02 -4.381042871038857284e-03 9.999861589725076438e-01 2.913474614039806513e-03 1.421680100049284301e-02 -9.561332905968600304e-02 -3.319042526979628250e-03 9.954130174393320818e-01 5.509116566359415490e-01
9.908709972965107360e-01 1.706997940696453487e-03 1.348026436846788412e-01 1.621816801603798153e-01 -2.369824098425465236e-03 9.999858787582955877e-01 4.756702739097845231e-03 1.332583600794680356e-02 -1.347926227517070585e-01 -5.032737262246290456e-03 9.908610500642506258e-01 8.168944361922839681e-01
9.851140157609363790e-01 -2.526723556122115188e-03 1.718836564374526810e-01 1.448216329489476761e-01 1.537404454954195655e-03 9.999814800784651014e-01 5.888623205262738178e-03 -1.786958481994514736e-02 -1.718953550596667434e-01 -5.536710442401279048e-03 9.850996558825321214e-01 8.969781994422498794e-01
9.764177371476592260e-01 -2.659837219319280150e-03 2.158734058270801448e-01 2.644493103620719765e-01 1.259506672912139935e-03 9.999772670550136633e-01 6.624123490958868168e-03 -5.717506372493907918e-03 -2.158861212112252181e-01 -6.196017527337044535e-03 9.763988900778741709e-01 1.160925766853267982e+00
9.648043851405451177e-01 -2.689300284187628662e-03 2.629548730133601242e-01 3.459503933941551201e-01 1.338960247031504411e-05 9.999482070628761265e-01 1.017757384350369103e-02 3.620287822479778539e-03 -2.629686289046158088e-01 -9.815846854402232591e-03 9.647544507291787586e-01 1.326952384874279911e+00
9.503743941158829811e-01 -6.192844887296294031e-03 3.110468749753942941e-01 5.202884923694972574e-01 1.014713124281960577e-03 9.998582458882733226e-01 1.680650107915096156e-02 2.327694694827245336e-02 -3.111068682284933162e-01 -1.565684478048379874e-02 9.502459581653939225e-01 1.617124693741107677e+00
9.335358277083077860e-01 -1.588230091130425972e-02 3.581321113472243911e-01 6.349781426976182086e-01 7.449168492835812894e-03 9.996618189553515554e-01 2.491500727731561782e-02 -5.562980384502258513e-04 -3.584067116845563450e-01 -2.059126534037477099e-02 9.333384330240918070e-01 1.806331115380857444e+00
9.124188241805700761e-01 -2.159120700474714480e-02 4.086877863689662438e-01 8.070914844007888167e-01 1.022784602174124473e-02 9.994984747579325202e-01 2.996981965456672892e-02 -8.305869003230395564e-03 -4.091299107697397019e-01 -2.316503167018997555e-02 9.121820540809369993e-01 2.045765046655266595e+00
8.875722708006239525e-01 -2.355307486457189348e-02 4.600659884356262941e-01 9.986530412760596942e-01 8.958237043913680822e-03 9.993857231520718587e-01 3.388106131323887632e-02 -5.763440876048769868e-03 -4.605813916742210745e-01 -2.595051013069804569e-02 8.872380490914241191e-01 2.279889820684988688e+00
8.591858508614228507e-01 -2.545742411870169364e-02 5.110299300133858136e-01 1.159677076521236527e+00 6.886955452512532813e-03 9.992464017748895477e-01 3.819945485354654668e-02 2.819390894339434545e-02 -5.116172873195641291e-01 -2.930099052115383088e-02 8.587136933640689973e-01 2.508572486609998986e+00
8.270304927666906059e-01 -3.078166596017336762e-02 5.613136808543786049e-01 1.401763826006842351e+00 8.016981766549097915e-03 9.990440203485860815e-01 4.297410114553055355e-02 2.508957185076772511e-02 -5.620999005273504823e-01 -3.104085022731374946e-02 8.264866437182402104e-01 2.753708173574405560e+00
7.915366819383441443e-01 -3.657749698399252736e-02 6.100260339874598037e-01 1.604119719351017048e+00 1.027051469393963808e-02 9.988624206888215840e-01 4.656587824166618511e-02 2.280587192981996247e-02 -6.110353548138620638e-01 -3.059331907747077708e-02 7.910119150559282719e-01 2.936344674023012136e+00
7.538745739239929300e-01 -4.106854066761304878e-02 6.557335549265628227e-01 1.876698439970313936e+00 1.132317860465984968e-02 9.987083910521773467e-01 4.953115399628767873e-02 3.342595442849109755e-02 -6.569207871578551794e-01 -2.991528906789989520e-02 7.533658882864724404e-01 3.135938855718916063e+00
7.137085279246446756e-01 -4.426164783544926651e-02 6.990429428776713250e-01 2.199948875600324261e+00 1.236252157538126999e-02 9.986419946987473706e-01 5.060962783408351484e-02 4.213866669410001875e-02 -7.003337164795035985e-01 -2.747858906030730547e-02 7.132864925621502650e-01 3.395329424079926994e+00
6.725246520085585988e-01 -4.627022240011000737e-02 7.386268680858264490e-01 2.477671730370167413e+00 1.152731889362073638e-02 9.985774915893635972e-01 5.205875675613125947e-02 5.187428266389926962e-02 -7.399849481939749785e-01 -2.649640931161595034e-02 6.721013506136642723e-01 3.564914617924147766e+00
6.296821776839280904e-01 -4.656637917368772889e-02 7.754559418534449078e-01 2.830362648559157090e+00 7.227025698765147943e-03 9.985097819812676079e-01 5.409237780531783724e-02 8.444637866933479842e-02 -7.768192430353405564e-01 -2.845676570375105588e-02 6.290803492944166964e-01 3.812059696354228588e+00
5.878425467629070367e-01 -4.744257856522468564e-02 8.075830182524947887e-01 3.153959140625131496e+00 4.321868278837017255e-03 9.984488136626812338e-01 5.550934968711816742e-02 1.020751742736844131e-01 -8.089638271721837359e-01 -2.914048950286779807e-02 5.871357328850950186e-01 4.007327818363332739e+00
5.478530173826952065e-01 -4.848407144531403229e-02 8.351684589138947956e-01 3.536790811287144454e+00 2.177898870684132591e-03 9.983984455427523663e-01 5.653141294240172227e-02 1.239924326058347015e-01 -8.365717786684793156e-01 -2.915199212627635206e-02 5.470811931804454575e-01 4.213551874943476605e+00
5.091475625071970601e-01 -5.108520692422241494e-02 8.591618293987396404e-01 3.981382983733066094e+00 1.262589456956138452e-03 9.982802240408822358e-01 5.860887399235695239e-02 1.324921917490462786e-01 -8.606783248714434675e-01 -2.875579604742002637e-02 5.083364412148353439e-01 4.429944711934792778e+00
4.717972092507294324e-01 -5.099923244889895818e-02 8.802309122231343208e-01 4.362882520130930253e+00 -1.721127453662913472e-03 9.982706086158966707e-01 5.876078329055575700e-02 1.599136040635239508e-01 -8.817054185538436561e-01 -2.923816252009929506e-02 4.708935098150453524e-01 4.629230636155212686e+00
4.358493795867302567e-01 -5.035437432336863778e-02 8.986098941688295261e-01 4.824496789389271179e+00 -2.984974363270312750e-03 9.983473137059117875e-01 5.739103681985697342e-02 1.844187753172028266e-01 -9.000146792228128634e-01 -2.769617461564068822e-02 4.349787495204214816e-01 4.793672077682574972e+00
4.025715967557069730e-01 -4.906581609567840091e-02 9.140725579802196910e-01 5.342439052892346218e+00 -1.618233079708925179e-03 9.985227219188419490e-01 5.431164790220176924e-02 2.012274507111289079e-01 -9.153870797824420480e-01 -2.334350853937114736e-02 4.018974853566562033e-01 4.990780051180633947e+00
3.723614698392977429e-01 -4.736605395010888564e-02 9.268782974831866195e-01 5.840324459835991355e+00 2.197473324011927883e-04 9.987012766766356631e-01 5.094812695884530507e-02 2.235642166773701700e-01 -9.280877668032175842e-01 -1.876743962120138581e-02 3.718882825825746141e-01 5.166475434184680360e+00
3.465151681014040363e-01 -4.543271124883523776e-02 9.369434840487224081e-01 6.386725985179698029e+00 1.104349662978392800e-03 9.988454786388074602e-01 4.802593238432904810e-02 2.488967692670535081e-01 -9.380437273284650823e-01 -1.560699998750009546e-02 3.461652812273893209e-01 5.349887588345298539e+00
3.262263380259378676e-01 -4.487101832330898238e-02 9.442261133371036008e-01 6.967580334625230520e+00 2.225257386634938491e-03 9.989064488916571394e-01 4.670069119867902019e-02 2.702925583726374370e-01 -9.452890777502163111e-01 -1.313384848345427146e-02 3.259694410969682377e-01 5.528687475095677151e+00
3.111034002422632949e-01 -4.541327970999846364e-02 9.492904156334337484e-01 7.543477465678643412e+00 3.374255212453900876e-03 9.989041515343372035e-01 4.668094272253044130e-02 3.039435089520871047e-01 -9.503700883418562118e-01 -1.131945099485484260e-02 3.109157127264842724e-01 5.721140940157754429e+00
2.991360758667732656e-01 -4.698996945162260686e-02 9.530527454325461445e-01 8.164865139119815041e+00 4.325778366680446164e-03 9.988432526518041810e-01 4.788991788247168313e-02 3.203973437174572059e-01 -9.542006664870197330e-01 -1.020290626473092932e-02 2.989933178645108325e-01 5.914850135545485443e+00
2.884582789295132565e-01 -4.888114395037489873e-02 9.562439226756941357e-01 8.786638970197616416e+00 3.167983848773134759e-03 9.987392939469033060e-01 5.009777006643268554e-02 3.527558191056278103e-01 -9.574872330524027975e-01 -1.142175033904332081e-02 2.882494711684989164e-01 6.086669988417011012e+00
2.782776069790497409e-01 -5.049560044500216865e-02 9.591724309268367943e-01 9.469730812312786128e+00 1.548456040851364747e-03 9.986394148080526278e-01 5.212409651080141676e-02 3.837935836538134415e-01 -9.604994492907246162e-01 -1.301973161777759784e-02 2.779771754642527126e-01 6.277017063379748407e+00
2.678184289199925794e-01 -5.225918273337246123e-02 9.620510648096070039e-01 1.016036754085460636e+01 8.137187963664448522e-04 9.985398063500133814e-01 5.401474758431818596e-02 4.129267393642674366e-01 -9.634690671879960755e-01 -1.368330492275342605e-02 2.674698850851331411e-01 6.463203832076252375e+00
2.575011500190313996e-01 -5.429309818671675808e-02 9.647514713511423645e-01 1.086270233826210507e+01 -3.202130288447030258e-05 9.984197339358056311e-01 5.619638619535031326e-02 4.423002438174231665e-01 -9.662779999719190993e-01 -1.450152579441379291e-02 2.570924898059970820e-01 6.668360779274153494e+00
2.473029859856546719e-01 -5.595598597723143441e-02 9.673211177792265802e-01 1.158326131587914176e+01 -4.271860812896633407e-04 9.983246941341870073e-01 5.785864284416274150e-02 4.692231361126147360e-01 -9.689381132079455394e-01 -1.472184037854687086e-02 2.468647728723247781e-01 6.842807764285768535e+00
2.365473578788097608e-01 -5.704999203627934834e-02 9.699436220378375717e-01 1.238739087456536048e+01 -1.158713320599690693e-03 9.982574323261531601e-01 5.899793341048574502e-02 5.028280127819217959e-01 -9.716192780778536431e-01 -1.507969098301263980e-02 2.360690521584567214e-01 7.042258161104107295e+00
2.269915126471485078e-01 -6.006939649310791968e-02 9.720424397879379175e-01 1.312285349153317249e+01 -2.243386151354098516e-03 9.980611123651927930e-01 6.220115077951546279e-02 5.341272502069049910e-01 -9.738941611578778579e-01 -1.629979897714452577e-02 2.264166413997852345e-01 7.217959468470256823e+00
2.156460310246821332e-01 -6.352328447685079427e-02 9.744031842586520220e-01 1.389561867555856978e+01 -4.233364701567618113e-03 9.978115545227578265e-01 6.598621248320017674e-02 5.826229130093134589e-01 -9.764624338555155658e-01 -1.835466800794880241e-02 2.149051828522498542e-01 7.383968903439122933e+00
2.023717626217682308e-01 -6.742799981459911274e-02 9.769847072943964594e-01 1.468807563072766698e+01 -4.248170070773368834e-03 9.975570101174560111e-01 6.972778904298172764e-02 6.178163066564787975e-01 -9.792995658263236036e-01 -1.826133189613949118e-02 2.015909234780861592e-01 7.546660814419854368e+00
1.901839807990479136e-01 -6.992422200499778806e-02 9.792551456496302320e-01 1.546619348800874150e+01 -5.230513587163813233e-03 9.973740089539853138e-01 7.223384204720603718e-02 6.608039863411308001e-01 -9.817345425953284410e-01 -1.885972610445099673e-02 1.893188184077879976e-01 7.690400000455603013e+00
1.763580895849271857e-01 -7.056894526815177260e-02 9.817931715752779009e-01 1.628976319299994913e+01 -5.930852328681876333e-03 9.973324843268409623e-01 7.275122434585097608e-02 6.990108966645524058e-01 -9.843082170985534285e-01 -1.865313638321771175e-02 1.754691162526210990e-01 7.835138347083200117e+00
1.621932983835622233e-01 -6.979214181638053460e-02 9.842877497688804489e-01 1.707342760510320545e+01 -7.415916180975025591e-03 9.973812069098422217e-01 7.194256209630195409e-02 7.348877473543733441e-01 -9.867311463765726653e-01 -1.896799601520414782e-02 1.612509736463060006e-01 7.976875548954441619e+00
1.454144982848327716e-01 -6.866453466134729566e-02 9.869852018633037405e-01 1.786798801084906430e+01 -8.832541738792101457e-03 9.974589079068476583e-01 7.069450614439920511e-02 7.722481325082239945e-01 -9.893314040525328368e-01 -1.899759325478463795e-02 1.444385029064138848e-01 8.086959033608103198e+00
1.254149323607199051e-01 -6.746883489619548424e-02 9.898075743607998023e-01 1.867999972939945863e+01 -1.116509701817336962e-02 9.975257614552495156e-01 6.940962327650378183e-02 8.129868140020736211e-01 -9.920415578822341374e-01 -1.975629992992661635e-02 1.243513284315001105e-01 8.165155933615288575e+00
1.001537050233621412e-01 -6.596371617122624709e-02 9.927829604618382264e-01 1.951419410807843136e+01 -1.557582842631435698e-02 9.975737150122228059e-01 6.785334669880321856e-02 8.561228623536893956e-01 -9.948500621793333609e-01 -2.225918027007851158e-02 9.888326268082048287e-02 8.268619706842962103e+00
6.969546918937706559e-02 -6.552754630293858296e-02 9.954138160475006769e-01 2.034476020869726653e+01 -1.970298095555245502e-02 9.975551874021255649e-01 6.704804703236520724e-02 8.982093073958316021e-01 -9.973737270664321253e-01 -2.428556371323890850e-02 6.823398744179841324e-02 8.324264201703421406e+00
3.647946037070361885e-02 -6.535934680161918642e-02 9.971947590984067133e-01 2.118844883133987977e+01 -2.254233997263317690e-02 9.975512161816694201e-01 6.620735603005467595e-02 9.376859761473959054e-01 -9.990801315316095721e-01 -2.489431105631000063e-02 3.491677605036329346e-02 8.336744686331057252e+00
1.756696075730548433e-03 -6.457387699047462126e-02 9.979113744060705837e-01 2.203452235895842293e+01 -2.452875234865768000e-02 9.976098922195085761e-01 6.459754832833142224e-02 9.733562403229913951e-01 -9.996975900961206918e-01 -2.459099837913397701e-02 1.685793526501521084e-04 8.340324724754999863e+00
-3.237932378739825229e-02 -6.354518961166599755e-02 9.974535432654584310e-01 2.288381703362209763e+01 -2.565325773432084941e-02 9.977008991807890803e-01 6.272819256583681002e-02 1.003000690709553666e+00 -9.991463891797327523e-01 -2.355683550461140988e-02 -3.393502297726431333e-02 8.294550796284518412e+00
-6.511750167877056183e-02 -6.154421504641313656e-02 9.959779130468521258e-01 2.373013888445283115e+01 -2.815066342042992983e-02 9.978123364572766274e-01 5.981706590319528505e-02 1.036003011690793674e+00 -9.974804600975407665e-01 -2.414230025875964761e-02 -6.670755836846666009e-02 8.241430277174696784e+00
-9.730861941592701403e-02 -5.845712383266844087e-02 9.935359983447792365e-01 2.454694381695206573e+01 -2.979726170773727353e-02 9.979971682432872138e-01 5.580121318278887660e-02 1.073416756148239504e+00 -9.948081085317650452e-01 -2.417471228748856518e-02 -9.885559022797626993e-02 8.162607538707751687e+00
-1.290280437408121150e-01 -5.423622264977342317e-02 9.901566436177814401e-01 2.536819590664608626e+01 -2.696804224452956783e-02 9.983258037351785408e-01 5.116946660836147603e-02 1.101616375811150128e+00 -9.912741827962301411e-01 -2.010028912879663343e-02 -1.302746715992822990e-01 8.037415565376551996e+00
-1.609963985560778355e-01 -4.869963517668802339e-02 9.857527520195129567e-01 2.621734982570916017e+01 -2.287668548547303407e-02 9.986976700006723329e-01 4.560286408543312575e-02 1.117880055050555654e+00 -9.866898365560284878e-01 -1.520885786334791670e-02 -1.619008157321938091e-01 7.890191030833706876e+00
-1.918779473616216147e-01 -4.261618638490748817e-02 9.804930887278234808e-01 2.707310356549002606e+01 -1.642379362264544812e-02 9.990563040288287233e-01 4.020895909635331666e-02 1.136986459328536592e+00 -9.812813708305549998e-01 -8.388202614637851884e-03 -1.923967937382493054e-01 7.697269922175722812e+00
-2.210641329321976212e-01 -3.691240333842554094e-02 9.745604685418062241e-01 2.790182348658136036e+01 -1.091425293624227050e-02 9.993145355976824629e-01 3.537425656746848862e-02 1.146907534758269342e+00 -9.751982077431199381e-01 -2.816619068373668947e-03 -2.213154740099610440e-01 7.499321751584155038e+00
-2.482789749326443640e-01 -3.038846337877860321e-02 9.682117925926317925e-01 2.868515854864633496e+01 -1.959292211269370552e-03 9.995215267197455900e-01 3.086873476804520913e-02 1.174273178428694830e+00 -9.686865993145207243e-01 5.767049103474979239e-03 -2.482197213140454328e-01 7.280634602856158821e+00
-2.753543418195436021e-01 -2.004608858648356667e-02 9.611337702928232085e-01 2.952769521664213315e+01 4.138347735874669912e-03 9.997485894407045492e-01 2.203705907898270699e-02 1.168431241008538235e+00 -9.613339046067229665e-01 1.004550679049869173e-02 -2.752021584937390242e-01 7.035464175653200591e+00
-3.001250492307689921e-01 -5.063915582243581036e-03 9.538864164167271120e-01 3.030352945353660132e+01 8.418942251226161841e-03 9.999328995356060457e-01 7.957249557612804461e-03 1.162248923733682382e+00 -9.538627215599918552e-01 1.041888568789889162e-02 -3.000622792275151607e-01 6.771875726461224154e+00
-3.246034949524598257e-01 1.168768381250831490e-02 9.457779618896242635e-01 3.107081411309449948e+01 8.952597255132864126e-03 9.999168250829673088e-01 -9.284067186129800822e-03 1.128904435554934249e+00 -9.458078225086160584e-01 5.453529585962882745e-03 -3.246811325394376446e-01 6.470774838542783236e+00
-3.498118319499356477e-01 2.629274536713882907e-02 9.364509373859081220e-01 3.186458037975116397e+01 7.806051982528762825e-03 9.996531782154512991e-01 -2.515131848332289796e-02 1.100074392952023139e+00 -9.367874692314447360e-01 -1.488243121685060236e-03 -3.498957534409989356e-01 6.199366086255484909e+00
-3.744135995525946226e-01 3.711860740101578793e-02 9.265185643639634039e-01 3.260964043604515439e+01 1.145833156458827932e-02 9.993073811968166131e-01 -3.540430056573964923e-02 1.063781969773660574e+00 -9.271910145684932880e-01 -2.639493751132209517e-03 -3.745795922692157220e-01 5.882036229114014247e+00
-3.979394294661988130e-01 4.179512343958012577e-02 9.164591442538092547e-01 3.339777922716819347e+01 1.560841257278195414e-02 9.991255623039436706e-01 -3.878773226659454343e-02 1.013835128248182338e+00 -9.172789117693308514e-01 -1.130694662861477960e-03 -3.982438130500161044e-01 5.528879313831790654e+00
-4.206083548064515898e-01 4.120145196681224142e-02 9.063062603091885938e-01 3.412075112847097103e+01 1.773634519043375615e-02 9.991507664147415424e-01 -3.719096659222476120e-02 9.678447112110700745e-01 -9.070689321226673707e-01 4.317303727852115150e-04 -4.209819245169531543e-01 5.179750378074946759e+00
-4.410639716575962543e-01 3.794716765214217052e-02 8.966730568651852806e-01 3.487482632812889705e+01 2.207469439951720291e-02 9.992621459231757486e-01 -3.143042398494744205e-02 9.398930421802313973e-01 -8.972041541014691424e-01 5.930957082482591659e-03 -4.415762042007116417e-01 4.817811521206178504e+00
-4.592310807916292759e-01 3.666847854487089581e-02 8.875597010438952550e-01 3.559811158706900613e+01 2.927685810826148941e-02 9.992296459786129681e-01 -2.613388849247473902e-02 9.090935931462826858e-01 -8.878342711715907498e-01 1.398346665013854018e-02 -4.599508493760064987e-01 4.400161166777679433e+00
-4.732138821364886283e-01 3.732140508732901402e-02 8.801566454283810126e-01 3.629799928535589260e+01 3.277790561359342214e-02 9.991563056301430157e-01 -2.474440885678760860e-02 8.586565106544067350e-01 -8.803375735845881955e-01 1.714029477358134865e-02 -4.740379529822421611e-01 4.025315014855876505e+00
-4.844007059546973637e-01 4.054247362801453175e-02 8.739063165466701699e-01 3.699177963665989211e+01 3.545917089390662053e-02 9.990146137493038925e-01 -2.669173387480085896e-02 8.029711143169071530e-01 -8.741273453437437002e-01 1.805849979403801459e-02 -4.853609878921432141e-01 3.624021098919788741e+00
-4.941257915579163607e-01 4.320683019551823517e-02 8.683161050566027273e-01 3.769834861259562331e+01 3.690172919008103541e-02 9.989065291582474027e-01 -2.870554524182606509e-02 7.605217956028672566e-01 -8.686069173864653381e-01 1.785821659012193363e-02 -4.951798873841998239e-01 3.232513728829505162e+00
-5.047448735728735647e-01 4.240585434449348212e-02 8.622263871239778110e-01 3.839085383115697425e+01 3.095480389922334805e-02 9.990395134824057166e-01 -3.101371572851334066e-02 7.021920325853894251e-01 -8.627134083612379989e-01 1.103603573391731194e-02 -5.055727390479790584e-01 2.847336481152540788e+00
-5.160122334405152777e-01 4.128332206636470270e-02 8.555857928823202840e-01 3.908134142913214504e+01 2.932288777448457257e-02 9.991038447166535885e-01 -3.052336276258275569e-02 6.910064179344086455e-01 -8.560791757981642824e-01 9.337818603294483280e-03 -5.167603537771892075e-01 2.415206267676567986e+00
-5.246192724102278770e-01 4.269312873541467046e-02 8.502657835343536696e-01 3.976657099912570459e+01 3.156733182328545079e-02 9.990304791410568042e-01 -3.068558708780605437e-02 6.512928247901640377e-01 -8.507515115793274907e-01 1.074237277162448656e-02 -5.254583524427093311e-01 1.990956550769490185e+00
-5.319314967931523253e-01 4.567442656334864265e-02 8.455546797731383624e-01 4.044938494824344843e+01 3.539631941889509470e-02 9.988708294441345226e-01 -3.168858781629824845e-02 5.997540996222416876e-01 -8.460472770607955217e-01 1.307336661505088468e-02 -5.329475631936085867e-01 1.551751699092596137e+00
-5.357755403839099539e-01 4.893751012563854474e-02 8.429410878063143819e-01 4.113445892233070111e+01 3.614160388776583438e-02 9.987332248006244306e-01 -3.501042824500082140e-02 5.678781679730621201e-01 -8.435866087429123583e-01 1.170751279950161920e-02 -5.368655145122384065e-01 1.104757985207196480e+00
-5.352416578578437223e-01 5.024433436263316122e-02 8.432033335049385903e-01 4.184647429042617972e+01 3.514309141581344748e-02 9.986896463487526798e-01 -3.720152335446880870e-02 5.129283126628778611e-01 -8.439676193356268064e-01 9.720967792834003807e-03 -5.363060444223801682e-01 6.729980826129720040e-01
-5.320625757613902662e-01 5.115347862555683078e-02 8.451584017918026825e-01 4.257988492085436860e+01 3.771386985981900475e-02 9.986144640294135622e-01 -3.669899435539115268e-02 4.792265095151840293e-01 -8.458647003029816647e-01 1.234803353289360903e-02 -5.332545807523372261e-01 2.011982786772742171e-01
-5.264395056531302464e-01 5.013081424550015069e-02 8.487333711301925376e-01 4.333753706921684312e+01 3.618817908951044854e-02 9.986767089837579325e-01 -3.654102577745847735e-02 4.347801623569709784e-01 -8.494420959761926904e-01 1.147747670416092436e-02 -5.275570170659431568e-01 -2.340163057146333603e-01
-5.192211964839078542e-01 4.886922067182192936e-02 8.532415456268946929e-01 4.407598872320412653e+01 3.402208513867895079e-02 9.987543462558750029e-01 -3.650004791810653598e-02 3.903565355103988943e-01 -8.539624457899258614e-01 1.007745896565714547e-02 -5.202370606464435943e-01 -6.884854448747459443e-01
-5.120749636376902281e-01 4.806619777378338954e-02 8.575948104517981951e-01 4.486326624478171254e+01 3.204795257829137073e-02 9.988069835202751934e-01 -3.684478727565459327e-02 3.424198441140577920e-01 -8.583426894095087523e-01 8.616865711006175405e-03 -5.130044742037109806e-01 -1.165607053098879797e+00
-5.057294408751876746e-01 4.656504245058244035e-02 8.614345105755376597e-01 4.568111736735046691e+01 2.910360184442509560e-02 9.988947276635394834e-01 -3.690939382432242150e-02 2.926445065627554243e-01 -8.622010932639400105e-01 6.404680891318363135e-03 -5.065256837846063842e-01 -1.617868490630406608e+00
-5.011234442228310604e-01 4.435767552643317402e-02 8.642382060221562856e-01 4.648537484148491927e+01 2.502885728868910892e-02 9.990105615167633735e-01 -3.676213042818041871e-02 2.480534472577717586e-01 -8.650137931140325920e-01 3.208530261405724126e-03 -5.017378365510670735e-01 -2.081662696830044013e+00
-4.999166017969196019e-01 4.163752469781051985e-02 8.650720745907815035e-01 4.732638182136722804e+01 2.037124935974731973e-02 9.991326399639087752e-01 -3.631776312570991760e-02 2.119887866850271585e-01 -8.658339423935518253e-01 -5.332528563005327696e-04 -5.003312037325984285e-01 -2.528778518837306866e+00
-5.002168253654190044e-01 3.901449912913933921e-02 8.650207991325887802e-01 4.816070362555643669e+01 1.753220463484274350e-02 9.992359823367970018e-01 -3.492954865738314568e-02 1.586750867478999016e-01 -8.657226817948334707e-01 -2.306625366857472433e-03 -5.005186622765336324e-01 -3.029723306620375922e+00
-5.011092816530687832e-01 3.779513600326777495e-02 8.645582698705689406e-01 4.900899289789206392e+01 1.595035088943613441e-02 9.992794908306887880e-01 -3.443959174852503913e-02 1.155746590396344031e-01 -8.652370117405414618e-01 -3.467990412705849318e-03 -5.013510747198050010e-01 -3.511881206870916650e+00
-5.015074636101647387e-01 3.722696952607276732e-02 8.643520134499271812e-01 4.989321015467142217e+01 1.612056018845357125e-02 9.993024527326569428e-01 -3.368583485531165267e-02 6.583167617807078598e-02 -8.650031235857359446e-01 -2.959858036126715875e-03 -5.017577592697429756e-01 -4.024250501645330935e+00
-5.013892153392258688e-01 3.643870241576777080e-02 8.644541990044337654e-01 5.075528368122181178e+01 1.577951891886677019e-02 9.993317080726780155e-01 -3.297186667883816868e-02 2.161987214629181031e-02 -8.650779582542841295e-01 -2.891066068522513913e-03 -5.016291273858661803e-01 -4.517676892214791629e+00
-5.016675453357771763e-01 3.590380264773398306e-02 8.643150914942389074e-01 5.164914600793666466e+01 1.613252356829030301e-02 9.993528623552939694e-01 -3.214962137278103843e-02 -2.787188451381984733e-02 -8.649100692949148739e-01 -2.184837140688408209e-03 -5.019221175417905023e-01 -5.029066261667958671e+00
-5.022296410476969619e-01 3.540212771744269404e-02 8.640092959495897507e-01 5.252870313531188629e+01 1.573197987221337801e-02 9.993703137122181834e-01 -3.180378671871593455e-02 -8.145908143931462897e-02 -8.645911778293601246e-01 -2.380226623183576400e-03 -5.024703407069218697e-01 -5.536200238230565951e+00
-5.022359579638899785e-01 3.383691094158765983e-02 8.640683378443198004e-01 5.342398067335827960e+01 1.402967753776026595e-02 9.994214544807998868e-01 -3.098264747248916789e-02 -1.299289238072751651e-01 -8.646168070286744944e-01 -3.437998580427227384e-03 -5.024201137669010997e-01 -6.042780017162767692e+00
-5.025888871250157042e-01 3.318988997390020373e-02 8.638882035460139219e-01 5.433036725816683088e+01 1.370766901964395532e-02 9.994431149236822076e-01 -3.042301456424571435e-02 -1.815986168278798107e-01 -8.644168685667058538e-01 -3.448374565804861007e-03 -5.027639601171741690e-01 -6.544061414470667692e+00
-5.020708844042818253e-01 3.221461715398257764e-02 8.642262620107974413e-01 5.521326702749656334e+01 1.242315108410396718e-02 9.994715293348486185e-01 -3.003876398885952856e-02 -2.271358008616819191e-01 -8.647372460325677412e-01 -4.345174482960435791e-03 -5.022057629427560954e-01 -7.057065130542781617e+00
-5.004683968749966683e-01 3.098800596287620487e-02 8.652000425690941077e-01 5.611672438477872760e+01 1.185189203483676991e-02 9.995108026183663341e-01 -2.894284162812621464e-02 -2.849893663284172596e-01 -8.656736849066231088e-01 -4.230719159429127858e-03 -5.005908367646283441e-01 -7.574261517117709452e+00
-4.985952440395451379e-01 2.856245029585377168e-02 8.663642164042844040e-01 5.701638449337815473e+01 1.218484938997825215e-02 9.995891810625860963e-01 -2.594221512259953233e-02 -3.427288866010798074e-01 -8.667492858117971100e-01 -2.378146668546996228e-03 -4.987384420456312251e-01 -8.082406285969353732e+00
-4.962088567461113708e-01 2.749400782229219700e-02 8.677677318220005098e-01 5.791172033367931249e+01 1.314865522676487812e-02 9.996218030087309359e-01 -2.415292511595642372e-02 -3.862373143494382544e-01 -8.681036204181189486e-01 -5.749157002129069239e-04 -4.963827025004224347e-01 -8.580614127208781028e+00
-4.930485440316959012e-01 2.675609655141615237e-02 8.695902660700899345e-01 5.880683303855266075e+01 1.247150567954795515e-02 9.996416441528691577e-01 -2.368638425421719026e-02 -4.432078407701129930e-01 -8.699124135581792761e-01 -8.334363922498087048e-04 -4.932055472369160642e-01 -9.119004421950350547e+00
-4.914998078225725209e-01 2.729018517940372951e-02 8.704499819041925379e-01 5.970687010024533947e+01 1.331521799429315200e-02 9.996275465810651184e-01 -2.382169310198292006e-02 -4.901039194269707355e-01 -8.707758933244846844e-01 -1.181253771193615208e-04 -4.916801230286005908e-01 -9.608944413264881135e+00
-4.904123909515262780e-01 2.759407052361445914e-02 8.710535232404764683e-01 6.057131427198229545e+01 1.318823897137980788e-02 9.996191308058141045e-01 -2.424177502019258038e-02 -5.346805649396003668e-01 -8.713907101229312335e-01 -4.008038872313605147e-04 -4.905895264015833757e-01 -1.009235062386663095e+01
-4.907507169857998619e-01 2.861176003887006686e-02 8.708301138848342227e-01 6.148933497673687754e+01 1.243715479166809801e-02 9.995888932564112039e-01 -2.583334349657003676e-02 -5.806059861022688784e-01 -8.712112622596585032e-01 -1.847081993620982784e-03 -4.909048161707829094e-01 -1.061321699892986992e+01
-4.935492949287337283e-01 3.061437363063838901e-02 8.691788308132883945e-01 6.235862164751140568e+01 1.155917602967337400e-02 9.995229059516792525e-01 -2.864168125566138659e-02 -6.266218804372778450e-01 -8.696410129503927555e-01 -4.089089580020062106e-03 -4.936677036548940967e-01 -1.109143086429555680e+01
-4.984608532864492902e-01 3.137011429307356991e-02 8.663444350160184326e-01 6.324730572457392697e+01 1.031998361813309985e-02 9.994889804596467364e-01 -3.025352635888976793e-02 -6.786861017413344799e-01 -8.668507876634230502e-01 -6.139537305550930510e-03 -4.985298703354156258e-01 -1.155880378707648504e+01
-5.037143095753295885e-01 2.990174448285733144e-02 8.633526316078807827e-01 6.411979328535052503e+01 1.031146743877968397e-02 9.995376836869496184e-01 -2.860231649466309090e-02 -7.215779213124290381e-01 -8.638087637124621798e-01 -5.504962670548444424e-03 -5.037897663126434944e-01 -1.206286615216237479e+01
-5.091223397987705290e-01 2.788798092986102123e-02 8.602422276452298400e-01 6.498355068157452763e+01 1.332334018657163437e-02 9.996105313449868968e-01 -2.452089326341861178e-02 -7.824833388603181783e-01 -8.605910433643886304e-01 -1.022833784431805872e-03 -5.092956148736460520e-01 -1.259288524203716086e+01
-5.144804596412350106e-01 2.569641005321895294e-02 8.571169919168226681e-01 6.585622197807278155e+01 1.053654927542280705e-02 9.996648798802442171e-01 -2.364548676343444442e-02 -8.290648179010902119e-01 -8.574373737341414170e-01 -3.134084572555951090e-03 -5.145787995847410645e-01 -1.309626012853907540e+01
-5.193425391004520275e-01 2.764809295297133637e-02 8.541187837752303169e-01 6.667076720204380536e+01 1.149142654931628073e-02 9.996120683948302998e-01 -2.537045159430086766e-02 -8.791554245532091638e-01 -8.544889034995358790e-01 -3.360910580837375965e-03 -5.194587869470316255e-01 -1.359665041169185073e+01
-5.240483680705269043e-01 2.997014546421414294e-02 8.511610218691075813e-01 6.749713549856794259e+01 1.183646356889032913e-02 9.995404385151949178e-01 -2.790716539757418999e-02 -9.214642352127210279e-01 -8.516062575926606204e-01 -4.549967172070847402e-03 -5.241622773573773042e-01 -1.414345988452635261e+01
-5.291128886229569117e-01 3.030866839629071247e-02 8.480099779178935648e-01 6.836219215471376742e+01 1.061363264973096653e-02 9.995201133116363712e-01 -2.910144097219606596e-02 -9.738207665780755917e-01 -8.484850698266276359e-01 -6.397480241152789238e-03 -5.291806606571022309e-01 -1.464571042558102931e+01
-5.330982324905833014e-01 3.080992330822018496e-02 8.454921703645246200e-01 6.918288756763075753e+01 9.742557863876673968e-03 9.994940066892272768e-01 -3.027892235307675858e-02 -1.016831343726379844e+00 -8.459972628976141218e-01 -7.904382745195082452e-03 -5.331286570015969506e-01 -1.514879700713218824e+01
-5.362330158406944935e-01 2.950636614840172756e-02 8.435540967477140883e-01 6.997873349808321564e+01 9.064168538590005111e-03 9.995324813052293145e-01 -2.920033640818343185e-02 -1.083921055763015007e+00 -8.440213298609507975e-01 -8.012067103235188947e-03 -5.362497687439201632e-01 -1.566617284290571277e+01
-5.388686580651523839e-01 2.340031420921172278e-02 8.420647135166988706e-01 7.082145069246593039e+01 1.116702771284997647e-02 9.997247017775220401e-01 -2.063536111541191750e-02 -1.123616331090293130e+00 -8.423157831137174645e-01 -1.716388452070446730e-03 -5.389816216233733748e-01 -1.620937984830468537e+01
-5.410145328488747962e-01 1.579122203690400475e-02 8.408649711353580747e-01 7.163790836655175553e+01 1.251924878955209749e-02 9.998641414478314227e-01 -1.072226821418694083e-02 -1.145775831659183952e+00 -8.409200647195197442e-01 4.726095815615821011e-03 -5.411387268175953391e-01 -1.672720067787745180e+01
-5.431362536157405829e-01 1.356966739100492689e-02 8.395349077320682918e-01 7.245377526252049449e+01 1.343156851254309440e-02 9.998818751138762728e-01 -7.471864799603575129e-03 -1.169532703158288722e+00 -8.395371430286765468e-01 7.218030973033703369e-03 -5.432543588053869721e-01 -1.724485217322903097e+01
-5.439068795405236356e-01 1.757660171181132935e-02 8.389614750659414311e-01 7.325908377745736288e+01 1.214533444756402472e-02 9.998407790896596259e-01 -1.307315188557445738e-02 -1.222378763889020226e+00 -8.390576909698215236e-01 3.078891410173193854e-03 -5.440337530781786946e-01 -1.775205876094875634e+01
-5.454767645483077354e-01 2.227991266052119571e-02 8.378297512312031792e-01 7.405415824705606553e+01 1.203759539903525612e-02 9.997517619451000703e-01 -1.874862032207346221e-02 -1.275883804552998990e+00 -8.380395021359773322e-01 -1.414802734015064114e-04 -5.456095542100793949e-01 -1.827162636186859146e+01
-5.455999619027492864e-01 2.800802744439392575e-02 8.375775899572442951e-01 7.488337809338908357e+01 1.881891935105304767e-02 9.995988180743355933e-01 -2.116721868107139179e-02 -1.306166944220939374e+00 -8.378344355177173020e-01 4.213472366536035255e-03 -5.459081590481035251e-01 -1.882216737289220632e+01
-5.453785886983812947e-01 2.916555342363401013e-02 8.376822504438110606e-01 7.566233464968104272e+01 2.277704398350315421e-02 9.995410606339086845e-01 -1.997183857826492770e-02 -1.334623158822628053e+00 -8.378803093211227848e-01 8.187713317631207036e-03 -5.457925992671903703e-01 -1.932830222971439937e+01
-5.453889693803574135e-01 2.593838379109606948e-02 8.377816299884328632e-01 7.643089825509282775e+01 2.207740612651823073e-02 9.996188265902157255e-01 -1.657677980471657445e-02 -1.373634247249241325e+00 -8.378922792991835289e-01 9.455253443780920267e-03 -5.457537350197683157e-01 -1.984602114515941196e+01
-5.445118533340812528e-01 2.098684086774387642e-02 8.384905373874256274e-01 7.725053476642092676e+01 2.004319405241462848e-02 9.997270196439976830e-01 -1.200652043493588388e-02 -1.405258205151826312e+00 -8.385136394021410755e-01 1.026833687581227977e-02 -5.447838567984154556e-01 -2.036620813370904060e+01
-5.437281023109588052e-01 1.546070284788760192e-02 8.391190050303689585e-01 7.804316570612959936e+01 1.875358956747961992e-02 9.998044792306448603e-01 -6.269462307668411533e-03 -1.432694439541994935e+00 -8.390518846683511223e-01 1.232761161673670211e-02 -5.439117370299871856e-01 -2.087141415024010271e+01
-5.433621463087083825e-01 8.648159014206603656e-03 8.394538548776593334e-01 7.887241501223702755e+01 9.804428231434368646e-03 9.999441126955166403e-01 -3.955332590797993632e-03 -1.455874059714472590e+00 -8.394411609491544413e-01 6.081188056729061077e-03 -5.434165706972674537e-01 -2.140839851870705601e+01
-5.415775381829607271e-01 3.346974043837764104e-03 8.406441310255015065e-01 7.966438077119194361e+01 1.080646647996075412e-03 9.999940197561842936e-01 -3.285217388115020589e-03 -1.488878342979526925e+00 -8.406501138608258872e-01 -8.707597534608893042e-04 -5.415779174942869645e-01 -2.186577519431558869e+01
-5.399058543045179848e-01 4.197054984112399620e-03 8.417149400568822992e-01 8.044997587853545440e+01 4.806894778174336524e-03 9.999866362112874718e-01 -1.902932755704485508e-03 -1.504645077284848531e+00 -8.417116928461341185e-01 3.018631580514425511e-03 -5.399188151009726155e-01 -2.236173780371007425e+01
-5.365764113672510938e-01 7.128461445612578086e-03 8.438216202743384908e-01 8.127051768800053821e+01 9.849359795353698072e-03 9.999491081595939246e-01 -2.184304329320441770e-03 -1.527096570420208854e+00 -8.437942619841279912e-01 7.139057565803145523e-03 -5.366193159736573071e-01 -2.289367093997114466e+01
-5.316438396613023532e-01 9.988824325548203292e-03 8.469091085202241631e-01 8.205604160314780415e+01 1.014981177356485964e-02 9.999337885502558310e-01 -5.422160025597078797e-03 -1.563333679303003487e+00 -8.469072091126967905e-01 5.713311055765044055e-03 -5.317100246291527332e-01 -2.337289670709036571e+01
-5.237737349723525782e-01 1.232365157469562239e-02 8.517682718820003274e-01 8.285052299874091375e+01 1.584680099492170868e-02 9.998632826814941588e-01 -4.721738770553423649e-03 -1.580431564490054397e+00 -8.517100242272194199e-01 1.102468058790981309e-02 -5.238974176835859975e-01 -2.384579528076993427e+01
-5.153111628297135649e-01 1.448415939754836568e-02 8.568807392313531057e-01 8.364595533070490774e+01 2.289895193104312873e-02 9.997328915510688141e-01 -3.127860892633238694e-03 -1.610118788514350641e+00 -8.566971784299469705e-01 1.800985033196637886e-02 -5.155051921395054082e-01 -2.435100399855901543e+01
-5.056094565149594766e-01 1.488387557074231926e-02 8.626340674022214827e-01 8.443299886719499625e+01 2.267931505523895774e-02 9.997349620558706462e-01 -3.956548313466903312e-03 -1.623551883394921624e+00 -8.624643403627497706e-01 1.756348265690673913e-02 -5.058130081409197842e-01 -2.479721252878502469e+01
-4.944716433815148915e-01 1.164271032757640927e-02 8.691157733654962803e-01 8.526526652460240996e+01 1.793527090574827815e-02 9.998340618753503994e-01 -3.189787030943761793e-03 -1.655720922978712206e+00 -8.690087067483430738e-01 1.401056869040550289e-02 -4.945984080703491603e-01 -2.526624022412081416e+01
-4.831801754069903199e-01 8.651004742022738725e-03 8.754781918191328893e-01 8.607096184956111529e+01 1.933803577768240800e-02 9.998126880952219464e-01 7.931350306783363242e-04 -1.678439727471055409e+00 -8.753073580864281222e-01 1.731325683817484806e-02 -4.832569646782436390e-01 -2.573110693114734104e+01
-4.722243873856107887e-01 7.526278269179359319e-03 8.814462371926718998e-01 8.685896590530381900e+01 1.949461259865135909e-02 9.998081431201383262e-01 1.907091221542112428e-03 -1.695048314700379644e+00 -8.812627876423280160e-01 1.808402903557098512e-02 -4.722805110066011225e-01 -2.612955069393678187e+01
-4.598076750752123631e-01 6.589364239495061268e-03 8.879940697989486820e-01 8.772833781871648284e+01 1.884797772694093640e-02 9.998196218235884114e-01 2.340410151078599083e-03 -1.714526719952754519e+00 -8.878184886200450876e-01 1.781303213362180754e-02 -4.598489332442110000e-01 -2.654710484837481488e+01
-4.476516784568667640e-01 8.718216185310000838e-03 8.941655065368672162e-01 8.854022499489097697e+01 2.284419371885258038e-02 9.997376104731544588e-01 1.689076793312642216e-03 -1.726152646866947693e+00 -8.939161766313804547e-01 2.118260927755136191e-02 -4.477333812217306752e-01 -2.695831465458123333e+01
