1 0 0 0 0 1 0 0 0 0 1 0
0.99987214 0.0009714982 0.015960885 0.0019487986 -0.00095951968 0.99999925 -0.00075813711 -0.005321005 -0.015961611 0.00074272543 0.99987233 0.10816144
0.99932743 0.0034868425 0.036503711 0.015324475 -0.003465478 0.99999378 -0.00064853267 -0.0050049688 -0.036505749 0.00052159371 0.99933331 0.26317091
0.99797098 0.0053875092 0.063442015 0.055417178 -0.0054601641 0.99998462 0.00097189006 -0.0018361815 -0.063435809 -0.0013163219 0.99798505 0.40754279
0.99523409 0.004967237 0.097388034 0.092924313 -0.0052619862 0.99998232 0.0027699359 -0.002484406 -0.097372561 -0.0032691891 0.99524263 0.58395335
0.99089132 0.0015793227 0.1346547 0.16583619 -0.0022615881 0.99998537 0.0049139634 -0.00051829142 -0.13464499 -0.0051737371 0.9908804 0.77808473
0.98460458 -0.0015184033 0.17478989 0.23105208 0.00057356032 0.99998495 0.0054559815 -0.0061698295 -0.17479555 -0.0052717319 0.98459064 0.97391207
0.9759153 -0.0019023921 0.2181415 0.32067075 0.0003816752 0.99997533 0.0070131658 -0.006155193 -0.21814948 -0.0067609966 0.97589195 1.1805614
0.96422166 -0.0017007488 0.26509186 0.40690124 -0.00089476686 0.99995284 0.0096699392 -0.0012964268 -0.26509582 -0.0095611602 0.96417467 1.3765463
0.95005296 -0.0057842491 0.31203512 0.55439115 0.00056758915 0.9998586 0.016806414 0.0081686875 -0.31208824 -0.015789876 0.9499219 1.631222
0.93266292 -0.0154252 0.36041909 0.69212318 0.0068889543 0.99966479 0.024956938 -0.0054080995 -0.36068327 -0.0207935 0.93245655 1.8417513
0.91190842 -0.021095016 0.40985122 0.84379076 0.009661773 0.99950478 0.029947251 -0.007822326 -0.41028003 -0.023349261 0.91166064 2.0544416
0.88693623 -0.023027274 0.46131751 1.0242696 0.0083744802 0.99939403 0.03378517 -0.004140005 -0.46181598 -0.026101997 0.88659162 2.2923559
0.85863204 -0.025033662 0.51198078 1.2079025 0.0063127185 0.99924742 0.038271984 0.015448725 -0.5125536 -0.029629561 0.85814388 2.5107476
0.82619855 -0.030341245 0.5625614 1.4290624 0.0074436173 0.99904946 0.042950864 0.017407252 -0.56332989 -0.03129845 0.82563906 2.7374422
0.79057863 -0.036065086 0.61129756 1.6574095 0.0097618365 0.99887957 0.04630671 0.021667459 -0.61228275 -0.030641708 0.79004491 2.9501681
0.75312141 -0.040539713 0.65663127 1.9266898 0.011108704 0.99874092 0.048920099 0.032385436 -0.65778778 -0.029548452 0.75262352 3.1639348
0.71277829 -0.043891686 0.70001471 2.2239172 0.012113498 0.99866156 0.050282802 0.041884129 -0.70128483 -0.027360862 0.71235595 3.389741
0.67087961 -0.045628898 0.74016114 2.5119121 0.011278973 0.9986176 0.051338804 0.057361043 -0.74148054 -0.026093899 0.67046683 3.5893814
0.62884197 -0.046153002 0.77616211 2.8477734 0.0068664458 0.99852746 0.05381238 0.0805418 -0.77750285 -0.028510008 0.62823288 3.7982899
0.58695688 -0.04689063 0.80825914 3.1888 0.0041991994 0.99848429 0.054876965 0.095038105 -0.80960734 -0.02881637 0.58626412 4.0186327
0.5465336 -0.048014052 0.83605957 3.5559342 0.0019703939 0.99842599 0.056050539 0.11417834 -0.83743489 -0.028986136 0.54576796 4.2274527
0.50863643 -0.050646532 0.85949046 3.9559543 0.0010830323 0.9983052 0.058185434 0.13080554 -0.86098076 -0.028664375 0.50782924 4.4215198
0.470804 -0.050539433 0.88078902 4.4009905 -0.0018073927 0.99830049 0.058248305 0.15175277 -0.88223602 -0.029015467 0.46991252 4.6260025
0.43427985 -0.049811266 0.89939968 4.8547767 -0.0029438655 0.99838608 0.05671487 0.17929882 -0.90077323 -0.027277837 0.43343232 4.8131672
0.40140013 -0.048641282 0.91461024 5.349996 -0.0015481477 0.99855134 0.053784925 0.19670564 -0.91590153 -0.023005227 0.40074334 4.9936459
0.37061285 -0.04695019 0.92759998 5.8598781 0.00020328565 0.99872561 0.05046897 0.21949698 -0.92878746 -0.018515881 0.37015008 5.1643382
0.34560712 -0.044996777 0.93729981 6.4059493 0.0011745553 0.99886962 0.047519457 0.2438901 -0.93837861 -0.015322151 0.3452693 5.3540083
0.32493727 -0.044346241 0.94469525 6.9845867 0.0022750288 0.99893379 0.046109808 0.26588701 -0.94573288 -0.012833586 0.3246917 5.5443106
0.31031834 -0.044907864 0.94957134 7.5703587 0.0033095766 0.99892855 0.046160539 0.29270134 -0.95062698 -0.011181782 0.31013447 5.714367
0.29792942 -0.046417203 0.95345867 8.2051758 0.0043540875 0.99887277 0.047267565 0.30979117 -0.95457801 -0.0099309547 0.29779569 5.8997872
0.28769707 -0.048027764 0.95651642 8.8273393 0.0033477524 0.99878613 0.04914325 0.33423693 -0.95771565 -0.010936188 0.28750863 6.109497
0.27642094 -0.05002717 0.95973365 9.4981703 0.0016083979 0.99866688 0.051593359 0.36985799 -0.96103536 -0.01271785 0.2761329 6.299868
0.26611347 -0.051820251 0.96254777 10.18356 0.0010806394 0.99856937 0.053460768 0.39963867 -0.96394115 -0.013186463 0.26578875 6.4810301
0.25615396 -0.053674754 0.9651446 10.909039 0.00014618815 0.99845931 0.055488691 0.42666826 -0.96663603 -0.014072555 0.25576715 6.669729
0.24632509 -0.055246331 0.96761135 11.635322 -8.4587959e-05 0.99837279 0.057024207 0.45675731 -0.9691873 -0.01412834 0.24591959 6.8533155
0.23512722 -0.056784809 0.97030438 12.399342 -0.00055823775 0.99828388 0.058557518 0.48799316 -0.97196448 -0.014310126 0.23469202 7.0366593
0.22480208 -0.059583246 0.97258099 13.156643 -0.0016339153 0.99810423 0.061524538 0.52069711 -0.97440312 -0.015419958 0.22427855 7.2157983
0.21337162 -0.063088724 0.97493194 13.938409 -0.0043087925 0.99784233 0.065514288 0.56575209 -0.97696165 -0.018179669 0.2126394 7.3984953
0.20129132 -0.066710003 0.97725713 14.735953 -0.0041947533 0.99761037 0.068963383 0.60178253 -0.97952248 -0.017981082 0.20053048 7.5609109
0.18858825 -0.068831451 0.97964107 15.551266 -0.0049128372 0.99746213 0.07102935 0.63895467 -0.982044 -0.018208117 0.18777148 7.719187
0.17452417 -0.069885779 0.98216964 16.329562 -0.0055058325 0.99739323 0.07194735 0.67793368 -0.98463754 -0.017964213 0.17368445 7.842586
0.15937896 -0.068916583 0.984809 17.139756 -0.0073406258 0.99745007 0.070989188 0.71985886 -0.98719023 -0.018543297 0.15846667 7.9809814
0.14323378 -0.067888508 0.98735766 17.947029 -0.0083215929 0.99752665 0.069794899 0.75775754 -0.98965394 -0.018213375 0.14231457 8.1096638
0.12286238 -0.066534063 0.99019088 18.751318 -0.010668818 0.99760395 0.068355952 0.79871652 -0.99236641 -0.018962541 0.12185816 8.2054669
0.097642747 -0.065053048 0.9930931 19.5824 -0.015332437 0.99764464 0.066858711 0.83583424 -0.99510346 -0.021754806 0.09641534 8.2926709
0.066507282 -0.064465601 0.9957012 20.415984 -0.019252439 0.99764199 0.06587721 0.87508645 -0.99760023 -0.023550991 0.065109336 8.3378727
0.034090923 -0.064257048 0.99735087 21.267625 -0.022340886 0.99763261 0.065038844 0.91551628 -0.99916904 -0.024498936 0.032574656 8.3542727
-0.00047485453 -0.063703725 0.9979687 22.083008 -0.023011353 0.99770529 0.063675961 0.95121993 -0.99973513 -0.022934373 -0.0019396753 8.3536623
-0.033431051 -0.062640776 0.99747602 22.933399 -0.024732438 0.99778016 0.061830952 0.98134233 -0.999135 -0.02260294 -0.034906099 8.3065506
-0.068491653 -0.060815497 0.99579631 23.765631 -0.027798178 0.99786908 0.059030105 1.011806 -0.99726438 -0.023638253 -0.070036265 8.2475985
-0.10108107 -0.057302073 0.99322656 24.626576 -0.029090212 0.99808328 0.054621748 1.0479992 -0.99445284 -0.023371946 -0.10255426 8.1693287
-0.13350272 -0.05317261 0.98962094 25.466714 -0.026841658 0.99838733 0.050022613 1.0745515 -0.99068493 -0.019884911 -0.13471467 8.0574485
-0.16234497 -0.047261645 0.98560152 26.298254 -0.021668218 0.99878217 0.044324569 1.0917412 -0.98649616 -0.014160357 -0.16317134 7.8888658
-0.19619897 -0.040950539 0.9797086 27.124547 -0.016406529 0.99912481 0.038476498 1.1049389 -0.98042688 -0.008524568 -0.19669912 7.7196346
-0.22189433 -0.035438952 0.97442645 27.939739 -0.010067016 0.9993693 0.03405366 1.1175634 -0.97501879 -0.002253252 -0.22211115 7.5013665
-0.25193491 -0.028831726 0.96731456 28.754249 -0.0017222317 0.99956787 0.029344516 1.1333812 -0.96774269 0.0057269692 -0.2518757 7.2765752
-0.27954007 -0.018650193 0.95995283 29.549678 0.0050035727 0.99976945 0.02088081 1.132589 -0.96012103 0.010640218 -0.2793823 7.027042
-0.30377896 -0.0034774146 0.95273615 30.344013 0.0093710784 0.99993406 0.0066376431 1.1186097 -0.95269649 0.010944543 -0.30372635 6.753037
-0.3281366 0.013972929 0.94452689 31.132521 0.0094509701 0.99988911 -0.011508586 1.0944254 -0.94458304 0.0051503082 -0.32823227 6.4654084
-0.3531799 0.028329606 0.93512636 31.905243 0.0086020567 0.9995975 -0.027033918 1.0720031 -0.93551592 -0.0015038256 -0.35328144 6.1919014
-0.37746681 0.038808859 0.92520949 32.659146 0.012955954 0.99924496 -0.036628583 1.0320992 -0.92593251 -0.0018391017 -0.37768462 5.8621741
-0.40133712 0.043982464 0.91487376 33.411195 0.016028101 0.9990307 -0.040997086 0.98228295 -0.9157902 -0.0017899625 -0.40165306 5.5168031
-0.42353038 0.043290479 0.90484688 34.154609 0.018754317 0.99906243 -0.039019714 0.93394244 -0.90568778 0.00044375206 -0.42394518 5.1706109
-0.44386107 0.039830095 0.89520995 34.894308 0.023239183 0.99918732 -0.032933902 0.89508826 -0.89579426 0.0061858717 -0.44442597 4.7860014
-0.46182774 0.038720778 0.88612402 35.628361 0.030161362 0.99915445 -0.027940427 0.85675842 -0.88645671 0.013823044 -0.46260512 4.3931157
-0.47535774 0.039494299 0.87890565 36.326954 0.034065633 0.99906902 -0.026469471 0.81098764 -0.87913288 0.017358011 -0.47626059 4.0014096
-0.48643297 0.042774575 0.87267018 37.017762 0.036823388 0.9989171 -0.028437025 0.76477876 -0.87294162 0.018301967 -0.48748132 3.6030527
-0.49652579 0.045416451 0.86683298 37.710772 0.038621217 0.99879721 -0.030208119 0.72512543 -0.86716239 0.018479036 -0.49768261 3.2024113
-0.50648585 0.044434002 0.86110257 38.397233 0.03184495 0.99895394 -0.032816653 0.67110202 -0.86166005 0.010800599 -0.50737103 2.7993907
-0.51829552 0.043521474 0.85409342 39.107042 0.030731533 0.99900705 -0.032256708 0.6415294 -0.85464928 0.0095290936 -0.51911836 2.3785994
-0.52679654 0.045050883 0.84879665 39.775407 0.032709907 0.99892921 -0.032718292 0.59790881 -0.84936183 0.010528177 -0.52770607 1.9554956
-0.53352948 0.048327015 0.84439963 40.450992 0.03668471 0.99874895 -0.033981755 0.55201387 -0.84498555 0.012846288 -0.53463487 1.5227583
-0.53785994 0.0514994 0.8414597 41.162419 0.037546802 0.9986053 -0.037117229 0.51452871 -0.84219771 0.011630251 -0.53904343 1.072712
-0.53766242 0.052842366 0.84150267 41.842522 0.036672606 0.99855532 -0.039273249 0.46911401 -0.84236234 0.0097443471 -0.53882353 0.63677537
-0.53433735 0.053733258 0.84356166 42.57225 0.039018828 0.99848157 -0.038885658 0.42875085 -0.84437029 0.012136729 -0.5356226 0.17488572
-0.52889092 0.052662525 0.8470543 43.312553 0.037621073 0.99854664 -0.038590846 0.38254818 -0.8478556 0.011456745 -0.53010347 -0.27613487
-0.52129042 0.051214487 0.85184113 44.075416 0.035336432 0.99863685 -0.038415766 0.33917459 -0.85264746 0.010075256 -0.52238956 -0.73657518
-0.51423181 0.050576659 0.85615862 44.866307 0.033356339 0.99868381 -0.038961471 0.28815763 -0.85700237 0.0085230902 -0.51524204 -1.199995
-0.50798821 0.049354496 0.85994887 45.672268 0.030555952 0.99876128 -0.039271284 0.2413062 -0.86082192 0.0063272084 -0.50886703 -1.6625893
-0.50356233 0.047143683 0.86267166 46.481181 0.026341327 0.99888368 -0.03921139 0.19034259 -0.86355728 0.0029785387 -0.50424202 -2.1162559
-0.50220163 0.044111687 0.8636247 47.32725 0.021516917 0.99902632 -0.038515463 0.14557146 -0.86448286 -0.00075998678 -0.50266179 -2.5928246
-0.5020081 0.041906157 0.86384702 48.185457 0.018687815 0.9991178 -0.037608223 0.090165188 -0.86466103 -0.0027362181 -0.50234836 -3.0727014
-0.50281892 0.040483197 0.86344321 49.037277 0.017111302 0.99917311 -0.036882372 0.044933779 -0.86422242 -0.0037705168 -0.50309586 -3.563674
-0.50374568 0.040065937 0.86292233 49.894041 0.017300859 0.99919141 -0.036293308 -0.010746438 -0.86367878 -0.0033532985 -0.50403154 -4.0647392
-0.5038137 0.03939451 0.86291353 50.774954 0.017173126 0.99921889 -0.035590682 -0.056253534 -0.86364165 -0.0031121491 -0.50409669 -4.5683643
-0.50354128 0.038858048 0.86309685 51.659228 0.017293271 0.99924123 -0.034898386 -0.11015105 -0.86379812 -0.0026470093 -0.50383119 -5.0864338
-0.50466068 0.038011196 0.86248054 52.541784 0.017086066 0.99927433 -0.034042443 -0.16384541 -0.86314873 -0.0024434822 -0.50494393 -5.5833273
-0.50401521 0.036861102 0.86290779 53.453759 0.015252823 0.99931293 -0.033778951 -0.21658172 -0.86356012 -0.0038633244 -0.50423115 -6.1031475
-0.50456113 0.035974314 0.86262614 54.341494 0.014916496 0.99934565 -0.032951111 -0.26860667 -0.86324714 -0.0037584896 -0.50476758 -6.6194825
-0.50372634 0.035607909 0.86312907 55.241544 0.013925326 0.999355 -0.033100945 -0.32434778 -0.86375108 -0.0046544638 -0.50389729 -7.1273339
-0.50223628 0.033991395 0.86406206 56.134345 0.013104156 0.99941155 -0.031699122 -0.38244212 -0.86463117 -0.004597644 -0.50238617 -7.6395947
-0.50045371 0.031545411 0.86518837 57.034403 0.013556729 0.99949898 -0.028600812 -0.43583366 -0.86565719 -0.0025842578 -0.50063063 -8.1475955
-0.49774132 0.030951 0.86677307 57.919443 0.014559926 0.99952042 -0.027330197 -0.48227026 -0.86720335 -0.00098321627 -0.49795326 -8.658715
-0.49567204 0.030338142 0.8679797 58.809279 0.014250047 0.99953927 -0.026798799 -0.53651759 -0.8683929 -0.00091466267 -0.49587599 -9.1586445
-0.49330826 0.030802378 0.86930898 59.709116 0.015046414 0.99952548 -0.026877947 -0.58878277 -0.86972445 -0.00017912992 -0.49353764 -9.6625856
-0.49257848 0.03134661 0.86970327 60.592942 0.015235508 0.99950854 -0.027396149 -0.63661359 -0.8701347 -0.00024438162 -0.49281398 -10.14532
-0.49333172 0.032441753 0.86923603 61.48327 0.014336926 0.99947177 -0.029165559 -0.68914861 -0.86972313 -0.0019261222 -0.49353625 -10.638159
-0.49598049 0.03450555 0.86764777 62.35895 0.013157511 0.99939407 -0.032223643 -0.74236536 -0.86823401 -0.0045662122 -0.49613397 -11.140121
-0.5004547 0.035012161 0.86505443 63.233014 0.012128874 0.99936741 -0.033431491 -0.79491811 -0.86567779 -0.0062388103 -0.50056278 -11.630335
-0.50630901 0.033414083 0.86170449 64.108474 0.011628892 0.99942272 -0.031921593 -0.8519167 -0.86227375 -0.0061415211 -0.5064053 -12.13728
-0.51139712 0.031480521 0.85876766 64.973939 0.015270701 0.99950389 -0.027545879 -0.90595996 -0.85920885 -0.00097289799 -0.51162415 -12.658105
-0.51660493 0.029272802 0.85572331 65.827389 0.012223831 0.9995657 -0.026813803 -0.95497771 -0.85613666 -0.0033919247 -0.5167384 -13.167089
-0.52136736 0.031741719 0.85274174 66.672554 0.01365848 0.99949034 -0.028853348 -1.0039888 -0.85322306 -0.0033960378 -0.52153518 -13.682196
-0.52652403 0.034301264 0.84946795 67.507044 0.014116983 0.99940073 -0.031605402 -1.0568507 -0.85004307 -0.0046490786 -0.52669273 -14.19469
-0.53140398 0.03412192 0.846431 68.342077 0.012130421 0.9993925 -0.032672521 -1.1140555 -0.84703171 -0.0070947426 -0.53149506 -14.713719
-0.53512755 0.035057394 0.84404349 69.171442 0.01140423 0.99934728 -0.034277608 -1.1655237 -0.84469433 -0.0087172253 -0.53517807 -15.224774
-0.53819647 0.034324224 0.84212015 69.995375 0.011918855 0.99938042 -0.033116736 -1.2183639 -0.84273516 -0.0077862023 -0.53827212 -15.755444
-0.54115331 0.027457608 0.84047553 70.820755 0.013380852 0.99962141 -0.024041294 -1.2670716 -0.84081752 -0.0017637465 -0.54131585 -16.276363
-0.54286744 0.019298579 0.8395966 71.638862 0.0140015 0.99980497 -0.013927946 -1.3080749 -0.83970171 0.0041945841 -0.54303177 -16.809077
-0.54504682 0.016072193 0.83825151 72.457772 0.0139056 0.99985201 -0.010128953 -1.3449982 -0.83829032 0.0061356372 -0.54518965 -17.324807
-0.54607147 0.021950756 0.83745093 73.261959 0.014428967 0.99975481 -0.016796358 -1.379918 -0.83761436 0.0029115409 -0.54625431 -17.840744
-0.54731608 0.027173354 0.83648471 74.05964 0.01488433 0.99963074 -0.02273429 -1.42487 -0.83679366 7.6727111e-06 -0.54751843 -18.362793
-0.5475446 0.032533694 0.83614377 74.858479 0.021406843 0.99946147 -0.02487009 -1.4592997 -0.83650267 0.0042817159 -0.54794618 -18.89104
-0.5472916 0.033283559 0.83627989 75.650727 0.02457432 0.99941718 -0.02369403 -1.5029101 -0.83658118 0.0075834672 -0.54779054 -19.419928
-0.54687621 0.030622874 0.83665321 76.451689 0.024287097 0.99949053 -0.020707787 -1.5449611 -0.83686116 0.0089952824 -0.54734134 -19.941545
-0.54658705 0.025497889 0.83701398 77.250844 0.022389426 0.99962398 -0.015830716 -1.5778344 -0.83710296 0.010087399 -0.54695241 -20.454013
-0.54563006 0.019304458 0.83780375 78.04641 0.020546143 0.99974229 -0.0096548731 -1.6075458 -0.83777429 0.011945648 -0.54588607 -20.967667
-0.54553268 0.012884752 0.83799046 78.847087 0.011621755 0.99990198 -0.007808491 -1.6455913 -0.838009 0.005479134 -0.54562895 -21.467295
-0.54421984 0.0078104546 0.83890625 79.655614 0.0035243613 0.99996912 -0.0070236512 -1.6675145 -0.83893528 -0.00086580091 -0.54423057 -21.970159
-0.54199791 0.0079379439 0.84034231 80.447526 0.0061130764 0.99996617 -0.0055029952 -1.6953258 -0.84035764 0.0021544657 -0.5420281 -22.478359
-0.53946034 0.011624722 0.84193073 81.239093 0.011892259 0.99991015 -0.0061861086 -1.7268615 -0.84192706 0.006675299 -0.53955011 -22.985335
-0.53290176 0.01515653 0.84604133 82.024872 0.013103285 0.9998675 -0.0096588152 -1.754445 -0.84607569 0.0059387223 -0.53302975 -23.479671
-0.52564364 0.01716312 0.85053167 82.822998 0.018373592 0.99979229 -0.008819886 -1.7769303 -0.85050646 0.010991206 -0.52584981 -23.972609
-0.51845857 0.019862776 0.85487199 83.609537 0.025593341 0.99964274 -0.0077047696 -1.8164034 -0.85471969 0.017884428 -0.51878171 -24.453701
-0.50803918 0.019566227 0.86111166 84.422112 0.024284399 0.99966991 -0.0083872299 -1.8413049 -0.86099159 0.016650539 -0.50834664 -24.930157
-0.49828708 0.016378107 0.86685736 85.228601 0.019760317 0.99977638 -0.0075308042 -1.8684149 -0.86678693 0.013376875 -0.49849929 -25.374817
-0.48571617 0.013907864 0.8740059 86.051195 0.02181995 0.99975476 -0.0037827555 -1.8890917 -0.87384424 0.01723342 -0.48590052 -25.826778
-0.47488073 0.012683123 0.87995873 86.86689 0.021525148 0.9997644 -0.0027936045 -1.916374 -0.87978692 0.017614614 -0.47504186 -26.260433
-0.46421324 0.011603125 0.88564743 87.685182 0.020889335 0.99977948 -0.0021492299 -1.9389398 -0.88547714 0.017502886 -0.46435326 -26.675271
-0.45092868 0.013454481 0.89245853 88.524495 0.024665121 0.99969237 -0.0026086712 -1.956642 -0.89221916 0.020836275 -0.45112182 -27.094979
-0.43920997 0.016559325 0.89823177 89.340099 0.024233884 0.99968466 -0.0065799712 -1.9883394 -0.89805756 0.018877656 -0.43947277 -27.487093
-0.42811796 0.02610726 0.90334565 90.175565 0.026115253 0.99952259 -0.016510166 -2.014845 -0.90334549 0.016522803 -0.42859537 -27.877086
-0.41540843 0.031088602 0.90910355 91.001459 0.0261883 0.99941026 -0.022210261 -2.0467067 -0.90925798 0.014581548 -0.4159776 -28.245229
-0.40376237 0.027514281 0.91445002 91.846641 0.023589431 0.99952843 -0.019658571 -2.0788062 -0.91455976 0.013633965 -0.40422102 -28.607587
-0.39162018 0.0243857 0.91980373 92.692336 0.025681565 0.99954898 -0.015565584 -2.1176906 -0.91976854 0.017526204 -0.39206981 -28.959738
-0.38181617 0.024419934 0.92391559 93.533313 0.021765466 0.99961123 -0.01742587 -2.1572182 -0.92398201 0.013455975 -0.38219924 -29.292543
-0.37551734 0.028530106 0.92637611 94.375601 0.01672413 0.99957194 -0.024005036 -2.1970008 -0.9266645 0.0064785281 -0.37583374 -29.622969
-0.36990878 0.033222398 0.92847385 95.221409 0.0086435926 0.99944026 -0.032318045 -2.2370875 -0.92902791 -0.0039293782 -0.36998889 -29.942705
-0.36621498 0.035369265 0.9298578 96.064751 0.0056894045 0.9993438 -0.035771608 -2.2841442 -0.93051292 -0.007809761 -0.3661759 -30.262174
-0.36306263 0.036093786 0.93106535 96.90746 0.0068578143 0.99932589 -0.036065821 -2.3277087 -0.93173954 -0.0067090778 -0.36306541 -30.591388
-0.35792891 0.034660139 0.9331053 97.758408 0.0033203669 0.99935177 -0.035847202 -2.3836687 -0.93374297 -0.0097324975 -0.35781198 -30.911869
-0.35316585 0.03130739 0.93503671 98.594437 0.0027180351 0.99947005 -0.032438171 -2.4283644 -0.93555682 -0.0089145908 -0.35306379 -31.217719
-0.34718342 0.027496192 0.93739402 99.455152 0.0026325401 0.99959471 -0.028345681 -2.4743494 -0.93779359 -0.0073734225 -0.3471151 -31.529897
-0.34147663 0.024633312 0.93956737 100.30728 0.0015652549 0.99967001 -0.025640187 -2.5182875 -0.939889 -0.0072848615 -0.3414025 -31.827883
-0.33610538 0.023290323 0.94153633 101.14304 -0.0035532156 0.99965572 -0.025996403 -2.5632236 -0.94181772 -0.012083012 -0.33590691 -32.109326
-0.32952904 0.022651011 0.94387365 102.01381 -0.015816268 0.99943945 -0.029506313 -2.6029112 -0.94401299 -0.024651745 -0.32898607 -32.393598
-0.32284846 0.026764311 0.94607213 102.85362 -0.012133663 0.99940089 -0.032413605 -2.6496612 -0.94637293 -0.021944002 -0.32233029 -32.67078
-0.31614678 0.030291615 0.94822653 103.70322 -0.01148817 0.99929461 -0.035753265 -2.702561 -0.94864077 -0.022196667 -0.31557578 -32.95069
-0.30974984 0.028159846 0.95040096 104.54872 -0.013653526 0.99932654 -0.034059369 -2.7441266 -0.95072009 -0.023526208 -0.30915675 -33.21576
-0.30252446 0.023581911 0.95284981 105.41697 -0.012979934 0.99949926 -0.028857484 -2.787563 -0.95305328 -0.021098022 -0.30206688 -33.482022
-0.29568188 0.020841339 0.95505905 106.26905 -0.013366217 0.99957386 -0.025950861 -2.8300061 -0.95519299 -0.020438725 -0.29527731 -33.735651
-0.2888201 0.023619439 0.95709195 107.1234 -0.015978901 0.99943746 -0.029486381 -2.8756049 -0.95725007 -0.023809536 -0.28828021 -33.983017
-0.28251255 0.026500438 0.95889744 107.98627 -0.016228563 0.99934324 -0.032399507 -2.9213075 -0.95912636 -0.024714794 -0.28189694 -34.23002
-0.27561893 0.027933417 0.960861 108.83692 -0.016116974 0.99930291 -0.033674055 -2.958316 -0.9611319 -0.024767378 -0.2749766 -34.460166
-0.2687861 0.026477417 0.96283586 109.71419 -0.017678407 0.99931811 -0.032415774 -3.0122187 -0.96303769 -0.025734313 -0.26813474 -34.699801
-0.26133211 0.02641473 0.96488741 110.55791 -0.01420912 0.9994119 -0.031208297 -3.0540412 -0.9651444 -0.021865931 -0.26080309 -34.921291
-0.25361663 0.02749989 0.96691379 111.42305 -0.010248331 0.99946331 -0.031113711 -3.1044193 -0.96725056 -0.017800206 -0.25319869 -35.145033
-0.24657065 0.028336457 0.96871042 112.30513 -0.0084223574 0.99947204 -0.03138007 -3.1466771 -0.96908826 -0.015896229 -0.24620181 -35.369351
-0.24001823 0.027281605 0.97038491 113.15422 -0.015316952 0.99937417 -0.031885159 -3.191677 -0.97064758 -0.022516358 -0.23945015 -35.560892
-0.23405008 0.024978813 0.97190357 114.02772 -0.019974642 0.99933534 -0.03049405 -3.2375116 -0.97201937 -0.02655056 -0.23339557 -35.754379
-0.22938075 0.025412368 0.97300493 114.91262 -0.016727301 0.99940856 -0.030045333 -3.279349 -0.97319307 -0.023167567 -0.22882001 -35.964312
-0.22454434 0.025378514 0.9741333 115.76427 -0.015450822 0.99944242 -0.029599395 -3.3261747 -0.97434141 -0.021697536 -0.22402702 -36.150709
-0.22003705 0.026936357 0.97511951 116.64918 -0.014898189 0.9994093 -0.030969125 -3.371342 -0.97537778 -0.021341869 -0.21950577 -36.348302
-0.21406121 0.025834092 0.97647853 117.50119 -0.0094799008 0.99954819 -0.028522591 -3.4114049 -0.97677429 -0.0153625 -0.2137196 -36.534124
-0.20870455 0.024951156 0.97766035 118.37357 -0.0014698453 0.99966536 -0.025826524 -3.4531106 -0.97797767 -0.0068271219 -0.20859804 -36.724564
-0.20409264 0.023784034 0.97866257 119.26119 0.00043801064 0.99970694 -0.024204121 -3.4983885 -0.97895152 -0.0045112176 -0.20404325 -36.91331
-0.19996304 0.025520063 0.97947099 120.11889 -0.00035907491 0.99965877 -0.02611936 -3.5359466 -0.97980342 -0.0055746093 -0.19988565 -37.075587
-0.19640299 0.0273319 0.98014221 120.98425 -0.0034538991 0.99958594 -0.028566199 -3.5746114 -0.98051722 -0.0089957986 -0.19622727 -37.23961
-0.19446884 0.026642988 0.98054676 121.87483 -0.0046345561 0.99959494 -0.028079713 -3.6174983 -0.98089779 -0.010005027 -0.19426659 -37.408683
-0.19373532 0.025505276 0.9807222 122.72392 -0.0058434008 0.99961427 -0.027150919 -3.6625127 -0.98103647 -0.010990844 -0.19351155 -37.566605
-0.19248231 0.021083463 0.98107388 123.6107 -0.005500846 0.99973028 -0.022563632 -3.6982935 -0.98128507 -0.0097398356 -0.19231442 -37.739559
-0.19158045 0.016184817 0.98134342 124.46673 -0.0038889546 0.99984366 -0.017249144 -3.7361836 -0.98146925 -0.0071209979 -0.19148756 -37.896983
-0.19072768 0.013888064 0.9815447 125.33213 -0.002263364 0.99989104 -0.014587451 -3.7696698 -0.98164042 -0.005003823 -0.19067547 -38.060786
-0.18988814 0.018166197 0.98163761 126.2024 -0.0055568874 0.99979291 -0.019577103 -3.8062309 -0.98179005 -0.0091723086 -0.18974787 -38.227152
-0.1894791 0.022073272 0.98163657 127.04232 -0.0055270099 0.99970747 -0.02354646 -3.8459997 -0.98186924 -0.0098870764 -0.18930167 -38.379848
-0.18962815 0.02136416 0.98162348 127.89516 -0.0069528064 0.99970896 -0.023100902 -3.8749583 -0.9818314 -0.011205619 -0.18942442 -38.535256
-0.18926898 0.02059704 0.98170919 128.76017 -0.0081383849 0.99971273 -0.02254381 -3.9157295 -0.98189159 -0.012256371 -0.18904699 -38.695729
-0.18842738 0.020771701 0.98186739 129.59247 -0.0040709105 0.99975119 -0.021931273 -3.9555189 -0.98207873 -0.008129546 -0.18829594 -38.85525
-0.18788944 0.023212847 0.9819158 130.44671 -0.0062010107 0.99967272 -0.024819188 -3.9969499 -0.98217065 -0.010752133 -0.187684 -39.011094
-0.18801672 0.024475841 0.98186077 131.27092 -0.015726291 0.99948626 -0.027926639 -4.0294819 -0.98203996 -0.020691703 -0.18753522 -39.150657
-0.18773816 0.02609737 0.98187231 132.11289 -0.019866147 0.99934158 -0.030360179 -4.067774 -0.98201823 -0.025205783 -0.1870961 -39.292401
-0.18761227 0.029189023 0.98180933 132.94552 -0.020389703 0.99922725 -0.033603086 -4.1188801 -0.98203156 -0.026323152 -0.18687214 -39.447574
-0.18692925 0.030334567 0.98190488 133.76969 -0.016508701 0.99928499 -0.034014328 -4.1622636 -0.9822347 -0.022568247 -0.18629481 -39.599658
-0.18546075 0.031569752 0.98214438 134.59914 -0.017189166 0.99922664 -0.03536471 -4.2103276 -0.98250136 -0.023441008 -0.18477466 -39.74579
-0.18307847 0.030734532 0.98261772 135.41809 -0.011439725 0.99937692 -0.033390145 -4.2487481 -0.98303178 -0.017353893 -0.18261281 -39.905668
-0.18016677 0.027631524 0.98324786 136.2437 -0.0047482809 0.99956929 -0.028960249 -4.2998234 -0.98362466 -0.0098864109 -0.17995797 -40.056714
-0.17819369 0.022965391 0.98372736 137.05308 0.00091671357 0.99973105 -0.023172946 -4.3352695 -0.98399505 -0.0032274758 -0.17816682 -40.211072
-0.17414296 0.023187406 0.9844473 137.87667 0.0056873228 0.99972974 -0.022541308 -4.3688821 -0.984704 0.0016734603 -0.17422777 -40.35268
-0.16938229 0.02723296 0.98517406 138.67212 0.0021185625 0.99962591 -0.027268201 -4.4186059 -0.98554819 -0.0025315967 -0.16937663 -40.480992
-0.16283707 0.030741629 0.9861739 139.48018 0.0049925385 0.99952736 -0.030333522 -4.4551438 -0.98664038 -1.5909805e-05 -0.16291359 -40.611546
-0.15489837 0.030825211 0.98744935 140.28252 -0.00071431049 0.99950935 -0.031313738 -4.4990853 -0.98793019 -0.0055557916 -0.15480035 -40.725486
-0.14495381 0.027702106 0.98905051 141.06244 0.0094548554 0.99960113 -0.026611925 -4.5242203 -0.98939329 0.0054938306 -0.14515791 -40.841352
-0.13299142 0.026062823 0.99077441 141.87126 0.016143206 0.99957854 -0.02412752 -4.5680039 -0.99098575 0.012785524 -0.13335611 -40.94831
-0.11960712 0.028187589 0.99242104 142.65747 0.014825767 0.99953613 -0.026602867 -4.6096974 -0.99271064 0.011531511 -0.11996955 -41.040528
-0.10548389 0.02905249 0.99399649 143.44948 0.012653689 0.99953142 -0.027871442 -4.6484399 -0.99434054 0.0096377352 -0.10580208 -41.117801
-0.091456323 0.02939391 0.99537513 144.22917 0.017040582 0.99946409 -0.027948948 -4.6825621 -0.99566332 0.014405665 -0.091908202 -41.187473
-0.077875995 0.030945658 0.99648262 145.01677 0.019711753 0.99937055 -0.02949485 -4.7220008 -0.99676821 0.01734548 -0.078436971 -41.24237
-0.064043698 0.03663837 0.99727426 145.81906 0.016342109 0.99923033 -0.035660762 -4.7726449 -0.99781332 0.014013719 -0.064593155 -41.280733
-0.051444591 0.045804064 0.99762486 146.58582 0.0081517239 0.99893364 -0.045443792 -4.8194994 -0.99864262 0.005794526 -0.051763116 -41.299591
-0.037868765 0.054302417 0.99780615 147.34814 0.00085741372 0.99852381 -0.05430893 -4.8641806 -0.9992824 -0.0012010786 -0.037859425 -41.308766
-0.024375929 0.055506231 0.9981607 148.11894 0.0017058324 0.99845828 -0.055481119 -4.9155457 -0.99970145 0.00035029187 -0.024433034 -41.319721
-0.01269664 0.051256591 0.99860476 148.8817 -0.00054807196 0.9986848 -0.051267665 -4.9706012 -0.99991929 -0.0011982335 -0.012651851 -41.31249
-0.0015190467 0.048569176 0.99881862 149.64839 -0.00029523472 0.99881975 -0.048569678 -5.0261813 -0.99999884 -0.00036866471 -0.0015029161 -41.304432
0.0073675043 0.054653228 0.99847817 150.39593 -0.0049171755 0.99849522 -0.054617877 -5.0886521 -0.99996081 -0.0045072942 0.0076251558 -41.281474
0.013708427 0.06313148 0.99791102 151.15625 -0.012685921 0.9979355 -0.062958759 -5.1394661 -0.9998256 -0.011796354 0.014481006 -41.256803
0.0169909 0.066562337 0.99763755 151.90436 -0.018321205 0.99763483 -0.066250123 -5.1953713 -0.99968781 -0.017152273 0.018170214 -41.234595
0.016952147 0.062430366 0.9979053 152.65813 -0.018838306 0.99789154 -0.062109483 -5.251156 -0.99967886 -0.017745956 0.018092485 -41.211229
0.015642355 0.056748512 0.99826592 153.41519 -0.015097611 0.9982877 -0.056513175 -5.3240939 -0.9997637 -0.014187431 0.016472336 -41.194761
0.01273504 0.054284216 0.99844427 154.16264 -0.013998317 0.99843711 -0.054105278 -5.37259 -0.99982096 -0.013287506 0.013475023 -41.182304
0.0095290799 0.054456617 0.99847063 154.91624 -0.015495865 0.99840414 -0.054305102 -5.4283223 -0.99983457 -0.014954688 0.010357724 -41.168891
0.0061998072 0.054603977 0.9984888 155.65383 -0.014040698 0.99841435 -0.054512722 -5.4841009 -0.99988225 -0.013681511 0.006956653 -41.164323
0.0014540912 0.052897592 0.99859884 156.3985 -0.013748333 0.99850662 -0.052872685 -5.5413461 -0.99990447 -0.013652187 0.0021791718 -41.158487
-0.0039661518 0.053305984 0.99857031 157.13656 -0.015943292 0.99844791 -0.053362773 -5.592358 -0.99986507 -0.016132142 -0.0031101246 -41.155808
-0.0096488991 0.051551047 0.9986237 157.88734 -0.016219216 0.99853079 -0.051702962 -5.6429779 -0.99982194 -0.01669577 -0.0087986068 -41.158286
-0.015445902 0.048658244 0.99869601 158.62629 -0.013458585 0.9987146 -0.0488673 -5.693512 -0.99979017 -0.014195834 -0.014771178 -41.170035
-0.02069188 0.048534372 0.99860712 159.35638 -0.013955335 0.99870968 -0.04882852 -5.744738 -0.99968854 -0.01494625 -0.019987869 -41.183033
-0.026261177 0.049804592 0.99841363 160.07924 -0.016026286 0.99860879 -0.050235863 -5.7933114 -0.99952668 -0.017320115 -0.025426461 -41.195169
-0.030253949 0.052087009 0.99818413 160.8042 -0.017745224 0.99845593 -0.052639029 -5.8485273 -0.99938476 -0.019305539 -0.029282941 -41.211287
-0.032821131 0.054210476 0.99798994 161.51249 -0.016497961 0.99836251 -0.054773284 -5.9025626 -0.99932511 -0.01826252 -0.031873026 -41.231593
-0.034506023 0.055717166 0.99785011 162.22651 -0.014824622 0.99830635 -0.05625528 -5.9581981 -0.99929458 -0.016733896 -0.033621597 -41.254848
-0.033405866 0.054183549 0.997972 162.94665 -0.012260203 0.998432 -0.054618917 -6.0088173 -0.99936671 -0.014059931 -0.032689186 -41.280353
-0.029759108 0.050490375 0.99828104 163.65981 -0.0057291378 0.9986984 -0.050682269 -6.053166 -0.99954072 -0.0072275481 -0.029431109 -41.301489
-0.02247488 0.049997843 0.99849638 164.35987 -0.0054564778 0.99872768 -0.050132242 -6.1100892 -0.99973256 -0.0065749887 -0.022173474 -41.312825
-0.011828652 0.051088079 0.99862406 165.05933 -0.0047693653 0.99867973 -0.051147418 -6.1661465 -0.99991871 -0.0053678071 -0.011569379 -41.312941
0.0021594036 0.051293468 0.99868125 165.74355 -0.0025044547 0.99868076 -0.051288026 -6.2157879 -0.99999457 -0.0023903996 0.0022850155 -41.306019
0.017427368 0.049032116 0.99864511 166.44127 -0.0037788731 0.99879293 -0.048973427 -6.2589335 -0.99984103 -0.0029202744 0.017591617 -41.283906
0.033343885 0.044097475 0.99847059 167.14018 -0.0061703557 0.99901619 -0.043915512 -6.3024846 -0.99942493 -0.0046966041 0.033583177 -41.240325
0.050198573 0.037781239 0.99802435 167.8103 -0.0094493148 0.99925747 -0.037352638 -6.3444485 -0.9986946 -0.0075555964 0.050518304 -41.192792
0.066959455 0.030132587 0.99730054 168.47909 -0.0076785999 0.99952983 -0.029684395 -6.3793942 -0.99772619 -0.0056702202 0.067159347 -41.139092
0.08473432 0.022707389 0.99614476 169.17206 -0.0085625093 0.99971997 -0.022060539 -6.4136978 -0.99636683 -0.0066602133 0.084905023 -41.065768
0.10244877 0.01654463 0.99460064 169.82903 -0.010189154 0.99982668 -0.015582028 -6.4457182 -0.99468614 -0.0085377789 0.10259959 -40.98003
0.12026301 0.013835534 0.99264561 170.49407 -0.010646332 0.99986335 -0.012646288 -6.4769088 -0.99268502 -0.0090471531 0.12039387 -40.887193
0.13832532 0.01298815 0.99030164 171.12816 -0.0099178151 0.99988203 -0.011728479 -6.494622 -0.99033723 -0.0081992822 0.13843781 -40.785186
0.15583666 0.0123357 0.98770577 171.76713 -0.010780139 0.99988371 -0.010786941 -6.5165822 -0.98772405 -0.0089666044 0.15595151 -40.671429
0.1721508 0.011897383 0.98499872 172.41318 -0.016318622 0.99982429 -0.0092244061 -6.5324256 -0.98493547 -0.014485832 0.1723147 -40.541303
0.1863729 0.0085145111 0.98244214 173.03879 -0.01994752 0.99978912 -0.0048807332 -6.5542499 -0.9822766 -0.018687648 0.18650343 -40.401628
0.1987881 0.0039657513 0.98003443 173.66119 -0.014801233 0.99988991 -0.0010438464 -6.5698902 -0.97993076 -0.014298213 0.19882491 -40.268961
0.20970999 0.0026690839 0.97775995 174.28553 -0.013174867 0.9999132 9.6188735e-05 -6.5888908 -0.97767491 -0.012902028 0.20972696 -40.131253
0.21935275 0.0059282214 0.97562757 174.88367 -0.016192124 0.99986593 -0.0024349859 -6.607349 -0.97551128 -0.015263361 0.21941933 -39.979078
0.22818929 0.013084479 0.97352882 175.49128 -0.020648295 0.99974984 -0.0085970595 -6.6269437 -0.97339785 -0.018139953 0.22840238 -39.823457
0.23750799 0.023107954 0.97111065 176.06943 -0.021578441 0.99959583 -0.018508253 -6.6468465 -0.97114592 -0.016559195 0.23791063 -39.667922
0.2457418 0.02979911 0.96887713 176.65556 -0.016730532 0.99950886 -0.026497769 -6.660315 -0.96919097 -0.0096982202 0.24611966 -39.517668
0.25216529 0.028594404 0.96726157 177.26983 -0.017121192 0.9995387 -0.025085089 -6.6801259 -0.96753274 -0.010235081 0.25253854 -39.354013
0.25841115 0.021015235 0.96580638 177.86002 -0.018329621 0.99969003 -0.016848244 -6.6986774 -0.96586116 -0.013349091 0.25871625 -39.177801
0.26274346 0.010320874 0.96481049 178.47447 -0.02231521 0.99974032 -0.0046175058 -6.7176866 -0.96460768 -0.020316729 0.26290554 -38.999225
0.26458275 0.00077078677 0.96436264 179.09286 -0.020501832 0.99977817 0.0048257939 -6.7451694 -0.96414507 -0.021048022 0.26453986 -38.829031
0.26558181 -2.9544488e-05 0.96408829 179.68846 -0.01802646 0.99982503 0.0049964712 -6.7641188 -0.96391983 -0.018706071 0.2655348 -38.660587
0.26672712 0.003167485 0.96376685 180.29498 -0.016577113 0.99986174 0.0013016829 -6.7674159 -0.96362956 -0.016323666 0.26674275 -38.497395
0.26838689 0.0027083874 0.96330736 180.89847 -0.013063027 0.99991433 0.00082817817 -6.7765027 -0.96322267 -0.012805982 0.26839928 -38.326501
0.27046935 0.00087021002 0.96272815 181.50334 -0.014278222 0.99989323 0.0031075278 -6.7764934 -0.96262274 -0.014586537 0.27045289 -38.149692
0.27284378 -0.0030932087 0.96205334 182.12134 -0.014776308 0.9998634 0.0074054211 -6.7932638 -0.96194491 -0.016236119 0.2727608 -37.971305
0.27623354 -0.0090002458 0.96104836 182.73978 -0.013097012 0.99982805 0.013127885 -6.8014739 -0.96100134 -0.016213224 0.27606816 -37.788215
0.28017339 -0.011959205 0.95987487 183.36303 -0.01199102 0.99980078 0.01595665 -6.8088329 -0.95987456 -0.015980507 0.27997417 -37.605418
0.2861713 -0.01361032 0.95808176 183.97225 -0.010654058 0.9997921 0.01738513 -6.8046929 -0.95811928 -0.015182583 0.2859668 -37.4178
0.29447662 -0.016482561 0.95551649 184.60183 -0.0093141431 0.99975426 0.020116144 -6.8074734 -0.95561333 -0.014823551 0.29425073 -37.216015
0.30383846 -0.018554671 0.95254283 185.20615 -0.0069375671 0.99974074 0.021686963 -6.8088446 -0.95269834 -0.013197663 0.30363096 -37.016829
0.31481621 -0.016873638 0.94900261 185.84123 -0.0080709026 0.99975823 0.020453483 -6.8125159 -0.94911838 -0.014098395 0.31460391 -36.798467
0.32659412 -0.01349215 0.94506834 186.44647 -0.008270321 0.99981903 0.017131827 -6.8141441 -0.94512854 -0.013411172 0.32642344 -36.566377
0.33793324 -0.009668326 0.94112038 187.05453 -0.0099745688 0.99985429 0.013853335 -6.8120219 -0.94111727 -0.014068772 0.33778756 -36.337336
0.34961681 -0.0094837902 0.93684474 187.68769 -0.0083457344 0.99987757 0.013236386 -6.8115208 -0.93685565 -0.01244632 0.34949486 -36.093686
0.3609011 -0.012084896 0.93252575 188.31144 -0.0087761054 0.99982776 0.016353565 -6.8126401 -0.93256284 -0.014085963 0.36073287 -35.841583
0.37222361 -0.013822614 0.92804011 188.92097 -0.0085968402 0.99979486 0.018339428 -6.8137049 -0.92810331 -0.01480458 0.37202842 -35.57973
0.38326528 -0.014135346 0.9235301 189.56472 -0.011165425 0.99973892 0.019935436 -6.8193544 -0.92357086 -0.017952166 0.38300739 -35.305469
0.39313741 -0.015946064 0.91934141 190.1685 -0.013146855 0.99964991 0.022961004 -6.8089712 -0.91938578 -0.021113278 0.39279014 -35.021652
0.40022972 -0.014839932 0.91629465 190.81519 -0.017321547 0.99956775 0.023754493 -6.8075954 -0.91625117 -0.025378895 0.39979967 -34.732132
0.40447243 -0.016911446 0.91439378 191.45805 -0.018013826 0.99948773 0.026453458 -6.8007033 -0.9143728 -0.027171425 0.40396059 -34.437375
0.40634755 -0.022200701 0.91344881 192.09519 -0.01266722 0.99947184 0.029926438 -6.7930482 -0.91363082 -0.023731391 0.40585171 -34.150216
0.40701542 -0.020206003 0.91319773 192.75375 -0.010513399 0.99958544 0.026803331 -6.7872689 -0.91336082 -0.02051018 0.40663425 -33.861131
0.40591044 -0.020170418 0.91369021 193.41853 -0.0085063147 0.99962973 0.025846563 -6.7829032 -0.91387331 -0.018263526 0.40558856 -33.565538
0.40441309 -0.019099717 0.91437694 194.08323 -0.0049301301 0.99972186 0.023062933 -6.7767903 -0.91456318 -0.013834949 0.40420644 -33.282597
0.4048269 -0.020320425 0.91416748 194.7574 -0.0024454259 0.99972541 0.02330516 -6.7676403 -0.91439011 -0.011670084 0.40466605 -32.98018
0.40374037 -0.026852796 0.9144794 195.44544 0.0022702537 0.99959548 0.028349835 -6.7578576 -0.91487083 -0.0093698719 0.40363801 -32.682686
0.403115 -0.029741538 0.91466588 196.12321 0.002183452 0.99950018 0.031537735 -6.7551816 -0.91514676 -0.010716205 0.40297845 -32.379214
0.40143153 -0.032063211 0.9153276 196.81824 0.0029188471 0.99942675 0.033729032 -6.7436363 -0.91588443 -0.010868195 0.40129499 -32.077154
0.3993598 -0.032282229 0.9162257 197.50213 0.0020289237 0.99940854 0.034328729 -6.7347274 -0.91679207 -0.011850562 0.39918909 -31.772734
0.39825333 -0.032539851 0.91669808 198.18559 0.00081471788 0.99938274 0.035120943 -6.7211584 -0.91727515 -0.013240182 0.39803401 -31.462913
0.39609696 -0.031679292 0.917662 198.87773 -3.7354119e-05 0.9994041 0.034517294 -6.7139112 -0.91820873 -0.013706473 0.39585974 -31.170047
0.39550427 -0.028633085 0.91801768 199.56206 0.0011038419 0.99952804 0.030699841 -6.7088153 -0.91846352 -0.011128571 0.39534921 -30.868233
0.39487314 -0.022461329 0.91846101 200.24875 0.00020889203 0.99970327 0.024358332 -6.7083782 -0.91873567 -0.0094265913 0.39476066 -30.569553
0.39311254 -0.01914906 0.91929091 200.93444 -0.0026388816 0.99975551 0.021953611 -6.6970049 -0.91948662 -0.011056139 0.39296589 -30.27717
0.39198567 -0.022040892 0.91970721 201.63609 -0.0027674992 0.99968019 0.025136981 -6.6871136 -0.9199672 -0.012398625 0.39179931 -29.973347
0.39085709 -0.024955289 0.92011298 202.32155 -0.0041541357 0.9995744 0.028875086 -6.6849343 -0.92044204 -0.015108306 0.39058707 -29.672825
0.38785714 -0.024883215 0.92138352 203.00624 -0.0079366277 0.99950831 0.03033401 -6.6836751 -0.92168537 -0.01907794 0.38746894 -29.377713
0.38362838 -0.024767391 0.92315533 203.70195 -0.010770068 0.99945232 0.031289999 -6.6763206 -0.92342479 -0.021946177 0.38315153 -29.080189
0.3766935 -0.025608603 0.92598388 204.38315 -0.011718176 0.99940609 0.03240613 -6.6711549 -0.92626388 -0.02305802 0.37616968 -28.806566
0.3681163 -0.025897525 0.92941898 205.08152 -0.011112283 0.99941808 0.032249253 -6.6578256 -0.92971339 -0.022199442 0.36761431 -28.526251
