1.000000000000000000e+00 -3.306050084167601550e-19 -2.270457535318767223e-19 -8.673617379884035472e-19 7.546676715296109287e-19 1.000000000000000000e+00 6.237773588823049983e-19 1.387778780781445676e-17 -3.447385680526250622e-20 4.770700176052009879e-20 1.000000000000000222e+00 5.551115123125782702e-17
9.999122612970009483e-01 -2.216085808532369979e-03 1.305925945564228446e-02 1.295878934135129279e-02 2.201264126779444667e-03 9.999969009817851751e-01 1.149204556936798353e-03 -1.092768026340842913e-02 -1.306176736836042220e-02 -1.120349451477545971e-03 9.999140503448101791e-01 3.036094175424864372e-01
9.998154118550045544e-01 -4.848961445402052636e-03 1.858928847324295766e-02 3.192685790938340484e-02 4.827660815408575841e-03 9.999876246543722980e-01 1.190260998961611191e-03 -9.373746117393694233e-03 -1.859483293667097553e-02 -1.100314327855135207e-03 9.998264610186997636e-01 5.918118064485096141e-01
9.997386047420849797e-01 -7.479410609788145897e-03 2.160360382587146744e-02 4.422836457593144754e-02 7.469225763699387059e-03 9.999719364668099297e-01 5.521106419671632098e-04 -1.685512918280576700e-02 -2.160712837689602109e-02 -3.905863406834588240e-04 9.997664280332011488e-01 8.901502158886456240e-01
9.997802671663063023e-01 -9.555500343362121479e-03 1.866240292334079079e-02 4.958547870132040680e-02 9.577599847080620066e-03 9.999534987047022927e-01 -1.095580764296220791e-03 -2.092970909074340358e-02 -1.865106733254480800e-02 1.274050903560703350e-03 9.998253385715881736e-01 1.200605136201368772e+00
9.998711293928516097e-01 -1.183657194955789124e-02 1.084379617054837680e-02 5.111951110627599437e-02 1.186543547110439044e-02 9.999262181524455340e-01 -2.601099896379423324e-03 -2.119844017923798452e-02 -1.081220602371915467e-02 2.729420089814739610e-03 9.999378290179661288e-01 1.517820287022066283e+00
9.999062076591607173e-01 -1.360884235819082889e-02 -1.499666367295693619e-03 4.033888018962591276e-02 1.360248883618271794e-02 9.998987317209447889e-01 -4.168800992594787896e-03 -3.147662206874307644e-02 1.556272013577514801e-03 4.148010849871265095e-03 9.999901994558018092e-01 1.844715311796451651e+00
9.997851980753458268e-01 -1.222851208981803883e-02 -1.673884865432704455e-02 1.856659479317436870e-02 1.215479167280681359e-02 9.999160382657489299e-01 -4.498371326473025837e-03 -4.151320370757644040e-02 1.679246548642304021e-02 4.294020862180936843e-03 9.998498214744572232e-01 2.171202068941751939e+00
9.993310504415597872e-01 -8.902388173290438217e-03 -3.545822813791966316e-02 -1.105381581207288272e-02 8.731569966486614487e-03 9.999495275981482578e-01 -4.967677995067783583e-03 -4.511251640280121433e-02 3.550067227294780720e-02 4.654587284426040840e-03 9.993583498968461321e-01 2.521437565087934374e+00
9.984846159023930134e-01 -3.637386826594982397e-03 -5.491526412124705242e-02 -5.676741975745401569e-02 3.321655262701865650e-03 9.999774154465026488e-01 -5.840011507304903801e-03 -4.717320482860951070e-02 5.493526848742250057e-02 5.648768711422052537e-03 9.984741707003599309e-01 2.876578069844694774e+00
9.972418193953019872e-01 -3.488540922883213904e-03 -7.414001074057496865e-02 -1.095564527509524239e-01 3.051969406341846318e-03 9.999773054905065628e-01 -6.000487447476277915e-03 -5.411900857744375570e-02 7.415927575426585483e-02 5.757612593356565764e-03 9.972298945462596542e-01 3.242717121004229597e+00
9.952623479936109074e-01 -3.957783888453684194e-03 -9.713843015275912263e-02 -1.631884890488211615e-01 3.441094252665904702e-03 9.999790426337780147e-01 -5.486777386199602653e-03 -6.091702649977837059e-02 9.715811002958915643e-02 5.126540774934779283e-03 9.952551256003335789e-01 3.620417391244339811e+00
9.931460315097856428e-01 -5.610871466892983390e-03 -1.167622801259058513e-01 -2.190807534235302834e-01 5.120490485384212101e-03 9.999767476795750065e-01 -4.499127726100015517e-03 -6.635196007061840151e-02 1.167848252786155006e-01 3.870335338082852867e-03 9.931517016303418321e-01 4.005460789263092458e+00
9.911264151628341734e-01 -5.183123669800526225e-03 -1.327949392404405293e-01 -2.928046305853124198e-01 4.667312037150959242e-03 9.999803319926509060e-01 -4.195390107010232503e-03 -7.099079015500224521e-02 1.328140770463065723e-01 3.538387573079701792e-03 9.911311283060936228e-01 4.405446446647258263e+00
9.887216561778051638e-01 -4.013742006068267247e-03 -1.497255523443015712e-01 -3.767148061841560369e-01 3.602912318848705900e-03 9.999889788077456210e-01 -3.014795306093957274e-03 -7.816843123154000594e-02 1.497360207451284841e-01 2.441337548912168778e-03 9.887251922696985718e-01 4.820840080038837350e+00
9.867011869635736732e-01 -2.574851035176911260e-03 -1.624815548042548019e-01 -4.642257968655243983e-01 2.128390701355343129e-03 9.999935004853447440e-01 -2.920399669939777870e-03 -8.535685291426860222e-02 1.624880252471854747e-01 2.535791524339080748e-03 9.867001833091385565e-01 5.244478218849583762e+00
9.844263777100733526e-01 -3.713105846074734977e-03 -1.757867268219481804e-01 -5.522455325004358428e-01 3.042695312173854250e-03 9.999870354570497000e-01 -4.082967317532026560e-03 -9.121906016455212651e-02 1.757996289999366746e-01 3.484862258520998908e-03 9.844248613117894120e-01 5.683002052659110070e+00
9.827759783969790552e-01 -7.613659845051361404e-03 -1.846627483912707535e-01 -6.401466915696442106e-01 6.563238348781299733e-03 9.999585967776403184e-01 -6.300171450958269234e-03 -1.032077749448407772e-01 1.847031027239098566e-01 4.979507921038173884e-03 9.827852703110682153e-01 6.130506769904234154e+00
9.813049800678563805e-01 -6.318585070069964414e-03 -1.923330664452777561e-01 -7.383855401001631069e-01 4.856162222131453661e-03 9.999556472023153342e-01 -8.073099585973750672e-03 -1.134899125431740735e-01 1.923755363561540643e-01 6.988274564557880528e-03 9.812920989985969289e-01 6.592730582299342501e+00
9.801328461308819184e-01 -5.796615878745502333e-03 -1.982889439399950215e-01 -8.483882980556151088e-01 3.943205876951807153e-03 9.999447926228119954e-01 -9.743057718419725899e-03 -1.143343631340013183e-01 1.983344831814663201e-01 8.767776850130156938e-03 9.801015709554736777e-01 7.070205632353779635e+00
9.782704705428746372e-01 -6.784188413611853992e-03 -2.072286246251877073e-01 -9.642274327851872995e-01 4.347180620852681733e-03 9.999159332790259480e-01 -1.221338425798304886e-02 -1.242501555676456121e-01 2.072940846441243268e-01 1.104706459159440941e-02 9.782177457104177520e-01 7.556345609806854213e+00
9.766922637232272608e-01 -1.091000048939793493e-02 -2.144081081226506258e-01 -1.077065726098501486e+00 7.954142058454618733e-03 9.998610722319785094e-01 -1.464995888558144090e-02 -1.351455033744569101e-01 2.145381686117464048e-01 1.260340696089647800e-02 9.766432492231698070e-01 8.062301889178270287e+00
9.746666118063759265e-01 -1.655871244102559425e-02 -2.230650585163521937e-01 -1.189696868329748636e+00 1.352086624439186383e-02 9.997940056871210679e-01 -1.514107859913119310e-02 -1.481389659589952834e-01 2.232697434025859851e-01 1.174240861806905532e-02 9.746895275603667530e-01 8.577832821992833701e+00
9.732445149198257761e-01 -1.687435942908508540e-02 -2.291630168144874746e-01 -1.321222938189532847e+00 1.336661204935028421e-02 9.997687512195208015e-01 -1.684960237404794711e-02 -1.745325957255580429e-01 2.293942741510474614e-01 1.333694224274120828e-02 9.732448019453704413e-01 9.104322406218058106e+00
9.707916754216254773e-01 -1.310914271852961152e-02 -2.395784907976467870e-01 -1.474706212094139213e+00 8.078616944404030942e-03 9.997260077666983991e-01 -2.196870326341298502e-02 -1.781394728071128974e-01 2.398008883047256234e-01 1.939153188788097018e-02 9.706315515834050833e-01 9.633937859258981717e+00
9.690940957741214223e-01 -1.102425053678558579e-02 -2.464441086755359278e-01 -1.631136742083975744e+00 5.062053233329697963e-03 9.996792970014761748e-01 -2.481592860224261093e-02 -1.897425991779978505e-01 2.466385800055979072e-01 2.280208200100235227e-02 9.688390215844490116e-01 1.018369414106784987e+01
9.665747643783011434e-01 -1.369054602099474029e-02 -2.560454530127193040e-01 -1.787456792100492908e+00 7.141015258366331490e-03 9.996234438663377242e-01 -2.649756277750067723e-02 -2.103869381192147447e-01 2.563118345298668888e-01 2.378306273775777566e-02 9.663084126393030049e-01 1.073969450350260857e+01
9.642481963032409897e-01 -1.509116971547025399e-02 -2.646000809075684246e-01 -1.951865979724393352e+00 8.019928311421960221e-03 9.995816620299400324e-01 -2.778803460224955196e-02 -2.405936996825347451e-01 2.649086826213224999e-01 2.467366952500692559e-02 9.639657306370034151e-01 1.131312365666385666e+01
9.623609975556215446e-01 -1.539205255669353831e-02 -2.713210385898502386e-01 -2.127852616637366356e+00 7.180765629193749597e-03 9.994864215587018208e-01 -3.123113088128645284e-02 -2.625762359462428530e-01 2.716624523141724645e-01 2.810663357369528811e-02 9.619771892116352197e-01 1.189530710640892686e+01
9.600279912378497649e-01 -1.446357082608231218e-02 -2.795856266924859890e-01 -2.315033743928291976e+00 5.013200630892489934e-03 9.993924084526496499e-01 -3.449191690926701331e-02 -2.845054742320393681e-01 2.799147282825185101e-01 3.171170909636443491e-02 9.595169853917457914e-01 1.249088292179018467e+01
9.579854224026546072e-01 -1.573503683063885022e-02 -2.863462139206615631e-01 -2.502778376583668418e+00 4.622219957900422505e-03 9.992113532770430240e-01 -3.944537291822900610e-02 -3.127462618896248436e-01 2.867408725852843010e-01 3.646546012491176658e-02 9.573024475525718779e-01 1.308938698939622114e+01
9.560767146699141739e-01 -1.660437657480210577e-02 -2.926833397259562819e-01 -2.700096832741201158e+00 3.068857145793841765e-03 9.989066087952134243e-01 -4.664800697302919075e-02 -3.512856367550287739e-01 2.931379455009107127e-01 4.370098107209816063e-02 9.550823274748141412e-01 1.370178360509034476e+01
9.548638420795731996e-01 -1.720937620396493020e-02 -2.965499312602105642e-01 -2.905120312812380146e+00 9.531124569756532728e-04 9.984926714750048671e-01 -5.488255233543460482e-02 -3.874117017611976577e-01 2.970474083198799131e-01 5.212263047233576391e-02 9.534408955030394539e-01 1.433105262786099843e+01
9.538995411474622266e-01 -1.709058681298910795e-02 -2.997349153786705855e-01 -3.121159130730890574e+00 -2.256851520592695077e-03 9.979407082581085442e-01 -6.411123229642762267e-02 -4.310289435936973113e-01 3.002132441464369639e-01 6.183316896326972179e-02 9.518964611428304412e-01 1.496538276701425829e+01
9.523993225460578582e-01 -1.661540955809422820e-02 -3.044222388015947467e-01 -3.340020192829525225e+00 -6.058491517676451235e-03 9.972847738777836923e-01 -7.338371387560155279e-02 -4.745018328326958135e-01 3.048152145611099928e-01 7.173421320892603426e-02 9.497126211245289218e-01 1.561392156385447727e+01
9.512198124303232749e-01 -1.578992160389052629e-02 -3.080387272563426815e-01 -3.565617821361365625e+00 -9.463640618924238843e-03 9.967260907579555962e-01 -8.028229466091658939e-02 -5.360770284537560437e-01 3.082977226237796353e-01 7.928183389798532099e-02 9.479561344322656735e-01 1.626851502679440387e+01
9.497893275876594377e-01 -1.508873557116670316e-02 -3.125471171625163747e-01 -3.800790895541628078e+00 -1.283454684170046850e-02 9.961170920577885335e-01 -8.709090085520526658e-02 -5.945508337983067548e-01 3.126481259760623410e-01 8.672766528783323881e-02 9.459076334131766295e-01 1.693094510580650791e+01
9.480629044198939370e-01 -1.358144814388026478e-02 -3.178443655171295235e-01 -4.044107398856166213e+00 -1.667398925218658429e-02 9.955923644471206257e-01 -9.230379310065252307e-02 -6.630655213621254873e-01 3.176968827657715155e-01 9.281019118227468168e-02 9.436577394413964148e-01 1.761522315166781638e+01
9.466547132677088916e-01 -1.137648717106930739e-02 -3.221329753987793865e-01 -4.300231942386157691e+00 -2.148635796119300473e-02 9.949243933228906211e-01 -9.829120357294138244e-02 -7.339339795723733850e-01 3.216165842653916918e-01 9.996744416544800504e-02 9.416055052067336950e-01 1.829789364831954757e+01
9.452226684778856081e-01 -8.344613750254475590e-03 -3.262770763337400903e-01 -4.557082625823525746e+00 -2.603977829963144766e-02 9.945597593012065474e-01 -1.008583723487340572e-01 -8.120560414540254346e-01 3.253434412355487582e-01 1.038308819266222927e-01 9.398631582347020119e-01 1.899965646815879694e+01
9.433393464081549773e-01 -8.665058283868610697e-03 -3.316757050495565129e-01 -4.826837896178451714e+00 -2.714204166955211731e-02 9.942943780675286281e-01 -1.031379582382671717e-01 -8.911352892473360932e-01 3.306766068807356906e-01 1.062976084977290681e-01 9.377218172304017108e-01 1.971300260175111063e+01
9.409149058071888394e-01 -6.394590062350391686e-03 -3.385624648816648041e-01 -5.101023817687520889e+00 -2.972563335244985533e-02 9.944028299790125258e-01 -1.013705454874596068e-01 -9.785069149532265032e-01 3.373165701323605492e-01 1.054418652069324808e-01 9.354582618525012494e-01 2.043430105717114031e+01
9.388090328281887276e-01 -7.326528485559211448e-03 -3.442683623905558044e-01 -5.380668903054243835e+00 -2.910799249760819690e-02 9.945096847806724760e-01 -1.005202557326987933e-01 -1.065193033854390237e+00 3.431139032178372461e-01 1.043942033149911075e-01 9.334414170880995787e-01 2.116261785550487318e+01
9.366184467733963404e-01 -7.173629572683381563e-03 -3.502158370926742315e-01 -5.665559447998647968e+00 -2.911888306453501787e-02 9.947373421868499488e-01 -9.823923680020653360e-02 -1.147895606664544488e+00 3.490778512285887536e-01 1.022099520855567212e-01 9.314804527618608665e-01 2.190357926236969988e+01
9.342998241519584468e-01 -6.188640393381313227e-03 -3.564253792370662421e-01 -5.959645994822257542e+00 -2.943715932520589440e-02 9.950953477369067768e-01 -9.443505157758007307e-02 -1.233140943901970488e+00 3.552622742406269518e-01 9.872042353085838662e-02 9.295352370657555818e-01 2.263818861756294964e+01
9.297520507111610710e-01 -3.927317233371327952e-03 -3.681015098128292973e-01 -6.274405596832642651e+00 -3.098354421600695366e-02 9.955615288762696968e-01 -8.888167950820720364e-02 -1.311869067746060491e+00 3.668158063140855574e-01 9.404862370925878845e-02 9.255040411668113975e-01 2.340329418508193982e+01
9.267819715699332495e-01 -1.056244928603636930e-03 -3.755741056540352063e-01 -6.593921447429066163e+00 -3.266495138385560465e-02 9.959805488038506738e-01 -8.340089592093188897e-02 -1.392428744939951502e+00 3.741527999944915250e-01 8.956246699175467174e-02 9.230222629895586950e-01 2.415350626380665489e+01
9.229628059688126385e-01 2.261860347295696193e-03 -3.848949338863648095e-01 -6.930967177052866468e+00 -3.551957346293572321e-02 9.962158081736252058e-01 -7.931159632197297416e-02 -1.468855681736521035e+00 3.832586319132330610e-01 8.687428751443122821e-02 9.195507674188417857e-01 2.490914197949594566e+01
9.196730627816078751e-01 2.577707576438042526e-03 -3.926321748822771962e-01 -7.269029101371305757e+00 -3.592534783130060805e-02 9.963371801430332964e-01 -7.758671993997000305e-02 -1.541733486063255443e+00 3.909939701308483562e-01 8.546015439216807230e-02 9.163970527792473231e-01 2.567573882588285983e+01
9.156054561791617807e-01 2.852669413431991284e-03 -4.019931542993623874e-01 -7.616104770338342433e+00 -3.691317349174828844e-02 9.963482168660241500e-01 -7.701817936439708800e-02 -1.619358596009974338e+00 4.003052626543712189e-01 8.536246258677614163e-02 9.123672393159595329e-01 2.644576546123794358e+01
9.122570065473329937e-01 3.563624148564651078e-03 -4.095693171399539811e-01 -7.980931289687484664e+00 -3.776695516528608132e-02 9.964345415928305139e-01 -7.544728653159600562e-02 -1.688847046598171753e+00 4.078401524073133610e-01 8.429700913528120898e-02 9.091390144513895599e-01 2.722258864271771017e+01
9.082541428476805789e-01 5.138565678571498790e-03 -4.184415811750733516e-01 -8.354595220788811005e+00 -3.939847842664384592e-02 9.965322141080825702e-01 -7.328632578266963682e-02 -1.761898604627182063e+00 4.166139772422120524e-01 8.304696950524464993e-02 9.053071651160754518e-01 2.800551032049310862e+01
9.044787996073482272e-01 4.557003325164041968e-03 -4.265060406559837980e-01 -8.738813292946776556e+00 -3.852904423921325178e-02 9.967276422734022701e-01 -7.107766239232143901e-02 -1.839502026595064565e+00 4.247866978303732610e-01 8.072212669573654298e-02 9.016945877060416059e-01 2.879362309141952636e+01
9.011664300957458185e-01 4.711011396059119720e-03 -4.334457140130267283e-01 -9.134842450345196596e+00 -3.767050672638040665e-02 9.970090542921783427e-01 -6.749331084788727508e-02 -1.903190963659645796e+00 4.318318790492753911e-01 7.714949594926619192e-02 8.986484344315036621e-01 2.959385568439131831e+01
8.972783197699493174e-01 6.705896986083102577e-03 -4.413648721304184175e-01 -9.538452780653598140e+00 -3.782910676375946663e-02 9.973747437357012302e-01 -6.174114697285582043e-02 -1.972126538172903176e+00 4.397919492163804289e-01 7.209802570539008970e-02 8.951765482726091738e-01 3.040148012640780095e+01
8.939256378703059891e-01 6.037061289474946434e-03 -4.481338213918890645e-01 -9.958697719446712782e+00 -3.554942368065167058e-02 9.977142329547101784e-01 -5.747957259940884162e-02 -2.038144178940085371e+00 4.467625742375048725e-01 6.731610216015687653e-02 8.920970733735925640e-01 3.121314783359011358e+01
8.898538743354634795e-01 6.244259522025276572e-03 -4.562378178595574152e-01 -1.039164633266281612e+01 -3.518393450198732675e-02 9.978677189136010428e-01 -5.497331166506274486e-02 -2.099060423579792278e+00 4.549211452822494173e-01 6.497598765048410996e-02 8.881765653011982620e-01 3.204414323700623157e+01
8.872045201376358436e-01 6.994554703553910492e-03 -4.613199709325755404e-01 -1.083070828698340726e+01 -3.537541862791367814e-02 9.979730715988255341e-01 -5.290342496337176181e-02 -2.156753536732918253e+00 4.600150267454898856e-01 6.325423390728615591e-02 8.856533971475110123e-01 3.287234864120053146e+01
8.842448330396556200e-01 6.995686479226134562e-03 -4.670023033412900593e-01 -1.128319672909950278e+01 -3.477019102254933630e-02 9.980990235424304080e-01 -5.089413418223483893e-02 -2.210748883098954565e+00 4.657585999277121247e-01 6.124024259532809267e-02 8.828069884687261837e-01 3.370897246395197300e+01
8.814536673231605501e-01 5.067543122639153914e-03 -4.722149475815533570e-01 -1.175245034568734859e+01 -3.257679095054592106e-02 9.982133975254097180e-01 -5.009145068748804136e-02 -2.269835940876975933e+00 4.711177989455540560e-01 5.953287184631347179e-02 8.800434854596574930e-01 3.455632545815230827e+01
8.785297998418040155e-01 5.065959406652125255e-03 -4.776266740424401358e-01 -1.221930587442650840e+01 -3.247581614462152072e-02 9.982636898376534562e-01 -4.915795150134277119e-02 -2.327710253298001852e+00 4.765483247642569031e-01 5.870130489247094019e-02 8.771689675005660547e-01 3.540652564747470166e+01
8.772191068475260201e-01 3.670759896521691521e-03 -4.801758884971601971e-01 -1.270900141654773385e+01 -3.155897728159725441e-02 9.982488425137232557e-01 -5.004060107499416765e-02 -2.386192246524855065e+00 4.791511781642595613e-01 5.905117501978918160e-02 8.757989473634517630e-01 3.626787781904995711e+01
8.753294347896863892e-01 3.937635626619521989e-03 -4.835972237317315292e-01 -1.320205625707255415e+01 -3.222967280216308683e-02 9.982181181661393676e-01 -5.021049259720850033e-02 -2.442449529757988458e+00 4.825376001857334951e-01 5.953587316186703671e-02 8.738967190854953770e-01 3.714530860996506334e+01
8.753974401030722996e-01 4.044592316400343925e-03 -4.833705053118581008e-01 -1.370468232686019228e+01 -3.183488063057698242e-02 9.982766474913082888e-01 -4.928694707445858275e-02 -2.501130845602623332e+00 4.823381485141882141e-01 5.853237075094993441e-02 8.740175437227584165e-01 3.803557993113411584e+01
8.744329364633488533e-01 4.080234940431767474e-03 -4.850782099396318547e-01 -1.421063548681482303e+01 -3.113764525935790173e-02 9.983749546847882073e-01 -4.773858159892357261e-02 -2.556085897174987576e+00 4.840951254210315025e-01 5.685213612738949929e-02 8.731389930071365990e-01 3.893294143707808530e+01
8.753717854650510111e-01 3.286133784433403326e-03 -4.835431553157180651e-01 -1.472951481688357234e+01 -2.949695365576519845e-02 9.984768527008482941e-01 -4.663421387065349449e-02 -2.614066033606476491e+00 4.826535944975499648e-01 5.508365043603901529e-02 8.741354731431523195e-01 3.984075073357010410e+01
8.744812964799510979e-01 1.176903900185818008e-03 -4.851027717432691011e-01 -1.524152099393709037e+01 -2.766640523601142029e-02 9.984899842580164941e-01 -4.745263800868487758e-02 -2.674574556614668808e+00 4.843142645377963018e-01 5.491884764414745046e-02 8.731934583939602312e-01 4.076452765193440086e+01
8.732810598292810589e-01 -1.048290466473126084e-03 -4.872807456584381525e-01 -1.576943839183102369e+01 -2.540536246619657518e-02 9.985392447747635236e-01 -4.767866100293840365e-02 -2.741406274496559270e+00 4.866189482858492288e-01 5.401486513190227601e-02 8.719787857813926513e-01 4.169736844783974306e+01
8.719412803984427640e-01 -1.580271098579484699e-03 -4.894881906477777100e-01 -1.630132435021664961e+01 -2.423044246349013650e-02 9.986301893985810585e-01 -4.637927979608486712e-02 -2.800697661760147117e+00 4.888910447086237676e-01 5.230202908067865114e-02 8.707084898816260798e-01 4.262369928801074082e+01
8.698556256918134055e-01 -1.085357438689898762e-03 -4.933656935812810174e-01 -1.684444095188899837e+01 -2.274644011615897798e-02 9.988457029554490552e-01 -4.230514294675265241e-02 -2.858025851877004531e+00 4.928422594408845003e-01 4.801941672488323209e-02 8.688267570613560364e-01 4.355536951075994523e+01
8.672496933137588959e-01 -1.977708436016865521e-04 -4.978590906422712958e-01 -1.738372512991287522e+01 -2.144525858972872595e-02 9.990570202152442292e-01 -3.775043352376004219e-02 -2.917894356295285707e+00 4.973973177537045487e-01 4.341250271941202166e-02 8.664274898096201438e-01 4.448402824596904992e+01
8.636007121406243936e-01 -2.249157430928980326e-03 -5.041577534687675666e-01 -1.793249706484986561e+01 -1.883047803855444902e-02 9.991485143658446200e-01 -3.671121631403891777e-02 -2.982064195676086271e+00 5.038112604207610756e-01 4.119478282127472801e-02 8.628229423205880932e-01 4.539680691502281462e+01
8.580747953342564571e-01 -5.593226168519055234e-03 -5.136059519798776840e-01 -1.848714474782985207e+01 -1.597638922323061164e-02 9.991659125575432787e-01 -3.758103183037355549e-02 -3.039814870842849626e+00 5.133878777938771787e-01 4.045001696287792159e-02 8.572697329346165018e-01 4.631788420556669905e+01
8.529479922434335393e-01 -8.492852549514377097e-03 -5.217472122222586162e-01 -1.904848981621405812e+01 -1.490910932201340230e-02 9.990633063184817253e-01 -4.061963660815195304e-02 -3.097895173758694831e+00 5.216033210333548276e-01 4.242993989326146465e-02 8.520224338523306740e-01 4.722227827326170058e+01
8.462551667099164066e-01 -6.365751109719285962e-03 -5.326648206988058298e-01 -1.963686036891739306e+01 -1.739989609249836811e-02 9.990649311921910858e-01 -3.958846382528567048e-02 -3.149210207475803713e+00 5.324187275891606452e-01 4.277390845992150997e-02 8.453531937810897512e-01 4.813327807514264833e+01
8.405389171751338484e-01 -4.724580198430620818e-03 -5.418776122039635768e-01 -2.023517816765679100e+01 -1.693394118005226920e-02 9.992441464247661109e-01 -3.498723541797714442e-02 -3.199535122046651026e+00 5.416337367333005082e-01 3.858090470821185641e-02 8.398235528971399466e-01 4.903624015469684849e+01
8.362444289475097214e-01 -1.006387419347430558e-03 -5.483278579684796039e-01 -2.083913759554988232e+01 -1.865598099042339864e-02 9.993671435751104726e-01 -3.028344553547538537e-02 -3.252549475075058982e+00 5.480113159356643227e-01 3.555692990110661394e-02 8.356965277009213988e-01 4.993287676241284601e+01
8.320119969782979741e-01 -4.675586076189879731e-04 -5.548024824145354472e-01 -2.144378963528114568e+01 -2.066940212364861210e-02 9.992792130021993513e-01 -3.185410858690776448e-02 -3.304578095043308572e+00 5.544177054353374157e-01 3.796862194938264295e-02 8.314026481661703771e-01 5.082328391329149042e+01
8.285847092131943814e-01 -2.948141877720191709e-03 -5.599031111079203482e-01 -2.205613647774821828e+01 -2.099223633314323614e-02 9.991193116296339660e-01 -3.632949811525910955e-02 -3.359533054989585654e+00 5.595171734311380485e-01 4.185506406659698225e-02 8.277929936797245869e-01 5.170593728474246831e+01
8.255322732499893457e-01 -4.007453999807810557e-03 -5.643994395059814817e-01 -2.266295266781245843e+01 -2.417595055107915267e-02 9.988055996930216285e-01 -4.244573917863756624e-02 -3.419939953301133428e+00 5.638955387668730390e-01 4.868459475138468828e-02 8.244495063218209019e-01 5.258178989247690538e+01
8.221860120165473962e-01 -3.476086834196364522e-03 -5.691875096195831985e-01 -2.328861493714919462e+01 -2.586824372601864708e-02 9.987199348350750405e-01 -4.345765803804442495e-02 -3.470201864966693694e+00 5.686099143746980999e-01 5.045586837755817317e-02 8.210437067738661776e-01 5.346288701788331821e+01
8.200214813239473655e-01 -3.228714609216967388e-03 -5.721794293251890595e-01 -2.391128338019295896e+01 -2.407021089279265391e-02 9.989047156492942836e-01 -4.011909611800650033e-02 -3.540650977105930242e+00 5.716819565206597842e-01 4.667713175176491786e-02 8.190457406831611609e-01 5.433291666683575016e+01
8.162307278148297485e-01 -1.912731046284534128e-03 -5.778123584307338634e-01 -2.454744580200923920e+01 -2.192352769546685592e-02 9.991717530691888172e-01 -3.429197672493685539e-02 -3.590588024996685945e+00 5.773995088266866693e-01 4.065570499989405034e-02 8.155126840634915331e-01 5.521508125510563048e+01
8.126632505091267999e-01 5.527061525865893362e-04 -5.827295624187671663e-01 -2.519157572093137176e+01 -2.274227451922686619e-02 9.992677461724981391e-01 -3.076892125790146870e-02 -3.641343356735835535e+00 5.822856903749976665e-01 3.826029329633074544e-02 8.120809371219335215e-01 5.609239914239321934e+01
8.103921017974389240e-01 2.234571368602870749e-03 -5.857799869922025726e-01 -2.583145399874852899e+01 -2.518903185633688049e-02 9.992009617466526272e-01 -3.102840564177589480e-02 -3.692282624087383169e+00 5.852426329531650318e-01 3.990225683738134188e-02 8.098008811962043030e-01 5.696576388318916884e+01
8.061682588127384586e-01 4.812629514883512037e-04 -5.918236502692723056e-01 -2.648826926673310922e+01 -2.467148740087916209e-02 9.991572979504832475e-01 -3.280899524286987057e-02 -3.735510483223108746e+00 5.913093233620319022e-01 4.104756147100167840e-02 8.055006971277696159e-01 5.783528249244677255e+01
8.023551709650050823e-01 -1.491489367868263985e-03 -5.967155364152140207e-01 -2.713846429122832404e+01 -2.400689538569922635e-02 9.991069660708487010e-01 -3.477578160309044430e-02 -3.792598747252390545e+00 5.962345125946340030e-01 4.223120051819669041e-02 8.016026980357101595e-01 5.869777471710899874e+01
7.995932780729902989e-01 -3.101273645125855391e-03 -6.005133882640768528e-01 -2.780204123482388923e+01 -2.307305028001360725e-02 9.990897760495868196e-01 -3.587719357555454319e-02 -3.847097120620755373e+00 6.000782223635793278e-01 4.253876989711796730e-02 7.987938455012940642e-01 5.956225957253874270e+01
7.940086456274794147e-01 -3.684386191377612540e-03 -6.079059896426469711e-01 -2.847796767408100038e+01 -2.189567197812972849e-02 9.991595191238508145e-01 -3.465657933931990536e-02 -3.897925584202629690e+00 6.075231720156893944e-01 4.082086000266054587e-02 7.932603583123295499e-01 6.042740992653864396e+01
7.894433702826213484e-01 -2.893929364987606057e-03 -6.137529339207401513e-01 -2.915058573314710699e+01 -2.228770573378397943e-02 9.991942232080408548e-01 -3.338060729094085438e-02 -3.952204255935788169e+00 6.133550585345046713e-01 4.003347413907950431e-02 7.887427060775141774e-01 6.127707319723749890e+01
7.838645606891109230e-01 -4.249625244257563758e-03 -6.209380624617382161e-01 -2.984067354609108591e+01 -2.184919659174803380e-02 9.991683840781636627e-01 -3.442487454741069430e-02 -4.006345800417089542e+00 6.205676611090846784e-01 4.055637840764246549e-02 7.831200450970751126e-01 6.213840790028601901e+01
7.788689109879498584e-01 -5.030258268448827529e-03 -6.272555793881621211e-01 -3.053870631201118613e+01 -2.163174891997057120e-02 9.991573081182885119e-01 -3.487677854381213832e-02 -4.059556932465132384e+00 6.269026340789549678e-01 4.073044920917889139e-02 7.781037729019710802e-01 6.299135959091711356e+01
7.744689628521642666e-01 -6.390911711098398035e-03 -6.326672309371846881e-01 -3.124478162886248001e+01 -2.073409043182261949e-02 9.991551530004125770e-01 -3.548531050288673133e-02 -4.114071762999309989e+00 6.323596725147344610e-01 4.060000684145505939e-02 7.736821833570182161e-01 6.384128589381224117e+01
7.678670511859978509e-01 -8.136966360677538868e-03 -6.405399738825878764e-01 -3.196634001275282344e+01 -1.991963638278092252e-02 9.991323957723763360e-01 -3.655972444689408601e-02 -4.166638325896580675e+00 6.402817729310177342e-01 4.083242806772400396e-02 7.670387987195740331e-01 6.468512380987733934e+01
7.631895997189592773e-01 -1.009818741620593756e-02 -6.461469294569610611e-01 -3.268499049432306691e+01 -1.869323289480086941e-02 9.991142335834549693e-01 -3.768902364367308216e-02 -4.225189664991392036e+00 6.459551966386340993e-01 4.084359674904814580e-02 7.623248059187771597e-01 6.552490568858560493e+01
7.562590566852004370e-01 -1.076834707988737899e-02 -6.543434583860227027e-01 -3.342536643330221580e+01 -1.851210793942335495e-02 9.991120024566582103e-01 -3.784280841612892160e-02 -4.276428628471629523e+00 6.541700816661202289e-01 4.072945674905233820e-02 7.553882348911922229e-01 6.636615191161622818e+01
7.495868664275282534e-01 -1.101224227560109771e-02 -6.619049639557870179e-01 -3.417395912511106815e+01 -1.714275509307409615e-02 9.992031629181666874e-01 -3.603970761877510476e-02 -4.332526422858363979e+00 6.617747397016973121e-01 3.835565669727547533e-02 7.488006317031945525e-01 6.720387639188358264e+01
7.443874576759734740e-01 -1.214758524713492778e-02 -6.676550561921834603e-01 -3.492783359761889983e+01 -1.529390531358845381e-02 9.992621894358487689e-01 -3.522497702713752593e-02 -4.387494887881626227e+00 6.675906184464061033e-01 3.642875189360678806e-02 7.436524177838078620e-01 6.803136205652245394e+01
7.371800013599321133e-01 -1.419378925986607143e-02 -6.755229394109774077e-01 -3.569643541845275792e+01 -1.404628879343335600e-02 9.992414566412787247e-01 -3.633325029844670928e-02 -4.444405141374151214e+00 6.755262404394146714e-01 3.627436726768458464e-02 7.364214737462259075e-01 6.886753557883704957e+01
7.307693672677632035e-01 -1.485360284403270184e-02 -6.823506544039227295e-01 -3.647915550097120985e+01 -1.440390851147782016e-02 9.992051224234784756e-01 -3.718413301506603985e-02 -4.509940165669717338e+00 6.823603849267119159e-01 3.700840265054751443e-02 7.299745268798035758e-01 6.968978692013547516e+01
7.257332989124248845e-01 -1.523227454038090199e-02 -6.877592231993975291e-01 -3.726710625153629763e+01 -1.467424950147413858e-02 9.991847509688325246e-01 -3.760663604390310916e-02 -4.562026082706593044e+00 6.877712924808654371e-01 3.738795297566728515e-02 7.249181446339709733e-01 7.050107060170229545e+01
7.210278905777822711e-01 -1.464967726021199068e-02 -6.928309958854542705e-01 -3.807077422710167980e+01 -1.459698557894236609e-02 9.992335490398951414e-01 -3.631236477403308738e-02 -4.616604647575413445e+00 6.928319411748261603e-01 3.629370156741407172e-02 7.202613503374619697e-01 7.131647895598739240e+01
7.162745172941406002e-01 -1.409710151240010055e-02 -6.976628971120735212e-01 -3.887889847620188277e+01 -1.581987688212727408e-02 9.992109858960677160e-01 -3.644257698750702490e-02 -4.674305236381159467e+00 6.976259752733585673e-01 3.714410472211974318e-02 7.154864769047016848e-01 7.212976646790160373e+01
7.107297799181410136e-01 -1.504881785388591242e-02 -7.032518645083987163e-01 -3.971118396891585434e+01 -1.590191265594540285e-02 9.991719988399844210e-01 -3.745199729217422308e-02 -4.730530973103983072e+00 7.032328827879733568e-01 3.780860253719300901e-02 7.099019598359299632e-01 7.294493835596833264e+01
7.053165987118067415e-01 -1.630802119514827495e-02 -7.087938635086237227e-01 -4.054019945241935829e+01 -1.667822108378465285e-02 9.990768272662283733e-01 -3.958569796633920612e-02 -4.791624009929006611e+00 7.087853818295147823e-01 3.973912428515082029e-02 7.043935861221850558e-01 7.375117192090966967e+01
7.019229085542274538e-01 -1.794887817113060766e-02 -7.120456592580145516e-01 -4.136715606958851765e+01 -1.720026160037469928e-02 9.989636783560610356e-01 -4.213848176147060726e-02 -4.855228287872109583e+00 7.120644278595245069e-01 4.182389230441063005e-02 7.008867466392112444e-01 7.456440930309472037e+01
6.958593909923874721e-01 -1.877149337440102081e-02 -7.180311204593601282e-01 -4.221740992231417522e+01 -1.765896651713884380e-02 9.989087486421917017e-01 -4.323599478649430700e-02 -4.916399970935923847e+00 7.180594217470185336e-01 4.276720008241374077e-02 6.947687179704014060e-01 7.536861788599223644e+01
6.918638876291145490e-01 -1.820868182011860237e-02 -7.218032537405613125e-01 -4.307547362719516570e+01 -1.673905427093348372e-02 9.990087055181575693e-01 -4.124795010151968699e-02 -4.976906784748848622e+00 7.218386997452723719e-01 4.062568420059141372e-02 6.908733413391171529e-01 7.616794208840536839e+01
6.870669490673488866e-01 -1.906001034122114385e-02 -7.264562561638041593e-01 -4.393251927960265135e+01 -1.514004633630384664e-02 9.990632045729004318e-01 -4.054414379938497265e-02 -5.041689025513971245e+00 7.265488884741018172e-01 3.885211325814204308e-02 6.861347680249424430e-01 7.697480650177313066e+01
6.818432153669341522e-01 -1.937317935207647293e-02 -7.311830164982772162e-01 -4.481031173263947665e+01 -1.503167206617063607e-02 9.990669188400558287e-01 -4.049074517915862703e-02 -5.109052881264729784e+00 7.312858184369998016e-01 3.859377949834455479e-02 6.809160472047531831e-01 7.777497608638067561e+01
6.781299668405230685e-01 -2.015755727293824795e-02 -7.347946137630396723e-01 -4.568977953444652940e+01 -1.455011328337590948e-02 9.990596017813314633e-01 -4.084410769959348486e-02 -5.170174932394947298e+00 7.349271276707993739e-01 3.838947454144366056e-02 6.771989664008813969e-01 7.857373034496038144e+01
6.732190235667583345e-01 -2.147298562186160040e-02 -7.391215751887667551e-01 -4.657502680037645604e+01 -1.288839281378212007e-02 9.990855472044162244e-01 -4.076464461757389746e-02 -5.232059208506860237e+00 7.393212707742214951e-01 3.696816909079460312e-02 6.723268031111193643e-01 7.936931136675224252e+01
6.682655411470312945e-01 -2.219386131951325836e-02 -7.436288962535941849e-01 -4.747015377392085611e+01 -1.114193605060002576e-02 9.991440660832734411e-01 -3.982027920963908396e-02 -5.291351316083119372e+00 7.438765229087194175e-01 3.489311472143226400e-02 6.674464260948907990e-01 8.016117684265697108e+01
6.672251014726613416e-01 -2.571177222563877235e-02 -7.445474193491995463e-01 -4.837141965455582238e+01 -7.735734533755487044e-03 9.991107753761121479e-01 -4.144201989515033935e-02 -5.358927734515478214e+00 7.449513971603666240e-01 3.340648209114829847e-02 6.664329806303220805e-01 8.096040260739150085e+01
6.605634651790047718e-01 -2.976168296088720078e-02 -7.502675105985808779e-01 -4.927703042501862285e+01 -5.075213748406569650e-03 9.990140402995483226e-01 -4.409601580834775214e-02 -5.426444012183404553e+00 7.508406610944212689e-01 3.293129692949095522e-02 6.597612334397515710e-01 8.175392713263023836e+01
6.560596150387607572e-01 -3.316975100496639267e-02 -7.539740424811689490e-01 -5.018816731709357271e+01 -2.080663199352394358e-03 9.989503166129952705e-01 -4.575527692090070042e-02 -5.484949335866525999e+00 7.547004673211169523e-01 3.158709035226216905e-02 6.553018626292500537e-01 8.253595440610133949e+01
6.508457050219905726e-01 -3.796587595587835179e-02 -7.582884911271527972e-01 -5.111051658312938173e+01 5.183606066376467147e-03 9.989477040971451727e-01 -4.556546633140824004e-02 -5.560494545852347592e+00 7.592206857869171488e-01 2.572567014489466480e-02 6.503577005762991581e-01 8.332809903727313383e+01
6.416941952483357081e-01 -4.171668353261758638e-02 -7.657305805089826833e-01 -5.204552481008165898e+01 1.019463806981295816e-02 9.988952601141302123e-01 -4.587498111217933744e-02 -5.632525043854989200e+00 7.667984133132438318e-01 2.163016108557582612e-02 6.414106094873879282e-01 8.410953147257450269e+01
6.337509813791776248e-01 -4.312939286848994219e-02 -7.724076300466756750e-01 -5.298769448258879322e+01 1.318371346377943988e-02 9.989013148646422868e-01 -4.496896517572831348e-02 -5.706914126302611301e+00 7.734989519708820316e-01 1.831012047144886523e-02 6.336237652910619023e-01 8.489332530652623632e+01
6.235093641062551262e-01 -4.151788857837292179e-02 -7.805671768479465200e-01 -5.395392225442582657e+01 1.428094379863716415e-02 9.990275044407207483e-01 -4.171866133289622858e-02 -5.765919757728656059e+00 7.815396374578038596e-01 1.486842022663534268e-02 6.234954886689056952e-01 8.565685336887310086e+01
6.158636829812373925e-01 -4.168584276559373497e-02 -7.868170824818659925e-01 -5.493410638366978560e+01 1.459767019864026058e-02 9.990315508129790079e-01 -4.149980416966522062e-02 -5.837831881703993808e+00 7.877854694370867161e-01 1.406913855315792064e-02 6.158757713594398275e-01 8.640787263755164815e+01
6.066631889300327929e-01 -4.197161597789975107e-02 -7.938934660382341857e-01 -5.591597977826712196e+01 1.236264413984800720e-02 9.989824464085647060e-01 -4.337249897039875679e-02 -5.902855199075975889e+00 7.949062629381262735e-01 1.649501220197239701e-02 6.065649602691604025e-01 8.715495241015135264e+01
5.968115118543900754e-01 -4.427047919271696191e-02 -8.010936991169296251e-01 -5.691076874149939613e+01 1.380439246445745033e-02 9.988953622286954603e-01 -4.491873565200797669e-02 -5.974870264164796829e+00 8.021972550854994388e-01 1.574754644017752406e-02 5.967634380354448487e-01 8.788520870740255475e+01
5.864316223308384535e-01 -4.594237607850717303e-02 -8.086208397022626171e-01 -5.792049871926600701e+01 1.374700043674764727e-02 9.988109172987313933e-01 -4.678112204756398190e-02 -6.045395815751425594e+00 8.098081998898293277e-01 1.631975355224500948e-02 5.863657891897054997e-01 8.861266140200592645e+01
5.767988600039526403e-01 -4.677365599568270027e-02 -8.155266119951626314e-01 -5.894385519641032545e+01 1.672962312993095738e-02 9.988261429845423089e-01 -4.545546148640861039e-02 -6.114784596250493642e+00 8.166957834907205838e-01 1.256772081732719995e-02 5.769047135032043805e-01 8.933080310841964433e+01
5.664409434907989871e-01 -4.636642024279614971e-02 -8.228287830372568168e-01 -5.997703785954023203e+01 1.839899269096858386e-02 9.988787926226749825e-01 -4.362196670579755048e-02 -6.188373819883850047e+00 8.239287445160570211e-01 9.571038030787133721e-03 5.666588353014738733e-01 9.003770671714326568e+01
5.559396786404636748e-01 -4.707995785511009945e-02 -8.299782605929473256e-01 -6.102143998729791008e+01 1.890739743919182814e-02 9.988524294755961597e-01 -4.401304900577311663e-02 -6.261173501608984893e+00 8.310978216043743982e-01 8.775720284404583960e-03 5.561923961068102606e-01 9.072759686720222305e+01
5.458105824814825091e-01 -4.760757644146248330e-02 -8.365297617475193626e-01 -6.207706673459368574e+01 1.797858218896106544e-02 9.988203179724608471e-01 -4.511236997718581776e-02 -6.332580753328211465e+00 8.376903584739111563e-01 9.583976283539692720e-03 5.460224594360409966e-01 9.140548299498126994e+01
5.351198829379212318e-01 -4.764303042039957914e-02 -8.433143951951349582e-01 -6.315225437243226736e+01 1.663708342143824237e-02 9.988095347512891964e-01 -4.586167223057446146e-02 -6.403546293283074675e+00 8.444948981187027082e-01 1.051499658815036389e-02 5.352749723597703957e-01 9.207607185602699928e+01
5.259342011601848554e-01 -4.842129390318861137e-02 -8.491288594740001860e-01 -6.422888874161613160e+01 1.546525934838443445e-02 9.987580679902318126e-01 -4.736489991198932631e-02 -6.479904272263654619e+00 8.503672957318645365e-01 1.178758264192747082e-02 5.260290781815841754e-01 9.273225342250128733e+01
