1.0 0.0 0.0 0.0 0.0 1.0 0.0 0.0 0.0 0.0 1.0 0.0
0.9999139 0.013066354 0.001222019 0.303833 -0.013063726 0.9999124 -0.0021341557 -0.009399414 -0.001249805 0.0021180075 0.99999696 0.009277344
0.9998259 0.018616326 0.0012422919 0.592041 -0.018610254 0.9998156 -0.0047317995 -0.02722168 -0.0013301354 0.0047078505 0.999988 0.0057373047
0.9997654 0.021651294 0.00055238407 0.89038086 -0.02164666 0.9997387 -0.0073418296 -0.03930664 -0.0007112174 0.0073281494 0.9999729 0.010986328
0.99982417 0.018722443 -0.0011402457 1.2006836 -0.018732378 0.9997801 -0.009433362 -0.04638672 0.0009634078 0.009453055 0.9999548 0.012451172
0.99993694 0.010910531 -0.002663709 1.5177002 -0.010941145 0.99987096 -0.0117614 -0.05126953 0.002535053 0.011789803 0.9999273 0.010131836
0.9999902 -0.0014346256 -0.004185566 1.8444824 0.0013775122 0.99990636 -0.013610484 -0.045410156 0.0042046993 0.013604585 0.99989855 0.017822266
0.99985105 -0.016678208 -0.0044507477 2.1710205 0.016622225 0.9997859 -0.012329786 -0.029296875 0.0046553593 0.0122539615 0.9999141 0.025756836
0.9993603 -0.035404712 -0.004952539 2.5213623 0.03535848 0.99933255 -0.009128312 -0.0063476562 0.005272588 0.008947288 0.99994606 0.02709961
0.99847543 -0.054865394 -0.0060877563 2.876709 0.054841693 0.9984873 -0.0039947303 0.032592773 0.0062976987 0.003654803 0.9999735 0.026855469
0.99723154 -0.07408931 -0.0063430616 3.2432861 0.07406503 0.99724555 -0.003980285 0.07824707 0.0066205324 0.00349943 0.9999719 0.03173828
0.9952576 -0.097089574 -0.005885241 3.621704 0.09706319 0.99526685 -0.0046156934 0.123413086 0.006305523 0.004022626 0.99997205 0.036621094
0.993156 -0.11671457 -0.004776487 4.0075684 0.11668306 0.9931505 -0.006415277 0.171875 0.0054925554 0.0058140205 0.999968 0.040283203
0.9911357 -0.13274868 -0.0045597274 4.408325 0.13271998 0.9911312 -0.006108357 0.23950195 0.005330219 0.005449023 0.999971 0.04296875
0.98872936 -0.14968558 -0.0035811984 4.824707 0.14966665 0.9887257 -0.005070218 0.3170166 0.0042997235 0.004477077 0.99998075 0.048461914
0.9867032 -0.16244581 -0.0037625688 5.2491455 0.16243199 0.98670566 -0.0037301735 0.39953613 0.004318538 0.0030691044 0.999986 0.053588867
0.98442936 -0.17574325 -0.0048061614 5.6884766 0.17571959 0.9844328 -0.004971114 0.48217773 0.0056045325 0.0040492695 0.9999761 0.056884766
0.98279446 -0.18461147 -0.006369096 6.1365967 0.18455186 0.98278564 -0.008939329 0.56591797 0.007909878 0.007610325 0.99993974 0.06591797
0.9812998 -0.19227846 -0.008427586 6.599365 0.1922159 0.98131806 -0.007702072 0.6607666 0.009751071 0.0059379167 0.99993485 0.07336426
0.9801086 -0.19822873 -0.010246436 7.0772705 0.19816141 0.98014915 -0.0072247423 0.76794434 0.01147491 0.005051171 0.99992144 0.07141113
0.97822607 -0.20716695 -0.012587586 7.564087 0.20707428 0.97829163 -0.008280715 0.87976074 0.014029847 0.005493904 0.99988645 0.07824707
0.9766572 -0.2143748 -0.014199868 8.070679 0.2142069 0.9767178 -0.01246226 0.9888916 0.016540445 0.009131025 0.99982154 0.0859375
0.9747122 -0.22307691 -0.013407237 8.587158 0.2228225 0.9746931 -0.018184245 1.097168 0.01712347 0.014737612 0.99974483 0.09631348
0.9732682 -0.22918932 -0.015042429 9.11438 0.22890432 0.97327495 -0.018547656 1.2254639 0.018889928 0.014608673 0.9997149 0.11975098
0.970649 -0.23958085 -0.021157185 9.644653 0.23930274 0.9708345 -0.014858142 1.3747559 0.024099793 0.009359381 0.99966574 0.119384766
0.96885294 -0.24641025 -0.02460762 10.195068 0.24615875 0.96914446 -0.012824723 1.5279541 0.027008047 0.0063686525 0.999615 0.12768555
0.96632683 -0.2560617 -0.025655288 10.752197 0.25572863 0.96663016 -0.015571125 1.6796875 0.028786667 0.008487381 0.9995496 0.14538574
0.96398675 -0.2646453 -0.026602745 11.326782 0.26426324 0.964308 -0.01704385 1.8398438 0.030162431 0.009401256 0.9995008 0.17272949
0.9619983 -0.27137646 -0.030078303 11.90979 0.2709543 0.9624302 -0.017396264 2.012329 0.033670224 0.008585136 0.99939615 0.19116211
0.95953596 -0.27961326 -0.03373274 12.506348 0.2791984 0.96010727 -0.016532639 2.1955566 0.03700882 0.0064470833 0.99929416 0.20959473
0.95732266 -0.28640312 -0.0385305 13.105713 0.2859108 0.9580783 -0.017853934 2.3796387 0.042028923 0.006076282 0.99909824 0.23376465
0.95510226 -0.29275125 -0.045806557 13.718872 0.29218453 0.95618933 -0.018763648 2.5733643 0.049291827 0.0045382744 0.99877405 0.26745605
0.95345956 -0.29660577 -0.05425266 14.348633 0.29598156 0.9549985 -0.01938432 2.7756348 0.057561234 0.0024263486 0.99833935 0.29833984
0.95191205 -0.29971313 -0.063981846 14.983398 0.29909402 0.95405906 -0.01927129 2.9891357 0.06681575 -0.0007833196 0.9977656 0.33642578
0.9497243 -0.3042587 -0.073908985 15.632568 0.30371088 0.9525855 -0.018814735 3.204956 0.07612856 -0.004578896 0.9970869 0.37426758
0.9479639 -0.3077014 -0.081475236 16.287964 0.30727813 0.95142657 -0.018003559 3.4277344 0.08305754 -0.007979086 0.9965116 0.43103027
0.9459116 -0.3120125 -0.08894535 16.951294 0.3117372 0.95001733 -0.017324261 3.65979 0.08990535 -0.011340851 0.99588513 0.4847412
0.94365656 -0.3170361 -0.0950545 17.636719 0.31700298 0.9483093 -0.015849622 3.8996582 0.09516489 -0.015166746 0.99534714 0.5489502
0.94159746 -0.32092813 -0.1022302 18.320435 0.32125872 0.94692147 -0.013665076 4.15271 0.10118683 -0.019970588 0.9946657 0.61535645
0.9398475 -0.32465276 -0.106109135 19.023438 0.3254022 0.94550097 -0.0106615275 4.406494 0.10378796 -0.024513092 0.9942971 0.6900635
0.93770516 -0.32997257 -0.1086072 19.738281 0.33078054 0.9436291 -0.011025322 4.6724854 0.10612104 -0.025597947 0.9940213 0.76586914
0.93543625 -0.33663625 -0.10778546 20.461426 0.33769548 0.9412069 -0.008821554 4.942505 0.104419865 -0.028155582 0.9941329 0.85131836
0.9334206 -0.34243795 -0.10677246 21.191528 0.34340158 0.93910384 -0.009810182 5.2181396 0.1036304 -0.027516583 0.9942357 0.935791
0.93145907 -0.34841976 -0.104621835 21.934326 0.34936753 0.9369123 -0.009719375 5.4990234 0.10141152 -0.027504062 0.9944649 1.0167236
0.92951196 -0.3546348 -0.10116547 22.670898 0.3556129 0.93458843 -0.008802744 5.7890625 0.09767186 -0.027796786 0.99483 1.1008301
0.9254755 -0.3662365 -0.096553564 23.43872 0.36734655 0.930035 -0.006666287 6.0980225 0.09223911 -0.029298393 0.99530715 1.1789551
0.92298764 -0.37362117 -0.09210256 24.191162 0.3748804 0.9270553 -0.0038794596 6.413208 0.08683454 -0.030949438 0.99574184 1.2590332
0.9195076 -0.3827675 -0.0894577 24.949219 0.38425434 0.92323226 -0.00065958244 6.7453613 0.08283938 -0.033770125 0.9959895 1.3345947
0.91635203 -0.39051685 -0.088084094 25.718018 0.39200667 0.91994345 -0.00042399135 7.0788574 0.08119736 -0.034150023 0.9961118 1.4057617
0.9123194 -0.3998351 -0.08803471 26.490479 0.40137324 0.91588175 -0.00024270779 7.4207764 0.0807286 -0.035109237 0.99611974 1.4813232
0.90908813 -0.4073841 -0.08700719 27.269531 0.40896586 0.9125346 0.0003894756 7.781128 0.07923871 -0.035938915 0.99620783 1.5491943
0.9052507 -0.4161786 -0.08579949 28.054932 0.41786474 0.90853226 0.0018714953 8.149902 0.07717182 -0.037542578 0.99631053 1.6208496
0.90163887 -0.42436445 -0.083516896 28.845581 0.42594224 0.90475506 0.0012013782 8.529297 0.07505442 -0.03664807 0.9965071 1.6971436
0.8985926 -0.43143308 -0.07997922 29.648193 0.43291068 0.90143496 0.0012747699 8.9210205 0.07154924 -0.035766225 0.99679637 1.7600098
0.89511627 -0.43943536 -0.07496342 30.458496 0.44088763 0.8975324 0.003174499 9.320068 0.06588574 -0.035896942 0.99718094 1.8288574
0.89203995 -0.44642997 -0.070216775 31.272705 0.44768542 0.89416736 0.002423124 9.735962 0.061705146 -0.033594012 0.9975296 1.8944092
0.88811845 -0.45460504 -0.06791562 32.106323 0.45580998 0.89009136 0.0025393819 10.164185 0.05929132 -0.03320506 0.99768835 1.9542236
0.8855931 -0.4597141 -0.066216506 32.936646 0.460913 0.8874377 0.0032312896 10.599609 0.05727916 -0.03338191 0.9978002 2.0107422
0.88274676 -0.46547002 -0.06422953 33.775513 0.46661082 0.88447344 0.0031669694 11.048218 0.055336077 -0.032760616 0.99793065 2.0635986
0.87998897 -0.47082862 -0.062550224 34.625122 0.4718169 0.8816806 0.0011785512 11.51355 0.05459798 -0.0305544 0.998041 2.1212158
0.8771139 -0.47626513 -0.06174345 35.47754 0.4772356 0.87875617 0.0011163896 11.9765625 0.053727236 -0.030440453 0.9980924 2.1776123
0.87574726 -0.47885904 -0.062108047 36.340576 0.47976854 0.8774495 -0.00030502537 12.463257 0.054640774 -0.02951878 0.9980701 2.2341309
0.87384313 -0.4822458 -0.06260739 37.21985 0.48319 0.87556314 -7.438869e-05 12.953125 0.054849118 -0.030182784 0.998038 2.2885742
0.8739644 -0.48205197 -0.061602507 38.11145 0.4829713 0.87562716 3.2219803e-05 13.453735 0.05392411 -0.02978753 0.99810004 2.3458252
0.8730867 -0.48381805 -0.05993005 39.010498 0.48469138 0.8746569 4.507578e-05 13.957031 0.05239717 -0.029084641 0.9982033 2.3995361
0.8740873 -0.48238024 -0.05815723 39.919434 0.48316005 0.8755891 -0.0007356227 14.474243 0.05127766 -0.027444558 0.99830776 2.4561768
0.8731515 -0.48403022 -0.058003478 40.84485 0.48469934 0.8747011 -0.0028624246 14.983398 0.052118056 -0.025612013 0.9983122 2.5145264
0.87194395 -0.4863274 -0.057113953 41.77954 0.48686087 0.8735009 -0.005113366 15.508179 0.052373838 -0.023346506 0.99835426 2.5794678
0.8706763 -0.48860574 -0.055411592 42.707764 0.48907498 0.87215614 -0.0056743617 16.03711 0.051103234 -0.02216601 0.99844754 2.6374512
0.8687959 -0.49258205 -0.051146362 43.641724 0.49298772 0.87005484 -0.0052311886 16.576782 0.04707682 -0.020667505 0.9986774 2.694458
0.86639696 -0.497166 -0.04655765 44.572876 0.4975227 0.8674316 -0.004404123 17.112427 0.042577825 -0.019351186 0.99890566 2.7541504
0.8628 -0.50358075 -0.04437142 45.488403 0.50381577 0.86377853 -0.0065304963 17.656738 0.041618016 -0.016723052 0.99899364 2.8171387
0.85725725 -0.51314455 -0.043673813 46.41272 0.5132345 0.8582572 -0.009981625 18.20581 0.042605042 -0.013853087 0.998996 2.8730469
0.85201687 -0.52133673 -0.045691848 47.32007 0.521332 0.8531456 -0.012970553 18.762085 0.04574423 -0.012778507 0.99887127 2.928711
0.8453392 -0.53216535 -0.046075776 48.23462 0.5322708 0.84645593 -0.010967572 19.344849 0.044839773 -0.015251171 0.9988782 2.979126
0.83980715 -0.5414112 -0.041917026 49.141113 0.5415301 0.8407231 -0.009441563 19.93811 0.040350847 -0.014764574 0.99907637 3.0299072
0.8356696 -0.5478245 -0.038910076 50.04077 0.5480414 0.83641267 -0.0058066626 20.538086 0.03572376 -0.016472284 0.99922585 3.083496
0.83137053 -0.5542243 -0.04134508 50.933838 0.5545065 0.83219224 -0.00533865 21.13855 0.037370086 -0.018480374 0.9991311 3.1340332
0.8277648 -0.55929416 -0.045254737 51.818848 0.55955493 0.82878774 -0.007871114 21.746948 0.041908 -0.01880456 0.99894446 3.1866455
0.824417 -0.5636376 -0.052101754 52.696777 0.5639954 0.8257694 -0.0089686755 22.350098 0.048073936 -0.021993004 0.99860096 3.2441406
0.82100654 -0.5683485 -0.053888477 53.580322 0.5687785 0.8224326 -0.008491282 22.972168 0.049142808 -0.023682801 0.99851054 3.293335
0.8190114 -0.57143956 -0.050119925 54.45288 0.57179826 0.8202519 -0.008289349 23.591675 0.04584593 -0.021877717 0.99870867 3.3642578
0.81547964 -0.577192 -0.044117566 55.338135 0.57748556 0.81643367 -0.007053972 24.223999 0.04009304 -0.01971608 0.99900186 3.4155273
0.8120408 -0.58210295 -0.041734133 56.21826 0.5824464 0.8128531 -0.0046545723 24.864624 0.03663121 -0.020526255 0.99911803 3.466919
0.80975205 -0.5850625 -0.04338245 57.09375 0.5855054 0.81058806 -0.0030072387 25.501587 0.036925193 -0.022972045 0.99905384 3.517212
0.8054561 -0.59111637 -0.044552233 57.966064 0.591523 0.8063745 -0.004831095 26.154297 0.038782816 -0.022452043 0.99899566 3.5594482
0.80156326 -0.5960275 -0.045754213 58.8313 0.59638596 0.80257225 -0.006863481 26.80066 0.040814962 -0.021789368 0.9989293 3.6154785
0.7987596 -0.5998625 -0.0460776 59.698242 0.60016423 0.7998161 -0.008519286 27.460815 0.04196663 -0.020854691 0.99890125 3.6693115
0.79322946 -0.60731363 -0.044384424 60.566895 0.60756207 0.7942271 -0.009199029 28.132202 0.04084403 -0.019672355 0.99897194 3.720337
0.78870887 -0.6131544 -0.04361305 61.419678 0.61342376 0.7896589 -0.008485037 28.800903 0.039644018 -0.020061297 0.99901253 3.7749023
0.78308976 -0.6203598 -0.044160254 62.284424 0.6205911 0.7840879 -0.009930924 29.48645 0.0407831 -0.019622613 0.99897534 3.8286133
0.77807546 -0.6266918 -0.04435434 63.140625 0.62689936 0.77909714 -0.010792244 30.180298 0.041318648 -0.019405032 0.9989574 3.8817139
0.77365875 -0.632144 -0.044241708 63.993652 0.6322968 0.7747013 -0.012223524 30.882446 0.042000942 -0.018508494 0.99894625 3.9361572
0.767021 -0.64005876 -0.044498235 64.84131 0.6401489 0.7681074 -0.014073001 31.599243 0.043183006 -0.017697575 0.99890983 3.9886475
0.7623143 -0.645724 -0.044528276 65.684326 0.64573354 0.7634363 -0.016107906 32.313843 0.044389978 -0.016473932 0.998878 4.047119
0.75537974 -0.65393853 -0.04443659 66.52954 0.6539237 0.7565102 -0.016887125 33.04944 0.044654988 -0.01629559 0.99886936 4.098755
0.74879605 -0.6615535 -0.042081222 67.37134 0.6614972 0.7498295 -0.01723893 33.793457 0.042958625 -0.014928125 0.99896514 4.156006
0.74365515 -0.66737294 -0.040169522 68.20239 0.66724575 0.7446248 -0.01845742 34.543335 0.042227298 -0.013082433 0.9990221 4.211914
0.73643255 -0.6753016 -0.040036097 69.042725 0.6750907 0.7374244 -0.020612605 35.30713 0.043447774 -0.011843214 0.998986 4.269165
0.7299866 -0.68213207 -0.040784836 69.8689 0.68190664 0.73102236 -0.021366544 36.08545 0.04439445 -0.012209361 0.99894005 4.335327
0.7249307 -0.6875416 -0.04117602 70.68359 0.68730885 0.72599185 -0.021819897 36.86963 0.0448926 -0.01248575 0.99891365 4.3883057
0.72027284 -0.6926106 -0.040090963 71.50244 0.6923942 0.7212814 -0.02131055 37.669678 0.04366989 -0.012411614 0.99896854 4.444458
0.71549356 -0.6974057 -0.040948145 72.31909 0.6972282 0.71653366 -0.020825809 38.474243 0.04386759 -0.013641732 0.99894476 4.503296
0.70991147 -0.7030077 -0.04162361 73.13794 0.70280236 0.71099764 -0.021856738 39.302612 0.044957705 -0.013733544 0.99889463 4.560547
0.7044046 -0.7085495 -0.043566078 73.947754 0.70831865 0.7056012 -0.023190923 40.127686 0.047169525 -0.014520487 0.9987812 4.6223145
0.70090085 -0.71181494 -0.045658275 74.763916 0.71153915 0.7022252 -0.024875196 40.951416 0.049769327 -0.015052254 0.9986473 4.6864014
0.69478405 -0.7178052 -0.046612084 75.57202 0.7175099 0.6961724 -0.025783122 41.797607 0.050953392 -0.015522419 0.9985804 4.7487793
0.69088984 -0.72159594 -0.04447409 76.374756 0.7213011 0.69216526 -0.025281811 42.652466 0.049023412 -0.0146074 0.99869084 4.8116455
0.6861583 -0.72631013 -0.042708986 77.1853 0.7259536 0.68736273 -0.026205625 43.50586 0.04839104 -0.013015644 0.9987439 4.878296
0.6809411 -0.73104846 -0.04245554 77.98926 0.7306782 0.682141 -0.026591968 44.380005 0.048409726 -0.012918535 0.9987441 4.94751
0.67722774 -0.7346883 -0.042257972 78.79126 0.7342815 0.6784305 -0.027429905 45.256226 0.04881703 -0.012443831 0.9987303 5.010376
0.67236435 -0.7390832 -0.040842764 79.590576 0.73859996 0.6735172 -0.028815689 46.13794 0.048807118 -0.01079322 0.9987498 5.0742188
0.66749144 -0.74364394 -0.038773745 80.38623 0.7431095 0.6685559 -0.029609976 47.02954 0.047934245 -0.009055884 0.9988087 5.1358643
0.6664979 -0.7447087 -0.037295952 81.18799 0.743992 0.66751677 -0.03314446 47.928223 0.049575694 -0.0056537422 0.9987542 5.204956
0.65984637 -0.75058454 -0.036833104 81.98584 0.7496638 0.6608671 -0.037284836 48.82959 0.052322872 -0.0030126423 0.9986253 5.2736816
0.65540636 -0.75443584 -0.035497833 82.771484 0.7533343 0.6563672 -0.04075491 49.737305 0.05404567 -3.1787902e-05 0.99853826 5.3338623
0.6504988 -0.7589566 -0.029649753 83.56787 0.757618 0.6511342 -0.045631595 50.65576 0.053935636 0.007220151 0.9985181 5.411743
0.6415804 -0.7665352 -0.025564644 84.35474 0.76503193 0.64197344 -0.04951127 51.585938 0.054371636 0.012206501 0.9984462 5.486084
0.6338095 -0.7732434 -0.022250734 85.143555 0.771706 0.6340181 -0.051037367 52.52368 0.053575296 0.015176645 0.99844843 5.5632324
0.62368315 -0.781305 -0.018804394 85.91284 0.7799009 0.62375516 -0.04956882 53.48535 0.050459374 0.016248362 0.99859405 5.6260986
0.6160675 -0.78755534 -0.01800634 86.6687 0.7861507 0.6161088 -0.049840335 54.461426 0.050340813 0.0165444 0.9985947 5.70105
0.6067534 -0.794671 -0.020430062 87.4209 0.79320955 0.60692924 -0.05024101 55.438965 0.052326307 0.014278551 0.99852794 5.7684326
0.596967 -0.80195886 -0.019682659 88.15674 0.8003814 0.5970853 -0.052666318 56.4292 0.05399589 0.015686208 0.99841803 5.8431396
0.58657795 -0.80956566 -0.02025245 88.88989 0.80788183 0.58672017 -0.054468613 57.434326 0.055985413 0.015591975 0.9983102 5.916382
0.57713306 -0.81646454 -0.016496079 89.61377 0.8147916 0.5770707 -0.055429295 58.45337 0.05478221 0.018543944 0.99832594 5.989746
0.5668953 -0.82371116 -0.013490199 90.32666 0.82211 0.56669664 -0.055158857 59.482178 0.053077392 0.020179668 0.9983866 6.067627
0.55643696 -0.83088356 -0.012686319 91.02246 0.8292507 0.55619776 -0.056004457 60.522217 0.05359455 0.02064954 0.9983498 6.144165
0.54626924 -0.8374757 -0.013482965 91.706055 0.83578914 0.5460811 -0.05665421 61.57373 0.054810524 0.019680247 0.998303 6.2192383
0.535521 -0.84428155 -0.014399284 92.38257 0.8425667 0.53540224 -0.05681782 62.644775 0.05568153 0.01829558 0.9982812 6.2941895
0.5262768 -0.85015136 -0.015661035 93.04419 0.8483634 0.52623296 -0.05770479 63.71753 0.05728889 0.017085647 0.99821156 6.3743896
0.5155544 -0.85655355 -0.016406544 93.69385 0.8547442 0.51557314 -0.05786004 64.80371 0.058019947 0.015811726 0.99819064 6.4577637
0.5069664 -0.8618855 -0.015552791 94.34155 0.86019117 0.50698215 -0.05607257 65.89624 0.056204412 0.015042776 0.99830556 6.5319824
0.50058323 -0.8656749 -0.0127496 94.983154 0.8641318 0.5004879 -0.054100156 67.00635 0.053211667 0.016058734 0.9984538 6.6087646
0.4920569 -0.87062055 -0.013033523 95.60791 0.86910796 0.4920025 -0.053415768 68.12695 0.052916747 0.014945124 0.9984865 6.6887207
0.48342487 -0.87539744 -0.011887715 96.232666 0.87371266 0.48326832 -0.05690876 69.24487 0.055557806 0.017108748 0.998308 6.7666016
0.47747716 -0.8787084 -0.010451627 96.84424 0.87687016 0.47719347 -0.06006245 70.3645 0.05774843 0.019506847 0.99814004 6.8477783
0.4697111 -0.8826595 -0.0101978555 97.458496 0.8806547 0.46937075 -0.062926576 71.489746 0.06033536 0.020584458 0.99796647 6.9282227
0.4664591 -0.8844282 -0.007918511 98.05615 0.88220847 0.46588954 -0.06720283 72.61743 0.06313147 0.024369553 0.9977082 7.0195312
0.46121883 -0.88725144 -0.0063972813 98.644775 0.8850253 0.46055007 -0.06784278 73.76221 0.0631459 0.025637105 0.99767566 7.10791
0.4575878 -0.889234 -0.0026437154 99.23193 0.88725 0.45676193 -0.06547808 74.899414 0.059416533 0.0276139 0.99785095 7.2056885
0.45552394 -0.890233 0.0032166743 99.82446 0.8885012 0.45440593 -0.064083934 76.03174 0.05559678 0.032046564 0.9979387 7.293213
0.44949773 -0.8931862 0.005035915 100.39429 0.8915683 0.44832852 -0.06294323 77.16528 0.05397568 0.03278202 0.99800384 7.37146
0.44850317 -0.89367235 0.006075415 100.96484 0.89211553 0.44729808 -0.062430415 78.298584 0.053070582 0.033417203 0.99803126 7.4577637
0.44781667 -0.8941624 0.009199006 101.52905 0.89271766 0.44645238 -0.062325362 79.42847 0.051619932 0.036109958 0.998013 7.538208
0.44402122 -0.89596176 0.011130014 102.08325 0.894639 0.44260558 -0.061221525 80.55054 0.049915746 0.03714048 0.9980627 7.6190186
0.44253492 -0.89675444 0.01310172 102.636475 0.89549744 0.44101822 -0.061354917 81.66699 0.049233086 0.038882058 0.9980302 7.699951
0.43897966 -0.8983444 0.015623381 103.17969 0.8971624 0.43732864 -0.06175358 82.76636 0.048637602 0.041121386 0.99796945 7.7713623
0.43753368 -0.89895487 0.020614201 103.718994 0.89803547 0.43569344 -0.060708445 83.87622 0.045593526 0.045090005 0.99794286 7.844116
0.43549073 -0.8999184 0.023350306 104.25122 0.8991392 0.43355024 -0.0602598 84.97778 0.044110812 0.047223356 0.997909 7.9173584
0.4350075 -0.90028864 0.024849 104.7749 0.89953864 0.43295535 -0.06120497 86.0564 0.04434091 0.048956547 0.9978151 7.987793
0.43292585 -0.9009055 0.025298119 105.28906 0.90014184 0.43082154 -0.06191264 87.12695 0.044878926 0.04957275 0.9977615 8.057373
0.43291697 -0.9009293 0.025259128 105.80298 0.9001032 0.4307476 -0.06324153 88.19507 0.04610319 0.050114587 0.99767876 8.129028
0.43240753 -0.9012923 0.024124783 106.298584 0.90038294 0.43026274 -0.06382592 89.23218 0.04713833 0.049342155 0.9976705 8.196533
0.4364842 -0.89933646 0.021399334 106.79199 0.89832723 0.43448788 -0.063349545 90.30029 0.047666065 0.046883937 0.99776304 8.269531
0.43852445 -0.89857155 0.019153943 107.2793 0.8974428 0.43661433 -0.06376534 91.3103 0.048928697 0.045150395 0.9977812 8.339478
0.4454023 -0.8950306 0.017134828 107.77905 0.89382654 0.4435819 -0.063755736 92.33032 0.04948785 0.0437144 0.9978174 8.410034
0.45149082 -0.8920055 0.015213495 108.28784 0.89077073 0.44979167 -0.06296591 93.35693 0.049336582 0.04198932 0.99789965 8.478516
0.45757034 -0.8890755 0.014594009 108.79028 0.8878792 0.4559388 -0.06187809 94.35205 0.048361316 0.04127098 0.99797696 8.547485
0.46584997 -0.88475716 0.013543027 109.30786 0.883592 0.46430892 -0.06064221 95.34985 0.04735734 0.04020802 0.99806803 8.612427
0.47659314 -0.87901926 0.012662673 109.83594 0.8778642 0.47510013 -0.060090706 96.343506 0.04681532 0.03976863 0.9981124 8.677856
0.48399365 -0.8751598 0.012111177 110.36133 0.8740095 0.48253044 -0.059773456 97.31616 0.046451043 0.03950993 0.99813884 8.74231
0.49280193 -0.8700545 0.009867758 110.906494 0.8687921 0.49139935 -0.060604837 98.29126 0.047885086 0.03844303 0.998113 8.80603
0.503412 -0.8640514 0.0065644905 111.44995 0.8626362 0.5021199 -0.06152998 99.235596 0.04986647 0.036640238 0.9980838 8.871338
0.51538146 -0.85691464 0.00357235 112.00488 0.85538304 0.51420075 -0.062052473 100.17969 0.05134823 0.035042457 0.9980661 8.935669
0.52934635 -0.8485513 0.00052409153 112.57471 0.84706765 0.528384 -0.05943827 101.12329 0.05015577 0.031902954 0.9982315 8.998779
0.53991413 -0.84183586 -0.000114432536 113.153076 0.84049237 0.53906024 -0.056400485 102.05005 0.04753635 0.030350767 0.9984081 9.066284
0.5524633 -0.8334994 0.00014044996 113.760254 0.8322709 0.55163914 -0.054377615 102.97119 0.045250148 0.03016877 0.9985207 9.130615
0.56364894 -0.8260791 -0.0006312132 114.36084 0.824869 0.56286436 -0.053685438 103.86377 0.044697545 0.029737368 0.99855787 9.190918
0.5753765 -0.8179584 -0.0009952113 114.97217 0.81673497 0.5745813 -0.053987082 104.74536 0.04473363 0.030249711 0.9985409 9.249023
0.587138 -0.8094271 -0.0023276762 115.598145 0.8081684 0.5863812 -0.054138716 105.614746 0.04517908 0.029908381 0.99853134 9.312378
0.5959193 -0.80295795 -0.0020566336 116.21973 0.801609 0.59506273 -0.056473065 106.46094 0.04657386 0.032008525 0.9984021 9.370972
0.6087302 -0.79340374 -0.0023710968 116.85693 0.7921143 0.60790604 -0.055242516 107.291016 0.04527613 0.031747308 0.99846977 9.430054
0.61819315 -0.78605753 -0.0017685291 117.499756 0.78489494 0.6173982 -0.05302066 108.125244 0.04276943 0.031387992 0.99859184 9.491089
0.6279606 -0.7781211 -0.00053592445 118.13721 0.7771089 0.6271786 -0.050558817 108.933105 0.039685126 0.031332873 0.998721 9.548706
0.63880116 -0.76939285 -0.0011285323 118.795166 0.7684305 0.63807493 -0.04907532 109.72681 0.03847306 0.03047419 0.9987945 9.60376
0.64822847 -0.76138616 -0.0037916577 119.43555 0.76042646 0.6476463 -0.04720806 110.49951 0.038407322 0.027720025 0.9988777 9.655273
0.657503 -0.7535123 -0.0071352916 120.08838 0.7525097 0.6570653 -0.04620856 111.26416 0.0395104 0.025018562 0.9989062 9.705444
0.66728914 -0.74489224 -0.008130721 120.75757 0.74388564 0.6668875 -0.04582307 112.01343 0.03955459 0.024527587 0.99891627 9.755615
0.67544514 -0.73734236 -0.006744115 121.41699 0.73645705 0.67503315 -0.043662068 112.746826 0.03675163 0.024524946 0.99902356 9.804565
0.68425065 -0.72915924 -0.0056884517 122.08081 0.72836506 0.68383265 -0.041979153 113.46753 0.03450127 0.024586264 0.99910253 9.8532715
0.69272953 -0.7211177 -0.0049798666 122.76489 0.72035784 0.69228756 -0.041638587 114.177246 0.033464015 0.025256949 0.99912095 9.903687
0.6995548 -0.7145413 -0.0063951365 123.42505 0.71378237 0.6991755 -0.040674046 114.86157 0.033544265 0.023890605 0.9991517 9.947266
0.7070689 -0.7069904 -0.006685322 124.108154 0.7062835 0.7067306 -0.039015174 115.543945 0.032315034 0.022868281 0.9992163 9.993652
0.71398246 -0.7000162 -0.004849404 124.773926 0.69942904 0.71363705 -0.036587402 116.21338 0.029075619 0.022729812 0.9993188 10.032593
0.7226146 -0.6913464 -0.0040102396 125.447266 0.69084966 0.7222934 -0.034152597 116.8728 0.02650677 0.021907456 0.9994085 10.0772705
0.7301986 -0.68312967 -0.003735654 126.12402 0.6826839 0.7299 -0.032541588 117.51758 0.024960086 0.021212365 0.99946356 10.112305
0.73625016 -0.6768781 -0.004532192 126.78345 0.67644465 0.73598933 -0.031474564 118.132324 0.024636567 0.020107009 0.99949414 10.155762
0.74398434 -0.66812825 -0.0055062324 127.44849 0.6677531 0.7438003 -0.028378835 118.73901 0.023054983 0.01743816 0.9995822 10.182617
0.75353235 -0.65752083 -0.0037110723 128.13208 0.6572454 0.75335914 -0.025226612 119.33862 0.019383637 0.016568435 0.99967474 10.216919
0.7622085 -0.6472097 -0.0033676377 128.79272 0.6470171 0.7620908 -0.02097399 119.9104 0.01614336 0.013807682 0.9997743 10.244385
0.7730202 -0.6343943 -0.0032030758 129.47266 0.6342349 0.77292234 -0.019065488 120.476074 0.014570321 0.012706088 0.9998131 10.275391
0.7816388 -0.62367547 -0.004323653 130.13623 0.6235127 0.78156275 -0.018450325 121.021484 0.014888261 0.011723953 0.9998204 10.298828
0.79197025 -0.6106405 -0.006179541 130.80933 0.61044216 0.7919094 -0.01940493 121.54492 0.016741673 0.011595213 0.99979264 10.322876
0.80207497 -0.5971926 -0.0062316232 131.50854 0.5970032 0.8020176 -0.018887412 122.06152 0.016279882 0.011427972 0.9998021 10.345825
0.8114966 -0.5843478 -0.0046978514 132.18872 0.584204 0.81143415 -0.017065872 122.56738 0.01378344 0.011104039 0.9998433 10.369385
0.8224345 -0.5689496 -0.0033494583 132.896 0.5688453 0.822373 -0.015191592 123.06787 0.011395287 0.010589112 0.999879 10.389648
0.8299342 -0.5577725 -0.00075858616 133.58911 0.55771357 0.8298649 -0.013484022 123.54077 0.008150432 0.01076797 0.9999088 10.405273
0.83934194 -0.54376006 0.0006728608 134.30566 0.5437275 0.839277 -0.012044484 124.001465 0.0059821587 0.0104758665 0.9999272 10.424316
0.8471323 -0.53140986 0.0032892227 135.0293 0.5314093 0.84705955 -0.011623578 124.451904 0.0033902847 0.011594231 0.99992704 10.442871
0.854067 -0.52008545 0.005206662 135.74146 0.520109 0.85398835 -0.01171802 124.90088 0.0016472251 0.012715915 0.9999178 10.449951
0.86045676 -0.5093411 0.005169707 136.47192 0.509366 0.86038655 -0.011075272 125.33423 0.00119395 0.012164428 0.9999253 10.465942
0.8675827 -0.49721327 0.0048803375 137.23242 0.4972372 0.8675358 -0.009040877 125.77783 0.0002626502 0.010270684 0.9999472 10.483398
0.87378496 -0.486347 0.005460801 137.95679 0.4863764 0.8737534 -0.0075253425 126.19751 -0.0011124061 0.009230977 0.9999568 10.486328
0.88061637 -0.4738614 0.0056850063 138.72974 0.47389117 0.8805964 -0.006296711 126.608154 -0.0020225444 0.008238834 0.999964 10.486938
0.88586295 -0.46396488 0.0060344767 139.47754 0.46399805 0.88584316 -0.006403445 127.00903 -0.0023750542 0.008471899 0.9999613 10.495361
0.8909376 -0.454143 0.005984709 140.24146 0.4541782 0.89090914 -0.0074114245 127.40112 -0.0019675079 0.009321153 0.9999547 10.508423
0.8952857 -0.4454183 0.0048473934 141.0398 0.4454436 0.8952545 -0.0075195446 127.78882 -0.0009895621 0.008891609 0.9999599 10.51062
0.8982226 -0.43956655 0.005440009 141.81445 0.43959638 0.89819777 -0.006913159 128.1853 -0.0018466532 0.008600555 0.9999612 10.513428
0.9011027 -0.4335231 0.008364586 142.61084 0.43357158 0.9011031 -0.005206037 128.57324 -0.0052807396 0.008317867 0.9999514 10.519043
0.90429866 -0.42678863 0.011249737 143.42725 0.4268254 0.9043506 -0.0009797784 128.96167 -0.009755728 0.005686207 0.99993616 10.5177
0.9073345 -0.42016497 0.013521623 144.24365 0.42017868 0.9074267 0.0019540773 129.3628 -0.013090763 0.003908852 0.9999066 10.514648
0.9100207 -0.4143378 0.014754519 145.0813 0.41431963 0.9101377 0.0044100303 129.74536 -0.015256036 0.002098978 0.9998813 10.508301
0.9132685 -0.40704247 0.016452732 145.92432 0.40699726 0.9134159 0.006157023 130.13965 -0.017534515 0.0010717805 0.9998457 10.493286
0.916324 -0.39994606 0.01955869 146.80469 0.39986905 0.9165325 0.007872111 130.52612 -0.021074323 0.00060921255 0.99977756 10.481567
0.9198818 -0.39167136 0.021583796 147.68384 0.3915928 0.92013425 0.007926782 130.89722 -0.02296424 0.0011592777 0.99973553 10.468994
0.9234766 -0.38295624 0.022536917 148.58887 0.38287225 0.92375076 0.008102969 131.271 -0.023922233 0.0011443871 0.99971324 10.456665
0.92606825 -0.3767259 0.023061484 149.48047 0.376666 0.926353 0.0070540407 131.66675 -0.024020024 0.0021514632 0.9997091 10.426514
0.93050146 -0.36555195 0.023335602 150.41382 0.36554855 0.9307842 0.004566011 132.01562 -0.023389092 0.0042818068 0.9997172 10.419556
0.93398046 -0.35663983 0.022549273 151.3645 0.35667428 0.93423593 0.002613475 132.37476 -0.02199832 0.0056013567 0.99974227 10.398804
0.9383556 -0.34496567 0.02152863 152.31958 0.3449965 0.93858826 0.00238421 132.73462 -0.021028975 0.005190531 0.99976534 10.387573
0.9432398 -0.3314701 0.02005665 153.27441 0.3314444 0.94345045 0.0046926984 133.08887 -0.020478072 0.0022219568 0.99978787 10.370728
0.94855005 -0.31596005 0.020403856 154.26978 0.31586364 0.94876903 0.007872559 133.43457 -0.021845782 -0.001020645 0.9997606 10.348877
0.9548229 -0.29630616 0.021896815 155.27881 0.29611868 0.95506364 0.011435287 133.74927 -0.024302071 -0.004434442 0.9996949 10.324341
0.9605477 -0.27721474 0.023120143 156.30981 0.27692047 0.9607914 0.015146954 134.06763 -0.026411645 -0.008147713 0.9996179 10.307739
0.9663726 -0.2561507 0.023770537 157.36499 0.25580263 0.96661216 0.016731655 134.35913 -0.02726122 -0.010090889 0.99957746 10.291382
0.9717837 -0.23454618 0.024905432 158.39722 0.23412374 0.97202396 0.018744586 134.6372 -0.028605873 -0.012384505 0.9995141 10.262573
0.9767124 -0.21267694 0.028339248 159.51367 0.2121883 0.97703916 0.01929801 134.87207 -0.031792164 -0.012835609 0.9994121 10.243408
0.98122144 -0.19028218 0.03167239 160.61548 0.18965104 0.9816107 0.02188984 135.09595 -0.03525444 -0.015471268 0.99925846 10.209473
0.98503834 -0.16845636 0.03639628 161.74023 0.16767742 0.98556274 0.02350701 135.30396 -0.03983151 -0.017053563 0.99906105 10.182739
0.9887325 -0.14436558 0.03972322 162.87183 0.14345059 0.9893468 0.025018571 135.47949 -0.0429101 -0.019041108 0.998898 10.137573
0.99142003 -0.124349006 0.040295787 164.00586 0.12331965 0.9919961 0.027111955 135.64795 -0.043344878 -0.021911465 0.9988205 10.095093
0.99404407 -0.101697505 0.039198965 165.16138 0.100652166 0.9945354 0.027778335 135.7832 -0.04180938 -0.023667533 0.998845 10.052368
0.9960474 -0.08020745 0.038201038 166.33594 0.079148136 0.99645776 0.028482864 135.87622 -0.04034924 -0.02534724 0.9988641 10.004395
0.9973832 -0.05985568 0.04054736 167.52661 0.058796994 0.9979095 0.026814763 135.96167 -0.04206799 -0.024360562 0.9988178 9.970703
0.99820024 -0.04123198 0.043541707 168.72461 0.04007531 0.99882865 0.02711026 136.02832 -0.044608735 -0.025316363 0.99868375 9.922363
0.99883354 -0.018486897 0.0445985 169.96997 0.017302671 0.99949145 0.02679055 136.06787 -0.045070976 -0.025987606 0.99864537 9.879395
0.9989698 0.00028724445 0.04536851 171.18091 -0.0016053068 0.99957776 0.029010005 136.07935 -0.045341015 -0.029052973 0.9985485 9.830688
0.9986906 0.020981496 0.04666458 172.41772 -0.022355858 0.99932563 0.02913068 136.07544 -0.04602196 -0.030135458 0.99848616 9.78125
0.99808437 0.041195486 0.046170082 173.68262 -0.042662334 0.99860096 0.031257838 136.03369 -0.044818297 -0.03316712 0.99844486 9.730591
0.9971222 0.06024915 0.046005484 174.96802 -0.061789922 0.99754834 0.032835133 135.96948 -0.043914035 -0.035583667 0.99840134 9.677612
0.9956463 0.081667684 0.044962928 176.22485 -0.08314612 0.9960235 0.032050055 135.88184 -0.042167403 -0.035648633 0.9984742 9.633667
0.99434364 0.09752022 0.042072292 177.48535 -0.098999575 0.99448407 0.034643337 135.77295 -0.03846207 -0.03861249 0.998514 9.592773
0.9922377 0.11722451 0.04156986 178.80322 -0.11870453 0.9923106 0.035120785 135.63159 -0.03713324 -0.039781056 0.99851817 9.542603
0.9893841 0.13999571 0.038917545 180.10742 -0.14138326 0.9893136 0.035542913 135.46362 -0.0335259 -0.040667582 0.9986107 9.508301
0.98680687 0.15817341 0.034506306 181.44434 -0.15941828 0.98651904 0.036910534 135.26392 -0.028200962 -0.041924667 0.9987223 9.469116
0.98378295 0.17690398 0.029529467 182.78955 -0.17799164 0.98323673 0.039503906 135.06201 -0.022045521 -0.044120174 0.9987829 9.442749
0.98074394 0.19368748 0.025074348 184.0774 -0.19460425 0.98000014 0.04161825 134.81982 -0.016514238 -0.045695838 0.99881935 9.41748
0.9774591 0.21000187 0.02212891 185.41309 -0.21079366 0.9765787 0.043318428 134.54907 -0.012513299 -0.047005825 0.9988158 9.408936
0.97305864 0.22957909 0.020710666 186.75952 -0.23031536 0.97200304 0.04630277 134.24829 -0.009499714 -0.049826514 0.9987129 9.400879
0.96934175 0.24486475 0.020413725 188.1145 -0.24556565 0.96829385 0.045863193 133.92773 -0.008536232 -0.049469057 0.99873924 9.394409
0.9644019 0.26368067 0.01972162 189.47119 -0.26431665 0.9634062 0.044413432 133.56079 -0.007287449 -0.048045494 0.99881846 9.395996
0.95929533 0.28187403 0.016324319 190.79492 -0.28232944 0.9582654 0.04454407 133.19507 -0.0030839671 -0.04734073 0.99887395 9.399292
0.9549275 0.29649743 0.013774499 192.1394 -0.29681626 0.9537824 0.046765804 132.8081 0.00072635314 -0.04874673 0.9988114 9.401733
0.94988483 0.31225073 0.014267704 193.4917 -0.312573 0.94866705 0.04810448 132.36475 0.0014869414 -0.0501535 0.9987404 9.410645
0.9433491 0.331483 0.01509916 194.86255 -0.3318158 0.94197446 0.050986007 131.90918 0.0026737447 -0.053106837 0.9985857 9.422485
0.9371625 0.34862518 0.013609638 196.20703 -0.3488351 0.9356033 0.054407902 131.43335 0.0062304223 -0.05573749 0.9984268 9.435913
0.9300093 0.3673481 0.011968875 197.56665 -0.36742547 0.92839414 0.055565417 130.91138 0.009302106 -0.056074753 0.998383 9.458252
0.923756 0.3829167 0.009825968 198.94385 -0.38283712 0.9221156 0.056429 130.37231 0.012547603 -0.0558866 0.9983576 9.477661
0.91551733 0.40228975 0.005051182 200.29053 -0.40191212 0.91394705 0.056582537 129.78809 0.018145937 -0.05383263 0.9983847 9.519165
0.9074207 0.42021498 0.0020643543 201.62378 -0.41957048 0.9057341 0.06002942 129.2146 0.023356253 -0.055338122 0.99819434 9.559937
0.8973073 0.44140875 0.0006215833 202.94922 -0.44055542 0.8954835 0.06343313 128.59033 0.027440045 -0.05719358 0.99798626 9.603027
0.88547826 0.46457997 0.0014515799 204.29028 -0.463659 0.883518 0.0657787 127.91919 0.029277131 -0.05891948 0.99783397 9.656128
0.87132657 0.49053836 0.0021003913 205.64575 -0.48946223 0.86911666 0.070071205 127.19263 0.032543525 -0.062085256 0.99754184 9.712402
0.8575924 0.51437473 0.0028322965 206.96045 -0.51313615 0.85511696 0.07430767 126.44263 0.035793163 -0.065184414 0.9972319 9.769043
0.8413777 0.540259 0.003246149 208.23633 -0.53885144 0.8387214 0.07739697 125.67334 0.039114185 -0.066867016 0.9969939 9.841797
0.8277468 0.5611117 0.0031153117 209.51392 -0.5595741 0.82504034 0.0787852 124.87598 0.041633576 -0.06696254 0.9968872 9.912964
0.8121969 0.58344877 0.0026427223 210.79932 -0.5817357 0.8094481 0.08037228 123.977295 0.044751182 -0.06681382 0.99676096 9.986328
0.7951457 0.6064046 9.673112e-05 212.05273 -0.6043362 0.792419 0.08266662 123.048096 0.05005456 -0.06579667 0.99657744 10.071899
0.7789607 0.6271464 -0.002488354 213.30298 -0.6247024 0.7762636 0.0851832 122.13013 0.055360552 -0.06479126 0.99636024 10.171753
0.76118773 0.648391 -0.0044037504 214.44116 -0.6457087 0.7586215 0.08598068 121.14697 0.05909859 -0.06261375 0.9962878 10.261719
0.74673915 0.6650272 -0.005872059 215.64868 -0.6620897 0.7442165 0.08770214 120.164795 0.06270849 -0.061593324 0.996128 10.369751
0.73067874 0.68267006 -0.0058444203 216.8164 -0.67965317 0.7282053 0.088037305 119.13159 0.06436409 -0.0603426 0.99609876 10.476074
0.71466094 0.6993457 -0.0067334855 217.89746 -0.6961998 0.71229553 0.08840239 118.08569 0.06661803 -0.058506176 0.99606407 10.584839
0.7006123 0.7135332 -0.007828703 219.01562 -0.71021944 0.69833946 0.08921568 117.02759 0.069115095 -0.05693402 0.9959817 10.700928
0.6855879 0.7279473 -0.010660921 220.08252 -0.7243617 0.68353176 0.09019298 115.92822 0.072944485 -0.05411225 0.9958667 10.81897
0.67099774 0.7414661 -0.012419195 221.11987 -0.73759073 0.66903645 0.09228733 114.81763 0.07671181 -0.05276801 0.9956565 10.945068
0.6567052 0.75406736 -0.013625346 222.15747 -0.7498997 0.6547847 0.09471792 113.681885 0.08034829 -0.051998086 0.99541104 11.06958
0.63893193 0.76915926 -0.013115633 223.17871 -0.7649464 0.63705164 0.09503152 112.52417 0.081465684 -0.05068955 0.9953864 11.210449
0.62375915 0.78166425 -0.010483 224.15894 -0.777476 0.6217035 0.09592548 111.33203 0.08147646 -0.051686335 0.9953344 11.346069
0.60791767 0.7939895 -0.00645978 225.13892 -0.7899135 0.6055815 0.09660261 110.13281 0.08061736 -0.05363141 0.9953019 11.489868
0.5884708 0.8085165 -0.0010700058 226.06787 -0.8045916 0.5857439 0.09765968 108.90283 0.07957303 -0.05661163 0.99522066 11.625732
0.57253677 0.8199629 0.002651946 226.95776 -0.8161269 0.5695407 0.098489694 107.694336 0.07925091 -0.058538 0.9951327 11.764893
0.55229163 0.8336504 0.004897403 227.83325 -0.82961786 0.54902434 0.101614766 106.46265 0.08203063 -0.06016817 0.99481016 11.911011
0.53560877 0.8445438 0.007869874 228.65527 -0.8403469 0.5319691 0.10496569 105.22388 0.08444655 -0.06282876 0.99444485 12.055664
0.5167913 0.85611385 0.011091394 229.44336 -0.8520145 0.51295406 0.10522754 103.96973 0.08439688 -0.06381633 0.99438506 12.203003
0.4949653 0.8687861 0.014960291 230.21924 -0.8649656 0.49100208 0.103705324 102.68652 0.08275822 -0.06427574 0.99449515 12.351929
0.4763838 0.87897927 0.018006947 230.91089 -0.875446 0.4723875 0.101584196 101.44385 0.080779225 -0.064177476 0.99466586 12.491699
0.45494908 0.8901256 0.021974107 231.61792 -0.8868759 0.450818 0.09999325 100.16724 0.079132214 -0.06499258 0.994744 12.633789
0.43404943 0.9007336 0.023539484 232.28564 -0.89759654 0.4299599 0.098621555 98.86279 0.07870159 -0.063922584 0.99484587 12.769653
0.4143103 0.9098198 0.025282456 232.87524 -0.90673876 0.41018027 0.09817522 97.599365 0.07894865 -0.06358002 0.99484736 12.903442
0.39159724 0.9198254 0.025463415 233.4519 -0.9167265 0.3875818 0.09728879 96.32153 0.07964797 -0.061445974 0.9949278 13.032715
0.36836293 0.929269 0.024482159 234.00513 -0.92608654 0.3645629 0.09641144 95.0293 0.080647126 -0.058202624 0.9950432 13.171875
0.3497537 0.9365981 0.023825709 234.49121 -0.93326986 0.3460483 0.09679686 93.77197 0.08240641 -0.056091763 0.99501926 13.299805
0.3264453 0.94492066 0.02415684 234.96436 -0.9417873 0.322971 0.09354474 92.47461 0.08059461 -0.053287733 0.9953216 13.437012
0.3066708 0.9515686 0.02389522 235.40088 -0.94841397 0.30332586 0.09275711 91.204346 0.08100475 -0.05109521 0.9954022 13.562744
0.2866127 0.9576724 0.025284804 235.81445 -0.9540746 0.28294596 0.09800693 89.944824 0.086733 -0.052229486 0.9948631 13.697998
0.265544 0.96361536 0.027086776 236.1936 -0.9591893 0.261313 0.10712479 88.68359 0.096159264 -0.054441944 0.99387705 13.831909
0.24782723 0.9682843 0.02971069 236.54321 -0.9631237 0.2429784 0.115035 87.437256 0.10415515 -0.057128422 0.9929189 13.97644
0.22886448 0.9728912 0.03378391 236.8628 -0.9675001 0.22348285 0.11849475 86.19629 0.10770468 -0.059814848 0.9923825 14.13208
0.20736787 0.97752154 0.037614383 237.16968 -0.9721615 0.20164208 0.11919209 84.94971 0.10895121 -0.061296385 0.992157 14.286499
0.18929112 0.981041 0.0425219 237.4353 -0.9758824 0.18313128 0.11911604 83.71362 0.10909754 -0.064013764 0.99196553 14.439941
0.1691817 0.9844871 0.04741523 237.68433 -0.9796117 0.16264848 0.11825986 82.47632 0.10871781 -0.06642376 0.9918482 14.59314
0.15002272 0.9874976 0.049383756 237.89062 -0.9827441 0.14344038 0.117168136 81.24634 0.10863396 -0.066074826 0.9918807 14.748779
