7.777538873632546812e-01 -6.282052325606016785e-01 2.137934692235069975e-02 -6.595657626996626277e+01 6.272397724427147825e-01 7.778709572036843767e-01 3.856218102021828631e-02 2.571230143590679518e+01 -4.085533695072884192e-02 -1.658190949513120571e-02 9.990274679507757938e-01 -8.849575675012443243e-01 -4.809208017785018303e-24 -1.416202385148814181e-23 -3.430527606006730092e-24 9.999999999999997780e-01
7.496038608084544252e-01 -6.612988476047249042e-01 2.789060805578943286e-02 -6.556146150998931432e+01 6.605347512859459647e-01 7.501001794953585655e-01 3.230422673032626313e-02 2.609219078882410159e+01 -4.228349801840885352e-02 -5.792657222139585907e-03 9.990888603711054472e-01 -8.927294666133864798e-01 -4.809208017785018303e-24 -1.416202385148814181e-23 -3.430527606006730092e-24 9.999999999999997780e-01
7.211764889521340427e-01 -6.926545146138003428e-01 1.158426380016952528e-02 -6.520719005613636909e+01 6.922993036760702878e-01 7.212091129698818825e-01 2.406427848128219263e-02 2.648861288817340665e+01 -2.502290775071312409e-02 -9.334814101840291714e-03 9.996432940471228212e-01 -9.014799145942294922e-01 1.348788016084788522e-18 1.098057904761109923e-18 -1.369856939283549730e-20 9.999999999999997780e-01
6.912129614113602383e-01 -7.225111294463001377e-01 -1.422356506530086766e-02 -6.487338960394497178e+01 7.226471420069737750e-01 6.911405673387912563e-01 1.028709520553685620e-02 2.690549878788073812e+01 2.397942053138384880e-03 -1.738919218492970126e-02 9.998459210643720896e-01 -9.088046237634974656e-01 1.306127907770717394e-18 5.594137012041096393e-18 -4.583370064438796058e-20 1.000000000000000000e+00
6.561870597341178390e-01 -7.540618940803545112e-01 -2.844648543209013503e-02 -6.452435908032930456e+01 7.541102387118127082e-01 6.566521289958281438e-01 -1.121291020484944424e-02 2.732116858044891927e+01 2.713467352865264054e-02 -1.409401934132279918e-02 9.995324247423362785e-01 -9.270711106117975886e-01 2.740361597196001636e-18 9.076067151732823464e-18 -7.947615251322817526e-20 1.000000000000000000e+00
6.187540975368920337e-01 -7.850935537138505893e-01 -2.777550536460431096e-02 -6.419420397352361363e+01 7.843827368131834898e-01 6.193762050408240238e-01 -3.341913850911222561e-02 2.776664720979942302e+01 4.344063731999413258e-02 -1.108398025591498994e-03 9.990553951023141144e-01 -9.394210764663516455e-01 4.084325177839329550e-18 1.305762245654526996e-17 -2.023301663214662951e-19 9.999999999999998890e-01
5.858636969298659514e-01 -8.100964369334585635e-01 -2.252757171510702192e-02 -6.386697425838435294e+01 8.091278977877398582e-01 5.862738529422296674e-01 -3.993763109989401788e-02 2.825074019583948370e+01 4.556065892043527354e-02 5.170321458697873379e-03 9.989481939193537441e-01 -9.659484288473760838e-01 5.972576836922717583e-18 1.830058619511152243e-17 -5.256363416896398033e-19 9.999999999999996669e-01
5.574235255196067218e-01 -8.300746098836433440e-01 -1.597357892902645515e-02 -6.356746264581527583e+01 8.297296949681925993e-01 5.576523424352000102e-01 -2.392693596206935114e-02 2.876537875801453836e+01 2.876884574127052535e-02 8.368422652682256204e-05 9.995860875940864032e-01 -9.320359965621375364e-01 8.874365676732941538e-18 2.415003455338055448e-17 -9.524236815069504451e-19 9.999999999999993339e-01
5.287214961812201075e-01 -8.487581405939501611e-01 -7.949732786888777381e-03 -6.328347023536518634e+01 8.487182373072328367e-01 5.287765233034148471e-01 -8.528895899735275746e-03 2.928617941049458651e+01 1.144260188942032401e-02 -2.237672597070250891e-03 9.999320275315385365e-01 -8.769531199888165318e-01 8.478872353744851467e-18 3.152075720346184648e-17 -1.229796755023824703e-18 9.999999999999992228e-01
4.987632118139678217e-01 -8.667165281050158709e-01 -6.141534872596950134e-03 -6.301006038247355434e+01 8.667003642403313668e-01 4.987951520424456775e-01 -5.820216889938657073e-03 2.979718731513029084e+01 8.107845996216235182e-03 -2.419960441595197555e-03 9.999642026716478727e-01 -8.700974359033862848e-01 9.297517345064012680e-18 3.736628408211475009e-17 -1.543897408189150962e-18 9.999999999999988898e-01
4.711823629370965882e-01 -8.820254311843050976e-01 -4.280140318055307772e-03 -6.274974679785695741e+01 8.819059326505173102e-01 4.711907056636983615e-01 -1.487430173104322545e-02 3.031946868335074541e+01 1.513627473469267813e-02 3.233827497602394067e-03 9.998802105986743793e-01 -8.635086294388325534e-01 1.009816065138287991e-17 4.597295041912909286e-17 -1.856955312378351499e-18 9.999999999999986677e-01
4.459228128211772391e-01 -8.950552691598631094e-01 -5.376816418609605720e-03 -6.250158979904673373e+01 8.948042381925762623e-01 4.459284259660672989e-01 -2.175348772154299393e-02 3.085605129103820943e+01 2.186824909003028811e-02 4.889178314106033818e-03 9.997489062845341667e-01 -8.594928763380504932e-01 1.187072288937778477e-17 5.402785601877187467e-17 -2.233662962694171007e-18 9.999999999999983347e-01
4.227389322940363625e-01 -9.062343381270980824e-01 -5.578487449258350168e-03 -6.226346528649848011e+01 9.059905165834791774e-01 4.227569012956161054e-01 -2.139594045033611780e-02 3.141015473907195954e+01 2.174808000058178412e-02 3.990840295493788131e-03 9.997555172190806250e-01 -8.541708738507559628e-01 1.337541970745888505e-17 6.336221386497830503e-17 -2.637074724876047058e-18 9.999999999999976685e-01
4.032896693548095324e-01 -9.150588701633091127e-01 -4.970586194489501689e-03 -6.202915202573903741e+01 9.149498808319000975e-01 4.033186109578920653e-01 -1.417087226373663945e-02 3.199148395351519625e+01 1.497191228249076037e-02 1.167129143398452007e-03 9.998872334679190788e-01 -8.473540979116745975e-01 1.538787624833068022e-17 7.226279348836295783e-17 -3.031312312713520592e-18 9.999999999999967804e-01
3.860462093554175578e-01 -9.224767751630617019e-01 -2.218902216914809926e-03 -6.180471233218769811e+01 9.224625559264512109e-01 3.860525799286751991e-01 -5.122347516612849906e-03 3.257201202804985485e+01 5.581859543837854737e-03 -6.939136857721074441e-05 9.999844188930268052e-01 -8.436102071706269578e-01 1.726188811687637319e-17 8.192543985972365898e-17 -3.375140389244527218e-18 9.999999999999956701e-01
3.696710953002474986e-01 -9.291615128710579707e-01 1.471155551093455407e-03 -6.157786424418400628e+01 9.291610706544181086e-01 3.696729372379562450e-01 1.274462328587900022e-03 3.316755270126621724e+01 -1.728027739036030542e-03 8.958085820242615762e-04 9.999981057217378622e-01 -8.402577487063225270e-01 1.903353812744316899e-17 9.019304600049290847e-17 -3.685712747294243204e-18 9.999999999999944489e-01
3.557556643554761200e-01 -9.345771981575604626e-01 1.835201058966687716e-03 -6.136485652189119833e+01 9.345714245550772459e-01 3.557600011921782657e-01 3.327755529690632885e-03 3.375845120810914324e+01 -3.762935570019141935e-03 5.312585887446137720e-04 9.999927790140020756e-01 -8.425245525574699412e-01 2.080670223699538113e-17 9.944482582036619903e-17 -3.995394444520501001e-18 9.999999999999931166e-01
3.427529665287639138e-01 -9.394254633667734611e-01 4.502375147163048216e-04 -6.115534321471187695e+01 9.394227166446869060e-01 3.427530671546387686e-01 2.300958069132558268e-03 3.435901904358899372e+01 -2.315898889401167560e-03 -3.656968548445684941e-04 9.999972514352608588e-01 -8.459570601953136926e-01 2.248507165035231706e-17 1.102608532748063969e-16 -4.297099998551052067e-18 9.999999999999916733e-01
3.303690126515999026e-01 -9.438415214813122844e-01 -4.415632164094808118e-03 -6.095977814847957887e+01 9.438517868462723559e-01 3.303636584248840768e-01 1.912500786604623372e-03 3.497582280166655266e+01 -3.463332562760271390e-04 -4.799533304704028426e-03 9.999884221996062639e-01 -8.511459392749894937e-01 2.535716151410403073e-17 1.204260243561150569e-16 -4.588096257841044141e-18 9.999999999999901190e-01
3.199370652016183536e-01 -9.474094278933054003e-01 -7.459909450539071139e-03 -6.076959324944567697e+01 9.474387819066327765e-01 3.199285540348736911e-01 2.339840264785522650e-03 3.559471647052220078e+01 1.698513171177582924e-04 -7.816409150310026435e-03 9.999694369821726658e-01 -8.580997932103572312e-01 2.772291856027355538e-17 1.310299375157948123e-16 -4.837032558043276143e-18 9.999999999999882316e-01
3.118664362828367786e-01 -9.500816393709923258e-01 -9.176298290757301315e-03 -6.057333445718521858e+01 9.501258541064658836e-01 3.118562576298466449e-01 2.556547593820286939e-03 3.622011947629685835e+01 4.327571147815995663e-04 -9.515939638315297489e-03 9.999546287777215658e-01 -8.588412939766336684e-01 2.960191723868788028e-17 1.421382043856905751e-16 -5.050279883989139742e-18 9.999999999999862332e-01
3.058828675188506319e-01 -9.520049334854666645e-01 -1.105793731766729210e-02 -6.037317698322092241e+01 9.520673937457386771e-01 3.058839955837259761e-01 1.630647713654418155e-03 3.687317721103253376e+01 1.830061381464081257e-03 -1.102668876080257522e-02 9.999375295538303066e-01 -8.576271665765197172e-01 3.149487598762717857e-17 1.540976227933622723e-16 -5.249467128889173375e-18 9.999999999999844569e-01
3.015223501065397160e-01 -9.533734487992457929e-01 -1.278043468743540224e-02 -6.017681401775264760e+01 9.534562448659017475e-01 3.015272099939143580e-01 1.590836111742135062e-03 3.752552041488679180e+01 2.336987903483049231e-03 -1.266525790788468851e-02 9.999170614253785061e-01 -8.592445918015430006e-01 3.270487395958040923e-17 1.685154901354850347e-16 -5.430542042745061415e-18 9.999999999999830136e-01
2.975987818904880511e-01 -9.546047768500943720e-01 -1.283296661774426493e-02 -5.997142524076232206e+01 9.546872120871487954e-01 2.976087254242689717e-01 1.172019046615534188e-03 3.818656162482177052e+01 2.700387858057669462e-03 -1.260026056372882258e-02 9.999169672222961713e-01 -8.654874740727215299e-01 3.332521443155225132e-17 1.838754289860512202e-16 -5.568229022438086739e-18 9.999999999999817923e-01
2.958617202625525855e-01 -9.551578057120880816e-01 -1.180714489104956431e-02 -5.977294588183927715e+01 9.552213721325889528e-01 2.958910619829811517e-01 -7.808071172677634323e-04 3.884014964491080946e+01 4.239422653610441447e-03 -1.104742620689041707e-02 9.999299883840137015e-01 -8.670812920804311652e-01 3.341317952246821948e-17 1.986924485376289394e-16 -5.742855255891780589e-18 9.999999999999806821e-01
2.947740044299859696e-01 -9.555030979649442591e-01 -1.105061498849710909e-02 -5.956482446849985024e+01 9.555533162166711669e-01 2.948119552153982137e-01 -1.941888110525760757e-03 3.950047011656587870e+01 5.113333516596967748e-03 -9.987033663999177885e-03 9.999370545083439143e-01 -8.656664419452194670e-01 3.363956821607605655e-17 2.145382674062448899e-16 -5.911005255073869098e-18 9.999999999999797939e-01
2.945345285046006567e-01 -9.555792166032629487e-01 -1.085229535071287506e-02 -5.936298425660393008e+01 9.556296062337056307e-01 2.945671327821532959e-01 -1.503321040956961084e-03 4.017896248509181589e+01 4.633271868182050127e-03 -9.927994778746092666e-03 9.999399820545945561e-01 -8.638078140872803568e-01 3.349493497924444276e-17 2.305866550742229627e-16 -6.103323269520949661e-18 9.999999999999791278e-01
2.934707044022082378e-01 -9.558896718219661581e-01 -1.224258802994291837e-02 -5.915581412569399333e+01 9.559635085388891174e-01 2.934847884462589707e-01 6.702930029867067759e-04 4.087105742719134582e+01 2.952287199349072026e-03 -1.190017876644463603e-02 9.999248320476328278e-01 -8.648918571837059810e-01 3.437966530588987159e-17 2.502691852630036827e-16 -6.272673034604295569e-18 9.999999999999785727e-01
2.928428643944212539e-01 -9.561006603596460263e-01 -1.070439316439628259e-02 -5.894268769226951576e+01 9.561601648325667169e-01 2.928139391314626416e-01 4.211441286959978145e-03 4.157117038542942566e+01 -8.921662670540705985e-04 -1.146840486220592620e-02 9.999338376758380997e-01 -8.683125384445358197e-01 3.662361464313088222e-17 2.706817916588638614e-16 -6.417827965799877671e-18 9.999999999999779066e-01
2.923632454446100093e-01 -9.562856995712067931e-01 -6.433778718075751010e-03 -5.872621779565201194e+01 9.563028597269438436e-01 2.923346596711502432e-01 5.028641273836583110e-03 4.227366452248272566e+01 -2.928001226500080365e-03 -7.622830869943624660e-03 9.999666590732911864e-01 -8.715087820100223537e-01 3.877298220534382279e-17 2.893391856356990075e-16 -6.570664775667952947e-18 9.999999999999772404e-01
2.921382936088630089e-01 -9.563739657468054434e-01 -2.013715201491083056e-03 -5.850736876941072495e+01 9.563751703628621259e-01 2.921344531795465604e-01 1.998694306803711854e-03 4.296879453928885084e+01 -1.323223611270979037e-03 -2.509762363125298077e-03 9.999959750779009449e-01 -8.787762502510737539e-01 4.090332015210241862e-17 3.092777514967704617e-16 -6.800029706972872050e-18 9.999999999999766853e-01
2.913723563739015199e-01 -9.566096986645998834e-01 1.853694110157567282e-04 -5.828391812743028311e+01 9.566059341010937356e-01 2.913706538593718309e-01 -2.868608055117348541e-03 4.367828711516544615e+01 2.690127080695514997e-03 1.013158567110070173e-03 9.999958683543879179e-01 -8.781041347164907362e-01 4.238721560279070508e-17 3.319197543651579963e-16 -7.127392958412861479e-18 9.999999999999761302e-01
2.912800530833306034e-01 -9.566322821380635055e-01 -3.256907576217155879e-03 -5.806953057139740082e+01 9.566178369890563360e-01 2.912942873775838937e-01 -5.472850774738538537e-03 4.440569887363088242e+01 6.184224297904341271e-03 -1.521483616651642416e-03 9.999797200229955108e-01 -8.784044891019306966e-01 4.267845517418080086e-17 3.538076761722472547e-16 -7.539328022994498646e-18 9.999999999999754641e-01
2.910458449954947957e-01 -9.566616741883655628e-01 -9.526659951494070855e-03 -5.784893532368906932e+01 9.566615246033761677e-01 2.911162531794018182e-01 -7.074918965446043775e-03 4.515431948295091047e+01 9.541669372620294881e-03 -7.054663265001154780e-03 9.999295916571446785e-01 -8.790383351323592942e-01 4.350350054248783901e-17 3.734519458258281883e-16 -7.907081770516789317e-18 9.999999999999747979e-01
2.902733224224797182e-01 -9.569065675304476715e-01 -8.439153201822207837e-03 -5.762624894890419114e+01 9.568925670238064285e-01 2.903377370985127937e-01 -7.785473083996756818e-03 4.587893172969251054e+01 9.900174969049284693e-03 -5.815447832075606831e-03 9.999340813783222925e-01 -8.782576340415017002e-01 4.373066528674870307e-17 3.944886327358253098e-16 -8.150784786114268643e-18 9.999999999999742428e-01
2.897179192797036396e-01 -9.571043160652068504e-01 -3.854272620881853909e-03 -5.738996741666296941e+01 9.570750519901485287e-01 2.897397833647080700e-01 -7.629075557549800518e-03 4.662403146939203680e+01 8.418557257917793149e-03 -1.478548272452660144e-03 9.999634702270412401e-01 -8.810667723630938308e-01 4.344191673819748283e-17 4.151351218082262945e-16 -8.416751439415554462e-18 9.999999999999739098e-01
2.898179018836752330e-01 -9.570733997605483934e-01 -4.011386090520414546e-03 -5.715818584786489964e+01 9.570691388617199591e-01 2.898330843686919289e-01 -3.930221857926421113e-03 4.738941503452788595e+01 4.924143198583698713e-03 -2.700125178493315015e-03 9.999842309444565425e-01 -8.780603968934058701e-01 4.282342357621635699e-17 4.382987328820519669e-16 -8.758130206897002881e-18 9.999999999999735767e-01
2.913438838726856717e-01 -9.566018241872256134e-01 -5.629501885677412783e-03 -5.693121203361316418e+01 9.566183445012003128e-01 2.913370396394173722e-01 2.017993547878145239e-03 4.815225629484265113e+01 -2.903338950860846106e-04 -5.973214852110535905e-03 9.999821180452905800e-01 -8.767956758992291322e-01 4.184292541557870061e-17 4.620831858768749299e-16 -9.070231655237899634e-18 9.999999999999730216e-01
2.909401258937217571e-01 -9.567117076812911014e-01 -7.520075153538562270e-03 -5.669433161016136324e+01 9.567290570998727706e-01 2.908877245018917646e-01 7.337781336023881280e-03 4.894888941585082165e+01 -4.832643763090002827e-03 -9.329529436647047980e-03 9.999448011938080194e-01 -8.812790072816137910e-01 4.185915263768714371e-17 4.842047748594011110e-16 -9.329434938365743270e-18 9.999999999999723554e-01
2.908346897616818638e-01 -9.567656837182252350e-01 -3.822262450082456429e-03 -5.645122911101537255e+01 9.567423267820207577e-01 2.907907937655903607e-01 9.210559425843201087e-03 4.973586423924134436e+01 -7.700868454661524178e-03 -6.335670463208392493e-03 9.999502767160916017e-01 -8.995324979720764613e-01 3.993374699906322359e-17 5.075584596772942493e-16 -9.519980708508681977e-18 9.999999999999716893e-01
2.901516657624829132e-01 -9.569768456445710836e-01 2.706982679954470471e-03 -5.620902159549011401e+01 9.569457236631317976e-01 2.901640832956657867e-01 7.725718611511060881e-03 5.051470910180775320e+01 -8.178802975014469109e-03 3.488053752725162873e-04 9.999664921968420828e-01 -9.096617211253489321e-01 3.679147068902519228e-17 5.338117821517137344e-16 -9.780198195737912447e-18 9.999999999999709122e-01
2.892528228207519869e-01 -9.572515080238890306e-01 1.534560528492355047e-03 -5.596531776929585078e+01 9.572321445871899703e-01 2.892567437278587006e-01 6.095701518072178283e-03 5.130583667045780771e+01 -6.279001452169673432e-03 -2.942682054849747207e-04 9.999802435782048082e-01 -9.120435101654065235e-01 3.243063263371409988e-17 5.604566662808213363e-16 -1.022261705419741969e-17 9.999999999999701350e-01
2.899458416905059677e-01 -9.570214409155209934e-01 -6.431991461001225659e-03 -5.574303279570069236e+01 9.570378824823337904e-01 2.899156307955125245e-01 5.236269110976893466e-03 5.210893599780399654e+01 -3.146486947927630909e-03 -7.673893942678215209e-03 9.999656048941731878e-01 -9.199430313800869286e-01 2.695190230213644268e-17 5.852869892234303764e-16 -1.064374178539043940e-17 9.999999999999691358e-01
2.893785163715631437e-01 -9.571767187176386527e-01 -8.532491272172525523e-03 -5.549823590991825029e+01 9.572136549747658485e-01 2.893801613251302252e-01 1.068157911157715167e-03 5.290189481382898862e+01 1.446717816366532242e-03 -8.476519108254209484e-03 9.999630271320446573e-01 -9.309124649467002133e-01 2.163046866485207186e-17 6.109112726071462128e-16 -1.085941270577229659e-17 9.999999999999679146e-01
2.884075956838532129e-01 -9.574753401331013158e-01 -7.876026195657300638e-03 -5.524585979533620161e+01 9.574906992868548183e-01 2.884417720769455462e-01 -3.592339114471159930e-03 5.371519338375942709e+01 5.711351068296828190e-03 -6.505163942791407014e-03 9.999625309534130313e-01 -9.319863972982691536e-01 1.614741462022986601e-17 6.424477529800598515e-16 -1.099955388187494088e-17 9.999999999999666933e-01
2.887027669332816737e-01 -9.573717459550227238e-01 -9.489594926227000113e-03 -5.500195385194291475e+01 9.573931160868830448e-01 2.887534142727821718e-01 -4.459485989650084983e-03 5.453114629314234918e+01 7.009538822982367204e-03 -7.797806912505676931e-03 9.999450287753501865e-01 -9.285340737506498909e-01 1.073011659781746115e-17 6.737961890427178033e-16 -1.114619427366383052e-17 9.999999999999656941e-01
2.890374921713767531e-01 -9.571957565153186298e-01 -1.528436547929775541e-02 -5.476891872921753901e+01 9.573030087503627827e-01 2.890848784926183246e-01 -9.393957867173909808e-04 5.535432089701473046e+01 5.317664598148032565e-03 -1.436024845781774632e-02 9.998827459793127037e-01 -9.279480117355124458e-01 5.181350724972724292e-18 7.029736206124388702e-16 -1.124095493795985629e-17 9.999999999999644729e-01
2.890511439876241040e-01 -9.572326847275968165e-01 -1.245084127242753608e-02 -5.451748259243615990e+01 9.573136537982234184e-01 2.890257924979388049e-01 3.828775583348813238e-03 5.618118670481296562e+01 -6.641486484618006796e-05 -1.302607231380317754e-02 9.999151549150601115e-01 -9.287461443475052425e-01 -2.433386339400157185e-19 7.353873767527508993e-16 -1.110150044598973637e-17 9.999999999999632516e-01
2.881546052151521820e-01 -9.575648569069686866e-01 -6.038899715714750836e-03 -5.426264100598132956e+01 9.575685234620160413e-01 2.881085112919749003e-01 7.483889091344414317e-03 5.701177356546372010e+01 -5.426450779932782617e-03 -7.939177390697467820e-03 9.999537604779271671e-01 -9.351352327877091586e-01 -6.284037860036698798e-18 7.657476724056764869e-16 -1.104672552199871966e-17 9.999999999999621414e-01
2.875753514708084269e-01 -9.577171285650749599e-01 -8.849795434932123880e-03 -5.401541133933619676e+01 9.577265414259520382e-01 2.874787143350812646e-01 1.076385862828134130e-02 5.784748441859315449e+01 -7.764603964004407680e-03 -1.157110440242973756e-02 9.999029055202479643e-01 -9.459650537011172755e-01 -1.301503520715314532e-17 7.958670849656241882e-16 -1.116517585599916935e-17 9.999999999999608091e-01
2.880653891389313714e-01 -9.575551771222762243e-01 -1.031573294947322507e-02 -5.376807848274993518e+01 9.575842001517597124e-01 2.879604886478032699e-01 1.054782430035229070e-02 5.867900294893096458e+01 -7.129600265297126975e-03 -1.291664599704506200e-02 9.998911586047131150e-01 -9.605144386085811004e-01 -1.972475107730016506e-17 8.274400456536880932e-16 -1.117145183276604230e-17 9.999999999999591438e-01
2.863922766638300477e-01 -9.580961673397624390e-01 -5.585516617007347563e-03 -5.351538851352484727e+01 9.581094869448645301e-01 2.863720301128903634e-01 4.155886825915926924e-03 5.950620994878022429e+01 -2.382203506973244473e-03 -6.541750349867853261e-03 9.999757650105484119e-01 -9.598819650998728914e-01 -2.595807983409327744e-17 8.584025826347633112e-16 -1.113413683423928994e-17 9.999999999999574785e-01
2.858251706637123246e-01 -9.582676404263107406e-01 -5.205874235362819603e-03 -5.325723376424337374e+01 9.582791741193177337e-01 2.858328469880802025e-01 -7.797640211416004708e-04 6.034594227951848922e+01 2.235232482378882689e-03 -4.765804678405142179e-03 9.999861453245866283e-01 -9.615299635202775308e-01 -3.201034367826450954e-17 8.881842200208884428e-16 -1.128969317231185940e-17 9.999999999999555911e-01
2.859141567840152165e-01 -9.582228970466152296e-01 -7.872390092768145539e-03 -5.301356741530931060e+01 9.582470954648605321e-01 2.859359401799118072e-01 -1.772610118389105795e-03 6.120145889582071419e+01 3.949554865610396814e-03 -7.036880613447798333e-03 9.999674411335558455e-01 -9.670714185760899140e-01 -3.893071137829892621e-17 9.157083672360760744e-16 -1.147414114313552916e-17 9.999999999999534817e-01
2.852423244770633248e-01 -9.584355816500796932e-01 -6.168642774645241404e-03 -5.276230935307636116e+01 9.584552075253269798e-01 2.852407606767234927e-01 1.150485198358563652e-03 6.204074784554796906e+01 6.568824071079017689e-04 -6.240534862970830918e-03 9.999803119210448621e-01 -9.710472008847818026e-01 -4.498567393261276486e-17 9.414119361399790425e-16 -1.160526337616094455e-17 9.999999999999509281e-01
2.842730908446416960e-01 -9.587408780268001918e-01 -2.176837548334592184e-03 -5.250063074075038827e+01 9.587376255705420958e-01 2.842628153820350723e-01 4.100866552700366263e-03 6.289194389161135490e+01 -3.312874429295083363e-03 -3.252782072412940297e-03 9.999892220776062102e-01 -9.704077561258841467e-01 -5.227984958900504452e-17 9.703144808737275135e-16 -1.177224515060491521e-17 9.999999999999485967e-01
2.835459500095224294e-01 -9.589586509087673072e-01 8.950064325457316635e-06 -5.225383999922983236e+01 9.589388314831731597e-01 2.835401497599593368e-01 6.426581348683441282e-03 6.374248886054478191e+01 -6.165363482676287921e-03 -1.813648549592100298e-03 9.999793492725855826e-01 -9.662141034363478376e-01 -5.951757560100860400e-17 9.994973509328623895e-16 -1.204687046080822847e-17 9.999999999999460432e-01
2.834211338327494722e-01 -9.589806701239310671e-01 -5.341837256578539118e-03 -5.201226979943220385e+01 9.589891145381796989e-01 2.833944323375772734e-01 5.241556771135034813e-03 6.459874121862861784e+01 -3.512704687915846856e-03 -6.608331743808728426e-03 9.999719950363035181e-01 -9.641290670132883767e-01 -6.586995577229478349e-17 1.027396757263134536e-15 -1.238419456177125044e-17 9.999999999999431566e-01
2.832777028114442097e-01 -9.590292673033109505e-01 -4.075235600229891800e-03 -5.175789727171340360e+01 9.590375072993607697e-01 2.832789913456266184e-01 2.695464304397907551e-04 6.545011668177633624e+01 8.959257146340660061e-04 -3.984660285308789726e-03 9.999916598647501376e-01 -9.747103425884019456e-01 -7.228557400220783715e-17 1.058065760527877543e-15 -1.255212066880868834e-17 9.999999999999400480e-01
2.830660529673688641e-01 -9.590961722676856205e-01 -2.853418755003713555e-03 -5.150679942050172144e+01 9.590911692078705197e-01 2.830751356100683069e-01 -3.549189607075464888e-03 6.629967980423121787e+01 4.211746067818933348e-03 -1.732033636658425642e-03 9.999896305732688395e-01 -9.865066449360535561e-01 -7.959655947668484113e-17 1.091752582257575914e-15 -1.278717019518876440e-17 9.999999999999370504e-01
2.834978404383389772e-01 -9.589613962952592274e-01 -4.692001905345487278e-03 -5.125999964534432962e+01 9.589707829827150976e-01 2.835040479661404267e-01 -7.015499819528885636e-04 6.715558221496033298e+01 2.002960883488989676e-03 -4.300604836072145949e-03 9.999887464093039080e-01 -9.908304509095848811e-01 -8.711911014922320778e-17 1.127117996590219564e-15 -1.305841873312121571e-17 9.999999999999341638e-01
2.839051624119928730e-01 -9.588399943163075090e-01 -4.870734539100127214e-03 -5.101086872016235674e+01 9.588434816846760356e-01 2.838770025843448397e-01 5.746741214336646177e-03 6.802186894348753299e+01 -4.127515791956671252e-03 -6.301801561618541707e-03 9.999716250524111061e-01 -9.829389766297533804e-01 -9.564208418077623923e-17 1.160608178897713487e-15 -1.326002245028112559e-17 9.999999999999311662e-01
2.830956017851555817e-01 -9.590852963357116012e-01 -3.503512831479943350e-03 -5.075644629043559775e+01 9.590573914275176692e-01 2.830526918663981983e-01 9.491763560140689324e-03 6.888006098950737055e+01 -8.111732128897399668e-03 -6.047146394042427799e-03 9.999488146009468670e-01 -9.797707018877015450e-01 -1.049039386867176467e-16 1.193130629292670441e-15 -1.345751284966200796e-17 9.999999999999282796e-01
2.831742316849860108e-01 -9.590611894252607517e-01 -3.740246974967648737e-03 -5.050709380440206075e+01 9.590287093344287417e-01 2.831248182010674963e-01 1.021136577572485764e-02 6.972610853040573886e+01 -8.734367861718800308e-03 -6.478599886980144530e-03 9.999408675321889151e-01 -9.873103670392653353e-01 -1.141243325710171315e-16 1.226826901224673842e-15 -1.370796649393486600e-17 9.999999999999252820e-01
2.834342315802340639e-01 -9.589805180593589107e-01 -4.626267472782319250e-03 -5.025439902439985929e+01 9.589374186657085852e-01 2.833635817693775927e-01 1.200448289735638399e-02 7.058924248087454600e+01 -1.020114950664214974e-02 -7.838782373926702837e-03 9.999172415950674520e-01 -1.004538556246933556e+00 -1.239257748868224914e-16 1.258490164433972021e-15 -1.395263476214777268e-17 9.999999999999220623e-01
2.836188380154136546e-01 -9.589104722986476759e-01 -7.145686696619909378e-03 -5.000783003008664451e+01 9.588879254128415131e-01 2.835209600484029369e-01 1.223975942361338505e-02 7.144906376500341594e+01 -9.710881537299719674e-03 -1.032333903747442022e-02 9.998995586809317215e-01 -1.018109743122485700e+00 -1.327175808664582750e-16 1.286661180600835979e-15 -1.417057505125248926e-17 9.999999999999188427e-01
2.839013716913341701e-01 -9.588052238397754001e-01 -9.620493174655589397e-03 -4.976990022444587680e+01 9.588355036213096483e-01 2.838203060744322048e-01 8.972784135753390442e-03 7.228845472225634694e+01 -5.872660984339324493e-03 -1.177185614222507788e-02 9.999134638834256128e-01 -1.026373893216957045e+00 -1.410139715944993020e-16 1.317098670406764182e-15 -1.429703246546984545e-17 9.999999999999157341e-01
2.840495317523224483e-01 -9.587633434427892398e-01 -9.418852439019286329e-03 -4.951424772240829952e+01 9.588075090556189561e-01 2.840557568717140269e-01 6.982597372304112779e-04 7.312863699180711308e+01 2.006013418164300996e-03 -9.229206796607073923e-03 9.999553978310619096e-01 -1.021596553807759156e+00 -1.492125898106163529e-16 1.348523066145366190e-15 -1.433202282215572163e-17 9.999999999999125144e-01
2.835858658730750492e-01 -9.589047735773860159e-01 -8.982866307018883348e-03 -4.926184501536255311e+01 9.589075084052178788e-01 2.836466393258568197e-01 -6.401118910833834483e-03 7.397675601188660721e+01 8.686023319332339399e-03 -6.798471099900837110e-03 9.999391650440492274e-01 -1.020702928863378434e+00 -1.559079576932154068e-16 1.377696385561729848e-15 -1.436350652378869819e-17 9.999999999999094058e-01
2.836161099576638978e-01 -9.588905677386591053e-01 -9.527920752996126008e-03 -4.900820445788327362e+01 9.589024832834880385e-01 2.836770325772335344e-01 -5.776568272304558396e-03 7.482766185408289061e+01 8.241949116049735943e-03 -7.498019048265613593e-03 9.999379230654752426e-01 -1.019469364962982461e+00 -1.623437377986621064e-16 1.405364475101702714e-15 -1.443972484400413691e-17 9.999999999999062972e-01
2.838856205100236396e-01 -9.588255163430362549e-01 -7.910984559509301114e-03 -4.875558961183116224e+01 9.588558124322302811e-01 2.838934890862840899e-01 1.334893843821701993e-04 7.569004998582344967e+01 2.117883980794606647e-03 -7.623389243649556640e-03 9.999686987617385503e-01 -1.011063952319555481e+00 -1.691788600204369239e-16 1.434642789069450671e-15 -1.451349079812386184e-17 9.999999999999030775e-01
2.834476163687844608e-01 -9.589614035328369868e-01 -7.104597717587530017e-03 -4.850835401018265713e+01 9.589744695297134358e-01 2.833969751417005356e-01 7.356716034606352629e-03 7.654793221493491728e+01 -5.041385231185356239e-03 -8.898371451742872681e-03 9.999477003422746479e-01 -1.008889564679473771e+00 -1.759872989309591394e-16 1.461773855123560055e-15 -1.463322002409295791e-17 9.999999999998996358e-01
2.832514786105363447e-01 -9.590184371732828339e-01 -7.227518674665858386e-03 -4.825582785018244181e+01 9.590048005653759589e-01 2.831617902167593570e-01 1.136631223752083975e-02 7.739922656123006561e+01 -8.853945871719290719e-03 -1.015074985279368694e-02 9.999092808446471414e-01 -1.015344364796750609e+00 -1.821962197953904576e-16 1.489080267324321546e-15 -1.475229097745456587e-17 9.999999999998959721e-01
2.831327917894257973e-01 -9.590554591910592785e-01 -6.960489126259556888e-03 -4.800406355726183705e+01 9.590376777030564792e-01 2.830438753172340172e-01 1.152811308979781284e-02 7.825289193151721179e+01 -9.085975976554493128e-03 -9.939358170490165956e-03 9.999093229883557754e-01 -1.023966851205867057e+00 -1.890097579333623485e-16 1.515312880450644719e-15 -1.483856283004536769e-17 9.999999999998920863e-01
2.839200381285100772e-01 -9.587957983793364836e-01 -1.000144783280199068e-02 -4.775815889970427008e+01 9.588279449100853835e-01 2.838312693737314318e-01 9.422451129250046520e-03 7.910387709435131853e+01 -6.195482919211079201e-03 -1.226489035551723943e-02 9.999055897709903107e-01 -1.035091998501309174e+00 -1.947417673586516687e-16 1.542722465552502500e-15 -1.493540809507976616e-17 9.999999999998883116e-01
2.842305285879382359e-01 -9.586729870245187524e-01 -1.261390374214034667e-02 -4.751075518363372652e+01 9.587487391966652561e-01 2.841526945750023070e-01 7.622417901069051226e-03 7.995281872208953189e+01 -3.723131400138058721e-03 -1.426008817824924758e-02 9.998913881902478096e-01 -1.040912746397089084e+00 -2.002416283489449433e-16 1.572500740243798723e-15 -1.495491886930789661e-17 9.999999999998844258e-01
2.835286373817442751e-01 -9.588809605760334476e-01 -1.260219142589875073e-02 -4.725845977737007075e+01 9.589591534250841987e-01 2.834620128337201894e-01 6.828568121779048788e-03 8.080573726338499796e+01 -2.975541412278751453e-03 -1.402108143590185228e-02 9.998972724375014831e-01 -1.045016130600494586e+00 -2.063064724292237327e-16 1.603404445899756773e-15 -1.489151047437710133e-17 9.999999999998804290e-01
2.824621640492353536e-01 -9.591982705642979612e-01 -1.240175901136576948e-02 -4.700560891695236876e+01 9.592687621688871236e-01 2.823776353850471765e-01 8.143277068621107909e-03 8.166868622094256125e+01 -4.309037896713000665e-03 -1.419678767878949401e-02 9.998899356485593248e-01 -1.048385188214039587e+00 -2.109182141918650876e-16 1.634740283702579562e-15 -1.487148625928965910e-17 9.999999999998764322e-01
2.822894209062339899e-01 -9.592267341586246943e-01 -1.402694974996942547e-02 -4.675711902696998834e+01 9.592983914116663957e-01 2.821328043626950000e-01 1.215224002113815538e-02 8.252248697019517465e+01 -7.699290838587717622e-03 -1.688647912982346733e-02 9.998277690394694606e-01 -1.046886754447065249e+00 -2.153668248187201503e-16 1.667073465582702616e-15 -1.481163914221772067e-17 9.999999999998722133e-01
2.818901158486987191e-01 -9.593544818167467625e-01 -1.330190980294141886e-02 -4.650742543138936469e+01 9.593990902510608487e-01 2.817109282700809292e-01 1.386861632432583556e-02 8.337038895499011915e+01 -9.557625869001539279e-03 -1.667126602585386821e-02 9.998153432889965719e-01 -1.059232814726399630e+00 -2.219702758275718734e-16 1.701462946480966546e-15 -1.464085046211571378e-17 9.999999999998675504e-01
2.812498952475246949e-01 -9.595608791664956838e-01 -1.189182895718572316e-02 -4.625437224222203980e+01 9.595937800703832066e-01 2.811021006518784060e-01 1.270378917660817605e-02 8.422300164568360969e+01 -8.847241010607515346e-03 -1.498426447612836998e-02 9.998485876090684732e-01 -1.062572002667611093e+00 -2.289482421158908789e-16 1.737720055017995844e-15 -1.447802589814241467e-17 9.999999999998631095e-01
2.805430873412341208e-01 -9.597440420873921685e-01 -1.367295952833700451e-02 -4.600999100339830505e+01 9.598130636718983366e-01 2.803968098108712836e-01 1.168382868600108607e-02 8.507224497362103932e+01 -7.379630737753246385e-03 -1.640130254587583714e-02 9.998382560815529674e-01 -1.077799488030685815e+00 -2.366050331645206691e-16 1.773247921690738117e-15 -1.442090221271233623e-17 9.999999999998585576e-01
2.799329708076126466e-01 -9.599252585780424507e-01 -1.345473144118416661e-02 -4.576390122725682374e+01 9.599961302368891225e-01 2.798007597198773899e-01 1.090709817018135214e-02 8.594075252015372257e+01 -6.705354952289508709e-03 -1.596974651056618649e-02 9.998499914540022182e-01 -1.090567968140144561e+00 -2.441424540925785870e-16 1.807513223785911385e-15 -1.431475889934779523e-17 9.999999999998537836e-01
2.783586185362646459e-01 -9.604385227958736060e-01 -8.621102928554837466e-03 -4.551444158176300903e+01 9.604620661829276207e-01 2.782926040080425656e-01 8.114553479030421276e-03 8.678044178794256425e+01 -5.394340573149245151e-03 -1.053899822797998639e-02 9.999299128465636288e-01 -1.092152267995811110e+00 -2.515338776576498178e-16 1.841838625862175092e-15 -1.420073369222450711e-17 9.999999999998491207e-01
2.768926969299244645e-01 -9.607981880881870662e-01 -1.404550293732361073e-02 -4.527170793406708782e+01 9.609002023077408694e-01 2.768460210596816462e-01 5.204020415688680699e-03 8.763077713174855887e+01 -1.111571784196056832e-03 -1.493728186174895188e-02 9.998878147162036933e-01 -1.094686959391577563e+00 -2.599318980733625642e-16 1.876784220604237209e-15 -1.424404478688330715e-17 9.999999999998444578e-01
2.765878566290114193e-01 -9.607478272739848890e-01 -2.151208853436379839e-02 -4.503842536191503143e+01 9.609790843356628143e-01 2.766156037509148735e-01 1.734136970515728600e-03 8.848067236762690868e+01 4.284511031250783607e-03 -2.115230836965825006e-02 9.997670842826548165e-01 -1.103455342842440068e+00 -2.685633110881211718e-16 1.907829008499710273e-15 -1.410267274287611022e-17 9.999999999998392397e-01
2.749564836800415524e-01 -9.611842074783913947e-01 -2.288779971640833230e-02 -4.480483239004289686e+01 9.614422328180302069e-01 2.750049013254485808e-01 1.066396262099039358e-03 8.932227358658688843e+01 5.269253856517177280e-03 -2.229850983005294759e-02 9.997374712504917271e-01 -1.106430457081982066e+00 -2.775378793765540133e-16 1.940047204433325861e-15 -1.369671967616365588e-17 9.999999999998337996e-01
2.738936266354092264e-01 -9.615238682305541351e-01 -2.131037566213938791e-02 -4.456584847293102314e+01 9.617574386518957796e-01 2.738767085648567412e-01 3.765329142900762822e-03 9.018096554363498285e+01 2.215961701975391676e-03 -2.152671196793518732e-02 9.997658176716922585e-01 -1.094824702046775844e+00 -2.832799457113284016e-16 1.972331621202689790e-15 -1.330278588580385181e-17 9.999999999998281375e-01
2.731772697307272013e-01 -9.617842677237589122e-01 -1.857960335787681508e-02 -4.432848358601665950e+01 9.619620015968863846e-01 2.730894266054251229e-01 7.160486028379210201e-03 9.102769344920511685e+01 -1.812949583803364923e-03 -1.982895445817848754e-02 9.998017432361544499e-01 -1.086373908006197153e+00 -2.889896798575819578e-16 2.004512113216700959e-15 -1.299406334667860085e-17 9.999999999998225864e-01
2.720342850597043394e-01 -9.620924355036175601e-01 -1.937764944882407539e-02 -4.409467482104695790e+01 9.622781506448899735e-01 2.718874150940155943e-01 9.899207295379363475e-03 9.189638132306589569e+01 -4.255413437141634947e-03 -2.133961245469732232e-02 9.997632281675008503e-01 -1.089938613842170723e+00 -2.947399949291191554e-16 2.037760159689629554e-15 -1.284328653305954248e-17 9.999999999998170352e-01
2.711969589304384365e-01 -9.623655003863953450e-01 -1.746004388037528457e-02 -4.386410097894625437e+01 9.625099172267553849e-01 2.710507150124542020e-01 1.030384061966644477e-02 9.274461757233515868e+01 -5.183503355936415653e-03 -1.959983563141441676e-02 9.997944677459005280e-01 -1.099466316790194353e+00 -3.013313558129143689e-16 2.073953236087540127e-15 -1.263108346874707054e-17 9.999999999998112621e-01
2.700331052995840753e-01 -9.627447196838953003e-01 -1.430827601117597853e-02 -4.362804305371590630e+01 9.628290408286565016e-01 2.698966699544785852e-01 1.077152192532233703e-02 9.359861674826315436e+01 -6.508469808371645030e-03 -1.668509118203085825e-02 9.998396109137286381e-01 -1.111167829664885254e+00 -3.073502317264168775e-16 2.112046943151325996e-15 -1.240549837190846316e-17 9.999999999998055999e-01
2.691266568510950474e-01 -9.630040628914930956e-01 -1.392901381981046828e-02 -4.340023587501095648e+01 9.630676070483933371e-01 2.689610291461596581e-01 1.267868506023629022e-02 9.444835271248192043e+01 -8.463263333177808642e-03 -1.682675413149941138e-02 9.998226010239281702e-01 -1.115143520365212249e+00 -3.162328356171747418e-16 2.153592055899779856e-15 -1.231258308596677898e-17 9.999999999998000488e-01
2.687384647291237161e-01 -9.630268185468761066e-01 -1.894688190364315905e-02 -4.318122145631949138e+01 9.631760942859958208e-01 2.685035024374654578e-01 1.405989242228654866e-02 9.530284011235143282e+01 -8.452749317166621812e-03 -2.202761761465206122e-02 9.997216287998834661e-01 -1.113708765017566549e+00 -3.234617371545626581e-16 2.194645594619627719e-15 -1.224467091690540389e-17 9.999999999997944977e-01
2.681568957455877089e-01 -9.630816662636805248e-01 -2.378199676667564627e-02 -4.296720562772114960e+01 9.633473772403842172e-01 2.678796227854024492e-01 1.422457242105618948e-02 9.615339910196664164e+01 -7.328712586237377466e-03 -2.672474139443582752e-02 9.996159653428431380e-01 -1.118779263186325590e+00 -3.269211701886466010e-16 2.234170496224723204e-15 -1.196350269943699360e-17 9.999999999997890576e-01
2.684939083609654831e-01 -9.629258360486555590e-01 -2.616974287974950866e-02 -4.274223558074086071e+01 9.632682673834342957e-01 2.682493903187152529e-01 1.251038152469160364e-02 9.700271081005496399e+01 -5.026552016679083565e-03 -2.856744411227776087e-02 9.995792289312431800e-01 -1.128650590450761548e+00 -3.328279130783381455e-16 2.271858337058093635e-15 -1.148517040984537590e-17 9.999999999997835065e-01
2.702615048867345604e-01 -9.623869018652309038e-01 -2.775193856174841892e-02 -4.250744064650925225e+01 9.627746845133613451e-01 2.700002432113343120e-01 1.283649197241483464e-02 9.784490243372556506e+01 -4.860641578910991807e-03 -3.018807353133269589e-02 9.995324178729569908e-01 -1.141585001088127660e+00 -3.417302018700884006e-16 2.308954227411388247e-15 -1.101289961737234959e-17 9.999999999997774003e-01
2.714972266796618072e-01 -9.620521830316320910e-01 -2.729199568833228645e-02 -4.226406025204862260e+01 9.624085088855737213e-01 2.711528435643865698e-01 1.568430590535579983e-02 9.869440276256904099e+01 -7.688818498166621711e-03 -3.052429443059876540e-02 9.995044519754052725e-01 -1.154469465522570237e+00 -3.512040375436850266e-16 2.343054711998889146e-15 -1.057281221546882209e-17 9.999999999997710720e-01
