1.0 0.0 0.0 0.0 0.0 1.0 0.0 0.0 0.0 0.0 1.0 0.0
0.9999508154075644 -0.001704857046145316 0.00977037502859853 0.011147984303534031 0.0016917115042662982 0.9999976529968359 0.001353555690163592 -0.0070106107741594315 -0.009772659716453148 -0.0013369604602417563 0.9999513526461146 0.3284907042980194
0.9998220724368718 -0.004682432610123742 0.01827288408791836 0.028904287137709365 0.004650697144096522 0.9999876032593831 0.0017788602049899072 -0.016887710994563158 -0.01828098695674669 -0.0016935620468863989 0.999831454477944 0.6462796365761101
0.9996729731579725 -0.00894395957985088 0.023957302113008422 0.050094976974550835 0.008897102452605787 0.9999582945302401 0.002061739101280266 -0.025943931842442793 -0.023974743073655665 -0.001847914285865424 0.9997108566517344 0.960338325350518
0.9996407904760403 -0.010456420348260624 0.024676978946739567 0.062430282146251265 0.010437624608306667 0.9999451301241802 0.000890355812280373 -0.03282373912787636 -0.024684934858601872 -0.0006324669452797344 0.9996950805003443 1.2909933920308776
0.9995965144333956 -0.013821580449106655 0.024814758642700937 0.07671254297956391 0.01383116762464218 0.9999043217655239 -0.00021474814732089532 -0.04006950085534883 -0.024809416251610556 0.0005578785858952311 0.9996920433997352 1.6235230467624397
0.9997070917615619 -0.015224815008623346 0.018813178614831217 0.08336179514988269 0.015250562532505544 0.9998829519403664 -0.0012258717148664062 -0.0501721635408503 -0.01879231289869566 0.001512424203842533 0.9998222649796039 1.9920395434812324
0.9998794855678865 -0.015315743073775374 0.0025381793862827825 0.07198747547044426 0.01532409239024481 0.9998771224758842 -0.0033033531087603364 -0.06357891538188523 -0.0024872741935883036 0.0033418503024547756 0.9999913227141735 2.336169733883576
0.9997562369473525 -0.013792789236265517 -0.01724023346574263 0.05372805711580937 0.013750527319332361 0.9999021606831987 -0.0025675006350885047 -0.07328774815312407 0.0172739596882026 0.0023298124720336584 0.9998480796053647 2.700374945215039
0.9993504927367907 -0.012428338552869735 -0.03382497697780578 0.027532800512868428 0.012371500244502892 0.9999216854852623 -0.0018891474300664506 -0.08603502361092673 0.033845806954984896 0.00146945470413812 0.9994259862813446 3.0599522194076267
0.9986383285947729 -0.011849725113099986 -0.05080425844535547 -0.004438163846371666 0.011788942102092213 0.9999293890452066 -0.0014959170409610005 -0.09149525183194337 0.05081839731388647 0.0008949516321497069 0.9987075095121815 3.402338230834582
0.9973907898771611 -0.01698123886351463 -0.07016587343483445 -0.03350929090540332 0.016936900099222954 0.9998558077465525 -0.0012268376087695612 -0.10619510301220624 0.07017658928191002 3.5244142921167336e-05 0.9975345833977931 3.842937661153548
0.9958605374773895 -0.02014025515346071 -0.08863498190668596 -0.07215771932597873 0.020140056961900712 0.9997967664155933 -0.0008966440179905054 -0.1193945513485885 0.0886350269409134 -0.000892181190735783 0.9960637710568067 4.245238206004809
0.9941902083186636 -0.02233537395500795 -0.10529463781970212 -0.12649216313650083 0.02232759012533569 0.9997499232913082 -0.0012528360700241722 -0.13316388164320406 0.1052962886453616 -0.0011054181621875118 0.9944402795785171 4.6736847128381305
0.9925089129796267 -0.02507174489199568 -0.11957200869798267 -0.17748320733070463 0.025144941316716247 0.9996834137472544 -0.0008967746733336686 -0.14892485560153673 0.11955663754965114 -0.0021165742856145992 0.9928251258560669 5.109754623139965
0.9910491640544795 -0.02569821655983508 -0.13100059577178014 -0.2403789877792859 0.025754466120600786 0.999667498211163 -0.0012651067454450158 -0.16539555987357274 0.13098954882646308 -0.002120067423069864 0.991381482282356 5.5574152342563234
0.9891685562537564 -0.027433899058211413 -0.14419760227314118 -0.31032597986556437 0.027430599594139175 0.9996216867501081 -0.002011363909107028 -0.1756206951225293 0.14419822996405038 -0.0019658487563171583 0.989546868982921 6.001023916572066
0.9870854578839914 -0.029207391630007233 -0.1575094508533454 -0.37723348965670783 0.02903277039228236 0.9995726442531432 -0.003409853974646273 -0.18977169506212826 0.15754173122477755 -0.0012071184493583948 0.9875115927358773 6.40835695270804
0.985505521541249 -0.030320692514511513 -0.1669117210298659 -0.45158518682780024 0.029652757734688034 0.9995391710561123 -0.006493033435010538 -0.198180990324893 0.1670316765480106 0.0014495274749763793 0.9859504642220422 6.843712186133818
0.9846033385257069 -0.032006217160613706 -0.1718483861637924 -0.5394440688782038 0.031311712122814306 0.999486867550298 -0.006751168671504327 -0.21477259567826001 0.17197628455101094 0.0012663560165824305 0.9851002760604979 7.346913538590142
0.9837106135611335 -0.03329156012838422 -0.17664965550885325 -0.6331141414935848 0.032122291574639694 0.9994390292134885 -0.00947550889366139 -0.22791542044644844 0.1768660146867458 0.0036467669267725832 0.984228181845963 7.852053574777672
0.9821381928859496 -0.0364248819683003 -0.18460172818345222 -0.7295562719775565 0.03502417593431028 0.9993276319863363 -0.010843940644645157 -0.24064564681817519 0.184872597144207 0.004184724862819338 0.9827535860544996 8.371990177380688
0.9806213919762033 -0.04043909820077869 -0.19169341390710615 -0.8247587847380856 0.03882402760613955 0.9991718847524385 -0.012175368606231227 -0.2584333064181195 0.19202703059489062 0.004497116517021209 0.9813793331143372 8.871966237512177
0.9793421004325923 -0.042611012610654475 -0.1976698052930015 -0.9471335018268786 0.04075919747159722 0.9990787470576231 -0.013429259072692643 -0.2792436310348033 0.19805993573095448 0.0050949761593946374 0.9801766693184375 9.4796358155579
0.9783641000425213 -0.04331540308853569 -0.2023053721562164 -1.0651618637005507 0.04035990293214093 0.999009951750928 -0.01871348545613065 -0.297247158782779 0.20291566224245905 0.01014357717407053 0.979143677842439 10.052025416312977
0.9770052355525 -0.04085890030625321 -0.20926375694029756 -1.1944263698252635 0.037103441054089886 0.9990726991658246 -0.021842079650516717 -0.3151214249843356 0.20996214983884584 0.013575420703517825 0.9776152635816263 10.613645891428476
0.9744709719610419 -0.04189385014827683 -0.2205702385297166 -1.3220345715654094 0.037174353930075885 0.9989832317817694 -0.025506274301299092 -0.33486784398154856 0.22141452575471152 0.016655567795946923 0.9750375376600692 11.139925164843559
0.9721060218637556 -0.04313863667203959 -0.23054053934677435 -1.447324169567469 0.037977092486667315 0.9989196564295166 -0.026781718484740077 -0.3607420749169617 0.23144680318052133 0.01727941043017707 0.9726940933678495 11.683262621032572
0.9693558337278557 -0.042686392605561285 -0.24192382996327183 -1.5988486302665348 0.036488744894519795 0.9988823715526546 -0.030042957533633233 -0.38657480484076107 0.24293587448912696 0.02029481923223059 0.9698300269627327 12.240496828914706
0.967451725888564 -0.0432101958251259 -0.24933920079280245 -1.7474245524820764 0.03611621331570778 0.9988039661288876 -0.032958403798404395 -0.4124213081513198 0.25046512174547075 0.022880476873497587 0.9678552095055686 12.807792205027047
0.9652438231926346 -0.04516947887172823 -0.25741810341722815 -1.9071959319193017 0.03644683896040146 0.9985914261566874 -0.03855893587935191 -0.44084039082070864 0.2587971980494782 0.0278366985256856 0.9655304907132294 13.373709362293548
0.9640345466552687 -0.04713465686082473 -0.2615639825698164 -2.0760638738647765 0.036299408023326055 0.998276830744334 -0.04610555472179782 -0.4719708753343828 0.2632864330578524 0.03495272981701014 0.9640843121045028 13.97083084859408
0.9633035578780311 -0.04715552015330897 -0.2642396872133288 -2.241244887700169 0.03455335419968336 0.9980417562745582 -0.052141331455447776 -0.502158526748388 0.26618099311009824 0.04109756259763485 0.9630465561204482 14.53686296347971
0.9627960832346877 -0.04940031776252343 -0.26567519777522763 -2.4161200034847274 0.03478932612133763 0.9976263060233314 -0.0594260575696052 -0.5432456725903734 0.2679802322858308 0.04797251437234168 0.9622293037362913 15.154133116201704
0.9619062785068115 -0.050353240899072296 -0.26870218179266153 -2.6086792184897343 0.03381327311732574 0.9972574622518963 -0.06583476698524203 -0.5906622737157219 0.2712802497976395 0.05424117544696068 0.9609708221147314 15.81458005169273
0.9617260737249951 -0.04999042005753129 -0.26941402528446273 -2.8064457147323254 0.03166859390462917 0.996906717395321 -0.07193119609869855 -0.6415850823667363 0.2721765222748083 0.06064614344339889 0.960334309502599 16.48917311902891
0.9613004270286952 -0.04986378457233222 -0.2709521950133872 -3.0142582679991183 0.030486539848297384 0.996697651397365 -0.07526195976092581 -0.6905624637897084 0.27381026255881413 0.06408895916693519 0.9596460521621357 17.18265626738283
0.9603894647325646 -0.05066899835663806 -0.27401592770536726 -3.209803106098274 0.030147970943560087 0.9964509245888671 -0.07859169634241439 -0.7413012270517062 0.27702558704690855 0.06721761295618153 0.9585085375883664 17.83914666506581
0.9597886124288184 -0.04837199778682595 -0.2765248077154651 -3.410530302753508 0.026130318088806063 0.9961600165124809 -0.08356092375286413 -0.7937829928322586 0.279504965838787 0.07297514187698072 0.9573670156943435 18.492117860485685
0.9593085297345048 -0.04704261766828913 -0.2784136076084247 -3.625292312452202 0.024052056213004273 0.9960541966383257 -0.08542561648069084 -0.8507971940089343 0.28133368687476656 0.07525310280709206 0.9566547585975601 19.201782843237968
0.9583370633941936 -0.04599932260746066 -0.281911573449279 -3.843206814135026 0.02187880170189864 0.9958695582121264 -0.08812003780340374 -0.9095453070133913 0.2848006161529193 0.07828081084173225 0.9553851179984324 19.90251759230247
0.9574779427599006 -0.04289628780427263 -0.2852996628474729 -4.071626028642272 0.019027699651574546 0.9961208272575083 -0.08591416734035742 -0.9727975544633415 0.28787833502060933 0.07683232390361805 0.9545799381033165 20.629983270655913
0.9565884294119542 -0.042759269407079976 -0.28828843472283694 -4.287206959597718 0.018712448639629883 0.996148779054072 -0.08565894147718045 -1.0375037920553176 0.29084088602031155 0.07654576976459618 0.9537045266486186 21.325493924793374
0.9556127475371222 -0.04143539880685293 -0.29169741937540283 -4.518473438291196 0.017766421538390774 0.9963636893045446 -0.08332918397030721 -1.097490428821058 0.2940894948995506 0.07444801112960743 0.9528740014443532 22.064247007383024
0.95329075758639 -0.04139557564422293 -0.29920417413106065 -4.785617367505134 0.017478864547477962 0.996464716045864 -0.08217395554411867 -1.1714994688434153 0.3015480406079561 0.0731059231028464 0.9506441517270189 22.90657789583329
0.9507345571640375 -0.04141695604724453 -0.3072270130797131 -5.031334513575772 0.018941209982608082 0.9969444753402961 -0.07578221198181401 -1.2400751728467503 0.3094269419079346 0.06622951638236882 0.9486140515411214 23.666184811007245
0.9485565202092042 -0.042117823339180654 -0.3137939083630773 -5.258465540313855 0.020175144580326057 0.9971387891353911 -0.07285052328411318 -1.2971665606030645 0.31596438329306786 0.06277200139214734 0.9466922331631625 24.34608590565917
0.9457362158045175 -0.03948139827420113 -0.3225278736885619 -5.529420859389933 0.01759326392733112 0.9973565693961968 -0.07050071309307832 -1.3608147805021251 0.324458760368917 0.061000759606444105 0.9439308344085929 25.104605597343735
0.9432383367175433 -0.040319665140055826 -0.3296600745454569 -5.802126586064844 0.018194206731477605 0.9973860368437005 -0.06992899506377004 -1.428236698614807 0.331617868921044 0.059961805444885385 0.9415063307806566 25.881922310611618
0.9396006055068068 -0.041908032895058234 -0.3396975403356768 -6.080459203588831 0.01853350467109719 0.9972493066746752 -0.07176579645963886 -1.4921081200492232 0.3417706999376168 0.061135399857583435 0.9377927551161851 26.63967503183801
0.9364609964303752 -0.04201569942470508 -0.3482462967017476 -6.376294790586384 0.018452612246702207 0.9973264840431936 -0.07070633159282377 -1.5560062762197544 0.35028603064624436 0.05978766785796491 0.9347326524232499 27.423594964192294
0.9326965254119663 -0.04160389846420181 -0.3582545283970959 -6.675341454486371 0.01748509040299588 0.9973724414870754 -0.07030280631460994 -1.617403004703803 0.36023806447687373 0.059307070360041264 0.9309732586424085 28.19365789030533
0.9301194153091352 -0.043518577704263664 -0.3646697227075348 -6.970487103333237 0.019748411142870858 0.997444493567085 -0.06866208932179138 -1.6799063126454403 0.3667258833547538 0.056662294758503116 0.9286019119247904 28.953348932338173
0.926978880144045 -0.04227399304108165 -0.37272384586883534 -7.298430479063882 0.019354256128128997 0.9976960593226385 -0.06502296503394228 -1.7411735403976927 0.3746138926102708 0.053061122532802485 0.9256613574839018 29.756074104738754
0.9241732393893685 -0.0397845302379016 -0.3798960578241248 -7.645737906559551 0.01856009996622619 0.9980634395600715 -0.05937081187556264 -1.8051316254802756 0.38152240600756987 0.0478180067262245 0.9231219269126512 30.58470277468822
0.9211053860753431 -0.04024664555174629 -0.38722742060038223 -7.995438776031803 0.01968146411977268 0.9981841582547036 -0.056930011237051076 -1.8672962521108076 0.3888155188686471 0.044817337395039 0.920224917373858 31.41187720078165
0.9175962651642592 -0.04003287058892657 -0.395492684419084 -8.37108740064112 0.02014384519894102 0.9983205692977504 -0.05431635497359026 -1.9271938346755184 0.39700292147187527 0.04187374104885089 0.9168616417722851 32.282182369559116
0.9153668898610233 -0.042460801242941715 -0.4003754953839768 -8.736965043673722 0.02351403197940269 0.9983639860220662 -0.052119494569723444 -1.9896784743668912 0.40193351097691404 0.038294017443188215 0.9148677614725704 33.12315097993904
0.913387305479322 -0.042756154791173576 -0.40484014304006083 -9.11732281884805 0.024234864356346947 0.9984164238582841 -0.05076727213141107 -2.040367307405394 0.40636966119391 0.03655893594606507 0.9129770767459818 33.977534329603884
0.9110027369447882 -0.04264532388526131 -0.4101894557760185 -9.519514544841728 0.02477095484714739 0.998501622381478 -0.04879456831981328 -2.095267540178405 0.41165569724596995 0.03429120079958564 0.9106940762257416 34.86134788459205
0.909495533550308 -0.04363780518301885 -0.41341700063114206 -9.912247921771396 0.02568105755578015 0.9984736727413203 -0.04889589067882639 -2.1500964216333998 0.4149197003455699 0.03385360839361038 0.9092280107123156 35.72049339107001
0.9085897539400153 -0.04446137603280406 -0.4153165600797687 -10.316086832346341 0.02612391086234575 0.9984208013635298 -0.04973373790359012 -2.203496551979116 0.41687192315683574 0.034337871889160224 0.9083164152637807 36.60328530814727
0.9069428490389947 -0.04416822991455249 -0.41893177970076056 -10.7484952715966 0.025718257440842066 0.9984385479940958 -0.04958867928921132 -2.260084291754857 0.4204678820210147 0.03419990271414401 0.9066626312157711 37.52807675305164
0.9061994456524075 -0.04479903422450553 -0.420470701989831 -11.174564998325149 0.0259973305193445 0.9983935053002386 -0.050344288456295294 -2.3195394844987653 0.4220505935372412 0.03469085047752925 0.905908296345722 38.43922292242511
0.9055253833661014 -0.044090002480952316 -0.42199508499614646 -11.613622628111568 0.025910000788618028 0.9984762339135514 -0.04872250166960789 -2.3733760979476775 0.42350023841647255 0.033185569017884116 0.9052879464955613 39.37157546133562
0.9055972703056776 -0.0438465441339321 -0.4218661690422882 -12.055600461809666 0.026339657407912748 0.9985361995046815 -0.0472406681407075 -2.4321581865618027 0.423319981175634 0.03166920975107862 0.9054265595238539 40.30452203626757
0.9057202180875613 -0.04630031911306647 -0.4213397287195319 -12.49231622838739 0.028895123861809098 0.9984482481816911 -0.0476042804789983 -2.489725918253163 0.4228900074066911 0.030941495648087857 0.905652618547878 41.2382998992589
0.905840771512891 -0.04762448122843351 -0.42093278020683195 -12.92574399583203 0.03023661108790613 0.9983948581083559 -0.04789002665184836 -2.5442755012782468 0.42253786104306584 0.03065315792081818 0.9058267714605438 42.166430494371696
0.9057358932195825 -0.048613532280665055 -0.421045384979959 -13.384356870081628 0.03222274990901577 0.9984234063008193 -0.04596081090418301 -2.603281286877654 0.42261588484346657 0.02806111597684204 0.9058743774100844 43.15252553541057
0.9034762416347663 -0.048189545283156554 -0.42592070685389355 -13.844792016877014 0.03369590524577902 0.9985700017981732 -0.04150346345142849 -2.6583081625121774 0.4273116740403721 0.023145609393558468 0.9038080625855336 44.13214971161501
0.9014911486048498 -0.04852377871678606 -0.4300687757628459 -14.292807212880621 0.03460081396057855 0.9985947663881246 -0.040140705219420245 -2.713513622134635 0.43141220736132874 0.021305760753639835 0.9019033051820659 45.06515291665298
0.8987091469343796 -0.04983161891894206 -0.4357048071485983 -14.757133042360682 0.035898582162817945 0.9985482726386382 -0.04015767683882648 -2.7684707007577467 0.43707340460748617 0.020448886676529526 0.8991933507419366 46.02154421455365
0.8950962384509558 -0.05152447340473718 -0.4428859362762767 -15.241779907139927 0.0362730228019107 0.9984230505048503 -0.042844836764788743 -2.8273016407539684 0.44439508517507453 0.022285440560012665 0.8955536652882866 47.00288910776751
0.8904269276424035 -0.05511464254519405 -0.4517767841605247 -15.732789928123976 0.038031411903374696 0.9981793084207047 -0.046815381547088204 -2.8819148615698746 0.4535344509934671 0.024503967390589708 0.8909018225058107 47.96484534492489
0.8844880290736643 -0.05573887759856757 -0.46322144159077605 -16.24547764031151 0.037976286399332974 0.9981446540302997 -0.047592555111584056 -2.940096577420575 0.4650147611600095 0.02450361513706152 0.8849637533529349 48.93724905575353
0.8785777396817802 -0.054135707293628405 -0.47452131725716257 -16.753680167091673 0.036709018666860174 0.998270373306763 -0.04592068952544172 -3.0010121210469984 0.4761865215271955 0.02292568371487513 0.8790453968607284 49.86088592058427
0.8738733536648684 -0.05169907137322559 -0.48339690501042953 -17.296781363945108 0.035854538397995045 0.9984753446343586 -0.04196949170011393 -3.0610429724915886 0.48482967507237307 0.019344047571420005 0.8743946443070041 50.83742759754221
0.8702619169290433 -0.050864401717181956 -0.48995612924111925 -17.830991960932355 0.03437494642637255 0.9985006080419183 -0.042601629054576776 -3.1208424664964736 0.4913883993351606 0.020232359671399667 0.8707055142934126 51.773733710508054
0.8681918198371767 -0.05346442297342591 -0.4933401660557649 -18.34762545136011 0.03501080174368998 0.9983010464016026 -0.04657536381746563 -3.1742965479529675 0.49499212895668865 0.023164115126286605 0.8685886345338286 52.676595872951474
0.8665783337675182 -0.05690618903659559 -0.4957859186120993 -18.89389039248973 0.03593027033749963 0.9980135211769495 -0.05174965914342698 -3.235963749358912 0.49774592626980496 0.02703141130828965 0.8669015490149363 53.628104220127284
0.8639374069829545 -0.06029999573737962 -0.499976066756841 -19.42775502955776 0.03788473555777273 0.9977743120530194 -0.05487411975459614 -3.2987655861490937 0.5021721852385761 0.028466343656959665 0.8642990013019323 54.54901419658709
0.8628585632318105 -0.06009404575770425 -0.5018603446398279 -19.97838483448773 0.03899048674682646 0.9978621135942709 -0.052449444195533684 -3.36754025155391 0.5039393235309003 0.02568867294442824 0.8633569657340892 55.49295598165591
0.8594985403261832 -0.06027261507320996 -0.5075721338385287 -20.5014666460941 0.04123798664587388 0.997963033011104 -0.048674564206299994 -3.4308029958837856 0.5094719694296787 0.02090446400927697 0.8602332914680353 56.386678992766015
0.8561908149716135 -0.05966879893967526 -0.5132026137806986 -21.020342480805713 0.04164389759163563 0.9980468490919426 -0.04656471637433695 -3.488572747411784 0.5149787123285987 0.018496525369422444 0.8570033864563411 57.24667852587226
0.8536687803092515 -0.060612724715153485 -0.5172772091711754 -21.5775840013129 0.041656613735500586 0.9979690618102206 -0.04819209688029226 -3.547705704309059 0.5191477054340182 0.019592071667722987 0.8544599526428144 58.162234688373026
0.8511974132993418 -0.06231997062698553 -0.5211325981490325 -22.148042792217034 0.04278896311800496 0.9978601095249144 -0.04943992773266953 -3.6113134296341953 0.5230985263100971 0.01978441507796565 0.8520425509868784 59.090228886433636
0.8482211040658092 -0.0633117212185652 -0.5258446391984255 -22.69456261729449 0.042675871822660166 0.9977714253319053 -0.05129281387596016 -3.675964338776724 0.527920191488785 0.02106676879544399 0.8490326628999404 59.97195282990707
0.8459140582134017 -0.06526216448115257 -0.5293111145670087 -23.269237779404087 0.04358533917798769 0.9976243343804396 -0.05334796772816054 -3.744643572137845 0.5315352521946911 0.02205759141928409 0.8467489228426018 60.89630187630116
0.8433510439209629 -0.06697099755958189 -0.5331734260100525 -23.82342103224749 0.04517529603676982 0.9975270957680178 -0.05384130233022362 -3.8093631228107374 0.5354607449154538 0.021320851167315344 0.8442909521960358 61.76425454931826
0.8409678726107874 -0.06667513757796371 -0.5369613238078196 -24.397238899182334 0.04503923955040583 0.9975607340219236 -0.053329624397348056 -3.8745070771644405 0.5392072923627865 0.020664171084286732 0.8419195257839028 62.65497810727162
0.8375288002244698 -0.07012980839327093 -0.5418738956337383 -24.981932034569358 0.047660953449527046 0.9973255476873679 -0.055409254158252895 -3.9453798263660755 0.5443105201177381 0.020580619641180777 0.8386313229210693 63.55900109122134
0.8337068725716756 -0.07206786220311068 -0.5474843138065507 -25.56547048421784 0.047962963365524726 0.9971508340408333 -0.058221716883551 -4.014314809776929 0.5501203548060675 0.022280875412435796 0.8347880915651004 64.4486680478756
0.830157513920414 -0.07393601587102169 -0.552604711922182 -26.18486987919462 0.048545434784244376 0.9969891510716061 -0.060464645927409424 -4.09093097928416 0.5554114176383902 0.023368744139091863 0.8312472910959021 65.3767806818749
0.8271378194064273 -0.07617840494346187 -0.5568122469269606 -26.800377517625623 0.049889267619078415 0.9968119466828713 -0.062265591836394976 -4.169880431049399 0.5597803932650846 0.023723270655086864 0.8283013447685649 66.2969770253125
0.8238799365985863 -0.07811898262678987 -0.5613548562394957 -27.426990963463417 0.05041341125201451 0.9966303497777467 -0.06470265734745 -4.248340479162506 0.5645177924886378 0.025007408007259976 0.8250419937848701 67.21187763785457
0.8192538923184731 -0.07796821963602142 -0.5681056386340667 -28.083343786807436 0.0505750905594317 0.996676951669129 -0.06385306747868986 -4.330276087329973 0.5711963061294575 0.023579879947149083 0.820474721807894 68.15493045604165
0.8143845405159851 -0.07834161761251936 -0.5750134008163825 -28.72794968331137 0.05152667549559074 0.9966941050426699 -0.06281610212010734 -4.410446802715173 0.5780335819664286 0.021527933552607015 0.8157289538786855 69.0688617222462
0.810316445960617 -0.0766462666375748 -0.5809583523939359 -29.405790218923475 0.05045270890602161 0.9968529861330182 -0.06114448627414512 -4.493007858674359 0.5838165650011988 0.02023546016789983 0.8116333806479343 70.00938735906405
0.8061552299593832 -0.07879232008895118 -0.5864345790487927 -30.057966136311368 0.05230128259589888 0.9967037235348565 -0.06201824997995954 -4.5730265979567895 0.5893880903513052 0.01932505593143488 0.8076188588469743 70.90597238931862
0.8024442738828197 -0.08159745119973795 -0.5911218514573628 -30.72644457639014 0.055144254968137955 0.9965079220072159 -0.06269826569267473 -4.658897837412466 0.5941736265240012 0.017714890193467888 0.8041417065472665 71.8179356824049
0.7994483012687881 -0.081164733123528 -0.595226595252124 -31.402861509999106 0.054730418205471185 0.9965506682087605 -0.062380662193724026 -4.735777118887368 0.598236571033152 0.01729311393762731 0.8011329186151552 72.71848583318116
0.7972232322849182 -0.08012262661514472 -0.5983439500901445 -32.119307391776026 0.05457918406307333 0.9966603222751989 -0.060739728920252964 -4.818539825448302 0.6012123007492415 0.01576599843291743 0.7989337912000072 73.66452501240653
0.7950383952496994 -0.07999782283597111 -0.6012605911086203 -32.811058037120944 0.05391528519755821 0.996661261765404 -0.061314527791208044 -4.897715494664521 0.6041581681156424 0.016330267532941443 0.7966970755948926 74.56925347570028
0.792225499305648 -0.08027397657787876 -0.6049254887457556 -33.505804265690806 0.053644937477796154 0.9966334983617833 -0.061999117946605085 -4.980132597214065 0.6078659218387887 0.016666092149267626 0.7938647633190127 75.47171695149827
0.7894964670977701 -0.08201830731257137 -0.608250216363069 -34.16947358501157 0.054505279943234265 0.9964845125866886 -0.06362224951366928 -5.054944646480643 0.6113301095958299 0.01707669290145283 0.791191433005376 76.3327038654004
0.7862785478744931 -0.08384373729405904 -0.6121570655223572 -34.89598480875807 0.05427671380464945 0.9962929312123231 -0.06674154294684473 -5.141723056289765 0.6154836175650387 0.01925156962229718 0.7879145217446695 77.25574093176796
0.7842264483303742 -0.08210583395462777 -0.6150183003535278 -35.627609639392766 0.05224564612890682 0.9964240423905752 -0.06640421828918855 -5.234102465934902 0.6182711947031821 0.01994391578001307 0.7857117601408673 78.17968116844686
0.7809571176082271 -0.08100085569271949 -0.6193099723354188 -36.34498228333847 0.052221204383611594 0.9965510798156523 -0.06448946527133433 -5.3160429971162175 0.6223977235416073 0.018022394272260378 0.7824936210825749 79.0763127310999
0.7782206655065604 -0.0824840670049618 -0.6225503790608816 -37.07783639048558 0.05377546049425386 0.9964482034751043 -0.0648010620273177 -5.404024253047544 0.6256842619302146 0.016951592301559883 0.7798922027378429 79.9900416662021
0.7743193110497087 -0.08285028460835075 -0.6273479376516828 -37.823553941927855 0.0537406689392246 0.9964200741552686 -0.06526083298866053 -5.4966840629495755 0.6305089571429332 0.016818625411265328 0.7759997350526652 80.90785966067017
0.7717452902357195 -0.08266284324257897 -0.630536328331713 -38.55986600482896 0.05344911941787303 0.9964388668099445 -0.06521331416181511 -5.5800086922850545 0.6336816224512424 0.01662645655473424 0.7734152586482856 81.79977373037657
0.7682848557265756 -0.08348813848655048 -0.6346401430679008 -39.31545925268295 0.05458549724216219 0.9963914011725518 -0.06499691654398036 -5.673569548690528 0.6377764529613971 0.015293998870465897 0.7700696654501652 82.72106804371049
0.7663484274392847 -0.08447366391274033 -0.6368471463911045 -40.06339285233632 0.054785083833722686 0.9962994294870797 -0.06622719526789242 -5.760847183051844 0.6400849024548756 0.015863382642960056 0.7681403978052812 83.6158761675901
0.764752916124805 -0.08554179653948175 -0.6386200578774559 -40.84847121370472 0.055352850069287376 0.9962059928001167 -0.06715416516003435 -5.856848707989826 0.6419416167127772 0.01600690332113261 0.7665864202934031 84.55062500238826
0.7618126120386224 -0.08975677060266574 -0.6415491144642569 -41.616855291666646 0.058030457684722425 0.9958284693570272 -0.07041395883588912 -5.9481879797616966 0.6451930022247556 0.01641285316515952 0.7638433138616754 85.46110338587813
0.76030609829316 -0.09217131390547256 -0.6429922906156578 -42.361950093147364 0.05995046745938856 0.9956135571275222 -0.07183026044281707 -6.038730831854357 0.6467925311486153 0.01606529666146804 0.7624967723823796 86.33996545519733
0.7570588280852096 -0.09375321165321153 -0.646585080343614 -43.10879443078598 0.06195069904188559 0.9954926663809354 -0.07180850973246693 -6.13349873216474 0.6504029840848451 0.014306868507266136 0.7594545883771097 87.21987450246948
0.751718129160371 -0.09505353399993592 -0.652598406346319 -43.87387497002562 0.06316100826755798 0.9953862770472295 -0.07222774052039782 -6.23395147975839 0.6564530000893116 0.013076128638839144 0.7542535870206805 88.1108321255826
0.7443922697948466 -0.09529012681808097 -0.6609084205853867 -44.688601477475444 0.06381299931736095 0.9953870387403245 -0.07164177709891202 -6.3337983035872405 0.6646864296702609 0.011155036475142207 0.7470391658898746 89.03260349213625
0.7375782359860827 -0.09559392269802934 -0.668461029337434 -45.506744338405774 0.06507117200006636 0.9953838147813161 -0.07054646586422615 -6.43557532582442 0.6721191028189843 0.008535995231830754 0.7403938468215453 89.94579314541603
0.7300545266984556 -0.09487307421673692 -0.6767713704315214 -46.324308094499855 0.06499032445871918 0.9954667423663625 -0.06944222468536478 -6.532067871096549 0.6802915887866353 0.006713019526845193 0.73291083331807 90.8306251637567
0.7229369222773884 -0.09569991737439432 -0.6842541430072834 -47.16155460573593 0.06505677944767696 0.9953894117911019 -0.07048073738306854 -6.625722004698461 0.6878443296676903 0.006437756495772384 0.7258296862455458 91.71788597840572
0.713452915798557 -0.09676288525047498 -0.6939898277183468 -48.03007161493037 0.06604562648681271 0.9952962144276043 -0.0708760944751109 -6.725359839393507 0.6975836237760328 0.0047317633165484055 0.7164877516436793 92.61806723657578
0.7046121736248794 -0.09685729328971696 -0.7029511715021268 -48.907114796932674 0.06516569406038095 0.9952867278080721 -0.07181755890260647 -6.822504031760673 0.706594025659184 0.004795225301304384 0.7076029174028737 93.49895219558326
0.6967170597008523 -0.09923924819356991 -0.7104483868232611 -49.782072396143995 0.06864821138681673 0.9950629189714784 -0.07167433544409019 -6.920735131418043 0.7140537527351775 0.0011657212085529264 0.7000899080110168 94.3673294385816
0.6880450303178958 -0.0990689965718744 -0.7188736816528254 -50.6561370055083 0.0698649792390876 0.9950787924122569 -0.07026436911611911 -7.020410098463897 0.7222969755791364 -0.0018790448654331243 0.6915804712827177 95.21538377242902
0.6800496423868836 -0.10083985965453708 -0.7261981868569524 -51.531056859219 0.07095084132353237 0.9948988463609041 -0.07170957833668565 -7.110814705155957 0.7297249221487195 -0.0027582992215472654 0.6837352775602921 96.04014077252712
0.6720433316405912 -0.10032209704882382 -0.73368469879175 -52.446379193959764 0.06911955242916727 0.9949533277540392 -0.07273488202475636 -7.211833390121478 0.7372789484783939 -0.001830965562211559 0.6755859676574878 96.87973251361508
0.6655827354602257 -0.10098095998806525 -0.7394609306631231 -53.33076887878473 0.06793212710971308 0.9948882313693317 -0.07471702074596734 -7.308476824027065 0.7432259739565305 -0.0005027948809346386 0.6690402819215557 97.68363636503123
0.6577373990991681 -0.10182659389002138 -0.7463329408534897 -54.2495302301607 0.06831756732285177 0.9948012930829406 -0.07551885377570944 -7.411152892552029 0.7501428022859044 -0.0013160764666347233 0.6612745603162007 98.49696500626827
0.6502370405185454 -0.09998155600765586 -0.7531238142536538 -55.204467100781585 0.0661833211280372 0.9949886716966727 -0.07494872380337392 -7.523516718912739 0.7568431535940239 -0.0011097988913740947 0.6535956006616583 99.33527141654248
0.6443320246261256 -0.09805498390413087 -0.7584335581794615 -56.138532120252485 0.06461499479444985 0.9951799063536382 -0.07376893951845331 -7.622138133754303 0.7620112495815998 -0.0014744902592547446 0.647562106202613 100.13423831036027
0.6383846449730404 -0.09646793034149717 -0.7636484685234912 -57.112710373576036 0.06428644547264706 0.9953311641556104 -0.07199393439123877 -7.7259299481328005 0.7670282250289997 -0.0031324233854425343 0.64160571220384 100.94871533661468
0.6333523528935321 -0.09578248767759312 -0.7679130889225151 -58.108439026191014 0.06513597574852933 0.9953875881821895 -0.07043332986683878 -7.834344500975412 0.7711174370661799 -0.005409653143746557 0.6366699568107094 101.77506593761255
0.6291657224775642 -0.09594939129583281 -0.7713262655771836 -59.09954192856283 0.06548791365521615 0.9953667877400882 -0.07040093059800474 -7.936842108401693 0.7745074737046581 -0.006218695517332409 0.632534189591117 102.58854273776119
0.6253218499415654 -0.0978707681725358 -0.7742053324041215 -60.07021212456379 0.06716725112632056 0.995172671150212 -0.07155358112551569 -8.038197392343019 0.7774709926175974 -0.007257226265572778 0.6288769261987103 103.38347204044734
0.6202768126164279 -0.09863586117184944 -0.7781565669075168 -61.0184093089089 0.06686524598373539 0.9950999943486291 -0.0728357064007285 -8.137699638840704 0.7815278079569143 -0.006853330449220325 0.6238327638492662 104.13984356751303
0.6178947498703804 -0.10012597580894159 -0.7798595175099983 -62.034365899998164 0.06643068177481784 0.9949601285420069 -0.07510863552618954 -8.245932519009797 0.7834494512101933 -0.005397367875209218 0.6214320765928218 104.93945574884785
0.6141037938401309 -0.10089424222935998 -0.7827495654908543 -63.005855609743705 0.06672163628476895 0.9948812759095441 -0.07589117271514907 -8.3465285283855 0.7863998687961749 -0.005621274727392045 0.6176921948898157 105.70961610375083
0.6124767215557028 -0.09858206310130592 -0.784317437258071 -63.973259909254445 0.06684081578735747 0.9950984523687897 -0.07287918384641819 -8.447143485044336 0.7876576482820812 -0.00778761375066947 0.616063943251682 106.4667979039404
0.6096884542459923 -0.09736901530776093 -0.7866379495149782 -64.98285467622894 0.06909948578199976 0.9951771278549573 -0.06962575140722939 -8.55628788373576 0.7896234861146139 -0.01190626105690229 0.613476153671721 107.2530723048356
0.6073832340404944 -0.09658003501044925 -0.7885162673299079 -65.99440802312246 0.07023549241828715 0.9952238776452462 -0.06779682123463454 -8.656922024124073 0.7912980365268646 -0.014203175776588216 0.6112656437152252 108.03166683576593
0.6048330789278691 -0.09699763104103645 -0.7904229286951772 -66.97435866084064 0.07262820753140176 0.9951366891848057 -0.06654407042764383 -8.753868949002339 0.7930334735087856 -0.017158945501706917 0.6089363517510346 108.78829110820556
0.6036619436246617 -0.09948701542613836 -0.7910085913445537 -67.95915652095425 0.07658484168720328 0.9948311662712124 -0.06667617744896229 -8.849341510810428 0.7935534133522719 -0.0203293968690369 0.6081609127360122 109.54434091931124
0.6026256777895331 -0.10028650786939183 -0.7916974856648645 -68.96096120373119 0.07931835006540866 0.9946869266282103 -0.06562406066243312 -8.951182383652773 0.7940723467113101 -0.02324939427786937 0.6073784436857346 110.31711912078272
0.6024754397219636 -0.10171504662972636 -0.7916295811937167 -69.92555929654829 0.08205191598534223 0.9944843116519344 -0.06533327606444383 -9.04187492547776 0.7939085763581101 -0.02559302966221627 0.6074982874196009 111.06303716549638
0.6018794729763902 -0.10228146098622165 -0.7920098501585616 -70.89499601585558 0.08290411664743469 0.9944081007634993 -0.06541740272159588 -9.1361201970685 0.7942719984064476 -0.02628748512990426 0.6069933777834596 111.8025486944966
0.6006049725370937 -0.10321788966970741 -0.7928554308421235 -71.86263063076323 0.08624247263890555 0.9942099053030796 -0.0641007028851425 -9.23522107839636 0.7948810620947292 -0.0298786119050701 0.6060291788963479 112.55083066867716
0.5989209402772061 -0.1036068629559245 -0.7940776569365869 -72.8086360168914 0.08718181811432546 0.9941374232681248 -0.06395400103272755 -9.328174549513587 0.7960483891622093 -0.03092574342268466 0.6044423549901233 113.27056315626898
0.5979814887724336 -0.10454827845417138 -0.7946620643756521 -73.76224772488624 0.0891747303002791 0.9939790474862337 -0.063667265012974 -9.427520447465543 0.7965337447725467 -0.032791929352034524 0.6037041351589327 113.99702328331682
0.5987953015204259 -0.10620525114161752 -0.7938290946463277 -74.64889204079317 0.09134328185515941 0.9937573892801717 -0.0640519797585232 -9.516023374003021 0.7956761852267485 -0.0341569302046204 0.6047583917416984 114.67668596416452
0.6001768440717161 -0.1077320791141666 -0.7925790528205084 -75.57517879854429 0.0919643116750068 0.9936111160335515 -0.06541800572245335 -9.607341049668733 0.7945629749857827 -0.033626614820699396 0.6062498903566442 115.38050355197102
0.6015736657493554 -0.11093143486786837 -0.7910773296176796 -76.44688849185847 0.09336666909652606 0.9932872833602242 -0.06828643947875448 -9.692990335167865 0.7933421643772016 -0.032780931545971524 0.6078927707649399 116.0513870135634
0.6042247034843969 -0.11211289269144778 -0.7888873221135884 -77.3698915222777 0.09503501712109197 0.9931247519159208 -0.06834890381516398 -9.785275295847669 0.7911263193826801 -0.03367382402247624 0.6107251594258394 116.76259149306226
0.6072290941458871 -0.11283566811625345 -0.7864737371479892 -78.26732439676161 0.09284091272800307 0.993160044817176 -0.07080741700257548 -9.876492431657788 0.7890838942385004 -0.030020615908138884 0.6135514407724093 117.45065040702202
0.6112165060056123 -0.1126901137847297 -0.7833998474862478 -79.12451264984165 0.09204856468304709 0.9932161536971501 -0.0710544423300222 -9.967616969057588 0.7860925165183057 -0.028681183556893655 0.6174430703989588 118.12149576538786
0.6167401714134243 -0.11416016828561798 -0.7788446680448803 -80.0068219530887 0.09325908283391685 0.9930561120362289 -0.07170984462726065 -10.061240683125988 0.7816228658591796 -0.028407997544505202 0.6231040693508547 118.82492028399108
0.6225147801723062 -0.11237586882234102 -0.7744979099864955 -80.87797055660927 0.09127210216595358 0.9933086232662376 -0.07076285968740656 -10.156364743715418 0.7772674905289898 -0.02663912632493528 0.6286060810359785 119.52083407619345
0.628687300194781 -0.11010299784249669 -0.7698244010421418 -81.7062814567404 0.08841235206787032 0.9936276897467585 -0.0699090135128964 -10.24172882006392 0.772616033082167 -0.02411107701067194 0.6344155746746459 120.19000939788215
0.6370403297689853 -0.10911499255610058 -0.7630685006257988 -82.56015662685205 0.08784103504019375 0.9937578935411147 -0.06876919068735667 -10.339276422925527 0.7658090955394105 -0.02321997898811898 0.6426486300964948 120.89849082464885
0.6445454933147338 -0.11020682149762821 -0.756581498282278 -83.41226388019179 0.08997243021721286 0.9936143178156238 -0.06808486786799045 -10.43082382771956 0.7592536261674854 -0.02418768131059426 0.65034520619771 121.62551312792954
0.6545028521149461 -0.11089307108429419 -0.7478828406634924 -84.24321056926651 0.08898539499267222 0.9936084777850853 -0.06945352655987923 -10.523465396620214 0.7508046457310978 -0.021093118761800502 0.6601874463283148 122.34205288086817
0.6630779371624278 -0.11059577657867506 -0.7403352101929096 -85.09278060978366 0.08590463019324074 0.9937337320742317 -0.07150988917053458 -10.614768717321224 0.7436047631368309 -0.016181592652745137 0.6684236024404275 123.08678814067699
0.6726015441787845 -0.10895591384888152 -0.7319397322223121 -85.90390815974915 0.08303092857188983 0.9939670529777447 -0.07166144357482035 -10.704765388940347 0.7353319166667557 -0.01257403801857395 0.6775904853959382 123.81946208637385
0.681321681400074 -0.10869842861633904 -0.7238683706797215 -86.7271879908617 0.08276281514419141 0.9940106979206426 -0.07136559989746698 -10.797222226135707 0.7272902329081454 -0.01128645363502567 0.6862372279909914 124.58026325285842
0.6904655621960096 -0.10719479395632957 -0.7153786295172708 -87.51862903268074 0.08239669665785095 0.994177225866284 -0.06944370344886734 -10.886596920811026 0.7186571448202701 -0.01099635018904854 0.6952776341011534 125.34169235891548
0.7011379677452027 -0.1058194002402197 -0.7051296368178888 -88.29854425890592 0.08278361534038407 0.9943192722199558 -0.06690334762291922 -10.969855200389203 0.708203659421005 -0.011464703431752425 0.705915106339225 126.10465167146413
0.7112695255635304 -0.10579471027763628 -0.694912326327503 -89.05131181489618 0.08392903767172881 0.9943185110466429 -0.065472247750364 -11.055365351598178 0.6978908071038967 -0.011754908219910369 0.7161077038355429 126.8768428559341
