1.0 0.0 0.0 0.0 0.0 1.0 0.0 0.0 0.0 0.0 1.0 0.0
0.9999329871713096 -0.0038604147034547467 0.010914136016161771 0.019781285896897316 0.0038394781215664226 0.9999907500719356 0.0019386021567174847 -0.011030305176973343 -0.010921518869458677 -0.0018965676590534043 0.999938559840903 0.30840033292770386
0.9997625728074819 -0.007498705118108656 0.020458920668411755 0.0390219623672359 0.0074344464452527 0.999967195476687 0.003215116878481001 -0.020471060892073012 -0.02048235873666371 -0.0030622527722699447 0.9997855247944639 0.6179341961624913
0.9996118102315388 -0.010470510685417989 0.02581854472298685 0.05691642819633803 0.010394720812660796 0.999941267002871 0.003067951094785382 -0.030020802802465003 -0.02584915133719405 -0.002798383583375602 0.9996619380692991 0.916351511092917
0.9995356403229486 -0.013006402775434207 0.027556073940900823 0.07270326189333964 0.012947408568065966 0.9999134914703595 0.0023182292654080365 -0.03838703519532169 -0.027583841929013225 -0.0019603730253703417 0.9996175711751153 1.2437449079828342
0.9995566286062744 -0.016183350121828803 0.024992906755577155 0.08495751757802456 0.016121889399788196 0.999866499132307 0.002658682960716736 -0.04660066767426787 -0.025032596578055333 -0.002254571298254334 0.9996840931098292 1.5669849841455825
0.9997072938793687 -0.018347082024570593 0.015770578479343763 0.09146329576686393 0.018321570474103325 0.9998305957520253 0.0017606400860994064 -0.054789244061220786 -0.015800209484431758 -0.0014711829709433022 0.9998740865733615 1.8947355714643908
0.9998317319574613 -0.01824766097449343 -0.001878999708214694 0.08177250830841451 0.018250161387188595 0.999832577579023 0.0013222787258456916 -0.06079229103761865 0.0018545566276315121 -0.0013563482765142014 0.9999973604660505 2.2364698483632868
0.9996811316067264 -0.01559428271869819 -0.019860852347876115 0.06051784475811495 0.015632761670550447 0.9998762100367733 0.0017836381500526736 -0.06551168053056199 0.019830579216114544 -0.0020935493755499246 0.999801162821371 2.6135593401204242
0.9991890814069719 -0.01338059686304019 -0.03797550822149178 0.03241030271568332 0.013445258657370271 0.9999085602148474 0.0014478358703834677 -0.07178827382424033 0.037952662841073494 -0.001957252324039569 0.9992776213578547 2.98170458086852
0.9983669116991879 -0.01434853248844023 -0.055295833836321924 0.0016172884881311238 0.014418612147733188 0.9998956691391563 0.0008685968525057727 -0.07962795533023127 0.05527760168421917 -0.0016644675386192505 0.9984696371446924 3.3633355774446336
0.9970330123299568 -0.016760683278881503 -0.07512823583897967 -0.03374825898621482 0.016947198937587064 0.9998546822391494 0.0018457661334892773 -0.08561316590506708 0.0750863820704006 -0.0031135029267225778 0.9971721723589679 3.7710130464033487
0.9952134741147062 -0.019246348481021365 -0.09581085017201461 -0.07912739030696325 0.01960158292863763 0.9998040394950731 0.0027677709489671615 -0.09172268016496189 0.09573880554523796 -0.004632567266785385 0.9953957104756328 4.182662620551441
0.9931780458728677 -0.020280092620228885 -0.11483068857873693 -0.1338949207867706 0.020884579583991276 0.999773635902821 0.004063408575772006 -0.09562088799675517 0.11472228873131787 -0.006433878843175443 0.9933767672294735 4.613795852098527
0.9911903186843155 -0.020705566168563488 -0.13081678667558194 -0.19658814125938567 0.021543101465754114 0.9997554661104523 0.004990266677129853 -0.10008954069676798 0.1306814712410359 -0.00776450332680003 0.9913940011732806 5.052403095746551
0.989439685827153 -0.02166850387995358 -0.14331637746562506 -0.2629192693703827 0.02260705326750452 0.9997323045147022 0.00492345938170864 -0.10582828405771423 0.1431713283196929 -0.008111427083291715 0.9896646783117237 5.480648152579871
0.9875036956095758 -0.023862387236935612 -0.15577880996074103 -0.33516265360225234 0.024928586951773492 0.9996772549354849 0.004894028733213238 -0.11457042499949381 0.15561174990988955 -0.008716217069817655 0.9877798392607403 5.9333319865811
0.9857273199700395 -0.02883159408249535 -0.16586256312786715 -0.4025186828380399 0.02977651187662036 0.9995514184563542 0.003212662813308829 -0.12335931063265994 0.1656955340531089 -0.00810561808579395 0.9861436451908527 6.3770463222921325
0.9846142260472328 -0.02902393768077751 -0.172314935240423 -0.48739940905095963 0.029676399024647256 0.9995588251048105 0.001210989686515302 -0.1294577087273821 0.1722037665277352 -0.006306044449040489 0.9850411649251355 6.845219093062608
0.9834490411357767 -0.02925144913795688 -0.1788080988446865 -0.5781679753572768 0.02971561581041192 0.9995583901822811 -8.242096091592597e-05 -0.13615004770273073 0.17873154636529515 -0.005232335954076605 0.9838839652084661 7.340286457163053
0.9822583448813682 -0.031052612158370057 -0.18494398932935635 -0.6685460002891505 0.031050911494609538 0.999513579045787 -0.0029062344082076345 -0.1462320905123145 0.1849442748675102 -0.002888006444482541 0.9827447657517732 7.828610470610356
0.9806020304399804 -0.0350581785915006 -0.19284859867480114 -0.7656272288949656 0.03488798443198423 0.9993820664894155 -0.004279453425318197 -0.1571940848754729 0.1928794609056695 -0.0025316581902560843 0.9812191927737381 8.341943900556508
0.9788820297368132 -0.04122840753161467 -0.20022534872174408 -0.8662118335358885 0.04088953100704463 0.9991466679340455 -0.005829426242626102 -0.16970613064707626 0.20029482797206938 -0.0024808000123711965 0.9797325285601871 8.858994721737107
0.976886546158401 -0.04276242320764712 -0.20943746344940453 -0.9823551689466724 0.04209973102752634 0.9990843296925649 -0.007623307036230097 -0.18084223698478918 0.20957167886458447 -0.0013701547973794517 0.9777923266694779 9.394486948673158
0.9751828762841209 -0.03959342894065029 -0.21783185760340582 -1.1095115582965838 0.03799496436641516 0.9992114857361232 -0.011523430730648675 -0.1886173317878131 0.21811634621234519 0.00296093865706338 0.9759182815980267 9.917008865421954
0.9732715696749062 -0.03872297377339139 -0.22636912988455218 -1.2438823451734378 0.03637938507045244 0.9992326017701787 -0.014517158864431529 -0.19991613774242215 0.22675756217696416 0.005893968251071867 0.9739334007691777 10.46218506482509
0.9708223248503747 -0.04203651403571054 -0.23608673207073527 -1.3765804756078344 0.0395527793824052 0.999101123959872 -0.015248663720052395 -0.21663161398193492 0.23651552003037857 0.005465856734856031 0.9716123368890052 11.01643962080003
0.9686585137254213 -0.04292151039474173 -0.24465982042969803 -1.5183643634841688 0.04023837746909049 0.9990626845630809 -0.0159569825551433 -0.23392800681745723 0.24511539479582467 0.005612152799437503 0.9694776670842103 11.563220473525064
0.9668299910621999 -0.042125841044654805 -0.25192296818461585 -1.6741396223147527 0.03876241771071967 0.9990808509761271 -0.01830104330461748 -0.24817710394648598 0.25246236027551944 0.007928854210935832 0.9675742296666523 12.132567992452467
0.9645892300316147 -0.0416566120320253 -0.26044643207583035 -1.8396688061583144 0.03737017939447337 0.9990725259737558 -0.0213905945790182 -0.26466020591135625 0.2610959344743646 0.01090020726556929 0.9652513136393682 12.713344728848856
0.9627145241044192 -0.04261866472876475 -0.26714115088308504 -2.0078024296919517 0.03676434894506831 0.9989623741510836 -0.02688043297783936 -0.28312623572207496 0.268009566480466 0.01605691275332847 0.9632824340907422 13.297810687672301
0.9610329459779511 -0.04501585794125154 -0.2727439261995649 -2.190241551169029 0.03703938681980265 0.9987240729144603 -0.03432652043486124 -0.30614041754889976 0.27394116260422363 0.022886649273429635 0.9614740977873931 13.917749277534293
0.9600878472171719 -0.046623206509227 -0.2757854278976587 -2.366417175120313 0.03666470960479581 0.9984796727278247 -0.041158744136966616 -0.3284376650664438 0.27728509641791554 0.02940441742552066 0.9603376258068687 14.503050716562601
0.9595330368119677 -0.04851312924307762 -0.2773857017898497 -2.5529835675002976 0.03622188816184634 0.9981285678156024 -0.04926801120773014 -0.35826264042895273 0.2792567386552985 0.03722685054391216 0.959494572946709 15.1226372218074
0.9590268602356254 -0.049170417996994405 -0.2790156829653115 -2.7540923377775974 0.034497990607884284 0.9977631923783521 -0.0572581922433656 -0.39250386192859055 0.2812069878054539 0.04528666391953302 0.9585779822635312 15.771374177996135
0.9585368396939006 -0.05056569956672845 -0.2804464957473298 -2.9536382749604773 0.033690750339612566 0.997337639376023 -0.06467276417021298 -0.4334216933122688 0.28297006960310067 0.05254277411014237 0.9576884653151186 16.42704917348343
0.9576669137013412 -0.050422144342955395 -0.2834284561606441 -3.155298570820951 0.031417160280782015 0.996966678962484 -0.07120676286987719 -0.47552617753460547 0.2861591243375609 0.059287843596924995 0.9563461230956013 17.06502280627867
0.9571751056638365 -0.051100029484309854 -0.28496421544489825 -3.351630652243396 0.030292479646055324 0.996574186447996 -0.07695619911617466 -0.5216613819831097 0.28792044521762783 0.065028285324293 0.9554439488182787 17.69567197829117
0.9568270374344242 -0.049093718685259885 -0.28648180957979835 -3.5674451509253173 0.02666677633939803 0.9963026856152216 -0.08166909865770353 -0.5724231634467614 0.2894320360190416 0.07050365537721967 0.954598518281022 18.362040596338204
0.9561656556077837 -0.04726686159327505 -0.2889863021516063 -3.7874692254720186 0.023669326103137878 0.9961326445933287 -0.08461393134303871 -0.6251969160166304 0.2918681243951807 0.0740648241112023 0.9535865979508186 19.040121843015598
0.9558802107505325 -0.04630018337807567 -0.29008501463308006 -4.006645184358625 0.021887366960450357 0.9959813740194549 -0.08684495249499237 -0.6811855907358326 0.29294020868268716 0.07666417432853144 0.9530522748052535 19.716669051732577
0.9544191358670084 -0.04594720130964049 -0.29491179661499534 -4.23341145366556 0.021172534603410453 0.9960130875775783 -0.08665825495962125 -0.7429698142151371 0.29771771339532416 0.07646426659551968 0.9515867690676815 20.424082904807854
0.9527197310593987 -0.045060130389819666 -0.30049076308492356 -4.458886009787247 0.020013995487192487 0.996101407711237 -0.08591522298365288 -0.8042309179580962 0.30319062326322993 0.07583910735856934 0.9499072985088122 21.112096350854305
0.9516015536944477 -0.04492034195179657 -0.30403395515180076 -4.695712435010463 0.019919867127946085 0.9961956089670178 -0.08483812567730376 -0.8683456663798315 0.30668824871507305 0.07467577621803925 0.948876096519622 21.827792382255485
0.9485576650766084 -0.046055280864263616 -0.3132367589043898 -4.975515331245515 0.021062966656866446 0.9963510523958254 -0.08270992579698669 -0.9443306400953294 0.3159030032462888 0.07185743868414116 0.9460664887024223 22.66148872179813
0.9454887592642868 -0.04643476693325561 -0.3223271917240835 -5.238963587202343 0.02262347366603016 0.9967564524220929 -0.07723181335568169 -1.0106362594606162 0.32486794939507696 0.06572965065157918 0.9434725372161393 23.427892211967468
0.9437842462457305 -0.04686553376773078 -0.3272230405748409 -5.470256506291071 0.023644521139508642 0.996934171912114 -0.07458681850026191 -1.0635711443157518 0.32971538204709466 0.06265683217793067 0.9419988790985714 24.08380621438556
0.9406156814107014 -0.04586744847859406 -0.3363603975713337 -5.7467453683239285 0.022884043384774986 0.997143495356235 -0.07198034611693696 -1.1252684101047723 0.33870113735068247 0.06000855638001823 0.9389784410296865 24.84376669839324
0.9374894085287734 -0.0464714594148372 -0.34489710401252416 -6.030261498731187 0.023314154279762148 0.9972044190343451 -0.07099152673801222 -1.1866017365908905 0.34723199608704003 0.05851282011858251 0.9359520237571904 25.6029492151735
0.9340842854109578 -0.04805975597651321 -0.3538033459476871 -6.329550845711343 0.024319531890263313 0.9971622957330363 -0.07124546537892515 -1.2494656175355476 0.3562233963637695 0.05794493786258778 0.9326024212166523 26.385980975602322
0.9310876844945231 -0.04839042247239995 -0.3615716952356345 -6.634273129086875 0.024238685424409483 0.9971790177520886 -0.07103867034141774 -1.3100895125641603 0.3639892991717262 0.05737920849857338 0.9296340228931776 27.155673771477495
0.9275482125321834 -0.04912671301925692 -0.37046036157229467 -6.952104946036188 0.024878485652295796 0.9972399514593965 -0.0699538431032159 -1.3714009359798416 0.37287447536671137 0.05566906934002405 0.9262103326668385 27.945549354211856
0.924445765012373 -0.05028600240252713 -0.3779832608900315 -7.264084472110096 0.026202363402411624 0.9973004685250744 -0.06859454520437597 -1.4318002058208081 0.38041222864521135 0.05350788205526597 0.9232678066818658 28.70387808877744
0.9213373142018648 -0.04976655505549528 -0.3855656149829792 -7.601626640521876 0.026678759141227693 0.9975282898521308 -0.06500426720891428 -1.495927793723469 0.3878476469826509 0.04960444478665119 0.9203877453483555 29.499231349369623
0.9179004638902714 -0.049144879606571934 -0.3937556592589882 -7.955029040603041 0.02730433893139761 0.9977714351043554 -0.060882151451098834 -1.5558866816259032 0.39587019522255557 0.045132517083038046 0.9171967315882701 30.308107072260807
0.9147313794843787 -0.05089910301140098 -0.4008438407899522 -8.310287889243513 0.030265185467353833 0.9978782923515991 -0.05764488010294759 -1.6169047713924232 0.4029274400375736 0.04059796751182651 0.9143310577130563 31.1193960612134
0.9112039969316202 -0.052332014759219926 -0.4086179587427365 -8.690504081108172 0.03219835549856654 0.9979113372705105 -0.05600204326780823 -1.6752651345508642 0.41069519339654786 0.03787245936326717 0.9109858039194408 31.962942040852965
0.9081228183611832 -0.05407939805931087 -0.41519677922315823 -9.062939695337473 0.034143054045568284 0.9978860319501881 -0.0552966463643998 -1.730096868512444 0.41730947584758105 0.036040060269798245 0.9080495115485534 32.771579161098074
0.9058755904011149 -0.05401448960207264 -0.42008552656388826 -9.459436205391729 0.0344777608499329 0.9979472786861369 -0.053967703024207156 -1.7843582323653724 0.4221382459837139 0.03440441651825782 0.9058783789239215 33.61408175330528
0.9029003223509238 -0.05617407508458962 -0.4261636788687993 -9.859195121524088 0.0368937294469424 0.9978930279816292 -0.053370004994861726 -1.8418801094268895 0.428263774590023 0.03246502724543194 0.9030704077644554 34.464342530635626
0.9001020080109494 -0.059097724312746305 -0.4316524460207672 -10.258893193111334 0.039823203675330834 0.9977700236716676 -0.05356390866313748 -1.8984819403000754 0.43385537639136135 0.031023198469765378 0.9004482625520556 35.303592830703884
0.8979589934168126 -0.061609659429401296 -0.43574521914400643 -10.67231891488861 0.041929213510575984 0.9976249463683088 -0.054648032334328696 -1.953813881585559 0.4380771475393912 0.030801237777441447 0.8984095372129173 36.15204794607794
0.895602573767504 -0.06209025491663452 -0.44050065846194847 -11.119553464855882 0.04202784492536845 0.9975923059896888 -0.05516567121955997 -2.0117522621621013 0.4428653182537012 0.03089322376448836 0.8960557564200375 37.052673225612295
0.8945204722056993 -0.06214240407689271 -0.4426866232680144 -11.576911287673726 0.04276983528567903 0.9976449597462224 -0.053621595300719485 -2.074775188623994 0.44497625329283425 0.02903198078847609 0.8950716608724516 37.96715399554629
0.8933017334485552 -0.061843631941024976 -0.4451824100367732 -12.049886960691719 0.04358883549826911 0.9977398892751627 -0.05113831019002733 -2.135407971495585 0.44733882733081815 0.026276958300565426 0.893978464519565 38.906624853183885
0.8924940911288506 -0.06257452371307096 -0.44669757810197447 -12.508460446072908 0.044732557951580966 0.997727376680975 -0.05038928537306829 -2.195765465741521 0.44883548830188963 0.02499021415239142 0.8932649067535465 39.81271398201948
0.8910675879902226 -0.06493405258540819 -0.44920165009505764 -12.993474105386268 0.047576763454525536 0.9976236750954652 -0.049834270017829495 -2.2560984726591977 0.4513701421366718 0.023034142134085688 0.8920394739492573 40.7699118925034
0.889414737888488 -0.0682619923354473 -0.45197535821009976 -13.47020821187354 0.05097286833569235 0.9974307311206396 -0.05033590477759391 -2.3145399361996555 0.4542501411341386 0.021731015129122774 0.8906091018292333 41.71255102377129
0.888149265142357 -0.06858200683054258 -0.45440883702475104 -13.95401662378849 0.05218640359524265 0.9974568541832105 -0.04854279887612695 -2.3727300023933395 0.4565823716558555 0.019399288183566885 0.889469620341856 42.65189614245417
0.8862143301813747 -0.06847932962413927 -0.4581863620792373 -14.445609416556454 0.053986232375723274 0.9975419742733804 -0.04467097801303441 -2.4323599932464726 0.4601191668416475 0.014852305443771214 0.8877329335605124 43.60363524750195
0.8830406032449916 -0.06979799947383705 -0.4640770758076419 -14.949809703135259 0.057478307561951054 0.9975184481121097 -0.040659437229531525 -2.491771856385939 0.4657633918423981 0.009229569083044873 0.8848611630498912 44.57016177396757
0.8804507235242733 -0.07105009685591399 -0.4687839664305395 -15.454056472561863 0.05945075875410083 0.9974487163645649 -0.039517913738500804 -2.5474726899560536 0.470395717167095 0.006924013247180349 0.8824284261691752 45.51741093176458
0.8761437907924841 -0.07457151496015038 -0.4762469391107142 -15.969713333003977 0.06195387411511725 0.997187929359599 -0.04216575650505795 -2.603889630574724 0.4780520634176831 0.007437922832599215 0.8783000068120415 46.47141327276638
0.8712440632268137 -0.07717010713411829 -0.4847458683237443 -16.48013820473062 0.06320860177137366 0.9969803142828284 -0.04511014957435694 -2.656880995645493 0.48676324322419834 0.008661841456737773 0.8734909945434117 47.39151271986717
0.8647739791473847 -0.07713047789386696 -0.4962024328532281 -17.018390234228043 0.06325697500906904 0.9969943264682946 -0.044731064180653715 -2.7137880432920904 0.4981611386913884 0.007293995468565052 0.8670537915999238 48.33277595354483
0.8593934852488481 -0.07542794185946243 -0.505720736275154 -17.563788882777057 0.06362679069216627 0.9971475613696875 -0.040600152225093875 -2.769742791002721 0.5073405848323723 0.0027141188866897613 0.8617413559419181 49.261269432457944
0.8545027312172715 -0.07342945251723568 -0.5142306854372294 -18.117798315216948 0.0633013307566038 0.9973001346563636 -0.037220732647843445 -2.8240639455124836 0.5155754298516044 -0.0007462689985670498 0.8568438709682851 50.173499886578156
0.8506713446835124 -0.07414305532139225 -0.5204431483668069 -18.689882526704693 0.06363970407292695 0.9972473312689139 -0.03804928833158077 -2.8809869473832057 0.5218316312756975 -0.0007534086795695158 0.853048170372287 51.10324507317965
0.8483391427624498 -0.07662879190881405 -0.5238785423241419 -19.250679431219105 0.06442721156132564 0.9970586162236884 -0.04151204914884511 -2.9368141830921 0.525518632654927 0.0014642625104875698 0.8507808311591162 52.00545786430812
0.8468542895922316 -0.07808233765189429 -0.5260617461344743 -19.8152214153924 0.061848135084584505 0.9969110406550341 -0.04840645831555689 -2.989407820316764 0.5282164522104509 0.008457278930739533 0.8490676380873858 52.89374157215182
0.8440296865382355 -0.07877279436159124 -0.5304797216771198 -20.373869635613694 0.06145682009534678 0.9968443764483641 -0.050242894094990095 -3.0441695252491536 0.5327635005384059 0.009804897334427885 0.8462073720326037 53.77688640644774
0.8421754363172923 -0.07854085966819514 -0.5334527793782307 -20.945209518194925 0.06281895274328474 0.9968892064017788 -0.04759925772392654 -3.1034031690922115 0.5355318045083928 0.0065759807034921 0.8444894569133307 54.675114969565314
0.8391480495523027 -0.07700536458772544 -0.5384242980747412 -21.53133800298083 0.06408654851289408 0.9970297806115767 -0.042714527661394205 -3.1612599430580484 0.5401143075611595 0.0013380576755189812 0.8415906037791692 55.589549654851304
0.8359872451281787 -0.07569698810380647 -0.5435027984978651 -22.11536011642764 0.06429398416792122 0.99712971026585 -0.039982802615093065 -3.2152165740512246 0.5449693657287664 -0.0015188473111472298 0.8384545804753123 56.48341690660653
0.8338495592336734 -0.07574757384273102 -0.5467698031372518 -22.714804917811705 0.06370697374417512 0.9971268071457652 -0.04098233726437879 -3.2668944136844824 0.5483031406641475 -0.000659945628304695 0.8362793973365601 57.38772790349243
0.8302383084112981 -0.07782719764497163 -0.5519486194865214 -23.32852440652146 0.06472888780587256 0.9969668525413539 -0.04321187356735716 -3.3242242088665717 0.5536375369587588 0.00014913254849619959 0.8327577411406766 58.30836546037429
0.826639032613039 -0.0801882163816885 -0.5569899098853612 -23.92090865640761 0.06604883822777168 0.9967794138404502 -0.04547912831893858 -3.3801617921390283 0.5588429660730652 0.0008062861851322982 0.8292731089172294 59.187596263979586
0.8238556253922635 -0.08205162359209646 -0.5608292427962572 -24.518806394503585 0.0670525414338725 0.9966271359402332 -0.04731076616190767 -3.4349627441294763 0.562819567176534 0.0013722148041822035 0.8265786422535668 60.063594396662666
0.8205348866581114 -0.08244132342497851 -0.5656199501157102 -25.12789494170661 0.06790620270667 0.9965959189008204 -0.04674742842328461 -3.495457599022547 0.5675484538001325 -5.1207104635984935e-05 0.8233399965791237 60.947350414334934
0.818031282184351 -0.08196470021068025 -0.5693036178413063 -25.73468299810665 0.06758304840148954 0.9966350891952546 -0.046379203890631465 -3.5534420919635976 0.5711894194893571 -0.0005356343343694142 0.8208181041858611 61.8140482375487
0.8130597148719387 -0.08299337818124353 -0.5762343266679162 -26.36528517349084 0.0679479549448967 0.9965500158257423 -0.047656493539904934 -3.61641018953434 0.5782015007513972 -0.0004063690167829502 0.815893902044288 62.70062978738612
0.8081278714557207 -0.08470531893252117 -0.5828845102771099 -26.98885350991156 0.06870177744024503 0.9964060462136863 -0.049548530203834845 -3.675364005693281 0.5849866743379692 -3.6536510396832644e-06 0.8110429032015838 63.566843612934676
0.80400159418839 -0.08646898908988629 -0.5883065106458544 -27.631247489207663 0.06962950781378158 0.9962545092712346 -0.05127069726795585 -3.738289730456646 0.5905363394272517 0.00025822955867274566 0.8070110068229287 64.44391629340303
0.7987107608332044 -0.0876550866257106 -0.5952963180785543 -28.29157818501533 0.07017085692079918 0.9961508679524841 -0.052530934852843866 -3.8053042141058273 0.5976095475879254 0.00018457018222562543 0.8017872501889783 65.33037694329983
0.7940788977975466 -0.08871995039723012 -0.6013048099542749 -28.958305586498142 0.07032847333631569 0.9960563902202886 -0.05408856939789922 -3.8719597463065325 0.6037322336191905 0.0006617422770623209 0.7971868991562405 66.21272450475881
0.787336130410706 -0.08924258346969641 -0.6100308017186922 -29.643857563408943 0.07037624208669002 0.9960098822968851 -0.0548771256235321 -3.942242163931475 0.6124940834813442 0.0002750683544016884 0.7904751242371572 67.09687466317862
0.7815876111589437 -0.08951711260553231 -0.6173390418834894 -30.342891318902698 0.07166147130837743 0.9959826920264572 -0.05369460600144528 -4.013362872564441 0.6196655869198926 -0.0022723852006845853 0.7848626610132025 67.98219280925812
0.777282364288006 -0.09009207224041851 -0.6226680854887899 -31.038409086890425 0.07253926548692824 0.9959271237929184 -0.05354641963924639 -4.084160409719125 0.6249561433648482 -0.0035471979071575142 0.7806518021868284 68.84752851616835
0.7721154213813902 -0.09169527219598238 -0.6288320547824698 -31.750195859050283 0.07404998549811971 0.9957762349245427 -0.054279734774871476 -4.1554833630317844 0.631153210966059 -0.004654784249224726 0.775644220806696 69.72385856734888
0.7680023187501833 -0.09328689716838795 -0.6336165979604993 -32.46914362199705 0.07501597556924594 0.9956277711730196 -0.055659183235473524 -4.225860652456074 0.6360385537086071 -0.004784985448288544 0.7716424444718704 70.59240690134403
0.7647909206518873 -0.0918392509906153 -0.6376993019173862 -33.19760389904639 0.07307924568095439 0.9957659895430777 -0.055763051566409524 -4.295481771744479 0.6401205132935059 -0.003955508409560781 0.7682643310827859 71.4585562382435
0.7603873835437283 -0.09095955484593403 -0.6430687259770552 -33.94633754580269 0.0729133885224293 0.9958402756374125 -0.05464232052704071 -4.37005387892558 0.6453639784816788 -0.00533898872747441 0.7638565509817059 72.33886395080147
0.758647570356005 -0.08974508882364582 -0.6452903865896085 -34.69300418648408 0.07167864062646076 0.995951701608799 -0.054243714294659615 -4.443366578190453 0.6475461655132189 -0.005101675663337656 0.7620091445872241 73.20448568660854
0.7547777994465907 -0.09034102899437518 -0.6497299223083385 -35.44857878472109 0.07162824484280816 0.995899193757409 -0.055264730290498054 -4.519126889372401 0.6520581783884786 -0.004826422441128932 0.7581535712790114 74.0799237943575
0.7510013460938589 -0.0911631945791817 -0.6539772550473987 -36.20034323993243 0.0704894271664149 0.9958324720718553 -0.0578699250475439 -4.5929127813663655 0.656527393810009 -0.002638090479099346 0.7542975683744855 74.93715793385678
0.7486995395669234 -0.09392086290338192 -0.6562224249168579 -36.95634205616609 0.07204923628671889 0.9955773600422364 -0.060287873754444374 -4.665198541707017 0.6589824785248676 -0.002142821228057031 0.7521552375104537 75.79626025634903
0.7442920305759256 -0.09333603875847081 -0.6613000507258733 -37.732644696956676 0.07100045498570186 0.9956329657570024 -0.060612976248809985 -4.743009392588622 0.6640695058598827 -0.0018388493121275877 0.7476685830100249 76.66826700977613
0.7409935207716359 -0.09302792735596856 -0.6650371470123366 -38.501865557298004 0.0715767470131871 0.9956573695085096 -0.059524548132731385 -4.818460134173179 0.6676865817593356 -0.003493891132860409 0.7444342961358553 77.5240837253042
0.7388634128568212 -0.09284108021630691 -0.6674289407613668 -39.28300517192678 0.07221883646074054 0.9956686887824846 -0.05855170226752387 -4.895813653283372 0.6699741015903732 -0.004939230956051276 0.7423680402574826 78.38360372909008
0.7352838388313754 -0.09300941974580784 -0.6713470966586093 -40.091961680947286 0.07216350602335675 0.9956519802791893 -0.05890299283182276 -4.973155948299668 0.673906599427408 -0.005136341565447004 0.7387986960217987 79.26601501897918
0.7326438264597053 -0.09376070677703133 -0.6741230996006239 -40.89898114050555 0.07334748186658943 0.9955741995203422 -0.05875508619056062 -5.049537613699603 0.6766484836710355 -0.006398680653183702 0.7362784028012684 80.14097408415132
0.729376943871515 -0.09452538091430919 -0.6775501650148525 -41.70237753451025 0.07405999323822178 0.995497621022341 -0.05915745042185547 -5.130259038308135 0.6800914579306254 -0.007031280243632421 0.7330935615239927 81.002404020687
0.7275444584075675 -0.09472480909275853 -0.6794897141110966 -42.51385980229861 0.07453648329185529 0.9954733619993568 -0.058966924696651095 -5.208839836598177 0.6819995408348324 -0.007745714430444438 0.731311582165249 81.86714783375892
0.7265233292739306 -0.09840690211751897 -0.6800587721927843 -43.31813601207746 0.07843224528382774 0.9950999617289024 -0.06020339746953611 -5.288241291305568 0.6826508880243706 -0.009599363664874086 0.7306816114401458 82.72985137125356
0.7234510876774333 -0.1017827076832695 -0.6828314610172856 -44.15651032481602 0.0810806281352254 0.9947539517581672 -0.062373930473455755 -5.374218670724171 0.6855978817641841 -0.01023991592603703 0.7279084342431346 83.62057626215775
0.7210475966411872 -0.10579385319876518 -0.6847612897961786 -44.99452525925291 0.0849678829230676 0.9943165372669049 -0.0641489094928639 -5.457820709921439 0.6876560348383047 -0.011928300084667904 0.7259386292294621 84.50902232950436
0.7177921237235557 -0.11030298001966905 -0.6874647043443094 -45.836594723766275 0.09075232286070946 0.9937699778670568 -0.06469348487672748 -5.5432338848254314 0.6903176681903873 -0.015952544903252985 0.7233305145611489 85.40310355266655
0.7110461388648806 -0.11303800133961278 -0.6939998549412604 -46.69052611439918 0.09396721371553068 0.9934162281992729 -0.06553136880052034 -5.631298340424712 0.6968382532208494 -0.018617405927672217 0.716986639376662 86.29448484691513
0.7032319587971447 -0.11446310519837721 -0.701685834027363 -47.539681819467134 0.09729198280966006 0.9931633649573187 -0.06450426797988267 -5.715669910875242 0.7042720228770242 -0.022906943379703365 0.7095605610077996 87.16211252785158
0.6935554197487246 -0.112350746361536 -0.7115884973277576 -48.42687962077657 0.09649835143558574 0.9933509789858634 -0.062784557958472 -5.803972147175374 0.713911022402221 -0.025122546444028143 0.6997856169947929 88.04099940521073
0.6857012224352987 -0.11214740382309332 -0.7191917639729178 -49.314579412669765 0.09717009076760613 0.9933192399004409 -0.06224838233902831 -5.8924573658176405 0.7213680108037454 -0.027200137120071636 0.6920175904770753 88.89727045612905
0.6778808673958803 -0.1130372790602309 -0.7264296959522434 -50.23748501907992 0.09680420840111889 0.9932295435360072 -0.06421852601148376 -5.981956741658352 0.7287705227672439 -0.026788941560172874 0.6842337888146448 89.76546540897013
0.6667522658413121 -0.11439892744773918 -0.736447079832817 -51.15176682027644 0.09650597392002773 0.99308214233414 -0.06689137145239371 -6.073105470731601 0.7390047449057574 -0.026471569198710056 0.6731799484765828 90.60597514414776
0.6566620636977666 -0.11497411172668857 -0.7453696316143082 -52.06818518046636 0.09671479833528866 0.9929889226435922 -0.06796504461914821 -6.162230266175311 0.7479580081014944 -0.027458207147905568 0.6631778532015887 91.42380688111795
0.6473010560943617 -0.11668934801328908 -0.7532495860200374 -52.98464166379641 0.10004223480825909 0.9926699289037079 -0.06780828492800095 -6.2548952063793095 0.7556407175594055 -0.03146439750799812 0.6542301564860531 92.22889163341084
0.6360621498027952 -0.11647641366928171 -0.7627962943322346 -53.92663859934239 0.10084567390350724 0.9926111635173009 -0.06747761195965296 -6.3485053819733555 0.7650196674878327 -0.03400475142641659 0.6431085330154107 93.03061792539465
0.6266249639109917 -0.11635153923395168 -0.7705864480520266 -54.878878921628626 0.10007238168988249 0.9926194179039269 -0.06849970527662022 -6.44234857135612 0.772869117656064 -0.03419079580763751 0.633643682565823 93.81568737318247
0.6185663813257165 -0.11581817267972741 -0.7771497814261658 -55.837851204283034 0.09781241007785416 0.9927334194128955 -0.07009344060282541 -6.537785089989937 0.779620654118636 -0.03265744720441208 0.6253999734679568 94.58386887936126
0.6091602502935001 -0.11531703381392641 -0.7846182327570003 -56.79739992196718 0.09566472446596533 0.9928318171551198 -0.07164665614886738 -6.633750367973651 0.787256025670945 -0.0314159920553347 0.6158254505036048 95.33697103338056
0.6020705709617394 -0.11511775694372128 -0.790100581962861 -57.7724159326479 0.09369157019623109 0.9929014128412847 -0.07327123618409756 -6.729881633712749 0.7929268044756528 -0.02991130913262435 0.6085822839435953 96.08189644260453
0.5936173300132593 -0.11338261160673463 -0.7967200567910699 -58.771936041465146 0.09138366300061454 0.9931184498945919 -0.07324459444596056 -6.82894703384076 0.7995420512046376 -0.029327936582710486 0.599893640982534 96.8335937450566
0.5861305150544084 -0.11097593871747671 -0.8025804385529397 -59.80144470951771 0.08957576987525431 0.993378452652127 -0.07194047023561716 -6.92717404019991 0.8052497753947588 -0.029725255797740175 0.5921901792451894 97.58879025249045
0.5797920646694836 -0.10910609925549353 -0.8074261705267841 -60.83441508128152 0.09031932488963462 0.9934923474357302 -0.06939290409056942 -7.028441648090264 0.8097429106190296 -0.03269273148411945 0.5858733685791917 98.33967150066206
0.5740889502479949 -0.10770669187691313 -0.811677981546923 -61.88821384208287 0.08929045678999449 0.99363366184651 -0.06869760091684285 -7.12873553276446 0.8139097563792865 -0.03303656414379948 0.5800512855775628 99.08968655922517
0.5696155941582635 -0.10926615422668623 -0.8146158496078006 -62.93500413658188 0.08991561699580783 0.993459400517698 -0.07038182537615469 -7.2307521348647255 0.8169781249898873 -0.0331561014524681 0.5757147003720523 99.82845301853582
0.566438272671176 -0.11042899051523883 -0.8166719790142674 -63.97791911998272 0.09071759000582011 0.9933143195561818 -0.07139314692724781 -7.333153221103213 0.8190958442800393 -0.033646702935428305 0.5726690992752661 100.5557447882383
0.5619394696258468 -0.112047023301945 -0.8195544503239521 -65.0229838537675 0.0907152325052316 0.9931548688946241 -0.07358092811608083 -7.4346645471575705 0.8221890166306917 -0.032998044791706566 0.5682572920533275 101.27731736738896
0.5596640844804055 -0.11491292376146774 -0.8207137945077447 -66.08174461040299 0.09198307720682398 0.9928340240059559 -0.07628705187451217 -7.541653122307638 0.8235989473343643 -0.032796657279853314 0.5662235894247032 102.0028118341447
0.5557498539513487 -0.11488485291880782 -0.82337328739939 -67.13436563224039 0.09203643301831466 0.9928199251542068 -0.07640609408980686 -7.648532898723245 0.8262393084514437 -0.03331766478340031 0.5623331204749202 102.71959229227856
0.553407865164194 -0.11376381062229009 -0.82510455711207 -68.18434291043984 0.09431688131980163 0.9928158147788068 -0.07362800977346103 -7.752229551115014 0.8275530561072902 -0.0370749688845471 0.5601619283829402 103.43235486638446
0.5513554371927761 -0.11225440748008081 -0.8266838149372823 -69.2335104580782 0.09713007592144965 0.9928048161014036 -0.0700310322453663 -7.854576875760679 0.8285969648927373 -0.041683871307186524 0.5582916125497407 104.14167126289827
0.5489197379482222 -0.11228231929507823 -0.8282993432718471 -70.2877462005627 0.09898604079579351 0.9926958597633981 -0.06896878813043812 -7.956946042019571 0.8299933042009606 -0.044131743477069454 0.5560247334419987 104.84972751734446
0.5486453837073167 -0.1120075873741109 -0.8285182818183808 -71.34942138278954 0.09984990579259334 0.9926707829386509 -0.06807872658309742 -8.057845273067844 0.8300712254077124 -0.045376393318517644 0.5558081896477793 105.55840715975486
0.5485082875601766 -0.11198860326943959 -0.828611616630833 -72.40593265979605 0.10185821044903832 0.9925589684439716 -0.0667203051968326 -8.155559829270816 0.8299178052324954 -0.04780425607829426 0.5558337788034107 106.26649403860688
0.5468703960775254 -0.11176022720449877 -0.8297243045188019 -73.43953110955319 0.1044446615039803 0.9924151282564313 -0.06483460411763403 -8.251684141251895 0.8306768821734054 -0.051204148493751635 0.5543952133629045 106.96133637845173
0.5465137127086475 -0.11319794654827302 -0.8297644163970062 -74.46775144197579 0.10675028940915697 0.9921561935715031 -0.06504201156765678 -8.346664424662386 0.8306185270823612 -0.05303124036792173 0.5543108784901921 107.64771083526796
0.5443426071518855 -0.11446240191989948 -0.8310171385632283 -75.4682288161618 0.10968716304634718 0.9918537940808583 -0.06476710145012576 -8.439935566276866 0.8316608998275274 -0.05589641951086158 0.5524633363255282 108.31636288395183
0.542957445278498 -0.11476461369454621 -0.8318811790515451 -76.45014629835755 0.11396448437074103 0.9915229005964347 -0.06240539956561541 -8.529204721260829 0.8319911711783715 -0.06092143330860298 0.5514338310666724 108.9736765020689
0.5434428992523732 -0.11496563648970305 -0.8315363598055664 -77.43478729005331 0.11676120590725823 0.9913005361052405 -0.060745929184972916 -8.618760242673515 0.8312861336791669 -0.06407924425256868 0.552138763725897 109.62847652445562
0.5420683758966132 -0.1174473102822618 -0.8320865370622639 -78.42377599522302 0.12069200756306081 0.990800224793389 -0.06122380141552723 -8.706669121306884 0.8316220987703526 -0.06723870802470823 0.5512564203525995 110.28609185720472
0.5420440008160005 -0.12019252249055824 -0.831710321396062 -79.38090463450393 0.12363821353393163 0.990354600611252 -0.06254084427208931 -8.791607763825601 0.8312050850022045 -0.06893128887148747 0.5516761587027247 110.92033030320266
0.5433087250535643 -0.12257224007786578 -0.8305369800574595 -80.3530871444918 0.12549165465332662 0.9900270552367604 -0.06401776715568185 -8.880657048791901 0.8301008817565737 -0.06944404842405806 0.5532721303711551 111.56377556319204
0.5435472774804124 -0.12374755001781317 -0.8302065411740748 -81.31394949949791 0.12644522468166072 0.9898574926575608 -0.06475916448574448 -8.970726714027354 0.829799953180787 -0.06977598508280766 0.5536816319934118 112.20180761702457
0.5467171189923838 -0.12432022145833546 -0.8280367590495112 -82.28598603853386 0.12617318710176875 0.9898560943050625 -0.06530880050735624 -9.062182844354647 0.827756436796024 -0.06877059766846602 0.556857150658113 112.8448418546342
0.5504751286672871 -0.12459040594655087 -0.825502491495215 -83.22956275271872 0.125003267208963 0.989955077997949 -0.06605396833771371 -9.152461071998696 0.8254400740852231 -0.0668294418063532 0.560519856741965 113.4736828982613
0.5561760816610717 -0.124703027151347 -0.821655232568641 -84.1744423104831 0.1242796835757186 0.9900408061294111 -0.06613442710831502 -9.241434977671622 0.821719372072033 -0.06533266577996177 0.5661350689929282 114.1130375484295
0.5625777481380492 -0.12548714542694656 -0.8171653771621251 -85.11208591217948 0.12490950057552187 0.9899685458572328 -0.06602950006845294 -9.328500684612324 0.8172538736316247 -0.06492499168973757 0.5726088119197887 114.7579974692769
0.5674233943667394 -0.12418731409617302 -0.8140074953849665 -86.04321518044385 0.12394376261809355 0.9901798625762148 -0.06466671057521316 -9.415647492907757 0.8140446150140652 -0.0641977473602242 0.5772434616351019 115.40718206413571
0.5729978258703285 -0.1227207048515022 -0.8103166789278294 -86.95056682159397 0.12295470829446715 0.9904073903913124 -0.06305030346075229 -9.499356618911586 0.8102812050492713 -0.06350456408023718 0.5825903698868355 116.04612696408968
0.5797898562882942 -0.12284384383292955 -0.8054521168744609 -87.87805823208195 0.12388609210798439 0.9903658283635768 -0.0618689113524615 -9.584725852442844 0.8052924678198671 -0.06391334791792361 0.5894227050517407 116.71428967830144
0.5855797760422343 -0.12256960753933471 -0.8012945882744875 -88.80425063887638 0.1244590939101661 0.9903761940446668 -0.06053865056855125 -9.668604715364669 0.8010032832850233 -0.064278188969931 0.5951991722015066 117.39418811339273
0.5941142187437877 -0.12362259832011313 -0.7948243505775618 -89.71002512667945 0.12472062802332964 0.9903270359124285 -0.06080400386792036 -9.752569703245907 0.7946527921249162 -0.06300646891778489 0.6037856613423236 118.06959989097744
0.6033377433975011 -0.12481248130390596 -0.7876581821467821 -90.60228424398362 0.12382016059969775 0.9903603756040998 -0.06208779479391583 -9.832613563974949 0.787814784845446 -0.060068052607592244 0.6129760956471756 118.75004659160909
0.6125067719086301 -0.12499065433698073 -0.7805208457783065 -91.49194364201487 0.12216253857680834 0.9905242229410617 -0.06275410692118848 -9.912250472297538 0.7809684811402694 -0.05691309247808926 0.6219719699231159 119.44283059913269
0.6225539493885656 -0.12219763373602656 -0.7729775665632319 -92.37591389932831 0.11930002741274424 0.9910082653383112 -0.06058152763400702 -9.991994118821674 0.7734300767102467 -0.05450097559188629 0.6315342905175576 120.14439983509061
0.6310502940491275 -0.12116015525043422 -0.7662217323726862 -93.22512677050211 0.11978830612631142 0.9911001007776428 -0.05806334432269153 -10.068388891660867 0.7664373999850861 -0.05514351292978177 0.6399475797953018 120.84463145239548
0.641407727343887 -0.1183805595110906 -0.7580119856792447 -94.07207107661183 0.11917306431484069 0.9914045297592142 -0.05398924999222103 -10.141627763817581 0.7578877938358428 -0.055705488982261256 0.6500023003435345 121.55425816928839
0.6514929338913367 -0.1188810659322231 -0.7492824896208885 -94.90058913205998 0.12054707367797753 0.9913200667653886 -0.052468354804985004 -10.213200337917 0.7490162615840426 -0.05614104907359639 0.6601687833361869 122.27306161079072
