1.0 0.0 0.0 0.0 0.0 1.0 0.0 0.0 0.0 0.0 1.0 0.0
0.9999052819257651 0.0010205645406751555 0.01372536429297503 0.017080500721931458 -0.0010146795855563067 0.9999993902857107 -0.0004357218675380107 0.0012233284069225192 -0.0137258006067119 0.00042175374984941013 0.9999057078152318 0.16634058952331543
0.9994523895487836 0.004283056252518162 0.03281122451790427 0.035676322451860504 -0.004307574273942227 0.999990493467275 0.0006765936374784626 0.005741620487102277 -0.03280801470831523 -0.0008175599143612197 0.9994613378048625 0.37799581805919946
0.9984587253832578 0.005284413944452631 0.055247159884504814 0.066746919478926 -0.0053814331720270295 0.9999842279797186 0.0016074728057373687 0.009566658451140853 -0.05523779397346865 -0.0019023041475675372 0.9984714153924863 0.5808781559922825
0.996627039887723 0.004302286621469744 0.08195141057029874 0.1146274881642309 -0.0046248512431137975 0.9999822866105981 0.0037466272858192842 0.009710028051441449 -0.08193383986860385 -0.004113003144479622 0.9966292836805065 0.8072435239413471
0.9935465111680476 0.001453013285320025 0.11341613156069792 0.17986707410561215 -0.002102944340041635 0.9999820466000896 0.005611069648385425 0.010642823828902005 -0.11340594239678777 -0.005813366485009248 0.9935317292362673 1.0693611157892209
0.9891377556603328 -0.0008817608226825559 0.14698885272391127 0.25211353835275935 -0.00012537920201401235 0.999976582602703 0.006842406468161127 0.007769559422124395 -0.14699144399350528 -0.00678651192229212 0.9891144820740585 1.2971875944607798
0.9829250702801752 -0.0011603627447485437 0.18400260806035781 0.3293430805546768 -0.00037070011989859616 0.9999655996548118 0.008286259012011599 0.009448050229810484 -0.18400589337337583 -0.008212981510610862 0.9828908271718546 1.5612494393859344
0.9747141378297283 -0.0016844261161851946 0.22344912670115463 0.42461613709244506 -0.0007351283471738036 0.9999420050442828 0.01074458628020442 0.00826551531756676 -0.22345426624068454 -0.010637163939635827 0.9746563710570811 1.8454180427338356
0.9649895372341525 -0.00456365840226962 0.2622486721617553 0.5336749165283 0.0005763020153785165 0.9998830972403988 0.015279389023597314 0.007330816057338958 -0.26228774448037695 -0.0145933161048046 0.9648793573397982 2.1193492693190805
0.9538524182426649 -0.012457354576819311 0.30001729705063285 0.6655342698490747 0.006370200384509754 0.9997537082766316 0.021258958915827412 -1.0765146520852129e-05 -0.3002082356626504 -0.018366739070151922 0.953696848131652 2.381930325628689
0.939811407019397 -0.018269405028274843 0.34120484767384873 0.8075975780173514 0.009952516030974978 0.9996095371833367 0.026109779715060732 -0.0003287759815238509 -0.3415486300087802 -0.02114242209465738 0.9396262721567 2.6355856549229597
0.9217011317524608 -0.020966099069427546 0.3873337661707846 0.9712823966936135 0.009949680370778195 0.9994875230016141 0.030425239927032117 0.005266278668793801 -0.3877731651194451 -0.02418913090437661 0.9214373871074143 2.9216068216654594
0.9004539871944537 -0.024216882085929328 0.43427659339140856 1.1664501179670088 0.009948206311590416 0.9993343101744305 0.03509942591235828 0.010626353411785208 -0.4348374985403083 -0.027285144863666948 0.9000954786759991 3.2234772193359627
0.8783779487881975 -0.03123198517147734 0.47694521927039746 1.36569688758555 0.013649291893826177 0.9990949354706017 0.04028655790448787 0.011366383128380383 -0.4777717822490525 -0.028876859580694407 0.8780092545453727 3.482894595893761
0.8520048482832874 -0.038568521222839394 0.5221112981658759 1.5931342976007798 0.018326250796197173 0.998868657618802 0.043881127589975255 0.015863813923776008 -0.5232130417272945 -0.027818590861080517 0.8517477554822064 3.7423209479527544
0.8262789329295449 -0.044407961025797 0.5615078432171222 1.8180598970688215 0.021197912652690328 0.9986326693436895 0.04778535569257983 0.02289966507504156 -0.5628621265425325 -0.027581238497006517 0.8260904924927956 3.9780903742995437
0.7966666502109759 -0.04935747698707608 0.6024002721671803 2.06400522950153 0.02320052033568005 0.9984228400469901 0.05112307041499117 0.02848991071143912 -0.6039734963537525 -0.026752045491377 0.7965552986229212 4.218157343434475
0.7651100610309475 -0.052909197182321385 0.6417220670685575 2.3337195778372024 0.02355852868356985 0.9982512644242749 0.054216314902450165 0.04055884763295529 -0.6434684065558194 -0.02636342027997237 0.7650185486873219 4.471851562435318
0.7312500856702768 -0.05424991719390999 0.6799487176924938 2.6340829833032156 0.02044309764332162 0.998127502285164 0.057650402780254136 0.06366307310590219 -0.6818030448494333 -0.028256603943747828 0.7309898579102229 4.746699482632587
0.6988066011324787 -0.05667279552513031 0.7130620789672103 2.9168215508025015 0.019747153188846792 0.998005006103932 0.05996713877139223 0.07768065471877773 -0.7150380298659712 -0.027824486317953215 0.6985316126035621 4.964343430393431
0.6659200242869804 -0.058994306141014294 0.7436868918412961 3.2300168168802412 0.01981192997899101 0.9979152873311302 0.061421223867123204 0.09257477392822293 -0.7457600208405751 -0.026167750261877527 0.6657005634383202 5.183030977455866
0.631950389327786 -0.06281667629886004 0.772458911921679 3.6197316747047 0.02049181831814985 0.9977156693651215 0.06437024534149176 0.11516618288050638 -0.774737885229886 -0.02484971392334605 0.6317940336117873 5.450199102578433
0.6008105285240899 -0.06378172447232926 0.7968428957065126 4.016927582838991 0.019244138116079695 0.9976770029408265 0.0653472336918684 0.13863363470184048 -0.7991597912575266 -0.023926751270205653 0.600642271748235 5.713528358324855
0.5697749237256982 -0.06466450665820173 0.8192527313790453 4.434631963220316 0.019824659333134154 0.9976908503812411 0.06496114183018453 0.1618363471239045 -0.8215616344351165 -0.02077182332409842 0.5697411799932426 5.96399133651411
0.5376375124694749 -0.06560212342340485 0.8406201678451308 4.915762464115318 0.022108082683331625 0.9977227314778615 0.06372271002101403 0.19005379155223448 -0.8428861950854947 -0.015675219127515395 0.537863504654854 6.23628001313474
0.5082549087169442 -0.06524268856122255 0.8587318203923935 5.41889963728099 0.025110092973755656 0.9978250135090809 0.060948549174298296 0.21782550365222483 -0.8608405374957548 -0.00941456344743772 0.5087877111321716 6.4995326734008
0.48017001297317313 -0.06527325592270974 0.8747434828008676 5.954829252332314 0.027513318973117658 0.9978575738133509 0.05935722081109356 0.24884877506104183 -0.8767438485215775 -0.004434461024958168 0.4809371680739511 6.765154398359829
0.4586528680364672 -0.0658235188049663 0.8861742554453136 6.5307483104566115 0.0296183610713118 0.9978310235230089 0.058787763883943744 0.2821710248789551 -0.888121781812254 -0.0007161474409412526 0.4596076455015413 7.042708268788599
0.44303241420526196 -0.06773296501674683 0.8939432450740358 7.146165457096424 0.03294262477947071 0.9976983824526449 0.0592682134370118 0.31797076948229674 -0.8959001414421678 0.0031910972119842985 0.4442440246784277 7.330977623008173
0.43258678193632394 -0.07009463500612459 0.898863403547688 7.750408740762035 0.035562888998031124 0.9975239481927978 0.06067333605437206 0.35132326102504957 -0.9008906465382408 0.005719696251656945 0.4340084423772189 7.606280744813248
0.4258787710193972 -0.07165321697995798 0.9019385172457328 8.36183741465445 0.03606784201035686 0.9974113277816883 0.06220734671632873 0.3874302944196035 -0.904061050575526 0.006038187575146996 0.4273606873860575 7.890184097660696
0.4197685567016874 -0.07363305885659607 0.9046394483151857 8.954300081306105 0.03656350930816943 0.9972665927837681 0.0642063291625199 0.4248359561028324 -0.9068944087332625 0.006124994765345105 0.42131344133254384 8.161146109822024
0.41149078173704823 -0.07546483903936325 0.9082843137554429 9.605874910640972 0.036224642640420024 0.9971329363016295 0.0664355522899031 0.46307394020256093 -0.910693753031724 0.0055646573347852835 0.4130446982806336 8.454242461849944
0.4043013749796133 -0.07641738555348615 0.9114278805120919 10.270157174317081 0.03587511590016573 0.9970616536105311 0.06768334328757018 0.5022338918308409 -0.9139219738296831 0.005333112093631891 0.4058548800577036 8.747909286658663
0.39906057782787263 -0.07755701644755508 0.9136386399575261 10.933002807193871 0.03613730943752121 0.9969725130128498 0.06884695464187052 0.5441572845652122 -0.9162121752576208 0.005542336745146967 0.4006551290238304 9.036475773327737
0.39180327140220994 -0.0784534831447111 0.9166980132524499 11.669516182178576 0.03588221880590991 0.9969027452639425 0.06998130363732855 0.5913458974506666 -0.9193490430147252 0.005474254988370612 0.3934048419125409 9.351473014220215
0.38517122397844417 -0.08122628760636819 0.919263519574575 12.381156615989571 0.0355921138406126 0.9966853383758378 0.07315420493039793 0.6360040749089357 -0.9221585165530405 0.0045416371860091745 0.38678552697892743 9.648637316876707
0.3785568479759515 -0.08401166543047447 0.92175742629073 13.109454843577053 0.03374995134852964 0.9964628126391226 0.07695975449090868 0.6870541777301421 -0.9249625147185612 0.0019756262113765632 0.38005321109890483 9.951124573403952
0.3672600119666836 -0.0891363560705285 0.9258373472898461 13.897742366464206 0.03649411436441202 0.9960118489363934 0.08141606963655376 0.7372006271655267 -0.9294020998615123 0.0038867473258384147 0.3690482759318034 10.257655083815692
0.35737051842161527 -0.09183839460287586 0.9294364001048336 14.674752635775656 0.03781535673879492 0.9957604474145842 0.08385183456206885 0.7886482027704067 -0.9331968234824761 0.005180795447935545 0.3593283289705155 10.549331634490313
0.3463261005696307 -0.09363859045109409 0.9334291866245485 15.435351606305918 0.03909124379164648 0.9955821836812047 0.08536972645725158 0.8395825608978156 -0.9372993687840914 0.006923143425942531 0.3484565444385393 10.826461857401902
0.3346145513146919 -0.09344126604996617 0.9377109532512922 16.200792608665264 0.039079938742766857 0.9955917198957038 0.08526362450058231 0.8972347508936098 -0.941544401733837 0.008115237155755288 0.3367911555988026 11.099757491606283
0.3197758311319631 -0.09309964049241225 0.9429082006028191 16.93416793141487 0.0401128041680784 0.9955988891291991 0.08469837605573341 0.9488533878293608 -0.9466437454320584 0.010738198400506355 0.32210294989253946 11.343228373606221
0.3012244902055977 -0.09263043464591417 0.9490434179096798 17.75272192576728 0.038429975502273374 0.9956411866038766 0.08498096563889812 1.0089758567694576 -0.9527785385299528 0.010873367249106293 0.3034712941966565 11.607504837185113
0.27911649000791944 -0.09183609669526323 0.9558556984971306 18.57379716411633 0.0348307376115846 0.9957294869737767 0.08549624838770746 1.0669117023687744 -0.9596253460195244 0.00942974627006933 0.2811232383887717 11.854715609468
0.25449897500903557 -0.09222344458392084 0.9626656262630484 19.327034596298702 0.03164915097769922 0.9957035715804352 0.08702142715651387 1.1195192626668664 -0.966555018072816 0.00832068573148436 0.25632433210137656 12.058471112222476
0.2251852665238555 -0.09291238790315277 0.9698757053946212 20.123194359639523 0.029553822611773167 0.9956360110916085 0.08851838784468688 1.1742737876714955 -0.973867633361748 0.00873049779363317 0.22694847674893825 12.245862000230668
0.19432703091285147 -0.09320994203796401 0.9764982907111899 20.916578780267255 0.02805673171663261 0.9955961071379102 0.08944948997741717 1.2309758842113192 -0.9805354786350042 0.01001489676025382 0.1960864018255853 12.406909678469445
0.160781053976166 -0.09363530429403158 0.9825384890537763 21.75414491981606 0.02784300078230107 0.9955238202365811 0.09031661336100046 1.2933502122027036 -0.9865972937271572 0.012835619631625675 0.16266845692672643 12.54761516586639
0.12882546729151362 -0.09279169444155753 0.987316413526985 22.60749516220005 0.024975409246769026 0.9956003571794292 0.09031144842792616 1.3608556488082033 -0.9913527262836777 0.013024216938387671 0.13057619179261687 12.664344923409644
0.1007540343876192 -0.09077022302917431 0.9907620254964622 23.41634184708721 0.02313786203297235 0.9957738803986316 0.08887642238746511 1.4243032454660296 -0.9946422793623653 0.01396945693597014 0.1024284646851279 12.751126126642193
0.07142162879371361 -0.08787951207458095 0.9935673818609317 24.282154095849027 0.025581666645183104 0.9959449593176061 0.08625089183021062 1.489265345273016 -0.9971181119968223 0.019256930372869664 0.07338011556618551 12.814519371649602
0.04141967235411842 -0.08491186462019161 0.9955271899796608 25.141303826613342 0.028892139732418855 0.9960673674117317 0.08375585853625249 1.5543236498362567 -0.9987240134310179 0.02529377046200519 0.04371006945837003 12.849554666420063
0.011945614352690925 -0.08132220939464666 0.9966162754826506 25.98613460631017 0.03159743823062952 0.9962203493414878 0.08091117015088743 1.6161935059334418 -0.9994292892421148 0.030523987568755642 0.0144700375916621 12.862312595999144
-0.01478245079541779 -0.07863572675042288 0.9967938109894713 26.808990729932653 0.034654127066140974 0.9962635419669845 0.07910781519345783 1.6722954982386182 -0.9992900332865152 0.035712426770402345 -0.01200216432164819 12.84945970971288
-0.037789121345320364 -0.07481540844460371 0.9964811272508957 27.627641628237377 0.04185844723256922 0.9961996352878186 0.07638165386855122 1.7285815065898589 -0.9984086601703867 0.04459754826987766 -0.03451385207549379 12.808753360315796
-0.06475946130500959 -0.06762320486841158 0.9956070079779523 28.485970770638794 0.046563894072129894 0.9964097533244662 0.07070648660990282 1.7845686939269496 -0.9968139324569681 0.05093825324058271 -0.06137815911603922 12.754658079104509
-0.08962168060759118 -0.054218695644611695 0.9944990132763672 29.34041773458849 0.050083876214726444 0.9970085521449594 0.05886894166807929 1.8346348030625659 -0.9947158185674837 0.05508429896448468 -0.08663809958218388 12.682577798015133
-0.11000114010369055 -0.03762652013503488 0.9932190061403459 30.148183494877923 0.05139414543506375 0.9977310801274153 0.04348946496315096 1.877917230574112 -0.992601829028583 0.055829532778892514 -0.10781777348286703 12.597932476735895
-0.13053407216431878 -0.023131432881657706 0.9911739468009851 31.01033813161929 0.05130159665718217 0.9982309360668147 0.030052361963664613 1.9092689769841082 -0.9901156509138841 0.05477166322116469 -0.12911646960540357 12.490711419943885
-0.15038685520838785 -0.01413637225675483 0.9885261538067419 31.827487240408914 0.053749787820467534 0.9983019641630251 0.02245325494224155 1.928968336520417 -0.9871650085420302 0.056509745422051116 -0.1493716659294822 12.365583371840584
-0.17089201253616276 -0.010248551975164562 0.9852364625985747 32.65182207644166 0.05628383580673386 0.9982115327604999 0.02014610857744869 1.945636133275799 -0.9836808679029093 0.058895696331277704 -0.17000954995362266 12.223620241983568
-0.19139157295125386 -0.012265208921205549 0.9814371250637325 33.43208807399812 0.0560743346989668 0.9981521308694902 0.023409242379127646 1.959960236272905 -0.9799106769452578 0.059513765557353854 -0.19035014294155705 12.077303179605508
-0.20918421765588247 -0.016817313690824752 0.9777316303791757 34.18776050714814 0.0571666090172351 0.9979318037475576 0.029395473845759936 1.976577931784647 -0.9762038423900856 0.0620426710367194 -0.207790194844373 11.911952314575961
-0.2261003841962702 -0.02069296048195085 0.9738841910888539 34.9402836860264 0.061083821788946197 0.997505530912663 0.03537629876488779 1.9924062651010153 -0.9721869074318762 0.06748716311372675 -0.22427237866689242 11.731062741108554
-0.24010655127069835 -0.020612612877923445 0.9705276730867782 35.721489825686675 0.06298431394003029 0.9973371395877062 0.03676419721027181 2.0110299219322045 -0.9687010995319429 0.06995534425157893 -0.23816890975995975 11.53952346920165
-0.2511341068775461 -0.018006278296887696 0.9677848078497163 36.47882871583848 0.06462282951142558 0.9972843524793672 0.03532435711724398 2.031641159101633 -0.9657927056406849 0.07141214351708254 -0.24928849851034274 11.339042944293453
-0.2581757738764333 -0.016087766453229194 0.9659640022039387 37.25645733461141 0.06617757057387137 0.9972182963828242 0.034295750644620045 2.052009500816067 -0.9638287186716553 0.07277948289101838 -0.25639295609253965 11.129040763003083
-0.26474753009887747 -0.014492009358007676 0.964208860657955 37.99887089670255 0.061837387393898144 0.9975740063352447 0.031972478861458625 2.070212842320405 -0.9623330415333567 0.06808879165484485 -0.26320910627131083 10.935884739763086
-0.2730552259140722 -0.015413225787680007 0.9618748754759285 38.76356352331154 0.06199657636346825 0.9975111814068205 0.033583738439577335 2.090604264727704 -0.9599985771448953 0.06880316445620281 -0.2714200737612991 10.715993600815429
-0.27969651391234795 -0.014360928389637005 0.9599810538969338 39.519705834342545 0.0637000662231296 0.9974073270728806 0.033480224976855245 2.104812097700868 -0.9579729441213092 0.07051515891721194 -0.27805656024347214 10.491879856775233
-0.2852252628204643 -0.012645943169701798 0.9583770810961341 40.26781702693604 0.06644827722955048 0.9972461747630086 0.03293468344727139 2.1217341527002653 -0.9561543682388436 0.07307630971728007 -0.2835995011559122 10.263617470993815
-0.2894455112035107 -0.009587691410095262 0.9571464737528751 41.06991759316976 0.06869630057459974 0.9971632162134338 0.030762615594987563 2.1411587507210847 -0.954726198620056 0.07465652285169401 -0.2879657779393098 10.020497418683371
-0.29071478955518615 -0.007562425318693923 0.9567798706375376 41.859529588126136 0.06941634187053619 0.9971669378578016 0.028973600477121615 2.163502244547327 -0.9542883644974388 0.07483921276038513 -0.2893662205894273 9.78386059444444
-0.29118311989037987 -0.00770041842147938 0.9566363437832783 42.648940336847005 0.07233246761833811 0.9969280438151207 0.030041464398379118 2.185159300988188 -0.9539289306961745 0.07794343468882517 -0.2897316278381808 9.540434680738093
-0.2890570040988116 -0.008362001859204271 0.9572753654546464 43.47087090207058 0.07236222321488255 0.996910167505926 0.030558576123678134 2.2065792928996166 -0.9545730757950486 0.07810374413697324 -0.2875587733298483 9.295572627303411
-0.2817225746972446 -0.009426039836655242 0.9594496029906697 44.336228280102944 0.07187012586774064 0.9969353187819443 0.030897494605530006 2.230617986762713 -0.9568004368277175 0.07766028546265732 -0.28018173414437275 9.04888459468122
-0.2745579776846181 -0.009728476107077666 0.961521332910699 45.1743650779332 0.07095250979245477 0.9970179302790403 0.030347785030394325 2.249750253330626 -0.9589492469593398 0.0765545782741531 -0.27304896685646374 8.81213112993373
-0.269325344009781 -0.010463111268774548 0.9629924103421533 46.06023883448573 0.06896169964774274 0.9971644757523683 0.03012129278764271 2.274760460244699 -0.9605769844503395 0.07452202090712261 -0.26784011152964143 8.572297401578124
-0.26576698978341234 -0.012354585109116748 0.9639581273936362 46.952584114352135 0.06629311845630205 0.997316668080307 0.031059394947970966 2.297867210346228 -0.9617552337194755 0.07215835222603777 -0.2642348247624085 8.341107036572451
-0.26366942702047025 -0.013803780712857601 0.9645143279872668 47.87992992473725 0.063615556074575 0.9974719655881807 0.03166605265855345 2.3236989367565872 -0.9625131138223624 0.0697074852772858 -0.2621247264496378 8.097309710746288
-0.2622844855878037 -0.015499621530206058 0.9648661100652056 48.83064039112468 0.061609553846759084 0.997562141781954 0.032772490875792495 2.3481076581816342 -0.963021864494646 0.06804068647376349 -0.260690148431878 7.8464342560347715
-0.26251512114547126 -0.016782608912172172 0.9647819210619983 49.74971314827002 0.06067229746374779 0.9975831982155917 0.03386199873637209 2.37165367222437 -0.9630185270753877 0.0674248224028261 -0.26086243469211556 7.60386553309864
-0.2632808063268014 -0.017112762628097834 0.9645674524755351 50.697962148696085 0.0628802862593491 0.9974121187947744 0.03485878485060891 2.3966926650289055 -0.9626677966047538 0.06982992651115358 -0.26152341146366853 7.345052624530599
-0.26277633541044654 -0.017803096547517248 0.9646925143803992 51.674917080014595 0.06340474084611483 0.9973499895699588 0.03567684323255665 2.427002540572845 -0.962771227440088 0.07054110899414032 -0.260951174657987 7.081413084285909
-0.26164146065952076 -0.018497237045918394 0.9649878746832106 52.63237799124853 0.06435109143566867 0.9972572592789438 0.036563586346088764 2.4540728954395306 -0.9630174884678839 0.07166457309659204 -0.2597335285786042 6.823056469188738
-0.26257101989084314 -0.01890147751370046 0.9647275230142868 53.6337947727604 0.06504686273394539 0.997187038371333 0.037241323186494146 2.483365632426911 -0.9627176975427186 0.07253099097633173 -0.26060293587378786 6.550763952830681
-0.2613307981042082 -0.020671172476728596 0.9650279356529816 54.63052443891803 0.0644588375772702 0.9971652052013169 0.038815097500883106 2.5108223665145544 -0.9630946330555503 0.07234815937018231 -0.2592575391677974 6.288101035382796
-0.2610725996051592 -0.021305495319028027 0.965084024116354 55.647378125152514 0.06544841038985497 0.9970652463804306 0.03971649578918672 2.5383222339535636 -0.9630979198985145 0.07353210407395017 -0.2589120050472988 6.015834843057685
-0.25831388776856584 -0.02186563671793116 0.9658135582589472 56.647484656403506 0.06566881746904737 0.9970339528807437 0.04013605879027642 2.566828606049905 -0.963826510217532 0.07379153565226196 -0.2561118260994116 5.749963660084378
-0.25617665866171624 -0.023471454437972033 0.9663449748322207 57.59652052155422 0.06653261517405744 0.9969061475830228 0.04185145193750998 2.5927362103900276 -0.9643375605435162 0.07501482345338906 -0.2538224686414454 5.5009786673313315
-0.2543346690756911 -0.026115258250711322 0.9667636057447847 58.60500061939798 0.06830986791654695 0.9966535670548995 0.04489353207277022 2.6199529108344737 -0.9647008023482632 0.07745747583831786 -0.2516996253183023 5.235220633988252
-0.2512898930653399 -0.029009829007111607 0.9674770382103073 59.57776134839223 0.0685260339943934 0.9965093491885995 0.04767913217240103 2.6494340486238874 -0.9654830771733958 0.07827864843424542 -0.24842479926750183 4.982533638229985
-0.2498446575895995 -0.030510368599574178 0.9678051273277354 60.571540872118796 0.07004502116487693 0.9963153448908307 0.049491701779965744 2.678209298390026 -0.9657491092845739 0.08015516791188974 -0.24678696678120804 4.728384344841223
-0.24930359772774113 -0.03096360992055032 0.9679302511135257 61.553823430686656 0.06990638344336556 0.9963058843263852 0.049876672006953164 2.7110336581132857 -0.9658989666180797 0.08009893705479515 -0.2462180874119897 4.4815919927961225
-0.24669117520344563 -0.031136912749812683 0.9685938037903988 62.55618204186598 0.06976379610442847 0.9963198964316448 0.04979635255253702 2.7412438541651913 -0.9665797829614703 0.07985710136767664 -0.24361109689689842 4.226279276760194
-0.2455891565692937 -0.030604891625176184 0.968890761017048 63.51075567574067 0.06831550836348732 0.9964699209953435 0.04879229312680991 2.768939568717207 -0.9669637829270658 0.07817312300366072 -0.24263141871413374 3.9896836595399585
-0.24666614739182324 -0.028808548193525556 0.9686722248943946 64.47255794076034 0.06781713944104677 0.9965944311363452 0.04690815948274083 2.7987376924400618 -0.9667247008993352 0.07726323432918109 -0.24387239551061346 3.748569392814308
-0.24853414115999728 -0.028259977261425765 0.9682108005816948 65.43242700023346 0.06634877098770801 0.9967298739669768 0.046123734998320565 2.828768805165247 -0.9663480849395228 0.0757029195405192 -0.2458463884354587 3.5104719539547085
-0.2516735673088787 -0.030806571289946023 0.9673217513750951 66.4165728721738 0.06509910631160859 0.9966907503897551 0.048679096591217844 2.8609317913109527 -0.965620278305843 0.07522302342278399 -0.2488352363948524 3.2595686603506557
-0.25461667587971043 -0.03461082030831503 0.9664224953308733 67.39189672823449 0.06688972915854952 0.9963354518688359 0.053305079330384295 2.8916898443907026 -0.964725926103918 0.07821610107201842 -0.25136851241957375 2.9995538115838145
-0.2587749020550503 -0.036414554824611284 0.9652510193018834 68.38036156916345 0.06544405164677387 0.9963320397153417 0.05513204821808865 2.929693950415751 -0.9637181258907886 0.07743672793702377 -0.25544260998500984 2.740285887565691
-0.2620326647135159 -0.035098094351452086 0.9644205547353453 69.38633321557619 0.06729167057959655 0.9962415864911514 0.05453927407108885 2.9674445472672466 -0.9627100880814232 0.07918854158583077 -0.25868602820362746 2.467625169764954
-0.2665167545597054 -0.033455763533214264 0.9632494647937114 70.37751132661857 0.06787979873285908 0.9962642753153721 0.05338376770445467 3.0067846857571934 -0.9614370246994591 0.07961284831449184 -0.26325015084574105 2.198565853185788
-0.2693209195150661 -0.03243842932497169 0.9625040210900359 71.35567534478028 0.06701001166955128 0.9963790409063018 0.05233034663256686 3.0442484882801293 -0.9607163476529407 0.07859106275885838 -0.26617201995481654 1.9344078506474485
-0.27126992678222733 -0.03122333581352555 0.9619967412232957 72.29088649726529 0.06755374179731075 0.9963913249175087 0.05138890540101119 3.0820618233681074 -0.9601297406042306 0.07892674407200401 -0.2681817485912214 1.674079732220035
-0.2724744247694709 -0.0320272128172162 0.9616298380799687 73.20926444836746 0.06812509372683943 0.9962952985970941 0.05248475586335833 3.1179910803922173 -0.959748227115453 0.07981187651275796 -0.2692831315107892 1.4188077033978064
-0.27424094865891707 -0.03879501043502179 0.960878165660977 74.22048372076686 0.06858192799517186 0.9958527861945854 0.05978082787103835 3.159644118993652 -0.9592123963080973 0.08229322811646293 -0.27044297619840224 1.13596225528042
-0.27371843592555184 -0.048027706827614605 0.9606099922504193 75.19329809931196 0.07038041024652576 0.9950747868500065 0.0698052034517879 3.2063816620916974 -0.9592313671309965 0.08671509644978473 -0.26899010457580813 0.8615693763204462
-0.27379993403998076 -0.05090261576841887 0.9604387121662866 76.1374930061383 0.07158764081891741 0.994749887014734 0.07312914580490808 3.2511837879986527 -0.9591187652223702 0.0887782968529277 -0.26871845527653954 0.5969375560438648
-0.2730818534309379 -0.04642298429086131 0.9608700265156855 77.06117944751128 0.07041442310063294 0.9951910048299077 0.06809311951323346 3.2966375940900647 -0.9594102930165638 0.08625410387436003 -0.26849975645929797 0.3401274029328367
-0.27160216577914825 -0.04043606681446789 0.9615597683163809 77.96567907186899 0.07058044310611378 0.9955896533071378 0.06180326268667206 3.3428520738220193 -0.9598180372315478 0.08465321451870002 -0.26755031055229644 0.08636518332436183
-0.2704195872983666 -0.03890671181439541 0.9619560876574212 78.92530555094528 0.07440458815874866 0.9953500668827104 0.06117353690535127 3.3901098939630634 -0.9598631173590887 0.08811646913247806 -0.266267316434663 -0.1870287081073978
-0.2690562398427515 -0.03981324750167838 0.9623012236950808 79.8523135591522 0.07700507070549184 0.9950573230414654 0.06269882731913716 3.43335807063515 -0.9600411235396753 0.09097158449165803 -0.2646605598266488 -0.4469758403100327
-0.26652581611504494 -0.04255681768662328 0.9628877954427488 80.75529084727376 0.07769320166854521 0.9948250901676952 0.06547370760334184 3.480557065184894 -0.9606912905604486 0.0922602690285729 -0.2618401936297698 -0.6899572336816
-0.2640002960262941 -0.04686542375926723 0.9633833482855584 81.67537185114382 0.07779679126111363 0.9945298509014846 0.06969960498701232 3.533045423832928 -0.9613799992549793 0.09334884960049132 -0.25891019545541466 -0.9344247171087628
-0.2600956591476628 -0.051968406894053486 0.9641833501867979 82.59671392884817 0.07830310814986435 0.9941266325961953 0.07470516459402583 3.5871282225041465 -0.9624026555172288 0.09492904217279315 -0.2544987339959525 -1.1730671859611184
-0.2577887517440288 -0.054829612067426516 0.9646443246683158 83.53963469377933 0.07429553252040039 0.994307683775813 0.07637017632484586 3.6409840459108564 -0.9633406112698486 0.09135613621926791 -0.25224774142362694 -1.4064907441484498
-0.25587522404466534 -0.056877820037190746 0.9650351202458433 84.49657757015412 0.07072182629947404 0.9944913256182415 0.07736553854876041 3.699905332712254 -0.9641194391801046 0.08804497065641884 -0.2504431874440809 -1.6411701373901482
-0.2544242875206887 -0.057904802146059746 0.965357610322732 85.40076889103825 0.07272139471618888 0.9942342250241166 0.07880294754148921 3.75068680134847 -0.9643546446562709 0.09025153560532985 -0.2487464163576184 -1.873062038187365
-0.253781732998739 -0.05642229055255751 0.9656144971596892 86.33255894327434 0.07610624992782984 0.9940374905731644 0.07808524865125827 3.8047787488396243 -0.9642627602049554 0.09330590797912483 -0.24797446807708184 -2.1122430301336017
-0.24840103429293542 -0.05508275358657271 0.967089869877418 87.2852551679247 0.07763287737212889 0.9940382344437331 0.07655798335190298 3.86416584547624 -0.9655413313334258 0.09409505152401568 -0.24264389290804117 -2.349662486011069
-0.2410524856275848 -0.05565808744560406 0.9689147931963165 88.21041146225423 0.08264769025712788 0.9935502964788805 0.07763483536332569 3.9197901252207776 -0.9669865864984504 0.09879263974925626 -0.23489775619074943 -2.5774396773976838
-0.23264057711774855 -0.05558947446298647 0.9709727968420384 89.14773153609374 0.08751189809923234 0.9931188081054977 0.07782480760134053 3.9764219215611183 -0.968617586857368 0.10307688060882067 -0.22617499223955873 -2.8005471806405966
-0.2217671108109171 -0.05585703625782125 0.9734985054241592 90.08054519240557 0.0878946672077466 0.9931487316996856 0.0770072996523443 4.034426894697379 -0.9711302055023407 0.10264301351674605 -0.21533818922147357 -3.0028685184765713
-0.21079449512195392 -0.057868113532331 0.9758160493978822 91.02529421748325 0.08837630390739841 0.993030093964405 0.07797987810142187 4.09556697903575 -0.9735272516647637 0.10267674477336486 -0.204211107310052 -3.1962932348855637
-0.1984444613759172 -0.06108939730409822 0.9782064614825666 91.96659413543848 0.0910855224776334 0.9925868817271011 0.08046558157526909 4.1553548019880155 -0.9758704951704394 0.10506839563014075 -0.19140900944184824 -3.3811027829600877
-0.18684303288392706 -0.06294999861956169 0.9803708373551985 92.87905625737346 0.09241851941789944 0.9923927478235823 0.08133542485143277 4.212752017324817 -0.9780329740511509 0.10580137872899817 -0.1796039251455937 -3.5448447643486003
-0.1735508383318643 -0.0636925117609362 0.9827631303930212 93.79009227389103 0.09452808439031372 0.9922215759083575 0.08099867630667792 4.273064284411342 -0.9802777911264772 0.10695610430227565 -0.16618015518308998 -3.6994227718805273
-0.15814775840948941 -0.0647332336918408 0.9852912741752319 94.70119208131891 0.09877673586230996 0.991806230766936 0.0810157828097175 4.331469098286354 -0.982462438448637 0.11013632038379254 -0.15045779464646353 -3.8470255414167838
-0.1448127800806967 -0.06320700734102959 0.9874381666455327 95.60470748243657 0.10131884507814994 0.991764532364241 0.07834286168100045 4.383405291224631 -0.9842579694151985 0.11139114223011427 -0.13721611813245854 -3.9736633422535235
-0.13146995156136437 -0.05568971626402702 0.9897546702788954 96.53305412617324 0.10358176227145 0.9921838094819968 0.06958524790883294 4.438435639296785 -0.9858937419221169 0.11166890213584571 -0.12467391842154324 -4.092520145613804
-0.1156064851528193 -0.052373442758685836 0.9919133848699765 97.47279079818234 0.10133075512926526 0.9927772695830357 0.06422905155913207 4.489756930240659 -0.9881129584493588 0.10793662720715068 -0.10946445017265066 -4.192928157755936
-0.10080324915338867 -0.05589338060300621 0.9933351070836506 98.44105809599633 0.10135906409810601 0.9926488580421727 0.06614064372779047 4.540630522819994 -0.9897297838729903 0.1073507085786487 -0.09439692941185196 -4.28230942663126
-0.08556959706301509 -0.061278622738405585 0.9944459635665265 99.40396441893385 0.1028553010624787 0.9922307334948892 0.06999256068712457 4.587882159483505 -0.9910088955714879 0.1082732741884077 -0.07860195286824473 -4.35786024784744
-0.07276873965122577 -0.06155598563227238 0.9954474226007177 100.32961496338962 0.10170764815043001 0.9924321102435542 0.06880451195404574 4.635339489666651 -0.9921493157974159 0.10625143382733981 -0.06595731932358961 -4.417124416170298
-0.065262871797381 -0.05662556521700725 0.9962601582561721 101.26721875671338 0.09953324919893099 0.9930401922043044 0.06296275860174622 4.682462315982369 -0.9928916808336457 0.10327014104131321 -0.05917252825970143 -4.46718881115389
-0.05925929165764765 -0.05020567961145077 0.9969793007314577 102.21680710628326 0.09554269763405497 0.9938641809309658 0.055727756021824545 4.725728905291124 -0.9936598659908941 0.09855647922472076 -0.054098901299248214 -4.5091208315274365
-0.055550807023581616 -0.047886915698225146 0.9973068490409259 103.12244905562846 0.09299820614096999 0.9942588895677432 0.05292064030300461 4.76235698548518 -0.9941154065266219 0.09568753220994583 -0.05077848644829952 -4.54822127160104
-0.05294137037828356 -0.04816105256506647 0.997435574018841 104.05403936357138 0.09491314516578339 0.9940717464620437 0.05303638148141304 4.799574228034723 -0.9940768110046672 0.09747756614589814 -0.04805640353858914 -4.593696137756986
-0.049826110262312706 -0.04848305133461041 0.99758044912148 105.03262323888885 0.09389665863304482 0.9941698345772905 0.053007145877821266 4.836844514201922 -0.9943343382553363 0.09631061078535794 -0.04498321927645893 -4.636751209764261
-0.04626746170759127 -0.0521577417370631 0.9975664849843475 105.98376023490394 0.0937644101148233 0.9940001417308142 0.05632009974192742 4.875431812042703 -0.9945187566772966 0.09614202107305242 -0.04109932360797369 -4.674143660866748
-0.041940743700019156 -0.056559066194376506 0.9975179427203854 106.94420597718549 0.09388601133249899 0.9937555777867659 0.06029318778904898 4.916026040612211 -0.9946991459199931 0.09618172201053478 -0.03636874285873842 -4.707268674334313
-0.037748028857759575 -0.06058667623862973 0.9974489164762821 107.93000938960348 0.09312110922296313 0.9936036220794637 0.06387723544154887 4.960023106926307 -0.9949389656327863 0.09529478922231559 -0.03186467970395629 -4.736460291668403
-0.03548049479213167 -0.061664894311429734 0.9974660772672251 108.90169074536202 0.08946698332869744 0.9938908916128842 0.06462626759305118 5.006434488608554 -0.9953576208495961 0.0915332528565782 -0.029746768532491474 -4.755187916661671
-0.0318732318693406 -0.06084557891925419 0.9976381671809594 109.85213222395159 0.08668272842441709 0.9942161482359453 0.06340627082379027 5.050694069910298 -0.995725967163206 0.08849896108351721 -0.02641462102768294 -4.77578219993739
-0.02913524143576468 -0.059755871477421924 0.9977877397174478 110.72607039964697 0.08665310848914023 0.9943025868311428 0.062077408209967225 5.08661287831205 -0.9958124203361037 0.08827004953477395 -0.023791213913534615 -4.795999335547192
-0.025722845975264086 -0.05841892682443506 0.9979607027251195 111.65789396692855 0.08678748146055934 0.9943913201507337 0.06044696411412288 5.128189890137759 -0.9958947074147276 0.08816536393370297 -0.020508543238655363 -4.81456883029445
-0.020561813605679935 -0.06021521396973813 0.9979736167994744 112.57039933695857 0.08622089641635035 0.9943590809480691 0.06177357976734464 5.173434612502488 -0.996063837734513 0.08731635667324973 -0.015254016353196176 -4.8283547522403465
-0.015442846000098986 -0.06501755353500764 0.9977646196572316 113.51550052870077 0.08544206855666135 0.9941478134661703 0.06610429563342946 5.219885213477242 -0.9962234545663822 0.08627191149357635 -0.009797237318168672 -4.836306289555558
-0.008335484641652569 -0.06997177316256609 0.997514145592069 114.43758165964037 0.08593809386593612 0.9938079645688799 0.07042991965173408 5.264575762957158 -0.9962656090212482 0.08631153179006014 -0.002270630215405356 -4.83398258143625
-0.0043604109912736555 -0.06757247980043884 0.997704839513975 115.32691583075885 0.08533295775174685 0.9940499398202259 0.06769788375380753 5.311987689527324 -0.9963429495597015 0.08543229551536546 0.0014316932805245597 -4.826817544946444
-0.00204287578753487 -0.06580135858658749 0.9978306508955697 116.22776143795342 0.08548633804083332 0.9941685027303192 0.06573487801254352 5.3591011090609495 -0.9963372484590172 0.08543517652065177 0.0035941544207215292 -4.820305636896454
0.0034613985421104165 -0.0652714966239197 0.9978615387159716 117.13753349346287 0.08490371901800345 0.9942835161555985 0.06474293782469286 5.405645541762853 -0.996383147798599 0.08449805459141506 0.008983404322507271 -4.809244213378125
0.009095470010214546 -0.06720612793379882 0.9976976539981636 118.05757538971977 0.0857272054839649 0.9941179983374526 0.06618346939717419 5.452236389503065 -0.9962771294500358 0.08492786203409632 0.01480336397965526 -4.793108999632769
0.015527570184929396 -0.07001024286300385 0.9974254159877897 118.98528374110572 0.08772238847961865 0.9937945580252265 0.06838975799690852 5.494341727909907 -0.9960239340114186 0.08643461305349878 0.021572680471118433 -4.775020421721195
0.02225995140717668 -0.07179673373468312 0.9971708597769902 119.91117522722652 0.08904256443018782 0.9935964909281731 0.06955167097142197 5.5400944907673555 -0.995779049931784 0.08724243371348663 0.02851037489585001 -4.751823704144971
0.027774143211669267 -0.0721417235754752 0.9970076071366846 120.7932945494889 0.09045538711578115 0.9934817956161905 0.06936674074053269 5.586858327084872 -0.9955131440169899 0.08825810726947315 0.03411871320284965 -4.722557964122533
0.03384300777313359 -0.07306076360594281 0.996753116697502 121.65644523751527 0.08830914340420405 0.9936421181245814 0.06983434885578174 5.633714999035563 -0.9955180289759112 0.0856590095098691 0.04007977137790103 -4.688943996442168
0.04028492468804862 -0.07483846403610324 0.9963816182284753 122.51906413957242 0.08622199352259456 0.9937318373888011 0.07115337794417707 5.679882101423701 -0.9954611457389324 0.08304360096114645 0.046485133790685806 -4.646404373862858
0.04299469606096501 -0.07651615792789071 0.996140920596368 123.40106450743687 0.08847421115125256 0.9934372348531342 0.07248982251683538 5.7257953660936245 -0.9951501243891743 0.08501610425862154 0.049482238681150814 -4.608284767643699
0.04659836537122586 -0.07804955285750673 0.9958598594398075 124.30525987334873 0.08866531031842637 0.9933309627836244 0.07370251774189894 5.775308270804144 -0.9949708815291366 0.08486380662037872 0.053207886962668094 -4.560494389992642
0.049620969559109496 -0.07833701118747566 0.9956912533803979 125.20212134158604 0.08869562770813208 0.9933261627309606 0.07373072669956375 5.8242928679461645 -0.9948220167474555 0.08465487057694109 0.05623795766319212 -4.510925835176511
0.054594099488055714 -0.0809001768343571 0.9952259269579237 126.12790273035161 0.08923825127505275 0.9931192216294689 0.07583367417875113 5.876600426733408 -0.9945129555769795 0.08467215019265893 0.06143783989768026 -4.455367695194377
0.05925613171498317 -0.08420074050105943 0.9946853503260468 127.00734907899351 0.09058707363793166 0.9927785707242553 0.07864281022713396 5.931519822313902 -0.9941240832732566 0.08544556635530193 0.06645571643078702 -4.397496822183687
0.06362858294607515 -0.0861942262117413 0.9942444160265793 127.93409066814436 0.08730354207504976 0.9929244818356082 0.08049263887237817 5.985324995455573 -0.9941476223244838 0.08167942665842015 0.07070343900636883 -4.32912538943774
0.0674687964881242 -0.08680403802968657 0.9939381371504893 128.88702002838633 0.08458803525174703 0.9931190161249369 0.08099064207231976 6.041709234013345 -0.9941291796304409 0.07861093303592151 0.07434712781626862 -4.252805621177752
0.07029373152425666 -0.08750841155331068 0.9936805669911292 129.79503935265606 0.08247743845181238 0.9932437412688033 0.08163542476632185 6.096983858719882 -0.9941107903321557 0.07621776917338041 0.07703627851480155 -4.174034433407276
