1.0 0.0 0.0 0.0 0.0 1.0 0.0 0.0 0.0 0.0 1.0 0.0
0.9998531972000622 0.0004226728919685988 0.017129080431828203 0.021916979923844337 -0.000407913300947922 0.9999995425581473 -0.0008651533014919313 -0.0026691558305174112 -0.01712943827311785 0.0008580391148237472 0.9998529122392578 0.15008941292762756
0.9993058747203 0.0015268560095662539 0.03722146504669538 0.04632962829081547 -0.0015274817227825257 0.9999988333315207 -1.1626869777144395e-05 -0.006209609042504017 -0.03722143937414135 -4.523630828110752e-05 0.9993070411062827 0.2936137094543406
0.9980643479250939 0.0007423491545948109 0.062185258048752454 0.08359260795273238 -0.00080235201060784 0.999999236372683 0.0009399389886130214 -0.014641282879881907 -0.06218451279947712 -0.0009880140605850113 0.9980641814012303 0.4806032447009576
0.9959991843016494 -0.00019705485337830118 0.08936210628579695 0.12373512298293433 -0.00010965177285186378 0.9999941209307955 0.003427255510488618 -0.023646599037751275 -0.08936225627712195 -0.00342334240622001 0.9959933071461032 0.6355069792119988
0.9928039359059487 -0.003390617661227515 0.1197031685526012 0.18622207185699613 0.0027608278872730827 0.9999814641685697 0.005426706981286207 -0.03260654990691974 -0.11971934964338028 -0.005057176204094264 0.9927948943713435 0.85240160336909
0.9879590228065885 -0.0064202949750023185 0.15458249922770945 0.25963438253431653 0.00544837486568768 0.9999626433188237 0.006710229366735219 -0.04290358582101378 -0.15461980619045468 -0.005787208244500362 0.9879570961101303 1.0532454389249655
0.9813286616510979 -0.007444227227189154 0.1921942800997336 0.3404681812014231 0.006044561062163379 0.9999507787326777 0.007867870962158586 -0.05177986495422252 -0.19224339027293152 -0.0065592372194772505 0.9813253564967471 1.2810006944212662
0.972573738292242 -0.008171713315604323 0.2324511705406995 0.43343912575357957 0.005840630782404423 0.999925537600811 0.010714769516557286 -0.06323415868857703 -0.23252141969357878 -0.009063241981591929 0.9725490460786366 1.5198675352923252
0.9616585735541119 -0.01120539325793424 0.27402048659143297 0.5452205478749494 0.007016331309510538 0.9998431350994108 0.016262727001839932 -0.06993231507462806 -0.2741597326465465 -0.013716572331170546 0.9615863438291217 1.7592974656225175
0.9482040082643847 -0.018598926049231038 0.3171170740612532 0.6869184292801528 0.012250579414903545 0.9996828833501095 0.02200127361792697 -0.08090640008145619 -0.31742571101811246 -0.016976827931830578 0.948131164606469 2.0113112870152436
0.9328380504815134 -0.02423244869822808 0.3594801246299121 0.8397113616475638 0.01595287495387913 0.9995351327371725 0.025981227930733285 -0.08751932873602045 -0.359942602861283 -0.018501536535395206 0.9327909818342339 2.2678765424521488
0.9135392101119714 -0.0270713288295037 0.40584880773928705 0.997268064380427 0.016364068242877804 0.9994210289774423 0.029829919681640046 -0.09268690013317357 -0.4064213686047257 -0.020609463677532705 0.9134532944537376 2.5188618790722517
0.8905890971632922 -0.030870465832316757 0.4537599303080517 1.1889412691064933 0.017370767833981803 0.9992746041382956 0.0338898502373585 -0.0934489739697684 -0.45447697019621364 -0.02229977272414336 0.8904793112126309 2.7788689058493397
0.8650936552726812 -0.03766452418786993 0.5001943134669297 1.4159714829917158 0.02132186253029665 0.99903683431605 0.03835077389055962 -0.09826955308406177 -0.5011570071197159 -0.02251193677734234 0.8650635045575223 3.067651639859027
0.836391651632325 -0.04333491260024734 0.5464165905512762 1.644713905746495 0.0252076584751805 0.9988561627130602 0.04063176299817285 -0.10102649536803615 -0.5475523527791207 -0.020210184562985862 0.8365273273515814 3.3145336380340242
0.8082795627626645 -0.04849287698661224 0.5867985934728862 1.8651375686522704 0.02799452079443807 0.9986406969140265 0.04396663817666424 -0.10019788588256191 -0.5881330251105493 -0.019110189654454726 0.8085384007118556 3.525946399098272
0.7754379597140423 -0.05293900202372805 0.6292006299259841 2.098444925552376 0.029597180419838408 0.9984312775317649 0.04752884342674208 -0.10131578410295217 -0.6307297182991453 -0.018233104810205715 0.7757883579580588 3.740652105455969
0.741231488089916 -0.05564672143852162 0.6689389534607417 2.3713416574824304 0.030373016888076323 0.9983175818311055 0.04939114953117181 -0.09138964423576555 -0.6705619739510476 -0.016292581134906826 0.7416745855770152 3.9782405593801875
0.7069448352212827 -0.055849915950860106 0.7050601299479607 2.6691143116650746 0.026873293557111676 0.998278585001055 0.0521314954867465 -0.07828071430881547 -0.7067579685064377 -0.01790680363921019 0.7072287609649937 4.227953979279586
0.6720750420697998 -0.05720215626358059 0.7382703103509405 2.9526467789046618 0.024992050447390796 0.9981960186242227 0.05459034545765236 -0.07158358135646564 -0.7400611699321293 -0.018237919879955048 0.67229223038582 4.427162162850168
0.6380009593436908 -0.058809478553766115 0.7677865726285948 3.2668087073190577 0.023730207278464154 0.9981073720899966 0.05673227513613788 -0.06606406645939963 -0.769669833850237 -0.01797551144850806 0.6381890220374473 4.628795651901576
0.6040206505728865 -0.061970838466484046 0.7945556423947084 3.6536017254233726 0.02372600025264536 0.9979285950950476 0.05979628754058126 -0.06163111810631081 -0.7966154220158672 -0.01726656512990763 0.6042397993637099 4.875715136756457
0.5735848769432477 -0.06325641402513338 0.8167000765438195 4.057259617907718 0.022052258309817177 0.9978449683261629 0.061799005571258406 -0.05187393354013674 -0.8188492454935992 -0.01743689395621356 0.5737437301476359 5.121798288008156
0.542400698986661 -0.06338648591004069 0.8377252742652319 4.472486309913062 0.02276450827308688 0.9978924001901 0.06076623080236607 -0.03982719829851317 -0.8398114424690024 -0.01388924212540327 0.5427004975594879 5.348556977944711
0.506040124173919 -0.06426105798702672 0.8601127304908541 4.97795439670408 0.02466198442685623 0.9978909608032291 0.06004512362663338 -0.02279803356187743 -0.8621572821998166 -0.009173155051353639 0.5065576709282267 5.604547514356305
0.47583756466000227 -0.06397679569398973 0.8772032727202788 5.48993403718437 0.026816383733036128 0.9979426006964304 0.05823613378932088 -0.004110173926855743 -0.8791242765513423 -0.004187520504382373 0.4765742030891985 5.855421169402412
0.45313729283868753 -0.06423880069228936 0.8891231468837386 6.007569341181623 0.03014216204938761 0.9979339602064734 0.056738533058348826 0.013771867220370177 -0.8909309983976392 0.0010897487055325367 0.4541373895000772 6.091848031030605
0.4336619401623839 -0.06295129628338192 0.8988739933666116 6.571662413527976 0.03255953263775721 0.9979999268386319 0.054185079722155305 0.030336147085703768 -0.9004872006247552 0.005768910324088029 0.4348442493406862 6.342947802604239
0.42123607843857885 -0.06360524204053469 0.9047179336161368 7.187903472985341 0.03582107000258706 0.9979262260910349 0.053479886158952814 0.05039483759732183 -0.9062433542738713 0.009880306911720631 0.4226409378772636 6.616169908988494
0.41371732363951175 -0.0654307496196376 0.9080510960979958 7.787433682872114 0.03983639587320347 0.997759761545739 0.05374495142823543 0.0688240357228144 -0.9095334175743038 0.013938265473230977 0.4153970234260289 6.873241077811483
0.4028059335335294 -0.06720094078085298 0.9128151036591968 8.411307801863487 0.041909960977917285 0.9976091981219166 0.054949458535787254 0.09024449450026592 -0.9143253989040289 0.016122077431740708 0.4046592931569391 7.143530108548305
0.39501580338569386 -0.0685413917148016 0.9161138535669862 9.00094223026442 0.0419959970226154 0.9975176215179224 0.056523720642784936 0.10974725415968369 -0.9177139267275134 0.016145351746717652 0.3969136887376693 7.392014602483007
0.38590469974989694 -0.06986787668981094 0.9198891468637943 9.643733884592299 0.04224683150576179 0.997420331512546 0.05803350336768123 0.13158121544615956 -0.9215708154768497 0.01646700009899403 0.38786088997097146 7.662146442067022
0.3742103273100905 -0.0709276083876177 0.924627441352942 10.342097090160676 0.04336198872950332 0.9973184596108364 0.0589544574471786 0.1567373863371441 -0.9263295141945428 0.018032317873238248 0.3762824293588808 7.943526196257114
0.3666439252528573 -0.07151002557926234 0.9276090492857596 11.022076891385778 0.04418465048379189 0.9972550321237051 0.05941479248110793 0.18257618155600344 -0.9293115455738203 0.019202008894936402 0.3687971449423062 8.212040927954833
0.3595945966039264 -0.07193360379315068 0.9303318132465372 11.735749760401816 0.04515474411383803 0.9971975160492336 0.059650340059826 0.20869203193485586 -0.9320154371990164 0.020558954997010173 0.3618349819906274 8.485145519217886
0.354321180128217 -0.07412588638213818 0.932181234675216 12.4622080436426 0.04583039289920983 0.9970318894881709 0.06186264163735587 0.23736511363362547 -0.934000040898956 0.02080298804763876 0.3566667342058103 8.759902890947876
0.34480979982472937 -0.076855947331299 0.9355209058618833 13.201424860233004 0.045425503048190846 0.9968409543748094 0.06515086610274669 0.2666230402036581 -0.9375727841707272 0.020031850661579406 0.3472117500048397 9.033626001922999
0.3329734259185836 -0.08099172857629844 0.9394514556560467 13.98770034155039 0.04729425633337101 0.9964848645915972 0.06914599017831627 0.29672835860968305 -0.941749409848456 0.02140688071834889 0.3356334228112502 9.307946862041755
0.31933886053194255 -0.0837868772780968 0.9439292618359416 14.75565453476174 0.04930802264106463 0.9962034342094294 0.0717456380037657 0.33096176843744984 -0.946356915258397 0.023632115125910264 0.3222578347802996 9.56196322848005
0.3039678867412434 -0.08557680376872458 0.9488309304016138 15.55207986237338 0.05164330849930911 0.9959730916184097 0.073284169227141 0.36933062363313324 -0.9512815001445725 0.026724734400855318 0.3071633051878039 9.811569378313372
0.290823644055536 -0.08567776963869027 0.9529328034273974 16.333079096873373 0.05218365776837007 0.9959203844683925 0.07361693869105976 0.4041640258131156 -0.9553525390766346 0.028317972915961793 0.294108174809471 10.049760738093036
0.2753913559505104 -0.0856446039251686 0.9575095837046439 17.07063573494891 0.05385584913981534 0.9958338715337653 0.0735829315772466 0.4391536075967747 -0.9598224568018654 0.031303388388053105 0.27885650305176307 10.256147624610291
0.2576387302089373 -0.08447180125602488 0.9625418429808074 17.86898476864951 0.05256260519492558 0.9959214779947886 0.07333199986225997 0.4800559037260096 -0.9648105810113449 0.031700543548001614 0.26102800291791 10.473323638922164
0.2339281036575162 -0.08312321856286016 0.9686940553420101 18.659951932734685 0.04962592978907192 0.9960606707313286 0.07348746365759126 0.5209060283457962 -0.9709865650006536 0.03088156016147297 0.2371316508402555 10.672350534411699
0.20549877746700096 -0.08291931579745214 0.9751382668766776 19.429403248373518 0.04731725422847642 0.9960806784295269 0.07472857225754513 0.5578543439267094 -0.9775128285152302 0.03078423504093966 0.208616876021808 10.838589915244022
0.1747627712936003 -0.08285107078916387 0.9811185829648065 20.241860196232565 0.04605688637633417 0.9960505643734188 0.07590807881056881 0.6001302962583954 -0.9835327838903482 0.03192136088081206 0.17788841933194743 10.986812850025517
0.1428345434507885 -0.08253321060527136 0.986299428340294 21.043757124850327 0.04579143228859905 0.9960010893240279 0.07671358937182186 0.6406319450225242 -0.9886867238545097 0.034206712974733086 0.1460426747950775 11.106546943233871
0.11143907581426499 -0.08259695718324632 0.9903328102439765 21.857171171390924 0.04629086860660121 0.9958897061506831 0.07785145256674936 0.6841538518530116 -0.992692544479563 0.037167672070973407 0.11480451335864678 11.197574052510847
0.08119551823412585 -0.08121019116614638 0.9933842120093563 22.670921968228903 0.044448057095520785 0.9959785144689001 0.07778925977766116 0.7307956815965134 -0.9957066124311544 0.037837858912484555 0.08447862684604823 11.266934327880737
0.053224819995313366 -0.07912079209165314 0.9954431268511809 23.470165819546757 0.04262710807172698 0.996127470749499 0.07689597958051958 0.77900208235971 -0.9976723150383137 0.03834008707600667 0.05639139587824038 11.313500781339659
0.02495557674712101 -0.07600989025591763 0.9967947209794513 24.31813341391859 0.04576396552790757 0.9961467831565436 0.07481474364074937 0.8284821122262677 -0.9986405152247627 0.04375023417256094 0.028337931495912683 11.333330611577692
-0.003624120344795423 -0.07161243757166796 0.99742594940014 25.2031300531324 0.0483335521996507 0.9962541917339962 0.07170392725789682 0.8807716307827752 -0.9988246760485496 0.048469002852194895 -0.00014926159533640293 11.329099889236451
-0.029310990910414503 -0.06724468172634801 0.9973058801548157 26.074195727093755 0.05203398625922642 0.9962791390765104 0.068704740119892 0.9281486277784051 -0.9982150720590349 0.05390760447737795 -0.025702919944752434 11.29986955617329
-0.05370272384986563 -0.06364035611873498 0.9965269301550189 26.92823102179443 0.05440509066032001 0.9962982321128285 0.0665576351675382 0.9729722592722589 -0.9970737703707523 0.057790464282036595 -0.050041569486969695 11.255204559944065
-0.07881141555268245 -0.060804224316754925 0.9950334703334459 27.73225500023273 0.06071351249250866 0.9959925232216836 0.06567163076493712 1.0137077772559067 -0.9950390093757152 0.06558765121379168 -0.07480394260233614 11.18367065308036
-0.1007459083285907 -0.05364153888235114 0.9934650709820555 28.576947713127282 0.06628826642080805 0.9959647443925959 0.060498707935916836 1.056360312374796 -0.9927014292776913 0.07195007458873554 -0.09678356821642936 11.096462402607145
-0.12003024382931504 -0.04020109305500358 0.9919559529956248 29.406618958438397 0.07181564580756256 0.9962104642771445 0.04906346789576646 1.091873375817148 -0.9901693055147276 0.07712705739167758 -0.1166883174725859 10.99542832291851
-0.14352740367819805 -0.024355321805827085 0.989346603922574 30.192944078576566 0.07527498049576793 0.9965323837678624 0.03545257978347877 1.1212136905263301 -0.986779388569075 0.07956146304384287 -0.14119635934954522 10.883901804541974
-0.16693101990362147 -0.010491884995677193 0.985912752196245 31.05658517597027 0.07701300360404106 0.9967496315730072 0.02364675950227581 1.1440609980642624 -0.982956271595955 0.07987548001929001 -0.16558042101005566 10.744960894717432
-0.19197419456918752 -0.00225047504894791 0.981397393506609 31.90891599371822 0.08166910643604805 0.9964922007635347 0.018260637211906773 1.1579495446641068 -0.9779959435874207 0.08365541930742731 -0.19111699334975252 10.580783322239277
-0.21446437224676446 0.0019777804435612972 0.9767298098355135 32.740948309672795 0.08485685214140788 0.9962546136918364 0.01661503362563397 1.1620632202034915 -0.9730387184904066 0.08644554981169808 -0.21382894854603002 10.399784358784618
-0.23377375549592216 0.0011822947952499843 0.9722903030578626 33.567089585071926 0.08672156018397328 0.9960389792595327 0.019639826752948703 1.1637744366932021 -0.9684158209367454 0.08890980809025215 -0.23295030325106725 10.204153620925235
-0.2512153242233612 -0.0018000184973477537 0.9679295536394995 34.299904758185605 0.0902126775529501 0.995602000684604 0.025265174480723337 1.1691619348528404 -0.9637180779066453 0.09366651571518579 -0.2499480949111192 10.006721658110916
-0.2623766050921967 -0.004264354305480951 0.9649561297710123 35.06474015644629 0.09486616129831135 0.9950320911321848 0.03019187072100831 1.1734152795351291 -0.9602910644907701 0.09946332439381175 -0.26066859910567514 9.788641338811212
-0.2761256585605739 -0.003507312046460008 0.9611151436985572 35.85036221324012 0.09840806842393801 0.9946346640991391 0.03190199118334997 1.178379823683819 -0.9560703283511935 0.10339044314926676 -0.2742990038476979 9.559862300244957
-0.28655765462432803 0.00046590390125585135 0.958062885989098 36.59531104110166 0.10251975886739015 0.994273026392953 0.03018025893146857 1.1873169495305351 -0.9525620240267699 0.10686876026675478 -0.2849643108550093 9.327539660819625
-0.2963434649549252 0.002819594418227718 0.9550772747091335 37.36484192954626 0.10519948936548493 0.9940073246190189 0.029707003231255955 1.1973002522072993 -0.9492700449375563 0.10927711787495738 -0.29486419466119046 9.081213256329931
-0.30323824435096064 0.004723195644243276 0.9529030688301164 38.13410130655168 0.10207273556932689 0.9943952794337634 0.027553310023336434 1.2055917867263537 -0.9474321737287276 0.10562064032543081 -0.30202078822641426 8.842269498608562
-0.3121579081624693 0.0038153992911773085 0.9500225697844656 38.90304636536621 0.10223777472764806 0.9943195067048931 0.029599932514721795 1.2151167527731508 -0.9445130373850695 0.10636804649135134 -0.31077477519136526 8.589096924008219
-0.3187133510995558 0.005970397193465267 0.947832344978923 39.635655444998484 0.10551722823041043 0.9939880943758941 0.029219561693336074 1.2187995010884223 -0.9419596139843063 0.10932530629424946 -0.31742725627489177 8.334213836060599
-0.32405592444969755 0.009553114551140315 0.945989691186656 40.35099718603171 0.11056563257475517 0.9934787572735021 0.027842409012914543 1.2231439686171448 -0.9395546810709828 0.11361644620683653 -0.3229989232628073 8.077202899654354
-0.3288282582713568 0.013883825825467197 0.9442876764750634 41.10478976402981 0.11395431811586472 0.9931693834811384 0.025079655070269852 1.230524283614095 -0.9374894079108169 0.11585255757273336 -0.32816428044332063 7.809415647262053
-0.3307099834432047 0.01719795643718809 0.9435757188193112 41.88315467134234 0.11498826861892512 0.9931187349079518 0.022200821040030003 1.2373196597237608 -0.9367009154105792 0.1158421713764642 -0.3304118436130411 7.536539161719089
-0.33040542543829127 0.019132741731163368 0.9436451626722783 42.6284833800125 0.12004735993933949 0.9925263808001408 0.021909239771587638 1.2418784116908634 -0.9361735342406005 0.12052104218609648 -0.33023293624022537 7.267082608442765
-0.3265984857103606 0.019888832074385153 0.9449538949019772 43.443474888419914 0.12142955184041151 0.9923761453126605 0.02108198648663541 1.2454124533659587 -0.9373304076319816 0.1216306728300998 -0.32652363827962133 6.986597562180721
-0.32001270767533124 0.019991588044169804 0.9472023032772753 44.21989833165007 0.12084093014297775 0.9924728163241956 0.01987909604835235 1.2454282189494792 -0.9396751228634731 0.12082237071416806 -0.32001971534036017 6.7240838491558215
-0.31194803166739193 0.020678718467903798 0.9498741054167994 44.96038367905955 0.12079629734591917 0.9925129501079804 0.018063732047109496 1.2451000478209104 -0.9423888157689246 0.12037622053577966 -0.31211037381536233 6.481464951365745
-0.30464277209253504 0.02144205943833405 0.9522252987076214 45.79721190605406 0.12116457646557136 0.9924966974905634 0.01641495903874958 1.2449595436045366 -0.9447284937068927 0.12037667364306119 -0.3049549632666068 6.216051373278137
-0.29828953519552504 0.020621418844290133 0.9542526448890177 46.69740666754841 0.11941542697444538 0.9927174461500494 0.01587538691920541 1.244782101103406 -0.9469758756131798 0.11868794881609478 -0.2985797411286968 5.942271660902442
-0.2953855435052275 0.02032890742024314 0.9551618272372595 47.61166505342208 0.11714430290112139 0.993000210402315 0.015092860523054794 1.242456598061589 -0.9481690740505786 0.11634997921812125 -0.295699322538979 5.668181406929261
-0.2944787959443829 0.019228540881736714 0.9554645477225757 48.48163537593662 0.11551231200950178 0.9931833235141421 0.015613829370873522 1.2375515478411139 -0.948651223850666 0.11496586062376352 -0.2946925624743036 5.403105893427648
-0.2934176204525964 0.018666122547373626 0.9558021112536751 49.38458160451574 0.11538610041818032 0.9931914360572591 0.016025578704224823 1.2347379274879704 -0.948995336046612 0.11498846555879474 -0.29357367891248737 5.128582803660251
-0.2943513679891761 0.019453450192390233 0.9554992597791548 50.316648362415606 0.11752042490592385 0.9929417635910156 0.015987615416150888 1.229251093436541 -0.9484441058348309 0.11699665547517084 -0.29455994417909653 4.838427177807335
-0.2929831392689075 0.019736620464086835 0.9559138799686887 51.26720031738348 0.11832006426408168 0.9928503500370289 0.01576530443387491 1.22559742138459 -0.9487682765020548 0.11772276009338958 -0.293223650579749 4.5473578600642615
-0.292171949886545 0.019924770677173576 0.9561582270800981 52.20163235556907 0.12027245725165464 0.9926108926395147 0.016067104282802162 1.220472049535563 -0.948772937918311 0.11969385667964574 -0.2924094611106303 4.256594194812863
-0.29175143348059873 0.02054494837214621 0.9562734996633556 53.17137972370616 0.12192257401928527 0.9924126315286561 0.01587623150750652 1.214381598263466 -0.9486917239053622 0.1212232398459713 -0.2920427008413641 3.9559067520816273
-0.2896366199487544 0.020108240835395988 0.9569254344175239 54.158571745967734 0.12265046157368135 0.9923165383708663 0.01627120006098008 1.2111904926741068 -0.9492457493507275 0.12208008161107707 -0.2898774931128821 3.65610634931263
-0.28823006674115803 0.020621694219762635 0.9573391114719456 55.186505965305464 0.12513186842727458 0.9920061215808201 0.016305528206056442 1.2056525401906368 -0.949350011392156 0.12449337522007292 -0.288506421758732 3.3419332210929826
-0.2844746533082927 0.02146382324876999 0.9584432564928781 56.18134854125201 0.12789195585110713 0.9916630126232173 0.015751730813589243 1.200067586457269 -0.950114634796089 0.12705815080737984 -0.2848480420499744 3.039970486519437
-0.2811880392638941 0.021525222267819007 0.9594112524779179 57.10854827165008 0.1300348299621083 0.9913824340734729 0.015868598151100567 1.1918728147095923 -0.9508018876567568 0.12921893907967408 -0.2815639114152792 2.7642326863983553
-0.27860767452250923 0.02023602046415015 0.9601917866618804 58.12426341075102 0.1324925236237963 0.99102848141183 0.017557910307324606 1.1838868223430457 -0.9512221059673484 0.1321100015378729 -0.27878926201112164 2.463175091326928
-0.27410574056329956 0.019343820920256737 0.9615049971697759 59.11391349447991 0.13469566082193915 0.9907149077983559 0.01846755050992755 1.1779217745529733 -0.9522201016288129 0.1345726125862935 -0.27416617223084455 2.173109822283961
-0.2713939381150908 0.019422825483139602 0.9622723544842355 60.074055451195356 0.1355173220044561 0.9906073266121169 0.01822580311360375 1.1725408388277594 -0.95288004795521 0.13535094500093744 -0.2714769527901594 1.8993685011286223
-0.2688360018560788 0.020398854277067155 0.9629699324746446 61.06440028422125 0.13708783491786047 0.9904079654633441 0.01729125398266667 1.164842324068184 -0.9533803698543264 0.13665997472172542 -0.2690537524092268 1.6192743894971757
-0.2646566265880786 0.021449968621989453 0.9641041275967728 62.036569379291116 0.13870883596009748 0.9902031975235213 0.016046384040952606 1.1568868188781478 -0.9543147954577742 0.13797654315248892 -0.2650391380722406 1.3434162521549584
-0.26313860473362216 0.023973227474055447 0.964460138659613 63.01819351998295 0.139857987286147 0.9900788812303699 0.0135481487254571 1.146099284813467 -0.9545668222241492 0.13845249476299212 -0.2638808227264595 1.0683501383066307
-0.26312024516379917 0.026724058468852382 0.9643928459315197 63.97818839093076 0.1402778890268142 0.9900528571077779 0.010837618876255242 1.135153506435386 -0.9545102673282898 0.1381345895555473 -0.26425174499555804 0.8050900766299025
-0.26351886097725347 0.0287110950517415 0.9642268835342547 64.91552006192906 0.1412985168168922 0.9899248406935646 0.009139962974094626 1.1226705430965955 -0.9542497257293805 0.13865238115067213 -0.26492070161965714 0.5450345616604828
-0.26425445891860416 0.027660943338308208 0.9640562499954403 65.90523961766468 0.14166179177918692 0.9898601767101354 0.010429156882982446 1.108713681929658 -0.9539924096613904 0.1393258869593676 -0.2654934641972179 0.26947592770926065
-0.2655897386575743 0.024974432781161633 0.9637626099963935 66.835811200387 0.14399583960071874 0.989478675729123 0.014040956342966773 1.0929330147610337 -0.9532718861361041 0.1425069401278417 -0.2663915973110156 0.0014031184966793453
-0.2670017488002255 0.024586756890493604 0.9633823527152806 67.77072450256377 0.1443937670448061 0.98941010364926 0.014767763384179233 1.082101126023966 -0.9528171420457504 0.14304942566249124 -0.267724402401798 -0.2629704983850327
-0.2684615466698447 0.026437145593919784 0.9629275545400499 68.70278588135179 0.14622617651610886 0.9891575550443474 0.013610165324803872 1.067976852554095 -0.9521272516114191 0.14445902059592752 -0.26941656984556606 -0.5334578590599413
-0.2716490321411111 0.029433829358985267 0.9619461799009674 69.57887086970871 0.14847897295667173 0.9888466715577955 0.011672820516122201 1.055861703349561 -0.9508737024055982 0.1459996912268509 -0.2729895460180382 -0.7895427353160067
-0.2741454028713232 0.03163279093881373 0.9611678649548898 70.52521419221203 0.15051947570610835 0.9885523676356303 0.010397301339671011 1.0406268301800345 -0.9498358729368344 0.1475248554631082 -0.27576843819210145 -1.0667439798370821
-0.2760778616646956 0.03351264295480452 0.9605508404352334 71.49341340269012 0.1517792868254098 0.988372145960078 0.0091405241119141 1.0280557502428045 -0.9490753723437457 0.14831521787211957 -0.2779541936329196 -1.3482710495070231
-0.27652570409030874 0.03352209235893891 0.9604216804618885 72.40012945983011 0.15344945160253967 0.9881089586514702 0.009692865189775288 1.0127523574460124 -0.9486763414253773 0.15005650654532143 -0.2783814721980885 -1.6153295049689247
-0.27694585804574845 0.027606277890238895 0.9604888781929499 73.37787538305004 0.1557409940839139 0.98765979413621 0.0165188924741924 1.0010634852041236 -0.9481802225700866 0.15416233154654396 -0.27782771830592257 -1.9050666018999294
-0.2774691243772847 0.019509333331284337 0.9605364495584078 74.31310572825562 0.15722263757377852 0.9872373852960947 0.02536508048626103 0.9932103485569518 -0.9477826371334553 0.15805610075760773 -0.2769952016942781 -2.1799370854243607
-0.27682361865259386 0.016814891492656553 0.9607736172377829 75.25851191731279 0.15698546937571767 0.9872052127746836 0.027954074396720124 0.9894780220975982 -0.9480106785057693 0.1585658452964633 -0.2759214129864682 -2.4526550174101938
-0.2759602648524895 0.022139858352124828 0.9609140226340189 76.17666041160767 0.15627564414203476 0.987465571835928 0.0221284316375103 0.9870336472417369 -0.9483795945034541 0.15627402570770263 -0.2759611813617493 -2.7182771219835127
-0.2753392631645191 0.028268535048871085 0.9609314127898048 77.06428877129592 0.15738663867637798 0.9874066381659523 0.016049201598934082 0.9846704802351798 -0.9483763683929343 0.15565674040015978 -0.27632090590801545 -2.978110523137663
-0.2761283359501208 0.030949008150714427 0.9606223508642218 78.02187577760374 0.16100828878422985 0.9868467171053497 0.014487507762489832 0.977477932310475 -0.9475386393325558 0.1586685722910532 -0.27747938867405547 -3.266819282215361
-0.2749691008653282 0.030954257414846267 0.9609546438397644 78.95198184082192 0.16361913635507375 0.9864088679049012 0.015044053210186023 0.9651094008140274 -0.9474285048423089 0.1613672186860347 -0.27629666835812683 -3.5392280279978725
-0.27428919306577376 0.02882682381283619 0.9612150918479122 79.84984800562361 0.16534322947023178 0.9860788652515307 0.01760931493862747 0.9574235116476175 -0.9473262664128347 0.16376045228661648 -0.27523709639363986 -3.797568337253589
-0.27205555687458655 0.025357181769559867 0.9619473932114815 80.82722828740023 0.16562356649163756 0.9859685978889448 0.020850856085515623 0.9525924276501274 -0.9479212035798383 0.164993749304676 -0.2724379828403833 -4.075076587845168
-0.26883476380246135 0.020860696061266296 0.9629603839884143 81.7798744344446 0.16628157158558676 0.9857596456063302 0.025067110824933445 0.9512769392375457 -0.9487245694733021 0.16686147684208474 -0.26847521081801246 -4.342495080249081
-0.26800444972819754 0.019647383474460253 0.9632173146536005 82.72657461224979 0.16222176503630004 0.9864371900009477 0.025015377901235328 0.9521627672781585 -0.9496618945047723 0.16295904548579582 -0.26755678952320544 -4.59652912522238
-0.2664842045205245 0.018612564435068077 0.963659556682864 83.64512701467966 0.15757053257555392 0.9872036120925953 0.02450623461874543 0.9561002071956355 -0.9508720713139701 0.15837487400621075 -0.26600696095891424 -4.8392956086311125
-0.2644377626044613 0.01810327261979193 0.9642328252186815 84.55855875980616 0.15918558581316378 0.9869288706244327 0.025126750631582442 0.9520386040747135 -0.9511743367953461 0.16013642886125362 -0.26386304245478975 -5.09103613177966
-0.2621744117447929 0.01921470604067607 0.9648291936389789 85.55539774296736 0.16181974715581923 0.9865204876705191 0.024324819356944513 0.9465061989829737 -0.9513563723740429 0.1625057613689178 -0.26174974740238005 -5.365416749458708
-0.25686852999169346 0.02137218484978856 0.9662100123754944 86.5178678919648 0.1626645457282159 0.9864487946028266 0.021424779804316313 0.9440265038535522 -0.9526588076866449 0.1626714644348441 -0.25686414852151634 -5.622541399742352
-0.24899074681699263 0.022252729948957245 0.9682501866817973 87.44772746972507 0.16673938927579532 0.9857936124419061 0.020222011093654957 0.9393924725251017 -0.954044854324707 0.16648053843784832 -0.2491638943707396 -5.869337884816082
-0.24118768712099137 0.022507956320576575 0.9702174454644167 88.37903615393606 0.1715256134255001 0.9849808861655709 0.019789336206480643 0.9345789610025012 -0.9552002216918886 0.17119008671870645 -0.24142595280749968 -6.110324948183229
-0.23204061109376417 0.02271483369237666 0.9724408419711508 89.35659763597106 0.17171161900122495 0.9849834326646589 0.017965446727645898 0.9295356380629445 -0.9574300364534274 0.171148104595036 -0.23245655850140257 -6.345246887856861
-0.22039369929195396 0.02208730821288145 0.9751608934572371 90.33935659724474 0.1703575055208833 0.9852493720287285 0.01618626670045263 0.9243472952079174 -0.960419146844288 0.1696933284867297 -0.22090549255730352 -6.563759306511496
-0.20741812644451157 0.019867689012569606 0.9780506100174717 91.30650018465536 0.17513338801791603 0.9843954301664153 0.017144488001817462 0.913136443121441 -0.9624479296167741 0.17484539456553672 -0.2076609514945144 -6.777876943182613
-0.1949152522418115 0.019489569386237388 0.980626433015473 92.16980872032492 0.17760348137915966 0.9839761611809015 0.015745400271155507 0.9007862257568915 -0.9646061620399868 0.17723168710147588 -0.19525337703008117 -6.9538205382777205
-0.18260277120631502 0.01911404264934838 0.9830009569280049 93.09371768026598 0.18031042310518905 0.9835047705766107 0.014370719281798588 0.8934382003975485 -0.966511448078812 0.1798694516215787 -0.1830371577192747 -7.1318206492065075
-0.16866811277046978 0.02031927797837782 0.9854634415729919 94.01647003133805 0.18269028982548213 0.983108999905499 0.010997831981397393 0.8811814184591847 -0.9685945104830658 0.18188958531825597 -0.16953127444463878 -7.300819068105915
-0.15640882979854437 0.023953997215588274 0.9874018857478678 94.90810941863077 0.18380599750102752 0.9829484143486076 0.005269726009055967 0.8647341209490593 -0.9704388869185437 0.18231462022271788 -0.15814469959294847 -7.448021294095819
-0.14449616688405953 0.0314412548333788 0.989005715479095 95.87672218036258 0.18503979862987802 0.9827220239794181 -0.0042067218603278195 0.8427039602595202 -0.9720499630568524 0.1823975632520854 -0.14781744904060978 -7.594757443637131
-0.12883040107985183 0.03588463594159548 0.9910171646651454 96.88285233092623 0.186132826580431 0.9824587097055297 -0.011377811429491264 0.8143369852745699 -0.9740417335139105 0.18299501803897567 -0.13324985833437603 -7.735036543287084
-0.1161793545873947 0.03302102201355821 0.9926791876899791 97.84851074363075 0.18528307343264877 0.9826236029601363 -0.01100170918504774 0.7828328832301862 -0.9757932876726548 0.18264847935534745 -0.12027881244080818 -7.853096774090117
-0.10333436287780595 0.029915150524818565 0.9941967075069781 98.80813256021239 0.18700941088024498 0.9823059933477162 -0.010120063012674749 0.7486974090541323 -0.9769081275590156 0.1848783903062612 -0.10710037864967681 -7.964356736771897
-0.09033667029059228 0.030853064232657976 0.9954332596554449 99.72498827870518 0.1859615063562297 0.9824632520172929 -0.013574851355628081 0.7172999390428639 -0.9783954232080867 0.18388596157146128 -0.09448994117051973 -8.053208867011424
-0.08150814871460893 0.03609077580746853 0.9960190146752884 100.67313189410494 0.18371841618375123 0.9827635367503025 -0.020576063495508376 0.6833436322046191 -0.9795937756274543 0.1813099190216913 -0.0867337766749296 -8.134065577059536
-0.07568060803322152 0.04249165605902358 0.9962263320817634 101.64793765974855 0.1805586472235613 0.9831593627729359 -0.02821776576400928 0.640718518827423 -0.9806482654247238 0.17774174117881425 -0.08207833430451661 -8.210336455182567
-0.07109192981900364 0.04510809705884351 0.9964492947934379 102.54760775094894 0.1791426388368808 0.9833112281192327 -0.03173237471739594 0.5928279457428647 -0.9812511668605387 0.176250640380046 -0.07798627635972216 -8.276971849662631
-0.06601795691932721 0.04547307115943966 0.9967817359700802 103.49987220714405 0.17919178511321415 0.983260943932893 -0.032988184007861604 0.5429155590049902 -0.9815966246438187 0.1764372861260493 -0.07306127943265894 -8.34592854051436
-0.06008258956093093 0.0457052540648369 0.9971464848168106 104.48102640051111 0.17909892690218293 0.9832338115016587 -0.0342760310188861 0.4877354724442837 -0.9819947335979657 0.1765284726914891 -0.06726099549568776 -8.41299092547167
-0.053105878006838025 0.04355389735403445 0.9976386238244775 105.44789938926222 0.17956853009766705 0.9831795311420803 -0.03336394074150448 0.43570036417414587 -0.9823110040713615 0.17737267988197508 -0.060033521567540216 -8.473353266091278
-0.04782302042574965 0.03952820402981071 0.9980733839771183 106.39589961564683 0.179351989524342 0.98331670257951 -0.030350062303391295 0.3864592607012733 -0.982621912319799 0.17755501545813082 -0.05411463678751133 -8.52619877753806
-0.043151061467769425 0.03670766315935382 0.998393977024894 107.30506140561337 0.17764282307380241 0.983682573912394 -0.028488966135286883 0.3391634066875405 -0.9831485204711314 0.1761281954897262 -0.04896780012373719 -8.570860191441056
-0.036834977449849926 0.03820245907815398 0.9985908854764555 108.31031686673911 0.17605802497946588 0.983886943460947 -0.031145695166518106 0.2891289689196531 -0.9836903762244497 0.17466268808036212 -0.04296730287024436 -8.612710030210637
-0.031381951126844665 0.040562109521855974 0.9986840783824529 109.25852755232934 0.1706826687566268 0.9847172644356517 -0.034631426601893375 0.23854945184632606 -0.9848261774189331 0.16937126200599578 -0.03782559816986869 -8.644262743080175
-0.02653474704494818 0.042449569117516336 0.998746184613988 110.17999411725728 0.17170743921502274 0.9844423703636702 -0.0372796828175601 0.1849855768044694 -0.9847905678455091 0.17050294283236234 -0.033410836086879 -8.676672435496592
-0.021818254192966458 0.04487417654939843 0.9987543602222644 111.23414573196457 0.16892048341153118 0.9847949095326277 -0.04055682979029006 0.12392574823571019 -0.9853881641606956 0.167825190116494 -0.029066673259541154 -8.708922498165856
-0.018311071361842512 0.04452833482213105 0.9988402935722756 112.22935843405637 0.1684506312591631 0.9848646305378159 -0.04081720646983311 0.06387348154484218 -0.9855399989315354 0.16750787119887742 -0.025534752641240055 -8.73874555199379
-0.013190130860559812 0.04131328280771851 0.9990591739789645 113.2199396416471 0.16952185752942342 0.9847747384388909 -0.03848446897630328 0.005494959557756134 -0.985438156490632 0.16885475177282885 -0.01999281211038545 -8.764681335602656
-0.005257352903631662 0.039423943133759826 0.9992087434306371 114.16607152333636 0.16993747174924959 0.9847235263381512 -0.03795829779678751 -0.05249400063647929 -0.9854408231527247 0.1696034474412082 -0.011876644313005613 -8.779683068592957
-0.0008075960694949869 0.041267302957391436 0.9991478156385128 115.09122494804531 0.16995562302411432 0.9846179059925351 -0.04052980879995684 -0.11059832401741036 -0.9854513859095607 0.16977805778574212 -0.007808783735482272 -8.786597791662746
0.00569987038584191 0.04424749674215857 0.9990043395849878 116.06773844104961 0.17099035155861592 0.9842640880442814 -0.044570221675687485 -0.17154573293929937 -0.9852562159922899 0.17107414772083962 -0.0019557172962390568 -8.788741380674747
0.01322886135728224 0.04581126405825295 0.9988625157210449 117.00920011704893 0.17187784451343402 0.9839770230329965 -0.04740490173534434 -0.23485861039557424 -0.9850294431094968 0.17230944904011178 0.005142954295686508 -8.786046052815928
0.01893724239141137 0.04528005515435138 0.9987948225015124 117.97180270893854 0.1727275392623949 0.9838054374902359 -0.04787544615983455 -0.30369170570389625 -0.9847875801567394 0.1734260008472325 0.010809449531264503 -8.778605155702822
0.026496471861408633 0.04424581467657239 0.9986692369661261 118.87841294315473 0.1742468627395195 0.9835217354580368 -0.04819778736671569 -0.3698925347678677 -0.9843454514571259 0.17529205277256155 0.01835016159190067 -8.7654270176964
0.03373386756844232 0.04473972098628452 0.9984289576854951 119.69846520173958 0.17628488006948279 0.9830680995129317 -0.05000752722261871 -0.4333044144538358 -0.983760980745711 0.1776948763642393 0.02527575273132021 -8.750791978853682
0.039962575528631195 0.045138027238408304 0.9981811213673314 120.6067456058129 0.17704028602112848 0.9828535541306526 -0.05153278818676034 -0.5025056046013031 -0.983391951198847 0.17877765416787744 0.03128611013781252 -8.72853372140405
0.05061836616617654 0.04583695438253521 0.9976656527211912 121.54198683449118 0.17687245806868482 0.9827444122142204 -0.05412535301010067 -0.5767675959315659 -0.9829312868066661 0.1791993132650348 0.04163762171320218 -8.698468089191872
0.06025871139816108 0.04549367160209487 0.9971455327808443 122.46746759354625 0.17463187116093054 0.9830737556868765 -0.05540487753376564 -0.6484980353586042 -0.9827881751809315 0.1774720167346395 0.05129411272918705 -8.65374726016939
0.06489729590827881 0.04634112591903135 0.996815349516825 123.39137215435436 0.17608492534756465 0.9827146224981382 -0.0571495388755208 -0.7209628332039428 -0.9822333938780212 0.17923300694040306 0.05561554795167939 -8.609237905674076
0.07077694102561471 0.04619346927393307 0.9964219929404885 124.28388928226754 0.17670468017049162 0.9825475248943238 -0.05810178422288161 -0.7939976934357342 -0.9817158858982067 0.18018469613281876 0.061379106010293505 -8.559634553845193
0.0753344978815097 0.047493878952354004 0.9960266286053803 125.24560492853993 0.17553296518216294 0.9826354090224496 -0.060131780862044654 -0.8757009347529509 -0.9815869251183507 0.17936550503745843 0.06568960373878874 -8.500174212090265
0.08292016404460256 0.045634319385894975 0.9955108011915305 126.2663323924684 0.1751318593686021 0.9827371737595776 -0.059636223431186 -0.9641999584547053 -0.9810469296771246 0.179290703064114 0.07349670445580081 -8.43065075985711
0.08890588321455989 0.04412074852491531 0.9950623616032516 127.15999435608217 0.17638614831654598 0.9825316808421438 -0.0593247235439425 -1.039331772783305 -0.9802977458975882 0.18078953424109745 0.07957055797840412 -8.366071412623246
0.09368337019084172 0.04257619115453197 0.9946912556650223 128.09246604212888 0.1758151525338279 0.9826762627304031 -0.05862077111156718 -1.1167111382351473 -0.979955334843988 0.1803735862397282 0.0845748845569817 -8.2914212327675
0.0986477036868853 0.04323945604782321 0.994182568745798 129.03033486589183 0.17368582380997627 0.9829724972326865 -0.059985867432141037 -1.1972125973176264 -0.9798478785835866 0.17859288654597888 0.08945789909460627 -8.205600509787324
0.10206257729924478 0.04492338057013302 0.993763110702539 129.92147232732287 0.17151532805072384 0.9832246854312316 -0.06206214790279125 -1.2725228890002824 -0.9798804634029031 0.17677982870453957 0.09264539710371683 -8.115753264051119
