1.0 0.0 0.0 0.0 0.0 1.0 0.0 0.0 0.0 0.0 1.0 0.0
0.9999470227815311 -0.0029146131016137447 0.009872014020469649 0.011631614528596401 0.0029005911787467063 0.9999947645328305 0.0014343910704580657 -0.007528287824243307 -0.00987614303087114 -0.0014056804036247181 0.9999502416927739 0.3133566677570343
0.9998142618140204 -0.005581915787026531 0.018446790762407773 0.0260638585020578 0.005546356451882151 0.9999826620393492 0.001978269649409424 -0.013008300815673576 -0.018457513467262432 -0.001875589732231764 0.9998278863683301 0.6304512471129301
0.9996741655849177 -0.009142482541520182 0.02383228220453959 0.04017958771818697 0.009111589430152516 0.9999575021966435 0.001404542169632989 -0.01716439429578138 -0.023844110387161624 -0.0011869345508253933 0.9997149841760986 0.9523578051422505
0.9996049214766791 -0.010957064630614698 0.02588327054842211 0.04842458204063568 0.010964980743968834 0.9999398693549326 -0.00016392597333916378 -0.022510924533905356 -0.025879918023183065 0.00044767077286206704 0.9996649585906232 1.2869681984736008
0.9995829174097404 -0.014110984712572931 0.025196653211764845 0.06150262682461432 0.014155734454462991 0.999898524797115 -0.0015985276375742273 -0.025274764087184924 -0.02517153957721172 0.001954538051533481 0.9996812358828779 1.6238361462740278
0.9997184162059192 -0.015920540623088713 0.017596155403874034 0.06374730661739968 0.015988973089127907 0.9998651163883355 -0.003755232255885089 -0.03249858895303085 -0.017533996643202793 0.0040355192985634765 0.9998381236708807 1.9325733045131508
0.9998721499015594 -0.015985580791221924 0.0003808648071096517 0.04745987474507614 0.01598725059529468 0.9998602771721974 -0.004882002820586078 -0.03395242413986267 -0.00030276994109033976 0.004887467637159068 0.9999880104233545 2.26910164426793
0.9997326260051644 -0.014245921411612843 -0.018213462711755227 0.024705973962168417 0.014156778115772234 0.9998872165118555 -0.005013969440959126 -0.037855629119238 0.018282837148515533 0.004754784885589503 0.9998215490208705 2.6325797869324328
0.9992429802355023 -0.012835218239383916 -0.03672497274089274 -0.004098908002811985 0.012647640250798868 0.9999057808026097 -0.005335420659145523 -0.04081126185465604 0.03678999383199596 0.004866897396807434 0.9993111675867387 2.985327079595574
0.9984030733428187 -0.012922304227266403 -0.054993792313974395 -0.03713986108132522 0.01261624697148822 0.9999029531566189 -0.005908856152178758 -0.045260939741310235 0.05506481137685836 0.00520560487654406 0.9984692124577006 3.3723937692177692
0.9970206267600127 -0.01491387330345101 -0.07567989295816989 -0.0789551902129046 0.014528797979312344 0.9998785659705213 -0.005636252479278774 -0.04941241334318265 0.0757547611991997 0.004519922103582966 0.9971162351801468 3.797946437288126
0.9954610050440292 -0.01779374974434463 -0.09349208472788965 -0.12389296510116932 0.01734995783949515 0.9998340323403938 -0.00555758373001141 -0.053212218095551406 0.09357545831947071 0.00391027415713811 0.9956045115186637 4.193270230292593
0.9938840378490844 -0.019319012533707384 -0.10872577920402508 -0.1750992802882592 0.01883506630431914 0.9998076062498357 -0.005476382226033941 -0.060972582507334894 0.1088106593404886 0.0033950316193189943 0.9940566956538204 4.590792879859048
0.9922554071113889 -0.020410662607744108 -0.12252596422850502 -0.23594717179766903 0.01989293548248728 0.9997872758482932 -0.005447400273417443 -0.06797734600976048 0.12261108504577249 0.002967811274671321 0.9924503584160451 5.011203263226455
0.990443005426084 -0.020896162195655148 -0.13633049331693642 -0.3014343851338664 0.020206286917418978 0.9997750758540206 -0.006442334211958133 -0.07338640399618142 0.13643444935776783 0.0036260317952958076 0.9906424647277455 5.419197147794453
0.9884167127776156 -0.02372377021484643 -0.14989858114300456 -0.3729737072440648 0.022905070542392457 0.999711817679676 -0.007186051422464739 -0.08465818525947082 0.1500258632547761 0.003669375749558446 0.9886752631861828 5.869758631473024
0.9866776360222769 -0.02841523616839176 -0.16018681883034644 -0.44077318233386126 0.027227824611358874 0.9995831252324098 -0.009603193090952818 -0.09716361986842435 0.1603929179871256 0.005113717249082595 0.9870400000787567 6.3156524226615955
0.9850432287180292 -0.029894669802651413 -0.1696942729562528 -0.5216856719268583 0.02831246217407934 0.9995302184979531 -0.011736558059148996 -0.10649501258287156 0.16996541425361253 0.0067565543603889285 0.9854268653384548 6.770841269723186
0.9835782811184888 -0.03184775627437684 -0.17764989539058815 -0.6073776478456655 0.029899499799401107 0.99945992276828 -0.01363388029026927 -0.11739891018945409 0.17798815922342878 0.008098345529283775 0.9839993048655795 7.247396362247162
0.9823251844749038 -0.03404124351140048 -0.18406092927762807 -0.7015122588182603 0.031503574695400306 0.9993642034608968 -0.016694718397711774 -0.13142068972166127 0.18451221295013998 0.01060106509578624 0.9827730463800263 7.745844568207172
0.9808971664024206 -0.039772294205620624 -0.19041773435613446 -0.7983668722271537 0.036849495743034984 0.9991427059989115 -0.018867106631824098 -0.14638968041426906 0.19100487849053982 0.011489893941813833 0.981521838132 8.264150181514308
0.9793526817769072 -0.046360662539589176 -0.19677147574094786 -0.893570324312605 0.043168147266705675 0.99885778515065 -0.0204850214912693 -0.1644471813605916 0.197496419607901 0.011567800691059924 0.9802353545089219 8.770702396919688
0.9772621836742041 -0.04911875751919206 -0.20626674967162614 -1.0046873983029905 0.045302628799664554 0.9987041940502752 -0.023186302211225567 -0.18318551432653427 0.20713835034625114 0.013314670336185313 0.9782210503611506 9.298674983717778
0.9753298088802183 -0.04625387187601402 -0.215852596107052 -1.1388900103484767 0.04119683141693558 0.9987622359137621 -0.02787144046774586 -0.20116950595501648 0.2168745835520646 0.018291403691892846 0.9760280936326058 9.852335201587609
0.9733107407117911 -0.045768752456437294 -0.22488090918004974 -1.275258913212012 0.03969417274461479 0.998716428627082 -0.03146216522249321 -0.22337819060616598 0.22603224253452228 0.0216960016811427 0.9738781796743712 10.410886830148161
0.970867886977829 -0.04986443141567463 -0.2343695469014637 -1.3981822950072387 0.04308531860727064 0.9984940534734594 -0.03395998378460486 -0.24707741369146757 0.23570999417868535 0.022872771098669427 0.9715542367704195 10.933880913169524
0.9684205028118587 -0.05244604196041524 -0.24374401001114582 -1.52165193209257 0.04481335158891001 0.99831886887235 -0.03675866663524163 -0.2692600517825446 0.2452620909414986 0.02467486040727391 0.9691427438777458 11.42020675982251
0.9662167435172189 -0.052611908045250455 -0.2523037686575828 -1.667836517525705 0.04385018390151149 0.9982278304515234 -0.040228843928807295 -0.2931388065052148 0.25397315983935104 0.027806215921675207 0.9668114854703231 11.950064218942456
0.9639786694158465 -0.05306198103107124 -0.26063298156663217 -1.8210985933746717 0.042978088542873424 0.9980959412693771 -0.0442422414305281 -0.3220000988498658 0.26248430203815065 0.03144706966721131 0.9644236999332246 12.4908127511575
0.9621057844298927 -0.055347938563112986 -0.2670001222159925 -1.982534986256824 0.043500889153585534 0.9977969968938015 -0.05008817857098159 -0.3549642073552559 0.26918419754768025 0.03657538361418711 0.9623939469386155 13.057273288207607
0.9598049467156401 -0.05791647149808163 -0.274627286680329 -2.145586246925079 0.04373260711422862 0.9973873352511816 -0.057497500428625316 -0.3911361436424768 0.277239829994141 0.04317621810394175 0.9598301364590826 13.61742484396241
0.9591898767538839 -0.06059803570945829 -0.27619315415307527 -2.306754193691462 0.04386184298713021 0.9968297982533906 -0.0663814133916805 -0.4294181239031756 0.279340149392531 0.05155803896833219 0.9588069928588854 14.15929298542771
0.9583335053498883 -0.06577012390189842 -0.277976947471773 -2.485299670119422 0.04643349480191175 0.9960573333856355 -0.07558914716530417 -0.4771719145312828 0.28185248461611395 0.05953217122385264 0.9576090525392382 14.769398915257158
0.9579017217816086 -0.06897676126358306 -0.2786870966037295 -2.678549752599875 0.046879867332614136 0.9952605699850683 -0.08519786307105057 -0.5310396186353536 0.2832429512745309 0.06854636561177882 0.9565954350271122 15.409749156770202
0.9574977695008562 -0.07212106272766713 -0.27927866676836777 -2.875125676478151 0.04809564243109191 0.994601247282633 -0.091951987922889 -0.5952035732546666 0.2844025853961698 0.0746117364418124 0.9557971846605909 16.065564135881115
0.9569264540799729 -0.07293989631539698 -0.28101874138112004 -3.0684823297749504 0.047077700396665645 0.9941003546400332 -0.09771476362311987 -0.6575629707075649 0.286488135194621 0.08027612615254637 0.9547147699510306 16.690212742658534
0.9565869403927473 -0.07532119568587702 -0.28154598727471297 -3.2521973004760896 0.0479645041315753 0.9935414271786102 -0.10283403533511168 -0.7197800479255584 0.2874731845119734 0.0848654815595877 0.9540214977799004 17.29406371092117
0.9563783618006217 -0.07425680309502193 -0.2825355840839634 -3.463131976915086 0.045442138509802416 0.9931969510919134 -0.10721393747728607 -0.7943355609179126 0.28857484493145824 0.08969806874082974 0.9532464609621955 17.97344329500787
0.9559254032431924 -0.0735249077372728 -0.2842546593752967 -3.6779354883973654 0.04371007264290677 0.992986494035093 -0.10985104557284169 -0.8686566681571458 0.29033782561680155 0.09258461322552604 0.9524347937837991 18.647475297027867
0.9554762311068826 -0.07325217756396615 -0.2858308770443187 -3.9020113398838747 0.042924678781620124 0.9928964653070553 -0.11096882955249374 -0.9517147170806001 0.29192917589936435 0.09375888044816263 0.9518332987429182 19.36371048145384
0.9540848699395481 -0.07308303615387506 -0.2904839595897976 -4.131092304356004 0.04250890593750906 0.9929988549946 -0.11021010341801493 -1.0381858736004674 0.2965047282395878 0.09280163687104301 0.9505118633271358 20.09717164038136
0.9518376421969512 -0.07307767923533684 -0.297766276959843 -4.3565335357905415 0.04217087777636245 0.9931538180674527 -0.10893626910084683 -1.1207524144946786 0.3036885245848447 0.0911325762590866 0.9484029384074376 20.798856499676816
0.9494236455275383 -0.07340206317879375 -0.30529801577195975 -4.599069246166591 0.042235017275896895 0.9933102199560605 -0.10747562629055683 -1.2068833759906625 0.31114457190975403 0.08914563394771004 0.9461723475768867 21.53437371249138
0.9456419620626141 -0.07366879898756769 -0.31675572235099253 -4.87984222929839 0.04206408530329599 0.9935302884806702 -0.10549018247739303 -1.3025892445817755 0.3224777392533735 0.08643190341098586 0.9426227420123002 22.354455621954358
0.9413828490534691 -0.07246424661568225 -0.3294651187461204 -5.150709925291562 0.04115484625880665 0.9940307616848899 -0.1010402071136625 -1.3892886811477942 0.3348202654221928 0.08155843173197612 0.9387457654104402 23.116906788245217
0.9384867388173096 -0.07101741514427548 -0.3379336736850542 -5.387363737526955 0.04020929628863416 0.9944408446355845 -0.09731710544625882 -1.4586156054051647 0.34296625716828755 0.07774273771029072 0.9361251055159696 23.758834223929078
0.935306903749218 -0.0681883073791611 -0.3472050554583221 -5.678656846379703 0.03736611799770374 0.994803020583902 -0.0947139032187286 -1.5403619753153879 0.3518590186776987 0.07561286248985719 0.9329940653622922 24.516856958975414
0.9319660982526319 -0.06828552111083976 -0.3560565675765396 -5.97589827529821 0.03706840964212629 0.9949026414862852 -0.0937798857443106 -1.6243839808566043 0.3606454279682044 0.07420122350900617 0.9297467685963728 25.279124899702797
0.9284124458925318 -0.06899821880194011 -0.36508844971322524 -6.287440972474431 0.03710710936429172 0.9949119084619154 -0.09366619900100481 -1.7091830411402025 0.36969364715460434 0.07341348788083113 0.9262489228337585 26.059287233489368
0.9247550522595799 -0.06935759459190563 -0.37418928016821473 -6.607770169017457 0.03681720133269205 0.9949449892440386 -0.0934289144976433 -1.7905383932234036 0.37877775410708836 0.07262225864433568 0.9226339580478194 26.831624970732605
0.92138288406567 -0.06987123893400005 -0.3823239345380516 -6.94704565781017 0.037300925222880366 0.9950639596890262 -0.09195845314876452 -1.8731068237720343 0.3868620192372799 0.07046790828330515 0.9194411628667876 27.635185897552027
0.9181462369242911 -0.07084624202917725 -0.38985676550767606 -7.277557715434001 0.03856613361328927 0.9951926472578508 -0.09002359791761866 -1.9561171927937133 0.3943604201233762 0.0676195595538332 0.9164646497306157 28.408795513595702
0.9142074842605449 -0.07098849213353911 -0.3989803374937318 -7.6372885239628205 0.039498722208313713 0.9954588794572261 -0.08661102847602173 -2.0400834796415213 0.4033169060006239 0.06342123693503807 0.9128599126041813 29.230321345889777
0.9098252160712845 -0.07004797693664466 -0.40903710971979534 -8.011549972899166 0.03962896890062011 0.9958122237698117 -0.08238664827808125 -2.1211351790753112 0.41309517187291633 0.058747731170708875 0.9087910007573688 30.051253461730678
0.906041393683792 -0.07154768609526878 -0.41709701694683105 -8.385579670605305 0.042291838456016445 0.9959787897719288 -0.07897879920874125 -2.206431119212392 0.42107053249015464 0.05391826164535855 0.9054238939466975 30.86520800978853
0.9022031241434819 -0.07269100326786927 -0.42514178908883077 -8.800976408029117 0.04385059663559074 0.996047093245016 -0.0772483864741358 -2.29303983751965 0.4290765059525445 0.05105101450574069 0.9018243431830231 31.74409103307078
0.898504730640289 -0.07260721079688946 -0.43291736157991867 -9.205086535997582 0.043881226080464186 0.996142147159062 -0.07599513570623471 -2.372706516320575 0.43676502494441694 0.04928504432005616 0.8982245250446423 32.570638704902464
0.8957013558292676 -0.07225536259023395 -0.4387462179239451 -9.630300251133544 0.0441173026520691 0.9962813237419099 -0.07400802368509578 -2.4536900001427457 0.44246213936597767 0.046932787473383475 0.8955582441626344 33.42483872710184
0.8927092865816157 -0.07377528857995572 -0.4445529624756617 -10.061437071430353 0.04610062106090272 0.9962832932629944 -0.07276216257672355 -2.5335672288623963 0.4482687390268719 0.04446129057941023 0.8927924345844737 34.28564475360663
0.890787099932952 -0.07577283572665569 -0.44805894696901505 -10.493856031682803 0.048182744087608545 0.9961909730498794 -0.07267715174745809 -2.615361964818942 0.45185923224520863 0.04315115965853384 0.8910450110150973 35.14299944888501
0.8896676746469646 -0.07807820202760328 -0.44988356611061003 -10.9368916844531 0.05066593697633775 0.9960679136952588 -0.07267512736200962 -2.6972052476338764 0.4537889283781312 0.04186293915758084 0.8901253298308707 36.02052623178513
0.8877881387653667 -0.07967478626720097 -0.4533035948465465 -11.383821586144585 0.05219843438419663 0.9959776197688264 -0.07282790926191628 -2.777953004968766 0.45728278353264606 0.04099401606209174 0.8883760164095698 36.89255846097557
0.8873932279154341 -0.07983260296042252 -0.45404847159129386 -11.838547557866553 0.052760551154007886 0.9960077104755779 -0.07200670048768146 -2.8620347926643204 0.4579842609651032 0.03994241076551196 0.8880625093598352 37.77370222276433
0.8863326417714081 -0.07959250457891968 -0.45615729890616835 -12.320284801756461 0.05374036244396392 0.9961409389064306 -0.06939166577483409 -2.948574499722782 0.4599200164973342 0.03699003986845023 0.8871895600014815 38.70253393433555
0.8854559289473057 -0.08008543245036724 -0.45777081755098986 -12.794350680706904 0.054747138159727746 0.9961562170783944 -0.06837793532553071 -3.0327174247286193 0.4614873224210863 0.035484006049211016 0.8864368768047254 39.612048716324516
0.8840294237162396 -0.08164304827917199 -0.46024601103281515 -13.302246193451978 0.05642249748910266 0.996066885877705 -0.06831735237099908 -3.1211422847319374 0.46401344784502274 0.034426320244485054 0.8851589397918311 40.57848298661933
0.8826708029674706 -0.08394747335720754 -0.4624338604662309 -13.802107044512644 0.05889864053948682 0.9959198867686482 -0.06837052933335493 -3.2063240090555287 0.4662866111431476 0.03311194430509565 0.8840137982028194 41.53287491450455
0.8817114437248996 -0.08473772830156283 -0.4641168467173367 -14.312476224590851 0.06075119568957908 0.9959403034672051 -0.06642442436286553 -3.293963938077657 0.4678613279881548 0.030371521725822255 0.8832798811482226 42.50059050457505
0.8791374399781845 -0.08378688498569717 -0.46914509432903334 -14.829809134049382 0.0612884772290502 0.9961264739236726 -0.0630537112891467 -3.380126949129243 0.4726109226282738 0.026679689892958408 0.8808672487722922 43.46910267727306
0.8770744879900868 -0.08455673321656816 -0.4728535728792473 -15.346356104383636 0.06390804721335809 0.996174599972365 -0.05959805257954364 -3.465312499721964 0.4760841354406831 0.02205278299083751 0.8791231829181032 44.43357095107795
0.8735125252973251 -0.08504073448393831 -0.47931611868069135 -15.873041918115607 0.06528496992470678 0.9961930447754264 -0.057769284598269036 -3.5462311628959293 0.4824041260713059 0.01917005528155773 0.8757389840185728 45.392465542801204
0.8681015956183934 -0.08885143149402577 -0.4883697808078036 -16.40470701598339 0.06798180009961494 0.9958601783551702 -0.06034053381952299 -3.6300065274629083 0.4917093598255129 0.01918145687562468 0.8705480900973325 46.34660756556745
0.8620158935795479 -0.09292516147259239 -0.49829059150414073 -16.94180865671218 0.07035201479652159 0.9954710014213383 -0.06393808992508584 -3.710574752775387 0.5019752914539956 0.02005990265407555 0.8646492971576312 47.28546673354278
0.8547354018994175 -0.09262257916460226 -0.510733247957031 -17.519272027889922 0.06920812930940276 0.9955010909069706 -0.06471331269935308 -3.798035768728661 0.5144294194321841 0.019965866671102773 0.8573002604634723 48.25109113586225
0.8475660730347978 -0.09073556539854641 -0.5228755196145425 -18.099094589371674 0.06929779859987298 0.9957618165664056 -0.06046668320309424 -3.8840366454845743 0.5261459559376875 0.015015386780833268 0.8502617074820192 49.19098809486895
0.8417705914167557 -0.08921884661052418 -0.5324117474618429 -18.695655361340673 0.0699281585586912 0.9959598892443152 -0.05633783504042374 -3.967038617703868 0.5352871416973101 0.010192959626095496 0.8446086546487579 50.13485781752981
0.8370062587002417 -0.08983429327195931 -0.5397687677598175 -19.31087133282315 0.06983730137599366 0.9959024930688898 -0.05745411765651448 -4.053320706519296 0.5427184115479617 0.010393461959211581 0.8398504043669681 51.082544158986025
0.8341406505247211 -0.09324019093080843 -0.5436135041896785 -19.88222494797052 0.07114952849511716 0.9955627498446294 -0.06158372931807925 -4.130991386443159 0.5469434337636002 0.012691647528446936 0.837073355415101 51.95880034349429
0.8313229687685519 -0.09528256198805285 -0.5475612796562904 -20.476154105865813 0.06893050301591613 0.9952644663175373 -0.06853632496450929 -4.212815084316176 0.5514986014051299 0.019232146699235248 0.8339540857754252 52.84832454149611
0.8276383715108714 -0.09648955653139502 -0.5529054995957335 -21.090348474127456 0.06900268862453776 0.9951311709502062 -0.07037458039559952 -4.298797711746474 0.5570039092909654 0.020092737086975974 0.8302667805897908 53.76006146308883
0.8249017634977053 -0.09632137021777015 -0.5570092227402946 -21.708371079548577 0.07089272878417904 0.9952237212156738 -0.06711159166015676 -4.389655912950099 0.5608130718732479 0.01587256655358712 0.8277902874805269 54.67860945846183
0.8220760921877495 -0.09459681173712846 -0.561464461798331 -22.328160937053767 0.0722526662009388 0.9954619443553858 -0.06192793850154237 -4.4758530829427485 0.5647746903679155 0.010342173338586662 0.8251803369994102 55.58563839219821
0.8189126538321727 -0.0923465745351479 -0.5664399134640608 -22.932006676914344 0.0719678512575349 0.9957025726712662 -0.058283918547016936 -4.5548051696818215 0.5693879993281572 0.006963974974563372 0.8220394207540367 56.45291834180908
0.8160793456180498 -0.09051709633624891 -0.5708074604684753 -23.563464681201136 0.06938770124850846 0.9958602199672657 -0.05871770773963553 -4.634052996577771 0.5737593995492044 0.00831129097094729 0.8189817298763953 57.337923147499836
0.8112346072770955 -0.091993524391219 -0.577438830895584 -24.2046655013161 0.07027414508182661 0.9957273218118393 -0.059905301355056326 -4.714858877109057 0.5804825203991892 0.008018233440348563 0.8142332291447586 58.238504966619814
0.8080081739725509 -0.0940370849945665 -0.5816182746778756 -24.816731878274755 0.07143899983473168 0.9955339714385807 -0.061713701998343765 -4.794968495466739 0.5848241274914684 0.008314947832178243 0.8111175016891147 59.08778157885833
0.8053626561110088 -0.09563053267540349 -0.5850177718343603 -25.4589609415553 0.07303416186374113 0.9953898118560587 -0.062170199083009234 -4.8777921656548155 0.5882660990934987 0.0073432740231266745 0.8086340785447639 59.97043478862759
0.8014415581303997 -0.09583310152892544 -0.5903451918605452 -26.106835792497026 0.07378073677280103 0.9953812723783106 -0.06142088797630883 -4.963299872895713 0.5935047024099976 0.005669148955734074 0.8048105547067198 60.843616787578604
0.7980082813187201 -0.09587039822075867 -0.5949719738708166 -26.759361589125785 0.07474624446628002 0.9953876072654981 -0.06013742795010238 -5.0486129125776955 0.597993128626851 0.0035182449118563476 0.8014935059423818 61.71898929712613
0.7928865146139059 -0.09746904755533457 -0.601523698379431 -27.43269248062649 0.07625227076184897 0.9952358900127827 -0.06075454249787712 -5.1350616478704785 0.6045796607123617 0.00230390952960707 0.7965413522559925 62.60740967797649
0.7871223098758213 -0.09919315625165355 -0.6087685825078252 -28.09148291915053 0.07749059323519468 0.9950669379528106 -0.06194349807102398 -5.216657187644125 0.6119098604008676 0.001583270681972948 0.7909259232052889 63.461100657533954
0.7811896777902444 -0.10124679278802495 -0.616029036867673 -28.77863817819556 0.0792724971373896 0.9948612725437638 -0.06298348664694231 -5.304795463548912 0.6192403075636926 0.00036788957818953416 0.7852014430359139 64.33569097248206
0.7752178823045464 -0.10184092152560797 -0.6234305588099365 -29.483454188237406 0.07942315543806475 0.9948006921653426 -0.06374594298946704 -5.392238241378952 0.6266810969987173 -9.782724740018539e-05 0.7792758132357979 65.21408290775547
0.7690978849605212 -0.1026455346058611 -0.6308346356809604 -30.182036784197685 0.07962995978170939 0.9947179096376567 -0.06477151959969825 -5.478027604998417 0.6341510173881426 -0.00041769793837730107 0.7732091002271093 66.06722592289435
0.7623700436460404 -0.10347898265042303 -0.6388145401450785 -30.918721924565027 0.08094851137474997 0.9946284226821317 -0.06451076886122956 -5.567796878607908 0.6420586071826674 -0.0025300083969143593 0.7666513836158942 66.95074030019728
0.7557938866986296 -0.10368339434502917 -0.6465488029267956 -31.64965583394919 0.0824274660877941 0.9945947528742555 -0.06314261943683033 -5.654957869332909 0.6496008879791688 -0.005570573766857871 0.7602549934361388 67.80897698074573
0.7503300007712521 -0.1038191565123571 -0.6528602244613125 -32.41029965314682 0.08326672551545358 0.9945679436201721 -0.06246005079309638 -5.747049612108521 0.6557984007029499 -0.007495883150421077 0.7548988471121467 68.68443693515077
0.7447600019984502 -0.10452001799357499 -0.6590964309278965 -33.18996952265879 0.08445411295545566 0.9944794504434575 -0.062274597153141716 -5.8400701173276595 0.6619667984334078 -0.009283775325895742 0.7494756629054226 69.56575001564536
0.7404598050516822 -0.10657079362457698 -0.6635977268263151 -33.95233882864383 0.08628404010428685 0.9942515910682738 -0.06339430638068351 -5.928612265841751 0.6665390772686226 -0.010316957130567836 0.7453986979257875 70.41939672157994
0.7362239576513092 -0.10526763771950731 -0.6685005674112758 -34.72331883462839 0.0848027982491115 0.9943919455334304 -0.06319132905201222 -6.018079049406288 0.6714035817519621 -0.01016774838367639 0.7410221638408953 71.26418408344021
0.7316207764210866 -0.10414634746293616 -0.6737095648861874 -35.51377474696989 0.0846402841475116 0.9944920413864795 -0.06181910641849499 -6.106596965082133 0.6764370346221701 -0.011794826369306222 0.7364060159059559 72.1216690864021
0.7284348946317221 -0.1033612242810684 -0.6772732547487686 -36.30094059527385 0.08407939509278235 0.9945684180818599 -0.06135403063351549 -6.196098461528795 0.6799362173054938 -0.012252308732040064 0.7331688900430998 72.96411433672198
0.7241133601999722 -0.10393297385310184 -0.6818047950300409 -37.107659261763864 0.0845262544722412 0.9945011644106911 -0.061828361539618994 -6.286010480949295 0.6844816680414455 -0.012859662974991241 0.7289166448801745 73.82128051647061
0.7202037146837694 -0.10496317390156336 -0.6857764515351996 -37.8914966032855 0.08383986213262874 0.9944119994669217 -0.0641533540337603 -6.372605933414452 0.6886780720142625 -0.011291919265977352 0.7249793139711017 74.6434445654023
0.7158584958407309 -0.10731004753323346 -0.6899501196688508 -38.68329989707335 0.08518069142751218 0.994160840539616 -0.06624555038261369 -6.4593023715295725 0.6930302040608168 -0.011347988190848299 0.7208192279784462 75.46539306346281
0.7114516052379514 -0.10697197305465932 -0.694545614330071 -39.49928153515375 0.08410967842513135 0.9942036613090732 -0.06696746848175505 -6.551089966654146 0.6976834349470851 -0.01077389532282104 0.7163251690259178 76.297228571712
0.7078928854956366 -0.10520889522909944 -0.6984402272416261 -40.312044010777136 0.08287907319047898 0.9943857642104983 -0.06578762165172665 -6.643187651234308 0.7014404621147465 -0.011315489391797506 0.7126382236507351 77.11601609083834
0.7046316427566872 -0.1044884332672172 -0.7018378839442728 -41.12349223351761 0.08345722300315285 0.9944372553979572 -0.06426069564811689 -6.73357536648139 0.704648238452786 -0.013293321253177986 0.7094322713659462 77.93026496721818
0.7000148054161167 -0.10502817949389485 -0.7063627635361553 -41.981477095208206 0.0843141774733024 0.9943628065147326 -0.06429407824321715 -6.829337609440349 0.7091335499574369 -0.014549588734485513 0.7049240510809804 78.77770494108357
0.6967394314815086 -0.10448827525223474 -0.7096734213380386 -42.83507599887353 0.0843773668335538 0.9944039480877434 -0.06357081086272598 -6.924646121443971 0.7123444564149145 -0.015588083984948674 0.7016568869843851 79.61378106190065
0.6929027082852112 -0.10322244973397765 -0.7136042059306661 -43.68330033213652 0.0835701964160577 0.9945266424027263 -0.06271187943397802 -7.01700184787073 0.7161716687512859 -0.01618281255149163 0.6977365243814617 80.4330416342168
0.6887128039152617 -0.10261767486823092 -0.717735526867534 -44.52785860631881 0.0832251907636268 0.9945789960738014 -0.062339298930831316 -7.10780667821134 0.7202417936676103 -0.0167998027806182 0.6935196646678421 81.24304106967621
0.6860262285686456 -0.10392174283530795 -0.7201168551575172 -45.37832535020422 0.0854053840522867 0.9944064490298218 -0.06214285560530772 -7.198346038382407 0.7225468386829756 -0.018870227713857508 0.6910643822505002 82.05702878026452
0.6812408141780083 -0.10725413549087648 -0.72415986047156 -46.24936535989594 0.08761074941540925 0.9940444050549396 -0.06480800387175625 -7.291198369093082 0.7267979840952745 -0.019294330749624836 0.6865802350169784 82.88427391685245
0.6778367221535825 -0.11012661833453856 -0.7269178124343123 -47.130012644047774 0.0901985052760086 0.993705428616765 -0.06643606538278256 -7.386957291961859 0.7296585555902575 -0.020534095348234527 0.6835032868846855 83.7117756169079
0.6739443815875297 -0.11317087137283247 -0.730062548278787 -48.02233829574744 0.09449729819552691 0.9932854116971677 -0.0667409285471357 -7.485265756062859 0.7327136078716896 -0.02400926450980992 0.6801134641053286 84.54767205972732
0.6667922492520791 -0.11528574570544917 -0.7362725671750183 -48.91890233200807 0.09741832782009688 0.9929685584184733 -0.06725408089532836 -7.582323501246899 0.738848946498599 -0.02688194244242296 0.673334683072566 85.37085818339224
0.6584247018935724 -0.11590919446069169 -0.7436679168660123 -49.83394706416502 0.10016071053357183 0.9927761380499324 -0.06605582324119456 -7.682142514442821 0.7459522397592024 -0.03099352122840296 0.6652778800171355 86.19937154243242
0.6487014990039363 -0.11390513718266997 -0.7524705874075368 -50.7961774448172 0.09932646735120852 0.9929506014133147 -0.06467886854658508 -7.781539177427489 0.7545333777067624 -0.03278296625283111 0.6554423384631866 87.03728566458112
0.6391873760177663 -0.11295367585834966 -0.7607108290603007 -51.73062770822092 0.09880957887830981 0.9930188022886096 -0.0644230193578881 -7.878108853107126 0.7626769732078019 -0.03398713596910797 0.6458859877154819 87.82509915402687
0.6306757285163425 -0.11328092661339155 -0.7677340406195315 -52.68239128311169 0.09813132943956578 0.9929887968148104 -0.06590517113777165 -7.977689714908997 0.7698171001236621 -0.03377397024169586 0.6373703407684648 88.61705617586259
0.6197644007287774 -0.11485678387742207 -0.7763375598195894 -53.634869024414684 0.099326175789378 0.992757295225516 -0.0675815328294287 -8.077466012007648 0.7784769735787676 -0.03522601274417422 0.6266839152505752 89.39304718685666
0.6094608386769493 -0.11533279750181902 -0.7843824525954123 -54.61201352932536 0.09959391189206238 0.9926624355448056 -0.0685736230068893 -8.17778724207088 0.7865357835681895 -0.036326779084571575 0.6164753249629016 90.1624218241166
0.6001303640693192 -0.11551829421306414 -0.7915169422217887 -55.583614444702484 0.10104359660481385 0.9925385728901353 -0.06824494787438314 -8.276937705225608 0.793494636218286 -0.03902185320198892 0.6073249190223404 90.91006386925882
0.5881179881354349 -0.11528994225375917 -0.8005157470322826 -56.56248192643709 0.10263409642958839 0.9924245483833574 -0.06752598030514775 -8.377662221090542 0.8022365450922879 -0.042446966690378764 0.5954954078220718 91.64440241254047
0.578237061166072 -0.11499479014074336 -0.8077240242400313 -57.54279451996 0.10239233379813144 0.9924179510177658 -0.06798838486882516 -8.475447147866445 0.8094181311741148 -0.04339134404677801 0.5856274243821047 92.35566359800751
0.5690220321705677 -0.11482690519369568 -0.8142657482346384 -58.556881070166874 0.10126741395314973 0.9924505352341154 -0.06918703624783566 -8.57781286754039 0.8160630109101373 -0.04308963862874615 0.5763544441288929 93.0683515001497
0.5588563168552672 -0.1145956230884073 -0.8213083831789036 -59.581705261371134 0.10065388326521806 0.9924569226118021 -0.06998608821432441 -8.679846006388994 0.8231332898714503 -0.043555710634669176 0.5661753148773903 93.77671489872016
0.5502905591733622 -0.11519065734335665 -0.8269893668877938 -60.61792599060297 0.099891397072676 0.9924071080037353 -0.07176239108705586 -8.781893443781417 0.8289764829448044 -0.043118956903756056 0.5576188180827425 94.47228274024124
0.541403504892633 -0.11378085815893951 -0.8330283075661885 -61.66972950210567 0.09800856596197294 0.9925865644251922 -0.07187651299744278 -8.88346617605394 0.8350308772063765 -0.042729713774015056 0.5485413436312165 95.1578744285555
0.5327763922567683 -0.11094591319546555 -0.8389519176920014 -62.74765652437779 0.0957811801519841 0.9929041445494162 -0.07047925414819226 -8.985979095447721 0.8408182213668752 -0.042806122013288365 0.5396224184887319 95.84323023110505
0.5251552357131671 -0.10890573210408191 -0.8440091942140927 -63.82910275929627 0.09597845447689848 0.9930294578100692 -0.06841514596685404 -9.09059603884344 0.8455767940756617 -0.045078125918387085 0.5319472228373904 96.5233678790627
0.5165316069488998 -0.10726284873455733 -0.8495232664878197 -64.91468459468906 0.09491059961591683 0.9931815420713053 -0.0676934455424714 -9.195733950588716 0.8509918196453682 -0.04566295840407067 0.5231900392079858 97.18910633288887
0.5109916451355213 -0.10767234834114564 -0.8528154571795686 -65.99031493174256 0.09448449977460963 0.9931477515858628 -0.06877661537388609 -9.30207154896993 0.8543770935038201 -0.04543356603491151 0.5176635714180747 97.84000174561002
0.5068732216568532 -0.10981579273992297 -0.8549970928793296 -67.04106588772012 0.09636119297096908 0.992853948590872 -0.07039571902272093 -9.405882373059397 0.8566178013889358 -0.04670683496466547 0.5138330603524546 98.47023350786932
0.5026018588718271 -0.11033765699063543 -0.8574479418066155 -68.11882098279183 0.0956047276520625 0.9928323418006864 -0.07171943338552147 -9.511327660162497 0.859215402276495 -0.04592975641544574 0.5095481821834504 99.10272800234017
0.49849611865408217 -0.1120199092080788 -0.8596238477542542 -69.18422431920379 0.09654750385801913 0.9926209852255022 -0.0733632005077419 -9.616811416993515 0.8614988097412561 -0.046423266052348575 0.5056329510459459 99.72824568905843
0.49334972726280435 -0.11171294279695396 -0.8626275355107563 -70.25771449336014 0.09757863128363858 0.9925664779156363 -0.0727337448160097 -9.725037142566027 0.8643404753489959 -0.048290841054937146 0.5005831972246757 100.35215286919984
0.4900359175578055 -0.11036340885079754 -0.8646876415735985 -71.33129452810572 0.10020202239658721 0.9925093270285541 -0.06989127605760856 -9.831169186897563 0.8659239887027694 -0.05239421483483378 0.4974238555205488 100.96740365986153
0.4875456788966781 -0.10829105880492702 -0.8663557338484493 -72.44055545922025 0.10301829607636041 0.9924819183694951 -0.06608231520709767 -9.938284486174826 0.8669985246023781 -0.05703234426634334 0.4950362310425215 101.59971766327571
0.4846540813038677 -0.10766675036502706 -0.8680543141655014 -73.53492141428431 0.1052448942196622 0.9923637753851744 -0.06432456407916941 -10.039925401815216 0.8683512732277164 -0.06018312196220801 0.4922845296316815 102.2172325856722
0.4823878437245599 -0.10715677778984171 -0.8693787397909316 -74.63483418408758 0.10688459260345569 0.992273627151187 -0.06299787872794295 -10.139648696554822 0.8694122451925572 -0.06253378154186572 0.4901141439249752 102.83403982602866
0.480568979024765 -0.10691117400136228 -0.8704156807369371 -75.73794040556457 0.10944726532366532 0.9920926193792449 -0.061429070369005724 -10.235114775270896 0.870100426682039 -0.0657437103218208 0.4884700728200801 103.45413451706683
0.47676752768574937 -0.10625693662533235 -0.8725836280629031 -76.83060845061209 0.11191642719045235 0.9919262965282931 -0.05964005013905874 -10.32885075628935 0.8718758156236144 -0.06922200282182947 0.4848101447535852 104.06190113031315
0.4738967230776766 -0.10717569983863828 -0.8740339039306989 -77.88720659179346 0.11427826585152692 0.9916571041587635 -0.05963778773079233 -10.419059917427989 0.8731336517453715 -0.07162092665941579 0.48219090519651964 104.64589829318628
0.470857947542623 -0.10723483041601571 -0.8756674507948762 -78.92871788635144 0.11647266024305587 0.9914526884899868 -0.05878508230735899 -10.508537738909297 0.8744866566459742 -0.07431189428096724 0.47932330395727707 105.21652021613517
0.4692492964653556 -0.10654870546744406 -0.8766142088341831 -79.94349703103477 0.12030400194629538 0.9911523035576164 -0.05607190266199641 -10.594249524656668 0.8748325810590702 -0.07914849661012202 0.4779157568043587 105.77565529549814
0.4693141807815505 -0.10620218325979588 -0.8766215237992933 -81.01611498268987 0.1221416131458472 0.9910059054453824 -0.054669202577944664 -10.681743826589594 0.8745430955964791 -0.08141493501336763 0.47806483064674066 106.35743266194093
0.4669978991603124 -0.10747380613885514 -0.8777028786405354 -82.09995460423788 0.1251975789703316 0.9906234813307211 -0.0546871507410102 -10.770006682137813 0.8753505174499083 -0.08434749095397072 0.47607454497163315 106.94915209663532
0.46676565851232016 -0.10840802214253437 -0.877711524801118 -83.12934247132182 0.1276628743408053 0.990323179837957 -0.05442600472826316 -10.852629553463558 0.8751182837471765 -0.08664698616097936 0.47608853088539654 107.5088848455634
0.4672550093329291 -0.10958760515478994 -0.8773045725685706 -84.16296498655008 0.1285630382789582 0.990163199357576 -0.05521217099926984 -10.935794099192876 0.8747252719807332 -0.0869907778698831 0.4767476304333617 108.06900459912507
0.46779230516404624 -0.1100434336844885 -0.8769611176855194 -85.17457630805622 0.12870529408313108 0.9901236423493964 -0.05558884902333523 -11.018834672370932 0.8744171238626806 -0.08686550272514397 0.4773353935463255 108.6137437228895
0.4709823344377129 -0.11056569512185578 -0.8751861903102809 -86.19412766711305 0.12825413065197377 0.9901550510564587 -0.05607007078725778 -11.10380630320536 0.8727694533027086 -0.08583823116538747 0.4805260445096486 109.16550528327838
0.474111074164871 -0.11052783198595123 -0.8735000215859858 -87.2094773529574 0.12705526171210588 0.9902940373668734 -0.05634429897412996 -11.187794174107443 0.8712494762268157 -0.08426931773844618 0.48355251241452185 109.71889772363276
0.47927989744773813 -0.1105612923162409 -0.8706704201612965 -88.19342322774173 0.12604042069280827 0.990421340245206 -0.056386001263347765 -11.269375499331076 0.8685646736162287 -0.0827149891389286 0.4886242301786531 110.26147654338259
0.4854972648312864 -0.10961171848649344 -0.8673394243384638 -89.1821287028567 0.12549843384795237 0.9905715818989064 -0.05493709344340628 -11.350103905542202 0.8651835348312236 -0.08217793076450722 0.4946758926329572 110.81524785772562
0.49107777967459243 -0.1085202635575057 -0.8643297789080753 -90.1293337753394 0.12527938082302814 0.9906937407989288 -0.053207036023667616 -11.42536730777768 0.8620601435227542 -0.08215390641493972 0.5001030339942902 111.35711711754986
0.4980695044072608 -0.10643317164561046 -0.860580471979792 -91.101162668853 0.12372762154036786 0.99100708406689 -0.050955225416080295 -11.500687969647602 0.858264670394552 -0.08109833107219946 0.5067591304059896 111.91700108597703
0.5080448370666207 -0.10627862651742793 -0.8547486748018509 -92.05067316699888 0.12540615599549104 0.990910953228755 -0.048670101805060796 -11.577129275328083 0.8521524156912224 -0.08246415170757218 0.5167551877966636 112.48562698462693
0.5163808047611897 -0.10425916411812686 -0.849988759438368 -93.02461899504573 0.1237370026451956 0.9912290962768913 -0.046411559664386176 -11.650550888566826 0.8473724202796368 -0.08120902284529416 0.5247523949044383 113.07273142654529
0.5272467724576952 -0.10461431947159375 -0.8432477009126316 -93.96845060594849 0.12417864530502479 0.9912239712935451 -0.04532882949362687 -11.720110394822553 0.8405893795326898 -0.08081387810610732 0.5356105041187104 113.65873938259189
0.5370219621552861 -0.10430602551693684 -0.8370947767151261 -94.93086229988174 0.12130362047910222 0.9915613425657616 -0.04573330939093066 -11.789940851442003 0.8348010803907412 -0.07698283555471812 0.545142916314985 114.26621905270387
0.5447499125211839 -0.1040290348241892 -0.8321210805656293 -95.84657286200967 0.1193133369539875 0.9917959168761782 -0.045882315685300254 -11.85404472825912 0.8300673830678248 -0.07428875541620644 0.5526927902421419 114.85942692630199
0.5550911819017332 -0.10216865868357639 -0.8254909720631327 -96.77081782558027 0.11761374489574947 0.9920973824944563 -0.04370115169244533 -11.916436023360264 0.823432320707983 -0.07283096065855112 0.5627209471692147 115.47341248440283
0.5653023392009776 -0.1002407383088208 -0.8187704560358818 -97.66288979265653 0.11724047950045638 0.9922758970835451 -0.04053657649024315 -11.977618165658143 0.8165096051244017 -0.0730776193533203 0.5726881579788823 116.08834626944414
0.5771896903623774 -0.09791063394833727 -0.8107191678375552 -98.57439892955252 0.11756115051995009 0.9924072447924671 -0.03615572391545039 -12.038599987033935 0.8081036055035324 -0.07444036702797308 0.5843177171102483 116.73381968526255
0.5884548295290688 -0.097003490286591 -0.8026900002342958 -99.4664423651121 0.11782152361050999 0.9924674590231133 -0.03356235024999052 -12.094497913478232 0.7998993700322639 -0.07482423171957228 0.5954513684336977 117.38514775241175
0.5999237962703554 -0.09696215986805551 -0.7941597938842578 -100.33960478481373 0.11824778085976395 0.9924732459324289 -0.031848366207543985 -12.144576831911907 0.7912704348010903 -0.07480104051462273 0.606873877628312 118.03905593592161
