1.0 0.0 0.0 0.0 0.0 1.0 0.0 0.0 0.0 0.0 1.0 0.0
0.9999428807104735 -0.003046069506849315 0.010244841482381814 0.01563185453414917 0.0030275892983857564 0.9999937626688477 0.0018188805459878018 -0.011583380401134491 -0.01025031801848062 -0.0017877594803875636 0.9999458659830343 0.3169178366661072
0.9998367331140338 -0.005413595141190141 0.017239492553549656 0.03163218728334394 0.005358164592474669 0.9999803313951556 0.0032598918747054114 -0.02124938318494258 -0.017256801211596614 -0.003166987603717781 0.9998460746542247 0.6294608525441066
0.9997300758990697 -0.007566619074080859 0.02196637472657857 0.04507927652005671 0.007500513533086484 0.9999670958481293 0.003090229408725049 -0.030625447485883257 -0.021989034530435856 -0.0029246361904206783 0.9997539341575873 0.9345166062382887
0.9996902266355939 -0.00981566123448775 0.02287145740448108 0.05715723822144867 0.009746554192306288 0.999947599197882 0.003131060486287302 -0.03752000903774491 -0.02290099235080556 -0.0029071726680965056 0.9997335109400037 1.275682580383918
0.9997098304310597 -0.01237308664602879 0.020667889741135176 0.06651828101335874 0.012313252558414848 0.9999196291253154 0.00301978497981642 -0.04406536441037469 -0.020703592705966445 -0.0027644197838784653 0.9997818358183569 1.6184186857790537
0.9997844105877123 -0.014473669605016434 0.014887754496424164 0.07106539324315056 0.01444876205006648 0.9998940281911465 0.001779230986525607 -0.0525045213247774 -0.014911928815600389 -0.0015637377809842577 0.9998875882333729 1.9495175541692857
0.9998841886948105 -0.015176470372523497 0.0011331130360736975 0.06236651610411837 0.01517511970072906 0.9998841416418118 0.001191232674906355 -0.05872481458677826 -0.0011510604628551947 -0.0011738995907386149 0.9999986485088677 2.2973384272410495
0.9997432251555491 -0.013968225718521313 -0.017842993747059718 0.04035474873958103 0.013997077715903979 0.9999009212854556 0.0014931268909089965 -0.06525950290211945 0.017820369552737022 -0.0017424932636458214 0.9998396862228616 2.670994135442811
0.9992769570280124 -0.012687531098860637 -0.03584117335484118 0.012657937791022002 0.012731335046911065 0.9999184590153124 0.000994197348033633 -0.07353436461510367 0.035825636920501884 -0.0014497844870832728 0.9993570042102982 3.016076223491518
0.9984414646624333 -0.013465399614905702 -0.05416017592240346 -0.020656168441683737 0.013493176723871715 0.9999089521090861 0.00014722094833114326 -0.08241557505460366 0.05415326236371324 -0.0008777843243977109 0.9985322496895364 3.3955058933246707
0.997039744297746 -0.016111653156113154 -0.07518086806670009 -0.062186977021159176 0.016175273598126753 0.9998691435276437 0.0002373716966028468 -0.09039163381553811 0.07516720571307144 -0.0014527401260079694 0.9971698855919262 3.8100986476032754
0.9954708574975717 -0.018402834830122117 -0.09326900633792955 -0.1086308424365676 0.01851373231702346 0.9998285537351191 0.000323808020117133 -0.09941998803135257 0.09324705672965285 -0.0020490988642657853 0.9956408928951751 4.207946807832249
0.9937883597633881 -0.01961993652961345 -0.10954338907195195 -0.16464614633799834 0.019783333571464074 0.9998042087269489 0.0004048761294484554 -0.10709068435868234 0.10951399778838906 -0.002569494591151027 0.9939819324243028 4.6306516658923655
0.99199829376418 -0.02093936446678361 -0.12450272360347384 -0.2249635657744527 0.02122165995800975 0.9997743519680807 0.0009414326481768872 -0.1169758550192257 0.124454916807583 -0.0035760540448443612 0.9922188193739757 5.064061274100013
0.9902266614426687 -0.021806288554754357 -0.13775211340510637 -0.29073199386741666 0.022151368513495247 0.999754155450402 0.0009723850228309406 -0.12569487010312122 0.13769704369043598 -0.004014279402344036 0.9904662587487744 5.488968673370065
0.9881593663097904 -0.024764971645694127 -0.1514191630990662 -0.36007013883874317 0.02502806021591065 0.9996867348512903 -0.00016841672962172546 -0.13561873751632825 0.1513758995879542 -0.0036233053630672528 0.9884696296205482 5.928808840880133
0.9865404808389944 -0.029384953838960816 -0.16085522731278615 -0.4281479348759317 0.02937600161624624 0.99956546793973 -0.002434303077065545 -0.14696828865581138 0.16085686244300632 -0.0023237448893659754 0.9869750098227822 6.374802834870048
0.9851302455195091 -0.03046441737461609 -0.16908671927947774 -0.514472558934407 0.030111914560778053 0.9995357210581867 -0.004649185969084519 -0.1546882110431405 0.1691498506181904 -0.0005114711291158073 0.9855902122246993 6.848104636775219
0.9837961462338639 -0.03193533758521016 -0.17642357231593642 -0.6068459966044919 0.03131632801074637 0.9994897153510843 -0.006292575572194782 -0.16168083874298145 0.1765345016004552 0.0006656731383370808 0.9842942276697307 7.349202051535018
0.9825720454425726 -0.034386015397165 -0.18267396492085347 -0.7014405725335293 0.033246739617209434 0.9994039383875245 -0.009296356293237761 -0.1739425192120897 0.18288474463340226 0.003061026071642692 0.9831295948651756 7.848035441708605
0.98074013352098 -0.0387586529523318 -0.1914329055376083 -0.8017595319292613 0.03729803400435819 0.9992410974908812 -0.011228790880100864 -0.18619532966675179 0.19172283943406407 0.003872454846734482 0.9814414689286366 8.369158082672174
0.9788914552547342 -0.04516545327700673 -0.19932787225963003 -0.9002766357524586 0.04353821240658802 0.998973039118799 -0.012541577818975042 -0.2012030174630025 0.1996896163792892 0.003598464121413958 0.9798525951214597 8.884669362340032
0.9769402439536015 -0.04857186196772093 -0.20791472763819846 -1.0119293343337148 0.046423273649043785 0.9988061482430092 -0.01520387765242684 -0.21320011135355577 0.20840498892201115 0.005201197645988093 0.9780287869666535 9.41703262454929
0.9751010578321799 -0.04607464539151331 -0.21692176946219657 -1.1417793684665984 0.042686596484714075 0.9988826409267063 -0.0202811275781286 -0.22369356095241452 0.21761383571619533 0.010516496913679639 0.9759782896138365 9.946075102788994
0.9731334097633362 -0.045656742048763625 -0.22566973369921692 -1.2783739537224392 0.04142790958233838 0.9988664626287282 -0.023441803326730556 -0.24034026626820584 0.2264842049901503 0.013462976679181284 0.9739217900575566 10.499830337636542
0.9705369825378218 -0.04960269413408611 -0.23579130234387402 -1.410211823605261 0.04505504583175992 0.99868061099828 -0.024638994727878734 -0.26041011003997955 0.23670236241211856 0.013289467662127123 0.9714913183748888 11.047718558838536
0.9682998145810342 -0.05106095872193006 -0.2445163544156756 -1.54970018523329 0.04606982673486959 0.9985974040169265 -0.02609206307049044 -0.28191225553558136 0.2455056825145887 0.0140001137514204 0.9692940506719276 11.584285258944035
0.9659224224532826 -0.05014560651908395 -0.253927729775256 -1.7035875023167002 0.044317410299985927 0.9986073287966644 -0.028624640048275862 -0.3005442295726806 0.25500949187488087 0.016395762270289896 0.9667995335297237 12.129397543100264
0.9634635196698749 -0.049973719853831255 -0.2631362262960147 -1.8724339707341406 0.04321147428083849 0.9985715271583794 -0.03142727539985861 -0.32459249632727927 0.264330881199706 0.01890852909543512 0.9642466763083158 12.717069922329323
0.9615070083096311 -0.05128966080692919 -0.269951187561332 -2.046650964187618 0.042814822166150374 0.9983904819118724 -0.03719323366770244 -0.3508183939244731 0.2714243245811698 0.024203642744214087 0.962155403094306 13.309231915224304
0.9597078254867516 -0.05343912368982936 -0.27587161825522066 -2.2278263830013296 0.04261086524756163 0.9980732356630471 -0.04510133496860347 -0.38078705916171374 0.27775025447755264 0.03152897575816804 0.960135781973204 13.91018533490984
0.958987917152529 -0.055235975240829405 -0.2780128806272274 -2.407844783294664 0.04201491033756993 0.9976945103855813 -0.05329550877701971 -0.4106660540777184 0.28031575422152155 0.03942906270341596 0.9590977150163323 14.493787592658544
0.9585340042293866 -0.057122972974919764 -0.2791944281222045 -2.5995701047080573 0.04139760087004206 0.9972231906767972 -0.0619043344087712 -0.4482518645228428 0.28195531805267116 0.04777943003945179 0.9582370921055614 15.119181800069306
0.9582747456194285 -0.05705702997626409 -0.2800964248938347 -2.7948332156076163 0.0386138677534711 0.9967334356687858 -0.07093255555114429 -0.4896049333195098 0.28322867285135045 0.05715727031783819 0.9573476721257939 15.738990779933708
0.9582595877951817 -0.05787490251609977 -0.2799804601349181 -2.9927764843570905 0.03740815254927265 0.9962587830333438 -0.07790421908838566 -0.5398932705074608 0.2834416915724623 0.0641789131075994 0.9568395239489579 16.386534808957276
0.9580348551032598 -0.05747698597725151 -0.2808302200445084 -3.199968364100214 0.035058925554387554 0.9958307926990714 -0.08421344341202996 -0.5945648102497268 0.2844997155468667 0.070833808279028 0.9560556905632862 17.051210684166158
0.9582228812282627 -0.05821494953608024 -0.2800355862048938 -3.400652940560999 0.03431573397299029 0.9953949877268128 -0.089505579771505 -0.6530047028243747 0.28395658170308685 0.07615666785548011 0.9558079418212889 17.70134488594302
0.9588064543019643 -0.055878247469383586 -0.27850997226068214 -3.61130477296919 0.03066377883204948 0.9950919117323411 -0.09408411062774702 -0.712747500078455 0.28240027594999756 0.08166828432522208 0.9558139858145728 18.372725629134916
0.9587051207023306 -0.05348414069986481 -0.2793276538990132 -3.8327672742915593 0.027268845617662872 0.9949195284452144 -0.09690996840899582 -0.7776981245728016 0.2830916840845204 0.08529114028988921 0.955292897382913 19.076145985766942
0.9585352467145114 -0.05240161440966837 -0.2801147115258525 -4.050520523379623 0.025640879059767297 0.9948203647352368 -0.09836151294634035 -0.8453726884280461 0.28381812156201985 0.08710058963813697 0.9549140072057252 19.77751558458628
0.9575620326493682 -0.05129091045096493 -0.28362686074051857 -4.273870762581408 0.02428040112555417 0.9948958384188941 -0.09794249750720109 -0.9171195409975904 0.2872027432835428 0.08689944304698967 0.9539198451906379 20.499899832476775
0.9561907575561253 -0.050498475326651984 -0.2883559244300812 -4.492729837343732 0.023322422860001857 0.9950192834917073 -0.09691589173911938 -0.9889831760038446 0.2918138100847567 0.0859449211375109 0.9526059892602421 21.20057108787271
0.9548499794329197 -0.0506842464731951 -0.2927330250183563 -4.7237700651481225 0.023542595124897543 0.9951500797545199 -0.09550950203701367 -1.062583792029044 0.2961541203355752 0.08430555096799722 0.9514122718802004 21.936523412775564
0.9517686348771612 -0.050991305566641845 -0.3025497519758934 -4.993706409933888 0.02373228265696029 0.995373765301359 -0.09310126803478845 -1.1486940707551463 0.3058974410222409 0.08143067055111815 0.9485756698701692 22.77320538084474
0.9482418804306664 -0.051165933721502826 -0.31339971828915353 -5.245199102251271 0.024927689493030203 0.9958818845361279 -0.08716583246496036 -1.2249269124026587 0.31656902326957553 0.07484196202116326 0.9456123593878043 23.532623494639843
0.9458383997261329 -0.051589880755748725 -0.3205124113152504 -5.4638983781839245 0.02599768006904287 0.9961583105823905 -0.0836226099130248 -1.2853721314364106 0.3235951826503854 0.07076089641352666 0.9435459995698241 24.174080199089005
0.9426124383852623 -0.049795537885791066 -0.330154805217272 -5.731649092012878 0.024563634304715795 0.9964790563676734 -0.08016307186189399 -1.353647579378174 0.33298411204010053 0.06745290673689115 0.9405167125052111 24.92046675181157
0.9394331881008168 -0.048896162940221866 -0.339226252439959 -6.01348588392757 0.02344630381419413 0.9966208194121497 -0.07872238024671084 -1.423828748989882 0.34192916800441003 0.06600081487359453 0.9374051079996489 25.68507234166583
0.935828032038693 -0.05004702963716992 -0.3488856392502898 -6.308135408550497 0.02393486433290498 0.9966062263930093 -0.07876009004598378 -1.4932969528772233 0.3516433089367016 0.06535536962776872 0.9338499124275086 26.46757893768886
0.9325433904533519 -0.050645085286353426 -0.3574883218485684 -6.611471703538178 0.024004200229683227 0.9966193303372319 -0.07857295189504414 -1.5619984067865857 0.3602591057740261 0.0646914657007061 0.9306064640718943 27.247234013871747
0.928679071652666 -0.05100148965398067 -0.3673608987459298 -6.922537594695271 0.024086145075784774 0.9967025178863154 -0.07748514989639882 -1.6299527110168979 0.3701013908238263 0.06311052917029017 0.926845198303425 28.030877797427646
0.9253903617429912 -0.05204034830935048 -0.3754257323905992 -7.236294772796708 0.025159569821039916 0.9967785711741463 -0.0761542913725032 -1.699196418205704 0.3781794209625856 0.06102689731478554 0.9237185953333052 28.803777918256742
0.9219992024531838 -0.05199594155443433 -0.38368462666304576 -7.568252465252457 0.025652601155817016 0.9969679717614385 -0.07346296574345532 -1.767720185879628 0.3863410601135136 0.0578902871279057 0.9205375059858316 29.59627213992701
0.9175358727750341 -0.05063092706560065 -0.3944165708935596 -7.915280749516169 0.025250505519867746 0.9972776993236843 -0.06927916283162176 -1.8343447915432562 0.3968505186363596 0.053606899333360644 0.9163165207513806 30.394964394394016
0.9140255852098894 -0.051704452494087935 -0.4023479578350134 -8.265942172650636 0.027482638460089984 0.9974577863970335 -0.06574700707409913 -1.900708878149241 0.4047245163873707 0.04903686315636699 0.9131229117083814 31.194323223605828
0.910045088081576 -0.05215068331772634 -0.4112155686353462 -8.654915388582255 0.028403221009388004 0.9975677374356988 -0.06365427137052952 -1.969732539960552 0.4135349981499616 0.04624841031771117 0.9093128668660728 32.05726499099122
0.906373201820123 -0.05261665069524615 -0.4191886294879109 -9.043926519077218 0.029078291965514914 0.997630689655547 -0.062349498745106285 -2.033461656960754 0.421476063328283 0.044322625452608205 0.9057557247482796 32.89068573652199
0.9034496697305855 -0.052309548539709524 -0.4254907817982286 -9.446405763571873 0.02925644968933172 0.9977368914866368 -0.060540527897918694 -2.0953031497628256 0.4276946976702793 0.04224697028373564 0.9029354567667467 33.73584446656362
0.9001726230210262 -0.054529895362628915 -0.4321061666710932 -9.855269520954106 0.03174168870464935 0.9977067045905802 -0.05978124131516739 -2.1594138516934374 0.43437508441624845 0.040097657372293996 0.8998391322406641 34.59078832664873
0.8974761818593309 -0.05668597544347559 -0.43740507905512355 -10.270174160753806 0.03388130418154095 0.9976369203291934 -0.05977150176330371 -2.222395395188246 0.4397596618860751 0.038823644652510474 0.8972759689157737 35.44292292096536
0.8957887325157154 -0.05858175566001363 -0.4406026833800249 -10.695442926954758 0.035415379479934984 0.9975320052095237 -0.060627134840424715 -2.2866927024167354 0.4430669222523616 0.038704993042982194 0.8956526256977995 36.300661353549906
0.8936691113259422 -0.05956925914922939 -0.4447550143914209 -11.146102071888352 0.036044230433212865 0.9974761126086602 -0.061173672667195006 -2.349443659258059 0.44727657317858543 0.03863816946398495 0.8935607192273473 37.199800972993636
0.8931974597514674 -0.06033771734121218 -0.4455980899415726 -11.606001054697721 0.037642100249886956 0.9975112785124381 -0.05961813087692748 -2.416025265076921 0.4480863423295819 0.03647751508166333 0.8932457784457555 38.11229761744631
0.8920025201201656 -0.05979348612770609 -0.44805830325524526 -12.074938340077427 0.03830911822532025 0.9976463567691054 -0.05686966050654188 -2.48083430734215 0.45040416911932774 0.03356316197897202 0.8921937001559141 39.03912904738364
0.8910327487026481 -0.060552722777259566 -0.44988221625628155 -12.546790131310912 0.03969194074517421 0.997660053054246 -0.05566837863348176 -2.5483128978800975 0.45220038763725634 0.03174565015965905 0.8913512344281885 39.96699520679918
0.8908119356351791 -0.0627264991659133 -0.4500216457375072 -13.027236594207558 0.042271102157588204 0.997570607747548 -0.055371802215303564 -2.6153815789275314 0.4524016459433901 0.030302951350926727 0.8912993222745853 40.90574526705477
0.8894951363874832 -0.06525362970714375 -0.4522613914022018 -13.50713076067592 0.04504747358804262 0.9974521169034972 -0.055317263201163355 -2.679924351518473 0.4547187344571886 0.028831203491619023 0.8901683179258166 41.84607233794983
0.8880764678651122 -0.06589298313347455 -0.45494868062013116 -13.998279808012015 0.04667650064293342 0.9974839791999299 -0.053357431789808715 -2.744968716274542 0.45731990062969785 0.026150067174779714 0.8889177028695051 42.79809383839506
0.8858199995621994 -0.06669599313481744 -0.45921081528573093 -14.48386183251959 0.0493155201847426 0.997543253698666 -0.04975375834233169 -2.8090520926365823 0.46140102713857667 0.021426653962746463 0.8869329121503088 43.74212036002797
0.8832228238960249 -0.06812063813486295 -0.46397954912822464 -14.972562516091216 0.0525551544719302 0.9975388272143418 -0.046413833479549256 -2.8693252902705684 0.46599935524372044 0.016609240197396978 0.8846291505780839 44.67510049896194
0.8806897809003353 -0.06898431121548786 -0.46864344082025144 -15.469911490260177 0.05421276496371134 0.9975168791365133 -0.044956111405907634 -2.9290724181079426 0.4705810088950777 0.014185931195226601 0.8822427519812308 45.608807485431655
0.8755139768349978 -0.07270909931759376 -0.47769097044322667 -15.995513633241297 0.05669915289186494 0.9972429667890919 -0.04787140326996305 -2.993359231613707 0.47985464718799203 0.014827409285333416 0.8772227000630873 46.57270750900669
0.8701990115036089 -0.07615202307132755 -0.4867797754224041 -16.514651230044276 0.0583507295584847 0.996958949825167 -0.05165311920390758 -3.0522346248086816 0.48923294322657257 0.016544538242105843 0.8719962187511027 47.50170605164029
0.8632926634791975 -0.07632260350691165 -0.4988994261140416 -17.05903762173629 0.05827252290324782 0.9969619885866378 -0.05168274748760446 -3.1135190753273805 0.5013283258080314 0.015545208499849177 0.8651174811753677 48.44145139580045
0.8570441381189254 -0.07486234440802002 -0.5097754159487521 -17.616730277410593 0.05883297568577621 0.9971360748037434 -0.04752188229584356 -3.1773532546463557 0.5118730568099331 0.010736746002310876 0.8589940023057999 49.37680143577146
0.8513844004847807 -0.07323651648655766 -0.5194044813669644 -18.18763016684559 0.05884053599362409 0.9972897271349819 -0.044170029148924615 -3.2370636139958435 0.5212316125631234 0.00704363570522995 0.8533861923308218 50.30408232586384
0.8474149989558795 -0.07433486439614215 -0.5257015764479064 -18.76889318818523 0.05941084565462724 0.9972080403129464 -0.04523799016109337 -3.301820530385489 0.5275965987032222 0.0071029761663882335 0.849465347595987 51.23474814717387
0.8455171494169759 -0.0775064335911483 -0.5282930084657306 -19.336107890661843 0.0606341644990986 0.9969457896134833 -0.04921981986400118 -3.3617547562991876 0.5304943431718078 0.009583596607192525 0.8476343000013526 52.135317156432045
0.8442408222662996 -0.07912248307620309 -0.5300915644405014 -19.90958848107539 0.05826104850912098 0.996730293734752 -0.055985460416548186 -3.422960938016524 0.5327880293754169 0.01638152078688013 0.8460901615850221 53.030864418981615
0.841479275466656 -0.0800508134166595 -0.5343262076966118 -20.478697467465523 0.05836571597846061 0.9966438936028812 -0.05739679906066508 -3.4847174443148634 0.5371276125451319 0.017111885209405292 0.843327404526941 53.921682991317134
0.8391018493152367 -0.08034303438241089 -0.5380084416642333 -21.06415922625942 0.0604667250580487 0.9966795215066322 -0.05453170243138582 -3.5520981949952843 0.5406032386478131 0.013226043835463604 0.8411737098411708 54.837213630992515
0.8356356394010797 -0.07847421332651648 -0.5436495893546994 -21.653614764847536 0.06150453457254197 0.9968855518923875 -0.04935978783610471 -3.6167709195439004 0.5458298914403313 0.007809882905310643 0.837859615531887 55.74436392053847
0.8325192666073098 -0.0778825698280963 -0.5484942807765628 -22.23339032958245 0.06242168943127532 0.9969512875697436 -0.04681519947170924 -3.6777796206674176 0.5504681674867064 0.004736615880796973 0.8348427163566952 56.62187530016666
0.8305253163578827 -0.07694309526749045 -0.5516406973558938 -22.846648860075543 0.06117985589122764 0.9970216722004086 -0.046955408589743744 -3.7378130675651784 0.5536106250080173 0.00524835720574067 0.8327591072001996 57.53163310723641
0.82672214600014 -0.07873638249570011 -0.5570736714155623 -23.462487284022497 0.06202710977536921 0.9968784286572393 -0.0488470688044605 -3.8011359050087665 0.5591807677002468 0.00582928377797904 0.8290252640811366 58.44169112462454
0.8232982773313824 -0.08103542367147308 -0.561794630317488 -24.061154395548353 0.06290798865623491 0.9966857864573774 -0.051575459639893656 -3.862408757913811 0.5641121621684869 0.0071206168429524645 0.825667466544111 59.318812960292746
0.8207061468904997 -0.08185786036904938 -0.5654561973769063 -24.670561365737292 0.06357574208810232 0.996621302949499 -0.05200099542499137 -3.9245631183345395 0.5678023824131919 0.006728239223161889 0.8231374036713793 60.19773626106164
0.8176044521191875 -0.08233389912604255 -0.5698632194918234 -25.282702515159695 0.06446008058780503 0.9965902976498582 -0.05150414197694374 -3.988736713205432 0.5721606923631657 0.00537658673045896 0.8201239140700831 61.070294418029
0.8148075232855845 -0.08236360403781472 -0.5738509708339908 -25.913435419206355 0.06479083886157501 0.9965925905139533 -0.05104268539468848 -4.053082309733096 0.5760996851212689 0.004409678286427909 0.8173675473987115 61.956090825065615
0.8094166129035529 -0.08375112174407341 -0.5812318783087774 -26.55853213870795 0.06547567749465323 0.9964771636743219 -0.05240417857571167 -4.122400954844604 0.5835732022740218 0.004360261710988432 0.8120488320941394 62.85371564659405
0.8038545066527533 -0.0847254131539077 -0.5887610181558884 -27.201761657127822 0.06592029129440231 0.9963958994071532 -0.05338283282359091 -4.1880633117837505 0.5911619467876124 0.004100732923509022 0.8065424580639077 63.73051680307168
0.799929386176195 -0.08640180199119679 -0.5938414820004158 -27.857221461084198 0.06703067422675629 0.9962526716704292 -0.054658054321743796 -4.256007635093242 0.5963387173783726 0.003916988920873613 0.8027233591675973 64.61182336122579
0.7943947505095782 -0.087246658390562 -0.6011031533460008 -28.533740426017133 0.0671988655133228 0.9961790285647926 -0.055782215099695054 -4.328288713090284 0.6036731672325245 0.003919648885661712 0.7972222673232765 65.50478028323262
0.7897930859122184 -0.08835187780901395 -0.6069767929112913 -29.208606109519554 0.06787941148888936 0.9960829880158225 -0.05666627287366987 -4.399543516113449 0.6096058291561668 0.003553403029807639 0.7926967303992938 66.38298533615888
0.7838287518629319 -0.08811736023922218 -0.6146932719474563 -29.901012169940824 0.06752639801706575 0.9961058057152707 -0.05668694198113087 -4.472282059505033 0.6172946406083881 0.0029248324400598796 0.7867266183569477 67.26415185269522
0.7782011057838091 -0.0890137261040582 -0.621674831018539 -30.610100888322147 0.06947750074677805 0.996030393305033 -0.05564469878257282 -4.544193206793036 0.62416016842381 0.00011035258726147662 0.7812964046861269 68.15233701845288
0.7736538651231246 -0.0890929307763574 -0.6273134357446281 -31.31536727343162 0.06996950657055247 0.9960225787334944 -0.05516602943255669 -4.619019952587035 0.6297332491859738 -0.0012133996701360616 0.7768105061924157 69.01670639270782
0.7686053929275866 -0.09027621113408356 -0.6333213683951496 -32.04045249807614 0.0709004871103132 0.9959149054692219 -0.055916205090754977 -4.691508880607189 0.6357820938734834 -0.0019252967317869782 0.7718661945844915 69.89564792029736
0.7644887905223886 -0.09211784660655457 -0.638021309598815 -32.767729301021085 0.0721740389859394 0.9957455606369292 -0.05728600674077185 -4.762384900521522 0.6405839502064283 -0.0022540648657349283 0.767884836371646 70.76699226289604
0.7608404159894788 -0.09050950650442686 -0.6425962111849727 -33.502832756465594 0.07020829537443433 0.995894244419211 -0.05714410899913468 -4.833751640883643 0.645129953309853 -0.001638036939117203 0.7640711093722973 71.62933701477577
0.7560278156206414 -0.09003759231372309 -0.6483171862431454 -34.260608452372296 0.0708388805648298 0.9959310765226416 -0.0557058687821497 -4.9108773545588695 0.6506948555261547 -0.0038108774317859896 0.7593297585403832 72.5107359732002
0.7534325130862751 -0.08909619245460038 -0.6514609095829101 -35.021935179185206 0.07006589217697587 0.996014724264541 -0.05518550354644558 -4.9860447870432 0.6537814764720274 -0.00406663722542077 0.7566724809874696 73.38288525387762
0.7487433208383418 -0.08958143705906504 -0.6567789625394567 -35.79554705206096 0.07020739685121027 0.9959701087851515 -0.05580738153569392 -5.063174000142751 0.6591315202046926 -0.004325337088205972 0.7520152462096262 74.26291128693249
0.7447210221431861 -0.09111688059925455 -0.6611265485879911 -36.54704493140503 0.06970490478478386 0.9958374381920216 -0.05872838278120471 -5.13556513721335 0.6637257155082605 -0.0023475018663836333 0.7479723683452719 75.10178842402298
0.7410773128049086 -0.09327753842124936 -0.6649088037256898 -37.31772341320893 0.07042060710212067 0.9956390475490572 -0.0611868048763385 -5.209757214590602 0.667716522591155 -0.001479128689032664 0.7444141707659097 75.9568426290399
0.7363230103236889 -0.0933774173376317 -0.670156013476873 -38.092178605595144 0.06967638365947186 0.995630363277422 -0.062172190569473935 -5.285982280996952 0.6730331537361284 -0.0009152329881836965 0.7396117470136467 76.8033488442866
0.7326234415229776 -0.09281315647439435 -0.6742763609354017 -38.86377612688713 0.07007911733859933 0.9956800745874876 -0.06091064260454273 -5.3633797154277 0.6770168463517516 -0.002628127606319565 0.735962826983275 77.63954133333638
0.7297972804535736 -0.09316689862146721 -0.6772856549815781 -39.65883437367706 0.0713172481535628 0.9956406416062913 -0.060112917893042524 -5.442774707314041 0.6799336582037773 -0.004431905128698128 0.7332602393820076 78.4937135881186
0.7252723996073501 -0.09373528109818918 -0.6820510563332043 -40.46350614209261 0.0717884545969262 0.9955841246937043 -0.06048692788078982 -5.5222645191648665 0.6847089631035812 -0.005093891961384621 0.7287987980988336 79.34861824446426
0.7237415780640539 -0.09509786970565853 -0.6834870323267287 -41.28006015775237 0.07400706764507381 0.9954428950281689 -0.06013648373920444 -5.599251873803793 0.6860911616687176 -0.007059597395299811 0.7274813261965464 80.21081594236826
0.7195153947633581 -0.09509159589773984 -0.6879354512511692 -42.098163155827145 0.07438227428902215 0.9954352180936743 -0.05979969774498539 -5.6796208963750505 0.690481624643351 -0.008143400298394027 0.7233040930766662 81.06248149922841
0.7165365229234464 -0.09545994831455876 -0.6909868374900925 -42.92271465146655 0.07540858428638153 0.9953869381266722 -0.05931600814900216 -5.7589631476165835 0.6934615755272251 -0.009604252942867025 0.7204295951671533 81.913273220464
0.7141028558963946 -0.09762195758265656 -0.693200594776392 -43.73846031600104 0.07825440528044954 0.995154388257115 -0.059531433602851166 -5.838935849220647 0.6956531889201807 -0.011734433532877828 0.7182819389451792 82.75401724414098
0.7113138438083063 -0.10138535853731896 -0.6955239928865946 -44.582028930971745 0.08104383613526138 0.9947726750861157 -0.06212263296492131 -5.921785927070394 0.698186588406805 -0.012179243665873099 0.7158122336147895 83.61914634166072
0.7083400340396017 -0.10501060138941133 -0.6980165970609942 -45.431347730839136 0.0849713513024873 0.9943664513474271 -0.06336584168583656 -6.003273523016188 0.7007383717441236 -0.014426851027142983 0.7132724586964194 84.48627402036223
0.7044323891754513 -0.10844837143550595 -0.7014370676073173 -46.266488955895475 0.08996070776278717 0.9939300533610664 -0.06332550895560213 -6.085435448844818 0.7040469303529303 -0.018493235483662017 0.7099126144124795 85.33580314002425
0.6972740718645751 -0.11122748556799614 -0.708122387133479 -47.10856958570765 0.09362295794556658 0.99355672803461 -0.06387307666523223 -6.167984484340295 0.7106642037213624 -0.02175947222202726 0.7031947915888604 86.18127762572651
0.6900720973663637 -0.11174652538935842 -0.7150616858004584 -47.96635886915122 0.09648900895404161 0.9933932953585923 -0.06212593570855471 -6.250553464968005 0.7172798418939814 -0.026124218648642297 0.6962953063266641 87.02094198168565
0.6807735848459349 -0.11106879711246347 -0.7240242043495545 -48.84144732970004 0.09756399106099779 0.9933793056824791 -0.060653299086246074 -6.332494090037595 0.7259673503844816 -0.02934752714942956 0.6871027061698631 87.8565474421737
0.6732465571341515 -0.11166766227061899 -0.7309373478691773 -49.74185159403529 0.09891347246859218 0.993246957012105 -0.060635034018287466 -6.415998598384471 0.7327722690380803 -0.03147722334019947 0.6797455304300091 88.69415728532923
0.6651151631687692 -0.11287592732798463 -0.7381604464835739 -50.642117249403896 0.09932866237914975 0.9930986884056731 -0.06236033929430565 -6.5011288887266945 0.7401051523621157 -0.031843682525417444 0.6717368110579247 89.50935337685026
0.6544956159030308 -0.11488816908333098 -0.7472858873071221 -51.55508553482395 0.10061659887265374 0.9928313364117782 -0.06451540490535988 -6.588175285700631 0.7493409029240378 -0.032964314697608896 0.661363413836527 90.32309833739946
0.6460619843899699 -0.11570128255314807 -0.7544647941035096 -52.46951759993276 0.10095997742749965 0.9927132188253622 -0.06578410238976912 -6.672263466931097 0.756578479263013 -0.033670140851286307 0.6530354709593664 91.1128500883523
0.6384453024936152 -0.11657415895005528 -0.7607877898526788 -53.382373410000184 0.10396966042046261 0.9924657300903589 -0.06482348577687523 -6.759494866597382 0.7626125526346194 -0.03771259817750961 0.645755258981924 91.8929926696378
0.6281120201627036 -0.11674750465616775 -0.7693148317065553 -54.3056146397022 0.10575082589663796 0.9923149494943215 -0.06424798698995415 -6.8476789747162625 0.770903400530382 -0.041000745927854076 0.6356310926032908 92.6613465393697
0.6196664506246127 -0.11658216171718815 -0.7761585466511607 -55.253290526603365 0.10524733812624722 0.9923179823813058 -0.0650232240052287 -6.937865018229978 0.7777766310372367 -0.04139591057148217 0.6271761242269384 93.42880398876075
0.6122323934623406 -0.11580484657347243 -0.7821513497434294 -56.21530419242291 0.1027265995932369 0.9924818050968397 -0.0665365485107951 -7.028798369417725 0.7839762382441093 -0.03961191817891586 0.6195257491071717 94.18602943796544
0.6026189471949138 -0.11539653915291496 -0.7896417182705225 -57.18326325608251 0.10071343244761728 0.992575704666077 -0.06819292508214997 -7.121165885126938 0.7916484124952899 -0.038433179131711875 0.609766907707787 94.9338402430328
0.595388749306931 -0.11506463292256733 -0.7951555617922341 -58.17780598794839 0.09887520811545963 0.9926621187936773 -0.06961042401948139 -7.215575792003749 0.7973305026266417 -0.03717590836068819 0.6023968969198834 95.68197122942159
0.5870612613325225 -0.11374050199463127 -0.8015124288797256 -59.17814683044129 0.097043514880379 0.9928287795426368 -0.06981096426450596 -7.3100573501823085 0.8037049406730866 -0.036798270582837855 0.593889093703347 96.42116210699062
0.580519637925506 -0.11127015627648454 -0.8066076507850931 -60.208845502177425 0.09550273127353973 0.9930859492657351 -0.06826071850096654 -7.406102055118298 0.8086261053800662 -0.03740654612739393 0.5871324995302898 97.16674013252839
0.5744675461377765 -0.10978790573280675 -0.8111310955630084 -61.22784598136644 0.09635840077280794 0.9931441491920663 -0.06617973652164325 -7.500307707136232 0.8128358364608126 -0.040141184341914146 0.581108069368065 97.8960989938771
0.5684775248387948 -0.1082049836048241 -0.8155519513042917 -62.27050925565085 0.09529115661230349 0.9933010129536237 -0.06536584074878082 -7.595231483704591 0.8171614890733945 -0.040555877359333206 0.5749802793026626 98.62959102732216
0.5643761837409378 -0.10935558176085376 -0.8182425557032346 -63.30963042800803 0.09544354928587194 0.9931839264342196 -0.0669045377565861 -7.691240097214845 0.8199817388977214 -0.04033664599904592 0.5709666390112623 99.35344629711841
0.560148271805304 -0.11120529640759673 -0.8208942049036708 -64.33790965383673 0.09637191295463939 0.9929678646460239 -0.06875517561448759 -7.787579746854621 0.8227675054272591 -0.04059805206181907 0.566926300485161 100.05937928390225
0.5553330777926835 -0.11295818114566952 -0.8239208833508032 -65.38063245971394 0.09595351101420752 0.9928188453853214 -0.0714399326133772 -7.885176159238073 0.8260739049463746 -0.03938514389994821 0.5621838791771148 100.76490668043574
0.5525067588251722 -0.11540260193770122 -0.825480781677267 -66.41858764841348 0.09702126362021884 0.9925409301301809 -0.07381989177621263 -7.985819828247451 0.8278424704362778 -0.03930319939043421 0.5595820785726048 101.46402594401326
0.5482779124707681 -0.11546316500144911 -0.8282871411681731 -67.4559736092924 0.09801127719171777 0.992469443305813 -0.07347240058347174 -8.0864560284317 0.8305330338041621 -0.04089818617124736 0.5554657668371265 102.15894241265862
0.5457424599443483 -0.11393255105545814 -0.830171392679781 -68.4832760549834 0.10051288549292066 0.9924610915109959 -0.07012946375589928 -8.182378245214734 0.8319028352300398 -0.04517029606719881 0.5530798469384174 102.84175882177934
0.543952092792902 -0.11218853885965452 -0.8315827394160838 -69.53377357210938 0.10395679062803984 0.9923972343826338 -0.0658841018153705 -8.281962880828939 0.8326518518736029 -0.05061087766711821 0.5514793129694204 103.54012187487017
0.5417928012889468 -0.11190460505987018 -0.8330293631306586 -70.58145129277067 0.1062383843908764 0.9922660172301043 -0.06419935149456686 -8.37570308919606 0.8337709314634881 -0.05371694720198675 0.5494911495463841 104.23292008981352
0.5405067413205104 -0.11161519287975219 -0.8339031786157786 -71.63726976142284 0.10818376181958766 0.9921532400631023 -0.0626755288039212 -8.467912725497689 0.8343552817988545 -0.05633823702161921 0.5483404661190439 104.92588331019486
0.5401232901328582 -0.11204820233361314 -0.8340935390049861 -72.68415066157604 0.11162057039817726 0.991879165301399 -0.060963675290994765 -8.558130087745154 0.8341508734755615 -0.06017409571240752 0.5482439224333929 105.61479912192264
0.5377035338001365 -0.11237619492454436 -0.8356114531007377 -73.71658550877686 0.1147209721754333 0.9916121916415366 -0.05953452721733933 -8.645167891362796 0.8352927680053079 -0.06385023259275935 0.5460852859360721 106.29273040529998
0.5367175501321574 -0.11372198276572446 -0.8360631447540117 -74.72495397464189 0.1173026877578818 0.991310051642772 -0.05953537567515431 -8.728684948121986 0.8355682801691984 -0.0661187730363861 0.545393396574666 106.95215234631245
0.5340565194658494 -0.11458561830790615 -0.8376477601551967 -75.72554416076743 0.12032544546590487 0.9909888489510075 -0.05884631193362186 -8.813022419364462 0.8368425307006419 -0.06936308334951971 0.5430316210671283 107.60454566564019
0.533505477334647 -0.11530391328665832 -0.8379003002951563 -76.7067991628209 0.12460418108760027 0.9905693456280807 -0.05697516614670328 -8.891876413623157 0.8365678117818177 -0.07400931754001455 0.5428415212636579 108.2456684410121
0.5334865051600881 -0.11572611413149951 -0.837854173063606 -77.68633771755968 0.12724082349042398 0.9903030217271016 -0.05576466619330726 -8.97105264163964 0.8361829474759424 -0.07685955806661504 0.5430383841721048 108.88354789415838
0.5320986906865992 -0.11798002044517743 -0.8384221479334636 -78.66140664464442 0.13095560295188882 0.9897956737708651 -0.0561707596529261 -9.051192600110609 0.8364936421904917 -0.07990769024465079 0.5421191267744119 109.52089264702333
0.5321395473455428 -0.11995319702185818 -0.8381161808932673 -79.63070910938498 0.1337210585193439 0.9893955515042678 -0.0567020385174295 -9.1303772627944 0.8360300118173671 -0.08190038576100317 0.5425367694017171 110.1489353567333
0.5338610522325101 -0.12160865691965828 -0.8367817585675456 -80.61042831360677 0.1354369517060215 0.9891253062591306 -0.05734074145284458 -9.211838560020828 0.8346551437700352 -0.08271918205578448 0.5445257825835652 110.78330408704363
0.5347080568065253 -0.12321928064895808 -0.8360049658121316 -81.57333526814472 0.1367454363300001 0.9888897153052559 -0.05829079349612715 -9.290971583715976 0.8338992622787886 -0.08315130690400216 0.5456169723634419 111.4096167510694
0.5377002703055579 -0.12350284154335112 -0.8340416461089029 -82.56311899612193 0.13677936858105982 0.9888873438057757 -0.05825139990871267 -9.374855061795149 0.8319674414566336 -0.08275789624849153 0.5486176327503768 112.05044019825579
0.5399610640411765 -0.12410126715210716 -0.8324907956312562 -83.50388485738426 0.13600522687795094 0.9889372518052872 -0.0592088697213795 -9.454155760256501 0.8306290553438387 -0.0812526152382034 0.5508660317496032 112.66492934869527
0.5447619066979894 -0.1246373692204205 -0.8292767880536531 -84.42705888061165 0.13592183048554426 0.9889405232226169 -0.05934557713625894 -9.53062297591223 0.8275020972832818 -0.08038760925658422 0.5556780644130023 113.27439165572272
0.5508216498467344 -0.12464240548603749 -0.8252634614562647 -85.37032052482218 0.13658814770648003 0.988917158897792 -0.05819390641323226 -9.608853862745924 0.8233706261254613 -0.08066674402858624 0.5617416563168448 113.90737459094369
0.5551676575963713 -0.12379172750442514 -0.8224746076083008 -86.2949214491791 0.13639780087988904 0.9890249642961846 -0.0567913718276005 -9.683407730145856 0.820478221450203 -0.08065499488810836 0.5659595921313736 114.535451091036
0.5609642803546512 -0.12279764730859784 -0.8186817537857195 -87.20819301216186 0.13619702373051915 0.9891513994471719 -0.05504434302132828 -9.755894795429825 0.816559518279676 -0.0806241079775427 0.57160327703722 115.16314201821763
0.5701811235788148 -0.12247052848765357 -0.8123388800041244 -88.12790001154224 0.13756905763956068 0.9890966992565193 -0.052559241813612864 -9.830594328670708 0.8099186630116407 -0.08178440665440713 0.5808124225028447 115.81199090748298
0.5764188440519684 -0.12235144582018695 -0.8079427206971437 -89.04030414222954 0.13855913887894475 0.9890440900306843 -0.050923010599349436 -9.902023378220498 0.8053214769611687 -0.08259486473798484 0.5870565620653568 116.47027712771258
0.585187124900748 -0.1227812979781053 -0.8015489889689891 -89.9474212354851 0.13908419715637435 0.9890196673614621 -0.04995681808912615 -9.972309340337537 0.7988814774118647 -0.08224871086548997 0.5958385138686504 117.13321332463455
0.5944178270598661 -0.12403258529566868 -0.7945334257652723 -90.84033354250366 0.13855869973109447 0.9890536544642511 -0.05073810520445247 -10.037416882370426 0.7921293667086553 -0.07992988412216269 0.6050969178751138 117.80137382902335
0.6041141921592955 -0.12442370866764986 -0.7871243761649808 -91.72096079786695 0.1372764312960929 0.9892184355066768 -0.05101047210458286 -10.101893427726925 0.7849848560592309 -0.07723747519896758 0.6146813387297178 118.47159030189962
0.6154920432426666 -0.12292965530591829 -0.7784971705480604 -92.60503566796856 0.13620510677804712 0.9894897743766621 -0.04856084113360856 -10.166040936065151 0.7762845571003899 -0.07614647890999886 0.6257667298259479 119.16385841618707
0.6244752357829702 -0.12200357083181666 -0.7714569389136956 -93.46146666488092 0.1369624668920294 0.9895250653570821 -0.04562266643799141 -10.228170401816648 0.768942106115053 -0.07717042007368091 0.6346438085327849 119.8617601770447
0.6365031632333688 -0.12007541565288896 -0.761869816799236 -94.31274431671409 0.13732313719987552 0.9896669605121344 -0.04125122131837504 -10.287472049329521 0.7589506434436298 -0.07836582052438004 0.6464152836915608 120.57111562039559
0.6467657192727518 -0.1209232674799115 -0.7530416109057866 -95.15012675975943 0.13932920316204783 0.9894690179110789 -0.03922289816311468 -10.342321214208637 0.7498543041950411 -0.07955266165293932 0.6568027835690895 121.29350074395491
0.6580209530683944 -0.1225660295556739 -0.7429575988721832 -95.96780444003116 0.14160959458348593 0.9892018279490309 -0.03776858885630791 -10.394708728110757 0.7395641608710247 -0.08035740153373394 0.6682720553591056 122.01910527986166
