1.0 0.0 0.0 0.0 0.0 1.0 0.0 0.0 0.0 0.0 1.0 0.0
0.9998630257812651 0.0006279141410481469 0.016538905627792977 0.019908716902136803 -0.000619249726587604 0.9999996683460481 -0.0005289967579919869 -0.0007956530316732824 -0.016539232307144477 0.0005186825862862787 0.9998630830084013 0.13833661377429962
0.9992276065700125 0.003442718533871822 0.03914508854838463 0.039465336110623604 -0.0034382810179600606 0.9999940727712489 -0.000180682074367159 0.0005367560828484783 -0.03914547856401648 4.595070181772472e-05 0.9992335209531991 0.3083516273730766
0.997762316358179 0.0035093695831428795 0.06676858827839503 0.0782593587862396 -0.0035422326052618244 0.9999936564063223 0.000373811830096792 -0.0012996767660150164 -0.06676685288173421 -0.0006094852278864986 0.9977684179628186 0.47347267512392355
0.9954280147909875 0.0019877081710221655 0.09549406466111224 0.1280102595115984 -0.0021938123997052254 0.9999954854519593 0.0020533540502244343 -0.003925887523560553 -0.09548955207994608 -0.0022534622090297426 0.9954278815422261 0.6760776952753881
0.9919245872879877 -0.0009460824169899866 0.12682554183450442 0.18791462508978996 0.0004845126869222408 0.9999931473935638 0.0036702061754704893 -0.0058256723265715585 -0.1268281450665095 -0.0035791191618207837 0.9919182484081105 0.8933262553675737
0.9868532555479486 -0.0036911976208120847 0.16157669100009397 0.260449735067993 0.003059241208270187 0.9999866684764078 0.004159797192750131 -0.011052821268243956 -0.16158989157012688 -0.003610807330681257 0.9868513915543595 1.1103928744403995
0.9799489144489872 -0.004347248089685733 0.19920147214390324 0.3372885997939682 0.0033336490401989533 0.9999797364174564 0.005423424983465531 -0.013430113928673555 -0.19922101258232858 -0.004650611628723822 0.9799435493726925 1.3493107105917581
0.971523393785466 -0.005268295958210026 0.23688507843523418 0.42226813417459386 0.0034913022440864606 0.9999625385946805 0.007920367158318375 -0.016496516628641433 -0.2369179312255845 -0.006867784575744884 0.9715053923673355 1.5768296357157912
0.9614017874473506 -0.009121289573885803 0.2749971002929824 0.5304901916210452 0.0059534985150787485 0.9999059891837024 0.012351868279434724 -0.021616641793421317 -0.27508391255845965 -0.01023791341391754 0.9613657088644565 1.8260856408162975
0.9492532649892329 -0.01651397160042927 0.31407885578189015 0.6601937821625732 0.0116226510782233 0.9997803577517475 0.017439903546226283 -0.029171220159589117 -0.3142978728677543 -0.012904456430552073 0.9492367049977771 2.076349226824014
0.93572071822648 -0.020816319377198987 0.35212699176477075 0.7883754931798214 0.014379277309527969 0.9996784472465247 0.020886323152557038 -0.0349095592211784 -0.3524485407343548 -0.01448043363866552 0.9357191582819387 2.3026572012311886
0.9171552312018867 -0.023140552294650115 0.39785775940468 0.9463933271647234 0.014619983772466105 0.9995944670307014 0.024436807404009397 -0.036133603860632975 -0.39826189618579694 -0.01659567175821407 0.9171216090167035 2.5709884985358755
0.8954015813257699 -0.02692225283187598 0.4444448227415496 1.1336147221764459 0.015505126891650524 0.9994502738559415 0.029304285170558626 -0.03191807751338608 -0.4449894371773163 -0.019347929908394648 0.895326788613451 2.861753303753313
0.8711392622497903 -0.03369494955904246 0.4898785932668471 1.3425653544300098 0.018798119682128266 0.999199986460636 0.03529897666337734 -0.03131277395207009 -0.49067608099774723 -0.021541528062764277 0.8710757407398129 3.1426596481110187
0.8448682294118994 -0.040416197760712466 0.5334455978719568 1.5458334641499638 0.023088083615455623 0.9989677723292094 0.03911943561176563 -0.031289121838725134 -0.5344760194109444 -0.02073453173294077 0.8449292656006465 3.3737586673087123
0.817322308274442 -0.04697108549692823 0.5742629724474482 1.766947832521915 0.027130036933409596 0.9987034255315154 0.04307469010461818 -0.02715874058896578 -0.5755416626908343 -0.01962612949252395 0.8175369163213443 3.6046330131565436
0.7841140672968425 -0.052056515972784434 0.6184296634314839 2.0219877637314396 0.02964572484384342 0.9984801802770291 0.046459235814153246 -0.02047816141972074 -0.619908267782973 -0.01809554472037836 0.784465608421164 3.849163551101322
0.7496699678142997 -0.05623199986981019 0.6594186087364752 2.2875720764700365 0.031258825494557205 0.9982803105010667 0.049591405450890316 -0.012102456179875733 -0.661073237384488 -0.016564536109877664 0.7501385145141242 4.077137607610763
0.713273254458102 -0.05783986140757669 0.698495393619099 2.5778599349404825 0.028607868405393966 0.9981611353576825 0.053440974231032654 0.0029947955890590947 -0.70030197367996 -0.018135553308751176 0.7136163166339025 4.325028941873918
0.6773379816939068 -0.06092914470460002 0.7331445272798474 2.866764131673946 0.02763472044448685 0.9979683402296929 0.0574065686585359 0.015254559738765664 -0.7351527601667425 -0.01862340529436134 0.6776456212464316 4.535558798156242
0.6421226461155175 -0.06350529017582934 0.7639670054821017 3.169595592299578 0.027395219456870807 0.9978272410832888 0.05991910298913129 0.02864622017689293 -0.7661122693812674 -0.0175463691912586 0.6424672097715869 4.731486125385725
0.6082909283377445 -0.06766545740913646 0.7908245901434893 3.533347148107393 0.028474946323799374 0.997578486335703 0.06345345563501394 0.044865631792405686 -0.7932032046921281 -0.01607947367858401 0.608744713810607 4.965730207230393
0.575704530503823 -0.06840259287534342 0.8147916168231625 3.91075845959773 0.027118780108567244 0.9975437487231686 0.06458359814032852 0.06550260026081756 -0.8172079694440065 -0.01508491535469408 0.5761454503907375 5.194787579301236
0.5454544508337198 -0.06930114654680262 0.8352704910105373 4.315758988930481 0.02753825921899806 0.997519555727339 0.06477947376075083 0.08735369909431033 -0.8376879409093059 -0.012332356986039735 0.5460099144029313 5.424616661562704
0.5145092565007949 -0.06987385316095626 0.8546331783984521 4.815260076552873 0.029244167569775856 0.9975244721949783 0.06395080949668086 0.11507543449353255 -0.856985999674528 -0.007910247566986772 0.5152789772009712 5.691463587679035
0.4864309005899428 -0.06927550392800738 0.8709683596473399 5.29827793793615 0.03154986469878435 0.9975943153962015 0.061726719714175884 0.1431689942233124 -0.873149234088163 -0.002546849957233834 0.48744633403745047 5.934151648065207
0.46114892358279264 -0.0686647544416985 0.8846619816494283 5.798794784015413 0.03376691906436476 0.9976371829722817 0.05983181702097358 0.17183144233233832 -0.8866800242789576 0.002280931518452208 0.4623779102596444 6.173848687259318
0.4389156737206389 -0.06875860663754253 0.8958935681070723 6.3476511681021215 0.034924016698521534 0.9976198157774645 0.05945600243692318 0.2036610074755032 -0.897849288254994 0.00519203056633135 0.4402723002854021 6.4288180630624465
0.4229846711769648 -0.07029443950719629 0.9034061432842286 6.923594838700381 0.03737488736087209 0.9974914501334071 0.060115927219953666 0.23659312673898983 -0.9053657193333957 0.008336587138737476 0.42455083979519004 6.687980434656987
0.4114012896172571 -0.07244474492966169 0.9085707115207569 7.526773895844187 0.03994372285739121 0.9973115708672 0.06143394516625281 0.2706635300881989 -0.9105786500382875 0.011017692429655581 0.4131889792189233 6.949003268506958
0.40267287995653894 -0.07457410049602081 0.9123010771026836 8.14823269434136 0.03945448742541176 0.9971634673543553 0.06409651157307908 0.30815036824994296 -0.91449324501032 0.010184444464438051 0.4044729680973081 7.226347644239195
0.39535387136095423 -0.07577040306210235 0.9153983626922831 8.744259964430668 0.03897978528771348 0.9970780237913686 0.06569620088881022 0.3431772501234728 -0.91770141807607 0.009708784275371581 0.3971521707973714 7.484369039339062
0.38601042945923536 -0.0771234302626086 0.9192648828565275 9.377602515992216 0.0388710689440435 0.9969739137175692 0.06732054193053058 0.3812049747485199 -0.9216750991254152 0.009746377337321581 0.38784019876871256 7.749902009388886
0.3768634833283793 -0.0780411164837687 0.922975351280611 10.039178840775616 0.03754993348215531 0.9969124505035486 0.06896063026463384 0.4228594985956855 -0.9255073837788038 0.008668919712205507 0.3786303374030365 8.024510386102175
0.3677315942357183 -0.07927873286142922 0.926546467866962 10.693638443293624 0.037643832867914284 0.9968117814258999 0.07035065214720299 0.46337020464142215 -0.929169745766547 0.009008602911126817 0.36954354090650815 8.283806769702116
0.3582104552713288 -0.08010362165714527 0.9301981936833227 11.403066430589817 0.036860174237918 0.9967492256247021 0.07164013380575898 0.50930435041362 -0.9329129634051924 0.00862502254870403 0.35999862735373955 8.55422117724364
0.348147915792276 -0.08259776896251986 0.9337936802591398 12.109138321166151 0.036179458990240526 0.9965525090255338 0.07466018686078357 0.5565357664807231 -0.9367411998394584 0.007791361712037655 0.34993602158966775 8.816667813027017
0.3385967243582261 -0.08509157995750859 0.9370761341930626 12.810432786722137 0.03440467793529864 0.9963561673435861 0.07804297490849824 0.6035194369448587 -0.940302385613292 0.005814706934578286 0.34029048296009856 9.069909567132731
0.3249731038589836 -0.08905565133749484 0.9415208827918332 13.597360986302057 0.03522886274328112 0.9960054110695811 0.0820496700171914 0.6551323735469631 -0.9450668807010821 0.0065047740137142845 0.3268122992131067 9.339521129920096
0.31403218667373817 -0.09108013380423567 0.9450334358947904 14.355153997027353 0.03530445707422654 0.9958196008885689 0.08424320623543115 0.7032212298755276 -0.9487557014551241 0.006908814104737315 0.315934941473813 9.587778807078111
0.29989190912619357 -0.09214599529067206 0.9495124845901388 15.112978335591869 0.03456571704523538 0.9957200807568072 0.08571307941502566 0.7534180682060898 -0.9533467648478153 0.007115920850404064 0.3017934883735155 9.819742915528398
0.285290246067802 -0.09101076937819494 0.9541103266162475 15.868223656148796 0.03320986312971026 0.995822270644894 0.08505945143576837 0.8064389745528211 -0.9578656380147893 0.00741924152706612 0.2871208358264586 10.04200343739242
0.2710912437189008 -0.09055640574238107 0.9582844436585418 16.611766345050164 0.03293010919708034 0.9958544508570063 0.08479104089795705 0.8569799260666745 -0.9619902003072631 0.008570302638291803 0.2729494539754205 10.251121241771687
0.25127625798735365 -0.08922649401775454 0.9637940002599998 17.399825092380503 0.030826662683298298 0.9959745693983111 0.08416872328637925 0.9102720589078442 -0.9674243944824232 0.008560950715227313 0.2530153178824721 10.457359496952535
0.2271992763078467 -0.08780185841306415 0.9698821178392779 18.2038049647231 0.027671401286752495 0.9961072417843829 0.08369382543256407 0.9640842577581431 -0.9734550746675567 0.00782282071386222 0.2287444449162876 10.65042730776499
0.19982248810659203 -0.08741033402182655 0.9759254104454314 18.991705433263558 0.023670138669521744 0.9961528466554002 0.08437553339510495 1.0188173030927983 -0.9795461692958922 0.006240160778022565 0.20112275508059235 10.815716325127202
0.16714923928001912 -0.087567975187231 0.9820351223503767 19.806560149570558 0.01979147763122105 0.9961452248684174 0.0854575238643326 1.072998463452521 -0.9857329401117139 0.005151766052393633 0.16823801617130896 10.959089094169105
0.13244352990718827 -0.08839880889758207 0.9872407821657351 20.615330572292038 0.018126072676077604 0.996064573530568 0.08675719478353924 1.1299939175291347 -0.9910248013420578 0.006404369044346374 0.13352463136844278 11.068028713893987
0.09472930153923864 -0.08825029644445394 0.9915837052953996 21.458973017909663 0.01640397192852694 0.9960660710714442 0.08708209784602583 1.192298444591808 -0.9953679064219701 0.008016684960924801 0.09580429858509054 11.151434412772204
0.060373849299611815 -0.08663266165414756 0.9944092619517709 22.309421898761702 0.014186537752407247 0.9962003941079477 0.08592739333745203 1.2558097208066263 -0.998075017454774 0.008919457039958424 0.06137346999123522 11.207277252951378
0.027734495783199642 -0.08460559391699177 0.9960284590420122 23.129174686725694 0.011881472799495092 0.9963692670593505 0.0843037025505278 1.3174201574240876 -0.9995447105296326 0.009496164360734943 0.02863903829857717 11.235742315199863
-0.006456557207370428 -0.08104346821823344 0.9966896553733203 23.94608270845853 0.01361090866138899 0.9966109763884337 0.0811252421106041 1.3757272720328677 -0.9998865215785436 0.014089641629686428 -0.00533160053902465 11.229050913140851
-0.03857781363529866 -0.07731719109716478 0.9962599079838377 24.747872230031337 0.016856404292781478 0.9968098597582982 0.0780125959250178 1.430128927416513 -0.9991134139473048 0.019802915176466037 -0.037151455167667824 11.19200867018598
-0.07248150190610386 -0.07283279308036655 0.9947068996109096 25.56038773393168 0.020441008323385985 0.9970121596874137 0.0744910639886591 1.4839952318622573 -0.9971602664868666 0.025732036210757772 -0.0707761630232207 11.126555514921984
-0.1028710023083419 -0.06969956330860877 0.9922497305409896 26.36366440495479 0.023547902891100928 0.9970917712146127 0.07248100472218957 1.5356448615419531 -0.9944159356896431 0.03082159390258759 -0.10093055134990392 11.038375531869931
-0.13050210271962692 -0.06544732933950145 0.9892855241375379 27.146584128929096 0.03085630647893805 0.9970673634764687 0.07003257128337742 1.5819799864906805 -0.9909677540345266 0.039665095139307646 -0.12809992463446607 10.921575015895968
-0.1592331326915017 -0.057360678323006585 0.9855732149544121 27.95718692461479 0.0356498778866342 0.997325465850589 0.06380439931990775 1.6288930925504765 -0.9865971293592533 0.04529533914467069 -0.15676235706269076 10.78817435046234
-0.18361049837142623 -0.04240126838257353 0.9820841701846873 28.759021513923297 0.039730085353407184 0.9979328182768514 0.05051346873688429 1.671475820741598 -0.9821958588823351 0.048293091074916465 -0.1815463360930823 10.638411049762563
-0.2041495503720459 -0.02463052821880836 0.9786298064960794 29.52311784971725 0.04064078197608284 0.9986083343442225 0.03361132872455588 1.7051882705410222 -0.9780957457852804 0.04663401824762842 -0.20286443852685437 10.478389749187286
-0.22712543874988705 -0.008043515834778733 0.9738322940453797 30.314318421185483 0.039498054499839425 0.9990670206641292 0.017464017637073354 1.7290930637421724 -0.9730642007408344 0.04243100369206411 -0.2265958321820704 10.300264582592545
-0.24791485759492787 0.0025924418172343887 0.9687783557806764 31.07125546978533 0.04268434456988876 0.9990545479763706 0.008249660378987667 1.7397690096819924 -0.9678410355592109 0.04339688252805593 -0.24779112267093123 10.104572026050162
-0.2702732308506457 0.007442854251327749 0.9627548933171657 31.852808398938727 0.0459059297279399 0.9989324164388523 0.005164591314784389 1.745752123516395 -0.9616886327192222 0.04559200925851804 -0.27032636273660793 9.884182425964354
-0.289348653564742 0.006282413018440274 0.9572031591918913 32.58046493229782 0.04700164382969696 0.9988655021791504 0.007652060748603147 1.7487893794193177 -0.9560691408876125 0.04720423543560191 -0.2893156718868907 9.663041179987665
-0.30630984542554 0.002023816115644707 0.9519297152435743 33.30519449464992 0.048868419223758806 0.9987126097813548 0.01360149500190146 1.7496365387953388 -0.95067668331455 0.05068557222766501 -0.3060144058210355 9.424775971418702
-0.32257196275471395 -0.0006071895541414733 0.946544748105137 34.03533928930416 0.05378769645964063 0.9983721734660296 0.018970686816298966 1.747820380898097 -0.9450154562514508 0.05703187327768463 -0.32201421222719523 9.165436930528976
-0.336017415448879 -0.0003377075422248861 0.9418557121282812 34.74407644514586 0.05562493453005947 0.9982473221166638 0.020202736087878235 1.751861036997596 -0.9402117650686904 0.05917913348914282 -0.3354097001964794 8.908386850564362
-0.3469732171832171 0.003425569655862621 0.9378687818826582 35.47363026794152 0.05694171057763846 0.9982255166556218 0.017420088808883773 1.7573087523611763 -0.936144875622369 0.05944815699540041 -0.3465525767842878 8.636810303300654
-0.35491523718582646 0.005929503724749995 0.9348796796373888 36.224862508152675 0.057802954374778615 0.9982059168621848 0.015613007617756434 1.7621930675261188 -0.9331098503814415 0.059580101769827774 -0.35462123257670447 8.352377080489388
-0.3621173088062392 0.007551560812684051 0.9321019410945452 36.950547237042315 0.0523452147918222 0.9985539621702242 0.012245943105558182 1.7677817567694782 -0.9306616104424448 0.05322554427564742 -0.36198896155164223 8.083885906334201
-0.3717279380315344 0.007590626396758355 0.9283106820874834 37.680897589321674 0.05317608298595877 0.9984988398526826 0.013129014095409581 1.7686381569174423 -0.9268174816462484 0.054244347205509566 -0.3715735546445063 7.788161611641612
-0.380584708927502 0.009033702284351911 0.924701936600982 38.40077576282365 0.05462232960059828 0.9984259699413252 0.012727279981515776 1.7706321141421515 -0.9231314534992144 0.05535318211053436 -0.3804790990194677 7.490007837295139
-0.3874619949497343 0.011583139336797093 0.9218129058288763 39.100992080546966 0.057616940486709234 0.9982705070637747 0.011674026536946082 1.7714195264003818 -0.920083415043725 0.05763528094612413 -0.38745926721623036 7.187913017329413
-0.3925874380040557 0.01504706366238821 0.9195915883676579 39.83833030571795 0.05903622661916984 0.9982164341528819 0.008869866609790136 1.773350865747249 -0.9178179707697937 0.05777141561573061 -0.39277555431794986 6.871881018694563
-0.39374901407181745 0.01777704105250681 0.9190460764993718 40.57523548713626 0.059307438702925014 0.9982211223626343 0.0061007035316855834 1.777575501927649 -0.9173027535290463 0.05690841484789588 -0.3941028935284912 6.561537951817578
-0.39188456637963376 0.01806815953273506 0.919836957424818 41.32048409512186 0.06163729580527831 0.998076428856812 0.006654767181952081 1.7785288031716422 -0.9179473462019809 0.05930416318887739 -0.3922444210300613 6.244264590774049
-0.389159214036786 0.016964962526795396 0.9210142757724961 42.11766400431073 0.05924141700195146 0.9982215720835781 0.006644361413329327 1.7801717739269263 -0.9192635969306474 0.05714790524117634 -0.38947215084608244 5.919007879348742
-0.38251376227942707 0.016148601067213577 0.9238086621971078 42.9058676663792 0.056330837531152284 0.9983948897653936 0.005872038265071787 1.7831796128377462 -0.922231022255203 0.05428505110911779 -0.38280944974778724 5.604711919297177
-0.3756326508521244 0.01641490966744471 0.9266232580474201 43.68866746975408 0.054825033825147716 0.9984856693877752 0.004536925535862268 1.783080798681551 -0.9251455708589202 0.052506368831373024 -0.37596376680774224 5.296839491591708
-0.37098659218831154 0.015785090581323373 0.928504054558645 44.5080579726814 0.05218441871477431 0.9986299539801613 0.0038731714372877736 1.7814909704397246 -0.927170822912318 0.04989033903393447 -0.37130205926061666 4.97897179394534
-0.36714496376677086 0.014479010075771927 0.9300510383026956 45.36345065711684 0.0490747819053684 0.9987877883785232 0.003823554220753096 1.7821174554853716 -0.9288682583454109 0.0470458505414049 -0.3674104606366003 4.652563049231924
-0.3652925548367189 0.01283732499608399 0.9308042503490234 46.22659924399559 0.04553881682052253 0.9989541791269687 0.00409440683745458 1.7836268794591055 -0.9297782346040636 0.04388338058660268 -0.36549512084957 4.32532162820009
-0.3639451271015323 0.011443994640808662 0.9313500842571019 47.10603122579733 0.044082946891959914 0.9990156065520064 0.004950925049646726 1.7834960183887105 -0.9303766109766358 0.04285852134859205 -0.36409134691096695 3.988398109237149
-0.36444797764744485 0.009933078126553446 0.9311707714203769 47.979743309690086 0.04258051199972089 0.9990749740160567 0.0060080190293897925 1.7781324417735913 -0.9302497361389196 0.04183933859118318 -0.36453380935068724 3.6546413349394182
-0.36571077952572123 0.009826923042352904 0.9306766663681912 48.88759174785757 0.0435015364185492 0.9990319190065611 0.006545313995067574 1.7756058730256334 -0.9297113756795253 0.0428795567792866 -0.3657842281215757 3.301035284928489
-0.36411004718229867 0.009124719322428657 0.9313112331751351 49.80835644256092 0.04347261588186848 0.9990286158735416 0.007208074235374579 1.7729834400499316 -0.9303408005721835 0.04311106775622765 -0.36415303188031567 2.9431298863585837
-0.36326284809727466 0.008293151159038028 0.9316497876541968 50.717769195295105 0.043439981653488224 0.9990236467419309 0.008044951485178913 1.7697986362844744 -0.9306734503499073 0.04339328167248499 -0.3632684295661975 2.590396263676888
-0.36323555296095184 0.007628028418957496 0.9316661130724845 51.68143852485203 0.04292872421061636 0.9990414894803252 0.008557273782112556 1.7676083738783688 -0.9307078261746812 0.043103543698549504 -0.36321484939058707 2.217987604286807
-0.3615983913326321 0.0062385798870423295 0.9323130823423245 52.65204594044156 0.04204357035922491 0.9990694509227618 0.009621352521359629 1.7646085843029462 -0.9313854956875278 0.042676836268453165 -0.36152419845566913 1.8460134422848746
-0.3610294931538077 0.00568818559916047 0.9325370499973145 53.628214165716884 0.04331068346585026 0.9990046297167725 0.010674010594646084 1.756984225241081 -0.9315481145763891 0.04424244962751492 -0.3609164943309341 1.4684486049524783
-0.3585424632883281 0.004718853723002472 0.9335014913960659 54.60937508084942 0.04270448751683284 0.9990232521763203 0.01135201995125307 1.754138175033184 -0.9325361273243321 0.04393488398288865 -0.3583937739475221 1.0958653036786203
-0.3560837112790551 0.003918299974321068 0.9344458451333851 55.53986894029088 0.04389924465506692 0.9989572635294213 0.012539615645051825 1.7516919530905506 -0.9334223303952235 0.0454866196493242 -0.35588442021592986 0.7424846027797238
-0.3535599005674469 0.0018216047744741316 0.9354101124462911 56.509293854287634 0.045706594570067316 0.9988372617813815 0.015330743291819365 1.749445500746482 -0.9342945488032909 0.0481747468402044 -0.35323206230938 0.374464044468043
-0.3499024978739493 0.0002577054536378187 0.9367860884798994 57.45946066397906 0.04694537089750989 0.9987483290873884 0.01725999120639927 1.7463889628747424 -0.9356090925877464 0.0500170844117179 -0.3494766331732137 0.019170312846384707
-0.34660073211004666 -0.0006245315772351878 0.9380125492023488 58.39379608258723 0.047731998994628225 0.9986924887145483 0.018302165366937496 1.74534492451016 -0.9367975174885748 0.05111675797085485 -0.3461177376006502 -0.3249297299315545
-0.344277444150244 -0.00114879670403073 0.9388672545762307 59.37775538784266 0.04741913724404211 0.9987016974248963 0.01861034614567166 1.7430471087916015 -0.9376697003062469 0.05092739760447049 -0.3437759929093797 -0.6834679376872237
-0.3413864929027105 -0.0018934229546674446 0.9399211016958299 60.35194448046958 0.0459548377593976 0.9987684147971612 0.018703114448489627 1.7409061914114645 -0.9387989216813658 0.049578912382993987 -0.34087903440491074 -1.0347289190523958
-0.3414369105434352 -0.0012694995450168653 0.9399038378948451 61.296927376472695 0.04381636490027212 0.9988903857576432 0.017266250544717324 1.738473761455409 -0.9388828267070818 0.04707850477502394 -0.3410024224293247 -1.3691741892400204
-0.3415142705824006 0.0005037130350803512 0.9398764542543606 62.240552977665416 0.04106031977931452 0.9990531229803672 0.014384283186725065 1.7393350325307604 -0.9389792612875917 0.04350406574509742 -0.3412115811860068 -1.7038375568522872
-0.34379367460553273 -6.535282689621238e-05 0.9390452092579107 63.161984908039756 0.03823162218059778 0.9991698936482516 0.014066509601956451 1.736501854782621 -0.9382666211512938 0.040737198675779435 -0.34350579074796544 -2.0347611741947325
-0.3473238698798419 -0.00220045455136585 0.9377426552159491 64.11405971260187 0.036971348219067834 0.9991876178887853 0.016038194056673453 1.735384952919659 -0.9370161411750362 0.04024005787150982 -0.3469603564096947 -2.3843220077056584
-0.3497000459997926 -0.006160521416143653 0.9368414624703714 65.02700164609791 0.037697457968778006 0.9990759921677053 0.020641306567355956 1.7320723788462016 -0.9361029748325957 0.04253480751098554 -0.3491446844211841 -2.729307184315259
-0.3543632138847474 -0.007840359320158858 0.935074992399542 65.94823963899205 0.03643093570594554 0.9990899309355818 0.022183255548354968 1.7364943272455198 -0.9343979342704382 0.04192658665888695 -0.35375508725991883 -3.0753439440820123
-0.35844945173718856 -0.006014172118277206 0.9335297640048981 66.86719389585089 0.03789914017314634 0.9990611268825231 0.020988566562751648 1.7372377090285525 -0.9327795268569337 0.04290331555899367 -0.3578849812308422 -3.430739078824916
-0.36333457875008157 -0.0035316830414631947 0.9316520332717553 67.74640460607068 0.03781300807939143 0.9991129385059861 0.01853409101957107 1.7419084147322685 -0.9308910571621627 0.04196264201439786 -0.36287873507644786 -3.7731010002586793
-0.3677601092666845 -0.0016705427325033467 0.9299191961235856 68.63608036486717 0.037177958512573786 0.999172466650083 0.01649791772395806 1.7449104995500198 -0.9291772174526204 0.04063977331836421 -0.36739366814309454 -4.120171997664579
-0.37009381834962063 0.0003698105121093427 0.9289943104559807 69.5227225110362 0.03834979012266845 0.9991535799850704 0.014880094104698809 1.7508537874553647 -0.928202488262634 0.041133767675749625 -0.36979474568989235 -4.472671120709588
-0.3712926282779604 0.0006329033335197125 0.9285156884080177 70.3910616931118 0.040121991997891945 0.9990766774798793 0.01536288624857079 1.7517709108291954 -0.9276486457407058 0.04295802543339079 -0.37097519877519936 -4.8207662583576045
-0.37292156194752074 -0.005415449483265819 0.9278470679705335 71.30662047222549 0.04109999175203924 0.9989050536401294 0.022349149652565695 1.7557081394113523 -0.9269521558918798 0.046468986637376405 -0.3722906579116531 -5.189680937387442
-0.3727968646550162 -0.012682033286130325 0.9278263111892867 72.15567385510208 0.04297176036363375 0.998597854345092 0.0309152568908776 1.7633840681070811 -0.9269174318754826 0.05139544074242386 -0.37172917985578163 -5.528805852205557
-0.373403464136167 -0.01569312666364628 0.9275362951101315 73.01934583354493 0.043130143818799364 0.9984819854891882 0.03425661027799337 1.7690888223173027 -0.9266658748790094 0.052796310752621645 -0.3721597854492511 -5.874980691624822
-0.372846253225182 -0.01062662523404721 0.9278322834931315 73.90421042546963 0.042602047280550684 0.9986838987711708 0.02855758923157786 1.7814983667822537 -0.9269146330830306 0.050175144955933296 -0.3719028338224944 -6.228360725953781
-0.3712521074168723 -0.0040868285438443105 0.9285231125669321 74.76652927734128 0.04430221921852665 0.9987734912792594 0.02210942084614783 1.7907861305830899 -0.9274746282841618 0.049343803565307855 -0.3706157078954745 -6.573740988795144
-0.370143389107902 -0.0007185088980223263 0.9289743566130767 75.66114484601917 0.04874414365214981 0.9986071327096135 0.020194131848208983 1.7962482200079783 -0.9276949282815633 0.052756783890299155 -0.3695928053875204 -6.935815854889988
-0.3668636104927296 -0.0006904711018444094 0.9302744834434062 76.53626384416219 0.05185111417186078 0.998430009680046 0.021189094587540685 1.7995404305551614 -0.928828591966987 0.05600927619564999 -0.36625183647957854 -7.2838631055995995
-0.36274711199402426 -0.0029212179028303108 0.9318830394561104 77.37148854885002 0.05192880749282834 0.9983779220901772 0.023343599449791273 1.8067395864189686 -0.9304396443038996 0.056859398245705205 -0.3620070125546862 -7.6037991140998304
-0.3590412188378319 -0.007520532523769444 0.9332914039923454 78.24231654107663 0.05115249526898957 0.9983059936429026 0.02772301001719295 1.8203621279609643 -0.931918894219449 0.057693887433733465 -0.35804830672631816 -7.93027954489345
-0.3541968741521854 -0.01325951305391768 0.9350768736603394 79.14209476324248 0.049500158467250005 0.9982319287582231 0.032905177698279234 1.8335640238221607 -0.9338598977644015 0.05794136450940021 -0.3529142808477021 -8.261433876126711
-0.3515669286819594 -0.01716530698085892 0.9360053669148414 80.01743097900959 0.044034950748924793 0.9984219676889892 0.034849642015186526 1.8501895975242613 -0.935126525005934 0.053468931841769214 -0.35025627126152403 -8.573765592727622
-0.3481242109314193 -0.018925094837533345 0.9372573683619494 80.90569985495009 0.03887589231099444 0.9986446871337387 0.0346042462218335 1.869319759927804 -0.9366419800331398 0.04848329243097753 -0.34691666376040753 -8.885179376727281
-0.3431918719503828 -0.019551500134355235 0.9390618072681313 81.74424382207734 0.04043322592719244 0.9985490234605543 0.03556686642219989 1.8779762091252197 -0.9383946362103276 0.050175557679713975 -0.3419033783735064 -9.18943825132689
-0.34060877484599733 -0.01787766243096018 0.9400351332178568 82.60451322975385 0.04270979463507678 0.9984928924974763 0.03446472216996615 1.8912998387113114 -0.9392345478846796 0.05188769428321154 -0.33933188951501986 -9.497403002958226
-0.33415812149562063 -0.016036284665422066 0.9423805958383523 83.5235886106005 0.04355342763241707 0.9985244379882531 0.03243525368655536 1.9062485010946368 -0.9415101957918385 0.051882408525172986 -0.3329666153019566 -9.820217629175255
-0.3245492985147212 -0.01563699952358304 0.9457395186199538 84.41912525035893 0.047530108592227616 0.9983305584106958 0.03281744841695104 1.9170020458004613 -0.9446738281601823 0.05560198188273198 -0.3232642541325888 -10.130464012933038
-0.3131328917041191 -0.01584674115155343 0.9495771021501584 85.35028137731655 0.0518940606491997 0.9980814970822689 0.03376879700780718 1.9305732830833418 -0.9482904610942546 0.05985153278649568 -0.31170979359133616 -10.442750719367497
-0.30135632329143924 -0.016120014417959655 0.9533753256443291 86.24028315162869 0.05067137462369507 0.9981735170554198 0.03289440139232041 1.9491441128826892 -0.9521642600969704 0.05822177414317355 -0.2999890778171942 -10.71860006630723
-0.28986454162493447 -0.017751131791803557 0.956903048813555 87.1435361765408 0.05032107943794334 0.9981623456257442 0.03375975028214593 1.9663026416985918 -0.9557438655166808 0.05793814887466355 -0.28843861466906706 -10.9871619764084
-0.27731761514103775 -0.021935051608653333 0.960527872496896 88.08351452469282 0.05198135135659632 0.9979325267565013 0.03779697279580467 1.9835872794831397 -0.9593710853698008 0.06041130318334832 -0.2756040547670882 -11.256026356148094
-0.2642940598985803 -0.02456434755892134 0.9641292666086485 88.95578264227947 0.05252150070644926 0.9978255480325837 0.03982044270242131 2.002265918103081 -0.9630109770225199 0.06116182242607625 -0.262429208762388 -11.490949535832392
-0.2499720043674899 -0.02617063213600159 0.9678993207178636 89.8291023963057 0.052598602482554525 0.9977915716637695 0.040563117898243364 2.023793868915973 -0.9668233468681763 0.06104979549799215 -0.2480434204333416 -11.712978247493746
-0.2339550528823342 -0.027483098018029346 0.9718588953928219 90.6717746660608 0.05330250321294363 0.9977344553501529 0.041046312360164684 2.040421255595949 -0.9707851854978312 0.061405504073050864 -0.2319600993435642 -11.917435742899253
-0.22059389715072886 -0.02501853711268551 0.9750448222213147 91.52400636494417 0.05406434967124267 0.9978204254228279 0.037834438064184184 2.05956745125205 -0.973866201608044 0.06106121035279405 -0.21876048536189652 -12.107459629071542
-0.2080366514881583 -0.017788454973754652 0.9779592642371365 92.3941405692729 0.05443207258741824 0.998074683208521 0.02973341911130482 2.07518084008908 -0.9766052944313955 0.05941799060770381 -0.20666785255745557 -12.291270237139598
-0.19243724625537284 -0.014859250753865648 0.9811967738026267 93.27090807552412 0.05032099636404314 0.9984204187503957 0.024989292651350463 2.0888454293254366 -0.9800182159422238 0.05418366995062834 -0.19138554368630467 -12.457532980170582
-0.178195414047351 -0.019094200944286162 0.9838098423490143 94.19310355397609 0.048254550052015864 0.9984392095356152 0.02811837941940526 2.1010751873887497 -0.9828112193151697 0.05248386754227778 -0.17699590626913958 -12.618166878372444
-0.1630116378829945 -0.024596040503073326 0.9863175151574035 95.1480906273307 0.047398954301559736 0.998339677654053 0.032729606669198164 2.112308525028459 -0.9854849288780738 0.05208572561818589 -0.16157515941816342 -12.773029519438607
-0.15014507221402718 -0.02480418041219736 0.9883527760490805 96.0361317275205 0.04420659688641378 0.9985169669836663 0.03177488689928102 2.124557841558112 -0.9876751662776415 0.048462555440454795 -0.14882589371011412 -12.899816872614851
-0.14152476867122776 -0.01992897182887724 0.9897340935495752 96.96888088537403 0.039666264391188116 0.9988802305210409 0.025785122522115664 2.1332426043280135 -0.9891396904996806 0.042908287731812045 -0.14057578568914408 -13.022628636573526
-0.13638410606416662 -0.012750047542437004 0.9905739810335944 97.9349694974837 0.03448862420167382 0.9992499269086486 0.017610178129036317 2.1441133105036845 -0.9900555087538042 0.03656528217758297 -0.13584207641787538 -13.143138799556665
-0.1339625176725766 -0.01007643680336888 0.9909351690601017 98.87212339773454 0.03066968360749619 0.9994271479938438 0.01430896083954884 2.14856858472684 -0.9905116932001564 0.03230853252995833 -0.13357673584692786 -13.256810195651228
-0.1314522687434127 -0.011629477612139099 0.9912542843754465 99.82031486797527 0.028488867652058634 0.9994738686898783 0.015503877772718956 2.1515637954032347 -0.9909130564596035 0.030277732024652657 -0.13105179694048535 -13.373143519049924
-0.12807904506852563 -0.012596251513172708 0.9916839681381118 100.76238498097433 0.025532280307077437 0.9995460492751118 0.015993687530916012 2.1559441056612996 -0.991435252992678 0.027368409276621222 -0.12769929246872103 -13.486367884789589
-0.12347418531353777 -0.016608847416399324 0.9922087843537052 101.67537267335034 0.022402266802958332 0.9995584624421558 0.019519697804086418 2.1655747218294787 -0.9920948865926321 0.024637904695256667 -0.12304759099218582 -13.59013656082996
-0.11722100497494142 -0.02156465218859822 0.9928716945147795 102.57886782969291 0.02036634935739663 0.999501759598014 0.02411315770127586 2.171509219425705 -0.9928969975815807 0.023047740376421183 -0.1167234074940578 -13.690002781229008
-0.11280004080713762 -0.02488087311975791 0.9933061426099744 103.49240343670539 0.01630402105410734 0.9995054944353305 0.02688764569561005 2.182736318560949 -0.9934839352960748 0.01922781179395984 -0.11233860228007447 -13.786097875980301
-0.11043361035276844 -0.02514665016730656 0.9935653293517323 104.44298546040747 0.010504762984111602 0.9995944960200165 0.026466837384486467 2.195330986831653 -0.9938279869570491 0.013359996701059192 -0.11012466948439459 -13.877791721992565
-0.10694118777941242 -0.023583436575077853 0.9939856155275275 105.35185954954726 0.0036718460062614023 0.9997024690482317 0.024114122952654124 2.2039946322144193 -0.9942585679305131 0.006228555063471657 -0.106822774718627 -13.965836568081086
-0.10215157023561211 -0.022791286695155483 0.9945077244291157 106.25311670518339 0.004010170961556038 0.9997199471979183 0.02332264357765968 2.2067813154640468 -0.9947607628104648 0.006370590661052266 -0.10203156544604924 -14.057704482097542
-0.09767549319044044 -0.02165216162145426 0.9949827545877983 107.19973816546882 0.005302325873363066 0.9997377947190569 0.02227615654931901 2.2126730546189064 -0.9952041917970087 0.00745155738054313 -0.09753507534352757 -14.149501377480998
-0.09061305229867905 -0.02503490850065862 0.9955714580628959 108.12710100552748 0.0034347943950370375 0.9996701802406169 0.025450597736714868 2.2232050282685885 -0.9958802523097748 0.00572573960776287 -0.09049717656017459 -14.230257914786156
-0.08527051721324208 -0.029982409963872456 0.9959066191099166 109.05509298566717 0.0034533843182076047 0.9995322353771875 0.030387243682727536 2.2320793358476303 -0.9963518520236399 0.006030384286344335 -0.08512708989752948 -14.30850667946729
-0.07768511000543349 -0.03433298759816791 0.9963866065167817 109.94493446289357 0.004005394375829533 0.9993880551659622 0.034748697925104474 2.2435121203416686 -0.9969698994951341 0.006690377730751509 -0.07750005384825293 -14.376843317816306
-0.07266707872318029 -0.03181967494213116 0.9968485361159017 110.82359340769514 0.0029390260500198086 0.9994797656656309 0.03211791012585842 2.256718857396905 -0.997351922741274 0.005263678519108531 -0.07253575596029221 -14.434853907301394
-0.06813778813369681 -0.03072355756286574 0.9972027400879566 111.71415571906903 0.004113417041245864 0.9995085706724918 0.031075664956318305 2.269557118202193 -0.9976674403970955 0.006219337819562234 -0.06797792442104961 -14.491103120020568
-0.061679675391160704 -0.030853134541234953 0.9976190163246799 112.62430395059708 0.004494958806125816 0.9995033874774271 0.031189321353306168 2.284588842943098 -0.9980858745563794 0.006408003599329715 -0.061510360923170526 -14.544292121619685
-0.056298697746176185 -0.032632211103872294 0.997880551684698 113.53809410835859 0.0056944608243184695 0.9994389824661063 0.03300444580711241 2.2985894418557873 -0.9983977312414152 0.007540499027692483 -0.05608129034186332 -14.591093331297763
-0.049007098085829426 -0.03515965130322213 0.9981793943262112 114.46328854244723 0.007415617398266558 0.9993398657414188 0.035564608229609836 2.311037577948581 -0.9987709011358954 0.009145034727049214 -0.048714016299548246 -14.634099297718892
-0.04162431020031765 -0.03610839876638277 0.998480645951075 115.31516463566672 0.010255534666187602 0.9992786600237158 0.03656478674788194 2.322903956689225 -0.9990806978463044 0.011761936904070935 -0.041223973986095674 -14.674400634398555
-0.03603667925705478 -0.03695605029588938 0.998666915490171 116.21627434823196 0.013414858580051084 0.9992080758533821 0.037460148406801494 2.3413613096263073 -0.9992604261739789 0.014746914792934045 -0.03551238075219065 -14.709795203404886
-0.028412654357369338 -0.0374141010088636 0.9988958434782214 117.09776477734265 0.01160560082227048 0.9992195799904784 0.037756337126447444 2.361655362257085 -0.9995289045855167 0.012665544179007471 -0.027956267431952286 -14.732489523924581
-0.021897633293330776 -0.038421882582518774 0.9990216477108824 117.97113581098994 0.010072542320268727 0.9992020577260479 0.038649601902717164 2.3797840061620006 -0.9997094765717476 0.010909022634831374 -0.02149315420768977 -14.748309275288108
-0.01777010476527463 -0.0396304777269867 0.9990563790956754 118.86046451899944 0.010483749832999286 0.9991518402292054 0.03982073776352592 2.3951421124836516 -0.9997871345271804 0.011181475829389543 -0.017339556863038008 -14.764984307548719
-0.013576448200480928 -0.04082697276143028 0.9990739904278347 119.74925098613498 0.009061275275910555 0.9991200268087261 0.04095198798720841 2.4139979653610903 -0.9998667777982395 0.009608866991884093 -0.01319455685115839 -14.772491443533363
-0.0100988888949754 -0.04093202108081481 0.9991108957935186 120.61952628364116 0.007943137065733723 0.9991270403729611 0.04101297074246999 2.4342789094749056 -0.9999174561015736 0.008350260223936999 -0.009764944318869706 -14.776347463716808
-0.005829306750664509 -0.04335188531116045 0.9990428585515111 121.54761494029795 0.005281145212094714 0.9990445657722316 0.04338277430296779 2.4560188700411016 -0.9999690638655055 0.005528981908223575 -0.005594789629924435 -14.775634807244
-0.0009659676600379807 -0.046548635820945886 0.9989155576972907 122.45447830742685 0.0057885294234852405 0.9988990279281798 0.04655346314992536 2.476106649005402 -0.9999827797685287 0.005827221237173531 -0.0006954560085492556 -14.7757332412259
0.0022155755023176016 -0.048546416874393386 0.9988184703107222 123.35363892616562 0.004468873936454756 0.99881142873155 0.04853616178664825 2.4988547588337107 -0.9999875601180915 0.00435605829819017 0.002429889950010755 -14.770694815746701
0.006634945357997302 -0.04750277860645094 0.9988490694418067 124.24744597555765 0.0018597625321278288 0.9988699147834137 0.04749141631811389 2.5226158218761707 -0.9999762591098954 0.0015425191223540323 0.006715791192159648 -14.75823035232335
