1.0 0.0 0.0 0.0 0.0 1.0 0.0 0.0 0.0 0.0 1.0 0.0
0.9999243977559854 -0.0032673129365435602 0.011854258243555021 0.020586108788847923 0.003247331271473073 0.9999932747925594 0.0017044674436194924 -0.009395661763846874 -0.011859747549737733 -0.0016658438785614909 0.999928283104458 0.2974812984466553
0.9997443985326637 -0.00669357410070107 0.02159476020522668 0.0404265502857304 0.0066422423784010184 0.9999749438914308 0.0024478981834767603 -0.017452087428443123 -0.02161060431245252 -0.0023038348657226084 0.9997638091700272 0.6115463002691545
0.9995578377489762 -0.009623036162104753 0.02813407488463461 0.058232293321128586 0.009577631599181543 0.9999526053015283 0.0017481772325898376 -0.02626540133878383 -0.028149564251365652 -0.0014779464499806707 0.9996026299018772 0.9043746397326853
0.9994779886510197 -0.012199707300510981 0.029915169126951257 0.07304444463124617 0.012184658876838873 0.9999255294629087 0.0006852856170475957 -0.032933111618341906 -0.029921301612184422 -0.00032042175912336106 0.9995522062602479 1.2175778915737294
0.999477723407467 -0.015155137411066694 0.0285412372240341 0.08571983552436159 0.01515930640840692 0.9998850886402498 7.031426469218953e-05 -0.03847682226216429 -0.0285390231339991 0.00036238781915654266 0.9995926134349061 1.5334521178091165
0.9996524409979721 -0.017519627827242052 0.01969923469556155 0.09276342351313277 0.017546738885259785 0.9998453189245095 -0.0012042338803030404 -0.046205407544318094 -0.019675089867352634 0.0015494726654198625 0.9998052260181334 1.8631829859442262
0.9998414338010037 -0.017500443574476172 0.003292678157659134 0.08371462579606094 0.017506704992989744 0.9998449737153212 -0.0018825027216972448 -0.0521187669217327 -0.0032592230733378487 0.0019398481655390643 0.9999928072011584 2.2040450513724448
0.9997856608578811 -0.015019325732149529 -0.014249638504942728 0.06243651758137199 0.015002989618648283 0.9998866641799523 -0.0012526362560507944 -0.055910282391162996 0.014266837262430915 0.001038580588511139 0.9998976841181744 2.5620977464507915
0.9994185479923929 -0.013170913605201043 -0.0314498483872583 0.036860984266764804 0.01311998890514641 0.9999122636795976 -0.0018250573338378525 -0.06257689069171501 0.0314711267657521 0.0014113744886777289 0.999503664926821 2.921313643390502
0.998717124357667 -0.013923271265541057 -0.04868519314965077 0.007976485607558835 0.013830199339660417 0.9999018310745551 -0.0022480658303410377 -0.06985328480159156 0.048711714206932814 0.001571855915295392 0.9988116429878078 3.3085733840455984
0.9974873813832241 -0.016808171758707854 -0.06882157614708118 -0.02609556097443433 0.016734971860272122 0.9998586154516296 -0.0016400682871431072 -0.07625603119918745 0.06883941238908578 0.0004842202808310693 0.9976276363617065 3.721877449075618
0.9959663096669295 -0.01916146040558896 -0.08765813392699769 -0.07106668640336258 0.01917041665625439 0.9998159570147371 -0.0007397458558814629 -0.08388685202605405 0.08765617567327484 -0.0009436810005166293 0.9961503422337943 4.1357331486199245
0.9942907778387723 -0.019705297125799576 -0.10486920601374537 -0.1260781665149432 0.019757640781134893 0.9998046530465529 -0.0005397936883225722 -0.08929903680842596 0.10485935692885519 -0.001535256215187702 0.9944858763465778 4.562944599346826
0.9925704977622826 -0.02017585499865708 -0.11998642359453836 -0.18482006122829692 0.0202684862981565 0.9997944725613812 -0.00044844051015209064 -0.09577287293536939 0.1199708107629363 -0.00198683436221227 0.9927754313308227 4.996585132903699
0.9910895953554565 -0.020539813260622288 -0.1316036855463266 -0.245150191577163 0.020664874771857387 0.9997863723315086 -0.00041551277432578377 -0.10478797696440317 0.13158410591261052 -0.0023077632939581725 0.9913023238648027 5.4193436284211245
0.9894782150621898 -0.022945154532091817 -0.1428509075954424 -0.30753788493392903 0.023038078426664707 0.9997340844307194 -0.0010036781746553143 -0.11388937433035484 0.14283595086584483 -0.002297892723749217 0.989743709668963 5.852215892951787
0.9879794689819732 -0.028050874272655093 -0.15201880581901128 -0.3680553807351951 0.027971266250750613 0.9996051815206677 -0.002662581710073017 -0.12390559337455591 0.15203347373005782 -0.0016215824286456679 0.9883740149032648 6.292656195878106
0.9867146536296343 -0.028046225109614624 -0.1600237531419996 -0.4469246290566834 0.02767499279755551 0.9996066254904339 -0.0045485216590218005 -0.13269124454802766 0.16008837273895335 5.9436757665946426e-05 0.9871026843145883 6.757030635986787
0.9855884505620853 -0.027962520036898017 -0.16683376034788036 -0.529793147734432 0.027303359984991032 0.9996076938975257 -0.006243783660625641 -0.14052401442892018 0.16694290237131346 0.001598678847292991 0.9859652689490566 7.237259337245649
0.984460284433457 -0.02874245338672537 -0.17323919806587912 -0.613228066985849 0.027604433939926742 0.999578630856174 -0.008975297351781852 -0.15255916113958884 0.1734241724790786 0.00405365378499457 0.9848388824020599 7.705300558181391
0.9829800842547027 -0.0320019781863129 -0.18090336467512294 -0.7039337963118966 0.030589550912242556 0.9994758978561911 -0.010592873998507474 -0.16510188002304454 0.18114754575650502 0.00487883149162667 0.983443828426246 8.210955898809292
0.9813880700393331 -0.03742863122406886 -0.18835220611706666 -0.7972299541750278 0.03579966782162256 0.9992864056628903 -0.012044220240564854 -0.17925586533582294 0.18866859772716493 0.005077107644555843 0.9820276896348855 8.727843483303689
0.9796917872905007 -0.03814235756507676 -0.1968480695229757 -0.9092481930452525 0.03608562308141979 0.9992502698363672 -0.01402590598760432 -0.19288714392877124 0.1972354677089548 0.006637679664253392 0.9803336735450358 9.269614278892716
0.9782233681559195 -0.03498385323366397 -0.20458536606173414 -1.0344971594748888 0.031952937222788844 0.9993254591103663 -0.018100734147878064 -0.2010893949630137 0.20508059829375577 0.011169457765760282 0.9786813533610896 9.803045385840328
0.9763809643201016 -0.03313590530464869 -0.21349993979622095 -1.1651965206319668 0.029370047103709634 0.9993524340484595 -0.02078732533409205 -0.21559340492534718 0.21405049134836035 0.014025845466882295 0.9767218963514971 10.34863362187534
0.9741441055906491 -0.03662430295313526 -0.22293927867513905 -1.2886482587135755 0.03260901250375661 0.9992333104967474 -0.021666644808111674 -0.23419636118175396 0.22356187923374635 0.013836604601852138 0.9745915218831774 10.896424526711787
0.9721861290786925 -0.037331200764523766 -0.23121529334468133 -1.4247122087020658 0.03292272307983913 0.9991955853538436 -0.022897085281722462 -0.2524622099608842 0.2318840760638739 0.014647991632611747 0.9726331331026796 11.44041388129921
0.9703132781219125 -0.03666875878720221 -0.23905552582886375 -1.5722395942111924 0.03148194978152379 0.9991794721489786 -0.025480762823009706 -0.26915208940044266 0.23979372205765143 0.01719838844470145 0.9706715130756869 12.00107304261434
0.9681408865591037 -0.035813335731668325 -0.24783185581422706 -1.731331225780355 0.029612109028765682 0.9991491926833783 -0.028705639846936686 -0.2885623256173986 0.24864904337523908 0.020452279675487385 0.9683776936116684 12.58035401494453
0.9661822979236554 -0.03676102377203464 -0.2552261630597402 -1.8920999163814811 0.028933061376983767 0.9989906602401296 -0.034358968441237106 -0.3098764741276359 0.25623162400125576 0.02581255284202129 0.966270700672155 13.164473499307979
0.9646617319018649 -0.03875003475093921 -0.26062651018439364 -2.0665210486520302 0.028858093174904325 0.9987143268609837 -0.04167617761888675 -0.3369280189435905 0.2619063830119521 0.03268222956613364 0.964539744338295 13.78189188641098
0.963861541958114 -0.04050246344263847 -0.2633068141716137 -2.235139425016257 0.02833037224310597 0.9983541850663398 -0.04986292379205163 -0.362865801729823 0.2648930311327462 0.040601374553118665 0.9634226541044711 14.36458138972145
0.963505979974338 -0.04281862790210261 -0.26424002660133084 -2.4040567225482357 0.02812142153512656 0.9978525404635024 -0.05915651393868805 -0.39481712985713613 0.2662055825946076 0.049566849759852136 0.9626410105539602 14.955551583816625
0.9631230404993826 -0.043313483391803874 -0.26555216251368124 -2.5861544822433347 0.025898213311866945 0.9972985916731275 -0.06873719221825622 -0.43138360200328935 0.26781204492419247 0.05932504701443056 0.9616429937301357 15.56968010479856
0.9628230471481528 -0.04464793935228911 -0.2664176071357532 -2.7727340454544267 0.02508651769385338 0.9967629817321003 -0.07638209789295419 -0.47891861776546535 0.2689655117488899 0.06685895422549748 0.9608264326763346 16.21261747268967
0.9622426823490132 -0.04506533068998323 -0.2684364659199243 -2.9595381772396347 0.02341130409848547 0.9962469584157628 -0.08333011873116353 -0.5268116485029088 0.2711843120576566 0.07389934923356245 0.9596863837091114 16.83693674916709
0.9616664940394862 -0.045549817918530085 -0.2704122192679019 -3.1407681500696483 0.022137777345247682 0.9957849256619995 -0.08900730665815351 -0.5776567430797801 0.2733266782734816 0.07960901903625678 0.9586213700059423 17.44648650817887
0.9616237686338981 -0.04433004412593759 -0.2707666426761834 -3.3412630680229216 0.019339215996444073 0.995358094530859 -0.09427756030223142 -0.6341578821501984 0.2736890979249675 0.08542312824809464 0.9580173103015036 18.104340044823914
0.961044441563641 -0.042182719422990816 -0.27315599850947947 -3.549133684501855 0.016220977043879863 0.9951897255274909 -0.09661412996171627 -0.694270958481921 0.275917489919308 0.08841961539499431 0.9571057989428494 18.77815123767824
0.9607389663245368 -0.040981975618432864 -0.27441048861162554 -3.7544481358558763 0.014292624905329888 0.9950281621830027 -0.09856306273666636 -0.7570645235865048 0.2770854732009176 0.09077132882759102 0.956548068004895 19.45013180017075
0.9591370849692805 -0.03996038018245445 -0.28010573048815884 -3.9711807859582975 0.01279785506831258 0.9950904245303176 -0.09813899283018386 -0.826141992154351 0.282652201729054 0.09054399496237238 0.9549395362189024 20.162078658877913
0.9575021896197553 -0.03864197187541096 -0.28582574216286805 -4.189114989406499 0.011185825284176474 0.9952141909766284 -0.09707518422051471 -0.8930840790659071 0.2882090112853626 0.08975250463533004 0.9533520093468094 20.85857058461034
0.9560375670527993 -0.03858645227755147 -0.2906944376564451 -4.411166779204563 0.010944491852625506 0.9953093945520433 -0.09612193929864923 -0.9620830086201032 0.29303990936705604 0.08871468208294295 0.9519754811449034 21.56524657044748
0.9529298358192537 -0.0388602816598133 -0.3006902168591628 -4.681738036319104 0.010878935752579113 0.995495937376418 -0.09417795614653401 -1.0461381898027462 0.30299567119413046 0.08647379473786962 0.9490605386703481 22.400773752043374
0.9497241748903894 -0.03875469156491893 -0.31068000500591747 -4.930928805107156 0.011560391328960423 0.9959734646451784 -0.08890002854330638 -1.1188490233421233 0.3128743341680334 0.08083892382007192 0.9463480963231883 23.14985980765397
0.9475984311115795 -0.038276568872461066 -0.3171626044006847 -5.152963039936272 0.011625746463733974 0.9962703760399796 -0.08549958973187542 -1.1777851641797352 0.31925233808702874 0.07733202506406893 0.9445092389836407 23.801230569896582
0.9446530828261315 -0.036458842071113176 -0.32603881048415057 -5.416518064181531 0.009912742496299674 0.9965240158126265 -0.08271410668609319 -1.2441237277202066 0.32792116528715903 0.07490419710209822 0.9417308907608383 24.54321675751624
0.9414905635091319 -0.03646302507032763 -0.335061138638873 -5.689746375859756 0.009428833746951065 0.9965910282769447 -0.08195986488565261 -1.3117550240379952 0.3369074292998445 0.07400520360503533 0.9386248526019049 25.29355891658931
0.9381039154685987 -0.03675120603972783 -0.3443985955794679 -5.9812015461574495 0.009054341402118376 0.9966168868152555 -0.0816872071773921 -1.3803290985025691 0.34623555953174173 0.07351278643401955 0.9352629617099397 26.066692262659654
0.9348896208927925 -0.03622812601339863 -0.35308486180023074 -6.281495361018096 0.007978263075360509 0.996670916085357 -0.08113835312523807 -1.447326829861115 0.3548489031478484 0.0730384002777498 0.9320663324139737 26.837512752971847
0.9311263712949361 -0.03664062384417753 -0.36285140948249667 -6.595239578631487 0.008208755584489757 0.9967937934356926 -0.07959114083763295 -1.5159298839462945 0.3646043019643063 0.07113085162143994 0.9284417617366906 27.631130314017472
0.9274584122685153 -0.03753815250326961 -0.37203733766788266 -6.906847676938451 0.008989905435383961 0.9968991242730554 -0.07817491684599628 -1.5840828783377823 0.37381823806848663 0.06915940377314464 0.9249199434313846 28.401589971176968
0.9244065886099806 -0.037188080668642334 -0.3795912348706708 -7.242606103117367 0.00936651721655133 0.9971486049780705 -0.0748794227109166 -1.6543655311388903 0.38129349232538745 0.06566358386861501 0.9221190630628125 29.20646247696782
0.9210274308134797 -0.036299942809756194 -0.38780250881231954 -7.593835734963557 0.009649154601578558 0.9974685998249327 -0.07045059388509753 -1.7220674158802773 0.38937817800256297 0.061144963122865124 0.9190462055740766 30.02315804976549
0.9175916895597374 -0.037675171131583696 -0.39573485154976273 -7.943217704017593 0.011918496662117157 0.9976585793927599 -0.06734469839070892 -1.7904212546917713 0.39734549285001586 0.05707837107194223 0.9158922528701463 30.83095319332794
0.9138990940975124 -0.03904452692587287 -0.40405936534732295 -8.321081189509908 0.01352137237331921 0.9977392592287913 -0.06582965200215884 -1.8576598151831818 0.4057161794862126 0.054698222189739264 0.91236094074242 31.680780554323288
0.9106641655218549 -0.04007054504138897 -0.4111996219045803 -8.693991605135603 0.014595648411188954 0.9977845223889279 -0.06490773396565527 -1.921579915669929 0.4128895066259746 0.05310742227961493 0.9092314650390043 32.49853868346566
0.9082862429518288 -0.039884162272984 -0.4164436990329348 -9.090203548866869 0.014710727220860982 0.9978743800969845 -0.06348477022634832 -1.984071934990038 0.4180905348953558 0.051536153774230216 0.9069422966678057 33.34711596046591
0.90555917342959 -0.04147176542426061 -0.42218796298581635 -9.490311672708046 0.016465343823508644 0.99789614458064 -0.0627070736350228 -2.050043555057183 0.4239003136001335 0.049833495800411465 0.9043368547316973 34.203047374410616
0.9032525670026244 -0.043001456985805216 -0.42694926501900377 -9.891249776387845 0.01785421807955831 0.9978707466332654 -0.0627311717596372 -2.115527303689508 0.4287377136431284 0.04903924663641841 0.9020970708240856 35.04925743677241
0.9011258225587617 -0.04515456235686746 -0.43119985785729903 -10.306660078784244 0.019550072479187483 0.9977820360579037 -0.06363020655477038 -2.179023324621453 0.4331166662503922 0.04890883374712583 0.9000099329438773 35.9108764629195
0.89941117315497 -0.04556800607073367 -0.4347218632950708 -10.748771103999385 0.019506241471670023 0.9977446235796642 -0.06422750704739572 -2.245480498457607 0.43666812128623445 0.04928714782386931 0.8982715229326479 36.815130536564595
0.8985891401688892 -0.04563669827329209 -0.43641132998726 -11.195556886667305 0.019984513149695446 0.9978011648824096 -0.06319378603530824 -2.3168292829965855 0.43833568917521 0.048063781894677915 0.8975253180079517 37.723583884256506
0.8975357945374991 -0.04445135091131562 -0.4386953098975407 -11.666038453269879 0.01959043248232302 0.9979432118025127 -0.06103737357095904 -2.38825615600487 0.4405062002731581 0.046188996735633335 0.8965605746972481 38.67036873128457
0.897028807169388 -0.04498283993674193 -0.43967699873826727 -12.120770494794842 0.02052965360915127 0.9979741722331663 -0.06021698164317692 -2.459122357978913 0.4414950197125139 0.04498995073071206 0.8961350634264319 39.58369746878444
0.8966023464991916 -0.04699899824020928 -0.44033547031389675 -12.597017448539022 0.022654637770585753 0.9979181393089951 -0.06038339693621736 -2.530542933257459 0.4422567123737382 0.044164254805102734 0.8958004905992644 40.54190014892114
0.8948348639718091 -0.04995150316598515 -0.44359374832386067 -13.080054979891958 0.025364899644516093 0.9978036674751071 -0.06119201777396909 -2.601416578819908 0.4456761022161472 0.043505039991760704 0.8941365239205575 41.51431557531604
0.8934809292997447 -0.04994762129475089 -0.446314983060911 -13.560912935218667 0.026159870241404284 0.9978970078210282 -0.05930617987016301 -2.6722453929301606 0.4483385887547692 0.041313398659943074 0.8929085691853041 42.4650733547717
0.8910751166831933 -0.04950641268600565 -0.45114770478303057 -14.047807893158645 0.027197370460705146 0.9980712260329231 -0.055804397722409985 -2.7433687384818275 0.4530402183780782 0.03745587895245088 0.8907028784414266 43.42117587782246
0.8886567477281078 -0.049805311471673885 -0.45586030279737216 -14.545430813271928 0.02925837696677118 0.9982171150830672 -0.052024403240296266 -2.812921184009178 0.45763864794679726 0.03289410440258535 0.8885295975942384 44.38673018879697
0.8859938744238826 -0.05087108130131021 -0.4608980229623395 -15.043979591482305 0.030699228203209306 0.9982183438533111 -0.05116341840104514 -2.8805987812109057 0.4626795995838643 0.03118126171258328 0.8859770409253993 45.33773821170664
0.8814902346590955 -0.05453878677687027 -0.4690420950592387 -15.560906812903733 0.033167706730032304 0.9980054948424849 -0.0537115955309238 -2.950306640673907 0.47103595343765786 0.031789196295503676 0.8815410243249957 46.3074203218935
0.8765536701223453 -0.05799057552585686 -0.4777978197367862 -16.06621742353422 0.03495258283059692 0.9977635184268375 -0.05697611999748783 -3.015533221846655 0.4800333117071323 0.03324235922250047 0.8766201943856903 47.23754539321535
0.8702682646422527 -0.05790875274839248 -0.4891622674651917 -16.603757208725536 0.034300764504105546 0.9977792772787072 -0.05709615913189647 -3.0831915690383944 0.49138234106548445 0.03291033558483562 0.8703219546240906 48.18762789506839
0.8647959561438517 -0.056413095177478674 -0.49894440264396017 -17.145696454069704 0.034615687478393366 0.998002776043189 -0.052841396560714717 -3.1525933461058546 0.5009288456633734 0.028425722551682735 0.8650215430148404 49.12459093970594
0.860023020264401 -0.05431284417014289 -0.5073564029096782 -17.697262303077185 0.03393807749798269 0.9982057717753936 -0.04932995124700804 -3.219549564648742 0.5091253396866422 0.025206192739901122 0.8603232162022134 50.04720663788909
0.8561079069756443 -0.05449791758910408 -0.5139155850840027 -18.268734397297443 0.033312580018877325 0.9981755502711479 -0.05035715295146334 -3.2897381500767664 0.515722331905714 0.02599130276347067 0.8563614473774436 50.986920186423625
0.8533808408704714 -0.05685150924321837 -0.5181785853660645 -18.824213574077916 0.033642087765970205 0.997969359594803 -0.05408666416674012 -3.3568117969155438 0.5202012594813226 0.028723913499160043 0.853560534717567 51.89150181226308
0.8511192253970564 -0.05885613655202735 -0.5216627448358603 -19.386522521861345 0.031657151936256935 0.9976412540800004 -0.060907740796789636 -3.4209423457552153 0.5240170692742742 0.03532539239489463 0.8509748690539265 52.78712610007982
0.8482366040419231 -0.05957182864181547 -0.5262564591486703 -19.9495832074715 0.03137859794567295 0.997561196095343 -0.06234615975176609 -3.488278737017886 0.5286870975864548 0.036371104974953716 0.8480372017597526 53.68234783438337
0.845813129692788 -0.059539240937593114 -0.5301464216873171 -20.526511651336055 0.03287411545089252 0.9976809804228034 -0.0595982704104364 -3.5609706410321538 0.5324654375380742 0.03298090494770187 0.8458089723668212 54.594399967902156
0.8427026119062351 -0.05791692911621682 -0.5352550207220448 -21.110918117538027 0.034029265993461746 0.9979388821879847 -0.054405849624301436 -3.632491621413474 0.5373028168010621 0.02763361610689034 0.8429365731290235 55.51085252455684
0.8393450558490105 -0.05671745045810703 -0.5406320449578933 -21.68944576494714 0.03404248195569641 0.9980741952958768 -0.05185566610105301 -3.6998691502698797 0.5425320143955722 0.025120340324525647 0.8396594439758672 56.399530703226475
0.8373661752093647 -0.05649433332916591 -0.543715255365281 -22.289046534786035 0.03301293452591174 0.99805611224616 -0.05285965344256798 -3.764115850629297 0.5456446048200491 0.02631324969998227 0.8376034730831762 57.30658404604753
0.8334949568682936 -0.05773175773565992 -0.5495026851834962 -22.901108139523366 0.03278151031984894 0.997941350058183 -0.05512199583833101 -3.8324290037424116 0.5515537412222594 0.02793037759863648 0.8336716167358263 58.223080366650535
0.8298771192313401 -0.06038503374352956 -0.5546689234814629 -23.492396805225894 0.03400500004430927 0.9977520646533008 -0.05774493442772318 -3.8990180522953284 0.5569089934165893 0.02905968306551742 0.8300650021967274 59.10385742520745
0.8268759448665617 -0.062036734047869316 -0.558952247897533 -24.10104171796909 0.035005703814821335 0.9976474899816264 -0.05894138133595034 -3.9666317758271115 0.5612938379329139 0.02917069354737462 0.8271023504600294 59.99657674867666
0.8225708829376643 -0.062140682510696536 -0.5652571787427881 -24.71553384162829 0.035331338085479676 0.9976758434937654 -0.05826326336632214 -4.0391469380487965 0.5675639515440009 0.027954371502659413 0.8228546129308935 60.882378232826596
0.8190377217686264 -0.06154816937574288 -0.5704288151615002 -25.330969370129605 0.034663069032729046 0.9977214761489864 -0.05788201513700013 -4.1100353081218355 0.5726916115723106 0.02763474041098482 0.8193049732286063 61.75370958595904
0.8135583967448314 -0.06273189925263609 -0.5780894774186232 -25.96210319622047 0.03491718697522083 0.9976400197344963 -0.05912005647740429 -4.184805374491864 0.5804339110869705 0.027912359991787147 0.8138288364391937 62.63319986072494
0.8084534711986786 -0.06425604183309516 -0.585042003615767 -26.595205745095384 0.035545137518324964 0.9975386056992155 -0.06044231413892795 -4.257995042086311 0.5874857684281475 0.02806940020037847 0.8087475382755612 63.50331974731521
0.8039391982693933 -0.06550522880381288 -0.5910929118889224 -27.243473150951125 0.035993446303931 0.9974527012723763 -0.061583930920379684 -4.332850433458405 0.593621291152138 0.028234265065699597 0.8042490839081315 64.37808542638082
0.7981218966146347 -0.06667748397366456 -0.5987950828749351 -27.916816982001897 0.03641057229348335 0.9973787021024797 -0.06252995136440281 -4.4115260987489995 0.6013948024131235 0.028104051724177855 0.7984575467156443 65.27238740013058
0.7932986218046028 -0.06755243078719061 -0.6050735209358113 -28.588755747241596 0.036239902969551534 0.9973026352382012 -0.06382885851789029 -4.489536005278224 0.6077532114893966 0.028707539805444642 0.7936068995936486 66.14983500531952
0.7872611459623063 -0.06749715889670807 -0.6129143672642935 -29.28556421062619 0.03590698600311151 0.9973223317861155 -0.06370914280445132 -4.571352513355313 0.6155733720802817 0.028147825166043628 0.7875767413554905 67.03720025889503
0.7809394116462997 -0.06786515689567557 -0.6209089754682703 -29.992527398094218 0.03710414382069471 0.9973647539037795 -0.062344447882605965 -4.652304501859905 0.6235037432516864 0.025648940523520784 0.781399522652245 67.92325759358994
0.7755464018090249 -0.06866732243156111 -0.6275448808421233 -30.700332679862743 0.03803563304259956 0.9973433316205599 -0.06212543352807298 -4.73234707629932 0.6301436893757832 0.024312089628049885 0.7760978372845749 68.7934692170124
0.7699655318345024 -0.07029268554070425 -0.6342018749154623 -31.42127984980025 0.0394547686949017 0.9972565435652195 -0.06263152196444874 -4.8126495272971885 0.6368645075791584 0.02320182483829854 0.7706265465905838 69.66603932237665
0.7648171174817566 -0.07238436227367279 -0.640168166113507 -32.14805602919357 0.04083683910436223 0.9971167994450808 -0.06395655428775841 -4.891149728186676 0.6429518872970679 0.02277262309511695 0.7655679449000634 70.53051494767884
0.7607050377039498 -0.07112301412514316 -0.6451894004659305 -32.888726026933874 0.038941078874111225 0.9971890227340294 -0.06401285273186642 -4.968215639764994 0.6479285747580149 0.023570528218647507 0.7613363200396664 71.39354568544172
0.7558580965597999 -0.07120436958367497 -0.6508521150132247 -33.651499454381465 0.039349986425903524 0.9972122365916717 -0.06339821574868924 -5.051265858021395 0.6535519232878728 0.022309032790050785 0.7565528339929043 72.27056230656137
0.7535095109844001 -0.07054280456032186 -0.6536414380842257 -34.41112594691816 0.03866864942211697 0.9972609367814798 -0.06305045219183668 -5.133982226951861 0.6562988285894771 0.02223368378136885 0.7541733957768535 73.1325803395036
0.7488758762889061 -0.0706066975945937 -0.6589382491306062 -35.1877398282364 0.03788660860011947 0.9972433379160525 -0.0637991369129038 -5.219878209394404 0.6616264254103705 0.022812699025667432 0.7494865268714708 74.00540507242792
0.7441264954258595 -0.07168834031700932 -0.6641811053228035 -35.959187215902276 0.036813817849069674 0.9971151528425134 -0.06637857174741439 -5.302829386494318 0.6670236139902423 0.02494301173563 0.7446189257230522 74.85777980291687
0.7414490237622022 -0.07335373755691439 -0.6669876868042686 -36.73846856411569 0.03705676013548542 0.9969660759782378 -0.06845027302221628 -5.385285606559271 0.6699851802020242 0.0260359853853504 0.7419177756157858 75.71333583550238
0.7373403187395403 -0.07324578380154094 -0.6715387624823835 -37.52145165482048 0.03573147023642628 0.9969414601287503 -0.06950530275525008 -5.470253788433214 0.6745758047809131 0.027253994783398513 0.7377023135198438 76.5640432909277
0.7334342992199863 -0.07314823911749388 -0.6758131870877468 -38.296598690597094 0.03640753706252192 0.9969934301631942 -0.06840022994456517 -5.555796145834912 0.6787846639198098 0.025562381059639858 0.7338923250054008 77.39795393964359
0.7301644867610241 -0.07345878379588933 -0.6793111432592869 -39.0932984958383 0.037624800678573676 0.9970181592677676 -0.06737332160588583 -5.643099437088557 0.6822347078879145 0.023634660427882363 0.7307511246515812 78.24414287663157
0.725487884935166 -0.07400373006523789 -0.6842446760835854 -39.909760186291265 0.037916092972780965 0.9969899595842007 -0.06762684660675537 -5.7288793010745 0.6871897108557279 0.02311857315505424 0.7261100693898245 79.10238620381205
0.7227749956189564 -0.07491203842237515 -0.6870112751676076 -40.72635176834352 0.03902667297443877 0.9969455915097569 -0.06764914164870946 -5.814061963746149 0.6899805971942718 0.022083343693053755 0.7234909131611611 79.95339617876415
0.719358007456812 -0.07538085425507757 -0.6905373153708205 -41.537113251293135 0.03969399694060788 0.9969309184042348 -0.06747688890700416 -5.9019021719715745 0.6935044655333118 0.021129854269822237 0.7201424064335413 80.78954466873878
0.7174700827591914 -0.07605456967961557 -0.6924250015535023 -42.36104842227897 0.04051843060093896 0.9968953069586485 -0.06751298945728199 -5.989466272964756 0.6954099058304792 0.020382575761435897 0.7183241701893188 81.63643698294754
0.7157526519364985 -0.07863423742095933 -0.6939126731448949 -43.18466662102819 0.04342476564876367 0.996729044975411 -0.06815790952453643 -6.078694045859423 0.6970024612397144 0.018651209280610665 0.7168261305352583 82.48473718142498
0.7121372199486841 -0.08235943134080796 -0.6971925874770749 -44.03437695033888 0.04592399448360911 0.9964327888408893 -0.07080031111116485 -6.172587384051594 0.700536627660845 0.018401668184896507 0.7133791501814333 83.3522903181206
0.7094179267055306 -0.08616749614649993 -0.6995007990536319 -44.89042796638116 0.04939920515949702 0.99613637840532 -0.07260877458780879 -6.266058927673295 0.7030547089654093 0.01695518284703007 0.7109336101044791 84.2231831626275
0.7050588763250769 -0.09027395187675681 -0.7033794100823347 -45.74191929801881 0.05466655969664426 0.995831783870375 -0.07301113260647484 -6.359580024032292 0.7070385761513678 0.013025814604085955 0.707055004923766 85.08916498763922
0.6970582015886193 -0.09319586302371584 -0.7109320605467899 -46.608404230128194 0.05805992431754632 0.9955974056558774 -0.07358567142811918 -6.456613798097283 0.7146599952328943 0.010016834158111929 0.6994002818466463 85.95203674334712
0.6891186377760607 -0.09423161313513068 -0.7184955853417735 -47.47656802862399 0.06085539696578765 0.995532047576196 -0.07219808106094933 -6.550060381329543 0.7220887228933873 0.006028709206627417 0.6917741907121855 86.79436633864024
0.679479602335295 -0.09273882274517842 -0.7278097146686817 -48.38262821135332 0.06054576918673729 0.9956834706156302 -0.07034654345737235 -6.6463460696689305 0.7311919582735138 0.0037332423778827784 0.6821615520223141 87.64782150953651
0.6708347942916659 -0.0928798110330469 -0.735767639591552 -49.286091378650546 0.06095557130523699 0.9956749296882952 -0.07011314225636378 -6.742591751829568 0.7390974882209456 0.0021851985434813426 0.6735949285830581 88.47571228035855
0.6629244340860261 -0.09376063216284111 -0.7427921233751383 -50.225990003241215 0.06048909180721493 0.995591396387657 -0.07168571134622109 -6.841171484248146 0.7462387449496714 0.0025913886817329826 0.6656733585180045 89.31576015824255
0.6521628264256043 -0.0953690828323481 -0.7520561055322164 -51.15213500962438 0.06060419959991937 0.9954389104879644 -0.07367839898768094 -6.9397081121218696 0.7556525516528219 0.002472554600306924 0.6549680203294879 90.12827222447525
0.6424436420390696 -0.09630812519550963 -0.760257135333107 -52.07943031197447 0.060833777493578794 0.9953500649628575 -0.0746826599305182 -7.033861370948547 0.763914536004806 0.0017300866341675505 0.6453151078975299 90.9154889565876
0.6336366424270077 -0.09761565038428405 -0.7674475813851274 -53.016453680977975 0.06374004058024885 0.9952220712847636 -0.07396104416849021 -7.133679245154097 0.7710005269781965 -0.002052712283384106 0.6368311972348912 91.69929598882521
0.6220310359432824 -0.09808819240781966 -0.7768243667866589 -53.96999149981064 0.06514882420701212 0.9951656842020544 -0.07349075922250861 -7.231976765122539 0.7802775282088873 -0.004895661020072183 0.62541427188337 92.47172935322271
0.6125494161135179 -0.0975921977544221 -0.7843844566004926 -54.94297010436452 0.06389045833087081 0.9952147715631899 -0.07392947853663584 -7.332135263067111 0.7878459380826047 -0.004829223528623375 0.6158534374726271 93.23560385245072
0.6048268888324024 -0.09739545393180313 -0.7903787447159336 -55.91875430034397 0.06216997824414746 0.9952387469404026 -0.07506484126153595 -7.432893794233237 0.7939265257884001 -0.0037365949627132175 0.6080022282094414 93.98142181002235
0.5957493370221413 -0.09681289459866602 -0.7973142359679194 -56.90198492801013 0.059944790798242054 0.9952995076701125 -0.07606255378165261 -7.53603752099377 0.8009303025194104 -0.0024806190879266277 0.5987524505462224 94.71818662014309
0.5880085716737761 -0.09702267540541959 -0.8030146450067647 -57.90191142492442 0.05834281457679272 0.9952813723778973 -0.07753132131485468 -7.636566025514288 0.8067478141435672 -0.0012610530297504155 0.5908945541463658 95.44885224210684
0.5793517622485711 -0.09566555764437375 -0.8094440293559932 -58.91192939655215 0.05602065591839324 0.9954134450337793 -0.07754843361703886 -7.739509446580526 0.8131501839696946 -0.0004177637781020982 0.582053780834278 96.17415874485302
0.5719630160702065 -0.09364368617222638 -0.8149166634005899 -59.95672468497943 0.05427002386069607 0.9956056092405488 -0.07631667811766503 -7.84123614487127 0.8184821762005768 -0.0005752293745900083 0.57453163216061 96.90467210304212
0.5653792718275173 -0.0920634984805531 -0.8196771262120883 -61.00696694307499 0.05444394028955317 0.9957496740849672 -0.07428622971607599 -7.9473026930996244 0.8230322814771813 -0.002626558052516749 0.5679885252707689 97.63159954992508
0.5590039725950664 -0.09076765437227483 -0.8241818922681385 -62.081573331741765 0.053274522704792576 0.9958681670100025 -0.07354195514612233 -8.051761858692684 0.8274517411024711 -0.0027976518534272923 0.561529865003275 98.36008240719907
0.5538103616616703 -0.09192903016868156 -0.8275524978685131 -63.14580970915244 0.053107598632814855 0.9957627354210454 -0.07507434791093995 -8.157977672147299 0.8309474509760684 -0.002372374136312645 0.5563458506696457 99.07310340649776
0.5494376671351346 -0.09344732420626523 -0.8302926276511134 -64.21525688343016 0.053276867629626946 0.9956221372941527 -0.07679931708940338 -8.265499392834856 0.8338344112044528 -0.0020389527980502337 0.5520108851850759 99.77985689733491
0.5438939930422451 -0.09464682916434433 -0.8337993176188727 -65.27525116170249 0.052514851749965584 0.9955104532153214 -0.07874724048945786 -8.371985583961635 0.837509113191159 -0.0009566964831083727 0.546422519716746 100.47167758771727
0.5407526291819985 -0.09738205173220207 -0.8355257805915882 -66.34302600499556 0.05318743847991575 0.9952470189171833 -0.08157492092797428 -8.48182149945035 0.839498475532089 -0.0003276230864829588 0.5433619440505675 101.16216142795808
0.5367792130743075 -0.09731479832957703 -0.838091824585708 -67.41639371698393 0.05322861302462646 0.9952532637381108 -0.0814718096896899 -8.591924335606718 0.8420420364606519 -0.0008780915170042841 0.539411195460834 101.85231539909184
0.5343234435465463 -0.09617102945966687 -0.8397913971750536 -68.4901065326678 0.055327899463536515 0.995355238826613 -0.07878306976355312 -8.7012965242566 0.8434674156228642 -0.004368252864014731 0.5371625798111801 102.53903065575041
0.532229549212174 -0.094320067366042 -0.8413295619657443 -69.56016997424297 0.05745186193383452 0.9955074905248413 -0.07526034725716167 -8.810824455784827 0.8446484419601693 -0.008280169140678584 0.5352573664072827 103.21869316223533
0.5290143675678852 -0.09394225832780319 -0.8433970897548929 -70.63634513781282 0.058923757749912195 0.9955213486796584 -0.07392722837807575 -8.919549150103407 0.8465646990510415 -0.010587559837223919 0.5321805275442846 103.8968846607645
0.5270799638588229 -0.09334704865094878 -0.8446733334294031 -71.71829697569424 0.05946402606875004 0.9955637650522076 -0.07291652294760287 -9.025621467891314 0.8477327062832231 -0.011794838838690463 0.530292504637292 104.57223195094556
0.526402597954201 -0.09332201245860586 -0.8450984006952941 -72.79570492463738 0.06176328380611212 0.9955292443501323 -0.07146202080224312 -9.129445374855699 0.8479891518413155 -0.014578258960876979 0.5298130545061306 105.24706956148898
0.5236409569087279 -0.09383487403169494 -0.8467556699917445 -73.84234102584429 0.06443926639099537 0.995430988675231 -0.07046082409426359 -9.229795205350289 0.8494985162992943 -0.01766814083338604 0.5272950858909928 105.90235592128712
0.5219853078611463 -0.09460564683905814 -0.8476916361291222 -74.89549698975095 0.06606812055874481 0.9953285419303974 -0.07039955301381311 -9.333958208850042 0.8503918754450444 -0.019257860859216158 0.5257972926634252 106.55482090999712
0.5189422630922428 -0.09529609556273028 -0.8494807718525479 -75.92161469880675 0.0686773955987103 0.995201935809884 -0.06968875299528575 -9.434799964932099 0.8520459746460163 -0.022175687830565293 0.5229970324569363 107.18858474790187
0.5168942673366942 -0.09532922430411132 -0.8507247823991251 -76.92237177352763 0.0722843012255603 0.9950914401789285 -0.0675870215274999 -9.532034083821806 0.8529919672486928 -0.026558702457061167 0.5212478672695003 107.80572577565353
0.5169481194550026 -0.09551916602109678 -0.8506707534143694 -77.9197508063374 0.07496592176912747 0.9949884116101686 -0.06616775147138496 -9.628119359717216 0.8527278301810266 -0.029566022460047893 0.5215180705887866 108.41836567619868
0.5148653214005424 -0.0979143176357911 -0.8516610166146117 -78.92741523310806 0.0785433240815059 0.9946652749779542 -0.06687254291006642 -9.72353207469412 0.853665418686586 -0.032461933937283305 0.5198091724697707 109.0364409418546
0.5134008096813188 -0.10012441229368041 -0.8522879271005848 -79.90420259999517 0.08115736747477204 0.9943837343607791 -0.06792989432699452 -9.815035454604978 0.854302692447549 -0.034294181744968455 0.5186432480764711 109.62832182486704
0.5143762049661816 -0.10223030871597041 -0.851449401752345 -80.90067122085867 0.08269658411460867 0.9941549656410221 -0.06940590224954593 -9.911867096062373 0.8535680375578528 -0.03471121246997082 0.5198237556985064 110.23106646406062
0.5139361468511011 -0.1034912383385753 -0.8515627989449702 -81.88542964964782 0.08334199240221675 0.9940236506355189 -0.07050598754478016 -10.007764061331478 0.8537703141139731 -0.03473536475098609 0.5194898508857932 110.8283360187772
0.5160983324579396 -0.10439459054090668 -0.8501436823854722 -82.87699116694377 0.08294627068716863 0.9939712148067519 -0.07170174554835639 -10.106145419393249 0.8525036231085621 -0.03351109669030147 0.5216460284382392 111.42441311294029
0.5189170884182068 -0.1050551427904303 -0.848344548117599 -83.85173299455887 0.08193424741528724 0.9939628446583788 -0.07297014827389356 -10.203041514183642 0.8508888496437484 -0.031643015215143726 0.5243919194076437 112.01453827116407
0.5242642205299199 -0.10499120325872095 -0.8450585034838957 -84.8269374220927 0.08108313337649241 0.9940161135136664 -0.07319488750613538 -10.29993650338054 0.847686588636393 -0.030146530703744543 0.5296400986826081 112.61276919420061
0.5302947799316982 -0.10513991748823112 -0.8412687110119809 -85.79420423551828 0.0811802250406373 0.9940182472309514 -0.07305816336494245 -10.394823496322608 0.8439177788384028 -0.02955202061577326 0.5356579698258784 113.21643225743554
0.5359454103470618 -0.10431414249238576 -0.8377834307289671 -86.74762880058118 0.08045118978187045 0.9941318337163131 -0.0723153044280559 -10.489336206602172 0.8404106872182202 -0.028643618275615533 0.5411925904347543 113.81983996503031
0.5425849941979162 -0.1026083657569887 -0.8337104097634428 -87.67884385411996 0.07971689047762665 0.9943217044024801 -0.07049514541246912 -10.580417240758331 0.8362097472786513 -0.028211193360563786 0.5476836560692198 114.41864104568793
0.5508868646576239 -0.10248189717782638 -0.8282639211619244 -88.622874738883 0.08016835508366091 0.9943407655759852 -0.06970994733138267 -10.672474898652933 0.8307205891218016 -0.027998261813860968 0.555985071872015 115.04152541502357
0.5582929091979043 -0.10161835666039885 -0.823397071362888 -89.56281646237231 0.07995876186339167 0.9944408611592463 -0.06851255401844478 -10.762577503112366 0.8257818258720728 -0.02758773724858317 0.5633145593830228 115.67485810409492
0.568061676473967 -0.10222972315252042 -0.8166119123707083 -90.49241740974009 0.0802569623885565 0.9944068002885402 -0.06865810606235374 -10.854037643336051 0.8190633380329926 -0.026536752703875028 0.5730890411150658 116.31362551422126
0.5784275333669675 -0.103670449542351 -0.8091192906702278 -91.4008772590839 0.07980557502911798 0.9943249723550085 -0.07034855752240779 -10.941414908261738 0.8118205829105822 -0.023880687655479023 0.5834184209637401 116.95507735009855
0.5882563430168184 -0.10431343048091476 -0.8019184391955225 -92.30063824631394 0.07851030595478911 0.9943279552053138 -0.07174990840485602 -11.02846649799236 0.8048544009691225 -0.020751523281995147 0.5931094060307187 117.60390066918296
0.5996996241344384 -0.1023705135117898 -0.7936501992542719 -93.20061681082957 0.07662051179049773 0.9945724933144149 -0.07039071469526538 -11.115684789251176 0.7965485911016197 -0.018596599304187684 0.6042884315526353 118.26917374740763
0.6099138944467387 -0.10116476958091822 -0.7859839252532155 -94.05550130747795 0.07751738496454039 0.9946779632011331 -0.06787344510413898 -11.20095826240777 0.7886672913143233 -0.01953046127681171 0.6145099386448061 118.92818573881253
0.6224465342248776 -0.09913358592189693 -0.7763587084419832 -94.91706409584118 0.07795345629791768 0.9948660283987883 -0.06453560404327258 -11.282844646178514 0.778770550728934 -0.020349881579195945 0.6269787170527129 119.60753256882539
0.6335393358663493 -0.09988098019962673 -0.7672364040531363 -95.76068118011518 0.07986142001221981 0.9947776303407211 -0.0635580031729446 -11.36388564860934 0.7695778475915593 -0.021006093593574058 0.6382073961717155 120.2990822802884
