1.0 0.0 0.0 0.0 0.0 1.0 0.0 0.0 0.0 0.0 1.0 0.0
0.9999419189393903 -0.0026496386756595753 0.01044692120668181 0.015353497117757797 0.002634753605260531 0.9999954946242094 0.0014383340093854172 -0.007606577128171921 -0.0104506852047957 -0.0014107254061074635 0.9999443949703299 0.34587806463241577
0.9998163319575966 -0.005470702957617164 0.018367736932100403 0.033010248373065015 0.005439444841427779 0.999983672519972 0.0017513232958859843 -0.015105437519405542 -0.018377018002777027 -0.0016510913418605973 0.9998297650633865 0.6524816622311013
0.9996912191672896 -0.008960907302234708 0.023176894963282388 0.05027516852753607 0.008948050613841485 0.9999597486590937 0.0006583706058305522 -0.020003871869799152 -0.02318186166015143 -0.0004507792844035131 0.9997311629073121 0.9351304844650132
0.9996561728821739 -0.010732198172293789 0.023923961648438928 0.05884900254759649 0.010742835011739456 0.9999422441119591 -0.00031612695227941755 -0.022581551697391924 -0.023919187161688997 0.0005730294320769098 0.9997137310864517 1.260904137220872
0.9996921883595044 -0.01402232331488563 0.020467119529579806 0.06997140288050992 0.014058574802666273 0.999899847393856 -0.0016283906967765993 -0.025870842260376975 -0.020442235873385502 0.0019156279900665659 0.9997892004627278 1.5930934415024631
0.9998174813050681 -0.015356753687533128 0.011365482522544549 0.06875357748384743 0.015394994374312257 0.9998760943660393 -0.0032848232113877815 -0.031194194898403773 -0.01131363005426295 0.0034591952092380748 0.9999300154228293 1.9124053304948145
0.9998771817321277 -0.015153794398225142 -0.003997995341957727 0.052885039584714064 0.015135887727736386 0.9998754462676227 -0.004471784187086542 -0.03432217408863933 0.004065261874880202 0.0044107217616665 0.9999820094278847 2.251327675659589
0.9996260540284968 -0.013747711300855996 -0.023637947064103527 0.026095483581840474 0.013670895665853302 0.9999007404129295 -0.003408215569584633 -0.039028680549552115 0.023682455934940484 0.003083789173034049 0.9997147750859873 2.6348690658357787
0.9989917214434688 -0.013227486304011413 -0.04290191246893384 -0.0057745844119933 0.013059781006270976 0.9999059512643059 -0.004186973404712972 -0.04256645587150805 0.04295326073167338 0.0036224621876177515 0.999070515609492 3.0053386664875985
0.998077586929534 -0.01385242814231789 -0.06040894555842508 -0.04023334456228896 0.013580543625414727 0.9998957298389322 -0.004909000377639523 -0.045455181979418176 0.060470648282923624 0.0040791769306291305 0.9981616407234911 3.3887219451840958
0.9966452703291763 -0.015137191757156583 -0.08043053248729863 -0.08499570167906008 0.014809364779860777 0.9998794254199063 -0.004670903207662676 -0.05030390684394667 0.08049153896715076 0.003464108495039536 0.9967492724386783 3.8055944284180048
0.9948619243936131 -0.0181884009771314 -0.09959384248904238 -0.13191355640805696 0.01786132118795319 0.9998317576297764 -0.004174882078946295 -0.05622376898756627 0.09965302101420645 0.0023745536101377135 0.9950194153371555 4.205501888342998
0.9930571150273086 -0.01932533667315965 -0.11603489844054701 -0.18846046378108394 0.019017175977220954 0.9998120782384922 -0.003762343189952508 -0.06185960352562614 0.11608580150686146 0.0015295655908140352 0.9932380113133071 4.5974943457483235
0.9910361851066404 -0.02073328287484882 -0.1319750385130031 -0.25173700789452597 0.020448316390159624 0.9997847348998287 -0.0035142877069955164 -0.07157235196459195 0.13201949161425022 0.0007841189393906101 0.9912468103310114 5.017860765802836
0.9891262057962025 -0.02211525794770256 -0.14539692009501134 -0.32582155057518103 0.021806976814746963 0.9997553013004499 -0.003713931050487564 -0.07935335307541096 0.14544347620092704 0.0005028792631099393 0.9893664348172709 5.460736588501037
0.9870579664029927 -0.025117652479378107 -0.15838457782976856 -0.4045171424423728 0.02460828018504047 0.9996837671270373 -0.0051767063882482865 -0.08775484483446755 0.15846451813173623 0.0012121372120254409 0.9873639284562993 5.927378319831701
0.985777339669983 -0.029131782802819195 -0.1655124642554157 -0.47684894432625025 0.02828044952223003 0.9995719031526802 -0.007498440007721267 -0.1006439042314902 0.16566005181694074 0.002711025351811252 0.9861791914117587 6.389730748753438
0.9844629081460685 -0.030567494041258452 -0.1729115692850633 -0.5653935923620014 0.029306385945606386 0.9995220190071967 -0.00984221837719092 -0.11192421695401389 0.17312977279310676 0.00462188574228953 0.9848881763656179 6.87776415205699
0.9832561010653997 -0.0320949520805923 -0.17938047209385202 -0.6606858619260485 0.03043605311271232 0.9994647621503284 -0.011993160163525777 -0.12243610869518284 0.17966938077643865 0.006332714325809336 0.9837066688503637 7.3818608734802575
0.9818502196201591 -0.03428423702081544 -0.18653347507551019 -0.7548237554524346 0.03210692365441066 0.9993765986640333 -0.01468194456321928 -0.13607449939268176 0.18692054912527747 0.008426454450606533 0.9823388942621057 7.875343774039635
0.9804048956827398 -0.038664195576462765 -0.19316138460298268 -0.8536230398406107 0.03610985368426069 0.9992078050920047 -0.016728440158006935 -0.15016952236429662 0.19365515481963716 0.009425615292582835 0.9810243823616919 8.392434975895583
0.9789326344512194 -0.04467531431472825 -0.19923607478886815 -0.9512745175551315 0.04182917902482455 0.9989539733740314 -0.0184737343908664 -0.1686809436223114 0.19985298844026425 0.00975066003485604 0.9797773765710148 8.909012706746188
0.9770146540929382 -0.048220671411112734 -0.2076466530823881 -1.0587746412689847 0.04490750875052053 0.998777844841329 -0.020642972458732166 -0.18504770934278267 0.20838829464602387 0.010843592705904612 0.9779860608166919 9.420094949285899
0.9751535282676587 -0.046527149974587595 -0.21658905933213454 -1.1892181819469254 0.042100175797936706 0.9988002828747822 -0.025011399941590177 -0.20020830640617082 0.21749292288467567 0.015271517426162567 0.9759424210733864 9.953198078118776
0.9737269967681522 -0.04502799232648513 -0.2232223458167235 -1.3250707664636039 0.03970221939706649 0.998810951174857 -0.028291652269258685 -0.22157056089318913 0.22423083984996822 0.018685923049810732 0.9743568990569905 10.508952513958864
0.9710447995523476 -0.04920789233625901 -0.2337746363362895 -1.4479801049499001 0.043310435801792266 0.9986021636840081 -0.03029727440342638 -0.24352755894866152 0.2349387226767867 0.019295129370927436 0.9718186531290491 11.027577486905363
0.9686397791037068 -0.05216031435952941 -0.24293266545246073 -1.5774399611312409 0.04543910245884226 0.9984155173108171 -0.03319251061170561 -0.26759031437382497 0.24427907463730286 0.021112943870725955 0.9694751040101312 11.537108722470895
0.9665116992065188 -0.051873672046173436 -0.25132500362155347 -1.7235383552430164 0.04408376904436101 0.9983597153503936 -0.03653080990512689 -0.28910800149762034 0.2528077463286504 0.024228101740068755 0.9672131318806118 12.069547546597812
0.9641764043982097 -0.05288369370039247 -0.2599368695324756 -1.8826050792196463 0.04381430817873971 0.9982157588803098 -0.040566058741587606 -0.31524420239461276 0.26161836250645437 0.027723882549357762 0.9647731436642664 12.637375100640266
0.961854859267578 -0.05567918157864543 -0.26783401285512637 -2.04677830553047 0.04481288994445602 0.9979117062133173 -0.04651915194037866 -0.34424595992057083 0.26986484505799163 0.0327422562014012 0.9623413687775602 13.207312415223976
0.9597618842786141 -0.05906610103420029 -0.2745329145923711 -2.2145572163000296 0.045485660078398577 0.997417699448106 -0.05557866096696114 -0.3786790259280191 0.2771068028995262 0.04085496954185225 0.9599701512289524 13.7808829106958
0.9589032543858701 -0.06211343675753554 -0.2768509882632806 -2.381974663849843 0.04591223562045928 0.9968526385355198 -0.06462881451105264 -0.4160049052237655 0.27999395591426424 0.04926193275684837 0.9587370059784597 14.334492145147038
0.9581317537080424 -0.06519693065415086 -0.27880621006288425 -2.5663755602661724 0.0462865046020497 0.9961919030706654 -0.07388674947628025 -0.46204075045184606 0.28256167827233 0.05788827592633945 0.9575008331496117 14.939636448199133
0.9575177864555965 -0.06642308302147971 -0.28062013944671976 -2.765782707527876 0.044681317211669874 0.9955320066424233 -0.08318415499805414 -0.5155800789505655 0.284891678561177 0.06711183049531412 0.9562074741886111 15.583780365677733
0.9569233530948182 -0.0696212283524759 -0.2818697941682687 -2.9603038134237067 0.046006530977598326 0.9949187748231322 -0.08955462362069769 -0.5762704264168695 0.286672453174659 0.07272905930321072 0.9552640412596367 16.227325442675756
0.9560265452363566 -0.07200456964459126 -0.28430368754860386 -3.1482667714899666 0.046329635544301716 0.994299630403958 -0.09603025486212667 -0.6353755101470805 0.28959766862626696 0.07863578656597793 0.9539127860540402 16.840220399525297
0.9557474205833246 -0.07374892106053552 -0.28479460088058 -3.33862579291519 0.04668687566834116 0.9938230722556743 -0.10067788581720377 -0.6976416385337699 0.29046033066264115 0.08292645955724848 0.9532869445327832 17.449453163352718
0.955769032752804 -0.0738211870865091 -0.2847033339599452 -3.550186739433537 0.045433805098405236 0.9934271802195047 -0.10506287144088494 -0.7679803810806954 0.29058789614340375 0.08748068322928448 0.9528409125749628 18.121231669665303
0.9553802706469456 -0.07217558760449265 -0.2864248994283059 -3.760460811758804 0.0429587879265331 0.9933287829890658 -0.10701622038431712 -0.8388155611547302 0.29223805535633457 0.0899367190829629 0.9521072972948691 18.785803756462506
0.9544250092651405 -0.07241960733713584 -0.2895311764946423 -3.978135314102619 0.04252980167460123 0.9932154251966133 -0.10823278209964779 -0.9143995748403494 0.2954050061504641 0.09098637054331718 0.951029632932959 19.468472420688705
0.9531434530501264 -0.0706695243788468 -0.2941485614986912 -4.202313797715812 0.04046360027960808 0.993376586167209 -0.10754373578778914 -0.9914716552354104 0.2998003585056126 0.09060229786737903 0.9496899329049756 20.169111336755464
0.9516718129943011 -0.069320828870374 -0.29919121483904665 -4.439451169384322 0.0388759570614647 0.9935479226547407 -0.10654194174598486 -1.0735935270517207 0.30464638569117375 0.08976161804008437 0.9482264664161884 20.89037900968118
0.9499893196043898 -0.06982811529318644 -0.30437530608147223 -4.682947517919706 0.03930533631407149 0.9936650301697642 -0.1052848438995823 -1.1578389010391654 0.30979893991882246 0.08805590344958787 0.9467157834814263 21.637507099293504
0.9466043981324108 -0.06955476584238887 -0.31480509523352224 -4.959834625384138 0.03865677241821159 0.9938928426032014 -0.10335700928497683 -1.2498441751672114 0.32007150354660313 0.08566885064443579 0.9435120988342854 22.44867600002699
0.9428473941754606 -0.06791024409587033 -0.3262314976261231 -5.232674563136637 0.03758506583557511 0.9944386232354057 -0.09838286153495696 -1.33504967733631 0.33109840549703545 0.08049859231384321 0.940156275580188 23.21941648784397
0.9401137313712824 -0.06707392493172946 -0.33419644025844597 -5.470841127953895 0.03735867851061612 0.9948170137381305 -0.09456975371168529 -1.4034122141254786 0.3388074692610905 0.07642118666574803 0.9377469280149597 23.87615878294914
0.9365327306883214 -0.06525101785427564 -0.344454277108671 -5.755770887674495 0.03553690609537658 0.9951347952255156 -0.09189051984094752 -1.4807380743337712 0.3487743864658706 0.0738176401712503 0.9342951264696308 24.633884291365725
0.9325018158821475 -0.06495203564999473 -0.35527678849232425 -6.0530802480693575 0.03481055838439789 0.9952796955075577 -0.09059002558422301 -1.5623758106406447 0.3594837804428237 0.07210797996966471 0.9303611400006078 25.39911895882827
0.9285763716770274 -0.06541689696440195 -0.36533074269034044 -6.369390886512283 0.03462298274274155 0.9953197232520329 -0.09022138089994229 -1.6450017093279345 0.36952289648832687 0.07112860252419888 0.9264953053706381 26.181240548722755
0.9248755658854579 -0.06583347486594725 -0.37452789110442614 -6.70085844193694 0.03430636919111238 0.9953291303316273 -0.09023854689770901 -1.7232069102875016 0.37871923724703677 0.07061073502210287 0.9228141001516293 26.98013615807498
0.9213436820290936 -0.0661002367801388 -0.38308821214268973 -7.027528972737367 0.03470962940906246 0.9954899426355073 -0.08828938632610527 -1.802637974609105 0.3871964116715939 0.06804801840732987 0.9194826838932192 27.75638956048526
0.9180573362817875 -0.06687363005461344 -0.3907667397598057 -7.360054362209184 0.03573693467139907 0.9956171985545049 -0.08642491216525354 -1.8826387192065697 0.3948336343315766 0.06537821920026833 0.9164235318097854 28.532365060918096
0.915020299035156 -0.06638018434033426 -0.39790893867888527 -7.716962216012338 0.036076641743219076 0.9958817430882975 -0.08317469389150542 -1.958999942680491 0.4017913989549117 0.06175131504962018 0.9136467844936015 29.343709886178317
0.9114697446821776 -0.06507716956099083 -0.406186984689239 -8.081079579878121 0.036103598218099664 0.9962523308136597 -0.07859913195485371 -2.0367966971850184 0.40977973928039935 0.056975919038489614 0.9104033775887519 30.153556643350566
0.9077322768605434 -0.0657663681172745 -0.4143632444730555 -8.443646227597654 0.037926670037065055 0.9964567845764168 -0.07506959551994585 -2.113795037889268 0.4178321208876522 0.052427676815703206 0.9070102851998068 30.950371355969416
0.9035689312249332 -0.06741281903500804 -0.42310601313947926 -8.846153767771925 0.03987710274001165 0.996489595529642 -0.07360912089023415 -2.1913106004807026 0.4265829382454185 0.049638672735316046 0.9030852667201373 31.804157769264478
0.9006343685898744 -0.06917380213851337 -0.4290369671863025 -9.243869423456267 0.04185246895540904 0.9964677218517981 -0.07280419046884998 -2.267091246874762 0.4325576319486863 0.04761369976372207 0.9003481718967143 32.639338618939256
0.8981238950983573 -0.06937587543150588 -0.43423548560829006 -9.65209195125116 0.04260895644900106 0.9965595457891817 -0.07108831498064451 -2.3402241915687525 0.43767333238807504 0.04534379345150089 0.8979899746165019 33.473848647017185
0.8953743463545369 -0.07060431241440362 -0.43968148807821683 -10.071506371236254 0.044112152826933565 0.996557318313736 -0.07019707464210007 -2.4166580300574125 0.44312402086002867 0.043457362826391115 0.8954063657094562 34.32833085652228
0.8933478442675828 -0.07193721778999547 -0.44357036176811615 -10.486288522396109 0.04562640964969725 0.9965224608796859 -0.06972241895382775 -2.4908514814823866 0.4470434653195824 0.04204784963502681 0.8935234291590398 35.1638804886698
0.891957392517988 -0.07455387738723354 -0.4459301843327509 -10.920752146849392 0.04823681960977377 0.996373243814833 -0.07009684902933605 -2.5655086029463954 0.4495388961663339 0.041013148823721576 0.8923187224625052 36.03324554791761
0.8902845317061067 -0.0747222248708713 -0.4492327255612457 -11.37440182372142 0.048169204222845055 0.9963645235380524 -0.07026709044302228 -2.640922125334098 0.45285006389463656 0.040918520808271776 0.8906472333564432 36.92069762645309
0.8901659986774223 -0.07497919746565758 -0.4494247598275308 -11.826510456634939 0.048921975031246276 0.9963932646885358 -0.06933327081830015 -2.7188763344968554 0.4530023566800397 0.03973137338083801 0.8906235359632053 37.804907311273666
0.8891155502359186 -0.074581508889056 -0.45156520776130615 -12.29943839008467 0.04961486164506597 0.9965254431417938 -0.06689848036385174 -2.7982130948614254 0.4549856083796727 0.03707613387185015 0.8897266189479193 38.729774005784094
0.888468524413534 -0.0757994057621247 -0.45263465533755426 -12.769037455333827 0.0515852857706509 0.9965102389614038 -0.06562241946961724 -2.8783848971128205 0.45602920895310867 0.034954166149328975 0.8892781155805012 39.64671145715856
0.887273835616902 -0.0775193136643315 -0.45468219300812956 -13.262420880276553 0.05386697645315316 0.9964453888620681 -0.06476832453690207 -2.9620447694501504 0.4580867706859329 0.03297488475390045 0.8882956532022437 40.60904934372437
0.8858851453177035 -0.08022001739738645 -0.456916029609593 -13.759097619974733 0.05676430811888518 0.9962786775264904 -0.06485838442215278 -3.0425082794226523 0.4604186384468115 0.031520557019673684 0.887142114802332 41.57502641020188
0.8853254360083277 -0.08030622150667319 -0.4579844791518439 -14.255553283759477 0.05801054434261721 0.9963533633731448 -0.06256797935122609 -3.123130301938023 0.4613389741846421 0.028825094663215787 0.8867555834703941 42.52988876528325
0.8832432187930007 -0.08058275135117392 -0.46193921314481906 -14.750856165708315 0.06001701380264155 0.996448018707345 -0.05907033154147989 -3.19960031065289 0.46505846354022334 0.024449257634572428 0.8849422915030818 43.47974960730467
0.8812948192073626 -0.08102001976174847 -0.4655697563588811 -15.259890301837189 0.06270122976757983 0.9965305700598877 -0.05473005318605453 -3.274507810438229 0.46838872469765447 0.019041516061518902 0.883317283450394 44.44445152276775
0.8776771249551326 -0.08145132722662674 -0.4722801558646242 -15.786263653528776 0.06359821874377883 0.9965310638639067 -0.05367592874733558 -3.3512183148844814 0.4750138218021778 0.017073958161233718 0.8798126783864832 45.42191196673592
0.8720824517769802 -0.08518715139965231 -0.48188727575965745 -16.32086981111662 0.06628929557385653 0.9962196096389477 -0.05614462274470136 -3.431103186986811 0.4848483542252911 0.017018772201180313 0.8744326359404659 46.39706421595766
0.8665873312446658 -0.08864600173701946 -0.4910888755635666 -16.849935242917553 0.06798137779232034 0.9958924486885017 -0.05980604416509848 -3.5057047921473483 0.4943732695036269 0.018442261826040685 0.8690540566495469 47.33794127608392
0.8598832338877025 -0.08811484196233903 -0.5028285977396062 -17.39879416405554 0.06712887820642995 0.9959546670978253 -0.05973286195057311 -3.581461388100966 0.5060578403597488 0.017608966807054517 0.8623197704438968 48.2725026015436
0.8536419096195877 -0.08632764584868421 -0.5136565269742492 -17.95283110502399 0.06732149084474193 0.9961841414356137 -0.055542535255696995 -3.6584933052377235 0.5164913426297335 0.012833312682747604 0.8561962386474972 49.19526733114649
0.8482825312268425 -0.08440238529731213 -0.5227743151413479 -18.536897813017546 0.06751977355122867 0.9963977965505395 -0.05130800336030228 -3.7350171534316194 0.5252216935685082 0.008226079585930097 0.850925674909198 50.144085285420964
0.8439893099042872 -0.0854718815366835 -0.5295059982982857 -19.117701364186317 0.06809873635372435 0.9963079515355596 -0.05227836850976608 -3.8104817249010488 0.5320193670105544 0.008063694785648924 0.8466937875950744 51.0679797931405
0.8417786846269453 -0.0887219609215856 -0.5324819806885098 -19.66879531827283 0.06940561877035115 0.9960023587683492 -0.056233098891928915 -3.880027461799636 0.5353424195697877 0.010378582663996671 0.8445713580456373 51.93879505347853
0.8402393152881872 -0.09199274683776383 -0.5343549640204364 -20.250558456567173 0.0688862431088111 0.9956279459661348 -0.06308469482853571 -3.954039139821942 0.5378220696051739 0.016196534829981298 0.8429027783232828 52.84844852330151
0.8373925028802778 -0.09285060205822346 -0.5386581121800075 -20.826634203503538 0.06905085442802472 0.9955414025914048 -0.06425959250647584 -4.030051545622992 0.5422229943691653 0.016615698112448233 0.8400703202432355 53.739044134503004
0.8344830642160159 -0.09319610113246304 -0.5430952975955109 -21.415992193034207 0.07135656913779365 0.995571582274604 -0.06120020104644142 -4.111979240076113 0.5463938648791108 0.012317114148585974 0.8374377786567303 54.64844517126047
0.8315781401137978 -0.09162908022750922 -0.5477973243285674 -22.009868483772966 0.07283304727109237 0.9957708791460875 -0.05599735234665007 -4.189893264116638 0.5506116091312312 0.006668425697923808 0.8347349207914017 55.550372301103124
0.8290147330307481 -0.09029540104001259 -0.5518888592542712 -22.609214071720725 0.07310654753108929 0.9959081708997849 -0.05312577381205557 -4.2649015156388765 0.5544276374118107 0.0036953600729021235 0.8322237314495962 56.44604855473809
0.826435414003605 -0.08955200779189834 -0.5558641420177507 -23.21621530779611 0.07206885273723751 0.9959741392451723 -0.05330660765774485 -4.3356973876315585 0.5584000241277115 0.003993977375767947 0.8295622105658462 57.335350905337414
0.8230551058998608 -0.09099939484331969 -0.5606241189873287 -23.831692220959475 0.07278608926923198 0.995841725453631 -0.054785427391106395 -4.4091963784967465 0.5632783307220866 0.004285788572059957 0.8262561068792503 58.23132727482672
0.8201132636583535 -0.09409608258140736 -0.5644113411462222 -24.439332152457546 0.07487987681965041 0.9955523863751844 -0.0571703597168115 -4.48390074533781 0.5672805644644616 0.004623118591233537 0.8235116198059219 59.114923338799876
0.8168991214343364 -0.09512565093920003 -0.5688821810649396 -25.058365265769933 0.07598370201120613 0.995458693387994 -0.057345154868916115 -4.559260536766295 0.5717537078397319 0.0036194325054101466 0.8204173311674109 60.001834599254444
0.8133775905899175 -0.09574282347492492 -0.5738032823879539 -25.682139985074123 0.07706748922170044 0.9954040647728377 -0.056844964058177294 -4.634918705839783 0.5766086170282262 0.002014841622000739 0.81701801888455 60.88176846685535
0.8100251616762228 -0.09532938481509964 -0.5785944571478229 -26.32820481138322 0.07737394503247255 0.9954457256843969 -0.05568734009428365 -4.7151469456458885 0.5812680191456615 0.0003400109397419769 0.8137120954680714 61.78241954212567
0.8044379462632876 -0.09606972848592363 -0.5862168522657335 -26.97911987588851 0.07774000270434042 0.995374592510323 -0.056443888636747236 -4.7924469701387515 0.5889279095027108 -0.00016689382640939013 0.808185553913962 62.67364515245953
0.7995159874973736 -0.09785657359238534 -0.5926198416699003 -27.61820030423676 0.0790609680363854 0.995200249169579 -0.05766998687322218 -4.867930533670169 0.5954188014072527 -0.0007450218560869741 0.8034151454093859 63.535173179315976
0.7947883289013697 -0.09867289072826597 -0.598811466888783 -28.28170114426274 0.0795514616112948 0.9951191644445172 -0.05839018334234526 -4.947235793659583 0.6016502947707041 -0.0012284911776989614 0.7987586704454303 64.41907413731006
0.7885803965098286 -0.09910161413278695 -0.6068935889566458 -28.972921399459693 0.07956889302818329 0.9950758918726104 -0.059099582707484465 -5.0302115443091 0.6097620433436894 -0.0016850786941480789 0.7925827471041262 65.32147091129025
0.7825703210300035 -0.10019329858882256 -0.6144469021493141 -29.651818329737033 0.08074474898650655 0.9949630799829148 -0.05940332467142212 -5.108320682557041 0.6173037972944145 -0.0031260820212185812 0.7867186596599152 66.19070532036937
0.776434506657083 -0.10006728012981712 -0.6222025364136607 -30.342881016354916 0.08085762427845851 0.9949709061870163 -0.05911802125774468 -5.1872561661823875 0.6249892010812792 -0.004408547244639738 0.7806209472227709 67.05203265080713
0.769949569749034 -0.10016020664302527 -0.6301948849748814 -31.066988778274506 0.08184866064322832 0.9949479386977467 -0.05813257290035005 -5.267000683361956 0.6328336722980116 -0.0068214577863785035 0.7742577160864988 67.93914322318852
0.7642606607949428 -0.10079166556966512 -0.6369824821083939 -31.785419316673373 0.08326553575943352 0.9948661155338052 -0.05751749922738217 -5.347766166738747 0.6395095721847891 -0.009080325675337484 0.7687295068941077 68.80101292268651
0.7592727363758901 -0.10175059650736423 -0.642768798174479 -32.53393117658583 0.08426942526265191 0.9947578180284656 -0.05792708724896152 -5.431166565976998 0.6452934028503396 -0.010183299153124895 0.7638669548135902 69.68661019824825
0.75439801166229 -0.10417527737963608 -0.6480981033631094 -33.258963750774434 0.0868299013705787 0.9944874104187245 -0.05878229960315884 -5.509508878927601 0.6506490668770372 -0.01192904445191785 0.7592848541031918 70.53456191678907
0.7503951479252335 -0.10283193503081978 -0.6529415862909055 -34.00610187145608 0.08572326968260899 0.9946220101079041 -0.05812553693373462 -5.588842459103139 0.6554072344773053 -0.01235516680298238 0.7551746201032453 71.38871512965375
0.746090641652378 -0.1025933575518477 -0.6578931200620523 -34.782885670107326 0.08648206198558345 0.9946198912656481 -0.05702740440728904 -5.673553232730566 0.6602042164311471 -0.014348340843091362 0.7509490779817137 72.26899912851874
0.7439832613813526 -0.10051676999416259 -0.6605946455537667 -35.56016625249192 0.08471531337479807 0.994832233119007 -0.055965557508697236 -5.757611342042418 0.6628063234944094 -0.014325044411454779 0.7486538389926509 73.13110509073597
0.7392125469285035 -0.1004819017152859 -0.6659340792384445 -36.36830667292346 0.08474329521852297 0.9948256826396338 -0.05603958490293319 -5.842679087942437 0.6681192890337635 -0.015008283988065422 0.7439027940751077 74.02683342499812
0.7360095155677494 -0.10174948603212028 -0.6692809836577804 -37.12592816791163 0.08425396886338388 0.994721402981537 -0.05857131705204077 -5.921241938333092 0.6717077204591999 -0.013280532468319981 0.7406972159613286 74.8560940456706
0.7321845476653003 -0.10400325578478596 -0.6731189426441095 -37.90790367408445 0.08554308374704649 0.9944893049086965 -0.060608607022959754 -6.002181767827854 0.6757130818499857 -0.01320398456459872 0.7370464610921162 75.71000297173654
0.7277557034869595 -0.10409452491578873 -0.677890821537478 -38.67494398412765 0.08503994433276742 0.9944830504676934 -0.06141392513388999 -6.081326687131886 0.6805437854466679 -0.012953463437531523 0.7325929046031582 76.52850691617927
0.7235956277542948 -0.10393724210874614 -0.6823535866379659 -39.46014260561519 0.08620973399415713 0.9944651255675792 -0.060058269992698574 -6.163681414544324 0.6848191361662762 -0.015367619616814446 0.7285510188091073 77.3629708065129
0.7197939202145266 -0.10358927286133898 -0.6864153079370121 -40.25441806398137 0.08689561813418906 0.9944712742271478 -0.05895791962163037 -6.246186009993611 0.6887277139561623 -0.017208930387810118 0.7248158309140512 78.1937178554303
0.7151486662774524 -0.1029723163682597 -0.6913458520764669 -41.067537252789016 0.08608655411948095 0.994534383358219 -0.05908016179836483 -6.328905520227648 0.6936508417939206 -0.017264483196502735 0.7201044697115433 79.0273355154478
0.7123391334001319 -0.10281872114069174 -0.6942631126667628 -41.90797674701633 0.08614023823573122 0.9945400647946969 -0.058906017305976915 -6.413613614700863 0.696529122423062 -0.017842928603602478 0.7173066370217176 79.88351300104996
0.7079560526126676 -0.10268241827926142 -0.6987521367018584 -42.724300827728676 0.08690833860042207 0.9945210679826855 -0.05809290851982875 -6.495681478120896 0.7008888415796076 -0.019600161093766753 0.7130011679052807 80.71262501966788
0.7035092346537934 -0.1023535826983267 -0.7032769730807705 -43.53664731193862 0.0873661991340976 0.9945242939414589 -0.05734610718352115 -6.574577086466131 0.7052956146224753 -0.021099120101546614 0.7085992683634703 81.52857663723161
0.7000355035901579 -0.10455874802756229 -0.7064118925415845 -44.36257256804416 0.09050734217673478 0.9942361792423584 -0.05747034798625062 -6.658949892179567 0.708349288646059 -0.023704178881919426 0.7054639588087803 82.35454356680137
0.6963186982935201 -0.10833979858079786 -0.70950881492078 -45.23939772252739 0.0936041473301029 0.9938067146283395 -0.05988720699974795 -6.747445885899174 0.7116027923001862 -0.024712385621352324 0.7021472523534359 83.2252193628479
0.6936374596728943 -0.11185968746496815 -0.7115858942241434 -46.105538285464014 0.0974459069505678 0.9933594693391883 -0.0611658392630043 -6.83386186560009 0.7137025779392389 -0.02691421547075157 0.6999316075506797 84.07935956416419
0.6891131803395416 -0.1149190957874897 -0.7154834911482643 -46.949169190342 0.10236417349444817 0.9928821003104538 -0.06088276330703829 -6.916043054496222 0.7173873435370332 -0.031284761569941685 0.6959717401061563 84.9069250250034
0.680056553177833 -0.11726528183342581 -0.7237208979685555 -47.78737599171962 0.10546513417060464 0.9925061184410765 -0.06171474970705327 -7.0004914716460265 0.7255344167951384 -0.03435780164031286 0.6873276885970645 85.71351260716486
0.6719628257922687 -0.11791680477626543 -0.7311371881559751 -48.6627384667465 0.10819642343915303 0.9922811501724651 -0.06059416611676083 -7.086793831033706 0.7326387204538435 -0.038389401711490814 0.6795342221904568 86.53391976638346
0.6622460027743028 -0.11666596717146625 -0.7401481499763441 -49.562378070934564 0.10864384380284416 0.9923161128061299 -0.059205130428669255 -7.1729275237246 0.7413681588881477 -0.04120417902687654 0.669832418308878 87.34916667573751
0.6528890606121005 -0.11636527358339815 -0.7484617542913665 -50.4517372455123 0.10932352867766068 0.992259304678481 -0.058905333853923166 -7.259925828791847 0.7495226751810207 -0.04336583197447436 0.6605567076388279 88.13234659520539
0.6435109736163198 -0.11728010397307748 -0.7563987070635699 -51.363736493174784 0.10942354190598913 0.9921377343609531 -0.060738822295654325 -7.346672454213154 0.7575751548936412 -0.043681726948221415 0.6512847237719434 88.91673135672016
0.631732092217094 -0.11967970139712689 -0.7658925072988426 -52.26835851936615 0.11128522657965575 0.9917777997058288 -0.06318539669717818 -7.434238676013927 0.7671571951094037 -0.04531627835733691 0.639856447109594 89.67839817988934
0.6222226850971184 -0.1199868793394366 -0.7735903818797878 -53.19149506537506 0.11112617404862411 0.99171512588074 -0.06443665525664198 -7.522106554153729 0.774912836125359 -0.04587219076664976 0.6304013313139663 90.42737446370076
0.6122912385887744 -0.11986920267606667 -0.7814926828814388 -54.14273462079581 0.1130377173624955 0.991557814545857 -0.06352617465675825 -7.614457811438163 0.7825100086266639 -0.04944162884501707 0.6206719034532258 91.18711063765817
0.6014511047375356 -0.11957900699741787 -0.7899097604761631 -55.097817332190786 0.11443539813114896 0.9914340249880158 -0.06295326640157584 -7.706157443135662 0.7906713022897462 -0.05253032630370606 0.6099831608773006 91.92992957255562
0.5919793997544701 -0.11909922381582172 -0.7971046136817967 -56.05376555566316 0.11402203856256404 0.9914495124782723 -0.06345737883519731 -7.796650487547618 0.7978467051936573 -0.053322031966771426 0.6004976235744486 92.65051430621904
0.5831404500338744 -0.11969246562377896 -0.803505400857512 -57.04043634802101 0.11339724111245482 0.9913960077943685 -0.06538364808935349 -7.887189613816196 0.8044179767026434 -0.052987445704516876 0.5916959095306784 93.37329236217546
0.574182632969078 -0.11902482455239471 -0.8100292557290564 -58.04630721595439 0.11160165802361566 0.9915198020160323 -0.06658492424316818 -7.984397512207343 0.8110853061935454 -0.052168700869009155 0.5825968183285615 94.09431135993938
0.5659811808393412 -0.11874202022227205 -0.815822061217542 -59.06743232463335 0.10979593244489343 0.9916145887585042 -0.06815688211662368 -8.08160767894775 0.817074143608927 -0.05099843129780048 0.5742725867137506 94.80995740354183
0.5574655251895839 -0.11702275693949983 -0.821911103820468 -60.10302834661444 0.10771208568787173 0.991842812266933 -0.06816114986698792 -8.181021908765164 0.8231830263203134 -0.05053226803439712 0.5655229394687982 95.51598844604686
0.5489286635893365 -0.11456958141743952 -0.8279801527233956 -61.142951846708094 0.10657476857305252 0.9920704296538885 -0.06661892606421439 -8.27647627989359 0.8290471283308478 -0.05167275510539056 0.5567861217614829 96.20764581473328
0.5408357680072158 -0.11233729568944893 -0.8335928286886989 -62.1861790269433 0.10675260252888637 0.9921945949752317 -0.06444972889970672 -8.373622202293875 0.8343264072875525 -0.05413148528460498 0.5486066244619436 96.89445387548145
0.5328857099613777 -0.11150501563425425 -0.8388083521325734 -63.22678781369285 0.10637473454642299 0.9922434112791761 -0.0643228468216529 -8.468358769214795 0.8394743807699773 -0.05495128989813155 0.5406136511126916 97.56185235011633
0.5272421387705793 -0.11244150587789038 -0.8422426223247893 -64.26317994220949 0.10690512300685089 0.992107643105343 -0.06552647683838443 -8.565125578390422 0.8429632386880909 -0.0554917313468736 0.5351015286584511 98.22041883361949
0.5218089854502983 -0.11412550338361127 -0.8453938444185454 -65.31619896717567 0.10792832410492012 0.9918792549067617 -0.06728313712596075 -8.664341908577113 0.8462073383983584 -0.05613299531509831 0.5298888820099187 98.87857089890208
0.5158567746763908 -0.11530670076317878 -0.8488793511327639 -66.40011988651268 0.10832127576601286 0.991726502870379 -0.06888428500689954 -8.765817818712367 0.8497989698963484 -0.056417269196577705 0.5240790040628475 99.54905479849049
0.512689773183934 -0.1168119170020734 -0.8505904846157798 -67.46935194800135 0.10819223554575665 0.9915939750709619 -0.070963573547139 -8.868322645487076 0.8517297908610558 -0.05564498763832563 0.5210182326085266 100.19812851725264
0.5081431662212648 -0.11668193685148012 -0.8533322027412394 -68.55813477405542 0.10927714462206642 0.9915078463109196 -0.07050316565325421 -8.973624455331041 0.8543120204503015 -0.05742400470595399 0.5165786052457598 100.85564398640747
0.5050090025042251 -0.11498090103915072 -0.855421124234089 -69.61735355773668 0.11147411196312336 0.9914751118772589 -0.06745831965006223 -9.073647626146025 0.8558851732281152 -0.06129025146140259 0.5135212510929587 101.49117987718313
0.5027012959572305 -0.11292293143738216 -0.857052984708944 -70.69611114698297 0.11406155907499116 0.9914277760811583 -0.06372539176930385 -9.172095330506602 0.8569021926592927 -0.06572196261796544 0.5112721934990592 102.13470109445919
0.4998354461689714 -0.11207072876053034 -0.8588391458871381 -71.77669971224618 0.11523183816201665 0.9913828677330394 -0.0623027530629065 -9.267553433120721 0.8584207303105325 -0.06782448909131819 0.5084424140968509 102.76896251017283
0.49696193675378175 -0.11150652368746945 -0.860578368652772 -72.84232689837607 0.11622497746874576 0.9913275281595889 -0.06133095894725077 -9.360299220708681 0.8599538290107905 -0.06954154936536597 0.5056118915547226 103.3899742795349
0.49561004790805385 -0.1108437148490537 -0.8614431793746112 -73.97016668153263 0.11826542103199386 0.9911978743265053 -0.05949843795212627 -9.454506027732588 0.8604556761395105 -0.07239091661997012 0.504356604586694 104.04671275118646
0.493565334055866 -0.10995700733720436 -0.8627298056493513 -75.01414723686224 0.11981759864930679 0.9911135555518203 -0.05777251124317277 -9.542592427542365 0.8614156976003138 -0.07485570478510557 0.5023540777070393 104.65529923755685
0.4918544747331275 -0.11105771503436684 -0.8635654923723763 -76.03508400957452 0.12212344259169214 0.9908265596832992 -0.05786703202784255 -9.62522674828137 0.8620702062213688 -0.07699943218948468 0.5009052275510248 105.24845007513763
0.4889589507655042 -0.11094349019884633 -0.8652229114215572 -77.07757458173708 0.12424525453399732 0.9906239719578047 -0.05680900376106471 -9.71121901224369 0.8634131462932907 -0.0797225699851738 0.4981586601102902 105.85024970644442
0.48780061925573825 -0.1107770913502379 -0.8658977952886239 -78.09099133820128 0.12772756227218063 0.9902976937570392 -0.054737076789829975 -9.79210055233818 0.8635602038594209 -0.08389823461474363 0.49721711609598174 106.43894267540648
0.48695390116166654 -0.11044363412810981 -0.8664168176022496 -79.10849475175242 0.12970365585519705 0.9901184403781351 -0.05331449784969998 -9.873820741858882 0.8637435150559628 -0.08641572602105053 0.49646698026658753 107.0241220348767
0.48482230356609773 -0.11201267055068825 -0.8674102233666408 -80.11210574905054 0.13303620432746682 0.9896692712867522 -0.05344250938054251 -9.953625830005274 0.864435481862587 -0.08948684320531064 0.4947154764004711 107.59811284782515
0.48528404452625257 -0.11293628615429122 -0.8670321743729688 -81.11517874258475 0.13527489165611387 0.9893810488391911 -0.05315866707592281 -10.03089710400036 0.8638287444949193 -0.09149063049043982 0.4954082808318741 108.17153233755097
0.48734558061756544 -0.11404719454267478 -0.8657294741831731 -82.12833650550577 0.13643179357977006 0.9892031609370076 -0.05351142020952032 -10.11131564634991 0.8624851597292182 -0.09203447076600232 0.497643452119775 108.75125522890413
0.48860244294384625 -0.11478340269024105 -0.8649233626259354 -83.13000266997979 0.13709994069066514 0.9890944092919933 -0.05381315610460985 -10.189131366516209 0.8616677196065323 -0.09228770218275548 0.49901074238327325 109.32453339815865
0.49157938385250577 -0.11506781579870634 -0.8631970268359974 -84.13080630515218 0.13678805213114303 0.9891297987704727 -0.05395618572927434 -10.267434968295731 0.8600225218942574 -0.09155129137046204 0.5019757194158322 109.89790616756135
0.4936854480150483 -0.11491236029633274 -0.862014981232523 -85.10602970886059 0.13550288851612777 0.9892892422654906 -0.05427487762821169 -10.34355405502955 0.8590190018980762 -0.09001080262333692 0.5039686595306655 110.46103144162231
0.49827259500022286 -0.11498114971531596 -0.8593624126536418 -86.04812242099217 0.13463821390683142 0.9894050815654217 -0.05431515376485133 -10.419645496665822 0.8565027568126807 -0.08863926772410316 0.508474294128634 111.01110138468138
0.5053990654190492 -0.115169466280616 -0.8551653516777851 -87.00395081973652 0.13532616002832873 0.9893682610200165 -0.05326607267497614 -10.495179725983899 0.8522080820348625 -0.08880561988335385 0.5156112360990541 111.5806581685617
0.5111551892766617 -0.1141012844220902 -0.851881018316977 -87.93828215883131 0.13501120676424336 0.9895035604534874 -0.05152356643260147 -10.56657398809853 0.8488182058153578 -0.0886769459504625 0.5211948318367094 112.1425140113816
0.5189886654014628 -0.11195086400508301 -0.8474182964943132 -88.90315941771885 0.1336377650179744 0.9898221392443505 -0.04891912123840954 -10.638530374266137 0.8442699289598138 -0.08785861773470467 0.5286673342887169 112.73096640693342
0.5290976925737737 -0.11097454058457887 -0.8412730133881333 -89.82708944607955 0.13402527661420793 0.9898962819437376 -0.04628797060198096 -10.70668537017121 0.8379098143246645 -0.08826098988798202 0.538625232162772 113.31419028219831
0.536064713357014 -0.10979997281585446 -0.837005728214031 -90.75336042720943 0.13322188707684735 0.9900840752737633 -0.04455841887882765 -10.771264596599075 0.8335985555992443 -0.0876212865628835 0.5453768955904887 113.91004074915689
0.5445605181984697 -0.11050425507449052 -0.8314100382060864 -91.66214417580944 0.1335444609712082 0.9900601976867798 -0.0441212182552109 -10.836998331345812 0.828021569141362 -0.08700353192167798 0.55390492547894 114.50586364522789
0.5530115502890535 -0.11086486623558325 -0.8257646194173399 -92.56149533724262 0.1313901362516867 0.990310454028942 -0.04496483889389977 -10.89982064323792 0.822748356025499 -0.08363125059185345 0.5622196693302198 115.10364354910686
0.5610752525570428 -0.11047095132195094 -0.8203601220696152 -93.48918271258079 0.12954436042824957 0.990561503379079 -0.04479025233926469 -10.962737198691105 0.8175651776153915 -0.08114232519100244 0.5700904344166031 115.7319767308171
0.5732432883740364 -0.10862394682812218 -0.8121532924944669 -94.40466363309363 0.12794016724408486 0.9908826408141655 -0.0422244684833528 -11.022526437547318 0.809335187632218 -0.07970213490633324 0.5819141893369637 116.37051247377957
0.5837731110733141 -0.10752225136921194 -0.8047657548928635 -95.280865312783 0.1288376302003133 0.9909011471250657 -0.038933040859874646 -11.079208675182533 0.801629477896211 -0.08095605034044923 0.5923143574835268 117.00694834392141
0.5964009738951391 -0.10539948073683317 -0.7957366573165618 -96.11775671208225 0.12841927701921416 0.9911012093104863 -0.03502687815312687 -11.129089888490846 0.7923473781283004 -0.08129786198724781 0.6046290515758488 117.63271365581906
0.6072663616787697 -0.10525566919358141 -0.7874952762245887 -96.98876557237301 0.12903797253936555 0.9910916674843011 -0.03296222513905482 -11.18159360267361 0.7839494675145585 -0.08159994329531826 0.6154386091543502 118.30530246649516
