1.0 0.0 0.0 0.0 0.0 1.0 0.0 0.0 0.0 0.0 1.0 0.0
0.9998295916043346 0.0009177745589644252 0.0184376094483147 0.023133397102355957 -0.0009054268814527406 0.9999993602337423 -0.0006780370702500702 -0.0035018266644328833 -0.01843821993772741 0.0006612276198164961 0.9998297829248551 0.1576000303030014
0.9992392690751143 0.0039313437759085045 0.03879984116394124 0.043606494805467556 -0.003932634600084358 0.9999922662358665 -4.3052972514954554e-05 -0.0038568144375431043 -0.038799710351156785 -0.00010956537705173846 0.9992470017328522 0.35242587984161117
0.9980585917545759 0.004809635570987793 0.06209601300041003 0.07957058384996375 -0.004854570066256487 0.9999880524658051 0.0005727784197560149 -0.007544045868652961 -0.06209251625070939 -0.0008731158689547638 0.9980700161282949 0.5628970373301083
0.996109344700977 0.005090707778193553 0.0879787365998596 0.12294324194007195 -0.005235311999415132 0.9999852974206771 0.001412958155438352 -0.01010286551051594 -0.08797025012843383 -0.0018680569577182258 0.9961213507678388 0.780324396917018
0.9930275151539788 0.0033256584035864798 0.11783587799688658 0.18730944965486096 -0.003647448017653876 0.9999901846911654 0.0025152821487000347 -0.015779377451840222 -0.11782635643213701 -0.0029275446216430042 0.9930298984483878 1.0316079733424701
0.9881497543336939 0.0006686272212259199 0.15349141978592712 0.26567014160385927 -0.0011307114966845964 0.9999950881420584 0.002923214543672569 -0.027572498591919736 -0.1534887113170605 -0.0030621282461891193 0.9881456567069615 1.2815370917329445
0.9819659501235583 0.000877508666372855 0.1890558192081855 0.3436043244983443 -0.0016696046637965252 0.9999904835902522 0.004030527161587939 -0.03557575045895244 -0.18905048325303034 -0.004273488911195367 0.9819580704257803 1.5312480600680645
0.9740754350208745 0.0011947125041141976 0.2262202898745531 0.43597985440605774 -0.0026029822461580976 0.9999790472022276 0.0059270262317181474 -0.04324824095401301 -0.22620846883421605 -0.006362218053305189 0.9740581352307068 1.799387350612227
0.9637201637301464 4.447187796054316e-05 0.26691467558415016 0.5512045491459014 -0.002726880280393683 0.9999494388014136 0.009679047715268561 -0.050328617886144324 -0.2669007496128035 -0.010055737814308614 0.9636715581530533 2.0848128828590764
0.9516112325098305 -0.005927642567872269 0.3072473355697476 0.6989257311977995 0.0014824373513149902 0.9998908619189338 0.014699205097934735 -0.0636301694875489 -0.30730093481898324 -0.013532453753819852 0.9515161628447412 2.39251815365442
0.9363797321552927 -0.011071820470413366 0.3508139278880664 0.8485281242568818 0.00497014149976613 0.9998203964521498 0.018288590206423944 -0.07410845922997818 -0.3509534084494049 -0.015381470337296718 0.9362665835476605 2.6452160621491245
0.9166227384765296 -0.012338385218049239 0.3995629106386114 1.0257337258270514 0.004554928266917228 0.9997810396160949 0.02042364934687388 -0.07869186045484089 -0.3997274170435038 -0.016900800997936387 0.9164782348694144 2.953779031784946
0.8940597928847942 -0.012940933642758291 0.44776067154591925 1.207816826223796 0.0029098066264882077 0.9997293055778299 0.02308351347318072 -0.08321768148765077 -0.44793818744576275 -0.019335144305740185 0.8938554315002404 3.2092196176567027
0.8694724343187158 -0.017064629108467153 0.4936866256982024 1.4033711375685958 0.005172380370470323 0.9996628538625374 0.025444549292732786 -0.09174178753323452 -0.49395438295574384 -0.019569799201769822 0.869267559798485 3.4560360268580017
0.8416739916261676 -0.02139401206336397 0.5395620335678808 1.6340167927859652 0.007906775788101263 0.9995959947149107 0.02730073710626192 -0.09527259183383016 -0.5399281199536758 -0.018712124351370894 0.8415031085418213 3.714821683822767
0.8127843631243471 -0.025804113002032565 0.581992892407397 1.9012629736049689 0.010414880373521736 0.999502499833467 0.029770507107807206 -0.09614248102496885 -0.582471552376041 -0.018135616306844977 0.812648749518398 4.002073382611833
0.7806682719683024 -0.029082640573547914 0.6242685713371245 2.1685629520614174 0.012202263278431446 0.999435513078677 0.03130111768045245 -0.10415032619308455 -0.6248264990482626 -0.016818299986369436 0.7805824689759948 4.253810169739016
0.7472440394573505 -0.031094776562751086 0.6638218589094325 2.4765642591047152 0.012351001844033866 0.9993820028441954 0.032909955098321717 -0.10053478984548872 -0.6644349465891379 -0.016392902782529556 0.7471662964089403 4.544776450985741
0.7123103725962564 -0.03019925599966485 0.7012146162401703 2.807166634220367 0.008910633226607002 0.9993824890373493 0.03398883965382865 -0.09220771947223277 -0.7018080461973085 -0.01796233677948096 0.7121396076262977 4.832514405077388
0.6789860802435858 -0.030061960120432767 0.7335353988657727 3.124367037212324 0.006522601664357128 0.9993688647370768 0.03491887543513507 -0.0899784618733398 -0.7341221686497275 -0.018924871144709636 0.6787536303764254 5.0774187167628355
0.6466958517115367 -0.03067427211783385 0.7621309365254314 3.4794246211590414 0.00546355051121355 0.9993516858214864 0.035585919428401294 -0.0905793303418946 -0.7627284084095081 -0.018849325605822913 0.6464441800567966 5.32916238849271
0.6127075535283646 -0.03311774539917811 0.7896155195973302 3.889564106106364 0.006323172654304585 0.9992950555148191 0.037005533521607986 -0.08897650829916987 -0.790284424328906 -0.01768069465010397 0.6124850379395563 5.603881702079032
0.5807982446892697 -0.03300084023519731 0.8133783520045482 4.341512980062397 0.005306610327105121 0.9993102041385261 0.03675535051463742 -0.08288021189460511 -0.814030244433645 -0.017031161099249178 0.5805727350633267 5.89432843702062
0.5499311770672972 -0.03248603529200029 0.8345779520214898 4.792455961820329 0.005947906584385612 0.9993702665439008 0.034981320089955664 -0.07875732843601109 -0.8351887947623822 -0.014273326836425529 0.5497780909097598 6.157429343442213
0.5193783187668154 -0.03268680964811855 0.8539190444474138 5.312184536685644 0.00887373929531654 0.9994205990722571 0.03285913725236617 -0.07302168134843308 -0.854498343325413 -0.009488868482529805 0.5193674447142853 6.439531665188048
0.4875489518835264 -0.03188986210860758 0.872513069364562 5.8737781696867435 0.011767141653397843 0.9994819766516676 0.029955178613789456 -0.06726204519113788 -0.8730163537383384 -0.004337631054983138 0.4876716426677351 6.722514548595183
0.4639570193006604 -0.030462311935156014 0.8853337968208442 6.4379453792612695 0.014689796390111356 0.9995357233675681 0.02669358713417253 -0.062054525586658985 -0.8857359054050274 0.0006206960913692737 0.46418910005804576 6.9962725063390785
0.44198452737120936 -0.02973289300248602 0.8965297723099616 7.0346564288727675 0.017456801075521562 0.9995463411984824 0.0245432657349563 -0.05827009097839359 -0.8968527959819595 0.0048027981874869796 0.442303058398777 7.272332157831908
0.4252603650439624 -0.02998831072373009 0.9045741114704825 7.65949660145297 0.02051008143968144 0.9995135780393055 0.023493485786546395 -0.052032959587310156 -0.9048386367093381 0.008562040352745211 0.42566857175857425 7.550483635324075
0.413765234107348 -0.0309705663784832 0.9098566673175987 8.26822378349663 0.024236617115825823 0.9994416802565113 0.022998133768253257 -0.04898882581812722 -0.9100609416049412 0.01253601947340454 0.41428484256715215 7.812145531613931
0.4065026703264955 -0.03126014749800215 0.9131146599391731 8.880130768655427 0.0245500804628858 0.999427369387585 0.023285765357353022 -0.044095505345989626 -0.9133196989919217 0.012951312574987101 0.4070373335897957 8.083117089062101
0.40137120312810937 -0.031007547654048295 0.9153904572847459 9.506530356072085 0.02470882705402729 0.9994296100043438 0.0230201761978412 -0.041715481757841844 -0.9155821269362506 0.01337858867920715 0.4019084251416539 8.360474091677464
0.3939276757137854 -0.03170828015962156 0.9185943453320697 10.209367628750993 0.024925870315891642 0.9994057491586883 0.0238086021756117 -0.04163158619082145 -0.9188033996975251 0.013517896207625665 0.3944839403402751 8.666355069172665
0.38722751946006795 -0.031870844336894515 0.9214331757941301 10.892245704634206 0.024478396926171368 0.9994054473045231 0.024280856285779424 -0.04059882804612434 -0.9216591866068105 0.013152991268122588 0.38777743947266086 8.955042499593489
0.37933028809631836 -0.031369708941749605 0.9247294057688846 11.543041196038937 0.02412693905166561 0.9994206231339173 0.024006433858653177 -0.03848165025638253 -0.9249467137866709 0.013204522540500712 0.3798673679584969 9.223812181062438
0.37233845813374966 -0.030842895463887653 0.9275843834358066 12.288591148307134 0.024207955342509233 0.9994303570589008 0.023514597322791726 -0.03275646893742659 -0.9277812498066109 0.013699532419818698 0.3728730015953975 9.527608921650538
0.36622501783766287 -0.03231142843299199 0.929965164886526 13.049726712166446 0.02375212104237343 0.999395915488448 0.025370077867360556 -0.030308592468307482 -0.9302231307894856 0.012797487942058516 0.36677125193583654 9.828411628687578
0.35587563549736384 -0.0338078067390807 0.933921604987721 13.81170689544809 0.021385757950154453 0.9993783421082326 0.02802817657104972 -0.02796002713729641 -0.9342885964284511 0.009998076239632513 0.3563774081718167 10.127780406688661
0.34557242808093225 -0.037043767608599336 0.9376606295625348 14.641535010614312 0.022366498024544636 0.9992618065464467 0.03123430395655022 -0.025500290924541744 -0.9381254909213198 0.010178470361120786 0.3461458681318338 10.43220815276408
0.3340316532374164 -0.0390459222216743 0.9417527651105345 15.44566818557457 0.023928211888974926 0.9991708746804471 0.03293939686920333 -0.020480280398434407 -0.9422580831764061 0.011531658517729535 0.3346889982365057 10.715144627628076
0.3204846122747837 -0.039505003741461896 0.9464295895493064 16.27845229173659 0.02604982792657213 0.9991196624970178 0.032883224854646384 -0.014522629094021187 -0.9468954640086082 0.01411576038448984 0.3212315762011732 10.994088830341706
0.30776729948069814 -0.03870817579632086 0.9506739538332158 17.102241610454556 0.02618711990823556 0.9991382048745375 0.03220376237334071 -0.007052689846861748 -0.9511012165491484 0.014984147843905638 0.30851572276323624 11.258255883877904
0.29632678299826076 -0.03767595505509394 0.9543432087507032 17.88201295590273 0.02679566974729596 0.999156258606342 0.03112495735853 -0.0019275773017101757 -0.9547106523762555 0.016349106962247326 0.2970863122744659 11.49734147115336
0.2789827137079601 -0.0359764235703545 0.9596219789058756 18.73937090792252 0.02501836128455231 0.9992310874441064 0.03018800231721866 0.005516502196533825 -0.9599701698754904 0.015586238556984383 0.27966827155912194 11.752348579109722
0.2572197320531334 -0.033856474408841146 0.9657596743409398 19.590176272141083 0.022268533285020792 0.9993283586968524 0.029102301104713284 0.011673502994587876 -0.9660963315673279 0.014020365361108095 0.2578009066843887 11.989126927445026
0.2307822242441015 -0.0327639289855952 0.9724536441036004 20.413171174510513 0.019528399276505487 0.9993875619980771 0.029036916937528634 0.019141779929274353 -0.9728094400213448 0.012289258763913796 0.23128071152690394 12.194244976441674
0.2011751088319632 -0.03242902224518407 0.9790183522808288 21.271402123868402 0.018263955354919904 0.999402288196375 0.02935122284749296 0.02539349039212555 -0.9793850129143499 0.0119760120270087 0.20164714630930858 12.377276866233885
0.1700393413023507 -0.032148709641874135 0.9849127285591477 22.09490635858839 0.018736137886193886 0.9993925060476927 0.029386663519737052 0.03272167514525119 -0.9852591433458369 0.01345657178018173 0.1705383860875686 12.521623436065804
0.14130356687636908 -0.03103499893114518 0.9894797273463259 22.955254945303277 0.019167584019239275 0.9994068851136078 0.02860911935697584 0.04272074475862027 -0.989780736178918 0.014923365198912212 0.14181462357690405 12.649692720522852
0.11043812456199298 -0.02953533879444037 0.993444051975514 23.824880180937758 0.01912933055259009 0.999436355809471 0.027586942543428295 0.05376759597035722 -0.9936988927013252 0.015957269458848417 0.11094086801345227 12.753860188770831
0.0825104268181982 -0.027043599230978807 0.9962232045113751 24.65290416241281 0.01780724892251756 0.9995121647553635 0.02565802782481305 0.06296362431145985 -0.9964310971422411 0.015622939757983643 0.08295174742721312 12.830037601136054
0.05642932194616079 -0.02413849737142448 0.9981147552107154 25.519938802842937 0.020649214058405 0.9995220732281076 0.023005110053115046 0.07173718417102157 -0.9981930382363257 0.01931212247360448 0.05690079386175373 12.877504520778746
0.02921238687612665 -0.021072981525748782 0.999351072397791 26.42251998787874 0.02356923667116243 0.9995143032715147 0.020387462774882938 0.07918589747110952 -0.9992953154777311 0.022958375492921006 0.029694872604337064 12.904088939077388
0.001072735523965307 -0.017229329566898093 0.9998509886183897 27.3008402281654 0.02729590363983027 0.9994795206961719 0.017193642820418093 0.0842886949885098 -0.99962682181051 0.02727339200807676 0.0015424673069635575 12.899879106255668
-0.025359209002418392 -0.01437038233598113 0.9995751110498347 28.1677951317218 0.03241235395102776 0.999359152663134 0.015189578656964855 0.08724591782663146 -0.9991528160547439 0.03278377799980577 -0.02487717970217873 12.87451654574281
-0.04867006626747633 -0.010812742309167305 0.9987563813329429 29.010243565666627 0.03976122885576297 0.9991278051962935 0.012754354688374436 0.08680818044365289 -0.9980231807575407 0.0403325363372149 -0.048197688567068686 12.824492415782673
-0.07287976500931082 -0.004254684619671843 0.9973316587329288 29.87849062224871 0.045070061348617046 0.998955259316046 0.007555094628368217 0.08628701210148075 -0.9963218503185705 0.045500412565149674 -0.07261186565694089 12.757966217178197
-0.09869682621730186 0.008459676737711488 0.9950815898026277 30.70711090898581 0.04994597311101182 0.9987456581815692 -0.003536952566588536 0.08025774566373002 -0.9938633388271376 0.049351232334741514 -0.09899555344770078 12.672495285314719
-0.1231457053477652 0.02348592677885309 0.9921106523456644 31.54457698316645 0.053291549145271545 0.9984339252206085 -0.017020803690353935 0.06931495072444831 -0.9909566822238491 0.050775074710991915 -0.12420445138558717 12.57041093435646
-0.14659085935044236 0.03660959937959301 0.9885195279751253 32.45104146765481 0.05473119327406487 0.9980843225264644 -0.028847558123448237 0.0484953980319735 -0.9876819409292121 0.049874065005315854 -0.14831372560268896 12.444827158426737
-0.1682916889185272 0.04534013150498899 0.9846939524116416 33.317551905270406 0.05927429841745668 0.9975994365554609 -0.035803934579111296 0.017276814733444952 -0.9839534872076363 0.052341538564865425 -0.17057519852720315 12.297271336252418
-0.190026177258608 0.04933931093591277 0.9805384665340005 34.16030749523383 0.06358401374095715 0.9972581567936742 -0.03785818148132616 -0.02447897055609382 -0.9797178803885687 0.0551525258247759 -0.19264234669998598 12.12961789329049
-0.20877906750586117 0.04866696079376931 0.976751159660679 34.97473819381673 0.06631730227382127 0.997166550988783 -0.03550894265192935 -0.06311502342817078 -0.9757116973730029 0.057361977966533785 -0.2114149642131824 11.95563056824795
-0.22655949180960294 0.04386973508656196 0.9730088607070387 35.75258161740316 0.06827067955311769 0.997243342735757 -0.029065954010998235 -0.10077044286571771 -0.9716017244654983 0.05984280836198132 -0.22892996156689754 11.773367603776512
-0.24419853962514582 0.040965081128314734 0.9688596056050108 36.56258955900369 0.07345339267931883 0.9970183836976283 -0.02364194731546155 -0.13786718856864075 -0.9669393323000385 0.06539269605330447 -0.24647945746864242 11.560887117399572
-0.2595992334186084 0.04181219759305571 0.9648108509655716 37.37395238516236 0.07641788696612195 0.9968188592238876 -0.022637765950310425 -0.1723069715981286 -0.9626881865693088 0.06785205986576451 -0.26196861150120415 11.338586548463258
-0.2706871783529956 0.04562592883105561 0.96158552718601 38.13358785087493 0.07996760279693675 0.9964896254493013 -0.024771129865675978 -0.20688795417485667 -0.9593402076313723 0.07019046224533843 -0.2733855611249081 11.114886172786528
-0.2787212838643123 0.04892001892747076 0.9591252669329308 38.93550145190084 0.08224481717500635 0.9962486988941021 -0.02691319378407036 -0.24126567234327656 -0.9568438932077058 0.07138180230244293 -0.2816991344168025 10.87573816775673
-0.2837909944958458 0.05016648101878144 0.9575729714362509 39.74100958209521 0.07790386891413884 0.996535513020226 -0.029119726951388463 -0.2751394035089856 -0.9557163065739056 0.06633472297151008 -0.2867159672516086 10.642755904944528
-0.2899945494609154 0.04926345911649618 0.9557595267005391 40.55404252414699 0.07732691215968293 0.9966151469831787 -0.02790694285560877 -0.3106155041248372 -0.9538992137216645 0.06581307164670894 -0.2928223517110943 10.394445843786388
-0.29574513933388813 0.05100924707448551 0.9539040147065496 41.326110078627174 0.08018700604593546 0.9963746185297666 -0.028419423130165038 -0.34720996005338584 -0.9518954021434121 0.06808580074109682 -0.2987632291893958 10.144637064029931
-0.3010458685026755 0.05378489457189121 0.9520916816007586 42.04473790826955 0.08409288130473687 0.9960159083619251 -0.02967654972931881 -0.3838147689850957 -0.9498946111918612 0.07113013008465431 -0.30436940093051884 9.905552677090542
-0.30337929668775165 0.058065580207598576 0.9510990435997717 42.82571736436924 0.08585529914125181 0.9957474281593435 -0.03340549241397059 -0.4199257465952253 -0.9489941358884215 0.07152235810715848 -0.3070743921921527 9.652228396409578
-0.3041864781281343 0.06092827296751134 0.9506620493515024 43.62161345639256 0.08608414997597215 0.9956276073434875 -0.036265501766781595 -0.45699035951744554 -0.9487149759790431 0.07080545917285286 -0.30810141399286867 9.398522218707182
-0.30213640225713584 0.06202654766313376 0.9512446067211667 44.447531218399455 0.08860620772488842 0.9953881255614816 -0.03676165725064736 -0.49782733974158083 -0.9491377847202839 0.07317914235759496 -0.3062389242733175 9.130961276885644
-0.2969778565758794 0.06199642461696006 0.9528696637202333 45.33105515330812 0.08804115961159312 0.9954172917138222 -0.037325186822917966 -0.5433913589580235 -0.9508169681478359 0.07280699617367367 -0.3010751308067876 8.854576499896302
-0.28788380934749386 0.06219605315952503 0.95564353358716 46.16430549051528 0.08674620943714623 0.9954801595379581 -0.03865678613864108 -0.5887484109821826 -0.9537284768024192 0.07176979126108288 -0.29197789231117827 8.605210892251206
-0.2799403509568185 0.0625914806843422 0.9579747942675294 46.98300261793925 0.08493177613035519 0.9955743057280588 -0.04022928258666177 -0.6389357351347684 -0.9562531010718434 0.07010070127920173 -0.2840174261742536 8.366413807494187
-0.27364380451398995 0.0626767463000746 0.9597867959731189 47.84819511447973 0.08394542663550823 0.9956230826085262 -0.041083363105744036 -0.687749668941073 -0.9581608599802497 0.06932750428460549 -0.2777075143952288 8.120094861005567
-0.2657487938389424 0.06150426601552942 0.9620783771788233 48.74965714680204 0.08101635081242908 0.9958573659954428 -0.041285075919224985 -0.7404166782955788 -0.9606320468702805 0.0669726201854888 -0.2696307450408903 7.87699268022658
-0.26263027744631373 0.06065853275251109 0.9629879956535207 49.685902879077425 0.07786898297999964 0.9960991689307845 -0.041507434816683786 -0.7955632208654008 -0.9617493222550942 0.06408578672149752 -0.26632921935483156 7.627320469525296
-0.2613283022096264 0.059895613160272976 0.9633898660399066 50.653368834569115 0.07616901139991947 0.9962402007601181 -0.041276435066493526 -0.852101507929884 -0.9622399909412377 0.06259375299176789 -0.264907949899229 7.37010759963757
-0.26210605712138346 0.05935138781119982 0.9632122443081622 51.62008844371576 0.07479597616438528 0.9963539814063962 -0.04104029343510393 -0.9096581609524428 -0.9621361529273801 0.061287490571137665 -0.2655896585516725 7.111595706256043
-0.26199035882595284 0.06014576969593496 0.9631944446839028 52.60308299812088 0.07613297557271438 0.996233642982979 -0.04150058577064553 -0.9663621705221602 -0.9620627952024196 0.06245810577135511 -0.2655826860146597 6.84102061821381
-0.2600955127926129 0.06023662177459824 0.9637021706016501 53.58305321685227 0.07595805836303554 0.996235749042997 -0.041769674387721785 -1.0228040268021032 -0.9625906178614384 0.06233684084008919 -0.2636919048420182 6.572662837637643
-0.259943097071708 0.06008488355929697 0.963752765522587 54.53373753230631 0.07681849844429295 0.9961857244855015 -0.04138744529517279 -1.0787366555305866 -0.9625635067784011 0.06327565960906677 -0.26356723301560975 6.3111909291200865
-0.2604342145445337 0.06066132712934741 0.9635840509708941 55.571547939802784 0.07776472087913547 0.9960996761419105 -0.041690327134381276 -1.1397879617050644 -0.9623547516800456 0.06407525716599097 -0.2641357479364545 6.02784598851476
-0.2585974601497251 0.06038905762104077 0.964095698218675 56.58808075075157 0.07729052942222864 0.9961376579549008 -0.04166461887209891 -1.2023048680757282 -0.9628881179377713 0.06374110231058347 -0.26226617054147255 5.754341415512025
-0.257951923536987 0.06040343731335582 0.9642677169252841 57.59939589383791 0.07849803562705221 0.9960544497061055 -0.04139555076770418 -1.266891888134339 -0.9629635837072253 0.06501505965081496 -0.26167571242348525 5.479586922916699
-0.2557835071717765 0.060921500169857645 0.9648126078549968 58.63672429319867 0.07958948809213182 0.9959514606680042 -0.041787574451041275 -1.3340936956757206 -0.9634522877881073 0.06610036921472486 -0.2595966685948395 5.199264712169923
-0.2534573814757834 0.06030813789740609 0.9654648021957022 59.621457548715284 0.08097439021498463 0.9958746132819178 -0.040950003051307034 -1.398352692369811 -0.9639515049548657 0.06779884308701814 -0.25729518645188704 4.934426434397572
-0.25128126221582037 0.05740925564171593 0.9662100727201557 60.64111081560354 0.08181832106923108 0.9959265118181387 -0.03789650901029205 -1.463923519360917 -0.9644498377814352 0.0695310033324634 -0.2549547998743006 4.663098228910762
-0.2478503900920182 0.05629568568958785 0.967161299837816 61.66548993253967 0.08342708258965124 0.9958420636492729 -0.0365856004096933 -1.5283346819401475 -0.9651995161736325 0.07161969030579074 -0.251516428764979 4.3919571969094875
-0.24562526303754567 0.05592367072555823 0.9677503671972003 62.66356357230611 0.08456431805132383 0.9957646137084866 -0.03607922114601913 -1.59039822614278 -0.9656692530417705 0.07297518166176875 -0.24931409224346063 4.133216772160753
-0.2436922080894361 0.05586636820989304 0.9682422509989593 63.70620616896237 0.08436481814929006 0.995776364157746 -0.03622167919102575 -1.6527323317594345 -0.9661763219905218 0.07285864044721821 -0.24737609693956036 3.870689104904184
-0.24070693633902873 0.05669045453935584 0.9689408460594487 64.74640219515231 0.08540605319582012 0.9956576131764057 -0.03703678443623462 -1.7151942070148458 -0.966832962241044 0.07383840252866115 -0.24450340168640572 3.6058362976931138
-0.239501503045852 0.05842858138917326 0.9691362808788176 65.73663642241439 0.08405554607555171 0.9956874859896092 -0.03925678817265116 -1.7784989458614955 -0.9672505855323731 0.0720592195387957 -0.24337989577354396 3.360448028607069
-0.23987074455012908 0.060629996990543375 0.9689097116728129 66.69658992784736 0.08415806273108271 0.9955893238165179 -0.04146466905595225 -1.8413775431381183 -0.9671501674436696 0.07159540325673988 -0.2439152554601433 3.1209805404045747
-0.24140512367093264 0.062209609584691586 0.9684283818335467 67.647154039151 0.08413226663948532 0.9955273112647018 -0.04297829959614698 -1.9036800555907194 -0.966770566357667 0.071100893112491 -0.24555922915476386 2.881516222396554
-0.24327840863691885 0.06111213547635844 0.9680294018203206 68.65078883339271 0.08469435861751404 0.9955396994372189 -0.04156407659049116 -1.9670832763499315 -0.9662517692141404 0.07187498690067012 -0.24736916693187982 2.62459353777759
-0.2448781347661857 0.05858527842333964 0.9677822401064681 69.63714414835432 0.08775656435906304 0.9954148665314342 -0.03805297491787825 -2.0316851818594874 -0.9655741734974727 0.07561090291926699 -0.24889657859120073 2.3659537735201397
-0.24761396224599302 0.05778195693704184 0.9671342053476164 70.62033463557431 0.08698493049158988 0.9955145735019637 -0.03720693231880827 -2.091177398840688 -0.9649460853167979 0.07491314569372284 -0.25152946752628763 2.110137372344984
-0.2502486973264782 0.05953096726150624 0.966349653812382 71.5780092815812 0.08875742187633064 0.9953154740919474 -0.03833049823560176 -2.1528267252340543 -0.9641046154584408 0.07617854665213741 -0.25436021599633146 1.8511359321514775
-0.2529101784416285 0.06202125553904488 0.9654997698093896 72.50038018241858 0.08929268725516792 0.9951801335072694 -0.040537857308992474 -2.2080266285160746 -0.9633603986273126 0.07595963226486788 -0.25722922972090795 1.6055232994306585
-0.2559501445434047 0.0643114142466458 0.9645483738547316 73.50013522241808 0.09036919741108634 0.9950069650653693 -0.04236210134872059 -2.269998510769883 -0.9624567167761295 0.07632287644605314 -0.2604839474200169 1.335795212487754
-0.2570213183554182 0.06537008145877857 0.964192301546178 74.45343506548016 0.09040948933260748 0.9949604941961565 -0.04335595953911518 -2.3323401060962783 -0.9621674314533102 0.07602872772191385 -0.26163613361217375 1.077953745102187
-0.25766871971084376 0.0650377891553033 0.9640419684144279 75.36588101485133 0.09011737937532842 0.995000718418118 -0.04303984528262641 -2.3948179966649596 -0.9620216675403406 0.07578691397081425 -0.26224159634520733 0.8310586610968239
-0.259815490814856 0.058581497746323846 0.9638797221927813 76.35705031472394 0.09045431757786501 0.9952458962953913 -0.03610571061073756 -2.457749949341377 -0.9614124646394795 0.07780625957454221 -0.26387925042879123 0.5618178592248506
-0.2583627243290952 0.051093879680927295 0.9646958682073843 77.30747040371213 0.09164824549360617 0.9953927802731874 -0.028174670858017135 -2.5169834052223328 -0.9616908556158739 0.08113339903618502 -0.26185505491711153 0.29962389750885227
-0.257646566969377 0.049685426467667965 0.9649609344038859 78.299719724339 0.0918539661834768 0.9954137083350063 -0.026728227683773198 -2.5727298290163847 -0.961863345504578 0.08174905293321066 -0.2610287281493439 0.03260384434452457
-0.2573508231965038 0.05427273321850662 0.9647927364097817 79.25280099292213 0.08972407031907642 0.9954503915705151 -0.032064140834980236 -2.6264804381190703 -0.9621435158049236 0.07831339828599462 -0.2610495482536599 -0.22266319787472066
-0.2559406156734904 0.06000576795541862 0.9648283313941166 80.17860972753513 0.08989203702158133 0.995224388120296 -0.03805047924393497 -2.6776852306642622 -0.9625039339809398 0.07699172100078638 -0.26011238334333825 -0.4743381664584378
-0.2548599034602144 0.062141110280696785 0.964979228803052 81.15692613749475 0.09386759704242943 0.9948098706528119 -0.03927079674791688 -2.7387563191914945 -0.9624111926997373 0.08057172993561938 -0.2593701842954415 -0.7478972197783643
-0.2520443894964741 0.06180235598399929 0.9657401796125997 82.11581742326577 0.0960778276438956 0.9946260334047576 -0.03857596024401221 -2.8011517310304272 -0.9629344093751033 0.08306336417666182 -0.2566277474730192 -1.0057876872498988
-0.2497716999785216 0.060402749533922225 0.9664189597367083 83.0025264747791 0.0962859657347607 0.99465523510825 -0.03728238289428782 -2.853870370051814 -0.9635056360459775 0.08374049868787536 -0.2542526660374323 -1.2374193420949495
-0.24696626555350326 0.05721494884597324 0.967333506763365 83.94935656144017 0.09591662037445382 0.994796460358442 -0.034351192035468554 -2.910135831777602 -0.9642653502094221 0.08429977512939993 -0.25116903132877116 -1.4782828803677264
-0.24422212093472723 0.0522098476581992 0.9683128045490524 84.93017053193553 0.09492645202745958 0.9950408697680437 -0.029709193808207534 -2.965886663196593 -0.9650619277287972 0.08466285666549914 -0.2479670872305743 -1.722906071091214
-0.24212452252470718 0.049822303820355636 0.9689651457272418 85.88219677102346 0.08971465756036417 0.9955518478511153 -0.028771486910770284 -3.0148851325044213 -0.9660885030943124 0.07996409370625174 -0.24551730673565275 -1.9493043297141073
-0.23947505309605982 0.04904712783228815 0.9696628683186972 86.86909417715444 0.08518349983365753 0.9959332460310182 -0.029338384519417976 -3.0657537406070205 -0.9671584514963043 0.07557346559158937 -0.2426791729789523 -2.182282755524266
-0.23709650385524572 0.0486819581175362 0.9702655898327334 87.77800740863894 0.08660722571732565 0.9958261385267801 -0.028800872910216158 -3.1169847056657094 -0.9676179185573032 0.07720342466940613 -0.24032310522741596 -2.4076827096285385
-0.23327000008066817 0.049770305039228364 0.9711374896474071 88.76216821293717 0.08903833836336031 0.9955872022247043 -0.029636077133755098 -3.174023973508432 -0.9683270528926976 0.07955526068518838 -0.2366720920037994 -2.6501601089490223
-0.22864555493103295 0.051366009288395666 0.9721536623909127 89.71050967352774 0.08848032722697174 0.9955704024036731 -0.0317931683164304 -3.2256573589286925 -0.9694805010437747 0.078747107550521 -0.23217762844068052 -2.873471838052268
-0.22183709078502845 0.05160308499789272 0.9737173238526342 90.63145602955937 0.0895726977905341 0.995454833915965 -0.032348190735566204 -3.2745025663942493 -0.9709608833328771 0.08004245905792239 -0.2254510319013867 -3.0847622720278425
-0.21180261156918584 0.052155538253792405 0.9759197987344709 91.58845966898383 0.0928225360036436 0.9951344212122819 -0.033037259697944285 -3.330904751142971 -0.9728944601252106 0.083589972771585 -0.21561327860250362 -3.3023064481417115
-0.1993745077389198 0.05243486391223217 0.9785194891826985 92.55424224012368 0.0918898181136493 0.9951677259050344 -0.034604315396242646 -3.38424855397656 -0.9756054873722799 0.08301675953389098 -0.20322930557768554 -3.5013281138490093
-0.18829524910532114 0.052209929696621915 0.9807237237904665 93.49986738413386 0.09091896966747878 0.9952244264674284 -0.03552579228085656 -3.4391028227010993 -0.9778950046497679 0.08247705258829448 -0.19214290431181302 -3.6819351373636997
-0.1756098210256017 0.04920558401865953 0.983229373676732 94.42727407162921 0.09210224876439672 0.9951907703648588 -0.03335425539777839 -3.4915279819519927 -0.9801420134510598 0.0847003015459903 -0.1792972180099875 -3.849956783908964
-0.16308741130575788 0.047799965459732675 0.9854530225107816 95.33678177884872 0.09236101795112248 0.9951790471821071 -0.032986458020616144 -3.5424582560021203 -0.9822789515390316 0.08563776825537785 -0.16671602805855001 -4.003488065523671
-0.150263930646095 0.047273320555479226 0.9875150552322961 96.2808181130433 0.09240884329726048 0.9951548315586253 -0.03357777398796156 -3.594894057080901 -0.9843177113245744 0.08620959569086944 -0.15390434946280396 -4.152247189935803
-0.13510991375285436 0.04709108481956349 0.9897109380704111 97.22126324247992 0.09391590541608032 0.9949814596279831 -0.03452097487682403 -3.6490667454700314 -0.9863696639270564 0.08828547291080871 -0.1388544610638806 -4.288960771901884
-0.11968746589098311 0.05015438312000503 0.9915439719762541 98.12253902488108 0.09593731240955147 0.9946336009889495 -0.03873024491773006 -3.7038136525739134 -0.9881654429275631 0.0904905389397532 -0.12385685191448281 -4.404542353308459
-0.10389417296551895 0.05735056352218697 0.9929334890552834 99.08149466501943 0.09844900244355904 0.9940262551358138 -0.04711260997374783 -3.7623023478403663 -0.9897038924555561 0.0928585858408256 -0.10891964145168265 -4.512504131198841
-0.08874902136439866 0.061686336447648454 0.9941420457371921 100.07089986921639 0.09823812925258882 0.993756335472124 -0.05289249162184582 -3.8289700725568445 -0.9911977003442922 0.09296849791559986 -0.09425485254088484 -4.6077000881751
-0.07408600490445627 0.059464160093299634 0.9954774118691472 101.03939121311687 0.09765494803373054 0.993855697563384 -0.05209955417591439 -3.8992018230055274 -0.9924589538121094 0.09335344709863735 -0.07943776754778331 -4.686199728387395
-0.0588068419190676 0.055834587362959154 0.9967067042001444 102.0447656781651 0.09810870005284753 0.9939243689436692 -0.04989019737252722 -3.9713024663264043 -0.9934366805778044 0.09485171413283688 -0.06392741202814645 -4.752055968387184
-0.04568382557805867 0.05660233232848175 0.9973510736222877 102.99547315169572 0.09803072278539576 0.9938285117594141 -0.05191210460231136 -4.040181055222305 -0.9941342793962629 0.09539950308594139 -0.050950655935219025 -4.801661860943545
-0.03806470266484574 0.06150535669069257 0.9973806542686638 103.97667883925783 0.09487540485194443 0.9938176063044849 -0.05766474619213845 -4.111061939621446 -0.9947611451827101 0.09243190194718913 -0.043664717303661726 -4.840701593966317
-0.03153786281537546 0.06800139039634169 0.9971866295299006 104.98261926399437 0.09144111311093646 0.99369524314235 -0.0648713079049492 -4.189649800428953 -0.9953109494233807 0.08913795297419684 -0.03755714708944752 -4.8753691049028935
-0.027107853666428705 0.07091704811941109 0.9971138032118645 105.93227638003258 0.09017729305992316 0.9935868468486959 -0.06821461416478618 -4.269588684876208 -0.9955567387577589 0.08806787186763991 -0.03332911428047153 -4.902232070477297
-0.023054257974782 0.07163488048519531 0.9971644523783948 106.93018526975786 0.09145096573286668 0.9933987890342901 -0.06925003113163206 -4.355886620134545 -0.995542677164449 0.08959514408201902 -0.029453150954762086 -4.928099552845935
-0.018856426896339096 0.07178701662624656 0.9972417256656515 107.91193703023649 0.08936856201895205 0.9935476109006887 -0.06983126088077662 -4.443045931133194 -0.9958201119114679 0.08780529094215997 -0.025150260340499553 -4.9474997832037895
-0.013293587072845059 0.06914679735765707 0.9975179201186894 108.89620604963886 0.08997490042802313 0.9936418188387106 -0.06767904511639333 -4.53052900175345 -0.9958553096889651 0.08885187825858601 -0.019430540245124528 -4.966045405482654
-0.007226318520800246 0.06571921621778883 0.9978119887736144 109.88657961983172 0.09106194419072482 0.9937352863932153 -0.06479122546456424 -4.614650549897818 -0.9958190109858526 0.09039449760197908 -0.013165567304318393 -4.982506200384988
-0.0025125427612361917 0.06323498169999336 0.9979955031052368 110.84221754782466 0.08988720498995798 0.9939729624865261 -0.06275380645707618 -4.6949934406176155 -0.9959487825726614 0.08954935474452291 -0.008181415334363507 -4.989189813802361
0.001784191712136618 0.0637362415240486 0.9979651838497788 111.84552911599494 0.08692513329801375 0.9941794182683765 -0.0636498663995072 -4.776507589391473 -0.9962132491896788 0.0868618201970274 -0.003766474611941073 -4.988923676972736
0.006015450574455572 0.06638913171459214 0.9977756749613457 112.84436207838253 0.08042586770576594 0.9945292308296991 -0.06665799898783187 -4.858831607866715 -0.9967424412345253 0.08064795233277591 0.0006431379085289346 -4.980587084215271
0.010055941300686044 0.0682874286879259 0.9976150084715791 113.81760109914188 0.07946826109651578 0.9944553371167738 -0.06887218566489775 -4.943692265544072 -0.9967866740295306 0.07997130462331839 0.004573501283618386 -4.97656982643465
0.013851493168756002 0.07053124136044571 0.9974133948013485 114.79855517771728 0.07749440417856916 0.9944330698390984 -0.07139668711779205 -5.031548033116749 -0.9968965610623827 0.07828290747373838 0.008308606348458758 -4.969805011209754
0.019718473942440584 0.07052306481915946 0.9973152355769436 115.77802591196667 0.07638321434056022 0.9944875953935712 -0.07183332913986948 -5.120684379395045 -0.9968835370053944 0.07759458703302324 0.01422299935981347 -4.9583325969789165
0.024565737276793564 0.06695664571766158 0.9974534235473288 116.77569703146982 0.076224044845978 0.9947245700285854 -0.06865074485221706 -5.2107484894671305 -0.9967880514629807 0.07771639065014163 0.019332436084174343 -4.941862444968379
0.0313257126367848 0.06493456581359258 0.9973977150015926 117.73789109778382 0.07499893571091448 0.9949215410574331 -0.06712888187756953 -5.296434296186526 -0.9966914564548187 0.07690662716894285 0.026296602964442417 -4.913330006741617
0.038348194940059976 0.06710850207985877 0.9970084577843045 118.65443615517408 0.07338870353630972 0.9948587498954997 -0.06978657427918146 -5.374979900317351 -0.9965658604116937 0.07584534728618268 0.03322603131491236 -4.8819116695795195
0.04446033946394545 0.06918350852609217 0.996612723359867 119.63384609296475 0.07215076913718066 0.9947716670741092 -0.07227445537332478 -5.463676014715065 -0.9964023006435021 0.07511972134278444 0.03923624265546355 -4.8414989416367815
0.05170565225824281 0.07007623199479385 0.996200706300674 120.58657779275822 0.07165049990924843 0.9947039848261776 -0.07368981227875719 -5.5500595985321795 -0.9960887166248319 0.07518845842505027 0.04641082128512736 -4.792456052349776
0.0595336819091179 0.06899520864269292 0.9958390441746574 121.58285775042357 0.07185934106077928 0.9947240633052385 -0.07321388518461835 -5.643230795461819 -0.995636467703275 0.07591902966889888 0.05426163574274445 -4.736754204343202
0.06922470284122217 0.06818193368812524 0.9952683881421598 122.51936049101764 0.07226612758593755 0.9946978787231882 -0.07316923443171182 -5.733453120557487 -0.9949801743352868 0.0769893108303867 0.0639304207524447 -4.679114930447615
0.07577956082687975 0.06829901935554937 0.9947827411630924 123.4146426050509 0.07379253427239275 0.9945315473240641 -0.07390306666750071 -5.8211604189092725 -0.994390325800962 0.07900788145668511 0.07032520615812954 -4.619936160275991
0.08315499234706208 0.06886966294997875 0.9941540206491732 124.36358474784812 0.07369482259557035 0.9944525626386767 -0.07505447211177366 -5.91139189156697 -0.9938079896893404 0.07950515823848112 0.07761835764242003 -4.548838190838783
0.09169489589626384 0.06976904333944219 0.9933399854320133 125.30512392555859 0.07048150727520298 0.9945858930474405 -0.07636267729225305 -6.003722202488756 -0.9932896874521495 0.0770141671546496 0.0862810225871648 -4.469590818186444
0.09792086414531953 0.06978937695156281 0.992744149934789 126.21916253051397 0.06770487824882263 0.9947598061288342 -0.07660925252106787 -6.093811494907739 -0.992888490126835 0.07471526601195574 0.09268265856359925 -4.38319053627858
0.10520820667169756 0.06943438952647696 0.9920232350101538 127.19068715438821 0.06921230747915258 0.9946292123206095 -0.07695704315977286 -6.1901531024862555 -0.9920387541534538 0.07675672966958252 0.0998374414140007 -4.2912219436705845
0.11180257840890129 0.06878642200283118 0.9913468674531484 128.16634593150252 0.06914679135852099 0.994644862796311 -0.07681352848117916 -6.285418794445146 -0.9913217967471223 0.0771364055485876 0.10644749989126645 -4.187747910430926
0.1170157511797279 0.07009217537047265 0.9906535221396425 129.13689882108775 0.06798857520852526 0.994600744525055 -0.07840224889198905 -6.3817915919012185 -0.9908001148652331 0.07652741954385761 0.11161848610781139 -4.078518094973823
0.12294813124271714 0.06853830131502847 0.9900435638277612 130.09314232442858 0.06697935416649706 0.9947645760716592 -0.07718292757087683 -6.4786405941673895 -0.9901502528098263 0.07580197521056184 0.11771379449671487 -3.963172680489968
0.12792503777131004 0.06713999830448905 0.9895086686527219 130.97763357075235 0.06706916796048573 0.9948364231833486 -0.07617229034793066 -6.569471701632376 -0.9895134720762002 0.07610986621611224 0.12276146318885439 -3.8560866081817746
0.1312943150840215 0.0654613387956828 0.9891797692784131 131.94752593840627 0.06673509237941833 0.9949703462912279 -0.07470232557440673 -6.662961331749191 -0.9890946518264713 0.07582099395412192 0.12626538165340812 -3.731716431320585
0.13466441459144418 0.06656248871179983 0.9886530890758575 132.8831935928331 0.0647828781483376 0.9950152156015974 -0.07581490236176668 -6.755587026911047 -0.9887712951646409 0.07425736204443363 0.1296810319231021 -3.604257322402068
