1.0 0.0 0.0 0.0 0.0 1.0 0.0 0.0 0.0 0.0 1.0 0.0
0.9999147147491623 -0.0037956060835046502 0.012496263543973717 0.021497556939721107 0.0037765787468724728 0.9999916738074259 0.0015458877033721274 -0.009098339825868607 -0.012502027078448327 -0.0014985627386360897 0.9999207236719561 0.3050890862941742
0.9997119208313567 -0.0074883747631291075 0.022803499535953172 0.04375398395843096 0.00744143278164981 0.9999700164969262 0.0021427051345248253 -0.01879766496300591 -0.022818861186208943 -0.0019723971568278457 0.9997376702033491 0.6142376733801159
0.9994943830076833 -0.010753392651480922 0.0299222807047465 0.062157117714141286 0.010710606895480871 0.9999413759797995 0.001589812427929611 -0.027245452851938405 -0.029937622417637748 -0.0012685228057066813 0.9995509639902662 0.9041780666266366
0.9994292506667874 -0.012784797495840963 0.03126854433155393 0.07612457911881619 0.012770815953582686 0.9999182405979351 0.0006468225490488429 -0.03475759913604206 -0.03127425732937128 -0.0002471285507155499 0.9995108102246698 1.22249948094797
0.9994478952657387 -0.01607904742393936 0.02907522799264135 0.09030942054699674 0.016089408721707773 0.9998705495901599 -0.00012243062449801773 -0.040945256547829496 -0.029069495624644056 0.0005901662568210595 0.999577218691942 1.5362210233747589
0.9996335506528423 -0.01863040206130986 0.01963854699884063 0.09920649478530098 0.018665698819147352 0.9998244754579697 -0.0016155379256163691 -0.04981930759835734 -0.019605001830772985 0.0019815131163242474 0.9998058399054216 1.8652103991777205
0.9998314869845505 -0.018179629037320535 0.0025492591724480093 0.08974504381498277 0.018186396945988646 0.999831082623094 -0.00265728938112887 -0.057373302151325786 -0.002500520023081811 0.0027032034325106752 0.9999932200224244 2.205414925343748
0.999756204317881 -0.015321356946684583 -0.015899306563993455 0.06785835963454012 0.015288190124521622 0.999880696361444 -0.0022055127454924115 -0.06157354885158644 0.015931201166894 0.001961903429409815 0.9998711655830034 2.5692612401361483
0.9993581863238999 -0.013390929662950447 -0.03322496697014449 0.042981848303829166 0.013318974538114897 0.9999084515736477 -0.002386082321133372 -0.06874928905336268 0.03325387713723507 0.001942028411762305 0.9994450501058023 2.939871646314044
0.9986424948855878 -0.014330726904405415 -0.05007791604170482 0.014415745558359186 0.014207718804232402 0.9998951127098534 -0.0028114596439237256 -0.07660724583484398 0.050112953765154844 0.002096150123655635 0.998741356918592 3.332604212130806
0.9973813104144249 -0.016987272961224216 -0.07029903408543627 -0.02175680462896594 0.016850950398663418 0.9998548071731627 -0.0025318063471400807 -0.0838148374080622 0.0703318356554573 0.0013405707957784964 0.9975227494966094 3.748364038602522
0.9957865591818372 -0.019827371478814103 -0.08953213888341166 -0.06544441381631838 0.019730265900433357 0.9998033993749049 -0.0019695699739926686 -0.09121103320901947 0.08955358820446896 0.00019477840066577904 0.9959819862332245 4.154412851890605
0.9940651572339884 -0.020503881177599763 -0.10683657627433074 -0.12109796018961062 0.02042080847709113 0.9997897217365169 -0.001871601228898247 -0.0978045767460264 0.10685248595380448 -0.0003211956925621843 0.994274832769501 4.587885083705424
0.99234287957902 -0.020986715545750947 -0.12171757112028059 -0.18136678316679575 0.02099214375222868 0.9997788743416565 -0.0012378694665800753 -0.10660071035300181 0.12171663505661251 -0.0013267217991200305 0.992564003256094 5.037056640397817
0.9909263341892378 -0.021138599874343147 -0.13273341631116 -0.24364888518777317 0.02118032127767821 0.9997750691797235 -0.0010977418885411792 -0.11490707567322754 0.1327267652014982 -0.0017235550562561004 0.9911511666527537 5.468708332884493
0.9892688416509444 -0.02375511714023957 -0.1441625934431412 -0.30585247710145264 0.023747892960125278 0.9997164101377646 -0.0017711242800951441 -0.12545747533127805 0.14416378365787075 -0.0016714397729521888 0.9895524290155284 5.904955106833001
0.9878193343199734 -0.028810132971763137 -0.15291480955680553 -0.36704871613855705 0.0286179805496709 0.999584440667604 -0.0034579133147000264 -0.13588919086813175 0.15295088732303397 -0.0009603194169901378 0.9882333246018947 6.3484184137981305
0.9865887395105389 -0.029248638780797497 -0.16058386033620142 -0.4455466211078883 0.0287447175314305 0.9995718692818313 -0.005460710069582413 -0.14478104299045133 0.16067482778906123 0.0007715373589110256 0.9870070944248879 6.814982252008695
0.9856085531708394 -0.029402831769186087 -0.16646697390304743 -0.5284164089462482 0.028637858440235656 0.999565381356806 -0.006994387534326493 -0.15424077238856382 0.16660027905271335 0.0021264705444138136 0.9860222234526878 7.298291627257512
0.9844349396217044 -0.030342449674606965 -0.17311032724755404 -0.613063922266467 0.02903363271651115 0.9995275254397128 -0.010088313022851137 -0.1661221384192582 0.17333464115200414 0.004905266160794777 0.984850770696047 7.780431754569452
0.982902960891561 -0.033524238854360414 -0.18104666492326868 -0.7053363442394245 0.0318915266268054 0.9994202243559331 -0.011922486223441428 -0.1788629902065211 0.1813413907523991 0.005944792475114687 0.983402236850422 8.294724079030448
0.9814598759071061 -0.039149962197285816 -0.18762673701889926 -0.7976367576012525 0.03725756933991838 0.9992131020563109 -0.013603315988613467 -0.1933373014521961 0.18801166323206991 0.0063605926576054544 0.9821461995801618 8.810208230238915
0.9797951506964884 -0.040395697364292445 -0.1958817252989629 -0.9072112438896746 0.03811399596670586 0.9991546408709796 -0.01540541909309219 -0.20673591880348002 0.19633844754172777 0.007628319633862763 0.980506513367692 9.350536732130022
0.9782733102747845 -0.03739744925149808 -0.2039185160633953 -1.0298279213473174 0.03413491807220936 0.9992270895598899 -0.01949438016135545 -0.2160023105131624 0.20448994540617185 0.01211008997297377 0.9787937514863014 9.88619964148286
0.9764844924493438 -0.03573283081882772 -0.21260574029790655 -1.1590493328869431 0.031666624085643635 0.9992451748218596 -0.02250123361618684 -0.23071258816907933 0.21324929290613456 0.015239599630722531 0.9768789554894348 10.428516736322173
0.9742635627977374 -0.03943774363119453 -0.2219350683914997 -1.2812023767732725 0.03506290809989341 0.9991059587951272 -0.023619389823794107 -0.2505927820065869 0.22266814473614746 0.015229821973683555 0.9747753330087976 10.976577077400501
0.9722062546523649 -0.04028008569805124 -0.23063502143208603 -1.4167262147084088 0.035467356500639736 0.9990586637081932 -0.024977051316275062 -0.2701022420687393 0.23142399408375453 0.01610283098579121 0.9727197097810681 11.521928829412659
0.9702321985986154 -0.03965706423658562 -0.23890750942285688 -1.5639088866104898 0.0340270905936005 0.9990384752272181 -0.02764565284832845 -0.2888182083649315 0.23977413936501163 0.01869337507810477 0.9706487108217666 12.081537915707772
0.9682451718790732 -0.038556496952766715 -0.24701150514823236 -1.7226228872958143 0.03192806595757169 0.9990159432620813 -0.03078544643793421 -0.31015460198711525 0.24795541078402158 0.02192126024901979 0.9685233980715292 12.661224906474292
0.9664638285103344 -0.03957569477036022 -0.25373496519910393 -1.8800140750050611 0.03128611075785353 0.9988392466796066 -0.03662428929226655 -0.33288865623199787 0.2548898731899612 0.0274576706215147 0.9665801719822553 13.239384971205608
0.9647518076341268 -0.0416228259536365 -0.2598489754190272 -2.052349406787411 0.031255956277065906 0.9985467487701672 -0.04390279851825941 -0.3621177526329465 0.26129870811753175 0.034233476016350135 0.9646507421113338 13.853933266055996
0.9639764384404369 -0.04345151206636783 -0.26241454271979114 -2.217755144603556 0.030804310704480416 0.9981655919572533 -0.05212048996937928 -0.3881593566965708 0.26419788147090173 0.042159425183138144 0.9635466061870152 14.429098354895192
0.9636710270462533 -0.04510888724278303 -0.2632552752051467 -2.3867180713838136 0.029998934802134326 0.9976783732479173 -0.06113859226484538 -0.421491767717168 0.2654019885802609 0.05102011216282853 0.9627869611770487 15.016401136269398
0.9632363458990406 -0.04554703800056419 -0.26476632955955554 -2.569712987602852 0.027730215456972344 0.9971158655781683 -0.07064690908320251 -0.4600553291537972 0.2672204653273658 0.060707643189927496 0.9617212719746563 15.634260371917339
0.9628489616127477 -0.047006295341242045 -0.26591781685239846 -2.758082325147637 0.02710427278834484 0.9965828582985057 -0.07802541215652696 -0.5099742572051968 0.26867682355921363 0.0679191780270701 0.9608328417254786 16.283864964291343
0.9622291035960333 -0.04708041212466969 -0.2681391187181488 -2.9486181598713146 0.025193312312501548 0.9961057054464104 -0.08449094976288203 -0.5603532789547779 0.2710727747441616 0.07454433829125022 0.959668011565052 16.91946413716796
0.9616520103978664 -0.04796623988106089 -0.2700456456405373 -3.1330493127895434 0.024265510010927603 0.995607043185115 -0.09043119253942546 -0.6132044815174089 0.2731969910552671 0.08041054279051714 0.9585914399192614 17.54322086518145
0.9614415776538016 -0.04666847089597316 -0.2710205648706402 -3.3361150493747784 0.02132369467583005 0.9951798922157455 -0.0957198107751436 -0.6715593526349832 0.274181313739542 0.08624984610820488 0.9578024698456201 18.21022421383582
0.960932604205482 -0.044852738374005406 -0.27312407809496403 -3.541420487064824 0.018492617642384475 0.9949815931278329 -0.09833439087894258 -0.7318823202601833 0.27616399705175826 0.08944194316512313 0.9569396979618119 18.877210718790828
0.9605235690489073 -0.043515851123470846 -0.274774169096276 -3.7489812321613485 0.01641510265688397 0.9948349667981394 -0.10016952251313184 -0.796568641253309 0.27771391341867063 0.0917047410810629 0.9562767500869935 19.555808221200063
0.9591629600153705 -0.042365732964221046 -0.2796632989953402 -3.9648264062935406 0.01493370247078823 0.9949253527356839 -0.0995013920218648 -0.8673503271671017 0.28245955580413046 0.0912616411981461 0.9549282235753398 20.264887451794447
0.9573829364029639 -0.04126292650137797 -0.2858588532492575 -4.184329665458141 0.013453270735781897 0.9950387710379774 -0.09857410226698228 -0.9368576784409617 0.2885080979642485 0.09052742693666714 0.9531882617727089 20.969120914286883
0.955859854798334 -0.04149736864906855 -0.29087782036468757 -4.406758444279472 0.013465228555662451 0.9951230085309836 -0.09771839904638255 -1.007509231622114 0.2935142681452674 0.08948835839061742 0.9517569059942254 21.678438294514528
0.9524785866015549 -0.041980804354820545 -0.30169878046029064 -4.675724500847056 0.01345919239015134 0.9952902041974737 -0.09600135191108583 -1.0920061372067225 0.30430805478282896 0.08737861005002043 0.9485576346748875 22.508451548618723
0.9493427036423978 -0.04228330257131305 -0.3113848958517506 -4.925058837495095 0.014639808163881786 0.9957811409505222 -0.09058474123273406 -1.1664191578871068 0.31390142888790346 0.0814373480102308 0.9459565800242595 23.259118845881535
0.947048544104027 -0.04186367960965972 -0.3183496308148994 -5.148391178980363 0.014782742620453664 0.9960975504589041 -0.08701230079930343 -1.2263088730670906 0.3207499425269792 0.07769879213546886 0.9439715949485074 23.91047802752078
0.9441669614344007 -0.040025170401162276 -0.32702711610826585 -5.41522226334912 0.013109384083026492 0.9963712116234866 -0.0840984702411954 -1.2943869859957227 0.32920645951240834 0.07511587303828307 0.9412654846710369 24.66008352123416
0.9412032204844507 -0.04004318341796051 -0.335459447938874 -5.692008216112703 0.01275992515370821 0.996455814472286 -0.08314441721754263 -1.3639084079853918 0.33759988456717566 0.07397535580264962 0.9383783696751012 25.420316400890886
0.9376938915829415 -0.04079548477233546 -0.34505926173663143 -5.983027602809894 0.012797174878069225 0.9964645986942813 -0.08303334188255496 -1.433440233075105 0.3472267242065033 0.07344407376524867 0.9349008343271418 26.193166027704933
0.9343830421247179 -0.04056312428068471 -0.35395333525529515 -6.281373610731767 0.011939651248139548 0.9965045593052415 -0.08268075962362281 -1.5015240686004658 0.35606990229143276 0.07302942032123919 0.9316012711722292 26.959792112360624
0.9302629239199462 -0.040983958593108855 -0.36459732242290405 -6.5986179298405485 0.01203756156664792 0.9966157728188411 -0.08131481095245657 -1.5724937752021348 0.3666960450992645 0.07125529107892922 0.9276080497720013 27.7588376627587
0.9267256383001943 -0.04218147871921931 -0.373363514781717 -6.9098789592983625 0.013122394743886344 0.9967057787737675 -0.08003370112123408 -1.640311819508181 0.375509512626888 0.0692698593331721 0.9242263210462465 28.5260643476879
0.9235046367220011 -0.04207454574614686 -0.38127276135756183 -7.24675947026521 0.013737987130363845 0.9969563835017607 -0.07674136501715628 -1.7129856707832514 0.38334117136380075 0.06563308613303093 0.92127186234145 29.332949538490663
0.9199214754468207 -0.04133889343762951 -0.38991739497116196 -7.598221374562801 0.014094278863509354 0.997270421426164 -0.07247798184137881 -1.7819504500262615 0.3918492443721978 0.06117844749447239 0.9179931193898482 30.145804685967082
0.9165809994885232 -0.04262519081740854 -0.3975705779913797 -7.951565732399258 0.016334805586022974 0.9974633010721188 -0.06928302202400623 -1.8521341588844418 0.39951526316661173 0.05700926347613701 0.9149521836548736 30.956033660834958
0.9129650686411035 -0.04400396211441568 -0.4056580268642273 -8.329957314027933 0.01799284280560251 0.9975424733532801 -0.06771463256928616 -1.921181257090599 0.4076408235799231 0.05452215306142651 0.9115131890305418 31.801201286582256
0.9102153125140608 -0.04512517738621195 -0.4116695315793892 -8.704392892440467 0.01921779591090004 0.9975773875898922 -0.06685829858479252 -1.986869705863581 0.4136892084467007 0.052944066099886784 0.9088774200515454 32.62169802852524
0.9078385424946895 -0.04511582008605922 -0.4168857679737703 -9.100716052123081 0.01948018856477266 0.9976593576802995 -0.06554638271036424 -2.0512107837244042 0.4188671663124227 0.05138451917547708 0.9065924818652019 33.46941512146616
0.9051942793931421 -0.04677065463880942 -0.4224166455273603 -9.499615126139776 0.021388846631581245 0.997680003464902 -0.0646307042050742 -2.118039447165807 0.42445946071880764 0.04946833887377173 0.9040946021602876 34.32426612934292
0.90305601822664 -0.04830923373336652 -0.42679742956201344 -9.898911973537585 0.022700897624097167 0.9976341988776714 -0.06488971009927198 -2.184049135319286 0.4289224838962247 0.04891035847141445 0.9020162302544733 35.167368299307114
0.9011187676023007 -0.0505644384000363 -0.43061375296685533 -10.312688986558614 0.02455464712779661 0.9975339267348912 -0.06575054613688233 -2.2501310906764247 0.4328764673429827 0.04867548235156831 0.9001381346429569 36.029372782097994
0.8991585995790465 -0.051013138151976486 -0.4346394742069975 -10.754585010879957 0.024627808038497335 0.9975071984846737 -0.06612760423965679 -2.3187265688021954 0.43692938087781047 0.048754986484923865 0.8981735174333455 36.93341938517133
0.8983784199456828 -0.051292975891492634 -0.4362169703256551 -11.200739658228576 0.025232722958538747 0.9975445697633458 -0.06533101122559748 -2.391297481675205 0.43849689197073716 0.04768502867626555 0.8974667758597795 37.840948522769054
0.8975625783064625 -0.05043898338230783 -0.4379923823301211 -11.665237931418712 0.025322045129548887 0.9976920993190955 -0.06300213477901731 -2.463736881703509 0.44015930304187917 0.04545749565930407 0.8967683112343299 38.77997988970716
0.8971844447385872 -0.05122621050105559 -0.43867521867187226 -12.115918919070586 0.02654400207894094 0.9977094719247563 -0.06221917377511102 -2.535397896826889 0.44085767326059616 0.044177878959110586 0.8964891672172777 39.69041827102025
0.8967514997585857 -0.05321480741249782 -0.4393232658905948 -12.583213100482965 0.02864549655754399 0.9976418105626884 -0.062371895467211454 -2.6073564977101804 0.44160636681064647 0.04334745770228959 0.8961611544265067 40.63681205357289
0.8945640715081208 -0.05641927697299807 -0.4433643954499028 -13.05938785670022 0.03155375874988652 0.9974975643791781 -0.06326902375065871 -2.678732688662164 0.44582449716852446 0.04260838231441774 0.8941057227649204 41.59706230432381
0.8932256111479733 -0.05638507803762041 -0.44605911106491414 -13.54212866800397 0.032253789039444994 0.997584928516525 -0.06151425435847456 -2.7512665798103817 0.4484503324582656 0.0405590109762502 0.8928870398581782 42.5526165638712
0.8910895165247845 -0.055956933356438684 -0.4503646246642478 -14.024419253752567 0.033212349900433785 0.997749138262999 -0.05825458702569357 -2.824859224904051 0.4526106642067958 0.03695238429094974 0.8909422584777855 43.49977256738302
0.8884677026076856 -0.056334820117618145 -0.45546847252618605 -14.522126686751454 0.03542751697620114 0.9978950199696054 -0.05431777021161901 -2.8969185995554056 0.4575697023011057 0.03212346746814345 0.8885932986321138 44.46647356263499
0.8861421958174405 -0.057137771961336445 -0.45987746607888846 -15.018784701985373 0.03658779737750312 0.997898234727854 -0.05348313949363394 -2.9664562079815795 0.46196681901940495 0.030567763122725314 0.8863702781472116 45.414804537431614
0.8810782588354036 -0.061031667894142896 -0.4690162441980372 -15.534798921186866 0.03914679210785156 0.9976472230746535 -0.05628096444711423 -3.0394471921976525 0.4713476747319737 0.031227452753814756 0.8813944722536385 46.38418544351626
0.8759766166538318 -0.06431926961845288 -0.47804602145761543 -16.04158060420693 0.040785288585628535 0.9973971121975366 -0.0594605820271027 -3.107882187319875 0.48062618250641853 0.03258883452600864 0.8763198277761056 47.314788038931844
0.8696693885036395 -0.06442329183760376 -0.4894127033174686 -16.573650461285272 0.040374914274976435 0.9974085969065422 -0.059547939630277276 -3.1778965326684028 0.4919807120172435 0.032027024303387615 0.8700168094452406 48.257536626732616
0.8642884586036179 -0.06267686681897985 -0.4990762173158909 -17.120106277918662 0.04059534793067446 0.9976613247620257 -0.054989988183919924 -3.2506029620997903 0.5013556402903732 0.027267039440247817 0.8648115578027357 49.20212151778132
0.8597356913836675 -0.060337923464411726 -0.5071625734939934 -17.673578792037475 0.03972998674243771 0.9978890646846608 -0.05137064080015637 -3.3202670107326835 0.5091915838999043 0.024015611063967518 0.8603180698501753 50.127210973260695
0.8558536844593613 -0.06081246289193007 -0.5136305239706399 -18.242401342295913 0.03945703134500134 0.9978465947554114 -0.052395763306490484 -3.3919389799849364 0.515710784718311 0.02457677139186148 0.8564101639011394 51.065426807363714
0.8533863752639625 -0.06313971660225451 -0.5174408861901255 -18.79814693616554 0.039670935480427445 0.997625094285457 -0.05630619974781705 -3.461828555707044 0.5197671703676013 0.027523579696694563 0.8538644747082155 51.972291954471174
0.851219054415161 -0.06541005663383118 -0.5207183940401167 -19.35842655524467 0.0380133276620033 0.9972809067727422 -0.06313303340247811 -3.529334391723802 0.5234320474718953 0.033945802062939096 0.8513909643645998 52.86913818361881
0.8484024114574585 -0.0659532213439061 -0.5252271135685315 -19.92115838650964 0.03755969556067481 0.9972073971309341 -0.06454979765062865 -3.599003152639294 0.5280176299164251 0.03503683350003832 0.8485103433640228 53.76453521744781
0.8459622965662967 -0.06581625639170006 -0.5291653930321402 -20.492540438297155 0.038931527197672296 0.9973285818008848 -0.06180644070882217 -3.674147467910262 0.5318196395192022 0.03168470163372615 0.8462647048672466 54.669756329741155
0.8424531625726961 -0.06406650656055715 -0.534946868023721 -21.072534430189517 0.039762386143974246 0.9975903513462243 -0.05685458248069393 -3.746379029707954 0.5373003085048433 0.026626558884741972 0.8429705836163901 55.57979125704473
0.8395649390982697 -0.06296807009666605 -0.539597753132109 -21.645629333250714 0.040020959760834834 0.9977299000620491 -0.05416058808760831 -3.8154495820661785 0.5417832000133824 0.02387611087416231 0.8401790853816729 56.463354099756856
0.8378195091807493 -0.06290937845460931 -0.5423106859896673 -22.239880629742526 0.03908644410644254 0.9977016206780258 -0.055350934802900854 -3.8818307187335943 0.544546343228235 0.025177096713000398 0.8383527860500387 57.36466060647044
0.8341146150846872 -0.06434360353477994 -0.5478254371478959 -22.847415049482205 0.038993680075303454 0.9975666271551695 -0.057795478200668104 -3.954408493629387 0.5502111429408796 0.026846323219727394 0.8345938971219913 58.278973552381
0.8305995816507444 -0.06699919343893142 -0.5528249660065483 -23.437966735420492 0.04004920673198677 0.9973522291031449 -0.060700841370831246 -4.023524471925041 0.5554281195634114 0.028277892098260815 0.8310836088004216 59.161523241137324
0.8272713398066052 -0.0686866608948961 -0.5575879060289006 -24.037015352728854 0.041142099912728686 0.9972399610924533 -0.06180443038402318 -4.09330177624595 0.5602940816654729 0.028188696589804708 0.82781395218685 60.04375013106564
0.8230194550430672 -0.06866231447270825 -0.5638479078544707 -24.652603640869714 0.04109612961227922 0.9972634263268241 -0.06145540368245753 -4.170009731360607 0.5665245667678529 0.02740702614538809 0.8235889570449342 60.93277611796321
0.819823455208494 -0.06825360290539821 -0.5685340341443411 -25.260317293106443 0.0405967365163666 0.9973003523737893 -0.06118751620499459 -4.243507518806011 0.5711754610224667 0.027082334566059588 0.8203810942971717 61.79678290750152
0.8148929265236868 -0.06939836882831103 -0.5754419038492339 -25.884209986510577 0.040726582457436544 0.9972080322330912 -0.06258982290391917 -4.321229526501835 0.578178920216743 0.027568221810193885 0.8154441301298485 62.67226355868882
0.8101490746872252 -0.07094722018933933 -0.5819149153706564 -26.508529366300174 0.04137023459116936 0.9970939609133821 -0.06396981162966428 -4.396987926730833 0.5847623281926637 0.027751127138704087 0.810729852953021 63.53765939724636
0.8058155176901555 -0.07219805323841981 -0.587748919657305 -27.151176052060595 0.04187751241233275 0.9970025583436106 -0.06505515052976533 -4.475483807128182 0.5906840317834078 0.027808987124269883 0.8064236075607041 64.41321301051047
0.800087072723403 -0.07326934821023992 -0.5953925416678839 -27.818857506020183 0.042181573010682094 0.9969277040077693 -0.06599899908439638 -4.558119110652822 0.5983990231937556 0.02769035201372982 0.8007195847774146 65.30742437677716
0.7955423531007563 -0.07437016593039422 -0.601316424889922 -28.489834523072226 0.04208365534646226 0.9968239251361476 -0.06760937974012378 -4.639561955916347 0.6044347196973315 0.028480531870906337 0.7961454194610169 66.19180845023428
0.7892441364088605 -0.07454227515597947 -0.6095384666768805 -29.17594796148913 0.04183767081461791 0.9968259246296912 -0.06773245372027435 -4.724530785992424 0.6126526768447519 0.027955772225636753 0.7898576912040729 67.07378293440803
0.7834277534581009 -0.07474105463849813 -0.6169722277891592 -29.881521274850957 0.04286435105865834 0.9968763205613178 -0.06633437202875256 -4.809811074933126 0.6200029052511877 0.025522073890142462 0.7841843030974497 67.96550192543445
0.7782803449655797 -0.07573767395497275 -0.6233325832845166 -30.582522643534276 0.04405215511526073 0.996838930526217 -0.06611772997501787 -4.894366644519606 0.6263697887589722 0.02399898604605226 0.7791565544861971 68.83708056848963
0.7727432708234722 -0.07766538064319013 -0.6299491456035085 -31.2947620188674 0.045705533842131746 0.9967178056378564 -0.06681781274976159 -4.97971915753348 0.6330709609303271 0.022840853180317935 0.7737567148999402 69.71022472550395
0.7677664411768047 -0.07961484330302473 -0.6357642397371365 -32.00981169488405 0.046995260102265984 0.9965747760491094 -0.06804528837905133 -5.061756768173748 0.6390040198078762 0.0223649830874675 0.7688781894428225 70.57044077813266
0.7634447414180252 -0.0781933825709748 -0.6411223921555649 -32.743656147695475 0.04477440814839004 0.9966637619220263 -0.06823927055879146 -5.143838073927482 0.6443193146073818 0.023391036606865766 0.7643987704270137 71.43432072698013
0.7584830688404867 -0.07816858057442339 -0.6469877180389882 -33.49758946445514 0.04493095689324798 0.9966904017176406 -0.06774549606125316 -5.231684171851214 0.6501420178660771 0.02231403448298975 0.7594849837028493 72.31084490781909
0.755804287217483 -0.07751762449694556 -0.6501929692914428 -34.251667186249776 0.044070648797427295 0.9967383819569836 -0.06760455493787434 -5.318777080948067 0.6533128326753166 0.02244138645727569 0.7567553943221211 73.17456868893404
0.7511430266013838 -0.07779548153146734 -0.65553948518865 -35.017835016461845 0.043477340177927745 0.9967057073307256 -0.06846498276791525 -5.409894858283445 0.6587062125706467 0.022925881174892884 0.7520508822501234 74.0455295897639
0.7465211317573319 -0.07875656633920933 -0.6606841931650931 -35.780400969465795 0.0423312272427698 0.9965801038027544 -0.07096593481813851 -5.496759595342492 0.6640137551586363 0.025009997260076237 0.7473019690842369 74.89621697616657
0.7440263752983067 -0.08053154446943983 -0.6632792950227152 -36.55174207648902 0.042753139032407794 0.9964136260422494 -0.07302092125009207 -5.584270062118308 0.6667810149991819 0.025972219441225533 0.7448009947992537 75.7517950731991
0.7401189991551238 -0.08031505068743171 -0.6676626091992071 -37.3358993526617 0.041512874306513944 0.9964055212400778 -0.07384252507262114 -5.675398951196493 0.6711933762757416 0.026935661776989677 0.7407927657369544 76.61318320513402
0.7360251579438941 -0.0803997809945713 -0.6721628092134309 -38.107622530059444 0.042243252572809614 0.9964419464244786 -0.07293116629992047 -5.765729789535123 0.6756348677249686 0.02528482987527917 0.7368026892543503 77.45212896116153
0.7328860501511705 -0.08065008497862773 -0.6755542918868596 -38.89898637651128 0.04340226417651459 0.996468782003238 -0.0718763518644028 -5.857905341089471 0.6789655962993766 0.023356589775126165 0.7337984660354016 78.302299008975
0.728612822240369 -0.08153431142674315 -0.6800555207680408 -39.71006188926649 0.04396112292191505 0.9964090572292781 -0.0723630454230993 -5.949053983788823 0.6835135513933637 0.02282863840942161 0.7295807551806744 79.16382332494679
0.7257603953098235 -0.08222450318715177 -0.6830160903487963 -40.520985116728724 0.04491853556986636 0.9963768326350525 -0.07221864406370118 -6.039167505050525 0.6864795508694979 0.021733349115287744 0.7268242482018922 80.01778361124505
0.7226590083376061 -0.08259474982190435 -0.6862521875887644 -41.33244685004288 0.045327744659054064 0.9963606811239838 -0.07218579274534974 -6.13293342586978 0.6897168645412632 0.02105944947067762 0.7237728554977457 80.86352222474119
0.7204315296972584 -0.08298970291887797 -0.6885427511981408 -42.15558067692502 0.04567972943857873 0.9963368579833132 -0.07229265344665169 -6.225979823148007 0.6920200671486967 0.02062946032681935 0.7215834338662007 81.71863930865338
0.7189112719733768 -0.0852823572498547 -0.6898503479534743 -42.9719776177103 0.048036623436326566 0.996167792073765 -0.07309044290272465 -6.320001669742894 0.6934400232453113 0.019407461884235342 0.7202529309796344 82.56640769797829
0.7154791190792646 -0.08880201925847132 -0.6929674101551803 -43.81779784276129 0.05026148032808682 0.995861353450076 -0.07572283869356994 -6.419882643865535 0.6968238039539042 0.019348542069136807 0.7169813248355985 83.43909354218556
0.7126421404006109 -0.09270310964885467 -0.6953756633551884 -44.667523716424455 0.05383732281552628 0.9955342454959976 -0.07754423716029182 -6.518539109207875 0.6994588782746936 0.01782412707952895 0.7144505427925435 84.31238083675392
0.7084032674214544 -0.09658524473928179 -0.6991681494499448 -45.51513170770743 0.05891542128115976 0.9952274426439474 -0.07779016996800986 -6.617560502558773 0.7033447119598403 0.013915024507396116 0.7107127325798291 85.18385474665462
0.7007187012255273 -0.09980042572706166 -0.7064228031267874 -46.37727602998493 0.062445928332829664 0.9949469189224271 -0.0786201918174996 -6.719827804821956 0.710699520041671 0.010977410963728153 0.7034100430482011 86.0528077915111
0.6929219289538308 -0.10082254598695503 -0.7139285780773948 -47.23766950464154 0.06525728563182781 0.9948806481474535 -0.07716205423437901 -6.820373191186629 0.718053401250122 0.006878238321804772 0.6959540234747695 86.89767331565142
0.683840245520759 -0.09904046216377764 -0.7228786242935211 -48.1466340592376 0.06452955032128337 0.9950716446156529 -0.07528850654139027 -6.9236838000689485 0.7267726300167344 0.004838278235626728 0.686861074251754 87.7651571989193
0.6750481229398276 -0.09900231915492771 -0.7311009318263528 -49.041817447778335 0.06437906284904654 0.9950800702742565 -0.07530597592262742 -7.025474662990601 0.7349594328819069 0.003767564853676242 0.678100610140545 88.59630289544482
0.6670816970068336 -0.09978700413462224 -0.7382713344863933 -49.9712792648271 0.0637033642917732 0.9949995902232857 -0.07692656779944987 -7.129267726136722 0.7422559470266256 0.0042859376256080065 0.6701027830432259 89.43740225678702
0.6563226443687842 -0.10126620719049204 -0.747653490441942 -50.89550334491561 0.06354076518007354 0.9948499735552234 -0.07896898934076699 -7.234608482936799 0.7517999452308423 0.0043226610350287145 0.6593770976857469 90.25709312705388
0.6468061066176418 -0.10219174553966787 -0.7557768900844241 -51.81642526773288 0.06362340314265041 0.9947578561493873 -0.08005541956434098 -7.335730116518678 0.7599960019728232 0.0036952364783132824 0.6499172425876188 91.04914734067556
0.638396408175889 -0.10358432304338448 -0.7627059158337293 -52.754299974954165 0.06661721160556235 0.9946206607732365 -0.07932142384570692 -7.443423545772831 0.7668195179740951 -0.00017082931341314694 0.6418627561023635 91.84563102371877
0.6265630390647372 -0.10414350041226257 -0.7723813108820293 -53.70600265551457 0.06799130489011031 0.9945576014837029 -0.0789452961887182 -7.549138765878989 0.7763993434678452 -0.0030510084997340536 0.630233885799418 92.62970235673714
0.6170339206538271 -0.10373885479865444 -0.780068837198122 -54.668804485031046 0.06661940740262162 0.9946004329195965 -0.0795728181823081 -7.656787363567383 0.7841115962156727 -0.0028685956868873055 0.6206132256396855 93.39671693179658
0.6096129492084835 -0.10348250005683524 -0.785915659813012 -55.637888852611 0.0645319386887068 0.9946302979859393 -0.08090858556098163 -7.765122717866654 0.790068149621545 -0.0013937397134309165 0.6130174356763429 94.14961344190054
0.6008005989135086 -0.1028471519265938 -0.7927553870430387 -56.61422703220583 0.06189016341928672 0.9946971302997499 -0.08214150379300747 -7.874816214669472 0.7969995282414563 0.0002869042188815632 0.603979858661583 94.89208800243308
0.5933713019024165 -0.10299558845125237 -0.7983122239062932 -57.60461273204789 0.06024782487889688 0.9946807130189639 -0.0835492593949667 -7.982940495415619 0.8026709772229175 0.00147915775558502 0.5964202498375965 95.62802240822006
0.5846856464861487 -0.10174997736685336 -0.8048537984621301 -58.61018779938856 0.05782139324014697 0.9948070222417518 -0.08375962620658717 -8.094265020250361 0.809196750658851 0.0024352832163317614 0.587532712381884 96.36120477393344
0.5771201856226826 -0.09978401204165502 -0.8105402163296472 -59.64929828754638 0.055973104725496436 0.995006406088562 -0.08263935739169635 -8.204926869757411 0.8147387942734955 0.002324388864789126 0.5798235027335268 97.09848211199856
0.5709396064843442 -0.0983581740780397 -0.8150789135657582 -60.6930311224915 0.05617315827655406 0.9951510297719741 -0.08074035071150742 -8.318929017921853 0.8190680936507905 0.0003123072430249105 0.5736962266107792 97.83215622906073
0.5642663397625682 -0.09701405083307676 -0.8198730217246517 -61.76007112776041 0.054684026977067396 0.9952829382078437 -0.0801344501817591 -8.432703203129517 0.8237797976428685 0.00038321445518645775 0.5669097795435849 98.56630857350957
0.5589278805158158 -0.09832844177374797 -0.8233657400696516 -62.81606955690629 0.054382534881279226 0.9951534997482612 -0.08192711296435681 -8.54799960304803 0.8274310631599376 0.001014631526559652 0.5615663863167746 99.28400635927615
0.554675685439638 -0.09957944108424147 -0.82608644759215 -63.879955662307715 0.054221077880693996 0.9950284156729016 -0.08353757667619635 -8.664624360774527 0.83029811435142 0.0015449649917557151 0.5573173731256282 99.996793048842
0.5493126395398336 -0.10034632955959183 -0.8295699115720738 -64.94195156935324 0.05312904475537386 0.994948875218542 -0.0851706540114577 -8.780827174943633 0.83392621295002 0.0027110598067434932 0.5518692974876949 100.70080813489777
0.5456219979616337 -0.1030024338919348 -0.8316773015735687 -66.0029578761842 0.05355805985215013 0.9946749444408726 -0.08805276330939765 -8.899230248051262 0.8363182226672025 0.0035005019475644744 0.5482331410275072 101.39711347495255
0.5414183865827159 -0.10270494247200618 -0.8344566049004531 -67.07554812647135 0.05348550040044577 0.9947077391895229 -0.08772579348961299 -9.018165360273906 0.8390503154859563 0.002865028497276975 0.5440462845150467 102.09578982117424
0.538394198992714 -0.10148932867271886 -0.8365593838195556 -68.14550732198104 0.055370563015913296 0.9948364881334819 -0.08505564431324567 -9.136338283512643 0.8408720397553332 -0.0005272985884952133 0.5412337154260661 102.7871887213353
0.5360553836962465 -0.09979257574244935 -0.838263721890049 -69.209929337077 0.05780211071408566 0.9949968213864526 -0.08148767653978403 -9.253749867886919 0.8422016038973488 -0.004771504746240572 0.5391416243763694 103.47130662011305
0.5328305997773694 -0.09948438539781779 -0.8403537403991889 -70.27444129740636 0.05975991451038571 0.9950097528007085 -0.07990209289614625 -9.370350990902852 0.84410917810352 -0.007645187603417709 0.5361168217356254 104.15230039834248
0.530615186043085 -0.0990141503383367 -0.8418097899010437 -71.35252964630399 0.060366987389516 0.9950461718956156 -0.07898697759374662 -9.48477568166588 0.845460437379524 -0.008905831160440573 0.5339637955867096 104.83324956760649
0.529992589967959 -0.09896704591142305 -0.8422074438062285 -72.42620900412143 0.06264842469418688 0.9950220618037844 -0.07750013811009077 -9.596308820934572 0.8456849469290512 -0.011688470700336621 0.5335544491336341 105.51292048096016
0.527505988200713 -0.09925705725983094 -0.843733055531492 -73.46876919098072 0.06496875832963567 0.9949561739705615 -0.07642821677212776 -9.704335991626813 0.8470634526725224 -0.014499946964751018 0.5312939475323664 106.17309826680474
0.5261511559218547 -0.10027734942149387 -0.8444580595358752 -74.51180400945358 0.06674972769383118 0.9948293584194149 -0.07654424524165475 -9.815436026275338 0.8477673236064808 -0.016093502409818185 0.5301241026451161 106.82870667439339
0.523236579012258 -0.10099680451655282 -0.8461814981793176 -75.52624647207315 0.06917021940242601 0.9947093111278118 -0.07595305855233683 -9.922718325266363 0.8493756313500933 -0.018789141360894514 0.5274542681935097 107.46535417341873
0.5222897844578623 -0.10097277703900018 -0.8467690826594888 -76.51370860390645 0.0729426067382 0.9946158666739989 -0.07361150645494466 -10.026203600963909 0.8496427232508944 -0.02331900635452587 0.5268429241903525 108.08444503581973
0.5224383878458752 -0.10114997613922593 -0.8466562544693313 -77.50780868556737 0.07547242000769395 0.9945273080539876 -0.0722450507167885 -10.128317882589169 0.8493303507606361 -0.026155608613127924 0.5272132769713711 108.70299311628744
0.5205503168625 -0.10346126011811897 -0.8475394594171543 -78.5076251686617 0.07892519015536521 0.9942121164467964 -0.07289089016688773 -10.230465807146253 0.8501753830671003 -0.028948837025911254 0.5257031318734527 109.32532968597872
0.5192463940539207 -0.10572776199608479 -0.8480594452072919 -79.47749002621711 0.08162419915682649 0.9939170275372493 -0.07393532635706558 -10.329082383347714 0.8507177395435029 -0.03083152144832169 0.524717776439082 109.92235205836438
0.5203214688649273 -0.10780376785572209 -0.8471386643722233 -80.47195115001955 0.08330183653777941 0.9936763600093851 -0.07528675572723445 -10.433404924726501 0.8498978603736321 -0.03139489121829811 0.5260113950645116 110.53385686191541
0.520103272332394 -0.10896811058884784 -0.8471236845843896 -81.45081920003494 0.08374350833791605 0.9935551386795672 -0.07638855421254778 -10.53628777155388 0.8499880063391442 -0.031211172328552413 0.5258766507475725 111.13747664099742
0.5230906117171151 -0.10969067076288107 -0.8451888361076498 -82.4350000634094 0.08344342598935635 0.9935101470575494 -0.07729671631347247 -10.6417196526781 0.848182413512903 -0.03009226547264028 0.5288487959390198 111.7409300608359
0.5266262475010988 -0.11044330442189454 -0.8428920879633907 -83.40192993961493 0.08240008627530213 0.993487585310788 -0.07869335178503185 -10.744834225681206 0.8460939789554908 -0.028012396215117724 0.5322971768040414 112.33945700970368
0.5324048250929576 -0.11051758579836125 -0.8392442823439665 -84.3673310719334 0.08173133124146488 0.9935197262508525 -0.0789844481143552 -10.848674835499198 0.8425349201731851 -0.026540851149373126 0.537987445493881 112.94520701878362
0.5386718375768529 -0.11076379975617201 -0.8352029885394039 -85.32179315657713 0.08217854954802781 0.9935010244782004 -0.0787553195342946 -10.949593068452574 0.8384982632037823 -0.02621249748385562 0.5442734308965484 113.55461966644513
0.5439161593202556 -0.10991651718485866 -0.8319095929728503 -86.26392646475773 0.08173413591397534 0.9936096504766482 -0.07784210625406512 -11.049328434669098 0.8351495331117048 -0.025655832273072488 0.549424276505578 114.16445054313762
0.5500221584713377 -0.10833753969323592 -0.8280933538458978 -87.18700211634619 0.08092255770783252 0.9937981874665344 -0.07626730782093814 -11.146129087057098 0.8312202865934838 -0.025062722945596916 0.5553779749629968 114.77092225241503
0.5582530622551234 -0.10820425888875868 -0.822584559082598 -88.1263786643481 0.08178023618517691 0.9938073123841576 -0.07522645027697518 -11.244771769947553 0.825630372171636 -0.025275763294350287 0.5636449452781547 115.40415990824097
0.5657859211223168 -0.10755569094997303 -0.8175072261479073 -89.05703009917069 0.0816677289937445 0.9938907029105746 -0.07424050585043639 -11.340481264013452 0.8204978205338367 -0.024759725608299168 0.5711131958614036 116.0449670763236
0.5755275374318138 -0.10822545466935592 -0.8105894797116994 -89.9764415084755 0.08209546868043578 0.9938432517538398 -0.0744037967142373 -11.437747421811181 0.8136512690826531 -0.02372428934584029 0.5808689786993476 116.69021960632331
0.5856542682301767 -0.10985878569585197 -0.803081642991053 -90.88091450915755 0.08203051837294689 0.9937189606289305 -0.07611584159702821 -11.531880776838655 0.8063994495033102 -0.021299635959122345 0.5909875238520413 117.34212635988428
0.5960774844814368 -0.11049496013455501 -0.7952876814581914 -91.77189689377441 0.08114823971312474 0.9937045896944279 -0.07724086749700707 -11.625033147755016 0.7988157457672852 -0.01849465341908456 0.6012914036548038 117.9997752473344
0.6073063493061359 -0.10849527171155993 -0.7870246337368918 -92.66568820168241 0.07943160326451454 0.9939596250590166 -0.07572901792158832 -11.718647363612359 0.790486950237183 -0.01652391505588991 0.6122559446309552 118.67519677306798
0.6175833931430632 -0.10731486736249843 -0.7791497107468308 -93.5188167805302 0.08050186819191174 0.9940697723884303 -0.07310770712603851 -11.809098827067126 0.7823747195120205 -0.017572901484499377 0.6225600303600476 119.34838086314025
0.6302984148215289 -0.10549406906202788 -0.7691520718727891 -94.36985833406807 0.08121314832847845 0.9942485642458617 -0.06981559305498514 -11.896288538123288 0.7720934741415995 -0.01846060366777926 0.6352407994612569 120.03427966210896
0.6412392163165963 -0.10596508656014894 -0.7599892551135033 -95.20273533679371 0.08315307854861997 0.9941825871039234 -0.0684583744127545 -11.98321402955221 0.762822281390341 -0.0192972518678175 0.6463201861962734 120.73291405472635
