1.0 0.0 0.0 0.0 0.0 1.0 0.0 0.0 0.0 0.0 1.0 0.0
0.9998392295297734 0.00196598602643819 0.017822738068356856 0.019639648497104645 -0.001956665020996454 0.9999979397091194 -0.0005404068026593768 -0.0019381472375243902 -0.017823763780554763 0.0005054467930468639 0.9998410163462162 0.16644249856472015
0.9992056729380735 0.005428682868650581 0.039478507705882064 0.04230455468602672 -0.005425204859588126 0.9999852644101103 -0.00019523030890499795 0.0009067837282996328 -0.03947898581021644 -1.9103759667912163e-05 0.9992204007697417 0.38769024673190955
0.9979695360134673 0.006815327142735529 0.06332737563647065 0.07679895395954581 -0.006852453428109826 0.999976453552401 0.0003690837016006727 0.002070929632763582 -0.06332336907556915 -0.0008022821827098882 0.9979927390879249 0.6116372160633612
0.9955772505437228 0.007519813193566322 0.09364502447720031 0.12381046005130164 -0.007740012303499687 0.9999680686570672 0.0019884355148595614 0.0017616412359738095 -0.09362708160219059 -0.0027044548043824333 0.9956036638717577 0.8457588096536027
0.9920497582600777 0.005065097427563838 0.1257442719338377 0.19235498561365705 -0.005547633975757386 0.9999785301226796 0.0034875565882858026 -4.2526988185094495e-05 -0.12572390740584172 -0.004157412865564305 0.9920565583800516 1.1128937206747627
0.9869246615906404 0.003873096111413541 0.16113569272731515 0.2679718547032204 -0.0045625363587174835 0.9999819519578751 0.0039088387653277885 -0.004063430674338527 -0.16111764523532285 -0.004592916832439007 0.986924520674603 1.3768168420319693
0.9799133706794213 0.004200855199984227 0.19937938403777788 0.35211895029859724 -0.005175909399065091 0.9999770585451326 0.004369478838142308 -0.008381527000554993 -0.19935645443673905 -0.005313680364217374 0.9799126332869678 1.662486412823263
0.9707020945911381 0.004478453783345059 0.24024443179413746 0.4585590172999363 -0.006213546758678995 0.9999597956824807 0.006465203425207632 -0.012136151427517271 -0.24020581881597963 -0.007768556517271987 0.9706908952578998 1.9645367306349564
0.9599313204658695 0.002588542875792998 0.28022340986154703 0.5777571481834505 -0.005686702664177829 0.9999313633285691 0.010243536727046117 -0.014825234994229773 -0.28017766042541936 -0.011426638948058664 0.9598801542488985 2.2438967660981852
0.9477077567547905 -0.003283635392026252 0.3191225869872194 0.7195468286899873 -0.0013977294646181364 0.9998947699454732 0.014439369377958743 -0.025753991561064112 -0.319136419324318 -0.014130349404796292 0.9476034397819331 2.5119370887910066
0.9327048725019855 -0.007800713728530774 0.36055619489391766 0.8747387453554868 0.0013104548546982705 0.9998327483939391 0.01824165417652972 -0.031417659158491894 -0.3606381892134124 -0.016541587116955195 0.9325590985972543 2.7843345026333095
0.9130368908417553 -0.009724652395045538 0.4077610416626584 1.05444819055026 0.0010689348099578713 0.9997693530403748 0.021449897426387032 -0.03631033030589513 -0.40787558561452636 -0.019148677683485084 0.9128366966783168 3.0869265874337515
0.8895238644758038 -0.011455473355626598 0.45674507841708645 1.2580201415703032 9.401185282221104e-05 0.9996901962489801 0.02488981087608167 -0.03763459953882279 -0.45688870164385054 -0.02209714130547464 0.8892493635962426 3.3818972535348033
0.8642378397864431 -0.016624513972829172 0.502808693059726 1.4737795271595295 0.0028978481443699203 0.9996017805040494 0.028069251669160408 -0.04173048165913802 -0.5030751025019968 -0.022801446188821007 0.863941858746469 3.6515496592183707
0.836001808158947 -0.020894905800441673 0.5483287149753897 1.7189624163600385 0.005215219629144639 0.999532160114328 0.030137391748545593 -0.04454327398960744 -0.5487019028937217 -0.022335259317415333 0.8357196646914758 3.929178281705769
0.8072212265293247 -0.025523116346117793 0.5896969238282284 1.9688999469391355 0.007687094181163361 0.9994345171130243 0.03273460838479722 -0.04435756897669937 -0.590198949527651 -0.021891014938523218 0.8069609553388681 4.183618614955584
0.7752101245221744 -0.028082921723931994 0.631078927191966 2.2248983273169793 0.008492608732112309 0.9993843793945913 0.03404023823375932 -0.04401417950911543 -0.63164637134653 -0.02102883091223448 0.7749713864622529 4.420213005130472
0.7398068064732254 -0.030172874094771058 0.6721424601710183 2.5148207458480516 0.008169124186218079 0.9993231217606243 0.03586870118405181 -0.03668803568481427 -0.6727697633707374 -0.021045094047348577 0.7395525333001169 4.677743549046373
0.7038102752670818 -0.02962658745914868 0.7097699357848288 2.8355879927580165 0.004484803295628087 0.9992953714752176 0.03726455537916238 -0.027004278376424294 -0.7103738332511089 -0.023043998431968152 0.7034472198881686 4.9505758286242765
0.6682877742363496 -0.030343345774093346 0.7432837494345346 3.1588871457365046 0.002870588917095726 0.9992655151543773 0.03821243177980302 -0.02346573302830648 -0.7438973118149408 -0.023403238888898774 0.6678840302657447 5.192386477207273
0.6336610410919921 -0.031492907657831616 0.7729695218891027 3.497812497630581 0.0024196947016413978 0.9992468419555735 0.038728463942741 -0.018584780273771542 -0.7736070256142739 -0.02267036852520559 0.6332599974032528 5.417303146757889
0.5981432348061403 -0.034308516804215185 0.8006544799914265 3.9115007141893394 0.002965406394663153 0.9991710913757865 0.04059971088362817 -0.012672223301238066 -0.8013837264510436 -0.02191017648524514 0.5977491674154172 5.681524182047976
0.5639670799427988 -0.03455335310139934 0.8250740563914507 4.339936459173523 0.0016181673978370864 0.9991685447142613 0.04073819814200942 -0.000819976534398718 -0.8257956855512538 -0.021639894709426358 0.5635540796426725 5.943697557779904
0.5308330719878664 -0.03464996307034486 0.8467677543123312 4.80354271136246 0.0020222692379951827 0.9992127610012997 0.039620306400739685 0.009121376120886015 -0.8474739878669161 -0.01931937657853308 0.5304852510462126 6.200844972278341
0.49708230285161825 -0.03447282253485694 0.8670183439225565 5.32841901481161 0.004731224558042589 0.9993033257712562 0.03701997591420265 0.02400689408566669 -0.8676904976464324 -0.014299916397903479 0.4968990970862188 6.466084106942899
0.46618657137310193 -0.033997453777965404 0.8840329483724049 5.893702876343635 0.008263783334055377 0.9993850876010886 0.03407574746902135 0.0364991894375961 -0.884647834200932 -0.008580199134043 0.46618085506208917 6.733520883271108
0.44118096588819383 -0.032566232289008124 0.8968270713200281 6.456942028562528 0.010086169235724468 0.9994581625242271 0.031331303098402576 0.04924017361279297 -0.8973614792981193 -0.004777224946976069 0.44127038603751473 6.992124964867286
0.41797453542300167 -0.03159052415788616 0.9079093162432886 7.073089760258264 0.012101781325113317 0.9995001501578794 0.029206107634116206 0.06102516255638502 -0.908378134163678 -0.0012200892616744726 0.4181479125327645 7.26254753275116
0.40035081907464265 -0.03234444593884238 0.9157909469323073 7.710304837240395 0.015118235962204388 0.99947399826058 0.028690865138600113 0.07191315975721467 -0.9162372294376899 0.002358732269574554 0.4006292248132013 7.527948297521431
0.3895087306205557 -0.033183986096562805 0.920424777935224 8.350191205447764 0.017553386721437934 0.9994366779949531 0.02860428801806257 0.08017118061863254 -0.9208554866997162 0.0050149521588703 0.38987180312235103 7.7884837862356715
0.38102570632849814 -0.03455921445446512 0.9239183252935077 8.985826483095625 0.018546544370510926 0.9993857852502844 0.02973344802718883 0.08806583897721382 -0.924378405637422 0.005806284178642871 0.38143262872394007 8.046385596562802
0.3726254157249662 -0.035440150619549124 0.9273048556326337 9.63024087562002 0.018779709735880834 0.9993538219064848 0.030647367637984105 0.09654649020165115 -0.9277917988740966 0.005994527918474038 0.37305018908586884 8.306591914094595
0.363130629081768 -0.0359419555172191 0.9310447476122067 10.342617406861821 0.01877932739222761 0.9993350466547968 0.03125382200868471 0.10527659390451141 -0.9315489697731273 0.006135174085000264 0.36356412990498915 8.588728799794966
0.35590679174731576 -0.03676367377537707 0.9337980444821411 11.071797305278965 0.01839876182032301 0.9993078786443723 0.032330314609722896 0.11867646920667671 -0.9343403240530787 0.005674149259782452 0.3563368671335677 8.869369720913973
0.34791807577109657 -0.0366155416663758 0.9368096469722201 11.779259207898315 0.018354912674318317 0.9993115482685366 0.032241691609755006 0.13324694674173357 -0.9373452457512418 0.0059775919581629994 0.3483506260392337 9.132036858696802
0.33757892029445635 -0.0371192842592458 0.9405650595832863 12.570580039872754 0.018331603834419154 0.9992919170641508 0.03285752259548546 0.14728692339573027 -0.9411187092358154 0.00615005905144296 0.338020342435151 9.419415797100847
0.3292724074999849 -0.03841129389592625 0.9434533661821366 13.359055595272665 0.018207160178388488 0.9992447477099089 0.03432831910243851 0.15839211058413732 -0.9440594160207304 0.005874238282630317 0.329723084340779 9.692172474665153
0.31866335786502203 -0.039651763349926095 0.9470382262704239 14.131822979732783 0.015677186557972032 0.9992084475312917 0.0365609655744045 0.1702901435618501 -0.9477383025792593 0.0031962548940451495 0.3190327471888064 9.959123081568668
0.30606667506398455 -0.04354340744620254 0.9510137549390396 15.029616514570952 0.016472681095460344 0.9990461252792298 0.04044119610107197 0.1853013352575111 -0.9518675544385389 0.0032880438762414 0.30649200246444175 10.247278904769045
0.2937895743382851 -0.045090091452834075 0.9548060377180826 15.87685948931918 0.01765961020470133 0.9989723423938789 0.04174203276680623 0.19994436946197697 -0.9557069761059337 0.004598128408621938 0.29428393268676867 10.503167537851583
0.2784452304413458 -0.045258287050989096 0.9593851891173202 16.705700431077634 0.01864139578761383 0.9989556479926838 0.041714646188200914 0.2181588754184746 -0.9602711867006921 0.006269034752457894 0.27899811324759366 10.740256634857488
0.26340351650052624 -0.04404495700944881 0.9636797337586762 17.537136178760218 0.018964318314783374 0.9990005343667552 0.040475757754410355 0.23630351852822312 -0.9644993219935476 0.007614072298970095 0.26397553632299614 10.963899352994382
0.24588321393189133 -0.04290656183878154 0.9683493543436165 18.324755916017892 0.02001672310688408 0.9990315265375553 0.0391834120528638 0.25301848758548934 -0.9690927591838597 0.009748637608250389 0.24650393133213294 11.15789123344936
0.22545424734454306 -0.04162399335642217 0.9733641792933261 19.19441337950456 0.018564589217070347 0.9990890586279517 0.03842406742023527 0.27093125327027884 -0.9740768647193645 0.009407236947046291 0.2260216040813689 11.363128830481877
0.20263268558019337 -0.04093736675711896 0.9783987565085882 20.039121032096205 0.016543979190054618 0.9991263209907486 0.038378268017858055 0.28746121326757124 -0.9791150552856992 0.008409917150878372 0.2031329165999391 11.543462560548264
0.17644606151482667 -0.03997987253434556 0.983498041262942 20.86507181278933 0.014683510851937557 0.9991705123718693 0.03798265019185966 0.30376867846188693 -0.9842007833186109 0.007739315129494726 0.1768867465819849 11.696405143597028
0.1449622024317821 -0.03986786154103735 0.9886336598974726 21.728699121081796 0.013502205362641066 0.9991745568326518 0.03831312345161805 0.32089989714785955 -0.9893450612988736 0.007794779946767808 0.14538084842615745 11.827612430502745
0.11087792117210515 -0.039798844947169204 0.9930368263752477 22.580669058246183 0.013602776680221315 0.9991650216786374 0.038525626802379094 0.33804292450182416 -0.9937409376005101 0.009236416772718073 0.1113267153115558 11.92275089378352
0.07436590749205085 -0.03946343337329122 0.9964498729134724 23.43659044756203 0.014350030879446753 0.9991555708356759 0.03849963482675732 0.3577264053379944 -0.997127769353879 0.011436026164124749 0.0748694122384489 11.986026156433006
0.04062050605734774 -0.03844778338988345 0.998434646053536 24.286938722999782 0.012463720232664897 0.9992011398251696 0.03797022320245279 0.3781359452174356 -0.9990969072945863 0.01090184041741699 0.041067258368514714 12.025889414661581
0.012093421529385029 -0.03599548333401676 0.9992787770863862 25.109035920763223 0.011005327672075462 0.9992961191455739 0.035862919895422396 0.39973405049786004 -0.9998663070223655 0.010563684970016621 0.012481051290311573 12.04050223127699
-0.01676791922687204 -0.032697256040003314 0.9993246351072587 25.967088343068507 0.013351928985221612 0.9993687105413843 0.03292273353208738 0.4210700372604728 -0.9997702550472158 0.013894957297728492 -0.01632076237556357 12.028325698865194
-0.04198429618163729 -0.028261914557272172 0.9987184703707496 26.834162741925585 0.017464556160087595 0.9994263623661375 0.029016124581360103 0.4430439940762775 -0.998965619104213 0.018660396382373844 -0.04146663061533912 11.989749693512627
-0.07091617890181073 -0.02450982854143136 0.9971811088637991 27.703447918928788 0.02030630377902799 0.9994554227013037 0.026009845439604478 0.45910187917528655 -0.997275563521337 0.022093581371699724 -0.07037985553673637 11.928657156008702
-0.09968495602792543 -0.021560152891428003 0.9947854388505136 28.580787368136438 0.02441469139478312 0.9994112157338486 0.02410694318009383 0.4715778922835742 -0.9947194742166298 0.026690479064434534 -0.09909987861497555 11.839274984779431
-0.12396740055686967 -0.017953514278003194 0.9921238606768019 29.418905955545075 0.030231666880813544 0.999303830559884 0.02186093652957837 0.48569988360988164 -0.9918256550003031 0.032703601535798286 -0.12333833357803875 11.728632561350777
-0.14874924347619362 -0.010208753653132658 0.9888222509198051 30.279195635663307 0.0348697802487255 0.999270693617085 0.015562111149700313 0.49670546281292244 -0.9882599662996908 0.03679486685503407 -0.1482847827069746 11.59810892085523
-0.17347026268133547 0.003625666990221151 0.9848324337186223 31.102238515076195 0.03897928995006633 0.9992349357048504 0.0031871965599844614 0.502628060080504 -0.98406741787352 0.03894095281062522 -0.17347887270196194 11.452850805946186
-0.19629560887829767 0.019602236168920907 0.9803488084719012 31.91223948296881 0.04308535128291644 0.9990069410700322 -0.011348312593730732 0.5014196313966751 -0.9795977166367458 0.0400110488624728 -0.1969452450022562 11.288791978776537
-0.2196801392898639 0.032573604342005257 0.9750279979066021 32.78295777085034 0.0449097392532198 0.9987205354150992 -0.023246665575647883 0.48677022584016544 -0.9745377118007257 0.03868142241889123 -0.2208619384091734 11.099459763228465
-0.24370856838286475 0.040807837374270434 0.9689896047458971 33.63088894102126 0.04866711261176304 0.9983702589221335 -0.02980500377094943 0.4611331266134306 -0.9686266803298414 0.03989419141413236 -0.24529738613487923 10.884452701589648
-0.2666824305825129 0.045236898111746845 0.962722236300705 34.44235101222416 0.052371437347343175 0.9981021943950361 -0.03239200663723891 0.43223551585196746 -0.9623604905485138 0.04178076821985272 -0.26854544054625556 10.660933562884574
-0.28796816960844457 0.044592809833554986 0.9566011784455999 35.24087718363993 0.054510571969707974 0.9980589300140366 -0.03011593868322775 0.4010773999044874 -0.956087302936242 0.04347244564531708 -0.28983998280726836 10.42173097920571
-0.30484803166478736 0.040884419047451104 0.9515230642865454 35.99536174819665 0.05705934808479585 0.9980675773692523 -0.02460369485280578 0.372787117276494 -0.9506902273539174 0.046792897788278665 -0.3065917747271326 10.173220619560858
-0.320445868818335 0.03846542524348902 0.9464855287948678 36.75624972688572 0.06124481803545724 0.9979259554032893 -0.01982069111399538 0.3442297294681578 -0.9452848869103253 0.051615875399631084 -0.32213705776526785 9.90881533837889
-0.3352274549298717 0.03926620772624237 0.9413186062072928 37.52275808281611 0.0637945776147512 0.9977840138546283 -0.018902739566057324 0.3178628802986612 -0.9399748961159528 0.05371430560796897 -0.33698956667062774 9.632182186484574
-0.34857588732164607 0.04189297317513664 0.9363438628925139 38.28346442097951 0.06602957243080967 0.9976161388586817 -0.020053305296141213 0.29259565824500655 -0.9349518417236965 0.05483628622767106 -0.350511105915669 9.344478525447377
-0.35939503497357284 0.04379698342863567 0.9321571933310905 39.06495393967443 0.06689017818997997 0.9975376537978142 -0.021079215290534675 0.2670862354638785 -0.9307851056490198 0.054776395446431064 -0.3614396679998464 9.039594067300863
-0.36876810786217024 0.04436404337721968 0.9284621232333493 39.83883013599363 0.06235236878036782 0.9977911825510606 -0.022911528339100255 0.2414839633740095 -0.9274277679319464 0.049442771752608604 -0.3707197696241566 8.744077200459463
-0.37695761239887754 0.04380131657927981 0.9251942515604276 40.59794774913128 0.06215154095019887 0.9978260497611944 -0.02191712516473613 0.21541526112285458 -0.9241429242341542 0.049240421240000214 -0.3788604446284331 8.43323809841585
-0.38584805963302626 0.04543383003433336 0.9214429130259998 41.32056341754557 0.06387404716609901 0.9977054800352329 -0.02244729841848859 0.1874976625666414 -0.9203485106067439 0.05019504154871305 -0.38786476615938104 8.12128206984765
-0.3916275468879383 0.04780975844812632 0.9188808908208222 42.04167442935586 0.06599314613207202 0.9975367708904558 -0.023775941306995955 0.15926504772477673 -0.9177541986731127 0.05132852733689661 -0.3938179948901507 7.80694966483821
-0.39709734027867805 0.05150164572877143 0.9163303349943338 42.80486540168142 0.06778056520723591 0.9973434094682794 -0.026681802232524206 0.1310761111290893 -0.9152701772284441 0.051514115322074706 -0.39953322590092133 7.474212675252533
-0.3984976269985518 0.05369078056622031 0.9155964948374982 43.5724965043513 0.06730623992885118 0.9973053253533437 -0.02918832109767972 0.10264200266924631 -0.9146964039194441 0.04999388066605067 -0.4010375301050834 7.143901307045529
-0.39759310190418745 0.05487937698365752 0.9159191991109764 44.34603720470109 0.06965523384639079 0.9971345840048755 -0.029508808502357032 0.07170786551477479 -0.9149141346137414 0.052066067292525234 -0.40027646810758083 6.804524750438223
-0.3946667892900838 0.05496205255916037 0.9171789891891009 45.17174983449481 0.06861326410862446 0.997185167646795 -0.030231794746486573 0.03802793829378275 -0.9162588855884657 0.05099915885304032 -0.39732699427104834 6.455407512146613
-0.3885718717038143 0.054548790925877735 0.9198023319872154 45.965890188784826 0.06686554266378486 0.9972835175321595 -0.03089635679106166 0.0031552551507747426 -0.9189890639854602 0.049497626884608265 -0.39116375753374705 6.12678997565628
-0.3822830389219828 0.05450869122476352 0.9224361662107236 46.754713859993586 0.06548031338494091 0.9973470735186611 -0.031798482711800496 -0.032935789955611104 -0.9217223045535917 0.04824538863690639 -0.3848381163082605 5.805643076994682
-0.3763994622652966 0.05423729462063504 0.9248685099399968 47.60626010964229 0.06345979743233196 0.9974496064165674 -0.03266705939141291 -0.07111773083617143 -0.9242815041513289 0.04639610470361858 -0.3788813832218309 5.4654958830185
-0.37105329576789425 0.05336244498000299 0.927077074015715 48.48150168632727 0.0601438136387501 0.9976323920202183 -0.03335164273322898 -0.10825405677573965 -0.9266618441377474 0.04338271381292094 -0.3733842079700953 5.128103552985972
-0.3680734452246178 0.05211356530534782 0.9283351308830479 49.37433724303466 0.056235588407653456 0.9978479761577643 -0.03371906099373043 -0.1463410061174871 -0.9280945520349342 0.03979438137500279 -0.3702119794037676 4.788583664584529
-0.36774467074500455 0.050665184579172 0.9285455811160843 50.27459800098174 0.054510986274956756 0.9979721777459887 -0.032864643924135226 -0.18904308481135526 -0.9283277489733783 0.03853013776885769 -0.36976075909908707 4.4373788398093605
-0.3680057846485874 0.04968781395165939 0.9284949453873634 51.16377361413436 0.05352593935671458 0.99804732004723 -0.03219504251470898 -0.2337973207172842 -0.9282815932038937 0.03785060225739992 -0.36994677404674486 4.088697144671937
-0.3681036642298038 0.05009056249766221 0.9284345038446492 52.10442575884668 0.05458211350092228 0.997989872650998 -0.03220259262570979 -0.27726786429182126 -0.9281812782352187 0.03882202512379766 -0.37009777775464003 3.71522543929767
-0.36810943018058395 0.05012745252637123 0.9284302267350747 53.04189103777853 0.054928052743606556 0.9979740675359472 -0.032104042542213454 -0.32163643945119813 -0.9281585836665637 0.03917906365615535 -0.3701170686919283 3.3437621415427325
-0.36678428687140513 0.04996087246740895 0.9289635074245547 53.964880845198934 0.056014608959139164 0.9979312238694418 -0.031553700410463764 -0.36382511702743425 -0.9286181402963168 0.04046212610249088 -0.368824031028181 2.975817731522275
-0.36742343736675315 0.050686011559563086 0.9286716028315842 54.93357218409102 0.057540322983068014 0.9978399151038126 -0.03169566305695612 -0.4087194494617428 -0.9282721200728825 0.04179033450212759 -0.36954626102505267 2.589945960093959
-0.36637478170568866 0.04996896415488555 0.9291246536129567 55.90676437908411 0.05674939892553385 0.9978980092439245 -0.03129007620002345 -0.45779911117515526 -0.928735174875863 0.04126337078209218 -0.3684403739820053 2.207852896777044
-0.36608748923180795 0.050250007337063016 0.9292227327129791 56.87602371240358 0.057593337292060315 0.9978502533642926 -0.031271062667910784 -0.5047658720701987 -0.9287965103980066 0.042069093446882616 -0.3681945595049491 1.826143051806227
-0.3649214086054797 0.0502449059163927 0.9296815664359735 57.84753739109114 0.057927411839441535 0.9978334414835128 -0.03119035130858185 -0.5536985381908959 -0.9292345131875895 0.0424720200440463 -0.36704134237766994 1.4425945087529137
-0.362857418264816 0.04961011224878308 0.9305231489720476 58.7742376186357 0.058668151916634444 0.9978169842428948 -0.030320189760310583 -0.6005096758899628 -0.9299959902929038 0.043590167688111546 -0.3649758284051744 1.07886853582314
-0.3610360059946706 0.04801503446610654 0.9313149622123738 59.755020345744775 0.059314204848396335 0.9978338483222977 -0.028450593060896142 -0.6512404180555726 -0.9306636489509081 0.04496851796015558 -0.36310192083469967 0.6948271736662817
-0.3583242084939352 0.0469364122770485 0.9324166101103917 60.71337052744499 0.060344225288041335 0.9978113594019136 -0.027038223367887575 -0.700558948237495 -0.9316449624624079 0.04657750799543273 -0.36037230702060674 0.32233081138341957
-0.35765671670799176 0.04663748510933741 0.9326878459465074 61.67257156866438 0.06199612419107396 0.9977346396405606 -0.026116459304545696 -0.7514361091435019 -0.9317929778544934 0.04848230444190323 -0.3597378386784719 -0.05083658514266054
-0.3569370265770004 0.04682831210891655 0.9329539475469301 62.65606047236329 0.06103990289641077 0.9977773781625745 -0.02672889600069505 -0.8008162690367738 -0.932132012814047 0.047406885702913744 -0.3590020861710756 -0.42420377760691635
-0.35551089432011324 0.046749792809635975 0.933502255429503 63.618116491311866 0.06059507140579324 0.9978000803025573 -0.026893067313658876 -0.8492391689449326 -0.9327058707551056 0.04700485741352991 -0.35756160593454894 -0.7937007414801585
-0.35484662187093274 0.04834023139238733 0.9336739778829215 64.59855952648154 0.06048350324665644 0.9977573423571979 -0.028671093584190593 -0.8974698672493362 -0.9329660340986694 0.046298032368904896 -0.356974608924737 -1.1672797147663867
-0.3550978915724777 0.05065315951484105 0.9334558076480884 65.56176016324798 0.060036793606358246 0.9977052863750173 -0.03130087782814379 -0.9441182734725763 -0.9328992822455425 0.04492681794328315 -0.3573240968857861 -1.5316925208146055
-0.35657887544682476 0.05140703855594751 0.9328498389194185 66.48891738195358 0.05884898443249931 0.9977381042800233 -0.03248803316559373 -0.9902673442560617 -0.9324099434349363 0.0433127193167618 -0.3587975832263174 -1.8809762003225827
-0.3591795878668761 0.04924203040947969 0.9319684791348543 67.4369375597601 0.05731267150475142 0.9978860922640677 -0.03063665371638211 -1.039376536542871 -0.9315069947911127 0.04240954264196834 -0.36124250767058064 -2.2445081707420407
-0.36193600094815975 0.046800688435394554 0.931027403882199 68.37946410649587 0.05947460612965295 0.997863530749598 -0.027039697218521935 -1.0889808757205814 -0.9303037689074342 0.04558584826368618 -0.36394618832281206 -2.61642849386579
-0.36463893221254895 0.04548400591042697 0.9300374478058572 69.35256669521165 0.05825191206110094 0.9979641366133908 -0.025967225009911454 -1.1344815218316104 -0.9293251120335219 0.044707798422980435 -0.36654610747360583 -3.000824517814771
-0.3675000857334712 0.04743874874814952 0.928812818657829 70.29898046620877 0.059109080781721515 0.9978705078936532 -0.02757836190209013 -1.179890915373841 -0.9281432020733822 0.044766221565737244 -0.36952155803375814 -3.3765056412600067
-0.3711262659698234 0.05014919079827325 0.9272272393375718 71.1857042423443 0.06080379983603636 0.9977100272266719 -0.029624305845932657 -1.222496345031319 -0.9265895491709344 0.04538458145265328 -0.37332565828452285 -3.734989323111696
-0.3731797620763917 0.051617914618985655 0.9263220045248819 72.0898722971838 0.061040400029142974 0.9976537226834563 -0.031001922200470735 -1.2678945682877927 -0.9257488507910179 0.044973775761313894 -0.3754549570226515 -4.098348542260068
-0.3755040420357013 0.052382698552290594 0.925339271460598 72.98629278591267 0.06160772542241681 0.9976040976199775 -0.03147304529445135 -1.3135090812184311 -0.9247708919419592 0.045189792035484545 -0.37783154991697454 -4.4638300235836565
-0.3773315672013927 0.05135577568343597 0.924653163460383 73.86234444896144 0.06178292356512266 0.9976327101853025 -0.03019678665147334 -1.3634365483192643 -0.9240150208460289 0.045733574890675185 -0.3796112239892703 -4.819854491349892
-0.37953342238650134 0.04570265611049491 0.9240485098283725 74.83335025549111 0.06201724615874912 0.9977894186998217 -0.02387754404366764 -1.4140089348643006 -0.923097092656279 0.04824461788757388 -0.3815287857742943 -5.217751662331265
-0.37948860188567746 0.0385114255408666 0.9243945430072943 75.77354631179682 0.06256308023363118 0.9979145011143633 -0.01589054616279661 -1.4551244311564915 -0.923078686803316 0.05180268881517666 -0.3811065722353578 -5.6020131044174954
-0.37967845421359026 0.03624459118401744 0.9244082436974924 76.70435846251478 0.06178636099188981 0.9979946459481221 -0.013752536284720285 -1.4921060820674577 -0.9230529329357872 0.0518942797308732 -0.3811564858819214 -5.981339223523333
-0.37975708181114964 0.03980576137466634 0.9242294413053844 77.63515027842924 0.06009330547301601 0.9980251429678847 -0.018292310987410056 -1.5301343487135362 -0.9231323596600904 0.04859336750335851 -0.3813991756455132 -6.364413546326433
-0.37819800765689165 0.04527879158452561 0.9246167303466896 78.51132885592983 0.06079719422011913 0.9978616216401726 -0.02399760889351879 -1.5676728580776944 -0.9237261326709983 0.04713825506200109 -0.38014210070760496 -6.7264696140551035
-0.3769982200319571 0.04864242409548042 0.9249358121896093 79.41022439278078 0.0648159730554021 0.9975573426771116 -0.02604299729027757 -1.6085910647402102 -0.9239433054736735 0.050132451058126436 -0.3792301486186021 -7.107014588989892
-0.37534712103185186 0.04809355538239416 0.9256357537734706 80.35202333698729 0.06739353513077552 0.9974257309704563 -0.024495359165119253 -1.654725835906353 -0.9244309872325124 0.05318760314896557 -0.3776220712770785 -7.494364250933713
-0.3739262523114262 0.046048308682090366 0.9263145853865471 81.23916329734057 0.06846147809931627 0.9974123347883004 -0.02194676351101019 -1.694506706698624 -0.9249282046995801 0.055210394670481125 -0.3761111916329283 -7.85384697596834
-0.3724333240358904 0.042416951830314055 0.9270891118684345 82.1344993122147 0.0687296379781095 0.9974724397803623 -0.018026889415815383 -1.730229469827602 -0.9255104840092173 0.057004684685005025 -0.3744072781250221 -8.210603785883402
-0.37029633599765593 0.037751516716227014 0.9281462419965595 83.05525164048474 0.0693094275277088 0.99751152970326 -0.012920966095621603 -1.767248233909187 -0.9263243637098685 0.059544698292017195 -0.3719914005764385 -8.577502719766072
-0.36863346066520036 0.035047280245400075 0.9289139141090519 83.99051810723452 0.06480642852441348 0.9978265474167118 -0.01192929555149939 -1.7986813565234374 -0.9273130531271028 0.05580205567759422 -0.37010354238002957 -8.934961290719556
-0.3668223230452156 0.03403749336047394 0.9296681302279041 84.9223999978012 0.06089316236920251 0.9980658297341729 -0.012514882888585474 -1.824531399368824 -0.9282959690165574 0.05201969398961093 -0.3681854768249799 -9.288237384134439
-0.3648934754315904 0.03366012720073258 0.9304406200420778 85.79775764430582 0.06289773953645966 0.9979544567098797 -0.011435763817643323 -1.8568383370386028 -0.9289222927396346 0.054349776169913926 -0.3662642159447484 -9.633160781894917
-0.36273254229347773 0.03458643229598092 0.9312512450796219 86.73596608954121 0.06630986167732932 0.9977359126214644 -0.011227239631674876 -1.8907987722452906 -0.9295311210527831 0.05767865607353491 -0.36420470566414576 -10.003251439863009
-0.3592040673534886 0.036661334858352705 0.9325386772263733 87.67257762323393 0.06834418354355451 0.9975784920734929 -0.012892816920321834 -1.921984700658905 -0.9307531953060786 0.05910244224039932 -0.3608398408556696 -10.364747368741448
-0.35175844877828977 0.037174489758808237 0.9353523673056395 88.57141782583294 0.07177947006881 0.9973403818287614 -0.012643988702219635 -1.9516259059317858 -0.9333347209815633 0.06269146740054271 -0.35349127079099796 -10.705461703326971
-0.3424803711160204 0.03811291144486779 0.9387516185772619 89.50218224911805 0.0754664792724789 0.9970642667975398 -0.012948296478743394 -1.9851043513936915 -0.9364891915587973 0.06640974218200664 -0.34435118736091214 -11.050973034959826
-0.3325492319182008 0.038029738078211556 0.9423188140816873 90.4040674239816 0.0737075559994711 0.9971783429317052 -0.014231956174869831 -2.0148104785542853 -0.9402011511050173 0.0647231906636347 -0.3344139710764477 -11.363548531902442
-0.3231676845921679 0.03715828549356717 0.9456119232827576 91.33821844401686 0.0717320966134221 0.9973159702179188 -0.014675212561803253 -2.0423110454379834 -0.9436191784564258 0.06308817137522679 -0.32496573462713 -11.674851954178658
-0.30990074712170834 0.035418303509700155 0.9501089783334867 92.24646756934435 0.0743264552412299 0.9971501543582808 -0.012928561966845331 -2.072289461138716 -0.9478592221341103 0.0666116614396599 -0.311650094778692 -11.974923268966721
-0.2982650953043123 0.03429424493488621 0.953866781939415 93.1102420188155 0.07363782022068115 0.9972025640779605 -0.012826442588960974 -2.0977661812219255 -0.9516382739025665 0.06641499048172257 -0.2999560712555365 -12.240883395651757
-0.28671441954733257 0.033567730641239024 0.9574278296995724 94.02223835855887 0.07269663529945387 0.9972668166506153 -0.013194530066888394 -2.1247696727935343 -0.9552539143284231 0.06581871973188971 -0.28837103754205384 -12.512343576463053
-0.27365474922956967 0.03293296362308036 0.9612640106292873 94.94674443683698 0.07387437935589687 0.9971810801364591 -0.013132764090861618 -2.1548308504372207 -0.9589867852576921 0.06741893891842302 -0.27531624066921945 -12.781304055909676
-0.2615327610839392 0.03501507442892922 0.9645592565739796 95.80762731449651 0.07309185366479315 0.997190669838612 -0.01638135875514695 -2.1844384556003433 -0.9624230856580986 0.06621716204698683 -0.26335734590625604 -13.012531943254402
-0.24880641782054835 0.04230853852289361 0.9676287273636328 96.72481259752745 0.07443434364201104 0.9969261330315784 -0.02445023037287578 -2.21555474624055 -0.9656888188945183 0.06594143497650407 -0.2511908282866827 -13.24960271270893
-0.23563325734205787 0.04643607172823439 0.9707320223814716 97.67406708625106 0.07322178872701168 0.996866995765718 -0.029912579438239523 -2.2519926217853157 -0.9690797375293679 0.06403033652482545 -0.23829514958246456 -13.479830095137135
-0.22221547058644686 0.043925088050921726 0.9740076340931642 98.6146762804516 0.07091059704049905 0.9970671950435852 -0.0287870768797 -2.2895101694002524 -0.9724155345629791 0.06267052901991944 -0.22467851017166607 -13.692034556217418
-0.20763695258169734 0.04011199649639967 0.9773832020551912 99.55798489776576 0.07061639369616494 0.9971666723381271 -0.02592204697655703 -2.33335793552624 -0.9756537402500615 0.0636369021494558 -0.20988121359684964 -13.892837625735362
-0.19536185042225435 0.039491968686405726 0.9799357794309097 100.47839364816258 0.06839217617837196 0.9973049820828392 -0.02655716382323927 -2.372818098604036 -0.9783436296297835 0.061831683803854044 -0.19753628841506804 -14.07226270585558
-0.1879720169346667 0.04461566127735506 0.9811605187828838 101.41791604472631 0.06428768411112662 0.9973844018167259 -0.03303708044485444 -2.4128245515729443 -0.9800681683031753 0.05686649084897104 -0.19034859520727354 -14.247108620265367
-0.1820104082245757 0.05061874220930242 0.9819928483624877 102.34974192068223 0.060090667396796624 0.9973801173857658 -0.040274224205609284 -2.4550584286230115 -0.9814587729445038 0.05167827764839215 -0.18457527632260184 -14.411010233749113
-0.17800183137327846 0.05242601788368356 0.9826326173482227 103.28288604743945 0.05734349988740818 0.9974354485496568 -0.04282813324449057 -2.5043275787020898 -0.9823579139236482 0.0487241072304533 -0.18055162786907658 -14.574427256239739
-0.17558871668551962 0.051721495924188156 0.9831040074336472 104.26168160325003 0.055447577705588454 0.9975533305076865 -0.042578385591815336 -2.560071477807833 -0.9829008946477338 0.04703445176024449 -0.17802694079351639 -14.74083821080067
-0.1717726519374061 0.05070630985162674 0.9838307914411003 105.24858986280381 0.05431824086032031 0.9976427373743266 -0.04193444019061852 -2.619197457089992 -0.9836379846042095 0.04623676789624415 -0.17412201623654 -14.912438501033574
-0.16833028580087955 0.0471921118173637 0.9846003348894475 106.22196370367217 0.05299395321194597 0.9978420604062426 -0.03876678226517204 -2.671491145921063 -0.9843051131662198 0.04565224054132082 -0.17046793577794356 -15.07911400679019
-0.164011699335535 0.04238347953149062 0.9855474636687338 107.17643692478335 0.050228249048965404 0.9981394205649139 -0.034566170048374506 -2.723651738579939 -0.9851788088862576 0.04383306716557436 -0.16583539050610724 -15.234064698132624
-0.15962182261901525 0.03928549427166399 0.9863962305704614 108.09542438158866 0.04730441971302983 0.9983643721827288 -0.03210719906499783 -2.7712799037522227 -0.986044200641836 0.041535891660309146 -0.16121911823535673 -15.378388273702946
-0.1573595900420341 0.03907106460567631 0.9867681649366189 109.07447465133436 0.04266869668008331 0.9985529090564906 -0.03273331847587628 -2.8187399096681975 -0.9866191472627248 0.036953209947163765 -0.1587989878090374 -15.523411820968333
-0.15596588864880395 0.03917188249584049 0.9869854128606568 110.0718479125967 0.03661561272702809 0.9987558636455609 -0.03385294282974514 -2.865607575665011 -0.9870835519258809 0.030859171332713386 -0.15720614829593987 -15.671487930006979
-0.15268070620728402 0.04086652364134743 0.9874302654858805 110.98283841889332 0.03601899507398156 0.9987109539378878 -0.03576398297638378 -2.9143387500503692 -0.9876189720463585 0.030105775690816673 -0.15395586485791546 -15.813423212109665
-0.14873858419692626 0.042434193591115256 0.9879656738902249 111.95705324228588 0.034632472983798644 0.9986895135038549 -0.03768086294739752 -2.9650021564717344 -0.9882699152489267 0.028611096303809303 -0.1500132653540141 -15.962255260040688
-0.14437706570934583 0.0406407938384051 0.9886878115832841 112.91789109482501 0.03346616244479494 0.9987851781480104 -0.03616882473990518 -3.0144198526788917 -0.9889566617746087 0.027865638123531895 -0.14556176470347737 -16.102929046327457
-0.13894597764550487 0.03623834900508068 0.9896366996820201 113.9075825217682 0.03357794141214177 0.9989280227144057 -0.031864200702518865 -3.0611743983025557 -0.9897305376447962 0.02880256060272415 -0.1400138398733095 -16.24248089509742
-0.13148378008731454 0.032436679685125216 0.9907875036479596 114.8549467541686 0.030898348239785822 0.9991130199176884 -0.02860883617014047 -3.1070683994111463 -0.9908366705214355 0.026852099395793957 -0.13236939641788337 -16.363349183150124
-0.12580852091410966 0.034431145920382614 0.9914568635377001 115.74513556445666 0.028930187085275977 0.9990998248126304 -0.03102554326007313 -3.148402908013332 -0.9916326236770427 0.02477975484102007 -0.1266913706982601 -16.46986536660538
-0.12052485637252663 0.03590714375702907 0.9920607017837136 116.6840783261287 0.02707803612652313 0.9990926952063588 -0.0328719689830863 -3.191748904892383 -0.9923409388692542 0.02290116618223465 -0.12138779852844006 -16.577292122002167
-0.1138020166798106 0.035895569852487166 0.9928547774294957 117.6364820539413 0.025007403605999224 0.9991339520231244 -0.03325621264575488 -3.235734133637439 -0.9931886682622265 0.0210440960751044 -0.11460111367646908 -16.681954753276926
-0.10808644850785953 0.03383454435818216 0.993565570688232 118.59088437253932 0.024484826008596135 0.9992081118111198 -0.031363076797177744 -3.283037371661554 -0.993839933261029 0.020937356541146694 -0.10882928905759826 -16.780916900963028
-0.10087429346749 0.031824448298129276 0.9943900549623145 119.54039237359714 0.024658876061280192 0.999261195277692 -0.029478864353856254 -3.3312236530745767 -0.9945935434884089 0.02154688150796608 -0.10158452218941894 -16.875867274687153
-0.09313144259429129 0.03099092801926651 0.9951713906563087 120.41817423821429 0.025520840925020844 0.9992613649572786 -0.028729970104348235 -3.3760783893923354 -0.9953266906291554 0.022721947192562614 -0.09385356699131031 -16.960293619777683
-0.08548859536964404 0.03057451130571431 0.9958699208833159 121.34853619265122 0.023976842124682565 0.9993027128419048 -0.02862165523755854 -3.419472889209085 -0.9960506066979997 0.021430990766326288 -0.08616206550054573 -17.040055509884063
-0.07783466648210108 0.029679029525107592 0.9965244201222908 122.25463043085792 0.019837618882305876 0.9994050035665429 -0.028215380969226923 -3.4607638577336566 -0.996768896771313 0.01757253688589167 -0.07837711640966077 -17.109041979943417
-0.07088458923408253 0.027934650872628752 0.9970932906652916 123.14568939347316 0.01687859399400162 0.9994982541475361 -0.02680210851430814 -3.5001098269533286 -0.9973417107861784 0.014929676374638465 -0.07132052081587398 -17.170588084098497
-0.06608644722298779 0.026600405738955377 0.997459272305374 124.06681561342853 0.016820634208583575 0.9995322462478353 -0.02554124068203509 -3.540954912579293 -0.9976721143533401 0.015089967703065709 -0.06650297073406691 -17.23247712862687
-0.061754472218876366 0.02537915326863898 0.9977686524141431 125.01008826474995 0.017516884856700124 0.9995502530180853 -0.02434030477210077 -3.581847790135164 -0.9979376452994873 0.015974675923115713 -0.06217126203694351 -17.291191978667328
-0.05751828702273987 0.02603767760484425 0.998004852695074 125.9548034658757 0.016395186212264243 0.9995496618530506 -0.02513307300187674 -3.6212782932978236 -0.9982098198911065 0.01491686409399366 -0.057919276916812756 -17.345352049629412
-0.052165681314456314 0.023500186690130702 0.9983618997730872 126.89064871799268 0.015637354098765627 0.999619730388114 -0.022712722769063092 -3.6624124682211545 -0.9985160063062528 0.01442691388771358 -0.052513325031729674 -17.392586508409217
-0.0475563697873182 0.020767463773102873 0.9986526443869685 127.8040145570746 0.015700803696457898 0.9996758677761839 -0.02004106157915001 -3.6995484394685465 -0.9987451509048428 0.014726568995079896 -0.04786702110739721 -17.437865408983495
-0.044053527248288316 0.019396797132254145 0.9988408536889122 128.72319414001583 0.013663723126937921 0.9997296799663271 -0.018811423782798722 -3.7340331427601776 -0.9989357283665927 0.012819175302484984 -0.044306651162883626 -17.477277192632034
