1.0 0.0 0.0 0.0 0.0 1.0 0.0 0.0 0.0 0.0 1.0 0.0
0.9999223784945104 -0.0037322222099603654 0.011887283258040858 0.021045764908194542 0.0037156430977383853 0.9999920937687601 0.0014164732055045245 -0.009613697417080402 -0.011892475867188002 -0.001372194354733227 0.9999283404826576 0.3053845465183258
0.9997327249322673 -0.007233426314155218 0.02195805645455352 0.04242666311386196 0.007188551388606309 0.9999719107146133 0.0021219120384615648 -0.0189020639536154 -0.02197278836281456 -0.0019634982870602854 0.9997566410112212 0.6222421862992726
0.9995290630550069 -0.01038261578051379 0.02887651983765198 0.06122959007180773 0.010339539256641044 0.9999451995643646 0.0016406694193572037 -0.027813467094614405 -0.028891971831989265 -0.0013413268570565313 0.9995816398903704 0.9117760083774618
0.9994556271627634 -0.012894868244693353 0.030367280181794982 0.07669900311106145 0.012887043576411319 0.9999168558211282 0.0004533791450215441 -0.0343281158986339 -0.03037060158355964 -6.178787473014105e-05 0.9995387049743054 1.23121094796429
0.9994739496100639 -0.01611816824510997 0.028143004517677657 0.08951765721645033 0.01612713550612358 0.9998699450915034 -9.166832157857133e-05 -0.04030764856150482 -0.02813786685637034 0.0005454861468282958 0.9996039030004019 1.5527312753134863
0.9996338966940986 -0.018573699205713244 0.019674609983119734 0.09752770246869395 0.018603817926833778 0.9998260240732056 -0.0013489049303249021 -0.04787877579837276 -0.019646132920180644 0.0017144339536779892 0.999805526178717 1.8858588091256423
0.9998201246304208 -0.018787398630847295 0.002598468144058511 0.08999617306854182 0.01879282646701147 0.9998212347049666 -0.0020804582228567676 -0.05433860205454033 -0.0025589172301664687 0.002128916560576386 0.999994459813097 2.2284745456798136
0.9997519385844605 -0.01562071290653017 -0.01587622829593806 0.06702976382644102 0.015596773758973797 0.9998770333868 -0.00163056858898977 -0.05835822421729741 0.015899746693717135 0.001382546166959887 0.9998726351996897 2.5818634075174316
0.9993580683469261 -0.013738287343140525 -0.033086412479716394 0.0425296653659068 0.01367707305070974 0.9999043098702712 -0.002075759047235096 -0.06464345983270334 0.033111763810859986 0.0016219012713275256 0.9994503392033042 2.949312507182587
0.998630362077304 -0.014833116993879151 -0.050173484806208375 0.013965208727018456 0.014718125689395853 0.9998881427866574 -0.002660580921615812 -0.07210379268449796 0.050207337248096263 0.0019184772334363974 0.998736973748124 3.3368583898234907
0.997466124050563 -0.017293488768394615 -0.06900917777922368 -0.018933980593959874 0.01718985689994309 0.9998500480044746 -0.0020953102895491997 -0.07923564631700532 0.06903506494026472 0.0009037431423923157 0.9976138246120221 3.7444478495340885
0.9959411819030358 -0.019622483733889612 -0.08784144990662084 -0.06388549673266306 0.019570435341354893 0.9998074237449845 -0.0014537829847737639 -0.08641444013330495 0.08785306056213403 -0.00027121307160228223 0.9961334078291602 4.155062661209372
0.9942473205740663 -0.019956246088911864 -0.10523314009060439 -0.12017948486710137 0.019944100831841175 0.9998004145916913 -0.001167828879429011 -0.09238675445052799 0.10523544257187942 -0.0009376696225569732 0.994446892700852 4.582507479068904
0.9925681655370086 -0.020454642739344737 -0.1199585109648482 -0.1798495430434269 0.02049482756192034 0.9997895549119512 -0.0008988504713221216 -0.09975595688788402 0.11995165195071299 -0.0015663586333970205 0.9927784988178011 5.0189359750121705
0.9910929265242043 -0.021226406470952655 -0.13146958074786075 -0.23942805688995955 0.02128142577202847 0.9997730379345023 -0.0009866794444136461 -0.10689730476780396 0.13146068579920772 -0.001819969105860105 0.9913197142202186 5.444317978787495
0.9894471976515561 -0.02378647203778876 -0.1429281176237828 -0.30114818634659446 0.02381174360854712 0.9997152834852645 -0.0015338944872630822 -0.1172689796596674 0.14292390956660547 -0.0018856600893941541 0.9897318830674416 5.877381071159084
0.9880060661275284 -0.02866500103209642 -0.15173111418241159 -0.36183898679773674 0.028488518923205353 0.9995885486026198 -0.003337333077521069 -0.12845198031974567 0.15176434885956674 -0.0010252893923457954 0.9884161730753366 6.317406816795585
0.9869019539433319 -0.028996744006897793 -0.15869379994137325 -0.440224386294538 0.028492538776240098 0.9995791369173099 -0.0054519972240201255 -0.1371406893258071 0.1587851017473573 0.0008589974649006169 0.9873127941976834 6.785287669698349
0.9859596090821092 -0.029512430143342417 -0.1643553033086825 -0.5213972924523538 0.028749659062349688 0.999562004091631 -0.00701833884343208 -0.1465330990383678 0.16449044459315362 0.0021946396872623802 0.9863762351122365 7.272167988256173
0.9849674254205836 -0.03031654223856182 -0.17005904306165207 -0.6032717314551881 0.029076570440103155 0.9995293633127197 -0.00977777720706921 -0.15888194495714236 0.17027543543268084 0.00468605829742436 0.9853853646903045 7.749073973055182
0.9835475057921199 -0.03356795247276868 -0.1775035109987575 -0.6930743852855688 0.032034759690301284 0.999420626268462 -0.01149721534721056 -0.17204966848883502 0.1777866081055734 0.005621775159273881 0.9840530054943046 8.261229584975784
0.9820158456560094 -0.03936149420069144 -0.18464980816345863 -0.7841271321699858 0.03758675451703975 0.9992074564852973 -0.013103235823977797 -0.18692419018970852 0.18501922809640334 0.00592719819745527 0.9827170261861445 8.778105603726752
0.9803351513449688 -0.040079135353580604 -0.19322694932836515 -0.8951349053890574 0.037880878187818885 0.9991687826716807 -0.015059309483222982 -0.20052161996329187 0.19366989984289468 0.007443563911274473 0.9810385126238125 9.32124776389461
0.9789473383645219 -0.03688991459393575 -0.20075169466350926 -1.0165823950166253 0.03370766110829191 0.9992463681951732 -0.019248096824495298 -0.20885580880846608 0.20131046244948939 0.012076003064289409 0.9794530452545259 9.853695787607041
0.9772778549792673 -0.03541726806150399 -0.20898232291316354 -1.144057058623381 0.03147516231138935 0.999258850561828 -0.022159957836740334 -0.22419155221405157 0.209612280948884 0.015078683527217595 0.9776683103069733 10.401835303293861
0.9751976115677825 -0.039074179130053205 -0.21785964958616114 -1.2625904305644142 0.0348834231879355 0.9991255277367183 -0.023050523020438935 -0.243808274872805 0.2185698176308518 0.014879124642830841 0.9757078694315627 10.946943761827043
0.9730808912774043 -0.04015786135067776 -0.2269381528137405 -1.3940293342056462 0.03553030962678332 0.9990696801513388 -0.02444118041598492 -0.2632409555705056 0.22770853328015137 0.01572006278745597 0.9736024360576349 11.488528468978089
0.9713068998348265 -0.03937944138018405 -0.23454672440655203 -1.5403005985251534 0.033986249346884684 0.9990576968084365 -0.02699357892450997 -0.282152080479715 0.23538870233847206 0.018247686001436367 0.9717299937570123 12.05773264371648
0.9691976872103854 -0.038479858581240214 -0.2432594162403751 -1.6978044325275632 0.032058957448538455 0.9990265712364116 -0.03030071304329392 -0.30358469327540816 0.24418858768040966 0.02156873772817953 0.9694878664529331 12.642607884961174
0.9672992604384837 -0.03945384110783911 -0.2505504643320385 -1.8529011966505076 0.0314390302733135 0.9988602859809987 -0.03591262264763334 -0.32628641359811017 0.2516817993630775 0.026861189694334358 0.9674372064157801 13.220469081065099
0.9656223635409096 -0.041724119073795 -0.2565785433686598 -2.0210232222237576 0.031650443064502945 0.9985620133245905 -0.043268406475868264 -0.35404303905248585 0.25801492298603224 0.03366011634941384 0.965554398303822 13.828859798923588
0.9650838504232617 -0.04337808626388196 -0.2583244148049015 -2.18591158875771 0.031104849931728594 0.9981930266353932 -0.0514117679835857 -0.38098475218909983 0.26008777357449203 0.04158152484645818 0.9646892384744983 14.410191475530834
0.9648086825543221 -0.04499297612768218 -0.2590749663069887 -2.3546419908746112 0.03033346546172546 0.9977187984559653 -0.060308209065327786 -0.4155513270570115 0.26119740990460794 0.0503272421930588 0.9639725523853703 15.006327684606049
0.9645316961648408 -0.04537360682302438 -0.2600381566179185 -2.5346826758404895 0.02817775022345513 0.9971852816697991 -0.06948041748196618 -0.45420770859853143 0.26245879959666074 0.059688774698374664 0.9630953372793821 15.623547786536921
0.9642733605991928 -0.046839673312430094 -0.26073536592246943 -2.7178634537969857 0.027579061809464397 0.9966459707431944 -0.07704676729795598 -0.502758742192146 0.2634696972868967 0.0671033084530149 0.9623309537816034 16.270193351838405
0.9637205364453738 -0.047097015364115674 -0.26272532953111616 -2.903506146435165 0.02579378896805178 0.9961356820267007 -0.08395465111518072 -0.5522287609785325 0.26566408881162873 0.07413213970331867 0.9612112243304772 16.902347922799052
0.9632435727405 -0.047609651565067024 -0.26437689129719744 -3.0823704984722475 0.02463000563885007 0.9956763246715731 -0.08956572620561164 -0.6044552078084247 0.2674980044717109 0.07976200578195915 0.9602514462562873 17.517091870349653
0.9630476748263661 -0.046588458742482027 -0.2652709775371776 -3.280392439402752 0.021958362819472853 0.995228415999695 -0.09506960759899194 -0.6627388284050255 0.26843436127630554 0.08573164817462664 0.9594754182299012 18.18171412188357
0.9624271117577818 -0.044564554895443864 -0.2678582740938668 -3.486447299882564 0.018912816049752146 0.9950465032907262 -0.09759488551131684 -0.7235967216904357 0.2708807116474747 0.08886200951964665 0.9585025734558504 18.862011043308577
0.9620389627820517 -0.043499710554302545 -0.26942310456032964 -3.6885405925031765 0.017124095970298556 0.9948917406850973 -0.09948462018712934 -0.7874287880340205 0.27237437365955414 0.09109445371848537 0.957869511507333 19.538193666753493
0.9604109516938651 -0.04258278037226114 -0.27531347711699866 -3.902278943651963 0.015744731387669228 0.9949661257016882 -0.09896722760440765 -0.8573989686143213 0.2781418833976906 0.09071447250544015 0.9562468181270175 20.253899473201994
0.9588001876698588 -0.041296587019831334 -0.28106367966131274 -4.117774942670272 0.014108496151836495 0.9950787315618447 -0.0980778687044321 -0.9272114632469433 0.2837307710851559 0.09007169307714662 0.954664307306835 20.95627328655644
0.9572207931824909 -0.04122933784369932 -0.2864061710229955 -4.338145377049935 0.01379526781280868 0.9951738390441547 -0.09715307853121297 -0.9982089942164332 0.28902948584020993 0.08904589705926519 0.9531698613216087 21.667324915913692
0.9541707450659208 -0.041727274195334764 -0.29633937276132066 -4.604252105712381 0.013905652818202517 0.9953438783593384 -0.09537922537057124 -1.083278166798739 0.2989394956844031 0.08688727410166551 0.9503082549989434 22.50456527242531
0.9509657386197988 -0.04167337836347671 -0.30647592647233346 -4.853130599058508 0.014576247235453857 0.9958189190993526 -0.09017878564456346 -1.1573044766515497 0.3089525804841765 0.08128966662234328 0.9475971153990481 23.26377211520909
0.9487238987879036 -0.041162192707778544 -0.3134144823714559 -5.073807595959329 0.014567656899038524 0.9961254538602976 -0.08672867774899032 -1.217910180238118 0.3157700860454515 0.07771585464436467 0.9456476609687905 23.91809308056033
0.9459124264052367 -0.03915957357285772 -0.3220500106656576 -5.3347823602769555 0.012641965412049294 0.9963835781855512 -0.08402348381659991 -1.2859402363611832 0.3241756657781067 0.07540751235619578 0.9429866620464851 24.660737744213602
0.9429122553282178 -0.03894284742814103 -0.3307566074714801 -5.608104933126635 0.012056665945119527 0.9964804855386534 -0.08295347338681942 -1.3554292452019627 0.33282294926603545 0.07423002475305053 0.9400631829122019 25.4240772145431
0.9395817732476432 -0.03947114668155577 -0.34004135036853633 -5.895337519131158 0.011884446326078778 0.99649266067831 -0.08283198144307222 -1.4247312475605356 0.34211818325885157 0.07378621682879544 0.9367554338725541 26.19986566495257
0.9363843109244954 -0.03923067911999768 -0.3487769718175814 -6.192243497919337 0.011068882918989397 0.9965400023733949 -0.08237416767749552 -1.493151154404949 0.3508017988628107 0.073273306772782 0.933578663225118 26.974599105538484
0.9325939411729582 -0.039551172061847654 -0.35875373959865975 -6.502289523010284 0.01106262659935074 0.996643092125214 -0.08111821750886532 -1.5625064912112934 0.3607577569231356 0.07168159950521728 0.9299008490759438 27.76757070547312
0.9291165418547788 -0.04098918191378316 -0.36750828374045696 -6.808137724192607 0.012462145697544792 0.9967439236739661 -0.07966332621501677 -1.6306636039540614 0.36957698328823263 0.06943657238851732 0.9266020806357517 28.537209356197188
0.9260166715230265 -0.040959432282679495 -0.3752538460409117 -7.138443464008345 0.013115595355434164 0.9969866215197883 -0.07645690072865285 -1.7024508796336923 0.3772546954245741 0.06587868712747058 0.9237634401525495 29.341741111784476
0.9225334179633535 -0.04008590367329275 -0.38382966673714536 -7.485485157358838 0.01341966012457818 0.9973213596196778 -0.07190283978048556 -1.770992871681581 0.3856838154019344 0.06118190887062012 0.9206002219008823 30.1599106215531
0.9190373508011114 -0.04189666283372916 -0.3919375173109508 -7.8330455585680046 0.016132611484587292 0.9974999985445383 -0.06880037609151265 -1.8406735005747166 0.39384017910716324 0.05690713968425263 0.9174156586704821 30.973588775812498
0.9154686491178368 -0.04322550209462116 -0.40006088093067893 -8.205843659828336 0.01767671213415897 0.9975738135707471 -0.0673351344102197 -1.9084327727943657 0.4020008536439805 0.05457144350834213 0.9140116362623217 31.820940302771408
0.9124599208888003 -0.04441282417881261 -0.40674856339029186 -8.576538608653806 0.019037068235100565 0.997623131528342 -0.0662244476956721 -1.9731356538274079 0.40872299030592407 0.05268385414950733 0.9111366136355937 32.64534304446107
0.9100008877730184 -0.04444499788247187 -0.4122172078110589 -8.968298419056676 0.019466312038952518 0.9977213348562435 -0.06460031476918603 -2.037665717698093 0.41414906368108667 0.050761994995299896 0.9087924806666132 33.49612591657672
0.9073516107565407 -0.04585814840359764 -0.41786371544141604 -9.361946053909698 0.021124745719147256 0.997750145963332 -0.06362697029130926 -2.104795440994246 0.4198413981205433 0.04890476924741999 0.9062789437965798 34.347806607982776
0.9052378845280638 -0.047468508207019686 -0.42224532341253485 -9.75557350870323 0.022597264428843647 0.9977121664056726 -0.06371653354061682 -2.1702124021462605 0.4243038251718796 0.04813703080477374 0.9042395093169793 35.19039955069933
0.903381085073294 -0.05004211398182039 -0.4259089127501664 -10.160302276564114 0.024729005474282657 0.9975943922566297 -0.06476036462512237 -2.23456166410256 0.4281250885197587 0.04797098462984056 0.9024453962504283 36.04618617849525
0.9017037784509312 -0.0501510638207502 -0.429435870328692 -10.597879265612505 0.024523818185349988 0.9975833691559288 -0.06500772204221489 -2.3029158901194333 0.43165828877588586 0.048086301387744675 0.9007545888586531 36.95498183608246
0.901011624090553 -0.04992223290653315 -0.4309127799396647 -11.043454971823113 0.0247119935769597 0.9976497309156713 -0.06390877699769418 -2.376161170356528 0.43309048780498094 0.04693383710623457 0.9001276822247659 37.87248773776439
0.9002101270712027 -0.0489219978814508 -0.4326989314081288 -11.50382224632894 0.024548903636329618 0.9977903358234183 -0.06173975273391323 -2.447751539853794 0.43476324413260076 0.04495646628325971 0.8994219464137058 38.81426573677553
0.8998989153520227 -0.04932570730206639 -0.43330003086476204 -11.954959140915857 0.025507472210065447 0.9978352102532809 -0.06061569136983744 -2.519268368861685 0.435351939251114 0.043495606421126265 0.8992089975152344 39.7363839875683
0.8992223539421705 -0.051547559533658895 -0.43444448123647034 -12.418609454547223 0.02783328090876131 0.9977632699302503 -0.06077635767260656 -2.58976019008034 0.4366056191170195 0.042559444124876805 0.8986457739683783 40.68865576058734
0.8977107171376485 -0.054816662088914614 -0.4371619858743881 -12.884807759318175 0.030884138702486033 0.9976184695277256 -0.061673002470807266 -2.6590358837104424 0.43950157942015927 0.04186314386890152 0.8972657571046592 41.64784255522394
0.8963126215697015 -0.05478769549527884 -0.44002499115069116 -13.359354263593703 0.03154526561339577 0.9977017347011238 -0.05996786465890683 -2.7302578277216494 0.44229919809132545 0.03986924875998116 0.8959809497813473 42.60405666217932
0.8940990402357968 -0.05425251457346686 -0.4445712214166399 -13.84003329746083 0.032616461065757205 0.9978878112989624 -0.056179022139163 -2.8026961725268515 0.44668005632328517 0.03572926984171925 0.8939800593747069 43.56336539122676
0.89169055374682 -0.05459224649146681 -0.44934134350369354 -14.330830571974108 0.03480625752912517 0.9980307498167956 -0.05218377963448887 -2.872072800700687 0.45130530774134 0.030891892838406758 0.8918347437509679 44.53286609577439
0.8889868589041914 -0.055666815118762245 -0.45453665461675685 -14.823136950760032 0.03635133990002545 0.9980301174003531 -0.051131837922280925 -2.9391721871259664 0.4564876173382276 0.028932515555532536 0.8892592224770552 45.48892104133555
0.8844442088266689 -0.05928648974511796 -0.4628645089080279 -15.332048337393505 0.0387356730519851 0.9978007801531502 -0.05378801687155484 -3.0099068830739895 0.46503547080430063 0.029643131741888824 0.8847956236523526 46.45995005880803
0.8795361153665997 -0.06265649036405782 -0.471688865653081 -15.831139983168766 0.04038510376746013 0.9975453549403778 -0.05720409277811678 -3.075666518998204 0.4741152445972635 0.03126386175978016 0.879907555251313 47.39185985737729
0.87346060873296 -0.06259396516293876 -0.4828545956258759 -16.356901599920125 0.039810337451980524 0.9975628251066422 -0.057302242514710625 -3.143283092316866 0.485264569099998 0.030828647236557122 0.8738237193426129 48.338266857739825
0.8681423633867265 -0.0611389901125856 -0.4925351365956772 -16.892508238882773 0.04025080425285597 0.9977877260837767 -0.05291055124986415 -3.21234092387844 0.49468041162988 0.02610895563938529 0.8686826882038765 49.28117023491476
0.8633345351961597 -0.05863316755814471 -0.5012141578205167 -17.436596479990524 0.0392199001293516 0.9980188747431633 -0.0491947668988692 -3.279678868244285 0.5031056348039395 0.022813972001580928 0.863923748319281 50.20574672849959
0.8598422924831229 -0.05874795752454806 -0.5071685218387101 -17.997460373831068 0.03863957303984633 0.9979967578606763 -0.050094457726153764 -3.349111561606928 0.5090954875587355 0.0234765582288572 0.8603898161653594 51.14452708349368
0.8571822230719295 -0.061136143857512856 -0.511371692962857 -18.54313984556563 0.03883215666498532 0.9977749976691399 -0.05419518092131373 -3.4158787147644833 0.5135471741312682 0.026597479966744688 0.8576490389437905 52.04845531161774
0.8549582446094371 -0.06320563473140374 -0.5148314750600924 -19.098245605683708 0.03702130083059964 0.9974523615196211 -0.06097712508590043 -3.480257034322243 0.5173739684784695 0.03307316490951047 0.8551200749039332 52.95082427004533
0.8520155429919336 -0.06406569440064636 -0.5195816598968095 -19.652963300252278 0.03680145452414183 0.9973581228536834 -0.06262928805826112 -3.5460948417251936 0.5222213778131535 0.03423976604388701 0.8521223333396396 53.84861978158365
0.849407577888676 -0.06398328345821391 -0.5238443528980712 -20.221718921522818 0.038163947373698666 0.9974715257238194 -0.05995055038157612 -3.6192856453255087 0.5263556589855862 0.03093048347669639 0.8497017273406872 54.762327155063694
0.8464289594780161 -0.062213281490135164 -0.5288549178774763 -20.795458199617045 0.03903221593362241 0.9977286750030026 -0.05489970123838507 -3.6908278336317255 0.531069207049584 0.025826317642708426 0.8469347664612333 55.677658679406306
0.8434905013746818 -0.06121248889607587 -0.5336448306634628 -21.3638321456841 0.03925418822192626 0.9978536264926918 -0.05241420420478795 -3.758726217265438 0.535707833429497 0.023263088757330012 0.8440829022695242 56.56851597823815
0.8415280156012119 -0.06120078324078404 -0.5367355616027327 -21.94755235858952 0.03846497326325482 0.9978284165503375 -0.05346865396195382 -3.823262243029983 0.538842319041613 0.024349851238983707 0.8420546537811521 57.469278874692286
0.8380283231472382 -0.0627261518147544 -0.542009187635727 -22.550206644244366 0.038518350814158456 0.9976927258407602 -0.05590672101806269 -3.892593177557566 0.5442654373130685 0.025974115633577564 0.8385108699733522 58.390753421864375
0.8350255729201567 -0.06520540232036569 -0.5463337332415081 -23.132308028504838 0.0395309056749487 0.9974966417510835 -0.05863239029605403 -3.959927842819653 0.5487892127819956 0.027362478022828103 0.8355128333727542 59.27589282147056
0.8321233360384032 -0.06673379102098209 -0.5505609455421687 -23.727161723873287 0.040345045723930245 0.9973877629096694 -0.059916005237159314 -4.028286721567168 0.5531211719920446 0.027645099638330378 0.8326420104463467 60.16770297735448
0.8279930482690127 -0.06689907142576755 -0.5567333529262986 -24.33082718751705 0.040701224867759976 0.9974089195692531 -0.05931995834421286 -4.101588200648111 0.5592592621606303 0.026456783743780396 0.828570525834393 61.05734841675777
0.8246209332833091 -0.0667147639951245 -0.5617378896389662 -24.93177633334262 0.04034130625779905 0.9974283405855765 -0.059239213415759946 -4.1726281383827475 0.564245421248927 0.02618865521133782 0.8251916498231443 61.92800416934556
0.819482709739059 -0.06782214251945219 -0.5690766604094744 -25.550118362282962 0.04072066721487031 0.9973538712532406 -0.06022526677193116 -4.248841811918155 0.571655416925533 0.02618038350073588 0.8200760158786803 62.81089067099064
0.8146645730402859 -0.06944697259673303 -0.575759282539359 -26.16822470288252 0.041420551857389735 0.9972363150609553 -0.06167714169347188 -4.3232720621582255 0.5784513560507211 0.026397915084262466 0.8152896287591829 63.68228975347951
0.8104629954920386 -0.07063119135106813 -0.5815160941422008 -26.80458971898585 0.04171982409725613 0.9971431488022501 -0.06296822273201103 -4.399298680087449 0.584302309780961 0.026772665258859466 0.8110943441915812 64.56308787277021
0.8045446625118085 -0.07199260077531769 -0.5895124692976103 -27.462023458232945 0.042155626146475986 0.9970444081873294 -0.06422889759739354 -4.480000624384652 0.5923941164528549 0.02682374947660454 0.8052016500579576 65.45881818445038
0.799849224353396 -0.07316717822403368 -0.5957245859724133 -28.13038660413556 0.04212092620292525 0.9969374321036306 -0.0658906977230215 -4.561055174768629 0.5987211754039424 0.027610152142850605 0.8004815011114061 66.35367252621148
0.7937209434884454 -0.07328885945742702 -0.6038508151416554 -28.81152959714433 0.041923638155518306 0.9969456182042893 -0.06589266201234095 -4.644691152709405 0.6068356222500598 0.02698476278748697 0.7943691523125037 67.24193909945895
0.7879343388028482 -0.07379776919037084 -0.6113210016005037 -29.51027519532413 0.04313608540040299 0.9969684860655347 -0.06475427343832224 -4.7280319988233135 0.614246494391012 0.024652120694184054 0.7887290517494787 68.13987220585535
0.7828871353232002 -0.07463362720454035 -0.6176710734976404 -30.204601112279907 0.04419301084241983 0.996942082981266 -0.0644473504005925 -4.810445007916446 0.6205922261341302 0.023158257086160042 0.7837914161246067 69.015851568984
0.7775759855001521 -0.07623288817037502 -0.6241507298198655 -30.914122334971562 0.04542731375212391 0.9968403617742408 -0.06515867020640487 -4.894497900399264 0.6271458729344662 0.0223123261674805 0.7785821820220795 69.89728089940432
0.7725544604023564 -0.0782858838876385 -0.6301039010324847 -31.627152249356175 0.04664946871321651 0.9966862863707282 -0.06663537821083929 -4.975685394076928 0.6332325266291987 0.02208544644009131 0.7736464310486693 70.7675805590217
0.7686065018813819 -0.07678847346011954 -0.6350965088939869 -32.359706204186104 0.044505684392129236 0.9967828223914117 -0.0666577005468964 -5.056111345768854 0.6381718336956385 0.022968137257427836 0.7695512818184832 71.64282564989585
0.7637667869028334 -0.07662847191262176 -0.6409277436002115 -33.10934062001781 0.04462909087317983 0.9968213330404253 -0.06599601687483157 -5.142067254268399 0.6439476216835928 0.021801543244599337 0.7647588856889461 72.5271077616411
0.7618956631736289 -0.07588423380829128 -0.6432391324356324 -33.85867814799983 0.04376724978087436 0.996874977568544 -0.06576250409111166 -5.227724393369142 0.6462193329542494 0.02195135888831276 0.7628359663513 73.40038520255746
0.7573892324308837 -0.07574980302292471 -0.6485549459681463 -34.62003642708273 0.04289321496297996 0.9968745957522167 -0.06634163439345207 -5.3161443627278056 0.6515533153226194 0.022427832838751435 0.7582712374910845 74.28065022618067
0.752843197735994 -0.07659266370976212 -0.6537282948507634 -35.37670382173959 0.04156004720182287 0.9967560260578568 -0.06892160034366379 -5.400992686916638 0.6568865062544866 0.024718179204641123 0.7535841887391096 75.14061508761691
0.7502070691185156 -0.07825529855818672 -0.6565557567276186 -36.14390002450457 0.041827354049453036 0.9965995429894838 -0.07099171336412283 -5.4861046884825875 0.6598786448263261 0.025796495124747684 0.7509292343100317 76.00754540970017
0.7461295004457806 -0.07787159311946934 -0.6612312632880919 -36.92661799040759 0.04049020756537268 0.996605578559516 -0.07167889421137724 -5.5758379143365 0.6645685153961503 0.02670834643119243 0.7467498594409434 76.88098007301153
0.742523974767723 -0.07757880712774809 -0.665311713093778 -37.69216138620765 0.04084189223846246 0.9966657846897102 -0.07063464778156792 -5.663581999304203 0.6685731723106483 0.025275330135924996 0.7432167052434951 77.72670066531968
0.739723997072894 -0.0778629191241566 -0.6683904352846219 -38.47361368347341 0.04213877432863044 0.9966935177217051 -0.06947197585799662 -5.7531613986294055 0.671589704992998 0.023224933950355103 0.7405591607632842 78.58249665562646
0.7355850879392042 -0.07848333557696137 -0.6728706743782105 -39.2759381460793 0.042355033395050465 0.9966511795780953 -0.06994624644464967 -5.8407453081999225 0.6761069660546162 0.02295195595816564 0.7364459098739818 79.45190678675027
0.732712345917143 -0.07935266421699587 -0.6758962737153252 -40.077875614560774 0.043284311772167336 0.9966017280934976 -0.07008183727232371 -5.927954531398037 0.6791605748974295 0.02209412235684749 0.7336571155943857 80.31380052334507
0.7295553547152794 -0.07987804980863555 -0.6792411070930793 -40.87621280966264 0.04389654953704445 0.9965773064631823 -0.07004830605610944 -6.018672311105477 0.6825115950260514 0.02128777586686111 0.730564681088292 81.16346304905804
0.7275551870599363 -0.0803324632062341 -0.6813296890180262 -41.69177450814777 0.04428171315191191 0.9965487155813287 -0.07021244443498421 -6.109424250032614 0.6846185650875333 0.020912982293852744 0.7286014462715978 82.02735457607794
0.7257092171626027 -0.08242775167415753 -0.6830459705460429 -42.49743851682799 0.046252687561863494 0.9963962322382209 -0.07110019180552093 -6.200696982143045 0.6864450604517064 0.020005352669239567 0.7269064347259779 82.88062118623164
0.7221326976908296 -0.08613582915556127 -0.686370880691663 -43.34233473885421 0.0486674077095051 0.9960848470941563 -0.0738001410313567 -6.29946664592839 0.6900404700831698 0.01988960344238405 0.7234974452769706 83.77064326850608
0.719047999437846 -0.08951453832249938 -0.6891713298834632 -44.187813182920706 0.051722858511036376 0.9958126696663232 -0.07537819870146567 -6.3966054217113415 0.693032986525085 0.01855463179209219 0.7206670557387657 84.65555140072145
0.7147412781190936 -0.0934183054676985 -0.6931218691948974 -45.02237089529255 0.05664380023515175 0.9955155896361465 -0.07576404613215908 -6.493121754534938 0.6970913751063091 0.01489063447068259 0.716827652757241 85.52734426088331
0.706697914126917 -0.09665422879164251 -0.7008823141051268 -45.87709000903903 0.06012411548018029 0.995245548022847 -0.07662499512841076 -6.593699515948834 0.704956132611378 0.012010795035960413 0.7091492028453629 86.4028605297639
0.6992191277750038 -0.09791340027154549 -0.7081705849587565 -46.725397451372864 0.06281400555524097 0.9951598312338925 -0.07557321618560994 -6.6909389093963885 0.7121425503785526 0.008359207246796403 0.7019851220606717 87.2495759214419
0.6899616026748652 -0.09620509130024299 -0.7174242588888693 -47.630640109892695 0.062258938405385045 0.9953427577900074 -0.07359768409139769 -6.792125286611749 0.7211635122653988 0.006113503324168053 0.6927379112291598 88.127039967931
0.6814060338149237 -0.09609440997242862 -0.7255699011485153 -48.51470571072542 0.06216855817247301 0.9953599880875565 -0.07344089112405591 -6.892683901076202 0.7292605072642913 0.00493543173292961 0.6842183526172319 88.96047644659147
0.6736062957473523 -0.09686984149214578 -0.7327146730745996 -49.43730886390892 0.06163636601040215 0.9952829250634218 -0.07491900601470408 -6.994676325525204 0.7365157952919698 0.005304044351820247 0.6763995493781406 89.81106486807714
0.6628372707621897 -0.09830206512583659 -0.7422825987994919 -50.35244917329879 0.061322586999730026 0.9951412065301836 -0.0770293410935809 -7.096874525175069 0.746248144260468 0.005539228975811397 0.6656448183003916 90.63550552964769
0.6529601884461517 -0.09910229128700336 -0.7508806350985704 -51.269619850122105 0.061379390568716094 0.9950656114061462 -0.07795511150864762 -7.196309920006903 0.7549010284254349 0.00481298852882657 0.6558210673832019 91.437572254486
0.6441733197154936 -0.10067319509997219 -0.7582253240001177 -52.191560297890994 0.06421764527456486 0.9949187517067455 -0.07754206302183125 -7.3001417151214145 0.7621790001056908 0.0012590832595294962 0.6473651106657162 92.23073196808525
0.6324940342510005 -0.10140967679116278 -0.7678980232361627 -53.13604964380939 0.06580296995998 0.9948432743156361 -0.07718049425463677 -7.403373574416858 0.7717650327537136 -0.0017137683787358735 0.6359054939349116 93.01957497896275
0.6231747995445992 -0.10101197614274122 -0.7755319141649085 -54.09786038995056 0.06458235756831955 0.9948838034227566 -0.07768742998701747 -7.50840193587881 0.7794115012645545 -0.0016728307769467501 0.6265101063300778 93.79611433906024
0.6156987950068032 -0.10066273591541398 -0.7815254361984608 -55.06383935973966 0.0627078902918604 0.994920468795374 -0.07874630954614674 -7.61458720372432 0.7854824723202388 -0.0005238034146361342 0.6188836815651777 94.5577665107883
0.6063512876898458 -0.10020067555203215 -0.788858631527717 -56.034850924750195 0.06029638565567817 0.9949667815706597 -0.08003405180162372 -7.721978765184086 0.7929075997830565 0.0009634260945446255 0.6093411277900358 95.30562106413217
0.5987798707247982 -0.1001243362088439 -0.7946305957572566 -57.02558498251876 0.05850106734690244 0.9949725333884041 -0.08128519497383688 -7.827790449901645 0.7987742431588962 0.002185200539969581 0.601626905452651 96.05003109105564
0.590093126876406 -0.09880311620291779 -0.801266526095917 -58.025933776829156 0.05625590407734896 0.9951028224427002 -0.08127512548752086 -7.935870564367796 0.8053728173148545 0.0028839201037609424 0.5927615946864044 96.78968548457534
0.582674988040375 -0.09674353651306326 -0.8069266053707083 -59.06029395227882 0.0544952925466637 0.9953058748621866 -0.07997798794087822 -8.042658010583061 0.8108761443046668 0.0026274717435814665 0.5852119060561176 97.53526016243853
0.5763288694730293 -0.09496015334137725 -0.811681959568723 -60.100824987776235 0.05446922955791586 0.9954808814865331 -0.07778764443124747 -8.152799027395925 0.8154005992414446 0.0006195741902630808 0.5788967774003546 98.27671560588598
0.5697008876350834 -0.093423825943349 -0.8165248847242226 -61.167345204684715 0.05291157884543333 0.995626209790942 -0.07699879999978529 -8.262425419076912 0.8201470986669901 0.0006626638893698841 0.5721523376030969 99.0196813761135
0.5644674367497524 -0.09486251154634903 -0.8199863515646362 -62.21852009760037 0.05278088127290162 0.9954896375713994 -0.07883248099622116 -8.373326958358286 0.8237661630713051 0.0012187662132276955 0.566928410990045 99.74411321792574
0.5601020966224887 -0.09669889736328416 -0.8227605755065186 -63.27791413142978 0.05316474911607228 0.995312540228573 -0.08078648844435925 -8.485568404423585 0.8267158827617369 0.001506821977054762 0.5626176131947985 100.46510671690135
0.5548940304094141 -0.09783566261663995 -0.8261481696017726 -64.32861810150276 0.052179020526461804 0.9951985250511339 -0.08280848720358856 -8.597227097374422 0.8302830630772228 0.002842332916955903 0.5573346896710216 101.17156153128722
0.5516151862318981 -0.10060057108166234 -0.8280097894447818 -65.38537467162352 0.05281059835093243 0.9949205808985713 -0.08569759860267936 -8.712630173413926 0.8324252080638626 0.0035444043918349197 0.5541260778715817 101.87493321756135
0.5477844351792858 -0.10041673423228867 -0.8305713046219649 -66.45251755769456 0.05276792684416651 0.9949409394905591 -0.08548726701803241 -8.82882504746891 0.8349537463068715 0.0030010684373378976 0.5503119434614834 102.58067460799785
0.5452487164323636 -0.09897990887429833 -0.8324102443315411 -67.5177737603637 0.05463111990658415 0.9950893204062754 -0.08253899170167826 -8.943717202531445 0.8364922462083033 -0.00047122458858384064 0.5479785579571292 103.28069231920124
0.5427524355928175 -0.09696004381838308 -0.8342772582066479 -68.5791533814942 0.05685905062085878 0.9952770260676183 -0.07868093634732712 -9.057841590473316 0.8379658954996673 -0.004731943018967823 0.5457020860274461 103.97481037494236
0.5397574762079497 -0.09662404520779747 -0.8362569346590236 -69.64504813643597 0.058227184289527 0.9952969905447252 -0.07741766996188273 -9.171546933898957 0.8398044188305622 -0.006906120495260078 0.5428451377809023 104.66749789568222
0.5378733539863902 -0.09623556255054376 -0.8375147590174227 -70.7176642505455 0.05905359798848821 0.9953236330143034 -0.07644303845231522 -9.282115786651431 0.8409547714568514 -0.008341586407183077 0.5410411170143783 105.35726804272977
0.5370509654819631 -0.09607046150405035 -0.8380612906591559 -71.78395821176233 0.061461125750598505 0.995309425867604 -0.07471062040011285 -9.390722845191846 0.8413077858289203 -0.011384779554274208 0.5404364868309135 106.04457170335101
0.5346633413910733 -0.09638782985227984 -0.8395501757661067 -72.82496843572405 0.06392301874310116 0.9952405452863596 -0.07355341387643854 -9.496754860682042 0.8426440286664957 -0.014340267587373525 0.5382800364849329 106.71666364280908
0.5331903157713819 -0.09723784370186886 -0.8403885345004567 -73.87259383780997 0.06569010344329315 0.995132001646454 -0.07346502302954495 -9.604355076635025 0.8434411049250705 -0.016034370936617623 0.5369823102034587 107.38627082318153
0.5301692962857764 -0.09765235639972407 -0.8422496865926552 -74.88399581318035 0.06790329141863301 0.9950451114146015 -0.07262485293905549 -9.707238743029592 0.8451684212571839 -0.018688058740396335 0.534173282905608 108.03076601742008
0.5286225544522412 -0.09751439568464924 -0.8432372961145904 -75.87565634381133 0.07124985122124584 0.9949713524854469 -0.07039507393441095 -9.808009293556822 0.8458614860751954 -0.022868108088307488 0.5329121841421192 108.66158962554245
0.5284742762694894 -0.09771371571308134 -0.843307161764314 -76.86867433217772 0.0736930665203036 0.9948844680721847 -0.06909578232830628 -9.90726982707798 0.8457448026847543 -0.025630547209720175 0.5329716725881937 109.28950013283281
0.5268162544644532 -0.10010583763640865 -0.8440636559544297 -77.87126136485817 0.07732315600121992 0.9945671215003704 -0.06969483751669688 -10.006560119806563 0.8464548207542184 -0.028549292488269488 0.5316946250625105 109.92415006105216
0.5260132931954035 -0.10245630503382619 -0.8442823703835952 -78.83266021316213 0.07972135382873646 0.994286072769138 -0.07099092365251983 -10.100780903054643 0.8467316700852993 -0.02996516404326951 0.5311756468612054 110.52627282280014
0.5272514827730045 -0.10473044701311543 -0.8432303406437066 -79.81861753116257 0.08158085764182518 0.9940299996650541 -0.07244945432725558 -10.20125131940091 0.8457839189651767 -0.0305923721591814 0.5326477909327905 111.14409425829714
0.5269746453766064 -0.10593517671359132 -0.8432529048066543 -80.79763103430855 0.0820116633575099 0.9939092754279597 -0.07361004884934394 -10.301288639165515 0.8459147771516552 -0.030365943965707947 0.5324529080055223 111.75808207847491
0.5297348947236545 -0.10689794957067764 -0.84139988690854 -81.77611132755015 0.0814859840866502 0.9938513136209227 -0.07496399676776079 -10.40261451573398 0.8442398804306446 -0.028851252859304413 0.5351884056095569 112.36854829164604
0.5326960780725618 -0.10749822176824309 -0.839451619048279 -82.74348396886865 0.08030509668723157 0.9938450131476069 -0.07630977190168907 -10.503430096097494 0.8424879701527885 -0.026762327221283588 0.538049995808508 112.97583377445011
0.5383974511953257 -0.1074338899802263 -0.835814658779142 -83.70842107106708 0.07946557528563103 0.9938929027938876 -0.07656448341407009 -10.60415629631341 0.8389358776991842 -0.025196369969825782 0.5436467014978046 113.58911572950498
0.5445143305653448 -0.10772936748127175 -0.8318043803629913 -84.660700786086 0.07979350829803795 0.993872747353379 -0.07648501880589222 -10.70229457682319 0.8349473874696931 -0.02472540091347046 0.5497740578703244 114.20624435844262
0.5501882169306684 -0.10704717945774694 -0.828150848167647 -85.6038176540218 0.07922812097084009 0.9939670323558366 -0.07584486427676816 -10.800717801016349 0.8312736196933486 -0.023883884940946513 0.5553500961033913 114.82647086807529
0.5566427398010535 -0.10539515037532302 -0.8240392724282863 -86.52047755615317 0.07828089065156096 0.9941606409040286 -0.07427464059885872 -10.895126038569211 0.8270555981223844 -0.023162088736863273 0.5616427291969253 115.43816670438079
0.5643554710799048 -0.10514576718961541 -0.8188084451837844 -87.45491841566239 0.07888903984245313 0.9941854230816825 -0.07329300051595919 -10.992406780920438 0.8217538692667744 -0.023231706222396797 0.5693688314011242 116.07750758905972
0.5714665685388347 -0.10460014683607388 -0.8139316742358177 -88.38466153867786 0.07900395916973513 0.9942487210681131 -0.07230390784686679 -11.086607114455155 0.816813525523394 -0.022984558649083595 0.576443730632705 116.72741444995484
0.580980372380555 -0.10535032301214259 -0.8070707009610677 -89.29762465592518 0.07932952364917645 0.9941960922214239 -0.07267019257745988 -11.182291771996526 0.8100423653032888 -0.021804578713829136 0.5859658068189355 117.37720905437523
0.5912040241261937 -0.10666223863574292 -0.799437907974226 -90.19792791840246 0.07882413012218137 0.9941125584966212 -0.0743436449858609 -11.274603521390109 0.8026609236579769 -0.019062735598914762 0.5961309031949354 118.03431795110703
0.6014789034599518 -0.10722601373517658 -0.7916600979404469 -91.08651178877028 0.07778078218473507 0.9941037562200874 -0.07555045858129532 -11.366767130630862 0.7950932515216973 -0.01613393465887791 0.6062725604355506 118.69815079635406
0.612793118011433 -0.10498444578656393 -0.7832386996699754 -91.97712262441 0.07595173317707049 0.9943720963873733 -0.0738611410254354 -11.458641891304863 0.7865849787182724 -0.01422673782243088 0.6173181280229075 119.38041120766178
0.6230416752539234 -0.10391932379623305 -0.7752546968825913 -92.82654247657493 0.07699395661233675 0.9944697594819252 -0.07142708254674676 -11.548002436083049 0.7783900060650588 -0.015187877326863143 0.6275972648445354 120.06022747052171
0.6352058918919534 -0.10176934142209507 -0.7656085658169332 -93.67756938124472 0.07723521767367203 0.9946817535189757 -0.0681390517054388 -11.633195432220479 0.7684713371731238 -0.015849617122473507 0.6396878876299148 120.75334147372358
0.6464444397991076 -0.10240442710328483 -0.7560574842976334 -94.50933245575256 0.0791445730859522 0.9946060386981468 -0.06704449519701954 -11.717800812761913 0.758844992606435 -0.01649730568392395 0.651062298172234 121.45987651727853
