1.0 0.0 0.0 0.0 0.0 1.0 0.0 0.0 0.0 0.0 1.0 0.0
0.9999497022023742 -0.0034879057618573926 0.009403593928882324 0.018567513674497604 0.0034816370328256737 0.9999937058926893 0.0006829191585701008 -0.013744884170591831 -0.009405916699321087 -0.0006501449083760168 0.9999555520335108 0.30398029088974
0.9998144878958913 -0.006173937005737428 0.018244788168849186 0.038071920048394624 0.006151653735649558 0.9999802627371197 0.0012772206222825173 -0.028354255840045042 -0.0182523135463333 -0.0011647480631024304 0.999832734217157 0.6242569140468373
0.9996923516879492 -0.009659233814862788 0.022845156570437158 0.05818825235168458 0.009628132108127418 0.9999525664655743 0.001471017001933923 -0.03665292229414381 -0.022858281841083825 -0.001250608260545256 0.9997379331256029 0.9316847377196209
0.999648929486186 -0.01194524894201731 0.023650133294254222 0.06930676944583122 0.011904150299232988 0.9999273798873927 0.001877806482971965 -0.04157006876139176 -0.02367084668481525 -0.001595612499153448 0.9997185329071262 1.2836075588971734
0.9996866750844428 -0.013754798733855874 0.02091308610423241 0.0785210273864687 0.01374620474894123 0.9999053626349923 0.0005546429346029701 -0.05407529742599346 -0.020918735946803945 -0.0002669935876313049 0.9997811436513555 1.6541543894120496
0.9998081360355747 -0.015189774397266775 0.012367775500473842 0.08163574627296154 0.015193816150134706 0.9998845401894506 -0.0002328968164650874 -0.0658459436625262 -0.01236280986935769 0.0004207658390989181 0.9999234890171563 2.020620570691413
0.9998840993956418 -0.014941468324808138 -0.0029223791788892473 0.06995763212126425 0.01494006662647902 0.9998882655180448 -0.0005008877246075599 -0.07306431185907257 0.002929536646437126 0.0004571691317771218 0.9999956043960505 2.3908881262710704
0.9996334433540691 -0.013389453867933852 -0.023530861718302615 0.044542855981386895 0.013406399552799056 0.9999099719508201 0.0005625338579138524 -0.07823673826979471 0.023521211259586904 -0.0008777917914069015 0.9997229526736161 2.7764416886529792
0.9989812326985791 -0.013646146204656932 -0.04301487428539816 0.013803410082702423 0.01361422877140736 0.9999067865565565 -0.0010348783024012097 -0.0854932698814439 0.043024986821465314 0.0004482096631310351 0.999073895974222 3.137791281905387
0.998037711831479 -0.015290105903279283 -0.06072016488492324 -0.01917254517791557 0.015291545876840375 0.9998829802278777 -0.00044099355351961375 -0.09111016657688482 0.060719802263201145 -0.0004883769898999674 0.9981547310417527 3.5491801057259305
0.9967092809412831 -0.017777190639622804 -0.07908590758455676 -0.06360083123716809 0.01780357728237144 0.9998414347372376 -0.0003715084560601689 -0.09818209509102954 0.07907997168348742 -0.0010377261415248046 0.9968677350596689 4.0037011466587105
0.9950475306172992 -0.020692573925620857 -0.09722257555088847 -0.10509852281888143 0.02064089550068647 0.9997857719874803 -0.0015373888019334075 -0.1087194501005855 0.09723356028319256 -0.00047698609129095916 0.9952614768184911 4.402776694249379
0.9931365823778818 -0.022585895941135404 -0.11475890400015559 -0.16288590532990857 0.02249010545377181 0.9997447975101018 -0.002129555860669588 -0.11926310293460264 0.1147777151691867 -0.0004660000232745917 0.993391090630734 4.8281032372614465
0.9914987043786374 -0.023930607007955927 -0.12789701037832765 -0.22454566006350932 0.023929826692685625 0.9997124500688062 -0.0015429101991556017 -0.13400852059112323 0.12789715637941804 -0.0015307598294306312 0.9917862542727658 5.270344717240205
0.9897388940057934 -0.024765005415690065 -0.14072532181149902 -0.29043174513647163 0.0247887050498763 0.9996914566860473 -0.0015847810193491132 -0.1431103489769666 0.14072114906487707 -0.0019198790821022074 0.990047409102297 5.706961218591992
0.9878915203700763 -0.02727955383405275 -0.15272907360261903 -0.35599935825174184 0.02726758170282697 0.9996258077652826 -0.002173347115848591 -0.1567855943530527 0.1527312115089082 -0.0020175213062889026 0.9882657064973974 6.138224491427556
0.9865272132108642 -0.0313052449949393 -0.16057409264950878 -0.4243108322190552 0.03092233322064961 0.9995098598162864 -0.004883588661919122 -0.16811091245096751 0.16064827077375377 -0.00014753248640032857 0.9870117077986301 6.5995040572492565
0.9852938114635345 -0.031779489360789344 -0.16788737042323523 -0.5121747788573963 0.03123096843334867 0.9994947378663472 -0.005907248784092075 -0.1821401994231656 0.16799027264212743 0.0005770905036954345 0.9857884840391342 7.0935582756222075
0.9839979350518308 -0.03314690171759676 -0.1750695482379991 -0.6085478480628462 0.0323698156292079 0.999449350509739 -0.007293202437338865 -0.19361105014307542 0.17521489334489862 0.001509527139503674 0.9845290561877547 7.611189051687738
0.9828171423295157 -0.035273996725365214 -0.1811800482897154 -0.6979019153319329 0.034009878065299426 0.9993706622292308 -0.010080062970657472 -0.20881027217559717 0.1814215889502353 0.003744947333124863 0.9833982827075936 8.096954948190504
0.9810340290726325 -0.03742197881311882 -0.19018893054862032 -0.7936759274273547 0.03574066613001749 0.9992858466619869 -0.01226382671186678 -0.22161204475563712 0.1905120431523951 0.005233752262627918 0.9816709067967501 8.589153621372839
0.9792630065306047 -0.04269640275013569 -0.19804287725853484 -0.8886849273205967 0.04087428861505241 0.999076022489789 -0.013281333374176689 -0.23783485631414758 0.19842695525269313 0.004911056727510772 0.9801033746248224 9.095199090829663
0.9776296655470802 -0.04444540195514961 -0.20558415135255298 -1.0070717620298686 0.0420260870036451 0.9989864327486174 -0.016121885601694357 -0.2553734024403945 0.206092321675181 0.007121336197459805 0.9785066384635807 9.643619833165884
0.9758104764105486 -0.04374962679629997 -0.21419590164754024 -1.1327132494067578 0.040146632788073566 0.9989700489227848 -0.021144484647033626 -0.2720876036752868 0.21490035366001106 0.012033765428723295 0.976561839560818 10.189282817416426
0.9741934577687035 -0.04151338421529268 -0.2218642507743218 -1.270720888967093 0.036746917325552124 0.9989974068636638 -0.02557039590511913 -0.29221352217869434 0.2227033248690434 0.01675768512262313 0.9747422269921441 10.739338527566371
0.9718085754118226 -0.044092655535092076 -0.23161159401875314 -1.398968158033939 0.0388591003529232 0.9988768158206768 -0.027112305982846984 -0.3156323216651269 0.23254690510906711 0.01734775327844473 0.9724304563208543 11.274164956229928
0.9696345982842939 -0.04559811175179233 -0.24026976092452293 -1.5257773247181619 0.03958844375995699 0.9987721295044624 -0.029782351246779297 -0.34010806458277015 0.24133275975449556 0.01936609226955379 0.9702491708522539 11.786604864110595
0.9672031226721657 -0.04694106908654873 -0.24962903582360696 -1.6736967375025724 0.039864126492038604 0.9986489609215539 -0.03333323070642538 -0.3621485850386671 0.2508564747265626 0.02228876136784844 0.9677676581723781 12.33567898635354
0.964846220468588 -0.0485892731096982 -0.25828444278769935 -1.8359336851883612 0.04012505029845986 0.9984739119378268 -0.03794505920563935 -0.38926220243398935 0.2597340008278224 0.02624747070185181 0.96532342719719 12.914979903185984
0.9631636525158084 -0.05066777401289338 -0.26409951750994526 -1.9989571771644172 0.040539478543902344 0.9982234304742196 -0.04366386986593973 -0.4230033713689385 0.2658426774462595 0.03134899565950405 0.9635065704598722 13.50356301409699
0.9619015963903976 -0.05189202702941709 -0.2684260352357478 -2.178714901771792 0.03941977269893494 0.9978869032139284 -0.051650846212625286 -0.4598587106024681 0.270539092151151 0.0391017381313697 0.9619145771289345 14.124572673569027
0.9613324336595055 -0.054365449509261164 -0.2699710167665199 -2.354652941878309 0.0393536529172494 0.9973791154282905 -0.06071400258218437 -0.4943639969310357 0.2725641979357547 0.04774199416799425 0.960952371346521 14.72748286073955
0.9607738693304223 -0.05637987185964191 -0.27154167647147487 -2.538356906359701 0.03874010608862363 0.996801915799655 -0.06989381115935576 -0.5375570429124139 0.27461386744316274 0.05663259403583644 0.9598853958159179 15.361824217741303
0.9607392997952037 -0.0556241619534333 -0.2718197020747393 -2.726735502017829 0.03568512838538288 0.9963334249023574 -0.07775781654893192 -0.5867721740311291 0.2751482681049266 0.06500506925861115 0.9592016323638856 15.985305943723818
0.9602967570912915 -0.05605355124285786 -0.2732913055935253 -2.9152164962352427 0.03372664896456357 0.9957479170841247 -0.08572396848168239 -0.637549254515525 0.2769343811619829 0.07310324900913558 0.9581039941022781 16.611253552020585
0.9601838825485172 -0.05418124284513613 -0.27406441691290706 -3.121981937269369 0.030197936266806474 0.9953941772476128 -0.0909863536293978 -0.702124349683023 0.27773187850745773 0.0790874504918721 0.9573976074940935 17.285259457382487
0.9602482416768935 -0.05336944169934013 -0.27399820628817145 -3.324015589089841 0.0278164796666745 0.9949622422860771 -0.09631396515571106 -0.7616509733196704 0.27775809225905207 0.0848636501557809 0.9568952936799561 17.953626758301628
0.9604215615012571 -0.052323074452157635 -0.2735922515046087 -3.5329643641285 0.025781424418529507 0.994681067462619 -0.09972408027340603 -0.8284204240015758 0.27735490325292383 0.08872355894179994 0.9566621073975191 18.641775096593026
0.9600585776272137 -0.052030609618262225 -0.2749187938049406 -3.7468814416138705 0.02444196173418331 0.9943972928732159 -0.10284266834832936 -0.8997621235841576 0.2787294710485351 0.09201543125569617 0.9559513807615072 19.35356657399599
0.9596216678709316 -0.05086077369642617 -0.27665761556771273 -3.961200561958498 0.022789553221662075 0.9943421187685221 -0.10375156435872879 -0.9699066791903124 0.2803692044725462 0.0932573457799831 0.9553513367560147 20.070713829321143
0.9584825755687016 -0.05008952129889788 -0.28071728159704684 -4.174459178774417 0.02134836176175335 0.9942932269657864 -0.1045238071448452 -1.047081900217119 0.2843508392484146 0.09419139380012774 0.9540820622738444 20.77290439009623
0.9571479943021225 -0.04939551938934282 -0.2853555670872417 -4.398966566281467 0.020607843644985455 0.9944657604518898 -0.10302023135844987 -1.1212283050216971 0.2888650788581549 0.09272504490752087 0.9528688431589998 21.499060499767527
0.9560350223485323 -0.04901184736764351 -0.2891277829276396 -4.635164480413107 0.020136268036250238 0.9945791088133958 -0.1020143471357034 -1.2033277357750578 0.2925603642884896 0.0917073341099954 0.9518393762173448 22.262231764674876
0.9531375270883282 -0.04771074747855975 -0.29875163435700847 -4.906298309085469 0.018460617169927883 0.9948185665040161 -0.09997612391266182 -1.2934122146679603 0.3019736082336534 0.08977585596323574 0.9490796782232863 23.105284171029194
0.9492884489151892 -0.048683508955617634 -0.3106144824568918 -5.142043892381764 0.019819060166027476 0.9952401109476692 -0.09541659402329683 -1.3700882600015916 0.3137812065919976 0.08442178342489312 0.9457348026127783 23.827109222266003
0.9473662471361357 -0.048452404153123685 -0.3164641501323281 -5.368445203113447 0.020722663920068246 0.9956889950447 -0.09041015621561274 -1.4401129554216692 0.3194804610414387 0.07909355017103456 0.9442862094376323 24.498500915482726
0.9437159180379046 -0.046817801606308856 -0.32742687656120645 -5.638952463739887 0.019105366044548575 0.9959945925837054 -0.08734847756156228 -1.5161355145333761 0.33020486221462436 0.07617653836169797 0.9408304225380097 25.26075703705446
0.9407358098885537 -0.047071159437370017 -0.3358577704066837 -5.924461940849507 0.018993593677828324 0.9960793160766497 -0.08640161736608443 -1.593427681392914 0.3386080025524036 0.07490194946391845 0.9379415325989013 26.045890786472082
0.9369300910790654 -0.04726753684741416 -0.3463059115737888 -6.214605822539189 0.018479400515594595 0.9961266745270718 -0.08596604011016021 -1.6703568839941632 0.3490279590335977 0.07414464414922886 0.9341745316357247 26.819490527217397
0.9339742437190437 -0.0481804493777515 -0.35407733105523503 -6.503946763637772 0.018491166060359707 0.9960575013197323 -0.08676134417135288 -1.7411026648392518 0.3568615821956305 0.07448555807973566 0.931182964186084 27.573756212166103
0.9306080348609685 -0.04885795189236679 -0.36274176212436504 -6.82389378048272 0.01958826325989824 0.9962785893705396 -0.08393612037918297 -1.815331837762685 0.3654927980065642 0.07100614690807372 0.9281019026521828 28.379848924315617
0.9272635987141052 -0.04935676150381752 -0.37114165569715074 -7.135201688948808 0.019625783036037923 0.9963175668741 -0.0834633726750596 -1.8920272764706594 0.3738944331492373 0.07010860169714411 0.9248176776143944 29.152193787450013
0.9243247535193876 -0.048582523790733495 -0.3785016359455353 -7.474440875992797 0.019445978512895618 0.9965708437605227 -0.08042640913354412 -1.9677638637505013 0.38111101263411395 0.06697978611911987 0.9220998342372899 29.97029486531287
0.9202030172060389 -0.04824756977341971 -0.38845666313742316 -7.818860553424876 0.019440799830660674 0.9967832463892257 -0.07775098082789893 -2.041322641701625 0.39095838963609236 0.06399477891762044 0.9181809221740769 30.775921352043316
0.916860011591011 -0.04943638780692969 -0.39613604065514446 -8.160481702564537 0.021152153294539507 0.9969247693041003 -0.07545588617842137 -2.113385868799178 0.39864809739460155 0.060803354418727876 0.9150861415927438 31.56783035729073
0.914119046090847 -0.05047910701726548 -0.4022912245236024 -8.548178716568914 0.022902200411390412 0.9970637974009613 -0.07307033001630388 -2.1910818487372796 0.40479854099326557 0.05758162612426389 0.9125910899973817 32.448320559367616
0.9117979812571393 -0.05110247395263039 -0.40744690271411627 -8.93345349954775 0.023814999904743256 0.9971369929319591 -0.07176812040277822 -2.269294461316723 0.4099479078553065 0.05573467935254786 0.9104045026044886 33.31031353358743
0.9098398529312934 -0.05088698283617506 -0.41182758163555966 -9.333106461947024 0.024143731623461628 0.9972628042153406 -0.06988547454120739 -2.336879109574028 0.4142565898585766 0.05364153527245758 0.908578044777859 34.17910145933198
0.9079008755458521 -0.051692550146577684 -0.4159854329690154 -9.734012140968138 0.02545269608230305 0.9973344261043063 -0.06838276661072054 -2.4083868037826184 0.41841147265009065 0.05149682287809523 0.9067965134407194 35.05250416611866
0.9057280708035745 -0.05384939870722155 -0.42042467103787545 -10.135240984210762 0.027218193726151668 0.9972388469924193 -0.06909306752139306 -2.4813331578336384 0.42298443433384253 0.051136330608489974 0.904692900382875 35.916696255740625
0.9045918527542139 -0.05415935284723812 -0.42282424768438603 -10.546008165452728 0.027590371713617848 0.9972550200504102 -0.06871096253845121 -2.5522415556993474 0.42538494486688533 0.05048949874403994 0.9036030429326656 36.782573184772204
0.9037146353244829 -0.055888892304548445 -0.4244717771740635 -10.974442618588585 0.029011773138908938 0.9971582081097311 -0.06952571480198473 -2.625198782476012 0.427151231907007 0.050516727094706185 0.9027679022672248 37.697154582966924
0.9029124027305594 -0.05628268765993588 -0.4261237520546146 -11.414982830259563 0.029564012732457914 0.9971740555032411 -0.06906426125265165 -2.7004858201262523 0.4288066722271048 0.0497610500390974 0.9020247644896027 38.622729869189094
0.9024164955527558 -0.05551272685084919 -0.42727368946831523 -11.881301582192727 0.02942431171028532 0.9972903066106786 -0.06742591653626036 -2.779724434010901 0.4298589052638775 0.04827402508556532 0.9016046473190892 39.592821799168256
0.9023245721360821 -0.05648372955253686 -0.4273405606951817 -12.310419748366417 0.030811448103076636 0.9972932683413454 -0.06675920600807615 -2.851734203107248 0.42995467340782306 0.04707149048918261 0.9016225671520756 40.48385438462222
0.9021482426525216 -0.057944600378914926 -0.42751721785899477 -12.758555603946633 0.03232302098354238 0.9972323487542037 -0.06695420011225517 -2.9271833823208433 0.4302136336675825 0.046583965965794304 0.901524355478782 41.41956507022282
0.9010768843966013 -0.05978429492637637 -0.4295186683792337 -13.20952412545048 0.033922025590966 0.9971339084122747 -0.06762591865747347 -3.0054546952664785 0.43233059640270655 0.046366008827776174 0.9005223199007688 42.36543036848241
0.9003895234331507 -0.059736924487191354 -0.43096427455722564 -13.671303876972493 0.034561476179327144 0.997219600450388 -0.06601948834908218 -3.0826372399942716 0.4337098228725399 0.04454849414267999 0.899950677100412 43.31779015660938
0.8987557189305717 -0.05936039049015799 -0.4344128240860844 -14.128034734638813 0.0358610636332947 0.9974254455129044 -0.062100440887912584 -3.1604615057518957 0.4369807110212991 0.04023462046845101 0.8985705501022608 44.26734365981948
0.8968299331896432 -0.05945875665735499 -0.4383614116135473 -14.58835159542221 0.03740169080705581 0.9975694686870694 -0.05879003885159349 -3.23504860034582 0.44079154309019336 0.036329208636576696 0.8968740179869226 45.202914592528224
0.8940789020353901 -0.05986880559862139 -0.443890350257117 -15.067978992047088 0.038321095624626815 0.9976174963442934 -0.05736570942533592 -3.311048255760507 0.44626719638050893 0.0342791059384335 0.8942429940070775 46.16462707458304
0.8897157357220754 -0.06198897195903363 -0.4522867198625096 -15.552237269955562 0.03906830108243684 0.9974423687109252 -0.05985306133249059 -3.389980633823701 0.4548401669367583 0.035582136751479074 0.8898619747382966 47.12522024767548
0.8847012358628835 -0.06489232805107653 -0.4616196584015871 -16.05654433472236 0.039589420185495376 0.997145003403604 -0.06430023325465398 -3.4647611649480825 0.46447432767814284 0.03861124120431879 0.8847444664876968 48.09527711217905
0.8781566365058595 -0.06365892604283793 -0.4741186169048717 -16.580758379006916 0.038211025470481295 0.997273677397191 -0.06312788530576613 -3.5418253597571874 0.4768446699851118 0.03731961288325783 0.8781949710633931 49.06735528985084
0.8731639396658895 -0.06257097396740104 -0.48339384324163037 -17.11344811154062 0.038412459857097396 0.9974752783711253 -0.059728987654012085 -3.6192792834626824 0.4859107092819317 0.0335848515735453 0.8733629488076038 50.02389488798502
0.8686926915470045 -0.06083356260477916 -0.49160175479104173 -17.67175503682585 0.038132281327581626 0.9976979161933115 -0.05607849092368909 -3.6949054468127476 0.4938815007403854 0.02996907880356894 0.8690126106922099 51.00165954487342
0.8657960449844028 -0.06077532309349884 -0.4966926298952371 -18.223597983626416 0.03706495087011544 0.9976592497462615 -0.05746486589841234 -3.7674342382906616 0.49902244228728043 0.031342965695789086 0.8660220670369957 51.95236123274478
0.864422685236329 -0.06400265009572037 -0.4986753272717022 -18.75516582314049 0.038088003700454995 0.9973502534278165 -0.06198206161128034 -3.8426920205801345 0.5013209802341496 0.034585152424056326 0.864569917362891 52.873682512290266
0.8635203193433092 -0.06720883992244409 -0.4998155959126415 -19.303098303201917 0.0377778730073346 0.9969160012518061 -0.06878458227794092 -3.91518520854303 0.5028970972199694 0.04051491434507061 0.8633962307789746 53.802103550948615
0.8609720372656018 -0.07028173204274547 -0.5037733907103384 -19.833627731059476 0.03957385159065575 0.9966615942521126 -0.07141132132315053 -3.9937564237459187 0.5071105020772103 0.041546897404129056 0.8608790821010177 54.70459413883707
0.8597174956932518 -0.06916640109228334 -0.5060650517066606 -20.389393831593353 0.03997467715776679 0.9968611941823831 -0.0683358231047643 -4.082052054468788 0.5092031547281065 0.0385197156429627 0.8597839139700914 55.64028383407711
0.8571463634722506 -0.06839420925821169 -0.5105118448442121 -20.93974109252319 0.04149425051005637 0.997092406032098 -0.06391369968739646 -4.162452889990257 0.5133988106344867 0.03360008888479263 0.8574920963286069 56.56508736018019
0.8547264604373779 -0.06729943398096652 -0.5146974490067275 -21.490768253759857 0.041565635070074276 0.997249217920414 -0.06137015022259455 -4.242482221539165 0.5174118048608987 0.031060964939356603 0.8551726379203343 57.467696795842976
0.8525955206603103 -0.06848416680196315 -0.5180644719023062 -22.052002167666164 0.041922088494940175 0.997143872163576 -0.06282226279634165 -4.318435775272118 0.5208871438672651 0.031843635220732816 0.853031398161716 58.38508324278812
0.8501001584260455 -0.07071602493830464 -0.5218514773965266 -22.61825536561534 0.04282050157298565 0.9969438226362046 -0.06534079240834151 -4.395942913613582 0.524877247829481 0.03320027596929162 0.8505301972220108 59.30167820439004
0.847739927231431 -0.07424365458402432 -0.5251903421919105 -23.172821696900463 0.04494906414516039 0.9966492260358563 -0.068336680301306 -4.473722554062162 0.5285041129547833 0.034324918006263805 0.8482365251471673 60.19731321965689
0.8450521187363658 -0.07618288795084732 -0.529228763582109 -23.747264457184045 0.0458543111379276 0.9964766956896814 -0.07022518848276699 -4.558311420413121 0.5327140872637454 0.035076523927588116 0.8455680568114621 61.10930502452724
0.8422451494157935 -0.07618851480591284 -0.5336838188452385 -24.3298681507249 0.04600837648133771 0.9965098070684006 -0.06965223406360256 -4.642687505262547 0.5371278596192154 0.034110330226613 0.8428108612213729 62.02534120833007
0.8400338498850944 -0.0765111087331138 -0.5371118889837165 -24.92797479001144 0.04660321372632603 0.9965228886250519 -0.06906716236215935 -4.725643964453209 0.5405286962942901 0.032987614142464775 0.840678622183045 62.94711055956536
0.8358900434484949 -0.07935320158008743 -0.5431306515587787 -25.538940451205825 0.04862808071173771 0.9963098681751268 -0.0707245102008807 -4.814866487357583 0.5467386441710208 0.03270651274366872 0.8366642928882422 63.888867578289286
0.8319803508625745 -0.08149296899166694 -0.5487873830396532 -26.14010531789768 0.04928987891682679 0.9960991087575831 -0.07319203077325695 -4.900724767835048 0.552611259037447 0.03384466778197191 0.8327516645722035 64.79424465566268
0.8271053918171091 -0.08391554772658685 -0.5557471112626798 -26.762504664508302 0.05104104141440255 0.9959201609916439 -0.07441669854079346 -4.994146301091848 0.5597244705374241 0.03318454128242562 0.828014071922377 65.72255484683865
0.8231260589823405 -0.08456550930103163 -0.5615266384249799 -27.393200144243426 0.05100564412259969 0.9958624976818404 -0.07520844353212847 -5.089755842267844 0.5655633609878205 0.033265001841932554 0.8240336912776182 66.64567949484997
0.8177932306676244 -0.08642805634411856 -0.5689854329864585 -28.036678763654287 0.051742367302105755 0.9956971082272098 -0.07687649897040211 -5.1848163269005525 0.573181436632576 0.033428427192288425 0.8187463471401055 67.5696650255382
0.8124603398267964 -0.08692491660382867 -0.5765000044075838 -28.70673845772764 0.052143043437850894 0.9956939704278297 -0.07664607148903804 -5.283511035709037 0.580680031712444 0.032211428516626915 0.8134943912795917 68.513796474689
0.8075585360907036 -0.0883286735206719 -0.5831357099519102 -29.376049762527625 0.053815020518538134 0.995632782472369 -0.07628437607346444 -5.382392127016569 0.5873271272073418 0.030222638872325295 0.8087851616751904 69.43955754730534
0.8032149341042257 -0.08964791795890965 -0.5889049332766513 -30.050484078219736 0.054986312444311916 0.9955480909772475 -0.07655392867341851 -5.483174458790424 0.5931460824078002 0.029107548113692823 0.8045685027187481 70.35263376235808
0.7986362442306046 -0.09072864877072961 -0.594935678618682 -30.739676956669662 0.05522104329432904 0.9954479295844418 -0.07767918552311051 -5.579448156777572 0.5992752170570045 0.02918444411472607 0.8000109264522545 71.2728892309842
0.7951737767294467 -0.09293288054449521 -0.5992179440867328 -31.41126380285562 0.056426371291523794 0.9952387208491018 -0.07947297116324988 -5.675493955240105 0.603750552318339 0.029383128430210282 0.7966315976277583 72.16464644552794
0.7907696859648307 -0.09166322995512607 -0.6052116621755373 -32.104800613342924 0.055355517710060864 0.9953816277944427 -0.07842946964207204 -5.774166498656562 0.6096056679675265 0.02851784219535619 0.7921916827753158 73.0617601310836
0.7868974167929932 -0.09129050424725531 -0.6102937811241371 -32.81128974399294 0.05528118167468897 0.9954487742334336 -0.07762556814480998 -5.874108294911568 0.6146026736007291 0.027345597660983142 0.7883627159445069 73.96288888624774
0.7845439486130114 -0.09043760351088187 -0.6134426073936446 -33.52692098462422 0.05481858479924456 0.9955490567121682 -0.07666158386128134 -5.978146821170056 0.6176452990635587 0.026516326116578972 0.7860096494280249 74.87473944515143
0.7823546156907628 -0.09060273889748807 -0.6162080809366529 -34.24414112529664 0.05448874991982866 0.9955259865928261 -0.07719446968892713 -6.077542583109265 0.6204451881024894 0.026817041646197998 0.7837911806328347 75.78118860409974
0.7793714947178797 -0.0921286168426491 -0.6197518787223467 -34.946088497717774 0.05378519442706574 0.9953169525209851 -0.08032009016915967 -6.17170139363858 0.6242493300610429 0.029265713437392163 0.7806768165735036 76.65717506235629
0.7762454347135228 -0.0940825733370428 -0.6233710728616576 -35.68382792832221 0.05360184450160983 0.9950706187105169 -0.08343444159994333 -6.274264522829318 0.6281479661293502 0.031351765075495794 0.7774620244579228 77.57087274922198
0.772334149103473 -0.09536638518267712 -0.6280168904621941 -36.41063897561256 0.05361007203326864 0.994924590262898 -0.08515292048304804 -6.379165203024731 0.6329501736354941 0.032098477649162994 0.7735268356220126 78.46075437628792
0.769612020061206 -0.09517587380728297 -0.6313785644305089 -37.13863263148644 0.0544374212076781 0.9950084511380524 -0.0836346180484614 -6.484969031028891 0.6361870053290682 0.02999558648992103 0.7709515931895841 79.3448175097781
0.7664220700847455 -0.09576461491937392 -0.6351585227455878 -37.86731061186141 0.05492471387447816 0.9949728731702787 -0.08373922295487987 -6.588604528365688 0.6399847547346891 0.02929368847762944 0.7678290132070782 80.21634081214896
0.7632779931720977 -0.09640951091043726 -0.6388363729040369 -38.61888073444889 0.055267167082149855 0.994922207630885 -0.08411504624976589 -6.697074238715641 0.6437019849137404 0.02889648713765748 0.7647305065506503 81.10891345178894
0.7611249949297346 -0.0963931664567851 -0.6414024474178797 -39.38334192357122 0.05508139627367144 0.9949286988275194 -0.08416010951705025 -6.805247495494434 0.6462621618799558 0.028727020552323842 0.7625745710502233 82.0067546723777
0.7579455884367703 -0.09533693410870908 -0.6453133765574598 -40.14567804152187 0.05435265172391873 0.9950522664782392 -0.08316715834449209 -6.919008952016303 0.6500494398273232 0.027961687561216468 0.7593772908172278 82.9015140907504
0.7563817591212137 -0.09588495691975296 -0.647064687264879 -40.926345203817505 0.05532518767993025 0.9950312665490443 -0.0827762175868511 -7.0275812458576805 0.651786589365629 0.02681144580775797 0.7579283530102426 83.81093535319658
0.7563362152710496 -0.09839027873561476 -0.646741743294642 -41.703758810843205 0.057806925201227606 0.9948095203591097 -0.08373994030125495 -7.1382417815754975 0.6516240395107015 0.02594939793532989 0.7580981070274148 84.71774414951241
0.7540862761809517 -0.10124322230994515 -0.6489250326592779 -42.49544938003934 0.05946887234036057 0.9945139608624359 -0.08605483642582423 -7.248592741429524 0.6540774734678696 0.026301931222031796 0.7559701496195999 85.63784405780477
0.751420353466492 -0.10419853961999989 -0.6515444088758274 -43.28525538812728 0.061918523706195966 0.9942301677463283 -0.08759263647792026 -7.361420475131217 0.656912131733261 0.025476221936683436 0.7535366038206077 86.55268383086138
0.748225600581196 -0.1063759193439083 -0.6548607595654566 -44.08895355076709 0.06463436736304393 0.9940544284561801 -0.08762529213780847 -7.480641779492989 0.6602884590771579 0.023236975930518794 0.7506525119914786 87.48085899176533
0.741033697737994 -0.10951212052349803 -0.6624772858560528 -44.89231632707963 0.06827804976572684 0.9937860739760368 -0.08790533027913663 -7.5950663077229 0.6679874001333741 0.019908154855285055 0.7439062431740399 88.39480275967837
0.7328314646185894 -0.1102333046627308 -0.6714213751498433 -45.734079769355084 0.06947631358817173 0.993754380526154 -0.08732280936432477 -7.71338072615357 0.6768538145827142 0.01734502027135596 0.7359130817947287 89.32252133333004
0.72436796836669 -0.11048167996459807 -0.6805033760360885 -46.57531516561527 0.07080167428718862 0.9937781611878328 -0.08597726015790871 -7.831203616251252 0.6857683058602554 0.014098394884879323 0.7276833555463703 90.229664644916
0.7162407244099394 -0.11120564535528113 -0.6889357946411558 -47.42096609329296 0.07223402129361467 0.9937327552537092 -0.08530801429892476 -7.949649921909216 0.6941047981857489 0.011336471099392724 0.7197846994473651 91.11582700339798
0.7078509145290071 -0.1140662718555138 -0.697091076133838 -48.262305449037186 0.07291590896609537 0.9934027836913755 -0.0885109008759625 -8.063347843277453 0.7025883239992652 0.01182349268238396 0.71149831482632 91.97173282514422
0.6968097012909531 -0.1166121990892686 -0.7077131023305826 -49.13365185639422 0.07417846016397638 0.9931205640589826 -0.09060409091685495 -8.187280104710894 0.7134099776667792 0.010636741358758792 0.7006661569526194 92.84036839152157
0.6880841872033594 -0.11613458915069631 -0.7162771171296004 -50.0125414294665 0.07326604600036722 0.9931841917451638 -0.09064903623854875 -8.30380507327848 0.7219225982223886 0.00989537620834196 0.691903059471145 93.68734085022703
0.6795443079205911 -0.11789825422695865 -0.7240991197501628 -50.89333639262357 0.07645231337177191 0.9930090024185412 -0.08993422538632526 -8.426270910039332 0.7296400327235545 0.005755238133161186 0.6838072095855683 94.52826127808581
0.6689623465599464 -0.11867551417492372 -0.73376120176821 -51.80236072089929 0.07787330916011417 0.9929291541096567 -0.08959599678297639 -8.552128483839224 0.7392057403764283 0.002795935335324566 0.6734738719060579 95.37250212369533
0.6597788754995565 -0.11966695043464094 -0.74187037709981 -52.71291524766339 0.07878797813233886 0.9928136087311283 -0.09007548401253436 -8.67255432548144 0.7473180647798895 0.0009794345038983826 0.6644657634232886 96.19258366604086
0.6521802041558107 -0.11989571050811168 -0.7485225446898979 -53.63743413924444 0.07748084916200138 0.9927850594762583 -0.09151253298787748 -8.7973413628566 0.7540939592122592 0.0016865000673738847 0.6567643842331148 97.00612783734807
0.6421677982514946 -0.12043490961569163 -0.7570442202637097 -54.57720574592056 0.07672685367047803 0.9927200384984491 -0.09284349783084986 -8.91849854269826 0.7627145657548812 0.0015354834737494744 0.6467334330895884 97.8128316528042
0.6336855748384531 -0.12009422279211507 -0.76421199277008 -55.56020898412218 0.07569372271183586 0.9927617212739865 -0.09324497367223139 -9.047729455843522 0.769878596003086 0.0012419440684864336 0.6381891608224382 98.63221572158373
0.6261226186701648 -0.12094468350048534 -0.7702875112077198 -56.53726571286079 0.07578800128692326 0.9926590438794732 -0.09425604206215962 -9.176398751794641 0.7760326315629703 0.0006372889907330162 0.6306924358292191 99.43063480006505
0.620014368009127 -0.11839679939607864 -0.7756058157047352 -57.516344208560355 0.07388488091177117 0.992966361429305 -0.0925139418817538 -9.301998079486568 0.7811038393420533 5.442988002719168e-05 0.6244011444596269 100.21683861391557
0.6141586975550355 -0.1168917587909103 -0.7804776812595413 -58.50926457607893 0.07478924978215665 0.9931396191289471 -0.08989029443400523 -9.42887960896684 0.7856307417193682 -0.003164434100690963 0.6186875819202272 101.00404702568638
0.6074911014202043 -0.11618493618557756 -0.7857834449126684 -59.51859225431608 0.07402556146599797 0.9932206294529556 -0.08962699079361483 -9.553485932472379 0.7908696339757337 -0.003720461346154773 0.6119733492746731 101.78775916973773
0.6031337407839291 -0.11727415707076967 -0.7889717756747224 -60.51218459583114 0.07322013749265786 0.9930964409886591 -0.09164207746016395 -9.681429151508885 0.7942723098494245 -0.0024961929009703135 0.6075568013177538 102.54881994751008
0.5988712047220153 -0.11933514516260815 -0.7919042892192347 -61.50832263698685 0.07411200511615787 0.9928504837950816 -0.09356990715788435 -9.807540970910589 0.7974087351242554 -0.0026532917087539673 0.6034337322280248 103.30700815679742
0.593444691666057 -0.12054267225871461 -0.795796998045423 -62.519266817774685 0.07369172428005329 0.9927060918474253 -0.09541564327532592 -9.941021652091726 0.801494184449277 -0.0020197459592131498 0.5979991579594817 104.06644970554011
0.5910718234458541 -0.1228947393670292 -0.7972019709987571 -63.52914843632391 0.07515420997175541 0.992416757055711 -0.09726677253074276 -10.072714674935344 0.8031101694362451 -0.002421435717898636 0.5958256392579542 104.81886994594174
0.5876816941436283 -0.12501738287790787 -0.7993753063153963 -64.53835336892827 0.07685147906184621 0.9921485578388753 -0.09866655636154761 -10.205545218529437 0.805434091986726 -0.003448645617982478 0.5926753160955162 105.5655693975846
0.5858870748392516 -0.12246285851203972 -0.8010862524231491 -65.5527405090802 0.07790802332043587 0.9924490721250244 -0.09473742207005889 -10.337390589964963 0.8066391234242284 -0.006905615341024907 0.5910039230311033 106.31139117442379
0.5841467604253622 -0.12145937694256605 -0.8025086803501121 -66.59529121687625 0.08066430702180362 0.9925322826422558 -0.09150375667504468 -10.469837387402631 0.8076297616217761 -0.011282183550945936 0.5895819539954357 107.07581986298872
0.5824119488220321 -0.12114627089948783 -0.803815838931077 -67.63656228811583 0.08281463985739139 0.9925303150062783 -0.08958409021042064 -10.601791592764284 0.8086643662822133 -0.014392874649844262 0.5880941998223588 107.84082353377137
0.5804626742860742 -0.12173614286104106 -0.8051356378163715 -68.62822816429087 0.08459427796238922 0.9924268312066488 -0.08906622725338859 -10.718999004059748 0.8098807886946581 -0.016410247482790505 0.5863649135827216 108.5601964504753
0.5796877624516426 -0.12195544834464829 -0.8056605778383749 -69.64959284018803 0.08707242211258369 0.9923461420681312 -0.08756441988584558 -10.845335689673515 0.8101731243205098 -0.019390795279009138 0.5858698709501893 109.30565385965748
0.5777992304063324 -0.122983482980372 -0.8068600326301129 -70.62653592475337 0.09046039746516334 0.9921412070239578 -0.08644502192427869 -10.96668818991133 0.8111503965555925 -0.023041012110167902 0.584383560624907 110.01925138300413
0.577310733598455 -0.12414580713320382 -0.8070316818088736 -71.60401018853648 0.09349978156951559 0.9919238108081728 -0.08570265105727493 -11.085612604476617 0.8111535660517475 -0.025980225615600705 0.5842558687411671 110.72782039940995
0.5756624590543399 -0.12464998627863536 -0.8081306293887434 -72.5851149122578 0.09613759151920279 0.9917753629786932 -0.08449374465230224 -11.207513908311123 0.8120161924077607 -0.029051855521077485 0.5829113937455547 111.4372886455837
0.5739217972370491 -0.12490255818126288 -0.809328809332753 -73.56119884774043 0.09826672645339178 0.9916628159657233 -0.08335772251607086 -11.320546810036594 0.8129928788915249 -0.031689278797540285 0.581410671110328 112.13637746097622
0.573836086657274 -0.12706925074908046 -0.8090522549031879 -74.52941057324382 0.10169116891883552 0.991299926320315 -0.08356651387522918 -11.44005369644056 0.812632174980653 -0.03431998821977254 0.5817654910656083 112.83269602937196
0.5729060018525731 -0.12832131396161595 -0.8095136524015294 -75.46330073465771 0.10385237798202143 0.9910727283848373 -0.08360341284489507 -11.552546052832412 0.8130150039382908 -0.03617302081661143 0.5811179879647697 113.50889901516744
0.5730605574784559 -0.13081719901086794 -0.8090046093227359 -76.40543099443902 0.10775407147939645 0.9906344969611514 -0.08385912896125088 -11.667472064579325 0.8123980905578831 -0.039117181307931126 0.5817896428988986 114.18966072468494
0.5736213802350691 -0.13267632430554419 -0.8083040919765185 -77.36241916887573 0.10893997235067186 0.9903857771779491 -0.085253121865798 -11.787252814501654 0.8118439471730075 -0.03915361199684925 0.5825602115714316 114.87555269102587
0.5751621408627529 -0.13473579741612857 -0.8068672608383705 -78.30510151182816 0.11053232016518669 0.9900975502958326 -0.08654159171804113 -11.898631024743525 0.8105375487397704 -0.03940946323957515 0.5843592869888293 115.55378981813352
0.580278250562865 -0.136209383586173 -0.8029471687145899 -79.2467637437468 0.1107781644798458 0.9899526497231932 -0.08787462421259853 -12.017238641829286 0.8068490256536087 -0.03795728031753548 0.5895370172200545 116.23796495386794
0.5837459218860981 -0.13736215457311216 -0.8002326768961526 -80.14032391734587 0.11074952673237683 0.9898444223358024 -0.08912105194204412 -12.125446359276841 0.8043477115090863 -0.036601339616664556 0.5930304384501368 116.89599675770847
0.5884253096514661 -0.13720492461309977 -0.7968252403278212 -81.01945425132124 0.11019549008064768 0.9899102258867076 -0.08907692546789908 -12.23637267752286 0.8010072464887333 -0.03539143041530505 0.5976075951037574 117.54613519190059
0.5939756208147897 -0.13668888284375416 -0.792785665350107 -81.92851377538439 0.1096216482956344 0.9900199703733468 -0.08856383283770979 -12.34476697551453 0.7969793322932744 -0.034301713789314 0.6030317871625694 118.22511664035328
0.5987186221722218 -0.13483601258143085 -0.7895285056128984 -82.81618434409309 0.10832544199106131 0.9903031481425746 -0.08697858010077618 -12.458853281090223 0.7936004095775389 -0.033450328698626394 0.6075191070479318 118.89940970762109
0.6043145247580488 -0.13345274835008689 -0.785489859338911 -83.70445395369615 0.10759960532244198 0.990510688882679 -0.08550380192491835 -12.56962881468903 0.7894468190454051 -0.0328472094243839 0.6129394592715682 119.57977610697088
0.6132307158244559 -0.13307252838883415 -0.7786140194972271 -84.5940818715206 0.10792141737514573 0.9905787582407115 -0.08430119449942224 -12.681227882737309 0.7824966816806094 -0.032333046724562706 0.6218146968738696 120.28169200769656
0.6196895976950705 -0.13162191407651144 -0.7737315259464083 -85.46595286625637 0.1073735927964543 0.990785829673409 -0.0825490841157911 -12.789894867193041 0.7774675003358681 -0.03192352507493772 0.6281123899974326 120.97730936323337
0.62962562498577 -0.1304439430492069 -0.7658694079822316 -86.32365107264114 0.10582126486377039 0.9910153695170529 -0.08179484875963135 -12.89679903086901 0.7696579969466376 -0.029545136702247315 0.6377724144499629 121.67971750942722
0.6373267026022638 -0.1303008166382636 -0.7594974465615586 -87.1794838349568 0.1033913760969496 0.9911478951288152 -0.08328309150421147 -13.00008318163232 0.7636261503503564 -0.025446948051217274 0.6451570005324083 122.39101383806646
0.6458221760509845 -0.13022006983113696 -0.7523007711905825 -88.02095467015788 0.10160671235230244 0.9912418714189472 -0.08435418395562877 -13.10282377786634 0.7566966320301207 -0.021961005419547593 0.6533972155704636 123.10296789347258
0.6578478299858166 -0.1280982946159514 -0.74217724264453 -88.85757681158093 0.09872351422995863 0.991593596990534 -0.08364093582368717 -13.208452780695117 0.7466524628775023 -0.018247337445773164 0.6649640098194043 123.83129122551824
0.6663646631134907 -0.12664159787859688 -0.734792515912077 -89.66197691411114 0.098988077518993 0.9917731659231569 -0.08116247817712335 -13.311777414835857 0.7390260457268998 -0.018651891097525707 0.6734185999033203 124.55843424237632
0.6792143175907126 -0.12435230123938848 -0.7233287053312976 -90.48128143910898 0.09898209101707983 0.9920583880393956 -0.07760605890368846 -13.415067898778375 0.7272348014483832 -0.018885441407195606 0.6861289118417808 125.31849633197336
0.6883531683051742 -0.12336401734715959 -0.7148085302430282 -91.27500400196132 0.09908759634760368 0.9921863801186532 -0.0758144798643222 -13.511777859593785 0.7185760669089131 -0.01864152169253001 0.695198482258631 126.07639485491195
0.700159351230897 -0.12529060952694948 -0.7029076369255742 -92.02295832594017 0.10245864937816626 0.9919248187457568 -0.07474877339327748 -13.603930575352889 0.7065968497322439 -0.019682914432650293 0.7073425441947526 126.823915702256
