1.0 0.0 0.0 0.0 0.0 1.0 0.0 0.0 0.0 0.0 1.0 0.0
0.9998839519467733 0.000596268203178758 0.015222585310406546 0.024656789377331734 -0.0005986220302634253 0.9999998095651311 0.00015007120453658558 -0.002167491940781474 -0.01522249292880803 -0.0001591663639898275 0.9998841184732864 0.14523233473300934
0.9993522540047034 0.0027648562388540975 0.03588074672714332 0.0521154692408074 -0.0028407164040303067 0.9999938362897144 0.0020634226159667694 0.0012768103375395004 -0.03587482050172251 -0.002164013068047325 0.9993539484594088 0.3572849393193488
0.9982653985772512 0.0034013177231143467 0.05877605840092142 0.0877131368449872 -0.003675877969479487 0.9999828296554539 0.004563804928478179 0.003805466391336864 -0.058759526245159545 -0.004771942164164879 0.9982607608452947 0.5897769022254189
0.9961923935834853 0.00340760830092034 0.08711545885819606 0.13518519835175252 -0.003968617393901458 0.9999724841845763 0.006267451611971659 0.00032399756360869175 -0.08709170478517099 -0.006589315548301064 0.9961785060310315 0.8439183329135875
0.9929708450620959 3.9318015641898684e-05 0.11835919613938403 0.20213470257098398 -0.0010092975051203476 0.9999663986287384 0.008135289301406114 -3.173425035779976e-05 -0.1183548992446603 -0.008197564733813384 0.992937519563654 1.1160803791626352
0.9884446727502566 -0.0020281092276735547 0.15156851811836974 0.27153223309812236 0.0006497871154601296 0.9999579935286179 0.009142699542531534 -0.0005234835260716871 -0.15158069365305904 -0.0089385653871888 0.988404469516643 1.3696459881782366
0.9825234470421689 -0.0014086495216260424 0.18613353195730167 0.34376414197519983 -0.0006671641919116255 0.9999382906559242 0.011089173641435185 -0.0008257241478894491 -0.18613766653827926 -0.011019554738468008 0.9824618763641929 1.6199995005265386
0.9742722080490923 -0.0028600995992350622 0.22535634992923703 0.4404573810206649 -0.00022877756506214431 0.9999064074366204 0.013679328492919009 -0.0013625647258993813 -0.2253743824927137 -0.013378946052433168 0.9741803690890892 1.8892081209945075
0.9646094814107121 -0.00592105181362534 0.2636161784071256 0.5541241894909048 0.0012503876778468806 0.9998393237427856 0.017881924623043208 -0.0057046071236412305 -0.2636797013484583 -0.0169194516160978 0.9644618951797932 2.1648411118471853
0.9537747804017825 -0.012298563116295708 0.3002705673468618 0.6816327489955862 0.005798485926951467 0.9997293750239996 0.022528965246507566 -0.008640690465798106 -0.3004663805328089 -0.01974644422162863 0.953587978169878 2.416564588460841
0.9379485508613995 -0.01709370628103624 0.34635288528115116 0.8239616445262435 0.008506511427724087 0.9996179453397812 0.02629833869285543 -0.007852012972259258 -0.3466700956245442 -0.021720233890356704 0.9377356110543192 2.663228483916494
0.9194409850483559 -0.020409730771635357 0.39269799834368746 0.9886998141015065 0.009228836592661535 0.9994970579813787 0.03033907812895791 -0.004319013867795923 -0.39311970643616345 -0.024270846223368923 0.9191669176135239 2.946359214199974
0.8987316432087533 -0.024321392998702143 0.43782405522983425 1.1703070322876943 0.010239671755948674 0.9993523978098929 0.034495421637487436 -0.0056484571709545265 -0.4383794961190871 -0.026518952359026023 0.8983986657092469 3.2137531529394976
0.8744247542099324 -0.03050576487960494 0.4842011436727611 1.3751269875719327 0.013546368553337993 0.9991673058066012 0.038486243077172425 -0.006522293669316892 -0.48497200447439925 -0.02709415649708122 0.874109868128598 3.461729088230771
0.847315928460054 -0.03770240354872841 0.5297492294893176 1.6043607038512016 0.018281810337583713 0.9989564277858487 0.04185487780554665 -0.006855833563532607 -0.5307744274064619 -0.02577952970838405 0.8471209612914541 3.7149515921734118
0.8217308795174316 -0.04396265891722787 0.5681774777905543 1.8288995851224181 0.02201553547476804 0.9987246271299434 0.04543605794867025 -0.003830018337339771 -0.5694503295681438 -0.02482748044170361 0.8216507277241646 3.9461235638434387
0.7912082881196971 -0.048243180950788424 0.6096409109487714 2.075054423718259 0.023046093084930892 0.998527585857295 0.04910741161497896 0.0039715107211421 -0.6111123647940851 -0.024804349895769382 0.7911551186853493 4.190882162603186
0.7570802001469222 -0.05276479605312506 0.6511877201260543 2.3616545911521616 0.024483477831241135 0.9983245313490321 0.052427945029561974 0.018779317521987107 -0.6528630253420571 -0.023748819006589907 0.7571036017197441 4.457731625598599
0.7230758879476351 -0.05386449200200602 0.6886652864564214 2.6473200090271654 0.02125866941451711 0.9982181088108764 0.055755503914518244 0.03493276808389319 -0.6904414017449007 -0.025675352838927336 0.7229325328224849 4.706906345509149
0.6875263028899921 -0.055424506167848164 0.7240412329076773 2.9778627679781104 0.019303751205133914 0.9981255661892343 0.05807511781159826 0.04780639654357869 -0.7259028502656739 -0.025951459216600657 0.6873074812197959 4.970979545972793
0.6539282510748867 -0.0577893069630917 0.7543462324734348 3.2948653754663777 0.019344075964951857 0.9980296031213922 0.05968850826095911 0.06112038044089208 -0.7563092285376413 -0.02443987099151656 0.6537576336339912 5.190735170221413
0.6186609496289784 -0.061362946912230494 0.7832580788925306 3.661398581610973 0.019551878696672333 0.9978389544069832 0.06273073495033689 0.07700230625395525 -0.7854147652314677 -0.023494889108603798 0.6185237560047093 5.436560718542449
0.5855517926697958 -0.06252644778537027 0.8082199833142782 4.068010649958674 0.017158047791404108 0.9977534503849631 0.06475842525022737 0.09580266572113225 -0.8104533913169694 -0.02405193489606939 0.5853091532947173 5.697725535898772
0.5519524111337867 -0.06287161636060895 0.831502071975653 4.512565883299412 0.017467203163639873 0.9978065364834501 0.06385148835024826 0.11603332380131762 -0.8336926487964493 -0.020718967327214184 0.5518399149532901 5.958850777875181
0.5170643755827337 -0.06405447537015746 0.8535463992591685 5.010950323753266 0.019658704278776654 0.9978216142949028 0.06297270354680719 0.14239986283042105 -0.8557207294727163 -0.01578132538693583 0.5171972379273833 6.2198707982995
0.4862885384595342 -0.06276459621423207 0.8715411997289368 5.520240850695782 0.0207446244259321 0.9979650561129279 0.060294339161713145 0.16717842981246578 -0.8735520121437059 -0.011240651208229879 0.48660099654655226 6.477370064631319
0.46236696873083366 -0.061406624160191464 0.8845597847154875 6.019791004562679 0.021779244529699728 0.9980845970891994 0.0579033812571097 0.19496231898008656 -0.8864211474995257 -0.007507567018658429 0.4628187395763967 6.718459923257143
0.4409620170362685 -0.061167167335392125 0.8954390415720492 6.563381744038801 0.02274030462190472 0.9981161639417016 0.05698246944460699 0.21824221576245512 -0.8972376374612296 -0.004764548086306636 0.44152227690630136 6.971442169714883
0.4235287503743828 -0.06314373493500822 0.9036792939670418 7.141717593820351 0.024898345818947218 0.9980022501928412 0.05806531654530117 0.24858306022808024 -0.9055404297886395 -0.002092211385910911 0.42425482044370794 7.225630986716704
0.41065584477446226 -0.06504512844733562 0.9094673762251412 7.778517775557673 0.02654306805023965 0.997882293006404 0.05938345596849258 0.2834143312622452 -0.9114039953231791 -0.00024610881975157053 0.4115126932907365 7.502862968462946
0.4028053463298816 -0.0668124870438838 0.9128438774199428 8.392183452876706 0.026591598681599483 0.9977654628403688 0.06129411099364798 0.3195233797210553 -0.9148993058515353 -0.00041561755947227413 0.40368191365779976 7.770596479456447
0.3963152117347136 -0.06700236734890402 0.9156663888760533 8.955602014818567 0.0249534622173894 0.9977511835358759 0.06220852414359637 0.3552717533529157 -0.9177753416120061 -0.0018051377791214497 0.39709591260369825 8.011524015548904
0.38806817923691345 -0.06833337590167915 0.9190939222960985 9.599110733473768 0.024512576983188334 0.9976600306058256 0.0638247358100793 0.3979080583625278 -0.9213046303114896 -0.0022389884910308695 0.38883513871195713 8.280265077743548
0.3812390644020148 -0.06879562903669603 0.9219131939609726 10.259441086056333 0.024237319119489002 0.997628313392223 0.06442282732144443 0.43741682680446015 -0.9241587137152236 -0.002215794131660575 0.38200230643359945 8.553840601373254
0.3737193274262476 -0.06896141033648694 0.9249746959741525 10.899122295419199 0.02409434190007882 0.9976175727785486 0.06464241000952414 0.47299625766201364 -0.9272288428411162 -0.001871461418248406 0.3744905481259637 8.812683866512206
0.3643562005083645 -0.06906360949041568 0.9286952013417878 11.608750403242523 0.023208465481587566 0.9976099201995756 0.0650831333709916 0.5147921721301776 -0.9309704218078566 -0.0021598526689767528 0.36508822051026224 9.08944731753389
0.3572650581594178 -0.07126525171293004 0.9312802704431361 12.329964032794937 0.02224889035055047 0.997451257714943 0.06779362330667688 0.5558414695171711 -0.9337380066681001 -0.0035003401507772494 0.35794005436987886 9.367645887553195
0.349743027971322 -0.07359379146432157 0.9339506240928142 13.065206965427711 0.02127247970355793 0.9972766010819649 0.07061772115882048 0.5992356561938206 -0.9366041298183094 -0.004830609931380715 0.35035606062258734 9.64485306632797
0.33777027038956386 -0.07840779999938496 0.9379570679621843 13.869543402729578 0.02168397504368626 0.9969079524296866 0.07552707864570715 0.6461344818841435 -0.9409787721661238 -0.005172164122153218 0.3384260614240987 9.931337384120221
0.32653034942426207 -0.08118215399674888 0.9416938933524618 14.637150449855605 0.02227833960002524 0.9966888744272882 0.07819823001533677 0.6914672582983595 -0.9449241273718941 -0.004554719015890642 0.32725777003021794 10.194914773472243
0.31347255708465616 -0.08266896805774149 0.945991964910419 15.429776497832602 0.022769100582757097 0.9965712781165316 0.07954404875184029 0.741670017485004 -0.9493242459841945 -0.0033954901635805668 0.3142800449170926 10.456554857959626
0.29905952565796523 -0.08177780891084674 0.9507238242954543 16.21949212759039 0.022337394021026042 0.9966479323429049 0.07870158692784873 0.7891321700592498 -0.9539729770499699 -0.002299766586707254 0.2998837610342787 10.700085656823102
0.28410236608694 -0.08086979923110402 0.9553773710718312 16.999658927343702 0.022079069846739793 0.9967241617207289 0.07780398522449353 0.8312223720521443 -0.9585397019730091 -0.0010104525873823253 0.28495722262659623 10.927098163270914
0.2652369073865066 -0.07955153185030288 0.9608959031759432 17.81603979814421 0.020560492431559496 0.9968305574671832 0.0768511929031441 0.8740773220874128 -0.9639640289507763 -0.0006272797898282736 0.26603187291949015 11.152846048242186
0.24183140621139976 -0.08044992228745514 0.966977445948849 18.64455703983848 0.01822924302812536 0.9967577715308797 0.07836861356063515 0.920976294154416 -0.9701470330153251 -0.0013247251552886558 0.2425138747264256 11.360693998959805
0.2145377053553617 -0.07964928186227901 0.9734626674298709 19.44668756061548 0.015623052813761813 0.996821742993235 0.07811743030020682 0.9682854060397575 -0.9765907501106258 -0.00155067557938144 0.21510021432721332 11.537836294976248
0.18116713249972893 -0.07998099137882564 0.9801946292037544 20.26615255180861 0.014308869021578415 0.9967963622409923 0.07869096829019083 1.0177618950248224 -0.98334822233487 -0.00023074051382981908 0.1817311761632172 11.689118496346005
0.1502770639008108 -0.08071021819906354 0.985343932210277 21.089231499229147 0.014383308622767155 0.9967351073290606 0.07944964600794882 1.0669432656896096 -0.988539288292789 0.0022330463465180528 0.1509473053936387 11.813041942732017
0.11367331561775701 -0.07981442123097945 0.9903070410130537 21.937665013118867 0.014215846086876462 0.9967965327665068 0.0787056667890251 1.116544382070289 -0.9934164720984349 0.005131318371976758 0.11444379640358565 11.912893964831104
0.08280822708548358 -0.07747440460474665 0.9935494522962102 22.782785014660764 0.011752833295717371 0.9969801448780129 0.07676237117585438 1.1683501069134226 -0.9964961958966437 0.005320465219938328 0.08346870199878137 11.990325270210707
0.053149725329616926 -0.07492778664773528 0.9957715267497148 23.58922255166199 0.010224495566677226 0.9971695492534751 0.07448724543187607 1.2198016125312205 -0.9985342089221548 0.006222284925411908 0.053765386472280796 12.039338976117811
0.023644114417597117 -0.07021826769117351 0.9972513979613459 24.443259623641822 0.012344074370087034 0.9974747290370234 0.06994132369681604 1.2684232497942327 -0.9996442265533042 0.010656444762102393 0.0244511861405316 12.058699422227566
-0.005394820202906714 -0.06631776690124441 0.9977839694584247 25.292919317726103 0.016422842079500562 0.9976580427814726 0.06639819223046116 1.314864357880141 -0.9998505819236243 0.0167446548687543 -0.00429305955190562 12.047953902038351
-0.039389606803346355 -0.0609266313139874 0.9973647299120856 26.118717721910574 0.020010223102858302 0.9978910983421497 0.06174906331979432 1.3616360011652422 -0.9990235481945617 0.022389762085104476 -0.03808738251075816 12.013986984822559
-0.06929353365781982 -0.05651611090459859 0.9959941442606136 26.936866279380578 0.024378837310793496 0.9979998740009872 0.05832601293923735 1.4019531635010585 -0.9972983898937101 0.02832279474616396 -0.06777714078640545 11.952424171465013
-0.09849019644444146 -0.05180867248811988 0.9937884798383178 27.75553744008598 0.030654775767656278 0.9980119834083928 0.055066920159755194 1.4405586031819344 -0.994665755883337 0.035887914794048285 -0.096706213061856 11.864631264979534
-0.1270234726504587 -0.044665395685861614 0.9908935562531648 28.55288514912432 0.035220487668513434 0.9981525535847873 0.049507545087195404 1.472105343271079 -0.9912742075955626 0.041188374578198725 -0.12521566657329958 11.760550246744948
-0.15418483007887207 -0.03192625195813644 0.9875260769263032 29.384024510067132 0.03788392754100708 0.998551826392297 0.038197618285378515 1.5031144004461174 -0.9873154745103598 0.04330085962787976 -0.15275205186140572 11.632211871536711
-0.17549832214084293 -0.015282499971468399 0.984361104534495 30.19297567271636 0.04065602973684343 0.9989140165909025 0.022756860597785936 1.5294192430771916 -0.983639886427846 0.04401400518985096 -0.17468640810138025 11.488813567810057
-0.1980964827714249 -0.0012325180973133433 0.9801817507037818 31.02037140971085 0.03994188207577366 0.999158456553996 0.009328705852463464 1.5431051185368412 -0.9793683829743718 0.04099828771761804 -0.19788054688217294 11.329686299442002
-0.22246558755818474 0.006931165934124673 0.9749159047277798 31.819496402044123 0.042067228409436316 0.9991116642824207 0.002496114732960665 1.5449148172152116 -0.9740325511225691 0.041567309674856494 -0.2225595383713191 11.148086840590613
-0.25086717095301714 0.010419732459611347 0.9679654393176959 32.60750647168107 0.04395409036504183 0.9990333486252991 0.000637396817825403 1.5432916359833178 -0.9670231126908041 0.04270594232646972 -0.2510826597194574 10.942833900633682
-0.27440160026670574 0.008736115254846601 0.961575499927762 33.38721303628551 0.044757000837833016 0.9989910658388237 0.0036961128518526697 1.5395096241685378 -0.9605730438894658 0.044051454737221246 -0.27451574943609564 10.719507845079743
-0.2975621307102263 0.004877820490871435 0.9546899943093826 34.13695275709455 0.04646449554290821 0.9988759136741294 0.009378685175225984 1.537472551275744 -0.9535710927986089 0.047149930529448034 -0.29745429065645523 10.481993077887013
-0.3166960784547797 0.0019269339976710174 0.9485251081635809 34.87928258300157 0.05113120845959898 0.998578640614417 0.015043205447124591 1.537057370278789 -0.9471479258346213 0.05326335920716967 -0.3163444659752133 10.22301355409784
-0.33087396690627013 0.001460199525107904 0.943673823861325 35.60246237474871 0.05342717867260954 0.9984238142785409 0.017187892848592956 1.5396411875615308 -0.9421613209014651 0.056104856285677546 -0.33043046242495544 9.964273004301733
-0.34496540865457626 0.004682179544178169 0.9386037204414318 36.33427025916162 0.056065841598054986 0.9983047893611062 0.015625906200261313 1.538849758620375 -0.9369394261304641 0.05801400463158561 -0.3446431299604321 9.689293619531073
-0.3526893008033002 0.006517139517954809 0.9357177907849049 37.094720383360574 0.05662048580944716 0.9982920895733847 0.014388345349897885 1.539921600725725 -0.934025897759576 0.05805541135595585 -0.35245594267469704 9.404752470711454
-0.3590129529391534 0.0077340976588662555 0.9333005321734861 37.85825178810716 0.05281381191068238 0.9985317770067499 0.012041244919258936 1.5410976885794954 -0.9318371107083964 0.05361412165787699 -0.3588943090458278 9.120404723717341
-0.36703447190910005 0.0063619802198557444 0.9301855845142357 38.61663196575887 0.053243201203289875 0.9984808946408235 0.014179723653402636 1.5412522201210457 -0.9286823234863655 0.054730505615634854 -0.3668156400687174 8.81400908148104
-0.3733764962055453 0.00608169793655567 0.9276599619642313 39.34016506327053 0.05437684042380476 0.998402633668644 0.015340805358248995 1.5386136636498413 -0.9260848510297502 0.056171113872916054 -0.3731107806797887 8.51744558427806
-0.37813962186486955 0.007359452565091254 0.9257193229234421 40.042753100491076 0.05560852768592392 0.9983432748620953 0.014778267362280547 1.5388837438487577 -0.9240769004928636 0.057066137030373665 -0.37792239676940736 8.227745611523321
-0.3811336611018444 0.010753177236910987 0.9244574092701167 40.76751467352246 0.05841485544495518 0.9982144821246841 0.01247206237530821 1.5405788470965127 -0.9226726597436653 0.058755568722123425 -0.3810812854309305 7.924514459825851
-0.3820954228753271 0.011415809865461209 0.9240523616672599 41.522869025811595 0.05751337253480542 0.9982790859535784 0.011448953111998832 1.5446914134557892 -0.9223314479065524 0.05751996029904486 -0.3820944312206063 7.61474087159418
-0.3823936451889238 0.011583930701159133 0.9239268979029882 42.29135533251834 0.06012862379814511 0.9981139639204053 0.012371888588152333 1.549349486327328 -0.9220410233385872 0.060285384436090814 -0.38236896278872345 7.295621746629345
-0.3807699189511609 0.011729906373113979 0.9245954132042862 43.09713186765736 0.06063046415479033 0.9980844098770478 0.012306810178122945 1.5602294340685752 -0.9226799096318838 0.06074471217203721 -0.38075170952319476 6.96846900873119
-0.37643999134704514 0.011501658034916214 0.9263696048430587 43.90517874973012 0.05885827776071218 0.9981998278172748 0.011524186939063649 1.5676799524616933 -0.9245694327921943 0.05886268434255677 -0.3764393023294846 6.647894242284338
-0.369621444382847 0.012692293272801948 0.9290957397081395 44.71745762073369 0.05870439152231003 0.9982281113576665 0.009717618602386312 1.5704722534061692 -0.9273261466540955 0.05813384028931253 -0.3697116096971847 6.327414221034903
-0.3648373983711612 0.011035132624705336 0.9310058531490109 45.562240652922526 0.05678267698766237 0.998332200095928 0.010418533761466953 1.5780609848260925 -0.9293381517746258 0.05666607538535903 -0.3648555269645006 6.003616543222119
-0.3613824026742036 0.011222376413920068 0.9323501580978273 46.42856763236869 0.05504834544221998 0.998440200860599 0.009319064841505336 1.5834905809296835 -0.9307912970701291 0.05469207961917752 -0.3614364919670338 5.67808629358439
-0.35997975165275137 0.009982827271118988 0.9329067057105436 47.313848196845036 0.05158951538064345 0.9986258059032216 0.00922072052129183 1.5887059181698628 -0.9315326619624318 0.05144747752627355 -0.36000007882411617 5.350081516279258
-0.3592820859619873 0.008261460236513887 0.9331924404867218 48.21083812362911 0.0498308904219394 0.9987041062278196 0.01034362428981836 1.590103093270083 -0.9318976687740774 0.05021808915572906 -0.35922817046410416 5.009745911275528
-0.35950863071535866 0.007142220749684555 0.9331144265972586 49.09702770446512 0.048988716297957126 0.9987362002371774 0.011229782334626109 1.5944370588215864 -0.9318549512218337 0.049749281588457 -0.3594041720191715 4.675443517909048
-0.36120471670895105 0.00683751380625789 0.9324614742884318 49.97847623359806 0.049318900118179375 0.9987135974672939 0.011781185214957052 1.5972070395723856 -0.9311813994696949 0.050243393982545695 -0.3610772807070187 4.332808271657403
-0.36045092902679365 0.006256255485454387 0.9327571961829199 50.88983599004432 0.04861522573193887 0.9987444339704008 0.01208782197818518 1.6020650630446613 -0.9315104334309702 0.04970326830747038 -0.3603025083576321 3.9827508772240443
-0.3612207471848605 0.005278227687212162 0.9324653945941874 51.81027355758111 0.049020287710547006 0.9987087422215477 0.013336401427291679 1.6035370139535785 -0.9311909488370185 0.05052710681145934 -0.3610130583251485 3.6257303870532382
-0.3625049691731247 0.0055581641941847 0.9319652644469013 52.77679474307778 0.04981616267366318 0.9986682274211586 0.013420934242909313 1.6051992274381464 -0.9306495029071166 0.051292088573890726 -0.3622990814071506 3.2511531600053885
-0.3613288520538016 0.004881022781248905 0.9324256733327815 53.73408363441628 0.048842092114410894 0.9987125646945192 0.01369902037312724 1.6070040715364358 -0.931158370370674 0.05049147193244502 -0.361102063897073 2.884243825448916
-0.3614695918309091 0.003790051341107048 0.9323761953698884 54.70030801277821 0.04800317839260221 0.9987411986601451 0.014550359552430964 1.605897509508045 -0.9311473723561725 0.05001653336376666 -0.36119650793503977 2.512933841626483
-0.3607805670963656 0.0032543363010946215 0.9326450512927542 55.680697872661774 0.04767952001945393 0.9987506632357448 0.014959146261540962 1.6063308149272306 -0.9314311814494614 0.04986503766567374 -0.36048499586288135 2.1372139339678395
-0.36004753505753 0.0020790054661592276 0.9329316428523947 56.60083123046442 0.04734922083730497 0.9987494766918517 0.016047868825871746 1.6063000672079062 -0.9317316264810896 0.04995158199720947 -0.3596957265118383 1.7836131279481346
-0.3596116443803927 -6.134801630516828e-07 0.9331020658136244 57.57731524990022 0.04892885597784084 0.9986242339658047 0.018857528706313267 1.6060542399988402 -0.9318183472537604 0.05243700349784837 -0.3591168728776706 1.4030919372348716
-0.35865613602039087 -0.0008365546951433905 0.9334693761828317 58.54797026000276 0.05171104039375715 0.9984462234607652 0.020763120149222148 1.6023037781674738 -0.9320363428516711 0.05571749306257284 -0.3580556054169575 1.02566484165499
-0.35635510169904877 -0.0015082353141377541 0.9343493815052795 59.52282854849614 0.05294958600328681 0.9983590690239439 0.021806206449659086 1.6065763767644399 -0.932849067553343 0.05724416585017034 -0.3556904871387159 0.6531462086507465
-0.3554187821646063 -0.0011408402248498234 0.9347064714487695 60.491855591604484 0.053303075238893556 0.9983471834897901 0.02148681893813911 1.6134717434700343 -0.9331860861879077 0.057459548393499274 -0.35477052984106516 0.283712997903408
-0.354320369951795 -0.0010338262642735768 0.9351235248032629 61.47792646779704 0.05227281642423476 0.9984139027015075 0.020910082625928608 1.6150078396422214 -0.9336619452994225 0.05629040855776592 -0.3537043423596867 -0.09093352061499066
-0.35461540765445926 8.444148151013839e-05 0.9350122488629216 62.41725956527536 0.0499536208269756 0.9985735379836127 0.018855370724683147 1.61710622308725 -0.9336768972296232 0.05339365232428561 -0.3541137804027639 -0.440893512685804
-0.35479121721436513 0.001640155995296693 0.9349441170871449 63.36536063238604 0.04833535818871777 0.9986933749019558 0.016590240375311358 1.6209807559202178 -0.9336952850562747 0.05107693036247725 -0.35440691563290516 -0.7998717639574948
-0.3572698899141664 0.002322456553125761 0.9339983040435771 64.28943199992995 0.04719920977225478 0.9987641258756271 0.015570981368210064 1.6221711396750103 -0.9328078367796844 0.04964702467875894 -0.35693796741584194 -1.152128093699746
-0.3596502883858417 -0.00047134963941534644 0.9330870526877426 65.24012650387168 0.04541344064791804 0.9988059390361572 0.018008763272863673 1.6221202773564718 -0.9319813782863362 0.048851550391133355 -0.35919943840697144 -1.515513394927928
-0.3625088505916637 -0.003317172784958161 0.9319744254041661 66.15375189825083 0.046785946767139014 0.9986680579134226 0.021752822541803118 1.6215610286593285 -0.9308052473142882 0.05148889655204776 -0.36187081272746935 -1.8759619470132831
-0.36573489303650963 -0.0049190514639294615 0.9307060711891098 67.07356701071711 0.04582835328844986 0.9986778592152951 0.023287240025915416 1.626493194202726 -0.9295900978659584 0.051169682878153384 -0.36502590798970336 -2.2331692500541105
-0.3698138497778812 -0.004030948692564887 0.9290971251516715 67.9995476170991 0.046469476802256104 0.9986588069395592 0.022829258590263257 1.626873810387419 -0.9279430501050092 0.05161723331111845 -0.36913054193214384 -2.6044706760289547
-0.37490284122252926 -0.0015953176067057678 0.9270627349888512 68.9001695129028 0.047473684457134596 0.9986534617346007 0.02091680304355849 1.6300064022734373 -0.9258477784859342 0.05185285264315104 -0.37432228459634653 -2.9717443310505214
-0.38133786165424766 -0.000539668672169747 0.9244355813287858 69.83134726081695 0.04660365123072652 0.9987170593085506 0.019807451578785034 1.633980353304303 -0.9232602747659681 0.05063540464739459 -0.3808234772637632 -3.3486316599560677
-0.38681442383484177 -0.0003142654560168538 0.9221575259957177 70.7390134601008 0.045925380578507355 0.9987524825880064 0.019604538837048536 1.6385548006610848 -0.9210132794547746 0.04993375372948883 -0.38631743334522717 -3.7271412363397185
-0.389042751101198 -0.0006153748571775738 0.9212194956303285 71.6152625364884 0.04811512825303881 0.9986212957622838 0.02098671206385496 1.6412954197388432 -0.9199623211027749 0.052489322379343804 -0.3884767673714251 -4.100239187975069
-0.3917035835632843 -0.00574760841504043 0.9200735120745456 72.52765093319569 0.04838738050010666 0.9984680361896776 0.026837326913595624 1.64895902012913 -0.9188182431972167 0.05503222424213529 -0.3908253961335475 -4.488341134753431
-0.39264766426702596 -0.01270696579411399 0.9196011878885086 73.39132757287513 0.05081328913119367 0.9980774789823492 0.03548740052339843 1.6606263997677106 -0.9182841724615092 0.060662005971988765 -0.39124710815306457 -4.862337368329818
-0.39354208610295033 -0.015253840733947869 0.9191800404755325 74.2849881055805 0.052782123426238045 0.9978380293374305 0.03915756190840915 1.6682414257784004 -0.9177901034072854 0.06392642294745479 -0.3918861295539659 -5.249284241539744
-0.39361204835561775 -0.010551809674936834 0.9192160870556383 75.15184809932119 0.05165906765159861 0.9981001261612124 0.033577952384554494 1.682064575375448 -0.9178240006224845 0.06070253264531687 -0.3923191384724711 -5.617590913206292
-0.3919476801972659 -0.0046441469903662005 0.9199757865763172 76.00457727985064 0.053029006725089894 0.9982106076997117 0.027631632624991548 1.6909409702204512 -0.9184579143508602 0.05961555648070392 -0.39100005753422074 -5.984751834399756
-0.3922164941633314 -0.0021231554492722737 0.9198704875780959 76.88219962695237 0.056761321529264185 0.9980358740901282 0.026505592002547335 1.7004587682582297 -0.9181200216118135 0.06260899488166406 -0.3913256184757533 -6.367057849679922
-0.39012059643237973 -0.00327407789413205 0.9207579490035303 77.74107972130021 0.05914598675990122 0.9978393321827383 0.02860803032898747 1.7118077674771819 -0.9188621618553252 0.0656197193155368 -0.38908402684704013 -6.732738933900359
-0.3886003809036493 -0.005463012393034348 0.9213901993494028 78.57845228167591 0.06015706979218231 0.9976984780057845 0.03128696116531495 1.7235515280527127 -0.9194405205969319 0.06758625955425387 -0.38737736976223575 -7.083643367042751
-0.3862282981440125 -0.010340641500841068 0.9223452568567428 79.4520208504541 0.05949295971163101 0.9975758768916925 0.036096503826840605 1.7431727517577056 -0.9204826394112656 0.06881454044838164 -0.3846768378331974 -7.441828377687184
-0.3833416415476473 -0.0155933630302342 0.9234749768591257 80.34673169006834 0.057799640449370665 0.9974926568935685 0.04083627073244735 1.7646308635443977 -0.9217962830362676 0.06903076468370886 -0.38147918174876055 -7.805495230079277
-0.3807278004050154 -0.01848738175123112 0.9245023302916783 81.2730692643335 0.05353316896289531 0.9976825506374368 0.04199676147477087 1.7883799069715722 -0.9231362531173549 0.06548087407451846 -0.37885579487568655 -8.171233644245309
-0.3783625616702703 -0.02077363304853983 0.925424350282764 82.18810584935524 0.049768187064102874 0.99784558160758 0.04274719666344902 1.8167765060859404 -0.9243186136190614 0.06223063101235385 -0.37651354435284395 -8.527065528794603
-0.3756111217853044 -0.021111316180902742 0.9265368840582091 83.04312289394323 0.052083359659019085 0.9976797111550336 0.04384652319441283 1.832920276634696 -0.9253127086762694 0.06472639553318935 -0.3736400472158554 -8.871604960826962
-0.3740734611493072 -0.019893175890466564 0.9271856918744854 83.93235946531927 0.054893095451317264 0.9975420805940662 0.04354934575666354 1.8541268707906589 -0.9257730789645753 0.0671867471831448 -0.3720620207269184 -9.228040632284163
-0.3702342849873041 -0.01797205132439223 0.928764544753477 84.86391323537912 0.056124570134175676 0.9975535733583425 0.04167614314276765 1.8745963597273265 -0.9272413962109295 0.06755644788764337 -0.3683198603138453 -9.594031191916034
-0.36366549356118055 -0.01797524222712354 0.9313561614440414 85.74582286854638 0.06046418853637597 0.9972499251024574 0.04285637394578304 1.894126368730443 -0.9295652159464342 0.07189907892330365 -0.3615785277812276 -9.938451239343259
-0.35455671256274274 -0.017237190668290766 0.9348756157021991 86.63782282237109 0.06578694446965175 0.9968924351097896 0.04333071379773315 1.9154865631639513 -0.9327173288376538 0.0768658056533534 -0.3523209224658866 -10.27569540219184
-0.34330031152542856 -0.0181568557816377 0.9390501715535058 87.54157351168148 0.06361702633995707 0.9970674852520665 0.04253591203655373 1.9419550931406853 -0.9370687114967637 0.0743421713514277 -0.3411384931263988 -10.597433262957857
-0.3331192074617001 -0.019298215604456527 0.9426872081950476 88.43964280492979 0.06211446828235249 0.9971695762873249 0.04236306123213746 1.968520241841096 -0.9408365354566594 0.07266646407691178 -0.3309776405566839 -10.90434018199629
-0.32001128259551825 -0.022731099918255476 0.9471410011756846 89.3568232206218 0.06426213663169283 0.9968889664451501 0.0456373353237295 1.9924777060608092 -0.9452318005690993 0.0754697666382186 -0.3175549677086974 -11.211169183167598
-0.3070251316223666 -0.02495473587641123 0.9513741796525734 90.22101822292134 0.06434583566034115 0.996824376227279 0.04691243323755766 2.0188887054815603 -0.9495236605716788 0.07562026260490298 -0.30444440198191297 -11.481669066945043
-0.294021420848783 -0.024725035730038467 0.9554789776286086 91.07938307346774 0.0649037693040582 0.9968414226475534 0.045767661335571176 2.045090146642315 -0.9535926304309343 0.07547085995369514 -0.2914879834326989 -11.741986785909416
-0.27896122146895325 -0.025057338653751936 0.959975399005694 91.97049560912829 0.06749304124448742 0.9966758516787604 0.0456282375726674 2.0701164644281036 -0.9579276205956898 0.07752016808553144 -0.2763427170016815 -11.999741286117956
-0.2657317088499587 -0.02289040221283156 0.9637752271137789 92.84861288640292 0.0689166741701164 0.996709284159871 0.04267428840470526 2.0900987626332723 -0.9615805483333215 0.07776009488196853 -0.2632797309154969 -12.239725375078214
-0.25271093705146797 -0.016104228699356942 0.9674077920466467 93.71750538398248 0.07016300875653164 0.9969240058757622 0.03492389884956262 2.1101171849122267 -0.9649944738167159 0.07670189258826945 -0.25080367855471675 -12.463719063836084
-0.2366398511074827 -0.013555405857806273 0.9715028727903271 94.63191133431624 0.06716978600693585 0.9972820861347524 0.030276402073210546 2.131027419808004 -0.9692728205802589 0.07242024334912453 -0.2350861706643816 -12.67764339935102
-0.22023311172243804 -0.015884076237220275 0.9753179341236081 95.58060176610985 0.06705829000452107 0.9972553628476266 0.03138354685688631 2.1479339668864457 -0.9731395389371055 0.07231484905425029 -0.2185634927510524 -12.888970951057173
-0.20523464244589923 -0.02103188436911958 0.9784867916226503 96.49755246830394 0.06351663541022251 0.9973752345832707 0.03476030014442874 2.1583010480008578 -0.9766495679445462 0.06928420656866822 -0.20336007512262916 -13.069410761793444
-0.1938371257416549 -0.020534343751994755 0.9808187954005007 97.37030225179308 0.061797386179681765 0.9975397996395429 0.03309729892997761 2.172780181933291 -0.9790854159600036 0.0670275231660542 -0.1920912788042468 -13.230803559098318
-0.18616058835966331 -0.017137809920678794 0.982369854389225 98.30506363595546 0.05919778753492915 0.997835753944898 0.02862568951460902 2.186191445907038 -0.9807343459329614 0.06348309712309327 -0.18474317061019208 -13.40058096156376
-0.1817824367295629 -0.011399737978276078 0.9832726944600308 99.24202734634203 0.05421219162042444 0.9982958651815244 0.021596384910025315 2.198750894916661 -0.9818432583545974 0.0572312112006922 -0.1808546501700437 -13.557740180885457
-0.1784754805584733 -0.009150256823000729 0.9839018119911638 100.16343233663805 0.05189383063287657 0.9984775275873304 0.018699124186394703 2.210187815002455 -0.9825749504143022 0.05439576916603918 -0.17772891468516494 -13.714178641611552
-0.175824523526856 -0.009712196195858742 0.9843736131020616 101.09029123751093 0.04811570319336321 0.9986714021958496 0.01844748065140322 2.216810741557433 -0.9832449420326362 0.05060734809520121 -0.1751236143014669 -13.867778970128875
-0.17171368152151234 -0.010464872714015923 0.9850913145578984 102.02222894499423 0.04408506040404446 0.9988602375398836 0.018295718377246965 2.221375283728847 -0.9841600068218078 0.04656943526442237 -0.17105662416770762 -14.021737882102089
-0.16812633953147327 -0.014817935134315768 0.9856540786473231 102.94298280263985 0.04055249675025342 0.9989366144792318 0.021934795647372572 2.2305057161782633 -0.9849309767506904 0.04365855072178324 -0.1673466521499759 -14.17207297125729
-0.1636526918255492 -0.01807047452557996 0.9863525000772658 103.84863003042625 0.039245538489149134 0.9989214884233028 0.024812248484779052 2.238716603644999 -0.9857370765913945 0.0427705262604293 -0.16276700499934682 -14.313359126457653
-0.15958252560850827 -0.022406843134251335 0.9869302664834873 104.77201754258991 0.03771985657365807 0.9988739099700251 0.028777150679961318 2.247551078771238 -0.9864636992512562 0.0418191984852841 -0.15855763840816983 -14.456788973377192
-0.15585782276476595 -0.02290752212239898 0.9875138401628802 105.69299774994597 0.03436433452902115 0.9990001338041445 0.028597642764372093 2.2579223342223256 -0.9871815595904354 0.03839242229285513 -0.1549147840429787 -14.59224783112158
-0.15225174526042434 -0.022180953879792856 0.9880928151495372 106.62228623599525 0.031240830002060616 0.9991405523455554 0.027242745812428238 2.270649445497632 -0.9878478711856078 0.03501659525997251 -0.15142794144563293 -14.727732980006355
-0.1489830862501655 -0.02015922735017964 0.9886342324459635 107.51360360693852 0.029534675548055462 0.9992553952937195 0.02482655668157622 2.2786837559345234 -0.9883985749441603 0.03289772832637827 -0.14827675650390043 -14.857424243368019
-0.14373523834709256 -0.01841811214015821 0.9894447707691912 108.46749937354328 0.029880129490652708 0.9992901687623211 0.02294202424795899 2.2844553985640066 -0.9891649807382622 0.03286231519787777 -0.14308287500923733 -14.995967145227839
-0.13658246240952793 -0.020027345892437938 0.9904262397466329 109.3838521295203 0.029252516926734924 0.9992780875087315 0.024240339897439293 2.295348641465432 -0.9901967083441557 0.03228326565570698 -0.13589801154911013 -15.121077532930093
-0.13063005884218554 -0.023783116725311863 0.9911458778029184 110.32506104621613 0.029475440906483557 0.9991771539516494 0.027860606677719647 2.306014290161866 -0.9909929293946834 0.03285389444057419 -0.12982155256286249 -15.24164607173653
-0.12498536100655788 -0.02817201099782326 0.9917585378157323 111.25479854505843 0.029441838089983706 0.999051269529993 0.032089546902266806 2.3145639519445966 -0.9917216533402626 0.033209917898846454 -0.12403734779979891 -15.353118117872437
-0.12054976196751288 -0.02370511890684328 0.9924242148533 112.10589873540559 0.029526489089205382 0.9991869225940575 0.02745323585813795 2.3258706669782687 -0.992268079367487 0.03261228379966569 -0.11975181674500401 -15.44918322993741
-0.11632226434476967 -0.02217948073479956 0.9929638470015111 113.02406158415371 0.028940353438107764 0.9992504407857098 0.025710163990961904 2.3360426349723475 -0.9927897998874601 0.03172738917559094 -0.11559319190816408 -15.550365495708904
-0.11121045966321658 -0.023168724961673583 0.9935267705729657 113.89962897435018 0.028293649291142517 0.9992491430176831 0.02646921963745031 2.3494521018426027 -0.9933940321298925 0.031054152090760387 -0.11047142873448318 -15.643172104272967
-0.1058952776306673 -0.024820728841232154 0.9940674633018194 114.84952741067212 0.028539580863962244 0.9992007306594254 0.02798914385578591 2.357288617092466 -0.9939676466060821 0.03133418691238923 -0.10510226558407865 -15.739620267586243
-0.10021438914946601 -0.027144199408033875 0.9945955301759085 115.75715924487339 0.03058938337480366 0.999071197696452 0.0303485017443442 2.3636018701115056 -0.9944955333394659 0.03346542053932792 -0.09929098547188087 -15.82965990719102
-0.09392312281982473 -0.027751065501304097 0.9951926071687401 116.6129380670842 0.031108422200704745 0.9990415290165939 0.030794307401998226 2.3695474946796176 -0.9950933187736489 0.03385116931109459 -0.09296980836979718 -15.911657470540975
-0.09040995481852976 -0.028006821172739116 0.9955107523465078 117.51636291383856 0.033912131841797526 0.9989382281392044 0.031183067136696614 2.382742438667467 -0.9953270856274615 0.036579151574433734 -0.08936418906048815 -15.99579627418661
-0.08433973730362865 -0.02813578963036698 0.9960397512416013 118.37687416049313 0.03341616804068064 0.9989591560931713 0.03104777240151546 2.3955113750735455 -0.9958765829283427 0.03590239267089375 -0.083311762527707 -16.06620921462091
-0.08100688202363054 -0.029049088349122055 0.9962901362208173 119.22783889341471 0.031251961768859235 0.9990096905605492 0.031669434028950685 2.4078422318852017 -0.9962234688815595 0.0337014633540029 -0.08001881914519499 -16.130870435753522
-0.07753067113878875 -0.03053846912626229 0.9965221507503951 120.1209755150217 0.032418787988919534 0.9989249914715552 0.033134326594676404 2.4212886813893517 -0.9964627525492854 0.03487496691005625 -0.07645730484998803 -16.201192165192506
-0.07315497579952923 -0.03239771370250333 0.9967942303517917 121.05766343648312 0.032529451489106645 0.9988629296989238 0.03485229489001582 2.435670660151342 -0.9967899399078967 0.034974788350087174 -0.07201791359292808 -16.26604619515823
-0.07094063293590974 -0.03136339050497079 0.996987344119616 121.94591499202065 0.033017008686178004 0.998884028982473 0.033772381929016784 2.4519437534987434 -0.9969339515414597 0.03531337395060462 -0.06982593990885771 -16.32726326146595
-0.06598662960006435 -0.03442692278801671 0.9972264295040378 122.84279556090853 0.03129719528820323 0.9988414881680816 0.0365536192635438 2.467382007544104 -0.9973295595143643 0.03362244044563075 -0.06483271718325584 -16.382222968755638
-0.06170171193307217 -0.03582806812906523 0.9974513763982019 123.75101683814897 0.032141396485438505 0.9987658802973279 0.037863531080308356 2.4843971857596387 -0.9975769791732837 0.03439572485124707 -0.06047400049164342 -16.43688967834442
-0.05832364003755175 -0.03894525921213843 0.9975377786318017 124.68274284916785 0.0334877975461364 0.9986000702440463 0.04094468370978966 2.5017558196269163 -0.9977358971332438 0.035793386169585585 -0.056937800082509815 -16.491391721398625
-0.05356703021799175 -0.038791529511120214 0.997810498297053 125.59844718658923 0.03137905001425053 0.9986862786404767 0.040510147808170735 2.5214348915348332 -0.9980711039268839 0.03348035384258306 -0.05227941672156938 -16.535660685776485
