1.0 0.0 0.0 0.0 0.0 1.0 0.0 0.0 0.0 0.0 1.0 0.0
0.9998632736199126 0.0007590898088905427 0.016518409388746814 0.019263513386249542 -0.000752125196036007 0.9999996256321131 -0.00042783562659060704 -6.703573308186606e-05 -0.01651872797044882 0.0004153532182743966 0.9998634702337827 0.13721030950546265
0.9992692554916586 0.0034188773397282476 0.03806923044773354 0.039344811181853456 -0.0034133607254930114 0.9999941524371554 -0.00020990486664152993 0.0010124835099162804 -0.03806972547450811 7.980746375292105e-05 0.999275082063525 0.3041618005777473
0.9978744350085208 0.003637117422797052 0.06506445522156079 0.07819139320302411 -0.0036812869891062637 0.9999930678076804 0.0005589836207064926 -0.00018947313158982357 -0.06506197109317807 -0.0007973163971519272 0.9978809068240727 0.47943471592619924
0.9955924289467756 0.0020251496786902416 0.09376360803978726 0.1282101271976634 -0.002224062287345779 0.9999954926655636 0.0020169768215819875 -0.0018204878753861412 -0.0937591007358857 -0.00221662295749492 0.9955924455377625 0.6939226502658139
0.992201107545625 -0.0009540291307492623 0.12464370025658367 0.189644158743525 0.0005729547513404343 0.9999950521498121 0.0030931211983349113 -0.0016146516802073127 -0.12464603446595607 -0.002997583078474087 0.9921967448987119 0.9103727069988884
0.987130360898929 -0.003640860326624373 0.15987618561759728 0.2629678558079885 0.0031426318597339857 0.9999893865534781 0.003369071888947009 -0.007032158974794362 -0.15988675510042913 -0.0028232811550960913 0.9871313259272927 1.1327345955657886
0.9804270275550621 -0.0044424501728063965 0.19683269107546084 0.34130762511508167 0.003673053750770377 0.9999841216393536 0.004273774130030685 -0.007911655539177807 -0.19684855172362745 -0.003467146612518757 0.9804277773394009 1.3718622170022847
0.972192861874779 -0.0051325327458898685 0.2341253861232048 0.42809718938253327 0.003712438787364855 0.9999719455295428 0.006505839846759956 -0.011894206861512569 -0.23415220929552946 -0.005455754894969974 0.9721846417324999 1.6121583665873063
0.9622219676358228 -0.00894366062488315 0.27211926784715695 0.5381416503812273 0.0062407907321954245 0.9999222408948858 0.010796513084660349 -0.017083159828343946 -0.27219466844536605 -0.008690402659095445 0.9622029616310378 1.8717545693370283
0.9502028520761011 -0.015815235748558067 0.31123049051251517 0.667757496059963 0.011469735074922964 0.9998095769183414 0.015787814278058292 -0.025802033676177 -0.31142091304816755 -0.011431894881641907 0.9502033080849912 2.1279039756290183
0.9364833908712259 -0.020093066233849353 0.3501358697872202 0.7986522224229122 0.014262341859201489 0.9997134788522964 0.01922357421840813 -0.030605618725546513 -0.3504218090059783 -0.013008800496645326 0.9365016427548947 2.363999987866508
0.9178658814229054 -0.022161227985496895 0.39627150250040444 0.9604979844110204 0.0144281360083772 0.999643059768438 0.022485149501812244 -0.031893397685877914 -0.3966283557829382 -0.014920892432086875 0.9178580033741348 2.6381369535438997
0.8960554551657395 -0.02610271131061749 0.44317408512903145 1.152954200162733 0.015720728957940737 0.9995095169600655 0.027084759317512287 -0.028527239567802336 -0.44366370140991973 -0.01730242666481112 0.8960263088117215 2.940907967780865
0.8722091354004757 -0.0325072339581976 0.4880517430194687 1.3616561357156542 0.01899836460225538 0.9992876939758593 0.032606238833225616 -0.0297129456700578 -0.4887640394570721 -0.01916727442273902 0.8722054398619681 3.2220573467086195
0.8460415604712115 -0.03883548624865472 0.5317005576104542 1.5653627463279955 0.02339142662232635 0.9990868641547996 0.03575302831790879 -0.030664062772541228 -0.5326035290119749 -0.01781131329126003 0.8461774270227438 3.449491836700145
0.8186304195745377 -0.04472652138390095 0.5725764354495494 1.7821108871490001 0.027137393569110636 0.9988617776242869 0.03922640783356614 -0.027961038174615753 -0.5736791769076962 -0.016573698626001283 0.8189123973273106 3.6706913397089913
0.7858468503661795 -0.04998337328766875 0.616397915444513 2.0336328039595197 0.03007953212375565 0.9986380008860474 0.04263056337341286 -0.02292580207867454 -0.6176892013923923 -0.01496013305770306 0.7862800041347384 3.9082743922868937
0.7514059457669594 -0.05429389840380502 0.657602674311912 2.298027808547026 0.03175233270744828 0.9984296533686501 0.0461521033301045 -0.01551997590144625 -0.6590757877768662 -0.013798545947832027 0.75194993589735 4.136290649477311
0.7150346008006018 -0.055993601810872345 0.6968430499145197 2.5832033461598005 0.029153324797674417 0.9983084186503844 0.05030293137591854 -0.0014663554653669992 -0.6984809255170579 -0.015653044688319937 0.7154574612657416 4.378187678287226
0.6795092075381236 -0.058901181589901944 0.7312987677264503 2.8764270549339592 0.028414213271116318 0.9981370535882628 0.053991246867662934 0.009318804629988256 -0.7331165455472238 -0.015908270221956927 0.6799169490338143 4.592620637817421
0.6443020710278193 -0.06122582148940131 0.7623163648067717 3.185038787951618 0.02810782909263232 0.9980125523362908 0.05639942661855685 0.020909116632853136 -0.7642544021547815 -0.014911209278612201 0.6447424793085121 4.795456859617783
0.6100839045520333 -0.06544647769765496 0.7896292724839398 3.548398237553929 0.029472946291902342 0.9977676119921073 0.05992610363141037 0.03798125399941525 -0.7917884659701859 -0.013287250149607542 0.61065086108188 5.030538786286006
0.5781458812435348 -0.0659746913456836 0.8132617537441301 3.9287626401805573 0.027790232117854342 0.9977395449737928 0.06118417601246828 0.05795255355680162 -0.8154600192529197 -0.012772646449765349 0.5786724604667972 5.264148668021975
0.5476718876504758 -0.06605127798223284 0.8340819696854013 4.337073458147577 0.027912950371752808 0.9977665790659522 0.06068542576740553 0.07947322019031984 -0.8362274634804271 -0.00995401305710537 0.5482923918359166 5.497912972970304
0.5158430015274793 -0.06663918124322685 0.8540873592896419 4.837316721986028 0.03014165836302073 0.9977644920897293 0.05964477140581537 0.10750276368453157 -0.8561527189738103 -0.005023728511513243 0.5166984458517314 5.76468245281677
0.4876287138669087 -0.06590964657751819 0.8705596796891817 5.328008098222607 0.032517968683337145 0.9978255328464719 0.05733051292604545 0.13436986700601744 -0.8724453101055754 0.0003528281176510932 0.48871162906882565 6.010541331062367
0.46279794092728194 -0.06550594063020436 0.8840401787337614 5.826285958005607 0.03479095804928046 0.9978398164828443 0.055725127900234206 0.16071416885078163 -0.8857808166310003 0.00496713032206687 0.46407722687596115 6.247985092385677
0.44139451215703457 -0.06528767152596801 0.8949348605258213 6.369010358227824 0.035789203055555836 0.9978368581758479 0.0551428817745431 0.18938700720351442 -0.8965991398514176 0.007689240045046678 0.44277630696010367 6.50138777427196
0.42548915185381503 -0.06697329682980416 0.9024818885531546 6.943925273619106 0.03853616478673304 0.9976940653175836 0.05587052920461226 0.21915918863547362 -0.9041426578025457 0.011005886689432129 0.4270888956645074 6.760899332648316
0.41383965330717026 -0.06944968173988847 0.9076968012815894 7.54630053287011 0.0413033661109308 0.9974913827265866 0.057488897485590815 0.24964685913428575 -0.9094123230408235 0.013699747896605927 0.41566999363565077 7.023525824583917
0.40665412817673025 -0.07117929049422658 0.9108050991521522 8.163078603746062 0.04094888005441759 0.997378367934428 0.059662219190586493 0.2836163070609841 -0.9126640177300255 0.01303456102809646 0.4085027429035116 7.302710820321971
0.3996161879205447 -0.07231512335190049 0.9138257083746614 8.761339259153791 0.040486912158150284 0.9973030612790871 0.061216124569102054 0.3147394533894451 -0.9157880280369198 0.01253502684325061 0.4014662635966923 7.562618884824784
0.38979391033171323 -0.07347032778867274 0.9179666760852147 9.38602596540152 0.04012898143901616 0.9972207059382758 0.0627736289904762 0.34867542686914715 -0.9200273758519252 0.01236828939634902 0.39165884785158217 7.828018687900499
0.3804663638796602 -0.07375674472841776 0.9218488425784661 10.03873020265803 0.03847289018902754 0.9972139143605283 0.06390810376044959 0.38491249943884365 -0.9239941464515311 0.01115130543122117 0.3822439871475895 8.10157373319782
0.3711815226202534 -0.07494091499759543 0.9255312725805833 10.681067218033045 0.03852413258182333 0.9971225622775084 0.06528772477238637 0.41950373108716416 -0.9277608358160678 0.01142169236409165 0.3730005046503444 8.358706880968228
0.36120095153274584 -0.07577489245596866 0.9294041307661193 11.38935775652231 0.03783072297024995 0.9970630749924565 0.06658874444030058 0.4595189198250054 -0.9317202954810996 0.011108112345211595 0.363006750390043 8.631340349906555
0.351446059199296 -0.07822572488247187 0.9329342974936103 12.099211710933272 0.03712464531609787 0.9968837645213195 0.06960259150315798 0.5013889531691629 -0.9354717677105164 0.010173298403829942 0.35325497281163326 8.89783635248723
0.34186341998917696 -0.08058767065645023 0.9362878987851285 12.804121941790735 0.0353197261624682 0.996714202905987 0.07289248705656284 0.5464362681929014 -0.9390856824683848 0.008150157277650089 0.3435864606168842 9.15556578397769
0.32934098579329596 -0.08436705663008544 0.940434322444835 13.584216031133836 0.03598159660272238 0.9963980678036094 0.07678681646710471 0.5933839661338773 -0.9435252194735544 0.008549282590359447 0.3311903832911989 9.426546143620392
0.3189528015010023 -0.08639755970840522 0.9438244392317329 14.335846246730233 0.03625933226350481 0.9962196870088429 0.07894045882694252 0.63742934430263 -0.9470767504476431 0.009044163445891651 0.32087977790614514 9.67589589144117
0.3047397931627916 -0.08725534154230197 0.9484303684696287 15.094529962879067 0.035830964707245144 0.9961400697278819 0.08013178801623683 0.6824811024364867 -0.9517614199111286 0.009563830554082102 0.30668996187336434 9.912471603727464
0.29024811801545414 -0.08566258388204437 0.9531096220850669 15.853773064484537 0.03439115567650776 0.996275722452928 0.0790691675821307 0.7305783458777002 -0.9563332465201247 0.00982886430614302 0.2921131887243885 10.140830814290693
0.27537784478716953 -0.08497976602271275 0.9575727032278533 16.60054612879714 0.034956572898705254 0.9963116900944928 0.07836487856324864 0.7765515624397734 -0.960700307385998 0.011893508640439025 0.2773327673403717 10.35222811818366
0.2558644455844348 -0.08353520732723935 0.9630967005563693 17.382978061839676 0.033545064953605395 0.9964267501877901 0.07751425757535013 0.824287890553538 -0.9661304850293402 0.012473998837360417 0.25775237195800416 10.560834933860505
0.23211241601653954 -0.08190570580938338 0.9692343791296467 18.185028454894663 0.030776580455366975 0.9965679220293798 0.07684516170533146 0.8734276020057018 -0.9722019483761795 0.01199300370678507 0.23383656565141786 10.757807473437227
0.20453556478836 -0.08141194102587307 0.9754677332413957 18.968587481504986 0.026912847139514764 0.9966263395252893 0.07753475364807848 0.9215082006786242 -0.9784890910968564 0.010393999366118553 0.20603655836192136 10.92525583807095
0.17172285747897936 -0.08164192433470127 0.9817565158480901 19.784143155652867 0.0235320274173011 0.9966157064727378 0.07876152168081371 0.9708057914215593 -0.9848642058197088 0.009577567685629347 0.17306289692577564 11.0710345306292
0.13757469575432874 -0.08221435740675218 0.9870734534594165 20.60027654639679 0.022464969715864667 0.9965518904908126 0.07987274062440121 1.0223261665840284 -0.990236602143028 0.01118610724883333 0.13894726618702663 11.183513000788562
0.10033161803881657 -0.08203611115283639 0.9915662574375113 21.443720569776012 0.021362949950107485 0.9965428964003661 0.08028623794523423 1.0780476452067211 -0.9947246808997667 0.013127532170558162 0.101737294577597 11.271523807198289
0.06644751591427944 -0.080609693545626 0.9945284334473813 22.288059316909468 0.019412828688161472 0.9966470662738423 0.07948438444165026 1.1356318770573244 -0.9976010573927566 0.014025070203896345 0.0677895839685575 11.3309807310046
0.035150059903921116 -0.07848142597228505 0.9962957086458356 23.108541480456545 0.017001093782864622 0.996814451282299 0.07792247766181354 1.1919714297886426 -0.9992374272909003 0.014199137020478723 0.036372357758834795 11.365445562065405
0.0004064168477272978 -0.07479196468045443 0.9971990758342005 23.930374563829258 0.018966164519007084 0.9970203645924551 0.0747708311533698 1.2468959020111958 -0.999820043522225 0.01888265360497397 0.001823722580526821 11.363378942397732
-0.03133306162676208 -0.07106272152769194 0.9969796030301579 24.739590330389174 0.022382232226651623 0.997169350691143 0.07177967485825437 1.2962520528540658 -0.9992583624516964 0.02456370597613857 -0.029653826381633164 11.331515715461782
-0.06554453976357139 -0.06640743586058785 0.9956374670378791 25.558534711866848 0.026118822694669405 0.9973270114451482 0.0682395731444275 1.3461707510264873 -0.9975077545604476 0.030477609885146174 -0.06363485591609991 11.272069432590882
-0.09637276178766796 -0.06319546997603454 0.993337114659432 26.361978692847785 0.029312380694241576 0.9973693613573431 0.06629586234208973 1.3930247749754334 -0.9949136018385986 0.035506191011619004 -0.09426683020232063 11.189336468505472
-0.12312781170377174 -0.05883392872314523 0.9906453002038826 27.14224991505439 0.03637802838924577 0.9973026027180052 0.06375074636742958 1.4346308746284382 -0.9917238431315203 0.043887212749193515 -0.12065542474980262 11.07931504790527
-0.15216554763083479 -0.050917868600242694 0.9870425607700091 27.963698566539666 0.041285704307412976 0.9974729376063236 0.05782066553449999 1.4769571937180848 -0.9874923476837931 0.04954906053821881 -0.1496788357308103 10.950314495043493
-0.17633352093139282 -0.03582887170894168 0.9836781899320542 28.7642635316256 0.04552163528644744 0.997971277888869 0.044509653219339064 1.5147710025273902 -0.9832773108929068 0.0526271836689211 -0.1743448003878863 10.805286581974183
-0.19716680216334043 -0.017516111637969407 0.9802134655052278 29.527331312184486 0.04645309956074931 0.9985504191653591 0.027187679670849882 1.5441192661964467 -0.9792687892840665 0.05089446156284419 -0.1960673152678612 10.650874812039035
-0.22042234469012761 -0.0012738410386038575 0.9754036945236136 30.31763734540324 0.04543375603968684 0.9989003304297643 0.011571675740100613 1.5628707069485415 -0.9743458132374937 0.04686690939582193 -0.22012207756209062 10.478505940587212
-0.24140313274266884 0.009685818295652383 0.9703765827893672 31.073455793855693 0.04857641585493803 0.998817230283799 0.0021147838870947643 1.5687524097820313 -0.9692083673414681 0.047647931876888386 -0.2415881107652897 10.288465009823208
-0.2638119826278219 0.01451345093561442 0.9644649281150236 31.850889736185295 0.0519390616721396 0.9986499186546807 -0.0008208797827843443 1.5692691245742378 -0.9631747358058121 0.04987684545898645 -0.2642096300146247 10.073539729579794
-0.28281806027014283 0.013379704043498614 0.9590802512327851 32.58180898310107 0.05283769571323099 0.9986017501953364 0.0016499753110259842 1.5666233166467465 -0.9577171412775015 0.05114223329616503 -0.2831295627035983 9.856506281840733
-0.29935921148071326 0.009093797907635988 0.9540971467000938 33.30548887855244 0.054216710733052266 0.9985010699331003 0.0074941056666235455 1.5636991040273238 -0.9525988719177312 0.0539714385769831 -0.2994035287684446 9.623707530686286
-0.3146803030286701 0.006308263293706862 0.9491767552463566 34.034498656290765 0.05895764700395523 0.9981769725778709 0.012912291625962271 1.5582235704577279 -0.947364925857793 0.06002447192182665 -0.3144785525675232 9.371126675122436
-0.32841215656049094 0.006540792717875856 0.9445118704674437 34.74194967214794 0.06042115310858724 0.9980734225889603 0.014097069858209247 1.5582772310733017 -0.9425999892214704 0.06169814545170994 -0.3281746473564089 9.12222781814959
-0.3394464226865091 0.009775896655608695 0.9405745892644084 35.47189748677406 0.06152796192716775 0.9980352281992932 0.011831871123096277 1.558993499390744 -0.9386109076856186 0.061887923844344814 -0.3393809789245941 8.856005430106752
-0.3476582658362112 0.012418029533610698 0.937539077979292 36.21686063851314 0.06228247768844439 0.9980096921479331 0.009876606288435535 1.5585902986499636 -0.9355504386021884 0.06182594052087448 -0.3477397445072429 8.579998971331065
-0.3553629858439822 0.013898163676494744 0.9346250528091311 36.940222125709745 0.05666981162312851 0.9983704874819825 0.006700908564328319 1.5600311244086227 -0.9330089392619176 0.055346280556237214 -0.35557152372756384 8.318425922639317
-0.36545130242865626 0.01383099277580057 0.9307276987347237 37.67777799126105 0.05743931052650323 0.9983191650340681 0.007718181905138111 1.557746607062438 -0.9290565489567568 0.05628097693285555 -0.365631481790128 8.025750028084476
-0.37426697593351665 0.01559537648859266 0.9271898483901558 38.40014897250328 0.05918572190769568 0.9982217346865014 0.007100614180293483 1.55484715766899 -0.9254303220922934 0.05753392591898736 -0.3745244535681256 7.731681306703314
-0.38101313245277374 0.01818497232131613 0.9243907721738669 39.10321558138752 0.06228952194822124 0.9980398426914336 0.006040517852024717 1.551638994781306 -0.9224689741958734 0.059881375920494105 -0.38139902000907316 7.433865654858522
-0.3862315167458668 0.021667848636503596 0.9221473417017766 39.83363193557201 0.06388838632566315 0.997951561170668 0.003309931982632533 1.551426878876917 -0.9201866601754723 0.06019290566580422 -0.38682466899438755 7.126341823772235
-0.3876129405934486 0.02439311195786622 0.9214994217977084 40.56724018562223 0.0641980764551578 0.9979370030383967 0.000587321207600789 1.5517621600754432 -0.9195840446984482 0.059386143634304014 -0.3883792871411765 6.821231520922586
-0.385914638591974 0.02493901281669889 0.9221973418743707 41.315482371575236 0.0667344335915021 0.9977703265671529 0.0009438195266920774 1.5486970356678602 -0.9201176050340782 0.06190655104111435 -0.3867184658696123 6.508352262197499
-0.38290403317992283 0.023623655333572018 0.9234860173728833 42.11752699747739 0.06432986288631912 0.9979280322527659 0.0011450699323441518 1.5459086911246607 -0.9215455333924504 0.05984618077039812 -0.38363037488137064 6.186577811252358
-0.3753193062128192 0.022741378463997264 0.9266165593650297 42.91379738795524 0.06154230157089968 0.9981043828225125 0.0004314021889085702 1.544233040316272 -0.9248502384177044 0.05718802930727197 -0.37600740126048876 5.874296501006934
-0.3682969566109205 0.022896677831456685 0.9294262175640498 43.69381584734234 0.05995728543307527 0.998200596826176 -0.0008321173971935492 1.5398254733499475 -0.9277728578022912 0.05541940671054186 -0.36900706454649496 5.57438151449737
-0.3632137389072499 0.022409935698143525 0.9314362966145465 44.51254171945204 0.05725507968353413 0.9983581462523496 -0.0016934172564210294 1.5348061327757043 -0.9299449638120788 0.05271438696956704 -0.36390047772292694 5.264085121471999
-0.35951947343136476 0.021015132668140094 0.9329009124352782 45.37257475518982 0.05382154096683016 0.9985490328845883 -0.0017523279399371608 1.5301706783526878 -0.9315841292935328 0.049580168658383286 -0.3601288893218873 4.944872082610772
-0.357826789833905 0.019547645853396037 0.9335833535462984 46.23673921022539 0.050091516225000146 0.9987431634325321 -0.001712746057972104 1.5264019768654853 -0.93244347200216 0.04615173927782962 -0.3583562312590481 4.625369244593569
-0.35642051546143644 0.018152035424466702 0.9341493027178004 47.111993135313526 0.0481864348642665 0.9988378344334836 -0.00102371836983782 1.519383625414213 -0.9330822491363103 0.04464845029984632 -0.35688097768380206 4.29906369183449
-0.3568794515917242 0.01661738887788409 0.9340026335179531 47.98225700969072 0.04691935837187985 0.9988986683108178 0.0001557460960497914 1.50905923642746 -0.9329713987264355 0.04387838686365419 -0.3572660861664345 3.973477268173099
-0.3579355135921801 0.01638116485310366 0.9336026057951841 48.87744860732764 0.04767702196662206 0.9988625205434748 0.0007527482519831298 1.502006421437863 -0.932528321117325 0.04478082727677178 -0.35830937445524846 3.6336380833427113
-0.35641221725499167 0.01589270904373441 0.9341936379523423 49.80006810323622 0.0477226195157823 0.9988598886772777 0.001214239749178489 1.493967738029975 -0.9331092556490546 0.04501493741934796 -0.3567643093573118 3.283656131350889
-0.35568607258196155 0.015338239675827012 0.9344796178488147 50.7065315296067 0.04826157046553256 0.9988327788197204 0.001975037082309356 1.4851230284823862 -0.9333585798541847 0.04580194710842485 -0.3560111557994455 2.937739316330918
-0.3553348310633305 0.01461019501458205 0.9346248980392242 51.660508262607785 0.04783051137758659 0.998852158672192 0.0025704663508650076 1.4767578398279682 -0.9335145419405919 0.04561696304597941 -0.35562577615790014 2.5773517908581325
-0.35352554617304116 0.01332468555418534 0.9353299636801632 52.63229357874552 0.0469916432984924 0.9988890408269273 0.0035312286769175506 1.4685353109944013 -0.9342437977654229 0.04520107156631925 -0.3537589425952315 2.2132805531903355
-0.3532684741435317 0.012756272124297342 0.9354350125464579 53.602436960712346 0.04816331969965196 0.9988290275363313 0.004568192896104786 1.4561202367372663 -0.9342813707935154 0.046667454101523245 -0.35346919090052564 1.8468416920296573
-0.35102324972679294 0.012001464915296758 0.9362898285205967 54.581400016622545 0.047641899118111154 0.9988516738400841 0.005057975413340743 1.446642326715434 -0.9351539593027778 0.04638209252232095 -0.3511919331271572 1.483135188307259
-0.3484393896357301 0.011099367178804147 0.9372655951215269 55.513302524546305 0.048408185517587146 0.9988085911507791 0.006168129237524283 1.4382062731457432 -0.9360804662662151 0.04752054599461185 -0.34856155608902034 1.1386096251261189
-0.34587099275323546 0.008876826602640268 0.938240085650447 56.482061857653306 0.05021430753422648 0.9986973525435576 0.009062082616454959 1.4291841114633412 -0.9369374470532971 0.05024738771275565 -0.34586618848522116 0.779915847961488
-0.3424427094267843 0.0071937072006782385 0.9395111714807621 57.4307544240307 0.051399330315953166 0.9986166224906687 0.011088287893128549 1.4206541956877925 -0.9381317069599101 0.05208734838749496 -0.34233873361693273 0.4335806452365479
-0.3393399440494512 0.0066759921928378554 0.9406401190151082 58.36404250024049 0.05244109180262965 0.9985539302613109 0.011831324956984593 1.4145825552205376 -0.9392009019709596 0.05334303598344178 -0.3391993311446909 0.09655295412902254
-0.33708239323617184 0.006334746971550207 0.9414538390972663 59.34421834794758 0.05250013479775474 0.9985478688485193 0.012078471107639606 1.406554968281293 -0.9400102105915619 0.05349789340606729 -0.336925480462254 -0.25497919370778405
-0.3339129560698112 0.005807865710076177 0.9425860207241642 60.3176927566014 0.051513960129015116 0.9985990188824387 0.01209592488640917 1.3981637563736884 -0.9411952240000726 0.05259532472497088 -0.3337443364860718 -0.5994317280807726
-0.33393713393704727 0.0064623751572106015 0.9425731951871104 61.268349627411865 0.049598938498741196 0.9987116323881581 0.010724767241254214 1.3892827637954512 -0.9412895069412539 0.050332027973333825 -0.33382742709726976 -0.928731008752645
-0.334732323810502 0.008290741571759488 0.9422767825859936 62.21334838628729 0.046883749955918985 0.9988693792833897 0.007866201121682043 1.3836917968814342 -0.9411462082941696 0.046810540845050964 -0.3347425695654822 -1.255977368625204
-0.3367747065200602 0.008130992996799098 0.9415501494881798 63.134576053056094 0.04411344975316231 0.9990009312722803 0.007151424193281911 1.3737305938803075 -0.9405513279982135 0.043943443993422246 -0.3367969315934965 -1.5787238876788316
-0.3404520274781867 0.005998847531885024 0.9402427510033148 64.08966565553023 0.04314232387132136 0.9990261376989258 0.009247490759604324 1.3666512595868145 -0.9392716097471349 0.04371258425964025 -0.3403792783063767 -1.9221482205868217
-0.34340877879842313 0.0022616068133941847 0.9391833131922634 64.99913412111651 0.044090979913232665 0.9989333566796381 0.013716209499772609 1.3567074202012555 -0.938150518911793 0.04611977935086363 -0.3431422005789452 -2.2594441607597187
-0.3485789689023848 0.0005713882193600604 0.9372792411839992 65.91822083781052 0.04259381228122745 0.9989763549114853 0.015231857507013401 1.354791428787718 -0.9363110965882557 0.045231801238345345 -0.34824648535546343 -2.5981850822688775
-0.35251607994157663 0.002555421759565489 0.9358022671495593 66.83525719790448 0.043912626586313654 0.9989398650503134 0.013814023293483368 1.3489064305241851 -0.9347748898044467 0.04596320085560471 -0.35225458060640225 -2.9459948428528406
-0.3573013253978319 0.00488745875102942 0.9339763785106718 67.71387282748444 0.04385260447296463 0.9989712597712276 0.011548646328658874 1.3469215903602356 -0.9329591159048132 0.045083643353701006 -0.35714808294608824 -3.282956438214233
-0.36176496106700023 0.006854495501550904 0.9322441358547725 68.60436808464745 0.04324324270596881 0.9990200172537866 0.009435416605377871 1.3435494798471874 -0.9312658776656991 0.04372666254887954 -0.3617068482595705 -3.6235919363261804
-0.3645763481045937 0.008961013809705667 0.9311303811143854 69.48765531242645 0.04448942683800958 0.9989793617948435 0.0078054857371479686 1.3421245985497212 -0.9301100888079559 0.04427115245246832 -0.3646029179233029 -3.9695561410913713
-0.3655379941326494 0.009006231958137413 0.9307528472324946 70.36054628507316 0.04636797923317239 0.9988878805452839 0.008544741165350943 1.3362552857757226 -0.9296407829625974 0.04628055623765744 -0.3655490729943406 -4.313254563002898
-0.3666011522155535 0.003061848742229003 0.9303731618423375 71.28215913209905 0.047734604644779216 0.9987394376742964 0.015522343683769889 1.3329677131863316 -0.9291528414171887 0.05010150413221303 -0.3662851847537035 -4.678187839408943
-0.366108032685133 -0.00410063575785893 0.9305633203548286 72.13665926749513 0.04961121497340172 0.9984821696608253 0.023918282092872705 1.3329203621233228 -0.9292489632774873 0.05492305213471556 -0.36534890528359704 -5.013309612726868
-0.36654973443467337 -0.006861907357945285 0.9303731543919791 73.00921099257467 0.05011113373626567 0.9983757419668888 0.02710631158476027 1.3327577725084376 -0.9290479893210772 0.0565578648772652 -0.3656105051266832 -5.354966753216682
-0.36583855608377436 -0.001510267304925296 0.9306771029606387 73.89606813365607 0.04966524613524787 0.9985421006729247 0.0211432379267789 1.33878675786584 -0.9293522013794688 0.05395731902504802 -0.3652301925016125 -5.702066905944401
-0.36423513003823904 0.004692202273116734 0.931295202008394 74.77283116343969 0.050895748504748886 0.9985931985830372 0.014874358064807934 1.3411511905472207 -0.9299152611018751 0.05281673012906917 -0.36396153668801967 -6.04443000740449
-0.36288750699867883 0.008256457365993002 0.9317963769923382 75.6706768010378 0.055468885002611316 0.9983789310981299 0.01275589024422058 1.3398182328884838 -0.930180552398754 0.05631465929151183 -0.36275721783036935 -6.400981711103558
-0.35948944919165454 0.008056317264433201 0.9331143722352666 76.54373760772576 0.05821967638515828 0.9982082541341584 0.013811251212072058 1.3365629179737575 -0.9313312005948735 0.0592906158727527 -0.3593143716412431 -6.740524669300067
-0.3554279257682745 0.00563699795282676 0.9346866928752876 77.38546782610183 0.05828198207407114 0.9981696368396284 0.01614269670663348 1.3375140956460976 -0.9328848804378705 0.060212958285775435 -0.35510589900041906 -7.056176179933711
-0.35140792595794595 0.001092578360991362 0.9362218091063998 78.2562328037572 0.05739256247141407 0.9981437072663728 0.02037727698950066 1.3442211918141727 -0.9344616435931974 0.06089290530979034 -0.35081831585028916 -7.3761206251020335
-0.3464561225048146 -0.004561334544699175 0.9380550886840816 79.15521757166579 0.055715617894064845 0.9981227520751244 0.025431117015625726 1.3501414527922473 -0.936410126547984 0.0610750850769053 -0.3455516008952024 -7.69954737518168
-0.3439387938559408 -0.008251862211797113 0.9389558098499409 80.02914342734373 0.050514650567588686 0.9983507488522587 0.02727732289226399 1.3594312152404302 -0.937632324612881 0.056812754168161325 -0.3429547124692602 -8.00501540802534
-0.3402770024162336 -0.009730684069506144 0.940274893536014 80.92051321368965 0.04549748092278649 0.9986049110662039 0.02679945566872983 1.371900484853354 -0.9392239034736626 0.051899377472172006 -0.33935956412291923 -8.30970243363312
-0.3366226421772508 -0.01064678750863882 0.941579440455957 81.7643014621805 0.04665417489101681 0.9985194405053295 0.027969892709175694 1.3740361190402424 -0.940483165579717 0.053343911073994894 -0.33562753524179867 -8.608344925250577
-0.3335550305226302 -0.00907662220356164 0.9426869345346954 82.63215139049811 0.04931283521887304 0.9984166984927796 0.02706178954641699 1.3797207619867455 -0.9414400065302747 0.0555131615038461 -0.3325793183649945 -8.913863153030162
-0.3268347504491118 -0.007198420077275943 0.9450540876834819 83.55856512947346 0.049906771791888405 0.9984443202742522 0.024864702720906122 1.3871260078834644 -0.9437628727748191 0.05529124759378951 -0.3259670503461094 -9.231539641427394
-0.3177912180182095 -0.0069612986421067405 0.9481351602338765 84.45462623252352 0.053968839189824536 0.998219058299735 0.02541802595980678 1.391407064769491 -0.9466235292591273 0.05924737942226605 -0.31684955717909463 -9.534767946511385
-0.3066698222831561 -0.007695613176215855 0.9517848483972938 85.37688010939685 0.057814759906969646 0.9979702954106396 0.02669724732814954 1.397633688815879 -0.9500584580107253 0.06321445258675412 -0.30560245310932976 -9.836911191011412
-0.29540825099998375 -0.008015136489283384 0.9553374915851408 86.27225949114211 0.05649392023569361 0.9980684324772842 0.025842621166207124 1.4087380701146377 -0.9536993248490501 0.06160488356774295 -0.29438484353490607 -10.107558129862204
-0.2834583168211229 -0.009988069667103541 0.958932542512382 87.18295340571653 0.05619449105292133 0.9980545209962857 0.02700652317827131 1.4190424203105025 -0.9573367024199164 0.06154194978387058 -0.28234558012577504 -10.370969806686727
-0.2712203990558276 -0.013876394388479346 0.9624172384235297 88.11698073603385 0.0577664789712132 0.9978590026724011 0.03066667071772792 1.4291835107364652 -0.9607822485054904 0.06391288183470173 -0.2698381264616204 -10.631246677364977
-0.2576788015780082 -0.016292077991639047 0.9660932684850031 88.98385187055666 0.05798075298656566 0.9977953163673197 0.0322914682006208 1.4407323632769533 -0.9644894335867203 0.06433564198914314 -0.2561660743920093 -10.857607545423255
-0.24342572538038643 -0.017904151444019117 0.9697542769094151 89.86204573634413 0.05817204103146205 0.9977602247544967 0.033023439252906475 1.4553324671136096 -0.9681735019433587 0.06445134024150419 -0.24183898543412563 -11.074497578177638
-0.2273966493289531 -0.019464154791711808 0.9736076779443606 90.70430074261193 0.058502796302412244 0.9977212926367878 0.03361019256082951 1.4645064792194944 -0.972043304950332 0.06460161683287703 -0.22573977142677915 -11.27179661041288
-0.21340408586993453 -0.01704361276504588 0.9768153415041826 91.56085740702682 0.0592670793402171 0.9977804561514297 0.030357447664870398 1.4768157465028937 -0.975164657604293 0.06437139571393569 -0.21192030099389225 -11.456911615933661
-0.20079717883093007 -0.009611067755054117 0.9795856881101048 92.43034232418977 0.05937331548272866 0.9979942256483867 0.02196212605977964 1.4855346319541363 -0.9778319397432915 0.06257118305646009 -0.1998237840418079 -11.634265596839816
-0.18620197608240202 -0.006283710714461658 0.9824913938975067 93.31008618919829 0.05491226930649133 0.9983499723614531 0.016792122126078345 1.492204909176035 -0.9809757727806635 0.05707755833550275 -0.18554968486051732 -11.795790038414639
-0.1728525437705477 -0.010158402928905581 0.9848953269063596 94.23467471302868 0.05276733786518848 0.9984152769606267 0.0195587010370394 1.4959802726194642 -0.9835332257563403 0.05535107570381305 -0.17204258848249987 -11.95261039249285
-0.15717292496389235 -0.015892457814727347 0.9874432142877392 95.19221837055383 0.051928077452503156 0.9983543226049291 0.02433354286042953 1.4984790027035586 -0.9862049211144617 0.05510060181759033 -0.1560890042538482 -12.102756339042806
-0.14446348844764184 -0.01599279917671303 0.9893808826129761 96.08371127824394 0.04867441766480139 0.9985441044431762 0.023248065441408748 1.5032855460485226 -0.9883122490238249 0.051516034943198806 -0.14347472450993098 -12.225224675832452
-0.13597690988461936 -0.011197232673510856 0.9906487278337796 97.01710211586507 0.04427281349182845 0.9988685116905325 0.017367047493999373 1.5045650900890688 -0.9897222832510887 0.04622032381535549 -0.13532732060694835 -12.34309167930667
-0.13116509025961526 -0.003933478774742528 0.9913527358321638 97.98475893569152 0.039178832080800266 0.9991903361137471 0.009148296763979649 1.5074388449702516 -0.9905860579545686 0.04003997954077942 -0.130904781518486 -12.458790861296738
-0.12844258856204682 -0.0015458190169452095 0.9917157414738601 98.92010317088813 0.03543284117786587 0.9993531559392086 0.0061468268568858776 1.5045072520217853 -0.9910837579183432 0.0359288207141739 -0.12830473347676552 -12.566795010512498
-0.12593589547697337 -0.0028960407566302974 0.992034154239837 99.8678374218724 0.03352236232736235 0.999412225850651 0.007173147443084544 1.4997666610712959 -0.9914718359360521 0.0341586851061795 -0.1257647914855784 -12.678883931120044
-0.12286172932011319 -0.003962170318223324 0.9924158889673427 100.81534180455802 0.030567047159419755 0.9995024812005111 0.007774683400371164 1.495800853596426 -0.9919529480254723 0.031290434327308214 -0.12267949145306789 -12.787437186249276
-0.11840670551026161 -0.007810476143784665 0.9929344633723888 101.72835526282422 0.02733313609111734 0.9995645046223294 0.011122084810946618 1.497790466825726 -0.9925889137813452 0.028456942237787976 -0.11814165512995217 -12.886480303662218
-0.11258634488500419 -0.012782059649952118 0.9935597283991234 102.63452287103351 0.0251391974723471 0.9995605441841837 0.015707936231877277 1.4961460960501938 -0.9933238825760112 0.026745793338830908 -0.11221553743931945 -12.982519063476978
-0.10847423322176936 -0.01609122464121405 0.9939690202498747 103.55551325443385 0.02065538519258167 0.9996166457894575 0.01843682519255353 1.4995142948774616 -0.993884649136657 0.02253073345856021 -0.1081002787245437 -13.074928854938642
-0.10608877522137566 -0.016205867385155497 0.9942245931550493 104.50388662869175 0.014859703401063523 0.9997296893141601 0.01788120573801503 1.5037018535735964 -0.9942456240722717 0.016670877784554533 -0.10581928390908518 -13.162264637197746
-0.10261467469536584 -0.014951077610278567 0.9946088144670024 105.41434346732966 0.00849852314656915 0.9998373663697133 0.015906474002851514 1.5047920161304167 -0.9946848765521128 0.010084943686882421 -0.10247092401916241 -13.24658412570074
-0.09747545353184828 -0.014313687219469216 0.9951349930119752 106.318408696953 0.008994999616878739 0.9998430609578629 0.015262484604537295 1.4999870682687968 -0.9951972799101959 0.010438956489735467 -0.0973314042164839 -13.334797573664172
-0.0927155827344493 -0.013015755398991715 0.9956075586442708 107.27038953415851 0.010345976504175045 0.9998479830399656 0.014034656429278331 1.4978481060253401 -0.9956388810650108 0.01160176375843103 -0.09256682769387209 -13.4219530051599
-0.08514454044378233 -0.01619107917741116 0.9962370481906846 108.1982517027386 0.008673241565185575 0.999818031545749 0.01699054668738478 1.5006795020508288 -0.9963308597616405 0.010087256864731234 -0.08498861768246307 -13.498556439876557
-0.07888686943601275 -0.021006187589912895 0.9966622306044927 109.12274581534055 0.008788675533060494 0.9997244543793655 0.02176636162188135 1.5014484957302439 -0.9968448329669769 0.010476421088201592 -0.07868051593769976 -13.570968533816211
-0.07114340104172912 -0.025479727585561017 0.9971406119351379 110.00910913396088 0.009409859745698336 0.999612058593081 0.0262142490807791 1.5052330040487563 -0.997421711728686 0.011247924140411106 -0.07087604090769717 -13.634256860274553
-0.06559534383613619 -0.022634993366718828 0.9975895488337414 110.89148056839842 0.008439462440777944 0.9996943461940855 0.0232376776225709 1.5104262580641594 -0.9978106164702447 0.009943402982300804 -0.06538426719327683 -13.68697516401119
-0.06097672539287974 -0.021184440825045135 0.9979143542545582 111.7865924217991 0.010055691626109944 0.9997109719257784 0.021837025372892876 1.5149336995892229 -0.9980885341623168 0.011366269315212705 -0.06074607720315878 -13.738321075921032
-0.054324592816109574 -0.021658690362532408 0.9982884050950127 112.6956784052538 0.01031776803308651 0.9996991782505807 0.022250767805383667 1.5219734258496316 -0.9984700207207924 0.011508872094763506 -0.054084781454001085 -13.784733391535134
-0.048947466420943886 -0.02369861744581416 0.9985201655761029 113.61371244979219 0.01129612056058512 0.9996414004756555 0.02427896446208421 1.52783351772807 -0.9987374746104463 0.01246779797026623 -0.048662211442980385 -13.824740367080512
-0.04105783150073794 -0.02613920497705447 0.9988147958633897 114.53979388576991 0.013149465056984805 0.999557025140291 0.026699158440058546 1.532448630678317 -0.9990702407944962 0.014230089805048479 -0.040695927351125816 -13.861274557879856
-0.03372389353281763 -0.02725545537914017 0.9990594772870449 115.3915154608033 0.015571801040802984 0.9994924079709995 0.027792902343570267 1.5365471098243229 -0.9993098708695582 0.01649444028784505 -0.03328235902483295 -13.894409409050644
-0.028254663086912934 -0.02780709929724079 0.9992139106530288 116.28721966962146 0.018561672098624624 0.9994260500368752 0.028337869302275304 1.5466956792451916 -0.9994284058114161 0.019347757915662678 -0.027722300064906724 -13.922437541447247
-0.02050518624411346 -0.02852621356116168 0.9993827057123599 117.16826634856218 0.016471853480072234 0.999447562529872 0.028866031871885602 1.5588016574661623 -0.9996540478485672 0.017053588858673672 -0.020023978800779663 -13.937448403639053
-0.014423142196771488 -0.029664603754949923 0.9994558440737809 118.04370735093536 0.014909094752751807 0.9994423160044725 0.029879355302105455 1.568639968097989 -0.9997848227807948 0.01533193607075766 -0.013972826253017823 -13.947596096533301
-0.010479799510337562 -0.030777468700356594 0.9994713208604946 118.92682977442476 0.015155621830370038 0.9994065093663271 0.030934384803130398 1.575350932646378 -0.9998302260529826 0.015471795519974532 -0.010007128170966773 -13.958036905827287
-0.006054167829158186 -0.03158264626147504 0.999482808009732 119.81487566328327 0.013886346967759184 0.9994020948543294 0.03166420958541389 1.5866928577478343 -0.999885251626299 0.014070865499341112 -0.005611980426913521 -13.959059494316275
-0.002637847147797079 -0.03181994636927841 0.999490136407299 120.690474425426 0.0127919608088305 0.9994107604406197 0.031851179792395296 1.5990076426337823 -0.9999147001125097 0.012869457197504156 -0.002229253317011015 -13.955936636859791
0.0021763195356723775 -0.034153572479604793 0.9994142269950729 121.62160437886314 0.00993522651794521 0.9993680052591845 0.03413035801622969 1.6119055299445655 -0.9999482761159778 0.00985512816554295 0.0025142675921533963 -13.947603117225741
0.007137317150181399 -0.037342327415742324 0.9992770433103492 122.5311079256608 0.01051411111402307 0.9992500598691828 0.03726622222491763 1.6233594018878814 -0.999919252825637 0.010240529020049075 0.007524585969329478 -13.940463001706823
0.010213378399801187 -0.03926114073424049 0.9991767860243296 123.42952556672803 0.00910014867891072 0.999191173556279 0.03916868623336778 1.6379399603897433 -0.9999064327204242 0.008692612695413094 0.010562399767256925 -13.927890616226328
0.014542103515739035 -0.03845667089936727 0.9991544483655546 124.32376938063696 0.006544969715797603 0.999242365871802 0.03836479660239486 1.6542592069912687 -0.9998728372131913 0.005981530762404711 0.014782783668226496 -13.908292491903977
