1.0 0.0 0.0 0.0 0.0 1.0 0.0 0.0 0.0 0.0 1.0 0.0
0.9999412223672137 -0.0032779170068418404 0.010334750643280021 0.019005820155143738 0.003260329304144754 0.9999932090129829 0.001718191125917238 -0.007496457546949387 -0.010340312548035227 -0.0016843954443368676 0.9999451188682288 0.29409974813461304
0.9997967297498243 -0.006217985518099681 0.01917904683902506 0.03323016754640694 0.006177241370087175 0.9999785380418141 0.00218292116482144 -0.013868928380353421 -0.019192208591313768 -0.0020640038403172876 0.9998136821515969 0.6117571201094474
0.9996570668835345 -0.009694581282993971 0.02432619418561885 0.04959535422961295 0.009663218700221151 0.9999523208791362 0.0014064753040689594 -0.016711861181638414 -0.024338669523223937 -0.0011709236425500198 0.9997030849725647 0.9072366211693419
0.9996364106108852 -0.011362174414064534 0.024452966559707752 0.05618428129846429 0.011361367066499957 0.999935442801816 0.00017195091319802307 -0.01859055479579678 -0.02445334168096578 0.00010593073527915276 0.9997009667192052 1.254789726731254
0.9997076076632965 -0.013637723861230962 0.01996776572413096 0.06291165660608233 0.013669983419408203 0.9999054661459023 -0.0014799746145134234 -0.02187865425393942 -0.019945694609164965 0.0017525009076491214 0.9997995289092344 1.5979690882002822
0.9998280672817318 -0.015361475902745307 0.010385611862883885 0.06178399992402303 0.015395146201468831 0.9998764630560035 -0.0031698738227378003 -0.026073970990338292 -0.010335634915790079 0.0033292168307356954 0.9999410437451709 1.9269614618634403
0.9998768162854702 -0.01461936023583199 -0.0057119664851383554 0.04463276895073513 0.014597096453555902 0.9998857719381031 -0.003920185055521051 -0.029455688335246928 0.005768624615794924 0.003836324026841224 0.9999760025060618 2.2730230140627397
0.9996102712042577 -0.012266323600970649 -0.025076742377487922 0.01579678250551656 0.01218542209402079 0.9999200544070171 -0.003376430520344716 -0.032416226736617634 0.025116153991827213 0.003069543937531405 0.9996798270989941 2.6493141941145226
0.9990158872769838 -0.011307441691896188 -0.04288821202341799 -0.015106866063858332 0.011167715817362572 0.9999315273242372 -0.0034961101872459615 -0.03531280675063561 0.04292480741487278 0.0030137062569373005 0.9990737602814886 3.0046311801104815
0.9980538538902343 -0.012545414516235373 -0.061082872472297774 -0.04668825878678016 0.012321896055231324 0.9999159429613662 -0.004034586631399377 -0.03723361839467238 0.06112835358861906 0.0032740779309635617 0.9981245437325179 3.3850571591666467
0.9966651190070199 -0.015563268823966254 -0.08010259183219934 -0.0880993568473207 0.015291777473650011 0.9998750663305326 -0.004001658682285776 -0.04050540381749118 0.08015486321128207 0.00276340261744522 0.9967785920200909 3.8092770040808817
0.9948995268147883 -0.018595638549996633 -0.09914198792957603 -0.13511735815754464 0.018288558625282534 0.9998247274336949 -0.0040053758309734335 -0.04531651120355476 0.0991990935801327 0.002171782460473754 0.9950652356473039 4.197859023965986
0.9931794114586309 -0.01977074881380361 -0.11490767661922904 -0.19523836963645352 0.019466560236618125 0.9998034049009706 -0.003768896520198463 -0.05303437310768641 0.11495960023957091 0.001506333219221133 0.9933690257265881 4.62176067077895
0.991452756319546 -0.021214230460022507 -0.1287299048875752 -0.257774077980521 0.020923454239539813 0.9997745597998591 -0.003610905659800524 -0.060498249048611084 0.1287774865768896 0.0008865680950435871 0.9916731179919883 5.056322637731956
0.9898295534398888 -0.02198995209454476 -0.14054855795727694 -0.32643249849557987 0.02154454109729994 0.9997568884440544 -0.0046900701028076705 -0.07045250000821504 0.14061752339554684 0.0016143158123870934 0.9900626778636596 5.493379147905769
0.9880582095460942 -0.02545397847434861 -0.15196404024766544 -0.39967980546132836 0.024771825939136745 0.9996727678537277 -0.0063807406551579056 -0.07946740906553781 0.15207672796390578 0.002540116433290153 0.9883654266617675 5.955196259644349
0.986073734517401 -0.02963481795988312 -0.16364708264857905 -0.4739683657359125 0.028702074878059067 0.999555500689845 -0.008061757771574075 -0.09018052229896967 0.16381325035723013 0.0032524767728352917 0.9864860061867282 6.403862276361072
0.9844926613104679 -0.031424636510546874 -0.17258821525820528 -0.5574309933355506 0.030148961238199348 0.9994953078775249 -0.010008479758152087 -0.10077406673349698 0.17281562418395552 0.004649919460785459 0.9849432157677508 6.86315429992112
0.983270952307135 -0.03356695981739967 -0.17902930921398638 -0.649401081803624 0.03190626369796647 0.9994170355015631 -0.012148229751833836 -0.11277400827006175 0.17933272062246727 0.006232845087485299 0.9837687365210686 7.356187871962671
0.9819206890045179 -0.0355540803250161 -0.18592382278001784 -0.7431820560358704 0.03329538408818196 0.9993290824614138 -0.015257861752210767 -0.12622518164688315 0.1863415624687998 0.008791605033862705 0.9824456879530874 7.836742307170896
0.9802075064247995 -0.0399784754933659 -0.1938942130278862 -0.842036597731863 0.037303437189629196 0.9991519748801542 -0.01742941958091234 -0.14167380383121117 0.19442658748822486 0.009851527308719323 0.9808676003861936 8.35563090950085
0.9788762796473366 -0.04650062456867093 -0.19909525624311822 -0.940248921570284 0.043579431030476797 0.998868671491172 -0.019031823468110488 -0.15938401569044391 0.19975500578170577 0.009953342563426792 0.9797953197668204 8.880784744963153
0.977249260137196 -0.050038858131283476 -0.20610675932200884 -1.0505121830039483 0.04659954383831964 0.9986820137237765 -0.021510880472062316 -0.17497223849738655 0.20691149333800601 0.01141701105982261 0.9782930469869937 9.406726661519073
0.9756591766163297 -0.048232759338737476 -0.21392235042397273 -1.1807164224415496 0.04363044990487624 0.9987044928483985 -0.02618625222366356 -0.19052682180288827 0.21490824769059852 0.0162153288895006 0.9764996201656003 9.952735441226887
0.9735322139954835 -0.046840747825855567 -0.22369839663298188 -1.3128723001469305 0.041182666402700005 0.998704307005679 -0.029894734591070005 -0.21169252321585824 0.22480884391192488 0.019890990709896784 0.9741998420178289 10.48642446417796
0.9710303961391589 -0.04991845831909048 -0.23368379766871689 -1.4448509120810638 0.043608329887497306 0.9985330179154988 -0.03209557129869801 -0.23487598761581568 0.23494314916220005 0.02097521517438676 0.9717827725423706 11.028039991640922
0.9685432678752897 -0.05340294842958776 -0.24304745082489954 -1.5785681197324668 0.04625074342123339 0.9983150078498012 -0.03504302833424714 -0.2582149843578565 0.24450931881308413 0.022699563891810826 0.969381206137546 11.552263655415192
0.9662322106800075 -0.0536807990061866 -0.2520192192323498 -1.7236043414167352 0.04545708347124288 0.9982300889143714 -0.03834505376570526 -0.2797299320761421 0.25363156074651727 0.02559416738367875 0.9669622381402607 12.081437021212498
0.9644843074311334 -0.05435688587612125 -0.2584866528023014 -1.87838850808914 0.04491042846874532 0.998094425176179 -0.042315149142910506 -0.3058105827991873 0.26029420687721977 0.029203550984141992 0.9650876014518455 12.631725278200614
0.962869987450509 -0.0560635135265988 -0.2640800441497036 -2.0526837726473586 0.044722554760317945 0.9978083892346377 -0.04876793484132827 -0.34003595876243214 0.26623538525666884 0.0351468465730647 0.9632670547741174 13.25381007230095
0.9610004268266482 -0.059470796761524496 -0.2700766631376167 -2.2318799733605768 0.04560461977260472 0.9973128299266157 -0.057335311276399244 -0.3779339611245464 0.27276069785509127 0.04278251507701355 0.9611301983130532 13.869520470022593
0.9600679250016738 -0.06298505530859713 -0.27258477982226664 -2.3968685313561626 0.04662524954470674 0.9967236925751201 -0.06609059512753342 -0.41587404519122767 0.27585442807371147 0.050742127144914606 0.9598591412519522 14.430664913685174
0.9591323466531917 -0.06750834403900952 -0.2747867629429276 -2.569030422976947 0.04850788086226494 0.9959749466570806 -0.07537168649883026 -0.4595981146532208 0.2787689493071175 0.05896209898346878 0.9585464745048461 15.020771352989808
0.9588634379894034 -0.06924243627886897 -0.2752932841631056 -2.7596720355681765 0.04760416667578519 0.9952833201703106 -0.08452784101032754 -0.5123002963611167 0.2798477275273925 0.06794554885295956 0.9576370146296688 15.65336752316575
0.9582818752426637 -0.07243779534742274 -0.2764934237673814 -2.951686557930091 0.048895184894772986 0.9946388341523728 -0.09111997854540331 -0.5725608116374531 0.28161162702471965 0.07379942683526543 0.9566862265775945 16.295192258568488
0.9573890377753725 -0.07520082563267923 -0.2788387816852415 -3.1401568178396064 0.04981847423579068 0.994033586438233 -0.09703271952059161 -0.6339249129274096 0.2844720548179808 0.07900673931322136 0.9554232492307944 16.916238131972968
0.9570557759495132 -0.07683868590843272 -0.279535432583314 -3.3293360324667964 0.050108581069708426 0.9935673547255182 -0.10155314730187832 -0.698740106180983 0.28554049069239845 0.08318490230565738 0.9547496531570685 17.540527645832974
0.9568115162999512 -0.07688989390897141 -0.28035632058231796 -3.528387477656806 0.04882973582261225 0.9931938758509454 -0.10574299916150848 -0.7693175584576638 0.2865787486456074 0.08748639429559321 0.9540538515397723 18.185106018586985
0.9562396644661563 -0.07566065941496004 -0.2826325683967548 -3.7486611397182976 0.046778545388366885 0.9930948957848859 -0.10758390054908407 -0.8464695597142221 0.288820829915367 0.08965485253403818 0.9531760255189481 18.881716401941006
0.9557924820873527 -0.07503004331360122 -0.2843083252134148 -3.9708753972965485 0.04557675877598167 0.9930139658902829 -0.10883943497799035 -0.9295759579004831 0.2904883650764238 0.09107006175034328 0.9525349093907347 19.593633537685317
0.9546316975310508 -0.07453231083729782 -0.288311041603052 -4.203300522009079 0.044684264021270556 0.9930626487552237 -0.10876530787037157 -1.0163615778139499 0.29441745637421324 0.09094784378154187 0.95133950359145 20.341294708086583
0.9529666131872035 -0.07375206926034367 -0.2939647367122943 -4.431145033547482 0.04361543453086352 0.9932160440908114 -0.1077941725293325 -1.096844959977151 0.29992053617782655 0.08990284778813747 0.9497184582487529 21.05316627036139
0.9508603867859384 -0.07410474217807483 -0.30062104388751043 -4.675282124425844 0.04369131356574118 0.993334358419709 -0.1066673403709173 -1.182229338785531 0.30652176751447113 0.08829122022956812 0.9477600257819372 21.802607365757094
0.9474620531960253 -0.07290930616609177 -0.311448054782738 -4.952966386013548 0.04197267098828056 0.9935953084582999 -0.10491262030740425 -1.278521746266338 0.31710243241527153 0.08632841990929241 0.944454049317532 22.62344932203279
0.9437940985612094 -0.07145015416678865 -0.3227190341312027 -5.230091938714997 0.0411696672155839 0.9941647036266711 -0.0997075752601147 -1.3688978991079106 0.32795999454566455 0.08081718587302761 0.9412283593502547 23.42019576533071
0.9412212581595778 -0.07043271762427243 -0.33036612337913995 -5.466916292011559 0.04082384805722561 0.9945698371151367 -0.09573010253087183 -1.4390196490551466 0.3353147127972499 0.07661639112376789 0.938985607979626 24.07964016365954
0.9374039656782629 -0.06794118099351985 -0.34155204736009415 -5.743210228958088 0.03825168389264374 0.9949377258657679 -0.09292863029460499 -1.5181425697770055 0.3461366981555748 0.07404672561470826 0.9352574344081402 24.821217642238288
0.9341045327305436 -0.06653098769014702 -0.3507454199404841 -6.034621560167076 0.03642138898406004 0.9951148109630628 -0.09176053305435874 -1.5983680476665776 0.35513688115531566 0.0729392944778175 0.9319644064900514 25.57720180619471
0.9300592022685701 -0.06647902644634315 -0.3613452909867478 -6.339791174735769 0.03567320621167067 0.9951868012195536 -0.09127241114911133 -1.679757689425362 0.3656737653074536 0.07199840082348505 0.9279541624696396 26.343178276580986
0.9263722940658987 -0.06678314078312794 -0.37064050627828754 -6.6572844451071855 0.03556622484248632 0.9952669269403841 -0.09043665069593279 -1.7605682377518233 0.3749258812586003 0.07059572399080108 0.9243629305184609 27.123743702256906
0.9226104464407676 -0.0663842401103168 -0.3799777582745381 -6.996083321904525 0.03505884206249177 0.9954338268969479 -0.08878273403390201 -1.8413396665872432 0.3841364883887038 0.06859029766864357 0.920725002025101 27.92663989580447
0.9192063368432619 -0.0669464389373343 -0.38804366329164763 -7.332611062499302 0.03560600367822417 0.9955360169460498 -0.087408531993512 -1.9208731603365627 0.39216313290422666 0.06652979240012924 0.9174867104835566 28.72092041529048
0.9155672001787506 -0.06742923173358331 -0.39647194183783374 -7.671416104677029 0.036726044710995186 0.9957431824787185 -0.0845382291453982 -1.997530969650773 0.4004845809725137 0.0628395835041305 0.9141462066585946 29.50130922416819
0.9113448731481033 -0.06620952434863797 -0.40628416296010683 -8.02792295080439 0.036769112848228896 0.9961281091065256 -0.07985500978781546 -2.073912708118221 0.40999823722428586 0.05783674552898883 0.9102507107053492 30.290276754472934
0.9079069439588622 -0.0667579870877069 -0.413821643067732 -8.399379307348145 0.03855168393955756 0.9963507203236253 -0.07615122964219276 -2.1521839883632503 0.4173951949612073 0.053184708992257135 0.9071673704188797 31.102530444656868
0.9036655981992239 -0.06761408509991144 -0.4228673812524924 -8.811804062344075 0.03985417233801843 0.9964497814920071 -0.07415846486937687 -2.234623482529355 0.42638026640370025 0.0501614240291582 0.9031520912675098 31.981487769436473
0.9003251243516915 -0.06778212380839492 -0.42990726227075393 -9.231938802386452 0.04013154389271631 0.9965188196859749 -0.07307325910658907 -2.314467704568701 0.4333637382683262 0.048536848926306914 0.8999111315293342 32.8451684820766
0.8977175709234869 -0.06771158243697893 -0.4353370010223283 -9.650782088178005 0.04051806566195873 0.9966202037015289 -0.07145947053355865 -2.3920470286149293 0.43870428446762144 0.04651140911436187 0.8974270107434638 33.696440551614806
0.8942853626091918 -0.06861453818580161 -0.442205535212412 -10.091959007519716 0.04188091741612379 0.9966708971349754 -0.06995077955639488 -2.473253890524929 0.4455330279332055 0.044035984759202375 0.8941818344536848 34.58476671569961
0.8917563019218159 -0.07069330111391241 -0.44695990330268454 -10.508150931892311 0.043987135252927745 0.9965862870876532 -0.0698634691458022 -2.5486201085799802 0.45037298977066553 0.042640703165678764 0.8918216977168523 35.41969471393765
0.8910356642527483 -0.07340246734718356 -0.447959287008328 -10.943541943859486 0.046535731105233985 0.9964110052093436 -0.07070738595229725 -2.625355633497229 0.4515416600493971 0.042156689683268724 0.8912535793783852 36.29075048653674
0.8893343286103631 -0.07368438368827088 -0.451281579012078 -11.386039541649254 0.04653363992580696 0.9963913175506186 -0.07098565112047316 -2.701942350866781 0.4548835810516907 0.042130201877297824 0.8895538060057795 37.15517823040166
0.8888724872423539 -0.07456588075892802 -0.452046049479737 -11.843215803482183 0.04795648041601049 0.9963895049319842 -0.07005805055455257 -2.7819421826602784 0.45563787969142805 0.04059413612876579 0.8892391347113886 38.045375186809096
0.887802447994773 -0.07460486075210948 -0.4541375651569101 -12.340447737896579 0.04893640838501971 0.9964821506367008 -0.06803345792204189 -2.8647184423619723 0.4576156042672311 0.03817640913724112 0.8883301866516318 39.00572587281269
0.8879827473713893 -0.07535481836322937 -0.4536609876551041 -12.811664439334178 0.050616181354557296 0.9965051810656856 -0.06644867413521426 -2.946919409707576 0.4570827524156237 0.0360426893931354 0.8886935816047441 39.9255263695361
0.8872826097695462 -0.07693055897499006 -0.4547650596696487 -13.30558881292513 0.0526951481524187 0.9964436578597217 -0.0657514872252549 -3.030424399485295 0.458206058189695 0.03437623898761748 0.888180996436722 40.882413187760214
0.8858149753899692 -0.07886758503629196 -0.45728736414361093 -13.809793716034253 0.054819722208412525 0.9963360739166522 -0.06564469414464218 -3.111745158308561 0.46078913554017376 0.03308068685644834 0.8868929138995558 41.85784420242826
0.8848957389762936 -0.07971696117652358 -0.45891691758136394 -14.305892470660757 0.05681760592172597 0.9963620204677266 -0.06351758675196534 -3.1928015159638545 0.4623108162253217 0.030131881292920073 0.8862058332751069 42.807159603169886
0.8821802594100484 -0.0792622436943656 -0.4641933720248005 -14.804522653324083 0.058243105432509296 0.9965294228407983 -0.05947142239902574 -3.2733338274855313 0.46729619148544044 0.02542845133154462 0.8837350639677494 43.75982290201524
0.8801334637224452 -0.07987641266292161 -0.46795816558324305 -15.308068712434402 0.06090050482744047 0.9965958179860364 -0.05556891293255607 -3.350447582046651 0.470803796233308 0.020409171292479072 0.8820018430703306 44.70779282017089
0.8770342770891033 -0.08028209578719346 -0.4736725260206781 -15.817238147671308 0.061980589195630584 0.9966071940549986 -0.05415262986028278 -3.426139383862258 0.47641293367598303 0.018135210333442616 0.8790346015785757 45.64756769394758
0.8714998278977167 -0.08346249315611398 -0.48324120500058315 -16.35837688397339 0.06392480104253703 0.996337189582056 -0.056796342024836785 -3.5048532304902955 0.4862115483880674 0.01860690441464699 0.8736430125183753 46.62742577011435
0.8654871157377064 -0.08783996770288031 -0.49316953734591423 -16.88992156631453 0.06659498142286106 0.9959430038353032 -0.06051976173781763 -3.580143292254318 0.4964848043407924 0.019536457853724844 0.867825538845922 47.56694272526652
0.858536970981529 -0.08733771891529972 -0.5052587379873144 -17.448946033892742 0.06575599105571601 0.9960039614953734 -0.060433917015229585 -3.659173296746628 0.5085178650727447 0.018660963002888085 0.8608492024516623 48.513323273335445
0.8520113683024962 -0.08493747442437491 -0.5165871211341966 -18.015766869367276 0.06537921204821623 0.9962890248680996 -0.05597979599217995 -3.7367556894293243 0.5194248616645749 0.013921363646581638 0.8544027204538602 49.446431443520254
0.8464811311311567 -0.08242012241331152 -0.5260005875094553 -18.599460358389404 0.06491913903556469 0.9965514584885539 -0.0516787767968348 -3.813878395804223 0.5284460237581492 0.009597604165144259 0.8489126491980732 50.38122351944454
0.8418612953596939 -0.08274870213587729 -0.5333124897001065 -19.19084775649648 0.06489838594861591 0.9965269248177834 -0.05217554613491333 -3.889788114452339 0.5357777140536575 0.00931345306746284 0.8443077049958726 51.308833626185304
0.8389399748437218 -0.08541605654073457 -0.5374791306592708 -19.772341179671457 0.06563838279543889 0.9962778853340333 -0.05587466240028826 -3.9646867731080375 0.5402511650271704 0.011596226945726353 0.8414239158755878 52.21355744281948
0.8369777099489513 -0.08868777732975328 -0.5400025844391095 -20.357723391473687 0.06510107805056331 0.9959093883345996 -0.06266051279441007 -4.039026573882063 0.5433508651739353 0.017290702105815924 0.8393276290790291 53.1093481877149
0.8344811721981462 -0.09043621643719038 -0.5435645904612749 -20.957559453250653 0.06603566830934152 0.9957439829421192 -0.06429005323923109 -4.117290142802921 0.5470653194617134 0.01775418798735097 0.8369016220865887 54.025873629245545
0.8318375268469174 -0.09042617151201103 -0.5476033568513663 -21.553786607534995 0.06806142466709574 0.995811477239993 -0.06105034209067518 -4.19783241068123 0.5508302564324963 0.013513300958077498 0.8345078904933896 54.932274456494135
0.8286176797159395 -0.08814151036185396 -0.5528325379473462 -22.159590819434534 0.0685727090105472 0.9960715472180837 -0.05602906746973142 -4.275734667102173 0.5555992480566614 0.008517451127191017 0.8314065964287078 55.83864115372564
0.8253310432371738 -0.08715408772558819 -0.5578824554166937 -22.75439887606595 0.06942545131187405 0.9961825736253259 -0.052918680211859984 -4.34955030600613 0.5603648595149247 0.004944188299708371 0.8282311146189064 56.715902518524366
0.8232052982469812 -0.08581993153621843 -0.5612200783019239 -23.359903011267235 0.06786666003629487 0.9962961422939186 -0.052802588059430874 -4.419884199020998 0.5636729134822931 0.005379237992016825 0.8259805750772886 57.594888727258706
0.8193288021331696 -0.08776446600549213 -0.5665666002349559 -23.98785233981082 0.06890276965572596 0.996124664061634 -0.05466316842140438 -4.493368665091216 0.5691684481142603 0.0057491003528960145 0.8222008425660589 58.50259229715104
0.8160330482045378 -0.09043305351199817 -0.5708869652308649 -24.58221503777384 0.0703445586236252 0.9958811830106736 -0.05720412919806322 -4.563454270336045 0.5737087303763627 0.006521668326235679 0.8190334306560293 59.35072982105382
0.8127828578901906 -0.09139035906918201 -0.5753536548845941 -25.204623870973947 0.07138802027461823 0.9957998375626631 -0.057327428613578105 -4.638701775071746 0.5781762503606711 0.005521392884062795 0.8158932146669041 60.22874268353168
0.8089334792484214 -0.0914316727789772 -0.5807468255306111 -25.84802662081496 0.07205670597876339 0.9958041631966887 -0.05640832991352192 -4.717578375166488 0.5834676145893053 0.0037838833201786527 0.8121275915473415 61.119291983444285
0.8054845983178669 -0.09088366857964489 -0.5856062846812782 -26.49830934994912 0.0720903891959522 0.9958586163400089 -0.055394873832688485 -4.794087764207346 0.5882155537371323 0.002403132719723082 0.8087006166034811 62.00897921105933
0.8004121984091476 -0.09234017235792716 -0.5922952010667855 -27.163819150341237 0.07317321377832264 0.9957259560882911 -0.056351585225356896 -4.876190066855312 0.5949672204610834 0.001764352846533871 0.8037480286979531 62.911495665857274
0.7959144055503957 -0.09350617235533895 -0.5981445099378695 -27.814318320825414 0.07394924479973464 0.9956178148285092 -0.05724225702794717 -4.954248153501999 0.600875834287675 0.0013276021837487079 0.7993412720744079 63.77270587076626
0.7917225908756933 -0.09448185693559134 -0.6035300471451958 -28.474774802131375 0.07461426849635976 0.995526209973485 -0.05796788932315909 -5.032692209534698 0.6063068942654642 0.0008625345392146641 0.7952302848862938 64.63952520269613
0.7863332967467292 -0.09504308111018253 -0.6104479987357677 -29.155454018457114 0.07493432344025056 0.9954731338871649 -0.05846440694489963 -5.112932239265356 0.6132412197479654 0.00022900207460562622 0.7898956601729609 65.51358018155489
0.7804702258603698 -0.09553870085513087 -0.6178499681835204 -29.853705317408668 0.07479683107734782 0.9954257003866355 -0.059439961899070415 -5.193334973393414 0.620702554051657 0.00017790078713177115 0.7840461132771847 66.39348527331097
0.774348867438433 -0.09564218043855083 -0.625488932610143 -30.571261940865792 0.07539352236994781 0.9954145383818156 -0.05887031138672143 -5.278610707877481 0.6282512620611825 -0.0015716548848419762 0.7780089212981138 67.2823307246999
0.7680891465533856 -0.09603117057463072 -0.6331011587613452 -31.294095979485192 0.07699210310572967 0.9953680528980218 -0.057573043426221084 -5.361919129477884 0.6356974744375256 -0.004522559901983261 0.7719250400431926 68.16424168774435
0.7625509485805183 -0.09640860634979166 -0.63970417494389 -32.01425607298452 0.07832657012632278 0.9953177904690436 -0.056634303986786184 -5.445228670129642 0.6421689802779315 -0.006919291691522812 0.7665318807272726 69.02070845359015
0.7573556716612242 -0.09691833759301108 -0.6457702551533195 -32.739500043559886 0.0790754166425563 0.9952587649994522 -0.05663099129073878 -5.526251436472139 0.6481970881494166 -0.008174749535780228 0.7614287283683517 69.87095341481903
0.7519933572460079 -0.09868092482812013 -0.6517423307818399 -33.477959440386904 0.0805435918876452 0.9950777094149633 -0.05773285053854869 -5.605628009738297 0.65423139672727 -0.009078948206529956 0.7562399435600772 70.72787357150006
0.7473071091758234 -0.0971939866585376 -0.6573320420705914 -34.22617342018519 0.07910083715099495 0.9952226612966578 -0.057226846878102255 -5.682586698163645 0.6597538496570411 -0.009229485306234724 0.751425095710608 71.57356527378332
0.7431010229879201 -0.09666898294150188 -0.662160084399054 -34.97839731419938 0.07985463380777787 0.9952501492925219 -0.05568103620299278 -5.763657824993351 0.6643975519925795 -0.011499916098342385 0.7472908703015171 72.41829560833165
0.7403032625394387 -0.0956685268299494 -0.6654311477888982 -35.75123331143253 0.07896422519521452 0.9953451557089464 -0.05525099226306257 -5.843264204484039 0.6676194504452239 -0.011642765175026132 0.7444116572208531 73.2697068030957
0.7359516167731105 -0.09564466075559933 -0.6702442216371514 -36.54941993475327 0.07882511190844538 0.995343223768132 -0.05548394931404288 -5.9261106981435825 0.6724297877858072 -0.011998573573910154 0.7400636558638221 74.14316490776845
0.7325051557287792 -0.09703990159297057 -0.6738096573436622 -37.304507933874355 0.0787296820303828 0.9952223992561693 -0.05774091431722021 -6.00117318755429 0.6761936364667681 -0.010753302637810228 0.7366454591485838 74.95761657180974
0.7296669135393776 -0.09917620972000003 -0.6765724460185275 -38.086464115160965 0.07980227950352968 0.9950159062537054 -0.05979082277539035 -6.0817824930137805 0.6791301727003146 -0.01036463832905827 0.7339446728469039 75.79721392494606
0.7256025087974888 -0.09878559480009716 -0.6809863475039579 -38.87984037914132 0.07862895439017914 0.9950624472131073 -0.06056577975861708 -6.161538712098272 0.6836069680439905 -0.009598562718094665 0.7297872161359429 76.63544712857095
0.7213533312575345 -0.09824172451026081 -0.6855639540180827 -39.66180766209441 0.07911127820365724 0.995097069860422 -0.05935677902469225 -6.242286092326112 0.6880339941780793 -0.011418630410544708 0.7255886146673652 77.45443871113619
0.7181975660471611 -0.09757846946141958 -0.6889634957104047 -40.456217371834654 0.0794621290070643 0.9951427590127371 -0.058109028886932784 -6.325420465238839 0.6912872240809884 -0.01301274306533887 0.7224629003210594 78.28134968448448
0.7135930864922144 -0.09696834288995458 -0.6938170128987117 -41.26718791705835 0.07854580865522502 0.9952039956432479 -0.05830577157032627 -6.405425972860792 0.6961432775321555 -0.012889822841702862 0.7177871478466982 79.11138044108255
0.7099649691660816 -0.0976636474305837 -0.6974321146373742 -42.084712016775796 0.07961938504104368 0.9951190458933972 -0.05829955425130595 -6.486606685863464 0.6997217276051179 -0.01413847483887767 0.7142755822835747 79.94128194081112
0.7048732440207174 -0.09811663154669482 -0.7025146521444522 -42.906371302122864 0.0807165657515667 0.9950489825176473 -0.05798584658231875 -6.5693742609186705 0.7047258657641166 -0.015831898323490044 0.7093030418082891 80.76448240758545
0.7005322309879176 -0.09764241213104893 -0.7069091544889777 -43.73095938743212 0.08077175115495663 0.9950783044762948 -0.057402893445751516 -6.6518017649503705 0.7090349198470077 -0.01688571330483048 0.7049711732572719 81.57981246985446
0.6976243101573998 -0.09961818922188727 -0.7095044314544937 -44.569862203678085 0.08324181965764842 0.9948497404923081 -0.05783418800736041 -6.737013293410602 0.7116116365950572 -0.018713904417289165 0.7023237632630445 82.40713728655929
0.6935330082595368 -0.1021129941220221 -0.7131513884764673 -45.44407292394003 0.08457156363415003 0.9945991942644961 -0.060167211942137845 -6.828244746158595 0.715443650526687 -0.018584380534500018 0.6984232267910315 83.26215511883404
0.6902620481921636 -0.10516411303154903 -0.7158762561754978 -46.30196546513713 0.08806205783623207 0.9942365850807744 -0.06114480236756278 -6.915027870630124 0.7181806031878105 -0.020835599756373037 0.695544749809518 84.09850774380608
0.6853946835406459 -0.10792381675944068 -0.7201295560871616 -47.164473318542655 0.09253172906264293 0.9938470322980811 -0.060876559601987804 -7.000515641109264 0.7222686528507903 -0.02491036267041086 0.6911638495615444 84.93357514751943
0.677333719880006 -0.11061443493907681 -0.727312504152529 -48.02479605818964 0.0962565897794193 0.9934579176882148 -0.061449448383473826 -7.08702219357977 0.7293515618942283 -0.028386837895499412 0.6835499152196163 85.74988195910528
0.6692550662458379 -0.11110249192321582 -0.7346794488705473 -48.914510482344824 0.09844211508041413 0.9932997720348988 -0.06053687185437139 -7.175360822193044 0.7364827263980966 -0.031808790669716515 0.6757080690308178 86.56885743253956
0.6603882067550957 -0.10931511757386321 -0.7429250443002993 -49.809719599865694 0.09847360221612551 0.9934105295591632 -0.05863846372103564 -7.261646620554224 0.7444396322371407 -0.03443435538521663 0.6668012515913834 87.3738542209901
0.6525996349715962 -0.10932922564338626 -0.7497738571430436 -50.68415984738541 0.09883193784662589 0.9933638699668284 -0.05882575886469272 -7.343516984083457 0.751229634996131 -0.03571193448616062 0.6590741181679312 88.13959801891842
0.6445643422456022 -0.1096084869832667 -0.7566523562949721 -51.60035104236822 0.09847369094304059 0.9933287778741107 -0.06000725988728769 -7.431842225744888 0.7581818653183079 -0.03583181028590402 0.6510578626159784 88.92810174512775
0.6330057957386073 -0.11140572598721396 -0.7660890462463188 -52.51531086346919 0.10003862235586239 0.993065388514438 -0.06175279889858663 -7.519018333103493 0.7676561317402955 -0.03754861318251229 0.6397610218273666 89.69711178383936
0.6237265329452322 -0.11145506326686504 -0.7736555958385484 -53.42914878658527 0.0998500393782664 0.9930338736492288 -0.06255953501558359 -7.604599215224359 0.7752387901390635 -0.038229499831759425 0.630510367564511 90.43861534474517
0.6136368501970576 -0.11194260995702862 -0.7816128633513157 -54.39688143974188 0.10233358890909652 0.9928253865522747 -0.06185134111973996 -7.697464605727625 0.7829288937452865 -0.042030987299074396 0.6206897320283679 91.21076943632235
0.6019832295947947 -0.11103023576046495 -0.790751843522098 -55.38248489629989 0.10304156793346511 0.9928074356298932 -0.06095761671693637 -7.790259106386153 0.7918324485422622 -0.04478484682313203 0.6090941560469898 91.97317932205358
0.591850489578229 -0.11074770807303849 -0.7984033711994082 -56.33073539460161 0.10331823735237283 0.9927687364968321 -0.06111937225530725 -7.878845688516152 0.7993987364365857 -0.046316098616497464 0.5990129207225312 92.68470167637274
0.5834383573961004 -0.11130488948342959 -0.8044941918348582 -57.30056894961781 0.10234851523752334 0.9927437215432154 -0.06312435952309561 -7.964718974330358 0.8056826078224691 -0.045509613419673224 0.590596656389771 93.39416331683843
0.5738918473011867 -0.11097409395598727 -0.8113771614187074 -58.29481011564925 0.1013859121425829 0.9927816324988646 -0.06407438639507909 -8.055638633574972 0.8126309398615389 -0.0454904456291334 0.5810004947813857 94.10611693370278
0.5645021316235135 -0.11104120976302817 -0.817928599039594 -59.33087506496091 0.10095557194325372 0.9927587359399571 -0.06510042018688748 -8.149154504454186 0.8192345914853206 -0.04582512355970206 0.5716246514668678 94.82722520919523
0.5562381043017111 -0.10923767664227135 -0.8238120546123598 -60.35147146168637 0.09869916757384292 0.9929902805611976 -0.06502904759586092 -8.243425913861868 0.8251409853128552 -0.04513792986826971 0.5631206990016775 95.51816217642012
0.5485599600587008 -0.10705610937957392 -0.8292291358031901 -61.396074805576546 0.09718209502462495 0.9932107531947927 -0.06393778339024159 -8.337246451218427 0.8304442248742666 -0.04551251677002045 0.5552395880971 96.2133780086358
0.5404825777907079 -0.10573288937407255 -0.8346850539031602 -62.44014806308503 0.09849265681828606 0.9932022567142921 -0.06203606862553959 -8.432387651565254 0.8355703319634958 -0.04868093427870365 0.5472224291640153 96.90035026621945
0.5331546478999498 -0.10396863126800765 -0.839605053066582 -63.50873366434548 0.09644745756548045 0.9934194781324406 -0.06177077299358083 -8.525468141145 0.8405022363752732 -0.0480443980015018 0.5396737222330155 97.58141820824426
0.5280409175877192 -0.10412733248336824 -0.8428109443896763 -64.56718280781763 0.09678236335929051 0.9933668960169719 -0.062091738904599736 -8.622436016556309 0.8436859388988951 -0.04878225627730651 0.5346160566021052 98.25288617413996
0.5235863410184585 -0.10519837600920738 -0.845452923103308 -65.61060361329281 0.09747559628989384 0.9932279736989572 -0.06321946211249543 -8.715333391866722 0.846378078418169 -0.04931018096589215 0.5302948749764407 98.90455809541987
0.5180362856095713 -0.1061434605414255 -0.8487472960641052 -66.66278608467195 0.09739881933650933 0.9931367139066771 -0.064752895553025 -8.807693004468065 0.8497951969643585 -0.049122635056944974 0.5248191021117365 99.55198617563889
0.5144647127633821 -0.10790791993108526 -0.8506949747926323 -67.72447280748085 0.09835116702422286 0.9929293151892177 -0.0664712192068481 -8.904709854936268 0.8518527497556513 -0.04946974685621432 0.5214399647895411 100.19808626162609
0.5102772899563381 -0.10763577096834955 -0.8532476944960733 -68.80706404196071 0.0986003792506727 0.9929168667811973 -0.06628771283604336 -9.003435409035967 0.8543389564841574 -0.050305431808694775 0.5172758557714655 100.85238804037165
0.5076958757576386 -0.1058548089193404 -0.8550085713999215 -69.8803052950173 0.10035140325319561 0.9929336634246988 -0.06334300200591889 -9.098033296170247 0.8556719544333559 -0.05364232905697936 0.5147310044377975 101.49763921115101
0.5053211614992639 -0.10382814298725515 -0.8566622674454928 -70.94986337031114 0.10299418319092069 0.992895597122197 -0.05958633605274722 -9.191022055529984 0.856762932187119 -0.05812099396237088 0.5124248511644962 102.13506112855791
0.5022035920806498 -0.10289119753519879 -0.8586064020091307 -72.01640629773902 0.10427049170859276 0.9928568574156387 -0.057990734101151964 -9.281338982647542 0.8584399901333469 -0.06040415674864538 0.5093447959755204 102.76759519184534
0.5004383717722092 -0.10286202951519091 -0.8596399472697835 -73.08771589593623 0.10570439834768744 0.9927480032884809 -0.0572536648319378 -9.369501552739239 0.8592950693608883 -0.062215792615303474 0.5076821632885244 103.3979147514132
0.4986940335647793 -0.10274517371823637 -0.8606670030647744 -74.1590483389572 0.10791458884742562 0.9925837057785833 -0.05596452927297699 -9.453196872323588 0.8600341286255925 -0.06496934893058606 0.5060832750632587 104.02673405974483
0.49597576529789605 -0.10329768168169803 -0.8621703017364686 -75.22496023748732 0.11143634208913564 0.9922606734602537 -0.05477862325759314 -9.537915197865717 0.8611561890266828 -0.06890823509124851 0.5036483626873514 104.6521512625093
0.49347920218386493 -0.10334972208185558 -0.8635954561932222 -76.2730858549802 0.1126098360474235 0.9921497626830453 -0.054386333148590205 -9.621238997969883 0.8624368393322195 -0.07041081844134646 0.5012434685949246 105.2581973842411
0.49071304569477275 -0.10330467534622184 -0.8651756184940557 -77.3192953412649 0.114933202197472 0.9919447881905937 -0.05325313337403993 -9.702606100779175 0.8637077432891261 -0.0733053970259351 0.498633385313574 105.86333187667631
0.4901780705058667 -0.1029486218070357 -0.8655212536172509 -78.33061246799949 0.11842616637664571 0.9916583116537607 -0.05088257113534832 -9.780863425903089 0.863539635634912 -0.07755884344189697 0.4982809684219123 106.44818986820198
0.4897448314264723 -0.10271119823632362 -0.8657946695654318 -79.3525440150308 0.12111644656845587 0.9914230131598196 -0.049104127603844985 -9.857506192662276 0.8634123038628109 -0.08081348113998647 0.4979843118054528 107.03746089016227
0.4888840708886847 -0.10407360826830882 -0.866118380646273 -80.37634723533891 0.12403038343480018 0.9910639939251918 -0.04907773354652606 -9.932839507106651 0.8634864383511324 -0.0834316726852696 0.497423689400308 107.62648839222632
0.4881686655828359 -0.10532914282702259 -0.8663700858261427 -81.35990570818308 0.1262782684231084 0.9907690654677115 -0.049299673795056884 -10.006356505605691 0.8635653726656336 -0.08533715828150311 0.4969631943608128 108.19009339897846
0.489692091755289 -0.10725749119516258 -0.8652730701084194 -82.37505701381433 0.12770019409385472 0.9905256680594782 -0.050512981932535256 -10.084669147201518 0.8624930815378878 -0.0857597312136904 0.498749388772993 108.77123737579569
0.49122779321275517 -0.1081023118252221 -0.8642969081012435 -83.35838889617591 0.12820734950113274 0.9904345924168061 -0.05101170138360123 -10.15864015609094 0.8615440387520659 -0.08575085027099003 0.5003885100285389 109.33535049730175
0.4947191908242518 -0.10852797300213485 -0.8622497325637426 -84.35058121263046 0.12772791458358665 0.9904773389043516 -0.051383080416440054 -10.233972279616253 0.8596153221449265 -0.08471316422494346 0.5038701992980654 109.90640249625041
0.49743457935490853 -0.10827700766395279 -0.8607176824449151 -85.3364206161301 0.12600663130213113 0.9906759433067819 -0.05180255033400104 -10.30912687962119 0.8583013271164702 -0.08268775583215592 0.506440092119046 110.4771034836203
0.5018293137441052 -0.10769899554505395 -0.8582355540442888 -86.31017969428372 0.12427471905600031 0.9909010460444145 -0.0516808586580925 -10.383067813077707 0.8559924848213756 -0.0807220125286281 0.5106474543387595 111.04607680342197
0.5077156230889718 -0.10762056656355391 -0.8547763799520418 -87.30201886390473 0.12434313694315415 0.9909325412455673 -0.050906610530839363 -10.45875811611076 0.8525043286497223 -0.08043949498313757 0.5164938114637432 111.63651144259418
0.5135848646208113 -0.10605554601848408 -0.8514592227412562 -88.26942393541793 0.12394001399907117 0.9910944355039957 -0.0486897611713829 -10.530127803254098 0.8490403169239568 -0.08052354358656522 0.522155627342969 112.22188240771143
0.5191696510538144 -0.10526608961942786 -0.84816385433529 -89.2305299458567 0.12438427056632052 0.9911263960138369 -0.04687238377026781 -10.600550515218204 0.8455716567271782 -0.08116352321614356 0.5276561909414099 112.81114790821051
0.5279665889708345 -0.10497276398003244 -0.8427526325992073 -90.16404426202183 0.12491498915272475 0.9911373795745964 -0.04519889705487807 -10.669193110324857 0.8400282890566703 -0.08140892845625233 0.5364000931693881 113.39772076158413
0.5354020187252232 -0.10425155782895139 -0.8381385870100438 -91.0981905495889 0.12490753148379523 0.9912142902618934 -0.04350102710552753 -10.733932776254733 0.8353099945071775 -0.08139928421582059 0.5437199367372615 113.99309890646154
0.5447861475862454 -0.10398122167488962 -0.8321033342903603 -92.02517628881274 0.12474074540968481 0.9912913353412678 -0.04220467879231491 -10.79962471398161 0.8292453194518339 -0.08080466580788354 0.5530124828165296 114.59503966162733
0.5547669075615782 -0.10499805786480242 -0.8253539156744719 -92.95638278370342 0.12373525571857637 0.9913853170352651 -0.0429504325839173 -10.861458100904645 0.8227534653629981 -0.07829789915129723 0.5629797280734639 115.2142064006215
0.5642102431027406 -0.10541113871607882 -0.8188744063728737 -93.85865419688692 0.12258227113823894 0.9915187850176788 -0.043175059463277196 -10.922898000829285 0.816480488671063 -0.07601967371441314 0.5723465915228434 115.82702728101943
0.5771258345606921 -0.1035313168272381 -0.8100660698477891 -94.76839595003324 0.12133414689551411 0.9917927467505752 -0.04031342568038118 -10.983224822786562 0.8075913545102886 -0.075022756074193 0.5849511006838688 116.46591580274543
0.5874968558345934 -0.101579018216858 -0.802825726694509 -95.6362252227595 0.12129603574045858 0.9919360696593379 -0.03674378073136839 -11.03952358419198 0.8000841931310209 -0.07579272238734214 0.5950804543378978 117.09799240958742
0.6007175190154586 -0.09965672860191524 -0.7932256922164566 -96.50288856045708 0.1220159442216123 0.9920048215290068 -0.032226439749251656 -11.088696923466967 0.7900952927993058 -0.07742719488376135 0.6080743850786773 117.74840688014532
0.6116812610092752 -0.09921582224567661 -0.7848581117286215 -97.36352783516442 0.12347190629202569 0.9919194624209665 -0.02916279182647288 -11.138224796843414 0.781409446632632 -0.07906959394492465 0.6189889143003037 118.41766928689628
