1.0 0.0 0.0 0.0 0.0 1.0 0.0 0.0 0.0 0.0 1.0 0.0
0.9998508713329791 0.0007747349136976582 0.0172520978578283 0.01875084824860096 -0.0007791616673095935 0.9999996652354632 0.0002498720828269651 0.0016522286459803581 -0.017251898497811228 -0.0002632769930678212 0.9998511402621123 0.15057043731212616
0.9992876595256915 0.003819400467731697 0.03754444965281716 0.03828929053159036 -0.003866047124297476 0.9999918424542189 0.0011699165139962072 0.004410051448898506 -0.037539675002569516 -0.0013142317467253308 0.9992942737730551 0.3619458877820834
0.9981346732129627 0.004204739984424159 0.0609056178994656 0.06756385468757029 -0.004334382979273599 0.9999886132365473 0.0019966275155969024 0.009966139626325848 -0.06089652908205281 -0.0022568914263739084 0.9981415326429656 0.5572602770709361
0.9961107533811957 0.0036012252356001856 0.08803634576213325 0.11549474101103809 -0.004012558265441539 0.9999818434765508 0.004495786183294828 0.011738711216679642 -0.08801855698949988 -0.004831551928929696 0.9961071175990285 0.7849131402344394
0.9926893874600211 0.0010022725282352455 0.12069289736362863 0.18142283025502015 -0.0017298416047164665 0.999980958853702 0.005923645672515731 0.014618223983742252 -0.12068466212518823 -0.006089119789433225 0.9926722192888845 1.0604100033941573
0.9878384555381643 -0.0006925812764157782 0.15548217290464514 0.25175476570409505 -0.0004098599222849519 0.9999750059166169 0.007058297025933693 0.01352368915376486 -0.1554831752146145 -0.0070361831441313515 0.9878134815601294 1.3104976221922053
0.9815571169319162 -0.0007148109090315051 0.19116776727698936 0.328521131467331 -0.0010006394401370652 0.9999600993519522 0.008876847680621362 0.01328165885089114 -0.19116648482674908 -0.00890442302445477 0.9815172368988667 1.5688012243218723
0.9737037763085558 -0.0003099187857329678 0.22781760237699944 0.41969883939077224 -0.0024397704612156906 0.9999275428625258 0.011787983076358715 0.012888588946829007 -0.22780474868306622 -0.012033826293336209 0.9736324683894777 1.8552491727577962
0.9632438875724805 -0.003461088445825964 0.268606094348257 0.534510982141981 -0.0009353743736908707 0.999867717557194 0.016237994388117846 0.014554634556882988 -0.2686267636127041 -0.01589239609806131 0.963113229904577 2.148553403607198
0.9506347530407837 -0.010261866791567126 0.31014232281493 0.6765039039928328 0.0036392125989832304 0.9997530018375609 0.021924676701046964 0.011041871485931215 -0.31029070634285444 -0.019713685772532786 0.9504372931185489 2.4370642166816396
0.9364161790591122 -0.016574328247470144 0.35049968793064284 0.8233757752803463 0.007621202410053586 0.9996088632486512 0.026907950285454812 0.009638120306645376 -0.3508085758218546 -0.022525810926238093 0.9361762285873091 2.690334997767967
0.9189028880582506 -0.0188249278691653 0.3940343949567438 0.9942180403843593 0.0072348175703768015 0.9994969478069508 0.030878936822910118 0.0152278162132727 -0.3944174688485917 -0.02552397726277452 0.9185768268641223 2.996942511425074
0.8976609641173012 -0.021813481222970055 0.4401465273484869 1.1840030948497589 0.006976062419493465 0.9993524090865498 0.0353000992353911 0.019493439601684103 -0.4406315105086296 -0.028617031464571247 0.8972318192401778 3.2835470918739675
0.8744476341584663 -0.028269961084349392 0.48429551351932915 1.3979683915876646 0.010266754954821563 0.999155463781286 0.03978634110723505 0.021670349085889613 -0.48501126673239153 -0.029818928490020994 0.8739993722230859 3.5687151274287374
0.8470694421422541 -0.0351470657295947 0.5303188135069412 1.6294420050769185 0.014123782744068497 0.9989472231611333 0.04364589441928408 0.023687980287747545 -0.5312945312628474 -0.029480995730478472 0.8466740765731113 3.834120781229828
0.8201116752138446 -0.04178277013054809 0.570675950341487 1.8560354937165093 0.017673906036102124 0.9987042609884301 0.04772244889966379 0.029945703991324107 -0.5719304793621062 -0.029051664389011644 0.8197874892756414 4.063620723227631
0.7890262631988084 -0.04635909373449222 0.6126078602259699 2.111671296871264 0.019388713084295406 0.9985312063745606 0.05059157737311146 0.03457525190934202 -0.6140534453835917 -0.028040405208934045 0.7887661896203837 4.305262263082699
0.7549382503299277 -0.04974041234527446 0.6539068202492692 2.388190719912409 0.019499153186511357 0.9983811177405587 0.05343151470922486 0.0499479310061171 -0.6555059276725091 -0.027586864969314954 0.7546859901093754 4.557293603341353
0.7197854384503197 -0.050572042131400284 0.6923520716727446 2.689651591081099 0.01599700871182664 0.9982864219448524 0.0562877915077355 0.0698256736944288 -0.6940122609199028 -0.029439570567595462 0.7193610313171271 4.812663638852072
0.6847055802051079 -0.05296382602328739 0.7268927717132434 2.993465388648908 0.014858537733316437 0.998163124354583 0.05873330430960642 0.08587275494351537 -0.7286683005952805 -0.029414457528096023 0.6842348262080159 5.041311723199852
0.6519444941353308 -0.054968396529753584 0.7562716786642057 3.3368168608353677 0.014296181256240388 0.9980827465915144 0.0602200145950498 0.10332371136481816 -0.7581319118518338 -0.028448309954847303 0.6514803894919605 5.279950672957217
0.6192516718985378 -0.05854313661244493 0.7830070676605944 3.7199825189638807 0.014973568397316402 0.9979157391855451 0.06276917822640556 0.12463521474495627 -0.7850497812879874 -0.027145508677200874 0.6188375895647739 5.535512573084127
0.5883198351358395 -0.06019626686532732 0.806384635915899 4.136143772805445 0.013931399989351445 0.9978318392467778 0.06432368677034471 0.14647329143942156 -0.8085083102108941 -0.026608833887846656 0.5878828814305224 5.804600777459964
0.5577420916469367 -0.061514074452095266 0.8277317064421312 4.5591594179920305 0.015204915718208385 0.997839794268675 0.06391052739456246 0.1700572319491519 -0.8298750326062971 -0.0230600003935607 0.5574725703014873 6.051963967324814
0.5270694821026196 -0.062311859320100714 0.8475346560608296 5.0663000825467455 0.01759715755780821 0.9978946316897028 0.06242310542386025 0.19763569063889697 -0.8496399832175757 -0.017987112968586037 0.5270563183238517 6.333227030713921
0.49879746863897034 -0.061774176346495194 0.8645143355758006 5.559010661146473 0.019756210141434 0.998008000145564 0.05991430385391995 0.22518429654477448 -0.8664933799171252 -0.012805576213683667 0.4990242877632637 6.589206262007464
0.47612464358760215 -0.06199449532551053 0.8771898348236339 6.070351270224665 0.022802906139348853 0.9980468781601521 0.05815888983100012 0.25672064647063114 -0.8790821072233123 -0.007688403222361296 0.47660836880578533 6.84207461681684
0.4527985059200083 -0.0625281471155625 0.889417643098507 6.657401432527864 0.025647054512663383 0.9980385486939376 0.05710765198923374 0.2900311864264541 -0.8912439293658236 -0.003047316720252831 0.453514026496837 7.11559505953013
0.4370686592022199 -0.0642103317384139 0.8971332233515914 7.2727951240673825 0.028661226638968466 0.9979362081172116 0.05746180136569644 0.3239989340707467 -0.898971368415437 0.0005981861615790528 0.4380069873216553 7.401374152132475
0.4280667004018854 -0.06646008631889226 0.9013001480824955 7.892932961967876 0.03159565360972175 0.9977832711633317 0.05856840837495965 0.35447258490136857 -0.9031946715299074 0.0034059819563463135 0.4292176424692909 7.682053196049144
0.42087028977702007 -0.06806899389295337 0.9045633262814764 8.483293328873529 0.03250760852841119 0.9976718856696762 0.05995051235875049 0.3886331928862563 -0.9065381704985022 0.004173800991207573 0.42210321583057747 7.951631586603805
0.41387231136533986 -0.07032957913731647 0.9076141582101279 9.067328263746218 0.033179475936581125 0.9975141695985683 0.062165937832969254 0.41893708580695277 -0.9097300875873485 0.004385401742908263 0.41517699357005355 8.212251351150282
0.4070122956358473 -0.07239109969913546 0.9105495702517176 9.7386932915331 0.0338027677975151 0.9973654564862304 0.06418347994025216 0.4569606376278618 -0.9127970004828373 0.0046556301789665855 0.408387023566092 8.513607706135526
0.40065985498339274 -0.07373136106784778 0.9132553679008788 10.385499224709855 0.033123547170172754 0.9972708468166145 0.0659824879232217 0.4938301838102164 -0.91562793274755 0.0038137232143167638 0.4020086370809619 8.795849310900723
0.3930731756279034 -0.07473390993187887 0.916465122799602 11.024068427631017 0.03338409207024887 0.9971944118134368 0.06699856300473495 0.5339776132215823 -0.9189009636508393 0.0042600181159365355 0.39446529789984225 9.067593555557574
0.38357087428855635 -0.07610268773960147 0.9203704500451552 11.737794672285519 0.03355797314091083 0.997089253409303 0.06846081488233148 0.5786827341868267 -0.9229015369128967 0.004626192223380454 0.38500824862504684 9.363651291863508
0.37618327516045635 -0.0794372762770632 0.9231337187142685 12.469084001577398 0.033587063564313596 0.9968322939616732 0.07209221092625392 0.6252585700443599 -0.9259363113360872 0.003885466869020686 0.3776597019759066 9.659701943279176
0.3678413594104288 -0.08298960900244128 0.9261778766007694 13.199174632038348 0.03292390223661536 0.9965473839217722 0.07621894948230329 0.6720668755290963 -0.9293055207888318 0.0024569078725145063 0.36930368619214243 9.949433573957323
0.3550892227334283 -0.08832592550110908 0.9306504041706222 13.98107070415501 0.03492072550737478 0.996084898442029 0.08121217904829142 0.7220267981568841 -0.9341799541997294 0.0036614177726238886 0.35678341776389494 10.243483186859926
0.3451570786168198 -0.0908611246103038 0.9341364178294591 14.740127439412722 0.03625415186931552 0.9958507348960406 0.08346825911238913 0.772881976650648 -0.9378444580808374 0.005056663086183605 0.3470190234057691 10.51893586792766
0.33144804923985444 -0.09243349193640187 0.9389346304315005 15.515559674850865 0.03769624681069132 0.9956919832751596 0.08471403318203588 0.8270148139100443 -0.9427200982431014 0.007316010526424999 0.33350456122592204 10.785995320047828
0.31808333655171517 -0.09239998925948502 0.9435492742792903 16.27459000965044 0.03776895198730372 0.9956842063590599 0.08477303505779246 0.8844742003350382 -0.9473101378502761 0.00867197739711164 0.32020040526850513 11.038472117050501
0.30340325355909553 -0.09199185981998231 0.94841128391464 17.06144168161734 0.03858348497244455 0.9956986043513896 0.08423540811366734 0.9386535906016658 -0.9520807635999881 0.011035715634052458 0.30564756266541376 11.284486499726954
0.2850219061442852 -0.09159662810414596 0.9541344615607535 17.869503727570507 0.03697580192233472 0.9957333991171875 0.08454459151673813 0.9939598136911804 -0.9578075501321123 0.011182826229653248 0.28719269020544175 11.53120813853231
0.26330710711706173 -0.09146251126858232 0.9603665843697857 18.690432447676457 0.034380312707468885 0.9957528492904408 0.08540642381053964 1.0532159770953118 -0.9640992487497233 0.010529585101670097 0.2653333118886617 11.763250785848133
0.2424138242998447 -0.09101085574108556 0.9658946950499312 19.487785885372425 0.03102720090638093 0.9958082201969675 0.08604243948228926 1.1111396018198816 -0.9696766732226982 0.009111131950732071 0.24422149103290902 11.970416029021832
0.21468024691359394 -0.09071011309741481 0.9724628871926025 20.29525854262994 0.028683035810451278 0.995833812902656 0.0865580760903005 1.16802629161506 -0.9762631177309807 0.0093108786702489 0.21638769026119115 12.15374210722982
0.1866236118806261 -0.09105649676370779 0.9782026077892811 21.103457404731067 0.02825477824372266 0.9957810891392022 0.08730229103031768 1.2267722971875055 -0.9820250989638846 0.011346228882985879 0.18840904462129043 12.308441948346982
0.15548884455951834 -0.09134216939493012 0.9836055242361004 21.951687502261358 0.027716965371449652 0.9957271556564795 0.08808632878520312 1.2884407290674105 -0.9874487273008881 0.013566118770117506 0.157356192675634 12.446143488393382
0.12355539174583074 -0.09017748711117167 0.9882317977017583 22.805151408609817 0.023814232444914138 0.9958450621701599 0.08789479213451681 1.3553194197413314 -0.9920518875056858 0.012674106265326453 0.12518953441394898 12.561117341391606
0.0946990980191959 -0.08825301874614833 0.9915863479881833 23.61064059736821 0.021305687548625968 0.9960142402219414 0.08661236027951794 1.4171331906369142 -0.9952779252612965 0.012924316511935353 0.09620194140592103 12.64289173732899
0.0669369564183423 -0.08546990257970213 0.9940897040098872 24.44094249211136 0.02430176182794894 0.9961683412610306 0.0840122624460526 1.4792793075552055 -0.9974612113949627 0.018534606072506773 0.06875754606027185 12.698496313168354
0.039842927533625005 -0.0826408474628568 0.9957826225919848 25.292185767919886 0.026649844627527747 0.9963073188308251 0.0816180876121299 1.5417112554878554 -0.9988505027815118 0.023285548624705343 0.041898166050169106 12.73295070626448
0.010122213414055337 -0.0786425298219807 0.9968514900920797 26.140438533562776 0.030869416630665406 0.9964519914820604 0.07829755927433824 1.6022510115550679 -0.9994721706543326 0.029979679361777527 0.012513948732606084 12.73988651087258
-0.017257106914918774 -0.07665052423915053 0.9969086665260719 26.99651613285191 0.03399969744475964 0.9964355290100783 0.07720270137806459 1.6613888343417549 -0.9992728420379452 0.03522688831374703 -0.01458949982483726 12.726853138858427
-0.04081445307510967 -0.07367235194006302 0.9964469704805164 27.804842510984564 0.0398341618145422 0.9963651261890172 0.0752979074535062 1.7139002448925156 -0.9983723854217487 0.04276587277214632 -0.03773142130007889 12.686008647212347
-0.06898620425073143 -0.06581814911521575 0.9954440591364858 28.656779741506337 0.04414203785464433 0.9966426030232227 0.06895652494966736 1.769820053631121 -0.9966405491033944 0.048697978255181976 -0.06584924294737426 12.62877091044463
-0.09460868465745587 -0.0519549966869501 0.9941578723254397 29.512501246242618 0.047200994284907066 0.9972799863461362 0.05661002536624398 1.8225448629764067 -0.9943949230189696 0.052281040088253995 -0.09189902024172047 12.552155515468133
-0.11798660577985798 -0.03506662449928181 0.9923958346863286 30.322755659969847 0.04890707363021008 0.9979582731643772 0.0410777697995336 1.8619913421127898 -0.9918100922079174 0.05338180278897139 -0.11603070337424382 12.459802455288814
-0.14038225149148592 -0.020478395506410417 0.9898855786320278 31.18602935958858 0.04891920614274258 0.9984215356737596 0.027592541985392967 1.8900375772941844 -0.9888881305469013 0.052297919847111 -0.1391588762642187 12.345409458492858
-0.16217747909036795 -0.011261603774344483 0.9866973404019709 31.99408156154492 0.0512335466334157 0.9984900622229309 0.019817147660776566 1.9093208724311017 -0.9854306616780578 0.05376589925293794 -0.1613556292859596 12.216441292223362
-0.18345508262732935 -0.0077688697209008645 0.9829973943614803 32.77858650661716 0.05403545388842767 0.9983772185150592 0.017974962397884056 1.923626920126134 -0.9815418495312727 0.05641430858739127 -0.18273758071435453 12.071056571805373
-0.2050654995071498 -0.009429980519830045 0.9787028233224216 33.552687564075015 0.05437644086592151 0.9982993995499589 0.021012175921281222 1.936607938780616 -0.9772365852702397 0.057527248548731716 -0.20420399624829677 11.913846851527381
-0.22187074676532642 -0.014578927189282293 0.974967090014738 34.31424557834773 0.055643727343205704 0.9980695008191289 0.02758708288330233 1.9506152541967676 -0.9734871069188085 0.060371569605774 -0.22063119962095973 11.740572353488414
-0.2368286457172995 -0.018023663300205797 0.9713842391808457 35.05931645878024 0.05901180682060117 0.9977150004491446 0.03289961298452175 1.9658546615116144 -0.9697575981777496 0.06511470985886429 -0.23522388343133455 11.554127147624559
-0.25099893820026903 -0.018457245769998642 0.9678113778525872 35.79686226779103 0.06096234641413542 0.997532031234351 0.0348344510671979 1.9810689706938194 -0.9660657976256175 0.06774346271084704 -0.2492542836500981 11.361061323452716
-0.2619415370234702 -0.016030011017562424 0.964950604916417 36.56188509766074 0.06238212665868402 0.9974898069256517 0.03350455719699072 1.997906659516638 -0.9630654710118737 0.0689719060647402 -0.26028402701371195 11.150722399374473
-0.2713125777624438 -0.013840876074262518 0.9623917680951946 37.34608518293427 0.06392105596416199 0.9974299974796144 0.032365085080113196 2.0166224861002626 -0.9603663799573183 0.07029815273044805 -0.26973058033964603 10.930138808815942
-0.27848500288864003 -0.013225879859567805 0.9603495089122784 38.10334745248975 0.058333273906758784 0.9978263059164154 0.030657664237826718 2.035777273465162 -0.9586674774505668 0.06455803066343135 -0.2771081528129879 10.723166716829237
-0.28715793523317307 -0.013949281419011913 0.9577816754253101 38.907337492683155 0.058235248317137736 0.99779014825556 0.03199180985172678 2.058083580337255 -0.956111382677804 0.0649633557633913 -0.28571101890178646 10.480728497102081
-0.29453575270085813 -0.012892962565057248 0.9555534845822264 39.67434906389043 0.06046686485182354 0.9976539523319601 0.03209905997705656 2.0734437770325855 -0.9537255625366925 0.06723364420225486 -0.29306516076011896 10.239027168571404
-0.2990956104284854 -0.010787606105378995 0.9541621682800712 40.41506566468931 0.06398408476241013 0.9974588854551139 0.03133382714828559 2.0891338300092115 -0.9520755499011244 0.07042300321029425 -0.29764533911908386 10.000135029709007
-0.3038641427247799 -0.00796426246912266 0.95268208406029 41.19726668483745 0.06636514261282947 0.9973590638676437 0.029505348109051546 2.1086311478554944 -0.9504010998584299 0.07219049968230189 -0.3025331075163613 9.748461536837402
-0.3059564074256245 -0.006351995316917495 0.9520243321001303 41.981678637738305 0.06566071756854301 0.9974558787370291 0.027756803514188067 2.128185630253332 -0.9497785778399033 0.07100297267322739 -0.30476094065345 9.503410221642516
-0.30536864185635004 -0.0068492485030906235 0.9522095779636705 42.76267243264728 0.06864641745944398 0.9972139983150006 0.02918751333351411 2.147738263108095 -0.9497566330069994 0.0742787275035944 -0.3040477079335656 9.249652080976707
-0.3029845692844563 -0.007475150933751867 0.952966144673582 43.57367423301915 0.06867696792180158 0.997198038036856 0.02965715786303913 2.1669622803322617 -0.9505176615153348 0.07443248654964454 -0.30162224734501375 8.996155227842904
-0.29649100383093957 -0.008838556907574277 0.9549947458280144 44.396881518766115 0.06769892288866707 0.9972471787192287 0.030247650755938535 2.186866610075117 -0.9526331615512009 0.07362027199304882 -0.2950764563035035 8.746395330264493
-0.2899284228631682 -0.009249248652773722 0.9570036368872563 45.21085625863166 0.0679661013156208 0.9972295812560134 0.030228650977365736 2.2051147042509567 -0.9546319283828879 0.07380795124724564 -0.2884965643550257 8.504369309085265
-0.2843074232897791 -0.009567014223710951 0.958685433967352 46.0937094461317 0.06637546069514913 0.9973544682288463 0.02963718815039856 2.2293749127922755 -0.9564327405938345 0.07205925993790613 -0.28292026399211534 8.25211963833252
-0.28011643219157717 -0.010953748305384637 0.9599035367235208 46.973677979501794 0.06331188591096021 0.9975470196887486 0.029858811304089208 2.252557365470091 -0.9578759781509604 0.06913724689454975 -0.2787358096355454 8.009795082239872
-0.27881086550307027 -0.012676742853672152 0.9602623607473381 47.92753115322713 0.06039389675997277 0.9977022107533544 0.03070628424305166 2.277207282835018 -0.9584451358901952 0.06655523156365098 -0.27740461899531205 7.741643990763737
-0.2776528508141412 -0.014875033236883068 0.9605663057910068 48.87840739080629 0.05712787308032348 0.997855010598629 0.03196535531678924 2.303941375911095 -0.9589813869685369 0.06375038203345731 -0.27620750938106214 7.477593523316565
-0.27809182667381127 -0.01632455563633965 0.9604157666451021 49.79483562627314 0.05603582985354223 0.9978770617547094 0.03318667498278817 2.3259921843706173 -0.9589186210048526 0.06304663755557789 -0.27658669487719 7.220784228530712
-0.27951900741826397 -0.01706882317724893 0.9599884268923519 50.73404053209999 0.05734811700775527 0.9977600859386092 0.03443841435728503 2.349286662198851 -0.9584259585213525 0.06467972002972072 -0.27791404399436825 6.950882247224251
-0.2787908547947679 -0.01806688285482152 0.96018188226331 51.70640295937566 0.057171554718772825 0.9977375079458666 0.0353734161342964 2.376492795466101 -0.9586485657496396 0.06475687594288264 -0.2771271809192976 6.671834110264964
-0.2782546894030505 -0.01848016012915988 0.9603295327682119 52.6497479626162 0.058695863996686574 0.9976191689682605 0.036204823667009334 2.402244155221951 -0.958712221354716 0.06644153361172044 -0.27650750303821453 6.397222365911391
-0.2782346449438627 -0.01889614255591752 0.9603272453437263 53.61389991347991 0.059111210255561625 0.9975745156175553 0.03675528006318735 2.4293641233241257 -0.9586925196198653 0.06699269801185047 -0.27644281730225423 6.118806099630303
-0.27612101251529014 -0.020275105636609444 0.9609090001342248 54.58935337935584 0.058202266182839996 0.9975899168113143 0.03777372218325134 2.4535115531359657 -0.9593589957146976 0.06635719981900941 -0.27427548080983705 5.84456193788395
-0.2763191864473229 -0.020899669846305473 0.9608386498270173 55.57882561137234 0.05914782944818859 0.9974985270242649 0.03870688383208487 2.4788860222140303 -0.9592440990033028 0.06752697523758892 -0.27439181136215507 5.565395261505487
-0.27473486878564 -0.02155242976984969 0.9612784428272347 56.596684939168625 0.0592988389767481 0.9974659170511212 0.03931147437295891 2.5087012087370826 -0.9596897413067138 0.06780292834665626 -0.2727606337767078 5.278308059968082
-0.2719447414959734 -0.022804078824946707 0.9620426350020221 57.552075853201096 0.0606042277833179 0.9973288282196855 0.040771754643834965 2.5377675505592134 -0.9604026161706747 0.06939151526588086 -0.26983630678918863 5.009371674239704
-0.26951299165594356 -0.025759455235837874 0.9626521686438028 58.57360719844772 0.06287204191639811 0.9970387280548805 0.04428183717924582 2.5666097583303222 -0.9609421697864686 0.07245843791208463 -0.2670953408455763 4.721695071341559
-0.2663994602296251 -0.028000412777233336 0.9634559172446184 59.54694663693696 0.06484059804580743 0.9967929967289486 0.04689795856094477 2.5934100323988445 -0.9616792731646173 0.07496464871142003 -0.2637295527792571 4.450225499666419
-0.2637763319427514 -0.029323845372265192 0.9641380392866009 60.527596845691434 0.06619111219135901 0.9966313886247263 0.04842119241428215 2.621101780107373 -0.9623101284792229 0.07658973364970982 -0.26094679405152343 4.183945372910555
-0.2619762645931964 -0.02956620024288716 0.9646213125330548 61.517746250480414 0.06650897359333648 0.9966010742476548 0.04860920941531206 2.6512075207329837 -0.9627798259318466 0.0768904325102824 -0.2591194090897579 3.9205780966534207
-0.25882844337564775 -0.029990194751555482 0.9654576247140539 62.50694236980931 0.066128063336914 0.9966226498199977 0.04868647764087462 2.6825933306623084 -0.9636570531776584 0.07644528817742836 -0.255971095587806 3.6591478682297214
-0.2573631547373904 -0.02936072807622806 0.9658686009134224 63.488685284812455 0.06476256961752366 0.9967668693467981 0.047556469056464934 2.7130452012643693 -0.9641421140890764 0.0747914154125786 -0.2546295898367463 3.4031878671648887
-0.25733176798057467 -0.027541583710494262 0.9659305473763162 64.44606387387675 0.06340648642721491 0.9969583094076809 0.04531828308678802 2.743468330739612 -0.9642406228047786 0.07290809605041598 -0.25480272930907977 3.156298671908008
-0.25929380889303155 -0.027114939640342343 0.965417785581996 65.40195951105488 0.0613940920437062 0.9971213494030438 0.044494719088696344 2.774177680812403 -0.9638451567196221 0.07080815357678563 -0.2568826955152358 2.907923869442095
-0.2613584259880647 -0.02949267257344916 0.9647911460153005 66.37848404911169 0.06046788138665499 0.997069597904772 0.04685992162419597 2.8053748759035697 -0.9633459443448398 0.07058611193777205 -0.2588091812819969 2.6484864598939257
-0.26394610408467273 -0.03321328065412883 0.9639654206073542 67.37211734790516 0.06298466876827621 0.9966803733295586 0.05158648000980713 2.8349599106615497 -0.9624787715262471 0.0743310931430567 -0.260977974077286 2.3757574219803903
-0.26739429553725624 -0.034679151015799506 0.9629629521424787 68.35266467718549 0.06198514705775826 0.9966632964721178 0.053104755056015196 2.871409703654406 -0.9615914580830898 0.0738893087676063 -0.2643524877724489 2.1075689710900463
-0.2702566117572728 -0.03264604002808242 0.9622346906404715 69.33139472508398 0.06385688191754504 0.9966165187511614 0.051747591094513226 2.9035902171882126 -0.9606683415379356 0.07543043565299802 -0.26725752925586865 1.8300997933444552
-0.2737952206917323 -0.03082103044296523 0.9612940451333295 70.30157359752242 0.06433598500008722 0.9966608716349044 0.05027910088716593 2.9352682811959556 -0.9596338146191153 0.07561197679195451 -0.270898081951827 1.5591181936004412
-0.27725070925871875 -0.02922043770393972 0.9603531695350039 71.26993520885897 0.06440866207918794 0.9967237317825568 0.048921638879162434 2.9679109362950453 -0.9586363066693785 0.07541862185060384 -0.2744603122738317 1.2854410623293253
-0.2795118515735237 -0.028467872214603836 0.9597201180977264 72.20621032014522 0.06407490341254644 0.996779021366607 0.048228511443984115 3.0011318851628666 -0.9580018432041839 0.07497441440253234 -0.27678747370931384 1.0180223734062732
-0.2816530024940248 -0.029264643312586786 0.9590699488764561 73.12954281958642 0.06480074442479011 0.9966726271378265 0.049442267708677476 3.0308289747248787 -0.9573256758846981 0.07607400979290212 -0.27881946726499496 0.7511247494715052
-0.2832171131320436 -0.03629954156271263 0.9583686191187024 74.13515275213587 0.06559839726361333 0.9962099829084128 0.05711847538288667 3.0718103631935256 -0.9568097601433614 0.07904437510637402 -0.27976252368472526 0.45763825746491577
-0.2832766212460186 -0.04531386025904553 0.9579671236132603 75.09904146864066 0.06692730856389559 0.9955137904329007 0.06688070294421158 3.1159067186395375 -0.9567001051655806 0.08305990083272707 -0.2789730482498708 0.17846916536724744
-0.2833794041465699 -0.04830009394257709 0.9577907987815886 76.03392783192211 0.0679137533272584 0.9952127122274491 0.07028071947475291 3.1579430432008744 -0.9566001439549021 0.08496327645531827 -0.2787425447244066 -0.09311190535304908
-0.28354217855001057 -0.04422559324229865 0.9579394186927902 76.96660153931826 0.06582466441398682 0.9956822766742723 0.06545164223702835 3.205174082297579 -0.9566979390266815 0.08161434199394543 -0.27940678703817384 -0.36312752922861136
-0.2822400924119733 -0.03877541051353521 0.9585598561252122 77.87370795887723 0.0659392569838864 0.9960357075093718 0.0597066474918686 3.2504772035477068 -0.9570749942526415 0.08005833439319165 -0.2785643883745626 -0.6278305098536676
-0.28176371852911375 -0.036278606606746186 0.9587977209105785 78.81039890120289 0.07118286465377112 0.9957407371652046 0.05859508622212166 3.292346337913511 -0.9568396974939581 0.08475993777940095 -0.2779811976506734 -0.9109088607991616
-0.28017494430742657 -0.03672176406834512 0.9592463253127632 79.74406873097014 0.0740721595031111 0.9954617453644474 0.05974302220773775 3.333304159799251 -0.957086890396518 0.08779194473115046 -0.2761833787023515 -1.1841206556169566
-0.2779890366545 -0.038789167581297634 0.9598007584797237 80.66875652264304 0.07531601004391865 0.9952282028202364 0.06203485264161233 3.3789218732723767 -0.957627064222272 0.08953337249066529 -0.27374108401823866 -1.4459379040935705
-0.27507552247542577 -0.04327016232486306 0.960448410893189 81.59611546813781 0.07490662138403859 0.994985431837252 0.06627962359930914 3.4282147237035963 -0.9585001069419348 0.09017584756473213 -0.2704549158515748 -1.7037963202829527
-0.27199137755632224 -0.04902437054364937 0.9610501035990857 82.5209037593279 0.07399482319585732 0.9946791115376006 0.07168145653503112 3.4782511781266825 -0.9594506014773394 0.09060947060638146 -0.2669165921429452 -1.955326175551258
-0.270153080899744 -0.05249385191854654 0.9613853069353256 83.45468072696671 0.06864605818219179 0.9949213928160429 0.07361481381510507 3.5320249263783556 -0.9603671337443945 0.08588258046739833 -0.26517758350931053 -2.198394169184189
-0.2678614006881287 -0.05391694924577634 0.9619476246685275 84.37701420910207 0.06471909946634517 0.9951707934224183 0.07380061031766455 3.5885097639527253 -0.9612812846329939 0.0820247188536653 -0.263078386248886 -2.4376264122439615
-0.2662637492910953 -0.05456132407377595 0.9623547566925439 85.27744217676013 0.06681510295787212 0.9949504374773347 0.07489572070812422 3.6375978625806797 -0.9615816958689354 0.08424184755201417 -0.26127371335602345 -2.6796221180902013
-0.2651854500255954 -0.053531460903819716 0.962710267831514 86.21766323369282 0.06970888198357618 0.9947803570463183 0.0745165284175234 3.6899257087823636 -0.9616742425932612 0.08687015556739003 -0.2600696583693975 -2.9327326370465587
-0.26058436593917983 -0.05134106698326652 0.9640849978446377 87.15788689370501 0.07126939367016316 0.9948375368396021 0.07224229246639813 3.7433545688726846 -0.9628169409363145 0.08753496521923704 -0.25558006203556644 -3.1806982373680404
-0.2532383809136503 -0.05133917676370935 0.9660406882535836 88.08475356639593 0.07563746199639715 0.9944831972968706 0.07267836429734129 3.794217352469096 -0.9644424797648518 0.09147381714686495 -0.24795814969789848 -3.418102905056582
-0.24335213002323203 -0.05135223352551765 0.9685776628258036 89.01829700542623 0.08016440376675242 0.9941161601379078 0.07284729590988315 3.8461400578910796 -0.9666195783150042 0.09537299546832786 -0.2378036638774122 -3.6546860682910016
-0.2329153694461819 -0.05196210655009714 0.971107805631602 89.96674926645575 0.07941556419637169 0.9942201217483733 0.07224622947962359 3.900265082547673 -0.9692489870199097 0.09394833151007428 -0.22744254695934224 -3.8716129894718687
-0.22158362739498916 -0.053928642108048076 0.973649011518453 90.89528876771612 0.08011418096906343 0.9940874388913405 0.07329312277500158 3.955580438354607 -0.9718448508265786 0.09424364911673022 -0.21595305166407774 -4.072399169919482
-0.2095558210193763 -0.057551734560442824 0.9761015089251628 91.79884493864827 0.08367104777720566 0.9935493172895303 0.07654351623340061 4.006413477026675 -0.9742101999264634 0.09771157537668004 -0.20338862897578036 -4.261457531605839
-0.19740596709097585 -0.05924267799922135 0.9785301166854077 92.65027972382363 0.08537716821592857 0.9933406715669593 0.0773631007543775 4.059312530976369 -0.9765969605237905 0.09881606809817672 -0.1910334038363733 -4.425807133532037
-0.18514327814320103 -0.05997093828200341 0.9808799381779434 93.56951910041325 0.08768702908583113 0.9931465233856491 0.0772720390380601 4.117453521097564 -0.9787915771442306 0.1003168462850334 -0.17861572960670374 -4.594437739178729
-0.17039328738790321 -0.06044192650629757 0.9835206663478665 94.4866678629295 0.09326504799652516 0.992646887778313 0.07716078671343204 4.171810572317062 -0.9809524751155633 0.10487578225804667 -0.16350324724730542 -4.754948112080508
-0.15734485132743709 -0.05832085476875251 0.9858201030917298 95.3816545017394 0.09531424095859262 0.9926973246629414 0.07394063211473309 4.220914016486673 -0.9829332598051782 0.10559687261505915 -0.15063700495789506 -4.891953990932087
-0.14503765995055468 -0.050939811500871714 0.9881139675160567 96.29842025373398 0.0991646624925952 0.9928969525503999 0.06574200581712179 4.268554422626674 -0.9844442325031911 0.10752105477712005 -0.13895602135502666 -5.022919842347817
-0.12982561667769554 -0.04767162625601601 0.9903901884128109 97.25927935512051 0.09866297697808085 0.9932652568630146 0.06074328343671001 4.316127669729846 -0.986615895994018 0.10560087858988923 -0.12424784993296545 -5.1425270981666795
-0.11590032591584681 -0.05126643917099724 0.9919369267586157 98.21306731467783 0.09718884663048397 0.9932894973037827 0.06269212579451237 4.363946228852375 -0.9884945333906693 0.10367124365379794 -0.11014005037241498 -5.247218002206704
-0.10182974566030806 -0.05584126718624961 0.9932333340045486 99.1992494977282 0.09822718419226491 0.9929798213317709 0.06589760779864104 4.409375787154174 -0.9899404644646143 0.10427285028692049 -0.09562975221459918 -5.34387252517623
-0.08966539370129617 -0.05555828056871141 0.9944211354514948 100.12200629415126 0.09858291938291892 0.9930447388534498 0.06437044851036111 4.45279714630566 -0.9910809882034529 0.10380474023729594 -0.08356464997793661 -5.420078481604888
-0.0835797068997211 -0.05020895731654034 0.9952353958736307 101.07317280928434 0.09723307420298033 0.9935532390488044 0.05828971141348131 4.495790036738691 -0.991746016818618 0.10164163409162134 -0.07815891723655427 -5.490870795124872
-0.07932246589277708 -0.043953439345635864 0.9958795316575088 102.00994041544787 0.09551557249513254 0.9940957289891728 0.05148258944937109 4.537202220381269 -0.9922624258811862 0.09920572954812099 -0.07465588663467043 -5.55341469840813
-0.07637823750309636 -0.042676037667994424 0.9961652075057033 102.95571007062455 0.09280411999314041 0.9944423274298226 0.04971773052198424 4.572481394029739 -0.992750603197107 0.09624558808027392 -0.07199324014699449 -5.613378241302522
-0.07346982974949956 -0.04424567690790143 0.9963154641937169 103.9396628266358 0.09229796312678787 0.9944261422396649 0.05096796673386211 4.610216601648751 -0.9930172557006378 0.0957024958154152 -0.06897653351303457 -5.6760964139754
-0.07163013162474263 -0.045708333800534316 0.9963833963212158 104.95573378214588 0.08921968982795953 0.9946513882250918 0.052042894317094586 4.6493144987584225 -0.9934329223407209 0.09262485693957381 -0.06716892649505979 -5.73892826991444
-0.06715898890907879 -0.04942164461099981 0.9965175217991175 105.92646535444013 0.08854240725913971 0.9945366715896479 0.05529060480897076 4.687041511535519 -0.9938057719320547 0.09194732137114801 -0.062416165912397736 -5.796463242326775
-0.06188328347843974 -0.05474388032046128 0.9965809384056 106.88377795929065 0.08832130694690883 0.9942771912022984 0.060101695434142066 4.725651785735718 -0.9941678962655741 0.09173862121444529 -0.056694086222070394 -5.848560936123802
-0.05809740337260971 -0.05831878848934157 0.9966060458528715 107.83726291465396 0.08554301583227696 0.9943297482380339 0.06317233738913713 4.7683334507442545 -0.9946391728479625 0.0889228355262224 -0.052779211421707495 -5.893652276118405
-0.056040805838774965 -0.058142696440639234 0.9967340943960694 108.78630931257142 0.08090989873253861 0.9947551387857634 0.06257637051161925 4.814081191015526 -0.9951447213184781 0.08415248487079142 -0.05104255990876766 -5.933595574938239
-0.052909070483610765 -0.057168420151440816 0.9969615850161674 109.78929459605148 0.07743039446277321 0.9951193475552655 0.06117203719447498 4.861856897017956 -0.9955928707428051 0.08043168441958198 -0.04822426637626659 -5.977187409564024
-0.04882731437034865 -0.056403609813974624 0.9972133804614395 110.6851442338412 0.07825923075090024 0.995118806281174 0.060117004148647735 4.89891053202986 -0.9957366048175874 0.08097650390998667 -0.04417487567452133 -6.018180293175745
-0.045585675169641016 -0.05472014935134198 0.9974606014646868 111.61826803203753 0.0787064709050784 0.9951979006469964 0.05819304069628291 4.939066827199151 -0.995855028433856 0.08115937285845683 -0.0410599383855596 -6.059540226102341
-0.04199056909302279 -0.056930885541639296 0.9974946949125539 112.58164912646536 0.07717162000938363 0.9952078478508725 0.060048985346648674 4.984562536563042 -0.996133190478247 0.07949977262533205 -0.037395895231283505 -6.0957791623938995
-0.03812555164253312 -0.06237706260555268 0.9973241922126707 113.555338635068 0.07682703567124904 0.9949127437311256 0.06516317174119773 5.030658842976194 -0.9963152357070134 0.07910584316033276 -0.03313935237707083 -6.128735881557921
-0.03208508076032246 -0.06714792749336643 0.9972270069677964 114.47676396744093 0.07614843716264078 0.9946765384554079 0.06942621525083492 5.076111318159628 -0.9965801338127764 0.07816482380018214 -0.026801067329409567 -6.148860730572882
-0.027626178679738933 -0.06584217957848401 0.9974475433023582 115.36081558941964 0.07497411716801294 0.9948813545915176 0.0677493324027916 5.121322009224969 -0.9968027267250186 0.07665440414289021 -0.022548310780771352 -6.164329214074324
-0.023778522059533347 -0.06462926845455809 0.9976260018402152 116.28486009439804 0.07736442922110719 0.9947966554754081 0.06628996414416444 5.167455020795513 -0.9967192819344657 0.07875704358323116 -0.018654787752007462 -6.18161016532433
-0.018971335966644187 -0.06428938629510071 0.997750952503399 117.20617501749432 0.07825446966638157 0.9947737338387488 0.0655854895670356 5.215978271127409 -0.9967528913371027 0.07932271600439363 -0.013841254885747667 -6.191416009340875
-0.014435844693166888 -0.06646495338000927 0.9976843270093944 118.1553727564949 0.07968167263625636 0.9945385605911341 0.06740832695745733 5.2611703454870185 -0.9967158258169092 0.08047025207807038 -0.009060965545049482 -6.197395821346145
-0.006835126111239653 -0.06882411447323503 0.9976053940902782 119.10457586637192 0.08237442800641204 0.9941992979773122 0.06915352132781517 5.306097304001843 -0.9965780123310269 0.08264984675360983 -0.0011261305186003323 -6.200418351808888
0.0013092652418556505 -0.07015961362197465 0.997534918908076 119.98504806492407 0.08529541672400162 0.9939082885494512 0.06979259157374608 5.34811815641608 -0.9963548452787316 0.08499377959072098 0.00728558305687127 -6.199826224834313
0.006936856132608971 -0.07088138826651688 0.9974606302127453 120.86912202122657 0.08793839719673088 0.9936633441471487 0.06999997711982027 5.395616549691237 -0.9961017610291962 0.08722950931718378 0.0131260953378326 -6.192225728495768
0.014328870624007839 -0.07173834214803329 0.9973205571592777 121.77321403602714 0.08619272358944066 0.9937988835259153 0.0702466618628848 5.442319895221282 -0.9961754352858109 0.08495521978369487 0.020423338723856432 -6.175965176870976
0.02036064925562353 -0.07429014600056687 0.9970287950551397 122.67601647865796 0.08497515727964851 0.9937556783869586 0.07231095573268767 5.490830176320074 -0.9961750180601743 0.08325038066513676 0.026546327654147328 -6.153466338687305
0.023908895734972346 -0.07570466988597084 0.9968436024082165 123.57563243541273 0.08545656553069882 0.9936337167048933 0.07341125550565977 5.5396305773241945 -0.9960549884983417 0.08343164857939739 0.030226146014540767 -6.131069800332267
0.028604760171453414 -0.07693147848124192 0.996625965603056 124.47738099124007 0.08509529048182894 0.9936019754159164 0.07425567983259981 5.591737786978488 -0.9959621274091435 0.08268411013174556 0.03496825272121251 -6.099393940057844
0.03173300262102252 -0.07736091001865855 0.996498021144919 125.39854960783799 0.08549794010951658 0.9935558739591395 0.07440986196950203 5.6419364792229425 -0.9958328769335163 0.08283727978619193 0.038142709604070624 -6.065359572936835
0.03692319462447674 -0.08035248675938836 0.9960824040059665 126.32529687335945 0.0860744274658759 0.9933134768941079 0.07693847903981628 5.694875018536396 -0.9956042741145424 0.08289640819794848 0.043592601123750574 -6.025882359765944
0.04166180771008238 -0.0823575488043319 0.9957316545803243 127.23155433983344 0.08718993520328795 0.9930946673803175 0.07849138054604002 5.751016164846046 -0.9953201540095402 0.08354768563951315 0.04855486841405837 -5.985513890421703
0.047063774843488615 -0.08478458940264559 0.995287181921533 128.14851265649955 0.08613423627726556 0.9930244758401692 0.08051884079698227 5.806762843518582 -0.9951712889942184 0.08193878069743521 0.054038336201293447 -5.935933979865815
0.051681358769874286 -0.08483569839980293 0.9950537379622858 129.07859783383805 0.08375494265837544 0.9932431726977362 0.08033124840077772 5.864195102265521 -0.9951452892598106 0.0791890406960009 0.058437565808778624 -5.877892862989288
0.05536693937659409 -0.08386751914692175 0.994937556460811 129.96362897249264 0.0823662501156727 0.9934534102974897 0.07915884290570527 5.919914273113891 -0.9950629642720863 0.07756649276864586 0.06191232780004807 -5.817551731268875
