1.0 0.0 0.0 0.0 0.0 1.0 0.0 0.0 0.0 0.0 1.0 0.0
0.9998591480999364 0.00020801595586655147 0.016782153921100218 0.018674444407224655 -0.00020261813748095696 0.9999999271985504 -0.00032334004424547656 -0.0026809778064489365 -0.01678221995922346 0.00031989413241546584 0.9998591174565465 0.14083708822727203
0.9992915935862886 0.0027494529053225907 0.03753333846725142 0.036252643585152254 -0.002739537025668223 0.9999961976544104 -0.00031561623259701295 -0.0018797411943125323 -0.03753406352449512 0.0002125686776055971 0.9992953261623395 0.2956162336850449
0.9978468703241726 0.002687153667919231 0.06553169148907406 0.07340768600395281 -0.002713374366647909 0.9999962703937852 0.0003111238764016689 -0.0046473743941801305 -0.06553061104400457 -0.0004882659982400625 0.9978504400021653 0.47425742546223015
0.9954973248046775 0.0019515722597482556 0.09476955034421962 0.12118903768842204 -0.0022108344296019444 0.9999940955535093 0.002630792512520794 -0.009059772167512385 -0.09476385660079208 -0.002828466693109522 0.9954957615471351 0.6810569341147564
0.9919136482378795 -0.0009277113447088837 0.12691120435596454 0.18468566223875357 0.0004072546455853913 0.9999914016406816 0.00412683757361533 -0.011066834270556733 -0.12691394164186276 -0.004041781335779137 0.9919054972226738 0.908723586558183
0.986791282661312 -0.003291877986775031 0.16196335388896763 0.25817972773523046 0.0025676055115476755 0.9999857480115268 0.004680937487743425 -0.016269576443689548 -0.16197645466418828 -0.0042032503074736945 0.9867856711673882 1.1447027959546718
0.9798034962907729 -0.0038112462518893643 0.19992644411979296 0.3338297929580744 0.0027272065307026435 0.9999800512799017 0.005697313997305342 -0.018367552363201298 -0.19994416970973702 -0.005037007469962477 0.9797943445207424 1.3683396460968773
0.9710819536911743 -0.0041708784588497735 0.2387099557794225 0.4229590277058236 0.002250914415215333 0.9999628954142015 0.00831511750623144 -0.02251183468152932 -0.23873577988987682 -0.007537344872603594 0.9710553103879531 1.6130578215854414
0.9608528022554109 -0.008352394918391163 0.2769334394706636 0.5339108994868788 0.0049772104035849625 0.9999045536032793 0.012888407970937429 -0.028288288819521945 -0.27701465624497723 -0.011005506919452249 0.9608026639445393 1.878764671805445
0.9485571988497268 -0.015389116500563847 0.3162315853985687 0.6564353240872816 0.01009435982802011 0.9997802132301707 0.01837468729249838 -0.03666866117417472 -0.3164448520833016 -0.014237286495913508 0.9485040618063851 2.119348682551024
0.934533187816781 -0.019955435423251573 0.3553160585536117 0.7845595633172325 0.012971318168899267 0.9996732098109626 0.022027675574334285 -0.04200949509430692 -0.35563951660911697 -0.015976676228658324 0.9344866398417465 2.349403537023866
0.9156098972266735 -0.021982001222395662 0.40146644657158986 0.9426582418765617 0.012644263016126912 0.9995847197834108 0.025894219206212557 -0.04232154585066969 -0.40186893225694825 -0.018632756043564187 0.9155076087553188 2.6271998013985574
0.8938917403597797 -0.025906952435632718 0.4475336706126839 1.1250621374634384 0.013324236024010044 0.9994230532178977 0.031241405714084007 -0.038906597008463245 -0.4480848371133985 -0.02196339026911355 0.8937212027455463 2.9104737753583576
0.8693508033350279 -0.032939673809394276 0.4930965003222721 1.3353939581305596 0.016711858137459224 0.9991650285674958 0.037282160416330735 -0.036909299956524234 -0.4939128410340586 -0.024170717346539073 0.8691754034052153 3.192920673666768
0.8426613612904413 -0.0397334699069146 0.5369758668295035 1.5436111654649174 0.020882481036706688 0.9989349062315875 0.04114577861507781 -0.037492110621438896 -0.5380388017363542 -0.02345856946290035 0.8425935813575026 3.429518415691223
0.8147147823024358 -0.04617802782903861 0.5780202533161926 1.7639619626656924 0.024500371819308375 0.9986751586801186 0.045251068671975175 -0.033711468843015686 -0.579344073309299 -0.022705003436703296 0.8147667933466171 3.6587808149516015
0.7806562905845271 -0.05128645657339578 0.6228526754722594 2.0293956953849626 0.026649400936173396 0.9984523719263826 0.048812605178618323 -0.026518131253824705 -0.6243921567416983 -0.02150721661967872 0.7808148783371925 3.9193551755525946
0.7455590283553001 -0.055820002731689536 0.6640977808522892 2.293899722850475 0.02779020598214843 0.998223340289363 0.05270547744795044 -0.018429918193132572 -0.6658599249762451 -0.02083963043292333 0.7457856730415573 4.150427021650151
0.707828586882905 -0.05733387311495301 0.7040536333156647 2.5869734054026883 0.02500254637182062 0.9981096082423706 0.05614341109325822 -0.0031020520481774092 -0.7059416153381771 -0.02213677772170327 0.7079240063776796 4.401079779694786
0.6712683851479719 -0.06069790450143059 0.7387249281633654 2.889635640252933 0.024043933358922364 0.9979000375006166 0.06014486199917646 0.009272699334695246 -0.7408243006067403 -0.02261149144580013 0.6713181630829981 4.628437932302372
0.6360079583919598 -0.06250091250962211 0.7691472634012004 3.195218906235745 0.022893786230042266 0.9978041716758566 0.0621507002238174 0.02280692699117786 -0.7713428235318873 -0.02191964693425173 0.63604227663272 4.8313606159051234
0.6014565982805511 -0.06609559382664457 0.7961666489256449 3.5574162197623878 0.022935512699122983 0.99758955620766 0.0654907596736557 0.03843786006598045 -0.7985761846198622 -0.02112935924507373 0.6015227572884309 5.065551847169906
0.5684994638329905 -0.066847002794514 0.8199633149348772 3.934291774395193 0.020464941519442184 0.9975340300174294 0.06713453005564464 0.05867426137568281 -0.8224290521316767 -0.021385443053083545 0.5684655812230105 5.296839006360359
0.5367017823062834 -0.06760303996482309 0.8410594663023382 4.3413692903772105 0.020350357206613316 0.9975323702299149 0.0671939975373673 0.08231174679185208 -0.8435265614257933 -0.0189472776673329 0.5367531470221436 5.527630467682648
0.5044189580947234 -0.06840485554086495 0.8607451948475039 4.848093914320889 0.02211503605022551 0.9975534807278663 0.06631725467942674 0.11119935515148521 -0.8631757873661258 -0.014416269494987925 0.5046976632388116 5.7960520451578486
0.4746097809546313 -0.06749839710146524 0.87760442239709 5.3364397907165895 0.023851938428844956 0.9976754415579203 0.06383414717371472 0.14052920702814276 -0.8798730822427652 -0.009363743959645003 0.4751164903933294 6.038143584029377
0.4491182015074412 -0.06656225854680771 0.8909895099336855 5.847589307802293 0.02487838771665657 0.9977661157417046 0.06199874274798723 0.16905331741836588 -0.8931259188375069 -0.0056783813590944796 0.4497708851024036 6.279746352938612
0.42732323699097174 -0.0666660076353735 0.9016376736547329 6.4119491158779365 0.025000724498848846 0.997767645474981 0.061924869138705464 0.20254793435999474 -0.9037531825128424 -0.003920340453768982 0.4280359985195592 6.5398296051177764
0.41124292952503555 -0.06861193454788815 0.9089398524397878 6.992233106266116 0.02720227782499598 0.9976427228840029 0.06300026633058456 0.23593397823564435 -0.9111197994757871 -0.001183179694369093 0.4121399168838326 6.792383856412032
0.40025262925934446 -0.07026965448929554 0.9137067409343859 7.598000133331151 0.028830891591390396 0.9975277923681956 0.0640865285616216 0.2719229725503896 -0.9159512063756602 0.000692178437308788 0.4012890584453851 7.0518355545162414
0.392760118382494 -0.07209751274831325 0.9168104700883801 8.223375563050825 0.02814935788591539 0.9973975536153863 0.06637570107090088 0.3123282492402344 -0.91921004294926 -0.00026210217425592236 0.3937674799214255 7.324410850116003
0.3849486549056314 -0.07321851754895958 0.9200291200686411 8.824404992997298 0.026730774405977886 0.9973145498028742 0.06818470833806559 0.3526394213820816 -0.9225508109508126 -0.0016545209043859477 0.38587208213937313 7.580085173284454
0.3755307335210755 -0.07457116529213853 0.9238050711530521 9.470380188989367 0.02674294398577915 0.9972146528174051 0.06962579373505105 0.39501313199271343 -0.9264240298740618 -0.001441358121686026 0.3764790025468467 7.844914200929998
0.3653673780472655 -0.07567889826873736 0.9277819697621292 10.151740897797275 0.025483834056230656 0.9971293345444647 0.07129982042549056 0.43899723834737575 -0.9305145099678247 -0.002407186686321436 0.3662471190215646 8.117043817561
0.35503432459418627 -0.0775598808613952 0.9316303415200237 10.82302194128579 0.02473572888647635 0.9969829478865391 0.0735740806257267 0.48135013174341745 -0.9345259611569946 -0.003076768472338419 0.3558816677202732 8.37486107500468
0.34430192842504004 -0.0787385196808904 0.935551402971136 11.568587467643697 0.023511275013078002 0.99688762720279 0.07524811411092583 0.529116191787411 -0.9385645433480099 -0.00391206447461389 0.34508157545932305 8.648001418764766
0.3350417768348257 -0.08233109800767396 0.93859927449163 12.291964390859784 0.023115674785599016 0.9965933384986708 0.07916680642340367 0.5802454840776338 -0.9419196745766434 -0.004827831907288152 0.33580354179863214 8.905601036379817
0.32553807461172524 -0.08595713979742568 0.9416136851681464 13.011410070042928 0.020935606103741747 0.9962703258887733 0.08370865039257713 0.6336810306840068 -0.9452971291478464 -0.0075370996625725925 0.3261234885032305 9.156354728484693
0.3128720452613912 -0.09055937429984126 0.9454681819185538 13.783730556273015 0.021540279403304295 0.9958646830890256 0.08825842361623391 0.6885344826893223 -0.9495509989764541 -0.0072479447028975935 0.3135288944266575 9.412374593873402
0.3011451165062556 -0.0928410516849523 0.9490480271969728 14.550704887817657 0.021237909581866714 0.9956552955883625 0.09066136753569926 0.7436717858804781 -0.9533417907555644 -0.0071464318986963135 0.30180847985119813 9.650300534417728
0.2860931118229284 -0.09424998128515416 0.95355528019891 15.317297658598122 0.020484841363718455 0.9955249323395101 0.09225226482161375 0.7986412529899727 -0.9579828300349527 -0.006859308869117571 0.28674352170548045 9.873055017454325
0.2710467114810584 -0.09313445389299725 0.9580499223387877 16.09629538283601 0.018834682478428996 0.9956306928783293 0.09145916102039653 0.8583597389849874 -0.962381907005343 -0.00674513874366045 0.2716165830211553 10.091282308145054
0.25598546949924866 -0.09262539904725414 0.9622328069945372 16.845894502556106 0.018235302714954264 0.9956844439449428 0.09099429554067603 0.9146359140491244 -0.9665086203134161 -0.005746610947927791 0.25656980204706464 10.28836211681714
0.23601497441630082 -0.09174459921678876 0.9674088382715056 17.634358159040655 0.015515029185503904 0.9957621003002073 0.09064835064739601 0.9739764371049128 -0.9716255532460261 -0.006384991798828198 0.23643818676153616 10.48279039654234
0.2119701518007675 -0.0903016233150836 0.9730952017003376 18.432331692964965 0.011884315073463415 0.9958864004012268 0.08982783839724856 1.0308617803110678 -0.9772038772952114 -0.007476250567517349 0.21217136441248963 10.661530329688054
0.1842181183188784 -0.08994997849645715 0.9787607911290372 19.221622363887544 0.007431749460980033 0.9959025907880112 0.09012657078617979 1.0895656688473354 -0.982857290751308 -0.009329042298861626 0.1841317870080696 10.816724638232541
0.1512475538291312 -0.09030385112472976 0.9843624291554136 20.04499604959332 0.003306346282679909 0.9958590525348502 0.09085051215402977 1.1509427511853108 -0.9884903871737767 -0.010486274668972992 0.1509198214569703 10.948592895285676
0.11721468141951363 -0.09168282908848266 0.9888655001111395 20.867196296624055 0.0015123008616833647 0.9957447857843732 0.09214138336999646 1.2138594703798684 -0.9931054482812114 -0.009304860749360377 0.11685455986228921 11.047264247600713
0.08004722511206641 -0.09130677424797655 0.992600380177384 21.699247097742454 -0.00042589504407067325 0.9957925932174188 0.09163476363662312 1.280366930269478 -0.9967909812820688 -0.007757852135571987 0.07967154677156085 11.11697866717671
0.04462869112518553 -0.09010804917411286 0.99493156518551 22.534035109168247 -0.002197828377440404 0.9959125941179896 0.09029548398231224 1.3475196453731793 -0.9990012259646512 -0.006216458092221662 0.044248233523063396 11.156135775771771
0.011927252760640827 -0.087761392580536 0.9960701173180074 23.371828910386967 -0.005216423140828118 0.99612195889463 0.08782842328962387 1.4139774756678658 -0.9999152611952674 -0.006243475014008917 0.011423197825032483 11.173058996724404
-0.023281759284325798 -0.08429511447836154 0.9961688076624899 24.194514113407468 -0.00419425183142591 0.9964383657972049 0.08421989918641865 1.474923387723684 -0.9997201448086368 -0.002217395426139371 -0.023552393112438674 11.152331208745606
-0.055476714757249745 -0.08048830119645957 0.9952105141578091 25.006763232693192 -0.000517923907129722 0.9967477066563402 0.08058375165101722 1.5308073522369905 -0.9984598469015011 0.003955078486503338 -0.0553379750225505 11.099367835760505
-0.0897591849078902 -0.07572734301461123 0.9930803886114248 25.826036795597233 0.0034013685420912 0.9970760836599675 0.07633946610595754 1.5865936161662388 -0.9959576895715561 0.010230000647564873 -0.08923915995816406 11.018873670944918
-0.12110737990393028 -0.07247625809720143 0.9899899971944327 26.634728140140574 0.006430309795902089 0.997252731180782 0.07379458834087754 1.6393439040638582 -0.992618584174573 0.015303011621857248 -0.12030862058293035 10.915311010633316
-0.14914217710031258 -0.06808304315382412 0.9864691126663286 27.41156393284856 0.013457267335271111 0.9973946605322064 0.07087166639576181 1.684627624462816 -0.9887241844749456 0.023845133188129444 -0.14783739938728063 10.785683624684873
-0.1784493352525861 -0.05980094501758877 0.9821301755484931 28.228401788365318 0.01840518697721268 0.9977738937812517 0.06409762851255857 1.73217433987846 -0.9837769482155213 0.02951446871626601 -0.17695144050318612 10.636157641695206
-0.20265978434402787 -0.04594531938134237 0.9781707619002825 29.033054705411082 0.022575565762568056 0.9984140055003112 0.05157341806904913 1.7750567396891812 -0.978988945616922 0.03253461614605901 -0.20130112546157441 10.469109351136765
-0.22354688623566282 -0.02846248990684287 0.9742775150451964 29.79813697995017 0.023699627535776122 0.9991192936679649 0.03462606929890934 1.8096489434900338 -0.9744050068164704 0.03083056419740413 -0.22267545666791538 10.292936638933087
-0.24661571213405792 -0.01263848689949306 0.9690309381941852 30.589243251887982 0.022959652077462235 0.999558106077092 0.018879802754764877 1.8344767099944048 -0.9688413414512683 0.026904669194552193 -0.24621655888757438 10.099026398329213
-0.26691813443629997 -0.002242795237333761 0.9637165970235071 31.355618105732386 0.026164494997984365 0.9996118126562338 0.009573045472529951 1.844377601181073 -0.9633639648183576 0.027770377520697626 -0.26675583858992147 9.886758958793559
-0.2888071124398541 0.0025730419779197104 0.9573838473982804 32.13944401969149 0.02900639625090634 0.9995608334893424 0.0060637554887041055 1.8499146465159981 -0.9569477941772421 0.02952151095508571 -0.28875491270321246 9.652334965763686
-0.30702622146897274 0.001758622377636519 0.9516994307962038 32.874990837479366 0.030210902796142212 0.9995123321692175 0.007899316039624035 1.8527647437525172 -0.9512214256852752 0.031176996150762998 -0.30692962422726144 9.415747510043397
-0.3225073628872552 -0.0027872293166728707 0.9465628517094068 33.601357235738064 0.0319999492830505 0.9993919661109678 0.013845624533993232 1.8543801728921885 -0.9460259003480774 0.03475527910390591 -0.32222207628438365 9.165612709630912
-0.3381743455451705 -0.005535434970592473 0.9410671979060699 34.332915293379834 0.03648617677112472 0.9991537401105974 0.018988484079338355 1.8529467820299586 -0.9403759200020607 0.04075736231273301 -0.3376861953020685 8.895931887783634
-0.3506638271776836 -0.00503230007503401 0.9364878836723168 35.05788427458163 0.038035551228019965 0.9990839348854557 0.01961091269104539 1.8557386117035306 -0.9357286877892975 0.04249667057252778 -0.3501511899713747 8.623780323620327
-0.36116316523446235 -0.0013711519667876822 0.9325016289637829 35.78080194547415 0.03945285034779655 0.9990810434793448 0.01674936296275936 1.8593367819651414 -0.9316676664332937 0.04283910015987567 -0.36077717613539984 8.342490109048097
-0.36855078045591133 0.0008918508329743176 0.929607189530842 36.5241707958114 0.04022357945736642 0.9990782797122184 0.014988484343378227 1.8624694045721848 -0.928736984232337 0.04291614625483615 -0.3682469531573315 8.0502233965599
-0.37505578614930907 0.002608378199767558 0.9269985726197698 37.24106844631625 0.03523469020686562 0.9993135424054682 0.011443800551429448 1.8671372935908352 -0.926332377649594 0.03695457114081648 -0.37489023165434493 7.7743052202783645
-0.3840936235874814 0.0026603685879360676 0.9232903176999175 37.97040111400007 0.035954394473524096 0.9992804441593026 0.012077890495840479 1.8681490311013256 -0.9225938271186734 0.03783538502200839 -0.38391289871890993 7.470203103645792
-0.39287592659623305 0.004555813342583138 0.9195802036070259 38.68762500994385 0.03789084988284028 0.9992186913455973 0.011237898413334172 1.8672582985753832 -0.9188105298679959 0.0392587752022385 -0.392741592874135 7.16086749789246
-0.3989394755950415 0.006413873304882099 0.9169548282446537 39.39717845766714 0.04017119414277291 0.999137760948461 0.010488556051238065 1.865423673404925 -0.91609692171358 0.04101946947639908 -0.39885314734972055 6.8466399028250935
-0.40489697127716323 0.009468932047590924 0.9143132843705479 40.13581142368149 0.04147682734741272 0.9991072727124481 0.00802062380908504 1.8649361126898736 -0.9134211052103915 0.041170340525335115 -0.40492824996195925 6.519394117282678
-0.40555320748509555 0.011642553161008623 0.9139972903977585 40.87316237549214 0.040747182339828665 0.9991551505117806 0.005352787792006975 1.8672552042308466 -0.9131627801383038 0.03941365450798229 -0.40568497730185865 6.199263834390456
-0.4034087047711092 0.012032937298137883 0.9149407769549215 41.62001522208701 0.043354554619097915 0.9990418726708377 0.005976557882746522 1.8661782963060691 -0.913992231645694 0.04207784536220036 -0.40354387050356627 5.87147291036643
-0.4005194727394207 0.010486406047378162 0.9162282397114522 42.416950011273315 0.040837672596800864 0.9991451921276093 0.006416349831447472 1.866279636999923 -0.9153777561495654 0.03998650192868247 -0.40060534595795716 5.534884913907106
-0.39462006985554976 0.00973222176946528 0.9187928408115896 43.20607025028107 0.037894265414192094 0.9992655494097209 0.005690906044514429 1.8700712756812623 -0.9180626477076169 0.03706272551120158 -0.39469903630711034 5.208931513010464
-0.3883983295890991 0.00995057524427967 0.9214378566266449 43.97715104011381 0.03649372662272587 0.9993233366843715 0.004590934022607176 1.8704556894045254 -0.9207686709970008 0.03540981234519764 -0.3884986482603185 4.8942650384188395
-0.3840994488056215 0.009393605933523235 0.9232439404592826 44.79861685122896 0.034102623070706196 0.9994102545325367 0.00401923312427846 1.8697900625803372 -0.9226617064379096 0.033028825331453085 -0.38419327449905905 4.563800356255443
-0.3798849214734837 0.00845797228930712 0.9249950860095628 45.656625731489996 0.030994896380109584 0.999513095971005 0.0035898998374571233 1.8713193522131208 -0.9245143389020376 0.03003387566082702 -0.37996210794935675 4.224197015340642
-0.3774760885462589 0.006758672666469047 0.9259946667878843 46.52313013222846 0.02766869084801995 0.9996092132675634 0.003983001049496313 1.8729151016806123 -0.9256058805574726 0.02712454781910872 -0.37751557952359427 3.881888119595333
-0.37576086072160014 0.004936822756745101 0.9267035142540636 47.396996676614684 0.02590274497078536 0.9996510590410121 0.005177640501405229 1.8709640145612405 -0.9263545883476485 0.0259497194445686 -0.3757576196273436 3.5362484438919064
-0.37611320147618604 0.003154443171831287 0.9265683510478918 48.26958363993546 0.024422762841106546 0.9996805209384605 0.006510354169719916 1.8661666864890336 -0.9262517953183901 0.025077989243235017 -0.3760700814010273 3.190803658686049
-0.37667935052240353 0.002872929906538372 0.926339253817829 49.18131396266765 0.025286378007235915 0.9996544496608859 0.007181946843745693 1.8658452348386203 -0.9259985237446631 0.026129055607567037 -0.3766218348366983 2.824963714487344
-0.3755145156041021 0.0017571434070758202 0.9268148472147304 50.11132342579446 0.025199206245352122 0.9996478712848134 0.00831465214823039 1.8637848032651878 -0.92647387905716 0.026477271060077842 -0.3754265647793059 2.4529622419266426
-0.37464838160305186 0.0004821637102050691 0.9271668445756516 51.03400790508451 0.025150994051799675 0.9996371529415453 0.009643130048276964 1.8619882693233043 -0.9268257752460385 0.02693195085912281 -0.3745245684364397 2.083556033428847
-0.37494935567688276 -0.0004577154139279345 0.9270451829194144 51.99833725209396 0.024440137568816918 0.9996474207210648 0.010378531752616825 1.8612909597373861 -0.9267230764112373 0.026548535596575273 -0.37480596967573726 1.6994743630976048
-0.3736488033776745 -0.0015753387593069861 0.9275689139046358 52.97122649229362 0.023896866872082694 0.9996502918358704 0.011324035771633012 1.861120340324404 -0.9272623746751133 0.02639720326573807 -0.37348048968000647 1.3131341960830802
-0.37400068732418934 -0.0027318524264881763 0.927424402775425 53.95143355740699 0.025287303892057897 0.9995938375595077 0.013142000415743033 1.8564464749989806 -0.9270836198223462 0.028367179898195156 -0.3737797011097831 0.9201200444154461
-0.3714942927864419 -0.004022445523776837 0.9284265239420457 54.933636026531524 0.024676496310604295 0.9995945667543384 0.014204669832128838 1.854987987505467 -0.9281072464736684 0.028187267466274663 -0.3712444167874455 0.5324078492339519
-0.36951136666753504 -0.00477471661926995 0.9292139430640804 55.87117744182082 0.0258164545222345 0.9995480377786321 0.015402300113542797 1.8559998081282278 -0.9288675150845742 0.02968033446731876 -0.36922109523497737 0.16348170741945484
-0.366809512520291 -0.006666867679757285 0.9302721829658067 56.826853515731315 0.02778351821875462 0.9994497598684922 0.018117770674164018 1.8578029315653144 -0.9298810986572503 0.03249200477277565 -0.3664224501662409 -0.21483575860248944
-0.3638127246403088 -0.008589818947902634 0.9314325076999607 57.78578206778595 0.028823435955298685 0.9993748030989812 0.020474678766796876 1.8590452858391142 -0.9310260527662616 0.03429603390065651 -0.363337681956 -0.5866061588039002
-0.36096607224382554 -0.009379073679069006 0.9325317837295349 58.72644105122483 0.029952553408762697 0.9993169389375263 0.021644863058657333 1.862872097503876 -0.9320978163439505 0.035744769260066644 -0.3604385831697046 -0.948444114559255
-0.35913243593235933 -0.00972091431911404 0.9332359815641971 59.713325066724856 0.029815632046042928 0.999315846665904 0.021883022828268053 1.8650806677631104 -0.9328102280458683 0.03568392393232513 -0.35859689907444436 -1.324556153565248
-0.35661688233275435 -0.010523001459062369 0.934191450226108 60.6840490985052 0.028462402072021338 0.9993500395742807 0.022122162443445368 1.8660607481476394 -0.9338170543010859 0.034478469269620435 -0.3560855855735624 -1.6922012047657657
-0.3567955178222226 -0.010254288563440208 0.9341262270314594 61.633335315450275 0.02613075623157594 0.9994389399134731 0.02095206346399243 1.865860132748637 -0.9338169745944533 0.03188502706116008 -0.3563273817833414 -2.0460850943690274
-0.3576516026467991 -0.008434110758759042 0.9338170039680609 62.58159748056013 0.02347553752175325 0.9995620108589662 0.018019033982013523 1.8718830355360105 -0.9335599767889802 0.028366392496917685 -0.3572969598449865 -2.401047329692893
-0.359297047449398 -0.00931754996749486 0.9331767329700996 63.503939950759296 0.020273350278013056 0.9996362426772916 0.017786893897829146 1.8720888917303946 -0.9330030133727599 0.025309397239580405 -0.3589774525631367 -2.746587558263496
-0.3619374497173319 -0.011789276049914189 0.9321278321466069 64.4577352959334 0.01905546503656548 0.9996175317334015 0.020041943604912047 1.876394871173807 -0.9320076028361326 0.025016059270819697 -0.36157436999074577 -3.1122696577036453
-0.36471365314712356 -0.0149955959095228 0.9309989706285384 65.3715196141836 0.01987556788143115 0.9995171090959228 0.023885360075161413 1.8766821459010128 -0.930907574901757 0.027215450168016617 -0.36423949025700386 -3.4749756554960323
-0.3697705097723543 -0.016977738560885303 0.9289679900276713 66.28828341607893 0.01821745176939961 0.9995083499870796 0.02551828280145641 1.8838252108061508 -0.9289445056372974 0.026359337993654836 -0.3692794209630608 -3.83552018339247
-0.3732354726649859 -0.015304943447955507 0.9276103927029925 67.19611776693887 0.01957029217649081 0.9995115410133317 0.02436561194146636 1.887043895331964 -0.9275302073833885 0.027247717100891758 -0.3727536402291981 -4.204512668425398
-0.3769173340525201 -0.013069275160433156 0.9261546940643998 68.07916958079697 0.01945264601440936 0.9995682223691378 0.022021884407107107 1.894252965603043 -0.9260426112516525 0.026316589379757938 -0.3765003575956312 -4.562262244106293
-0.3817593282224588 -0.011809628158742648 0.9241863167121062 68.96380911276238 0.01865637964339135 0.9996161807446666 0.02048000713007451 1.900359717979982 -0.9240734574771309 0.02506040454977698 -0.38139247673500704 -4.920619065127882
-0.384323199306142 -0.009831924581803802 0.9231462569572112 69.84034734233947 0.019780558936595204 0.9996260395150162 0.018881488598076774 1.9095358993461762 -0.9229866781071369 0.025516943048514682 -0.3839849966524884 -5.2833922380916425
-0.385562673775917 -0.009414948698578313 0.9226336127259667 70.69744373927918 0.021799300267613106 0.999575869416944 0.0193098883270513 1.9129271382222215 -0.9224240972018285 0.02755793933449828 -0.3851939055605993 -5.6420347400439415
-0.3862475744979458 -0.015806229532902526 0.9222597108745494 71.61147221311869 0.023247273457673648 0.9993687494397445 0.026863858993555624 1.9216466197945565 -0.9221021502367504 0.03181612407561136 -0.38563630375986035 -6.025802072944369
-0.3857715439250997 -0.02317730513238774 0.922303165138473 72.45856375876511 0.024901258196275453 0.9990586285702971 0.03552159933730093 1.930621181883497 -0.9222582302359181 0.03666973146939457 -0.3848312455558607 -6.3767783562899165
-0.38625005202969254 -0.026549163936881552 0.922011951767065 73.32775149803899 0.025150020053673727 0.9989109267684305 0.03929932409005347 1.9415875050340856 -0.9220511774290837 0.03836798505118343 -0.38516168543191376 -6.736631564432068
-0.38508681237971004 -0.02042716462995231 0.9226542569545836 74.19737010387335 0.025015866578536723 0.9991566144941564 0.03256172802387189 1.957104663207842 -0.9225412475063425 0.0356200878403827 -0.3842510325186968 -7.097863013671736
-0.3831054098939605 -0.013775170623663218 0.9236019107733969 75.05469510926615 0.027354745126806673 0.9992810559755267 0.026250506423384577 1.968733870487817 -0.9232994979035937 0.0353216058910927 -0.38245316226728526 -7.4551563829680605
-0.38209981179040303 -0.01019516575147015 0.9240648204671786 75.94789544823188 0.03213266492786623 0.9991879082427304 0.02431081788321263 1.9788378874556423 -0.9235622478611674 0.038981824185347014 -0.38146191383781763 -7.831637548678539
-0.3786653711077703 -0.010081690057375527 0.9254787389504969 76.80797175952189 0.03487545582639348 0.9990750888643363 0.025152920141014966 1.987197702751199 -0.9248763373039209 0.04180103271817593 -0.37796353575309105 -8.183116004985937
-0.37422294368673276 -0.012329341669662238 0.9272568014053222 77.64527419435736 0.03557379438623655 0.9989847531166507 0.027639974555526914 1.998094994739036 -0.9266561895176668 0.04332955543802798 -0.37340441354400283 -8.517113322004349
-0.37008142047112225 -0.01748918821845076 0.92883468417019 78.52338659429036 0.034377835335366404 0.9988801526388489 0.032505462646222935 2.014835009420344 -0.9283630252545236 0.04396099361536503 -0.36906574533627334 -8.858920235328535
-0.36572673516261617 -0.023104881477972967 0.9304354462504011 79.40381120878874 0.0330550576504393 0.9987386937211487 0.03779397872545824 2.031887369156331 -0.930135107579012 0.04457786576388642 -0.3645017085459506 -9.195295196964029
-0.3630632268468398 -0.026872729938708307 0.9313769106528256 80.2662590398672 0.027945996069932363 0.998820278332354 0.039712377110147926 2.053316224451872 -0.9313453251158883 0.040446359264098494 -0.36188392808614755 -9.5149927947727
-0.35890406240414774 -0.029322834698938625 0.9329137395038294 81.16122987691898 0.02285487097428637 0.9989306212161797 0.0401904076790266 2.0780758966051485 -0.9330945980245244 0.03574612373218052 -0.3578500884107412 -9.838245222806052
-0.35491094208951324 -0.0299135876266979 0.934421425514438 82.00827093522773 0.024212292461800983 0.9988586354856472 0.04117269980819159 2.090589973371086 -0.9345865332214448 0.03723712651442254 -0.35378158280225735 -10.155971030922068
-0.3516683640607523 -0.0287435579954898 0.9356832634992435 82.88143003971717 0.02634126086313351 0.9988288737621009 0.04058348081761655 2.109023380689273 -0.9357539739135362 0.03891900323612378 -0.35049937445326784 -10.479341924904487
-0.34576211180696 -0.026647982911131577 0.937943733411317 83.81152539093675 0.02745535860306005 0.9988813360861803 0.03850038574696503 2.12924316660421 -0.9379204472250133 0.03906355623155386 -0.344643690282842 -10.818172734949187
-0.33905587955902355 -0.02622688422337537 0.9404005854317569 84.70747620314131 0.03154877780686194 0.9987320990298771 0.03922842064459784 2.1464198418349376 -0.9402370898636953 0.04296911578459486 -0.33779856413747505 -11.143037969199481
-0.33006316908987837 -0.02658103386067415 0.9435845235320703 85.62777882421854 0.03566274210241924 0.998538681069775 0.04060383273991452 2.1654421989898136 -0.9432849374584982 0.0470526412258899 -0.3286328889773283 -11.466537389112206
-0.318957033126621 -0.027082411389731553 0.9473821583776958 86.51903497295328 0.03496212679823535 0.998575095114425 0.040316610806980846 2.189321780478267 -0.947124099951431 0.04598176171630214 -0.3175556909908204 -11.76071473304983
-0.30746796119696107 -0.02909245546672957 0.9511136009290903 87.42760213127157 0.03457734907853358 0.9985308151472769 0.04172071586174286 2.2139788868516503 -0.950929997301634 0.04571477043835402 -0.30601029393744805 -12.048300006898172
-0.2946535672746928 -0.033105331336941546 0.9550305295273914 88.35720247163958 0.036447004541629496 0.9982832428488788 0.04584956823209157 2.2385134980825385 -0.9549088391842652 0.04831774088466987 -0.292941128494381 -12.332480242959134
-0.28119501964812604 -0.03566975802700748 0.9589875021539043 89.21718790750329 0.0369227459780073 0.9981669033612226 0.0479535594477752 2.264319343180275 -0.9589400772491123 0.04889275402922706 -0.27936253658803983 -12.580418206893695
-0.2666800330982931 -0.03774057326121875 0.9630459018533893 90.09325847797555 0.03781417268337774 0.998053877215417 0.04958373240837394 2.2925041088867535 -0.963043014766716 0.04963977543450539 -0.26473391245521777 -12.819730117173727
-0.2503113192615145 -0.0395687002841625 0.9673564810385995 90.93079047759879 0.03868659724700031 0.9979576988626235 0.05083088110849295 2.316655990356119 -0.9673921596968877 0.05014727548570786 -0.24826932979800787 -13.03798084947031
-0.23601242294754288 -0.03715469603911633 0.9710394764254804 91.78815248416187 0.03989465952765963 0.9980558379256678 0.04788486737650395 2.343358230285491 -0.970930765994982 0.05004071287196185 -0.2340713025974428 -13.243733251525178
-0.22251993139807041 -0.03034171277135072 0.9744558792457966 92.64902102548967 0.04069595982540373 0.9983553385003163 0.040378917045995555 2.3682704911873067 -0.9740783946810886 0.048641531164418716 -0.22091917631001096 -13.439116796408683
-0.2075500612660826 -0.02747384992751469 0.9778385140904431 93.52100796436822 0.03656081003879041 0.9986892634343114 0.03581985860301608 2.391310589146302 -0.9775409348143702 0.04318498200987217 -0.2062735516033361 -13.617743995465682
-0.19326704403511846 -0.03138480842369627 0.9806440962398825 94.4364265047323 0.034583365717167636 0.9986492630267836 0.038776800689780164 2.4133249915647146 -0.9805365064624573 0.041408251065097934 -0.191920598785356 -13.792079932312193
-0.17778312504863614 -0.03721828580333338 0.9833656286701313 95.39482072126003 0.03351916429362777 0.9984756547876371 0.04385011312934683 2.4347163047431586 -0.9834986660250222 0.04075740421397219 -0.1762645963565601 -13.961197313899628
-0.16446989853483623 -0.037280435723358776 0.985677341521158 96.27964337556233 0.030446032638145673 0.9986174992833594 0.042850078432214896 2.456449730367705 -0.9859121114848616 0.03705751256258998 -0.16310747741944825 -14.101034031707307
-0.15514458641249085 -0.03299135763164931 0.98734073532318 97.2105362331556 0.02576231089173342 0.9989671915676686 0.03742797762266467 2.4759703495626035 -0.9875558012813326 0.03124292708799271 -0.15413441816336648 -14.236124365703388
-0.1496261624050244 -0.025992987336661295 0.9884009187234001 98.17301935224265 0.02061083896846509 0.9993551742499849 0.029401173731646968 2.498262628627615 -0.9885277966961582 0.0247709569677607 -0.1489939423263245 -14.368800267406119
-0.14711917976930217 -0.02425137371231694 0.9888214286801605 99.10928633718164 0.016658668563009085 0.9994968415966659 0.02699170983835218 2.514300740862405 -0.9889784809113472 0.02044344666037329 -0.14664115992083843 -14.493585972962528
-0.14416256482003198 -0.026049693393452845 0.9892110838332825 100.05559110423063 0.01454366741957854 0.9994896970461943 0.02843988812382317 2.529848283991071 -0.9894471368610346 0.0184867242261572 -0.14371014016027983 -14.622714894173008
-0.14095716435620803 -0.026842876834106688 0.9896517254973722 101.00601094393721 0.011738314761833452 0.9995167773090905 0.02878235299975279 2.5471813662538803 -0.9899461044840823 0.015673922320824304 -0.14057396051855303 -14.749373619209159
-0.13673994600437417 -0.03116202036969276 0.9901167181970011 101.91722272622016 0.008281066055158775 0.9994342069230309 0.032598926011793955 2.568607705829385 -0.9905723654088635 0.01265679732835969 -0.1364045247404862 -14.864817672791611
-0.13090635679519402 -0.036190994993537604 0.9907339388715757 102.81192032047488 0.005917421171420851 0.9992871407361583 0.03728531193423727 2.5862742603280453 -0.9913770775427933 0.010743474332407202 -0.13059888162606725 -14.976165145072487
-0.12590029147988546 -0.04011563066626732 0.9912314829450926 103.72801972002993 0.0016595070008003227 0.9991721595747436 0.040647774444087806 2.6105572902641265 -0.9920415125597286 0.006762522235880364 -0.1257294939591147 -15.085047255366534
-0.12308399635487022 -0.040246996018503484 0.9915798047322266 104.6759096792495 -0.004176793459203024 0.9991894519970603 0.04003740019298772 2.636021350206099 -0.992387466787904 0.0007863391767288022 -0.12315233425715366 -15.189116804458969
-0.1191275655501231 -0.039054926337226195 0.9921105461867115 105.57927639720488 -0.011042931301834058 0.999216390213308 0.038008672659657836 2.6568695401933713 -0.9928175445641381 -0.006427927961628357 -0.11946549689243352 -15.288442289255375
-0.1135544736777731 -0.03850273013495838 0.9927854356707286 106.47629846924619 -0.010211296427424537 0.9992412555514278 0.037585138409711116 2.672653105481705 -0.9934792956740643 -0.005869665762242619 -0.11386147764193283 -15.390833566185648
-0.10920200590606693 -0.03745945487730856 0.9933135009383425 107.42029368294548 -0.00870533897433033 0.9992873926492418 0.03672770024957407 2.6911825089900274 -0.9939814580662125 -0.0046363921938768135 -0.10945028500644133 -15.4928635550355
-0.10208337456564398 -0.040704222716240995 0.993942730186381 108.3530204932837 -0.010354987771219137 0.9991518554187728 0.0398540341933092 2.714762086221712 -0.9947219505296685 -0.006223830515864573 -0.10241828483313631 -15.585166073387999
-0.09661859406763945 -0.04581665900602183 0.9942664034542847 109.27044206694937 -0.010475830435240321 0.9989314440794157 0.045013631336577146 2.7375143673298328 -0.9952663483998063 -0.006066612476424212 -0.09699531924776622 -15.67284676566825
-0.09037447048934688 -0.05029997319497946 0.9946368019434806 110.16525555228557 -0.00990696642942902 0.9987197146191397 0.04960628636806523 2.7625939220327034 -0.9958585778613027 -0.005370691542871904 -0.09075708552182016 -15.752598070863762
-0.08556003674232965 -0.0473631881523324 0.9952066159952406 111.05035400956179 -0.010854891332315545 0.9988544828795134 0.04660357674754241 2.7891907506868256 -0.9962738837522618 -0.006815455930986116 -0.0859761485159573 -15.82358372435571
-0.08188553999192061 -0.04619899687251737 0.9955703948130464 111.95081162036568 -0.009442426357043725 0.9989161733281888 0.0455776178388033 2.8142634123083576 -0.9965970092894739 -0.005668452287999337 -0.08223302088537976 -15.89447460492433
-0.07604661166025523 -0.04654469534922002 0.9960173212298283 112.85980074769677 -0.00880361491711238 0.9989023075446481 0.04600735100360434 2.8427942875897685 -0.9970653986672017 -0.005269849791593079 -0.07637289744266945 -15.962068508175506
-0.07198218076920504 -0.04851109522658114 0.9962254962063697 113.77577049833353 -0.007751597196265447 0.9988135521631671 0.04807702940181917 2.870259747299591 -0.9973757959729206 -0.0042616493419933114 -0.072272816136287 -16.02347702406268
-0.06469688585285177 -0.05122980421187451 0.996589092917114 114.70345186846544 -0.006210798562036834 0.998682697370004 0.050934231661966034 2.897090740293109 -0.9978856341997138 -0.002894327933394277 -0.06492983846929773 -16.082023270979775
-0.0582519144926294 -0.052530127280867076 0.996918903515125 115.5610429078795 -0.0034410178915605244 0.9986192686167747 0.052418658349561456 2.921639217452837 -0.9982959850935059 -0.0003769285794334408 -0.05835224135397582 -16.137400251164312
-0.05392647664936068 -0.0531557260068513 0.9971290808660985 116.45824586312908 0.000334640801091992 0.9985810906703778 0.053251228822373264 2.9537124525574447 -0.9985448528392303 0.0032053312220526285 -0.053832171793795625 -16.18959003353338
-0.04676520329158579 -0.05366552790466407 0.9974632960043243 117.33770638822938 -0.0010479925680149348 0.9985578928991907 0.05367528519072513 2.9876901390527046 -0.9989053596175536 0.0014648015025978955 -0.04675400393425094 -16.229303100071782
-0.04085227071320224 -0.05469869155432476 0.9976668507672392 118.21195255687054 -0.0013629011084398922 0.9985025230330207 0.05468870081891729 3.019712251506337 -0.9991642680150968 0.0008744363540433252 -0.04086564428611 -16.263975976359955
-0.03680045685422373 -0.055913429210815976 0.99775719231144 119.09521878426196 -0.0003483807220872326 0.9984341545828218 0.055938516188389444 3.0481115140718096 -0.99932257304946 0.0017109635803549336 -0.036762312188351354 -16.29967411004328
-0.032162036215148515 -0.05702362789886998 0.9978546533878301 119.98058947569699 -0.000758032829679442 0.9983722473634766 0.057028774146304015 3.0821899076230976 -0.9994823804413584 0.0010777549128825753 -0.03215291015791816 -16.32573919040002
-0.029244621557109773 -0.0574242410577058 0.9979214441272061 120.85866534889915 -0.001813133913104257 0.9983498582249393 0.057395758795031095 3.1164629987752157 -0.9995706401527583 -0.0001308479680171698 -0.029300481624278507 -16.34740068855956
-0.024534083785800298 -0.060315611433657906 0.9978778010108128 121.78817456184517 -0.004459635902623171 0.9981749297950675 0.060223925280804745 3.1544084780835995 -0.9996890468442711 -0.002972632839069435 -0.024758293026715783 -16.364938202993503
-0.018906404639792873 -0.06357095359855931 0.9977982169367544 122.69575690803948 -0.003411449854555732 0.9979748896793459 0.06351756906075096 3.1890685908038225 -0.9998154379051597 -0.0022030497196463064 -0.01908498620503818 -16.381922397604804
-0.01594435067353872 -0.06564722941017298 0.9977155000060727 123.58788722203437 -0.0046088777535961065 0.9978365696036725 0.06558154166705765 3.2273395375585716 -0.9998622584773624 -0.0035526936743451518 -0.016212416235855565 -16.393333553470192
