1.0 0.0 0.0 0.0 0.0 1.0 0.0 0.0 0.0 0.0 1.0 0.0
0.9999487339716989 -0.002384039138552234 0.009841025646863552 0.01583973877131939 0.002368964184663925 0.9999960032315557 0.001543220530645108 -0.010659425519406796 -0.009844665412707263 -0.0015198283785599306 0.9999503851114871 0.33407101035118103
0.9998395656019593 -0.004533345340432088 0.01732893063376432 0.031501417760298335 0.004496979228790521 0.9999876051933098 0.0021369692475906267 -0.020657354918314462 -0.017338403464600177 -0.002058698563098568 0.9998475591436552 0.6583436106762603
0.999725984266908 -0.007269609748934913 0.022251048417104857 0.046723400501779686 0.007234684897673221 0.9999724685649581 0.0016496807373273643 -0.02961917560374317 -0.022262428348981452 -0.0014882493749101334 0.9997510537117751 0.969934681670216
0.9996853991189932 -0.00941546822423635 0.02324761808051563 0.058333139822288604 0.009398910636061986 0.9999554919057675 0.0008213929327240295 -0.03585308809144794 -0.023254317172397097 -0.0006026322369436766 0.9997294001714827 1.3143075092843384
0.9997267138998817 -0.012222044649426113 0.01992784834174767 0.06892680865712437 0.012227370445866645 0.999925232336436 -0.00014542662757125954 -0.04222161150228146 -0.01992458097235191 0.0003890520683589553 0.9998014101368153 1.6595116305723894
0.9998402484759563 -0.014408419035851466 0.010577097353501505 0.06892276794232122 0.014425706545545515 0.9998947272244326 -0.0015599549479397353 -0.05077467604458257 -0.01055350738853869 0.001712287845284641 0.9999428441426716 1.9909425568546784
0.9998803170761035 -0.014591340155044596 -0.005142403744428074 0.053265877784644575 0.014582470602098024 0.9998921245272654 -0.001758084039707369 -0.058071541068985585 0.005167501807437676 0.0016828846756417998 0.999985232303077 2.3575567175430034
0.9996202682478321 -0.0131666268933362 -0.024206595059689293 0.025826428322430685 0.013149223935207758 0.9999131597658212 -0.0008779732530674728 -0.06349844078058983 0.02421605289955111 0.0005593419195969807 0.9997065919151394 2.740137169118039
0.9990255833250903 -0.011864813920374136 -0.042510117061684005 -0.004106243168585405 0.01183414385070444 0.999929500609405 -0.000973062355019434 -0.06868258538495865 0.04251866532811226 0.00046904334641672234 0.9990955625449726 3.0849131788765
0.9980757311385644 -0.013136724067625704 -0.06059918640535953 -0.03578759311497483 0.01307690104253228 0.9999135362889043 -0.0013836926472614018 -0.0752086692018945 0.06061212396331501 0.000588580486705625 0.9981612214475508 3.46832101511717
0.996641695629942 -0.01595499469961221 -0.08031667744627992 -0.07841434115727912 0.015924138653110223 0.9998726777651578 -0.0010247277149024916 -0.08260048985814863 0.08032280087267217 -0.00025768754047227727 0.9967688705297235 3.895687837418814
0.994919398618298 -0.018663490577053556 -0.09892959300676785 -0.1275726931384337 0.01869511711475709 0.9998250465212416 -0.0006074083164826151 -0.08987458220159796 0.09892362128971025 -0.0012451780104261426 0.9950942501505335 4.313725496118261
0.9931986075816254 -0.019780115989933986 -0.11474002313641686 -0.18652940421193542 0.01991530965750234 0.9998016700431485 3.194021497345033e-05 -0.0998452842689449 0.11471663497142214 -0.0023168060679082127 0.9933955536796394 4.745905975555694
0.9913917450432369 -0.021035480144250152 -0.129228156510981 -0.2510624163758036 0.021308990547403133 0.9997726682104159 0.0007340444648962431 -0.11008501457710385 0.1291833378651304 -0.0034814471885436424 0.9916146150312112 5.197861403507035
0.9898636215498071 -0.02175735157032559 -0.14034467708091272 -0.3189766624654271 0.022048955904434165 0.9997567554238062 0.0005229990329389011 -0.11775908044937838 0.14029915992558448 -0.0036121513131910435 0.9901025694780647 5.6384591579452055
0.9879384682727977 -0.024770282295419815 -0.15285292284350777 -0.38948725883707863 0.02498044579912603 0.9996877910552566 -0.0005456580784427756 -0.1276562952579307 0.15281871689840565 -0.003279257548112805 0.9882487977404567 6.096598953672624
0.9864121305425814 -0.02891970589218906 -0.1617243312849213 -0.45648618338594804 0.028918445598944593 0.9995789831379716 -0.0023621966471812817 -0.1387827281052071 0.16172455664674606 -0.0023467168487820594 0.9868331473442942 6.545292347721301
0.9851863788234745 -0.02952483158021267 -0.16892626587020007 -0.5409375209730586 0.02922860828831845 0.999563758330198 -0.004240458741423075 -0.14749767782143905 0.1689777720240668 -0.0007598374627154688 0.9856195692095469 7.01837311230925
0.9838955673733207 -0.030694182698677873 -0.17608912417180006 -0.6305553481277665 0.030122596825799458 0.9995286877402098 -0.0059187452052584175 -0.15562946185888998 0.17618780225543929 0.0005191654790305806 0.984356433820394 7.5084245638870675
0.9827060816471156 -0.032522999173259445 -0.18229375090372324 -0.724746762190867 0.03146666567244599 0.9994670696791937 -0.008684790057577985 -0.1687271308626647 0.1824790564564357 0.002798419493546679 0.9832057581214153 8.006633005223518
0.980890654370932 -0.036722738662874406 -0.19106272434167615 -0.8209237537188817 0.035360651837172095 0.9993190896973027 -0.010534764743695803 -0.18122523483596106 0.19131949317676805 0.003577349808580004 0.9815212957949165 8.516426448770979
0.979249256093958 -0.042082092698315976 -0.19824225562064385 -0.9183129263351943 0.040555989552317734 0.9991081299487209 -0.0117539942914122 -0.19760469492418292 0.1985600819673044 0.0034701793182192906 0.9800825739215228 9.038180280434686
0.9774925917160586 -0.0451140573847331 -0.2060896770013236 -1.0281601959179596 0.043101786310464095 0.998969117937668 -0.014245610681363834 -0.21237616568596596 0.20651990014783075 0.005042145686600686 0.9784294085981908 9.5708878045405
0.9757682975174029 -0.042440891676988404 -0.21465087997409002 -1.1575566794423162 0.039267652078455964 0.9990475431751388 -0.019027821103970256 -0.2243188242101848 0.21525399197281894 0.01013790853092979 0.9765054745112206 10.10131451357374
0.9740155541146261 -0.04113777397692291 -0.22271368142752587 -1.2933780235971204 0.03703393193665345 0.9990590186460873 -0.022573549725917002 -0.24139189335270395 0.22343273759252288 0.013739025225274603 0.97462251716127 10.656919825888483
0.9716250443023385 -0.04478056688621757 -0.2322487332878867 -1.4202845418018923 0.040250292094768776 0.9988962642171549 -0.02421089257540704 -0.2620946800857467 0.23307656954478445 0.01417583021770153 0.972355057870773 11.197603305962812
0.9694886302646466 -0.04655527732573871 -0.24067488847136279 -1.5555638660771356 0.04149152764392266 0.998798748245233 -0.02606748237803674 -0.2833617851281049 0.24159935621055154 0.015286158996923097 0.9702556799224459 11.729276321662178
0.9673159664742557 -0.04556849772628874 -0.24944605232183226 -1.7077199289909353 0.039552151528936194 0.9987942362419063 -0.02908093807598644 -0.3015334181896973 0.25047045397293694 0.018264327661222747 0.9679519440662716 12.273985730127867
0.9650501052789769 -0.04562270111995386 -0.2580636809850526 -1.8733233195689756 0.03856857442814233 0.9987326801060132 -0.03233417317391375 -0.3248757107515925 0.25921180406689914 0.02125094893832176 0.9655866806256207 12.862404807679118
0.9632349620686108 -0.047151860467901964 -0.2644902831922144 -2.041368017058865 0.03840584428511632 0.9985339150549634 -0.038144614426612315 -0.3509969427707131 0.26590110750696333 0.026584253599133186 0.9636336848030727 13.453733951488688
0.9613729159541992 -0.04975356153839831 -0.2707151631954981 -2.2135723240424117 0.038639745244755254 0.9981830918509833 -0.0462329452904726 -0.38044717471829026 0.27252355229803676 0.033986736487286215 0.961548654611821 14.042587017691016
0.9605509537712857 -0.052307354416388 -0.2731406338921981 -2.382512835919113 0.038631475375695216 0.9977269746267967 -0.055213161586314986 -0.4103970842702052 0.27540783271245295 0.04248322935015474 0.9603883073552134 14.611092280286464
0.9599018919473699 -0.05488954669255243 -0.27490997708294607 -2.56508554844147 0.03862096864011548 0.9971862684275078 -0.06424925556706043 -0.44880150327857277 0.27766306671424457 0.05105569237125607 0.9593208731489858 15.221636745963599
0.9593180252425035 -0.055800238439349545 -0.27675848647319756 -2.752869167658312 0.03661773261833565 0.9965853343334293 -0.07400549337325563 -0.48841725920220114 0.2799429729475549 0.06086053550239796 0.9580855531295971 15.826484357213506
0.9587429123607604 -0.05722657433325585 -0.2784549284679444 -2.942543431562038 0.035853825098937496 0.9960482635516775 -0.0812549069377542 -0.53798884841882 0.2820044879497178 0.06791889181787816 0.9570060046365693 16.44990335130577
0.9581855669103165 -0.05806677022104422 -0.2801939855900767 -3.1410779471833417 0.034757341663889225 0.9955617059099685 -0.0874575149778074 -0.5935182354104663 0.2840287777060897 0.07406173048025672 0.9559511041434362 17.095734510377188
0.9579502289494326 -0.059242946648948906 -0.2807519049411408 -3.336606089965531 0.034360225058827416 0.9950972568943733 -0.09274062893468045 -0.6516389110661782 0.2848696786069663 0.0791942080814194 0.9552892460489234 17.733287522249643
0.9579163145335643 -0.05817322081305101 -0.2810911075268474 -3.545767820635422 0.031823746837825365 0.9947349373489894 -0.09741485284341504 -0.7135687624978639 0.2852780809800074 0.0843699045722953 0.9547241149750153 18.401885742214557
0.9572635209236996 -0.056280372626064085 -0.2836883345607166 -3.7693617119666984 0.028986193256666903 0.9946142735953117 -0.09951003648354999 -0.7812453672694946 0.28776092873989834 0.08703428300124995 0.9537393152603123 19.105930324634297
0.9568988215093678 -0.0548397841943924 -0.28519685037443143 -3.9946223627877906 0.026818400055867227 0.9944996665744695 -0.10124814369514427 -0.8511159488189018 0.2891805989557854 0.08923570615387987 0.9531062742080716 19.810795083421144
0.9557088947445421 -0.05343279900722189 -0.28942260536526804 -4.222094240111083 0.025081885369319268 0.9945908506193571 -0.10079652221472747 -0.9241796603588435 0.293242915570839 0.08907286822886949 0.9518795179081208 20.53471789803866
0.9539652523631965 -0.0521123904902857 -0.2953550338846634 -4.4536121488395 0.02350889011439563 0.9947515476250579 -0.0995825817256275 -0.9977509161798216 0.29899436344053704 0.08805485367053875 0.9501835156304533 21.255353869486218
0.9522130834114215 -0.05144406784330294 -0.30107100767733663 -4.693745416242515 0.02273573113439721 0.9949173851464032 -0.09809425703489565 -1.0723195412020434 0.30458714731566994 0.08656156547323655 0.9485429695448303 21.994097381544798
0.9488855948189147 -0.050641022087594745 -0.3115310816388612 -4.979218567076417 0.021660287522920096 0.9951654071990115 -0.09579480288016923 -1.1616623792527567 0.3148761024428171 0.084150455710886 0.945395018452113 22.843220944916403
0.944899102233749 -0.0499929277681119 -0.32352185980398246 -5.2467216694265835 0.021906864355446313 0.9957114721071432 -0.08988188698696732 -1.239752622761028 0.3266278859680652 0.07784196482231313 0.9419420643652318 23.615560584153716
0.9420144810929981 -0.04940316123145813 -0.3319157198317492 -5.484072958972471 0.021893120646306483 0.9960443193679086 -0.08611855272405738 -1.3011229282497683 0.33485729599257047 0.07385825285815076 0.939369762024138 24.27342803241199
0.9385096821530263 -0.04705175526112686 -0.34203173658576314 -5.767364407525563 0.019790911090386804 0.9963728320123213 -0.08276170289426922 -1.3696692750370605 0.3446852134096243 0.07090353978888435 0.9360367469828138 25.03183622827437
0.9352505647114641 -0.046012785963944536 -0.3509831972256277 -6.065741120365617 0.018409420595811663 0.9964965400737104 -0.08158271173754189 -1.441821105544658 0.35350738951288435 0.06983887992343935 0.9328210205665529 25.807482110049595
0.9316781506518658 -0.04620931035004086 -0.36033390519751707 -6.378557297122486 0.01799676319846234 0.9965302080564943 -0.08126291248324127 -1.512355559420414 0.362838724659177 0.06922603605475375 0.9292770393267274 26.594766755386875
0.9284419709170968 -0.04632968384918244 -0.3685770842497018 -6.695743205268199 0.017632537473650983 0.9965701860527123 -0.08085145572655364 -1.5811182370693146 0.3710587558080489 0.06856693565631597 0.9260744975826111 27.37262310769411
0.9250101507459969 -0.046218181073723504 -0.37712080392773983 -7.022537172510904 0.01749918746912133 0.9967028442964854 -0.07922890008839427 -1.6498603239026406 0.3795391935687128 0.06668822916776783 0.9227690288667466 28.159417071743572
0.9216755317825176 -0.046858301863525756 -0.38512142716275877 -7.348826083320784 0.018240741566259728 0.9968153475579369 -0.07763013731832755 -1.7185251462386004 0.3875325656774232 0.0645248976707144 0.919595045723963 28.935336104722385
0.9183734463431086 -0.04661473627731327 -0.39295964094761465 -7.695042374644592 0.018675975550789734 0.9970366790273726 -0.07462619252845898 -1.7872065912430133 0.39527385568629253 0.061195808973040444 0.9165225867238774 29.740556528346943
0.9142403462671641 -0.045161097236246714 -0.4026475686673325 -8.056029279031305 0.01827174544869849 0.9973531656753553 -0.07037617661968666 -1.8539988184621663 0.404760092617286 0.056983666201514585 0.9126456756105736 30.54871963985936
0.9106012103522961 -0.0463001881705002 -0.41068446315913876 -8.414356859225661 0.020538251014163275 0.9975467030121139 -0.06692350524995751 -1.9216800864035584 0.4127755030888012 0.052505884289650265 0.9093181600324219 31.346644980901534
0.9069990402174637 -0.04676049827374819 -0.418528609351608 -8.821850587524883 0.02145630374204377 0.9976567850842655 -0.06496588493245718 -1.993833616445261 0.42058574402175036 0.049943918313633553 0.9058770539919598 32.223258811108174
0.9037105015325716 -0.04713576119377458 -0.4255414779271599 -9.221752169875598 0.022172868316256214 0.9977400521086296 -0.06342832434251479 -2.0603970969499534 0.4275695187105578 0.04788536764976069 0.9027132979161597 33.06568218473895
0.9010537904125544 -0.04739703368586062 -0.4311097168714132 -9.63048135471053 0.02303545782764506 0.9978376371796958 -0.06155824486056078 -2.122423800425702 0.433095179453477 0.045536480160673 0.9001971975676981 33.9119906060948
0.8980889677001228 -0.04871095763758107 -0.4371080515174222 -10.053883117378852 0.02478953503032998 0.9978742848071702 -0.06026931784547204 -2.1874122433251326 0.4391146604798201 0.04329150409270016 0.8973874083276876 34.777962343642486
0.8961386999537698 -0.050388723885835325 -0.4409040790810678 -10.471664002776231 0.026656935244585768 0.9978508388349304 -0.05985909487948944 -2.2490570371548686 0.4429727285607246 0.041888899980577265 0.8955559624109952 35.62801733509885
0.8949373675956154 -0.05269132243433055 -0.4430696701661627 -10.903267642399506 0.028765397571611166 0.9977503635241703 -0.060553810697044075 -2.3117707226772954 0.4452635848388884 0.04144679272884354 0.8944397706882865 36.49632325788901
0.8933248121641671 -0.05355462670611563 -0.44620923559494396 -11.357740460407504 0.029425483026585708 0.9977139345939863 -0.060836220014388744 -2.3734580485284758 0.44844723315068824 0.04121658252882696 0.8928584839738809 37.39945725718242
0.8930848082687605 -0.05416701627457681 -0.44661556129120883 -11.81864663220447 0.03066689727912248 0.997746009428843 -0.059686196729993 -2.4401757087461196 0.44884191721676747 0.03960852202152217 0.8927329378556879 38.31065655961268
0.8920873593797657 -0.05348968538773488 -0.44868585535088795 -12.296510454287452 0.030862093844908373 0.9978626821547328 -0.0575986000391576 -2.506597614680386 0.45080780206019605 0.03753559803818129 0.891831488837197 39.24905917387829
0.8916772433399552 -0.05400101738388066 -0.4494391881346845 -12.77017883288757 0.03205638396333145 0.9978991180636523 -0.05630042997154298 -2.575009757524911 0.45153524996045874 0.035794417012866224 0.8915350120740382 40.18031893060231
0.8908421873573064 -0.05603039276766493 -0.4508445323065937 -13.260096716033466 0.03447685421052456 0.9978417056636902 -0.055886285991500556 -2.6428301399392256 0.4530028076603899 0.034242160043997785 0.8908512393925965 41.139336828299946
0.8895860372489934 -0.05896525831501776 -0.45294567074150954 -13.743657059565491 0.03761747160385976 0.9977216228341964 -0.05600436732282969 -2.709115238406156 0.45521600165390225 0.03278203228814314 0.8897773486649869 42.09128080345402
0.888718161443786 -0.059565209086330284 -0.45456794364151853 -14.240840967229063 0.03929512813827042 0.9977717940889075 -0.053919753571396195 -2.77532948516543 0.4567668140578669 0.03005715866652968 0.8890785369067917 43.05668811319073
0.8865068870065209 -0.059716960122821836 -0.4588457518204749 -14.734181034051458 0.04109943800347707 0.997879838309923 -0.05046448741798803 -2.8415192131620373 0.46088651041856915 0.025878813115195874 0.8870816825670244 44.01188516752957
0.8842952740157894 -0.059977576922491324 -0.4630599946225616 -15.226649334580541 0.043042651196336115 0.9979641231617657 -0.04706313907888924 -2.902671519520511 0.46493999454911455 0.021686381636293377 0.8850765516723368 44.95041896654921
0.8811815015749058 -0.06060185022265403 -0.4688779980248438 -15.73990152769557 0.04429468099529271 0.997970785486625 -0.04574158447992473 -2.965812129070625 0.4706985686378488 0.019537836748213536 0.8820777349063293 45.91117995865558
0.8760275396080607 -0.06449133491336197 -0.4779295110885501 -16.274315989204137 0.04684478100672753 0.9977111336283156 -0.04876535990365666 -3.0323511059909403 0.4799805374603012 0.020331294970906435 0.8770435120928303 46.89300472816739
0.8702455579012099 -0.06858852123932695 -0.4878199295922775 -16.79854182969503 0.04901765868329326 0.9974017698668511 -0.05279184220768839 -3.0934411751252244 0.49017337554218543 0.022030075367000017 0.8713465083931331 47.83360725468656
0.8638987542874629 -0.06796616840004223 -0.499058656165372 -17.353116411588864 0.04795259198804887 0.9974513640701739 -0.052832993821827996 -3.1581088545410503 0.5013775934983509 0.021711201430752385 0.8649561448248321 48.784650907900385
0.8577117918153765 -0.06599298042290527 -0.5098778370509534 -17.92548671840593 0.047768362930290395 0.99766703828069 -0.048771551453654964 -3.2251285480640526 0.5119068916158647 0.01747590521656881 0.8588631596785632 49.74162669265943
0.852291036090175 -0.06378613198101638 -0.5191640580464296 -18.507807603986734 0.047341004459655556 0.9978698776767728 -0.044883588560781965 -3.289691025021132 0.5209211256006874 0.013676132210645087 0.8534952514868903 50.68739292389089
0.8480445518831105 -0.06443901826268222 -0.5259924438114263 -19.09359701438238 0.04726577068349408 0.9978208960489184 -0.046037010435400795 -3.3570062736152018 0.5278128313550838 0.014179997654286021 0.849242334509682 51.62208762322109
0.8455523797873105 -0.06794812339468309 -0.5295509659732072 -19.66410792102807 0.048727569354572134 0.9975501239338885 -0.050193368329681035 -3.4192440981141448 0.5316641769207431 0.016637390619462702 0.8467918281446534 52.527043018474025
0.8435511069358481 -0.07112998555463254 -0.532317626180369 -20.240070415037422 0.047658289510431696 0.99719430059248 -0.05772533505155691 -3.4826693355609732 0.5349301051803359 0.02332492274097376 0.8445742895393409 53.42813889165722
0.8403317620033744 -0.07264022745457743 -0.5371833272949295 -20.819248403531518 0.04833301777534523 0.9970741831412177 -0.059219867493957204 -3.5469831860289562 0.539913371904264 0.0238006442900385 0.8413840265719019 54.32890319586343
0.8379547708967646 -0.07294878909898925 -0.5408421914942864 -21.414196489677238 0.050462389995844875 0.9971372749759501 -0.05630987523910992 -3.618650497480253 0.5434016462316419 0.019892939011821657 0.8392371070503342 55.25141904656465
0.834906509788441 -0.07113146417684307 -0.545775993166558 -22.00954760588251 0.05140698106832085 0.9973569602407562 -0.051346043243470654 -3.685880850928719 0.5479858047525734 0.014812449607595191 0.8363564725201195 56.16037393223369
0.8317932412987363 -0.07013843566995538 -0.5506365439847906 -22.5979153804075 0.051835579058592395 0.9974649872621846 -0.04875112234308882 -3.751233833727306 0.5526600007901813 0.012008289962435394 0.833320301264031 57.04388593593565
0.8295655037692409 -0.06968858513782496 -0.5540438394726303 -23.20961626601835 0.05086860005065455 0.9974877641715362 -0.049300566497317455 -3.8147327904554245 0.5560876374142588 0.012714614801793832 0.8310264003540861 57.94550294048829
0.8258035563844739 -0.07137003658874391 -0.5594236356644902 -23.824235173076758 0.051533010632295755 0.9973595281393438 -0.05116952652543354 -3.880621176408148 0.5615984642766809 0.013427192818556966 0.8273009581857661 58.846410988585625
0.8225746672969367 -0.07381315008610634 -0.5638461985290848 -24.43070907426539 0.05251396984579181 0.9971630042065999 -0.05392797059693645 -3.945995269250437 0.5662271626232438 0.014749980204553283 0.8241172479639024 59.72711470833619
0.8194254067257566 -0.07509568707483884 -0.5682452292761342 -25.04707259517276 0.05357206247122294 0.9970748133185445 -0.054514683970184115 -4.013097565585618 0.5706768235480637 0.014228648163038739 0.8210514652788489 60.610713746951184
0.8159602515776455 -0.0754010154828458 -0.5731697433653501 -25.66948451387389 0.054330929309656495 0.9970714600513569 -0.05382056922222794 -4.082223681786961 0.5755493184477719 0.012774600393404407 0.8176672866264703 61.49088308716128
0.8127507223937922 -0.07486727628721918 -0.5777812338504101 -26.310820302417664 0.054075118064625914 0.9971219688097527 -0.053138130596208165 -4.1525972717281086 0.5800966685429817 0.011944465592737687 0.8144600572692551 62.38247296605017
0.8073911778007228 -0.07629165271192556 -0.5850633040415751 -26.96466108337688 0.054864910131763395 0.9970164430713543 -0.05429598402809148 -4.2248263854590355 0.587460064724229 0.011738652896656421 0.8091680149279115 63.28066071662427
0.8022386034965101 -0.07752318584599571 -0.5919487973771521 -27.621971477168387 0.05551062686505795 0.9969239035142708 -0.05532902409149574 -4.295449518569167 0.5944171879791312 0.011527630205563417 0.8040742007904658 64.16587898855117
0.7978806571241388 -0.07893803461086167 -0.5976246678969394 -28.28839808730091 0.05631884636660474 0.9968143074879638 -0.05647498500421228 -4.368714045386345 0.6001788437883223 0.01140276629005587 0.7997845537329706 65.05169705379306
0.7924963001014586 -0.07962936939759263 -0.6046559169104697 -28.974679855697484 0.05640866474786277 0.9967601529688812 -0.057334631723033894 -4.4457397951450135 0.6072624448019672 0.011329650603369826 0.7944205197188348 65.94801943285569
0.7871403538693472 -0.08068458606083657 -0.6114736796319451 -29.657796518050475 0.056832576051274696 0.9966769781197342 -0.05835288840743946 -4.520003572836618 0.6141499178619299 0.011180288829295129 0.7891101821240672 66.82579764412596
0.7809148173713777 -0.08067011278902367 -0.61940647470981 -30.367932043347324 0.05674973668858336 0.9966871761873056 -0.05825924999132573 -4.5962938206659985 0.6220542704584584 0.010344357224184173 0.782905791828119 67.71593489505547
0.7747358838230992 -0.08118672293916174 -0.6270510556049176 -31.08824458935675 0.05832705084816761 0.9966701683124302 -0.05697833566740716 -4.670776555636273 0.6295889654816045 0.0075691224373926995 0.7768915258447161 68.60529591691534
0.7693420820746147 -0.08137514524658244 -0.6336330534979961 -31.809693142225363 0.05923745474083742 0.9966677829629682 -0.056073651205439494 -4.748671522537247 0.6360846521532524 0.005605010239032378 0.7715989237649936 69.47588530820902
0.7636523169991134 -0.08281299188183944 -0.640294578391434 -32.540557160283164 0.060691082962982534 0.9965558657656557 -0.056506626663118606 -4.824545912931171 0.642768800729054 0.0042912449991919545 0.7660482060717139 70.34520283895162
0.7586328003746843 -0.08494854932496325 -0.6459566689517563 -33.280172103630676 0.06248716939501738 0.9963796488067241 -0.05764502671339285 -4.897516161939747 0.6485149403496137 0.0033674042486251422 0.7611944776021196 71.2123466830411
0.7541781823312724 -0.08393822271842857 -0.6512830752156621 -34.0270856625173 0.06137908995106633 0.9964655732356023 -0.05734953071317813 -4.970588314672773 0.6537949805652207 0.00327660237354694 0.7566646465010829 72.07104561242605
0.7494824044261305 -0.08405472497934094 -0.6566665277477404 -34.79490092268497 0.06248045470678762 0.9964605102848335 -0.05623739167602391 -5.049145565235779 0.6590692818173667 0.0011201122875942743 0.752081396600929 72.94518191232869
0.7466616384262943 -0.08303362656239928 -0.6600013746670969 -35.56418548880325 0.06152758536908439 0.99654621253817 -0.0557673965187401 -5.125377486430466 0.6623524393713754 0.0010310847319084486 0.7491916863680909 73.80388099229931
0.742364452202253 -0.0835703642707478 -0.6647638786231572 -36.345772535567946 0.061838802572496944 0.9965016824607734 -0.05621707346747988 -5.203489480596249 0.667136404795038 0.0006253547015947769 0.7449353168756658 74.67202834642107
0.7384331517198318 -0.08505640519756966 -0.6689408706126297 -37.101547891258946 0.061658157790289714 0.9963740371397631 -0.05862635663008516 -5.2764161212701275 0.6715018630048796 0.0020459835475973437 0.7410000417896745 75.49646503005725
0.7350941299694543 -0.08748562035697104 -0.6722967249029309 -37.89032879416319 0.06279687380176881 0.996162392771386 -0.0609675312663386 -5.352563996077832 0.6750504964261385 0.0025987417615428512 0.7377669508835979 76.35450940441478
0.7303017453641664 -0.08792218506001925 -0.6774430235025852 -38.67382986663892 0.06232286296795228 0.9961224318740608 -0.062096388532547564 -5.4280927148383356 0.6802758421916291 0.003128912203784001 0.7329495128853629 77.19387703923321
0.7269394654206984 -0.08751352398860103 -0.6811023393976605 -39.4532223023154 0.06306747054728855 0.9961626589320236 -0.06068320285093509 -5.506493594570349 0.6837993183475954 0.0011576133108232751 0.7296692073527472 78.02110554577976
0.7233278316801407 -0.0877254612987477 -0.6849095497631991 -40.25226731045588 0.06431566387584409 0.9961442904309097 -0.059666137985535765 -5.585350096336783 0.6875029769369115 -0.0008922341741199533 0.7261810109201858 78.85927896883955
0.718649777283135 -0.08841435984827158 -0.689728496282067 -41.06558509409168 0.06509689241610621 0.9960820043433475 -0.059858459895873725 -5.664290584182538 0.6923184904425613 -0.0018819128461153162 0.721589610648167 79.7029448360883
0.7166956805997151 -0.08947460106425603 -0.6916224383101689 -41.891033915602655 0.06682005711212316 0.9959829750000002 -0.05960699185231281 -5.742764431847703 0.6941774855015422 -0.003494177233816363 0.7197953940865522 80.55608015746962
0.7123911080119818 -0.08961777462193257 -0.6960370419002666 -42.717413343245 0.06736070680257442 0.9959653915602368 -0.05929143271436298 -5.823487749293501 0.6985423712306351 -0.004646857656172152 0.7155536054757915 81.39936926981972
0.7092178100627383 -0.0903866909978497 -0.699171183602609 -43.55141300867838 0.06878125340367912 0.9958870502833135 -0.05897560731539912 -5.903669618148284 0.7016261376759226 -0.006263319284573923 0.7125177427696149 82.24473664784031
0.70717997788841 -0.0931542525538959 -0.7008700051399498 -44.37609022218652 0.07203853278885339 0.9956169962880732 -0.05964265668080432 -5.984611560503824 0.7033540564092721 -0.008311554213260883 0.7107911010973498 83.08072984019392
0.7041377033658239 -0.09714173370628515 -0.7033872178759293 -45.23202168216636 0.07512514687649594 0.9952297247259473 -0.06224152415148629 -6.070261633540143 0.706078116787008 -0.009015464183963012 0.7080765597024519 83.94498746605286
0.7013941332064159 -0.10068937336753551 -0.7056259065499747 -46.09417045603094 0.07899359452663836 0.9948543863951341 -0.06344101113729314 -6.1539994691701505 0.7083828639425022 -0.01124277373312001 0.7057388455451523 84.80983277660586
0.6970263166819959 -0.10420492450901332 -0.7094333284818249 -46.94952355854943 0.0841762475213919 0.994434250448872 -0.06336308773574317 -6.238578677952041 0.712087546026433 -0.015551695800167801 0.7019184222912174 85.66528000464062
0.6895953881341561 -0.10702550410633958 -0.7162427955204065 -47.80963038959197 0.08788914431095941 0.9940771989723629 -0.06392198992169247 -6.3225686015655675 0.7188419151499099 -0.018869656966820875 0.6949174318360164 86.51010374102312
0.682069708430859 -0.10750210501262356 -0.7233423879871124 -48.68549564653521 0.09053712435735634 0.9939395984242609 -0.06234664222971378 -6.406866783216531 0.7256610379193194 -0.02296458364687233 0.6876690235453261 87.34884008190421
0.6720132421257725 -0.10672289818034986 -0.7328085871573794 -49.58563655318442 0.09148611413428967 0.9939450035703475 -0.06085738080257448 -6.49196333303328 0.7348663098334388 -0.026144844262846762 0.6777078675876914 88.19052248275753
0.6637476932517498 -0.10728737056721392 -0.7402218720220003 -50.492920431996126 0.09273631944418535 0.9938271826354816 -0.06088929389282907 -6.577110315285673 0.7421852698342425 -0.028230323618311955 0.6695999358344341 89.00973362792739
0.6555801190158601 -0.10847991557958304 -0.7472929917154298 -51.408690282521825 0.09310341505915738 0.9936884259618098 -0.06257048996022992 -6.663617412987602 0.7493640381386562 -0.028555560323472926 0.6615422271625142 89.81924122936108
0.6443235680592043 -0.11049765075056119 -0.7567280943787293 -52.34130865701765 0.0944523669740946 0.9934287263139329 -0.06463834858091756 -6.753084497955532 0.7588978126312178 -0.02982674827875563 0.6505263062095712 90.6278501138233
0.6346107287696953 -0.11108195011635524 -0.7648071804636408 -53.27965460178283 0.09455841941141546 0.993341486295819 -0.0658133491172451 -6.838598541167694 0.7670253765350997 -0.03055310069307378 0.6408888981635021 91.41272353126367
0.6253585680469438 -0.11171464792014422 -0.7722994877703561 -54.21302587327163 0.09712980983376122 0.99314619287001 -0.06501107312960092 -6.926940746391377 0.7742689851801722 -0.03435807078232351 0.6319233035425925 92.18225504690366
0.6139403347788717 -0.11149808903369093 -0.7814380599084242 -55.16052690051973 0.09857839641556926 0.9930534096793254 -0.06424348437313127 -7.016475337082404 0.7831727555857276 -0.037591244540464586 0.6206668456121667 92.94011764555651
0.6047028165995584 -0.11169220390569544 -0.788580595236308 -56.12771218353691 0.09892903059405901 0.9929835519715213 -0.0647820377862646 -7.107342498618886 0.7902832090474156 -0.03883963311760074 0.6115095521715173 93.692780657551
0.5968045277979086 -0.11182808933802352 -0.7945557463356 -57.105780097141825 0.09776368320959411 0.9929970871887404 -0.06632531251318226 -7.197686673294265 0.796408574693423 -0.03809544946163776 0.6035578836243516 94.43303821073744
0.5874196320006868 -0.11170266435906873 -0.8015364562608884 -58.09866908834568 0.09645819258399724 0.9930320825961687 -0.06769859686983723 -7.291197881606636 0.8035135300812342 -0.037547273000864814 0.5941011776344096 95.17088424937673
0.5790712319665049 -0.11168540646757405 -0.8075907864079228 -59.116374786794864 0.09508692963117238 0.9930640016603325 -0.06915464134592636 -7.385196185685963 0.8097129022821057 -0.03674586491756593 0.5856746172486471 95.90557367407716
0.5707750911533558 -0.11049759048018366 -0.8136375592467153 -60.142804772420355 0.09364759499524343 0.9931984127722955 -0.0691884442533571 -7.480370954084557 0.8157486887948306 -0.036704160045786 0.5772407481847137 96.63092716842007
0.5631947765832228 -0.10802238964726667 -0.8192330602241756 -61.185855833123924 0.09197244241573858 0.9934529367720702 -0.067766748889354 -7.5750693589468465 0.8211898157341319 -0.0371809864560262 0.5694425877827365 97.3509733871882
0.5561922047353194 -0.10629599769970928 -0.8242277550924186 -62.230583609759506 0.0924348686840371 0.9935451074431916 -0.06575647897402759 -7.6714244642425475 0.825897104028722 -0.03961414329151033 0.5624275004018298 98.06399590001323
0.5492269505323585 -0.10496433270434528 -0.8290550317493152 -63.29012934090507 0.09158406065411902 0.9936649515738278 -0.06513312404518154 -7.767301895328498 0.8306395828775733 -0.04015535921535094 0.555360631016691 98.77172138988438
0.5440949961381616 -0.10620777177306451 -0.832274320397076 -64.3480256672233 0.09216657700870531 0.9935184716005573 -0.06653096024402015 -7.863022640332492 0.833946015794735 -0.04050871268620664 0.5503572357447426 99.4716866442146
0.5392177546091261 -0.10803575320056803 -0.8352080514127475 -65.38682838906801 0.0931461927334463 0.99330363153212 -0.06834970639561412 -7.958340304327599 0.8369994025646353 -0.04094107491858183 0.5456700729295635 100.14959140708793
0.5340342629015942 -0.10919310463758757 -0.8383819367965629 -66.45381572222502 0.0928111971515327 0.9932032281359555 -0.0702383748645755 -8.055654377162805 0.8403531922533826 -0.0403015324761002 0.5405388966111759 100.83466390580946
0.5308319462935405 -0.11137478278200684 -0.8401268371826203 -67.5087794676626 0.0937166937255101 0.9929614001600258 -0.07242126144579583 -8.155618279265553 0.8422794228231929 -0.04029039032451995 0.5375333090480321 101.50666005375619
0.5261421827463568 -0.11133398997793893 -0.8430771887617952 -68.57095710836374 0.09456482178484828 0.9929040612859739 -0.07210422707871737 -8.255946291707366 0.8451224159940969 -0.04178836868569472 0.5329369889835845 102.17827397087841
0.5233949896380448 -0.10989030145071449 -0.8449744413110152 -69.62597564941063 0.09691367751043178 0.9928914218189429 -0.06909676974911569 -8.35211460437533 0.8465609392909617 -0.04572467742291223 0.5303242686709477 102.83973192733765
0.5212952958169383 -0.1082280744469253 -0.8464856162160357 -70.6957849849234 0.10007224225004964 0.9928342950334149 -0.06531162941275948 -8.450875547164571 0.8474885019221077 -0.05066306847214297 0.5283904736109546 103.50916622164478
0.5187186413988234 -0.10765709126751248 -0.8481396829326979 -71.76484207621779 0.10148089012182011 0.9927798552835146 -0.06395144942319061 -8.544709178656321 0.8489008187093718 -0.05289716101136545 0.5258985551905384 104.17035291391149
0.5161298952540027 -0.10742051124588253 -0.8497474713047197 -72.83369418569299 0.10289991023811404 0.9926952161125093 -0.06299060549261588 -8.637207454161725 0.8503067327136016 -0.054927603907430005 0.5234132388762326 104.82784412150116
0.5148981223738665 -0.10749259740457379 -0.8504853115010778 -73.88799881865678 0.10569610973677682 0.9924978928099074 -0.06145132345527692 -8.727034603229834 0.8507104419027536 -0.058251817749423486 0.5223968508390052 105.47556541655564
0.5123340862367427 -0.1077413439302379 -0.8520009312718315 -74.93310106754616 0.10868173652471161 0.9922567124594323 -0.06012401121991815 -8.81473232425899 0.851881484847473 -0.06179336038204967 0.520076452444022 106.11675547314003
0.5111842208474034 -0.10904008287413283 -0.8525262181794971 -75.96455804230004 0.11107488036557567 0.9919824997306198 -0.06027512903315975 -8.900017900679424 0.8522634940606141 -0.06388255282151181 0.5191974153793533 106.74521482664522
0.5086143413515001 -0.10977154537379763 -0.8539681841835961 -76.98920972169753 0.11385651020622214 0.9917039925438157 -0.05966478237885675 -8.985295872150406 0.8534331531263831 -0.06688347328678579 0.5168930780595302 107.36872072786595
0.5078829205889113 -0.1096280208890043 -0.8544218138659839 -77.99174870852089 0.11721469060994912 0.9914386418006167 -0.05753378007538547 -9.068658063440791 0.8534141171080379 -0.07093036430548595 0.5163847675330862 107.97946081598201
0.5073401013419596 -0.10979842871955772 -0.8547223681529847 -78.99282678770241 0.11961029435070875 0.991221296482736 -0.056335769138451466 -9.15055593998333 0.8534045928255056 -0.07365219921903414 0.5160193353882515 108.58513991443601
0.5059002841165641 -0.11171628560464357 -0.8553270567809026 -79.98693411339714 0.12280335710222497 0.9908055877607816 -0.05677695612161187 -9.233279308067294 0.853805737867346 -0.0763135557598631 0.5149679632676999 109.189582723666
0.5063568629914066 -0.1129936951783461 -0.854888970657269 -80.97948726668297 0.12489879662433402 0.9905340374596298 -0.05694393063108877 -9.31355128290807 0.8532309288248378 -0.07794065360175012 0.5156764844481828 109.78750007196514
0.5075226619525253 -0.11439704868294123 -0.8540105753778789 -81.97626017089084 0.1257937396762612 0.9903650444773202 -0.05790521337234613 -9.39654134089576 0.8524064069813672 -0.07804097596819687 0.5170231362396152 110.38769903110514
0.5086705431450826 -0.11554588980932544 -0.8531725651265739 -82.95319565836947 0.12648809132511138 0.9902301534574296 -0.058694172935700534 -9.476184309987195 0.8516190705294341 -0.07806017250715541 0.5183160890602725 110.97982731465596
0.5124194766714698 -0.11599010797989961 -0.850865779531971 -83.95416564825986 0.12662642884460606 0.9902105277844254 -0.058726980025809346 -9.559536884700567 0.8493480013785863 -0.0776492467168943 0.52209057359667 111.58630638467437
0.5154663910840225 -0.11683263851882834 -0.8489078479078532 -84.90063350968802 0.12588152243904577 0.9902384533632169 -0.05984686950252551 -9.637837010225192 0.8476132620312414 -0.07601276246495119 0.5251417122750823 112.16553535486885
0.5206016521465909 -0.11709802536238811 -0.8457316195096818 -85.83288545005936 0.12516324291541772 0.9903159349592457 -0.06007088802981864 -9.714928622215123 0.8445756818693846 -0.0745815085797035 0.5302164804802276 112.74280499750564
0.5266887854063299 -0.11711320671430415 -0.8419521483672917 -86.78656303520286 0.12579574683653227 0.9902968827416889 -0.059055178519186596 -9.792875275280675 0.8406987292752645 -0.07481029905826189 0.5363106056659419 113.34331755492553
0.5320052958288659 -0.11571490460135886 -0.8387970112387976 -87.72389872988478 0.12478166899518622 0.9905165243772672 -0.05750260879607484 -9.86989166303445 0.8374962091214603 -0.07407479860706377 0.5413991354984844 113.94007130974195
0.5385529515925735 -0.11411068128837133 -0.8348290068911303 -88.65987626470994 0.1238007392487107 0.9907505308833902 -0.055558640333914736 -9.94394281077484 0.8334471160741993 -0.07343117846108894 0.5476986093988333 114.5441224460036
0.5483287177163945 -0.1133576356197277 -0.8285443040503023 -89.5973360200598 0.12413301763851872 0.9908271398102447 -0.053409483684127235 -10.019123249688244 0.8269985557783338 -0.07356375100655821 0.5573704004325986 115.16636600448047
0.5552938558963496 -0.11245203662060892 -0.8240165490229195 -90.52302731201682 0.12376996829073851 0.9909565819483159 -0.05182709371188189 -10.09056691598001 0.8223926851286275 -0.07320923543643816 0.564190286422709 115.79248497125029
0.5648900821267043 -0.11247523932220756 -0.8174646877109114 -91.44163513942881 0.1233564541717287 0.9910450952441278 -0.0511155984679467 -10.162410357828367 0.8158936084619514 -0.0719648506701035 0.5737060919486268 116.42521640278552
0.5748828410529803 -0.11340967603808923 -0.8103381790609335 -92.35359890090322 0.12223979765608832 0.9911378657898713 -0.051991950016304134 -10.229342688030606 0.8090532435704417 -0.06916629510415412 0.5836513280116071 117.06950351118387
0.58540315891216 -0.11373661814635291 -0.8027248116436261 -93.252768587916 0.12091589568238853 0.9912854633728201 -0.05227309324173506 -10.294445413241586 0.8016748017163755 -0.06646135567654408 0.5940542066972052 117.71820335511204
0.5978686049274731 -0.11223974424260529 -0.793697279228316 -94.14818361669633 0.11958695015545857 0.9915569019334529 -0.05013852391772921 -10.359691842683088 0.7926235503658675 -0.06493958762178423 0.6062431503653626 118.38486926883203
0.6080028667571331 -0.11082296223809812 -0.7861620603004706 -95.02196186449265 0.11999225613662062 0.9916620467226981 -0.04699195204493004 -10.422641974289107 0.7848148651002678 -0.06576211774663628 0.6162312645323395 119.062461674646
0.6210443475319671 -0.10841860039267329 -0.776240507502338 -95.88253481563868 0.11960790338773528 0.9918962832206183 -0.04284521887344474 -10.48222558122173 0.7745952929406321 -0.06623571862686342 0.6289793015133325 119.74639311935267
0.6322142889842719 -0.10856665973842737 -0.7671495116320888 -96.7241957455817 0.12083122033479197 0.9918348236255876 -0.04078601274952714 -10.539640103727223 0.7653136017323334 -0.06691011161879923 0.6401703897921579 120.44184288065698
