1.0 0.0 0.0 0.0 0.0 1.0 0.0 0.0 0.0 0.0 1.0 0.0
0.999891404052396 0.0005029141861352949 0.014728447964735833 0.022674420848488808 -0.0004853431679291693 0.9999991663562623 -0.0011965486993805094 -0.00011608780187088996 -0.014729037447772741 0.0011892704074467607 0.9998908145851527 0.16647587716579437
0.999431388007755 0.0037718571713720945 0.033506324154872216 0.0381590100101217 -0.003774192747959753 0.9999928776883331 6.458174028936659e-06 0.005249479271229112 -0.03350606115307875 -0.0001329138274698432 0.9994385054619024 0.36094009333210375
0.998386787013339 0.004247511647843614 0.056619627003216544 0.07129057910570032 -0.004356202103148376 0.9999888982069626 0.0017963758130887027 0.005110114437299692 -0.05661136829664569 -0.0020401244145289927 0.9983942061490316 0.5933460943398304
0.9965285626051977 0.0034067891683898723 0.08318183515396081 0.12104694292980289 -0.003729857291032083 0.9999860920507058 0.003728789313697742 0.002410113014870661 -0.08316797506617017 -0.004026101429367262 0.9965274097738975 0.8478292451416949
0.9933645307293072 0.00040756889706555023 0.11500757790918713 0.18987401792215777 -0.0010810247187348948 0.9999826335537949 0.005793442532254394 0.003767043409012059 -0.11500321940928908 -0.005879326356921755 0.9933477201096744 1.1196296155467482
0.9886674192572044 -0.001019933691300324 0.15011893229891002 0.2646097794074148 3.848271517057646e-05 0.9999786094207755 0.00654058254077605 -9.595346864235774e-05 -0.15012239212848963 -0.006460683876914416 0.9886463103382638 1.384080901553028
0.9821989298758698 -0.0012735148804745265 0.18783940031459287 0.34334310836809545 -0.00022842953673845006 0.9999681808014125 0.007974033148953907 -0.003963902744868681 -0.1878435784652843 -0.00787499489289233 0.9821673861846533 1.6540302648223373
0.9737309073261367 -0.0012279646467414842 0.22769851167858993 0.4421350824353236 -0.0011808405710353978 0.9999447794765126 0.01044239499417093 -0.010779200117173357 -0.22769876093945787 -0.010436958392886424 0.9736756873652237 1.9548713377896536
0.9637405745726821 -0.0038664658812529776 0.26681295951266265 0.5504489026160118 -0.0003110556191901928 0.9998780600982246 0.015613077166695553 -0.010882236236532828 -0.26684079179675363 -0.015129949629807973 0.9636218534557429 2.223667684901306
0.9518399177182291 -0.010849592929311475 0.30640342258438186 0.6864646431980319 0.004855753051697892 0.9997817883241505 0.020317416116830432 -0.019244980840193292 -0.3065569974742967 -0.017851108330626107 0.9516848980786194 2.5033777936265666
0.9374583958767797 -0.016309845167611362 0.3477150341166509 0.8365470012359971 0.008271726237426513 0.9996634237728966 0.02458897549112631 -0.022671894838380616 -0.3479990438854513 -0.020174937949314364 0.9372777802410304 2.769692610147149
0.9182072242953383 -0.019136625208868073 0.3956378177417647 1.0072385941025055 0.008324648128177169 0.9995439651708322 0.029026917234052006 -0.015016027640809834 -0.39601287035321536 -0.02335917948442933 0.9179477954918907 3.0587713266522396
0.8968235605804291 -0.022707573429395205 0.4418052368372182 1.1933003738376384 0.00905004613244786 0.9994144956336973 0.03299640256517905 -0.014993516525558486 -0.44229582617614915 -0.025593593459915194 0.896503971056998 3.3389943171122902
0.8733680038777887 -0.02920911306337378 0.486184283494004 1.4000729519403587 0.012564013937456903 0.9992190779518243 0.03746171126477828 -0.01753632107838554 -0.48689883482742735 -0.02660943387517431 0.8730529552510182 3.6035748499997897
0.8470346857411527 -0.03630555805708999 0.5302962828509643 1.6257433239330656 0.01714870422994682 0.9990118191113642 0.04100374640245547 -0.022555211880780916 -0.5312609180945089 -0.02563770133936239 0.8468202555297158 3.8548727642965965
0.8207941302796491 -0.042778242542843056 0.5696200643090272 1.859371851385176 0.020957912742550336 0.998775739122185 0.044808356747473695 -0.019783862640699767 -0.5708395235019648 -0.024840388601608414 0.8206858068117001 4.098056816695835
0.789665308698277 -0.04826834280720992 0.6116362213939758 2.10503809307614 0.024500887649777932 0.9985862167385277 0.047172812553495654 -0.016209783219667796 -0.6130484538295712 -0.0222651032443136 0.7897315103468343 4.317737147395641
0.7562492172272386 -0.0522958775708519 0.6521903576658304 2.3605613094540163 0.026144064552628618 0.998419819502581 0.049742857910478014 -0.009577401190862367 -0.6537611255893526 -0.02056709054602733 0.7564214337620363 4.533645804467216
0.7219965330036122 -0.053304049060274625 0.6898403327470377 2.645490438580066 0.022946949209967468 0.9983242327977895 0.05312404098579472 0.007270283926370986 -0.6915160474296451 -0.022525642332352255 0.7220098001999667 4.78107787890865
0.6867823369863311 -0.055931420576406946 0.7247080086461709 2.941601366755299 0.02227347295577041 0.9981862168111482 0.05593003639133328 0.0161139885322246 -0.7265217918315198 -0.022269996869159696 0.6867824497126913 4.99914464755059
0.6512274466694231 -0.05868394807673204 0.7566102080612918 3.2677783576665527 0.022947203513922754 0.9980724534920377 0.05766110848115019 0.033361069710790225 -0.7585355881930091 -0.020188408023214158 0.6513188079782235 5.218921063195218
0.6165912093217589 -0.0620502544011696 0.7848344070667909 3.6519348522336204 0.02247840853625512 0.9978703251173269 0.06123345000828948 0.05089134868177066 -0.7869625160938786 -0.0201141785561978 0.6166728614785972 5.475768269531474
0.5836007020316554 -0.06324391825473183 0.809574225992866 4.065920093246449 0.022072513630941627 0.9978296322131035 0.06203893309426628 0.07052263820928939 -0.8117407373848937 -0.018336626768622147 0.5837300261153073 5.736991329182375
0.5510695895805473 -0.06445958629696211 0.8319659062569522 4.5125333811687725 0.023013538880780567 0.9978067374670796 0.06206522128765443 0.09343225682339656 -0.8341418850937232 -0.015055776291085357 0.5513443924921726 5.994599285760922
0.518703513563572 -0.06451282097097484 0.8525167217991517 5.0375691458500516 0.02420984499047085 0.9978574779355716 0.06078105900358763 0.12460591971547652 -0.8546113434903276 -0.010888051176733863 0.5191540252364708 6.28100141752102
0.4891201233940314 -0.06343652738958873 0.8699064960579144 5.559141198582312 0.026288395875028996 0.9979707320115188 0.057994295329037986 0.15179287328331884 -0.8718201793565723 -0.005497730544859157 0.48979521213006033 6.54027196288223
0.46108081219693003 -0.06207062026956725 0.8851845698627889 6.082905397586796 0.02808891838411036 0.9980715421772677 0.05535530110027 0.1810327664701989 -0.8869134666289775 -0.0006593900529683963 0.46193513388454005 6.786582508796456
0.43827589390118926 -0.06124937454151652 0.8967512224376316 6.6539368137228205 0.02807765515474606 0.9981216291977694 0.05445051522806614 0.20928365478943914 -0.8984018511257225 0.0013143233482397938 0.43917238807558434 7.05190339571694
0.4217126245180212 -0.06209426723837971 0.9046008867441218 7.232647413364213 0.03073194122518158 0.998058010847598 0.05418260580175143 0.24480921104481268 -0.9062085908391371 0.004950652387785533 0.4228019405469668 7.305891854416624
0.4103078673240129 -0.06351443187431463 0.9097325821117452 7.857794031616767 0.03217830947936241 0.9979588261112913 0.05516101690164964 0.27662069633001873 -0.9113791803695488 0.006640657366311524 0.4115141446641569 7.575674987540169
0.4028417566509979 -0.06469736892998937 0.9129801583560702 8.464022802195508 0.032246021830155916 0.9978825376122507 0.05648570796816205 0.31041977047020164 -0.9147014338976776 0.0066851762932793705 0.4040749871539446 7.842174392079243
0.39727954926297027 -0.06677204586907329 0.9152652367635679 9.048594387673244 0.032124638353899164 0.9977500691361636 0.05884562132743927 0.33860625373415626 -0.9171351957852467 0.006024402811861007 0.3985307255692063 8.090384375558186
0.38977055037285324 -0.06793601188595938 0.9184027528002484 9.704323671883575 0.03186504856096126 0.9976729891785796 0.060276241950587145 0.3725330641462538 -0.9203605471456558 0.005771044317012794 0.39102833440204865 8.36985041903842
0.38191465805528185 -0.06869999610648628 0.9216406590952279 10.379958107826189 0.03138871320680911 0.9976222248595824 0.06135670419308272 0.4110783456793867 -0.9236644101868047 0.005496089626774357 0.3831629553506923 8.648134240173107
0.3763100135777501 -0.06950001711995611 0.9238833916146775 11.034566292536796 0.03145074045118576 0.9975660176908132 0.06223255798667021 0.4441212440063583 -0.925959839629228 0.005638082015892443 0.3775799086617248 8.910256010186561
0.36733927521801546 -0.07083160011041766 0.9273859721324778 11.754222728693412 0.03131591681681764 0.997472495680531 0.06378035524183748 0.4819447188970633 -0.9295596646994884 0.0056129124927001076 0.36862898011025125 9.193227630088428
0.3594297406388737 -0.07349894852148493 0.9302731674677651 12.472508656252092 0.030461367787159386 0.997286251904691 0.06702415112800081 0.5238548323666915 -0.9326748450648854 0.00424691984028331 0.3606932173676999 9.466977798766925
0.35090278956842064 -0.07557856055700644 0.9333569057210813 13.21069087925507 0.028139073531564838 0.9971384967745671 0.07016417027900801 0.5626136730158118 -0.9359890089172447 0.0016429955226217527 0.3520253907771807 9.745384284632548
0.33946816602336055 -0.08028339117088575 0.9371851158436303 13.99448941299479 0.029241481374305333 0.9967700443841416 0.07479581796779977 0.6061708459145915 -0.9401629114274676 0.00201388195747159 0.34071930420169777 10.022185019467374
0.33029508409117486 -0.08268653334088158 0.9402489535379827 14.76125815530735 0.03002077857501248 0.9965717743013267 0.0770937839235826 0.6480800520195084 -0.9434001856470849 0.0027633077956044014 0.33164507210431 10.283804988024244
0.3176429967769518 -0.08397311018273232 0.9444847502023505 15.519681961264627 0.030694652473637025 0.9964594690055993 0.07827109899957918 0.6917297242780077 -0.9477134402909354 0.004128364726859221 0.319095897335898 10.5338084159533
0.3050440626768484 -0.08293250501709441 0.9487203589241632 16.299921321492473 0.029626257762765253 0.996545277767424 0.0775873327961619 0.7369629937629533 -0.9518773054740709 0.004439478689868527 0.3064471999421516 10.782703106432415
0.28980699339131505 -0.0823611401781603 0.9535347655801756 17.068294308870062 0.030060211154281567 0.9965822254446706 0.076943171452108 0.7794953085745513 -0.9566129260504725 0.006364787215760573 0.29129229168800846 11.009544015599776
0.2713323066257162 -0.08073822141743135 0.9590933838701624 17.854366062232028 0.02878862274999566 0.9967103744324153 0.07576044283762667 0.8261394174983656 -0.9620550891613885 0.007054721904135905 0.2727640671304205 11.23085883633487
0.24736397047170772 -0.07989142015944257 0.9656233360360447 18.68900477456467 0.024526689615475255 0.996791833204185 0.07618715609567585 0.8709642361880622 -0.968612155410502 0.004837586417641676 0.24852985766034957 11.452356478935942
0.22109538581721577 -0.07999290178214169 0.9719660313173549 19.484266466539438 0.022087887436079638 0.9967855363714472 0.07701116613386405 0.9194981401421667 -0.9750020285101707 0.004441862802830418 0.22215155695131483 11.634996111503881
0.1887781109218914 -0.08028004748272838 0.9787328229976416 20.297028798772427 0.019141925202330583 0.996764332234779 0.07806697563056808 0.9631664440712737 -0.9818331892619593 0.003997494305962752 0.18970400233775603 11.79733076550636
0.15642542049724117 -0.08074659042824961 0.9843836020355449 21.110488244420644 0.018744637857667213 0.996715820085295 0.07877951855198614 1.011940906055732 -0.9875118867000267 0.006128794817117637 0.15742525686891373 11.924082252322462
0.1203530962233213 -0.08051592271407322 0.9894606199434932 21.928194628070045 0.01836170793981177 0.9967155663728343 0.07887285611421405 1.0633244515404494 -0.9925613229977246 0.008675594480025327 0.12143621432433221 12.023069723553885
0.08649442239944805 -0.07954612338105235 0.9930715629544692 22.78653466134992 0.01633650466440805 0.9967864836336492 0.07842081777573191 1.1157703963299983 -0.9961183832803889 0.009440354882692376 0.08751597677311951 12.102757496946019
0.05772784145959259 -0.07749211388281427 0.995320284434307 23.606347704089238 0.014308482133213625 0.9969447136900933 0.07678870479713737 1.1697485688281386 -0.9982298150523556 0.009808676330236785 0.05866026090283777 12.153609238180895
0.028785601172812758 -0.07449387283250203 0.9968059249801512 24.43792763678424 0.017309945281982448 0.9971067776876106 0.07401648251413183 1.2220293295751827 -0.9994357182727934 0.01512404707229605 0.029991802891797648 12.176826098806165
-0.0016558787211776727 -0.07040308973934156 0.9975172494853485 25.267695114447463 0.020101100988830185 0.9973147269418773 0.07042216386824231 1.2706225148344383 -0.9997965812127473 0.020167805532653817 -0.00023625261788401408 12.172053563001132
-0.033562445077013836 -0.06626178214594806 0.9972376539758693 26.11226076045814 0.024112649982601278 0.9974556675036161 0.06708778931916165 1.317541830449405 -0.9991457062867605 0.026297672744153223 -0.03187930389723764 12.141938996394973
-0.06417007138737235 -0.0630996628050586 0.9959420839044949 26.965136579934217 0.02736050195249988 0.9975125743100139 0.06496204296600273 1.3652159989582155 -0.9975638349855348 0.031418094265843674 -0.062284014655895226 12.086330924830458
-0.09057405057815299 -0.05846755568017846 0.9941719601229214 27.750494367390353 0.03399699709347505 0.9975117793379931 0.06176126836924263 1.4038518995182712 -0.9953092713074126 0.03939282948376001 -0.08836096103354124 12.005119797786767
-0.12017070678802705 -0.050039520259012274 0.9914913250464245 28.57528283447025 0.038439429391644506 0.9977453883934093 0.055014090992492 1.4420893689400418 -0.9920087759178905 0.044723442979418666 -0.11797627791194237 11.902889667611294
-0.14637648808206072 -0.03727421864088977 0.9885264570872516 29.412588196368965 0.04177010775450064 0.9981657273383427 0.04382281215639895 1.4763078859585124 -0.9883466911134675 0.04770548597204276 -0.14455104556256748 11.783269466489742
-0.1698669215703491 -0.020679728259663924 0.9852500077621514 30.207589780053834 0.04221644408133267 0.9987092825439298 0.028240765034200515 1.505799033588645 -0.9845623397252917 0.046390923677974635 -0.1687746467777781 11.65254833050388
-0.19221734342017632 -0.005331348256040796 0.981337897777449 31.047371637632004 0.04220828106714618 0.9990149711137926 0.013694834787795922 1.5236153399257346 -0.9804442635345707 0.04405297057272127 -0.19180297673881957 11.496311045779478
-0.21410894058375757 0.004201188568463039 0.976800753263793 31.842678951181895 0.04404943195998118 0.999014981111449 0.0053586433818868795 1.5273733142071784 -0.9758160734001589 0.04417485177681377 -0.2140830992030725 11.319695030630134
-0.23682948988077002 0.008895589201016033 0.9715105049435036 32.63727955750797 0.04682738585934326 0.9989004193858207 0.0022689390497815966 1.5324897257168983 -0.9704220672760873 0.046030648959125176 -0.23698563395279326 11.123111276578818
-0.25869038388981713 0.007319238094156303 0.9659325618471822 33.38890494499303 0.04766457361158574 0.9988498805971118 0.005196580949208995 1.534009710075461 -0.9647835890526771 0.047385069218657996 -0.2587417274228845 10.920556036171543
-0.279166117893399 0.003562545389592952 0.9602362141112342 34.13828944724242 0.04831464400888712 0.9987786355767267 0.010340807018151606 1.5347808051284622 -0.9590265761670129 0.04928027380036798 -0.27899727744108443 10.699818548441552
-0.29686141343709005 0.0006325346145559033 0.9549203637540121 34.87586669916009 0.05324671194086864 0.998454926662191 0.01589173028607159 1.534976283305367 -0.9534348896907537 0.0555640110499636 -0.296436421170578 10.459386468542277
-0.3116210346082023 0.0012495525149445671 0.950205645851584 35.60977627834167 0.055607590980624906 0.9983092617370992 0.016923763034836545 1.534904392680377 -0.9485779496778559 0.05811244744837522 -0.3111636496066253 10.210886474640603
-0.3218901511478279 0.0037405304275149494 0.9467696335572607 36.34550052936881 0.056685362270480155 0.9982744174008302 0.015328315866331554 1.5375327250432178 -0.945078568320271 0.05860201357593817 -0.32154673642653037 9.957793456686947
-0.3301327625446344 0.00578666866626008 0.9439167725813515 37.09574267410126 0.0573330249473922 0.9982578902991024 0.013932290047477574 1.5393363294688729 -0.9421917444687307 0.05871710927261545 -0.3298894022754262 9.692556875246787
-0.33728782075894265 0.006765124890632284 0.9413772671213694 37.832918672023084 0.053884463079552025 0.9984734875509633 0.012130923148931355 1.5414272920841687 -0.939858175793727 0.054817221226828264 -0.3371374818240433 9.437453583302124
-0.3474024943499145 0.005697224511547926 0.9376988048154496 38.591091457267474 0.05513355726730544 0.9983757182720292 0.01436022380962966 1.542716278456343 -0.9360939043613682 0.05668744832566483 -0.34715232307996263 9.149675082504201
-0.35510460975663516 0.0074369317593166034 0.9347969876799964 39.330965581626856 0.05741297171291902 0.9982541922185745 0.01386789086823776 1.5409957108951131 -0.9330618772668187 0.05859402498590672 -0.3549116417184305 8.86155298072056
-0.3616059006451565 0.009409591493764465 0.9322835578334127 40.04772124984167 0.06051869062451612 0.9980771179207932 0.013399804775348755 1.543846081814699 -0.9303647997982832 0.061266028685102725 -0.3614800312955847 8.575253818187194
-0.36618070815717924 0.013176898390790222 0.9304504598968747 40.789281024414755 0.06290436044505657 0.9979630205190859 0.010623140468859236 1.5473590651194977 -0.9284151713595082 0.062419380205361724 -0.36626368993427855 8.279003708940673
-0.3669165081543865 0.015090857189512908 0.9301314649408857 41.54803238554467 0.06269152232536636 0.9979964263197862 0.008538505809794098 1.5491296973916149 -0.9281390246468039 0.061444276236452836 -0.3671274327062176 7.983866015310009
-0.36742893740538696 0.015349704459374829 0.9299249230610813 42.33149376057438 0.06486945915368567 0.9978517155304942 0.009160080892539023 1.5512946392985583 -0.9277865752565384 0.0636894056013981 -0.36763532255196063 7.675299999461934
-0.3651163294764323 0.015120851846021487 0.9308390976904163 43.133227297809164 0.06449042475985414 0.997876959711117 0.00908616486708506 1.5546337493071853 -0.9287254982307481 0.06334771595842212 -0.3653163229571054 7.366629334512374
-0.3583880753657358 0.01347846987208053 0.9334753977934026 43.97503161862558 0.06193552177055636 0.9980361860288108 0.009368165245874291 1.560715378663335 -0.9315159572324313 0.061172724534489104 -0.358519063920421 7.052306854083737
-0.35144804244254674 0.013625614219432043 0.93610822883919 44.786552505559285 0.06068548295498236 0.9981227999994349 0.008255197139309608 1.5628768456534674 -0.9342384843399583 0.05970945283982705 -0.3516151811565395 6.753824228151209
-0.34480840714223665 0.012655065784853491 0.9385877751569188 45.62894113498766 0.058493172753667 0.9982555201123697 0.008029028981879197 1.5671782891838122 -0.9368488197704278 0.05766945357087423 -0.3449471307600536 6.452370551122819
-0.3403932564309149 0.011233939594465607 0.9402160547329242 46.50588810001328 0.05537711672635307 0.9984324994081291 0.00811905590029982 1.5741842650249813 -0.9386510565270957 0.054830126087984 -0.3404817929842101 6.1465753568530594
-0.33849242353241826 0.010124009209839406 0.9409146526910234 47.37146150064882 0.05178060860334863 0.9986273713805855 0.00788300083526488 1.5743857223870317 -0.9395433187372558 0.05138946941758648 -0.33855202650281413 5.847696988373875
-0.33803915609918683 0.009379232810767503 0.9410853090637592 48.262987429188804 0.05048895172648353 0.9986911008693815 0.008182346721061984 1.5750536607923564 -0.9397767791860525 0.05028036432032171 -0.338070244574268 5.535334037026181
-0.33711394398456823 0.008088513752293428 0.9414291076424439 49.157037364721035 0.0493929111124146 0.9987379133401462 0.009106085262718073 1.5764707777186593 -0.9401672878286131 0.049569712549597675 -0.3370879922138132 5.222949040962644
-0.33871490635492263 0.0075877814787700115 0.9408584578910936 50.081004054909535 0.04988189121016009 0.9987060217732456 0.009903484394660406 1.5757643875265699 -0.9395658620566597 0.050286257030007345 -0.33865510953127265 4.893301499399776
-0.3375435349954803 0.006893125191424276 0.9412846789403568 51.012282017627776 0.05014055863746553 0.9986852068146512 0.010666867820524305 1.580148661172424 -0.9399735562037255 0.05079707191042618 -0.3374453602037657 4.558476234396096
-0.33674285370010265 0.005824300699968511 0.9415786361230101 51.94741692762266 0.050308220696665226 0.998663855933029 0.011814642750000007 1.581472639914432 -0.9402517393827288 0.051347642344423655 -0.33658592693905404 4.222504540205003
-0.33748968905033366 0.006030509634712879 0.9413099079146332 52.91523831018033 0.051215136332230654 0.9986159710477758 0.01196462196557967 1.5831674803824152 -0.9399349549810245 0.052247251811495685 -0.3373314469227054 3.873933176238483
-0.3362929553258023 0.00453320434178427 0.9417465148630144 53.898708764107965 0.05093117549566312 0.9986125285026962 0.013380331837509325 1.5831780256208172 -0.9403792126375765 0.05246396835779324 -0.33605723986143277 3.524203309506193
-0.3361916587123289 0.004280870256869986 0.9417838620204199 54.871146961365625 0.0519712562283616 0.9985502550267179 0.014013447545946977 1.5849475234301644 -0.9403585258497417 0.05365689457954931 -0.33592674875005135 3.179074686140316
-0.33455214831740904 0.003915599630650232 0.9423691039798257 55.866901960244 0.05153548152446031 0.9985709631052464 0.014146582170368769 1.5857417280686594 -0.9409670314098411 0.053298215003820135 -0.3342758532666668 2.8252522870946923
-0.3330112363621772 0.0032254877325668674 0.9429173413854586 56.816813652229655 0.052915693132167554 0.9984821845840571 0.015272736774765962 1.587023481652274 -0.941436904883634 0.0549811176417511 -0.33267646569300247 2.489678599814546
-0.33200391473687113 0.0010267399262552067 0.9432774493247024 57.80373733382863 0.05484063965338207 0.998328953461864 0.01821551322767438 1.5870651305008627 -0.9416824862137984 0.057777560392106506 -0.33150542781881603 2.1410664484819
-0.3297739975644581 -0.0009709101443707464 0.9440594090754292 58.7608793763158 0.055990873086774 0.9982190529304245 0.020585055201956342 1.588384626376001 -0.942398075476249 0.05964712650395139 -0.3291323254232013 1.8045254663484995
-0.3281305545923919 -0.001889480021614806 0.9446304933719523 59.728000614497894 0.05702358901573973 0.9981346987051325 0.021804438460528243 1.5878137855516696 -0.9429096719403476 0.06102092351040645 -0.3274107473118189 1.467573535421371
-0.3279537143744752 -0.0024108048873786384 0.9446907161858744 60.714000468610735 0.057022190793331026 0.998122875490511 0.02234267619787525 1.5922436972767207 -0.94297127792161 0.06119569790719882 -0.32720063504299135 1.1278335298361974
-0.32637178000865597 -0.0027566001656892415 0.9452374634818005 61.697920129362316 0.05585642077390347 0.9981920390795342 0.022197147937748504 1.596292024033892 -0.9435896997489482 0.06004210417505511 -0.3256277387660974 0.7888655427318831
-0.3271406373243956 -0.0012261605550590651 0.9449748673595936 62.64870485868383 0.053700477506530855 0.9983590567919634 0.019885985945681535 1.5972685533793214 -0.9434486006807995 0.057251115724975064 -0.326537972710199 0.4665220699933058
-0.3280052692603505 0.0005692083907569458 0.9446757217898918 63.612241663917494 0.05062496673048639 0.9985734457572704 0.016976047007148727 1.6035285035212021 -0.9433184277225704 0.05339240985626766 -0.3275661681076942 0.1394495924195584
-0.3295455031639305 0.0012241287006030353 0.9441389001907275 64.55794506860826 0.049297823195322374 0.9986573608443852 0.015912267579776655 1.602987846724334 -0.9428517836715561 0.05178780879948519 -0.3291633893480763 -0.18712218361390875
-0.33276160987550196 -0.0006717196860340086 0.9430107421369747 65.52377980247162 0.04795666111938543 0.9986937485756249 0.017633922145886372 1.6043900123112036 -0.9417907780645045 0.05109153891428747 -0.33229472611527444 -0.5258340930953366
-0.3353917569818303 -0.004365433846934337 0.9420686346206252 66.4734353705795 0.04992910005017396 0.998501483510714 0.022402508678340833 1.6043396547289916 -0.9407547259072476 0.0545502558585334 -0.3346712047203164 -0.8676408595779732
-0.3398642236485745 -0.005462245256608982 0.9404586505320203 67.41600990678187 0.04859309752757434 0.9985454467771572 0.02336025670413836 1.6085959901293423 -0.9392183028223138 0.053639114434936803 -0.33910444563026365 -1.2075742430095642
-0.3435207917366103 -0.0033522983931858832 0.9391390886019684 68.35166332188568 0.0501163438929019 0.9985033410182584 0.021895891171276112 1.6108406500144903 -0.9378069192106984 0.054587911398578125 -0.3428386533191381 -1.5543857030533912
-0.3481744804923085 -0.0010534629261276796 0.937429155376434 69.27117168354418 0.050799072418839325 0.998508823287539 0.019989598753348537 1.6159160767577372 -0.9360523411515493 0.05458039971269568 -0.3476017758756501 -1.8953921725623557
-0.35323005859234685 0.0014069601509473333 0.9355354328778684 70.19901762253902 0.05102085196209338 0.9985396216194564 0.017762227369757386 1.6160117082447039 -0.9341442064113599 0.05400596744070467 -0.3527859933569985 -2.242521607408876
-0.3560097183258178 0.002784205043424727 0.9344781049654659 71.1081891379982 0.05041200463331977 0.9985966187344524 0.016230306250012302 1.6218303374672816 -0.9331214873993753 0.05288706131366358 -0.3556504583143157 -2.587405585303535
-0.3588076761417625 0.002443333172820899 0.9334083145466163 71.99764389703401 0.05163897826641935 0.998517058839268 0.01723656376945189 1.6240251837425927 -0.9319820102691623 0.05438486305935415 -0.3584017566986342 -2.9276783849231096
-0.3616372821326974 -0.004047295148584887 0.9323100855260851 72.9587529735706 0.05228900738360424 0.9983285476383077 0.02461647166481434 1.6272395785191522 -0.9308514037581472 0.05765180285444217 -0.36082119359749276 -3.2965174252622096
-0.36199681686744783 -0.011405065587341296 0.9321095585052137 73.8581534850375 0.05510850550393283 0.9979144568650473 0.03361234000871219 1.6371790113062943 -0.9305489547567924 0.06353472482577313 -0.3606133407714624 -3.647622688589533
-0.36332178313734725 -0.014446237090787684 0.9315517098539486 74.75770142914789 0.055895390257310676 0.9977406667493525 0.03727287569454357 1.6452009800523213 -0.9299854769005168 0.06561149402714976 -0.3616934400920813 -3.998962959006267
-0.363603855567142 -0.009543399873661897 0.9315047824544759 75.6450168319559 0.05489549772670693 0.9979902829903271 0.03165247835832186 1.6562074452942204 -0.9299347937065513 0.06264438183698767 -0.3623492250277563 -4.343961137058399
-0.3626124705624758 -0.0033077093434383947 0.9319341474865471 76.51370187812806 0.055995465991301806 0.9981096567945283 0.02533023493626105 1.6664396795515464 -0.9302562571576688 0.061369145931881336 -0.36174179181647914 -4.682855910031333
-0.3625199273580119 -0.0005446793448113316 0.9319758610569017 77.41301462785253 0.0612585577360989 0.9978233646761867 0.02441151388970081 1.6717836255298997 -0.929960585924175 0.06594115733519813 -0.3616974874074465 -5.044753186786044
-0.35902176775642664 -0.0006543043333120946 0.9333289571008125 78.30475643228556 0.06405325690307588 0.9976247465039518 0.025338615649531705 1.6767443498877892 -0.9311286433985153 0.06887987404725375 -0.35812708972385127 -5.391015703597533
-0.35658415002627786 -0.003035699132922419 0.9342582771807865 79.17296308443822 0.06408691555475601 0.9975597603827377 0.02770183603684849 1.6874218929991394 -0.9320625575596923 0.06975176697338384 -0.3555194506625148 -5.720930129297434
-0.3545335985909297 -0.006563655004880983 0.9350202382318484 80.06162180491089 0.06409035336447168 0.9974530247425146 0.031303195326129116 1.7046027901960175 -0.9328442281944949 0.07102381195757898 -0.3532099433187461 -6.052927519638261
-0.35151235659363117 -0.012221614047204218 0.9361034639996121 80.96381410359109 0.06278268119979136 0.9973560171882783 0.03659658344299367 1.7191730522873225 -0.9340756918490906 0.07163523663963019 -0.34981565826621736 -6.384360087296156
-0.3499965181265752 -0.016046402612973545 0.9366135543875377 81.87367532371289 0.05861957812741808 0.9975184891534108 0.03899498502706247 1.739786764043656 -0.9349150669228933 0.06855200041048878 -0.3481873646189404 -6.709454599797152
-0.34831485175535254 -0.01732394803386259 0.9372175013683681 82.77724504518315 0.05409178466933687 0.9977916761543275 0.03854672266774216 1.7643009603451856 -0.9358156030318865 0.06412216326402098 -0.3466085764957488 -7.02692491731933
-0.34634833047679875 -0.01882574416672983 0.9379170674065503 83.66314940708499 0.05610063303025896 0.9975935876301445 0.04074006495848756 1.779584823927053 -0.936427014213889 0.06672799469328002 -0.34445873740504124 -7.3510591682984625
-0.3442100571202927 -0.01785304774804273 0.9387229118666228 84.59282483517109 0.05896062748230509 0.9974347870150928 0.04058928502757745 1.7971157796033992 -0.9370395301075286 0.06931893203348694 -0.3422744581145359 -7.690378830967343
-0.3388331478215879 -0.01579660300734919 0.9407138594018599 85.53654485947688 0.05991854557031536 0.9974670237451345 0.03833150711570557 1.8187765054658573 -0.9389365611339523 0.0693541914699577 -0.33702838202664254 -8.027443905543082
-0.3315728464808187 -0.015417667571399452 0.9433036324552477 86.44395415282605 0.06397673292681338 0.9971973668564684 0.03878645612243024 1.8390736007544064 -0.9412578951172832 0.0732100202238999 -0.32965719743120653 -8.346064873747542
-0.3214169794805596 -0.016010524960811182 0.9468024019784029 87.35572394483675 0.06837996549765307 0.9968543286230909 0.04007028604773079 1.8565560898702573 -0.9444656190778644 0.07762158588876186 -0.3193111081437353 -8.657871794673142
-0.3101054275731376 -0.01695632991344615 0.9505509490109134 88.2792935584036 0.06701255401542652 0.9969641367916715 0.03964628047581149 1.881231787117408 -0.9483374617687583 0.07599337357364483 -0.308027702940637 -8.951053411177277
-0.2999451098124111 -0.018240838578897328 0.9537820520997233 89.17878160039822 0.06651114339855044 0.9969842473793702 0.03998347510170016 1.9053695580807233 -0.9516350134917473 0.07542998266822967 -0.29782733053101845 -9.225740209207855
-0.28849301834579255 -0.022046710477214477 0.9572281446566792 90.10233330848197 0.0680709781444969 0.9967329238554746 0.04347206501845008 1.9289713692705668 -0.9550592234517113 0.07770084336511932 -0.28604974854064036 -9.501609737203225
-0.27588361599479183 -0.02365488552354183 0.9608999306985646 90.98731804477342 0.0690497682601168 0.9966265036586639 0.04435923475818035 1.9550349926363697 -0.9587076509180796 0.07858790362374683 -0.2733195592619787 -9.748772469514856
-0.26248976651561895 -0.024624672513550723 0.9646205201933953 91.87627022873001 0.07126598663629213 0.9964494166909302 0.04482989097757163 1.9814293347673666 -0.9622994760589512 0.08051202071681908 -0.2598028731495532 -9.988445134184126
-0.24592022544449693 -0.02516934694604584 0.9689632328894824 92.7473864295838 0.07371562214061445 0.9962820563731027 0.04458779206692934 2.002915338430707 -0.966482927821154 0.08239276742100088 -0.24315053384057966 -10.210783140581583
-0.23170822331561447 -0.021911904497561235 0.9725385173293709 93.60985159240771 0.07737501389239083 0.9961636540738308 0.040878864067210995 2.0240695208200985 -0.9697032569157812 0.08472215025341923 -0.22912387650213017 -10.416423689702874
-0.21836549405767036 -0.013699945356008082 0.9757708862751503 94.50078969798068 0.078452367026637 0.9964186085843854 0.03154651446159352 2.045671434580505 -0.972708454323734 0.08344020592016824 -0.21650864861047137 -10.611822288015578
-0.20274914154810858 -0.009576982966017507 0.9791838780325041 95.40801185726977 0.07537398113523375 0.9968328905199884 0.025356485272813804 2.0607620221688827 -0.9763255341172484 0.07894599277248723 -0.2013851574864342 -10.793832774747253
-0.187849362110806 -0.012954260225853085 0.9821124193780283 96.34125443445168 0.07354113667045617 0.9969207584362634 0.027215852293889595 2.0770940212922606 -0.9794408192289009 0.07733814415194103 -0.18631825752553893 -10.965976610109411
-0.1740925882951001 -0.01819986744241755 0.9845610877572764 97.28970631871404 0.07298105069799168 0.9968410603315812 0.031331560382881936 2.086998410148643 -0.9820211489269108 0.07730889510326375 -0.17221439486344514 -11.127872773553838
-0.16145605459760254 -0.018914261116303975 0.9866986334034318 98.19463271855352 0.07065946094510223 0.9970287444875081 0.03067447219774548 2.0987546248702333 -0.9843470846265168 0.07467217280946736 -0.15963985591070134 -11.267765991651338
-0.1529195032151215 -0.014962722600316957 0.9881253677893443 99.11318720357801 0.06582094397541292 0.9975108837631501 0.02529110729575281 2.110035550380761 -0.9860442327150575 0.06890684803737357 -0.1515540082707426 -11.398729804401798
-0.14730054049214913 -0.008463457369645492 0.9890555700566441 100.05615036565932 0.060019318235756375 0.9980441689476915 0.01747908086905489 2.119583502606286 -0.9872690779160644 0.06193711907139492 -0.14650447457978932 -11.525679117352054
-0.14509546772583404 -0.006053683313561972 0.9893991399651412 100.98288075383172 0.056493035247845866 0.998299245172382 0.014392847415939238 2.1249572870485585 -0.9878035443416406 0.05798249741596136 -0.14450670496382134 -11.649171187085281
-0.14273237449267895 -0.007828811627500938 0.9897303567033716 101.93826297095909 0.055685891243319276 0.9983212904078533 0.015927417707721478 2.1290319033418617 -0.988193579612881 0.05738737515255536 -0.14205681393365466 -11.777739160023543
-0.13912127380573797 -0.00820541699432287 0.9902413555828793 102.89078927640081 0.054525536105104716 0.998385243944601 0.015933316859039818 2.1325714621062555 -0.9887730968665764 0.05621010412398217 -0.13844922212584404 -11.90573303624359
-0.13488244434777308 -0.011190247838444006 0.9907984177218314 103.82900295536042 0.05150906570910099 0.9985050380857483 0.01828947968517614 2.1402541761150142 -0.9895218756331494 0.053502030528692596 -0.1341044010193605 -12.02378050976998
-0.12949839187961343 -0.015086555635417824 0.9914648568354069 104.76740573497104 0.05293846340386665 0.9983530694642581 0.022105831441769048 2.145616041493124 -0.9901654839434829 0.05534929566267195 -0.12848645795030145 -12.143148270009766
-0.12584019512382555 -0.01833747240291233 0.9918810323809353 105.70872002503766 0.05142472759479474 0.9983643708435794 0.024981601668129523 2.152426215477006 -0.9907167822758423 0.05415090152505648 -0.12469136770853445 -12.256712187785721
-0.1231774924895353 -0.019178798091472243 0.9921993141742024 106.64579236145343 0.046123110868983366 0.9986221560565651 0.02502894477810297 2.1604077497546736 -0.9913122434368288 0.04884632162921175 -0.1221231872968343 -12.360429458720656
-0.11997397245214175 -0.018740307152996245 0.992600144480074 107.59200651850128 0.03910201897753398 0.9989568099979642 0.0235865188311414 2.169275715652369 -0.9920066925408988 0.04164243804705211 -0.1191160329576339 -12.46380096161273
-0.11605877392945368 -0.017245577816224544 0.9930926195676698 108.49205239671316 0.03971738803555737 0.9989689697715518 0.02198923648509513 2.172180073794964 -0.9924479281461699 0.041995088752722246 -0.11525416451923137 -12.567766974851391
-0.11292994161844194 -0.014812529111210926 0.9934925350838751 109.44243115559944 0.04077356909770781 0.9989775439111558 0.019529025174579332 2.1791095922092256 -0.9927660068460694 0.042713648200129614 -0.11221051603279353 -12.675189556058426
-0.10561490991063727 -0.01846349763330815 0.9942356813450787 110.38067400334296 0.038542461270702884 0.9990003135909531 0.0226462386363354 2.18468375889537 -0.9936598862205138 0.04071207069558494 -0.10479769947815332 -12.770827678654632
-0.10043476458365452 -0.023118991229391227 0.9946750073805821 111.30768901678981 0.04014996543265625 0.9988214854138342 0.027269406877639988 2.1931247949171353 -0.9941332095543245 0.04267496362314914 -0.09938817404993672 -12.863605191136559
-0.09366760061334839 -0.028199152309647937 0.9952040938442505 112.21834695977196 0.04078220745209485 0.9986511603893438 0.032135205123849035 2.203193253714139 -0.9947679086855751 0.04359664737149901 -0.09239123436394064 -12.943156563800178
-0.08919500336072206 -0.02586035297923737 0.9956784086838834 113.09868449332036 0.041030965843862746 0.9987188862533467 0.029614963832404605 2.2149481335266157 -0.9951686848054458 0.04349515357673902 -0.08801965915598253 -13.015835458634202
-0.08513757984823711 -0.025038895394711123 0.9960545397793223 114.01401733825709 0.041857698653990326 0.998711765972465 0.02868347209721981 2.2261126865284 -0.9954895908852974 0.04413459216502363 -0.08397983218279392 -13.092192613525857
-0.07971579220450514 -0.02493438862130668 0.99650572940515 114.91221492620132 0.04213563004791448 0.9987093115150951 0.028360179363153812 2.239493754365264 -0.9959266946686758 0.044249150919838234 -0.0785622777750235 -13.157614375808224
-0.07295180048296879 -0.026283534307744792 0.996989072473007 115.80325821515984 0.043949715857182735 0.9985968674547666 0.029541814189390343 2.2489075757363857 -0.9963666279449379 0.04597251498255416 -0.0716942855729299 -13.217484180704618
-0.06630686315335022 -0.029786847258582667 0.9973545726717038 116.70728302067171 0.044558669500784694 0.9984687437864943 0.03278250529993157 2.257489935519011 -0.9968038547633545 0.046614497871521346 -0.0648780680746831 -13.276415754341002
-0.05929287724809407 -0.03144599990970372 0.9977452098593717 117.5802558803033 0.044785281399252724 0.9984135031415832 0.03412851175398164 2.2661038440653503 -0.9972354953959633 0.04670787764639739 -0.05779049132977643 -13.327097014256642
-0.052942625329489845 -0.03259995077269777 0.9980652892636029 118.47463647283863 0.04693042037987938 0.9982814107867399 0.035096445982526175 2.2799847455269204 -0.9974941674346721 0.04869772158175635 -0.051321709310550745 -13.376459720115466
-0.04648571573359417 -0.03307244986096217 0.9983713193461288 119.35126810949605 0.045429970786427694 0.9983476328156419 0.03518695505082888 2.2969452272112223 -0.9978853621469153 0.04699167066192549 -0.04490642383135557 -13.414410118153203
-0.04088678353555952 -0.03487178256064257 0.9985550709465953 120.2294686376931 0.04314587550862587 0.9983969468028973 0.03663290926540176 2.313891793945172 -0.9982317888940979 0.04458133461098114 -0.03931666625736829 -13.446139961223611
-0.0381753795148167 -0.03616993362779434 0.9986162307414499 121.09157027276606 0.043489926689293655 0.9983376649047138 0.03782238899333994 2.330837835040857 -0.9983242292338996 0.04487363071966219 -0.03653889147984385 -13.481048652778426
-0.035188905711600826 -0.036806569088948374 0.9987026671571079 121.99114165968327 0.04340283001184389 0.9983224084223822 0.038321836969247326 2.3523076694382192 -0.9984377473141645 0.04469502560280123 -0.03353236383826674 -13.509232068537875
-0.032240070904237195 -0.03676663602074898 0.9988036805618047 122.87025896270765 0.043024095878465216 0.9983458211939551 0.038138543212976446 2.3731409861556774 -0.9985537066186928 0.044202214653625706 -0.03060488878895673 -13.533964955737535
-0.02835907262074666 -0.0383214020216462 0.9988629701551596 123.77105513524364 0.04001858186983043 0.9984202283294683 0.039440597962765195 2.393648972293976 -0.9987964137426703 0.04109157832972796 -0.026780703597047872 -13.553065833827922
-0.022616721775361004 -0.04165210800714279 0.9988761613907389 124.6640412828546 0.041030175900051695 0.9982512666191349 0.04255506267066171 2.415428280935532 -0.9989019013705736 0.041946520616785846 -0.020868177840885682 -13.573599409236595
-0.019326585227576965 -0.04406919344537623 0.9988415236124876 125.55392477454201 0.040740898390753316 0.9981636474942603 0.044827581010674 2.436331896147267 -0.9989828138170126 0.04156006508691048 -0.017495676272046345 -13.588714215541595
-0.01480232687573868 -0.043348695660481204 0.9989503399586982 126.44711745395222 0.038301140939827893 0.9983019869020691 0.04388810260296744 2.458798554816259 -0.9991566012001177 0.03891058380333216 -0.01311688782877396 -13.595632852216312
