1.0 0.0 0.0 0.0 0.0 1.0 0.0 0.0 0.0 0.0 1.0 0.0
0.9998928054332094 0.0006487582154523715 0.014627260703369229 0.017819182947278023 -0.0006318922780510079 0.9999991302899965 -0.0011576404449370019 -0.003061251947656274 -0.014627999010643463 0.0011482734990835093 0.9998923457617406 0.10184812545776367
0.9994074802623338 0.002995544763469489 0.03428870232690545 0.039488624559921776 -0.0029487960903771676 0.9999946527678893 -0.0014138731364888501 -0.0037377800568399173 -0.034292754297525554 0.0013119249973832388 0.9994109694492507 0.29731144673879284
0.9984009182198192 0.00349850333885773 0.05642133437105282 0.07620994845573428 -0.003451527890489553 0.9999936109984514 -0.0009300094082020922 -0.007344300909240171 -0.056424227536079896 0.0007337824379017139 0.9984066146166555 0.4806833898233398
0.9963890476334821 0.0038549168892614743 0.08481748270149962 0.12007135677526831 -0.0039258712702402035 0.9999920694351698 0.0006697772285113032 -0.014237998975979696 -0.08481422811540411 -0.0010003412133948834 0.9963962796130087 0.7019948555610009
0.9932446087247266 0.001028384962095994 0.11603486400058594 0.18367945264130345 -0.0011673254952949744 0.9999986808405031 0.0011294549311988487 -0.01898193522229827 -0.1160335494176265 -0.0012572754763017823 0.9932444989366536 0.9326446598809017
0.9889423185676843 -0.0009834859009006643 0.1482974150194657 0.2549320807671918 0.0007582450292712787 0.9999984716304211 0.0015753733836163372 -0.02718046401951571 -0.14829873772371938 -0.0014455076288110687 0.988941552821625 1.1570997198033164
0.9833254814322905 -0.0005958211373893484 0.1818533545556044 0.32542370169676327 9.080866141333708e-05 0.9999961167956455 0.002785345116285684 -0.03531157550692987 -0.18185430794936128 -0.0027223869677259803 0.983321717084219 1.3854668063935973
0.9759345212514481 0.0001543998759219065 0.21806372094042914 0.4139250604636342 -0.0010739025740797532 0.9999910258670621 0.004098160392449958 -0.04251264758381261 -0.21806113125215237 -0.004233715391848632 0.9759259288957398 1.6578342249820663
0.9652643324667864 -0.002322411794169952 0.2612649514782022 0.5314386347124446 0.0001200633552574579 0.9999643314122665 0.008445205030644505 -0.0506548618254551 -0.2612752457701261 -0.008120486849764564 0.9652301816878102 1.9395917811330563
0.9532467394596019 -0.009250050987869827 0.302051469564973 0.6844096515944712 0.005448271726058413 0.9998950154915103 0.013426627664150042 -0.06347185668574315 -0.30214395583039055 -0.011153230561343883 0.953197060110452 2.253606449736953
0.9389528243977102 -0.014369346282826309 0.34374571334486104 0.8294020227709537 0.00905038263030047 0.9998132836748475 0.01707303023966762 -0.0783599335559883 -0.34392685869208917 -0.012919739731266847 0.9389075546588538 2.4900131238964356
0.9190791559155556 -0.01659383912445893 0.39372344312304014 0.9898123598051336 0.009406244957709748 0.9997521500558129 0.02017823120531973 -0.08261957192131666 -0.3939606931120741 -0.014841932552445961 0.9190074479136516 2.7452661866735872
0.8971938519271139 -0.01875116495624176 0.44123869489990564 1.173816311403096 0.009334399095150922 0.9996801894716061 0.023502931126695933 -0.08341128086616668 -0.4415382894582537 -0.01696798723471873 0.8970819507444578 3.0041781104894016
0.8735620675031378 -0.023887688906716123 0.48612621050334176 1.3687619428217541 0.012395205311856602 0.9995628007077898 0.026843366526505232 -0.09467550536083005 -0.4865549024569789 -0.01742371257497469 0.8734762395939482 3.243321229761347
0.8467811694959364 -0.028107676133977758 0.5311982770392255 1.5774954641779426 0.01456535105388492 0.9994537331019395 0.02966624238548339 -0.09931333676814938 -0.5317419501372554 -0.017383726037434405 0.8467279991433401 3.477933646290778
0.8195948535784293 -0.032874001042376505 0.5719996294082882 1.8040294367451075 0.017219977554223186 0.9993149289683834 0.032758893661828895 -0.10377450313031182 -0.5726846849364712 -0.016999199874723286 0.8195994624466478 3.712868650251513
0.7862865733200097 -0.03685870820101005 0.6167615910920767 2.0535791230667724 0.019058054873405728 0.9991908890131675 0.03541691485037397 -0.10600078456267235 -0.6175679842423176 -0.01609356836842529 0.7863528354981952 3.9400805779518477
0.7534331306468354 -0.039189263475973825 0.6563556347529284 2.3247828448926566 0.01964059379149781 0.9991181884169061 0.037109198994818474 -0.10071498889537256 -0.6572311349283645 -0.015068085569519512 0.753538444990064 4.1868685507947845
0.7183446048575621 -0.03872373306080143 0.6946088835955592 2.6329606354797197 0.01606034465987714 0.9991066187165227 0.03909002131290397 -0.0922318045439461 -0.6955020445702796 -0.016924447839534517 0.7183247657319689 4.4596139949404145
0.6833707525428071 -0.03873740821997345 0.7290430904778379 2.955762192945018 0.013698154976010157 0.9990958793158041 0.040246546242299966 -0.08936858704708599 -0.7299429944312986 -0.01751676735529459 0.6832835339316248 4.708708713839543
0.652071564361363 -0.04002946933343912 0.7570999382751317 3.303754225386037 0.0126279495401664 0.999040106283096 0.04194521341310933 -0.08503262987769492 -0.7580522474353176 -0.017790661110355967 0.651951135082623 4.9567849965752595
0.6192057221364355 -0.0432720329888318 0.7840355890101601 3.7030628031204436 0.013551088364938168 0.9989206052858448 0.04442963357363017 -0.08111480589957536 -0.7851118657093529 -0.016886547793283867 0.619123737895749 5.225020719187442
0.5876717688089101 -0.04356532946504174 0.8079257108259457 4.081642456068243 0.012066446893466674 0.9989101992400766 0.045086746539509046 -0.07520953706549165 -0.8090094517398263 -0.016747415405164695 0.5875570024030629 5.465546011831431
0.5564322774210799 -0.042578974799714675 0.8298012723230761 4.508983057598284 0.012437133838873788 0.9990010477093098 0.04292114138248892 -0.0688616751996916 -0.8307998786385711 -0.013562358965420615 0.5564059885312422 5.712977486203317
0.5272798702791406 -0.042920549949679566 0.8486069554219018 4.975040567721467 0.01568173171170586 0.9990448553470763 0.04078554026933063 -0.0646950219177302 -0.8495469508443514 -0.008197767778863517 0.5274493102796789 5.960707433246216
0.4988978094216564 -0.04235604213536171 0.8656251737610802 5.5052357743910525 0.01929011187586701 0.9991002774517943 0.037769394747125165 -0.05639480007547281 -0.8664461133492892 -0.0021450618581045043 0.4992659926046794 6.236877291490112
0.4745714894269238 -0.04075151097341753 0.879273117851612 6.034246168180494 0.021249357942798065 0.9991669984017628 0.03483926078192272 -0.04340324450624558 -0.8799604344572147 0.0021502693308988914 0.47504211406113733 6.500476088424227
0.45213146078309724 -0.03944331380159514 0.8910787659721735 6.611054564006186 0.02330452280952277 0.9992030985788819 0.032404737415718206 -0.03224990793112199 -0.8916468142637886 0.00611496416261856 0.4526903641856394 6.777531139318765
0.4313361029701419 -0.03991276165134046 0.901308014904946 7.204630632515036 0.026346004392816993 0.9991521257063518 0.0316372841598697 -0.021614423105229402 -0.9018065503904177 0.01009956206188968 0.43202192597030675 7.0418345784193646
0.42185268077317273 -0.04093784130416741 0.9057397026043646 7.857085404247711 0.029454880891292036 0.9990716150498873 0.03143752524118099 -0.011442894371245427 -0.9061858119150662 0.013416450758859349 0.422666858332739 7.333515786607554
0.414669384113524 -0.04217852699856686 0.908994099947377 8.471504583421162 0.030366076503796427 0.9990102432822788 0.032502849334295376 -0.00332602993585138 -0.909465339238762 0.0141246478651147 0.4155397586826202 7.612005062336555
0.40591277393974673 -0.043491732732100954 0.9128763821769625 9.085421095045639 0.03096549981238604 0.9989480004935203 0.03382351447391156 0.0042538424410121616 -0.913387079924995 0.014538276856535765 0.4068324971436445 7.883589937063501
0.399547948991728 -0.04416949420818932 0.9156475808071011 9.784560041787131 0.030998255418514736 0.9989183081516829 0.03466008944576313 0.01338640165778388 -0.9161880509030406 0.014535109933279123 0.4004849384954639 8.191003017484858
0.39072877469622297 -0.044186685295383686 0.9194447027782559 10.49006777094787 0.03021471099565041 0.9989246252644461 0.03516623778193226 0.024356320862820715 -0.920009834656042 0.014040294971716275 0.3916436827695165 8.490689935958846
0.3827206045039294 -0.044408687667868804 0.9227961894956895 11.178078650434635 0.030310433420485085 0.9989098971263393 0.03550063448600253 0.036524352625920256 -0.923366783306617 0.014383528171630498 0.38364944624399855 8.778291231014661
0.3715542341376927 -0.04389963962956731 0.9273727798111971 11.936683912694015 0.029413147107937705 0.9989366417468213 0.035502852741579924 0.04945204622551048 -0.9279452127531883 0.01408571673638285 0.3724503654347287 9.086433279023217
0.3655433631059868 -0.04504169889109207 0.9297038749247897 12.676789807729339 0.02769404173269329 0.998912583889271 0.03750586354382772 0.0590277786284475 -0.9303822277653806 0.012037238415208783 0.36639325205257656 9.382131236702806
0.3561501407472189 -0.04686446834095978 0.9332528054352988 13.428867546435274 0.02590158197045879 0.9988528970796958 0.04027403688390906 0.07043714588323394 -0.9340696897433104 0.009829120134480116 0.35695546374893633 9.673231341163278
0.3426782396702788 -0.050826097329451245 0.9380769328188047 14.250435050070713 0.02709900902414761 0.9986546973504824 0.044209039457167705 0.082169251524003 -0.9390619083779238 0.010271479449105371 0.3435945705967114 9.972063862582667
0.3321751603951792 -0.05302635650165986 0.9417260049146968 15.035408837187337 0.02843956065209896 0.9985276045124967 0.04619322911910997 0.09768286907394863 -0.9427888704298287 0.01143803054261875 0.33319411346984146 10.245208953351161
0.3184051875309772 -0.05296323537906775 0.9464739997757704 15.81885697763606 0.028912860358034434 0.9985160664790055 0.04614879726722492 0.11853969388376046 -0.9475136848928781 0.012671254139827365 0.3194640140285661 10.51027638408444
0.30827422114892455 -0.0515919638903448 0.949897507016921 16.601280945273345 0.029296336672363574 0.9985695496314493 0.044727834805905226 0.1378339137197298 -0.9508463226161227 0.014040078731338366 0.3093447057193873 10.764051884922408
0.2917797620396109 -0.05063628530297373 0.955144249354423 17.372296913162312 0.030064871209264595 0.9985897973202669 0.04375523062490755 0.15564829364631275 -0.9560129047158717 0.015949398063386615 0.29289066683344017 10.995532536354837
0.2715460063270217 -0.04948261576049587 0.961152556665873 18.195306177577535 0.028174881731786453 0.9986580845442914 0.04345349483904476 0.17621324362277435 -0.9620129637833603 0.015280736625770694 0.27257578139102695 11.233145239032517
0.2474675824226789 -0.047940651461677 0.9677094034819052 19.035394084514454 0.02512641080427078 0.9987567658438776 0.043053294428796116 0.19702790068554416 -0.9685703170807836 0.013660769323416205 0.24836449877452854 11.460140849770552
0.2245250285674334 -0.046592604039264414 0.9733538106955937 19.82833641328214 0.02192052402975688 0.9988450243561118 0.04275637900125792 0.21515278110333164 -0.9742217417883128 0.011736548380110746 0.22528704192444637 11.656713099132046
0.19645537982557804 -0.04630678325347828 0.9794186875704912 20.699944341978565 0.021752958476251978 0.9988441639311516 0.04286192924040778 0.2355462520306581 -0.9802714381920544 0.012884797452604744 0.19723561914493803 11.836304298407766
0.16509957920113377 -0.04576451780523836 0.9852145643755285 21.54089217238953 0.022529608037480768 0.9988372209759533 0.04262185771071136 0.2516768744301817 -0.9860195463119815 0.015159647195388974 0.16593866152173614 11.980022822798407
0.13410738475919054 -0.04520301295801069 0.9899352993870704 22.40006106092871 0.021057622883884956 0.9988635189958064 0.04275800437104944 0.27157735297660407 -0.9907430473495794 0.015111520070215195 0.1349068422639748 12.101486574360802
0.1024041499716733 -0.04386614422831327 0.9937752016724507 23.2535180667456 0.019562279607546754 0.9989228179996682 0.04207755810593271 0.29547776120837854 -0.9945505051454829 0.015131591791440913 0.1031519638432638 12.196473627163888
0.07392274507822405 -0.04134035664041338 0.9964067455978726 24.111140893382313 0.017065131698319518 0.9990465659976023 0.04018383068496305 0.32011928369880593 -0.9971179514180953 0.014033313266730605 0.07455774325004005 12.26978317407698
0.04367384664647528 -0.03870986072416051 0.9982956184426617 24.970812824153832 0.018917510200806082 0.9991019433133979 0.03791351573244484 0.34242275707049813 -0.9988667193008798 0.017229438473381542 0.04436691924158581 12.308385135405915
0.012678373988180502 -0.0356141415216477 0.9992851904019653 25.85121953283952 0.020475553308435892 0.999165213234037 0.03535008316390191 0.36280948464326307 -0.9997099632141961 0.02001273561154072 0.013397009502621904 12.320165640298283
-0.016156881168621184 -0.03172124203619445 0.9993661581195276 26.714546688338842 0.022308801318450318 0.9992363747668926 0.03207779179513952 0.3826790597054813 -0.999620564301594 0.02281293813605738 -0.01543688048031261 12.30783775916185
-0.04270965484468553 -0.02838251059022398 0.998684293696283 27.550820707470212 0.026809033212680876 0.9992039031945144 0.029543790871329856 0.3972328678881809 -0.9987277712776637 0.02803556550960446 -0.04191474615582763 12.267493560919043
-0.06760175624108516 -0.025405477212265985 0.9973888731486521 28.37966610088088 0.0333166060195772 0.9990607434534104 0.02770622048665293 0.40790642465020643 -0.9971559588732634 0.03510260129870417 -0.06669183657395444 12.204242200980504
-0.09151987778090998 -0.017985757869735254 0.9956408109779443 29.22552474816168 0.038164424031314904 0.999038962393986 0.021555239667099137 0.419795359916561 -0.9950716500379887 0.03997079099291565 -0.09074550764679967 12.12617352939039
-0.11151656372964452 -0.004539709888756471 0.9937522060594673 30.08270039377211 0.043158682710889684 0.999023942264464 0.009406959606044374 0.4247583589918622 -0.9928249513990838 0.04393806796497685 -0.11121178922628744 12.029655972354398
-0.1352285861158658 0.010499633183041094 0.990758793652686 30.915473483372775 0.04577934994181429 0.9989421571940513 -0.0043379372287307184 0.4239698757822121 -0.9897562733400627 0.04476968040445545 -0.13556620191063168 11.919961714179761
-0.15863079206096187 0.024711152427060398 0.9870286879092414 31.781275707092192 0.047766739936440775 0.9987082275771999 -0.017326705556814044 0.41191972646129454 -0.9861818343317608 0.04439859361888261 -0.1596062483698838 11.789047416384834
-0.18413972795229844 0.03328902993510261 0.9823361955438847 32.64684919258881 0.050658869940344624 0.9984194210839841 -0.024338005232342648 0.3907279885431005 -0.9815937242495087 0.04528244790536542 -0.18553506521861868 11.62625145898736
-0.2048529434066717 0.037305775984293195 0.9780815664635713 33.50068042718007 0.05379492132347711 0.9981921428865952 -0.026805826218728554 0.3606939382093601 -0.9773133468941394 0.04712456851449677 -0.20648945983971823 11.450083548143168
-0.22328908699640404 0.03647777840049432 0.9740694817677417 34.31936635958303 0.05578138905354667 0.9981400993802126 -0.024592247650761404 0.3301538354417727 -0.9731548798950603 0.048843768202545004 -0.22490857263387476 11.264680207150725
-0.24288040512314257 0.03313402889032745 0.9694901984737718 35.072007095528534 0.05812826710186747 0.9981176812920356 -0.01954990680143725 0.30280903773259404 -0.9683130761127583 0.05160649592547315 -0.24434925047427924 11.072200084896552
-0.26045366147138493 0.029875080507176986 0.965024025499282 35.87837030905091 0.06189172999228882 0.997981975365076 -0.014191215768299448 0.2756605643687232 -0.9635005469561037 0.05603085231468917 -0.2617770799825275 10.8482163289398
-0.27444180222271725 0.030705478254023477 0.96111334960968 36.670050344702894 0.0646932211685047 0.9978151577931413 -0.013405148753065733 0.25112595866346227 -0.9594250801014064 0.05849858531144644 -0.2758286264856668 10.619945605146922
-0.2855077943282334 0.03367126246835268 0.9577847072602561 37.40327893027516 0.06806176592627217 0.9975716056190322 -0.014781328819267765 0.2281176556900589 -0.955956534261273 0.06096833396488116 -0.28710619438932744 10.393652436154161
-0.29172463304508867 0.03664167843735174 0.9558002541723882 38.20805680517052 0.07022202191928154 0.9973898528837866 -0.016803243794766776 0.2043818559183351 -0.9539211739511164 0.062216306268952803 -0.2935362415818046 10.14263498686527
-0.29849109212460917 0.03787659312912566 0.9536605431783308 38.94388115267198 0.06562220054798798 0.9976620160134944 -0.019084774013067164 0.1799293703292537 -0.9521537663200718 0.0568846683810398 -0.30027877012150134 9.921769249540993
-0.30885920236547043 0.03721420369566696 0.9503794485138359 39.728974652920584 0.065852607430164 0.997672984011442 -0.017664967261604648 0.152772384260234 -0.9488252880318979 0.05712897703444603 -0.31059113441014957 9.66259496628267
-0.31811011608808215 0.03864917435151509 0.9472656413933597 40.461471869083596 0.06827765982722712 0.9975080867066768 -0.017770146969070453 0.12539985366359774 -0.9455919390577229 0.059024217713842655 -0.31995628844003754 9.40925136179478
-0.32437538226696594 0.041379791911013604 0.9450229225794268 41.1670519301576 0.07149302101979303 0.9972576869771252 -0.019127302750201136 0.09699920831774411 -0.9432228577195442 0.06135811752682471 -0.32644420976476396 9.158053951391077
-0.3286352605194253 0.04542312097037932 0.94336398363762 41.92938127846481 0.07332981952165593 0.9970547433626369 -0.02246277603030665 0.0699161305236522 -0.9416058639963172 0.06179465041066773 -0.3309982145999772 8.885115402058355
-0.3295932189919719 0.048136384776387306 0.9428951152992413 42.743536991770675 0.07307118670744041 0.9970043405745839 -0.025356390685691607 0.03856194064417388 -0.9412910876385032 0.06054117058744926 -0.33212325271836196 8.605211391866524
-0.32796478320414396 0.04972224942037778 0.9433805164886737 43.550322194513996 0.0754874313512213 0.9967999979056827 -0.026294712077250367 0.007962692246705344 -0.9416691290925139 0.06258963243068764 -0.33066870010077737 8.32125263467214
-0.3214873816080356 0.04951726402971648 0.9456182654907956 44.389699272917035 0.07472712803411288 0.9968439812966405 -0.026794277158313572 -0.028394762592856747 -0.9439606558552018 0.06204931519102019 -0.3241730443478342 8.037123349145082
-0.31382606139316177 0.049681093763141684 0.9481798311042866 45.21794234340288 0.07282899628030835 0.9969476168109825 -0.028131594972649155 -0.06168792492696437 -0.9466832313352014 0.060226557741583336 -0.3164863681919671 7.764891661067206
-0.3056940427055532 0.049957587151953156 0.9508182748245275 46.02829730979352 0.07250297818089042 0.9969444301693282 -0.02907097021523984 -0.09824826654701388 -0.9493652987176417 0.06005033422312518 -0.30838204706249406 7.5038485265820825
-0.29882864186635605 0.0498356383535609 0.9530046442437742 46.89110328732181 0.07018926446722754 0.9970785116847263 -0.03013152319616754 -0.13643826886302232 -0.9517220760042603 0.05788653285924699 -0.30145354428116555 7.238609128825948
-0.2942465032022807 0.049489758630549364 0.9544473579741946 47.77559436485148 0.06716930975188609 0.9972598244452804 -0.031002038236599787 -0.17621549691993182 -0.9533662880449914 0.054987328886375086 -0.29676440905414564 6.975517988847394
-0.2929888190917595 0.04872368492500371 0.9548735803312107 48.70654469737341 0.06332901711904894 0.9974964978515208 -0.0314670043805568 -0.219270989367292 -0.9540162406782975 0.05125172486150824 -0.29534094403040173 6.70275338938133
-0.2922778591623142 0.04781102420560457 0.9551375602539697 49.67581104849315 0.06165819092477337 0.9976136307862099 -0.03106945705093605 -0.2666046698075062 -0.9543437119483623 0.04981113965737844 -0.29452831753611497 6.412713837895153
-0.29155415919058847 0.0469874736530336 0.9553995758730349 50.590768180990004 0.059709855446042806 0.99773899765917 -0.030848431284073004 -0.3120903222564254 -0.9546889050477554 0.04805278212321296 -0.293700569813777 6.1405207105736785
-0.2910285413363339 0.04734250482750197 0.9555422938647478 51.55780554031369 0.059981784722327174 0.9977129028377738 -0.031163263830145383 -0.3593782134004376 -0.954832222764382 0.048245732947907446 -0.29320261871809566 5.847759291996299
-0.28950773669862306 0.047171807842700586 0.9560125997791515 52.51662262515331 0.060272213704992694 0.9977012105191756 -0.030976681288858852 -0.4089915827985837 -0.9552761541286061 0.048653006828182556 -0.291685368642029 5.555308353159857
-0.2874800691932464 0.04710715588878774 0.9566274748723852 53.43242429897564 0.061167203073941016 0.9976538821284578 -0.03074580852943748 -0.45559304909668297 -0.9558314616525018 0.04967541985818559 -0.28968702003568514 5.275841211988528
-0.28798480283584765 0.047574050612536216 0.9564525409260586 54.41408386681238 0.06219108353908646 0.9975859858888245 -0.03089449605442013 -0.5036803846768348 -0.955613427314535 0.05058567451895897 -0.2902482852139348 4.976915569505198
-0.2870635206405847 0.046906506010316866 0.9567624129382054 55.40783867803183 0.06252002650669566 0.9975882107223006 -0.030149761416657157 -0.5546352617715425 -0.9558691235744751 0.05116191475876742 -0.28930377991858647 4.6779229151288595
-0.28541410936808437 0.04695277899602641 0.9572534788227064 56.39453775914757 0.06404876997312259 0.9975008357346695 -0.029830148735233993 -0.6063169519371387 -0.9562617535165533 0.05279696253750261 -0.2877080803666458 4.381966324912323
-0.28250430892827993 0.046737447004433594 0.958126779964146 57.40191375658523 0.06350979967725998 0.997532193303783 -0.02993373794731777 -0.657811866979609 -0.9571613347716827 0.05239402990849382 -0.28477542879967466 4.084386685600778
-0.2800604684907709 0.046866513749085875 0.958837662942866 58.35861682382407 0.06516522780522933 0.997431831509354 -0.029719262726193834 -0.707487611127933 -0.9577680445044211 0.0541596840916074 -0.2823952930650134 3.8001526792656355
-0.27825633605072697 0.04535697597597183 0.9594353319416271 59.375619137633144 0.06581006754819926 0.997437349757558 -0.02806721072568981 -0.7598919967232312 -0.9582496785582171 0.05533062478351333 -0.2805282080364463 3.5008487120504674
-0.27422181164439224 0.044351638179169386 0.9606431856882616 60.380938343118224 0.06805329968678354 0.9973265147300685 -0.026619004829551436 -0.8167403726385949 -0.9592555167525536 0.05807542687917929 -0.2765069589948737 3.2033506284891438
-0.2719723547953041 0.04398019901722921 0.9612995268497236 61.34983118235097 0.06871116026205844 0.9972928430058629 -0.026187052998104626 -0.8658197077371614 -0.9598488499146828 0.05892985138016835 -0.2742580134358381 2.925287653029856
-0.2682186489961002 0.04413066931056823 0.9623467360348392 62.372770250383084 0.06947321574503357 0.9972352926019821 -0.026367470168444256 -0.9162695537794747 -0.9608497430008249 0.05978507518805214 -0.27054300242292 2.6372656504855465
-0.2642315924975606 0.0445268376754456 0.9634308622069503 63.41454452728509 0.06874984186439786 0.9972621087503128 -0.02723500861941058 -0.9702976099151923 -0.9620057820875212 0.05903936972481667 -0.2665693681814793 2.351081521079832
-0.26172536359103865 0.04584934779198371 0.964052732665692 64.4446470143592 0.06777085655298185 0.9972784586513079 -0.029030792482237784 -1.025391796443793 -0.9627600661926177 0.0577365847372471 -0.26412031676428255 2.0700924654671593
-0.26241063239177537 0.04878965868354289 0.9637220705230797 65.42433595833779 0.06699991439150395 0.9972318749022717 -0.03224281548548168 -1.0799450382173894 -0.9626274832349634 0.0561084386206127 -0.2649531498893291 1.8028612177577292
-0.26243078109564083 0.049726603380902165 0.9636686930941207 66.39768600532919 0.06688878860540372 0.9972065368717622 -0.03324173249289015 -1.1331497489433702 -0.962629718579493 0.0557349776749368 -0.26502384264654527 1.535348859850941
-0.2647233227385917 0.048427990835918616 0.9631076222841537 67.38441996031004 0.06677706500376869 0.997261335673296 -0.031790752752905015 -1.1887672106046419 -0.9620095560792119 0.05589774659778398 -0.26723221351021303 1.2646360408935586
-0.2660469693207951 0.04560458315733739 0.9628806946399255 68.36032561715102 0.06866399429492542 0.9972395087984699 -0.028259829773960195 -1.2440468951929127 -0.9615114487111875 0.058596792458566006 -0.268443941840529 0.9850712780221688
-0.2688224391152888 0.044847800257779416 0.9621450883521391 69.34683089894031 0.0672167997475561 0.9973535648122713 -0.027708637425030175 -1.2945170537776371 -0.9608415051712765 0.0572236102347026 -0.2711255435622085 0.7071642665463629
-0.270225465764811 0.04656154174139736 0.9616705363495626 70.32914367408922 0.06858631506655381 0.997223300848623 -0.02901044002024481 -1.3507706755524849 -0.9603510374013153 0.05811807872978011 -0.2726686155152013 0.42551775852943946
-0.2727944575257076 0.04954236426226141 0.9607958878380781 71.25404813399109 0.06950017088627435 0.9970787731171007 -0.03168037951282391 -1.4015127639384994 -0.9595587059633371 0.05813324644816676 -0.27544076580521476 0.1604592950872955
-0.2746500947612487 0.051518575511859635 0.9601630912635968 72.18620300455127 0.06985178127286443 0.9969942522887385 -0.0335140202934118 -1.4516783662858161 -0.9590036778347855 0.05786447338780616 -0.2774232301356663 -0.11060662116987291
-0.27629214627734644 0.05347299514999375 0.9595849564760518 73.1484929593811 0.07030676098674096 0.9969003109023875 -0.03530905666081181 -1.5054570203605575 -0.9584986224638045 0.05770969513358987 -0.2791952396130304 -0.3909458964259197
-0.2782153336920663 0.05352208298553106 0.959026388965133 74.08078864422325 0.07058518537344842 0.9968859716912801 -0.035158086565236335 -1.561557479233194 -0.957921687667843 0.05791153665741097 -0.281126829416136 -0.6604613840815861
-0.27923690356011716 0.04722433183756077 0.9590602766107323 75.0647584610169 0.07135610464052503 0.9970488132201256 -0.028319081674201333 -1.6163584905275596 -0.9575672603116132 0.060527072776036236 -0.2817825676660572 -0.9469809414045226
-0.2788308332469019 0.03920187019654169 0.9595397749983751 76.0181145619336 0.07152810296532333 0.9972389155472965 -0.019956848554679506 -1.663952399021062 -0.9576727504304489 0.06306947511392343 -0.28086499317614094 -1.2254430589541907
-0.2782922072398629 0.03712710719893911 0.9597786334882663 76.98836396101895 0.07144377780281047 0.9972846723051514 -0.01786250258137608 -1.7099036453876943 -0.9578357030320117 0.06359921616062186 -0.2801890534994661 -1.505825185637958
-0.2769553794797998 0.04147828709975178 0.9599871194325843 77.94789234953157 0.06987738524320317 0.9972920035054582 -0.02293056422424679 -1.7561002746295127 -0.9583385982046081 0.06073064665669138 -0.27910377952992155 -1.7796047430150042
-0.2748232486651038 0.047875290328708166 0.9603021079686852 78.865778428757 0.0700506173833599 0.9971023233163381 -0.02966256633150787 -1.8015098300146464 -0.9589395669161683 0.059117792694779216 -0.2773805933902524 -2.0464707723088513
-0.2741891555145932 0.05105231159318382 0.9603197220088667 79.85742280511725 0.07481529302356346 0.9966958077405256 -0.03162497054954916 -1.8558922845751784 -0.958761168867405 0.0631753774302456 -0.27710267548068446 -2.3446939491348764
-0.27294416707247915 0.05102808854116287 0.9606756038543635 80.83829955006078 0.07690577354489997 0.9965537177040944 -0.03108359254668764 -1.9110573605405297 -0.9589509808413416 0.06539741516285771 -0.27592787904350236 -2.6272764599099903
-0.2720743445638405 0.04895961940071274 0.9610299197726853 81.7710658277623 0.07638121900264001 0.9966524803714314 -0.02915034739319819 -1.9588624308728777 -0.9592400431663741 0.06547357510943438 -0.2749031657667149 -2.8883902946518574
-0.2700421960637233 0.04524396074668786 0.9617849012960401 82.72055733005531 0.07480911848534307 0.9968617343963158 -0.025889733251140273 -2.00424529544124 -0.9599379188971168 0.06495896021582753 -0.27257939274851845 -3.1485713247407627
-0.2672820261923707 0.04039476300638198 0.9627713028524267 83.67648144703988 0.07259180126863014 0.9971259996743467 -0.021683430586748053 -2.050206474462575 -0.9608801948542163 0.06409371182177583 -0.26944618617050525 -3.407157842734384
-0.2661708215710843 0.03798483146910198 0.9631771624796958 84.62951199654748 0.06717589185223599 0.9975248244735365 -0.020775565284662453 -2.0921696109460033 -0.9615822862854905 0.059172435620857264 -0.2680636669984666 -3.658726408935543
-0.26461632302690713 0.03693579660615311 0.9636461739231827 85.58077379653449 0.0622436414098209 0.997836773619887 -0.0211542505398014 -2.1322736957552397 -0.9623429381939506 0.05438308690138827 -0.2663429164954662 -3.9061932034197575
-0.2618342049044585 0.03648241359684561 0.9644230828014221 86.46988451768175 0.06269258131326003 0.9978176746099554 -0.020725068980864583 -2.1759297160378805 -0.9630744983594625 0.05503564058071832 -0.2635499741520376 -4.143561457877465
-0.25872414636350116 0.037798274821441574 0.9652114309875328 87.44279784611994 0.06557354759754169 0.9976162967062537 -0.021490332746918448 -2.225096106291526 -0.9637229508234983 0.057732269716538234 -0.26058599173675157 -4.404791856599366
-0.2536383147010028 0.03963278495923581 0.9664868585097317 88.38289974712954 0.06562647183998975 0.9975631347128835 -0.02368456154630538 -2.2703476665839166 -0.9650703453683935 0.05741981032867198 -0.25562119214249285 -4.648785464906567
-0.24522814595057674 0.04003103875880723 0.9686385664268865 89.31389577819023 0.06772335558912232 0.997413629633478 -0.024074852629263403 -2.3129353493877884 -0.9670970497015242 0.05969562259715808 -0.24730493141331755 -4.886033099424855
-0.23488882697007374 0.04141281403260329 0.9711396489684294 90.2438267756948 0.0719460807437727 0.9970921966926873 -0.02511797683258648 -2.35906644703709 -0.9693559719887395 0.06396975948409397 -0.23718530612437583 -5.12139426205926
-0.22475408617883902 0.04179363389850152 0.9735188200088756 91.1795241421453 0.07047047715661983 0.9971607598042098 -0.02653923427700182 -2.4066882786273447 -0.9718639372850675 0.06263953441916129 -0.2270611726661284 -5.335508594092174
-0.21530378399617028 0.041871304233700564 0.9756490529276904 92.13706130084033 0.06981188499694721 0.9971840906422909 -0.02738959808176202 -2.454450867460193 -0.9740485518238315 0.062214815371230775 -0.21762062273190047 -5.54030165640615
-0.20234990226754157 0.03842292247419714 0.9785592450541042 93.06736818069265 0.069993943708284 0.9972419977489764 -0.024682904403499722 -2.5009529761490534 -0.9768087657758185 0.06349863741981061 -0.20448119265436004 -5.7321354933280055
-0.18743822787931413 0.037599995056931006 0.9815564940955672 93.94651107896262 0.07065764615547765 0.9971946143215298 -0.024706238238611528 -2.5426259826743287 -0.9797318040000691 0.06472357792840629 -0.1895691185054041 -5.901210333580095
-0.1698013605272508 0.03710939887860615 0.9847793613180382 94.90143536988202 0.07164594772787214 0.9971112199900023 -0.02522049056272264 -2.5866087472649837 -0.9828704676290105 0.06627297703376447 -0.17196957980355854 -6.0704455641251664
-0.15423782072825287 0.037021242619036075 0.9873399223428283 95.83606944527118 0.07246023749423322 0.9970306513617211 -0.026065191875407418 -2.6306632365614697 -0.9853731316812322 0.06752264686877252 -0.15646240289780922 -6.222829812307773
-0.14006133947914573 0.039759344179743285 0.989344235205171 96.72665156887287 0.07394853723357347 0.9968229461404983 -0.029591010269885257 -2.677315880663741 -0.9873775544462832 0.06901600247894955 -0.1425565024034448 -6.352653443025466
-0.12809888193067015 0.04664330609146217 0.9906639583859758 97.69267391636774 0.07585330641756337 0.9964283165020271 -0.03710641424955102 -2.7271740802389535 -0.9888563861115705 0.07039184661446389 -0.1311794022572535 -6.481899443485037
-0.11632169583801649 0.0516105854062725 0.9918697548324527 98.72102534730051 0.07533137707324034 0.9962308591976112 -0.04300300932072999 -2.7849669395106456 -0.9903506685541326 0.0697167315385006 -0.11977115945824096 -6.607115645493636
-0.10312738303419045 0.049008194892893264 0.993460084604238 99.71116575930077 0.0739243509647536 0.9964008456550753 -0.041479454098276636 -2.844915577838228 -0.9919173015947244 0.06916322441291539 -0.1063791106648736 -6.712620493838531
-0.0885692332117996 0.045844390281651964 0.9950144636174781 100.73768275809356 0.0745229180006495 0.9964455160534793 -0.039276815420603475 -2.9086494210969875 -0.9932783223351563 0.07067266385682133 -0.09167087303194182 -6.810356926192819
-0.07590873377553237 0.04627119339595505 0.9960405819033226 101.67487762353531 0.07141900290562041 0.9966093599282695 -0.04085473934969947 -2.966262445348663 -0.9945537643388428 0.06803499368030413 -0.0789559970765909 -6.880650378467315
-0.06818682708805007 0.05090580130656782 0.9963730004395949 102.6095700769829 0.06714449676208077 0.9966672148306792 -0.04632579666043357 -3.0231852990593144 -0.9954105550807825 0.06374215461523991 -0.07137761945298798 -6.939714521080366
-0.06406862533218588 0.05651372641448668 0.9963440218994606 103.55678476484765 0.06410186982018339 0.9965664723507299 -0.05240435546763994 -3.084686711846394 -0.9958846125599092 0.060510039771686244 -0.06747127946933201 -6.997232251937347
-0.06054277824074261 0.05790186962999362 0.9964847944129621 104.47119015358233 0.06087263535490049 0.996672125580657 -0.05421435562177782 -3.149517865213271 -0.9963077307076572 0.057376367817129174 -0.06386593887411296 -7.048043024655309
-0.056670123586963383 0.05801843737681794 0.9967057529767702 105.42725657060068 0.058976414631648814 0.9967613283991856 -0.05466842530278885 -3.219654344334701 -0.9966495269701552 0.05568406533509402 -0.05990830708610312 -7.096644218584138
-0.05116853325285281 0.05877728528483864 0.9969588817696028 106.44839013478584 0.05625986782792082 0.996850977852024 -0.05588340744307656 -3.2950160889643803 -0.9971041111522593 0.05322930292619579 -0.054314204709769054 -7.147096537648894
-0.04477355236674463 0.05701608506687497 0.9973687858821879 107.41590498275497 0.05573788763895522 0.9969574133532819 -0.054490401370158266 -3.3653954283220457 -0.9974410342922583 0.05315150048287085 -0.04781528109725797 -7.191575491145317
-0.03909899300586478 0.05356435109102174 0.9977986415295047 108.3685318080462 0.05417261794019118 0.9972072783928836 -0.05140983744152444 -3.434381426060844 -0.997765802286004 0.052043291714260836 -0.04189152153014902 -7.228587571937502
-0.033411506764876364 0.051021789130345295 0.9981384915179053 109.30147376120124 0.05144444058610729 0.9974599856588715 -0.0492650641143059 -3.50040206244136 -0.9981167971477504 0.04970265630067242 -0.035951428458047774 -7.259059892323069
-0.02924797712102234 0.051882397298037175 0.9982248106939322 110.26656079058243 0.046500609853675545 0.9976414649040567 -0.050489610686993265 -3.5644716565671994 -0.998489984485355 0.04494134349011516 -0.031591557855526586 -7.282450732205003
-0.02480085376918556 0.05286015193155737 0.9982939056160225 111.24749094819796 0.040696086787380265 0.9978266689325304 -0.05182438892263541 -3.6330535767097776 -0.9988637275286922 0.039341366330914784 -0.026898154633789917 -7.303047394888248
-0.020088436391872078 0.054893609438284204 0.9982901113234404 112.16903742642754 0.039080186840334104 0.9977716340595877 -0.0540786950895178 -3.7010796272939452 -0.9990341304078927 0.037927007644916765 -0.022188924517608788 -7.321827557065049
-0.014505813896250053 0.05709304903452808 0.998263474797685 113.15894268577027 0.0349998440059527 0.9977856988804648 -0.05655713950670937 -3.7738109895101317 -0.9992820384069586 0.0341186585545707 -0.016471941466332463 -7.334847176679938
-0.00881269725534084 0.056022524037099244 0.9983906115181567 114.1680561802354 0.032844893935609965 0.9979068666724596 -0.05570546104568866 -3.848787859325694 -0.9994216073857143 0.03230111837795778 -0.010634304965013941 -7.343542939639837
-0.002556681384408066 0.05358050718262514 0.9985602598893827 115.14236188510746 0.03126569226743307 0.9980796143963697 -0.053474665154931024 -3.9187145154215908 -0.999507838822356 0.031083960115250366 -0.004227003219389236 -7.347908020244818
0.005200008258725186 0.05221891374864789 0.9986221232082838 116.07930735240257 0.029923460936652442 0.9981802911549355 -0.05235162686508603 -3.9852057802840894 -0.9995386667856737 0.030154458986356145 0.0036279751319902576 -7.340198150215712
0.010999323306645992 0.05486170162668756 0.9984333771371128 116.97986598305764 0.027068800079305174 0.9981115245268406 -0.055142222198351375 -4.050087468154499 -0.9995730563340843 0.02763292060803659 0.00949351092101669 -7.3247389691371545
0.018474512213824845 0.05732267067619275 0.9981847543541276 117.92887577647502 0.026029193551898946 0.9979891923871856 -0.05779319130668131 -4.122481307788834 -0.9994904569236762 0.02704964519030949 0.016945300634079896 -7.305136687781157
0.026288390417993857 0.057753856003651016 0.9979846755566646 118.9105689486338 0.024374844872775404 0.9979958453505267 -0.058396571821608914 -4.198405562229846 -0.9993571871291365 0.025860873531219648 0.024827963137216857 -7.275804428536164
0.03420192339641709 0.05651278521746794 0.9978158815848494 119.8485375093052 0.0232578624920739 0.998084611711032 -0.05732520996854844 -4.270893751853003 -0.9991442840092143 0.025167697006335737 0.03282204684525142 -7.2394144757864645
0.0428907012665205 0.05475911599279694 0.9975779803907832 120.79497343248588 0.024261628163970015 0.9981452834876505 -0.05583338114596809 -4.345628602816531 -0.9987851426326382 0.026597598896236842 0.04148260586385033 -7.201729067851631
0.05290711929356173 0.05543884321583304 0.9970593620196079 121.69667648169602 0.02423643590466725 0.998092360849427 -0.05678234222587607 -4.4174968696094306 -0.9983052799132618 0.027169355474648924 0.05146255163122382 -7.158803513268112
0.06102180856639111 0.05583147475424385 0.9965737229658692 122.62158199221913 0.024235580685048337 0.9980571333748978 -0.05739856399196971 -4.492857090470265 -0.9978421596165125 0.02765510705544206 0.05955014311995238 -7.106246703521279
0.06841883838127288 0.056628542229975744 0.996048227125306 123.57349460445784 0.01887787035587541 0.9981355254932189 -0.05804393817792498 -4.568100288147824 -0.997478064202609 0.022774568125079116 0.0672222469226677 -7.041411067989938
0.076424431920732 0.05737172899874951 0.9954234229298041 124.48380531364026 0.014538981454001957 0.9981729374319852 -0.05864644061392406 -4.640454611400811 -0.996969369752087 0.018954463592947668 0.07545067319799104 -6.968070013311248
0.08305835085326468 0.05624610900380632 0.9949561224373001 125.42792243517158 0.01485836576265755 0.9982250513831012 -0.05767127324819392 -4.7154413203573595 -0.9964339111654114 0.01957350283257189 0.0820752012879909 -6.893782266774813
0.08954416873076987 0.05542235623415215 0.9944396433548748 126.36854191718714 0.014663670910410268 0.9982689879663427 -0.05695616226612874 -4.791706556128862 -0.995874901080325 0.019682227874636977 0.08857647150425596 -6.810690627778661
0.09496006566240112 0.057437870573412 0.9938226587039484 127.30106642998753 0.012380483940360898 0.9981886966576972 -0.05887316436383051 -4.865576774603618 -0.9954040935955585 0.017894605019393675 0.09407695554387885 -6.719368566619503
0.09854693354938737 0.05707631519479481 0.9934942355805579 128.23121205359345 0.012019046365604736 0.9982127323308994 -0.05853958948388702 -4.942127372772066 -0.9950598195146231 0.01770975031628079 0.09768480092246146 -6.626401326526548
0.10378688323235385 0.054622651942819046 0.9930985090934572 129.17133687711356 0.012844137924339076 0.9983339301606484 -0.056252928910185386 -5.016595927677569 -0.9945166217765766 0.018593810387531183 0.1029123861611334 -6.531139144707277
0.10847317294798664 0.05314402874257118 0.992677834425452 130.0929539806916 0.011546278492171606 0.9984353088388533 -0.05471396089523113 -5.089409420932586 -0.9940323205024962 0.01739673167213987 0.10768983017699574 -6.428489715843662
0.11109346934664838 0.054853826884762466 0.9922949655947176 130.99100243680877 0.008229258445827656 0.9983905603109715 -0.05611210553326286 -5.16009523999281 -0.9937758904169275 0.014399540202408034 0.11046326478971263 -6.31894217761063
