1.0 0.0 0.0 0.0 0.0 1.0 0.0 0.0 0.0 0.0 1.0 0.0
0.9999094836537676 0.00124201182130558 0.013397085723837866 0.013114307075738907 -0.0012714979065036847 0.9999967878067197 0.0021926398054708533 0.007380669470876455 -0.013394319405250864 -0.0022094757021781683 0.9999078509666739 0.14278016984462738
0.999463069611116 0.00358559205332136 0.03256863542048979 0.0369278664564276 -0.0036983600524952477 0.9999873711528445 0.003402891086340904 0.012842801486783783 -0.0325560227369335 -0.003521514510910006 0.9994637083551868 0.32560867057808074
0.998400561993163 0.005134812904251165 0.05630232240480875 0.06566274158598093 -0.0054269404091933865 0.9999725886887846 0.0050368828501690345 0.014898499881813524 -0.056274915633270896 -0.0053343760168925785 0.9984010608482841 0.5382473943160738
0.9964801800537684 0.005204535734695584 0.08366698015224311 0.10693790420741255 -0.005769812356589625 0.9999621254885289 0.006515892405004814 0.013557880610417784 -0.0836298991113783 -0.00697570041287113 0.9964724680483504 0.7776473047448099
0.9933205413030778 0.003222438790236588 0.11534261187264615 0.166971032564859 -0.004246308412618126 0.9999537262825582 0.008632158391266997 0.01420591683373398 -0.11530945793917184 -0.009064280548955401 0.9932882601379645 1.0696318624880339
0.9884725882086105 0.0006069547155108495 0.15139872511399938 0.23985285619137886 -0.00219814380332427 0.9999440959426071 0.010342782669193487 0.0080304348036378 -0.1513839837102688 -0.010556353323737378 0.9884186627540547 1.3126594096860464
0.9817263346925935 0.0010230896182219897 0.19029544676286675 0.31410715188789756 -0.003050752834041494 0.9999416519839229 0.01036269920478676 0.007386277838663324 -0.19027374143110642 -0.010753879081354167 0.9816721741021859 1.5596385211678632
0.9731252014747637 0.00028591877582003324 0.2302764870870542 0.4114446549720482 -0.0030283550466842445 0.9999286416618846 0.011555978968900857 0.00019467020211156455 -0.23025675086826844 -0.011942773324152577 0.9730566267411759 1.8355785619488012
0.9636536003220768 -0.0024956218457980505 0.2671432395886183 0.5131430417534222 -0.0020444781308721106 0.9998581957895721 0.016715514398132614 -0.0020231565119889923 -0.267147073155353 -0.016654134142145265 0.9635118479398704 2.0882606028120434
0.9512424101644683 -0.00847290326656105 0.3083278888046446 0.6435918637208607 0.002310533616328297 0.9997903282217389 0.02034603225879015 -0.010794529894523421 -0.30843563111109845 -0.018641606811200896 0.9510625384045969 2.346766491290956
0.9362129937714483 -0.014680190951159883 0.35112636227879507 0.7878894701084255 0.006310257727306367 0.9996682883550311 0.02496985992626391 -0.010808251041801555 -0.35137645188731287 -0.02116140947479051 0.935995076807631 2.5874392318739146
0.9165862380623732 -0.017368375656623473 0.39945964467229644 0.9558316298413996 0.006133901463602703 0.9995493339439061 0.029385443082057438 -0.009956609394981407 -0.39978999918394875 -0.024484046629273396 0.916279699662256 2.8640559679954696
0.8946142661182339 -0.019343917166577986 0.44642034869211156 1.1247148090551211 0.0057693996440045 0.9994792889569206 0.0317468892006165 -0.004472091904224082 -0.4468020018816855 -0.025825642582925783 0.8942600333793842 3.1156536913275197
0.8713622838521884 -0.024652377260275533 0.49002043893629127 1.3166963559080767 0.008411130680589879 0.9993406968271213 0.03531889785593402 -0.0011354676069148823 -0.4905680617004868 -0.026653929550835665 0.8709951463004412 3.3676597646903965
0.8452045624936012 -0.029793154201945164 0.53361185847271 1.5308854876858997 0.010759355245642525 0.9991911738189432 0.03874576669806377 -0.0012305369179070977 -0.5343346178329628 -0.02700677924192072 0.8448414940450546 3.6168169304133158
0.8194241459257802 -0.035520558692773374 0.572085971672055 1.741236670146419 0.01414368722706632 0.999027117072773 0.04177050951194072 0.006877389924763452 -0.5730131108320551 -0.026136359031384834 0.8191293338363325 3.825506580214691
0.7871699771882311 -0.03959198699463336 0.6154639726087112 1.9589518902813752 0.017283507175121435 0.9989615152793548 0.042156510416576164 0.004969599969448378 -0.6164938826892017 -0.022546963356340287 0.7870368015856696 4.018568041077045
0.752119508736833 -0.04476035878789707 0.6575049466419579 2.2262004919496565 0.01897573405124592 0.9987480486456084 0.04628452056364138 0.013190289504002247 -0.6587534941802445 -0.022334851863589366 0.7520272523636029 4.252344485591044
0.7179685114612944 -0.04595905555318534 0.6945566800216615 2.515209647215975 0.016811139838887545 0.9986717391222383 0.048704651275640165 0.031278736154145316 -0.6958725473298762 -0.023292116503735177 0.7177874860858232 4.507028062377325
0.6838200074689393 -0.04752485093700598 0.7281013569061626 2.8060543531724873 0.016353272980954278 0.998624133788509 0.04982378827388065 0.041747226709962684 -0.7294674549614878 -0.022163663022286215 0.6836563494866733 4.725934944789203
0.6500413733772428 -0.05003673080117643 0.7582496544467127 3.130023497912455 0.01636743104099579 0.9985202048112599 0.05186046456404138 0.05146610191943858 -0.7597225283608132 -0.021300848678175832 0.6498984180213422 4.95471120216133
0.6159904461142331 -0.053642095526641786 0.7859251210411198 3.498349236193983 0.01806623988837544 0.9983784165850402 0.0539828516609093 0.06325222374065348 -0.7875464311850342 -0.01905420910609262 0.6159606771889401 5.20206450134435
0.5833896884996216 -0.05609515385831021 0.8102529266012726 3.909080359862909 0.018253886000800388 0.9982656507478409 0.05596861783946135 0.08204037268800653 -0.8119872332729035 -0.01786124997312321 0.5834018415733818 5.459397229840643
0.5488289894054283 -0.05843631854783139 0.8338896432159311 4.336414166206335 0.018418655155158923 0.9981567953638084 0.057825297330216185 0.10165278794514623 -0.8357317114543947 -0.016377073719958214 0.5488937036675494 5.7037759786223505
0.5136101628297851 -0.058533326532577416 0.8560247953902925 4.842795908887768 0.019311232971646088 0.9982062536487459 0.056668787331743554 0.12523251704838728 -0.8578063166700723 -0.01257477083553566 0.5138192271795182 5.981645949397802
0.48188413077963926 -0.05690042504984308 0.8743855134503881 5.345206571279763 0.019733645373876976 0.9983409782093773 0.05409135298919716 0.14522062467344138 -0.8760127098067755 -0.00881095097540862 0.482207527315677 6.2347489973806915
0.4537729036712864 -0.05452358200113102 0.8894477673812532 5.849197930781948 0.018416985665261114 0.9984870273648533 0.05181187916978794 0.17273425553114852 -0.8909270264913595 -0.007129880073681465 0.4540905177135941 6.471610936776634
0.43043263797806813 -0.055314522163965235 0.9009262166243214 6.429771654193254 0.017826534517520292 0.9984467674932815 0.05278510347922692 0.19562332751645825 -0.9024466515148345 -0.00666003903811652 0.43075014225148406 6.735920968820803
0.4126814318542169 -0.05591374079281969 0.9091576812595861 7.022026888206462 0.019509593413741658 0.9984277960954567 0.05254818501908506 0.22431403135362143 -0.9106664655995542 -0.003948363524661672 0.41312346684483237 6.988997023555425
0.3993624369016118 -0.0571990090823415 0.9150070586350711 7.649699843023298 0.020781347170466875 0.998360177737883 0.0533393955436646 0.26247211340942644 -0.9165575702604758 -0.0022866716382537143 0.399896225952474 7.25317288507359
0.3909015362119523 -0.0579867279485654 0.918604119503584 8.249823316410618 0.01937462856285902 0.9983108145070219 0.054773546593022374 0.29247984282829226 -0.9202285654961962 -0.0036134498952952905 0.3913647023233791 7.508291425857763
0.3851230279652513 -0.060166689682127364 0.9209018529591363 8.877590024155156 0.019452283243365013 0.9981800485040068 0.057080639845385875 0.32307555248848224 -0.922660209398615 -0.0040694251723481754 0.3855925022238768 7.765985874697886
0.3787710200483099 -0.06167537629633965 0.923433084922924 9.54098634705322 0.020818576743031267 0.9980923608239647 0.05812250964333589 0.35417621025071944 -0.925256235447218 -0.002790559719852058 0.3793324551662995 8.029772753725217
0.37237157341841626 -0.0625207412870503 0.9259754684757103 10.20836189898654 0.0194907525752219 0.9980351358954193 0.059548115690286854 0.38264545262978666 -0.9278790448511837 -0.004126066786908741 0.3728584901794854 8.29470741652985
0.3671463926364907 -0.06315544795661869 0.9280166570527765 10.873832541685815 0.017736199931944394 0.9979862631052827 0.060900294458463566 0.4176073772979352 -0.9299940610487712 -0.0058998344512622425 0.3675271940516263 8.559450803136142
0.3592914442000364 -0.06437159514145996 0.9310026615770745 11.581463573531003 0.01914373219773123 0.9979166770301473 0.061610252577398814 0.45718654762505356 -0.9330290325826921 -0.004313170997456123 0.3597752366599917 8.82540224919792
0.35142436002398103 -0.06645160416673636 0.9338549691924346 12.317313820837555 0.018603140636126225 0.9977765214753873 0.06399950273985539 0.49693665587385805 -0.9360314323462692 -0.005118348966574503 0.3518791840442519 9.09961470335844
0.3409453613321972 -0.06981995544723746 0.9374867649238593 13.057536664937638 0.017891332774279102 0.9975394725895278 0.067785697882126 0.5337289074301707 -0.9399128474478992 -0.006338331574841472 0.34135562798235786 9.36257134451398
0.32616273883300656 -0.07356900696125732 0.9424465337681955 13.846228809714239 0.017441054555138395 0.9972656656349557 0.07181226748734326 0.572905310969385 -0.9451527270303761 -0.006985224434728161 0.32655402191159705 9.634560785187846
0.31557499166895187 -0.07555391356848709 0.9458879588923977 14.611767023123166 0.017713327429367272 0.9971204373042877 0.07373650074072081 0.6148510511423464 -0.9487352964154548 -0.006514572479593708 0.31600458490485095 9.885447542768796
0.30258488224137786 -0.07731896101093531 0.9499811405007792 15.383126813025738 0.019216720672983894 0.9969964959765041 0.07502469364915534 0.655534111043925 -0.9529286996861561 -0.0044458158714189774 0.30316188420658924 10.122376336442093
0.29202707257882987 -0.07604242546998015 0.9533822624790549 16.156180472286913 0.019381238469350495 0.9971000296891626 0.07359278761716832 0.698183550118934 -0.956213656290493 -0.003013357349201759 0.29265399912021195 10.356417428665289
0.2780777851535852 -0.0758710174088647 0.9575574834553904 16.938235450965323 0.019962797869428693 0.9971168667886872 0.07320820081613771 0.7405154683243759 -0.9603510983516919 -0.0012420478474516952 0.27879064764056166 10.572930523089044
0.25960088234790724 -0.07568437225090713 0.9627456869190192 17.756627814474797 0.01831910992187264 0.9971307986151439 0.07344780912182292 0.7825985718609717 -0.9655422269874365 -0.0014304719890676013 0.26024250547139705 10.79437438841181
0.23843914582028342 -0.07593816834706921 0.9681839537652883 18.6072013710148 0.016328037123765633 0.99711075573867 0.07418582070681194 0.8312122323693838 -0.9710201691747595 -0.0018802601815951225 0.23899015811842744 11.00468329922036
0.21324827692399867 -0.07456265663068132 0.9741486450358184 19.413483777459213 0.013630706434880638 0.997213532941314 0.07334421286501874 0.8714430249257051 -0.9769029512858644 -0.002362192811392244 0.213670409308566 11.181251397354925
0.18295884762978676 -0.07494089897450508 0.9802601296262508 20.2258161947586 0.010239980810057003 0.9971816214583782 0.07432332486272253 0.9164113588723743 -0.9830672422916911 -0.0035602649526611935 0.18321059370701442 11.33668659595115
0.1484388960044168 -0.07448672047204502 0.9861123782948419 21.05028478510394 0.010231876827171131 0.9972216322898215 0.07378566791605047 0.9585181735408638 -0.9888686479252861 -0.0008628826939454382 0.1487886171179535 11.456084626286435
0.11304930017803294 -0.07471404905446699 0.9907762949339997 21.8677427450918 0.009409205895638394 0.9972045539143533 0.07412519475110595 1.006209082393058 -0.9935448266553807 0.0009426167633788257 0.1134362768252154 11.552965979454761
0.07864169575504576 -0.0730787425523933 0.9942207909090073 22.731834209483743 0.0068362976665709355 0.9973255953800618 0.0727662135473565 1.0554741954665132 -0.9968795056189013 0.00107433084590966 0.07893096407778555 11.630041854298078
0.049690106135698964 -0.06995192417615252 0.996312010193733 23.57674230252932 0.004816527572582691 0.9975494765508561 0.06979858806061837 1.1025101774493227 -0.9987530697897082 0.0013304650191393527 0.0499052647369726 11.675408712722225
0.01884525542226223 -0.06624891674556792 0.9976251487297765 24.42224045265707 0.0048300935877317215 0.9977967349854917 0.06616907017804093 1.1485904644313742 -0.9998107453633431 0.0035716498052808243 0.019123722798267795 11.69684527074853
-0.011645619446525812 -0.06295816509166832 0.9979482195965866 25.272988161264553 0.006819169070715246 0.9979876893526609 0.06304023186602584 1.1901021435599008 -0.9999089350940374 0.007539320183380868 -0.011192862470376597 11.683016475990371
-0.04159084188842499 -0.0586512102726002 0.9974117692330343 26.129943101440624 0.009218432332652737 0.9982105336690722 0.05908257761332618 1.2320014650231128 -0.9990921991369669 0.011651867046342624 -0.040975744264064584 11.645923085581623
-0.07311891089835049 -0.05524858371025344 0.9957917547695654 26.954406508322755 0.011437943231612058 0.9983522940185485 0.05623051202445177 1.2724072227275638 -0.9972576388896048 0.01550132336004616 -0.07236650226740132 11.584842467059287
-0.10130413266084953 -0.05037975868827772 0.9935790620883392 27.768721927334465 0.018258288457803556 0.9984545984518114 0.05248856764118896 1.3062859766024928 -0.9946879448391966 0.0234583619407438 -0.10022772893083248 11.492578703319237
-0.12960868277658516 -0.04276615164638453 0.9906425417991485 28.609551481706177 0.021011978800556302 0.998726675104562 0.04586420370476342 1.3398847485577523 -0.991342567478974 0.026759759115984275 -0.12854504734236566 11.385900910506729
-0.15569491824734205 -0.03184950511209095 0.9872915990000464 29.4482940718625 0.023752205465544303 0.9990703774152829 0.0359751818175625 1.3650517481141073 -0.9875195821691214 0.029051505905873534 -0.1547936847456154 11.257009878437715
-0.1772473152693606 -0.017826116500531904 0.9840048875896469 30.24663429386095 0.02341753698115704 0.9994764793734061 0.022324563625687827 1.385225321110131 -0.9838877010063395 0.026999939811983023 -0.17673707890142715 11.123249746295444
-0.20166383747503103 -0.008681544698823953 0.9794163197723871 31.088897996406438 0.021907460750088766 0.9996705738717914 0.013371869664584595 1.3963904578999498 -0.9792097629304601 0.024153147134186037 -0.2014072135381122 10.958154065311593
-0.22405147674125098 0.00039669714982158363 0.974577230598702 31.892573820188726 0.0249492432353106 0.99967451649928 0.005328820124202058 1.3999806382016158 -0.9742579078622097 0.02550889439591838 -0.22398844897594145 10.773553326334705
-0.2458742828295986 0.0043605179295971176 0.9692919183230696 32.68218657756922 0.02616550855109804 0.9996553336056131 0.0021401299289249658 1.3993468303185697 -0.9689485038975462 0.025888218888829084 -0.24590363339623728 10.575687869909213
-0.26934551977504234 0.003699803072901327 0.9630365010913836 33.41131952116614 0.027646265294583652 0.9996101926098298 0.0038918948856449982 1.3987326841458838 -0.962646703101597 0.027672627048423864 -0.26934281263821586 10.37050000284698
-0.28788634010052777 -0.0010385112628909909 0.9576640207702702 34.149263013673206 0.030625969809317817 0.9994779423161 0.010290422577026273 1.3976682805901193 -0.9571747516293785 0.03229186148136813 -0.28770424141000456 10.141535090802725
-0.30501802818673834 -0.004767886808634367 0.9523346416761568 34.93837276351356 0.033608050039238155 0.9993107094497926 0.015767211278856823 1.3994390727628556 -0.9517533826856798 0.03681539398583283 -0.3046475427638203 9.887295230681902
-0.3176322043042483 -0.005365176087196652 0.9481988175875236 35.69656752496 0.036797208915489064 0.9991609898091133 0.017980040592363054 1.4005343655489508 -0.9474997352004138 0.04060210991101995 -0.3171682841425343 9.628119608706221
-0.3281199103995376 -0.0008946503993574953 0.9446356567481785 36.4192672475101 0.039972878244060595 0.9990906942732608 0.014830833471505768 1.4014606557023404 -0.9437899625469034 0.04262609784201409 -0.3277857873344696 9.371765096863918
-0.33653548282179757 0.0011438632224979213 0.9416700910503785 37.20310882653559 0.03983294767417486 0.999121497203239 0.013021908690556428 1.4032935390126569 -0.9408279359593265 0.041891829791582964 -0.3362853989028173 9.097691094508585
-0.3445808828866821 0.0032795888199718126 0.9387509038324313 37.95973906082953 0.03720113581850843 0.9992561055859936 0.010164199079443768 1.4035817374376147 -0.9380192378852619 0.038424988565848556 -0.3444465555218499 8.828267339818153
-0.3553713466461383 0.002358716285947665 0.9347222274239514 38.74156360898134 0.037178700403630076 0.9992411484699237 0.011613416414011049 1.402845168810798 -0.9339855192770431 0.03887883308421833 -0.355189366562123 8.527353047776483
-0.36354739960190513 0.0036337236115274937 0.931568614915406 39.45935071226501 0.03848306533969969 0.9991973707507935 0.011120609999538697 1.4035187374958542 -0.9307805014743021 0.03989248472352234 -0.36339544264868046 8.243330920146361
-0.3682857452579355 0.004449010937328791 0.9297020039461497 40.20108112989991 0.03972954388737503 0.9991503946141853 0.010956837354773425 1.402913045650826 -0.9288633770271644 0.04097188357883178 -0.36814960488053566 7.949355540578182
-0.37379377272047515 0.006545844082204617 0.9274887424657215 40.91987485508304 0.04134561029387657 0.9990986712136363 0.009611747425609139 1.4034405776777963 -0.926589853163103 0.041940399430600114 -0.373727503551426 7.658135480273721
-0.37482038291573455 0.008790252576880632 0.9270557761054818 41.68091314558631 0.041282468691958854 0.9991214471529146 0.007217452304199783 1.4035766411720971 -0.9261778653852617 0.04097639928911037 -0.3748539667279777 7.355288252870238
-0.3747607248276578 0.00991014366089868 0.9270685995002037 42.448480680096466 0.044339028339934944 0.9989902722358608 0.007244759760767782 1.4017411001123805 -0.9260607159860088 0.04382037232545091 -0.37482172465952374 7.042496713360126
-0.37155032804813837 0.009407780728436645 0.9283651476596301 43.27099862774898 0.044098675881583685 0.9989988348120628 0.007525611578620844 1.4023600339635907 -0.9273649014885198 0.04373581719720003 -0.3715932154672382 6.718055563258125
-0.36604192845123446 0.00843423496856846 0.9305601379256456 44.11555578040114 0.04205463129007634 0.9990872589123725 0.007487126686391465 1.4029844111879528 -0.92964762926754 0.041874965784551035 -0.36606252558515956 6.396391143065616
-0.36059801314115536 0.010245536251070865 0.9326650534385748 44.93831287528297 0.0406145706457181 0.9991637070889625 0.004726847523062114 1.4047158830291213 -0.9318366431783607 0.039584282526910826 -0.3607125656349036 6.08508785956178
-0.3553370227915395 0.009913332287251095 0.9346856830382114 45.76260898818816 0.039448789781255066 0.9992119084014246 0.004399442416698221 1.405568459060798 -0.9339054519695448 0.03843550379201556 -0.3554480536306461 5.779544644392878
-0.3524491902042156 0.008371877595567465 0.9357935028572905 46.60739127600411 0.03496354512295453 0.9993796464073782 0.004227630435507666 1.4105528133083511 -0.9351775867913154 0.03420868328639592 -0.3525232576029321 5.47738454999778
-0.3513142870705614 0.006565924379347441 0.9362345648058226 47.49739807139552 0.03288083554650379 0.9994450720486607 0.005329034754187025 1.4110138516481705 -0.9356800320375909 0.03265634080377426 -0.35133522603268913 5.153270304358945
-0.3518767667248388 0.004919904353471605 0.9360334051626716 48.381708517008136 0.030039375178831828 0.999530473896722 0.006038848454802053 1.4094631541343294 -0.9355642024886047 0.03024278910661803 -0.35185934225044235 4.828665836825741
-0.35314513096150135 0.004439993825742325 0.9355580168717554 49.28650714695747 0.029259493568673904 0.9995519900887612 0.006300884517439874 1.4050667257099796 -0.9351109017193036 0.029599080465865034 -0.35311683041351405 4.493570862965599
-0.35504792147932307 0.004448888170088018 0.9348375157465937 50.184020406152385 0.030880596119984095 0.9994987662757872 0.0069717283692191535 1.4026207897645835 -0.9343379272171751 0.03134363742818952 -0.3550073438061293 4.15573150649986
-0.3544283807771742 0.0034655899176069486 0.9350767415491594 51.14276552171595 0.029530759613809306 0.9995358186809935 0.007488752255706062 1.3966123642169264 -0.934616743449582 0.03026775281118363 -0.35436620324666857 3.7943229008737465
-0.3549052616459795 0.002202302009045266 0.9348996765010991 52.0872622510734 0.030016243168607563 0.999508528971307 0.009040224535752836 1.388531183368712 -0.9344202910907071 0.0312705992823093 -0.3547969408245841 3.4357880802793836
-0.35588724163015967 0.0015438891143511116 0.93452762808345 53.081364295510085 0.030221910632823187 0.9994946012099393 0.009857903929647404 1.3851658582562854 -0.934040099440371 0.031751512697619576 -0.3557540359276827 3.059708067809669
-0.3552087222999886 0.0016401619562486525 0.9347855761995726 54.059254434363616 0.02990907298790714 0.9995064122221577 0.009611414037201674 1.3814453555157966 -0.9343084131886076 0.03137262812624643 -0.35508245133973965 2.693433107317922
-0.3558595595182081 0.0007358842445903367 0.9345391550779909 55.05436635742088 0.029215382228654798 0.9995196807178832 0.010337760823986745 1.374200800986676 -0.9340826705065992 0.03098170963647612 -0.3557101324495277 2.3196287410607
-0.3547360597526632 0.0008241554093617823 0.9349661216744787 56.031215842989546 0.027790848511894083 0.9995670534515704 0.00966304264371631 1.3705434156879444 -0.9345533674703355 0.02941133152386245 -0.35460538197812164 1.9493972227897585
-0.3528463567098396 -0.0006100282277338668 0.9356810762338597 56.98422474664847 0.028222264907388134 0.9995378644077642 0.011294307356503747 1.364688473276658 -0.9352555545518506 0.030392194404605506 -0.35266607747156925 1.5891884233743978
-0.3523271685509477 -0.002010371977050448 0.9358747377215534 57.96839665570692 0.0301545974213358 0.9994540869429017 0.013499198031297123 1.364472865112917 -0.9353909698918573 0.03297706017286711 -0.35207420659163 1.2189583438305396
-0.35111345066086025 -0.003819417758302558 0.9363251341350454 58.91685240384979 0.031277482491352024 0.9993857651749181 0.015805424851804386 1.3614399641809551 -0.935810378150417 0.034835390247999684 -0.3507783227798474 0.860051187234508
-0.35120721507891794 -0.006082826478441281 0.9362779989397081 59.888102928066125 0.03131346478455529 0.9993431955505174 0.018238542432630497 1.3569804255943545 -0.9357739892728891 0.03572361584321527 -0.35078606624464037 0.5010053172301856
-0.3518782286110893 -0.005023051146181469 0.9360323077686502 60.856798591944674 0.031025856153992927 0.9993735533537279 0.017026365057033303 1.3576444495928675 -0.9355314577711612 0.035032410912274804 -0.3515019512125641 0.14330692758971325
-0.3499289087044997 -0.004546921077174965 0.9367652237148837 61.82761094320337 0.029630816356330456 0.999434128729789 0.01591970641013313 1.3573392680583147 -0.9363075208364694 0.033327883803886446 -0.34959616500502305 -0.21865087108206654
-0.349939492197828 -0.004489629302802079 0.9367615465149333 62.78198270605735 0.027421359754676827 0.9995109046975952 0.015033975515455893 1.3542834482277373 -0.9363708778200712 0.030948257128926633 -0.34964522669579096 -0.5709518261468636
-0.3512150694852856 -0.0017401161175385552 0.9362931949781244 63.70881800757749 0.02745448913402127 0.9995491373463463 0.012156194164502455 1.353608967805166 -0.9358922085330321 0.029974889925947316 -0.35100894572801344 -0.9178269669075911
-0.3538792775940895 -0.0007380759078638929 0.935290816876462 64.62220091929397 0.027794722253345727 0.9995497207113888 0.011305274903504308 1.3463521609536184 -0.9348780189438324 0.029996850997040796 -0.35369941846985936 -1.2668966820317438
-0.3571739064791189 -0.002857754735635546 0.9340335292527333 65.59294680092044 0.02720789917028502 0.9995391399961848 0.013462460340773749 1.3417441521150422 -0.9336415429666705 0.0302215296363082 -0.35693154580851566 -1.6338457181296135
-0.36025178219313453 -0.006578046849276766 0.9328319155808934 66.51820531480189 0.027744442726600385 0.9994572217853819 0.017762536948199546 1.3379457940126367 -0.932442437539423 0.032279887247239306 -0.35987374112992015 -1.9949025120806705
-0.36451128066936866 -0.008848091465016921 0.93115693496972 67.47463120083324 0.02637949197211882 0.9994554250896948 0.0198236137490246 1.3335021501734288 -0.9308252514129973 0.03178937772596836 -0.3640793688136228 -2.364967971056176
-0.36824475386768457 -0.00734402665582921 0.9296998798114406 68.3978073179847 0.027264948212454853 0.9994534215236308 0.018694405678706616 1.3301489488122131 -0.9293290180812719 0.03223233589404239 -0.36784324470474244 -2.73424693442493
-0.37440087696472346 -0.006170197020302684 0.9272464138495099 69.29862690859645 0.027290128651046096 0.9994713714227978 0.017669934477548395 1.329428942205791 -0.9268652718741032 0.03192031288947758 -0.374034572491344 -3.0991563826785735
-0.3790306762226805 -0.00525236233783616 0.9253692015471715 70.188303620318 0.02665930240699193 0.9995068587062382 0.016592799473283473 1.3294340339785582 -0.925000015176946 0.030958877386948677 -0.3787037362287171 -3.4622213859117528
-0.38291449541337436 -0.004294838191274266 0.9237738054130091 71.09988658268766 0.02645205771261423 0.999528170276418 0.015611709280045027 1.3345985712942645 -0.9234049912389957 0.030413667795694915 -0.3826202176651459 -3.83470965049456
-0.38435386651573905 -0.005112706705592506 0.9231716879998783 71.96926376131277 0.027416216320184327 0.999480392623423 0.016949803657075352 1.339733663049823 -0.9227786605557623 0.031824597271153894 -0.38401398233845935 -4.194742856850008
-0.38776791527626303 -0.012721126610085171 0.9216692556552332 72.92589031570036 0.028542724687520796 0.9992595456905575 0.025800643668584346 1.3417059871791168 -0.9213150149377322 0.036311613625272195 -0.38711769523778644 -4.597714739813965
-0.38644856762699625 -0.01871819323161463 0.9221209973865614 73.8004979914621 0.030226705211620658 0.9989999413925295 0.032946371420425995 1.3484060727926461 -0.9218155188925237 0.04060475760137985 -0.38549630710169 -4.965102400083444
-0.38774720527643036 -0.022363795221665914 0.9214944196595014 74.70258005857328 0.030647429222912075 0.9988401256587268 0.03713675344029884 1.3570741297650675 -0.9212561206756482 0.042641107365338736 -0.38661207441091805 -5.34617996424889
-0.38560195074630205 -0.017686150718900884 0.9224957103712704 75.57121200935772 0.029051387675402687 0.9990878093583331 0.03129802015624584 1.3670586354407512 -0.9222077599189783 0.03886835813763725 -0.3847364010344024 -5.703487523433095
-0.3851048651497839 -0.013672850970150006 0.9227715296780211 76.42344398088777 0.02903478991378054 0.9992157651608701 0.0269227715631152 1.3769854050780204 -0.9224159711391763 0.03716056781489115 -0.3844058641423742 -6.057979087758126
-0.3861931473741137 -0.011269243709469391 0.9223490971793126 77.28826076480914 0.03316764606552983 0.9991090929571064 0.026094589954630872 1.3853443371737428 -0.9218214361663261 0.040669700228120234 -0.3854753108924188 -6.427651113386296
-0.3840462383741199 -0.01167035454119455 0.9232401039900573 78.13598014490755 0.03609641047677639 0.9989659266580528 0.027642838618892385 1.3895526680195205 -0.9226080077375121 0.04394178195181529 -0.3832278484890137 -6.786384183665738
-0.3819677984344833 -0.01454864482471201 0.9240611115574979 78.99467918692221 0.037400025641017576 0.9988136583367844 0.031185156756716036 1.396189785632755 -0.9234185611309562 0.0464716349363147 -0.3809705344317073 -7.146536361448688
-0.3815502333365226 -0.017387960107517426 0.9241845477414913 79.87834036541513 0.037854594616625194 0.9986903566323402 0.034418036492226294 1.412713721340995 -0.9235726550235538 0.04811684126029713 -0.38039232442292414 -7.508581645653699
-0.37901247408893435 -0.022362652316712927 0.9251213197556021 80.77752002453416 0.037578900118769916 0.9985114011633053 0.039532366647551075 1.429976593347516 -0.9246282338058083 0.04974830176251958 -0.37760791268311233 -7.873021877106634
-0.37679795746162426 -0.024060212832130227 0.9259829401296876 81.6788898743085 0.034830508042127534 0.998587619337713 0.04011984814236093 1.4506343886323467 -0.9256403918165387 0.04736953307677212 -0.3754277458763715 -8.228873453101249
-0.3740768273153145 -0.026959073367823244 0.9270057905044915 82.55630392308007 0.029754609629317398 0.9987138947139282 0.04105142763831923 1.4775172890291421 -0.9269202719066596 0.04293908322828459 -0.3727935684262795 -8.563783308548075
-0.3712455702250504 -0.02740494789590007 0.9281302146892431 83.4055018128921 0.031681816198134066 0.9986084949179326 0.04215846771562295 1.4913614009213463 -0.9279940673898003 0.04505599525662012 -0.3698607416052298 -8.900920881144753
-0.36952965862926357 -0.027265862350982863 0.9288188220226791 84.319917199114 0.0343950443434861 0.9984830583484058 0.04299491965132435 1.510918643642574 -0.9285821516257727 0.047834662552081075 -0.368031293153964 -9.260567265680653
-0.36420248160176094 -0.025613698162322757 0.9309675025808196 85.23153472626163 0.03452798245383156 0.998563151680236 0.04098109971806531 1.5341752649204634 -0.9306795210075199 0.04706984781028653 -0.3627947885572912 -9.609416176175472
-0.3566591130385042 -0.025297516934682452 0.9338920241245918 86.11801124161673 0.03950450043629938 0.9983308329947282 0.04213006453034066 1.5574385155365984 -0.9333989883923521 0.05191900932213269 -0.3550644236461074 -9.947599630343497
-0.3466826781911099 -0.025055029407959152 0.9376477836285892 87.02565518803485 0.04581746683092248 0.9979975444747919 0.043608037739424746 1.583339860469893 -0.9368627863115477 0.05807879753965363 -0.3448405035678253 -10.289129135160872
-0.3367378180861552 -0.025794299778531548 0.9412450775273731 87.90687513996492 0.04456266772127393 0.9980680265431674 0.043294145537134954 1.6058795275556712 -0.940543359189856 0.056523167738216334 -0.3349377867495674 -10.596902778711359
-0.3271683346827922 -0.02882993645982257 0.9445261857379136 88.80466032995761 0.0435110793074783 0.9980147452750734 0.045534099211791274 1.632196995023235 -0.9439638058518914 0.055994669186035115 -0.32526440054878386 -10.899834523805612
-0.31450114876830754 -0.03271876879462285 0.9486930534118921 89.74411860054043 0.04488830998511814 0.9977751723134769 0.049292445075197575 1.6588702055347553 -0.9481951629543862 0.05808775846402958 -0.31233274766909996 -11.20774962227878
-0.3023335864746976 -0.03421147992202318 0.9525880416690581 90.59906559919376 0.04473386217211821 0.9977453505964733 0.0500309597977736 1.6877257944333866 -0.9521519227857035 0.05773898167326395 -0.30012151860675046 -11.471224554365527
-0.2891247579400088 -0.034668211663201005 0.9566634671848857 91.47944440893234 0.047395663726271096 0.9976000469056764 0.05047571172097157 1.717245071257138 -0.9561174223943822 0.05993547792307899 -0.28678774918056493 -11.737863975214445
-0.27292208210839813 -0.035746610752949215 0.9613717891207822 92.36055844711608 0.04918103008515168 0.9974843315676276 0.05105129339053551 1.7468670357666347 -0.9607782071723838 0.06121428017023695 -0.2704774455030578 -11.988884181549187
-0.2595565393807373 -0.03323842543502767 0.9651557438772751 93.22728914765138 0.05075913255871549 0.99755654131254 0.04800476378912857 1.7717946631774752 -0.9643930284518771 0.06145041870616819 -0.2572351700570008 -12.221058417713754
-0.24656281164763444 -0.027159241219326242 0.9687461770395813 94.12079780187332 0.05145417048701638 0.9978304829551554 0.041070617538267434 1.7991663187149498 -0.9677599125051142 0.05997251788837982 -0.24463043319714278 -12.443712831861115
-0.23100395821096914 -0.024262611202963677 0.972650243915293 95.03206595424314 0.048256412808229746 0.9981729601679166 0.036360145936188186 1.8260587001157613 -0.9717553652611067 0.055335949320789675 -0.22941107819593293 -12.655911756793268
-0.21713677203364823 -0.026386371164524233 0.9757844954945615 95.93367525125772 0.04739014637244203 0.9981708922231072 0.03753723411927437 1.845699881646636 -0.9749901518772416 0.05439328391717732 -0.21548915148354764 -12.852511702053516
-0.20327181623370755 -0.03173117373608706 0.9786080427517343 96.87390695323413 0.04603988118185808 0.9980594261544069 0.04192506654850146 1.8673312702753233 -0.9780393131494307 0.05357718243493348 -0.2014164527950078 -13.038234907545196
-0.19201232468246449 -0.031547946846409686 0.9808853114507384 97.75268377489697 0.043951651528117336 0.9982039150317881 0.0407086765095816 1.8855206536357167 -0.9804078332500138 0.050928097009282886 -0.19028086986616993 -13.20176470315343
-0.18237091711256787 -0.027757912099777897 0.9828379046960806 98.66150215929281 0.04006708819106048 0.9985612939515849 0.03563664778884681 1.9074455408868356 -0.9824130887948362 0.045878541145044506 -0.18099636025896154 -13.3596713547749
-0.17793500082941938 -0.02271096888994732 0.9837801316208388 99.60490102041578 0.0355996257097691 0.9989306489099508 0.029499581652446573 1.927877579717798 -0.9833980893458962 0.040271212552204845 -0.17693622385033625 -13.515498298524683
-0.17549998315352866 -0.020768895221458417 0.9842603359398323 100.52189136549477 0.03107654369342574 0.9991623416083556 0.026624491427600344 1.945257124223423 -0.9839888232826539 0.03526000713255522 -0.17470754864009286 -13.666271120955187
-0.17400460924946642 -0.02194010527645327 0.9845003949925054 101.43546245090565 0.028862428210987674 0.9992086318253408 0.027369149118967723 1.959876339553777 -0.9843217747249658 0.033177430072096545 -0.17323366282597913 -13.81732468219882
-0.16960998883228373 -0.02251212253709234 0.9852541073384 102.36972896483114 0.028195138391287754 0.9992189836782943 0.02768495670960654 1.973943381888846 -0.9851078549374219 0.03247502110532949 -0.1688427882522665 -13.970572263275107
-0.1657643804089775 -0.02586352302976605 0.9858261755320341 103.3301479417536 0.026942539071824007 0.9991641106144817 0.03074377413941378 1.9913881324511074 -0.9857972762064173 0.03165688292395213 -0.16492899074313222 -14.126062685941722
-0.15973659899238124 -0.03105772683401509 0.9866709869790694 104.21507247527298 0.024685763335617558 0.9990667182921659 0.03544439997319819 2.0092317211738133 -0.9868509674874343 0.030018494379729824 -0.15882083605210318 -14.264526789956832
-0.15566139864280165 -0.03414977256551942 0.9872199967617604 105.13982579167568 0.02641707344481343 0.998900877331087 0.03871918772128372 2.025256642406286 -0.9874571723387188 0.032106546075652116 -0.15458817062089175 -14.407694387889826
-0.1536756658353533 -0.03527684006852208 0.9874914350437884 106.04679016598824 0.023342023003179075 0.9989540413756881 0.03931886546302035 2.0466783070612764 -0.987845605189485 0.029092400622154763 -0.15269149463496712 -14.537220684686508
-0.14844001265620638 -0.033544805323927986 0.988352320115861 106.91780104397708 0.022071576787588303 0.9990631987749643 0.037223250148880366 2.0672186617095876 -0.9886750771313775 0.02733991384983321 -0.14756056712397386 -14.662754617751812
-0.14258491898145026 -0.033087583839505774 0.9892293731358351 107.77765075413569 0.02403505357433524 0.9990306297617775 0.03687976406466744 2.0823454864556474 -0.9894907059082124 0.029034679151841467 -0.1416514395543424 -14.786044803617056
-0.13867629804485443 -0.030356207658849964 0.9898724084533053 108.6926231766053 0.0257483900467243 0.9990816994137723 0.03424585093832828 2.1007924571686813 -0.99000298220287 0.030236708700869374 -0.1377673280439245 -14.913919226293233
-0.1332607506498643 -0.03234038262182355 0.9905532151217868 109.61409571868076 0.02437447661198243 0.9990581945184752 0.03589719843353821 2.121257340423047 -0.9907812358064352 0.02892790378439043 -0.13234696504459198 -15.034732053093924
-0.12797206776391368 -0.036337540593176974 0.9911118670543037 110.52728923032454 0.026152975618069008 0.9988574228518813 0.039998383467572604 2.1399138506900592 -0.9914328881666924 0.031039200333409258 -0.12687551499053507 -15.148515787125863
-0.12074010629231641 -0.04009985418192704 0.9918738974421641 111.46917760699277 0.026631517992844918 0.9986932891563296 0.04361738694040228 2.1623748248785972 -0.9923268559209295 0.03168147548174147 -0.11951441389800183 -15.256252919752361
-0.11603080224701717 -0.035549976321633606 0.9926092141993471 112.31939567740446 0.02668881358020024 0.9988868395046122 0.038894589523081516 2.184064413618478 -0.9928869825713275 0.031004532701186995 -0.11495285465087896 -15.350660235853647
-0.11177265108037499 -0.03363031870193338 0.9931645765604364 113.23654842832167 0.026777375933679397 0.9989623468431452 0.03684021888835759 2.2088354413723152 -0.9933729645045566 0.030712070162105354 -0.11075613814948021 -15.445658735368005
-0.10671307243092065 -0.03257900538822068 0.9937559703369171 114.09704459543809 0.02536695730696979 0.9990485147212806 0.03547650927289178 2.2289373750779964 -0.9939662155472587 0.028994372576717237 -0.10578510627466908 -15.531444612374829
-0.10143141130070543 -0.03541754509914984 0.9942118819953305 115.00451341463655 0.025874084194115753 0.9989341036889635 0.038225492204068845 2.2456149195353765 -0.9945060083119976 0.029601587563460274 -0.10040689938973257 -15.618718146991425
-0.09469497962240675 -0.03794287306989578 0.9947829910173948 115.93089333123496 0.027399852653242317 0.998795484584541 0.04070415271336698 2.2669376401979004 -0.9951291920694986 0.0311113862875679 -0.09354128892832908 -15.704514906637478
-0.08931220985450905 -0.03926862394726012 0.9952292722504663 116.80825339636533 0.031057479253669765 0.9986267845351695 0.042189787761449424 2.2871046399930135 -0.9955193429327789 0.034677375653831485 -0.0879699804731765 -15.78894739964179
-0.08412115073530835 -0.03851065088548467 0.9957110834812194 117.72313375311005 0.03289363437286346 0.998600988182064 0.04140139151706931 2.3099501929922637 -0.9959124664430664 0.03623528901749786 -0.08273670898160312 -15.868232050184645
-0.07764546246701359 -0.039228928703237465 0.9962089506278692 118.6052416137862 0.031735474725368945 0.9986219672671888 0.04179744173230872 2.3290226226457387 -0.9964758109468786 0.03486054566708022 -0.0762935158028149 -15.936444547844092
-0.07281972682021093 -0.04119882347201915 0.9964938255354879 119.46426020955974 0.02856190791145095 0.9986504951484434 0.04337517672848021 2.3520469734109066 -0.9969360585324857 0.03162033339942037 -0.07154473924351007 -15.994752020355184
-0.07030793935145041 -0.041464781380781024 0.9966631655525336 120.36089817985038 0.02995394115959625 0.9985973733491946 0.043658302178358976 2.374335610161465 -0.9970755011899352 0.032923515078640886 -0.06896728994027745 -16.060376955936295
-0.06711518562392266 -0.042555890509032517 0.9968372725985171 121.26743128000031 0.028937389882060228 0.9985866769705845 0.044578874409968786 2.397502071211569 -0.9973255132229801 0.03183778823708343 -0.06578887379101878 -16.116202010832918
-0.06479979517221213 -0.042721836191339686 0.9969833655874505 122.16497486397893 0.02792578713779326 0.9986142325617026 0.04460678129989559 2.422899197350337 -0.9975074621066122 0.030732055538840758 -0.06351695682243919 -16.17121237326356
-0.061117344445180743 -0.04526290983199288 0.9971037755427017 123.070125088251 0.028092122661338273 0.9984975266341471 0.047048081256001184 2.4471311588870774 -0.997735186736616 0.03088621535623695 -0.05975398604795085 -16.22350859776116
-0.05592736879430282 -0.0475002310234629 0.9973042953243829 123.93613004209885 0.027828328632903937 0.9984054651162123 0.04911325026486323 2.4773396217728023 -0.9980469495696309 0.0305000865375435 -0.054516338614742144 -16.269405497869826
-0.052168352304451826 -0.05039659750862862 0.9973658536251339 124.856450535339 0.026798152541944488 0.9982955103100418 0.051845280548493515 2.5053088035112387 -0.9982786795470379 0.02943224514654997 -0.05072889617817555 -16.313881234480537
-0.045134351726414 -0.05105478249215769 0.9976754479683837 125.75426847552886 0.0251222860560339 0.9983193367729982 0.052224252684362246 2.5346813936947603 -0.9986649893921161 0.027420995784248628 -0.04377588323089632 -16.350840305994193
