1.0 0.0 0.0 0.0 0.0 1.0 0.0 0.0 0.0 0.0 1.0 0.0
0.9999038068208312 0.0015364782688042538 0.013784641443993524 0.012294343672692776 -0.0015338710565163023 0.9999988036771587 -0.00019970937281535276 0.004360771272331476 -0.013784931802223512 0.0001785462996004751 0.9999049673726135 0.15011204779148102
0.9994120314803254 0.004758276379236421 0.033955119470679626 0.02808993751036277 -0.004770312660004899 0.999988584599696 0.00027347289215208173 0.0109330110347217 -0.0339534305997954 -0.00043528863498347377 0.999423321257969 0.32733282831847776
0.998317176269404 0.0059428671597231975 0.057684468407068916 0.05763261361057781 -0.006022124812579004 0.9999811465340491 0.0012002454710625429 0.016633942818721263 -0.05767624795551431 -0.0015456087379959375 0.9983341432182932 0.526389846265309
0.996463704814938 0.0057426294166665615 0.08382784259344389 0.1009655738492252 -0.006007715692562372 0.999977718331038 0.0029103597043507313 0.017843535151811987 -0.08380926165195413 -0.003403681658763718 0.9964760020253975 0.7773073952118855
0.9934255133554096 0.004102997082868425 0.1144067953815643 0.15926049013730414 -0.004688788139548652 0.999977238275015 0.0048516180452171705 0.02034291763104257 -0.11438428511086467 -0.005356150372443084 0.9934221393611401 1.0068534528196893
0.9890495713503556 0.0018694025224040786 0.14757184943574767 0.2308787994137742 -0.0027610314639416704 0.9999791506137814 0.005837383231837373 0.02134508649476042 -0.14755786023432596 -0.00618091190274067 0.9890341117530363 1.2649878787520124
0.9827507477429172 0.0004736571129506039 0.18493443016290104 0.30941248278423694 -0.0019236876363741798 0.9999688004326032 0.007661435065222247 0.023347455173436497 -0.1849250313954691 -0.007885037115975244 0.9827209975130605 1.5360796292771988
0.9745423739670241 0.0008670390085132869 0.22420171628708538 0.3989685077765312 -0.003174937443985983 0.999945620688437 0.009933551139627374 0.025679901280041276 -0.22418091157577127 -0.010392492933581087 0.9744921318182522 1.8122780286299318
0.9642485187284632 -0.0024430281245664508 0.2649883502034518 0.505902940530702 -0.0014452192068222396 0.9998941537332009 0.014477315759846095 0.028099517828991852 -0.2649956706654071 -0.014342696529893997 0.9641429259113208 2.085718942361413
0.9520731625018214 -0.009817065222871334 0.3057128039094706 0.6428121522750503 0.004034130310201521 0.9998008928383788 0.019542273977737917 0.027923450548009827 -0.30584378207905555 -0.0173723892999941 0.9519232012371528 2.3664563034847084
0.938133953805622 -0.014542919014908893 0.3459670334346283 0.7795521097386431 0.006758365712782667 0.9996963511493222 0.023696624055414377 0.02949100543933615 -0.34620659902711803 -0.019892435880433577 0.9379473768740011 2.6150317620657058
0.9207386297360399 -0.016120756813132003 0.38984676080682223 0.9258942402605072 0.0059345899138116874 0.9996091482262197 0.027319067059597933 0.03549735953051087 -0.3901347925452877 -0.02284013971550486 0.9204744274902057 2.8832994319919725
0.9002614353264817 -0.01840327893125566 0.4349605354379653 1.1031346863154667 0.005045550388384011 0.9994800783295096 0.03184517928534703 0.04199981383496402 -0.4353204457467871 -0.026474371513144915 0.8998862245683077 3.1642870214747685
0.8786387027480997 -0.02408404865807926 0.476879427773281 1.300504033648461 0.007274911617351339 0.9992864299026943 0.037063549118879484 0.042517101984756764 -0.4774317811940219 -0.029096213027869043 0.8781869417688587 3.422397116920779
0.8539935936179848 -0.03082700708673014 0.5193694616489454 1.513404930419596 0.011506163501568993 0.9991180271353041 0.040382868332169 0.04457127901075912 -0.5201562748452774 -0.02851076090413629 0.8535950950255934 3.670612514719264
0.8284440794763976 -0.036892092864349024 0.5588554201800254 1.7379608127177455 0.014734615526935141 0.9989184664428017 0.044099756289974715 0.053674941285215036 -0.5598779315938233 -0.028299662253285108 0.8280916802085216 3.9205296724484935
0.8002464042610801 -0.04157013114521617 0.5982287327300331 1.981231615972216 0.017381753168736552 0.9987831618691497 0.046152683816273424 0.059378039385549426 -0.5994193583160232 -0.026535255100211846 0.7999951956810576 4.165954433864859
0.7686902667904495 -0.04486424053470481 0.6380458241089522 2.2273456116408656 0.017887089861070193 0.9986546937446503 0.0486708812133192 0.06979124507239814 -0.639371039192369 -0.026000049673475197 0.7684586336681027 4.39634573043987
0.7345767247395831 -0.04505170466122478 0.6770283445897849 2.487701839659891 0.013809515983538734 0.9985792945271074 0.0514654234418125 0.08920703553416853 -0.6783850917724881 -0.02845586844330099 0.7341552498020909 4.628844478135407
0.7003884406398566 -0.04738662451085038 0.7121871523943252 2.777997551758639 0.012505172804907993 0.9984552652997022 0.05413597554695827 0.09989471918423656 -0.7136523333326875 -0.029010188085725138 0.6998991042400622 4.858125189591064
0.6689843723132287 -0.04977013683763077 0.7416082814261443 3.057091404575246 0.012912012757654849 0.9983832442909377 0.05535501283215628 0.11320615374442652 -0.7431643085665659 -0.027455982922953925 0.6685454206518154 5.050971375427515
0.6370003156975874 -0.054002852816159755 0.76896962858678 3.4043107209339327 0.014117420851396875 0.9981930838530313 0.058406042294269725 0.1283695943658619 -0.7707342578539498 -0.026348799511394533 0.636611690541911 5.286977514723568
0.6047045599791055 -0.05535540880878817 0.7945238661337295 3.781035245263098 0.012947884878240851 0.998133188725112 0.05968659684233989 0.14561687357269382 -0.7963446159908765 -0.025805353728483037 0.6042924261492044 5.538391214830094
0.5739436673451521 -0.05718072171379823 0.8168959736580212 4.198735543165074 0.014540258073155541 0.998113470531608 0.05964965078284043 0.16951991007819792 -0.8187656854128436 -0.022357661050251762 0.5736923281540365 5.796554172340799
0.5408272915276612 -0.05982662404020583 0.8390033467125185 4.688732259444684 0.018071108931054368 0.9980635313592123 0.05951993273501826 0.1998553321305856 -0.8409395196807298 -0.017028283141027396 0.5408611298775433 6.073372252538082
0.5111141821056853 -0.060477985897788036 0.857382473620836 5.154096428296476 0.021600508652034087 0.9981101967226624 0.05752784738038969 0.22510983038027985 -0.8592413577548568 -0.010883401122579316 0.511454632106891 6.314197285586501
0.4859892712919462 -0.060532448851466095 0.8718659592077029 5.674104434680308 0.02460898721449418 0.9981507617033454 0.055582863000286156 0.25509165207640394 -0.8736182380979693 -0.005556936842934072 0.4865802035795575 6.57782834149901
0.4615789353575874 -0.061112571165825996 0.8849916045249571 6.249961099085356 0.02672161380401422 0.9981293755551724 0.054988226099325785 0.283488788096249 -0.886696589476843 -0.0017330029842183084 0.4623485210431536 6.858341719642757
0.44373252810774383 -0.06304548108838395 0.8939388742041845 6.829410235754379 0.02953476725471536 0.9980092485718364 0.055724656017678925 0.31362468305509467 -0.8956724518607906 0.0016754340969037905 0.4447112005540976 7.128602035707461
0.4316268660636384 -0.06578665388938663 0.8996501345868405 7.391204742358805 0.0332926356801613 0.9978193570186226 0.056992378160688965 0.3398147462791752 -0.9014376566915486 0.005352282595395844 0.4328758530681389 7.383314669365108
0.42539421291124985 -0.06778466248919303 0.9024660675908233 7.966291426716772 0.03434802487553555 0.9976818860529559 0.05874578647840539 0.37188540467829956 -0.9043561117219078 0.0060078093381027466 0.426736369926667 7.653290901592504
0.42072160720739055 -0.07011060990127276 0.9044765511654252 8.506920899626037 0.035310654054816884 0.997519224382142 0.060897903890618124 0.40252252678347683 -0.90650233697385 0.0063165945984741435 0.4221535427941205 7.903575798681237
0.41419755374850675 -0.07228097098224788 0.9073124311407931 9.106952833758989 0.03630387519640289 0.9973604864137001 0.06288154567400041 0.4358427076793845 -0.9094627068299596 0.006893574870184275 0.4157283530275898 8.177594779542805
0.40602747382381293 -0.07299381074527332 0.9109410486376913 9.72175886380794 0.03566649829374052 0.9973112295831533 0.0640172808451118 0.4684603139103034 -0.9131646025770578 0.006497302534324113 0.4075391927901683 8.451016371603613
0.3984799933331923 -0.07452070542586091 0.9141446052873754 10.337913157874764 0.036870960447426965 0.9971896053884907 0.06521827336591345 0.5073506534260599 -0.9164356099524198 0.007717212448728052 0.4001077572894056 8.713579160139673
0.3899005607278659 -0.07558154179104053 0.9177499568425953 11.064170078553047 0.03655055257351471 0.9971108045288897 0.06658904262956343 0.5507119675520482 -0.9201313003320053 0.007581162987317588 0.3915366089104481 9.021455485200356
0.3821259706629263 -0.07819164125124854 0.9207962911433518 11.779208097877495 0.03567986316242659 0.9969192980232264 0.06984884103253088 0.5935786271122999 -0.9234211877088518 0.006162829489228416 0.3837386214900187 9.319304253361517
0.37388885625966434 -0.0816087260495502 0.9238761491657902 12.50927931519478 0.0342789336455617 0.9966566572085593 0.07416510196840026 0.638582189007502 -0.926839833991269 0.003939984064624626 0.37543627775244 9.616762350946411
0.3624684491780161 -0.0869028606168083 0.9279356207017271 13.297812842859255 0.035834383268668724 0.9962065876180857 0.07929900227671989 0.6883073221713117 -0.9313068883704436 0.004508614304269062 0.36420756728933745 9.921775310809629
0.35153595712979196 -0.08979187636803898 0.9318582991974412 14.044768004480137 0.03668064637273313 0.9959463977549694 0.08212979350137656 0.7376776278378931 -0.9354555045679723 0.005309589174979319 0.3534045942489619 10.197574649957756
0.3403217826551833 -0.09158163805577592 0.9358386013738798 14.80832906270958 0.03896420900496801 0.9957644369601353 0.08327650630329295 0.7909876890209421 -0.9395013968414394 0.008123401780416532 0.34244873437713064 10.467291804412659
0.3282290537957009 -0.09027552705115371 0.940274437310733 15.564460438543065 0.0387961368022972 0.9958711244994505 0.08207047677099025 0.8457000060547 -0.9438011167685683 0.009541100766506043 0.33037617859429125 10.732952616968547
0.31265584116038686 -0.09024034481952614 0.9455702010718949 16.315033085502055 0.040295963617166364 0.9958408854264982 0.08171392922343278 0.8949771614571927 -0.9490113594180287 0.01255432514399707 0.31499179134657435 10.973807109221159
0.2934825602162891 -0.0896504761427142 0.9517514270944263 17.113183054013827 0.03900939725804313 0.9958867832315655 0.08177885980037411 0.9476426477474582 -0.9551681808846317 0.013126580364653188 0.2957726138665882 11.223657888687454
0.27112506653771706 -0.08881427659908678 0.9584379075178003 17.916508577296597 0.036985605868605664 0.9959599027509701 0.08182870566500852 1.00193605822291 -0.9618332824629489 0.013262593428863795 0.2733145447320541 11.456388374003076
0.24679112325156743 -0.08872565374413809 0.9649983937043136 18.692616260655157 0.034305021407871145 0.9959755184317034 0.0828005567064966 1.0559276761147605 -0.968461308979577 0.01266984815913634 0.2488416523759422 11.661879963781836
0.21759091659059232 -0.08869193981415792 0.9720020230582175 19.502023575626374 0.0320118122979271 0.9959755631663654 0.08371332897958153 1.1098110858486565 -0.9755149598497544 0.012900286331828124 0.21955442542087072 11.850174604524176
0.18746383574305303 -0.08858538129149693 0.9782688487884821 20.270337417878196 0.03057171231041545 0.9959688049796591 0.08432976884706395 1.1627755812285305 -0.9817956410042321 0.014098571872007158 0.18941633925366375 11.997541281193595
0.15451505251684533 -0.08806245375452669 0.9840579773491238 21.071387516066157 0.03018646925277252 0.9959755287094747 0.08438911829101087 1.219466383081493 -0.9875291770979571 0.016665846831609023 0.15655150567662196 12.125495717179646
0.12367507921491289 -0.0870260389602622 0.9884993390610194 21.921199702635477 0.027528341229467783 0.9960644981148641 0.08424788439087447 1.2812863179975185 -0.991940857718009 0.01679238333504488 0.12558403820386527 12.238311295604491
0.0961698069079599 -0.08510410694795541 0.9917200508308163 22.718907816648453 0.026029788627954423 0.9962124202023765 0.08296543821681342 1.3386682145174635 -0.9950245315283789 0.01783549312788514 0.09802079800540003 12.318779988266682
0.06540062103981709 -0.08209461749953562 0.9944763609785863 23.557028954644572 0.02828916456571366 0.9963619782875801 0.08038987119677317 1.39939617009683 -0.9974580101115937 0.022875357930855416 0.06748508030487216 12.376503230777292
0.0348432459823837 -0.07890574984908821 0.9962729700489541 24.43477428284724 0.030724700511641997 0.9964916463926663 0.07784851603019259 1.4613488291950272 -0.998920387712595 0.027897693639194646 0.03714535908740996 12.410580020403627
0.0030514685506836114 -0.07481321124099838 0.9971928960654974 25.26235446359093 0.03535689279920615 0.9965821064941102 0.0746591933210346 1.5159688884092801 -0.9993700909429248 0.035029822145879165 0.005686201645953126 12.412072688139945
-0.024585347117059064 -0.07192751938160401 0.997106811060251 26.088670594216108 0.03871526681527965 0.996591562592164 0.07284494138600876 1.5701939295154368 -0.9989477908392188 0.040394174403227096 -0.021716856396040707 12.393850488586478
-0.04598195398537214 -0.06806314514585453 0.9966208246773404 26.88762514181004 0.04626246152495204 0.9964605455306235 0.07018665011570975 1.6170644492607467 -0.997870454799289 0.049333451872609395 -0.042670434319250605 12.350466621681878
-0.07058466048631867 -0.06029967246152932 0.9956815531107645 27.74968793040037 0.052624858415715604 0.9965560501947757 0.0640832512979339 1.6668366993030617 -0.9961166748833982 0.05692089529531789 -0.06716830873278296 12.289192213064089
-0.09091654610778849 -0.04577692155498805 0.9948058378883687 28.58616049792489 0.05749300818339994 0.9970355460990559 0.05113388137997721 1.7082225760321474 -0.9941975335182914 0.061843296062762884 -0.08801517527244712 12.218315997179603
-0.11424109319387843 -0.02810067755415835 0.993055549577598 29.379856425780766 0.05967952407156071 0.9976004752334546 0.03509481757436433 1.7408236277114992 -0.9916588763443103 0.06327435290054831 -0.11228993379888186 12.132683930141251
-0.13631636501089994 -0.0125985793872463 0.9905852433928332 30.24087384594227 0.05982447449938576 0.9979895608444797 0.02092531233494828 1.7622089702302932 -0.9888573612412902 0.062113704147040275 -0.1352886058618631 12.028078167194494
-0.16071256530259065 -0.003394297585789189 0.9869954154390788 31.046227489950564 0.062128383642168064 0.9979762040951237 0.01354843186127936 1.7754976142949288 -0.9850439255687393 0.06349783306371368 -0.1601764336484634 11.901784503518897
-0.18319407239765556 0.00038671289002560616 0.983076691968385 31.822167292973006 0.06543460012123017 0.9977870752060776 0.0118010871819248 1.7815936724996104 -0.9808966535498717 0.06648911944702963 -0.18281398209606775 11.758023232746893
-0.2020995552497351 -0.0006054890444775266 0.9793647957481812 32.58555439890248 0.06579175706823837 0.9977324238723068 0.014193486385167622 1.787828072389897 -0.9771526055175483 0.06730262800893475 -0.2016014429347115 11.606629320919478
-0.21885175811113844 -0.006147097659293933 0.9757387566157406 33.342186758031545 0.06648763534339967 0.9975620622012691 0.021197320660757975 1.7953897036651396 -0.9734902682195171 0.06951363353414197 -0.2179095051501292 11.437023703183234
-0.23740697411005462 -0.009597662266000902 0.9713628639818056 34.072686777999884 0.07075596222692626 0.997124225860004 0.027145386577271606 1.8030071017385316 -0.9688299760294629 0.07517421820089329 -0.23604515344449428 11.249997935034473
-0.2508621822838583 -0.0095143739047455 0.9679760545535108 34.82586248724519 0.07345230730511998 0.9968818033035227 0.028834506998923606 1.815814573501725 -0.9652320570988795 0.0783335619738912 -0.24938109193992258 11.052277921683544
-0.2604376661717189 -0.006439535671250329 0.9654691887467809 35.58349333627145 0.0757481563559198 0.9967591534510447 0.027081484823330844 1.82651721067636 -0.9625146434458584 0.0801855497698673 -0.25910584470520276 10.843415108526973
-0.2680164432736049 -0.0037392115388101624 0.9634070813690518 36.32791454427052 0.0773440669192044 0.9966812363108815 0.025385202347253263 1.836313285568162 -0.9603046815710963 0.08131747341673491 -0.26683775420609884 10.633270819803847
-0.27714575012784376 -0.002441500585246406 0.9608247874929992 37.05872762173842 0.07119087183616432 0.9971959178287986 0.023068620088482865 1.8479219530092792 -0.9581868778861886 0.07479532432226074 -0.27619479811583386 10.433857117685818
-0.28936330296551643 -0.0031315809100781605 0.9572142247678368 37.8356787561086 0.0708598281529174 0.9971808415596985 0.024683070725313973 1.8598846461185559 -0.9545929832399913 0.07497041034498525 -0.28832563868251254 10.198556548536686
-0.29940876575656156 -0.0018608031960228866 0.9541231201472887 38.58473421817253 0.07235492827058793 0.9970742930131251 0.024649920229772554 1.866761207339283 -0.9513775041186806 0.07641591211156054 -0.2983981451568822 9.960289889273236
-0.30637156789546266 0.0006309952758775869 0.9519117943539925 39.322495591123186 0.07501166787135308 0.9969061464221536 0.023481586592257436 1.8747333073716206 -0.9489519018730264 0.07859858186184843 -0.30547103113204127 9.716543327111559
-0.3105205956288156 0.004567707989358606 0.950555677345651 40.10514913665861 0.07823107864768072 0.9967189443684972 0.02076642170834938 1.8851068214614075 -0.9473419963370916 0.08081139759138287 -0.30985909700278513 9.457368720623375
-0.3115072647298231 0.006362337524158053 0.9502224711517682 40.86125516595899 0.0774140003807352 0.9968235729115116 0.01870393094993165 1.8938553584892257 -0.9470851580325792 0.07938693311343481 -0.3110103186153918 9.214892841584128
-0.31135373228053265 0.007218659144789523 0.9502666701274617 41.62150305054135 0.08133235366791342 0.996504419126812 0.019078545740513445 1.902908993850744 -0.9468072146122569 0.08322760131643082 -0.3108524806677493 8.960816146077493
-0.3094612385341394 0.006905706017769894 0.9508869822798675 42.413375371832466 0.08124384324671663 0.9965092418453246 0.01920335521099125 1.910732137025523 -0.9474350530666572 0.08319640702129333 -0.30894203028938605 8.7087111660271
-0.30247687497267867 0.005630742464124663 0.9531400919309109 43.24278627580947 0.07895601392153363 0.9966937932089477 0.019168475275361765 1.9199221861401816 -0.949880880938439 0.08105416286695133 -0.30192140485489366 8.454738083217457
-0.2949357611170345 0.005653665137356892 0.9555003573441668 44.03207925559284 0.07766105324797552 0.9968159834076527 0.0180736280654994 1.9284079488904553 -0.9523558461114895 0.07953572337980924 -0.2944357503492397 8.217479331175637
-0.2885161274255788 0.004382070790568127 0.9574650080660567 44.86982998565879 0.07532319175868575 0.9969942628807908 0.01813440283200248 1.9370475390633672 -0.9545076537140138 0.07735138808305597 -0.2879789953503434 7.9727991085682595
-0.28378256378906863 0.0024847987152358253 0.9588854375078643 45.771863434483144 0.07209657055725095 0.9972213467067116 0.01875287141576399 1.9442922596626846 -0.9561744302182457 0.07445408953037841 -0.28317317589951185 7.720065715684544
-0.2806529487219213 0.0010597590382246738 0.9598087305731656 46.676873665374984 0.06897228837666386 0.9974363590699153 0.019066542461541134 1.9543199603172898 -0.9573279196857142 0.07155128591529529 -0.28000654934142294 7.467917331429527
-0.27857649506750376 -0.0008540738318584817 0.960413664497645 47.60651191517573 0.06673016191093893 0.9975656946087246 0.020242787138946537 1.9642563633740606 -0.9580930131710831 0.0697277240249713 -0.2778413623185944 7.20447721382644
-0.27879346888304785 -0.0028928466114580553 0.9603467254833745 48.53638282192413 0.06421953012205525 0.997700951788759 0.021648620064730645 1.9739248621047487 -0.9582014681991776 0.06770850934917409 -0.27796673200700345 6.943869555933388
-0.27850791163683103 -0.0029208458720194133 0.9604294934117149 49.46851943034936 0.0656444465549628 0.9975989864392154 0.022069637331476235 1.9845625756928074 -0.9581879511829524 0.06919343115384698 -0.2776474730534642 6.6762379539354155
-0.27682098109613323 -0.003804890518496574 0.9609139749390249 50.429624474806786 0.06527688437330327 0.997607702849993 0.022755209972107282 1.9977804911231531 -0.9587017642580454 0.0690245899843132 -0.27591037165356574 6.40325775657096
-0.27554274691350966 -0.004598397515868085 0.9612778211129411 51.373128595385246 0.06545628463697237 0.9975778659464951 0.023534574038215798 2.007581948562258 -0.9590576986943389 0.06940645585190663 -0.27457435142634146 6.134048899581083
-0.2749256547883532 -0.005322056198658696 0.9614507579990843 52.334060076800824 0.06634381223729775 0.9974961730789756 0.024492514583456554 2.0211318873767206 -0.9591738022470264 0.07051992917336893 -0.2738842030354536 5.8591691172727
-0.27244867532010725 -0.006774697029633445 0.9621464663950474 53.30554947977873 0.06540115838011329 0.9975320677293615 0.02554334226612622 2.0336824911678444 -0.9599450024865273 0.06988474319722301 -0.2713332174087795 5.588917309196791
-0.2713744674883181 -0.007675265411464401 0.9624432392075365 54.31239944953897 0.06674058628473067 0.9974111104478358 0.026772577342975373 2.042609434005426 -0.9601570665978573 0.07149941997022603 -0.2701596572512615 5.308163026260704
-0.26854279214056365 -0.008362102138641827 0.9632314592231572 55.31413050936617 0.06638462631572631 0.9974242126220385 0.027166550466112386 2.0548893219969466 -0.9609775492581871 0.07123914179107842 -0.26729596798043787 5.032303548171049
-0.2662888430780164 -0.010251187059470566 0.9638387651552741 56.26817739548557 0.0674280667586396 0.9972956989355719 0.029236017133010616 2.064154703570788 -0.9615319588372319 0.07277500978001303 -0.26487750015083394 4.769066282193196
-0.26427686384946386 -0.012857051006688689 0.9643611540669313 57.26494231194186 0.06919892607575039 0.9970812443516397 0.03225679451137749 2.076618215173262 -0.961961146753784 0.07525748070190634 -0.2626158101382083 4.495363318068799
-0.2620966500463038 -0.01504158535690115 0.9649243994969016 58.242469038852576 0.07051240395007288 0.9969074158986276 0.03469301104692432 2.0906546280321487 -0.9624621275269415 0.07713206101402531 -0.2602254757706124 4.228809934452282
-0.2586718024794237 -0.01635580136359242 0.9658267890071184 59.22581757208535 0.07111735567989222 0.9968207100439548 0.03592761818664604 2.104285732418759 -0.9633437705840764 0.07798050903411971 -0.2566862284728846 3.9661172412231966
-0.25617692065991676 -0.01681307795171167 0.9664836810474311 60.25827227076798 0.07091777181379097 0.99682730769475 0.03613845977630348 2.1212806225325913 -0.964024924450696 0.07779870849716014 -0.25417180408928935 3.698344690063533
-0.2526787668878415 -0.017490485012913518 0.9673921250961539 61.25541577941202 0.06968043093026663 0.9969114444560423 0.036224431782148764 2.134397672542846 -0.9650378636661943 0.0765614449091725 -0.25067960994865046 3.4430037039140173
-0.25088494752558216 -0.01649921515746007 0.9678762932339411 62.225612805392046 0.06875995873621667 0.9970254109117274 0.03481950704555466 2.151170617585516 -0.9655717535117108 0.07528682418251874 -0.24900418254485374 3.1948578913049936
-0.2505960460454424 -0.014361976201180692 0.9679852040945602 63.17723659802358 0.06795422106600287 0.9971626227229954 0.03238715306275515 2.1695216264368393 -0.9657038083934968 0.07389477304785662 -0.2489090536129661 2.952705264431129
-0.2509627115533271 -0.01394133027806388 0.9678963563935342 64.11296831147268 0.06689241741985714 0.9972562223172721 0.03170854050900607 2.1825745283163416 -0.9656827232075395 0.07270258839657379 -0.24934155638182182 2.714715175805972
-0.2533495913671395 -0.0170650719160852 0.9672242593497138 65.10396007973232 0.06514520068913875 0.997273710801301 0.03465903304731753 2.199769965116035 -0.9651787851902234 0.07179087034645876 -0.2515471795779525 2.461588196685341
-0.25827471523187523 -0.020810099191026183 0.965847354007637 66.1052863267434 0.06710763809725814 0.9969664896913488 0.0394256685614507 2.2157285632016506 -0.9637378981761074 0.07499838801047383 -0.256094719615476 2.1930392858559267
-0.26413475925943497 -0.022487570080906415 0.9642235934381697 67.06535950486101 0.06537866424193468 0.9970112035675673 0.041161756797923055 2.2360978660283948 -0.9622673532926808 0.07391190129206064 -0.26187510693934235 1.9355304193726508
-0.268947435078721 -0.020952810781491214 0.9629269218818906 68.0354337874093 0.0656823869359417 0.9970369112425633 0.040040250577215275 2.2518330926114953 -0.960912639739417 0.07401606136673296 -0.26677428933235225 1.6644594101657502
-0.2728513349968942 -0.01940284661758505 0.9618605296681776 68.96136824506799 0.06575906200104006 0.9970821664689937 0.03876724228315976 2.2722714995231397 -0.9598061756183672 0.07382874001791112 -0.27077928722893807 1.40654318693721
-0.2767185575592298 -0.017926132806246622 0.9607837913208944 69.86361311474289 0.06554311660006996 0.9971455311650381 0.03748185619661422 2.2929451743518006 -0.9587131686634375 0.07334468924337224 -0.2747537384479132 1.1513713727747197
-0.2789296525955 -0.016553887765011564 0.9601688485380148 70.76633262503165 0.06655769512520954 0.9971138011039584 0.036525893112082534 2.3137027507057564 -0.9580022558024451 0.07409478016621021 -0.277022817525105 0.893690437734149
-0.27962727245017466 -0.01767165938360737 0.9599459885622242 71.6576987428204 0.06744853190442496 0.9969987996502012 0.038001171560833186 2.3320412597481526 -0.9577365420855642 0.07537311158953086 -0.27759612750054447 0.6395677472242651
-0.2808256967276081 -0.02460187106012703 0.9594434199043707 72.64128414683411 0.06898331031063125 0.9965684614119708 0.045744995546668984 2.3571152720557556 -0.9572764652680232 0.07903195340695111 -0.27816491400721416 0.3553652576095025
-0.28160983383518545 -0.033572287246474375 0.95894150135259 73.56672956257627 0.06965141642469755 0.9960360388699405 0.05532530580404965 2.3863215634663737 -0.9569976915736801 0.08237178401199316 -0.27815518604068645 0.08974531053938245
-0.280882613602558 -0.036616985149054176 0.9590433534384093 74.50927678932355 0.07043551106458075 0.9957907058590809 0.05864903158402601 2.4158660137443406 -0.9571540085884127 0.08402420200910393 -0.2771211600002171 -0.18111946083946567
-0.2807517751626545 -0.032559817084001144 0.9592279703253419 75.4060694832058 0.06915258054525948 0.9961406655500056 0.05405270614431497 2.4441319531488257 -0.957285934999021 0.08150848268155071 -0.2774166647914318 -0.44012354972825835
-0.27905805819235374 -0.027089594265159007 0.959892053327072 76.31934116901492 0.06978086756903612 0.9963872134841811 0.04840610835981113 2.473917987811405 -0.9577354700955928 0.0804902148573241 -0.27615954561266987 -0.7032672955428774
-0.27791741553090804 -0.025421316176846762 0.9602685389142234 77.25408382985101 0.07394138273707908 0.9961178040596754 0.0477702036237965 2.502369587020363 -0.957754969740982 0.08427975509674304 -0.27495879839947585 -0.980465914499842
-0.2764322550788131 -0.026025086487910142 0.9606809580840765 78.16156385741475 0.07708001877953564 0.9958123971557027 0.049156285213182806 2.529453864460201 -0.9579373043456387 0.08763768906304034 -0.2732686524259623 -1.243032475393345
-0.2727921994975173 -0.029360253858219054 0.9616248704077321 79.04197809725687 0.07670027505350259 0.9956889865255796 0.052158507631844736 2.562694700830808 -0.9590106796590034 0.08798532607796081 -0.26936424910320067 -1.4880644273153132
-0.26937232867867006 -0.03335406384242587 0.9624583393412027 79.93348235149952 0.07620993562382009 0.9955275450757657 0.05582967586895342 2.598493906740654 -0.9600159343752808 0.08838785787999719 -0.2656256620225946 -1.7291971806897537
-0.2656848678572993 -0.038605258223077504 0.9632866577655785 80.8645226287947 0.07516528816129406 0.9953267345224786 0.060620714285210014 2.6362208584969333 -0.9611252418115337 0.08851172567716067 -0.2615414765775631 -1.9757254687530352
-0.26368451772493945 -0.042375101004115026 0.9636777604194554 81.79545136563121 0.06971676039111688 0.9955847115432959 0.0628542398078297 2.6773871028438756 -0.9620862998882865 0.08375818142810657 -0.2595660197543637 -2.211797156434564
-0.2617020217431438 -0.043480626489425536 0.9641688062448601 82.77150445549144 0.06557538880624508 0.9958751900292875 0.06270944320468001 2.7232948442830422 -0.9629184390167536 0.07963693241341148 -0.25777129164691875 -2.4588404713486756
-0.2596648363704317 -0.04462907052072971 0.9646669989261439 83.66822655277647 0.0675143571408447 0.9956483310847735 0.06423560062740959 2.761450563891754 -0.9633358626837142 0.08180859901355923 -0.25552175796762056 -2.6959608459419266
-0.2575114096262641 -0.043443130585864936 0.9652981758592494 84.62893038781097 0.07026736818418976 0.995501984378393 0.06354758899556956 2.7989844932974144 -0.9637169557918768 0.0841931915512282 -0.2533004848310723 -2.951069671175225
-0.2511890964639776 -0.041593738115421414 0.9670439487258045 85.58851366522059 0.07039347866165568 0.9956457688042994 0.06110860188227777 2.8399567529254672 -0.9653749509799401 0.08342340206249944 -0.24716743314764789 -3.192009356658606
-0.24332570228263034 -0.04193086905260805 0.9690378758485956 86.54420822557232 0.07451613005318644 0.9953043596785693 0.061778458759749175 2.8801334008942048 -0.9670780469902942 0.08724123924685194 -0.23905860621218428 -3.4310254207643287
-0.23491644060535483 -0.042405973730247785 0.9710901087568036 87.50523042596727 0.07838095723016175 0.9949680593579902 0.06240982615805692 2.9190877487268407 -0.9688501904200642 0.09077606650094983 -0.23041053420714258 -3.6622952927121117
-0.22341586556938364 -0.04259116992311411 0.9737922485091282 88.41428781603109 0.07769319438178621 0.9950880536756992 0.06134764036752317 2.9592685124957505 -0.9716219010287064 0.08936306662424581 -0.2190094147859254 -3.862237185484147
-0.21255105469498142 -0.04467750949719569 0.9761280496395847 89.35882120157105 0.07621389385365504 0.9951530489747924 0.06214379695382983 3.000273408539935 -0.9741732348672464 0.08760324914809392 -0.20811578317605367 -4.056458111280981
-0.20039949733525558 -0.04828628072114366 0.9785236208502562 90.25715743388349 0.07854000345876419 0.9947783275215791 0.06517320730229118 3.0378080339250437 -0.9765610627730733 0.08991392654916713 -0.19556067214048117 -4.235005714452609
-0.1876213650657173 -0.050339287991549 0.9809506508766793 91.115379368186 0.0799829279715624 0.9945864164418197 0.06633695397374852 3.0774349974257076 -0.9789795475922737 0.09090553511158304 -0.18257937748306646 -4.391037730687592
-0.17657952343982042 -0.052476022018385304 0.9828865341507594 92.03431733022522 0.08179535857625289 0.99434151911967 0.06778246580177853 3.1205523258216337 -0.980881843657608 0.09236455200948578 -0.1712880565449293 -4.554306611633751
-0.16172622890945582 -0.0533755931042119 0.9853911268849037 92.92424465985742 0.08388702485123332 0.9941783437171776 0.06761943467213084 3.161637357287948 -0.983263745871033 0.09359736611969173 -0.15630719468764548 -4.697951182555371
-0.15001949633086104 -0.051028221778397796 0.9873653180574907 93.79183053169486 0.0865439268395383 0.9941560289760865 0.06452858884007878 3.1976962550182186 -0.9848879628911239 0.09513101824659476 -0.14472660404893994 -4.823518568525429
-0.13727705739754564 -0.04393776894598768 0.9895577203843747 94.6930738961922 0.0889239699291212 0.9944351991491451 0.05649037320858505 3.235475662613093 -0.9865330897057211 0.09575023317595355 -0.13260601706723113 -4.945071121884161
-0.1233487091339095 -0.04054287497249505 0.9915348562929915 95.62885681611145 0.08824271465781176 0.9947588993955774 0.05165225438565017 3.2748922922794175 -0.988432253249973 0.09386696629946308 -0.11912461279230768 -5.054051742653047
-0.10910984170500554 -0.04382205875378249 0.9930632757330666 96.60592244716543 0.08890452554626639 0.994593803969186 0.05365771560081381 3.3109314309334263 -0.990045972559104 0.0941424042219264 -0.10462399316989152 -5.15599135127317
-0.09510641579493734 -0.048125683700580305 0.994303116882871 97.5559831269293 0.08896491437159416 0.9944229634108275 0.056641096847455004 3.3438870667086706 -0.9914837435306215 0.09384502336074918 -0.09029450650468746 -5.23909925260764
-0.08365565986938794 -0.04848302321800168 0.9953145869680903 98.48703887477917 0.08680959099049149 0.9946639115335266 0.05574762779606329 3.378221598554345 -0.9927063138128421 0.09106645679100259 -0.07900047445206637 -5.308241210005669
-0.07649987713020362 -0.043564806200531964 0.9961174009421653 99.42297984419866 0.08419914439105736 0.9951941660165955 0.049990759249559966 3.4077989077739366 -0.9935080638237811 0.08769651981261105 -0.07246411201331798 -5.368932297032593
-0.07175376475792028 -0.03812650405288291 0.9966934167193896 100.36273442766684 0.08042679092075446 0.9957940983008574 0.04388217281962903 3.4350480097843676 -0.994174496024342 0.0833095641441488 -0.06838558310680454 -5.424650554375857
-0.06949229416188718 -0.03628231915239506 0.9969224715939758 101.29406476068301 0.07849770450313483 0.9960408526874684 0.04172205849858239 3.4606590469443024 -0.9944892817119028 0.08115548714994168 -0.06636908516470141 -5.479440212695277
-0.06627214856776004 -0.03773382242527307 0.9970878401471913 102.24093533326766 0.07871728250320573 0.9959724659675322 0.04292361203187975 3.4860375640041528 -0.9946917068919009 0.0813326851870193 -0.0630349312742225 -5.535018324238475
-0.06362367084891729 -0.03896038792700398 0.9972131751437534 103.19667357391884 0.07683141137349547 0.9960807738640021 0.043818103163506525 3.5085691845045797 -0.995012041502044 0.07940516425943814 -0.06038093370316755 -5.589676322236658
-0.05967759030301628 -0.04279452550438016 0.9972999617980944 104.19048269227895 0.07655271997382737 0.9959421529395296 0.0473171117333214 3.536187903970575 -0.9952779844245698 0.07916979591378145 -0.056159390441279655 -5.642688572722028
-0.055312882626908144 -0.04726586594792529 0.9973496994192633 105.15313038593955 0.07589105156779694 0.9957903887249654 0.051400875624025545 3.564394810490158 -0.9955807517762866 0.07853304807006611 -0.05149298062249674 -5.689864179572725
-0.05066221205083171 -0.05104735365099811 0.9974104009660953 106.15804039386815 0.07420081203199956 0.9957403161724263 0.054730816206492734 3.5964052819673453 -0.9959556113421466 0.07678144589721497 -0.04665865195250091 -5.733785546999776
-0.047923728706680435 -0.052380315209553226 0.9974766256937537 107.13104158997392 0.06971304566557725 0.9960134800457003 0.05565284207731887 3.630924886250655 -0.9964152786317952 0.07220422526280369 -0.04408108849972597 -5.767648591641151
-0.04501319085609273 -0.050882303253064975 0.9976897332661174 108.05849760301001 0.06411689241702977 0.996495764594254 0.05371419972871739 3.666085112431085 -0.9969266957784491 0.0663866128174698 -0.04159303887536164 -5.798861935252781
-0.04294266657385559 -0.048586346325068114 0.997895432567114 108.97018854984853 0.06326153867924511 0.9966802213541842 0.051249527659374544 3.6933756177677375 -0.9970726679191749 0.0653291918835306 -0.039726459399042846 -5.833033644297163
-0.03912578833848285 -0.0471696231291584 0.9981203330965389 109.91175548357182 0.0636110589575587 0.9967415278227467 0.049597982739975476 3.7225920264665078 -0.997207503915404 0.06543205153004206 -0.03599778836789397 -5.869471450334107
-0.034685585842750166 -0.049784345205725285 0.9981575171821243 110.85376337368501 0.061102265381404695 0.9967844383855397 0.05183914117426093 3.7548131518369017 -0.997528657884076 0.06278775648852043 -0.031532115931739435 -5.897260843989429
-0.030505420117458437 -0.05437674068730536 0.9980544020321154 111.83024619206392 0.05909335118310048 0.9966744191009269 0.056107737040278965 3.7904071980636704 -0.9977862472440722 0.060689969369376734 -0.027190668041370325 -5.921959069589318
-0.024468278201814353 -0.0584075056396829 0.9979929191365985 112.77307472634999 0.05797045978392082 0.996529068792394 0.05974312382362599 3.8261616765059103 -0.9980184012102581 0.059315919757807846 -0.020997440534642864 -5.9353588260074766
-0.02033139411725271 -0.05640823882431983 0.998200753859657 113.69123078583448 0.05830148759005394 0.9966412657307874 0.05750759938756863 3.8598594525262637 -0.9980919651805819 0.05936579853141701 -0.016974422131297295 -5.947972938712893
-0.016557040004585744 -0.05537931731547707 0.9983281001955011 114.63565431787086 0.059864016056087085 0.9966188646299203 0.056277333318179024 3.892599009968644 -0.9980692180444819 0.06069571547844688 -0.013185830070053528 -5.959326836306953
-0.010715712406516142 -0.05564144891658511 0.9983933106096436 115.56829725971389 0.05920634932939771 0.9966636134888456 0.056180510378982994 3.9267644510667004 -0.9981882496336583 0.059713237308160895 -0.007385633586436513 -5.960041782326767
-0.005260774979931437 -0.05760906410832645 0.9983253577762979 116.51009137743256 0.05902885603230174 0.996580407088038 0.057819428947010566 3.9588460428663717 -0.9982424146479293 0.05923417882273158 -0.0018421881196926115 -5.956425163191173
0.0019071226889019743 -0.06043980384589497 0.9981700220874796 117.41142377848902 0.060654010449052685 0.9963410385237943 0.06021317106558596 3.9890221704029827 -0.9981570286781014 0.06042818104491521 0.005566061094460506 -5.951280069262299
0.00967442387709555 -0.062077500866463596 0.9980244432922575 118.2696578525129 0.06356334531511496 0.9960908461205833 0.06134107438847061 4.018504848960342 -0.9979309127665089 0.06284433276720061 0.01358245868933966 -5.945301147429908
0.016049079032427527 -0.06362039664087749 0.9978451143306103 119.20167855446371 0.06413674801491659 0.9959839131089441 0.062470171940428726 4.0558085229588885 -0.9978120587647167 0.06299595192909668 0.020065029884476837 -5.927953289131498
0.022783042675276033 -0.06452958537884407 0.9976556848819594 120.12294660938034 0.0613720109526269 0.9961229000436718 0.06302891622276341 4.094241481479307 -0.9978549039004055 0.05979214513144647 0.02665502096215361 -5.9017623621030495
0.02838734902286394 -0.06591202634714854 0.9974215574160542 121.02352408598865 0.06054829802930909 0.9961048474937577 0.06410176600681064 4.132525607971838 -0.9977615256268445 0.05857249851466757 0.032267636984154746 -5.869831703128146
0.033950497191418516 -0.06787757138369953 0.9971158403332617 121.940103788015 0.06190780626667781 0.9959179139443488 0.0656881435875972 4.174219199013282 -0.9975042793209979 0.05949910913440699 0.0380140598793256 -5.838061002412815
0.038036589211484784 -0.06912506141908481 0.9968826128311019 122.84279435871458 0.061499075599779185 0.9958754010310467 0.06670869000081452 4.215280811675526 -0.9973821141275441 0.05876998813220809 0.04213083091289227 -5.798166804226976
0.04056897193227177 -0.06947643205509536 0.9967583377656054 123.78237324410303 0.0624612087709835 0.9958048514889088 0.06686774371862958 4.257552521424066 -0.9972225207621549 0.059545975011300545 0.04473836099732992 -5.7562503154077005
0.04353517005795143 -0.07165082142640909 0.9964792264552965 124.73359613054551 0.06071994901372458 0.9957707502867144 0.06894708598051673 4.30444042988928 -0.9972049823179766 0.057504544710439316 0.04770168317626905 -5.706802191530247
0.04772762312627016 -0.07415992657652408 0.9961035986687736 125.62968616271229 0.061930225456914414 0.995541171284862 0.07115070942457924 4.3499059722155655 -0.9969386747265714 0.058293066199417876 0.05210755480252177 -5.65954112481228
0.0510423692472729 -0.07628039505661773 0.9957790808566083 126.55496197371556 0.06153802529270715 0.9954243457408714 0.07309886011035041 4.395798549613128 -0.9967987499915414 0.05754713925439539 0.05550296189336246 -5.607616669078226
0.054139382677447334 -0.0754365443726847 0.9956797954244191 127.43690595318674 0.056943927833846095 0.9957527186374922 0.07234578362902314 4.442532075293264 -0.9969083791031946 0.05278116235127527 0.058205090625216616 -5.548683514504752
0.056693606630323634 -0.07454636912365638 0.9956046774788303 128.334497395392 0.05463250866354914 0.9959460940844793 0.07146094510288115 4.487153015902452 -0.9968957437788435 0.05034100245673835 0.06053643124001706 -5.488781299027533
