1.0 0.0 0.0 0.0 0.0 1.0 0.0 0.0 0.0 0.0 1.0 0.0
0.9998451919360607 0.0004881493718248125 0.017588458503603636 0.017598837614059448 -0.0004869181724087083 0.9999998786963761 -7.428274974274119e-05 0.0016893941210582852 -0.017588492631137504 6.570711010400833e-05 0.9998453083400154 0.17075034976005554
0.9992607604835978 0.003836081130508888 0.0382520200682527 0.03614501621970327 -0.003842393160892223 0.9999926137943406 9.149622945824865e-05 0.0035455308613389566 -0.03825138654400625 -0.00023840789213039752 0.9992681194700139 0.35840047090003124
0.9980871392842424 0.004702865837068119 0.06164369755551705 0.06820374326857145 -0.004768251334016145 0.9999882144544788 0.0009136363385244164 0.004555893195359642 -0.06163867434178947 -0.0012058213225667462 0.9980978007291295 0.5532897566335446
0.9959136963761809 0.004105500550144436 0.0902167070756036 0.11194380721927587 -0.004334122096412519 0.9999878736127081 0.002338378324453217 0.00067458855856005 -0.09020601285937589 -0.0027198332242340923 0.9959194132816404 0.7690121732158168
0.9924066984410034 0.0015424839096405628 0.12299010380033029 0.1755407907701811 -0.002078679829218686 0.9999888868112559 0.004231470684421739 -0.002665457636343692 -0.12298221001264825 -0.004454996899440129 0.9923988759682424 0.9982367657514719
0.9873505399843372 -0.0007779446103506106 0.15855064173575953 0.24892310643663412 -2.613322634934629e-05 0.9999871507865917 0.0050692779336797686 -0.005841896356217463 -0.1585525481021747 -0.005009297744957719 0.9873378329763375 1.221869265882333
0.9807796265942749 -0.0014725522741592455 0.19511318675936482 0.3287518019061735 0.0002639293309457515 0.9999806187679738 0.006220323924730558 -0.007872596209881514 -0.19511856497756222 -0.0060492708833525775 0.9807610065265018 1.4861168617936906
0.9720435790922709 -0.0013961324384278266 0.23479636104442203 0.4261347407935768 -0.0006501005703364544 0.9999624865222501 0.008637298043221161 -0.009970444269873473 -0.2347996118283347 -0.008548471351847269 0.9720062067306001 1.7600506974501962
0.9609947458906829 -0.0034289155464871258 0.2765453686263382 0.5452980689951054 -0.00036327008712463277 0.9999066275958615 0.013660312028473426 -0.00973127153653322 -0.2765663869767005 -0.013227948746745058 0.9609037698784451 2.0652240806260154
0.9487093140720408 -0.011447911661141149 0.31594237245351636 0.6827099302407686 0.0058027710089838 0.9998063754560587 0.018802644655365276 -0.015356690061865862 -0.3160964492707488 -0.016004902874349088 0.9485920502736714 2.3358408681628497
0.9330597762986008 -0.017589018913885306 0.3592910801387254 0.8238005685192241 0.010008858587983959 0.9996865804675604 0.022946973282802544 -0.019376703475626925 -0.35958208604346625 -0.0178148041449492 0.9329433831427856 2.562063653079145
0.9137035623661577 -0.020541926832107312 0.40586183531026615 0.9876089808213117 0.010860702841662958 0.9995992278586054 0.02614247115835273 -0.01793140985122893 -0.40623619392316385 -0.01947852423836467 0.9135604751959869 2.8288820331312814
0.8906331483158478 -0.022950486396243506 0.45414300643649363 1.162819581258085 0.010135530938429765 0.9994793275429523 0.030632414643381966 -0.017634607287032235 -0.4546095754970383 -0.022679263402143168 0.8904020355311072 3.0840382535051063
0.8663414862533669 -0.029352161443892234 0.49858888857943806 1.3672382361738542 0.013714263809251028 0.9992932399338957 0.034999136997759805 -0.01948429564136518 -0.4992638061831419 -0.023483424813884744 0.8661317339726868 3.3357734959283554
0.8394990061338068 -0.03514182608627453 0.5422236353753611 1.573383440976551 0.017108890151795668 0.9991211616396236 0.038264738881417806 -0.01820982265532614 -0.543091801243698 -0.022846365645575517 0.8393624598459621 3.550429011090223
0.8114594829380919 -0.0410243274183454 0.5829669905832726 1.7954841865940192 0.020414729914898174 0.9989141060374418 0.04187896323836944 -0.013850575604325678 -0.5840520065476591 -0.02208196819333212 0.8114158245488945 3.771226327706114
0.7796491024320851 -0.04586200754583565 0.6245349896848932 2.0332351611672976 0.022771747366428854 0.998731322218749 0.044913177810845605 -0.00768440802141669 -0.6258024645195347 -0.020794765760998778 0.7797043369882084 3.990856577354791
0.7445540869756639 -0.04936731286575566 0.6657342412616689 2.3173971974532694 0.023683331890846832 0.9985874513490542 0.04756260925084303 0.0022375101628359668 -0.6671418974688843 -0.019646130118040506 0.7446715505597092 4.240665627563138
0.7091350260458494 -0.04935921722401182 0.7033428626992565 2.6021187789957843 0.019566676880321113 0.99854005824601 0.050347762948476454 0.01854790846366193 -0.704801149254748 -0.0219412796593017 0.7090655260665962 4.4811138739488525
0.6746154308965098 -0.051540722826848476 0.7363678254016824 2.8798777485300873 0.01810591503567199 0.9984146700810406 0.053294675228284565 0.029441750578953804 -0.7379472855408019 -0.022620797011893325 0.6744791348184977 4.680695381343676
0.6433669400238301 -0.053138429959014064 0.7637115212865814 3.184588828170965 0.017774846778824988 0.9983560473163668 0.05449089473324542 0.04014803693007056 -0.7653515762748272 -0.02148278492959642 0.6432538026668059 4.880088883865536
0.6113427810088076 -0.0565127042720807 0.7893454999962145 3.566950738125966 0.018700832465932946 0.9982000540124389 0.05698184829088455 0.05615406070076965 -0.7911449190720362 -0.020074023648004043 0.6112992316378952 5.134301674211283
0.5784544256170249 -0.05710400562640329 0.8137134692417829 3.963661747338273 0.017083162681731528 0.9981759293158216 0.05790491937034335 0.07268889889480161 -0.8155358011987381 -0.01959455730339858 0.5783748008750178 5.3827768567090475
0.5461876199966915 -0.05703375261221333 0.8357189927393769 4.3840258054210075 0.01688151562231689 0.9982262374637948 0.057091096233730834 0.0919184954770369 -0.8374927451582153 -0.01707424674310679 0.5461816290443247 5.621871006370138
0.5149293346486628 -0.057776669108593935 0.8552833663909299 4.859973367905198 0.019529192663437993 0.9982578075954295 0.05567728629056018 0.1101067472961246 -0.8570101463531222 -0.011966874340558969 0.5151605603754207 5.876892618345225
0.48479437542083603 -0.0574324999205682 0.8727404662975103 5.373247863121991 0.02250438616830097 0.9983304563776423 0.05319635769483447 0.13410302116793565 -0.8743385878271127 -0.006148806525068429 0.48527747322002057 6.133458376984951
0.4595488191604651 -0.0568780787513034 0.8863293783722745 5.910441352460165 0.02541977805507347 0.9983807650493184 0.050888926724469805 0.16025873509705532 -0.887788667246802 -0.0008556501026590752 0.46025052978899317 6.391378021693787
0.43354472869358235 -0.057123731320106674 0.8993196581539162 6.4841955508853015 0.028964892123330713 0.9983564654509304 0.04945101532435389 0.18469805193960392 -0.9006664217379774 0.004609469860399645 0.43448676566877636 6.644018335150679
0.4138268812997856 -0.058700787284214996 0.908461077804606 7.0735125760745525 0.03203609407768699 0.9982398584672538 0.049908652992470035 0.2134762244022546 -0.9097917349536315 0.00845000233671819 0.41497903136251446 6.893393199199462
0.40303436332479964 -0.05997754658331261 0.913217386981446 7.6644594807229085 0.03558557473743157 0.9981226226925226 0.04984874060602618 0.23596506028962017 -0.9144927385441507 0.012406610143257363 0.4044120512234683 7.1394641056280745
0.3979933864925024 -0.06048540521116835 0.9153921455117855 8.232405877044002 0.035838840850226886 0.9980875123433708 0.05036760060528021 0.2620977428661618 -0.9166879740646439 0.012760621484147323 0.39939995586454013 7.387310570685608
0.3934129194637179 -0.06212952166846819 0.9172601579357308 8.815521856740261 0.03671381582283545 0.9979797746265588 0.05185041141639911 0.28534480629919906 -0.9186285269502364 0.013277498769356914 0.3948991485172747 7.634536126391456
0.3859713430894467 -0.06385381729816801 0.9202982192366673 9.499927230322383 0.03649718949803809 0.997877518105061 0.0539297136950329 0.31368682720073227 -0.9217885210136179 0.012772974474886477 0.3874826107718783 7.922628634031769
0.37672645748614264 -0.06494966708616218 0.9240447591839575 10.149740223372204 0.03647314062442486 0.9978053728171747 0.0552643464646929 0.34417851544444994 -0.9256062263419215 0.012883272976048701 0.3782686017031973 8.188977443069819
0.36856075580493797 -0.06546673819754628 0.927295570716407 10.801524925203266 0.03659857643515442 0.9977656216844017 0.05589551312636541 0.3731755910961076 -0.9288829385253092 0.0133368052588865 0.37013324106607004 8.447908141683175
0.3593639809571887 -0.06622830526674224 0.9308444235059349 11.55094821484745 0.037101965501164985 0.9977038180877615 0.056661587773844925 0.40770153664938924 -0.9324596363095571 0.014174023938104928 0.3609960161814121 8.7403965595585
0.35300948932816234 -0.06911003158885819 0.9330638263152512 12.278595502550262 0.03748414121257364 0.9975122063960141 0.05970207072214122 0.44144020284525154 -0.9348685680895609 0.013899698728488254 0.35472180476174764 9.016420389573193
0.3426976994386302 -0.07139186854535591 0.9367291432986767 13.008472324435807 0.0360676757859628 0.9973730225671291 0.06281860089740636 0.47605008238483854 -0.9387531142759894 0.012257853030264738 0.3443723790843561 9.286909041109285
0.3285282714572434 -0.07535398179212602 0.9414833786538073 13.806939360348641 0.03750866975906918 0.997066856726993 0.06671418821704611 0.5124029984753241 -0.9437490527392445 0.013396292196958988 0.33039107858589767 9.563431483169833
0.31755830037207733 -0.07784265330270287 0.9450382252541919 14.550205882939201 0.040152404584915084 0.9968347477445662 0.06861683536185856 0.5480828288964742 -0.9473882574060367 0.016155711554193965 0.3196787179549663 9.807254848814656
0.3076782659945579 -0.07859687654096602 0.9482386912758762 15.320020531024896 0.04277358199424626 0.9967174862863756 0.0687362583674028 0.5889051776064643 -0.9505285399807646 0.01941091262596904 0.31003017781026315 10.049667448008014
0.297234980972478 -0.07761018859668742 0.9516449047372016 16.08699487365171 0.04288432480831959 0.9967703236040313 0.06789592526837994 0.6315928524563181 -0.9538408152160535 0.020629605141676822 0.29960326870659026 10.290690537261025
0.28367290795368133 -0.07687641273590405 0.9558345560074513 16.84615343554988 0.043789050335060226 0.9967799113178641 0.06717385997473059 0.6699671830252836 -0.9579207693561385 0.02279968328749499 0.2861258011402224 10.511148995689965
0.2675767467065173 -0.07573038315864271 0.9605558774421201 17.65591583015712 0.04226334506138296 0.9968695292791063 0.0668202907736518 0.7117728995031622 -0.9626092116150657 0.02271674847987853 0.26993972485042506 10.741667136524306
0.24608925227420098 -0.07442895773895822 0.9663852286562626 18.46793449250657 0.03950656398326331 0.9969889246268422 0.06672567402169244 0.7558303260502125 -0.9684416922651362 0.02175808864089882 0.2482886913682011 10.957492323465575
0.21988264928504458 -0.0739118441218492 0.9727222932789694 19.220699896562596 0.03661085095105348 0.9970483936976178 0.06748441462767506 0.7934128548930429 -0.9748390975622745 0.020773539022219675 0.22193961778029286 11.133658107855029
0.18987852861615795 -0.0739926388469421 0.9790154410258446 20.0320935690171 0.035028814503982625 0.9970318144397077 0.0685605072145049 0.8342159378964527 -0.9811825143799743 0.021275582049161385 0.19190680833013962 11.295773204572768
0.15817886090148447 -0.07373834964694143 0.9846532911412293 20.8465655940818 0.033947059298782334 0.9970242632740294 0.0692113835134415 0.8790315429242885 -0.986826755377495 0.022478305857540536 0.16021136238388678 11.43102609886864
0.12370016031039982 -0.0735110424389041 0.9895930461450948 21.677518730166355 0.03352651412248765 0.9969925654240281 0.06986986002569309 0.9244546685738105 -0.9917531160475255 0.024534692351055654 0.1257927091737157 11.53649141215418
0.0888254754870878 -0.072718972358543 0.9933891412551331 22.521797346892427 0.03204340952325097 0.9970237860069524 0.07011982631530428 0.9762269191232323 -0.9955316443039962 0.025603148155659915 0.09089127567539873 11.617006663719842
0.057983214987272436 -0.07066078393881561 0.9958137378008458 23.33633251326374 0.029776874318993708 0.9971705619036904 0.06902324411724785 1.0267029607501008 -0.9978733810136087 0.025650030912853766 0.05992321235246867 11.673108178318433
0.029288254386009405 -0.0673012680404496 0.9973027311078457 24.159437987381548 0.032177464399503586 0.9972771339089658 0.06635457005464991 1.0750278552196504 -0.9990529560237731 0.03014726359831554 0.03137409054768919 11.698684903243185
-0.0017498754594136856 -0.06443606643888049 0.9979203030692184 25.015003850757356 0.03460618498633853 0.9973201984181548 0.06445800018511051 1.1244617700313915 -0.9993994946449433 0.03464700808232318 0.0004847002945864154 11.700676440410955
-0.03027769247533807 -0.06072636520736243 0.9976951287377677 25.865109709394 0.039218212250346586 0.9973119675878079 0.0618932236518811 1.1710507389037559 -0.9987718423975797 0.04100180331201361 -0.027814725576703614 11.675634846461522
-0.05701372802026872 -0.0575273850045902 0.9967146205367737 26.704862159647085 0.0434770643034035 0.9972483765887178 0.06004515193356454 1.2157611982389873 -0.9974262778254787 0.04675762361049569 -0.054355725894432494 11.624767886481742
-0.08122938507531796 -0.0533315240936438 0.9952675698213697 27.540476654579837 0.0508541189098474 0.9970449929292108 0.05757725822487129 1.25764688619185 -0.9953972300494859 0.05529042062273987 -0.0782772240001629 11.550076875349486
-0.11073153152817389 -0.04541826581640002 0.9928120210068249 28.391195235556918 0.05516106373362358 0.9971345446473401 0.05176830032671606 1.2962856814948187 -0.9923183889121477 0.06049695034605283 -0.10790891541307907 11.45716893048518
-0.13684469199719485 -0.03167204182316109 0.9900860629455123 29.209613711321776 0.05932894290208551 0.9974324486283572 0.040107193336864196 1.3301731174376528 -0.9888142428213268 0.06422921601570006 -0.13461426745963667 11.344490742289231
-0.16292736462695961 -0.014556851563516573 0.9865306746007808 30.00647240939815 0.06217109989395975 0.9977525989677936 0.024990109863482855 1.3580255355584387 -0.9846773218642183 0.0654052698608561 -0.16165618602682535 11.215359368202439
-0.18785603650067362 0.00027820224636954105 0.9821965343828941 30.847698904246762 0.06294068565001695 0.997948034532006 0.011755443998928871 1.3759066396106707 -0.9801778306206294 0.0640284544340742 -0.1874880726409558 11.063446907026245
-0.21026475068232942 0.009752103572893987 0.9775958424095317 31.68048033369607 0.0665043025007315 0.9977766535538088 0.0043505599472103 1.3824743228783007 -0.9753798810562937 0.06592909902968962 -0.21044581614217073 10.885362517113075
-0.23233445971574307 0.014213933008551016 0.9725320883842458 32.4842808973711 0.07013527782789562 0.9975351167274562 0.00217570667702275 1.3832596280480804 -0.9701039849586218 0.06871429985067865 -0.23275868053293602 10.694139235104855
-0.25264545727374776 0.013006445581819473 0.9674715010232944 33.262074862796055 0.07166781169202137 0.9974144412171568 0.00530633760177722 1.3837097216440568 -0.9649010299954168 0.0706771874425846 -0.2529243710854885 10.494213644939762
-0.2711563134846118 0.009180985128273228 0.9624915392716497 33.97885923203113 0.07359603914470922 0.99722500105707 0.011221420985658155 1.38681089863607 -0.9597176025684043 0.07387832414721768 -0.2710795391422105 10.289000664886826
-0.2869497876714153 0.006573576295741623 0.9579230696929757 34.719944762842616 0.07798479858471488 0.9968176637393134 0.016520183019520386 1.387749432289063 -0.9547660396898452 0.07944390065940282 -0.28654925598051695 10.060408464599963
-0.30084752730683134 0.0069114434419527 0.9536472079668215 35.46801032379392 0.08028627140983453 0.9966074041392918 0.018105155007589094 1.3904501628770347 -0.9502867356416544 0.08201166968359522 -0.30038176725500015 9.822034053666444
-0.31039266465691373 0.009864840000613308 0.9505572463870566 36.19659061501296 0.08240596845204173 0.9964611267119983 0.016567417280206123 1.394388091940393 -0.9470299098184081 0.08347399525371761 -0.3101071460410425 9.582293046063546
-0.31721505201142597 0.012542660181970228 0.9482706852228155 36.95198749510294 0.084151299314055 0.9963405063936189 0.01497177821981683 1.400307733220538 -0.944612708786593 0.08454748366963191 -0.31710968670790984 9.32437126341487
-0.3249201249882939 0.013877759377718096 0.9456396354702175 37.70264909200591 0.07827833516816124 0.9968560704155365 0.01226691155082768 1.4018758655128336 -0.9424963737972112 0.07800886276795077 -0.3249849268947077 9.076612426236744
-0.33431435902888673 0.012808153871458505 0.9423745861076209 38.461889647608906 0.07829854959581013 0.9968284106337761 0.014228734467001666 1.4069915938688593 -0.9392035170708728 0.07854343351130648 -0.33425691103394983 8.802677575929192
-0.34371088486701507 0.014801167021507897 0.9389588665531282 39.204442672775805 0.08148904111474786 0.9965742112223026 0.014120117026591383 1.406259916686943 -0.9355331975948972 0.08136809559924044 -0.343739536882827 8.522009611025176
-0.35068895452602555 0.01724587277876547 0.9363331869828935 39.913917562893275 0.08456531545359694 0.9963288811506814 0.01332171187442805 1.4079201107833252 -0.9326660520227361 0.08385308853662024 -0.35085993636662616 8.248885504523932
-0.354856289029306 0.020785531961196348 0.9346897751647013 40.67005487329332 0.08750974423473257 0.996102131224602 0.011071984184306036 1.4133628795357938 -0.9308163399942663 0.0857234263833167 -0.3552920423662521 7.956317118194011
-0.3556680234214699 0.022982001386977105 0.9343297516014962 41.43652605599797 0.08656739478990566 0.9962101670656069 0.008449212649942861 1.4179640710679893 -0.9305946181204537 0.08388760723351407 -0.3563095930197255 7.667896417294114
-0.3556332389415053 0.02411613521377029 0.9343144071362304 42.20783461281344 0.08990928644991222 0.9959135446461389 0.008516560363849901 1.4207651595147628 -0.9302909865037079 0.08703231361232802 -0.3563482240972215 7.369370563222351
-0.35236488604778654 0.023877930261773275 0.9355580321535082 43.043083557231355 0.0898169715509832 0.9959227823434809 0.008409710496205411 1.424533742035531 -0.9315427519453634 0.08699227583891575 -0.35307286109587305 7.059740366498718
-0.3462235882711146 0.02352130323903949 0.937857118765226 43.863824273069596 0.08824593140435867 0.9960697547605246 0.007596001703932313 1.4244529179339185 -0.9339924424294082 0.08539198993609454 -0.34693850397369136 6.763915265172499
-0.3407183904375033 0.023305379527859348 0.9398765013036234 44.65985237927625 0.08771099562968176 0.9961206863446628 0.00709644149476113 1.4246473466178415 -0.9360650402954527 0.0848553918222116 -0.34144077497477054 6.480220854162734
-0.3357292772916897 0.022689401533324063 0.9416852146164659 45.50720244933272 0.08612966888631939 0.9962613894861585 0.006702533598712583 1.4238905901912666 -0.93801254389626 0.08335727249117786 -0.3364283469270965 6.182647796074169
-0.3324927382083196 0.021518977601397076 0.9428602826727428 46.34906812075363 0.08298189509002461 0.9965297319966814 0.006519074619212049 1.4235908396778831 -0.9394480209814708 0.08040787803202668 -0.33312458483934315 5.897977926458086
-0.33181327808930045 0.02002333572632404 0.9431325540506085 47.23483781374062 0.07938317216752538 0.9968212180864728 0.0067654378440878335 1.422762318633818 -0.9399990747124457 0.07711371602375358 -0.3323480319495729 5.5962129574574595
-0.3307669407120779 0.01879258382837598 0.9435253413263613 48.158909643536994 0.07720770412154213 0.9969889681079205 0.00720887615269563 1.4212702049444905 -0.9405488830232343 0.07523188329530212 -0.33122192315664867 5.280597590484847
-0.3303226044904425 0.01820265471908095 0.9436925560392159 49.07171323011184 0.07668319947888101 0.997026465120749 0.0076101751954975455 1.4178455306435715 -0.9407479279171084 0.0748791774126956 -0.33073621650745355 4.966782399194244
-0.329470695447107 0.01883132162672879 0.9439779881794864 49.991459664184134 0.07803302434898121 0.9969236963194825 0.007347845102593176 1.4159798465719207 -0.9409356555857319 0.07608235697250115 -0.32992660851310235 4.6471370480056775
-0.3274365597893109 0.018651330624800976 0.9446890637555121 50.946696703567206 0.07879844642080044 0.9968613626022831 0.007630766173080283 1.4141006177483106 -0.9415817033879799 0.07693862239892489 -0.32787855103429137 4.315334778194561
-0.3249596300493884 0.018656423095162397 0.9455438523492492 51.8856136772348 0.08096005249458826 0.9966839565618959 0.008158469966755115 1.4133228150880126 -0.9422561799947178 0.07920245330429623 -0.32539247479366 3.9870363307923258
-0.323785517451355 0.018733953151480916 0.9459450183219301 52.82371771978405 0.08287786741551417 0.9965223225777621 0.008632479185001901 1.40984060374027 -0.9424936062284003 0.08119297755065492 -0.32421212595312354 3.661778958215598
-0.3229911503407366 0.017803675303319298 0.9462345089602587 53.79329985817876 0.0816805423569387 0.9966167473829339 0.009129503608528572 1.4061894787474567 -0.9428706198635338 0.08023769676128403 -0.32335260354077905 3.333976665473677
-0.32162906716752465 0.017569700128869006 0.9467027246133444 54.78305080029182 0.0828555355049847 0.9965147986415968 0.009654860148156773 1.400062187131407 -0.9432336419939285 0.08154484487495128 -0.32196387201856985 3.0003147431041604
-0.3186425070705089 0.016938883847016882 0.9477236025877156 55.788580545735115 0.08231454305888794 0.9965575837041853 0.009863993242220835 1.395816348002921 -0.9442940583784416 0.0811545228295587 -0.31893992339542476 2.665003863407975
-0.316381216562625 0.015914903073454806 0.9484986250208884 56.72823328226411 0.08382214970344806 0.9964173282246371 0.01124078434845456 1.3904277380964918 -0.9449215697746804 0.08306156676729773 -0.31658174789573007 2.352448211381671
-0.3147356183999192 0.014029559842204997 0.9490756882151469 57.715777076394424 0.0856824656975051 0.9962284685492719 0.013687714344199929 1.3839200932417828 -0.9453041868004269 0.08562715633843357 -0.31475067039639043 2.021808127201445
-0.31056952903221113 0.012259691953132382 0.9504716027267334 58.66904129180514 0.08746692866737246 0.9960431827959146 0.015732590227972985 1.380511984502855 -0.9465178836272498 0.08802089501362068 -0.31041297977822035 1.7042501013563733
-0.30785757978793626 0.011520021200450564 0.9513627066890187 59.642990305379065 0.08937703839274182 0.995855096733371 0.016863312791702646 1.3751204805700288 -0.9472251345774441 0.09022147982442771 -0.30761116527693455 1.3877992134479136
-0.3051185615495111 0.011813626743922362 0.9522410942724079 60.626646045388476 0.08874364517688355 0.995924698622042 0.016079804579486545 1.3706761025064569 -0.9481704640193539 0.08941159263624804 -0.3049234957552025 1.0774171475304386
-0.30162410375004167 0.012138591556345557 0.9533496497256462 61.625303991114585 0.08813153022899735 0.9959928404597724 0.015201813456611729 1.3659492248391099 -0.9493448969771099 0.08860539683282566 -0.3014852404938225 0.7626969589392736
-0.30092795428151786 0.01347106014000432 0.9535517274226111 62.58573501360746 0.08724895455880084 0.9960955682743813 0.01346249577656701 1.359535877911207 -0.9496472957158029 0.0872476326489273 -0.3009283375437096 0.46191723725917416
-0.3004339469329449 0.015496884415550784 0.9536767220099817 63.52005027606348 0.08627647825919715 0.9962105996650721 0.010991379083088441 1.35315010075232 -0.9498925269889659 0.08558205237296507 -0.30063249904517697 0.16982598228577178
-0.30034439629295206 0.016323467151003024 0.9536911387003615 64.4581479814774 0.08647478472097675 0.996202004045575 0.010182275926372449 1.345210950058406 -0.9499028135672001 0.08552842542541153 -0.30061525779868015 -0.12708029559629302
-0.3022643194939461 0.014269591975840525 0.9531173379525234 65.41779714694077 0.08588554918784949 0.9962288088341755 0.012322048918149947 1.338926633758176 -0.9493471196572744 0.08558352174152932 -0.3023499747060581 -0.4308082573324343
-0.3050140370806196 0.011846688109495573 0.9522741691155014 66.35916819640171 0.08902439508349247 0.9958989084506493 0.016125173699016594 1.330978057752983 -0.9481777756643532 0.08969403618770622 -0.30481779083340554 -0.7415697900059233
-0.3101087595877335 0.00995460920672022 0.950648969379602 67.30789428383582 0.08772514418726293 0.9959786747028305 0.018187320157677912 1.3296991835026295 -0.9466450529656202 0.08903586520462092 -0.3097349809159167 -1.0515702959650177
-0.3152078278780139 0.012353081753898175 0.9489422672721488 68.2747114429837 0.09016481758970307 0.9957819779338344 0.016986997709913965 1.328138147811036 -0.9447297660778136 0.0909156410820633 -0.31499208766760706 -1.3794886017267722
-0.3197416939771752 0.013970710523203603 0.9474017460296785 69.22139628489981 0.0899335017002714 0.9958245351149144 0.015667180189558885 1.325759107839466 -0.9432270216679196 0.09021260727105537 -0.31966305868026834 -1.6976706212895547
-0.3224734558746032 0.015557174863437884 0.9464506561710225 70.13370955313373 0.09009844742321975 0.9958297737956441 0.014329389171974571 1.3275531670031422 -0.9422808180304935 0.08989458233055544 -0.3225303459201929 -2.0088455416403526
-0.32287113361123826 0.016009443197107127 0.9463075233818616 71.06576823564046 0.08973046639560472 0.9958709287014258 0.013767235299323555 1.3258658486229422 -0.9421797463759349 0.08935765829450931 -0.32297451048511633 -2.3263281552225763
-0.32399791891642354 0.015661714353573622 0.9459281469759391 71.94594838396704 0.09058253951887325 0.9957828175947618 0.014539041142692187 1.3215806360227222 -0.9417112891285411 0.09039519282873507 -0.3240502384528013 -2.627785299262723
-0.3257189709874497 0.009344236567304862 0.9454204552376956 72.90155472700586 0.09113566175073806 0.9956051127815568 0.021558074136588584 1.3221277365584696 -0.9410639952182488 0.09318339254501219 -0.32513906602816917 -2.955441356203529
-0.32529744674466465 0.001382691297258827 0.9456107334977638 73.83453186317097 0.09221095232145729 0.9952794137924635 0.030265966908401262 1.3277541553451 -0.9411050480224682 0.09704110801978198 -0.3238893513855018 -3.2757924998071757
-0.3245922726943334 -0.0008809487846771144 0.9458536252699815 74.76852882262698 0.09260730202878353 0.995165373744582 0.032707285285644566 1.3352541973929652 -0.9413095899426912 0.0982094844149263 -0.3229414080802851 -3.5922867441596287
-0.3238435055073768 0.0036057842421121852 0.9461037904271882 75.66159471983036 0.09145847407466015 0.9954287786826195 0.027511708241462644 1.3438139784621008 -0.9416797393278823 0.09543869702813415 -0.32269292469613214 -3.8938426355283133
-0.32276615991934904 0.008893291125057913 0.9464369579554054 76.52838668573212 0.09171958542556699 0.9955434829200709 0.02192467251148951 1.3513502722596653 -0.9420241629917351 0.09388334776912736 -0.3221434359899045 -4.189783378569479
-0.32145775157011025 0.011416342886986036 0.9468551003562142 77.45932677883584 0.0963004946006118 0.9951371301397129 0.020695578198590192 1.356872186100249 -0.9420143994096732 0.09783536851457753 -0.3209939438251912 -4.518131758466096
-0.31900621678392904 0.011145964190106078 0.9476870797554843 78.39208929910058 0.0997092108506733 0.9947763789109634 0.02186387962662259 1.3593471765363088 -0.9424930275204909 0.10146784437970653 -0.3184512044759681 -4.835300429014175
-0.3168055109102411 0.008963610504502492 0.9484481651327208 79.27601893889928 0.10110090365862741 0.9945776378655239 0.024370669610088116 1.364102156104118 -0.9430868865254729 0.10360972900533379 -0.3159939058259372 -5.1304008997782775
-0.3149062572786418 0.0054219753925341466 0.9491072917798077 80.17879607671249 0.10097045247972694 0.9945003875556746 0.02781990074843399 1.373382780252842 -0.9437367306896546 0.104592453525368 -0.3137218542160342 -5.424289711219935
-0.31199678705542033 0.0005757370465773737 0.9500829823725652 81.1139667136897 0.09990736217874494 0.9944753908012121 0.032205839117491 1.3866176194626727 -0.9448156030938417 0.10496840294883897 -0.3103306471052938 -5.726577288197612
-0.3101161462928592 -0.0019519931133240853 0.9506966737773681 82.03332987777068 0.0951638148036793 0.9949116666271132 0.03308510180233585 1.3988093111677415 -0.945923794055566 0.1007321464684707 -0.30835241284507187 -6.014515910549819
-0.3076934519648284 -0.0035737410696606714 0.9514788321306654 82.93577832727028 0.09040563952770818 0.9953589873969828 0.0329743316784333 1.4148487471637452 -0.9471808486026067 0.09616503825622003 -0.3059423564294847 -6.292418467504086
-0.3057406285886903 -0.0041785617430576474 0.9521056704231691 83.81025532704756 0.0919899652178113 0.9951824603061512 0.03390747702531175 1.4273820704457076 -0.9476605480494683 0.0979510608454836 -0.30388332522503764 -6.570612818790427
-0.30308546412108717 -0.0029058928176053517 0.9529589483421821 84.74634392613248 0.09441202080369422 0.9949840748546019 0.03306147476285206 1.4391497446420252 -0.9482750506927133 0.09999123247897529 -0.3012908589072485 -6.86796621347953
-0.29888893930585536 -0.0003562387693282626 0.9542878365852518 85.67227585388501 0.09552625931483427 0.9949659282164772 0.030290847951802383 1.4531565645530518 -0.9494946738881351 0.1002131467536241 -0.2973502807730317 -7.155094195469788
-0.29293175759066586 -0.00043754696043043356 0.9561332511462517 86.5701728312892 0.0985814960734824 0.994656620746942 0.03065771413833887 1.463492472327771 -0.9510376827585529 0.10323766442985596 -0.2913233780806324 -7.430400141605625
-0.2849693994231282 0.00025950736273048364 0.9585365794002597 87.4803925234839 0.10310052363023109 0.9942068202335903 0.030382241987479457 1.4710731405596984 -0.9529757202676225 0.1074836325071975 -0.2833452758093276 -7.706288888194481
-0.27541528170784235 0.0009017468700273576 0.9613249239743931 88.3856498356482 0.10294757373349966 0.9942766444315998 0.02856136201626719 1.4822639716860435 -0.9557971644989203 0.10683230405837466 -0.2739318147740484 -7.96125253407997
-0.26255869432434753 -0.0006256127554248869 0.964915820495951 89.31689832499585 0.10130693205251134 0.9944551521857592 0.02821091649178987 1.4956947775615543 -0.9595831582269471 0.10515968286315408 -0.26103946741310813 -8.2084919463925
-0.2475452265998444 -0.00395391076405497 0.9688682714266691 90.24188894013986 0.10307025477005158 0.9942096692334772 0.030391712427848383 1.5049561027251437 -0.9633783697848258 0.10738482291427529 -0.24570432726836816 -8.443384247395835
-0.2343735287239212 -0.005987219701642399 0.9721281819974882 91.08807216520165 0.10353550189312946 0.9941399066188024 0.031084496388018593 1.5126159825948888 -0.9666175297816789 0.10793516233463134 -0.23238018816276423 -8.643031360836034
-0.22100174643471632 -0.007334952708223548 0.9752458287742498 91.96803994987482 0.10363774538202128 0.9941330604034366 0.030962492551930405 1.526064066514585 -0.9697512288236281 0.10791504381533254 -0.21894496457648477 -8.838719304754617
-0.20653239075761365 -0.007194421196996224 0.9784133134169756 92.88288000182669 0.10669106477300394 0.9938446733903762 0.029829211708986003 1.5357254614800773 -0.9726054638266984 0.11054865660521182 -0.20449353597910103 -9.034755643005441
-0.19325641496472518 -0.004441634842395424 0.9811382318281706 93.77976417888159 0.10783855185285923 0.9938351403496664 0.025740251367014473 1.5432384165577127 -0.9752039811286971 0.11077899478730488 -0.19158603682067793 -9.210166488300665
-0.1806076087924744 0.0033141314354905096 0.98354964703318 94.71706670483978 0.10991332166918386 0.9937986013677578 0.01683453709298255 1.5491059825593387 -0.9773944717287443 0.11114565422146194 -0.17985185620885913 -9.383613285989751
-0.16682805789789618 0.007058172195660135 0.9859607402443937 95.67271236687886 0.10960150644358663 0.9939098890144493 0.011429886464080177 1.5480914303153783 -0.9798754558020693 0.10996960818581529 -0.16658564281517657 -9.545385474785277
-0.15342181334358695 0.004547750991754897 0.9881503251789591 96.6394953308848 0.1083145762726267 0.9940412870196476 0.012242232933748085 1.5438001868176052 -0.9822065463828099 0.10890930934148745 -0.1530002045146126 -9.69560214164141
-0.13860048800524483 -7.727940667959232e-06 0.9903483754038208 97.60733427690587 0.1086701519941538 0.9939613991062558 0.015216279187177668 1.5400118501066922 -0.9843681744094918 0.10973029220326336 -0.13776269517801587 -9.832531681040283
-0.12728397002273578 0.0004672811956297693 0.9918662070176277 98.51505805488131 0.10681668816115977 0.994190585100099 0.01323917023852205 1.539336772862247 -0.986097858280573 0.10763299748036023 -0.12659443806052423 -9.945031425375811
-0.12075337026510102 0.005543039954069906 0.9926670631574754 99.47669924870405 0.10525274221650052 0.9944190705059913 0.00725068754723128 1.5331885906794844 -0.9870868674161999 0.10535647546339176 -0.12066287437486911 -10.056329135957041
-0.11609653221451316 0.011283223430930897 0.9931738438343877 100.42053741531612 0.10309721511235528 0.9946710008043433 0.0007512622465916663 1.523920816030317 -0.9878727445596632 0.10248067636337156 -0.11664112280094302 -10.161657551006124
-0.11234109128073216 0.013704106179027474 0.9935751993098902 101.31515564559703 0.10036954127201231 0.994947394061988 -0.0023744966003242524 1.5103167306132028 -0.9885875957115282 0.09945793343465907 -0.11314895086657623 -10.256747785502919
-0.10971542405960144 0.013081388379047473 0.9938769556647837 102.29618649041474 0.09847180806787953 0.9951373478448274 -0.0022275412916577184 1.4944841858480293 -0.9890732170771104 0.09762446518388648 -0.11047006408206528 -10.358172739777018
-0.10704350914444227 0.012445621615231488 0.9941764399002094 103.26649889246995 0.09526521002881813 0.9954494868199864 -0.0022043021552501027 1.4769042711878642 -0.9896798608177341 0.09447447111488347 -0.10774204100235985 -10.45549554242323
-0.1021490893426319 0.008939536168895472 0.9947289320410642 104.22599529340901 0.09400049878944744 0.9955718999773489 0.0007058348439419396 1.4616297155098728 -0.9903178629984446 0.09357711615868936 -0.10253708381662252 -10.552432048861291
-0.09642982109654047 0.005528825744493454 0.9953244303689008 105.16313770910597 0.09442714161179329 0.9955251990411607 0.003618425221610745 1.449802859372081 -0.9908505460110097 0.09433456503289278 -0.09652038805215907 -10.642473680031419
-0.0915909575973271 0.0026775155901989783 0.9957931147566088 106.039332173891 0.09329095830842539 0.9956213858621612 0.005903652412274862 1.4396598352104546 -0.9914171138246002 0.09343921513033789 -0.09143970413078867 -10.720380761916317
-0.08825733743481423 0.0026319287178840772 0.9960942301510141 107.01256172478033 0.08895198732354842 0.9960220803223955 0.005249710605262518 1.4291331749161333 -0.9921180304480455 0.0890678868137765 -0.08814037212548909 -10.798736358836548
-0.08499940976231984 0.0036919665801902063 0.9963741615090327 107.98740247522609 0.08483723963556848 0.996388515267246 0.0035453370150484165 1.4177242165164228 -0.9927626821708571 0.08483098506031804 -0.08500565194516024 -10.876604368928291
-0.08146222650345775 0.006020476640334525 0.996658246097489 108.89359949884347 0.08493573106228147 0.9963860039576393 0.000923420945999065 1.401943675757775 -0.9930507677062718 0.08472712067780247 -0.08167917592406254 -10.952215714177187
-0.07777028359550525 0.008113353154248645 0.9969382912146917 109.8372806025425 0.08345268947565616 0.9965104561714788 -0.0015998000473509202 1.3884398015550519 -0.9934724110959271 0.08307276473975234 -0.07817598192373004 -11.023485349181628
-0.07388806025151562 0.007642578180315079 0.9972372563994117 110.7912728516694 0.08274288983071168 0.9965697886723914 -0.0015068138331474981 1.37362295149402 -0.9938280378087202 0.08240295689004629 -0.07426697759466216 -11.093726803367082
-0.0683570734109955 0.002976747413531586 0.9976564786987152 111.77149046572423 0.08376830115738539 0.9964814192664827 0.002766365460680223 1.3586580799987293 -0.9941379090628673 0.08376108900612797 -0.06836591060329811 -11.164195296383541
-0.06167987803404884 -0.0003729876371130411 0.9980959139911993 112.71608435462593 0.08220502975622984 0.996600523454275 0.005452497908519073 1.3450373505391706 -0.9947049440555136 0.08238481371519632 -0.06143953727552143 -11.221672516396366
-0.05692566398380161 0.0015885194796745536 0.9983771558814164 113.5837844630546 0.08059229804909024 0.9967426074752201 0.0030093086691035595 1.3342472497435518 -0.9951202692514961 0.08063281620631907 -0.0568682571868353 -11.266923317362282
-0.053195775811194834 0.003590294225451679 0.9985776480691024 114.4872185361096 0.08009258053302559 0.9967871951070209 0.0006827988278091321 1.3225120874228025 -0.9953669614666776 0.08001498270982213 -0.05331242409177206 -11.312044296754868
-0.04736407251616942 0.0038698110661876603 0.998870196370377 115.40173969962603 0.0793048607954411 0.9968504043960673 -0.00010153626470595783 1.308941187716572 -0.99572455211715 0.0792104527048631 -0.04752178966949677 -11.35243484198446
-0.04171402600744312 0.0028904994218576507 0.9991254100698985 116.30700723635051 0.07969666355890279 0.9968190633607849 0.0004435516959082064 1.2911351046105641 -0.9959459733599156 0.07964546398647024 -0.041811699493687904 -11.386066519096275
-0.03410756626461764 0.0014940694718549932 0.9994170509251472 117.22305807405343 0.08230757424724244 0.9966061023524785 0.0013190812469210805 1.2742772385571701 -0.9960231609480974 0.08230458377401939 -0.034114781909694636 -11.419796530475564
-0.024833448817718762 0.0013260160891489792 0.9996907229244197 118.10225842384135 0.08330347477519856 0.996523944659047 0.000747536989381882 1.2572783537754495 -0.9962147514016221 0.08329627484169957 -0.024857588123155527 -11.4466992996585
-0.01779818246895487 0.0010235574367991815 0.9998410758870508 119.02145270482426 0.08541633219627165 0.9963452211334269 0.0005005184499983426 1.2389705646687714 -0.9961863655435854 0.08541166580014814 -0.017820562569847598 -11.467596839853904
-0.010367203922942048 0.0008211749212585009 0.9999459219150648 119.96688390531767 0.0825664171898233 0.9965855634804444 3.761384665999096e-05 1.2210823326876834 -0.9965316391541497 0.08256234210652036 -0.010399607234396313 -11.47756594147758
-0.004707051913366733 -0.001076849649648215 0.9999883419606035 120.87247577675511 0.08188256371524753 0.9966409172951594 0.0014586749061111168 1.206304974838457 -0.996630869189643 0.08188847518360165 -0.004603065326644673 -11.48301375680901
0.0005565772535167657 -0.0018832763651717363 0.9999980717440875 121.75804870746974 0.08245005917395615 0.996593515568809 0.0018309747166546445 1.1890126107987413 -0.9965950421128795 0.082448881110263 0.0007099575295171912 -11.485720774284612
0.004885719105854558 -0.00260971341561958 0.9999846594546876 122.68973135020607 0.08189442858364136 0.9966385798146244 0.0022008616602901612 1.174771682761837 -0.9966290344535312 0.08188241948658581 0.00508301713997128 -11.480543909405913
0.009146633384260638 -0.0018331161846301819 0.9999564884447663 123.62646653685393 0.08126076592533932 0.9966922861232206 0.001083837485799856 1.1577356931041838 -0.9966509052917985 0.08124731667890367 0.009265339363282943 -11.473325587164782
0.01460239407543601 -0.0037315923924378866 0.9998864162021017 124.5759230978517 0.08142860883945996 0.9966759647050594 0.0025304232274112257 1.144228458842996 -0.9965722009717792 0.0813824096316661 0.014857713579410736 -11.460267006577654
0.019276983282631832 -0.005680537497286586 0.9997980443115817 125.48992801788987 0.08279536523558285 0.9965582758010988 0.004065762886336345 1.1317285045671583 -0.9963801109069912 0.08270026859740778 0.019680959399608455 -11.446416848579075
0.023331083906140193 -0.0069576891068420035 0.9997035816110981 126.41208351926139 0.08071321627661587 0.9967245563213699 0.005053270649099453 1.118375460748954 -0.9964642679203551 0.08057139311356948 0.02381624172051028 -11.422702426770343
0.0267566269484088 -0.005890614180135471 0.9996246213348912 127.32861250469651 0.07903559971145066 0.9968647075571264 0.003758830309593543 1.1047155635609127 -0.9965126476330319 0.07890535781317873 0.027138305322536416 -11.394361245616794
