1.0 0.0 0.0 0.0 0.0 1.0 0.0 0.0 0.0 0.0 1.0 0.0
0.9999844531993907 -0.0019455578474761332 0.005225721402634441 0.01373535767197609 0.0019476836460598015 0.9999980225659509 -0.00040173698231341917 0.002614225260913372 -0.0052249294665764464 0.0004119087887034335 0.9999862651272863 0.13249705731868744
0.9998763224166526 0.00029671161195296406 0.0157242434720948 0.0237400378964145 -0.0003023713669992117 0.9999998903605014 0.0003575619410621472 0.0025267992707707814 -0.015724135655316725 -0.0003622722796590653 0.9998763025078096 0.3024294035349673
0.999441076756267 0.000894548273235331 0.03341756836846007 0.045759509724257116 -0.0009545691337945447 0.9999979598834293 0.0017801760442117621 0.004318322015413808 -0.03341590773931868 -0.0018110804417337163 0.9994398916881351 0.4814515870733729
0.9984267286968941 0.0030267888861831207 0.05599023104665187 0.0706118695181023 -0.0032952144163661545 0.9999835141353842 0.004702448234525133 0.0029203165329803916 -0.05597507468122891 -0.004879549824184011 0.9984202426873888 0.6999708051696751
0.9962050984378651 0.0014636429210710723 0.08702447699241532 0.12965486606838245 -0.001993692812003376 0.999979987119869 0.006004210915527697 -0.004932500881155665 -0.08701394736118566 -0.0061549256003931045 0.9961880795590151 1.0064602473785245
0.9927143871466131 -0.0014697702183546824 0.12048230296450173 0.19865529950258365 0.0006491461805395445 0.9999763269274776 0.006850123638805285 -0.005814303467353104 -0.12048951888592234 -0.006722005663183101 0.9926918406426555 1.2542039305809292
0.9875542954804278 -0.0034953081197827258 0.15723961428120983 0.2744043324912745 0.0021633098497760403 0.9999603216414585 0.008641483275724771 -0.005141735404032494 -0.15726357991807807 -0.00819377592191475 0.9875226723814962 1.4860116479783974
0.9795503131804264 -0.0013399284663663151 0.20119490187336686 0.3577711569980068 -0.0005777675442919063 0.9999549678656329 0.009472508934066984 -0.0008591032820478798 -0.20119853412188038 -0.009395042977349128 0.9795054277719243 1.7429971244078972
0.9701866956112931 -0.0029869126369555543 0.24234036810184825 0.4611970765380876 -0.00024152312116768266 0.9999116401959929 0.013291104812657918 -0.008020388684420496 -0.24235865432334383 -0.012953383861304825 0.9701002486965559 2.0101963533157443
0.9615127964387433 -0.00636823782314869 0.274686344457776 0.5649192410272182 0.0021382420866290397 0.9998745230364469 0.015696053753005205 -0.011126719001472288 -0.27475183385252794 -0.014504610634762966 0.9614057655667596 2.2346865786662953
0.9489042432162451 -0.007675138797481796 0.31547080601958216 0.6624740465233008 0.0027257860218095954 0.9998662358028869 0.01612701435261291 -0.014286707290778923 -0.3155523843940476 -0.014443086436266489 0.9487982345880636 2.4108872140169364
0.9344312194125537 -0.010064581283024121 0.35600140504043704 0.7805172790811411 0.004139586256070195 0.9998400201479557 0.017401090085509094 -0.006735251503328179 -0.3561195866739099 -0.01478642330426289 0.9343233924466788 2.6440932601570544
0.9170938815032561 -0.012164781400213643 0.3984856717659708 0.9331525709581493 0.0038489567910858077 0.9997579431370225 0.02166196357791111 -0.00905481044286902 -0.3986527286259462 -0.018332300126154635 0.9169187143532258 2.890642594440223
0.8970001506063049 -0.014641343853292264 0.4417876875405607 1.0908595068619502 0.005522199818736156 0.9997444667672621 0.021920457965212657 -0.007333414014661293 -0.44199574106707 -0.017223014208098575 0.8968517896844268 3.123095269141944
0.876952904362838 -0.019987942125667485 0.48016047911002036 1.29031014100082 0.009569933853923601 0.9996628947292183 0.024135311633198604 -0.005805260312367836 -0.4804810296938006 -0.016570427610084544 0.8768485622005685 3.4002328133666957
0.8601459580964705 -0.023590019278249944 0.509502150889235 1.4865200064471735 0.012341724657081273 0.999600006111613 0.025446210211980548 -0.0040823048907308295 -0.5098986297322183 -0.015599319604242585 0.8600930464926986 3.6756226654999953
0.8377875202184395 -0.025155503250849247 0.545416603728228 1.6613399704682799 0.013781665845240711 0.9995941089153979 0.024933573914746307 0.0035059147274106375 -0.5458224405910483 -0.013372287681189967 0.8377941544731637 3.887943464100112
0.8066835403880253 -0.03072126808096854 0.5901846061653407 1.925886735691869 0.016965796142955326 0.9994401922309734 0.028835115996831227 -0.0030590318801434905 -0.590740067566334 -0.01324786174491165 0.806753163446485 4.1800897543416955
0.7734015788230999 -0.032714307663403414 0.6330716957407277 2.186532096434899 0.016516069933009248 0.9993683628358745 0.03146577182768362 -0.004053508288502964 -0.6337012050705791 -0.01387982121095532 0.7734533814363006 4.451751385609148
0.7409914546366477 -0.035781210258961076 0.6705604888060951 2.5062452050908397 0.01973357161129137 0.9993083932302567 0.0315170013012807 -0.0013824422807294308 -0.6712244410828073 -0.010121275214463484 0.7411850710052829 4.7541102786920675
0.7125260992949878 -0.04138289157307648 0.7004241672790285 2.8832382825346734 0.024756314297566393 0.9991203797257272 0.033846590952694655 0.006795264417891331 -0.7012087297844126 -0.006776658599185702 0.7129238347624245 5.103521214645719
0.6763894165572208 -0.04424621366651373 0.7352140026859932 3.2955632775727883 0.026006910216175703 0.9990062690769292 0.036195510301719656 0.013151908439892526 -0.7360849120790278 -0.005361615537441251 0.6768679747841808 5.435812836238063
0.6531996437603759 -0.04851320974031442 0.755629997996381 3.754141250884779 0.029293040446662463 0.9988173758160277 0.03880422076752389 0.020907726255833883 -0.7566188889875196 -0.0032122030877261253 0.6538482534798231 5.800961207836004
0.6281228595913664 -0.05257481618336254 0.7763359852293661 4.13493042521597 0.03313699203297995 0.9986169841913006 0.04081738163672482 0.021333646755569646 -0.7774082666255686 8.710888276942247e-05 0.6289963270117495 6.072379783526523
0.5934831272056482 -0.053967909974716885 0.803035019420178 4.528893193298789 0.034811019797060125 0.9985368941508295 0.04137951087560435 0.036167198489799435 -0.8040932599039078 0.003396426442074576 0.5944934765533854 6.33401716220037
0.5608511475326511 -0.05486485738184023 0.8260967484113341 4.974985380004071 0.03674963329432587 0.9984681151670503 0.04136287523239867 0.048372215257155904 -0.827100631582422 0.0071603365304108435 0.5620082515557314 6.600776215477763
0.5315272820873688 -0.056245902563550096 0.8451716670840467 5.4859727922233015 0.036742460175739955 0.9983847344474432 0.043334900975342476 0.0649591867047205 -0.8462439010220689 0.008020004184550282 0.5327353372133586 6.898495924502871
0.5037566424611813 -0.05701136579322799 0.8619622667765848 6.040986651495301 0.037067788177007704 0.9983273659628944 0.04436721142075352 0.08496274703585426 -0.8630499546700076 0.009600757260763673 0.5050273271854879 7.202867914187818
0.47751957430173275 -0.05713798085223836 0.8767612601517139 6.637157500015419 0.03694377144020534 0.9983064358214789 0.044937934411687995 0.10814108606951608 -0.8778440715243601 0.010932124292402888 0.47882175676131267 7.517502078163853
0.4679889778950595 -0.057300217344932174 0.8818747085958193 7.227044999716476 0.039431274809681206 0.9982558389668041 0.04393693816784811 0.1349628449611935 -0.8828541731994141 0.014211441197339615 0.46943215037263225 7.8252935884530395
0.45965095016038565 -0.059960154183839674 0.8860732384667223 7.895137214301014 0.041175888098303075 0.998084147868912 0.04617986587360434 0.15975729131821986 -0.887144605042476 0.01525823328692537 0.461239239506995 8.171826017456903
0.4506467876241029 -0.06052866325092645 0.8906479403945943 8.52929731002389 0.043792952234688313 0.9979963945120645 0.04566589400734697 0.18851399805171737 -0.8916275288138243 0.018424914273230314 0.45239459810587607 8.488537574635039
0.4340422961273596 -0.0613466204259398 0.8988013558817128 9.265477887737848 0.04526970258267039 0.9979036247913007 0.046249428714955305 0.2162475349875131 -0.89975437714999 0.020614261827648188 0.4359095238793655 8.838653613843027
0.42701828583720036 -0.06092794248287596 0.9021879900472309 9.974125551581515 0.04531642873098832 0.997915619032199 0.04594386334051856 0.24289571048755138 -0.9031067516344502 0.02126506798452212 0.4288892538125493 9.177047880458346
0.420515860366618 -0.06191133595162076 0.9051703694116422 10.603561063065497 0.0452768612989301 0.9978580043195819 0.0472166183272262 0.2627085500485972 -0.9061547423100762 0.021127936388276487 0.4224182681808783 9.473633449022191
0.4131904837791383 -0.06186079573283615 0.908541064600639 11.292600420459873 0.04650791535139655 0.9978215453493402 0.04678864655364945 0.2889230853863072 -0.9094562320002154 0.022921727420840685 0.41516738369965395 9.787907864577553
0.40983593735043367 -0.06387921628282331 0.9099197493093463 12.011964809378274 0.047712054076525935 0.9976805210162187 0.048550364371494056 0.31073288315762887 -0.9109105688001924 0.02351645619345008 0.41193314012860327 10.108402694879771
0.40321113324137275 -0.06626450714550491 0.9127046604038852 12.738163001115424 0.048466553357314146 0.9975213620376868 0.051011032964849115 0.3337834578114465 -0.9138226169426268 0.023667432713364356 0.40542333109095713 10.42756904248606
0.38486007481794776 -0.06755701482237268 0.9204991974789621 13.471482643875026 0.04786222772108087 0.9974366013691665 0.05319241869573062 0.357835408694129 -0.9217331121147264 0.023585503967823784 0.3871069542566818 10.734252976276446
0.37413619359120903 -0.07066142027881202 0.9246778208269422 14.253743971767065 0.048621629753903176 0.9972161777369795 0.05653169004835476 0.3864953858271163 -0.9260982916327811 0.02380879131392412 0.3765303383407694 11.046198282487447
0.3680931517676771 -0.07024758333897532 0.9271314408738232 15.026735144182492 0.05015744593542025 0.9971901433149011 0.05564214852827249 0.42091826227996376 -0.928435060862618 0.02602105129776002 0.37058230212786214 11.361125616433426
0.35329146888041363 -0.06956404113338498 0.9329233527988849 15.742898287891034 0.0511692964687242 0.9971755945920946 0.05497760133726223 0.4476851030873924 -0.9341128631569184 0.028313914089999153 0.35585317358945756 11.625776267110252
0.34210448621242423 -0.06911374968583532 0.9371167537279959 16.44140314630765 0.05271741567111906 0.9971323554601057 0.05429493327687382 0.4686116054005269 -0.9381819624136312 0.030827833186025694 0.34476695042124167 11.875645573641085
0.32633939873325585 -0.07042549695092351 0.9426255068762105 17.22766867768243 0.05321930955063106 0.9970077984405541 0.05606384699317325 0.4908043486571814 -0.9437533056500366 0.03187003652234015 0.3291109217979457 12.148719326193563
0.30244227201249757 -0.07085608116581603 0.9505304244797966 18.049300231963677 0.05494878849447159 0.9968707816058076 0.05682671399629406 0.5185724471805767 -0.9515825254505826 0.035043694760257066 0.30538931990926216 12.409061457140071
0.2731082284160546 -0.07152237100212352 0.9593208253851674 18.867513177903966 0.05597843860312604 0.9967240488449816 0.058374522401667725 0.5470240229329558 -0.9603532214674976 0.037758719526771026 0.27621724985362234 12.636468460214378
0.23672247766824528 -0.07193619173351985 0.9689105494757942 19.69525708548827 0.0573369344063439 0.9965514964183046 0.059979921134663786 0.5780363269576306 -0.9698839850824891 0.04135576507956468 0.2400307400630055 12.83992421292936
0.19857346789978836 -0.0719794790588486 0.9774392730193873 20.55472881413417 0.05802397485323929 0.9964135880302034 0.06158879712258129 0.61187768029543 -0.9783669026436259 0.04448501076983795 0.2020378371204885 13.026582649673172
0.15728777673855415 -0.07404194373115962 0.9847732459084955 21.3351548796579 0.05906380374146213 0.9961056230252348 0.06546033046890792 0.6412576436863235 -0.9857849777594667 0.047868343882156446 0.16104843767558513 13.149729171131899
0.1281151231533686 -0.07416003400773806 0.9889827119699154 22.143774209897536 0.05826046239500029 0.9960409908210792 0.0671421114181262 0.6855869240874551 -0.9900465816015519 0.04901667022691821 0.13192851207736556 13.259522140876973
0.09892254513465781 -0.07124212206120786 0.9925416314232355 22.944730291409545 0.0566064537178241 0.9962216484565349 0.06586453176054999 0.7288849050624046 -0.9934837892293834 0.049668774806316894 0.10258154486878213 13.346854447184493
0.06954986477670677 -0.07030976044778701 0.9950976604812801 23.780548239389283 0.05910240596398135 0.9960513687884547 0.06624633079586444 0.7725724155651341 -0.9958261504493698 0.05420524255476734 0.07343071401510604 13.411352045065517
0.03972522985231475 -0.06701415390290685 0.9969608865396166 24.668265489309984 0.06318286713730806 0.9959202471587376 0.0644265985411921 0.8153446765757171 -0.9972110265202095 0.06043148579967379 0.04379730711532148 13.445329723624532
0.008358681877293217 -0.06172426766200015 0.9980582383903577 25.516383126661783 0.06357281705462953 0.9961068264644835 0.0610711650666188 0.8573933201259147 -0.9979421974087542 0.0629388993583885 0.012250125654124033 13.458144932527878
-0.022720682657014046 -0.058273741017174925 0.9980420540675943 26.33305919241591 0.06756556850334114 0.9959278005596794 0.05968844130298538 0.8958020580025294 -0.9974560965438128 0.06878944090645626 -0.018690861065172537 13.444830786435698
-0.04748123544845362 -0.05539639403265923 0.9973348343502633 27.109824063661122 0.07149964253506916 0.9957112614724986 0.05871017709225081 0.9308131069144362 -0.9963098581252954 0.07409671588555379 -0.04331677847358539 13.410241398806791
-0.06636646851535732 -0.05347528914200628 0.996361322667625 27.919797214071966 0.07594126706991758 0.9953958005216403 0.05848182845720865 0.9653510333264921 -0.9949012090718433 0.07954617372986429 -0.06199992284126421 13.35585284573284
-0.08886676059548165 -0.04935621686621742 0.9948199147171916 28.840243655244844 0.07735208078577824 0.9954132182698607 0.05629547487808345 1.0112831102288111 -0.9930354245742575 0.0819541868991048 -0.08464134208724966 13.287330685338025
-0.11373141177601037 -0.04439806513064478 0.9925190062603794 29.641242278814204 0.07962092279379002 0.9953804379928559 0.05364971868161256 1.047540250072408 -0.9903159468719572 0.08512693741587243 -0.10967100755119036 13.198071187340153
-0.1304351473857298 -0.03671465249878056 0.9907768197825164 30.465143756536495 0.0785269143964762 0.995792169934884 0.04723852253980919 1.0823834218884651 -0.9883421452320202 0.08396421016283871 -0.1270032100771442 13.100401375611046
-0.14977349142584845 -0.031132971272724515 0.9882300538669336 31.292530908618932 0.07772313364368968 0.9960403883918416 0.04315853552698444 1.1202928015152196 -0.9856607001208458 0.08327234109811334 -0.1467606944836491 12.986835350199804
-0.17613104432831594 -0.027974036643327607 0.9839691603387245 32.111950765250874 0.0769493716528342 0.9961460094917742 0.04209420358966384 1.1552050281704591 -0.9813544973280811 0.08312990465224795 -0.1732996524129733 12.844703497879701
-0.207145491076833 -0.026345150669960852 0.9779553561194473 32.86489365129841 0.07803833975322969 0.9960069429868618 0.04336112372305481 1.187079326776714 -0.9751926799638609 0.08530007361159564 -0.20426241550211632 12.686591859671708
-0.22925341936695687 -0.02515024807866594 0.973041794955458 33.59959478033126 0.07940429413594774 0.9958510669133405 0.04444784134615727 1.2136369779811016 -0.9701225838940819 0.0874535165053003 -0.22630522457408508 12.517237156011214
-0.24676751107417538 -0.026912784048443904 0.9687009329679717 34.32764794665914 0.0820525047840572 0.9954443821254881 0.048557888684204284 1.2379952074874294 -0.9655947296546927 0.09146684727029313 -0.2434350712479898 12.324892931245177
-0.2568624736013132 -0.02573002316352643 0.9661053956807297 35.043557405654894 0.08460568682078458 0.9952089816414729 0.0489995981384142 1.2637121878412005 -0.9627375277888559 0.09432416852613734 -0.2534549344930077 12.127467475506808
-0.26578360777275184 -0.022305724354365307 0.9637746253664945 35.77491417302655 0.09020244740269379 0.9947709516522676 0.047898561892880734 1.2915622397913817 -0.9598034133726885 0.09966548253968845 -0.2623817815098198 11.913418211480828
-0.2713049241027772 -0.020333689693683897 0.9622786390755163 36.49402727601419 0.08923053874086526 0.99493978662541 0.04618151086526828 1.3199496136419018 -0.9583483443475038 0.09839391268378811 -0.2681176772112832 11.710955803522474
-0.27921107210906954 -0.01672388267244173 0.9600841051491595 37.23063089305872 0.09087863232652424 0.9949000804704164 0.043759616844982224 1.3534082890937589 -0.955919584169173 0.09946929992876008 -0.27626727452508365 11.499863707181905
-0.28917114497680896 -0.01638402405428832 0.9571371963666389 37.96116596357574 0.0914400135729902 0.9948088616880539 0.044654816366096584 1.3762890683786062 -0.9529001903822734 0.10043352260429253 -0.28617186218550617 11.283223586804931
-0.2960938449925414 -0.014906024093040031 0.9550425359130715 38.68845153045769 0.09493061568657679 0.9944684077929828 0.04495290988419895 1.4051000385050203 -0.9504296992218312 0.1039730558723132 -0.29304093654244373 11.054469467041569
-0.3051630256728313 -0.014013367114023324 0.9521970139127358 39.42403072528746 0.09474352684406984 0.9944841468156962 0.04499939836713552 1.4350972137584121 -0.9475754280706894 0.10394665590765656 -0.3021521154025986 10.820229430044598
-0.3103920236384939 -0.012072645974710562 0.9505319788838092 40.244779388563266 0.09517369164265652 0.9945005962773916 0.04370963764458925 1.4645865581633115 -0.9458323107616432 0.10403276033578109 -0.30753605430292025 10.553448630818803
-0.30864495394862873 -0.009034128833698897 0.9511344157995046 41.04093163149771 0.09365609061808641 0.9948071517388544 0.03984052634397531 1.4952945392381143 -0.9465552435500982 0.10137610845482448 -0.3061961063475008 10.3038272772717
-0.3061184811399212 -0.009131987786091672 0.9519496217256788 41.82443221445558 0.09410069942418353 0.9947667082411895 0.0398026951709039 1.5234850322831528 -0.947331269341653 0.10176346581196566 -0.3036571473775476 10.059518189360867
-0.30023796431459965 -0.009959230439656373 0.953812339254046 42.633849379127824 0.09138410204735437 0.9950456289430776 0.03915535996864993 1.5456436878031459 -0.9494767562595855 0.09891920971341031 -0.2978403587031993 9.813380209189075
-0.29111042312645213 -0.007758711077327299 0.956657997379187 43.499697443656416 0.09288163917746123 0.9950140048366212 0.036333610922894576 1.5677790745881472 -0.9521700072207934 0.09943305577828201 -0.288938306161968 9.554293066273853
-0.28565554134669174 -0.006592666792832914 0.9583096829535258 44.260635650449764 0.09303088445664207 0.9950626747653277 0.03457640562705595 1.5885755717858314 -0.9538061470944414 0.0990293392557502 -0.28363184541131164 9.330136145438507
-0.279140101223509 -0.005491299624933381 0.9602346846044246 45.0856660396172 0.09236622856392326 0.9951931941241403 0.03254206800233456 1.6097401380440681 -0.9557977211260794 0.09777705250937302 -0.27729111830849024 9.09588133199761
-0.27549114339525266 -0.004819130995827474 0.9612915301235215 45.971252203169094 0.09401591480016258 0.9950584712781951 0.03193190413661568 1.6333569032437583 -0.9566951644463689 0.09917365937559477 -0.2736767209884476 8.845229719509842
-0.27468333789074656 -0.0038175345732391064 0.9615271656666702 46.86206972555083 0.09490102214460827 0.9950020090815643 0.03106119636394082 1.6524124252823125 -0.9568400388158445 0.09978190393770227 -0.27294818512945024 8.599232936390528
-0.27227866802956696 -0.004083824331278747 0.9622097740694991 47.826064400715644 0.09545501665643877 0.9949436088813755 0.031233874899284274 1.6733333085230642 -0.957472018771914 0.10035206786577144 -0.27051209907118706 8.33105553912469
-0.27292088805160053 -0.002576327063510832 0.9620330303082049 48.77851630849855 0.09904656177529564 0.9946071898172488 0.030762258765043612 1.6918449009845722 -0.9569242224260069 0.10368172694692533 -0.27119390116978104 8.06034713975447
-0.27556226558302027 -0.0026012146351876986 0.9612797051166612 49.72295568841696 0.10067475252573946 0.9944190061722662 0.03155050502359876 1.7104534411517325 -0.9559968786510941 0.10547072506522698 -0.2737624776399811 7.789315602441233
-0.27817864019976024 -0.0029670388731901573 0.9605247736612196 50.714815686018355 0.10209821418876172 0.9942386976326292 0.03263995694297142 1.7305411038362006 -0.9550877440298761 0.1071476029134496 -0.2762730395710441 7.497712176217001
-0.27915905345157416 -0.0024115133003983075 0.9602418484317499 51.67459476553161 0.1066438935025918 0.993732814335039 0.03349886106080442 1.7540344602846958 -0.9543046174333589 0.11175543976632736 -0.2771523386659506 7.215689184851593
-0.2803461393778053 -0.004897551400319632 0.9598864808539819 52.72828378294742 0.10698816627468258 0.9935968143396836 0.036316701546443925 1.777347246598991 -0.9539180124167598 0.11287774149190724 -0.27802705095466007 6.911613455849184
-0.2794871597034728 -0.006219585756306802 0.9601292852079379 53.79110728443785 0.1053325126771045 0.9937448019605846 0.03709892652687672 1.7938535903359598 -0.9543542263405205 0.111501503708869 -0.2770837875745312 6.604819543305042
-0.28273593960323046 -0.004251863683444407 0.9591883600794454 54.79507717687396 0.10912298946398494 0.9933553634521652 0.036569045260437624 1.8219489917355498 -0.9529703886412849 0.11500888468302921 -0.2803932859696256 6.311679538718091
-0.28361070967944463 -0.0029521924776231695 0.9589349560396144 55.82233503826772 0.11093604727288692 0.9931800982713854 0.0358676151020579 1.8458246762369401 -0.9525010019787853 0.11655289338843819 -0.2813490079459919 6.008425375772853
-0.2822966892168228 -0.0007740345340143048 0.9593268369683821 56.73120875193954 0.11449851294074628 0.9928243820870548 0.03449401205739399 1.8630390917837896 -0.9524697736892118 0.11957904165863698 -0.28018241023380397 5.739207295134903
-0.2844723541103366 -0.0008465858982175042 0.9586838702300361 57.729527086724644 0.11743106447392276 0.9924383537600598 0.03572196918626122 1.8808823391259843 -0.9514648836627894 0.12274118004296578 -0.2822218593203149 5.443800206301226
-0.2844526801244858 -0.0010542924908753387 0.9586895019960012 58.6822845496947 0.11914030838585304 0.9922084564954425 0.03644126475104087 1.891092902527276 -0.9512582507856219 0.12458437833964298 -0.28211074595981606 5.156748889912413
-0.28306609182715176 -0.0009263660700470563 0.9590999580354528 59.58561658743828 0.12084134714294484 0.9919960336015787 0.036622918226353364 1.9016524745759344 -0.9514572804274405 0.12626563730738516 -0.28068849701578286 4.888960064534589
-0.2824371896605141 -0.0009861599004989882 0.9592852867553644 60.55975104753236 0.12137559493293534 0.991925897038236 0.03675567629043449 1.9200161558893023 -0.9515761655544696 0.12681499230588572 -0.2800370669663418 4.602250454713229
-0.28165463522612355 -0.001011486428274616 0.959515316892255 61.53973596132481 0.12214043901696382 0.9918267069469504 0.03689846261717812 1.9376108003542079 -0.9517102393125665 0.12758824507756727 -0.27922904595626163 4.319772223813682
-0.2802177209875508 0.0028293471732591044 0.9599323015916886 62.48573265981545 0.1238852090787129 0.9917396374609393 0.03324073495530378 1.955755546277303 -0.9519088631881033 0.12823605687722286 -0.27825353528843977 4.0440983329185425
-0.2808710134333095 0.0031663166666884845 0.9597403025046475 63.55204262091188 0.12218281792754848 0.9919758641329872 0.03248451909597715 1.975851770451264 -0.9519363596460791 0.12638773443803641 -0.2790041357532021 3.7455305903770286
-0.28181687890566953 0.004374699305727224 0.9594582371160569 64.52714426965977 0.12154928448655689 0.9920955948072365 0.031178553604706866 1.993871226617234 -0.9517378936475489 0.12540810488186155 -0.2801210256750942 3.463484187493566
-0.28422955211664547 0.0029053474750234953 0.9587518556225174 65.58758827752142 0.12293796915366356 0.9918507968744281 0.033440282294483224 2.013651376188421 -0.9508416363643022 0.1273717225117539 -0.28227048528042176 3.149231566272341
-0.28736504966125315 0.0022645446964228433 0.9578184588274041 66.56716076067343 0.1239337471459262 0.9916787466962047 0.0348380491620083 2.0281461111638546 -0.9497693164929868 0.1287172684155579 -0.2852544658021711 2.8511806848932255
-0.2907859407071958 0.002688551132421467 0.9567843583482327 67.49144381470063 0.1256114896604144 0.9914480869520435 0.03538989325251894 2.043360132064394 -0.9485068741724134 0.13047399193686626 -0.28863687753947126 2.571343301498447
-0.2953070812774683 0.00205716251158089 0.9554001757534817 68.39946694556255 0.1276266847135617 0.9911201068121298 0.0373143835770785 2.058255998518921 -0.9468395624900808 0.132953758709986 -0.29294733476937274 2.2933324754659736
-0.2962287463022153 0.0025347321003564294 0.9551136607741496 69.36682623636912 0.1282264859148914 0.9910492595978896 0.03713937749065203 2.0818953654525543 -0.9464705479697381 0.13347261960287743 -0.29390229948438584 1.995676773982591
-0.2995009037984351 0.0034857166728919572 0.9540896490389135 70.39868970850826 0.12727479188420446 0.9912018574298399 0.03633187551541975 2.1018637407718095 -0.9455687896577134 0.13231299107386182 -0.2973094960110343 1.6802024221910177
-0.3022857585028662 0.005380372149046887 0.95320216732962 71.35774133637412 0.12867031367599568 0.9910621356084317 0.03521070493153985 2.125179906780022 -0.9444931289241167 0.13329251651459223 -0.30027626355797654 1.3771432646340422
-0.303225322233852 0.005704173084615405 0.9529018136017992 72.30658822058156 0.1304028346028555 0.9908230198639494 0.03556464586108465 2.142555464808677 -0.9439541856910839 0.13504519879323665 -0.30118646981426356 1.0718009159770516
-0.3053946704944542 0.003663848822492488 0.95221881489781 73.19211727208904 0.13168958984077134 0.9905460340389234 0.03842403385030848 2.15630214905727 -0.9430757907830914 0.13713180032934066 -0.30298997042357795 0.7874580147849294
-0.3045979445011296 0.002328859941586589 0.952478172252288 74.03853751336874 0.136294602501089 0.9898126712250743 0.04116621444040146 2.1662106750584877 -0.9426790936128567 0.14235677817952835 -0.30181231613634935 0.5090761095509724
-0.30628871083851616 0.00020296964933885775 0.9519386453003164 74.94487085404218 0.13979517189109836 0.9891678760114455 0.04476854903773474 2.1877809869108855 -0.941618041208227 0.14678852772041567 -0.30299932772343685 0.21181013682996175
-0.30929209041260836 0.0013192865701452255 0.9509661730530403 75.7950196141083 0.14118789332832377 0.9889800113997809 0.044547904880024546 2.206087743869663 -0.9404277652141653 0.14804322522370172 -0.30606996239365863 -0.06651523282095351
-0.3058663295726447 0.004561979729576102 0.952063536101822 76.65522680877066 0.14280274713639823 0.9888958151548498 0.041139302127324265 2.226502389496981 -0.9413039699502262 0.14854041574659838 -0.30312139654892634 -0.34388958011500603
-0.3024667532436045 0.00832444643382306 0.9531235842081778 77.62199650784859 0.14839365406103328 0.9881801831155566 0.03846100794467145 2.2494288863421303 -0.9415376713741661 0.1530706676319017 -0.30012694663098327 -0.6587055911986268
-0.300101784624008 0.005560738014226865 0.9538909775536313 78.55627816624177 0.14833712465409082 0.9880903992614354 0.04090794955425288 2.271781591941275 -0.9423030384726783 0.15377399351032578 -0.29735255607619054 -0.9399851601249815
-0.29746611323057126 0.004388178727298159 0.9547222922750649 79.37841655663827 0.14755469265855423 0.9881857065578973 0.04143213763624747 2.2930825738542278 -0.9432611113334084 0.15319841135640616 -0.2945992576432209 -1.1930129673081025
-0.29429257676099907 0.0030534889000625454 0.9557104977287363 80.24276301457955 0.14984488588071207 0.9877746313418888 0.04298590295425141 2.316722929960557 -0.9438953275860453 0.1558587626119659 -0.2911522912125183 -1.4599776733847558
-0.29028327964406553 0.0013040695651477668 0.9569398711317522 81.13853703997532 0.1506822187278814 0.987586350782842 0.04436292040288253 2.3451653301869095 -0.9450029029152917 0.1570716370004427 -0.2868763049324099 -1.7293384840062915
-0.2854116116122484 -0.001077675501997541 0.9584044295454875 82.03563947827297 0.15169937999068195 0.9873423395420693 0.046286095731179415 2.3651195109752585 -0.9463231530863766 0.15859994692024842 -0.28163548563622565 -1.997394314338314
-0.28040980115581887 -0.001754378627147099 0.9598787764980464 82.99977011280397 0.1515519695939367 0.9873747300541382 0.04607757548652357 2.3959040775689733 -0.9478408853430794 0.1583921229296154 -0.27660367218440357 -2.2692322596158423
-0.2763278881106181 -0.004389173140624522 0.9610533977940391 83.88735841712337 0.15177729020681163 0.9872412860791191 0.0481486992381369 2.412399604451218 -0.9490029254063462 0.15917090883697593 -0.27213612283232086 -2.5189558075809444
-0.2740308604057712 -0.004977347727184056 0.9617080188679282 84.85080934626805 0.15590639761573774 0.9865292532723634 0.04953006784122717 2.437172467731234 -0.9489996220904181 0.16350919988635432 -0.2695634597358626 -2.7867142118920993
-0.2702165502692078 -0.00472473402292399 0.9627879791776699 85.7613825258272 0.15915759160575593 0.9860110670303097 0.04950794610974721 2.4704319086834734 -0.9495535145503196 0.1666128824015804 -0.26568453177212464 -3.040119893695169
-0.2645364811451147 -0.006130245932256445 0.9643561946854339 86.67451122973443 0.16377131892229257 0.9851694332889489 0.05118733057685434 2.498892853577783 -0.9503680367319879 0.17147480222452943 -0.25960929675234173 -3.2873118112612323
-0.2553626314829781 -0.008322704055729907 0.9668095257284601 87.59901138850192 0.1680018883709676 0.9843690604086888 0.05284806915966261 2.527694220813493 -0.9521372232750267 0.1759212480268267 -0.249972843618674 -3.5301974838253214
-0.24778140564079615 -0.007369993617400594 0.9687879325284511 88.50213590217784 0.16886913563783057 0.984334728255118 0.05067896782547095 2.5549910068359565 -0.9539851099716407 0.17615568666666032 -0.24265527813627746 -3.753917466233033
-0.23521873888730926 -0.008440928996074987 0.9719058059266581 89.44441924632677 0.17146435819749664 0.983918543055643 0.05004272673607371 2.5861636325036432 -0.9566985516578272 0.17841819231497666 -0.2299887603924844 -3.974163295463332
-0.2241847311610835 -0.010706064479269334 0.9744878585685912 90.33412152131466 0.173318769062527 0.9835610319902673 0.05067840408784416 2.609406414555746 -0.9590108500975802 0.1802583605095922 -0.21864380362020486 -4.174092747780429
-0.2123817204109369 -0.01127981518867395 0.9771216764582601 91.1676247484333 0.1724119780485655 0.9838137969750527 0.048831574896897115 2.628435852575864 -0.9618565977632384 0.1788384149192775 -0.20699929151687618 -4.353142921492168
-0.19419497301080357 -0.009955087379247302 0.9809124368120761 92.00642518065656 0.17678425763028835 0.9832214298263051 0.04497717403777847 2.6576416629848065 -0.9649018803543921 0.18214421804050857 -0.189176756296778 -4.519871932675162
-0.17658913776764945 -0.008420137664174682 0.9842486361200583 92.85603606538824 0.17781476345038377 0.9832378545703697 0.040314156805529036 2.675385674102545 -0.9680899680926162 0.18213298059816918 -0.17213190017212027 -4.667259475038879
-0.15848436754380651 -0.008925570687957587 0.987321143008765 93.65456002259026 0.1808283285701262 0.9827837345083863 0.03791103760495214 2.6898300007627407 -0.9706615377312393 0.18454393886997178 -0.15414186256686396 -4.792979355145588
-0.14411245628160635 -0.005656829740501149 0.9895451481472533 94.5344330328522 0.18506802816640244 0.9821859322942581 0.03256715145448033 2.701972442458923 -0.9721015507111805 0.18782650153944297 -0.14049832890241737 -4.919790766514805
-0.12654302906294146 -0.003073855341365714 0.9919563565041136 95.43050636773182 0.18673152137630816 0.9820436076220241 0.02686431933270436 2.7135573425088046 -0.9742269759763713 0.18862901193098716 -0.12369678709600573 -5.035609911115228
-0.1084893299313277 -0.0027120932780954343 0.9940939139945997 96.35572963641336 0.1894434659004454 0.9816138866488693 0.0233527464279389 2.7228433859822765 -0.9758797254368381 0.1908581203096995 -0.10598084446337436 -5.141332072656987
-0.09150843235476985 -0.0075960772193588155 0.9957753292881132 97.26391948626879 0.18531675446314788 0.9823727817190271 0.02452383030576656 2.724994393986674 -0.978408865108661 0.1867779894647606 -0.08848771286615958 -5.217321142845049
-0.07844609400903235 -0.008155080751430191 0.9968850008865937 98.15715918442388 0.18856356893823678 0.9817946561132237 0.022869929969110997 2.728430977343297 -0.9789228727555614 0.18977025026451028 -0.07548020475955441 -5.289342931252624
-0.0708250730268245 -0.005984107455349066 0.997470801321376 99.08944068644193 0.18817565119571983 0.9819466749319871 0.019252321602380024 2.729957924192495 -0.9795783446605033 0.18906326467079085 -0.06842038164327002 -5.351262705415913
-0.065251916158645 -0.0025378730036409725 0.9978655954777893 100.01240731007852 0.18841524870521015 0.9819776547615331 0.014818218664649538 2.730535762632127 -0.9799193239716111 0.18898001150824645 -0.0635977496249992 -5.405877151029562
-0.05660609552893442 -0.002792032634508515 0.9983926855214521 100.95588864346067 0.18817718972276892 0.9820434671333538 0.01341543621141432 2.7306997442379406 -0.9805024707857753 0.18863412526494067 -0.055064249459340464 -5.4510007558951665
-0.05138775052781147 -0.005879271938974279 0.9986614707983676 101.86728237988868 0.18725019060879117 0.9821912566179993 0.015417572445967032 2.7355868202914473 -0.9809672090404769 0.1877918251272479 -0.049371704474469646 -5.490256416629378
-0.04998658503272985 -0.006556153212589275 0.9987283705651996 102.77830240414694 0.18377207236508614 0.9828442968161766 0.015649716756438545 2.737908316314646 -0.9816970850193084 0.18432065828595628 -0.047924192154114864 -5.525750407884864
-0.04532959752547733 -0.004054040135309883 0.9989638593796873 103.6564517355448 0.1823295229479464 0.9831610010408667 0.012263404661647076 2.7375776948703656 -0.9821920243260748 0.1826964991205423 -0.0438271212760451 -5.556491109037634
-0.039793522001137505 -0.00790105649564804 0.9991766855331431 104.55692791705582 0.18136939972831348 0.9833006545011802 0.01499878994258834 2.736558902429267 -0.9826095951337622 0.18181693035524282 -0.037695986354790434 -5.588949675853525
-0.035266279401109046 -0.008957999693288352 0.999337802636675 105.41390648679703 0.18179622693080694 0.9832182913827219 0.01522903030936805 2.7359698532801233 -0.9827036284714357 0.18221291318656901 -0.033045920431097 -5.619020868199827
-0.027497128532755932 -0.009787683925015583 0.9995739638295092 106.26519033530582 0.1794787421805457 0.9836539655059535 0.0145690510913309 2.72970223381708 -0.9833774906045706 0.17980288481500123 -0.02529097832154964 -5.641402866473308
-0.023683409812023437 -0.009072220845020823 0.9996783437229273 107.1479662465463 0.17319019327067153 0.9848020655424314 0.01304027063479088 2.7285448739415714 -0.984603601991453 0.173443323631382 -0.021752251220425234 -5.651413341994804
-0.019710561878687194 -0.009251116735539314 0.9997629271930281 108.01270062029833 0.17194231282542632 0.9850276517900582 0.012504649903406967 2.7245398326825176 -0.9849098104956969 0.17214802365437995 -0.01782479007509935 -5.666671609361963
-0.01626141616000759 -0.008833310662491503 0.9998287548211501 108.91558821353446 0.17074074716537485 0.9852490919794967 0.011481463799841232 2.72024291463622 -0.9851817921591329 0.17089821349656475 -0.014513339443490592 -5.679149285628295
-0.0077456019773371465 -0.010510087244790814 0.9999147682258303 109.7997735915512 0.16807357389910482 0.9857054609560689 0.011662675429164451 2.71551419417733 -0.9857440232670909 0.1681495831320755 -0.005868414242229947 -5.6792399990992
-0.0025803370823408445 -0.01158227041014899 0.9999295939578386 110.72896799033933 0.169748422058821 0.9854161550267359 0.01185219898857788 2.7140491643357034 -0.9854840511490189 0.16976705341281817 -0.0005766337203718663 -5.678084424493591
0.003976763436282782 -0.012840655493292732 0.9999096473777394 111.5800840575107 0.1666509364457951 0.9859429502883787 0.011998506506539872 2.709029815477021 -0.9860079364459051 0.16658816387471975 0.006060769137502697 -5.667472302355709
0.012074640219514599 -0.010893776221188395 0.9998677556073163 112.43362210494053 0.16150090624359692 0.9868333151743889 0.008801439906181416 2.704856961719142 -0.9867986929187058 0.16137327443405203 0.01367501196949844 -5.65011770361504
0.01806807371076602 -0.009344164763810878 0.9997930942436285 113.27385496996874 0.15909750566299552 0.9872424422563243 0.006351684782896355 2.696823951769442 -0.9870975273012265 0.1589498247644046 0.019324202523510303 -5.63383318269655
0.022022967548357475 -0.009166709163353368 0.9997154396844526 114.11178869724937 0.16010414681726187 0.9870846713744987 0.005523921561242762 2.689886404228053 -0.9868544224313335 0.1599369343854402 0.02320616183488239 -5.610789599875529
0.02457604723990381 -0.010853231454561602 0.9996390474911712 115.05360416888774 0.1619573340739783 0.9867747990703708 0.006731854074405491 2.679674748782372 -0.9864916826013852 0.16173343280417632 0.026008784509568672 -5.585297079129198
0.028339032875558445 -0.012462652449392972 0.9995206758789954 115.96518027161653 0.16423535642966908 0.9863915757424501 0.007642447431695315 2.674770050144937 -0.9860140196336449 0.163940054892794 0.030000191460224312 -5.559059102625383
0.03148984139132155 -0.011821323591728675 0.9994341630130968 116.8109772797758 0.1647008241363569 0.9863223044887033 0.006476897166003581 2.6712618616759674 -0.9858407723450854 0.16440367385382174 0.033006114667012254 -5.533154324982783
0.03640692802969375 -0.01302303425369411 0.9992521884740949 117.70808118660773 0.16692718759031897 0.9859459982278747 0.006767763413899827 2.6659916440266747 -0.9852968332612398 0.16655596403992012 0.03806916348050832 -5.505264474812961
0.04408287400951272 -0.013045295151624878 0.9989427013064707 118.54746721522596 0.16247923945779646 0.9866954104297632 0.005715223710192438 2.656140757255735 -0.9857267354415613 0.16205550688343945 0.045615959098478154 -5.4656056082923365
0.05255014183023199 -0.012526529156285549 0.9985397181188735 119.37962200251769 0.16281350229836608 0.986649509762599 0.0038089834028688235 2.645082008766407 -0.9852564367021222 0.16237558607290725 0.053888059758330886 -5.423452736431385
0.060657171281033706 -0.012622213386312364 0.9980788482386619 120.24461915680216 0.16643558146432896 0.9860495172840974 0.002355140426668831 2.6325249781124707 -0.9841848936022205 0.16597297729759808 0.06191175988579983 -5.370510849203618
0.06271989489018998 -0.013722269304752108 0.9979368287171746 121.08719425292884 0.16476012970090786 0.9863284500208013 0.0032075443104989665 2.614233071694833 -0.9843375002741201 0.16421902449074424 0.06412329958295043 -5.312222125348564
0.06378275318404658 -0.0112414052214478 0.9979004916347674 121.91647690557063 0.1611488039722882 0.9869297818881633 0.0008176799395243073 2.6027368861008027 -0.9848669064267335 0.16075831683253491 0.06476063769456175 -5.250774053861154
0.06609349350162536 -0.012857645852723962 0.9977305904200174 122.81448297512772 0.1605380271002626 0.9870274537064023 0.002085062256016512 2.5908701814068245 -0.9848142931393239 0.16003589151494127 0.06730023369582011 -5.188919404737576
0.06943070651633682 -0.014156686456660697 0.9974863233253928 123.66793869633884 0.16108871910466682 0.986935973946179 0.002794263431516897 2.5731949271419725 -0.9844946935204171 0.1604897864646681 0.070804144445542 -5.130525548699772
0.07153988286893598 -0.016588015126913727 0.9972997959055484 124.5797167330437 0.1640076737619684 0.9864481378295884 0.004642662999335162 2.5554476748097947 -0.9838615390929187 0.16323268400258242 0.07329094600990227 -5.069494233846952
0.07664490783290356 -0.01880386127702506 0.9968811227545442 125.49634276772997 0.16640995510124035 0.9860395676865579 0.0058049805951120165 2.538060339866071 -0.9830733873656072 0.1654460206761736 0.07870406149577203 -4.9982377570740555
