1.0 0.0 0.0 0.0 0.0 1.0 0.0 0.0 0.0 0.0 1.0 0.0
0.9998989840244729 0.0008560870641801217 0.014187630590255929 0.018171386793255806 -0.0008502392154455787 0.99999955109841 -0.00041820599583086455 0.0003367099561728537 -0.014187982242149193 0.00040610087044213347 0.9998992630470229 0.16678380966186523
0.9994403247985634 0.004317852403278165 0.03317217685298535 0.03503005939409541 -0.004350599530635714 0.9999901174161361 0.0009150703724355048 0.002711198246958669 -0.033167897887358855 -0.0010588770872872462 0.9994492329923756 0.38205964224154976
0.9984027906176517 0.004868941118226459 0.05628642020303749 0.07001628492998087 -0.005022656596579206 0.999984032781696 0.0025898073999428618 0.004389814501993649 -0.056272911845740695 -0.0028683782949958134 0.9984113039215644 0.5958183529051811
0.9964489158749249 0.003820357973511587 0.08411279876832767 0.12076165111378427 -0.004239435052081672 0.9999794728615247 0.004804273725185582 0.0033885850301275033 -0.08409271812782684 -0.005143804092454701 0.9964446577895495 0.846026174873767
0.9931938274028961 0.0010050094246432486 0.11646892789427984 0.18816764118412785 -0.00178339642750911 0.9999767665492434 0.006579198955997147 0.0027763601517465995 -0.11645960976222156 -0.006742130062274419 0.9931725444132327 1.1091013812850432
0.9884898573287021 -0.0013770477686835046 0.15128088345103363 0.26308921311285877 0.00026674989117500124 0.999972883946109 0.007359362540160839 -0.002890748436188232 -0.15128691550421014 -0.007234301068156361 0.9884634207118024 1.3424868106137746
0.9821085722332851 -0.0019707466251374936 0.18830525352107882 0.34424594901290967 0.00031280210427735286 0.9999609316906036 0.008833869327968563 -0.004261351279793285 -0.1883153060713383 -0.008616916513438742 0.9820708193654155 1.6165173262525534
0.9737452709853109 -0.0025608270228837634 0.22762598577206036 0.443054562309552 -5.097178844817884e-05 0.9999342452051883 0.011467461262517239 -0.007552662247439253 -0.22764038445675702 -0.011177988678175488 0.9736811120348852 1.914795598567905
0.9635200516403948 -0.006163283501451143 0.26756517715011385 0.559015271322393 0.0018794447086406727 0.9998659724118102 0.016263606628683196 -0.010796298493699164 -0.2676295532531455 -0.015167437142316614 0.9634024969222654 2.2002073699474485
0.9514686466219126 -0.013889033277156114 0.30743212137005543 0.7021194484940136 0.007477279508680589 0.9997294806992095 0.02202398038589191 -0.01928838090788329 -0.30765484684401695 -0.0186563709095616 0.9513151081728228 2.487535391076702
0.9368285735501216 -0.019712208788722617 0.34923294891048606 0.8554277240772242 0.011245731117372636 0.9995920410578064 0.02625423747749118 -0.02349227249215808 -0.34960800521681434 -0.02066834000490975 0.9366680641560069 2.756212388594514
0.9181474177680681 -0.02277623167643967 0.39558382489233584 1.0266843421007663 0.011637187644643129 0.9994659320011281 0.030535661657153025 -0.022436984198614573 -0.39606804353488617 -0.023432755700896687 0.9179221158958477 3.0471641050342786
0.8968535038569446 -0.026773114980601247 0.44151669609852495 1.2177806099619044 0.012440466720085003 0.9992984052475322 0.035326081830933054 -0.02083358820651997 -0.4421527195520889 -0.026189646503433875 0.8965573461908153 3.328693505334156
0.8738780850919838 -0.0337353835009556 0.48497321193650633 1.4225153773752393 0.016098837969708603 0.9990503796312159 0.04048661970020297 -0.023369872323242013 -0.4858785031383803 -0.027572864536845786 0.8735913331353741 3.5903112142551796
0.8476646102507979 -0.04082856442494926 0.5289591069783759 1.6422971003408708 0.020607345679607043 0.9988158125451322 0.04407164523646705 -0.026580022528242965 -0.5301321022466046 -0.02645753081460164 0.8475021847941103 3.830105715634632
0.8210965547142227 -0.04736034646304773 0.5688211014188327 1.8747047275937707 0.024130002006407865 0.9985410116705864 0.04830725633952831 -0.022738938314422023 -0.5702790464672576 -0.025939267429559924 0.8210413896787504 4.067238398770127
0.7903627999104978 -0.052561553230924554 0.610380150102861 2.118519869098916 0.02681642532835198 0.9983260193905886 0.05124488599217599 -0.01958493189798481 -0.6120518963701096 -0.024133837856728825 0.7904492608764069 4.2889160078842306
0.7573099317038784 -0.05671878786826051 0.6505879236855094 2.3832100408464068 0.028166475178998077 0.9981310777406652 0.054230999661162085 -0.008755673686078247 -0.6524479419989444 -0.02274490604538391 0.7574921466459759 4.517791518134815
0.7225342307525104 -0.05797487810631245 0.6888999919432691 2.675707031713301 0.02493435770233195 0.9980146137944848 0.05783691259583079 0.010326333009245741 -0.6908853473600741 -0.024611870331281715 0.7225452876062136 4.770950951246149
0.6877427884099828 -0.06023327805892875 0.7234513177846437 2.9740541362067576 0.023691335954317192 0.997883361017658 0.06056003966975587 0.021877602054394832 -0.7255677622322821 -0.02451020233246759 0.6877140920403334 4.990872447989304
0.6542470036830264 -0.062451754938002035 0.7536979743086392 3.296708427201666 0.023573023271384233 0.9977843910625308 0.062214319298867594 0.03636500618434056 -0.7559134677630959 -0.022936592099490498 0.654269624846846 5.21179515319679
0.6200080235426413 -0.06650654606958967 0.7817716610831076 3.6844006708547297 0.02449375011128959 0.9975559666335129 0.06543813597103434 0.05554577255955684 -0.7842130494631121 -0.02142364963705821 0.6201216979658069 5.470271126757192
0.5883091103973687 -0.06767769978373256 0.8057990565739326 4.096664518604505 0.022895602150504877 0.9974861316696992 0.06706122969932393 0.0796246213682618 -0.8083119336157438 -0.021003477773993938 0.5883797004450229 5.735578372631907
0.5563761924681611 -0.06890778909889123 0.828068384287273 4.526208488516653 0.023661440187238522 0.9974652394624501 0.06710612723427788 0.1032571548768989 -0.8305935640870917 -0.017742961016134942 0.5565963695816587 5.982591292183706
0.5240203502135617 -0.07026919866075876 0.8488020454037744 5.035331086398302 0.026441785948587995 0.9974525601821719 0.06625120483342122 0.13351227470253962 -0.8512951923498131 -0.012273137561589532 0.524543483017842 6.255885374880715
0.49334651108667404 -0.06980632346395761 0.8670272759279559 5.559285508703483 0.02884510049123197 0.9975392828721947 0.06390101176412197 0.16303238622454042 -0.8693544617566861 -0.006515852305957082 0.4941460952921414 6.5182858432240645
0.466663587766802 -0.0690455910863032 0.881735675927973 6.094889283717112 0.0301662141833304 0.9976106035624636 0.0621537060969233 0.19587170862157818 -0.8839202992207283 -0.0024062442270667353 0.46763138754178807 6.776322415626351
0.4433829371203981 -0.06908653335946668 0.8936658335076153 6.668491221081677 0.031521806992821456 0.9976102564443359 0.061482940080756755 0.23087905042101864 -0.8957778445320004 0.0009094753641025882 0.44450109797408344 7.03656577045775
0.42674848594048376 -0.07052314258044311 0.9016164462275982 7.267365826483905 0.03436581426661149 0.9974993981011914 0.06175711778859051 0.2673336284225821 -0.9037171684533263 0.00463002681845083 0.4281049430856445 7.302508716187164
0.4157517964433373 -0.07292693373718312 0.9065495607465872 7.882853384470626 0.037187670057734906 0.9973094754862135 0.06317346991491349 0.30355917742681754 -0.9087175143848691 0.007447982351344189 0.4173451887934964 7.569089831087317
0.4080531145566479 -0.07476372096294279 0.9098917747338938 8.484251442735081 0.03766833061321734 0.9971712899005732 0.06504241283071222 0.34113567642281045 -0.9121807674849504 0.0077333450590719895 0.4097150751495053 7.833707560898217
0.4015526818045017 -0.07678238597036179 0.9126115871170558 9.069580621200261 0.03745755188324522 0.997022463806047 0.06740280760498243 0.3778683239026146 -0.9150696014744054 0.007118417718754325 0.40323312436685393 8.08607854152208
0.39372928113527045 -0.07854396525681823 0.9158646726992145 9.711453560655922 0.037388130426718034 0.9968867018524212 0.0694192435351828 0.4179696515368658 -0.918465775562649 0.006910078982039859 0.3954400965109179 8.362272397403387
0.38582117542799177 -0.07904965913580708 0.9191807069243108 10.377694266438098 0.03626900543483977 0.9968517998196578 0.07050566247527013 0.4593204124748326 -0.9218603906428189 0.006135192484499716 0.3874735856507483 8.641454999468051
0.3796089092087527 -0.08031086418391929 0.9216546213975023 11.03246890797308 0.03730541739826668 0.9967435354483529 0.07148867305146628 0.5016357377968889 -0.9243946029061845 0.007244973150427013 0.38136875656242153 8.905000697663088
0.37071287890301297 -0.08109033620818626 0.92520069108766 11.752593613205605 0.03715477536099966 0.9966784556570272 0.0724677769563628 0.5471375954777108 -0.9280040323637144 0.007510885618008965 0.37249443286298856 9.190390394834681
0.36226319433401166 -0.0840154896772348 0.9282816251144975 12.46425474882723 0.036834188368341396 0.9964417257417844 0.07580982632865194 0.5931002567847626 -0.9313477441848258 0.006729390390613363 0.3640688049075437 9.463422857565252
0.3546530256704882 -0.08718441237079215 0.9309243307714801 13.19568281871825 0.03516091211570471 0.9961824941496227 0.07990086738596061 0.6411118909947141 -0.9343366318634627 0.004395064208499867 0.35636461913136586 9.740243270047372
0.3426192909709762 -0.09186606773250441 0.934972003352995 13.981726913819026 0.03651015319593584 0.9957578023952764 0.0844595032103514 0.6929792803706716 -0.9387646298024629 0.005198515970637398 0.34451987644190896 10.022153384918676
0.33313361077244474 -0.09466204647738266 0.938115714787055 14.741161446098832 0.037602304205833666 0.995489784523869 0.08709853975258487 0.7434063312192464 -0.9421295367899921 0.0062598614469100144 0.33519061747390877 10.284193927240132
0.3208913174167736 -0.0964163802286069 0.942195650610923 15.50002287075733 0.038799340712792604 0.9953080178180459 0.08863724289126676 0.7941517940969267 -0.9463209675193616 0.008113648422595356 0.32312659305989416 10.535484851443668
0.3082721475209649 -0.09552245979274604 0.946490223265912 16.272439690776988 0.03867691030684495 0.9953817253136144 0.08785964671456953 0.8506018513748697 -0.9505116409975887 0.009522635498427683 0.31054297567524425 10.78341771121602
0.29325151151750245 -0.09477338868934179 0.9513262089257497 17.027037906492794 0.03904637266083319 0.9954313493984555 0.08713098999094251 0.9018695249040772 -0.9552376310503745 0.01159454316087221 0.2956123048760982 11.008859066799415
0.27479407854771276 -0.09417719123504419 0.9568797578829807 17.816363485906372 0.03697156017747484 0.9954905067571509 0.08735991468880203 0.9575645935148714 -0.9607920264725126 0.01137135029226203 0.27703677420041883 11.238006817289286
0.2514443933825902 -0.0934282387738315 0.9633518989632404 18.625799157755768 0.034241445076695076 0.9955657310685349 0.08761505898550476 1.0137408082482955 -0.9672658582186808 0.010956245780089607 0.25352853922760915 11.452031183438557
0.22604159218710768 -0.09363733266677979 0.969606749426059 19.40455178621637 0.031634897179139095 0.9955498561069236 0.0887677716626335 1.0672419725524116 -0.9736038372366775 0.010608201380769365 0.2279978819670973 11.633738842893816
0.1946285759613815 -0.09451495743135506 0.9763127778744853 20.214190561446113 0.02900740939665139 0.9954660494718575 0.09058650312816316 1.1219081382443372 -0.9804480035266225 0.010689582341831531 0.19648777369092818 11.799609293669413
0.1621422799445726 -0.09528499922266273 0.9821561230158439 21.015865678729096 0.02834432763084397 0.9953659286358313 0.09188725266371252 1.179368773370504 -0.9863602182496675 0.012939746290663232 0.1640916902844322 11.928935319880512
0.12712783484695667 -0.09548981400073672 0.9872791950756532 21.844979532961624 0.027836568963681356 0.9953065882526368 0.09268182566839127 1.241729109360338 -0.9914956575978813 0.015700025573245555 0.1291892803662298 12.035623815425263
0.0938521841274974 -0.09437733171529955 0.991102762983132 22.70120024245195 0.02454637570499564 0.9954134789112598 0.09246340595896409 1.3095063749411755 -0.9952834987953169 0.015650088181326974 0.0957383505480911 12.122453944620652
0.06475051647204233 -0.0924835404087332 0.9936066451921858 23.522255973513232 0.02189564266181221 0.9955880893389382 0.09124109380574474 1.3756472882266766 -0.997661240827281 0.015847748102134095 0.06648982953099891 12.180482857639904
0.03248092363699073 -0.08925260433897285 0.9954792625757699 24.365400783035113 0.0243926907112616 0.9957789179721794 0.08848357566249533 1.4413072514328855 -0.9991746525205455 0.021408389497264133 0.034520930166794805 12.209004226289874
0.0011240088487071698 -0.08607406408003578 0.9962881069735069 25.199578537816944 0.026639443298992992 0.9959377373539923 0.08601373945440408 1.502931989772936 -0.9996444751334485 0.02644388033092466 0.0034124079791212902 12.206567512593358
-0.030831255869636365 -0.08206532355882534 0.996149946710176 26.039440113666473 0.030266306377678458 0.9960900684918723 0.08299714543349926 1.56421439217481 -0.9990662562411732 0.0327086857125479 -0.02822689354506175 12.17789786784021
-0.061031599006423465 -0.07954480482710681 0.9949611891665607 26.880210032835564 0.033354171496594184 0.9961001844623274 0.08168183248368652 1.6243852734052835 -0.9975783894845031 0.03817127898217097 -0.058140435966462845 12.125287018004348
-0.08767720497693265 -0.07575562620283567 0.9932642109862054 27.679271069838844 0.039978623102072855 0.996033196023558 0.07949579934788267 1.679840875279737 -0.9953463806245016 0.04667930502602469 -0.08430080106376214 12.044332572067274
-0.11700824437232016 -0.0677895758821579 0.9908146366251483 28.50274608575081 0.04379827542586085 0.996344782319981 0.07334020598191814 1.7356515735991136 -0.9921646949063588 0.05197738109473105 -0.1136114872532934 11.947903967803686
-0.1426823732185042 -0.05360139020828912 0.9883160584248716 29.342803202466676 0.047276902470444804 0.997023675366211 0.06089897578820422 1.787541643364265 -0.9886387787587212 0.05541373229616428 -0.1397235964591289 11.828432711096044
-0.16469142448440022 -0.03695181426870698 0.9856527269396407 30.135994103656433 0.04848701212960923 0.9977865506908552 0.04550833896318825 1.8284724683286167 -0.9851526502811847 0.055286188896471175 -0.16253520529799537 11.698532426264242
-0.18696045508575776 -0.021616183001957258 0.982129588632046 30.960953251955868 0.04792824067851533 0.99836658738785 0.03109728176224679 1.8598411989033516 -0.9811975703086451 0.05288570525164766 -0.18561904589897882 11.548490436253454
-0.20876941750096978 -0.011596329226474692 0.9778961373605978 31.762434163802602 0.050168616480950556 0.9984861373214736 0.02255090901118533 1.8802948639838823 -0.9766772446600224 0.05376763641182931 -0.20787159747784756 11.37652523307831
-0.23171966029642999 -0.007341496047881736 0.9727549030808768 32.565497705828086 0.052929841109790335 0.9983950496004692 0.02014340719364334 1.8975913828328337 -0.9713415624548346 0.056155385930964 -0.23095917751573558 11.183017471438378
-0.2531452023329021 -0.008335601951387238 0.9673923838215507 33.336099143971715 0.053612253641837256 0.9983053436926133 0.022631107224727453 1.9120070239114495 -0.9659416301181339 0.05759304207004377 -0.2522693178130088 10.982478725565276
-0.2724569946479582 -0.01325857043295152 0.9620766062936347 34.087829932709944 0.05429484896987234 0.9980999178386054 0.02913114117071522 1.9265740906196724 -0.9606348189831252 0.06017278721019868 -0.2712194318934668 10.764171397820286
-0.29007185306031974 -0.016618803471415266 0.9568605621684546 34.83540430899867 0.058784162914103585 0.997651775007971 0.035147660148772054 1.940028292313012 -0.955197750338976 0.06644359408267983 -0.28841377663477813 10.527546255642457
-0.304919873493903 -0.016585507200262983 0.9522335804304387 35.565324745180554 0.060139548869309584 0.9975175898906472 0.03663185117559371 1.95667917658114 -0.9504773039953447 0.06843667737160351 -0.30316549239660656 10.290573629206389
-0.31583012074638384 -0.013321199220330048 0.948722235683689 36.29749706537723 0.062105921971964934 0.9974668424264027 0.03468072542370214 1.9728293716799745 -0.9467809616196013 0.06987448684057934 -0.31420274792469405 10.041329432858497
-0.3235543338510289 -0.01119917359605829 0.946143314491511 37.05266574571691 0.0630609711665444 0.9974515790300433 0.03337156583089022 1.989227755794522 -0.9441058769871891 0.07046223102654736 -0.32202355043849246 9.781975842652649
-0.33090208626158685 -0.009930466825285724 0.9436128417610486 37.78768271290317 0.05798412775723505 0.9978411983124538 0.030834783582820987 2.005824821738215 -0.9418819725612985 0.06491786178702023 -0.32961192482226626 9.535748559092621
-0.34061128189367823 -0.010499655544135674 0.9401455801524569 38.55047755324566 0.05831665521110084 0.9977763967182753 0.032271192678367436 2.022128080010176 -0.9383939057622522 0.06581807795240782 -0.33924159273726434 9.256648517061395
-0.34882687441402416 -0.008735094535714628 0.9371464719082045 39.29064578554326 0.060522305618979325 0.9976593104717175 0.0318268872442885 2.034864546674245 -0.9352309138437982 0.06782033878232929 -0.3474817109407984 8.974367130505248
-0.35457272353375513 -0.006609251903277644 0.9350050810103304 40.0214487693938 0.06377554749436722 0.9974753150365746 0.031235803727134408 2.050582240831792 -0.9328509330368112 0.07070582495074484 -0.35325603045154896 8.688615179822675
-0.3592343013385157 -0.0031065364444210486 0.9332422333848528 40.759522344504255 0.06618360510921031 0.9973918526437935 0.028796227088445165 2.0691720074662667 -0.9308976566500621 0.07210992796488343 -0.35809176356392597 8.39990202403222
-0.3608371537665086 -0.0011341397965454816 0.9326281478641995 41.51390597841372 0.06581424484700824 0.9974752304842228 0.02667676415281196 2.0873524926259437 -0.930303731926785 0.0710061849233473 -0.3598514805662586 8.112521252382553
-0.3607989406763846 -0.0005321709960796825 0.9326434694999102 42.295405935536614 0.06898415990613935 0.9972453544324298 0.027255985489095837 2.1055493403334076 -0.9300888721454756 0.0741715569269551 -0.35976835610457536 7.806588264162263
-0.3582910405159435 -0.001261306150155156 0.9336090934608546 43.08921776558645 0.06781853180832066 0.9973220672660563 0.027374091537880372 2.1267440331673457 -0.9311434782187796 0.0731238897416982 -0.3572460212790026 7.50893418754373
-0.3507320966093329 -0.0025270694554950443 0.9364724290271385 43.92259613425089 0.06556719242527484 0.9974760536416063 0.027248223594108806 2.145995318075869 -0.9341776810037203 0.0709586945450286 -0.3496811747620635 7.206925051170172
-0.34379029585700654 -0.002958770663484548 0.9390417872228654 44.74106562144608 0.06448479641315998 0.9975600568431338 0.026751523744968933 2.1618854490819843 -0.9368297302637794 0.06975083273542496 -0.34276067135336513 6.912994385871172
-0.3382974096873416 -0.0038711961566641577 0.9410312834540369 45.579947404556435 0.0623722390907845 0.9977003690248283 0.026526919129891535 2.1815057743789583 -0.9389699496733839 0.06766821623213087 -0.3372779953129534 6.619834525690829
-0.33388036121880843 -0.005254632364199586 0.9426008132985645 46.440995315689335 0.05887876540065766 0.9979155031533387 0.026418545590420006 2.202505628906587 -0.9407747846202578 0.06431980569728027 -0.3328750023924472 6.330543944516001
-0.3319314654874928 -0.006649459056248971 0.94328006812059 47.318933339607995 0.055639559001837924 0.9980961305024982 0.026614915931124382 2.22364417689064 -0.9416611607650633 0.0613180150542978 -0.33092953832559974 6.035459107913416
-0.3308669077734084 -0.0082802277465715 0.9436411008264362 48.22307180075936 0.053094443503755494 0.9982141868125443 0.027375487487859482 2.2441549437797303 -0.9421826093754276 0.059159742009548544 -0.32983640720192536 5.727169821665743
-0.33106754570403424 -0.009552982315414783 0.943558700193257 49.13234572808274 0.05175871692144644 0.9982594788947707 0.028267437439331734 2.263611964837844 -0.942186454691508 0.058195818798452634 -0.32999686554606084 5.417589781724767
-0.3323121390152448 -0.009915668521799866 0.9431173425300154 50.04318828030287 0.05254819703303058 0.9981969168348104 0.029010381073961415 2.283639504243312 -0.9417044808493218 0.05919961772887094 -0.3311919020886005 5.099239085996908
-0.330897343419858 -0.010077028404438432 0.9436129511702439 50.97415072555466 0.05316310081890027 0.9981558312316801 0.02930224034973545 2.305900636892167 -0.9421680491446313 0.05986142394506131 -0.329751386796583 4.772738379983857
-0.329917809373264 -0.01069471443530658 0.9439490781506672 51.9013551641794 0.05379647009785761 0.9980978394916434 0.030110506590295544 2.324151161464066 -0.9424755587617948 0.06071512073002214 -0.3287149148599464 4.447617328211661
-0.33073168793830277 -0.011035455901999527 0.943660303979412 52.865852961456135 0.05425870530750061 0.9980552280499969 0.030688021448483274 2.3458312235094283 -0.9421637561973157 0.061351287477149075 -0.3294897206789026 4.110787685435748
-0.3290001037697395 -0.012178174037869072 0.9442513562588113 53.84346949217267 0.05369016979623184 0.9980581780660749 0.031579089009652804 2.3665292090190366 -0.9428023639060059 0.06108653920898737 -0.3277073959200743 3.772574479584704
-0.3291275375653399 -0.012883672870185096 0.9441975826009883 54.82189058368202 0.054240001918306795 0.9979980786478073 0.032524716865602245 2.3839266082534762 -0.9427264111119822 0.06191805866352378 -0.3277698396790995 3.4356699954184196
-0.3271539226421372 -0.013314792971771277 0.94487725509083 55.81765909527978 0.05343226809044101 0.9980403590892897 0.032564311072597905 2.4059356782844854 -0.9434592220263542 0.06114047691211243 -0.3258013788435919 3.0930924248122036
-0.32529209284373917 -0.014330498374610826 0.9455049926624794 56.76121082827448 0.0544726550366612 0.997940790316727 0.03386604310047546 2.425573858454589 -0.9440433169016118 0.06252052333723405 -0.3238416279217996 2.770073359584357
-0.3241419810695336 -0.016670451276039815 0.9458615502083649 57.745800112618475 0.056368443363038576 0.9977278481518919 0.03690175625933442 2.444541344622302 -0.9443275780687261 0.06527815160104182 -0.3224657938796074 2.4317589045589862
-0.321780159734572 -0.01859307614346472 0.9466318325097234 58.70416816825266 0.05766132572492808 0.9975665478234268 0.03919380281747252 2.463915553264248 -0.9450569825766262 0.06719583456714034 -0.3199250216847512 2.1052401786435118
-0.31980793453455725 -0.01980724675397966 0.9472753337782882 59.679924453107915 0.05883051809989251 0.9974372322382128 0.040717783400766684 2.4853494629807615 -0.9456541942744392 0.06875056887764996 -0.3178230704812992 1.7757042342434204
-0.3190135309192428 -0.020368958435840127 0.9475312515282419 60.66393223372828 0.05875980850395724 0.9974205821256581 0.041224595288391584 2.5089080143804887 -0.945926874549516 0.068827958594981 -0.3169937856183178 1.4484733259124551
-0.31678805864279147 -0.021027515113922122 0.9482632385099959 61.64679162983544 0.057586071818544596 0.9974835614117834 0.04135685004657369 2.5308037806933714 -0.9467466240942405 0.06770811119355741 -0.3147799889522206 1.1208721115701161
-0.31665347841703506 -0.020457158876416918 0.9483206626753935 62.6066774225055 0.0552518550678088 0.9976720702980584 0.03997089764756242 2.5527654481046955 -0.9469307298413956 0.06505339958750116 -0.31478603540206607 0.8084522864428207
-0.3177938038902566 -0.01875202722903736 0.9479743982216834 63.562640662812136 0.05300163444028759 0.9978897846386353 0.03750739207831115 2.5792299486657027 -0.9466773077219183 0.062163809315867055 -0.3161293024313332 0.4934154375158147
-0.32018692713952646 -0.018440039406157186 0.9471749028746735 64.49817674293985 0.051210035152449235 0.9980118388941365 0.03674100878894776 2.5998030466841193 -0.945969272222218 0.06026885077586923 -0.3186060288781797 0.18112173433207185
-0.3234876263655626 -0.020892939942244393 0.946001712815016 65.46296089952287 0.04971857247714137 0.9979998639237432 0.03904273503515714 2.621267990258837 -0.9449252981792844 0.05966369640543582 -0.32180183994506706 -0.14491966257319822
-0.32697213195690994 -0.024443685079529057 0.9447178050525384 66.40892265302178 0.052070059244274006 0.997680876864778 0.04383579437657668 2.6401178395041613 -0.943598396487537 0.06352459522154018 -0.3249410591908764 -0.47695297932722924
-0.33146131312689253 -0.026134564278525903 0.943106771500538 67.35242717750234 0.050964427564797625 0.9976608067368441 0.04555811480057194 2.66578012464411 -0.9420913039738711 0.06316564929739259 -0.32935402794811874 -0.8060667073537862
-0.3353586910816036 -0.024388449110394884 0.9417747882939016 68.29954617988935 0.05229560218034025 0.9976415804614431 0.044457248306539854 2.6890192308823666 -0.9406379315701814 0.06415980427326308 -0.3332923659596592 -1.145961213028663
-0.3403724386435458 -0.022510959351935547 0.9400212017400998 69.22102202352183 0.05239402062874368 0.9977061532959413 0.0428637174982644 2.717410631032097 -0.9388298406070191 0.06384111828963948 -0.33841223677835264 -1.4770853061534295
-0.3449558562834088 -0.021078657264344068 0.938382196881267 70.14836391655564 0.051974132698013716 0.9977849753275698 0.04151906237923052 2.7436006775813 -0.9371788232488344 0.06309384453727232 -0.3430962256210888 -1.8131118937720567
-0.3480932631596875 -0.019572254983449198 0.9372555718573795 71.06544403092234 0.0529286219427008 0.9977769441440831 0.040493588551053304 2.7719643701235737 -0.9359645512101872 0.06370319120231098 -0.3462834999080299 -2.1536935726603113
-0.35015673139297915 -0.019864237967555667 0.9364804725727884 71.9391547214894 0.054386610397444024 0.9976572855083474 0.04149743704847548 2.7972706354132884 -0.9351108811631172 0.0654626055247106 -0.3482560655728117 -2.4803404740449704
-0.3533493679796535 -0.02663537414695935 0.9351121756198187 72.91152965935447 0.05480414810739219 0.9972884280807572 0.04911513581815123 2.8260319768169873 -0.9338847517218613 0.06860282836927287 -0.350931506766112 -2.8435517583528025
-0.35367655027986244 -0.0350507012408245 0.9347108355660927 73.83183538375344 0.056179710186083906 0.996697584444936 0.058632459653659735 2.859679794257886 -0.933679140789567 0.07324870991462498 -0.35053942510122815 -3.1893685765748163
-0.35423370191987436 -0.03795541645033713 0.9343863605523272 74.74469288942433 0.056841788132615916 0.9964546164109771 0.06202587004742099 2.893631597804001 -0.9334278202121623 0.07508384510222042 -0.3508203538260536 -3.5323431688303035
-0.35439421652934905 -0.03359384799241448 0.9344924786575927 75.63006664833614 0.05589510619958067 0.9968064757102901 0.057031456977428535 2.9291714827459945 -0.9334240603249341 0.0724451748503186 -0.3513847182895414 -3.8647028060404445
-0.35303151922083464 -0.027417383923252218 0.9352096200828104 76.4938256707269 0.05690894106359545 0.9970904964218654 0.05071404511787937 2.961593440462611 -0.9338790707921716 0.07112544554519905 -0.3504440784666609 -4.190501210617636
-0.35267859900756926 -0.02434581222571264 0.9354277562853951 77.40007737942982 0.06183084458741531 0.9968704675960791 0.04925664921999521 2.99378995946137 -0.9336994979433507 0.07521005426035206 -0.3500695577717231 -4.542037951385134
-0.3502057082952322 -0.02459023222876929 0.9363499785637687 78.29509221894304 0.06456295913779675 0.9966440817438518 0.05032095619446761 3.0231349151543387 -0.9344450685753584 0.07807621151086633 -0.3474428284067819 -4.878903790539391
-0.34770745702382133 -0.027167616695064397 0.9372093922561475 79.16137586544276 0.06492193733742217 0.996483367666148 0.05297206827270795 3.057738874905311 -0.9353526962501275 0.07926423258849266 -0.3447209234290459 -5.196047079565914
-0.34539818281123796 -0.031346581068150234 0.9379325600308546 80.04852273739495 0.06507687383454794 0.9962360622176596 0.05726001073152098 3.0988184131994805 -0.936197145799226 0.08081522252886181 -0.34205818803968663 -5.515242173011535
-0.3416897766554591 -0.036564532068699036 0.9391012360356789 80.96190296685059 0.06481147505954829 0.9959471781859244 0.06235936949729724 3.1394578412439085 -0.9375753672264157 0.08217209537362409 -0.3379351676167487 -5.840149643909006
-0.3400165284436193 -0.04010200611837812 0.9395640422506767 81.88192990416509 0.06049614698607346 0.9960883041169307 0.06440734896963654 3.184545723636804 -0.9384716173571735 0.0787395676057388 -0.336260470332557 -6.156999223512659
-0.337743588622261 -0.04170602457263091 0.9403137114064138 82.78013107193219 0.05603149283165146 0.9963552461840748 0.06431714555644485 3.232762569097888 -0.9395689118716167 0.07440988453034603 -0.33417574557194757 -6.459873833238502
-0.33627562495146424 -0.04257924029339549 0.9408005699188003 83.65732222477513 0.05847427337184852 0.9961059152401377 0.06598306583694076 3.2698341531471713 -0.9399465215729758 0.07720112641435369 -0.332476349028346 -6.7709896194193115
-0.3351740660818317 -0.041235471321768496 0.94125340973143 84.55841593482018 0.06185776566529136 0.9959230349514616 0.06565763687468196 3.311503366306679 -0.9401233760805385 0.08023056997143485 -0.33125683900711983 -7.089547675216076
-0.3297364870310488 -0.03919392129455781 0.9432590766348232 85.48823793604392 0.06284053358563904 0.9960107691909683 0.06335309774816313 3.358988838396965 -0.9419792547923205 0.08016473157924343 -0.3259581251506591 -7.409625694795686
-0.3220646631188433 -0.0388759651917601 0.9459191361319185 86.39244255161795 0.06721919545929259 0.9956957724160702 0.06380837370260059 3.403067708142929 -0.9443282970090175 0.08413434568102596 -0.31806521240914454 -7.715235070593241
-0.31308628178624154 -0.03900988757866146 0.9489231838396439 87.30734901930988 0.07173722658043345 0.9953302715161717 0.06458653827301404 3.4458759508960046 -0.947011483816228 0.08829427656787357 -0.30882579271418076 -8.01840383183867
-0.30262549976854447 -0.03936143119173846 0.9522964268673789 88.2182195433969 0.070740563521813 0.9954634654902623 0.06362595026193428 3.4938971278723603 -0.9504807097266391 0.08662082087267377 -0.2984681789217891 -8.297630183765428
-0.292601196744496 -0.0409850143866919 0.9553558333204502 89.12925078149902 0.07092481420123305 0.9953989382003654 0.06442534097780143 3.5425334837864493 -0.953600655617544 0.086609366845094 -0.2883480660252165 -8.567859918018117
-0.2805865679497982 -0.04441272673546866 0.9588006505995258 90.05702500064329 0.07314885832228163 0.9950343280573681 0.0674976333923543 3.590265876967155 -0.957037315057412 0.08907410224831054 -0.27594452684617143 -8.834128583451687
-0.26872514482870974 -0.04662747222729898 0.9620876651171043 90.94164921982097 0.07395835209018962 0.9948801327870711 0.06887440411127617 3.6383926996385902 -0.9603733433893783 0.08966270249815302 -0.2639008167623495 -9.071456533385845
-0.25660511427784277 -0.04756334989159303 0.9653452973281348 91.82338357758175 0.07586060673612219 0.9947159988568297 0.06917550118276804 3.687341959882658 -0.9635346302401812 0.09098246735140582 -0.2516410279794766 -9.301270761037124
-0.240827054085555 -0.04789480325454855 0.9693855878037807 92.69977493102988 0.07923530103805183 0.9944775958846681 0.0688191714049213 3.7319213439392525 -0.9673283295189294 0.09338307718563746 -0.23570215061695737 -9.519486624560235
-0.22747120688532124 -0.04537237491927 0.9727271958942656 93.57504324502648 0.08219765554122214 0.9944542127028264 0.06560765398281596 3.7733272190183813 -0.9703094328417416 0.09487974721608144 -0.22248019711100236 -9.720873835642736
-0.2152035715993985 -0.0375026312399382 0.9758488486548231 94.46343372522779 0.08442383049669232 0.9948069108820771 0.05684915923323082 3.8152279513112988 -0.9729131716731605 0.09461903989864133 -0.21091988449060706 -9.912566787015818
-0.20004015738464065 -0.033993710284667855 0.979197816120221 95.37732432016152 0.08149430769050879 0.9953576809024972 0.05120317258185589 3.856089255776016 -0.9763926532126166 0.09004173881864291 -0.19634121325626563 -10.089256355198213
-0.18652110451222448 -0.036933244042645044 0.9817564937681983 96.31961373635004 0.08075653291227795 0.9953350891044249 0.052786767181510014 3.8977068878079204 -0.9791262737581542 0.089129096719159 -0.18266839944144364 -10.26096822542493
-0.17316157762597667 -0.042288374412410276 0.9839851428876552 97.27154718298831 0.0802672452008608 0.9951483774179126 0.056893552098291306 3.9340576648504073 -0.9816171541807672 0.08883355397625325 -0.1689270916875098 -10.420423522383475
-0.1614086580272382 -0.042540507438561054 0.9859703597678361 98.17174825274347 0.07888862130438977 0.9953172549892182 0.05585827914839736 3.9694642649161147 -0.9837295515244721 0.08679785220613143 -0.15729686045774688 -10.558545924590433
-0.15328427536762956 -0.03849560700865874 0.9874320326817718 99.09660416237696 0.07447222211950666 0.9959492458072609 0.05038837076678788 4.003637762396324 -0.9853719191541861 0.0812600025657354 -0.14979650505072906 -10.68898951554062
-0.14756994012728458 -0.03245509775232272 0.9885189828226449 100.04568081856233 0.0686377446917362 0.9967157954385502 0.04297072406802194 4.037985951336315 -0.9866671033202948 0.07419090074385955 -0.14485764554331643 -10.814017280928253
-0.14492660106949562 -0.030467740227957035 0.9889732034326538 100.97695866615369 0.06566088441854338 0.9970263278102637 0.040337946285791515 4.067007223974314 -0.9872613273899765 0.07078289665295172 -0.1424950980967401 -10.936867303011725
-0.1422947650549855 -0.03179217799383227 0.9893136293695519 101.93049591695191 0.06547944970799162 0.9969923578659327 0.041456965914872856 4.095692067730236 -0.9876561352535027 0.0706788212644836 -0.13978505900409433 -11.064414026204416
-0.1381571008425565 -0.032635126554966754 0.9898724988611015 102.88652186322328 0.06367538035486009 0.9970965379402025 0.041760507232631715 4.123140665870522 -0.9883613010551576 0.06880001847677145 -0.1356779128456519 -11.191567288006114
-0.13321110556609517 -0.03636722536335374 0.9904202271123251 103.83526347338353 0.06016167416837061 0.9971869534921336 0.04470741265535425 4.15466413479789 -0.9892600135025763 0.0655408628601147 -0.13064846336805558 -11.3090689872885
-0.1281599456467254 -0.04074520950985795 0.9909161701343995 104.78405727777357 0.06036274451894058 0.9969828165454722 0.048801665824011346 4.1858128851395024 -0.9899148283594753 0.06606883845698477 -0.12531377090717266 -11.425467871073696
-0.12446125997453061 -0.04413810606386397 0.9912422621935808 105.73645917873067 0.058362812576625435 0.9969547461772845 0.05172055860808086 4.2182675090723025 -0.9905065254069243 0.06428889225738246 -0.12150621983512078 -11.53772467712824
-0.12194876841690994 -0.04490692658981902 0.9915199775223167 106.68909188937727 0.0532310396193252 0.9972423047199024 0.05171307472954367 4.251636433923107 -0.9911079428107943 0.059085984981162354 -0.11922202848534813 -11.640400263823455
-0.11831079188064203 -0.04434325970329141 0.9919860038546221 107.63611607302818 0.04664692389887308 0.9976512649248717 0.050159925085439636 4.28540455419481 -0.9918803461180933 0.052207556088085805 -0.11596443451317823 -11.741095844244038
-0.11444322661737727 -0.04264138897975793 0.9925142113981446 108.5429580458235 0.04767939012670086 0.9976912530414814 0.04836154837951977 4.3122792962015675 -0.9922849508274071 0.05285712393231161 -0.11214589074529113 -11.843336454938777
-0.11079105875937895 -0.04038613227649746 0.9930228102207528 109.49147051821053 0.049264917119019626 0.9977224961518585 0.046073730191519495 4.343980099969711 -0.992621936711169 0.05402574379173374 -0.10854911223735536 -11.948854924660433
-0.10424572053132702 -0.0427981271754006 0.9936302884177709 110.41666335658029 0.04762685803532406 0.9977126317320484 0.04797068767479706 4.376960004315829 -0.9934105456177659 0.05232422758711375 -0.1019689318509534 -12.042512057137285
-0.09939471277748896 -0.04755755558507627 0.9939109467043076 111.35990522014615 0.047981935107397636 0.9974661645058891 0.052526037060301234 4.409937363063689 -0.9938905497967218 0.05291058091424661 -0.09686095938037681 -12.133418343812476
-0.09240318410384002 -0.0523643347943863 0.9943438178060009 112.27113282278697 0.04841619438890845 0.9971987178340753 0.057013939269025087 4.44213459135478 -0.9945438772062134 0.05341061309906558 -0.08960905489968446 -12.211572998185419
-0.08772172578187243 -0.049486992319749366 0.9949150397983715 113.14421127833658 0.047513357791680914 0.9974206467039818 0.05380087694425145 4.474514251933392 -0.9950112459953453 0.051991260032392364 -0.08514416728722207 -12.281054384293077
-0.08474442711425728 -0.048195468933626216 0.9952364436893094 114.04531881912465 0.04777652087881038 0.9974840984455624 0.05237248706105263 4.506748963882475 -0.9952566433467264 0.05198721114381305 -0.08222860665057913 -12.351599881739164
-0.0796245535069649 -0.04838228105011684 0.9956500817853651 114.93477662364614 0.04778497313277881 0.9974878603877262 0.052293065714448896 4.540564129103735 -0.995678927577317 0.05174092441678605 -0.07711257951190814 -12.415403137595023
-0.0740914497873596 -0.05009824235137644 0.9959922806837962 115.85427524024308 0.0485693700557331 0.9973708733474143 0.05378064048154649 4.573652609940477 -0.9960680063935377 0.05235940327695543 -0.07146341391008904 -12.47574711377889
-0.06783538165093023 -0.05220324677858213 0.9963298560326532 116.752058999337 0.05079725180332884 0.9971542477440529 0.05570498555086207 4.604076521926739 -0.9964025292046896 0.05438958753076733 -0.06499055748900101 -12.53549261718422
-0.06078678505376872 -0.0531421354037655 0.9967351103515694 117.63795904303333 0.0540684483884316 0.9969402917542691 0.056450487737315654 4.635512238259175 -0.996685291178562 0.0573233645352501 -0.05772748242097864 -12.591652667733603
-0.055268060264522245 -0.05369826340663884 0.9970265483033581 118.5359251975843 0.05631477873107763 0.9967956418457509 0.056807517933697156 4.671155723475115 -0.9968821832147804 0.05928697078135119 -0.05206695578295617 -12.640785369076669
-0.04833982234839279 -0.05453016703473648 0.9973413269580731 119.40728024469831 0.05475074883305035 0.9968627553981102 0.057157697664517 4.70802946803019 -0.997329242064799 0.05736817744404849 -0.045202601022530764 -12.68006521096163
-0.042628159434143 -0.05622453999150274 0.9975077148202921 120.28865350369968 0.05282739251449229 0.9968917544518638 0.05844738237085158 4.744806475412648 -0.997693393093979 0.05518723592125879 -0.039525464804278765 -12.712405496427046
-0.0395526232249408 -0.05731875401669023 0.9975721279356196 121.16781840074424 0.05325285191535317 0.9968136069757099 0.059386586961675134 4.78102162874689 -0.9977974362358861 0.05547245610254961 -0.036374205902581114 -12.74779337213063
-0.03659467388190041 -0.05855644560159765 0.997613137705185 122.06886440508518 0.053420849745328756 0.9967397971717198 0.06046477938904561 4.820377462558697 -0.9979013190972162 0.05550603041639783 -0.033347232740507216 -12.777297213241196
-0.03386261481082298 -0.05827245458936195 0.997726237178468 122.96787238871967 0.053580260125682094 0.9967572577641656 0.06003436365386946 4.86084067862948 -0.9979892178991906 0.05549135185406417 -0.030630553804500193 -12.80344398947252
-0.028958356754173575 -0.060476417668055005 0.9977494758105048 123.88247001211266 0.05139664179157255 0.996757634743222 0.061908018815388294 4.90286127886719 -0.9982583827780496 0.0530737269007619 -0.02575617840861799 -12.825656879863736
-0.0250273117937031 -0.06276783225702687 0.9977143042465285 124.79606408160173 0.054223765038956206 0.9964724756802785 0.06404989084000579 4.945686689797553 -0.9982151155784914 0.0557028225978749 -0.021535519154383898 -12.85126487890248
-0.021278927121358315 -0.0647034808338138 0.9976776367286944 125.70286276832051 0.05404123495881321 0.9963702524567986 0.0657713079032377 4.987517020246292 -0.998311951338203 0.05531527444715827 -0.017705033977524487 -12.867855078233617
-0.016423794768075706 -0.06443401600985563 0.9977868091662958 126.59958078595477 0.05173753015326736 0.996529782473522 0.06520445243167974 5.028815405286747 -0.9985256566253349 0.052693929670476314 -0.013033143781414236 -12.875516205496393
-0.013167424914908077 -0.06368046356137393 0.9978834688888872 127.48065713745387 0.04807438065760294 0.9967755749520428 0.0642441211583786 5.0697804293616455 -0.9987569638533181 0.048818559376870845 -0.010063568694493208 -12.875582468197724
