1.0 0.0 0.0 0.0 0.0 1.0 0.0 0.0 0.0 0.0 1.0 0.0
0.9999175826932665 0.0006572374589056196 0.012821694887075514 0.012885350733995438 -0.0006672625038357056 0.9999994750344363 0.0007776191889201149 -0.002386335050687194 -0.012821177075667505 -0.0007861105358746673 0.9999174963208814 0.1935056447982788
0.9993778335065199 0.0035549419706027412 0.035090002613289505 0.03370326694983852 -0.0036774387905470617 0.9999873659468861 0.003427008980248657 0.001108501768206403 -0.0350773764662752 -0.003553918146858799 0.9993782803953911 0.41051418148968555
0.9983188756964158 0.004964759696999227 0.05774749855530887 0.059475435388187024 -0.005166289226315452 0.9999810731808653 0.0033410680440567144 0.002166763223469371 -0.05772981797887817 -0.0036337915730008815 0.9983256300801505 0.6448759235173208
0.9963513734790111 0.0046121710282543225 0.0852212910304379 0.10291133362611343 -0.005097343493680998 0.9999720128437884 0.005476369093650474 -0.0006802796635544625 -0.08519364797797951 -0.005890790061493754 0.9963469982574624 0.9050846581899987
0.9929385757081173 0.001556988990291938 0.11861939409733759 0.16685839149671972 -0.002531594672015749 0.999964264655245 0.008066005263547884 0.00038414166038014267 -0.11860259651100392 -0.00830934400413597 0.9929070343708261 1.186486175858926
0.9877652907646068 -0.001756239346298271 0.15593795555948006 0.24447972917258784 0.00015035137975724796 0.9999468449337411 0.010309447197564853 -0.0035171239341565716 -0.15594777252392697 -0.010159868621950115 0.9877130500881368 1.3959500231467936
0.9806830881309165 -0.0023361179905629073 0.19558942508924934 0.32777384327519177 2.3894111657323143e-06 0.9999288211910352 0.011931158610855698 -0.0021112974960720565 -0.1956033758612045 -0.011700218127917534 0.9806132898586779 1.6502315852783858
0.9719984837690441 -0.003770327515166919 0.2349568730237702 0.4295729870911128 9.267043888526189e-05 0.9998773460613161 0.01566155310207968 -0.0016841398618259262 -0.23498710382246393 -0.015201232312147595 0.9718796137245204 1.949229504472943
0.9600272706196943 -0.00719246775546523 0.2798140598220305 0.5666799059731077 0.001125105720647035 0.9997608865237975 0.02183812982533075 -0.004846947048716871 -0.27990422255410446 -0.02065037977222758 0.9598058074483844 2.2909891087698093
0.9467778434934946 -0.013456237225440742 0.3216063506051161 0.6991015791979263 0.005595005131448206 0.9996628417215659 0.02535544909369188 -0.005274852124508626 -0.3218391072995749 -0.02220658823179272 0.9465339172220489 2.538373380708448
0.9316207255095577 -0.017946545136972553 0.3629886297374785 0.8349144913031118 0.007344634224283646 0.9995057531246399 0.030566416519740514 -0.003366255284589993 -0.3633577853151865 -0.025810288421352273 0.9312920856865743 2.7586116666113005
0.9112446477216365 -0.021752637817320977 0.41129066941356596 1.0063555457187163 0.007652644071690951 0.9993261550971162 0.03589808877261492 0.0016381556868470238 -0.4117944014157827 -0.029564480154451987 0.9107970753553255 3.0314011178292577
0.8868000362932399 -0.024964378500498548 0.4614785752734274 1.2009493466991699 0.007330087186683454 0.9991741544088094 0.039965972817840575 0.007272594475179247 -0.46209519089917417 -0.03205914795381497 0.8862506674639694 3.307682558383313
0.8618942587200173 -0.02949363007385578 0.5062296045971025 1.401080045759698 0.00804886633455704 0.9989770501596446 0.04449796630256108 0.012272808351392266 -0.5070241636610632 -0.034277967258896445 0.8612499744118416 3.558788496006203
0.8348046972691503 -0.03549315521162971 0.5494009040313689 1.6252656604906026 0.010955064984250553 0.9987930471944044 0.04787938415755596 0.01924108262746965 -0.5504371934821929 -0.03395121219101221 0.8341859572194965 3.7965881091750804
0.8072571140028296 -0.039166161702381824 0.5888989418137254 1.8280492652807958 0.010759340351503093 0.9986064617044267 0.051665958206211914 0.028223858581768055 -0.5901018458596983 -0.035371548166123555 0.8065535723641106 3.996164861754909
0.7714552243566246 -0.04540503610231834 0.634661499942621 2.1032749347561053 0.013411159279396484 0.9983893834323362 0.055125129082684785 0.039028607863118 -0.6361422620920991 -0.034015022359939306 0.7708216399623198 4.2549506613485395
0.7372385836698077 -0.05011901459542786 0.6737709960546829 2.380940388926569 0.013555280958642488 0.998141304112681 0.05941541367666403 0.052885355958653756 -0.6754965026605753 -0.03467018027383388 0.7365476586705788 4.493788511965601
0.699854338487779 -0.05101945968920221 0.7124611706141291 2.65689850707913 0.010923259527797078 0.9980936272834235 0.060743671090138195 0.06747379968423978 -0.7142020633554076 -0.034729323478011644 0.6990774540704614 4.708655776578931
0.6611230773379667 -0.05512776074094755 0.7482494280698555 2.972881515360921 0.009908658134160041 0.9978515128552286 0.06476246433322475 0.08138153058847 -0.7502120334313209 -0.035401811934146876 0.6602489050400782 4.933884043928891
0.6254055981064067 -0.057762524489405775 0.7781589353221992 3.340710187802052 0.010484225733070965 0.9977883298736054 0.06563939197478294 0.09446539705283767 -0.7802294014377731 -0.03289284926320588 0.6246280025738538 5.182254879746117
0.5872317918324781 -0.06062288109759836 0.8071453951727928 3.7514721180883304 0.009919452268072695 0.9976554033956411 0.06771484728021371 0.11565855461648221 -0.809358033955257 -0.031757870881211306 0.5864563159427767 5.4342488170783385
0.552818886240316 -0.062456982758249235 0.8309575225730568 4.13537183267874 0.009075389381366369 0.9975793166035936 0.06894305180570262 0.1364780353176627 -0.833252012492975 -0.03057175803651091 0.5520475081792906 5.657010517339657
0.520806746259368 -0.06349924549311291 0.8513096844700734 4.536692945632404 0.00856021816862457 0.9975680371776819 0.06917177073324696 0.1556094098115696 -0.8536316862181466 -0.02873772822045454 0.5200837310098168 5.872327520675632
0.4865614909045413 -0.06435887355233874 0.8712725468897917 5.025468188792206 0.009983413103459148 0.997627375885412 0.06811718099564176 0.18452133418987343 -0.8735892896731026 -0.024444923380150172 0.48604958459953745 6.117893042994126
0.45952038207873314 -0.06366078730730056 0.8858827928194732 5.544571107561123 0.0104349510979268 0.9977460539826541 0.06628667707485597 0.21415595258610584 -0.8881059228773327 -0.021215935554601387 0.45914894514606475 6.367439192078252
0.433410281030906 -0.06281941597906883 0.8990045880154114 6.073393161941845 0.010151305393621347 0.9978445536155631 0.06483207399553913 0.24415975304097287 -0.901139544851693 -0.01897281728701192 0.43311378748393264 6.6054434408927625
0.411555364436571 -0.06297141462191844 0.9092066777933362 6.668212728187701 0.010328713824760312 0.9978683380600961 0.06443677186131871 0.2796754001947297 -0.9113262312005549 -0.017128363544012783 0.4113284812508085 6.863934885039387
0.39171332532685016 -0.06410694148133889 0.9178512792469645 7.303583956461022 0.01182959929907101 0.997838202239498 0.06464505187460068 0.3162240002840281 -0.9200112669645978 -0.014464515386095236 0.39162487976741306 7.125439747255578
0.37880752217181723 -0.06595315763996328 0.9231224415771543 7.906689013723312 0.01292627813840426 0.9977372346376284 0.06597970863187304 0.35754275157123444 -0.9253852022155623 -0.013061072504829154 0.37880289849140114 7.367076317163906
0.36924525289085286 -0.06843449022333617 0.9268088604267023 8.562365402011945 0.013703295906474167 0.9975775212095339 0.06820050482761701 0.39937528668592676 -0.9292309524003545 -0.01248237658918806 0.3692885421669835 7.624729994702037
0.3612574266181994 -0.07107021355124928 0.9297537827075384 9.225393118960469 0.013104745061912008 0.9973797053885936 0.07114765587020312 0.43942461323160503 -0.932374032977141 -0.013518432776856177 0.3612421827599859 7.887076909194421
0.34798643094895876 -0.07484916245598576 0.9345068468208475 9.892602422401264 0.013196388154319921 0.9971000796298184 0.07494855930496669 0.48200523344718277 -0.9374066882709371 -0.013748966573784237 0.34796503661009803 8.1357789037275
0.3412946559208767 -0.07597538757389359 0.9368808346437913 10.571354332209195 0.01119299701965655 0.9969858409091736 0.07677206421834691 0.5301613302317089 -0.9398897140928655 -0.015715390851794856 0.34111633181776413 8.386650335378919
0.33302975726352935 -0.07630381324406466 0.9398238711915173 11.266100576036406 0.012327298691999215 0.9969874874473387 0.07657667778378201 0.5783971467450503 -0.9428357325027267 -0.013916822836331597 0.3329671208365613 8.627414767864412
0.3246030145716749 -0.07789202018343674 0.9426376377605153 12.019079123713214 0.01131138382521154 0.9968517745689739 0.07847669803608484 0.62880196774833 -0.9457827105244313 -0.014811236627344265 0.3244621576434285 8.8889175792499
0.3179852877082442 -0.08103162907384162 0.9446265039108023 12.795010324072111 0.010018263821451483 0.9965724869931432 0.08211523950099477 0.6859628402811704 -0.9480427159105803 -0.016647920529041405 0.3177071852365787 9.152307462841303
0.3126686147908421 -0.08520153152932786 0.9460333167229539 13.58657020544723 0.009694852515822298 0.9962033109292017 0.08651573919462749 0.7440390928862194 -0.949812795849515 -0.017879102850906707 0.3123075255605831 9.409713927829237
0.3005948028390302 -0.09028978137435582 0.9494685460222131 14.372589891001255 0.009547053241122483 0.995743875896389 0.09166780999482788 0.8009672948697749 -0.9537041565813665 -0.01849024051243575 0.3001774354031571 9.654022324570844
0.2886697889937102 -0.09359663242076827 0.9528428114446887 15.17179842101115 0.011234856374428268 0.9954728060555255 0.09438045563666324 0.8570317550321027 -0.9573628000526095 -0.016539734079778295 0.2884144695954026 9.887667522108272
0.27433033045052424 -0.09567930791503315 0.9568638042228407 15.997827971132018 0.010403510847423712 0.995274977826275 0.09653748222817729 0.9202715926166203 -0.9615792410181047 -0.01652841643377804 0.27402951427398825 10.121737110950976
0.25746013658917993 -0.09491945157025297 0.961615607080648 16.792225627180557 0.010982562461456381 0.995386813511814 0.09531251129089728 0.9775523286653545 -0.9662265062547503 -0.01397816870693766 0.25731488377149775 10.328005284262726
0.24203738301210503 -0.09477931485454169 0.9656266290344085 17.565611705494856 0.01080233757413171 0.9954190521392916 0.09499589539053044 1.034869448650465 -0.9702067896729986 -0.012561533099815149 0.24195246053428793 10.512866241396193
0.22282222798175816 -0.09585307965434875 0.9701352698660238 18.38301653493066 0.009765405450279617 0.9953238882806554 0.09609887759110153 1.0928463968762578 -0.974810182329687 -0.011939201759537332 0.2227163305366448 10.697818755118268
0.1986052169572522 -0.09494852207721811 0.9754695002678019 19.22187614953914 0.0056644157081787855 0.9953908054295642 0.0957343139160088 1.1583949142634549 -0.9800632031619431 -0.013487869425376359 0.1982276347695151 10.871478259326608
0.17428920405855075 -0.09569365022127571 0.9800336722051775 20.0188262140539 0.003908843444788673 0.9953261133215185 0.09649170473778539 1.2198445224021859 -0.9846867493226266 -0.012986664221729921 0.17384864756687368 11.01534766083866
0.14185178536384446 -0.09563551059616363 0.985257286246644 20.850508436804763 0.0018561326285627955 0.9953460220767354 0.09634755371925428 1.2818058649676398 -0.9898861680823485 -0.0118383043139835 0.14136912247805222 11.136485140117273
0.10858915880264669 -0.09530400493809688 0.9895077267173273 21.648044132332352 0.0003978307449820778 0.9953978615320577 0.09582765252318916 1.3442341354675351 -0.9940866342131516 -0.010012187581439957 0.10812733132100377 11.225669796694056
0.0737191180751064 -0.0949057507080244 0.9927529350814206 22.49477745925353 -0.000995103370213031 0.9954540464093615 0.09523786671546064 1.4059572666697746 -0.9972785475480317 -0.008008743333106694 0.07328955335321202 11.28924813979785
0.03918768364214631 -0.09452404224477778 0.994750989388033 23.373773173832852 -0.004525034927729189 0.9954886820189103 0.09477240121024533 1.476977809780639 -0.9992216218185362 -0.00821519384800768 0.03858317094762642 11.33195468694308
0.008183790014737291 -0.09240293618607168 0.9956880650912654 24.219058177956743 -0.009370967966747239 0.9956705991757702 0.09247833744358586 1.541162821553306 -0.9999226022749768 -0.010087384257393105 0.007282454152469142 11.34918367614637
-0.026156265846206006 -0.09052833708284029 0.9955503352126392 25.05983051503237 -0.009346803713481497 0.9958696777288258 0.09031180565477757 1.6082466456116937 -0.9996141690759112 -0.006942993972365988 -0.026894382636071912 11.32504510859223
-0.059971104419964005 -0.08767625935340378 0.9943421645391715 25.900380553488997 -0.008881887400595166 0.9961425304151242 0.08729931943810801 1.6727578153273188 -0.998160597654933 -0.0035961985412864203 -0.06051849837197487 11.276363119360907
-0.0922893984692299 -0.08176308754575243 0.9923696208798282 26.745868478570117 -0.005798105520740601 0.9966502132867989 0.08157655501275597 1.7331824455030864 -0.995715345318409 0.0017747874138806935 -0.09245431967776008 11.196591005894692
-0.1239106023551953 -0.07909042315004633 0.9891364251658714 27.562833392267773 -0.0038923476076847263 0.9968495928911878 0.07921956060705294 1.7833051869523966 -0.992285751310616 0.005966080674965624 -0.12382808093201719 11.092755591115044
-0.1483179126925085 -0.07460375681343917 0.9861217350022555 28.348039293413887 0.0020466591296203 0.9971251937292516 0.07574403750005371 1.8294391835951205 -0.9889376158084717 0.013252452592770442 -0.14773883896704954 10.963431241464917
-0.17604315987829655 -0.06858694954944063 0.9819901405877591 29.16533276775754 0.0027611146317719493 0.9975314079446342 0.07016741701093139 1.8794355137870642 -0.9843785766188 0.01506388115653515 -0.17541920470246986 10.81874327300406
-0.20033182747987527 -0.058155239454781 0.9780005761872183 29.97567325726673 0.008582583783656023 0.99809425262727 0.06110811834779326 1.9249525213214707 -0.9796905114137681 0.020635672908060586 -0.19945092341090204 10.642222751680116
-0.22638595788587362 -0.04532984632472256 0.972982324147912 30.792894025554137 0.007688861606435553 0.998802227951844 0.04832174299039482 1.967534144199028 -0.974007330300595 0.018420490509476847 -0.22576626419839113 10.459083521435046
-0.2495116146593021 -0.032602089859748454 0.96782284426794 31.647876575228878 0.005392496846225749 0.9993708346557844 0.03505503982546421 2.001932695941907 -0.968356791233413 0.013965621224217815 -0.2491788239316301 10.246792561394061
-0.27207789092606044 -0.0242008368717762 0.9619708627416595 32.447093897383134 0.0049722909726637385 0.9996349953291446 0.026554706471450147 2.0256573831245235 -0.9622623850030253 0.012008147567688664 -0.2718582476223275 10.0260435478107
-0.293105674006512 -0.02071884196169499 0.9558555295927071 33.24075426539377 0.008498188186673613 0.9996692115233935 0.02427443778423438 2.042102586165875 -0.9560422818383778 0.015238015617628553 -0.29283264540912224 9.778252376183078
-0.3167272341625195 -0.021742814863132096 0.9482674249079679 33.99966904868768 0.008491073705728026 0.9996321812337001 0.025756628453254132 2.0571012764599037 -0.9484786559575733 0.0162096342889853 -0.31642611609842336 9.525917967474955
-0.34041927536344146 -0.02551063774060536 0.9399276165338994 34.74951941567288 0.008977964210539893 0.9994981288445837 0.030379048615950678 2.0706814474157422 -0.9402308828791277 0.0187802502178121 -0.34001939515576557 9.250770359673632
-0.36199059962011504 -0.02871476821692724 0.9317393776549953 35.491676423816706 0.0130019175466517 0.9992726917111889 0.03584742306478223 2.0854228873498992 -0.9320910663270944 0.025090828733295274 -0.36135397380781187 8.954957603486582
-0.37659148940393344 -0.026469868943826972 0.9260011858235517 36.1797170062203 0.01555134615448268 0.9992701978700527 0.03488878446620173 2.099795362836538 -0.9262488897382337 0.027539384285823216 -0.37590501003823723 8.672059160218053
-0.3874405490933582 -0.024339323744506883 0.9215733385020952 36.89691833915579 0.018075938835224174 0.9992586823179861 0.03399038463076459 2.1148995378834425 -0.9217174628667195 0.02982755658417509 -0.3867133764362896 8.365410192113359
-0.3960774268220413 -0.02124155093802291 0.9179713876128046 37.65358602176379 0.019925014969845032 0.9992981562297378 0.03172047815367776 2.131559543298252 -0.9180009072656095 0.03085435900474801 -0.39537620412706187 8.038107048237642
-0.40268630141948275 -0.020790970850130108 0.9151018949713777 38.36287509700708 0.01711894983950606 0.9993960827479214 0.030239235183824095 2.1444284012596926 -0.9151779522068316 0.027842509211979973 -0.40208719262778175 7.7345238039401
-0.41198448219902156 -0.022543498786370558 0.9109119480441968 39.099830229128834 0.016419387765098662 0.999347912818604 0.03215824700632424 2.158925367223343 -0.9110429134418553 0.028205315236127796 -0.41134568195108995 7.397097300095757
-0.41861561433903716 -0.02147357395375746 0.9079096062126468 39.810813751142334 0.01962219920625245 0.9992731702981825 0.032681805649782215 2.1705887588269945 -0.9079515057148488 0.03149629730416736 -0.4178899933311 7.060860928417036
-0.426738251364664 -0.020293481551323073 0.9041474655324514 40.530170807112114 0.021955742106724033 0.9992210760473581 0.03279003768377328 2.185695785082276 -0.9041086274396303 0.0338439919230335 -0.42596029627177895 6.715794216000178
-0.4329929157927488 -0.019556936001264784 0.9011851425359475 41.26619036056757 0.020785731186083616 0.9992821389055078 0.031672705023307754 2.206906747927303 -0.9011576378483143 0.03244584902073032 -0.4322755818097648 6.366819899884879
-0.4331816422449782 -0.016678837099528294 0.9011523074458345 41.98985537225682 0.022534454955848614 0.9993158011757743 0.029327936515608263 2.2271053655253823 -0.9010248959722407 0.033011299783984836 -0.43250941137134263 6.018937842600803
-0.4333864674464412 -0.01664823535901658 0.9010543857579995 42.7559481469954 0.02546574252485415 0.999203875296536 0.03071012129644882 2.246690627405831 -0.9008483034295801 0.0362553699721235 -0.4326174780984143 5.650572865847656
-0.430974871320501 -0.01775180394842567 0.9021893003947977 43.54787693088533 0.024474683074549124 0.9992086977878643 0.031352322935971316 2.2730308183564985 -0.902031956295717 0.03559286054334089 -0.43019937017581084 5.2809026615825925
-0.4262999324295385 -0.018034903646196605 0.9044020731185017 44.368834167013645 0.02357989097883265 0.9992399420177009 0.031040731593960185 2.2989598263268123 -0.9042744917070246 0.034558364066233166 -0.4255506587012508 4.901998487566066
-0.42141478485418876 -0.018519633504562552 0.9066788859795699 45.17563874525481 0.023083794758812344 0.999248451181785 0.03113954447862566 2.3196628145628333 -0.9065741654855549 0.03405225375301849 -0.4206705676518257 4.532141002736287
-0.4173621406744842 -0.020196371704878417 0.9085157951855162 46.04652578924415 0.020245154055857223 0.9992982270377829 0.03151487230496836 2.3466910396743157 -0.9085147094400107 0.03154615680399501 -0.41666036855217115 4.142487110263744
-0.41433091997908655 -0.021748825967246973 0.909866406302777 46.899073891469456 0.01734668975414259 0.9993441276232835 0.03178689886465639 2.3717219166411168 -0.9099609777918267 0.028953465317726187 -0.41368190163728213 3.7642442316119418
-0.4110536694240384 -0.0232682254461909 0.9113141448137511 47.750952104636134 0.013427314344405597 0.9994112201736243 0.03157404346237948 2.3925397016807044 -0.9115122533913244 0.02521512791268255 -0.41049921953862134 3.3964577513612952
-0.4115826660389045 -0.02540065124687433 0.911018394947403 48.641304344445565 0.01218041822784653 0.99936894416691 0.03336691245096281 2.415167138204919 -0.911291032781571 0.024829827847774825 -0.4110135438412553 3.000137292770042
-0.4119845058490004 -0.02651513650572493 0.910804981583016 49.5461674200435 0.013187705852694962 0.9992983158954603 0.03505652953217123 2.4407540004005708 -0.9110954128710661 0.02645417518237851 -0.4113457490490478 2.593123890395441
-0.4125761899502579 -0.02772548438813467 0.9105010626032086 50.43090630036749 0.012260235264566936 0.99927714789639 0.03598427883554065 2.4699804976987982 -0.9108405865558398 0.026009213896228595 -0.4119380374220304 2.1972550654090433
-0.41241705235449144 -0.027839454753439064 0.9105696786552165 51.317838325214154 0.013604364610221183 0.9992332833416273 0.036711942550945 2.494440264376134 -0.9108935701775401 0.02752835304450566 -0.41172210723723857 1.7952542050071583
-0.41153698383258414 -0.028714665034097402 0.9109406012193985 52.24585248383357 0.014195367633836286 0.9991803553657681 0.03790922036758013 2.524786631751798 -0.9112825042080638 0.02853218293641591 -0.4107920545253562 1.3796061825713575
-0.41274147877201867 -0.029251576657455654 0.9103783921887317 53.194882291802976 0.015073267825932974 0.9991279719060961 0.03893703059889078 2.5527433414289327 -0.9107234861900372 0.029793304916780523 -0.4119406397577214 0.9483010913476824
-0.41125978435815563 -0.030245006797268072 0.9110162618381279 54.14386260259243 0.015766654618286798 0.9990638012615691 0.040285650186283835 2.579322565755072 -0.9113818093268216 0.030931546560383678 -0.41039790089077194 0.5232446780556091
-0.4117852812689908 -0.030773870837975097 0.9107611382815288 55.105608673080354 0.01783719859639517 0.9989659670124058 0.04181902793229068 2.6056438908216513 -0.9111063145848848 0.03346588747690065 -0.41081056205863614 0.08858132242460431
-0.4102248945357527 -0.031080980329240518 0.9114546113575288 56.114046724295214 0.01704225776019412 0.9989833138712441 0.04173607620827159 2.6393825812185496 -0.91182514626082 0.03265442188434692 -0.4092781344975973 -0.3581716633901479
-0.408939218909945 -0.0321779459628845 0.9119941310287768 57.025530413806244 0.019036094816213104 0.9988598788428933 0.04377864241966049 2.6677924836743796 -0.912363054014942 0.035263610586127425 -0.4078604362241547 -0.7655454253808647
-0.409040680264087 -0.03398143163851166 0.9118832075396992 57.99380778556055 0.01940445487686778 0.9987565007330825 0.045922972185388156 2.696167180616941 -0.9123098097795641 0.03647896033613747 -0.40787264732115835 -1.1956646635418375
-0.4066828709815237 -0.0342702085270831 0.9129263909306906 58.92996436860874 0.02194087251602387 0.9986415330131533 0.04726189431640454 2.7237613525737774 -0.9133058855407981 0.0392510044285448 -0.405378487450789 -1.6168672864125182
-0.4035716334271486 -0.036907526659011855 0.9142033532911908 59.88468587758463 0.022038967157626634 0.998504028753715 0.05003986899689043 2.753786449682024 -0.9146825791604258 0.04034276934613229 -0.4021544980998179 -2.034846670793076
-0.40154498899571023 -0.036858808517780485 0.9150972899353843 60.86016996770885 0.022610841445986993 0.998486257456264 0.050139241319431815 2.783231239697176 -0.9155601409309712 0.04082428083424587 -0.40010374458735976 -2.4606449374429276
-0.4004105357517218 -0.03851682834999 0.9155260000638304 61.82619912967742 0.022552069702491094 0.9983993465682862 0.05186664558416344 2.81740601186885 -0.91605829891506 0.041414957513881925 -0.3989009830559085 -2.8791410621048263
-0.4012093124147668 -0.03745025018029561 0.9152205015148555 62.7702677988633 0.021625646558280025 0.9984980782780621 0.05033804809439392 2.8504079464316265 -0.9157310844579901 0.0399883287529053 -0.39979684155948897 -3.2830609711025294
-0.4021276950655708 -0.036065986494357626 0.914872975597946 63.693926638638 0.020734890252817183 0.9986088645251485 0.048480924269212106 2.8872786881178225 -0.9153487757065363 0.03846531307531846 -0.40082045669172484 -3.6825936507624384
-0.4048492392162712 -0.03721565090454654 0.9136257925615703 64.62607372179572 0.017895041053349617 0.9986575626453382 0.04860905344656618 2.91678841842007 -0.914208324733321 0.036028709372153765 -0.40363977887377683 -4.086868865726014
-0.4068578902364026 -0.04053023282726064 0.912591889827732 65.59795985937612 0.018366188892725975 0.998450359682945 0.05253153676178202 2.951083380391893 -0.9133068160579664 0.038133705248320555 -0.4054830209344087 -4.520778685764499
-0.4086787066001405 -0.0428408816750281 0.9116722950868599 66.51258442321637 0.02072562904312046 0.9982045092842193 0.056197917625280217 2.981284527474019 -0.9124429642845646 0.04186187408558127 -0.40705702355522577 -4.93378010628085
-0.4134078794605889 -0.045878804628586185 0.9093893888130383 67.46226063306669 0.01898288039399667 0.9980784944556174 0.058982786956497446 3.020887875595251 -0.9103480518196579 0.041646778879768934 -0.4117426020672299 -5.362030853279645
-0.4182414559616332 -0.04474796861404734 0.9072329931280111 68.39675738857422 0.02001253239497228 0.9980894151367784 0.05845526442557745 3.055738562679087 -0.9081154018417669 0.04260444456673775 -0.4165468499952032 -5.792063351955319
-0.4231846112077059 -0.04318001474633551 0.9050139618610803 69.26343354669429 0.02096929413284963 0.9981294082595522 0.05742798160310203 3.095259817608371 -0.9058007913115073 0.04328014202775257 -0.4214875511394195 -6.1968763692649
-0.42912707502954756 -0.04165832173316994 0.9022829587812025 70.12941738708294 0.021589079240445338 0.9981774332020263 0.05635355803997094 3.1361477687653343 -0.9029860824697882 0.04366229582363142 -0.4274455974615657 -6.605931614175103
-0.4310050535329667 -0.04200230548296163 0.9013714274166675 71.00274097027953 0.020707916065114417 0.9981925854735231 0.056415817976200815 3.1790794021891884 -0.9021118700257109 0.04298102650937525 -0.4293562685217437 -7.016403128697604
-0.432026410859141 -0.042089593077842144 0.9008782639595154 71.8842858150438 0.021939226157807513 0.9981242751458606 0.057154192498426 3.2190828749852343 -0.9015940609142039 0.04445669262430825 -0.4302926350812229 -7.438056072539365
-0.43352830197352077 -0.04808125847279164 0.8998563240715867 72.78164597840968 0.02040977359358391 0.9977955012738067 0.0631472784814307 3.2659637402835164 -0.9009087925699328 0.045741996255359456 -0.4315912617845272 -7.860918618566862
-0.43576052705671425 -0.05318531402514383 0.8984898916689613 73.63360295968566 0.024146437781319363 0.9972025337724435 0.0707393538300416 3.3069211044044042 -0.8997386912886028 0.052520748374959264 -0.4332572658229828 -8.280028307520114
-0.43731021047027085 -0.05656042955348592 0.8975303324273629 74.52529291254694 0.025610349228806284 0.9968322533062963 0.07529653896873635 3.3543543249931123 -0.8989459882722799 0.0559140105610124 -0.4344763901435347 -8.715497380646024
-0.43724495167249755 -0.052302298721187516 0.8978203170932341 75.38185383807887 0.02525332621210901 0.9971998256403788 0.07039017870429844 3.4043349374815812 -0.8989878318153924 0.053450699633194015 -0.434699782558701 -9.133253046617305
-0.43561866100202823 -0.04718771577717366 0.8988935986347509 76.22962408860094 0.02746485495902771 0.9974632120640654 0.06567208174648383 3.4558762411266515 -0.8997122117259938 0.05329596662572093 -0.4332175850684625 -9.544751434769857
-0.43552042107338906 -0.04502057408332555 0.8990523403769471 77.12638127684558 0.03181868454020648 0.9973545324626389 0.06535677386745999 3.501694976857844 -0.8996163260758384 0.05707087247834285 -0.43293577049300513 -9.98368040051838
-0.43248173776864784 -0.044863938411197006 0.9005258316821606 77.9960920096948 0.034738229232675964 0.9971906609997065 0.06636294933731315 3.5473648606210126 -0.9009732526142987 0.05998343642377499 -0.4297082561790109 -10.405555280962009
-0.42927339845192036 -0.048474746249926516 0.901872800542041 78.84259418636528 0.03594688203878745 0.9968504345526641 0.07068969375979989 3.6023518692116636 -0.9024589580990531 0.06276472025087043 -0.4261788578033894 -10.805707480894972
-0.4258226507926812 -0.052027515053428494 0.9033095857729285 79.71832488394062 0.03760611339871847 0.9964650917714747 0.075120577180354 3.658941481951969 -0.9040248062453471 0.0659580060207407 -0.42236085416954894 -11.21985688881345
-0.4237848878284962 -0.056642559806571666 0.903990038256367 80.56965041246373 0.03803565525106517 0.9960494732350188 0.08024173351731495 3.7140227663720626 -0.9049638986046964 0.06838908748331579 -0.4199562774091945 -11.612932022365532
-0.4216385375974468 -0.0599872076784819 0.9047775851156046 81.44121411269276 0.033690169212184755 0.9960840279390162 0.08174094312668345 3.7753423610872603 -0.9061379123020628 0.0649472416637075 -0.41796643368712655 -12.00204360064797
-0.4182740943344945 -0.06270371948823661 0.9061539745379915 82.33923952823255 0.03089491721040055 0.9960550543990736 0.08318553177458793 3.838883993402105 -0.9077952886522495 0.06278990498797574 -0.4146867995636949 -12.400829749151981
-0.4158635671425694 -0.06359867272270284 0.9072004752817144 83.21425055771721 0.03411499919557444 0.9957586301445658 0.08544540550845435 3.897588059711145 -0.9087869169136096 0.0664827746151496 -0.41193006727614295 -12.79994367326649
-0.41302368580167126 -0.062073483774920515 0.9086023979601017 84.09122813567973 0.037134742017206526 0.9956969094825792 0.08490391853239829 3.9564958470442937 -0.9099628816067817 0.06880804501571958 -0.408941324689737 -13.195363365914352
-0.4059722746024961 -0.060788371540706154 0.9118614402087112 84.97708820741873 0.03930596455230753 0.9957006073798708 0.08387694327984051 4.0206513399834 -0.9130397326538909 0.06989330689548108 -0.40183749482412146 -13.586680175882215
-0.3998640176208402 -0.060557116178023195 0.9145718140705638 85.84835427790576 0.043693344479102024 0.9954212891651211 0.0850138149072196 4.083042333467762 -0.9155324456622774 0.07395466690513769 -0.39538721297305407 -13.967506043281977
-0.3912566725250076 -0.06093139967552725 0.918262261414592 86.75395640216892 0.048704171245461676 0.9950364385782541 0.0867778174696596 4.147160153984658 -0.9189919041580029 0.07867560254034267 -0.3863470326752393 -14.35231972210294
-0.38151977931124353 -0.06328366029538864 0.922191865250349 87.64979916092082 0.04868893382586556 0.9948929829803859 0.0884157233714112 4.211968201167675 -0.9230774863017733 0.07863288597023053 -0.3764901373566008 -14.713388519613265
-0.37149569158624646 -0.06509228147697765 0.9261500666873478 88.52973693906503 0.04884355217286042 0.9947876967481306 0.08950835608861893 4.279631889584048 -0.927148994792096 0.07848842775003112 -0.36638000513856467 -15.057554715826454
-0.35950945960150904 -0.06878394721609334 0.930602878279669 89.4154598167984 0.0516655218784611 0.9942825327116973 0.09345008824735804 4.348990709250806 -0.9317100527020502 0.08167627409343814 -0.35390021749662204 -15.396151831922198
-0.34796711369867783 -0.07229632101412894 0.9347149992120775 90.28791550647462 0.052925823621239265 0.9939172631298911 0.09657810956112514 4.419551800388822 -0.936011615835095 0.08307656721488457 -0.3420241789721391 -15.710758790747747
-0.33339784823171303 -0.07229994431667322 0.9400098897598207 91.19759459477649 0.05750042113331136 0.9936396859143664 0.09681877992152033 4.492593197588383 -0.9410311240144803 0.0863301374249219 -0.3271200559553611 -16.032643574647388
-0.31470635503982824 -0.07379980500364283 0.9463157500955852 92.0748366284502 0.060268364427789184 0.9934075298659808 0.09751514679663785 4.564814270708953 -0.9472737905942215 0.08772153890006108 -0.30818386925058283 -16.32270139448957
-0.3000115059432198 -0.07307193975695223 0.9511327919495983 92.9421389418466 0.06288728929225756 0.9933778989527415 0.09615372440893188 4.632920011222528 -0.9518604336493631 0.08866138670466 -0.2934295032208818 -16.590331102533547
-0.2890465984738087 -0.06509628033529072 0.9550992295030031 93.81939405950122 0.06646569060709245 0.9939132437344547 0.08785656436133163 4.699760428979767 -0.955004908826569 0.08887597096945712 -0.28296057305107564 -16.852015213779985
-0.2746819232039375 -0.06266138413121179 0.9594912151779957 94.73739091306567 0.06552253173838217 0.9943349572352786 0.08369462739333616 4.769524052857699 -0.9593000776084504 0.08585769481343761 -0.26902010583178293 -17.108367720296727
-0.2586655267491238 -0.06518587211244825 0.9637649855377286 95.67164559546659 0.06606083650623557 0.9941908289410367 0.08497388733976428 4.840574393704797 -0.963705406829128 0.08564693646870318 -0.2528566612170444 -17.35327368438017
-0.24436280884997574 -0.07073415881577377 0.9671005616933409 96.58776112642812 0.0655623416629692 0.9938485055592419 0.08925652555040405 4.904117649823483 -0.9674649332180566 0.08521635273987459 -0.23822211530228465 -17.57685378153832
-0.2295615364356255 -0.07160780573934086 0.9706563877843237 97.48921944019087 0.06343097898495828 0.9940689961977309 0.08833652530774223 4.969130525569976 -0.9712250058016034 0.08184835340819278 -0.22365785286916007 -17.777960686965333
-0.22148396771457723 -0.06712961147211481 0.9728506911695194 98.4114143568044 0.06111180867563858 0.9947113483548771 0.08255107688222517 5.0302276103456585 -0.9732472444789149 0.07773640535570074 -0.2162102041916012 -17.97412268317487
-0.21779998058029093 -0.06451634882740952 0.9738587213724612 99.34897186526655 0.05726695098980107 0.9952488926717912 0.07874095478151961 5.095461198931996 -0.9743118929703962 0.0729196980901156 -0.21307053491013195 -18.167368536357145
-0.2154647457044493 -0.06259759668301312 0.9745031986853753 100.27786869953452 0.05533293272677677 0.9955572449041549 0.07618424164289256 5.159067970261932 -0.9749426700654614 0.07033713818715881 -0.2110437800013768 -18.35804915231872
-0.21166884143896392 -0.06276004418881298 0.9753242939747298 101.21485453030117 0.05157169127282853 0.9958285618414656 0.07527174821949234 5.22049215296766 -0.9759798472423225 0.06623180711845955 -0.2075492363336381 -18.543525603040923
-0.20745474914697398 -0.06484410103836351 0.9760931152389571 102.11871101040542 0.047054486822374654 0.9959842235449565 0.07616627678593967 5.280278509348811 -0.9771122772364742 0.06173061647250826 -0.20357045135204438 -18.72165687322192
-0.20363001492367633 -0.06858800512083528 0.9766424640449175 103.04408192599813 0.04380147285617834 0.9959060288612425 0.07907346364906413 5.344045965940701 -0.9780676091139165 0.058880108961980274 -0.19979210387503438 -18.903036016049008
-0.1989522587740134 -0.07308059349076351 0.9772805255318228 103.93090808908146 0.04543501040514483 0.9954555580816522 0.08368925686030923 5.402940396141219 -0.9789553915057633 0.0610529175337609 -0.1947277142638238 -19.077551211520664
-0.19690138526322665 -0.07583092418375338 0.977486324926779 104.85866047050239 0.044944445167985084 0.9952580975484291 0.08626306343287331 5.466067645393312 -0.9793925879492681 0.0609178972201092 -0.19255951928771498 -19.256578935833804
-0.19384619151227328 -0.07683302271032674 0.9780185788917212 105.76700167601824 0.04263344011014071 0.9953267856032366 0.08664282800730819 5.534178353661111 -0.9801051187605146 0.05849167874085473 -0.1896646506271386 -19.423763515981243
-0.1882753364349281 -0.07787063101109704 0.9790242910756853 106.65315837919205 0.03658396749322 0.9956037869909427 0.08622477980110409 5.599426202459225 -0.98143466976298 0.0520505922658661 -0.18459882131802163 -19.579433154153122
-0.18459092542156913 -0.07692688439928658 0.9798002065261201 107.54165957375724 0.03567483546204841 0.9957506016198536 0.0849002090012467 5.66004117432801 -0.9821677536789551 0.05062601930152514 -0.18106217109854045 -19.74002130423038
-0.1823835232398312 -0.07508807820254178 0.9803560735582123 108.46223072608774 0.03697542668759189 0.9958505329574638 0.0831536759837205 5.724226165472884 -0.9825319680661267 0.051414944521841414 -0.17885031509035576 -19.90528664302771
-0.17423089695123106 -0.07825896160983549 0.9815901025760804 109.368768502775 0.03366309804668351 0.99578086321775 0.0853654981782001 5.787831675680811 -0.9841292549139412 0.047916671180949194 -0.17086135386759616 -20.058425716383507
-0.16918189544319706 -0.08074565442429678 0.9822716658571801 110.28618616406895 0.034787801932427614 0.9955281090653822 0.0878270624432743 5.851295411647029 -0.9849707077324471 0.04902982105103647 -0.16561636862564655 -20.20960742796984
-0.16316552127140255 -0.08404493353958295 0.9830124423498205 111.1687779731145 0.036303510605054656 0.9951788011257265 0.09111097029288331 5.912818387847285 -0.9859305593123588 0.05055297158712893 -0.15932774170787317 -20.347649440918985
-0.15823570019153405 -0.08117555279642412 0.9840589376724802 112.02493825728018 0.036483939014046354 0.9954537022313896 0.08798209424558752 5.976637892024484 -0.9867271078565312 0.049824254555538086 -0.15455470966318258 -20.478374222061333
-0.15273040492358048 -0.08006707074548021 0.9850191305726593 112.94568099582777 0.038196800694806604 0.9954896767244009 0.08684070446414661 6.040518358981655 -0.987529456689045 0.05088779536771364 -0.1489832354798799 -20.61648507856911
-0.14727499630889346 -0.07969643666900511 0.9858795836431946 113.8178005435242 0.03748585602702475 0.9955827126803358 0.08608061808551917 6.103327549083631 -0.988384988787333 0.04963406284324401 -0.14363695118435332 -20.735954059514697
-0.1408914685995683 -0.08392614603578344 0.986461350528969 114.70273843119132 0.03595846252565298 0.9953091548703348 0.08981467143006924 6.165551372856148 -0.989371812337833 0.04812575446557111 -0.1372127133631264 -20.85362286800238
-0.13464878683935083 -0.08510448409215779 0.987231953995665 115.57400105190159 0.03855610144500404 0.9951004366533975 0.09104146315597049 6.22925764124984 -0.9901429852521572 0.050322437934037303 -0.13070776945660628 -20.968774708202915
-0.128873196348949 -0.08592557282281277 0.9879314223152722 116.48544223668102 0.04183537147801581 0.9948809640480567 0.09198733101957958 6.292866450726438 -0.990778229956685 0.053185179419465975 -0.12461876156509322 -21.085725905092083
-0.12323016629427208 -0.08578613429650325 0.9886632719371891 117.39405679106656 0.04411444665455297 0.9947982450654518 0.09181703116012796 6.363214755693961 -0.9913971160495922 0.054928961187697856 -0.11880474532354235 -21.198059490004976
-0.1179266106252832 -0.08625265124686086 0.9892693236218942 118.29033919576553 0.04437248058387948 0.9947678742214827 0.09202151587376388 6.432841704388342 -0.9920304418077431 0.05474811932623376 -0.11348235967309805 -21.301706497056156
-0.11046529461759014 -0.09045269492426472 0.9897553882985367 119.16075230051626 0.042850504228560043 0.9944905641758669 0.09566792593405854 6.497671604494555 -0.9929558162236664 0.052979503075286094 -0.10598074957976378 -21.39376190917321
-0.10993086979820432 -0.08965448911363968 0.9898875069659092 119.9946598576334 0.0421406760450763 0.994607636014016 0.09476187949315297 6.564436702411492 -0.9930455011165775 0.052131784588513516 -0.10555998175323189 -21.480872929238846
-0.10815102073167193 -0.09237796038598427 0.9898331521774885 120.88160695230532 0.04047707323713591 0.9944384664589663 0.09723036032482266 6.6343966018725995 -0.9933101042760276 0.05058111170847112 -0.10381034573433501 -21.56556840663311
-0.10586411883506763 -0.09073464932650853 0.9902323019144904 121.75724957694067 0.040023426513194196 0.9946324865411266 0.0954166759385322 6.704385712321661 -0.993574815337737 0.049733692087069625 -0.10166438018288859 -21.653475386840782
-0.10279996405578651 -0.09367078118074208 0.9902817539181052 122.6615559333547 0.03993405050348471 0.9943648919675073 0.09820251133669083 6.7785089664834395 -0.9939001152029887 0.04964117620924482 -0.09848002144622325 -21.73971693483269
-0.09750414672342272 -0.0987198137186516 0.9903268853015615 123.55976912282513 0.039777311971934654 0.9938866231105443 0.10299099889896392 6.855480795047446 -0.9944398960339559 0.04943459093867099 -0.09298125829811948 -21.823078991584584
-0.09378027272338157 -0.1025764112534363 0.990294572489567 124.47640789772109 0.04064861632027896 0.9934543097169479 0.10675310063913529 6.9322264703842995 -0.9947627608828021 0.0502654390131878 -0.08899682691892202 -21.90689531480462
-0.09028463473641873 -0.10435706013397628 0.9904333842973516 125.39717752845176 0.03806580694909562 0.993406599945228 0.10814028632557027 7.011563347618943 -0.9951882631300601 0.04746505225379826 -0.0857169163159674 -21.98275334625807
-0.08625793784907071 -0.10565681461944279 0.9906544330302562 126.30461833689743 0.03471577581200322 0.9934379442078725 0.10897644661947256 7.094738069434417 -0.9956678075883525 0.04379142076376058 -0.08202395015905234 -22.051736840579757
