1.0 0.0 0.0 0.0 0.0 1.0 0.0 0.0 0.0 0.0 1.0 0.0
0.9999194904119677 -0.0001887917244860717 0.01268767322859223 0.010661572217941284 0.0001841448188396237 0.9999999155463148 0.00036742080614819163 -0.012219119817018509 -0.012687741523079074 -0.00036505485596227867 0.9999194407300999 0.3592190742492676
0.9997369842788284 -0.0010436274911626898 0.02291010926934154 0.02704334154438795 0.0010408981170848916 0.9999994496771939 0.00013105883867337178 -0.023876736077759437 -0.022910233437992915 -0.00010717727853773546 0.9997375204106563 0.705644785763071
0.999631440394249 -0.0022112364875699047 0.027057232092644757 0.041558873420819716 0.002244028486453384 0.999996784020063 -0.0011816453291277047 -0.03346324344181541 -0.02705453217986206 0.0012419270219715393 0.9996331876772605 1.0288600981720246
0.9996496352226607 -0.0027335878904060805 0.026327443788693488 0.04837236515577109 0.0028048989309079862 0.999992496259523 -0.002672071599933723 -0.04271616363037236 -0.026319941891820003 0.002744981219099024 0.9996498015489814 1.3888109554885177
0.9997389010629034 -0.0036111142819245504 0.0225630129898766 0.053790612442190855 0.003715870366036674 0.99998250392895 -0.004602623535597961 -0.0527902962577669 -0.022545997626214506 0.004685263026822544 0.9997348279926075 1.7713285649535127
0.9999321538165022 -0.004051404197462734 0.010921258531856758 0.04803017072181369 0.004123853911899489 0.9999695876415232 -0.006619487967750494 -0.06480779472371681 -0.01089410816928967 0.006664076535474636 0.9999184509204363 2.1344807238587653
0.999978891006266 -0.002400780244979041 -0.006037697913416157 0.029933648230668183 0.002360004211522847 0.9999744224499664 -0.006751653573606235 -0.07371761639666786 0.006053752720416144 0.0067372620604896905 0.9999589798476378 2.526282459676796
0.9996790832813828 -0.0006071622711940118 -0.025325121987285912 -0.0008003861488392987 0.000444593588503282 0.9999792644812298 -0.006424402238349732 -0.082490454562864 0.025328497512397685 0.006411081153400712 0.99965862435744 2.937042369135373
0.9989786094414096 0.0029241099073383614 -0.04509088000646976 -0.040661152104384604 -0.003247374902894527 0.9999695388199125 -0.007097604422062937 -0.0894273377992393 0.04506875230964464 0.00723678198800007 0.9989576750552099 3.3258243195081687
0.9978268382057012 0.00349278641168576 -0.06579818690128152 -0.08328183889390517 -0.00404409252975171 0.9999578118343614 -0.00824741577991402 -0.09684035498318125 0.06576660453470619 0.008495586767158093 0.9977988668732077 3.7632041770777724
0.9962227243554377 0.0030166508603032484 -0.08678239046844154 -0.1359129367579632 -0.0037374836989256858 0.9999598448619607 -0.008144929664772139 -0.10531343785055121 0.08675433530049255 0.008438511790052325 0.9961939955778388 4.223844160263643
0.9942993114606299 0.0011848539177618386 -0.1066183630999416 -0.18996555114374886 -0.002109644192311365 0.9999611245611889 -0.008561469949980393 -0.11544805315585993 0.10660407417307874 0.008737590486863915 0.9942631572587736 4.642307265459136
0.9923061896670075 0.0023509023139917287 -0.12378569871699721 -0.2623255990120797 -0.003485838878878535 0.99995384729598 -0.008952776400557232 -0.1278939398516012 0.12375893856952569 0.009315392438214505 0.9922685869198251 5.110779251632867
0.9902356206282623 0.003275427797014645 -0.13936530131889685 -0.3416083273757853 -0.004522258366292905 0.9999525284200378 -0.0086307639083922 -0.14205098471369002 0.13933041598383628 0.009176735755183069 0.9902034249095744 5.595478287394713
0.9882311350142565 0.004032358049994589 -0.15291489095896188 -0.4277900507609269 -0.0055408512213646665 0.9999400903554189 -0.00944005655384305 -0.15433231552274237 0.15286766419415604 0.010176236463137894 0.9881942731342199 6.086138411444606
0.9862712759604962 0.002483980583338808 -0.16511450589126528 -0.5173949508806446 -0.004309302500487564 0.9999334936188551 -0.01069758155615624 -0.16922865977964252 0.1650769521381297 0.01126224576418568 0.9862163868508437 6.596556390997365
0.9844833122132238 -0.00021987275592234357 -0.17547808874515228 -0.6034400757689774 -0.002031652192594588 0.9999179082696568 -0.012651051774573546 -0.18566699629855 0.1754664650668288 0.012811259797764542 0.9844020475696633 7.077609574727276
0.9827627274686249 -0.00042379991999131207 -0.1848708789724797 -0.7015120071417378 -0.0023561679703075367 0.9998874401886599 -0.014817402790807847 -0.20047193722245626 0.1848563495553375 0.014997578024373091 0.9826511093376316 7.573532301426901
0.9812721693624091 -0.0008199319351033719 -0.19262465404618714 -0.8063362262691794 -0.002379907864634535 0.9998630094010731 -0.016379818985126145 -0.21847138496083018 0.1926116966161384 0.01653148943838533 0.981135792937757 8.097172067020706
0.9799181276833878 -0.00044135498915170426 -0.19939976991776437 -0.9216619366285145 -0.0035049467529646703 0.9998049307641127 -0.01943748358267805 -0.2341584550340261 0.19936945198736616 0.019746028095329632 0.9797254288772523 8.616353345172172
0.9781791660989255 -0.004331689154729944 -0.20771797100654954 -1.0395352775843532 -0.00020227817583987886 0.9997623027389047 -0.021801309725397924 -0.25689888069399297 0.2077630335106574 0.0213676037793185 0.9779457793841025 9.173738487783991
0.9761815715247537 -0.00781913525825134 -0.2168142074202594 -1.1585411973970603 0.002752251971661598 0.9997162314262149 -0.023661820133945608 -0.27680070008783364 0.21693769733392712 0.02250150543363443 0.9759260821028781 9.71154654263609
0.9738404720898072 -0.009977106743054628 -0.22701363893153942 -1.2914758646582654 0.004053158472866646 0.9996393671144062 -0.02654632971812818 -0.2962262179805674 0.22719662591309642 0.02493176801086196 0.9735297119849795 10.263750675943896
0.9715520988147697 -0.007683770839628972 -0.2367012440911548 -1.4449253981757701 0.00036823052138148767 0.9995213325228667 -0.030934935558304823 -0.3180913858025125 0.23682563985958002 0.02996774094584736 0.9710898778216687 10.829746284887477
0.9696574167276522 -0.004547254991055215 -0.24442548283086743 -1.605309055562092 -0.0039978803947134664 0.9993983366448699 -0.034452600247543375 -0.3438339280163141 0.24443508573321857 0.03438440320136127 0.9690558300113984 11.402807365150393
0.9674113385074147 -0.0063798981181548056 -0.2531296091477538 -1.756096413063953 -0.003019281060554029 0.9993208098013114 -0.036726053966205784 -0.37119562928714045 0.25319199448080904 0.03629347046030793 0.9667350195026437 11.96370721122205
0.964614231686129 -0.007461543520883977 -0.2635596884898472 -1.9086805830750273 -0.0030271321587036918 0.9992202061350485 -0.03936770405199257 -0.3979577748370811 0.26364791009881544 0.03877247760612527 0.9638394443478695 12.49469687186675
0.9612581163745381 -0.007903848549833538 -0.27553650009059816 -2.0797472620734667 -0.003975383415017903 0.9990873680911977 -0.04252795841922342 -0.4263058306764224 0.2756211712310549 0.041975708436009625 0.9603494207164998 13.065664195132886
0.9585121449772187 -0.007990371898966855 -0.284939681139864 -2.2636927808695813 -0.005593812506938181 0.9988872944605364 -0.04682822041191457 -0.458434400417123 0.2849968020747047 0.046479317144573366 0.9574009065615959 13.657485067750125
0.9562549240156117 -0.009734427479041904 -0.2923726410209274 -2.452912626217617 -0.005953659776385543 0.9985915772611684 -0.052720164627202505 -0.49038339298692163 0.29247405736434795 0.05215460425223797 0.9548501573671803 14.24917664852598
0.9542279692859446 -0.012585508126470739 -0.29881530686633395 -2.6588888072718913 -0.005948511503187087 0.9981179284510031 -0.061034548540763955 -0.5294915097612571 0.29902106588553123 0.06001837960056036 0.9523571789338305 14.87552943257742
0.9535344963309017 -0.015219438138920528 -0.30089920739295617 -2.8509673260366557 -0.005928583870597122 0.9975820718306246 -0.06924494100949051 -0.567868427632644 0.30122552381938517 0.06781134613657287 0.9511386886962822 15.46387045840887
0.9526926083689855 -0.01833700590702123 -0.30338185208325347 -3.0563441336959927 -0.0057830522066859985 0.9969040248182235 -0.07841505983165524 -0.6115091838861731 0.3038804868139347 0.07645992097558822 0.9496370518351384 16.078877903590033
0.9515595718979317 -0.020001001034977792 -0.3068132022697584 -3.271693232364655 -0.007249079406738205 0.996145104423838 -0.087420717110852 -0.6612303256271524 0.3073789712670333 0.08541013341530163 0.947746420269051 16.71514148257494
0.9503510232683876 -0.02115357752153188 -0.31046007590472735 -3.489210471775078 -0.008697985586217644 0.9954911851166574 -0.09445446205328314 -0.7185864512065806 0.31105831867910316 0.09246527192991807 0.9458820729178959 17.347572099377484
0.9488896105562843 -0.02248009062473 -0.31480653186337676 -3.713767039088898 -0.009746988699831507 0.9948969688763071 -0.10042418798288616 -0.7821010604119463 0.3154576091801063 0.09835988433421741 0.9438282841513762 18.00121842555909
0.9484575222780832 -0.024288162734821095 -0.3159721721688265 -3.9432558103182664 -0.009930814897537686 0.9942910673405234 -0.10623865738192464 -0.8535653919419062 0.31674865011486714 0.10390071490519195 0.9428016409047026 18.663257429764663
0.9480388428873472 -0.02393218545620842 -0.3172532157064915 -4.190759048732488 -0.012142123570285983 0.9937187509258578 -0.11124573202400599 -0.9310492189930036 0.3179228227290766 0.10931740281237336 0.9417933872300939 19.35945623455287
0.9473387568723869 -0.02217626089079896 -0.3194643848387234 -4.452388788943955 -0.015198949821012012 0.9933613712841736 -0.1140270931172276 -1.0157769420371088 0.31987227396543627 0.11287780779821051 0.9407126707209015 20.0748544899016
0.9461228596239557 -0.02178878485925781 -0.3230739595686189 -4.7213655593555615 -0.016419063255597707 0.9932218868507076 -0.11506823124793825 -1.1065716535556622 0.32339132464986947 0.11417325577856352 0.9393521803914257 20.81565595723345
0.9439925720794364 -0.02143102906438392 -0.3292700029642721 -4.99149336005426 -0.017516144512749278 0.9932268849936667 -0.11486313423891177 -1.1997472804557905 0.32950145453435975 0.11419748648293147 0.9372234128214693 21.56122342712404
0.9413931538272943 -0.020351419365415693 -0.3366968215723363 -5.259968517236895 -0.019404054718580192 0.9932579206241197 -0.11428991984391666 -1.286586300784743 0.33675274696367224 0.11412503164189498 0.9346513064053128 22.28444446681127
0.938626877608894 -0.019550343914712498 -0.3443796868036713 -5.558778232630766 -0.020986240966256745 0.9933061603678647 -0.11358894957413825 -1.386331308646426 0.3442951674367279 0.11384487616079338 0.9319335715874008 23.068666678705096
0.93432527502391 -0.0190468700699699 -0.3559122043313954 -5.904022399162633 -0.022218825155373212 0.9935164015293361 -0.11149656362827644 -1.4977814704679184 0.3557282730683777 0.11208200851491297 0.9278442860238204 23.94783935504315
0.9299593508646725 -0.01709471612502604 -0.3672647225367039 -6.224854992198326 -0.023984003092598412 0.9939701528603296 -0.10699580748079617 -1.5939024110204716 0.36687923535546624 0.10831022991120524 0.9239418384084416 24.734374609018367
0.9258375484495781 -0.015137773852389236 -0.3776184339828623 -6.508034429359074 -0.026109384535652383 0.9942479748595708 -0.10387138454267306 -1.677551216877512 0.3770187447860449 0.10602741291966122 0.9201168696364169 25.401942641862146
0.9214891455950404 -0.01330609332249243 -0.3881761229532488 -6.843645755726793 -0.027993036532996323 0.9945387538885402 -0.10054380597278086 -1.7705140857581263 0.3873940428764812 0.10351625425179851 0.916084188625419 26.173757324271353
0.9174450334235524 -0.011448828101487674 -0.39769779353368223 -7.204052572930481 -0.030941427950450136 0.9945054137196282 -0.10000805026965677 -1.8662734907793233 0.39665758366990017 0.10405722664694499 0.912049809440089 26.974653405929768
0.9130514109802683 -0.011776854529059003 -0.40767441249647085 -7.578505773849272 -0.03151540404664788 0.9945569018450715 -0.09931439120343767 -1.9655443883899184 0.4066250117918446 0.10352716884825118 0.9077104302009248 27.789891400164407
0.909246535394425 -0.01079574577066067 -0.41611799978670716 -7.971206219155716 -0.03365861266306871 0.9944833972854015 -0.09934722098420237 -2.0640153845416 0.4148949694402576 0.10433707105790199 0.9038672136637251 28.614513296388523
0.9053732038211534 -0.011001661718262414 -0.42447417500014945 -8.363433412495883 -0.034113223681686816 0.9945484042959417 -0.0985381118270466 -2.1593288493483787 0.42324419638391236 0.10369394848221981 0.900062173005567 29.431949602660627
0.9017619830700248 -0.011021017914338498 -0.43209242420314226 -8.74443665137487 -0.03439718192133853 0.9946745869438379 -0.09715605984176065 -2.2531341548227526 0.43086211224182475 0.10247440291232374 0.8965806360736752 30.21224923756102
0.8977416039888013 -0.010595723043202186 -0.44039498534929555 -9.159123585095431 -0.03471686080184394 0.9948996629489806 -0.09470691759354438 -2.3498134550538627 0.4391523107575319 0.10031147151346534 0.8927949689817498 31.045144590419675
0.8935521659921325 -0.008817431687812176 -0.4488727877129548 -9.594889163931684 -0.03555017775576026 0.9952781849026457 -0.09031898758527397 -2.447123921176807 0.44754967491028574 0.09666223437995726 0.8890195166206263 31.895025509858282
0.8891608056542617 -0.009097881910942022 -0.4575044155338821 -10.036307465910088 -0.034883228775854314 0.9955453973530323 -0.08759293441462415 -2.5430990238847913 0.45626332532698255 0.09384343532676004 0.8848825840797391 32.74174253336884
0.8849273700183554 -0.00947515728751547 -0.4656326569161294 -10.481249835274465 -0.03468436884014102 0.9956758165380274 -0.0861780883954486 -2.637066120967201 0.4644357268240225 0.09241152393348753 0.8807721418696964 33.5682543655577
0.8812796245840793 -0.009197237040473904 -0.4725056974511162 -10.940526590437065 -0.035453529531583455 0.9957066418094536 -0.08550631965120399 -2.7286684434191444 0.47126348313517524 0.09210697198020391 0.8771699009746861 34.40735965606414
0.878505885897392 -0.009640178896817007 -0.4776342485568595 -11.42729174680189 -0.035440374141357096 0.9957263564655894 -0.0852819026551504 -2.8234126052122126 0.476415142836958 0.0918481899146591 0.8744098133512921 35.28471508667871
0.8755523598700614 -0.010221613399373245 -0.48301509680907545 -11.905673713676768 -0.034923022916402625 0.9958216400003028 -0.08437798159169198 -2.9182307567226546 0.48185936495656817 0.09074568819851027 0.8715370172729509 36.13651430200893
0.8733461717005373 -0.011762087779107375 -0.4869580245432783 -12.36799586510971 -0.03383674339280935 0.9958285091433632 -0.08473874659136665 -3.009340791626684 0.4859233881720293 0.09048333364981229 0.8693050253846644 36.95590007056155
0.8721680864894372 -0.014131242396211188 -0.4890021849620848 -12.866338695665759 -0.032420546900440925 0.9957156243513094 -0.08659851939472446 -3.1068421148112115 0.48813086057739663 0.09138218322529662 0.867973248171249 37.82988129493283
0.8710204773172736 -0.015656771111534358 -0.49099714216311885 -13.376718319724885 -0.03138676240499117 0.9956761375775766 -0.0874294012579947 -3.2063893965755517 0.4902430001945174 0.09156360945790545 0.866762889251333 38.71901281343175
0.8702160597173183 -0.016203616951361337 -0.49240374918125734 -13.90085684346851 -0.031115981573945826 0.9956559990241063 -0.08775492748557691 -3.3092000442008684 0.49168669404485094 0.09168737320374355 0.865931648858178 39.63095945431461
0.8692452163558834 -0.016250772529595073 -0.4941140214916038 -14.438633591757638 -0.03079601201799482 0.9957387549088184 -0.0869248964130753 -3.414436385071962 0.4934210772618061 0.09077579173341155 0.8650406904585306 40.561213901438954
0.8681956527064946 -0.01795957994232245 -0.4958969269009837 -14.96870194362509 -0.029174933335366072 0.9957686503986232 -0.0871413687532039 -3.5199519963935373 0.4953636360154237 0.09012351730597427 0.8639980438299493 41.47701894793077
0.8667841835944572 -0.020811549218047676 -0.4982489924622378 -15.53961812036071 -0.026885357966728488 0.9957255110300556 -0.08836223294448492 -3.6336875292733777 0.4979581875996128 0.08998658846227767 0.862519598211791 42.455960305720964
0.865601934752836 -0.02327484805588256 -0.5001915353143461 -16.084188395141627 -0.02483726969313192 0.9956938409315482 -0.0893134097723935 -3.7443224680615184 0.5001163870403947 0.0897332523591808 0.8612964314536 43.388519266384904
0.8642460936157678 -0.024119452488532648 -0.5024907379062219 -16.637232016515007 -0.02385871416649007 0.9957608778013756 -0.08883150341267486 -3.853682867291901 0.5025031854906074 0.0887610627014332 0.8600069896924704 44.325644754170554
0.8616974450307092 -0.02336734981312917 -0.5068840895019877 -17.219043038014473 -0.023457052346221904 0.9960367231569327 -0.08579401388224364 -3.969291646063673 0.506879946262204 0.08581848918217369 0.8577341703533296 45.30255651895064
0.8586767631716029 -0.023798286197655907 -0.5119647038255603 -17.779149372377926 -0.021635699163111435 0.9963477122119685 -0.08260225718283958 -4.0781655332546345 0.5120606535468845 0.08200535314253023 0.8550257359548347 46.23845574060365
0.8544005826994894 -0.02424105651107349 -0.5190491455170697 -18.36585061488618 -0.020935842832655236 0.9964940926289273 -0.08100131999256248 -4.184996232495147 0.5191929648672636 0.08007430633404254 0.850897626449541 47.19587873019865
0.8482080954555266 -0.027128410313375238 -0.5289679349049217 -18.953938925419315 -0.019859235508646687 0.9963563745751147 -0.0829432674093918 -4.292595065384149 0.529290692879367 0.080858049675978 0.8445787933839427 48.13377260589033
0.8411457541387788 -0.031828485743139526 -0.5398710658940745 -19.54749919017717 -0.018194436476433186 0.9960360454902463 -0.08706984877359918 -4.400890610000535 0.5405023429880859 0.0830610834232925 0.8372323892713054 49.05482561057384
0.8333502298475995 -0.03242544915595042 -0.5517934257129095 -20.187597959931033 -0.0191156040744827 0.9959900872332224 -0.08739759615702336 -4.5143301024628135 0.5524146885210611 0.08338067150241354 0.829388736073734 50.012006618594
0.8264268257240331 -0.03141577969863722 -0.5621670130038097 -20.807042292876435 -0.019219985231936843 0.9962862264287529 -0.08393060941063242 -4.624986412016087 0.5627159975435059 0.08016734880412789 0.8227538527982319 50.917840812702515
0.8208989800349165 -0.028818137697270804 -0.5703458420268315 -21.451441718958584 -0.020692162601858494 0.9965691134199087 -0.08013636243501204 -4.731086589205635 0.5706984308586212 0.07758554708912285 0.8174862591495893 51.82877765143201
0.8157409919391481 -0.028552815395689362 -0.5777121868223959 -22.104469629833517 -0.022442547190015868 0.996466392812857 -0.08093861915153557 -4.836340413225061 0.5779818043379558 0.07899028248786742 0.812217685800259 52.73395026937024
0.8123905044357616 -0.03160857875496598 -0.5822564435467417 -22.735322796478837 -0.022397326225993372 0.9961014473929911 -0.08532447643856057 -4.93640087341526 0.5826834716040392 0.08235778196794254 0.8085154096668693 53.5997393606637
0.8089666720533077 -0.03629911166143383 -0.58673273131775 -23.39488817378848 -0.022436772373040603 0.9954579535788358 -0.09252055934827066 -5.0467193567874515 0.5874261781300494 0.08801043772886982 0.8044778729699756 54.49575106933064
0.8050884586034068 -0.037934484069306926 -0.5919404942576462 -24.067512808447535 -0.022278293230069107 0.9953148650017104 -0.09408505278407622 -5.162464985983626 0.5927362410670921 0.08893421402937596 0.8004713949296575 55.40107651159088
0.8007319418724952 -0.03827487350322623 -0.5977987883254826 -24.75884535082419 -0.020690156534634692 0.9955939660873703 -0.09145803470987522 -5.283816673532201 0.5986654113005657 0.08560192023974962 0.7964119766575539 56.31814756718881
0.7972183535986297 -0.03671783362994308 -0.6025733958440368 -25.4301191192589 -0.02019417714156435 0.9959680029151518 -0.08740670671510106 -5.396238236171865 0.6033532065838928 0.08185070471735961 0.7932624850843548 57.1949483712003
0.793671807106483 -0.03622586367347064 -0.6072666213496676 -26.095262815461943 -0.019632144680321477 0.996180309062565 -0.08508449172007382 -5.506821250048117 0.6080293097372695 0.07945110847007425 0.7899290347007736 58.054768236465506
0.7913565600999349 -0.03527789929429666 -0.6103361898234281 -26.775792800978117 -0.021760787076498055 0.9960756762622129 -0.08578878309305121 -5.616698793626308 0.6109674810762105 0.08117091215550518 0.7874833459110319 58.91199736919053
0.787181601742673 -0.03724451901205844 -0.6155956235073481 -27.462667098185335 -0.021500104912351884 0.9959107388232594 -0.08774705570711704 -5.725307776262804 0.6163463891081038 0.08230823834872457 0.7831618495134527 59.778176895275394
0.7832001183186461 -0.03999519282865692 -0.6204820377869591 -28.133166407383143 -0.02066638640068549 0.9957031235450104 -0.09026732651323753 -5.833151935098148 0.6214261622580726 0.08352050235306553 0.7790082480615307 60.61304614784403
0.77957407716204 -0.04167310103237078 -0.6249220838370969 -28.831603171788185 -0.019788756214052388 0.9956468584389073 -0.09108094426517177 -5.946875198511126 0.6259973349339872 0.08337077384239841 0.7753558220097823 61.47338256864709
0.7755519446699856 -0.04165313808937518 -0.6299080863157029 -29.552285911664296 -0.019649070681643264 0.9957446109807822 -0.09003656881555783 -6.065285667633125 0.6309778879960466 0.08220514454727473 0.7714332239863735 62.34427208367479
0.7706674544447437 -0.04200628202032121 -0.6358515132721542 -30.286129628207043 -0.01997374080226116 0.9957423230747978 -0.08999042013441937 -6.1834067823513665 0.6369244259235339 0.0820530213242295 0.7665471788178093 63.22044626045654
0.7644848065202589 -0.04294078730607987 -0.6432099730144245 -31.006964345775415 -0.020517909537079625 0.9956526158551987 -0.09085639178906833 -6.300184937200747 0.6443151371711757 0.08265565513765212 0.7602802422040539 64.06531112889647
0.7586398637678723 -0.04603268150486134 -0.6498819503076972 -31.68362917375754 -0.018798150206447872 0.9955389004089058 -0.09246040948126168 -6.410920841712572 0.65123896278638 0.08236073097112943 0.7543901665204957 64.85102100977753
0.7531754404130219 -0.04784170183834008 -0.656077684061775 -32.43253400499768 -0.017860641338774935 0.9954968911321924 -0.09309638681016418 -6.528778021717466 0.6575771844047043 0.08183588034200788 0.7489293259307118 65.70417007222146
0.7467059415629702 -0.04893401388394716 -0.6633518667492871 -33.19641861557845 -0.01797386645918287 0.9954416141886737 -0.09366393578082943 -6.649404023636599 0.6649114053459045 0.08186241522611917 0.7424226343628546 66.55326389298048
0.7404872883682905 -0.04972473167537037 -0.6702283393178692 -33.95762604765972 -0.018982827201877182 0.9953138253716884 -0.09481582829570041 -6.770104317252016 0.671802223899564 0.08293274434014884 0.7360733196358985 67.38379615792695
0.7329806274654755 -0.04983245602794078 -0.6784217906925907 -34.733002529200824 -0.019684958087365347 0.9953416696034305 -0.09437935778630059 -6.892383966948936 0.6799646330401432 0.08253294540533022 0.7285852117201559 68.21062639446617
0.7258425429089737 -0.05036004467369256 -0.6860149187910557 -35.50262210197689 -0.01939034697101997 0.9954220251511441 -0.09358956292417978 -7.011635573049161 0.6875875343167431 0.0812333536452807 0.7215431552636077 69.01700934756293
0.719599027570045 -0.051486593268971655 -0.6924784258255277 -36.29896809251233 -0.018255586449527093 0.9954999354811958 -0.0929871605132607 -7.134150327652329 0.6941498203440157 0.07955507004893245 0.7154208675638977 69.83643125224864
0.7144562558121913 -0.05320077390103418 -0.6976545966215346 -37.092390636020205 -0.017239563531821357 0.995463864319976 -0.09356544384746535 -7.254339560839741 0.6994676947365457 0.07887567742639004 0.7102982271767762 70.64068030718208
0.7084946939724441 -0.05570763483326233 -0.7035139856706312 -37.873233650857465 -0.015918047194163835 0.9953644440899776 -0.09484850665653406 -7.372230982812975 0.7055365932298745 0.07839823252302382 0.7043236704462293 71.42166364610316
0.7023272450579521 -0.05588164364027513 -0.7096574404269772 -38.72731046302674 -0.01618559354199506 0.9954026779773116 -0.09440092815904784 -7.503165017022459 0.7116701956742327 0.07778657068966134 0.698193942976693 72.2532481690216
0.6964347307110554 -0.05588538515926145 -0.7154407659513268 -39.57063134644782 -0.015637059170561657 0.9955445387596921 -0.09298684706047852 -7.6298285101006345 0.7174497531116145 0.0759466593824473 0.6924579096874629 73.0622633129913
0.691716051312304 -0.055250784373001016 -0.7200529530410122 -40.42233467484103 -0.017017874933718324 0.9955451155933538 -0.09273788196285287 -7.752424019356309 0.7219690410880888 0.07640205261891761 0.6876942853230363 73.86478201038939
0.6866597390376441 -0.056207132612503846 -0.7248028428671037 -41.26939296547192 -0.017215740869253232 0.9954698043938013 -0.09350661370454016 -7.87161138798355 0.7267750828496239 0.07668524488875145 0.6825813886748414 74.64967555487627
0.6811452716444777 -0.05854550301072504 -0.7298037701968879 -42.07480983633775 -0.017626575776598687 0.9951975291002094 -0.09628697678933336 -7.985767185471562 0.7319360783174734 0.07844936041841884 0.6768421345536775 75.390998666266
0.6767163828083638 -0.060754258385593965 -0.7337328242124518 -42.94898364165557 -0.01766347669679658 0.9949628950209319 -0.09867542309282397 -8.11436411124941 0.7360318871011947 0.0797355480296121 0.6722345599198776 76.1861379129727
0.6710896301701612 -0.06181775888542414 -0.7387944727489913 -43.806325695993664 -0.01804639673453604 0.9948602546571885 -0.09963634511730181 -8.243583292593271 0.741156552857071 0.08019749615678727 0.6665248125667987 76.95225231713525
0.6663564038370722 -0.06126387884305741 -0.7431122931390841 -44.671727823352626 -0.018466879254113555 0.9949571737041144 -0.09858598716518942 -8.37356887068212 0.7454046668997578 0.07941636886577026 0.6618647315881373 77.7145543875275
0.6620038768434423 -0.06142987694187614 -0.7469787394987614 -45.589200299203185 -0.017415150612321375 0.9951057183107979 -0.097269326687817 -8.507144144125652 0.749298057900461 0.07740141861785906 0.6576940328317875 78.51674140501869
0.656076891471463 -0.06283891095415053 -0.7520733898677965 -46.476458098012124 -0.016742714121905394 0.9950703574792481 -0.09774796770242183 -8.63677858258837 0.7545083127447798 0.07672193256310669 0.6517905730085453 79.28134437103665
0.6505317552990691 -0.06365535287911667 -0.7568067331871112 -47.372129504101835 -0.01623591995686854 0.9950880519288225 -0.09765328367062351 -8.76696372077845 0.7593054920456367 0.07581401557981374 0.6463028738842166 80.03994152560053
0.6455343377728071 -0.06408679071825715 -0.7610376482222533 -48.274761572182406 -0.016116401478852023 0.9951081396304862 -0.09746821043050685 -8.900280203815063 0.7635611831147496 0.07518426495342903 0.6413436254799892 80.7925765532243
0.6416747498806242 -0.06501897016725318 -0.7642159700529871 -49.15689475675866 -0.01534031239978742 0.9951129761797667 -0.09754403853708321 -9.029648031986419 0.7668234413351716 0.07431485825214826 0.6375414587788373 81.52566133596206
0.6377065255357206 -0.06754833332844215 -0.7673119378412598 -50.08285199644282 -0.01292243098842523 0.9950691599181845 -0.09833807887623457 -9.162323852903397 0.770171018713707 0.07262637017136968 0.6336892079633536 82.29021442252557
0.6331010971473792 -0.07191380457941729 -0.7707213539935808 -51.03852119298744 -0.009512104393851552 0.9948771554908817 -0.1006427610530066 -9.299281484246627 0.7740106721879133 0.07104822442035755 0.6291737670516224 83.07395803418447
0.6288600341217316 -0.07579398463818451 -0.7738154362489036 -51.96882381810188 -0.006077399287175343 0.9947277297526087 -0.10237093766848732 -9.43561498021365 0.7774947734244382 0.06907977673594298 0.6250838837658459 83.83024950243082
0.6231128249617586 -0.07898348027095489 -0.7781336756704884 -52.95752993250138 -0.0020111254855332064 0.9947228730923829 -0.10257856072843174 -9.579254395401671 0.7821293772404017 0.06548294122229695 0.6196657338165625 84.62703865729321
0.6142482905623469 -0.0818921290029882 -0.7848520349394484 -53.91826204005557 0.0015006487955757514 0.9947199667295338 -0.10261547564957232 -9.719415756399124 0.7891113898521726 0.061853593242054854 0.611127930476606 85.38525080222439
0.6051254131543872 -0.08288714523459809 -0.7918036091794425 -54.91491970097064 0.003404334146232181 0.9948258276692239 -0.10153808699825416 -9.865080998523778 0.7961228830172848 0.05874771278188519 0.6022765655237999 86.14987673231701
0.5953105892228967 -0.08230712259426753 -0.7992689409262316 -55.91286902010846 0.0039584958586073304 0.9950279250283816 -0.0995176302182221 -10.009503608323936 0.8034859256201224 0.056079996290706195 0.5926764727458054 86.89499919852342
0.586262998496379 -0.08300882022227596 -0.8058568311799191 -56.88180066603374 0.005199436313025101 0.9951016922599368 -0.0987197443444654 -10.146655209649664 0.8101041059370465 0.053685732059046025 0.5838229009872966 87.59825124184377
0.5765097919518223 -0.08399436497671978 -0.8127615926185393 -57.87981460968044 0.003880398168490236 0.9949725911868774 -0.10007240027562468 -10.282947794196858 0.8170810255376885 0.05453888006760367 0.5739373731229314 88.3002875845148
0.5650846144802151 -0.08644379394812136 -0.8204918335764235 -58.921356869473186 0.0054164266334174455 0.9948630998720471 -0.1010844935462703 -10.424758607898449 0.8250151761030045 0.052677158245637096 0.5626500477196218 89.02218988919108
0.5549215865771184 -0.08843941928396495 -0.8271883110075049 -59.91965636672215 0.005862892133662485 0.9947241221894898 -0.10241849066539715 -10.560378047620404 0.8318819983907348 0.051984515493212535 0.5525123988675488 89.68910637142815
0.5443077972968547 -0.08969996559058611 -0.8340760984316083 -60.984416282352626 0.007991831922473547 0.9947761661528427 -0.10176693901643664 -10.705314587216542 0.8388475144055499 0.04872674242446205 0.5421812908505154 90.38982769110831
0.5318115141808601 -0.0898858989856259 -0.8420789978073359 -62.05412613967308 0.00947144010414791 0.9949203237392794 -0.10021896643291354 -10.849828545475278 0.846809781005755 0.04532189949763547 0.5299614327655475 91.0688775024801
0.5202723789079918 -0.09067543895161803 -0.8491729014260584 -63.063560150853036 0.009208570190900656 0.9948850646762769 -0.10059279456859492 -10.9813364625078 0.8539507327594832 0.044515984264213174 0.5184462104833346 91.68647455229006
0.5094139986921242 -0.09234362010733842 -0.8555524728279221 -64.12636989145248 0.009741688785974062 0.9947806219638926 -0.10157073232348232 -11.122425454279506 0.8604664301622104 0.04340702697263237 0.5076547572645207 92.31983546373165
0.5004317944918484 -0.09348337293642048 -0.8607141674482293 -65.22137106862365 0.009755253304142293 0.9946991916402634 -0.10236382751332801 -11.266982975750942 0.8657210024567039 0.042829629167627364 0.4986910554348485 92.9537063773586
0.49034635092327394 -0.09486520228144973 -0.8663492653268251 -66.35284268050772 0.008871478786056916 0.9945500624140353 -0.10388200140730591 -11.41463196083365 0.8714825029800531 0.04325236118801593 0.48851558854481136 93.59032911331379
0.4792088864701178 -0.09505117577782093 -0.8725388914606177 -67.50683121346928 0.008871249695934585 0.994592487092672 -0.10347504794705596 -11.564958203955594 0.8776560511139327 0.041845652128589636 0.4774607809454416 94.22273808943379
0.46915228754278815 -0.09383541444171281 -0.8781178998801479 -68.584077804541 0.008228251171529248 0.9947602414296038 -0.10190366997108129 -11.705816875678188 0.8830789471933004 0.04058296523750847 0.46746614418212573 94.79474491038987
0.46048057768148626 -0.09246076527553021 -0.8828412340068786 -69.7234748032486 0.008133913990036663 0.9949581777571188 -0.09996031191146089 -11.851807890114731 0.8876325123728442 0.03884882750994127 0.45891098437472105 95.38770434365786
0.4525453178681197 -0.09295439161181582 -0.8868834288426635 -70.8606129268671 0.008172654715213563 0.9949428206725364 -0.10010989614959626 -11.995635786863454 0.8917039547913581 0.03805607273818773 0.4510163991887627 95.96366404821816
0.4459580400271619 -0.09532953874095282 -0.8899627551637032 -71.94263393354224 0.009304670544778126 0.9947519886281637 -0.10189162981504848 -12.133411396771882 0.8950055025759257 0.03715858129357086 0.44450465711290776 96.50226002333329
0.4409656459906834 -0.0975125404229008 -0.892211075652108 -73.11978968696086 0.00952358952154106 0.9945328831392807 -0.10398868014017298 -12.283039960878023 0.8974734538127824 0.03735838346264664 0.43948350468068004 97.07834583163304
0.4347954178632312 -0.09942030424578704 -0.8950243279983027 -74.30818675395096 0.010002791524181757 0.9943588852587552 -0.10559522464907896 -12.435243443134398 0.9004737024293724 0.03695957806362017 0.4333371675987386 97.65182999061045
0.4303725557768034 -0.10195037952613492 -0.8968754558736789 -75.46055204393811 0.010945145397726778 0.9941175478783402 -0.10775205238220986 -12.584856612056829 0.9025849915804964 0.03655709390573777 0.428956771550237 98.20324162457152
0.42510772076982684 -0.10295118765836785 -0.899268857851541 -76.65577874745725 0.013002789812649906 0.9941025960090196 -0.1076613025428195 -12.743500826955781 0.9050493650619128 0.03407464699538341 0.4239393414548466 98.76940559673308
0.42082528108776446 -0.10260900358143885 -0.9013198517626404 -77.79799687454941 0.015315051663145916 0.9942442145401478 -0.10603721538214474 -12.894913398404691 0.9070124210781012 0.03081938087419102 0.419974563244695 99.30453011165318
0.41830154558892085 -0.10175094513490257 -0.9025910270560384 -78.97536604510995 0.018669720212883427 0.9944588997436044 -0.10345500600702046 -13.048867025164324 0.9081163243247492 0.026424266969852415 0.4178833564644725 99.8533545081809
0.4152416439399272 -0.10184495479164525 -0.9039922468260193 -80.14935739622013 0.01994934113128126 0.9944939712301742 -0.10287742694714494 -13.197278766830657 0.9094923864038085 0.024684942177876562 0.41498705124760266 100.39244959644319
0.41176873491248667 -0.10164936532886754 -0.9056014109291177 -81.26924126789751 0.01993686708483345 0.9945264239257459 -0.10256565431132059 -13.340417551236946 0.9110702663787311 0.024178474759712458 0.41154145730276315 100.8964486188892
0.40895399221752754 -0.10151507556070133 -0.9068910197390047 -82.43552757337078 0.021669877150383876 0.9945933325428007 -0.10156042184676839 -13.486121823756385 0.9122976754731068 0.021881322979001548 0.4089427331926256 101.42107893469347
0.4051344301130679 -0.10178431280207856 -0.9085736333420469 -83.59520380641713 0.02326877280477721 0.9946095026244591 -0.10104702618724468 -13.630877893542193 0.9139609716771933 0.01979623591834257 0.4053189500804841 101.93938351377668
0.4034553263380234 -0.10267623651765595 -0.9092202099073963 -84.76519608089329 0.024671638916695 0.9945434516013125 -0.10136386491305543 -13.775982438078227 0.9146666659951284 0.018463838482783178 0.4037870438558404 102.45136282233106
0.4014666266113833 -0.10325924115292474 -0.9100341075112505 -85.90974549724726 0.026217137164512558 0.9945125611321678 -0.10127895866977174 -13.918193888973912 0.9154983393956394 0.01680163286285976 0.40197076472918825 102.95628224724462
0.4001948762764122 -0.1028837615634267 -0.9106365864650219 -87.01026542972924 0.028154086360248562 0.9945894403989521 -0.09999596225907881 -14.056065241963585 0.9159974936774264 0.014379730646274652 0.40092619635440857 103.44087611526672
0.39913874488542217 -0.10258261612873962 -0.9111339469032387 -88.12786870734679 0.029004215101826457 0.9946369145428253 -0.09927821379867556 -14.194014433063149 0.9164316765791201 0.01319905666751231 0.39997345795123823 103.93079839885266
0.3983716065855988 -0.10355902650905488 -0.9113591998190975 -89.22789826255679 0.02991752684933769 0.9945441895657001 -0.0999339611359612 -14.331071636468625 0.9167360605177632 0.012545239320216887 0.39929639657373617 104.41003782592641
0.3972933094700246 -0.10452695142493569 -0.911719333279801 -90.28698845252741 0.031025935382738026 0.9944539573457898 -0.10049237808373801 -14.465772953424281 0.9171670608912981 0.011638004343869128 0.39833295027013604 104.8731554118534
0.3968894253276158 -0.10599708086901248 -0.9117255085333322 -91.39381905561093 0.03163238558823776 0.9942990805314529 -0.10182696419075324 -14.605909023709923 0.9173211957897367 0.01157399246396524 0.39797973120918123 105.35158863687745
0.39867578187523933 -0.1067850704300448 -0.9108537586678868 -92.48083030801304 0.030999456562812597 0.9941994388343423 -0.10298790955393429 -14.742258173745858 0.9165678669029244 0.012822813838211433 0.3996735177695586 105.8208077336331
0.4009187703420157 -0.1075823806927162 -0.9097747913368086 -93.56851375889765 0.030202905777205837 0.9940931063387268 -0.10424337107190136 -14.883577096596989 0.9156155984200245 0.014315281845230413 0.40179988630614655 106.29561564615659
0.4039476325616937 -0.10913097803555413 -0.9082492718305952 -94.62641742943005 0.02936042076304963 0.9938937481383078 -0.10636344815867421 -15.01857120016294 0.9143108201483889 0.016298682296115162 0.4046851580117446 106.758536304927
0.4080254482684176 -0.1098201173853817 -0.9063414231859968 -95.65440761933641 0.02869021984812064 0.9937910108321186 -0.10750022360136222 -15.1546062438832 0.912519646281889 0.017859692235236146 0.408642785991432 107.21444712156668
0.4128703228326666 -0.10946228071947756 -0.9041880919497559 -96.6928069623459 0.02805735721177039 0.9938090634780483 -0.10750037234901053 -15.29245132305631 0.9103575568041059 0.019014585153904452 0.4133854911835733 107.68213371512218
0.41714248268108595 -0.10863128726638392 -0.9023255468895405 -97.74218450858706 0.02705096959598187 0.9938750843585802 -0.10714738323982693 -15.432286392600236 0.908438437202311 0.020286944522856523 0.4175261018132272 108.15835824766445
0.4245854185687661 -0.10818095551258916 -0.898901609300578 -98.76893135248108 0.027010200040955584 0.9939074803461883 -0.10685677145431224 -15.571674283454614 0.904984901217989 0.021090314750490634 0.4249206128104307 108.6310692636676
0.4337960826160948 -0.10765912760129961 -0.8945560189004697 -99.79536001228188 0.0270592715924556 0.9939445835584704 -0.10649864147332913 -15.712722608039305 0.9006046605074925 0.021992659204972502 0.43408244425832054 109.11794271582536
0.44232329136085863 -0.10703077228437674 -0.8904462475095885 -100.81427188592615 0.027013683331078835 0.9939929262650725 -0.10605811354105188 -15.84727956960585 0.8964487530431315 0.02285774090343024 0.44255751812414906 109.61289552078797
0.4513220036764412 -0.10704054899952917 -0.8859180378947942 -101.83695642510342 0.02543518847215815 0.9939194003743818 -0.1071320528451473 -15.981488462674546 0.8919985987572336 0.025817560483303623 0.4513002918078192 110.11829391419285
0.4625241184716556 -0.10823714118483527 -0.8799750911816496 -102.85455750386707 0.0247247307544639 0.9937088659439639 -0.10923084469819407 -16.121056402337196 0.8862618842763902 0.02876475295384541 0.46229045141162833 110.63837975081063
0.4737124535686628 -0.10853293686646787 -0.8739663111064961 -103.81786295305305 0.022425095096116975 0.9935419399124936 -0.11122737408052476 -16.256288639575455 0.8803940177238188 0.03309101464231913 0.4730870515096078 111.13952318937783
0.48476392201096247 -0.10779732016648069 -0.8679767725472124 -104.80371504298523 0.021670581376939786 0.9935516759632557 -0.11128995054986593 -16.396421950640836 0.8743765354921961 0.03513979162618116 0.48397403775939635 111.67295873191648
0.496380463641796 -0.10498474930443538 -0.8617335073723433 -105.80476598434936 0.020357304049892777 0.9937951072568896 -0.10934745065198148 -16.539029954086473 0.867866358079731 0.036735367233119674 0.49543768256731535 112.23109524490607
0.5093419245510389 -0.10306501073946618 -0.8543701817455462 -106.80186800211963 0.021192959421653806 0.9940034928134841 -0.1072749492917438 -16.681127397977477 0.8603032386115934 0.03653299653556755 0.5084719046304685 112.80757342232779
0.5207864048264643 -0.10192204326502396 -0.847580921000826 -107.77025213102526 0.021838585438464897 0.9941130436795234 -0.10612413755730074 -16.818134434348945 0.8534076380804034 0.03675803970448651 0.5199463912588591 113.38904135621353
