1.0 0.0 0.0 0.0 0.0 1.0 0.0 0.0 0.0 0.0 1.0 0.0
0.9998975986380386 0.0018589346720011288 0.014189312871636925 0.015328742563724518 -0.0018412434393592393 0.999997511408481 -0.0012597616607957153 -0.0014288071542978287 -0.014191619374862963 0.001233506680251986 0.9998985330526238 0.16263557970523834
0.9994872621564627 0.005054849748544532 0.03161742053043118 0.03414710106953369 -0.0050168550283923845 0.9999865951187673 -0.001280917014758917 -0.003479591042640197 -0.031623471545714044 0.001121640224958129 0.9994992235967985 0.3894399647434486
0.9984488070060008 0.006239658417304058 0.055326724565343696 0.0675505200774708 -0.006215561949806643 0.9999804986179465 -0.0006075964545007675 -0.006182768719129015 -0.055329436812081814 0.00026276727112158445 0.9984681188577927 0.5943364566999108
0.9965327730537981 0.007572446897518653 0.08285584033544009 0.10880205821881266 -0.0076352470105253145 0.999970753785366 0.00044110884748936504 -0.010341230943799216 -0.0828500768424263 -0.0010722042302328733 0.9965614457449641 0.8157114304696723
0.9932940985893345 0.0057258632976526155 0.11547314924733783 0.1755371339935995 -0.005926847052824509 0.9999814599138968 0.0013972517612083147 -0.01557297969668689 -0.11546300789263107 -0.0020722736229487216 0.9933096191472314 1.078532743000029
0.9885234018650361 0.004372782084443519 0.1510045123233696 0.2511501517087745 -0.004680216133897237 0.9999876355375346 0.001680579956820819 -0.02345619864051288 -0.15099529642381815 -0.0023680263708898293 0.9885316448697989 1.3394890082314321
0.9818296784202823 0.00457735775325478 0.18970906770400803 0.3382527967083123 -0.005080312058542468 0.9999847515650521 0.0021649634567884745 -0.02844709064214232 -0.18969626512536564 -0.0030894066388418118 0.9818379614600911 1.6493731211683156
0.9729857920133558 0.0051937327686000685 0.23080657200363924 0.4335993594697449 -0.006250191891358378 0.9999730701147507 0.003846315977788504 -0.033728443527285094 -0.2307803796718082 -0.005184996162791543 0.9729920514440639 1.9208840448834963
0.9622479659397544 0.0028929036108748885 0.2721589299536282 0.5567021393488343 -0.005425853527450448 0.9999486865600181 0.008554785818102154 -0.03956366873599393 -0.27212021637192707 -0.009708519742635088 0.9622142861577679 2.222214827861494
0.9501000439917252 -0.002828727752730427 0.31193253229860946 0.6993942859279022 -0.0012884442019997795 0.999914769871296 0.012992032357244877 -0.04721117743984703 -0.31194269717122797 -0.012745638176815524 0.9500154221848219 2.511627995173871
0.9350367997297913 -0.006919767963438494 0.35448314482130483 0.8605235300278622 0.0011293709534312053 0.9998625827682976 0.016539047770613425 -0.05395291298657983 -0.35454887910176724 -0.015064275330770389 0.934916124546175 2.8061317869389395
0.9156783543200504 -0.008670360032532652 0.40181833741957385 1.0403954919221783 0.0011646214987097283 0.9998203234032849 0.01891995154633055 -0.05929840410010957 -0.4019101828599133 -0.01685662382142442 0.9155239260373559 3.11075647388487
0.893501837720501 -0.009145867605312887 0.4489663897173526 1.2414866416722465 -0.0005347874854384031 0.9997701962265403 0.021430556210481705 -0.062076895994269736 -0.44905921657664827 -0.019388342964041197 0.8932916165310608 3.4183613971297975
0.8702116134748401 -0.012664387419897803 0.49251534094360394 1.4548824268254563 0.0005116795290154392 0.9996922594337234 0.024801705835623515 -0.07126647868463466 -0.49267787240505867 -0.02133072243445939 0.8699502941679191 3.7026512545722268
0.8415637787078146 -0.01664410250761884 0.5399012689545568 1.6938497232035625 0.0024228402599108427 0.9996314130495464 0.027040116302311033 -0.07263573746046405 -0.5401523268598403 -0.0214478879212716 0.8412939152826538 3.981103397973113
0.8152281460190709 -0.020651112392502977 0.578771631557094 1.9283511940860798 0.004795743281055493 0.999570497657228 0.028910570033529096 -0.07195850178943605 -0.5791200832165041 -0.020793070245482975 0.8149770410539647 4.224468380316838
0.7850551092021747 -0.023838180751032105 0.6189670561944659 2.164246419127141 0.006940222195829746 0.9995349882043685 0.029692434577952453 -0.07322508993987482 -0.6193870428346354 -0.01901442856818466 0.7848554915873313 4.44406996465574
0.7502925205824452 -0.025208124329125073 0.660625222063046 2.4572733913285654 0.006419490802429324 0.999503465480303 0.030848219246862894 -0.0700991152637289 -0.6610748245818161 -0.018904310637322105 0.7500817977683828 4.7172395380405545
0.7142573885469348 -0.02408065534596494 0.699468730497813 2.7726113544197193 0.002212612195077894 0.9994806127588404 0.032149791079997894 -0.061083257639711806 -0.6998796234020445 -0.021415572775953715 0.7139396935241034 4.991776101479057
0.6788868524440403 -0.02477517505213466 0.7338247967190535 3.100094685386753 0.0008087266160861223 0.999455185323851 0.03299512828475533 -0.05649846263167619 -0.7342424582792012 -0.02180649514257418 0.678537021266867 5.239437702969073
0.6445910074770125 -0.02483189330411765 0.7641242112082978 3.4391049861438305 -0.0008210942802550289 0.9994493221980655 0.03317194842047561 -0.05464362437131584 -0.7645271472511315 -0.022009757671557384 0.6442156561923083 5.472007548362955
0.6096050260534699 -0.0279086435832199 0.7922138725266641 3.8616435009865167 4.069435352449177e-06 0.9993801574484744 0.03520370551096217 -0.05296941012654396 -0.7927053123284771 -0.02145713195204921 0.6092272804911187 5.752884648060522
0.5773332827977586 -0.02767556916751889 0.8160394251782307 4.302251229946684 -0.0017264205808409736 0.99938178894716 0.0351149454328556 -0.04641087984946299 -0.8165067666871729 -0.021681853980420017 0.5769285893089633 6.034224557994305
0.5465877108145152 -0.026918064496620313 0.8369691106548102 4.760484918870196 -0.0013286074853305126 0.9994540902307371 0.03301145745343404 -0.04221433223276821 -0.8374008055815912 -0.019155660385529683 0.5462535597014415 6.301751842522794
0.5152434051818038 -0.026445499644086982 0.8566357854801737 5.27007565339682 0.0009946758459780745 0.9995415990139378 0.030258923652728163 -0.03398008929908682 -0.8570433151461022 -0.014738635935350299 0.5150335217965372 6.577319211979364
0.4858386231632656 -0.02533664122686722 0.8736812272529174 5.807847923668567 0.004192033435117919 0.9996358175005207 0.026658192469577263 -0.028468403798829537 -0.8740384768981865 -0.009289078609161665 0.48576790128629493 6.848844147288938
0.46195837307631377 -0.024527740716472974 0.8865623787867558 6.363329353154921 0.006519922229578718 0.9996844199528246 0.02426007250000127 -0.02489616987811481 -0.8868776421574771 -0.005426825861454047 0.46197250719308386 7.119092088945297
0.4390783670757429 -0.023465690588165018 0.8981422765527297 6.962761000846187 0.008772769121102694 0.9997231866658691 0.021830908469141874 -0.019452630845572007 -0.8984059361380284 -0.0017062848123121574 0.439162683414805 7.399634041327442
0.4217263692179646 -0.02420232986894856 0.9064000864602496 7.594006232617923 0.012590675958175049 0.9997036336180947 0.02083554198226432 -0.01295033506158133 -0.9066357286061196 0.002625292306214045 0.42190610739257817 7.677455041676444
0.40953430950389624 -0.025302915410168214 0.9119437547408904 8.24086043160892 0.015359942748109657 0.9996648475982739 0.02083901713360705 -0.01090697918508117 -0.9121654024890125 0.005473111369764602 0.40978570442853723 7.956393392870025
0.40229268129464046 -0.025148273780217813 0.9151656477942361 8.910864516800197 0.014835063441342292 0.9996704725524134 0.02094915748964465 -0.002642871904611722 -0.9153909107422141 0.005148847706991762 0.4025331910511605 8.253587365532095
0.39877790876251185 -0.025947971334168124 0.916680359921952 9.555858440525357 0.014918760049873497 0.9996508914390975 0.021806555060174967 -0.0037578862934682876 -0.9169261748262902 0.0049797619078961325 0.39902580353877937 8.535068703427047
0.389519067677713 -0.026421817401976834 0.9206393340937925 10.261439124110948 0.014581049387873468 0.9996400586601 0.02251990499048047 -4.631575175813958e-05 -0.9209029747558825 0.004651955202757905 0.38976412148703204 8.838524375961157
0.3810143541253409 -0.026269438829441827 0.9241958550729578 10.98784745676291 0.013759410036823828 0.9996466883826558 0.0227415267963271 0.007260612964513264 -0.9244667330877233 0.004051541580155133 0.38124118930794504 9.142750127848705
0.3719595744385712 -0.026685528621482893 0.9278652690696367 11.670249751553747 0.014183645439118285 0.9996333778610379 0.02306369589179251 0.010606649497452523 -0.9281405600368593 0.004581749482864045 0.37220170390010565 9.414678189319934
0.3619462995352601 -0.026291605211977407 0.9318281106234722 12.422756117283452 0.013336030619143232 0.9996459364802195 0.023025029118570045 0.013653909075753212 -0.9321035492583737 0.004093064128894975 0.3621687732066083 9.71324569077417
0.35503103104316386 -0.027027402646575445 0.9344637427437237 13.169843299197986 0.013063804982859077 0.9996278266726666 0.023948802497230245 0.018366968749533218 -0.9347632341913101 0.003705084055915849 0.355251978680402 9.99607629818488
0.3455215570817541 -0.02885875045530193 0.9379669642977617 13.950667388611782 0.0115035569357504 0.9995821741059132 0.02651688872250719 0.02333708229543335 -0.938340301686774 0.0016277996972879783 0.3457091675071973 10.288653721914509
0.3315595715997527 -0.032162369988194564 0.9428859063732637 14.800603666401415 0.012454896872274017 0.9994808666626136 0.02971317416992254 0.02807392061451887 -0.9433520689670902 0.0018918594275512575 0.33178802697417653 10.587952523096485
0.3211706062052587 -0.03430482994283822 0.9463998205580663 15.601774816355192 0.014676834973334631 0.99940398096385 0.031245373237880562 0.03364250990100447 -0.9469076154646304 0.003855058521204574 0.3214826687379678 10.854306370031988
0.307148447064038 -0.03487793982857864 0.9510222714424014 16.42189278935102 0.0163276002204265 0.9993742214712202 0.031377936991380674 0.04255922115031442 -0.9515215399228713 0.0058902268298576515 0.30752571321875033 11.114877837656534
0.2915433585852626 -0.03393385234371285 0.9559555239287757 17.230199535419963 0.016613407708946225 0.99939945404406 0.030409306811089443 0.05143938008481264 -0.9564133336320241 0.007016047430693334 0.2919320303244044 11.359793871675889
0.2751052771281793 -0.032697321827537845 0.9608579352024597 17.993431749697645 0.017559477486181304 0.9994256816444291 0.028982263886392964 0.05900513351991368 -0.961253739262761 0.00889898954233809 0.2755214270042992 11.573951972596596
0.2555203660832869 -0.031046884730430088 0.9663050416225709 18.817504901056182 0.015671927158859976 0.999485935300888 0.02796883685169317 0.06623386079435281 -0.9666766435658776 0.007997254794279722 0.25587557659918414 11.79997261160582
0.23173220526919708 -0.029270540888278053 0.972339148896712 19.66784951600748 0.013553319029131249 0.9995473347482149 0.02685950746075913 0.07222445241441589 -0.9726851970624254 0.006954209793184925 0.23202402113096626 12.010169031574007
0.20365026250071416 -0.028254610265025286 0.9786359116556893 20.48081096053217 0.011597028620835533 0.999582969778622 0.026446085829819548 0.0779190967231097 -0.9789750147529599 0.005963516355489333 0.20389300371057384 12.183923959903176
0.1735230115563483 -0.027883622527265346 0.984434999405838 21.36422000228388 0.010171324771026204 0.9995965301688063 0.026520200355292473 0.08730170631060401 -0.9847772888388612 0.0054111430621936775 0.17373661363668502 12.349498406310701
0.1428277756884559 -0.028015850663846445 0.9893509683643461 22.214446589186903 0.010146973573516968 0.9995882184256892 0.02684087390259681 0.09465045960234728 -0.9896955417799894 0.006205295813884218 0.1430532379384532 12.475299841987951
0.1112042386469087 -0.026784808929668703 0.99343655626193 23.089890503308844 0.01002528760105733 0.9996160993215868 0.025829200251105036 0.10422214485687697 -0.9937470054875525 0.007087170641147139 0.11143007267710897 12.578983267748228
0.07908466994857877 -0.025034351056298774 0.9965535089729574 23.94748423665958 0.008629130189337454 0.9996643563079517 0.024427706392207107 0.11694992426222356 -0.9968305538512048 0.006667532871940234 0.07927415035244323 12.653320408360655
0.051404883049250505 -0.02225994391280539 0.9984297836581659 24.783749103106686 0.00641960036412665 0.9997382700844637 0.021958598764247793 0.12842236879710608 -0.9986572618921159 0.005280741001325279 0.05153432879759989 12.703477499745492
0.023302505729739464 -0.01925367417821472 0.9995430402225585 25.68578762054225 0.00877564726575982 0.999779949015366 0.019053649569027956 0.13626558015543608 -0.9996899425530812 0.008327639369683629 0.023466341443567074 12.728207540043352
-0.0036791313350693633 -0.015107592257982288 0.9998791050165944 26.548960910901975 0.0117319648116176 0.9998164052218756 0.015149813558752829 0.14035291255868257 -0.9999244096401879 0.011786284629710852 -0.0035012141250093665 12.723189009873176
-0.030724228386971364 -0.011081858142980787 0.9994664647751442 27.40872002275014 0.015739882594511177 0.9998091830381359 0.01156951202629643 0.14242704486827562 -0.9994039613119096 0.016086949142533648 -0.030543938536955306 12.693357524447132
-0.05965814653594098 -0.007870749185865632 0.998187836461229 28.265690560568988 0.02010778992279713 0.9997565411450731 0.009084889765997266 0.14422886779049657 -0.9980163236822915 0.020613339003976508 -0.05948535886073386 12.640283475560901
-0.08461909036733883 -0.00434241408761802 0.9964039105630287 29.11012366503301 0.026220019533844712 0.9996345191394899 0.006583215050854069 0.1441164528528754 -0.996068331050159 0.026682795667857716 -0.0844743055271745 12.562174264081914
-0.10789961354723743 0.003262833487338121 0.9941564400606127 29.987048431713376 0.031144311950364108 0.9995148932731095 9.979169754023576e-05 0.13987871372355837 -0.9936738424802654 0.030973085782310995 -0.10794888942284864 12.466616403981837
-0.12960331578688866 0.016665286346964903 0.9914258665013829 30.85768821178279 0.03446953069694378 0.9993301528758955 -0.012292152235140576 0.1316361424162792 -0.9909666149727632 0.03258088065128207 -0.13009094597784443 12.354738789525127
-0.15162247923930272 0.03229684018743096 0.9879106932831708 31.703718269444575 0.03764751969612511 0.9989295187025793 -0.026879005289697996 0.1159008765732244 -0.9877212603007276 0.03311692586188044 -0.15267606613808737 12.225264263759962
-0.173116762844998 0.046355773281100854 0.9838098031152057 32.5751765857788 0.03910191549526357 0.9984277124591077 -0.04016395396714372 0.08527289673818483 -0.9841248023633334 0.03151579409097522 -0.17465717304521233 12.080013742368685
-0.19411651204490626 0.05556249999755071 0.9794036901837474 33.42922301653222 0.04344444824701295 0.9979020269954726 -0.048001296178745344 0.045580959493815264 -0.9800159997000214 0.03323180874326879 -0.19612314299852135 11.907199739933615
-0.21389307845857908 0.059838362173993034 0.9750226260963621 34.25784716942583 0.047206050976880354 0.9975891323230982 -0.050867591077388745 -0.0006355635015922248 -0.9757158089006659 0.035146742141801794 -0.21620214332456889 11.724010429020586
-0.23327736824041728 0.058386099851327186 0.9706558261355959 35.08061196540453 0.049134296138738154 0.9976284731611196 -0.04820010872565077 -0.05017279597253 -0.9711681061535001 0.03644849629771611 -0.23559290462121268 11.527805945165989
-0.25379636999849575 0.05442278567327189 0.9657254076470951 35.84972163792644 0.050402805952801465 0.9978035338416507 -0.042984474001648405 -0.0957569514645098 -0.9659435592868102 0.03776596685741355 -0.25598197596638284 11.32310190770333
-0.27018592641783795 0.0519769212028865 0.961404163101036 36.630630773565784 0.05440884580618569 0.9977703511502269 -0.0386523461589555 -0.13994844536170448 -0.9612695993652215 0.041865570912408924 -0.2724115109689836 11.098360612026
-0.2859046780895818 0.05264421414736001 0.9568109017790817 37.415939990202205 0.05813134977779914 0.9976036858510835 -0.03751842413193371 -0.18205871997425435 -0.9564932102317839 0.044894016228662306 -0.28827983989061196 10.860150376947338
-0.2965608228663013 0.05623640455447808 0.9533567774677263 38.195368698610494 0.06041216628534701 0.9973701168046327 -0.04004023313900057 -0.2246561849408191 -0.9531012792487346 0.04571998368218229 -0.29917826556507593 10.614458794552444
-0.3047586737611148 0.05924671479482881 0.9505850711816312 39.01722740221367 0.062780246011178 0.9971423529040471 -0.042021051340448805 -0.2721245285858513 -0.9503582437576593 0.046871684746773064 -0.3076073043522483 10.348697674553119
-0.3126508844531573 0.06053142300818426 0.9479374300444428 39.791946824820734 0.058801913880600354 0.9972867515028265 -0.04428848835666205 -0.31391815312019733 -0.9480462854600702 0.0418937000698672 -0.3153619484335722 10.10054870272288
-0.32329693868776793 0.05970776544531836 0.9444120245849502 40.59421314939241 0.058927938265609756 0.9973408034741975 -0.0428814623958513 -0.35997210723660256 -0.9444610037089315 0.04178880796300811 -0.32595568410774595 9.821624974310112
-0.3323046936730325 0.061695794837011535 0.9411520703171733 41.3444489446274 0.061513868105628956 0.9971514234729865 -0.0436472530233029 -0.40623179586203617 -0.9411639785890423 0.04338971727525222 -0.33515324530909485 9.549195474523174
-0.337173751227282 0.06492230683816376 0.9392012327281809 42.07569605214641 0.06444995980812461 0.996870706470135 -0.045771140060800714 -0.4512093868951934 -0.939233764386723 0.045098654708822836 -0.34030287565549655 9.281203267040778
-0.3411290655872431 0.06832062460659505 0.9375304010350488 42.85668322753252 0.06668090249579822 0.9966015710373382 -0.0483628560804228 -0.5005207686831943 -0.9376484511019686 0.04601739735441973 -0.34452544359858994 8.99381932409485
-0.34230762434359563 0.07102512917043349 0.9368996324807516 43.642986800626595 0.06664108657973447 0.9964628956114643 -0.05119241397989237 -0.5516879573066276 -0.9372216684945543 0.04491245591080034 -0.34583003832568426 8.70903857420974
-0.34142731550579564 0.07118997201697924 0.9372082885414148 44.465641008579055 0.06790589999503457 0.9963900746587123 -0.05094710852904493 -0.603745306357184 -0.9374519598210729 0.04624723781835658 -0.34502900750777776 8.404682120806084
-0.33822849086594753 0.07173029510694548 0.9383263039744832 45.29641546877378 0.06813608465329807 0.9963405082738385 -0.05160489841815605 -0.6591350132179611 -0.938594141221147 0.046479633566758244 -0.34187816796168435 8.105176668270023
-0.3317970614209514 0.07141065650034496 0.9406440496652337 46.1374568472341 0.06621457718517264 0.9964343385991214 -0.052289947683275266 -0.7128165681284672 -0.941024090977808 0.04493469704716598 -0.3353424118728037 7.8142217440618955
-0.3240318505908199 0.07138734746456374 0.9433489314271061 46.960175973739055 0.06496966571740334 0.9964739246445529 -0.05309105423751792 -0.7699618401310617 -0.943812641544527 0.044085872175288185 -0.3275273019692965 7.534128758242059
-0.3172063061927231 0.070732685087413 0.9457150979929914 47.83753740857541 0.06179377838961718 0.996637095112584 -0.05381477118677392 -0.8281633853107278 -0.946341211331253 0.04136892439833086 -0.32051041142250264 7.246134361140244
-0.31302811709010603 0.06967826056649079 0.9471844265587622 48.77152501774882 0.058514010497211305 0.996825439752365 -0.0539921590421827 -0.8900351458439963 -0.9479396122573184 0.038522495595850484 -0.31611154494341476 6.946789055954183
-0.3119555795289262 0.06913378515312052 0.9475780897378188 49.70961467516388 0.05567073917963511 0.996965586197754 -0.05440945447770826 -0.9510457962866984 -0.9484642772397729 0.03577903978268478 -0.3148577061344762 6.646118636193387
-0.31194581797784876 0.06797068189719344 0.9476654436290064 50.6633706193465 0.053561509443643525 0.9971095529623899 -0.0538860287761269 -1.0176053377583145 -0.9485889369754685 0.03394887028420285 -0.3146847674327072 6.336674510272898
-0.3122341928576245 0.06791835735979654 0.9475742216544809 51.596434834487226 0.05216999083698555 0.9971618440798264 -0.054282121986795696 -1.08239787451406 -0.9485716108268354 0.032486203915931704 -0.3148913236158087 6.035285695124705
-0.3123526052031898 0.06870044926860598 0.9474788115272407 52.55993847622518 0.05292666945691235 0.9970909144693942 -0.05484957559349468 -1.1499737408455324 -0.9484907051115364 0.03301449004421306 -0.31508003072892704 5.718511182756365
-0.3108019553438753 0.06866295781081229 0.9479913199914303 53.536534727121705 0.05307486387190219 0.9970847718397122 -0.05481803161668835 -1.2202492308679103 -0.9489916771918512 0.03327695884572091 -0.3135401738702353 5.396357168460491
-0.30951436874391275 0.06876380189152916 0.9484051850820302 54.48699190256355 0.05421053569074838 0.9970357445653688 -0.05459800251935175 -1.2883349534061201 -0.949348236086832 0.034514686850724494 -0.31232461163093944 5.080732486257173
-0.31025221725032276 0.06955835962366122 0.9481061102522883 55.46897373256192 0.05531239358362272 0.9969508207013078 -0.05504180428582818 -1.3587876301980084 -0.9490437823447921 0.03536517650817565 -0.3131536419766449 4.757962524553591
-0.30937313845583003 0.06960833459238264 0.9483896567114515 56.4594038590355 0.05548284718327376 0.996939641254545 -0.055072727948563896 -1.4322984316742724 -0.9493207650053944 0.03558133570474761 -0.3122884142568192 4.435478490717732
-0.30968894795562757 0.06982477274755758 0.9482706663315537 57.45591244316465 0.05692566267723134 0.9968726350928712 -0.05481257457694744 -1.5085673256725656 -0.9491323534907525 0.03700608752282919 -0.31269525906760737 4.106293085121523
-0.30875512142123696 0.07023988089360836 0.9485444818922354 58.45394555114547 0.05736027235623678 0.9968294217017466 -0.05514438489075801 -1.5845132528327959 -0.9494103823696979 0.0373826585706987 -0.3118051678321112 3.7778525781203585
-0.3075199271297232 0.07047400873336992 0.9489282947152429 59.388919608322 0.05846616348136058 0.9967687412819602 -0.05507979784773612 -1.6561869753156808 -0.9497437560447033 0.03854206139045441 -0.3106465956000063 3.4697277294936257
-0.30554291463636224 0.06894438601951733 0.9496789978471193 60.36595350481551 0.05928001591768577 0.99681773970559 -0.053294216581520046 -1.7313579902938347 -0.9503312091204391 0.04001331584148991 -0.3086576218515487 3.149421051047548
-0.30146845647070436 0.068012941350105 0.9510473224619679 61.34748874568498 0.06074393219595887 0.9967964126868398 -0.05202966803680481 -1.8086771098275185 -0.9515392500861665 0.042085050357039314 -0.30463404944605527 2.831969987912635
-0.29859384805520883 0.06816853875050435 0.9519426265422742 62.32486923712187 0.06160740266361456 0.9967422328185849 -0.0520523702905556 -1.8817313802061737 -0.9523897531161422 0.04310419516059711 -0.30182078543223456 2.522893042519055
-0.29711153457825273 0.06831032454181604 0.9523961547494548 63.3286838644822 0.06193775195638737 0.9967157715074515 -0.05216690244680935 -1.9570243889010692 -0.9528318061983159 0.043489888356923335 -0.3003667403484574 2.208600949952117
-0.29373999848303906 0.06827969447399679 0.9534435990732341 64.33218686004011 0.06127891775785315 0.9967389403203211 -0.052501229390840884 -2.033624824362871 -0.9539191304977642 0.04300428085273694 -0.2969662005998805 1.8984309225630116
-0.2930175308769073 0.06937261103488429 0.9535870004551253 65.32489086258087 0.05988742846012431 0.9967375012946282 -0.054109605666410106 -2.108814199346292 -0.954229648727828 0.041252810221166246 -0.29621610884221383 1.594201914420431
-0.29445667734179415 0.07150336051815712 0.9529861145911 66.30199200315182 0.05988920674033089 0.9966176346386877 -0.0562723132917201 -2.1823540267082215 -0.9537864268717839 0.04050382403919467 -0.2977429968166464 1.2948907817251047
-0.2962195933814331 0.07243243744323899 0.9523694107346002 67.25356777679261 0.0596935977275951 0.9965749651581293 -0.05722773113106573 -2.2573584637203505 -0.9532526563756717 0.03989838124667175 -0.2995287837364229 0.9975356878553849
-0.2999016849007597 0.070995983774228 0.9513246289682692 68.22607580208383 0.058981715033033476 0.9966989557557902 -0.055788429688237454 -2.332332420026751 -0.9521450187263741 0.03937971410824277 -0.30309916105345064 0.6917273246072284
-0.30270323829478707 0.068533218358026 0.9506176663135082 69.19507582156554 0.06133669364463048 0.9967445306586262 -0.05232734098786019 -2.4102310675750607 -0.9511091207314721 0.04246808900346439 -0.30592139820189057 0.37579160874821455
-0.3068311698268344 0.06709231772455361 0.9493962576948802 70.16146767656613 0.05914176070846653 0.996928635285832 -0.0513375913676387 -2.4786012470532266 -0.949924673520484 0.04039699307467966 -0.30985673719886336 0.06511741020050099
-0.3099608452025567 0.06921335533522872 0.9482266532240886 71.1390452730734 0.06101178456312865 0.9967389860782474 -0.05281056500483269 -2.5526210099253674 -0.9487896693080817 0.04148379291900208 -0.3131728888957573 -0.25905318471076355
-0.31242728323027835 0.07147466789627069 0.9472489453899989 72.0519395420278 0.06198197616220832 0.9965742905124944 -0.05475324757990181 -2.6205134347606287 -0.9479174158777625 0.04160595316341635 -0.3157871392837093 -0.5616733386383745
-0.31455436805926323 0.07274806445070076 0.9464477104697936 72.98606503787533 0.06147450467881189 0.9965270927569392 -0.0561661702085632 -2.694943218233599 -0.9472467655312063 0.04051509002926252 -0.31793410114454285 -0.8715472378112427
-0.3161439929462374 0.07359053352894561 0.9458527417621282 73.92545594342978 0.061816611188744715 0.9964661983417844 -0.05686670505147643 -2.7684873291704917 -0.9466951369396325 0.04049134397864789 -0.31957592017806 -1.187889462647937
-0.31753258347316926 0.07352555634893577 0.945392538047786 74.82249335797411 0.06194333227046446 0.9964682440172835 -0.05669270016803457 -2.840907969544594 -0.9462220046162982 0.04055898456188593 -0.3209655538390732 -1.4895466482164983
-0.3198360236467673 0.0673484343464376 0.9450762436803225 75.79540403039925 0.062320335649485706 0.9968057777990806 -0.049944139905556316 -2.9175608468423957 -0.9454211197886159 0.04292353360866188 -0.32301157335331837 -1.8202149345654695
-0.31965145388594113 0.06033344486592736 0.9456124065700569 76.76583428026022 0.06344815632255295 0.9970937734150411 -0.042170350677029754 -2.985948982394499 -0.9454085251825652 0.04651754988780991 -0.32255052017406854 -2.1527811039350437
-0.32064850636688763 0.05800437941773473 0.945420555802045 77.75260939387638 0.06294552414655104 0.9972216991317362 -0.03983395248690596 -3.0523436458139632 -0.9451044367447441 0.04673729505626736 -0.3234087644084858 -2.4860446393849096
-0.32068611681124964 0.062437622261355255 0.9451253661874017 78.72516455389919 0.0614794907499754 0.9970929414880798 -0.04501042381240939 -3.117449256579203 -0.9451881752866176 0.0436716081796553 -0.3235924967259863 -2.816440390035382
-0.3197528453380648 0.06851437939854074 0.9450205805768701 79.63418177842277 0.061870935022204136 0.9967633002530923 -0.051331380928650375 -3.1821758409648533 -0.9454787704108909 0.04205595182844912 -0.32295695010033987 -3.1295244164809675
-0.31807349261766216 0.0711688459096598 0.9453910559476906 80.59900884745998 0.06496867051097285 0.996470547485468 -0.05315561913898296 -3.255681889615487 -0.9458373671757947 0.04451340658609564 -0.3215746126298876 -3.467559666097725
-0.31496652704342537 0.07122993060514678 0.946426111129754 81.55979344996776 0.06730233256682026 0.99634571679733 -0.05258905447600483 -3.329795693929938 -0.9467135167902003 0.04713289303237235 -0.31860949063254623 -3.7935953265149207
-0.31345156693834036 0.06932140681983312 0.9470705663995785 82.4514596555134 0.06774259674273439 0.9964232887811129 -0.050513069211661515 -3.393163772405417 -0.9471848055001993 0.048323618771259555 -0.3170264533101292 -4.0881152524221465
-0.31170544389987476 0.06620588210939614 0.9478694516742796 83.40106125466933 0.0671029219386874 0.9966126575161768 -0.04754375611828112 -3.458734030900927 -0.9478063695241097 0.04878516221824939 -0.3150921989463824 -4.399515158200175
-0.30983694402601347 0.06207755976616321 0.9487610050429452 84.36965529564074 0.06739775774798752 0.9967900664824888 -0.04321001750033645 -3.5276039689026786 -0.9483979177366243 0.05055630460500677 -0.3130262763691273 -4.717758491025661
-0.3090755829321843 0.059960470806661115 0.9491454187719466 85.32662802087282 0.06286469405305498 0.9971158838737324 -0.04251992907239059 -3.589685249490052 -0.9489574881293399 0.04652586449867292 -0.3119535697117519 -5.019190214658271
-0.30738492620297186 0.05896959430936553 0.9497563340616281 86.29744268238329 0.05921454191747251 0.9973290949548254 -0.04275879303831264 -3.651391909431998 -0.9497410937559235 0.043095977812067414 -0.31005578776685383 -5.323591866346971
-0.30557154566068345 0.05854462143680505 0.9503675908738481 87.23500024511986 0.0607754383917276 0.9972719439526389 -0.041892909820378035 -3.7184983409167516 -0.9502275393666689 0.0449577257626116 -0.30829600439094185 -5.625444479981056
-0.304242529116231 0.05993468605819991 0.9507072719213127 88.20584882987833 0.06375058199005126 0.9970623718358975 -0.04245574124785341 -3.7870198337621166 -0.9504590189865575 0.047691299794406394 -0.30716964881158254 -5.941146120404524
-0.30006061971430276 0.06300135161122151 0.9518374095358031 89.1535961314228 0.06517169955396844 0.9968391587110864 -0.04543502214615001 -3.8501704415805915 -0.9516912703571028 0.04839960077658812 -0.3032180808770333 -6.239419489526912
-0.29311930075556264 0.06348986243598108 0.9539654673479697 90.08275883473956 0.06770636100767068 0.9966659668615805 -0.04552800433765737 -3.914088236162045 -0.9536754815993064 0.05124439352486257 -0.29644069883975105 -6.529132691495459
-0.28302266669215603 0.06411033379583708 0.9569681474526972 91.05528618535911 0.07139353305195656 0.9964036170421392 -0.04563765313533639 -3.984796723651879 -0.9564523686921478 0.05540484677289922 -0.2865818720318012 -6.82476902113503
-0.27313830740983913 0.06490100865624351 0.959782956767149 91.98437449687738 0.07118837746385934 0.996349550436007 -0.04711462893868726 -4.04825033901189 -0.9593371044316756 0.055456581407163114 -0.2767614272966509 -7.089776817882175
-0.2631190135740718 0.06477193381709112 0.962586609758001 92.91404315181678 0.06952304850097163 0.9964227175335492 -0.0480449134684285 -4.107703023611379 -0.9622551275118981 0.054280425317526804 -0.2666809048364907 -7.339567794732532
-0.24975139764523402 0.061801915691499294 0.9663357400981882 93.8588500051093 0.07051989145913337 0.996471975210162 -0.045503269435841785 -4.172482419405997 -0.9657386728731767 0.05678138636577639 -0.2532285329095759 -7.585664648942383
-0.23721272130853593 0.060411252029027716 0.9695775396932852 94.73228629947617 0.07100304803721907 0.996473316261584 -0.04471573714102858 -4.230525655100682 -0.968859480017006 0.058235818934110464 -0.2406655300915574 -7.799679277847371
-0.2251225855246209 0.05957623174179114 0.9725073234162087 95.65327524946395 0.07000564008019929 0.9965381660701982 -0.04484299189849199 -4.289685345445628 -0.9718122410443653 0.05798582737958492 -0.22851392075633742 -8.015033231907626
-0.21107493366383112 0.05904098407032821 0.975685161606354 96.60488056723678 0.0713748475764228 0.9964404477041695 -0.04485605101385204 -4.352462276189259 -0.9748605046427168 0.06017139170006071 -0.21453764263789732 -8.229581988742707
-0.19812184123392967 0.06210626966505354 0.9782078241837823 97.49600968352027 0.0716959211681649 0.9962354614434792 -0.04872987020654068 -4.41341297401412 -0.9775517535731425 0.0604790594403523 -0.20182877013767003 -8.411995853036492
-0.18465997775425186 0.06890444015513487 0.9803840424765731 98.47127548136407 0.07279095601720713 0.995758334404097 -0.05627447189338971 -4.481531110932349 -0.9801031421936677 0.06097144898791832 -0.18889233195239402 -8.599178223998072
-0.16949091543078826 0.07309277988738208 0.9828175187260187 99.44225889306557 0.07047242032540715 0.9955919444378862 -0.06188956409498964 -4.552675253234957 -0.983008884781777 0.05877181040876147 -0.17389481516527178 -8.767625480526362
-0.15503037399627745 0.07060059906436232 0.9853837519212135 100.40426294483538 0.06756201810989086 0.9958655552258497 -0.06072206867053478 -4.625911145607324 -0.9855967516421172 0.05716074987667257 -0.15915932842922959 -8.917062043043966
-0.13933424662654342 0.06616461433248842 0.9880324951777885 101.36714758707538 0.06712041845316195 0.9961016446594184 -0.05723952247769104 -4.7019228859546445 -0.9879680243528562 0.0583417287799627 -0.1432320688228696 -9.059097839437934
-0.12706511279044547 0.06615213185150447 0.9896859868478752 102.29623962251169 0.06481966246922706 0.9961945585762935 -0.0582650222720218 -4.773175887448026 -0.9897741502327321 0.0567476599912709 -0.130869532804959 -9.176200560545475
-0.11886671244968477 0.07029201332500822 0.9904189707058934 103.27334352288459 0.061985858394211266 0.9960706356504088 -0.06325379161855706 -4.850808069286634 -0.9909734900745514 0.053873199809440664 -0.12275675261163982 -9.291684184889458
-0.1138910080586496 0.07667036423673182 0.9905304102001067 104.23629469366526 0.057246886840449034 0.9958676458569449 -0.07050124738203915 -4.92902234930825 -0.991842544071619 0.04867532417101639 -0.11780950974511784 -9.397574624227326
-0.10889292196019629 0.07852784332612019 0.9909468751499846 105.16037118670071 0.056433770518075174 0.9957554149869506 -0.07270751728177322 -5.008062788130417 -0.992450281420729 0.04800553454253417 -0.11286233898516251 -9.496802790475924
-0.10505807989027977 0.0786917904650831 0.9913477704434339 106.10728100570462 0.05480204934244976 0.9958076655644543 -0.07323816348694177 -5.091198263930397 -0.9929549512629643 0.04663362860074013 -0.10893011266813651 -9.592336648452859
-0.10103580358485553 0.07762029561175866 0.9918502185829804 107.10250083107081 0.05321603478539453 0.9959462396058237 -0.07251993833932271 -5.179266290185881 -0.9934585145015783 0.0454552254879754 -0.10475687299721748 -9.692708736260302
-0.09460809225849892 0.07523105890039022 0.99266791861928 108.05342329042975 0.05150005959635309 0.9961751854432608 -0.07058855267433459 -5.262531749929603 -0.994181599478073 0.044444208664473336 -0.09812063786691022 -9.782675459983363
-0.08834712117515375 0.07105150051415005 0.9935524497754263 108.98843649376904 0.05026391343649662 0.9965000055547937 -0.06679279852907137 -5.3435515719223865 -0.9948207502792207 0.04403888286485567 -0.09160923321316716 -9.866365123244396
-0.08490976824080049 0.06809979484798229 0.9940587252265112 109.93899458954954 0.046898386441563474 0.9968290494165137 -0.06428364946506773 -5.423830274921316 -0.9952843174723851 0.041161440463529125 -0.08783429405702542 -9.945570887198878
-0.08144842745699482 0.0680272491000382 0.9943532808034901 110.93394164421345 0.040968932280758506 0.9970532709009527 -0.06485616064404774 -5.503290610798633 -0.9958351772520178 0.03545515992903229 -0.08399542476736149 -10.016561422410845
-0.07829393824960384 0.06868012203546672 0.9945617628234864 111.89534584094248 0.032988985762699624 0.9972562937495032 -0.06626923415396645 -5.578219479664139 -0.9963843565872137 0.02762110450721024 -0.08034481024986084 -10.085924001244198
-0.07538659065363917 0.07100786514151787 0.9946229160026754 112.79248409616693 0.03253076781437332 0.9971055034433226 -0.06871945975082897 -5.6559711563200805 -0.9966236055276978 0.027175321361162984 -0.07747832480048567 -10.155016364181526
-0.07109986654126771 0.07301147842954628 0.9947935127428937 113.76955084823231 0.031306426355689615 0.9969895267785946 -0.07093511938828176 -5.741973535596026 -0.9969777914510682 0.026099952324207455 -0.07317155076957432 -10.225853969784977
-0.0674368795189379 0.07119247409454474 0.9951803348705431 114.75125396196627 0.02871655761974837 0.9971762538230278 -0.06938932288143776 -5.826397656812345 -0.997310195776229 0.023898754021294218 -0.06929085767263782 -10.293010460764282
-0.061937464051037894 0.06732621080285213 0.9958066739512527 115.7267108757295 0.029496532371145728 0.9974099448104201 -0.06559997386701302 -5.908144963752169 -0.997644077376799 0.02530974777046894 -0.06376293235721592 -10.35858313463034
-0.055125377891876604 0.06425641118491898 0.996409708068881 116.66700879640955 0.030058446168392886 0.9975816168652836 -0.06266903147798314 -5.987380763159999 -0.9980268946908293 0.026495873529310796 -0.056923511484263944 -10.409463594962428
-0.05087690137694212 0.06647698035729402 0.9964900160005905 117.59869746398246 0.029074923134707387 0.997457880412567 -0.06505709529006383 -6.062461322756356 -0.998281618457934 0.025662967198777583 -0.052680379303519764 -10.454533685958136
-0.04764974410061906 0.06864536015242917 0.996502542102472 118.54988340986112 0.028830052366055632 0.9973146330519972 -0.06732273598815705 -6.141879095896805 -0.9984479605706631 0.0255213093297326 -0.049500836380611646 -10.495289789581046
-0.040568785696736 0.06982624828323009 0.996733900636364 119.4977132958819 0.02777364739399709 0.9972484923779978 -0.06873186277298356 -6.220070891860298 -0.9987906678266103 0.02489456769054307 -0.04239648997234008 -10.53010548856318
-0.03441462570266551 0.06911788749904654 0.9970147196332733 120.43827842668169 0.02632988996612214 0.9973220925491961 -0.06823034960825299 -6.301829029165127 -0.9990607441152501 0.023903165919218167 -0.036142332892620366 -10.559407241485648
-0.027356251493049488 0.06706315723820742 0.9973736353270485 121.39717481266449 0.0258601808892471 0.9974605960809588 -0.0663597039640301 -6.386156752676624 -0.9992911920699713 0.023976909873079127 -0.029021048297981855 -10.585467345403947
-0.018593436786164763 0.06701413629448864 0.9975787636298115 122.306350313851 0.025044205099508218 0.997469406012581 -0.06654000195253218 -6.465766661639754 -0.9995134175684752 0.023746359839203132 -0.020224700120753725 -10.60319637106117
-0.012506872351415732 0.06774293401288646 0.9976244148151705 123.24777091616127 0.023555022891670833 0.997445545386326 -0.06743548684148501 -6.5451954254067335 -0.9996443062612614 0.022655658902379028 -0.014070610475057477 -10.613639344330858
-0.005675936077812915 0.06757768009259484 0.9976978705514727 124.1999960533333 0.019942586246916177 0.9975231666323181 -0.06745239273455506 -6.627244602641341 -0.9997850153925216 0.019513820362380495 -0.0070095514435557504 -10.617655269384498
0.0013903165900951975 0.06674999748904982 0.9977687632187086 125.10549931411992 0.016728331156523543 0.9976285585876876 -0.06676392758796179 -6.706497848665753 -0.9998591050525555 0.01678382928490294 0.00027040347306322987 -10.614251848471303
0.006166052070622097 0.06632264739694399 0.9977791770948735 126.04731411832901 0.016728563770573922 0.9976516747167863 -0.06641755106118725 -6.7885662544414105 -0.9998410548462372 0.017100946671228853 0.005042089538233985 -10.610159941975901
0.011189523620048658 0.06578526448944941 0.9977710626878341 126.99904487309142 0.016709979534159314 0.9976818934667184 -0.06596677976551354 -6.8712170697459785 -0.9997977651230895 0.01741087087761485 0.01006431468897273 -10.599362630263688
0.014499101078694454 0.06643969189926749 0.9976850923053027 127.95001003392247 0.01599064234372179 0.9976469674547395 -0.06666954091485203 -6.953504437374067 -0.9997670105706353 0.016920273895311748 0.013402570871390962 -10.586012746746842
0.01951049879229083 0.06513057736724817 0.9976859968590743 128.90993741071355 0.01618076137765415 0.9977246824724152 -0.06544952976574986 -7.03493333354788 -0.9996787100854532 0.01742027201645436 0.018412243881648527 -10.567944318085964
0.02363251201837524 0.06351788509819017 0.9977008482748496 129.81524280099242 0.017043229611472095 0.9978089392059062 -0.06392846912913729 -7.112544176842682 -0.9995754262186082 0.018514834955719414 0.02249818184766228 -10.549279314510766
0.026715145836391785 0.06245883770575263 0.9976899290738516 130.75026697447154 0.01361947397487983 0.9979307690415303 -0.06283860381029766 -7.194417963195529 -0.999550304342702 0.01526675448896838 0.025809209514932374 -10.51980454916434
0.02930013215560301 0.0628423508527212 0.9975932744335076 131.69545754449132 0.011571982926735572 0.9979335578617909 -0.06320366527702902 -7.275157546851533 -0.9995036725629414 0.013396008084906236 0.028512374516717953 -10.487574741382652
