1.0 0.0 0.0 0.0 0.0 1.0 0.0 0.0 0.0 0.0 1.0 0.0
0.9999367977300838 -0.0023596751712213503 0.010992382744061028 0.014044257812201977 0.0023383857740552944 0.9999953662923141 0.0019491910815710315 -0.00943000428378582 -0.010996931266371768 -0.0019233634568384924 0.9999376821461105 0.3177458643913269
0.9997688705391096 -0.005434254577299555 0.02080082638123802 0.03230423874158168 0.005377465974542941 0.9999816629425143 0.0027850742209907927 -0.017918981878467896 -0.020815579757622455 -0.002672574772180072 0.9997797602389444 0.6432917378407036
0.9997014104777884 -0.008545816665074915 0.022892332914041403 0.043894442580562784 0.008484301835642095 0.9999601352014402 0.002782917583959503 -0.024710879220064527 -0.022915202619267754 -0.002587861171763023 0.9997340628704583 0.9371543151071497
0.9996800739183973 -0.010388556780498744 0.023061389778723906 0.052141182403688605 0.01034669928241068 0.9999446019120508 0.0019336289483280087 -0.030343486513867885 -0.023080199835946835 -0.0016944010649203806 0.9997321808267273 1.2553932913481174
0.9997027513984206 -0.01376804062890178 0.02012088227859755 0.06092231878944515 0.013759646512336503 0.9999051772373038 0.0005555734805844088 -0.03587095457523574 -0.020126623519205026 -0.0002785521094743922 0.9997974001938789 1.5625035573646329
0.9998145419564538 -0.014961214660382 0.01212615966796064 0.05942781976787815 0.014976664781710829 0.9998871420985702 -0.0011843048468942166 -0.04127322971666775 -0.012107072495990393 0.0013656946364708972 0.9999257740821251 1.8582173101756156
0.9998912513031878 -0.014706679249414687 -0.0010950583548061826 0.04685624144397457 0.014705489549517042 0.9998912779569882 -0.0010866658411424817 -0.04653122594810305 0.0011109205438016088 0.0010704442984556732 0.9999988100015667 2.182562841525315
0.9997462918673024 -0.013658559637634462 -0.017910769000916194 0.02169513388447598 0.013646753560023045 0.9999065735399405 -0.000781222687721787 -0.05193100812574645 0.017919766037842014 0.0005366006345464605 0.9998392841076552 2.5453112878067428
0.9992777265758372 -0.01191283980110652 -0.03608475325257925 -0.008744598917240245 0.011891529507093195 0.999928969120175 -0.0008051336821759127 -0.05684034336663713 0.03609178154938169 0.00037544924745515546 0.9993484088857372 2.9031394917456863
0.9983691939110297 -0.01298129317810351 -0.05559171410259604 -0.040295185512809265 0.012950015217460557 0.9999157191746321 -0.0009228506628482513 -0.059000762715560234 0.055599008582061904 0.00020143212877473277 0.9984531584755437 3.273716746422588
0.9970476390973209 -0.014806605047009041 -0.07534434164182846 -0.0792568258358162 0.014836094962798028 0.9998899249195168 -0.00016831725394413354 -0.06690236613201395 0.07533854031446002 -0.0009499954868433223 0.9971575611967557 3.664062873419659
0.995354433302333 -0.01625857799915805 -0.09489578887831224 -0.12530838496010627 0.016368258833590117 0.9998659598262516 0.0003774698470739035 -0.07365466694414306 0.09487693190733201 -0.0019289951203009003 0.995487140434108 4.048715787543546
0.993574095591788 -0.016911448757889268 -0.11191299955711297 -0.18147409903810824 0.017092486919272953 0.9998536960320641 0.000658347883536513 -0.08240692889324235 0.11188549262471682 -0.002566988883996111 0.9937177904758445 4.466401627398658
0.9917694867309366 -0.01676083223233003 -0.12693447007150754 -0.24325332864166263 0.01705418093780611 0.9998538170431288 0.0012245231015833456 -0.08978906387000749 0.12689539038907333 -0.0033792080677915127 0.9919103492003899 4.879247098516354
0.9900484990000082 -0.01701978884447188 -0.13969358043775806 -0.3113544494508439 0.017262405699995948 0.9998508556301254 0.0005252096294689384 -0.09565166191159802 0.1396638069697355 -0.00293143026451767 0.9901946413404411 5.305228097545706
0.9882263156237446 -0.018664390198668605 -0.15185647713295292 -0.3819669894627355 0.018819646025474146 0.999822808669602 -0.00041495482201724197 -0.10360070539571826 0.1518373143604531 -0.002447815871405277 0.9884024677049652 5.725038763983404
0.9866107876388636 -0.022754148141309438 -0.16149737600649935 -0.44598752346173876 0.02277898627384372 0.9997390833032362 -0.0016979694758377229 -0.11281154661260463 0.16149387449360839 -0.002003511509370823 0.9868716808393453 6.132601656213521
0.9852231726691114 -0.024310351217917033 -0.16954146059141925 -0.531737330487856 0.0240524434507772 0.9997043053738991 -0.0035751616658824667 -0.1227639724678655 0.1695782415283795 -0.0005555542741715726 0.9855165708193805 6.608678165177288
0.984257057855483 -0.0257873940792826 -0.1748515209206606 -0.6191000657893704 0.02529920621233072 0.9996673155776671 -0.005020789854898743 -0.13099726762107813 0.17492282363000664 0.0005181431663818423 0.9845820114652537 7.09169862407854
0.9829513565285842 -0.02766131772662808 -0.18177316138595115 -0.7098157206735641 0.026700787580490184 0.9996135851138269 -0.007729708821423063 -0.14167962189853325 0.18191673546212853 0.0027444412015883222 0.9833101084608524 7.568264828408756
0.9815902347677292 -0.031747867843929356 -0.18834193345083453 -0.8021282232671387 0.030485805142485514 0.9994891484060999 -0.0095946809881002 -0.15194208822099362 0.18855032933794783 0.0036762896802896277 0.9820566471445209 8.071832916775472
0.9801343875320432 -0.0375090329611776 -0.19475537174492547 -0.8943864611588362 0.03593409296645742 0.9992866647719666 -0.01161475663100735 -0.16556680061142118 0.19505210416671953 0.004385664742867 0.9807830762227184 8.564753486555901
0.9784079220452723 -0.0408961526774504 -0.202596749172427 -0.997633584229281 0.03894229656358723 0.9991485995368907 -0.013622539477780148 -0.17835585141952837 0.20298136766069505 0.005438817854343214 0.9791674951932081 9.075262268697916
0.9769246305717905 -0.038332853259436125 -0.21011629766194095 -1.1223903103219166 0.035375175040052276 0.9992152466711741 -0.01781818763933054 -0.19220644746660764 0.21063443017003775 0.009974125568452938 0.9775140171097744 9.604622359579293
0.975437826148781 -0.0370307760771915 -0.21713997545652738 -1.2469017816969192 0.03330316631598353 0.999228780668573 -0.020802475740322977 -0.20816696153406367 0.21774284473082087 0.013060072998176084 0.9759187917351586 10.127730715296057
0.9737285451366687 -0.04008289270287813 -0.22415637867032992 -1.3660124167240624 0.03586126678149277 0.9990949526608822 -0.022874551632248663 -0.22674163316831625 0.22487038473496987 0.014235072185253085 0.9742846980164614 10.647947383675298
0.971368737739019 -0.043613977437559924 -0.23353928216764927 -1.491735814348743 0.03861647455460624 0.9989175868892521 -0.02593111058799736 -0.24657492603555597 0.23441745505887215 0.01617020641270587 0.9720015335318624 11.16932583992546
0.9691565916749363 -0.04359269827982951 -0.2425596369343109 -1.639787786492085 0.037640962560463474 0.9988669520246936 -0.029119926003004403 -0.2692133913271251 0.24355422137697133 0.019091590022374084 0.9696993618848446 11.734184117914676
0.9670429263749726 -0.04429428382945705 -0.2507309214440153 -1.7928345962238807 0.03724292669697864 0.9987677742053546 -0.03280087834076173 -0.29043227049427395 0.251874855750178 0.0223819040503143 0.9675009599023194 12.299973897910842
0.9649034591591742 -0.04713872718307749 -0.25833941801865856 -1.9523026300875774 0.03843036419027003 0.9985132031130335 -0.038658638325129294 -0.31645538354492614 0.2597776387814452 0.027373775927141224 0.9652804021529846 12.87357604626964
0.9631076861818436 -0.04932421089549165 -0.26455756847422207 -2.1201063440390633 0.03834551134775086 0.9981817265546693 -0.04650658589725953 -0.3451099515547722 0.26637043112352987 0.034646255091665114 0.963247855139677 13.457698142772738
0.9621300511410942 -0.052144687408042165 -0.26755690285685646 -2.2744182020274506 0.038472070294537836 0.9976839063459214 -0.05609565781408659 -0.3736193719625966 0.26986230655370874 0.043677850146962634 0.9619077819146968 13.992050144792913
0.961582426834784 -0.05510666893761925 -0.26892841322762273 -2.454114920183428 0.03880042521980292 0.9970925910142843 -0.0655811859238902 -0.411033867623662 0.27176048904373473 0.052627179128478876 0.9609248756337246 14.609035190556012
0.9612496233677256 -0.05654773643056305 -0.26981755888004294 -2.64353203460377 0.0377548284512187 0.9965177926532828 -0.07434286686729384 -0.45647868602359876 0.2730819190353417 0.061275137127620546 0.9600373029554459 15.24416743300567
0.9612644028125787 -0.0572936958634201 -0.2696074559423134 -2.8374802127284524 0.03676869462450887 0.9960700022155186 -0.08057675708283717 -0.5069360006139767 0.2731644394517452 0.06754245406177405 0.9595932502463359 15.893823572799688
0.9608761239698539 -0.057608753054347386 -0.27092121724994805 -3.032887213372587 0.03532660567079078 0.9956323851280751 -0.08641865895720192 -0.5617277196731421 0.27471640889552046 0.07346689904782931 0.9587145088230623 16.55584628881569
0.9602491425474871 -0.05923387630535687 -0.27278733866266197 -3.2144879325882187 0.03516193297462743 0.9951096365176578 -0.09230628244698633 -0.6182112376284952 0.27692096833989294 0.07904529845308125 0.9576359527952987 17.170845447781286
0.9601746242236373 -0.059282753686312924 -0.273038909520905 -3.4243323873764977 0.03396975513905345 0.9947508573860334 -0.09652350732098629 -0.6847475340321219 0.2773278686551169 0.08340435747081619 0.9571483513134684 17.870072890517935
0.9598324883015137 -0.0582201020325572 -0.2744667814513139 -3.644033084059469 0.03217355894873318 0.9946201778524816 -0.09846605462427371 -0.7559968061409876 0.27872290272867256 0.0856803450507565 0.9565419081077872 18.58678431680664
0.95979916217814 -0.05737757193168906 -0.2747605912815089 -3.8586125197424574 0.031006750236796582 0.9945663927984552 -0.09937943326273263 -0.8283934753803665 0.27896980073458394 0.08686486375452887 0.9563630825805718 19.30122144597761
0.958870126731841 -0.056501077633781496 -0.27816489406013284 -4.074219433099508 0.029847124650540707 0.9946255374855154 -0.09914226813899825 -0.9027716018403867 0.2822715522530717 0.08676213694850617 0.9554031098864868 20.010188636498185
0.9572908857015731 -0.05522223253799959 -0.2838039203150957 -4.2962629875559015 0.028411389225007848 0.9948068758473861 -0.09773470585758497 -0.9762132415136612 0.2877272199758014 0.08549727949053491 0.95388849562447 20.731079647614138
0.9556894620031217 -0.054257099892593905 -0.2893334051357174 -4.540336086817376 0.027311945910429666 0.9949709811053883 -0.09636806716317982 -1.0559242669223081 0.2931069938209763 0.08419568795031286 0.9523651486188498 21.508740447871837
0.9523010925232854 -0.054375735989396615 -0.3002763868747736 -4.825891260138388 0.027034375982321487 0.9951603804320859 -0.09447200502536676 -1.1471657652799152 0.3039601482007201 0.08184800885713642 0.9491623316124164 22.395484508191245
0.9485669607531276 -0.05340423346756555 -0.3120395949480068 -5.089948414751555 0.026581837301438538 0.9956238719518989 -0.08959080044953666 -1.2274614206617944 0.31545859774818985 0.07668828754934223 0.9458354929159167 23.181386962936696
0.9460847994410541 -0.052208049927465826 -0.3196840186642927 -5.322419438669651 0.02605162773689052 0.9959924734842591 -0.08555878362252455 -1.2942127104407093 0.32286973372993494 0.07261757559626135 0.943653444202734 23.850032726854597
0.9433890356455245 -0.04926787988788305 -0.3280088465806386 -5.6075231533918695 0.023383476029789206 0.9963251790073981 -0.08239751649558809 -1.3685209199598323 0.3308630237312294 0.07006292662478185 0.9410743041015405 24.641569834982686
0.9403000740001413 -0.04935673547819137 -0.33674869487240006 -5.899117967507512 0.02297622332691273 0.9963772200344376 -0.08188118561719634 -1.4416283758060688 0.33957011646633567 0.06925567167663438 0.9380276051074711 25.440981656248674
0.9369673450180834 -0.04929196744599701 -0.34592267389557835 -6.208286760321198 0.022186261164618925 0.9963946733640994 -0.08188665768722621 -1.5164558379310946 0.34871186413040095 0.06905039345979437 0.9346828761551954 26.256647468640956
0.9338217943513699 -0.05007798576547524 -0.35421610880373733 -6.522689552345898 0.022494406176008445 0.9964139163609423 -0.08156781824370578 -1.5901244389617601 0.3570306122521947 0.06820192536814725 0.9315995058451357 27.066617352481188
0.9304420286780997 -0.05036863058104764 -0.3629609239612059 -6.84817097967287 0.022797322894146974 0.9965460237046059 -0.07985176709002212 -1.6667094328406558 0.3657292896914907 0.06602290278326975 0.9283765739018992 27.885969481493873
0.9278153145868625 -0.05048770531472446 -0.36960754000714774 -7.173524980712322 0.023142463084249276 0.9966807349668066 -0.07805087410414203 -1.7421894394063757 0.37232132415492397 0.06386316746043853 0.9259040595123473 28.690884038279286
0.9247366504842293 -0.050906969483905155 -0.3771877618761951 -7.525757983026116 0.024007730281344848 0.9968431274551568 -0.07567964146426923 -1.8222888707374278 0.3798496493850518 0.060928316104967885 0.9230395355339156 29.546220583961674
0.9215615352595145 -0.049346332613720116 -0.38508346652083514 -7.8841206298254445 0.023468893568433284 0.9971561671977105 -0.07161556572593306 -1.8988289774268332 0.38752231905375545 0.056960667808128695 0.920098872164319 30.389962785959362
0.9182389941639142 -0.050236904678978594 -0.3928274468581831 -8.255309562224552 0.025190410124500327 0.997322034117142 -0.06866005754589596 -1.9751098660691113 0.39522473712383305 0.05315085768566198 0.9170454696974822 31.24938857652713
0.9147983221071468 -0.05090995098695265 -0.40068966390519084 -8.648570155764824 0.026020846356519016 0.9973922452186615 -0.06731734347527257 -2.049464741504655 0.4030718861752071 0.05115550867876762 0.9137374724213609 32.1384940042097
0.9116695466252989 -0.05162241236016091 -0.407668694282673 -9.029653064948135 0.026693883043012373 0.9974221902709166 -0.06660638830662934 -2.1200385980843 0.4100561843992942 0.04984075538437414 0.9106974386362394 32.979455778880606
0.9088640065855006 -0.05140336954157706 -0.413912926994463 -9.43343482334168 0.026641891607709724 0.9975047790498109 -0.06537908980974863 -2.1909799613076792 0.41624082830125475 0.04839327817538506 0.9079656730749932 33.850781033360235
0.9058412460824363 -0.053592040136725236 -0.4202136719929552 -9.843142170185176 0.029233514144633075 0.9975087944673932 -0.0641997399602511 -2.26645359918052 0.4226074284091263 0.045870450119787985 0.9051512930219088 34.72895489898972
0.904108266274937 -0.05533826413857271 -0.4237049909730322 -10.235948401248075 0.03069911317226273 0.9974283182179967 -0.064763527291643 -2.33485484119663 0.42619925774661355 0.04554587290796324 0.9034820231511458 35.56626087161148
0.9025656048744474 -0.05712438738180747 -0.42674598212973985 -10.662093211300032 0.031961171253484216 0.9973140228282771 -0.06590313651249384 -2.407407842621908 0.42936442846343076 0.04584260285293734 0.9019670965916327 36.45457699828929
0.9003407445807906 -0.05900095248568084 -0.43116752110228607 -11.091772083834787 0.03314238145469589 0.9971856354688458 -0.06724872464296941 -2.4794362294065437 0.43392179733129255 0.04625684836191203 0.8997622895967601 37.34601504176606
0.8993874439733521 -0.05993074604969984 -0.4330248622204123 -11.537430731925562 0.03432603245485009 0.9971814177351686 -0.06671539267356708 -2.55528085646215 0.4358026492794523 0.045138961016023126 0.898909631208502 38.25863519263166
0.8986876271640125 -0.059526540886987805 -0.4345309421805849 -12.001361759834236 0.034423237829774286 0.9972637517166909 -0.0654220926695662 -2.635095564206416 0.43723630851020584 0.0438360632582384 0.8982776909610903 39.19966455649841
0.8982613834730746 -0.06099713465159402 -0.4352078084379157 -12.443316084968322 0.036167795178361245 0.9972219565298736 -0.06511727886411746 -2.708981846393066 0.43797074965455657 0.04275183012487813 0.8979721061747962 40.10042095517833
0.8973469574515099 -0.06338276993687514 -0.43675057232663966 -12.917934469087355 0.038388476975602576 0.9970922316983021 -0.06582861324981236 -2.7880562393403316 0.43965300270555613 0.04230491652312882 0.8971708484173789 41.07178397468896
0.8962092308378146 -0.06583680439417601 -0.43871919236369855 -13.408397575657887 0.04060599171326951 0.99694922655866 -0.06665878112500698 -2.871998056162411 0.44176936063751054 0.0419255870710561 0.8961484682521488 42.071680177453786
0.8948739054240994 -0.06626350611228757 -0.4413726782988804 -13.903333091228305 0.04162118308136377 0.9969976984384155 -0.06529369362664567 -2.954084786076079 0.4443741334843059 0.040059169564651456 0.8949451896199359 43.066775962213875
0.8931291320358369 -0.06554512095832551 -0.4449990905917353 -14.401668348538916 0.04232431775834352 0.9971826140360082 -0.061931303801911426 -3.0395180913047577 0.4478046511987161 0.03647836869807037 0.8933869950821559 44.06570332500698
0.8911851973854895 -0.06562723225045412 -0.4488674752620547 -14.880760224530064 0.04390616948687931 0.997313087617952 -0.05864173894878037 -3.1183310092702285 0.45150990270643654 0.032552598254093804 0.8916721012260796 45.01814901055992
0.8878478927057488 -0.06625097131470559 -0.45534264924100787 -15.380911505075298 0.045010083029670064 0.9973391611978725 -0.05734710077054153 -3.195723229250294 0.45793035697977447 0.030420492122621812 0.8884674343021212 45.989001784888465
0.8828877140008656 -0.07064941968050914 -0.4642391021501026 -15.875604224279499 0.04813167325013143 0.9970255876353361 -0.06019401656772691 -3.2755787699827605 0.46711093596325565 0.0307999529093875 0.8836621166511051 46.93543884724559
0.8770366307771077 -0.07482349950904353 -0.4745610521275 -16.389158737095297 0.05005213291727442 0.9966526441139042 -0.06463970119976842 -3.3568456879803494 0.4778090960473347 0.032938592896236636 0.8778459527915164 47.8923587162784
0.8711002769653319 -0.07394045947565345 -0.4855070709304364 -16.926665151450816 0.04848056205020553 0.9967191702488697 -0.06481150177014212 -3.4385254929729263 0.488706397107935 0.03291966146445334 0.8718270202940761 48.8464695813041
0.8653062295269186 -0.07194826357038865 -0.49605299768382993 -17.46123435925724 0.04782219690154789 0.9969802619242831 -0.061183288706130295 -3.5175971992138746 0.4989570789410823 0.02921993673151931 0.8661339553856486 49.77496318852182
0.8603332612411688 -0.0700719354022515 -0.5048926652974053 -18.03132837914199 0.047553765634422776 0.9972198707753727 -0.05736870841090666 -3.6003307347689457 0.5075089348731916 0.025346660524257127 0.8612736079923423 50.74277594623687
0.8567795370812908 -0.06938023550762235 -0.5109943324144369 -18.610767220319374 0.04597830831555418 0.9972392339673622 -0.05830870775989318 -3.682435696578923 0.5136290684951631 0.026463052679077784 0.8576041550970329 51.703211931681096
0.8542752818356787 -0.07348941353213453 -0.5145998920941149 -19.154160065903934 0.0478500139666861 0.9968703739830941 -0.06292720904500868 -3.7555035370960868 0.5176138705714518 0.029133547218098896 0.8551181891519622 52.60601012308202
0.8519889884435778 -0.07707264163163348 -0.517855743892844 -19.716705788216753 0.04739704834228862 0.9963981400741213 -0.07031547671224782 -3.8378645255500485 0.5214098995793308 0.035363178148375016 0.8525732591700954 53.52120246757619
0.8491073767797357 -0.07922748733323755 -0.5222448352536365 -20.291446904438306 0.048377790024622544 0.9961964553068462 -0.07247214545194997 -3.923182107434912 0.5260002396677873 0.03627158233296066 0.849710609669253 54.44993278918338
0.8461101225599146 -0.07920540694544363 -0.5270902807036504 -20.886054113110056 0.04967202268588177 0.9963110148802595 -0.06997893819257664 -4.012927237859627 0.5306885627785278 0.03302824759011418 0.8469231276787679 55.40139178314542
0.8428490344617454 -0.07811618254459651 -0.5324503424090955 -21.451413857187386 0.05082388541733699 0.9965408909474055 -0.06575093414421562 -4.097165092992268 0.5357447505836984 0.028356916165388227 0.8439036956475545 56.29720742376388
0.8400770874536726 -0.0776916907543958 -0.5368747417443647 -22.01088843430064 0.051281161279864595 0.9966326479914864 -0.06398130551393004 -4.179136204757221 0.5400377113064823 0.026217668569147524 0.8412323723096106 57.16761581072928
0.8378073014722105 -0.07780493021313303 -0.5403936698689041 -22.601212224407398 0.05080137813421942 0.9966089170041295 -0.06472933282153062 -4.261724363411005 0.5435974113068575 0.026777964492954415 0.8389188250588357 58.07123390556472
0.8350088820713792 -0.07888331076724847 -0.5445526513977352 -23.194866836037765 0.0505747284831524 0.9964838604128551 -0.06679904771438847 -4.344146225169836 0.5479072583026812 0.028237195666203033 0.8360623763094162 58.97158716147481
0.8321064349600893 -0.08149467145422223 -0.5485959345662155 -23.77441086053945 0.05197207894142523 0.9962506275740978 -0.06916350243244546 -4.4276835314681176 0.5521755010035463 0.02903972422019534 0.8332220055355584 59.847898314515085
0.828953514843543 -0.08311899158806746 -0.5531069548160815 -24.385175884331975 0.053076316004784685 0.9961236132415774 -0.07014735791107628 -4.515958339714436 0.5567934759925769 0.028792019379112185 0.8301518202787828 60.7614843832659
0.8253126170174424 -0.08373166300356834 -0.5584336064407994 -25.004197122003553 0.053848204056072005 0.9961083996279952 -0.06977411490294988 -4.601987573600631 0.5621027086856604 0.027514810579236923 0.8266096298054074 61.669189429984236
0.8224425784792864 -0.08351752643875245 -0.5626837725418206 -25.643545787686865 0.05376578804413794 0.9961481030586985 -0.06926901766698716 -4.694177976623265 0.5663015496538357 0.026716653048404707 0.8237650000513226 62.593335602688526
0.8176312916525742 -0.08493468974592168 -0.5694428587560891 -26.28646779637888 0.054337568141849604 0.9960277906134467 -0.07054125753150318 -4.786173223448628 0.5731723123101577 0.0267345993697312 0.8189986334528081 63.512838102684086
0.8122647137703136 -0.08568210700952655 -0.5769615336415754 -26.902381193621768 0.053630755152390325 0.9959328157915487 -0.07239867769028417 -4.872655724838278 0.5808181960522716 0.02786400846836892 0.8135562796553535 64.37697010101036
0.8069438394759958 -0.0867974266625093 -0.5842155823465381 -27.548692188982077 0.05369906151289734 0.9958277907330604 -0.0737795499874205 -4.966868316930993 0.5881819877592075 0.02816412484844037 0.8082380412645455 65.2648171503038
0.8021674069102214 -0.08805623874740623 -0.590570529326169 -28.208719381265908 0.05454491777493548 0.9957371382116563 -0.07438012860291732 -5.061365163156944 0.5946026431457038 0.027452693924654957 0.8035508984254963 66.15828829095429
0.7959820716888781 -0.09004674583551157 -0.5985851026498377 -28.881836438776183 0.055466317826956504 0.9955633208409188 -0.07600764292438549 -5.158183807539124 0.602773613503943 0.02729940952908357 0.7974451160442094 67.05559921876723
0.7894511147627487 -0.09025291108355654 -0.6071419516396452 -29.55177634538959 0.05510713667022768 0.9955580390932047 -0.07633737148279461 -5.254365497675849 0.6113347208263755 0.026806768507915565 0.7909179832791139 67.92496133293399
0.7835573954290578 -0.09024814450865086 -0.6147300875027814 -30.226487632933853 0.05510591064479327 0.995589874925851 -0.0759219306731364 -5.349851223598333 0.6188708643008164 0.025613928981594047 0.7850750154995932 68.78346387371661
0.7785518099791656 -0.09011928994508149 -0.6210761569710753 -30.927329045024663 0.05516873476567043 0.995632779391259 -0.0753112163358951 -5.450098501706645 0.6251507737198448 0.02436969801682449 0.7801234696739027 69.65742785422579
0.7737274440823779 -0.09191767625176055 -0.6268149512146527 -31.65270032071787 0.056360902968934964 0.9954823347142884 -0.07640922646065648 -5.550097046871404 0.6310065696094432 0.02379205884882859 0.7754125657 70.55108108253616
0.7690567695433287 -0.09327011371065215 -0.632338810376195 -32.354384754671614 0.05693291214288489 0.99535973917439 -0.07757340488608709 -5.6475807438944745 0.6366398736605413 0.023657462228486553 0.7707982847323921 71.40231290438324
0.7651152700464252 -0.09210971651319672 -0.6372710754974249 -33.07688910667832 0.05547120007586395 0.9954648698507782 -0.07728284968294707 -5.7455168662917995 0.6414994696053378 0.023780097073646672 0.7667548092312422 72.25846423867233
0.7613517264666664 -0.09106242268218144 -0.6419121308882381 -33.8318095250808 0.05488807471647521 0.9955857162262327 -0.07613396679681173 -5.849954947610382 0.6460114920495961 0.022731406061903037 0.7629891449544376 73.14983142510509
0.7580625336841419 -0.09031504234131615 -0.6458981252111402 -34.59767073877053 0.05342768054807706 0.995636124753197 -0.07651267893420774 -5.953163384782286 0.6499897522081652 0.023492556551444103 0.7595797665887667 74.03770149003167
0.7547018762220149 -0.09070279299018731 -0.6497677133951408 -35.35613857705484 0.05332288422907765 0.995600747510136 -0.07704428320615875 -6.055673600897263 0.6538973528348796 0.023497976530706677 0.7562182866438099 74.91239366821934
0.7515873741040385 -0.09205736123411584 -0.6531782768356642 -36.08344385860002 0.053060857792772614 0.9954423880155203 -0.0792401256451152 -6.152610310842132 0.6574959805639051 0.02489767829678078 0.7530465730336596 75.73966568135121
0.7480188342525571 -0.09440594798375097 -0.6569287180423269 -36.8447559469782 0.05382839690059786 0.9952001626287744 -0.08172600559658319 -6.2538413831011725 0.6614909880645068 0.0257711716642908 0.7495101863353776 76.59975991491572
0.7434678268943626 -0.0953864693474685 -0.6619342957109856 -37.6276431434539 0.053999128187546486 0.995106540119183 -0.08274701183132782 -6.359726320987764 0.6665880920988306 0.02577586618240859 0.7449804830964282 77.4746137181204
0.7394132883136243 -0.09504954643799432 -0.6665084941598005 -38.39735007211621 0.05403027778613632 0.9951684262805246 -0.08197885347269192 -6.467031247215568 0.671080262075697 0.02460461453215047 0.7409763118994684 78.32512289637782
0.7356044163181972 -0.09480631507317289 -0.6707442920483266 -39.18821683452847 0.054322175503768444 0.9952249542066112 -0.08109495528691393 -6.574339624431001 0.6752297712199178 0.023217518099380507 0.7372419568307291 79.19025801799435
0.7311910392899202 -0.09502448158571064 -0.6755220292199903 -39.991017918612904 0.0540867679146631 0.9952087613631029 -0.08145024765256409 -6.683218394965946 0.6800252095317288 0.023018888015835844 0.7328272956132589 80.05400455663187
0.7274269888549135 -0.09613215657298022 -0.6794178275244929 -40.811040648418285 0.055188297360061804 0.9951266304359511 -0.08171438815586615 -6.794226844635737 0.6839621537190277 0.021945338225194434 0.7291873383501739 80.92946849560131
0.7235607188855838 -0.09571050780463325 -0.6835929964398091 -41.633956490668645 0.05475396316316883 0.99517797900515 -0.08138054817431516 -6.905545983199857 0.6880856702502269 0.021454342194644847 0.7253122235267317 81.79537478065001
0.7208002732391455 -0.09620083644350563 -0.686434530866523 -42.448986086190445 0.055607870680832006 0.9951555761311612 -0.08107492838973644 -7.013458120145657 0.6909086269664879 0.02026766791288298 0.7226579348631385 82.65001391784048
0.7183433399587954 -0.09872672769641412 -0.6886478629714907 -43.290068825113465 0.057822221684399475 0.9949271133494152 -0.08232028791057838 -7.12405750211361 0.6932816430689068 0.019315081168829025 0.7204078643540192 83.52902017815582
0.7141608018733935 -0.10178664551887762 -0.6925415712154515 -44.130562802174886 0.058990365157552266 0.9946031585266165 -0.08535041808601271 -7.238266868679473 0.6974915668924826 0.020100642847751753 0.7163110206264991 84.39690055925196
0.7102720378871104 -0.10489330841580426 -0.6960682624895913 -44.95288273668049 0.0616804288579086 0.994306017308062 -0.08689688510461481 -7.350583599518363 0.7012197636202191 0.01878663872455956 0.7126976254442252 85.24120369401442
0.7052821238137383 -0.1086553838557574 -0.7005505930251866 -45.83247961810744 0.06597443212801546 0.9939560458418307 -0.08774253951110839 -7.472515981594174 0.7058501966665226 0.01566481706342423 0.708187908236367 86.13910778436426
0.6975550976274213 -0.11207563918661392 -0.7077117611534449 -46.693825964858945 0.06991974875303436 0.9936246980385288 -0.08843748177189956 -7.593062995690042 0.7131115722720474 0.01220698770190435 0.7009442737785467 87.00112833228455
0.688746022422223 -0.11317872708562143 -0.7161141615223409 -47.57306470251495 0.07149290938285327 0.9935283322874879 -0.08826220510511958 -7.7130980096373545 0.7214691126483116 0.009593157838870853 0.692380163506391 87.85819439143047
0.6795422299646396 -0.11274999347765498 -0.7249205450706122 -48.47902793662921 0.0716650818898844 0.9935957376859819 -0.08735917862460506 -7.835810808928777 0.7301277105632966 0.007412760824298342 0.6832705007861533 88.71851181081422
0.6703252603687667 -0.11306436314632667 -0.7334033645258664 -49.360443231680605 0.07171613217806294 0.9935686940055282 -0.08762446392171562 -7.952853360542025 0.7385938272805723 0.006140038962824515 0.6741227323155415 89.52896668118535
0.6610441225599997 -0.11464903478569458 -0.7415364231456123 -50.28876149207389 0.07137144864966158 0.9933844982473345 -0.08996307553402141 -8.076604362704009 0.7469449674149553 0.006545033582795373 0.6648536517075554 90.36181798825183
0.6498533057517974 -0.11618202880528235 -0.7511274307240746 -51.21564479651703 0.0711647502019463 0.993207514077407 -0.0920565712422094 -8.201460396674603 0.7567207274365858 0.006369471160617125 0.6537072513786111 91.17297237068645
0.6400436538101149 -0.1164134905769248 -0.7594682484667112 -52.115429241342454 0.06943406444265668 0.993174355434213 -0.09372091763746593 -8.319514988972893 0.7651947673059265 0.007252511256931292 0.6437580051293321 91.93094048235997
0.629658887726076 -0.1169492361021875 -0.7680185943599777 -53.05353912023544 0.07013501080646391 0.9931245356805202 -0.09372692723293949 -8.447233413423922 0.7736994024598561 0.0051510003364732965 0.6335319264479066 92.70778660578654
0.6177220595991455 -0.11638453707761255 -0.7777365213321411 -54.01223930197579 0.06992384329134137 0.9931993234080017 -0.09309006456790006 -8.574727496671736 0.7832816308480354 0.0031214597735190683 0.6216591857802188 93.47872829480688
0.6075476993787923 -0.11766153161294193 -0.7855199277917991 -54.9511976589927 0.07043875303664146 0.9930518598523375 -0.09426762813636821 -8.70172419055658 0.7911536987527642 0.0019410364010590403 0.6116143043843154 94.21380553769421
0.5989743852060093 -0.11839880297348446 -0.7919667981181593 -55.93859820323314 0.06875932082277542 0.9929605996257791 -0.09644378357781258 -8.831903042092087 0.7978106552729625 0.003312256822668967 0.6028989859733278 94.96510144647753
0.5897224121204709 -0.11906546802209714 -0.7987808779430642 -56.95389498103898 0.0673017456087254 0.9928774536327766 -0.09830990339590488 -8.968544784899594 0.8047968387617038 0.004216205921525065 0.593535400735959 95.71784179466715
0.5794742516811068 -0.11956118677129225 -0.8061728811219476 -57.977105779084255 0.06598659641610564 0.9928159861071195 -0.09981075504957394 -9.106406834938443 0.8123148162701698 0.004641158043875049 0.583200736384971 96.4584737884303
0.5714705744579495 -0.11912287838685023 -0.8119304910973187 -59.01000752888833 0.06435965397861165 0.9928664058891975 -0.10036999051719075 -9.244953996598806 0.8180948707017145 0.005102930677490278 0.5750606425674132 97.187633138417
0.5638749712100906 -0.11773511094982365 -0.817424895933842 -60.01359244442741 0.06337712576922462 0.9930361864837204 -0.09930998068221417 -9.3787778899064 0.8234247729890397 0.004192372061563705 0.5674099639982064 97.88177671633304
0.5559263632599676 -0.1164711969120974 -0.82303118951982 -61.08088805048394 0.06353120290439662 0.9931920727724886 -0.09763858273965348 -9.520580603266977 0.8288001356720852 0.0019917007182824117 0.559541212278579 98.60952745315744
0.5486249077491725 -0.11622804710109584 -0.8279503316409006 -62.14857428518985 0.06268208789495218 0.9932209056906506 -0.09789376055792912 -9.660241108560681 0.8337155788722802 0.001809299894743717 0.5521911444233323 99.31783077145924
0.5426509449544852 -0.11774472470139119 -0.8316646750614085 -63.168173594124156 0.06274901474460343 0.9930421004038131 -0.09964912430204753 -9.794739183648693 0.837611194462315 0.001888552508398915 0.5462635996301027 99.98579266783005
0.5370103874986905 -0.12036314584483457 -0.8349446429799053 -64.20655120937644 0.06345982137587827 0.9927280200115903 -0.10229334951407834 -9.933286879148811 0.8411852915912451 0.0019471533588429416 0.5407434824427837 100.65981583740597
0.5311066473477218 -0.12140798711487798 -0.8385617626673519 -65.25885856884734 0.061987906209746105 0.9925965446367163 -0.10444902612749868 -10.072493096914785 0.8450344541063367 0.003492884190007227 0.5347004499093309 101.32914080918901
0.5271553929290653 -0.12445036650376606 -0.8406065060317349 -66.32614168909865 0.06313217444306393 0.9922196707707556 -0.10730542151105077 -10.21766274079893 0.8474205096974545 0.0034973150633069647 0.5309107726647244 102.00284305512007
0.522679617949633 -0.12475860962645663 -0.8433512354316552 -67.39814777956747 0.06367170546832143 0.9921842374781245 -0.10731427129095303 -10.366793473317479 0.8501481817323266 0.0023933708501492554 0.5265380716274871 102.66835088984743
0.5197346123162051 -0.12344491086244619 -0.8453622222116901 -68.4366391177412 0.06477012564124987 0.9923514172897631 -0.10508803655704874 -10.507709180944191 0.8518689826404886 -0.0001363274059684519 0.5237549215328651 103.30812221087895
0.5160108003385047 -0.12257617238794158 -0.8477664394730059 -69.51309510387105 0.06768066984489474 0.9924484968550331 -0.1023000880719663 -10.651033544464983 0.8539040817699389 -0.004589450174839596 0.5204101806111506 103.96878180262577
0.5125734498469754 -0.12208012005327959 -0.8499205273434377 -70.59850008739583 0.06864670458212402 0.9924990145310454 -0.10115995306898157 -10.794062237483425 0.8558949050333137 -0.0064923372279020244 0.517109041784549 104.62645910020524
0.5095189127595157 -0.12155145789590895 -0.8518308051624691 -71.63702372861208 0.06841292978677387 0.9925607180756467 -0.10071192566497103 -10.930984249553779 0.8577354770430982 -0.006961610197057842 0.5140441492762204 105.24690228083092
0.506897167212746 -0.1222661940611085 -0.8532914154387732 -72.70675996333546 0.07049995819301405 0.9924537519512144 -0.10032599928603081 -11.068274585180514 0.8591187448580533 -0.0093020442790143 0.5116917570234589 105.88586820462518
0.5039342054046877 -0.1221226626039594 -0.8550651272866094 -73.77624149220851 0.07260639003601824 0.9924398119825943 -0.09895216883874033 -11.206420969161323 0.8606849764862192 -0.01221780956114804 0.5089912537366864 106.52292659899071
0.5020352536759065 -0.1231957944517251 -0.8560276866410201 -74.84169013355749 0.07387272568282605 0.9922933439776939 -0.0994823597315432 -11.342720464110606 0.8616863840555671 -0.01329344676803318 0.5072670497935652 107.15521678171785
0.49934798010270737 -0.12459601479094429 -0.8573957241936544 -75.88322111222126 0.07613668022402043 0.9920875595149545 -0.09982725169074294 -11.477532795635746 0.8630497092820387 -0.015430727587397629 0.5048832458641425 107.77216102835416
0.4977203655080185 -0.12418657791377503 -0.8584009154379034 -76.88008646126829 0.07831569444188764 0.9920884390785271 -0.09811819938633692 -11.606929332117506 0.8637945877132188 -0.018390837740515233 0.5035083786041228 108.36041091942916
0.49693132054605804 -0.1248119540851635 -0.8587672785905353 -77.9091505250684 0.08081736788996503 0.9919581501739705 -0.09740421628847834 -11.738124544556086 0.864018411671701 -0.02100010525872798 0.5030220471027422 108.96357609641102
0.4954541086818063 -0.12624817933220397 -0.8594106256066544 -78.9504930446536 0.08376156169855944 0.9917147986998591 -0.09739486034445928 -11.87255312695786 0.8645861593688252 -0.02373089241899627 0.5019239163188607 109.57564926015269
0.49495677716179104 -0.12799824274852487 -0.8594383273946439 -79.9400281915397 0.08606984768724439 0.9914485445329675 -0.09809059517892185 -12.000524420323556 0.8646443026243266 -0.025421121075795985 0.5017409655813865 110.15317863553108
0.49556457971922174 -0.1292098785226464 -0.8589066041310163 -80.97885744334071 0.08671196668933467 0.9912926901887806 -0.09909509176118682 -12.13373535757879 0.8642319029985985 -0.025369463345787976 0.5024535880745284 110.75553123934107
0.4963203343345657 -0.12965022326614922 -0.8584037193145558 -81.99465165155023 0.08613238410029753 0.9912608545911591 -0.0999156172197522 -12.264389845640938 0.8638560864722918 -0.024346206321373416 0.5031500015925006 111.34556147521334
0.498638544570147 -0.1304732525695901 -0.8569342636590495 -83.00281435540322 0.08566421158260831 0.9911847163422529 -0.10106681425402558 -12.395320404195669 0.8625666610314217 -0.02301278891050678 0.5054197926710675 111.93305294248434
0.5015656715943599 -0.13037358090859302 -0.8552395024080504 -83.95560048080645 0.0841265782745738 0.9912445386214708 -0.10176926589555285 -12.520595561582327 0.861019509596566 -0.02090440274627043 0.5081421159871626 112.48877812253234
0.5056532567864345 -0.1307130808301868 -0.8527771540098583 -84.8866221060283 0.08282037052966916 0.99124515625068 -0.10282911277888916 -12.643141781652707 0.8587523334038754 -0.018631444105228337 0.512052047319365 113.03884069153713
0.512547189997909 -0.13019165836548463 -0.8487317067939035 -85.86514776103809 0.08216777752225632 0.9913391249627417 -0.1024460621749762 -12.773282460736143 0.8547185702687761 -0.017229956765791213 0.5188056420544679 113.62497054259958
0.5187293446808445 -0.1287780059928548 -0.8451840581432462 -86.82957830497217 0.08127337637118201 0.9915411606295251 -0.10119666531404486 -12.901620393215337 0.8510666867291952 -0.016197282178157767 0.5248077198268252 114.21159230469738
0.5271554254990853 -0.12799003662482325 -0.8400748227935739 -87.75626480064399 0.08128081408126174 0.9916539409990148 -0.1000794212783516 -13.02604247187444 0.8458726775521039 -0.015524555578141745 0.5331588895863366 114.78846754742754
0.5366192790630933 -0.12742503622055107 -0.8341478343087617 -88.6947296438906 0.08191445659507796 0.9917300292838774 -0.09880066202881804 -13.150136560901744 0.8398391340837478 -0.015310426538502661 0.5426194059381493 115.38864587532537
0.545249223739978 -0.1255817778517738 -0.828813912215848 -89.6252980225569 0.0808268755701432 0.9919840702698921 -0.09713197473719268 -13.270786999483148 0.8343682042099401 -0.01402930512768849 0.5510289270093851 115.99091846646682
0.5547538927205075 -0.1262235997277086 -0.8223841689765332 -90.55544501854784 0.08122663505257212 0.991920034515868 -0.09745193114595364 -13.394414422617215 0.8280400668261652 -0.012737660610121021 0.5605242186852424 116.61112659394342
0.5630624855273157 -0.1271779202230707 -0.8165699076010186 -91.48151761545694 0.08037361875589591 0.9918309343574614 -0.09905291040493196 -13.517633242831089 0.8224966375614454 -0.00985770050974591 0.5686845407963689 117.23860012780116
0.5717691678573616 -0.1273302450189069 -0.8104733353979794 -92.35881642514634 0.07914327316798697 0.9918358702442301 -0.0999897435196643 -13.63703469244422 0.8165882444659351 -0.006972460132262333 0.5771785025447036 117.84697782639638
0.5829614104011575 -0.12522226487464724 -0.8027922386039599 -93.2475397233402 0.0774671380371594 0.992117254164732 -0.09849972849183217 -13.756794506872554 0.808798390519804 -0.004768476517363611 0.5880666842495657 118.48356119306106
0.592850896835692 -0.1229110260968462 -0.7958773107614868 -94.10455099133725 0.07687341589870159 0.992408513695479 -0.09599906183289356 -13.872835239240963 0.8016347622509775 -0.00426867761149196 0.5977988677994198 119.11493761581902
0.6036055338929829 -0.12098033222009624 -0.7880508350796173 -94.977102293664 0.07714254141272725 0.992644819461068 -0.09330214735733161 -13.990534836470477 0.7935423036978889 -0.00447455171147975 0.608498636505316 119.77560600437981
0.6150326315753463 -0.11994797971047577 -0.7793249285509095 -95.845539465791 0.07725036503487362 0.9927732035834483 -0.09183543623589062 -14.107243206478275 0.7847083809922536 -0.003721345191304848 0.6198539411752448 120.4508887593142
