1.0 0.0 0.0 0.0 0.0 1.0 0.0 0.0 0.0 0.0 1.0 0.0
0.9998775938389766 0.0010629482019284915 0.01560985201400151 0.022026974707841873 -0.001063605815796541 0.9999994337990643 3.3826317193056974e-05 -0.0004974048351868987 -0.015609807220065655 -5.042490602924316e-05 0.9998781582652366 0.16523544490337372
0.999343212546354 0.004458582954747151 0.035961987925704604 0.038702729764376165 -0.004499815758242819 0.999989307902937 0.0010657100670527222 0.0008246449407479505 -0.03595685185989946 -0.0012268324420172812 0.9993525902735654 0.3685759276211442
0.9982138786650263 0.004506266106289949 0.05957135222826268 0.07508129956699727 -0.004656352905703834 0.9999863248256545 0.002380869441691168 0.002753489632718288 -0.05955980874836636 -0.002654002159030353 0.9982212106814793 0.5674780407045739
0.9960601833085723 0.003842498555226322 0.08859653735980051 0.12759440623113819 -0.004269606340753475 0.9999801581898472 0.004631812636879294 0.0020702250186593746 -0.08857698171076074 -0.004991836481821158 0.99605682562771 0.820997864443435
0.9927892542660485 0.0007201574067428839 0.11987067192258873 0.19331122302366305 -0.001530582291652742 0.9999765912947493 0.006668896489114351 0.0014637638235689128 -0.11986306325016004 -0.0068042806999385344 0.9927671166151932 1.1015305951131331
0.987869191320235 -0.002475432030535709 0.15526858367540863 0.26878902998309545 0.0013275195381391635 0.9999710209394645 0.0074963306464554446 -0.0027584494402704595 -0.15528264079471676 -0.007199272015094733 0.9878438499835244 1.3181379764072967
0.9811897250884438 -0.002457334606266938 0.1930302693556044 0.3470704936974823 0.0007463530703048017 0.999959794466899 0.008936017390982934 -0.004584887661152406 -0.19304446725549734 -0.008623859713048777 0.9811521098717014 1.5711526545240313
0.9726050560640199 -0.003360372616065545 0.23243948204766313 0.44510901851733525 0.0007797069203497836 0.9999370466893888 0.011193512193297062 -0.008378806534102818 -0.23246246358460343 -0.010705631881599897 0.9725464474616071 1.8443689084734503
0.9619825972616683 -0.007672130578539611 0.2730029688081816 0.5614641493542406 0.003533571659281419 0.9998713210867289 0.015647847762820754 -0.016537367595552726 -0.27308789141414497 -0.014088281678953214 0.9618859204096455 2.1132116294857517
0.9499163188998367 -0.01470021800427828 0.3121584384225593 0.6989963438389477 0.00832306038492301 0.9997287553190989 0.02175183794428767 -0.02274654500545313 -0.31239352386631347 -0.0180643122966893 0.949781009953155 2.378346533211185
0.9343232015589693 -0.01940234664876915 0.3558984461515939 0.8575816319796735 0.010956422006676085 0.9996088383963992 0.02573182886258196 -0.025133444210523756 -0.35625849020817674 -0.020142471157297916 0.9341703104949697 2.6655458281761133
0.9147933610544693 -0.02171403842284907 0.40333808040654767 1.029614032826594 0.010707817547952195 0.9995067358660533 0.029523339949057315 -0.02514062397089635 -0.40378019913565283 -0.022688884806417238 0.9145746362611495 2.9507166165884375
0.8931866419107727 -0.02530367153537992 0.44897365949350204 1.219617562584927 0.011187872865470754 0.9993569775965357 0.03406556663059573 -0.026449077303893308 -0.4495469432805695 -0.02540384884121101 0.8928953971497163 3.2302095496629444
0.8683787195287704 -0.0329865573853163 0.4948032806090098 1.4390838060987339 0.015492052510758298 0.9991027194006724 0.039417666029144635 -0.02449540818182464 -0.4956595563273013 -0.026563943947511076 0.8681105696300307 3.5019839184943886
0.8413025666176241 -0.040255515042768066 0.5390635258587246 1.657682779347328 0.02033789010689132 0.9988744098931213 0.042851878449716656 -0.01922137354550801 -0.5401817857245821 -0.025087980574584966 0.8411743170128836 3.7329072882130974
0.8135546526400045 -0.04782116428958849 0.5795187343078653 1.8946141332493878 0.025220542195577983 0.9985766577217469 0.04699556260570431 -0.008607853976087699 -0.580941263312534 -0.023617681919565887 0.8136027615990395 3.9694374178944973
0.7817884489871438 -0.053065390205357055 0.6212816473972409 2.149377543449337 0.027680027635476376 0.9983434300700786 0.05044017948034776 -0.003587218767548285 -0.6229290787083035 -0.022236456513204314 0.7819622132183633 4.198021879676253
0.7468041367678411 -0.05685654160446654 0.6626091721242767 2.4116275648038346 0.02859941876346761 0.9981627155630222 0.053415976133038626 0.0050751243846147275 -0.6644288182738852 -0.020941034755548732 0.7470581091926755 4.4248337983900665
0.7098048304667873 -0.0577542545468998 0.7020267435986662 2.704878465378009 0.02509770467896686 0.998073844109292 0.05673364896380699 0.01876178647423922 -0.7039511402546792 -0.022650558196941128 0.7098871349359026 4.664164949517007
0.6736330581000072 -0.0593990971433514 0.736675132126358 3.0124454667090084 0.023708207994793142 0.9979888162537032 0.05878982485267316 0.032070428098074436 -0.738685605591789 -0.0221375222436266 0.6736865043923657 4.8897033110502015
0.6393193629358283 -0.06146741977970792 0.7664805988940308 3.3477698028743887 0.023384568447671925 0.997893002779725 0.06052038467970801 0.04628136320563532 -0.7685856582931033 -0.02076803574941215 0.6394097079003949 5.115591867140182
0.6035759980074841 -0.06492656201648246 0.7946575087256079 3.747232006990415 0.023745139384473216 0.997700552341525 0.06348051837397177 0.063019714533991 -0.7969518071909253 -0.01944606392399463 0.6037297968569899 5.375836765958184
0.5696883921783268 -0.06613628689093892 0.8191954146438762 4.158696665308615 0.022123202511875596 0.9976297650847402 0.06515685480119826 0.08502439090348789 -0.8215629615117099 -0.01899587779612496 0.5698012433286392 5.628212336828909
0.5368905561760376 -0.06734360782062207 0.8409597904624735 4.575375236182025 0.02317985101689925 0.9976101722143792 0.06508946766744401 0.10645136940519616 -0.8433334009724858 -0.015452597843053282 0.5371684950032731 5.853758516042332
0.504335778377341 -0.06779149348646013 0.8608424571658839 5.060268749680526 0.024706727581100575 0.9976382724561292 0.06408942926086454 0.13262359208733293 -0.8631540999501508 -0.011053992112594918 0.5048195806400736 6.107554184192527
0.4733724979260922 -0.06737003713286169 0.8782822759818899 5.577987950817228 0.027026411508330146 0.9977123676520702 0.06196454240194729 0.15761742969207015 -0.8804476425592803 -0.005595492008497696 0.47411036603410034 6.350675191026308
0.4460078502463778 -0.06590246855506263 0.8925994970629068 6.103887515724372 0.027596825222550907 0.9978239119570389 0.05988201703673646 0.18755280257486476 -0.8946034947149721 -0.0020749373727899194 0.4468559968028385 6.591118313262895
0.423010646375738 -0.06519932229803593 0.9037759907325806 6.676226294635059 0.02872249914584845 0.9978715462261101 0.058543960193427474 0.21747688502227344 -0.9056693718436091 0.0011939866790376535 0.423982975248079 6.839687217013058
0.40509543979978785 -0.06734259026190406 0.9117909081528693 7.278006173369284 0.031418816675804984 0.9977199829594501 0.059730172962140476 0.25017043900129166 -0.9137343939089243 0.004450970704505047 0.4062876397919078 7.090333435619917
0.39310095987533406 -0.0683590205482546 0.9169507509429143 7.889866817107906 0.03425273169855024 0.9976291570459865 0.05968932386031661 0.2841557643227207 -0.9188571084321427 0.007944137549031675 0.39451046242441273 7.34132200217545
0.3831620609765159 -0.06948130610177385 0.9210641579882589 8.503813881574745 0.033666573481867676 0.9975547445497392 0.061246170952107125 0.32139269321424374 -0.923067384787383 0.007541865067496913 0.3845643293560714 7.592932855498021
0.37683261898061665 -0.07058942979845113 0.9235877379398987 9.096184280327613 0.032689945299794035 0.9974843454826916 0.06289950709872924 0.35691348381309396 -0.9257043506155223 0.0064894466402117615 0.37819220289926386 7.828467742152403
0.3683806556488286 -0.07139953524112898 0.92692923079979 9.742049494822831 0.03129449168495907 0.9974337867245748 0.0643932907254752 0.3944372140231982 -0.9291481837327776 0.005286536448973336 0.36966972448180613 8.087446489724233
0.35929997639995753 -0.07187763938349633 0.9304499620697751 10.397580219661302 0.030320214338006326 0.9974022214838967 0.06534135888918563 0.4310538555839993 -0.9327294417790656 0.004734293573919888 0.3605459400726468 8.339129761858821
0.3508597892779064 -0.07291920755176594 0.9335845957586735 11.05815645508442 0.03030371107648735 0.9973255386182434 0.06650906039648916 0.46821367926702184 -0.9359375477898384 0.004955722939546346 0.35213115091864644 8.5819061321265
0.3410760627663925 -0.07310805562569123 0.9371885251166954 11.793758381259346 0.029718656096468808 0.9973114625945839 0.06698244588899095 0.5108157392165196 -0.9395658150909896 0.0050058745572199165 0.3423317401765745 8.848092999808312
0.329706461317206 -0.07601828881270023 0.9410179961784337 12.539817974937037 0.028790538482894028 0.9970989486491837 0.0704612765748519 0.5512783594966306 -0.9436444003222564 0.003860876672683651 0.3309385734116946 9.108620866944381
0.3213695197413155 -0.0783807064645545 0.943704454072012 13.293665342670277 0.02681703927444727 0.9969221632756015 0.07366849241329898 0.5955938672680365 -0.9465740743258234 0.0016325513813913242 0.3224823353149721 9.364597409277687
0.3078132629679584 -0.08245371214384711 0.9478672800000632 14.092844649729145 0.027717453684932294 0.9965921054991969 0.07769117078472643 0.6418971904429196 -0.951042973741062 0.0023580946498169414 0.30904967478931344 9.62273465529671
0.2970942339136185 -0.08559359613495397 0.95100407595129 14.870942927509558 0.02867180615009525 0.9963247124598743 0.08071551817240998 0.6870939811846039 -0.9544175939846101 0.0032868894772529605 0.29845645017354344 9.859460350659472
0.2834376212605276 -0.08756851192391191 0.9549842253009238 15.663032629302998 0.029668774851077735 0.9961462551154963 0.08253727774896014 0.7346604545174688 -0.9585316263186154 0.0049390422962992744 0.2849433754418333 10.089538515813391
0.2712985816571227 -0.08577625193667171 0.9586654860766244 16.445227257387742 0.02963664387691383 0.9962932048440234 0.080755924373002 0.7833142222784313 -0.9620388500110308 0.0065026598651361026 0.2728350536205563 10.307047888003746
0.2576017678649414 -0.0849637525550001 0.9625084362979006 17.21349530168145 0.029529016565310755 0.9963535015029074 0.08004834304082639 0.8269130416707159 -0.9657998583420597 0.007801332877715901 0.25917131946222094 10.50816059313348
0.2377980191131689 -0.08394200706334148 0.9676806506053696 18.00821273384953 0.02682248899722193 0.9964462759582151 0.07984593422960806 0.8768408427188157 -0.970944208587624 0.006968398609645925 0.2392044841364187 10.706564147666981
0.21379508124734875 -0.08380349556083536 0.973277266438616 18.845152459762126 0.024174135952401494 0.9964622589834171 0.08048961158199354 0.9275185596017373 -0.9765793743395335 0.006319853910528944 0.21506460671425048 10.892505398707998
0.18628008179915878 -0.08356402955275623 0.9789365577450895 19.635631333561623 0.022243541258508814 0.9964797632951801 0.08082886993805385 0.9761143734041507 -0.9822448554190446 0.006718207207871266 0.18748309175691646 11.043383632601547
0.15264118488031797 -0.08397116541352001 0.9847078308094376 20.45065934236697 0.01946148660583314 0.9964459675135084 0.08195538033075984 1.0255279119678526 -0.9880900359873203 0.006654111898952583 0.1537328968614481 11.175386475529434
0.11837460440452341 -0.08568625911238595 0.9892650393253558 21.28358768342042 0.01903183458978871 0.99628257722767 0.08401675776140702 1.0767465844879978 -0.9927866046156241 0.008882078130543765 0.11956532266448916 11.2761485749263
0.0810258221226095 -0.08566361623351121 0.9930239478497753 22.11567942184524 0.018026315384069055 0.9962627699006731 0.0844721567352979 1.1308588528544163 -0.9965489792795081 0.011056136921925946 0.08226720934451531 11.34672045472018
0.04828307739045529 -0.0838007506333647 0.9953121011175301 22.990691331822504 0.014729296628894974 0.9964256811956262 0.08317998361776088 1.1908978920533266 -0.9987250834231238 0.010644061589335653 0.04934482439280846 11.397670269842886
0.01815906195501693 -0.08063622007488604 0.996578169779445 23.828816932611893 0.012652477257334926 0.9966812435069805 0.08041401408107833 1.2471326774192553 -0.9997550516442347 0.011148939564540994 0.01911904439086154 11.415775796155026
-0.014849116508974192 -0.0766960813026092 0.996943937667373 24.663060384902113 0.01500873529169268 0.9969244399623838 0.07691813096163976 1.3023411430711682 -0.9997770959588179 0.01610503394940929 -0.013652335977464347 11.40178197315263
-0.04594951305934131 -0.07329271181110308 0.9962513842625187 25.509575739079487 0.017703883592137603 0.997088391145553 0.07417083489168252 1.352547360527104 -0.9987868715373496 0.02104563228196718 -0.0445181604122043 11.35847208021793
-0.07707686911633976 -0.0690663283086495 0.9946300812569387 26.363546159705702 0.02075195219707883 0.9972705385972973 0.07085781062004833 1.4035472278877128 -0.9968091656516972 0.026102014095052473 -0.07543322963355675 11.290618900547972
-0.10642823749542446 -0.06533312020361744 0.9921716654229132 27.20003261943748 0.024101655461172128 0.9973763192467457 0.06826117498142334 1.4528922656663827 -0.9940282392707204 0.031177896181000052 -0.10457436742375409 11.19984029132952
-0.1320052076001828 -0.0606297912435436 0.9893930733435509 27.994855333415053 0.0313615388560148 0.9973725316690034 0.0653030393836715 1.496541600168243 -0.9907527840218343 0.039649230584300144 -0.12975692454377025 11.081513645445522
-0.1595997142764487 -0.052174197823410276 0.9858021019882032 28.81048936233307 0.036581693283536026 0.9976039218681113 0.058721331642535415 1.537272967474794 -0.9865037815028311 0.04543421788527878 -0.1573086803891246 10.946981445081585
-0.18546157275704117 -0.03845902001219058 0.9818986245077377 29.633961340998226 0.041032079606837316 0.9980592068793852 0.04684216056536398 1.5754800924382695 -0.9817944660027491 0.04897676329643579 -0.18352357664175462 10.788994337001448
-0.21053036069023823 -0.020828653387385897 0.9773654047620605 30.41884071407943 0.04191167723848636 0.9986614459811505 0.03031051998720012 1.6071003790059257 -0.9766884756864366 0.04734430809406397 -0.20937559063176203 10.621753824013304
-0.23368377249424055 -0.006024144874982915 0.9722939905971781 31.245759871537707 0.04227517083204455 0.9989722160835716 0.016349967100873462 1.6256531194348502 -0.9713931770421191 0.044924616543754854 -0.23318892431763383 10.430372724170113
-0.2545715439430613 0.0038468858891460463 0.9670462917996232 32.04336648063741 0.04515891428814438 0.9989484666117867 0.007914133829818905 1.6321644731988467 -0.9659989655660932 0.045685473872076054 -0.25447757465506043 10.219085496404166
-0.27896294746775 0.008120743929570146 0.9602675291074545 32.841957415897824 0.04789763480106449 0.9988372849848044 0.005467605019457689 1.6354506405367477 -0.9591066106124853 0.04751980263232679 -0.27902755748709757 9.98352680818966
-0.29958814241249865 0.007150954340699216 0.9540418275829662 33.595149310356234 0.04881428573565512 0.9987770834200629 0.00784239396046144 1.6356204551260214 -0.9528190334129282 0.048920358614083156 -0.2995708398344592 9.746863083033453
-0.31820523812801527 0.002180855735079798 0.9480193406762099 34.331441717005845 0.04938519965509466 0.9986777335848256 0.014278882901068757 1.6374846111335881 -0.9467346663574328 0.05136173974992246 -0.317892188024402 9.49612109495399
-0.3374760597626775 -0.0004470346856733712 0.9413340051475076 35.055152881750764 0.05410327888050538 0.9983376158663626 0.01987058027953415 1.6383922484593947 -0.9397780292715063 0.05763510133813383 -0.3368908588731773 9.227219195110779
-0.3521020481151364 -4.1976976546020256e-05 0.9359616156397972 35.764182674612805 0.05555862197747684 0.9982357058844289 0.02094552509200567 1.6399472908205446 -0.934311183298739 0.059375699872502144 -0.35147850436059475 8.956824269742498
-0.3643367472193239 0.0023961722292729776 0.9312641907559264 36.47314510665262 0.05815420968227966 0.9981035606749085 0.020183410621069223 1.6436934858400043 -0.929449741794505 0.061510491192290934 -0.3637851521865773 8.668791437158024
-0.37216616189168444 0.005514040314818221 0.9281497418532311 37.21219301500983 0.05941718328927301 0.99807281870148 0.01789544353325451 1.646302734809742 -0.9262623528314112 0.06180812186670555 -0.3717765589685948 8.36771707239026
-0.37960744262672286 0.005615253899048836 0.9251306169541947 37.936370159397505 0.05550901094840156 0.9983182241255627 0.016717448439083116 1.6521670630695748 -0.9234808818843679 0.05769915339441632 -0.37928072517811673 8.07733656049326
-0.38870963238452916 0.004914015365745036 0.9213472060762271 38.68799165018419 0.056028907845577625 0.9982611686173727 0.018313948681527515 1.6570202096141766 -0.9196551436147771 0.058740885962531034 -0.38830905879108846 7.754753228614771
-0.3958544202301991 0.006727008651432033 0.9182886394477593 39.4015299879778 0.05770714327372698 0.9981790369061178 0.01756405125137589 1.657909561636238 -0.9164983162010713 0.05994462140825456 -0.39552178039246144 7.43969327966897
-0.4013234987619764 0.008990361849730417 0.9158922549815873 40.12337458380495 0.0612954511855055 0.9979738213817868 0.01706222437430117 1.661736810289442 -0.9138830981068702 0.06298750058896285 -0.40106141395569844 7.115508972990747
-0.4077707150779483 0.012058346955087236 0.9130047317476124 40.854983138940085 0.06318937914814399 0.9978881825175052 0.01504252488057128 1.668276414570574 -0.9108952444094167 0.06382610328557774 -0.40767153721064203 6.7857860657420686
-0.4097801182769628 0.013335560789833611 0.9120868475552859 41.620296779223324 0.06277823355484988 0.9979346418000232 0.013614113529432804 1.6723858154305444 -0.910021509667025 0.06283799419045946 -0.4097709584993411 6.441872450776359
-0.40955387990166486 0.013993414335091658 0.9121786030228615 42.38637523541399 0.0656103580434736 0.9977449588210963 0.014151963273562908 1.6771226837875093 -0.909923568424788 0.06564435621083906 -0.4095484319622828 6.0948096986599705
-0.40808886216379675 0.012822215837521255 0.912852162926108 43.19153812058029 0.0647112219228241 0.9977925830852596 0.01491371507372894 1.685534680614702 -0.910645890747393 0.06515789991291446 -0.4080177811613434 5.742451548664877
-0.4019193334494299 0.011118262951777619 0.9156075762183827 44.01214666196944 0.06183385947876875 0.9979733663544554 0.015024442389532874 1.6943071058880228 -0.913584929397112 0.06265416407623392 -0.40179227531447465 5.393771468486533
-0.3951831921542708 0.01084029987319025 0.9185383674825022 44.80198838826309 0.060739976598215034 0.9980504155193178 0.014353512621145835 1.699934844013326 -0.9165920029553002 0.06146426588170085 -0.39507118869643554 5.0592041768806375
-0.39000541046767623 0.010049360172596847 0.9207577260963175 45.6104873874151 0.05949514173357895 0.998126069057195 0.01430658514577051 1.7089957097148882 -0.9188885176755889 0.06036025702855525 -0.3898724553689399 4.721936353138037
-0.38579678747309043 0.008336811640326701 0.9225461161086297 46.46844359629107 0.05627502055015437 0.9983098334408818 0.014512012862425535 1.7195293606089839 -0.9208658755961823 0.05751498958457016 -0.3856138808906703 4.376357632729386
-0.3837367409401205 0.006942307229884127 0.9234164380294413 47.33572653292726 0.05320163491505392 0.9984770247106147 0.014601957656549026 1.7294758399170902 -0.9219087263363007 0.054730571853071605 -0.383521661460752 4.02662495814846
-0.3823778861682533 0.005416964013127062 0.9239901561544792 48.20816294529075 0.05084582436738158 0.9985910302589802 0.01518737734798024 1.7359457925896895 -0.9226060125069095 0.05278835844378042 -0.38211455729782295 3.6728169133535853
-0.3825000904062578 0.003961902192483203 0.9239469596087331 49.10900817780761 0.050256580471621445 0.9985996453441635 0.016523451147095785 1.7463124277769753 -0.9225876418847718 0.05275463628467378 -0.38216356628015674 3.3052534569162604
-0.3837096991963685 0.0036333624015566363 0.9234466229405419 50.0049266216553 0.050663288563803956 0.9985689995356524 0.01712262708427409 1.7550484361608538 -0.9220629576848499 0.05335496081926534 -0.3833446885264507 2.9367508149580575
-0.38264802832257216 0.0029856378548067976 0.9238893723749874 50.895812722948854 0.05120077682131928 0.9985265318550963 0.017979033186653483 1.7647038636998564 -0.922474371933303 0.05418349516257951 -0.38223707561960185 2.568614528968145
-0.38112638020694284 0.0028663840477909756 0.9245185050353744 51.80583680035788 0.052359836560918124 0.9984571053192255 0.018489357827343036 1.77054251420112 -0.9230390727513473 0.05545441984228271 -0.3806884257424818 2.192021706348886
-0.38143935733923556 0.0027739555765840564 0.924389702367508 52.757673446314946 0.053019958434681005 0.9984149205198991 0.018882015009744794 1.778932317382299 -0.9228720933478353 0.05621344726755928 -0.3809818206503845 1.7996582143574442
-0.37994619456279494 0.0022027011591316606 0.9250059661131135 53.729982447205174 0.05310112047819832 0.9984000190136646 0.019433811707280663 1.7866266087857223 -0.9234831672755116 0.056502656053655856 -0.3794552537752925 1.402773116812838
-0.37901669533014604 0.0019218150674313109 0.9253878383077344 54.70694955254618 0.05437330824604393 0.9983164003873057 0.020196734095223323 1.7931864342833932 -0.9237910413136706 0.05797129759267994 -0.3784830784117369 1.0042394117886309
-0.37700812586128035 0.0012228680666617614 0.9262091435676162 55.69125944976062 0.054199031126761776 0.9983146693362668 0.020743336591325445 1.8021553931764636 -0.9246228085330178 0.058020044654517905 -0.3764390207706985 0.6045839938319133
-0.37572430671365276 -5.3953619390100654e-05 0.9267314834586943 56.639880175068654 0.055321072864076934 0.9982153663900944 0.02248691174565796 1.8087759043790188 -0.9250788205562338 0.05971665924762096 -0.37505079171572364 0.22064502434365663
-0.3759096093809251 -0.0020816764797908158 0.9266539981018338 57.6013276547305 0.05680484495829949 0.9980650483551622 0.02528574383068237 1.816085541182887 -0.9249136041622177 0.062143590778460975 -0.3750639931542554 -0.17130393550633966
-0.3732928768639371 -0.0037348595131099574 0.9277060304358613 58.55407168806938 0.05804336918183353 0.9979387115464389 0.027373258685352293 1.8241228269360525 -0.9258959959826305 0.0640654261005979 -0.3723066287374991 -0.5572474859645657
-0.3712630841445578 -0.004654971555088098 0.9285160491834765 59.49963163301532 0.05956458871278207 0.9978083609131057 0.028818998306298048 1.836627172318676 -0.9266152287346394 0.06600610677598412 -0.37017213799167703 -0.934070472848506
-0.36957313385602303 -0.004725692045410769 0.9291896289598428 60.466948101245805 0.0593151916391955 0.9978276067848295 0.028666621336766507 1.846406355862422 -0.9273065333387035 0.06570947399539875 -0.36848997035822356 -1.3150498969874602
-0.3678640944369021 -0.004567460772801488 0.9298683489216131 61.433519443368354 0.05829620459566899 0.9979075901434118 0.0279641567709141 1.8580329341604032 -0.9280504084120957 0.06449480472299515 -0.36682810635212354 -1.6960036064684707
-0.3671679884424773 -0.003427800556701284 0.930148331421633 62.36800710293621 0.05731483295865764 0.9980096155606017 0.026302417598025898 1.864870350126747 -0.9283871380981243 0.06296870200284621 -0.36624071917531326 -2.0613751520601364
-0.36796611082762204 -0.0015949075144092995 0.9298378340078525 63.32808052799115 0.05513303678147698 0.9982017256607472 0.023530047665886015 1.876261471367784 -0.9282032587411263 0.05992304363036846 -0.36721647471815105 -2.437621572685401
-0.36985463851848005 -0.0011321844614302565 0.929088943279765 64.2453186838463 0.0532891591267234 0.9983271794988924 0.022430073413913214 1.8830226902770115 -0.927560139228682 0.057806235235760506 -0.36917560493881046 -2.7975629263464916
-0.3727030093362567 -0.003952495940137728 0.9279422636174847 65.21881453227843 0.05141650817701879 0.9983667422641924 0.024903626797443637 1.8912755470444094 -0.9265251262208601 0.056993207635884016 -0.37189106572327374 -3.183860548620305
-0.3762935807925751 -0.007056601030742817 0.9264736075227372 66.14303594974892 0.0544393482657341 0.9980748982283616 0.029712874092690595 1.8968190665632607 -0.9248997234374677 0.06161738316691881 -0.37518502059245 -3.566038529844821
-0.38163229864168746 -0.009259866514883128 0.9242678418648941 67.08767992622654 0.053303576751447215 0.9980652244458663 0.03200838104818378 1.9075440172417502 -0.9227759843748454 0.06148221388295724 -0.3804003417941234 -3.9505391577925737
-0.38451455364022447 -0.008068136899455569 0.9230836707502906 68.01778659489784 0.05410241841022912 0.99804596315525 0.03125993844642211 1.9164618222736154 -0.9215321407097116 0.06196096026112928 -0.38332669231674343 -4.339570776030188
-0.38797099830331316 -0.006012876206539095 0.9216519678247617 68.91396312186743 0.05452933758996781 0.9980773136837958 0.029465696186195812 1.9274961510616513 -0.9200570937814294 0.061688906859035095 -0.3868971736172383 -4.719078445788699
-0.3931907972074039 -0.003613477247167051 0.9194498027481385 69.80938192893063 0.055244756248310545 0.9980927641380257 0.027547251811760785 1.9413495430499 -0.9177957364786956 0.06162610613611743 -0.3922412639486431 -5.099947771735089
-0.3969031068449102 -0.001974358252456943 0.9178583908677576 70.70394311839266 0.055155231862322435 0.9981392856559113 0.02599743888388264 1.954275415241153 -0.9162018468520305 0.060943156628113025 -0.3960556873535969 -5.4858829556827855
-0.40042027119338836 -0.003074025615059185 0.9163264466247448 71.57213921685684 0.05632623429978153 0.9980207887923751 0.027961767967200214 1.9658993157450375 -0.9145987982427156 0.06280967684014455 -0.39945460661784477 -5.864413166265351
-0.40425173302105205 -0.008479427585425883 0.9146084603027133 72.51389263282425 0.0579351952865617 0.9977116361098448 0.03485691205664576 1.9811557078412563 -0.9128110699901618 0.06707898686504066 -0.40283540065959406 -6.281398634827826
-0.4049896575815646 -0.0162916853972839 0.9141761089849609 73.40733049417106 0.059658680669565006 0.9972397294473319 0.044201400798834736 2.00048695531148 -0.9123728509073108 0.07243965073582481 -0.40289983609892155 -6.6766046997898805
-0.40604287330261274 -0.018559569179403552 0.9136655446234326 74.27714125864667 0.060819418398101975 0.9970283016699613 0.04728175139342784 2.01749438406186 -0.9118279351861706 0.0747670252249495 -0.40370745417088455 -7.0637724449892625
-0.40590650725752436 -0.013216257387823338 0.9138190400219599 75.15057708157758 0.06093033343801636 0.997279428663804 0.041487776888247736 2.037974427810222 -0.9118812432730097 0.07251945742113411 -0.4039969386792613 -7.451000934637588
-0.40551618140786516 -0.007580325504079048 0.9140564344074362 76.01530821926842 0.06303206638860329 0.9973534915872923 0.03623494757026289 2.057647653191609 -0.9119120490612931 0.07230872342870673 -0.40396517584185987 -7.838172903349811
-0.4057783669856849 -0.004492592889834217 0.9139604660462929 76.91619817756927 0.06729460710278379 0.9971268104282403 0.034778725969853784 2.076815931986921 -0.9114907310232577 0.07561706509995236 -0.4043101615398219 -8.24448578237564
-0.403340550794281 -0.004991254106163384 0.915036331228118 77.79218855617567 0.06979997663399276 0.996903784543748 0.03620507732689944 2.0922683271503346 -0.912383890337209 0.07847249036955824 -0.4017433321267939 -8.63340853076356
-0.40215472421824094 -0.00783373757529433 0.9155382080200434 78.64617063476105 0.06951628114317968 0.9968156535497955 0.03906455547061642 2.11714641620538 -0.9129288386533603 0.07935480699803818 -0.40032955194605757 -9.00659347355751
-0.40088437850736747 -0.011319860377181037 0.9160587185490912 79.51329095359367 0.06897823796227351 0.996712358508139 0.04250267150148383 2.1421725469691757 -0.9135281702040621 0.08022677332526969 -0.3987855903683508 -9.380079436931714
-0.3974451692811058 -0.016230253813336544 0.9174823792729034 80.39379349296388 0.06882295497619526 0.9965002250406734 0.04744156787282561 2.1679841315472954 -0.9150413861041793 0.08199927045432778 -0.39493718660250304 -9.757294019989722
-0.39667697070706387 -0.020783993506546524 0.9177229464956115 81.2810278329326 0.06320523881384206 0.9967525871059179 0.049893665771768084 2.20134878127274 -0.9157797107913849 0.07779656619401361 -0.39407513952451767 -10.123057618589439
-0.39424231852396135 -0.022606721741119388 0.9187284312662646 82.18576598435189 0.0579824205002548 0.9970938118667254 0.049416285271307786 2.233879440785866 -0.9171755738122246 0.07275208910542184 -0.39178578373010636 -10.4924071329632
-0.3916376474601455 -0.023574184200525768 0.9198174878372135 83.04308360109873 0.06014498936059722 0.9968778679501127 0.05115756685038249 2.258625390105144 -0.9181516940825717 0.07535764215072939 -0.3889970339511424 -10.854650970143934
-0.38980388403117044 -0.02154128781720382 0.9206459172306094 83.93780471301261 0.06405608657790812 0.9966706876652485 0.05044163083410575 2.287447151220175 -0.9186673771102016 0.07863531819772243 -0.38712625455451294 -11.235163869091563
-0.3855343210863231 -0.019668111259803018 0.9224838495409989 84.83346475983345 0.064909880891041 0.9967177191358247 0.04837867012837996 2.3203927172862584 -0.9204075155208259 0.07852995454061934 -0.3829922344025129 -11.603663363155862
-0.3788515429207457 -0.018986672576423117 0.9252626733479775 85.71948536105587 0.07009038337263136 0.9963293808181457 0.04914369824512696 2.3484620287585414 -0.9227994617387073 0.0834701814003434 -0.37613014002037354 -11.965310699601849
-0.36917030732187295 -0.019159311139199112 0.929164250812818 86.62595254901908 0.0739202024870187 0.9960145898064259 0.049907319673723236 2.3760192879316664 -0.9264173400018763 0.08710831010534188 -0.3662827520569861 -12.324774024576453
-0.3585256111482128 -0.01949131545317623 0.9333163851410227 87.50607646133625 0.07170968247680723 0.9962528655383236 0.04835234581439504 2.4086836407709318 -0.9307615739757826 0.08426337596241995 -0.3557844514330831 -12.652296985450088
-0.3485629902575493 -0.021445183375233576 0.9370399916400146 88.40590040236532 0.07032260958656561 0.9963220247071898 0.04896073594526192 2.4401355338528234 -0.93464355366292 0.0829609980253902 -0.3457729029333851 -12.975867174354628
-0.3326594336481269 -0.024534768430958892 0.942727821984133 89.31301744752929 0.07271203950471519 0.9960183306581316 0.05157949499611214 2.4710372645571828 -0.9402396824831275 0.08570606822756743 -0.3295509207284958 -13.29278893284828
-0.3188930732618271 -0.02719208669013482 0.9474005479453044 90.19002878391345 0.07292003564063301 0.9959216478206787 0.05312946267667895 2.504109549099365 -0.9449814158108062 0.08602709935584255 -0.3156096670709316 -13.578481091693034
-0.30498098600700174 -0.02751094052276582 0.9519610004226801 91.05650966129278 0.0753197730607941 0.9957548883344505 0.05290684401962298 2.537691946182203 -0.9493753367137087 0.08783706797018603 -0.30161418986866895 -13.85592984197473
-0.28783316333395403 -0.027899696646323545 0.9572740866712169 91.92919107808358 0.07775258689859338 0.9955949366936611 0.052395202647970325 2.5673211265600475 -0.9545190439775134 0.08951161353136428 -0.2843959664398664 -14.115811956319156
-0.27360413629836194 -0.024902742529483407 0.961519958198964 92.79621702462202 0.07985057884829971 0.9956258703962015 0.048507847358932724 2.593270170643492 -0.9585221237186019 0.0900498729167138 -0.2704188579401681 -14.35938740035957
-0.2604268571948371 -0.017843139314697845 0.9653286872516618 93.68776782974092 0.08141782245361977 0.995862040018719 0.040372458888043423 2.6179836155107634 -0.962054567183448 0.08910903225348255 -0.25789647173297475 -14.59572242073028
-0.24384956006828679 -0.014791268748534682 0.9697002683423945 94.61990850801621 0.0780498233467764 0.9963410371527388 0.034824743515812925 2.645236640321464 -0.9666672732279915 0.08417693302926746 -0.24180286767477804 -14.821216682352325
-0.2286992239481629 -0.017611305268860435 0.9733378174571433 95.56318149045795 0.07627828756263191 0.9964381979634366 0.035951919084965346 2.669138705633469 -0.9705041410586669 0.08246671792975921 -0.22654128237889237 -15.037262615367574
-0.21348128493050544 -0.02245488674411382 0.9766890595505459 96.5025826585236 0.07609350428556913 0.9963164629601098 0.03953838944872 2.6871197768446224 -0.9739792192803515 0.08276039932217341 -0.2109862476894453 -15.235896532357023
-0.2022523725217012 -0.022631269362707804 0.9790719092366892 97.36667541861193 0.07401732135459765 0.9965202701339375 0.038324761599709004 2.7050599657527643 -0.9765323414761199 0.08021955409510122 -0.19987348296347346 -15.403678146644133
-0.19505237700662115 -0.019451575611968412 0.9805999216960396 98.313296516473 0.07112779627658247 0.9968902034599831 0.033922836590572096 2.7215749900119044 -0.9782103080733223 0.07636464137102689 -0.19306225609209726 -15.584238113314843
-0.1919279921092102 -0.012579270228534237 0.9813283893811718 99.25273455764565 0.06540291548665662 0.9975310528220888 0.025578453852817158 2.739838465239633 -0.9792272997066475 0.06909095900458292 -0.19063141108708936 -15.754748257115429
-0.18904106446431107 -0.01167958911909716 0.9818997215317912 100.17680594032345 0.06034353448509253 0.9979012925967357 0.023487615451777962 2.7535690226731 -0.9801133270148134 0.0636914235338889 -0.187939534894019 -15.916253346659394
-0.18648023289201193 -0.011977172327289391 0.9823857033179908 101.12235608036104 0.059566211337792795 0.9979483142384629 0.02347399785872484 2.7658905083121494 -0.98065130867572 0.06289443100666725 -0.18538419927530275 -16.088878284018147
-0.18342783077181518 -0.013055805984138528 0.9829464770924464 102.06551789871163 0.055947948642679476 0.9981524035832499 0.023698233344655695 2.77612120858168 -0.9814397882402276 0.05934075455440539 -0.18235848460625942 -16.2539626320923
-0.178751662203473 -0.016438174014958874 0.9837568956274461 103.011668115891 0.05252021586304404 0.9982754810940488 0.026223858833986667 2.790445514548086 -0.9824914606169333 0.05635468287107589 -0.17758006513487307 -16.417028212330088
-0.17391787241935608 -0.02042229243116462 0.9845483754620596 103.93213767782434 0.051787342968225146 0.9982118118235956 0.029853807866774565 2.804650412111913 -0.9833975008923992 0.056179255136668244 -0.17254925827390022 -16.572666701052714
-0.17015547818693344 -0.023451107950788554 0.9851381419774876 104.87395516910037 0.052149755762954456 0.998101556892596 0.032767134486254984 2.8183360455281607 -0.9840363388700848 0.056950220934221 -0.16860947814017813 -16.73091388363407
-0.16720454019718428 -0.024568799126838115 0.9856160590447547 105.79875397241202 0.04715648826255958 0.9983460214184132 0.03288597167133862 2.831172431174996 -0.9847938400255107 0.051976875891978004 -0.16576940918130406 -16.875399270153608
-0.16291853603882545 -0.023792818860542318 0.9863526004353795 106.72669289527401 0.04245415675952854 0.9986142302852667 0.031100862457524574 2.844513233012346 -0.9857257200605063 0.046941674900176984 -0.1616826644039575 -17.019967996223514
-0.15932094320936302 -0.022764137505238563 0.9869643514831332 107.633370176301 0.04070294635332998 0.9987325727503684 0.02960605150282579 2.854635181141693 -0.986387402197046 0.04488922110120226 -0.1581924480368469 -17.16217280304374
-0.15497923546433628 -0.020471919390084616 0.987705592315532 108.58496205581534 0.0413030655576074 0.9987768447305527 0.0271821854460873 2.8678153129350403 -0.9870539465249273 0.04500794314970827 -0.15394411876716446 -17.311500030055612
-0.14940378749760191 -0.022697854213753487 0.9885157134287057 109.51526397543404 0.03987893660301901 0.9987847290338885 0.028960929959427523 2.8803072536227807 -0.9879717499487444 0.0437478280923027 -0.1483170551232142 -17.44977356983899
-0.14415381537731975 -0.027661198638612824 0.9891686082776976 110.45316564495745 0.03986380843532884 0.9986354696457149 0.03373537523896992 2.893656017685294 -0.9887520186018299 0.04429511096450605 -0.1428544323969302 -17.58355383446137
-0.13743924806739094 -0.03021145218073241 0.9900493529353989 111.36674590968855 0.041948710662314995 0.9984604325814779 0.03629146239789352 2.9069100165165582 -0.9896215229896932 0.0465191651509317 -0.1359603196128223 -17.70888048600419
-0.13325804016233417 -0.027672567428957122 0.990694970081096 112.2377479224537 0.041498120454680605 0.9985776654324889 0.03347464858858391 2.9212006823075494 -0.9902121998495185 0.04557274526830905 -0.13192014310895533 -17.82043491837611
-0.12845734619726512 -0.025457171613114643 0.9913882401064764 113.13630348040344 0.04324150562356052 0.9985759571246389 0.031244680251504717 2.935390956865027 -0.9907718619335955 0.04688272886758636 -0.12717361099915658 -17.93228913361369
-0.12337303548780804 -0.02459096722902307 0.9920556327370282 114.0410897976259 0.042167800983164624 0.998660079356348 0.029998707642450467 2.948008035524754 -0.9914640541516211 0.045533836108042874 -0.12217077839859086 -18.03768770958343
-0.11771901825690856 -0.026770342866785583 0.9926860437637998 114.97369519381066 0.041660455969163394 0.9986233810785453 0.03187082006626287 2.9581160851347077 -0.99217268615351 0.04510755486666782 -0.11644169933867987 -18.140761186600006
-0.11191293248240924 -0.028489535890073924 0.9933095398152361 115.88690742339871 0.04463485376453451 0.9984359611583067 0.03366543175583792 2.9698647613760083 -0.9927150776394034 0.04810382324365237 -0.11046627004084603 -18.243512379702526
-0.10554872362554107 -0.029990662419312062 0.993961783525237 116.76468248934329 0.04541265877508039 0.9983568963631873 0.03494564217527636 2.982029817153643 -0.9933766442613785 0.04882691523857721 -0.10401334041500415 -18.33717421616177
-0.09931445391020949 -0.029966269355911016 0.9946047767557756 117.68006525859226 0.048155398374919806 0.9982305172909951 0.03488397850454484 2.99782982576852 -0.9938901834970854 0.0513600725256669 -0.097695681062617 -18.4295108971767
-0.09244970419179399 -0.030575678605096475 0.9952477983259687 118.55909601968469 0.04572407496390516 0.9983436441379193 0.034918149694892424 3.0156601391813487 -0.994666959923544 0.04873495754853573 -0.09089852996169667 -18.508631066021877
-0.08638368392216084 -0.03290803771479294 0.9957182935980426 119.42263770103716 0.04224185250471806 0.9984345179196108 0.036662505691836295 3.034863412481251 -0.995366005572325 0.045228027597896084 -0.08485835533757463 -18.577309260663274
-0.08422709506666082 -0.033754400094702805 0.9958747094543964 120.30878394184893 0.041864836937904285 0.9984237349840213 0.03738155760157099 3.0516751259252834 -0.995566739041032 0.044840672327738494 -0.08268120838740822 -18.652384562955817
-0.0816743706661488 -0.03452311511459543 0.9960609678624461 121.210307403354 0.04068650251380534 0.9984513016858562 0.037942149056340975 3.0707941932955833 -0.9958282511003003 0.043625138218736655 -0.08014325689609503 -18.723506624507284
-0.07864536782720105 -0.034194000783453235 0.9963160524802084 122.1099191867393 0.04055987184610796 0.9984742948017269 0.03746971331650912 3.0879829290659653 -0.9960772073063169 0.04335727079297406 -0.07713847389100442 -18.79248560492901
-0.07468439582684588 -0.035845899544021925 0.9965627489053858 123.03738424524826 0.03807731114547448 0.9985224119888807 0.03876997719677627 3.1089697284382036 -0.9964799844431947 0.04084194218922156 -0.07320912758872739 -18.856950573336878
-0.0700471792923289 -0.0384118578169622 0.9968038532490923 123.95123954563729 0.0415455679736379 0.9982790111022968 0.04138818399457032 3.128839845942894 -0.9966781619233643 0.0443119077863959 -0.068330786424523 -18.922440276855085
-0.06622710846813329 -0.04161690778847585 0.9969363084420566 124.86091689549993 0.041162295662285506 0.9981653520218365 0.04440265126018399 3.149586553882769 -0.9969551823024747 0.043976846285840296 -0.06439255757454332 -18.978742305570204
-0.062088606808895386 -0.04201997171124554 0.997185703308023 125.75867645733429 0.03657498087527708 0.9983464763159908 0.04434618361728347 3.1730669328589785 -0.9974002585113478 0.03922544078567926 -0.06044906216531121 -19.025972573636874
