1.0 0.0 0.0 0.0 0.0 1.0 0.0 0.0 0.0 0.0 1.0 0.0
0.9998844259767642 0.0013221144196278501 0.015145517573794245 0.016519958153367043 -0.0013266470556647129 0.9999990781765491 0.0002892293930503892 -0.005178435705602169 -0.015145121217949836 -0.00030928872194158866 0.9998852582390542 0.13802222907543182
0.999353801383266 0.0037958370093816958 0.0357431291609171 0.03360145959098512 -0.0038334964599984 0.9999921668714251 0.0009851399307491244 -0.007331137124782248 -0.03573910974978216 -0.0011215244937962262 0.9993605246441861 0.31607948610359604
0.9979745907278538 0.004433626447255713 0.0634591145391987 0.06413379823611713 -0.004582279699539711 0.9999870875280075 0.002197154980537635 -0.010695905563737848 -0.06344855376072911 -0.002483492254771447 0.9979820205253662 0.5000800586967296
0.9956582392091282 0.002832978273603111 0.09304109269070185 0.10974715616905342 -0.003275789200931328 0.9999840225879207 0.004606926740452791 -0.015460922638591022 -0.09302655481145983 -0.004891707573243726 0.9956516114067854 0.7067008245057159
0.9921156255404662 -0.00015881317133367836 0.12532581672116141 0.16925885903984073 -0.000652563832276345 0.9999790947246834 0.006433061016935745 -0.01910257785371446 -0.12532421840528005 -0.006464123450199918 0.9920947814544365 0.9304413838321738
0.9867813515983649 -0.0022804911361098243 0.1620412401146155 0.23670745435849636 0.0012461197257409217 0.9999781974928549 0.00648473010773229 -0.02357966539296911 -0.16205249557885085 -0.006197087954768335 0.986762679055885 1.1473549662305873
0.979467795022806 -0.0020489192879558126 0.20159027864188753 0.3081580585945283 0.0004208904711311993 0.9999669561708459 0.008118461530673547 -0.02626739599187094 -0.20160025139957968 -0.00786692418707324 0.9794362920269297 1.363468784505582
0.9703929135860501 -0.0025061590364789197 0.24151876206386252 0.3968480667573567 -0.00010179259850905662 0.9999418344688078 0.010785050645329364 -0.028375921531863954 -0.24153174304890784 -0.010490321541273443 0.9703362150583256 1.6024178125109663
0.960040289527794 -0.006287127971579541 0.27979119804822034 0.5026870239829986 0.0018510023080085506 0.9998684069326585 0.01611653214569925 -0.03558114612263724 -0.2798557061663121 -0.014954626033993373 0.9599255923697098 1.8454178848940244
0.9476378773034323 -0.013465972439036427 0.3190628795176844 0.624660946962659 0.006791703419267691 0.9997344225318363 0.022021743109953244 -0.04389490555308851 -0.3192746877917352 -0.018701657445455926 0.9474776629262999 2.096037218963244
0.9335130046245663 -0.018516536455935782 0.35806508915906704 0.749050823978862 0.009998607979152405 0.9996216018792108 0.02562578574248938 -0.049937438729287624 -0.3584040987981218 -0.020341851786814864 0.9333449046470386 2.3136830562068575
0.9147791480089671 -0.020082817985537727 0.40345481877125705 0.8999074549844174 0.008920408154006215 0.9995241599347369 0.029527614619611245 -0.046725012141199423 -0.40385583651391505 -0.023412264489324874 0.9145230063727909 2.580126469696143
0.892597648570838 -0.02421864303968759 0.45020317090745504 1.0785457556857434 0.009976015919239849 0.9993726487989039 0.03398217089948899 -0.04180619156103247 -0.45074373747417734 -0.025841171838351197 0.8922792819324177 2.8580949531364235
0.8674964924556278 -0.030920004060652016 0.496481408439503 1.2818809943417562 0.012609261104002078 0.9991124522075205 0.040190973840981165 -0.04147806223694563 -0.4972834625358001 -0.02860526512313065 0.8671164262633025 3.1379389908461746
0.8400486616337853 -0.03703040063040506 0.541245781061098 1.496084522570563 0.015964558541298718 0.9989230205183044 0.0435652608068518 -0.04011249819319131 -0.5422761095215867 -0.02795618907754181 0.8397351204602516 3.391053742565771
0.811469283341537 -0.04243809614267639 0.5828521340691456 1.7256665229904957 0.018007399925641755 0.9987019548908236 0.0476459740709059 -0.0351754257838777 -0.5841175701355766 -0.028167592957730598 0.8111801593763727 3.6404584939749136
0.7776173406757985 -0.047841516795900034 0.6269150347144075 1.9943789884420973 0.020214365634622637 0.9984877371941047 0.051123557143320036 -0.02759696124522825 -0.6284128029426905 -0.02708187481811658 0.7774084648073025 3.9102501456966
0.7409390545372205 -0.052229513990487024 0.6695381955719981 2.2719007575934733 0.020945346152252763 0.9982833817892467 0.05469535737142156 -0.019888892737931804 -0.6712455660457297 -0.02650221710994628 0.7407611103130383 4.159210036967165
0.7019841624627579 -0.05492803990405691 0.7100712260638077 2.5864336361278744 0.018577010848562822 0.998094392279192 0.05884283107365673 -0.002460465361886245 -0.7119502302263784 -0.0281157346183388 0.7016668548160717 4.430287279054344
0.6639411378362899 -0.057557994068556634 0.745566390610157 2.892571738775554 0.0166376369542728 0.9979235304125317 0.06222392213262758 0.010816134889301549 -0.7475997288156483 -0.02890855872909411 0.6635201132648325 4.663020709791389
0.6271127409252718 -0.0595991692227604 0.7766450599837419 3.2205928875370207 0.015583598065158064 0.9978288932093498 0.06398946278840048 0.026826823885277275 -0.7787725994412854 -0.028025682945492292 0.6266799816931303 4.887630783084843
0.5915697578440262 -0.0625425464233565 0.8038243909531748 3.5844728952073237 0.01528280940256909 0.9976774859320626 0.06637823288581647 0.04636910447215322 -0.8061089612087964 -0.026982660194303273 0.5911516545758067 5.122448411000302
0.5581140508747382 -0.06261465963317589 0.8273983989682431 3.9535195730813877 0.012476178049624125 0.9976692925370516 0.06708448188585274 0.06562889396971716 -0.8296704473448867 -0.027118022192644527 0.5575944419332881 5.342533755999882
0.5266282293545967 -0.06343998108638095 0.8477252366460503 4.371455404010886 0.011989057796604682 0.9976666137498152 0.06721302181963493 0.09009512689558533 -0.8500111590679219 -0.025232847812656348 0.5261599878851217 5.578332671757046
0.49373688113321273 -0.06419406346858744 0.8672387297764317 4.879509118404087 0.012829009476806753 0.9977007998653895 0.06654720477830842 0.11812555612020044 -0.8695167098593861 -0.02173099545241953 0.4934252274782423 5.846127654891654
0.4647696792389487 -0.06279700150698965 0.8832019485156586 5.366487930063088 0.013644028573845782 0.9978713331214104 0.06377023615116613 0.14609150774078905 -0.8853264853964333 -0.017588039578945572 0.4646371434994932 6.08433427786259
0.43950911782299107 -0.06176084872149383 0.8961123439143428 5.8812084484942595 0.013527607886098553 0.9979753549718137 0.0621465581811493 0.17403418114736371 -0.8981362586909274 -0.015191722551566193 0.4394547444169651 6.324200034540492
0.4179613235676104 -0.06106000037349235 0.906410507637682 6.439928483902184 0.012904362973873169 0.9980370723876921 0.06128196762542204 0.2053454836732083 -0.9083731663902506 -0.01391684210565956 0.41792883615270715 6.575028418470409
0.402785198006665 -0.06224116219410755 0.9131758439618617 7.029616025916678 0.014479273375123544 0.9979936817429027 0.06163571889557502 0.23917381123357578 -0.9151800013709107 -0.011603832555354372 0.4028782895128096 6.827515869332243
0.3932591132983051 -0.06320264395320435 0.9172527980906656 7.636718066909845 0.015268867587031453 0.9979458789019408 0.062216432437441134 0.27191687342094584 -0.9193008927932359 -0.010461767535051535 0.3934163442583467 7.084839540180839
0.38402215058356043 -0.06514046463191454 0.921023185228643 8.264347821780158 0.014414418445444475 0.9978096415719969 0.06456116268192706 0.3125817305626062 -0.9232113584667687 -0.011516902947446964 0.3841199663444251 7.3502442403741615
0.3756602957423385 -0.06590981044937766 0.9244107523656926 8.879394818281416 0.01288865476792524 0.9977429446612971 0.06590067493491346 0.3495045947118336 -0.9266678071353573 -0.012841855984669859 0.375661898458996 7.6035661026426355
0.3661778356851627 -0.06741993420664177 0.9280993185669852 9.532840850777468 0.012348850960959137 0.997636139226651 0.06759910937938925 0.39064799061523103 -0.9304629485008387 -0.013292335404837898 0.36614480098263213 7.866813339421962
0.3571533825222527 -0.06765784582447244 0.9315921195734245 10.201238123102469 0.009462909376997137 0.9975840268405527 0.06882269058029011 0.4326339226029153 -0.9339978130054891 -0.015764684931184998 0.35693074959995297 8.126641257283666
0.3481198935932328 -0.06959474207016977 0.934863151247723 10.866017351388198 0.008927258688528075 0.9974414163213943 0.07092901422605312 0.4753478114803368 -0.937407512097564 -0.01634603569548554 0.3478504899811089 8.376072229284127
0.3368749180564137 -0.07075949374540068 0.9388867789192578 11.599409605392147 0.007861433251819025 0.9973486997210329 0.072344792708198 0.5244525045064272 -0.9415165890475387 -0.01699015037189332 0.33653803252920567 8.63834028561932
0.3268474309847113 -0.07438178422597803 0.9421454808223911 12.340078913899971 0.007568691254929538 0.9970720379175959 0.07609248396221657 0.5762207466479836 -0.9450468093017309 -0.017739824638724012 0.3264534068598541 8.894343511339446
0.3173499932019633 -0.07852458833538402 0.9450517820952843 13.058510554867182 0.006636565317415438 0.9967252757346887 0.08058958190980213 0.627186252642721 -0.948285261836069 -0.01930320539100955 0.31683189303813936 9.133730114309767
0.30510860635702775 -0.08328330794322837 0.9486688721281552 13.834418162488365 0.007888143252903435 0.9963554628468081 0.08493273133100757 0.6812010548855738 -0.952284891995507 -0.01843047132758236 0.30465357736903276 9.37807270383952
0.29246654353582346 -0.08566479828467685 0.9524310280787024 14.611120809470691 0.00732022295997805 0.9961508529507053 0.08734925587203782 0.7346886406848437 -0.9562477373819113 -0.018574727465783918 0.29196788222602044 9.613103357115868
0.27846673140487893 -0.0863846438447229 0.9565531730167978 15.38135874852848 0.006330535138964477 0.9960904335186755 0.08811227256989629 0.7891117513793074 -0.9604250120782662 -0.01848084306512398 0.2779249082289404 9.83295670937842
0.2645136431554437 -0.08515591983411014 0.9606149082238112 16.16783055536603 0.0046846514151973745 0.9961955422429285 0.0870200876604691 0.8487601117979214 -0.9643705649934328 -0.01851785442550638 0.26390623797425306 10.049395949757889
0.2501030977033582 -0.0842513362225503 0.964546604816947 16.92297316208016 0.0035901838053987653 0.9962806941153858 0.08609232900327918 0.9026152881928037 -0.9682125547107042 -0.018069058572050628 0.24947536556319921 10.24602914533756
0.23005169277994303 -0.08309906509590875 0.9696240323080224 17.741967010438135 0.0007751792078924055 0.9963629914520848 0.08520673894621675 0.9597658528547366 -0.9731781017605557 -0.018850322141517883 0.22927940947429765 10.444145580508183
0.20650392181844962 -0.08223290623073191 0.9749840405906384 18.549750993041034 -0.002119867380295612 0.9964220686060623 0.0844900429465258 1.0153610651499556 -0.978443476362273 -0.019514362087023715 0.20559074209809863 10.61892083462216
0.17956758642076354 -0.08261152303222502 0.9802707881852433 19.33802096068891 -0.006598737676039267 0.9963441672666318 0.08517486140197258 1.07209605708328 -0.9837235071747064 -0.021763194068393936 0.17836598559096684 10.76873111341898
0.14692721367166356 -0.08390662992105942 0.9855820977158483 20.160447451077104 -0.011257948179918084 0.9961892849513923 0.08648795957133175 1.1303614969172313 -0.9890832384008232 -0.023803067099103237 0.1454226994358721 10.895824222401428
0.11330042036413446 -0.08514814183632789 0.989905454418315 20.979666511276537 -0.013024891024871754 0.9961080850787003 0.08717244435390656 1.19069148876218 -0.9934753982656543 -0.022770085258191443 0.11175041949914122 10.991336277003013
0.07574184486567265 -0.08535979038631815 0.9934671001706843 21.809319612172118 -0.014797521325307122 0.9961231552296812 0.08671616330241862 1.2519747477526553 -0.9970176559615038 -0.02126889278896485 0.07418509217194552 11.058527918616045
0.041144033002110725 -0.08472717824791907 0.995554355027623 22.654801867119964 -0.017199641416278055 0.9961903774139502 0.08549212994774935 1.3138763278224284 -0.9990051756039467 -0.02064066893288003 0.03953001268062745 11.097869940299997
0.008582359504290038 -0.08312026645290568 0.9965025661834181 23.480742758151035 -0.020837069904454605 0.9963080223868863 0.08328349803730045 1.373821482436156 -0.9997460475656488 -0.02147896255246323 0.006818690822576412 11.111910863445269
-0.027681126063739847 -0.08001887336875549 0.9964089196532913 24.304326957066337 -0.02008053348020123 0.9966342571522395 0.07947911452548242 1.4312420835455726 -0.9994150926591985 -0.017808351282454754 -0.02919478017740207 11.090073260654954
-0.06063941282035018 -0.07595646900988597 0.995265530613993 25.110300835533657 -0.016472312250273208 0.9970408242623223 0.07508833253867286 1.4821011961185266 -0.9980238096067309 -0.011841012197403217 -0.06171114881614431 11.035234851152758
-0.0944662270827748 -0.07132069493698104 0.9929700350032986 25.937073768132116 -0.012593389107120621 0.9974362796988709 0.07044341339878712 1.5318410775753766 -0.9954484107634822 -0.005850334535892114 -0.09512221136136328 10.952528269548521
-0.12541423914579802 -0.06850404882507824 0.9897365628863328 26.753823541535123 -0.009275786769559702 0.9976506147874846 0.0678764362202344 1.5783235315450277 -0.9920611011421052 -0.0006679137108815542 -0.12575502173666303 10.846277111818239
-0.15322076269148455 -0.06413327547390561 0.9861086759871996 27.52905379319669 -0.002100844599362415 0.9979106832732074 0.06457441181435256 1.6196954467147229 -0.9881897511774796 0.00782247954221698 -0.15303537003452017 10.71574384979957
-0.18244486619325262 -0.05650291796005098 0.9815912036391351 28.354233089576486 0.0026917328195264767 0.9983149358362806 0.05796588186710694 1.662814003012113 -0.9832124009460798 0.013217758819212166 -0.1819853441287037 10.563667408028245
-0.20740234354781706 -0.04328676317219102 0.9772975616591644 29.16051191650393 0.0067862904648565425 0.998932833698179 0.04568522760644865 1.70153631486557 -0.9782321882623777 0.016107448395108012 -0.20688725420769416 10.393079860617148
-0.22779761994293296 -0.026957205730974813 0.973335272867224 29.932991626404462 0.007788680714065639 0.9995342679630488 0.029505654039639877 1.7325369004469136 -0.9736773494341284 0.01430231543319031 -0.2274815662250022 10.212705225492186
-0.2510492354409286 -0.012232608371594853 0.9678970217316266 30.737677676069563 0.006231686043554592 0.9998789994813515 0.014253157026662407 1.7530677983011527 -0.9679542589779645 0.009609874536086124 -0.25094262857836824 10.014525251600961
-0.271456418580039 -0.002185402125376623 0.9624482515071909 31.497017191610702 0.008725241133925454 0.999950740357229 0.004731493018538912 1.7571189963320637 -0.962411181865035 0.009681987222674205 -0.27142397857331324 9.80249836067397
-0.29344568611879196 0.0025352111337880864 0.9559723855858906 32.2810008672255 0.011790693097614945 0.9999300193104488 0.0009674906114721 1.7582604342252601 -0.9559030331861853 0.011555482954534974 -0.29345504248374765 9.56603168499004
-0.31243290249373146 0.0016368489141665964 0.9499384201962644 33.010278850376274 0.013132285257353452 0.9999103973303874 0.002596226975098972 1.7546095017530685 -0.9498490535465423 0.013286009040299725 -0.3124264032384573 9.329477503857156
-0.32967343203980914 -0.0031761856373906192 0.9440896885634809 33.73847074245535 0.01506161620722466 0.9998493822904814 0.008623250580222458 1.7507502637389867 -0.9439748809816497 0.017062373168462618 -0.3295759388935129 9.07499855165195
-0.344742154679973 -0.006243983542443096 0.938676653303006 34.4694681404158 0.019951319122690492 0.9997032455537125 0.013977327879053132 1.7450717073701216 -0.9384853710377561 0.0235464115927606 -0.3445152752044967 8.800545237690592
-0.35761316368781615 -0.006800982974840495 0.9338450469900066 35.19922666368818 0.02089977361776315 0.9996647456707521 0.015283838711429406 1.7434011755664465 -0.9336359165220229 0.024982851991049108 -0.35735113332194124 8.522239614444224
-0.3679781242501294 -0.003950624277231196 0.9298260550453383 35.921813101394804 0.022430214533445084 0.9996622648722775 0.013124087260155808 1.7421042146691061 -0.9295638684616243 0.025685574905941012 -0.36776523176125736 8.235336010506314
-0.3757403254081724 -0.0008993842566728284 0.9267245539911626 36.660382632574475 0.023896698485839463 0.9996576073093064 0.010659078295471299 1.7428837028364186 -0.9264168368847996 0.026150702793442445 -0.37559018235274927 7.937550244171796
-0.381285889915339 0.00016661840307404842 0.9244571609273063 37.38322895868495 0.0187084304555436 0.9997965812473326 0.0075359641742692544 1.744165663125546 -0.9242678533744199 0.020168499310894154 -0.3812114463840092 7.654462565125555
-0.38928254355977215 -0.00026447237968105913 0.9211183590255895 38.11803792568666 0.01983632945725712 0.9997656457431856 0.008670272508640652 1.7402980413216282 -0.9209047840647248 0.02164679297427964 -0.3891860673773297 7.343926837198336
-0.3976002460081922 0.0007256611982618972 0.9175584546992364 38.84110324684424 0.02178393209642618 0.9997252910263023 0.00864886031762107 1.7358616981259551 -0.9173001170154964 0.02342682006164653 -0.39750682940693727 7.030583826016342
-0.4042054651347323 0.0030023972811110324 0.9146632864424924 39.55167133965424 0.0247531880432863 0.9996642652432286 0.0076574458802816155 1.7334531900979564 -0.9143332114917997 0.025736013799384526 -0.40414407821568965 6.712893530886773
-0.41018895216990003 0.005635677747751144 0.911983148229222 40.298537535137825 0.025544866003256905 0.9996595632421995 0.0053120089693676365 1.731083158568621 -0.9116427388723256 0.025475414711805873 -0.4101932714058416 6.377989327595236
-0.41133665821026855 0.006827011495616686 0.911457923069654 41.05210331748212 0.02462199844544738 0.9996902642975383 0.0036239013880852034 1.7299021008265918 -0.9111508715931522 0.02393255905157024 -0.41137734722792174 6.045904322405988
-0.4098855375241022 0.007079685077048512 0.9121094913374095 41.810109796824285 0.027371225739405956 0.9996150224570229 0.004541242095325585 1.7268588037259964 -0.9117261991026147 0.02682694424372058 -0.4099215204553721 5.70759915635074
-0.4073491836881048 0.005547669465211192 0.913255641051365 42.610429163710656 0.024634579170935124 0.9996844387088756 0.004915334412980556 1.7255219647192515 -0.9129401842715139 0.024499925853464638 -0.4073573045564166 5.363235103120788
-0.40102261137871503 0.004186448274417972 0.9160585891818502 43.408714679985 0.021829616183209798 0.9997492653037507 0.004987422370751187 1.7264709054764906 -0.9158080219239675 0.021997276546339713 -0.4010134496550633 5.024053641898815
-0.39537315195123846 0.004168660605188055 0.9185111283946982 44.19170620244319 0.019942186343466305 0.9997929458545733 0.004046556965708501 1.7259892998964481 -0.9183040781353339 0.01991702006307698 -0.39537442050772786 4.698255495484012
-0.39110533044564255 0.0035919378734687217 0.9203389150086605 45.026865683529486 0.01804318792744774 0.9998301180741771 0.003765416469952621 1.7250640956883432 -0.920169040919341 0.018078522453190894 -0.39110369872898143 4.351450337067694
-0.3873428483133145 0.002152272177190351 0.9219332327153653 45.89113363292875 0.015067606685646951 0.999878491037218 0.003996297023810876 1.7246089114914747 -0.9218126084456078 0.015439264412891073 -0.38732821227622133 3.9995472600215556
-0.38559995719123774 0.0006886848649361125 0.9226658109669355 46.760985180014984 0.011585652127838915 0.9999244968496857 0.004095517632226907 1.725985769440222 -0.9225933262705126 0.012268916539775947 -0.38557882204297955 3.6473006372173837
-0.38408716898866074 -0.0017043783981281202 0.9232952624770433 47.651947039412555 0.00880921612121095 0.9999460147441908 0.00551047262408756 1.7231008606372553 -0.9232548100766148 0.01025000934082577 -0.3840514197069283 3.287221775044817
-0.38457327378485257 -0.003101568880183785 0.9230892575265311 48.53776018181683 0.007061467949292503 0.9999552107777674 0.006301754421776461 1.7178145991826879 -0.9230674584020401 0.008941851534930557 -0.3845341474177883 2.9274582700431955
-0.386146241241905 -0.004048741975840031 0.9224286899609971 49.45023830557921 0.00785528691297068 0.9999396747345728 0.007677327610035074 1.7167570578313993 -0.9224041277239946 0.010210513215797053 -0.3860911428375515 2.5528795712810473
-0.3843036889059289 -0.005078956988896831 0.9231927636681303 50.37153936715229 0.007798436436599158 0.9999313309570136 0.008747443036682541 1.7134766595912132 -0.9231737967915032 0.010561134713685803 -0.3842376912161535 2.173758003697561
-0.38358011230102856 -0.006993605145777067 0.9234811242977278 51.302891410958416 0.00787574575849308 0.9999101893169942 0.010843704569960333 1.7110938737798782 -0.9234740224152914 0.011432531964440813 -0.38349058285309195 1.7896630913216462
-0.38358205112676796 -0.007881160148385044 0.9234731708978323 52.2622147706544 0.007370058937271869 0.9999056175719201 0.011594747922159908 1.7118506812828458 -0.923477391322951 0.01125358888678629 -0.3834877631066271 1.398679472783038
-0.382105366610318 -0.009259548087163566 0.9240723724778359 53.246565374279996 0.00656638113499791 0.9998973516519788 0.012734551352494525 1.7112698892586544 -0.9240954341659657 0.010933751807174064 -0.38200534240378725 0.9992828061780592
-0.38237583283013926 -0.009751039469043396 0.9239554316614683 54.234681143392535 0.008263229001109788 0.999868243835206 0.013971900957854472 1.7089688169187365 -0.9239699353950498 0.012977372583617783 -0.38224487738476404 0.594682249163172
-0.38049608813671165 -0.01076727999770066 0.9247198454635389 55.214757373181406 0.0075819679514555266 0.9998622892043438 0.014761991364064551 1.7092800627707172 -0.9247514480522013 0.012628076199513939 -0.38036205254580335 0.19771708716521974
-0.3775697168042525 -0.01194722718071051 0.9259040839714712 56.15353695307819 0.00814693480864856 0.999835201111626 0.01622338039059665 1.710581870012674 -0.9259453204188572 0.013668737350862279 -0.3774101604536542 -0.17919804098918063
-0.375458832437062 -0.013830206727391567 0.9267358795940062 57.12320339342909 0.010145466810788322 0.9997674288057803 0.019030444090208813 1.713947249530281 -0.9267835424996442 0.0165473164276563 -0.3752311976246827 -0.5724238895558993
-0.372129646951649 -0.01632628619140707 0.9280371642552022 58.09529546752683 0.010433523113909614 0.9997085435297581 0.021770842635076466 1.7159005762016784 -0.9281221188265435 0.017784273187454697 -0.3718508466739338 -0.9579420785399986
-0.36915947746607597 -0.016803291570465895 0.9292141462490612 59.03071376682103 0.011067984035782352 0.9996861430958757 0.02247476432526156 1.7218848416062928 -0.9293001559917858 0.018581299590994502 -0.3688576356524999 -1.325552040910116
-0.36773105193167954 -0.017269356152610858 0.9297718229669552 60.01920297331372 0.010638097916424257 0.9996840077311433 0.022775327864167815 1.7240670159965943 -0.9298713375074754 0.018266198966234066 -0.36743113866054544 -1.7103406911681804
-0.36526816087310565 -0.01837674868873622 0.9307209387136458 60.98924052167711 0.009116620999226664 0.9996865687766188 0.02331633395684711 1.725870598910785 -0.9308577001206658 0.01700174447701746 -0.3649861405735877 -2.086855996621304
-0.36569894248919504 -0.018116182045038526 0.9305568695197493 61.94297723328159 0.0068774384418054365 0.9997306566832533 0.022165624921266308 1.7284018899899884 -0.930707786742307 0.014505793180040485 -0.36547585099627905 -2.4515477972390385
-0.3661174910784821 -0.017467688125740736 0.9304046767928135 62.89969284069277 0.0037669408417841796 0.9997877984288753 0.0202526114226613 1.7342198767064139 -0.9305610097586791 0.010919614658250022 -0.36597400062384655 -2.817250190941592
-0.36848999659944737 -0.018119692387760178 0.9294551087351729 63.82154302203381 0.0007785466504741656 0.9998036616993609 0.019799795899532697 1.737854895680496 -0.9296313873096435 0.008019650885360424 -0.36840354087389626 -3.1724725445775257
-0.3718710388621969 -0.020629563709107263 0.9280551446744542 64.77580163737109 -0.00018062731480438486 0.9997546206090007 0.022150980671882058 1.7444001326357486 -0.9282843841352301 0.008069676085496285 -0.37178351563584894 -3.5476576336466037
-0.3740649517171029 -0.023911805337637745 0.9270941901783101 65.6914894093277 0.0005904755541212385 0.9996612034655918 0.026021714477425933 1.7476208758121836 -0.9274023200507435 0.010281237825262685 -0.3739241004713108 -3.916825886338317
-0.37899356206943985 -0.026454631813420698 0.9250210983353483 66.61551090156716 -0.001477824297470516 0.9996073281789479 0.027982235191111662 1.7571876151631007 -0.9253981283454508 0.0092380683349514 -0.3788838372749295 -4.287288821470358
-0.38235171860308864 -0.02458478623121386 0.9236897485450567 67.51960602656389 -0.0005754069983120308 0.9996521275368786 0.026368405673805502 1.7627952087524912 -0.9240166839338187 0.009550507680621061 -0.38223285522700906 -4.66206136785434
-0.3865350077625836 -0.022408455468760313 0.9220024668608455 68.39724211652783 -0.0007626229406048346 0.9997122098289493 0.023977404471085782 1.7709843556080103 -0.9222744202135449 0.00856496599083542 -0.38644085598878647 -5.025986190344906
-0.39025560510875146 -0.021341478319070864 0.9204591810527825 69.2849766370828 -0.0017799180058760342 0.9997469397759062 0.022425171138766856 1.778965146534666 -0.9207048357498155 0.007113206862397012 -0.39019483301940083 -5.394362973772624
-0.39246187024524404 -0.019160022299552198 0.9195686890869469 70.17498656143 -0.0005648877006092269 0.999787836257815 0.02059037087578661 1.7892654332434461 -0.91976810191781 0.0075614824206238496 -0.3923894273271282 -5.7710208352070635
-0.3936339388001345 -0.019024841582478948 0.9190703877437536 71.04473368513534 0.0013198215949711944 0.9997730952688042 0.02126066902974094 1.7946764753072262 -0.9192663271847008 0.00958192983674571 -0.39351951200029994 -6.141810737174292
-0.39420233607770033 -0.024500655605513576 0.9186970317279706 71.95478587889994 0.0035165122711329107 0.9995970440698354 0.02816706637714834 1.8052372147050628 -0.9190169489037352 0.014334132751852312 -0.39395733305260544 -6.531056214663944
-0.39358648064562834 -0.03148873237732278 0.9187481384940369 72.81376384623628 0.005814015731546204 0.9993079272823018 0.036740491175586976 1.816615411942127 -0.9192692094669884 0.019802176749524163 -0.3931310141949104 -6.895475556598052
-0.3942509840687375 -0.03389655723188862 0.9183774741187076 73.68210197065959 0.006439108996977687 0.9991931340512309 0.03964364690847809 1.8293790700909085 -0.9189802497530386 0.021543079461960456 -0.3937146127477852 -7.264576493402612
-0.3927854772184502 -0.028686259201063546 0.9191826083098636 74.57405335676899 0.00715221551043098 0.9993878540365297 0.03424562771438873 1.8471633233624154 -0.9196023133396126 0.020025377332513767 -0.39233986486606715 -7.644579403291796
-0.3907677656630667 -0.022358642385744115 0.9202177157767403 75.44359967124223 0.009390803692886023 0.9995560951144082 0.028274114055761024 1.8614662614517326 -0.9204413974418452 0.019690196299247793 -0.390384336321273 -8.014162182263993
-0.3895657080328374 -0.019138904191863388 0.9207997944565413 76.34351613489925 0.014229501364927424 0.9995396515353339 0.026795639561852613 1.871867323619415 -0.9208887448632325 0.02354118423015007 -0.3891140349939366 -8.401321882279348
-0.38544118095736346 -0.01901886488544855 0.9225363834563178 77.21913974126855 0.017685784451572914 0.9994516307674199 0.027993763317521497 1.8829240332440853 -0.9225629024898658 0.027105728819088456 -0.3848934533278794 -8.770038404847046
-0.3807495781361388 -0.021582877877537914 0.9244262751196959 78.07056019824655 0.017753586913758727 0.9993726514266785 0.030644962589409415 1.8967546985940194 -0.9245077440999876 0.028079938798615145 -0.38012754193325443 -9.117012053095895
-0.3771699650773647 -0.026723652010379174 0.9257584263007105 78.96077653782419 0.016394830341650204 0.9992343272281925 0.03552420058059358 1.9169207063111324 -0.9259989346546832 0.02857631382893701 -0.37644304656394184 -9.470698555445518
-0.3733759688968117 -0.03212935406551967 0.9271235572768604 79.85292330334086 0.014992188121677377 0.9990605559096825 0.04066005313278271 1.9384427096227903 -0.9275589577734082 0.029081097516582007 -0.37254351372898675 -9.821933302234363
-0.3708957349471988 -0.0365971332336428 0.9279531257757886 80.72761193205433 0.009620641198246366 0.9990181688956417 0.04324513243515556 1.9639397825531824 -0.9286246804069512 0.024966939249306007 -0.37017949009042844 -10.156457885932891
-0.36746283922113365 -0.03871885207934038 0.9292318937085629 81.63315404387049 0.00413085808586295 0.999055231707555 0.04326176151335891 1.992142301826939 -0.9300290306237855 0.019735614797174186 -0.3669557298987982 -10.495598109087437
-0.36353185205530003 -0.03951939371023861 0.9307431493500337 82.48087581265551 0.0049986420780908924 0.9990026575881064 0.04437007673282157 2.010274445145663 -0.931568358263965 0.02078238804075431 -0.3629717430168703 -10.82159921582366
-0.36138921807543506 -0.03774307308434393 0.9316508431236328 83.3466622453285 0.006470123465260047 0.9990548305967091 0.04298351967586436 2.0337506937554677 -0.9323926053767104 0.021561676547314224 -0.3608034417010169 -11.150425141802558
-0.3547673246757026 -0.036697800678959454 0.9342341338057459 84.27180705218288 0.006540220759627562 0.9991075307750853 0.04172969519332416 2.058038750767526 -0.9349317466290575 0.020914429799537147 -0.35421069403859096 -11.497601876660477
-0.3480461090621895 -0.036275144391334294 0.9367753305174396 85.16204978815873 0.009848288665797908 0.9990544750676211 0.04234580330699729 2.078685114637526 -0.9374256862157264 0.023963925946047196 -0.34735977469509444 -11.82903426943923
-0.3396705526817178 -0.03654588461425552 0.9398341949294345 86.07648610718874 0.013800619483185674 0.9989435853343378 0.04383213685481642 2.1009623564870723 -0.9404432245185125 0.027858780252203456 -0.33880736388113347 -12.160849273835874
-0.32743600866228084 -0.037162615137894546 0.9441422563721146 86.957425000297 0.013031462860495774 0.9989535933469676 0.043839472110152385 2.129655855995776 -0.9447834890635157 0.026658176518547565 -0.32660909420540596 -12.461181881610273
-0.3159743419191636 -0.03917826767877118 0.9479584793599573 87.86267955473957 0.013052798369221064 0.9988729786515305 0.04563328800943535 2.1584520245748724 -0.9486779430889517 0.026792459041867916 -0.31510684606178563 -12.757786122885209
-0.30420455277649416 -0.043637845216479135 0.9516067089585467 88.78987251754246 0.014765990023953467 0.9986142014910632 0.05051378147574391 2.1881423300394673 -0.9524922863775149 0.029417937474087316 -0.30313863057371127 -13.050369651531485
-0.2904471714250752 -0.046088069175100374 0.9557804823759922 89.65272214179288 0.015501823088620711 0.9984817150255052 0.052857906131960536 2.217683695083681 -0.9567654540649461 0.03016876927282927 -0.2892917407539675 -13.308959970521277
-0.27531839066263925 -0.04831620590709003 0.9601381817268171 90.51761455772429 0.01602788956693831 0.9983667302606307 0.05483592494640426 2.2509714624435606 -0.9612194809298056 0.03048632735245966 -0.2740943146539058 -13.553451476835987
-0.25906194565024243 -0.05048353016818777 0.9645404716742935 91.35221743274082 0.016997734710306436 0.9982401482678535 0.05681270457293919 2.2790456660892207 -0.9657111293397364 0.031113012839191528 -0.25774792938341806 -13.779642168046179
-0.24515857169219357 -0.04894878137019301 0.9682465034939278 92.20096350773008 0.01734860534666927 0.9983431698184989 0.05486293073904738 2.3115169699386895 -0.9693277570658798 0.030247844206241173 -0.24390319248116832 -13.99215271891293
-0.23146296103761155 -0.04284472748305711 0.971899802960472 93.06152985384564 0.018170586567500754 0.9986650633754901 0.04835205245924725 2.342562482983338 -0.9726740088290087 0.02885169873909347 -0.230375458824013 -14.196016952528064
-0.21584440605254773 -0.04022631895426107 0.975598808752457 93.9272297060414 0.014357225536145246 0.99891226008863 0.044364025060060076 2.3736148917916453 -0.9763222124128526 0.023582618769242662 -0.21503208514372307 -14.382916481851831
-0.2006232869110029 -0.044196475442874875 0.978671021491621 94.8411296341229 0.012558234708278184 0.9987837553840593 0.0476791434688945 2.4041468793880267 -0.9795879682244149 0.021855926869913025 -0.19982425020657474 -14.565277666832324
-0.1852391107408261 -0.04940728398899532 0.9814506570076658 95.79615525005359 0.012155060235002887 0.9985436894784068 0.05256191314568451 2.4357107126858595 -0.9826183014592347 0.02166611390355447 -0.18436879656190952 -14.742737614308854
-0.17173249180456213 -0.05002584222522724 0.9838726372698108 96.68082354403225 0.008892154039433272 0.9985904513274755 0.052326285116831066 2.4661894893154575 -0.9851034873835007 0.017734870375775987 -0.17104558900369055 -14.8890839711903
-0.1624793299237356 -0.0464277144673773 0.9856190616444416 97.6110501123489 0.004400835709375543 0.9988483628858895 0.04777636031802357 2.4949376703521553 -0.9867021333678128 0.012100218572993492 -0.1620878919533869 -15.032348833740397
-0.15704943349100703 -0.040649159365501834 0.9867538301334493 98.58002238371142 -0.0006729240519529958 0.9991567438753424 0.041052994307895926 2.5283404214084158 -0.9875905136307124 0.005783339113511057 -0.1569443543913704 -15.174151105855245
-0.15422982040828898 -0.037915703639842174 0.9873072277231252 99.50725734553434 -0.004027532052873831 0.99927923758553 0.037746315264480204 2.5541232249157027 -0.9880267918849115 0.0018451959186265542 -0.154271364062265 -15.306716956507609
-0.15198105122375788 -0.039210436680172246 0.9876053370270292 100.44558815797984 -0.006708580258236063 0.9992306914508027 0.03863961974023472 2.579669225035575 -0.9883606401611917 -0.0007529396399009666 -0.15212717726316477 -15.441811841382348
-0.1487434993036575 -0.04037138512112874 0.9880513765378319 101.3866138630481 -0.009613416088399263 0.9991781086758521 0.039378793456104746 2.6059619429969247 -0.9888290821198648 -0.0036412094623568467 -0.1490093552352908 -15.575773027112875
-0.1452650388646301 -0.04425916633463562 0.9884023445333489 102.286791566742 -0.013209378770664774 0.9989966671499462 0.04279218778928218 2.6353436888088515 -0.9893045945491968 -0.006839972124441485 -0.145703925771361 -15.697488665329061
-0.13949310330149423 -0.0493973555663158 0.9889901796248401 103.1865929060843 -0.01471152863145029 0.99874811644509 0.04780973564778246 2.6630653461428935 -0.9901137535943254 -0.007880428950240752 -0.14004518479017947 -15.81896282378174
-0.13558751409957687 -0.05310686387339373 0.9893410367663064 104.09843203603107 -0.01929622219955484 0.9985145301236085 0.05095477348448175 2.696418221822873 -0.9905774486778519 -0.012181713408312693 -0.13641086477738967 -15.936471949332486
-0.13222553665181513 -0.05429961408480134 0.9897312561333917 105.05108985794175 -0.025044435428697876 0.9983626647625046 0.05142728713795071 2.7334836374996545 -0.9909032161170928 -0.01798725989563424 -0.13336894230010843 -16.051253367658507
-0.12755470349413606 -0.05335578342162938 0.9903953543873211 105.95679860758632 -0.03179401551479976 0.9982587743300031 0.049684605770849266 2.764707377767114 -0.9913218136377145 -0.02515114010585237 -0.12902899657599481 -16.159337181838517
-0.12182525380695947 -0.05336248875617432 0.9911160640049264 106.86415067316926 -0.030727764151599227 0.9982778632722604 0.049971113763996634 2.7906247434514073 -0.9920758096260154 -0.024367037044289365 -0.12325516403205444 -16.270424272368622
-0.11810314021340024 -0.052652959096944583 0.9916044141541875 107.80467727049492 -0.02984798061619432 0.9983302512298144 0.04945510623334036 2.8212353647484685 -0.992552641588782 -0.023756585986862117 -0.11947752214278479 -16.379336495624727
-0.11139108875890885 -0.056351707949327645 0.9921776606819461 108.73280836981755 -0.030990797374922035 0.9981023915885907 0.053208893835546375 2.8567728487071156 -0.993293308053151 -0.024821380226119637 -0.11292609645471224 -16.481383599488947
-0.10625811713942213 -0.061544447391751654 0.9924321102912929 109.65319300973046 -0.031030961153257076 0.9978017793072865 0.05855500543180247 2.891823781046706 -0.9938542609416584 -0.024574177635422086 -0.1079343217037696 -16.579148422109085
-0.1003971309409793 -0.06618405742005572 0.9927437164959741 110.54672265955048 -0.02980560746971822 0.9975373306287214 0.06348936734199241 2.928473038267376 -0.9945009008855555 -0.023215179205514278 -0.10212254203786225 -16.669188520230684
-0.09561536042884156 -0.06335616178729563 0.9934000702706058 111.43526551848423 -0.03045932885794983 0.9976913189827901 0.0606981162137982 2.9689740301220655 -0.9949522260569026 -0.02445462716874883 -0.09732440122832242 -16.75002417539811
-0.09221994810502931 -0.06253742744770237 0.9937728872029711 112.33951720881387 -0.0291513128837522 0.9977675871623302 0.06008363309101321 3.00947186535955 -0.9953118516970746 -0.023428874844628734 -0.09383712322346327 -16.830351259421235
-0.08650884109400497 -0.06361632651225785 0.9942178752233627 113.24570586096607 -0.028856263330991522 0.9977004324521792 0.06132832258676975 3.0514182230455704 -0.9958330866561648 -0.023383970702603483 -0.08814563764041378 -16.90643755496548
-0.08244226641969049 -0.06555147812906588 0.9944376684451768 114.161561573596 -0.027622120703289232 0.9976014084604561 0.06347005818153309 3.093704911936162 -0.9962129747977777 -0.022235861863414988 -0.08405519193811545 -16.97888469864616
-0.07628467542453748 -0.06801599327703889 0.9947635261477529 115.09809854594707 -0.026142303976867776 0.9974641267707369 0.06619588920977418 3.1359802594496218 -0.9967433111078069 -0.02095567856284914 -0.07786932192986235 -17.04911670254787
-0.06930688262610196 -0.06980360595864601 0.9951502462522039 115.95217269463619 -0.023108579460375898 0.9973936311778765 0.06835157672748929 3.174768323580068 -0.9973277042055813 -0.018259273834970585 -0.07073930550298291 -17.114861907177907
-0.06501131887565853 -0.06979679297251354 0.9954405738710873 116.84587113490214 -0.018996933400119206 0.9974566520147468 0.06869748083389952 3.222033326165875 -0.9977036859405898 -0.014444204453158405 -0.06617189749641811 -17.1792094580676
-0.05852385802979504 -0.070543398809893 0.9957904332366609 117.73289566884473 -0.020053711815517922 0.9973819314242889 0.06947756120342294 3.2705965773516574 -0.9980845689037221 -0.015903199448652216 -0.059785295546378625 -17.231817654746553
-0.05379744224692329 -0.07197335091440635 0.9959546535690474 118.60946754705591 -0.021069362253161132 0.9972587859379722 0.07092951320689529 3.317632514422798 -0.9983295634117696 -0.017168302993417525 -0.05516640454472432 -17.277486252301102
-0.05015103998705639 -0.07382588482345975 0.9960093432886309 119.49829197471638 -0.01969608393231717 0.9971434196067053 0.07291820769037798 3.362678042419919 -0.9985474137295373 -0.015960559673120347 -0.05146186033338651 -17.327122888475742
-0.04611192090363847 -0.0751145928218313 0.9961081711821197 120.3865544871664 -0.02014068028270585 0.9970360886745399 0.07425221126892548 3.412789296625953 -0.9987332195077555 -0.01663838410981696 -0.04748810825762351 -17.367803015532065
-0.04366682274292266 -0.07616389523593312 0.9961386799306752 121.26672903920243 -0.020822479958995367 0.9969425456434109 0.0753125820457175 3.46241915021591 -0.9988291309928318 -0.017453416528734417 -0.045119234607638115 -17.40373344041342
-0.039689360983482025 -0.07847270282925939 0.9961258904051205 122.19767580948755 -0.023424808664770314 0.9967104796867732 0.07758542402785278 3.5163415976432235 -0.9989374519777212 -0.02025474248746594 -0.04139701007349056 -17.436425143729288
-0.035535964635603545 -0.08119215229497213 0.996064771801075 123.10905469298196 -0.02178681023381983 0.9965203502100115 0.08045201375448555 3.567702675919926 -0.9991308873802537 -0.01884213424818058 -0.037181229938248184 -17.471282353249048
-0.03349634148952213 -0.08371287770026715 0.9959267790424946 124.01672855139432 -0.023158476536640545 0.9962834267809448 0.08296395895881657 3.623700684103405 -0.9991704959972145 -0.02028515784406039 -0.03531051259784207 -17.499869038944187
