1.0 0.0 0.0 0.0 0.0 1.0 0.0 0.0 0.0 0.0 1.0 0.0
0.9998727411647647 0.0011587822157675665 0.01591096161255383 0.018551314249634743 -0.001171625050675463 0.9999989953475693 0.0007978712884310156 0.00040653860196471214 -0.015910021068508064 -0.0008164114334657859 0.999873094298457 0.19390755891799927
0.9994923512255554 0.003428261909305164 0.03167470381696171 0.037813964561717386 -0.0034966771982035054 0.9999916715086721 0.0021047949694773505 0.004726900969440006 -0.031667224226044906 -0.002214482687487258 0.9994960144874236 0.3566178884769641
0.9985130399396762 0.003796358373476104 0.054381032847186976 0.07378124296859644 -0.004028561266882811 0.9999832284925506 0.004160940727089025 0.004731699354220934 -0.054364324373118646 -0.004373830896995729 0.9985115872330872 0.5551387382160657
0.9966794097166807 0.0027218700686397544 0.08138025356398647 0.11985576401676884 -0.0032827214202489 0.9999717712184059 0.006758735562324718 0.002649394076458038 -0.08135955989855358 -0.007003441272248723 0.9966602098124817 0.7681220605144077
0.993757732333777 -0.0005070009815977954 0.111558560302803 0.18385229993180086 -0.0006448257405380569 0.9999468636699739 0.010288539077399897 0.0019941390246978035 -0.11155784878973696 -0.010296251093844985 0.9937046007676621 1.0608399542084772
0.9890536974490253 -0.0015931624989878302 0.14754743439200782 0.25279855771724513 -0.00017868530560249593 0.9999280458447354 0.011994632328272036 0.0012227709251176984 -0.1475559271394192 -0.011889700012224266 0.988982246250986 1.2920040559494173
0.9831591010948535 -0.002285648354945405 0.1827374010594365 0.32934287220604314 -0.00020985239771915618 0.9999070073714638 0.013635709421032398 0.0020823834242719723 -0.1827515742649868 -0.013444419698938127 0.9830671948969857 1.5348852914631894
0.9756182650466217 -0.0027070190859718127 0.21945767918915063 0.42459780963261706 -0.001035977178608405 0.9998559917055307 0.016938789857464907 0.0010786098780954146 -0.2194719290904998 -0.01675314592003955 0.975474963514224 1.8107747068240378
0.9649808814052289 -0.006117288076321793 0.26224888428548004 0.5425611591817356 0.00037624380558606927 0.9997593015160924 0.021936213726484882 -0.0010657884300700959 -0.2623199515152947 -0.02106935733824259 0.9647509135618203 2.11288940998334
0.9521792928598679 -0.012569162832300734 0.30528119888813526 0.6792033423518671 0.004421943355495262 0.9996157429952558 0.02736444359024513 -0.008038630800742044 -0.3055078405963469 -0.024705920378282332 0.9518689914228845 2.38874884089373
0.9377312555755971 -0.01687671693889668 0.3469513924773596 0.8148511501513716 0.0063178925738656385 0.9994824632708192 0.03154187450867247 -0.005357781327345566 -0.3473041556763172 -0.027385799960200297 0.9373525704933553 2.636491544121694
0.9192353632900833 -0.021070188047461448 0.3931442407725104 0.990083719939852 0.007532915445390252 0.999325389330408 0.03594469953305148 -0.0007487501039479824 -0.39363638305146753 -0.03008011661003599 0.9187739572511213 2.94067253874629
0.8968234010102876 -0.021986402855941486 0.4418420368070441 1.1786372666842975 0.004373106426591675 0.9991560260577751 0.04084252113443142 0.00203066246324158 -0.4423671137647132 -0.034696306458916096 0.8961626543086842 3.2386195474940678
0.8731710576809941 -0.029194865374305407 0.4865387588507518 1.3866327846668431 0.008195318886999599 0.9989428029842176 0.04523398185407905 0.004308860728861439 -0.48734499153740596 -0.035509663498982186 0.8724872050761516 3.4978059525517082
0.848644145858247 -0.03460668801811316 0.5278309301707733 1.5832970686577874 0.010913125464336395 0.9987906658168402 0.047938602083842714 0.008034936713765688 -0.5288516024303287 -0.03492252885417004 0.8479955186115689 3.7172290868137017
0.8218532941811139 -0.04128284404619596 0.5682014516270697 1.8098531323615077 0.014211235658779381 0.9985462562644735 0.051994373553831436 0.016971546971922116 -0.5695219079409521 -0.03465690245336693 0.8212452103285813 3.9489099580958955
0.790481407985044 -0.04696811199449253 0.6106825198789101 2.062358710925304 0.01664993700383808 0.998334787190086 0.05523071866175815 0.02478822048467575 -0.6122596861036589 -0.033491030766443476 0.7899471043243658 4.185916533168027
0.7583069737226995 -0.05034568427474251 0.6499506486483643 2.31236070047149 0.016786091128124056 0.9981907508552165 0.0577360550413509 0.03821748555997591 -0.6516814871915265 -0.03287152235609922 0.7577801147231518 4.400198878989528
0.7239080241156497 -0.051079341002396215 0.6880029604178582 2.5935946067168745 0.013909261688750181 0.9981332330124674 0.059469165080347455 0.055503195613927275 -0.6897562649662922 -0.0334805925700349 0.7232671324351119 4.643369538670647
0.689818778656222 -0.05389429680228777 0.7219733079452625 2.8757375545120754 0.012059036018998558 0.9979423711244013 0.06297303839660413 0.07046804036097909 -0.7238816424413114 -0.03473368230974938 0.6890493008846862 4.8536776245225415
0.6578076717735187 -0.05709661223927012 0.7510186707577257 3.1747659191146327 0.012801968748707274 0.9978260615385085 0.06464720033153502 0.08182278877382977 -0.7530771385137512 -0.03291090678402722 0.6571085874211303 5.060743450094344
0.6251259860604469 -0.061710054998273034 0.7780805682344626 3.5230875094923637 0.014002502194166048 0.9975959030215737 0.06787005382989919 0.09711738697983699 -0.7803982518459768 -0.03153225946045032 0.6244872177467387 5.291214717043678
0.591913178233764 -0.06376067232239521 0.8034758030570681 3.9222669998257915 0.012982772411344747 0.997491006711132 0.06959266592772352 0.12253372758529074 -0.8058971628276896 -0.030761472581927036 0.591255862339539 5.549368653972788
0.5602251405744664 -0.06539250495625645 0.825755176891956 4.33920090021525 0.013551104462025294 0.9974691618495354 0.06979712549270821 0.14436385509749722 -0.8282295330620484 -0.02791220977872506 0.5596934420815468 5.790661386526446
0.526236516595143 -0.06683630238401633 0.8477075187147052 4.840517602501808 0.01412257760670942 0.9974557099608414 0.0698760292822676 0.17550793477785762 -0.8502209603412234 -0.02479950302216121 0.5258415191350923 6.067305399355495
0.49903798757301543 -0.06565799499010733 0.8640891821177686 5.346662315442561 0.016110529621696505 0.9976561684128434 0.06650278537860614 0.2064378109484646 -0.8664303421478173 -0.019266481819043935 0.4989261116477399 6.328353230733547
0.4740779296663366 -0.06476135171671449 0.8780979922122041 5.887795549834534 0.016997533485664584 0.9977786738250447 0.06441119402199277 0.2415645513244971 -0.8803188061484792 -0.015610425482961269 0.47412563119658185 6.599752654730501
0.4492543800832988 -0.06502407613169438 0.891034439008499 6.495667271267742 0.01761876720350189 0.9977987151242231 0.06393201966681757 0.27830183589116797 -0.8932301388881814 -0.01302281151169575 0.449411087271032 6.891296247620213
0.4307728319642316 -0.06639313244539789 0.9000148438807019 7.09721159844132 0.020077277843269587 0.9977483472255888 0.06399326935710148 0.3128526227788029 -0.9022370365685064 -0.009496713783948736 0.43113587448898955 7.167883513527326
0.4192567047189854 -0.0683018835264123 0.9052947963259935 7.7172315353363325 0.020582944014052747 0.9976247645786687 0.0657356183135954 0.3501924206765544 -0.9076343746046048 -0.008926466607831779 0.4196667251879846 7.448776364911007
0.4100072620984045 -0.06978127846528442 0.9094089389280934 8.35136154789267 0.020255274392365165 0.9975197219592392 0.06741014880307046 0.393542654354757 -0.9118573182718118 -0.009218322955534777 0.41040376903243375 7.734596005706805
0.4019336710230776 -0.07178145485783473 0.9128508897056548 8.987349327370861 0.019074086831946477 0.9973626129874045 0.0700285472251474 0.43197588255484665 -0.9154700996261101 -0.010735033927751186 0.40224278208207814 8.01349648691473
0.39009278168855865 -0.07404976320624555 0.9177931434934462 9.642309036685363 0.018573060786508642 0.9971909825023355 0.07256160023764331 0.4720476676005245 -0.9205882158096003 -0.011259528636930836 0.39037233499233903 8.28701923599948
0.3799470161112137 -0.07368923379046975 0.9220684149083292 10.333351939049107 0.017638546782092937 0.9972177470330992 0.07242683666739927 0.5187860238388544 -0.9248400654251531 -0.011254413605501744 0.3801896783959228 8.571374371181408
0.370707161727211 -0.07630102817969514 0.9256102599598153 11.040208721004914 0.018483702773779264 0.9970283238842972 0.07478552068575614 0.5654558052135866 -0.9285658581791203 -0.010614823182250502 0.3710158656349935 8.846675392271512
0.3616600833785518 -0.07586984017820751 0.9292178170062995 11.756829441591252 0.016641775659181263 0.997049836416575 0.07493113508142604 0.6124984056408713 -0.9321614856844971 -0.011635766112065092 0.36185573583053354 9.124057091440525
0.3529244812545222 -0.07850078834036217 0.9323529035516371 12.488400217177436 0.01612876146510294 0.996836574482571 0.07782484710846393 0.662584681585226 -0.9355127864357753 -0.01242859621178665 0.35307415143476045 9.396981681914948
0.3425177859360906 -0.08215430996348483 0.9359125149670039 13.259882488288996 0.014044242422931168 0.9965058816273364 0.08233339017003369 0.7154647409203143 -0.9394063687096254 -0.01505646826280043 0.342474783292503 9.681413209993037
0.3289168296953127 -0.0869523045372415 0.9403472847192401 14.067755972605571 0.013172366636036062 0.9960775903585021 0.08749812993890957 0.7686303085008611 -0.9442670215041881 -0.01639300830425184 0.3287720507864777 9.961677730493383
0.31727030571916615 -0.09041527136251462 0.9440151650335442 14.86127884101009 0.013070005647908313 0.9957670136906206 0.09097928004786165 0.8230934368599816 -0.9482450780580043 -0.016526740456195184 0.31710903296604953 10.225075200313803
0.3051230898092926 -0.09084460203071315 0.9479700197512114 15.65054119839015 0.013999427482861052 0.9957599460520635 0.09091834726029822 0.8773318329418586 -0.9522100168005917 -0.014470249488982984 0.30510112386607835 10.472997293608762
0.29279742352192406 -0.08932477765332014 0.9519930424515236 16.453211258258964 0.013023219402025263 0.9959070880005817 0.08943974411081843 0.9387239040599077 -0.9560858039607795 -0.013789712375060069 0.29276232561120863 10.71781666531621
0.28023239944275 -0.08910223725730779 0.9557879438548602 17.20037930790945 0.013900805029161564 0.9959550470501151 0.08877112072596818 0.9911177379739968 -0.9598315320524222 -0.011590322305510471 0.2803374653997467 10.930224441279737
0.26146635242690386 -0.08750261566389554 0.9612380760251577 18.01072492972411 0.011930482203183407 0.996099146785236 0.08743084906441304 1.0487893037223777 -0.9651388553689929 -0.011392191435418857 0.2614903589643969 11.14801860931623
0.24077507036254508 -0.08725933682177217 0.966650491971807 18.825402400055545 0.008915241113174828 0.9961072333294051 0.0876977661330802 1.1064570211408828 -0.9705399960680682 -0.01249751360323268 0.24061572722066937 11.354629187406106
0.21533152009898765 -0.0867891943169397 0.9726767048725264 19.616094961289573 0.005606080064324712 0.9961363185087444 0.08764135333367587 1.1616660870236826 -0.9765249143356107 -0.013419042352653975 0.21498609486235615 11.533807360614496
0.18267235058447057 -0.08623596720765303 0.9793845875302026 20.440093925392134 0.0023409348710997785 0.9961812172025473 0.08727830496051558 1.215609553132384 -0.9831710595597664 -0.01365065758899852 0.1821766373372677 11.692353635840186
0.1506389153472074 -0.08765627543858096 0.9846950261676215 21.27014418638607 0.0015735718191256381 0.9960812275986872 0.08842913488903287 1.2736204670287534 -0.9885875990799942 -0.01177138062116525 0.1501865291679807 11.817609032430097
0.11524668641267144 -0.08804960892850199 0.9894268379412586 22.117203294747426 0.0012771676937588378 0.9960760189516169 0.08849256077309697 1.330406307390399 -0.9933360811495683 -0.008934810408514827 0.1149069147152707 11.921695013823907
0.0809822570770104 -0.087594001987774 0.992859086101587 22.955669532350047 -0.0023165260961409834 0.9961116034977175 0.08806989885342131 1.387540455310813 -0.99671285119916 -0.009432083172439078 0.08046445216037507 11.993627185039966
0.05142314139325249 -0.08351800665302897 0.9951785784943095 23.79764626831999 -0.005009949572071654 0.9964628761706771 0.08388466378872528 1.4497501610437837 -0.9986643885382793 -0.009299407420195513 0.0508228303727602 12.042053548309969
0.0204358969562638 -0.08070544309640745 0.9965284770493043 24.627378952724527 -0.0028601457688122722 0.9967278325365266 0.08078024147784661 1.5028220462329196 -0.9997870741721832 -0.004501033398076892 0.02013819794756433 12.05734776910657
-0.010031713955276078 -0.07677343867525102 0.9969980962013403 25.463124313029507 0.00030595468803158027 0.9970479842505073 0.0767803587757239 1.5546881704924116 -0.9999496342850716 0.0010752748381128996 -0.00997861098420677 12.04213149224897
-0.040914856888341455 -0.07297974631507875 0.9964938189038571 26.339693583469973 0.004109899705462369 0.9973082158105473 0.07320813753397744 1.6092353692641406 -0.9991541839026735 0.007090790123072746 -0.04050478348557068 12.00552371601143
-0.07070866885235577 -0.0689316848904037 0.9951124092117924 27.158185293940434 0.007249790902763981 0.9975475534859732 0.06961550880382655 1.6568933642114696 -0.9974706635691066 0.01213677685052924 -0.07003551932188673 11.942846485787697
-0.0973079070971794 -0.06378816783232998 0.9932080551732155 27.960729287536566 0.012593265593255559 0.9977851664569357 0.065315934198348 1.6969394234543176 -0.9951746484301459 0.01886348968509545 -0.09628908494131538 11.856894358366507
-0.12308004785251253 -0.057410212486829135 0.9907347623470373 28.805423947726915 0.01599519279736153 0.9980808398625547 0.05982299646985715 1.7399829098902135 -0.9922678346232929 0.02321001080297972 -0.12192555011369471 11.750427508974635
-0.14556876275102315 -0.04509682331474931 0.9883197922929879 29.63532857010478 0.020526471269518128 0.9986078887236515 0.048589593084459204 1.7787130449792634 -0.9891351774597638 0.02735984476947853 -0.14444043618679658 11.628662840480331
-0.1704147380647727 -0.029692373584968956 0.9849249616093634 30.44767568281208 0.021286992865619705 0.9992016934534809 0.03380591271413169 1.8113279552214419 -0.9851424673543692 0.026727116391168596 -0.1696466335190856 11.491205279602134
-0.19285408963699496 -0.016868133971105176 0.9810824461616969 31.303148413702186 0.02143174647317378 0.9995412891150546 0.021398401746960487 1.8353235538616033 -0.980993364072049 0.0251530795440154 -0.1924041117961281 11.330475294593922
-0.21354228080886545 -0.007423065618290394 0.9769056210319267 32.16277974536223 0.023638609421649973 0.9996390960875547 0.012762982326527129 1.8465871223434094 -0.9766477924265013 0.025818126773317962 -0.213289741615387 11.14798677461951
-0.2373298362833014 -0.0046117173106805555 0.9714181802257911 32.93754280590932 0.025587416685334433 0.9996121009470993 0.010996897175903719 1.8549592942224602 -0.9710920826147809 0.02746597355952815 -0.23711977433211873 10.957655968386172
-0.2593525611283832 -0.0051573041919036194 0.9657689429928985 33.69851626863518 0.02614359090588323 0.9995818013517888 0.012358602706572474 1.8579339696970987 -0.9654287967999992 0.02845390341913134 -0.2591092697869389 10.752439137687617
-0.27938264587189277 -0.009883592430260204 0.9601289766413121 34.45497441137012 0.027984244958562707 0.9994384282834652 0.018431226339453658 1.8643455956721342 -0.9597719620929337 0.032017849255524894 -0.2789491676082415 10.526339217570586
-0.2947083340670084 -0.01334189872333987 0.955494108600312 35.197950421837255 0.03325433231803308 0.9991536944576216 0.024208350496631316 1.8695901432322939 -0.9550084540010787 0.03890872126069001 -0.29401524483660285 10.28541750656854
-0.3091793655617517 -0.01153983122532072 0.950933726505756 35.90443154524575 0.03552253627702249 0.999088436516141 0.023673728818686166 1.876492835283558 -0.950340080880145 0.04109900625348724 -0.3084876048688106 10.047772142412128
-0.3180122671833018 -0.008963204139002973 0.9480442283419583 36.62960297566407 0.038901855511255086 0.9989898199570542 0.02249411611853652 1.8802247987450125 -0.947288152337354 0.044034084454378425 -0.3173423322652479 9.799760320852291
-0.32522994748556844 -0.006668990184167393 0.9456114454830048 37.393482264437075 0.0395817705726621 0.9990027444833971 0.02065913727563895 1.885111380953591 -0.9448062048361386 0.04414794541724487 -0.324641639686853 9.535147593417452
-0.3335821497176758 -0.006284525469375567 0.9427000870528012 38.12627646098054 0.03478943782570307 0.9992145743148397 0.018971807836502937 1.8907524626313905 -0.9420788950005757 0.03912466250893959 -0.33310151062109566 9.287004384131194
-0.3442194097553286 -0.007767808561887617 0.9388571025975353 38.90021063982412 0.03471891017557582 0.9991765415500857 0.020996097071361432 1.8966013720743093 -0.9382470864457365 0.03982335955385481 -0.34366626952601975 8.997888826674696
-0.35316856228002097 -0.006697118974968384 0.9355357370055397 39.65458011845029 0.03711085434737533 0.9990870697942575 0.021161556169920284 1.897474168358703 -0.9348233796320411 0.04219212684091567 -0.3525976082249698 8.707080352799856
-0.3601287540946959 -0.004450666335091589 0.9328919937717206 40.39830471127735 0.039682439414234175 0.99901046064614 0.020084907809674583 1.9027639699055428 -0.9320582516540143 0.04425258284847535 -0.35959577922286734 8.414224837056759
-0.3653049107387108 -0.002431837250201418 0.930884744937724 41.15478389026141 0.041548004361834034 0.9989574636934204 0.0189142555961916 1.9095857378416328 -0.9299602601852037 0.04558587389529324 -0.3648230291216151 8.1165407891374
-0.36675014028731645 -0.0013999421472575303 0.930318426540729 41.918345801368915 0.04140581719720174 0.9989833744221248 0.01782627079387614 1.9158176442380905 -0.929397596780552 0.045058382018987556 -0.36631932696537517 7.818167079447933
-0.36695538621699275 -0.0016934671761817052 0.9302370002828638 42.7124836634468 0.043282372696186 0.9988842369361695 0.018892258050184553 1.9240941660309498 -0.9292310696162317 0.04719548039134156 -0.3664726536735099 7.503523016984346
-0.3637389067872751 -0.002091891621640255 0.9314985945661118 43.553911107608116 0.042897362311300244 0.9988989130102843 0.018994154195587504 1.9361772956588184 -0.9305126672947184 0.0468677455860214 -0.36324866197654865 7.178659453244096
-0.35664385159127376 -0.004266654829585909 0.9342306774981792 44.39654587269226 0.04020965174697029 0.9989928306254122 0.019912515296019215 1.948912653506735 -0.9333747088005595 0.04466676634358034 -0.3561130901214937 6.866849133459904
-0.351112134684372 -0.005435823814967353 0.9363176387833545 45.22785029805493 0.03915634945892357 0.9990231322344594 0.02048320183713944 1.960126151363714 -0.9355143233400729 0.04385468139096408 -0.35055629754101264 6.562174486434492
-0.3445284171695768 -0.005022503658064278 0.9387624535630037 46.08261095424007 0.038680779675598964 0.9990605308373774 0.019541059506217734 1.9732012875754041 -0.9379786602297058 0.04304451393548896 -0.3440104689885814 6.25301978103306
-0.3403980280832271 -0.007525252822414849 0.940251324405879 46.95027309130044 0.03525522403269503 0.9991626920870686 0.020760152208640234 1.989633947547823 -0.9396202699258116 0.04021548596349626 -0.3398477056466099 5.952543065300455
-0.3388903817855955 -0.008718111222146017 0.9407854716511794 47.847855105348984 0.03345059750284823 0.9992131793135053 0.021309148572841552 2.0040403706598724 -0.9402310177078377 0.03869130164410708 -0.33833210979327544 5.638888115514449
-0.33850182125101064 -0.011132842985562337 0.9408998760850209 48.765644781618306 0.03142483717808083 0.9992384829728747 0.023128634944573984 2.017178049092483 -0.9404408522698702 0.037396710458636274 -0.3378941985722645 5.317623283622163
-0.3398335035509183 -0.012404306319434939 0.9404038085041135 49.69501014913291 0.03119720222458844 0.999214065176991 0.02445376301983683 2.031885251735514 -0.9399680443704808 0.03764817574871101 -0.33917943691374924 4.989069152226885
-0.3417674034443005 -0.013255354061723457 0.939691086225489 50.629248722024755 0.032288622959001055 0.9991445698308794 0.025837441918248057 2.0471235424513354 -0.9392297305613535 0.039171726617111526 -0.34104704816708503 4.65011431405242
-0.3399851553667757 -0.014514283361946668 0.9403187915322754 51.55842764149076 0.03316431311682325 0.9990739207291877 0.027412209949188585 2.065777845128048 -0.9398458503742616 0.04050477129053078 -0.3391889459239246 4.314859432207192
-0.33871595524059955 -0.01444209022235506 0.94077783120961 52.50080275598348 0.03429528022628395 0.9990282451149228 0.0276839162113693 2.080985844324788 -0.9402634393719926 0.041641223476343914 -0.337891510825212 3.9763606867488606
-0.33991189886917295 -0.015459027887774446 0.9403302183083976 53.46649161338887 0.03421112464111632 0.998999860303339 0.028790242525892167 2.100528692395159 -0.9398348258912007 0.04195590030823672 -0.3390430687558472 3.631175193899141
-0.33916252727258384 -0.01683345469636794 0.9405771711545305 54.434240553951696 0.034228503406243796 0.9989570147796041 0.030220724299570834 2.116407231924002 -0.9401048822597629 0.04244428613614844 -0.338232601807913 3.2847864830597633
-0.33812079666599354 -0.01753910716064852 0.9409392682750365 55.437799316081644 0.033395296679461096 0.9989730191751847 0.030621252745554228 2.1309913856138025 -0.9405100111224997 0.04177662839463742 -0.3371878294042236 2.9283757293830637
-0.33631710657641983 -0.017902676917721964 0.9415786201816844 56.45621435302213 0.03237264167255133 0.9990086305505803 0.030557620270475937 2.148686079868682 -0.9411922311064863 0.040758437710904406 -0.33540413512680595 2.5669608923628484
-0.33627717540822183 -0.019222786619612953 0.9415668567733494 57.419772714660326 0.03441911024952643 0.9988728598045953 0.03268539116211626 2.1674559237360658 -0.9411338832223072 0.04339924446769128 -0.33523651267505844 2.2226236714458563
-0.3352908536666129 -0.02216290388785777 0.9418539425721867 58.428829953188355 0.03581284001733616 0.9987008596047047 0.03624960020078883 2.187494288434388 -0.9414337384741461 0.04588462396143094 -0.3340615472431861 1.866141550683928
-0.3325014973731611 -0.0234126247393227 0.9428120720734444 59.402694782745726 0.03804623915819526 0.9985450134286753 0.03821439313458239 2.203528980411637 -0.9423349924153955 0.04857679651379517 -0.33112694983938434 1.5181911061068414
-0.3314203561579081 -0.02540954527730088 0.9431409770193245 60.38106389759214 0.03819450433498098 0.9984564911863107 0.040321396882121156 2.222736786218316 -0.9427097789684641 0.04938613385071975 -0.3299383009298986 1.1782588524094622
-0.3317522330721875 -0.024611865507741023 0.9430454453141939 61.36537419932208 0.0393061207610948 0.9984308863882744 0.03988475870102908 2.244286721782195 -0.9425473381864338 0.050299315921331876 -0.33026427916975043 0.8334883621645286
-0.3303686120217688 -0.025646160963031534 0.9435035000563953 62.380696525079244 0.03732665365473719 0.9984937694868441 0.040210859514467956 2.266714394555614 -0.9431136204709109 0.048502234214634496 -0.328913715369912 0.48513175876122083
-0.32978244531842676 -0.024304946078103927 0.9437440375207355 63.34520026164304 0.03541331596269917 0.9986464660480927 0.038093738359232875 2.287001954812521 -0.9433925141807757 0.04598375197606339 -0.3284753548470249 0.15513900056144692
-0.3323241822726908 -0.022563211485495078 0.9428952960770608 64.32294461436591 0.03255350361621289 0.9988437514925508 0.03537554955893499 2.3051312245234192 -0.9426032608044047 0.04245069601017484 -0.3312054213462623 -0.1808474516321683
-0.33511196057021403 -0.023884447399864554 0.9418755263065234 65.31591242419923 0.030901513788923925 0.9988621824338966 0.03632405468757868 2.3220273582868267 -0.9416714237611442 0.04127800474582517 -0.3339925987141981 -0.5290648586640598
-0.33830487363303147 -0.02604757153268085 0.9406759997434762 66.29996607801779 0.030684213699670018 0.998779969060873 0.03869176181559114 2.3437516808539756 -0.940536172353712 0.04195351498994247 -0.33709288196907555 -0.8811766847178851
-0.3400604860067531 -0.028786321058317143 0.9399628788291474 67.24505271953109 0.03159367806823697 0.9986174347675931 0.04201259911398749 2.3636174906503604 -0.9398727069997148 0.043983709462930794 -0.3386808644415993 -1.224264860397876
-0.3431957909885194 -0.03166702586875508 0.9387299124457431 68.19332367109507 0.030002510209925108 0.9985518930641666 0.04465384909582976 2.3909480751022056 -0.938784585743113 0.043489266843640774 -0.3417487165162948 -1.5616424628909091
-0.34582560835070064 -0.029072674529759222 0.9378482970099986 69.15010865489366 0.03146750408346085 0.9985982675629883 0.042559325734272395 2.4113571575029185 -0.937770998056362 0.04422984982887931 -0.34442600887344377 -1.9181521024421684
-0.3472720068799872 -0.027656314581207573 0.937356539157503 70.06576706977444 0.03174798171723681 0.998645298473404 0.04122661147666571 2.433019071388747 -0.9372268769590574 0.044076026372068 -0.34592352479243255 -2.25713062520715
-0.3508773321319302 -0.026554065207333062 0.936044859724652 71.01230476163053 0.031187878444226116 0.9987119229196886 0.040022634298676196 2.4590037120717567 -0.935901925435634 0.04323628845104653 -0.34959721012452405 -2.6067465663894445
-0.35482256727631484 -0.0261557817936821 0.9345677186968352 71.9471455725285 0.030585475099536585 0.9987488166008953 0.03956425218865183 2.486059711768137 -0.9344332370289389 0.042622487222977755 -0.35357863215775126 -2.9538511948885757
-0.35653328780547927 -0.026795383895925715 0.9338982932249558 72.82388393874984 0.03114136296168856 0.9986923749885246 0.04054325656220627 2.5109696775108103 -0.9337634765825358 0.04353788627908427 -0.3552326311853205 -3.286791873215179
-0.35909531995555793 -0.032792473647410086 0.9327246136229599 73.75132788300334 0.03254669684268442 0.9983346837962368 0.04762952502490959 2.5386479078084636 -0.9327332221544626 0.047460644765447584 -0.3574300260020164 -3.6419847290139047
-0.3604768025381055 -0.04089519728723713 0.9318712666837312 74.6524477378423 0.03497250273971854 0.9977434428020469 0.057314451909088154 2.5694871185864883 -0.9321123316875624 0.05325040079057389 -0.35823315861547383 -3.991268708408243
-0.3609646744081099 -0.04269444758308426 0.9316016788171984 75.52185020020752 0.03709790557973293 0.9975034201786739 0.06008886863176328 2.6014950182122356 -0.9318413219164754 0.056250430019897234 -0.35847962270055495 -4.33145546459092
-0.3603538490175588 -0.03719009409734457 0.9320740316086814 76.40929291992256 0.03993314892430669 0.9976738890970327 0.05524630875443869 2.6349989036831376 -0.9319605394624922 0.05712887111638285 -0.35803050843433465 -4.676456933232355
-0.35864592615324553 -0.032296671523897126 0.9329148003232443 77.31101095463626 0.04172201463031259 0.9978479486188276 0.05058403831631096 2.668874041973558 -0.9325408158085463 0.05706484421844614 -0.3565266194906851 -5.0229358896109435
-0.3593385165476492 -0.029657912016711696 0.9327358890812255 78.2288971420401 0.04695459285764264 0.9976542911292359 0.04981146053866911 2.699205036947545 -0.9320252661462071 0.061695410252557384 -0.3571030378180235 -5.3841246105612015
-0.35627343180974647 -0.030123710306946425 0.9338960348260662 79.12347095459837 0.0499097416282312 0.9974398192761411 0.05121351982613667 2.7334406335907224 -0.9330478334346578 0.06485652626931278 -0.3538578408389008 -5.724720429759828
-0.3537481571251495 -0.03411950489888001 0.9347181932090635 79.99539583104684 0.04985773926035536 0.9972258649112088 0.05527006593028815 2.7679327854216322 -0.9340109459564204 0.06615461992595288 -0.3510656905709326 -6.050508418878302
-0.35112400644249614 -0.03945048564201358 0.9354975100353711 80.91199343156721 0.050305944880393035 0.9968741286529792 0.060920304760023705 2.8096657839255066 -0.9349766007817848 0.06845166765662171 -0.34804184401529464 -6.389425219933112
-0.34858283071241924 -0.04390754438231056 0.9362489720575571 81.84524304190052 0.050159836951694174 0.9965967656616233 0.0654131288792324 2.8538483886432675 -0.9359348272660315 0.06976398941507747 -0.3451941263860041 -6.731754960289414
-0.3470906122938954 -0.04697859791408661 0.936654214849576 82.76132958698383 0.04612244591461233 0.996680947432176 0.06708061574370056 2.901951137071214 -0.9366967635474688 0.06648383535662578 -0.34377183246445686 -7.05513218112614
-0.3449162364512148 -0.04870728979752216 0.9373688653635291 83.67492662195777 0.042130545953584966 0.9968428726862568 0.06730010603456936 2.953929985576972 -0.9376874782836672 0.0627047613438693 -0.3417752272690721 -7.374072227679702
-0.3431087496247364 -0.04878948804914296 0.9380277031020205 84.58664596413065 0.0460483366559362 0.9965755684437603 0.06867814115290079 2.9988803528815 -0.9381662627819076 0.06675868660255936 -0.3396871224243418 -7.705773045204769
-0.3407595413259187 -0.04765303472063518 0.9389420233844388 85.5095532272543 0.04890408916858597 0.9964640922029488 0.0683205899619187 3.0417446917817017 -0.9388776944085642 0.06919899733426468 -0.3372242187476929 -8.039500566882058
-0.334681906175885 -0.046199742586871886 0.9411979629511442 86.43727787866015 0.050550836535244725 0.9964790575649043 0.06688871922938538 3.0877560706323792 -0.9409743007139268 0.06996478842580287 -0.3311680748146921 -8.363083312250101
-0.32737093115858545 -0.04546880223027331 0.943801282821816 87.35072113299769 0.05545461481823576 0.9961953413740745 0.06722817504553331 3.134277352823224 -0.9432672257254157 0.07434668686858921 -0.3236039416075493 -8.67875740723537
-0.3187585643027612 -0.04524163600730017 0.9467556031284028 88.26753197401956 0.06131949532547513 0.9957834142900504 0.0682298418426941 3.179242359784035 -0.9458503566509195 0.07980342220878109 -0.3146402972079316 -8.987980886856636
-0.3075933312052207 -0.04493866661206289 0.9504561319920062 89.18445985286469 0.06065603164202006 0.9959264475798768 0.06671848946408794 3.2264924727217186 -0.949582639070196 0.07817305964369832 -0.30361453246250447 -9.275140809369445
-0.29720817915621567 -0.046525479388570594 0.9536784982426262 90.1016297050829 0.06085500042640484 0.9958583693252375 0.06754833208881927 3.277704780799553 -0.9528714326527737 0.07811202220236549 -0.2931459445766017 -9.550531877190268
-0.2823095002477264 -0.051330733531347324 0.9579491123567123 91.0253441636365 0.06235924004400915 0.9954736226861157 0.07171883795290292 3.3271821502163688 -0.9572944537868235 0.0799838879482294 -0.2778307153963947 -9.816687121371585
-0.2679421331467469 -0.05499971196239251 0.9618638391003298 91.92942279281759 0.06431903823839463 0.9951207289480992 0.07481842111333147 3.375948764434977 -0.9612856363250515 0.0819131643990008 -0.2630972422760896 -10.063367741198922
-0.25331066441409184 -0.05634333569787044 0.9657427896787677 92.82254897069899 0.0660682822470027 0.9949639176887064 0.07537761324472621 3.4281941780716605 -0.965126255665559 0.08289892049947463 -0.24831246365214937 -10.294056935848857
-0.2373011211317227 -0.0562503628195657 0.9698062046575568 93.70964080823205 0.06886067660760661 0.9948368004965749 0.07455164381072604 3.477522861909815 -0.9689924587563985 0.0844727000894725 -0.23220245005775447 -10.50896517716291
-0.2226823192113757 -0.054667270937453084 0.9733571154508988 94.59058976577656 0.0698327705864364 0.9949673028917478 0.07185715224348406 3.5263483132922455 -0.9723867383211605 0.08397354145546203 -0.2177440595574599 -10.702970624739926
-0.20874134815955286 -0.048811356297508365 0.9767520161560611 95.48354308292726 0.0702638350666166 0.9954240648149373 0.06476051782559655 3.5732449104891897 -0.9754435109478478 0.08214854036260047 -0.20435648819166602 -10.885530270770552
-0.19537343302351556 -0.04499053344431735 0.9796964190855257 96.39516935654952 0.06830714829643356 0.9958970531439764 0.05935649105829309 3.620954773919999 -0.9783472569390765 0.07851695001424823 -0.1914986511708246 -11.057587752657446
-0.1785273118533537 -0.04778834802088134 0.9827737647677873 97.32426288383324 0.06982591071312164 0.9956862272702798 0.06110056478756807 3.667041955607677 -0.9814541971561884 0.07953119273412015 -0.1744203206819368 -11.220788304956185
-0.1623825145439241 -0.053488159423866255 0.9852770857844203 98.26364505024078 0.06798398011588233 0.9955503927155152 0.0652502414676554 3.7069899525921692 -0.9843831050043453 0.0775785560927186 -0.15802363815762915 -11.366834149868387
-0.15080593304523143 -0.05332747571542135 0.9871239794940545 99.16751302340107 0.06702557621199662 0.9956945853207966 0.06403018738295824 3.7494756440724504 -0.9862885696852657 0.07581868566961616 -0.14658234617963012 -11.4924370290872
-0.142774947988337 -0.05064204167407451 0.9884587486799888 100.10658079581096 0.0631226999717091 0.9961911505680587 0.06015576679063474 3.790065311451895 -0.9877402689853289 0.07098292150206935 -0.13903447730624874 -11.617277740249971
-0.13802790806744764 -0.04603496477241964 0.9893579122910608 101.08271885776645 0.057680437694667366 0.9968501706986985 0.054430729237511896 3.8357746942363153 -0.9887473204524379 0.06457955710887014 -0.13493782680088767 -11.738213243848076
-0.13370475816272964 -0.042814366622648724 0.9900959386116819 102.0055552612558 0.052266800866786096 0.9973712583135357 0.050187195749774684 3.874054877023098 -0.9896419651428479 0.058459414133019645 -0.13111551291676504 -11.84573809410126
-0.13035673658559815 -0.04330314887939756 0.9905210540538155 102.94933779225661 0.051575274926584765 0.9973969675715264 0.050391270031330655 3.911667509928221 -0.9901247962974163 0.05765523719708398 -0.12778404196435406 -11.959787278493915
-0.1258261121994499 -0.04534322427371444 0.9910155304036541 103.89786160575167 0.04906808463037984 0.9974477834007882 0.051867547267638696 3.945744275410275 -0.9908380859451649 0.05515352573787543 -0.12328007154120318 -12.068714979118885
-0.12326548282647154 -0.0477438796041601 0.9912245672419044 104.81301288890788 0.0474308261550631 0.9974170340809362 0.053940493652143824 3.979267883429025 -0.9912395964012966 0.05366360112340814 -0.12068256063186056 -12.173612907783486
-0.1178646752859393 -0.0521126955154004 0.9916613259000574 105.73464555964723 0.04786418068774892 0.9971632182862309 0.05809075919746203 4.019975598037112 -0.9918754652308076 0.05431190535385556 -0.11503598745611393 -12.27475680858918
-0.11363645255140065 -0.05610666182969831 0.9919368927254703 106.67601952632798 0.046487660165555694 0.9970103459264453 0.06171926415602951 4.059006280179497 -0.9924342064358046 0.05312638340747295 -0.11068845143996331 -12.374693534982494
-0.11076055144453129 -0.05911849344656682 0.9920872461514216 107.60316466876695 0.04231744947178315 0.9970433840587545 0.06413831752447419 4.101054973920571 -0.9929457858885884 0.04908659732834848 -0.10793133117319614 -12.465004344146221
-0.10642927789622753 -0.057458873499463096 0.9926586959588175 108.49071399859817 0.03668083462111766 0.9974225018766159 0.06166740728853956 4.14532029588075 -0.9936434597872548 0.04297476708913153 -0.10404731719582744 -12.547308126524586
-0.10382482175532143 -0.05686851434770901 0.9929684680106212 109.36034846958576 0.03439918153548743 0.9975614093074241 0.0607283374568607 4.180960500609388 -0.9940005546764872 0.04046241140206778 -0.10161540516263029 -12.630692607906113
-0.10145939090532946 -0.054817687419420384 0.9933282504505279 110.28607578073688 0.03540044266454539 0.9976494407152445 0.05867198735098724 4.222653413453576 -0.9942096361715038 0.04111708387698345 -0.09928033419151722 -12.721399725380026
-0.0967013867628897 -0.05804218825800672 0.9936196184558539 111.18956833905888 0.03200215536977474 0.9976007315928868 0.061389269233524446 4.264761339254608 -0.9947988258184783 0.03773439687552274 -0.09461189905407102 -12.800938834445416
-0.09209743874054266 -0.0615873438103557 0.9938435796742952 112.09367314992303 0.03290850937128244 0.9973519676601429 0.06485431840210469 4.306874689904985 -0.995206054939575 0.03867882737139791 -0.0898268140634042 -12.879748168754197
-0.08610319715255177 -0.0645118418919696 0.99419538406483 112.98838118376142 0.03130664180422448 0.9972333707010328 0.06742031251187497 4.350123382893767 -0.9957942225274513 0.03693002323262764 -0.08384533239833203 -12.946177875277481
-0.08213325294847368 -0.06337862849842041 0.9946040811346799 113.8604200096932 0.03045936348683656 0.9973500522064167 0.06606890751203984 4.39308282479911 -0.9961557889888903 0.03572146152548798 -0.0799851314333126 -13.010714077116765
-0.07934283079180748 -0.06220451682634201 0.9949046754781807 114.78759501660696 0.028424481225528302 0.9975041410413303 0.06463387248538821 4.436992217143851 -0.9964420525394351 0.03340788367734729 -0.07737667115609603 -13.074896314295192
-0.07254982630348944 -0.061763859573402 0.9954505253170197 115.68281809257257 0.028022811324701396 0.9975604081160747 0.06393711132629122 4.4818034548612085 -0.9969710350600932 0.03253394857510303 -0.07064203735254854 -13.134773368010944
-0.06845055245734821 -0.06380580687127492 0.995612043357145 116.61817260864444 0.028295944275039994 0.9974270936023139 0.06586753741886071 4.52718337469807 -0.9972531581328122 0.03268045222371854 -0.06646899003735207 -13.191616451840602
-0.06236829425800228 -0.06677263594718569 0.9958170569738259 117.54841896654975 0.03140249585362051 0.9971342089677799 0.06882770198374535 4.572923227581021 -0.9975590604698604 0.035563807373009466 -0.060092732336156085 -13.24849648214878
-0.05549878582126411 -0.06703462885662761 0.9962059241474223 118.41605931981958 0.0333708164713944 0.9970617360505478 0.06895130971852659 4.616233129116651 -0.9979009336504291 0.037070919032603636 -0.05309871544284461 -13.295651553511155
-0.0507758094568872 -0.06880727515002656 0.9963369791694106 119.28579352305725 0.03429685782650957 0.9969152733709445 0.07059506542927158 4.664574950789386 -0.9981210060494801 0.03775574931270047 -0.04825930663209366 -13.341747089976042
-0.0459937765468339 -0.06903359557295086 0.9965535285177761 120.15226340447313 0.03312676166475812 0.9969551772214904 0.07059031288266839 4.714522763369989 -0.9983923027450513 0.036259306302478644 -0.04356687418092786 -13.37813309699026
-0.04104279860734994 -0.06916132280553422 0.9967608540217986 121.01374624330613 0.03290175286099101 0.9969668697337054 0.07053038573587558 4.761026405886545 -0.9986155232826851 0.03568994369799179 -0.038642781702193596 -13.408693420677938
-0.03822148901708955 -0.07023323515227592 0.9967980790798916 121.87565662689084 0.03444500144748202 0.996841576116321 0.07155706814292997 4.806934356868808 -0.9986754526134101 0.03706972897087429 -0.03568158546682665 -13.442298537776136
-0.03424817650272427 -0.07196162846991111 0.9968192345827788 122.75989461568788 0.034632232978473156 0.9967198780159298 0.0731443313376723 4.858270796044632 -0.9988131310936813 0.03702713593932043 -0.03164364642338313 -13.469238166443674
-0.032197999184517934 -0.07073974450630362 0.9969750134259617 123.64127742739916 0.033852021552138706 0.996842719039772 0.07182363214310407 4.904222490414092 -0.9989080685855668 0.036062196890612214 -0.029701657699115036 -13.49541982991723
-0.02704422550304808 -0.07340921672208774 0.9969351517361548 124.56962394227608 0.03166809757837788 0.9967364376243917 0.07425365652682323 4.956428155515305 -0.9991324944484122 0.03357917229603278 -0.0246312347479114 -13.51658234641964
-0.022248380167027293 -0.0747139975061655 0.9969567834949479 125.48499117298415 0.03216525154427461 0.9966338792708695 0.07540760759095619 5.007165800971367 -0.9992349104054749 0.03374506284105552 -0.019770294909693453 -13.537399778492558
-0.0181293763239313 -0.07938044698096813 0.9966795223898236 126.40161316757171 0.03291086463323151 0.9962557992159029 0.07994534081343074 5.059302312179054 -0.9992938510284141 0.03425094401303694 -0.015449017153767897 -13.55162403652643
-0.013496820410454524 -0.07879100630677083 0.9967997858968343 127.29051706397713 0.029279913070407306 0.9964319528444628 0.07915838579177574 5.112572730840252 -0.9994801261302786 0.030254597596672986 -0.011141669303388002 -13.555297841037314
