1.0 0.0 0.0 0.0 0.0 1.0 0.0 0.0 0.0 0.0 1.0 0.0
0.999909688442141 -0.0016385487997861614 0.013339044844785956 0.02006562054157257 0.0016324311766815584 0.9999985573678805 0.00046950038454866036 -0.015556097961962223 -0.013339794900743022 -0.0004476829105657344 0.9999109207584531 0.33806177973747253
0.9997309048546736 -0.00438652305702472 0.022778856290993223 0.04058714715813638 0.004382274658093216 0.9999903698405453 0.00023642121369908244 -0.03213350720065427 -0.022779673994080006 -0.00013653438923385704 0.9997405002354781 0.6491626778440654
0.9995601997591785 -0.007759732532069646 0.02862155845551019 0.05931799410128109 0.007778883673146288 0.9999695884346613 -0.0005578302733443668 -0.047712046820416784 -0.028616359415395677 0.0007802287132253827 0.9995901636255552 0.9715809032574871
0.9994874458913995 -0.009581807362387826 0.030545612993635434 0.07093921997181288 0.009651272296252539 0.9999511621300814 -0.002127509756348192 -0.06213218855608593 -0.030523735822314536 0.0024212233209390133 0.9995311096854763 1.30215229407809
0.9995699474096772 -0.011265974138207105 0.02707393695295304 0.07958350988904582 0.011397261709488635 0.9999240042256765 -0.004699808380658907 -0.07547822262444184 -0.02701893152847928 0.005006355960849784 0.9996223855731987 1.6409681645158298
0.9997942592446117 -0.012836410619093016 0.015705595943366294 0.07828376843529934 0.012943190610078717 0.9998936776177042 -0.00671619512624421 -0.08712093933326058 -0.015617714248551798 0.006918093853125471 0.9998541028465553 1.9744303396407605
0.999926338280374 -0.012116480419415104 -0.000713383101374573 0.06305154147873633 0.012110767820446027 0.9998983016594117 -0.007530978782573834 -0.10027262913067662 0.0008045595084550457 0.007521784420618465 0.9999713873122208 2.3538343122002923
0.999749820687642 -0.009921441352950266 -0.020046471921707703 0.03562825361648227 0.009762742812690035 0.9999203496522653 -0.007998950185164975 -0.11066260945655255 0.020124236328395568 0.007801240463634619 0.9997670507470365 2.7288080279122857
0.9992326041345513 -0.008368331375856427 -0.03826452488228661 0.006604057620683439 0.008016913161306904 0.9999243544735196 -0.009328152768877405 -0.1219699489222014 0.03833969141565094 0.009014231009870335 0.9992241048440803 3.1104975915889868
0.9983100065440642 -0.008330891252975335 -0.057512842782475655 -0.030129134044450133 0.007761416213119984 0.9999186900374546 -0.010117990519256336 -0.1327481006697873 0.05759245829409768 0.009654510071057044 0.9982934935092639 3.5251126696050914
0.9968101389348093 -0.009300461989608365 -0.07926568187775969 -0.07439512990933295 0.008504393746143252 0.999910016196334 -0.010374719141147617 -0.1449055343823542 0.07935503893122926 0.009667518659251981 0.9967995369577557 3.9319896400621452
0.9949857302783093 -0.010296339565915715 -0.09948558656450335 -0.12935193245041113 0.009324694962623156 0.9999042271549934 -0.010226758109473493 -0.15889244667649335 0.09958135672099452 0.009247805638042469 0.9949864478898631 4.3581712246356235
0.9930673438722614 -0.010572493516833707 -0.11707037590837627 -0.1935285885603235 0.009389788899985044 0.9998992054570536 -0.01064945025655531 -0.17775610542602927 0.11717116709713929 0.009476355163755605 0.9930665215854901 4.819180088864297
0.9910399129206539 -0.009935730049211588 -0.13319599193148568 -0.2637569775573919 0.008596897302797663 0.9999066188231156 -0.0106229464128456 -0.19575948640225957 0.13328910066088806 0.009382691624168025 0.9910327848981071 5.26720807841299
0.9891216046434598 -0.01042324139154673 -0.14673038971678984 -0.33668670838970916 0.008852047963267476 0.9998963251561382 -0.011356944400075099 -0.2135752529516714 0.14683355363949854 0.009934534621406883 0.9891113246482687 5.713190480450096
0.9871189330765975 -0.012028533058764586 -0.15953534515640921 -0.42422637271336666 0.010158729435672876 0.9998698820901116 -0.012530726449795809 -0.23166098276360372 0.15966531300809578 0.010748640916926488 0.9871126858370661 6.208968910837356
0.9856055906861764 -0.01567560534316071 -0.16833269143359886 -0.5024604689765535 0.01341394306067454 0.9998039520879843 -0.01456446088301174 -0.2508866007096187 0.1685279969017573 0.0120968089334861 0.9856226364455659 6.682731045573648
0.9841041000210418 -0.01652403079330911 -0.17682216130371578 -0.5915186662259091 0.013936024607924459 0.9997769691168392 -0.015868183313605677 -0.2731789540504598 0.1770449308506257 0.013151746267649856 0.9841148937142495 7.179780504929671
0.9828415875569806 -0.01750467070576013 -0.18361917185293333 -0.6927436164008122 0.014427219219439257 0.9997324013220227 -0.018082618518800043 -0.29445669780495193 0.18388656588796368 0.01512323544699053 0.9828311241691253 7.711327244415777
0.9815995928890222 -0.01886136631274138 -0.1900170731827081 -0.8017770285747847 0.015038782921180473 0.9996548918609518 -0.021539085094741905 -0.3184486074596343 0.19035775331820787 0.01828513164528785 0.9815444868738039 8.24993707436681
0.9795920912036165 -0.022115334169767156 -0.1997754911041022 -0.9127910083726603 0.017596128810363324 0.9995481639062316 -0.024368920422749126 -0.3418854796598814 0.2002241521450766 0.020356326442673957 0.979538620408376 8.781418676998838
0.9777317934449896 -0.026336833594022342 -0.20819921057267468 -1.0215620476217069 0.021343607425885452 0.9994290117235536 -0.02619352873002873 -0.3680637490138152 0.20877018587167526 0.021166523605021425 0.9777356430904952 9.306135122265902
0.9758652644926206 -0.028634421110504037 -0.2164880030958165 -1.1440017335223729 0.0230673466191669 0.9993361308549428 -0.02819920367358178 -0.3938566958059234 0.2171517512632563 0.022524819545098683 0.9758779377707859 9.856377313425167
0.9737356258386817 -0.026515364818458533 -0.22613240900210527 -1.288600659533601 0.019637726584980506 0.999275208990963 -0.03261006578713453 -0.419221801371055 0.2268331780563084 0.02731285639788969 0.9735505724965005 10.414795848972695
0.9722607025433608 -0.025678490000911495 -0.23248600267793282 -1.434316304094981 0.017773726764354878 0.9991925495730265 -0.036032534113787956 -0.44959686571732066 0.2332235428227535 0.03090087424375444 0.9719320526889599 10.99840325752498
0.9695187407077863 -0.027095339414767675 -0.24351438150217466 -1.5725286583633846 0.018319635492632914 0.9991009941810395 -0.03823080409663944 -0.47925804740853006 0.2443313372693016 0.032604386337686156 0.9691435144599264 11.528013089331138
0.9665316651686893 -0.0291950369529025 -0.2548807369017121 -1.7188230768550317 0.019566912877844046 0.9989988536977121 -0.040229668543106736 -0.5102840493626961 0.25580007065415755 0.0338960193529569 0.9661352823105842 12.072456735739072
0.9630748171855783 -0.03017591348239497 -0.2675374940984313 -1.888650842464564 0.019336011487711587 0.9988853422252152 -0.043060326837613364 -0.5424601015938567 0.26853866604776344 0.036297208337804907 0.9625848001626506 12.65761652894233
0.9597731153940353 -0.031242791728830006 -0.2790330713944434 -2.075061689100308 0.018820325378085364 0.9987133891421149 -0.047088870244820336 -0.5800036360621958 0.2801452521808831 0.039943138500366765 0.9591262603887195 13.270642695294635
0.9574735169529381 -0.03445014403269389 -0.28645706817933203 -2.258535579744547 0.02002084641034681 0.9983858350900258 -0.053149694266339226 -0.6148912235299594 0.2878256938544319 0.04515431172898858 0.9566177178421359 13.864035449514313
0.9551571456896439 -0.03821070963966602 -0.29362351524843133 -2.446625550614198 0.02115017179131881 0.9979098942890197 -0.06106155184136473 -0.6538806941151046 0.29534301628989024 0.05211318977870291 0.9539689293577013 14.460483181667305
0.9535947844538735 -0.042822390460101535 -0.2980322632495572 -2.625196411717699 0.0228855540378858 0.9972797030615039 -0.07006743379015587 -0.6945148155216708 0.30022198200456574 0.059995305956728584 0.9519807376120638 15.020125703561135
0.9525676787127524 -0.0453222912829632 -0.30093306130211267 -2.82887905427017 0.022508787688366456 0.9966323594851381 -0.07884982247213236 -0.7448867814748474 0.30349328155430216 0.06833615397393232 0.9503799230368097 15.638524936321588
0.951967821901344 -0.04706785276211954 -0.30255889228507976 -3.04610690299111 0.021261198753630126 0.9958908374433569 -0.0880306839910269 -0.8017986146028849 0.30545904388636086 0.07736961375587215 0.9490567503449399 16.29025819553302
0.9509770142022697 -0.049986440318998696 -0.3051951412509244 -3.2765407930520163 0.021846176246438975 0.9952438020569875 -0.09493428806580687 -0.8732832061807938 0.30848899987251743 0.08361297896491462 0.9475459918686094 16.988897363843538
0.9498431535776248 -0.05109738548431412 -0.30852397118924224 -3.5072230504791784 0.020529867364491285 0.9946212995015604 -0.10152337230324775 -0.9478814917659941 0.3120520920418727 0.09009732390307083 0.9457832542807025 17.672027276204716
0.9491486963921515 -0.052035424546191394 -0.31049809456641925 -3.7260856469371477 0.019552552057949337 0.994085423349882 -0.10682634876895805 -1.0212283169656218 0.31422038419730286 0.09532305951648587 0.9445523090222774 18.315631962608382
0.9489553446537384 -0.05052223265753535 -0.3113378516345263 -3.9739769231750253 0.01606137145602659 0.9935476276455026 -0.1122726322259577 -1.106704766300934 0.3150012479341249 0.10154120152574268 0.9436437877677426 19.020958462795857
0.9477347306752261 -0.04934325405018779 -0.3152207536817579 -4.238069985328152 0.013403122807032403 0.9932539694078545 -0.11518206698336608 -1.2019352845176359 0.3187777228273276 0.10493710275817439 0.9420026368825855 19.766536004116816
0.9455968422602846 -0.04878235454103004 -0.32166270189876167 -4.506353768296179 0.011303552560592584 0.9930239632218273 -0.11736966459321967 -1.2976797532364481 0.3251443396506978 0.10734845295880237 0.939551737819937 20.51573506848864
0.9430544541741466 -0.04800380891241122 -0.3291563926041892 -4.778165459842007 0.00959036752034937 0.9930446040602683 -0.11734751466311348 -1.3924052045953974 0.33250010723776774 0.10750836561256856 0.9369555112224844 21.258364585352716
0.9400589309393003 -0.0487443284693175 -0.3375102914035884 -5.039070886594198 0.009558338127260362 0.9931088252208579 -0.11680539131689316 -1.4862426128148511 0.3408780493571049 0.10657791380263953 0.9340467353167999 21.9711553456306
0.9375229355696821 -0.049267237917482415 -0.34441760197293625 -5.330830428677618 0.009551182762501626 0.9931947860551555 -0.1160727869084365 -1.5928587206123166 0.34779235211350323 0.10553130445908551 0.9316134518084853 22.74882719458398
0.9339268877478868 -0.0485550728100719 -0.3541510599249349 -5.6677811561001485 0.008249847254959839 0.9933957111342557 -0.11444169310324084 -1.7074379883043767 0.3573688687642168 0.10395848211894568 0.9281595367358506 23.612562825637365
0.9294330428035417 -0.04543107439786735 -0.36618333717416135 -5.99893986147498 0.005225688296326511 0.9939125831246111 -0.11004757738538792 -1.816308915192458 0.3689538062234617 0.10036829472307851 0.9240126050480056 24.42290743878481
0.9248654493332515 -0.04429246146095324 -0.37770633895571976 -6.287046006715878 0.004221738381083515 0.9943289469373597 -0.10626439764795792 -1.9059976813152333 0.3802710580028998 0.09668569253085799 0.9198074794788222 25.108793216659286
0.9205392018345383 -0.04203833226164032 -0.38838171494869766 -6.621940859100945 0.0018079781142212002 0.9946408716698998 -0.10337440504728869 -2.001621869662149 0.39064601508395036 0.09445800667176045 0.9156819185037063 25.875844138692504
0.916795354892076 -0.04223620116663203 -0.39711759034236255 -6.973545332572953 0.0009131355706198142 0.9946107417215457 -0.10367564147641675 -2.1008861323039603 0.3993562863305677 0.09468672432357467 0.9118930753137284 26.675559278674008
0.9125000933526369 -0.0411542890072016 -0.4070011107205247 -7.339413950492034 -0.0014770077363210517 0.9945887191177631 -0.10388021106945418 -2.2017372351718847 0.4090738296195149 0.09539184608759403 0.907501513839192 27.46890410398256
0.9082885084408191 -0.04129080110377717 -0.4163016396539423 -7.722955755845548 -0.002414429526853532 0.9945832130851149 -0.10391536353855123 -2.3065542454276198 0.41833737098711654 0.09539026152337417 0.9032688094039838 28.28683391492937
0.9053473045366731 -0.04027717641192335 -0.4227576223185852 -8.109090582314176 -0.003930620867129926 0.9946548519716064 -0.10318079118198772 -2.409199163286757 0.42465375117591936 0.09507615110859757 0.9003497748667436 29.08911799385021
0.9016499156789032 -0.04039143017784377 -0.4305763137057302 -8.493827466678132 -0.003991642360526845 0.9948091900019587 -0.10167960601277302 -2.511322865910519 0.43244825857840224 0.09339811484090817 0.8968083941381638 29.880453268850687
0.8975364324027273 -0.040173119618282266 -0.43910644833561707 -8.89819456008705 -0.00428421455701276 0.9949995162762947 -0.09978781546646553 -2.6166979109378303 0.44091949153492205 0.09144442612907078 0.8928762058171955 30.696449606952438
0.8937197093458077 -0.03812295591699627 -0.44700304401535773 -9.32261406083863 -0.005715833433589144 0.9953344168616748 -0.09631577159940766 -2.721511076653234 0.44858935606521533 0.0886342983431389 0.8893320812734773 31.527564252837564
0.8896763340395375 -0.03838341671985003 -0.4549755311781942 -9.773724811556827 -0.005035797008613247 0.9955747857765626 -0.09383755471259887 -2.8280622558960564 0.4565639729528138 0.08577621609083884 0.8855460345767917 32.39277799250475
0.8852003074871821 -0.03877203040155715 -0.4635915716265115 -10.238455277073399 -0.0050998800727200255 0.9956522699881297 -0.0930083248463719 -2.9360501125858276 0.46518212223584227 0.08469525917089514 0.8811539628385795 33.2650580304746
0.8817896281897418 -0.0390001005475413 -0.47002770532626986 -10.688559169390983 -0.00563109069453822 0.9956337393514526 -0.09317589754133805 -3.0411369503488044 0.47160931122549626 0.08480830868685986 0.8777198917326002 34.09724323077499
0.8784378448717143 -0.03799784774886978 -0.4763434855895396 -11.163771755416011 -0.006954293279928069 0.9957113751593036 -0.09225234513737586 -3.147796498084486 0.4778060176495425 0.08435058354761087 0.8744063063319379 34.95730393833656
0.8756031600523502 -0.03849349601945811 -0.4814949188418695 -11.639784228018643 -0.006685207319419052 0.9957583596684095 -0.09176381178642748 -3.251764868461896 0.4829849004983851 0.08356757693434974 0.8716318293728647 35.81039860428798
0.8741835960158693 -0.03915060799297787 -0.484014741873162 -12.118241160473424 -0.006377234651721332 0.9957330343444099 -0.09206006296690823 -3.354522862229127 0.4855536750298162 0.08356407247767668 0.8702038120210606 36.66514242682273
0.8727293927446917 -0.04085406648036357 -0.4864918830684635 -12.622814892439878 -0.005395769948990534 0.995624448822725 -0.09328902707769252 -3.462100086835963 0.4881744490508891 0.08404107423434634 0.8686902814786165 37.55688217068487
0.8707289954649836 -0.04236990362568707 -0.4899344932981253 -13.144816928687892 -0.004770009338767919 0.9955068236863326 -0.09456960930900238 -3.573124704982761 0.49174003646993075 0.08468149302356018 0.8666145517309596 38.46808237804651
0.8698861712080683 -0.04241136771310142 -0.4914258082657763 -13.68492220351588 -0.005094714557210039 0.9954709030336062 -0.09493010637852108 -3.6898799482259603 0.4932262087770154 0.08508206098914668 0.8657302985764628 39.40291740121393
0.8687923695880142 -0.04280697438785782 -0.4933227964420464 -14.229427830765506 -0.0043785817940869415 0.995553307830509 -0.09409803020895018 -3.8113742674938695 0.4951571937951785 0.08391170485390757 0.864741683522539 40.34767076178434
0.8675947367753148 -0.04440561243911463 -0.49528528577344116 -14.757028421362607 -0.002753823116925725 0.9955605951948556 -0.09408250503417381 -3.9306821574435937 0.4972643051517099 0.08298941425972234 0.8636208473299005 41.262219462024525
0.867249265994547 -0.045973124378711275 -0.4957470952681209 -15.304511896646671 -0.001585340020468836 0.9954676002931637 -0.09508808265808019 -4.053755225482531 0.4978716675298357 0.08325099760020857 0.8632456626416556 42.202934031793816
0.865848738527076 -0.04784164652684255 -0.49801319144041967 -15.868081331941216 -0.0003680811017438487 0.9953562654585134 -0.09625886623467074 -4.178530758660712 0.5003057330346855 0.08352892714552455 0.8618103572263123 43.171289427952
0.8648396893703943 -0.04825987316498337 -0.49972321972449907 -16.445862575401257 0.00014384301650290435 0.9953929525247665 -0.09587934800161563 -4.305007649136318 0.5020480963004509 0.08284838384741147 0.8608622737087307 44.15786504273006
0.862090799581124 -0.04856107840005206 -0.5044217233052144 -17.02986891560757 0.0012231657617093675 0.995594435747129 -0.09375619112823955 -4.43286029562953 0.5067523627405182 0.08020935839401533 0.8583522014202111 45.14827394655858
0.8593382560609971 -0.04803730902452466 -0.5091465197875036 -17.583049790106113 0.0017138514049711354 0.9958435765255035 -0.09106389957747064 -4.55224301048726 0.5114047559256818 0.07738209117474341 0.8558488111705349 46.073224419020356
0.855408963676106 -0.04967341156685186 -0.5155657640358606 -18.151878961247935 0.003554425866290581 0.9959301899939516 -0.09005788535921058 -4.672227110396355 0.5179409917348998 0.07520378209852094 0.8521041721754135 47.01535316429509
0.8498083740215349 -0.05278707377840617 -0.5244418483347687 -18.73972842449777 0.004614724702324748 0.9956795518249025 -0.09274122273122844 -4.793699217812823 0.5270715622747989 0.07639211294155092 0.8463804187961395 47.96624311101172
0.8437522321259813 -0.05643651777446487 -0.5337575200818411 -19.338525619801928 0.005502946926393915 0.9953138975990433 -0.09653995453348126 -4.916966105629275 0.5367046565454318 0.07851856282239154 0.8401088899272264 48.909303982035645
0.8374864665242086 -0.056732103985845876 -0.5435051855926812 -19.961983462830144 0.0042117468883389395 0.9952369092507756 -0.09739484407868794 -5.043892070076976 0.5464418354929866 0.07927775755092055 0.8337363837453378 49.85926683507234
0.8312051982229904 -0.05437060581951158 -0.5533007822784084 -20.580336303741753 0.002690982200343639 0.9955883822217155 -0.09378982780635049 -5.1675246946685585 0.5559592404681091 0.0764696698565303 0.8276845489255895 50.77952122611391
0.8252479146327012 -0.052398788814454186 -0.5623346390941575 -21.22894192215991 0.0014671389002985404 0.9958822768266644 -0.09064401914073711 -5.293759226845464 0.564768737535839 0.07397876474581955 0.8219266484722694 51.71669738376274
0.8204273791457284 -0.052396649956284874 -0.5693448046846741 -21.864276139412674 -0.0006246360234360392 0.9957092404715899 -0.09253495701262171 -5.413579159593337 0.5717504047903328 0.07627384553599006 0.8168743937162203 52.61239757585051
0.8164372383100245 -0.05561476927353559 -0.5747497136487776 -22.464224695499592 -0.000822010667270591 0.9952380895044894 -0.09747035189182902 -5.526611652167709 0.5774335980865362 0.08005087531130116 0.8125037213223896 53.455597948860074
0.8137622815787375 -0.0579635680547603 -0.5783002454245793 -23.126091738011326 -0.003364734332731316 0.9945278938714198 -0.10441717710486159 -5.653402900105535 0.5811881172586356 0.08691658696727031 0.8091142560030217 54.364458854412
0.810270211134148 -0.058806485388746325 -0.5830986042041657 -23.822390918819853 -0.004160409279926371 0.9943506831358208 -0.10606323558118567 -5.793194498521915 0.5860417015394439 0.08836580913198132 0.8054480789183146 55.31939504190373
0.8059283461206644 -0.0584048758916446 -0.5891250897655712 -24.49965075667296 -0.0037573566158278122 0.994597062430507 -0.10374278613893019 -5.931508835516372 0.5920011682340435 0.0858228051084786 0.8013545176342616 56.2403843569508
0.8026742353589895 -0.05627072444011015 -0.5937572546603929 -25.177045779892726 -0.004113486113951365 0.994993301756435 -0.09985694112988916 -6.064425226027693 0.596403513674133 0.08259500608882481 0.7984240188310564 57.14220120389988
0.8001021464483523 -0.05558477147921155 -0.597282921594401 -25.834437664941326 -0.003569529199238499 0.995238792011271 -0.09740125942328498 -6.191069561995469 0.5998531601234051 0.0800629755601808 0.796094282252055 58.01067904092882
0.7971204824161218 -0.0544633587702974 -0.6013590267586807 -26.52576531155455 -0.005972968872212405 0.995163910332225 -0.09804649517003258 -6.320601541507874 0.6037907420253653 0.08174676827699986 0.792940228340526 58.90743037474557
0.7932235952314886 -0.056476658335711444 -0.6063057933347356 -27.21780818898354 -0.005655248728352092 0.9949634867497679 -0.1000783602811573 -6.44923293365446 0.6089042175333097 0.08281332681384057 0.7889091245334737 59.796285860665776
0.7890712508282183 -0.058948182858453255 -0.6114668207303464 -27.864540374679784 -0.005574258327069429 0.9946571578288131 -0.10308281148674003 -6.571244969943992 0.6142763944353504 0.08474815701591418 0.7845267752740577 60.62075369079999
0.7834777954978486 -0.06049255154367261 -0.6184684269787487 -28.56358984584775 -0.005577506825329811 0.9945259996171452 -0.10434044040127477 -6.704839923802485 0.6213947500417468 0.08519793009959037 0.7788516401262185 61.4996419141218
0.7784871067069374 -0.060659312198376475 -0.6247225564478054 -29.26224842640906 -0.005738972792114477 0.9945895429764234 -0.10372417844090494 -6.838588346025343 0.6276343592270526 0.08433320132408832 0.7739270135303962 62.35825767502537
0.7733758206012669 -0.061163434324062085 -0.6309903916946782 -29.9812771078092 -0.005934682358998189 0.9945927750932532 -0.10368216470347992 -6.975249780752794 0.6339200420042066 0.08393000675555724 0.7688310180471372 63.226774633258685
0.7681705153899792 -0.0619532983260459 -0.6372408085739785 -30.716829585406998 -0.0061524707738167435 0.9945470093173547 -0.10410760472358811 -7.116514400336736 0.6402157498756738 0.08389299782716965 0.7636005228695821 64.10320581604918
0.7628006115254374 -0.06291015379508326 -0.6435662666780304 -31.419601992189033 -0.006670449912213567 0.9944377039735885 -0.1051149752114619 -7.249723368372118 0.6465993598468742 0.0844746439188504 0.7581380496851455 64.92724458767333
0.7570735073333836 -0.0632453354853249 -0.6502612798201028 -32.164388480506084 -0.007817484972650245 0.9943552115440961 -0.10581398869619539 -7.388965480525403 0.6532829336685841 0.08519237533045361 0.7523055680791706 65.77952443375332
0.7507157769983979 -0.06440525101773836 -0.6574783538695657 -32.91928483323568 -0.007910821847667098 0.9942886031944435 -0.10643116298968554 -7.529227858405982 0.660577959868013 0.08510074734680446 0.7459186428409127 66.633839862474
0.7435927497597696 -0.0652894536871369 -0.6654375325618027 -33.69785499801309 -0.009283530161094549 0.9941171308317298 -0.10791175216183715 -7.670528195189924 0.668568349963153 0.08642000592527707 0.7386121742859526 67.49051448008956
0.7364193614769126 -0.0652902627718796 -0.6733674373097615 -34.484272688485916 -0.010536107713356772 0.9941046305758886 -0.10791188026268829 -7.812212364454035 0.6764432825272116 0.08656306980898461 0.7313899920487399 68.33779181783505
0.7289069226946598 -0.06603641540520215 -0.6814204941797928 -35.25006189387781 -0.009691829500937523 0.9942419680623544 -0.10671915191014748 -7.9515360367505 0.6845442034585687 0.08439253985944466 0.7240698396752526 69.15420150317583
0.7225218553685843 -0.06695554372297229 -0.6880981933412557 -36.072529478609255 -0.009270304337038283 0.994271428265127 -0.10648186884687634 -8.100633141633503 0.6912859249053446 0.08331435710839898 0.7177621388227279 70.01042104880773
0.7162560082280909 -0.06741107580633729 -0.6945740259582083 -36.88142375104956 -0.009892955596558374 0.9942423842846666 -0.10669681682930496 -8.242668224784737 0.6977674828384639 0.08329362611012908 0.7114651865992464 70.83534271204572
0.7117624913755873 -0.06871734577729083 -0.699050843830505 -37.65372878414439 -0.01042449888561734 0.9940602108028365 -0.10833109951257812 -8.377922956798512 0.7023428548036925 0.08439326802503024 0.7068184283238904 71.61027762057374
0.7068623477278776 -0.06838675410926717 -0.7040375510063595 -38.469484369959666 -0.012242149522771216 0.9939836799178839 -0.10884196723674254 -8.52029439093461 0.707245184599864 0.08555522146135007 0.7017724367207678 72.41187962376489
0.7015759310672955 -0.06791590455326299 -0.7093508601924506 -39.30916286658611 -0.012666375691463685 0.9941020335607862 -0.1077065912428408 -8.66509701161509 0.7124821231960142 0.08454925652554116 0.6965778114088031 73.23085199285421
0.6968489941425849 -0.06698627218346724 -0.7140828514265204 -40.142478868488034 -0.014962686481840261 0.9940544371802089 -0.10785125838665086 -8.808037802416075 0.7170617807244463 0.08584063875170322 0.6917035400827336 74.02669022231656
0.6916859567522661 -0.06634649900673106 -0.71914440782172 -40.99184618448365 -0.016729750724942268 0.994032052413135 -0.10779793233644072 -8.95538412205404 0.7220046070991402 0.08659342264214062 0.6864480508259427 74.82805061799837
0.6862425050994454 -0.06778022786937912 -0.7242078879056848 -41.81765939062396 -0.017990652200223074 0.9937625569191435 -0.11005597166413392 -9.097009176091039 0.7271503012639466 0.08855405792791815 0.6807426960285734 75.5951160549326
0.6819493459032214 -0.07016231526884541 -0.7280263313495492 -42.69403795382124 -0.01804325705000573 0.9934714123505965 -0.11264543362754781 -9.247866988190875 0.7311768120620319 0.08995444601700353 0.6762312231364196 76.40500763687378
0.6755004372599522 -0.07095989957240936 -0.7339372261401427 -43.56334022427831 -0.018866623652600733 0.9933694400299053 -0.1134072578216385 -9.397412526150143 0.7371181789737413 0.09045356967718875 0.669682717381216 77.19016004104088
0.6706351341528114 -0.07082484984215442 -0.7383985085877931 -44.40333171476578 -0.018739720178791316 0.9934961596250711 -0.11231297208183932 -9.543935577824598 0.7415506319378748 0.08915840653057736 0.6649461924227156 77.9420968798782
0.6663194516440867 -0.07056912490486551 -0.7423195989402982 -45.30750491846827 -0.019397128046577033 0.9935343928143847 -0.11186224438342192 -9.699969867746423 0.7454140727033991 0.08893485764936719 0.6606424534577069 78.73946950077718
0.6599983839828114 -0.07071551935715768 -0.7479314463653236 -46.209627031886285 -0.020358963813579736 0.9935108980450392 -0.11189999132340071 -9.85521094798236 0.7509911089570335 0.08908092269272506 0.6542758924793868 79.52163264030209
0.6542101051849871 -0.07260326876821499 -0.752819967613784 -47.1323243839229 -0.018650142707753337 0.9935303566714904 -0.11202500858826968 -10.014340434660252 0.7560828727400383 0.08732809248112429 0.6486235378189568 80.31621098489522
0.6492875153451302 -0.07314664843781521 -0.7570173645559672 -48.047538222162984 -0.018642698850668417 0.9935344708798515 -0.11198975378603682 -10.16633493177925 0.7603145218897971 0.0868263957319923 0.6437258770685554 81.08922762240257
0.6446155383483934 -0.07396198770748355 -0.7609207791184108 -48.953572885725116 -0.017840572948396024 0.99358287560693 -0.11169056924170899 -10.320501251726183 0.7642987123348334 0.08557273908799508 0.6391594360160021 81.84764294919702
0.6396092848774833 -0.07599589508824905 -0.764934367529823 -49.913735836157635 -0.0160561259453347 0.9935631882144099 -0.11213559579742986 -10.480891804282901 0.768532473951584 0.08400485078227841 0.6342720406315456 82.64370733002312
0.6354034410399414 -0.0803824624749139 -0.7679851084761153 -50.86277862276763 -0.012988476322231553 0.9933137527999913 -0.11471306804904385 -10.640580649950355 0.7720710890827531 0.08286403456787989 0.6301109308508341 83.42284085434083
0.6306495083344607 -0.08378892149468878 -0.7715313436745523 -51.80858085011498 -0.010236158157807554 0.9931700339060338 -0.11622609353005195 -10.798869955174482 0.7760002697832467 0.08119544559792077 0.625484516923068 84.19110852362839
0.6245892714061795 -0.08735033428461922 -0.7760529370762431 -52.78862216366574 -0.006916247473859438 0.9930673321154229 -0.11734325462521025 -10.96326493188356 0.7809227923202001 0.07865871207642464 0.6196550648944136 84.98103857529308
0.615898820375128 -0.0901401092735474 -0.7826515212792211 -53.75832295546417 -0.0037727362390518673 0.9930840307955116 -0.11734510744044874 -11.129152978186516 0.787816228267606 0.0752254510062442 0.6112992082434843 85.74830125944752
0.6069526140631045 -0.09161035096207831 -0.789440351057994 -54.72485932755855 -0.001599399642938218 0.9931912524013637 -0.1164842395957191 -11.292301227582891 0.794736413034376 0.07196304433537787 0.6026735053469982 86.49216738826931
0.596856370061629 -0.091104298385778 -0.7971590056773437 -55.723463296298846 -0.0005565871802579933 0.9934853628589214 -0.1139584309991514 -11.455249813950603 0.8023479069129344 0.06846050394725933 0.5929173599007881 87.24102642918834
0.585457759304881 -0.09137718090558987 -0.805536729689873 -56.71063604829272 -0.0015512994567317279 0.9934994360537678 -0.1138264645451193 -11.617763928010405 0.8107014281100682 0.06789021557332736 0.5815102003316052 87.95526927765907
0.5753320682994167 -0.09266362362168179 -0.81265396328549 -57.741527616662424 -0.003337891919857082 0.9932874865783184 -0.11562364587080895 -11.780454071796147 0.8179131186524927 0.0692345424208623 0.5711608429084817 88.67688828036418
0.5627107127293433 -0.0950207508562223 -0.8211745920852364 -58.80745020235746 -0.0034666270101008784 0.9930917339039664 -0.11728934541886794 -11.95108293168874 0.8266466211609452 0.06884667717714056 0.558493955889282 89.40379990516173
0.5514232298771733 -0.09673525358914524 -0.8285980402250963 -59.826690305381206 -0.004316907148969942 0.9929099187864248 -0.11879081398914232 -12.115284240701381 0.8342144723417915 0.06908099513310154 0.5470959972865157 90.07705789346879
0.5409664803371601 -0.09768608889083907 -0.8353518391605037 -60.887957513920114 -0.00253924956208694 0.9930376207005416 -0.11777026825590997 -12.289939587590437 0.8410403197013128 0.06583093429853962 0.5369520171543217 90.76672462663893
0.5274763377347336 -0.0984861641393921 -0.8438419215724365 -61.95851269805755 -0.0023022478794616774 0.9930886472527218 -0.11734410233352506 -12.45542743418528 0.8495666029127175 0.06383897062819861 0.5236040231362601 91.43496051596746
0.5151874649785311 -0.10052728528783711 -0.8511616420173389 -63.02799025387465 -0.0014171854505387604 0.9929963420080716 -0.11813660035733053 -12.623589335749374 0.8570763487078579 0.06206874955439861 0.5114368023660009 92.08532715787075
0.5041926503428249 -0.10137858034875999 -0.8576200526962672 -64.1519033442636 -0.0033594667474834555 0.9928479087007308 -0.11933877899391275 -12.796839717644088 0.8635846717742566 0.06305088131862562 0.5002460405055638 92.74107305804924
0.49394757482674 -0.10281692280190675 -0.8633912633958774 -65.26574248987562 -0.003362201447870361 0.992750636514019 -0.12014520091303893 -12.968488712525513 0.8694851861441957 0.06224832597393523 0.49002107810709195 93.37424326658613
0.48324771280093937 -0.10449361594818038 -0.8692253633544843 -66.39149790654797 -0.004609014941469709 0.9925341988401313 -0.12187953525530267 -13.142672354225192 0.8754715329774753 0.06290427933657171 0.4791582688290127 93.99467743039757
0.47283053853311374 -0.1042521011282468 -0.8749644457009847 -67.5410100431078 -0.006159440505165439 0.9925610171843394 -0.12159230427396733 -13.321771364220211 0.8811318534266873 0.06288184615877246 0.4686710256678084 94.6085696921775
0.4626797969850736 -0.10290772003700313 -0.8805324563118824 -68.64974461445885 -0.007044907936581218 0.9927817290089485 -0.11972805777330668 -13.492534590137742 0.8864974758757165 0.061599023553859614 0.45861507341472635 95.18421895211902
0.45399165657779095 -0.10240868041763626 -0.8851011455945992 -69.82625720860784 -0.0066553267755571355 0.9929554279229806 -0.11830141496956438 -13.671989008018873 0.8909810785775778 0.05959849271088123 0.4501119163978303 95.78420071036915
0.44549565038621286 -0.10230673557401361 -0.8894194496092124 -70.96437481338188 -0.007608704365170596 0.9929808662378713 -0.11803011015571527 -13.842921311616232 0.8952517707912387 0.059349230337685965 0.44159023512015716 96.34818740306798
0.43834855722159255 -0.10499581198307117 -0.8926513439455317 -72.08956026953112 -0.007626136640668461 0.9926832184569916 -0.12050672111466153 -14.01185666152678 0.8987727101006606 0.05963142845752166 0.4343405441798283 96.89307175347433
0.4312948061696128 -0.10716918997913635 -0.895823394922421 -73.25759082886174 -0.008084631053348737 0.9924210469020512 -0.1226177165281096 -14.189626356977566 0.9021748327856676 0.06012678591985765 0.4271596197009968 97.44834424948667
0.42489514978154996 -0.10930505897640971 -0.8986192273562135 -74.43827268805262 -0.008608707584934282 0.9921505619598594 -0.12475236493330474 -14.369665540164913 0.9052016360158832 0.0607426249424483 0.42061898633950145 97.99837656815886
0.4207574229148745 -0.11165811765141045 -0.9002753222345804 -75.63102392230086 -0.009034119063989564 0.991831362431667 -0.12723573864948967 -14.553544212887854 0.9071282024911206 0.061668575948268516 0.41631167529357316 98.54631387707633
0.4150955628886107 -0.11206982676035086 -0.902848839839811 -76.82912310487065 -0.008574944882748528 0.9918578554830022 -0.12706087059719792 -14.74095430374352 0.9097374038646787 0.06048428264074063 0.41075480223971794 99.09028368530464
0.410947692473306 -0.11053370074372493 -0.904933309725508 -78.02231386606518 -0.007815219090791047 0.9921590624194918 -0.12473699214522674 -14.925759296092673 0.9116254254908803 0.058332631166201326 0.40686163217954063 99.62482634283977
0.40672354863542326 -0.10955885697417311 -0.9069579989414732 -79.21981442560647 -0.005358005013811777 0.9924796401164729 -0.12229250073716014 -15.110119693911345 0.9135355749874662 0.05459872537696298 0.40307782427160455 100.15867984822123
0.4046287634378976 -0.10919841095716806 -0.9079379223510533 -80.43348165217996 -0.0046521549339717805 0.9925863537757715 -0.12145240941450836 -15.295183704781087 0.9144692019161653 0.053367006123151324 0.4011209810073057 100.68885456136671
0.40196153447621785 -0.10881450688126294 -0.9091679316241373 -81.56900886118696 -0.005717340043302321 0.9925960750401168 -0.12132742409605574 -15.46698770836791 0.9156387043066462 0.05396697978525844 0.39836331190071195 101.18026127154478
0.39974270096207964 -0.10898679449951698 -0.9101250747299854 -82.73364938277155 -0.0037130550372794016 0.9927055836546809 -0.12050658655488337 -15.640326362463522 0.9166198700932855 0.05155097288645018 0.3964221373039465 101.68473652680528
0.39669765905815574 -0.10866528408096177 -0.9114948290217468 -83.95106212206662 -0.0033401455584292777 0.9927911195906391 -0.11981083544326918 -15.821983362493475 0.9179432502749982 0.050573203354835033 0.39347495520935355 102.20768797833274
0.3953490551648641 -0.10951355545432753 -0.9119791147564736 -85.11521061814994 -0.0026524607419742066 0.9927267832605675 -0.12035986976205537 -15.993473204639228 0.9185271302646764 0.05000314958958662 0.39218311539236356 102.70500480658451
0.3923842693647851 -0.10940140602809367 -0.9132720939096631 -86.2674213809766 -0.0014897923881276101 0.9928245198218594 -0.11957112259711805 -16.16935297041622 0.9198001770350474 0.048278413391193285 0.38940573843579274 103.19395635495941
0.39008888013416376 -0.10914890557245122 -0.914285066053258 -87.35086412472825 -0.00016188805785000843 0.9929411357353024 -0.11860807205643667 -16.331762633553122 0.9207771931297664 0.0464157018370322 0.38731762577378914 103.65293998515345
0.38870342248986417 -0.1090351624969994 -0.9148885083352614 -88.50266554094343 0.001124437085802267 0.9930283936973181 -0.11787003415696881 -16.498763732283944 0.9213622441721316 0.044787751117664476 0.38611613844012777 104.13852481463631
0.38702479553070024 -0.110050391644367 -0.9154784098728604 -89.61384184402301 0.002039634975579331 0.9929518070098284 -0.11850126094300671 -16.66185634593296 0.9220670515388704 0.043995684502432894 0.38452143270769223 104.60131179990326
0.3866305947691015 -0.11155191938514247 -0.9154632447400506 -90.68027502932361 0.0028159898527603533 0.9927957619950636 -0.11978583040489647 -16.82183565793683 0.9222303689369811 0.0437349316465928 0.38415934501743915 105.046384639656
0.3874527878682928 -0.11295191189449241 -0.9149438249272285 -91.80934902538677 0.0028323020829438897 0.9926069381000101 -0.1213402015023628 -16.989577157917726 0.9218851963438827 0.04442220205147283 0.38490823935959 105.5140854881497
0.3874983056792185 -0.11428769170970626 -0.9147586493821209 -92.91386846714141 0.0020730805315055806 0.9923910247339135 -0.1231087176632222 -17.154980068520665 0.9218680846156053 0.04580805116177947 0.384786768244329 105.96991565735645
0.3900542210814324 -0.1155121210079529 -0.9135177362902165 -94.03416679692609 0.0010958731288385065 0.992157644206269 -0.12498803184766327 -17.324328502070614 0.9207912378376779 0.04775100986692373 0.38712186373033286 106.43715433931473
0.392097234652925 -0.1165698469019516 -0.9125082078374882 -95.10135143282788 0.0008082412088184152 0.9919821995270357 -0.12637508681560808 -17.486597229202573 0.9199234236194214 0.04881379533246396 0.3890476938134486 106.88306292517063
0.3958550481670987 -0.11747009254307914 -0.9107686633819506 -96.14004708818521 0.0005742598381504455 0.9918160326468953 -0.12767391123566116 -17.649691518350053 0.9183128285427916 0.0500173444166483 0.39268284173266865 107.32395841459127
0.40081274121343713 -0.11716364462074667 -0.9086373461729129 -97.2443434559146 -0.00044128446571700675 0.9917641251091973 -0.12807702922229713 -17.826809519107265 0.9161598942046039 0.05173587271489881 0.3974599951258456 107.79533760027924
0.4079016547358564 -0.11610552497781537 -0.9056134645274307 -98.31368263071845 -0.001882677355167707 0.9917724262305471 -0.12799964880713724 -17.995320132864713 0.9130239293631501 0.05391624651624053 0.4043270245381496 108.25850030049267
0.41582526979111234 -0.1153926749407736 -0.9020941611456986 -99.33952913837601 -0.0028153912434274522 0.9917496563949486 -0.12815885694187462 -18.158861159980862 0.9094401676720109 0.05583143926601222 0.41206969290908857 108.71442504192704
0.4249939513685191 -0.11538366730194619 -0.8978122023118903 -100.40148171211509 -0.002482960886346343 0.9916903377494724 -0.12862390493051576 -18.33099351607519 0.9051927839998558 0.056893614178493535 0.42117590204129557 109.19954707193412
0.43352282219771654 -0.1151058671925967 -0.8937609311060579 -101.43011427968679 -0.0026207673452820768 0.9916433184342365 -0.12898317945863277 -18.497451273835356 0.9011387763337284 0.05825949143767267 0.42959834432313027 109.68006876597588
0.44281303585061316 -0.11558119971099853 -0.8891330617821664 -102.45841107638117 -0.003406480174460831 0.9914324582927756 -0.13057594164456487 -18.66510237954767 0.8966075011807477 0.06084954327610088 0.4386254916321044 110.16708068963867
0.45207094170103274 -0.11754753882461055 -0.8842027141927459 -103.47729736870264 -0.004044496541959673 0.9909983469286924 -0.13381299799466995 -18.833351369633263 0.89197281669189 0.06406912283523275 0.4475261353059286 110.66771473622589
0.46161680908680464 -0.11787921010750725 -0.8792123824156178 -104.43397327013861 -0.005857699424432122 0.9907048439085994 -0.13590290509584663 -18.99681096227519 0.8870600931875864 0.06788522726240113 0.4566355078107293 111.14553617904086
0.473149442899483 -0.11688820262716898 -0.8731934223128909 -105.42056323285757 -0.006902890140053755 0.9906366908692626 -0.13634990579868872 -19.16946166396796 0.8809551377860413 0.07054144023329001 0.46791233197917537 111.65462491924585
0.4856144622397636 -0.1150163095160823 -0.8665736221515666 -106.44294610543916 -0.006175249440689826 0.9908305952391446 -0.13496887727319923 -19.34575135958061 0.8741512800184706 0.07089414703163731 0.48045141227675264 112.20492121081945
0.4982188404261457 -0.1128537986344231 -0.8596755243568402 -107.44694064742444 -0.006278717452751145 0.9909976596750645 -0.13373188185954035 -19.520091365833263 0.8670285835839414 0.07202540282654876 0.4930251277532395 112.76390728281433
0.5112466136654629 -0.11126923861495404 -0.8522007137720817 -108.43195039924703 -0.006751388767103475 0.9910330355285665 -0.1334463983805884 -19.69581419464055 0.8594075393928731 0.0739775576042065 0.5059110615568747 113.33312844349727
