1.0 0.0 0.0 0.0 0.0 1.0 0.0 0.0 0.0 0.0 1.0 0.0
0.9998371539349398 -0.0022918580777963227 0.017900083738095412 0.024360308423638344 0.002270791768220731 0.9999967051988232 0.0011971199786803663 -0.015433274209499359 -0.017902768389971676 -0.0011562776695995046 0.9998390640027653 0.29987090826034546
0.9995505353494051 -0.004862822486307249 0.029581755191074935 0.04707970427797917 0.0048337334434663745 0.9999877611595978 0.0010547758117885463 -0.028976257900249613 -0.029586522332229907 -0.0009113114079633106 0.9995618075976105 0.5945085941449374
0.9993483588733283 -0.008527982426665168 0.0350732252995937 0.06568305455954518 0.00850548176621799 0.9999635151292471 0.0007906897525019922 -0.04181608491108742 -0.035078688645816036 -0.0004918598282726743 0.9993844323766502 0.9190168769045602
0.9992599134553656 -0.011520412545110367 0.0367002105711407 0.08204373954276536 0.011525568813200524 0.999933575899955 7.10736323226082e-05 -0.05200094345962308 -0.03669859159024748 0.0003519697707129834 0.9993263178224483 1.2631497180265678
0.999264189193153 -0.014838740044414747 0.03536795145389186 0.09665420739225969 0.01488087164245559 0.9998888427954673 -0.0009282846018364433 -0.06483319170597054 -0.035350245477384315 0.001453907505836548 0.9993739271652293 1.5875586886623347
0.9994812280714536 -0.017089404733038827 0.02729884573841095 0.10645468688664589 0.017163754867380067 0.9998495875294117 -0.0024915529530490413 -0.07949495530295504 -0.02725216049475077 0.0029588111017350206 0.9996242119843 1.895635741340639
0.9997407538231396 -0.01800443850523387 0.013937910146504159 0.10368463038025942 0.018051067556588158 0.9998318588037128 -0.003226930612838361 -0.09298827471575248 -0.013877467535838876 0.003477688201066191 0.9998976555525911 2.2544421608309038
0.9998486939083822 -0.016966387120939463 -0.0038380981963661025 0.08435390115731148 0.01695145853568566 0.9998487495099191 -0.0038892360386307266 -0.10545888188012771 0.003903503966369041 0.003823586211094752 0.9999850713112026 2.6158729987149436
0.9996773837380277 -0.01583256894483485 -0.01986097186190538 0.06249031843701232 0.015731230508689676 0.999862482413563 -0.005248299578917251 -0.11912879442547009 0.01994133469391699 0.004934168865639157 0.9997889763086163 2.9833011348479443
0.9991340800724169 -0.01699506260767723 -0.03797707051375397 0.03844372463197138 0.01673958357993249 0.9998351333090525 -0.007035093634057776 -0.13152075066274851 0.038090371216568164 0.006393281460301657 0.9992538464137898 3.375422391335881
0.9980378469661951 -0.019605413878343844 -0.0594649793554219 0.007596744532299405 0.01921341211923741 0.9997897902656507 -0.0071568201949431766 -0.1440247583235536 0.05959279165988325 0.006000252263467607 0.9982047365921266 3.772785837635429
0.996614129866247 -0.02135060315825215 -0.07940042755377669 -0.031536494592969117 0.02082945992083305 0.9997557602092233 -0.007386036006188166 -0.15748744701697323 0.07953873113364404 0.005707159824039589 0.9968154385724536 4.173483324575455
0.9952412652568796 -0.022621183809873352 -0.09477924864085661 -0.08069501443375496 0.02204334587519556 0.9997315241846016 -0.007139359506257833 -0.1764434908087253 0.09491530346847075 0.005016133428550216 0.9954727136254992 4.5812451364907565
0.9937594421077326 -0.02284937077740307 -0.10917910732738777 -0.13714781105711654 0.02213258974864876 0.999724829170577 -0.007772670768714679 -0.19499458065410022 0.10932666505819387 0.005307748575204213 0.9939917042472317 5.020575537796356
0.9923194427824072 -0.023629944621638373 -0.12142384112352433 -0.2023047716909272 0.02277276992407519 0.9997050196830958 -0.008442426807865116 -0.21202805608369474 0.12158751755833208 0.00561242706850849 0.9925648473708923 5.488103574062379
0.9906740255899714 -0.027320061562254076 -0.13348628865016607 -0.26721508816507117 0.026243786059227954 0.9996073780988333 -0.009815973902459325 -0.23023960279055963 0.1337020520210452 0.006221244779860174 0.9910020471213724 5.960497063545002
0.9891163903786241 -0.03002186385466014 -0.14403976525617326 -0.33033036446242453 0.028627593589689294 0.999521166176308 -0.011743051171517012 -0.24803858734258494 0.14432334242812153 0.007491732526294403 0.9895022217125788 6.387822920189759
0.9880897659734794 -0.03150515844401393 -0.15061885462946686 -0.40178359356421145 0.029761306988108815 0.9994615096698275 -0.013818657491561932 -0.2689851315611684 0.15097310682646245 0.009171460076080197 0.9884953238813214 6.849800395930483
0.9870845866122256 -0.03444295544521643 -0.15645351288088985 -0.47548148298780296 0.03232626110738192 0.999348423101599 -0.01605434792089945 -0.291260738503035 0.15690453057636447 0.010789442272275093 0.9875548370698533 7.3279288478073425
0.9860167681389645 -0.03699631827663077 -0.1624875545473127 -0.5564652635693914 0.034290826794498595 0.9992231114385173 -0.019424540274566932 -0.31327318434549173 0.16307995629917668 0.013581089834870098 0.9865193773324252 7.825148134402593
0.9844971343421085 -0.041782343213976204 -0.1703514844893513 -0.6350837891706594 0.038585966691925856 0.9990123538966452 -0.02203270152145607 -0.3371201111475872 0.17110381540639527 0.015117954803262282 0.9851370116871768 8.300393183894899
0.982792219533053 -0.04639755262992737 -0.17879239451175982 -0.7181567961405009 0.042827132997957304 0.9987994542812705 -0.023779966497280893 -0.35940254570510677 0.1796810783150828 0.015713600395505938 0.9835994066987535 8.77532822876892
0.9810701374339604 -0.04969973735206257 -0.18716656096227774 -0.8070128690537136 0.04542478528252805 0.9986011095556604 -0.027063127613791656 -0.3837071096958129 0.18824976578297847 0.01804882548367473 0.9819553276912926 9.245754008504012
0.9794588332625549 -0.04894428084840453 -0.1956140366031729 -0.9172863789276459 0.04351961612745434 0.9985419854425542 -0.03193659845007163 -0.407637011512568 0.19689194233404772 0.022767535674169986 0.980160804339396 9.75601077607484
0.9775041511013453 -0.04801605578193641 -0.2053779271654688 -1.034091937956545 0.04149486021441844 0.9984919406764973 -0.035944693347814465 -0.4347216943210013 0.2067941274684185 0.026613958578695408 0.9780224363752333 10.265462564306757
0.9756943361435341 -0.05079001028557695 -0.21316879995116433 -1.1497117940172326 0.04351360593037222 0.9983033209846434 -0.03869167106715113 -0.46652963044525664 0.21477227129302517 0.028475501158422692 0.976248952530763 10.78658561713841
0.973468431967551 -0.05308254410211002 -0.22257909936533835 -1.2700795854077072 0.044823506609723764 0.9981116971250131 -0.04199872995025328 -0.49482860573607346 0.2243882020469117 0.030907662057713073 0.9740095744951796 11.302073770516515
0.97079067651867 -0.055633914304924384 -0.23338879571122345 -1.3991499844797355 0.04642544577547639 0.9979180183867195 -0.044769482503948146 -0.5279767639810876 0.23539358608290745 0.03262661732750345 0.9713523374516547 11.823066237765136
0.9684885548874811 -0.05623154246502134 -0.24262714745873665 -1.5393488773761543 0.045816742137073437 0.9977785633234636 -0.04836077658713046 -0.5615313089448467 0.244807567676949 0.03572047317953567 0.9689134649719379 12.354913159825566
0.9659933989557368 -0.058576183094294215 -0.25184436453501696 -1.6876698826264769 0.04632105500551022 0.9974484418081115 -0.05432279261734179 -0.5986410588382677 0.25438379083015344 0.040809762418739313 0.9662419211844447 12.9075775356703
0.9639052452795238 -0.061301379165844466 -0.25909229829345887 -1.8474810333776661 0.046646039332902914 0.9969640634847445 -0.062344230964379285 -0.6412773211871122 0.26212749786539863 0.04800830170243439 0.9638383566918645 13.48402082156906
0.9628820343155895 -0.06458006246371836 -0.2620831996226659 -2.0026612196063898 0.04770524399469079 0.9963878031661865 -0.07025350807659198 -0.6823473501118198 0.2656734794586748 0.05514309778968705 0.9624847225169229 14.035846756351795
0.9619168166704263 -0.06844671387601994 -0.2646338700283999 -2.1722966145131375 0.04898219365690952 0.9956329302279919 -0.07947208912681107 -0.7328316384646626 0.2689177987995417 0.06348319151710198 0.9610687290114128 14.640332224481405
0.9607955877056155 -0.07183706758713959 -0.26778960839790283 -2.3455572078457343 0.04982207021620822 0.9948626015576741 -0.08812584944991 -0.7876707536431922 0.27274456908395556 0.07132909464151163 0.9594386693753958 15.243070152940664
0.9597589826624598 -0.07428493920958668 -0.27082179196908895 -2.5345667003903576 0.05024414180056534 0.9942413092309643 -0.09465593078842419 -0.8552305472006806 0.2762937230800677 0.0772396713180881 0.9579644104877952 15.893174086121299
0.959028111248728 -0.076148692036623 -0.2728854311534584 -2.73402194430608 0.050404421529730785 0.9936948703851418 -0.10014938272655156 -0.9323012641601959 0.27879109764293153 0.08229144105778947 0.9568195454753639 16.574217785510037
0.9582931778845444 -0.07759394948336149 -0.2750515664807504 -2.9211216091891328 0.05007731553662118 0.993136455269153 -0.1056988348283347 -1.006131580242513 0.28136532780104023 0.08751662824283993 0.9556015864848791 17.201938040772646
0.9579058472189381 -0.07821757219252781 -0.2762216487968954 -3.1339940769575803 0.04913466043969562 0.9926394669057451 -0.11069179682593587 -1.0895328107365736 0.2828465538189295 0.09246026249900634 0.9546983433793998 17.903380485946418
0.9576858944407934 -0.07707733339937436 -0.2773027447847917 -3.343974665659057 0.046864460801597375 0.9923765327853908 -0.1139848213167956 -1.1739509922235862 0.28397438247650647 0.09616601194230717 0.953997195092417 18.58162393216978
0.9567016358137693 -0.07710400130144611 -0.280672323207267 -3.5609669028491755 0.04595499715889167 0.9921943055877753 -0.11592496795478849 -1.2640064822857267 0.28741975970239797 0.09800731065843546 0.9527772293616786 19.28379181770936
0.9548563774145625 -0.07700070896931016 -0.28691495138622924 -3.7868576063652957 0.04513013630196739 0.9922127374742901 -0.11609114691112954 -1.3565163046395874 0.2936197699544507 0.09790186112633004 0.95089571262042 20.003063850566242
0.9527989852049858 -0.07690405487583883 -0.2937002896423549 -4.004384070048014 0.044581004449955164 0.9923398587968008 -0.11521344837031187 -1.4479959017750352 0.300310885308179 0.09668180276970124 0.94892887045269 20.688322632500885
0.9503518429989984 -0.07582178172724033 -0.3017986612364502 -4.25143954975024 0.043108823271607026 0.9925882579263962 -0.11362297119323832 -1.5477936770848613 0.3081769035222209 0.09497161492966642 0.9465766680481338 21.434795461154504
0.9469326269848874 -0.07646712440951714 -0.312204066014585 -4.537241112068106 0.04311195026757239 0.9927290631193125 -0.11238490549170034 -1.6621600186788232 0.31852780050668467 0.09296120762334943 0.9433441864884641 22.28806826619961
0.9431053249813928 -0.07461420927620478 -0.32401399007732423 -4.812518211629654 0.04152626593895896 0.9932976591752245 -0.10786718460304182 -1.7658460025705516 0.32989076256983696 0.08827502506998544 0.9398827611569355 23.064048527788437
0.9397783213618521 -0.07396122748599522 -0.33368614524289764 -5.053349109173414 0.04115395450103068 0.9936891990047997 -0.10434619212087537 -1.8517728406931042 0.33929789083816364 0.08432978483290707 0.9368913643869332 23.72642160702972
0.9359250063253757 -0.07221493155634848 -0.34471638515619973 -5.34335266245695 0.03880194137256414 0.9939375747863646 -0.10287131171283863 -1.9502988300002757 0.3500554125857299 0.08290416809854508 0.93305311050943 24.494338665038242
0.9318354005652465 -0.07251208795289335 -0.3555626292991412 -5.6578464391246435 0.03802094200172145 0.9939482912829912 -0.10305921707893818 -2.0500569632649905 0.3608839068491533 0.08251540072213083 0.9289531820393091 25.3081698442093
0.927739184309792 -0.0723325080619444 -0.3661529928508991 -5.978325420316651 0.036460853011202735 0.9939127154942828 -0.10396210933064162 -2.1485768457083987 0.3714439555220912 0.08309947205758628 0.9247290768921744 26.09730940407755
0.9242757239513727 -0.07384650561641348 -0.37451445862931787 -6.308471346808293 0.03690726865427434 0.9938006061242962 -0.10487234519864039 -2.2541012911594933 0.37993715221684654 0.08310865704140927 0.9212712475108111 26.90011787103727
0.9207550887340504 -0.07395005069296584 -0.3830684750444219 -6.645248748721849 0.03632338656226338 0.9938558235067053 -0.10455244459340518 -2.3584045830212306 0.3884464933024875 0.0823528511001074 0.9177839232393887 27.69550784377034
0.9175999680471741 -0.07386883010837952 -0.3905812266075324 -6.9764964412196475 0.03620371873990948 0.9940282966709109 -0.10294190675778932 -2.459549372776377 0.3958529896176442 0.0803189974784747 0.9147946596121046 28.464883430211223
0.9142307243490502 -0.07451076112917658 -0.39828423158865095 -7.323766739930745 0.03712575512284026 0.99421600991456 -0.10077799331268045 -2.5626119902310176 0.403489604528754 0.07734773497344671 0.9117090911753087 29.257235192412224
0.9103130308287928 -0.07360568802635181 -0.4073234446891869 -7.705255089735224 0.037014363840139994 0.994595188177262 -0.09700695090634853 -2.671328663037904 0.4122622014844527 0.07322987330867331 0.908117427914688 30.10742176708539
0.9058981361825691 -0.07417677339293453 -0.41694888553629816 -8.098318114385458 0.03784531125535072 0.9947815188013364 -0.09474947106602911 -2.7778074985987566 0.4218012556606885 0.07005380889230721 0.903977966867969 30.954159511074266
0.9026548344410975 -0.07433307892985672 -0.42389720833820427 -8.51073378234905 0.03812584308073823 0.9949098728860002 -0.09327789086030201 -2.8851248960709843 0.42867315048822247 0.06803630068405529 0.9008942178967135 31.820183728490843
0.8997452119947889 -0.07543361456357342 -0.42984686027273367 -8.919964639461341 0.03883743776744392 0.9948805110535076 -0.09329749275072667 -2.9940701964609198 0.4346840311307889 0.06724982170821138 0.898068624638508 32.674292252083504
0.8967849338078553 -0.07711580443620916 -0.43569477297920056 -9.353001728211888 0.040608763366744856 0.9948837906211321 -0.09250498093157661 -3.1040212907159743 0.44059926331425536 0.06526404726558085 0.8953283717728662 33.57015526333848
0.8928774868209918 -0.07808981332850258 -0.4434769155013025 -9.798984052409995 0.04068424555415938 0.994810248632806 -0.09325964496406723 -3.2156268290749814 0.44845800883908704 0.06522691368947812 0.8914206998037609 34.46373989088177
0.8897666270291835 -0.08007083351981334 -0.44933730208447226 -10.228486154545088 0.0420358360124059 0.9946832460184267 -0.09401185340681398 -3.3225548056880436 0.4544758936575713 0.06476034056186317 0.8884018011994705 35.30980447081088
0.8881909198855016 -0.08181830898978737 -0.45213123553565554 -10.68848463729169 0.042954794546329444 0.9944942900603113 -0.09558238678187643 -3.4358023719169064 0.4574623213538241 0.06547420371023445 0.8868152869623311 36.200017463794865
0.8863545297691064 -0.08370382698658294 -0.45537821303350307 -11.149510130525464 0.04431475440783548 0.994344320508891 -0.09651722547548294 -3.5474449163876756 0.4608816009557764 0.06536850632768182 0.8850509071691461 37.09402217881038
0.8855850146052101 -0.08387164497862348 -0.45684212708031835 -11.633622693690164 0.043932688364954536 0.9942775216650009 -0.097376222994792 -3.664185019509568 0.46239496190996476 0.06616462106204048 0.8842019803868338 38.01463241543876
0.8843141896506246 -0.08356269226067468 -0.4593535571264329 -12.144347426203337 0.0438344888880665 0.9943670873192083 -0.09650198568027542 -3.7883244139995096 0.46483002438147347 0.0652025468709765 0.882995852943295 38.98318533727764
0.8833843433274015 -0.08564741418957014 -0.4607565760861761 -12.615248226291635 0.04571607434378447 0.9942182210045394 -0.0971605350395037 -3.9054787093228795 0.46641413197994924 0.06476611355646775 0.8821922738406756 39.87496858696044
0.8824160005264324 -0.08755220462456759 -0.46225167763926317 -13.102553158459115 0.04731927441103778 0.9940657739156411 -0.09794959621514814 -4.030176061312005 0.46808427476699993 0.06455887696417513 0.8813224512747739 40.79520616300585
0.8809087243072723 -0.09082863955767226 -0.464488942468426 -13.618584454077412 0.05024622182263177 0.9938137577523265 -0.09904308201359237 -4.157610755383896 0.4706114497458441 0.06390910059062603 0.8800230055116811 41.77134781027401
0.8789849620832718 -0.09208383180315699 -0.4678739192901408 -14.147930804317195 0.05153386247931441 0.9937747460751294 -0.09877254214241549 -4.287892217485467 0.4740566394951477 0.06270822899556347 0.8782584930228728 42.76456597506101
0.8765103853976037 -0.0920384225597318 -0.4725023524416156 -14.66892738319055 0.05276497335847292 0.9940068154310779 -0.09574084009996386 -4.414868565167374 0.47848239453152724 0.05898626661591205 0.876113701795659 43.72987415795907
0.8743055989221611 -0.09198331998245357 -0.47658030649447414 -15.161903820933862 0.05387380593449117 0.9942024445142367 -0.09305435162338838 -4.533554074934415 0.4823767539252841 0.055682745684116325 0.8741922552308412 44.63723658078046
0.8701113265611498 -0.09317051439680654 -0.483968526494266 -15.70166694841788 0.05499910821376106 0.994191239382833 -0.09251420231574044 -4.660263109010029 0.4897768649963855 0.05387981794198286 0.870181353358512 45.610744762041
0.8649215071447963 -0.09620302900382964 -0.492601018765555 -16.25129679568292 0.05598619244629975 0.9938260154841928 -0.0957882936593989 -4.7881570914220175 0.498774831696368 0.05527049988286395 0.8649675364480209 46.574906158404595
0.8593361231148217 -0.10022737945605066 -0.5014936688706658 -16.804730931459083 0.0572387473773147 0.993295677579693 -0.10043616231305684 -4.917870398024951 0.5081979469740744 0.05760355291882248 0.8593117463310184 47.52920523612175
0.8531466624642352 -0.10053272918190216 -0.5118925108744754 -17.373812705276244 0.055940767869445254 0.9932276698628638 -0.10183038008847427 -5.04936710735617 0.5186630918200306 0.05824058878500983 0.852992749677078 48.47040402386694
0.8474791155062417 -0.09843778818400355 -0.5216216546868043 -17.926368180832753 0.05429410524450641 0.9935760947961303 -0.09929095621137762 -5.172868937533645 0.5280447887409333 0.055826030730408344 0.8473795816376689 49.36188974970071
0.8418163484048656 -0.09703803744777514 -0.5309697306312122 -18.54343508881885 0.054241023415970396 0.993935864262183 -0.09565254367854154 -5.3084225325488745 0.5370317932274458 0.05172153344276767 0.8419749022632698 50.339038752132424
0.8369988253524835 -0.09783359984336816 -0.5383879206485328 -19.152832020307486 0.05366737748592458 0.9938208245167395 -0.09715956643919228 -5.437979210042823 0.5445665973527448 0.05242857521005369 0.8370773354649483 51.277778980968904
0.832790586664907 -0.10187927891149165 -0.5441327515329273 -19.70860705623557 0.05441390377237035 0.9932246286603111 -0.10268380640996087 -5.558296506060047 0.5509074022361391 0.05590572019982924 0.8326917704711433 52.125525317925344
0.8293047562428701 -0.10636140668853841 -0.5485807802322182 -20.340015302116154 0.0542992211091291 0.9924109070732322 -0.1103276307595998 -5.69494441070926 0.5561521517174017 0.06170771985189551 0.8287864269223914 53.073192095784364
0.8252126001725686 -0.10743698740041094 -0.5545101065397746 -20.92628849287849 0.05316491557511535 0.9921587508834389 -0.11311279678845026 -5.8276294316134125 0.5623145527801314 0.06386162215085306 0.8244537809652779 53.9359969219038
0.821420044280309 -0.10928261048613791 -0.5597556805427438 -21.526863084243328 0.056209284439321966 0.9922042885784194 -0.11122574373503732 -5.970013897560526 0.5675470264192691 0.05989958907979134 0.8211591879962846 54.820150249876576
0.8180901914843469 -0.1069497693523544 -0.5650576832789576 -22.167310675861 0.056147592944648245 0.9927150871721598 -0.10660301828416112 -6.114589336752684 0.5723424555313248 0.05548425484990584 0.8181354478691925 55.74295698171363
0.8145090577217039 -0.10570631049734167 -0.5704394541144063 -22.780676956276878 0.05564031476438477 0.9929613511112492 -0.10455577732599422 -6.251070387770629 0.5774765365469167 0.05342219688820646 0.8146575468363473 56.61000830338362
0.811602913189324 -0.10571841838027442 -0.5745644675036703 -23.40720254213104 0.05437215535809921 0.9928906594370932 -0.10588582116737441 -6.387025506271586 0.5816737745715528 0.05469693243453174 0.8115810899459985 57.48406674578113
0.808458511678766 -0.10723361464971477 -0.5787018116295396 -24.057856000741506 0.05438754426998611 0.9926663360997253 -0.10796082716720684 -6.524965830280905 0.5860348367822813 0.05580767925208577 0.8083617216407896 58.38177953225171
0.8048628557891166 -0.11005407596032865 -0.5831671147582876 -24.666749730009514 0.05479724905103364 0.9922385179086666 -0.11162430324464176 -6.656366044517002 0.5909255831891412 0.05788630185917012 0.8046465877574095 59.214866493917555
0.800687360187886 -0.11139483171735295 -0.5886348126827169 -25.29689041787518 0.05510233954370669 0.9920894465214859 -0.11279300633240494 -6.796383500685675 0.5965429434769677 0.05787677917225958 0.8004915958462531 60.07093227093957
0.7970218971335732 -0.11307138030004837 -0.5932714036987135 -25.955409748965465 0.05654256695169623 0.9919736116447242 -0.11309859381546256 -6.94208337363645 0.6012977911252568 0.056596967741778054 0.7970180359504566 60.95321192735757
0.7930643613457522 -0.11311936371111807 -0.598542336277766 -26.628924329877538 0.05636971655012611 0.992018192030648 -0.11279344722235925 -7.092774860277243 0.6065240092686464 0.055712801346158206 0.7931107803748798 61.83716914102042
0.7880693513651241 -0.11491198884516325 -0.6047660144705568 -27.317677287844376 0.056898154914818685 0.9918142475073863 -0.11431140979205098 -7.243550656308109 0.6129513010070554 0.0556752481898913 0.7881566908507166 62.732462734813375
0.782461064213333 -0.11712909547317549 -0.6115843833713989 -27.989979346077458 0.05767685207133983 0.991560383463563 -0.11610937378494787 -7.392165526174924 0.6200226316234588 0.05557680216806021 0.7826130303895361 63.58789950980865
0.7769466572788254 -0.11768505555021364 -0.6184691742062839 -28.712088774328144 0.057131939154992824 0.9914995726629974 -0.11689541880451967 -7.549563697435582 0.6269687657863426 0.05548716166138784 0.7770658541070463 64.49926155255753
0.7712841957100809 -0.11892126181056432 -0.6252826744259247 -29.431595806544742 0.05705941493482379 0.9913537244617847 -0.11816097563512037 -7.707865208610936 0.6339281604528618 0.05545742948542711 0.7714010376579226 65.38495661005825
0.7651144097212588 -0.12171287144377535 -0.6322862618796968 -30.15363691819839 0.0583477223298137 0.9910376674008253 -0.12016607296426864 -7.864438796200685 0.6412452598934456 0.0550483307434657 0.7653588687318814 66.25832114904142
0.7582086722685196 -0.12238178084554226 -0.6404235387724929 -30.87552676200081 0.058018923530001695 0.9909939808356446 -0.12068444166479111 -8.020715984390312 0.6494254490002905 0.05434730595527452 0.7584806896198316 67.11207057706407
0.7521730830490256 -0.1246982089119571 -0.647059510269862 -31.556814930158573 0.06041326541402001 0.9908461002527083 -0.12072382936278754 -8.16930104879312 0.6561904376768521 0.051714236996693405 0.7528211920458344 67.91512404369114
0.7448154067567685 -0.1253822984193809 -0.6553848404569812 -32.30641803025974 0.06010946807815538 0.9908016134570412 -0.12123949281601686 -8.332176594299236 0.6645576436285349 0.050906208010390044 0.7455009700066743 68.77039622272272
0.7394165937402981 -0.12620222877876572 -0.6613139181604809 -33.07955759808544 0.05988692403769113 0.9907090658049803 -0.12210283887415274 -8.49584005424948 0.6705793444707336 0.05068080882440185 0.7401045861134126 69.63569070472856
0.7335531408531124 -0.128694042966857 -0.6673362217423676 -33.82275090735327 0.060991562572067316 0.9904116503325155 -0.12395479894155087 -8.651529643867704 0.6768898129234561 0.05022555316238409 0.7343688276131968 70.45524507866591
0.7278520849314227 -0.1292264055125814 -0.6734477548995756 -34.58459049791131 0.06053060183850199 0.9903568495448577 -0.12461683995613498 -8.813834667979565 0.6830573831692692 0.049938428868778965 0.7286554498664428 71.27671199882144
0.7222782739385694 -0.12905674442554183 -0.6794545251262968 -35.37486395029817 0.06001749139356795 0.9904250290673198 -0.12432281578142428 -8.980310981466994 0.6889934656607014 0.04901651267970154 0.7231081425081429 72.11496957053936
0.7175788164733946 -0.12899928690583964 -0.6844266404271733 -36.198287274965594 0.05931722959173394 0.9904466111285688 -0.12448685383403008 -9.152557353065662 0.6939467619509467 0.04873083707180199 0.7183753873122866 72.97568005061315
0.7121812187311318 -0.1286312676431524 -0.6901100699679403 -37.021706322807155 0.05774522298061819 0.9904718041316654 -0.12502437539569142 -9.32243741800241 0.6996166099440169 0.0491894521689333 0.7128232578176457 73.8195993663559
0.7058757405907509 -0.13067280242820267 -0.6961781794562502 -37.76687124578992 0.056758796479540144 0.9901105734277635 -0.12829454941165438 -9.474893827242452 0.7060579847772087 0.05104577447845413 0.7063118652834891 74.57108290442756
0.7006455059376584 -0.13408291786027934 -0.7007978639717993 -38.583684165920296 0.057441695395344265 0.9895960903948517 -0.13190917142235836 -9.644439155465134 0.7111935929403972 0.05216655071305957 0.7010580035540787 75.38603536331426
0.694890612880277 -0.13565997995117726 -0.7062035159715074 -39.42115265187273 0.057202938362125304 0.9893604857330319 -0.13376716006867279 -9.820270485740808 0.7168367038409877 0.052556627648139856 0.6952574637619094 76.20791269831675
0.6892670940761263 -0.13592418850948224 -0.7116428092813777 -40.24382576191295 0.05739910878113534 0.9894011450133907 -0.13338184493147093 -9.998243042853156 0.7222300293777489 0.051088053635172895 0.6897635793812151 77.00409118217607
0.6832126491767656 -0.1356049330183536 -0.7175177894282161 -41.113844502587035 0.05667571543673828 0.9894889713474412 -0.13303923805222528 -10.183292276829338 0.7280167163497002 0.05022825621968812 0.6837168880410441 77.83228126081431
0.6774531937047119 -0.1353945415263183 -0.7229975715479025 -41.96678931584327 0.05454122433654245 0.9894538213320109 -0.1341878917762416 -10.364912018359254 0.7335410180672635 0.05147284309574757 0.6776932353480324 78.623106983989
0.6729579738425427 -0.13533640174597655 -0.7271943507785187 -42.840102868371446 0.052971707644794294 0.9894127435896888 -0.13511632400091134 -10.54809320645996 0.7377815148341235 0.05240688108232014 0.6730021955270945 79.42224588667177
0.6663042484939968 -0.13657344079111294 -0.733066397885844 -43.69874464083323 0.05313857234645951 0.989281571708148 -0.13600832330279106 -10.729217754477713 0.7437842029566306 0.05166882182837937 0.6664198318500411 80.19791258779487
0.6603011650133855 -0.13893263051704857 -0.7380380042108803 -44.5387017145805 0.0556399804265289 0.989088398198683 -0.13641236427428113 -10.905619151242405 0.7489369559983681 0.04900882294421035 0.6608264304743885 80.95826713128903
0.655083974725242 -0.1409801938188176 -0.742286717521597 -45.445677181302926 0.05753073418397636 0.9888927290921807 -0.1370451931768195 -11.0973911386283 0.753362595754814 0.047071810029228195 0.6559184736063935 81.76242956137682
0.6498750310387029 -0.14568909815903888 -0.7459471366726003 -46.35176656941529 0.060456237456879745 0.9882553664815945 -0.14034377069498633 -11.287675752763164 0.7576328183130681 0.0461087551115346 0.6510503016795725 82.55689268536426
0.6461080601791973 -0.14836718727280082 -0.7486865514434142 -47.235450936862634 0.062255811683726986 0.987900356964903 -0.14204611441436055 -11.478977407635188 0.7607026938844603 0.04516705048345464 0.6475271029598298 83.32493574016453
0.640291086673352 -0.15145885628828376 -0.7530521490431477 -48.20303324189543 0.06528051324979005 0.987550461963772 -0.14311722350920716 -11.684981925990693 0.765353368658231 0.04247705176898919 0.6422070703102797 84.15713210653942
0.6315984654596394 -0.15453777032179405 -0.759737754737118 -49.149392980828694 0.06798323252958227 0.9871976429557403 -0.14428823180515943 -11.887792508623887 0.7723093023678127 0.03948279735022721 0.6340184935706082 84.95792595125545
0.6225292577084213 -0.15526520156335677 -0.767039790676137 -50.12214967932467 0.06922476407456224 0.9872046646451663 -0.1436484672443315 -12.0927609238334 0.7795288675448928 0.03632722513920898 0.6253119840350592 85.75717442833708
0.6123262788928457 -0.15423484628156925 -0.7754148182551981 -51.0959959802108 0.06823963506310445 0.9874367621985157 -0.14252014898029863 -12.295430306475305 0.787654670768666 0.03435480827210209 0.6151584078632851 86.53243162098839
0.6031013501943772 -0.15400446679466723 -0.7826566204926715 -52.01586189269623 0.06741452048503656 0.9875156114238747 -0.14236642729907745 -12.485481372286133 0.7948106968464201 0.03309896375147056 0.6059541358692809 87.24519451927313
0.5940226142963837 -0.15493646021213958 -0.7893869944465908 -53.02817975785259 0.06494927842320924 0.9873110082773124 -0.14490881328180566 -12.689966254101286 0.8018221279914857 0.034808996414272764 0.5965480775527123 88.01045162907707
0.5825012609244482 -0.15693733956837524 -0.7975355493460015 -54.03253425741222 0.06433797818936968 0.9870075323876017 -0.14723028075990854 -12.894039393566423 0.8102795231177522 0.034449999409837236 0.585030163287954 88.75303650908369
0.5721419293617884 -0.15832640342697718 -0.8047275083182187 -55.01198224221094 0.06271883846683883 0.986763044237702 -0.14954946281452777 -13.092020159097268 0.8177529944717666 0.03509194358569087 0.5744985600746426 89.4504744817675
0.5626037957372445 -0.1598574471202235 -0.8111242602846065 -56.06308907820952 0.06429866153675234 0.9866164453108148 -0.14984549364873917 -13.309726881818115 0.8242224524645196 0.03214943922461329 0.5653527769551644 90.19090065302252
0.5508677308269126 -0.16060772798427247 -0.8189932239312716 -57.10219786680151 0.06537817444141866 0.9865977280765683 -0.1495012282921492 -13.52349201625058 0.8320279066475569 0.028811120524613924 0.5539850917613223 90.90041935876648
0.5402981573541883 -0.1616758291574137 -0.8257958751567676 -58.08854909369992 0.06432167475692954 0.9864325611031657 -0.15104146633263654 -13.724911761118134 0.839011694385801 0.02849085224615061 0.5433669552173332 91.55123737712555
0.5304602661775801 -0.1624555146155972 -0.831997663324719 -59.14700281992748 0.06276579616858499 0.9862981182604467 -0.15256630279070804 -13.94053766592768 0.8453829669671225 0.02870936583910995 0.533388612059708 92.23264105705073
0.5201480626968082 -0.16340084114345746 -0.8382995633938789 -60.218166924280155 0.06118458748473638 0.9861351044026482 -0.1542530457368709 -14.159822532559868 0.851881704890462 0.028943409930226455 0.5229338771723735 92.90380548166705
0.5104488920193031 -0.16343367628032587 -0.8442341867596715 -61.340960592320265 0.05703970151647935 0.9860455831664274 -0.15639878634085153 -14.38905350000936 0.8580142196299413 0.03167872117807203 0.5126480835206011 93.5815087795485
0.5018517893726 -0.16357643742734956 -0.8493453541534776 -62.44480600934392 0.055453321128900515 0.9860193454310274 -0.15713299975353262 -14.614451848203085 0.8631742064492515 0.031758456422582126 0.5039064295743412 94.23465439288465
0.4930243648780944 -0.16249666237979743 -0.8547056863926773 -63.477602730046975 0.05427363732334413 0.9862338603583549 -0.15619585453638307 -14.824167965621397 0.8683209936010102 0.030620375537915426 0.4950566075447042 94.83046242758302
0.48388273929465636 -0.16114747805697874 -0.8601679980844296 -64.57475916392254 0.05387526813140656 0.986520947078781 -0.15451173566611026 -15.044692566021638 0.8734729246499108 0.02842378037243544 0.486042321833059 95.45232083767638
0.4761988718465149 -0.16119824393686777 -0.8644360939964137 -65.69439795907834 0.05219001170872327 0.9865018546739135 -0.15521048096946333 -15.266028831379543 0.8777874669474097 0.02879612606929756 0.4781840085087029 96.06906096858313
0.469130734691417 -0.1629784170614403 -0.8679599007673332 -66.77209991376007 0.051858519230683915 0.9862117023659792 -0.15715333944780963 -15.48346263211674 0.8816048138202811 0.0287143463889553 0.4711140398675919 96.65212196432378
0.4624039734391371 -0.16525305303665921 -0.8711337404840667 -67.91016803320976 0.051239954328077195 0.9858170673162141 -0.15980981468143887 -15.71460893133831 0.8851875690655369 0.029259840227218836 0.4643132879013083 97.26037294595133
0.4560377369215796 -0.16746565882379005 -0.874062260721831 -69.05997306783803 0.05108854505465458 0.9854426546058022 -0.16215034704763398 -15.945590613920132 0.8884928491933083 0.02929210812119125 0.4579546149283505 97.8604122757443
0.4512068276636685 -0.16963992830962527 -0.8761476436039729 -70.22098221194706 0.05025179153208391 0.9850386382763039 -0.16484428576866478 -16.184129103048598 0.8910034546046973 0.03035087850244904 0.4529808694157238 98.4586668481533
0.4454633338235021 -0.1703400716016668 -0.8789463454759854 -71.32916351251959 0.05025450004990275 0.9849432322704165 -0.16541255825794793 -16.414961696470716 0.8938886415228608 0.02951422049527498 0.447316451010882 99.02206574883799
0.4410895403819465 -0.16912085723727815 -0.881384225529917 -72.40597166217847 0.05180521721666627 0.9852445755314672 -0.1631237133434419 -16.636287494011842 0.8959666493987247 0.026291862489134663 0.44334241973002675 99.56259222386531
0.4372202918108627 -0.1675643176997334 -0.883606595642341 -73.55556289428361 0.05328160075824891 0.9855902138333716 -0.16053971912435822 -16.869083745220614 0.8977747420424921 0.02311124898641513 0.43984813597516276 100.13491833084956
0.4336430777103715 -0.16778545571206735 -0.8853257716825884 -74.65089101647213 0.05456436308142138 0.9855976429158322 -0.16006253952838087 -17.09354114196725 0.8994311599201996 0.02110277541579675 0.4365527017833642 100.67388940273612
0.4310323592764574 -0.16731111006358834 -0.8866894031767047 -75.73953644371312 0.05451303603290348 0.9856928572159791 -0.1594926961834769 -17.313525467314832 0.9006883113258695 0.02041038173796189 0.4339861543393572 101.20121040168145
0.4288778061720282 -0.16783968376647918 -0.887633746500344 -76.84579229307386 0.056335177471212625 0.985645321475396 -0.1591529077112661 -17.536235737056828 0.901604223122516 0.01825214526657283 0.43217668150978805 101.73983458123672
0.425683178038461 -0.16819457585298894 -0.889103152951731 -77.99828921573707 0.057899839459142316 0.98562247999003 -0.15873227626701675 -17.764681637050007 0.9030179624601504 0.01609073000010018 0.429301348568092 102.29823143009838
0.42383904062730005 -0.16905751702298122 -0.8898202198074365 -79.15130359747012 0.058087727359146614 0.9854772581035844 -0.15956312133726602 -17.993708729336085 0.903872935522676 0.015941445940253998 0.4275039025914905 102.84678371861496
0.4211847684246194 -0.1688294159448882 -0.8911228978983807 -80.29261393518468 0.05992982825061888 0.9855554315971684 -0.158394781906383 -18.22225435869777 0.9049927107623306 0.013308627315664304 0.42521885412810856 103.39135343020303
0.4184091715738085 -0.169326100614909 -0.8923353835825791 -81.36730970487585 0.0639526609134036 0.9855222760357174 -0.15702197489356126 -18.438094002037413 0.9060043169350873 0.00863221222680971 0.423180413780053 103.90667183960171
0.4164998820830945 -0.17002483268672527 -0.893095406154695 -82.44159027175867 0.06569766015557071 0.9854169978544118 -0.15696228142353671 -18.65029968156871 0.9067588795676895 0.00670049322434399 0.42159629708489976 104.4137996380417
0.4137182139021446 -0.1707641338826925 -0.8942465264483355 -83.51461594300355 0.06633562820976902 0.9852947233285387 -0.15746076530664366 -18.863703777455473 0.9079850350725143 0.005823981475975223 0.4189621191994962 104.91839779339435
0.41207120408149067 -0.17272476347744753 -0.8946303587786918 -84.56005729048458 0.06836051082853145 0.9849610505375964 -0.15867756452358722 -19.07273624988128 0.9085836028270008 0.0042290667451292535 0.4176816391324528 105.40778587334106
0.41273283553048357 -0.17453890517973492 -0.893973029265216 -85.62103277887142 0.06911857215590557 0.9846405220226098 -0.16032986426168983 -19.28448802838195 0.9082258691856867 0.004383260168243475 0.41845735454428545 105.90087945369828
0.4138434975072561 -0.17562829561222082 -0.8932459131455951 -86.70735569067082 0.06914918909071234 0.9844434561088702 -0.1615223556431734 -19.501884377921545 0.907717989917055 0.005077746032371003 0.4195500771971948 106.40447731541477
0.41681336866661045 -0.17656080691812226 -0.8916798176258189 -87.80009851122442 0.06871841183700238 0.9842678029441523 -0.16277184019999047 -19.72321298606938 0.9063908624734653 0.0065706581034670475 0.42238895685930866 106.9131856986268
0.42023861591440836 -0.1777745366851708 -0.8898290396479065 -88.86433270285418 0.06863017377762345 0.9840393124880972 -0.16418444117883582 -19.939387106132195 0.9048145693685508 0.007927520692262935 0.4257320160313036 107.41388723163239
0.42531526816784415 -0.1791157109442671 -0.8871440045202609 -89.84255520967982 0.06922519361107266 0.9837872903761229 -0.16544013982076922 -20.142725925379278 0.9023939246431264 0.008951501959778702 0.4308190749953392 107.88031002087807
0.43056247479321674 -0.17930575052945943 -0.8845707451227448 -90.87965889391916 0.06881726610165931 0.9837367085226147 -0.16591043424506324 -20.359673044454595 0.8999334081954254 0.010561066809716718 0.43589944331417385 108.3783735333435
0.43666127853063813 -0.17784676319253023 -0.8818715647155931 -91.87895449569436 0.06816523835774153 0.983987443606678 -0.1646882239385294 -20.569793976943277 0.8970398141173116 0.011799985014185388 0.44179218218755784 108.86683421433732
0.4445045539939094 -0.17707572711913608 -0.8781001584921306 -92.85978706503448 0.06880690187005839 0.9841202101844335 -0.1636246380029326 -20.774992416933703 0.8931300642872346 0.01231254530045768 0.4496299472838796 109.35903344432964
0.45291060138197464 -0.17701183272946697 -0.8738070715149732 -93.87739215989994 0.06960938369612316 0.984121196931501 -0.16327891306459535 -20.98967609793311 0.8888343607541643 0.01312557899160953 0.45804060771821425 109.88336959337465
0.45956236269211276 -0.17631684957964414 -0.8704681518304689 -94.90093495764907 0.07026909160155742 0.984242205728288 -0.16226378286175397 -21.20184144100245 0.8853613327689069 0.01340332113409401 0.46471029837979855 110.4196335764468
0.4679492775743691 -0.17753337700649263 -0.8657397840380774 -95.89998157369894 0.07160180493761051 0.984010490402442 -0.1630844453270209 -21.413617214424523 0.8808499617683494 0.014326717230972646 0.4731787083397575 110.9533351731925
0.4774798323212254 -0.17962007701652608 -0.8600869942389965 -96.9032815978645 0.07289125934047422 0.9836048338639043 -0.16494967448079662 -21.627667878952774 0.8756139983110446 0.016067318760087837 0.48274420476025137 111.5043265726965
0.48770115810949305 -0.18039684667047473 -0.8541689283098566 -97.83463131085243 0.07234947571314891 0.9834036387897149 -0.16638159928063237 -21.82869579881909 0.8700075480952405 0.019345824523593597 0.49265871080374757 112.02501914473176
0.49864466811443386 -0.17974086817418444 -0.8479662229529172 -98.77998272364766 0.07261390649574723 0.9834880096830331 -0.16576656898522413 -22.034101880464792 0.8637596399140637 0.02108447575105042 0.5034627387779859 112.57098229101996
0.5101079434617972 -0.17831262987326618 -0.8414240857289834 -99.69455887681983 0.07346007956490797 0.9837320608576562 -0.1639355030219692 -22.233165350159872 0.856967620582886 0.021813722021430892 0.5149083984594526 113.11901945480365
0.521775431633465 -0.17787389981904958 -0.8343328320921299 -100.63783440024831 0.0754967820798497 0.9838114916172209 -0.16252748954403656 -22.436906127178595 0.8497356264387761 0.02181340700261976 0.5267575727368701 113.70027101969349
0.5309609498126846 -0.17753886208616948 -0.8285894171561449 -101.58744330095954 0.07708895142358463 0.9838716762957875 -0.16141195169915157 -22.645875442468416 0.8438825530501409 0.021828353856054347 0.5360837244549688 114.30453886864679
0.5435812674335567 -0.17804638586028057 -0.8202553810719077 -102.49595232336773 0.0791057780197634 0.9837604265785578 -0.1611139316814725 -22.842931793495072 0.8356205368342836 0.022691575090027505 0.5488382374076333 114.90169237301838
