1.0 0.0 0.0 0.0 0.0 1.0 0.0 0.0 0.0 0.0 1.0 0.0
0.9999285862678717 -0.002685711890767128 0.011645141303366361 0.020462650805711746 0.0026640424400808035 0.9999946918723771 0.0018759277563878964 -0.012691272422671318 -0.011650117690951686 -0.0018447706387327036 0.9999304333697808 0.32430821657180786
0.999775154453541 -0.005960523154021797 0.02034975924006709 0.04284592978536654 0.005915344823458102 0.9999799059376904 0.002279564973330394 -0.0196758679729439 -0.020362937730541566 -0.0021586765803189275 0.999790323459076 0.6402927060097706
0.9996296513200031 -0.00952787889713478 0.025490777264934025 0.06196900407170157 0.009503981015330603 0.9999542759148236 0.0010585010728093509 -0.027843259025108476 -0.025499696992497364 -0.0008158451951423068 0.999674496948836 0.9570679001264365
0.999529155932685 -0.012255554377483959 0.028129483240807895 0.08192184566804646 0.012254425948592634 0.9999248891210312 0.00021251109147136528 -0.0390895834283096 -0.02812997485183408 0.00013229963746195047 0.9996042652028058 1.2702834886868946
0.9995077679883958 -0.015137535300005068 0.02747866000911629 0.09639216126654251 0.015170539392744582 0.9998844276701229 -0.0009929941209385464 -0.04576382297985224 -0.027460452752798726 0.0014093714315730193 0.9996218971224967 1.596631762995861
0.9996249316147972 -0.017350506586584987 0.02118858219186039 0.10549637583188684 0.017410720779393377 0.9998448818460594 -0.002660648075535214 -0.05725333525383157 -0.02113913186614701 0.003028558638811638 0.999771956466332 1.9350860330290147
0.9998288373088181 -0.0177700758715473 0.005149804774630166 0.09866128163557136 0.017793557871609186 0.9998313272991588 -0.0045504120112927725 -0.06618597318176385 -0.005068074976462549 0.004641266499811803 0.9999763863518534 2.2836076804964653
0.9997911005603632 -0.016177792261517332 -0.012491368133279893 0.08071085357781327 0.016120781999544746 0.9998592331812584 -0.004651258959624257 -0.07966410703656357 0.01256485686432936 0.0044489166916813205 0.9999111618100129 2.675386695149188
0.9993988386081206 -0.015217751838762708 -0.03115094569533402 0.0530525509813263 0.015043482860014524 0.9998698957687404 -0.0058210960178235 -0.08757422879162345 0.031235476820120164 0.005348977881998161 0.9994977405794561 3.0373651893639466
0.9986016279756522 -0.01727326663720652 -0.04996421583550888 0.028845508066809605 0.016944295807152204 0.9998319295275316 -0.00700025262780067 -0.10035225961606813 0.050076735556314686 0.006143855217473325 0.9987264758676871 3.411080856002536
0.9973828053570922 -0.019876043068988096 -0.06951605922329501 -0.006709101228597712 0.01946175275654169 0.9997886066696468 -0.006631904191849456 -0.11483987406316085 0.06963318000536936 0.005261642850513391 0.9975587879202177 3.831960463005045
0.995759305551794 -0.022632909046541423 -0.0891692594737681 -0.049462340897641344 0.02207102271516203 0.9997298815751445 -0.007282433800218958 -0.13003158426960015 0.08930999587569131 0.0052834944722932285 0.9959898640663194 4.215652098921711
0.9941881800837299 -0.023983901146599394 -0.1049506315730946 -0.09668918360681952 0.02333415316619722 0.9997002252047996 -0.007414649114393193 -0.14308740299086525 0.10509700223040495 0.004922622396982285 0.9944497915485322 4.628046586064
0.992610748502962 -0.024275784300682567 -0.11888897448029585 -0.15498427276137694 0.023694466910855267 0.9996993904407221 -0.006300872182426439 -0.15602110627980106 0.11900619393208108 0.0034373025813309124 0.9928875619911676 5.059035446221463
0.9906899928096343 -0.02565420517765059 -0.13369816716600985 -0.2194497150746453 0.024868976700382513 0.999662283563554 -0.0075400807937890165 -0.16946157446351442 0.1338464498771751 0.004144945983247555 0.9909934143464695 5.475661749094742
0.9888426958714281 -0.027695048072846895 -0.14636634563303474 -0.2860003550887575 0.026749389656009273 0.9996066628284745 -0.008425543421716917 -0.18505824487913358 0.14654212013874124 0.0044163266594481575 0.989194572914793 5.910103036878317
0.9871791831342692 -0.0321035474688779 -0.15635415768782984 -0.3503962566225139 0.030625067233458862 0.9994606196614054 -0.011856432979014703 -0.20173102568916657 0.15665045688826884 0.006916067231689325 0.9876298913918835 6.336978505672149
0.9857811074294677 -0.03208394999967332 -0.16494310651722008 -0.4329331050862049 0.03020566291079655 0.9994472756309787 -0.013883845358331065 -0.21924102980067683 0.1652973870430258 0.008704216577796312 0.9862053591674075 6.80304968577188
0.9845944085005968 -0.032251938330065094 -0.17185360986407622 -0.518712033616093 0.029925008239071963 0.9994222439420227 -0.016114347513439875 -0.23365695882879875 0.17227403934212465 0.010723375767271654 0.984990692636688 7.264092868591508
0.9834630375524188 -0.03342228469821241 -0.17799832767113757 -0.6085664643363152 0.030301248942270726 0.9993361801712946 -0.020224572014870917 -0.25085771389358974 0.17855612025553355 0.014496547388871576 0.9838229322561525 7.726974850965719
0.9821693353757847 -0.03747811504339671 -0.18422482878342877 -0.6987371659459938 0.03386357741186109 0.9991679891659317 -0.02272856244859621 -0.27221889429212937 0.1849233754081961 0.01608478532349026 0.982621302897885 8.224832437489614
0.9806427369952335 -0.04215684347731719 -0.19121355319779595 -0.7898192354824083 0.03814718058321984 0.9989691848427394 -0.02460407178058031 -0.2948844769322193 0.19205367737184462 0.016833546348340025 0.981240040319029 8.718684458828557
0.9792024709486928 -0.0432061087602363 -0.19823156422167745 -0.894707298577218 0.0383651270185066 0.99886583112896 -0.028198731033613405 -0.3181419487763037 0.1992250935922186 0.020007087965289928 0.9797494978382592 9.242426536105606
0.9774797413713537 -0.04177241175491349 -0.20685362173471722 -1.0150348132647762 0.03569849813508279 0.9988172458411759 -0.03301100787839737 -0.3394183461701762 0.20798791416688373 0.02488322781365166 0.9778148355052111 9.764575727715282
0.9757805100809586 -0.040990671018819334 -0.21487708355143728 -1.142804765361023 0.03359825683614647 0.9987148488987234 -0.03794479841522793 -0.3659224707418806 0.2161563167795861 0.029806299311166958 0.9759036997766001 10.310734331494288
0.9734224507898929 -0.04403961507822921 -0.224742618570578 -1.2731643558312435 0.03583283899593776 0.9985381308680211 -0.04046738009916277 -0.39544926575424794 0.22619624211664105 0.03133869024640819 0.973577498993249 10.872230406137295
0.9713832987876813 -0.046174936945950464 -0.23298575500317648 -1.4045687102074575 0.037057572154432956 0.9983719251653801 -0.04336168109739264 -0.4259877909545868 0.23460865964917338 0.03348692639837945 0.9715129451417558 11.408686142298766
0.9692351972677574 -0.0459959422478274 -0.24180054936675782 -1.546921746664251 0.035332658324543444 0.9982099537614001 -0.04825444505312096 -0.45341278230991733 0.24358722387073678 0.03822645037664529 0.9691253803603275 11.956401455885835
0.9672633779370503 -0.04449406011921692 -0.2498436237247504 -1.7039385979994572 0.032202031137224287 0.9980711885808025 -0.05307477475733254 -0.48901690728454583 0.2517232347091631 0.0432918137644042 0.9668305083976942 12.531879730597987
0.9660479800390236 -0.045890601572432035 -0.2542545042862419 -1.8634426179192523 0.03150248618664858 0.9976784048212839 -0.06037709762251265 -0.525037475671723 0.2564349695860187 0.050317524189676756 0.965250875748289 13.109331301506359
0.9642096266003549 -0.049639230052339486 -0.26045295700186516 -2.0324106762512932 0.032747137143489743 0.9970926958089905 -0.06880247795876107 -0.5712928074336803 0.26311104305997873 0.057810922879428635 0.963031918586149 13.724949996796056
0.963434733298674 -0.05136422860257365 -0.26297382130884367 -2.1962788238961553 0.03175442123442666 0.996425052649283 -0.07828646872187088 -0.6150414871629711 0.2660548278189661 0.06707332161848277 0.9616215462027066 14.293876454297672
0.9632244274807782 -0.05420326567071605 -0.26317429261794706 -2.3759315744288396 0.03204598894211916 0.9956252210759218 -0.0877694351710411 -0.6665571644222139 0.2667803532815875 0.07610798347185257 0.9607475308085884 14.918850407400807
0.9631063705708484 -0.054278362087546744 -0.263590550617698 -2.5555133014419438 0.02972078533300876 0.9949107060822614 -0.09627752511404519 -0.7267966441131879 0.2674748472006989 0.08489137960941356 0.959818034724798 15.537222117329772
0.9629205134834432 -0.054122232639180805 -0.26430071631937113 -2.744826992883296 0.027975105893908288 0.994420504317557 -0.10171162196642217 -0.7977825428746838 0.2683309116799757 0.09054636672427085 0.9590619778252223 16.204590066574863
0.962730766022816 -0.05392531235100104 -0.26503119220380245 -2.9306762940935016 0.026191567139895774 0.9939046932542042 -0.10708623878922342 -0.8655534336568955 0.26919040466531907 0.09615363443527876 0.958275015129273 16.853994625931374
0.9629087503246604 -0.05377484961541198 -0.26441445515901835 -3.1155735125898003 0.024613326383112068 0.9933593625015148 -0.11238932820754098 -0.9375753324891456 0.2687022938356855 0.10171254828890973 0.9578380002944219 17.491718442475364
0.9628292077885562 -0.051653412701556475 -0.26512608620342126 -3.3112179019270624 0.02101568501894671 0.992895232189722 -0.11712129984807376 -1.0104430385659953 0.26929214175769356 0.1071960020299296 0.9570740616777541 18.149433804482996
0.9631348794988439 -0.049564134384108754 -0.26441369192139336 -3.522467914562129 0.018278934038973637 0.9926667615135957 -0.11949301718723648 -1.09440340282669 0.26839725122129393 0.11025469227594964 0.9569779612760105 18.868968367325188
0.9629462807670212 -0.048346226173853195 -0.26532452350227287 -3.734467466711553 0.01681511720695488 0.9926497503630463 -0.11984875859807056 -1.1802683930455293 0.26916855720956323 0.11094645338598641 0.9566813326760346 19.590854393238704
0.9626366100251154 -0.0462443581289595 -0.2668186957103915 -3.9444816759521544 0.014709229098418528 0.9927854466989424 -0.11899872017005723 -1.2663574067588426 0.2703967374409022 0.11062782725888586 0.956371835750768 20.310257035367687
0.9617280615625793 -0.04756502151758337 -0.2698457046742005 -4.152653275150156 0.01591435789910508 0.9928516960109124 -0.11828881156269352 -1.3538242372158935 0.27354317541430856 0.10946724832700899 0.9556103037996033 21.045569875903997
0.9609314698672365 -0.046126044624437534 -0.2729159178686669 -4.3717839404595935 0.014561475994082949 0.99307561420973 -0.11657095641214203 -1.4400723059471525 0.27640309990241846 0.10804264190250147 0.9549492729433652 21.773883962274557
0.9580601226388693 -0.046341761196854736 -0.28279540763309546 -4.628235910965344 0.013952452972475646 0.9932107274450739 -0.11548930662220819 -1.5429663110954377 0.2862274104016696 0.10670000964011792 0.9522021725860288 22.622942806719625
0.9554028928941203 -0.04489987947420274 -0.2918720834076947 -4.872390777319716 0.01304814326433603 0.9938267566649586 -0.11017315323690571 -1.6352324133873914 0.29501704731574346 0.10145136056264309 0.9500908184132131 23.400969101469347
0.9540100161150382 -0.044458803932642336 -0.2964596159767186 -5.0783971872221905 0.01322070200535874 0.99421896639672 -0.10655449261069819 -1.7062294645216698 0.29948305826986293 0.0977346489732106 0.9490826287523195 24.053670782792985
0.9513811526261049 -0.04302300940930741 -0.3049965952091774 -5.329618436892763 0.011957096858522535 0.9946092550715159 -0.10300222114498417 -1.79402971123695 0.3077839018898488 0.09434749804552828 0.9467669297931826 24.814214950949427
0.9484133284083245 -0.04130384247664679 -0.3143344573763875 -5.59618530040294 0.009512356701645644 0.9947380235019934 -0.10200872349622023 -1.8852403357281695 0.31689378909569094 0.09375637149555224 0.9438156966466301 25.597783765093876
0.9458285559256889 -0.04186849933549924 -0.3219555428299374 -5.873579683570338 0.009526452682310917 0.994801965657211 -0.10138193046022201 -1.9740907386630628 0.32452671614956147 0.09282283063957325 0.9413109648873954 26.401042434813146
0.9432298827617539 -0.04131563373485854 -0.32956093013938287 -6.153966894548743 0.008044158855945619 0.994783743010095 -0.1016887218482256 -2.060850755133845 0.3320431896207909 0.09326480071234004 0.9386421028137077 27.181772998542527
0.9398176428095207 -0.04305415521630666 -0.338953002616242 -6.443304670862108 0.008925210861795603 0.9947841202594615 -0.10161148896990733 -2.147151616994312 0.34155986133477173 0.09247104302547522 0.9352999344203721 27.981019956400228
0.9371249492248157 -0.04333692698388565 -0.34629285337699395 -6.7387246911451735 0.008745202709939514 0.9948645553395183 -0.10083668954633887 -2.236510733189003 0.3488844378443225 0.09146817637132612 0.9326913861194148 28.771385499568257
0.9344379489096787 -0.04356687889521482 -0.3534510527651637 -7.054090312530459 0.009661932903276934 0.9952248963245613 -0.09712905223638782 -2.3298968961877815 0.3559948970000068 0.08734605199490167 0.9303968510860614 29.600541278283856
0.9312014056457082 -0.043248959637229016 -0.3619301999194802 -7.38042309826936 0.009966079893243475 0.9955856934862456 -0.09332633163836053 -2.4189135638095056 0.3643687958305693 0.08329858591722371 0.9275218198021932 30.427862031867203
0.9288677361015008 -0.043852943995099584 -0.36780653628318716 -7.705675330910449 0.011433796763516205 0.9958885124966586 -0.0898628898309165 -2.509186184841007 0.3702350565806045 0.07926531385262717 0.9255501136613842 31.25016087372875
0.9263156575802215 -0.04475594192259414 -0.37408048356515927 -8.069382056096817 0.012634407619206922 0.9960505780740377 -0.08788411496105027 -2.6053050523825023 0.37653641824640777 0.0766821464292488 0.9232227110254435 32.14407987247626
0.9245293426056864 -0.046869699074384735 -0.3782178287307118 -8.418315743751533 0.01497282134081724 0.9961097212103879 -0.08684030130797211 -2.693492097865265 0.3808166347235811 0.07462341870244242 0.9216344373443122 32.995033430378484
0.9226045281331665 -0.04755798871387383 -0.38280428730314436 -8.778900424985682 0.015682590242813547 0.9961748401087229 -0.08596362194344895 -2.7791099891938313 0.3854282566593337 0.07330706407878615 0.919821250746413 33.86279481621996
0.9203064718784942 -0.05028438629858392 -0.387952933115775 -9.141777572496386 0.01829782767579261 0.9961521242908081 -0.0857095955728258 -2.867727929452686 0.3907699928614084 0.07178039959128917 0.9176853419956155 34.73207380032942
0.9188899252255929 -0.051978040015152126 -0.39107491440271064 -9.504076032020874 0.019751373480620303 0.9961007503530487 -0.085983593735796 -2.9519348653343824 0.39401927435664014 0.0712851913252438 0.9163335816901997 35.584731030685
0.9181209257870451 -0.05368683318566091 -0.39264702924437644 -9.87861224717465 0.020786122181595573 0.9959413320612565 -0.08757168615883751 -3.0395171044540312 0.395754851842136 0.07223978844477033 0.9155105188958037 36.452160849450706
0.9168814116069244 -0.05366391076884064 -0.3955359171183922 -10.279388578346403 0.020204367066295702 0.9958906647125954 -0.08828118423398867 -3.1265311844385613 0.3986480410100419 0.07295182396142658 0.9141978838192293 37.3637783455235
0.9165235557694018 -0.05175415629952377 -0.3966183039466745 -10.693524532683096 0.018327807734818853 0.9959860525037416 -0.08761206926930475 -3.2213247310090543 0.3995605876252658 0.07302938123617374 0.9137932185635949 38.29621865513924
0.9161559634392158 -0.05052393537976468 -0.3976249270462099 -11.113702827222157 0.01759359906700305 0.9961366290839601 -0.08603651241836105 -3.314847004935516 0.40043565766129263 0.07182721038009626 0.9135054109978669 39.23970346070113
0.9160601079177808 -0.051162387333768974 -0.3977641120110929 -11.512696802393222 0.017851974855564706 0.9960480739402221 -0.08700311140258168 -3.408854175334067 0.4006434645360138 0.07259920469456363 0.9133532557572107 40.14322143399712
0.9161653729272404 -0.05320194881207886 -0.3972537754278589 -11.926994683443047 0.020120930015468923 0.9960063474774994 -0.08698565375878678 -3.505923657267121 0.40029508818420867 0.07170012850147395 0.9135769994633561 41.091683608532
0.9152835705794499 -0.05633913784969244 -0.39885070762590713 -12.345033968907666 0.022869699112496145 0.9958415571005721 -0.08818486272604956 -3.6057043140611778 0.40216036887022744 0.07159256035274661 0.9127658752452905 42.049247133970084
0.9150990643017906 -0.05604804399279435 -0.3993148122453881 -12.77997149595781 0.023427188100741708 0.9960098959635659 -0.08611303037484765 -3.7102683843475472 0.40254797151604205 0.06944713030232967 0.9127607719008806 43.03591627860797
0.9136002131325531 -0.05566027948540042 -0.40278602737900493 -13.21325927485953 0.02392076011043193 0.9962281826545861 -0.08340986344839307 -3.8122691715956014 0.4059094083658231 0.06656832108704203 0.9114857161951359 44.00814439347385
0.9120672726506394 -0.055410101330677294 -0.4062794737986997 -13.650761336753279 0.02585639492891514 0.9966275017094651 -0.07787855723901213 -3.9098482639852494 0.4092245557159348 0.06052556077290149 0.9104240327958295 44.985770770673106
0.910150462604582 -0.05700839675158353 -0.41033666436291033 -14.097841070148377 0.027723050439742387 0.9966476209223969 -0.0769737109930532 -4.008204974692477 0.4133492081702603 0.05868187462531016 0.9086797398949085 45.978766481709926
0.9066364360278029 -0.059403310874756844 -0.4177099705823657 -14.557364356057597 0.028639164958796322 0.9964200541603555 -0.07954164882334956 -4.1072941552194395 0.4209396288035455 0.0601524922525344 0.9050919879098158 46.977002782637356
0.9025295346544333 -0.06241573607238913 -0.4260806437365984 -15.014345649291116 0.029598766504112688 0.9960916128706934 -0.08321905905558005 -4.202162503606697 0.42960953445877714 0.062496197157930866 0.9008495286355597 47.9403088839208
0.8973900428229544 -0.0629849761716484 -0.43671959404047 -15.490675476923702 0.029275599779321666 0.9960776125180104 -0.0835004736392636 -4.29798256234058 0.4402658859141565 0.06214726556395911 0.8957140543070348 48.91160295869452
0.8923526681757765 -0.06244989150118287 -0.44699745709686495 -15.98752889715814 0.03017172367059618 0.9964197466899772 -0.07897693015702406 -4.3978303872863345 0.45032919369092467 0.05698859059296657 0.8910420404514646 49.908929727919045
0.8879306317626579 -0.06050271134639034 -0.45598093720823774 -16.508222291498292 0.028920487958226805 0.9966935469708871 -0.07593140853988171 -4.49894409460725 0.45906731375020104 0.05423463235173383 0.8867444987705574 50.91341962018145
0.8844976836295297 -0.06135527051122227 -0.46249257122087 -17.013202145756726 0.02821747780470952 0.9965353085286328 -0.07823779650580591 -4.59584787624627 0.46569047832260596 0.05615077591839589 0.8831644630324667 51.870506220882056
0.8828880720053045 -0.06519461221118296 -0.4650358210389712 -17.503603861538213 0.029483483622595074 0.9960577186007205 -0.08366448116975517 -4.6884710867704475 0.4686569923774025 0.060155496461766676 0.8813296430628019 52.796478897061654
0.8817656798642273 -0.06757153145735467 -0.46682263650136435 -17.998297175755603 0.028093155996915604 0.9954522472512357 -0.09102526038742123 -4.782755137590358 0.4708503588187124 0.06714842946020855 0.8796539251440406 53.71515293258285
0.8797057817474598 -0.06743153282370007 -0.4707129974210794 -18.49579134033741 0.026949621471186545 0.9953733704253701 -0.0922256545143424 -4.879117199739179 0.47475409999561946 0.06844590439964503 0.8774529632454746 54.632871060161754
0.8779781963092519 -0.06660427778476342 -0.4740444673090521 -19.01122711661976 0.027384293283182187 0.9956398037330503 -0.08917108109580162 -4.9843833729896705 0.4779167158479954 0.06530889222137697 0.8759739501320135 55.57989811835695
0.8753929809179317 -0.06627159085712665 -0.4788477891824114 -19.53136456158633 0.028991768557882384 0.9959727059574632 -0.08484012225153051 -5.088525303308273 0.48254181820387715 0.06038580324077892 0.8737888466050949 56.52840360482244
0.8732465535335515 -0.0659154822906389 -0.48279975759746047 -20.03454937469524 0.029620026037724238 0.996156695052286 -0.08242871441452626 -5.183389960959831 0.4863775393655619 0.05768004938364271 0.8718428190355196 57.43326926370374
0.871456063984627 -0.0666898841822646 -0.4859184992281913 -20.553633469073436 0.02939149155505116 0.996033103458826 -0.0839892673997636 -5.280363044357394 0.48959214532975404 0.05891108691864182 0.8699592031063716 58.35345276804364
0.8681179584556571 -0.0685302705405024 -0.491604324865463 -21.094433649835125 0.030034609044459572 0.995860731268795 -0.08578651511937872 -5.382903364020407 0.4954484155452802 0.05970767066656073 0.8665828648186191 59.301835931123996
0.8653350940978837 -0.07136349162193209 -0.49608711632749897 -21.616279781557214 0.030674762609356858 0.9954964986430158 -0.08969827271668032 -5.483656555752314 0.5002541692594542 0.06240170873479975 0.8636271144918453 60.20698403576906
0.8629503026162735 -0.07373954723628198 -0.49987923980484567 -22.157075344916137 0.032095113528779355 0.9952955903049312 -0.09141439496673186 -5.588581214409893 0.5042684591584695 0.06284239884780836 0.861257309986392 61.136762730613206
0.859773257003988 -0.07430423041200664 -0.5052413560701797 -22.709349938088714 0.03239516927976335 0.9953010805142309 -0.09124862812415362 -5.6982389739696035 0.5096474267060417 0.06208575094241859 0.8581403498157083 62.067247807164705
0.8575511330770267 -0.07445300902064249 -0.5089821250359192 -23.275889974621652 0.03267022491252043 0.9953554483207548 -0.09055488889262063 -5.810108640386296 0.5133602152119634 0.061026887074154997 0.8560005890719734 63.00969717994243
0.8542150811926245 -0.07573281212047527 -0.5143745097022239 -23.845353390597065 0.03261263629318992 0.9951909615287635 -0.09236539419860525 -5.9216202005806515 0.5188959539417191 0.06212480390134382 0.8525769746616041 63.94565534775957
0.8500237438997608 -0.07769950937798528 -0.5209821696076118 -24.39467355142949 0.03301319274003482 0.9949747303293218 -0.0945273246802364 -6.028378520651646 0.5257088204621865 0.0631511856461452 0.8483172542390864 64.83332613184525
0.8454685464103734 -0.08113714936167978 -0.5278254446539984 -24.987256488512696 0.03498950993163957 0.9946831601026299 -0.09685631214840834 -6.145468891837117 0.5328777263364216 0.06342061180489103 0.8438122746042626 65.78055187099153
0.8410486530872566 -0.08283267803205453 -0.534580125509871 -25.595677750899753 0.03542028170929584 0.9945190130613178 -0.09837345324413727 -6.26724847550988 0.5397986354037454 0.06380188170877349 0.8393728331955199 66.7328692029132
0.8360908578923264 -0.08412184449696944 -0.5421029354534999 -26.20091890032437 0.03538883168458237 0.9943855071818434 -0.0997250906177001 -6.387152455591887 0.547448360981083 0.06419484702946093 0.8343736055712634 67.66593904758982
0.8305903485917812 -0.08480658918495594 -0.5503885130133057 -26.812191488381107 0.035159595725051146 0.994350415071715 -0.10015515401195954 -6.5071915146677 0.5557728633665326 0.06383646667479712 0.8288796232673614 68.58714331155271
0.8264315905832291 -0.0859560477169869 -0.5564372237251469 -27.41955131874042 0.03656106616782982 0.9943849276469393 -0.09930712013376995 -6.62214165190614 0.5618488360108489 0.061726603093532686 0.8249337621553551 69.48585184318434
0.8229608734678036 -0.0868529335753197 -0.5614196012524599 -28.051360015894847 0.03712994755037022 0.9943543911542673 -0.09940176953723363 -6.7428110325758865 0.5668833810723479 0.06095828673435348 0.8215396031491091 70.40388270828382
0.818571661794924 -0.08791696449580377 -0.5676363641101057 -28.68617606300616 0.036893895168253546 0.9942239971135377 -0.10078434433429824 -6.862196608135131 0.5732183484551161 0.06155689171347149 0.8170871887852393 71.3157973106257
0.8154061177211174 -0.09061024974793937 -0.5717540081395072 -29.329429474935313 0.03904135880908609 0.9940330388696471 -0.10185327652027328 -6.984464666522579 0.577571325019963 0.06072973140226383 0.8140781683834136 72.2330053422314
0.8124566543822525 -0.09030490250210733 -0.5759854245847565 -29.994740102964876 0.03859204866503853 0.9940947382601923 -0.10142142349245188 -7.108006234183155 0.58174293165438 0.060172052877435225 0.8111439363779296 73.16292158713586
0.8090401875215751 -0.08967902799130091 -0.5808714547243565 -30.65981307065819 0.038317564774496146 0.9942364283997607 -0.10012836098049344 -7.233416542650347 0.5865029745916102 0.05875028835183004 0.8078135084372939 74.08341364645676
0.8068190912854132 -0.09007575259578618 -0.5838915247986416 -31.318835011498916 0.03827504566942891 0.9942020638514638 -0.10048520842637967 -7.355693176013051 0.5895574397939383 0.0587249097725365 0.8055888592550323 74.98409443918177
0.8037985837816118 -0.09032275780819224 -0.5880047926102285 -31.995606111863047 0.03758315574714898 0.9941423908045547 -0.10133317921337366 -7.48078407154348 0.5937131825340927 0.05935239024105775 0.802484860080184 75.89731267707658
0.8007404736839849 -0.09160651957732206 -0.5919653194024777 -32.65701107663231 0.036513903334231504 0.9938639661496863 -0.10440858035867519 -7.6020202006845405 0.5978975068250796 0.061989211643198414 0.7991720146327754 76.77734151602809
0.7974964979144005 -0.09396604950509835 -0.5959611710125688 -33.353681130582686 0.03688098451377548 0.9935423718320602 -0.10730027192705205 -7.731580902920211 0.6021952580314475 0.06359195636816081 0.7958121224822532 77.697975163595
0.7940992261343685 -0.09388101385009512 -0.6004937753976102 -34.04882988365951 0.0354464053047133 0.9934703901057536 -0.10844416228684658 -7.862260695244389 0.606753633201954 0.06483007960507356 0.7922418124377358 78.60595467902135
0.7919338873697632 -0.09346707150705343 -0.6034108257060943 -34.750587084970974 0.034826242334100796 0.9935203334395509 -0.10818724456723132 -7.996740693003822 0.6096128696806701 0.06466261351089049 0.7900575267242503 79.51189562175898
0.7904894981643382 -0.09343396881713605 -0.6053069029533461 -35.4662251164035 0.03502278674182986 0.9935740821940209 -0.10762874895280401 -8.133749365624528 0.6114734317210596 0.06387986117226503 0.7886821955869697 80.43450502821553
0.7872455457440457 -0.09399784472983852 -0.6094332251299603 -36.178298253665425 0.03465226876938787 0.9934953432599224 -0.1084722231263985 -8.268412417163622 0.6156652263814271 0.06427603057901322 0.7853820222781471 81.34822405771797
0.7853011651225486 -0.09496622055763404 -0.611787133740296 -36.8915112403578 0.03557341792299751 0.9934544216236141 -0.1085488097298466 -8.402829829717716 0.6180911033128076 0.06348014736505805 0.7835391878496359 82.25637438748241
0.7821801772413347 -0.0955209331591479 -0.6156865449716437 -37.64335830069484 0.03581621850493348 0.993437303949159 -0.10862560294071182 -8.546478177571466 0.6220220002722742 0.06291322953586088 0.7804681650949301 83.20381530635747
0.7790291361387854 -0.09638176207081235 -0.6195354396537646 -38.38412820692374 0.03616254991418176 0.9933762515867622 -0.10906829405073795 -8.687369206366583 0.6259439871350808 0.06256339763439361 0.7773544534161226 84.12796554557403
0.7769698379564722 -0.09992703643258675 -0.6215564803746271 -39.121640689142666 0.039465792290345705 0.9931113894216257 -0.11032778181375597 -8.824869285896774 0.628299548101691 0.06119113980674762 0.7755612949756856 85.04978001574446
0.7739624102299375 -0.1046119370678558 -0.6245306479060712 -39.882313979264296 0.04235235709347278 0.9926028580551008 -0.11377980501597104 -8.973692405518968 0.6318136318564936 0.06161094710971743 0.7726678625363881 85.99461504280849
0.7713399322515518 -0.10794185369732581 -0.6272027304903547 -40.668484251799704 0.04488668693489004 0.9922845570650392 -0.11557051157734109 -9.12458712457108 0.6348384788670112 0.0609910979621147 0.770233855214892 86.9629627128461
0.7675664631020861 -0.11195260540905928 -0.6311167394888824 -41.429204658951186 0.04940086751222218 0.9920324142987064 -0.11589324082844552 -9.272087552301926 0.6390628130395275 0.057778050527892276 0.7669813673533422 87.89975682498213
0.7606105982821185 -0.11423087468908417 -0.6390796703453214 -42.194540642093365 0.051671809215948314 0.9919273943464119 -0.11580185006073493 -9.417240371908436 0.6471487788084505 0.05505771165699717 0.7603730048297523 88.81673479291152
0.7533102298984149 -0.11555010555250658 -0.6474348389121505 -42.9679451796373 0.05365294517232346 0.9919604052133851 -0.11461202364164469 -9.564610539094412 0.6554731565859377 0.05160162396380424 0.7534535243792846 89.72565184496199
0.7452293577300471 -0.11409701790617853 -0.6569741812903903 -43.770606055481366 0.0522218067212253 0.9922124687291043 -0.1130809435814331 -9.71327792631191 0.6647601727540787 0.04996286024051709 0.7453842132192995 90.63909891381427
0.7371650403940669 -0.1157828567779299 -0.6657191850150898 -44.57743092289574 0.05310251097610277 0.9920899065897683 -0.11374418917350482 -9.861345309014935 0.6736229112410347 0.048496879477411055 0.7374823564886871 91.537875531658
0.7297367167885178 -0.11823853624344564 -0.6734270359272205 -45.393356896317144 0.05350510368845528 0.9917887094089063 -0.11615661741073371 -10.008752499707795 0.6816315192609583 0.048731965238673784 0.7300710016936535 92.4210574111341
0.7200669534062134 -0.11905598543287313 -0.683614844005674 -46.235217724109894 0.05312560362798165 0.991738339999959 -0.11675930461119066 -10.161583081887017 0.69186794466246 0.04775706551635816 0.7204429261515514 93.31127284250638
0.7118431544926954 -0.12007227993530287 -0.6919985339529463 -47.06783775971654 0.05202781278791927 0.99158583263997 -0.11853540907341939 -10.310054932903725 0.70040875929588 0.04837544933988643 0.7121006851581947 94.16253296606511
0.704065247338824 -0.12112743827004169 -0.6997287125649896 -47.93510642829227 0.05401884159220408 0.9916259160090751 -0.1173030581536518 -10.465778334276763 0.7080777444905022 0.04479047217098623 0.7047125097228962 95.04454177099461
0.6941378692362019 -0.12106674955097316 -0.709588233164409 -48.81162022337421 0.05452329847395199 0.9917662498889801 -0.11587456798050892 -10.6196453017407 0.7177742182718365 0.04174383468622857 0.695023469999354 95.9097548992327
0.6866736597051508 -0.12008223038928355 -0.7169794578730061 -49.694066625729754 0.052705112386372446 0.9918909730025861 -0.11564803848022119 -10.774674446692366 0.7250527264933734 0.041623978915018414 0.6874343519084622 96.75241842977549
0.6789923365873699 -0.12038672537965572 -0.724207458680168 -50.605074516436055 0.05124794232208591 0.9918293092330019 -0.11682580945210036 -10.929211037788164 0.7323544601239048 0.04220968726192679 0.6796140721305544 97.60317626551303
0.6699749187454115 -0.12001990357711367 -0.732617793257453 -51.52836198047127 0.049282597725084115 0.9918586327758622 -0.1174209442538483 -11.085492011550366 0.7407461331748869 0.0425637795941356 0.6704352995279373 98.44825545028992
0.6630894754246841 -0.11983709871137714 -0.7388852531709217 -52.457555169704676 0.04710063519354259 0.9918253761699838 -0.11859153995810723 -11.24115653409824 0.747056810252997 0.04383483726113483 0.6633133718665015 99.2780438483346
0.6554866335520362 -0.11940349609465326 -0.7457077700781941 -53.40628011724613 0.04572893944425954 0.9918855157097972 -0.11862540968280308 -11.401190393304926 0.7538210247345997 0.04365694498569215 0.6556278928039855 100.11275510456505
0.6488198525443905 -0.11836621145928991 -0.751679611888636 -54.363181771856034 0.0445282346679661 0.992040803685726 -0.11778064416504795 -11.559603821046462 0.7596380949252284 0.042947454026446855 0.6489264064060086 100.93368267205534
0.6429267297741874 -0.1170697525789591 -0.756927931293971 -55.30801984758787 0.04467149592788835 0.9922990135638823 -0.11552975864127321 -11.715143939768913 0.7646238798215981 0.040464066914331374 0.6432052407243887 101.73585843430685
0.6371647017689304 -0.11776136746711338 -0.761678018031232 -56.27443161007377 0.04486093467457625 0.9922493829219337 -0.11588208934587535 -11.870709277281259 0.7694209766830079 0.03966638908846539 0.6375091671629899 102.54450127543694
0.6335922907193811 -0.11987145491468593 -0.76432430514645 -57.233261861647264 0.04519265563200258 0.9919714427726896 -0.11811130598040101 -12.028581286552757 0.7723460578121019 0.04029256780232684 0.6339227681366243 103.3376813154637
0.6305712732802747 -0.1235090642377108 -0.7662410719641818 -58.192271650718716 0.04639514613759265 0.9914898693586687 -0.12163605293662706 -12.186839729031098 0.7747434154147842 0.04115033426663196 0.6309352504506147 104.12176908740125
0.62677829697848 -0.12468440086355442 -0.7691571793970676 -59.16856435296131 0.04557895509528482 0.9912908548780367 -0.12355160819509053 -12.353765905648388 0.7778634361436322 0.04238208603251637 0.6270025785388398 104.91335427815767
0.6245004276501671 -0.12665612216031275 -0.7706863451392338 -60.144948664148 0.04525015712499232 0.99097331901305 -0.12619153808565572 -12.51970071901063 0.779712536224038 0.04393299128868796 0.6245944709421516 105.69749434695218
0.6210884749647524 -0.1264798797048994 -0.7734674823777613 -61.10963341228145 0.04583040871839711 0.9910647566930224 -0.1252606150300443 -12.687824920784735 0.7823993097534424 0.04234959351439473 0.6213355229073119 106.47606701326103
0.6194900413941201 -0.12550595146738877 -0.7749066684187053 -62.08115481751964 0.04772134041779002 0.9913318497294716 -0.1224084857380155 -12.850559385093264 0.7835526544414492 0.0388512529812102 0.6201095208586538 107.2510048060569
0.6186346319461241 -0.12347757851292504 -0.775915252950648 -63.091912807680124 0.049369788067517906 0.9917307769000239 -0.1184596563199615 -13.017395582269218 0.7841261481311869 0.03497647429143571 0.6196150660394635 108.05413628692946
0.6168648421077967 -0.12276355125686525 -0.777436091942049 -64.0860716905887 0.05070686547857064 0.9919075943455576 -0.11639646933196446 -13.181083175715898 0.7854340076446024 0.03237954234407609 0.6180978764507503 108.84449943654609
0.6155238013315829 -0.12306084702710146 -0.7784513330474107 -65.04935804039819 0.051745154730531984 0.9919131891414353 -0.11589074237910785 -13.335909754070087 0.7864177572742311 0.031052425609600483 0.6169139793419572 109.60656397983593
0.6143796447702476 -0.1229574775005796 -0.7793709712445536 -65.99724487705987 0.05395840487764732 0.9920177851146277 -0.11397019153852558 -13.488516533223118 0.7871633519384933 0.027967351375537595 0.6161101237782034 110.35569840762122
0.6118891167193294 -0.1229232623255173 -0.7813332070376193 -66.9560793774705 0.05666408329246127 0.9921239775291008 -0.11171031678614957 -13.641245935956512 0.7889112057165015 0.02408079714396799 0.6140351982613433 111.1122570189462
0.6115756732760456 -0.12403704196398269 -0.7814025902681517 -67.91479115077486 0.05886481959175455 0.9920307294487438 -0.1114000217406777 -13.793181131508762 0.7889931107882894 0.02213242079435663 0.6140032793710468 111.87046283622394
0.6099743050720301 -0.12500802912940734 -0.782498779427211 -68.8705381588258 0.060747189509391564 0.9919492047517277 -0.11111504920182987 -13.942908875930135 0.7900893152793574 0.02024272327519823 0.6126574132709077 112.62032851683944
0.6085456619702215 -0.12541320625739202 -0.7835455985413138 -69.79803766513642 0.06350811149364556 0.9919616193694252 -0.10944800351079176 -14.08740998259132 0.7909733858175858 0.016842606515276894 0.6116186961939898 113.34559781998806
0.6071464571763665 -0.12466829682315861 -0.7847490014682399 -70.7320131484209 0.0643066010821271 0.9920848067991168 -0.10785359138954742 -14.233036397515429 0.7919834850522143 0.015018384918895504 0.6103577700979788 114.0723472045898
0.6063847203167729 -0.12611616263699593 -0.7851065433990906 -71.63548063415712 0.06629651116136295 0.9919233355739987 -0.10813356995671596 -14.37515456039684 0.7924028922045784 0.013520719857740504 0.6098482160016115 114.77744177800713
0.6073087543058291 -0.12715267705159664 -0.7842246321444607 -72.53051752044547 0.06754555863894496 0.9917989743646192 -0.10850065417979131 -14.518286107905245 0.7915893344731567 0.012922506254677904 0.6109167982470631 115.46941159034063
0.6084347121078745 -0.12916654218500578 -0.7830218422765596 -73.45282493955388 0.06912547539270436 0.9915414523767807 -0.10985088470411661 -14.664776789707775 0.7905876736668369 0.012710334319506154 0.6122169367532606 116.18780828727394
0.6097057129006981 -0.12960501294280397 -0.7819600272880624 -74.36466456510779 0.06856568309433574 0.9914671293185264 -0.11086784287018313 -14.80625579681919 0.7896566917072626 0.013981133751456182 0.6133896291436344 116.89504223861351
0.6134411012292926 -0.13080121165103023 -0.7788331389670159 -75.28040911567399 0.06936160301150553 0.9913012007528821 -0.11185212297300628 -14.953875836356831 0.7866886190547483 0.014593574494160377 0.6171774819557307 117.61218853261376
0.6165401327873603 -0.1308878049903348 -0.7763675979633337 -76.16044154878747 0.06847032135102951 0.9912623238428511 -0.1127422743417817 -15.0942492659796 0.7843405381316403 0.01635199787435475 0.6201149348377978 118.30701151792657
0.6212536862013762 -0.13124199156899224 -0.7725408707830327 -77.01528954833213 0.06789500145259111 0.9911825722112381 -0.11378654280039674 -15.2278241276983 0.7806626199319106 0.01823864561085712 0.6246865018930111 118.9880252830013
0.6275798517516019 -0.13110699568216777 -0.76743370095314 -77.8890931139368 0.06787825311071188 0.9911795421091554 -0.1138229241362356 -15.364998177797329 0.7755875659331288 0.01934091485636496 0.6309436239335836 119.69334460937235
0.6325060087164485 -0.12952198684126062 -0.7636492675713636 -78.74852948926655 0.06717806588417102 0.9913776478513456 -0.1125054078913334 -15.50499829753112 0.7716367386287734 0.019859865695055295 0.6357533557386263 120.3985835946118
0.6381858077916034 -0.12800980594760009 -0.7591655710809312 -79.58863248947137 0.06658916716848827 0.9915625378078858 -0.11121877733454863 -15.640672621901695 0.7669972343817061 0.020426042133574407 0.6413252055342684 121.098321276634
0.6449990109554568 -0.12732776101348092 -0.7535011062644678 -80.42992319693869 0.06594867860403533 0.9916172304661484 -0.11111273569230268 -15.774144742464534 0.7613324160029339 0.021975202341269845 0.6479892304855043 121.80730876574589
0.6514703570767538 -0.1257060839402566 -0.7481873791442168 -81.28330037318423 0.06494199542272606 0.9917978315541838 -0.11008904829697447 -15.913118725715092 0.7558894833775647 0.023130970252544812 0.6542904913984112 122.53858746258544
0.6591270883786663 -0.12565849322565037 -0.7414589836570337 -82.11778510064615 0.06461790236099757 0.991758230389703 -0.11063516235243348 -16.05098482461814 0.7492502973372294 0.025011108223025824 0.6618145030184286 123.27418418481818
0.6671244669606282 -0.12614831663102594 -0.7341876788626027 -82.9401252153256 0.06383134277351063 0.9916131513084938 -0.11237845804142726 -16.185982022796647 0.7422065111963303 0.028106233529177543 0.669581611437004 124.00862434469566
0.6765712094493003 -0.12536716957872385 -0.7256269505304574 -83.74176298559925 0.06219739610430203 0.9916088595904551 -0.11332852023900267 -16.318212111616564 0.7337457887185151 0.03154270713710191 0.6786915169385186 124.74229293094638
0.6878438479854251 -0.12364546959171716 -0.7152500532247777 -84.55590777520771 0.06105440751513192 0.9917482429889841 -0.11272879779026851 -16.455721182268782 0.7232863887227382 0.03387064182602379 0.6897170285781797 125.50807773593878
0.6966627416044724 -0.12232222304392777 -0.7068934136132062 -85.3468450484257 0.06179408229752052 0.9919259169200951 -0.11074505287025477 -16.591962392478496 0.7147324785212626 0.033470122375334255 0.6985966182676759 126.27690271367223
0.7080945885122261 -0.12048089668889828 -0.6957631833122107 -86.1509913877505 0.06239169263923017 0.9921575603896773 -0.1083081347416541 -16.72793149566762 0.703355763756375 0.03328256141951047 0.7100584065385349 127.07946728128606
0.7182051058873166 -0.12070925628202886 -0.6852814759828462 -86.92554403066617 0.06371737624490284 0.9921094001535663 -0.10797700723485854 -16.861185947501422 0.692908018312571 0.03388530027564574 0.7202293138878585 127.88007690938245
0.7282616660648199 -0.12061017868277771 -0.6746022017000843 -87.66990659822022 0.06493203254081956 0.9921063741954997 -0.10727895148060046 -16.9909366551781 0.6822160778599482 0.03432385582605068 0.7303445050321264 128.6750322486293
