1.0 0.0 0.0 0.0 0.0 1.0 0.0 0.0 0.0 0.0 1.0 0.0
0.9999198541112493 -0.003967081252962217 0.012022795867452975 0.020876435562968254 0.003949332950493435 0.9999910769394841 0.0014996034999469623 -0.009935648180544376 -0.012028637636249393 -0.001452001289015297 0.9999265990905896 0.30887722969055176
0.9997235884407264 -0.008122669454738413 0.022062841071046932 0.044440102178133115 0.008062601899204661 0.999963548067509 0.0028101577987281 -0.019653078418978964 -0.022084862820768374 -0.0026314971343078747 0.9997526364341432 0.6250112822777636
0.9995235067440181 -0.011282869731958273 0.028730755589654537 0.06332217339092945 0.011222937661524789 0.9999344975412165 0.002246396501147718 -0.028171693217733502 -0.028754219453609488 -0.0019228826294134618 0.9995846624403594 0.9176300789091879
0.9994363389821826 -0.014042859093596637 0.030492661910189827 0.08027159353032505 0.013992497839048898 0.9999003621325798 0.001864352799252962 -0.03550237472951729 -0.03051580453004579 -0.0014366334303713849 0.9995332519522654 1.251311361094265
0.9994645564410377 -0.01686013295528807 0.028041689229608997 0.09309877018270338 0.016818319510469075 0.9998570717605733 0.0017263195579005318 -0.042758810496274696 -0.028066787257606366 -0.0012537811221356998 0.9996052638346471 1.5679552174157698
0.9996225336540032 -0.020129672331550132 0.018697232495095657 0.10456672708562657 0.020130803800419986 0.999797346679634 0.00012771340076261813 -0.05114826330692789 -0.018696014267758573 0.0002487251257177103 0.9998251833127187 1.8900498573107383
0.9997977524390358 -0.02005387546909399 0.0015153535965161697 0.09603706550649063 0.020054048112729844 0.9997988924723709 -9.881959755697072e-05 -0.058087510305482405 -0.0015130671315975771 0.00012918858546672284 0.9999988469684176 2.2277186861766536
0.9996889524342896 -0.017150576111409483 -0.018106797615247333 0.0736658656696426 0.01716086448633603 0.9998526562379295 0.0004129697789420145 -0.06356056395159634 0.018097047021942196 -0.0007235696258543345 0.9998359732156481 2.5889355988059184
0.9992591889965223 -0.014778931488881238 -0.03553387665397271 0.04733758639649334 0.01478070127761493 0.999890736802672 -0.00021289892397575354 -0.07009249585478006 0.035533140527607525 -0.00031247440994774196 0.9993684497141125 2.9532309155664738
0.9984445369598094 -0.016049208003425592 -0.0533940964674456 0.01791280954274881 0.01603947107797433 0.9998711727895527 -0.0006108944126468603 -0.07878280322152893 0.053397022226440036 -0.00024646887705763573 0.9985733309429218 3.3397888482570317
0.9971310292291519 -0.018870401843106316 -0.07330496901774396 -0.01814537555800771 0.018916419646970065 0.9998210663127336 -6.652073762341757e-05 -0.08628502304189983 0.0732931075623925 -0.001320337664576263 0.9973095693375751 3.755861721064801
0.9954553143242233 -0.021653754149121858 -0.09273527977480489 -0.06197720944493333 0.021830710902886706 0.9997612818536319 0.0008940737428755035 -0.09414151580345215 0.09269378212769469 -0.002914487542005251 0.995690397923587 4.159644501702546
0.9937350792619947 -0.022362580922795364 -0.10950117450798838 -0.11754245516334022 0.02270744663767762 0.9997403409741755 0.0019032855898440408 -0.10007872987946695 0.10943017916166692 -0.004377853733385051 0.9939848440923709 4.590164163224771
0.9919853022977447 -0.022958411375493974 -0.1242500357036806 -0.1770727173399226 0.02346373108817481 0.9997212949727623 0.0026049378889656098 -0.10594019294408724 0.12415560135843301 -0.00549942952469968 0.9922475209977745 5.034938054384207
0.9903771752698973 -0.02357084210125652 -0.13637252695120372 -0.2406500422919915 0.024193940331099242 0.9997030390939345 0.0029132246062673673 -0.11317117102595803 0.136263362484838 -0.00618457993634048 0.9906533435139341 5.466493319414613
0.9886177359607072 -0.025727837080707014 -0.14823309530288545 -0.3072370972214902 0.026344791620290617 0.9996504953404507 0.002199800008053875 -0.1220693914281121 0.1481246910491603 -0.0060799313105137625 0.9889500039622077 5.9072971632912505
0.9868667037298079 -0.03030470883317776 -0.15866862856910266 -0.3742564103987094 0.030802231131075403 0.9995252696200712 0.000676718753900009 -0.13119564362183755 0.15857279598598037 -0.005555178976449699 0.9873316607704467 6.357549749932579
0.9856009099168827 -0.030634915128279153 -0.16628995263122864 -0.45482989227234005 0.030806403925083273 0.9995241704342562 -0.001548610640710508 -0.13923321268471633 0.16625826851082548 -0.0035964833928493513 0.9860756834335727 6.818537967246622
0.9843936787926758 -0.031076019457837157 -0.1732147977733969 -0.5408976316003419 0.03104175436634379 0.999513860078053 -0.002907403950316981 -0.14724984572217376 0.17322094168685906 -0.0025148611347088072 0.9848797798891961 7.3011562641509045
0.9833262793732139 -0.03188986805116837 -0.17903202118534864 -0.6291890710899954 0.03137938789052972 0.999491388380061 -0.005683183061774099 -0.1586388384569786 0.17912219937698323 -2.949198246939488e-05 0.9838268327406887 7.784812470663376
0.9817637644407063 -0.035837058239937776 -0.1866965883135538 -0.7229301087112238 0.03509689486345178 0.9993574754686524 -0.0072694013416347274 -0.16962477314352192 0.18683714513489308 0.0005843642949876944 0.9823907266033275 8.298518243219926
0.9801063693600671 -0.041569933542322295 -0.19407072258616098 -0.8195303528700071 0.04071550839844764 0.9991355446700335 -0.008391111533737129 -0.18287339955658644 0.19425177506443458 0.00032249372487684093 0.980951652163405 8.815650460958805
0.9782696082443532 -0.04269881719264726 -0.20289254445589902 -0.93321450612786 0.04146333745408909 0.9990865421302637 -0.010337938931979655 -0.195425419933085 0.2031486284290603 0.0017006894313480675 0.9791464356381275 9.351344603576823
0.9765834340970326 -0.0400500511543721 -0.21137830931715612 -1.0601208973978453 0.03781287787176313 0.9991779282526372 -0.01461690664345168 -0.2034053133236509 0.21178994903985005 0.006281806690788376 0.9772950201399768 9.886598949382472
0.9745625705604468 -0.03933978119099612 -0.22063584857964275 -1.1911475840580596 0.036313311574921896 0.9991826658687764 -0.017757917384315022 -0.2169855642170641 0.22115410795433382 0.009294183299788237 0.9751945850401924 10.43444677182165
0.972238918069724 -0.04335123044819647 -0.2299394637926247 -1.3177544361662616 0.040031390617330506 0.9990161323078462 -0.01908546970641506 -0.23517581126849055 0.23054061237850287 0.009350839924795386 0.9730177736489943 10.980920474798609
0.970166578773512 -0.044341087455977826 -0.2383499053788785 -1.455663544991154 0.04061883894988645 0.998964226053403 -0.02050816880876636 -0.25355603451616143 0.23901238326342467 0.010214843549805168 0.9709627889975964 11.528371331839658
0.9682038671700716 -0.043730910339951495 -0.2463105338343408 -1.6061296271882992 0.039262425125751746 0.9989635947205926 -0.023026037352459006 -0.27073753354814706 0.24706220587164593 0.012623149517898573 0.9689173971634969 12.089472741889818
0.9660989346443642 -0.04287905369477648 -0.25458640033054625 -1.7685673180262231 0.03740373335861422 0.9989537921602457 -0.026311249675802055 -0.28974534579173933 0.25544825153025097 0.015896788446261072 0.9666920310560301 12.667367181326147
0.9643263177743349 -0.044174990887503734 -0.2610044502070449 -1.932415513905976 0.03708968442062742 0.998799059442407 -0.03201240644721523 -0.3109879316559709 0.26210514714017175 0.021189833341779776 0.9648066556598668 13.256325742290255
0.9628956214267047 -0.04693957995754736 -0.2657606029318295 -2.105570895815159 0.03787920869907457 0.9985163451767393 -0.039118716277750994 -0.33671503399642433 0.26720252204201306 0.02760043927723333 0.9632450508391369 13.864112642445837
0.962163516056438 -0.0492761636085812 -0.2679799023619743 -2.276112329524019 0.03810824793720402 0.9981808233342778 -0.0467205026392084 -0.3622181990196326 0.2697946067086396 0.034740518529867 0.9622909988996088 14.45001753375294
0.9617588014007131 -0.05140247825100562 -0.26903121223738824 -2.4501970669755937 0.03768845821197282 0.9977249047513191 -0.055898072923631456 -0.3946323186994818 0.27129244008241016 0.043621092015516255 0.9615079886748241 15.047903553390384
0.961277023100207 -0.05246244118621112 -0.270544223971586 -2.638152250019394 0.036139907369709075 0.9972326844841639 -0.06496830066899786 -0.4320476660742236 0.27320393839568496 0.052675091469230495 0.9605128540440234 15.67426151292913
0.9608262211780553 -0.05402272978136924 -0.2718354600924392 -2.8293657043113276 0.035620153186468995 0.9967549460737036 -0.07218574765548134 -0.4784738652160613 0.27485301050501776 0.05967513841272183 0.9596325861868964 16.31966327627426
0.9601734076875439 -0.053845421344687276 -0.27416728063338114 -3.0232701254372016 0.033522089350934696 0.99636737558057 -0.0782836023968995 -0.5253806822906334 0.27738654743018454 0.06597517320099275 0.9584904693453459 16.953831595790103
0.9594970049515847 -0.05430447847581968 -0.2764353832388463 -3.2099441906904733 0.03201615749697992 0.9959077453519756 -0.08451466385825142 -0.5744868737831933 0.27989366400129023 0.07224116807896928 0.9573091196089792 17.56617720520414
0.9592229428215769 -0.05276322787177362 -0.27768217038417414 -3.4158721239135823 0.028742213213556383 0.9955379321840484 -0.08987831085582328 -0.6295394256679089 0.2811854035050552 0.07823213768817024 0.9564593569454161 18.222560359840006
0.9586132663046858 -0.05096182464783998 -0.280113366502251 -3.629059416546895 0.02585516713637183 0.9953669444407757 -0.0926075388237057 -0.6877217816031467 0.28353503486696646 0.08153243736818305 0.955489584275931 18.897155916318926
0.9582099337872858 -0.04960019872864803 -0.28173310610832436 -3.8433020481544666 0.023830780252769107 0.9952708913203443 -0.09416977648349786 -0.7488639570431896 0.28507159925869496 0.08352049554741842 0.9548604663088759 19.57960332349802
0.9567285471471391 -0.0492808128013999 -0.2867784660035654 -4.062361708038592 0.023120183469144014 0.9953126212717363 -0.0939055006564503 -0.815274372160267 0.2900619661211684 0.0832117024631683 0.9533833795399957 20.28568212916285
0.9551835300310241 -0.0478327580278454 -0.2921240339597581 -4.289832436184124 0.021451182771389167 0.9954485225213641 -0.09285518708043412 -0.8828994815292502 0.2952359576934706 0.0824273393327939 0.9518621029410386 20.99579479350077
0.9536801743959296 -0.04820101689519654 -0.29693566127095344 -4.521124121809319 0.021628505355435604 0.9955116548358844 -0.09213442810377115 -0.9520696674660325 0.30004388465729365 0.08144450292185507 0.9504422445491219 21.71563003632186
0.9504420875319236 -0.04909640656744442 -0.3070006206998993 -4.796964640107537 0.022397638637933467 0.995699432908739 -0.08989429953373118 -1.0339035169762891 0.3100938310115243 0.07856323674200186 0.9474542911408531 22.55614773990885
0.946827028839012 -0.04929821698025009 -0.3179438051959133 -5.05571579976925 0.023396001771053256 0.9961249965712556 -0.08477982252307925 -1.104321950740593 0.320891265946921 0.07283321363556688 0.9443114520276127 23.318396178872327
0.9445341461538934 -0.04944964026910061 -0.3246690312096183 -5.281179826123434 0.024242602908507625 0.9964003112856864 -0.08123248041275025 -1.1602702376491458 0.3275172406966631 0.06885602912631528 0.9423329052407117 23.968827715327315
0.9415978243016044 -0.04802747536390821 -0.33329701300889947 -5.551058336759395 0.023144350632885304 0.9966664408146735 -0.07823263249816859 -1.2248701970831957 0.33594326351970116 0.0659497336156912 0.9395705169553547 24.71334076908544
0.9383010446688168 -0.04809593917552135 -0.34245865474277576 -5.8326742669082705 0.0229846867225366 0.9967651119492873 -0.07701308834861458 -1.28950652877197 0.3450548561456192 0.06439015635599292 0.9363712159260219 25.470616759911785
0.9349154664124468 -0.04882926638629606 -0.3514950545981735 -6.130072859794729 0.023352708265320266 0.9968067217187062 -0.07636105390236965 -1.3557979279154835 0.3541012873168801 0.06318276885814596 0.9330703167714351 26.249894725892116
0.9320811246513357 -0.04960600520170606 -0.3588370400566665 -6.42709570184766 0.02350901207473148 0.9967746859433848 -0.0767303839019263 -1.418149305367748 0.36148596573030534 0.06308303821468311 0.9302410584733581 27.007993858841186
0.927891938252663 -0.04943899956781489 -0.3695569458790484 -6.746929104825451 0.023246008748574475 0.9969125848849122 -0.07499947450045376 -1.4830971795641414 0.37212386916587004 0.06100068376515639 0.9261764100738077 27.800469427788
0.9244238927051183 -0.05088433388391286 -0.37795667894761015 -7.063068084709068 0.024789419611871352 0.9969802611652235 -0.07359241484167729 -1.5472232329941193 0.38056004949445615 0.05866125989197159 0.9228937670808401 28.572112292910298
0.9212473950258232 -0.05095035795419424 -0.3856258525857343 -7.399946861154248 0.02562751429634183 0.9971805403534669 -0.07052801182054397 -1.6138731459143159 0.38813202350376325 0.05509111511584668 0.919955706197949 29.368682705734592
0.9173579631314271 -0.05015771474127388 -0.3948905812136979 -7.754810000938036 0.026237572878798184 0.9974913526401425 -0.06574641570130323 -1.6762022050873417 0.3971976299637108 0.049952027587194234 0.9163726521951314 30.17937109386213
0.9137799206251593 -0.05131512766095713 -0.402955350300027 -8.111972594985827 0.028571169245113236 0.9976511119677398 -0.062257104634729464 -1.7397285028831266 0.4052035845723047 0.045376386619829366 0.9130996871027189 30.98614851676502
0.90968661510021 -0.052538483767450406 -0.41195869942378893 -8.493371502844928 0.030042687038757482 0.9976917240074535 -0.06089877504947344 -1.8021399824067381 0.41420731435238267 0.043022454258822174 0.9091652045511498 31.82462176708861
0.9065018015266736 -0.05396092727451317 -0.41873942035181005 -8.867496450305936 0.03173665347462917 0.9977018784239059 -0.05986440190665007 -1.8616575888533018 0.4210074448927554 0.04097780029582265 0.9061310894278979 32.634017282689946
0.9044652819860352 -0.053778342111908684 -0.4231435260069764 -9.269967295154897 0.0324089075003636 0.9978169504728726 -0.0575412553186846 -1.919966863888357 0.42531425604669676 0.0383304483239067 0.90423368679492 33.481178255221955
0.9018174323476947 -0.05545247794289652 -0.4285444450740246 -9.674259652672516 0.034416085574894555 0.9977985721137205 -0.05668811640478377 -1.979066236176714 0.4307445319066891 0.03637350928647601 0.9017406035300142 34.33262216834015
0.8997257602896835 -0.05755282691653147 -0.4326444595566512 -10.078009968622643 0.0364464600468738 0.997712841045409 -0.05692751850511374 -2.038334125194359 0.4349312725261345 0.035450795858685685 0.8997655412671588 35.17415030630429
0.897729629786366 -0.059628406396215236 -0.43649280057554474 -10.498843836023172 0.03813265526912764 0.9975965955141163 -0.05785268551044736 -2.097870371133461 0.43889339526331483 0.03529144045363764 0.8978458118323809 36.03206609058186
0.8956579404402081 -0.060269547313165445 -0.4406409370372557 -10.94186374565119 0.03802791019185102 0.9975249889739699 -0.059141985246708155 -2.1579922856919227 0.4431148065375893 0.03621433471910596 0.8957331020945958 36.923136822324295
0.8946991673930285 -0.061333118527667776 -0.44243829901794507 -11.396138688571545 0.03970087834014359 0.9975269050589939 -0.057999258119789676 -2.2244266413828933 0.4449013824717143 0.03432669886685766 0.894921470085315 37.834185012757395
0.8935885302358499 -0.06050836844512476 -0.4447901482486348 -11.869870995946775 0.039906270684973155 0.997658252177579 -0.055547289960860405 -2.2906226577541062 0.44710963777461915 0.03188650514069048 0.8939106345709069 38.773944448314346
0.8929846149783471 -0.06127195067412532 -0.445897101888497 -12.32745147370751 0.04106772074888006 0.9976499862200747 -0.05484475642736213 -2.3545642420057833 0.4482096827651821 0.030663546038777488 0.893402388187911 39.67989878002833
0.8920159553982381 -0.06350530369487317 -0.44752051541531646 -12.80601377344454 0.04348288204066113 0.9975454452722149 -0.05488463889009819 -2.419982887224221 0.4499075174793221 0.029498491813658146 0.8925878470471761 40.627798445064336
0.8902778148867582 -0.0665335861355684 -0.45053156852367193 -13.292643837358913 0.046395464678174306 0.9973740516450502 -0.0556099088511477 -2.4846235395389025 0.45304842255299316 0.028605646664209082 0.8910268479687731 41.58931428347202
0.888592323726208 -0.06668694072563824 -0.4538243428370861 -13.779465055909078 0.047270990264728516 0.9974209490204463 -0.0540083691157594 -2.5490612609554586 0.45625555963105785 0.0265386961210867 0.8894529565491043 42.5342955907646
0.8861300766943204 -0.06635531441814754 -0.45866159576117427 -14.273703945131038 0.048757225600087925 0.9975524141107517 -0.05011899892848791 -2.6153668431450683 0.46086464404367167 0.022048885465719644 0.8871964982574151 43.48913851482891
0.8834633655529643 -0.06671219047131732 -0.4637261749872959 -14.7849477626197 0.05133155609875033 0.9976342570082993 -0.04572702255756203 -2.6796797668995103 0.4656796678772978 0.01659436307960078 0.8847977588351319 44.46257970967635
0.8808363161021417 -0.06760371232136766 -0.4685692289469909 -15.294546292964965 0.05287268125856033 0.997607498656903 -0.04453940053534419 -2.7411483879083693 0.47045920525815893 0.014457409999266707 0.882303303566282 45.416659891746846
0.8761047357364546 -0.07133219854190603 -0.47681464896889997 -15.815619709855827 0.05502477228541383 0.9973258377025217 -0.04809831479274415 -2.803601109242285 0.4789705277520691 0.015902543889002668 0.8776869274648923 46.376319764906526
0.8711349708557254 -0.07414982870754042 -0.48541288142656136 -16.331554444052717 0.05646710423620376 0.997102249402187 -0.0509761745943828 -2.863008832872823 0.48778615057356045 0.016997268596504377 0.8727976650798777 47.3026088614937
0.8646263725570249 -0.0738163054402852 -0.4969631665727628 -16.877953542695526 0.05549507343771062 0.997126980358917 -0.05155658895283187 -2.9255564202156523 0.49934109855190584 0.016998179062907907 0.8662387252977792 48.24897430577789
0.8595275385568016 -0.072208090080052 -0.505962846649314 -17.426611254925785 0.056176078855492695 0.9973187303714873 -0.04689987435618991 -2.9905881923573365 0.5079927741876922 0.01188872479267776 0.8612792808351404 49.18297025942084
0.8543428769290443 -0.06955766518107197 -0.5150339599047447 -17.988925126255204 0.05562562812968045 0.9975488385178166 -0.04245119865132166 -3.0529219639916443 0.5167243347625334 0.007618791657038427 0.856117933393469 50.109308390814334
0.8504812516022267 -0.06978894744330695 -0.5213551030611149 -18.563282374845404 0.055355263719774325 0.9975304477711522 -0.04322962581377557 -3.1162961488680416 0.5230845394882405 0.007906237046797635 0.8522441293221887 51.03820189488755
0.8478991787388825 -0.07293223957308594 -0.52511700708012 -19.11997798158087 0.05629857902855927 0.9972784103886643 -0.04760506456275711 -3.1767780740577543 0.5271597980624981 0.010800953824232577 0.8496975265959018 51.930615318998356
0.8459109363532713 -0.07480977154644683 -0.5280513098545447 -19.69000804282106 0.05436737320407569 0.9970510986437325 -0.054159906058034155 -3.235956379071193 0.5305458288299143 0.017105694212593836 0.8474836392147549 52.82711905007718
0.8428983289749831 -0.0757907439334804 -0.5327083349687625 -20.256830150964472 0.05422720502787881 0.9969549374364841 -0.056038049179829644 -3.2964647194407686 0.5353333701965963 0.018347093912285294 0.8444415710390673 53.71664520816534
0.8409100105562607 -0.07546468165839741 -0.5358875217510354 -20.840932548047196 0.055873090327551264 0.9970444994610432 -0.05273010403675664 -3.363989868331685 0.5382829664066279 0.01439958043397856 0.842641145541687 54.63011090189427
0.8375604859775023 -0.07363882824140547 -0.5413591740280782 -21.430189742079882 0.05706347404641062 0.9972463265172014 -0.047365854554755414 -3.426667262535768 0.5433564136539523 0.008779932982683099 0.8394562052411876 55.54156801726734
0.8343488500581475 -0.07214500639651797 -0.5464952831074513 -22.0164359023726 0.05707818879904633 0.9973763687281411 -0.04452481854076169 -3.4867295486022427 0.5482737243111943 0.005956270201536822 0.8362777326195042 56.42859813472965
0.8319959141647743 -0.07216570532345622 -0.5500680955920729 -22.62214455365296 0.056479013833514356 0.997369989372497 -0.04542273985020162 -3.5430651228059347 0.551899374713829 0.006724230385217633 0.8338836039377505 57.33140730835995
0.8285817411116274 -0.07436850048009436 -0.5549068610431543 -23.24057597384745 0.05731738079722002 0.9971986219259357 -0.04805857142655823 -3.605188939267169 0.5569264010216887 0.008014646926554594 0.830523178050843 58.248434851765516
0.8247782783153774 -0.07698564083783889 -0.5601910412742327 -23.83185516976812 0.05841494106217624 0.9969883870248542 -0.05100834047763291 -3.6646299147272683 0.5624308724455159 0.009347044579273212 0.8267914770229606 59.117690681713626
0.8218152721621659 -0.07880972453829581 -0.5642771355984781 -24.44798277387128 0.05962221476118611 0.9968452473566218 -0.05239030759106515 -3.726807202353603 0.5666258465230793 0.009411702328131391 0.8239214585816359 60.010538965658824
0.8181495043249769 -0.078692645725081 -0.5695953441537086 -25.0591443765004 0.059673634976587515 0.99686216662395 -0.05200844203093824 -3.7919812671374444 0.5719007307754344 0.008560856416934274 0.8202781637200476 60.88345058692091
0.8149506227817255 -0.07815827804324332 -0.5742358104481058 -25.676172262880897 0.05916096573557111 0.996907384421451 -0.051726656756608785 -3.8562238102350923 0.5765027862559837 0.00818232603215658 0.8170542129992301 61.74933475120104
0.8097456511067843 -0.0797231720681923 -0.581340000644232 -26.302209737244777 0.05981490455321615 0.9967812170124086 -0.05337960850878891 -3.9246725127840674 0.5837243850542309 0.008451109196273163 0.811907889508664 62.6185878492646
0.8047985336297862 -0.08108141452561561 -0.5879839491736754 -26.936648768735388 0.060607787764672835 0.9966736614078799 -0.05448218716317231 -3.991915282570701 0.5904456082736311 0.008210777937312338 0.8070356663717198 63.485580178911015
0.8006202284734794 -0.08261690664781202 -0.5934489839025934 -27.581923021565277 0.06139975269682993 0.9965466748632303 -0.05589986751153808 -4.058156478257153 0.5960178857449179 0.008316943848920597 0.8029280841502383 64.35496693230083
0.7950062355121321 -0.08427303870482086 -0.6007188530787793 -28.25300200160579 0.06235208622186534 0.9964100209814377 -0.057265062922797455 -4.131035934318356 0.6033881858642987 0.008070008378350476 0.797406779582519 65.24349545791955
0.7903649559637773 -0.08525638015189421 -0.6066750250568851 -28.930117328548892 0.06238638884574177 0.996322136771107 -0.05873787761439485 -4.205295763947672 0.6094515361135489 0.008576096037907956 0.792776939438569 66.12568204903936
0.7834653152267778 -0.08548461332859816 -0.6155278066185688 -29.62200941463316 0.06236562478412547 0.9963087545298143 -0.05898639243534265 -4.281578022926535 0.6182981713395987 0.007826016311676749 0.7859046537505665 67.00362892538953
0.7773918103690717 -0.0858476728549955 -0.6231309254374067 -30.330500051654198 0.06358995023739131 0.9962936076687582 -0.05792551723702202 -4.357273031390712 0.6257941286077262 0.005405958171509118 0.7799695405695946 67.88676177332763
0.7724112100947201 -0.08703377698054016 -0.6291311820157319 -31.028993852083598 0.06507855728448753 0.9961981500636986 -0.057913963699910746 -4.432596210717739 0.6317797906721772 0.0037904451145615928 0.7751386512257363 68.74340595182414
0.766374945849181 -0.08887181847283906 -0.6362163486236392 -31.75498133529227 0.06649846957141042 0.9960387526606999 -0.05903182821815378 -4.5094180974472255 0.638942404226958 0.0029331006542828476 0.7692489850505015 69.61938895577799
0.7606840215158732 -0.09074082597044836 -0.6427487237736375 -32.47694553129493 0.06785844527762039 0.9958720199037464 -0.060283923042024845 -4.584737205913247 0.6455656828045796 0.0022410879129071554 0.7637014643890792 70.47501577666185
0.7562185172397496 -0.08965545448089006 -0.6481477097587709 -33.2174599703334 0.06627002402943542 0.9959690182743972 -0.06044831306721218 -4.6588478816919965 0.6509545591658858 0.0027593693769940933 0.7591116833390122 71.33269257853006
0.7512729155146468 -0.08963957363535806 -0.6538759463786641 -33.9791499124 0.06662694803430229 0.9959731401550204 -0.05998628080971945 -4.737924171569328 0.6566200242223479 0.0015003093745467495 0.7542200559929602 72.2018401676552
0.7488030068396236 -0.08885769956303527 -0.6568092311899278 -34.7402455663879 0.06582985596866431 0.9960432505925227 -0.05970153274603608 -4.81727782355894 0.6595153425137914 0.001467030145043978 0.7516896705499352 73.06015355025632
0.744916368978474 -0.08894026595554959 -0.6612028677491365 -35.5123087539809 0.06525321005016872 0.9960351580020607 -0.060464721962137924 -4.900319206523307 0.6639590513021677 0.0018955515203204314 0.747766531130111 73.92545020932243
0.7407175932705545 -0.09024423231642908 -0.6657277413125395 -36.279517902596766 0.0643943781661678 0.9959113928810884 -0.06335504392108651 -4.978877456351058 0.6687232694321843 0.00405907172498908 0.7435003112687052 74.7711584994034
0.7381572958159833 -0.09185562029159364 -0.668345981999205 -37.05508606801798 0.06477268186866916 0.9957601665515158 -0.0653160806604149 -5.058323259507139 0.6715119554536428 0.004922979803352715 0.7409773666939367 75.6213712591369
0.7342210340179369 -0.09110862838473507 -0.6727694189241096 -37.84939207286578 0.063243958743882 0.9958241260842042 -0.06583700776184499 -5.141979205990844 0.6759583381304162 0.005790314540966925 0.7369170898883286 76.48365791339779
0.7307931341147939 -0.09101199103083965 -0.6765044069474193 -38.62649531081498 0.06373184332140408 0.9958397225457791 -0.06512679284904174 -5.224101302179814 0.6796172800021592 0.004479340191183855 0.7335531938679831 77.32015132892785
0.7282462101926462 -0.0909132749529274 -0.6792585912429682 -39.42607516434002 0.06471547310706856 0.9958554723078852 -0.06390450543558983 -5.308084271788718 0.6822531530748513 0.002579672803374067 0.7311114692081169 78.17069599163293
0.723981468619817 -0.09111894745385701 -0.6837749414171262 -40.24360769577081 0.0648164702522083 0.9958378641925794 -0.06407630938503564 -5.390385759964278 0.6867675431171291 0.00207018242274723 0.7268741679724209 79.03005470495928
0.7209285269920123 -0.0921143466167715 -0.6868602522467673 -41.05650503598845 0.0659020245324295 0.9957477837383322 -0.06436827124233549 -5.471255315411601 0.6898688151610091 0.0011394417778420526 0.7239335049165637 79.87987505049557
0.7179173729253887 -0.09302068352907042 -0.689885351408256 -41.87505605611258 0.06662466443327056 0.9956639690679144 -0.06491852423677869 -5.55726099079685 0.6929327526831607 0.0006427563392573388 0.7210019328151804 80.7275609110898
0.715619537801868 -0.09388436014004063 -0.692152009342844 -42.701293711927434 0.06767652264598022 0.9955830706441355 -0.06507102065699316 -5.6411715208315725 0.695203973952098 -0.0002763474078984335 0.7188124638828415 81.57943236617322
0.713496388275261 -0.09615743009492494 -0.6940292879667962 -43.522845701426306 0.07019531527752076 0.9953644919557907 -0.0657430290348756 -5.727977652673087 0.6971337903381587 -0.0018101909100031593 0.716938771149686 82.42556681065274
0.7101085006660225 -0.09989462332454123 -0.6969698569613338 -44.37551846291543 0.07269736306748077 0.9949960210348743 -0.06854204204576395 -5.818982005913426 0.7003292159298289 -0.001995584028903312 0.713817208366046 83.29709579675648
0.7065984917610999 -0.1031593469375402 -0.7000547982696493 -45.231471137030795 0.07569802033141165 0.9946589858709105 -0.0701663134570821 -5.909467528314175 0.7035541067742014 -0.003413351091307408 0.7106334975748635 84.164376329902
0.7026957376755224 -0.10726456152807048 -0.7033583824003552 -46.09088909851804 0.08120223463505985 0.994201626893212 -0.07049341936069807 -6.000945908343235 0.7068414937897508 -0.007578847081274112 0.7073313677011593 85.03661802044039
0.6944374582903484 -0.10991945579718175 -0.7111078186607794 -46.961279492761314 0.08422931148189515 0.9938868118320245 -0.07137526429835353 -6.095236543728664 0.7146062129666425 -0.010330464831039325 0.6994506715171901 85.90211400758567
0.6864056179203436 -0.11097730987998151 -0.7187011648656163 -47.82707601907841 0.08702462767910933 0.9937204884319677 -0.07032997261370152 -6.1861345174958835 0.7219931037514857 -0.0142698129747438 0.6917530849753849 86.74285958079348
0.6768557127860011 -0.10937368684675888 -0.7279448747635371 -48.733331009166015 0.08702658439089786 0.9938544913361647 -0.06840777485189407 -6.280726500384145 0.7309532937734178 -0.017048362868047482 0.6822145085274214 87.59909325345785
0.6686001167636509 -0.10897464497693082 -0.7355939169241305 -49.64376480653294 0.08698385988729398 0.9938741747954664 -0.06817574930822966 -6.376418413389952 0.7385172252444355 -0.018402484255742608 0.6739834245665669 88.43475259092097
0.660886601233585 -0.11007755984008953 -0.7423690666572605 -50.579107125303594 0.08669234079331854 0.9937603774513946 -0.07017656485919847 -6.472771475227455 0.7454618289072189 -0.017978960685025122 0.6663057996258106 89.2732888745914
0.6500567828850344 -0.11177885902993487 -0.7516193622433667 -51.50535701495145 0.0870276546074005 0.9935648202969223 -0.07249231132940577 -6.570583219724058 0.7548856644278616 -0.01828755156685649 0.6556014026060312 90.08644218317419
0.640434003673528 -0.11250995000396012 -0.7597274498718617 -52.434466123480235 0.08730435883117009 0.9934643654757579 -0.07352892940148308 -6.665232084224086 0.7630348850922702 -0.019237091255082814 0.6460709701358434 90.87825870970875
0.6316474111305245 -0.11378536119755298 -0.7668601173546898 -53.37039133203416 0.09036715582379048 0.9932338274512306 -0.07294066873081237 -6.765335780398446 0.769970989817425 -0.02322618315009469 0.6376560352226374 91.66396108397564
0.6192372107331825 -0.11457554768788415 -0.776799665753925 -54.32390450681742 0.09196761661093199 0.9930706668316055 -0.07316152112644511 -6.864337487437855 0.7797994834175596 -0.02613607756822041 0.6254835498324918 92.44019782291039
0.6094142937681144 -0.11416759507377448 -0.7845890508961879 -55.29912791414734 0.09046146305737017 0.9931283316400016 -0.07424850567834293 -6.96513292269943 0.7876743884706614 -0.025726972791557428 0.6155543685316124 93.20471091748719
0.6012955204207326 -0.11376220724688321 -0.7908867537923985 -56.27539270605432 0.08844764837736749 0.9932063033418835 -0.07561912786104091 -7.068182676790167 0.7941163079917666 -0.024482630664781145 0.6072725007583153 93.95158192461244
0.5916587547975135 -0.1130836813364113 -0.798218014634386 -57.25431274190931 0.08624497961150493 0.9933097500710812 -0.07679546800129042 -7.172493516276356 0.8015620508502552 -0.023405585425942784 0.597453309646538 94.68561703245935
0.5844165507635157 -0.11317576728659949 -0.8035225826899731 -58.257854890862426 0.08447679577244992 0.9933309307425847 -0.07846867531754526 -7.275738989530355 0.8070445874731426 -0.022020620544390322 0.5900797624907546 95.4182981690789
0.5755105125158426 -0.11192130910132411 -0.8100995436073263 -59.26827737913729 0.08218407002911832 0.9934912262398082 -0.07887307536777814 -7.381671069199098 0.8136543668027606 -0.021184993593770615 0.5809627934981987 96.14297063181554
0.5682494261576774 -0.11021151221363235 -0.815442218827953 -60.31378291199755 0.08093886889418378 0.9936704511756774 -0.07789694450012806 -7.485695342052222 0.8188659775406478 -0.021736076828863787 0.5735730588081078 96.8748881866766
0.5616698884801907 -0.10893229019039136 -0.8201589434545761 -61.36115495138086 0.08140452789392746 0.9937608026125512 -0.07624152431073872 -7.59540868196151 0.8233469737680567 -0.023942083132729768 0.5670331008347295 97.60012854362121
0.5554647477838217 -0.10723904579511599 -0.8245960835623758 -62.44547781716719 0.080202331491759 0.9939351940257238 -0.07523573685644949 -7.707117329509295 0.8276632769385999 -0.024343728843378168 0.5606967833626824 98.33455640483592
0.5515582634124706 -0.10904069236095257 -0.8269786027890105 -63.50376796917924 0.08064830875360421 0.9937452990081785 -0.07724073403541241 -7.816140788121652 0.8302284820196204 -0.02409166056107574 0.5569023788194901 99.04579369191615
0.5476102649107606 -0.1105209573576052 -0.8294022641331076 -64.56720066727699 0.08084775239710976 0.9935891907842744 -0.07902000309406827 -7.927089273131734 0.8328184908470166 -0.023783144060643854 0.5530350109729839 99.75063079239693
0.5428301143296526 -0.11252830382578285 -0.8322696965617269 -65.62857606381287 0.08101476893659135 0.993377613959829 -0.08147099666524221 -8.037909307270835 0.8359258784072947 -0.023201226725531123 0.5483517382916037 100.44929425908535
0.5396320847208484 -0.11495963971209723 -0.8340152842586854 -66.70063020527765 0.08171778735164452 0.9931080908597761 -0.08401501710528872 -8.153563631046817 0.8379256627948464 -0.022816684818687934 0.5453072368158176 101.14738787945356
0.53573028215716 -0.11450368795440945 -0.836589487278348 -67.77603289485171 0.08164886178648083 0.9931449464384561 -0.08364555417192655 -8.269206983291387 0.8404323459677062 -0.02349512308109448 0.5414069181702634 101.84202658239384
0.53303733741484 -0.11299276546068246 -0.8385128692365105 -68.84612231739355 0.08351491071301517 0.9932293074288243 -0.08075148638294653 -8.384133816702686 0.8419598901434053 -0.026984770112144812 0.5388648861929116 102.52987499244648
0.5311545452769835 -0.11127422072566692 -0.839936245695765 -69.91076962604437 0.08612670070146922 0.9932943530042934 -0.07712664725023324 -8.496647421045404 0.8428861373031832 -0.031374768392418914 0.5371764919004197 103.21177334390275
0.5288877841300925 -0.11100426727216225 -0.841401072286773 -70.98277366387687 0.08803976199834404 0.9932367171931665 -0.07569560044425869 -8.607357191894092 0.8441129735439657 -0.03404227176191814 0.5350835557443828 103.89521345425004
0.5275477904291006 -0.11042532089763647 -0.842317978745573 -72.06052085342412 0.08860984889405536 0.9932601489246518 -0.07471660616724576 -8.71700697969503 0.84489148622314 -0.03522108832549954 0.5337769678852966 104.57555644891737
0.5255220994434768 -0.11004341250514002 -0.8436331965734541 -73.13627376600105 0.09061089660872723 0.9931992596517841 -0.07310879593394078 -8.824436718910649 0.8459410076431354 -0.03802207242341803 0.5319192923708872 105.25523426308348
0.52329081425682 -0.11029859661304087 -0.844985765146152 -74.18505137703579 0.09324899803353001 0.9930449675459381 -0.07187709508201735 -8.928466795586802 0.8470368044425088 -0.04118145234059066 0.5299365432794219 105.9171069993711
0.5215650045217985 -0.11099334831490158 -0.8459612418355957 -75.2325387627718 0.09461628828497624 0.9929111108016335 -0.07193944702206495 -9.032818299332192 0.8479491164270121 -0.04252061472407423 0.5283694666368756 106.57241085501396
0.5189732428329822 -0.11165750420164369 -0.8474664447509876 -76.2537989925603 0.09717600599953449 0.9927110512453023 -0.07128529016161302 -9.134123731248057 0.8492488428496074 -0.04535824611806375 0.5260409037591053 107.20997101264912
0.5183296261454295 -0.11195035876858855 -0.847821629726161 -77.24333473774946 0.10063006544853062 0.9924912978673817 -0.0695313856135858 -9.23150786555601 0.8492396532120742 -0.04927616897755986 0.5257032153060616 107.82753772083481
0.5192376998829041 -0.11236374563390458 -0.8472110715090015 -78.23540141355559 0.10371445171273108 0.9922771718310508 -0.06803915614481788 -9.328086114765924 0.848313340415108 -0.05253953682790249 0.5268814606186772 108.4456379606837
0.5172083802068161 -0.11497433525444391 -0.8481016411236569 -79.23954901634102 0.10769335648415095 0.991802168045364 -0.06877936049203331 -9.42590347558533 0.8490569076410716 -0.05576165074057822 0.5253503648934363 109.07327265709601
0.5168211697078899 -0.11695596356704134 -0.8480667315299388 -80.21206127742842 0.11056346629520845 0.9914465173900957 -0.0693507251284285 -9.519870005114443 0.8489237883712275 -0.0579232746066332 0.5253316055562314 109.67566481958283
0.5185654381576933 -0.11910564580683036 -0.8467016779747503 -81.20381556380754 0.1121917704657324 0.9911671613712965 -0.07071537922496804 -9.618835541986323 0.8476454995976115 -0.05832240869601066 0.5273477065995561 110.28733816573266
0.5188937512146885 -0.1202053974873972 -0.846345046281507 -82.17653455876767 0.11225902132819268 0.991071790840255 -0.07193481445813726 -9.71714046874264 0.8474356536521139 -0.05768334088441044 0.5277550995524606 110.89079254179616
0.5220003253600771 -0.1207382422878874 -0.8443565225502824 -83.15916814170075 0.11184811947113504 0.991071892035335 -0.07257067581518324 -9.818268031214812 0.8455800721958534 -0.056557772823309774 0.5308441954458225 111.49814486175117
0.5253810039304547 -0.12138623409884126 -0.8421639881165242 -84.1199873699446 0.11017120166244358 0.99114433045712 -0.07412976815666233 -9.917835041749429 0.8437043955280077 -0.05383584655235421 0.5341016706514881 112.09416963863498
0.5310539304300228 -0.12108832903701876 -0.8386413652723358 -85.08474926718279 0.10888514514475385 0.9912828162672154 -0.07417818641719487 -10.01674957262245 0.8403128870495981 -0.051922969333050545 0.5396093560289784 112.70116630767815
0.5374493986720466 -0.12142414342851267 -0.8345084309099027 -86.03849615035443 0.10950826002110826 0.9912495569973232 -0.07370384480988712 -10.1127116043927 0.8361555386734008 -0.05177347916899702 0.5460434250135537 113.31435404002946
0.5428076764728073 -0.12012352967847083 -0.8312220906471255 -86.98679596081992 0.10845766631926508 0.9914571587919548 -0.07245437803724317 -10.209071445078964 0.8328245679485995 -0.050823615551929484 0.5511988743851519 113.93087889949133
0.549040028045849 -0.11842611718174616 -0.827363464489863 -87.91478614382841 0.10794800355718555 0.9916671828027641 -0.07030950917228275 -10.300600438864766 0.828795678156825 -0.05070949931999709 0.5572488407769763 114.54293852670881
0.5563327144086061 -0.11850035508647602 -0.8224667632938923 -88.86042164052948 0.10864819829731237 0.9916558189422843 -0.06938519845511469 -10.394735345299123 0.8238261223616913 -0.05075827619498971 0.5645654235889876 115.18096069292783
0.5625486821306975 -0.11806837216947713 -0.8182901928571951 -89.79360342767107 0.10914039199920217 0.9916937706653365 -0.06805762306918801 -10.48620929259799 0.8195287396225199 -0.05102278625101751 0.5707620521862917 115.82451851173498
0.5720167676252922 -0.11925589575648014 -0.8115262465766785 -90.71144707476886 0.10996791502106097 0.9915922577198336 -0.0682044873597312 -10.577206116037042 0.8128369302765673 -0.050227738923851226 0.5803217202734741 116.46936158923363
0.5818231352522896 -0.12037776710953674 -0.8043575277641893 -91.62098940370028 0.10902657141092392 0.9916036359192105 -0.06953729904289381 -10.664314452780232 0.8059745938995689 -0.04723793409458409 0.5900623116001402 117.12285807554267
0.5919230428837113 -0.12114511230642562 -0.7968381096982948 -92.52500493140242 0.1079393232669373 0.99164884092511 -0.07058100866778297 -10.751909143883488 0.7987341321090291 -0.044231640893703794 0.6000561208319491 117.78792245995797
0.6028815607658531 -0.11864978131813542 -0.7889588411835485 -93.42328728027337 0.10562712301298277 0.9920452863037524 -0.06847671725854282 -10.839676874317918 0.79080764701192 -0.042052102392922695 0.610618445603968 118.46379854615554
0.6119678822804335 -0.11716122689055446 -0.7821563513586663 -94.28757747673477 0.1061881359310133 0.9921838133224857 -0.06553899883540756 -10.923842861250954 0.7837215008181785 -0.042947962633295284 0.619625759358785 119.13954334277437
0.6235774298260611 -0.11486831548560941 -0.7732764441705325 -95.15079783252347 0.10661688128818983 0.9923999977806605 -0.06144172059216316 -11.005130994010184 0.7744572484236326 -0.044130652640131135 0.6310851415313564 119.82772602988928
0.6344395013372284 -0.11545044113237705 -0.764302109630288 -95.99198297636748 0.10857184608280089 0.9922904632255312 -0.05976446126113593 -11.08491926080442 0.7653095278259261 -0.045064756007336455 0.6420829341953092 120.52583964207619
