1.0 0.0 0.0 0.0 0.0 1.0 0.0 0.0 0.0 0.0 1.0 0.0
0.9998570951549834 0.000835618834710757 0.016884638266830856 0.01717556081712246 -0.0008302556962497006 0.9999996026416148 -0.0003246414815572574 -0.00019789041834883392 -0.016884902834114777 0.00031057652161649746 0.99985739163068 0.14893415570259094
0.99922951384747 0.0036207851989242994 0.039080283656748066 0.03660385478833818 -0.00362633555809408 0.9999934222931945 7.113905123372914e-05 0.0013385024258484011 -0.039079769018876526 -0.0002128024618247179 0.9992360713908117 0.30960380664657355
0.9977904184470412 0.003526660683871038 0.06634639040444679 0.07688602234583916 -0.0035967398246589937 0.9999930928692332 0.0009368438817576562 -0.0015072674662575294 -0.06634262821076764 -0.0011734045533885692 0.9977962110590729 0.483872430055768
0.9954731425445391 0.0019114196243708217 0.09502404404948922 0.127052930207747 -0.0021745918968065726 0.9999940816275757 0.0026660569955995815 -0.005271974323898227 -0.09501838570814619 -0.0028606266518041777 0.9954714075213698 0.6897917432314814
0.9919730401954614 -0.0010278304528965015 0.12644536800505599 0.18706310318122688 0.0004763367748705329 0.9999902430916007 0.004391676773019435 -0.005310000201603449 -0.1264486481883094 -0.004296194381295034 0.9919638511988165 0.9072548419786477
0.9867013939119805 -0.0036548580626894265 0.16250231156724 0.2620927630686344 0.002934609339375054 0.9999847798815219 0.004672052368030845 -0.011352964304384854 -0.16251691395107154 -0.004133039782770546 0.9866971017804674 1.1327879280854471
0.9797192331538844 -0.004565250479877576 0.2003231955526391 0.34106665865300695 0.0035190486760983608 0.9999782489559265 0.005578343074310954 -0.013257077605985941 -0.20034430484738058 -0.004760262922931901 0.9797139885763215 1.3651538688060458
0.9711383373154988 -0.004951569706999404 0.23846553577723856 0.42924773908489045 0.003061506714877719 0.9999609038167374 0.008295662399635275 -0.016658755847474914 -0.2384972892355875 -0.0073261719506635715 0.9711155287769968 1.6110443466791875
0.9604967902089626 -0.008943722704019384 0.27814730957259687 0.5422210411114483 0.005710045796903021 0.9999063946513251 0.012433716756706733 -0.020717001969949002 -0.2782324772115536 -0.010354311159239318 0.9604579516382485 1.867155573366845
0.9482480935396707 -0.01636041578837736 0.31710864052184334 0.6694310177658358 0.011330283051070852 0.9997791395942219 0.017700189779213005 -0.029175566728729493 -0.317328186243143 -0.013191240558376335 0.9482240312226686 2.1059816632324835
0.9344431761174762 -0.02023430013018257 0.35553695125222234 0.7944101166500448 0.013456054351016065 0.9996776963919755 0.021527608732410438 -0.03450617019788958 -0.3558579565062245 -0.015332202538283473 0.9344142755526261 2.3268148680634666
0.9151167183234663 -0.022784552332550577 0.40254472549009374 0.9589862385207767 0.013827260486132434 0.9995882065307433 0.02514406952147713 -0.03483679338430889 -0.4029518565689186 -0.01744366760912104 0.9150549271754151 2.6071539878204155
0.8929009661434922 -0.026467513005072094 0.44947451030658525 1.1473260762432138 0.014605593019950056 0.9994480239026621 0.02983830038054278 -0.03014081235844273 -0.4500161567239046 -0.02007780546748705 0.8927946798760933 2.9004779607557247
0.8681314379309703 -0.03274464378084594 0.4952530613530535 1.3598647368156451 0.01741524595791754 0.9992165755155447 0.03553792936023467 -0.027995307353487528 -0.49602874481639786 -0.022226639841714718 0.8680215785320176 3.1910720696695534
0.841148601972372 -0.03928258338267488 0.5393754796454022 1.5657334342346128 0.021638659049988067 0.9990044183591703 0.039012056256680486 -0.028808153277789975 -0.5403709816731861 -0.021143574476403675 0.841161192295459 3.4210277545036862
0.813315285224611 -0.04537015530160991 0.5800515458370209 1.7826240796810189 0.025108385822149623 0.9987631640471036 0.042915161703348796 -0.024822491730113357 -0.5812811847818712 -0.020339398971609197 0.8134485190029287 3.643682057402936
0.7799606966758081 -0.05066147193489174 0.6237745801989516 2.0410145492179232 0.027734133776253646 0.9985369155492952 0.046420320000843465 -0.018535203086928326 -0.6252136670488491 -0.01890617747430764 0.7802246003482851 3.888259535175078
0.7446784925977399 -0.055138515672661134 0.6651418546083036 2.3045365671672666 0.029150065862756605 0.9983176078422948 0.05012212617432739 -0.01096810529359076 -0.6667864848079593 -0.017935940495383714 0.7450329427052144 4.111019474956695
0.7081059499401681 -0.05708341550302768 0.703795032188947 2.5942788390077967 0.026563210061109448 0.9981748656300884 0.05423406213445914 0.004843908358435558 -0.7056063771895642 -0.019708406806835 0.7083298801904059 4.349768986526982
0.6723820217290217 -0.06022357777507872 0.7377503219488027 2.894318049404048 0.02584737844844926 0.9979871527159202 0.05790989588414974 0.017314947167363048 -0.739752884335665 -0.019868661100825774 0.6725852410089925 4.568043783703086
0.6365858907192656 -0.06287617180844102 0.768638400521256 3.2009422963158847 0.02563943137377126 0.9978454397498159 0.06039120738424188 0.030775821985938714 -0.7707794907079385 -0.01873673902289946 0.6368264373554218 4.768302280428835
0.6024879410827781 -0.06712321829705006 0.7953004177135087 3.5635050190002273 0.026599158909342904 0.9975923886592694 0.06404616174610984 0.05046064364616668 -0.7976846279045061 -0.017432717933239902 0.6028228054331636 4.997455782005719
0.5702787046948499 -0.06800583425693707 0.8186314222399375 3.938078837033915 0.02499250851534803 0.9975422902386725 0.06545803009176827 0.0716919916423598 -0.8210709917477751 -0.016869667821347006 0.5705767615474038 5.2224857025452485
0.5396733761381445 -0.06843863233907763 0.839088076837714 4.340417169137642 0.02529288520718517 0.9975583819150972 0.06509642562252807 0.09474347640567027 -0.8414944545542491 -0.013907849384061265 0.540086710334514 5.449613230059309
0.5081678191402047 -0.06898588599345662 0.858490777541603 4.843591674542411 0.027187822474023973 0.9975750543181988 0.06406897307717471 0.12337430819412772 -0.8608288389101572 -0.009217295467792458 0.5088111158031537 5.715800479206906
0.479226503988174 -0.06823959651764838 0.8750344652311594 5.335188939071412 0.029488121251142495 0.9976619417170808 0.061653067680221184 0.15242834395655522 -0.8771957641144595 -0.0037426616748736166 0.4801183019873715 5.959339942906669
0.4539554365717457 -0.06750864851320654 0.8884633048037921 5.839115804264173 0.031550685117034606 0.9977182506849138 0.059689584676735255 0.18047329957585367 -0.8904656174584179 0.0009352144971908512 0.45504956817718517 6.198792780443395
0.43200862371634924 -0.06793747279570427 0.8993069825286797 6.386864195795547 0.03242234186391145 0.9976840369148443 0.05979426589029781 0.2124608726372899 -0.9012864920671815 0.0033259999147504937 0.4332107996597057 6.4507184604401795
0.41636377668621977 -0.06968803072001845 0.9065234601696492 6.972226319211272 0.03492940148606413 0.9975482075015913 0.060642481992308685 0.24636419237720036 -0.908526907898392 0.006414989066858036 0.41777710030572407 6.710113783683579
0.4040267689154643 -0.07225042280592182 0.9118893827675021 7.576673899098708 0.03802716390261594 0.9973407315751658 0.06217234068809787 0.2788348872802486 -0.9139564020265156 0.00955727709543145 0.40569983195617365 6.966535665384733
0.39561278183363324 -0.0742410504648614 0.915411816220289 8.193632568909706 0.03744127493681452 0.9972025435482236 0.06469341598694144 0.317566883981175 -0.9176538986900019 0.008680643226598232 0.3972857518867403 7.237581514977204
0.3881777942263814 -0.07593629561384485 0.9184506949629838 8.791917283588848 0.03746561681066018 0.9970759551947481 0.06660230573694279 0.35597949491280423 -0.9208226363565015 0.008556785665610179 0.3898877451171489 7.488893985562399
0.3789300156298503 -0.07715950908451848 0.9222030434847835 9.415849905431614 0.03749404905593516 0.9969798702021987 0.06800981324043048 0.39368939901796673 -0.9246654743960935 0.00880616655777166 0.3806786202171121 7.744993433278672
0.3706573127650569 -0.07772214831478123 0.9255119794768311 10.076926934696772 0.0353590192546276 0.9969508890267247 0.06956051053704547 0.4356351286747764 -0.9280963830611225 0.00694208399248307 0.3722753164241536 8.014289364039126
0.36096248617864357 -0.07892821360313534 0.9292343195713076 10.738869316391469 0.03527052392504973 0.9968546123509585 0.07097092345935152 0.4758952745944255 -0.9319131256258738 0.007156740322135362 0.36261095867910076 8.271701040127404
0.35098450382933205 -0.07984048469997151 0.93297126165523 11.452562158293924 0.03438678351697838 0.9967852510173345 0.07236513299695052 0.5211361960078559 -0.935749660534822 0.0066828405026222795 0.35260163421598384 8.539380850808097
0.34093567036969596 -0.08274683565136084 0.9364378408945534 12.168952282373354 0.03386054205547838 0.996553200812328 0.07573098205102871 0.568481701967843 -0.9394766268307452 0.005888899760628508 0.3425623862865479 8.799258635803582
0.3309301663226462 -0.08525767426481815 0.9397959108213976 12.8751660005473 0.031682733362803694 0.9963525935614062 0.07923202452368136 0.6186566335664924 -0.9431232313034854 0.0035550362043057226 0.332424325664141 9.049555759850533
0.3180717301767482 -0.08923037565575408 0.9438582067888708 13.659199944928336 0.03232622874800899 0.996002874381507 0.08326637471817216 0.6724174423211359 -0.9475153768658855 0.00402669642618813 0.3196848390502591 9.311652359851246
0.3066594886823788 -0.0914013314580645 0.947420579578444 14.413102258510916 0.032413880806964036 0.9958041210012012 0.08557740898190944 0.7222384660582327 -0.9512672065892389 0.004466453259365323 0.30833545443751353 9.549903631285352
0.2922525017158143 -0.09227118623416378 0.9518794584566831 15.185092866645297 0.0323431480856078 0.9957188321456808 0.08659057733006545 0.7744281650503283 -0.9557941180048978 0.005480465434784365 0.2939856603405304 9.780496890473605
0.27780391224357837 -0.09063634516570637 0.9563524660276489 15.945082609897153 0.030692852611170867 0.9958682519443753 0.0854656279906923 0.8283827404836521 -0.9601473507440154 0.00561049946594782 0.2794379844527072 9.99924120199814
0.26238020484405816 -0.09017729118636886 0.9607417365037699 16.702712002294916 0.030303994006372573 0.9959027916549616 0.08520151126075365 0.8804145957778068 -0.9644886189340195 0.006759121847062351 0.26403791057082077 10.204071960510225
0.2429551309380107 -0.08880225447027067 0.9659642663949283 17.49038523957644 0.028202722970273375 0.9960266080467122 0.08447249540544899 0.9347525801267214 -0.9696274597844045 0.006719796422428148 0.2444942403576923 10.403139682492885
0.2191498384236908 -0.08750398806661092 0.9717594354526785 18.297414611884562 0.02531082273866055 0.9961449419007654 0.08399176732164168 0.9901349772501069 -0.9753628609759356 0.006189248577905593 0.2205198009950094 10.588185152856349
0.19154517889510403 -0.08713360324805179 0.9776083978910236 19.078544198530846 0.02164029954630886 0.9961842832627945 0.08454922362587733 1.044468840468715 -0.9812451996711061 0.00496074240448801 0.19269989402490006 10.74397349317592
0.1583774903971658 -0.0871600403555477 0.9835241216669347 19.901541461923 0.017820445928412414 0.9961862938377346 0.08541252646276024 1.1009159804116877 -0.9872178089167601 0.003999416839801435 0.1593267159723482 10.88068571165129
0.12359039988566256 -0.08782650442903202 0.9884391322564476 20.717633182099764 0.016496826459014652 0.9961199206028506 0.08644627519420217 1.1592966127778606 -0.99219618411526 0.005622179110256177 0.12455971792344833 10.982148487213575
0.08673226713558319 -0.08802130484273278 0.9923355096595631 21.555866312140843 0.015205373518437648 0.9960900483047517 0.08702535426186064 1.2198653837598024 -0.9961156109878445 0.0075409258065743875 0.0877315449783777 11.058324099779977
0.052404882256221696 -0.08613605151094139 0.9949041707349588 22.3960421307755 0.012982285823924682 0.9962477018027167 0.08556855092609272 1.2827209006404268 -0.9985415307189269 0.0084319204757786 0.05332648635146214 11.106641706002947
0.02045613734747187 -0.08390192528698377 0.996264027945383 23.211215366325764 0.010602345370509608 0.9964347113961471 0.0836986033188219 1.3443557911800759 -0.9997345331224013 0.008850585179210606 0.021272762503251386 11.127218739827262
-0.014410456096247082 -0.08052323181568181 0.9966485578643337 24.032205563166748 0.012167756137652183 0.9966641297463881 0.08070042247379942 1.402042451845496 -0.9998221264133299 0.01328990650204323 -0.01338259763626587 11.113570116837087
-0.04635098451056041 -0.07653600166426329 0.9959888687551434 24.830812058572914 0.015619012165069567 0.996883078324913 0.07733158868427073 1.4553800005015374 -0.9988031000622143 0.019140757526642113 -0.045011095381217836 11.069899501894515
-0.08063371875983011 -0.07194919439206719 0.9941436097593211 25.64649827067888 0.018794748201419343 0.9971042340279741 0.07368788179567148 1.508944867073132 -0.9965665862545293 0.02462640675819631 -0.07904795538895365 10.999015520118531
-0.11062518787588616 -0.06874188539750847 0.9914820326155289 26.450430867968947 0.022020777098631737 0.9971906987637459 0.07159466233627053 1.5600531675079157 -0.9936182129889717 0.029753377809385435 -0.10880065866314736 10.904936029110337
-0.13863241968189816 -0.06439628556491035 0.9882480309206716 27.231604103887875 0.028798784360246247 0.9971995475623787 0.06901950710313097 1.6056345934639584 -0.989925089202468 0.038028683211881395 -0.13638965144268206 10.783059471452368
-0.1679179651242152 -0.056343658116750246 0.9841894884515715 28.049631860699012 0.033582222994041476 0.9974588979319419 0.0628329629667019 1.6530863621038028 -0.9852288014909641 0.043602054153666026 -0.16559912314459713 10.641835863830345
-0.19266520337149678 -0.04119902350983619 0.9803992859399971 28.85166241888978 0.03796667091069175 0.9980570922220549 0.04940215142295256 1.6956553379260395 -0.980529780939763 0.04674057260125369 -0.19072668288188716 10.482454793394172
-0.21290507289076743 -0.022861458349646206 0.9768053970261962 29.613334624827317 0.03904543795313775 0.9987285945232874 0.03188492208845187 1.7282384051793909 -0.9762924171130415 0.044928256183234705 -0.2117417485615648 10.315882196386138
-0.23503734447011787 -0.0069801787390430855 0.9719612769082966 30.40475515022818 0.03809293041041237 0.999139829073699 0.016386903652831873 1.7519675521883107 -0.9712396075928857 0.04087638760153257 -0.23456927671685096 10.131001991379321
-0.2551935620015976 0.003958719895120349 0.9668818823670907 31.165082797284516 0.041261363426775416 0.9991252503007799 0.006799566130811431 1.7616021776396846 -0.9660091851535887 0.04163007024010044 -0.2551336736902913 9.928448472841369
-0.2778434051312673 0.008731687684702963 0.9605866956476335 31.94727373275526 0.04456780966921896 0.9989990958647392 0.0038100922196084887 1.7657986382985087 -0.9595919719163718 0.043869854018567855 -0.2779544627129394 9.701648133060823
-0.2965045629107271 0.007802162234087546 0.9549995656740332 32.67592129390031 0.045665496539357586 0.9989386663946807 0.006016910123235072 1.7668284608321567 -0.9539390476329884 0.04539457066753849 -0.2965461622664796 9.474706028076252
-0.3131042018549708 0.003438977836222632 0.949712552413731 33.39548858038937 0.04733725001420283 0.9988070062276219 0.011989540095775283 1.766652678075015 -0.9485383194904963 0.048710755917531386 -0.31289346224567893 9.23285771902316
-0.3289171337634203 0.0007734256498789088 0.944358470565929 34.12202991455387 0.051713912000072644 0.9985139143201036 0.017194016831268418 1.7648720449070245 -0.9429417746724903 0.05449187757739045 -0.3284683315870583 8.971533395913408
-0.34250989412768423 0.0010710870259544036 0.9395136109696474 34.8373541084072 0.05324552831208301 0.9984142482983045 0.01827299947187084 1.7668234044917723 -0.9380042036896263 0.0562835816869774 -0.34202378907478875 8.708902379241986
-0.3541856527336076 0.004526086308818466 0.9351641769980249 35.55955491243693 0.054559669269981834 0.9983849917485881 0.015831953142989578 1.7704193451841637 -0.933582222349386 0.05662969886814466 -0.3538605817540077 8.433214662442667
-0.36207629915062395 0.007159850004296014 0.9321209632560057 36.30093964919365 0.05546134932024843 0.9983644251587076 0.01387491654391846 1.77352860608071 -0.9304970673381863 0.05672046478511355 -0.36188119120727374 8.14555992274769
-0.36958657727613 0.008812675336966624 0.929154507415597 37.027161697963024 0.05015312714194328 0.9986865848332837 0.010477075542196602 1.7782120621537705 -0.9278418107281002 0.050472190634428 -0.36954313988675613 7.870945996719887
-0.37875660812140516 0.008753325166712168 0.9254549211619625 37.764644471573824 0.051189958295377536 0.9986226641989728 0.011504899732861215 1.779176211179341 -0.9240795528384371 0.05173155561812813 -0.3786830154353938 7.566083832006285
-0.38703169400995713 0.01044699874193718 0.9220072277640067 38.48553452200442 0.052899027547587504 0.9985404712182375 0.010891291189749935 1.7791923066182127 -0.9205477503727345 0.05298856061968761 -0.3870194461873346 7.261142684213082
-0.39403907849286546 0.013067451354147584 0.919000786906954 39.18503670268604 0.056007322133627704 0.998382084390745 0.009818015838840326 1.7789219121937094 -0.9173856247445312 0.05533945502712011 -0.3941334294745725 6.95337563595579
-0.400075706201483 0.016291836608678882 0.9163372770804977 39.91512304726954 0.057367472617990974 0.9983264611016653 0.0072972700134522755 1.7804441416812629 -0.9146848650725609 0.055487414105734684 -0.40034078543542123 6.633867025927977
-0.40113496215289485 0.01923613916509173 0.9158169648399276 40.64525090513967 0.057519972272676634 0.9983354164648974 0.004224810245520402 1.7832128104849605 -0.9142112419612584 0.054372485522379485 -0.40157370169095047 6.319533635815916
-0.3999731543059562 0.0196243864183273 0.9163167352461965 41.38555996451382 0.05999399226136855 0.9981871507994522 0.004809664376483294 1.7825915772897787 -0.9145612044729903 0.056897235755137804 -0.4004254085798474 5.997680472150572
-0.39644979607638664 0.018615067520761364 0.9178676584629121 42.178854769581164 0.057805367688724726 0.9983167093873158 0.0047209347012212785 1.7813196897204995 -0.9162347399315106 0.05492929108662655 -0.3968585066788386 5.66608901947901
-0.3894847672563799 0.01766852418436913 0.9208634205615892 42.97040577931115 0.054965583171876366 0.9984798717325217 0.004090282579799466 1.782928621725929 -0.9193913207888246 0.052208897691422604 -0.3898638611875016 5.343484292886266
-0.3831515708345744 0.018079237433851057 0.9235085353914216 43.74545744178783 0.053510676083722584 0.9985637550058316 0.0026523072439952333 1.7815764653059487 -0.9221341991879821 0.05043380178475611 -0.383568703527119 5.032146730833165
-0.37838759517636433 0.017772240419986735 0.9254766206053516 44.558369794021814 0.05129408825174028 0.9986819805942777 0.0017939193720790357 1.7795625837783628 -0.9242249424934769 0.04815027628939454 -0.37880048385157117 4.708367159463423
-0.3751064954847558 0.01639578605317648 0.9268367144458854 45.42208516122702 0.048166098712011225 0.9988376742081737 0.001824148368870477 1.7793579766237544 -0.925729519881488 0.04532635857980791 -0.37546022057987044 4.371913886555006
-0.372979150261225 0.01504315778049627 0.9277177678984088 46.28109470812442 0.04462220920156951 0.999002416384821 0.0017408340703279172 1.7782738019812905 -0.9267661042120532 0.042046111131472594 -0.3732783313056545 4.0386776232177315
-0.3715844015809248 0.013630841645653865 0.9282991073235913 47.14921290469799 0.04328912040092878 0.9990590504883581 0.0026581369817255014 1.7743460692380895 -0.9273893920876275 0.04117297406468026 -0.3718248265648884 3.6981822549284913
-0.3718535521750333 0.011976679298891948 0.9282141427966831 48.0129711012272 0.04204385314506716 0.9991079507815994 0.003951847379293605 1.767796258349428 -0.9273388000873929 0.04049520759256207 -0.37202538625006426 3.359014760116081
-0.3730307464373686 0.012047411382895485 0.9277407623314561 48.91899682678125 0.0430779777654814 0.9990622541198948 0.004347438845123921 1.7638375035507718 -0.9268184018695446 0.04158692428933261 -0.3731999165114282 2.9979877062201195
-0.37184856718496084 0.011611267910222389 0.928220782755918 49.839700443803004 0.04304174294583893 0.9990620055963735 0.0047452437173109915 1.7591730940496855 -0.9272950185602619 0.04171675240559115 -0.37199954451861184 2.6328759726935735
-0.37095298701399 0.0106165199527939 0.928590959965415 50.74229329270165 0.043096663486183934 0.9990541055844759 0.0057941100405272325 1.753941860682128 -0.9276510976772234 0.04216851454456331 -0.3710596412429514 2.273469999673134
-0.3708203026813572 0.00993450670445616 0.9286515001311557 51.70337188575843 0.04264003288648237 0.9990703916401815 0.006338780905973902 1.749583911596868 -0.9277252452718674 0.041948279159857715 -0.3708991927205831 1.8936833797716235
-0.36898535646382835 0.00862475079202838 0.9293951906422999 52.67549649447459 0.04185850514571948 0.999096535837822 0.007346946565042242 1.7445658781665632 -0.9284921498118481 0.04161400906713046 -0.3690130105933034 1.5120966907788358
-0.36882389710795843 0.00788210368758218 0.9294658710052546 53.65988042854721 0.04288114390019822 0.999043649524356 0.008543643418728486 1.7352406326527896 -0.9285096339941277 0.04300765962609559 -0.36880916582099393 1.1231163365689465
-0.36629100602209996 0.0069404513895868596 0.9304744644759614 54.63735722795701 0.042386285411740054 0.9990586269585251 0.009233780847593642 1.7302870358571587 -0.929534454292208 0.04282160709566675 -0.3662403694971813 0.7413296688883889
-0.3637530806973044 0.006061541765188378 0.9314756862069181 55.57414212346289 0.04317169824879906 0.9990139714914295 0.010358051710423064 1.725555159250378 -0.9304944388622293 0.04398116047070649 -0.3636560968416658 0.37939773804307575
-0.3614615725507369 0.003951646494654137 0.9323786334205272 56.537066682349995 0.04451167191298254 0.9989239843806634 0.013022461079659944 1.7206172243023283 -0.9313239192851538 0.046208851089824164 -0.3612485286451684 0.006555696779427966
-0.3582373222808623 0.00230557767458775 0.9336277123332533 57.48789242171404 0.04579895534842549 0.9988364452666139 0.01510666396487071 1.7160198879428517 -0.9325065558021726 0.048170944756575386 -0.3579260865978177 -0.3580951718244962
-0.35546023016389633 0.001602306172545663 0.9346900327845373 58.418009994162425 0.04671354765155056 0.998779329888454 0.016052870565016288 1.713489742370082 -0.9335233629843638 0.04936884445174176 -0.3551011798908355 -0.7117252900806363
-0.3534494157729614 0.0011366746598316102 0.935452948287871 59.396050092087144 0.046532050539124535 0.9987826885287182 0.016367937193491576 1.7094126880495695 -0.9342956056636341 0.049313781705152375 -0.35307204954734084 -1.0788476584927014
-0.35056097747635623 0.0006070436349486126 0.9365397122219897 60.36585349676859 0.045493500620838886 0.9988303100666769 0.016381486299116226 1.7044644138756393 -0.9354343068714573 0.04834917982894508 -0.35017854636996953 -1.440425289726392
-0.35084659415970476 0.0011292682788454633 0.9364322677693727 61.306454458749585 0.04359213034632382 0.9989348718831261 0.015127719845096494 1.7000625366675557 -0.9354177641772711 0.04612858646216038 -0.3505221247975632 -1.7846977307097605
-0.35075920858337883 0.002756799351060192 0.936461626363462 62.24639052864771 0.04098280758532493 0.9990827888311016 0.012409292642748579 1.7004065119586709 -0.9355684833706117 0.042731500310744235 -0.35055046969702786 -2.129271815438769
-0.35303051184418477 0.0021638575795355566 0.9356093070440293 63.167696890407775 0.03809554828677206 0.9992012811084214 0.012063541437734703 1.695273255879639 -0.9348359144297803 0.039901347742466176 -0.352830973045978 -2.4699771044791676
-0.3561442877504253 -3.971055357725184e-05 0.9344309737620079 64.1184685088083 0.03721890929537532 0.9992058446293854 0.014227889841398934 1.6920450551627875 -0.933689455383108 0.03984568334899394 -0.3558599758681029 -2.8292584902135745
-0.3585581320251247 -0.003434906103990318 0.9335010805450148 65.03244028832931 0.03796374712540552 0.999112301666778 0.018258219034492852 1.687090129530334 -0.9327351284597636 0.041985831874217075 -0.3581094386622314 -3.184028726561182
-0.36362705373396065 -0.0052686496740197205 0.9315297134946215 65.95436545283525 0.036359525432012575 0.999141728580536 0.019844170918869804 1.6895655044197553 -0.9308347601497905 0.04108585571350486 -0.3631233974245821 -3.5404012396184426
-0.3670762466220102 -0.0034079531478681813 0.9301846134081337 66.85872778793062 0.037686128841336076 0.999117762237314 0.01853248161624349 1.6877491753776477 -0.9294271272449774 0.04185789097940938 -0.3666239655340394 -3.899696812558596
-0.3717601705614651 -0.0009651134232914194 0.928328306225869 67.73472713216425 0.03778202181838398 0.9991551841269242 0.016169009233958934 1.6893721187347694 -0.9275596446651967 0.0410851139510757 -0.3714096377319814 -4.250579564784319
-0.37655238404643143 0.0009572068308815428 0.9263948325762789 68.62143625036377 0.03733684211139092 0.9992026373023049 0.014143897244666408 1.6904681369225099 -0.9256426212583871 0.039914575823895834 -0.3762878743019772 -4.606507308614665
-0.37891342986279075 0.0026724602866619214 0.9254282633600684 69.50099415273756 0.03822668608738358 0.9991875406944734 0.012766322560032533 1.6930541514718185 -0.9246422730658558 0.04021338678781453 -0.3787077374211689 -4.965102262237935
-0.3806192314472006 0.0028064528270877985 0.924727594740782 70.37125879823742 0.03984960232108642 0.9991162364311132 0.01336993996169521 1.6916146303576998 -0.9238728320756022 0.04193888317847057 -0.38039469006592214 -5.32380579373602
-0.3817857668099682 -0.0034463171708408076 0.9242444217625999 71.28366028438364 0.041127145251067435 0.9989391898983331 0.020713589953452342 1.6937340773688097 -0.9233353595443111 0.045919688405085334 -0.381239027424997 -5.702797502153496
-0.38169968018471045 -0.010627757662094315 0.9242252998668483 72.13715467420928 0.04297364860793704 0.9986484813751989 0.029231424397910356 1.6990828328436287 -0.9232868566551846 0.0508749586150691 -0.380727092434599 -6.053195549009693
-0.3821413500941921 -0.01333762560345042 0.9240076278318543 73.005132767742 0.04346586025365312 0.9985297397450488 0.03238947108390418 1.704304219361997 -0.9230810947801922 0.05254014263348883 -0.3809997714847801 -6.409015426516649
-0.38160559997218607 -0.008191825675954213 0.9242889483608268 73.88494285785426 0.04309391730816618 0.9987156974826346 0.02664338365921655 1.7155776503018405 -0.9233201396920274 0.049998495916077815 -0.3807624850812185 -6.770263986211188
-0.37970370019051325 -0.001951130133324274 0.9251060983221523 74.74977321593927 0.044388599413291444 0.9988075505313131 0.020325581019126224 1.7235866245088036 -0.9240426139003327 0.04878186233469932 -0.37916431478107127 -7.123863564087293
-0.3789397536288175 0.001424693220618261 0.9254202468981099 75.64221931528982 0.04917838439708769 0.9986168045150328 0.01860011420065982 1.7275686561747543 -0.9241137103342985 0.05255899532346893 -0.37848566998337496 -7.496349465253397
-0.37594004771437756 0.0015083212993480637 0.9266427604483669 76.50921756202314 0.052097984191530375 0.9984513611871586 0.019511006808704857 1.7293007916780447 -0.9251782966367568 0.05561118871565513 -0.3754364328643947 -7.851136364401009
-0.37199944174695326 -0.0006126013729352495 0.9282327510164209 77.34030323270566 0.051955576925557294 0.99841834822475 0.02148068794276113 1.7351589238608156 -0.9267777691368558 0.05621767202330298 -0.371379240111766 -8.17867097842343
-0.36757552757484946 -0.004857878881032781 0.9299809850426236 78.21198050043803 0.051369187340640055 0.998353645165657 0.02551873383238227 1.7464128522026803 -0.9285738732702066 0.05715242949536758 -0.3667208225377224 -8.516854040336833
-0.36280241288251164 -0.01069933726931635 0.9318046648244606 79.09609417327015 0.049836251011029536 0.9982803216296705 0.030866608691721645 1.7564920947957856 -0.9305325127537424 0.05763613128029697 -0.36164529456256883 -8.851350934490084
-0.36019849989239255 -0.014720070580224131 0.9327595403947276 79.9683963224851 0.04449245010265708 0.9984665659488781 0.03293840564018676 1.7706078648222023 -0.9318140708098009 0.05336512160923216 -0.35899122724169635 -9.171471958299872
-0.35694878457725865 -0.01616806606693092 0.9339840249321577 80.84810666099413 0.03966082326646045 0.9986862868820109 0.03244563902358392 1.7877436355568004 -0.9332816211019291 0.04862400676083244 -0.35583861746566814 -9.49079963762556
-0.35249439533222915 -0.016743790653148367 0.9356641206832342 81.68907124707545 0.041082908304334906 0.9985990963808321 0.03334725404952553 1.7954524827658944 -0.934911704870906 0.0501945234258632 -0.3513127010420015 -9.8045432527514
-0.3494574998138226 -0.01488727253136282 0.9368339366933978 82.55263929513629 0.04343404203031217 0.9985414479757437 0.032069622190075024 1.806703636503473 -0.935944944864163 0.05189745457228135 -0.3483011834492337 -10.123257775926218
-0.342527334104935 -0.013084652620960573 0.9394167431213661 83.46982833570247 0.04409378736604115 0.9985772763495393 0.029986014641064707 1.819339176810248 -0.9384725692883541 0.05169347177472787 -0.34146306047534764 -10.453627531416945
-0.33471949931087874 -0.012449447309159898 0.9422355692939909 84.36408640194631 0.04775667912871094 0.9984036639732233 0.03015664708551611 1.8283558412923786 -0.9411068782979285 0.055092059559790234 -0.33359063025479074 -10.772880191020768
-0.32454439536215196 -0.012806653277033977 0.9457837623214183 85.2847427257156 0.052178405917774895 0.9981433566356761 0.03142059133666328 1.8389193175130798 -0.9444301717940269 0.05954686587812595 -0.3232736014109371 -11.093820506973055
-0.3128045124491706 -0.013332636453021681 0.9497239482063452 86.16765674999492 0.05074033065855492 0.9982391237692927 0.030725732228474627 1.8544946420344692 -0.94846125689777 0.05780045485571001 -0.3115772000361642 -11.377693539134237
-0.3018436989286967 -0.014840574758310715 0.9532419098832603 87.07306450779521 0.05047594798896453 0.9982276334160507 0.03152412662083244 1.86931354693135 -0.9520202519335701 0.05763114804889731 -0.30055962916351303 -11.658919268778902
-0.28949501581439513 -0.018497288115891325 0.9570007764631023 88.0099257787864 0.052295176953086775 0.9980142997171708 0.03510942932447446 1.883667080594255 -0.9557498889804112 0.0602105297469025 -0.28795284652444203 -11.939639286680022
-0.27592460327977586 -0.021106351064998537 0.960947519508542 88.87807134698608 0.052608910160532034 0.9979285944060966 0.0370246274578635 1.8993020024919707 -0.9597384622263607 0.060770407365703466 -0.27424266938605146 -12.18421364156138
-0.26121086519573017 -0.02264254355397378 0.9650161652143994 89.75030072615571 0.05302073661202622 0.9978790430745297 0.03776528672973904 1.9182308527539553 -0.9638245096452034 0.061030571143220205 -0.25945632386418366 -12.41703677913378
-0.24553388519634328 -0.02402899681382739 0.9690901498480472 90.59099791278807 0.053747121092681927 0.9978175368666247 0.03835896369391691 1.9319298602261195 -0.9678968737394692 0.06150423102148115 -0.24370652714241942 -12.631781165491244
-0.23162998579670946 -0.021795413916630653 0.9725597717426004 91.44163942892727 0.054398781005028006 0.9978944511166095 0.03531907495742022 1.947955776011941 -0.9712817934590268 0.0610870228680659 -0.22995663359019058 -12.831999883869399
-0.21926806326101178 -0.014675937006002171 0.9755542697906462 92.3113129114849 0.05480566471230704 0.9981228417775838 0.02733371246799222 1.9618656150743679 -0.9741241479140158 0.059459310413395694 -0.21805213793025824 -13.025745527125618
-0.2038408664793515 -0.011803097495239646 0.9789328822970783 93.18645984981349 0.05034778799358529 0.9984777588313717 0.022522552325048177 1.9735590963802436 -0.9777085462432556 0.053878121799107025 -0.20293631167018977 -13.20228192740897
-0.19023196660818437 -0.0158450522670965 0.9816112943518099 94.10733002387785 0.048395433473943414 0.998502783517907 0.025496535565855516 1.982951642265544 -0.9805456036815686 0.05235576019546272 -0.1891803199994741 -13.375723434799031
-0.175375290147821 -0.021361379516178503 0.9842698812169015 95.06325350413712 0.0475936364995842 0.9984116973880988 0.03014843749451722 1.991789506886437 -0.9833505750088891 0.052132273917230534 -0.17408007538459352 -13.543286616748968
-0.16225453747725255 -0.021642045901201425 0.9865115746494074 95.95250036108916 0.04434176155428903 0.9985895884027922 0.029200036229509188 2.001837363754552 -0.9857521358081379 0.04848149938638825 -0.16106604535699692 -13.681386332417274
-0.15373046995428247 -0.01719657944437937 0.9879631674627595 96.88094771076871 0.04007889303032741 0.9989172162917441 0.023623660372944694 2.008475651921277 -0.9872996631930445 0.043228146517816535 -0.15287479323791459 -13.815976973431676
-0.14847739130645637 -0.010312606142476786 0.988862030025109 97.848662508831 0.034672528856455415 0.9992765401046231 0.01562728828785936 2.0178148142313543 -0.9883077860735126 0.03660664626927397 -0.1480124097344156 -13.948790941690726
-0.1462998695481812 -0.008120777395949578 0.989206955669374 98.78083508439002 0.030880782362119736 0.999441471382623 0.012771944301537257 2.020836388459076 -0.9887581733927103 0.0324160184943125 -0.14596738092494443 -14.073315449847764
-0.14359895764074665 -0.009552181793229421 0.9895898621082779 99.72460322424571 0.02916470131607129 0.9994782508357181 0.013879708336937685 2.022331453275973 -0.9892061259220122 0.030854204403341925 -0.14324544847568937 -14.201966374817045
-0.14080266326977486 -0.010587673843922889 0.989981066070818 100.67298430838369 0.02633608954293013 0.9995489084474055 0.014435719905398464 2.0247799712552625 -0.9896873346687455 0.028104817810743095 -0.14046031045138607 -14.328172145440476
-0.13631213623064542 -0.014438875279131163 0.9905607101015625 101.58237016473655 0.023292308851442834 0.999570658012462 0.017775488429376353 2.0333069702999773 -0.9903920788579679 0.025495460796141532 -0.13591729696468158 -14.44295789378634
-0.13042285240453771 -0.01936468813893084 0.9912693319294945 102.48465678979858 0.02107726866460183 0.9995291360317067 0.022299214545593696 2.038180012832303 -0.9912343962536332 0.023801577195475408 -0.12995328624818786 -14.554370087976517
-0.12607847179785886 -0.023102942837744687 0.9917512152658814 103.40254800002582 0.016858580298096844 0.9995345084893701 0.0254274381180244 2.0478572623991966 -0.9918770121438691 0.019925370037950127 -0.12563030052261132 -14.662433980954107
-0.12299448462529494 -0.023289972959010388 0.9921340302153367 104.34795327976276 0.011129101177182413 0.9996293511098246 0.024845593306240147 2.058604995962051 -0.992344950034385 0.014097430947502921 -0.12268970039059612 -14.766043051884134
-0.11948813587833179 -0.022046761175588805 0.9925908148406312 105.25591210160867 0.004542282482200351 0.9997308174329149 0.022752150332840376 2.0654924297516324 -0.9928252379216463 0.007227239900738234 -0.11935582913810278 -14.865948363533787
-0.11455316805495813 -0.021414575033405887 0.9931862804452704 106.15767527762587 0.005060007855799039 0.9997420851854515 0.022139544474641944 2.0666107973309824 -0.9934042319262949 0.007561685340188772 -0.11441526517796557 -14.968547061068383
-0.11015195198345745 -0.01995811905546592 0.9937143558176074 107.10477908110013 0.006451651352286222 0.9997629490122513 0.02079475840579893 2.070399056201481 -0.993893819112013 0.008701681796920057 -0.10999707752864402 -15.071671326730772
-0.10292836818073164 -0.023302278766498104 0.9944157856892359 108.03594021865791 0.004255242617480759 0.9997060937715829 0.023866691983386947 2.0788725171098315 -0.9946796690060165 0.006688040090482617 -0.10279896004255079 -15.163615248012372
-0.0966365669168942 -0.028274901599941452 0.994918038772054 108.9558926231299 0.004248410155220091 0.9995755916952338 0.02881991495955851 2.0863018976179064 -0.9953106675534376 0.007011877540059429 -0.09647543017625554 -15.251032059592863
-0.08889290335669753 -0.0325029271729053 0.9955107289517325 109.84413256500397 0.005168410609353184 0.9994389233757892 0.033092687609449584 2.0962617363874863 -0.9960277803678922 0.00808691329471924 -0.0886750391529304 -15.329402314973109
-0.08405905480498732 -0.029628156050203143 0.9960202044508719 110.72290740354822 0.004341688843344203 0.9995374870026659 0.030099199563828193 2.1072244350803904 -0.9964513159423694 0.00685452007513185 -0.08389154016502443 -15.398241391720568
-0.07949394441378632 -0.028401712257778905 0.9964306576688438 111.61636135657365 0.0059876126952469275 0.9995623868252926 0.02896866131418354 2.1176685961739663 -0.996817366068504 0.008269074008042722 -0.07928909836351994 -15.465295041630316
-0.07333235055441889 -0.028751357283990312 0.9968930362965188 112.52159159931021 0.00624326586679461 0.9995515375407654 0.029287291291761407 2.1309339578059747 -0.997288016569677 0.008371574178152125 -0.07311996138059274 -15.528594416016201
-0.06827717315830112 -0.03091657441840001 0.9971872407184837 113.44196458318652 0.007265659374962458 0.9994778139785594 0.03148506881820904 2.143266528497201 -0.9976399339538081 0.009394934319721084 -0.06801689047412957 -15.586918043351714
-0.06066653165870589 -0.03330891905105891 0.9976021691276306 114.36856824123903 0.008890610946179284 0.9993853755143343 0.03390911743288608 2.154535813546572 -0.9981184944551961 0.010926441311039273 -0.06033310788256735 -15.640721681805006
-0.05316429582179233 -0.03434952322049919 0.9979948235859232 115.2212226874878 0.011585502872568364 0.9993197262021711 0.03501229707414154 2.16500784416854 -0.9985185695684199 0.0134236760145132 -0.052730173044422235 -15.691004160897664
-0.0477776313902018 -0.03473368533591308 0.9982539101059049 116.11139772388643 0.01488846186351652 0.9992594330239215 0.03548125161334989 2.181465927688227 -0.9987470308552016 0.016557675431563643 -0.047225117704695785 -15.736488174745595
-0.040509838588931424 -0.03516078223045055 0.9985602998169122 116.99427795278727 0.013162344404341239 0.9992751570674507 0.03571992661811167 2.1998693643330505 -0.9990924410019727 0.014590403036400622 -0.04001767699348824 -15.769736845033446
-0.03413061144940932 -0.03648423881674347 0.9987512211156753 117.87045211846826 0.011386201891716475 0.9992543996010886 0.03689172379205629 2.215591330692792 -0.9993525182679888 0.012631120133667045 -0.03368974674286451 -15.796048336186232
-0.029975357728868668 -0.037703107183972774 0.9988393032103315 118.75434554987606 0.01165179433389317 0.9992072679770401 0.03806666928772023 2.2286624460577484 -0.9994827230211774 0.012779332163061888 -0.029512286452240855 -15.823637973551307
-0.025631416623398906 -0.03888040356780464 0.998915083828592 119.6409585353397 0.01041559575760883 0.9991787490072659 0.03915792253541827 2.2471013767010395 -0.9996171996553943 0.011407968735948631 -0.02520540423059675 -15.84249672045339
-0.021876929319626426 -0.039258664164522415 0.9989895681395085 120.51816385462682 0.00944301528445833 0.9991760248961217 0.03947278473990509 2.2657880935471106 -0.9997160744060696 0.010297017082759537 -0.021488183108764825 -15.856976642623032
-0.017565562385265465 -0.04176577672291207 0.9989730081002295 121.44521037165667 0.006420535126299531 0.9991018478014151 0.041884059598968224 2.2856981030508337 -0.999825098578137 0.007149658350566482 -0.017281627200263106 -15.867047261215927
-0.012894423193388793 -0.04507563177063441 0.9989003560270605 122.35203759092354 0.007009027835643628 0.9989547909003174 0.04516856502151306 2.305053247030348 -0.9998922978897823 0.007583742992853484 -0.012565009467142396 -15.87797975261557
-0.009774375868639495 -0.04702644770191296 0.9988458213322605 123.24506900380399 0.005570923499178027 0.9988754758600987 0.047082359080952846 2.3274529374101203 -0.9999367111911358 0.006024694332555151 -0.009501403604437186 -15.883136386145745
-0.004970079522244597 -0.04630577225231364 0.9989149482141408 124.13807668800128 0.0033469418119148435 0.9989209204357945 0.046322701736978486 2.350982225962921 -0.9999820479838879 0.0035735377180426617 -0.004809733685715467 -15.88163247991041
