1.0 0.0 0.0 0.0 0.0 1.0 0.0 0.0 0.0 0.0 1.0 0.0
0.9999484203669828 -0.0024020649535983034 0.009868469462614363 0.016009457409381866 0.0023872818498047524 0.9999960111086009 0.0015095205386684296 -0.010898750275373459 -0.009872056064744074 -0.0014858838601195614 0.9999501660873951 0.33083271980285645
0.9998426295144712 -0.004484670669157926 0.017164030254496677 0.030551808624735083 0.004448768010777481 0.9999878370933145 0.0021293493421725715 -0.020943150485490232 -0.017173370920537577 -0.002052655456700511 0.99985041978128 0.6546071987554332
0.9997327014371924 -0.007160395710092913 0.0219830482501551 0.045690257657937286 0.007126820048470636 0.9999733153540146 0.0016053086611285971 -0.029717301891828793 -0.021993956285545384 -0.001448210335434912 0.999757054775676 0.9635423581764742
0.9996939103685516 -0.009288801979661959 0.022930410589807302 0.05706598977196935 0.009275109579280488 0.9999567378400247 0.0007034135544080368 -0.036106489826979976 -0.02293595243993277 -0.0004905161758940557 0.9997368161068965 1.3057626297108507
0.9997364489189982 -0.012096083043616233 0.019511982929305092 0.06729952583387706 0.01210550102717469 0.9999266592546098 -0.000364632413280355 -0.042664362378646105 -0.019506141281981578 0.0006007386434065844 0.9998095566483498 1.646243514901916
0.9998488846235751 -0.0140753363543276 0.010202589058925215 0.06641743810101539 0.014094115382543772 0.9998991045511199 -0.0017710532042418147 -0.051370365337192414 -0.010176631494571263 0.0019145820382673578 0.9999463838361747 1.9778568790728532
0.999885841256974 -0.014161057169354237 -0.005269621777691862 0.05100263050333127 0.014150463355646882 0.9998977915974776 -0.002042240266943281 -0.05867954184849994 0.005298003459241808 0.0019674395374981017 0.9999840300429864 2.3429982019330735
0.9996270511759583 -0.012681402264796459 -0.024185545142848267 0.02362461949065577 0.012656502835679562 0.9999192042637187 -0.0011823199999829196 -0.06389572739063089 0.024198584529446582 0.0008757746344463697 0.9997067877760765 2.7237531385661855
0.9990271701440203 -0.01136926416952208 -0.04260813474295929 -0.006283247129563008 0.01132348948242224 0.9999350218882673 -0.0013155178644366722 -0.06901365480758687 0.042620322616939744 0.0008317653237545446 0.9990909949881813 3.067962937604954
0.9980813867670904 -0.012538919518900404 -0.060632671773397324 -0.03844911984030354 0.012457322291085884 0.9999209190367582 -0.0017235991474336262 -0.0753815008805509 0.060649488954302076 0.0009649714936502916 0.9981586588912599 3.4533145745427127
0.996638038717553 -0.015364221926373711 -0.08047708037588634 -0.08111458921172923 0.01530308084434739 0.9998819535309063 -0.0013764882456096732 -0.08297543160671784 0.08048872901158959 0.00014031327831295827 0.9967555090463674 3.881763606888347
0.9949360013390257 -0.01812847197341514 -0.09886208445819668 -0.13011569915688576 0.01812393564057302 0.9998353023058311 -0.0009440444396476618 -0.0898029612102676 0.09886291618401148 -0.0008525062561438651 0.9951006969330675 4.300040556485397
0.9932202954043303 -0.019174725788299766 -0.11465502469529418 -0.18943957928231087 0.019270483506413975 0.9998142696528782 -0.0002732469778942095 -0.09976841199799921 0.11463896921363187 -0.0019380633182157258 0.9934053304911399 4.733124826617807
0.9914271769584331 -0.020297108462190686 -0.12907432035965244 -0.2539077237020348 0.020522853395128004 0.9997892962635252 0.00041900525925516537 -0.11016119369475183 0.12903861932287636 -0.003064386555131017 0.9916348341291197 5.183573168833463
0.9898941926422536 -0.020977454041246124 -0.14024775860985522 -0.32208850838278835 0.021220135858933974 0.9997747999451667 0.00023500793680630784 -0.11819147587614406 0.14021124493873233 -0.0032087094834815063 0.9901164128405212 5.62166961618789
0.9879956155286806 -0.02403593393995571 -0.15260058183289352 -0.392056324355278 0.02420410314136855 0.9997067520709141 -0.0007558140948268478 -0.1282998214479624 0.15257399872594787 -0.0029468192102725024 0.9882876560846627 6.0764779584360635
0.9865206038438649 -0.028094812722274116 -0.16120725693850382 -0.4589524519101706 0.028048469905384694 0.9996032769116268 -0.0025636153191586205 -0.1397476468199282 0.16121532658994672 -0.001992557562089497 0.986917244852302 6.5244247926187064
0.9852596680893366 -0.028744413699228977 -0.16863316731170647 -0.5430958392556046 0.02840039261910189 0.9995867128261687 -0.004452105171201941 -0.14888380332468382 0.1686914465394475 -0.0004027684969779193 0.985668825540286 6.9954415633495755
0.9839858441000523 -0.02982738334803269 -0.1757332803236691 -0.6317727968148971 0.029211615113201427 0.9995546951596702 -0.0060903962709443135 -0.15682898490166614 0.17583668602764882 0.000859410768173596 0.9844189764830551 7.483523899939741
0.9828201857860566 -0.031539973979447425 -0.1818507972290389 -0.7253165747020536 0.030450548732308284 0.9994977084212087 -0.008780372580586504 -0.17022246681494052 0.1820363878277158 0.0030920708478908627 0.983286932997947 7.980216524211822
0.9810186261759023 -0.03583177449212375 -0.19057423496551462 -0.8205699925711075 0.03443232406647422 0.9993502781157673 -0.010650666144437687 -0.18260076657608135 0.190832046981965 0.003886588051821449 0.9816150081768253 8.4886804897255
0.979391282517371 -0.04122979027605547 -0.19771904339939508 -0.9175834730859016 0.03967819342884989 0.9991427801938172 -0.011804480200006922 -0.19920795791178797 0.19803625096229774 0.0037160705539673287 0.9801876525055985 9.010606677524919
0.9776493372982752 -0.044299541749992274 -0.20552207638349781 -1.0269665391423641 0.042261791161049334 0.9990042816708109 -0.014296370562043755 -0.21372417902597318 0.20595075694957635 0.005291106134648033 0.9785480519155759 9.540708822194011
0.9759246964085652 -0.041675296493739605 -0.2140891323771688 -1.1552995744426493 0.03849087982892854 0.9990778593630687 -0.019023225291818845 -0.22589098543566255 0.2146845106425822 0.010324756300620862 0.9766288754165975 10.068915211906072
0.9741795149682085 -0.0403056196447347 -0.22214799040585545 -1.2911919990409615 0.036208813284501776 0.999091249244183 -0.022485495863467594 -0.24273796892655325 0.22285240509546708 0.01386119434795961 0.974753647253712 10.625461374502901
0.9717999675516569 -0.043906158752601045 -0.23168312905818209 -1.4176601684316383 0.03937949490506964 0.9989329504676723 -0.024129149404256273 -0.26309921207616993 0.2324953299479808 0.014325142007768053 0.9724920112056639 11.165042476875684
0.9696647328662406 -0.04574417227333769 -0.24012033761943083 -1.552625423640382 0.04068986117535924 0.9988343325132231 -0.02596750643388835 -0.28423261779260106 0.24102829923677474 0.0154093119863037 0.970395750233448 11.697105862053208
0.9674957174553309 -0.044715295625630126 -0.24890275017104016 -1.7044047875649508 0.03873886683392692 0.9988325106817725 -0.028860280691124972 -0.3024875871661241 0.24990265485188026 0.01827998747974808 0.9680983964224518 12.243130355659043
0.9652356466440639 -0.044763398609808096 -0.2575196780685222 -1.8700913370038035 0.03774286113792671 0.9987703777145803 -0.0321435690768455 -0.32587830864756 0.2586418815287637 0.021306589233713275 0.9657382701200605 12.833125927280962
0.9633733347335712 -0.04632519833479619 -0.26413215238505283 -2.0378549788101052 0.03761830483363657 0.9985720632192505 -0.03793016872481628 -0.35179160476222815 0.26551211095873306 0.026604709306647795 0.9637403739477487 13.425185072765347
0.9615310234418069 -0.04886853649838578 -0.27031455214149597 -2.209595326514915 0.03778891006785258 0.9982243651601913 -0.04604470736596141 -0.3811859195099842 0.27208470966747716 0.034058522296764544 0.9616703841879117 14.013744438550908
0.9607265430395064 -0.051309358182767724 -0.2727120445859183 -2.378733967206748 0.037678675999674706 0.9977757563417118 -0.05498961203387974 -0.4111392693319793 0.27492694825038705 0.04255455110323127 0.9605229218015214 14.583889255084154
0.9600301939649577 -0.05388204685982344 -0.27466115797797447 -2.561773536579483 0.0376612182352489 0.9972392221316582 -0.06399661306102425 -0.4493251805627444 0.27735114803555977 0.05109460703872077 0.9594090273782689 15.196136089416708
0.9594824345126731 -0.054822554787621575 -0.27638369226166787 -2.7486527596991492 0.03569628951982558 0.9966363934267963 -0.0737677043952507 -0.48882280396380984 0.27949818027341594 0.060912944304035474 0.9582120748769881 15.79968902330845
0.958867159840049 -0.05625392280046668 -0.2782252072509561 -2.9378581203981935 0.03492790261269192 0.9960998583936049 -0.08102538939936556 -0.5381879982912828 0.2816980855443584 0.06797476206504623 0.9570922736721074 16.422449390793933
0.9583214166859934 -0.05713938938649024 -0.2799199037251371 -3.1360619667521057 0.03387969311228364 0.9956108094549873 -0.0872426643965149 -0.5933931261795244 0.2836762745024132 0.0741229133057012 0.9560510263618294 17.06858561596153
0.9580853927392865 -0.058384286151104 -0.2804704179592448 -3.3314937331508334 0.03355172490706429 0.9951433291320863 -0.09254207821131553 -0.6514505250701811 0.28451126862633785 0.07925294704006007 0.9553911808312329 17.7069531621157
0.9580428495643027 -0.05733175560699112 -0.28083263378341766 -3.5405946279768257 0.03103119529858481 0.9947788120351242 -0.09722232276760523 -0.71328729737796 0.28494028026421964 0.08442857884038771 0.9548198006733735 18.376122131491353
0.9574117336206573 -0.05543740198134478 -0.28335396024592 -3.7641521039047308 0.028198016880991956 0.9946554713800642 -0.09932454428630405 -0.7809295811339809 0.28734586158402725 0.08710446438192174 0.9538580440061676 19.08084143705091
0.9570449715893622 -0.05402899901871866 -0.284861000525787 -3.989078696864312 0.026066739000300446 0.9945391939457189 -0.10105600835027152 -0.8506481082524352 0.28876538482547964 0.08928974728844981 0.9532270944301561 19.78556188194404
0.9558377176734155 -0.052607715150754554 -0.28914820729081747 -4.216256389802725 0.024307364303024402 0.9946289451610494 -0.10061020568738872 -0.9233972009509676 0.2928880494549352 0.08913859856670218 0.9519826157719731 20.508930824561133
0.954089849464614 -0.05130284234660998 -0.29509418414423105 -4.447344325625462 0.0227482784657268 0.9947877715578881 -0.0993972101506725 -0.9966993439379925 0.2986554452465855 0.08812098459532829 0.9502839665586881 21.228979717843917
0.9523411094508822 -0.050622683863402754 -0.30080517802778767 -4.687218589030894 0.021964064418698314 0.9949534908173896 -0.09790368218050886 -1.07105316127844 0.3042433090867806 0.08663079699943203 0.948646991186484 21.967341518240787
0.949021822849404 -0.049823593468137084 -0.3112477940315664 -4.972549324456453 0.02089525977301503 0.9952007644303507 -0.09559721019080009 -1.160257441732256 0.3145170390847097 0.08422023516452326 0.9455083204891535 22.81688210877803
0.945028175464959 -0.04916266580154438 -0.32327199054148886 -5.239897162174578 0.02112213399112263 0.9957462145744711 -0.08968462307593487 -1.2380626989799501 0.32630599601146143 0.07792630141291902 0.942046648799873 23.589374176330026
0.9421589502308287 -0.04854294750950689 -0.3316324693799337 -5.476961582924645 0.0210813623873577 0.9960798115163108 -0.0859103326121151 -1.2992271200774277 0.3345027483591671 0.073949924521399 0.9394888610321273 24.247047788810615
0.9387037941418815 -0.04620573791565653 -0.3416141341445135 -5.760249704602784 0.01901463463615354 0.9964078374731901 -0.08252190673787464 -1.3676772145378098 0.3441999862482415 0.07096795900736157 0.9362104027733509 25.00630730581857
0.9354568844638905 -0.04520706232060488 -0.35053778516081896 -6.058239375860747 0.01767923462243579 0.9965297707575298 -0.08133794106756034 -1.4395345994921764 0.352998388059034 0.06989089719188041 0.9330098608897109 25.78233523822367
0.9318841617041549 -0.04536356576527915 -0.35990839954911263 -6.370890369543788 0.017223684603375387 0.9965642240370028 -0.08101291291028892 -1.5099062448709444 0.3623468695237037 0.06929570167467677 0.9294637442502997 26.570136809090663
0.9286632218452372 -0.04548851813352388 -0.36812418435908273 -6.687811864269124 0.016867636707633322 0.9966040408290316 -0.08059695177328491 -1.5784747529247933 0.370540285561399 0.06863803989962111 0.9262768032585157 27.3483966993835
0.9252327130300693 -0.04537131663801517 -0.3766774088866369 -7.0143731627472246 0.016730816765628 0.9967371809196067 -0.0789624717368345 -1.6470664759101343 0.37903100995746075 0.0667565412447977 0.9229729452652765 28.135714555177646
0.9218780048384534 -0.04602725729022583 -0.38473683964680605 -7.340382478338864 0.017485898878547373 0.9968500434604656 -0.07735783213920394 -1.7155280419025856 0.38708550416604603 0.06458701447820137 0.9197789571550932 28.91200936228147
0.9185695921687537 -0.04578192622216914 -0.3925989296652724 -7.68677929025775 0.01792549000497156 0.997072538627818 -0.074330542325213 -1.784100272768255 0.394852606868704 0.06124024775967581 0.9167011786309225 29.717915317112293
0.9144763969316048 -0.04440279347230079 -0.4021956133361555 -8.047718185533368 0.01760537540717578 0.99738580529721 -0.0700828520282127 -1.8505637660734073 0.40425607009884523 0.05700830924954843 0.9128675054271268 30.526623016318183
0.9108242632942641 -0.04549556305935784 -0.41027955729767146 -8.406259835868992 0.01982865582082209 0.9975826220802864 -0.06660132530032951 -1.9180969317073286 0.412317821349988 0.05252681091911947 0.9095245726927155 31.32593115941606
0.907250838138783 -0.04595679142798295 -0.41807163263981556 -8.813364982212889 0.020769182071358566 0.9976949950894863 -0.0646013765292738 -1.9899777972007788 0.42007684746075064 0.049926647143936284 0.9061141054703885 32.20279171606213
0.903982209174421 -0.04631660225730651 -0.4250540410953318 -9.21268987056967 0.021477031388516827 0.9977793646700952 -0.06304820823209739 -2.0562176626578474 0.42703032985827855 0.04786555957971995 0.9029695374636125 33.0447102491856
0.9013569466400829 -0.04653283614794278 -0.43056979678525464 -9.621638565763199 0.022302404832535233 0.9978790540354419 -0.06115550879534456 -2.1178400485157525 0.4325023207826202 0.04552020076142533 0.9004830114112576 33.89221272532799
0.898422966666619 -0.04781020273590485 -0.4365207411799616 -10.044324488714752 0.02402447888320831 0.9979181299159431 -0.05985173681237224 -2.18231499524105 0.4384734853789241 0.043284991618560725 0.8977011819755167 34.75816016229417
0.8964850231343531 -0.04948677239665441 -0.4403017858850453 -10.461523183948081 0.02589579993104444 0.9978964824753519 -0.05943078166448016 -2.243587701814527 0.4423166409278877 0.041876838718813474 0.8958807507348222 35.60850955186776
0.8952786851727572 -0.0517806998202757 -0.4424871015085774 -10.89267566577493 0.027996853379873392 0.9977985397446378 -0.06011863508343046 -2.3058574515434698 0.44462596873795557 0.0414346860684536 0.8947574613906517 36.4773039417185
0.893686263133073 -0.05264083998923737 -0.4455937668465208 -11.346565736794686 0.028655229810249292 0.9977627990188154 -0.06040094948476294 -2.3670672609822776 0.44777644075114736 0.041210907043725604 0.8931953427156165 37.38072588251221
0.8934631552440498 -0.0532718041905976 -0.4459660358139684 -11.806894616769469 0.029907574700208297 0.9977937949159704 -0.05927123925427807 -2.4333529169598496 0.448139629130139 0.039618905909490236 0.8930852227518025 38.29255875653949
0.8925300973363909 -0.052638269670593076 -0.4479053894683325 -12.283317862089127 0.0301462213007272 0.997907299438974 -0.057203383358866794 -2.4993179103661833 0.4499791447278199 0.037553086324559504 0.8922491440273395 39.230505826771086
0.8921367591560058 -0.05314237669869767 -0.4486289009431213 -12.756158420646878 0.031329009662113376 0.9979441045518294 -0.05591115580846849 -2.5672905240158124 0.4506778185313877 0.035825298171283215 0.8919675172867723 40.162174348623815
0.891307695589466 -0.05517859379770437 -0.45002879304496063 -13.245116001589999 0.03375492225521963 0.997888016739091 -0.05549875018473869 -2.6346905277890746 0.4521406827598465 0.034275776213411914 0.8912878177998554 41.12154056347101
0.890049723296098 -0.058117842942957874 -0.45214356834107144 -13.727809716730535 0.03689781899565767 0.9977701044042862 -0.0556180699990907 -2.700568825450968 0.4543677376463949 0.03281973626825405 0.890209426987481 42.073911222137916
0.8891841079006282 -0.05871463435957779 -0.45376669552644006 -14.224117692168472 0.03857017654459991 0.9978209983350114 -0.0535312690213817 -2.7663583408196835 0.45592100602876623 0.03009729213305131 0.8895112080620319 43.03972993119714
0.8869782384502346 -0.05887026891201422 -0.4580435524641146 -14.716603724706072 0.04037637229348709 0.9979291017712957 -0.050072511404490996 -2.8321265989835935 0.4600427730941295 0.025919090959412232 0.8875183646819378 43.99539669226798
0.8847720819154106 -0.05913480210059251 -0.4622568963721298 -15.208229684760154 0.04232147055264121 0.9980135353087788 -0.0466677240792288 -2.8928584176337235 0.46409832599712325 0.02172690776426478 0.8855171852006437 44.934399293492035
0.8816662960712718 -0.05975629778553204 -0.4680744889939332 -15.72076834948503 0.04357081008598898 0.9980209157230969 -0.045341330898884154 -2.955504899656963 0.46985756020353187 0.019581538606510095 0.8825250344694968 45.89585953083997
0.8765386047998425 -0.06367395368567802 -0.4771013539255361 -16.25396806892856 0.046151121122491756 0.9977626185366513 -0.048371800359527053 -3.021588946908849 0.4791139199759099 0.02038098802607413 0.8775160779224495 46.87772579903989
0.8707462048606748 -0.06777133772804009 -0.48704013438656557 -16.777411170315176 0.04831417393594569 0.9974558253496594 -0.052417717166213254 -3.082349832319651 0.4893534380359651 0.022111586523401543 0.8718051906382521 47.819287020011096
0.8643437837412713 -0.06714243014444082 -0.4983991548770135 -17.331330731045632 0.04724126669047053 0.9975053917399879 -0.052452418162876616 -3.1466504710383676 0.5006776270508821 0.02179191418743004 0.86535947804756 48.77070394835903
0.8581482094644763 -0.06511697622880613 -0.5092557608900761 -17.904046173883938 0.04701344469838903 0.9977232533787147 -0.04835334202497976 -3.2134592526424877 0.5112449379803234 0.017552466328418184 0.8592557967888753 49.72954062003986
0.8527560535567646 -0.06294202361191824 -0.5185030518578742 -18.485724696896842 0.046622339378247384 0.9979225774584564 -0.04446219595983654 -3.277440556265763 0.5202244425180271 0.013741581506802925 0.8539190232946564 50.67584029988168
0.8485673668392394 -0.06359546386395878 -0.5252514073388552 -19.070741417465396 0.046555251638468714 0.9978740577922872 -0.04560672461418776 -3.343909053079771 0.5270351340094881 0.014247166773903384 0.8497240644812397 51.610685777148774
0.8460911148403384 -0.06706993220116504 -0.5288019001315754 -19.64061758245813 0.048037532389778204 0.9976097959896918 -0.04966981404542056 -3.405526288455749 0.530869306769693 0.016622849934255373 0.8472906585050545 52.51643680989859
0.844151860663958 -0.07019065478019329 -0.5314893302025031 -20.215705457506576 0.04701775249191733 0.9972649593626945 -0.05702571155129878 -3.4683720408308547 0.534038357319197 0.02314892673215881 0.8451432778546858 53.417907949349804
0.8409162322447838 -0.07167732296041654 -0.5363974754978487 -20.79483404759449 0.04761410764711832 0.9971453565527733 -0.058600637011996165 -3.53197874540451 0.5390665887441046 0.02373813974327496 0.841928568004034 54.32043411816945
0.838584704856827 -0.07199263106741727 -0.5399932905621877 -21.387851948194406 0.04974579262835564 0.9972077490148785 -0.055696152653984934 -3.602686094824324 0.5424952063345493 0.019843547481992744 0.839824496384432 55.24225919080604
0.835533982656386 -0.07025250947652426 -0.5449289391641895 -21.981896506583652 0.05078836128764039 0.9974209535939877 -0.050714728525117034 -3.669081567446911 0.5470863790884161 0.014697831265566993 0.8369471115739721 56.1513433052182
0.8324357499788896 -0.06924421626868692 -0.5497781013012605 -22.57037368208649 0.05121824415729405 0.9975291094196614 -0.04808708065438207 -3.733574327038999 0.5517494119820406 0.01187073602404438 0.8339254595008597 57.03694355361621
0.8302482984685594 -0.06882003934679685 -0.5531288864942485 -23.180852073316636 0.050276693502005226 0.9975497531937718 -0.04864919314387959 -3.7957893091667567 0.5551216235930352 0.01258141833619756 0.8316740292518953 57.93807718558026
0.826568512397871 -0.07050632690197768 -0.5584025001548274 -23.794509867431817 0.05094376611324203 0.9974224040077322 -0.05052999779967793 -3.8606692236708384 0.5605258486515763 0.013319378747810359 0.8280298105401777 58.84000207300116
0.8232511244784714 -0.07298322198513196 -0.5629662826081165 -24.400759000632995 0.05195344719589993 0.9972257560432948 -0.053306948968614244 -3.9252169649408564 0.5652949896906885 0.014636966644375311 0.8247589549911272 59.72200987458335
0.8200855107388184 -0.07429247055216603 -0.5673979061430408 -25.016554977485296 0.05304332068342251 0.9971367888304943 -0.05389462395903572 -3.991566388639042 0.5697772908840146 0.01410153112487459 0.8216781520843834 60.606661089859166
0.8166247556623525 -0.07462960527195256 -0.5723237112477129 -25.63801388448382 0.053847714567220595 0.9971314859523842 -0.053190444238389 -4.06005227323736 0.5746515744999661 0.01261830968642718 0.8183008897620527 61.48771178913057
0.8134018858603099 -0.07405897218567761 -0.5769684919626827 -26.27930254940844 0.053551539543628075 0.9971839670850976 -0.05250112761583531 -4.129660557275837 0.5792319092482721 0.011806965199746177 0.8150772913542454 62.38084243339253
0.8079405665281334 -0.07546551799493428 -0.584411667022447 -26.933150179061705 0.05434193999775263 0.9970812940055471 -0.053626921424828666 -4.201305011431305 0.5867529245904785 0.01156930153381536 0.809683368204226 63.280755770733094
0.802791260374351 -0.07670739608729976 -0.5913054774412859 -27.589938604667623 0.05499416845401783 0.9969887987956133 -0.05467153292282154 -4.271200645053878 0.5937186486060649 0.011371475787520215 0.8045923538263346 64.16681291651645
0.7983809343619883 -0.07808804662614235 -0.597067953101983 -28.255802972826945 0.0557662051962198 0.996882866417989 -0.05580932717984685 -4.343619815346285 0.5995648538776198 0.011260888791187914 0.8002469483717767 65.05307780006135
0.7930060189546189 -0.0788147279912688 -0.6040941090206141 -28.941735463325834 0.05593914326522311 0.9968273868065438 -0.05662131368301622 -4.420002613909908 0.6066401455166811 0.01110853564156793 0.7948989459569062 65.95055894942855
0.7876864368144536 -0.07987815685060227 -0.6108760572462312 -29.624577248317642 0.056374629068366135 0.9967443083083952 -0.05764273633532142 -4.493519894780095 0.6134916286763449 0.010966490458202093 0.7896250740896443 66.82894849783641
0.7814571381564162 -0.07982880417991785 -0.6188312397153107 -30.33409380380363 0.05624958058734193 0.9967567757948519 -0.057549236231244943 -4.568742497577901 0.6214183179695721 0.010163263760025121 0.7834130342045709 67.71952611715624
0.7753030749853107 -0.0803581953235937 -0.626456464858219 -31.053840120879304 0.05787559816099292 0.9967390403557854 -0.056229001130512324 -4.642422522750122 0.6289320766631553 0.0073379748543482524 0.777425621567239 68.60961860902
0.7699082774178445 -0.08052722043554539 -0.6330534030651859 -31.77484786290146 0.0587778659416365 0.9967379434022506 -0.05530492435216836 -4.7194807101371605 0.6354418988694676 0.005370190981439871 0.7721300112092448 69.48088556500801
0.7642251748143556 -0.08196622776633465 -0.6397197977909742 -32.50506955478373 0.06023832258691912 0.996626847503895 -0.05573393334730957 -4.794474637938376 0.6421302256333071 0.004057627410867917 0.7665848348277656 70.3508190663535
0.7592118481617256 -0.08410268315410566 -0.6453867896828516 -33.244041474010785 0.06204038748716206 0.9964521598458842 -0.05686900261931399 -4.866557673631724 0.6478798962240608 0.003135574070703709 0.7617360489329276 71.21858511003389
0.754760583822859 -0.08309235828918392 -0.6507166211964461 -33.99031894857653 0.06093766917338532 0.9965372017684314 -0.0565703629762082 -4.938738979248183 0.653163885700283 0.0030439259989018252 0.7572104548482022 72.07791219872355
0.7500700246118339 -0.08321061616432376 -0.6561028513399072 -34.757490213598786 0.06204459654648514 0.9965315878801926 -0.055455048429929474 -5.016383039869871 0.6584416650077565 0.0008875328363045949 0.7526312417560659 72.95269527820335
0.747251120739435 -0.08218951824117231 -0.6594396451874444 -35.52614135349589 0.061095103944724324 0.9966163990448482 -0.05498310130270406 -5.091705178229546 0.6617273991815978 0.0007976504021764592 0.7497440982936739 73.81204163446898
0.7429947760629076 -0.08273373484644025 -0.6641640549303982 -36.30696327503042 0.06141921179925566 0.996571610308799 -0.05543199390681883 -5.168900142742976 0.6664731376171047 0.0003932491402947151 0.7455289412155143 74.68082679320122
0.7390599303871763 -0.08422358120060729 -0.6683538042577802 -37.06182070935768 0.06123719103405699 0.9964452038677774 -0.0578529353029069 -5.2408562947948525 0.6708505241336261 0.0018286767479877772 0.7415903385367091 75.50560614971783
0.7357339006206811 -0.08664526896440908 -0.6717054598881588 -37.85017099024992 0.06238325899369263 0.9962364041088784 -0.0601777045552379 -5.3161689102646985 0.674391545376129 0.002371601631143687 0.7383701097897312 76.36478578453573
0.7309611450421751 -0.08708235264473155 -0.6768400610901301 -38.63387237785647 0.06192693502398061 0.9961969312709825 -0.061292159733632515 -5.39095698742481 0.6796034572875332 0.002887556776248367 0.733573992763304 77.20581017127142
0.727617265550675 -0.08665576773450956 -0.6804879813713842 -39.412573272489986 0.06267094032526166 0.9962379042895543 -0.059853080919066624 -5.46847096187649 0.6831145351339745 0.0009033134005307433 0.7303106982056297 78.03393620005514
0.7239937900698468 -0.08684463299930104 -0.6843179097901179 -40.21091178831166 0.06389653057630443 0.9962212202656344 -0.058826130866834886 -5.5463636581512405 0.6868407568866385 -0.0011357868053924053 0.726807047755952 78.87290007062306
0.7193750369908304 -0.08755230156078825 -0.6890821073325373 -41.02359233479657 0.06471666531787304 0.9961576098638194 -0.05900652116959 -5.624457318250538 0.6916005417757971 -0.0021472777677004617 0.7222770104424012 79.71769292533057
0.7173889856354206 -0.08857632061666214 -0.6910190147275233 -41.84827414291112 0.06639964443384709 0.9960623670396843 -0.05874392042041662 -5.701732983527379 0.6935013558083656 -0.003741175392284333 0.7204456073144199 80.57165033508147
0.7130810782935526 -0.08872398765335092 -0.6954447712037184 -42.673981082064905 0.0669464577747056 0.9960442356117049 -0.058429893856776355 -5.781494892264248 0.6978778887249 -0.004892312294061618 0.7162000542511104 81.41582648062042
0.7098693273848583 -0.0895052223763077 -0.698623183988004 -43.507069898791755 0.06838856024251921 0.995964964699185 -0.05811018774454689 -5.860621208384083 0.7010053800550494 -0.0065271938165548625 0.7131261128823968 82.26168669119872
0.7078126961551459 -0.09228465809416261 -0.7003461494447063 -44.330959724493475 0.07165547076998127 0.9956957342582962 -0.05878348652950896 -5.9407015074659375 0.7027564874622758 -0.008575934950552658 0.7113787828361262 83.09832592578064
0.7047656073256208 -0.09627052730612558 -0.7028779583278664 -45.18650670108233 0.0747357657064421 0.9953120730092764 -0.06138764245553862 -6.025418461169937 0.7054927384851108 -0.009266223296348054 0.7086565691860913 83.96342292187856
0.7020501717175018 -0.09982529425968444 -0.7050960693532434 -46.047806787871274 0.07860874320180271 0.9949386989640363 -0.06259113991599916 -6.108170811055252 0.7077755448471356 -0.011484595322368195 0.7063440253775933 84.82878440955935
0.6976867038206686 -0.10335178188533402 -0.7089087899673534 -46.90260832314205 0.08378764389614389 0.9945198160499868 -0.06252972264638099 -6.191759380865037 0.7114863976508503 -0.015771641164656708 0.7025228546408933 85.68490594589413
0.6902646997135967 -0.1061670656279948 -0.7157256447167722 -47.76226974558541 0.087500065173608 0.9941651783854694 -0.06308198380205196 -6.274760917039799 0.7182467423691615 -0.019082773952678815 0.6955267534857006 86.53061059522855
0.6827390921431995 -0.10663292809203771 -0.7228393671528953 -48.637365454859676 0.09010936558576584 0.9940294609051319 -0.06152831125899527 -6.3579460553539295 0.7250845704421042 -0.02312681342449324 0.6882713972028898 87.36957898466326
0.6726755589343572 -0.10584764571642948 -0.7323277055448874 -49.5367610785941 0.09106789376181205 0.9940341007371625 -0.06002370612889621 -6.44205010544051 0.7343120802071401 -0.02631506161782653 0.6783017664682235 88.21179878023048
0.6644169227664314 -0.10641387084713119 -0.7397474169153389 -50.443474093132146 0.0923274184709934 0.9939162562461943 -0.06005100638650104 -6.526169987015956 0.7416372432261396 -0.02840006445203256 0.6701996984474496 89.03174774236157
0.6562553545253502 -0.10760679691057277 -0.7468264101619958 -51.358681962303145 0.09270370974599511 0.9937784916515293 -0.06172788454290015 -6.611644811010402 0.7488223633520418 -0.028724324003500338 0.6621480056259361 89.84200021198706
0.6450075565144688 -0.10962576858377918 -0.7562720693650204 -52.29074172086941 0.09406524283147422 0.9935202865079413 -0.06379004928853925 -6.700064661791275 0.758364676214742 -0.02999385202994391 0.6511400668904623 90.65136802467818
0.6353054787442741 -0.11021083904563941 -0.7643562779452817 -53.22867079101448 0.09419079725079113 0.9934330445448962 -0.06495290385747639 -6.784526606652533 0.7664952983487694 -0.030730391522308543 0.6415143027603645 91.43712639574757
0.6260618531749635 -0.11084869356432238 -0.7718543406201805 -54.16259521253058 0.09674943103633181 0.9932381734293508 -0.06416758088687133 -6.871778738560814 0.7737480879415968 -0.03450359369413649 0.632553079534764 92.20818002270161
0.61468847666888 -0.11064073744735936 -0.7809716408856318 -55.10948695399622 0.09820931668723162 0.9931441460710148 -0.06340059337815321 -6.960327524431111 0.782632101798999 -0.03772707703996387 0.6213402134834843 92.96676639772441
0.6054632234510743 -0.11085069185830454 -0.7881157333556852 -56.07617392743298 0.09858782393316395 0.993072116918965 -0.06393912393995532 -7.050169437115877 0.7897434558262308 -0.038985827073703586 0.6121971735209346 93.72037777127575
0.5975494599683979 -0.11098373633257082 -0.79411413106753 -57.054263333052944 0.09742177367567385 0.9930864946015534 -0.06548444283862172 -7.139554003230219 0.7958917268732989 -0.0382338136949655 0.6042305309937399 94.46188282097073
0.5881698260486767 -0.11083845753189633 -0.8011061677816614 -58.04792314622443 0.0961024624859223 0.9931242390633397 -0.06684730726816693 -7.232151966800198 0.8030072057148748 -0.037670706348737905 0.5947775596415654 95.20156529854985
0.5798542961324157 -0.11085012202955714 -0.8071438816610167 -59.06510514329771 0.0947828054916932 0.9931519740073033 -0.06830355999888195 -7.324968483516357 0.8091879973404851 -0.03689724883279645 0.586390124395582 95.93730840282319
0.5716558180753271 -0.10968348221451459 -0.8131292390450162 -60.0916185299224 0.09334329293005598 0.9932843246914566 -0.0683613925195452 -7.419286026728803 0.8151666426722837 -0.03682097298464331 0.5780549806228312 96.6640913155183
0.5640538672127933 -0.10719969507862132 -0.8187499375617341 -61.133890246734765 0.09165047242948027 0.9935384031582715 -0.06694499498219064 -7.512797531814097 0.8206359886001503 -0.037278235268894726 0.570234081224098 97.38487852398188
0.5570761372568754 -0.1054689384499112 -0.823736899939057 -62.17923838428861 0.09211462377506721 0.9936294442460557 -0.06492629370333994 -7.608207607880755 0.8253369453657923 -0.03970932572486441 0.5632424842505578 98.09974782033983
0.5500289421393456 -0.1041478622642338 -0.8286262037824187 -63.23818160814452 0.09129167805251116 0.9937458970660227 -0.06430335592177623 -7.703030355937829 0.8301409472658418 -0.040277969787914675 0.5560968376302231 98.80837086966461
0.5449362102922108 -0.1053854304166699 -0.8318283703795255 -64.29479845477594 0.09189647618971972 0.9936002052382962 -0.06567853389295736 -7.797679045388255 0.8334264000955789 -0.04065148467533871 0.5511332800851487 99.50882895048325
0.5402645205308612 -0.10721844703766677 -0.8346367188606011 -65.33415191078143 0.09285103602835894 0.9933887566278392 -0.06750898691179108 -7.892103575753264 0.8363569411226403 -0.04102417360809397 0.5466480441890869 100.18836971797117
0.5350175034096035 -0.1083799151238049 -0.8378604090438408 -66.39988413358242 0.09251671238316861 0.9932890498616573 -0.0694083666047301 -7.988320143314775 0.8397600424973586 -0.040381399464151826 0.5414539810567022 100.87427524169067
0.531880545480429 -0.11056194163844132 -0.8395708084495194 -67.45500544661708 0.09343659113692138 0.993048809256302 -0.07157978675123833 -8.087320602712001 0.8416487918224284 -0.04037473833697085 0.5385138732921074 101.5479328486663
0.5271379773675349 -0.11052843911163973 -0.8425609870890112 -68.51632648505418 0.09430101546714986 0.9929898342427296 -0.0712636483240987 -8.186568415436088 0.8445311547235712 -0.0418885812381012 0.5338655968154629 102.22063448148631
0.5243943572648863 -0.10908902583945046 -0.8444584906969359 -69.57071005068704 0.09665254322612127 0.9929750858423678 -0.06825514474576559 -8.281686041539253 0.8459721295389524 -0.04582644801577319 0.5312542637057965 102.88325581241763
0.5222983762007588 -0.10743219768940601 -0.8459685154411334 -70.63987797956129 0.09981311161399203 0.9929154409440535 -0.06446913901091539 -8.379381854403695 0.8469012628211057 -0.05076662323318688 0.5293212644486487 103.55387006858945
0.5197244606945197 -0.10686368124510512 -0.8476241139718332 -71.70829837553148 0.10122427992847599 0.9928600171468758 -0.06310809380790293 -8.472152828965953 0.8483160555528537 -0.053001320567039774 0.5268308361413535 104.21623481752314
0.5171779134404603 -0.10662540284082456 -0.8492102385854775 -72.77622751136117 0.1026478095368433 0.9927750749007923 -0.062137571991622884 -8.5635555511911 0.8497002018633747 -0.05503339099817545 0.5243862057954826 104.87472657522083
0.515981577531577 -0.10670212657515271 -0.8499280368551007 -73.82997961066296 0.10545343096685492 0.9925765976870299 -0.06059101931275675 -8.652254104697171 0.8500838697124796 -0.0583639778320514 0.5234033440342887 105.5237374988224
0.5134109393500152 -0.10695622489461226 -0.8514514509424645 -74.8744468057586 0.10845174086915657 0.9923339236707933 -0.05925878698199289 -8.738873090193355 0.8512622552763539 -0.06191728263111212 0.5210746806873221 106.16618908900708
0.5122233645296138 -0.10825006344698701 -0.8520030214698102 -75.90559257268481 0.11083074120081998 0.992061771608657 -0.05941370311274916 -8.823257992917078 0.851671164026844 -0.06399503946726122 0.5201546532414609 106.79594247676347
0.5095822225022562 -0.10896259388919502 -0.8534946465225188 -76.92947034628529 0.11360932586671402 0.9917847764859283 -0.05878671794604545 -8.907608358378049 0.8528885505069064 -0.06700828503771364 0.5177750574820427 107.42046643130065
0.5088960570402685 -0.10882678482782276 -0.8539212692238709 -77.9317706841818 0.1169682826865236 0.9915183369631334 -0.05665517020738451 -8.989952876820528 0.8528441967758433 -0.07105011168112949 0.5173090542952692 108.03237617930618
0.5083820337274867 -0.10899896209642027 -0.8542054401869656 -78.93262772794449 0.11936698065417539 0.9913005047952171 -0.05545117782566386 -9.070861887627416 0.8528184048861811 -0.07377354169789341 0.5169702436627652 108.63938219976444
0.5069454933117367 -0.11092010585295543 -0.8548116733693388 -79.92614441261573 0.12256141839960234 0.9908858530516155 -0.055892082999743437 -9.152555362958124 0.8532203499277299 -0.07643269156415827 0.5159196430932443 109.24493518144747
0.5074054368973502 -0.11220835218638206 -0.854370533379181 -80.91781730002916 0.12465692110911097 0.9906144209312481 -0.05606889567884381 -9.231804249468425 0.852643169577172 -0.07805353766912192 0.5166306907557165 109.8437893587059
0.5086428780371227 -0.11361420966775115 -0.8534484366285318 -81.91443596488746 0.12554852932266644 0.9904471221247821 -0.05702688015008952 -9.313686424955815 0.8517746118586937 -0.07814287962642145 0.518047971675078 110.44547623370399
0.5097904390125075 -0.11476319147179367 -0.8526095930580674 -82.89073943184127 0.12624167807953393 0.990313242092441 -0.05781627151608773 -9.392324465667336 0.8509857501786374 -0.07816068333610629 0.5193401203193672 111.03878007860024
0.513536800787723 -0.11520693978837457 -0.8502983683750711 -83.89106365557414 0.12637615959597545 0.9902941071781115 -0.05785021671592455 -9.4746474398125 0.8487102099789321 -0.07774922708879317 0.5231118782484414 111.6464640508128
0.5165932187872269 -0.11605837729275766 -0.8483288863189937 -84.83731940749175 0.12563153125192655 0.9903221845245753 -0.058980413645287465 -9.551998967953066 0.8469640869944537 -0.07610797526307558 0.5261743165938514 112.22711882974289
0.5217156633080324 -0.11631938207375755 -0.8451523933664502 -85.76906601744878 0.12489374751734661 0.9904016308041202 -0.05921284937927174 -9.62815686643408 0.8439279107187609 -0.07466197864052526 0.5312356072924223 112.80547043789629
0.5277987306088816 -0.11633485232796051 -0.8413647853942336 -86.72209626720895 0.12552006221698445 0.9903825413441724 -0.05819910464691988 -9.705135380738069 0.8400435786009541 -0.07489074665464618 0.5373250060408616 113.40713446384918
0.5331105364368353 -0.11493548420779168 -0.8382022371778487 -87.65878830230903 0.12450061991396216 0.9906011204766392 -0.05664817518214018 -9.781198776176955 0.8368349607784494 -0.07415695908239352 0.5424094337662126 114.00502004123781
0.5396779897410129 -0.11332220084517095 -0.8342096536151485 -88.59473086456929 0.12350606696755798 0.9908351591652588 -0.05469861775366438 -9.854304495107918 0.832762822663995 -0.0735103132734662 0.548727906189518 114.61053192746405
0.5494254525749491 -0.11256129888457422 -0.8279260993930738 -89.53232139390651 0.12382276256394359 0.990911949557016 -0.05254932631487495 -9.928620376537783 0.8263168856642381 -0.0736441594325817 0.5583698973329624 115.23445672403054
0.5563862210571886 -0.11165428157232815 -0.8233879367735896 -90.45761566251358 0.12344413263621998 0.9910414690967435 -0.0509740389635728 -9.999152229781386 0.8217030601959524 -0.07328115676717833 0.5651848838455179 115.86187133489919
0.565990294378016 -0.11166960506682105 -0.8168138625011864 -91.37548067176353 0.12300497327136059 0.9911321258259136 -0.050268138082856746 -10.06994753774352 0.8151838830720334 -0.07202088905328441 0.5747070804501853 116.49578791391264
0.5759754415853515 -0.11259537063388617 -0.8096755975095069 -92.28663914893637 0.12190078470336196 0.9912246636901891 -0.05112596973140243 -10.135975713517336 0.808326969350438 -0.06925278769904852 0.5846465274134849 117.14081422835731
0.5864133359120025 -0.1128940660231001 -0.8021061833207176 -93.18565708625303 0.1205507131254114 0.9913756170970741 -0.051399527141309465 -10.200253263103225 0.8009912140776024 -0.06655310422637968 0.5949653429304274 117.7908937931999
0.5991181559180463 -0.11141216898536398 -0.7928712151738998 -94.07839504460392 0.11927898497696497 0.991640420893942 -0.04921178103006273 -10.264394238755436 0.7917259367939292 -0.06508920226322165 0.6073989107304301 118.45759473759263
0.6093188255547994 -0.11001754703125464 -0.7852558233911707 -94.95212579067918 0.11969521522414943 0.991741221939629 -0.04606955782440387 -10.32625353952445 0.7838390295698247 -0.06592031591942818 0.6174551705768754 119.13694135130143
0.6223286487303514 -0.10761707808644964 -0.7753229117429653 -95.81172928491073 0.11931965073678787 0.9919707805164042 -0.04191409726723125 -10.38480286198257 0.7736083465924511 -0.06642691552233149 0.6301726675893545 119.8224323890886
0.6335299584637737 -0.10772630986683404 -0.7661819848386964 -96.65299397616084 0.12054246346040404 0.9919103517352348 -0.03979156472646382 -10.441089121024017 0.7642704405063607 -0.0671483155630732 0.6413905187054574 120.51984267703902
