1.0 0.0 0.0 0.0 0.0 1.0 0.0 0.0 0.0 0.0 1.0 0.0
0.9998624412770889 0.0008786063842385596 0.016562806955404335 0.01867331564426422 -0.0008704487064278842 0.9999994962931082 -0.0004997325082207496 -0.00033480444108136 -0.016563237680776454 0.000485246691765975 0.9998627024212767 0.14919449388980865
0.9992654305572477 0.0037964583567201946 0.038133793375219785 0.03774578362975667 -0.0037870120591015654 0.9999927780614645 -0.0003199446498181951 0.0010149574710515423 -0.0381347326318474 0.0001752964928838219 0.9992725911573063 0.3207740026569932
0.9978789316602569 0.00405828239824122 0.06497051710245726 0.07649499383141108 -0.004100394535400716 0.9999914608145389 0.0005148423630876302 -0.00025074501366543654 -0.06496787293146221 -0.0007801551005404009 0.9978870511459604 0.4965167048366649
0.9956012520891441 0.0024630265681438936 0.09365938468009198 0.12589841930384002 -0.0026537521191273695 0.9999946511422709 0.0019118803671821759 -0.002406603479659652 -0.09365417469722885 -0.002152019277982186 0.9956024630216663 0.6999772633054062
0.9922629064947665 -0.0004237036750266277 0.12415371468367141 0.18688824873917959 3.953489227945622e-05 0.9999952042861939 0.0030967469392557644 -0.0020009251872215293 -0.1241544313810466 -0.003067878714888583 0.9922581646369255 0.917272893970986
0.9872167519337858 -0.002879200955792585 0.15935744382727363 0.25957710008426593 0.0023767056804289855 0.9999915852337727 0.0033437601222538115 -0.007924764939279775 -0.15936573022897715 -0.0029222702651742014 0.9872152877488691 1.136710131552179
0.9804388568839874 -0.0035140093788771 0.1967925294570532 0.33729625122346657 0.0027217264340957436 0.9999870669694199 0.004296288993404567 -0.009649325556056437 -0.196805081533069 -0.003676633240081003 0.9804357410104856 1.3765847919856973
0.9723066936107151 -0.004253433581799891 0.2336698565552786 0.4248604529333871 0.002798157004820891 0.9999745740880208 0.006559077287097114 -0.013759241298142858 -0.23369181388567217 -0.005723589804218888 0.9722938736012778 1.614449422811803
0.96235747300669 -0.00786898638834695 0.27167291584071906 0.532775500030906 0.005161585402224987 0.9999296580866085 0.01067880681228973 -0.01854626755032859 -0.2717378372334518 -0.008874566582018415 0.9623303953859442 1.869106169167868
0.9504067288512785 -0.014908450110256098 0.3106521975932613 0.6613450243212258 0.010565628495481249 0.9998215836840977 0.015657850871642884 -0.02791886664829431 -0.31083020646119347 -0.01159909111668402 0.9503946779294163 2.117102139262453
0.9368066472166159 -0.019249663921531546 0.34931755777468615 0.7896401532278815 0.013487640717031233 0.9997300184893917 0.018920192363951968 -0.03316634514079328 -0.3495874558370929 -0.013013092257751492 0.9368133592937495 2.345745293960627
0.9181577515406795 -0.021403407848455302 0.39563649657006733 0.9493858054888304 0.013747304066015622 0.9996595439943227 0.02217673853341921 -0.034538368954154804 -0.39597645752832417 -0.014922809170387862 0.9181393983757498 2.613000232692541
0.8963948754050113 -0.025300982390537744 0.4425337135605695 1.1423132568653098 0.01504536650170769 0.9995310547848077 0.026670348096698472 -0.03151715710189095 -0.44300097550057804 -0.01724908144926781 0.8963551778701861 2.914018683095509
0.8725442124947027 -0.03198035646091072 0.4874872860317818 1.3509804452910907 0.018595571616991435 0.9993060863970241 0.03227306006719556 -0.03264976847042085 -0.4881811159377598 -0.0190945670413486 0.8725334352053605 3.195645671476469
0.8462933160407973 -0.038270476411869675 0.5313407511756272 1.554514839535345 0.022939345196851934 0.9991090164867416 0.035425409197857916 -0.03402529617223494 -0.5322230826134948 -0.017791678113785007 0.8464171823180839 3.4238382250302797
0.8188789321840494 -0.043910678575555334 0.5722841485941625 1.7691954640810943 0.026302726335596424 0.9988926822478258 0.03900738313523828 -0.03171096653150592 -0.5733632888600613 -0.01688969090240596 0.8191271435673436 3.645577935707972
0.7861787452884732 -0.04890465726310733 0.6160611292352572 2.0251484061302523 0.029058184424743453 0.9986866845001875 0.04219630457707034 -0.026252456069381088 -0.6173156424185119 -0.015272219877977602 0.7865673251066428 3.89129147850469
0.7519325590990127 -0.05310280078099369 0.6570978002672235 2.289587090913356 0.030763433738403716 0.9984910479498187 0.045488881154583584 -0.01981770720305652 -0.6585218581880429 -0.01398998617894532 0.7524315534155119 4.1220345173382
0.7157120882403334 -0.05472814993279596 0.696247826820016 2.5776034636216933 0.028264172273961448 0.9983779567213059 0.049422586928024856 -0.006490637104087572 -0.6978232894596806 -0.015693474373883867 0.7160980181160587 4.369815768098613
0.6799773626026339 -0.05742489961512663 0.7309809623048734 2.8663822296944597 0.02742375460645688 0.9982227202504959 0.0529087748770022 0.0029991143668211487 -0.7327200857293671 -0.015930526667159887 0.6803436589613046 4.579728547249642
0.64494097306488 -0.05972447760905311 0.7618950899149118 3.1672924063722276 0.027120029091839668 0.9981023118924757 0.055283623406513036 0.013536939031929195 -0.7637510361918888 -0.014992056870926682 0.6453368058204919 4.774093547136339
0.6115292827078261 -0.0636551860402864 0.7886570570793292 3.5257960949035563 0.02838968988437608 0.9978819532795271 0.058528905912420555 0.029075121616418738 -0.790712312980594 -0.013402410574689542 0.6120411861073296 5.005951356547332
0.5793201165292223 -0.06418025359491697 0.8125694417297886 3.900590693621121 0.026883072430257903 0.997857362022107 0.05964885141384749 0.0477247165464084 -0.8146566779946494 -0.012711416395268255 0.5798042056521739 5.2347053163706665
0.5488147264018413 -0.06449420752003666 0.8334523941298835 4.311394656140338 0.027233066660890065 0.9978695782366281 0.05928460938639403 0.0686489080975257 -0.8355003029112051 -0.009838802072216334 0.5494018946172903 5.4711926777748445
0.5170943076748945 -0.06523946724783478 0.8534385091401958 4.814756305299879 0.029541010746976737 0.9978572259510395 0.058380521591906334 0.09500718666165969 -0.8554184973767335 -0.004976799223871706 0.5179135312146389 5.739586547525307
0.48916021596750836 -0.06436363288724081 0.8698158459560145 5.304042465581449 0.031742685254855296 0.9979264872045552 0.05599221435510271 0.1210054676319996 -0.8716161339990397 0.00022112696142639887 0.49018901054127595 5.984476260497725
0.4639960888035572 -0.06372951748807762 0.8835418372526219 5.801448555600643 0.033852946931011076 0.9979558562673051 0.05420412277563719 0.14690417882660856 -0.8851901533337839 0.004759993962917566 0.4652050460800972 6.223003530058812
0.4422363442468673 -0.06350000786560298 0.8946478440303953 6.350180995580519 0.03483467367145238 0.9979539924436323 0.05361319311529604 0.17528871718416947 -0.8962218259657424 0.007455063170957409 0.4435435273969708 6.48120275125221
0.42664696988882894 -0.06505763879453891 0.9020753110018922 6.920503084527328 0.03752206737571756 0.9978239635104966 0.05421653164907879 0.2044465242460356 -0.9036395617415902 0.010716411651423115 0.42815966762036856 6.740617911247558
0.41535252542141676 -0.06751332448788487 0.9071517131343824 7.515955445896637 0.04029330174197114 0.9976287016458169 0.055798059887528596 0.23235307623058202 -0.9087676982930136 0.013376272615169264 0.4170879354166731 7.001670352748099
0.40805213658318734 -0.06940154473907889 0.910316911530114 8.13382270933239 0.03999236211985976 0.9975081048214158 0.05812221423570652 0.2648286129000265 -0.9120822686589021 0.012688829867918867 0.4098108451403076 7.281792258695367
0.40070473821214003 -0.07070356046990296 0.9134750786481364 8.731553230143678 0.03954466789955136 0.9974235057289451 0.059854569249933494 0.2949018436595845 -0.9153534464976109 0.012139059117562113 0.4024682735678501 7.542205806678169
0.3914949266774671 -0.07188168371548387 0.9173683807130218 9.356630180572312 0.039354038537802005 0.9973399787262802 0.06135329237317362 0.3270694702401161 -0.9193383392617595 0.01208264790888447 0.3932823763950529 7.8093819544663745
0.3826636449656095 -0.07228571910193995 0.9210555410156053 10.011181327459138 0.03789886538183456 0.9973235187174165 0.0625257948040682 0.36382362150337527 -0.9231100751396896 0.010980611414046718 0.3843789996196075 8.085329654554238
0.37365632954542816 -0.07348453001595474 0.9246518108125744 10.647864489086714 0.03803353047502489 0.9972323661240023 0.06388316299565672 0.39686362594625413 -0.9267871373461353 0.011297424620617592 0.37541706174160183 8.3423601104361
0.3640484721534119 -0.07417995311909098 0.9284212645550597 11.357395501562994 0.0371929234629869 0.9971860127611034 0.06509026346458578 0.43618420639306055 -0.9306370916565937 0.010834690067660354 0.36578301371727867 8.618354595070794
0.3543801965724148 -0.07652833780771508 0.9319646397743236 12.067359878022188 0.036349407839507714 0.9970196235396236 0.06804844470393483 0.47788390565020206 -0.9343946686636294 0.009761341572529253 0.35610576993877907 8.886094913877749
0.344932623714908 -0.07902438926889169 0.9352949433188595 12.768253442268493 0.034598530922250015 0.9968428728500561 0.07146487603060077 0.5207107958838492 -0.9379895664425975 0.007709263825145862 0.346577755339408 9.144748617585616
0.33200631739365993 -0.08259861744837688 0.9396538051890798 13.54108738714758 0.03522310011744516 0.996549605287789 0.07515462340314333 0.5658304592840445 -0.9426192966562995 0.008145710304728285 0.3337701439236509 9.415546703605782
0.32112567757860067 -0.08449388489711235 0.9432598171313556 14.294452394694451 0.035393898862215376 0.9963869387621026 0.07720323948913937 0.6087070803163246 -0.9463749632798916 0.008593699976126107 0.3229559988569719 9.666191969888494
0.306531284527485 -0.08530369490877154 0.948030511766811 15.055805802652863 0.03529717807051407 0.9963098837376241 0.07823506111060846 0.6525286197203827 -0.9512059087422601 0.009481308012792615 0.3084111281587908 9.904255060814211
0.2918459498304438 -0.0838394466498987 0.9527837576034791 15.814104212433875 0.03419282717069099 0.9964286352084093 0.0772063825521071 0.7000000922243559 -0.9558539596285834 0.010046000305885004 0.29367036919003736 10.133757175760637
0.27704282482074905 -0.08323107469820834 0.9572459774895484 16.55994944369203 0.03466997510063717 0.9964584491374835 0.07660647472010695 0.7449231228982148 -0.9602318813921255 0.011964420048730003 0.27894728285293724 10.346242459723522
0.2578181241910111 -0.08184494606073282 0.9627207381390224 17.344278856983852 0.03285181416960886 0.996572198850201 0.0759250339785296 0.7912268961922319 -0.9656348031965263 0.012052272947088563 0.259623129887179 10.55651648255791
0.2338777225593101 -0.08028588571077432 0.9689455028256786 18.145953131009815 0.030007123978310433 0.9967060641804697 0.07534317577875244 0.837686069911987 -0.9718028521264079 0.011454177469996087 0.23551649287781345 10.754189130711875
0.20619674229287 -0.07991561160086043 0.9752417128539305 18.932426905938957 0.026265187280608723 0.9967522885511932 0.07612499724186 0.8844299355065618 -0.9781579848904379 0.009918179793644871 0.20762607327755978 10.923626362348239
0.1732016091271682 -0.0801462942019493 0.9816199743900151 19.747176462960986 0.022871729283979382 0.9967419818682342 0.07734536560741725 0.9318815473808043 -0.9846207831420783 0.0090550045322614 0.17447039948828202 11.069788924108298
0.13901520763282688 -0.08070895909759858 0.9869958642102735 20.563863354095883 0.021515696553448708 0.9966842084540893 0.07847078067705116 0.982188887104005 -0.9900564866958969 0.01032727164492682 0.14029077165569354 11.184531788763886
0.10147436154526257 -0.0805944720932248 0.9915681948393644 21.405217545697273 0.02050118061104861 0.9966708220597882 0.07891117822095403 1.0366355539579475 -0.9946268926298618 0.012320857221817506 0.1027888171679443 11.272890009049158
0.06717649496003636 -0.07900655203862529 0.9946081053660542 22.250718586970585 0.018676087951877692 0.9967848208569987 0.07791806368163018 1.0931701905626385 -0.997566299683233 0.013341126041262037 0.06843604380918894 11.332877529154667
0.03575384846468199 -0.076715395406065 0.9964117675076183 23.070703100924238 0.01667910961455041 0.9969561882190425 0.07615882138152544 1.148414409815654 -0.9992214317269374 0.01389629013256364 0.03692456496861196 11.36742338828627
0.0012342523895377266 -0.07301126829007902 0.9973303521520404 23.89310365521671 0.01898304402739372 0.9971531088850567 0.07297480031024527 1.201149283448269 -0.9998190439577018 0.018842296663099306 0.002616714727822822 11.366072507540876
-0.03047063971638564 -0.0694046595825126 0.9971231284768747 24.70170016993896 0.02232039429413989 0.9972903376277608 0.07009837710576104 1.2495268827164638 -0.9992864154554633 0.024392123780903118 -0.028838935202755822 11.335200509199671
-0.06534646243720565 -0.0649236905317663 0.9957483388159273 25.526085244580695 0.025935416978166953 0.9974335640950862 0.06673559292268857 1.2978984929600565 -0.9975255355092981 0.030186083288655248 -0.06349493194404487 11.2760865668611
-0.09628982951427345 -0.06180140076863179 0.9934328641610098 26.334652078088816 0.029198090451441117 0.997465664941955 0.06488234564111668 1.3433542990525784 -0.994924992271328 0.03525385262547667 -0.09424131593393403 11.192744669304924
-0.12315291171085813 -0.057522021147185104 0.9907192222927144 27.112568174794383 0.0362839991817597 0.9973902217055621 0.06241968479180264 1.3838488662330848 -0.991724171199087 0.043634421381206906 -0.12074438094674061 11.082140579460555
-0.15226406727533937 -0.049484760551166324 0.9871002544270592 27.931144308955083 0.04120968993921875 0.9975593480647696 0.056365845542363964 1.4248180166848294 -0.9874803366507531 0.049260588321556935 -0.1498531920458478 10.95326651709451
-0.1766347510113398 -0.03440845415249463 0.9836748563514257 28.729611707683304 0.045325743533362134 0.99804422217711 0.04305005867633321 1.461565742340992 -0.9832322928526658 0.05218993065451923 -0.17472970391426462 10.80815215769787
-0.19763160319872825 -0.01595973883256556 0.9801464360765164 29.496394059559165 0.046558856986451944 0.9985862302024229 0.025647878786142102 1.4898845732161006 -0.9791700680950248 0.05070332914621901 -0.1966091304092326 10.651964845525287
-0.22067687845046213 0.00040218141385105904 0.9753468888387713 30.288413047574142 0.0457521392927171 0.9989033703159899 0.00993974453880258 1.507360230475936 -0.9742732969077517 0.0468176785142877 -0.22045327829504602 10.478107372935836
-0.24179233353950047 0.011164405849575974 0.9702637906690885 31.041796930385498 0.04880117729723581 0.9988082889941621 0.0006685289507452861 1.5118143777913364 -0.9691000529026539 0.04751166044856969 -0.24204902310377774 10.28831418267537
-0.2641574405690204 0.01589223710773263 0.9643486316637444 31.820103095149847 0.052159724325853266 0.9986363984356117 -0.002169534005599487 1.5114705688425731 -0.9630681231098221 0.04972706023144811 -0.264626169776276 10.07292790789953
-0.2832105174173434 0.014770774079696167 0.9589440166439789 32.549766508804716 0.05310609929360827 0.9985888295931991 0.00030270365474110994 1.5078698442195704 -0.9575863120586146 0.05101150502359002 -0.28359527731118894 9.856041088139742
-0.2999611204448089 0.010406206807327331 0.953894667707802 33.27244810006152 0.05429377126526495 0.9985058789053443 0.006180306890537904 1.5039616575620627 -0.9524051200110644 0.05364439067926185 -0.3000779344193118 9.623651096092049
-0.3151964806328116 0.007636883106847122 0.9489957094808714 33.99949690194112 0.058936842665260836 0.9981949829757707 0.011542293474503345 1.497714427000572 -0.9471946089232879 0.0595689011012762 -0.3150776393974133 9.371228192497012
-0.32881727757693535 0.007882406489775149 0.9443606650188384 34.704828803502906 0.06040259192866648 0.9980932918222128 0.012700697138285585 1.4961228819555896 -0.9424599327585189 0.06121804053895723 -0.3286664367673995 9.122614142890223
-0.3399206458071795 0.011258094063477355 0.9403867342067774 35.43301785161024 0.061513512492980454 0.9980532402051617 0.010286763181589904 1.4960251011250059 -0.938440217773517 0.06134317430681324 -0.33995142687030744 8.856971566216956
-0.34788341083022695 0.013747975733101814 0.9374369982203443 36.17750167891341 0.062226504544062075 0.9980262333770489 0.008455744996637177 1.4945963933830237 -0.9354704669851184 0.06127504104007092 -0.3480522586396793 8.58042434057181
-0.35575616921234887 0.015250096307766182 0.9344543769654883 36.89901702579582 0.056679877458694586 0.998378413904717 0.0052852758082497266 1.4953866417239277 -0.9328584777760356 0.05484502905191828 -0.35604365354500034 8.318551370377417
-0.3658210950311108 0.015016204822633838 0.9305640440200577 37.63480598051097 0.057175606427302725 0.9983438355562108 0.006366791702570946 1.4921729588915713 -0.928927271889414 0.05553467024875952 -0.3660737957577028 8.026731161912776
-0.37425025379313925 0.01669703969960414 0.927177413659889 38.358443861392644 0.05885736941853041 0.9982496659700493 0.005780523835785645 1.4881352198226008 -0.9254580258449877 0.05673458606489773 -0.37457793467200273 7.7320255101254824
-0.38111688765500995 0.019238005891816578 0.9243266830907053 39.06354507216708 0.06211840401534391 0.9980570515949477 0.0048400045647418 1.4839072489984733 -0.922437651999714 0.05926230581834162 -0.3815714314284395 7.4332396512965095
-0.38636993916221674 0.02254163293076658 0.9220684057577287 39.79651354964323 0.06359828753979078 0.9979730388083905 0.002252028763791443 1.4821150115420512 -0.9201486444775057 0.05951208781719418 -0.38702039154267764 7.124337361381803
-0.3873777826547127 0.0253247011435224 0.9215731729046315 40.52799077264698 0.06401183334311464 0.9979490059183326 -0.000516506210503094 1.4815108441948104 -0.9196961121466003 0.058791505326904546 -0.3882043536641817 6.820331221304362
-0.38575886122451614 0.02582419583199761 0.9222381535679357 41.275842355205995 0.06650962151289239 0.9977857765731777 -0.0001196431061691941 1.4778270296017957 -0.9201992019301998 0.06129155715016292 -0.38662226240754943 6.507618153153225
-0.38286343298973063 0.024743984471417037 0.9234735117542876 42.07594585372312 0.06413620297894498 0.9979411431817546 -0.00014903870774916547 1.4744917538603652 -0.9215758998296135 0.05917102312425493 -0.3836621572108296 6.18563424919452
-0.3754402479132789 0.023955476719618098 0.9265369692472891 42.876551147246815 0.0611545687417419 0.9981277802940847 -0.0010261224173085844 1.4717347564844372 -0.9248268697268844 0.056276721122854825 -0.376202328130533 5.872191419366596
-0.36840382632721097 0.024148854539788194 0.9293521687562184 43.65765639234587 0.05952792264504486 0.9982238957089962 -0.00234103847068462 1.4659833526152277 -0.9277580757789371 0.054459956481545425 -0.36918703385545976 5.571636494213954
-0.3633298235796225 0.023577582752958404 0.9313621942558803 44.47597105660346 0.05692322898476318 0.99837384477531 -0.0030679097955501125 1.4589889704961525 -0.9299199886546954 0.051901480326603536 -0.3640811050306767 5.2608875426700425
-0.35984662238216597 0.022324195365919737 0.9327443586864576 45.33329100169196 0.05353352201712807 0.9985607752565533 -0.0032465580963161288 1.4532136501435862 -0.9314744067233348 0.04876482769676664 -0.360523815023524 4.941792188606819
-0.35789974760006943 0.020740928952322612 0.9335296377373359 46.196009429590355 0.049644980751695364 0.9987619376402581 -0.0031571834348850768 1.4475735386122817 -0.932439352748462 0.04521510574213469 -0.3584863284126148 4.622797887816618
-0.35677412974281425 0.019290928027363825 0.9339914777138496 47.07593465486488 0.047793429088649954 0.9988544197651397 -0.0023740791044508033 1.4392146516806354 -0.9329673137265879 0.04379164545308923 -0.35728739595220144 4.293918938823975
-0.3571991859140517 0.01793398814469424 0.9338560454650197 47.94781122704449 0.046542713587991405 0.9989153462935909 -0.0013808515567074187 1.4274768201303112 -0.9328678992195011 0.04297095540456865 -0.35764644496683257 3.9677879145160135
-0.3582662175948328 0.017832988316214292 0.933449142619996 48.850115730380566 0.04742961405230018 0.9988741958347056 -0.0008789803297531637 1.418709292684734 -0.9324139365330946 0.043958223613835994 -0.35870869174801756 3.624682413400358
-0.3568818961176347 0.017310770278424363 0.9339891056408793 49.76989545478519 0.0474125444787156 0.9988753141221816 -0.0003968165410002597 1.4093164656888362 -0.9329455304837126 0.044141183374270976 -0.3573012637548087 3.2755282121893328
-0.3561716095686529 0.016656174488519228 0.934272099759317 50.6737592896145 0.04772125072127995 0.9988606178804532 0.0003850676253665704 1.3990163985959052 -0.9332011930805018 0.04472178327043062 -0.35656064748404415 2.9305795396455916
-0.3557885363716136 0.015896166357645507 0.9344312865490298 51.63041739398679 0.047290830455826514 0.9988806484862383 0.0010136244425254272 1.3892358099114166 -0.9333692167311622 0.04455066750164663 -0.3561420268429641 2.568004847862481
-0.3539144770983915 0.014573196080874616 0.9351642448555019 52.597705301973114 0.04640169114228585 0.9989208711602942 0.001994046011344501 1.3790213150013548 -0.9341260225254987 0.04409892420850909 -0.3542087787228658 2.204865653350817
-0.3535428596642845 0.01404239382777028 0.9353129195921469 53.56262711034305 0.047675836211718836 0.9988582809957081 0.0030247525208348634 1.3653314804928267 -0.9342025802907598 0.04566120521717246 -0.3538086959307272 1.8397121013342983
-0.3513992776781705 0.013203212738570828 0.9361325882697603 54.54329071631841 0.0470222805749735 0.9988874876427003 0.003562605841707745 1.3545361067859294 -0.9350440913544072 0.04527098634042494 -0.35162918681329125 1.4753839382351752
-0.3486506427824563 0.012324703171861795 0.9371717190457176 55.47052667572708 0.04803172294523232 0.998834595463937 0.0047333387059965565 1.3436064456805896 -0.9360211978787085 0.046664253943663796 -0.3488363004699895 1.131991242556027
-0.34592614636079744 0.010162824002045441 0.9382067033827205 56.43842730569116 0.04985171409617997 0.9987279991989917 0.007562421414615661 1.3332454095222417 -0.9369364481466399 0.049387251637269265 -0.3459927622220964 0.7732559373604508
-0.34235041887282286 0.008518775417789854 0.9395337253994581 57.38935474397707 0.05110225229804026 0.9986476108094904 0.009566045921086088 1.3227571533967286 -0.9381816191482705 0.051287229305921264 -0.34232275647764304 0.4260769970218748
-0.3387603568540062 0.007855238733251217 0.9408398991585074 58.324680517153155 0.05203703561391076 0.9985910099103803 0.010399127400123397 1.3144938794602927 -0.9394325774363286 0.05248133144853552 -0.3386918102061608 0.0888688952317272
-0.3364051496178541 0.007582164991243916 0.9416868301535468 59.30478792772112 0.05204959604889523 0.998588733565321 0.010553707763405168 1.3045012657199868 -0.9402778391846403 0.052564740753228145 -0.3363250409467155 -0.2620001620530211
-0.3333894881964545 0.007023845850269338 0.9427630215221519 60.27846669474265 0.050986733563416764 0.9986431789934382 0.010590280941146425 1.294252265631553 -0.9414094763494996 0.05159909533461719 -0.33329526129246084 -0.6060883801533106
-0.3332971772069246 0.007768195027292719 0.9427898211223505 61.22432363003829 0.04893406136148837 0.9987608294447199 0.009069906590768739 1.2835180121258225 -0.9415510869329214 0.049157509222021445 -0.3332642944909054 -0.9322679297168011
-0.3339488092401759 0.009710944991085452 0.9425411876169915 62.1677677728994 0.04642425133759716 0.9989028395005826 0.006156795060489283 1.2763624141332888 -0.9414472803587103 0.04581282336915472 -0.3340332371488419 -1.2586298888767051
-0.33614600527861854 0.009357970941652565 0.9417633946565784 63.09074148889103 0.04384841584149794 0.9990217976910853 0.005723999149500062 1.2647599638280487 -0.9407885945117629 0.04321893240152504 -0.3362275186814048 -1.5820529665012948
-0.3399960812812032 0.0071629068353349715 0.9403995733086514 64.04861787456814 0.04266764181541098 0.9990587440788248 0.007816535137318444 1.2553319112172985 -0.9394584275290403 0.04278222347318397 -0.339981682299728 -1.9257123970275984
-0.3430364859169123 0.0033155608926931125 0.9393162281073095 64.95867545450305 0.04363058533440023 0.9989706810097074 0.012407679330944523 1.2430442357097344 -0.9383082336594697 0.04523920356249403 -0.34282805181005477 -2.2627441550179572
-0.3480900459635604 0.0016174816375329228 0.937459707749746 65.87784183863853 0.04217014090491458 0.9990132663276254 0.013934594269977955 1.2396252813109458 -0.9365121457392565 0.04438330152840701 -0.3478147832227555 -2.600838164057339
-0.3521012148021269 0.003573303898525594 0.9359551089844615 66.7956245674467 0.043520067416576935 0.9989736220089416 0.012558115399734997 1.232163629403758 -0.9349495912972652 0.04515455712976537 -0.3518953362911929 -2.948592781388424
-0.35661504979168673 0.005955998132605278 0.9342324295100856 67.67793344963233 0.04359944958276017 0.9989962638603991 0.010273888701173961 1.229473624659466 -0.9332335153958805 0.04439584303972793 -0.3565167806185828 -3.285762638803989
-0.3614318473497839 0.008034863546730883 0.9323639100099855 68.57019314465927 0.04308628187729974 0.999038575710194 0.008092994312181565 1.22532130694235 -0.9314024865949805 0.04309716012375463 -0.3614305503882524 -3.627046369606438
-0.3640442904545699 0.01020549500931595 0.9313257230738577 69.4567123392143 0.04435769792065675 0.9989952644838158 0.0063918834541110275 1.222274114730266 -0.9303247547080583 0.04363839376656754 -0.36413121449124 -3.973643512956301
-0.36496852160823384 0.010157692718230221 0.9309644458913252 70.32943225282266 0.04619735488000096 0.998906298555656 0.007211872706162976 1.2152262146882429 -0.9298729927453487 0.045640201407100074 -0.36503861354427686 -4.316819970225673
-0.3659639556554481 0.0041562958692539995 0.9306197442380343 71.24771738042713 0.04737743956925449 0.9987765410172615 0.014170368148218059 1.210565211368016 -0.9294222729098324 0.04927622467520839 -0.3657131284229204 -4.679484729014841
-0.36560388607973904 -0.0029642479922250727 0.9307658200198556 72.10288910528759 0.04924205891415716 0.9985329066311881 0.02252230025033395 1.2094420621457915 -0.9294670613406848 0.05406706583967829 -0.3649215453685901 -5.014172043999643
-0.36626519160982607 -0.0057008816378025205 0.9304930463810944 72.97583667028064 0.04972284340337407 0.9984326216259937 0.025689276302171098 1.2079484130680325 -0.9291810632265928 0.055675847740268104 -0.3654076514244078 -5.355980940725451
-0.3657086418341792 -0.00048014474347981423 0.9307292617882095 73.85923402757861 0.04909331112272673 0.9985978165079499 0.01980524346131117 1.2124238464413357 -0.9294337179653034 0.05293552990742571 -0.3651722793184237 -5.701128127483411
-0.3644237635908528 0.005633128067223877 0.9312161877880221 74.73668013020226 0.05016423262523126 0.9986485132619883 0.013590317315732882 1.2138560161787673 -0.9298811054620908 0.05166638005317268 -0.36421383125411533 -6.0431349191858175
-0.36310484453855557 0.009094070857652032 0.9317039066934663 75.63545565008496 0.054668432562874 0.9984376438024838 0.011560013808942282 1.2110413354288172 -0.9301431257358996 0.05513228920859756 -0.3630347040337462 -6.400578430394175
-0.3596431315576188 0.008990673166061388 0.9330466149766852 76.50620097435834 0.05749684742719578 0.9982668903202183 0.012543054904422125 1.2057655194249672 -0.9313167723494318 0.05815826240890148 -0.359536765928346 -6.738981212607998
-0.3556994367335186 0.006562078246477483 0.9345773642864162 77.35053486737374 0.05745895655249878 0.9982372741295593 0.014859772888074024 1.2051982371223808 -0.9328324495960439 0.05898545301575796 -0.3554494863031456 -7.055964476078563
-0.35195700644844086 0.0018830583928489443 0.9360142732367607 78.22238510627949 0.05648935865000734 0.9982179390882024 0.019232744001119465 1.2111705541209448 -0.934310022407532 0.05964394498682056 -0.3514361703855283 -7.3762174607662825
-0.34687438460095754 -0.0038322375933460655 0.9379037665255083 79.116161322519 0.054662331259966015 0.998209288824081 0.024294963398778034 1.216064833834247 -0.9363173558409204 0.05969530685364107 -0.3460437537230182 -7.698120987198684
-0.3441666203191289 -0.007596182683506134 0.9388778597169856 79.99252125446048 0.04943467600248061 0.9984336750643265 0.026199414231487722 1.2243936607848007 -0.937606287450462 0.05543008665140363 -0.3432520287298817 -8.00510771529724
-0.34035988624893093 -0.009102579163792014 0.9402511849953618 80.88470106593533 0.044482297265317876 0.9986777348535445 0.025770276245974777 1.236268421183842 -0.9392424996041305 0.050595701006714566 -0.3395049366018474 -8.310558856244146
-0.3366788154631619 -0.009871493141915523 0.9415678036346993 81.72918658304664 0.045601633736795946 0.9986008075848115 0.02677532616977124 1.2372182404915604 -0.9405146815541252 0.05195171521818734 -0.33575758080351825 -8.609289401839343
-0.3338319810672952 -0.008371597219422638 0.9425954194545404 82.6012495374745 0.04809040672872823 0.9985071372367254 0.025899993590437088 1.242298460734593 -0.9414050781663282 0.0539760432721309 -0.33293102221831844 -8.915765117385524
-0.3274464353449575 -0.006460436222844465 0.9448476568969684 83.52843957077937 0.04880466253213786 0.9985261437902209 0.023741210637947097 1.247887855831687 -0.9436084658877351 0.053886945833307276 -0.32664852697318797 -9.234663640604905
-0.31860835604755855 -0.006017333490771801 0.9478673468130091 84.4270266775619 0.052733749065229485 0.9983186459230148 0.02406310270858116 1.2507119104455329 -0.9464184418988241 0.05765130440934667 -0.31775534603481215 -9.539534663147155
-0.3083313061504867 -0.006527649730328933 0.9512566401537146 85.35211446274509 0.05669306902657932 0.9980729443288618 0.02522486319219214 1.2548930027126584 -0.9495881747220123 0.061707273377742386 -0.30736706206163694 -9.843336153361664
-0.29710798848056474 -0.006765136311782879 0.9548199181582442 86.25057438647019 0.055441554383568264 0.9981656107456864 0.02432380669683231 1.265188453470893 -0.9532329606284955 0.06016349769897041 -0.2961879071063833 -10.117257063359645
-0.28605589338282383 -0.00866193060682707 0.9581737821601659 87.16316757893368 0.05503306693544209 0.9981600570455502 0.025453134630199065 1.2743304545628362 -0.9566312703464348 0.06001226105544101 -0.2850528742503397 -10.384488384646508
-0.2734053119162872 -0.012518342963661087 0.9618174600751446 88.09988730228034 0.05686596258919191 0.9979560830884793 0.02915336216468835 1.2828796646561018 -0.9602165368888222 0.06266535977830984 -0.2721346265529115 -10.648863748367088
-0.26021836945579346 -0.014863451067331165 0.9654353826228546 88.96894702748237 0.05712404104828073 0.9978931115147951 0.030760070312585017 1.2935483111301258 -0.9638585187319157 0.06315390576749698 -0.2588210579806588 -10.87860985139983
-0.2457381142431117 -0.016553462783358664 0.9691949040714769 89.84873155164236 0.05743206951990089 0.9978490371314064 0.03160469089528533 1.3062932655758566 -0.9676333688949037 0.06342934625081059 -0.24425884105860757 -11.098848152413684
-0.22949492142066186 -0.01803055143898271 0.9731428365131866 90.68849307896251 0.05795229725092536 0.9978014011588556 0.03215423904814174 1.3139108388876923 -0.9715830444616994 0.06377509749291531 -0.22794544227578784 -11.297408997768613
-0.21542089502273343 -0.01562802312675017 0.9763962325207705 91.54308880787163 0.05866861841136277 0.9978586502820685 0.02891551955180069 1.3248599840917428 -0.9747573191319503 0.06351282508594956 -0.21404272902459276 -11.483858565585418
-0.20302423988100043 -0.00814369385303718 0.9791398461257562 92.41006234044666 0.05860190471793625 0.9980719026239111 0.02045223596860269 1.3318660460103893 -0.9774185259059557 0.061531759629588755 -0.20215555340557584 -11.663109445172129
-0.1885572594163955 -0.0049531115873345695 0.9820497067903344 93.28763189311164 0.05410208689915531 0.9984162863979722 0.015423464216549592 1.3372775916141115 -0.9805708154511508 0.05603914471944009 -0.18799066504637735 -11.826185768233568
-0.17502515107034283 -0.008768645999830724 0.984524914534992 94.21304788792048 0.05214436451886175 0.9984743730918952 0.01816291627660072 1.3401896460355238 -0.983182161016832 0.05451639318660387 -0.17430089251692288 -11.98557173530957
-0.15979991819887418 -0.014476139419718554 0.9870432754095102 95.17192827047036 0.05132211838660075 0.9984183745638171 0.022951895295540408 1.3411042449963158 -0.9858143974947542 0.05432486282400152 -0.15880422844247122 -12.138718987483996
-0.14695873503133355 -0.014502709665704886 0.9890362994401888 96.06395300961694 0.04802733831240659 0.9986085492982144 0.021779349006369384 1.3447117272538134 -0.9879759637625888 0.050701446536246586 -0.14605772265277933 -12.263349240390363
-0.1384062815012551 -0.00985640099969376 0.9903264878818142 96.99677305291016 0.043570969442017306 0.9989217018855572 0.01603134816368731 1.3451278980220371 -0.9894166320933152 0.04536832442790677 -0.13782758532211925 -12.383247955754978
-0.133604056932563 -0.0023380225897462192 0.9910320325910411 97.96289250501363 0.0384420106950431 0.9992323865952393 0.007539853639475562 1.3466639785530683 -0.9902889314664094 0.039104619030906784 -0.1334116223781308 -12.50127790006345
-0.13087466090117766 -1.98764894510442e-06 0.9913989222961922 98.89988279422056 0.03466723669869544 0.9993884233321397 0.004578428701692616 1.3421231464495813 -0.990792614947083 0.034968261405867895 -0.13079455210585994 -12.611875618056658
-0.12815972817501015 -0.0015038599721358507 0.9917523997849924 99.84892520964121 0.03280976461839516 0.9994450434618736 0.005755384016644608 1.33577521258598 -0.9912106755981762 0.03327677124779012 -0.1280392638042302 -12.726405545231428
-0.12505308888275396 -0.002518503013996986 0.9921468551093888 100.79700710049048 0.029880792755493994 0.9995335931860903 0.006303516225610381 1.3306472380049936 -0.9916999864803797 0.03043440873537391 -0.12491950840338323 -12.836980736389386
-0.12067347441170095 -0.006356093046916129 0.9926719058453239 101.70964226959975 0.02678054085104247 0.9995947002287653 0.00965597774907876 1.3315663081322782 -0.9923309504420057 0.02774951090999629 -0.12045434587063186 -12.937977269029828
-0.11461922448459888 -0.01126687799388457 0.9933456049325533 102.61256809642708 0.024586277559059042 0.9995972149577035 0.014174724145171748 1.3286340007565682 -0.993105205068596 0.026047366643745865 -0.11429604698583512 -13.035628688772878
-0.11034380687313461 -0.014674955181462945 0.9937851326998037 103.53270157559608 0.020082993453088865 0.9996539210884565 0.016991510422474442 1.3306139191963784 -0.9936905542766861 0.02183308825832758 -0.11001090217972265 -13.129792041081258
-0.1077737945973205 -0.014804891137749146 0.9940652012803256 104.47887423603525 0.014290280717093453 0.9997627444649937 0.016439058879715612 1.3333593360544753 -0.9940727322862858 0.015977170532465584 -0.10753665861767914 -13.218494987565292
-0.10464480876979548 -0.01347586331832781 0.9944183551731932 105.39041165688397 0.007833406089860693 0.9998660037646279 0.014374013523890462 1.3329345179089482 -0.9944788090987985 0.009293848695744915 -0.1045252248495851 -13.304543177995562
-0.09989185320361388 -0.01284677621255573 0.9949153622316284 106.30178767192281 0.008038045827044812 0.9998735973828234 0.013717837876787979 1.32706441637435 -0.9949658323192964 0.009367475523107797 -0.09977596363600799 -13.39526958563203
-0.09528223017985527 -0.011465764056327269 0.9953842639235151 107.25281311645843 0.009200882287074066 0.9998808057918758 0.012398305292621205 1.323404839586082 -0.9954077759275808 0.010339751621497776 -0.095165377944467 -13.48447059280706
-0.08787282290586829 -0.014609187356067688 0.9960245672870471 108.18537144146009 0.007508658603809438 0.9998543286729303 0.015327800885167817 1.3245138940309142 -0.9961034017814243 0.00882570556948422 -0.08775032695480633 -13.563940481598827
-0.08180241002252614 -0.01949202566416783 0.9964579402313044 109.10894962782801 0.0075794979374246675 0.9997676527307477 0.020178993143059484 1.3240129147209647 -0.9966197454021885 0.009203341173643898 -0.08163566368762126 -13.63885914245918
-0.07388154851222134 -0.023791306162967422 0.9969831947131788 109.99508378482571 0.008277303803924503 0.9996663281989937 0.02446872507670495 1.326604435311367 -0.9972326724647432 0.010060120088834982 -0.07365996845386508 -13.704638604776441
-0.06833377133936686 -0.021183371319093265 0.9974375972832068 110.87627784706598 0.007133654823754526 0.9997386212337016 0.021720961824763393 1.3301296905664475 -0.9976370114743112 0.008599650765857973 -0.06816479548352389 -13.759647987073274
-0.06384203219828272 -0.019755322118287143 0.9977644622719313 111.77146627359583 0.008789677786392681 0.9997541342886052 0.020357124975129016 1.3334966851348187 -0.9979213077638962 0.010069668358210285 -0.06365269271563317 -13.813446272066107
-0.05731325938415038 -0.02026145623191966 0.9981506217450989 112.68127032270567 0.009049459958696394 0.9997424220040925 0.020813383190812537 1.339267510143489 -0.9983152295608945 0.010225606913706933 -0.057115141512783574 -13.862719115774908
-0.052299265748672 -0.022266350116598492 0.9983831911919565 113.60032784859828 0.00989582370771503 0.999690751632655 0.022813894303325383 1.3437091558169827 -0.9985824249781765 0.01107297397371328 -0.05206274841075781 -13.905388665101201
-0.0446280533942483 -0.024731755935180264 0.9986974902835207 114.52462216513807 0.011545658044182384 0.9996139782273918 0.02527038410341582 1.3466677495020851 -0.9989369522800561 0.012658387763457093 -0.04432528159710919 -13.944857981179673
-0.03748519865714939 -0.025827403720731043 0.9989633652435311 115.37565119335113 0.014131713063949924 0.9995522819402046 0.026372909471803322 1.3493932289669193 -0.9991972550840561 0.015105657389736949 -0.037103430398167436 -13.981464695307412
-0.03183931803800416 -0.026458227188387907 0.9991427425753151 116.27099188670608 0.017021061697068744 0.9994902462551714 0.027009833384923288 1.3580874180522284 -0.9993480581286879 0.017866444940848988 -0.03137274070903279 -14.0126611553155
-0.024151634320267346 -0.027149087834441147 0.9993395947271467 117.15388381608808 0.015062084306144839 0.999507834537706 0.027517672759526338 1.3691159167200155 -0.9995948340082669 0.015716733996081762 -0.0237308258701997 -14.030924635888411
-0.018052191978993604 -0.0281607341157586 0.9994403891272431 118.02798596842746 0.013321169472428927 0.9995077799493317 0.02840324391060022 1.3776288834772992 -0.9997483007280584 0.013826455613054654 -0.017668172416518912 -14.044096093197803
-0.014156800156920335 -0.029265077502350932 0.9994714304311547 118.91088003780794 0.013547321754495042 0.9994742379894166 0.029457047862191277 1.3829016129551288 -0.999808009111048 0.013957178592274138 -0.013752893628111718 -14.057698732265537
-0.009871507579833905 -0.030175925811794402 0.9994958563393361 119.79891052936941 0.012182844889528357 0.9994667422255146 0.030295370529423757 1.3930630418659933 -0.9998770582569136 0.012475763965323529 -0.009498614898107993 -14.062300391763102
-0.006172370610294853 -0.03038563567291147 0.9995191919046891 120.67404188300577 0.010994243894948704 0.9994757573858695 0.03045220844407389 1.4036995961227825 -0.9999205110618683 0.011176920089900963 -0.005835067701099761 -14.062162097850452
-0.0016658338571844955 -0.03281226038785505 0.9994601445609526 121.60467133625785 0.008210930069852282 0.9994273903111011 0.032824870499826984 1.4149836745757611 -0.9999649021965464 0.008261178135230744 -0.0013954608090994136 -14.057336675085226
0.0036021400930685288 -0.03610942075886437 0.999341350249858 122.51383493255516 0.008687003622645467 0.9993112550808997 0.036077020895546 1.4252900272620666 -0.9999557792996701 0.008551327446473607 0.0039133418063254655 -14.053394074569736
0.007033430014386444 -0.038142775488584676 0.9992475466771288 123.41254811785967 0.007282026661059456 0.9992477209074733 0.03809152594644185 1.4387985600209696 -0.9999487501616974 0.0070086331940156215 0.0073058956200725 -14.043364517946173
0.0114563325044848 -0.037361180463465635 0.999236155590821 124.30891271640363 0.004647055935659363 0.9992929335014447 0.03731002446003771 1.4537406722538264 -0.999923575738005 0.004216070261999116 0.011621851611010536 -14.026433859942891
