1.0 0.0 0.0 0.0 0.0 1.0 0.0 0.0 0.0 0.0 1.0 0.0
0.9999521436745805 -0.0017699460820881192 0.009621728092062165 0.014171554706990719 0.0017580859421384607 0.9999976845736769 0.0012409597515775392 -0.011181162670254707 -0.00962390224551 -0.001223984538906102 0.9999529400763905 0.33619827032089233
0.9998490539437916 -0.004598189164855451 0.016754879411953878 0.032307067411971646 0.004570604258522737 0.9999881362821227 0.0016843015522328888 -0.022952633031666003 -0.01676242537393929 -0.0016074673903648021 0.9998582085196741 0.6626448798936294
0.9997598379321693 -0.007452393341776954 0.020608937171094084 0.04775294631535906 0.00743267893168454 0.9999718436713109 0.0010330287981846205 -0.0331807605487832 -0.020616055436022615 -0.0008796010907363185 0.9997870796125443 0.9687804712112924
0.9997261220476445 -0.009137403904474067 0.021545039927196464 0.05929452483035744 0.0091489331472265 0.9999580523158719 -0.00043661300421608514 -0.039709980701675876 -0.021540146653297603 0.0006336075554887648 0.9997677833495237 1.2990946895758624
0.9997669174063337 -0.011172784880338104 0.01847375808694746 0.06771850694944051 0.01120724940858762 0.9999356424214898 -0.001763115372427788 -0.049497829636747676 -0.018452870251835642 0.001969744435318182 0.9998277910151971 1.6501817613811338
0.9998828312492543 -0.012973973528083377 0.008124025102608658 0.06755317353003189 0.0129949301540847 0.9999123562048863 -0.0025321333067077688 -0.05920333538046215 -0.008090461251726262 0.0026374077585899305 0.999963793603073 1.984569615827097
0.999889495475454 -0.012976791858249879 -0.007252565815612776 0.05140302084787468 0.012951495744486667 0.999909915903132 -0.0035240369708609857 -0.06781700873337944 0.007297643169042941 0.00342971597353352 0.9999674901978155 2.3449655083534653
0.9995870817574976 -0.011022822440174739 -0.026536076744356835 0.02233666337344824 0.01095004725086611 0.9999358809423162 -0.0028862552412983597 -0.07653439204440707 0.02656618995516322 0.0025944921596533924 0.9996436896023001 2.72602060723563
0.998976540458273 -0.008680291523870311 -0.04439058631152822 -0.011001298234058963 0.008542684514014465 0.9999581026858064 -0.003288679719341691 -0.08244239378556632 0.04441727316387881 0.002906099114451732 0.9990088390162635 3.070382649502923
0.998041242916937 -0.009569387986081283 -0.06182316920368395 -0.045356394952412796 0.009335927137681695 0.9999481606938777 -0.004064036098610365 -0.09159845004285418 0.06185885467170719 0.0034788990360102275 0.998078844260413 3.466118807836302
0.996592447580788 -0.012924977210187245 -0.08146433814283771 -0.08613641743414711 0.012617607576680666 0.999911205940861 -0.004286748527019084 -0.09897678353351068 0.08151251072059645 0.003244256156524941 0.9966670383824358 3.8908616674703667
0.9948831041124434 -0.014929928113657384 -0.09992350273139085 -0.1340734444686416 0.014574920482315422 0.9998846118212308 -0.0042819079907092245 -0.11103944190227655 0.09997590131888502 0.002803620806696219 0.9949859088780347 4.301970344536966
0.993191780942801 -0.015949597327326464 -0.11539365932651265 -0.1930505742428741 0.01565778168905062 0.9998715093471299 -0.003434918990388771 -0.12324938343891936 0.1154336178946374 0.0016047245834232564 0.993313900395422 4.730532123046193
0.9913627743862183 -0.017028328363789612 -0.13003801595839304 -0.25850549046691457 0.01681201615112167 0.9998548556469777 -0.0027611142852193987 -0.13816742458163506 0.13006615883539713 0.0005510646936402019 0.9915051642091982 5.177485251970721
0.9897717312142937 -0.017189918632076584 -0.14162071453880898 -0.3267285411332309 0.016904720827170074 0.9998519305021016 -0.00321675068606246 -0.14734832829810057 0.14165504051326827 0.0007897902528058967 0.9899157669865357 5.602306570720944
0.9878966135179625 -0.019849542400291006 -0.15383847589676772 -0.398640870295592 0.01947364442983479 0.9998025674847196 -0.003950091591708213 -0.16168888612919957 0.15388651069005918 0.0009064863272929577 0.988088113535517 6.062385880647361
0.9864238867222561 -0.023765283388410774 -0.16249039051348924 -0.46845372241475763 0.022963174412883723 0.9997130969095528 -0.006812964728714576 -0.17580009745811898 0.1626056835557761 0.002989175970021433 0.9866866050080842 6.508960197524383
0.9851818041000421 -0.024548664763603425 -0.16974738857640945 -0.5563328593357677 0.02349726003679096 0.999690268537063 -0.008200351398471847 -0.18811929143335349 0.16989612014684077 0.004090238455054704 0.9854534886581056 6.992647514613357
0.9840034780105219 -0.02508514735044663 -0.17637429133976149 -0.6489733607139048 0.0237201611114029 0.9996701746554785 -0.009843569532163548 -0.20006516851137449 0.17656304602052428 0.005502480049198679 0.9842739524610324 7.490850922887209
0.9829404128744854 -0.02816112728889694 -0.18175559316828413 -0.7385853026602612 0.0264222956708287 0.9995790626425982 -0.011981645046829907 -0.21727430808155185 0.182016502080497 0.006974843106727267 0.9832707381662577 7.983808003971511
0.9812000960558803 -0.03212556508403908 -0.19030060317288128 -0.833004671265301 0.02990534537116124 0.9994471517398943 -0.01452794538963268 -0.23186655697993183 0.1906621142706721 0.008563816149576853 0.9816183674090422 8.485476955514583
0.9795680117356804 -0.03685361345885809 -0.1977076669207123 -0.9285185952759301 0.034542096173400434 0.9992887294400087 -0.015128741061996947 -0.24829742947038752 0.19812459205296495 0.00799039355717043 0.9801442749078566 8.991058216474876
0.9779421974347633 -0.04001782036832281 -0.2050064207029511 -1.0376075656463157 0.03711571768233955 0.9991491456241802 -0.01798355636118442 -0.26841696452951175 0.2055516528208703 0.009977918191670944 0.9785954011598302 9.518341011450685
0.9761593381416287 -0.03803109857118467 -0.21369740779982863 -1.1629406661235526 0.03373755335475466 0.9991495823260553 -0.023704211256740722 -0.28376667597055666 0.21441717294221677 0.015929459474129888 0.9766122712050722 10.045217634822992
0.9744802193404257 -0.03657480289427635 -0.221473668654946 -1.2978109160546247 0.03130584250221227 0.9991381718316311 -0.02725541807004369 -0.3008802695506707 0.22227965795246007 0.019626445989812287 0.9747853898568374 10.598278793840858
0.9722815832293891 -0.04033191942038858 -0.23030818306959888 -1.4163316225482203 0.03441633094909745 0.9989677561551277 -0.02964689404291167 -0.3260969411681502 0.23126616500680508 0.020898766429067465 0.9726660282362022 11.114374667167331
0.970060785281997 -0.04175423919937877 -0.23924601640770657 -1.5517469912745256 0.03516892882256815 0.9988775339863986 -0.03173040407439795 -0.35127757706982815 0.24030234976701473 0.022366394571599942 0.9704403768858337 11.649115565302724
0.9679331114722511 -0.041419273936816894 -0.24776992445047452 -1.7025584427764833 0.03386362562648079 0.998824557060339 -0.034680817070065914 -0.3745445958536393 0.24891513930469655 0.02517832321193656 0.9681979681166238 12.20309308653276
0.9657848835106402 -0.041793895177050726 -0.25595474035123716 -1.8687085627411395 0.033011701168371606 0.9987126138722151 -0.03851418541911844 -0.40265311709327806 0.2572348855974043 0.028746916677407308 0.965921233027431 12.800090043122355
0.9642248681400076 -0.04381611224324255 -0.26143938488351903 -2.032193260663246 0.033320274791981 0.9984559158044234 -0.04444708632674718 -0.4343408522786953 0.262983198984597 0.03414575380684999 0.9641959886603917 13.391869166424085
0.962560993080487 -0.04650452005942143 -0.2670461836723185 -2.199497120429822 0.03368894555422445 0.9980590639343989 -0.05237518349214927 -0.46777807144920214 0.2689635468745743 0.041417804292775764 0.9622594119779834 13.979315785147504
0.9615539928483414 -0.04823077944554112 -0.27034738902287825 -2.371635415287294 0.03276261951263992 0.9975727996404923 -0.06144200664122553 -0.5011267738636289 0.2726545976140543 0.05022251817169251 0.9608002753269861 14.557924850741884
0.9613684516753807 -0.05105417071795425 -0.27048876460138443 -2.54706902637488 0.03275900790890403 0.9968860964868391 -0.07172836281455729 -0.5435941325483831 0.2733085207674754 0.06009644152139446 0.9600473270585987 15.17186823827497
0.9609577743596167 -0.05197169000735416 -0.27177030620653114 -2.7313876451194945 0.030931598429195614 0.9962226425359055 -0.08113989596611829 -0.5937850631560984 0.2749607101322427 0.0695657238628119 0.9589354607829538 15.781705715848172
0.9604199537702144 -0.053098883736151486 -0.27344838808446864 -2.923708888608499 0.029958068058208775 0.9956593333511189 -0.08811927183667302 -0.6486433986547703 0.27694047475628986 0.07643952156300045 0.9578418308807465 16.420185353017985
0.960006997721921 -0.05243494851752231 -0.2750220727485495 -3.1253242616985637 0.027316825719348403 0.9951612924242315 -0.09438110559403388 -0.7096772152248049 0.27864018977448757 0.08309379179275798 0.9567941609395092 17.082266678261607
0.960005849315319 -0.0528510891991744 -0.2749464159628819 -3.324137186018871 0.026509377515182703 0.9947683238439193 -0.09865715777639658 -0.7730991947325342 0.2787221236000664 0.08742279020495852 0.9563844590794275 17.742200815803507
0.9601395390712402 -0.052131165570355464 -0.27461683686245947 -3.531815283096108 0.02443919871332519 0.9943485976769381 -0.10331307692716041 -0.8422764556048183 0.2784506977515357 0.09248355461476893 0.9559874481642006 18.423787043025474
0.9596263789733337 -0.05037572597232299 -0.2767300110419711 -3.7504826299397442 0.021789282683418697 0.9941888363105207 -0.10542193754468267 -0.9149030783072716 0.28043259428723705 0.09513592375277767 0.9551474839379707 19.134640651317603
0.9593388991387 -0.0494513994194061 -0.27789105004445513 -3.969100311323635 0.020194988793917814 0.9940351980215559 -0.10717363258684467 -0.9876140171859961 0.2815333710716388 0.09720382806098124 0.9546153030322374 19.848319142755848
0.9583439597404687 -0.0476503385236195 -0.28161374268231976 -4.19291974422891 0.018118772494542697 0.994141778337147 -0.10655437413802508 -1.0682620731968586 0.28504133895323036 0.09701324550410469 0.95359313403805 20.576092690786414
0.9568449929468921 -0.04612772662576279 -0.28691443377564835 -4.418469189548119 0.01649830585676621 0.9943519605057076 -0.10484266565817686 -1.1478407355242368 0.2901300835423976 0.09558457759908005 0.9522017239791613 21.298965608189576
0.9554871853332951 -0.04503485814256848 -0.2915752050774141 -4.650182169006746 0.015482396813160174 0.9945732836704162 -0.10287992417359965 -1.2287577370975213 0.29462609194159495 0.09378616615004848 0.9509992749661265 22.03648549924595
0.9524091836338662 -0.043649677135359485 -0.3016810445086853 -4.929286632635548 0.013792828806138503 0.9948516264000966 -0.10039919981059152 -1.3220326692499118 0.30451027043992634 0.09146008492813353 0.9481078778607113 22.890384923968185
0.9488493826891419 -0.04293829672499918 -0.31279570272749996 -5.185539744619902 0.01384428606130024 0.9954146002947512 -0.09464728872764357 -1.402649482854631 0.3154254027720144 0.08547558829512063 0.9450929790722793 23.653341939161056
0.9464684388749123 -0.04182126434561509 -0.3200757348850746 -5.416140944685617 0.013444341210016121 0.9958185020557633 -0.09035906513927856 -1.4671024893799856 0.3225162692068651 0.08121879592772789 0.9430730423911686 24.314528067739857
0.9434689841645841 -0.03954268465946508 -0.329093682724798 -5.691542906412299 0.01141534378558255 0.9961457969595036 -0.0869668967261264 -1.5404702843682094 0.33126419342528535 0.07829385218417775 0.9402840564767955 25.084051488940673
0.9406058825656441 -0.03828245294631551 -0.33733518565266674 -5.9777906155027205 0.009774802510838095 0.9962639615070684 -0.08580543245108019 -1.6172978527766855 0.33935973084439486 0.0774117096998633 0.9374659461988816 25.859490400215016
0.9371507440879924 -0.038656820996631154 -0.34677677697008014 -6.279690342849789 0.009601990335829988 0.9963247844093434 -0.08511595475154031 -1.6930200003664564 0.34879260977966964 0.0764367330680089 0.9340776954841482 26.656629977818834
0.9339335388745126 -0.03918372194017008 -0.3552925286299238 -6.585015984484433 0.00930930529317365 0.9963026303681937 -0.08540729217331125 -1.767228810474817 0.3573254564123416 0.07645720800771041 0.9308452145998162 27.438409357096965
0.9304155424199283 -0.03960899638197622 -0.3643597752620937 -6.897201991657377 0.009479136488235767 0.9964111540615426 -0.08411276973909801 -1.8409772466505643 0.36638376655478094 0.0748060122407131 0.9274518834623036 28.227973204543076
0.9273345553088062 -0.039619583237665526 -0.37213023413086516 -7.212089744740335 0.009730644218183841 0.9965966440046539 -0.08185623813589588 -1.913639756705919 0.37410685250783354 0.07228705127984583 0.9245640297588626 29.004493798377172
0.9239549918787135 -0.039394099391080385 -0.3804671837564601 -7.554711716381087 0.010146105274237954 0.9968564669081917 -0.07857633823919993 -1.9896957372804795 0.38236661665235677 0.06874073985987314 0.9214502054660071 29.83165303655332
0.9202378561559654 -0.037665776792266056 -0.3895427798793195 -7.910891848189772 0.00956586831286712 0.9972252574844916 -0.07382601166533531 -2.0602204313532715 0.3912426130432288 0.0642111757688997 0.9180447389128058 30.65747857967984
0.9166551986419647 -0.03932957237991055 -0.39773915012112404 -8.263261032101925 0.01227215115788828 0.9974470741287382 -0.07034720049851058 -2.130519359591662 0.39949047686849637 0.059603012075171866 0.9147977043275461 31.477688137341296
0.913042904071539 -0.04005844420422176 -0.40589158204198805 -8.656095378890718 0.013347211430257536 0.9975667621985529 -0.06842811486320637 -2.2048358718684686 0.4076450751225221 0.057060283951566634 0.9113559220873699 32.35321631841046
0.9099586830233529 -0.039757253934203846 -0.4127887546312478 -9.0450191360444 0.013297353564535054 0.9976792889181024 -0.06677736781312518 -2.2730982137777755 0.41448567596309654 0.055275647653201615 0.9083755980859097 33.19896999236547
0.9073662349120928 -0.040159263295101735 -0.4184181512710074 -9.447851886434698 0.014568608089899522 0.9978321354656807 -0.06417776164936319 -2.339874661133429 0.42008840902811856 0.05213696388930078 0.9059842523999133 34.06868727866735
0.9046441263125186 -0.041182041094957746 -0.4241733657592295 -9.855285138479395 0.01618494925688132 0.9979219808752778 -0.06236800063745601 -2.40805279587027 0.42586036695824614 0.04955562104559631 0.9034307877623904 34.93665629789157
0.9029847563397644 -0.04297434458752496 -0.42751811134183465 -10.265752496512246 0.017810157349664717 0.9978741834271341 -0.06268901295132175 -2.4726169623187433 0.4293033054999657 0.04899305825220004 0.9018305562187944 35.80225256255978
0.9019363667853851 -0.044011857991160634 -0.42962046811825155 -10.683910333701329 0.01825288214020561 0.9977895338804649 -0.0638974050504468 -2.5370448534995416 0.4314830501463011 0.04978958158863169 0.9007460102613133 36.66892267904231
0.9003560582051912 -0.04500769294011468 -0.43282014281849124 -11.123835285070445 0.018982158173204117 0.9977522227281737 -0.06426647424650468 -2.602896774932797 0.4347397452779056 0.04964684901579899 0.8991866014674065 37.576729808011336
0.8998733712885809 -0.04565995353397951 -0.4337546360432342 -11.573738747917208 0.019935184503731877 0.9977715971700856 -0.06367439280792986 -2.674022242140387 0.43569542580170145 0.04865191182195427 0.8987783305195686 38.4966289164625
0.899048588068995 -0.0454166262407134 -0.43548704498762997 -12.029130605901278 0.020345696901898726 0.9978648031262454 -0.06206357465853823 -2.745298052027695 0.4373759125840411 0.04693788174525159 0.8980529752461969 39.43258128668985
0.8983069316803636 -0.045415575678041165 -0.437014967685139 -12.485465093207921 0.020991353273330696 0.9979438262325788 -0.06055974547531584 -2.817741914254953 0.43886674467629144 0.0452277035688628 0.8974131909255191 40.35840166094649
0.8973083797042299 -0.04796344303950686 -0.4387905876888947 -12.956781630699775 0.023338923565869453 0.9978436901947246 -0.06134545284991325 -2.887967811926719 0.44078675837569814 0.04480488891148384 0.8964929199777729 41.31592269989283
0.8959041321275127 -0.05088561822292809 -0.4413235093385792 -13.430356628348965 0.02614815351286435 0.9977360852936034 -0.061959488142362296 -2.9582954524924565 0.44347723741440925 0.04396996658022681 0.8952064465441576 42.27733896299025
0.8952329004654376 -0.049773640397429215 -0.44280993512547545 -13.918249855659829 0.025681461822519784 0.99785335773405 -0.06024233542568591 -3.0301610063195614 0.4448578609431319 0.04255891423039121 0.8945894155290638 43.24866342850712
0.8929136439433563 -0.05004958913379158 -0.44743744041746875 -14.403568148599676 0.02740807120432366 0.9980013922031621 -0.05693872841405158 -3.1040195902088863 0.449392948423377 0.038577970243249604 0.8925008224753941 44.21972881824477
0.891160663175629 -0.05064409309791165 -0.45085235747710484 -14.879458197446494 0.02972715942235314 0.9981327161136047 -0.05336081911249327 -3.1720196318562315 0.45271289842575846 0.03415050304121864 0.8910021182584139 45.15807092461069
0.8885206061047243 -0.051950268387596275 -0.4558862820284793 -15.371616744252288 0.0314643035971652 0.9981294531297485 -0.05241748175994916 -3.241539029153637 0.45775662761607167 0.03222986828030641 0.8884931656823226 46.11378039544015
0.8836173646943517 -0.05532837729515467 -0.4649291596324051 -15.886195090119298 0.03334591949401832 0.9979083841116332 -0.055379658475001606 -3.3134221799562567 0.4670207730537346 0.03343093755183037 0.883614152190139 47.088289199828566
0.8781385234393997 -0.05876985712391602 -0.4747829372937757 -16.395254669778037 0.03477909317217339 0.9976421921716297 -0.05916477902524585 -3.380982968472957 0.4771405959775296 0.03544235168014938 0.8781120038910688 48.03352716349084
0.8719053992770631 -0.058579402974263145 -0.4861578223773472 -16.936589196339117 0.03374621491120386 0.9976464688661668 -0.05968849250932301 -3.4515055193229576 0.4885101510620555 0.03563673253887843 0.8718301758962467 48.99494191541419
0.8660156413042034 -0.05668067002925962 -0.4967939317881242 -17.490574987460004 0.033668390943772254 0.9979095359576251 -0.05516337096384252 -3.5259339526963824 0.4988820987645543 0.03104608976781746 0.8661136137034229 49.95520603678407
0.860948365637117 -0.05453077122646194 -0.5057611162359406 -18.058201528318847 0.033199730353711 0.9981413776227391 -0.051103504594317783 -3.596826221428635 0.5076078108256592 0.027206346076381675 0.861158594639776 50.908936214313265
0.856827805577895 -0.055082241177007135 -0.5126519855569541 -18.632376953502813 0.032745194859819374 0.9980833566264454 -0.05251062215286085 -3.6705340108962123 0.5145618172796752 0.028205671986429988 0.8569892509627133 51.85550909255789
0.8545316675878898 -0.05867246129610983 -0.5160747730464229 -19.180877938659496 0.03366675586291278 0.9977667389666021 -0.05768954984760774 -3.7378500331867675 0.5183070312460824 0.031922983842508884 0.8545985867431934 52.75745263392723
0.8528624417794504 -0.06262633160198372 -0.5183662778307169 -19.735180783984184 0.03347124442135031 0.9972964052570836 -0.06541831439424971 -3.8065257161677417 0.5210617345371659 0.03844245896631806 0.8526528286176871 53.66082645390249
0.8495619408602868 -0.06404623147740963 -0.5235862764389883 -20.29939297499347 0.03375111379188844 0.9971677077035225 -0.06721179235156159 -3.881462898851459 0.5264079890726485 0.03942896076292779 0.8493173647663433 54.57208678466781
0.8476081518804142 -0.064333986610164 -0.5267082295091959 -20.87094269442884 0.035617092333380826 0.9972822454465574 -0.06449453969746456 -3.9603111005541076 0.5294259566734371 0.035906281956165374 0.8475959505073749 55.48967489758191
0.8446380874155393 -0.06337982480702345 -0.53157266586465 -21.457319985949944 0.03688322532317642 0.9974970051284349 -0.060327045755305876 -4.037110585180955 0.5340656597992233 0.03134840613546382 0.8448616149737105 56.418131173049005
0.8412865590818369 -0.06232343729170012 -0.5369848365386034 -22.030696915566498 0.03719221302808895 0.9976512954023669 -0.05752070994044296 -4.113309951274558 0.5393085061431131 0.02841974570834241 0.8416285720289901 57.311234597509696
0.8390115376583526 -0.06164961599630474 -0.5406098080165356 -22.625086206623582 0.03609338997931982 0.9976780347471458 -0.057756438453855766 -4.18482766276597 0.5429151930789633 0.028945877609453486 0.839288525653396 58.217283383111365
0.8356244990689708 -0.06401890106854387 -0.5455577667504218 -23.22495542529328 0.03672549387434579 0.9974742685448106 -0.060797382268322334 -4.262178502721441 0.5480720159389795 0.0307679036817772 0.8358650617459805 59.12925396807663
0.8324807143579773 -0.06609491597997234 -0.5500975570784081 -23.820610303760223 0.037855954304823886 0.9973241887557611 -0.06254110045669524 -4.3392359176347925 0.5527592486297295 0.03123979200096821 0.832755239221005 60.02618405632912
0.8294601528524981 -0.06754489542173872 -0.554466898860858 -24.41724008695742 0.03878330555865511 0.9972302614001779 -0.06346385552168274 -4.414364098390967 0.5572178299730318 0.031136680140943233 0.8297823793681969 60.913184440721714
0.825959743087144 -0.06755580872829346 -0.5596666110341809 -25.027141700348537 0.03895949754032165 0.9972603879459647 -0.06287985516260097 -4.492580830603704 0.5623812411085781 0.030131899059472396 0.826328874182819 61.805124724627625
0.8227619270144598 -0.06778031108712186 -0.5643302586999799 -25.650813135128075 0.03902960298773401 0.99725793974891 -0.06287520734263839 -4.572330922575316 0.5670445322424624 0.02970574080363743 0.8231513028703985 62.70396459281291
0.8180323123201431 -0.06918100846486021 -0.5709966060038755 -26.28924753556429 0.039540856415091016 0.9971555814376138 -0.06416593396636375 -4.655439993473649 0.5738115166795811 0.029912112523182603 0.8184409623487081 63.614450843200785
0.8129810097250342 -0.07065036298787837 -0.5779882386659307 -26.92816923160405 0.04010475732221459 0.997048678828092 -0.06546403964989209 -4.736187543688345 0.5809074679039599 0.030040943008457534 0.8134150573210288 64.50542414450916
0.8081941265367789 -0.07136107651679019 -0.5845766421863072 -27.59253615048979 0.040168634064210215 0.9969993392194961 -0.0661724900038059 -4.819674019052876 0.5875446661053683 0.029998572536923115 0.8086354870872774 65.4140621920524
0.8028226270489345 -0.07284583466607014 -0.5917510573459511 -28.264739189404587 0.04075893881640403 0.9968916415997587 -0.06742227981238094 -4.907087368440662 0.5948231152240203 0.030008986659697985 0.8032962855104273 66.3244923361213
0.797898430953045 -0.07369162823587458 -0.5982705389793272 -28.94118510945777 0.04053257701690489 0.9968119480019502 -0.06872445358768788 -4.993732526403608 0.6014276382766572 0.03058568698759674 0.798341600862976 67.22173101931392
0.7917873661697284 -0.07365666487481583 -0.6063393954655458 -29.63419426343388 0.040139387253035536 0.9968311483637 -0.06867671543440276 -5.082302509088977 0.6094764936935266 0.0300392638296307 0.7922348428740171 68.120811000258
0.7863318013030657 -0.07394812345259343 -0.6133628398405923 -30.335015790021615 0.04092710892119704 0.996864895767613 -0.06771522237708893 -5.1652841036656225 0.6164472970293798 0.028143465033043352 0.7868930520478024 69.01658549037596
0.7817777635210109 -0.07439271417861963 -0.6191035878923857 -31.043552086960158 0.042167657077364265 0.9968922616344879 -0.06654102035498163 -5.2554228297990555 0.6221297430284881 0.025914142285911632 0.7824851692325506 69.90752079786125
0.7764141959685318 -0.07570705048551415 -0.6256592034049545 -31.758066511901532 0.04313211207082618 0.9968139880117668 -0.06709317560219558 -5.341958687967333 0.6287452721149068 0.025106091110747863 0.7772059360184345 70.7891602465422
0.7715463125319082 -0.07800211016288902 -0.6313730738862338 -32.47490791478015 0.044658188374997604 0.9966472060308095 -0.06855649438269432 -5.426198096597672 0.6346037612790192 0.024698532772569573 0.7724429096376016 71.66160638201885
0.7677505597737809 -0.07758482200568964 -0.63603433347689 -33.2082883837651 0.04405591397002261 0.9966848795734722 -0.06839829876451213 -5.511991904696857 0.6392324729011444 0.024491758286389945 0.7686234444542588 72.53810778190176
0.7635399170787723 -0.07812194529077326 -0.6410177506834948 -33.96217570376792 0.045813391436505334 0.9967073121428355 -0.06690042665103041 -5.603398951572066 0.6441334707903535 0.021713949087851122 0.7646048497247341 73.43409942633183
0.7614184818129093 -0.07779341139509063 -0.6435760100386267 -34.70936839110054 0.04530154762813005 0.9967317274818748 -0.06688522417914132 -5.691403598557513 0.6466758580125136 0.021772656579111118 0.7624541206454769 74.30740082770262
0.7576468360872114 -0.07770250715120913 -0.6480228330463785 -35.465527190314894 0.045371529224841244 0.9967562401464181 -0.06647121230258739 -5.781413487053496 0.6510857824456296 0.020959916784008475 0.7587146932711728 75.18730073422573
0.7541111684607789 -0.08008765337185132 -0.6518453139972007 -36.20067766597704 0.045357095298104985 0.996517954195911 -0.06996213884176752 -5.866519372015388 0.6551786622813944 0.023193420243386366 0.755117862157012 76.0265037224266
0.7505773376810555 -0.08184556468478103 -0.6556942608419325 -36.9697750995756 0.045553500069369354 0.9963477974662013 -0.0722215003699017 -5.957550557307423 0.6592105420812451 0.024338652914224126 0.7515644291631106 76.90212234372238
0.7460564531546565 -0.08235213522247219 -0.6607706822571608 -37.745082714848245 0.045074069652987506 0.9962925625954331 -0.07327658535946482 -6.047365867595847 0.664355399580083 0.024884845615855414 0.7470024414334022 77.77227188293081
0.7422723278140273 -0.08205158634404439 -0.6650558837721617 -38.501995488580235 0.04552214291306456 0.9963566927467722 -0.07211848114954256 -6.138008114573334 0.6685503166300558 0.02325678389503219 0.7433031656980293 78.61069974427278
0.7398349866018263 -0.08171191761644621 -0.6678078729090565 -39.28597489335546 0.04633587943948346 0.9964287855981435 -0.070587969994742 -6.231653727810697 0.671190866204573 0.021279984747458135 0.7409790708061212 79.46941331164575
0.735111363860468 -0.08238602354591751 -0.6729218571628464 -40.07418337968867 0.04693012787710229 0.9963915244098429 -0.0707212357193243 -6.322614278377359 0.6763200764583597 0.020407675235580593 0.7363251190682263 80.32796470549586
0.7335055252628044 -0.08352698877580536 -0.6745316053047359 -40.87931718070993 0.048147636855868176 0.9963124793827477 -0.07101583268115383 -6.4133315929643055 0.6779759947624495 0.019613402872746932 0.7348223356387709 81.19794392841622
0.7290850998603396 -0.08400061116336843 -0.6792487132750559 -41.688929628069275 0.0494998417484811 0.9963125309970792 -0.0700792854206542 -6.505466462101704 0.6826307075048074 0.017471058994084222 0.7305546381134757 82.06369798182554
0.726115700699226 -0.08451498999866978 -0.6823585609220396 -42.47231789196569 0.05039302884612391 0.9962892504485964 -0.06977300397924559 -6.597931412626718 0.6857233639316848 0.016277159030335844 0.7276802335175221 82.89533341356163
0.7237111865710257 -0.08758773785224075 -0.6845221008922101 -43.28823195491602 0.053240348309748664 0.996043038547803 -0.07115989511176014 -6.694933815455363 0.6880462075644443 0.015055017050379482 0.7255106909741567 83.75763318479865
0.7207645118193955 -0.09154686047628219 -0.6871082089734373 -44.11944230698604 0.05613480061856313 0.9956936604519601 -0.07377681678746503 -6.793302611542518 0.6909033236721782 0.0146050290213043 0.7227996198574154 84.63183940406779
0.7179866094271213 -0.09507553161664137 -0.6895330825791898 -44.95834553090262 0.059829246666089186 0.9953908343149533 -0.07495030490364732 -6.888766303830322 0.6934808504398048 0.012559070411239496 0.7203655876176283 85.50969873448736
0.7141777576809957 -0.09826541459283855 -0.6930324947133739 -45.79009050660431 0.06432528780321228 0.9951209019884899 -0.07481074638478286 -6.987126267764481 0.6970024302560063 0.008848656424109903 0.7170141654784159 86.3764822014449
0.7068826835175164 -0.10158494437552248 -0.6999981220112643 -46.63670309390488 0.06845607897176353 0.9948129288611249 -0.07523962933562447 -7.086716921531561 0.7040103955162071 0.005266464371140214 0.710170139725785 87.24831181481515
0.6986388706256786 -0.10270596745502779 -0.7080644128184972 -47.4934451606522 0.07145861275018879 0.994711309227505 -0.07377721842629786 -7.184908644358241 0.7118970396867057 0.0009463318814659435 0.7022832116327965 88.10715650198568
0.6899656289758274 -0.1007837201011823 -0.7167915126412683 -48.38953751547092 0.07126179559543744 0.9949065629933543 -0.07129296880664061 -7.285037477913894 0.7203257508381224 -0.0018901521941586397 0.6936333613690866 88.97815713705293
0.6815362456998546 -0.1007995325823743 -0.7248088023944813 -49.28514285516586 0.07181433717232709 0.994899592816993 -0.07083432211209996 -7.389925670445491 0.7282520489321308 -0.0037755057616530724 0.685298984956491 89.82355002939686
0.6735670289403254 -0.10144227099125055 -0.7321317662693244 -50.18070089428624 0.07095027722795696 0.9948367025174146 -0.07256716534048352 -7.485884034486659 0.7357129302151614 -0.0030661018271915183 0.677286559244908 90.6468034901042
0.6628787592361834 -0.10387154032015818 -0.741486651036292 -51.10035486734398 0.07270759074570603 0.9945798880041138 -0.07432666160725586 -7.5876462710627885 0.7451881351722215 -0.004642142742565414 0.6668381315651534 91.479889242263
0.6529960895039636 -0.10475931771340347 -0.7500810572496507 -52.0234970298575 0.07259549821467334 0.9944849126950116 -0.07569446519368932 -7.68613551753137 0.7538739952614727 -0.005024318283854301 0.656999813922567 92.28841331240682
0.6446074906886123 -0.10559037924061666 -0.7571868030809525 -52.94081399088944 0.07515165534825367 0.9943711298233853 -0.07468791650716648 -7.786790685346688 0.7608110222956472 -0.008759451214940595 0.648914370597435 93.08280933413775
0.6340873967374092 -0.10559704625784436 -0.7660172564116255 -53.87743392607942 0.07626234464179901 0.9943421427562019 -0.07394428935854669 -7.889551375155325 0.7694915386724607 -0.011531130067070131 0.6385528991014491 93.86719169937956
0.6257255197981373 -0.10649273957277244 -0.7727398464500437 -54.82629075561441 0.07709756710735044 0.9942297256965403 -0.07458698068369655 -7.991475458763183 0.7762238974802818 -0.012905384909726262 0.6303252430458844 94.64533551581923
0.6183272890815239 -0.10605515648582566 -0.7787320895917034 -55.80224689272133 0.07530595790312052 0.9942891971654941 -0.07561749205237317 -8.094593206401923 0.7823045291198225 -0.011886807088714306 0.6227827289961152 95.41810624654953
0.6092281408329336 -0.10593262980785126 -0.7858876194210213 -56.76719527507158 0.07330029582063613 0.9943171218982032 -0.07720445409871707 -8.195696391970968 0.789599986733697 -0.010570668950753391 0.6135308646743692 96.16751194978622
0.6008521288898627 -0.10633695107180574 -0.7922557491399305 -57.773378516628185 0.07186758628139281 0.9942847587570561 -0.07894851832371264 -8.302982930704678 0.7961229611376666 -0.009501123100740375 0.6050602940279739 96.93238302598202
0.5925217334462946 -0.10531016105609949 -0.798641199395659 -58.77382555455896 0.07049145522934729 0.9943931583513603 -0.07882386290746954 -8.411605496740853 0.8024642983544175 -0.009592528464644395 0.5966230244167651 97.67808691874392
0.5851477210378009 -0.10253431788372738 -0.8044183353332934 -59.807088795312005 0.0684173876479933 0.9946795082604265 -0.07701777011976192 -8.519638874267006 0.8080353987491466 -0.009969428414659476 0.5890495775954625 98.42888589778383
0.5780028786294629 -0.09963888726519328 -0.8099288638149703 -60.84323327693386 0.06897324986453003 0.9949311586431424 -0.07317568150785686 -8.628429537446788 0.8131146063742672 -0.013567671339190845 0.581945491601449 99.1747854982702
0.5708526948279264 -0.09924904786520446 -0.815031795272764 -61.88906796926278 0.06818032789685109 0.994968794288924 -0.07340668415834548 -8.737217097571344 0.8182167461593367 -0.013664731577882287 0.5747474501164249 99.9131757322047
0.5659489788282088 -0.10054830239044282 -0.8182858866250277 -62.91810710528948 0.06816037194733623 0.9948436655959024 -0.07510156269818269 -8.842234185736421 0.8216178655916072 -0.013271017674178497 0.5698841663273189 100.63037317233973
0.5613790139998664 -0.10218718047650253 -0.8212255371009846 -63.93318386465841 0.06891365889767724 0.9946727952620452 -0.07666118954806334 -8.946608108596248 0.824684491340702 -0.01355767354129038 0.565430525555771 101.3276945270847
0.556090961181139 -0.10419613153626943 -0.8245641327789571 -64.98397834311788 0.06924679127264681 0.994469350217195 -0.07896577345301312 -9.055121383818959 0.8282316854546677 -0.013186267533557332 0.5602306645993719 102.03958624718132
0.5531118012548011 -0.10566437330279378 -0.8263790749572483 -66.01689389266683 0.07023497360916885 0.9943071738105426 -0.08012672831840253 -9.166519742656766 0.8301411830494793 -0.013721673491945995 0.5573843663772708 102.73400638910879
0.5488887450405533 -0.10675860158250103 -0.8290499059501518 -67.06028564602204 0.07212613129150539 0.9941604060207869 -0.08026772879248995 -9.276496194509146 0.8327778615889877 -0.015738109439605553 0.5533835425439937 103.43234069213442
0.5464994133215699 -0.1053708385523386 -0.8308040548901752 -68.09237236305171 0.07487134100063868 0.9942276894065059 -0.07684779706775638 -9.381925874263498 0.834105912660944 -0.02020613768581172 0.5512341049534907 104.11657527652653
0.5454755415585286 -0.10385661815144817 -0.8316671428086926 -69.1501263354972 0.0780042615777354 0.9942766932111345 -0.07300131856921362 -9.493025317822363 0.8344889266713742 -0.025053147572228613 0.5504548764972311 104.81643075280907
0.5435549862803939 -0.10337682753722767 -0.8329833182111508 -70.20515407051401 0.07926510886630762 0.994273831031282 -0.0716700177395708 -9.598541672119207 0.8356225340464039 -0.027069917892677035 0.5486366740741548 105.5102174050219
0.5411195561132394 -0.10293970394256304 -0.8346214970536214 -71.25226951775551 0.08035366727753136 0.994267734928875 -0.07053339233622727 -9.698522564438939 0.8370979119236068 -0.028897900124781547 0.5462892981026771 106.19386311558787
0.5396839007261044 -0.10306790375558991 -0.8355347356708068 -72.30406423464457 0.0830362419987778 0.9941548887215581 -0.06900028801205939 -9.800115181018178 0.8377626572077422 -0.032141319923973094 0.5450877596697326 106.88215617061198
0.5372765343903885 -0.10334925220314771 -0.8370500926841261 -73.3372512198354 0.08616620789737751 0.9939969584564826 -0.06741981308078322 -9.899244115075492 0.8389930334693131 -0.035902348785448526 0.5429564541854608 107.55569360897685
0.5360582868179308 -0.10410308578124088 -0.8377374652387518 -74.36193255154568 0.08789642639299498 0.9938563086229713 -0.06725961669280123 -9.994912744869252 0.8395925984435345 -0.037579054553638414 0.5419151993602771 108.2175705740533
0.5333986040645295 -0.10490849572105937 -0.8393331500111002 -75.38479614705227 0.09061335574677809 0.9936558871111384 -0.06661229443342116 -10.091885003451024 0.8409965213616043 -0.0405238884476974 0.5395207739492147 108.87772510375706
0.5324851378320195 -0.1045771713578392 -0.8399542804336487 -76.36644853128344 0.09337013958477772 0.9935395315691053 -0.06450748982375656 -10.183720040101576 0.8412737931386752 -0.04407736879892071 0.5388094194961977 109.51191394718725
0.5319474730733199 -0.10472705286388134 -0.8402762226133471 -77.36064197077833 0.09553188640991878 0.9934094502615933 -0.06333500461767812 -10.272746733136186 0.8413712287509432 -0.04658227698819299 0.5384464197120483 110.14959534007545
0.5306172365709042 -0.1067838826792779 -0.8408582226831083 -78.3371187575466 0.09920877064428356 0.9930381424810582 -0.06350486127077233 -10.366074351375396 0.8417855831986596 -0.04972373656221253 0.5375170526980373 110.78057037305996
0.5308506038079819 -0.10876753574745457 -0.8404565780598825 -79.30882762731349 0.10170768312163689 0.9927383867345935 -0.0642342797704261 -10.455167028644349 0.8413401117447865 -0.05138208511750827 0.5380582660811442 111.40242523901297
0.5322994152693611 -0.11013141066482734 -0.839361903405719 -80.30239766911116 0.10240217082161296 0.9925976706667784 -0.06529670434185061 -10.547408427978082 0.8403398883278822 -0.051195083473523195 0.5396368552213808 112.03411689305621
0.5340053121339815 -0.11080341115376555 -0.8381890781258001 -81.26982226223774 0.10202086811215585 0.9925760660745846 -0.06621552329736738 -10.6382577325799 0.8393033236454692 -0.05015333620599616 0.5413451521765732 112.65531004673075
0.5383046260054319 -0.11143433016188306 -0.8353505370097781 -82.25750355229961 0.10203614677528053 0.9925453368011643 -0.0666511751248014 -10.731863208693541 0.8365505091579383 -0.049357314104760366 0.5456620759883892 113.29080518117432
0.5408023853015962 -0.11200954514790495 -0.8336585883009084 -83.18161562598372 0.10103777152019619 0.9925685423766559 -0.06781635061335439 -10.820448703566765 0.835059368415406 -0.047555761796445065 0.5481006301233591 113.88968286166143
0.5463093478005562 -0.112164628017275 -0.8300392717983152 -84.09940576480011 0.0999193547260136 0.9926435408867866 -0.06837341067168941 -10.906568877511475 0.8316022000072318 -0.04558395504438764 0.5534978626748646 114.49322945449426
0.5521960568703834 -0.11173204617946804 -0.826193357897139 -85.03168452492284 0.09978806660447033 0.9927126363552425 -0.06755711201617615 -10.99471466398219 0.827720880816802 -0.04513946695712743 0.5593215282667781 115.11521589608664
0.5574616771519709 -0.11031872441761886 -0.8228403596991223 -85.95062875402465 0.09894687200082738 0.9928960295832667 -0.06608321238436174 -11.083648694844062 0.8242851418217869 -0.044578621340887636 0.5644171785932655 115.735331643553
0.5635438053026656 -0.10888716218456206 -0.818878480249899 -86.87270318970909 0.09836246381465309 0.993067457086385 -0.06435721706453645 -11.16838110441453 0.8202092447767839 -0.04427879387894029 0.5703474232389621 116.36753894131802
0.5725975097575189 -0.1080357821456869 -0.8126871240493836 -87.7855713220168 0.09846140162323339 0.9931665145177546 -0.06265482288733647 -11.252652359948158 0.813902601181417 -0.04414231775546956 0.5793220275229476 117.00851718707702
0.5803389587061527 -0.10773811310625732 -0.8072169423346873 -88.69663068242085 0.09900108372820503 0.9931922019134312 -0.06138432600421102 -11.33716518050866 0.8083350038372084 -0.04429163626073919 0.587054318209863 117.66279135693793
0.5903039579373894 -0.10808966783289158 -0.7999111581614724 -89.60273778189574 0.09957789169090327 0.9931753621104329 -0.060720207371232814 -11.420017676361827 0.8010152812086968 -0.04381008793173032 0.5970386884160577 118.32752273074517
0.6010695695385858 -0.10861678689244636 -0.7917813878715894 -90.49483176785854 0.0982159459456948 0.9932508904454775 -0.06169519098972248 -11.499994670656594 0.7931387019536316 -0.04068245610120988 0.6076807856341038 118.99513445914857
0.610562350588168 -0.10861748167953772 -0.7844844540957115 -91.38261414123639 0.0963724137236168 0.9933790089597239 -0.06253401019669924 -11.57841102183147 0.7860826762607959 -0.03742174811245642 0.6169875516174316 119.67649292593069
0.6232545038360768 -0.10699864291402113 -0.7746645169766095 -92.25989573070295 0.09528845736559176 0.9936049321169442 -0.060575149737897384 -11.657890368442473 0.776191943620218 -0.03606285190387309 0.6294644845991136 120.37161336759519
0.6327433894898443 -0.10622720525092635 -0.767040796777773 -93.11251042644045 0.09609118208900927 0.9936610982982922 -0.05834472086974771 -11.734666937981892 0.7683763972049378 -0.03678862043090873 0.638939989064036 121.0741829886154
0.6458304124169529 -0.10422530672519006 -0.7563333681885183 -93.94416621563329 0.0963031752219268 0.9938466413846327 -0.054722498578375633 -11.807349905644918 0.7573828469403856 -0.037495851057490495 0.6518936142607559 121.779474013293
0.65717634402592 -0.10342589888406578 -0.7466072168769525 -94.76697738826633 0.096645833331962 0.9939270618438388 -0.05261728455597652 -11.88120376846688 0.7475151073739555 -0.037577641949661796 0.6631810349167162 122.49955619339255
