1.0 0.0 0.0 0.0 0.0 1.0 0.0 0.0 0.0 0.0 1.0 0.0
0.9999557237606038 -0.0033487913931569842 0.008794095440236696 0.01944947987794876 0.003332181999716417 0.999992638174622 0.0019026717215823343 -0.012424491345882416 -0.008800402350326947 -0.0018732839519039525 0.999959521043581 0.3231893479824066
0.9998229437520979 -0.006667735766393566 0.017596091800148973 0.03973959062884616 0.006638240129032405 0.9999764629907573 0.0017341373891025791 -0.022857020640132186 -0.017607240410666792 -0.0016170232665412307 0.9998436729413638 0.6393706880151874
0.9996573556456163 -0.010134034287642667 0.02413447021732341 0.05812107854132382 0.010091473856309617 0.999947303801769 0.0018846153401360587 -0.03228049656958932 -0.024152297178972593 -0.0016404172120955737 0.9997069448455127 0.9440654500897077
0.9995916964469994 -0.011994533763943264 0.02593398453758081 0.07239011250431275 0.011962294794019827 0.9999274720505703 0.0013979062260594563 -0.042437252913015526 -0.025948870832289053 -0.0010871054877585008 0.9996626802597903 1.2894195877657066
0.9995977263430394 -0.015785392895086375 0.023562827949422965 0.08456863308984115 0.015794938394753814 0.9998752281874543 -0.00021903924827084646 -0.051688075049503186 -0.023556430352077613 0.0005911245504187457 0.9997223340312218 1.6307630707785825
0.9996772143249139 -0.01914685781028234 0.01669925134768432 0.0944515331179048 0.019178149485556902 0.9998146102965161 -0.0017156980897846648 -0.06501143268884486 -0.01666330525105809 0.002035405025661287 0.9998590857638348 1.9536338155282182
0.9997994862397784 -0.02001391481715731 -0.0006561466048574182 0.08663961319925205 0.020011946904564145 0.9997955933239654 -0.0028798526124322993 -0.07493895411403705 0.0007136496089821157 0.0028661443913380797 0.9999956379507683 2.288152411063372
0.9996006620506691 -0.017634767494616958 -0.0220801132985066 0.058643806788887795 0.017595736406019014 0.9998432604685579 -0.001960753919683196 -0.08357994990565126 0.022111229911381772 0.00157145506281821 0.9997542818316867 2.677280845329517
0.9990930146189604 -0.016321955095388405 -0.03932863996456125 0.0340785270326371 0.016287268609919532 0.9998666308720039 -0.0012022270569100174 -0.09099284116010019 0.03934301743418124 0.0005605805313790844 0.9992256065216912 3.035431361925452
0.9980330348913298 -0.016180470230672348 -0.060566109737347565 -0.004065274478729557 0.016090351628685957 0.9998685905814341 -0.001975386838612516 -0.09975849569613363 0.0605901134680184 0.0009969713191693356 0.9981622334060339 3.407240520603694
0.9965658537163143 -0.01995720589274187 -0.08036298364065543 -0.04197083328326843 0.019865195621611435 0.9998007768946436 -0.0019443569071002052 -0.10949264115755476 0.08038577740862281 0.00034125331029554893 0.996763768571365 3.81781967267373
0.9947703688715123 -0.02158860321179854 -0.0998290810665868 -0.09117188245087482 0.02143747560865388 0.9997668452442123 -0.002586462828622102 -0.11590784522912602 0.0998616435612994 0.00043285309170157794 0.9950012385838709 4.216957900631663
0.9930905602969619 -0.023773651787169663 -0.1149171550716808 -0.1445066369476346 0.023718647691082784 0.9997169686286516 -0.0018461819103196943 -0.12925201635261488 0.1149285203975611 -0.0008922536870772232 0.9933733633848782 4.634422563245546
0.9914522258712494 -0.024738615989898842 -0.12810341406008566 -0.20889736212679427 0.024751510689357693 0.9996925217691953 -0.0014915218207407542 -0.14332755740317155 0.1281009232345343 -0.0016919803933424656 0.9917596940130249 5.085491178764389
0.989754373160008 -0.02649235332395833 -0.1403012331592213 -0.27430754499386906 0.026468145627748983 0.9996475780668524 -0.0020388555869722243 -0.15466755110880037 0.1403058020099949 -0.0016955472375635588 0.9901067654762781 5.510436616490408
0.9879262724414148 -0.029288430459419784 -0.15213108841139425 -0.34226687479323414 0.02913662742054359 0.9995702277347445 -0.003227501954733526 -0.16764816946542535 0.15216023515547075 -0.0012440528666872995 0.9883550552154307 5.939025154648108
0.9862176111056676 -0.03436175709110087 -0.16184589335118385 -0.402926228674823 0.033908187696734454 0.9994094604563292 -0.005564634535386805 -0.18195194225394185 0.16194152757138494 3.9648467663102455e-08 0.9868003555166796 6.359812249649139
0.9847016060473676 -0.03343064120774387 -0.1710121027184161 -0.4902216769322592 0.032517505499556044 0.9994380288856355 -0.008138688670913625 -0.1920142253832243 0.17118808043734046 0.0024532928147314227 0.985235313247827 6.819542214569475
0.9836228225750144 -0.03366745264346909 -0.17706678271788245 -0.5804354029160422 0.03233075059251982 0.9994228052444134 -0.01042971349136984 -0.20987159387129659 0.17731572258456468 0.004534202232758155 0.9841435746548501 7.302166045308708
0.9823868305299448 -0.036131371203985636 -0.1833320463428296 -0.6759575807880502 0.0343140729720506 0.9993255496487782 -0.013076322695476792 -0.2265135231831935 0.18368086344907683 0.00655513799147301 0.982964073895132 7.801253255263406
0.9811563500847275 -0.041225911545200285 -0.18876610105017025 -0.7683635838440788 0.03906000683729801 0.9991215355454408 -0.015181339703422508 -0.24399450047452087 0.1892261413079229 0.007522062655136651 0.9819047234936424 8.314820092408823
0.9796542748075823 -0.04629870593708757 -0.1952791122465006 -0.8648942776639617 0.043873424953703985 0.9988970209884468 -0.016729137552138097 -0.26340122181507314 0.1958382609044055 0.007821207640623358 0.9806050195042755 8.819284531044696
0.9777299396299419 -0.05027514514978596 -0.20375616538254296 -0.97592636638323 0.04742146580012175 0.9986967739504641 -0.01886685671497984 -0.2865392662901711 0.20443915899992868 0.008784274648691793 0.9788398575795217 9.368815398042084
0.9758984149191128 -0.0486846289287292 -0.2127253879169932 -1.1029745115542031 0.04458526722138337 0.9987165709975228 -0.02402841571448277 -0.30407697853211507 0.21362218448738213 0.013964874543729655 0.9768165357802953 9.904770838690176
0.9737898348485924 -0.04690787167958583 -0.2225601247304712 -1.2436551017863682 0.04185124281975832 0.9987484793466628 -0.027385187185238302 -0.3269130559011324 0.2235661669841683 0.017352999084320343 0.9745342694860898 10.480388102520104
0.9712424665331196 -0.04897026464199046 -0.23300211240148713 -1.3786638932195008 0.04306539968972631 0.9986106811303496 -0.030365751792823584 -0.35257797768555216 0.2341654170714069 0.0194581785702739 0.9720020250670783 11.026177827837543
0.9688282714309737 -0.050631872064456 -0.24250400822939072 -1.5128730238206725 0.04363354843207543 0.9984638827513036 -0.03414657072704454 -0.3786158159100911 0.2438603984399631 0.0225008527047285 0.9695492858541349 11.54435441541958
0.9663558300340734 -0.050332665298025846 -0.2522360651515834 -1.6653929651178083 0.042250102413372716 0.9984082570408719 -0.03736149245771328 -0.40462071524713844 0.253715073665749 0.02544749647028474 0.9669442002091839 12.098653207703736
0.9638513906054004 -0.05155386035683579 -0.2614052339000585 -1.8232143078303675 0.04184823375887639 0.9982169250793629 -0.042564020209145945 -0.43725425153849984 0.2631334683374558 0.03008604273429827 0.9642902093629757 12.663266175815833
0.962503723050867 -0.053308432841290734 -0.26597893544644796 -2.002234649728341 0.04215834971914914 0.9979830796423013 -0.047459944127929546 -0.4723997764467368 0.2679724923610221 0.03446713994043997 0.9628098252521876 13.295843375864298
0.9612479571356918 -0.055039406591546325 -0.27013520434128857 -2.1755192301162456 0.041333714092831625 0.9975652723802357 -0.056169844402831605 -0.5092593334846823 0.2725690536024795 0.042827456882200084 0.9611825632809056 13.883028198315445
0.9607538401094471 -0.05763083398255146 -0.2713498584658313 -2.342141318194671 0.04134598658801841 0.9970049291003739 -0.065358096228563 -0.545887672106482 0.2743037879942865 0.05157381432504573 0.9602591179301301 14.460599292181918
0.9605749918942423 -0.05865937167411865 -0.27176232826161506 -2.527569991476273 0.040028245986394456 0.9964838620752162 -0.07360470193482302 -0.5923432837774291 0.27512438000044437 0.05982466663892955 0.9595455094944231 15.07782772606423
0.9602308221401288 -0.05657446073205121 -0.27341561514472773 -2.7199457400023386 0.035045711335121 0.9959334555043691 -0.08299608619773707 -0.6418706572427617 0.27699921719944925 0.0701133553611894 0.9583086929955753 15.698794971377895
0.9603203334169712 -0.05526409627599805 -0.27336923178864625 -2.9109518881778516 0.031593028465580465 0.9954179534395069 -0.0902495347504738 -0.6976981526662084 0.27710420021769866 0.07803190138078896 0.9576660611030384 16.331569691753543
0.9599100366082536 -0.05428093951578228 -0.2750023658516879 -3.1250407032292395 0.028987638418321 0.9950340578059444 -0.09522048427289857 -0.7641243161156592 0.27880537734712063 0.08343142939876212 0.9567166551026534 17.02973555570628
0.9593868032228916 -0.05306856145721524 -0.2770571955149738 -3.3274202342238874 0.026152560732282254 0.9946478883208407 -0.0999581003522803 -0.8315066327004096 0.2808789870547545 0.08865272722118604 0.9556399366850158 17.689324135452445
0.959594485661332 -0.05071836318308032 -0.27677801705408833 -3.535564400166258 0.022711467659408017 0.9943728887851623 -0.1034734134249335 -0.8969860293784448 0.28046855853218144 0.09300648195196241 0.9553466292345412 18.362342353718592
0.95930444273486 -0.04839255893343689 -0.27819623719423997 -3.7591331685614753 0.01974661475869486 0.994290329815737 -0.10486568190063482 -0.9675937710403049 0.28168254712482926 0.0951046806145064 0.9547827199789916 19.08552504651106
0.9593521239025317 -0.04888141352465779 -0.2779462354044987 -3.9733546793075796 0.020077343249938037 0.9942112994468545 -0.10554995187218867 -1.0424575207872904 0.2814967187228401 0.09567914853315 0.9547801306501125 19.79976939358261
0.9587755957886629 -0.04692623962753775 -0.28026288543885647 -4.194313251373499 0.017818178866345732 0.9942576102842334 -0.10551927261771953 -1.120137225969414 0.28360512939998384 0.09617552924889265 0.9541060727988865 20.523124706543562
0.9572862817045205 -0.04685326575116916 -0.28532042750000164 -4.418134731660392 0.01755510691700549 0.9943814321810214 -0.10439054341631364 -1.198627385775778 0.28860837320054644 0.09492280454174896 0.9527302178982584 21.258893964569307
0.9567211319490758 -0.044991794326238135 -0.2875072418659824 -4.649436737799295 0.016347051465859314 0.994725007636767 -0.10126664352296164 -1.2745562739360228 0.29054681135825877 0.09218404214038092 0.9524099184616931 21.999646901343592
0.953903934236128 -0.043096696508551774 -0.2970016144718525 -4.927410276963368 0.014312835741601972 0.9950423426135543 -0.09841686409942173 -1.366154590945502 0.29977062394749604 0.0896292985366945 0.9497916412887351 22.87317008742326
0.9510047976784305 -0.04118018182813134 -0.3064213886418666 -5.183730956335489 0.013401227318335719 0.995649016852679 -0.09221411142908816 -1.4494433315146669 0.30888554821967645 0.08358963969832646 0.9474188568083992 23.649991605251646
0.9497992038426128 -0.04166794010719398 -0.31007298358154717 -5.401288406043575 0.015038431552634735 0.996026175477038 -0.08778213565994929 -1.5150806126710386 0.31249850872664314 0.07871239122151173 0.9466514889397345 24.32286074755004
0.9471354112272792 -0.03983250085912307 -0.31835182530439593 -5.664370315267615 0.013814372525997097 0.9964059933821566 -0.08357188201680359 -1.5862260685048457 0.32053654379968227 0.07475605813193685 0.9442816612968447 25.088468136944712
0.945164019854592 -0.03999436377043349 -0.3241379743857646 -5.935164124797347 0.013709114683892 0.996457338023388 -0.08297489785427437 -1.6614907043171017 0.3263081913573305 0.07398124333871123 0.9423639105394296 25.870076815494752
0.9413635823896855 -0.04011934820192084 -0.3350000651497115 -6.234730200797997 0.013110884110084884 0.9965049392130287 -0.08249855054417667 -1.7360373949477523 0.33713900763380944 0.07326898405117392 0.93859945957144 26.68914970742393
0.9372138554219582 -0.040691404025596595 -0.346373207456256 -6.542670052690632 0.013079216574213756 0.9965722768750658 -0.08168617421481031 -1.8080557425045471 0.34850986112148064 0.07202712407470668 0.9345335575026791 27.509751587044615
0.934459660051396 -0.04090475984299082 -0.3537116683950594 -6.847377813884922 0.013614414099641937 0.9967576707185781 -0.07930191417864976 -1.8800339144179474 0.3558086444500087 0.06928886263940048 0.9319867284724528 28.311485650842652
0.9316255320191577 -0.04160690788780925 -0.36103010027702287 -7.147804881379425 0.01475781843055104 0.9969365305950375 -0.07680990014510565 -1.9494133487020715 0.3631199180507628 0.06623004741917048 0.9293855528969999 29.088629277179244
0.9281892530655751 -0.04229392264059138 -0.36969708492391656 -7.481702867827218 0.015886272600651022 0.9971178364609097 -0.07418656586183672 -2.0238310873912266 0.3717691983427725 0.06298606448403093 0.9261859526274332 29.922041526586703
0.9242782583609751 -0.041115223777588285 -0.3794986686339252 -7.8239823294656885 0.016113748622010544 0.9974986417510999 -0.06882446374696843 -2.0924923302762064 0.38137913973702015 0.0574978093359213 0.9226288276956345 30.741826846818864
0.921153977879717 -0.042136567545029424 -0.3869106598581865 -8.163899737813447 0.017988625543631658 0.9976690802007647 -0.06582412750968573 -2.1615955450716116 0.3887824049354923 0.05367416591698036 0.9197648207697942 31.555242154336568
0.9170846610543413 -0.04394160084061391 -0.39626362459151887 -8.540817900258528 0.020192577412313617 0.9977514731222453 -0.06390819743849144 -2.233317915702902 0.3981808436832337 0.050607643671224604 0.9159098657213791 32.43395132464807
0.9139600154912504 -0.045307817535223845 -0.4032670228935516 -8.92808494720437 0.021570093408742753 0.9977668181087521 -0.06321477478781866 -2.2999737112817478 0.40523057776230503 0.04907726919187114 0.9128962703917117 33.30490836249048
0.9120410240822922 -0.04732390396960624 -0.40735932357563576 -9.31483279722486 0.024318337342104715 0.9978125328251739 -0.061471682959938004 -2.3592452292182595 0.4093773184482008 0.04615839522867994 0.9111968029410955 34.17969967150843
0.9096642320236376 -0.0489524382181143 -0.41244956512202496 -9.719456265286853 0.02629563702882213 0.9978257971516381 -0.06043358347762106 -2.424100006290729 0.4145111873642185 0.04412864524546225 0.9089736730063781 35.07492409683503
0.9084433565659501 -0.049088724190087904 -0.4151156044628768 -10.107391057983275 0.026884336053597618 0.9978858857645087 -0.059169176662678014 -2.484877564761501 0.417142542047856 0.042591738041214605 0.9078425212912652 35.92155307750861
0.9070554418930264 -0.051008920369875047 -0.4179096976320919 -10.508869475280694 0.02856160008721359 0.9978018475074575 -0.05979722494533389 -2.54621631526628 0.4200412602741603 0.042303228640430374 0.9065184920970398 36.791431112637866
0.906111905625738 -0.05113363948439695 -0.41993638255856486 -10.947141704808812 0.02838486130373656 0.9977797853160689 -0.060247818743810404 -2.6110908804615374 0.42208472387905877 0.042671429876430376 0.9055515639323028 37.72061016350431
0.9059117896999912 -0.049978654916988934 -0.4205067934472016 -11.385748940322474 0.027802807258346156 0.9978880828147975 -0.05870586073607332 -2.678654796935626 0.422552757878959 0.0414910620362569 0.9053881259327347 38.65541629956783
0.9051692265549711 -0.04937674274406338 -0.4221736711045134 -11.827458557451664 0.02776678386425452 0.9979772289751442 -0.057187902225280446 -2.743037133092797 0.4241434627713966 0.04004232414682052 0.9047093098146 39.59414979811295
0.9046549292816924 -0.05044468468439516 -0.42314866502616805 -12.264617976000386 0.029209775949500895 0.99797390661634 -0.05652318729424888 -2.8063394101978454 0.4251426206760694 0.038773902305709804 0.9042954918524537 40.525997422716586
0.9042938481895221 -0.05263746249626637 -0.42365308174087457 -12.722918264422361 0.031617725526206536 0.9979019786764299 -0.0564974369880239 -2.8772828635082255 0.4257381302621782 0.03769533784993065 0.9040608972548501 41.49784646809096
0.9033615558527954 -0.054217125592225475 -0.42543907049039803 -13.184996226109288 0.032679476771412176 0.9977951009012257 -0.05776667218613041 -2.943642910979424 0.42763296318825067 0.03828106464075902 0.9031415220688319 42.4672578914996
0.902455596444121 -0.055716501501667084 -0.4271645677102686 -13.6590575951112 0.035153659051691225 0.997818393822127 -0.05588088407951652 -3.012474564655928 0.42934615021211425 0.03541361899955501 0.902445432637005 43.46709676567355
0.9013087042023186 -0.05434322073010924 -0.42975508617096825 -14.122631955710235 0.03527691647586089 0.9980125716356555 -0.05221538107819302 -3.080043818395193 0.43173853070242973 0.03190174317908676 0.9014344789772816 44.433523100801864
0.8985455746574089 -0.05526261894480977 -0.43538706137292116 -14.588122506719177 0.03765168888935348 0.9980898259637996 -0.04898009423563724 -3.1470106378644997 0.4372621645962138 0.027617788740471626 0.8989099271660763 45.4013951906898
0.89594634732106 -0.055952725961309485 -0.4406239158052466 -15.067416126091993 0.03876452266059617 0.9980986081143014 -0.047921605390369326 -3.210515432275414 0.44246746152112315 0.025854611538229516 0.8964117829196918 46.37279980064656
0.8917483858688466 -0.05748232427106492 -0.44886590280027155 -15.566252429698235 0.03925764193768251 0.9979868019424654 -0.049811451475972504 -3.277158648266546 0.45082552484281474 0.026797864561315193 0.8922097402545851 47.363691034869305
0.8868712508209934 -0.06170460897617357 -0.45787763179511676 -16.065842981921 0.041816807852784285 0.9976942584570595 -0.053455787552161016 -3.3439576913439164 0.460120352786323 0.028261420221142017 0.8874066447119235 48.335584699443416
0.8803311992715821 -0.06060478363772128 -0.47047214560405515 -16.590971463838258 0.04001068894027338 0.9977572831456285 -0.053661426559300056 -3.4100655867556138 0.4726691489399144 0.028415913324745683 0.8807817047999679 49.31522470946965
0.8753086320832693 -0.05866557363163283 -0.47999286356256166 -17.122747904519453 0.039433975481437095 0.9979673105686087 -0.05006204764278013 -3.4750619717365314 0.4819541058837925 0.024891715628498484 0.875842818269822 50.28071629530348
0.870708575318751 -0.05663639545569324 -0.48852727209049174 -17.67307281424235 0.03930730903736425 0.9981832002553913 -0.04566436448858936 -3.5407975754104264 0.49022598087273195 0.020557661289454323 0.8713528965004226 51.25612365700026
0.8669607803056307 -0.05762733655088133 -0.4950334286630587 -18.21263656892724 0.03888702456171564 0.9980860008350187 -0.04808465719848453 -3.6042321512708573 0.49685692581727053 0.022437134826236237 0.8675423737479345 52.193310777945406
0.8655836100462648 -0.060282379219423456 -0.4971227703243148 -18.743361911473173 0.04007870380371852 0.9978827961259291 -0.05122131096829945 -3.668267484618372 0.49915800256100235 0.024412290993330768 0.8661670326950612 53.11442564437089
0.8649677244664147 -0.06459324215971034 -0.49765304047969955 -19.29288748344223 0.04031437800958319 0.9974204182874675 -0.059390740936223776 -3.7381240794079593 0.5002055443086301 0.031308501250462806 0.8653405059237415 54.05973477380793
0.861901871058416 -0.06424444264202979 -0.5029888828350151 -19.83618272281709 0.039200824366745574 0.9974149489740983 -0.06022221294476387 -3.801976938208967 0.5055575734127313 0.03218805916192934 0.8621922458549596 54.97983353236294
0.8608804090170284 -0.0633194247037161 -0.5048520296342923 -20.394407127403987 0.039479287185864034 0.9975476379319144 -0.057793563134267055 -3.873826950368162 0.5072734048360609 0.029822148005280706 0.8612690243091187 55.92000492261015
0.858644651771239 -0.06123708289501261 -0.5089001686609635 -20.9506757442502 0.04038492085499796 0.9978337238857621 -0.051931855770890024 -3.9405695346752903 0.5109779057377954 0.024039117179761947 0.8592576451175948 56.859071553949306
0.8567413724133482 -0.06007966242874435 -0.5122349606945438 -21.497315936583593 0.04085425486677205 0.9979765532148362 -0.048720930745584735 -4.003528573340474 0.5141256175824869 0.02081425943634211 0.8574623116787952 57.76475032749205
0.8553158563718211 -0.06179339304612047 -0.5144087503287497 -22.055762312274418 0.0417331584344133 0.9978529152819074 -0.050476756536911055 -4.065760143366613 0.5164234012184444 0.021705668366721723 0.8560582542296566 58.686117687306364
0.85194090415313 -0.06340155880713749 -0.5197854732209941 -22.632287975805113 0.041920935653063734 0.997714829966408 -0.052988236610341015 -4.131316447123537 0.5219572118332301 0.023352952830999328 0.8526519269956258 59.628761619007186
0.8488980238163877 -0.06609800077645388 -0.5244074746358866 -23.183894346771496 0.04326850108836401 0.9975102756664259 -0.05568740210727782 -4.195374905876334 0.5267826705333029 0.024582600213307604 0.8496444631683036 60.52460707088946
0.8459700076170752 -0.06905590502598727 -0.5287400383869258 -23.75809896052421 0.04564354618149697 0.9973173379875413 -0.05722581621455464 -4.2647332302500045 0.5312733881010261 0.0242777538188 0.8468525124041202 61.44683178659082
0.8438975507256677 -0.06885776559971583 -0.5320672250720143 -24.338364233870806 0.0458282863063689 0.9973566755200486 -0.05638643427117944 -4.335078350624731 0.5345434426250503 0.023200644650766686 0.8448224890675842 62.36443607037725
0.8412958532438661 -0.06897330285890572 -0.536156666290189 -24.93173902242971 0.045736836255480785 0.9973523722035549 -0.05653660291599891 -4.4061826151413115 0.5386366392328085 0.02304189993632613 0.842223035616641 63.28903439625529
0.8371243024483448 -0.06881029337025199 -0.5426675278443256 -25.551877033564054 0.04476042381364339 0.9973464473892172 -0.05741574993092324 -4.484240404276934 0.5451783256058471 0.023774091074258586 0.837982926964027 64.24242860546791
0.8336546289873709 -0.07030964109821151 -0.5477924004005257 -26.15925419121329 0.046177448239948404 0.9972640000254764 -0.05772484324130829 -4.558135893076989 0.5503522534177325 0.02282692755995463 0.8346204697562819 65.16994947990734
0.8299060812809941 -0.07094366491564592 -0.5533740982926115 -26.76857781697377 0.04610525295141712 0.9972104515359377 -0.05869941224388467 -4.633009127018525 0.5559947858596429 0.023201546410276715 0.8308618936628769 66.08395258561977
0.8259969779688013 -0.07307513340476551 -0.5589177195833779 -27.411790461522124 0.04737974273703695 0.9970528709478609 -0.060338482851332656 -4.71331222492064 0.5616797596180407 0.023358026725391307 0.8270249392992427 67.0313093817786
0.8217766938657761 -0.07362138680039239 -0.5650335891118522 -28.05364092640435 0.04730445610721504 0.9970096376434779 -0.0611070444255106 -4.789418913354407 0.5678427192906809 0.023487738324661417 0.8228019034354243 67.96250744247607
0.8153933593640517 -0.07407464228928375 -0.5741486017354056 -28.714179530381315 0.04781320576257852 0.9970085730872311 -0.06072728007468078 -4.868469133584283 0.5769294297049787 0.0220647356720639 0.8164959158379239 68.90386353290079
0.8099936856510026 -0.07415585825261324 -0.5817311560268394 -29.367848814046344 0.048380159429184305 0.9970412586718396 -0.059733480391489846 -4.943771653061715 0.5844395515184708 0.02023949586556258 0.8111847961025875 69.81506641913772
0.8053520771997428 -0.07423824129855515 -0.5881298455944547 -30.04624410182773 0.04933722075365543 0.9970792479258493 -0.058299331076160796 -5.021199148518398 0.590740103936041 0.01793479535763472 0.80666255194915 70.7420536538278
0.8007720532165782 -0.075518501645993 -0.5941894266111187 -30.746040759971244 0.05055241540158356 0.9970015793594489 -0.05858586904561945 -5.103071854630807 0.5968321138179242 0.01687621592386423 0.8021886444295504 71.67914095940772
0.797660791598784 -0.07886000236124317 -0.5979283916771191 -31.422447820878794 0.05294273749985372 0.9967430008255256 -0.06083138048202083 -5.179768710398393 0.6007781022074815 0.016866841225064117 0.7992378754632852 72.57992309818239
0.7933464875689054 -0.07781361807216555 -0.6037767729091605 -32.11016696358534 0.05232898113097644 0.9968430711554689 -0.059712387518227314 -5.25793869469168 0.6065171295156262 0.015777589545053677 0.7949138565104229 73.48354604450672
0.7898387412630173 -0.07863468502278237 -0.6082527016885502 -32.822519882408116 0.054002195428004274 0.9968113954102872 -0.05874355172401584 -5.337082770198092 0.6109325050191783 0.013550951684818954 0.7915667034555128 74.40390386811708
0.7887423190452206 -0.07834028022965552 -0.6097116979693818 -33.52655985327011 0.05369884052612921 0.9968353926169204 -0.05861428624848895 -5.415632374526035 0.6123740594386057 0.01349075682864027 0.7904530414938473 75.30652943383664
0.7854668507863761 -0.07850121432045395 -0.6139050298425213 -34.25799280265422 0.05324702227115039 0.9968168443104116 -0.059337454598998904 -5.496182390788716 0.6166089367946173 0.01391898880115926 0.787146543418546 76.23705634461118
0.7824365835036394 -0.0800610448532519 -0.6175623222737591 -34.96170457647816 0.05299210241730161 0.9966641207971711 -0.06206824789694505 -5.57259456016962 0.6204714577452753 0.01583854199754496 0.7840690726656967 77.1206342397041
0.7799510613312364 -0.0812387021900651 -0.6205454175116853 -35.68197476535787 0.05240657079967783 0.9965346714137764 -0.06459256928823275 -5.650630453955975 0.6236424402374299 0.017858385613226776 0.7815057164205473 78.01523651426643
0.7750135563012106 -0.08056269238106466 -0.6267883535497965 -36.41481989616993 0.05057003095014355 0.9965662420435801 -0.06556216278341037 -5.731997579546585 0.6299179784059605 0.019114858499367025 0.7764264051830653 78.91517931130579
0.7716310704491014 -0.08068499138650606 -0.6309321859617986 -37.15333113958056 0.051647436991299756 0.9965943985070147 -0.06428177904096524 -5.814050010290702 0.6339700571555441 0.017015787651507606 0.773170375532324 79.81360377078009
0.7691258633266207 -0.08135850317105858 -0.6338976260594805 -37.89055273385919 0.05236776206626778 0.9965514649166907 -0.06436454978144682 -5.898330692756308 0.6369482112842856 0.016308639862429662 0.770734068539588 80.70529542035614
0.7664186689633857 -0.08165951774491473 -0.6371296155619046 -38.6543661640687 0.05275261172158777 0.9965374855241741 -0.06426664688396361 -5.983992072810108 0.6401715284366714 0.015644906737485666 0.7680726860605263 81.61680445737562
0.7663154447423953 -0.08138358862244978 -0.6372890636533762 -39.424523978132285 0.05249103651325983 0.996559139290127 -0.06414493731453152 -6.065571801938796 0.6403165859440382 0.01570329265642776 0.7679505689591734 82.53258595020984
0.7639069369451383 -0.08179035868593681 -0.6401222765324779 -40.18531664261477 0.05206675194115546 0.996513431161568 -0.06519229139167526 -6.151544190382443 0.6432225470468169 0.01647175584522532 0.7655020811402022 83.43405092128468
0.761236141144178 -0.08279042649856615 -0.6431681605117799 -40.964561662897545 0.053164950206255175 0.9964457213166781 -0.06534074180212375 -6.240131922289647 0.6462917495106121 0.015545730921089254 0.7629320446570859 84.35321537239493
0.7587304731963447 -0.08661360105296269 -0.6456207502519488 -41.73979607574378 0.0571337214589089 0.9961496165084189 -0.06649570965397619 -6.331345485524241 0.6488942956410596 0.013565605138301465 0.7607576272649029 85.27143947154532
0.756692125836286 -0.08841856697579867 -0.6477647595472515 -42.553631804682404 0.0582079421576999 0.9959889774313021 -0.06795433985489968 -6.4304025134939975 0.6511749858272569 0.013715460229082689 0.7588036794741946 86.22314024700452
0.7549283113674787 -0.0915332949953932 -0.6493880970599427 -43.34567795116005 0.06160860736607435 0.9957311687728528 -0.06873004461413897 -6.522046748982482 0.652907056321388 0.011878360220795216 0.7573448886499499 87.15035798412097
0.7507338704608948 -0.09387049540136909 -0.6539013578789281 -44.14037064800181 0.06511650679475038 0.9955473811777774 -0.06815608830411586 -6.615823569065295 0.6573876301586863 0.008587311754603703 0.7535036574504305 88.07662122036605
0.7429597646330519 -0.09574592856768949 -0.6624526438162287 -44.960810751349086 0.06774635135311705 0.9953902861071486 -0.0678867454063672 -6.710365592400597 0.6658988061370438 0.005558370826042963 0.7460213700015704 89.00758726659528
0.7360432986150331 -0.0971259991014175 -0.6699304462871147 -45.78437510422496 0.07093235902641506 0.9952712116063203 -0.06636125217802166 -6.804236989545038 0.6732078898875511 0.0013250080145710275 0.7394520818463576 89.92777939202955
0.7269849268918189 -0.09761541464488553 -0.6796794442204382 -46.63056104489652 0.07214163286242668 0.9952234653022586 -0.0657711100689896 -6.899750815820263 0.6828532059528164 -0.0012185792839908838 0.73055459356881 90.84305240423758
0.7180473542222916 -0.09810647296130132 -0.6890450762159618 -47.50238261750604 0.07273362244175169 0.9951719881377763 -0.06589790734466972 -6.991539947233452 0.6921833696795004 -0.002798926401213979 0.7217162522419271 91.75831005328081
0.7103808727628351 -0.09841620610737023 -0.6969026230314711 -48.360832913639896 0.07033310254799147 0.9951453349918192 -0.06884051808342273 -7.081409016573127 0.700294416869567 -0.00011233633408912203 0.7138541287138863 92.63228039559921
0.6998935920898411 -0.09954491850672458 -0.7072763031171544 -49.21623321933952 0.07085533184499888 0.9950323799573593 -0.06992914117539864 -7.175555169798398 0.710723913837655 -0.0011713393544626124 0.7034700748883371 93.48836562984799
0.6912156473636614 -0.09945605805643154 -0.7157719059557384 -50.119059842691065 0.06904395299307683 0.995041953277523 -0.0715852203512819 -7.27251710512156 0.7193426592346128 6.110259820864272e-05 0.6946554072860501 94.36222884036191
0.682602808033825 -0.10080738486827233 -0.7238033418134773 -50.99992838085047 0.07182610158493626 0.9948992964861901 -0.07082655562989545 -7.367484320013163 0.7272512754168587 -0.0036415666002806157 0.6863616549584105 95.20732145083498
0.6715435521041762 -0.10088684877440823 -0.7340647800921085 -51.88429415338597 0.07161509325071355 0.9948865937009346 -0.07121758275063486 -7.464719961063016 0.7374961261227055 -0.004744409185726446 0.6753346981574996 96.02651459581834
0.6640061180630017 -0.1010474807017185 -0.7408679246793852 -52.809578108867655 0.0721981447762839 0.9948612952835476 -0.07098190641004998 -7.564701453974999 0.7442333659987075 -0.006356869558058677 0.6678894273333394 96.86457812398571
0.6569666658962893 -0.10051497395779804 -0.747189092473503 -53.746151224323945 0.07176451528726818 0.9949098713004856 -0.07074038686941762 -7.663704531138353 0.7504962719738835 -0.0071475869434798195 0.6608360294007799 97.68787179964579
0.6480965140709979 -0.10015340140281573 -0.754943842041557 -54.69110694183464 0.0694671517536346 0.9949565381077776 -0.07235884260976005 -7.765523173622699 0.7583832957523909 -0.005548284782975317 0.6517852355336907 98.50056601176394
0.6409937852128282 -0.10127013439574553 -0.7608359397386525 -55.64718031585544 0.0689193988811245 0.9948475021538847 -0.07435431336540595 -7.8655926831643805 0.76444560550532 -0.004775702842951049 0.6446705429023113 99.305238167704
0.6321611034476831 -0.09872584727480208 -0.7685216629137271 -56.62573249389368 0.06631948686578334 0.9951038400111409 -0.07328078368127065 -7.969654642398842 0.7719935653550923 -0.004642701256213896 0.6356133890781239 100.1095788435743
0.6254896848289262 -0.09673549878860932 -0.7742124368974769 -57.61425564694398 0.06465135179697279 0.9952978698881002 -0.07212733813911584 -8.070676787994321 0.777549263316116 -0.004938974623265417 0.6288026317106474 100.90611485406934
0.618648857164481 -0.09606074064076826 -0.7797729962217392 -58.613638466202666 0.06606130922690555 0.9953426779176033 -0.0702058184130151 -8.17539382372089 0.7828853651412246 -0.008080075702686103 0.6221135084727948 101.70641170433562
0.6111038394253496 -0.095726376285972 -0.7857407704343419 -59.614268424096075 0.06547327885639659 0.9953717565488882 -0.07034426785867787 -8.275570252575914 0.7888379727139087 -0.008457372401484295 0.6145430218110637 102.4893672007263
0.607063850897968 -0.09728543420871512 -0.7886754879059901 -60.628406156600505 0.06655472484128426 0.9952152428244436 -0.07153383151477895 -8.381747904492899 0.7918610670655748 -0.009064476857800655 0.6106340030861889 103.27453434090087
0.6023539272214082 -0.10057367637116918 -0.7918678437606456 -61.644309922964716 0.06903337109562036 0.9948774896744923 -0.07384561066275487 -8.4843395137413 0.7952384171027712 -0.010184113126243857 0.6062113029329881 104.05638715899772
0.5970689133331323 -0.10414624638856959 -0.7954006990783726 -62.674628396471995 0.0702693758102958 0.9945152968396233 -0.07746960162042618 -8.592536448426067 0.7991063305683568 -0.009637619787451639 0.6011124593039214 104.83554508036818
0.5953471766782682 -0.10628886692667064 -0.7964071923260484 -63.691764952664734 0.0716450887537439 0.9942855814811034 -0.0791401523643491 -8.70341144713474 0.8002679054408487 -0.009942797706316515 0.5995601890511812 105.59771424195299
0.5914441337639231 -0.10799818139744839 -0.7990808654016728 -64.7427964418809 0.07392906384589619 0.9940789500960968 -0.07963375223302682 -8.816983879403997 0.8029497681393973 -0.011976384708480808 0.5959263679803088 106.38356573856994
0.5886585389987767 -0.10420452237899379 -0.8016374130363376 -65.7696054759067 0.07432961850661342 0.9944331922877421 -0.07468422784679701 -8.924474059549269 0.8049572859950317 -0.015621894641072186 0.5931270724990862 107.13687129720311
0.5869015074688625 -0.10317152856349254 -0.8030580652883385 -66.80840317555828 0.07706118312199586 0.9944633994008258 -0.0714431333858741 -9.032240678527964 0.8059827507996774 -0.01995452194431182 0.5916025882865616 107.90197805000143
0.5848458665623315 -0.10313422058345843 -0.8045611505097661 -67.80682357262747 0.07973647666333701 0.9943897473204423 -0.06950629261659924 -9.130123112428745 0.8072158364739093 -0.023502403464959572 0.5897882928450662 108.63750279363639
0.5828738880345408 -0.10350121330532124 -0.8059438749018595 -68.81965768098387 0.08303275597289957 0.9942491361332199 -0.0676329559748141 -9.22638027731686 0.8083090943958522 -0.02749825708427038 0.588115850640233 109.38074639555508
0.5822360019051355 -0.10446482348032281 -0.8062805583298832 -69.84869188289444 0.08525928350061159 0.9940880181545397 -0.06722995417625752 -9.321245937543905 0.8085370076023023 -0.029599202975829263 0.5877004292330491 110.12739402703438
0.5792906995459439 -0.10451250103819656 -0.8083931113921693 -70.86380776301829 0.08857853735096238 0.9939443700611779 -0.06502639421383145 -9.419843522019935 0.8102938529572684 -0.03393709401863121 0.5850402939193466 110.86757211186848
0.5784938784825189 -0.10429570660414142 -0.8089914944807491 -71.86833175360961 0.08953222777687361 0.993918203381591 -0.06411384543155056 -9.513498571269782 0.8107581715576865 -0.03534134364527741 0.5843134233284255 111.59259576964622
0.5762558885140863 -0.10537723447910656 -0.8104472773761265 -72.8651200816529 0.09319432489806824 0.9936569201524447 -0.06293443286430213 -9.604978016320771 0.8119384020722472 -0.039262749352197035 0.5824212116275234 112.31603057601262
0.5745870378517666 -0.10513806817516881 -0.8116623205207485 -73.84521535271539 0.09507986674777728 0.9935746806743249 -0.06139358974794111 -9.69376062930047 0.8129019343512216 -0.04189678440294839 0.5808916461653889 113.01861440066962
0.5761895374941699 -0.10517002911116768 -0.8105213642212099 -74.82637813706175 0.0969100347207019 0.9934818921388191 -0.06001812361865862 -9.78370854948368 0.8115504063535963 -0.04396583865944528 0.5826259031130393 113.72466398090491
0.5763399312419483 -0.10655936031315728 -0.8102329210700325 -75.78641665500535 0.09833971167980714 0.9933009203087815 -0.0606842880856371 -9.870300144896609 0.8112715850828003 -0.044703293428772245 0.5829580008833075 114.41816189858753
0.5763626957455824 -0.10875526278880189 -0.8099248951406691 -76.75612665408288 0.10246240575576464 0.9929008356360589 -0.06041014815374031 -9.96055982664717 0.8107450267251882 -0.04816869739731858 0.5834143280991814 115.12314755409355
0.5766151782463318 -0.1097064800000811 -0.8096168380548562 -77.70552563674615 0.10260524045756927 0.9928219419056605 -0.0614553195526484 -10.0504012594989 0.810547408142544 -0.047634860309079784 0.5837326607589635 115.80109630105757
0.5763250350379187 -0.11142742048890734 -0.809588404037342 -78.62932900914743 0.10354448115451907 0.9926332954367312 -0.06291010421909149 -10.136825231022428 0.810634316082772 -0.0475717432264547 0.583617113213289 116.46670311724934
0.5797586734776868 -0.11095939888843653 -0.8071975547074643 -79.57003302726295 0.10240893207208202 0.9927509578604403 -0.06291221104868348 -10.222253169657002 0.8083268467391447 -0.046190339525654406 0.5869192119663968 117.14203406416512
0.5836150786242457 -0.11257419448111709 -0.8041893376185384 -80.47313718854804 0.1032326695426717 0.9925941561577011 -0.0640301265083488 -10.305551068442492 0.8054417768786949 -0.04564966482362424 0.590914251105845 117.8009742500324
0.5881210828608617 -0.11164157007052983 -0.8010304312114206 -81.38139046767577 0.10025203043183589 0.9928516035337475 -0.06477054696975121 -10.391460635025762 0.8025354336656182 -0.042212002945293585 0.5951092542705791 118.4618480116819
0.593626506497357 -0.11134102113081479 -0.7970010964843719 -82.30836013533136 0.10120663312622985 0.9928483483232314 -0.0633196228912058 -10.479131194098994 0.7983512937266379 -0.043073591043460153 0.6006495463742769 119.15348165905263
0.5977665466007759 -0.10872272822867064 -0.7942635105124098 -83.22048771527655 0.09984729162360013 0.9931433816009144 -0.06080083829793992 -10.563408393352322 0.7954279817308505 -0.04296035322032524 0.6045235594505567 119.83526176544065
0.604808428403816 -0.1064475187111269 -0.7892247402938853 -84.12407688901885 0.0977391930375161 0.9934561379926823 -0.05909274091663183 -10.644981645486267 0.7903504381450558 -0.0413984014777056 0.61125474008715 120.52149091408573
0.6127969477781208 -0.1060288541845859 -0.7830950024576347 -85.06255581662005 0.09893578972543678 0.9934547695376892 -0.0570905455764878 -10.72780808317941 0.7840227103249137 -0.04249121042192953 0.6192760989507475 121.25172607009321
0.6197399467191713 -0.10446203095222814 -0.7778239405738643 -85.96365323786364 0.09780096849390452 0.9936558863666152 -0.05552431945220647 -10.807560322229062 0.7786895202853144 -0.04166129592694047 0.6260247338720053 121.9662724333844
0.6284203280736615 -0.1048030098573678 -0.7707815646398326 -86.83701937158368 0.09667334437431886 0.9937226848613995 -0.056298224477655374 -10.884671476684437 0.7718433492304486 -0.03913508293959 0.6346071930982469 122.6731500565963
0.6359256997832874 -0.10567642990221777 -0.7644808673330277 -87.74792279415193 0.09514186581214899 0.993759321059977 -0.05822746067103386 -10.962976402463898 0.7658632578501985 -0.03570579742192313 0.6420113443744941 123.41867760834364
0.6456951067852856 -0.10468367420589549 -0.7563855877978456 -88.60414358153606 0.09298871998661391 0.9939656475373159 -0.058184099812365525 -11.038484426319462 0.7579122159120999 -0.03276613908409316 0.6515331557954147 124.13903140098786
0.6550246145644905 -0.10205259998393873 -0.7486841932024204 -89.46380546579576 0.09016911379271367 0.9943142622503491 -0.056645201062232045 -11.114130407078596 0.7502081612675762 -0.030404189218958447 0.6605023088873047 124.8758977345477
0.6634315469850283 -0.09959240683296093 -0.7415793517663974 -90.28130658553958 0.08983758220503978 0.9945349082110863 -0.053193281277985005 -11.185151875021843 0.7428241994500481 -0.031331595088410505 0.668752973720948 125.60209391226319
0.6750623990022486 -0.09765147389291215 -0.7312694080158632 -91.10644845731032 0.08972058359284449 0.9947108120185432 -0.05000617295064742 -11.252631609592267 0.732284763144153 -0.031852630973791735 0.680253214301086 126.35593687109112
0.6845566004157839 -0.09829630460839489 -0.7223019433225405 -91.93980374731073 0.09186762597241874 0.9945998314302872 -0.04828575998196899 -11.322290383694668 0.7231477028418031 -0.033301829066557154 0.6898901275242642 127.14456906029955
