1.0 0.0 0.0 0.0 0.0 1.0 0.0 0.0 0.0 0.0 1.0 0.0
0.9999153041324235 -0.003300648894709972 0.012589292221469222 0.020319944247603416 0.0032750565678337294 0.9999925296942858 0.0020529393807575684 -0.008300700224936008 -0.0125959742077056 -0.002011534861101332 0.9999186442712537 0.3350769579410553
0.999669148355849 -0.006040044610569308 0.025002233632096783 0.042384499505202594 0.00595341464294632 0.9999760198532287 0.003537876846974938 -0.017134264939138465 -0.025023003008847106 -0.003387857670791622 0.9996811350329773 0.6308255253994733
0.9994912686919076 -0.009143928430212323 0.03055474400979899 0.06402976793829958 0.009055246473408062 0.9999543808989686 0.003039511846772832 -0.023961713492743356 -0.030581143208634684 -0.002761284813994442 0.9995284733244117 0.9339621681737105
0.999348940419648 -0.012939885841398865 0.03367869707305385 0.08634419233420822 0.012843514075714307 0.9999127865185008 0.003076280707943438 -0.029012481290897126 -0.03371556655780664 -0.002641725046007194 0.9994279773252635 1.2605782760756454
0.9993520673064622 -0.015189835497279501 0.03262996273160675 0.10235993645628172 0.015117020660053035 0.9998826629744432 0.002477088916401342 -0.03508683422030436 -0.032663760601988064 -0.0019822161087571454 0.9994644313644355 1.6015732638489109
0.9994691080543252 -0.017697191890746953 0.02735528183502209 0.11178842701794305 0.017687418865188053 0.9998433858178548 0.0005992079569430561 -0.042525142853231265 -0.02736160190812663 -0.00011504551427362508 0.9996255946630972 1.9231747021072632
0.9997405852836303 -0.01895747653013346 0.012624429506068527 0.10960105440828022 0.018967316023122245 0.9998198863641924 -0.00066011633253838 -0.05066745510079346 -0.012609641534288937 0.0008993966327004344 0.9999200908202984 2.255354982988452
0.9998351365758049 -0.017568774791919525 -0.004586700421064985 0.0926753816382842 0.01756115779963273 0.9998443530594857 -0.0016956980259281785 -0.05902227661071348 0.004615777851910024 0.001614870697471259 0.9999880433222452 2.5931383331032354
0.9995543789034623 -0.015467705844571595 -0.02553025050443746 0.06692934196316862 0.01541608399019775 0.9998787059841672 -0.00221758288107765 -0.06820021835720173 0.02556145475751903 0.001823018193295325 0.9996715903912375 2.9280804578465274
0.9988755933885043 -0.016710524067638226 -0.04436560963346025 0.03832834030145677 0.01662556980199493 0.9998591788282829 -0.0022831867184111947 -0.07472023317375769 0.044397515262936636 0.0015430159484005818 0.999012752541358 3.327926649736989
0.9977221491172359 -0.02026716277942195 -0.06434093000382005 0.006946035774650423 0.020212603450520637 0.9997945809576222 -0.0014988494001944715 -0.0856852309357824 0.06435809057636854 0.00019493754096018816 0.9979268501131328 3.7483910108736773
0.9962831309687158 -0.022475375679170333 -0.08315515880120292 -0.03224672000298185 0.022355411417830092 0.9997472688912676 -0.0023735890106118722 -0.09721568549592419 0.08318749021044372 0.000505798904609446 0.9965337854984927 4.118340407363918
0.9947784965113821 -0.023743521905608692 -0.09925718133249867 -0.07637672928201707 0.023521022618684013 0.9997175219768857 -0.0034114142766158437 -0.10998523023550488 0.09931014234974189 0.0010589711578808507 0.9950559653640397 4.505382363390149
0.9931840702905499 -0.024774311223406245 -0.11389309032817632 -0.13253936499766744 0.024544368216942697 0.9996928882466152 -0.003420990788042414 -0.12395826441908944 0.11394286511198257 0.0006022396089141659 0.9934871216062774 4.947579741621239
0.9917507380168311 -0.02390100994306034 -0.12593337669884197 -0.2028919958331625 0.023541763388949026 0.9997134321523299 -0.004340386013654996 -0.13917111153765713 0.12600102785140066 0.0013398872753047492 0.9920292060632488 5.40292855899491
0.9902941262064944 -0.026320098387596694 -0.13647269331915082 -0.2586479058612511 0.025834081950719835 0.9996520272750498 -0.00533147021436144 -0.15420752078395383 0.13656552936476782 0.0017540768940846143 0.9906294864395923 5.830288119338443
0.988719180562603 -0.028839802191066924 -0.1469783922799376 -0.32123893674817117 0.028020687673656515 0.9995781400132517 -0.007640881489977826 -0.16796047748379928 0.14713674948805439 0.0034362504606945386 0.9891101905919589 6.253034139754079
0.9875710209875512 -0.030134803955043785 -0.15425748635381298 -0.4007247946662297 0.028779209114154502 0.9995251125303194 -0.011013925005024273 -0.1827801206226175 0.15451613387724106 0.006437624705091924 0.9879692917089008 6.751784951724364
0.9866954450535955 -0.03097835129933274 -0.15960087863562222 -0.48517570929985426 0.02931065663806219 0.999488478264728 -0.012793249137906807 -0.1968474805059903 0.15991555308328553 0.007945034098986725 0.9870987247055044 7.255262494729588
0.9855427117298607 -0.03487578794483986 -0.1657988020806524 -0.5657302706057589 0.0327125433572791 0.9993405204105148 -0.015761147570525665 -0.21154310913670546 0.16623914359515607 0.01010958361498209 0.9860336421521737 7.742037018187148
0.9839312924523699 -0.038410760824344484 -0.17436692686947353 -0.6518015557974506 0.03553394245698771 0.9991764103028918 -0.019591835740711633 -0.228582352275127 0.1749758573817337 0.01308107591609127 0.9844858225421049 8.221509728764184
0.9830636203229917 -0.043462809579062275 -0.17803623951585584 -0.7339211961583099 0.04039421630190272 0.9989667546622915 -0.02082619429575333 -0.24673863280609346 0.1787574493183658 0.013281839593352466 0.983803520551847 8.719646207194788
0.9809007613862641 -0.04658642040639529 -0.1888475621912187 -0.8274639335851156 0.042813579284574944 0.9987945119059357 -0.02401083954024375 -0.2674916565234863 0.18973848776853638 0.015467010709976069 0.981712828600608 9.214554080702671
0.9792232985684156 -0.04643663827486326 -0.19739647962038584 -0.9361520745864995 0.041244607526245605 0.9986884700290899 -0.030335164099801557 -0.28822585497579073 0.19854625126352263 0.021563359123416507 0.9798542787846145 9.719569187957717
0.9779207346443427 -0.04459329879522028 -0.20416286257600724 -1.062174127891439 0.038439502069682885 0.9986819673131889 -0.03401077541153383 -0.30974420346573395 0.2054104219198828 0.025411923697728087 0.9783459473523038 10.273463255118225
0.9763573372883876 -0.04730883951673878 -0.21092231656870578 -1.1785693608207644 0.040568149232959594 0.9985217424469235 -0.03617395649596966 -0.3395136136750004 0.21232186696367897 0.026761979828470107 0.9768332617415925 10.815473507199583
0.9750369850194485 -0.050487622945093104 -0.21622645021721537 -1.3021552750381398 0.043111388668393195 0.9983205082736036 -0.03869846156394739 -0.36815901616461766 0.21781709301904328 0.02841060875250093 0.9755760100059071 11.362861350652011
0.9734597330669935 -0.05069646784461763 -0.22317261535685237 -1.4329747095485081 0.04221288759754523 0.9981989910806063 -0.04262448036441965 -0.39574532908108967 0.22493159008421856 0.03207245475075824 0.9738465677037865 11.905841720488251
0.9720755912679654 -0.05005520257770528 -0.22926735824347172 -1.5798572214705988 0.040371836829485516 0.9980910810740057 -0.04673658814607718 -0.42490602671517624 0.2311691148316507 0.036175552178612715 0.9722407982452308 12.481541921849198
0.970414330478998 -0.05088441339227597 -0.23602288803148289 -1.735188573185736 0.03923967912065638 0.9977816385348882 -0.053777777800329954 -0.4611519287566348 0.23823575462869942 0.042925263847269524 0.970258288776827 13.088473772146616
0.9690234770816037 -0.05210432226303111 -0.24140969422578964 -1.889181045076406 0.038434963947055 0.9973979036644265 -0.06099323988932266 -0.49542919776915517 0.2439595343721324 0.04982530850198601 0.96850461239047 13.67469773339876
0.9681176058848118 -0.05307487853264316 -0.2448088201936468 -2.045719938467205 0.03721114771262578 0.9969238328902713 -0.0689797209423138 -0.5345322122428106 0.24771683766302455 0.05767086512369582 0.9671144914921476 14.261162420925288
0.9679807603415916 -0.053771152439355215 -0.24519769732576638 -2.214133585412595 0.03589910003207893 0.9964010299750825 -0.07678699161630159 -0.5808806232393064 0.24844416319447174 0.06552595386515792 0.9664273625806857 14.886372634207635
0.9682074114373884 -0.05346875472009883 -0.24436755248271788 -2.396856637362576 0.0336680454110559 0.9958543803821984 -0.08450157271783149 -0.6353175341462398 0.24787269142830368 0.07358767112954312 0.9659937802604215 15.553276763920556
0.968097322771963 -0.0517906016960972 -0.2451638374999745 -2.571239066216616 0.030295793028308714 0.995421847678907 -0.09065048311121561 -0.6896683496780547 0.24873628317264768 0.08033105712902773 0.9652342631164671 16.19004496271931
0.9679942218194377 -0.051193954403612456 -0.24569567671552978 -2.7480108815648476 0.028445366172040555 0.9950457666202821 -0.09526165794480816 -0.7486757867418024 0.24935526396593233 0.08522383096045348 0.9646547833131313 16.8327623284905
0.9673947253654038 -0.050329569194079445 -0.24822244016191045 -2.918059673767765 0.025819288581864934 0.9945483591928981 -0.10102933021573758 -0.8102429701653672 0.25195398324360985 0.0913263143428691 0.9634203104752496 17.4455121806469
0.9674147584443223 -0.04750897122015054 -0.24869978447460755 -3.111045397239798 0.02198652176212016 0.9942908945021228 -0.10441364839412676 -0.8771091266528654 0.25224051618429016 0.095543261215909 0.9629362425577881 18.134127311484693
0.9670907968526973 -0.04508403323255672 -0.25040531262395566 -3.3112502051892103 0.019044631860307807 0.9942416746919762 -0.10545517674822807 -0.9500025059814545 0.2537177420680718 0.0972158539188974 0.9623805822577154 18.85550955358179
0.9671633002671848 -0.044273407495672996 -0.2502698863327544 -3.504759120733702 0.017691511331780096 0.9940496644332205 -0.1074815103494525 -1.0221482566930304 0.2535392692327664 0.09952451973721879 0.9621916175731272 19.571442389141765
0.9669722763024454 -0.043126426685101096 -0.25120654486665334 -3.7018388307486796 0.01640678140870095 0.9940692482767635 -0.10750417272960988 -1.0971783182156698 0.25435297204136303 0.09983206374629994 0.9619449696640034 20.28438142703463
0.9661201373795537 -0.042210145242374986 -0.25461772088432905 -3.8914662528437276 0.015242074953111038 0.9941450418945653 -0.10697343047494011 -1.1702548642514747 0.2576423088330723 0.09946828296030201 0.9611069146479455 20.967239468500043
0.9652686936886664 -0.040002260772168036 -0.25817855859403044 -4.099027719682588 0.013115829977791567 0.9943822547744344 -0.10503288244024166 -1.2481920922486256 0.2609297299821724 0.09799872714901671 0.9603707229443239 21.700691243017427
0.9631849290427963 -0.03975162482149504 -0.26588456290065965 -4.340500558104441 0.012398897213273162 0.9945237735850888 -0.10377249694389097 -1.338078465046034 0.2685536441992892 0.09665542973949408 0.95840318660215 22.553476627112925
0.9606223079493958 -0.03799222539050463 -0.2752478379203972 -4.560621311129899 0.011360054809469786 0.9951498178068688 -0.09771278971394462 -1.4181226084987948 0.277625162088565 0.09073825504621968 0.956394708499825 23.302149137176016
0.9588319512141371 -0.037533020089624114 -0.28148279118596714 -4.75764454310692 0.01093622096343422 0.9953721751863 -0.09547058152086915 -1.4831354005340867 0.283763437394478 0.08846188596138935 0.954805114319265 23.951999868375477
0.9565912180405592 -0.03539518637426407 -0.28927568572075085 -4.9972748169244205 0.008954489270043333 0.9956983479229907 -0.09222048072602865 -1.560449681175989 0.29129548346926387 0.08562698596212676 0.9527932412572256 24.707454789863537
0.9543085841000555 -0.03400286786494641 -0.2968820157737864 -5.2420542156903185 0.00728182010043448 0.9958560364749582 -0.09065169448174643 -1.6371305108678618 0.2987341651183752 0.08434784877722717 0.9506015669026018 25.47872709001686
0.9511372846061991 -0.035352966240888406 -0.3067377277250342 -5.495918817318808 0.008163845401552312 0.9959556995770174 -0.08947399682764719 -1.7141207241657441 0.3086603593923362 0.08259789499754137 0.9475792158346283 26.259019729737755
0.9485526012368884 -0.03688848969201015 -0.31446335559962313 -5.760538425605465 0.009078521488038017 0.9959502521266875 -0.08944649650142095 -1.7903806619677145 0.31648940445822793 0.08198984459693737 0.9450460953036346 27.051675265432902
0.9461312287186069 -0.03800976472915126 -0.3215446404912604 -6.03288757048921 0.010576714321959444 0.9961837761196942 -0.08663727436882304 -1.8684297104359286 0.3236106165711672 0.07856934504717239 0.9429225985526529 27.853490798771638
0.943356722833743 -0.03797569800650477 -0.3295996660272873 -6.311296542975674 0.01025509953826582 0.996290638526747 -0.0854388466531877 -1.943159547454805 0.33162166156305417 0.07721923299855686 0.9402469163136212 28.637655091586442
0.9416580421167128 -0.03844734706354491 -0.33436796081666487 -6.604040642089274 0.011314259875738513 0.9965085921329172 -0.08272009023650646 -2.0208875251496683 0.3363809139062198 0.07411091221302597 0.9388053330965742 29.45176913730578
0.9394058598579164 -0.037624093355384094 -0.34073605336652363 -6.915817161157938 0.011567328483081235 0.9968718652828984 -0.07818363715739704 -2.0974349767067215 0.34261177355189293 0.06950476103534461 0.9369024820209658 30.298377764710967
0.9373324297324142 -0.039010290148051595 -0.346245741395463 -7.223491354434308 0.013664343814364786 0.9970639339206332 -0.07534452457102726 -2.1721609936103996 0.3481683527836093 0.06589164542850733 0.9351134097972674 31.133910050486886
0.935104897329127 -0.04016372181389833 -0.3520876402845441 -7.567661098888191 0.014885033702985625 0.9971313275627155 -0.07421287869822478 -2.249836264115459 0.35405828159039543 0.06415598992356232 0.9330202260370265 32.04416345434364
0.9333196094508251 -0.04068988611803982 -0.3567335697439479 -7.905627334020023 0.015858006855087328 0.9972597073434613 -0.07226063747171044 -2.330151067922915 0.35869629247197854 0.061785186549325154 0.9314073010718361 32.91929780077598
0.9320813944186384 -0.0421806647463448 -0.35978474912114217 -8.250588347327104 0.017972211525779998 0.9973591119714099 -0.07036903708644361 -2.401801504335088 0.3618028106461852 0.059123542596474385 0.9303779516515659 33.813308662138056
0.9297069651142105 -0.04373806559494895 -0.36569377987072216 -8.60442427745612 0.019089687740597598 0.9973114308571882 -0.07074951380436795 -2.4738804759751316 0.36780503373402973 0.05879533569595394 0.9280423296705326 34.7028302900072
0.9280462513289189 -0.046135633813757744 -0.36959661617355744 -8.951646224765929 0.02153247640628731 0.9972849554650797 -0.0704206650268715 -2.547124844323387 0.37184204691529144 0.05739530377667684 0.9265199788726789 35.585693481522185
0.927321680496141 -0.04591869627461399 -0.37143771242868306 -9.316202632774578 0.02058851651312757 0.9972009563255939 -0.07187743520125094 -2.6192136761931843 0.37369856016527814 0.05900615252464021 0.9256714644487196 36.478356465673684
0.9263832438278347 -0.047033922536725906 -0.3736333706801737 -9.698504029472147 0.021230735396741224 0.9971147146600396 -0.07288004996527798 -2.6943596488622252 0.3759831664177698 0.059582345868865585 0.9247089285992812 37.42116277120732
0.9254402715447001 -0.04841536083309423 -0.37578751527781357 -10.07724929908071 0.022423326978933587 0.9970624267316132 -0.07323736483013649 -2.7709682026710887 0.378229425363056 0.059350400465944364 0.9238073564082853 38.3384225117101
0.9250500161165973 -0.04746197030613457 -0.37686845059959956 -10.466169642548026 0.022226273871049345 0.9972263410447122 -0.07103250999637191 -2.8498866340808706 0.37919448892684654 0.05733224312056146 0.92353914560579 39.27834734668057
0.924402541918032 -0.048301177270570386 -0.37834764010068583 -10.854978982346985 0.02349378025736801 0.9972763073865889 -0.06991429764067097 -2.929284786139688 0.38069408031213153 0.05574013813803084 0.9230195307877583 40.219902953322126
0.9236830583585512 -0.050624254897750715 -0.3797983577076665 -11.255363298029016 0.025187734133919892 0.9971117560299583 -0.07165001071913249 -3.0099464859243104 0.38232863579725757 0.05661564097403118 0.9222903466081099 41.182978102071914
0.9226353867645654 -0.05276828659749162 -0.382046399039915 -11.668166171964543 0.02769236553869316 0.9971029776315421 -0.07084338281860861 -3.0934256108932217 0.3846778860042157 0.05478284337160236 0.9214237700924859 42.178374697798034
0.9220076951781987 -0.05346760932836922 -0.38346189482775855 -12.094543700790577 0.029201394168869767 0.9972008736747052 -0.06883092416203034 -3.1777242149850538 0.3860687615060047 0.0522650198040119 0.9209882079017657 43.19756577966007
0.921042868759766 -0.054185176785249145 -0.38567343766913953 -12.511821482131857 0.031182135714824612 0.9973549844621701 -0.06565599272516315 -3.2612618209230115 0.3882109070068004 0.04844586241585253 0.9202963055971385 44.194045560121985
0.9188738888849239 -0.05551759651851762 -0.3906258731859729 -12.913501610080434 0.03367291594261097 0.9974732227813422 -0.06255641107132733 -3.3402320398044423 0.39311183021809276 0.04432794052299416 0.9184215386365737 45.147691477446685
0.9171796093319788 -0.057564526505649576 -0.3942941662183442 -13.33443459838834 0.03566094984949599 0.997397505385091 -0.06266189358317555 -3.4164828172837276 0.3968751200081338 0.04341130658915776 0.9168454600306158 46.12295755566774
0.9137246307560956 -0.0600846252049379 -0.40186706379550374 -13.78954729944525 0.03615960532089388 0.9971065893714953 -0.06686503103253558 -3.498152355906198 0.4047218576907782 0.04656487137238653 0.9132534865312035 47.14693959892562
0.9102080981978006 -0.06391111754349942 -0.40919015998614156 -14.224023677882714 0.03865208830034273 0.9968179207947903 -0.06971405060942874 -3.58009575010211 0.4123435873700058 0.04763823922745765 0.9097820420947768 48.12184660828762
0.9038003954835657 -0.06359278076808143 -0.4232030285311447 -14.694037419327852 0.03757220029064879 0.9968703021853469 -0.06955523263000811 -3.6629457582972544 0.4263017415975093 0.04696337780737143 0.9033610940569959 49.12054784120125
0.898668509582102 -0.06209712104109626 -0.43421061415388146 -15.16388074642933 0.036837586745368 0.9971156619156984 -0.0663577347804756 -3.742080114805857 0.4370788282315456 0.0436383354497613 0.8983639538577408 50.08367250368321
0.8953286462644093 -0.06056988820288857 -0.44126851668958866 -15.662782072076574 0.036183428543615906 0.9973269238655895 -0.06348044133140354 -3.824392285639988 0.4439339755832721 0.04086924975932768 0.8951269908493099 51.08284029824951
0.8923324644026965 -0.06167474369487354 -0.4471453890662211 -16.154413152181956 0.035711525733465005 0.9971623344640423 -0.06627190698938382 -3.909023752943613 0.4499638428838462 0.043168330016264564 0.8920028225184091 52.05850874917097
0.8900818618454877 -0.06420814405722852 -0.45125557442584174 -16.624330177436732 0.036055266393069885 0.9968442782172593 -0.07072130337342494 -3.9903914046677413 0.4543724210149588 0.04667760943147614 0.8895880528642275 52.9842919405872
0.8887142892246247 -0.06684340012932673 -0.4535624234734628 -17.114207415121154 0.035001425860097996 0.9963191732036283 -0.07824963446942432 -4.075931986291148 0.4571234103781277 0.053666236741448346 0.8877827001683918 53.92661751034806
0.8862621607267008 -0.06823862017922327 -0.4581297558335144 -17.59938950737721 0.03479405552762104 0.996101734758861 -0.0810599019881529 -4.163272224632926 0.4618752603939516 0.0559001317209882 0.8851815740906471 54.85453640382591
0.8841674467728065 -0.0691661931790044 -0.4620216053263971 -18.09395470634064 0.036397570061441314 0.996172021311195 -0.07947654276823175 -4.256726190297025 0.4657500863777471 0.05345410814795011 0.883300353991341 55.80301351557994
0.8816575764161776 -0.06746703719208366 -0.46704187910772416 -18.59542946118613 0.03707604396123794 0.9965709876952641 -0.07397049038819668 -4.352243033320164 0.47043095658357387 0.04790057804043649 0.881135772574951 56.74880373521568
0.8795879897369253 -0.06753559192830555 -0.4709181586363477 -19.08718634252371 0.0373754374552128 0.9966227258902237 -0.07311784265260907 -4.437978989041316 0.47426579571542626 0.04671280404807242 0.8791415522840337 57.660979368342446
0.8787213440926218 -0.06697830985292795 -0.4726126378391733 -19.599723648199113 0.03603787314461806 0.9965896787799197 -0.07423128618412354 -4.519479380047782 0.4759727630182937 0.04819666128044566 0.8781383778802458 58.59477471833962
0.8771524220747107 -0.06831531989333231 -0.4753279347107008 -20.11987018140671 0.035810029132044785 0.9963785526987301 -0.07711952758897032 -4.610924742498321 0.47887500484158774 0.05062407322465791 0.8764222343985311 59.542122428416505
0.8750134591940956 -0.06909623919626062 -0.47914210413834046 -20.617314372164767 0.03489131027389799 0.9961888478390566 -0.07993982679780916 -4.6967767205257624 0.4828395620664837 0.053230528552948665 0.8740895080787895 60.4416285302329
0.8737033834146799 -0.06986290667669443 -0.4814162150160963 -21.142186451662567 0.035407887416932744 0.9961417122133214 -0.0802992571409111 -4.791089924604178 0.48516871222123403 0.0531118015077236 0.8728060822554994 61.383948185922975
0.8714849693767089 -0.07026575396811835 -0.485362413017086 -21.66967353834769 0.03610723526826575 0.9961897846630698 -0.07938627396614961 -4.886918011215833 0.48909121410199 0.051658849699139836 0.8707015260903147 62.3242377067654
0.870456682728738 -0.06984841645451194 -0.48726416060662453 -22.21282029421254 0.03598704330255062 0.996262430478851 -0.07852453330465033 -4.981443866851139 0.4909277912353523 0.05081700832565665 0.8697169283494536 63.27393583646799
0.8663603599321762 -0.07270000449723169 -0.4940996216192566 -22.76590033946811 0.038660105188796416 0.9961419880497584 -0.07878157088473312 -5.082776750809541 0.49792079993205873 0.04915128676217467 0.8658285211314313 64.25245753842485
0.8634467602108554 -0.07424273177785742 -0.4989465994067288 -23.299676403744446 0.03862693808332525 0.9959369012850637 -0.08134892939069417 -5.178479509539087 0.5029588968650267 0.05096769012684711 0.862806260192547 65.16858184138282
0.8601245989341576 -0.07467110026988633 -0.5045888436071879 -23.861660274649292 0.038553308149668904 0.9959141937523733 -0.08166125833758038 -5.277612767858283 0.5086249273669854 0.05078528789959695 0.8594891144126747 66.12236817721019
0.8550787629061031 -0.07478310436114355 -0.5130767939880725 -24.432874213440876 0.03698344931581815 0.9958204601903459 -0.0835094937297093 -5.3767083038085675 0.5171774682869246 0.052431844983734446 0.854270664325967 67.06959249068456
0.8507048782605593 -0.07637864515157583 -0.5200649119758961 -25.009333145834127 0.03698579209280048 0.9956323482397086 -0.08572209937905007 -5.480900453167271 0.5243407873577594 0.05368919540739328 0.849814220291442 68.01048221806097
0.8448727530812425 -0.07742761714573915 -0.5293344832939325 -25.61097790300397 0.037279119651500325 0.9955864987527173 -0.08612659716553693 -5.587764855855943 0.5336668420830836 0.05303289172238672 0.8440303395356299 68.97425567764344
0.8408545424397594 -0.07857339395254714 -0.5355276465516984 -26.19501211825889 0.03741811024306235 0.9954785254712152 -0.08730630190022556 -5.6938508117883035 0.5399662243921012 0.053373468019542486 0.839992707960793 69.88775529698135
0.8364342015621583 -0.07862361437225382 -0.5423985192827483 -26.81855380044756 0.03771755004953615 0.9955680754743697 -0.08614867099683365 -5.803931515434863 0.5467679698696106 0.05159975154303626 0.8356926784203398 70.84654709583873
0.831653088771708 -0.07965196930787725 -0.549553185526073 -27.459593016585966 0.03776396676699764 0.995480451628251 -0.08713525830589083 -5.914806190370602 0.5540099482414541 0.05171299847611042 0.8309023667303584 71.81114816245213
0.8282403023413739 -0.08314547741107865 -0.5541703990322412 -28.07091492693348 0.0402467049898413 0.9952033807204551 -0.0891652047608134 -6.020156532439838 0.5589259381303845 0.05154668358547333 0.8276138804396703 72.7262554374777
0.8264370282008926 -0.08226666914409796 -0.5569865649783782 -28.72297492119574 0.03876697830306511 0.995234353171123 -0.08947459785495922 -6.135268629999633 0.5616929408597969 0.05235243467110688 0.8256877513759548 73.67816960923479
0.8244889034493553 -0.08239563264759282 -0.5598473075843828 -29.38962222544417 0.03978187820584163 0.9953344683970107 -0.0879016392751333 -6.250759818662304 0.5644780334568344 0.05020214877316516 0.8239200774366782 74.65540155926297
0.82225437316972 -0.08193963350421485 -0.5631905914204054 -30.047543624984897 0.039132444262033314 0.9953791933378533 -0.08768644864609192 -6.366767092005484 0.5677731920488585 0.05006154143931056 0.8216613928251532 75.60842862437624
0.8200759497971015 -0.08374099526212399 -0.566094411098441 -30.71403548815113 0.04049372327056798 0.9952471260152027 -0.0885630652934168 -6.487741428694887 0.5708201949301274 0.049705169459406076 0.8195692168382993 76.57214471263437
0.817794530747215 -0.08445864759768379 -0.5692792305414919 -31.34432536104132 0.03943160535141175 0.9950713637862966 -0.09098422650048035 -6.5948006117852636 0.5741578650330877 0.05195880886289119 0.8170942590681913 77.46193485685133
0.815690018297019 -0.08615343197304592 -0.5720379185070469 -32.01192055416675 0.0381754372280749 0.9947090986723806 -0.09537528511530581 -6.709502702393142 0.5772282304626605 0.05595887041074281 0.8146632278305556 78.39956203830663
0.8134325910830353 -0.08689305934239683 -0.5751321726369151 -32.67546605069719 0.03750448811338141 0.9945563099766843 -0.0972170749247001 -6.828057772859533 0.5804488204271697 0.057509499421227975 0.812263395913559 79.32913187958016
0.8116039601878272 -0.08627255926321889 -0.5778027841102972 -33.32437583149046 0.037667799637925665 0.9947057931496734 -0.09561130657467487 -6.943547682424413 0.58299240876522 0.05583395555263626 0.8105568584186265 80.22963934424469
0.8107247638360433 -0.08585915306188997 -0.579097196624614 -33.97893999573916 0.03776435441585502 0.9947966356127355 -0.09462297453122101 -7.063134360829761 0.5842081913483802 0.054843956905728075 0.8097486829580997 81.1347126451982
0.8072411485976245 -0.08658505800141547 -0.5838362405175611 -34.67681795877373 0.03816585481148431 0.9947684789839393 -0.09475780045193581 -7.184094029264665 0.588986498603573 0.054209786486129105 0.806322642316233 82.09167169608295
0.8061151063804873 -0.0900922394234315 -0.5848605164146806 -35.35835083160449 0.0408870481732139 0.9944605148949968 -0.09683250284103642 -7.305027150488119 0.5903445473254217 0.05414492321953312 0.805333249489113 83.02367672452583
0.8029279376305443 -0.08972433447625765 -0.5892845414357598 -36.07729938946499 0.04049789143710626 0.9945332626405117 -0.0962471313378625 -7.433276269246875 0.5946987874222626 0.05341472928333571 0.8021721878338084 83.99633519897382
0.8009601951032517 -0.09037870309993902 -0.5918567866351911 -36.7787666586605 0.04033117410508176 0.9944400831163853 -0.09727444416074854 -7.560725608597999 0.597357650202512 0.0540426786664954 0.8001520022015088 84.93202785845878
0.7986062054942993 -0.09240809027193411 -0.5947174735942193 -37.50088771589771 0.042132366654861086 0.9943020926892511 -0.09791941663345503 -7.692008479283738 0.6003773748452361 0.05314219910833458 0.7979491928988166 85.89637451868664
0.7958591451074695 -0.0957110464563602 -0.5978692304635156 -38.21219552980291 0.0444679716057532 0.9940000517294787 -0.09993246050740283 -7.8190031630901675 0.6038466863783205 0.052946130623702445 0.7953401075023817 86.84258953668392
0.7934944652268577 -0.09910773199303981 -0.6004533213444149 -38.94020546744765 0.04753473114363256 0.993729532140455 -0.10120309425613123 -7.946396536709572 0.6067182072341705 0.05176170796166417 0.7932299430804701 87.80678389910045
0.7901102269270794 -0.10296823039404503 -0.6042543941377322 -39.63977880060923 0.0521185230907724 0.9935051179899088 -0.10114959257799264 -8.071294377067037 0.610745027696563 0.04842648095181132 0.7903451063216298 88.73255808515161
0.7840881902081944 -0.1041959131678222 -0.6118406015092185 -40.37985283809965 0.05309151574234317 0.9934539335993338 -0.10114629391229021 -8.204209978994935 0.6183744827628476 0.046824069613122354 0.7844874158153504 89.68910137686662
0.7768729917671919 -0.1060366222724041 -0.6206646352095083 -41.12491558792553 0.055956785585533554 0.993444505841809 -0.0996837597588426 -8.330658947715863 0.6271660009994381 0.042711222761512194 0.7777136739447168 90.63190686072107
0.768245927284671 -0.10709304806554529 -0.6311333252701423 -41.888269125045674 0.05729516331511252 0.9934534755933513 -0.09883044112107095 -8.465354455131909 0.6375856487337297 0.03976519693804739 0.7693525002502218 91.56904890838435
0.762074945694428 -0.10634279744590297 -0.6386963179604328 -42.66422434484156 0.05623724349442003 0.9935638330212452 -0.09832742321590976 -8.593226388502071 0.6450419750597507 0.03901434535540709 0.7631505298874561 92.49266351469089
0.7559684311698044 -0.10702254930282483 -0.6458002051837622 -43.46605691422974 0.054580497145240506 0.9934147258990377 -0.10073803501318906 -8.723574738376987 0.6523286751370382 0.040906678032621296 0.7568315157855758 93.4264529542838
0.7474589083341091 -0.1088326512622617 -0.655332460947273 -44.26706200148698 0.05530629179243003 0.9932589655330964 -0.10187169124096271 -8.85775193687463 0.6620018084870711 0.03990089481891826 0.7484393924376891 94.34676493499725
0.7390554506541388 -0.11120748002107701 -0.6644019395258939 -45.05468558400808 0.05635032676293951 0.9930286860579732 -0.10353100665832021 -8.99114225333943 0.6712836073762846 0.039075888388326596 0.7401698409247335 95.23236326358617
0.7308575107026092 -0.1111948168169166 -0.6734114728474992 -45.892063311956306 0.05694036950896174 0.9931339080987187 -0.10219018986551046 -9.13054272780071 0.6801507872301323 0.036342169687823216 0.7321708498244197 96.1492502006127
0.72122679642171 -0.11170212838915328 -0.6836333393249707 -46.73433769435019 0.057221286636625096 0.9931468507296933 -0.10190710103492057 -9.267183007817907 0.6903315380879875 0.03437975274817195 0.7226758610345637 97.04586676846552
0.7132699606068442 -0.10996667912031342 -0.6922089950146278 -47.59259082358451 0.05535127049828824 0.9933683781632444 -0.10077451125930069 -9.403799745791114 0.698700365070848 0.03356478435169245 0.7146266193623689 97.93068462958193
0.7051970885439807 -0.1101245910772903 -0.7004067680634967 -48.48404802635688 0.053440570960078496 0.9933097108126072 -0.10237149886973144 -9.545188726666883 0.7069944636873431 0.0347619453632015 0.7063642371114296 98.83044319642921
0.69709559853271 -0.10949460067231927 -0.7085680340870115 -49.35765702385443 0.05050749831380348 0.9933142483492052 -0.10380653467164191 -9.683351248833675 0.7151969792444626 0.03657507963166993 0.6979652888428858 99.68513691186745
0.689023386623721 -0.10944013228641027 -0.7164283845093739 -50.23158953492747 0.04801119726072382 0.9932540128525933 -0.1055527872195337 -9.818203037184592 0.7231470788319413 0.038331754425714896 0.6896295954927374 100.52018880518075
0.682015301377049 -0.10910211161445484 -0.7231541038595025 -51.11717776917444 0.047678471451624335 0.9933393241701767 -0.10489876270563647 -9.958302820952023 0.7297820853156164 0.037063678964773944 0.6826744404575189 101.35853348476677
0.675321740044354 -0.10709706063011143 -0.7297059455889452 -52.0368848078106 0.04656114359021627 0.9936179362683163 -0.10273975196321872 -10.09683153860681 0.7360520411839353 0.03540644475632477 0.6759983552780879 102.20907906498887
0.6680972018324677 -0.10527593660424206 -0.7365888310826648 -52.99678951516637 0.04622660761786784 0.993900578328858 -0.10012362930749724 -10.239839479960606 0.7426366740552007 0.032842313707487886 0.6688887446941894 103.08267232746412
0.6613471560735115 -0.10459128747244906 -0.7427520459334556 -53.98295541181973 0.045951101808740735 0.9940200347522792 -0.09905890547366619 -10.381346109922628 0.7486711129702022 0.03138205053742524 0.6621984079624665 103.9653110878116
0.65857525441024 -0.10579079144042894 -0.745041571138749 -54.92785248285349 0.04593225569842849 0.9938740402500856 -0.10052173895941878 -10.52226974282489 0.7511117507834251 0.03197968985745504 0.6594000585924141 104.80074210064146
0.6542728645764015 -0.10716001594705675 -0.7486279113559795 -55.894871809176564 0.04606198395262197 0.9937188137965773 -0.10198633605082391 -10.66124610351941 0.7548544974452613 0.03224360539626007 0.6550992578210665 105.64463385897457
0.6514195166741382 -0.10751251139493957 -0.751061697325583 -56.87155532360651 0.04408486123902848 0.9936002956756453 -0.1039950837434461 -10.805196632496262 0.757435897159336 0.03463397648009465 0.6519902985226149 106.48475479820566
0.6499491719478137 -0.10947020292346049 -0.7520520916507365 -57.85110715720524 0.045153403388236764 0.9933855567850027 -0.10557606610122003 -10.950226169589532 0.7586351191757541 0.03466136527672267 0.6505930722889255 107.32551983820473
0.6469528818008625 -0.1097912074569451 -0.7545845608642581 -58.79086965345485 0.04543473191808541 0.9933722589709522 -0.10558049177039908 -11.08866596669995 0.7611751794857022 0.03402125618041815 0.6476533797200593 108.12853452240577
0.6453719021617196 -0.1076500499463664 -0.7562450493369917 -59.74200839919411 0.046033408872176745 0.9937015705178657 -0.10216708872202696 -11.227376945339508 0.7624801854263303 0.0311232308231705 0.6462625715104943 108.93558315365158
0.6438021735926114 -0.10557967835909438 -0.7578731376655458 -60.70838940929748 0.04830664659687178 0.9940675565704743 -0.09744824712929373 -11.365256059059819 0.7636656527381561 0.026127083488157378 0.6450830538282717 109.76052701840094
0.6411680004225839 -0.10625474890490647 -0.7600088970329628 -61.661634649697724 0.05035683117728895 0.9940589014856229 -0.09649398909247414 -11.497404161374956 0.7657465538857406 0.02359721831809377 0.6427094106201967 110.57110765403928
0.6403217007185316 -0.10556920159044438 -0.7608174966866125 -62.61691474868967 0.050631607335580794 0.9941568565308098 -0.0953340702550484 -11.626857028629301 0.7664362725807953 0.022523061255856458 0.6419253475164554 111.37069325472974
0.6400604744382903 -0.10675351845943529 -0.7608720492687071 -63.5553997092222 0.05357634560433446 0.9940911164219983 -0.0944056536577661 -11.755469810674073 0.7664542806022521 0.01966058359754822 0.6419978950114152 112.1640855087916
0.6388015015247321 -0.1067791207860619 -0.7619257582034509 -64.49868590981447 0.055420418678749486 0.9941358630173629 -0.09285721865420973 -11.884247103543458 0.7673729333532817 0.017091086181960653 0.640973225595189 112.96084504530175
0.6375680162936589 -0.10961300153286571 -0.7625562369388404 -65.41369001227265 0.05992423867341953 0.9938833786209068 -0.09276268280134294 -12.011331781827723 0.7680599652493157 0.013446917715502396 0.6402367298001364 113.73830002262798
0.6346742559295471 -0.10994890590769354 -0.7649181831738457 -66.34942557482528 0.06235773902526218 0.9938855840014109 -0.09112057011362235 -12.137377511075455 0.7702597621867139 0.010133311594707026 0.6376497586859038 114.5208272452414
0.6345279360242135 -0.10979042758423949 -0.7650623245303101 -67.27181526845382 0.06345012389077928 0.9939178177588845 -0.09000807363598934 -12.259822156702814 0.7702911009372342 0.008569337914143979 0.637634837712477 115.2868236016879
0.6338046696914651 -0.11099631496137116 -0.765487726055937 -68.18163876485697 0.06699733838242206 0.9938087920702339 -0.0886309283127179 -12.384814150306953 0.7705861388105579 0.004889056033529696 0.6373171108672173 116.05086054340202
0.6331034837738823 -0.11215682561316409 -0.7658987043348173 -69.0858900724563 0.06758932720698768 0.9936780087600998 -0.0896420534920401 -12.50631668333036 0.7711106675964743 0.00498611822376141 0.6366816134803787 116.8003778539098
0.6319238503615582 -0.11247274052415179 -0.7668260102417043 -69.97667276272476 0.0682548068567056 0.9936458760055372 -0.08949387933340885 -12.628760946910603 0.7720191245592153 0.004213755590414731 0.6355853330424227 117.53823470186569
0.6332845397925781 -0.11395220503397668 -0.7654838905082177 -70.88617652416936 0.06932631036803732 0.9934770637666961 -0.09053831487419356 -12.749808756271591 0.7708077285227861 0.00426834129359379 0.6370535510552816 118.28868958453123
0.6347001409885813 -0.11435610011869943 -0.7642502295679844 -71.77224417647984 0.06804730667631423 0.9934187370894706 -0.09213455841138461 -12.868924071513447 0.7697566466638496 0.006472647464770304 0.6383046371064699 119.02276520104532
0.6366928731346714 -0.11633911759883443 -0.7622908860899769 -72.64423594493404 0.06883298083480867 0.9931817377750108 -0.0940853681483188 -12.989307074106913 0.7680391956462329 0.007432729413505694 0.6403597024208765 119.74681059337195
0.6403977040502334 -0.11578838418710358 -0.7592653230159598 -73.49561387580621 0.06784624083745999 0.9932345617899205 -0.0942443254005795 -13.106093115394449 0.7650409585449758 0.00884055164142155 0.6439209395533433 120.46052645000238
0.6458360603059475 -0.11599335870843785 -0.7546133605655472 -74.32678717021305 0.06713130263673786 0.993190914571481 -0.09521131980473777 -13.220998144948362 0.7605190144991691 0.010832725797369942 0.649225292665814 121.1649883984099
0.6507490476763074 -0.11618928968063341 -0.7503504020868442 -75.18016104749951 0.06583205388781846 0.9931350121708686 -0.09669016641458433 -13.340521318472854 0.756433617463747 0.013523925609027064 0.6539306429636335 121.89417131043604
0.6563092389217555 -0.11317755119283571 -0.7459551091131018 -75.99805335267804 0.0632250595717356 0.9934576877087764 -0.09510212707653908 -13.458358297265802 0.7518382636898024 0.015253348429927038 0.6591711163374642 122.60475032125672
0.6633835804075278 -0.11078148147919756 -0.7400335726215153 -76.80833373672783 0.06186397560054063 0.9937141667279112 -0.09330060753901309 -13.57498567798808 0.7457178244943492 0.016112672203189758 0.6660670446928655 123.32167187863628
0.6712064228985498 -0.1090841467653226 -0.7332002364867423 -77.64092791445098 0.06151188272915198 0.9938979689556228 -0.09155935555148431 -13.691525929771512 0.738713900060672 0.016354700558849272 0.6738206717122756 124.07719733311383
0.6772865388178407 -0.10737168769384384 -0.7278421978821545 -78.46893057623618 0.06068050680526302 0.9940750926950719 -0.09018085260819475 -13.810171875967905 0.7332126706692992 0.016912444088900407 0.6797890472822682 124.84043636340837
0.6864749722792735 -0.10721670322450776 -0.7192055971583083 -79.27422752408683 0.060440283772810674 0.9940605905481484 -0.09050146085300971 -13.92191337695601 0.7246372089063832 0.018657997447061675 0.6888779243085328 125.59272314355974
0.69459504527162 -0.10691957370090918 -0.7114112227423265 -80.06702983953997 0.058915172285577994 0.9940264370962526 -0.0918718935708322 -14.029917318362402 0.716984466748532 0.021900847320263775 0.6967450231813483 126.3551469549818
0.7038636114860158 -0.10662942527554534 -0.7022863960602328 -80.85924022647586 0.058603994244909696 0.9940156031446166 -0.0921875944126283 -14.143757674641122 0.7079135457698249 0.023730705224488342 0.705900322528006 127.13638039309413
0.7108679327935854 -0.10479522119782968 -0.6954744738233554 -81.66364117745839 0.057985772200960725 0.9942033729254645 -0.09053896114871487 -14.258408557340994 0.7009311181193436 0.024033619738361572 0.7128239283120614 127.94520186537206
0.7195421791848238 -0.10324761897728957 -0.6867306470148798 -82.41117610381619 0.05875102494294507 0.9943912473054429 -0.08794523495038785 -14.365678741140158 0.6919590807570261 0.022934176633267384 0.7215723484863078 128.7136915123637
0.7307658540668095 -0.10078316370103982 -0.6751474064561129 -83.1747030167488 0.05869850999043166 0.9946552285937531 -0.08494387062061594 -14.472004871166167 0.6800998099212421 0.0224439333789368 0.7327758991667045 129.522325393241
0.7412933721979553 -0.09831286136088671 -0.6639418028912012 -83.93170828846503 0.05692197804404162 0.9948588884669516 -0.08375965886902381 -14.57988266755467 0.6687630557611097 0.02429759925047468 0.7430784628286073 130.34938959095996
0.7508131158587271 -0.09953143449709279 -0.6529725557796905 -84.65624529654681 0.05940512746484186 0.9947504825461125 -0.08332171568782386 -14.685231377672991 0.6578378948383833 0.02376911906713394 0.7527843868554773 131.17575624017775
