1.0 0.0 0.0 0.0 0.0 1.0 0.0 0.0 0.0 0.0 1.0 0.0
0.9999362596164603 0.000486943350065517 0.011280052766605587 0.013190272264182568 -0.0004903179871222518 0.9999998358661636 0.0002964049896962854 -0.0027251180727034807 -0.01127990658272859 -0.00030191690949571377 0.9999363342501687 0.19346395134925842
0.9995703401360442 0.0019243165240557197 0.02924777130361395 0.03674292624731536 -0.0019946268419131067 0.9999951904804951 0.002374969397723682 -0.0015649362954597275 -0.02924306044303122 -0.0024322873584036804 0.9995693709763879 0.4283248814145727
0.9986859005627616 0.0030122913223583586 0.0511605132708317 0.06390488740550777 -0.003182454842970662 0.9999896711336419 0.0032449356238821894 0.0028255790957230336 -0.05115021014930588 -0.0034034874790325946 0.9986851717506683 0.6528443211106358
0.9973759272875645 0.002992591914902325 0.07233466707535181 0.10493503974556269 -0.0033450958646488605 0.9999831114880744 0.0047525858525588735 0.0048216858675804025 -0.07231922290046701 -0.0049820811174141775 0.9973690935991611 0.8976010051331611
0.9944399091827175 0.001989324173210407 0.10528679695955438 0.1523781014659805 -0.0027365420419073337 0.9999720832484437 0.0069529893873449 0.003734008813359736 -0.10527002594433717 -0.007202451881237242 0.9944175915200701 1.118200157754314
0.9901619506955541 0.0005425797063513602 0.1399250406540502 0.2144865152506848 -0.0017743846279827686 0.9999607649518906 0.008678716265800811 0.0039818470898047445 -0.13991484179302538 -0.008841615468484977 0.9901240643888727 1.3404195233529543
0.9844246459254589 -0.0023109189281593093 0.17579185461289912 0.29516806955080144 0.0006943455961456075 0.9999569128718248 0.009256904668575596 0.0011396480663507002 -0.175805672202942 -0.00899066480063952 0.9843838344709417 1.5685624587641167
0.9766427802122802 -0.004427163622621315 0.21482383499389948 0.4014088978040594 0.002108620314471631 0.9999370466015227 0.011020732924515669 -0.0025892139493268397 -0.21485910169131076 -0.010310337340875159 0.9765906324373178 1.8967445348376917
0.9677033013258876 -0.005009420216667349 0.25204211217983274 0.497705230178958 0.0011222959253114819 0.9998782451620339 0.015563910291043547 -0.005529693397367566 -0.25208939100016603 -0.01477838153467647 0.9675911008191327 2.150367151470282
0.956907219105071 -0.009687706439624065 0.29023218699610065 0.6195520876532505 0.0037629192101467403 0.999773126978546 0.02096509028261683 -0.01025794335966057 -0.2903694447830518 -0.01896952596877509 0.9567265767296853 2.4049824303576974
0.9440794248633133 -0.013556235762743696 0.32943932373306706 0.7373299384923264 0.005517877294570565 0.9996640947996005 0.02532292634466479 -0.011195232263437204 -0.32967194691073987 -0.022089047974961803 0.9438371053204266 2.60054078380711
0.9260975035498592 -0.015460641984666219 0.3769673493396223 0.8915374746967762 0.005300403036044303 0.9995945687210744 0.027975058730679854 -0.015765434301596513 -0.3772470273526013 -0.023909553169213997 0.9258039822882997 2.88283223625606
0.9051779027777069 -0.01938695825626297 0.42459052058721486 1.064298658320459 0.005882124476917349 0.9994349158947398 0.03309455396454903 -0.013346888719280038 -0.42499219396900717 -0.027458964657181003 0.9047804376341066 3.1740984166495965
0.8840198979086938 -0.023947144248575594 0.4668354682153454 1.2559468966538758 0.007885703210017476 0.9993087858236289 0.03632858737397022 -0.009107217323905067 -0.4673827508438735 -0.028433868151248452 0.8835976908953369 3.4473436921558314
0.8600382659203923 -0.028233375780113742 0.5094477967806943 1.4598839833277681 0.009017099675883692 0.9991529695579308 0.040150159862743354 -0.0039130324968749495 -0.5101498535392124 -0.02993693230154947 0.8595643704914093 3.706986597269705
0.8346563895565591 -0.03298583641583074 0.5497823623656526 1.6628095888925942 0.011167140205756312 0.9990132923470855 0.042985307879111825 -0.0031061776462865246 -0.5506577942352533 -0.029738465155167423 0.8342011851694893 3.9408739940297473
0.8045401790561926 -0.0366791297594904 0.5927644909441829 1.890104386672176 0.012691446643506838 0.9989249359540181 0.0445858667220463 0.0003093454551228356 -0.5937626019431712 -0.028348082286947074 0.8041407580544142 4.165523923488694
0.7723436335579166 -0.03917943091297323 0.6339954920154326 2.1397808224265313 0.011807860399411582 0.9988090627802932 0.04733952408654555 0.001020857465793387 -0.6350951788002669 -0.02907624978033061 0.7718864460290575 4.394689395999072
0.7425033043800398 -0.0418256649221268 0.6685353070246509 2.388429325790662 0.011667928143198563 0.9987048165594145 0.04952321510031122 0.0066668074391774725 -0.6697407725661977 -0.028970728931949748 0.7420296452484796 4.605828171910588
0.7112985104083236 -0.04327769852202451 0.7015564623760063 2.6773048308182705 0.010939970608714916 0.9986634442114348 0.050513782662108604 0.01294758250207212 -0.7028049132824702 -0.028255371283900134 0.7108212770166833 4.848316550862713
0.679827685724177 -0.046267236392779125 0.7319109649127309 3.0103121797092194 0.012698943677143297 0.9986009755886012 0.051330579414018265 0.01552406834982603 -0.7332619276577741 -0.02560145288980274 0.679464135225353 5.104935566036035
0.6454833210602269 -0.04887401535347942 0.7622090348823531 3.409383950156354 0.01312184932231739 0.9985128661201746 0.052913828654114536 0.028254113594792865 -0.7636616392771229 -0.024153401741834446 0.6451647184098609 5.397274224080857
0.6118801629334729 -0.049966574148666856 0.7893706402421822 3.807608124553489 0.013278215850874932 0.9985108749945695 0.05291239459140863 0.04412594969322387 -0.7908390197709799 -0.02189461087631228 0.6116324638393964 5.667603959030857
0.5773224003087419 -0.051176559858140375 0.8149109189493287 4.225831720534247 0.013384466233288869 0.998492930432923 0.053223340172563985 0.06013966880917253 -0.8164065789576926 -0.01981987882305763 0.5771373062262017 5.925730843474011
0.5454996824766287 -0.053099749996915475 0.8364272311254353 4.65750146317458 0.015954037496398447 0.9984680215200799 0.05298187132728546 0.07184495439762388 -0.8379591667291795 -0.015557202577667888 0.5455111441047713 6.164852460932276
0.5272322333152939 -0.05125997561766855 0.8481736774110853 5.132983011901759 0.01877967324807734 0.9986378739826838 0.04867977526695383 0.09036345203218535 -0.8495136820711384 -0.009737122111882341 0.5274767221659316 6.432723858679029
0.5006662180340462 -0.04969189014740982 0.864212968065779 5.622930898672167 0.018973029563759018 0.9987410909403831 0.04643551890941297 0.11196500283468344 -0.865432471235427 -0.0068519574423282735 0.5009787304971647 6.697990220081371
0.4780677865420103 -0.04748636958342341 0.8770383322150804 6.173731081711084 0.018585389584677148 0.9988607732707874 0.0439515519051453 0.13675567129807167 -0.8781262863420095 -0.004711722049466318 0.478405711619876 6.98410888419446
0.46261958224807403 -0.048827155359022156 0.8852112917378334 6.756781086689573 0.019892989620457737 0.9988025313171903 0.04469644726746836 0.15547360333274393 -0.8863336793130328 -0.0030679527243965762 0.46303692788103096 7.283436549806212
0.4514416266668879 -0.049953224956606083 0.8909013037529967 7.337299904934914 0.021005317258535917 0.9987500038809358 0.045356437191421226 0.18103511012403145 -0.8920533808910893 -0.0017621192541347579 0.4519266097238708 7.569017308197569
0.44498126519783976 -0.050718776808303154 0.8941024993265588 7.930403009169927 0.02137037472912806 0.9987120357059012 0.04601713615721259 0.20735417536664533 -0.8952848600902766 -0.0013694580111591852 0.44549202448291847 7.866542645842531
0.4411350329219673 -0.0508782785779997 0.8959973680195018 8.50677797653512 0.018698708428917438 0.9986960235004194 0.04750379929584761 0.2314079217079919 -0.8972459200420059 -0.004201596528618165 0.44151116130239054 8.149734615094095
0.4339008436810716 -0.05197834853673404 0.8994600097482089 9.132577542525622 0.015881784307870035 0.9986205678534359 0.05004728151737729 0.25797508308305234 -0.9008206407382396 -0.007430527805958379 0.4341278158290164 8.46095867807729
0.42757865219284064 -0.05182101716798837 0.902491594624919 9.835277154091113 0.014647595051657403 0.9986216374268981 0.0504011232218448 0.2857393241521687 -0.903859471460114 -0.008331112920611321 0.4277483470562423 8.791848008302063
0.42022522882304614 -0.051670777653344976 0.9059475083012907 10.520726599555783 0.015642539145209907 0.9986415996813727 0.049701774162695736 0.31245749688082497 -0.907284998239092 -0.006714620058321862 0.4204626569004235 9.1017354094774
0.4101729527286185 -0.051032051533317566 0.9105788700415729 11.208855674823349 0.015524428386823403 0.9986792759032189 0.048976484200941216 0.34382058822651546 -0.9118756170515523 -0.005952612680451622 0.4104234708555636 9.406606748023668
0.3999133185979509 -0.05179241254986279 0.9150884567134691 11.882159351459192 0.01524283778575294 0.9986399016336527 0.04985983114056505 0.37051156686987974 -0.9164262073425286 -0.005991065630858418 0.40015886048967564 9.694454083860252
0.392370167492384 -0.05246119105602572 0.9183101192380391 12.580161666404647 0.01238546785906542 0.9985830047068398 0.05175502774196589 0.3951302544514428 -0.9197240085198987 -0.008933428437210872 0.3924639372075435 9.991976825203738
0.38159093986644543 -0.05745718083310691 0.92254378052348 13.33602068589015 0.013312508615149304 0.9983042518313403 0.056669197010718195 0.4199487651600834 -0.9242354308974605 -0.009343080122725483 0.38170875694383266 10.302100337359201
0.3725909848896069 -0.06029336369465525 0.9260349174158483 14.100390994715992 0.012546973233963227 0.9981232025068156 0.05993868600665969 0.44625552155170745 -0.9279108423990202 -0.010713678729678239 0.3726482062836453 10.603472597346599
0.36245831592110334 -0.06123191862948106 0.929986355470117 14.86145518539578 0.014326593868161163 0.9980876114150135 0.06013209332802395 0.47959535621736044 -0.9318898636254044 -0.008471840462734446 0.3626423996051752 10.890347381704721
0.34896422903137664 -0.059348386314759 0.9352549042364714 15.598999177533905 0.012881050973571409 0.9982021551886586 0.058536620183723825 0.5077318737951007 -0.9370475150078322 -0.00838012043776307 0.3491013150921884 11.164807155992039
0.33567114017793453 -0.060104814493489915 0.9400597305099015 16.36165774865303 0.014119438556305909 0.998171185847335 0.05877861174764088 0.5363798928472535 -0.9418734135256713 -0.0064571680192147055 0.3359059062813149 11.42959776075423
0.3148560249785672 -0.058151205463677996 0.9473563853364886 17.16518658345883 0.013288512356840958 0.9982936424765481 0.05686140017840332 0.5670122980763915 -0.9490464156057059 -0.005314197402011549 0.31509151104391003 11.69589766561007
0.29445975539891556 -0.05672918868338124 0.9539786431580823 17.995435981293838 0.00995605250820951 0.9983645066574696 0.05629554924717215 0.6054514918164199 -0.9556120182735586 -0.007078912198377592 0.2945429672105975 11.957713204242314
0.27026590851582233 -0.05723195975714315 0.9610831605415183 18.765851892070362 0.009164654976527926 0.9983393364436876 0.05687335411542825 0.6319806723404888 -0.9627420982762093 -0.006562933150234294 0.2703415989358412 12.173478776828354
0.2382163535625043 -0.05667497489750144 0.9695570721292027 19.57597205957343 0.0066554308973341275 0.9983677215194695 0.0567238738768259 0.6638908052651653 -0.971189309112778 -0.007059734300299353 0.23820471451391217 12.384449322824151
0.20454984415419908 -0.05698955489194969 0.9771957592466879 20.44538331556161 0.008356058302209781 0.9983690310985573 0.056475251508763154 0.6949718790679996 -0.9788204827986301 -0.0033864991577492176 0.2046924377628827 12.566395874481248
0.16934336234867864 -0.05678658553142905 0.983919767731153 21.269418409228347 0.007404437433558335 0.9983837896263361 0.056346986766361754 0.7237943592064875 -0.985529299379139 -0.0022566158374256254 0.1694901405693724 12.709144802888822
0.13539364245073665 -0.054881160762555815 0.9892707515019723 22.127598174320415 0.005870534082023683 0.9984916377988202 0.0545892487164073 0.7542601598603755 -0.990774494228386 -0.0015834895593220787 0.13551160152290148 12.835836149643788
0.106159172067115 -0.05255602124792469 0.9929592614083482 22.95658525372535 0.004868869244092248 0.9986177168619822 0.052334975701209166 0.7897138888538646 -0.9943372286595271 -0.000721248882085284 0.10626831842906659 12.925460498554619
0.07575913304743925 -0.05043282874761566 0.9958499302326703 23.79023451151899 0.005287828924004957 0.9987263813480427 0.05017623007674603 0.8144955085437862 -0.997112126405637 0.0014645763748495078 0.07592932497310495 12.983885516671432
0.0484527687315065 -0.04840368515914965 0.9976519495622036 24.6508581632821 0.006475990354870183 0.998819324496523 0.04814580522988032 0.8448160449396998 -0.9988044807424401 0.004127986836686717 0.04870902353262041 13.02575283845867
0.016929093565989706 -0.044124120981191804 0.99888260958867 25.535207494682137 0.008503607607333374 0.998995999750075 0.0439850104127434 0.8715158705471394 -0.9998205311198078 0.007749479400952861 0.017287310962661007 13.040175506863841
-0.015005498970488751 -0.0405665847677745 0.9990641556981843 26.351610681945125 0.01135290219338917 0.9991053318083011 0.04073877224478012 0.8999733717521478 -0.9998229576342175 0.01195358324954044 -0.014531525558670988 13.02370893056795
-0.044084097870154715 -0.03815309033304087 0.998299020340606 27.155921409244755 0.014590308749693259 0.9991393259623078 0.03882950175027236 0.9177142654699921 -0.9989212757798102 0.016277254486694096 -0.04348949046392875 12.984176429256085
-0.07127846496626516 -0.03276916359305459 0.9969180319110819 28.009268260124706 0.019337970554357466 0.9992269548870767 0.03422770109047971 0.9358893979571592 -0.9972689824349757 0.02171806953925805 -0.07058967437661295 12.916676822534562
-0.09534153259534922 -0.021512930290989756 0.9952121311522812 28.834984315710955 0.020774204159965507 0.9995057104506089 0.023595915285157146 0.9551320463853876 -0.9952278254771068 0.022924410721308765 -0.0948474922662203 12.83822905806714
-0.12132950662105851 -0.010494310166586343 0.9925568095969207 29.63822518948793 0.023163925222819057 0.9996418619173506 0.013400763809738862 0.9708767003752186 -0.9923419689760996 0.024617419778283876 -0.12104296448822455 12.740950899601943
-0.14551277626768688 -0.0007093015342346225 0.9893561183083692 30.474731739800276 0.02390179931035901 0.9997053530130219 0.00423215628693677 0.9762633081434938 -0.9890676093840085 0.02426322419719336 -0.14545294778367102 12.626638517731426
-0.16870826037860576 0.006152489214484481 0.9856468281065436 31.3364256028388 0.024565825362351044 0.9996961425693724 -0.0020353761774152147 0.9710935153808429 -0.9853598546238278 0.023869843074112815 -0.1688081380956682 12.488165643975432
-0.19444210018867175 0.009091715921704257 0.9808718623631826 32.12622793635637 0.025009427792138557 0.9996779316202034 -0.004308312089701602 0.9698592193111798 -0.9805951245013046 0.02369332676412265 -0.19460685514935022 12.331760125299082
-0.21760343254104036 0.0087396271344954 0.97599813783834 32.89606082000045 0.02550603973033337 0.99966933651633 -0.003264899121785257 0.9600282837753434 -0.9757039448949829 0.02418339402463538 -0.21775439230889854 12.160256646129252
-0.23854458306509013 0.005206940928163036 0.9711175879657794 33.67327424391863 0.02763983430005416 0.999616924415385 0.0014296790523379965 0.9546105259654688 -0.9707381322736675 0.02718257141069927 -0.23859712144394024 11.96556279158085
-0.254921476832306 0.003706216265254315 0.9669546548885483 34.46195415178962 0.03196706294606725 0.9994783525241242 0.0045967077637374485 0.940125096227989 -0.9664332090404585 0.03208249985051343 -0.254906974536013 11.745064385703927
-0.26909387454671174 0.004790520476238427 0.9631020390358466 35.18094024411007 0.035723606864077995 0.9993491477088821 0.0050104776370926436 0.9299417180146263 -0.9624511990714436 0.03575376745320339 -0.2690898688521046 11.534909711292869
-0.28213973391536135 0.006529473623499756 0.9593511017976524 35.933905166573844 0.03946997952220843 0.9992091933511822 0.004807144578303044 0.9246575161289088 -0.9585610524440715 0.03922185483477652 -0.2821743341280956 11.306213235883947
-0.288978779947993 0.007648361635925489 0.9573049500049896 36.68785680038625 0.040064150238643764 0.9991886524046272 0.004111054789272969 0.9194999247690789 -0.9564968001020312 0.039541616938500716 -0.2890507428194297 11.082355263017973
-0.2948316348995899 0.010030526235551736 0.9554965701696021 37.47329964621047 0.03716136378617022 0.9993088011629698 0.0009761965890955487 0.913001250337098 -0.9548263402860162 0.03579536927685694 -0.29500059565083353 10.847832393184435
-0.30308716423014276 0.009121564052628863 0.9529191822752675 38.27762084789878 0.036776904868626996 0.9993212274251058 0.002131592330667696 0.9022965563689305 -0.95225292341227 0.03569147638882413 -0.30321689986867756 10.591060323233933
-0.3088097851840873 0.010522511554645767 0.9510656093693749 39.00529530499126 0.03780399414771879 0.9992844301249274 0.0012189078630012139 0.8897235553040808 -0.95037222949802 0.03633048940602905 -0.308986603169913 10.348582943599526
-0.31519939396128877 0.01197665985292921 0.9489498941805115 39.71580997937451 0.039246660460696484 0.9992294627397065 0.0004247771188229492 0.8845996639131708 -0.9482136055178281 0.03737700378153799 -0.3154265649865207 10.111486610393193
-0.3200074775273794 0.014636184851358373 0.9473019563051484 40.491667060691306 0.040864037545463 0.9991633815662175 -0.0016332093082951152 0.8797408627527682 -0.9465333299794823 0.03818794351832237 -0.3203378469800198 9.845822734424713
-0.32205006890660315 0.01466260947153678 0.9466090856318345 41.27490469039303 0.0388254831746302 0.9992434307633002 -0.0022689056054490363 0.8700995887048569 -0.9459261783952853 0.03602185392057343 -0.32237569862912474 9.588086074175118
-0.32209202635290596 0.015441433379236306 0.9465824257269273 42.04930408780053 0.041791875159705956 0.9991241768315562 -0.0020780859705279327 0.8544849859386636 -0.9457854755337041 0.03889011964316849 -0.3224552571499269 9.326685839068626
-0.3206822849173466 0.014601586202614389 0.9470742662645615 42.87548933952162 0.04165448322660798 0.9991312298395075 -0.0012998409585356398 0.8458457409963884 -0.9462704561420663 0.03903305316985688 -0.32101190724477047 9.050680981409227
-0.3147554442316223 0.014492457468345666 0.9490621576077526 43.7217376901345 0.03893231246758683 0.9992390942652047 -0.0023468144323247134 0.8384849324578991 -0.948374021877698 0.036210511851971605 -0.31508016989162924 8.77883180308877
-0.30945523303821726 0.014297928879799542 0.9508065144786351 44.54351485826951 0.037926549593731596 0.999276927736044 -0.0026830077016559567 0.8317041319229013 -0.9501573741129292 0.035230539651857753 -0.3097737456510186 8.516359297755212
-0.3054868551605013 0.014559564935328543 0.9520849754055785 45.40013887546767 0.036632661759016305 0.9993225713868157 -0.0035279468947556156 0.8261676494032352 -0.9514913711729585 0.03379966546782176 -0.30581326524149827 8.242858756557194
-0.30248436547692953 0.013749309084572241 0.9530551742379434 46.27816403498732 0.03450194918164104 0.9993986150633021 -0.0034675224904111863 0.8187582621843671 -0.9525296972507928 0.03183338984856855 -0.3027768338992635 7.975714806282029
-0.30059474508960643 0.013115145794004841 0.9536617808087503 47.1512429239682 0.03158531478764766 0.9994938748066666 -0.0037897379488893573 0.8063583750178256 -0.9532288115212842 0.02898253223509021 -0.3008568525245225 7.715447491983802
-0.299579691448475 0.010700417414611226 0.9540112732765739 48.08026452304214 0.02862183592278872 0.9995878377745511 -0.002223753944785337 0.7931490024059266 -0.9536418609625134 0.02663936261157672 -0.29976248160769453 7.43225175348388
-0.301368262077072 0.009312691454894755 0.9534623455546168 49.01888022061889 0.029058809305393608 0.9995775363676566 -0.000578265440277656 0.7786553744832414 -0.9530649275964352 0.0275322096285892 -0.30151156067150964 7.139618570216236
-0.30361507640442353 0.009180102536832635 0.952750550300208 49.93404508758037 0.02973440567593813 0.999557822696512 -0.00015558054798327225 0.7701176394364391 -0.9523306938763629 0.0282822347706367 -0.3037537896016177 6.854106093482871
-0.3028557484952208 0.008140658996976404 0.953001639701892 50.898309838614196 0.028814507252564618 0.9995845845749476 0.0006184269735588412 0.7633584289198484 -0.9526007137175533 0.027647566822862936 -0.302964506623439 6.554537037156554
-0.30326701860641775 0.008921966911843294 0.9528638485806871 51.84927757686965 0.031148714314175825 0.9995146070396785 0.0005548971895183753 0.7490736991150099 -0.9523963844020769 0.02984876581604423 -0.303397722728946 6.249213819084128
-0.30400481095491055 0.008927952015292784 0.9526286614358618 52.844760020339436 0.03151703755578818 0.9995029762413259 0.0006905276521806721 0.7378261217935125 -0.9521490173601904 0.030233957027554596 -0.3041350959400771 5.933664464708979
-0.3020912913215361 0.007291068138181166 0.9532511169849692 53.86314404194854 0.031336518072728886 0.999506276804934 0.002285883333951704 0.7254993272014885 -0.9527638082666473 0.03056211630341233 -0.30217061853246485 5.608970862882269
-0.302332281744494 0.006507438238594362 0.9531803841155877 54.86151045556904 0.029811731341792304 0.9995520669806657 0.00263174259456613 0.7081838622687795 -0.9527362972457663 0.02921161827509964 -0.3023908551331822 5.299036822052482
-0.301246794719954 0.007297783532554907 0.9535182803840028 55.875878766946656 0.029748819344931815 0.9995558766847878 0.0017484657524903698 0.6992111168853506 -0.9530820407596277 0.028892762768849077 -0.3013301044387143 4.9802934992581145
-0.30072894542136963 0.006914050956199654 0.9536845900428118 56.79277913959462 0.030152184942781345 0.9995427611764435 0.0022614868886803394 0.6847925032962124 -0.9532328923872314 0.02943576870316856 -0.30079991421529095 4.690223073867535
-0.3007023488358568 0.005141205915808855 0.9537041812880607 57.79914756549931 0.03147503057125442 0.9994942456467826 0.00453600810271986 0.668694193370511 -0.9531985206950007 0.031381856552801214 -0.3007120869272836 4.372045043454813
-0.2995265585601267 0.003472640280997386 0.9540816429879605 58.81580738410937 0.03251055023875022 0.9994498070194584 0.006568665917930469 0.6597466126914221 -0.9535339033512656 0.03298520908295834 -0.29947465859643757 4.052287118021599
-0.29908095885244507 0.0021224444770371435 0.9542253797092928 59.81071415122454 0.032895161688251934 0.9994260874126062 0.008087282400981522 0.6521470574902876 -0.9536605729448009 0.03380815032756684 -0.2989791306797563 3.737501344403105
-0.29978417696407483 0.003588227321992706 0.9540002997204234 60.82723739339801 0.03094354789244171 0.9995033386680516 0.0059642967100952855 0.6426263714984574 -0.9535050834084736 0.03130815574420813 -0.2997463182394338 3.428569472354725
-0.29763255854692455 0.0031952261968458545 0.9546751545014476 61.81097151783013 0.02953880773133169 0.9995464350371419 0.005863705513767907 0.6315356299409174 -0.9542234114349863 0.029945195509326082 -0.2975919460188485 3.1217383590073244
-0.29819470838426515 0.0033056221663741777 0.954499339315495 62.757493551509924 0.0284366471396719 0.9995808909684414 0.00542213151732809 0.6194221625362593 -0.9540813765036382 0.02875961183379547 -0.29816373309994054 2.8302141200243303
-0.30225073171928724 0.005897652384735039 0.9532102144183645 63.69139569107469 0.02767168830114501 0.999613711262201 0.002589579729163887 0.6098197583967063 -0.9528267276067144 0.0271596383068378 -0.3022971736641315 2.5396413979856964
-0.3065645754441125 0.0063153401523323195 0.9518289119172268 64.63115122942764 0.02614566928104105 0.9996565439820835 0.0017883097169890776 0.5936177671472574 -0.9514907067652411 0.025434436352272296 -0.3066244027908163 2.2365296123070055
-0.3088476627327853 0.004341374635502913 0.9511016106025528 65.63509825027197 0.025820261710575148 0.99965929708365 0.0038214970129781204 0.5802621102909868 -0.9507609769598736 0.025737952919706063 -0.30885453286265674 1.909856970054519
-0.31141631716834345 0.0005467018569239694 0.9502734230306483 66.59585138264231 0.027414897323759804 0.9995887704441349 0.00840912639402909 0.5611658149936993 -0.9498780452279302 0.028670387494114637 -0.3113032413498193 1.5920367657387033
-0.3162901986120014 -0.0015002542041475612 0.9486612986199573 67.53983592902692 0.02633997902336834 0.9995993292948759 0.010362739902297977 0.5534142702226623 -0.9482967445726201 0.028265351767793385 -0.31612395373083285 1.2820456220535077
-0.32033114812397767 -0.0009832240397612962 0.9473051191733642 68.43504053478443 0.028178340898623058 0.9995470683235517 0.010565950501215064 0.5432739578950547 -0.9468864433741647 0.03007808963815314 -0.3201583543778672 0.9755727492604278
-0.3242355003091347 -0.0002732729062394357 0.945976355762238 69.30137611228356 0.028312475471227724 0.9995491710885858 0.009992912929308097 0.5352019688568403 -0.9455526130639038 0.03002298949205958 -0.3240815885390337 0.6822937092612344
-0.3278100085477877 -5.250634540271762e-05 0.9447436665778625 70.26592447453454 0.02907659578128686 0.9995257064925478 0.01014463593950785 0.5239277218998293 -0.9442961134483564 0.03079544290405961 -0.32765300368327427 0.3464001326183799
-0.3297048885418257 0.0005420215650744058 0.9440838907026461 71.20794577510132 0.029154378376739155 0.9995287451013759 0.009607806072934265 0.5181145507932922 -0.9436337789063556 0.03069191959933726 -0.3295653157997965 0.01724580076020693
-0.3308268172962577 -0.0006338706733355123 0.9436912711080878 72.06576532678393 0.029462289113083052 0.9995053659615558 0.010999860647941723 0.5130228425712404 -0.9432314617726902 0.03144235395174023 -0.3306445038105546 -0.28088106506132426
-0.33247837079346454 -0.007124076103040597 0.9430839731933748 73.01273873565637 0.030357057875294552 0.9993724695073551 0.018251471938634557 0.5144955445532561 -0.9426221841181545 0.03469747441023386 -0.3320534644870786 -0.6142645118053713
-0.33169544237075904 -0.015283446628057324 0.9432627151380647 73.92368738394362 0.0331814746899841 0.9990610841506959 0.02785569731731502 0.5103443235344599 -0.9428028018880005 0.040538455752572145 -0.3308768809653107 -0.938150117951817
-0.33218615131096796 -0.017488855236291356 0.9430516957302664 74.80889448011831 0.03452887746190751 0.9989324373495935 0.030687818951846028 0.5129400832545391 -0.9425816237856686 0.042756584911855966 -0.331227651243443 -1.2529154867745511
-0.3325160298885371 -0.01585623541206234 0.9429642992530115 75.7241624567828 0.03223782634330357 0.9990832266770119 0.02816786689314327 0.5204746041946272 -0.9425464510674394 0.03976538659699029 -0.33170001749919675 -1.565974338103917
-0.3316192417940022 -0.013072819222756712 0.9433227336757768 76.62485039035235 0.030672293961231018 0.9992259823708927 0.024630195656567343 0.5282537088390624 -0.9429145713452132 0.03710171899648425 -0.3309615893005999 -1.8787210393771128
-0.3325475653127806 -0.010134297595145827 0.9430320317024207 77.49796385700436 0.03424078015244329 0.9991532333346052 0.022811955013908407 0.5390103786953514 -0.9424646867544132 0.03987621257413443 -0.33191896886386074 -2.191126122052682
-0.3301087924141468 -0.009468194347700838 0.9438954065290647 78.3850432080913 0.03718118719554081 0.9990432520119693 0.0230247677095603 0.5397745624960598 -0.9432103394734411 0.04269583006738743 -0.3294409227847277 -2.5041565449367953
-0.3284246437445834 -0.010824287918222679 0.9444681509570912 79.21391807882974 0.038051119081990215 0.9989709598131089 0.024680635864665297 0.5501963067087103 -0.9437634055831216 0.04404379912245788 -0.3276748053192508 -2.7896976793232944
-0.32466525828952636 -0.01664508251593579 0.9456825108289953 80.13917243240981 0.03835647584975341 0.9987909355858866 0.03074813411991928 0.5615506291507886 -0.9450509249877398 0.046255899294111114 -0.32363427037369 -3.1001860677091164
-0.32111091132787456 -0.02013807469324895 0.9468274608257995 81.05103659471038 0.037551007295154426 0.9987169224769084 0.03397691288761342 0.5756574567079453 -0.9462968374021447 0.04646468235017149 -0.31994269614541376 -3.40135860352892
-0.31787966169571724 -0.02337639688045278 0.9478428481288996 81.98848043704604 0.03413755698957192 0.9987656302396027 0.036081062274733816 0.5927809558431638 -0.9475163048111628 0.043826475114672955 -0.3166892675731573 -3.704663422913878
-0.3166207612660401 -0.025415647956212154 0.9482116527306966 82.94549729991428 0.03007889521356794 0.9988692370859625 0.036817214262334495 0.6136557491025967 -0.9480751835155504 0.04017825335020595 -0.31549826363972633 -4.002864323725295
-0.3161504261947456 -0.026760731861186347 0.9483315724192329 83.84073517340582 0.029939295669904595 0.9988227833813894 0.038166555687469336 0.6272704493485696 -0.948236545695045 0.04045875218674387 -0.31497705119551317 -4.292721771316075
-0.3136618187063181 -0.02741091115335107 0.9491390337751303 84.78903439270874 0.032413013472512665 0.9986916026136603 0.039553500813323345 0.6450068147070676 -0.948981380240664 0.04317087929034978 -0.31236295417002086 -4.603690976087963
-0.30919974253323446 -0.025733614207666098 0.9506488838247237 85.72158462993926 0.034343938315021964 0.9986795950800098 0.03820419180982863 0.6621361337129941 -0.9503767742944879 0.0444617528966101 -0.3079076800129632 -4.902976781647726
-0.30359940089793336 -0.02524113094937786 0.9524653742172534 86.62446574228903 0.03857385596827751 0.9985038706824264 0.038756649338549075 0.6825895583868848 -0.9520186245080265 0.04850675767982265 -0.30217152918373447 -5.189073124868315
-0.2945335854990583 -0.025568578043163308 0.9552990185433666 87.55749295979714 0.043374806905890524 0.9982541288140065 0.040091400969102485 0.6980002450630438 -0.9546562696274222 0.05324417454181544 -0.2929103356633478 -5.479655461447601
-0.2846599830386495 -0.025858941341413415 0.9582797134496469 88.45537395990284 0.04396393299257153 0.9982321567848919 0.03999667181664157 0.7180363891679201 -0.9576198967504074 0.05351519703116854 -0.28301988805462897 -5.747483892401425
-0.2733698166758013 -0.027216062209299917 0.961523909889119 89.36269593921833 0.04534192357840299 0.9981239160208307 0.041143143213080574 0.7397135704920941 -0.960839764631361 0.05484463715862574 -0.2716229233295483 -6.002013501313535
-0.26186130062175117 -0.030252788840270148 0.9646312393884365 90.31228390320402 0.04645095446976934 0.9979551254252441 0.04390759007657998 0.7615565232909765 -0.9639870165440677 0.05630574042556936 -0.25992055618899434 -6.256397811750644
-0.2515270810861818 -0.033148670991583966 0.9672824267460653 91.14332203228757 0.04590573452006618 0.9978798960943014 0.04613433113202884 0.7872008798278052 -0.9667609792593197 0.056007843935632816 -0.24947210344894932 -6.465994905828477
-0.238616480663366 -0.03268585719340089 0.9705636557667727 92.01656307385772 0.049020256829194836 0.9977538705056448 0.04565334939963476 0.8097351572711622 -0.9698758629722826 0.058470921239005276 -0.2364782480340058 -6.683249179525664
-0.2222341968192591 -0.03279562993747175 0.9744415879985333 92.91190258244832 0.052266938765201075 0.9975962934069074 0.04549508207393855 0.8341339718347301 -0.9735913562045493 0.06104164183411264 -0.21998588383344603 -6.890582786353984
-0.2051867304664612 -0.030045912607252256 0.9782615441568177 93.7621736557325 0.05565384344719977 0.9975531950252906 0.04231161547836858 0.8514890868979486 -0.9771392200449425 0.06312579686967999 -0.20301250803713922 -7.069594905815607
-0.19180173783624815 -0.025103026487734558 0.9811125987490689 94.63031028258379 0.055617782489305975 0.9977883090637218 0.03640264505130504 0.8727842549296843 -0.9798564974698937 0.06154939769741985 -0.18998135700409507 -7.239034377008811
-0.17901465545820816 -0.022290117894552007 0.9835938713592244 95.50947227667372 0.053765173106422794 0.9980277468677797 0.03240250982346183 0.8922833249676977 -0.9823762310296477 0.05868361889207347 -0.17746316119610417 -7.395052189718504
-0.16506403537438435 -0.023238708837112838 0.9860090398355931 96.40691123373159 0.051785795780977695 0.9981391619815094 0.032193860815092464 0.9122006440973037 -0.9849223804855157 0.056375311355544334 -0.1635534429118219 -7.5387962298517515
-0.14936888112579194 -0.028632772441978982 0.9883668861781617 97.31961400801582 0.05012091543847692 0.9980763850326563 0.03648867599343862 0.9265274377315955 -0.9875104207991116 0.05498812583122785 -0.14764645214406935 -7.671512740560495
-0.13578479634272178 -0.029406349445407383 0.9903018507982607 98.20497741028917 0.047380763429046756 0.9982229696230134 0.03613815399122474 0.9391090876833376 -0.9896047455115838 0.051828269595919914 -0.13415020734850314 -7.787312932572757
-0.12883471778939787 -0.027423280335049538 0.9912868299275399 99.08403576669747 0.04454355165048218 0.9984485983500275 0.03341060399373848 0.9546468905182781 -0.9906651742634778 0.048459881846026745 -0.1274133130916158 -7.889862675555778
-0.1253051762641439 -0.02254447975728407 0.9918620666372345 100.04759905478429 0.037089250776234386 0.9989364979583133 0.02739088395139824 0.9711846713222668 -0.9914247325330704 0.04021964046650314 -0.12433575609001529 -7.993307501464822
-0.12181418265099964 -0.02258521161654977 0.9922959302150264 100.97045577458961 0.032036932256245834 0.9991306984691093 0.02667362645458045 0.9837303393832593 -0.9920357553418514 0.03503934349935004 -0.12098472850098452 -8.092608448403835
-0.1180114319776372 -0.022737733576356205 0.9927518810832837 101.89479816124526 0.03163549333202861 0.9991442602794588 0.026644750181835663 1.0021802007925846 -0.9925081850968419 0.03455058063801391 -0.11719112548887567 -8.191155994232716
-0.11396272753751313 -0.023755245053019024 0.9932009791903559 102.83937086184385 0.030752877608740733 0.9991506707445712 0.02742622229646864 1.0157427707636726 -0.9930089411737401 0.03366935525287819 -0.113135393515306 -8.293525104374842
-0.11022718168165407 -0.025922479542414677 0.9935683134404462 103.7590885945204 0.028486647076960022 0.9991667447955557 0.02922887327567516 1.0282091146343015 -0.9934981023418376 0.03152524621673628 -0.10939688978276224 -8.38680626349591
-0.10689922769072735 -0.030079910305640625 0.9938147483888187 104.70930580946819 0.02610564027841046 0.9991127588749601 0.03304830705074642 1.0448181593378836 -0.9939270851852164 0.02947700882502831 -0.10601912698163918 -8.480874630648385
-0.1031236567734824 -0.03401505721481243 0.9940867604471644 105.61509491079585 0.024369903988042764 0.9990286886267921 0.036712219767345664 1.0609174251227167 -0.9943699609266556 0.02801169725856227 -0.10219454791433874 -8.56725380344415
-0.0974825446366368 -0.03490570355925042 0.9946249269700613 106.5154055840539 0.023467859546096703 0.9990262621138917 0.03736023521166057 1.0803637841226046 -0.9949605082914048 0.02698368888383604 -0.09656846004120362 -8.650138158790474
-0.09528835459157586 -0.0353007838973306 0.9948235944806818 107.44859262178554 0.02008327659008081 0.9990994364554768 0.03737616989145298 1.0977143452760252 -0.9952471007145092 0.023540831136185675 -0.09449358596635643 -8.731642225229983
-0.0911283327623632 -0.034334969630313295 0.995247073257911 108.30640980731376 0.020475290453424628 0.9991295700977352 0.036343701478563396 1.1096406068026667 -0.9956286403317253 0.023689913820031022 -0.09034599346069305 -8.81022030819871
-0.08621872215911902 -0.03311667997317746 0.995725673796153 109.23426613768108 0.02136357749660718 0.999156117768284 0.035080619760167533 1.1285666670936905 -0.9960471522502311 0.024296868805777104 -0.08543847295241042 -8.886815122730011
-0.08076366801677715 -0.03368181485360941 0.9961640252873235 110.11920226391167 0.0220764723884019 0.9991232569387045 0.03557171363710159 1.1476535246808706 -0.9964887652629909 0.02486468966954962 -0.07994928337563167 -8.955455667867358
-0.07636113134938005 -0.03778954558366478 0.9963638531498538 111.02164456893222 0.022005789962379944 0.9989742534087234 0.03957507087316036 1.1664631170079545 -0.9968373602685519 0.02494777086362967 -0.07545121537630439 -9.017582620340008
-0.07164649961079 -0.04126107936882106 0.9965762903174252 111.88665232843091 0.02201234523636599 0.9988352513419958 0.0429371323421501 1.18510627560727 -0.9971871618461182 0.025013276592484354 -0.07065479632262611 -9.073210334249623
-0.06855583504779394 -0.0388594475726373 0.9968901849327484 112.71165481014168 0.02306810555877714 0.998912215812673 0.04052465430012985 1.2004192631682236 -0.9973805492322522 0.025774569532106082 -0.06758484725591862 -9.124593068296624
-0.06603955004898754 -0.03768717690284326 0.9971050368574121 113.66698865795048 0.022553314120764167 0.9989748051224957 0.039251582804290266 1.2263460136600948 -0.997562091226154 0.02508017997474725 -0.06512187590155005 -9.178898325026033
-0.06108515354081745 -0.03598360957263125 0.9974837261123708 114.52559328094453 0.022387527817914157 0.9990491529121386 0.03741107675195401 1.2450426143406503 -0.9978814571957417 0.024616456033777784 -0.06022148684016537 -9.226676219151196
-0.05644275013545841 -0.03749290026463636 0.9977016078903013 115.44885912918653 0.02283094266462969 0.9989848681645352 0.0388327340697344 1.2650889517691848 -0.9981447610513171 0.02497029451232704 -0.055529455046642195 -9.274288422195232
-0.050686754561892755 -0.03976661485547976 0.9979225767838499 116.3310380406335 0.025267621350791233 0.9988360494720909 0.04108641607952798 1.2870906201775911 -0.9983949119578163 0.02729766689523104 -0.04962294992059135 -9.317949567362616
-0.04392227185498343 -0.04150419725270066 0.9981724478493215 117.21764960492192 0.028115393830735885 0.9986895729350611 0.042762852343224675 1.3039342376505665 -0.9986392535169244 0.029942253108186975 -0.042697808069802834 -9.359239264910372
-0.037878930239816144 -0.042183766069213445 0.9983915647300436 118.10346342684129 0.03050151389980294 0.9985942487600254 0.043349555859555716 1.3262444131850732 -0.998816722073528 0.03209448899139056 -0.03653901315955643 -9.394467939462634
-0.03249605311337378 -0.04393072688168621 0.998505932765399 118.96974571591424 0.029184059680816846 0.9985658684029804 0.04488314963489203 1.3520587423926262 -0.999045693245609 0.03059898194790605 -0.031167372541688776 -9.418338552943418
-0.027323613858909412 -0.04540999847986077 0.9985946886318534 119.79836509892787 0.028689974597301982 0.9985205143230476 0.04619164246530784 1.3795186579138352 -0.9992148445070738 0.029911778852079435 -0.02598037726071184 -9.436440105061163
-0.023516008678003575 -0.046102271983958845 0.998659890980795 120.67198229545768 0.029366458130203457 0.9984732143021742 0.04678516279731822 1.4029567909859302 -0.999292053642349 0.030427304169144614 -0.022126244332359823 -9.458318379279786
-0.02191506737007487 -0.046166321602783666 0.9986933466143816 121.49318554545074 0.028134557342772426 0.9985091530934684 0.04677518435763413 1.426752224452561 -0.999363885932092 0.029122876544612847 -0.020583526337241476 -9.471061411309256
-0.019518176201354154 -0.04509211026602118 0.9987921417339698 122.37074103994442 0.028000872893665887 0.9985659405991951 0.045629084939738225 1.4535249914244364 -0.9994173262031063 0.02885764832764557 -0.018227567529220112 -9.48473965872658
-0.014974799376016756 -0.04769579042475338 0.9987496517943854 123.25838916544531 0.027234262549626707 0.9984716145253573 0.048090850798303136 1.4794728219053954 -0.9995169084748022 0.027920361080843087 -0.013652952431224996 -9.493622995372691
-0.010752556170078587 -0.048278127954007696 0.998776053425925 124.15184650239705 0.02783378234578611 0.9984323181527861 0.04856116378734615 1.5044711785947023 -0.9995547324164581 0.028321871924548252 -0.009391936677425827 -9.500713803850482
-0.008743470044578927 -0.04956082600184983 0.9987328352755774 125.04941744466761 0.029494451698193855 0.9983236767210442 0.049798733088293495 1.532852641330402 -0.9995267025200488 0.029892491100451193 -0.007267043773570181 -9.506225898934241
