1.0 0.0 0.0 0.0 0.0 1.0 0.0 0.0 0.0 0.0 1.0 0.0
0.9999510642487843 -0.0033788329796513032 0.009297988783568129 0.017124582082033157 0.003377461501169241 0.9999942830432899 0.00016320093423103515 -0.009609204716980457 -0.00929848705606765 -0.00013178934871591465 0.9999567594501454 0.32857775688171387
0.9998387732879707 -0.004818498589483382 0.01729767329294633 0.03138576553377554 0.004792298584696001 0.9999873066206062 0.0015557865988557206 -0.018325267886666594 -0.01730495028254871 -0.001472640149257447 0.9998491736390592 0.6454116433778494
0.9996688300325656 -0.00889664189910316 0.024147050011150157 0.0551770842085247 0.008865146073615934 0.9999597082182757 0.0014110723278626441 -0.028916469774442226 -0.024158630888676546 -0.0011965378974900227 0.9997074216242694 0.9253426758619477
0.9996164363583875 -0.010335501411995102 0.02569353172922986 0.06787203592980903 0.010285157459145561 0.9999449205568616 0.002090786591852016 -0.03617605336689269 -0.02571372587158222 -0.0018257226226163284 0.9996676803011623 1.2625217688918018
0.9997032599845828 -0.013632318695448757 0.020187913789783386 0.07489779721004815 0.013613333786274306 0.999906753673582 0.0010775440513405437 -0.04273434024711361 -0.020200720764900697 -0.000802399492033285 0.9997956226327629 1.5932759040764528
0.9998687206247271 -0.014090647699730672 0.007999697723885812 0.06940459400506399 0.014086730171458844 0.9999006281046753 0.0005458470045762374 -0.04857797742295155 -0.008006594116600402 -0.0004330857628328692 0.9999678529269699 1.920776553484423
0.9998431474064895 -0.01359000696015507 -0.011357477497588184 0.0556214593378095 0.013586347917191823 0.999907621600909 -0.0003992676881590626 -0.056609849333044554 0.011361854362660288 0.0002448984212427596 0.9999354220599475 2.2550812574771433
0.9993804117265012 -0.013467146688192681 -0.03251812752063121 0.031187828769451247 0.013495608210056664 0.9999087150003546 0.0006559156808896661 -0.06496204741358043 0.0325063257906824 -0.0010943611919684829 0.9994709306213821 2.635144408325634
0.9985049437543848 -0.012261361135913649 -0.05326853030774928 -0.005387770994850549 0.012330027815556551 0.9999235208958273 0.0009606109304805381 -0.06976104034817646 0.053252677980741014 -0.0016159772234976826 0.9985797619146367 2.9747844143281603
0.9971079080420102 -0.012457268881176807 -0.07497090216949781 -0.04657754773441278 0.012565818806988217 0.999920570313889 0.0009763507858782912 -0.07894947847970347 0.07495278459000898 -0.0019155978620806246 0.9971852438574463 3.3582375248573006
0.9952112729269 -0.014914576609389272 -0.09660267927848577 -0.09324281859702682 0.015185044505792224 0.9998825678239099 0.0020651840647547166 -0.08518137748303607 0.0965605336696957 -0.00352221044613547 0.9953208816110495 3.7786766838692722
0.9928551497269671 -0.017087828036737793 -0.11809596857483602 -0.14708724823817684 0.017285741259073215 0.9998503780095089 0.0006517233818715232 -0.09254926542517856 0.11806716228387194 -0.002688443272412874 0.9930019725373181 4.147035081780067
0.9907386283823312 -0.01980528048834475 -0.13433064094195077 -0.20908154405131305 0.02011465727126326 0.9997972320789782 0.0009461976926924485 -0.10242528570060032 0.13428466328645625 -0.0036394494078131065 0.9909361147995622 4.580360099550062
0.9885982919072032 -0.019028391709925783 -0.14936980132240266 -0.2830245298224519 0.0194232639573403 0.9998106482603422 0.001185091759308607 -0.11422588731143277 0.14931896750046156 -0.004072828767346295 0.9887806925756734 5.008079775932258
0.98604050282034 -0.02069579103068799 -0.16521443953669904 -0.3593793761803753 0.021441308245216135 0.9997663812985521 0.0027300413792020173 -0.12395379371945994 0.16511934198798492 -0.006234345098935678 0.9862538901533634 5.4394088764251425
0.983668743675104 -0.023007217319671234 -0.17851182220751705 -0.44488685150195273 0.023886009094275216 0.9997108373861574 0.002774920218046606 -0.13975407628090708 0.17839636006990434 -0.006993537293368942 0.9839338540521592 5.909065987587794
0.9818280728819666 -0.02598599886377616 -0.18798500781694133 -0.5269474501225326 0.026648577169342876 0.9996443656675819 0.0009977594435983577 -0.15215044709675082 0.1878922261184141 -0.005989161219197244 0.9821713910067617 6.3479501792529405
0.980001471156954 -0.025811617174598213 -0.19730908987940238 -0.6246820570239803 0.026015412705239882 0.9996603254146781 -0.0015595171035233026 -0.16274364498809046 0.19728232265457069 -0.003604748347960654 0.9803400894370107 6.804416934698073
0.9786464387125186 -0.026758438695512154 -0.20380170252940388 -0.7311468610556559 0.026845889263288614 0.9996368546516825 -0.002336033337674943 -0.1762292143024124 0.20379020149400795 -0.003185087231144762 0.9790094018927306 7.30193528051693
0.9773263660728841 -0.028917022449155158 -0.2097545708475649 -0.8358949483157867 0.028634440232479325 0.9995803339216529 -0.0043846173892181945 -0.1889318697566281 0.20979333404887687 -0.0017210025427993512 0.9777442381005905 7.799874389472916
0.9755511975603333 -0.033098059219575246 -0.21726568853479267 -0.9418565653306038 0.03245768041938252 0.9994518675928908 -0.0065163906325626225 -0.20277686935660413 0.21736227805300828 -0.0006948675991919964 0.9760907525628069 8.2955201683903
0.9742666779725193 -0.03588677729730202 -0.22252321094125288 -1.0560016277038486 0.03550811814093403 0.9993531119406287 -0.005703612948900872 -0.2159108390794445 0.2225839476208492 -0.0023445404230352926 0.9749107084198654 8.818524061226885
0.9727524044962873 -0.03898413828921472 -0.2285453926653066 -1.1757995827533505 0.03820771151020361 0.9992391988750157 -0.007822672993959267 -0.2282248272678102 0.22867647523924461 -0.0011226724654801925 0.9735018280818433 9.358499379425513
0.9708777628505296 -0.03775857130652255 -0.23658119091601734 -1.3120595827605974 0.03588544183339268 0.9992811934123711 -0.012220129163383688 -0.2425181553632906 0.23687254941586836 0.0033744310983989606 0.9715348725331424 9.873366385474073
0.9693580847793503 -0.036388338123383 -0.24294195257618376 -1.462178047922686 0.03361437219193004 0.9993138197625034 -0.015555179645939473 -0.2556011240708065 0.24334127774599354 0.00691219793505656 0.9699161015596421 10.440284339645878
0.9666656857502592 -0.040451733924011496 -0.25282624313057817 -1.6000547284681583 0.03724158102204342 0.9991535418180291 -0.01747182061111323 -0.27105202234409925 0.2533190017269921 0.007473760434301007 0.9673539301977385 10.982015295314483
0.9636355738420771 -0.043000920812263456 -0.2637373724661491 -1.7503980693675063 0.038888183631643876 0.9990271156395019 -0.020797389039230608 -0.28737005710245217 0.2643750933803756 0.009784836550245049 0.9643702955679435 11.51352028237091
0.9610498733110294 -0.04201255885334139 -0.27316311227442347 -1.91491202002339 0.03683437375004356 0.9990317123287791 -0.024059648207530496 -0.3053770990987161 0.2739094191868853 0.01306072968951389 0.9616668068622733 12.064304936781305
0.9586168238727187 -0.04406359324117555 -0.281268883346269 -2.0836240036508493 0.037817807660809596 0.9989034776660625 -0.027598110992896503 -0.3253891572253079 0.28217653767085393 0.01581904097353732 0.959232067609693 12.625095172822656
0.9571982461308015 -0.04589766242841535 -0.28577075110606576 -2.2523601171781142 0.0379195376717386 0.9987227180279776 -0.03339223199443795 -0.3466738153826204 0.2869383666693587 0.02112669113742134 0.9577160522068662 13.170704975207594
0.9555371612408708 -0.045559156365122595 -0.2913298761868351 -2.447713842629518 0.03556815005272045 0.9985862573986511 -0.039501813077150914 -0.3727924379140584 0.2927176800085118 0.02738338558055447 0.9558067325587226 13.770128910579365
0.9545003349221597 -0.047055213423767527 -0.2944739674795192 -2.635559670551459 0.034361326193006546 0.9982495558941579 -0.048136508175963974 -0.4049919371295768 0.29622358092451556 0.035827797124028324 0.9544464149744064 14.353996230395122
0.9534060805533777 -0.047582190598605384 -0.29791404918480163 -2.84195636768128 0.03252276992796205 0.9979395776464194 -0.05530704117107717 -0.441091891468038 0.2999318505928626 0.04304107926997609 0.9529891659904726 14.981507353875232
0.9522499856912723 -0.047904197197397094 -0.301537978771903 -3.047854977885625 0.030040647279098623 0.9975229126578414 -0.06360501736238355 -0.4779859723200246 0.30383799015597857 0.05150948081168379 0.9513302523963412 15.589354183929503
0.9525059102111865 -0.049225948950955375 -0.3005150528054086 -3.259116657105721 0.030007028597613727 0.9972175779432062 -0.06823987452969071 -0.5190583619378223 0.3030380656741023 0.05598132001805491 0.9513327612153042 16.230218132134517
0.9522332398721726 -0.04790841220826937 -0.30159018704564633 -3.4787207093972228 0.02668268186596642 0.9968929039051986 -0.07411189264821245 -0.5677992268969755 0.30420370045577194 0.0625245726346297 0.9505528846128825 16.87945293358489
0.9520808966663197 -0.04652328822526934 -0.3022871976378842 -3.6821649578490248 0.023276752810846055 0.9965185376960477 -0.08005621029447695 -0.6124964062176875 0.30495927430009323 0.06918372410357267 0.9498491739942302 17.487223879548697
0.952420214917414 -0.04523717198898422 -0.3014122301551588 -3.9147208695444053 0.02075120946967661 0.9962537984280604 -0.08395091675025126 -0.6663252817110088 0.3040807812444137 0.07370188184911614 0.9497909828429023 18.18084403773626
0.9511499756065201 -0.04334418260271607 -0.30567140157073713 -4.157992626921892 0.01761543435625154 0.9961018608545933 -0.08643366979630834 -0.7217154965910784 0.308226248681317 0.07682684840938797 0.9482057872568191 18.892821576428453
0.9506595344269992 -0.03965139144375742 -0.3076917560800339 -4.411194989027431 0.013483454880910134 0.9961422606651195 -0.08671097370840446 -0.783113101568447 0.30994297225056683 0.0782838659850104 0.9475267754944582 19.621480883176105
0.9501637481198297 -0.03655733044643015 -0.309600409155911 -4.676130222308554 0.010485546945246636 0.9962863886369587 -0.08546043015329363 -0.8506641691193075 0.3115748787436754 0.0779550730059145 0.9470185328326509 20.388622077848794
0.9494566340943942 -0.036149736692731235 -0.311809712021916 -4.9126749768382885 0.009770112378584637 0.9962685415268184 -0.085752772947212 -0.9131309736242532 0.3137461471926848 0.07837212323953248 0.9462669630821283 21.094846968643072
0.9485479956270155 -0.03492132166551753 -0.3147017656212067 -5.177337280084468 0.008917538097836323 0.9964515886284653 -0.08369413978338837 -0.9796754392654984 0.31650778427432885 0.07658154355287682 0.9454935693492652 21.862727375023038
0.9455798830312313 -0.03515942944597338 -0.32348492905802695 -5.48248548724051 0.008849489174901054 0.9965561377792819 -0.08244726069302952 -1.0587643177272958 0.3252696901772226 0.07509779474441763 0.9426345791856667 22.734393742377762
0.942963077337368 -0.03441846991515954 -0.3311132792672935 -5.747437794930251 0.009797614753990349 0.9970793189441 -0.07574192022323334 -1.1201450947347116 0.3327531239877003 0.06817771382695015 0.9405462018496258 23.48190019120088
0.9410069279466196 -0.03397184850361956 -0.3366777020619464 -5.982960131197177 0.010136374648627412 0.9973312085370019 -0.07230293484434872 -1.1718814857046362 0.33823544383380094 0.06462487127546632 0.9388399280746326 24.12687267925237
0.9386406107008249 -0.034717216285235046 -0.34314504052453765 -6.25979985429817 0.011592421426875376 0.9975344671566404 -0.0692141791830204 -1.23137571274416 0.3447019287857904 0.060989357497203925 0.9367288180489773 24.8817912888355
0.936057972764258 -0.033761465170515044 -0.35022226527450795 -6.549479675501604 0.01100219990534918 0.9977075351611844 -0.06677294272260725 -1.2893344887270244 0.3516737454256579 0.058650130026573294 0.9342835431635064 25.639927971255744
0.9331406161131262 -0.03544360674594983 -0.35776017288241296 -6.845306569216836 0.012371605103283157 0.9977047364789793 -0.06657478647790917 -1.3432698258510891 0.3592986695594404 0.057697569691012446 0.9314373068030757 26.406050303223605
0.9298873277570833 -0.038022058466687256 -0.36587413238263583 -7.178354551280995 0.014821568085963733 0.9977086593950137 -0.06601327205704677 -1.4040632836153464 0.3675457506165238 0.05596207678562641 0.9283201856932638 27.243107582132957
0.9266727735724594 -0.038226346573561325 -0.3739202015767046 -7.500320540457264 0.015068070553881636 0.9977933862795353 -0.0646630616859515 -1.4595664236107757 0.37556693673606123 0.05428724274132828 0.9252039620031008 28.03188618329512
0.923980145847659 -0.03945157344219715 -0.38040013595196576 -7.810713684198179 0.017040563639017577 0.9979241745048896 -0.06210443727785888 -1.5139004613703682 0.38206060941976694 0.05090103428880242 0.9227344013518336 28.78466901539569
0.9208536408147395 -0.0394594017833491 -0.3879065967589869 -8.16603167992926 0.01787690046479094 0.99809246484977 -0.05909186102910433 -1.5721413687549557 0.3894983807771362 0.04748038775127313 0.919802491924749 29.616400340456003
0.9170572038789672 -0.03958118650668209 -0.39678635874789564 -8.538581390537773 0.01955454647917067 0.9983281167011487 -0.05439293259175773 -1.6315577792029181 0.3982759150710528 0.04212245337893787 0.9162979834069563 30.473455391761448
0.9156576340806052 -0.04024827811427434 -0.39993896191637107 -8.89308404057401 0.021501988771501102 0.998454262421668 -0.05125183246356389 -1.688663132453561 0.4013835592407576 0.038329648587470844 0.9151076856908056 31.283882865209133
0.9130615002637108 -0.04107482367844113 -0.40574814305917306 -9.293621569529925 0.02327300928543065 0.9985416390819519 -0.04871305839638481 -1.747808893448081 0.407157296109234 0.03503503788087448 0.9126858618088174 32.1832948797782
0.9115221804223903 -0.04230851838238342 -0.40906882534641903 -9.667299125095594 0.025154812998044503 0.9985674377491454 -0.04722613312711911 -1.797468357795752 0.41048087651076387 0.03275761803603079 0.9112806310240336 33.012141067158524
0.9089365315239256 -0.043339133335209105 -0.414675898965697 -10.055666659331562 0.026923319286012125 0.998608104931801 -0.04535402565529017 -1.8451594330864143 0.4160643177921888 0.030059479141699017 0.9088382205727543 33.870529305247615
0.9070366275560803 -0.0420948181843806 -0.41894221863368764 -10.460295613078667 0.02621334336532384 0.9987053228818509 -0.043595168047270004 -1.8938405057435226 0.42023495440206327 0.028560537976060944 0.9069657539120283 34.74115080775996
0.9048558479005472 -0.046659474353291965 -0.4231533858700133 -10.845709865727095 0.029997806539181125 0.9984930583514268 -0.04595371613756746 -1.9418840940185644 0.42465989464867027 0.028887815374111545 0.9048919648222606 35.57884834685313
0.9040939922691764 -0.04770380003042087 -0.4246626903854872 -11.269382931026431 0.03090494723570874 0.9984464630913885 -0.04636318126115581 -1.9902940613357885 0.42621466114991935 0.028792495601360227 0.9041637323062152 36.46641851139094
0.9023926868736113 -0.04756890335024948 -0.4282810270267403 -11.713886299098384 0.030194521497259194 0.9984254757306782 -0.04727430891637563 -2.0387429286774665 0.4298554751873894 0.029728249965714163 0.9024081679624802 37.390586898994364
0.9012618365594965 -0.04869414537837267 -0.43052988533581893 -12.169305545950985 0.031396534920064396 0.9983920980336193 -0.04719614580705958 -2.093378118668489 0.43213581147182956 0.029018938469522942 0.9013415233160433 38.3325656066953
0.8999300833342975 -0.04854804715886489 -0.4333231268083727 -12.637955699775919 0.03240502763260818 0.9984806822293082 -0.044567268247284325 -2.1514153109104814 0.43482842512197195 0.02606557752968708 0.9001360043759996 39.29422120998574
0.8987603397348509 -0.04833573120371405 -0.43576772345906684 -13.100366669971297 0.033097333390573455 0.9985482156705535 -0.04249738231452631 -2.205682921551771 0.4371892247552868 0.023772212142669558 0.8990553173680224 40.2413110011616
0.8977764700388788 -0.050698232537204214 -0.4375238268507599 -13.562745032529367 0.03494214082893209 0.998420589969035 -0.04399286669648789 -2.2565718724394173 0.4390631579156024 0.0242077413958313 0.8981300176576281 41.18131234585932
0.8960796524187974 -0.051411938195502674 -0.44090596404674465 -14.039848505476911 0.035547058603794104 0.9983912727939771 -0.04417321624515355 -2.3107111338412603 0.4424676972905772 0.023909810116445603 0.8964656478831577 42.14411940325521
0.8950585078640009 -0.0507130090174234 -0.4430558183983903 -14.53267318162106 0.03548997884224915 0.9984621264211672 -0.042589241649720895 -2.367409051831018 0.44453428315715465 0.02239582146116429 0.8954818246503022 43.12397558470807
0.8934393611994507 -0.049948467890141277 -0.4463980940986922 -15.009891088407812 0.03623401107106755 0.9985737253448244 -0.03921238953010929 -2.420236131629558 0.4477200065903009 0.01885909876920941 0.8939749046211498 44.075246336533354
0.8923856029206471 -0.05089242194384994 -0.44839480047012426 -15.467396692130746 0.038824962146401513 0.998594763686174 -0.0360710445216809 -2.474433239616756 0.4496004426313256 0.014780369658561877 0.893107486620996 44.99539563344593
0.8900153915306592 -0.05225614541433911 -0.45292593004260945 -15.96632048251572 0.04074447188539325 0.9985513746519972 -0.03514313861036249 -2.5230801131177514 0.4541062550211214 0.012823706447131301 0.8908552417220488 45.978128984079916
0.8854920429507706 -0.05421016653358679 -0.46148141860238734 -16.48141739597396 0.04093118927000983 0.9984104967017459 -0.03874426177792068 -2.5739671187537305 0.4628482252486378 0.015418752224943483 0.8863034370146673 46.96557390837155
0.8796496100818348 -0.0574802613519932 -0.4721361911967591 -16.992178414865638 0.04317818527615354 0.9982223672609463 -0.04108223236644773 -2.6263621766325795 0.47365832389934226 0.015751985743365966 0.8805678095104356 47.92499578907453
0.8738232714674796 -0.05606080790035046 -0.4830011139318747 -17.55855203323763 0.04174310407588278 0.9983131847411671 -0.04035218004096627 -2.6807588642090154 0.48444855609649806 0.015098708206616315 0.8746894451784073 48.94602208181703
0.8694197442312939 -0.05319184426134496 -0.4912025407557137 -18.090293085507604 0.040503452131468776 0.9985147754912232 -0.03643780305048584 -2.7316760538367797 0.49241118864849687 0.011784346812148771 0.870282914036571 49.87887807723377
0.8646808617795789 -0.04986704776376702 -0.49984025930236037 -18.644596890938367 0.03855521396404579 0.998713385443861 -0.03294038875679166 -2.785008998251577 0.5008397974884896 0.009211475592330327 0.8654909854926859 50.82865920118471
0.861176508570537 -0.051182611278278056 -0.5057226130884368 -19.188302114443957 0.039760961124315194 0.9986520801843636 -0.03336298418778227 -2.834526964880629 0.506748544207806 0.008623401079631936 0.8620507815071506 51.75340532749813
0.8591532809487706 -0.054257419208719085 -0.5088337373796794 -19.720200599063297 0.03962973306154394 0.9984314166811975 -0.03954984755277992 -2.8801620939437687 0.5101814619254936 0.013814436100930121 0.8599558344838296 52.64712592196975
0.8586591286082368 -0.058440701841359494 -0.5092044630853437 -20.265259891707398 0.040334304750018424 0.9981019690367852 -0.04653604264680443 -2.930053041779562 0.5109575762409991 0.01942018983382707 0.8593865320731655 53.55957545557377
0.8561434958064794 -0.059272951052430155 -0.513327411952447 -20.824603547872137 0.040502233831901 0.9980406499175932 -0.04769098622061069 -2.9834883044039207 0.5151484093374327 0.020039420790149687 0.8568666979008511 54.48804860387626
0.8536823363188137 -0.05963624476184661 -0.5173683281453911 -21.380414322578712 0.04193020264227206 0.9980675438740253 -0.045858870152335404 -3.037616472297925 0.5191033873551876 0.01745554857275705 0.8545331924860464 55.39923812202754
0.8509917470546154 -0.059275562411688645 -0.5218232020001713 -21.916544500880793 0.04406595865102782 0.9981653821077718 -0.041521816552408775 -3.0957959006978157 0.5233270848457009 0.012340083566329109 0.8520425368515804 56.281201491966335
0.848892420387102 -0.05947662874680233 -0.5252087101736251 -22.469050746648715 0.045537620405463636 0.99818391873102 -0.03943589119815438 -3.1465647703083177 0.5266004023328654 0.009560074251793982 0.8500591869059264 57.17193462197617
0.8467588312318741 -0.05914949008061017 -0.5286783706130167 -23.049575087833222 0.04432270069655676 0.9981882878268994 -0.040689559449157094 -3.2004665289898067 0.5301273242663445 0.011021790617084068 0.8478464130948478 58.091444171215045
0.8445387073907765 -0.06038887087535888 -0.5320785242735474 -23.642727308377815 0.04544931368326409 0.9981190168633256 -0.04114350570270911 -3.2569836257967384 0.5335623033952427 0.010564679369854288 0.8456947770592979 59.02700586374594
0.8409800492867796 -0.06134850017633101 -0.5375768951766069 -24.229680169094173 0.04571014739381923 0.9980549461125573 -0.04238993943727409 -3.3108686798724323 0.5391318383538866 0.011076374243187966 0.8421485467581024 59.93862199640438
0.8397481462507354 -0.062370174814021614 -0.5393820651098091 -24.817392734615748 0.046937775375024415 0.998000703749478 -0.04232541267832785 -3.3647867832850435 0.5409435239572591 0.010225292622482167 0.8409967581860749 60.84657290629042
0.8365600532172471 -0.06270749083748074 -0.5442747908492771 -25.417364345693002 0.048085452626370324 0.9979983499936171 -0.04107411174614678 -3.417863498572495 0.5457609976966786 0.00818926143709717 0.8379008708613693 61.76459267884262
0.8333553335342752 -0.06436926987841085 -0.5489767619538166 -26.018414143689494 0.04926072616732185 0.9978928871682061 -0.04222755731237667 -3.474198170210117 0.5505381630072934 0.008147566165563384 0.834770236794612 62.671733147813406
0.8294510885868273 -0.06586778556013 -0.5546821851001997 -26.64660583667888 0.050889992872939716 0.997804281947574 -0.04238895554833655 -3.531966737183864 0.5562563260471918 0.006931792877130586 0.830981858995724 63.61423143879341
0.8256043979324335 -0.06725805335122505 -0.5602265009565578 -27.237808837627863 0.05145849600120945 0.9977077740262641 -0.04394565777014624 -3.5864822236404343 0.5618980346147492 0.007453315165821758 0.8271729243568852 64.4875084465821
0.8211385815331291 -0.06873815143279655 -0.566574352098083 -27.85508129020047 0.052277053375984865 0.9976061568206979 -0.04526660539251437 -3.645697250124033 0.5683296047260649 0.007551318496733614 0.822766332551883 65.38131025152224
0.8153304857661791 -0.07000145635187723 -0.5747486364393594 -28.497991069410812 0.0537267324843658 0.9975286209762183 -0.04527790354949923 -3.7051691215313705 0.5764977339043408 0.006037088859755933 0.8170764446251401 66.292838136351
0.8115742654184444 -0.0719004909656735 -0.5798081847554478 -29.15339250600328 0.05408964645321568 0.9973830737555576 -0.04797201613943569 -3.7643342820037673 0.5817400810130574 0.007571234034901345 0.8133395075601026 67.20743597592146
0.8060052910775567 -0.07192979849853784 -0.5875215526624901 -29.81510182495153 0.054518394033987505 0.9973909985511802 -0.04731744626493205 -3.8262534571050533 0.5893922424556827 0.006107380538299425 0.8078239192027075 68.11391250796277
0.8011589445121343 -0.07335787899475245 -0.5939385214124392 -30.4852239900854 0.057282563462289396 0.9973018658711467 -0.04590965315833479 -3.887974115013736 0.5957038303984558 0.002758608221743293 0.8031994375802857 69.02136514842674
0.7970506927342422 -0.07447983746992973 -0.599302049906654 -31.17263674844262 0.058345796865245075 0.99722058555142 -0.04633434730998848 -3.952808554974118 0.601087315787003 0.0019640679560366907 0.7991809439901829 69.93267086484197
0.7920478915660291 -0.07599203681543487 -0.6057106139126586 -31.860357974113168 0.059884694638355135 0.9971081143684006 -0.046789225349044825 -4.017502355489247 0.6075145766266675 0.0007865121323485692 0.7943081395685095 70.83645917656108
0.7892387201252664 -0.07862935660698149 -0.609031745424328 -32.55044955402333 0.062435092700793324 0.996903873558146 -0.04779671624921073 -4.079186445268246 0.6109043311799932 -0.0003019343245762862 0.7917043684237122 71.72791285915727
0.7857982295112005 -0.07675117213508871 -0.6137022079746435 -33.257831102989854 0.060575874371581115 0.9970502685105973 -0.047130940018887804 -4.142435891230556 0.615509306136943 -0.00014013862979333352 0.7881296050904212 72.62820220335642
0.7828516823171815 -0.07554550837447646 -0.617605148665068 -33.984083594336745 0.05996037428157375 0.9971418059370669 -0.045967079182588313 -4.206410036246991 0.619312519661255 -0.0010464306028881189 0.7851438772440508 73.54371728133559
0.7813484371645013 -0.07575296241723964 -0.6194805149684725 -34.703935476399906 0.05957805200400021 0.997126554769453 -0.046787706644051866 -4.271390093088663 0.6212447790203152 -0.00034994087141539815 0.783616489158687 74.4465153920869
0.7786834658734849 -0.07465324784623965 -0.6229598322213603 -35.43272006061257 0.058183872397536626 0.9972095375243301 -0.04677365993098184 -4.335765701837763 0.6247132918132001 0.00017566023988624738 0.7808541939282876 75.34694156267882
0.7772714946250272 -0.07580232232623002 -0.6245822856704524 -36.121876691655565 0.05798262212904332 0.9971213098886187 -0.04885804843672933 -4.396990562496167 0.6264878603567805 0.001761049674354545 0.7794291882715373 76.19847775656464
0.7746260089386318 -0.07813110284158377 -0.6275747581321007 -36.849899611791734 0.058290052805474356 0.996935741623746 -0.05216700889495858 -4.463566270461153 0.6297275728596787 0.003828556107664926 0.7768066208126632 77.08814174106334
0.7709421685927682 -0.0792072538264216 -0.6319607453210657 -37.594867407223234 0.05842509003886065 0.9968482304716582 -0.05366669599924334 -4.534416674850987 0.634219742312892 0.004451555548456745 0.7731400274942232 77.99604183664533
0.7678819413141665 -0.07985617387990779 -0.6355944585164736 -38.321240231505946 0.060106400335306766 0.9968039589727653 -0.05262212476662255 -4.60481169447705 0.6377652740956653 0.002204284347376722 0.7702276262821253 78.87346047432948
0.7653906330552522 -0.07882790002583588 -0.6387200803237654 -39.052811259770884 0.05938588562983195 0.9968866713043653 -0.05186792037149028 -4.672174154134865 0.640820174010807 0.0017682627688101575 0.7676889850893653 79.74584114622249
0.7604863331692001 -0.0787722335457419 -0.6445583544451812 -39.84184295440065 0.06006521324670049 0.9968926389159712 -0.050963090887225865 -4.748496984397855 0.646569955395774 4.119910610290642e-05 0.7628546985384181 80.67294680739313
0.7602458788452934 -0.07870102140039188 -0.644850643893051 -40.629808334608875 0.06115294062337414 0.9968967303186482 -0.049570423975414404 -4.815501657407253 0.6467507414389733 -0.0017488025970136163 0.7626994297477973 81.59586410477291
0.757179255012236 -0.07992317348061419 -0.6482992072491707 -41.41003119582586 0.06284208863262537 0.9967956705321664 -0.04949003035580117 -4.889080213003618 0.6501772432770965 -0.0032676519270746704 0.7597755423646374 82.50643199203029
0.7550336910075327 -0.08099835389015422 -0.6506638088219038 -42.19277675995422 0.06406673509761518 0.9967056521358558 -0.04973224763038864 -4.957985000301053 0.6525485260863545 -0.004136383386925287 0.7577356474622285 83.40933146636597
0.752671901779253 -0.08299737520472301 -0.6531435094840407 -42.999033600950206 0.0659140562047638 0.9965376732063285 -0.05067546817891465 -5.030556432825953 0.6550880440571617 -0.004909336986130022 0.7555365993409711 84.3374509155319
0.7501283706730716 -0.08650219527963669 -0.655610248335981 -43.80641128779357 0.06909068574126899 0.9962336226303792 -0.052393189295489 -5.102280816748457 0.6576730986251181 -0.005994943915945603 0.7532796001434531 85.2582724637697
0.7483254797966064 -0.08951139392206353 -0.6572645484470527 -44.636013994606174 0.07219490144580884 0.9959578558025034 -0.053440112935039176 -5.177280486870984 0.659391289366495 -0.007460551146460999 0.751762906563088 86.20547701337053
0.745012617944675 -0.09212238629233102 -0.6606585086465081 -45.43768289694378 0.07631600880460532 0.9956858422962798 -0.05277850178702802 -5.251199929150336 0.6626704051814575 -0.01109817077515288 0.748828928862987 87.121061189151
0.7392013123854273 -0.0959026938627335 -0.6666214016047887 -46.235653064565504 0.08130411018064262 0.9952776778612613 -0.05302815873505026 -5.32584731893362 0.6685589438751052 -0.015000575354518233 0.7435078488514009 88.01950343861367
0.7314630314349732 -0.09691695575430491 -0.6749584708197075 -47.07267594601511 0.08426953742877051 0.9951079926376099 -0.051562855334901625 -5.39656709090235 0.676653883980208 -0.01916211564689692 0.7360518559302969 88.94333764573209
0.7214907305481248 -0.09454325289809987 -0.6859392823454414 -47.953638070802725 0.08483060942854914 0.9952410957698818 -0.047947147931301115 -5.472956089390977 0.6872080423256951 -0.02359522456369198 0.7260773870192316 89.88175080034729
0.7140377437159644 -0.095762513778087 -0.6935269580224812 -48.79348487430416 0.08521478661371262 0.9951236698819667 -0.049672142927662394 -5.543321590758101 0.6949018209009055 -0.023630966877138004 0.7187162421380621 90.7484421616859
0.7066847929280927 -0.09927477261617643 -0.7005291735296864 -49.65892598213812 0.08762289726137659 0.9947651221670841 -0.052579269635747584 -5.61726799044754 0.7020817839252784 -0.024225425525940127 0.7116841275723284 91.63119693248944
0.6960180838827976 -0.10085522174696045 -0.710905796258893 -50.55104249632577 0.08774024108040303 0.9946127088898058 -0.05520153448986402 -5.692397468767002 0.7126433027842695 -0.023953779686185825 0.7011174933172571 92.51001306560183
0.6875353738832853 -0.10119583497934047 -0.7190650267131655 -51.438912388154684 0.0899835314527342 0.9944826790558843 -0.05391813354638825 -5.764553645950407 0.7205540047258541 -0.02763338634090033 0.6928479791648877 93.3692510373587
0.6789429155631317 -0.10198145926015148 -0.7270737922479427 -52.33482254271053 0.0924739190047246 0.9942976544202022 -0.05311072131304795 -5.844895186665627 0.7283440750843946 -0.031176214998852484 0.6845019736332421 94.21780191880215
0.6679529106053974 -0.10107846450102356 -0.7373072990469398 -53.251203302907236 0.09415564878390423 0.9942501144314708 -0.05100415429246624 -5.922262839402459 0.7382232880476343 -0.035353273782253114 0.6736293662074249 95.06711523074092
0.660185491805071 -0.1013390823772428 -0.7442348465323531 -54.208299526507695 0.09397427742742563 0.9942148342923787 -0.05201632873407534 -5.997853707472181 0.7452006116423214 -0.035598506371989094 0.6658894763787709 95.92421448255806
0.6526660801428228 -0.10220404712004387 -0.7507205342757624 -55.16623673795328 0.09373545617330843 0.9941396885640541 -0.053851126986788435 -6.073596085923469 0.7518248812635719 -0.035222327777267824 0.6584213966290635 96.76547582807423
0.6441438433595011 -0.10128875501091668 -0.7581683831250082 -56.09889438917354 0.09233523704805914 0.9942419925470347 -0.05437889531225286 -6.1511109090946245 0.7593108145294188 -0.03497782675411283 0.6497873795128912 97.56496521262267
0.6388022874853152 -0.10006065551376098 -0.7628364849177607 -57.04013148926785 0.09021910634651992 0.9944083911527136 -0.054885922194191965 -6.226788854298356 0.7640629230328899 -0.03376117330941005 0.6442577378838441 98.35594904424967
0.6316371957256621 -0.09923889308597594 -0.7688862692719203 -58.04802284535957 0.08912194791306682 0.9944930321446728 -0.05514424191042529 -6.3108170195431255 0.7701244908298932 -0.0336934877204058 0.6370031534531306 99.19033187539944
0.6233400066564866 -0.09678297714437586 -0.7759383296606519 -59.07007964936666 0.08713065148078561 0.9947280458988383 -0.05407739153114278 -6.392407941069701 0.7770813893499349 -0.03389941057525723 0.6284865506028152 100.01792096459612
0.6183119649623618 -0.09406176830127619 -0.7802837289912049 -60.07366707979496 0.08709353314502036 0.9948979952783376 -0.05091851800143186 -6.46939077460002 0.7810922035641504 -0.036474137894978866 0.62334950613289 100.81547051248327
0.6119039741302535 -0.09425168395919012 -0.7852962157774981 -61.09825328057455 0.0883523797416719 0.9948056442417191 -0.050552815735639266 -6.550573588252611 0.7859817958690807 -0.038449320613959344 0.6170528877711696 101.62508874039261
0.6072596592760372 -0.09556079010647399 -0.7887355967687637 -62.104198689451636 0.08771281779501137 0.9947355271726621 -0.052987664366202614 -6.6288577125678145 0.7896468627243514 -0.03700495067896492 0.6124446634715964 102.40106068902872
0.6030061358090877 -0.09611693156078364 -0.7919249558158472 -63.13312972523058 0.08805517618259688 0.99466842098951 -0.053675117453868604 -6.70806055705178 0.7928618329343669 -0.03736666634280346 0.6082547542949268 103.1898005706622
0.597839929045923 -0.09755820912102219 -0.795656845047829 -64.20728317407705 0.08940208471868512 0.994488963692137 -0.054762837239250524 -6.790231620934816 0.796614515613618 -0.038393969938500756 0.6032671187675014 104.00662708392734
0.5969540578646113 -0.09961423635200807 -0.7960671182224403 -65.27086698061169 0.09038828882837492 0.9942947290037034 -0.05663875985692336 -6.876432819650803 0.7971673663928126 -0.03814440707965236 0.602552233558958 104.8036945929386
0.5940517573135904 -0.09876747501372027 -0.7983404634064649 -66.27999554637263 0.0916145803122363 0.9942834644611229 -0.05483758723175051 -6.95422049234907 0.7991928918020029 -0.040563261439400845 0.5997043801028561 105.56189034280824
0.5908657853035477 -0.09772082167207309 -0.8008297351930416 -67.2521707053985 0.09310478279986843 0.9942643273409594 -0.05263028402943762 -7.0284499189625835 0.8013795125765393 -0.043463644451021854 0.5965750484504225 106.28966528157294
0.5885900216008781 -0.09499660212771285 -0.802830886336635 -68.27475253969854 0.0956973429400888 0.9942769830599953 -0.047489993802072986 -7.103840298998306 0.8027476596204345 -0.0488766461748647 0.5943124333484975 107.05131851591294
0.5876298172082906 -0.09547660004144537 -0.8034770791828953 -69.30140724640844 0.09811833788822902 0.994093969606845 -0.04636778365801238 -7.177558652622685 0.8031587574681622 -0.0515887433054033 0.5935272629512202 107.81094765923864
0.5868386697271699 -0.09614389764260532 -0.8039755759094512 -70.328268983462 0.1011738150962067 0.9938504624393584 -0.045001304958323565 -7.24513313092494 0.8033580987652543 -0.05493277032119981 0.5929571282083673 108.5700016605831
0.585442679162387 -0.09500621439269373 -0.8051277467842827 -71.3710189481945 0.1036362159555645 0.993732173022138 -0.041903496788591676 -7.315719274437712 0.8040624379720632 -0.05890829761136737 0.591619310295863 109.34066664186257
0.5829314825079274 -0.09520542542935818 -0.8069242924029026 -72.38449170687261 0.10624075270722409 0.9935164799568562 -0.04047105778627962 -7.3855784166747505 0.8055456468539276 -0.06213639048860858 0.5892667306167342 110.08366223184787
0.5820222992749995 -0.09593809624878218 -0.8074936066835467 -73.3847290143541 0.108222735883522 0.9933211430355648 -0.04001182620681696 -7.449949647224909 0.8059391308185306 -0.06410139223666281 0.5885177388395298 110.8179346639524
0.5802010351789553 -0.09668479744995702 -0.8087142936286766 -74.37857640396815 0.1110378729411597 0.9930482902750637 -0.039060004537578234 -7.513017470971081 0.8068688552360734 -0.06713525991484313 0.5869033202548737 111.54322882931127
0.5799863908853925 -0.09642480397852533 -0.8088992789992088 -75.36747725609474 0.11414647060286238 0.9927931222195227 -0.03650205093583078 -7.573306477720525 0.8065893438650468 -0.07116230498877249 0.5868130509046628 112.25953165304199
0.5802275457694519 -0.09644765829880171 -0.8087235895774503 -76.36604666571175 0.11787979452871229 0.9924529878734005 -0.033784921237566906 -7.633929070594231 0.8058786193790148 -0.0757292286362248 0.5872177915883809 112.98912882160297
0.5795350640387755 -0.09674001033195012 -0.8091850715074684 -77.32897837892007 0.12031518532038288 0.9922052066244866 -0.03245125773497411 -7.686491733757223 0.8060169760810838 -0.0785506101073313 0.5866570002317126 113.68698829439727
0.577792335465466 -0.09884309891016575 -0.8101765603096633 -78.28867111913637 0.12344331977907859 0.9918039032907419 -0.03296610712791134 -7.74574406113537 0.8067947470573185 -0.08096332018317907 0.5852582138728457 114.38319028595184
0.5782345448518997 -0.09785036950179943 -0.8099815530790055 -79.25665600330989 0.1208315650814229 0.9921044895839186 -0.033591883356048895 -7.802002801557182 0.8068733134884871 -0.0784473513625148 0.5854925012707815 115.07443731576645
0.5796114281189271 -0.09776769408647681 -0.8090068419901965 -80.22219481686412 0.12121156328472082 0.9920763459627404 -0.033049670305327544 -7.856595395690006 0.8058277417165606 -0.07890501742113624 0.5868693627254351 115.76826814000104
0.5831808462501635 -0.0981046068046213 -0.8063966683280964 -81.16390131689695 0.12149971816977181 0.9920486275350582 -0.03282284403389689 -7.9123985355847575 0.8032047802718864 -0.07883531397488154 0.5904634402051262 116.4546330707871
0.5862659779715251 -0.09849743482693443 -0.8041084867140785 -82.0812908960227 0.12060652099486743 0.9921317288483358 -0.033596126353009584 -7.964296341808129 0.8010906753711505 -0.0772844612126305 0.5935325112312446 117.12666965248432
0.5900912644814885 -0.09804559165435464 -0.801360943358101 -82.9793590706653 0.1191252547263413 0.9923075440725505 -0.033688449995326 -8.013677500120698 0.7984995136310493 -0.07558306644911164 0.5972317195169116 117.78565006709243
0.5959834451522521 -0.09746123488101206 -0.7970602491655955 -83.91647296692932 0.12016888091923177 0.9922543769055555 -0.03147525330140756 -8.06530640377092 0.7939541379469425 -0.07702310826782095 0.6030789895442317 118.49008232911119
0.6004540230612709 -0.096063783278639 -0.7938681979596672 -84.8591491713932 0.11956699780765957 0.9923833200506296 -0.0296492684657314 -8.119767418906525 0.7906697788740872 -0.0771174145539421 0.6073666151079737 119.20572122475413
0.6060242046320472 -0.09459769084306838 -0.7898012030170972 -85.76302267055351 0.11866914039668855 0.9925439136530296 -0.027824711819501757 -8.162156136356382 0.7865445305369593 -0.07686258099677995 0.6127314624898152 119.89552533718786
0.6141570414973314 -0.0920239011372181 -0.7838001849953422 -86.65871041644733 0.11709139815784451 0.9928110748716199 -0.02481479578194906 -8.205277509132115 0.7804490584635786 -0.07653607797467951 0.6205171197570358 120.59379261648799
0.621360295051874 -0.08945821663215371 -0.7784013175798479 -87.57287328868489 0.11464949367943765 0.993148465807924 -0.022618984557572986 -8.24639686267111 0.775091528357843 -0.07518877802146937 0.6273593629870694 121.31610845750409
0.6314163902214133 -0.0906787974629795 -0.770123819817585 -88.44165788703019 0.11651829991193047 0.9929583020617551 -0.02138448391404851 -8.281858051715096 0.7666399597890745 -0.07623100456707048 0.6375358860466616 122.02882679594096
0.6404507939019237 -0.09138453843890185 -0.7625428818923592 -89.31245684851793 0.11413873890285484 0.993194767845602 -0.023162499989998035 -8.318344668818265 0.759470294924075 -0.07220124139119492 0.6465228935385883 122.75154505260683
0.649854484128946 -0.09249451707450568 -0.7544096458613554 -90.15723777601545 0.11328439246973523 0.9932679470194969 -0.024195698924331904 -8.353653205974087 0.7515688896437003 -0.06973915496210073 0.6559578144857394 123.4707303219023
0.6606649482895286 -0.0900259860133467 -0.7452631400679357 -91.04688361268894 0.1114793091304727 0.9935407591717079 -0.02119253406978665 -8.393684412906156 0.7423571847415416 -0.0690802555498405 0.6664335890062728 124.24406810766548
0.6703564822043354 -0.08694356838955646 -0.7369280851496429 -91.87841071143788 0.10981933703024978 0.9938001090573142 -0.01735097841353985 -8.426291555360752 0.7338677673674361 -0.06929761289800132 0.6757484301615312 124.99511323986512
0.6815315302806895 -0.0833900568955787 -0.7270219196449403 -92.7059264292955 0.10743051273197894 0.9941233861020703 -0.013318338451117264 -8.452789884438124 0.7238601095290484 -0.06902747000945743 0.6864850691870055 125.76164685895245
0.6913635679445571 -0.08445477287747416 -0.7175540455304996 -93.5217563862327 0.10890698356442241 0.9939788150339469 -0.01205753683841062 -8.479735259448539 0.7142518364343704 -0.06981050495394842 0.6963984545848765 126.54402305080788
