1.0 0.0 0.0 0.0 0.0 1.0 0.0 0.0 0.0 0.0 1.0 0.0
0.9999145200590349 0.0006893065698766407 0.013056700638472467 0.01259518601000309 -0.0006899630653992267 0.9999997609277388 4.5775907031731103e-05 -0.0033274381421506405 -0.013056665963344063 -5.478063530642091e-05 0.9999147566032835 0.18892911076545715
0.9994998437882412 0.0037673323037333162 0.03139855847956972 0.026786963193793388 -0.0038182017453723656 0.9999914933326312 0.0015603197768778723 -0.005042524207421564 -0.03139241313937729 -0.001679425404038006 0.9995057258103123 0.4100823144765682
0.9984970907514138 0.004849434560535364 0.054589767772050456 0.05425977513316066 -0.005060460068877653 0.9999802463272653 0.003728095915259161 -0.005806727888339657 -0.054570610266466764 -0.003998742265408266 0.9985019071366066 0.6222596272243606
0.9967152273227238 0.0038717106071936847 0.08089354411809135 0.0956189216475206 -0.004408760475949914 0.9999694060228523 0.006461412335537877 -0.009094374672170351 -0.08086605254417426 -0.006796828324908837 0.9967018032845355 0.852189702555162
0.9936472418696232 0.0014272016079779207 0.11253053727971309 0.15540455111558002 -0.0024647928866576557 0.9999557205478472 0.009081945808134725 -0.014736541693668666 -0.11251259272151092 -0.009301614870881257 0.9936067614704911 1.1215430932804267
0.9892071695433072 -0.0005814772171826844 0.14652248158001183 0.22219708658668952 -0.000876030464628413 0.9999507821059777 0.009882607766622406 -0.018559824278098623 -0.14652101656330416 -0.0099043046141443 0.9891579734579136 1.3778662853779817
0.982978579915813 -0.0005510370252895711 0.18371937237234584 0.2955306267975346 -0.0016236539371840522 0.9999303936292051 0.011686387142116878 -0.020116610400158323 -0.18371302396559744 -0.011785764919593806 0.9829092636508602 1.6406291318261252
0.9749019206043099 -0.0010711851482694888 0.22263220289168906 0.38617125278722897 -0.0022692814353861995 0.9998886663707308 0.014748058351137997 -0.02229887867965 -0.22262321434162047 -0.014883125536650109 0.9747909504147366 1.9289392663060663
0.964809188745067 -0.004958822178868006 0.2629042399728164 0.5024560715045572 -0.0005707254351794578 0.9997803195093568 0.020952016472081086 -0.024545937428216036 -0.26295038236436075 -0.020364744151770843 0.9645944088631603 2.246635548294611
0.9529970922780797 -0.013027828288297079 0.3026992200181825 0.629734776326883 0.0049830030212757595 0.9996139337563819 0.027334101795774786 -0.02873792021744549 -0.30293846205197417 -0.024540968403517986 0.9526940899782061 2.52641516767901
0.9384360968951742 -0.017644785776278354 0.3450019617032062 0.7632662786831595 0.007344424743722742 0.9994880382145781 0.031140341860002797 -0.028245715026239886 -0.3453747985440384 -0.02668937992691652 0.9380852442767563 2.781735890459707
0.919672612048692 -0.020081894836750443 0.39217216136194777 0.9176379651886959 0.00678143646537476 0.999354782306358 0.03527082648418856 -0.022157931035827888 -0.392627429972744 -0.029778122526065133 0.9192154071009802 3.063898303746554
0.8976964683034979 -0.023255597589386265 0.44000025906377344 1.093140340530628 0.0062180820482665 0.9991753691857266 0.04012377185919035 -0.01676643918674825 -0.4405705235839868 -0.0332830105808934 0.8971008053477626 3.3465610531791485
0.8737612078759397 -0.0289770035722881 0.4854911789879925 1.2956559285764757 0.008188778331048245 0.9989585502288382 0.04488606503296061 -0.012420817812168371 -0.48628622797754034 -0.0352441227535857 0.8730885157248984 3.6327925046879956
0.8466027565300217 -0.03595522946937599 0.5310094105659272 1.509346346438277 0.012540182247049152 0.9987860529806377 0.04763574498808249 -0.009320070323833095 -0.5320775474167084 -0.03366959823287693 0.8460259107674286 3.889345494008555
0.8185332192831498 -0.0419039303143219 0.5729288171790416 1.7349181187058877 0.015179431739371564 0.9985654371021176 0.05134834639135878 -0.000405575274970104 -0.5742586122837281 -0.03333359340469705 0.8179950597458995 4.148037288090899
0.7855297337333449 -0.045397017116782554 0.6171565022404926 1.9841185786238107 0.01602118648723312 0.9984631585436449 0.053053205507207345 0.01011448734149485 -0.618616487821301 -0.031787290981573575 0.7850498131505359 4.4073991628242135
0.7504052299972098 -0.04866734385584085 0.6591839503771706 2.255434879704798 0.016209472058069156 0.9983407167637796 0.055254558790941974 0.022785407477109366 -0.6607792701110058 -0.03077828607314477 0.749948967129075 4.668179036792647
0.7131706941434777 -0.04950151661857073 0.6992404170722482 2.5526361628725223 0.01265049457457755 0.9982499460080029 0.05776686145220231 0.0418195150356987 -0.7008762558411641 -0.03235189557785941 0.7125488255906332 4.941415454701621
0.6751642942547298 -0.05084641541332091 0.7359129145511235 2.859968852150992 0.010697341277235012 0.9981915658353726 0.059153738552400574 0.05574966255526205 -0.7375898200579448 -0.032066180544982274 0.6744872255366632 5.186971401268859
0.6395688811989996 -0.05246676808814905 0.7669412522796283 3.1849975037409846 0.01058627368567009 0.998174707044983 0.05945742195146497 0.0714758462932234 -0.7686608985835771 -0.029908066839012593 0.6389569081922827 5.423370533892802
0.6034579997223375 -0.05573389852067856 0.7954446398881585 3.579892217094806 0.010794621070984126 0.998033932749375 0.06173933297947137 0.09136890007492655 -0.7973217159510013 -0.028670570913445034 0.6028731870272951 5.696853584615257
0.5689299795996565 -0.056470747226164 0.8204448384994893 3.9911577237285827 0.008948922487580231 0.9980056815532645 0.062486609555291756 0.11242212597660467 -0.8223372757567577 -0.028208408234476626 0.5683007043861827 5.964749530328672
0.5346668172864707 -0.05750289112004182 0.8431042711347113 4.42225557081793 0.009415224665834325 0.9980256276170184 0.062098310477410386 0.1347131031044204 -0.8450105017319299 -0.025263889892366297 0.5341525885271536 6.217400918031287
0.5009048282573934 -0.05779451678305483 0.8635705801254722 4.910112407379792 0.011461977450154311 0.9981234745799683 0.060151081165208335 0.16019857115238045 -0.8654264706497968 -0.02023174046454037 0.5006273070622617 6.478736299383026
0.4699124511681869 -0.056158914949324984 0.8809247780082138 5.401116350171485 0.013216433325368735 0.9983098985575783 0.05659215786762048 0.1847904063887301 -0.8826140799507237 -0.014950676027259722 0.46986047201170844 6.721679997781257
0.4441654329255091 -0.05474154984120709 0.894270893474163 5.902853123038521 0.013090865992556714 0.9984216678290531 0.05461503856097775 0.20937041512944307 -0.8958491488089164 -0.012551331819165824 0.4441810066266963 6.960712076916519
0.4227866496846422 -0.05427304718234187 0.9046026117572175 6.448970024463913 0.012971700939588326 0.998465216724199 0.05384186072780414 0.23656553971833721 -0.9061364046451117 -0.01102938536101027 0.42284177754260377 7.2067554947529056
0.4085660610833533 -0.05519201231381865 0.9110585137671373 7.04159699746756 0.013778946349356763 0.9984292797713623 0.054305744933116726 0.2645270547696783 -0.9126247390731502 -0.009634057919198677 0.40868480588305994 7.470571638433527
0.3978375977265914 -0.056798719043779186 0.915695992865602 7.646674937866703 0.014734416783723073 0.9983486328875619 0.05552390632492942 0.2948343240968132 -0.9173375293735552 -0.00859725110263932 0.3980175178007869 7.729829446130548
0.3898608994798116 -0.05806706566033282 0.9190411823973892 8.23871561520168 0.013334635238795706 0.998261297244404 0.057415763749759076 0.3266707513696029 -0.9207772078846439 -0.010129082363100735 0.3899573503995546 7.98335821165161
0.38256832592395335 -0.059127685244754605 0.9220332926946516 8.833636212814264 0.011766732652574347 0.9981810209471746 0.05912861763595459 0.35835363818016447 -0.9238522717417686 -0.01177141701127389 0.3825681818174638 8.230764903706902
0.3736448800243946 -0.06006777054448959 0.9256248519639967 9.470021438078488 0.011177466840754026 0.9981201122508447 0.06026031658882396 0.39341610880911604 -0.9275044840142714 -0.012169817672257742 0.3736138751053612 8.484911354685158
0.366559554760455 -0.06109468922570757 0.9283865206702601 10.140053344545773 0.010848745937102122 0.9980545320613153 0.06139589353907292 0.43001973163841534 -0.9303313374950933 -0.012433421905621009 0.3665092256605659 8.747562298404867
0.3583034476317547 -0.06290700031373582 0.9314834130174977 10.806141038256303 0.01210248401756693 0.9979564681150357 0.06274087685048986 0.46745165646273423 -0.9335267373223989 -0.011207009364296902 0.35833257407791663 8.998504325243323
0.34967084714789076 -0.06372410970480005 0.9347029134956237 11.501612899062128 0.012147653481864286 0.99790861702605 0.0634887909795187 0.5079691868093787 -0.9367938584180413 -0.010845732224569863 0.34971364989481313 9.255156766519002
0.34307115450071096 -0.06765961470073809 0.9368694463414298 12.218129379365951 0.012552106274544592 0.9976435457254498 0.0674522075281856 0.5503346994736571 -0.9392255467019741 -0.011381221854464805 0.34311199368643125 9.514298367945052
0.3352484967412206 -0.07219294530903442 0.9393596883411374 12.92515992016296 0.011874394484719112 0.9973043829542936 0.07240833167376043 0.595230646061054 -0.9420549050816377 -0.013120456842762428 0.3352020426904707 9.766064351173965
0.3236363207108843 -0.07803869885975223 0.9429578428524781 13.680857639452164 0.014235553086262127 0.9968817243228791 0.07761557021224263 0.6430840179410043 -0.9460744584571819 -0.011695691143333832 0.32373805748417944 10.019412028658572
0.3149892322092698 -0.08193246984509525 0.9455521423894598 14.445832119607967 0.01595126092666105 0.9965831577098823 0.0810405271691236 0.6905761430660989 -0.9489611903903469 -0.01044414448781908 0.3152198898845904 10.269779015413375
0.3024610050623769 -0.08390219460231374 0.9494618276463633 15.223586483599096 0.016603554982946876 0.9964308909247857 0.0827635280347952 0.7421483799107481 -0.9530171364558904 -0.009268298212376742 0.3027745634455797 10.516455086248657
0.2891022272805626 -0.08345892774633942 0.9536532438789528 16.012187745639295 0.015710805137819327 0.996471901707678 0.08244343338923682 0.7926842786836855 -0.9571693020481483 -0.008851919933853557 0.28939345315702164 10.757391096532237
0.27441843261134113 -0.08390963115591532 0.9579424291899868 16.774619642345826 0.016181639964254285 0.996447509493189 0.08264693190244984 0.8426284659151771 -0.9614742213763207 -0.007178762017170999 0.27480135917549375 10.975020700010969
0.25491141158524167 -0.0839899708685069 0.9633098447732834 17.56954865281832 0.015097930433662636 0.9964448481158119 0.08288375691338568 0.8958088927706822 -0.9668465362922082 -0.006584030449829782 0.2552732375373413 11.189664923561333
0.23211325002591188 -0.08396039917915782 0.9690583524907493 18.390375071958974 0.01253298068604717 0.9964431010783756 0.08333109088709784 0.9514399368497979 -0.9726080215366991 -0.007197060718589679 0.23233992071850507 11.39275675048146
0.20739316998207918 -0.08502576182031074 0.974555638674191 19.173627503229135 0.010732151988237723 0.9963534887984233 0.08464364283814682 1.006574618482573 -0.9781988008367656 -0.007095434171788678 0.20754941786338027 11.563254936650496
0.17446183671692772 -0.08663916196006641 0.9808449026957391 19.978433209866814 0.007950240845309792 0.9962129579484524 0.08658253915251451 1.0617181981728434 -0.9846318404357326 -0.007307395599837417 0.17448994460910883 11.714663275982751
0.1393922676233304 -0.08807430846510478 0.9863126846569599 20.772384413930265 0.007765737813855901 0.996103349007665 0.0878510751893248 1.1183129271190686 -0.9902067910507544 -0.004586314872261403 0.13953306659304882 11.827544694975217
0.10207233354425799 -0.08867117756665407 0.9908171682978513 21.577079529949536 0.006930565713925391 0.9960586133316232 0.0884262747534301 1.1756673923917376 -0.9947528366301424 -0.002158952715334582 0.10228456843267336 11.915248219458787
0.0693746135832069 -0.08819275355540274 0.9936846588382539 22.41548254782078 0.0034584074139420787 0.9960998225074287 0.08816565668574239 1.2409604813371742 -0.9975846843292754 -0.0026798919726363363 0.06940904674950582 11.983863030366823
0.03817821483163342 -0.08649480706072024 0.9955205031860462 23.23648537117067 -0.000330814058632882 0.9962456721123047 0.08657049936069981 1.3028575731305057 -0.9992708914375162 -0.0036344393007858022 0.038006267596814136 12.02508287022561
0.00413459530053395 -0.08351208625046494 0.9964981869385392 24.07063774838227 0.000755652948076814 0.9965066809649921 0.08350966279873179 1.3639728408134442 -0.9999911670161508 0.00040772813335649555 0.004183257994243794 12.033961404850176
-0.02795681994203697 -0.08003735048198649 0.9963997384315957 24.881937942756757 0.0026690915891502756 0.9967798213949206 0.08014277016674062 1.4184087878950662 -0.9996055682962242 0.004900019156486919 -0.027653166969604237 12.012757287461852
-0.06127864241055514 -0.07624500880556251 0.995204314006204 25.71252166455477 0.0061175496441128255 0.9970307066923688 0.07676161474895901 1.4733109414617966 -0.9981019504893632 0.010792059338026454 -0.060630255521261 11.96208559310972
-0.09300314812805233 -0.07324676774027805 0.9929679377773852 26.53762045543031 0.009432341296571632 0.9971808116299994 0.07444098235918628 1.5285604906764516 -0.9956211354606412 0.016289258194818336 -0.09205006622227929 11.886484989125616
-0.12172570263852844 -0.06904591826860695 0.9901593379288011 27.32835930304499 0.016266355402266893 0.9973048060635534 0.07154389900240059 1.576851159682403 -0.9924304806882364 0.024815015071190286 -0.1202745028172344 11.782786669205173
-0.15102779122264198 -0.061213478417144127 0.9866324119642957 28.14405384562029 0.020525586075213167 0.9976715182854186 0.06504030994957397 1.624735194497556 -0.9883164000433662 0.03007410284848851 -0.14941968325217225 11.659903615936102
-0.177237034281511 -0.04852881706395183 0.9829710003827521 28.987785939146978 0.02339474577055217 0.9982935729570406 0.05350353318237778 1.6693887117702157 -0.9838900952593364 0.032479164198606865 -0.17579927287544223 11.512931191970738
-0.1980073451919327 -0.03387573911633722 0.9796149884262514 29.790249360471673 0.023692777677273225 0.9989452211808367 0.03933315860574353 1.7049184484028581 -0.9799141511050741 0.030998054443644254 -0.1969958808826487 11.355115855226238
-0.22019555720236128 -0.020380630049840483 0.9752428141273913 30.619130981750626 0.021907020319384206 0.9994262227663278 0.02583229969935408 1.733224349795705 -0.9752097205468514 0.027052821771539854 -0.21962273512805908 11.178905250428672
-0.2417703395029554 -0.010570912943179571 0.9702759188685319 31.407631351291684 0.023777816735712075 0.9995758454677872 0.016815010813009672 1.748676032818956 -0.9700421219554898 0.0271364138549378 -0.24141643828700837 10.98640782473562
-0.26561464951193703 -0.005961533730805818 0.9640608477063196 32.21261684613845 0.02703642168365592 0.9995415235203388 0.013629917871503045 1.7607882824170815 -0.9637001036978229 0.02968506146560661 -0.2653316929026549 10.769015657387014
-0.2877579463177455 -0.006671657300441072 0.9576799326078932 32.97368928890963 0.028307444530829992 0.9994795715383125 0.015468505478077857 1.769025261521497 -0.9572847292812768 0.031560656939563426 -0.28741933132344405 10.541908855690405
-0.30790255905621905 -0.011391686706762 0.9513496957484177 33.71597775873779 0.030903934725822035 0.9992809265447131 0.021967627600686008 1.7765630654516589 -0.9509158537668273 0.036164337653485 -0.30732910655678386 10.299208760873844
-0.3264876966742916 -0.014481047941255971 0.9450905158612263 34.46567515223873 0.03624389742418417 0.9989554712605304 0.02782707922432114 1.7814770335081722 -0.9445063069243217 0.043338962714565235 -0.32562182127585465 10.03392371635411
-0.34181414913007424 -0.014760770643479105 0.939651641356782 35.21830643955037 0.037448973326147786 0.9988685008152303 0.029313690930214516 1.7915825357509059 -0.9390211189591539 0.04520882357621435 -0.3408746109928896 9.761098685163807
-0.3534558472579106 -0.01200008204097404 0.935374236372909 35.97379834282176 0.03877526313465913 0.9988703850134835 0.027466942164235352 1.8023734336618242 -0.9346472291768861 0.04597773345898422 -0.35259127189699996 9.476478565550366
-0.36241537736827056 -0.009678375565155665 0.9319664282008414 36.74075528970738 0.039163601412549376 0.9989047459899038 0.02560313971459298 1.8123698373447226 -0.9311934850348843 0.04577813326541183 -0.3616394004299326 9.182269989272605
-0.37052849133028626 -0.008547169292211056 0.9287817736204735 37.49004829054135 0.0337991364974592 0.9991713024848943 0.022678771189511497 1.823087238697236 -0.9282059337692947 0.03979515281702509 -0.3699325483486707 8.897574716607163
-0.38205840250490375 -0.008692018368499227 0.9240973032598262 38.26384984677057 0.03529153918341182 0.9990891193363647 0.023988307271534302 1.831720693920531 -0.9234640677024023 0.0417777505422385 -0.38140363818684764 8.578078419162397
-0.39049698825250695 -0.007475561229754032 0.9205738526321622 39.02655971634034 0.03749379734489068 0.9990082091829415 0.02401693456194437 1.840667180792772 -0.9198403760035662 0.04389435008509236 -0.3898294097476814 8.252174089365136
-0.3973081142646674 -0.005878800356445755 0.9176664437832643 39.77186767699189 0.03984921623483119 0.9989257278239947 0.023652278046146554 1.8514990708554901 -0.9168196672764627 0.04596553053834594 -0.3966470316256062 7.928694112669082
-0.4023834029957879 -0.0026416232299489445 0.9154674318730518 40.532595866639696 0.0418894131225878 0.9988953030870122 0.021294378106711413 1.8620273625778965 -0.9145123695509947 0.0469168977812623 -0.4018282352458672 7.594530518748375
-0.4046508687965539 -0.0014884149045702767 0.9144700427041152 41.316829092454924 0.04042264801865897 0.9989921199652767 0.019512913017846988 1.8735387456778352 -0.9135774099162883 0.04486121786525985 -0.4041828635930672 7.255904196132911
-0.4040676680473623 -0.0012193662086769051 0.9147282835819694 42.1135031384878 0.043223597845940126 0.9988566184381731 0.020424896364745006 1.8808749714821427 -0.913707305556883 0.047790887712065674 -0.40355295913135586 6.905179131358412
-0.4007769314741437 -0.002323718235696815 0.9161727192684417 42.9251701344232 0.04092168971684114 0.998953370548188 0.020434744459707825 1.8930706243051725 -0.9152613105058514 0.045681109924957726 -0.40026237605742543 6.561769383818796
-0.3931927002451208 -0.003423810707866508 0.9194497147719322 43.74302758436263 0.03738033338534514 0.9991067985587405 0.019705728854947313 1.9060444148835092 -0.9186959296469922 0.04211748560801024 -0.39271351677286087 6.22284391900031
-0.387165710445955 -0.003833206742019273 0.9220021795966385 44.56546861913747 0.03501374668197133 0.9992089105632311 0.01885710991460245 1.9186063368301223 -0.9213450766125414 0.039583577113666654 -0.3867252128122974 5.885285048725368
-0.38259409636625236 -0.004373412446686629 0.9239061806748897 45.411688010909685 0.032775827837453614 0.9992951259470839 0.0183029059979924 1.9315890634027877 -0.9233349893377053 0.037284373696937864 -0.38218107350151004 5.543077709276307
-0.3774371656798772 -0.005447964409005468 0.9260191713173866 46.2758853164308 0.029003301167255233 0.9994225695518208 0.017701299156781328 1.946340750061497 -0.9255808957000695 0.03353874109495742 -0.3770612130156361 5.203252295002588
-0.3745314017644332 -0.006821763308242815 0.9271891353104476 47.147036844017926 0.02554967198094897 0.9995172962633416 0.017674522117607207 1.95787743770954 -0.9268621490567166 0.030309041815705547 -0.3741763202424482 4.8649175731023355
-0.37373060370235345 -0.008966875798809094 0.9274939519989785 48.04498824151626 0.022314806502574218 0.9995769224782529 0.018655440484150607 1.9681425011221434 -0.9272688311741247 0.027668957105639994 -0.3733723925863549 4.5124632468978465
-0.37384912984957347 -0.010346614300563911 0.9274318172691901 48.95051253509347 0.021071561467092735 0.9995849347645205 0.019645546292939905 1.9782253749540293 -0.9272501374537808 0.02688690693116035 -0.3734759387532481 4.157212737523494
-0.3751131614593791 -0.011694965442686816 0.9269052507582661 49.873629324851485 0.02062562075776832 0.9995675620979824 0.020958830355079883 1.9885999287060419 -0.9267495345929809 0.02697992929550896 -0.3747097323888223 3.7917539670663807
-0.37392688325858703 -0.01256843262440919 0.9273730212152415 50.81425194115643 0.0207959043636871 0.9995431617671453 0.0219316694812452 2.0016880256820624 -0.9272250084732484 0.02748640147243522 -0.3734946872391637 3.416206839770744
-0.3730059339370568 -0.013596739518190487 0.9277293257853924 51.75873722977926 0.021888196517483582 0.9994853971402966 0.02344883273247512 2.012071252100526 -0.9275707412919815 0.029052875550933926 -0.3725163759101952 3.0381020226948428
-0.373403508239823 -0.014573507193043119 0.9275545444459247 52.73482064482411 0.020842888883753994 0.9994923868766581 0.024094450783954165 2.025151423042277 -0.9274348462383609 0.0283298687553477 -0.37291020972766725 2.654028860182863
-0.37167427865587804 -0.015949894602857895 0.9282261747267152 53.73817406936163 0.019676897146177458 0.9994924453276597 0.02505337206114339 2.0369904868727886 -0.9281546478385655 0.027576304957210116 -0.3711717892035647 2.2604335165232863
-0.3723880901530103 -0.016758658896789486 0.927925782411597 54.724085665421384 0.01996488755495457 0.9994609224866629 0.02606276437807428 2.0463817799257193 -0.9278623354663726 0.028231396956049763 -0.371852759366928 1.873004229522771
-0.3708040548569191 -0.01762486342649065 0.9285438692333631 55.718334751738986 0.018773621783727743 0.9994733531780196 0.02646823402132546 2.058245339967581 -0.928521353565328 0.027246659910595643 -0.3702778895598923 1.4806914786063605
-0.3698325743972194 -0.01924922932216662 0.9288989902487934 56.66906092507938 0.019108467320056007 0.9994162971778185 0.02831839352888356 2.070596264201111 -0.9289018965377365 0.028222900380382658 -0.36924887881037016 1.1103149783205586
-0.3698599184406196 -0.02134181191422837 0.928842380490531 57.639524256433326 0.021374460348393035 0.9992760814378574 0.0314713442835857 2.0864508221621967 -0.9288416297603772 0.03149349346164552 -0.3691360002677443 0.7257961529138087
-0.36806771379209974 -0.022586653132137223 0.9295246103057979 58.594301156394835 0.02415840189281037 0.9991350957947056 0.0338442309602407 2.1048915280692837 -0.9294850884666426 0.034912797819613005 -0.3672037130348282 0.3468794716352048
-0.36724909599847233 -0.023666054090245317 0.9298214986609541 59.56385078021335 0.025370857942769193 0.9990494020953062 0.03544871986770566 2.123942837611187 -0.9297765436144068 0.036608879480377804 -0.36629956168092603 -0.031052012859731914
-0.36699953646418937 -0.024380106849398425 0.9299015811498992 60.53331833988997 0.026183095549728107 0.9989896744176954 0.03652500395977054 2.142525374383437 -0.9298525612926516 0.03775236147367951 -0.36599040077665523 -0.40708580365282654
-0.365805555813599 -0.025169915958660898 0.9303508857772632 61.49088565699181 0.024567919589249972 0.9990247387995488 0.03668771720276397 2.162193028288056 -0.9303669774142677 0.03627735653445249 -0.3648304273767639 -0.7768799950225916
-0.36662119145639044 -0.02501847539548238 0.9300338584503163 62.447012118102705 0.022027829944002313 0.9991247305772804 0.035560476049056995 2.1803889876656926 -0.9301094971470054 0.03352385177396958 -0.3657491964163176 -1.1422549294850335
-0.36877315696983315 -0.024295270852210425 0.9292018610144518 63.390464792707206 0.01844850710741514 0.9992701428688706 0.033448978404946074 2.202819768229499 -0.9293363284000097 0.02947747250095622 -0.36805579377445596 -1.5066698229358835
-0.3726698656523358 -0.02491243282258304 0.9276295283816329 64.32586320870453 0.01554349221511015 0.9993317481620789 0.033082577969111494 2.22359514945465 -0.9278338057456352 0.02674748224008791 -0.3720336021240385 -1.8720991148667392
-0.3762513437938395 -0.027422686982877587 0.9261117224892305 65.2774632268093 0.014432262878499814 0.9992671551799797 0.035452254747995 2.2455287935451853 -0.9264052223954354 0.026704846323279484 -0.3755798385181428 -2.2514814210822456
-0.3780467841024873 -0.03156714150151129 0.925248152987722 66.21483614866516 0.016216463651321747 0.9990393756378197 0.040710591150715285 2.2638310718090606 -0.9256444540623644 0.03039476110481707 -0.37717171574889924 -2.638010136890325
-0.3825421844148797 -0.03403384213364535 0.923310984843522 67.15790426063877 0.014183553000462092 0.998987264699136 0.04269978680534721 2.291061991819252 -0.9238291530187687 0.029430300008004118 -0.3816720496369412 -3.019772633387139
-0.38639668230037466 -0.03321080786533663 0.9217345855224242 68.08595863873857 0.014441141109561968 0.9990111804732464 0.042048956383055794 2.313055068065675 -0.9222196361771511 0.029558476455698864 -0.3855350037530974 -3.406412672629188
-0.39165936453970523 -0.03198959558102518 0.9195540266579865 68.99151751629111 0.013370139964480653 0.9990920564968702 0.040451229921784584 2.338910347788217 -0.9200131420396584 0.02813766904733471 -0.390876054593906 -3.7853802396498404
-0.39710976504580725 -0.03071438147156144 0.9172570311946829 69.90561297885554 0.012636013535628965 0.9991621390919008 0.038927509132040336 2.3646204852437327 -0.9176841317507848 0.0270489662670699 -0.3963889349574376 -4.17322075152093
-0.3994625365827103 -0.030160398248678666 0.9162532576991951 70.81682056470784 0.012666769924851518 0.9991816799255926 0.03841254275287401 2.3932217782251213 -0.9166620068523499 0.026950340972826253 -0.3987536135445931 -4.566057522478714
-0.40208247165401084 -0.030647865215115852 0.9150903749610514 71.69817961789256 0.013809576779584727 0.9991229505006558 0.039530056565007445 2.41742736257822 -0.9154993072513874 0.02853135364156467 -0.40130659137573305 -4.950483236667541
-0.40349638101592417 -0.03660154592624333 0.9142488705723739 72.63090623569116 0.014996105175574917 0.9988008284377701 0.0466049561912372 2.4467307890981633 -0.9148583427704069 0.0325151033803238 -0.40246363899804866 -5.360429455654525
-0.40259869760378714 -0.04329533445196877 0.9143521218340485 73.49896280866221 0.017414533028183663 0.9983377878811572 0.05493992471753195 2.4769300623607564 -0.9152109170716578 0.038041757362797315 -0.4011755251378197 -5.744366968141239
-0.4030566099779789 -0.0463996874068939 0.9139980515086462 74.37540354760078 0.01823040603749168 0.99810867038714 0.058708895354313194 2.5070553512206653 -0.9149934543201758 0.04032556393354025 -0.40144841193442815 -6.128682496233979
-0.40310851987909346 -0.04161094702316333 0.9142056936426954 75.22730379745079 0.017846910354959385 0.9984183360715917 0.0533133565517713 2.5400520367048336 -0.9149781467290181 0.03780681530980555 -0.40172831083265936 -6.502505657083305
-0.40248309081294303 -0.035288741689689165 0.9147469957969901 76.05001989934404 0.019324248301159287 0.9987065279726479 0.047030249971838176 2.569684714903583 -0.9152234344886802 0.03660567844989131 -0.4012805617868473 -6.86521216835879
-0.4039702909682675 -0.03197533779574355 0.9142130942990595 76.92652292180843 0.02414865129311325 0.9986678558805164 0.045599959119884945 2.597578702216355 -0.9144533047978648 0.04049804197562708 -0.40265998303829914 -7.2588203882591955
-0.40071084503575183 -0.032471623049265236 0.9156289709086756 77.80671151360895 0.02647634073030532 0.9985439858903036 0.046999059818661044 2.6261972754281597 -0.915821937961887 0.043075537592138426 -0.3992676746355529 -7.645369173048653
-0.39702844200518117 -0.034548595649079375 0.9171558268787345 78.65186397537336 0.026871461432488253 0.9984253169409472 0.04924237049383237 2.6587890411665467 -0.9174128518826303 0.04419593906736195 -0.3954748767880626 -8.007845680754325
-0.3945577937497656 -0.0390851051821827 0.918039488227067 79.52170421045751 0.0262476614840439 0.9982078319124619 0.05377903471838538 2.697811530266646 -0.918496166381731 0.04531532700444714 -0.3928247872532276 -8.373430791024285
-0.3904264816980848 -0.04447767114552219 0.919559078666687 80.39683440810201 0.02626286009796727 0.9978877105384212 0.059416995345297194 2.737862166960694 -0.9202594332949432 0.047348219880574735 -0.38843367710049426 -8.739186612553464
-0.3886273300930242 -0.047901335856370256 0.9201490424534184 81.28968563593955 0.022567402478605558 0.9978532869597572 0.06147788259998243 2.7817268302178313 -0.921118619207177 0.04465735915595336 -0.38671205001018516 -9.10152902451855
-0.3862943918635089 -0.05006693255779296 0.921015713806803 82.17421006054511 0.017877935543543274 0.997931733686847 0.06174653286998974 2.8289081556475737 -0.9222022675289313 0.040318198930721375 -0.3846003387927266 -9.451165782672664
-0.3843905587516608 -0.05102774634294898 0.9217592242260154 83.05716581726102 0.020329991695891926 0.9977611583991681 0.06371312445324666 2.867057591720847 -0.9229466884821848 0.043230080882524266 -0.3824925755183484 -9.814243616399956
-0.3823003307425103 -0.050034105841784984 0.9226825268567624 83.94163727931065 0.0236927775311304 0.9976739030645851 0.06391741106097203 2.9085602008752023 -0.9237343283688375 0.04629655922949312 -0.3802256161760837 -10.177233805887566
-0.37666002810011784 -0.04860119126537538 0.9250757522707018 84.85500841403662 0.024539253288033185 0.997748823333908 0.06241082104785972 2.9554020821714566 -0.9260264835735985 0.04620832980522685 -0.3746194628912481 -10.543337397983745
-0.36996134549538384 -0.04827709422728035 0.9277919621403368 85.73893588600812 0.02852731016890967 0.9975877372161328 0.06328427237887138 3.0008746890497062 -0.9286090648996339 0.049880143634182285 -0.3676916858691006 -10.893170353583487
-0.36300124135471057 -0.0485480201221857 0.9305230725334839 86.6397039463242 0.03297279459366942 0.9973470516982473 0.06489725175612127 3.0440479613494533 -0.9312050760125952 0.054239729083297904 -0.36043745393250637 -11.244785161559737
-0.35192986388223135 -0.04890854670663143 0.9347477333306992 87.52674924590451 0.03235115855044721 0.9974017772325949 0.06436689610122098 3.092823813698615 -0.9354671418325063 0.052892805109077005 -0.34943322354838446 -11.569563744185874
-0.34124484640431185 -0.050819524566575 0.9385996647801047 88.41489811965818 0.03237292489287388 0.9973096578212426 0.06576807850588601 3.140842586248722 -0.9394168129943055 0.05282823430045072 -0.3386816043488614 -11.885077961712362
-0.3293582488324458 -0.05414550502739403 0.9426512654271214 89.30840611980065 0.03417938865095346 0.9970163977774998 0.0692103457167018 3.190060222485381 -0.9435861981385018 0.05501424222968774 -0.3265249145691971 -12.191339410072164
-0.31749012352290557 -0.05655795460753235 0.9465734093222896 90.17733297390383 0.03483479904805034 0.996850315604551 0.07124594763486089 3.239807807837377 -0.9476215268981031 0.05559357921306829 -0.31451994485181417 -12.472765140289338
-0.304502517410428 -0.057799160185513204 0.9507562642299872 91.03967081102489 0.03668921260912275 0.9967047594635663 0.07234310016025765 3.2907299625597632 -0.9518046640823077 0.05691115483386248 -0.30137850269493593 -12.744271848906298
-0.28800028964501273 -0.0582605086804341 0.9558564464880099 91.88895805539644 0.04004715024705875 0.9965417355243567 0.07280655956157205 3.338330946785407 -0.9567925892906353 0.05924763696891462 -0.28467114112976294 -13.000686102743716
-0.27418432516825614 -0.0556606226990854 0.9600650243149047 92.74729536697025 0.0433187857371637 0.9965954424279457 0.07014988905269395 3.3855476672116 -0.9607010141736534 0.060822851072583124 -0.27083969825916704 -13.244824302454347
-0.261291837735594 -0.04897151025414638 0.9640167875696899 93.62729495830911 0.045422624303023504 0.9969820027369154 0.06295769547970989 3.43197171877046 -0.9641905209729988 0.06023850431507692 -0.25827884517261573 -13.480063547563779
-0.24507228774114675 -0.046356462788059105 0.9683959170396683 94.52684109775926 0.042087925453630284 0.9974058713398591 0.05839635560363621 3.4794558185015463 -0.9685908219224104 0.055069103629494146 -0.24248549134559327 -13.697066254821456
-0.2309225988918967 -0.04909345056180267 0.9717327752180369 95.45495979089944 0.041264519956994164 0.9973334695569767 0.06019293890616986 3.5268932144661513 -0.9720966992607942 0.05399799638300393 -0.22828101908150422 -13.909689717350743
-0.21668724030414666 -0.05431851827953339 0.9747287512232773 96.38771405187461 0.04097154232528616 0.9970651620993956 0.06467144073850457 3.569980988559661 -0.9753809371772962 0.05394961630653753 -0.21382578490798787 -14.110004503456151
-0.20416414488686402 -0.054328823294983196 0.9774279415394251 97.26854751471852 0.039439301292920025 0.9971916857828977 0.06366540127093331 3.6122423496902694 -0.9781418830906596 0.05154726728785118 -0.2014480969853351 -14.285667785549377
-0.19558466561073246 -0.05023006977685737 0.9793996011170057 98.18208949201998 0.03536448675911316 0.9976766301320235 0.05822967254479673 3.6536027892686698 -0.980048974110071 0.04602479525887958 -0.19335388945448123 -14.458125412936516
-0.18996790609047787 -0.04468740377482169 0.9807727721544198 99.12479848832932 0.028345400461027542 0.9982975348932006 0.0509761718733637 3.6949490046528686 -0.9813810335075278 0.03748423361928037 -0.18837781000338605 -14.623779122340762
-0.18712024920818887 -0.043025986470087894 0.9813943024210714 100.05633223724304 0.024936464977004726 0.9985103496553545 0.04853096275155204 3.7314390765757666 -0.9820204606069651 0.03355363049533877 -0.18576858945975333 -14.787271372541294
-0.1846350198048458 -0.04483266355689079 0.9817840606467693 100.9940002575211 0.024135193391943477 0.9984509061598563 0.05013262838207885 3.769553962070647 -0.9825107642675462 0.03295178700703144 -0.18326695782776986 -14.953385701080773
-0.1797901307901929 -0.04598782566419281 0.9826294463128639 101.92723672272628 0.021737213087706625 0.9984770009618555 0.05070672654982562 3.805312447326623 -0.9834647947118521 0.030476194659093594 -0.17851666342802874 -15.116812936578915
-0.17461841890361213 -0.04975318210501019 0.9833783751181578 102.85513633659872 0.01771986523776904 0.9984020390322039 0.05365980648765712 3.8449462086157395 -0.9844767209820443 0.02679532285237852 -0.17345776580389488 -15.272011267114946
-0.16981349845598231 -0.054407725756797226 0.9839731577233766 103.7786980413653 0.018057598336579956 0.9981353595783573 0.0583071788178577 3.883920402902611 -0.9853107625944488 0.02766953807630393 -0.16851438448449768 -15.42548109993119
-0.16682235193793843 -0.05790254822193934 0.9842853233708713 104.70610068670966 0.01581601968511963 0.9979885832379551 0.061389260038048434 3.926400946835274 -0.9858601099624706 0.02580857679348498 -0.16557101482046993 -15.575269134231815
-0.16532751702946208 -0.05904784968274795 0.9844694833059664 105.6370791871555 0.009996774482957708 0.9980544626386287 0.06154148281488456 3.9703039905513715 -0.9861880533715717 0.02001601995805982 -0.16441557813123658 -15.716486376231098
-0.16070166746077863 -0.058848098204610594 0.9852471138821092 106.56500690141944 0.004435183597276706 0.9981678318088261 0.06034325719188051 4.013249889791106 -0.9869930613848225 0.014067013889503963 -0.1601462328575003 -15.857584338710215
-0.15662843051807712 -0.057461271809706824 0.9859846535293818 107.46518892557899 0.004875480786304634 0.9982490006559441 0.05895050785626379 4.049445829214419 -0.9876455662030516 0.01404047475764391 -0.1560740229123147 -15.998440868051649
-0.15239551171202315 -0.05496765316936534 0.9867898282385581 108.39466166726697 0.006684907840680321 0.998371990990003 0.056645208215869686 4.090776817345936 -0.9882969796661287 0.015229074551987087 -0.15177995675021727 -16.141412128196155
-0.14639324744680582 -0.05763532303549583 0.9875460427952575 109.30701696724046 0.005752343720251556 0.9982347909641546 0.05911186556415607 4.133631620499844 -0.9892097490642228 0.014334282240308398 -0.1458032945750981 -16.275293775519195
-0.1414247738005983 -0.06207566892407593 0.9880008323291424 110.21909145523979 0.006439767510023852 0.9979532411432952 0.06362277804378642 4.175502719965858 -0.989928059381017 0.015360332653317904 -0.14073555851636416 -16.403247383749974
-0.13523172472520723 -0.06664252332023833 0.9885702578539157 111.12307761262514 0.006934156984906195 0.9976473667827481 0.06820299860239296 4.22025608975015 -0.9907897345525714 0.01607811049100074 -0.1344514643590195 -16.521495004827607
-0.1308222696568575 -0.06404897309683932 0.9893347577069498 111.98402606492297 0.006456461466847894 0.9978347644635822 0.06545301317154882 4.262712245438518 -0.9913848132118808 0.014950313479930418 -0.13012547890285076 -16.628734741272154
-0.1273230868501649 -0.06273289381442397 0.9898754545843702 112.87514068418965 0.006359414300039664 0.9979257180612555 0.06406105745059146 4.306776037565431 -0.9918409093220071 0.014451479702637174 -0.1266600384087202 -16.73725218531548
-0.12182050153623869 -0.06346474948512454 0.9905210704362881 113.76498399684476 0.006240525634966628 0.9978849829508685 0.06470406974019889 4.35193746589339 -0.992532529061521 0.014063654359219028 -0.12116679570247701 -16.840243975829722
-0.11626565744261924 -0.06570720941066742 0.9910423096573115 114.67944253519084 0.006627613598446769 0.9977357604921311 0.06692852137302055 4.396141506007782 -0.993196038875219 0.014349734027217512 -0.11556692215302306 -16.940557790417863
-0.10966813046039686 -0.06808254371607741 0.9916338378668155 115.58855324632528 0.00860269025483992 0.9975490320379028 0.06944006336850894 4.440033962641008 -0.993931031250006 0.01614608068206223 -0.10881364435082436 -17.03874603299551
-0.10402227926830748 -0.06858720433750026 0.9922072166725016 116.48091654542776 0.012106111692310125 0.9974581102617357 0.07021937291646012 4.4845335445254415 -0.9945012858088822 0.019316150606514898 -0.1029275417477114 -17.13537211180501
-0.09895204120029777 -0.06905172365669848 0.9926934839124986 117.39140362999305 0.01469117093656156 0.9973793497395778 0.07084209348664265 4.533179768013148 -0.9949837501380652 0.021593799413174946 -0.09767827183205213 -17.226893911308263
-0.09258911973566375 -0.07008303111544012 0.9932349287335034 118.27207517314503 0.013120977187505458 0.9973473837120781 0.07159634180821223 4.582164934752604 -0.9956179462345083 0.01966125510606197 -0.09142395847607154 -17.306620904354766
-0.08723513946186906 -0.07170115875136651 0.9936040329410804 119.15352823335148 0.011185663017718873 0.9972730178690219 0.07294798676637754 4.628873830106236 -0.9961249476777109 0.01747774768455289 -0.08619522579559041 -17.379853846314962
-0.08450097108151489 -0.07248287212434942 0.9937835876763546 120.02548808110596 0.011614894128091514 0.9972113036625578 0.07372048617593087 4.6755049117826015 -0.9963556995976259 0.01777214382756336 -0.08342344264712531 -17.45574413881585
-0.08196936140793348 -0.07394532578155133 0.9938878772705885 120.92580445371576 0.010898294970825902 0.9971176230401138 0.07508443906404969 4.726154265660414 -0.9965752610601494 0.016986306776175936 -0.08092721683711351 -17.52675452250977
-0.0803664515544289 -0.07377353269992612 0.9940315384018372 121.82622455611437 0.010376466721126569 0.9971413219023388 0.07484325683214339 4.779387364657266 -0.9967113736698983 0.016329422152353047 -0.07937120113262286 -17.596045990756302
-0.07580098404249519 -0.07614370437605067 0.9942114197202134 122.74195160630617 0.008160102630636053 0.9969992929643003 0.07697936446699935 4.833449048082365 -0.9970895764891172 0.01394797879903175 -0.07495218705398049 -17.66401008455909
-0.07194713069717273 -0.07802334935611377 0.9943520339093684 123.66276566247228 0.011205805087593522 0.9968094933119177 0.07902698257922303 4.889129324414909 -0.9973454969652106 0.016828279724671116 -0.07084326845032918 -17.733748790509846
-0.06908091478764938 -0.08011354381629392 0.9943890824568101 124.5722455935984 0.01075544647796102 0.9966525662120636 0.08104309121676155 4.943836953917703 -0.9975530800830409 0.01629362943310579 -0.06798801406671168 -17.79561075321593
-0.06376622869036108 -0.08012980651663884 0.9947427216050464 125.47666633827507 0.008034192054398384 0.9966977668904657 0.08080230958080359 4.998208205655329 -0.9979325226871012 0.013144412621528767 -0.06291187948387322 -17.847947259052045
