1.0 0.0 0.0 0.0 0.0 1.0 0.0 0.0 0.0 0.0 1.0 0.0
0.999893145415156 -0.0019920241730723128 0.01448204376045532 0.018699852749705315 0.0019762379774702623 0.9999974375190073 0.0011042820634387424 -0.012846552766859531 -0.014484206407057706 -0.001075544100966505 0.9998945199217989 0.30702826380729675
0.9997336726412277 -0.0043116497862444305 0.022671423938590254 0.03527668962284261 0.004283820370810233 0.9999900103877397 0.0012759340731221156 -0.026670464187906244 -0.02267669884072936 -0.0011784739492670456 0.9997421560226606 0.5778762862012801
0.9996097943184001 -0.007066939954648429 0.027024386438975385 0.05178296955923975 0.007054371453250493 0.9999749605895449 0.0005603903438519324 -0.0391239916115972 -0.02702767000918221 -0.00036953161611913 0.9996346174979432 0.8755393111799252
0.9995665207685254 -0.008245971230236465 0.02826259926432014 0.06516038568758176 0.008256471876257608 0.9999658822775779 -0.0002548587491086276 -0.05188517947809135 -0.028259533450890585 0.0004880976291097276 0.9996005004649821 1.2717931243381146
0.9995919787815998 -0.011523522456461176 0.026135883105063446 0.08116940813982616 0.011586589384668822 0.9999303127295517 -0.002262881130819413 -0.06434048269617591 -0.026107985405181795 0.0025647835730473944 0.9996558382680044 1.6315061574473557
0.999775600393206 -0.014681248658690107 0.015271208080132088 0.08398749646947092 0.014752712839932756 0.9998806944790278 -0.0045775836420509615 -0.07917546775253265 -0.015202181496991306 0.004801848181606667 0.9998729098899388 1.982804490803667
0.9998944697341795 -0.014519232730475505 -0.0004911984550646517 0.07106468780012529 0.014516405656278578 0.9998803805886828 -0.005338396824252026 -0.089975529363913 0.0005686491240935634 0.0053307030257846505 0.9999856300184641 2.384640576044636
0.9997298012006105 -0.013300603322537113 -0.019063539614782986 0.04806738629085068 0.013192787847709463 0.9998963219737436 -0.005770238485978777 -0.09899429435278514 0.019138310797800706 0.005517178140703438 0.999801623225913 2.7680039811171993
0.999229282390574 -0.011369214271201735 -0.03757102846708015 0.018292248659805648 0.01115161949997403 0.9999198411050091 -0.005996060962090711 -0.1126641935244303 0.03763618731681576 0.005572461878632465 0.9992759704270211 3.145167590474327
0.9983518431844567 -0.011814428474297443 -0.056160631139828034 -0.015984598438441144 0.011432083957448588 0.9999092706093452 -0.00712446530464694 -0.12045685581352666 0.05623970720574529 0.006470690018304168 0.9983963268682928 3.5717625655134757
0.9970407923513404 -0.013694546398044063 -0.07564468115051705 -0.06090250556666903 0.01317586505105915 0.9998861684929983 -0.007351641758671361 -0.13410958197817835 0.07573674780163094 0.006333202613479284 0.9971077351906809 4.0233706387718495
0.9954618482326909 -0.014497430665730317 -0.09405069493229543 -0.10810388014003898 0.013870302279574934 0.9998770210501632 -0.007318298335333178 -0.14857653010562993 0.09414522519930885 0.005980575218493965 0.9955405111256034 4.442711469886772
0.9938734976277437 -0.013498454941037451 -0.10969622795429261 -0.16374322984149892 0.012803436665117107 0.9998932651422542 -0.007037778962426831 -0.16243924229363363 0.10977951868521597 0.005590173285903072 0.9939402432942716 4.845614336212786
0.9920766317257049 -0.013704046493270587 -0.12488457027787914 -0.2257705232449886 0.012951665355872376 0.9998927657552232 -0.006834570570270936 -0.17831288578945564 0.12496483964815763 0.005162954588295004 0.9921477373615432 5.2789378127908755
0.9903061073526328 -0.013851186391829924 -0.138209834583559 -0.2983309088901826 0.012940648927448006 0.9998882545042856 -0.007484524681612873 -0.19301253912382266 0.13829805980350013 0.0056234455551662475 0.9903746884460829 5.726918629004125
0.988675290327936 -0.016097142983346524 -0.1492047327759605 -0.3707159904098895 0.015006664796951813 0.9998518428213764 -0.008431632011076207 -0.211426640237605 0.14931835220978032 0.006097080815601478 0.9887703754152855 6.184945776256614
0.9870582251074677 -0.01827091685278982 -0.15931802736995718 -0.4467968248570093 0.016766443505751228 0.9998012933937869 -0.010782397705497201 -0.2291686774772489 0.15948337411738076 0.007971657636244783 0.9871684284126323 6.637008446906451
0.985689614533163 -0.019939694169006175 -0.16738695408517135 -0.5324097742954867 0.017965141407807608 0.9997501179034846 -0.013302460154658849 -0.24762314435275282 0.1676103740693345 0.010104966522226136 0.9858015277711445 7.137992188947835
0.9844181965988713 -0.020380733712385295 -0.17465806565507017 -0.6216523532711966 0.018051214104845004 0.9997257955519294 -0.014916010773758185 -0.26672462631130234 0.1749141728802072 0.011530802288074621 0.9845161617384584 7.626806909204446
0.9833879507978665 -0.02147585872689031 -0.18024129859029478 -0.7187366969782182 0.018490635983207496 0.9996628905023734 -0.018226402096311597 -0.2843506888594751 0.18057196517319532 0.014590847966536046 0.9834535436659466 8.134014443120826
0.9818454797152492 -0.024674166050560702 -0.18807083636875174 -0.8173107650114873 0.021262912002038992 0.9995711556019782 -0.020134385059384575 -0.3081160950715519 0.18848698240442488 0.015769921313544346 0.981949065403007 8.655930398763726
0.9800142206398665 -0.02905984988821007 -0.1967934258762464 -0.9143211149092197 0.025288130276553456 0.9994456922946983 -0.021652219763508358 -0.3314372724043575 0.19731355202000458 0.016242945485529976 0.9802058604758508 9.162199596880477
0.9781324287151926 -0.031600887595131896 -0.20556832391912583 -1.021864976048596 0.02716320281948785 0.9993338001189593 -0.024374502095164684 -0.35143809235870427 0.20620163022708177 0.018257596857189595 0.9783391783265628 9.666668031086935
0.9764148791793343 -0.030844347656881096 -0.21368811369570243 -1.1504317583275017 0.02520246185357646 0.9992594027997485 -0.029077170302646303 -0.3746146667794259 0.21442672322666553 0.023005915193956665 0.9764691025487512 10.21213103658502
0.9750640690506058 -0.02946753494434715 -0.21995846342157208 -1.287813241098507 0.022792581801147762 0.9992012444864162 -0.03282333364597709 -0.3999363724457469 0.22074999311735746 0.02699143199426113 0.9749568724500515 10.776920404428395
0.9731019638981067 -0.031484668139725384 -0.22821324135505236 -1.4161532640098016 0.02421213081046877 0.9991079793156183 -0.03459795354466201 -0.4289386481693205 0.2290989755089812 0.028141807688796455 0.9729962477218204 11.317957290995864
0.9708983797367273 -0.03336383358662322 -0.23715646909372315 -1.555579211980362 0.02527050507718032 0.9989925165174897 -0.0370857589270844 -0.45969956447924 0.23815486095761754 0.03001343949729402 0.9707633365819913 11.878879036103646
0.9683592432061104 -0.03539344403976027 -0.24703781130890348 -1.6977399344797692 0.02627786321492702 0.9988500520217565 -0.040100467341317544 -0.49126753057224004 0.24817302432405222 0.03234003239235929 0.9681757445333541 12.43383095594597
0.9659598426032479 -0.03583186160549365 -0.2561984780825087 -1.856249855005152 0.0252471136429767 0.9986909306486602 -0.044486046046057603 -0.5232509415771598 0.25745711435228885 0.036503461945383855 0.965599985260664 13.000973823377658
0.9634299318835111 -0.039477049933921364 -0.2650364670747176 -2.015592165163792 0.027048722966747412 0.998363702557074 -0.050381385475178495 -0.558567961708528 0.2665916970515049 0.04137003680255863 0.9629212777367387 13.578957372894873
0.9611517322101527 -0.04190003687221385 -0.27282180004451684 -2.1894230715848253 0.02686566054888228 0.9979192175157007 -0.05861289615881587 -0.5937563464660155 0.2747099997318908 0.04900634880256865 0.9602774566886103 14.172322315372709
0.9602894177901143 -0.04468967007413042 -0.27540346306644137 -2.367097678219326 0.027075780069134504 0.9973564345676963 -0.06743177707921118 -0.6364880103202907 0.2776889198617244 0.0572972583556835 0.9589608375585266 14.77931933573894
0.9591697380105717 -0.04826496114683637 -0.27868244869425407 -2.564973686918538 0.027844373742433478 0.9966594541441078 -0.07677645026999257 -0.6869353551695301 0.2814571095844318 0.0658819094339511 0.9573094951339999 15.43536300552065
0.957755221257595 -0.051086974039743896 -0.28301070163030556 -2.7609169575826926 0.027807438115047125 0.995935114555155 -0.08567376483783233 -0.7410323861595682 0.28623710894867066 0.07418469302674847 0.9552826538680759 16.073644034056944
0.9568820457178882 -0.053862030179562724 -0.28543936709515977 -2.962158414477408 0.028325313676102172 0.9952769260503015 -0.09285212478459026 -0.8041572930883335 0.2890924198035983 0.08076337150465288 0.9538882799548916 16.72480970346242
0.9558970444772035 -0.05437538869089392 -0.2886245960836702 -3.1777260331280623 0.02671693519182064 0.9947367329072848 -0.09891934886005557 -0.8763230008632447 0.29248426578827047 0.08684554858860372 0.9523186467546674 17.404105063817422
0.9549978354142279 -0.05520339705057405 -0.2914304707957216 -3.3878106035875497 0.025584133709221475 0.9941972746031018 -0.10448555533715308 -0.9502513751365832 0.2955073373987318 0.09232748304725562 0.950868576312032 18.062155058505915
0.9542862865654999 -0.054269875034325676 -0.2939259497505924 -3.6165008458751267 0.022769094917800225 0.9937200024750388 -0.10955421031449875 -1.0299661070136705 0.2980255888168888 0.09785365268996296 0.9495290469835976 18.760908795324827
0.953606016425495 -0.05401059499387028 -0.2961729580253854 -3.853128056164509 0.021314888150325416 0.9934193723547023 -0.11253277821829752 -1.1159850264921762 0.30030191637789744 0.10099904088058229 0.94848192010231 19.478256394356205
0.9527541944583422 -0.05259126390931225 -0.29915481594394683 -4.104774615995481 0.019068512493293912 0.9933099410122083 -0.11389360349737256 -1.2077923668883945 0.30314326113791273 0.10280817110884082 0.9473830498694427 20.233100098806567
0.9505314067923634 -0.05033454893368092 -0.30652320937405964 -4.3666872057336 0.0160302550690021 0.9934177630099001 -0.1134203643920637 -1.3071923678420465 0.31021456384856183 0.10289597329365548 0.9450816594645131 21.009131061293484
0.9479837216310382 -0.04921188011545859 -0.314491739761267 -4.616609316116684 0.0141775064775287 0.9935243259981161 -0.1127315925553658 -1.3989622416842749 0.31800292739634706 0.10240900597843486 0.942542589839771 21.735462292473283
0.9452195680674341 -0.04881242026012008 -0.3227651092834586 -4.887973394163836 0.01332668986290076 0.9937028246174355 -0.11125239630960082 -1.4985637282563828 0.32616309950653766 0.10085655147624195 0.9399178626585457 22.50509772801872
0.9415435694409557 -0.0483429838811182 -0.3334046531676699 -5.219149450142013 0.012440947372914107 0.9939650663275459 -0.10898931025078487 -1.6172642739938428 0.33666144666838327 0.09847031446048807 0.9364628489679685 23.422386730900882
0.9370994088699418 -0.04623800868190746 -0.34598662466739605 -5.53672104142057 0.010581628402343005 0.9944953326600655 -0.104245203523714 -1.7207436562099387 0.3489021740201119 0.09402701670518784 0.9324302617855997 24.260067300626872
0.9333281740326649 -0.04498423551506894 -0.3561950843456101 -5.807161464977331 0.009722747899089078 0.9949224772327669 -0.10017351181976698 -1.8065316638414062 0.35889272454334076 0.09003156586519555 0.9290265493610603 24.947978086521292
0.929275826181291 -0.04400627484646796 -0.36675589517990903 -6.098823360496096 0.008367706330568242 0.9951313348712167 -0.09820187293629375 -1.892705861435182 0.3692917821531433 0.08818772097955437 0.9251197249559583 25.665474475597563
0.9253885866530845 -0.04264615588436642 -0.3766128902208383 -6.439561564174259 0.006138511198597908 0.9952058086572826 -0.09761002558686913 -1.9887130536321234 0.37897002833004034 0.08801536117684727 0.9212138806077761 26.48058692700855
0.9215744753903226 -0.04245580041698177 -0.3858730248669964 -6.789906606042651 0.005094421084249134 0.9952386837693886 -0.09733452215319885 -2.0876079812834565 0.38816817641696044 0.08773521151697652 0.9174028556077222 27.292548772280508
0.9183591580430633 -0.04212510551568488 -0.3934995963450639 -7.154504988546118 0.00377855196271586 0.9952066901064425 -0.09772086017040728 -2.185834467475423 0.3957299323825541 0.0882559881972416 0.9141163499051023 28.120103837297496
0.9142713004083136 -0.04171605058542169 -0.4029488309615077 -7.527531703670233 0.002459883353654487 0.9952371393290481 -0.0974524780291363 -2.283143805641191 0.4050949743252532 0.08810679669405432 0.9100193702074342 28.943280365667903
0.9103474464318014 -0.04005982674401619 -0.4119013681166138 -7.899823719965034 0.0005110249150956439 0.9954119903731513 -0.09568023973056278 -2.380261916657387 0.41384449450081484 0.08689177005103083 0.9061912351533556 29.739330664767632
0.9066479357831679 -0.03899816274656132 -0.4200817347166069 -8.283733564639576 -0.0004285795960031341 0.9956328624560726 -0.0933542688743123 -2.4786218217243974 0.42188782497205446 0.0848194936315952 0.90267176572685 30.55661339985037
0.9024317356481868 -0.037057252706386934 -0.4292362083012759 -8.712246972643678 -0.0015195741598950027 0.9960140389351069 -0.08918365959383058 -2.584248431062854 0.4308301908981936 0.08113442096934352 0.8987783666425198 31.437605088519618
0.8983075794349404 -0.037380370849222036 -0.43777414337179943 -9.130652607579576 -0.0008028608733074635 0.9962329973729518 -0.08671314986622435 -2.6821488741885164 0.4393664167231677 0.07824655149256614 0.8948936411861271 32.28520536560454
0.8945095343418386 -0.037454122342624505 -0.44547713935856553 -9.562737400010542 -0.0011519545699454556 0.9962877858621361 -0.08607741133765204 -2.7787975584229456 0.44704738671892036 0.07751023455948436 0.8911457779546048 33.13355356399686
0.891356020845147 -0.0371211742358447 -0.4517814322506602 -9.99881599672526 -0.0019567520275865606 0.9963169807709941 -0.08572423781447788 -2.8757357602745683 0.45329969691651945 0.07729483974187853 0.8880005025475317 33.97395171133741
0.8883224175961517 -0.03766618400820633 -0.45767296290953047 -10.452118922087628 -0.0019789221745456394 0.9963072773025148 -0.08583643201506785 -2.9740677844361834 0.45921603441425646 0.07715612598044447 0.8849675507952449 34.84571673287192
0.8855275956519879 -0.03889115502667005 -0.46295610526215236 -10.909131027198983 -0.000649801468413154 0.9963853948874445 -0.08494540960548268 -3.0727020097115765 0.4645863268509538 0.07552233388662653 0.8823014915477905 35.709287676217
0.8831124567061285 -0.03956144306924521 -0.46749040742323816 -11.360352173451625 -0.00064632384632499 0.9963348777499322 -0.08553592020030706 -3.1659112460196113 0.469160922366678 0.07583998682295837 0.8798501720876921 36.54709920923693
0.8810766530105387 -0.04092310333909689 -0.47119977836671856 -11.830017557901149 -0.00025179813305520674 0.9962091245077785 -0.08699032615840639 -3.2637456740885993 0.4729734327818501 0.07676379264043258 0.8777262967588528 37.409408013643954
0.8789581936989029 -0.0437722698282485 -0.4748857569180669 -12.318212900020827 0.0017603930605989623 0.9960698419936721 -0.0885537739849275 -3.364464363369606 0.47689558054760217 0.07699907963595692 0.8755808055167618 38.30713573064574
0.8782596182618773 -0.04463056805148788 -0.476096791971867 -12.824079931964759 0.002542343712877218 0.9960566477197851 -0.0886830932121207 -3.4710029895094214 0.47817735142826173 0.07667637790496892 0.8749097974376714 39.22704796960465
0.8769993495982444 -0.04438599883270235 -0.4784370636895511 -13.34462848652475 0.002386887540016841 0.9961143331613691 -0.08803714010775451 -3.5822073831875634 0.4804856330548579 0.0760665391489874 0.8736975666955746 40.161733396756574
0.8759915013091127 -0.045946653855834324 -0.4801331009560362 -13.834581878623688 0.0039052072082744714 0.9960953921118879 -0.08819704740026751 -3.6882077808366103 0.4823107286707062 0.07538484471640661 0.8727505291870158 41.04341994524223
0.8753088895873026 -0.0478436407051755 -0.4811915770808102 -14.356633068577146 0.004602827228926826 0.9958726939534773 -0.09064431266960071 -3.7986729151439778 0.4835423061025207 0.07712693097691467 0.8719164379269027 41.977332024804454
0.874057401197944 -0.05021617986605087 -0.48322044109366613 -14.893870277970285 0.006313388771404187 0.995733751770785 -0.09205670375751131 -3.9180208110727857 0.48578163873629265 0.07741208474222559 0.8706454896239599 42.937439886582325
0.8726367661850353 -0.05099656567825876 -0.48569993266537254 -15.45638770611117 0.007280534107510655 0.9957809949233404 -0.09147242192372552 -4.039006999364203 0.4883155415561066 0.07628604353684708 0.8693263894742072 43.93391550324669
0.8702476519726545 -0.04944286991453778 -0.490126949729043 -16.021219119190388 0.006671165842182185 0.9960419769012576 -0.08863337857117332 -4.160971513378953 0.4925693045474798 0.07386327142260163 0.8671330332494337 44.924343713737365
0.8676037148082381 -0.04844301161911871 -0.4948909664524253 -16.55274914626483 0.0068708406092925466 0.9963161763899131 -0.0854802211807228 -4.27171405770041 0.4972087947736517 0.07076264048955157 0.8647404599708974 45.84772562759824
0.8638231932215293 -0.04993277013800311 -0.5013144814574039 -17.125923527197163 0.008566585229966922 0.9963881201619635 -0.0844827060267729 -4.39172672159323 0.5037222493299834 0.06868356765962118 0.8611309209774598 46.83346850744864
0.8588676074138527 -0.05211303776662339 -0.5095396591335545 -17.692232657188246 0.008884557153177087 0.9961767124788652 -0.0869081248157644 -4.506205194446073 0.5121205889040162 0.0701155390019576 0.8560469108705835 47.78247560605135
0.8515729937404719 -0.05593755894607924 -0.5212431542294288 -18.266997526932823 0.009668731995684788 0.9957976872539211 -0.09106855484379608 -4.623211837902439 0.5241468801333132 0.07251176152112004 0.8485352629606022 48.71769292967118
0.843534434391828 -0.05706980704343577 -0.5340343576206349 -18.877322484368904 0.009282531832297061 0.9957390063807067 -0.09174783798403936 -4.744687548596511 0.5369948720407315 0.07243526969638585 0.8404698918497738 49.67747614394399
0.8372058217993874 -0.054649387151219156 -0.5441505824945968 -19.483054585014028 0.007470242574537177 0.9960446086793484 -0.08854000788729198 -4.865605512476839 0.5468369111728747 0.07006127321709417 0.8343025893368123 50.59764135770485
0.8313280749442487 -0.052557145840069736 -0.5532914044431158 -20.106194041028015 0.006596784535754623 0.9963817249216748 -0.08473453059937765 -4.984368867685824 0.5557428490257691 0.06679225002388885 0.8286668094556869 51.525853866395025
0.8262590977798125 -0.054347098452660086 -0.5606623727573192 -20.73419611833245 0.006924098713344259 0.9962394979397976 -0.0863650369169607 -5.098971751133042 0.5632476899136811 0.06747781586889866 0.8235282534148206 52.442292472562464
0.8221414107993269 -0.05767422048098396 -0.5663542927715859 -21.35676711689164 0.006852819305669524 0.9957854309827617 -0.09145717199891612 -5.212574454379966 0.5692420746189237 0.07130960478355167 0.8190716700931351 53.33766904693326
0.8196284599582282 -0.061562367513185154 -0.5695781443600821 -21.99239120359978 0.00611577665560727 0.9950931694090699 -0.0987531339822236 -5.3295763925709885 0.5728627976247033 0.07745746640307702 0.8159831836478093 54.236455144366445
0.815442455471356 -0.06358328758291831 -0.5753353520817175 -22.642148185233467 0.006223856534856558 0.9948542386768446 -0.10112520653402592 -5.454066815309848 0.5788046867680663 0.0788809820353663 0.8116421164826632 55.14609950469844
0.8110713800425007 -0.06252051153174869 -0.5815964254650833 -23.304568266094474 0.006143459626994644 0.9951273013566047 -0.09840686967144653 -5.585934680901725 0.5849149291818129 0.07624198143103349 0.807503365867725 56.0611879471749
0.8073418563970636 -0.06052714111008754 -0.5869715428352404 -23.95380583886566 0.005990302568037537 0.9955148190384526 -0.09441589564252535 -5.709111970888873 0.5900535934849362 0.07270976732101696 0.8040833579621189 56.94130364361976
0.8039848611089191 -0.05896275212064621 -0.5917193058959893 -24.610400438769002 0.00506415659920793 0.9957147798672596 -0.09233867809230012 -5.831049404073969 0.5946282010009372 0.07124234005318719 0.8008382056059359 57.81590981790187
0.8003609725700307 -0.05843809587230084 -0.596663475116061 -25.270592666990865 0.002935529400802748 0.9956080365116649 -0.09357360899593728 -5.951161009097901 0.5995112144521498 0.0731411415292878 0.7970173631495748 58.680508427593495
0.7965997673188532 -0.058652168291600935 -0.601654995709537 -25.94246264428874 0.0010293185439439329 0.9954121276594566 -0.09567463933461666 -6.073474880888532 0.6045062044436635 0.07559510078813049 0.7930054410443527 59.55096630948676
0.793299705435669 -0.06084088826746693 -0.6057837598273054 -26.6157222068833 0.0009631589131356526 0.995118574403007 -0.09868178759545798 -6.197104267432501 0.6088305590889708 0.07770076700363157 0.7894858713912862 60.41856430678697
0.7888138425730254 -0.061690979359487474 -0.6115283679690141 -27.318809451214765 0.0008112933453144379 0.995053764048797 -0.09933452801231489 -6.326489986648086 0.6146316486874773 0.07786032184616766 0.7849622326671042 61.31450828675974
0.7847707490866273 -0.0613056176943709 -0.6167467005320139 -28.002444179346995 -5.034394503878464e-06 0.9950953405479976 -0.09892048925434753 -6.452521211817466 0.6197861496941254 0.07763301139834942 0.7809214071777997 62.168586354775705
0.7805263849503351 -0.06142373270362962 -0.6220978118086532 -28.71119563623801 -0.0008761571573401052 0.9950524402273272 -0.09934723723525096 -6.584953654257034 0.625122223845063 0.07808819538441553 0.7766108671636063 63.04021707795
0.7749177463125395 -0.0632468534227488 -0.6288897534401525 -29.42948507672841 -0.0005481477558283501 0.9949133510477624 -0.1007329312635637 -6.71871484619488 0.6320618529732136 0.07840446058122841 0.7709413431494216 63.915020821697276
0.769223023451385 -0.06522927763535298 -0.6356422590824811 -30.11400241867475 -0.0006419594936974832 0.9946964529143281 -0.1028520998699702 -6.846095403176876 0.6389800686095917 0.07952425981311557 0.7651015383730826 64.73260107309231
0.7641813361229438 -0.06645400632604696 -0.6415689756873926 -30.842768234321042 -0.0011469598617731558 0.9945367504913979 -0.10438072813065846 -6.982601214345604 0.6450004418637463 0.08050165815204469 0.7599302027359772 65.59241092654976
0.7583497972943322 -0.06770038520079938 -0.6483226378797127 -31.587143337850986 -0.0013839013622801016 0.9944225556636684 -0.10546025604159101 -7.122794279445206 0.6518463544123454 0.08087297837350768 0.7540264528571483 66.45189600734471
0.7523420782273849 -0.06899538811170702 -0.6551496269920444 -32.33740121145783 -0.0021747896515949203 0.9942348080777127 -0.10720268978269835 -7.261181312396359 0.6587690548427964 0.08207790705170946 0.7478546312991182 67.30180487773393
0.7451189678668573 -0.06983382623168066 -0.6632653770843709 -33.09676951772499 -0.0025235767094748604 0.9942005504876023 -0.10751231078690589 -7.402450751154054 0.6669267990459079 0.08178326310433127 0.7406214570145717 68.14683174607548
0.7381338150932109 -0.06944459999029795 -0.6710707254441437 -33.83376618545899 -0.003065026212391554 0.9943327846909866 -0.10626814622917659 -7.53842825249013 0.6746473720620716 0.08049696156288023 0.7337378023169348 68.95072747040426
0.7299927369779978 -0.06921887805538485 -0.6799406965906112 -34.642552962199005 -0.0037468571488592298 0.9944379109445137 -0.10525778991512937 -7.68319264217065 0.6834446320082395 0.07938506280822123 0.7256730991169902 69.80985198643384
0.7229151121498263 -0.07060227362429769 -0.6873202016414792 -35.41275341547244 -0.0038774957305848165 0.9943353591880626 -0.10621750559679792 -7.821375086428955 0.6909259769702274 0.07945132111819352 0.7185462976874283 70.61235098804457
0.7167367339002262 -0.07178265988364622 -0.6936394625582264 -36.20241265168513 -0.005106115979393089 0.9941209596041629 -0.10815472830765899 -7.960020343271182 0.6973251622146167 0.08106027026680404 0.7121564791017712 71.41527979258956
0.7113644330062747 -0.07071814193127815 -0.6992564535672512 -37.04797846130166 -0.007985565124623943 0.9940474250301778 -0.10865517723750448 -8.108801164451902 0.70277796934971 0.08287738649752852 0.7065652585600551 72.25753735182175
0.7059252788275752 -0.0697712637099061 -0.7048414513013073 -37.89764889732709 -0.009005170637676016 0.9941717934098145 -0.10743068504900992 -8.256778251068722 0.7082290643668874 0.08218525383933521 0.7011826983300198 73.09602850799735
0.7010043580717145 -0.06950956554111272 -0.709761446024472 -38.74512308389945 -0.010233013196714564 0.994155867216165 -0.10746812141556655 -8.407576490104569 0.7130835683181737 0.08259861970977991 0.6961963032196161 73.92056553590682
0.6963754181629136 -0.06945792789916451 -0.7143086680353121 -39.59385223463383 -0.01194978999774544 0.994045480389295 -0.10830875050809881 -8.551677917107313 0.7175782044470393 0.08395939000237122 0.6913988294269761 74.7322633607839
0.690745949753307 -0.07036341147662384 -0.7196659108397264 -40.41874597292306 -0.01369728660948397 0.9938024821143385 -0.11031323983510574 -8.693001042264735 0.7229677843714334 0.08605589386411153 0.6855012515614464 75.50815430574713
0.6855045197991735 -0.07245062978608548 -0.724454594559593 -41.30438260027402 -0.015145810354462098 0.9934021012398045 -0.1136788004908911 -8.84588391301483 0.7279108171772222 0.08889978344147267 0.6798843068790807 76.32876712396362
0.6793372532907322 -0.07366647046996933 -0.7301192693114602 -42.20101286118377 -0.015528110304424473 0.9932826383837348 -0.1146668133150143 -9.005599024519908 0.7336618935734478 0.08923481055027713 0.6736299982217828 77.1490834289402
0.6738904977298618 -0.07302387167226526 -0.7352136500605739 -43.0475158285493 -0.01661344889264384 0.9933543332085045 -0.11389100935446589 -9.154981357043452 0.7386444275734374 0.08896450338129283 0.6681988676680238 77.91216559229407
0.6684666997317071 -0.0722293368670642 -0.7402264479505876 -43.94120868264503 -0.01760496501904375 0.9934575090544069 -0.1128372407943915 -9.312401059024385 0.7435336821936704 0.08845959868299993 0.6628216674523885 78.70586796658412
0.6630115196835169 -0.07257981070067392 -0.7450824758680128 -44.860773662652974 -0.018297470372234097 0.9934204817852221 -0.11305285908633327 -9.473567103716062 0.7483855472581835 0.08858847243446209 0.6573211963772336 79.51004430796856
0.6579635367655813 -0.07319158934563416 -0.7494844731787229 -45.79043047773093 -0.019079115174641774 0.9933257957749797 -0.1137534650556028 -9.633581510185323 0.7528080576422389 0.08914513277270694 0.6521757229856506 80.31529638001889
0.6524416291617436 -0.07401582862257 -0.7542158693968755 -46.69233515225104 -0.019225557305942095 0.993282291999036 -0.11410813444894354 -9.787646417140936 0.757595075540388 0.08894911755861655 0.6466357212546316 81.08239630039826
0.6473039668821822 -0.0741901723677291 -0.7586128082115656 -47.568197284975746 -0.020057856104834862 0.993249320082918 -0.11425178582104993 -9.938731857254474 0.761968015645715 0.08917178073173133 0.6414461291909582 81.8157374887084
0.6425794472819084 -0.07523399229646552 -0.7625165574163046 -48.5072675785883 -0.019597936794236607 0.9932284627390772 -0.11451262672028277 -10.100829719109067 0.7659683902122112 0.08852721168152243 0.6367537655857316 82.59773311793595
0.6379760580407967 -0.07885852523647172 -0.7660077560731711 -49.49620525268254 -0.018024049975558138 0.9929409578014957 -0.11723219669837721 -10.270780960632354 0.769845233140535 0.08859789680222198 0.6320512081255903 83.40998862893149
0.6329490704066825 -0.08215578883090524 -0.7698219928222945 -50.44224615216506 -0.016377303278032274 0.9927101886992004 -0.11940797791662716 -10.435331741681166 0.774020192377858 0.0881867768680207 0.6269895008506714 84.18216036993817
0.6274530572142568 -0.0852167441089589 -0.7739772396627377 -51.4354504645931 -0.012314070965063137 0.9927830114250636 -0.1192906361876296 -10.60921492531769 0.7785570143854271 0.08438008502751247 0.6218753706346632 84.98790922662066
0.6183574565589534 -0.08741024834225539 -0.7810208091995291 -52.47064800668717 -0.01053933490305834 0.9927837201496789 -0.11945462496515262 -10.785350104787424 0.785826302905256 0.08209709794206689 0.6129739702236526 85.80504827327167
0.6069694898169063 -0.08860595853021547 -0.7897702340202157 -53.497696370901686 -0.00936693866259923 0.9928986216559079 -0.1185942139140409 -10.959511387901916 0.794669930783527 0.07938079885425647 0.6018292032477026 86.59720424969852
0.5959621557701804 -0.08763435226730995 -0.7982163423486444 -54.51743000464846 -0.00930301391470173 0.9932070780863622 -0.11598773198598963 -11.131237472830861 0.8029586308284269 0.07655011653707605 0.5910985677840017 87.3564597225791
0.5851738867119473 -0.08800512592638715 -0.806118242022294 -55.50211243508012 -0.009804623215703627 0.9932530140484525 -0.11555223687693324 -11.292216958062006 0.8108485627255136 0.0755218372018686 0.5803628696183305 88.06577106767921
0.5747873837066222 -0.0893428298604379 -0.8134109184687808 -56.54920785528104 -0.011554967920717737 0.9930366682100943 -0.11723761472559327 -11.45948267306369 0.8182212086276228 0.07678563890939702 0.5697525949122375 88.7954549116171
0.5622926681836646 -0.09149028688981108 -0.8218615958369849 -57.59259651119719 -0.01171717632295799 0.9928795830910297 -0.11854468043737794 -11.626079448765726 0.8268552854556305 0.07628670189360269 0.5572169021380137 89.5058124182227
0.5500629229594074 -0.09295384171106996 -0.8299339516470614 -58.5941224157806 -0.012996200427857575 0.992713104483749 -0.11979896059931597 -11.782882059079391 0.8350220832767195 0.07668295441224768 0.544846625155022 90.16452470519314
0.537972886292131 -0.09354471840203754 -0.8377556680044592 -59.674404057433506 -0.012455226097621959 0.9928330117137023 -0.118859068624808 -11.957336986070459 0.8428701210491277 0.07437739246964228 0.5329521202997938 90.86084615693268
0.5246492136890875 -0.09461157822001698 -0.8460448285062323 -60.733077330503725 -0.011721640727635478 0.9929082538320488 -0.11830385712580949 -12.126091069258036 0.8512378079679466 0.07198505913666611 0.5198195317098195 91.51877777612725
0.5129683290864198 -0.0954690274870365 -0.8530821520492424 -61.79366938470216 -0.012509521355789359 0.9928592827493489 -0.11863370741023929 -12.290703726159334 0.8583163782835186 0.07152698406286037 0.508111095451709 92.15334135693264
0.5015241668346933 -0.09665422462502243 -0.8597275562309857 -62.900801904035596 -0.014975232356662087 0.9926209311699914 -0.12033050078464572 -12.459395548713003 0.8650140186705827 0.0732232740688051 0.49637596601569456 92.79023215991656
0.49008741463077504 -0.09722077751333744 -0.8662346370587042 -64.02569351278554 -0.01701487110577035 0.9925043597535901 -0.12101896558544076 -12.630309284957937 0.8715072117784091 0.07404874266196701 0.48475969668321744 93.4194800244235
0.4784199531225383 -0.09791960753605257 -0.8726546275097692 -65.19034038271016 -0.019197256316920763 0.9923596428544238 -0.12187618546600147 -12.812257163863885 0.8779213027396767 0.07506057349785024 0.47288486601079033 94.05072977735087
0.4672718863305286 -0.09779088746996711 -0.8786887540949562 -66.36211605163214 -0.02060485884991177 0.9923895165467742 -0.12140217147907795 -12.99250269032575 0.8838735339611008 0.07483307942278244 0.46170075393832605 94.66397272463529
0.45715922277144333 -0.09594775012261354 -0.8841942514410612 -67.46291386301444 -0.02216028860033266 0.992626313349078 -0.11917182408676996 -13.158948332908558 0.8891087484915217 0.07407449826645193 0.4516620440798779 95.22403673742538
0.44808813885317866 -0.09491446124630204 -0.8889365921512169 -68.63750993834158 -0.02168034642137482 0.9929018857839884 -0.11694360942629162 -13.33579771330855 0.8937264583742297 0.07167349756307481 0.44284977966454075 95.81009620262198
0.4395864142609226 -0.09481501350289992 -0.8931818950312805 -69.82811659721065 -0.023942974797665238 0.9928225007811671 -0.1171760039447835 -13.510940266506912 0.8978811270736583 0.07289441101397592 0.434161129637215 96.3822927447297
0.43203107141321095 -0.09674140540366657 -0.8966550361282073 -70.9393545914247 -0.024676328323529548 0.992589770554893 -0.11898162131293447 -13.677428825924384 0.9015210658404065 0.0735299113987539 0.4264423993644031 96.90718946574998
0.42481316927549306 -0.09839752849605155 -0.8999176060040054 -72.10240916932108 -0.026046991888645774 0.9923352981676753 -0.12079822111282981 -13.851138148532792 0.9049062522845471 0.07475682173781886 0.41899414337195195 97.44492679341607
0.41732533514037073 -0.10058314296420207 -0.9031736245049566 -73.29559134444213 -0.026006510543626744 0.9921269464367964 -0.1225062592823014 -14.027770107093136 0.9083849547737577 0.0746133601001933 0.41142389385551903 97.98772376074236
0.41187720771818254 -0.10349294546129768 -0.905343236569434 -74.49141728353113 -0.025297269541333753 0.991847995956778 -0.12489035619405034 -14.208917299550318 0.9108881456666491 0.07434220306305514 0.40590149411859183 98.52233120827124
0.4069163260113147 -0.10325634648479268 -0.907610726322726 -75.7059948612086 -0.025552331622863723 0.9919151758228086 -0.12430350888467401 -14.396624179222469 0.9131079793617449 0.07377269740913286 0.40098803865313976 99.05519355771504
0.40333651902602496 -0.10173894944818043 -0.9093782703502157 -76.88144043051099 -0.02492819333788876 0.9922093450597929 -0.12206228226985691 -14.575508411433628 0.9147121064011771 0.07190133337566121 0.3976580951796709 99.56517841044051
0.39961850697766554 -0.10086747803765841 -0.9111151413269697 -78.06347664271448 -0.023411087487338812 0.9924804659561348 -0.12014343793213944 -14.753283526980287 0.9163825455908693 0.06934173757425013 0.3942521446569215 100.07650799273073
0.3957866548901525 -0.10020583845654571 -0.9128590875650436 -79.25301721948377 -0.023702052167748157 0.992583261183491 -0.11923372988120004 -14.928498128541557 0.918036566011344 0.06882775281502582 0.3904761246331625 100.57914342176339
0.39290603653130973 -0.1000116229839294 -0.9141239093937855 -80.40225369125717 -0.02352200721753645 0.9926499474728471 -0.11871308672009293 -15.099048840010479 0.9192777391157231 0.06814511758207262 0.3876656824069036 101.06015515342096
0.38997345708699693 -0.10050614443804548 -0.9153246515296172 -81.58658544777451 -0.022626380132541535 0.9926795089046628 -0.11863995753073857 -15.272259940604327 0.9205480702764599 0.06697691789711184 0.3848445696372623 101.55452664918998
0.38715746586412186 -0.10061606888128483 -0.916507230363486 -82.73037281918135 -0.02090527585946663 0.9928143992449796 -0.11782418297221542 -15.440451601339513 0.921776581426818 0.06477634857497794 0.38227210020923846 102.03062289453703
0.384181031722856 -0.101801372380424 -0.9176281466072324 -83.9100369354131 -0.020174275194946925 0.992739472878132 -0.11858051108848852 -15.611217283689312 0.9230373413273812 0.06406886584848248 0.37933790602069906 102.51506185937131
0.3814514841062254 -0.1018524667356978 -0.9187604912560248 -85.08155733213087 -0.019805973052308454 0.9927825591943186 -0.11828150147436871 -15.78043557327158 0.924176654490152 0.06331559981105313 0.37668109338797096 102.99236207753748
0.37897683735106386 -0.10146066153078136 -0.9198273158115721 -86.18714933257068 -0.01854187808960138 0.9929393976385972 -0.11716463363152703 -15.941844773226428 0.9252203821297366 0.06145800825633564 0.37441976138135197 103.4410248263423
0.37833674080029234 -0.1017231705434718 -0.920061795280728 -87.31194674240461 -0.01733838430802511 0.9929904554032103 -0.11691593521719927 -16.106352847354298 0.9255056407122539 0.06018597887140208 0.37392105711913515 103.89806520189379
0.3773273018156669 -0.10249611899213752 -0.9203904893555008 -88.44782713627443 -0.016181277065001193 0.99297496550075 -0.11721298631691734 -16.27324817479842 0.9259385906079596 0.0591207533809725 0.3730180464034039 104.35755771284057
0.3767564847011853 -0.10353692382931157 -0.9205078254091971 -89.53531281513375 -0.015570827779169384 0.9928854665656114 -0.11805083483423459 -16.43150095674969 0.9261814620029257 0.05880948636701078 0.37246388248442475 104.79371136404208
0.377005009063589 -0.10521776126870536 -0.9202154344796468 -90.66311824536623 -0.015789799016857925 0.9926520469712423 -0.11996914557839487 -16.59655153785003 0.9260766196098306 0.059758985578778 0.3725734266619467 105.24408251351147
0.37786469430688363 -0.1066850848878681 -0.9196937345980095 -91.75085727146953 -0.016790151451304726 0.9923861272588179 -0.12201584011302677 -16.75732279413504 0.9257085738020404 0.06154727521762307 0.3731964218781827 105.6752612763154
0.3800416395889665 -0.10752741552387662 -0.9186981044332715 -92.77859404964856 -0.01767288630004047 0.9921945938824474 -0.12344049967604531 -16.91297193425103 0.9248005305298849 0.06314857703227744 0.37517494046170324 106.08649137355084
0.38339789119575896 -0.10813336116931613 -0.9172312866604972 -93.84936688949526 -0.019647898878504544 0.9919427717382892 -0.1251538959274567 -17.078329583233117 0.9233742562451615 0.06600540734202645 0.37818417352568856 106.51736134533358
0.3869842734671769 -0.10854147110804115 -0.9156756637253082 -94.87308499568174 -0.021366952588135688 0.9917254442308518 -0.1265863207547163 -17.23645315464179 0.9218387198562327 0.06855211386107524 0.38146295004757746 106.93146374102415
0.39182155133707647 -0.10860445908793787 -0.9136087474263934 -95.9534248236817 -0.02438324669757974 0.9914339062469215 -0.1283131592022254 -17.40443041042799 0.9197180704913284 0.07255260856914178 0.385817041875448 107.37284525932573
0.3971077633947397 -0.10725066522880894 -0.9114838007664238 -97.02101012551344 -0.026226324258406007 0.991416738455141 -0.12808212454071657 -17.573471577051283 0.9173971899714543 0.07476727572239503 0.39088649287680816 107.8168250462998
0.4063438197353099 -0.1066147550895359 -0.9074789221574882 -98.05061804101301 -0.02720355594901254 0.9913174597620721 -0.12864548384844912 -17.732952897127443 0.9133152066546615 0.07696095093013675 0.39991542271495634 108.25494623769464
0.4162521117582989 -0.10637532974253157 -0.903005242885624 -99.08924086712264 -0.028140656726581323 0.9911498621411949 -0.12973069882062385 -17.900641893723705 0.9088136678636353 0.07941183790631207 0.4095747515467577 108.71050361572978
0.42411228115075156 -0.10616470395679137 -0.8993652364923123 -100.15338782633961 -0.02857315982016522 0.9910416563908266 -0.13046075975563737 -18.07382666919631 0.9051587416111039 0.08102771705961904 0.4172794765539148 109.18765088601558
0.43268616022775197 -0.10683833962868429 -0.8951917425517006 -101.24094969819231 -0.029198553779427358 0.9907717581897608 -0.13235848152181456 -18.253307912820112 0.9010716570864685 0.08340798738104492 0.4255737027078734 109.68657284258636
0.44043481312112875 -0.1080203891736139 -0.8912624590510574 -102.2880032657236 -0.030942595977739636 0.9903190896585203 -0.13531687408478832 -18.427725309833022 0.8972512084946529 0.08717623633021261 0.4328285719244793 110.17785512965698
0.4490517861444482 -0.10888128607506237 -0.8868468632763614 -103.26383666865948 -0.031685763652669584 0.9899826584280538 -0.1375876026154629 -18.59642381275459 0.8929437304456692 0.08988437881169233 0.4411034943223736 110.64681629804528
0.45822140116270166 -0.1078122826368954 -0.8822752740664973 -104.26761439351507 -0.03286905164912927 0.9898821270000606 -0.1380326051682098 -18.768624421164443 0.8882301351340077 0.09224904529835644 0.45004148773348046 111.14146465110426
0.4683448024486181 -0.10599224827145494 -0.8771652007037942 -105.2976441503832 -0.03275629334816417 0.9900129999908842 -0.13711777818772786 -18.947535719554047 0.8829383734244731 0.0929510793665796 0.4601955297252831 111.66527968866458
0.48102336663049894 -0.10438906703118656 -0.8704708171098094 -106.30236550279223 -0.03232710564440294 0.9900987968827053 -0.13659916051014095 -19.12369247447624 0.8761115676648246 0.09384719013256645 0.47288606017528756 112.19302217464039
0.49259725109344554 -0.10389484536662622 -0.8640334538207568 -107.30468239077892 -0.03216508508782681 0.9899961895326657 -0.13737886304703195 -19.302384594223923 0.869662782644212 0.09546415985618438 0.4843276150153727 112.73839072199358
