1.0 0.0 0.0 0.0 0.0 1.0 0.0 0.0 0.0 0.0 1.0 0.0
0.999899314668287 0.0009312443870147084 0.014159566016717261 0.017273519188165665 -0.0009251108538051512 0.9999994754096726 -0.0004397161448023992 0.00028471468249335885 -0.014159968071937614 0.0004265727036292644 0.999899651635068 0.1724810153245926
0.9994399641066685 0.0044244717721917985 0.03316899449785119 0.034069871144167464 -0.004456469394126149 0.9999896731087857 0.0008908177833576648 0.0027679928017206655 -0.033164710567116694 -0.001038135502238179 0.9994493605219219 0.3886264774470235
0.9984010949754542 0.00498584988994736 0.056306259445013156 0.0690872557154257 -0.005137971557138248 0.9999835307488151 0.002557240585427777 0.004441064104239584 -0.05629258210539164 -0.002842451760124088 0.9984102692119603 0.6032556023709413
0.9964557059865292 0.003930371707226744 0.0840272466830302 0.11930168137935476 -0.004346126336944551 0.999979200348234 0.004765506979341231 0.0033299332758555678 -0.08400676873175812 -0.005113809651313252 0.9964520619468351 0.8520251236894301
0.993199161094207 0.0011297940601519827 0.1164222915387987 0.186889583810601 -0.0019036030690411797 0.9999768308703589 0.006535596210692605 0.0024682363534822434 -0.11641221025785452 -0.006712770505188438 0.9931783002135245 1.1151919795915466
0.9885020908522821 -0.0012993456647655468 0.15120161401754412 0.261905121159724 0.00020647886405582066 0.9999737452525745 0.007243353644427625 -0.0032205240551453538 -0.15120705587751399 -0.007128850284793455 0.988476406266974 1.345968149874047
0.9821198979027398 -0.0018775680991060368 0.18824712715349823 0.3428560767551516 0.00024045534283074512 0.999961959238285 0.008719074352172784 -0.004511271615137076 -0.188256336745248 -0.008517911385065736 0.982082988785009 1.6197530578217303
0.9737663987274991 -0.0024933532072704255 0.2275363353380314 0.44155064954715434 -8.647898131013869e-05 0.9999358387852221 0.011327437233559834 -0.007687924121266693 -0.22754997963230642 -0.01104995487222642 0.9737037050698014 1.917198696751613
0.9635475914145369 -0.0061064785798252055 0.2674672877168326 0.5578111602509198 0.0018571189976859283 0.9998680575789848 0.01613748872212239 -0.011012810419904335 -0.2675305406645626 -0.015052519808401825 0.9634317990699418 2.2040756998455846
0.9515067163369266 -0.013817914199287113 0.3073174808124339 0.7004231120845704 0.007445367502932133 0.9997324675876312 0.02189885279854399 -0.019664700983750626 -0.3075378598944621 -0.018548813933164446 0.9513550368990575 2.4894524576104775
0.9368479165899936 -0.019644803726516048 0.34918485486563633 0.853949396656689 0.011227342672219705 0.9995959257486635 0.026113827815800867 -0.02378570551713816 -0.3495567592788178 -0.02054426716189706 0.9366899194126472 2.7584399328829585
0.9181982328686348 -0.022677840519472536 0.39547151693426663 1.0249677110492614 0.011595879492350806 0.9994708406020454 0.030390366319604886 -0.022926453110685793 -0.3959514373451818 -0.02331854059786475 0.9179753291503375 3.0490992187723727
0.8969226734118213 -0.026680210218933867 0.4413817897268364 1.2153955318311005 0.01240764608673636 0.9993035584065201 0.03519159664825406 -0.021486085274498544 -0.4420133122863813 -0.026087631911321643 0.8966290577618382 3.32976259765903
0.8739526988192704 -0.033631287400103134 0.4848459721750049 1.4199079910704122 0.016062918336738702 0.9990566685401056 0.04034545451538758 -0.024037316359178263 -0.4857454712923438 -0.027471977601869303 0.8736684883670817 3.5912453235801127
0.8477546155714547 -0.04071386523801959 0.5288236879666754 1.639584789011582 0.020573706630204684 0.998823304860364 0.043917288888489954 -0.027290171148623043 -0.5299894662847457 -0.02635122094327303 0.8475947019548963 3.8310745557388355
0.8212082348947766 -0.0472381501644501 0.5686700204073067 1.8719644296947133 0.02409987336118335 0.9985495754878592 0.04814500386323968 -0.02345341285227844 -0.570119488392548 -0.025832198165415612 0.821155567778093 4.0685193201828715
0.790485278591004 -0.05245754398893837 0.6102304731898857 2.1154901109994166 0.026792624343835933 0.9983333999660833 0.05111338174031218 -0.020374034622797674 -0.611894745533636 -0.02405469997338116 0.7905733310689893 4.290384047916614
0.7573995579183286 -0.05659244967381451 0.6504945843779464 2.380235995985811 0.028124156444430958 0.9981398632471957 0.054091082639918756 -0.00958219693779164 -0.6523457223661466 -0.022673950621497782 0.7575823060722869 4.519189807602832
0.7225955855494084 -0.05788055486346386 0.6888435679551674 2.672297060845259 0.024942066364045782 0.9980226145200971 0.05769535710922814 0.009259764016556846 -0.6908208979684962 -0.024509228367441058 0.7226103961712933 4.7719797490019715
0.6877719811749826 -0.06008603832971146 0.723435809114036 2.970773135883932 0.02366284326483967 0.9978946259133649 0.06038530799664292 0.020719766340903126 -0.7255410200390211 -0.024412774751474714 0.6877457703757042 4.992415208973649
0.6541289641460559 -0.0623001664295542 0.7538129658795065 3.2937018926032 0.023507480703848223 0.9977951968732787 0.06206563821933772 0.03490615279751107 -0.7560176562859935 -0.02287868788775614 0.6541512585208169 5.213178595820989
0.6198881328590027 -0.06635114429632445 0.7818799322089983 3.681654252197157 0.02443138947742279 0.9975675305910421 0.06528498386836605 0.054050798191474375 -0.7843097665774551 -0.02136697360551257 0.6200013245874233 5.471745882602674
0.5882051587387033 -0.0675100922630609 0.8058889989792702 4.093344338251903 0.022822946360381315 0.9974984017142414 0.06690330109169056 0.0778906737039473 -0.8083896364703153 -0.02096010544265582 0.5882744849364323 5.736941323286963
0.5563406954060266 -0.06874630824039471 0.8281056549368901 4.522803127426085 0.0235967089470625 0.9974769905480096 0.06695407869692407 0.10123102397892993 -0.8306191822742879 -0.017708710585554198 0.5565592291997239 5.983754197309086
0.524067842399431 -0.07009568561731033 0.8487870707195324 5.031157819707369 0.026412508394031954 0.9974656103877325 0.0660661448410885 0.13134189900930598 -0.8512668653032023 -0.012204546352392109 0.524591053188283 6.257114346647306
0.49329157731086715 -0.06959578894907148 0.8670754557215383 5.556394907781108 0.02877368900586586 0.9975542712924845 0.06369890616889785 0.16080309592076514 -0.8693880000179153 -0.0064731743894815945 0.4940876475264008 6.520264333417448
0.466960630996153 -0.06887387573330633 0.8815918320521963 6.091469275205361 0.030141010299344594 0.9976225667361367 0.061973654377787485 0.19351859959982431 -0.8837642720758798 -0.002367188263685819 0.4679263914569414 6.778603232765587
0.44379837297276026 -0.06890773503660391 0.8934734065426102 6.665861242498466 0.03147674814222352 0.9976226160813592 0.06130522171378534 0.22819020576647908 -0.8955736812083761 0.0009164797382039611 0.444912285278534 7.039726914297535
0.4270314635670213 -0.07038419515455482 0.901493313450662 7.266797113323231 0.034347657466272094 0.997509097526181 0.061610378826004925 0.26406497890094244 -0.903584178452892 0.0046546132975505035 0.4283853020642315 7.307003184288449
0.41629504840120457 -0.07275809927139114 0.9063137931572338 7.882526225364683 0.037131635397596674 0.9973219949766998 0.06300857075347535 0.30028576638898274 -0.9084710641123022 0.007422757311818507 0.4178818353847785 7.57433972016813
0.40857129622616134 -0.07460623994335522 0.9096721414122722 8.48308257866592 0.037637544356349306 0.9971831090560224 0.06487882758025845 0.337832875899328 -0.9119500595728356 0.00773019889003982 0.4102283911069811 7.838782134253782
0.40219964383295886 -0.07662671536398404 0.9123397355114862 9.070299421405581 0.03736541655533712 0.9970350332756018 0.06726788287709136 0.3739905083045533 -0.9147891954687088 0.0070348357228094405 0.40387032441127174 8.09329522295951
0.39424597946380513 -0.07840603665172236 0.9156541929643492 9.71219701899164 0.03728591336303681 0.9968982056181832 0.069308933767088 0.41394302015954626 -0.9182482607341597 0.006816234430772519 0.3959465501893856 8.369962111858342
0.386355593342221 -0.07890944450170213 0.918968255742065 10.376128752384387 0.03612032993172294 0.9968637963570492 0.07041230913863783 0.45500181968318354 -0.9216423803508625 0.005989247118329023 0.3879941386930372 8.648699612329496
0.3801795896548152 -0.0802411588218947 0.9214254370489323 11.032154792169338 0.03719685131955207 0.9967501282059988 0.07145331464135238 0.4971331133097197 -0.9241644192792793 0.0071090331441366755 0.3819287731841476 8.91318719141235
0.37137652521856646 -0.08103749801260196 0.924939133366321 11.751613838407682 0.037085147558518876 0.9966835710703488 0.07243307938379998 0.5428332963120012 -0.9277414339928698 0.00740155891110237 0.3731501689381088 9.198771214603047
0.36284761055011483 -0.08396259239370697 0.9280581310438483 12.463170557915115 0.03676509792556726 0.9964468828266637 0.07577557178635329 0.5889710399905389 -0.9311229452078795 0.006625162907699031 0.3646452634052043 9.472389817348263
0.3553477346496203 -0.08714820501572043 0.9306627626814782 13.195953616841813 0.035129359843351915 0.9961860265412275 0.07987069926448205 0.6368568903381294 -0.934073827679793 0.004311715034530886 0.3570539084747311 9.750590209246747
0.3432686058293962 -0.0917883158486884 0.9347414451738001 13.981930556495755 0.03650926051476003 0.9957651518637389 0.0843731961611674 0.688240869090005 -0.9385274306852243 0.005164049520179452 0.34516603894929343 10.032976411724595
0.33376369890570445 -0.09460313497771505 0.9378976704018251 14.740472034875664 0.03770140320384872 0.9954949801843671 0.0869962563803045 0.7385930704958831 -0.9419025413965307 0.0063238659153301985 0.3358267577645382 10.295269421286697
0.3214660228007829 -0.09639162769648153 0.9420022559923461 15.500353159417298 0.0389819620215993 0.995309233119358 0.08854341931675239 0.7894096531981556 -0.946118387318201 0.008257395314416112 0.3237156353978416 10.547412295375146
0.30897575700112745 -0.09534726547754604 0.9462784371164414 16.270892847268847 0.03875515577142099 0.9953978389516808 0.08764234200121049 0.8450940356914739 -0.9502799690021428 0.00959380926840877 0.3112489989333431 10.79558577364964
0.29403548671085217 -0.09461008203802773 0.951100449443417 17.025452033681045 0.03915609232213782 0.9954458267651292 0.08691608832631965 0.8963969428702939 -0.9549921114798658 0.011684962672000407 0.29640095927405746 11.021844568060455
0.2755966868462513 -0.09414004704244022 0.9566525585301158 17.810733774315352 0.037138645298960916 0.9954927803571845 0.08726308086516785 0.9518190876581775 -0.9605556658646741 0.01147936407515665 0.2778507458613397 11.250648304901091
0.25213560687773795 -0.09336474211567736 0.9631773775759418 18.622072128301213 0.03440764715686592 0.9955703250139575 0.0874976672188016 1.0080711127765525 -0.9670800119749781 0.011079389932509523 0.25423118919046894 11.465780651650856
0.22674653245029947 -0.09357702089664312 0.9694479620804176 19.400333286112822 0.03183451755418189 0.9955538915445554 0.0886510717509056 1.0612887144760086 -0.9734333944928425 0.010760585049194374 0.22871737208953163 11.647936494152423
0.1952238446620917 -0.09443977790496516 0.9762011979221356 20.21264420330412 0.029265703043926304 0.9954707827241991 0.0904513093759016 1.1158324906258454 -0.9803219721605226 0.010910961998430536 0.19710347994790095 11.815047757914858
0.16274646966221784 -0.09520085424926128 0.9820643481782119 21.014901111844512 0.028654985418564267 0.9953704256355986 0.09174207094168599 1.1732216283178964 -0.9862517317719381 0.013210341411878344 0.16472100186872018 11.945032450126007
0.12781170222639338 -0.09541398902694607 0.987198227040526 21.843631904269717 0.028115221781211355 0.9953102809529992 0.09255797606611371 1.235275170836247 -0.9913998704247371 0.01592530461962325 0.1298948867145553 12.052373990191047
0.09447692685072923 -0.09431466001404282 0.9910493707173612 22.69965058640472 0.024817541799615934 0.995415951389794 0.09236435101150164 1.303012315903268 -0.9952176645899461 0.015869109149132456 0.0963844980427177 12.139740719757574
0.0653728371689416 -0.09249245675862519 0.9935650646048486 23.520868033286277 0.022157578673235034 0.9955839965093282 0.09122251696732271 1.36906207881734 -0.997614872517357 0.01605152133811398 0.06713355937911847 12.198389103116574
0.03307335791336624 -0.0893313576747769 0.9954526917600433 24.36438132113863 0.024622739829063635 0.9957680996729599 0.08854158546701674 1.4347939839822248 -0.9991495752286765 0.021582405094981064 0.03513297753779937 12.227680463780114
0.0016494860324794414 -0.08616686153641387 0.9962793539809974 25.198743055693814 0.026930145725469187 0.9959232027376121 0.08609147170343032 1.4964388654915832 -0.9996359569598495 0.026687941505894146 0.003963247550219873 12.225755010631813
-0.03029967007886747 -0.08217055982056061 0.9961575824596668 26.037938726424127 0.03053082398747187 0.9960740616971213 0.08309231252556351 1.557773875608753 -0.9990744710879956 0.03293118146947629 -0.027671980544706654 12.197820004143297
-0.06044847201449177 -0.07965869607657868 0.9949876754867331 26.878070062030208 0.03369361784382913 0.9960796293298426 0.08179310576519991 1.6178699282747964 -0.9976024871398963 0.0384690027619959 -0.0575275019342083 12.145799718208199
-0.08715182781495479 -0.07588165336739244 0.9933008273381954 27.675897651010047 0.04028491563692152 0.9960106744022321 0.07962325068054504 1.6733476847687752 -0.9953801708295371 0.0469543518647814 -0.08374726479306482 12.065460123927089
-0.11639789533156214 -0.06793652096015826 0.9908764600505016 28.49863875918234 0.04407375043020361 0.9963218039866535 0.07348719224325401 1.7291488411717368 -0.9922242863815618 0.05222539631837006 -0.11297554378709723 11.9696909390658
-0.14209541757593508 -0.05381355454692477 0.9883890902124253 29.339272341759244 0.047438090229129204 0.997003566943762 0.061102496649715135 1.7811939794704945 -0.9887155910065004 0.0555696756193574 -0.1391168259134235 11.850884469645244
-0.1641195846315327 -0.0371554504886558 0.9857404498342142 30.13294765735464 0.048624944456668484 0.9977708649147135 0.0457046595428836 1.8223263161930932 -0.9852412784272488 0.05543260436178372 -0.16194705819097438 11.721519574096652
-0.18640681583936308 -0.02181754901307873 0.982230366850716 30.957336008702402 0.048105918346042754 0.9983515458513621 0.03130513562149174 1.8538574981126283 -0.9812942064583454 0.053086584475345845 -0.18504997951912433 11.572054559155008
-0.20822443844660388 -0.011793353752685282 0.9780099692952321 31.759336569192204 0.050339003626810506 0.998472872237595 0.02275759476455101 1.8741523748946485 -0.9767848114848309 0.05397073478165351 -0.20731278744851211 11.400459958135688
-0.23139486009964205 -0.0075353310607770875 0.9728307342519928 32.56636522305567 0.05303952951193726 0.9983850570618595 0.02034910673076213 1.8921455978321613 -0.971413005383714 0.05630716314459556 -0.23062150019022187 11.206929528281169
-0.25291894224151606 -0.008521082218684403 0.9674499469291706 33.33717449922984 0.05371698627248439 0.9982950499287107 0.02283590755006206 1.9068041097529413 -0.9659950797189572 0.05774412910119676 -0.25203000121634317 11.00678366838413
-0.2721803403188317 -0.013431545396876028 0.9621525117839569 34.08690758661258 0.05440639716028633 0.9980881942075817 0.029324060624110974 1.9218127390624515 -0.9607069304902316 0.06032868448508559 -0.2709292223742888 10.789558737536971
-0.28981137705218657 -0.016778765704107575 0.9569366952691085 34.83701278883622 0.05891815585521146 0.9976372191925127 0.035335956085155204 1.9353788067659168 -0.9552685573396296 0.06662170744793074 -0.28813804235988333 10.552474827702975
-0.30483705793231647 -0.01675038705714162 0.9522572092899091 35.5676384820894 0.06029800385195236 0.9975000317790972 0.03684884438039342 1.9522077299341263 -0.9504938289345386 0.06865210218293723 -0.3030649600716388 10.315251473791406
-0.31582562879149656 -0.013482578534914403 0.9487214513620456 36.30116422148621 0.0622269224199833 0.9974519958508672 0.034890200619365444 1.9686022852192293 -0.9467745150375529 0.07005523570135251 -0.3141819244104197 10.065508369147539
-0.323682446736359 -0.011361944796236607 0.9460975530489507 37.059436564546154 0.06319154146159207 0.9974357204843753 0.03359780632010949 1.9852854348322095 -0.944053230894568 0.0706603829048709 -0.3221344556629499 9.80494108113405
-0.33108463530388416 -0.010115176774244044 0.9435468443402903 37.79463757462461 0.058093234105945024 0.997827193611468 0.031081631884024442 2.002015130736736 -0.9418110959299673 0.06510433847515795 -0.32977762916078196 9.558466391761794
-0.34076339333369315 -0.010661192985985148 0.9400886387611661 38.55542268854893 0.05841446240891648 0.9977635958885092 0.03248934134618692 2.018401075177277 -0.938332595802354 0.0659859506542669 -0.33937854082288205 9.279906008142744
-0.34906146569650304 -0.008873805091844895 0.9370578150514521 39.293638109474685 0.0606697070232677 0.9976432955557861 0.032047487924977386 2.03134749680115 -0.9351338298957643 0.06803756621001854 -0.3477004598338885 8.998002689759078
-0.3547860695519712 -0.006776210791385021 0.9349229528785645 40.02412319172677 0.06392605268181344 0.9974577444548045 0.03148821709236807 2.0471895608594552 -0.9327595106137412 0.07093751471855216 -0.3534509362912613 8.712246272061595
-0.35942849848694264 -0.0032313108782121708 0.9331670338719807 40.76299738259717 0.06630876014068525 0.9973778148515349 0.028993840217920033 2.065936569247269 -0.9308137852460218 0.0722983614751092 -0.35827174619831176 8.423111842948112
-0.3609871256106197 -0.0012529917992454911 0.9325699572444599 41.51735105701156 0.06594793287952491 0.997461271365975 0.026867866939724077 2.084317460954826 -0.9302360804077106 0.07120001500367863 -0.35998804503924237 8.135719714082036
-0.3609305294449844 -0.0006466133273722308 0.932592480564672 42.298195348163226 0.06911143316609361 0.9972315279049546 0.027438833030548344 2.1026885517266303 -0.9300283666213046 0.07435631542481513 -0.359886614972207 7.829896562324133
-0.3584129529390529 -0.0013744715460896548 0.9335621382604788 43.09198157184196 0.06794767771121754 0.9973083009639236 0.027554780385711228 2.1240195626507568 -0.9310871432144046 0.07330936949954799 -0.3573548209894725 7.5321526564992585
-0.3508448788643183 -0.002622956373334824 0.9364299178660117 43.92505297331818 0.06571847096708022 0.9974614971198625 0.027416132789868385 2.143451483315751 -0.9341246991426951 0.07115955215757223 -0.3497818814465709 7.2301196230948035
-0.34389885469272735 -0.0030443865647022082 0.9390017622195793 44.74326264465219 0.06464771818167443 0.9975452305818178 0.026910694479541412 2.159491179432289 -0.9367786559667836 0.06995887830656722 -0.34285784965660865 6.936180700526028
-0.3384223661752035 -0.0039568058333471 0.9409859965801688 45.58227004844774 0.06253747973511833 0.9976857662733138 0.02668661469744919 2.1792644888264743 -0.9389139288032509 0.06787823998327916 -0.3373917290569173 6.642865442283844
-0.3340259434001198 -0.005336212171358053 0.9425487753826444 46.44346116585438 0.059059547152182 0.9979005474583607 0.026579452072677236 2.200470335885081 -0.9407117725562063 0.06454473039657696 -0.3330095175099266 6.353340446882618
-0.33205475057324857 -0.006741532851462378 0.9432360226139322 47.32106907713021 0.05581402580531611 0.9980819152253919 0.02678217734645966 2.2217879293334883 -0.9416073688885094 0.061538948925264916 -0.3310415693232987 6.058264413046454
-0.3309918042853585 -0.008369431094328757 0.9435965123499982 48.225199843317036 0.05327480224753259 0.998200015723719 0.027541315412550636 2.2424314072915554 -0.942128558606207 0.05938586727769988 -0.3299501444555923 5.749836080664347
-0.3312139029621095 -0.009685458151518413 0.9435059842867993 49.13432892192908 0.05187767468948902 0.9982478653822878 0.028458849739892128 2.262149270456077 -0.9421284717879076 0.058372863216578585 -0.3301311125696589 5.440325067478218
-0.3325251815364351 -0.01005241800822411 0.9430408010984195 50.044513759044044 0.0526204281084955 0.9981877371113883 0.02919472599845238 2.282251573410432 -0.9416252408415142 0.05933119224011925 -0.3313935959512894 5.121897497850399
-0.33110598616273673 -0.010222183820366753 0.9435381989538869 50.97562524000614 0.053229798532501094 0.9981466529443028 0.029493181657384154 2.3046515145287367 -0.9420909799352668 0.05998971723577924 -0.32994820707283784 4.795185304104282
-0.3302033525442846 -0.010831972783272092 0.9438476647924375 51.90210486226361 0.05387644570632051 0.9980876991123915 0.030303027548191294 2.3231398784713346 -0.9423709856349404 0.06085731875588174 -0.3289883161865725 4.469990925434933
-0.33096909042988476 -0.011169660831286433 0.9435754871004909 52.865238749179724 0.05434055913755725 0.9980450087771109 0.030874975104672946 2.3449790113750977 -0.9420756683051699 0.06149308198497255 -0.3297150831480977 4.133421662828557
-0.3292039349951815 -0.012297639147342582 0.9441787633997548 53.84194346561804 0.05382736605371416 0.9980448231796493 0.03176705192525749 2.3659452444155176 -0.9427233867086399 0.061280494414652796 -0.3278983335683302 3.79510486522589
-0.32936918301102114 -0.012995158331423933 0.9441117874185205 54.82152214463921 0.05439325091368963 0.997983594859341 0.032712667984543746 2.3835876116681303 -0.9426331818569156 0.06212785407180755 -0.3279981923894387 3.4574845442015705
-0.3274089439597425 -0.013419266872871021 0.9447874399523741 55.81740864934465 0.053582104143244214 0.9980264494912964 0.03274391899848671 2.4057886769882075 -0.9433622536071438 0.061344350941155076 -0.3260437533167284 3.1146025659878083
-0.3256954704066517 -0.014429429752951771 0.9453646133178429 56.760713357043784 0.05460238213398751 0.9979276715164963 0.03404324142848621 2.425463372976382 -0.943896731863123 0.06270688940354822 -0.3242326411690335 2.791170416998106
-0.32442591635354107 -0.016789129156772234 0.945762100076083 57.74498040878072 0.05650502738942351 0.9977129804264282 0.037094346851434284 2.444363152418027 -0.9442219054215413 0.0654746808374904 -0.3227352777298185 2.452699229880985
-0.3220858033475051 -0.018644947023880143 0.9465268623934924 58.70419295030907 0.05779763397683925 0.9975537891760204 0.039317568684281004 2.4639201232124366 -0.9449445321227441 0.06737064383721252 -0.32022027974550243 2.1257293594389144
-0.32010131359434113 -0.019824541246799623 0.9471758741646301 59.679169100637466 0.05900013330459167 0.9974232188083276 0.04081552219530341 2.485493609138718 -0.9455443581901473 0.06894860510836193 -0.3181068319737781 1.7960746515887736
-0.3192600086360329 -0.02039659177291061 0.9474476375661979 60.66143589848586 0.05892106751646827 0.9974068455072251 0.041326654087238235 2.509041041273563 -0.9458336823609318 0.06901857416214632 -0.3172303291493175 1.4692808830326012
-0.3168732247655633 -0.021078309993387008 0.9482336548944545 61.64238569175855 0.05777262083983877 0.997467713268142 0.04147873273040131 2.5308891799612376 -0.9467067569780883 0.06792544321126304 -0.3148530616916159 1.1423672825841065
-0.31671601487044243 -0.020542109552287236 0.9482979424525436 62.60125560274831 0.055385971329985115 0.9976590757916087 0.040109383820591565 2.553023168036748 -0.946901980198806 0.06522568685552721 -0.3148368619933266 0.8305244801544275
-0.3182121785021475 -0.01877895118597592 0.9478335088217088 63.55558704722217 0.053209812633075976 0.997873928134059 0.03763428476610189 2.5794924258545913 -0.9465250790615484 0.06240973115354554 -0.31653641206798283 0.5154651760345259
-0.3206136989255496 -0.01848600179806232 0.9470296319539316 64.48905035610981 0.051411593950051744 0.9979961244578679 0.03688608917452664 2.6002668441232184 -0.9458137787475885 0.06051448838582514 -0.3190208341575983 0.2036189456868498
-0.32376564170489414 -0.020952727708939793 0.9459052766810074 65.45415943275908 0.049833300979181754 0.9979894120382009 0.039163446900965015 2.6215590632216985 -0.9448240319577696 0.059817360867907315 -0.3220705388169837 -0.12242031071963022
-0.32707341307352045 -0.024543140938468586 0.9446801663490734 66.39850381826605 0.05212172096232173 0.9976724573963257 0.0439658271468052 2.6404753849344997 -0.9435604425071902 0.06361840917259208 -0.3250329050265288 -0.4540003819615912
-0.3314523298929917 -0.026261302993369526 0.9431064080863824 67.34169211272868 0.05105550221703013 0.9976485893293574 0.04572338463532918 2.6664178677454213 -0.9420895332726472 0.0633058936769229 -0.3293321653344719 -0.7829820683154025
-0.3352252979744586 -0.024522863376960857 0.9418187876495833 68.289704497881 0.05239005694396773 0.9976292047919129 0.04462344316235431 2.689888227305951 -0.940680222781017 0.06430084694660684 -0.33314579323564303 -1.1231373545525842
-0.3403241959052102 -0.022640644379196856 0.9400355540635507 69.20946474257983 0.05251079217185331 0.9976924268313849 0.043039959906882023 2.7186157197743497 -0.938840805667796 0.0640095513606862 -0.33834999475047606 -1.4539618738751352
-0.3447137163052927 -0.02120930395553096 0.9384682302649976 70.13513894687595 0.05209185678489421 0.9977719718217763 0.041683698295461105 2.7448237221391256 -0.9372613788307382 0.06325549519691435 -0.3428408524077853 -1.7890219644712952
-0.34768332627636905 -0.019783306589031744 0.9374032885635748 71.0520468435277 0.052964957532473184 0.9977665375652474 0.04070196295809051 2.7734139060280802 -0.9361148529443295 0.06380091923681691 -0.34585896663460086 -2.1287968341059553
-0.3495052985763601 -0.020103650121056794 0.9367186821660275 71.92846938574667 0.0543708499061793 0.9976497816779972 0.04169800712652999 2.7989194382979434 -0.9353554709026558 0.06550386530316021 -0.34759083227671056 -2.4555697770650777
-0.3527019903792114 -0.026810029216266216 0.9353515533295307 72.89816136384054 0.05487736674293425 0.9972763617156186 0.04927811870009437 2.827928003318402 -0.9341251418315988 0.06871012077330418 -0.35027009392954706 -2.817244611644757
-0.3529572986058415 -0.03527869135470439 0.9349740955219916 73.82210524345814 0.05624348158552393 0.9966818013456382 0.05883925259172436 2.862118283019763 -0.9339474375680923 0.07335394197119481 -0.3498019197449908 -3.163047952264743
-0.3535966671969619 -0.03819313065335974 0.934617933552581 74.73697993152295 0.05689860934372839 0.9964376464242726 0.06224600423486292 2.8961967806694413 -0.9336658637874424 0.0751884403306265 -0.350163894824548 -3.5060324155114775
-0.3536923454340454 -0.03382039656080121 0.9347501835024341 75.62354306950685 0.05598494053108228 0.9967889804122958 0.05724871144704647 2.9318731085042775 -0.9336848564773317 0.07258036445958475 -0.35066319949464153 -3.837763960469699
-0.3523378282642777 -0.027664108360875822 0.9354639233463845 76.48674575666132 0.056961832256846215 0.9970759311182398 0.050940526603464105 2.9645085491870495 -0.9341377866460362 0.0712340135980912 -0.34973176988479565 -4.16265516470734
-0.3520829513676358 -0.024653972286493457 0.935644043964772 77.39187721733256 0.06179634787975854 0.9968595118308972 0.04952095577620905 2.996821780765346 -0.9339265531855163 0.07525486909670498 -0.34945371357628874 -4.512782650550124
-0.3497188854440395 -0.024865118543822468 0.9365246537297248 78.28722190939705 0.06453958342885412 0.9966334200001552 0.050561529937540824 3.02637645661533 -0.9346289869967704 0.07812523291867048 -0.3469367444460082 -4.849188573760198
-0.3471413589333555 -0.02738688705590215 0.9374128414606292 79.15620759793893 0.06495162986543904 0.9964711530035331 0.05316509202129415 3.0612095161050297 -0.935560881341095 0.07934229420174921 -0.34413752724031255 -5.166292317907988
-0.3449421604217623 -0.03155229845494135 0.93809346998355 80.04141445245911 0.06508873241860735 0.996224868078318 0.057441005688244465 3.1026533192633114 -0.936364439134521 0.08087313945030393 -0.34158625914949436 -5.4841932871204575
-0.3413257468702032 -0.03678168003674746 0.939225128782856 80.95339900548845 0.0647750456214558 0.995938053018933 0.06254268952959338 3.143298402649617 -0.9377104713013694 0.08218578078068689 -0.3375567647807292 -5.808062670176568
-0.33965794102652147 -0.040315553733500424 0.9396845956089658 81.87376703905042 0.06044428160882862 0.9960800623779397 0.06458326527787683 3.1885229567386637 -0.9386048007113627 0.07873477922951985 -0.33588965840177654 -6.124467321742815
-0.3372859469196907 -0.04189245421454216 0.9404696764332011 82.77246350101666 0.05600406034504524 0.9963471346595336 0.06446652216930585 3.2368694697011837 -0.9397349281767472 0.07441377248614373 -0.3337077392405281 -6.426883272528405
-0.33586676983155417 -0.04277119280515947 0.9409379033650105 83.65036501293233 0.058405184344881185 0.996100468605169 0.06612632521321259 3.2741071310920327 -0.9400969882754431 0.077165286953312 -0.3320589874176797 -6.73783555930006
-0.33477460462301123 -0.04142704868234667 0.9413871486997137 84.55155010933274 0.06178794735200557 0.9959179940503198 0.06579968608445651 3.3158959688399343 -0.9402702875564729 0.08019444347495473 -0.33084836039220444 -7.055954358719428
-0.32934724673538884 -0.03937347864209431 0.9433875768990385 85.48135465851274 0.06278368600318274 0.9960057606259152 0.06348805849800226 3.3634868815341488 -0.9421192068096651 0.08013896667422499 -0.3255597428748136 -7.375550152374489
-0.3217118848296618 -0.03905929468018787 0.9460316245551377 86.38664861403909 0.0671589060362736 0.9956908850013848 0.06394796998474753 3.4077853438638375 -0.9444528280964368 0.0841072709356655 -0.31770241182023956 -7.681245415949861
-0.31269281029913765 -0.03916279318477509 0.9490466174099113 87.3022701282731 0.07174443672781639 0.9953216820552515 0.06471077985400603 3.450979896024564 -0.9471409304775273 0.08832341060371149 -0.3084202213757917 -7.984239303569637
-0.30205183127969193 -0.0394709868258825 0.9524740061647748 88.21293663904304 0.07081207768157698 0.9954531183685309 0.06370823168779532 3.4991955397928507 -0.9506578463753418 0.08668985136311233 -0.29788341477101177 -8.26340261685173
-0.29202481228902355 -0.041058125369004196 0.9555290363713412 89.1248156508034 0.07094649668299416 0.9953955685490247 0.06445352373124329 3.547827273510944 -0.9537757092817843 0.08661346577840641 -0.2877672739035527 -8.533618027977784
-0.2798954658807772 -0.04450411043103045 0.9589983901624266 90.05297164333071 0.0732068434643903 0.9950270256653105 0.06754240346349771 3.5954500739261355 -0.9572352303636569 0.08911005751534615 -0.2752455474667098 -8.799564659245323
-0.26821056294437834 -0.046706973648468174 0.9622273912842335 90.9382635859126 0.07397387443905158 0.9948764309034146 0.06891119744540276 3.643821568826935 -0.9605159862415281 0.08966239928467871 -0.2633812717885989 -9.03644234531997
-0.25599913646408257 -0.047641000959376026 0.9655023444597288 91.82056805640903 0.07585646915879325 0.994714924295973 0.06919548735010043 3.692890222571526 -0.9636961337560741 0.09095358382408907 -0.25103228352773543 -9.26538741020871
-0.24014189808116898 -0.04799804282029371 0.9695504404987885 92.69718789915419 0.07925207132134743 0.9944733423700962 0.06886131356956096 3.737804767473639 -0.9674972754366027 0.09337536720501072 -0.23501077171500012 -9.483031121250441
-0.2270293796504425 -0.04547936327770867 0.9728254151138269 93.57246252579758 0.08211510291524245 0.9944579756401875 0.0656539759560675 3.7795908924177026 -0.9704198939885531 0.0947890405135264 -0.22203663470195772 -9.68357982758429
-0.21467624616227482 -0.03761227929665145 0.9759607706151848 94.4614238150158 0.08437032320032509 0.9948087101389311 0.056897089510706975 3.8215320792250216 -0.9730343045837323 0.09455657924135898 -0.21038843938160084 -9.87484437540228
-0.19941208758289852 -0.0340862978693902 0.97932269636897 95.37662090636825 0.08139446518939594 0.9953650665058017 0.05121840896038531 3.8624517102369125 -0.9765294467461608 0.08992501697225455 -0.19571338983364706 -10.051070271956062
-0.18577454242277253 -0.036984389960605116 0.9818961117586992 96.31869814426997 0.08053303900300042 0.9953563002577019 0.052728219828104446 3.9041460278007896 -0.9792866020816128 0.08887063877649123 -0.1819333959087987 -10.221935202744733
-0.17222017725567135 -0.04235598554043715 0.9841474386670543 97.2692359220536 0.08005784808148818 0.9951683067377797 0.056839970313343306 3.9403201323255392 -0.9817998530793262 0.08857771589716382 -0.1679971331298687 -10.380673346249775
-0.16053309808677657 -0.04260679354547729 0.9861104327419089 98.16952043088327 0.07868591060293839 0.9953357287348847 0.05581500314774444 3.975709742955865 -0.9838890445020964 0.08655315273038532 -0.1564317738222732 -10.517901030750203
-0.15235421208363348 -0.038590271241216965 0.9875722682547867 99.09542713141025 0.07436756797481262 0.9959569478005232 0.05039070312445884 4.009576142208313 -0.9855240529250855 0.08112058366034494 -0.14886837143167148 -10.647683420638053
-0.14680178581255154 -0.03250887042463087 0.9886315840726314 100.04597736600368 0.06852510618082905 0.9967244273876823 0.042950269750062366 4.044167657050831 -0.9867895142861784 0.07405126057273825 -0.1440932521058379 -10.772035161762236
-0.1440899674850638 -0.03045488877973258 0.9890958401588632 100.97909782856794 0.06564814476126112 0.9970302076340227 0.040262714198895495 4.07305787035078 -0.9873846273664371 0.07073376007728951 -0.14166274325231282 -10.894155937498143
-0.1414647826418039 -0.03172900172599502 0.989434679866023 101.9326704190279 0.06544543452368089 0.996999917113863 0.04132868707032855 4.101712549972266 -0.9877776117993939 0.07060053628990612 -0.13896385826344876 -11.020549963967907
-0.1372109104792067 -0.0325403287862199 0.990007218684769 102.88924859451197 0.06356574662151983 0.9971109196285202 0.04158376863651933 4.129139505285318 -0.9885001577652459 0.06863629477216508 -0.13474604683638253 -11.146781199544304
-0.1320350208372827 -0.03627881242789528 0.9905809411861911 103.83842805680301 0.06007616733144812 0.9972000997502121 0.04452881288481945 4.160536859990516 -0.9894228658118137 0.06538966911515157 -0.1294858439434552 -11.263336093369212
-0.1269671625022618 -0.0406628702865448 0.9910730904560894 104.78643297612096 0.060325481094277454 0.9969932593454649 0.04863411508859241 4.191539833582899 -0.9900707934167476 0.06596189657496296 -0.1241323979602652 -11.378739781787015
-0.12334590006077423 -0.04409456018494958 0.9913836082467237 105.7395564529729 0.058290347683208614 0.9969654814982887 0.05159519423217517 4.223942216969376 -0.9906503037425306 0.06415215088351352 -0.12040131740081078 -11.48981751266027
-0.12073817853876562 -0.04489003784779672 0.9916688846309359 106.69416780584362 0.05314287937229046 0.9972521881110397 0.051613057260404896 4.257097067515609 -0.9912608771736952 0.05893180643563395 -0.11802082686996235 -11.59131768482028
-0.11698003984862188 -0.044346269806523786 0.9921436784212568 107.64004602974988 0.0465845413626038 0.997657926168579 0.05008535573445156 4.290680570439775 -0.992041103373772 0.05207754513470946 -0.11464021331841462 -11.690506628576331
-0.11306603847181529 -0.042706260298553185 0.9926692532135777 108.54751178179873 0.04737945120901619 0.9977075750531916 0.04831958489693648 4.317496011309061 -0.992457182223708 0.05249542849422241 -0.11078344388845085 -11.791203022083353
-0.10931074207325181 -0.04040673474790231 0.9931860135213382 109.49464484284616 0.048980375325778355 0.9977406978807049 0.045982851428222025 4.348820715732599 -0.9928001231367474 0.053673043322851756 -0.10708463904838267 -11.895106838711941
-0.10273015335130087 -0.042781580402505834 0.9937888367106378 110.41953740005043 0.04735688331408193 0.9977314366834098 0.047846691175420474 4.381574322994614 -0.9935813208767539 0.051978039900746155 -0.1004711011827869 -11.987280758109112
-0.09792711939907378 -0.047582636260586925 0.9940554169726616 111.36292884488628 0.0477602200863501 0.9974807228732718 0.05245158599621833 4.41452395383847 -0.9940469006357311 0.0526127382171653 -0.09540785666699086 -12.076918252852
-0.09095743795130218 -0.05240674375302321 0.994474875344038 112.27371760661137 0.0482076046799317 0.9972118955760318 0.056960180588553296 4.446491435790106 -0.9946872731327965 0.053122203746288045 -0.08817743553074908 -12.153882065533534
-0.08633330848961862 -0.04949229788728563 0.9950362165745891 113.14706427946693 0.047365314892599465 0.9974319897092773 0.053721065232526906 4.478834765349016 -0.9951397322940941 0.05176812102470688 -0.08376738539079553 -12.222062212112519
-0.08347511780521816 -0.048184004845270946 0.9953442652592499 114.04870888396087 0.04766227059347868 0.9974941378784004 0.05228530252471197 4.511002722813871 -0.9953693850371725 0.05180488949218539 -0.08096938159220118 -12.291544768588683
-0.07846133170118968 -0.04835637330067864 0.9957436821737217 114.9379581980251 0.04763058466896848 0.9975003901606074 0.052194818071610014 4.544707964579025 -0.9957786635752789 0.051523128696165724 -0.07596196665167526 -12.354193345024102
-0.07291557801180137 -0.05009133607181124 0.996079402725378 115.8572187788358 0.048377511677607996 0.9973846326472765 0.05369833258994405 4.577706891472228 -0.9961641103990285 0.0521032878962375 -0.07030158279380339 -12.413374046916212
-0.06667318322974508 -0.05222182132186986 0.9964073303703863 116.75484459145862 0.0505607002564892 0.9971696208954046 0.055644970598331026 4.60805219360075 -0.9964930015948866 0.054089079684742 -0.06384410099039178 -12.471976373258416
-0.059694154612594585 -0.05314246780861696 0.9968011266146812 117.64098976898264 0.053896676987291885 0.9969536809711799 0.05637824232576451 4.639405390958961 -0.9967606313026289 0.057089719855900625 -0.0566481047517004 -12.52728078915803
-0.054186311825050126 -0.053707791711084106 0.9970854109454804 118.53896329849752 0.05612605551657083 0.9968099545868636 0.05674310820430917 4.675041629441702 -0.9969522102402649 0.059037170884570125 -0.05099904853030918 -12.575411703052781
-0.04723805743635556 -0.05454076604356627 0.9973935385639013 119.41064041078927 0.054536225515029034 0.9968780789894026 0.057095496643538045 4.711902375588729 -0.9973937868446011 0.05709115929615843 -0.04411613643563084 -12.613718991896976
-0.0415260982382023 -0.05623273350031224 0.9975537393284606 120.29205070547201 0.05261249011923169 0.9969066923365395 0.058386408162125515 4.748626070295601 -0.9977512260321033 0.054908345974937454 -0.038439101104625784 -12.645096160237483
-0.03845633819383948 -0.05733440963296772 0.9976140914826536 121.17123774676536 0.05306838640190428 0.9968265258754003 0.05933484369135993 4.784833828331379 -0.9978501172107058 0.05522357090245968 -0.03529165339512713 -12.67952855260851
-0.03545667910778677 -0.05856730217646641 0.9976535947022985 122.07263400841829 0.05321958614967946 0.9967541319859223 0.06040592701918979 4.824219421813077 -0.997953154991107 0.05523650500132417 -0.03222466382345063 -12.708118197569496
-0.0327513704540231 -0.058277484815566195 0.997763039251783 122.97125865262672 0.05338148667529453 0.9967716879422265 0.05997181835779404 4.864622961421594 -0.9980369555350738 0.05522623362475791 -0.02953470003072589 -12.733193909352662
-0.027846304742900674 -0.060476621817660454 0.9977811190465018 123.8858987959433 0.051202212958754344 0.9967715907034094 0.061844396308167085 4.906557607367146 -0.9983000133728799 0.05281073924988115 -0.02465986860445918 -12.754392680771995
-0.023915143736056188 -0.06277097255816955 0.9977413847807384 124.799523271948 0.05402911392397773 0.9964870826736725 0.06398709958345881 4.949324364636631 -0.9982529342549782 0.055437343628777565 -0.020439671785799862 -12.778994114866096
-0.02016310481702538 -0.06470064334623211 0.997700995265977 125.70616451598328 0.053888594515765845 0.9963829450114117 0.06570423328448168 4.991108839697713 -0.9983433620680076 0.05508950572450155 -0.016603547023967324 -12.794703065479828
-0.015204831919990947 -0.06441729730087138 0.9978072082796037 126.60262075059235 0.05160384581570475 0.9965421071631102 0.06512197592163262 5.032330710547873 -0.9985518795652604 0.05248085802804557 -0.01182807496283017 -12.801315491051177
-0.011862101847916529 -0.06367363625786085 0.9979002748699148 127.48306716309203 0.047956545059117665 0.9967858588603338 0.06417259042659915 5.073029304737829 -0.998778984723719 0.04861707129978993 -0.008770407772086208 -12.800368985928987
