1.0 0.0 0.0 0.0 0.0 1.0 0.0 0.0 0.0 0.0 1.0 0.0
0.9999315867476978 0.0011656594560221023 0.011638860007069896 0.016147540882229805 -0.0011636416652357853 0.999999306744099 -0.00018013716081989944 -7.319812721107155e-05 -0.011639061916946405 0.00016658137461079424 0.999932249949135 0.13440877199172974
0.9995940234551299 0.0031490933333572606 0.028317335396589077 0.034561700345113744 -0.0031763534178673126 0.9999945342570162 0.0009177336530789128 -0.004558142016953259 -0.028314290592383103 -0.0010073069398131755 0.9995985625644822 0.3333237978114739
0.9987390036516653 0.0037635310106730892 0.05006234532271098 0.0644159453472048 -0.003904626785395779 0.9999886752301107 0.0027209008057712527 0.0012137754162249992 -0.05005153818361059 -0.002912944534277785 0.9987423883462616 0.5581792175734541
0.9971019811484992 0.004451321118799796 0.07594619760090372 0.10549551335137793 -0.004812443941874066 0.9999779654467629 0.004572636467016012 -0.0015971469163719304 -0.07592416988709529 -0.004924871698886378 0.9971014321851641 0.7671808976725454
0.9938556180243716 0.002423225378004006 0.11065775390889525 0.17326101802888083 -0.0031765358391403426 0.999972964176821 0.006631782225386709 -0.006159656440143046 -0.11063869188243723 -0.00694254234338513 0.9938364457818768 1.0356625855336192
0.9892205500070018 0.0015469436739282568 0.1464251017043 0.24301612763612096 -0.002773005754059864 0.9999627836984504 0.008169556728144943 -0.0068330987330294645 -0.14640701445946114 -0.008487531049493768 0.9891880245604225 1.2438185684195735
0.9836862711994544 0.0008020803370826079 0.17989073494998672 0.3205079842005877 -0.002548006472681068 0.9999518684137483 0.009474624998857714 -0.007465441967600368 -0.17987447711314877 -0.0097784212931674 0.983640968524738 1.494870396861431
0.9759232558199531 -0.0011225299857194869 0.21811129882748778 0.40935085495239315 -0.0016761115117626677 0.9999186337126535 0.01264581371128507 -0.00964158937705153 -0.21810774722595858 -0.012706922548420188 0.9758419670824605 1.7449698677824599
0.9650107085461151 -0.004503719342284253 0.26217179273028396 0.5349510111152664 -0.0001606957878901613 0.9998421363815737 0.017767287153492087 -0.012101577405791698 -0.26221042421724733 -0.017187752267729055 0.9648576447351156 2.0797849093140712
0.9530903333645919 -0.01090734466664782 0.3024894151524881 0.6753805191503695 0.0038953069081382554 0.9997097526459318 0.023774714482019697 -0.013722154931996553 -0.3026609374053129 -0.021481161442833956 0.9528561888721742 2.3749946790557206
0.9389299164228727 -0.014237602253578 0.34381376169113165 0.8210101196186212 0.005054371121010801 0.9996065068456528 0.027591390041153015 -0.011665297004509275 -0.3440713085665651 -0.024168619197232937 0.9386324160540114 2.6510085570450945
0.9212495885010756 -0.016944612411741857 0.3886027223229587 0.9741299597682929 0.005269991297533252 0.9995027318738757 0.03108884314964422 -0.007279458102843779 -0.38893627097292255 -0.0265926509937445 0.9208807784044589 2.9033807175830852
0.8990832914226167 -0.02172237779636764 0.4372383484868936 1.1579829612917252 0.0063603831755020416 0.9993109291050543 0.0365679162252142 -0.005660970138968645 -0.43773140235826713 -0.03009659904483175 0.8986019219406332 3.1824817545371755
0.8747817903016427 -0.028143765009855423 0.48369902609755483 1.3575189242229246 0.009713104095869849 0.999129591191344 0.04056742060620421 -0.008846379581642767 -0.4844197301570981 -0.030789421834258653 0.8742937358449027 3.4271940726939203
0.8496864938582525 -0.03497120438200564 0.5261272441329591 1.565686440793222 0.013605360333523494 0.9989200783450995 0.04442489447613388 -0.01007398401980209 -0.5271126599931605 -0.030589082089736448 0.8492446948505729 3.6537479199850265
0.8244971526477827 -0.04006056912518191 0.5644462738623275 1.787728183580578 0.01583169716424987 0.998733478830444 0.04775767611744272 -0.004078152449735133 -0.5656445903927647 -0.030439925502628917 0.824087136348333 3.8929408145292466
0.7938947195884433 -0.04292751010861857 0.606538047516775 2.0198227923287964 0.016040560537000863 0.9986362347039809 0.04968270477655527 0.0017129323632455468 -0.6078436267883756 -0.029713626707791624 0.7935006148457757 4.12281356086443
0.7599352223401796 -0.04683828607122829 0.6483090565499544 2.3192355751982237 0.01737150763330899 0.9985075995375037 0.051776484898053865 0.011680357842931435 -0.6497666416255362 -0.028084668838394635 0.7596147463069093 4.399590339530186
0.7242578852427668 -0.048444231103650634 0.6878253209474418 2.6160969962000324 0.014746539589888905 0.9983890048005926 0.0547899138839084 0.02893787859678734 -0.6893714929077058 -0.029538983835913312 0.7238054940383793 4.662201566650833
0.6877913317422951 -0.050824379860755164 0.7241270374678258 2.9198788835445604 0.01308700220221412 0.998251992544735 0.05763410235117547 0.043728744113649305 -0.7257904755186028 -0.0301635838758625 0.6872542061379068 4.894576268861025
0.6523671462662692 -0.05305339230324662 0.7560439431921416 3.266208204962031 0.013011248752706116 0.9981839307705171 0.05881792037648822 0.05404379694168952 -0.7577914052549682 -0.0285338030524765 0.6518726932500418 5.143364527824229
0.6197868610498232 -0.05733040004260971 0.7826732856696732 3.653343937875373 0.014492930550520644 0.9979940956146429 0.06162580695105818 0.0694676041299192 -0.7846363500590992 -0.026851635876900343 0.6193745133735077 5.4122115850887935
0.5875863983635703 -0.05779265251739535 0.8070949347958586 4.011866129899138 0.012183218753448275 0.9979649384519238 0.06259034111948548 0.09216210051238974 -0.8090697087636721 -0.02694421896532773 0.5870947244060495 5.642432191157883
0.5585112226313074 -0.06009076040077677 0.8273175416424692 4.435608412362006 0.014464121504245274 0.997926464665693 0.06271810192394087 0.10880427782914331 -0.8293708479226845 -0.02306234234174499 0.5582222899362936 5.8902632035892415
0.5261724033207836 -0.06174183006531611 0.848133567549249 4.90898657706084 0.016836038030431596 0.9979216250866922 0.06220110937735171 0.1329263927701009 -0.850211238344371 -0.0184492982121553 0.5261183075966949 6.148559756669069
0.4938113766343751 -0.06116666602472389 0.867415104361161 5.40741542925071 0.01804218101196687 0.9980289444110657 0.060105788590332845 0.1564855507184364 -0.8693818516686412 -0.014030861882088769 0.493941627020897 6.403034173451996
0.468108553900666 -0.06133897157638295 0.8815395126317246 5.930447588668424 0.019304586742850186 0.998059720948206 0.05919566159336688 0.18302004736984986 -0.8834600809859575 -0.01069223955681517 0.46838441617708065 6.655671825110618
0.44433081010500547 -0.06110619471231228 0.8937763501901416 6.528791439557543 0.020930217076475438 0.9981067911796382 0.05783389502893381 0.21474423908102958 -0.8956182541711403 -0.0069904484024344155 0.44476856501620227 6.933296219815787
0.4269193832247917 -0.06274394964445587 0.9021103241898838 7.119273913812636 0.02252922456096606 0.9980183115920171 0.0587527341295761 0.24457653463909773 -0.9040090012094153 -0.004758834944929017 0.4274869345632939 7.202902564469411
0.41460096963413645 -0.0643824016042984 0.9077229436023397 7.729711256095555 0.025526451677794677 0.9979244004224606 0.05912098871140244 0.28112678710884087 -0.9096452254825367 -0.0013406733887856223 0.41538387830016893 7.472270971344946
0.40549326019249715 -0.06607453013212912 0.9117068456506611 8.36333379917519 0.02362810227666347 0.997808482021258 0.06180571162308979 0.31913580616542647 -0.9137926070620529 -0.0035198969091959353 0.406165830178371 7.754877576888391
0.3956012739564758 -0.06732463133640376 0.9159514321509796 8.955519014678323 0.02202163204993801 0.9977182011110465 0.06382349797366643 0.35415546284540167 -0.918158308662439 -0.005077911692298355 0.3961811896682813 8.008178524925555
0.3850216974641424 -0.06928340864281231 0.9203032661947167 9.621965496908913 0.02151500767141047 0.9975810198536226 0.06610002475570993 0.3908326503787453 -0.9226567058915952 -0.005649611901661824 0.3855809706905037 8.285820277413553
0.3760763621179865 -0.0700067937179083 0.9239402679228996 10.31271785407275 0.019469738405935747 0.9975186551180497 0.06765694330873977 0.43783025398573483 -0.9263840991416605 -0.00745530179240465 0.3765062009219485 8.572368748250437
0.3667173455775492 -0.07124432031489436 0.9276004717956028 10.979950109360026 0.01980145106285471 0.9974353400649867 0.06877968395717898 0.4802495219312245 -0.9301216538648918 -0.006854867782297859 0.36718758121609385 8.83398099741397
0.35561364101127463 -0.07084658019163488 0.9319440436001801 11.704253534113782 0.01922303075977687 0.9974664214998845 0.06849243073963279 0.5252889300056476 -0.9344353446949195 -0.006442053660516266 0.3560745519263095 9.106830133124399
0.3463640423779738 -0.07309642150105725 0.9352480223509319 12.416221781929869 0.018750999740348155 0.997299920137575 0.07100189646991283 0.567847983177589 -0.9379127625511483 -0.007055668453557942 0.3467994627826676 9.364744797586544
0.3369337504043442 -0.07473775962829643 0.9385573584625537 13.13352303602665 0.016403927411805772 0.9971591645240838 0.07351538458785244 0.6108321394053282 -0.9413854465647595 -0.009373787461566946 0.3372025698370255 9.625641758461496
0.3245021088829595 -0.07843690506423066 0.9426271973874172 13.913964466007018 0.016351436500266766 0.9968721048824194 0.07732164659183288 0.6570658592053411 -0.9457436290321439 -0.009677728619847892 0.3247696563933751 9.89213650187246
0.30969720625115177 -0.07976729168734792 0.9474834139007907 14.694108154231012 0.015798784531666686 0.9967689983599154 0.07875253847269237 0.7028975816132872 -0.9507039701439947 -0.00942035484663261 0.3099568003238677 10.14147106992158
0.2961356807991089 -0.08118160693937514 0.9516896580568633 15.492645192726625 0.016248292285003782 0.9966654597237705 0.07996220601901018 0.7482178401428957 -0.9550076709406422 -0.008216330588914966 0.2964672669219729 10.384932289557574
0.2807625256741841 -0.08017170380041982 0.9564229723750842 16.307938004703804 0.01503541096618919 0.9967502444394793 0.07913840172075856 0.7953874596413906 -0.9596594920043938 -0.007838885097774771 0.2810555306096874 10.622737003140962
0.2656822746659861 -0.07874804123036165 0.9608390473594883 17.0628156096991 0.01469530590959732 0.9968733131313854 0.07763791310099966 0.839543302154105 -0.963948638109174 -0.0065071936221600055 0.266008795942226 10.827219137352866
0.24610929033172496 -0.07756392125137204 0.966133559779664 17.89523387886229 0.014093068269692359 0.9969738241848116 0.07644984837825536 0.886354873197997 -0.9691396197861072 -0.005199231714724695 0.24645763398689052 11.038017251488375
0.2232764928996146 -0.07737607484436813 0.9716792427340037 18.74745758734252 0.009914786029624964 0.9969731373141325 0.07711199966284507 0.936459417651817 -0.9747047269488514 -0.007583305064060651 0.22336783284051953 11.244453161753626
0.1966858315607365 -0.07725161339919151 0.9774184732705247 19.56115854513456 0.00771731696577653 0.996982280072046 0.07724491077860156 0.9813508753059044 -0.9804361920503095 -0.007649931343890123 0.19668846399400863 11.411085417525321
0.162759890144212 -0.07701412235516295 0.9836554493917615 20.378483077597373 0.005137640625646596 0.9970016960875646 0.0772089544503855 1.0315391624405146 -0.9866523312743178 -0.007512852746060443 0.16266755741256544 11.546928535755345
0.12942918257219282 -0.07702626894610412 0.9885924542453965 21.20466072376791 0.003259478931071008 0.9970060327556779 0.07725507391674791 1.0842180373178025 -0.9915833109203644 -0.006776764790570364 0.1292927413398811 11.660029819270344
0.09218617586619215 -0.07732974366625611 0.9927345162346674 22.044773426900125 0.0032080752896967296 0.9969977587776564 0.07736392728698602 1.1347103640245073 -0.9957366204133017 -0.0039471175358159125 0.0921574903686907 11.73772207114383
0.0580381554503685 -0.07523062784112623 0.995475728054958 22.9394315117075 0.0003957225452516644 0.9971582248189892 0.07533470700486901 1.1928003244215628 -0.9983142871438764 -0.003978355247114387 0.05790299451618819 11.80002284843543
0.025209568372081825 -0.07193621054035866 0.997090597325833 23.7501785252384 -0.0006930781562817651 0.9974060877053845 0.07197649512798046 1.242357533726092 -0.9996819480740675 -0.002505558087952102 0.025094319546568322 11.823667935943762
-0.008131180533161697 -0.06822760237079677 0.9976366463687418 24.61307694770121 0.0010433287602067548 0.9976685060428649 0.0682382848208864 1.2899776735847512 -0.9999663971195412 0.0015957208185446645 -0.008041038915090948 11.818097738483168
-0.039750573065711114 -0.0646125667877556 0.9971184022742965 25.462261321096992 0.0038015575861990863 0.9978901129401974 0.06481412389378899 1.337086390196412 -0.9992024019691239 0.006367001594034666 -0.039421075452544196 11.785040833268953
-0.07022652445387179 -0.06054576953644919 0.9956919428489766 26.29750732398665 0.007249434578413361 0.9980989852853528 0.06120344165684548 1.382266234467998 -0.9975047272877575 0.011516308592112518 -0.06965410020227214 11.723455684323039
-0.09984130051172624 -0.05706135355554525 0.993365852363839 27.13726189513756 0.010261724521168171 0.9982421089620132 0.058372843899573416 1.4228586808098866 -0.9949504569183226 0.016021667375194525 -0.09908024249334368 11.635609673109881
-0.12729913588067338 -0.05311620549635798 0.9904411132004278 27.943361653311438 0.01643801066711029 0.9983149476102882 0.05565121007827174 1.4585538907733189 -0.991728149146399 0.023365232537611035 -0.12621150541500387 11.52606946929395
-0.15223803364175142 -0.044265721790597755 0.9873520785349321 28.7449079852 0.020855755403027608 0.9986302014775044 0.04798706246029922 1.4885970241356916 -0.9881237870729873 0.0278974294757953 -0.15110630314179802 11.400835183130743
-0.17431150463301115 -0.031372886107084545 0.9841906529579966 29.593840066239608 0.02397084783516325 0.9990609270237325 0.0360924167733852 1.5202708087030448 -0.9843987493930694 0.029883207856456602 -0.17339577873053502 11.25263185357845
-0.1990903522493805 -0.016144241755083777 0.9798481490003291 30.35494582247331 0.026140132401430018 0.999421038275625 0.021778010242153867 1.5412708719583117 -0.9796324438886522 0.029949152078565765 -0.19855307393873728 11.095286392950431
-0.22083983186515627 -0.003272853450524804 0.9753045970834245 31.18822287067518 0.02665488809726211 0.9996005936483199 0.00938989448551642 1.5549187450634205 -0.9749457859810934 0.02807029761541699 -0.22066438949112283 10.913236825343514
-0.24505977067161272 0.004735050765462118 0.9694964095305486 31.96212993305025 0.027917013383018167 0.9996078791381551 0.002174472049075971 1.5601698411535005 -0.9691059535273473 0.027598319861330774 -0.2450958660987222 10.718085313749333
-0.2714847286766631 0.008420063691584283 0.9624059146860997 32.745711313757134 0.03131122923750748 0.9995096793923834 8.788954010767458e-05 1.5603336908377126 -0.9619332871977115 0.030157972882219185 -0.2716152566639814 10.493080009500769
-0.2944352908582931 0.006836496829440835 0.9556469650494859 33.510793114613286 0.03324537918696957 0.9994424332546612 0.0030931169904384465 1.5557133378522223 -0.9550929819969922 0.032681568522685285 -0.2944984054608616 10.25699244722033
-0.3132514045443296 0.003212266726875244 0.9496648034403931 34.24478192595158 0.03417939489728324 0.9993845391323322 0.00789378918591401 1.5554895373814401 -0.9490549649601231 0.034931708886504466 -0.3131684038960639 10.014372326008274
-0.33010871389796637 0.00018233927875935252 0.9439429028076954 34.96337921342163 0.03820257070301276 0.9991832645096077 0.01316690987304412 1.5544408488295132 -0.9431695502932186 0.040407557168319105 -0.32984606822482676 9.759421190376868
-0.34595485838232554 0.0012590935545468522 0.9382503134265858 35.633066280133264 0.03994738666822313 0.9991120793770452 0.013388769221145073 1.555730848672954 -0.9374003639107706 0.04211255782184824 -0.3456979754260312 9.503134224885672
-0.35820995116378845 0.0035576079321886674 0.9336342829572175 36.310639715284886 0.04293351777375952 0.9989976436508459 0.012665742442836019 1.5542401416046796 -0.9326533889601254 0.04462119906343632 -0.35800363776829786 9.237367884006689
-0.36761883398153294 0.005963201585749648 0.9299574361920582 37.06499119576752 0.04619497920060421 0.9988620801978945 0.011856164615547997 1.551876640988784 -0.9288285185106635 0.04731791383380021 -0.36747598320394115 8.931580256359313
-0.3773011369919682 0.00607760252221989 0.9260706856240243 37.81187367860826 0.04338307239284685 0.9989966350864065 0.01111899796719851 1.5502268030856698 -0.9250739219404714 0.04437100217055573 -0.37718623133944795 8.634875479321144
-0.3871151939877831 0.005355745186314095 0.9220158038652594 38.55347777281616 0.04374598282001338 0.9989636759217353 0.01256436134648747 1.5488974642149569 -0.9209930051693728 0.045198342695648555 -0.3869483095281004 8.320601475036266
-0.39414981646391967 0.005697438851019948 0.9190285421965944 39.231977865778774 0.04641727749853112 0.9988279789007765 0.013715134509532496 1.546131954713251 -0.9178732802141497 0.04806462062192004 -0.39395232416294745 8.021761140152988
-0.39942403396674503 0.007915009374315028 0.9167321275685374 39.95604506055046 0.04957352702800506 0.9986861709911083 0.012976798107473816 1.5456187584426797 -0.9154249868272857 0.05062888995151868 -0.39929163401521556 7.698733558196192
-0.40405022717054634 0.00959556904763418 0.9146864703154203 40.68580349880007 0.04967701572087346 0.9986995027345809 0.011467229254226465 1.5492044745577567 -0.9133868884719651 0.05007223075071632 -0.4040014401894491 7.375977693792885
-0.40423060295121194 0.010401745745076425 0.9145979572047791 41.46512940763282 0.04885324088514084 0.9987535451862442 0.01023312429945078 1.5498091270106111 -0.913351509821229 0.048817616322024485 -0.404234906760806 7.0365928499652615
-0.4030213340694765 0.009143359688163495 0.9151449083388228 42.27048383609278 0.048723366019581854 0.9987463508952387 0.011478683599037316 1.5508713008602115 -0.9138926840108643 0.04921509470739459 -0.40296158199555554 6.686593380127828
-0.39982890365191776 0.008623747469910972 0.9165492233285023 43.06497231818483 0.046580020417917097 0.9988548547056417 0.01092158087631252 1.5533031935864006 -0.9154054563429105 0.047059645244589485 -0.3997727357975797 6.348043229285004
-0.3945967140204818 0.00787146436716453 0.9188206970529967 43.85767612134792 0.045928338396210036 0.9988823179003193 0.011167037129367487 1.5610033213535193 -0.9177058466722338 0.04660638405628474 -0.39451720361575715 6.01272689500647
-0.38840711329260885 0.008929121453846087 0.9214446185928731 44.64827014486499 0.04652137882399325 0.9988679344424465 0.009930299844176572 1.5614476140234261 -0.9203128140235892 0.04672387326349568 -0.38838280601906133 5.680089067293626
-0.3838426989743189 0.009334475196650024 0.9233513145151816 45.45197329038634 0.04491766807237878 0.9989538995557475 0.008573777306735343 1.569393168226441 -0.9223053645832547 0.0447657696814096 -0.3838604438149116 5.352038144348738
-0.37962857074583706 0.009149241423888465 0.9250937464142975 46.298113057467624 0.0435959368702446 0.9990171339657872 0.008010014431341812 1.573833993063565 -0.924111217636643 0.043371158897959596 -0.37965431646956066 5.0118185727791005
-0.37821617286309805 0.008087616637117063 0.925681974028836 47.16579217309477 0.04038730434503829 0.9991538732201487 0.00777195451071646 1.5752728648189702 -0.9248358731323807 0.040325278502527685 -0.37822279106521484 4.667433711457664
-0.37655178029630143 0.006567023536592581 0.92637229608703 48.05477420849603 0.04066605671267816 0.9991281315162203 0.009447150064846442 1.5727711382773673 -0.9255025816209954 0.04122924950537329 -0.3764905316181224 4.309772322714831
-0.3791633458672576 0.004194864507230351 0.9253202474076273 48.92983517373923 0.03994598593042059 0.9991317016182797 0.011838962345056731 1.576362231546162 -0.9244671304912865 0.041451730158426556 -0.3790016869462191 3.953313697014185
-0.38100906259001566 0.004912374640161341 0.9245582527886885 49.81993861320764 0.03980435147838424 0.9991458965525062 0.011094638600431493 1.5826620902683906 -0.9237140833762701 0.04102859950916718 -0.3808791753229016 3.5887885750887376
-0.3789389504573519 0.004071799771420557 0.9254127145619421 50.738464562765024 0.04076475132846746 0.9990931055679757 0.01229640011005403 1.5854039778553712 -0.9245233944446237 0.04238380413742715 -0.3787612787382461 3.2121289147349485
-0.37735411473349584 0.0025836867269110712 0.9260654386470736 51.68869835325912 0.04183218018292552 0.9990229033634326 0.014258585359033049 1.5838009367148749 -0.9251237435039935 0.04411987214617424 -0.37709348454589114 2.8211160919883205
-0.3774646685383073 0.0019442019161635508 0.926021945789718 52.63874710738132 0.04063221226732254 0.9990694617819871 0.014464918282323009 1.5858703764201316 -0.9251321242566001 0.04308631585039761 -0.37719242046323076 2.438222647104438
-0.3754910000144847 0.0016385586158075283 0.9268245918369802 53.59293475278757 0.0394095949160907 0.9991222379275182 0.014199912227105092 1.5886323195540661 -0.9259877929738987 0.04185772096484009 -0.375225983187409 2.054553574030466
-0.37570593753687576 0.0015986789304759733 0.9267375533155083 54.55103662269814 0.04027366200415889 0.9990819599324735 0.014603749048189776 1.5902655112692439 -0.9258634244035738 0.04280983021649335 -0.3754254090875083 1.670858557544114
-0.37381594473103164 0.0019108752635114898 0.9275009369378412 55.49763219963616 0.040016285654226 0.99909996654303 0.014069603269299593 1.5939786388824366 -0.9266392698063716 0.04237458447517095 -0.37355596400441926 1.2893984276556005
-0.37354561866757624 0.0016395084390986407 0.9276103615130311 56.41847294866523 0.04139439670137818 0.9990317238795556 0.0149036439830296 1.5945674174865179 -0.9266877439008174 0.04396506220082132 -0.37325178982784707 0.9179295836760127
-0.37321406686069586 -0.0010789468656595587 0.927744628748106 57.37680252591067 0.04103158364095055 0.999001626289395 0.017668045026535177 1.5925458022563739 -0.9268374557824127 0.04466079426975162 -0.3727971888493518 0.5328097020217066
-0.3718208318610574 -0.0025031574250622066 0.9283011382073474 58.33731644138954 0.04140464743164498 0.9989564652355463 0.019277856083183074 1.5916677298650215 -0.9273806792063399 0.04560388982321683 -0.37132918154621164 0.14937114598704898
-0.37101737776194 -0.0024366696668414664 0.9286227264285475 59.285925250064615 0.042304998297175794 0.9989139714163585 0.019523443043552174 1.592570404994491 -0.9276617877856833 0.04652891950318175 -0.37051135897855614 -0.23159629991910446
-0.3703191088101495 -0.0027269202934196365 0.9289005983181247 60.24932171436758 0.04351639811162152 0.9988468438098068 0.020280673227938525 1.591573212857529 -0.9278847346224894 0.047932729078374994 -0.36977340728837105 -0.6139289597554023
-0.36841594467079947 -0.0022887167263853717 0.9296582455333083 61.21060997886754 0.04395041116919878 0.998835971285861 0.019876212503625576 1.5929779919398748 -0.9286215876611855 0.04818157574402562 -0.3678865078912816 -0.9947945512477621
-0.36911420807232426 -0.0010699314690370693 0.9293834282177581 62.153637328346115 0.04301199671620801 0.9989081736634222 0.01823262808514708 1.5935595420610444 -0.9283882105766025 0.04670455903932663 -0.368665179569913 -1.3674050822316608
-0.36885997404854765 0.000914024727401503 0.9294845260162768 63.11914483866118 0.042496268432731535 0.9989703843019188 0.01588201677905634 1.5928232996992893 -0.9285129976011096 0.045357864218619245 -0.3685190326690433 -1.7459000395481454
-0.369474011167038 0.0018139859399448031 0.9292392934692061 64.04482737344262 0.041206419870684116 0.9990463936466036 0.014433790325367653 1.5904812033350373 -0.928326982282418 0.04362353489488754 -0.3691964262688551 -2.1074622341671367
-0.3732948202319195 9.653691451034369e-05 0.9277127615100715 64.99712077635373 0.041236637691592574 0.9990133408649979 0.016488920087366937 1.5878552588908985 -0.926795833449801 0.04441098348808978 -0.3729304863452563 -2.4868113225538706
-0.37673386424965144 -0.003512560694168658 0.9263148802890379 65.95272203885506 0.0432448989306862 0.9988358092518106 0.021375333278216155 1.5871022941481956 -0.9253115552309933 0.04811120528161668 -0.37614337383815527 -2.8803795583671836
-0.3807059832775702 -0.004776431134461558 0.9246838054179798 66.87873796074838 0.04275835846065745 0.9988260802601006 0.022763659064247595 1.5913399119298368 -0.923707029895523 0.04820422282187656 -0.3800548326540928 -3.2586086182856606
-0.3824287322452092 -0.003792851445240556 0.923977206986859 67.79475169129883 0.04362453792793465 0.9988022897065145 0.02215594203816455 1.5904614720412598 -0.9229545841718849 0.04878114753609894 -0.3818052320243464 -3.638899234823405
-0.38554295990206777 -0.0020548918233928327 0.9226875979927045 68.67775701098596 0.04357491502327571 0.9988412051471898 0.020432172689752212 1.5990594949980552 -0.9216603782579931 0.04808351401159974 -0.38500665296800973 -4.009351055095985
-0.3896280533402212 -0.0010641638947427312 0.9209716866470518 69.58835724769817 0.04382695923746163 0.9988449722155717 0.019695662559865504 1.6064521577471382 -0.9199288981732817 0.04803737123198289 -0.3891313830453835 -4.392934310572991
-0.3946601089555507 -0.00020389773942703845 0.918827163739136 70.50298921435068 0.04395219254098079 0.998851032296915 0.01910026309316982 1.611852603665773 -0.9177753555037494 0.04792258032597586 -0.39419769548396266 -4.7851044832109695
-0.39753563195853625 -0.0008358727995845285 0.9175863570476569 71.36345280762957 0.04337746154210487 0.9988644532382833 0.01970278881652176 1.614960872594013 -0.9165608638565638 0.0476351275179164 -0.39704795361878065 -5.156598176585859
-0.39872908525847905 -0.006519189991281312 0.9170455914134228 72.26903778324701 0.04622656791404113 0.9985606543747295 0.0271978667104757 1.6234931164665833 -0.9159029539136914 0.05323645082619461 -0.39785381651506757 -5.556441852849704
-0.39753241420486873 -0.013615845451022613 0.9174871053094438 73.13387457375218 0.04827792424368815 0.9981946168679288 0.03573162306150627 1.6348169480833852 -0.916317205822945 0.05849885134378901 -0.39615737113461347 -5.93590903553368
-0.39902976243492894 -0.015525654594442627 0.9168065241590171 73.99625767143485 0.051072351975631446 0.9979281579582039 0.039128077103577324 1.6440101233575164 -0.9155145348681262 0.062436732806580617 -0.3974101041010888 -6.318329162189931
-0.39923224929248224 -0.010741506266102423 0.916786906084506 74.87376282907859 0.04999255811570601 0.9981887633897322 0.03346545645176814 1.6564344827384891 -0.9154858574865661 0.05919301213498697 -0.3979721498503057 -6.700661109542697
-0.3971942816177699 -0.005078384193881631 0.9177204981170046 75.73635304050775 0.05236747866414372 0.9982299522574953 0.028188820378995075 1.6679990853273592 -0.9162392426809192 0.05925514686487689 -0.3962252866003351 -7.079115551329066
-0.39847746410099893 -0.002787983896129158 0.9171738863211448 76.62274585880267 0.05681915602509462 0.997999606882233 0.027719454747611116 1.6760343681160452 -0.915416459384598 0.06315862418311399 -0.3975219416322364 -7.4720427957495374
-0.3953138687878797 -0.0035833789466403858 0.9185391143219127 77.49888216214953 0.05964894881845588 0.9977815321806811 0.02956377756690708 1.6882816919012573 -0.9166073030741203 0.06647686390389594 -0.394223132904058 -7.852882252084427
-0.3922950461663273 -0.007508713634227972 0.9198087931591643 78.34597911776565 0.060470496953846514 0.9975929998859623 0.03393413586171597 1.7059637636488159 -0.917849614997748 0.06893348821933877 -0.39089673630052274 -8.213417699027548
-0.39064730321203245 -0.011396195833496211 0.9204698860982314 79.24114977751167 0.06181840212252006 0.9973413593035724 0.038583651739062044 1.7242642729190885 -0.9184623942504042 0.07197457706042754 -0.3889042177770611 -8.591187130427667
-0.3888763560359867 -0.0175411729044581 0.9211229488886423 80.1639662606119 0.06067063016678631 0.9971607979830335 0.044602887810150024 1.7470704431462751 -0.9192900817213996 0.0732301182504555 -0.3867080234876008 -8.9741361383756
-0.3873816887667062 -0.020997067454434654 0.921680286415289 81.0731478171088 0.05937866573614621 0.9970965638681262 0.04767196637197954 1.7738383422250672 -0.9200052180632728 0.07319539248265598 -0.38501017292489836 -9.346583113258806
-0.38590920799212625 -0.021905818189950917 0.9222766495560422 81.96732218402313 0.05732657300407532 0.9972166007269931 0.047673003493687825 1.8054664706106593 -0.9207539015472583 0.07126841070158338 -0.383579283097474 -9.708981312985424
-0.3824939506026061 -0.021767877601892527 0.9237015412226617 82.80988252223959 0.05950972501908833 0.9970663083215243 0.04813906353721337 1.8248994279259219 -0.9220395709407292 0.07338212530852727 -0.38007643087231807 -10.054951257529027
-0.38024346903610506 -0.02091661722607611 0.9246498793485062 83.68393351319338 0.061993643218880776 0.9969194852999672 0.04804506249032457 1.845615053626462 -0.9228064219845024 0.0755912359540899 -0.37777542613448845 -10.413858148066591
-0.3759254467561382 -0.01971020383974758 0.9264402659350433 84.57915536228165 0.06219049282102992 0.996982990523734 0.04644630457883295 1.8722217072236493 -0.9245606530043746 0.07507612450671579 -0.3735654888305085 -10.771151029254575
-0.36925332901153324 -0.019705827336930683 0.9291198304755245 85.45505171921388 0.06606354732150242 0.9966892242912502 0.04739407027261644 1.901120241817997 -0.9269776624758549 0.07888137011153629 -0.3667289772026841 -11.116561310900362
-0.36198721519850013 -0.019329133220630408 0.9319826396675928 86.35873845063114 0.07210491312984288 0.9962090105396146 0.04866712260057924 1.9272907330544826 -0.9293901965995621 0.0848174034536611 -0.35922120000913965 -11.472080559012447
-0.3536991718700006 -0.019743697663095628 0.9351508339412761 87.25844392465645 0.07172713167238186 0.9962607796240786 0.048163031101416974 1.962205392142895 -0.9326050152130475 0.08411091121496386 -0.35096045391761715 -11.806069678700805
-0.34405956972599855 -0.020714883341999904 0.9387192903568609 88.14914095787495 0.06974863080541822 0.9964305646835052 0.04755268935907553 1.9906667756966407 -0.9363536409822577 0.08183534305322246 -0.34138663659644203 -12.122982966999608
-0.3322923752485097 -0.026116102381998983 0.9428147891012726 89.06594970556085 0.07034635471357717 0.9961460826326285 0.05238675819499089 2.02021509803108 -0.9405493967518217 0.0837313038955074 -0.32917457529059396 -12.43993251683799
-0.31973757537114 -0.029563603130061705 0.9470448121740348 89.94146639191968 0.06942521033572668 0.9960954758798586 0.05453387114003637 2.0517937440426626 -0.9449592705855764 0.08318531301645855 -0.31643669293040144 -12.72623927079403
-0.3062672186941528 -0.029213003274557187 0.9514972365661546 90.82924528252643 0.0699207075294364 0.9961388391118646 0.0530896211273906 2.086527315641937 -0.9493742599269958 0.08278897059722129 -0.3030420778299962 -13.007330916739395
-0.29084539031437606 -0.02924595311579748 0.9563229753379487 91.72081096930609 0.0727694256540726 0.9959613252709977 0.052589440521976685 2.1191712550592436 -0.9539987262165788 0.08488647001016532 -0.287542549175524 -13.277302254521404
-0.2780409081513231 -0.027369346908480224 0.9601792396444482 92.57673269348868 0.07423352644373848 0.9959923486336673 0.049886120463691994 2.14612729719656 -0.957696526539652 0.08514787321474608 -0.2748948939883955 -13.521549633377075
-0.2648491222713514 -0.02316182596717589 0.9640116556608438 93.44015912298973 0.0750118971229529 0.9961872822354937 0.04454339459758834 2.172303327187823 -0.9613678576497711 0.08410962210191643 -0.26210191481132394 -13.752524085990627
-0.24720983492195592 -0.021109483294733673 0.9687319996949048 94.35459664613019 0.07273711356217971 0.9965375391650756 0.04027710696485151 2.202450842905342 -0.9662280320030577 0.08041966643704061 -0.2448184376668826 -13.978124640910034
-0.23159643221163279 -0.023064757814450564 0.9725384874306022 95.26486832910865 0.07295774308877995 0.9964916549940741 0.04100669763054438 2.231357816234535 -0.9700722964347732 0.08045121797792781 -0.22910115935026115 -14.191439938842542
-0.2151901064277314 -0.028729662452182902 0.9761494888545531 96.18335244590875 0.07072169666386802 0.9964842002708463 0.04491859560979149 2.253404016671242 -0.9740080388357201 0.07870098541921677 -0.2124017306366376 -14.382048273508197
-0.20409461106028443 -0.029277735293422667 0.9785132620216447 97.08655345065071 0.06643336314060216 0.9968342200449165 0.04368233063003989 2.2761176777863046 -0.9766944240641392 0.07392125515392385 -0.20150347401096674 -14.55930749541675
-0.19705461865265173 -0.026488908830003904 0.9800345988671287 98.01909754600851 0.06511797710634361 0.9970738358432149 0.04004266392831337 2.297857369532551 -0.9782275432256219 0.07170846244268442 -0.1947531003318571 -14.73662384449576
-0.1920293992362091 -0.02179067027404345 0.9811472246905605 98.9433020827489 0.061588687899223005 0.9975152263216924 0.03420828524254696 2.318833289781677 -0.9794547173564653 0.06699656666868291 -0.19021019084890278 -14.906515112981735
-0.1884448958618719 -0.020594741555581796 0.9818678005942894 99.85631076675583 0.060060370852428345 0.9976670490631527 0.032453213503284506 2.339603308780547 -0.9802455167337809 0.06508698667076072 -0.1867683353500887 -15.070482014000895
-0.18429773228574592 -0.022794302827062417 0.9826061090960913 100.80880840492907 0.05655357237935858 0.9978288021048387 0.03375463140304239 2.3593775560732655 -0.981242090070266 0.06179078773288766 -0.18260848618255693 -15.234852149575385
-0.17970102876370264 -0.025525640312591774 0.9833900456827389 101.76864993347492 0.050866866085470586 0.9980848464004668 0.03520229140836717 2.38030864259625 -0.9824052637256735 0.056347857744451904 -0.17805846436409944 -15.39822554611197
-0.17573945741466046 -0.02868940244905123 0.9840185777182853 102.68419054211151 0.047190956189841315 0.998180589790312 0.03753030535118631 2.4028182979038735 -0.9833049663057181 0.053032333090117574 -0.17406583491750927 -15.550913611880828
-0.17008393327278176 -0.03175250360401124 0.9849178819360209 103.60405474245998 0.049146365821879305 0.9979636224457391 0.04066009101663369 2.4244293265865315 -0.9842032769550011 0.05532076273747656 -0.16817705801084132 -15.705558821711094
-0.1660472764318272 -0.033883259507402626 0.9855355025135963 104.48146764969691 0.050415297152550394 0.9978108549891058 0.04279947989088246 2.4452642447953172 -0.984828208269134 0.05679280228219081 -0.1639755402684912 -15.851297999458751
-0.1645221981169635 -0.03671797251094091 0.9856897264461312 105.39965738220799 0.04567812254635432 0.9979511852992906 0.0447988937406012 2.4699303089052584 -0.9853151553931377 0.05239486858870082 -0.16250791457086006 -15.994476148356652
-0.1616401662670538 -0.03637957730781175 0.9861789812220014 106.34148151183439 0.040253346795711416 0.9982455403466948 0.04342245098655699 2.4960410158144457 -0.9860284604010696 0.046715816730960646 -0.15989217537533185 -16.135586160115515
-0.15673947665303106 -0.03572639861305336 0.9869935971933533 107.2539176477069 0.038273829696737545 0.9983751224652135 0.04221645180395164 2.5184173583723597 -0.9868980952554723 0.044393009412648066 -0.15511740810240965 -16.275176551837173
-0.15329412708282225 -0.03486656647779712 0.987565305761581 108.17877620085787 0.03543431838232357 0.99854068221028 0.04075432555948792 2.5457065733270685 -0.9875450975437505 0.04124110222918344 -0.15183494921863788 -16.41247147081757
-0.14764357184832982 -0.03764760911642304 0.9883238503748071 109.10760529643687 0.03450313301783558 0.9984709752855474 0.043188486015153765 2.5693978251379477 -0.9884386220215298 0.04047677161218034 -0.14611886071289631 -16.547331776176556
-0.1402389279023184 -0.04261219414920041 0.9892003053025203 110.0343271991629 0.033271326562461054 0.9983064122585231 0.047721337704321354 2.598233995711959 -0.9895585186989108 0.039604395631124834 -0.1385836567460641 -16.671308069420327
-0.13468976915999892 -0.045408480008435594 0.9898468245273863 110.91766314768932 0.03121071101040277 0.9982593659116576 0.05004128183690833 2.628751699962214 -0.9903961619482639 0.03763387188397273 -0.13303809260948302 -16.78246971484219
-0.1316354198379086 -0.04318215655026243 0.9903572171695253 111.78069740017486 0.0304554845430674 0.9984029793914752 0.04758102776814373 2.6532613025832186 -0.9908302476738106 0.03642515748620051 -0.1301100618582629 -16.889678434195176
-0.12865295058653103 -0.041104249483510956 0.9908374533594181 112.67437962161934 0.030913360980121533 0.9984888463453349 0.045435534957508815 2.6796223255344653 -0.9912077392849051 0.03647553150208501 -0.12718786570796792 -16.99858432517394
-0.12511819792174989 -0.044198459740929286 0.9911568658418018 113.59363615269886 0.02901156624477902 0.9984170399606351 0.048184471982878674 2.710226466205283 -0.9917175835755051 0.03478376737464581 -0.12363787427155132 -17.104815659660126
-0.1201603163673875 -0.04622400192155125 0.9916777904222955 114.4994530271167 0.028957978188953352 0.9983271804970713 0.050042743529675277 2.738532721694837 -0.992332068346931 0.03473013571993609 -0.1186207562072395 -17.208437007932783
-0.11356778773380322 -0.050322614005498194 0.9922550035695984 115.38915084653745 0.03008943379747219 0.9980841221889014 0.05406210325318615 2.7679494481899143 -0.9930745105796431 0.03599610470681876 -0.11183602676659427 -17.305225653709925
-0.10867869136313812 -0.051545744469697063 0.9927396326684357 116.26679329796504 0.03286895159533587 0.9979223504986174 0.05541312476605199 2.7980758880506476 -0.9935333784350777 0.038652536816867165 -0.10675864055429662 -17.401989319882382
-0.1032238808215758 -0.05161583870912369 0.9933179932038315 117.18445389038831 0.034779581784682836 0.9978546609790535 0.05546581157128279 2.832087669565486 -0.9940499037367369 0.04027258070613576 -0.10120725331838681 -17.499193201013107
-0.09893885861045087 -0.05260767921315538 0.9937019343569112 118.06601549249672 0.03276939419088067 0.9978876966304386 0.05609199334985941 2.8671831234611105 -0.9945538040052052 0.03811268819440233 -0.09700594794842415 -17.584647868822348
-0.09542624757278645 -0.05485220331825061 0.9939240751009661 118.91928791455938 0.03031093118537523 0.9978575220064789 0.05797942070912053 2.9010615103876423 -0.9949749136158423 0.035659522798588375 -0.09355917757721172 -17.66177745079946
-0.09489696327490588 -0.05463581882951974 0.9939866667425823 119.80666276932585 0.03319463421263908 0.9977638291864683 0.05801256266228566 2.9349340414604552 -0.9949335066328255 0.038500239843206496 -0.09287114143438385 -17.749386010856977
-0.091086612642655 -0.05598250582035455 0.9942681670652848 120.69422872030974 0.03348189099407736 0.9976819843435938 0.05924205509340383 2.9736614327369484 -0.9952799565814373 0.03868613651300867 -0.0890010722910079 -17.827350667745332
-0.0869362888646259 -0.05575472551868449 0.994652447974056 121.57660804620168 0.03347850429610405 0.997705183440762 0.05885198964802328 3.0109902792851226 -0.9956511795948128 0.03841584982492838 -0.08487020121153521 -17.901505313151116
-0.07982863242967558 -0.05932558457042795 0.9950416395607699 122.48770697253273 0.03295336785347599 0.9975246911163129 0.06211735796392368 3.049217943472096 -0.9962637527239068 0.037748716914376555 -0.07767605409517803 -17.97266949746719
-0.07326983994248437 -0.06213576003280315 0.9953746419715288 123.38955913872691 0.03364405045650065 0.9973351979248459 0.06473469586774365 3.086903053826752 -0.9967445050882817 0.03823153548256636 -0.07098409167526276 -18.03816077588341
-0.0710755813446779 -0.0643996367977135 0.9953898475054077 124.29089536423369 0.03491488920958142 0.9971414840906474 0.0670060535846126 3.130266355267769 -0.9968596753044026 0.039516420458132424 -0.06862390448070815 -18.102462757501854
-0.0659153391328296 -0.0644579114474012 0.9957411037608336 125.19994951722538 0.03608903121524868 0.9971044409334746 0.06693516039188979 3.1742782932143574 -0.9971723772211848 0.04034738557307266 -0.06339825379668534 -18.16223969455689
