1.0 0.0 0.0 0.0 0.0 1.0 0.0 0.0 0.0 0.0 1.0 0.0
0.9998957468410354 0.0013121278455090254 0.01437963037512805 0.016103794798254967 -0.001302839207785332 0.9999989365910272 -0.0006553066561781871 0.004575940780341625 -0.014380474929811001 0.0006365039921430121 0.999896393034529 0.13627825677394867
0.9994879715605107 0.004084633436230573 0.031735003947495954 0.03111185882972086 -0.004071503447505242 0.9999915969858969 -0.0004783484846788296 0.012505594635367654 -0.03173669115602491 0.0003488943786718651 0.9994962034481071 0.3134806902513141
0.9984183112479826 0.00463042234059021 0.05603066083560163 0.0638079626497115 -0.00467860930038439 0.9999887896228726 0.000728864594140703 0.017013552503642688 -0.05602665775986299 -0.0009898573281025363 0.9984287825392101 0.5045966402631481
0.9965227717915237 0.004354133583007629 0.08320701185405256 0.10788439774175415 -0.0046003948734538004 0.999985586821133 0.002768125178346885 0.01878177515084062 -0.08319375978970668 -0.003141284886160936 0.9965284394643823 0.7502347284019967
0.9935084696041423 0.0015291097317062532 0.11374789074204418 0.17562247904774045 -0.0020220256009836914 0.9999890592185596 0.004218157850249036 0.024011168383659916 -0.11374019622501354 -0.004420776697487926 0.9935006917441411 1.046713078621658
0.9889883375825153 -0.0009848330408163018 0.14799019639710814 0.24499071342360412 0.00030934508627285565 0.9999894301721809 0.004587357576488657 0.023863449348465328 -0.14799314994752466 -0.004491063103396073 0.9889781887993339 1.2647409575049198
0.9826802152906371 -0.0014740879863817218 0.1853035928981294 0.31947875345953775 0.0004281651508637479 0.9999837527745045 0.005684264387092215 0.02549306008987618 -0.1853089613347149 -0.005506473610867857 0.9826648806166943 1.521945912021724
0.9747464842552321 -0.0007088074064155685 0.2233132083512425 0.4070968125803953 -0.0011296102769413861 0.9999665190470097 0.008104613848226234 0.026445125795348152 -0.2233114762225333 -0.008152200749935104 0.9747130481378846 1.8088515297881946
0.9653832067387048 -0.002881332640783777 0.2608197884921859 0.5133532023472169 -0.0005571507965893431 0.9999139250801012 0.013108471073920816 0.02613740803738916 -0.2608351083153595 -0.012800013793707913 0.965298506119737 2.108858899534394
0.9541454151527233 -0.010020420336490456 0.29917573083276267 0.646382044185039 0.0047542101446996655 0.9998207785605673 0.018325071471659293 0.022648531134841006 -0.2993057370464817 -0.01606243863245662 0.9540220510220092 2.390199198301257
0.9395500701246757 -0.015189351797807026 0.34207447920106454 0.78618889240809 0.007981502530554872 0.9997156833199623 0.02246882599193013 0.023137544492884556 -0.34231850862328755 -0.01838031871495555 0.9394041742178203 2.645205568144241
0.9219804537464903 -0.017069949675394214 0.38686000016478284 0.9447202274425333 0.007831322958866033 0.9996455536305148 0.025444792934035565 0.027940961144565766 -0.3871572203771101 -0.02042997613365021 0.9217873414107228 2.934502116695774
0.9009696601798759 -0.019364773795410337 0.4334497398444387 1.129572085592615 0.0075142767438840805 0.9995501032384624 0.029036645140158735 0.03413351459760981 -0.43381702027511015 -0.022904075004936787 0.9007098291168988 3.2265626921618114
0.878103461509321 -0.024800479517351072 0.47782763325393635 1.3332146335798016 0.01004354893696754 0.9993911324845126 0.03341394074446501 0.03554880174072214 -0.47836538128307277 -0.024541811812360766 0.8778178976660634 3.50738688531433
0.852078173321837 -0.031649842374105286 0.5224567676145234 1.558903515107573 0.014388878685731549 0.9992092953306662 0.037064056644694615 0.03890386390075541 -0.523216730159395 -0.024063906633963666 0.8518598368738973 3.772648102306199
0.8258018744816407 -0.03731099258106874 0.5627247585944875 1.7821479821941404 0.01730360155690252 0.9990156203214252 0.040845755311389134 0.045346126825513325 -0.5636948194508875 -0.023993336291840413 0.8256345864471873 4.014349939353326
0.7963234424129879 -0.041734772208832815 0.6034295185456258 2.007978738684714 0.019591939210820673 0.9988730293587167 0.04322993335294336 0.048611635415212365 -0.6045536626152292 -0.022602654897539202 0.7962436743925156 4.228603435672402
0.764889873430209 -0.04636706917026018 0.6424901372165018 2.2640967433212302 0.02186295317837285 0.9987000478108407 0.046045909491996106 0.06000368482498474 -0.6437899446265368 -0.021173318095781032 0.7649092742270653 4.457001444789465
0.7321262440216014 -0.04683195660895021 0.6795571577542246 2.5356251841197084 0.018811886912643398 0.9986433530383276 0.04855477672847696 0.0796710362615482 -0.6809091537977799 -0.02276447391317745 0.7320140046487142 4.695138735048892
0.6984004717275267 -0.048687255078015426 0.7140492506009207 2.8260117189600593 0.018345203969713952 0.9985734836514376 0.05014430415851755 0.09132099162297527 -0.715472036198535 -0.021921426532061947 0.6982973696618953 4.917200912122374
0.6656007645273132 -0.05140687014849678 0.744535396043863 3.1462729294515595 0.0191377443997495 0.9984724641930652 0.05183131280913264 0.1042591479461204 -0.7460625771340808 -0.020250233326159297 0.6655678470676676 5.142819247227808
0.6319084235374135 -0.05544492115204756 0.7730573102823 3.5116009689106775 0.020862997329513716 0.9982933060224037 0.05454549012785688 0.12099696026164228 -0.7747622084258432 -0.018339462077788915 0.6319866964785001 5.3907194767480435
0.5997972577793569 -0.057531380241539073 0.7980810672155225 3.9096537155416082 0.02082446570088053 0.9981963329707414 0.05630650470449757 0.14015812789685142 -0.7998809856401368 -0.01715287530614632 0.5999134834958247 5.656310472424738
0.5672109461603168 -0.05863161828746203 0.8214828518556623 4.328981470928065 0.02218148535451763 0.9981883843176541 0.05592791003406909 0.15976849453691494 -0.8232737845111953 -0.013501212919769658 0.5674839142974094 5.908033677115161
0.535243232113771 -0.05985518686039079 0.8425746489672661 4.825274006207254 0.025196260131921777 0.9981737452459082 0.0549028485337659 0.18724781155407755 -0.8443221132670686 -0.008156648065523759 0.5357738684749069 6.185559418360481
0.5037407766018205 -0.059166582223491485 0.8618262850114201 5.331028863832578 0.027093576317887766 0.99824301029798 0.05269564036553587 0.2134674883305401 -0.8634298860422319 -0.0031949865755466662 0.5044587435557841 6.450834403777781
0.4772934678379323 -0.05927705300178435 0.8767423661182713 5.86355481519832 0.03014450643009406 0.9982394679581181 0.05108104680583271 0.24013813504825912 -0.8782267670091405 0.002048315922240477 0.4782400548997919 6.716322650978876
0.4543525692280871 -0.05911294898550058 0.8888584826045561 6.41652215308123 0.0333985090640249 0.9982247508008857 0.049314161057548794 0.2675830092382149 -0.890195642782044 0.007280532312078716 0.45552026455594286 6.971727916811073
0.43826477115802515 -0.06068049052617899 0.8967953325209194 6.997677348060274 0.03720692173979359 0.9980882204965399 0.04935128246256072 0.29319599950678643 -0.8980755176133314 0.011738065238908784 0.43968463981357636 7.2343161127212054
0.427033027764389 -0.06348411657125735 0.9020047450770675 7.597300127725249 0.040741188529473525 0.9978702011626537 0.05094327422546649 0.3185299042105451 -0.9033177451791724 0.014994284736931995 0.42870995168020454 7.500376610111777
0.4196948732006393 -0.06471361900185826 0.9053553782492165 8.19884336235486 0.04106636687212247 0.9977875498860405 0.05228344675264809 0.34996386663288837 -0.9067357756926897 0.015236561557486518 0.4214238724501513 7.7770391529492
0.4121086287451744 -0.06708152440489264 0.9086619543027473 8.77500561696147 0.04238915575707494 0.9976177703700195 0.05442374221012079 0.3794581287999434 -0.910148140462845 0.01608891933807352 0.413970420545428 8.031741869305959
0.4055325383265 -0.06907787571475399 0.9114667341407491 9.395061262277089 0.0432322026857618 0.9974740079393833 0.056361158045948795 0.40930957566062853 -0.9130576854774309 0.01654843110630758 0.40749455507836757 8.307567368718196
0.399350550248739 -0.06962918715640555 0.9141503783907589 10.024408944995956 0.042784629113178624 0.997440813813475 0.05728261909829471 0.440369016103191 -0.9157994395759789 0.016235739436527594 0.40130759678490024 8.581152697538586
0.3935368004668789 -0.0706348117833616 0.9165912447992404 10.679014233872493 0.04412963167857227 0.9973459242892732 0.0579109912839443 0.4735416757193661 -0.918249074209283 0.017658727811045792 0.39560941223116763 8.857814884050866
0.3885870839014158 -0.07121135359740616 0.9186560952520914 11.376594130288503 0.04354038018225041 0.9973144170320816 0.05889133105597788 0.5111319594567605 -0.9203826994889569 0.017114225041902378 0.39064407045626065 9.15163262342187
0.3797277665014424 -0.07429261401648803 0.9221103138184842 12.10302769725286 0.042982689029964286 0.9971105084805577 0.06263483313139148 0.5514842423541141 -0.924099189368533 0.015850595580008855 0.38182384266593355 9.45255455941251
0.3713973820196353 -0.0777079744132817 0.9252164370251674 12.82148397202865 0.04206103136213548 0.996876588123971 0.06684263378311765 0.5892906020971895 -0.9275208106936008 0.014090378380131694 0.37350583257479414 9.740830725371053
0.3600695326639096 -0.08278054195230433 0.9292455614751552 13.590255420774948 0.04385714780992489 0.9964562507991865 0.0717738868196999 0.6320495798705656 -0.9318940295082764 0.014910470056690849 0.3624240550094825 10.034404276308953
0.3509335928344628 -0.08586398097367345 0.9324553556024266 14.335089807594704 0.04572314791602549 0.9961705250317117 0.07452300854563716 0.675496043742551 -0.9352833833469643 0.016482167011546076 0.35351567292788977 10.307778495051743
0.33866895116513396 -0.08697654038772196 0.9368769518666211 15.094202738147853 0.04744122157207942 0.9960303288552398 0.07531875262025957 0.7244704909926691 -0.9397088229938342 0.018938464106309266 0.34145082012617434 10.578382947947533
0.3254573617410724 -0.08559367469753255 0.9416746935860142 15.854504405208127 0.04695304903228113 0.9961288091274911 0.07431558929873838 0.7717324525921727 -0.944390235482723 0.020027942431001967 0.3282163381778359 10.842256968478049
0.3120228487784149 -0.0843954207326454 0.9463187384806255 16.57673639096605 0.046995401770836956 0.9961984975248517 0.07334838608739802 0.8120054162885555 -0.9489115733579185 0.021586256937879595 0.31480288985143035 11.077784108552999
0.2943821433279503 -0.08352714093366337 0.9520306562380699 17.349547922793274 0.04580604022888788 0.9962615838462359 0.07324386138605155 0.8591361032495088 -0.9545894197864292 0.022047069638334412 0.2971076679457647 11.31874446578437
0.2709414359686827 -0.08199521254869606 0.9590972439718105 18.142344394878865 0.042643757230550694 0.9964096950764457 0.07313842715649702 0.9051820123918402 -0.9616507932947854 0.021083279554151936 0.2734652575351235 11.549133268067521
0.248277203747662 -0.08183532456474535 0.9652260925568813 18.922596886386966 0.04006798117173798 0.9964399473431225 0.07417538826091147 0.947628633200539 -0.9678600038146342 0.02025860291872309 0.2506723000726612 11.754778629967513
0.21962272015251622 -0.08196415818257768 0.9721356580057289 19.723138589501303 0.03764273960156259 0.9964343730355472 0.07550870405817642 0.9936430361763444 -0.9748583922540232 0.020010422451255304 0.221924982922662 11.942332285555015
0.19061861454696316 -0.08195093558108862 0.9782374905643213 20.516348758974967 0.036799185229474236 0.9964054308135739 0.07630227658243971 1.0407369008249308 -0.98097419117663 0.021453708364768665 0.19294915040693061 12.097993992366444
0.1577766241995321 -0.08199987675165693 0.9840643053525073 21.333484211043604 0.03693902148384858 0.9963388324320157 0.0771001924759186 1.0897596952014703 -0.9867836873134941 0.024185764422920204 0.1602279727490291 12.229429329817266
0.12432113681005957 -0.08139028197807063 0.9888983147633453 22.17116691709998 0.0353762671662369 0.9963600893575225 0.07755702454873298 1.1433889646848723 -0.9916112013605117 0.025341553523805356 0.12674790334109137 12.341091303868884
0.09683297485773834 -0.07891778515864181 0.9921670011474154 22.981646175552694 0.03354666093817649 0.9965439570245002 0.07599186310290558 1.1959111785960292 -0.994735138878737 0.02592537181230335 0.09914574411589328 12.426164458690462
0.06874437020945573 -0.07644084280358607 0.9947014673337841 23.825501778275125 0.037778852672016694 0.9965445131235039 0.07397155976606783 1.2510860195403697 -0.9969187378393946 0.03249355189751239 0.07139467227876545 12.48498902544594
0.039326628052187784 -0.07270275269089492 0.996578008024064 24.667271393100165 0.041552689455465516 0.9966058066044436 0.07106504232971139 1.3055367093213182 -0.9983620537285371 0.038615747998356806 0.04221414077610586 12.517624447695052
0.008145683971097661 -0.06859000806652518 0.997611677270308 25.514454129465456 0.04534383985450219 0.9966439051087668 0.06815322880683392 1.3560822397013335 -0.998938228330407 0.04468038946765578 0.011228480624124237 12.526627341389739
-0.020073340713690324 -0.06618117856449533 0.9976056899378665 26.34187561186913 0.04840771711509666 0.9965721620506927 0.06708665105155291 1.406188180391347 -0.9986259329279894 0.04963846723482134 -0.0168008527843288 12.513872171431311
-0.04381798606125714 -0.062456185698258 0.9970853569106111 27.14931280371432 0.05489041297097961 0.99638587665368 0.06482458923088714 1.450287613257757 -0.997530464026744 0.05757090995548576 -0.04023137662927484 12.472689049568269
-0.0708534185817824 -0.05436927052135115 0.9960039033549273 27.970821803910066 0.06017961371783415 0.9964615518416866 0.05867529117124379 1.4944805795468203 -0.9956697279560363 0.06409647513111863 -0.06733078573519613 12.416324658399645
-0.09550155107565239 -0.039733839322467615 0.9946359513685603 28.80372388707758 0.065210763313263 0.9968069104265994 0.04608188010356341 1.5302504246224067 -0.993290999702628 0.0692618606339299 -0.09260553207708455 12.338319626271073
-0.11688423223813915 -0.023408498564020812 0.992869638194803 29.600663048439994 0.06639576871752984 0.9973013960616446 0.03132933625059793 1.5601852939975684 -0.9909236490015307 0.06958424827842132 -0.11501458273200837 12.249901661970505
-0.13750802061895395 -0.008188840752579623 0.9904668026504404 30.42243909803423 0.06734802984268158 0.9975743411770256 0.01759763340716731 1.5773280272115078 -0.9882083723293216 0.06912580352048482 -0.1366229707841281 12.142891060320055
-0.1589831667073648 0.0014763412945321894 0.9872801897739468 31.20614755227595 0.07118379707373484 0.9974133744260351 0.009971336431765142 1.5839233422300882 -0.9847117444906727 0.07186362732601359 -0.1586770283616511 12.01644378338766
-0.18007424243830805 0.005422384842849348 0.9836380762012448 32.00140288306507 0.07492631030517986 0.9971551947376754 0.008219831611454002 1.5885167441115067 -0.9807952463355037 0.07518055167584764 -0.1799682455751398 11.870123066718302
-0.19920406798209767 0.0040784609979328396 0.9799495423006598 32.778096597776944 0.07568312326582588 0.9970686216339237 0.011235150455500172 1.5919048706032277 -0.9770311172895744 0.07640372967935702 -0.198928796153222 11.718085588255889
-0.21691256659037295 -0.0007174469510220771 0.9761907721982674 33.520934880882464 0.07625690788516283 0.9969314922934712 0.017677207735001355 1.599772209936141 -0.9732080057495267 0.07827569829381958 -0.2161922584220909 11.55142985827602
-0.2344778259125817 -0.00367579602271588 0.9721145188088226 34.267316510335995 0.0806175909899028 0.9964747623520662 0.02321318630387666 1.6074860395700141 -0.9687729110469049 0.08381250812971254 -0.23335490203274722 11.364433436169689
-0.24784536263503848 -0.0039122240249857415 0.9687917065724111 35.02888005895522 0.08241597584915715 0.9962816932173051 0.02510766187622713 1.615559818922072 -0.9652876685968476 0.08606673145436702 -0.2466013677813334 11.169089364511239
-0.2575692964341036 -0.0005361665160801415 0.9662596804482261 35.78497683743393 0.0849039675241203 0.9961193560903134 0.0231850106940346 1.624294902283935 -0.9625224017305282 0.0880110274209227 -0.25652423904810545 10.963315281859781
-0.26524973127657137 0.0014972617863726057 0.964178582143811 36.53416362517509 0.08566089422517338 0.9960810107633957 0.022018882739944602 1.6326381275013842 -0.96036700862652 0.08843290226897929 -0.26433847721819625 10.756170669597903
-0.27268857088172654 0.0030063815663727567 0.962097658754224 37.257000029258286 0.08045408017773001 0.9965638361419424 0.01968912077294358 1.638116139793713 -0.9587325405415408 0.08277368038171035 -0.27199344393354313 10.5615532524823
-0.282783085112111 0.0025019216403765684 0.9591806228039548 38.040428484140136 0.08042134999879486 0.9965373871429657 0.021110246105692374 1.646344562259718 -0.9558065354656498 0.08310822109982248 -0.28200512468176014 10.327806394237097
-0.2942560121637555 0.003898193400832091 0.9557186842338565 38.782662539375266 0.08277996915603811 0.9963375540731014 0.02142323622041436 1.6496373219983835 -0.9521349043134641 0.0854182792605892 -0.2935010077600261 10.09195764384606
-0.30227514843176423 0.006152374417851839 0.9532008617964935 39.52804195153521 0.08626183290234002 0.9960527079646762 0.02092603977260727 1.657066613856594 -0.9493095547948962 0.08855027524100947 -0.3016126952398685 9.846293215610727
-0.307583037514507 0.009566256358990645 0.9514731534691998 40.281109723233804 0.08877039615015112 0.9958768597532945 0.018684136995378152 1.6680281105777144 -0.9473713589721269 0.09020957237006999 -0.3071640298799885 9.599977095047878
-0.30949185173154997 0.011296229631304805 0.9508349956264195 41.05848271322085 0.08846415806466282 0.995934919155997 0.01696259248015814 1.678516474063015 -0.9467781611600927 0.08936460150336037 -0.3092330537773396 9.350507237987422
-0.3093940104041143 0.011602440931214403 0.9508631498225687 41.838082847147376 0.09136913231154761 0.9956618886065371 0.017580820148634976 1.6865196191914558 -0.9465342191314025 0.09231894139829282 -0.3091119296830921 9.092836022758773
-0.30678273261098904 0.011355369057880815 0.9517118316829385 42.65594641969783 0.09040792148933705 0.9957552069231614 0.017261970263844212 1.6982001769487691 -0.9474759958456533 0.09133796296705601 -0.3065071187057757 8.833508762999408
-0.30002702634714534 0.01018790103363814 0.9538762970814499 43.51680796199756 0.088488803298199 0.9959287314880554 0.01719574038667871 1.7039584288191338 -0.9498176220475921 0.08956655887730755 -0.2997070509326329 8.569565577488861
-0.29285587301579347 0.009717853646281416 0.9561072120639335 44.333239920781466 0.08754647228916963 0.9960205787063234 0.016691973617366657 1.70886147011199 -0.952140248508527 0.08859215605250087 -0.29254123992369035 8.325481941189196
-0.2876418418584106 0.008676444424425486 0.9576987470621704 45.21314273798605 0.08538122527969638 0.9962097505281355 0.016618643819754746 1.7168868598795088 -0.9539246391524013 0.08654970979050128 -0.2872924129752492 8.069429534359292
-0.28304831369859373 0.007500817962073303 0.9590763211769346 46.115583175340326 0.08262749915084722 0.9964423648395773 0.016592466272018415 1.726231686092899 -0.9555398204661383 0.08394254751204042 -0.282661104895473 7.817498158378004
-0.28149213771139897 0.005502524220428462 0.9595477573491954 46.98984760116248 0.07959571141068424 0.9966712292688933 0.01763472349259928 1.735676784018676 -0.9562566073662936 0.08133992239261703 -0.28099309225222807 7.5694644774983
-0.28002756049811295 0.0039291468934544785 0.9599839202643791 47.896250489819124 0.0776726745833694 0.9968058186900105 0.01857728313839889 1.7470414303985462 -0.9568445646940479 0.07976666992189092 -0.27943828904613344 7.310682643667252
-0.27992565765198296 0.0027948419962541757 0.9600176118417417 48.78406373390861 0.07689567276458806 0.9968480554422042 0.019519474152182456 1.753321929148985 -0.9569371357086037 0.07928520176749443 -0.2792582587543321 7.059591452533079
-0.28009008980223304 0.002340776706849637 0.9599708653698744 49.718233997732426 0.07865142691311537 0.9966910125364141 0.020517762394286456 1.7624521913646898 -0.9567463063106687 0.08124990026791537 -0.2793473806344816 6.788268306178127
-0.27895754313742205 0.0015400982594403825 0.9603022009888786 50.67730727944352 0.07818517427298649 0.9967152553347385 0.02111346269350016 1.7745039581677362 -0.9571153366499965 0.0809711546191504 -0.2781616516865788 6.514087403559028
-0.2778092429891807 0.00046982835474891627 0.9606361453594674 51.63159410147199 0.07764803695699196 0.9967387816645041 0.021967782835005955 1.7863394515356734 -0.957492980061214 0.08069436403663793 -0.27693972764162716 6.238076390224042
-0.2779986699895832 -0.00022850434687379795 0.9605814318785193 52.56616019060062 0.07884504328741755 0.9966202434207356 0.023055358444382303 1.7969539740249585 -0.9573401687138319 0.08214644356122276 -0.27704108572053865 5.966554930560046
-0.27595183906978665 -0.0015669576066011381 0.9611701863654853 53.51406672355254 0.07866228202470166 0.9966073379910874 0.024208660619394595 1.8065590987857065 -0.9579471947350069 0.08228826469295511 -0.27489236728791383 5.69838785569081
-0.27484175326902566 -0.00222580686860218 0.9614868987374667 54.4673264323416 0.08039767709565646 0.9964420239772218 0.025288463175927926 1.8147730511900493 -0.9581222386405768 0.08425163877315023 -0.27368492319893706 5.427718065655584
-0.27225449461587375 -0.0027281609815236266 0.962221412825091 55.46557565947478 0.08043530274091071 0.9964314478668457 0.025583818615674186 1.8281983838519835 -0.9588574723254928 0.08436188025192758 -0.27106349980387673 5.147699641425545
-0.27058836597705566 -0.004334009340562953 0.9626853860742371 56.41769363632194 0.08114700737885558 0.9963283599759309 0.027293997529271547 1.8395117360467443 -0.9592690443203736 0.08550447631970994 -0.26924317101454803 4.880490181633996
-0.2689803046145217 -0.006763936397643069 0.9631219262865364 57.398233677437865 0.08284261315245832 0.9961070091434723 0.03013183999226102 1.8510744682317268 -0.9595763112830328 0.08789240865772038 -0.2673728245816934 4.604331177981325
-0.26593092458862955 -0.009402869124119646 0.9639462274420038 58.353625553585225 0.08324398962602556 0.9959931808663913 0.03268060370908285 1.86056906437221 -0.9603911606936929 0.08893351291769964 -0.2640826551319465 4.338555678744049
-0.26317182165315833 -0.010758215100148676 0.9646889929379402 59.325774931581975 0.08487480060952848 0.995802469567668 0.03425944868830131 1.8739917982861343 -0.9610082520505489 0.09089390744594766 -0.2611540485612974 4.072474004519093
-0.26132451837395204 -0.011423672458198864 0.9651834000873564 60.33215380743336 0.08515258298858899 0.9957585863749756 0.034840712835440706 1.887837282600041 -0.9614876669552207 0.09129259207667381 -0.2592433777841367 3.8007957243029225
-0.25819511773440396 -0.0123809416521799 0.9660134540791464 61.31416680116555 0.08414276549441482 0.9958299270188622 0.035252680303201826 1.9020966478146237 -0.9624215688527921 0.09038511347236974 -0.2560766585800387 3.541353861425858
-0.25703799426034524 -0.011829459482310019 0.9663288950429743 62.264756190956824 0.08247890750504072 0.9960081609336762 0.03413170330193682 1.9161816655104125 -0.9628752252100965 0.0884748961111167 -0.2550362590588512 3.2933615714748896
-0.25670398213775086 -0.010101379762007215 0.9664372859536854 63.223305875967874 0.08050406001743857 0.9962470015972904 0.031796354022397326 1.9309323870516801 -0.9631314354102094 0.08596437596651699 -0.25492737042019914 3.0422784826775096
-0.25790704083599786 -0.010080252975639956 0.9661171496185988 64.16142835653291 0.07925570949546316 0.9963548195053535 0.031553227423277694 1.9435750909810383 -0.9629135427438903 0.0847080996623194 -0.2561680055198324 2.797053432965077
-0.2611809180900197 -0.013038953438908013 0.9652017994797111 65.14496513492678 0.07795086565418798 0.9963582405222864 0.03455313425865204 1.961224519154152 -0.9621373033873166 0.08426293512898589 -0.2592133622983798 2.5374032126437083
-0.2631969124501849 -0.01640754849175525 0.9646026008824468 66.10269012791225 0.07984406051788442 0.9960547355106615 0.03872841162251765 1.9752953554483037 -0.9614324267865665 0.08721098680371327 -0.2608484857230657 2.2747104223074013
-0.2677900535347591 -0.017887465077772308 0.9633112299879737 67.06463524598294 0.07868542009131134 0.9960817711851964 0.040369664076088434 1.997057532350565 -0.9602588671253732 0.08660914331439748 -0.2653333081266683 2.0148107130065283
-0.27057926052067677 -0.016269341163379726 0.9625602175002839 68.04813452227475 0.07953773536095973 0.9960610345024872 0.03919393064602377 2.0117422274637518 -0.9594063854434856 0.08716492461962519 -0.26821943159719314 1.738625143164548
-0.2771686372395308 -0.014559320867244062 0.9607109725128917 68.9869095703565 0.07962694426096117 0.9960975641377804 0.03806826061750855 2.0321231971622207 -0.9575161075817176 0.08704980697661198 -0.27492769017851115 1.4713929691111467
-0.281140797473425 -0.01300235722308582 0.9595784442674035 69.94231229263993 0.07974419187341393 0.996133574928544 0.03686142648535673 2.052363629361216 -0.9563475915473741 0.08688405841535306 -0.2790169251762602 1.1957791164307066
-0.28214442446984184 -0.012257608049577415 0.9592936332455692 70.86335018158086 0.08021480468492151 0.9961156541726315 0.036320636304864595 2.073604508056449 -0.9560126091479869 0.08719721645289652 -0.280065236316336 0.9278424793632369
-0.28346994433990885 -0.013195276149194794 0.958890335410299 71.76161518678244 0.08153035702933414 0.9959535082494453 0.037807542743369754 2.0931999401492267 -0.9555090745453957 0.08889597343507138 -0.28124706997306265 0.6630717928258281
-0.2856393713546431 -0.02018266830132922 0.958124631471482 72.74091246510604 0.082146107363058 0.9955828838831736 0.045461394214878006 2.1203063775509903 -0.9548100159598356 0.09169177290849008 -0.28271974144667833 0.37564466577224725
-0.28653925698858085 -0.028667091033721257 0.9576395209556133 73.674148024351 0.08306691646913415 0.9950448135551105 0.05464161788769799 2.150643073579872 -0.9544606548165001 0.0952051306849565 -0.28273811469011123 0.10075366710898032
-0.287026867078447 -0.03178098766691244 0.957395188204979 74.62105863161112 0.08230150715632668 0.9949356972577164 0.057701128603338786 2.1826369333148388 -0.954380447984413 0.09535684110339171 -0.282957652944489 -0.1768506088706368
-0.28646340619532623 -0.02741185100288538 0.9576989648817459 75.53313514779992 0.08177790459508655 0.9952431507083381 0.05294757112632502 2.213646419737093 -0.9545947261697022 0.09348615615552892 -0.2828590592083902 -0.4474564650162624
-0.2850104186002033 -0.021845250102632514 0.9582754543122194 76.44287323287244 0.08210991769319713 0.9955089757666085 0.04711518422477842 2.2437399540433574 -0.9550010590076607 0.0921122370593172 -0.28193671821558625 -0.7149450448732226
-0.2843014783851681 -0.019566080920813064 0.9585352564540378 77.37714743679834 0.0872998778768831 0.9951099213832484 0.046205797117964194 2.2723174755787223 -0.9547520100584702 0.09681638725972669 -0.2812031053300897 -1.00027239576827
-0.28191218486506747 -0.01994648681487933 0.9592328485244593 78.2737615428821 0.09067255467240087 0.9947552739003349 0.04733321113817211 2.298972165485498 -0.9551460662400201 0.10031990187003849 -0.2786250337550474 -1.264176222549838
-0.2787331240478401 -0.02310540302756168 0.9600906133847291 79.16085128254115 0.09093400051411724 0.9945840090912411 0.05033543891228889 2.332267337126758 -0.9560537919536902 0.1013350344694676 -0.27512244125123986 -1.5158890432746588
-0.27626005183742797 -0.02709697214844113 0.9607008576342421 80.06172451787295 0.09093337654570458 0.9943811810629395 0.054195828048576304 2.368931449848961 -0.9567713963057104 0.10233191510110787 -0.27224377745498785 -1.7655614316915353
-0.27310950406300977 -0.03246197795235412 0.9614350829764211 80.99635714919701 0.08984472279051886 0.9942013371808256 0.059089990138372586 2.4056526295929674 -0.9577782230647927 0.10251790641287513 -0.26860929672587525 -2.0218237073798804
-0.2712544917146217 -0.03555490243910654 0.9618507418706855 81.91377873913157 0.08557778112412676 0.9944688433669692 0.06089468737282361 2.443963869043881 -0.9586956994284023 0.09883100973332451 -0.2667114309747113 -2.2646931567572746
-0.26898889065897225 -0.03741969298175259 0.9624160967477671 82.82425805323957 0.08121812445034565 0.9948046265039974 0.0613789161439901 2.4860068180179056 -0.9597127658642579 0.094675876882098 -0.2645522356242377 -2.5031584284094475
-0.26770234635080276 -0.038126991384503275 0.9627470001439843 83.72889353601066 0.0834036309942275 0.9945490753890027 0.06257771951628333 2.520713281341833 -0.9598850389995949 0.09704879788459983 -0.26306319152230423 -2.753434172748616
-0.2656954489281245 -0.03727031017646516 0.9633363132355349 84.65553610367915 0.08568119631060833 0.9943852072777863 0.06210307678285362 2.5583897949950076 -0.9602419804495456 0.09904031263310961 -0.2610102592923707 -3.006915060521371
-0.260859397741611 -0.03607012038721975 0.9647027112147739 85.62285244201695 0.08621125720022096 0.9944385948076249 0.06049380372396709 2.600821508448649 -0.96151962733053 0.09894861076482064 -0.2562990025065855 -3.260436062969255
-0.25307590086955617 -0.036448462587383164 0.9667595864402273 86.57458965086802 0.09030484180751625 0.9940371175505704 0.06111664648746176 2.6400180536841735 -0.9632225204723893 0.1027702218873251 -0.2482753663738066 -3.505800361880021
-0.24381405208729262 -0.03703275261942612 0.9691146904459779 87.49163347644733 0.09414474525614325 0.9936475019965441 0.061655565172041626 2.6784710452283713 -0.9652416666024272 0.10626954883435033 -0.23877878474670394 -3.738265860901635
-0.23268882451268158 -0.0378367767665258 0.9718149460009486 88.4066181904419 0.0929253225009822 0.9938062494270054 0.060942784953736895 2.719000397304797 -0.9681016451721354 0.10448692226182693 -0.22773161328909952 -3.9474890343697973
-0.22193237600721388 -0.04073413715951189 0.9742108347527565 89.36465236434157 0.09106406599477472 0.9938942450696371 0.0623022110519003 2.763406806216334 -0.9708003689555809 0.10254247747800073 -0.21686789515366672 -4.153917011168671
-0.2101422944635411 -0.04452569660681102 0.976656376838485 90.30463095970097 0.09321488048049636 0.9934990417472627 0.06535013469211942 2.807204490656174 -0.9732169347759037 0.10477173468521742 -0.20462571069258434 -4.348796192860845
-0.19882281778450916 -0.04706112992105916 0.9789048662555425 91.16876783988025 0.09405669190208638 0.9933193765391877 0.06685772132099446 2.8491827077689384 -0.9755115713494454 0.10536539395054217 -0.19306814320592391 -4.513667007751082
-0.18686970161256483 -0.0481047931129056 0.9812062186405037 92.07127357246993 0.09512761266658587 0.9932205490485373 0.06681076452248326 2.8953924367325663 -0.9777680972130292 0.10582471274370296 -0.1810267335095172 -4.680995446689926
-0.17209081711850466 -0.04873745013418218 0.983874693046784 92.96816690014779 0.09928957956007323 0.9928307745288314 0.06654797171413046 2.9369051147015175 -0.9800644519899032 0.10914079944227514 -0.16601793831641148 -4.8387892517623365
-0.15933752445753657 -0.04646155193051852 0.9861302538163768 93.840116643792 0.10300024776494746 0.9926579975736041 0.06341174034453063 2.9746012690850256 -0.9818362909671363 0.11167553019963893 -0.15338211660596612 -4.976992379121321
-0.14572560176291988 -0.039782601410518426 0.988524857358603 94.73560321544609 0.10449267700076043 0.9929833235318009 0.05536605133972599 3.010869561638911 -0.9837913038058679 0.11136185977591356 -0.14054610184277655 -5.104438557293361
-0.13269256003274538 -0.03685936991538225 0.9904716408668132 95.6724235506231 0.10069640991822415 0.9936363922180509 0.05046734676478078 3.0484220319633972 -0.9860288624282442 0.10643357980137975 -0.12813655040278743 -5.216707634315658
-0.120343728018036 -0.040817370152584534 0.9918928013755056 96.63234579144282 0.09910800106732061 0.9936687630656005 0.05291496416062447 3.0835594504041404 -0.9877727427152266 0.10467249687242153 -0.11553647539773731 -5.323098254002242
-0.10733633974738238 -0.046167414211515566 0.9931502806900159 97.61047624721333 0.10022666626725785 0.9933301116775601 0.05700793456702489 3.1207995778012885 -0.9891579881589121 0.10565916476893439 -0.10199321233172803 -5.42210470589077
-0.09559386032843431 -0.04625273891598232 0.9943452609683809 98.52300201864784 0.09867756134267498 0.9935592272998348 0.055702789291181456 3.1557922981861584 -0.9905173157269742 0.10344441014441098 -0.09041405452087892 -5.499517319527542
-0.08934855625577859 -0.041494170930818475 0.9951357039488496 99.44875039145313 0.09710633252985296 0.9940089244019412 0.050165908662136674 3.190149847541482 -0.991255363505091 0.10111623009220745 -0.0847839155402142 -5.574313232406628
-0.08462786937546296 -0.03561106213953303 0.995776067184919 100.37982912208149 0.09308296379054631 0.9947083638534413 0.0434837065115007 3.2204952121152792 -0.9920552835285632 0.09636972103988266 -0.08086526627519253 -5.6391032213134284
-0.08138769326279133 -0.03416665087034727 0.9960967238946554 101.29391769637215 0.09006387673578542 0.995071381091917 0.041490295722569334 3.2461737979441083 -0.9926049271954491 0.09308913201941892 -0.07790938330642955 -5.699661277271938
-0.07970818975066207 -0.03545001122810397 0.9961876837175813 102.20043407900215 0.08962631426573238 0.9950647983985728 0.04258134308764619 3.269913581947237 -0.992780805756141 0.0926787121831921 -0.07613755991790405 -5.762615024602439
-0.0766187176008985 -0.0368848231283993 0.9963779814588342 103.16132148179318 0.08818122045910678 0.9951489079789666 0.04362021671900869 3.293161503248025 -0.9931533841615486 0.09120395151010498 -0.0729944844314025 -5.830084314052236
-0.07175735451435611 -0.04115889017620161 0.9965725401758593 104.12858174367759 0.08676628095087735 0.9951030069118225 0.04734572974411862 3.320966064208678 -0.9936410290256007 0.08986629732281771 -0.06783475541661871 -5.893797056222078
-0.06714607725872168 -0.04619335696207367 0.9966732554259398 105.12367302726119 0.08641789677110248 0.9949044538867247 0.051933368406233235 3.350885573168707 -0.9939936375180806 0.08961752846922809 -0.06281199857226516 -5.954402385436877
-0.06339299023508121 -0.050044118356314296 0.9967331212551302 106.07020965153191 0.08251565933266984 0.995059408705941 0.05520814351776335 3.3841935015980926 -0.9945715131421922 0.08574589998199555 -0.058950367957527894 -6.004226360827815
-0.06175300052915039 -0.050857725687497135 0.9967948929762541 107.02878629715902 0.07917074823243211 0.9953044828720663 0.05568643460561616 3.419862355424543 -0.9949465108989345 0.08235580193686425 -0.057436594061385626 -6.050289426907655
-0.057266126250533234 -0.05005591838086579 0.9971033024813959 107.96739436731319 0.07416074060948541 0.9957697106564973 0.05424820634203551 3.4529696637044287 -0.9956007107955028 0.07705250400943205 -0.05331168998789898 -6.093141400129903
-0.055143692626345 -0.04967394979562846 0.9972420327459293 108.85292470923555 0.07369340898072399 0.9958352591721229 0.05367884185031287 3.481589596104595 -0.9957552182320368 0.07645021452744612 -0.0512533907402869 -6.137324889113772
-0.05285136733866752 -0.04828500349945681 0.9974343544351633 109.78842618895308 0.0734899339606038 0.9959338095194119 0.05210639752101785 3.514828774530468 -0.9958945539447938 0.07605527919355558 -0.049088001893446365 -6.180824233780842
-0.047787866696245795 -0.05045906376344181 0.9975821784097485 110.71732461944285 0.07104318827346515 0.996022194794342 0.053783388485697206 3.5502105508428667 -0.9963278502564119 0.07344161191844413 -0.04401300310428524 -6.218308444252441
-0.04278783418046911 -0.0559357061676214 0.997517116655987 111.68830765662953 0.07064400377527816 0.9957630408133895 0.058867574102136624 3.588884280557326 -0.996583476672548 0.07298741895423884 -0.03865502163568474 -6.255724273700669
-0.03445075145912141 -0.06100672360451278 0.9975426433987394 112.58423045654071 0.0697436558077304 0.9955549793042395 0.06329380425529846 3.623604689244294 -0.9969698933260095 0.0717527898940368 -0.03004278522287057 -6.278978713427438
-0.029704849495455377 -0.058942969088591535 0.9978192964216888 113.43237708778676 0.06953409446310838 0.9957196118234388 0.0608889508644725 3.656655562929468 -0.9971372180515821 0.07119115833586337 -0.025479155228346317 -6.2963154332474325
-0.026557078934274836 -0.058051879125693054 0.9979602701953895 114.32139492171042 0.07140365342580844 0.9956522249309538 0.05981776715565654 3.689744881917016 -0.9970938972012243 0.07284659442978259 -0.022296498470769865 -6.312993126382954
-0.02194005404535676 -0.058261260107809826 0.998060248481592 115.21369757080818 0.07168616490936303 0.9956392450950056 0.0596957903644413 3.728758234120644 -0.9971859043273098 0.07285684042900736 -0.017667852547146812 -6.324061410601421
-0.016539805181097933 -0.060588780320807986 0.9980257684768506 116.15138917271365 0.07161341987031965 0.9955270027477252 0.061623898729372475 3.767112140856149 -0.9972953188193799 0.07249128567881465 -0.012126852913425135 -6.329475350393476
-0.011220124787187535 -0.06250907224549317 0.99798132481864 117.0669236295159 0.07438006434510129 0.9952270112192454 0.06317279610423385 3.8043504682716285 -0.9971668440275072 0.07493872181066491 -0.006517142441687274 -6.335684233332504
-0.0029929046349677635 -0.0641178098479584 0.9979378482561663 117.92789887217279 0.07676534126721507 0.9949828194649465 0.06415817445746112 3.839824708055081 -0.9970446955387577 0.0767990587825597 0.0019441368621949673 -6.336798378482829
0.003527169847998557 -0.06512428039167788 0.9978709271124848 118.80208073601213 0.0793115292594254 0.9947518799700725 0.06464037919550104 3.878344527095573 -0.9968436388919755 0.07891467163635023 0.008673765107053921 -6.331718248755183
0.010213555938901997 -0.06634812765176847 0.9977442604356025 119.6626881932939 0.07672447767074854 0.994906824356861 0.06537404205261402 3.9148479461109007 -0.9970000189574891 0.0758837057954524 0.01525206194307821 -6.315616234397722
0.01692600211769313 -0.06830576091698203 0.9975208436307804 120.5203892633164 0.07614670953385237 0.9948544019357759 0.06683111233681877 3.9550475636415254 -0.9969529522898656 0.07482674638497563 0.02204016664999542 -6.296057255660298
0.020401512766060004 -0.0694358394185969 0.9973777832301517 121.41662879955551 0.07735838101317813 0.9947043839251487 0.06766734431844182 3.996284761456826 -0.9967945922625566 0.07577501438023898 0.025664918308818396 -6.275719043697885
0.02466434245207033 -0.07071391571977326 0.9971916627885452 122.30425085229254 0.07692588623397348 0.9946717953652953 0.0686325544614045 4.0412757841260705 -0.9967316982210029 0.07501707557854202 0.029972656424123334 -6.246663863048517
0.027606960984157713 -0.07127940559669442 0.9970742710766342 123.22503963557556 0.07675638927965987 0.9946607413657778 0.06898163734234529 4.084629617980048 -0.9966676037726764 0.0746274475207578 0.032930710082961 -6.214053632390875
0.032117698911512615 -0.07393652622845971 0.9967456262787903 124.14144175514296 0.07714685969300657 0.9944683387092321 0.0712817321928098 4.1293390592733346 -0.9965022907430455 0.07460638976768806 0.03764400549483049 -6.180523875033591
0.03705147396893671 -0.07643754658282391 0.9963857133405357 125.04036865868405 0.07801220162035734 0.9942487362952585 0.07337265685271874 4.177447866488241 -0.9962636622275624 0.07501167807535519 0.04280144246687667 -6.143952269490993
0.04008603763306662 -0.07786292936152155 0.9961578558733164 125.97063990764451 0.07603787482160117 0.9943059739553155 0.07465836690810829 4.227347353710853 -0.9962988262461694 0.07275296824194813 0.04577831836679025 -6.096852148099178
0.04346520759018979 -0.07786841686218225 0.9960157053904918 126.88100182932008 0.07386913268713845 0.994479469560396 0.07452473320263132 4.275466235066859 -0.9963202933621252 0.07033558330070817 0.04897732900595442 -6.0481120305662905
0.045507053836305544 -0.07767734227335218 0.9959394251401479 127.76386491102579 0.07258916297317441 0.9945938457913133 0.07425560809056447 4.322705922571087 -0.996323201310696 0.06891525528788292 0.0508995689432869 -5.997175051507659
