1 0 0 0 0 1 0 0 0 0 1 0
0.99989611 0.00098150612 0.014380444 0.01282886 -0.00097098169 0.99999926 -0.00073882561 -0.0046531696 -0.01438116 0.00072478573 0.99989632 0.11996579
0.99937364 0.0037397081 0.03519009 0.065092101 -0.0037275358 0.99999297 -0.0004115093 -0.0010195631 -0.035191385 0.00028007926 0.99938055 0.26078998
0.9979896 0.0055237514 0.063136776 0.074418983 -0.0055836599 0.99998411 0.00077245728 -0.0013506542 -0.063131512 -0.0011234386 0.99800458 0.42848933
0.99535335 0.0052974988 0.096143866 0.11535733 -0.0055928006 0.99998043 0.0028022299 -0.0014428751 -0.096127149 -0.0033269224 0.9953635 0.62043588
0.99095207 0.0017013229 0.13420543 0.19320978 -0.0024393204 0.99998279 0.0053347752 0.0013032392 -0.13419406 -0.0056138765 0.99093917 0.77787111
0.98482545 -0.0012558823 0.17354324 0.25072257 0.00027558213 0.99998387 0.0056727174 -0.010047105 -0.17354758 -0.005538811 0.98480991 0.97740156
0.97629673 -0.0015806283 0.21643056 0.378111 5.4496343e-05 0.9999751 0.0070571568 -0.0084188288 -0.21643634 -0.0068780844 0.97627251 1.1891407
0.96423122 -0.0016412879 0.26505746 0.44549026 -0.0010260088 0.99995023 0.0099243226 0.0021309526 -0.26506058 -0.0098412929 0.96418154 1.4138395
0.95054051 -0.0057699281 0.31054699 0.58139649 0.00068598447 0.999864 0.016477659 0.0085837772 -0.31059986 -0.015449652 0.9504152 1.6444766
0.93326497 -0.015424975 0.3588573 0.69249358 0.0069601636 0.99966651 0.024868253 -0.0013211575 -0.35912124 -0.020710964 0.93306109 1.8288316
0.91192493 -0.021037415 0.40981743 0.87362457 0.0096981906 0.99951097 0.029728128 -0.004287206 -0.41024246 -0.023135334 0.911683 2.0569527
0.88744431 -0.023053131 0.46033807 1.057248 0.0084801691 0.99939601 0.033700297 0.0028108816 -0.46083697 -0.026003392 0.88710379 2.327484
0.85987554 -0.025041292 0.50988917 1.241154 0.0063343836 0.99924269 0.038391768 0.016213182 -0.51046444 -0.029782309 0.85938297 2.5369941
0.82672183 -0.030479285 0.56178466 1.4873149 0.0076678327 0.99904914 0.042918828 0.02192217 -0.56255866 -0.031174261 0.82616944 2.7374585
0.79089621 -0.035896872 0.61089653 1.6891882 0.0095156142 0.99887874 0.046375709 0.022924901 -0.61187635 -0.030865317 0.79035099 2.9455694
0.75377621 -0.040278142 0.65589561 1.9665967 0.010810173 0.99874474 0.048908898 0.03516213 -0.65704231 -0.029776018 0.75326544 3.1927791
0.71366545 -0.043817566 0.69911488 2.2834366 0.011744365 0.99864982 0.050602352 0.04531705 -0.70038828 -0.02790249 0.71321648 3.4398137
0.67154054 -0.045467363 0.73957148 2.5387786 0.010686842 0.99860607 0.051688496 0.05886114 -0.74089078 -0.026807237 0.67109036 3.6036848
0.62981055 -0.04583096 0.77539548 2.8930111 0.0066013206 0.99853754 0.053658235 0.081614545 -0.77672077 -0.028675888 0.62919202 3.8373969
0.58701418 -0.046409181 0.80824531 3.2499972 0.0037504066 0.99850073 0.054609731 0.098318408 -0.80956799 -0.029025438 0.58630814 4.0516083
0.54816639 -0.047459416 0.83502165 3.6197314 0.0017196786 0.99845057 0.05561917 0.11742864 -0.83636757 -0.02905259 0.54739866 4.2493202
0.50938873 -0.050284193 0.8590661 4.0479396 0.00074852298 0.99831681 0.05799119 0.13115968 -0.86053624 -0.028897028 0.50856898 4.4617526
0.47173309 -0.050130758 0.88031513 4.4479516 -0.0018145481 0.99832518 0.057823361 0.15589791 -0.88173957 -0.028874567 0.47085206 4.6533625
0.4350719 -0.049499058 0.89903405 4.9049416 -0.0032912361 0.99839364 0.056562339 0.17745665 -0.90038974 -0.027567617 0.4342101 4.8395741
0.40098059 -0.048104819 0.91482262 5.3853634 -0.0019297441 0.99857376 0.053354605 0.1957555 -0.91608456 -0.023159534 0.40031586 5.0339022
0.37217433 -0.046451498 0.92699971 5.9071996 -0.00018589546 0.99874313 0.050121159 0.21932691 -0.92816287 -0.018826133 0.37169792 5.2029587
0.34674793 -0.044662087 0.93689439 6.4158693 0.0011634917 0.99888541 0.047186609 0.24256418 -0.93795767 -0.015271789 0.34641341 5.3857035
0.32602907 -0.044005137 0.94433496 7.03377 0.0021783584 0.99894835 0.045797997 0.27061183 -0.94535727 -0.012874378 0.32578206 5.5877698
0.31117473 -0.044428181 0.94931362 7.5893779 0.0030985485 0.99894878 0.045735451 0.28997729 -0.95034771 -0.011290222 0.31098528 5.7657453
0.29922313 -0.045990641 0.95307413 8.2136429 0.0044890034 0.99889455 0.046792359 0.3128202 -0.95417265 -0.0097230022 0.2990988 5.933838
0.28915457 -0.047668415 0.95609481 8.8714344 0.0034132999 0.99880442 0.048765512 0.33730294 -0.95727638 -0.010837332 0.28897157 6.1519595
0.27701123 -0.049343671 0.95959882 9.5308941 0.0018662639 0.99870629 0.05081588 0.36729468 -0.96086491 -0.012285704 0.27674495 6.3160887
0.26837192 -0.051358275 0.9619453 10.176345 0.0014336185 0.99859798 0.052915198 0.39589191 -0.96331435 -0.01282189 0.26806929 6.5130621
0.25667807 -0.053141113 0.96503488 10.91436 0.00012191429 0.99848905 0.054950891 0.42340315 -0.96649699 -0.013987037 0.25629672 6.6856197
0.24767164 -0.05490175 0.96728717 11.645599 -0.00030232343 0.99838869 0.056744434 0.45199218 -0.96884403 -0.01434642 0.24725597 6.8677814
0.23754742 -0.056011888 0.96975967 12.385108 -0.00072559524 0.99832563 0.057839553 0.48219486 -0.97137571 -0.014443289 0.23710904 7.0560317
0.22817521 -0.059350319 0.97180941 13.111983 -0.0013924219 0.99811939 0.061284054 0.52252332 -0.97361913 -0.01533667 0.22766346 7.2337177
0.21505126 -0.062420252 0.97460586 13.94 -0.0043206057 0.99788472 0.064864546 0.56178342 -0.97659325 -0.01816009 0.21432667 7.4142832
0.20273817 -0.066576564 0.9769671 14.738764 -0.0030764882 0.99763788 0.068623624 0.60051612 -0.97922819 -0.016918255 0.20205446 7.6043217
0.18983749 -0.068651726 0.97941237 15.521303 -0.0051520065 0.99746899 0.070916004 0.6334709 -0.98180205 -0.018508454 0.18900331 7.7489552
0.17700462 -0.069651055 0.98174234 16.318716 -0.0045730101 0.9974238 0.071588094 0.67348936 -0.98419944 -0.01716094 0.1762301 7.9378462
0.16269944 -0.068860614 0.98426979 17.121325 -0.0070132643 0.99745576 0.070942408 0.71491635 -0.98665079 -0.018445234 0.16180256 8.0319203
0.14625103 -0.067766873 0.98692361 17.896047 -0.0073468649 0.99754896 0.069585183 0.75088089 -0.98922027 -0.017427698 0.14539468 8.1588796
0.12588091 -0.066390504 0.9898213 18.736897 -0.01010387 0.9976206 0.068198591 0.78754124 -0.99199395 -0.018585925 0.12491059 8.2597154
0.099078732 -0.064708287 0.99297339 19.546724 -0.015674032 0.99765814 0.066577525 0.82836599 -0.99495619 -0.022160313 0.097832462 8.3460141
0.06956287 -0.064442778 0.99549387 20.39095 -0.018485377 0.99765667 0.065874502 0.87078766 -0.99740633 -0.022984498 0.068208611 8.3830608
0.036433454 -0.063995029 0.99728489 21.265321 -0.021519936 0.99766584 0.064805653 0.90542126 -0.99910439 -0.0238226 0.034971242 8.3957877
0.0011504382 -0.063230477 0.99799825 22.083729 -0.0232358 0.99772781 0.063240127 0.94111306 -0.99972939 -0.023262041 -0.00032138807 8.3841578
-0.031143966 -0.062233863 0.99757552 22.921924 -0.024816679 0.99780017 0.06147311 0.97158493 -0.99920682 -0.022841995 -0.032619894 8.3741631
-0.063550809 -0.060441369 0.9961466 23.729564 -0.026214975 0.997921 0.058876604 0.99704447 -0.99763428 -0.022372302 -0.065003157 8.3152995
-0.097566989 -0.056953721 0.99359794 24.59656 -0.02973564 0.99808231 0.054290858 1.0344401 -0.99478468 -0.024248275 -0.099073443 8.2216334
-0.12838976 -0.052573482 0.99032925 25.4442 -0.0257665 0.9984336 0.049663257 1.0589978 -0.99138905 -0.019141064 -0.12954328 8.1374661
-0.16114343 -0.047465525 0.98578889 26.27944 -0.021441316 0.99877543 0.044585888 1.0842878 -0.9866981 -0.013951888 -0.16196382 7.9306357
-0.19075542 -0.041214505 0.98077197 27.128158 -0.016096829 0.99911522 0.038854579 1.0974243 -0.98150565 -0.0083755964 -0.19125007 7.759054
-0.21955901 -0.035250099 0.97496215 27.921196 -0.010257566 0.99937521 0.033822784 1.1024875 -0.97554534 -0.0025746405 -0.21978341 7.5967349
-0.24637801 -0.028930831 0.96874187 28.683626 -0.00046166516 0.99955775 0.029733713 1.1230407 -0.96917374 0.0068784996 -0.2462824 7.3716612
-0.27404262 -0.018958104 0.96153063 29.531683 0.0038319946 0.99977622 0.020804321 1.114113 -0.96170996 0.0093858519 -0.27390865 7.1400587
-0.29930491 -0.0036408316 0.95415053 30.314804 0.0087528637 0.99994017 0.0065612179 1.1050987 -0.95411741 0.010315355 -0.29925513 6.8488002
-0.32658574 0.013629194 0.94506927 31.072224 0.0099923953 0.99988994 -0.010966729 1.0894249 -0.9451148 0.0058619294 -0.32668598 6.5539401
-0.35228423 0.029157665 0.93543871 31.912015 0.0075268699 0.99957051 -0.028322051 1.0570008 -0.93586283 -0.0029364858 -0.3523524 6.3503944
-0.37728742 0.039427228 0.92525652 32.639832 0.012070735 0.99921782 -0.037656856 1.0213317 -0.92601759 -0.0030389308 -0.37746823 5.9981602
-0.40071572 0.044249416 0.91513323 33.428889 0.016576228 0.9990197 -0.041047228 0.97751816 -0.91605252 -0.0012788118 -0.40105639 5.6686718
-0.42340381 0.043264563 0.90490736 34.155587 0.018071154 0.99906361 -0.039310824 0.92503693 -0.90576085 -0.00029163114 -0.42378918 5.3092958
-0.44270025 0.04024146 0.89576618 34.898768 0.023541735 0.9991697 -0.033252109 0.88520317 -0.89636061 0.0063671741 -0.44328002 4.9187062
-0.46034164 0.0390277 0.8868835 35.619997 0.030759641 0.99913451 -0.028001398 0.84536389 -0.88720882 0.01439001 -0.4611437 4.514901
-0.47454785 0.039943507 0.87932291 36.305401 0.034361593 0.99904905 -0.026838038 0.79865587 -0.8795588 0.017479003 -0.4754691 4.1253092
-0.48620189 0.0434036 0.87276789 37.02899 0.036623954 0.99890026 -0.029273798 0.75225031 -0.87307873 0.017731236 -0.48725681 3.714988
-0.49508397 0.046123365 0.86761998 37.726253 0.038817714 0.99876704 -0.030944963 0.71400446 -0.8679776 0.01835867 -0.49626396 3.2986553
-0.50639607 0.0448974 0.86113134 38.41174 0.032225393 0.99893134 -0.03313154 0.66240136 -0.86169868 0.010972615 -0.50730174 2.9122716
-0.51858009 0.04409506 0.85389124 39.095602 0.03106995 0.99898157 -0.032718328 0.62610002 -0.8544644 0.009563286 -0.51942199 2.5335668
-0.52679223 0.045492535 0.84877578 39.74661 0.03295817 0.99890901 -0.033083879 0.5794478 -0.84935491 0.010545767 -0.52771686 2.1072881
-0.53372961 0.048860073 0.84424246 40.448259 0.036635793 0.99872815 -0.03463972 0.53559812 -0.84486128 0.012441249 -0.53484081 1.6525084
-0.53740523 0.05220699 0.84170659 41.144427 0.038072719 0.99856628 -0.037627911 0.49917276 -0.84246433 0.011824623 -0.53862241 1.2141124
-0.53673803 0.053044711 0.84207986 41.829662 0.036647894 0.99854564 -0.039541672 0.45469983 -0.84295271 0.0096369351 -0.5379014 0.75482819
-0.53407068 0.054467588 0.84368343 42.566733 0.03921424 0.99844443 -0.039635344 0.41273113 -0.84452994 0.011916331 -0.5353758 0.32651173
-0.52856879 0.052645001 0.84725644 43.308783 0.037710329 0.99854603 -0.038519569 0.36316351 -0.84805249 0.011590079 -0.52978553 -0.1288247
-0.52138413 0.052045678 0.85173339 44.050576 0.03544449 0.99859772 -0.039322751 0.32214928 -0.85258568 0.0096869985 -0.52249774 -0.58443671
-0.51424973 0.05087209 0.85613035 44.845331 0.0336598 0.9986673 -0.039123422 0.27306968 -0.85697975 0.0086979682 -0.51527673 -1.0548034
-0.50726548 0.049926352 0.86034239 45.675741 0.031364147 0.99872862 -0.039464436 0.22434321 -0.86121895 0.0069649603 -0.50818645 -1.5185054
-0.50303175 0.047524384 0.86296027 46.443579 0.026024512 0.99886715 -0.039838901 0.17074225 -0.86387606 0.0024178883 -0.50369869 -1.9827315
-0.50218297 0.044135358 0.86363434 47.314174 0.021246011 0.99902497 -0.038700336 0.12395258 -0.8645004 -0.0010858637 -0.50263103 -2.4567823
-0.50258368 0.042641588 0.86347628 48.177391 0.019065612 0.99908663 -0.038241437 0.070998998 -0.86431835 -0.0027568177 -0.50293762 -2.9157903
-0.50326637 0.040957379 0.86316012 49.015727 0.017628423 0.99915486 -0.037132127 0.023474277 -0.86395154 -0.0034711983 -0.50356306 -3.3974428
-0.50308264 0.04079033 0.86327512 49.892699 0.017831268 0.99916283 -0.036819755 -0.027522416 -0.86405438 -0.0031300894 -0.50338882 -3.9296678
-0.50356898 0.040226116 0.86301801 50.753175 0.017430075 0.99918519 -0.036402593 -0.07708108 -0.86377922 -0.0032887477 -0.50385981 -4.4113309
-0.50374593 0.039049288 0.86296878 51.600961 0.016901311 0.99923209 -0.03534929 -0.13440563 -0.86368654 -0.0032217563 -0.50401909 -4.929405
-0.50384277 0.038937727 0.86291729 52.520094 0.017615746 0.99923891 -0.034803479 -0.18575103 -0.86361578 -0.0023345486 -0.50414522 -5.4336257
-0.50360291 0.037269952 0.86313092 53.428502 0.015623342 0.99929855 -0.034034057 -0.23643325 -0.863794 -0.0036546597 -0.50383195 -5.9531053
-0.50392214 0.036731281 0.86296769 54.317614 0.015105636 0.99931736 -0.033714056 -0.29305287 -0.86361702 -0.0039535833 -0.50413299 -6.467417
-0.50411831 0.035618701 0.86289975 55.190929 0.013691057 0.9993532 -0.033252703 -0.34850099 -0.86352611 -0.004949286 -0.5042799 -6.9668844
-0.50207712 0.034437842 0.86413687 56.109086 0.013336141 0.99939634 -0.032079734 -0.40444487 -0.86472005 -0.0045822489 -0.50223331 -7.4918802
-0.50002589 0.032404911 0.86540393 57.0075 0.014052288 0.99947171 -0.029305717 -0.45610765 -0.86589647 -0.0024927112 -0.5002171 -8.0016781
-0.49819887 0.031089325 0.86650521 57.889144 0.014429823 0.99951585 -0.027565155 -0.50472381 -0.86694275 -0.0012294115 -0.49840629 -8.4981342
-0.49550251 0.030202004 0.86808124 58.768951 0.01390796 0.99954307 -0.026837089 -0.56098918 -0.86849519 -0.0012246052 -0.49569615 -9.015142
-0.49326839 0.031075247 0.8693219 59.657981 0.015243751 0.99951704 -0.027079701 -0.60736134 -0.86974363 -0.00010583336 -0.49350386 -9.5208062
-0.49237455 0.031780866 0.86980297 60.561098 0.015803558 0.99949485 -0.027573532 -0.65782629 -0.87023997 0.00016947722 -0.49262808 -9.9955428
-0.49293234 0.033069412 0.86943893 61.459465 0.014752575 0.99945146 -0.029650443 -0.71325017 -0.8699426 -0.0017891985 -0.4931498 -10.497979
-0.49562746 0.034689539 0.86784215 62.333341 0.013294323 0.99938801 -0.032355281 -0.76490998 -0.8684335 -0.0044987908 -0.49578531 -10.997233
-0.50013272 0.035172906 0.86523411 63.186532 0.011761733 0.99935851 -0.033826583 -0.82501087 -0.86586892 -0.0067411276 -0.50022558 -11.489036
-0.50571788 0.033419404 0.86205134 64.057548 0.011444972 0.99942135 -0.032030735 -0.87483349 -0.86262304 -0.0063323615 -0.50580773 -12.011851
-0.5110808 0.031942301 0.85893891 64.923779 0.015543632 0.99948929 -0.02792042 -0.92795844 -0.85939215 -0.00091855963 -0.51131629 -12.514844
-0.51652379 0.029816048 0.85575354 65.79813 0.012521689 0.99954972 -0.027268215 -0.9820318 -0.85618131 -0.0033692011 -0.51666456 -13.013892
-0.52036801 0.032263113 0.85333239 66.634007 0.01426101 0.999475 -0.029092064 -1.0302969 -0.85382306 -0.0029691972 -0.52055492 -13.543032
-0.52716521 0.034508153 0.84906182 67.471215 0.014540783 0.99939514 -0.031590025 -1.0798155 -0.84963843 -0.0043071376 -0.52734812 -14.0318
-0.53127612 0.034831838 0.84648235 68.304893 0.012942985 0.99937155 -0.032999681 -1.1333052 -0.84709989 -0.0065759335 -0.53139307 -14.556259
-0.5349215 0.034908307 0.84418028 69.135343 0.011714224 0.9993565 -0.033902299 -1.1896938 -0.84482059 -0.0082461512 -0.5349862 -15.082584
-0.53807585 0.033559753 0.84222803 69.962355 0.010985914 0.99940143 -0.032803953 -1.2534638 -0.84282486 -0.0083983695 -0.53812246 -15.602233
-0.54024693 0.027274165 0.8410644 70.783272 0.013353298 0.99962663 -0.023838725 -1.2960168 -0.84140062 -0.0016478136 -0.54040942 -16.134773
-0.54310682 0.020270029 0.83941888 71.610279 0.015441875 0.99978062 -0.014151449 -1.3303556 -0.83952165 0.0052764538 -0.54330068 -16.653697
-0.54464707 0.018678212 0.83845729 72.418434 0.016982199 0.9997926 -0.011240921 -1.3623161 -0.83849343 0.0081165145 -0.54485131 -17.165764
-0.54611928 0.022290283 0.83741078 73.232174 0.014583824 0.99974741 -0.017100502 -1.41012 -0.8375805 0.0028737382 -0.54630642 -17.695743
-0.54692216 0.027108208 0.83674442 74.028892 0.014718499 0.9996325 -0.022764862 -1.4519792 -0.8370541 -0.00013498538 -0.54712016 -18.21775
-0.54733135 0.032369954 0.83628973 74.825957 0.021076267 0.99946794 -0.024892125 -1.4866628 -0.83665061 0.0040016263 -0.54772238 -18.737667
-0.54691613 0.03256434 0.83655379 75.606619 0.02361974 0.99944564 -0.023463249 -1.5308991 -0.83685417 0.0069267541 -0.54738211 -19.269473
-0.54662315 0.030247903 0.8368322 76.417933 0.023940381 0.99950339 -0.020489788 -1.5758069 -0.83703647 0.0088338901 -0.54707584 -19.784754
-0.54603842 0.024956564 0.8373883 77.209536 0.02159026 0.9996434 -0.015713801 -1.6070584 -0.83748192 0.0094990927 -0.54638252 -20.303542
-0.54571502 0.019679598 0.83773968 78.002946 0.021088079 0.9997301 -0.009747902 -1.6324614 -0.83770548 0.012346745 -0.54598274 -20.809889
-0.54517848 0.012960343 0.83821977 78.819354 0.0118757 0.99989955 -0.0077362336 -1.6741006 -0.83823591 0.0057368197 -0.54527764 -21.315896
-0.54391201 0.0070702557 0.83911244 79.62915 0.0024839425 0.99997369 -0.0068155614 -1.6948914 -0.83913862 -0.0016227579 -0.54391526 -21.814996
-0.54055 0.008134095 0.84127253 80.414606 0.0059807772 0.99996515 -0.005825581 -1.7263224 -0.84129067 0.0018824466 -0.54057981 -22.331083
-0.53901121 0.011994173 0.84221315 81.197412 0.012424922 0.99990304 -0.0062880004 -1.7512795 -0.84220698 0.0070751308 -0.53910797 -22.821493
-0.53266748 0.014268485 0.84620429 81.994018 0.012538142 0.99988118 -0.0089672536 -1.7785986 -0.84623177 0.0058332665 -0.53278309 -23.330048
-0.52517191 0.016536687 0.85083544 82.786063 0.017637839 0.99980792 -0.0085452624 -1.8034155 -0.8508134 0.010519168 -0.52536271 -23.818992
-0.51776794 0.019843838 0.8552909 83.578846 0.026067105 0.99963271 -0.0074124938 -1.8400579 -0.85512392 0.018457007 -0.51809504 -24.298919
-0.50775437 0.018983142 0.86129268 84.374772 0.023744232 0.99968577 -0.0080355252 -1.8653997 -0.86117465 0.016370661 -0.50804556 -24.762039
-0.49700912 0.015450247 0.86760773 85.205209 0.018655494 0.99980064 -0.0071175199 -1.8964718 -0.8675448 0.01264818 -0.49719826 -25.222132
-0.48509162 0.012814374 0.8743694 86.016187 0.020776998 0.99977925 -0.0031254485 -1.9156896 -0.87421651 0.016650644 -0.48525078 -25.665808
-0.47422947 0.012583422 0.88031131 86.828448 0.021613328 0.9997629 -0.0026476545 -1.9411142 -0.88013598 0.017770863 -0.474389 -26.094282
-0.46339703 0.01152915 0.88607573 87.651008 0.021233043 0.99977274 -0.0019041265 -1.9595631 -0.88589639 0.017931719 -0.46353652 -26.512162
-0.45048144 0.013582753 0.89268242 88.477452 0.024862418 0.99968733 -0.0026643824 -1.9775653 -0.89243958 0.02099399 -0.45067829 -26.924271
-0.43852907 0.015812002 0.89857786 89.298128 0.023946088 0.99969581 -0.0059050374 -2.008122 -0.89839797 0.018927895 -0.43877432 -27.321568
-0.42701778 0.025760972 0.90387616 90.142308 0.026111457 0.99952855 -0.016151295 -2.0359237 -0.90386618 0.016704634 -0.42748912 -27.712349
-0.41420987 0.030778404 0.90966082 90.962192 0.025570329 0.99942711 -0.022172317 -2.0690248 -0.90982219 0.014076335 -0.41475959 -28.080368
-0.40277444 0.026491016 0.91491579 91.817308 0.022177229 0.99957008 -0.019179038 -2.1012387 -0.9150306 0.012565472 -0.40318877 -28.450718
-0.39007681 0.02315157 0.92049118 92.677868 0.024566946 0.99958966 -0.014730259 -2.1345801 -0.92045457 0.016867726 -0.39048551 -28.799752
-0.38084126 0.023111357 0.92435152 93.506405 0.020474199 0.99965325 -0.016558552 -2.1725347 -0.92441377 0.012619179 -0.38118239 -29.126785
-0.37395521 0.028520021 0.92700811 94.339611 0.017055495 0.99956952 -0.02387223 -2.2109671 -0.92728997 0.0068834381 -0.37428065 -29.460877
-0.36900886 0.033012419 0.92883937 95.188541 0.0087408079 0.99944806 -0.032049419 -2.2579558 -0.92938481 -0.0037077123 -0.36909375 -29.778422
-0.36550378 0.034709073 0.93016245 96.033262 0.0054913608 0.99936754 -0.035133654 -2.3007664 -0.93079369 -0.0077336252 -0.36546322 -30.097497
-0.36211701 0.035384475 0.93146075 96.878964 0.0065694867 0.99935129 -0.03540954 -2.3464124 -0.93210953 -0.0067031771 -0.36211457 -30.417621
-0.35715954 0.034570165 0.93340339 97.737738 0.0042610817 0.99936475 -0.035382683 -2.3992398 -0.93403371 -0.0086599543 -0.35707997 -30.737424
-0.35151122 0.031078989 0.93566761 98.565501 0.0025450539 0.99947684 -0.03224234 -2.4440094 -0.93618025 -0.0089522192 -0.35140642 -31.037761
-0.34580352 0.027015406 0.93791792 99.435058 0.0028723279 0.99961123 -0.027733387 -2.4887082 -0.93830259 -0.0068962946 -0.34574668 -31.352751
-0.34010403 0.024382267 0.94007163 100.27513 0.0019369742 0.99967986 -0.025227532 -2.5322332 -0.94038586 -0.0067590901 -0.34004238 -31.648026
-0.33470588 0.022713339 0.94204883 101.12626 -0.0035563586 0.9996719 -0.025366221 -2.5784661 -0.94231598 -0.011840486 -0.33451529 -31.93495
-0.3283113 0.022409964 0.94430366 101.98587 -0.014904118 0.99947116 -0.02890098 -2.6158283 -0.94445203 -0.023562531 -0.32780368 -32.210965
-0.32154902 0.025875795 0.94653927 102.8344 -0.012653109 0.99941988 -0.031619794 -2.6638807 -0.94680843 -0.022143978 -0.32103507 -32.485244
-0.31460925 0.029734582 0.94875539 103.68042 -0.011006081 0.99932779 -0.034969189 -2.7124751 -0.9491575 -0.021443708 -0.31407051 -32.76043
-0.30786672 0.027962813 0.95101845 104.53267 -0.012785692 0.99935616 -0.033523111 -2.756052 -0.95134362 -0.022480079 -0.30731098 -33.033471
-0.30112642 0.022906923 0.95330901 105.39019 -0.012499945 0.99953072 -0.027965995 -2.7983786 -0.95350234 -0.02033761 -0.30069877 -33.288758
-0.29416262 0.020570046 0.95553396 106.2447 -0.012047346 0.99960914 -0.025227658 -2.835885 -0.95567949 -0.018932682 -0.29379983 -33.541162
-0.28789549 0.023280851 0.95737877 107.09932 -0.015450192 0.99946144 -0.028950247 -2.8861541 -0.95753723 -0.023126331 -0.28738075 -33.786538
-0.28151948 0.026068094 0.95920131 107.95418 -0.01548773 0.99937725 -0.031705499 -2.9315605 -0.95943055 -0.023781567 -0.28094044 -34.02927
-0.27462962 0.02711046 0.96116779 108.80531 -0.016988227 0.99930963 -0.033040238 -2.9710992 -0.96140005 -0.025402365 -0.27397947 -34.265411
-0.26760715 0.025970043 0.96317802 109.68485 -0.017825302 0.99933218 -0.031897402 -3.0214856 -0.96336325 -0.025704912 -0.26696552 -34.496538
-0.25964527 0.025841392 0.96535821 110.53463 -0.014388857 0.99942742 -0.030623444 -3.0635699 -0.9655969 -0.021841633 -0.25912477 -34.723308
-0.2517562 0.027076011 0.96741182 111.39811 -0.010184261 0.9994791 -0.030623831 -3.1110013 -0.96773714 -0.017562113 -0.25134931 -34.946416
-0.24514459 0.027666287 0.96909165 112.2755 -0.0083759964 0.99949499 -0.03065308 -3.1543968 -0.96945039 -0.015631544 -0.24478905 -35.16564
-0.23868465 0.026606116 0.97073254 113.1352 -0.014521648 0.99941504 -0.030962849 -3.1945448 -0.97098859 -0.021486992 -0.23815867 -35.353694
-0.23246279 0.024322365 0.97230108 114.00279 -0.020667285 0.99933801 -0.029939941 -3.2459786 -0.97238572 -0.027054746 -0.23180622 -35.55423
-0.22782698 0.024428231 0.97339511 114.88983 -0.018333684 0.9994004 -0.029371927 -3.2887946 -0.97352906 -0.024537635 -0.22724251 -35.756259
-0.22361228 0.024897091 0.9743601 115.73817 -0.015293001 0.99946102 -0.029048165 -3.3280294 -0.97455823 -0.021396416 -0.22311101 -35.941242
-0.21856502 0.026398578 0.97546521 116.62825 -0.014978822 0.99942548 -0.030403192 -3.3732654 -0.97570746 -0.021256393 -0.21804403 -36.140125
-0.21278352 0.025186409 0.97677466 117.47382 -0.0097401246 0.99956338 -0.027895839 -3.4136425 -0.97705086 -0.015449681 -0.2124453 -36.325127
-0.2073377 0.023937893 0.97797647 118.34467 -0.0025705009 0.99968379 -0.025014185 -3.4555827 -0.9782661 -0.0077002722 -0.2072106 -36.515694
-0.20264765 0.023097759 0.97897924 119.2359 0.00012509105 0.99972239 -0.023561272 -3.5006316 -0.97925175 -0.004652174 -0.20259428 -36.702572
-0.19822697 0.024828037 0.9798416 120.09615 -0.00024103939 0.99967786 -0.025379426 -3.5374117 -0.98015616 -0.0052670665 -0.19815713 -36.865942
-0.19462382 0.027159363 0.98050184 120.9573 -0.0024671013 0.99959987 -0.028178072 -3.5782 -0.9808749 -0.0079031206 -0.19447894 -37.030052
-0.19270846 0.025991229 0.98091173 121.84745 -0.0052508929 0.99960751 -0.027518192 -3.6181579 -0.98124205 -0.01045365 -0.19249634 -37.195414
-0.19221187 0.024695713 0.98104263 122.69585 -0.0071153956 0.99962196 -0.0265575 -3.6637278 -0.9813277 -0.012085173 -0.19196349 -37.34786
-0.19069459 0.020724484 0.98143058 123.58441 -0.0054726409 0.99973914 -0.022174446 -3.6978442 -0.9816342 -0.0095995635 -0.19053143 -37.51856
-0.1901601 0.01532575 0.98163342 124.44168 -0.0036502023 0.9998602 -0.016317424 -3.7338989 -0.98174635 -0.0066860828 -0.19007758 -37.677409
-0.18901447 0.013449734 0.98188215 125.30713 -0.00031148114 0.99990533 -0.013756574 -3.7642261 -0.98197429 -0.0029060284 -0.18899238 -37.844917
-0.18826594 0.017950603 0.98195398 126.17653 -0.003704612 0.99981286 -0.018987341 -3.804637 -0.98211114 -0.0072124275 -0.18816421 -38.003996
-0.18785012 0.021841653 0.98195478 127.01339 -0.0043512483 0.9997244 -0.023069306 -3.8406147 -0.98218811 -0.0086063002 -0.18770331 -38.156213
-0.18792675 0.021040908 0.9819576 127.87403 -0.0066568344 0.99972026 -0.022695499 -3.8719558 -0.98216053 -0.01080182 -0.18773412 -38.313249
-0.18735285 0.020180476 0.98208532 128.73709 -0.0081017146 0.99972319 -0.022088476 -3.9144101 -0.98225931 -0.012094913 -0.18713749 -38.474552
-0.18652578 0.020392852 0.98223835 129.57087 -0.00145744 0.9997777 -0.021033762 -3.9488155 -0.98244903 -0.0053548915 -0.1864546 -38.631645
-0.18599379 0.022856541 0.98228499 130.42513 -0.005252705 0.99969198 -0.024256168 -3.9932204 -0.98253692 -0.0096711494 -0.18581645 -38.784492
-0.18612134 0.024810315 0.98221342 131.25156 -0.013472589 0.9995227 -0.027800483 -4.0214503 -0.98243443 -0.01840722 -0.18569825 -38.921422
-0.18576948 0.025895679 0.98225202 132.09165 -0.018900262 0.99937354 -0.029921595 -4.0617009 -0.9824116 -0.024123339 -0.18516367 -39.064336
-0.18564198 0.029039436 0.98218821 132.92971 -0.019168657 0.99926597 -0.033167397 -4.1100786 -0.98243051 -0.02498449 -0.18494907 -39.215829
-0.18483095 0.030371179 0.98230089 133.7454 -0.014206402 0.99933536 -0.03357095 -4.1538841 -0.98266768 -0.020159911 -0.18427664 -39.366214
-0.18296485 0.031429904 0.98261689 134.58332 -0.015926025 0.99926293 -0.034927793 -4.2059765 -0.98299049 -0.022039739 -0.18232944 -39.514686
-0.18161798 0.029945087 0.98291308 135.40808 -0.014520181 0.99934561 -0.033128683 -4.2457684 -0.983262 -0.02028884 -0.18106432 -39.663087
-0.17823838 0.027153715 0.98361256 136.23236 -0.0043644938 0.99958752 -0.028385601 -4.2910899 -0.9839777 -0.0093523738 -0.17804635 -39.820145
-0.17563817 0.023432698 0.98417583 137.04623 0.0066423347 0.99972213 -0.022617441 -4.3234071 -0.98443242 0.0025647402 -0.17574502 -39.974314
-0.17185566 0.023405833 0.98484401 137.86992 0.010499561 0.99970444 -0.021926828 -4.358899 -0.98506623 0.0065721818 -0.17205062 -40.112283
-0.16718331 0.027158055 0.98555167 138.65846 0.0049405956 0.99963107 -0.026707934 -4.4072974 -0.98591349 0.00040409234 -0.16725581 -40.237635
-0.16073778 0.030441781 0.98652754 139.47298 0.005740844 0.99953617 -0.029907822 -4.4470356 -0.98698049 0.00085618484 -0.16083798 -40.365921
-0.15304687 0.030626338 0.9877442 140.26281 6.5870908e-05 0.99951996 -0.030981253 -4.4918618 -0.98821897 -0.0046765194 -0.15297542 -40.481634
-0.14287497 0.027829204 0.98934938 141.04813 0.012990249 0.99957125 -0.026240769 -4.5128591 -0.98965554 0.009102747 -0.14317522 -40.596984
-0.13060322 0.026424807 0.99108246 141.88509 0.021824406 0.99947914 -0.023772698 -4.5548107 -0.99119452 0.018524997 -0.1311119 -40.703531
-0.11721792 0.028575611 0.99269497 142.6466 0.019515599 0.9994592 -0.026465912 -4.5970904 -0.99291449 0.016270759 -0.1177122 -40.791745
-0.10269461 0.029499204 0.99427538 143.4586 0.016980898 0.9994665 -0.027899332 -4.6391837 -0.99456802 0.014018579 -0.10314074 -40.866512
-0.0892364 0.028922557 0.99559041 144.22677 0.017154505 0.99947466 -0.027497809 -4.6710282 -0.99586278 0.014625056 -0.089685674 -40.92982
-0.07570242 0.030584544 0.99666125 145.00592 0.022365416 0.99933011 -0.028967654 -4.7111633 -0.99687964 0.020097823 -0.076335745 -40.98571
-0.061660683 0.036643585 0.99742424 145.81029 0.019236521 0.99918384 -0.035519029 -4.7636797 -0.99791182 0.016996846 -0.062315255 -41.020704
-0.048991803 0.04567044 0.99775444 146.55416 0.011682764 0.99891191 -0.045149772 -4.8061037 -0.99873089 0.0094445622 -0.049472054 -41.0435
-0.035383721 0.054589087 0.99788173 147.31919 0.006562362 0.9984982 -0.054390116 -4.8496704 -0.9993523 0.0046239374 -0.035688817 -41.049827
-0.021747523 0.055571223 0.99821781 148.10141 0.0040736359 0.99845063 -0.055495432 -4.9051814 -0.99975524 0.0028594886 -0.021940206 -41.059076
-0.010200055 0.051559755 0.99861778 148.8687 0.0052546766 0.99865875 -0.051508196 -4.9527366 -0.99993421 0.004722028 -0.010457305 -41.053049
0.0012373614 0.048673364 0.99881394 149.63653 0.003427064 0.99880868 -0.048677351 -5.0118131 -0.9999934 0.0034832317 0.001069079 -41.04495
0.0094908789 0.054325879 0.99847811 150.3729 -0.0061140899 0.99850761 -0.054269366 -5.0814479 -0.99993631 -0.0055897202 0.0098088666 -41.01179
0.016562165 0.063310237 0.99785641 151.12976 -0.0090361003 0.99796207 -0.063166959 -5.1288476 -0.99982205 -0.0079705483 0.017100489 -40.994685
0.019918097 0.066988142 0.9975549 151.88684 -0.01042627 0.99771254 -0.066790546 -5.1773082 -0.99974729 -0.0090704353 0.02057097 -40.971722
0.019599343 0.062513984 0.99785158 152.64071 -0.016149882 0.99793292 -0.062201869 -5.2392724 -0.99967751 -0.014896069 0.020568422 -40.941395
0.018544042 0.056939405 0.99820536 153.39705 -0.0089948058 0.99834618 -0.056780335 -5.3093662 -0.99978763 -0.0079257257 0.019025531 -40.931251
0.014937842 0.054330956 0.9984112 154.14012 -0.011211453 0.99846898 -0.054166358 -5.3622597 -0.99982561 -0.010384511 0.0155241 -40.910472
0.01180206 0.054473426 0.99844543 154.89806 -0.011995803 0.99845087 -0.054331925 -5.4159745 -0.99985844 -0.011335925 0.012437228 -40.8938
0.008621845 0.054841308 0.99845782 155.64302 -0.0094798114 0.99845458 -0.054759268 -5.4732022 -0.99991794 -0.0089930652 0.0091284044 -40.890914
0.0040689644 0.052974916 0.99858751 156.38364 -0.0083042348 0.99856318 -0.052939786 -5.5277228 -0.99995728 -0.0080770944 0.0045030327 -40.88401
-0.0013524837 0.053365346 0.9985741 157.11857 -0.01075004 0.99851658 -0.05337683 -5.5797044 -0.99994134 -0.010806902 -0.00077679937 -40.881807
-0.0072409473 0.051529425 0.99864518 157.86453 -0.010813645 0.99860898 -0.051605963 -5.6302872 -0.99991536 -0.01117267 -0.0066736556 -40.878668
-0.012739333 0.048635463 0.99873531 158.60736 -0.008274366 0.99877708 -0.048743038 -5.6825477 -0.99988466 -0.0088848546 -0.012321328 -40.89058
-0.018137618 0.048698311 0.9986488 159.34274 -0.0088895467 0.99876581 -0.048865468 -5.7356659 -0.99979602 -0.0097638377 -0.017682328 -40.898933
-0.02348495 0.049804279 0.9984828 160.0662 -0.0091747209 0.99870551 -0.050031181 -5.7817139 -0.99968213 -0.01033578 -0.02299761 -40.911711
-0.027740659 0.052003722 0.99826148 160.77732 -0.012384226 0.99855133 -0.052362964 -5.8365755 -0.99953848 -0.013815279 -0.027056448 -40.925666
-0.030215216 0.054064727 0.99808014 161.49815 -0.010925542 0.99845858 -0.054415977 -5.8878922 -0.99948375 -0.012548756 -0.029577957 -40.947084
-0.03185672 0.056071754 0.99791835 162.21193 -0.01118186 0.99834266 -0.056452554 -5.9475319 -0.99942994 -0.012956976 -0.031176938 -40.966755
-0.030994614 0.054313235 0.99804275 162.94254 -0.0059113538 0.9984951 -0.05452143 -5.9990214 -0.99950211 -0.0075896538 -0.030626907 -40.990729
-0.027422868 0.050550061 0.99834493 163.6466 -0.0014208091 0.99871759 -0.050607956 -6.0417793 -0.99962295 -0.002806272 -0.02731588 -41.011475
-0.019718399 0.050036265 0.99855269 164.35595 -0.00050219714 0.99874629 -0.050055881 -6.0991681 -0.99980549 -0.0014884913 -0.019668551 -41.021064
-0.0092116685 0.051231922 0.99864426 165.04976 0.0004697757 0.99868678 -0.051229768 -6.1510164 -0.9999575 -2.7719961e-06 -0.0092236406 -41.017956
0.004792244 0.051556957 0.99865852 165.73095 0.0030534411 0.99866462 -0.051571922 -6.1997265 -0.9999839 0.0032964911 0.0046284168 -41.011154
0.020147296 0.04911799 0.99858972 166.42469 0.0012333312 0.99879051 -0.049152748 -6.2494948 -0.9997963 0.0022218878 0.020062348 -40.984714
0.035900673 0.04402693 0.99838504 167.12008 -0.00059866117 0.99902986 -0.044033837 -6.2934451 -0.99935523 0.00098315089 0.0358922 -40.941229
0.052731663 0.037650099 0.99789867 167.79023 -0.0028156193 0.99929064 -0.037553831 -6.3316758 -0.99860479 -0.00082942596 0.052800264 -40.893353
0.069769361 0.030403397 0.99709969 168.46902 -0.0036821276 0.99953649 -0.030220051 -6.3697472 -0.9975564 -0.0015630138 0.06984897 -40.836795
0.087621666 0.02273309 0.99589436 169.15908 -0.0039754511 0.99973959 -0.022471092 -6.4052249 -0.99614593 -0.001990174 0.087689221 -40.757528
0.10501313 0.016587845 0.99433244 169.80767 -0.0054349314 0.99985552 -0.01610599 -6.4363426 -0.99445603 -0.0037127873 0.10508811 -40.67544
0.1226609 0.014179674 0.9923473 170.47044 -0.0070873942 0.99988495 -0.013411328 -6.4720406 -0.99242338 -0.0053881101 0.12274728 -40.577739
0.14063605 0.01320367 0.98997327 171.10868 -0.0054760854 0.99990615 -0.012558213 -6.4877611 -0.99004626 -0.00365504 0.14069515 -40.47384
0.1582378 0.0126248 0.98732028 171.74487 -0.0064411815 0.99991018 -0.011753457 -6.5104468 -0.98738006 -0.0044996671 0.15830491 -40.360313
0.17426587 0.012474734 0.98461957 172.38647 -0.013420874 0.99985696 -0.010292451 -6.529017 -0.98460722 -0.011420831 0.17440837 -40.228281
0.1886883 0.0089773424 0.98199595 173.00855 -0.016963126 0.99983882 -0.0058810341 -6.5502208 -0.98189055 -0.015548038 0.18881017 -40.088921
0.2010337 0.0044788449 0.97957405 173.63563 -0.01079918 0.99993891 -0.002355689 -6.5661174 -0.97952484 -0.010105023 0.20106978 -39.95357
0.21186675 0.0026040244 0.97729505 174.25992 -0.0079311216 0.9999681 -0.00094505734 -6.5820632 -0.97726642 -0.007550819 0.21188064 -39.814599
0.22168823 0.0062464098 0.97509755 174.85984 -0.010687748 0.99993498 -0.0039756589 -6.6068676 -0.97505907 -0.0095402395 0.22174058 -39.658743
0.2304123 0.01325387 0.97300279 175.47002 -0.014998548 0.99983683 -0.010067655 -6.6249896 -0.97297754 -0.012273917 0.23057349 -39.502575
0.24002076 0.023467987 0.97048401 176.04585 -0.015676158 0.9996711 -0.020296742 -6.6428925 -0.97064122 -0.010341821 0.24030971 -39.348153
0.24822001 0.030165757 0.96823384 176.63277 -0.010800463 0.99953908 -0.028372238 -6.6545925 -0.96864351 -0.0034148162 0.2484314 -39.198557
0.25443539 0.02892482 0.96665708 177.24207 -0.011852116 0.99957082 -0.026790066 -6.6776267 -0.96701719 -0.0046405897 0.25466901 -39.03072
0.26035439 0.021669155 0.96526989 177.84258 -0.01424734 0.99972549 -0.018599822 -6.6999943 -0.96540804 -0.0089099825 0.26059165 -38.850597
0.26489989 0.010728651 0.96421619 178.45054 -0.01770288 0.99982369 -0.006261322 -6.7217711 -0.96411344 -0.01541078 0.26504312 -38.675628
0.26691916 0.00088547054 0.96371848 179.05722 -0.015075023 0.99988106 0.003256602 -6.7497171 -0.96360105 -0.015397328 0.26690076 -38.498202
0.26797384 8.6488448e-05 0.96342614 179.66183 -0.012568977 0.99991521 0.0034062561 -6.7690765 -0.96334424 -0.013022068 0.26795221 -38.332611
0.26913684 0.0036004132 0.96309518 180.27205 -0.010804765 0.99994137 -0.00071876733 -6.7697233 -0.96304138 -0.01021257 0.26915996 -38.163345
0.27069629 0.0031644942 0.96265956 180.86975 -0.0081563559 0.99996624 -0.00099359286 -6.783918 -0.96263029 -0.0075828314 0.27071296 -37.996938
0.27272096 0.0013386726 0.9620922 181.47677 -0.0094342792 0.99995467 0.0012829478 -6.7832628 -0.96204696 -0.0094265326 0.27272123 -37.81244
0.27519952 -0.0028799373 0.96138278 182.08222 -0.0099989098 0.99993285 0.0058576452 -6.8001351 -0.96133518 -0.0112248 0.27515224 -37.630968
0.2783461 -0.0085241663 0.96044297 182.70613 -0.0086386159 0.99989795 0.011377897 -6.8115218 -0.96044203 -0.011463891 0.27824406 -37.442195
0.28239213 -0.01203002 0.95922359 183.32602 -0.0050785967 0.99988861 0.014035139 -6.8182724 -0.95928566 -0.0088349217 0.28229958 -37.267908
0.28867989 -0.013043202 0.95733679 183.93629 -0.005767499 0.99986537 0.01536179 -6.8173163 -0.95740834 -0.0099560781 0.28856579 -37.077679
0.29614775 -0.016007691 0.95500795 184.56659 -0.0055976542 0.99981329 0.018494542 -6.8207913 -0.95512578 -0.010822921 0.29600285 -36.875015
0.30604486 -0.018853856 0.95183034 185.17152 -0.0018259612 0.99979042 0.020390956 -6.8248888 -0.95201538 -0.0079785519 0.30594629 -36.675012
0.31702988 -0.01672057 0.94826811 185.79648 -0.0029839172 0.99982205 0.018627206 -6.8292106 -0.9484109 -0.0087349336 0.31692357 -36.452926
0.3288206 -0.013030617 0.94430246 186.4121 -0.0037185492 0.99987919 0.015092387 -6.8292007 -0.94438512 -0.0084741223 0.32873242 -36.224574
0.33987531 -0.0091840037 0.94042562 187.02874 -0.0062007069 0.9999087 0.012005875 -6.8281478 -0.9404501 -0.0099118035 0.33978733 -35.983615
0.35183616 -0.0084239873 0.93602365 187.64308 -0.0049800845 0.99992851 0.010871049 -6.8276267 -0.93604839 -0.0084863043 0.35176905 -35.747952
0.36313091 -0.011632272 0.93166548 188.27133 -0.0041806124 0.99989166 0.014113565 -6.8338741 -0.93172879 -0.0090200034 0.36304294 -35.493111
0.37421182 -0.013981894 0.92723781 188.88703 -0.0031295575 0.9998616 0.016340012 -6.8352611 -0.92733802 -0.0090164689 0.37411626 -35.226922
0.38552099 -0.013629614 0.92259836 189.51646 -0.0068183847 0.99982151 0.017619598 -6.8419787 -0.92267391 -0.013083355 0.38535925 -34.952694
0.39514606 -0.015241658 0.91849182 190.13022 -0.0084749673 0.99975931 0.02023626 -6.8328718 -0.91857925 -0.015780466 0.39492177 -34.671418
0.40252307 -0.014105387 0.91530112 190.77158 -0.013032966 0.99969163 0.021137423 -6.832461 -0.9153171 -0.020437388 0.40221511 -34.374958
0.40656068 -0.016491107 0.9134749 191.4162 -0.013047394 0.99963032 0.023853494 -6.8300233 -0.91353065 -0.021616359 0.40619522 -34.0822
0.40853016 -0.020685701 0.91251035 192.06162 -0.007884171 0.99962589 0.02619026 -6.8198752 -0.91271081 -0.017893898 0.40821423 -33.788371
0.40939744 -0.019853485 0.91214007 192.71033 -0.0055478886 0.99969055 0.024249162 -6.8195778 -0.91233931 -0.014987996 0.40916061 -33.495611
0.40806867 -0.019221596 0.91274883 193.37528 -0.0041363906 0.99972914 0.0229026 -6.8169768 -0.9129419 -0.013121319 0.40787863 -33.205176
0.40697822 -0.018631618 0.91324779 194.03289 -0.00045106606 0.99978773 0.020598175 -6.8128691 -0.91343779 -0.0087949431 0.40688343 -32.910033
0.40725683 -0.01937647 0.91310808 194.70575 0.0012681314 0.99978596 0.020650203 -6.8099337 -0.91331284 -0.0072519946 0.40719423 -32.603453
0.40607437 -0.02547797 0.91348476 195.39087 0.0059154739 0.99966362 0.025251957 -6.8021428 -0.91382092 -0.0048504765 0.40608849 -32.312546
0.40543562 -0.028925901 0.91366579 196.06898 0.0063923636 0.9995645 0.028808797 -6.7985872 -0.91410129 -0.0058396277 0.40544395 -32.003802
0.4037664 -0.031776252 0.91431006 196.75966 0.0076700427 0.99947907 0.031349095 -6.7890797 -0.91483 -0.0056449134 0.40379979 -31.698904
0.40159904 -0.031937565 0.91525851 197.44756 0.0068320804 0.99946841 0.03187824 -6.7804539 -0.91579015 -0.0065491501 0.40160375 -31.397109
0.40075216 -0.031611479 0.91564095 198.13303 0.0058796896 0.99947274 0.031932291 -6.7684062 -0.91616767 -0.0074132493 0.40072673 -31.089094
0.3981054 -0.030985666 0.91681618 198.82468 0.0045062345 0.99948337 0.031822848 -6.7622153 -0.91732865 -0.0085374584 0.39803936 -30.787583
0.39756814 -0.028069466 0.91714318 199.5063 0.0057372992 0.99958849 0.028105696 -6.7626498 -0.91755476 -0.0059120038 0.39756558 -30.47756
0.39680823 -0.022095638 0.91763552 200.19909 0.0046599889 0.99974584 0.022057669 -6.7620969 -0.91788974 -0.0044764927 0.39681034 -30.198
0.3952788 -0.019652373 0.9183509 200.87686 0.0033811443 0.99979546 0.019939937 -6.7544093 -0.91855501 -0.0047767568 0.3952644 -29.893496
0.39439654 -0.021225028 0.91869516 201.57074 0.0023782699 0.99975345 0.022076761 -6.7468041 -0.91893731 -0.0065220924 0.39434978 -29.591284
0.39271033 -0.024690387 0.91933069 202.26502 0.0012215815 0.99965267 0.026325765 -6.7419267 -0.91966145 -0.0092153619 0.39260409 -29.288454
0.38987765 -0.024410099 0.92054304 202.94344 -0.0025744518 0.99961581 0.027597234 -6.7424766 -0.92086311 -0.013129438 0.38966502 -28.993717
0.38542706 -0.024178743 0.92242143 203.64097 -0.0053238024 0.99958173 0.0284258 -6.7376783 -0.92272299 -0.015866862 0.38513713 -28.694563
0.37845135 -0.025225897 0.92527734 204.32586 -0.0061561573 0.99953786 0.029768421 -6.7358908 -0.92560075 -0.016962051 0.37812116 -28.416908
0.37056315 -0.025526789 0.92845639 205.01858 -0.0054816221 0.99954474 0.029669089 -6.7248405 -0.92879114 -0.016083718 0.37025452 -28.131978
