1.000000000000000000e+00 -3.306050084167601550e-19 -2.270457535318767223e-19 -8.673617379884035472e-19 7.546676715296109287e-19 1.000000000000000000e+00 6.237773588823049983e-19 1.387778780781445676e-17 -3.447385680526250622e-20 4.770700176052009879e-20 1.000000000000000222e+00 5.551115123125782702e-17
-2.654709899175813903e-02 -3.285119268147841144e-03 9.996565947998821144e-01 -6.451581382945593468e+00 -2.315209348905582915e-02 9.997286261571702859e-01 2.692786761346105048e-03 -9.648262213292713163e-02 -9.993942677387994689e-01 -2.307032251489754549e-02 -2.661619713687811417e-02 -2.137800111565412164e-01
1.747598729530131512e-01 -4.777151010290062519e-03 9.846569357925279986e-01 -6.503560995565036862e+00 -3.005211890563962499e-02 9.994963105531390335e-01 1.016704228667086700e-02 -6.975832668764206379e-02 -9.842097533880979077e-01 -3.135909720810823448e-02 1.745283526171236832e-01 6.773136126164576609e+00
-1.849747843911749567e-01 -7.303309593893207198e-03 9.827965559757265712e-01 -8.497884675837353186e+00 -3.654114129746001416e-02 9.993322438995375645e-01 5.588976537152171974e-04 -1.244245970273533120e-03 -9.821443595386456504e-01 -3.580045724797488449e-02 -1.851182728638083863e-01 1.280316872029082020e+01
-2.244942325516616488e-01 -4.148863984366749601e-03 9.744427824382149161e-01 -7.770146395636758463e+00 -4.568794833617662726e-02 9.989368413251177303e-01 -6.265339601135264808e-03 1.765027064202701335e-01 -9.733809963544136634e-01 -4.589962891544287910e-02 -2.244456813928942251e-01 1.920826468423652500e+01
-3.399365520357184867e-01 -5.608170106760027029e-03 9.402953822287911656e-01 -6.632897476882089194e+00 -4.304854805895223097e-02 9.990269400125301180e-01 -9.614475621016785670e-03 2.906214505032799766e-01 -9.393265477832046795e-01 -4.373079466827138606e-02 -3.398473443156939666e-01 2.564328710319248827e+01
-5.102624848585048944e-01 1.054610356197063260e-03 8.602462376947451750e-01 -5.099321470435683068e+00 -4.461346772263834887e-02 9.986208989571704331e-01 -2.769543297670574999e-02 6.078472501575771236e-01 -8.590893738646234734e-01 -5.248369023564321972e-02 -5.095117449015831301e-01 3.167206106693999601e+01
-6.348997667045040982e-01 -3.031061363931179288e-03 7.726041451189464837e-01 -1.746994970036839678e+00 -4.285459196547338617e-02 9.985931841042626766e-01 -3.127522890708071823e-02 6.247893470682186479e-01 -7.714219317112679386e-01 -5.292149558771086504e-02 -6.341372145112698089e-01 3.756301940827875541e+01
-1.521206359289958288e-01 2.919006528601935258e-03 9.883680239363470399e-01 3.032684897988347839e+00 -5.740300529838079924e-02 9.982805968888356363e-01 -1.179598486038845734e-02 1.038461449682594795e+00 -9.867033813341722359e-01 -5.854561196570364640e-02 -1.516906133636712617e-01 4.285334995834779193e+01
-3.989843712529382302e-01 1.098149038379147950e-02 9.166718806127408525e-01 5.225189771622728685e+00 -3.417221053073248721e-02 9.990548093714313183e-01 -2.685998817215083656e-02 8.995777266768946179e-01 -9.161006193073414350e-01 -4.204451212128555715e-02 -3.982316765504236300e-01 4.938349906928943511e+01
-4.283823370813594211e-01 8.739101142905827957e-02 8.992868876343527162e-01 9.001301027037174052e+00 2.361791498297332800e-02 9.960527144915916065e-01 -8.557274426709338133e-02 1.017470884045638346e+00 -9.032166170550793849e-01 -1.543013872946606517e-02 -4.287542425759425790e-01 5.481279277132412631e+01
-6.344079116057579348e-01 4.464429924193183408e-02 7.718706048510878270e-01 1.257658677723088125e+01 1.702014757085907812e-02 9.988958309892587151e-01 -4.379049791859854907e-02 7.250713264735725305e-01 -7.729733133095114672e-01 -1.463887239784483416e-02 -6.344673963122114957e-01 5.965709083120813006e+01
-7.733772244393866124e-01 7.874809576607234851e-02 6.296023431538552151e-01 1.705205680322848139e+01 5.486098813007823927e-02 9.968462371160474733e-01 -5.736695340741905513e-02 4.116963684606226304e-01 -6.321335970540067350e-01 -9.802614601026948121e-03 -7.752584752430365933e-01 6.316933171263706015e+01
-7.499571584683014658e-01 5.181723543008456834e-02 6.592653431205161008e-01 2.220507192100697225e+01 3.602515905541178037e-02 9.986465608240617797e-01 -3.752184195195457095e-02 1.300815312086660291e-01 -6.603174464919462361e-01 -4.387984191446558414e-03 -7.508085858961048853e-01 6.580172055072874571e+01
-9.754617999048854626e-01 9.936296489453178005e-02 1.986252408266334091e-01 2.636449355971760156e+01 9.624164769505340333e-02 9.950365417204719565e-01 -2.534253149943769753e-02 -3.903243071706991030e-01 -2.001570140377182949e-01 -5.594122763767272501e-03 -9.801829857578472360e-01 6.917575828831957097e+01
-8.908485498946659975e-01 6.429684289967219080e-02 4.498380560968052166e-01 3.236220800307800260e+01 6.835050216962619551e-02 9.976349339365060409e-01 -7.225518101658770162e-03 -6.074056517350997497e-01 -4.492388447595673240e-01 2.430911351900777798e-02 -8.931365746813357820e-01 6.976250958803485958e+01
-8.867266416588188704e-01 5.473533152227202242e-02 4.591687554161922313e-01 3.733697283498960928e+01 5.722952083522517275e-02 9.983251253761451505e-01 -8.523064828093894138e-03 -9.228519301947663012e-01 -4.588661109854575981e-01 1.872337471774077750e-02 -8.883739034293929304e-01 7.214882395982391472e+01
-8.245551969876475651e-01 5.054906796652294115e-02 5.636826972062709551e-01 4.184006978659693488e+01 5.509258470230479765e-02 9.984414798955376646e-01 -9.002693883612153045e-03 -1.275692154006565548e+00 -5.632593566712356115e-01 2.362877658053875660e-02 -8.260549144615402239e-01 7.490726548177346444e+01
-8.910060458904920377e-01 5.408842185261933388e-02 4.507451800825366672e-01 4.594626545855935973e+01 5.859339443326395946e-02 9.982744297555471436e-01 -3.993069618242861551e-03 -1.550797816232413417e+00 -4.501834057825930269e-01 2.284769943481151921e-02 -8.926378396794166781e-01 7.816175338011272800e+01
-8.665762751236599781e-01 4.904941584994437082e-02 4.972490560432103468e-01 5.048547278583762932e+01 5.354815140984017785e-02 9.985521382808515423e-01 -5.229562885190526013e-03 -1.826140781069854890e+00 -4.967857769079686570e-01 2.208945773618504679e-02 -8.679480888232377067e-01 8.074622633469209632e+01
-8.231875453392935027e-01 4.249626071336809474e-02 5.661079535328245038e-01 5.519078202271181510e+01 4.378127127581167566e-02 9.989768781710490764e-01 -1.129647319671958118e-02 -2.123968508486700824e+00 -5.660088249324042309e-01 1.548797581130027107e-02 -8.242059712060841870e-01 8.441556729007974980e+01
-9.137673467168372365e-01 4.880061673264367295e-02 4.046100985940958017e-01 5.946430335005586443e+01 5.068509743682274304e-02 9.986966078562525828e-01 -6.028593420265952740e-03 -2.333379942533095441e+00 -4.043771100005331132e-01 1.499657931329292926e-02 -9.150496458325613203e-01 8.891275605817371286e+01
-8.218379546889695852e-01 4.191150744109208709e-02 5.674352054894601372e-01 6.455680268595914129e+01 4.161633647900165461e-02 9.990424977949029506e-01 -1.348944240027683678e-02 -2.589104334509868988e+00 -5.674574224087444163e-01 1.252165316624988603e-02 -8.227952060621712693e-01 9.252023107826380510e+01
-7.611447594580479370e-01 3.936400197822106234e-02 6.464919821615968676e-01 6.919802555688896462e+01 3.550415482670237627e-02 9.991886524197377550e-01 -1.900114432679607737e-02 -2.819739185257839953e+00 -6.467158017931233793e-01 8.476592722990120704e-03 -7.619247919141740599e-01 9.737081623148610277e+01
-6.660915467307603199e-01 3.780060479138314805e-02 7.439055025159617696e-01 7.349558357209870962e+01 2.349213159104281481e-02 9.992821285725892455e-01 -2.970828193662200523e-02 -2.973848369271947956e+00 -7.444947864929827297e-01 -2.327625258501875988e-03 -6.665013647512223471e-01 1.024712337249951304e+02
-6.870726860240975453e-01 4.508755524261474218e-02 7.261718669587151620e-01 7.645986922337094427e+01 2.783478480509743794e-02 9.989742381499447932e-01 -3.572068879461811480e-02 -3.052546921079451359e+00 -7.270371376681865616e-01 -4.313503020692694735e-03 -6.876233047694325640e-01 1.078308313506341278e+02
-7.641651460166190013e-01 4.919261621240233334e-02 6.434687660754331295e-01 8.034944630292369538e+01 3.705271980472441690e-02 9.987890553166973717e-01 -3.237187815780168815e-02 -3.146837296095383429e+00 -6.442817002782154079e-01 -8.824329610909445107e-04 -7.650626304800407507e-01 1.132511178939495693e+02
-8.582613782701584704e-01 5.501171508788681164e-02 5.101746118593818435e-01 8.490266846355665109e+01 4.890589661973595431e-02 9.984800983147291698e-01 -2.544803761078145640e-02 -3.320179167403531473e+00 -5.107987525854018607e-01 3.122792666529275452e-03 -8.596472593206939683e-01 1.180748964924931244e+02
-9.138623846194853240e-01 5.875249529867988124e-02 4.047010377216176402e-01 8.997987168720668194e+01 5.490495249672829731e-02 9.982694796282154392e-01 -2.111395160337885615e-02 -3.498770101603437599e+00 -4.052407221655560665e-01 2.938654679041257864e-03 -9.155066648062460954e-01 1.219499159333462899e+02
-9.715249623571099447e-01 6.867921701705438642e-02 2.269797581713767776e-01 9.543027084072944888e+01 6.728239266728311407e-02 9.976382591237992203e-01 -1.374050391438531686e-02 -3.790431391216012802e+00 -2.273877667001056035e-01 1.908503370925268344e-03 -9.738512289718896930e-01 1.249674338819954045e+02
-9.631767563266272481e-01 7.697797612164060388e-02 -2.620686083309693992e-01 1.009899775900520495e+02 7.550316663452831534e-02 9.970240148924780499e-01 1.563905157632355242e-02 -4.065019576524030676e+00 2.624917473292343595e-01 -4.744638265863315545e-03 -9.661223154048401707e-01 1.273347158770000647e+02
-9.576621179969416753e-01 7.863274562173419580e-02 -2.759063005239405508e-01 1.065837471077632586e+02 7.557634611524365054e-02 9.969039261578507283e-01 2.164406266483063709e-02 -4.360857874104056897e+00 2.767540306123783544e-01 -1.219017177142130772e-04 -9.606398517934167103e-01 1.260595063256298971e+02
-9.514417812012372355e-01 8.174191583503760683e-02 -2.970446606320172322e-01 1.119231270888381005e+02 7.742972215547415382e-02 9.966525737154514619e-01 2.620667007047310787e-02 -4.717723401827901064e+00 2.981922914329755425e-01 1.930274572693841837e-03 -9.545864004815909354e-01 1.249074987614272487e+02
-8.917283866843362938e-01 9.091253429680248854e-02 -4.432019999209264038e-01 1.165329258972541595e+02 8.138930737050253938e-02 9.958603684696575309e-01 4.042920193168235421e-02 -5.098159716517290718e+00 4.450424733949262524e-01 -2.131916761147611752e-05 -8.954365104985476664e-01 1.234656753500013622e+02
-8.232809323813942148e-01 9.084000487597179707e-02 -5.606341286001306212e-01 1.206727988897443424e+02 7.462823096773542331e-02 9.958655865714648447e-01 5.180825142263997124e-02 -5.285831433862132833e+00 5.630215930323098084e-01 7.922568812077139750e-04 -8.266562236328196533e-01 1.216659186073251675e+02
-6.090453170311456166e-01 9.670908886486277722e-02 -7.878989563963330056e-01 1.240168686845842814e+02 6.743948506966958301e-02 9.952579622594758257e-01 7.014239129523199001e-02 -5.579157328827397677e+00 7.909458503680509844e-01 -1.043304014574913084e-02 -6.126790625409522795e-01 1.194856644650681829e+02
-2.595487983498543927e-01 1.011805430294375890e-01 -9.606395474492174236e-01 1.261949228601681767e+02 4.483203434118626651e-02 9.946861125248548374e-01 9.270727084064173118e-02 -5.851436685283427863e+00 9.649145365368114735e-01 -1.902009509871213991e-02 -2.627052968486454088e-01 1.169866260896366867e+02
1.076072089241829621e-01 9.254113150421973411e-02 -9.898823584954522525e-01 1.274364128203911690e+02 1.407376997882434783e-02 9.954172023105931633e-01 9.458999799009959464e-02 -5.831291842079023624e+00 9.940987667448943910e-01 -2.411781689461732839e-02 1.058113321328959106e-01 1.144416978013018564e+02
4.872345135816151251e-01 8.827099062511627181e-02 -8.688901569426816796e-01 1.275035282447893934e+02 -1.594323289799018731e-02 9.956119236405532869e-01 9.222207301831995829e-02 -5.872137198862477980e+00 8.732169716545159499e-01 -3.109248366519483733e-02 4.865033643182065104e-01 1.122637823041478669e+02
7.785303807435552947e-01 8.805467598959472453e-02 -6.213103390899590295e-01 1.267595397486311555e+02 -4.261564199280124671e-02 9.952408408470851953e-01 8.764303604943948778e-02 -5.939032718948826783e+00 6.260693800112017149e-01 -4.175651426202094813e-02 7.785770941251497490e-01 1.110011760923713382e+02
8.153689807421282687e-01 8.378009228505658990e-02 -5.729292454130217038e-01 1.257762654001522975e+02 -4.578598657052687648e-02 9.957049595578990608e-01 8.047877945672997357e-02 -5.750380841613849547e+00 5.772111184038264398e-01 -3.938594417022464600e-02 8.157050199279394231e-01 1.103749446029475791e+02
8.269946708000157631e-01 8.054276535338494858e-02 -5.563488515380082822e-01 1.246327894043154174e+02 -4.398626035210902868e-02 9.959198738472295753e-01 7.880364752407044426e-02 -5.669767774722593856e+00 5.604255376260599553e-01 -4.069216268008611637e-02 8.271645864791588032e-01 1.107344176231540729e+02
8.965090562399951057e-01 7.788995321716062070e-02 -4.360597174310032464e-01 1.241427165383529001e+02 -4.980377135105921310e-02 9.959023346768187679e-01 7.548567259628011228e-02 -5.670957014159131226e+00 4.401522277806284023e-01 -4.595291423926872038e-02 8.967147072391616902e-01 1.122291222900637138e+02
8.549924364424938972e-01 8.254414983796952432e-02 -5.120492310200002173e-01 1.241290744225552629e+02 -5.031113615024548208e-02 9.957978728074597941e-01 7.651916590927498873e-02 -5.612536542293547370e+00 5.162139434720814934e-01 -3.966258759865813610e-02 8.555523282889564429e-01 1.128818959977425465e+02
8.603343225551658424e-01 7.942524769621020497e-02 -5.034269703449519850e-01 1.232431574418337163e+02 -4.971065161755322537e-02 9.961513591847674931e-01 7.217041628053430524e-02 -5.522878482585127813e+00 5.072226732492213230e-01 -3.706184985460849596e-02 8.609704206312829289e-01 1.128918263893108787e+02
9.028524212688717743e-01 7.969630197765842361e-02 -4.223809475077236475e-01 1.232710816978910771e+02 -5.469676804743103110e-02 9.959748913828152528e-01 7.099696416765281792e-02 -5.547363741172438800e+00 4.263397671382707088e-01 -4.098212678451620961e-02 9.035803692902992790e-01 1.140707825155353703e+02
8.928447253718930776e-01 8.515518425770578215e-02 -4.422195319481098119e-01 1.228806812173628344e+02 -6.086345933930881191e-02 9.957682572241038921e-01 6.887773607256217345e-02 -5.475824367277516203e+00 4.462116372956679289e-01 -3.458443963631858270e-02 8.942488462080194767e-01 1.151790945391803689e+02
8.977126733614753107e-01 8.703646468377641832e-02 -4.319698706294779478e-01 1.221306624662154405e+02 -6.373784583858739528e-02 9.956349490632993016e-01 6.814956781536604669e-02 -5.405510663648580127e+00 4.360185247430267697e-01 -3.364233004917818737e-02 8.993441447909543696e-01 1.152460377761275083e+02
9.357181671835212988e-01 8.533684619227294155e-02 -3.422306725023319118e-01 1.224907610652682024e+02 -6.698180462057803930e-02 9.956258944782953035e-01 6.511017433389498787e-02 -5.422689585946358193e+00 3.462916773584574504e-01 -3.799350346591449934e-02 9.373435084332458755e-01 1.164142774924048638e+02
9.264866397332782721e-01 8.348693484075367377e-02 -3.670156652248870444e-01 1.219966006288412927e+02 -6.597364975286311439e-02 9.960129468053735557e-01 6.002697845340362187e-02 -5.366274314425201197e+00 3.705655578063583033e-01 -3.140151881043642262e-02 9.283019409615010931e-01 1.172616927295452740e+02
9.354116740301513522e-01 8.546375020613185269e-02 -3.429358960379724763e-01 1.213970788110304113e+02 -6.984050694273237492e-02 9.958891821009610013e-01 5.765582111350661676e-02 -5.320147129551127563e+00 3.464546311338260742e-01 -2.996678873811936886e-02 9.375371560873632104e-01 1.177807998794640127e+02
9.649054332510064169e-01 8.513556936600719105e-02 -2.483833012376008564e-01 1.217663537167219943e+02 -7.447735029417391905e-02 9.958649790407334557e-01 5.200573409425106319e-02 -5.323786980027594318e+00 2.517844972085999666e-01 -3.167771033737744324e-02 9.672574559791345949e-01 1.188410807477387152e+02
9.616826478503888165e-01 8.002327673293485599e-02 -2.621712288611215969e-01 1.212314546283009378e+02 -7.084245251811059629e-02 9.965027798788210767e-01 4.428786418328550106e-02 -5.280390874837954662e+00 2.647994526373096957e-01 -2.401141378988784839e-02 9.639900392851030730e-01 1.197769603940712102e+02
9.650119907738469172e-01 7.428920957855746077e-02 -2.514375514091544139e-01 1.208015281968229289e+02 -6.655737379718874858e-02 9.970145053833008308e-01 3.912678609300025007e-02 -5.249271935360137142e+00 2.535940078452969537e-01 -2.101906681166203911e-02 9.670767591147640951e-01 1.203224994667967849e+02
9.766676294442980799e-01 6.595905811098261295e-02 -2.042607256702162755e-01 1.209492297370696292e+02 -6.044444268117653979e-02 9.976199815341496580e-01 3.311542997128207738e-02 -5.251045333682192506e+00 2.059599873494044608e-01 -1.998344807467693565e-02 9.783340277964244214e-01 1.212460533383469823e+02
9.835040927917816367e-01 5.687347240947637078e-02 -1.715702797152977299e-01 1.207696455969982310e+02 -5.340882643647356515e-02 9.982639279138895150e-01 2.473159897795334031e-02 -5.244644816019038203e+00 1.726802695693550604e-01 -1.514582566172066776e-02 9.848389538960747869e-01 1.222593815812520717e+02
9.865601897323376113e-01 4.970096493174503555e-02 -1.555626783383622924e-01 1.204496356042169936e+02 -4.710082940086017522e-02 9.986810814788995572e-01 2.033839578959149852e-02 -5.228744617293671126e+00 1.563697808203043660e-01 -1.272842464512408296e-02 9.876032698616087346e-01 1.229486492704872518e+02
9.905909685300264833e-01 4.243154797567846859e-02 -1.299515215245317656e-01 1.205369628277466205e+02 -4.125407533304224772e-02 9.990777272856051772e-01 1.172597289357633563e-02 -5.247793600823547955e+00 1.303301510675246022e-01 -6.242194716174166366e-03 9.914319230236324776e-01 1.237906726482596582e+02
9.945061634981217091e-01 3.169564189936187326e-02 -9.953928126289229850e-02 1.204750764385994017e+02 -3.251496536602265647e-02 9.994475907614246424e-01 -6.582345091553350701e-03 -5.267813896386410732e+00 9.927470920469999571e-02 9.795218505928387359e-03 9.949911934600277341e-01 1.247355591718073669e+02
9.935417183478334469e-01 3.090397209237830470e-02 -1.089530098224124055e-01 1.202718401067447758e+02 -3.343086817724170989e-02 9.992100034540073450e-01 -2.134505599419327104e-02 -5.286257653764015352e+00 1.082043523626225190e-01 2.486316136121265868e-02 9.937940197562344924e-01 1.252566123944062610e+02
9.911693462474645555e-01 3.203837417374066215e-02 -1.285582548306429540e-01 1.204129749429052652e+02 -3.679412122493660314e-02 9.987172029505722026e-01 -3.472244414244318733e-02 -5.313630457878626423e+00 1.272785995869341602e-01 3.915379557805662852e-02 9.910788863068767940e-01 1.258858920441702622e+02
9.894932008452144157e-01 2.798386417599293269e-02 -1.417182099489216751e-01 1.205130706703443195e+02 -3.492236776502285339e-02 9.982994092271552100e-01 -4.661570827648087861e-02 -5.367310441523665432e+00 1.401702500937943296e-01 5.108150304219734317e-02 9.887888442046691706e-01 1.267148129786829998e+02
9.880601524704047955e-01 2.760201979322608051e-02 -1.515231505057133832e-01 1.203403721387584540e+02 -3.585213798407547309e-02 9.980043719131843627e-01 -5.195146574868670514e-02 -5.408688516790454592e+00 1.497852899299129958e-01 5.676795144569680984e-02 9.870790531920945465e-01 1.273215696947698916e+02
9.908585086133443465e-01 2.467259724230518037e-02 -1.324022839599599266e-01 1.203409457467878383e+02 -3.135491714409370523e-02 9.983276733158288341e-01 -4.845950193829957203e-02 -5.468940781943616436e+00 1.309806094214322481e-01 5.218086761545398522e-02 9.899779416059834025e-01 1.281273849778041267e+02
9.931823478435386487e-01 2.083514193567141681e-02 -1.144916692434831407e-01 1.203051195075492501e+02 -2.594025479068600565e-02 9.987286538213021592e-01 -4.312490983205295031e-02 -5.523788656382995654e+00 1.134440894983094750e-01 4.580977586507756910e-02 9.924620909865266016e-01 1.289746501342513341e+02
9.948467051780939263e-01 1.764910630013487303e-02 -9.957516385212648868e-02 1.200935574040477007e+02 -2.156790197237455631e-02 9.990320478261573989e-01 -3.820391286317043056e-02 -5.578787010129916624e+00 9.880044974039349504e-02 4.016484208989788696e-02 9.942663599870817936e-01 1.297374443412302867e+02
9.954144696641114010e-01 1.500973751956848935e-02 -9.430257530754018735e-02 1.201256510992230204e+02 -1.859432897331228171e-02 9.991350149816855541e-01 -3.710101296877824084e-02 -5.632903514549265189e+00 9.366166174284175361e-02 3.869004683246310417e-02 9.948334976082316983e-01 1.305734050640741941e+02
9.955632946935282224e-01 1.221026364692379823e-02 -9.304378299097898486e-02 1.201259413636194182e+02 -1.581165297751872464e-02 9.991535745428081761e-01 -3.785797602706704457e-02 -5.698746231909672666e+00 9.249988411752663175e-02 3.916822474533272758e-02 9.949146643864056339e-01 1.313889731649269947e+02
9.953392841171402328e-01 1.124658042119320092e-02 -9.557939375863426512e-02 1.199751540891688393e+02 -1.511300956387619243e-02 9.990954049993475694e-01 -3.966456808798483197e-02 -5.750170517778835588e+00 9.504488020177599694e-02 4.092910731726095985e-02 9.946093811273477581e-01 1.320873952878069417e+02
9.944597990340502403e-01 1.441451490280949016e-02 -1.039313336441327063e-01 1.200313313021027284e+02 -1.903710741513930937e-02 9.988698720687425592e-01 -4.345479287813532043e-02 -5.787138466508208623e+00 1.031848163779446464e-01 4.519875791289037353e-02 9.936111896454986603e-01 1.328634327851441981e+02
9.951430097669359265e-01 1.542733501353088857e-02 -9.702699294271793784e-02 1.200089451726721421e+02 -1.949390116762078975e-02 9.989674849659387901e-01 -4.093023245924439640e-02 -5.835644683959411161e+00 9.629220521110151698e-02 4.262999534992181760e-02 9.944174588918509583e-01 1.336512185914542954e+02
9.952472914333423404e-01 1.553126040635718387e-02 -9.598961615586125429e-02 1.198132092083434372e+02 -1.953507710906553230e-02 9.989739135117098323e-01 -4.079231910840355746e-02 -5.886685139436510283e+00 9.525558717004439790e-02 4.247832855571196525e-02 9.945302064929364416e-01 1.343915284127608061e+02
9.948759402296400989e-01 1.449408947425300659e-02 -9.985460023425427045e-02 1.198271564995435483e+02 -1.888272107262568486e-02 9.988938099805922954e-01 -4.298069922668689563e-02 -5.950238640544258217e+00 9.911868699353112988e-02 4.465220560147116491e-02 9.940498618159823163e-01 1.352293210982643359e+02
9.943914969480686095e-01 1.248825472408009001e-02 -1.048062165178872546e-01 1.198029569492546784e+02 -1.739617393659242603e-02 9.987919843510436602e-01 -4.586886778272649540e-02 -5.982045979761566379e+00 1.041043290245305536e-01 4.744090932613623940e-02 9.934081558354401764e-01 1.360020605456631984e+02
9.942780340236876402e-01 1.147927951917660991e-02 -1.059898148451795807e-01 1.195670343361058201e+02 -1.655474500666524393e-02 9.987556518640113845e-01 -4.693790651066955671e-02 -6.034864929924541599e+00 1.053162992721221602e-01 4.843025437248205806e-02 9.932317350259974864e-01 1.368338410351182688e+02
9.941388017612748929e-01 1.015066219145262932e-02 -1.073742233265506663e-01 1.195566078867104949e+02 -1.539903481710795143e-02 9.987260786003103741e-01 -4.791975284117583334e-02 -6.086971110257899831e+00 1.067478997560949855e-01 4.929904398799944687e-02 9.930294420337395511e-01 1.378076333844228145e+02
9.933982266111714976e-01 1.109416276923516284e-02 -1.140022415240683623e-01 1.194764596882509835e+02 -1.692740094519754046e-02 9.985929610565604797e-01 -5.015136978623293412e-02 -6.125896545979825802e+00 1.132829247537263107e-01 5.175519531542535634e-02 9.921889051438527174e-01 1.386484996164724635e+02
9.929721619447414716e-01 1.219701824098086244e-02 -1.175258503536938670e-01 1.192054738272350107e+02 -1.827435636042005346e-02 9.985469756959329812e-01 -5.059024969640567998e-02 -6.186966553678031389e+00 1.167352121657237729e-01 5.238843312257361606e-02 9.917529976170469386e-01 1.395833331179648837e+02
9.922544571872460306e-01 1.416822192630456598e-02 -1.232848265044813318e-01 1.191687835432016982e+02 -2.066343234851796343e-02 9.984582153090451051e-01 -5.144211607573498379e-02 -6.244608500859259337e+00 1.223635788866552360e-01 5.359603929567919450e-02 9.910180270428936566e-01 1.405415287361694539e+02
9.911240989610962115e-01 1.726286469130818707e-02 -1.317410670743944801e-01 1.190518031375230095e+02 -2.427640502555937149e-02 9.983627149319413974e-01 -5.175126837954772963e-02 -6.304702805472224725e+00 1.306304035232407901e-01 5.449373458719252578e-02 9.899209734299608821e-01 1.414198369803785624e+02
9.904328017905503767e-01 1.990537672937719993e-02 -1.364103343771382593e-01 1.188303043929047789e+02 -2.712388186753094191e-02 9.983187273308773424e-01 -5.113996518328128849e-02 -6.363139517378407106e+00 1.351597675732003345e-01 5.435830718979382803e-02 9.893090740203573930e-01 1.423915338071755059e+02
9.899113416760212392e-01 2.284864882741304351e-02 -1.396702426543437181e-01 1.187428821369729235e+02 -3.016819559284332139e-02 9.982701289915331122e-01 -5.038499346599312201e-02 -6.409097909515515390e+00 1.382744357617484154e-01 5.409769276382972447e-02 9.888894569523800637e-01 1.433326010814367635e+02
9.898637864663653030e-01 2.574141257187214857e-02 -1.395144708592164773e-01 1.185871087672165487e+02 -3.280719740688175373e-02 9.982821900959040207e-01 -4.849368580642399174e-02 -6.478339818960009211e+00 1.380243066340727520e-01 5.258710367724593604e-02 9.890092320253773828e-01 1.443200901046004105e+02
9.897135584376972606e-01 2.761922203208962839e-02 -1.401814509278228593e-01 1.184073823972235004e+02 -3.465380149600712917e-02 9.982488870569889983e-01 -4.786269236888136130e-02 -6.536625963539520079e+00 1.386107546697228354e-01 5.223823394765692713e-02 9.889393837480203731e-01 1.453144710166411073e+02
9.899140812743999485e-01 2.752051704517800845e-02 -1.388845121881124023e-01 1.182784277961003596e+02 -3.438460963326975262e-02 9.982909255233127777e-01 -4.718474241383245615e-02 -6.599550047459933566e+00 1.373457949999448979e-01 5.149038849890544972e-02 9.891700833245105073e-01 1.463077565541456408e+02
9.899218189851572980e-01 2.740610543845449845e-02 -1.388180179758089217e-01 1.181286258043921151e+02 -3.420744347171025129e-02 9.983172588464003239e-01 -4.677655999440029355e-02 -6.660912741296201922e+00 1.373002182232939128e-01 5.106145445930066612e-02 9.891951997029275745e-01 1.473349117327231568e+02
9.898397274189694173e-01 2.760869393857853446e-02 -1.394326802098342089e-01 1.179600820053128132e+02 -3.440438752977587056e-02 9.983229639342225958e-01 -4.652641922909508954e-02 -6.721173965986070087e+00 1.379130453254254207e-01 5.085416444017132331e-02 9.891303231731756185e-01 1.483571464079753355e+02
9.897755937190109154e-01 2.750273650345456608e-02 -1.398209087371027892e-01 1.178209704723020508e+02 -3.431911442925224265e-02 9.983260841170982225e-01 -4.647436715926245299e-02 -6.784363703689882286e+00 1.383052020412112171e-01 5.080724926997984281e-02 9.890650940526239943e-01 1.493891935444597152e+02
9.897962335119050437e-01 2.833636831343029627e-02 -1.395078549824133596e-01 1.176501278838438083e+02 -3.504351549920887987e-02 9.983345264298584265e-01 -4.576639298217596852e-02 -6.846910355379926649e+00 1.379759989250010643e-01 5.019635986300288732e-02 9.891423466332490699e-01 1.504514608215516205e+02
9.899607590313833638e-01 2.831990268356286700e-02 -1.383589975991066645e-01 1.174649089246358784e+02 -3.487169186957568556e-02 9.983719730595654873e-01 -4.507300327165408849e-02 -6.914012993984320232e+00 1.368545538068113021e-01 4.945269518912572687e-02 9.893382354879394214e-01 1.514629151317039089e+02
9.896674305029287133e-01 2.915182937233564212e-02 -1.402633982845816751e-01 1.173085897538403373e+02 -3.582596639214218753e-02 9.983320785598744918e-01 -4.521795422212440685e-02 -6.975997100009237784e+00 1.387086987500829316e-01 4.978397539999002142e-02 9.890629546975731046e-01 1.525254222692235828e+02
9.892113280517890184e-01 2.984577862415821112e-02 -1.433233186518093893e-01 1.171725989865566362e+02 -3.665875723553370380e-02 9.983091839783959642e-01 -4.506011299136836873e-02 -7.045610348039637039e+00 1.417340236959185595e-01 4.983370980967642000e-02 9.886339941763276906e-01 1.535685638608411239e+02
9.892187592494710024e-01 2.981999576442692992e-02 -1.432617597602381110e-01 1.169874057264035372e+02 -3.627300075659760370e-02 9.984323029286912288e-01 -4.256681679522106992e-02 -7.109769261924638428e+00 1.417653247083038581e-01 4.731197962025322085e-02 9.887514589552608424e-01 1.545769531351290880e+02
9.887188541092216676e-01 2.958795355031829111e-02 -1.467019898492060159e-01 1.168318205604938669e+02 -3.603346859766673460e-02 9.984901728771866658e-01 -4.139804587304690697e-02 -7.180458349772732340e+00 1.452530744232785054e-01 4.622598382239056364e-02 9.882942984759333083e-01 1.556753800979250286e+02
9.880612332376114137e-01 2.969872974376679478e-02 -1.510269331802080173e-01 1.166848863402057077e+02 -3.622416593419900549e-02 9.985177496192453317e-01 -4.055306979464354949e-02 -7.242489937534569933e+00 1.495960091682480564e-01 4.554896800626655196e-02 9.876743139952554040e-01 1.566718070912459382e+02
9.878682201619284342e-01 2.858776340818372161e-02 -1.525413440249986374e-01 1.165096946263704041e+02 -3.511339722628147031e-02 9.985729899712534330e-01 -4.020628538721722489e-02 -7.308085275686935667e+00 1.511730281762339034e-01 4.507968997162972030e-02 9.874631015237703702e-01 1.576836776815252676e+02
9.875841157112833502e-01 2.790068477518649684e-02 -1.545754807223158889e-01 1.163422962499210342e+02 -3.457248764086501280e-02 9.985752968357980430e-01 -4.062761378294880293e-02 -7.375020887997060015e+00 1.532210125453916383e-01 4.546926834555088670e-02 9.871424749651258601e-01 1.587575978921651938e+02
9.875752241636641671e-01 2.787693888536828257e-02 -1.545632016752226390e-01 1.161959979403614653e+02 -3.468278211666198096e-02 9.985360110478892492e-01 -4.144713193000848506e-02 -7.436724925257525598e+00 1.531792342749019042e-01 4.629963234365799124e-02 9.870983247058966459e-01 1.597313613557333554e+02
9.880251851004990815e-01 2.827527273025608190e-02 -1.515895771915062862e-01 1.160439377882154588e+02 -3.525198336779572506e-02 9.984305000000166519e-01 -4.348775519477447726e-02 -7.499272871610032531e+00 1.501207429363151380e-01 4.831603966711738030e-02 9.874723492050569984e-01 1.607421877712126275e+02
9.881860337045312859e-01 2.865880680008051073e-02 -1.503943698560054054e-01 1.158782966158179448e+02 -3.578887941392173977e-02 9.983502370835068973e-01 -4.482296213552634800e-02 -7.573335572611240352e+00 1.488583649225043437e-01 4.968735550315463850e-02 9.875842865201590604e-01 1.617928275873997563e+02
9.895382994306024527e-01 2.776753464603641877e-02 -1.414058818055065059e-01 1.157351776626930331e+02 -3.420461965334906790e-02 9.984775668161869344e-01 -4.318248858749777763e-02 -7.628050095496287319e+00 1.399878148544618506e-01 4.757852751334501473e-02 9.889844298690861901e-01 1.627973741043204825e+02
9.904592734027466427e-01 2.679120922291420084e-02 -1.349317916200427903e-01 1.155814499700611719e+02 -3.257780602620279770e-02 9.986356210443709802e-01 -4.071569830804317586e-02 -7.702986889437648088e+00 1.336531953373855663e-01 4.473558933357784512e-02 9.899833387949175112e-01 1.637749819324403404e+02
9.912405624855146202e-01 2.714893616871424248e-02 -1.291289186160800573e-01 1.154389211604002412e+02 -3.240248420882788777e-02 9.987236572016985336e-01 -3.868644776759491699e-02 -7.755296684709175992e+00 1.279116753807922613e-01 4.253877328529281215e-02 9.908569725773439529e-01 1.648015961280214299e+02
9.917243380235843953e-01 2.671561829209775918e-02 -1.254665341171787296e-01 1.152968243209357979e+02 -3.181672766141006858e-02 9.987396685912784955e-01 -3.875664601782558699e-02 -7.829559559994521578e+00 1.242708234493775793e-01 4.243431362914335675e-02 9.913261187551628550e-01 1.658090599147420221e+02
9.923413426971569029e-01 2.563397905436112095e-02 -1.207219457597040052e-01 1.151754465789468043e+02 -3.059379691093663464e-02 9.987552394536791667e-01 -3.933111521710713071e-02 -7.890487991226335041e+00 1.195610477318923420e-01 4.273015311910448311e-02 9.918920734163335640e-01 1.667991271758706375e+02
9.929745743993965146e-01 2.461669739539528237e-02 -1.155825834553278197e-01 1.150398163139577719e+02 -2.936400827651948486e-02 9.987873769046208272e-01 -3.943863505010059001e-02 -7.946038383772536129e+00 1.144688815338693322e-01 4.256297218721394326e-02 9.924950314993277178e-01 1.677361983783046639e+02
9.933806690569403353e-01 2.468862907525372005e-02 -1.119674616028021458e-01 1.149111032227767311e+02 -2.932973616802639696e-02 9.987710458953368287e-01 -3.983544407232228468e-02 -8.007982932237002416e+00 1.108420829880458064e-01 4.286735362930892135e-02 9.928869827672971438e-01 1.687676981812921326e+02
9.937629673725287827e-01 2.460503648387026010e-02 -1.086050210195963067e-01 1.147968685695541495e+02 -2.903649188342217330e-02 9.988024361643274007e-01 -3.929617965041241889e-02 -8.072523889217540827e+00 1.075051110328587717e-01 4.221261255007515562e-02 9.932893413743381084e-01 1.697598331260795419e+02
9.944664681930290850e-01 2.374299340801411945e-02 -1.021565170197795414e-01 1.146702388382743152e+02 -2.759622383988331526e-02 9.989548096144543754e-01 -3.633270847724826003e-02 -8.115504400783313699e+00 1.011836145690968441e-01 3.895957061086949280e-02 9.940845753686337050e-01 1.706770510512061207e+02
9.950363967123813103e-01 2.333277258468155826e-02 -9.658564235553611377e-02 1.145435910722282813e+02 -2.653624834618836803e-02 9.991360053777272876e-01 -3.191111689258492590e-02 -8.173640974581410035e+00 9.575534124659264290e-02 3.432213632586493535e-02 9.947973411616921613e-01 1.717280794382819522e+02
9.951120139679023868e-01 2.369997253184346481e-02 -9.555382610537375976e-02 1.144476194082869966e+02 -2.655554270840016287e-02 9.992354740680930991e-01 -2.853675383361463716e-02 -8.218136802986954592e+00 9.480003388205747450e-02 3.094927086125716723e-02 9.949843534328158823e-01 1.726886186343813279e+02
9.948934347891403851e-01 2.420227308611002520e-02 -9.774648359089910254e-02 1.143782537104388837e+02 -2.715179276829198657e-02 9.992124378893387782e-01 -2.882655035912437894e-02 -8.283028009604375796e+00 9.696865559056797035e-02 3.134480558473244638e-02 9.947699336531559133e-01 1.736516838905090481e+02
9.949128843784958987e-01 2.337591011610745673e-02 -9.765851692272195517e-02 1.143086497582285546e+02 -2.653057992967359016e-02 9.991643437964110586e-01 -3.090829748816812869e-02 -8.353305321318750032e+00 9.684896317354328710e-02 3.335793356069099297e-02 9.947058929341020539e-01 1.746207338876532731e+02
9.948731091444832364e-01 2.184397764920267479e-02 -9.851223084472367220e-02 1.142273816033890199e+02 -2.515212805600403750e-02 9.991575279144970789e-01 -3.230461714899846015e-02 -8.417845275271645278e+00 9.771992750672332806e-02 3.462719718051213841e-02 9.945870215561323224e-01 1.755836267475901593e+02
9.950767531389232978e-01 1.974402584753982143e-02 -9.701071062608643270e-02 1.141290343822682019e+02 -2.301097407969941722e-02 9.992016288542469038e-01 -3.259153498777134922e-02 -8.467449800361963597e+00 9.628783445530345042e-02 3.466858991146476443e-02 9.947379720908450240e-01 1.765451049788483999e+02
9.952378101936857346e-01 1.834818192561286226e-02 -9.549571838917512989e-02 1.140204227328302977e+02 -2.149709433384343685e-02 9.992567060013632929e-01 -3.189038230678346159e-02 -8.507196358951974346e+00 9.483657355163503666e-02 3.380039580904679875e-02 9.948944265234571649e-01 1.775180356847909309e+02
9.953541742201106324e-01 1.848239826292323584e-02 -9.422377517053123763e-02 1.139132341755738196e+02 -2.145349769402890919e-02 9.993023592857980253e-01 -3.043205413937136172e-02 -8.544281745955021989e+00 9.359185766975888776e-02 3.232276907298443219e-02 9.950587446427426874e-01 1.784743415940941134e+02
9.952720225544978705e-01 1.918868235806498596e-02 -9.495804115377959320e-02 1.137928672568090178e+02 -2.207147346841685509e-02 9.993251783591768911e-01 -2.923593697010051090e-02 -8.572734288264873825e+00 9.432965956040106903e-02 3.120371306629893607e-02 9.950261668727329312e-01 1.794560419781700205e+02
9.949594546211251167e-01 2.159672140704915408e-02 -9.772699841047319258e-02 1.136940808459540051e+02 -2.445117126596348459e-02 9.993064720943409807e-01 -2.799173606147271204e-02 -8.603110624342722446e+00 9.705221082566463375e-02 3.024875959725726107e-02 9.947996012004888255e-01 1.804064770207457400e+02
9.946345043225800486e-01 2.394905699109812006e-02 -1.004378335673251216e-01 1.135870723347886297e+02 -2.681936123800680513e-02 9.992667645826081024e-01 -2.721315589361174639e-02 -8.627424881619301544e+00 9.970952131091277704e-02 2.977136996474849875e-02 9.945505099835146856e-01 1.813493957433912556e+02
9.944718210303197248e-01 2.493714605787052813e-02 -1.017589907357379364e-01 1.134788771428673044e+02 -2.779000979223278378e-02 9.992568851596121959e-01 -2.658012777566129761e-02 -8.690888012169452281e+00 1.010172411377305429e-01 2.927279804669748534e-02 9.944289833814489166e-01 1.823011260976886376e+02
9.940994814419613634e-01 2.550072391835474586e-02 -1.051584550177632332e-01 1.133710423361906550e+02 -2.844977569263844666e-02 9.992404716537798270e-01 -2.649146641764064600e-02 -8.757666984673571520e+00 1.043994804450753128e-01 2.934001742859410414e-02 9.940732148577502425e-01 1.832454869682500203e+02
9.933661064217160774e-01 2.604328871947716312e-02 -1.117461385187977635e-01 1.132646504778308412e+02 -2.929432066684528255e-02 9.991911789152965184e-01 -2.741036549260378319e-02 -8.815308193316562679e+00 1.109382309497236180e-01 3.051586732632033394e-02 9.933290500359125419e-01 1.841935428493242171e+02
9.924976567970478225e-01 2.620431886126905682e-02 -1.192696313895149907e-01 1.131457237428784737e+02 -2.978399463874786823e-02 9.991548399553356052e-01 -2.823555593795996563e-02 -8.873839785557091631e+00 1.184263311743712910e-01 3.158449732753697975e-02 9.924414077428562742e-01 1.851297998227280459e+02
9.917800857414419413e-01 2.543790179965003603e-02 -1.251970344051854533e-01 1.130235152015482782e+02 -2.919861074695653119e-02 9.991733460851803805e-01 -2.820193838324976110e-02 -8.929426178341092424e+00 1.243739082016294545e-01 3.163577033000624511e-02 9.917051928224259738e-01 1.860574904470612125e+02
9.899994352808784148e-01 2.581665287838208131e-02 -1.385784939393695514e-01 1.128829564714897487e+02 -3.002440576940692760e-02 9.991467258758098824e-01 -2.830309356853861341e-02 -8.976930149238222967e+00 1.377279904909460007e-01 3.218722059750014214e-02 9.899311780156754281e-01 1.869922541001926390e+02
9.880953088262868222e-01 2.674240716872874554e-02 -1.514045303338748816e-01 1.127237153945200134e+02 -3.128860033968429433e-02 9.991259513891306288e-01 -2.767928602444554714e-02 -9.008027811383165329e+00 1.505309522502274733e-01 3.209151322088749786e-02 9.880691574557864953e-01 1.879235898467109394e+02
9.859948892344481131e-01 2.891823306038635369e-02 -1.641080726445700022e-01 1.125641240949012456e+02 -3.351770111652856154e-02 9.991172504530878573e-01 -2.527060945551092008e-02 -9.054238366755274825e+00 1.632310387838523669e-01 3.042448435990982233e-02 9.860947041654609668e-01 1.888488100548647424e+02
9.838215241204190109e-01 3.036586755108591426e-02 -1.764379724615567635e-01 1.123901013370309272e+02 -3.493497954015373219e-02 9.991280993661576515e-01 -2.280312991920048493e-02 -9.096903454851926085e+00 1.755904248318510552e-01 2.860579135570726766e-02 9.840259462384600697e-01 1.897761791992177223e+02
9.814601721635769493e-01 2.989520032650987841e-02 -1.892016023442214812e-01 1.122060752761778986e+02 -3.434273736594301712e-02 9.992043502742321559e-01 -2.024042593050423902e-02 -9.137138943638216659e+00 1.884451835891385318e-01 2.636959417320804133e-02 9.817068865015529111e-01 1.906868319353303320e+02
9.785790228331757712e-01 2.903947478434162552e-02 -2.036987672326252830e-01 1.120092750764682137e+02 -3.382831501357758119e-02 9.992259408364400075e-01 -2.003886029211915040e-02 -9.182738391402555322e+00 2.029584195215619613e-01 2.650762175959374412e-02 9.788049410964672070e-01 1.916208579384562825e+02
