1.0 0.0 0.0 0.0 0.0 1.0 0.0 0.0 0.0 0.0 1.0 0.0
-0.026441813 0.9989517 0.03776022 0.14880371 -0.9996562 -0.026266932 -0.0051088706 6.7790527 -0.00413396 -0.03788431 0.9992741 0.1508789
0.17469911 0.98366743 0.04461814 7.0688477 -0.984596 0.17509489 -0.0050902204 6.814575 -0.012805259 -0.04304861 0.99899054 0.08203125
-0.18484184 0.98150533 0.051366948 13.222412 -0.98284835 -0.1845433 -0.010530366 8.795776 -0.00086538866 -0.05243568 0.9986243 -0.013671875
-0.22405876 0.9725993 0.06165221 19.638672 -0.9745319 -0.22401097 -0.007762621 8.055176 0.006260665 -0.06185188 0.99806666 -0.24133301
-0.33944774 0.93857515 0.05995514 26.108887 -0.94042885 -0.33945546 -0.010369407 6.8951416 0.010637929 -0.059928257 0.99814624 -0.4078369
-0.5089314 0.8582513 0.06916982 32.189453 -0.8604965 -0.5098107 -0.0056088883 5.326172 0.030456102 -0.06237369 0.99758875 -0.7832031
-0.63352567 0.7705899 0.06970159 38.115112 -0.77292097 -0.63442105 -0.011266254 1.9332275 0.035551876 -0.061056215 0.9975029 -0.8670654
-0.15119015 0.9857462 0.073941 43.234253 -0.98845196 -0.15160334 -3.8888513e-05 -2.7774658 0.011181053 -0.073074035 0.99726284 -1.345459
-0.39772773 0.91541684 0.05849109 49.841797 -0.91684234 -0.39870498 0.005593418 -5.0074463 0.028468328 -0.051410098 0.99827147 -1.2722168
-0.42803112 0.9031212 0.03209581 55.27124 -0.8994357 -0.4291894 0.081718355 -8.79248 0.08760738 0.006133535 0.99613667 -1.4753418
-0.6340173 0.7728381 0.031529617 60.17871 -0.7719782 -0.63479966 0.03646756 -12.425659 0.048191506 -0.0012229737 0.9988375 -1.2298584
-0.77474236 0.6322856 0.026523668 63.73047 -0.6296102 -0.7743418 0.06855082 -16.955566 0.06388394 0.03639799 0.9972947 -0.98046875
-0.75046045 0.66038936 0.021139417 66.34668 -0.65928674 -0.75055236 0.041998632 -22.107422 0.043618537 0.017592529 0.9988936 -0.75061035
-0.9798943 0.20062894 0.020195547 69.79053 -0.19827051 -0.9769113 0.08476125 -26.428589 0.03672671 0.079018615 0.99619734 -0.28320312
-0.8931674 0.44975808 -0.008312998 70.33765 -0.44955066 -0.8917933 0.05204166 -32.347168 0.015988637 0.050209306 0.9986105 -0.111206055
-0.88835996 0.45926693 -0.002694971 72.715576 -0.45895416 -0.88750553 0.0425598 -37.32617 0.017163156 0.0390531 0.9990901 0.14831543
-0.8260726 0.5636833 -0.007170491 75.447266 -0.56349045 -0.82528704 0.03955996 -41.802002 0.016394092 0.036738515 0.999191 0.44726562
-0.8926803 0.45062655 -0.006862524 78.71753 -0.45049897 -0.8917901 0.041831426 -45.95398 0.012731314 0.040447094 0.9991009 0.6694336
-0.8679786 0.49718848 -0.0058970023 81.28735 -0.49704212 -0.86728084 0.037287757 -50.48462 0.013425381 0.035292834 0.9992872 0.89123535
-0.8241557 0.566293 0.0009676586 84.936035 -0.565987 -0.82376397 0.031516433 -55.176025 0.01863787 0.025413878 0.999503 1.1256104
-0.9150266 0.40470645 0.00075683225 89.456055 -0.40441883 -0.9144441 0.036044843 -59.513184 0.015270839 0.032646798 0.9993503 1.272583
-0.82271135 0.56770355 0.0039354074 93.02588 -0.56733567 -0.82239246 0.03094557 -64.55969 0.020807087 0.023246314 0.99951315 1.4620361
-0.7617813 0.6468883 0.008219488 97.84961 -0.6464462 -0.7616337 0.02939156 -69.184814 0.025276592 0.017098872 0.9995341 1.6223145
-0.6662219 0.7445014 0.01918835 102.91235 -0.74394655 -0.6664777 0.029206075 -73.45972 0.03455785 0.0052000447 0.9993888 1.7055664
-0.6872905 0.72705585 0.021181917 108.273926 -0.72621596 -0.6875515 0.03620744 -76.4397 0.040855847 0.009477791 0.99912024 1.7235107
-0.76477045 0.6443888 0.017593719 113.71265 -0.6434672 -0.76474625 0.03916231 -80.36743 0.038691387 0.01861768 0.999078 1.7520752
-0.8594221 0.51101804 0.013136753 118.55957 -0.5100908 -0.8589785 0.043367937 -84.97522 0.03347485 0.030591775 0.99897206 1.8592529
-0.9153061 0.40550062 0.012839054 122.444336 -0.40456626 -0.91465425 0.045977846 -90.09595 0.030362356 0.036836095 0.9988608 1.9729004
-0.9736893 0.2277273 0.012830534 125.47217 -0.2267327 -0.9724926 0.05428957 -95.612915 0.024817983 0.049918734 0.99844396 2.203003
-0.9661094 -0.2621245 0.015501755 127.82617 0.2625813 -0.9642768 0.059475936 -101.341675 -0.00066021684 0.061438944 0.9981111 2.4260254
-0.9606968 -0.27634794 0.010731558 126.54028 0.27647772 -0.9587758 0.061094273 -106.93982 -0.00658924 0.061660424 0.9980746 2.6871338
-0.954687 -0.29775587 0.008472129 125.37842 0.29767248 -0.9525954 0.06412162 -112.28662 -0.011018462 0.06371263 0.9979068 3.0100098
-0.8956203 -0.44458404 0.0088705225 123.91016 0.44400007 -0.8929906 0.07282676 -116.94458 -0.024443796 0.069136016 0.99730635 3.3671875
-0.826923 -0.562591 0.0066613113 122.08032 0.56152016 -0.82449174 0.07254548 -121.12146 -0.0353347 0.063711785 0.9973432 3.5368652
-0.6130022 -0.79062825 0.014671101 119.823975 0.7889702 -0.61025834 0.07865009 -124.53821 -0.053241797 0.05976406 0.9967941 3.8233643
-0.26313624 -0.9647857 0.019592889 117.20557 0.96192986 -0.26063648 0.08480489 -126.76941 -0.07672812 0.041145634 0.99620473 4.102051
0.10538541 -0.99419194 0.02205398 114.5354 0.99114734 0.10681293 0.07891965 -128.01453 -0.08081673 0.013533702 0.9966374 4.0897217
0.4861214 -0.8735494 0.027525779 112.23169 0.8701331 0.48669204 0.07847855 -128.03589 -0.08194554 -0.01421281 0.9965364 4.144409
0.7782805 -0.62666 0.038281634 110.87549 0.6225423 0.7781865 0.082198 -127.20593 -0.08130571 -0.04014411 0.9958813 4.2250977
0.81543875 -0.57780445 0.036058605 110.23755 0.5740799 0.8150819 0.078535095 -126.20398 -0.074775204 -0.043350767 0.9962583 4.0462646
0.8269175 -0.5610177 0.03742101 110.59497 0.55746675 0.8267181 0.075495 -125.055176 -0.07330346 -0.041570872 0.9964435 3.972046
0.8965202 -0.4408273 0.043193538 112.06836 0.4371437 0.8962963 0.07417295 -124.527466 -0.07141633 -0.047613133 0.9963096 3.9667969
0.855312 -0.51684046 0.03656601 112.73364 0.51316494 0.854749 0.07801213 -124.539795 -0.07157223 -0.047959648 0.9962816 3.9042969
0.86074185 -0.5078247 0.033999093 112.742676 0.50448805 0.8601102 0.07499443 -123.65051 -0.067325 -0.04738512 0.996604 3.8203125
0.90338266 -0.42700797 0.03829322 113.9082 0.42344075 0.9026639 0.07612782 -123.65344 -0.06709093 -0.052553214 0.99636114 3.836792
0.8940237 -0.44686908 0.031804875 115.01929 0.44329503 0.8926625 0.0813908 -123.27075 -0.064763896 -0.058673985 0.9961756 3.760376
0.8991173 -0.43668774 0.030914335 115.08545 0.43305215 0.89753824 0.08338054 -122.51672 -0.064157404 -0.0615754 0.99603623 3.6954346
0.9371629 -0.34701976 0.035737853 116.24121 0.34328425 0.9355812 0.0825613 -122.849 -0.062093444 -0.065099716 0.9959435 3.701416
0.92811286 -0.3712336 0.029008422 117.09155 0.36801422 0.92635614 0.08048556 -122.36438 -0.056747917 -0.06402117 0.9963325 3.6417236
0.9373538 -0.34713763 0.027710648 117.6084 0.34392944 0.93529576 0.0826941 -121.7572 -0.05463851 -0.06797559 0.99618846 3.5963135
0.9671207 -0.25251532 0.029989839 118.65869 0.24933545 0.9648275 0.083213955 -122.09668 -0.04995166 -0.072998054 0.9960797 3.588501
0.9638552 -0.26544443 0.022235 119.5957 0.26302728 0.96161544 0.07799566 -121.568115 -0.04209125 -0.06932422 0.9967048 3.5407715
0.96695673 -0.2541871 0.01930577 120.140625 0.252216 0.96495545 0.07235973 -121.13574 -0.037025895 -0.06509857 0.9971911 3.5079346
0.9782466 -0.20650633 0.018569328 121.0603 0.20494053 0.97662747 0.06442683 -121.2699 -0.031452928 -0.05921632 0.99774754 3.5007324
0.98477536 -0.17314288 0.013945186 122.07153 0.17212631 0.983479 0.055612486 -121.08179 -0.023358142 -0.052361976 0.9983526 3.4865723
0.98755294 -0.1567722 0.011630907 122.760254 0.1560383 0.9865414 0.048569784 -120.75806 -0.01909793 -0.0461466 0.9987502 3.4674072
0.991396 -0.13064328 0.005319031 123.600586 0.13031259 0.99058264 0.041508034 -120.83899 -0.01070387 -0.0404553 0.99912196 3.477539
0.99497104 -0.09940296 -0.010508039 124.54346 0.09968586 0.99451256 0.03102806 -120.76953 0.0073538553 -0.031922907 0.99946135 3.485962
0.9937728 -0.10821652 -0.025642658 125.06421 0.108975664 0.993561 0.030197619 -120.57056 0.022196349 -0.032814104 0.9992119 3.4976807
0.9910528 -0.12719613 -0.040070016 125.693115 0.12848024 0.99120575 0.031216424 -120.71948 0.035739392 -0.03609355 0.9987069 3.5152588
0.9887631 -0.13997796 -0.05209641 126.52197 0.14151861 0.9895468 0.027088866 -120.82617 0.04775362 -0.03417038 0.9982716 3.5587158
0.9870514 -0.14955235 -0.057851657 127.129395 0.15127811 0.988124 0.026644941 -120.6582 0.053175583 -0.035056826 0.99796814 3.5957031
0.98995674 -0.13075642 -0.05313526 127.93506 0.13216722 0.9909102 0.023850884 -120.65454 0.049521245 -0.030655213 0.9982972 3.6519775
0.99244684 -0.11323711 -0.046643574 128.78247 0.1142753 0.9932219 0.020133208 -120.61499 0.044038936 -0.025328984 0.9987044 3.7034912
0.99425524 -0.098611444 -0.04089637 129.5459 0.09937825 0.9948771 0.017044364 -120.40051 0.0389962 -0.021031577 0.99901277 3.756958
0.9948245 -0.093465455 -0.03938802 130.38208 0.09409768 0.9954424 0.014440231 -120.43298 0.03785325 -0.018085588 0.99911606 3.8057861
0.9949073 -0.09228169 -0.039862297 131.198 0.09281481 0.9955915 0.011650933 -120.43506 0.038604658 -0.015310846 0.9991327 3.8660889
0.9946023 -0.094807714 -0.041643765 131.89697 0.09532964 0.9953697 0.010672792 -120.286865 0.040434454 -0.014600396 0.9990721 3.9135742
0.99360144 -0.10293818 -0.045968104 132.6731 0.10367144 0.9944959 0.013789208 -120.34729 0.0442897 -0.018483933 0.9988435 3.9437256
0.99440795 -0.09606976 -0.04334667 133.46118 0.09679414 0.99517465 0.014846666 -120.32434 0.04170424 -0.018976018 0.99894536 3.9881592
0.9945208 -0.095034696 -0.04318716 134.20215 0.095758595 0.9952784 0.014957815 -120.130005 0.04155722 -0.01902287 0.9989522 4.0360107
0.99404055 -0.09887569 -0.045391366 135.04028 0.09959923 0.9949102 0.013897335 -120.14734 0.043780398 -0.018351877 0.9988689 4.0932617
0.99339944 -0.10382871 -0.04822027 135.81323 0.1045146 0.99443 0.01186159 -120.12659 0.046714492 -0.016841458 0.9987622 4.1192627
0.9932235 -0.10502709 -0.049220264 136.64575 0.105683096 0.99431795 0.010846198 -119.89307 0.04779544 -0.015994785 0.998724 4.168213
0.99302185 -0.10644401 -0.050101843 137.61987 0.107051015 0.9941802 0.009509386 -119.885376 0.048791595 -0.0148325125 0.9986923 4.213745
0.99218005 -0.112968706 -0.05260426 138.46118 0.113667026 0.9934442 0.010409601 -119.809204 0.05107831 -0.0163275 0.99855584 4.2470703
0.991743 -0.11642446 -0.053260762 139.39697 0.11719409 0.99302 0.011487714 -119.541504 0.051545635 -0.01765592 0.9985091 4.304077
0.991006 -0.12205833 -0.054505907 140.35571 0.12295872 0.99230546 0.013418732 -119.50879 0.05244371 -0.020015102 0.9984192 4.3554688
0.98990554 -0.13034107 -0.05545806 141.23486 0.13143203 0.991179 0.016451832 -119.396484 0.052820902 -0.023583317 0.99832326 4.4106445
0.98929083 -0.13488995 -0.05535065 142.20752 0.13612296 0.9904891 0.019058544 -119.17859 0.052245762 -0.026405461 0.99828064 4.4647217
0.9888683 -0.13802652 -0.055107392 143.14917 0.13940768 0.98996824 0.021976309 -119.09412 0.051513985 -0.029431943 0.9982344 4.505493
0.9889858 -0.137806 -0.05359029 144.13745 0.13928561 0.9899185 0.024866695 -118.94043 0.04961605 -0.032069508 0.99825096 4.5701904
0.98891425 -0.13840736 -0.053242516 145.13257 0.13996968 0.98976785 0.026738532 -118.76306 0.048987363 -0.033912055 0.9982197 4.623657
0.98914534 -0.13714679 -0.052485906 146.12646 0.13867757 0.98996705 0.026648115 -118.63599 0.048298262 -0.03364854 0.9982627 4.6813965
0.98917055 -0.13710354 -0.052056815 147.1543 0.13861358 0.9899743 0.026533188 -118.488525 0.04788989 -0.033471067 0.9982894 4.7374268
0.9891054 -0.13771932 -0.051853642 148.17725 0.1392315 0.9898922 0.026730694 -118.32251 0.04764481 -0.03366428 0.9982954 4.7924805
0.98904014 -0.13811128 -0.051809635 149.20996 0.13961944 0.9898282 0.026621595 -118.18591 0.04759648 -0.03357691 0.9982984 4.8500977
0.9891168 -0.13779181 -0.051195048 150.27295 0.13931741 0.98984796 0.027456189 -118.017334 0.046884265 -0.034302026 0.99830836 4.9073486
0.98931295 -0.13667534 -0.05044343 151.28516 0.13817403 0.9900113 0.027446805 -117.83411 0.046180937 -0.03413517 0.99834675 4.9696045
0.98903656 -0.13853297 -0.0507866 152.34839 0.14008252 0.98971885 0.028264942 -117.680786 0.04634102 -0.035079718 0.99830705 5.025879
0.98860633 -0.1415632 -0.050856806 153.39233 0.14314799 0.98926383 0.028935645 -117.54822 0.04620895 -0.035896078 0.99828434 5.0898438
0.9887238 -0.14161249 -0.048335407 154.40161 0.1431061 0.98926854 0.028904626 -117.36536 0.043715995 -0.035506446 0.99841017 5.1497803
0.98826605 -0.14510733 -0.04727461 155.50098 0.14655393 0.9887687 0.02864378 -117.2135 0.04257874 -0.035246637 0.9984686 5.214966
0.987645 -0.14945681 -0.046628185 156.49829 0.15088606 0.9881118 0.028719744 -117.07031 0.04177247 -0.03541313 0.99849653 5.2719727
0.98743445 -0.15103029 -0.046171904 157.51099 0.15239598 0.9879189 0.027596124 -116.89807 0.04144162 -0.034293514 0.99855095 5.3325195
0.987114 -0.15307146 -0.046577115 158.5857 0.15442221 0.987636 0.026894305 -116.73389 0.041882373 -0.03374242 0.99855185 5.3936768
0.98706985 -0.15302366 -0.04740713 159.56006 0.15440325 0.98762816 0.026872434 -116.58984 0.04270159 -0.033854254 0.99851155 5.449951
0.98744416 -0.14995265 -0.049401242 160.57129 0.15141614 0.9880793 0.02729826 -116.43909 0.044714056 -0.034442574 0.99840456 5.5064697
0.987556 -0.1486827 -0.050762907 161.62256 0.15021285 0.98824126 0.027694028 -116.27551 0.046037372 -0.034988172 0.9983233 5.574585
0.9889589 -0.13981932 -0.048592567 162.62744 0.1412322 0.9895881 0.026866961 -116.131714 0.04431921 -0.03344855 0.9984533 5.6245117
0.98995996 -0.13349745 -0.045705914 163.60571 0.13477184 0.990504 0.025933461 -115.97827 0.04179788 -0.031852126 0.99861425 5.6951904
0.99083453 -0.1277729 -0.04346737 164.63281 0.12898777 0.9912811 0.026330268 -115.83606 0.03971722 -0.031704694 0.99870557 5.742676
0.99130476 -0.12412923 -0.043337315 165.64087 0.12532225 0.99176365 0.02592427 -115.69519 0.03975605 -0.031138914 0.9987217 5.8115234
0.99187243 -0.11940926 -0.043600745 166.63135 0.12056639 0.99237955 0.024878804 -115.574585 0.040290933 -0.029942757 0.9987367 5.8668213
0.99247706 -0.114310645 -0.043398105 167.56885 0.11541991 0.9930111 0.023899386 -115.43945 0.04035559 -0.02874136 0.9987688 5.9173584
0.9928696 -0.110681325 -0.043675788 168.60083 0.1118023 0.9934163 0.023998711 -115.31189 0.040720694 -0.028727934 0.9987528 5.9735107
0.99327266 -0.10734791 -0.04299675 169.5935 0.10844381 0.99379694 0.023938516 -115.19885 0.040152505 -0.028452504 0.99878514 6.032715
0.9940695 -0.1010437 -0.039698623 170.51123 0.10201373 0.994496 0.023116663 -115.07214 0.037135664 -0.027043318 0.99894035 6.0717773
0.9947834 -0.09564637 -0.0350218 171.56299 0.09647579 0.9950609 0.022737047 -114.946045 0.03266786 -0.026007233 0.9991254 6.1256104
0.99497026 -0.09471856 -0.031641245 172.52417 0.095473334 0.9951339 0.023104448 -114.85181 0.02928472 -0.026026662 0.9992277 6.1657715
0.9947552 -0.096887775 -0.03205208 173.4878 0.09766679 0.994916 0.023591686 -114.7854 0.029592324 -0.026610956 0.9992046 6.2248535
0.99469167 -0.09674771 -0.034065578 174.45728 0.09755688 0.99493706 0.022770211 -114.71814 0.031674504 -0.02599384 0.9991544 6.2886963
0.9945736 -0.09759933 -0.035343863 175.42065 0.098389514 0.99489856 0.021234889 -114.63953 0.033080854 -0.024612619 0.9991455 6.347168
0.994726 -0.09615297 -0.035378214 176.38257 0.096872225 0.995102 0.019146089 -114.54297 0.03335884 -0.022480033 0.99918836 6.3912354
0.9948834 -0.09469892 -0.03450154 177.35596 0.095353894 0.9952622 0.017759338 -114.436035 0.032647587 -0.020973437 0.9992433 6.4257812
0.9950478 -0.093465954 -0.03301446 178.31274 0.09409453 0.9953772 0.01789961 -114.330444 0.031178385 -0.02093464 0.9992903 6.458008
0.9950147 -0.09421682 -0.031899743 179.29492 0.094842866 0.99529433 0.018598186 -114.21228 0.029987471 -0.021546451 0.9993143 6.4814453
0.9947864 -0.096962534 -0.030961037 180.24585 0.097637154 0.99498147 0.020984067 -114.11621 0.02876267 -0.02390852 0.9992977 6.506836
0.99453545 -0.09963907 -0.030499445 181.18921 0.10036924 0.99465656 0.02331558 -114.01184 0.028003035 -0.026260298 0.99925977 6.526123
0.9944131 -0.10095712 -0.030008906 182.1416 0.10170175 0.9944937 0.02429292 -113.90625 0.027379643 -0.02722251 0.9992509 6.5844727
0.99405634 -0.10434297 -0.030100139 183.08667 0.10510536 0.99412215 0.024831709 -113.80176 0.027319366 -0.027863042 0.9992347 6.645996
0.99331063 -0.11087741 -0.03132312 184.0354 0.11168882 0.99339116 0.025328245 -113.69971 0.02829425 -0.028672397 0.99918455 6.697998
0.9924215 -0.1183597 -0.032446206 184.97241 0.119206324 0.99252534 0.025435802 -113.58545 0.029184617 -0.029121751 0.99914706 6.7510986
0.99168473 -0.124302745 -0.032541864 185.90088 0.1251287 0.9918093 0.02462516 -113.46741 0.02920467 -0.028503688 0.9991646 6.8016357
0.9899079 -0.13765714 -0.033188816 186.83667 0.138511 0.9900323 0.024904078 -113.333374 0.029423397 -0.029257216 0.9991371 6.844116
0.9880426 -0.15046856 -0.03318259 187.76904 0.15134722 0.988131 0.025731333 -113.1803 0.028912539 -0.03045241 0.99911684 6.8706055
0.9860634 -0.16319618 -0.031601183 188.69556 0.16408326 0.9860311 0.0278048 -113.026855 0.026614973 -0.032611545 0.9991123 6.912842
0.9839905 -0.17557903 -0.029865948 189.62427 0.17644145 0.9838577 0.029151486 -112.85889 0.024257803 -0.03396172 0.9991274 6.95166
0.98166925 -0.18844743 -0.027718637 190.53638 0.18922174 0.9814957 0.028574299 -112.68115 0.021814572 -0.033301063 0.9992065 6.9882812
0.9787652 -0.20295554 -0.027956119 191.47192 0.20371409 0.9786175 0.02760152 -112.49133 0.021749616 -0.032715578 0.9992272 7.029419
0.9757058 -0.21665342 -0.031708628 192.38428 0.21750136 0.9756794 0.02624363 -112.27759 0.02524404 -0.03250896 0.99915165 7.060669
0.9728749 -0.22797711 -0.03873939 193.26562 0.22892018 0.9731791 0.021874527 -112.0686 0.0327084 -0.030155253 0.99900913 7.1032715
0.9690398 -0.24282666 -0.044410907 194.17065 0.24390134 0.9695707 0.020521957 -111.852295 0.038070608 -0.03072432 0.9988014 7.1361084
0.96659166 -0.25286534 -0.041548647 195.0647 0.25386554 0.96699953 0.020773392 -111.60449 0.034920916 -0.030632306 0.99891984 7.1730957
0.9629731 -0.2670514 -0.036889084 195.95483 0.26796487 0.96316415 0.022454752 -111.35303 0.029532036 -0.031509805 0.9990667 7.225586
0.9600346 -0.2769813 -0.0402463 196.84106 0.27805856 0.96026385 0.024106458 -111.097534 0.031966202 -0.034332886 0.9988985 7.2678223
0.9574302 -0.2845376 -0.047889534 197.71436 0.285931 0.95788276 0.025154397 -110.819214 0.03870961 -0.03778637 0.998535 7.3061523
0.9553146 -0.29005697 -0.056638896 198.5979 0.29196152 0.95598227 0.028695125 -110.543335 0.04581885 -0.04395323 0.9979818 7.347534
0.9540082 -0.29348385 -0.060770568 199.48804 0.29564425 0.954804 0.030062012 -110.25842 0.049198344 -0.046656094 0.99769765 7.404541
0.95305365 -0.29648724 -0.06114715 200.3728 0.29872823 0.95380235 0.03127587 -109.96655 0.04904229 -0.04808197 0.9976372 7.460083
0.9514653 -0.3014929 -0.06131608 201.25415 0.30377886 0.95217836 0.03193383 -109.67883 0.048746243 -0.049021192 0.9976053 7.5164795
0.94943166 -0.30839074 -0.058709815 202.13354 0.31063837 0.9499131 0.03381085 -109.38721 0.045340467 -0.050346408 0.99770135 7.5740967
0.94800085 -0.31342423 -0.055115897 203.021 0.3155332 0.94826794 0.034729175 -109.09192 0.0413735 -0.05032208 0.99787426 7.621826
0.9458031 -0.32058543 -0.052107573 203.8877 0.32256567 0.945907 0.035298336 -108.802 0.037973728 -0.050193105 0.998017 7.6757812
0.9437662 -0.32613492 -0.053867746 204.75293 0.32827014 0.94383913 0.03696644 -108.49365 0.038783923 -0.052574765 0.99786353 7.7163086
0.941125 -0.332804 -0.05887484 205.6023 0.33539587 0.9411389 0.041328885 -108.171265 0.041645695 -0.058650754 0.9974081 7.7580566
0.93841845 -0.33982626 -0.062495954 206.46558 0.34268147 0.93850243 0.042425107 -107.86011 0.04423866 -0.061227173 0.9971435 7.8146973
0.93553996 -0.3471381 -0.06467727 207.31104 0.34997606 0.9358999 0.039113227 -107.55884 0.046947315 -0.059233736 0.99713933 7.871216
0.93325603 -0.35376817 -0.062749 208.15723 0.3564301 0.93359184 0.037686925 -107.224976 0.045249864 -0.057533965 0.99731696 7.9189453
0.93061525 -0.36121354 -0.058969475 209.01294 0.3637744 0.9306059 0.04046174 -106.892944 0.040258583 -0.059105054 0.99743915 7.9713135
0.92857015 -0.36686784 -0.05622306 209.83789 0.36937776 0.9282601 0.043468576 -106.55737 0.036241308 -0.061134357 0.99747103 8.024292
0.92562044 -0.37367702 -0.059540693 210.67847 0.37628964 0.92557365 0.04089531 -106.2041 0.039822005 -0.060264707 0.99738693 8.062256
0.92273754 -0.380231 -0.06258998 211.51172 0.38297725 0.92287153 0.03968014 -105.85718 0.042674858 -0.060590964 0.99725056 8.1085205
0.920372 -0.38573825 -0.06386329 212.33716 0.3886213 0.9204617 0.04099133 -105.497925 0.042964652 -0.06255076 0.99711555 8.1571045
0.91706365 -0.3936642 -0.06297589 213.16821 0.39641085 0.9172089 0.03909686 -105.13379 0.04237099 -0.06082161 0.99724954 8.19751
0.91392297 -0.40130383 -0.060899355 213.99292 0.403815 0.9141233 0.036354948 -104.770386 0.04107794 -0.057820708 0.99748087 8.246216
0.91048175 -0.40925834 -0.05903992 214.83447 0.41148448 0.91083443 0.031872444 -104.40027 0.04072535 -0.05331745 0.9977461 8.2977295
0.9075679 -0.41606525 -0.056991067 215.67041 0.4180023 0.90805864 0.027260356 -104.03406 0.04040971 -0.048565857 0.9980018 8.336792
0.90469265 -0.42170438 -0.060915913 216.48877 0.4241607 0.9049227 0.03489456 -103.63391 0.040412255 -0.057407055 0.9975329 8.393799
0.9016067 -0.4278455 -0.06267515 217.31104 0.43058684 0.90161926 0.039361842 -103.22693 0.03966408 -0.062477183 0.9972586 8.4383545
0.8997387 -0.43236133 -0.059271347 218.14844 0.4346751 0.8999494 0.033587385 -102.83435 0.038818896 -0.055985574 0.9976767 8.476318
0.8973825 -0.43735433 -0.058681317 218.95776 0.43963927 0.89755195 0.033686195 -102.447876 0.03793953 -0.056023814 0.99770874 8.531372
0.8953817 -0.44140044 -0.059590254 219.77856 0.44370216 0.8956279 0.0327606 -102.037964 0.038913038 -0.05576745 0.99768513 8.578369
0.8929212 -0.44710356 -0.053592473 220.58179 0.4488412 0.89328104 0.025939435 -101.65137 0.036273055 -0.04721246 0.9982254 8.612549
0.88998485 -0.4535108 -0.047700055 221.39282 0.45480606 0.89036447 0.020560443 -101.25012 0.033146907 -0.039989796 0.99865025 8.659058
0.8883429 -0.45690584 -0.044386297 222.18726 0.45798978 0.8887132 0.017889135 -100.84375 0.031273454 -0.036223903 0.9988545 8.703247
0.885973 -0.4612589 -0.047826562 222.99756 0.46248007 0.88644314 0.018076725 -100.418945 0.03405334 -0.03813781 0.9986917 8.736206
0.88403404 -0.46468523 -0.05001371 223.78564 0.46601868 0.8845469 0.018812038 -99.99231 0.03549965 -0.039942507 0.9985714 8.781128
0.8834848 -0.46562776 -0.050788295 224.56836 0.46706206 0.88394463 0.02073099 -99.56152 0.035238598 -0.042043377 0.998494 8.825073
0.88319564 -0.46638045 -0.04939831 225.35986 0.4677649 0.88359594 0.02097687 -99.138794 0.033865433 -0.041634087 0.99855906 8.86499
0.88323087 -0.46695685 -0.04444039 226.15039 0.46816155 0.88344526 0.021685774 -98.7113 0.02913468 -0.039954633 0.9987765 8.907471
0.8825329 -0.46855307 -0.040272668 226.9253 0.4696744 0.8825041 0.024913985 -98.28784 0.023870159 -0.040899605 0.9988785 8.948608
0.88226867 -0.46929726 -0.03739717 227.71436 0.47030094 0.8821785 0.024811873 -97.866455 0.02135006 -0.039481413 0.99899244 8.981201
0.8818614 -0.4696763 -0.041479707 228.48584 0.4708217 0.88190305 0.02388175 -97.44763 0.025365531 -0.04059148 0.998854 9.019531
0.8815384 -0.4698431 -0.04493419 229.25464 0.47105035 0.88178754 0.021077728 -97.0354 0.02971694 -0.039756738 0.9987672 9.052856
0.88150907 -0.46994585 -0.045713477 230.0293 0.47120863 0.88174826 0.021890355 -96.615845 0.030019475 -0.04083707 0.9987147 9.077026
0.8812942 -0.47035328 -0.0451743 230.79199 0.47168288 0.8813882 0.024955159 -96.1969 0.028074453 -0.043306373 0.9986669 9.119629
0.8806685 -0.47190672 -0.04205503 231.56201 0.47297654 0.8808677 0.020161249 -95.78967 0.027528819 -0.037644133 0.99891174 9.152588
0.8801867 -0.47244722 -0.045343608 232.33203 0.47363016 0.8804972 0.01972132 -95.373535 0.030604841 -0.038831223 0.9987768 9.191406
0.8799606 -0.47209063 -0.052438788 233.0769 0.4738448 0.8801413 0.027804762 -94.95593 0.03302535 -0.049322605 0.99823636 9.225098
0.87980855 -0.4720508 -0.05603996 233.82178 0.47405058 0.8800194 0.029622482 -94.5365 0.03533544 -0.052626293 0.997989 9.2647705
0.8798259 -0.47171885 -0.05872594 234.57764 0.4737831 0.8802439 0.027573679 -94.11328 0.038688205 -0.05207529 0.9978937 9.307983
0.8789711 -0.47331497 -0.057995815 235.32031 0.47528988 0.87942773 0.026204204 -93.71655 0.038599707 -0.050598476 0.9979729 9.356689
0.87858444 -0.4739197 -0.058259603 236.06226 0.47581062 0.87917274 0.023739431 -93.29407 0.03997139 -0.04858187 0.9980196 9.393921
0.8778438 -0.47578526 -0.05467496 236.81519 0.47737363 0.8784521 0.0202009 -92.87927 0.03841432 -0.04384084 0.998299 9.43335
0.87675196 -0.47858366 -0.04679814 237.55444 0.47970024 0.87724686 0.015856326 -92.47327 0.033463117 -0.0363526 0.99877864 9.481812
0.8757977 -0.4811487 -0.039021935 238.3081 0.48195338 0.8761091 0.014221415 -92.055786 0.027345903 -0.031260986 0.99913704 9.521484
0.8740148 -0.48452365 -0.036577486 239.03467 0.4851986 0.87432307 0.01204311 -91.65039 0.026144985 -0.02827682 0.9992579 9.553955
0.87161714 -0.48828033 -0.04198488 239.7395 0.48905995 0.87213117 0.010204708 -91.25098 0.031631947 -0.029433118 0.999066 9.592529
0.8681944 -0.49427757 -0.04364046 240.5022 0.4950051 0.8688476 0.0070740245 -90.81067 0.03441813 -0.027744219 0.99902225 9.629028
0.863659 -0.5022941 -0.042425327 241.21997 0.5028669 0.86436105 0.0033499096 -90.3927 0.034987513 -0.024228504 0.99909383 9.649902
0.85965425 -0.509529 -0.03768396 241.87256 0.5100367 0.8601664 0.004651703 -89.994385 0.03004209 -0.02321798 0.9992787 9.69397
0.8537928 -0.5196511 -0.03145476 242.5813 0.5199157 0.854211 0.0002691329 -89.56836 0.026728598 -0.016586978 0.999505 9.73877
0.84605753 -0.53215325 -0.031669535 243.30664 0.5323486 0.84652317 -0.0026126676 -89.111084 0.028196674 -0.014647663 0.9994951 9.774414
0.83781135 -0.54496545 -0.033569977 243.99536 0.5451789 0.8383385 -0.003230801 -88.66382 0.029904114 -0.01559158 0.9994313 9.812866
0.8308977 -0.5554801 -0.031801105 244.63965 0.5556194 0.8313974 -0.0050949934 -88.22742 0.02926743 -0.013438007 0.99948114 9.846924
0.8233786 -0.56673676 -0.029529195 245.24072 0.56666476 0.8238763 -0.01155873 -87.815674 0.030880306 -0.0072167395 0.99949706 9.875
0.81534517 -0.5778887 -0.03807444 245.9209 0.5779646 0.81611747 -0.010091224 -87.328125 0.03690448 -0.0137726925 0.9992239 9.916016
0.80689764 -0.5884843 -0.049826197 246.53296 0.5888199 0.8081375 -0.0092160115 -86.85095 0.045688666 -0.021906313 0.9987155 9.959961
0.79865366 -0.5988142 -0.058560938 247.10303 0.59919524 0.8004107 -0.012775368 -86.40271 0.054523587 -0.024892779 0.9982022 10.004639
