1.000000000000000000e+00 -3.306050084167601550e-19 -2.270457535318767223e-19 -8.673617379884035472e-19 7.546676715296109287e-19 1.000000000000000000e+00 6.237773588823049983e-19 1.387778780781445676e-17 -3.447385680526250622e-20 4.770700176052009879e-20 1.000000000000000222e+00 5.551115123125782702e-17
9.998349519297305976e-01 2.602983437369723240e-04 -1.815984004855967018e-02 -2.376932215358272538e-02 -2.816113803067687949e-04 9.999992628966722918e-01 -1.170756946191084695e-03 1.896141674389020815e-02 1.815952367075931995e-02 1.175679991586891160e-03 9.998343237440012743e-01 3.072859809822631183e-02
9.993638315778170522e-01 3.894415415440317593e-03 3.545277623651765797e-02 4.749599053790325154e-02 -3.890208530140714348e-03 9.999924064031981974e-01 -1.876833788236396245e-04 -1.201567443566128879e-02 -3.545324290963190045e-02 4.962246580244994974e-05 9.993713816669648198e-01 2.331382638767458826e-01
9.980122858452751267e-01 5.275977232714824244e-03 6.279784879683572574e-02 6.669183861902391874e-02 -5.378284663363026505e-03 9.999844913433408866e-01 1.460247725618340608e-03 -8.281568368457489782e-03 -6.278917379330709037e-02 -1.795073052505001326e-03 9.980251492144298631e-01 4.053171993566683229e-01
9.952456880160670538e-01 4.802492155441833235e-03 9.726601306815745029e-02 1.171163405428495841e-01 -5.130752454074010739e-03 9.999819713178199621e-01 3.124801046283290969e-03 7.316796006746367764e-03 -9.724926135291758755e-02 -3.609121139204354498e-03 9.952524060118773663e-01 5.961619225213796724e-01
9.910165896382291395e-01 7.485863034712161249e-04 1.337347151433347092e-01 2.120332082138287055e-01 -1.560073875402655241e-03 9.999810115047748083e-01 5.964096408347844581e-03 5.016859943502149921e-04 -1.337277306537601740e-01 -6.119133710107136845e-03 9.909989351118793088e-01 8.060391277338698757e-01
9.847859002591138333e-01 -1.569541218260918271e-03 1.737488100087555831e-01 2.678510113379132807e-01 4.001840429102637643e-04 9.999770631817859190e-01 6.763597575381206754e-03 -7.106507774604087224e-05 -1.737554592623833383e-01 -6.591167013644533626e-03 9.847639234991029111e-01 9.755611036717652951e-01
9.763112867505630010e-01 -2.861864706418732526e-03 2.163873318587979377e-01 3.625015432569507756e-01 1.081239740296942352e-03 9.999645688523777221e-01 8.348393685052468705e-03 1.312733558222825558e-03 -2.164035808466114319e-01 -7.916727207979971925e-03 9.762798008301648567e-01 1.192557011823319968e+00
9.642087563088220792e-01 -2.372530153393857377e-03 2.651263405407861540e-01 4.533544371959603581e-01 -4.400866632370648381e-04 9.999442718403552810e-01 1.054868959130900001e-02 7.086955588331195210e-03 -2.651366211613012669e-01 -1.028776286296405329e-02 9.641540282778249260e-01 1.408613163826465176e+00
9.499335143343904386e-01 -6.532746921293105906e-03 3.122830317139573819e-01 5.918477371244369456e-01 9.562337056471261441e-04 9.998375160752602797e-01 1.800208789620721950e-02 1.152478275117775619e-02 -3.123499093863392750e-01 -1.680178918947792047e-02 9.497853679820731365e-01 1.645910839688290217e+00
9.330553842678158682e-01 -1.550342205850179823e-02 3.593405318885660171e-01 7.232755414398202021e-01 6.700658512176152146e-03 9.996465395264964027e-01 2.572908674682080482e-02 2.689705225528374322e-03 -3.596124115918358788e-01 -2.159838998519382491e-02 9.328295207552484980e-01 1.864304262536002899e+00
9.118559362119601497e-01 -2.140935545876238369e-02 4.098992909420887676e-01 8.806722503148547432e-01 9.588042652478048766e-03 9.994774663233219059e-01 3.086972953341752396e-02 2.244389301875052145e-03 -4.103459267039956115e-01 -2.421930817829126212e-02 9.115845953017849279e-01 2.090425265508762287e+00
8.868708210852384033e-01 -2.386173219292582817e-02 4.613878987106214691e-01 1.072910994083740466e+00 8.860659178922163440e-03 9.993602720328063072e-01 3.464551919779680633e-02 3.766852391273209366e-03 -4.619194457460278902e-01 -2.663896943130792880e-02 8.865147545839821008e-01 2.329885716720688116e+00
8.586589919603473398e-01 -2.549110768633870358e-02 5.119067771010087364e-01 1.261025308657587773e+00 6.667114370359801881e-03 9.992336067490626972e-01 3.856679360944912510e-02 2.177909278256152936e-02 -5.124975306067359737e-01 -2.970488287999295887e-02 8.581706623226947883e-01 2.540232582340061995e+00
8.266064132419008725e-01 -3.123023299660736621e-02 5.618743651955949714e-01 1.481548629862232680e+00 7.750109611150267364e-03 9.989960554789987235e-01 4.412573211632075942e-02 2.870108873077546058e-02 -5.626883159317083161e-01 -3.211865246074065844e-02 8.260186345658437901e-01 2.791091979092322539e+00
7.909944151960134340e-01 -3.581098516152170230e-02 6.106227995167045064e-01 1.722538129147313413e+00 8.980928500903493164e-03 9.988576805881339560e-01 4.694553710162825688e-02 3.141615897830792731e-02 -6.116057645591275183e-01 -3.165242879731137299e-02 7.904123533354205922e-01 2.997086024420721806e+00
7.525681967430500885e-01 -4.118706156089286391e-02 6.571388094130338198e-01 1.984009594680342881e+00 1.072939984529056555e-02 9.986764608870509763e-01 5.031149915981956988e-02 4.597761407930660293e-02 -6.583408518557040123e-01 -3.081235044526547256e-02 7.520142263229936397e-01 3.221832344035675089e+00
7.126241557757915235e-01 -4.454837401311523282e-02 7.001497541311370032e-01 2.274565055511367895e+00 1.164145187627457778e-02 9.985951905786983884e-01 5.169419812503860123e-02 5.488385605849225440e-02 -7.014692424407737992e-01 -2.868663633133081842e-02 7.121418358583400110e-01 3.445122756049382673e+00
6.725244528881764161e-01 -4.641216894382853286e-02 7.386617483506336956e-01 2.569584761325482081e+00 1.081691020297632401e-02 9.985413712685182741e-01 5.290062881545811585e-02 7.204847864795002610e-02 -7.400395936163129962e-01 -2.758649750968149642e-02 6.720456908884715475e-01 3.638808133809909418e+00
6.298757755748959353e-01 -4.707491953508775862e-02 7.753737554591330072e-01 2.914957281167889214e+00 6.389781146364511416e-03 9.984419557010487667e-01 5.543204231980614766e-02 9.685473113717044114e-02 -7.767752984294048479e-01 -2.996303157347274260e-02 6.291950765701248560e-01 3.878466662113437380e+00
5.868418441301883615e-01 -4.812516574062092323e-02 8.083195249746191191e-01 3.266764884444047112e+00 3.533400494455440476e-03 9.983749394040947189e-01 5.688211104672279833e-02 1.148380974291541845e-01 -8.097431953218588996e-01 -3.052866128175612398e-02 5.860581169021186199e-01 4.071276785364588591e+00
5.474986261911534147e-01 -4.954161984705691968e-02 8.353315236160803181e-01 3.643056147850770810e+00 1.755088521138238383e-03 9.983118122582168574e-01 5.806099190089415024e-02 1.338991946633728558e-01 -8.367974172357008911e-01 -3.032661693676269588e-02 5.466612207341320362e-01 4.279149604439176358e+00
5.083278945695335338e-01 -5.156142974693783687e-02 8.594970118931573033e-01 4.062628893232494320e+00 -1.423481239975877644e-04 9.982006296356288333e-01 5.997710225525006850e-02 1.496411228174574781e-01 -8.610425149681306678e-01 -3.061088857078396452e-02 5.074063264875867674e-01 4.491867629599842537e+00
4.708652210249008041e-01 -5.107205710256993575e-02 8.805580734785070085e-01 4.503524469682124831e+00 -2.796163407242539551e-03 9.982311651059850854e-01 5.941007381876652754e-02 1.747231768338915470e-01 -8.820338848713735747e-01 -3.044001346679658243e-02 4.698899748958781930e-01 4.710693553452645510e+00
4.343864777581574188e-01 -5.057154955350377790e-02 8.993060030176007746e-01 4.962533878102221685e+00 -4.000859507820134740e-03 9.983045162691512875e-01 5.807262066387000599e-02 1.995765071175270022e-01 -9.007178337316449346e-01 -2.882919794819764278e-02 4.334475238292893051e-01 4.884985075605549731e+00
4.019971540819641254e-01 -4.980539792912686003e-02 9.142617731194587760e-01 5.465158918518612907e+00 -2.585621546660008246e-03 9.984541512591625922e-01 5.552025124612329499e-02 2.181909995472157970e-01 -9.156131423404259007e-01 -2.469443362910412818e-02 4.012464256769399107e-01 5.079252861436137856e+00
3.709943498032211018e-01 -4.802784816722746597e-02 9.272903615347964923e-01 5.975105136248606286e+00 -8.452245581236383400e-04 9.986436698633068820e-01 5.206762016758159639e-02 2.404932583719900374e-01 -9.285328948979273411e-01 -2.010793908981381439e-02 3.704507113839634602e-01 5.252344096379010452e+00
3.458162502837116570e-01 -4.612838494588131916e-02 9.371678869626320907e-01 6.530368085025518354e+00 7.847986015872237923e-04 9.988050376430005484e-01 4.886102557457498718e-02 2.723541461747499559e-01 -9.383016018855889762e-01 -1.616870470448323813e-02 3.454387613687133207e-01 5.432975476608520538e+00
3.258146218572164354e-01 -4.579643948343243426e-02 9.444275412392212354e-01 7.093402867765449926e+00 9.062379188542366796e-04 9.988408284651437707e-01 4.811891626670777161e-02 2.983618933162073272e-01 -9.455369472891931304e-01 -1.481876098137567196e-02 3.254784872749147406e-01 5.614723077385906258e+00
3.111574057900533541e-01 -4.691796490842924799e-02 9.493375859190977817e-01 7.699089299347172677e+00 2.469246014679218806e-03 9.988171860863878093e-01 4.855401889005716426e-02 3.290212165817930079e-01 -9.504931300633245872e-01 -1.276430964392773031e-02 3.109050284372034123e-01 5.784646624938363679e+00
2.980375847712197213e-01 -4.843664534372420227e-02 9.533131658357075766e-01 8.319464731272530500e+00 3.691661062625825693e-03 9.987625077460795531e-01 4.959108196116026462e-02 3.518861870766479272e-01 -9.545361301120814934e-01 -1.125284121438663125e-02 2.978478812585645952e-01 5.982727846824229978e+00
2.888710030622949620e-01 -4.964565485376352255e-02 9.560857124163821830e-01 8.966858447720001735e+00 2.529491631694928602e-03 9.986905832111051540e-01 5.109809837038489094e-02 3.784774542022258381e-01 -9.573705255993738561e-01 -1.234766294720440923e-02 2.886182757489998973e-01 6.179168401944685307e+00
2.767314379707142558e-01 -5.185326958731518998e-02 9.595655666648430504e-01 9.641963123214955189e+00 4.677627765519712030e-04 9.985499876008274711e-01 5.383600487820577873e-02 4.157919259899530706e-01 -9.609659348955749136e-01 -1.444918765336479158e-02 2.763546444415047598e-01 6.367678033144649419e+00
2.668051953771487517e-01 -5.251599746343627029e-02 9.622550952008709357e-01 1.034773059630458292e+01 -2.429615990974343038e-06 9.985144969906931678e-01 5.449047844090793707e-02 4.463223054885413488e-01 -9.636866691118052275e-01 -1.455298380411576380e-02 2.664082474762897723e-01 6.575318934339103194e+00
2.574154950710275669e-01 -5.493296029725604213e-02 9.647684419894880792e-01 1.107983357114408740e+01 -1.288539096183491731e-03 9.983627913992848546e-01 5.716782623109604999e-02 4.762283331995755820e-01 -9.663296213993539663e-01 -1.596028296192716217e-02 2.569226288662966873e-01 6.760475864307199600e+00
2.474050217740089985e-01 -5.743420863139368088e-02 9.671993720427821684e-01 1.181914862057337778e+01 -2.120964532846945742e-03 9.982073181166455367e-01 5.981387165462708627e-02 5.147733271216413664e-01 -9.689004846524961190e-01 -1.685468741601945861e-02 2.468394173019572979e-01 6.958358369508152563e+00
2.361425424361527636e-01 -5.863807627826644886e-02 9.699916436537009412e-01 1.258098413601526566e+01 -1.830362741597799971e-03 9.981482850983737221e-01 6.080104506651916318e-02 5.469247220785253827e-01 -9.717616040677699019e-01 -1.611938778100646674e-02 2.355987834712567619e-01 7.145966013425844920e+00
2.259236639145016934e-01 -6.066228237166597370e-02 9.722539030779524527e-01 1.336743783959054355e+01 -3.413297597872004541e-03 9.980044989397933719e-01 6.304948333118812198e-02 5.867673264400607991e-01 -9.741374839039965705e-01 -1.757772083250068798e-02 2.252649273461292123e-01 7.327829687860814012e+00
2.151105070552581100e-01 -6.473084497320273634e-02 9.743896087620346202e-01 1.415299786150086447e+01 -5.107446570242902238e-03 9.977124135023536233e-01 6.740158518005766319e-02 6.307469713785023302e-01 -9.765244356300262218e-01 -1.946284647533991913e-02 2.142881686719722012e-01 7.506050256540266474e+00
2.017571575197343037e-01 -6.843935584714354314e-02 9.771298475056435784e-01 1.496245319360711434e+01 -6.332945625631658873e-03 9.974424837008849520e-01 7.118392513937070454e-02 6.709030150008293836e-01 -9.795050737325197154e-01 -2.052064035269368300e-02 2.008090670179825954e-01 7.669108706354050398e+00
1.889013112013700479e-01 -7.102415281562052263e-02 9.793257242966946219e-01 1.576661579607739050e+01 -7.523877477892841614e-03 9.972475564148876037e-01 7.375646974597181715e-02 7.149219268234462410e-01 -9.818679040708876427e-01 -2.130822956741594207e-02 1.878464066890860595e-01 7.821760035913337461e+00
1.748534672633275389e-01 -7.120959363631369776e-02 9.819763551948343938e-01 1.657657474382122942e+01 -8.283119264394735518e-03 9.972385721108203427e-01 7.381227246814053844e-02 7.550399183488494259e-01 -9.845213938945966969e-01 -2.103066969090097715e-02 1.737818380319725853e-01 7.971058500307125705e+00
1.612983986184526042e-01 -7.067868516302416859e-02 9.843145774759320954e-01 1.739547116611739952e+01 -9.298641520320663142e-03 9.972792089741225885e-01 7.313065755376384203e-02 7.999719027411807959e-01 -9.868045923818573595e-01 -2.095528630610205348e-02 1.602022185716705238e-01 8.101267803406873469e+00
1.457640322920537024e-01 -7.014086965870186541e-02 9.868744050406939028e-01 1.821122745233125428e+01 -9.837942942801349705e-03 9.973314642659546481e-01 7.231555159344447981e-02 8.397953294977245076e-01 -9.893151495680428953e-01 -2.022839667066362451e-02 1.446849671375179391e-01 8.225588719231289758e+00
1.226001790539274217e-01 -6.876817619014513605e-02 9.900286678092352632e-01 1.906659943512339339e+01 -1.288160387679520083e-02 9.974021811230484591e-01 7.087703831605818294e-02 8.852006337181794748e-01 -9.923303858687640977e-01 -2.144567886784401814e-02 1.213959296227145324e-01 8.326283025293680140e+00
9.854636606361374951e-02 -6.736344251519033044e-02 9.928648944633053919e-01 1.988733771191008870e+01 -1.704776277246016630e-02 9.974453232037383543e-01 6.938368852530445163e-02 9.289083123441405077e-01 -9.950019443454805046e-01 -2.377084882350436953e-02 9.714637368659707894e-02 8.407214348706032681e+00
6.772682046505430764e-02 -6.662388114825416874e-02 9.955056922938675390e-01 2.074165804803885393e+01 -2.112422992060432672e-02 9.974481792619187548e-01 6.817945067402698955e-02 9.728094667919764404e-01 -9.975097513146908845e-01 -2.561821144535175732e-02 6.614703397635417204e-02 8.466458718014909124e+00
3.441104621111575057e-02 -6.665735852920437465e-02 9.971712720692292864e-01 2.159352320461065844e+01 -2.384844711365031664e-02 9.974345547601325412e-01 6.751717260627679296e-02 1.013048484059724252e+00 -9.991119745374260619e-01 -2.612813426436777497e-02 3.273304396006820882e-02 8.499823238464481179e+00
-6.861515950221841909e-05 -6.577430969810535433e-02 9.978357202477586840e-01 2.244220844577413132e+01 -2.492799775854287817e-02 9.975251796080631950e-01 6.573958948769509369e-02 1.046744230475827431e+00 -9.996892895148133951e-01 -2.488333428971108846e-02 -1.708585649515742934e-03 8.492892713008503236e+00
-3.495328319237384074e-02 -6.461328031403472394e-02 9.973092987813922949e-01 2.331685240713335006e+01 -2.670675513396722489e-02 9.976118707697014809e-01 6.370641063625182010e-02 1.082839649582516994e+00 -9.990434614914871503e-01 -2.441493237293353852e-02 -3.659535917876607231e-02 8.445909554515830919e+00
-6.686478924770190846e-02 -6.278184134215723800e-02 9.957710557081834724e-01 2.417241574637703039e+01 -2.890478804518433614e-02 9.977215529873904032e-01 6.095041216343866780e-02 1.115613851395331535e+00 -9.973293766659251380e-01 -2.470031485042390590e-02 -6.852734031210659660e-02 8.389798198270055352e+00
-9.855616259756935782e-02 -5.951554120431938599e-02 9.933914759577523457e-01 2.502454987122484553e+01 -3.127428942381773463e-02 9.979022109149413566e-01 5.667849875041651442e-02 1.160110096441931526e+00 -9.946812459969628373e-01 -2.547516592603381314e-02 -1.002107209781994690e-01 8.297677977368055124e+00
-1.332832543659782376e-01 -5.642269681933026471e-02 9.895194050724894774e-01 2.588915758889522678e+01 -2.860098197462387914e-02 9.981814802996265001e-01 5.307815551822916977e-02 1.189236886813885619e+00 -9.907137446297485939e-01 -2.124759245038453440e-02 -1.346548261943826819e-01 8.170019014131872481e+00
-1.641160750533834645e-01 -4.979959422392410406e-02 9.851740949467544528e-01 2.672872105901419459e+01 -2.349657444281976967e-02 9.986392872964353629e-01 4.654819922919374575e-02 1.210549097428849308e+00 -9.861512313838528554e-01 -1.551546620831356291e-02 -1.650632583388999264e-01 8.022367185573278547e+00
-1.959908957666346985e-01 -4.408635982856765057e-02 9.797548010006846830e-01 2.758026778716626382e+01 -1.857053285045264304e-02 9.989767421791357904e-01 4.124990872522790730e-02 1.233528139747879004e+00 -9.805700541595254727e-01 -1.013666255937168206e-02 -1.966092729690882557e-01 7.833329059759885915e+00
-2.238175371026922822e-01 -3.790742639803540426e-02 9.739352413117229323e-01 2.841234225117635859e+01 -1.172717439838432893e-02 9.992755509191945107e-01 3.620491677344591513e-02 1.240487064606556888e+00 -9.746023553655963623e-01 -3.317013288946763817e-03 -2.240998057562374746e-01 7.631696237654344905e+00
-2.510361458995940542e-01 -3.194627292036272825e-02 9.673700302623642333e-01 2.924196889725615378e+01 -3.998136668154517182e-03 9.994809968053831595e-01 3.195438449278866638e-02 1.256854051254767679e+00 -9.678890648662582530e-01 4.158510181651633650e-03 -2.510336296399962031e-01 7.397030307531318627e+00
-2.790922626448151256e-01 -2.109987892900520856e-02 9.600286585355696234e-01 3.006792098413299286e+01 2.841731618806820139e-03 9.997357197883139923e-01 2.280371928846666729e-02 1.255932697407677434e+00 -9.602565176170773098e-01 9.100355241087002001e-03 -2.789584064175619216e-01 7.151611378930235574e+00
-3.021633652317743945e-01 -6.715154659320907854e-03 9.530647361768379566e-01 3.087121321354938175e+01 6.891000891894150972e-03 9.999335503993870278e-01 9.228017345886468589e-03 1.248959918301997263e+00 -9.530634500347628935e-01 9.362997423305688752e-03 -3.020970889876504195e-01 6.885644156597411580e+00
-3.262168756958628846e-01 1.130289894798941312e-02 9.452847843695989516e-01 3.166211387858511017e+01 7.708253492204370991e-03 9.999270159783136824e-01 -9.300034165114238680e-03 1.232152183649217303e+00 -9.453211162454618899e-01 4.257229600573975495e-03 -3.262801197116958485e-01 6.611048342881397311e+00
-3.536685881490881922e-01 2.587479919892377717e-02 9.350903120488710529e-01 3.245623314924730352e+01 6.859481914683894337e-03 9.996622932964319697e-01 -2.505434496105090822e-02 1.216048501427221540e+00 -9.354229847350470362e-01 -2.447990457979955323e-03 -3.537268296418963343e-01 6.322444461533561544e+00
-3.763374037164832209e-01 3.662235338014385028e-02 9.256339695617838981e-01 3.324334902244462597e+01 1.035774258527807912e-02 9.993220195931179495e-01 -3.533374913051335470e-02 1.174841067606806622e+00 -9.263004665631991985e-01 -3.705164389569674203e-03 -3.764614442133504824e-01 6.002052686675439119e+00
-4.013650412209314733e-01 4.066853013800886263e-02 9.148746723547914739e-01 3.402214207927180922e+01 1.363245408618312358e-02 9.991679740197745296e-01 -3.844175389273375709e-02 1.125923022665421547e+00 -9.156770631284105733e-01 -2.957365297123174148e-03 -4.015853958725735251e-01 5.669218854973442134e+00
-4.212803697423526672e-01 3.979880103582539991e-02 9.061584214735611820e-01 3.479306720658001240e+01 1.739888825460624358e-02 9.992077084438547585e-01 -3.581037652338729671e-02 1.082628817486926742e+00 -9.068650490693238586e-01 7.007103646992214564e-04 -4.216390129149115151e-01 5.306553028010434048e+00
-4.402941269260427504e-01 3.706936661344688300e-02 8.970709285151827750e-01 3.555887744199694112e+01 2.102219717672879420e-02 9.992990684893082731e-01 -3.098047319397536498e-02 1.039957400549307298e+00 -8.975905654719128490e-01 5.219358406116600749e-03 -4.407647043272424070e-01 4.930336379690674953e+00
-4.607289984144817829e-01 3.470067252071554198e-02 8.869549967609280383e-01 3.630182688679362712e+01 2.787977382977658777e-02 9.993080437225176915e-01 -2.463583910420833953e-02 9.987343135807478234e-01 -8.871960790102555450e-01 1.338608300534345832e-02 -4.613775596741859775e-01 4.532131224636980704e+00
-4.734137156591662343e-01 3.517995822420786484e-02 8.801664388214559542e-01 3.705741548785496775e+01 3.146686018041146282e-02 9.992398699352248448e-01 -2.301357706550890767e-02 9.482200680355330480e-01 -8.803067464904366091e-01 1.680946242245792352e-02 -4.741608779870724044e-01 4.141274470105727801e+00
-4.837642635906394539e-01 3.890464320714803748e-02 8.743613808411740962e-01 3.777666098068925038e+01 3.451704795761936784e-02 9.990824157665957328e-01 -2.535764914644568144e-02 9.134589488578741534e-01 -8.745456150716665045e-01 1.791715951939643753e-02 -4.846632449493938344e-01 3.722115074606039187e+00
-4.917502440886192261e-01 4.138652953287213360e-02 8.695778532815451323e-01 3.846736019249569694e+01 3.597550566769920632e-02 9.989825214738263792e-01 -2.721054035690059422e-02 8.681047404110856514e-01 -8.698193998445187258e-01 1.789561301622482475e-02 -4.927387225546561722e-01 3.322232407143054900e+00
-5.009523227145096236e-01 4.221990808852835869e-02 8.642172732984932937e-01 3.919214817207588197e+01 3.032141972831071258e-02 9.990525817656195073e-01 -3.120602820822409446e-02 8.321972426371740950e-01 -8.647161288474467522e-01 1.056378731275956287e-02 -5.017577788684621787e-01 2.908568114862903453e+00
-5.128316137665310803e-01 3.895955851307071616e-02 8.575057975068803851e-01 3.988734036526259530e+01 2.806319026056017588e-02 9.991967971864553766e-01 -2.858845331098460243e-02 7.972454375778872393e-01 -8.579309086313883226e-01 9.397998018358555417e-03 -5.135130725571923627e-01 2.500858452204639093e+00
-5.208271727725871658e-01 4.131154793728278318e-02 8.522504979231477762e-01 4.059445365823280127e+01 3.072744834589666643e-02 9.990883917129523839e-01 -2.961341238913373433e-02 7.574986190764469995e-01 -8.526974753531457729e-01 1.074761239644515635e-02 -5.216218098751186361e-01 2.068783664715645898e+00
-5.288185088729608907e-01 4.412319927717353596e-02 8.473607464019375923e-01 4.130032987193712302e+01 3.405608225470490441e-02 9.989464359328469323e-01 -3.075340088355783125e-02 7.101941404626533894e-01 -8.478255229484030764e-01 1.258134990575419075e-02 -5.297641622970077346e-01 1.630942678221408260e+00
-5.340832896543725727e-01 4.705615595008859342e-02 8.445481828751584263e-01 4.200694252341330781e+01 3.512482426142969627e-02 9.988226991612200178e-01 -3.347639384635525683e-02 6.779178492442392567e-01 -8.451290656251764233e-01 1.179531090135498526e-02 -5.351074014311334448e-01 1.184169041108044773e+00
-5.302983075187744921e-01 4.883562364604323441e-02 8.460532910113067739e-01 4.274690774038233343e+01 3.416889739878180982e-02 9.987591951011628444e-01 -3.622351787025480246e-02 6.412339950762686591e-01 -8.467734296197810817e-01 9.675182141657712523e-03 -5.313089191032318581e-01 7.382856904252992347e-01
-5.273861160425715733e-01 4.891222771515647133e-02 8.480934822503962689e-01 4.349912001488912949e+01 3.729629426195848335e-02 9.987120180867310459e-01 -3.438811243068232160e-02 5.993273833177746868e-01 -8.486833420081625334e-01 1.349221208290057525e-02 -5.285312214487616345e-01 2.678157542388762691e-01
-5.221892002381987030e-01 4.839366438527981096e-02 8.511925794144064028e-01 4.424501689188528530e+01 3.551507682170200464e-02 9.987564658219931779e-01 -3.498424657995937576e-02 5.570820086392489490e-01 -8.518273092934643964e-01 1.196174378859236193e-02 -5.232586236732414964e-01 -1.754943107990853957e-01
-5.142094978390088222e-01 4.666022216202354855e-02 8.565576180115531679e-01 4.505332777619683071e+01 3.267838653639033863e-02 9.988598179287986323e-01 -3.480790839244831542e-02 5.189439341783075310e-01 -8.572052980435069802e-01 1.009031092935930816e-02 -5.151480498680796050e-01 -6.480266926451468956e-01
-5.076084429648575203e-01 4.511777899309431239e-02 8.607234243833377096e-01 4.584884139435686023e+01 3.087375583412477545e-02 9.989391637640361310e-01 -3.417000344555506941e-02 4.758163199370342156e-01 -8.613519684131261123e-01 9.236670433079602338e-03 -5.084630030562585778e-01 -1.102577992822568520e+00
-5.010555843263136966e-01 4.442865835857967571e-02 8.643682767932655553e-01 4.665032178197708390e+01 2.836436428007009167e-02 9.989879245133658214e-01 -3.490049573307420910e-02 4.299544384444181078e-01 -8.650442916588482190e-01 7.027795999936124229e-03 -5.018089666785986447e-01 -1.553334008556011447e+00
-4.945486358907268953e-01 4.240377150701492293e-02 8.680081288281500385e-01 4.748544570833384171e+01 2.413149273931558883e-02 9.990941434599928117e-01 -3.503445332910436888e-02 3.876425801776978708e-01 -8.687076636014379183e-01 3.605370241683597717e-03 -4.951239801835543575e-01 -2.017390126559620800e+00
-4.936437040544606747e-01 3.913120070009275253e-02 8.689054624894910761e-01 4.833943320400611299e+01 1.922054420800955662e-02 9.992340447218166499e-01 -3.410370079594530340e-02 3.462411152806256776e-01 -8.695736957738527950e-01 -1.138342625827851949e-04 -4.940177710586677318e-01 -2.480713829969472428e+00
-4.922965593215404834e-01 3.580647565293682000e-02 8.693596025158293328e-01 4.921010284356692210e+01 1.596279348048518926e-02 9.993565866187382740e-01 -3.211680231266420688e-02 2.997970264329117285e-01 -8.699504259890388225e-01 -1.939304570950460289e-03 -4.925512732822288076e-01 -2.959893297830173076e+00
-4.961423747078998470e-01 3.510226309460156430e-02 8.680741954667231530e-01 5.008831081794655660e+01 1.481322365031787977e-02 9.993794486467231231e-01 -3.196306030683358779e-02 2.536900845111613734e-01 -8.686573678450475455e-01 -2.988815520360951512e-03 -4.963544958042864219e-01 -3.445996145947228584e+00
-4.961298145391547232e-01 3.506323787827547722e-02 8.678439433805545944e-01 5.098315983290023468e+01 1.510970090188592900e-02 9.993817717485243834e-01 -3.174750371790336506e-02 2.062451775231481932e-01 -8.684203838516345586e-01 -2.632875870807281984e-03 -4.963530772044868478e-01 -3.928755720284404340e+00
-4.947277326685600718e-01 3.360615920444688653e-02 8.685514345884944865e-01 5.187829470839842116e+01 1.433570616295860856e-02 9.994318472183685298e-01 -3.050501332422790243e-02 1.608097483137549133e-01 -8.690829342076776820e-01 -2.633660932514477436e-03 -4.949284163648414725e-01 -4.442432256633545684e+00
-4.947147149935874899e-01 3.456280301452148429e-02 8.685544145376681291e-01 5.278613282532123208e+01 1.523128041585051010e-02 9.994003819181042081e-01 -3.108850401870524166e-02 1.099844726192807237e-01 -8.691081521908496921e-01 -2.159993563254436824e-03 -4.949445990381641236e-01 -4.950333715412251756e+00
-4.947239088830586717e-01 3.214796767301776603e-02 8.684253918095645730e-01 5.370516390987199884e+01 1.360046062818957326e-02 9.994797073650053543e-01 -2.924270238492091348e-02 6.299487233612577342e-02 -8.689139179891204323e-01 -2.667151133817975348e-03 -4.949036275377328709e-01 -5.450067141421436112e+00
-4.947536402694341362e-01 3.119112450440720413e-02 8.684317809662277510e-01 5.462938883476844865e+01 1.226512778126186143e-02 9.995067762126479405e-01 -2.889931325401489184e-02 1.748814479340458916e-02 -8.689053623164705309e-01 -3.661185795428293071e-03 -4.948922031162179547e-01 -5.961299673272781874e+00
-4.961598424841042188e-01 3.038704094567357475e-02 8.681519389807605958e-01 5.554368218303792304e+01 1.160297933190137902e-02 9.995304517226373253e-01 -2.836310755853206633e-02 -3.359274307902269940e-02 -8.686060312141183903e-01 -3.985516507374501499e-03 -4.962795936612167114e-01 -6.456768001363829335e+00
-4.937741059962473256e-01 2.983286227242953545e-02 8.691577340192307988e-01 5.647133233791505091e+01 1.041981652598254413e-02 9.995424486489222771e-01 -2.840991936347369781e-02 -8.281855244391310433e-02 -8.696075647376484419e-01 -4.959271719567896926e-03 -4.938588279870713693e-01 -6.982353820304677328e+00
-4.947858122784769552e-01 2.842302599145957523e-02 8.690746748165513180e-01 5.738163148304808914e+01 9.804424576872241767e-03 9.995844168100229687e-01 -2.712205856371196003e-02 -1.340512160787526996e-01 -8.694839228113304674e-01 -4.871668803410130096e-03 -4.948590531780913682e-01 -7.485608287064543731e+00
-4.908944548333501467e-01 2.570678761971741458e-02 8.703495676153751859e-01 5.831828077735052318e+01 1.042833446139133924e-02 9.996661446079665447e-01 -2.363690122605153002e-02 -1.896045685156594052e-01 -8.706670486257368502e-01 -2.547048100637697501e-03 -4.909985383769114309e-01 -7.991460599977261658e+00
-4.880649572971042516e-01 2.448409265133347570e-02 8.725376680952505737e-01 5.923251162236309852e+01 1.079664007162558712e-02 9.996993704647203494e-01 -2.201406428464984522e-02 -2.288073428703928380e-01 -8.728145238608128187e-01 -1.327542198903607692e-03 -4.881825484482251731e-01 -8.489623025893779484e+00
-4.856307791155212161e-01 2.412875508777003949e-02 8.738399651644318533e-01 6.014733211463171614e+01 1.127949310612457595e-02 9.997087175497006983e-01 -2.133426599291348563e-02 -2.736604647405894708e-01 -8.741004293501485334e-01 -5.058971103797122587e-04 -4.857614704337674394e-01 -8.994689485866512513e+00
-4.828255169228047872e-01 2.427259123536295096e-02 8.756409949288758154e-01 6.109385893472833828e+01 1.171944764165435901e-02 9.997054419470033926e-01 -2.125867415761336851e-02 -3.158565795800014619e-01 -8.758991567579603732e-01 7.459234145627687167e-06 -4.829678027745952229e-01 -9.490301961260785291e+00
-4.818084872422820353e-01 2.497198862576018030e-02 8.760673561560016198e-01 6.199217453983635551e+01 1.218225918643997888e-02 9.996881072500543031e-01 -2.180983665268839550e-02 -3.623465171074553570e-01 -8.763387058819824826e-01 1.753814013123326018e-04 -4.819624571125696311e-01 -9.975293017393276784e+00
-4.828624900440616763e-01 2.583211187707058071e-02 8.754958595405314403e-01 6.287749494370369518e+01 1.134066365712676355e-02 9.996655475389211176e-01 -2.323472525164261421e-02 -4.023990811150274238e-01 -8.758032924535035235e-01 -1.291437585977958961e-03 -4.829941704900072574e-01 -1.044873021375806310e+01
-4.829539240767966590e-01 2.780678702716176537e-02 8.750519753151164704e-01 6.379062740109549878e+01 9.781145812713684315e-03 9.996045498614734015e-01 -2.635666946329906155e-02 -4.536600851139189761e-01 -8.754390186988306732e-01 -4.175392324241163425e-03 -4.830350366428310394e-01 -1.095394192589104598e+01
-4.872276032172534466e-01 2.883798363858209104e-02 8.730294382302150602e-01 6.469715804230894207e+01 8.204016299833756520e-03 9.995618407763009472e-01 -2.845387397036606633e-02 -5.052554631182625267e-01 -8.734671686768565868e-01 -6.677435405565833315e-03 -4.872507254912527008e-01 -1.146150440025462380e+01
-4.948398211681361847e-01 2.733319210118307502e-02 8.689207762962192216e-01 6.558998367724480261e+01 7.761345571112038093e-03 9.996047012980683322e-01 -2.702388027993726793e-02 -5.495883806541699279e-01 -8.693158646720229310e-01 -6.618420933196627470e-03 -4.948565020056950314e-01 -1.194935488846284954e+01
-4.988533985410189553e-01 2.470354500842361634e-02 8.664643608286684007e-01 6.648267735113672927e+01 1.149237335706125053e-02 9.996943530867006267e-01 -2.189924422270545998e-02 -6.006362954423549727e-01 -8.667403740148764690e-01 -9.553588049921524824e-04 -4.989848957096983395e-01 -1.246669967603654250e+01
-5.041498339325293232e-01 2.152026725861479542e-02 8.632894329534116507e-01 6.735703156785207568e+01 7.602131312660844950e-03 9.997613315074739271e-01 -2.048181572078336746e-02 -6.452951493110402614e-01 -8.635241785666765146e-01 -3.759353816171145425e-03 -5.041931359111262445e-01 -1.295876146722219424e+01
-5.079853636301133735e-01 2.420744957510300235e-02 8.613663735896261997e-01 6.823944825189897756e+01 8.782435774789260421e-03 9.996986939216389034e-01 -2.292392350974379461e-02 -6.938799444248412440e-01 -8.616615831662993719e-01 -4.069427746776752008e-03 -5.080451221692720010e-01 -1.346435803701234235e+01
-5.132476915540454820e-01 2.614133250694300817e-02 8.578556928713477747e-01 6.910423382956160765e+01 9.058609156786311817e-03 9.996452308384873309e-01 -2.503817943835027690e-02 -7.367062610296429837e-01 -8.582062713580853597e-01 -5.091012865827863193e-03 -5.133024202849607587e-01 -1.397388162618988439e+01
-5.199568077209757444e-01 2.675457894807577175e-02 8.540067510800736228e-01 6.995363133897433272e+01 7.667172137969140329e-03 9.996154239822259147e-01 -2.665440334945310893e-02 -7.803220536340033098e-01 -8.543913500952331486e-01 -7.301033303249000739e-03 -5.199619657561842523e-01 -1.446934461033025343e+01
-5.214002701589857125e-01 2.663551174842580804e-02 8.533660114963823595e-01 7.082125867263984276e+01 6.568861710408377581e-03 9.996088539153518138e-01 -2.718781990114894909e-02 -8.310341377943023522e-01 -8.537560622642756947e-01 -8.547855719564489627e-03 -5.213717045029787611e-01 -1.498205854594332287e+01
-5.252114455142111726e-01 2.642705784244329253e-02 8.507423358696027949e-01 7.165718793260192854e+01 7.267557359849140947e-03 9.996206300505995346e-01 -2.655294973314848914e-02 -8.799556927084745128e-01 -8.511217809289824965e-01 -7.777329091107406701e-03 -5.252044416279104677e-01 -1.548314340068678341e+01
-5.278555374230553543e-01 1.824790939966965120e-02 8.488841210076640831e-01 7.250251840986605600e+01 7.388836997316258412e-03 9.998298647102599190e-01 -1.689751009728376885e-02 -9.210187226136834493e-01 -8.490481840377342992e-01 -2.646502257270413102e-03 -5.279005906195716191e-01 -1.600679794919466659e+01
-5.291538172483668534e-01 9.973101450350402644e-03 8.480309191994164220e-01 7.333246637395029666e+01 8.086376325631977266e-03 9.999447399284749904e-01 -6.709614320873840548e-03 -9.596634783541634350e-01 -8.480510548480728605e-01 3.307259010207856155e-03 -5.292054415132685374e-01 -1.653653917440205845e+01
-5.315857731278150755e-01 6.361764543544170397e-03 8.467277247023735631e-01 7.416311438201340422e+01 7.986663280146586233e-03 9.999649156479054612e-01 -2.496175857486376392e-03 -9.927557411603039617e-01 -8.467140061272329099e-01 5.428885199304255872e-03 -5.316179420920813525e-01 -1.704722619051253218e+01
-5.316095547932661036e-01 1.237359999151961890e-02 8.473517030389821070e-01 7.499744894322610378e+01 8.286330221784080421e-03 9.999212767333929275e-01 -9.408791118696814212e-03 -1.017273716986194065e+00 -8.474015949368219891e-01 2.017602972909269925e-03 -5.316704460574057656e-01 -1.757357028352072348e+01
-5.316422556790786347e-01 1.816834533610089605e-02 8.465698487567145936e-01 7.581290704101552080e+01 9.365584915071945016e-03 9.998347058677284904e-01 -1.557305330795626108e-02 -1.049743915157227203e+00 -8.467132197688519435e-01 -3.585482892477234664e-04 -5.317246238222252952e-01 -1.809222912950636442e+01
-5.343288356752731172e-01 2.237306745451697956e-02 8.453449248827930029e-01 7.662944456093465817e+01 1.549013372092623679e-02 9.997408603343772571e-01 -1.668213677044305329e-02 -1.078684325197400762e+00 -8.454991957410185055e-01 4.191353160970725557e-03 -5.345369617165994791e-01 -1.861091796126678588e+01
-5.328593828208623151e-01 2.351328948189158885e-02 8.461195747175804804e-01 7.745647689710189354e+01 1.841951029625344891e-02 9.996992284633322567e-01 -1.618841344464255066e-02 -1.122003804340756083e+00 -8.462457817320503395e-01 6.962994413718548263e-03 -5.331322507709487235e-01 -1.913928063358586229e+01
-5.328390291793461131e-01 2.097533064271170020e-02 8.464781795125010389e-01 7.827716307753335911e+01 1.843612575262875905e-02 9.997431854770038040e-01 -1.317968634601080977e-02 -1.155841912913861069e+00 -8.465371713897552608e-01 8.593298705698288950e-03 -5.330890346469618901e-01 -1.965800249903004371e+01
-5.314622367960394334e-01 1.447739871933876633e-02 8.469228534210884174e-01 7.909639505701568396e+01 1.571864393417493622e-02 9.998502253815383378e-01 -7.222811609610053397e-03 -1.182804624616881073e+00 -8.469009130056672774e-01 9.469960189658233052e-03 -5.316100988569528729e-01 -2.016210399520881680e+01
-5.300730789489992434e-01 9.664690717560035782e-03 8.477932305320945439e-01 7.991861245480887987e+01 1.471712360959317491e-02 9.998892054991245226e-01 -2.194918083869628386e-03 -1.207723008019452759e+00 -8.477206151638166931e-01 1.131237079677059262e-02 -5.301567694792025387e-01 -2.067442604120936522e+01
-5.316390116289774204e-01 1.522424560476001850e-03 8.476917594337326500e-01 8.073237200457205631e+01 4.565756572494022482e-03 9.999890221705680649e-01 1.068358089416134157e-03 -1.234493259389593200e+00 -8.476808887662369285e-01 4.432021085628644330e-03 -5.316402489220227734e-01 -2.115945612184500746e+01
-5.293357273996527335e-01 -2.834026330251294100e-03 8.485786593664229605e-01 8.155810342081412045e+01 -3.576632104062332698e-03 9.999929258963291545e-01 1.111019696229643798e-03 -1.249804622299607981e+00 -8.485758999207312359e-01 -2.444279040826690709e-03 -5.293421436031828797e-01 -2.165081563984095325e+01
-5.278750045187765583e-01 -2.750451951747871597e-03 8.497123852658898802e-01 8.237704553895450488e+01 -5.232032666991315003e-04 9.999955219963244657e-01 2.922277721441338127e-03 -1.266519984718640135e+00 -8.497167190386309965e-01 1.100460359557167613e-03 -5.278742253632900949e-01 -2.215575402217874412e+01
-5.249885565969630852e-01 5.766731765123511624e-04 8.516630770516682158e-01 8.318701305213072317e+01 4.449602409814266274e-03 9.999879358618978253e-01 2.068815301513130325e-03 -1.293027057761195309e+00 -8.516515839621827677e-01 4.867844824885201455e-03 -5.249848476525384999e-01 -2.264868354679374818e+01
-5.183301135988460651e-01 3.714595003926979191e-03 8.554001611917528836e-01 8.401098566215218000e+01 5.389047697143864446e-03 9.999848508654577417e-01 -1.074470571654033901e-03 -1.310350916179817693e+00 -8.553910784253503374e-01 4.045996044312124770e-03 -5.183424690094706744e-01 -2.315062543550606122e+01
-5.091881117259584588e-01 5.201860584803728003e-03 8.599793709443300793e-01 8.482275409745199113e+01 1.009078635029678726e-02 9.999490487390678695e-01 -7.232243860612562459e-05 -1.328358029324417711e+00 -8.599359502108728792e-01 8.644831231373053052e-03 -5.092147734541494497e-01 -2.363477790602239992e+01
-5.024615839915459459e-01 8.050039267683972363e-03 8.644269033255096435e-01 8.563829259733340393e+01 1.758435644897562641e-02 9.998449188179194813e-01 9.116223420698258686e-04 -1.351342361455913688e+00 -8.642854079931882039e-01 1.566033706438432413e-02 -5.025254275311464847e-01 -2.410933773487044718e+01
-4.930522389777496906e-01 7.708790927341370447e-03 8.699033947186814997e-01 8.646191841879318929e+01 1.739864025749533749e-02 9.998480524598892805e-01 1.002994830739861124e-03 -1.367492637102085240e+00 -8.697636123848996315e-01 1.562990434099527370e-02 -4.931115109137039210e-01 -2.456818960798911888e+01
-4.827211483125215530e-01 3.724580668057460384e-03 8.762178265549170897e-01 8.729992571213061581e+01 1.157371032764330926e-02 9.999306555674635222e-01 2.121647671225976219e-03 -1.382980896890062983e+00 -8.761494226033251786e-01 1.116094136940360727e-02 -4.827308130544262221e-01 -2.500321545213440544e+01
-4.699148962691200304e-01 1.748101479223287524e-03 8.823790274860140448e-01 8.813617929198196066e+01 1.463341734190509377e-02 9.998759250837495616e-01 5.816421503570944930e-03 -1.403956578328791061e+00 -8.822593788624445432e-01 1.565088192577613821e-02 -4.698820800784386797e-01 -2.544827799120821865e+01
-4.581873277168135306e-01 3.508768625189634437e-04 8.885294550893259036e-01 8.897626488200130268e+01 1.280402106609567457e-02 9.998985897581698090e-01 6.211145384591692208e-03 -1.419270589885545775e+00 -8.884372938026914301e-01 1.422844033079849815e-02 -4.581454904616139578e-01 -2.587163366366146988e+01
-4.478601851539236178e-01 -8.388782071418366022e-04 8.945435079427938030e-01 8.981930053021086735e+01 1.305389965017184073e-02 9.998868296599031646e-01 7.473291256776509739e-03 -1.424144725908269349e+00 -8.944486398295302676e-01 1.501730996720825745e-02 -4.477987738032359055e-01 -2.628179116817763017e+01
-4.351500120607275091e-01 -2.255116591883813597e-04 9.005421418855729110e-01 9.067540112990756995e+01 1.595354532270335662e-02 9.998410084274249598e-01 7.959319088172236295e-03 -1.446452512042595062e+00 -9.004008156112228711e-01 1.782538840220297682e-02 -4.350773584425031149e-01 -2.669255933647875523e+01
