1 0 0 0 0 1 0 0 0 0 1 0
0.99995297 -0.0021447524 0.0094586492 0.024977639 0.0021354946 0.99999723 0.00098877991 -0.0072422158 -0.0094607445 -0.00096853452 0.99995478 0.27088679
0.99987054 -0.0032274537 0.01576367 0.042482789 0.0032080749 0.99999407 0.0012544789 -0.012426331 -0.015767627 -0.0012037454 0.99987496 0.55427723
0.99978511 -0.0071126326 0.019471384 0.037250905 0.007128757 0.9999743 -0.00075879803 -0.01554353 -0.019465489 0.00089744178 0.99981013 0.87317272
0.99982878 -0.0076974929 0.016827507 0.033668884 0.0077191762 0.99996946 -0.0012239615 -0.019021708 -0.016817573 0.0013536465 0.99985766 1.170969
0.99988324 -0.011049025 0.010555419 0.038275717 0.011089677 0.99993129 -0.0038005104 -0.019488559 -0.010512703 0.003917123 0.99993707 1.4967097
0.99993373 -0.011448986 -0.0012050192 0.022830228 0.011443307 0.99992386 -0.0046188216 -0.033767324 0.0012578084 0.0046047262 0.99998861 1.8253418
0.99977933 -0.011057116 -0.017861555 0.0051471222 0.010966407 0.99992651 -0.0051684565 -0.037620397 0.017917392 0.0049714389 0.99982711 2.139927
0.99930518 -0.0073878523 -0.036531798 -0.038277814 0.0071732932 0.99995627 -0.0060008165 -0.042862197 0.036574537 0.0057345938 0.99931447 2.4983655
0.99839688 -0.0037807077 -0.056474575 -0.07594775 0.0034120979 0.99997225 -0.0066220084 -0.050160791 0.056498048 0.0064186958 0.99838208 2.838073
0.99708577 -0.003118017 -0.076224924 -0.11456111 0.0026272436 0.99997518 -0.0065379215 -0.053681381 0.076243423 0.0063186072 0.99706921 3.177432
0.9952603 -0.0042274861 -0.09715479 -0.16311797 0.0036448233 0.9999743 -0.0061739596 -0.06085993 0.097178402 0.0057905849 0.99525013 3.5597414
0.99316934 -0.0050437139 -0.11657285 -0.22409919 0.004449294 0.99997574 -0.0053587897 -0.066269035 0.11659707 0.0048035187 0.99316769 3.9538061
0.99101313 -0.0043504855 -0.13369389 -0.30069887 0.0037227717 0.99998084 -0.0049447795 -0.077638718 0.13371285 0.0044026296 0.99101034 4.3650402
0.98868784 -0.0038459316 -0.1499385 -0.38324708 0.003234672 0.99998544 -0.0043204042 -0.086823629 0.14995294 0.0037865292 0.98868589 4.770346
0.98656062 -0.0030080269 -0.16336798 -0.45870486 0.0023579713 0.99998851 -0.0041728547 -0.090753645 0.16337867 0.0037315571 0.98655638 5.1771592
0.9842876 -0.0043882624 -0.17651814 -0.54940377 0.0035125817 0.99997993 -0.0052730213 -0.09967293 0.17653775 0.004570135 0.98428326 5.6040683
0.98263197 -0.0072826542 -0.18542216 -0.6388378 0.0060844398 0.99995678 -0.0070303072 -0.11279545 0.18546536 0.0057800146 0.98263381 6.0584676
0.98118008 -0.0062292222 -0.19299439 -0.74156369 0.0046332557 0.99995125 -0.0087197381 -0.11761481 0.19303932 0.007661441 0.98116111 6.5227351
0.97970358 -0.0065292674 -0.20034534 -0.8572429 0.0044361812 0.99993081 -0.010894555 -0.12540915 0.20040263 0.0097846661 0.97966476 7.0076148
0.9781262 -0.0066801676 -0.20790504 -0.95373581 0.0040084825 0.99990393 -0.013269155 -0.13573685 0.20797373 0.012145525 0.97805901 7.4728866
0.97623775 -0.011105669 -0.21641745 -1.0759655 0.0080046615 0.99985243 -0.01520015 -0.14908208 0.21655433 0.013106612 0.97618259 7.9886126
0.97431853 -0.015917696 -0.22461083 -1.1865593 0.012574533 0.99978796 -0.016306966 -0.16165124 0.22482279 0.013063802 0.97431209 8.4791017
0.97259747 -0.017782066 -0.2318145 -1.3214071 0.013686616 0.99972076 -0.019263391 -0.19144443 0.23209233 0.015562769 0.97256926 9.0213341
0.97042826 -0.013210268 -0.24102795 -1.4770881 0.0078628365 0.99970145 -0.023134268 -0.19311708 0.24126162 0.020554984 0.97024241 9.5446606
0.9684346 -0.010714818 -0.24903737 -1.6354867 0.0044122007 0.99965603 -0.025852365 -0.2089133 0.24922873 0.023937522 0.96814877 10.085762
0.96594092 -0.013302642 -0.25842054 -1.7915374 0.0062764799 0.99958836 -0.027994901 -0.2333507 0.25868659 0.025419449 0.96562679 10.644731
0.96365996 -0.01491905 -0.26671502 -1.9479099 0.007233491 0.99953045 -0.029774925 -0.26088874 0.26703402 0.026763622 0.96331539 11.213144
0.96138515 -0.014950696 -0.27480003 -2.1259365 0.0063347709 0.99946091 -0.032214269 -0.285309 0.27513353 0.029229525 0.96096159 11.77219
0.95906658 -0.014333023 -0.28281771 -2.3175323 0.0044136293 0.99935354 -0.035679495 -0.31092657 0.28314629 0.032970759 0.95850984 12.357455
0.95722984 -0.015697399 -0.28890245 -2.5056441 0.0040266757 0.99915321 -0.040946877 -0.34120144 0.28930059 0.038032256 0.95648247 12.966304
0.95535928 -0.016110647 -0.29500692 -2.7055879 0.0019260392 0.99883054 -0.048309873 -0.37990447 0.29544025 0.045585092 0.95427306 13.587333
0.95372769 -0.016901194 -0.30019631 -2.909968 -0.00010923552 0.99839934 -0.056557394 -0.41811137 0.30067172 0.053973146 0.95219926 14.189116
0.9526584 -0.017082477 -0.30356244 -3.1172227 -0.0028319929 0.99787854 -0.065041508 -0.46305279 0.30402954 0.062822027 0.950589 14.807547
0.95124401 -0.016443479 -0.30800072 -3.3455748 -0.0067843695 0.99722085 -0.074192585 -0.51253847 0.30836475 0.072664844 0.9484888 15.467606
0.94993497 -0.01483539 -0.31209528 -3.5657197 -0.011166167 0.99662214 -0.081361079 -0.57037598 0.31224812 0.080772643 0.94656056 16.101453
0.94813288 -0.014120171 -0.31756046 -3.8052018 -0.014468991 0.9960604 -0.087489064 -0.63290307 0.31754478 0.08754604 0.94419331 16.759586
0.94648192 -0.012674816 -0.32250784 -4.0564855 -0.01849369 0.9954572 -0.093396731 -0.70125978 0.32222657 0.094362679 0.94194784 17.430196
0.94493002 -0.01069115 -0.32709776 -4.3001506 -0.02299574 0.994827 -0.098946591 -0.7742226 0.32646357 0.10101946 0.93979605 18.0933
0.9434154 -0.0080846188 -0.33151473 -4.5739134 -0.027383887 0.99438911 -0.10217837 -0.85386844 0.33048074 0.10547481 0.93790061 18.813578
0.94153847 -0.006891027 -0.33683499 -4.8263699 -0.029874317 0.99414477 -0.1038446 -0.93205803 0.33557837 0.1078364 0.93581968 19.4868
0.93950813 -0.0066515207 -0.342462 -5.1024908 -0.030298014 0.9942786 -0.1024309 -1.0224407 0.34118399 0.10661059 0.9339313 20.224732
0.93720686 -0.0065487272 -0.3487125 -5.3878327 -0.030702206 0.99439323 -0.10119031 -1.1065407 0.34742004 0.1055425 0.9317511 20.944453
0.934835 -0.0071063894 -0.35501129 -5.6590581 -0.030133432 0.99460533 -0.099258356 -1.1883362 0.35380152 0.1034879 0.92957773 21.653986
0.93199048 -0.0061535911 -0.36243049 -5.9347665 -0.030808731 0.99489317 -0.096116656 -1.2744434 0.36117111 0.10074583 0.92704138 22.343804
0.9280375 -0.0032524948 -0.37247257 -6.31047 -0.032964504 0.9953212 -0.090824325 -1.3574444 0.37102528 0.096566755 0.92358817 23.166287
0.9243774 -0.0014177817 -0.38147661 -6.6122124 -0.033734002 0.99577177 -0.085443596 -1.4408634 0.37998481 0.091850863 0.92042109 23.882079
0.92114274 0.0031302829 -0.38921234 -6.9572278 -0.037773828 0.99596639 -0.081388549 -1.5143548 0.38738767 0.089672513 0.91754545 24.644273
0.91727971 0.0029787849 -0.39823241 -7.2695742 -0.037782493 0.99611248 -0.079576414 -1.5881125 0.39644726 0.088040044 0.91382631 25.371982
0.9130644 0.0041854811 -0.4077939 -7.6421186 -0.039699826 0.99611027 -0.078665457 -1.6658556 0.40587848 0.088015977 0.90967899 26.140507
0.91037233 0.0042609123 -0.41376811 -7.9849685 -0.03990333 0.99619064 -0.077536675 -1.7349386 0.41186158 0.08709797 0.90707442 26.892277
0.90656045 0.0051810715 -0.42204417 -8.3840594 -0.041179976 0.99623987 -0.076225538 -1.8147309 0.42006234 0.086482829 0.90336502 27.703511
0.90289203 0.003985708 -0.4298489 -8.7561737 -0.039401565 0.99651491 -0.073522436 -1.889148 0.42805784 0.083319542 0.89990241 28.487766
0.89956536 0.0049930414 -0.43675761 -9.1648255 -0.039241481 0.99681487 -0.069427838 -1.9574596 0.43501986 0.079593895 0.89689606 29.27967
0.89566055 0.00700764 -0.44468309 -9.5780222 -0.039716606 0.99714114 -0.064281707 -2.026778 0.44296138 0.075235893 0.8933783 30.074568
0.89150214 0.0078287655 -0.4529488 -9.9841506 -0.038883132 0.99748323 -0.059289992 -2.092961 0.45134471 0.070469224 0.88956285 30.864814
0.88819382 0.0050963687 -0.4594407 -10.438016 -0.035659806 0.997687 -0.057870876 -2.1538882 0.45808312 0.067784121 0.88632116 31.676961
0.88479286 0.0051287243 -0.46595629 -10.859436 -0.035614885 0.99775889 -0.056646008 -2.2173467 0.46462155 0.066714965 0.88299261 32.494821
0.88217179 0.0049537648 -0.47090167 -11.324487 -0.034880262 0.9978854 -0.054846038 -2.2759708 0.46963425 0.064808802 0.88047914 33.331091
0.87881373 0.0035806505 -0.47715153 -11.809538 -0.033119594 0.99801792 -0.05351004 -2.3445731 0.47601422 0.062828424 0.87719044 34.198404
0.87595423 0.0015650498 -0.48239167 -12.262465 -0.031014309 0.99810856 -0.053079324 -2.3955543 0.48139622 0.061456103 0.87434595 35.01412
0.87450655 0.0019991416 -0.48500957 -12.733961 -0.031884379 0.99806533 -0.0533759 -2.4543025 0.48396457 0.062141803 0.87287841 35.854003
0.87277482 0.0010170189 -0.48812198 -13.232688 -0.031679974 0.99800752 -0.054565231 -2.5238688 0.48709395 0.063086852 0.87106805 36.711975
0.87218315 0.001421393 -0.48917739 -13.735243 -0.031526101 0.99808025 -0.053309634 -2.5776177 0.48816256 0.061917621 0.87055358 37.566001
0.872042 0.00088421222 -0.48943023 -14.248964 -0.029776867 0.99824177 -0.05125147 -2.6442615 0.48852442 0.059267134 0.87053508 38.469771
0.87189582 -1.4947769e-06 -0.48969138 -14.763983 -0.028617737 0.99829075 -0.050956943 -2.7080795 0.48885449 0.058443006 0.87040549 39.379639
0.87123249 -0.0017234607 -0.49086756 -15.25913 -0.026975453 0.99831462 -0.051383402 -2.7664291 0.49012885 0.058008264 0.86971764 40.263912
0.87056153 -0.0038216858 -0.4920447 -15.812317 -0.025189356 0.9983126 -0.052320692 -2.8368719 0.49141442 0.057942672 0.86899628 41.203665
0.86858985 -0.0026992155 -0.49552433 -16.312954 -0.025622442 0.99840284 -0.050351304 -2.9007753 0.49486885 0.056431175 0.86713342 42.11633
0.86796283 -0.0035479345 -0.49661646 -16.869456 -0.022646953 0.99865146 -0.046715853 -2.9669874 0.49611254 0.051794474 0.866712 43.040365
0.86517817 -0.0012295235 -0.50146307 -17.419794 -0.02321325 0.9988268 -0.042498996 -3.0338638 0.50092705 0.048409792 0.8641346 43.958142
0.86070206 -0.005808848 -0.50907583 -17.947353 -0.017077046 0.99904281 -0.040272065 -3.09171 0.50882253 0.043355761 0.859779 44.85248
0.856243 -0.0067407295 -0.51652925 -18.501419 -0.017531735 0.99895963 -0.042098565 -3.1568256 0.51627569 0.045102256 0.85523401 45.748858
0.85028116 -0.0071950679 -0.52627954 -19.048984 -0.019863098 0.99875559 -0.045746279 -3.219343 0.52595382 0.049350742 0.84908015 46.635771
0.84471043 -0.0092506684 -0.53514362 -19.661519 -0.018027585 0.99879154 -0.045721515 -3.2832748 0.53491993 0.048268788 0.84352286 47.567402
0.83994827 -0.005659641 -0.54263694 -20.257994 -0.019614405 0.99897559 -0.040780356 -3.3433393 0.54231191 0.044896891 0.83897681 48.460141
0.834231 -0.0040520326 -0.55140021 -20.834265 -0.018410223 0.99921083 -0.035196238 -3.3972593 0.55110773 0.039513194 0.83349806 49.314609
0.83015603 -0.002631422 -0.55752491 -21.476472 -0.02133014 0.99910686 -0.036476245 -3.4504526 0.55712299 0.042173059 0.82935845 50.204846
0.8261755 -0.006028872 -0.56338057 -22.048548 -0.020823164 0.99893283 -0.041226173 -3.5037546 0.56302794 0.04579142 0.82516829 51.073263
0.82329862 -0.0061541943 -0.56757509 -22.659478 -0.025844055 0.99849775 -0.04831488 -3.5797776 0.56701983 0.054446016 0.82190277 51.916712
0.81932803 -0.0077527725 -0.57327257 -23.282215 -0.025439453 0.99843213 -0.049860876 -3.6370289 0.57276036 0.055436155 0.81784621 52.805435
0.8166271 -0.001398014 -0.57716392 -23.917279 -0.030870324 0.99845987 -0.046096787 -3.709327 0.5763395 0.055461123 0.81532623 53.67843
0.8133085 -0.0043345467 -0.58181653 -24.547196 -0.023728028 0.99889326 -0.040610663 -3.7701948 0.58134869 0.046834357 0.81230553 54.535364
0.81037674 -0.0039319553 -0.58589594 -25.161949 -0.021918221 0.9990741 -0.037020788 -3.8262759 0.58549907 0.042842582 0.80954023 55.429001
0.80756182 -0.00019063953 -0.58978287 -25.803908 -0.027347232 0.99891226 -0.037768155 -3.885344 0.58914859 0.04662905 0.80667819 56.256434
0.80377663 -0.0015651568 -0.59492911 -26.481185 -0.02706938 0.99886467 -0.039199818 -3.9397533 0.59431507 0.04761226 0.80282171 57.107092
0.80090595 -0.0037495938 -0.59877839 -27.13119 -0.02656848 0.99877304 -0.041791497 -4.0026319 0.59820047 0.049379691 0.79982365 57.983767
0.7967135 -0.0052779729 -0.60433411 -27.776347 -0.025766312 0.998756 -0.042691243 -4.0626762 0.60380769 0.049584151 0.79558639 58.826026
0.79337072 -0.0068680553 -0.60870001 -28.469809 -0.023195978 0.99886906 -0.04150369 -4.1198214 0.6082967 0.047047205 0.79231415 59.694367
0.7871984 -0.0073671669 -0.6166558 -29.120177 -0.022760359 0.99890034 -0.040988801 -4.1776884 0.61627971 0.046301626 0.78616507 60.520516
0.78520803 -0.0093783721 -0.61916102 -29.793327 -0.020967283 0.99890928 -0.041720682 -4.2444716 0.61887702 0.045741539 0.78415495 61.433515
0.77914046 -0.0077587859 -0.62680134 -30.489955 -0.024272106 0.99880011 -0.042534776 -4.3044939 0.62637931 0.048354353 0.77801725 62.259465
0.77386418 -0.0081532343 -0.63329907 -31.178473 -0.024691513 0.9987686 -0.043030334 -4.3680244 0.63287012 0.048936747 0.77270993 63.000793
0.76710143 -0.0063660673 -0.64149422 -31.92494 -0.028639494 0.998614 -0.044157278 -4.4410942 0.64088627 0.052245182 0.7658559 63.860613
0.76159085 -0.011426404 -0.64795739 -32.615036 -0.023668534 0.99868707 -0.045430672 -4.4930143 0.64762582 0.049935787 0.76032049 64.689322
0.756214 -0.012720515 -0.65420069 -33.35862 -0.022921303 0.99868238 -0.045914295 -4.5610996 0.6539228 0.049716165 0.75492603 65.562672
0.75145457 -0.014183877 -0.65963233 -34.068506 -0.020501049 0.99878419 -0.044831395 -4.6254133 0.65946628 0.047211911 0.75025016 66.37119
0.74539619 -0.013735801 -0.66648017 -34.829731 -0.020456431 0.99884553 -0.043464291 -4.6930941 0.66630781 0.046031922 0.74425466 67.186255
0.73884812 -0.016115173 -0.67367924 -35.598998 -0.018236733 0.99886969 -0.043894973 -4.7578125 0.67362521 0.044717427 0.7377191 68.036702
0.73327803 -0.015937785 -0.67974206 -36.338772 -0.020379489 0.99876089 -0.04540232 -4.8257536 0.67962346 0.04714532 0.73204461 68.807167
0.72765768 -0.015780412 -0.68575888 -37.084889 -0.022534443 0.99864577 -0.046891701 -4.8952484 0.68557023 0.049574302 0.72631666 69.571351
0.72016856 -0.013976793 -0.69365831 -37.929513 -0.022478006 0.99880217 -0.043462324 -4.963735 0.69343495 0.046892255 0.71899175 70.446252
0.71533374 -0.01364397 -0.69864972 -38.671235 -0.023465059 0.99877649 -0.043530574 -5.0091731 0.69838891 0.047532746 0.71413837 71.160546
0.71006829 -0.016081901 -0.70394911 -39.506513 -0.022197191 0.99873103 -0.045206411 -5.0772986 0.70378289 0.047725332 0.70881026 72.020865
0.70603615 -0.019259242 -0.70791383 -40.321483 -0.021086998 0.99861514 -0.048199019 -5.1438175 0.7078618 0.048958028 0.70465227 72.799454
0.700651 -0.02004919 -0.71322238 -41.168607 -0.022957299 0.9984541 -0.050619904 -5.2269595 0.71313476 0.051840547 0.69910758 73.623341
0.6969144 -0.019983579 -0.71687582 -41.977248 -0.0247565 0.99834554 -0.051896961 -5.2992454 0.71672692 0.053915076 0.69526666 74.416105
0.69041245 -0.019505827 -0.72315291 -42.835856 -0.023956056 0.99847169 -0.049803539 -5.3716246 0.72301923 0.051708875 0.68889 75.198174
0.68757704 -0.021831519 -0.72578313 -43.653999 -0.019963168 0.9986017 -0.048950168 -5.4374345 0.72583699 0.048145943 0.68617978 75.962909
0.6813868 -0.022845224 -0.73156686 -44.574935 -0.019346 0.99860141 -0.049203132 -5.5147485 0.73166782 0.047679258 0.67999186 76.756377
0.67912808 -0.024671385 -0.73360502 -45.440654 -0.017537456 0.9986043 -0.049818537 -5.5861883 0.73381028 0.046698733 0.67774755 77.544327
0.67283671 -0.025602693 -0.73934783 -46.325865 -0.015549666 0.99869073 -0.048734244 -5.6532081 0.73962762 0.044286801 0.67155767 78.356837
0.66928123 -0.024693124 -0.74259871 -47.210924 -0.017774874 0.99862945 -0.049226681 -5.7367618 0.74279657 0.046146092 0.66792503 79.126835
0.66415151 -0.028036494 -0.74707207 -48.097258 -0.013746944 0.9986696 -0.049699685 -5.8049796 0.74747163 0.043278079 0.6628825 79.893597
0.66171212 -0.032461967 -0.7490549 -48.971053 -0.011112765 0.99852787 -0.053090406 -5.8900902 0.74967568 0.043454636 0.66037725 80.672069
0.65598759 -0.036115431 -0.7539071 -49.907066 -0.0082034394 0.9984544 -0.054968264 -5.9669662 0.75472713 0.04224313 0.65467742 81.453173
0.64987978 -0.041433166 -0.75890679 -50.795124 -0.00039526582 0.99849441 -0.054852137 -6.0413577 0.76003695 0.035947265 0.64888495 82.225629
0.64300439 -0.042889613 -0.76466057 -51.729684 0.0011504457 0.99848364 -0.055037275 -6.1358479 0.76586166 0.034509509 0.64207871 83.018575
0.63178033 -0.044261607 -0.77388272 -52.666869 0.0038788447 0.99853643 -0.053943896 -6.21822 0.7751378 0.031078922 0.63102737 83.78588
0.62504302 -0.044326163 -0.77933071 -53.612757 0.0068539242 0.99865957 -0.051303956 -6.2889599 0.78056024 0.026725706 0.624509 84.527902
0.61580181 -0.044388704 -0.78664968 -54.58652 0.0072167908 0.99868765 -0.050704066 -6.3714848 0.78786808 0.025546569 0.615314 85.26321
0.60622839 -0.045261957 -0.79400154 -55.559069 0.0050989334 0.99857986 -0.053030829 -6.4417917 0.79527429 0.028100233 0.60559825 85.968017
0.59606295 -0.046318271 -0.8016006 -56.568473 0.0041935861 0.99850074 -0.054577287 -6.537855 0.80292679 0.029169918 0.59536354 86.696735
0.58545228 -0.046927084 -0.80934753 -57.517368 0.0026675033 0.99842941 -0.055960737 -6.607172 0.81070251 0.030603404 0.58465795 87.405362
0.57643258 -0.048483652 -0.81570507 -58.55807 0.0069472732 0.99849294 -0.054438732 -6.6973982 0.81711521 0.025713333 0.57590069 88.188772
0.56577716 -0.050897104 -0.8229858 -59.535771 0.012175214 0.99849996 -0.053381599 -6.7742076 0.82446833 0.020182061 0.56554816 88.85353
0.55757376 -0.049732558 -0.8286363 -60.595937 0.0096294338 0.99852413 -0.053449311 -6.8647951 0.83007159 0.021822635 0.55722975 89.493632
0.54671578 -0.051063945 -0.8357597 -61.628677 0.0089361 0.99843766 -0.05515779 -6.9470338 0.8372706 0.022687202 0.54631794 90.168514
0.53743487 -0.050388416 -0.8417985 -62.706907 0.0059119911 0.9984139 -0.055988677 -7.031452 0.84328457 0.025113562 0.53688034 90.837179
0.52890807 -0.052190719 -0.8470728 -63.769677 0.006048974 0.99831378 -0.057732184 -7.1212295 0.8486576 0.025411096 0.52833191 91.481113
0.51600428 -0.053290836 -0.85492667 -64.837008 0.0068124285 0.99828664 -0.058115262 -7.2044915 0.85655895 0.024163597 0.51548322 92.123493
0.50733751 -0.049805151 -0.86030694 -65.925617 0.003851369 0.99844952 -0.055531325 -7.2934121 0.86173887 0.024859764 0.50674271 92.738485
0.49615159 -0.048522565 -0.86687894 -66.999627 0.0052398369 0.99858629 -0.052895754 -7.3773184 0.86822014 0.021702008 0.49570443 93.314639
0.49217282 -0.050134576 -0.86905257 -68.160417 0.0075017552 0.99854735 -0.053356481 -7.4697764 0.87046522 0.01974119 0.49183396 93.990936
0.48637642 -0.052100398 -0.87219462 -69.26645 0.0076312053 0.99843586 -0.05538588 -7.5581882 0.87371609 0.02028249 0.48601325 94.650012
0.47858348 -0.054815637 -0.8763293 -70.373454 0.0088364235 0.99829952 -0.057619274 -7.6427462 0.87799763 0.019832016 0.47825403 95.203044
0.47240855 -0.05750419 -0.87950177 -71.485726 0.0096554321 0.99814715 -0.060075302 -7.7391366 0.88132684 0.019888116 0.47208848 95.873911
0.46790622 -0.062185503 -0.88158758 -72.607886 0.013291097 0.99790376 -0.063335919 -7.8294676 0.88367821 0.017918004 0.46775189 96.361086
0.46207469 -0.062281062 -0.88465133 -73.740948 0.013349525 0.99790642 -0.063281648 -7.9353295 0.88674057 0.017431173 0.46193873 96.972954
0.45845829 -0.061827292 -0.88656264 -74.893914 0.01875613 0.99802806 -0.059901542 -8.0330554 0.88851802 0.010833874 0.45871388 97.550216
0.45305968 -0.05908525 -0.88951998 -75.987915 0.021393229 0.99823446 -0.055410249 -8.1284102 0.8912235 0.0060744446 0.45352381 98.165354
0.45080489 -0.057908882 -0.89074208 -77.090487 0.02166791 0.99830928 -0.053935899 -8.2200943 0.89235952 0.0050140473 0.45129747 98.765489
0.44107276 -0.057485534 -0.89562836 -78.222707 0.022581808 0.99834142 -0.052957199 -8.3150524 0.89718724 0.0031330697 0.44163934 99.34024
0.44375653 -0.056334954 -0.89437489 -79.335818 0.023801238 0.99841097 -0.051078672 -8.4050234 0.89583129 0.0013792644 0.44439224 99.817348
0.44157638 -0.056194028 -0.89546215 -80.400587 0.026403287 0.99841838 -0.049634797 -8.4797672 0.89683512 -0.0017255907 0.44236168 100.36859
0.43856018 -0.056051273 -0.89695215 -81.57588 0.027397801 0.99842312 -0.048996262 -8.5690978 0.89828414 -0.0030867074 0.43940431 100.91063
0.43640325 -0.055425475 -0.8980424 -82.652914 0.027823464 0.99845484 -0.048101942 -8.6520888 0.89932092 -0.003994807 0.43727107 101.44451
0.43586787 -0.056601164 -0.89822906 -83.716583 0.033934402 0.99834438 -0.046443097 -8.7312496 0.89937074 -0.010237813 0.43706697 101.98115
0.43276008 -0.055497366 -0.89979925 -84.81564 0.036090895 0.99836974 -0.044218967 -8.8095344 0.90078645 -0.013338357 0.43405752 102.48048
0.43093616 -0.05626556 -0.90062653 -85.94304 0.03671933 0.99832095 -0.044799258 -8.898735 0.90163506 -0.013764783 0.43227863 103.02441
0.43106904 -0.058080531 -0.9004477 -86.923166 0.039109672 0.99819106 -0.045662284 -8.9701504 0.90147101 -0.015532619 0.43256077 103.46675
0.43086052 -0.058954075 -0.90049073 -87.991834 0.038850025 0.99815042 -0.046759052 -9.0524831 0.90158192 -0.014837459 0.43235398 103.97354
0.43072 -0.060611034 -0.90044795 -88.990168 0.03950153 0.99805216 -0.048285828 -9.13519 0.90162075 -0.014771401 0.43227526 104.44843
0.43266388 -0.058571793 -0.89965063 -90.039499 0.033852667 0.99823912 -0.048709831 -9.2131549 0.90091955 -0.0093805891 0.43388482 104.92737
0.43701251 -0.06016169 -0.89744112 -91.079449 0.035325685 0.99813877 -0.049710168 -9.2935645 0.8987615 -0.0099787578 0.43832439 105.42149
0.44087734 -0.05810081 -0.89568488 -92.031774 0.029823088 0.99829997 -0.050077561 -9.364044 0.8970718 -0.0046340276 0.44186058 105.93078
0.44793439 -0.059885641 -0.89205853 -93.089137 0.031519541 0.99819175 -0.051183487 -9.4469971 0.8935107 -0.0051904323 0.44901198 106.40648
0.45369777 -0.058940547 -0.88920429 -94.085724 0.031350349 0.9982484 -0.050172636 -9.5251549 0.89060404 -0.0051136524 0.45475088 106.89604
0.46376011 -0.057234141 -0.88411014 -95.041574 0.029353412 0.99835591 -0.049232669 -9.5944938 0.88547445 -0.0031195025 0.46467766 107.3994
0.4714971 -0.056816861 -0.88003538 -96.054733 0.028817839 0.99838208 -0.049017812 -9.6729908 0.88139667 -0.0022489626 0.4723716 107.91944
0.48047495 -0.057353604 -0.87513103 -97.020851 0.029993822 0.99835021 -0.048961472 -9.7535066 0.87649544 -0.0027237644 0.48140252 108.48408
0.49122012 -0.057913757 -0.86910801 -97.988203 0.028328168 0.99832157 -0.050512925 -9.8270543 0.87057474 0.00019272636 0.49203623 109.02772
0.50145528 -0.05854504 -0.86320045 -98.926563 0.025412926 0.99827411 -0.052943152 -9.903658 0.8648103 0.0046121732 0.50207763 109.56028
0.51250138 -0.058356502 -0.85670111 -99.857468 0.022332916 0.9982564 -0.054638778 -9.975569 0.85839597 0.008869815 0.51291106 110.12551
0.52512558 -0.056181172 -0.84916826 -100.76319 0.01891658 0.99834261 -0.054352571 -10.060691 0.85081452 0.012478565 0.525318 110.67781
0.53699031 -0.054113415 -0.84185099 -101.69802 0.018420239 0.9984547 -0.052430068 -10.133095 0.84338731 0.012647342 0.53715728 111.2583
0.5500297 -0.052932342 -0.83346592 -102.63284 0.019299545 0.99852851 -0.050678893 -10.209001 0.8349221 0.011789383 0.5502419 111.83745
0.561565 -0.051904821 -0.82580299 -103.50607 0.019213335 0.99857942 -0.04969896 -10.28454 0.82720956 0.012042766 0.56176452 112.45001
0.57266269 -0.053007447 -0.81807554 -104.38832 0.020275806 0.99851792 -0.050505957 -10.356951 0.81954035 0.012335736 0.57288873 113.02924
0.58407794 -0.053423441 -0.80993755 -105.21059 0.020069825 0.99847716 -0.051386362 -10.431623 0.81144945 0.013758335 0.58426069 113.65207
0.59485067 -0.055754077 -0.80190031 -106.04054 0.022959272 0.99836314 -0.052382418 -10.502188 0.80350831 0.012748669 0.59515706 114.2624
0.60405229 -0.054724849 -0.7950635 -106.94172 0.022041554 0.99840512 -0.051974866 -10.586657 0.79663985 0.013871101 0.60429512 114.9066
0.61527185 -0.052862323 -0.78654057 -107.70983 0.021641427 0.99850573 -0.050179194 -10.648622 0.78801793 0.013851985 0.61549648 115.51731
0.62483265 -0.052280759 -0.77900631 -108.50941 0.024744425 0.99858036 -0.047169599 -10.724412 0.78036653 0.010197042 0.62523927 116.13926
0.6354888 -0.050421398 -0.77046195 -109.29577 0.023056455 0.99865969 -0.046338044 -10.793523 0.77176579 0.011683187 0.63579959 116.79971
0.64632263 -0.048962592 -0.76149174 -110.09264 0.019975778 0.99868291 -0.047258959 -10.865455 0.76280277 0.015333145 0.64644944 117.46374
0.65411053 -0.048497261 -0.75484262 -110.79547 0.018394322 0.99866721 -0.048222907 -10.930792 0.75617532 0.017658293 0.65413082 118.10177
0.66317677 -0.047296093 -0.74696693 -111.54001 0.016777428 0.99869006 -0.048339139 -10.993605 0.74827477 0.01952521 0.66310156 118.74525
0.67253294 -0.045280575 -0.73868063 -112.28227 0.016365647 0.99879235 -0.046325102 -11.055435 0.73988625 0.019066171 0.6724618 119.38671
0.68114922 -0.044808438 -0.73077212 -112.97508 0.018129047 0.99885163 -0.044348155 -11.122668 0.73192016 0.016959509 0.68117935 120.06411
0.68830461 -0.045318651 -0.72400479 -113.67437 0.020112375 0.99885522 -0.043402103 -11.188535 0.72514295 0.015312412 0.68842812 120.72319
0.69685379 -0.043184867 -0.71591187 -114.38805 0.017499615 0.99891221 -0.043222106 -11.249504 0.71699972 0.017591306 0.69685149 121.39626
0.70347689 -0.040818149 -0.70954499 -115.02004 0.015095491 0.99898232 -0.042502281 -11.306353 0.71055783 0.019188442 0.70337715 122.04382
0.71174943 -0.03900254 -0.70134977 -115.71368 0.015080158 0.99907561 -0.040255511 -11.368029 0.70227158 0.018075372 0.71167967 122.70715
0.71845689 -0.035217265 -0.69467935 -116.3558 0.012282898 0.99920407 -0.037952045 -11.415085 0.69546306 0.018734233 0.71831762 123.37825
0.72571891 -0.034787109 -0.68711126 -116.99271 0.01334632 0.99924476 -0.036493596 -11.471693 0.68786189 0.017313686 0.7256351 124.0329
0.73259531 -0.033758191 -0.67982678 -117.61629 0.01288672 0.99927824 -0.035734214 -11.530174 0.68054249 0.01741798 0.73250159 124.68919
0.7417056 -0.031135642 -0.67000249 -118.22402 0.010629589 0.99934217 -0.034673207 -11.577161 0.67064137 0.018595461 0.74154865 125.35819
0.74983529 -0.028314744 -0.66101836 -118.82373 0.0092523188 0.9994349 -0.032315333 -11.632247 0.66155987 0.018115224 0.74967354 126.01354
0.75926802 -0.0250445 -0.65029594 -119.42579 0.0078971117 0.99954022 -0.029274303 -11.669552 0.65073017 0.017091582 0.7591167 126.68817
0.7700496 -0.021316481 -0.63762778 -120.0003 0.0048915483 0.99960955 -0.027510444 -11.718175 0.63796529 0.018065419 0.76985321 127.36925
0.77996464 -0.021660521 -0.6254486 -120.51148 0.0046500233 0.99957385 -0.028818415 -11.758365 0.62580633 0.019568994 0.77973298 128.01569
0.78964391 -0.021971159 -0.61317186 -121.02792 0.0042765121 0.99953146 -0.030307885 -11.803192 0.61355052 0.0213102 0.78936789 128.68293
0.79957396 -0.021163398 -0.60019461 -121.54316 0.0040349192 0.99954566 -0.029869589 -11.846484 0.60055411 0.021461208 0.79929607 129.36218
0.8100623 -0.020091362 -0.58599947 -122.04079 0.0041105547 0.9995828 -0.028589061 -11.883948 0.58632943 0.020750137 0.80980693 130.04266
0.81907082 -0.017686109 -0.57341971 -122.5161 0.0032176193 0.99965059 -0.026236405 -11.920627 0.57368342 0.019644427 0.81884154 130.73357
0.82832597 -0.016745398 -0.55999612 -122.97203 0.0041507994 0.99970921 -0.023754297 -11.95853 0.5602311 0.01735187 0.82815461 131.43429
0.83664328 -0.015316489 -0.54753393 -123.42538 0.0045426794 0.99976861 -0.021025808 -11.990575 0.54772932 0.01510383 0.83651927 132.12896
0.84521646 -0.01468429 -0.53422232 -123.89655 0.0055038719 0.9998086 -0.018774049 -12.02136 0.5343958 0.012927844 0.84513551 132.86658
0.8524411 -0.015121038 -0.52260454 -124.31998 0.0069770597 0.99982167 -0.017548277 -12.052844 0.52277674 0.011312629 0.85239458 133.58136
0.8586531 -0.015203972 -0.51233161 -124.77466 0.0074640691 0.99982487 -0.017161275 -12.082723 0.51250285 0.010911503 0.85861621 134.30928
0.86537304 -0.013925691 -0.50093469 -125.19882 0.0062321548 0.99983558 -0.017028693 -12.110801 0.5010895 0.011614269 0.86531754 135.0405
0.8721394 -0.012364846 -0.48910117 -125.60991 0.0050468427 0.99985477 -0.016277819 -12.142174 0.48923145 0.011728111 0.87207515 135.78194
0.87819962 -0.011588716 -0.47815386 -126.01874 0.0046652149 0.99986642 -0.015664787 -12.164168 0.47827156 0.011526119 0.87813637 136.51955
0.88351688 -0.011801078 -0.46825062 -126.41711 0.0048802736 0.99986023 -0.015990635 -12.194199 0.46837392 0.011842804 0.88345098 137.27072
0.88855046 -0.012877987 -0.45859809 -126.79507 0.005676168 0.99983803 -0.017078875 -12.223443 0.4587438 0.012572363 0.88847965 138.04602
0.89322313 -0.0129571 -0.4494269 -127.20771 0.0061367856 0.99984289 -0.016629058 -12.252397 0.44957179 0.012095423 0.89316232 138.79416
0.895896 -0.012552666 -0.44408645 -127.59186 0.0057113142 0.99984357 -0.016739891 -12.281969 0.44422715 0.012460884 0.89582754 139.59216
0.8991218 -0.010989339 -0.43756052 -128.0092 0.0058004282 0.99989614 -0.01319339 -12.304727 0.4376601 0.0093244261 0.89909216 140.39121
0.90212537 -0.0074309089 -0.43141 -128.37306 0.0036145087 0.99994676 -0.0096654539 -12.327089 0.43145889 0.0071601158 0.90210419 141.17952
0.90529071 -0.0043375862 -0.42477042 -128.75386 0.0018052776 0.99997812 -0.0063638857 -12.346569 0.42478876 0.0049943378 0.90527873 142.00055
0.90831904 -0.0020900696 -0.4182728 -129.14212 0.00010760937 0.99998865 -0.0047631648 -12.364806 0.41827804 0.004281463 0.90830896 142.85385
0.91151649 -0.00040377567 -0.41126331 -129.53883 -0.00066746191 0.99999675 -0.0024611408 -12.375264 0.411263 0.0025178728 0.91151326 143.67483
0.91479266 0.00103858 -0.40392239 -129.93052 -0.00095664744 0.99999946 0.00040464549 -12.390528 0.40392262 1.624427e-05 0.91479316 144.53165
0.91826277 0.0013158355 -0.39596937 -130.31213 -0.00051138512 0.99999759 0.002137151 -12.409282 0.39597126 -0.0017599737 0.91826123 145.4018
0.92082998 0.00062411616 -0.38996378 -130.67223 0.00067040922 0.99999471 0.0031834895 -12.417933 0.38996373 -0.0031928883 0.92082469 146.29187
0.92473044 -2.9361224e-05 -0.38062264 -131.05672 0.0014188894 0.99999331 0.0033700807 -12.421023 0.38062003 -0.0036564781 0.9247243 147.19124
0.92881874 -0.0021207423 -0.37052831 -131.42245 0.0034376753 0.9999899 0.0028938571 -12.440116 0.37051846 -0.0039616251 0.92881666 148.10179
0.93198619 -0.0040031606 -0.36247166 -131.78022 0.0048691523 0.99998706 0.0014756285 -12.446334 0.3624611 -0.0031401954 0.93199362 149.02497
0.93657934 -0.0047979291 -0.35042277 -132.14479 0.0049091528 0.99998779 -0.00057091001 -12.466195 0.35042126 -0.0011855767 0.93659145 149.94929
0.94170409 -0.0028776387 -0.33642997 -132.51333 0.0027305497 0.99999586 -0.00091031487 -12.472456 0.33643122 -6.1391775e-05 0.94170804 150.94884
0.94729501 0.00029997642 -0.3203624 -132.85157 -0.00047007183 0.99999979 -0.00045361245 -12.490007 0.32036222 0.0005802979 0.94729495 151.9376
0.95339235 0.0042489272 -0.30170345 -133.14903 -0.0036059039 0.99998989 0.0026882133 -12.495505 0.30171185 -0.0014750086 0.95339802 152.93404
0.95961691 0.0069505521 -0.28122424 -133.47428 -0.0059281375 0.99997237 0.0044861684 -12.506965 0.28124768 -0.0026378674 0.95963159 153.94293
0.96535067 0.0087024373 -0.26081094 -133.75747 -0.0076572376 0.99995807 0.0050233834 -12.521718 0.26084374 -0.0028522355 0.96537683 155.01023
0.97084546 0.01007887 -0.23949428 -134.01535 -0.0088320285 0.99994128 0.0062788303 -12.52857 0.23954353 -0.0039805538 0.97087747 156.03754
0.97586301 0.010767092 -0.21811797 -134.26755 -0.009039639 0.99991939 0.0089161607 -12.543762 0.21819641 -0.006729244 0.97588168 157.10072
0.98060889 0.013029321 -0.19554139 -134.49076 -0.010866092 0.99986737 0.012131483 -12.541044 0.19567353 -0.0097714698 0.98062041 158.20154
0.98498757 0.014713967 -0.17199705 -134.70573 -0.012069571 0.99979249 0.016410379 -12.545613 0.17220283 -0.014088089 0.98496077 159.31394
0.98876281 0.01615415 -0.14861747 -134.89683 -0.013395657 0.99971927 0.019543389 -12.534448 0.14889147 -0.017332948 0.98870162 160.43432
0.99172557 0.017634453 -0.12715903 -135.05293 -0.015244516 0.99968885 0.019743706 -12.52736 0.12746764 -0.017641861 0.99168582 161.56111
0.99435956 0.01791946 -0.10453688 -135.18268 -0.016160217 0.99971359 0.017651784 -12.527047 0.10482325 -0.015862882 0.99436435 162.71192
0.99639658 0.017860048 -0.082914892 -135.29386 -0.016545363 0.9997267 0.016516024 -12.521065 0.083187215 -0.015084653 0.99641976 163.88662
0.99781388 0.016439204 -0.064009411 -135.38312 -0.015284335 0.99971221 0.018490285 -12.521621 0.064294961 -0.017471522 0.99777798 165.04238
0.99894515 0.016723281 -0.042765948 -135.42908 -0.015884357 0.99967615 0.019881824 -12.510645 0.043084591 -0.019181543 0.99888727 166.23454
0.9996003 0.017255582 -0.022393832 -135.47031 -0.016784919 0.99963777 0.021038045 -12.508211 0.022748746 -0.020653757 0.99952785 167.46884
0.99982227 0.018724183 -0.0021998713 -135.48028 -0.018672714 0.9995953 0.021461 -12.496734 0.0026008209 -0.021416108 0.99976727 168.658
0.99960211 0.019289102 0.020580424 -135.46699 -0.019738163 0.99956652 0.021844393 -12.487044 -0.020150146 -0.022241922 0.99954953 169.92161
0.99893108 0.021305673 0.041021623 -135.43688 -0.022208932 0.99951802 0.021690676 -12.479264 -0.040539721 -0.022578537 0.99892279 171.14668
0.99789376 0.022296115 0.060917407 -135.39199 -0.023593932 0.99950794 0.020668841 -12.461684 -0.060426602 -0.022062589 0.99792879 172.3667
0.99660569 0.022239729 0.079262129 -135.31031 -0.0237606 0.99955023 0.018296519 -12.464467 -0.078819577 -0.020117731 0.99668588 173.68126
0.9948965 0.024429677 0.097898683 -135.19365 -0.02606992 0.99953979 0.015510281 -12.456845 -0.097474726 -0.017983336 0.99507551 174.87527
0.99281016 0.024666739 0.11713041 -135.06121 -0.026443853 0.99955721 0.013642119 -12.453737 -0.11674205 -0.016641414 0.99302284 176.16657
0.99023692 0.024983422 0.13713739 -134.8914 -0.026694812 0.99958685 0.010654181 -12.459116 -0.13681457 -0.01421102 0.99049474 177.49817
0.98741232 0.026373318 0.15595306 -134.6913 -0.027478514 0.99961021 0.0049347129 -12.461033 -0.15576214 -0.0091579547 0.98775214 178.81164
0.98448008 0.02751593 0.17332586 -134.49472 -0.027761753 0.99961406 -0.001006309 -12.487344 -0.17328667 -0.0038211384 0.98486402 180.06816
0.98129343 0.030298098 0.190119 -134.22502 -0.029629126 0.99954072 -0.0063608491 -12.499779 -0.19022442 0.00060879966 0.98174044 181.38954
0.97748906 0.032524547 0.20846412 -133.9733 -0.030984826 0.99946313 -0.010648159 -12.537856 -0.20869855 0.0039492348 0.97797205 182.69773
0.97334054 0.034634881 0.22673467 -133.68651 -0.032375342 0.99938219 -0.01367789 -12.565812 -0.22706834 0.0059726328 0.97386051 184.05095
0.96930112 0.03421446 0.24348451 -133.37285 -0.031813608 0.99939873 -0.013787011 -12.601537 -0.24380984 0.0056176448 0.96980679 185.36745
0.96481981 0.033344048 0.26078899 -133.00527 -0.030829636 0.99943038 -0.01372762 -12.642164 -0.2610982 0.0052046502 0.96529822 186.6641
0.96013014 0.032807085 0.27762169 -132.64748 -0.028680746 0.9994097 -0.018912325 -12.694108 -0.27807829 0.010195896 0.9605043 188.00955
0.95556875 0.034067717 0.292793 -132.24808 -0.028317076 0.99931424 -0.023857959 -12.742099 -0.29340503 0.014506879 0.95587816 189.40312
0.94982906 0.036375223 0.31064707 -131.83205 -0.030348659 0.99924606 -0.024213207 -12.779029 -0.31129364 0.013570687 0.95021688 190.71554
0.94427762 0.038088303 0.32693891 -131.39569 -0.032011992 0.99920053 -0.023948349 -12.842366 -0.32758971 0.012147924 0.94474198 192.03922
0.93805689 0.042481737 0.34386708 -130.93229 -0.035037547 0.99899825 -0.027836253 -12.889298 -0.34470517 0.014063731 0.93860565 193.38754
0.93113091 0.043079184 0.36213175 -130.44509 -0.03426585 0.99894026 -0.030727881 -12.949077 -0.36307175 0.016202927 0.9316203 194.72564
0.92397485 0.044043955 0.37990867 -129.89211 -0.033701514 0.99885904 -0.033835376 -13.011762 -0.38096549 0.01845954 0.92440497 196.05324
0.91725708 0.043954922 0.39586285 -129.35936 -0.031578759 0.99878889 -0.037729857 -13.082327 -0.39704186 0.022107122 0.91753422 197.35385
0.908034 0.047558753 0.41618795 -128.73911 -0.031755434 0.99849041 -0.044816161 -13.177479 -0.41769112 0.027478369 0.90817349 198.69894
0.89853942 0.051324988 0.43588145 -128.14606 -0.033392506 0.99825471 -0.048708037 -13.265971 -0.43762069 0.029210918 0.89868508 200.05028
0.88658771 0.054162107 0.45937859 -127.51432 -0.034959879 0.9981266 -0.050210529 -13.346684 -0.46123753 0.028456219 0.88682027 201.38855
0.87407157 0.058305138 0.48228558 -126.83572 -0.037854678 0.99792745 -0.052036805 -13.444045 -0.48432008 0.027227127 0.87446713 202.64261
0.85951393 0.062347323 0.50729537 -126.14207 -0.039723638 0.99767861 -0.055312099 -13.536269 -0.50956634 0.027389903 0.85999532 203.94613
0.84435642 0.066196638 0.53167679 -125.3641 -0.041303576 0.99742725 -0.058590846 -13.647898 -0.53418748 0.027511405 0.84491827 205.20482
0.82895836 0.067983787 0.55516323 -124.54877 -0.040875258 0.99729484 -0.061091933 -13.759784 -0.55781473 0.02795023 0.82949475 206.48682
0.81319791 0.069089915 0.57787171 -123.69865 -0.039750383 0.99720342 -0.063287009 -13.876521 -0.58062819 0.028494243 0.81367009 207.70735
0.79766252 0.071312504 0.59887311 -122.8417 -0.038002637 0.9969546 -0.068097981 -13.999586 -0.60190559 0.031560451 0.79794337 208.92744
0.78075183 0.073804227 0.62046715 -121.93294 -0.036087695 0.99666834 -0.07314296 -14.12579 -0.62379828 0.034715271 0.78081405 210.10114
0.76538783 0.075420905 0.63913466 -121.01413 -0.034053868 0.99646428 -0.076806697 -14.258485 -0.64266775 0.037021905 0.76525001 211.23889
0.74816936 0.077101944 0.65901279 -120.00306 -0.032435984 0.99628802 -0.079737654 -14.399335 -0.66271453 0.038281542 0.74789304 212.38018
0.73110202 0.077923396 0.67780361 -119.00068 -0.030438216 0.99619246 -0.081695137 -14.547092 -0.68158887 0.039096348 0.73069017 213.56085
0.71440516 0.078298844 0.69533771 -117.96193 -0.028191383 0.99613356 -0.083205666 -14.694017 -0.69916419 0.039840026 0.7138503 214.62825
0.69986221 0.078887026 0.70990822 -116.90601 -0.025362937 0.99600031 -0.085674372 -14.842353 -0.71382746 0.0419549 0.69906379 215.71134
0.68622347 0.080202684 0.72295563 -115.81249 -0.022036038 0.9957387 -0.089548055 -15.002279 -0.72705695 0.045518901 0.68506661 216.79329
0.67091266 0.082386103 0.73694552 -114.69091 -0.020527815 0.99549162 -0.092601558 -15.162347 -0.74125223 0.046999678 0.66957913 217.84277
0.65597932 0.085103015 0.74996571 -113.58598 -0.019138889 0.99517912 -0.096188435 -15.323385 -0.75453621 0.048744115 0.6544457 218.83638
0.64073664 0.085316052 0.76300569 -112.40236 -0.017548932 0.99517445 -0.096539399 -15.501999 -0.76756019 0.048466397 0.63914194 219.85206
0.62284625 0.087004035 0.77749135 -111.24035 -0.018251636 0.99514246 -0.096738627 -15.671535 -0.78213137 0.046062804 0.62140872 220.82675
0.60594808 0.087875518 0.79063567 -110.06221 -0.019822642 0.99523932 -0.095424076 -15.848577 -0.79525722 0.042149549 0.60480528 221.79216
0.58723348 0.088512707 0.80456342 -108.81872 -0.02197574 0.99537997 -0.093465453 -16.016485 -0.80911925 0.037205168 0.58646557 222.70243
0.56995475 0.08977448 0.81675704 -107.64803 -0.023813691 0.99540066 -0.092792405 -16.184421 -0.82133096 0.033437473 0.5694712 223.58142
0.55120469 0.093714174 0.82909046 -106.40874 -0.025781714 0.9951109 -0.095339408 -16.368642 -0.83397168 0.031176157 0.5509259 224.44077
0.53388177 0.097227372 0.83995061 -105.17248 -0.027708795 0.99484531 -0.09754499 -16.539294 -0.84510505 0.028803474 0.53382383 225.22283
0.51369501 0.0973911 0.85242733 -103.937 -0.027953547 0.99490887 -0.096824289 -16.71608 -0.8575174 0.025909788 0.51380215 226.03155
0.49313379 0.095866537 0.86465519 -102.71542 -0.027737285 0.99513704 -0.094514146 -16.883618 -0.86951122 0.022624933 0.49339478 226.75602
0.47230268 0.093759696 0.87643552 -101.45216 -0.028098881 0.99542266 -0.091346534 -17.045375 -0.88098848 0.018516357 0.47277533 227.4539
0.45057014 0.092978296 0.88788598 -100.17578 -0.028355393 0.99555037 -0.089863433 -17.215053 -0.89229064 0.015313425 0.45120171 228.13702
0.4283692 0.091501805 0.89895894 -98.921403 -0.026579724 0.99570515 -0.088683563 -17.376577 -0.90321283 0.014095227 0.42896151 228.78242
