1 0 0 0 0 1 0 0 0 0 1 0
0.99988106 0.00091612018 0.015395411 -0.016287233 -0.00090868904 0.99999947 -0.00048967769 -0.0057702142 -0.015395853 0.00047562982 0.99988136 0.087165147
0.99936948 0.0029496034 0.03538289 0.0056445831 -0.0029330256 0.99999556 -0.00052042671 -0.0038556282 -0.035384271 0.00041631968 0.99937369 0.25673895
0.99801452 0.0048207565 0.062799492 0.060913734 -0.004849879 0.99998819 0.00031130552 6.0282532e-05 -0.062797255 -0.00061525733 0.99802612 0.38402096
0.99536451 0.0046857452 0.096060053 0.11185476 -0.0049849634 0.99998344 0.002875156 0.00013258043 -0.096044998 -0.0033406841 0.99537139 0.53779794
0.99091557 0.001553933 0.13447649 0.16913479 -0.0022210572 0.99998596 0.0048110175 -0.00046737748 -0.13446714 -0.0050659921 0.9909051 0.78388914
0.98474856 -0.0018832146 0.17397332 0.21539893 0.00094426072 0.99998454 0.0054797259 -0.010722342 -0.17398096 -0.005231876 0.98473512 0.94934888
0.97608815 -0.0024160428 0.21736162 0.30988961 0.00090187068 0.99997464 0.0070650754 -0.0067953566 -0.2173732 -0.0067001043 0.97606557 1.1751921
0.96434138 -0.0018866854 0.26465475 0.40456438 -0.00070430708 0.99995276 0.0096948521 0.0045483289 -0.26466056 -0.0095355453 0.96429449 1.3647949
0.94991068 -0.0059686068 0.31246451 0.54491426 0.00082844137 0.99986219 0.016580567 0.0042639689 -0.31252044 -0.015491199 0.94978471 1.6105776
0.93302182 -0.015680907 0.35947792 0.6524737 0.0073239746 0.9996706 0.024597655 -0.0019471546 -0.35974525 -0.020317342 0.93282933 1.8357349
0.91171041 -0.021553521 0.41026767 0.84899707 0.01041635 0.99951456 0.029362207 -0.0009810098 -0.4107014 -0.022496339 0.91149234 2.0464282
0.88667747 -0.023294751 0.46180126 1.0220901 0.0087725637 0.99939789 0.033569182 0.0033850272 -0.46230523 -0.025713856 0.88634795 2.2955882
0.85884674 -0.025108205 0.51161688 1.216523 0.0067032278 0.99926332 0.037787383 0.021449881 -0.51218879 -0.029024086 0.85838235 2.5185595
0.8259713 -0.030244541 0.56290021 1.4394193 0.007486115 0.99906012 0.042694598 0.020377174 -0.56366248 -0.031050577 0.82542141 2.7202581
0.79092396 -0.036567711 0.61082081 1.6457489 0.010444573 0.99887414 0.046274909 0.028412498 -0.61182533 -0.030220171 0.79041542 2.9428894
0.75285115 -0.040810815 0.65692434 1.9110574 0.011414833 0.99873532 0.04896383 0.036448515 -0.65809185 -0.029363794 0.75236488 3.1467006
0.71167146 -0.043863741 0.70114169 2.2285586 0.011940569 0.99865991 0.050356723 0.047163457 -0.70241099 -0.027465411 0.71124152 3.3748726
0.67191986 -0.045914732 0.73919922 2.5105173 0.011849034 0.99861517 0.051257557 0.060640596 -0.7405291 -0.025682174 0.67153341 3.5913444
0.62914894 -0.04626992 0.77590635 2.8440775 0.0071371579 0.99852846 0.053758416 0.084263533 -0.77725203 -0.028284284 0.62855336 3.7826947
0.58643018 -0.046926508 0.80863929 3.1986712 0.0041921603 0.99848288 0.054903225 0.098030075 -0.80998897 -0.028806962 0.58573721 4.0084233
0.5463645 -0.048032622 0.83616903 3.5871275 0.0023665934 0.99843874 0.055807625 0.12122493 -0.83754421 -0.028512433 0.54562515 4.2055874
0.5069795 -0.050674861 0.86046719 4.0081813 0.001081222 0.99830695 0.05815551 0.13382061 -0.86195747 -0.028553295 0.50617595 4.4207529
0.47006764 -0.050428686 0.88118857 4.4268015 -0.0017380268 0.99831167 0.058058555 0.16246279 -0.88262872 -0.028822977 0.46918636 4.615699
0.43351662 -0.049889816 0.89976346 4.875914 -0.0023210675 0.99840118 0.056477369 0.18593068 -0.90114262 -0.026572289 0.43270771 4.8021233
0.3997982 -0.048720793 0.91530739 5.3673395 -0.0015800221 0.99854823 0.053841749 0.20378427 -0.91660186 -0.02297204 0.3991408 4.9987561
0.37054076 -0.047010527 0.92762572 5.9007622 0.00065650653 0.99873133 0.050351798 0.22431112 -0.92881601 -0.018048401 0.37010153 5.1745254
0.34541474 -0.045136534 0.93736401 6.4079991 0.0015439002 0.99886865 0.047529223 0.24512044 -0.93844891 -0.014970097 0.34509364 5.3513455
0.32311262 -0.044469698 0.94531508 6.9693358 0.0023963017 0.99893059 0.046172823 0.2721269 -0.94635753 -0.012653761 0.32287365 5.542824
0.30867677 -0.04490395 0.95010642 7.5782914 0.0034405106 0.99893119 0.046093732 0.29961917 -0.95116081 -0.010959213 0.30850134 5.7074726
0.29907541 -0.046649484 0.95308848 8.189526 0.0051721913 0.99886889 0.04726722 0.31857872 -0.9542155 -0.0092069067 0.2989784 5.9118228
0.28762172 -0.048247369 0.95652802 8.8419097 0.0034850613 0.99877643 0.049330448 0.34441332 -0.95773779 -0.010854949 0.28743794 6.0914355
0.27592295 -0.050102941 0.95987298 9.4723437 0.0021570952 0.99867025 0.051507986 0.36560925 -0.96117738 -0.012141697 0.27566411 6.2902469
0.26595992 -0.051598758 0.9626021 10.160699 0.00072956049 0.99857691 0.053325558 0.39660851 -0.96398385 -0.013480184 0.26561908 6.4478614
0.25657523 -0.053720514 0.96503014 10.884053 0.00023923433 0.99845767 0.055517724 0.42600336 -0.96652428 -0.014013604 0.25619235 6.677789
0.24599428 -0.055273265 0.96769396 11.61116 0.00020600735 0.99837568 0.056973391 0.45889495 -0.9692713 -0.013815776 0.24560609 6.858189
0.23487098 -0.056964377 0.97035592 12.387337 -0.00043490356 0.99827507 0.058708626 0.49278394 -0.9720265 -0.014210963 0.23444106 7.0492113
0.22534177 -0.059674265 0.97245051 13.122964 -0.001528399 0.9980996 0.061602386 0.52591079 -0.97427862 -0.015367882 0.22482232 7.2073075
0.21323243 -0.063284671 0.97494969 13.905534 -0.0033426606 0.99784684 0.065502018 0.57218048 -0.97699582 -0.01722608 0.21256176 7.407123
0.201461 -0.066579111 0.97723109 14.727472 -0.0040917303 0.99762127 0.068811831 0.6046649 -0.97948803 -0.017861466 0.20070935 7.5459439
0.18883426 -0.069258239 0.9795636 15.489281 -0.0045689152 0.9974371 0.071402719 0.64898337 -0.98199839 -0.017958822 0.18803386 7.6979639
0.17457741 -0.069993964 0.98215248 16.303343 -0.0054480413 0.99738629 0.072048002 0.6783856 -0.98462842 -0.01792876 0.17373978 7.8236191
0.16072765 -0.069130614 0.98457478 17.080795 -0.0069978933 0.99743921 0.071176248 0.72526037 -0.98697403 -0.01832994 0.15983229 7.9842907
0.14414476 -0.067764327 0.98723361 17.904776 -0.0082927433 0.99753477 0.069682218 0.76015199 -0.98952191 -0.018231201 0.14322746 8.0808722
0.12389415 -0.066791616 0.99004497 18.702903 -0.010884845 0.99758059 0.068662121 0.79039624 -0.99223578 -0.01928332 0.12286738 8.1813928
0.099723763 -0.065306913 0.99286963 19.551406 -0.015105726 0.9976294 0.067137209 0.84147823 -0.99490053 -0.021693191 0.098500847 8.3048606
0.068832602 -0.06451339 0.99554006 20.353551 -0.019385395 0.99763201 0.065989277 0.87408635 -0.9974399 -0.02384115 0.067418988 8.3114273
0.034463373 -0.064384029 0.99732988 21.228705 -0.022001301 0.99763201 0.065163801 0.91866759 -0.9991638 -0.024188319 0.03296523 8.3280109
0.0010901884 -0.063960947 0.99795176 22.06153 -0.023296132 0.99767994 0.063968974 0.95217569 -0.99972806 -0.023318154 -0.00040238506 8.3578056
-0.03441566 -0.062713948 0.99743794 22.943113 -0.024445034 0.99778344 0.061892218 0.98892785 -0.99910865 -0.022252342 -0.035872422 8.296865
-0.066535619 -0.061096301 0.99591173 23.763247 -0.02588282 0.99789337 0.05948867 1.0185658 -0.99744833 -0.021818888 -0.067976799 8.2729388
-0.099924259 -0.057777127 0.99331609 24.619365 -0.029723676 0.99804043 0.05506182 1.0546698 -0.99455102 -0.024022994 -0.1014458 8.1875561
-0.1325064 -0.053159646 0.98975554 25.437177 -0.026799782 0.99838782 0.050035386 1.0765472 -0.99081982 -0.019895223 -0.13371744 8.0422779
-0.16635389 -0.047703645 0.9849115 26.300254 -0.02226717 0.99875614 0.044613225 1.0949592 -0.98581471 -0.014509608 -0.1672092 7.8693306
-0.19686332 -0.041452222 0.97955422 27.09462 -0.016010181 0.99910852 0.039062107 1.1097273 -0.98030025 -0.0079929439 -0.19735148 7.6675606
-0.22365157 -0.035897456 0.97400784 27.912399 -0.010925309 0.99935108 0.034322824 1.1258129 -0.97460797 -0.0029649828 -0.22389863 7.484973
-0.25089793 -0.028919777 0.96758142 28.736896 -0.0015344533 0.99956426 0.029477813 1.1376573 -0.96801237 0.0059112147 -0.25083298 7.2455712
-0.27798883 -0.018891802 0.96039848 29.52883 0.0055459288 0.99975836 0.021271321 1.1374988 -0.96056834 0.011239492 -0.27781689 7.0143744
-0.30441029 -0.0037502158 0.95253359 30.326415 0.0091641139 0.99993444 0.0068655019 1.1296602 -0.95249697 0.010819057 -0.30435597 6.7408391
-0.3297312 0.013040054 0.94398476 31.106108 0.0095126454 0.99989973 -0.010489714 1.1066669 -0.94402697 0.0055210074 -0.32982218 6.4646496
-0.3541126 0.027650458 0.93479391 31.891749 0.0086146404 0.99961686 -0.026304525 1.0780173 -0.93516316 -0.0012618495 -0.35421512 6.1824308
-0.37799771 0.038820384 0.92499223 32.634178 0.012636483 0.99924376 -0.036772701 1.0422922 -0.92572033 -0.0022113477 -0.37820241 5.8337148
-0.40195858 0.043279283 0.91463443 33.392812 0.016296293 0.99906227 -0.040112488 0.99790178 -0.91551286 -0.0012184074 -0.40228694 5.4772459
-0.42489131 0.042149485 0.90426253 34.106259 0.018302036 0.99911123 -0.037970882 0.94486874 -0.90505938 0.00041634885 -0.4252851 5.1406571
-0.44544194 0.038541507 0.89448083 34.865911 0.022643104 0.99923839 -0.031779288 0.90474575 -0.89502449 0.0060979958 -0.44597539 4.7861251
-0.46306108 0.037848111 0.88551787 35.605023 0.030425689 0.9991778 -0.026795664 0.87218945 -0.88580403 0.014534463 -0.4638319 4.3743494
-0.47672033 0.038636026 0.87820551 36.282625 0.034346556 0.99908945 -0.02530973 0.82852882 -0.8783838 0.018097673 -0.47761327 3.9806269
-0.48859877 0.042202354 0.87148732 37.007396 0.036587979 0.99894197 -0.027861404 0.78006545 -0.87174115 0.018272913 -0.48962592 3.5783261
-0.49799602 0.045022676 0.86600973 37.704148 0.038753499 0.99880906 -0.029641662 0.73823911 -0.86631299 0.018799479 -0.49914772 3.1800929
-0.50859122 0.04393091 0.85988661 38.372193 0.031556999 0.99897758 -0.032372152 0.67981133 -0.86042965 0.010671249 -0.50945756 2.7863796
-0.51973354 0.042744739 0.85325839 39.0825 0.030433299 0.99903999 -0.031510381 0.65947781 -0.85378623 0.0095904668 -0.52053545 2.3579083
-0.52814781 0.044291793 0.8479965 39.73703 0.032702939 0.99895882 -0.031808729 0.62346274 -0.84852252 0.010932268 -0.52904639 1.9263367
-0.53571416 0.047554529 0.84305922 40.438123 0.036782325 0.99877943 -0.032965268 0.57224309 -0.84359793 0.013349718 -0.53680945 1.4824414
-0.53896853 0.050857629 0.84078913 41.160594 0.037287045 0.99863766 -0.036503563 0.53125475 -0.84150024 0.011676272 -0.5401306 1.0472795
-0.53827208 0.052334814 0.84114456 41.837516 0.036414614 0.99858219 -0.038827622 0.48825417 -0.84198409 0.0097301303 -0.53941467 0.57155727
-0.53525285 0.053185175 0.84301582 42.562701 0.03885549 0.99850962 -0.038324782 0.44141338 -0.84379778 0.012242345 -0.53652166 0.1186366
-0.52969478 0.051916377 0.84659794 43.290685 0.037394086 0.9985839 -0.037840165 0.4091396 -0.84736367 0.011614019 -0.53088604 -0.3037711
-0.52295271 0.050673155 0.85085406 44.06449 0.035231932 0.99866322 -0.03782174 0.3622953 -0.85163328 0.010198252 -0.52403895 -0.77186681
-0.51542901 0.049977582 0.85547362 44.832774 0.033467811 0.99871023 -0.038181003 0.3178661 -0.85627852 0.0089512345 -0.51643686 -1.2486807
-0.50878561 0.048669581 0.85951638 45.65883 0.030099696 0.99879593 -0.038738862 0.25612973 -0.86036694 0.006161407 -0.50963794 -1.7168514
-0.50492451 0.046421383 0.86191428 46.453041 0.026085988 0.99891734 -0.038518527 0.21106221 -0.86276928 0.0030349385 -0.50558879 -2.1707459
-0.50344942 0.043270198 0.8629405 47.311792 0.021061386 0.99906304 -0.037808299 0.16193709 -0.863768 -0.00085984216 -0.50388904 -2.6413642
-0.50369798 0.041312613 0.86289139 48.143151 0.018849515 0.99914365 -0.036832876 0.11356017 -0.86367419 -0.0022875601 -0.50404536 -3.1370845
-0.50546986 0.039573609 0.86193624 48.963541 0.017149652 0.99921113 -0.035819073 0.071937275 -0.86267385 -0.0033235545 -0.50574979 -3.588278
-0.50580631 0.039497856 0.86174232 49.857304 0.01721246 0.99921446 -0.035695886 0.014310829 -0.86247537 -0.0032224983 -0.50608884 -4.1200698
-0.50579722 0.038444816 0.86179528 50.729821 0.016893079 0.9992563 -0.034662236 -0.0298786 -0.86248702 -0.0029736862 -0.50607051 -4.6241354
-0.50627933 0.038001916 0.86153179 51.590014 0.017433126 0.99927544 -0.033833167 -0.076345278 -0.86219336 -0.00210984 -0.50657499 -5.1215602
-0.50572736 0.037762378 0.86186645 52.482954 0.017321282 0.9992846 -0.033619496 -0.13160365 -0.86251949 -0.0020736664 -0.50601965 -5.6579558
-0.50585818 0.036013872 0.86186451 53.396331 0.01491275 0.9993439 -0.033005774 -0.19031182 -0.86248778 -0.00384347 -0.50606336 -6.1644548
-0.50588743 0.035500096 0.86186866 54.28479 0.014584645 0.99936197 -0.032602712 -0.24714601 -0.86247623 -0.0039232531 -0.50608242 -6.6966315
-0.50543225 0.034351122 0.86218222 55.189837 0.013258019 0.99939846 -0.032045925 -0.29545848 -0.86276447 -0.004766215 -0.50558364 -7.1889538
-0.50414132 0.033006298 0.86299018 56.080684 0.013159843 0.99944698 -0.030537569 -0.34389874 -0.86352094 -0.0040384344 -0.50429689 -7.7027878
-0.50217089 0.031300917 0.86420171 56.989796 0.013618259 0.99950704 -0.028288294 -0.40524982 -0.86466121 -0.002436634 -0.5023496 -8.2313321
-0.49934789 0.029997338 0.86588208 57.871795 0.014091987 0.99954945 -0.026501319 -0.45294534 -0.866287 -0.0010313774 -0.49954563 -8.7400694
-0.49754933 0.029588182 0.86693087 58.758737 0.014358697 0.99956208 -0.025874109 -0.4961231 -0.86731687 -0.00042564695 -0.49775629 -9.2186632
-0.49579983 0.029855477 0.86792345 59.641233 0.015033724 0.99955419 -0.025795418 -0.5460489 -0.86830673 0.00025875783 -0.49602764 -9.7381569
-0.49481238 0.030356272 0.86846942 60.522092 0.015080303 0.99953914 -0.026345614 -0.59698902 -0.86886901 6.0647252e-05 -0.49504213 -10.230623
-0.49524409 0.031573094 0.86817992 61.406321 0.013969766 0.99949959 -0.028379888 -0.65005351 -0.86864158 -0.0019267007 -0.49543733 -10.742636
-0.49826124 0.033503923 0.86637934 62.292693 0.012647418 0.99942765 -0.031375434 -0.7056116 -0.86693474 -0.0046757005 -0.49839979 -11.213434
-0.50251837 0.03381368 0.863905 63.161365 0.011288849 0.99940633 -0.032550743 -0.76610073 -0.86449286 -0.0066048524 -0.50260176 -11.701379
-0.50845004 0.031927091 0.86049937 64.040846 0.010825434 0.99947042 -0.030686821 -0.81239483 -0.86102348 -0.006287436 -0.5085264 -12.22597
-0.51265948 0.030743188 0.8580414 64.897065 0.014820064 0.99952671 -0.026957895 -0.86463805 -0.85846414 -0.0011039908 -0.51287246 -12.764091
-0.51832971 0.028269354 0.85471345 65.759747 0.011605503 0.99959397 -0.026023221 -0.92233777 -0.85510215 -0.0035692286 -0.51844734 -13.25147
-0.52350805 0.030722828 0.8514666 66.584069 0.013209968 0.99952223 -0.027943108 -0.96962932 -0.85191835 -0.0033805948 -0.52366378 -13.77112
-0.52894091 0.033154542 0.84801075 67.447973 0.013627567 0.99943958 -0.030574828 -1.0183593 -0.84854927 -0.0046159532 -0.5290963 -14.269892
-0.53352839 0.033351677 0.84512429 68.267309 0.011829613 0.99941874 -0.03197264 -1.072549 -0.84569946 -0.0070608173 -0.5336128 -14.795105
-0.53688821 0.033868341 0.84297326 69.086965 0.011240775 0.99939235 -0.032993597 -1.1209432 -0.84357854 -0.0082381998 -0.53694268 -15.318373
-0.54013809 0.032444239 0.84095075 69.914706 0.010407651 0.99943771 -0.031873955 -1.1818091 -0.84151208 -0.0084640148 -0.54017204 -15.850919
-0.54315784 0.025646402 0.8392388 70.759398 0.011978161 0.99966836 -0.022796686 -1.2327145 -0.8395452 -0.0023296604 -0.54328491 -16.375642
-0.54444711 0.018571936 0.83858951 71.567247 0.013660068 0.99981859 -0.013273933 -1.2630483 -0.83868397 0.0042282358 -0.54460203 -16.912583
-0.54737987 0.015867693 0.83673379 72.368525 0.013959205 0.99985425 -0.009829162 -1.2948755 -0.83676788 0.0062998541 -0.54752159 -17.432051
-0.54875638 0.020994281 0.83571862 73.178257 0.014008564 0.99977518 -0.015917165 -1.3331252 -0.83586497 0.0029725726 -0.54892711 -17.938184
-0.55004503 0.026067984 0.83472802 73.979205 0.014692564 0.99966008 -0.021537016 -1.3733786 -0.83500578 0.00041796736 -0.55024107 -18.457891
-0.55003124 0.031599276 0.83454602 74.779899 0.020759285 0.99949248 -0.024162816 -1.4152067 -0.83488607 0.0040342762 -0.55040806 -18.998083
-0.55010065 0.032221505 0.83447648 75.568252 0.024027698 0.99945235 -0.022752236 -1.4551272 -0.83475266 0.0075345299 -0.5505736 -19.528098
-0.55000492 0.029143021 0.83465275 76.363724 0.023598519 0.99953424 -0.019349538 -1.4926908 -0.83482798 0.0090542292 -0.55043648 -20.049136
-0.54906053 0.024123971 0.83543432 77.170698 0.02103735 0.99966555 -0.015040229 -1.540152 -0.83551781 0.009317329 -0.54938441 -20.571647
-0.54802175 0.018229648 0.83626538 77.954491 0.019646579 0.9997672 -0.0089189995 -1.5634341 -0.83623336 0.011541949 -0.54825233 -21.079898
-0.54832899 0.012001266 0.83617655 78.766793 0.011182137 0.99991285 -0.0070185291 -1.5992591 -0.83618798 0.0055017784 -0.5484154 -21.596365
-0.54654178 0.005965837 0.83741055 79.575403 0.001952095 0.99998098 -0.0058499632 -1.6215715 -0.8374296 -0.0015625436 -0.54654304 -22.095799
-0.54500105 0.0069388698 0.83840661 80.360806 0.0053381724 0.9999742 -0.0048059976 -1.6446113 -0.8384184 0.0018562861 -0.54502403 -22.599446
-0.54154122 0.010341864 0.84061055 81.156085 0.010966586 0.99992615 -0.0052369571 -1.677584 -0.8406027 0.0063826006 -0.54161465 -23.121016
-0.53630706 0.014006291 0.84390669 81.925153 0.012520467 0.9998843 -0.0086382239 -1.7030254 -0.84393011 0.0059333662 -0.53642038 -23.60343
-0.52864406 0.01521982 0.84870711 82.710468 0.017066059 0.99982772 -0.0072997231 -1.7180326 -0.84867206 0.010625131 -0.52881273 -24.094136
-0.52101817 0.018170003 0.85335213 83.51374 0.024461597 0.9996806 -0.006350559 -1.7598315 -0.85319503 0.0175656 -0.52129622 -24.595908
-0.51065313 0.018058818 0.85959711 84.315787 0.0230813 0.99970701 -0.007290611 -1.7842543 -0.85947699 0.016117646 -0.51092033 -25.063504
-0.49993448 0.015480387 0.86592483 85.137101 0.019507258 0.99978786 -0.0066111416 -1.8096689 -0.86584355 0.013586683 -0.5001304 -25.526574
-0.48874237 0.012463008 0.8723391 85.938651 0.021183202 0.99977269 -0.0024153986 -1.8293265 -0.87217099 0.017298428 -0.48889529 -25.967993
-0.47761929 0.011004877 0.87849794 86.747091 0.020331318 0.99979222 -0.0014706466 -1.8567276 -0.87833166 0.017158613 -0.4777438 -26.396711
-0.46623897 0.010246054 0.88459944 87.587017 0.019921799 0.99980096 -0.0010803711 -1.8782326 -0.88443451 0.017119102 -0.46635029 -26.823977
-0.4535024 0.011692304 0.89117832 88.409941 0.022957632 0.99973541 -0.0014339094 -1.8939726 -0.89095936 0.019809063 -0.45365084 -27.243393
-0.44155709 0.014244686 0.89712003 89.22643 0.021868429 0.99974779 -0.0051107236 -1.9294688 -0.89696665 0.017361931 -0.44175724 -27.647313
-0.42994532 0.024430814 0.90252429 90.05105 0.024219808 0.99958617 -0.015520369 -1.9564003 -0.90253005 0.015186056 -0.43035911 -28.03021
-0.41733771 0.029848063 0.90826112 90.892011 0.02589249 0.99944524 -0.020947271 -1.9712586 -0.90838256 0.014775057 -0.41787903 -28.415081
-0.40615251 0.025912048 0.91343781 91.725778 0.022590143 0.99957711 -0.018311094 -2.0065232 -0.91352608 0.013197595 -0.40656611 -28.760833
-0.3938111 0.0223981 0.91891842 92.593189 0.023944171 0.99961381 -0.014103503 -2.0508898 -0.91887951 0.016448624 -0.39419532 -29.129284
-0.38415231 0.023260811 0.92297663 93.421508 0.02168302 0.99963415 -0.016168035 -2.0810136 -0.92301512 0.013801934 -0.38451614 -29.456921
-0.37703158 0.028133804 0.92577298 94.258719 0.017667151 0.99957516 -0.023181468 -2.1171362 -0.92603193 0.0076156265 -0.37736845 -29.777993
-0.3723417 0.032177023 0.92753772 95.102062 0.0084635999 0.99947498 -0.031275037 -2.1562022 -0.92805716 -0.0037946915 -0.37241855 -30.106849
-0.36839483 0.034146506 0.92904208 95.93835 0.0059637848 0.99939147 -0.034367332 -2.204553 -0.92965034 -0.0071201398 -0.3683743 -30.428001
-0.36543725 0.033093576 0.93024747 96.781096 0.0029434501 0.9994039 -0.034397515 -2.2567875 -0.93083136 -0.0098319956 -0.36531683 -30.761629
-0.35989296 0.033283476 0.9323997 97.639461 0.0027957382 0.99939747 -0.03459595 -2.304706 -0.93298945 -0.0098440928 -0.35976916 -31.07456
-0.35470628 0.029373353 0.93451623 98.486419 0.0008599674 0.99951622 -0.031089995 -2.3514738 -0.93497742 -0.010224162 -0.35455995 -31.373506
-0.34919429 0.026246086 0.93668267 99.336408 0.0025704263 0.99963073 -0.027051653 -2.3927361 -0.93704686 -0.0070386082 -0.34913281 -31.693198
-0.34344714 0.021787003 0.93891923 100.17641 -0.0022921672 0.99970847 -0.024036027 -2.4455119 -0.93916925 -0.010407264 -0.34329708 -32.007152
-0.33772563 0.021180946 0.94100621 101.0285 -0.0058701904 0.99967993 -0.024608423 -2.4838707 -0.94122634 -0.01383478 -0.3374932 -32.289592
-0.33172971 0.02097561 0.94314121 101.88263 -0.017126476 0.99945411 -0.028251887 -2.5243931 -0.94321904 -0.025524675 -0.33118938 -32.56589
-0.32491806 0.024083769 0.94543543 102.7275 -0.015033736 0.99941786 -0.030625549 -2.5690062 -0.94562272 -0.02416422 -0.32436684 -32.849073
-0.31782144 0.028597606 0.94771917 103.59391 -0.012481732 0.99933223 -0.034340837 -2.6161588 -0.94806846 -0.022743431 -0.31725227 -33.131097
-0.31117859 0.025928251 0.94999765 104.42494 -0.015843802 0.99934729 -0.032464898 -2.660892 -0.95021941 -0.025153955 -0.31056468 -33.386801
-0.30451709 0.020990407 0.95227552 105.29125 -0.01617639 0.999499 -0.027204182 -2.7030371 -0.95236954 -0.023688518 -0.30402498 -33.654272
-0.29704253 0.018726238 0.95468057 106.1472 -0.015382911 0.99958408 -0.024393318 -2.7427753 -0.95474037 -0.021931618 -0.29663092 -33.914152
-0.29115933 0.021650125 0.95642953 107.00665 -0.017458502 0.99945716 -0.027938887 -2.7806865 -0.9565153 -0.024832494 -0.2906233 -34.175245
-0.28452622 0.024433914 0.95835679 107.86759 -0.017407096 0.99937866 -0.030647777 -2.8231843 -0.95851025 -0.025402304 -0.28392411 -34.415951
-0.2775279 0.025521832 0.96037848 108.71842 -0.018835722 0.99931038 -0.031999539 -2.8658796 -0.96053295 -0.026970186 -0.2768558 -34.650694
-0.27031336 0.02404201 0.96247212 109.5959 -0.020104764 0.99932921 -0.030609164 -2.9148856 -0.9625625 -0.027624341 -0.26964868 -34.888821
-0.26296835 0.024057973 0.96450442 110.43661 -0.016679398 0.9994263 -0.029476612 -2.9576516 -0.96466031 -0.023838769 -0.26241622 -35.11352
-0.25496878 0.025138421 0.96662242 111.30246 -0.013034481 0.99948182 -0.029431118 -3.0063544 -0.96686147 -0.020103438 -0.254509 -35.343371
-0.24812111 0.026355902 0.96837038 112.17685 -0.0099488272 0.99950778 -0.029752501 -3.0460918 -0.96867797 -0.017016373 -0.24773678 -35.566678
-0.24183904 0.024769348 0.97000014 113.03043 -0.01753042 0.99939943 -0.029890728 -3.090022 -0.97015805 -0.024233254 -0.24125959 -35.761416
-0.23591092 0.023062034 0.97150095 113.91093 -0.021398472 0.99935268 -0.028919413 -3.131945 -0.9715391 -0.027611041 -0.23526472 -35.955169
-0.23092991 0.023260351 0.97269227 114.78597 -0.018212405 0.99943571 -0.028223739 -3.1698786 -0.97279996 -0.024232771 -0.23037597 -36.165866
-0.22656959 0.023464311 0.97371226 115.64158 -0.016795506 0.99946701 -0.027993027 -3.2161097 -0.9738502 -0.022696358 -0.22605473 -36.349799
-0.22156055 0.024943346 0.97482751 116.52778 -0.016341047 0.99943746 -0.029287073 -3.2614029 -0.97500973 -0.022418562 -0.22102831 -36.550458
-0.21589407 0.023778483 0.97612717 117.37257 -0.011442598 0.99957316 -0.026880433 -3.2999163 -0.97634978 -0.016972756 -0.21552983 -36.735629
-0.21068247 0.023138383 0.97728063 118.25511 -0.0021381975 0.99970654 -0.024130297 -3.3405576 -0.97755225 -0.0071734488 -0.21057117 -36.928491
-0.20548456 0.022410357 0.9784037 119.13376 0.00056966484 0.99974035 -0.022779431 -3.3797124 -0.97866023 -0.0041234583 -0.20544397 -37.124817
-0.20137687 0.023554185 0.97923055 119.98924 -0.0013165047 0.99970342 -0.024317369 -3.4203574 -0.97951299 -0.0061861166 -0.20128614 -37.283649
-0.19755978 0.025679781 0.97995439 120.85883 -0.003553605 0.99963149 -0.02691183 -3.450881 -0.98028444 -0.0087990654 -0.19739573 -37.450494
-0.19564824 0.02430791 0.98037279 121.74979 -0.0077753205 0.99962289 -0.026336889 -3.5000759 -0.98064336 -0.012775478 -0.19538546 -37.622197
-0.19494343 0.023706929 0.9805279 122.59784 -0.0073940485 0.99964392 -0.025639155 -3.5379121 -0.98078666 -0.012248255 -0.19469873 -37.779615
-0.19394982 0.018917558 0.98082899 123.48449 -0.0074094008 0.99975729 -0.020747773 -3.5776972 -0.98098351 -0.011291381 -0.19376258 -37.946614
-0.19407134 0.013829488 0.98088989 124.32845 -0.0061534068 0.99986379 -0.015314464 -3.6102989 -0.98096816 -0.0090079123 -0.19395981 -38.102412
-0.19279765 0.01165176 0.98116931 125.19917 -0.0047744113 0.99990652 -0.012812431 -3.6444474 -0.98122696 -0.0071547117 -0.19272399 -38.267154
-0.19133899 0.016405919 0.98138685 126.06882 -0.0070139055 0.99981192 -0.018081417 -3.6793894 -0.98149899 -0.010343034 -0.19118794 -38.43798
-0.190961 0.020608049 0.98138123 126.91016 -0.0066865551 0.99972909 -0.022294431 -3.7173167 -0.98157489 -0.010819426 -0.19077148 -38.58806
-0.19103868 0.019554101 0.98138768 127.76383 -0.0082441273 0.99973433 -0.021524472 -3.7411227 -0.98154793 -0.012202691 -0.19082672 -38.755231
-0.19064239 0.018880133 0.98147794 128.6239 -0.0097417733 0.99972941 -0.021123468 -3.7822549 -0.98161126 -0.013588363 -0.19040688 -38.916479
-0.18988386 0.018518876 0.98163185 129.47309 -0.0060758176 0.99978079 -0.020036549 -3.825582 -0.9817878 -0.0097688327 -0.18972971 -39.070809
-0.18920365 0.020745644 0.98171865 130.31064 -0.0087068797 0.99970205 -0.022803718 -3.8601586 -0.98189931 -0.012862252 -0.18896665 -39.232582
-0.18923039 0.022456892 0.98167585 131.14052 -0.018039486 0.99949021 -0.026341751 -3.8868578 -0.98176704 -0.022693587 -0.18872881 -39.372402
-0.18865129 0.023931997 0.98175245 131.98947 -0.021817243 0.99935415 -0.02855342 -3.9291619 -0.9818018 -0.026805771 -0.18800732 -39.519068
-0.18910555 0.027210828 0.98157964 132.81285 -0.021722762 0.99925543 -0.031885809 -3.9782663 -0.9817165 -0.027352404 -0.18837365 -39.667221
-0.18851421 0.028343246 0.98166133 133.63315 -0.018258688 0.99930952 -0.032359119 -4.0246587 -0.98190076 -0.024024001 -0.18786653 -39.825988
-0.18693194 0.029476624 0.9819305 134.45767 -0.019602302 0.9992388 -0.033727928 -4.0680724 -0.98217732 -0.025552925 -0.18621184 -39.964595
-0.18489138 0.02861624 0.9823422 135.28656 -0.013186241 0.99941376 -0.031595389 -4.1064136 -0.98267054 -0.018795116 -0.18440565 -40.127946
-0.18156738 0.025619869 0.98304467 136.10915 -0.0062590095 0.99961021 -0.027207627 -4.1558012 -0.98335863 -0.011092903 -0.18133625 -40.280066
-0.1789388 0.021363678 0.98362819 136.90728 0.0045979152 0.99977146 -0.020877857 -4.1858143 -0.9838495 0.00078678121 -0.17899614 -40.441582
-0.17541159 0.020884284 0.98427361 137.72886 0.0038033691 0.99978189 -0.020535522 -4.2166034 -0.98448788 0.00014138818 -0.17545276 -40.584759
-0.17067073 0.025461338 0.98499906 138.53705 0.0037324026 0.99967561 -0.025194 -4.2678802 -0.98532109 -0.00062346451 -0.1707104 -40.712549
-0.16400513 0.029074649 0.98603088 139.3534 0.004425617 0.99957718 -0.028737975 -4.3038462 -0.9864496 -0.00034937947 -0.16406446 -40.843461
-0.15622163 0.029209332 0.98728999 140.11647 -0.0010353903 0.99955725 -0.029736095 -4.3461534 -0.98772153 -0.005667651 -0.15612223 -40.956746
-0.14651843 0.025962193 0.98886715 140.90435 0.0082149443 0.99965299 -0.025028177 -4.3706805 -0.98917387 0.0044564003 -0.14668086 -41.071829
-0.13409396 0.02433352 0.99066978 141.73494 0.017037331 0.99960732 -0.022246929 -4.4102698 -0.9908222 0.013895191 -0.13445588 -41.190888
-0.12063075 0.026835557 0.99233462 142.51556 0.018395347 0.99952333 -0.024793773 -4.4451808 -0.99252704 0.01526345 -0.1210669 -41.276447
-0.10678877 0.027796862 0.99389306 143.30029 0.013638585 0.99955604 -0.026489844 -4.4848933 -0.99418823 0.010726478 -0.10712047 -41.35465
-0.092680708 0.027513908 0.99531562 144.07134 0.014879302 0.99954479 -0.026245301 -4.5270533 -0.99558474 0.01237717 -0.093047908 -41.426732
-0.079018292 0.029276492 0.99644313 144.86833 0.021213686 0.99939169 -0.02768087 -4.5618886 -0.99664747 0.018950938 -0.079591289 -41.473564
-0.064666291 0.03533389 0.99728116 145.6953 0.018509789 0.99924348 -0.034203191 -4.6046542 -0.99773531 0.016247672 -0.065271394 -41.525577
-0.052729893 0.044278105 0.99762665 146.3999 0.009085235 0.99899643 -0.043858697 -4.651079 -0.99856752 0.0067510092 -0.053079253 -41.548237
-0.039487032 0.052617641 0.99783369 147.18021 0.0010865864 0.99861424 -0.0526158 -4.699032 -0.99921953 -0.00099340845 -0.039489488 -41.551076
-0.025559398 0.053857102 0.99822144 147.95409 0.0022598407 0.99854826 -0.05381687 -4.7440798 -0.99967079 0.00088029547 -0.025644002 -41.57979
-0.013842677 0.049826931 0.99866189 148.73772 0.0010987976 0.99875778 -0.049816483 -4.8022047 -0.99990362 0.00040773466 -0.013880233 -41.557164
-0.0027857466 0.046834897 0.99889872 149.50886 0.0013128915 0.99890195 -0.046831385 -4.8566165 -0.9999953 0.0011809862 -0.0028441784 -41.546317
0.0057182973 0.053044394 0.99857574 150.23848 -0.0043499205 0.99858398 -0.05301992 -4.9170382 -0.99997423 -0.0040405407 0.0059409374 -41.527432
0.012823999 0.061786802 0.99800694 151.00118 -0.0095803625 0.99805084 -0.061666414 -4.9666196 -0.99987191 -0.0087704576 0.013390941 -41.513961
0.015886122 0.064945214 0.99776233 151.76599 -0.017812151 0.99774833 -0.0646607 -5.0249654 -0.99971518 -0.016745085 0.017007164 -41.486428
0.016021993 0.060988554 0.99800982 152.4919 -0.018387667 0.99798716 -0.060691973 -5.0821449 -0.99970259 -0.017378665 0.01711118 -41.462315
0.014434248 0.05504066 0.99837973 153.26927 -0.01684769 0.99835544 -0.05479574 -5.1564971 -0.99975392 -0.016029456 0.015337817 -41.453117
0.011492837 0.052893052 0.998534 154.00857 -0.012622343 0.99852811 -0.052747458 -5.1930926 -0.99985433 -0.01199762 0.012143554 -41.439309
0.0083553057 0.052797605 0.99857024 154.75627 -0.013359792 0.9985219 -0.052683263 -5.2502932 -0.99987589 -0.012900505 0.0090483192 -41.428281
0.0044994583 0.053258426 0.99857058 155.49406 -0.013901198 0.99848757 -0.05319136 -5.3059868 -0.99989329 -0.013641995 0.0052330076 -41.414042
0.00016979516 0.051429241 0.99867658 156.24183 -0.0092053235 0.99863441 -0.051425502 -5.3548046 -0.99995766 -0.0091844086 0.00064298455 -41.423248
-0.0051708274 0.051450261 0.99866213 156.97119 -0.012013069 0.99860026 -0.051509273 -5.4047996 -0.99991451 -0.012263342 -0.0045455156 -41.415369
-0.010755639 0.049851141 0.9986987 157.73216 -0.012341759 0.99867382 -0.049982814 -5.4560559 -0.99986603 -0.012863296 -0.010126126 -41.419557
-0.016704167 0.047068336 0.99875195 158.45723 -0.010211452 0.99883124 -0.047242858 -5.5065246 -0.99980837 -0.01098786 -0.016204009 -41.42649
-0.021921992 0.04714839 0.99864727 159.20944 -0.01334389 0.99878459 -0.047447792 -5.5624947 -0.99967067 -0.014365989 -0.021266207 -41.443773
-0.027253871 0.048450339 0.99845366 159.93362 -0.014585751 0.99869911 -0.048860382 -5.6110233 -0.99952217 -0.01589483 -0.026511733 -41.457554
-0.032080754 0.050499527 0.99820866 160.66 -0.015930219 0.99857007 -0.051029779 -5.664226 -0.99935836 -0.017538756 -0.031230413 -41.468595
-0.03417891 0.052705225 0.99802499 161.37426 -0.014286405 0.99848069 -0.053218549 -5.7124693 -0.99931366 -0.016077141 -0.033374015 -41.492022
-0.036170547 0.054377485 0.99786507 162.08648 -0.012815549 0.99841116 -0.054871779 -5.7730446 -0.9992635 -0.01477293 -0.035416202 -41.515196
-0.034877713 0.052466758 0.99801338 162.8076 -0.0087993389 0.99856616 -0.052803329 -5.8160932 -0.99935289 -0.010623517 -0.034366033 -41.542213
-0.031358345 0.04897402 0.99830763 163.52036 -0.004003677 0.9987847 -0.049123184 -5.8646944 -0.99950023 -0.0055373223 -0.03112416 -41.562916
-0.024068703 0.048290168 0.99854328 164.22552 -0.0036702984 0.99882167 -0.048392098 -5.9221533 -0.99970361 -0.0048296861 -0.023863104 -41.583126
-0.013642423 0.049252979 0.99869312 164.92922 -0.0016639069 0.99878361 -0.049280169 -5.9707183 -0.9999056 -0.0023340325 -0.013543877 -41.58541
0.00092513806 0.049952834 0.99875111 165.59693 -0.00082942989 0.99875127 -0.049952072 -6.0222775 -0.99999927 -0.00078218063 0.00096541365 -41.577088
0.016229618 0.047604839 0.99873435 166.29676 -0.00081514828 0.99886625 -0.047597878 -6.0643499 -0.999868 -4.1620347e-05 0.016250022 -41.554995
0.03221847 0.042317937 0.99858454 167.00524 -0.0030005308 0.99910286 -0.042243091 -6.1009908 -0.99947639 -0.0016352751 0.03231654 -41.516792
0.048779732 0.035846747 0.99816605 167.66223 -0.0060186287 0.99934817 -0.035595073 -6.1447817 -0.99879147 -0.004271272 0.048963682 -41.474983
0.065821791 0.028717742 0.99741802 168.34233 -0.0038277458 0.99958568 -0.028527551 -6.1753037 -0.99782409 -0.0019401273 0.065904442 -41.419738
0.083318478 0.020988271 0.99630188 169.03311 -0.0069196829 0.99976626 -0.020482573 -6.2146694 -0.99649899 -0.0051875155 0.083444235 -41.343714
0.10138336 0.015111049 0.99473262 169.68637 -0.0096658497 0.9998524 -0.014203678 -6.2476143 -0.99480052 -0.0081749188 0.10151445 -41.262471
0.11885318 0.012524768 0.9928328 170.35135 -0.0093246079 0.99989042 -0.01149754 -6.2738715 -0.9928681 -0.0078912566 0.11895695 -41.157741
0.13713657 0.011679996 0.99048324 170.99094 -0.0097685431 0.9998978 -0.010438518 -6.296573 -0.99050402 -0.0082440751 0.13723665 -41.064973
0.15469683 0.010912669 0.98790168 171.64109 -0.0083528049 0.9999177 -0.0097374247 -6.3112255 -0.98792672 -0.0067454005 0.15477525 -40.94639
0.17081281 0.01048862 0.98524763 172.27274 -0.015562832 0.99984732 -0.0079459081 -6.3328921 -0.98518063 -0.01397598 0.17094996 -40.814401
0.18549438 0.0070382991 0.98262008 172.90035 -0.018454277 0.99982294 -0.0036778078 -6.3550361 -0.98247206 -0.01745133 0.18559142 -40.681234
0.19711528 0.0028923657 0.98037601 173.53405 -0.014107663 0.99990048 -0.00011346812 -6.3682026 -0.98027885 -0.013808448 0.19713647 -40.547291
0.20801471 0.0010939522 0.97812504 174.14169 -0.010827482 0.99994068 0.001184295 -6.3865685 -0.97806581 -0.010836981 0.20801422 -40.417873
0.21794973 0.0045878873 0.97594917 174.74624 -0.014754408 0.99989016 -0.0014054663 -6.4043566 -0.9758485 -0.014093231 0.21799348 -40.261291
0.2268728 0.011739662 0.9738536 175.35211 -0.018241834 0.99980316 -0.0078027895 -6.4210635 -0.97375359 -0.015994634 0.22704229 -40.10756
0.23634239 0.021769774 0.9714259 175.94284 -0.017440521 0.99968297 -0.018159838 -6.4355105 -0.97151335 -0.012650234 0.23664714 -39.949656
0.24485566 0.028650041 0.96913611 176.52267 -0.014939737 0.99955613 -0.025774754 -6.4542421 -0.96944447 -0.0081675437 0.245175 -39.79745
0.2508238 0.026863149 0.96765992 177.14486 -0.014372513 0.99960805 -0.024024609 -6.474293 -0.9679261 -0.0078817607 0.25111158 -39.643471
0.25657742 0.019634023 0.9663242 177.73268 -0.016899686 0.99973194 -0.015825621 -6.4877561 -0.96637596 -0.012270078 0.25684045 -39.462501
0.26132733 0.0089904877 0.96520833 178.34184 -0.020095533 0.99979057 -0.0038717988 -6.5156772 -0.96504107 -0.018384569 0.26145327 -39.287302
0.26354549 -0.00042316397 0.96464683 178.9553 -0.018209216 0.99981954 0.0054134262 -6.540203 -0.96447513 -0.018992146 0.26349023 -39.114251
0.26414448 -0.001622285 0.96448172 179.55689 -0.015776131 0.99985753 0.0060024279 -6.5532603 -0.96435413 -0.016801298 0.26408125 -38.951244
0.26539952 0.0020055969 0.9641364 180.16908 -0.014950062 0.99988617 0.0020353666 -6.5587163 -0.96402265 -0.014954084 0.26539929 -38.787557
0.26710081 0.0013187496 0.96366765 180.76196 -0.010578459 0.99994282 0.0015636523 -6.5662699 -0.96361057 -0.010611771 0.26709949 -38.617225
0.26909933 -0.00025956566 0.96311235 181.38321 -0.012729077 0.99991166 0.0038260635 -6.5674309 -0.96302835 -0.013289122 0.26907225 -38.436127
0.27139526 -0.0048972444 0.96245548 181.98159 -0.012016079 0.99989188 0.0084760514 -6.5792096 -0.96239301 -0.013865301 0.27130707 -38.261913
0.27475581 -0.0098210726 0.96146384 182.60935 -0.010840918 0.99985263 0.013311193 -6.5918881 -0.96145296 -0.014080478 0.27460885 -38.076568
0.27876524 -0.013201398 0.9602685 183.2264 -0.010612416 0.99980212 0.016825668 -6.5982746 -0.96030068 -0.014881179 0.27856998 -37.888819
0.28499635 -0.0141869 0.95842357 183.83313 -0.0094696026 0.99979999 0.017615244 -6.5912316 -0.95848187 -0.01409617 0.284805 -37.708143
0.29286822 -0.017650222 0.95598985 184.47899 -0.0072526554 0.99975984 0.020680194 -6.595285 -0.95612535 -0.012990036 0.29266987 -37.509736
0.30233225 -0.020130757 0.95298997 185.07996 -0.0050725965 0.99972883 0.022727319 -6.6003093 -0.95318915 -0.011705335 0.30214815 -37.312715
0.31350903 -0.017764657 0.949419 185.69589 -0.0067283499 0.99975834 0.020928339 -6.5996434 -0.94956142 -0.012949246 0.31331374 -37.092562
0.32529792 -0.01434363 0.94550275 186.30148 -0.006863531 0.9998228 0.017529067 -6.5984206 -0.94558671 -0.012191656 0.32514183 -36.866458
0.33684742 -0.010441689 0.94150131 186.91421 -0.008559514 0.99986323 0.014151346 -6.5996305 -0.94152038 -0.012825638 0.33671197 -36.635324
0.34822075 -0.0098713212 0.93736054 187.54442 -0.007731432 0.9998803 0.013401871 -6.5974579 -0.93738072 -0.011913948 0.34810275 -36.401647
0.36001923 -0.014072823 0.9328387 188.16385 -0.0054489245 0.99983745 0.017186523 -6.600011 -0.93292901 -0.011270446 0.35988403 -36.141437
0.37006728 -0.015209779 0.9288804 188.78017 -0.0052813177 0.99981537 0.018475375 -6.6006069 -0.92898998 -0.011742844 0.36991862 -35.89417
0.38186287 -0.015251735 0.9240931 189.4161 -0.008743248 0.99975947 0.020113545 -6.606047 -0.92417768 -0.015760191 0.38163767 -35.61103
0.39152978 -0.017135882 0.92000583 190.02714 -0.010078633 0.99968675 0.022909201 -6.5938144 -0.92011028 -0.018242035 0.39123442 -35.32895
0.39834864 -0.015769005 0.91709848 190.67569 -0.014507914 0.99961881 0.023489518 -6.5902103 -0.91711938 -0.022662203 0.39796802 -35.046615
0.40325597 -0.018028059 0.91490958 191.30082 -0.015049776 0.99954004 0.026329026 -6.5849266 -0.91496349 -0.024386521 0.40279917 -34.748415
0.40504813 -0.023096517 0.91400355 191.94566 -0.010254062 0.99950325 0.029801233 -6.5741353 -0.9142379 -0.021443183 0.40461009 -34.462249
0.40615857 -0.02114496 0.9135579 192.60889 -0.0088643544 0.99959404 0.027077331 -6.5751397 -0.91375966 -0.01909579 0.40580624 -34.163717
0.40452041 -0.021282444 0.91428126 193.28243 -0.0058024853 0.99964933 0.025836912 -6.5637424 -0.9145106 -0.015756661 0.40425506 -33.885757
0.4032729 -0.020330628 0.91485385 193.94105 -0.0028456209 0.99972047 0.023470969 -6.5621592 -0.91507537 -0.012068532 0.40310232 -33.589809
0.40333802 -0.02140658 0.91480059 194.61855 -9.6536838e-05 0.99972533 0.023436405 -6.55033 -0.91505109 -0.0095411047 0.40322517 -33.299791
0.40291859 -0.027856537 0.91481176 195.30022 0.0041148695 0.99958174 0.028625483 -6.544408 -0.91522661 -0.0077694076 0.40286469 -32.988077
0.40200922 -0.031111887 0.91510686 195.98282 0.0040049978 0.99947275 0.032220758 -6.5365102 -0.9156269 -0.0092880405 0.40192187 -32.686028
0.40011062 -0.033193247 0.91586551 196.67659 0.0054867336 0.99941274 0.033824239 -6.5245491 -0.91645047 -0.0085083266 0.40005777 -32.398229
0.39844825 -0.033374625 0.91658336 197.36207 0.0040463716 0.99939198 0.034630852 -6.5199329 -0.91718193 -0.010089765 0.39834103 -32.084021
0.39722882 -0.033768735 0.91709807 198.04701 0.0036366584 0.99937286 0.035223029 -6.5033495 -0.91771243 -0.010656429 0.3971025 -31.776375
0.39499211 -0.03281708 0.91809814 198.72735 0.0024173715 0.99939544 0.034682999 -6.5016526 -0.91868137 -0.011480126 0.39483265 -31.480534
0.39390008 -0.029689643 0.9186736 199.43254 0.0033661537 0.99951808 0.030859063 -6.492262 -0.91914714 -0.0090629901 0.39381019 -31.173197
0.39362883 -0.023345042 0.91897295 200.11694 0.002236665 0.99969885 0.024437711 -6.4924941 -0.91926678 -0.0075639522 0.3935625 -30.880158
0.39192511 -0.020595689 0.91976652 200.79886 0.00095274333 0.99975794 0.021980904 -6.4766357 -0.91999667 -0.0077385662 0.39184986 -30.596306
0.39086741 -0.023394137 0.92014961 201.49832 0.00099943833 0.99968716 0.024991773 -6.4698303 -0.92044649 -0.0088488362 0.39076851 -30.289859
0.38948579 -0.026700425 0.92064533 202.18493 -0.00044944821 0.99957408 0.029179648 -6.4658246 -0.9210324 -0.01177884 0.3893079 -29.995198
0.38678079 -0.025989299 0.92180535 202.86463 -0.0043846221 0.99953966 0.030020679 -6.4698137 -0.9221613 -0.015653189 0.38648878 -29.688335
0.38286657 -0.025919511 0.92343993 203.55957 -0.0079767328 0.99947629 0.031360958 -6.4597959 -0.92376926 -0.019373095 0.3824593 -29.394233
0.37542886 -0.026790593 0.9264639 204.24187 -0.0077236298 0.99945703 0.032031167 -6.4513628 -0.92681907 -0.019181088 0.37501809 -29.115735
0.36686719 -0.027073831 0.92987924 204.95104 -0.0071448823 0.99946493 0.031918733 -6.4350899 -0.93024593 -0.018353813 0.36647745 -28.836888
