1.0 0.0 0.0 0.0 0.0 1.0 0.0 0.0 0.0 0.0 1.0 0.0
0.31773356 0.9478137 0.026032042 5.502075 -0.9480949 0.31793654 -0.0039566117 6.885132 -0.012024119 -0.023428168 0.99965316 0.04748535
0.5244038 0.8507842 0.030562041 12.797241 -0.85114235 0.5247076 -0.0023096725 3.097168 -0.018007684 -0.024805281 0.9995303 -0.09362793
-0.38045466 0.9230101 0.0574818 19.644043 -0.92479664 -0.37962437 -0.02517646 1.7305908 -0.0014161058 -0.06271074 0.9980299 -0.33251953
-0.8722012 0.48745596 0.05247691 21.289673 -0.48981822 -0.87099457 -0.050486013 -4.1169434 0.021065928 -0.06966056 0.9973475 -0.5263672
-0.6092086 0.7921204 0.043513805 18.19751 -0.7932904 -0.60784435 -0.041212592 -9.02832 -0.006203663 -0.059610303 0.99820274 -0.58154297
-0.84983253 0.52540344 0.037398554 16.949219 -0.5266455 -0.8488399 -0.042178776 -14.087524 0.009593928 -0.05553683 0.9984099 -0.7425537
-0.98390603 0.17756133 0.0246067 13.619141 -0.17871013 -0.9823391 -0.057265524 -17.726562 0.014002462 -0.060695164 0.99805695 -0.8432617
-0.95237935 -0.30742833 0.0053068395 9.80127 0.30663472 -0.9509138 -0.05747815 -19.725952 0.022703687 -0.053067703 0.9983335 -0.803833
-0.8378868 -0.54566383 -0.0046935747 6.3518066 0.54515815 -0.8366708 -0.0510851 -19.450195 0.02394931 -0.04537577 0.99868304 -0.83496094
-0.76012707 -0.65009683 -0.012471054 3.991333 0.6500633 -0.75939214 -0.036260113 -18.148804 0.014113655 -0.035674997 0.9992644 -0.7293701
-0.6125182 -0.78968245 -0.016515106 3.012085 0.7897691 -0.6120088 -0.027567578 -17.004272 0.011654793 -0.029947579 0.9994832 -0.7122803
-0.61734915 -0.7855016 -0.019931497 3.2805176 0.7857005 -0.61681044 -0.02739384 -16.7406 0.009211475 -0.032600876 0.99942565 -0.68395996
-0.527578 -0.849227 -0.021020133 2.9013672 0.8494512 -0.5271662 -0.022254895 -16.839722 0.007821636 -0.029608356 0.9995311 -0.70458984
-0.52950084 -0.8486573 -0.020854801 3.1063232 0.84890276 -0.5292122 -0.017977523 -16.25769 0.004238127 -0.027206406 0.99962103 -0.6751709
-0.41960576 -0.9077879 -0.01801638 2.6392822 0.90796226 -0.41945875 -0.0114577785 -16.23938 0.00284696 -0.021167597 0.99977195 -0.6879883
-0.42244065 -0.9065292 -0.017958 2.9229736 0.906707 -0.42235667 -0.00841802 -15.648926 5.798787e-05 -0.01983789 0.9998034 -0.65856934
-0.31329307 -0.94953865 -0.014152043 2.4980469 0.94964373 -0.31324244 -0.005709 -15.501465 0.0009883288 -0.015237577 0.9998835 -0.6755371
-0.3153135 -0.9489032 -0.012432528 2.7717285 0.9489846 -0.3152878 -0.004019331 -14.962524 -0.00010706857 -0.013061493 0.9999146 -0.6520996
-0.25901213 -0.9656056 -0.016217751 2.5422363 0.96573913 -0.25901413 -0.0020147767 -14.530518 -0.0022634212 -0.016183963 0.9998664 -0.6612549
-0.20965521 -0.9776285 -0.016259398 2.5952148 0.9777607 -0.20966686 -0.001007868 -14.137695 -0.0024222974 -0.016105276 0.9998673 -0.64489746
-0.16219045 -0.9867468 -0.016453288 2.4951172 0.9868788 -0.16222084 0.00053034164 -13.70752 -0.0031832755 -0.016146824 0.9998645 -0.6484375
-0.117065474 -0.99300075 -0.015531645 2.5301514 0.99310887 -0.117130406 0.0033442453 -13.258301 -0.0051357597 -0.015027902 0.9998738 -0.6390381
-0.07352073 -0.9971931 -0.017106496 2.47583 0.9973246 -0.07360349 0.0042705256 -12.76416 -0.0055146515 -0.016747689 0.9998445 -0.64575195
-0.03400208 -0.9993165 -0.015438286 2.4892578 0.9994301 -0.034049172 0.0027975887 -12.280273 -0.003321927 -0.015335367 0.99987686 -0.64282227
0.002549645 -0.9999152 -0.012651164 2.501709 0.99999505 0.0025399083 0.00078541227 -11.740112 -0.0007542614 -0.012653693 0.99991965 -0.642334
0.03476052 -0.999365 -0.008567966 2.5673828 0.9993981 0.03478197 -0.0023733303 -11.223999 0.002669571 -0.008481054 0.9999605 -0.6381836
0.061236225 -0.9980881 -0.0075850543 2.6029053 0.9981002 0.06127749 -0.005331643 -10.631836 0.0057833027 -0.007244603 0.99995697 -0.63842773
0.084742345 -0.9963928 -0.0052936086 2.6724854 0.99638385 0.08477533 -0.0063496996 -10.045288 0.0067756325 -0.004737925 0.9999658 -0.63635254
0.09821982 -0.9951449 -0.0037127659 2.7131348 0.9951303 0.098241515 -0.006202491 -9.420532 0.006538775 -0.0030854172 0.99997383 -0.63464355
0.1107582 -0.9938495 -0.0022803121 2.805542 0.99383926 0.11076815 -0.004817551 -8.7803955 0.0050426647 -0.001732031 0.9999857 -0.6196289
0.12277222 -0.9924009 -0.0023217206 2.9077148 0.99239963 0.12277794 -0.0024976307 -8.119019 0.0027638893 -0.0019970497 0.9999941 -0.61608887
0.13318354 -0.99112666 -0.0029054256 2.991455 0.99113065 0.13318492 -0.00028448366 -7.4084473 0.00066808425 -0.002841305 0.9999957 -0.61486816
0.14521843 -0.9893357 -0.003326463 3.0957031 0.9893408 0.14521486 0.0012907665 -6.6914062 -0.00079349056 -0.0034782116 0.99999356 -0.6090088
0.15513419 -0.9879121 -0.0033544502 3.2176514 0.9879112 0.15512013 0.004111946 -5.9763184 -0.0035429248 -0.0039509456 0.9999859 -0.60839844
0.1667971 -0.98603827 -0.002887458 3.3408203 0.9860292 0.16677898 0.005662674 -5.2130127 -0.005101799 -0.0037913662 0.9999797 -0.6014404
0.1755367 -0.9844021 -0.0018998636 3.4754639 0.98437667 0.17551719 0.007753026 -4.4537354 -0.007300529 -0.003232345 0.999968 -0.5949707
0.18677053 -0.98241407 -0.0024921503 3.6295166 0.9823648 0.18673371 0.010806257 -3.6655273 -0.010151269 -0.004465072 0.99993837 -0.59594727
0.19799364 -0.98025566 -0.0021838313 3.78833 0.980155 0.19794011 0.01493242 -2.8703613 -0.014205292 -0.005095956 0.99988604 -0.6035156
0.21224982 -0.9771735 -0.0015172828 3.9543457 0.9770031 0.21218327 0.019065348 -2.0584717 -0.018306177 -0.005532077 0.99981713 -0.5994873
0.22300953 -0.97483635 -0.00079128385 4.1331787 0.9746152 0.22294146 0.021489987 -1.2683105 -0.020776859 -0.005561208 0.99976873 -0.6031494
0.23988982 -0.97087973 -4.4515473e-05 4.3289795 0.9706465 0.23983115 0.021927577 -0.46728516 -0.021279328 -0.005302147 0.9997595 -0.60595703
0.25327078 -0.967409 -0.0004607184 4.536743 0.96718585 0.25320202 0.021599839 0.33520508 -0.020783942 -0.0059109926 0.99976647 -0.6135254
0.2685779 -0.96318793 -0.0003931413 4.765747 0.9629898 0.26851428 0.020390503 1.1187744 -0.019537713 -0.0058549787 0.99979204 -0.6094971
0.28772247 -0.9576632 -0.0022514858 5.0006104 0.95748585 0.28762195 0.020061182 1.9364014 -0.018568706 -0.007932057 0.9997963 -0.6208496
0.3127187 -0.9497216 -0.0049963812 5.2529297 0.9495755 0.3125655 0.019959385 2.7159424 -0.017399417 -0.01098768 0.9997883 -0.6156006
0.3418313 -0.9395377 -0.007032126 5.5567627 0.93940777 0.3416285 0.020790532 3.531372 -0.017132275 -0.013712674 0.9997592 -0.62109375
0.37414742 -0.92735034 -0.007773881 5.8497314 0.92722815 0.37391883 0.02139953 4.3168945 -0.01693296 -0.0152099095 0.9997409 -0.6281738
0.4055161 -0.9140865 -0.0074208947 6.213745 0.9139705 0.40529263 0.021178322 5.106079 -0.016349845 -0.015373091 0.9997482 -0.63061523
0.43737695 -0.8992848 -0.0071305507 6.5718994 0.89919204 0.43717396 0.01988353 5.8757324 -0.014767591 -0.015108994 0.9997767 -0.6286621
0.46537086 -0.8850761 -0.008036731 6.9764404 0.88501793 0.46516898 0.018861039 6.633423 -0.012952473 -0.01589047 0.99978983 -0.6295166
0.4943195 -0.86903924 -0.010669426 7.394287 0.8690575 0.4941272 0.016504355 7.3829346 -0.009074287 -0.01743184 0.9998068 -0.6320801
0.5240543 -0.8517382 -0.008527977 7.8573 0.8517648 0.52395606 0.011422671 8.121826 -0.0052622873 -0.013247014 0.9998983 -0.6279297
0.54868263 -0.83608866 -0.0058139795 8.325684 0.8361088 0.5486735 0.0032182708 8.828247 0.000499567 -0.006627541 0.99997795 -0.6265869
0.57558453 -0.81771797 -0.0026691584 8.828369 0.81770074 0.57559 -0.005400786 9.536865 0.005952496 0.00092610903 0.9999818 -0.616333
0.59822494 -0.80142504 2.9353425e-05 9.325195 0.8013611 0.5981767 -0.012652921 10.221436 0.010123197 0.0075911693 0.9999199 -0.60253906
0.62145656 -0.78360915 0.0049576326 9.904419 0.7835117 0.62124676 -0.020928664 10.893066 0.013318717 0.016886633 0.99976856 -0.5838623
0.6439179 -0.76512134 0.004314305 10.430176 0.76484156 0.6435065 -0.031244745 11.550415 0.02112592 0.023413833 0.9995025 -0.5541992
0.6621829 -0.74941677 -0.001254404 11.009155 0.7486078 0.6615443 -0.045373004 12.175415 0.03482711 0.02910363 0.99896944 -0.5184326
0.68197316 -0.7312444 -0.012675829 11.569458 0.7294846 0.68136656 -0.059646133 12.790283 0.052256152 0.03142176 0.99813867 -0.4840088
0.70094395 -0.7127715 -0.024396434 12.144897 0.7099804 0.7006233 -0.07081856 13.399902 0.067573816 0.032317635 0.99719065 -0.43859863
0.72039676 -0.6929787 -0.030156251 12.742798 0.6893681 0.7201016 -0.079517655 13.975952 0.07682294 0.03651078 0.9963775 -0.37329102
0.73743385 -0.67470765 -0.030818906 13.367432 0.6707297 0.73692334 -0.08400601 14.55957 0.07938098 0.04127778 0.99598956 -0.30029297
0.75297886 -0.6575105 -0.028742675 14.002808 0.6535855 0.7521854 -0.08463296 15.119629 0.07727012 0.044934697 0.99599576 -0.23339844
0.76649696 -0.64175177 -0.022690482 14.662109 0.6382179 0.76523066 -0.08352374 15.659546 0.07098098 0.0495312 0.9962462 -0.16430664
0.78099185 -0.62425005 -0.014070883 15.3116455 0.6211153 0.778986 -0.08502745 16.182129 0.06405923 0.057668336 0.9962786 -0.095581055
0.7899573 -0.61301625 -0.011397594 15.97644 0.6099546 0.7876282 -0.086899206 16.694214 0.06224103 0.061693806 0.99615306 -0.026855469
0.79655063 -0.60437185 -0.011934999 16.63855 0.60101974 0.7939364 -0.09132593 17.188354 0.06468191 0.06557141 0.995749 0.036132812
0.8052597 -0.59286886 -0.012567215 17.288574 0.58936626 0.802487 -0.093582 17.660522 0.06555334 0.0679473 0.9955327 0.10180664
0.8105942 -0.5851245 -0.019458536 17.95044 0.5813999 0.8084476 -0.09055654 18.14087 0.06873067 0.062084824 0.99570125 0.16430664
0.81936914 -0.5727648 -0.019526929 18.600098 0.56925803 0.8173446 -0.08775806 18.610107 0.06623715 0.06078893 0.9959508 0.2232666
0.82458115 -0.56537235 -0.018566389 19.278687 0.56181145 0.8223343 -0.0897664 19.070923 0.06602988 0.06359262 0.99578947 0.28466797
0.8293783 -0.5584519 -0.017691277 19.960693 0.5547225 0.8268001 -0.09346203 19.529541 0.06681385 0.067703515 0.9954662 0.35131836
0.8320687 -0.5542022 -0.020209134 20.645386 0.55014104 0.829473 -0.09595413 19.994019 0.06994847 0.06871339 0.99518025 0.41003418
0.83162165 -0.5548546 -0.022839382 21.36023 0.5505501 0.82915634 -0.09680862 20.472046 0.07266024 0.0679296 0.9950396 0.46862793
0.8292747 -0.55839133 -0.019983944 22.082275 0.5541534 0.8265061 -0.098473124 20.954102 0.07151901 0.07058355 0.9949379 0.53393555
0.82537144 -0.5641785 -0.020249413 22.811646 0.56000537 0.8227519 -0.09705375 21.461182 0.07141918 0.0687586 0.99507284 0.60546875
0.82095575 -0.5705971 -0.020794423 23.553223 0.5665079 0.8185397 -0.09509309 21.970947 0.07128474 0.06628056 0.99525034 0.67211914
0.8155877 -0.5782116 -0.021481944 24.298706 0.5741387 0.8133328 -0.09392881 22.509277 0.0718018 0.06427069 0.99534464 0.74279785
0.81191474 -0.58334297 -0.022917582 25.053467 0.57931083 0.80991644 -0.0919558 23.04956 0.072194874 0.061380383 0.99549985 0.8133545
0.80828834 -0.5882493 -0.024734713 25.830566 0.5843462 0.8066505 -0.088518225 23.622559 0.072018005 0.057082262 0.99576724 0.8865967
0.8070911 -0.58991814 -0.02692838 26.586914 0.58620536 0.80585366 -0.08416861 24.185425 0.071353555 0.05214854 0.99608654 0.95751953
0.80645263 -0.5906484 -0.02753918 27.380005 0.587077 0.8053864 -0.08173629 24.778198 0.07046563 0.049753003 0.9962729 1.0296631
0.8078737 -0.58854663 -0.027945295 28.194946 0.58510685 0.8069329 -0.07962548 25.389893 0.06941858 0.047973618 0.99643373 1.1065674
0.8082526 -0.58827174 -0.02727818 28.994873 0.5848804 0.8072739 -0.07937761 25.969482 0.06872025 0.048204973 0.9964703 1.185791
0.80726475 -0.5896397 -0.026662752 29.829468 0.5863242 0.8062839 -0.07868712 26.575806 0.0678924 0.047890067 0.99654245 1.2568359
0.80732954 -0.58967274 -0.025438396 30.6781 0.58645105 0.8062921 -0.07816906 27.192139 0.06659194 0.048186976 0.99661535 1.342041
0.80859643 -0.58787924 -0.02496614 31.513916 0.58471775 0.8075462 -0.07763959 27.804321 0.065799646 0.048178695 0.9966685 1.4206543
0.80740124 -0.58935773 -0.025476092 32.359375 0.5862946 0.80648124 -0.07574233 28.440186 0.06518748 0.046206813 0.9968017 1.4962158
0.8078229 -0.5887303 -0.025030151 33.177246 0.5857764 0.8069321 -0.0744075 29.069092 0.06401174 0.045450296 0.9969147 1.5792236
0.80713254 -0.5898478 -0.025497146 34.015625 0.58694607 0.806328 -0.07321592 29.693604 0.06375071 0.044123657 0.9969889 1.6618652
0.80582345 -0.591673 -0.024487799 34.87732 0.5888915 0.8050144 -0.07201548 30.287476 0.06232141 0.043618083 0.9971032 1.7365723
0.8046015 -0.593492 -0.021423094 35.67578 0.5909383 0.8036819 -0.07043736 30.89392 0.059018947 0.04401578 0.997286 1.8114014
0.80263907 -0.5959562 -0.019138284 36.544556 0.59352297 0.80161154 -0.07005691 31.512695 0.057114214 0.044869393 0.99735874 1.8852539
0.80125016 -0.5981339 -0.018833626 37.36316 0.5957312 0.80022764 -0.06970128 32.118164 0.056761805 0.04462194 0.9973889 1.9616699
0.79969186 -0.60026944 -0.018429361 38.19275 0.5978802 0.79865015 -0.06976862 32.737793 0.056583982 0.044780426 0.9973936 2.0344238
0.7989938 -0.60115653 -0.018706858 39.015625 0.5987407 0.7979607 -0.06997388 33.356934 0.05699087 0.044708036 0.9973727 2.1113281
0.79890096 -0.6010527 -0.021045981 39.83667 0.5985258 0.79799724 -0.07012223 33.95935 0.058945704 0.04342501 0.9973164 2.1875
0.8010448 -0.5981123 -0.023770036 40.655396 0.59546036 0.8002857 -0.07031991 34.568115 0.06108846 0.04218564 0.99724156 2.2625732
0.8037603 -0.5943094 -0.025271699 41.472656 0.5916169 0.8030953 -0.07001017 35.18225 0.061908465 0.04132068 0.99722654 2.3414307
0.8077978 -0.58900404 -0.02448139 42.29431 0.58644736 0.8071348 -0.06838156 35.76648 0.060028907 0.040876545 0.99735874 2.406372
0.81102556 -0.5846662 -0.01896413 43.10913 0.58239967 0.81007 -0.067493334 36.37268 0.05482072 0.043697894 0.99754024 2.4954834
0.8151093 -0.5790049 -0.019790605 43.92041 0.5768589 0.8142994 -0.06474463 36.95764 0.053600784 0.041367803 0.9977062 2.5648193
0.8174476 -0.57564175 -0.021094484 44.746216 0.5733431 0.8166224 -0.06659199 37.538696 0.055557832 0.042347103 0.99755764 2.6314697
0.82187366 -0.5692158 -0.022893203 45.556763 0.56672037 0.8210372 -0.068791844 38.108765 0.057956275 0.043565586 0.9973681 2.6931152
0.825141 -0.5644635 -0.024816602 46.35681 0.5619872 0.8244719 -0.067149475 38.678223 0.05835589 0.041469585 0.997435 2.7717285
0.8271894 -0.5612406 -0.026565984 47.17627 0.5586991 0.8266179 -0.067066655 39.247437 0.05960257 0.04063441 0.997395 2.843628
0.82929486 -0.5583249 -0.025291866 47.992065 0.5558965 0.8286812 -0.0660512 39.806152 0.05783051 0.040713616 0.99749535 2.914795
0.83146274 -0.55537283 -0.01691242 48.811768 0.55351734 0.8305689 -0.06188625 40.35852 0.04840927 0.042097792 0.9979405 2.9838867
0.8326347 -0.55369383 -0.0076531433 49.645508 0.5525006 0.83160865 -0.055554196 40.900146 0.03712824 0.042026617 0.99842626 3.0488281
0.83353543 -0.5524624 -0.0053769816 50.4541 0.5514508 0.8325265 -0.053173333 41.439697 0.033847645 0.041359056 0.9985712 3.1071777
0.8343023 -0.55125827 -0.009834645 51.262207 0.5499087 0.8332826 -0.0572831 41.967407 0.039779626 0.042378653 0.99830854 3.154419
0.8350336 -0.5499079 -0.014511747 52.071777 0.5481888 0.83404106 -0.061271463 42.500122 0.045808 0.043201104 0.99801487 3.2086182
0.8358607 -0.54876673 -0.012142983 52.87671 0.54690284 0.8345002 -0.066792525 43.023438 0.04679422 0.049185377 0.99769235 3.2596436
0.83474433 -0.5505018 -0.009303126 53.708252 0.5487043 0.8331743 -0.06842873 43.54785 0.045421615 0.05202019 0.9976132 3.317749
0.8348168 -0.5506082 -0.007003597 54.51709 0.5490012 0.83323026 -0.066792294 44.08081 0.04260701 0.051911067 0.99774176 3.3739014
0.8343595 -0.55124784 -0.0035138838 55.312744 0.55004144 0.8329227 -0.06112291 44.613525 0.03662094 0.049066063 0.99812376 3.4279785
0.8339044 -0.5519116 0.00020609237 56.129883 0.5510475 0.83257794 -0.056232207 45.157104 0.030870575 0.04700143 0.9984169 3.4759521
0.83375156 -0.55213255 -0.0032110438 56.90674 0.55139446 0.8329113 -0.047171503 45.692627 0.02871773 0.03755624 0.9988817 3.5217285
0.83289146 -0.5533199 -0.0069208597 57.697266 0.5526705 0.8324093 -0.03961155 46.23938 0.02768285 0.029168472 0.9991912 3.5534668
0.8307981 -0.55651397 -0.0038458295 58.50049 0.55593973 0.8302189 -0.040193632 46.76831 0.025564505 0.031252403 0.99918437 3.5977783
0.829826 -0.55808216 -0.0017475139 59.291016 0.5574412 0.8290146 -0.045434047 47.29956 0.026799895 0.03673055 0.9989661 3.6367188
0.82552814 -0.5643266 -0.003221086 60.08008 0.5635497 0.8246661 -0.048049904 47.833008 0.029775469 0.037849836 0.99883956 3.6730957
0.82015055 -0.57206625 0.00050415425 60.858643 0.57134944 0.8190785 -0.050771125 48.365234 0.02863306 0.0419269 0.99871045 3.7097168
0.81505954 -0.57929444 0.0058342614 61.63037 0.57867587 0.81363004 -0.05548928 48.904053 0.027399823 0.048605688 0.99844235 3.7542725
0.80754566 -0.58963656 0.0062823333 62.40381 0.5890466 0.8061569 -0.054569013 49.470703 0.027110232 0.04777053 0.99849105 3.7988281
0.8017958 -0.597699 0.004148139 63.144043 0.59709895 0.80063736 -0.05087965 50.03125 0.027091755 0.04326781 0.9986955 3.831665
0.7931722 -0.6089561 0.00794968 63.895996 0.6085263 0.79195756 -0.050126288 50.610596 0.0242252 0.044600174 0.9987116 3.869629
0.78472745 -0.61978036 0.008530344 64.63403 0.6194009 0.7835812 -0.04837222 51.190918 0.023300793 0.043241944 0.9987926 3.9075928
0.7768348 -0.6295274 0.010120374 65.34961 0.62921315 0.775677 -0.04790595 51.783203 0.02231444 0.043582987 0.99880046 3.932129
0.7677764 -0.64049757 0.012777494 66.08667 0.64022404 0.76643807 -0.050666243 52.378662 0.022663236 0.047083437 0.9986339 3.9661865
0.7590695 -0.6510605 0.008707499 66.78467 0.65054977 0.7577796 -0.051938735 52.98706 0.027206575 0.045089003 0.99861264 4.006836
0.7518629 -0.6593637 0.003761142 67.47241 0.65833867 0.75035006 -0.06029824 53.584473 0.036938563 0.04780787 0.9981728 4.04187
0.7423525 -0.67011154 0.00029478315 68.15845 0.6687747 0.7408432 -0.06346108 54.19995 0.042305052 0.04730821 0.99798405 4.085449
0.73400545 -0.6790719 0.0018378166 68.83154 0.6778873 0.7325598 -0.061087504 54.835205 0.040137835 0.046086732 0.99813104 4.121338
0.72556067 -0.68825865 0.0045113266 69.50879 0.6872896 0.7241573 -0.058193892 55.473877 0.036785036 0.045322455 0.9982946 4.182617
0.7175127 -0.69653124 0.0013084253 70.15967 0.695465 0.7163072 -0.056690853 56.11035 0.038555175 0.041589208 0.9983907 4.2264404
0.7125276 -0.701609 -0.006621364 70.80347 0.7001669 0.7116114 -0.058047034 56.76367 0.04544001 0.036716875 0.99829155 4.278076
0.7080823 -0.70591533 -0.0172657 71.44849 0.7040924 0.707685 -0.058566064 57.428223 0.053569928 0.029323252 0.99813426 4.326172
0.7048075 -0.70901513 -0.021312848 72.09302 0.7071319 0.7046671 -0.05759747 58.08789 0.05586973 0.025519636 0.99811167 4.3865967
0.7037611 -0.7101592 -0.023543017 72.73779 0.7082294 0.7037537 -0.057454735 58.754883 0.05736666 0.023759583 0.9980702 4.4489746
0.69910455 -0.71455896 -0.024783181 73.387695 0.7126987 0.6992181 -0.055764463 59.425293 0.057182558 0.02132533 0.99813634 4.5177
0.69568616 -0.7180845 -0.020954555 74.02246 0.7165051 0.69567764 -0.052126937 60.0896 0.05200121 0.021245033 0.99842066 4.578491
0.69052225 -0.72307587 -0.017949367 74.67139 0.7216249 0.69039947 -0.050856944 60.75415 0.049177326 0.022159461 0.9985438 4.6259766
0.686504 -0.7269623 -0.016549198 75.32349 0.7257082 0.6863975 -0.047336046 61.43286 0.045778308 0.020483479 0.9987415 4.703491
0.6814829 -0.7314764 -0.021001838 75.937256 0.7303475 0.68166393 -0.042945694 62.110107 0.045735046 0.013928177 0.99885666 4.7529297
0.676734 -0.7356794 -0.02850829 76.52466 0.73464185 0.67730975 -0.039485395 62.766113 0.04835498 0.0057752253 0.99881345 4.796509
0.6695024 -0.7422301 -0.030147102 77.13745 0.74101335 0.67015004 -0.042964984 63.444824 0.05209232 0.0064251656 0.99862164 4.8604736
0.6642819 -0.7469351 -0.030201316 77.76123 0.7455567 0.66491836 -0.046072282 64.11206 0.05449485 0.008094465 0.9984817 4.9212646
0.6587074 -0.75180507 -0.029458473 78.34204 0.75053865 0.6593289 -0.044172637 64.77246 0.052634817 0.006982564 0.9985894 4.97876
0.65491706 -0.7552849 -0.026882749 78.930664 0.75426275 0.65544367 -0.03968638 65.45508 0.04759688 0.005711604 0.9988502 5.0463867
0.64790887 -0.76120186 -0.025864605 79.5271 0.7603482 0.6484132 -0.03624841 66.16797 0.04436694 0.0038255984 0.99900854 5.102417
0.64330286 -0.76511526 -0.029654112 80.10327 0.76418847 0.64398354 -0.03767664 66.85864 0.047926396 0.0015838495 0.99885005 5.1516113
0.6381495 -0.76927865 -0.029758777 80.676025 0.7681875 0.6388335 -0.041101277 67.552734 0.050633155 0.003377991 0.9987123 5.20813
0.633045 -0.7735831 -0.030377857 81.23877 0.7724716 0.6337671 -0.04154674 68.24756 0.05138997 0.0028351764 0.99867463 5.257202
0.62732685 -0.77827036 -0.031027004 81.79614 0.77721465 0.6280925 -0.040546264 68.95239 0.05103276 0.0013228315 0.9986959 5.3094482
0.6208334 -0.78335124 -0.027309025 82.35889 0.78226644 0.62141865 -0.041435502 69.64966 0.049435515 0.00435129 0.9987675 5.3704834
0.61420816 -0.7888262 -0.023801273 82.91699 0.78763944 0.6146136 -0.044044025 70.34888 0.049361687 0.008298586 0.998746 5.427002
0.60795105 -0.79375833 -0.02189744 83.49365 0.79254264 0.6082628 -0.045036003 71.07324 0.04906569 0.0100212125 0.9987451 5.4835205
0.6022082 -0.79788214 -0.027588502 84.03003 0.7968096 0.6028321 -0.041453894 71.79541 0.049715314 0.0029857238 0.99875945 5.531616
0.5962287 -0.8022564 -0.029752761 84.57861 0.8013209 0.5969703 -0.038739547 72.54834 0.048839867 -0.0007494594 0.99880606 5.5773926
0.59302795 -0.8046388 -0.027421402 85.11499 0.80371165 0.59366107 -0.038627826 73.28662 0.047362864 0.0008624573 0.99887717 5.643921
0.58944374 -0.80729556 -0.025800172 85.64526 0.80629486 0.5900006 -0.040292673 74.000244 0.04775727 0.0029462934 0.9988548 5.6866455
0.58548504 -0.81030655 -0.025199894 86.18555 0.8092457 0.58601344 -0.041652393 74.727295 0.04851327 0.0040001986 0.99881476 5.7385254
0.5801115 -0.8143042 -0.019103162 86.7312 0.81319016 0.5803423 -0.043701667 75.45996 0.046676375 0.009827875 0.9988624 5.7874756
0.57542694 -0.81782997 -0.010765739 87.24878 0.8167433 0.5752632 -0.045609716 76.18677 0.043491375 0.01744391 0.99890107 5.8432617
0.5719377 -0.8203284 -0.006523529 87.78247 0.8192693 0.5715722 -0.04686472 76.934326 0.042173862 0.02145148 0.99887955 5.887329
0.5689307 -0.8223221 -0.009677794 88.281006 0.82120335 0.56870764 -0.04676186 77.66162 0.04394992 0.018647308 0.9988592 5.9295654
0.56527936 -0.82486707 -0.011958053 88.77466 0.82365465 0.5651427 -0.04791409 78.41406 0.04628292 0.017238835 0.9987798 5.984375
0.5656134 -0.8246753 -0.012119682 89.281494 0.8235053 0.5655011 -0.046919852 79.16553 0.04554728 0.016547577 0.99882454 6.034668
0.5637137 -0.8257626 -0.011136167 89.77515 0.8246582 0.563578 -0.04583215 79.8999 0.044125177 0.016650712 0.99888724 6.0787354
0.5638751 -0.82577914 -0.00658429 90.27734 0.824901 0.56361294 -0.04229733 80.64307 0.038636543 0.018414294 0.9990835 6.1394043
0.5627033 -0.8267693 -0.003519672 90.779785 0.8261506 0.56243765 -0.036514733 81.38135 0.032169588 0.017635046 0.99932665 6.188965
0.5608071 -0.8278618 -0.0014815023 91.26929 0.82732415 0.5605056 -0.03508274 82.10864 0.0298716 0.018451072 0.99938357 6.228882
0.56103164 -0.82778406 -0.0049484875 91.759766 0.82705724 0.56077236 -0.038977448 82.838135 0.03502606 0.017773572 0.9992283 6.2634277
0.559997 -0.82842964 -0.00599052 92.25342 0.8275465 0.5597085 -0.042677425 83.56372 0.03871176 0.018940873 0.9990709 6.3027344
0.56095517 -0.8279447 -0.0075867604 92.735596 0.8271072 0.56076086 -0.04075097 84.29248 0.037997857 0.016585829 0.99914014 6.3393555
0.56160176 -0.8272363 -0.008561832 93.21216 0.8264472 0.5614701 -0.039070737 85.01807 0.037132554 0.014872985 0.9992 6.3826904
0.5597312 -0.8286538 -0.0041455207 93.71069 0.8278674 0.5594052 -0.04104974 85.73389 0.03633221 0.019551454 0.9991487 6.4334717
0.55839235 -0.82955074 -0.004849387 94.19458 0.8286454 0.558039 -0.04381831 86.45923 0.039049655 0.020453881 0.999028 6.4838867
0.55850244 -0.8292403 -0.0150579065 94.673096 0.8283176 0.5586145 -0.04038538 87.17578 0.041909665 0.010078363 0.9990704 6.51709
0.5580381 -0.829534 -0.019691516 95.13867 0.82856804 0.5583498 -0.040525526 87.89746 0.04460681 0.0063049914 0.9989849 6.5548096
0.5592201 -0.82874465 -0.02117371 95.607666 0.82760566 0.5595761 -0.04401462 88.6167 0.0483198 0.007091092 0.99880666 6.6132812
0.5583094 -0.8293962 -0.019309808 96.079346 0.8282623 0.5585757 -0.044216692 89.323975 0.047458455 0.008691432 0.99883527 6.668213
0.5575994 -0.82977235 -0.020681206 96.53906 0.82858425 0.55792516 -0.0451043 90.03345 0.048972107 0.008011829 0.998768 6.704468
0.5567942 -0.8305343 -0.014766395 97.0166 0.8293221 0.5568168 -0.04696372 90.753174 0.047219522 0.013901513 0.99878776 6.7526855
0.55380094 -0.8326021 -0.0062808637 97.491455 0.83154964 0.553453 -0.046644364 91.456055 0.042315118 0.020604365 0.9988917 6.8065186
0.5523801 -0.83337814 0.0022165943 97.96167 0.832596 0.5517426 -0.044863787 92.16162 0.036168464 0.026630636 0.99899113 6.864746
0.54987013 -0.83523333 0.006703607 98.42822 0.83452153 0.5490289 -0.046450786 92.87329 0.03511548 0.031134494 0.9988982 6.904663
0.54593563 -0.83783954 0.0021766182 98.85742 0.83698297 0.54525673 -0.04669382 93.548584 0.037926696 0.027310278 0.9989072 6.9606934
0.5404664 -0.8414781 0.0037659109 99.33325 0.8404587 0.53957975 -0.05182572 94.28931 0.04157284 0.031172223 0.998649 6.9925537
0.53371024 -0.84571904 0.0024556788 99.76929 0.8445957 0.5328473 -0.053148378 94.98584 0.043638166 0.030435003 0.9985835 7.036621
0.52488357 -0.8510945 0.0076604197 100.17993 0.85020584 0.5238741 -0.05126464 95.65234 0.039628323 0.03341857 0.9986553 7.0701904
0.51579416 -0.8565745 0.015959539 100.60425 0.8559474 0.5144446 -0.05214636 96.34253 0.03645956 0.04056247 0.99851185 7.107788
0.50350267 -0.86370784 0.017058916 101.02026 0.86302614 0.50203323 -0.054288816 97.059326 0.03832509 0.042066887 0.99837995 7.1625977
0.4909894 -0.8708377 0.01978331 101.409424 0.8701557 0.48931608 -0.056749247 97.74585 0.039736565 0.045083966 0.99819285 7.2022705
0.47857723 -0.8776868 0.024052376 101.80591 0.8771207 0.47667247 -0.058230136 98.46167 0.03965202 0.048963223 0.99801284 7.2490234
0.4683529 -0.88305706 0.0262574 102.11426 0.8824488 0.46620393 -0.061426766 99.06079 0.042004168 0.05195185 0.9977665 7.281494
0.45533046 -0.89004105 0.020167569 102.51587 0.8889072 0.45326427 -0.06559418 99.85205 0.049237072 0.047802575 0.99764305 7.328369
0.44428712 -0.8958018 0.008601465 102.84253 0.89384484 0.44263405 -0.071002886 100.55078 0.059814595 0.03923688 0.9974382 7.3759766
0.43204755 -0.9017878 -0.0019951612 103.124756 0.8991699 0.4309593 -0.075225994 101.18115 0.068700716 0.030715633 0.9971649 7.427368
