1.000000000000000000e+00 -3.306050084167601550e-19 -2.270457535318767223e-19 -8.673617379884035472e-19 7.546676715296109287e-19 1.000000000000000000e+00 6.237773588823049983e-19 1.387778780781445676e-17 -3.447385680526250622e-20 4.770700176052009879e-20 1.000000000000000222e+00 5.551115123125782702e-17
-3.680098280948679301e-01 -7.854269046379456359e-03 9.296771708366989850e-01 -3.341138766624048628e+00 -2.655097692940773177e-02 9.996449904292267208e-01 -2.083109543801739839e-03 4.019756000162146015e-02 -9.293308172543627288e-01 -2.546283307419968875e-02 -3.680875034140706492e-01 4.719449270232363602e+00
-8.758230440570712316e-01 -2.610771585175292175e-02 4.815242735752940373e-01 1.514002303455673992e+00 -3.642197536920079026e-02 9.992628353195197599e-01 -1.212009679636185701e-02 3.308329308499284582e-02 -4.808530834605220794e-01 -2.814892584949908738e-02 -8.761281395557529716e-01 6.699837379624534073e+00
-9.474708280209368505e-01 -3.662591326206750264e-02 -3.177940553666857015e-01 5.417080616142426308e+00 -2.927782062032180041e-02 9.991851831629045000e-01 -2.776055031928571087e-02 6.234691752419768696e-02 3.185516986520025018e-01 -1.700375937181078032e-02 -9.477712456296385479e-01 6.022858840399235802e+00
-9.984451514571768271e-01 -3.657448362771275469e-02 6.128467744432149894e-02 7.666181393195529381e+00 -3.769177040917794791e-02 9.991473944848282551e-01 -1.689437899815512262e-02 6.047726881825477019e-02 -6.061491016245958846e-02 -1.914854392047097426e-02 -9.989727546548490267e-01 2.882257207357407314e+00
-9.987695251831096854e-01 -3.523787620503114615e-02 -2.445203112160601946e-02 1.101657631029375040e+01 -3.475800985151003553e-02 9.992399255233839206e-01 -1.758228570360775497e-02 3.509449881343785355e-02 2.505277048169783985e-02 -1.672312270391446490e-02 -9.992352728912387017e-01 4.524146322240932827e-01
-9.032981618892437226e-01 -3.233408119894553429e-02 -4.284282509832540442e-01 1.369244334713831535e+01 -2.431288898582505131e-02 9.994119088321370414e-01 -2.418381743225983538e-02 8.391260493231064710e-02 4.289581866188154624e-01 -1.142300204236280925e-02 -9.035531933921731040e-01 -2.041260726135626591e+00
-9.355780961517007333e-01 -2.976676562970317214e-02 -3.513066635963931761e-01 1.433413464561442829e+01 -2.356671764234553185e-02 9.994820586728901946e-01 -2.191393052639866584e-02 1.702476550265021038e-02 3.517770336469818737e-01 -1.222323014244111432e-02 -9.357949842497053083e-01 -4.671318126482979949e+00
-7.355332207596785299e-01 -2.995007569534397993e-02 -6.769823495202840213e-01 1.493782380000492260e+01 -1.965332880312365901e-02 9.995450332933316639e-01 -2.288862546686299543e-02 5.200140512387223246e-02 6.773599380010103532e-01 -3.531857982249305989e-03 -7.357870462792281963e-01 -5.971284886167881112e+00
-8.476433410904705701e-01 -2.606079694767194158e-02 -5.298717943856070534e-01 1.462347260524660619e+01 -2.065336439137329533e-02 9.996567698217089237e-01 -1.612280527783185521e-02 4.323539181268945542e-03 5.301099931196840975e-01 -2.718988338602138389e-03 -8.478905039265508536e-01 -6.535162619828511765e+00
-6.766964212686232827e-01 -1.568319569693974597e-02 -7.362842443283741378e-01 1.446622693820518002e+01 -1.428191492961448407e-02 9.998646796774532941e-01 -8.162987665326760719e-03 7.387901305764763005e-03 7.363126363179779421e-01 4.991350008993703652e-03 -6.768287226956342106e-01 -6.251538179543751461e+00
-7.827804855151788699e-01 -8.802403071895935696e-03 -6.230837934137126721e-01 1.418883328119025755e+01 -7.832639193726405324e-03 9.999601750732788341e-01 -4.284162855848853806e-03 -2.653278101358275132e-02 6.230967679683069305e-01 1.526830796101179841e-03 -7.828182317333929330e-01 -6.916370160082389695e+00
-5.971857953401369379e-01 -6.212691468217718289e-03 -8.018796158080184755e-01 1.396952385331954716e+01 -7.905433351757572627e-03 9.999669270116169351e-01 -1.838232595232113572e-03 -1.444492822066996418e-02 8.018646598583230034e-01 5.243244785509931609e-03 -5.972151188121355148e-01 -6.453809526071223601e+00
-6.999131947594312564e-01 -2.750374918709366269e-03 -7.138677138613337414e-01 1.390840894443723208e+01 -5.965186283053131207e-03 9.999801062554771747e-01 2.015369051334885489e-03 -2.399671066783744255e-02 7.138480070064767702e-01 5.668621367608904678e-03 -6.999155514611032913e-01 -7.112044241681621415e+00
-5.183416776809768312e-01 2.449766527502851652e-03 -8.552179758787278319e-01 1.352032576761801508e+01 -5.222079827106046110e-03 9.999682644823560951e-01 6.020555619304049366e-03 -1.097324236291205568e-02 8.552056198262673048e-01 7.586604009144534352e-03 -5.183124708002501135e-01 -6.621557055729392793e+00
-6.023649343131113332e-01 8.588320737752510106e-03 -7.983279076188627421e-01 1.378617788184633319e+01 2.416173753461902871e-03 9.999572230706681442e-01 8.937839925779090047e-03 -3.869871356954696084e-02 7.983705383997091731e-01 3.454200345028882353e-03 -6.023597543489873640e-01 -7.098672127660321962e+00
-4.152024401826623912e-01 1.221605584649190952e-02 -9.092454590049572349e-01 1.302099627344748356e+01 4.317523470732052490e-03 9.999249641998394500e-01 1.145791653644169690e-02 -2.642160420921768615e-02 9.093172752820545268e-01 8.321774997413737421e-04 -4.152240506113389351e-01 -6.633416098752196177e+00
-4.547453298545963141e-01 1.570538119450714393e-02 -8.903447463789041505e-01 1.335166821208537158e+01 9.188506996603158436e-03 9.998740261998002588e-01 1.294161506597422268e-02 -4.186667434956789502e-02 8.904358920807532440e-01 -2.296113071836362613e-03 -4.548323086727795728e-01 -7.090812035028943860e+00
-3.182457871228540069e-01 1.730691919959988223e-02 -9.476353064445238727e-01 1.247577688446543043e+01 1.019166377727365874e-02 9.998380156709433253e-01 1.483035203074838798e-02 -3.788186026900142167e-02 9.477385752520528506e-01 -4.936283290954833654e-03 -3.183705235882199336e-01 -6.650109712933590878e+00
-3.400977206852464629e-01 1.831014369345108569e-02 -9.404641285062661504e-01 1.268670512854481380e+01 8.316779205137975889e-03 9.998299105937961118e-01 1.646585365545510243e-02 -2.122919483176426148e-02 9.406057424111108345e-01 -2.225657213596177880e-03 -3.401921065001939359e-01 -7.159926647678134692e+00
-2.260670556405135201e-01 1.955255699955604776e-02 -9.739787323772000072e-01 1.173332923091663105e+01 6.376621621710301148e-03 9.998068077877330095e-01 1.859178314437668136e-02 -2.648574449659664432e-02 9.741542091132958658e-01 -2.009631545761302041e-03 -2.261481106019236631e-01 -6.654079082953876068e+00
-2.260524585031275235e-01 2.097608077022589460e-02 -9.739869236109174322e-01 1.181337693748798756e+01 6.849025383413625406e-03 9.997776491072561944e-01 1.994299598109241720e-02 -1.225560798715247257e-02 9.741887680329244237e-01 -2.164470444336555333e-03 -2.261457978133342706e-01 -7.126396616021412278e+00
-1.394914308280596482e-01 2.299760427095024276e-02 -9.899891257917187160e-01 1.078510222322118572e+01 6.008989971158482796e-03 9.997315141584185438e-01 2.237833022885182127e-02 -2.205220659343522238e-02 9.902380812223365858e-01 -2.825432418051914384e-03 -1.395921373302595747e-01 -6.660332921011360874e+00
-1.296928056168205889e-01 2.355931147540209561e-02 -9.912491738064511670e-01 1.084523142999583634e+01 5.576589477271273569e-03 9.997191911807670195e-01 2.303253764890620184e-02 4.481226808122212857e-04 9.915135283466350868e-01 -2.537282313465859685e-03 -1.297876594248777993e-01 -7.117966387983376997e+00
-5.421714479270042797e-02 2.228973914072909790e-02 -9.982574602033437161e-01 9.742778783822164002e+00 4.971146157963220701e-03 9.997444082866249193e-01 2.205359379754557453e-02 -7.748712880762065325e-03 9.984940041973274782e-01 -3.764092200108893563e-03 -5.431399545231368337e-02 -6.586720031174796652e+00
-5.591107876326351783e-02 1.994084622344448679e-02 -9.982353325302765201e-01 9.740079335509747693e+00 8.165604195054384021e-03 9.997762861826471337e-01 1.951430337931030212e-02 7.608909280322484481e-03 9.984011731158365377e-01 -7.057670537385669213e-03 -5.606127290486091069e-02 -7.009208026344098563e+00
1.523954112165902368e-02 1.604141079127179015e-02 -9.997572668972448673e-01 8.633640422219489352e+00 9.686932298982724523e-03 9.998219951107008008e-01 1.619053253008289131e-02 3.110382026569338820e-03 9.998391503776266065e-01 -9.931999072806570183e-03 1.508143321948506033e-02 -6.465376559372367993e+00
-2.222218712374790430e-03 1.416240233036419535e-02 -9.998969392887953056e-01 8.510400914454940846e+00 1.238099380179666364e-02 9.998233783408203568e-01 1.413304472501560223e-02 1.881242870039766257e-02 9.999205484269418909e-01 -1.235024648336322667e-02 -2.397127928177024588e-03 -6.848109189748026182e+00
6.702598394083358890e-02 1.239545669233885553e-02 -9.977035176240710568e-01 7.424000141632252081e+00 1.309099939714795588e-02 9.998257990800495376e-01 1.330076924794034582e-02 2.018805382356624739e-02 9.976947238008938568e-01 -1.395091398344870497e-02 6.685205973824934200e-02 -6.334674759856892656e+00
4.201470350760935085e-02 1.287374079180154084e-02 -9.990372997069152383e-01 7.300020427933706202e+00 1.568574504042349188e-02 9.997851669452073597e-01 1.354418377695317324e-02 2.903011899028551390e-02 9.989970985690296290e-01 -1.624040204742425303e-02 4.180375752693887836e-02 -6.691893869750037638e+00
9.455269582855284349e-02 1.345943180261697375e-02 -9.954639502244500004e-01 6.109064516300758640e+00 1.598930846222169216e-02 9.997590432998725296e-01 1.503522458780363717e-02 2.475291893044988950e-02 9.954266517780595569e-01 -1.733566025777065478e-02 9.431466944854001444e-02 -6.211234384355329929e+00
6.807974826019121128e-02 1.666444451589559755e-02 -9.975367722057210118e-01 5.927207113675449612e+00 1.585775304295706026e-02 9.997160497850747785e-01 1.778042606843881906e-02 3.564774665376167773e-02 9.975500464281917834e-01 -1.702418633556723390e-02 6.779618574990019242e-02 -6.517456436097758932e+00
1.173053062846044492e-01 1.814396431532677365e-02 -9.929486580483826152e-01 4.688982078236843876e+00 1.361678869296190086e-02 9.997096444014509364e-01 1.987516540840287074e-02 4.792163255614566991e-02 9.930211346646404813e-01 -1.585356566880156276e-02 1.170241994923772594e-01 -6.072993377304851670e+00
1.036071675439058232e-01 2.185066887150091675e-02 -9.943670826865737000e-01 4.362546552382132070e+00 1.259684503693632440e-02 9.996495881513632886e-01 2.327729615846982694e-02 5.041484354288868625e-02 9.945275153104680133e-01 -1.493780559220870413e-02 1.032956454897667603e-01 -6.147194734819213302e+00
1.374372390914994080e-01 2.203234513532598832e-02 -9.902877990063153613e-01 3.204555909564737792e+00 1.197012440554049741e-02 9.996426248028447148e-01 2.389787589426907444e-02 6.196784468423630066e-02 9.904604598039506991e-01 -1.514372421012315922e-02 1.371243902560466410e-01 -5.846500652086659144e+00
1.253803159714406146e-01 2.651341674535083806e-02 -9.917705573201397451e-01 2.884568014142983916e+00 1.073072517418315920e-02 9.995480674497982942e-01 2.807761392119617963e-02 7.276613176305489483e-02 9.920669475115292402e-01 -1.416186867573235829e-02 1.250391991025839589e-01 -5.983195523542468308e+00
1.594606184630864842e-01 2.554294275286608101e-02 -9.869045006206553783e-01 1.636045200062092864e+00 1.201156430213465645e-02 9.995409594447242085e-01 2.780941911695345575e-02 8.071822849282125900e-02 9.871620954217681376e-01 -1.628534825040307138e-02 1.590806503951450734e-01 -5.624047944874546623e+00
1.490229475114601410e-01 3.090372531440947756e-02 -9.883921217274029836e-01 1.280189176785632377e+00 8.666216699715399360e-03 9.994323789474847120e-01 3.255265640185090598e-02 1.010573315075975337e-01 9.888372528613862400e-01 -1.342033381768359401e-02 1.486704749851089080e-01 -5.691201712886530650e+00
1.835052840473268276e-01 3.281148448493367148e-02 -9.824729347664282741e-01 1.505626245493024706e-02 8.886543755737667111e-03 9.993466476534587084e-01 3.503309387656645957e-02 1.249643692449536325e-01 9.829805754672360507e-01 -1.516379755745929543e-02 1.830936906241580897e-01 -5.353200461065896754e+00
1.746602617102323007e-01 3.915506268580930954e-02 -9.838690902065402311e-01 -3.090551956928269117e-01 7.660262651029780580e-03 9.991244786016603152e-01 4.113122675096325676e-02 1.359602391904977392e-01 9.846187477182545278e-01 -1.471569294388461006e-02 1.742076798846406704e-01 -5.473129208520287392e+00
2.089776646330250287e-01 3.856812245634654718e-02 -9.771504506135686441e-01 -1.589563799678816114e+00 7.582366536627356372e-03 9.991279725471076123e-01 4.106011709033738355e-02 1.564263067979966004e-01 9.778821976573517372e-01 -1.598811685751080902e-02 2.085030987388661883e-01 -5.036184541478593957e+00
2.006260944987333650e-01 4.155395956146790831e-02 -9.786861376416895464e-01 -1.879231747208196746e+00 7.083013839151135714e-03 9.990125692838386362e-01 4.386305511686228176e-02 1.749493863974631302e-01 9.795421723445012496e-01 -1.574071980488862127e-02 2.001334736209162690e-01 -5.153515674402799895e+00
2.384102562208477716e-01 3.835630550873989075e-02 -9.704050054046587936e-01 -3.210797501398858778e+00 7.133961362305461101e-03 9.991237476886315472e-01 4.123628790897175544e-02 1.913045446745434974e-01 9.711365105714503398e-01 -1.675912510260044175e-02 2.379274492899074445e-01 -4.656425135966042461e+00
2.323341686111259630e-01 4.039718340241170436e-02 -9.717422054094478900e-01 -3.446849959280639641e+00 4.974714993246091149e-03 9.990747083423164865e-01 4.272534005060080881e-02 2.122293803499900600e-01 9.725689340326104659e-01 -1.476704423662393573e-02 2.319182030579255427e-01 -4.769549060376784944e+00
2.743752179312421435e-01 3.668877543561136628e-02 -9.609944098703457893e-01 -4.779480355166067618e+00 4.561126492615800998e-03 9.992108569761914971e-01 3.945316804792411286e-02 2.310897429148568993e-01 9.616840070278411812e-01 -1.520402974918120230e-02 2.739914850405341107e-01 -4.236559674042430501e+00
2.816805694161834128e-01 3.870085432832488792e-02 -9.587930682149478079e-01 -5.055316696730461246e+00 -9.455063810527182793e-04 9.991967638518208794e-01 4.005844123373271393e-02 2.559044854079476905e-01 9.595738278191102699e-01 -1.037305302770642063e-02 2.814910298740093131e-01 -4.320370593784355506e+00
3.285801318378034908e-01 3.652988668221491403e-02 -9.436932671097956193e-01 -6.424441923016891209e+00 -2.228954103766933419e-03 9.992790039599210861e-01 3.790338282943163384e-02 2.759594702359287055e-01 9.443973876821947222e-01 -1.035321875894558430e-02 3.284246302335409040e-01 -3.715984455004861520e+00
3.398811128836326523e-01 4.063584871192221087e-02 -9.394410314669264794e-01 -6.685586395466796006e+00 -7.033650134389496725e-03 9.991480288588571179e-01 4.066573137727313297e-02 2.925989898854484128e-01 9.402929851952738227e-01 -7.216312380451867826e-03 3.398772691900512899e-01 -3.725030744722266807e+00
3.899242611524603164e-01 3.672522243933731140e-02 -9.199539932714758672e-01 -7.994876957968476638e+00 -4.804488734300864025e-03 9.992719994360907965e-01 3.785536301430587891e-02 3.089900027974459840e-01 9.206741923367928182e-01 -1.034612359944990338e-02 3.898167770930286435e-01 -3.072320376840802503e+00
4.070832628638219042e-01 3.813115678382378998e-02 -9.125629700661218591e-01 -8.222518225923481694e+00 -8.375187574207519289e-03 9.992422216768058751e-01 3.800662775927276388e-02 3.296073126827197552e-01 9.133207739218118792e-01 -7.830477777903207745e-03 4.070939469073552308e-01 -3.075117902885567744e+00
4.487640155521707697e-01 3.439087496872857835e-02 -8.929203936178652379e-01 -9.496420983123272208e+00 -7.759699816659579481e-03 9.993716067590583396e-01 3.458662426773791848e-02 3.338460811035224851e-01 8.935487743708068198e-01 -8.590920448778146742e-03 4.487487892621810359e-01 -2.321861407656445220e+00
4.643604161153628285e-01 3.400138608703402038e-02 -8.849454255419200166e-01 -9.723774431675900942e+00 -1.211879497536023226e-02 9.994132446607781883e-01 3.203325274584053334e-02 3.645507019001211768e-01 8.855155920384761847e-01 -4.147463892236250699e-03 4.644999872474646074e-01 -2.269293414996583991e+00
5.044927645634389446e-01 2.554450669344314820e-02 -8.631076726556726753e-01 -1.108830193039328904e+01 -5.918822747854456980e-03 9.996411769365349809e-01 2.612572717530329061e-02 3.588167865661169298e-01 8.634654394218203022e-01 -8.075267698553517670e-03 5.044628364159808864e-01 -1.457502213064721053e+00
5.149123356770030080e-01 1.969083319951639086e-02 -8.569378349230096781e-01 -1.135287329010873059e+01 -2.163778625660498986e-03 9.997628414310694156e-01 2.167194301796333822e-02 3.738594912719258589e-01 8.571613308141274867e-01 -9.305266999617266971e-03 5.148328771483670074e-01 -1.240918820792468624e+00
5.604055669058638500e-01 8.939008592457610772e-03 -8.280925946586407127e-01 -1.255698455777759293e+01 7.180897477815153217e-03 9.998517377606201961e-01 1.565146653637774707e-02 3.643521535527419197e-01 8.281098762519282230e-01 -1.471594100561502555e-02 5.602582206745501114e-01 -5.172657136672415001e-01
5.671773132699878817e-01 4.059863988807147633e-03 -8.234648080940550896e-01 -1.275193627639686333e+01 1.119622990154761286e-02 9.998574600794298828e-01 1.263728641661673695e-02 3.714542067497019762e-01 8.233988220348187337e-01 -1.638657966835019297e-02 5.670510606769190165e-01 -2.772894570804596559e-01
6.060483246765849819e-01 -7.277146843197615858e-03 -7.952123221201473635e-01 -1.394466222851968240e+01 2.195128896157435769e-02 9.997302930483484840e-01 7.580519860019017779e-03 3.569006105137047524e-01 7.949426443532308095e-01 -2.205457344182247190e-02 6.060447861103634981e-01 5.218248866567751776e-01
6.124304397791900945e-01 -1.551898289621186401e-02 -7.904577972460086199e-01 -1.410631665460411632e+01 2.663824427434211342e-02 9.996447472251254185e-01 1.015007779424880385e-03 3.462299660526770295e-01 7.901612928348389353e-01 -2.167357977403260375e-02 6.126260387532838081e-01 7.925978509171409669e-01
6.484398668223578799e-01 -3.235938281729652810e-02 -7.605130748045835221e-01 -1.526710027081569621e+01 3.312051623766396752e-02 9.993496347018875348e-01 -1.427257440719563453e-02 3.120131319522458924e-01 7.604803923987082381e-01 -1.593199499783444148e-02 6.490892535683757680e-01 1.624001670678226761e+00
6.540712767319357690e-01 -4.446386133453863326e-02 -7.551843397837744165e-01 -1.540111206103378017e+01 3.327389866956596137e-02 9.989954690733515719e-01 -3.000524920350909966e-02 2.849955023184516101e-01 7.557602170140168552e-01 -5.507464549949516591e-03 6.548944797043564359e-01 1.888870563652810697e+00
6.895409706052589849e-01 -5.778782192197037815e-02 -7.219950434908786185e-01 -1.652005783055489729e+01 3.538082651329127470e-02 9.983090422854715706e-01 -4.611891972040554899e-02 2.353681783350770607e-01 7.234396636741808884e-01 6.253999450554157020e-03 6.904201363402268088e-01 2.737335941075163426e+00
6.957398088794048974e-01 -6.663460470516474610e-02 -7.150465492523704336e-01 -1.668004167707792362e+01 3.806402031411210141e-02 9.977098972445719305e-01 -5.592276217823258233e-02 1.933549599284736797e-01 7.171342978580107497e-01 1.169516179059698624e-02 6.966814693940593939e-01 3.072870780203283747e+00
7.284161853367125961e-01 -7.257991032397063946e-02 -6.812559273037890328e-01 -1.769958738033300705e+01 4.488384976440746438e-02 9.972923515844961395e-01 -5.826303765935339496e-02 1.132219210411776478e-01 6.836393549089284649e-01 1.186511888399790007e-02 7.297012283223215379e-01 3.946332558052266126e+00
7.281191420891918176e-01 -7.158869116069872807e-02 -6.815952849567569194e-01 -1.784197545540021679e+01 4.504211372653255802e-02 9.973783022481532701e-01 -5.663712061512912732e-02 7.608963276803325237e-02 6.838627446391645215e-01 1.053016149739503804e-02 7.294354837479820608e-01 4.322966154893284951e+00
7.589798132924581164e-01 -7.166931403947152113e-02 -6.470283520053546900e-01 -1.881410298487476496e+01 5.279791887406481282e-02 9.974264991392393087e-01 -4.853302607826080056e-02 -8.012619734661725890e-03 6.488399443285176593e-01 2.682606204242190574e-03 7.608076877933700466e-01 5.239022472842696843e+00
7.569360825164410667e-01 -7.235345416289165610e-02 -6.494653801712505503e-01 -1.898501853491097080e+01 5.759380535907886872e-02 9.973699067619264946e-01 -4.398838464620655891e-02 -3.546490593364205052e-02 6.509405818487451478e-01 -4.114926801823324404e-03 7.591135196556538789e-01 5.645066170959655238e+00
7.805634680750888066e-01 -7.580453326771223466e-02 -6.203300697372861050e-01 -1.983302450313323106e+01 6.426285910923944245e-02 9.970915378011838692e-01 -4.097625917563736675e-02 -1.133401986161190478e-01 6.216315427989643760e-01 -7.886690044985126755e-03 7.831646199782197337e-01 6.530968757139783420e+00
7.774573468891224914e-01 -7.851883082980708195e-02 -6.239052975610712704e-01 -2.011609729096759480e+01 6.556576250522223870e-02 9.968907432257478884e-01 -4.374148122476295003e-02 -1.519967517236869847e-01 6.253986321372924095e-01 -6.891525333521606074e-03 7.801845570180032663e-01 6.991831626731276117e+00
7.921218720960092607e-01 -8.127681468584492530e-02 -6.049235994246440207e-01 -2.074260700864365603e+01 6.827264044424681544e-02 9.966739969169939872e-01 -4.450358414225051573e-02 -2.196477711018417212e-01 6.065287521517700453e-01 -6.043275476127444625e-03 7.950349048174110145e-01 7.780935786797114950e+00
7.951172075461434563e-01 -7.816389024336592439e-02 -6.014806144973893209e-01 -2.116900070181440796e+01 6.178807833877171529e-02 9.969382119366685391e-01 -4.789301570161112742e-02 -2.687818452550203019e-01 6.033837509286960055e-01 9.080689500148551342e-04 7.975156392673407035e-01 8.332679790598232827e+00
8.051865185152410342e-01 -7.579884945883075265e-02 -5.879863371393379001e-01 -2.171062404185717298e+01 6.068198598050823789e-02 9.971219148889616246e-01 -4.543714335514817404e-02 -3.188991308763643451e-01 5.897379852869589767e-01 8.898520902337451761e-04 8.074700304362824044e-01 9.093399035310913092e+00
8.101987150224398970e-01 -7.770360745867402330e-02 -5.808643529203192379e-01 -2.214364277123992153e+01 6.304516862254394560e-02 9.969753037679224272e-01 -4.542919156096416472e-02 -3.699641846456311889e-01 5.826374877816085096e-01 1.708632533560679981e-04 8.126489601830266807e-01 9.658734592046293699e+00
8.145223310018634422e-01 -8.127009813325256071e-02 -5.744636999650716280e-01 -2.264983116023157805e+01 6.686433136312530667e-02 9.966916344205972722e-01 -4.619843497958104478e-02 -4.259648739887666458e-01 5.763183357630898840e-01 -7.797465456551480167e-04 8.172619390422611874e-01 1.043195901994924490e+01
8.174743564652703354e-01 -8.339540259439141845e-02 -5.700650087660538157e-01 -2.310014829393211500e+01 6.758054830827095460e-02 9.965143141830465900e-01 -4.888990365353031164e-02 -4.746273686513773904e-01 5.721564991270554623e-01 1.445112561924339657e-03 8.202628642904956635e-01 1.101424472718545822e+01
8.165692136967244164e-01 -8.454390482386993366e-02 -5.709622306350006227e-01 -2.361504979066732801e+01 6.725093414692216720e-02 9.964127126006389057e-01 -5.136189767537679973e-02 -5.202103034150579175e-01 5.732564648122610018e-01 3.533982839350428753e-03 8.193269740589295136e-01 1.181169109617046331e+01
8.142548378320405567e-01 -8.617063900144085464e-02 -5.741764243201719076e-01 -2.409638038422154693e+01 6.951979473844809021e-02 9.962792197976167996e-01 -5.093578664777292930e-02 -5.757538611941588336e-01 5.764298741871791698e-01 1.564760473066715684e-03 8.172156238431211861e-01 1.244572657560066808e+01
8.102183307944403889e-01 -8.481962687003732904e-02 -5.799462478736798765e-01 -2.463576450527509465e+01 6.827166091080340282e-02 9.963945180603259733e-01 -5.034078594773649939e-02 -6.314118830837457397e-01 5.821266928774569971e-01 1.183641039504222626e-03 8.130896095268869139e-01 1.323316623165020189e+01
8.055965835737738390e-01 -8.262940553977578262e-02 -5.867482272480465388e-01 -2.517110293922874931e+01 6.565042428011368114e-02 9.965786854322992161e-01 -5.021566832958948567e-02 -6.917304038768856689e-01 5.888899540979152247e-01 1.940432884493245753e-03 8.082645679728395205e-01 1.390007580798354070e+01
8.007458819462832667e-01 -8.132276107521090036e-02 -5.935348835083642527e-01 -2.574393320508040972e+01 6.345553563974024036e-02 9.966833371733664348e-01 -5.094581724234407277e-02 -7.457395824009480645e-01 5.957101254020331638e-01 3.138658959483768378e-03 8.032494036029763640e-01 1.470621317649506743e+01
7.962995390377197724e-01 -7.915854610625970567e-02 -5.996874338139343008e-01 -2.629077688064016272e+01 6.074768249447116963e-02 9.968531885738761700e-01 -5.091896719381754782e-02 -8.052957139362386663e-01 6.018314135245422802e-01 4.113223387026294746e-03 7.986030201835093711e-01 1.537781749781174589e+01
7.923158776366145961e-01 -7.610490396181496253e-02 -6.052967397327918553e-01 -2.690050261289788480e+01 5.644656107637720244e-02 9.970769907003266264e-01 -5.147563644812098993e-02 -8.665431663252952665e-01 6.074456097543127209e-01 6.608283943135857125e-03 7.942973577410924468e-01 1.618843697814576998e+01
7.918138827710365923e-01 -7.171925286939370703e-02 -6.065614715847280625e-01 -2.747595154074621249e+01 5.146229864880655369e-02 9.973846585864434289e-01 -5.073077546200884663e-02 -9.195340463793504338e-01 6.086148209716630841e-01 8.953114054842963368e-03 7.934337618804352399e-01 1.690238263987721368e+01
7.926017819704047618e-01 -6.858372801985519740e-02 -6.056781252086660405e-01 -2.809906166247131765e+01 4.843941292126972137e-02 9.975966580398374361e-01 -4.954833250307305592e-02 -9.897199336735973407e-01 6.076200431883140851e-01 9.929333481009428725e-03 7.940177970579341826e-01 1.771537810504001698e+01
7.934258635929332115e-01 -6.634112452584674247e-02 -6.051277121467583120e-01 -2.871216763614372525e+01 4.667387016438193786e-02 9.977467225661538208e-01 -4.820273462386259755e-02 -1.049841752073824797e+00 6.069617842300147892e-01 1.000553012976267489e-02 7.947349327045911682e-01 1.847850948415431205e+01
7.936087023155846687e-01 -6.642380324640025091e-02 -6.047902273538228179e-01 -2.933049748451555416e+01 4.717477913944447682e-02 9.977480493015684626e-01 -4.768469601950457715e-02 -1.113147225356733827e+00 6.065953802489720825e-01 9.313180862059277157e-03 7.949551251566813193e-01 1.928167591773237888e+01
7.927612581625872457e-01 -6.580912165997729324e-02 -6.059421703684203520e-01 -2.995732862665650131e+01 4.683265662588953493e-02 9.977925071779085719e-01 -4.708430554281992086e-02 -1.171356355378801339e+00 6.077031066008823368e-01 8.951414086433979317e-03 7.940924596350904530e-01 2.010332914955806416e+01
7.931569436359402481e-01 -6.522803122032065637e-02 -6.054125795429288193e-01 -3.059841472911343274e+01 4.676495891782352782e-02 9.978362372640431355e-01 -4.623119126738151757e-02 -1.234518422915985125e+00 6.071172808766659434e-01 8.359820217408093709e-03 7.944897740789595986e-01 2.093007890512371105e+01
7.937027324023177011e-01 -6.457544398701560440e-02 -6.048461611499400536e-01 -3.123720902505543506e+01 4.653189002896427479e-02 9.978817303693030549e-01 -4.547070312396810782e-02 -1.306788231724464122e+00 6.065008261744201379e-01 7.950962946785560329e-03 7.950252584121563215e-01 2.174181847598541850e+01
7.933100732858160420e-01 -6.273586987235454937e-02 -6.056672105419550478e-01 -3.189293514839060961e+01 4.462553938509847273e-02 9.979920219377170776e-01 -4.492171346382486247e-02 -1.365298980870568668e+00 6.072709683412367276e-01 8.600776640363426429e-03 7.945184008587730107e-01 2.258667908657338685e+01
7.934120278626672906e-01 -6.152082129845547198e-02 -6.055285646133530264e-01 -3.253597165532151791e+01 4.360121998559957079e-02 9.980678972726745313e-01 -4.426468413579133510e-02 -1.435038999213395616e+00 6.070818348872811798e-01 8.717603964752514839e-03 7.945611677372780290e-01 2.340306450081454059e+01
7.931460083436239206e-01 -6.030879529193155369e-02 -6.060196471355373538e-01 -3.317614415929560323e+01 4.234536396370059547e-02 9.981374341136657335e-01 -4.391409798123368374e-02 -1.499126779789292874e+00 6.075392369211009003e-01 9.164938444090121525e-03 7.942230563563398293e-01 2.423147830716413509e+01
7.918227774744051040e-01 -5.931554144348152868e-02 -6.077852152847715850e-01 -3.382429038533362586e+01 4.203953346608517438e-02 9.982052346286657274e-01 -4.263735262011907751e-02 -1.568461896412070011e+00 6.092240372729605946e-01 8.203315283240242978e-03 7.928956982431514255e-01 2.507919001161955208e+01
7.906795581985441856e-01 -5.771108356130347922e-02 -6.095006520636386815e-01 -3.445707031106140761e+01 4.238022707016314561e-02 9.983185748295126949e-01 -3.954395001737978643e-02 -1.627941468281418835e+00 6.107580410814297256e-01 5.435500106122758378e-03 7.917958437556958939e-01 2.587578416299134076e+01
7.883846102090213970e-01 -5.801234438162795187e-02 -6.123625567889012800e-01 -3.509068798127416500e+01 4.395611492954425853e-02 9.983117331221845747e-01 -3.797831927822497428e-02 -1.675038969833663405e+00 6.135314192727964189e-01 3.025406474999707118e-03 7.896028471900345957e-01 2.669812996087636847e+01
7.865744812791092277e-01 -5.635704627872843708e-02 -6.149630966495986950e-01 -3.573364536024605087e+01 4.264087906447797116e-02 9.984073189052634634e-01 -3.695081723478018526e-02 -1.760058322688177190e+00 6.160659238289145634e-01 2.851175343805427333e-03 7.877235878847803630e-01 2.751596438045526938e+01
7.850045379860081107e-01 -5.696352119814218629e-02 -6.168952636738863626e-01 -3.638177130670054282e+01 4.304196606276361470e-02 9.983725766990504402e-01 -3.742099749475015502e-02 -1.813523447381909515e+00 6.180225824922976896e-01 2.828555389232080119e-03 7.861782275123596619e-01 2.832935589323426839e+01
7.840932751326525896e-01 -5.762946274544020892e-02 -6.179790247825796001e-01 -3.701742023593276798e+01 4.347480681785621109e-02 9.983334296154682264e-01 -3.793526466678556058e-02 -1.871057864094097578e+00 6.191360878942721024e-01 2.872461959968714094e-03 7.852926951809260370e-01 2.913185635910801352e+01
7.846228933727021904e-01 -5.779731100266923688e-02 -6.173996795179811370e-01 -3.764376355118671569e+01 4.241073841189723498e-02 9.983160989179766798e-01 -3.956901395123817861e-02 -1.939413188457694392e+00 6.186476919348182779e-01 4.863258802133296060e-03 7.857534534643263457e-01 2.993415772909638761e+01
7.862190415463217175e-01 -5.788777798855790357e-02 -6.150855171455248405e-01 -3.829075334535443886e+01 4.056975106671109610e-02 9.982899903329041091e-01 -4.208145809057573655e-02 -2.003733074795187807e+00 6.164696903176543064e-01 8.124525964596977443e-03 7.872231911546793137e-01 3.075383802508475384e+01
7.893464465282091780e-01 -5.771873947563398166e-02 -6.112502329894832220e-01 -3.891500624046304324e+01 3.958870428449037110e-02 9.982842580348432193e-01 -4.314735699557028376e-02 -2.072417344904429637e+00 6.126917828742605154e-01 9.861012867203602927e-03 7.902770365067416369e-01 3.156063169845789673e+01
7.930170228614316086e-01 -5.692326049446689434e-02 -6.064849847521330828e-01 -3.954656996282356118e+01 3.973906629429362070e-02 9.983371815129422622e-01 -4.175333065616887440e-02 -2.122982940766451332e+00 6.078532266407796758e-01 8.999959005286163952e-03 7.939619768084876794e-01 3.236546304681063901e+01
7.969927667654693737e-01 -5.594028307107771353e-02 -6.014049653166302356e-01 -4.016377934067511291e+01 4.259380518318859471e-02 9.984281807061825553e-01 -3.642937814583609157e-02 -2.191317805015458475e+00 6.024975135863068765e-01 3.417231878676701886e-03 7.981229396667148812e-01 3.317952882333201359e+01
8.008177886037077808e-01 -5.324208281315718355e-02 -5.963968657037103105e-01 -4.077001542433026771e+01 3.977978342292256414e-02 9.985692467831119856e-01 -3.572527041550156018e-02 -2.250410517456645554e+00 5.974458220009263298e-01 4.873767264582240868e-03 8.017908358404447489e-01 3.397035594800378533e+01
8.043628399050405386e-01 -5.523028903150443286e-02 -5.915864524523873902e-01 -4.138154649023052656e+01 4.098019063140122265e-02 9.984562712329561052e-01 -3.750505800401521261e-02 -2.305551243089744684e+00 5.927440102975790603e-01 5.928556804701552545e-03 8.053842999642983891e-01 3.478288133491363254e+01
8.070365767073141017e-01 -5.694308217572854186e-02 -5.877345531982246518e-01 -4.196668508038031575e+01 4.151581814064009279e-02 9.983482510960726142e-01 -3.970680304531062216e-02 -2.367820083649918139e+00 5.890252005145268921e-01 7.643481116973997909e-03 8.080673683178293265e-01 3.558490597886503082e+01
8.111367129334710047e-01 -5.604097825563744001e-02 -5.821516583259701560e-01 -4.255368785965583811e+01 3.998541570930321670e-02 9.983837199852625410e-01 -4.039560459243234092e-02 -2.427626734398125929e+00 5.834741991655180149e-01 9.492420005311988374e-03 8.120658302610458401e-01 3.637138722601861218e+01
8.130953181109676908e-01 -5.589824736553235945e-02 -5.794398996519390943e-01 -4.314032679915133173e+01 3.908249951431631841e-02 9.983749581004841556e-01 -4.147222075255997675e-02 -2.488314807244084825e+00 5.808164587076690699e-01 1.107377145109219446e-02 8.139589368355759635e-01 3.719597645003169362e+01
8.157542336031146091e-01 -5.497518417129949875e-02 -5.757655384778879171e-01 -4.370826623700773439e+01 3.915649317774338306e-02 9.984374259486191727e-01 -3.986343152940085427e-02 -2.553674874663254712e+00 5.770573291730793919e-01 9.968627075465214676e-03 8.166332639635863755e-01 3.799230112300459439e+01
8.173591511926140418e-01 -5.061061900063713176e-02 -5.739645379175054574e-01 -4.426933890230154844e+01 4.032091793637687660e-02 9.987167855211879219e-01 -3.064907697366097208e-02 -2.609500130071411572e+00 5.747790537949001299e-01 1.913449499228847940e-03 8.183506570667158364e-01 3.879530843115439609e+01
8.186194566842781573e-01 -4.601853274924326553e-02 -5.723422414502176148e-01 -4.483630920118770291e+01 4.188027553590243507e-02 9.989137252105714238e-01 -2.041433457127852721e-02 -2.647290379362464030e+00 5.726599048132041681e-01 -7.268994138185663409e-03 8.196582329382193777e-01 3.960576928261917828e+01
8.203256532619939145e-01 -4.326408731750334274e-02 -5.700990103922934926e-01 -4.540499452166381644e+01 4.133852296274669047e-02 9.990113192717827717e-01 -1.632902322514368995e-02 -2.696911115214618793e+00 5.702419493756928359e-01 -1.018434501538977195e-02 8.213041207203128913e-01 4.041795569351259587e+01
8.201699487420928136e-01 -4.648324039633063703e-02 -5.702215497186076121e-01 -4.595683948202434266e+01 4.123311506850814434e-02 9.989045028892117317e-01 -2.212128427344645099e-02 -2.750066273569776509e+00 5.706253587139797911e-01 -5.370839215359171984e-03 8.211885097563299540e-01 4.122320824715578880e+01
8.212204843680857014e-01 -5.056734824664336353e-02 -5.682055562694284800e-01 -4.650409488513960810e+01 4.212428762670739762e-02 9.987206209492609510e-01 -2.799073300599103434e-02 -2.790539056079869962e+00 5.688936508667709058e-01 -9.494268600713973074e-04 8.222991805560667666e-01 4.200316374590300228e+01
8.216236035773641921e-01 -5.669959635725057429e-02 -5.671487103591312806e-01 -4.704758798708248690e+01 4.833036113656140331e-02 9.983870713315943224e-01 -2.978759389463144988e-02 -2.829798154759480600e+00 5.679231067512272579e-01 -2.938112230092225323e-03 8.230385055987017306e-01 4.280206704226714010e+01
8.206416204016054872e-01 -5.806350033583569659e-02 -5.683927320625552504e-01 -4.759761677797640544e+01 5.112366485611142403e-02 9.982953897716974057e-01 -2.815933160589344578e-02 -2.880178464518034609e+00 5.690587401979498861e-01 -5.952435504141477540e-03 8.222108417706669448e-01 4.361701494423120806e+01
8.207183736439040977e-01 -5.634340883600609529e-02 -5.686249500389354283e-01 -4.815111812640874689e+01 5.073881798926420383e-02 9.983805806136248906e-01 -2.569928841083583826e-02 -2.922990468953014176e+00 5.691527887780316597e-01 -7.762844012980704700e-03 8.222493481068209320e-01 4.440466466547338342e+01
8.203239900258999517e-01 -5.128645071455002064e-02 -5.696370797486772775e-01 -4.870436968964022384e+01 4.845060114944348822e-02 9.986223653776260534e-01 -2.014256503697402223e-02 -2.961838242615240979e+00 5.698854464108871198e-01 -1.107531980963300661e-02 8.216790618289875336e-01 4.519202336657284036e+01
8.197376392107609266e-01 -4.612604245310088918e-02 -5.709306443868679137e-01 -4.926675728946991484e+01 4.652875972243709912e-02 9.988202856738364055e-01 -1.389228521663190240e-02 -2.998895963504629059e+00 5.708981122788076012e-01 -1.517476486857000789e-02 8.209169438898169524e-01 4.599463610235381594e+01
8.197719374465397557e-01 -3.719050446406248212e-02 -5.713003453458860292e-01 -4.982338131038331142e+01 3.715997646462537718e-02 9.992410038060085542e-01 -1.171802467861257462e-02 -3.040885055215491573e+00 5.713023419618229459e-01 -1.162408468254528746e-02 8.205309497005159880e-01 4.675556011077401308e+01
8.194124934721386255e-01 -3.062750969477641763e-02 -5.722022490939727701e-01 -5.038579105342751063e+01 2.941234868951024192e-02 9.995024849311523463e-01 -1.137397423775647967e-02 -3.057416646453606557e+00 5.722659793353164215e-01 -7.516898288447503018e-03 8.199059082086476158e-01 4.753113338737691151e+01
8.173523709759560330e-01 -3.184953711504316665e-02 -5.752654638221869066e-01 -5.095335180278387099e+01 3.212229147037658911e-02 9.994371847586097646e-01 -9.689612978109978653e-03 -3.093319855874340885e+00 5.752502485604239491e-01 -1.055506351364583935e-02 8.179149745045397601e-01 4.832110334288838516e+01
8.157081707043982721e-01 -3.686690417473629383e-02 -5.773671167630960444e-01 -5.149808516371740552e+01 3.746976416936488585e-02 9.992388785236300253e-01 -1.086965638912512459e-02 -3.125459197185900262e+00 5.773283113395337729e-01 -1.276112572562816683e-02 8.164681986891474397e-01 4.908977773141018019e+01
8.115524921784984524e-01 -3.940900858075478685e-02 -5.828952912880902559e-01 -5.204888309550930359e+01 3.871397491955866355e-02 9.991568182620002014e-01 -1.365235125919337690e-02 -3.151686475826915856e+00 5.829419199030972942e-01 -1.149268190454715531e-02 8.123944273906172908e-01 4.986593579503410467e+01
8.059326582272657857e-01 -4.210922548289388473e-02 -5.905410197328201383e-01 -5.260926757293154310e+01 4.294067268576894081e-02 9.989977975560808687e-01 -1.263229220912383960e-02 -3.188085945343580807e+00 5.904810821915581487e-01 -1.517554830637985949e-02 8.069330381360261262e-01 5.062971075939360333e+01
8.006939128724742671e-01 -4.719879448547687623e-02 -5.970968475572953071e-01 -5.316680489152673772e+01 4.991794113191447280e-02 9.986810816471416441e-01 -1.200383474672362706e-02 -3.229482400998125780e+00 5.968756766819275361e-01 -2.020152534717813142e-02 8.019940884080881682e-01 5.138791421356797429e+01
7.931185925511966550e-01 -4.613806979695318777e-02 -6.072129059938600193e-01 -5.374231377860846237e+01 4.854262153884719710e-02 9.987435997198510496e-01 -1.247848118587425829e-02 -3.258157353917983556e+00 6.070254259175802414e-01 -1.957771555799862201e-02 7.943607543727816411e-01 5.214204099991894026e+01
7.867536469997938875e-01 -4.268236465980195654e-02 -6.158366991450464623e-01 -5.433826627011996635e+01 4.483980526131359223e-02 9.989226248434878164e-01 -1.195342741686849890e-02 -3.280349286668407416e+00 6.156835449129067772e-01 -1.820694067504174257e-02 7.878201294666856702e-01 5.285898253735789609e+01
7.771579775761805475e-01 -4.062053436116599969e-02 -6.280606698299042723e-01 -5.492373716819336238e+01 4.581838190502551811e-02 9.989179198269346749e-01 -7.913682776468956848e-03 -3.316014916886837138e+00 6.277029384903104470e-01 -2.262980687301709148e-02 7.781792901083290914e-01 5.359857698873294396e+01
7.694910778471147905e-01 -3.969149076900584105e-02 -6.374066178616502043e-01 -5.553552518602146648e+01 4.527218919797589003e-02 9.989460036277597599e-01 -7.543710928031229467e-03 -3.338446110906947872e+00 6.370346274312973511e-01 -2.305461899738026760e-02 7.704771817735693862e-01 5.432595878913873833e+01
7.618227650882307689e-01 -3.947654087119517596e-02 -6.467070679544989487e-01 -5.615022354261818549e+01 4.531772681930324592e-02 9.989438182345370398e-01 -7.595132131287440219e-03 -3.359729124539958534e+00 6.463239784148763212e-01 -2.351444921612157526e-02 7.628069940812546301e-01 5.502771614230308472e+01
7.518966260632237164e-01 -4.063392933965056381e-02 -6.580239281125245254e-01 -5.676951155761165779e+01 4.761243272924974013e-02 9.988391160718921302e-01 -7.272468421207692671e-03 -3.397012780438605439e+00 6.575559522886417207e-01 -2.586650381195302467e-02 7.529589709805764031e-01 5.573558518861168665e+01
