1.0 0.0 0.0 0.0 0.0 1.0 0.0 0.0 0.0 0.0 1.0 0.0
-0.36785257 0.9288329 0.041792117 5.189087 -0.92976636 -0.36764312 -0.012883629 3.635376 0.0034109596 -0.043585572 0.99904335 -0.045410156
-0.87579036 0.4802676 0.044122282 7.327881 -0.48186246 -0.8751962 -0.038129397 -1.3769531 0.020326449 -0.054651257 0.9982982 -0.095947266
-0.9474015 -0.31896216 0.026985269 6.6622314 0.31721538 -0.946812 -0.054383192 -5.546509 0.04287873 -0.042930793 0.9981566 -0.15966797
-0.99865735 0.060110256 0.032514602 3.5368652 -0.061757438 -0.99771595 -0.052288793 -7.663574 0.029276978 -0.05419195 0.9981028 -0.15100098
-0.99893093 -0.025514463 0.029404487 1.1004639 0.023977669 -0.9980748 -0.051507134 -11.038208 0.030663094 -0.050708007 0.9982409 -0.13720703
-0.90324414 -0.42928344 0.020239225 -1.4329834 0.4279025 -0.90271723 -0.050445415 -13.843262 0.039917644 -0.036890987 0.9985219 -0.19433594
-0.93549395 -0.3521098 0.021875164 -4.05249 0.35081816 -0.9350219 -0.04764054 -14.454956 0.03723786 -0.03690162 0.9986248 -0.11462402
-0.7355442 -0.67756945 0.00926686 -5.4229736 0.67647797 -0.7350203 -0.04830906 -15.163696 0.039546534 -0.029270383 0.99878925 -0.14672852
-0.8476918 -0.53033316 0.010374424 -5.947754 0.5294491 -0.84714675 -0.044369 -14.799927 0.032322373 -0.032116354 0.99896145 -0.0904541
-0.67673814 -0.73641276 -8.3025545e-05 -5.7226562 0.7359906 -0.67634636 -0.03394238 -14.710449 0.024930539 -0.023020979 0.99942404 -0.091552734
-0.7827257 -0.6231948 0.0049936576 -6.350464 0.62286615 -0.7825309 -0.027190255 -14.394409 0.020840276 -0.01815423 0.99961805 -0.049682617
-0.59717023 -0.80191404 -0.0013598502 -5.9508057 0.8016986 -0.59696865 -0.024258794 -14.234375 0.018631455 -0.015570038 0.9997049 -0.06225586
-0.699894 -0.7138915 -0.00040410273 -6.5740967 0.71373945 -0.69973296 -0.021053102 -14.143066 0.014738988 -0.015020935 0.99977833 -0.04663086
-0.5183369 -0.8552119 -0.004627332 -6.1445312 0.85515755 -0.51822114 -0.015304361 -13.801636 0.010696903 -0.011892889 0.99987215 -0.05834961
-0.6023727 -0.79836804 0.000518959 -6.5932617 0.7983293 -0.60234976 -0.009482138 -14.047852 0.007880755 -0.0052950103 0.999955 -0.028686523
-0.4152442 -0.90930784 0.0010413416 -6.189575 0.9092945 -0.41524386 -0.0050714314 -13.319214 0.005044516 -0.0011630919 0.9999865 -0.036865234
-0.45484006 -0.89042306 0.0045845993 -6.633911 0.8904273 -0.45485145 -0.0017839149 -13.642822 0.0036742203 0.0032697357 0.9999879 -0.020629883
-0.31837913 -0.94773024 0.0058816243 -6.2373047 0.9477475 -0.3183817 0.0005405322 -12.786011 0.0013641007 0.0057469606 0.99998254 -0.01965332
-0.34022805 -0.9405893 0.0033718478 -6.7404785 0.94059527 -0.3402252 0.0014192052 -12.99353 -0.00019095838 0.0036528818 0.9999933 -0.034179688
-0.2262041 -0.9741409 0.002148725 -6.271118 0.9741392 -0.22619627 0.0033629872 -12.051636 -0.0027896836 0.0028523803 0.999992 -0.02368164
-0.22620957 -0.9741736 0.0023057964 -6.7436523 0.9741675 -0.22619691 0.004786305 -12.130615 -0.004139986 0.0033276747 0.9999859 -0.03503418
-0.13967112 -0.9902283 0.0022800323 -6.3045654 0.9902061 -0.13965096 0.00739998 -11.108032 -0.007009033 0.0032933485 0.99997 -0.019042969
-0.12987319 -0.99150366 0.0019190591 -6.765747 0.9914755 -0.129854 0.008032978 -11.16748 -0.0077174306 0.0029493747 0.9999659 -0.03881836
-0.054388367 -0.9984936 0.0025981478 -6.2575684 0.99847126 -0.054368146 0.0073234513 -10.068115 -0.0071723647 0.0029950906 0.9999698 -0.025390625
-0.056097623 -0.9984066 0.00589945 -6.6793213 0.9984134 -0.05606882 0.00495499 -10.064697 -0.004616242 0.0061705103 0.9999704 -0.03881836
0.015082396 -0.999854 0.008293888 -6.1569824 0.9998869 0.015096277 0.001613412 -8.959717 -0.0017387569 0.008267922 0.9999643 -0.029907227
-0.0023663044 -0.9999383 0.010821148 -6.5335693 0.99999684 -0.0023709533 -0.0004113745 -8.8359375 0.00043779289 0.010818205 0.9999413 -0.04284668
0.06689579 -0.99771726 0.011987538 -6.0411377 0.99778897 0.06688125 -0.0016093142 -7.7495117 0.00080470636 0.012069944 0.9999268 -0.03894043
0.041861895 -0.9990224 0.014429477 -6.3896484 0.99912643 0.041846815 -0.0013450814 -7.625366 0.0007388763 0.014472382 0.9998949 -0.044433594
0.09436804 -0.9954562 0.015214069 -5.9241943 0.99557185 0.09437424 -0.00031514003 -6.433838 -0.0011207731 0.015178705 0.9998841 -0.033081055
0.0678308 -0.99757916 0.015063176 -6.2213135 0.99768615 0.067878306 0.002663786 -6.251953 -0.0036775477 0.014852857 0.9998829 -0.03967285
0.11703546 -0.993053 0.013612737 -5.7911377 0.99312735 0.11710686 0.004571452 -5.0125732 -0.0061322004 0.012982748 0.9998968 -0.044067383
0.10327937 -0.9945592 0.012780482 -5.8602295 0.9945965 0.10338807 0.008160375 -4.6862793 -0.009435725 0.011868707 0.99988496 -0.0423584
0.13710397 -0.99049634 0.01280017 -5.5687256 0.99052536 0.13721955 0.008640548 -3.5272217 -0.01030956 0.011489237 0.99988073 -0.04626465
0.12498564 -0.99210346 0.011891604 -5.7009277 0.9920702 0.12513745 0.013016939 -3.2071533 -0.014401354 0.01017125 0.9998445 -0.052246094
0.15904124 -0.9872058 0.013831995 -5.350708 0.98719776 0.159213 0.012348638 -1.9575195 -0.014390794 0.011694328 0.999828 -0.052490234
0.14858186 -0.9888801 0.011030463 -5.4140625 0.9887577 0.14876 0.01762129 -1.6015625 -0.019060738 0.008285036 0.99978393 -0.067993164
0.18299876 -0.98303443 0.012600956 -5.085205 0.9828731 0.18322307 0.019842278 -0.33459473 -0.021811867 0.008750153 0.9997238 -0.08300781
0.1740703 -0.98467726 0.012207827 -5.20166 0.984359 0.17433774 0.026107399 -0.010253906 -0.027844068 0.007475749 0.9995844 -0.08862305
0.20837301 -0.97795 0.013311048 -4.7738037 0.9776382 0.20865826 0.025838044 1.2719727 -0.02804954 0.007630449 0.99957746 -0.1015625
0.19998376 -0.9796115 0.013109441 -4.8879395 0.9792153 0.20028739 0.028747687 1.5616455 -0.030787162 0.007080442 0.999501 -0.11608887
0.23779997 -0.9712122 0.0139451735 -4.401001 0.9708947 0.23809427 0.025905602 2.8951416 -0.028471617 0.0073757414 0.9995672 -0.12573242
0.23176824 -0.97264296 0.011984081 -4.511963 0.97225666 0.23201965 0.027892768 3.1312256 -0.02991498 0.005179896 0.9995392 -0.14355469
0.273864 -0.96176267 0.012229827 -3.9906006 0.9614612 0.27409098 0.024591148 4.4665527 -0.02700238 0.0050275414 0.9996226 -0.15612793
0.28132778 -0.9596494 0.007370987 -4.0769043 0.95927805 0.28142408 0.026685301 4.7436523 -0.027683951 -0.00043264125 0.9996165 -0.17797852
0.32827336 -0.9444795 0.0071655116 -3.4857178 0.94415003 0.3283483 0.02498957 6.1169434 -0.025956785 -0.0014411479 0.9996621 -0.19152832
0.339687 -0.94038093 0.0039943103 -3.498413 0.9399473 0.33965436 0.02922061 6.380005 -0.028836817 -0.006175421 0.99956506 -0.20507812
0.38966313 -0.9207711 0.0069517237 -2.8597412 0.92041606 0.38970765 0.0258329 7.694702 -0.026502624 -0.0036763528 0.99964225 -0.21594238
0.4069222 -0.9134203 0.0043857405 -2.868164 0.9130365 0.406883 0.027429778 7.925171 -0.026832012 -0.0071559534 0.99961424 -0.23461914
0.4486026 -0.8936493 0.005029134 -2.1263428 0.8933454 0.44858605 0.024150448 9.204224 -0.023838645 -0.006340018 0.9996958 -0.23449707
0.46434093 -0.8856085 0.00054782117 -2.0791016 0.88534844 0.46421954 0.02394636 9.434448 -0.02145943 -0.010630377 0.9997132 -0.26452637
0.5043662 -0.8635485 0.0043797083 -1.27771 0.8634117 0.50436723 0.01594586 10.804321 -0.015974805 -0.0042624944 0.9998633 -0.2548828
0.5147729 -0.85722965 0.005583086 -1.0640869 0.857169 0.5148029 0.010213367 11.0703125 -0.0116308415 -0.00047332607 0.9999323 -0.27062988
0.5602708 -0.82816017 0.010913694 -0.3527832 0.8282094 0.5603043 4.949048e-06 12.2821045 -0.0061203428 0.009037912 0.99994045 -0.25793457
0.56709385 -0.82343644 0.012569168 -0.11462402 0.8235262 0.56708246 -0.0047924174 12.477905 -0.0031805094 0.013071795 0.9999095 -0.2659912
0.6061558 -0.7949558 0.01819159 0.6743164 0.7951626 0.6059554 -0.015641995 13.677856 0.0014139852 0.023947366 0.99971217 -0.24853516
0.6127769 -0.7901412 0.01779057 0.9432373 0.790302 0.6123658 -0.02379949 13.839966 0.007905796 0.028643657 0.99955857 -0.24047852
0.6492998 -0.7603725 0.012018582 1.7645264 0.76012766 0.6484569 -0.040141273 15.007935 0.02272427 0.035198487 0.9991221 -0.20727539
0.6551379 -0.75556767 0.0015697964 2.0270996 0.7545942 0.6541853 -0.05214232 15.142212 0.03837302 0.0353413 0.99863803 -0.18615723
0.6906885 -0.7231387 -0.010190536 2.8653564 0.7211925 0.6897446 -0.064936936 16.269531 0.053987257 0.037500836 0.99783707 -0.13830566
0.69697654 -0.7167722 -0.015641678 3.1989746 0.71410835 0.69599384 -0.073673 16.430298 0.0636947 0.04018026 0.9971608 -0.10046387
0.7300084 -0.6832323 -0.015769426 4.063965 0.68026316 0.7286616 -0.079132326 17.458618 0.065558374 0.047045007 0.99673975 -0.018432617
0.72974104 -0.6834655 -0.014432173 4.441284 0.6806219 0.7283551 -0.07814898 17.599976 0.06393788 0.04720456 0.9968368 0.017944336
0.7611112 -0.6484567 -0.006505649 5.3499756 0.64612204 0.75915116 -0.077772565 18.58142 0.05536712 0.05499582 0.99695164 0.10681152
0.7594324 -0.65058154 0.0002842266 5.7575684 0.6485902 0.7570739 -0.07850126 18.750488 0.050861638 0.059797507 0.99691325 0.13452148
0.78348774 -0.62126064 0.0041280678 6.6379395 0.6194587 0.7806735 -0.08157812 19.605835 0.047469508 0.06647435 0.9966584 0.21459961
0.7805189 -0.62501144 0.0031155692 7.100464 0.62299347 0.7775793 -0.084336884 19.886353 0.05028364 0.0677733 0.99643445 0.2515869
0.79536784 -0.6061177 0.0023166542 7.8862305 0.6039892 0.7922435 -0.08685038 20.51709 0.050800115 0.07047621 0.99621946 0.31896973
0.7978248 -0.60295796 -0.00461789 8.437744 0.6005405 0.7952663 -0.08368028 20.943481 0.05413562 0.063987136 0.99648 0.3668213
0.8077633 -0.5893195 -0.0045486866 9.196533 0.5870828 0.8053245 -0.08114848 21.488037 0.051506024 0.06287657 0.9966907 0.41723633
0.81294656 -0.5822099 -0.0038105128 9.761353 0.57994884 0.8103327 -0.08296683 21.921875 0.05141047 0.065235235 0.9965437 0.46813965
0.8175703 -0.5758742 -0.0028472922 10.534424 0.5735189 0.8146542 -0.08645634 22.4281 0.052103247 0.0690491 0.9962514 0.5229492
0.8205737 -0.57168996 -0.005063092 11.116699 0.56908506 0.8176178 -0.08852364 22.878296 0.05473981 0.06975864 0.9960601 0.57055664
0.8196399 -0.5727752 -0.0071575046 11.915527 0.56995493 0.81672496 -0.0896804 23.390991 0.057223666 0.06942522 0.995944 0.6142578
0.81753874 -0.57595 -0.0052040545 12.551636 0.5731613 0.8144055 -0.09134911 23.869507 0.05684033 0.07169787 0.99580544 0.66967773
0.81341165 -0.58165777 -0.0048388755 13.341797 0.5789443 0.8103683 -0.09006968 24.405151 0.056317057 0.070454344 0.9959225 0.72473145
0.8085812 -0.5884315 -0.0056136614 14.011597 0.5857613 0.80575025 -0.08796091 24.936646 0.056274462 0.06783852 0.9961084 0.7850342
0.8035631 -0.59525585 -0.006831244 14.820679 0.5925503 0.8009071 -0.08673592 25.505371 0.057088427 0.06564666 0.9962084 0.83813477
0.7989105 -0.6013864 -0.0078199245 15.495117 0.5987169 0.79646534 -0.08464701 26.048584 0.05713746 0.06294141 0.9963799 0.8977051
0.79459244 -0.6070078 -0.010325214 16.308472 0.6043417 0.792492 -0.081659056 26.654663 0.057760887 0.05864184 0.9966058 0.958374
0.79370904 -0.6081898 -0.012663766 17.023926 0.6056415 0.79199463 -0.07728399 27.228271 0.05702493 0.053660005 0.99692863 1.0115967
0.7942793 -0.60720646 -0.013628594 17.838257 0.6047885 0.79278135 -0.07413649 27.849854 0.055827644 0.05063745 0.9971556 1.0819092
0.7949874 -0.60655886 -0.013699029 18.602661 0.6042637 0.79360133 -0.07188491 28.461426 0.05447088 0.0488755 0.9973188 1.142456
0.79520875 -0.60619485 -0.013005307 19.407349 0.6039298 0.79378074 -0.07196524 29.07788 0.053949643 0.049376428 0.9973224 1.2056885
0.79434466 -0.6073077 -0.012645459 20.230835 0.6050905 0.7929311 -0.07136592 29.702393 0.053363834 0.049035396 0.9973705 1.263794
0.7947404 -0.60672706 -0.0120503735 21.059082 0.6045716 0.7933225 -0.070779726 30.341675 0.052504107 0.048968274 0.9974201 1.3270264
0.79527366 -0.6061154 -0.011638528 21.872314 0.6040156 0.7938648 -0.07012026 30.978638 0.051735524 0.04873661 0.9974713 1.3994141
0.79475915 -0.60689247 -0.012287151 22.718872 0.60485315 0.7934726 -0.06828895 31.632202 0.05119377 0.046832204 0.99758875 1.4578857
0.794797 -0.60670894 -0.0124 23.536865 0.6047278 0.7935729 -0.06707266 32.273315 0.050534055 0.04580806 0.9976712 1.52771
0.7944538 -0.60717076 -0.01284614 24.366943 0.6052297 0.7933072 -0.065865755 32.911377 0.05018784 0.044553105 0.9977455 1.5916748
0.7931246 -0.60886526 -0.011887232 25.216797 0.6070118 0.79197836 -0.064897016 33.556885 0.048933893 0.04424931 0.99782073 1.6611328
0.79202306 -0.6104194 -0.0091209905 26.015503 0.60876226 0.7908192 -0.06331912 34.187256 0.045863 0.044595424 0.9979517 1.7215576
0.7898358 -0.6132021 -0.0067196568 26.84021 0.6116343 0.788514 -0.06366186 34.817993 0.044337507 0.0461737 0.99794936 1.7689209
0.78795123 -0.6157464 -0.0065499973 27.6604 0.61425376 0.78670114 -0.06203919 35.458008 0.043341458 0.044861417 0.998053 1.854126
0.7864091 -0.61770064 -0.006534469 28.47583 0.616178 0.785133 -0.06267054 36.103516 0.043837663 0.045261983 0.99801326 1.9073486
0.7855266 -0.618811 -0.0065830885 29.280151 0.6172531 0.78422374 -0.06335039 36.736816 0.044366874 0.045694094 0.9979691 1.9645996
0.7859848 -0.6183134 -0.008573334 30.08374 0.61665976 0.7847634 -0.06350631 37.36133 0.045990836 0.044628315 0.99794424 2.0322266
0.78744936 -0.6161209 -0.011826877 30.904297 0.6143253 0.7863752 -0.06356257 38.00708 0.048471477 0.042781733 0.99790764 2.095581
0.7904986 -0.61233526 -0.013552422 31.711548 0.61048305 0.78950906 -0.06334021 38.630615 0.049484845 0.041799486 0.99790007 2.1636963
0.7941801 -0.60750276 -0.01267447 32.516724 0.6057346 0.79317164 -0.062486425 39.261963 0.0480293 0.04195011 0.99796444 2.2145996
0.7983431 -0.60217386 -0.00707323 33.33142 0.60070384 0.79711574 -0.061449874 39.878906 0.042643584 0.044811003 0.998085 2.2844238
0.80199695 -0.5971285 -0.00850694 34.122437 0.5957197 0.80094135 -0.058687016 40.485107 0.041871324 0.041995164 0.9982396 2.3435059
0.80559474 -0.59241056 -0.009551518 34.93518 0.5908824 0.8044927 -0.060612496 41.09619 0.043590393 0.043191306 0.99811596 2.397705
0.8082806 -0.58867455 -0.0112577025 35.73767 0.58700204 0.807176 -0.062274598 41.680542 0.045743845 0.04372123 0.9979956 2.4587402
0.8122713 -0.5831185 -0.01308592 36.52417 0.5814202 0.81128097 -0.06130019 42.26758 0.04635924 0.04218631 0.998034 2.5179443
0.81416094 -0.5804538 -0.014657903 37.349487 0.5787011 0.81324565 -0.061121084 42.85315 0.047400013 0.04128005 0.9980226 2.5776367
0.81683207 -0.5767032 -0.013537718 38.146484 0.57504594 0.8158962 -0.060155466 43.42041 0.04574497 0.04135348 0.99809664 2.6429443
0.81854284 -0.57448244 -0.0054655806 38.950928 0.5733473 0.81745565 -0.055784043 43.98047 0.03650954 0.042530477 0.9984281 2.7011719
0.81984454 -0.5724272 0.0037350645 39.76294 0.57183707 0.81866544 -0.051190503 44.54651 0.026258059 0.04410318 0.9986814 2.7416992
0.82148314 -0.5700362 0.006664887 40.57617 0.56964487 0.8203534 -0.048414253 45.114258 0.022143975 0.0435661 0.99880457 2.7919922
0.82137334 -0.5703816 0.0018424909 41.382446 0.5696999 0.82022494 -0.051625308 45.66394 0.02793668 0.043452296 0.9986647 2.8424072
0.8224928 -0.56860864 -0.0025808164 42.162964 0.56761026 0.82130164 -0.055677816 46.20984 0.03378269 0.044331547 0.99844587 2.880249
0.82325643 -0.56761444 -0.00060256897 42.963013 0.5664986 0.8217043 -0.06180064 46.751465 0.035575073 0.05053398 0.9980884 2.9180908
0.822438 -0.56875646 0.0024048276 43.779785 0.5677464 0.8207107 -0.063185364 47.299072 0.03396671 0.053330418 0.99799913 2.9681396
0.8224726 -0.5688675 0.0042179213 44.568848 0.5680096 0.82077646 -0.06147037 47.85083 0.031508323 0.05295057 0.99809927 3.0111084
0.8218883 -0.56964135 0.0075390167 45.35791 0.5690995 0.8203593 -0.056431666 48.402344 0.025961308 0.05067205 0.9983778 3.0511475
0.8211129 -0.57069916 0.011645966 46.162354 0.570477 0.8197464 -0.051294018 48.96289 0.019724667 0.048761785 0.9986156 3.0895996
0.82068974 -0.57113487 0.008113739 46.92444 0.57092303 0.81978416 -0.04235787 49.51831 0.017541995 0.039396487 0.99907 3.131836
0.82003576 -0.57211524 0.004016659 47.70105 0.5718708 0.81943434 -0.035798397 50.079346 0.017197106 0.031650763 0.9993508 3.1479492
0.81805384 -0.57510644 0.0070409845 48.493164 0.5749392 0.81736225 -0.03706198 50.644043 0.015554858 0.03436703 0.99928844 3.183838
0.8166291 -0.57716787 0.009229143 49.26367 0.5769982 0.8157155 -0.04210844 51.186035 0.016769402 0.039714172 0.99907064 3.2149658
0.81256515 -0.58276325 0.007936692 50.042236 0.5824868 0.8115707 -0.044716593 51.733154 0.0196245 0.040956937 0.9989679 3.239624
0.80712146 -0.5903048 0.011588182 50.809326 0.59012216 0.8059388 -0.047517072 52.289062 0.018707998 0.04519037 0.99880326 3.275879
0.8022115 -0.596695 0.016583174 51.5708 0.59664875 0.8006849 -0.052697875 52.842285 0.01817481 0.052170575 0.99847263 3.3170166
0.7945775 -0.6068484 0.015929446 52.328613 0.60676706 0.7931127 -0.051763065 53.41284 0.01877828 0.050798707 0.9985328 3.3452148
0.7880248 -0.6155191 0.014538864 53.04883 0.61541706 0.7867502 -0.04841356 54.00464 0.018359616 0.047100294 0.9987214 3.3676758
0.77838725 -0.6275675 0.018931117 53.793213 0.6276858 0.7771303 -0.046516623 54.584473 0.014482795 0.048086856 0.99873763 3.404541
0.77068585 -0.636906 0.019332573 54.524414 0.6370399 0.7694608 -0.045710944 55.19165 0.01423722 0.047539867 0.9987676 3.427246
0.7630193 -0.6461987 0.019767668 55.22998 0.6463404 0.7617909 -0.045618847 55.801758 0.014413297 0.047583804 0.9987634 3.4488525
0.75318503 -0.65743476 0.022090234 55.942627 0.65765107 0.7518561 -0.046932973 56.415527 0.014249029 0.049872812 0.9986536 3.4865723
0.7439298 -0.66815126 0.018963471 56.641113 0.6681221 0.74245036 -0.05095339 57.040283 0.019964278 0.050570402 0.9985204 3.5080566
0.73652214 -0.67627096 0.013928041 57.317383 0.6757853 0.734793 -0.058257557 57.663574 0.029167956 0.052320227 0.99820405 3.5443115
0.7268079 -0.6868158 0.010415813 57.983643 0.6860601 0.725094 -0.060285572 58.28955 0.03384714 0.050960787 0.9981269 3.5819092
0.7183491 -0.6956643 0.011142777 58.645996 0.6949747 0.71669537 -0.05877967 58.94458 0.032906633 0.049962997 0.9982083 3.611084
0.70794946 -0.70609295 0.014417972 59.30542 0.70564663 0.7063705 -0.05542848 59.60034 0.028947413 0.049416557 0.998359 3.6689453
0.70065516 -0.7134363 0.011127059 59.94043 0.712843 0.6992214 -0.054548234 60.26245 0.031145751 0.046147812 0.9984483 3.7070312
0.6962891 -0.71783125 0.0029849485 60.5708 0.7168226 0.69507796 -0.056054763 60.92749 0.038150948 0.04116802 0.99842364 3.7496338
0.69083697 -0.7231224 -0.0066504357 61.20508 0.7217041 0.69000596 -0.05693237 61.60034 0.045743447 0.034530222 0.99835616 3.793457
0.68819815 -0.7253958 -0.011600692 61.834473 0.72382057 0.6876115 -0.05678408 62.28125 0.049172968 0.03068402 0.9983189 3.8450928
0.6852281 -0.72813064 -0.012516496 62.46631 0.72652656 0.6846936 -0.05676385 62.964844 0.049912147 0.029808247 0.9983091 3.8995361
0.68085223 -0.7323618 -0.013250424 63.097168 0.73081094 0.6804095 -0.055211917 63.650635 0.04943929 0.027910257 0.9983872 3.9614258
0.67651695 -0.7363264 -0.012131726 63.713135 0.7350058 0.6761428 -0.050951056 64.32056 0.045719914 0.025556257 0.9986276 4.015991
0.67253125 -0.74006796 -0.009246799 64.34863 0.7388979 0.67208284 -0.049173836 65.00659 0.04260597 0.026234215 0.99874717 4.0665283
0.6673593 -0.74469 -0.007613934 64.97876 0.7436644 0.6669169 -0.046628065 65.71069 0.03980444 0.025455432 0.9988831 4.126587
0.66270906 -0.748683 -0.012193856 65.5708 0.74767417 0.66252583 -0.043593302 66.396484 0.040725783 0.019777982 0.998975 4.1679688
0.6575724 -0.75308716 -0.018919634 66.15381 0.75208527 0.65772337 -0.040837485 67.086426 0.04319775 0.012624213 0.99898684 4.210449
0.6520375 -0.75793254 -0.020104378 66.74707 0.75680166 0.6522156 -0.04339843 67.77734 0.0460159 0.013086984 0.9988553 4.276123
0.6458183 -0.76331186 -0.020139685 67.343994 0.76205915 0.64597225 -0.046007738 68.46289 0.04812599 0.014368568 0.99873805 4.3328857
0.6401797 -0.7680209 -0.019574353 67.926025 0.7668447 0.64033586 -0.044591125 69.17163 0.046779204 0.013536097 0.9988135 4.3864746
0.63457304 -0.7727061 -0.017507963 68.49097 0.77174884 0.6347001 -0.040295854 69.8645 0.04224621 0.012057988 0.99903446 4.4437256
0.6289749 -0.77711064 -0.016589051 69.06543 0.7762596 0.6290969 -0.037992872 70.581055 0.039969612 0.011017381 0.99914026 4.496216
0.623805 -0.7812896 -0.020275515 69.62378 0.7803671 0.6240774 -0.038874775 71.29639 0.043032065 0.008426837 0.99903834 4.5461426
0.618411 -0.78569794 -0.01968373 70.19165 0.784628 0.61863023 -0.042369984 72.00781 0.04547274 0.010762571 0.998908 4.5925293
0.6120259 -0.7905315 -0.021262424 70.73291 0.78942657 0.61232287 -0.042835504 72.71338 0.046876736 0.009427888 0.998856 4.637207
0.6070389 -0.79445547 -0.021634009 71.266846 0.7934099 0.6073713 -0.04154187 73.44922 0.046130244 0.008053973 0.9989029 4.6917725
0.5998845 -0.79985136 -0.016874898 71.82007 0.7987349 0.59998 -0.044213846 74.16748 0.04549379 0.013043238 0.99887955 4.734375
0.59304714 -0.8049268 -0.013239929 72.36914 0.80377614 0.59295887 -0.046167396 74.887695 0.045015834 0.016733404 0.99884605 4.7926025
0.5881263 -0.80871063 -0.012278567 72.91162 0.8075537 0.5879934 -0.04666529 75.63013 0.044951078 0.017532859 0.99883544 4.851074
0.58213544 -0.8130969 -0.016966622 73.43872 0.812019 0.58226955 -0.043395948 76.36963 0.045153484 0.011485222 0.99891376 4.8963623
0.5762251 -0.81695455 -0.019221436 73.958984 0.8159341 0.5764855 -0.04165401 77.11304 0.045120507 0.008312535 0.99894685 4.9346924
0.57299984 -0.8193612 -0.017401267 74.481445 0.818298 0.57316995 -0.04299638 77.87402 0.04520542 0.0103904195 0.9989233 4.9953613
0.5687981 -0.822366 -0.015875094 74.998535 0.8212858 0.5688964 -0.04377519 78.61328 0.045020938 0.011855915 0.99891526 5.046875
0.5652341 -0.8249067 -0.015277656 75.512695 0.8238005 0.56530005 -0.044516 79.356445 0.045359757 0.012583988 0.99889183 5.1046143
0.5595497 -0.8286473 -0.009151533 76.033936 0.8275566 0.55932397 -0.046287794 80.09424 0.04348401 0.01833194 0.99888617 5.1503906
0.5561595 -0.8311272 -0.0008046413 76.53125 0.8301083 0.5555251 -0.04897251 80.825195 0.041148394 0.026564997 0.99879956 5.189331
0.55140126 -0.8341996 0.0036143991 77.03955 0.83328843 0.55058503 -0.049303375 81.58032 0.039153084 0.030197965 0.99877673 5.241333
0.54779243 -0.8365987 0.00032878784 77.53711 0.835574 0.5471016 -0.049707368 82.34204 0.041404225 0.027512716 0.99876404 5.279785
0.54452366 -0.8386068 -0.0016853209 78.01587 0.8374836 0.54389614 -0.050694034 83.10156 0.043429077 0.026199505 0.9987133 5.326538
0.54291546 -0.8397849 -0.0028225211 78.50244 0.8386833 0.5423698 -0.049484387 83.85791 0.04309074 0.024494505 0.9987706 5.370117
0.5426004 -0.8399931 -0.0032955254 78.98511 0.838942 0.54211015 -0.048035163 84.60742 0.04213378 0.0232947 0.99884015 5.418701
0.54241025 -0.8402002 0.0012808128 79.46338 0.839402 0.54182744 -0.044427052 85.37158 0.036632016 0.025166247 0.9990115 5.4665527
0.5405728 -0.84128845 0.0048127174 79.943115 0.840747 0.5399993 -0.03942222 86.12085 0.030562624 0.02535787 0.9992112 5.5128174
0.5402816 -0.8415627 0.006526361 80.43091 0.84111327 0.5397001 -0.037763752 86.864746 0.02826115 0.02588701 0.9992651 5.550537
0.5392349 -0.84213114 0.0028278453 80.90137 0.84145194 0.5386582 -0.042110194 87.619385 0.033940975 0.025092136 0.9991089 5.5802
0.53887504 -0.842398 0.0011917333 81.37622 0.841564 0.5382775 -0.04527345 88.3562 0.03749366 0.025402505 0.99897397 5.633911
0.5385448 -0.84262973 -0.00046958937 81.842285 0.8418376 0.5380626 -0.0430575 89.10132 0.036526944 0.022791298 0.9990726 5.670044
0.53852665 -0.84246325 -0.00090025994 82.3042 0.8416952 0.5380806 -0.04213407 89.84009 0.035985053 0.02193468 0.99911153 5.7130127
0.5385963 -0.8426854 0.0027517218 82.77246 0.8419548 0.53798705 -0.04351996 90.568115 0.03519067 0.025755495 0.99904853 5.760742
0.53759384 -0.8431583 0.0012617159 83.24585 0.8423465 0.5370095 -0.044698603 91.30762 0.037009712 0.025091145 0.9989997 5.8116455
0.53677845 -0.8436641 -0.007921392 83.70117 0.8427349 0.53658944 -0.042808544 92.04199 0.040366296 0.01629859 0.9990517 5.845215
0.53664756 -0.8436823 -0.01386118 84.16406 0.8427429 0.5367258 -0.041137587 92.79956 0.04214552 0.010394038 0.99905723 5.89209
0.5365722 -0.8435845 -0.014847033 84.60205 0.8425055 0.5366612 -0.04409626 93.5022 0.04517514 0.011163533 0.9989172 5.935791
0.53658587 -0.8436196 -0.013842096 85.079834 0.8425083 0.5366185 -0.04506763 94.260254 0.04544671 0.012518852 0.9988884 5.9907227
0.53555095 -0.84428406 -0.015543989 85.5083 0.8430456 0.5356364 -0.047330745 94.958984 0.048290256 0.01224752 0.99875855 6.0289307
0.53350174 -0.8456267 -0.007924497 85.9751 0.8444519 0.5332151 -0.04852594 95.69385 0.045265045 0.019200955 0.9987908 6.0803223
0.531142 -0.8472714 0.00011323206 86.42529 0.8462758 0.5305115 -0.048533734 96.40259 0.041060984 0.025874741 0.9988216 6.1348877
0.5303238 -0.84762186 0.0069135353 86.871826 0.84693104 0.52952063 -0.045489833 97.11987 0.03490745 0.029980568 0.99894077 6.1921387
0.5262388 -0.85023266 0.010377663 87.30835 0.84959286 0.5252688 -0.04707416 97.81592 0.03456412 0.03358832 0.9988381 6.22583
0.5223293 -0.8527945 0.0057099145 87.74048 0.8518939 0.5214434 -0.049922828 98.54248 0.039591387 0.030937057 0.99873686 6.274536
0.51659817 -0.8561977 0.006364489 88.16504 0.8551219 0.51554376 -0.054492917 99.24756 0.0433801 0.033596214 0.99849385 6.303589
0.5086921 -0.86076546 0.0073885527 88.61377 0.8596852 0.50757957 -0.055182803 100.0 0.043755095 0.03443784 0.99844944 6.341797
0.50062317 -0.8656689 0.0107730795 89.00342 0.86484456 0.49950454 -0.051581018 100.67993 0.039271496 0.035135433 0.9986103 6.3946533
0.4913137 -0.87094456 0.017507618 89.3916 0.8703536 0.48993903 -0.05181038 101.365234 0.036533833 0.040687174 0.9985036 6.4387207
0.47880006 -0.8776269 0.019549116 89.795166 0.87699366 0.47723708 -0.054664053 102.102295 0.0386474 0.04332239 0.9983134 6.4888916
0.46736318 -0.8839544 0.018748874 90.13623 0.8832153 0.46578524 -0.055939585 102.73535 0.040719215 0.042703424 0.9982575 6.5255127
0.45383987 -0.8908158 0.022172272 90.50537 0.8901722 0.45210057 -0.05669349 103.45972 0.040479094 0.04547532 0.99814534 6.57251
0.44311684 -0.8959455 0.026562434 90.808105 0.89528215 0.44096196 -0.061634406 104.07056 0.04351505 0.051094845 0.9977452 6.5981445
0.43054757 -0.90237033 0.018077325 91.14209 0.9011806 0.42870566 -0.06367563 104.78125 0.04969997 0.04369075 0.9978071 6.6621094
0.41904122 -0.9078446 0.009775978 91.43115 0.90590364 0.4173826 -0.07073146 105.451416 0.060150728 0.038505495 0.9974468 6.6885986
0.40607297 -0.91383743 0.0004957719 91.77881 0.9112914 0.40490142 -0.07479872 106.23364 0.06816546 0.03081209 0.9971972 6.762085
