1.000000000000000000e+00 4.398956837314658088e-19 2.733407509747682871e-20 -8.673617379884035472e-19 -5.583667658079949532e-19 1.000000000000000000e+00 -6.100159232558060012e-19 0.000000000000000000e+00 4.145284534913582806e-20 -2.210423569125054137e-19 1.000000000000000222e+00 0.000000000000000000e+00
9.999004735809768896e-01 9.304810740809926805e-04 1.407754069832580640e-02 -4.963091975241809561e-02 -9.284336643873558875e-04 9.999995574583008251e-01 -1.519733216739763452e-04 -6.958108465427964573e-03 -1.407767612070622183e-02 1.388881472760892621e-04 9.999008949534757829e-01 1.125627802795720056e-02
9.993917273280834568e-01 3.583527625706533874e-03 3.468910057980895828e-02 1.280635191720158432e-02 -3.574895319679607247e-03 9.999935617245210295e-01 -3.108693375467130957e-04 5.087065660268175193e-03 -3.468999185188090251e-02 1.866703722760729514e-04 9.993981036562021858e-01 2.276341955302881581e-01
9.980356973421466993e-01 5.158712658839487500e-03 6.243504244153657429e-02 1.411920596467691746e-03 -5.221090308649476916e-03 9.999860205909454347e-01 8.359715118729144122e-04 4.194772638915350571e-03 -6.242985818015235611e-02 -1.160308362141896201e-03 9.980486794100870140e-01 3.823862422927874483e-01
9.953234358342145649e-01 4.992456048364606741e-03 9.646933930518927780e-02 8.440373099399964274e-02 -5.292176348694716329e-03 9.999819313726932002e-01 2.851281634114227921e-03 4.455887377332240495e-03 -9.645336300594525847e-02 -3.348480132991662420e-03 9.953318725290161151e-01 5.780000979937381933e-01
9.910791318114554604e-01 1.398380472862646674e-03 1.332673962199515394e-01 1.742730578579713974e-01 -2.073459605239259904e-03 9.999857128552767094e-01 4.926951713510653065e-03 7.840525716360111086e-03 -1.332586047591213796e-01 -5.159323513626370983e-03 9.910678714198114525e-01 7.618603440029970697e-01
9.848509137979957195e-01 -1.568193597829344683e-03 1.733961305283480414e-01 2.286095818116510858e-01 5.192301699045650002e-04 9.999812922500285195e-01 6.094714711597686366e-03 -5.684453062885438945e-03 -1.734024473664189658e-01 -5.912352741945695045e-03 9.848333034645294637e-01 9.406282464184390069e-01
9.762809537546291994e-01 -1.899562275093660780e-03 2.164991697162785556e-01 3.240112218247895859e-01 4.689070646254324078e-04 9.999777166142157503e-01 6.659309161896913819e-03 -1.367154037445098003e-03 -2.165069988970635129e-01 -6.399838564427943327e-03 9.762600893250136247e-01 1.180001372430856232e+00
9.644318432990547363e-01 -1.954642611155306842e-03 2.643244183855412710e-01 3.761205211667221771e-01 -7.601295435327554920e-04 9.999480162748178858e-01 1.016793732496080148e-02 5.327223181278095687e-03 -2.643305570688975203e-01 -1.000720317864369109e-02 9.643802223884897495e-01 1.355849922991319456e+00
9.501458936192634930e-01 -5.708086060022915693e-03 3.117534239350961967e-01 5.380470743218563889e-01 6.169823109224304575e-04 9.998648816868869194e-01 1.642673719992161080e-02 1.817165480749508705e-02 -3.118050709526066777e-01 -1.541545039206447185e-02 9.500210328625556810e-01 1.621616476919407690e+00
9.332931364528300744e-01 -1.547657984723807209e-02 3.587818211582017858e-01 6.571768749342951077e-01 7.086244059431505080e-03 9.996700670914162590e-01 2.468890607789289704e-02 2.959187889516379233e-03 -3.590455532519243320e-01 -2.049957087854417659e-02 9.330948826564965382e-01 1.805550673933092654e+00
9.122691881436754135e-01 -2.115459292376466877e-02 4.090445076305800898e-01 8.289971459250118357e-01 9.834247306253474791e-03 9.995087266817673788e-01 2.975891186722067969e-02 -1.538471897791812704e-03 -4.094730997121449612e-01 -2.312549333146778768e-02 9.120290535618152949e-01 2.035936196278011145e+00
8.869795405779349329e-01 -2.274055810839461372e-02 4.612484780887365354e-01 1.029965730163207249e+00 8.094085253937696386e-03 9.993989594298859913e-01 3.370764961812664634e-02 -1.284845429499414937e-03 -4.617377877754744175e-01 -2.616461085277196549e-02 8.866304932634661018e-01 2.301261774693542428e+00
8.590166152852414250e-01 -2.517000063858157444e-02 5.113285850204642990e-01 1.181626051635294550e+00 6.574379815208077245e-03 9.992506613798873838e-01 3.814306265964912540e-02 2.496670593576386793e-02 -5.119054965116789369e-01 -2.940385601833861440e-02 8.585383973928836232e-01 2.501223728149798653e+00
8.267794520720852525e-01 -3.035417572924737836e-02 5.617066466393140223e-01 1.440283971921026529e+00 7.675607648227548117e-03 9.990588575134058402e-01 4.269056373793375658e-02 2.684266754415359085e-02 -5.624738472329340322e-01 -3.098424078774223572e-02 8.262343207644927690e-01 2.733336642495258761e+00
7.911233568808411221e-01 -3.605410832276158273e-02 6.105930967022386024e-01 1.655256786441897221e+00 9.841503879961311860e-03 9.988823224754196373e-01 4.623040775687767973e-02 2.556394214639842732e-02 -6.115774572109289320e-01 -3.056480071214754193e-02 7.905939618825694737e-01 2.932182181268009113e+00
7.535273214692748134e-01 -4.042120895822914201e-02 6.561727630384805998e-01 1.904414764529706705e+00 1.072904930452506060e-02 9.987311995205144788e-01 4.920242427557078996e-02 3.353967466266792596e-02 -6.573290435480492189e-01 -3.003526066086526988e-02 7.530049258724171857e-01 3.142407544016377230e+00
7.135152278591138097e-01 -4.382034783002194261e-02 6.992680380311978583e-01 2.234832740372543647e+00 1.207938898569859212e-02 9.986632799018385631e-01 5.025675758915373187e-02 4.992484095659893706e-02 -7.005355930925019070e-01 -2.741223074900318163e-02 7.130907797659227221e-01 3.394742604943447262e+00
6.721819907180935916e-01 -4.556938499061611442e-02 7.389822689312015580e-01 2.497125858278507415e+00 1.093595449050866787e-02 9.986063141067486049e-01 5.163171769097607555e-02 5.948413343553526217e-02 -7.403051981816589633e-01 -2.662443381274439205e-02 6.717435238499075423e-01 3.573778451092329167e+00
6.290130782500671369e-01 -4.593818060780776452e-02 7.760362241896546776e-01 2.860149132747208611e+00 6.871692230762830277e-03 9.985420722031892460e-01 5.353979675582053871e-02 8.937121101469099049e-02 -7.773643536936198917e-01 -2.834454974377041692e-02 6.284116945554079070e-01 3.828929625162547090e+00
5.874643796801449769e-01 -4.677042402362636270e-02 8.078973446235466760e-01 3.188664183501335181e+00 3.829303617603144888e-03 9.984779678286499482e-01 5.501894354249668023e-02 1.018572010473844103e-01 -8.092409721776886444e-01 -2.922798475815913816e-02 5.867493370220565607e-01 4.021038158021297271e+00
5.473539107458964548e-01 -4.788894375183381374e-02 8.355299719640861822e-01 3.566950848418270148e+00 1.997189867772208600e-03 9.984333948158884420e-01 5.591750446028870281e-02 1.223864712068019750e-01 -8.368988710687487176e-01 -2.893795216173035076e-02 5.465920654196562145e-01 4.231549716376848735e+00
5.087179674413058184e-01 -5.053921215552974883e-02 8.594485473240032203e-01 4.004445012156251593e+00 1.124963484763856969e-03 9.983136715860244648e-01 5.803918966062034113e-02 1.382544697642904830e-01 -8.609325046188847086e-01 -2.855872974214577337e-02 5.079169554474856074e-01 4.439295531536934014e+00
4.713448922547103237e-01 -5.030995522375640572e-02 8.805128551826677530e-01 4.417611699770689349e+00 -2.009926007999507727e-03 9.983077935314125240e-01 5.811634479401296682e-02 1.607556977187594716e-01 -8.819466915824980546e-01 -2.916260732433472586e-02 4.704461588633143121e-01 4.612290761456553589e+00
4.352014741323231295e-01 -4.977675938190498361e-02 8.989560265801094241e-01 4.868346232250592820e+00 -3.021919255511850907e-03 9.983841176810132056e-01 5.674523354625174432e-02 1.866999918712113349e-01 -9.003280288321688918e-01 -2.741218114051969731e-02 4.343478171629165385e-01 4.808029833084589200e+00
4.019067343104140155e-01 -4.851433096498256048e-02 9.143945115058564888e-01 5.363161722247831165e+00 -1.995266323720640885e-03 9.985467128128298064e-01 5.385611579555436151e-02 2.008004883218794945e-01 -9.156784429383250101e-01 -2.346959546901095095e-02 4.012258481153678780e-01 4.959725618489185806e+00
3.719795485597612861e-01 -4.676682270952285669e-02 9.270620612308256847e-01 5.870349959465415601e+00 4.338136469824832283e-06 9.987300979089331898e-01 5.038046722758599688e-02 2.241662006456625611e-01 -9.282409336149808343e-01 -1.873648094834015967e-02 3.715073725386484060e-01 5.169318014817930518e+00
3.466884016483355313e-01 -4.490964387641747935e-02 9.369046169850844263e-01 6.413365775145626557e+00 9.296617384421882856e-04 9.988691000969512901e-01 4.753584508715895385e-02 2.461275691293499102e-01 -9.379799057455443512e-01 -1.560912095470731037e-02 3.463380812363228145e-01 5.351676412646138914e+00
3.264077883380405720e-01 -4.438193984059955743e-02 9.441865197854845126e-01 6.977867316542113230e+00 2.263556156627888512e-03 9.989309071424599118e-01 4.617270877664326340e-02 2.671731902072842502e-01 -9.452263474586795056e-01 -1.293391168586239919e-02 3.261592877956269731e-01 5.516390299878676906e+00
3.114970756602349899e-01 -4.497543464723282453e-02 9.491821568947015342e-01 7.569826571990957653e+00 3.307150625131402826e-03 9.989245570910533223e-01 4.624707515073751829e-02 2.974984786450360907e-01 -9.502413644235422341e-01 -1.126673942418239711e-02 3.113108175482460216e-01 5.689884394314880467e+00
2.992412656295108109e-01 -4.634895014488208537e-02 9.530511132440225852e-01 8.220280010147662964e+00 4.115484804971310077e-03 9.988729523049391101e-01 4.728517633202203307e-02 3.175535683992487535e-01 -9.541686139755231055e-01 -1.022740774118841012e-02 2.990947535177675976e-01 5.905527511834864463e+00
2.886709115736565967e-01 -4.831334087717208819e-02 9.562086124257006547e-01 8.834899779050559232e+00 3.039318640785232221e-03 9.987672128112417003e-01 4.954611101952022950e-02 3.465477032475945407e-01 -9.574235654163335552e-01 -1.139629748295046402e-02 2.884618800723902088e-01 6.085632620849491303e+00
2.779728793541904608e-01 -4.998040723349151532e-02 9.592877679260419788e-01 9.496273095064571734e+00 1.470968595677292880e-03 9.986664467359281927e-01 5.160585603699207463e-02 3.790533570572064415e-01 -9.605878049128819818e-01 -1.293394533245440653e-02 2.776757059818009687e-01 6.268055726929251392e+00
2.679377901241433713e-01 -5.150554235519048257e-02 9.620584722773127817e-01 1.019397578975111074e+01 9.717853530261308641e-04 9.985839184017492043e-01 5.319035160385337385e-02 4.043447997754405776e-01 -9.634357335553120905e-01 -1.331679005046154142e-02 2.676084193367520569e-01 6.467388397316232052e+00
2.574845468257870307e-01 -5.348062317656447628e-02 9.648012828220562387e-01 1.089389424448527421e+01 -5.387469139498934087e-04 9.984590912603070745e-01 5.549011436645559514e-02 4.285808397446878026e-01 -9.662822747074931717e-01 -1.480762979115046903e-02 2.570589727680480108e-01 6.658582395725278325e+00
2.472406981692372996e-01 -5.516115166684590343e-02 9.673826898696259446e-01 1.163927016326365305e+01 -5.354861647307651096e-04 9.983703240654733246e-01 5.706495631296559790e-02 4.628553265496968550e-01 -9.689539550546883984e-01 -1.462679880635407020e-02 2.468082365677985168e-01 6.837800129400105398e+00
2.364202586440807552e-01 -5.660527048786578863e-02 9.700006642762512010e-01 1.238727039168074739e+01 -1.221641224195790711e-03 9.982835247001398127e-01 5.855349573972889327e-02 4.907009191065721532e-01 -9.716501353701245680e-01 -1.502822452544019804e-02 2.359452964222159554e-01 7.002521393296889940e+00
2.268347273291533017e-01 -5.948520777497344481e-02 9.721149625886872370e-01 1.316247172370266938e+01 -2.210573742245976452e-03 9.980990222593569827e-01 6.159103087931497300e-02 5.260609952118725507e-01 -9.739307658016294056e-01 -1.611991563023795412e-02 2.262720217651039423e-01 7.195521387415748649e+00
2.139480447608348990e-01 -6.299480167402081443e-02 9.748117115371228714e-01 1.392469192006294598e+01 -4.256522589543476967e-03 9.978488877671214397e-01 6.541772811640382546e-02 5.754013162739834986e-01 -9.768357758463358520e-01 -1.814530223008963342e-02 2.132196783466501488e-01 7.380246353084914723e+00
2.027607271091411145e-01 -6.641557665794169119e-02 9.769734092970981942e-01 1.471348631770381132e+01 -4.475701765438188859e-03 9.976239963483400919e-01 6.874830873408317722e-02 6.105778361403956245e-01 -9.792180924170158507e-01 -1.831209781117162927e-02 2.019817092030434802e-01 7.540162801477184651e+00
1.897336400621472130e-01 -6.908841653776010006e-02 9.794018175298609963e-01 1.552789629782349401e+01 -5.404779312998177904e-03 9.974325921985498500e-01 7.140736886679914519e-02 6.534095742925480899e-01 -9.818207326907947285e-01 -1.884182983602925021e-02 1.888731074224134776e-01 7.686189178827665280e+00
1.762826384640278632e-01 -6.966345876341056842e-02 9.818713853846762207e-01 1.632797549546360116e+01 -6.200609622641880050e-03 9.973941549776820237e-01 7.187803562441681671e-02 6.826085919277327108e-01 -9.843200703205686741e-01 -1.875905005417786986e-02 1.753913159442926362e-01 7.842178522003267815e+00
1.620646576491721336e-01 -6.892510211150551513e-02 9.843700322960249327e-01 1.713116809325944345e+01 -7.541139594295291453e-03 9.974419719794330730e-01 7.108195058994132287e-02 7.262192963417115621e-01 -9.867513339429372365e-01 -1.894314293811627872e-02 1.611303165226445344e-01 7.968417078209224513e+00
1.449522288917303448e-01 -6.828347159668166078e-02 9.870796331457740713e-01 1.790324875091991785e+01 -8.237737644301482143e-03 9.974979444833964592e-01 7.021389025541423246e-02 7.623327137078046434e-01 -9.894043704013087970e-01 -1.830896205866853338e-02 1.440270476648651543e-01 8.085482619214426236e+00
1.232554905841274362e-01 -6.650669448188561983e-02 9.901438919768945635e-01 1.875594439877160013e+01 -1.113954697476025185e-02 9.975962009885377402e-01 6.839393415784199293e-02 7.962762621069197078e-01 -9.923124567173032817e-01 -1.945968142597848463e-02 1.222183533276561818e-01 8.180376629654361409e+00
9.934100996956597707e-02 -6.516876188562396865e-02 9.929171059416936895e-01 1.956516894239694082e+01 -1.572856235123090002e-02 9.976255399330526963e-01 6.705143081111168690e-02 8.451954640468241076e-01 -9.949291398615041082e-01 -2.227811461089368450e-02 9.808011638735242288e-02 8.262350997948505693e+00
6.940210890781599307e-02 -6.479879500295426809e-02 9.954820171009156615e-01 2.040152564306752936e+01 -1.922044274077811671e-02 9.976160789369084014e-01 6.627770069793781360e-02 8.810447408677647418e-01 -9.974035989442221473e-01 -2.373341646314691342e-02 6.799119683971517614e-02 8.326944367696183846e+00
3.599627290382267919e-02 -6.448844916014917494e-02 9.972690164022632864e-01 2.127239192486818453e+01 -2.207485859012813315e-02 9.976209532021016457e-01 6.530799598925465799e-02 9.232847888607742526e-01 -9.991080954015598703e-01 -2.436541611273746952e-02 3.448706129781369673e-02 8.361739528714823066e+00
2.916742541203170332e-03 -6.368481599651440450e-02 9.979657907787992110e-01 2.209778370924541591e+01 -2.411085726110388100e-02 9.976754444431149560e-01 6.373675637909963221e-02 9.575624577122304748e-01 -9.997050447474704615e-01 -2.424771359005247623e-02 1.374465509529450812e-03 8.360740408728567274e+00
-3.259140425514886474e-02 -6.280363534066774056e-02 9.974936022151452697e-01 2.291930372361304791e+01 -2.549774646622742641e-02 9.977512247319668681e-01 6.198676046394990119e-02 9.857533739157686714e-01 -9.991434744547634805e-01 -2.341360254029880780e-02 -3.411946607532913983e-02 8.285286257419953060e+00
-6.548393966513030295e-02 -6.087661460352699477e-02 9.959949167277595272e-01 2.375257949925073575e+01 -2.825133438695400304e-02 9.978502900111483331e-01 5.913257005893458873e-02 1.015232845555177565e+00 -9.974536244368692461e-01 -2.426595093555354229e-02 -6.706301517235049858e-02 8.218291519820896340e+00
-9.787426133287126240e-02 -5.772781053662348616e-02 9.935230805602025539e-01 2.459484184451024547e+01 -2.936455391378536492e-02 9.980490625690139339e-01 5.509801900295532850e-02 1.056810787757322956e+00 -9.947654844021537324e-01 -2.378168329506241338e-02 -9.937846756550448857e-02 8.143510704594859817e+00
-1.295485792475073727e-01 -5.317506028507565374e-02 9.901462323306089441e-01 2.546302900357740029e+01 -2.658722726841400083e-02 9.983882972329963801e-01 5.013907970563626776e-02 1.075857043006700486e+00 -9.912165766423326474e-01 -1.982979547629883099e-02 -1.307535642405285026e-01 8.050292962156978760e+00
-1.610168351036484202e-01 -4.775837562219007598e-02 9.857954652456425437e-01 2.625865802598380583e+01 -2.302132907292705685e-02 9.987385098336997169e-01 4.462518796157188133e-02 1.101023525941037251e+00 -9.866831375221650768e-01 -1.550891434651574009e-02 -1.619131766093848401e-01 7.884636736941012636e+00
-1.907074997705129338e-01 -4.183477383665706179e-02 9.807550582543206330e-01 2.711656538372481862e+01 -1.675092382274154940e-02 9.990847021769947434e-01 3.935942627631169866e-02 1.105513354089534328e+00 -9.815039849697410057e-01 -8.922414511298782866e-03 -1.912337180935346492e-01 7.720131325755974494e+00
-2.211358970166663607e-01 -3.627896988336542367e-02 9.745679733239193121e-01 2.793193653010818522e+01 -1.001596093044952035e-02 9.993396247791848097e-01 3.492842500208163253e-02 1.126007428411017308e+00 -9.751915769467376371e-01 -2.037305113201025916e-03 -2.213532344599196955e-01 7.532595850259523829e+00
-2.491046759805210231e-01 -2.948124197380757108e-02 9.680277373079898551e-01 2.872556046004490682e+01 -1.793192226969282438e-03 9.995488971055683791e-01 2.997977227032014649e-02 1.144550166662263502e+00 -9.684749148889296722e-01 5.732242744156455447e-03 -2.490451710312753530e-01 7.265528795337584889e+00
-2.752686029099729592e-01 -1.951590463326250899e-02 9.611692407382708137e-01 2.958215931842762458e+01 4.961646245863649864e-03 9.997517753514129080e-01 2.172026082936821464e-02 1.142693293734653892e+00 -9.613545620352874632e-01 1.074788874438427008e-02 -2.751034447915286507e-01 7.027140102437360980e+00
-3.002135801334176457e-01 -4.333215339600357020e-03 9.538621563886708898e-01 3.033888236560354557e+01 8.456738512657118248e-03 9.999382899052573492e-01 7.204161165865909273e-03 1.130698037298914826e+00 -9.538345271703986272e-01 1.022935096552789191e-02 -3.001584103956989047e-01 6.745515507911404640e+00
-3.239472374082142392e-01 1.265806026960027489e-02 9.459904571210734359e-01 3.111643542909789772e+01 9.444643164885344055e-03 9.999039320373673823e-01 -1.014521542418816459e-02 1.100075330672366292e+00 -9.460280128781612952e-01 5.648028852934909583e-03 -3.240356686496572713e-01 6.499654730357961263e+00
-3.500202394471921830e-01 2.733021184115785526e-02 9.363433536173565441e-01 3.190772639385014742e+01 7.936979748910808624e-03 9.996249414650155707e-01 -2.621031740111099198e-02 1.076999148196411182e+00 -9.367085197945413944e-01 -1.742402363553647790e-03 -3.501058820246177872e-01 6.206641010183206575e+00
-3.745475211419660999e-01 3.776809726558408992e-02 9.264381846049479785e-01 3.264551871246164438e+01 1.239246919292897979e-02 9.992847229857799718e-01 -3.572770756746936061e-02 1.041847078977544472e+00 -9.271249082510530926e-01 -1.900866685224525095e-03 -3.747476571962307657e-01 5.863436760034121953e+00
-3.984722016218362195e-01 4.293461822208947953e-02 9.161749331076352032e-01 3.341735210141251855e+01 1.599064842686173313e-02 9.990771210964222160e-01 -3.986483701167656962e-02 9.930669586003604277e-01 -9.170410120233488671e-01 -1.234797164452491490e-03 -3.987910137098782948e-01 5.549592206510967962e+00
-4.204086551555763496e-01 4.155390204882343508e-02 9.063828226226190443e-01 3.417123679668687686e+01 1.833029087758685297e-02 9.991358295855159444e-01 -3.730408071160655481e-02 9.400665922016195886e-01 -9.071496992254535208e-01 9.313033494456373273e-04 -4.208070468228393146e-01 5.177555860686962497e+00
-4.416341243370153768e-01 3.870578423365041154e-02 8.963599433443735220e-01 3.489630050773823911e+01 2.268603937310247759e-02 9.992313190015424951e-01 -3.197052865598429272e-02 9.066026245958409557e-01 -8.969083884057726941e-01 6.215581551060203949e-03 -4.421727307856127553e-01 4.815009259088868454e+00
-4.595418111084458301e-01 3.728312276653630158e-02 8.873732463887119559e-01 3.562218687116566684e+01 2.997957735765233514e-02 9.992003300195074766e-01 -2.645610289233017373e-02 8.790532975965590357e-01 -8.876500221544615377e-01 1.444539052863738973e-02 -4.602920628310646634e-01 4.394011657226688072e+00
-4.733162099341575169e-01 3.819157855703491505e-02 8.800642901287559772e-01 3.632566724026253269e+01 3.343601963730348514e-02 9.991186688499287261e-01 -2.537554121295237941e-02 8.266072109633374465e-01 -8.802578092862476389e-01 1.741519299759012804e-02 -4.741760372256270673e-01 4.001444804343430306e+00
-4.850280516428571165e-01 4.144144956151941950e-02 8.735161026487288094e-01 3.701804169203123962e+01 3.651822051872422037e-02 9.989650375075103117e-01 -2.711592426313740728e-02 7.810943742714484550e-01 -8.737357845964383030e-01 1.874727085719461381e-02 -4.860394350269561792e-01 3.621922652438403389e+00
-4.946053083059353539e-01 4.415407271081286944e-02 8.679953877912784943e-01 3.777328748823974536e+01 3.737301668640307523e-02 9.988654107810129856e-01 -2.951522840758980318e-02 7.259459315942631275e-01 -8.683138021714618127e-01 1.784121855900167031e-02 -4.956943065757971056e-01 3.189768379215881300e+00
-5.050536348229853756e-01 4.368171756442650044e-02 8.619818559828031912e-01 3.844191660396427324e+01 3.161562407335660047e-02 9.989844997790708891e-01 -3.210017852193433607e-02 6.810472036710967236e-01 -8.625087190913386381e-01 1.103978350298925708e-02 -5.059217787220202656e-01 2.823022164792124311e+00
-5.166203193370593194e-01 4.222311489632343817e-02 8.551728719689613012e-01 3.911006465710158864e+01 3.009758603335204591e-02 9.990616178900497690e-01 -3.114512677633982096e-02 6.589830949380645064e-01 -8.556854521337593500e-01 9.648434756781031074e-03 -5.174063471105094791e-01 2.406401132746750271e+00
-5.255073262269803758e-01 4.360224405741125464e-02 8.496710429847050827e-01 3.979903250245602919e+01 3.222702342753396010e-02 9.989893241417936443e-01 -3.133287661118589612e-02 6.147629446227069749e-01 -8.501784994352545866e-01 1.091671341384296660e-02 -5.263813803977714922e-01 2.000131783548592779e+00
-5.322250800398560244e-01 4.687438311312446676e-02 8.453042312684506676e-01 4.046995680225008840e+01 3.597778364216653452e-02 9.988163249337418392e-01 -3.273450884690689427e-02 5.646273006920744519e-01 -8.458380902897928433e-01 1.299004718354547852e-02 -5.332815360892196876e-01 1.550125949289251626e+00
-5.361148905588143387e-01 5.017577578364627172e-02 8.426524804075303798e-01 4.118080837717724307e+01 3.661923938532402750e-02 9.986745710323120528e-01 -3.616811326579132818e-02 5.316595766907107334e-01 -8.433503821521317612e-01 1.146702982552787534e-02 -5.372417082864567872e-01 1.088333797666793723e+00
-5.355218582723417775e-01 5.121577657503070119e-02 8.429669451555719117e-01 4.187943927399600597e+01 3.568778620265170703e-02 9.986401853423017005e-01 -3.800213247507363418e-02 4.801719897542411353e-01 -8.437669896895856336e-01 9.732652508953464066e-03 -5.366214266739137706e-01 6.447389512922959698e-01
-5.331122047127021535e-01 5.227661953625235836e-02 8.444279242644585626e-01 4.260590766700411081e+01 3.832654335292529080e-02 9.985567999739890510e-01 -3.762171227242267629e-02 4.355063800874093838e-01 -8.451759964433327443e-01 1.230741049280101480e-02 -5.343464004815968726e-01 2.214560456457334292e-01
-5.265409484474358193e-01 5.121836286844853176e-02 8.486055007104968961e-01 4.334106310261876160e+01 3.684377639525607262e-02 9.986204912048383120e-01 -3.741190482653525273e-02 4.018056373915540047e-01 -8.493510331897287102e-01 1.156693248215749648e-02 -5.277016596842629692e-01 -2.487361375406350050e-01
-5.196099799659772422e-01 4.989886850281490677e-02 8.529452259327333641e-01 4.409450689704620174e+01 3.435479187707827370e-02 9.987060103947936751e-01 -3.749737344992993410e-02 3.482361114274601932e-01 -8.537126149717055856e-01 9.818747257318561489e-03 -5.206518764987573267e-01 -7.055286496524745266e-01
-5.128564347347317476e-01 4.922446625561721634e-02 8.570619673951043183e-01 4.490099681328917569e+01 3.245959702230630933e-02 9.987527308002818183e-01 -3.793886162912184223e-02 3.061472408850959281e-01 -8.578605154737363181e-01 8.362697766945936112e-03 -5.138145722471029186e-01 -1.176997410012513123e+00
-5.063425065561214522e-01 4.783031637558478322e-02 8.610049439226025170e-01 4.570916170394491473e+01 2.971215442246671196e-02 9.988353906087148459e-01 -3.801381712599766205e-02 2.547751971136845150e-01 -8.618204373044108246e-01 6.334301385463888753e-03 -5.071739582783475475e-01 -1.641027577491849243e+00
-5.015202683274114781e-01 4.567868350253207615e-02 8.639391557368291119e-01 4.652996521599055058e+01 2.557168295087877338e-02 9.989515332080747267e-01 -3.797266495394916591e-02 2.059892993887248169e-01 -8.647679005399353525e-01 3.048318016534730564e-03 -5.021625230108542892e-01 -2.085363928062687666e+00
-5.006247766976539282e-01 4.232032592751614614e-02 8.646292901784931040e-01 4.732146132278522543e+01 2.022618218236589202e-02 9.991034538808675203e-01 -3.719126184503705052e-02 1.582900954935826388e-01 -8.654280714487554427e-01 -1.130716694464084689e-03 -5.010319233377384940e-01 -2.568565059096499237e+00
-5.007920539128171145e-01 4.048946286415813084e-02 8.646200949546952730e-01 4.821654687850236343e+01 1.808820832197070502e-02 9.991767211021834738e-01 -3.631386361979651450e-02 1.121727682646377761e-01 -8.653786152882990690e-01 -2.546265044067526351e-03 -5.011121454400329078e-01 -3.039243555598584834e+00
-5.016189730562351512e-01 3.859790233110290542e-02 8.642271659009932439e-01 4.906528304133035334e+01 1.620480814412120218e-02 9.992481072069494541e-01 -3.522249854443405132e-02 6.780156577819228259e-02 -8.649368892534550213e-01 -3.663637234535916699e-03 -5.018672821850240773e-01 -3.545711568232648325e+00
-5.019629145127699754e-01 3.843804663208665040e-02 8.640345684670607262e-01 4.992943465516718504e+01 1.647043306185372660e-02 9.992556021336542749e-01 -3.488504559772482444e-02 1.844420558086789369e-02 -8.647323109554708731e-01 -3.279974737158573937e-03 -5.022223468814762670e-01 -4.035913190913207771e+00
-5.020332881059822450e-01 3.782705254195309341e-02 8.640206468660674988e-01 5.078580737584032789e+01 1.631315273518563203e-02 9.992794620145583062e-01 -3.427007165672751876e-02 -2.670970225303778700e-02 -8.646944379386638513e-01 -3.109815075885280847e-03 -5.022886337546735858e-01 -4.526443358776767845e+00
-5.023966291530922446e-01 3.693321992102890916e-02 8.638481063057275033e-01 5.165500911128455641e+01 1.659274648831639623e-02 9.993151277278492506e-01 -3.307500908435924425e-02 -7.451328164869724935e-02 -8.644780622394635516e-01 -2.283159529889298555e-03 -5.026653764040875938e-01 -5.041324069101868588e+00
-5.028477006267405569e-01 3.653354804283211882e-02 8.636026148263213909e-01 5.255539828261855462e+01 1.615427999639717713e-02 9.993291036658467075e-01 -3.286916142370083227e-02 -1.355925863431038936e-01 -8.642240690459267460e-01 -2.577302889564936101e-03 -5.031005163284724135e-01 -5.548131461888061722e+00
-5.025921341470973580e-01 3.536591461870009639e-02 8.637999683166029952e-01 5.345782115422808545e+01 1.472152075919736305e-02 9.993681506546515658e-01 -3.235083081915854364e-02 -1.738874242137081472e-01 -8.643983085550008827e-01 -3.542823037039428448e-03 -5.027952128988651959e-01 -6.059941867679967231e+00
-5.024682018505256531e-01 3.463934201676956148e-02 8.639015039909135885e-01 5.436871142559967751e+01 1.422718151789811002e-02 9.993930798987722408e-01 -3.179715598282002037e-02 -2.367772187399266315e-01 -8.644786323275057693e-01 -3.686175380103149345e-03 -5.026560652216610636e-01 -6.593551544234925288e+00
-5.014647962768267186e-01 3.367452563420536560e-02 8.645224525044519215e-01 5.524518652621892301e+01 1.273855533746063445e-02 9.994213090962580370e-01 -3.154007144763578546e-02 -2.895462015155457758e-01 -8.650842731427458299e-01 -4.803467510797585285e-03 -5.016035691861783219e-01 -7.091317298925964963e+00
-5.004726150032768883e-01 3.245426864508485498e-02 8.651438426795248215e-01 5.615350231973000916e+01 1.236555499006626417e-02 9.994631530854087842e-01 -3.033972066658784453e-02 -3.421469456999336467e-01 -8.656640613055733846e-01 -4.486214684754359638e-03 -5.006052540856684718e-01 -7.608949645741307499e+00
-4.997652766641205724e-01 3.034590503284999990e-02 8.656291242338211012e-01 5.702301326803685555e+01 1.315072121351916305e-02 9.995367324657996599e-01 -2.744774960866490712e-02 -3.904977730347873321e-01 -8.660610481592408982e-01 -2.333783973562210748e-03 -4.999328233923225340e-01 -8.099399795451914130e+00
-4.972919109457327735e-01 2.890900046240469159e-02 8.671015000510228221e-01 5.790937563521356424e+01 1.360972782344687868e-02 9.995816511859281217e-01 -2.552053871316998374e-02 -4.422226843328708190e-01 -8.674765374504108673e-01 -8.901411223888345279e-04 -4.974773143130011843e-01 -8.579452458081613386e+00
-4.939915449588774821e-01 2.789323810076699273e-02 8.690191638350119874e-01 5.882883545946950932e+01 1.284170435828884023e-02 9.996103202993880110e-01 -2.478503897183719287e-02 -5.093533924977811100e-01 -8.693718747516606671e-01 -1.083911577916492125e-03 -4.941572444219169413e-01 -9.119171052522775156e+00
-4.919070775097798554e-01 2.884336256189816775e-02 8.701697959790690717e-01 5.972783025176161686e+01 1.376366473308272484e-02 9.995838214677489342e-01 -2.535242331735352433e-02 -5.541800585887136643e-01 -8.705389141996686675e-01 -4.943101915163032253e-04 -4.920993479411820970e-01 -9.642436318134910422e+00
-4.906439197981193878e-01 2.878017832700752177e-02 8.708847406989954631e-01 6.058982046954746181e+01 1.330394421140047162e-02 9.995853192265562459e-01 -2.553810155226319059e-02 -6.042285311135510151e-01 -8.712586077415683805e-01 -9.439113109384869495e-04 -4.908233503106556039e-01 -1.011496329774257497e+01
-4.913976565664125440e-01 3.027660546996119653e-02 8.704089019410214956e-01 6.149769107460966922e+01 1.313489436494909117e-02 9.995395407170483137e-01 -2.735289872487243687e-02 -6.531545814969366148e-01 -8.708362820806452298e-01 -2.008420429498552953e-03 -4.915690691936783763e-01 -1.060865331962962799e+01
-4.939745320855238875e-01 3.221717494707128371e-02 8.688792790887593931e-01 6.240727470463701820e+01 1.192575467967879957e-02 9.994703287287725058e-01 -3.027933854385140428e-02 -6.993465676906363004e-01 -8.693945884916804978e-01 -4.595180063705910263e-03 -4.940971033152760650e-01 -1.110064358609159108e+01
-4.985969830640344935e-01 3.262874608804812449e-02 8.662196025403474664e-01 6.326599117904164160e+01 1.062547225409661046e-02 9.994462915040710493e-01 -3.153109126602132023e-02 -7.558651163955824037e-01 -8.667688043588060998e-01 -6.517313748430269421e-03 -4.986676027341550022e-01 -1.158427312916041707e+01
-5.039999665325504141e-01 3.172841289476777821e-02 8.631206914771047956e-01 6.415275815179916208e+01 1.096095546940482370e-02 9.994795180887535713e-01 -3.034057274390141931e-02 -7.930695143611873332e-01 -8.636341259367112944e-01 -5.831019302111739057e-03 -5.040854186025687245e-01 -1.209070729638532704e+01
-5.094941048878642853e-01 2.904561569576838767e-02 8.599837765258806499e-01 6.503102282189242089e+01 1.329432081815084231e-02 9.995765466109096664e-01 -2.588413558612622997e-02 -8.706008687799613455e-01 -8.603714490303526752e-01 -1.754913349394414098e-03 -5.096645008263278598e-01 -1.261514353447455328e+01
-5.153537651066262271e-01 2.696327510628453855e-02 8.565532471932819636e-01 6.586489469667249352e+01 1.073716907843802644e-02 9.996296124116381687e-01 -2.500702241670927500e-02 -9.027408537262896493e-01 -8.569102765596123827e-01 -3.690505217357708395e-03 -5.154523949174842912e-01 -1.312107945717953683e+01
-5.198815963667944295e-01 2.934552509651781535e-02 8.537341229495422068e-01 6.672705071176504532e+01 1.207681498728995634e-02 9.995623736709488005e-01 -2.700391931605495427e-02 -9.601104351149146732e-01 -8.541529653962759427e-01 -3.728450735693366810e-03 -5.200084841711660744e-01 -1.363544532600819181e+01
-5.248196799110432798e-01 3.185014203264771582e-02 8.506173398729023338e-01 6.755471103282339129e+01 1.290530545657837813e-02 9.994825943738546714e-01 -2.946178219236903276e-02 -1.003177640235900725e+00 -8.511156023544997895e-01 -4.484645617792907754e-03 -5.249591722652054981e-01 -1.414550435438111542e+01
-5.297064352552464106e-01 3.198061911736348184e-02 8.475779134675889281e-01 6.838621943670575831e+01 1.128976805710922224e-02 9.994662352463852262e-01 -3.065592466576506567e-02 -1.056354620412097933e+00 -8.481059163794395506e-01 -6.669681658937370167e-03 -5.297847515956436437e-01 -1.465310532414579470e+01
-5.346234261651259256e-01 3.219335265560761133e-02 8.444769785352211899e-01 6.923466686272992376e+01 1.008393783456630090e-02 9.994460146838123338e-01 -3.171715481478989962e-02 -1.114291998693584418e+00 -8.450302468622125085e-01 -8.441079777945968698e-03 -5.346518895929358584e-01 -1.515549111174524732e+01
-5.368865762350377713e-01 3.182050940079384632e-02 8.430541183790121185e-01 7.005174938437450294e+01 1.026674848055215625e-02 9.994608761634673488e-01 -3.118574791840455357e-02 -1.166385646135176035e+00 -8.435919687912989406e-01 -8.087783992856341711e-03 -5.369238222375183334e-01 -1.571281895472853840e+01
-5.401031897537397208e-01 2.510509878458791130e-02 8.412242659108810638e-01 7.085991940922882293e+01 1.167850319353376867e-02 9.996823089626800662e-01 -2.233592822012454154e-02 -1.214779388016359762e+00 -8.415177767532275865e-01 -2.239464899470645573e-03 -5.402247949711022068e-01 -1.621795041217960076e+01
-5.418222930063820719e-01 1.682190396258617660e-02 8.403247071779692545e-01 7.166822870213518115e+01 1.198125996753040233e-02 9.998526900376308868e-01 -1.229014296471180913e-02 -1.251830699863744734e+00 -8.404076771351799424e-01 3.409076290634503910e-03 -5.419440259710849306e-01 -1.672887493665811931e+01
-5.442249144018358464e-01 1.515311042290383436e-02 8.388024874640619410e-01 7.251246472800605147e+01 1.338188232918860812e-02 9.998664574099386249e-01 -9.380434398844363780e-03 -1.267762499068159965e+00 -8.388326288942553610e-01 6.119691061106551262e-03 -5.443550155173669802e-01 -1.726451139065447649e+01
-5.452001422092344063e-01 1.978568326837203128e-02 8.380723828422501631e-01 7.332175186207312834e+01 1.313906294597576817e-02 9.998003157114221384e-01 -1.505635102348870484e-02 -1.315430899771809159e+00 -8.382029476619607955e-01 2.802762022262424418e-03 -5.453512408234665321e-01 -1.778042937123040090e+01
-5.458110802951268159e-01 2.444558591704591721e-02 8.375515895653933285e-01 7.407135406212712780e+01 1.289925620141348789e-02 9.997010194880819878e-01 -2.077211596002346769e-02 -1.358140530271340518e+00 -8.378089790126115322e-01 -5.338576007270071956e-04 -5.459632244731447148e-01 -1.830739954109159484e+01
-5.463449733614429427e-01 3.001782111681664325e-02 8.370221548696928915e-01 7.487483238451552836e+01 1.961607958642052479e-02 9.995420257483571547e-01 -2.304231218227526315e-02 -1.397054968794457563e+00 -8.373305147799351422e-01 3.830042721645069738e-03 -5.466835945776349348e-01 -1.882872627038329938e+01
-5.459384782683766035e-01 3.037212391041973353e-02 8.372745662402893974e-01 7.569812287399395245e+01 2.257554174048072293e-02 9.995131302641822035e-01 -2.153711463007601523e-02 -1.441808796124779635e+00 -8.375210650137676627e-01 7.143988312848306710e-03 -5.463583456757452606e-01 -1.935184304861891036e+01
-5.449597987600237614e-01 2.763688780857173621e-02 8.380065676256278628e-01 7.649554362085980586e+01 2.248300623096961132e-02 9.995789059495435724e-01 -1.834462248829999559e-02 -1.478413440703430393e+00 -8.381606908381281640e-01 8.843826101887016997e-03 -5.453516809316079073e-01 -1.989292042292332496e+01
-5.449274446579983611e-01 2.307705499657833684e-02 8.381655664608087530e-01 7.733819762550594135e+01 2.110213508101448435e-02 9.996820151816728783e-01 -1.380465076185265726e-02 -1.508727215562792878e+00 -8.382176277413388998e-01 1.016455095496968282e-02 -5.452411423149052805e-01 -2.042525798671302439e+01
-5.442235188200641449e-01 1.723491657654712891e-02 8.387632004345051406e-01 7.807433239261892766e+01 1.912461405400529141e-02 9.997840141584222184e-01 -8.134748860985550889e-03 -1.536824260377475104e+00 -8.387222557080494800e-01 1.161390187429575845e-02 -5.444355865530429162e-01 -2.090899258559301188e+01
-5.444010260713036953e-01 1.051001263491225385e-02 8.387592322187549243e-01 7.890434417265926470e+01 1.013566918597451350e-02 9.999309247912490095e-01 -5.950952796989736164e-03 -1.568853499777293381e+00 -8.387638538657562481e-01 5.261682275192698655e-03 -5.444699486470375716e-01 -2.143416751502809703e+01
-5.425326960710867841e-01 5.215342574863705664e-03 8.400184885119071909e-01 7.970812355056665410e+01 1.670593642894769920e-03 9.999854483293942886e-01 -5.129546188246939323e-03 -1.596746510621020354e+00 -8.400330317238314803e-01 -1.379616053128633829e-03 -5.425335152121886217e-01 -2.193436314206665116e+01
-5.407435208937588778e-01 5.265980898628763382e-03 8.411710296785464003e-01 8.050927704969872423e+01 4.234903974192604989e-03 9.999847746282575223e-01 -3.537809056477611049e-03 -1.620780013162438138e+00 -8.411768671378285767e-01 1.649232162965078323e-03 -5.407575899778714890e-01 -2.240764721555021310e+01
-5.372262037841860627e-01 8.651295388561946326e-03 8.433938274078061070e-01 8.130090248154132837e+01 1.002111777889117504e-02 9.999422835383218189e-01 -3.873857705680164992e-03 -1.647392962038441322e+00 -8.433786781954987211e-01 6.370612003756991569e-03 -5.372818938240502273e-01 -2.295332782590047671e+01
-5.323198972382937599e-01 1.218286392162407084e-02 8.464556053337000119e-01 8.208203517291060791e+01 1.161323193603913673e-02 9.999074413926334337e-01 -7.088121906324063720e-03 -1.667369333695761124e+00 -8.464636268672075525e-01 6.056937935025674159e-03 -5.324121100643588456e-01 -2.338476571776975987e+01
-5.239209907765207674e-01 1.406697024672221193e-02 8.516506928289816480e-01 8.287922404422083389e+01 1.590872389265689940e-02 9.998508117227651315e-01 -6.728058776934741671e-03 -1.702168154884058149e+00 -8.516182946853445568e-01 1.002370553532368549e-02 -5.240666166498673118e-01 -2.392567799087254343e+01
-5.167857088804217458e-01 1.726206541327494556e-02 8.559407332864408247e-01 8.367170755234990054e+01 2.384137306598139647e-02 9.996991215245417672e-01 -5.766742114585172128e-03 -1.740819740942222360e+00 -8.557827598547288472e-01 1.742663353245996194e-02 -5.170417717299228277e-01 -2.438349482501902088e+01
-5.058720591689471746e-01 1.564563058503728316e-02 8.624666141441185152e-01 8.447714268391706582e+01 2.129316309947271862e-02 9.997573277044315976e-01 -5.646846157777396687e-03 -1.770972981899838317e+00 -8.623456808036636945e-01 1.550806167702754347e-02 -5.060824442122224820e-01 -2.485588950328569169e+01
-4.950528550919836013e-01 1.350852301707494707e-02 8.687578355372549410e-01 8.529540038240465094e+01 1.826596608951425171e-02 9.998199627200343720e-01 -5.137762056411885291e-03 -1.791502865536605427e+00 -8.686708453680686004e-01 1.332523846311909829e-02 -4.952104745677344266e-01 -2.528249667156758917e+01
-4.842366848274305968e-01 1.156206868062129890e-02 8.748606390705259139e-01 8.608610296931981054e+01 2.127573185801677133e-02 9.997726136339607494e-01 -1.436741445636561566e-03 -1.790982008913997836e+00 -8.746783345517008534e-01 1.791757857740097770e-02 -4.843725687108060285e-01 -2.576273758726330243e+01
-4.721153274306976177e-01 1.026651392243181464e-02 8.814770004174639073e-01 8.694634220025299953e+01 2.031851525616681226e-02 9.997932672413198940e-01 -7.620253326849211117e-04 -1.821161226853537540e+00 -8.813026088629976051e-01 1.755054116587345669e-02 -4.722263272860591221e-01 -2.619356035405693106e+01
-4.600061561488784645e-01 8.758492253282337478e-03 8.878725195097428857e-01 8.778844606357563407e+01 1.899533472482015442e-02 9.998195721086080567e-01 -2.133174165768655499e-05 -1.845489438469787302e+00 -8.877125247614366943e-01 1.685562409228371153e-02 -4.600895299486288392e-01 -2.662826193205738434e+01
-4.483838422117917832e-01 1.085411043020769774e-02 8.937751976541133958e-01 8.860700955264705669e+01 2.349784614976043948e-02 9.997238253288278642e-01 -3.525014818390497981e-04 -1.851814445750894489e+00 -8.935322011611467330e-01 2.084373728118535385e-02 -4.485150594257726886e-01 -2.700132250528379885e+01
