1.000000000000000000e+00 -3.306050084167601550e-19 -2.270457535318767223e-19 -8.673617379884035472e-19 7.546676715296109287e-19 1.000000000000000000e+00 6.237773588823049983e-19 1.387778780781445676e-17 -3.447385680526250622e-20 4.770700176052009879e-20 1.000000000000000222e+00 5.551115123125782702e-17
-2.217386498728360911e-01 -1.138731239234388321e-02 9.749544263815572709e-01 -4.679461421863774007e+00 -2.775766910145755634e-02 9.996002786203790347e-01 5.357051863378000864e-03 -2.246265236814726229e-02 -9.746258218927642547e-01 -2.587167544759718871e-02 -2.219661214118800185e-01 3.034316942285661067e+00
-6.158097442973134994e-01 -2.526327423907213238e-02 7.865569250119965883e-01 -1.241560070190501408e+00 -4.210444271031684588e-02 9.991120776623327870e-01 -9.371618864996496701e-04 1.113462035078789658e-02 -7.858348422473815376e-01 -3.370149014753989758e-02 -6.163263344865403948e-01 6.472130843526472610e+00
-9.699152102168464573e-01 -4.049570592882548864e-02 2.373371007650809106e-01 2.169372080846843520e+00 -4.547427532394184707e-02 9.988441082855364916e-01 -1.554783542375891454e-02 6.579083790617748506e-02 -2.364330199718920333e-01 -2.587982946303370169e-02 -9.706354958737135608e-01 8.576028307012164120e+00
-8.860750896217307604e-01 -3.622470989373839656e-02 4.623640985044556451e-01 5.949658843537001474e+00 -4.642975037402377603e-02 9.988654131408597481e-01 -1.065992445425859025e-02 2.220421659710972717e-01 -4.614534922995606747e-01 -3.089546920575376998e-02 -8.867516887420601179e-01 8.648083407704175940e+00
-6.173208685762462400e-01 -3.541709355629650557e-02 7.852350369960029441e-01 9.305397603665213069e+00 -5.072755049230998764e-02 9.986988346666062499e-01 5.108098707306767128e-03 2.369759927197604144e-01 -7.843943547324817578e-01 -3.667356956016479957e-02 -6.183139392577794435e-01 9.463196000148521136e+00
-8.192625413382816912e-01 -3.523288849002623874e-02 5.714743595565359158e-01 1.087874805500429609e+01 -4.477135079693385367e-02 9.989931009985364430e-01 -2.653877002070617348e-03 3.719611251395306128e-01 -5.708049003333933724e-01 -2.778944593375614128e-02 -8.200147999060739545e-01 1.088280796282298013e+01
-7.568974221628507193e-01 -3.207300032315383437e-02 6.524354696585119573e-01 1.229825145732859326e+01 -4.222495636030516863e-02 9.991084161189737189e-01 1.311349266474828759e-04 3.614134226296681351e-01 -6.518578700432151596e-01 -2.744451524171685405e-02 -7.575766541467052750e-01 1.076261929266725303e+01
-8.336866352076457432e-01 -3.564306903011044136e-02 5.506962218091909778e-01 1.264934717903360450e+01 -4.345536075859903619e-02 9.990539708157535337e-01 -1.194559909563353006e-03 4.206740949135336360e-01 -5.501326034392416409e-01 -2.493926028384582314e-02 -8.344465797449180933e-01 1.055817295288356306e+01
-8.232473767318085889e-01 -3.763257153396919880e-02 5.679636451551272058e-01 1.266543435823924213e+01 -4.168363762599134464e-02 9.991147502792783186e-01 5.918803430479045898e-03 3.800305953871327969e-01 -5.676835072255836945e-01 -1.879942075780529145e-02 -8.240872569893947786e-01 1.048336898273898754e+01
-8.796704884996399132e-01 -3.551429440771591145e-02 4.741842382960417268e-01 1.274473101731033253e+01 -3.545082357161303405e-02 9.993303113257105963e-01 9.051322474315750405e-03 3.910929074346419232e-01 -4.741880200663497469e-01 -8.849693849841534440e-03 -8.803402599140833784e-01 1.016572853437979340e+01
-8.780748860543152734e-01 -3.456826586543861740e-02 4.772872667006730629e-01 1.282319853187743242e+01 -3.067728232854057685e-02 9.994028609718762501e-01 1.586825593366796017e-02 3.558235858851253042e-01 -4.775503529767449185e-01 -7.214685861274287761e-04 -8.786109472533766285e-01 9.954501493943663348e+00
-9.262783346639751336e-01 -3.542272499003703418e-02 3.744579034254439387e-01 1.287391764226638990e+01 -3.206406598459224377e-02 9.993714945399861938e-01 1.504904659493078167e-02 3.689191607844607979e-01 -3.747552249159272764e-01 1.923121775269293933e-03 -9.268321830846292242e-01 9.578112581803040371e+00
-9.304159534832473488e-01 -3.758306499383096827e-02 3.657710877950855477e-01 1.296480255540089388e+01 -3.275716457246691249e-02 9.992751303359485027e-01 1.940245549582252788e-02 3.737129071970453076e-01 -3.662351337936929907e-01 6.066410842880575610e-03 -9.309727122569065871e-01 9.339716471834908162e+00
-9.633206832190720492e-01 -3.490590456596075197e-02 2.662110001061941955e-01 1.295517443370982669e+01 -3.053249084962276691e-02 9.993215256142804481e-01 2.060645176391263586e-02 3.677439253306352684e-01 -2.667497758256534568e-01 1.172113332327189006e-02 -9.637328928140620476e-01 8.949166130655671125e+00
-9.682565603450886682e-01 -3.199707672759882771e-02 2.491898980449795131e-01 1.304351291724094075e+01 -2.681085463925682658e-02 9.993454681986037036e-01 2.430942152201785028e-02 3.672189201058018715e-01 -2.498049188713265811e-01 1.685270422903015902e-02 -9.684805466093135973e-01 8.692701813912094622e+00
-9.879146675701279134e-01 -2.809169264816114078e-02 1.507899404020222323e-01 1.295548725143005520e+01 -2.478664190971097137e-02 9.994154217128355944e-01 2.352521476156782185e-02 3.721523727249067548e-01 -1.513623402593731182e-01 1.950725529317093657e-02 -9.880333922156753212e-01 8.333732316070504353e+00
-9.905970775623463842e-01 -2.516753901143591737e-02 1.326806826661644512e-01 1.304407211700564417e+01 -2.203267268379576621e-02 9.994417258787763325e-01 2.512208382094826761e-02 3.759960029510521218e-01 -1.332390119696735542e-01 2.196220883894531989e-02 -9.905983552484979304e-01 7.972124970994533655e+00
-9.988043643825591511e-01 -2.239177108527940635e-02 5.708214609270517714e-02 1.291422045131921514e+01 -2.102977424830990844e-02 9.994757715456284997e-01 2.462533537646164131e-02 3.730738770462229681e-01 -5.760363569615824936e-02 2.338424320035377077e-02 -9.987519587873675553e-01 7.566569980582365851e+00
-9.995068344308289943e-01 -2.484147651996799003e-02 1.589940199419201741e-02 1.299556799534150997e+01 -2.444300137149288052e-02 9.993676084766004442e-01 2.583283792727025796e-02 3.956741682215811351e-01 -1.653127469226681537e-02 2.543099158785331812e-02 -9.994819865282239535e-01 7.222747752969272739e+00
-9.987997399625179185e-01 -2.464781193927915656e-02 -3.836377377392871657e-02 1.287142950706640754e+01 -2.568334155910136779e-02 9.993284393299981527e-01 2.614719305895461809e-02 3.956583132668919367e-01 3.769324132812000572e-02 2.709872819452092962e-02 -9.987618984870481054e-01 6.789324559937193193e+00
-9.951877685898836701e-01 -2.380000854451526371e-02 -8.653671785243467751e-02 1.287400531494067479e+01 -2.623217517113993896e-02 9.992966949746443506e-01 2.679511129231477648e-02 4.017146360213527667e-01 8.583756205895476388e-02 2.895326363988473192e-02 -9.951120224884290044e-01 6.394366942145171429e+00
-9.906181642553852917e-01 -2.228098236387103873e-02 -1.319278401159294511e-01 1.272022341832511394e+01 -2.623786751372938694e-02 9.992571956131615085e-01 2.823557344705714470e-02 4.064187326704393755e-01 1.312006161406487348e-01 3.142424315956741238e-02 -9.904667672586552341e-01 5.917559860486901968e+00
-9.843771942521184481e-01 -2.225288212766456455e-02 -1.745410719700804247e-01 1.265245450612430034e+01 -2.763065282164556269e-02 9.992153718344707336e-01 2.838574432933953923e-02 4.125546579165219607e-01 1.737724740141483315e-01 3.275621023929013026e-02 -9.842197483983923245e-01 5.461381198436083828e+00
-9.765582831217296533e-01 -2.152479684480443009e-02 -2.132907441107702307e-01 1.248443561804368507e+01 -2.749194014826165933e-02 9.993092130099473502e-01 2.500941130845211677e-02 4.243288880377525940e-01 2.126049835388084397e-01 3.028595132462677184e-02 -9.764753141960790250e-01 4.986583928779474206e+00
-9.685080738844783488e-01 -1.873021675147273218e-02 -2.499064287322823319e-01 1.234291508041425622e+01 -2.493894176096465159e-02 9.994532958923120214e-01 2.170476082851377497e-02 4.252547571756640776e-01 2.493633822537511258e-01 2.725123329741051953e-02 -9.684459372635710883e-01 4.464809400626350566e+00
-9.592332394124197803e-01 -1.558109609138581125e-02 -2.808844884507583073e-01 1.216344866578481465e+01 -2.127482756379942691e-02 9.996247022554598516e-01 1.725064061647144792e-02 4.354523470907259997e-01 2.805103822109220046e-01 2.252826452888221850e-02 -9.592046914502178057e-01 3.954386049124060776e+00
-9.512257087958020385e-01 -1.463605541541090904e-02 -3.067897501274867156e-01 1.197276241878385328e+01 -1.991527486044865694e-02 9.997030286369088525e-01 1.404615270566633711e-02 4.465176197332728081e-01 3.064929197889419976e-01 1.947303282666416890e-02 -9.512347856804930224e-01 3.406138651428427089e+00
-9.446682855462811279e-01 -1.286117254308697701e-02 -3.269220533186384947e-01 1.176532497524199528e+01 -1.816552989616227257e-02 9.997490151506065459e-01 1.312357919357871362e-02 4.466687544756089978e-01 3.266711320188188106e-01 1.833424015110330166e-02 -9.446647940879681071e-01 2.836429484026595116e+00
-9.397591366270764413e-01 -1.169067336804183004e-02 -3.414775213201563520e-01 1.154076436814602857e+01 -1.714247613200094514e-02 9.997697120632310641e-01 1.291592957140110486e-02 4.579077139159415388e-01 3.412478171962655127e-01 1.799229956904525862e-02 -9.397431246266758631e-01 2.253663103804226964e+00
-9.359839232888702565e-01 -9.455827678500020039e-03 -3.531489010525840078e-01 1.130763654976825094e+01 -1.549517401675702503e-02 9.997775427565961381e-01 1.430401789067585125e-02 4.533372778187213514e-01 3.529352835352724815e-01 1.885406655623327044e-02 -9.359222849149609891e-01 1.642769178410629749e+00
-9.315301807600396833e-01 -8.854211096442127574e-03 -3.652774975928060330e-01 1.106129579910681038e+01 -1.575544546794190731e-02 9.997484630636127578e-01 1.595874190114286023e-02 4.587315226315418215e-01 3.650445911659321863e-01 2.061084104839584763e-02 -9.314354573104397517e-01 1.010720555515754349e+00
-9.265894127279856729e-01 -9.279124363793918306e-03 -3.749738243412862326e-01 1.079513798596732777e+01 -1.698806545590112252e-02 9.997078786671538264e-01 1.720292580468339369e-02 4.697418226841050259e-01 3.747045102521543436e-01 2.230798671400639407e-02 -9.264764366537372453e-01 3.634314769086889330e-01
-9.233126598393912587e-01 -8.581303208409373287e-03 -3.843218206818740934e-01 1.052136714608218604e+01 -1.739596887014253912e-02 9.996586046188757901e-01 1.948864309648068449e-02 4.758568909563323790e-01 3.840235472620580626e-01 2.467992890147171700e-02 -9.231466893130235718e-01 -3.127233521653882131e-01
-9.200123472978911643e-01 -8.654376442597788363e-03 -3.931762867361388580e-01 1.022828509178405199e+01 -1.878572118792498635e-02 9.995825543100014254e-01 2.194924647227067607e-02 4.792939733610788178e-01 3.928223861266342265e-01 2.757044347214463245e-02 -9.197911352042490440e-01 -9.956017911464842829e-01
-9.142192077618247481e-01 -7.906839846565275054e-03 -4.037406127620610796e-01 9.912702625191874617e+00 -1.900648333719790611e-02 9.995432951685089273e-01 2.348994235715639797e-02 4.912375463344355597e-01 4.033705301176788161e-01 2.915992264241396362e-02 -9.139517333760751594e-01 -1.690539201842150341e+00
-9.100770871733293577e-01 -6.840417149441570775e-03 -4.149268213645537773e-01 9.586656855030154745e+00 -1.875324384977702583e-02 9.995203774491199233e-01 2.464522330955762688e-02 4.960774903783766732e-01 4.145592978007922591e-01 3.020684238088864465e-02 -9.097690225069305914e-01 -2.407860010124882599e+00
-9.059240533496502046e-01 -6.405986222343501048e-03 -4.245841605262043461e-01 9.239824430914534759e+00 -2.005845057426410352e-02 9.994145612598724915e-01 2.771927231520012608e-02 5.150343776062309420e-01 4.241583597988045073e-01 3.361185105966275205e-02 -9.055224326348012553e-01 -3.126899279745220639e+00
-8.999994932993551355e-01 -6.352239213581075544e-03 -4.350935145945354354e-01 8.897531620712756606e+00 -2.242452250671713235e-02 9.992429464208602008e-01 3.180311849306215188e-02 5.269062134089840255e-01 4.345620354230711468e-01 3.836591304139579800e-02 -8.994605451587059930e-01 -3.856499181113343777e+00
-8.939562970558695421e-01 -4.613677474844042614e-03 -4.464757188483267081e-01 8.531003404351908515e+00 -2.274948650587000146e-02 9.991209913024697853e-01 3.520936973336277059e-02 5.333466041448586825e-01 4.459202951573891238e-01 4.165128304330041609e-02 -8.932751292556029288e-01 -4.598691015012631667e+00
-8.878107589112781417e-01 -3.202281582309827058e-03 -4.577979761991044505e-01 8.165118687493649219e+00 -2.289487045662905521e-02 9.990366081676086418e-01 3.742570176788600350e-02 5.466345577645851384e-01 4.572366160655340628e-01 4.375417016890361527e-02 -8.870277463052808065e-01 -5.328937815791685573e+00
-8.835774198382214673e-01 -2.360308301855360349e-03 -4.704022777860768501e-01 7.770916424464715533e+00 -2.304333419819496950e-02 9.990033053119377060e-01 3.822881073651729356e-02 5.598900208754781227e-01 4.698434799143944018e-01 4.459818609338638690e-02 -8.827520616402506626e-01 -6.054973248583035428e+00
-8.746583428821740336e-01 -2.982932184983341783e-03 -4.834899212811409330e-01 7.374032821252350267e+00 -2.416312595913149702e-02 9.990006717468293829e-01 3.759161585680735607e-02 5.761447926189796620e-01 4.828946538259690224e-01 4.458627414593675786e-02 -8.738557165447091712e-01 -6.767666932630579169e+00
-8.675989640251502433e-01 -3.057582183324017953e-03 -4.984308004028969452e-01 6.956553076275974412e+00 -2.476279518098779830e-02 9.990093826489183648e-01 3.697178736387150139e-02 5.910637523308397423e-01 4.978243936100608669e-01 4.440958200567268060e-02 -8.668155656994213087e-01 -7.493481027254531135e+00
-8.577822022238088540e-01 -4.456788830651936713e-03 -5.152276058655167468e-01 6.522176524835536782e+00 -2.651736899144392298e-02 9.990184975642840692e-01 3.547842432530003837e-02 5.984170007424647331e-01 5.145641477820539489e-01 4.408590923267476785e-02 -8.570590516309110063e-01 -8.206992314266518207e+00
-8.435471297730957607e-01 -7.376611392672885459e-03 -5.377976899394073529e-01 6.079840388694023545e+00 -3.027958645230112433e-02 9.989702134190882044e-01 3.379493484861097186e-02 6.145425652313000198e-01 5.369948964414099635e-01 4.476858963026063287e-02 -8.429021624156763925e-01 -8.902040413936452623e+00
-8.261919619173498930e-01 -9.510531511516932129e-03 -5.634820778127752616e-01 5.597946120368374245e+00 -3.340581886531918815e-02 9.989249429032107663e-01 3.212282473408800687e-02 6.273650165686477376e-01 5.625708315769657464e-01 4.538517325907148042e-02 -8.256215174391079437e-01 -9.602475941180777852e+00
-8.065132126177360083e-01 -1.001302116419501564e-02 -5.908992481782987527e-01 5.095717778106336304e+00 -3.519326754654043821e-02 9.988944133170104545e-01 3.115057603868262928e-02 6.431174444775235033e-01 5.899343932864252738e-01 4.593359863685909233e-02 -8.059734677357124344e-01 -1.029676551250251570e+01
-7.861480083699889931e-01 -1.074996755277252136e-02 -6.174125327097493843e-01 4.555146636957505990e+00 -3.605994777353216385e-02 9.989410762207797667e-01 2.855325314564371303e-02 6.462736813306905193e-01 6.164518237857224969e-01 4.473276242419208654e-02 -7.857027806422337557e-01 -1.094657280341055383e+01
-7.650996179344844439e-01 -1.006897088525995215e-02 -6.440107776450705312e-01 4.008997243648209974e+00 -3.563821260725848206e-02 9.990081223824344159e-01 2.670175836961349858e-02 6.548759524333189752e-01 6.431031468056169764e-01 4.337080897533537871e-02 -7.646999063110481165e-01 -1.161748639354081369e+01
-7.443985920508200405e-01 -1.185251643128686083e-02 -6.685226227041021207e-01 3.423637957936652043e+00 -3.701734676495734011e-02 9.990389766075656874e-01 2.347719789953568031e-02 6.526325363909246668e-01 6.676021908172626862e-01 4.220920425181008684e-02 -7.441224893350354419e-01 -1.223948327600324681e+01
-7.211574760371163295e-01 -1.490286357834613024e-02 -6.927985637059628221e-01 2.819789108944613876e+00 -3.842938611134621985e-02 9.990905236598660588e-01 1.849257473885465575e-02 6.593192901101209147e-01 6.918929236061980292e-01 3.994157560197741930e-02 -7.210746272507405630e-01 -1.285582692678599948e+01
-6.981456425093016671e-01 -1.404978104476142103e-02 -7.163250244147126855e-01 2.190134931955807662e+00 -3.450353274962410233e-02 9.993065124044011593e-01 1.400161985854287555e-02 6.575402712921973869e-01 7.156315780322179965e-01 3.449269686591650841e-02 -6.981465795623051918e-01 -1.345851337277319715e+01
-6.746455639491332201e-01 -1.332091949117049021e-02 -7.378248132724277708e-01 1.550629056178866261e+00 -2.885578614253911031e-02 9.995486491911866889e-01 8.342451058842978093e-03 6.481922431046557298e-01 7.373807790275486163e-01 2.692662343598076560e-02 -6.747254276378360505e-01 -1.401268104155362337e+01
-6.527165104617974611e-01 -1.221001066625406438e-02 -7.574722056533002013e-01 8.857587836681504179e-01 -2.072206746981834768e-02 9.997837509046799687e-01 1.733954987889570936e-03 6.352950569862350072e-01 7.572873619625531960e-01 1.683178168899068794e-02 -6.528285181185110586e-01 -1.458104953618004274e+01
-6.305443202084497489e-01 -1.074207720406503488e-02 -7.756726250925599642e-01 2.163503803014976690e-01 -1.440161027131012586e-02 9.998938230410132633e-01 -2.125243955106981102e-03 6.135040965416833636e-01 7.756132901495206289e-01 9.827894378054159372e-03 -6.306321852513867565e-01 -1.510095277985262108e+01
-6.085127761999381546e-01 -8.679914596163310070e-03 -7.937246573601478561e-01 -4.818349882368525017e-01 -5.468882324084193072e-03 9.999621374394644935e-01 -6.752690907762579943e-03 6.011629326102601034e-01 7.937534014799932924e-01 2.271632428268684830e-04 -6.085371665106750205e-01 -1.561228281122419403e+01
-5.866114713955542515e-01 -1.129168665004438854e-02 -8.101576960181693376e-01 -1.188060325639968440e+00 1.896720565656816486e-03 9.998811127828061140e-01 -1.530824077227221046e-02 5.684177332263836702e-01 8.102340555877667327e-01 -1.049894626219114238e-02 -5.865204357979575400e-01 -1.610897551657029680e+01
-5.661487667429276893e-01 -2.008026779890987462e-02 -8.241456134437259440e-01 -1.888651197876380916e+00 7.725505473533972149e-03 9.995303021736730020e-01 -2.965059427385805663e-02 5.289552060229263386e-01 8.243540319506144076e-01 -2.315922708778260855e-02 -5.657279867132463114e-01 -1.657573309750288360e+01
-5.456944925530021751e-01 -3.375112802208338203e-02 -8.371961566201682192e-01 -2.591492307802635509e+00 1.018188515144246263e-02 9.988471506516281018e-01 -4.692564671110932562e-02 4.786635512124586822e-01 8.378143157765357563e-01 -3.411475593386441990e-02 -5.447214261230705068e-01 -1.701416602784516385e+01
-5.214115955691670523e-01 -4.820745170289230525e-02 -8.521483904824035394e-01 -3.311873680887830851e+00 1.128635856708893812e-02 9.979278972817818838e-01 -6.335218614456829267e-02 4.235935652153728914e-01 8.534359272206820668e-01 -4.262615990162541002e-02 -5.197879625173634777e-01 -1.746275864000715217e+01
-5.018102445188910021e-01 -5.543542955714136911e-02 -8.631797668993238526e-01 -4.037201717609899099e+00 1.564073336062348635e-02 9.972001279355695580e-01 -7.312059976237537950e-02 3.603806906413082323e-01 8.648163063098449621e-01 -5.019693697583994113e-02 -4.995385157046577373e-01 -1.786387353914581766e+01
-4.774191964905573071e-01 -5.779901634000605276e-02 -8.773435043687444201e-01 -4.787129668599586552e+00 2.011301451327008466e-02 9.968608888548567970e-01 -7.659588782974489918e-02 2.801709066514611046e-01 8.790141868678001957e-01 -5.415008088609365305e-02 -4.747616632104754153e-01 -1.827703800799892164e+01
-4.562864460768449870e-01 -5.535342835118654131e-02 -8.878274214894054106e-01 -5.532732769830833952e+00 2.370483459166751114e-02 9.969489753528153475e-01 -7.435537667824226871e-02 2.034833486200912089e-01 8.892359139445513705e-01 -5.501153018434446623e-02 -4.535800836544797154e-01 -1.865687751401996763e+01
-4.359144979747951454e-01 -4.861934383326906722e-02 -8.985192030819186826e-01 -6.296914850823672083e+00 2.850953085881363647e-02 9.972906857857211094e-01 -6.781471088843706030e-02 1.298720001309542071e-01 8.993819929158893833e-01 -5.518091408739402015e-02 -4.333463943100256399e-01 -1.901808635822362348e+01
-4.175317567069921076e-01 -4.125472317210095163e-02 -9.078354120892700996e-01 -7.066989831100304542e+00 3.670021256442255325e-02 9.973876432788491009e-01 -6.222197803111715469e-02 5.525490309759591850e-02 9.080309716249347352e-01 -5.928729135662108574e-02 -4.149266754321780382e-01 -1.936043758297862993e+01
-4.036343231092171524e-01 -3.956471079111109623e-02 -9.136756025714938279e-01 -7.837361871726080231e+00 4.028415348646579436e-02 9.973235623312055598e-01 -6.099606902986515200e-02 -2.194820998016482061e-02 9.136442350822074898e-01 -6.146872143996495036e-02 -4.009579481663091416e-01 -1.968487014144079694e+01
-3.940953576774821610e-01 -4.054988970825678524e-02 -9.182783992064724732e-01 -8.601032045251253422e+00 4.399463385738544563e-02 9.970493735076304542e-01 -6.291049575238223668e-02 -9.373419311343100802e-02 9.181197915975257695e-01 -6.518031117197391200e-02 -3.911489106207977628e-01 -2.000172223910336911e+01
-3.822890188625703289e-01 -4.209381931584849773e-02 -9.228915821071751457e-01 -9.351199889875504212e+00 4.578470738545766666e-02 9.968687010006191951e-01 -6.446950840407414396e-02 -1.641359528609273033e-01 9.227157851275850087e-01 -6.691190247462708296e-02 -3.791623757148616658e-01 -2.030411772471559217e+01
-3.723758602840213650e-01 -4.795237226982181772e-02 -9.268446175044064983e-01 -1.009325391035623731e+01 4.042367672544027596e-02 9.968782727882763428e-01 -6.780803864666574976e-02 -2.304497717434181303e-01 9.272035853755296042e-01 -6.273360339691208543e-02 -3.692746977272621800e-01 -2.060795608717760174e+01
-3.599880082741934162e-01 -4.764414649570479499e-02 -9.315682247536456462e-01 -1.084903615546924271e+01 3.869721927547185858e-02 9.970701988258445780e-01 -6.596498180146219414e-02 -2.966196034414774196e-01 9.319828724467014158e-01 -5.982781708274390042e-02 -3.570876133822327714e-01 -2.090798090206896376e+01
-3.499833425460071590e-01 -4.737511690400836306e-02 -9.355104622586880581e-01 -1.161828174960180782e+01 4.175636754412689194e-02 9.969386527918328023e-01 -6.609523071673395478e-02 -3.625249535160905423e-01 9.357780887344382403e-01 -6.221245768962323230e-02 -3.469334234202641198e-01 -2.118407208111838713e+01
-3.430424940114616406e-01 -4.711931900703440756e-02 -9.380743276560742361e-01 -1.239543050533245783e+01 4.562755013514489116e-02 9.967260969907958401e-01 -6.676801223940549701e-02 -4.348813884814684561e-01 9.381481346058180293e-01 -6.568133782706606083e-02 -3.397694231773932261e-01 -2.146325765100152694e+01
-3.371516563996729832e-01 -5.000935058573084679e-02 -9.399117709719524427e-01 -1.317171746684674893e+01 4.741380010923382932e-02 9.964129577294857931e-01 -7.006470410217538469e-02 -4.944220011705096618e-01 9.400465216048119466e-01 -6.823797967729705594e-02 -3.335670681507203472e-01 -2.174944537360504526e+01
-3.403780676072566402e-01 -5.242173253278428063e-02 -9.387942371581695644e-01 -1.397358976057531876e+01 4.649982712406542512e-02 9.962841050255399900e-01 -7.247428279384583727e-02 -5.614269267387050899e-01 9.391063155171766041e-01 -6.835389588680640394e-02 -3.366750935000552003e-01 -2.203245115393156794e+01
-3.435750319703044231e-01 -5.045274876780694862e-02 -9.379080765616167881e-01 -1.479784036782973189e+01 4.872310229336990206e-02 9.962551806903194862e-01 -7.144265057555140852e-02 -6.367105056794664097e-01 9.379994636015724918e-01 -7.021450446040661264e-02 -3.398312529318223696e-01 -2.233621338462706163e+01
-3.484791770452219661e-01 -5.003962508185826052e-02 -9.357573694130447706e-01 -1.561357255870452398e+01 4.705870341812449370e-02 9.963758922521317452e-01 -7.083563396896616626e-02 -7.091039819315310133e-01 9.359121026766897833e-01 -6.876056234435325154e-02 -3.448583565185553423e-01 -2.264862799382795089e+01
-3.576462683193138425e-01 -5.093266649204124946e-02 -9.323982193951856345e-01 -1.646562403046837275e+01 4.424009599338212667e-02 9.964641720848892437e-01 -7.144113056633330516e-02 -7.844168247794359727e-01 9.327398412531495708e-01 -6.678750294552750211e-02 -3.541269872273368202e-01 -2.298228645407129633e+01
-3.665830132618942416e-01 -5.107248524116181354e-02 -9.289238647777259272e-01 -1.732282268907742662e+01 4.212938546743100199e-02 9.965570270640019546e-01 -7.138945661822825028e-02 -8.601522639376143475e-01 9.293725333466961169e-01 -6.533551609455622022e-02 -3.631691994634237419e-01 -2.332275847532174140e+01
-3.715597514552599900e-01 -5.170493338407430167e-02 -9.269185051786679175e-01 -1.816184380984330815e+01 3.921996353773137683e-02 9.966836712873859971e-01 -7.128662905432986419e-02 -9.393119551305100234e-01 9.275306263890764624e-01 -6.285895300474338143e-02 -3.683003800982392884e-01 -2.368160517370287010e+01
-3.773273532566731592e-01 -5.275070809613444101e-02 -9.242534259803203422e-01 -1.905070142285151391e+01 3.470234953528190947e-02 9.968644338284089468e-01 -7.110979562496107242e-02 -1.016301585907767757e+00 9.251073765182622477e-01 -5.893121075150314220e-02 -3.743102801299937887e-01 -2.404645810065931499e+01
-3.791947028700349276e-01 -5.422725822083791780e-02 -9.237557824728309663e-01 -1.991240602747745569e+01 2.937684449839446377e-02 9.970709548160937574e-01 -7.061231834262951534e-02 -1.091306849567098114e+00 9.248800891184151274e-01 -5.392024028890716331e-02 -3.764899873834519628e-01 -2.443307166249111262e+01
-3.790238677185332472e-01 -5.443742213082219950e-02 -9.235740627360964350e-01 -2.083732307111560900e+01 2.661896193219972714e-02 9.972123908059952191e-01 -6.969329906499122096e-02 -1.178347916895285730e+00 9.247941450414259856e-01 -5.102731120805043680e-02 -3.765173781251512364e-01 -2.481968371259179307e+01
-3.780453737373817291e-01 -5.441450511161689124e-02 -9.244021857236272011e-01 -2.175408225719706579e+01 2.507133111144986201e-02 9.973056064993565117e-01 -6.898015201371035521e-02 -1.256445274013787916e+00 9.256626871169971738e-01 -4.918755323087602854e-02 -3.756639769827084252e-01 -2.519415905655117527e+01
-3.769165965659878048e-01 -5.323523023498177159e-02 -9.246658582288134198e-01 -2.268107548445408383e+01 2.546046274681218469e-02 9.973746122042420614e-01 -6.780048009207897963e-02 -1.340500488882798935e+00 9.258469567395921640e-01 -4.908331320990078767e-02 -3.745719282206518286e-01 -2.559059558928850464e+01
-3.768444744984336126e-01 -5.305499384489092973e-02 -9.246520124294611565e-01 -2.364612741862248058e+01 2.452932024288833474e-02 9.974347736590604141e-01 -6.726789046203630884e-02 -1.420753821204750800e+00 9.258485079291582931e-01 -4.801050744336363835e-02 -3.745751676870855973e-01 -2.597724032750290490e+01
-3.789137257621493782e-01 -5.253329445991924279e-02 -9.242344772184851731e-01 -2.461227697958844374e+01 2.448489982743385154e-02 9.974720810589622344e-01 -6.674261907637966951e-02 -1.508445688569520771e+00 9.254020777498898065e-01 -4.785190367937718764e-02 -3.766716203343494773e-01 -2.638313698288383335e+01
-3.767328479284088316e-01 -5.133218903339043654e-02 -9.247869417525088620e-01 -2.556685019949586390e+01 2.494227568420752036e-02 9.975377660810074154e-01 -6.555583840564900566e-02 -1.595806068694856084e+00 9.258749602987738081e-01 -4.775781663368083851e-02 -3.745239499633590263e-01 -2.678100183834651915e+01
-3.787373828698469280e-01 -5.163015926775917780e-02 -9.243412150247726222e-01 -2.655055498434759897e+01 2.280684614494522464e-02 9.976216312775711970e-01 -6.506039157858554967e-02 -1.676000857502417007e+00 9.255007574683702387e-01 -4.568431751382244499e-02 -3.766608366092471516e-01 -2.719420142721711642e+01
-3.766006775230683057e-01 -5.195518262908044999e-02 -9.247357571983988445e-01 -2.749797849986595821e+01 2.199271227267522028e-02 9.976397836736304869e-01 -6.504670029420507593e-02 -1.762727571249181002e+00 9.259337653222047271e-01 -4.485105164128556227e-02 -3.745671050748174413e-01 -2.759115563868917320e+01
-3.795072858939891880e-01 -5.227848666058011740e-02 -9.236722920596127651e-01 -2.846580320668384445e+01 2.034833365026620169e-02 9.976901195771370467e-01 -6.480812277819364420e-02 -1.849773974380761743e+00 9.249263895042335593e-01 -4.339004475635475921e-02 -3.775676446076778325e-01 -2.799738199247572012e+01
-3.804495898103736340e-01 -5.087929608571453710e-02 -9.232303265422581173e-01 -2.944324094335765452e+01 2.010549391801144670e-02 9.977913623477250304e-01 -6.330632694129112448e-02 -1.939466030706599620e+00 9.244134949911284593e-01 -4.266722736779749586e-02 -3.785844304372079638e-01 -2.840596500755190945e+01
-3.821112362882393421e-01 -4.764373331999501027e-02 -9.225042817258394257e-01 -3.038590407610417188e+01 1.979027622219096255e-02 9.980165820495844331e-01 -5.973165290786721510e-02 -2.028247696630899988e+00 9.235221430611523230e-01 -4.113847861810182582e-02 -3.804089141722184486e-01 -2.881457285392980339e+01
-3.873281413285544206e-01 -4.613119621801539672e-02 -9.210245206153996333e-01 -3.136942166292537593e+01 2.063629880889186405e-02 9.980654753518375388e-01 -5.867053647574502900e-02 -2.109417584103452370e+00 9.219480480987022331e-01 -4.168479154219035393e-02 -3.856282038791638556e-01 -2.921680074623433399e+01
-3.881328011953374957e-01 -4.594705282608910202e-02 -9.204221055781102168e-01 -3.229391957454464546e+01 1.997002907155353418e-02 9.981027640755852914e-01 -5.823139082010743428e-02 -2.198362454391907139e+00 9.213518116111290013e-01 -4.099563335778372980e-02 -3.864789796324908377e-01 -2.961729082948697922e+01
-3.910944387242784592e-01 -4.536076000893657367e-02 -9.192432291226496632e-01 -3.325423977926433139e+01 2.078621178129427122e-02 9.980953551346209984e-01 -5.806535363694083351e-02 -2.277272229309432738e+00 9.201268368803797726e-01 -4.183658658461297808e-02 -3.894071869143402864e-01 -3.002884551991056483e+01
-3.921184602945847475e-01 -4.498907470754407584e-02 -9.187369507789693301e-01 -3.417684728006662453e+01 2.070169181946892797e-02 9.981192415887838454e-01 -5.771470821353872488e-02 -2.356374808256185283e+00 9.196046697749116206e-01 -4.163279339247985544e-02 -3.904497625792942572e-01 -3.042900118155397848e+01
-3.922583317994780550e-01 -4.699916876040800828e-02 -9.186863619150370530e-01 -3.513348796775115090e+01 2.058495052147926371e-02 9.979956329587231778e-01 -5.983958689622498328e-02 -2.441927711374320076e+00 9.196574430027022462e-01 -4.238400041570807020e-02 -3.905048692706648561e-01 -3.084400834888650778e+01
-3.883960203440983139e-01 -5.049389448635645261e-02 -9.202983591610578440e-01 -3.606694384380579521e+01 1.876224212853069492e-02 9.978586579286079505e-01 -6.265079689770275406e-02 -2.521647202546341227e+00 9.214914323680527541e-01 -4.160155215801018130e-02 -3.866178282907626329e-01 -3.124455442574571151e+01
-3.855331923649804593e-01 -5.273588912010516300e-02 -9.214386690456515261e-01 -3.703479703037929482e+01 1.770101618798169615e-02 9.977610791503706000e-01 -6.450039009172503501e-02 -2.610116792277321185e+00 9.227764781342896461e-01 -4.115404740675153439e-02 -3.837378917826434477e-01 -3.163337996153980214e+01
-3.773525137519519457e-01 -5.092174251162444321e-02 -9.248229168090283947e-01 -3.792799027114009647e+01 1.821513069494859471e-02 9.978873205395287771e-01 -6.236639250172414800e-02 -2.683829943836598009e+00 9.260443486451744866e-01 -4.036374380890355579e-02 -3.756287687416936527e-01 -3.203411429932727827e+01
-3.730381442346287768e-01 -4.552049552579036373e-02 -9.266840283589554694e-01 -3.891564787831980254e+01 2.041647612167452400e-02 9.981500364872826214e-01 -5.724402918276645658e-02 -2.781549894355610508e+00 9.275769154414655882e-01 -4.031086930494512388e-02 -3.714180434043110046e-01 -3.241274792973337782e+01
-3.669288306308307601e-01 -4.589245463372593897e-02 -9.291539515910380853e-01 -3.982231915873524031e+01 1.801831037452256146e-02 9.982444319197889548e-01 -5.641289326106002644e-02 -2.859149742916762271e+00 9.301121881221061649e-01 -3.745139354027293699e-02 -3.654577855464655189e-01 -3.279456752389943119e+01
-3.619888261830812581e-01 -4.765083327245787231e-02 -9.307644598728745944e-01 -4.074348646158451714e+01 1.943071470714786628e-02 9.980882505789786530e-01 -5.865190675515818269e-02 -2.939059261757535957e+00 9.317810634488343791e-01 -3.935375920612845663e-02 -3.603697979787374717e-01 -3.316791210058366346e+01
-3.570316121687657218e-01 -4.986580704707758993e-02 -9.326373749432758098e-01 -4.169348795887241010e+01 2.014697893911301246e-02 9.979312924060474987e-01 -6.103620974046261582e-02 -3.019479152734510397e+00 9.337520025322935124e-01 -4.060189494734034454e-02 -3.552888256115798726e-01 -3.352905857661811950e+01
-3.509836670428457261e-01 -5.137850757953153075e-02 -9.349590927343597313e-01 -4.262000716277382395e+01 1.874445308251357703e-02 9.979099922224744512e-01 -6.183404405437259443e-02 -3.096772152927481425e+00 9.361814912204511341e-01 -3.922940807084870918e-02 -3.492883857265036696e-01 -3.388646894094525663e+01
-3.479944152202639751e-01 -5.295129857332070422e-02 -9.360605532101078374e-01 -4.355707105268227508e+01 1.778057771042438825e-02 9.978520588484550702e-01 -6.303835693455900335e-02 -3.181474250242779078e+00 9.373883567596839050e-01 -3.858885843512274705e-02 -3.463060591459979354e-01 -3.423939898830177953e+01
-3.437729029113489876e-01 -5.184534817971010734e-02 -9.374523613872182137e-01 -4.448160190308973938e+01 1.738844764657243580e-02 9.979501376630870446e-01 -6.158034817780712322e-02 -3.268064155048071573e+00 9.387244653523718618e-01 -3.749650702288144510e-02 -3.421653371878036198e-01 -3.459104885847517608e+01
-3.401856054678057406e-01 -4.272173093866280663e-02 -9.392023796251454115e-01 -4.540418057053834389e+01 1.921576341994114118e-02 9.984421838851975650e-01 -5.235826619565094736e-02 -3.345076088982427809e+00 9.399773661757202525e-01 -3.590190448448046107e-02 -3.388341247755002894e-01 -3.492396354043306417e+01
-3.386184791270939187e-01 -3.228481220697363568e-02 -9.401828768926450142e-01 -4.633541792642307655e+01 1.913619888173019243e-02 9.989671337883840874e-01 -4.121197946316993571e-02 -3.416764630503634326e+00 9.405426369605451864e-01 -3.195807469789620214e-02 -3.376501211262865065e-01 -3.525375044967995564e+01
-3.364443857909754088e-01 -2.931068062279293396e-02 -9.413339472162816080e-01 -4.726078021429849940e+01 1.907485638193589378e-02 9.990989317554896942e-01 -3.792067886302470658e-02 -3.477299287231448321e+00 9.415970225111313097e-01 -3.070354039141124161e-02 -3.355825812237611117e-01 -3.559322364766682512e+01
-3.367822943240104672e-01 -3.477084991653402180e-02 -9.411841565272178745e-01 -4.817729252185873179e+01 1.989492731636124598e-02 9.988341665188602558e-01 -4.399708530695493891e-02 -3.536149088486472358e+00 9.416158123669128299e-01 -3.351194277990166004e-02 -3.356993653188580229e-01 -3.591927667984462147e+01
-3.360870042234162525e-01 -4.021120440512461480e-02 -9.412047475476066349e-01 -4.908159212459523246e+01 2.079822527555195283e-02 9.985287471101049750e-01 -5.007830652460030368e-02 -3.602093221356003738e+00 9.418336885858443752e-01 -3.639630536636330460e-02 -3.347569231883548713e-01 -3.623987665823220539e+01
-3.342080323938566022e-01 -3.981732901738976177e-02 -9.416257241790522148e-01 -4.999795587195806945e+01 2.657875262462570942e-02 9.983115983412728101e-01 -5.165232444911838083e-02 -3.671034975562961211e+00 9.420924118346873932e-01 -4.228662461017931862e-02 -3.325854225319651025e-01 -3.656131543417736651e+01
-3.352557541097082039e-01 -3.723355376966044211e-02 -9.414105389799627410e-01 -5.092865680784647964e+01 2.955128188389496285e-02 9.983116866314702964e-01 -5.000513066822858538e-02 -3.743457594848942360e+00 9.416829806276536541e-01 -4.458442543030730759e-02 -3.335895001887694833e-01 -3.687762971344061214e+01
-3.350377620849092630e-01 -3.407902252317781405e-02 -9.415379294484339523e-01 -5.183786196570372340e+01 2.937002949340955862e-02 9.984818659174663491e-01 -4.661644751228150724e-02 -3.808437403138897004e+00 9.416965990070156334e-01 -4.324802620958547589e-02 -3.335279544547342656e-01 -3.720544216012937255e+01
-3.357408698378492318e-01 -2.980869493776366896e-02 -9.415419022083927336e-01 -5.273493815414325780e+01 2.728138562649789697e-02 9.987723324112905976e-01 -4.133815165760611199e-02 -3.868088991198668225e+00 9.416186203085398221e-01 -3.957471840237405253e-02 -3.345156349176491295e-01 -3.753850832490292788e+01
-3.375160688429374445e-01 -2.527463069277274127e-02 -9.409736145328289059e-01 -5.365522696334244301e+01 2.486800498382156152e-02 9.990510107816665819e-01 -3.577296694414679873e-02 -3.925376257054082441e+00 9.409846054631377799e-01 -3.545533495330335794e-02 -3.365671701701592466e-01 -3.787302718745704766e+01
-3.372919687100794928e-01 -2.671653899696098053e-02 -9.411123438501645122e-01 -5.453390818239408588e+01 1.664997946482433058e-02 9.992713773500440100e-01 -3.435227962352407211e-02 -3.980847611961279675e+00 9.413444089841476181e-01 -2.724338109464575358e-02 -3.366011694851488989e-01 -3.821147266906445594e+01
-3.391167096605610665e-01 -2.874647212319577858e-02 -9.402813516024109974e-01 -5.543129010295169934e+01 7.905219046107412814e-03 9.994107166414553101e-01 -3.339300329271997075e-02 -4.029319146620921721e+00 9.406874647150569313e-01 -1.876872010964433790e-02 -3.386896657123548149e-01 -3.855851350654700127e+01
-3.411915087611674391e-01 -2.569624509449872432e-02 -9.396273951099132216e-01 -5.633577080625639155e+01 1.062478096643543028e-02 9.994568737760864963e-01 -3.120052797914278642e-02 -4.083982729994625416e+00 9.399189157831686625e-01 -2.061934362599195103e-02 -3.407330938681447652e-01 -3.888792128261745518e+01
-3.443399134673876816e-01 -2.502603324055507547e-02 -9.386189708895600337e-01 -5.722320647914361302e+01 1.454749378867046389e-02 9.993825360830408400e-01 -3.198654155142560684e-02 -4.138416954297354344e+00 9.388400351730947779e-01 -2.465824944989144715e-02 -3.437633853452978783e-01 -3.922119902825643578e+01
-3.505853111179925152e-01 -2.697674030873345799e-02 -9.359647245172004748e-01 -5.812512861633526740e+01 1.595814873243799406e-02 9.992665570694777566e-01 -3.479812820131680806e-02 -4.184898187962965643e+00 9.362176695343572552e-01 -2.715460532387958814e-02 -3.498969899700399289e-01 -3.955232716199675025e+01
-3.598732120347373775e-01 -2.447276911418902121e-02 -9.329235947561972386e-01 -5.900665687896643163e+01 2.049080053179809166e-02 9.992085549572348180e-01 -3.409715256744665079e-02 -4.240071412053038280e+00 9.330196169233407888e-01 -3.137340381697591857e-02 -3.590877440360076278e-01 -3.989110238441726608e+01
-3.679511974232670402e-01 -2.141929120812293558e-02 -9.294117783659707754e-01 -5.988161080112442392e+01 2.720181295850169351e-02 9.990579998288319219e-01 -3.379668029730598100e-02 -4.295343598864066692e+00 9.292606883566675302e-01 -3.773747810104820938e-02 -3.670214499847579415e-01 -4.024230141169241648e+01
-3.789505789381822365e-01 -2.060884564203167499e-02 -9.250228932639437129e-01 -6.075521690680044884e+01 2.597680769570543877e-02 9.991205904349852451e-01 -3.291198452726418200e-02 -4.350289606637601558e+00 9.248878783404806958e-01 -3.650552094961798805e-02 -3.780816936257092031e-01 -4.060033479116302857e+01
-3.908589875446424888e-01 -2.078040389850154337e-02 -9.201081678805831388e-01 -6.161466066695378885e+01 2.160202583837077597e-02 9.992622749465189802e-01 -3.174753072744773696e-02 -4.392528725335991702e+00 9.200893723540897184e-01 -3.229538810528146536e-02 -3.901215712935543478e-01 -4.098339592242081153e+01
-4.036522440120882682e-01 -1.540006127854971936e-02 -9.148869134684434190e-01 -6.248222092241297787e+01 2.282398843892008075e-02 9.993776942654314377e-01 -2.690749073834930796e-02 -4.443563613145603775e+00 9.147319545600450796e-01 -3.171792852877222679e-02 -4.030495617149824628e-01 -4.136930136152963655e+01
-4.152237592384462328e-01 -1.540716660694345028e-02 -9.092766810903493147e-01 -6.333411228816871130e+01 2.069728263412616912e-02 9.994370317928938929e-01 -2.639969230782542725e-02 -4.492069527217994462e+00 9.091716888518829309e-01 -2.979292822996708681e-02 -4.146706619091533597e-01 -4.176938775074744825e+01
-4.259118545604990147e-01 -1.410319276306901647e-02 -9.043822718386692605e-01 -6.418065510991387157e+01 2.112211119116692848e-02 9.994502537686654753e-01 -2.553893961167187296e-02 -4.528578210864838027e+00 9.042454766437566516e-01 -3.000023610976327096e-02 -4.253796105271360761e-01 -4.218058857095869030e+01
