1.0 0.0 0.0 0.0 0.0 1.0 0.0 0.0 0.0 0.0 1.0 0.0
-0.22178292 0.9741224 0.041612007 3.458374 -0.97499627 -0.2213434 -0.014945899 4.9918213 -0.005342962 -0.043894004 0.9990218 0.041870117
-0.6160361 0.7851656 0.050447058 7.020752 -0.78676933 -0.6151608 -0.03322352 1.4820557 0.0049927593 -0.06019484 0.99817294 -0.045288086
-0.97028697 0.23581626 0.040467788 9.232666 -0.23781314 -0.96909314 -0.054848164 -2.1185303 0.026312426 -0.06287815 0.9976735 -0.14819336
-0.8864058 0.4607824 0.046759445 9.270264 -0.46275684 -0.88528514 -0.048453424 -5.8216553 0.019067714 -0.06460833 0.9977296 -0.33288574
-0.618044 0.7836464 0.053398468 9.991577 -0.78546375 -0.6165205 -0.043398988 -9.069336 -0.001047858 -0.06880497 0.99762857 -0.3734131
-0.8197433 0.5701674 0.044104703 11.4729 -0.57178676 -0.81849885 -0.04621251 -10.716553 0.009755295 -0.0631077 0.9979579 -0.5338135
-0.7573278 0.65123844 0.04401462 11.329712 -0.65269756 -0.7561839 -0.04202664 -12.108276 0.005919593 -0.060580865 0.99814606 -0.5325928
-0.8342022 0.549527 0.04118158 11.14917 -0.55100137 -0.83292955 -0.04686897 -12.493164 0.008559862 -0.06177195 0.9980525 -0.5942383
-0.82392865 0.5671387 0.035113472 11.070801 -0.56822276 -0.8224899 -0.048652224 -12.503784 0.0012447033 -0.060017932 0.9981987 -0.55078125
-0.88026345 0.47376543 0.024782056 10.770508 -0.47441265 -0.8789773 -0.04758059 -12.613892 -0.00075439736 -0.053630702 0.9985603 -0.5596924
-0.8786305 0.47722387 0.016673073 10.558228 -0.47745463 -0.87742853 -0.04658826 -12.691162 -0.0075972807 -0.04885529 0.9987761 -0.5213623
-0.9268615 0.37444407 0.013511622 10.1970215 -0.37464532 -0.9256109 -0.048492078 -12.775757 -0.005640351 -0.049965106 0.9987334 -0.53308105
-0.9310567 0.36595318 0.009322389 9.959473 -0.36593807 -0.9297257 -0.050733775 -12.869263 -0.0098985005 -0.05062768 0.99866885 -0.53564453
-0.96385974 0.26653108 0.003084815 9.5789795 -0.2663582 -0.962668 -0.048957445 -12.892212 -0.010083631 -0.048021987 0.9987957 -0.52697754
-0.9686642 0.24965197 -0.0021461276 9.323486 -0.24928993 -0.9676572 -0.046190295 -12.985596 -0.013611064 -0.044224553 0.9989298 -0.524292
-0.9882284 0.15124786 -0.0054586185 8.970459 -0.15087745 -0.9873617 -0.043077163 -12.929565 -0.011903362 -0.04172311 0.9990575 -0.5267334
-0.99081945 0.13316274 -0.008036876 8.609253 -0.13273771 -0.9900897 -0.040288277 -13.023315 -0.013332132 -0.038871158 0.99915546 -0.5284424
-0.99897873 0.05754878 -0.010009555 8.206177 -0.057129744 -0.99832684 -0.038066566 -12.917847 -0.01217158 -0.037445623 0.999225 -0.5222168
-0.9997297 0.016473042 -0.012387505 7.8619385 -0.01595526 -0.9989823 -0.040783916 -13.012329 -0.013049746 -0.0405949 0.9990908 -0.54296875
-0.9990224 -0.03774317 -0.014496336 7.4281006 0.03830886 -0.99826694 -0.04093289 -12.905518 -0.012934303 -0.0414772 0.99905616 -0.5391846
-0.99538887 -0.085873425 -0.01676067 7.031494 0.086490095 -0.9946577 -0.040364705 -12.92334 -0.013219049 -0.041683584 0.99904346 -0.54260254
-0.9907691 -0.1312141 -0.0196242 6.5529785 0.13190037 -0.9901007 -0.039098516 -12.783691 -0.01432411 -0.041355774 0.99904203 -0.54260254
-0.9845319 -0.17378166 -0.021339621 6.0944824 0.17451307 -0.9838492 -0.039293543 -12.729248 -0.014174443 -0.042421725 0.99899954 -0.5452881
-0.97675 -0.2126306 -0.01923059 5.6173096 0.21323872 -0.97603756 -0.03875877 -12.57312 -0.010535751 -0.041975148 0.9990632 -0.553833
-0.9686801 -0.24939455 -0.016537994 5.0931396 0.24984433 -0.9680306 -0.03614357 -12.442627 -0.0069828704 -0.039126456 0.99920994 -0.5513916
-0.95938 -0.28055373 -0.012119103 4.580078 0.2808057 -0.95881075 -0.033130743 -12.272217 -0.0023316666 -0.035195485 0.9993775 -0.5583496
-0.95136994 -0.30655023 -0.009322765 4.029541 0.30669034 -0.95082206 -0.032295283 -12.088989 0.0010324642 -0.03360949 0.99943453 -0.5654297
-0.9447869 -0.32672492 -0.008385465 3.4580078 0.32682592 -0.9442933 -0.030600736 -11.887085 0.0020780824 -0.03167841 0.99949616 -0.5605469
-0.9398619 -0.34129673 -0.008190464 2.8739014 0.34138674 -0.9394021 -0.029485993 -11.666138 0.0023730982 -0.03052204 0.99953145 -0.5662842
-0.9360558 -0.35296586 -0.009166689 2.262085 0.35308325 -0.9356584 -0.02729528 -11.435669 0.0010575916 -0.02876648 0.9995855 -0.5554199
-0.9315912 -0.36506188 -0.011048927 1.6287842 0.36522862 -0.9312078 -0.026733132 -11.192139 -0.00052899565 -0.028909292 0.9995818 -0.5541992
-0.9266514 -0.37471536 -0.012856929 0.98010254 0.37493196 -0.9262541 -0.02717767 -10.9279785 -0.0017296555 -0.030036902 0.99954754 -0.5584717
-0.92335194 -0.38401735 -0.015324255 0.3031006 0.3843025 -0.92298 -0.026509529 -10.656006 -0.0039624525 -0.030353632 0.9995312 -0.557251
-0.92003113 -0.39280134 -0.018307744 -0.38061523 0.39317596 -0.9196683 -0.026607621 -10.364624 -0.0063762795 -0.031654753 0.9994785 -0.5531006
-0.9142122 -0.40333733 -0.020018693 -1.0771484 0.4037572 -0.9138799 -0.02587886 -10.051147 -0.007870201 -0.03175752 0.99946445 -0.5574951
-0.91004395 -0.4145153 -0.021180838 -1.7954102 0.4149592 -0.9097487 -0.024849685 -9.727417 -0.008962012 -0.031396285 0.9994669 -0.5546875
-0.90583944 -0.4240948 -0.02469022 -2.515625 0.4246437 -0.9055891 -0.024437524 -9.382324 -0.011988536 -0.032599527 0.9993966 -0.56518555
-0.89983493 -0.43447486 -0.029567944 -3.2470703 0.43518588 -0.89964664 -0.024394292 -9.042114 -0.016032048 -0.034841757 0.9992645 -0.5682373
-0.8936931 -0.44580808 -0.032982044 -3.9909668 0.44660628 -0.89361537 -0.022674242 -8.677856 -0.019387648 -0.03503757 0.999198 -0.5657959
-0.88747394 -0.45710766 -0.03521422 -4.7229004 0.4579551 -0.8874805 -0.021282503 -8.314209 -0.021553792 -0.035055634 0.99915254 -0.5706787
-0.8832091 -0.46970788 -0.036186017 -5.449829 0.4705708 -0.88325304 -0.020486454 -7.9227295 -0.022283476 -0.03508667 0.999136 -0.57580566
-0.8743089 -0.4827652 -0.03633811 -6.164917 0.4836491 -0.87432057 -0.021121934 -7.5288086 -0.021600738 -0.03605105 0.99911606 -0.58447266
-0.86726385 -0.49769905 -0.03632741 -6.892456 0.49858412 -0.8672562 -0.021236897 -7.114868 -0.020907352 -0.036498237 0.99911493 -0.59155273
-0.8574959 -0.51445127 -0.036204476 -7.6085205 0.5153596 -0.8574148 -0.022666277 -6.6848145 -0.019345377 -0.038067784 0.9990879 -0.5913086
-0.84333295 -0.5368988 -0.03716547 -8.307739 0.53789693 -0.8431271 -0.02561557 -6.2487793 -0.017579462 -0.041572176 0.99898094 -0.5999756
-0.82604605 -0.5624876 -0.03810443 -9.013306 0.56355375 -0.82573086 -0.027774276 -5.77417 -0.015818857 -0.044395182 0.9988884 -0.60498047
-0.806396 -0.5898558 -0.039001748 -9.713501 0.5909595 -0.80603504 -0.028294582 -5.279663 -0.014756786 -0.045848183 0.9988388 -0.6125488
-0.7861016 -0.6163859 -0.038147114 -10.369141 0.6174469 -0.7856582 -0.029041693 -4.746704 -0.012078951 -0.046383902 0.99885005 -0.6080322
-0.76507884 -0.64304286 -0.037134334 -11.046143 0.6440344 -0.7646199 -0.02836661 -4.208008 -0.010148357 -0.04562385 0.9989073 -0.6085205
-0.7444739 -0.6675576 -0.036306765 -11.67395 0.6685087 -0.7438947 -0.03014429 -3.6297607 -0.0068625426 -0.046683297 0.99888647 -0.5986328
-0.72138005 -0.6918729 -0.034389883 -12.296875 0.692725 -0.720619 -0.033168748 -3.032959 -0.0018347488 -0.04775975 0.9988575 -0.59814453
-0.6983889 -0.71562743 -0.029278155 -12.905762 0.7162208 -0.6976466 -0.03229454 -2.409912 0.002705208 -0.043504715 0.9990498 -0.5888672
-0.67488337 -0.7373985 -0.022036592 -13.466064 0.7376798 -0.67419875 -0.03153156 -1.7764893 0.008397048 -0.037539102 0.99925977 -0.57263184
-0.6528795 -0.7573315 -0.012240984 -14.039795 0.75728106 -0.6523448 -0.03039183 -1.1170654 0.0150375925 -0.029113876 0.999463 -0.55285645
-0.6306138 -0.7756708 -0.0055254363 -14.565308 0.7754599 -0.6302364 -0.028877208 -0.4527588 0.018911425 -0.022504255 0.9995675 -0.5235596
-0.6084275 -0.7938284 0.0037898459 -15.082031 0.79348785 -0.6082944 -0.026773062 0.24047852 0.023557412 -0.013285883 0.99963415 -0.5037842
-0.5862868 -0.81034595 0.014234391 -15.583862 0.8098349 -0.58643246 -0.029333519 0.94177246 0.032114502 -0.0056518307 0.99946845 -0.46496582
-0.5653205 -0.8245289 0.026626354 -16.055176 0.8236499 -0.56594664 -0.038066894 1.6376953 0.046441194 0.0004108837 0.9989207 -0.42163086
-0.54413277 -0.8380606 0.037306096 -16.498291 0.836472 -0.5454023 -0.05166998 2.3356934 0.063682824 0.0030947588 0.9979663 -0.36865234
-0.51904017 -0.8537426 0.045496024 -16.953003 0.8511975 -0.52101195 -0.0660336 3.050537 0.08006189 0.0044750413 0.99678046 -0.3104248
-0.4986799 -0.8651552 0.05282502 -17.358643 0.8621025 -0.5013879 -0.073182195 3.7719727 0.089789815 0.0090497155 0.99591917 -0.24206543
-0.473856 -0.8793546 0.056496453 -17.777954 0.87622267 -0.47701526 -0.0754455 4.517212 0.093224116 0.013806833 0.9955513 -0.15429688
-0.4526837 -0.88955843 0.057143643 -18.162964 0.88674086 -0.45593297 -0.07290055 5.2596436 0.09093824 0.017637959 0.9956991 -0.068359375
-0.43249097 -0.8996729 0.05711543 -18.529053 0.8975296 -0.4356563 -0.06607605 6.020874 0.0843645 0.02268064 0.9961771 0.015991211
-0.41408023 -0.9083006 0.061047435 -18.875366 0.9069388 -0.41740122 -0.058633473 6.788452 0.078743875 0.031083716 0.99641067 0.10095215
-0.40010542 -0.9139073 0.06309593 -19.202393 0.9128 -0.40354756 -0.056873288 7.557007 0.077480786 0.03481835 0.99638426 0.18688965
-0.39026007 -0.9183884 0.066704124 -19.520386 0.9173807 -0.39403132 -0.057816043 8.319092 0.07937346 0.038633328 0.9960965 0.26623535
-0.37825269 -0.9229862 0.06831688 -19.82483 0.9219713 -0.38222772 -0.059296384 9.067627 0.08089381 0.040546924 0.9958977 0.3441162
-0.368372 -0.92747426 0.06402744 -20.130493 0.92586 -0.3722239 -0.065092236 9.807983 0.08418981 0.03528933 0.9958236 0.41723633
-0.3562163 -0.93224007 0.06100622 -20.432983 0.93060124 -0.3598254 -0.0647112 10.562256 0.08230412 0.033695348 0.9960363 0.49206543
-0.34604594 -0.9360342 0.063294105 -20.71045 0.93454415 -0.34984842 -0.06439063 11.3302 0.08240503 0.03686031 0.99591625 0.56591797
-0.338855 -0.938407 0.06669647 -20.989868 0.937104 -0.34294155 -0.064100355 12.106445 0.08305765 0.04080306 0.99571073 0.64611816
-0.3326151 -0.94031453 0.06918999 -21.276123 0.93889576 -0.33704203 -0.06695665 12.881958 0.08632971 0.042645782 0.9953514 0.7126465
-0.335707 -0.9393816 0.069328144 -21.556152 0.9377429 -0.3402411 -0.069386534 13.68396 0.08874759 0.04169667 0.99517906 0.7871094
-0.3388572 -0.93827564 0.071221605 -21.85669 0.93687755 -0.343472 -0.067441046 14.508545 0.08773332 0.0438889 0.9951781 0.8713379
-0.34389758 -0.9361875 0.06981865 -22.165527 0.9347345 -0.34836566 -0.067051776 15.324951 0.08713939 0.042171653 0.9953016 0.95251465
-0.35317507 -0.9330181 0.0679301 -22.49414 0.93136466 -0.35750195 -0.06799371 16.177979 0.08777324 0.039257076 0.99536794 1.0366211
-0.36222687 -0.9296532 0.06656418 -22.82959 0.92788976 -0.36641982 -0.06818094 17.036255 0.08774894 0.03705205 0.9954515 1.12146
-0.3673749 -0.9278103 0.064135395 -23.184814 0.9258813 -0.37136745 -0.06883677 17.875854 0.08765872 0.034089953 0.9955659 1.2097168
-0.37341166 -0.9253847 0.060265422 -23.545776 0.9232113 -0.3770895 -0.0699057 18.765503 0.08749229 0.029509317 0.99572796 1.2962646
-0.37562755 -0.9251511 0.055269137 -23.929932 0.9227087 -0.37890154 -0.071386226 19.62732 0.086996555 0.02416684 0.99591535 1.3808594
-0.37567985 -0.9250594 0.052377723 -24.314453 0.92253345 -0.3787067 -0.071589604 20.552246 0.08607223 0.021410398 0.9960577 1.4781494
-0.37484312 -0.9259228 0.05052618 -24.687134 0.92336774 -0.37771595 -0.071561545 21.46875 0.08535808 0.019876849 0.9961553 1.5662842
-0.37375927 -0.9261036 0.050416093 -25.081665 0.92364866 -0.37660003 -0.07037545 22.395752 0.08417478 0.02027772 0.9962454 1.6607666
-0.37377295 -0.9261024 0.049344078 -25.466064 0.92364043 -0.37652186 -0.070193075 23.36084 0.08364086 0.019347658 0.99630994 1.7514648
-0.37587368 -0.92565507 0.0492039 -25.868896 0.92323047 -0.37859488 -0.069685414 24.327148 0.083126046 0.019284293 0.9963553 1.8497314
-0.37373424 -0.92612404 0.049094822 -26.265137 0.9238004 -0.37642765 -0.06847089 25.281616 0.081931226 0.019763783 0.99644285 1.9477539
-0.37588784 -0.92574686 0.047038246 -26.675415 0.92335695 -0.37841237 -0.0687789 26.265503 0.08144273 0.017610105 0.9965236 2.0386963
-0.37379977 -0.9261782 0.04618746 -27.0708 0.9237497 -0.37626657 -0.06908784 27.212769 0.08141727 0.016815908 0.99653834 2.13562
-0.37681133 -0.92516977 0.044753775 -27.473755 0.92268616 -0.37915707 -0.0694253 28.180908 0.08118691 0.015141712 0.9965836 2.2331543
-0.37784234 -0.9246526 0.04404504 -27.879639 0.92226547 -0.38010877 -0.06803053 29.15857 0.07968857 0.014889748 0.99670845 2.3338623
-0.37969947 -0.9237508 0.042543013 -28.2854 0.92158943 -0.38179418 -0.064803146 30.101685 0.076121256 0.014559749 0.9969901 2.434082
-0.38492167 -0.922176 0.043139 -28.683472 0.9201278 -0.38702992 -0.063324645 31.085815 0.075084075 0.0153549425 0.9970607 2.526123
-0.38577974 -0.9215785 0.042460777 -29.08142 0.9195302 -0.38783064 -0.06314213 32.010498 0.07464467 0.014678832 0.99710137 2.6252441
-0.38870335 -0.9203553 0.043331597 -29.489624 0.9183563 -0.39080346 -0.06257361 32.971313 0.07448959 0.015463524 0.99710053 2.7145996
-0.38974944 -0.9198321 0.043139637 -29.887207 0.91785526 -0.39182976 -0.06220676 33.894165 0.07414168 0.015367787 0.9971302 2.803833
-0.38978612 -0.91989183 0.043886088 -30.299805 0.9177744 -0.39195228 -0.06421772 34.850708 0.07626519 0.015247603 0.99697083 2.8990479
-0.38588658 -0.92173105 0.04305615 -30.699463 0.9193412 -0.38804698 -0.0676887 35.783447 0.079059556 0.013464254 0.99677837 2.987915
-0.382998 -0.9230192 0.042574737 -31.086914 0.9204522 -0.38515747 -0.06991308 36.750732 0.080896825 0.01243207 0.99664545 3.0860596
-0.3749079 -0.9262766 0.04170993 -31.488281 0.92386574 -0.3769963 -0.0680549 37.643066 0.07873958 0.013035862 0.99681026 3.170288
-0.3707302 -0.92779404 0.041629493 -31.865845 0.92580336 -0.37274408 -0.06263389 38.63037 0.07361138 0.015288459 0.9971681 3.2801514
-0.36479425 -0.9303211 0.038711026 -32.24768 0.9282781 -0.3666128 -0.06296812 39.536255 0.072757825 0.0129567385 0.99726486 3.3677979
-0.35967976 -0.93199605 0.040562533 -32.62036 0.92985904 -0.36167017 -0.06469916 40.456787 0.0749781 0.014417041 0.99707955 3.456787
-0.35457566 -0.93397224 0.041756578 -32.980835 0.9316983 -0.356701 -0.06688707 41.406006 0.077344514 0.0151831005 0.9968875 3.5463867
-0.34857944 -0.9363992 0.04032269 -33.338135 0.9340041 -0.35062978 -0.06836321 42.331665 0.07811933 0.013843897 0.99684715 3.6331787
-0.3455938 -0.93760693 0.039649747 -33.68982 0.93508583 -0.3476201 -0.06991719 43.26819 0.07931087 0.012910358 0.9967655 3.727295
-0.34146968 -0.93893635 0.038522616 -34.04065 0.93649685 -0.34340474 -0.068785235 44.19226 0.077837355 0.012562623 0.9968863 3.8240967
-0.33820763 -0.9401639 0.036917076 -34.37256 0.9383808 -0.33990687 -0.05964657 45.11487 0.0686156 0.014438787 0.99753696 3.9138184
-0.33712056 -0.9406972 0.032984577 -34.700806 0.9395194 -0.33842418 -0.049201995 46.04651 0.05747435 0.014390515 0.9982433 3.9989014
-0.33508235 -0.9417415 0.031714763 -35.03894 0.9407165 -0.3362739 -0.046217047 46.9718 0.054180115 0.014358137 0.9984282 4.0701904
-0.33514193 -0.941778 0.034511484 -35.36267 0.94048196 -0.33657402 -0.051681157 47.88806 0.060255013 0.015167204 0.99806845 4.1364746
-0.33414185 -0.9420136 0.03737547 -35.681274 0.9404179 -0.33584177 -0.057118054 48.791992 0.06632912 0.016069422 0.99766845 4.209717
-0.3319217 -0.94228274 0.043248735 -36.000854 0.94082814 -0.33401284 -0.05672099 49.708252 0.06790143 0.021865439 0.9974527 4.2875977
-0.3329211 -0.9418727 0.045561187 -36.314453 0.9406428 -0.33510557 -0.054148912 50.63916 0.0662647 0.024829542 0.9974931 4.370117
-0.3328899 -0.9418765 0.044231478 -36.64026 0.9408182 -0.3349118 -0.050992854 51.548584 0.062877886 0.02465462 0.99771786 4.4456787
-0.33393538 -0.941782 0.04057541 -36.97119 0.9408929 -0.33563268 -0.04672444 52.446045 0.05760481 0.02256671 0.9980839 4.5164795
-0.33604944 -0.9411301 0.036485083 -37.303223 0.9403993 -0.33742508 -0.042196326 53.366943 0.052046504 0.020142429 0.9984423 4.585205
-0.33614638 -0.9414765 0.028269466 -37.64026 0.9405408 -0.33712295 -0.043623693 54.245605 0.0506137 0.011929713 0.9986476 4.6503906
-0.33829638 -0.94080764 0.019810999 -37.98523 0.939705 -0.33886063 -0.04564806 55.14331 0.04964626 0.0031670658 0.99876136 4.708618
-0.34034166 -0.9400366 0.02168711 -38.311768 0.9390883 -0.34098196 -0.04261457 56.04834 0.04746736 0.005868188 0.9988559 4.7734375
-0.34334037 -0.93896526 0.025754968 -38.641724 0.93807745 -0.3441672 -0.041970138 56.93628 0.0482715 0.0097575635 0.9987868 4.836914
-0.34943938 -0.9363545 0.02830758 -38.968628 0.9353875 -0.35040772 -0.04395727 57.83911 0.051102914 0.01109693 0.99863136 4.8918457
-0.35860658 -0.9331619 0.03261591 -39.302002 0.9323676 -0.3597519 -0.04151607 58.721924 0.050445065 0.015535466 0.9986061 4.956543
-0.36650008 -0.92941165 0.03906624 -39.64807 0.92887735 -0.36790836 -0.038515866 59.59839 0.050179135 0.022158377 0.9984938 5.02124
-0.3775736 -0.92503756 0.037943155 -40.00049 0.92450064 -0.3789037 -0.037763853 60.473633 0.049329076 0.020817552 0.9985656 5.0858154
-0.38964808 -0.92023414 0.033850435 -40.37793 0.91959417 -0.39077458 -0.03799274 61.33496 0.048196133 0.016316924 0.9987044 5.1378174
-0.4026103 -0.9148649 0.033410955 -40.75757 0.9144466 -0.40362048 -0.03268225 62.204834 0.043401532 0.017408479 0.9989067 5.199951
-0.4142468 -0.9093037 0.031606473 -41.151978 0.90884024 -0.415174 -0.03274305 63.058838 0.042920433 0.015153092 0.9989634 5.2580566
-0.42495945 -0.9043772 0.031925403 -41.55774 0.90396094 -0.4258754 -0.031494077 63.90747 0.042090677 0.0154612735 0.99899364 5.3043213
-0.43946183 -0.89770126 0.03392101 -41.967163 0.8973557 -0.4404354 -0.030242544 64.77295 0.04208501 0.017151859 0.9989669 5.363159
-0.45104626 -0.89195776 0.03716705 -42.38733 0.89149356 -0.45222247 -0.033876427 65.60083 0.046994943 0.017867949 0.9987354 5.4107666
-0.4622499 -0.88565606 0.042941447 -42.81555 0.8849126 -0.4638493 -0.040981766 66.41431 0.05623097 0.019059433 0.99823624 5.475342
-0.47469285 -0.87913626 0.045582205 -43.249023 0.87819403 -0.47650877 -0.04480976 67.22827 0.06113863 0.01877142 0.99795413 5.536621
-0.48393834 -0.8741771 0.04319807 -43.7063 0.87325716 -0.48557603 -0.043435745 68.031494 0.05895171 0.016712517 0.99812156 5.593506
-0.49679092 -0.86662924 0.041748162 -44.168945 0.865893 -0.4982653 -0.039363287 68.841064 0.054932006 0.01656731 0.99835193 5.6655273
-0.50629914 -0.86197114 0.040014572 -44.643677 0.8610309 -0.50771093 -0.04231661 69.62427 0.056747306 0.013042709 0.9983036 5.727783
-0.5107581 -0.8588744 0.03908403 -45.126587 0.85747147 -0.5121868 -0.049738683 70.40698 0.06272512 0.00810587 0.9979975 5.79834
-0.5163405 -0.8553465 0.037723973 -45.615112 0.8532533 -0.51771516 -0.05982321 71.19458 0.0707172 0.0013030842 0.9974956 5.859497
-0.5201476 -0.8534062 0.03630351 -46.108032 0.8510284 -0.5214076 -0.063697964 71.97485 0.0732729 -0.0022494234 0.99730885 5.9400635
-0.52185977 -0.85233814 0.03556887 -46.59973 0.8497902 -0.52305233 -0.06599367 72.75757 0.07482263 -0.004222451 0.99718666 6.0117188
-0.5291929 -0.84778976 0.03380231 -47.09375 0.84520364 -0.5302304 -0.06651032 73.53638 0.074311994 -0.0066075055 0.9972134 6.1018066
-0.53278685 -0.8453754 0.031302243 -47.590454 0.84296757 -0.53364736 -0.06423986 74.32349 0.071026236 -0.007858699 0.99744284 6.175293
-0.53990906 -0.8411868 0.028992653 -48.08606 0.8390713 -0.54062444 -0.060172543 75.09839 0.06627663 -0.00818526 0.99776673 6.251343
-0.54455984 -0.83830446 0.025489043 -48.5907 0.83625907 -0.54504335 -0.059564076 75.86841 0.06385298 -0.011120112 0.9978983 6.3328857
-0.54883146 -0.8350789 0.02346469 -49.097412 0.8328936 -0.5491394 -0.06210081 76.63403 0.06476934 -0.014570938 0.99779314 6.397339
-0.55590385 -0.83176094 0.016789777 -49.61206 0.8292017 -0.5556034 -0.06976832 77.36206 0.0673406 -0.024807423 0.9974232 6.465576
-0.5610126 -0.82769346 0.01948709 -50.118164 0.82495177 -0.5608388 -0.07145196 78.09888 0.070105 -0.023997605 0.9972528 6.537842
-0.56696963 -0.82358027 0.024560416 -50.64148 0.8207052 -0.5671315 -0.07172681 78.868164 0.07302532 -0.020519845 0.9971206 6.6188965
-0.5720362 -0.8196998 0.0219488 -51.161133 0.8169283 -0.5720051 -0.07107404 79.5918 0.070836894 -0.022757797 0.9972283 6.695801
-0.57897747 -0.81520444 0.018737976 -51.69165 0.81271225 -0.57877356 -0.0681485 80.33154 0.06639021 -0.02422498 0.99749947 6.768921
-0.5848924 -0.8105726 0.016393483 -52.230713 0.8082887 -0.5845752 -0.06586402 81.0647 0.06296748 -0.025278855 0.99769425 6.8442383
-0.5919735 -0.8059229 0.017421817 -52.77466 0.80336756 -0.5916025 -0.06967914 81.80298 0.0664457 -0.027244564 0.9974178 6.911621
-0.5964427 -0.8026395 0.019055616 -53.31653 0.79995114 -0.5961323 -0.07098918 82.51807 0.06836364 -0.027104713 0.99729383 6.980713
-0.6033862 -0.79802984 0.018980524 -53.858765 0.79524434 -0.6030074 -0.072501116 83.234375 0.06929141 -0.028588068 0.9971889 7.0566406
-0.60727507 -0.7941033 0.017487157 -54.427856 0.7913732 -0.60678023 -0.07236165 83.94702 0.06807602 -0.030106118 0.9972252 7.125
-0.61489075 -0.7886441 0.018965552 -54.984985 0.7860558 -0.6145492 -0.06967481 84.66138 0.06660594 -0.027927736 0.99738926 7.2053223
-0.6214196 -0.78380173 0.02283977 -55.538452 0.78131247 -0.6213918 -0.06675017 85.374756 0.066468306 -0.023565099 0.9975106 7.279175
-0.62750345 -0.7778779 0.024582952 -56.112793 0.77535516 -0.627572 -0.06660333 86.103516 0.06723844 -0.022756683 0.99747634 7.352173
-0.63406163 -0.773608 0.019938227 -56.6864 0.770973 -0.63371044 -0.07008474 86.79028 0.066856034 -0.029046156 0.9973416 7.4206543
-0.6399343 -0.76902485 0.016769776 -57.28235 0.76632005 -0.63927126 -0.072679475 87.48486 0.06660922 -0.03361162 0.997215 7.48999
-0.6420752 -0.766429 0.018457988 -57.881958 0.76385975 -0.64160556 -0.06981541 88.19458 0.06538049 -0.030740203 0.99738806 7.562378
-0.64568204 -0.762998 0.019633314 -58.460693 0.7604235 -0.6452872 -0.06941676 88.89697 0.06561372 -0.029899102 0.9973953 7.628662
-0.649895 -0.75982445 0.020931747 -59.063843 0.75723916 -0.649584 -0.06902979 89.591064 0.066015095 -0.029004958 0.99739605 7.70166
-0.654001 -0.7559116 0.023568623 -59.64441 0.7536152 -0.65399295 -0.06349782 90.283936 0.06340953 -0.02378425 0.9977035 7.7686768
-0.65884584 -0.75224215 0.027581884 -60.223633 0.7503152 -0.65922034 -0.05624264 90.94946 0.06046684 -0.016338209 0.9980368 7.8361816
-0.6619503 -0.7493804 0.028470535 -60.821655 0.7476584 -0.6624252 -0.05254445 91.63745 0.058211803 -0.013470247 0.9982135 7.8997803
-0.6644794 -0.74633324 0.02868389 -61.42505 0.7444129 -0.6649126 -0.055763558 92.30762 0.06071354 -0.015720867 0.9980312 7.9561768
-0.66778874 -0.74382865 0.028739162 -62.04077 0.74176455 -0.6681779 -0.058061182 92.970215 0.062366728 -0.017474473 0.9978995 8.02417
-0.6677969 -0.74345 0.02792355 -62.65149 0.7414087 -0.6681389 -0.057903886 93.63135 0.061742574 -0.017992904 0.99793035 8.091431
-0.6698024 -0.74283457 0.024314232 -63.263306 0.7408634 -0.66992193 -0.057930727 94.295166 0.05929642 -0.020763438 0.99802506 8.155884
-0.6697811 -0.74215126 0.023161186 -63.864014 0.74049497 -0.6699329 -0.05281139 94.95557 0.054676294 -0.018221036 0.99833685 8.216431
-0.6707004 -0.74143374 0.01907279 -64.470215 0.7400249 -0.67069995 -0.0495176 95.613525 0.049510725 -0.019091561 0.99859124 8.275391
-0.6716177 -0.74099326 0.018201003 -65.07446 0.7396968 -0.67161125 -0.047546566 96.26953 0.047458626 -0.018444307 0.9987035 8.33728
-0.6727703 -0.7399196 0.020975186 -65.66699 0.7384641 -0.6728575 -0.049754173 96.923096 0.050910994 -0.01795984 0.99854183 8.386841
-0.67295307 -0.7393118 0.02473794 -66.2594 0.7376483 -0.6731918 -0.052421037 97.56665 0.055384133 -0.017022738 0.9983194 8.440796
-0.6730434 -0.73936903 0.022701878 -66.84961 0.73765236 -0.67314 -0.054037392 98.2041 0.055224303 -0.019634739 0.99828064 8.496826
-0.67308253 -0.73937625 0.020383202 -67.448975 0.73770535 -0.67305285 -0.0540708 98.846924 0.05370662 -0.021353811 0.9983288 8.554199
-0.6738702 -0.73883426 0.02389868 -68.02246 0.7372891 -0.6740939 -0.05050827 99.48877 0.05338251 -0.01639732 0.9984387 8.61853
-0.6740848 -0.73806304 0.02418 -68.61536 0.7363986 -0.6742867 -0.052592207 100.12915 0.055111982 -0.01765895 0.9983233 8.681885
-0.6744709 -0.7380886 0.01929589 -69.20703 0.73609865 -0.6742284 -0.060275424 100.750244 0.057493668 -0.026446637 0.9979954 8.737061
-0.6747681 -0.7382807 0.01703927 -69.80884 0.73603594 -0.6742342 -0.06573348 101.3811 0.060000077 -0.031782486 0.9976925 8.794434
-0.6738113 -0.7384068 0.020371592 -70.38733 0.7359504 -0.6734312 -0.06743744 101.99487 0.06354368 -0.030467998 0.9975144 8.856812
-0.674643 -0.738147 0.022624586 -70.97998 0.7357471 -0.6744588 -0.06554796 102.64038 0.06362362 -0.027574752 0.9975929 8.930542
-0.6749035 -0.7374334 0.022838766 -71.55359 0.7348655 -0.6746605 -0.06803576 103.24072 0.06558869 -0.029157393 0.99742055 8.979614
-0.6766087 -0.73573816 0.027284335 -72.131836 0.7334724 -0.67681086 -0.061632913 103.87573 0.06382325 -0.021707866 0.9977252 9.043701
-0.6792868 -0.7335836 0.028381333 -72.707275 0.73186487 -0.67971945 -0.05231005 104.49805 0.057662554 -0.014751971 0.9982276 9.118652
-0.68021864 -0.73236775 0.028210904 -73.27637 0.7309683 -0.68071306 -0.04658767 105.11011 0.053321503 -0.011075803 0.99851567 9.177124
-0.6832412 -0.7295274 0.03176644 -73.8468 0.7283221 -0.68395454 -0.04231954 105.71924 0.05259011 -0.005776515 0.9985992 9.229248
-0.6864743 -0.72638726 0.033372905 -74.427246 0.7249877 -0.687249 -0.045628294 106.326904 0.056108 -0.0071173273 0.9984003 9.303101
-0.691805 -0.72161806 0.037102945 -74.99646 0.7201214 -0.6927766 -0.046800867 106.91113 0.059455097 -0.0056353025 0.9982155 9.352905
-0.6981049 -0.71495974 0.039977618 -75.618164 0.71358293 -0.6992442 -0.044413254 107.55298 0.059708636 -0.0024841 0.9982128 9.404785
-0.7052308 -0.7086797 0.037581477 -76.17407 0.7075047 -0.7062287 -0.040855505 108.10034 0.055480015 -0.0022018235 0.9984582 9.461548
-0.71243346 -0.70051223 0.039684117 -76.74695 0.69970465 -0.7135287 -0.033827357 108.663086 0.05202677 0.003668312 0.99863917 9.522095
-0.72169614 -0.690696 0.04144713 -77.381226 0.68987143 -0.722874 -0.033977956 109.26367 0.05345459 0.0040596463 0.9985623 9.591064
-0.73086673 -0.68082595 0.043685257 -77.940796 0.67992294 -0.73216033 -0.035268508 109.779785 0.056004778 0.0039147562 0.9984225 9.633057
-0.7418371 -0.66933066 0.04398895 -78.5459 0.66858405 -0.74311936 -0.032100752 110.322754 0.05416886 0.005604917 0.9985163 9.695679
-0.74978197 -0.6595294 0.049059913 -79.109375 0.65890723 -0.75132227 -0.030223643 110.825195 0.056787703 0.009653219 0.9983388 9.734619
-0.7596761 -0.64904106 0.049637727 -79.744995 0.6478633 -0.76129216 -0.03916649 111.36328 0.06316256 0.0024249025 0.99800026 9.797485
-0.7666723 -0.6395264 0.053752217 -80.33252 0.6377733 -0.7685512 -0.047363453 111.82593 0.071611136 -0.0020421632 0.9974302 9.847412
-0.77556634 -0.6293599 0.056806758 -80.917725 0.6267838 -0.777591 -0.05761537 112.281006 0.08037247 -0.009048259 0.9967236 9.903564
