1.000000000000000000e+00 4.398956837314658088e-19 2.733407509747682871e-20 -8.673617379884035472e-19 -5.583667658079949532e-19 1.000000000000000000e+00 -6.100159232558060012e-19 0.000000000000000000e+00 4.145284534913582806e-20 -2.210423569125054137e-19 1.000000000000000222e+00 0.000000000000000000e+00
9.999460555305254017e-01 -1.076720295117466033e-03 1.033086235477119821e-02 4.501921521251599223e-02 1.066681616943993601e-03 9.999989536541654678e-01 9.771789624656742040e-04 -9.765499395775478764e-04 -1.033190387142708666e-02 -9.661065066621457196e-04 9.999461577445771798e-01 2.312123979644130356e-01
9.998552522931318798e-01 -3.698686682913036091e-03 1.660705283747401437e-02 5.455086356443698131e-02 3.684069284580922515e-03 9.999927990995335358e-01 9.107006560210688124e-04 -4.012107481377910623e-03 -1.661030193455594745e-02 -8.493872907507282397e-04 9.998616786298428760e-01 5.279092766047042140e-01
9.998150224975584921e-01 -6.599700218012704254e-03 1.806556882122916166e-02 6.211301297219379985e-02 6.607458161597803796e-03 9.999781021362115219e-01 -3.697741262784278869e-04 -8.901216365030537037e-03 -1.806273313797875091e-02 4.890732423918896796e-04 9.998367359019938450e-01 8.273733779994336679e-01
9.998276101836766072e-01 -7.501898969938062059e-03 1.698444754897841802e-02 5.875467818597425451e-02 7.528510931634216363e-03 9.999705301507370026e-01 -1.503442721070297021e-03 -9.297116103046509927e-03 -1.697266863904708933e-02 1.631051177869920947e-03 9.998546235189463838e-01 1.152092643394261096e+00
9.998906644550243916e-01 -1.044153260745532379e-02 1.047060474653009610e-02 6.942592676824335673e-02 1.047716268126451869e-02 9.999394887099635199e-01 -3.353798244552601976e-03 -1.537832133358565945e-02 -1.043495254574794244e-02 3.463133833309410808e-03 9.999395574013969501e-01 1.477471158416708619e+00
9.999269166671087561e-01 -1.187354842905299739e-02 -2.276003041530908454e-03 5.281350648672163833e-02 1.186347731799308226e-02 9.999199961637845746e-01 -4.388525675910055247e-03 -3.148271682254707993e-02 2.327928362265059038e-03 4.361203683626886131e-03 9.999877802526245807e-01 1.791316706913544943e+00
9.997739690080342800e-01 -1.083354526697689543e-02 -1.829330966337786024e-02 1.284097746867752902e-02 1.075025442822599014e-02 9.999314242521863960e-01 -4.645299180716900081e-03 -3.143177289669424335e-02 1.834238055958698627e-02 4.447591497443286086e-03 9.998218721532118325e-01 2.080321092834135133e+00
9.992900908453419273e-01 -7.029121914992705021e-03 -3.701223743973697244e-02 -1.771980176137132046e-03 6.838423389109381592e-03 9.999626971307542522e-01 -5.276390913174512295e-03 -3.640946632096558888e-02 3.704794580964786144e-02 5.019539821630735615e-03 9.993008826203707562e-01 2.453874613116004522e+00
9.983903688381656760e-01 -3.400365858485989139e-03 -5.661368027692016691e-02 -6.389088551510410663e-02 3.058775189083440867e-03 9.999765989138957867e-01 -6.119273998874193154e-03 -4.792855431783016318e-02 5.663316420111635247e-02 5.936255708879297800e-03 9.983774064521481195e-01 2.812921799043988536e+00
9.970640127244573270e-01 -3.381012960605369634e-03 -7.649786323041175840e-02 -1.135503781559300679e-01 2.869072382823725700e-03 9.999727561417010024e-01 -6.801131800569698398e-03 -4.896467128210062192e-02 7.651877516736461937e-02 6.561685849595066435e-03 9.970465493307251181e-01 3.177344336019346738e+00
9.952840056616825137e-01 -4.025214900981363350e-03 -9.692030451936201052e-02 -1.458417076892056241e-01 3.456011617776467721e-03 9.999757865380782818e-01 -6.040059259452521499e-03 -5.846372581279961345e-02 9.694227195344420900e-02 5.676616641563176496e-03 9.952738177146590592e-01 3.563482455308721430e+00
9.930607990528277362e-01 -4.911111851897410376e-03 -1.174994892360563398e-01 -2.086180427767371781e-01 4.325546781158285184e-03 9.999769259941087007e-01 -5.238045187177325923e-03 -6.344415984045685686e-02 1.175225047089522024e-01 4.693447740176589188e-03 9.930591285701380055e-01 3.937746639955254313e+00
9.908425366550485114e-01 -3.906056060498725585e-03 -1.349659578737067434e-01 -2.823432349711593736e-01 3.304841610805671001e-03 9.999835955195606196e-01 -4.678323250262636859e-03 -7.371810750390300759e-02 1.349820199538464272e-01 4.189440480277663997e-03 9.908391914832502811e-01 4.321469792391177123e+00
9.886145140307934787e-01 -3.218352923644497970e-03 -1.504359805934547545e-01 -3.790206207742020661e-01 2.636574603680429899e-03 9.999882556487700302e-01 -4.066575310453935353e-03 -8.492659772820536357e-02 1.504473040969050157e-01 3.623639585962830888e-03 9.886113890327488107e-01 4.761220046627104630e+00
9.864345689060058930e-01 -2.281492136066510905e-03 -1.641390732611654191e-01 -4.662893865152724637e-01 1.632372886827173969e-03 9.999903057689389918e-01 -4.089465075139169653e-03 -8.757016033139870814e-02 1.641468149803435861e-01 3.766053431357505379e-03 9.864287306569510250e-01 5.174808956673985882e+00
9.840797957220559500e-01 -3.438055816722613775e-03 -1.776939352864686517e-01 -5.483985445414744087e-01 2.624839478861986861e-03 9.999849803140542503e-01 -4.811378180043733230e-03 -8.687648144223281133e-02 1.777078112394225307e-01 4.268361878960326428e-03 9.840740397458056510e-01 5.584358641110844346e+00
9.825093382111332874e-01 -6.620615871651788775e-03 -1.860955854619302241e-01 -6.378538242395476177e-01 5.407831774335025016e-03 9.999607095496738651e-01 -7.023866713953875324e-03 -1.072326933859544945e-01 1.861347792240408694e-01 5.894640905127866357e-03 9.825065384136625335e-01 6.041241911245323948e+00
9.809409643758143504e-01 -5.443090334499397186e-03 -1.942297512373155344e-01 -7.377335927835081408e-01 3.869593256744194212e-03 9.999565594616973696e-01 -8.479707046297970188e-03 -1.113463646708717364e-01 1.942674729609458750e-01 7.566501767595952728e-03 9.809194145890266503e-01 6.491593439337149718e+00
9.794048421231755785e-01 -5.740845245003670626e-03 -2.018246688305674330e-01 -8.452376251374588145e-01 3.731339101971041603e-03 9.999396229789987434e-01 -1.033573894173058123e-02 -1.136523908403058031e-01 2.018718226231457358e-01 9.369796393433570125e-03 9.793671298981755369e-01 6.960984276097011758e+00
9.778355655556723036e-01 -6.955244220623869184e-03 -2.092587639230008012e-01 -9.540871711060046056e-01 4.320187764980427600e-03 9.999055542247560213e-01 -1.304678509895431521e-02 -1.295462671766791918e-01 2.093297475074422931e-01 1.185357325677982576e-02 9.777732613698969510e-01 7.445858653396236093e+00
9.760354059499873891e-01 -1.001131229249835504e-02 -2.173813673222096121e-01 -1.071698682548823500e+00 6.884992714208329999e-03 9.998617641795842781e-01 -1.513437793878258733e-02 -1.367411423880853238e-01 2.175028361688905176e-01 1.327501951537080581e-02 9.759694110094477848e-01 7.946936963415766719e+00
9.740952770111067638e-01 -1.546839518321009230e-02 -2.256083307202743082e-01 -1.172363557684242608e+00 1.212137708837958579e-02 9.997950800012304073e-01 -1.621327241187579121e-02 -1.534199503331873937e-01 2.258128962654155358e-01 1.305858835501623114e-02 9.740831639729918834e-01 8.466416065014621850e+00
9.722214969117299876e-01 -1.641984433747118929e-02 -2.334860775688382128e-01 -1.309077671668103404e+00 1.253370366071592142e-02 9.997572909791921925e-01 -1.811809551405641969e-02 -1.812691367705971945e-01 2.337269087342796481e-01 1.468835656988827683e-02 9.721913317718875458e-01 8.987572911480794957e+00
9.702148662065211981e-01 -1.254767850377015888e-02 -2.419207883454053964e-01 -1.459536474828028174e+00 7.355708978374987661e-03 9.997230865570907454e-01 -2.235271207035625235e-02 -1.826061698620118356e-01 2.421342760465042265e-01 1.990743460667152367e-02 9.700384980744173324e-01 9.506495422726395361e+00
9.681090402761677316e-01 -1.002506566880213487e-02 -2.503285496805279786e-01 -1.611275913620010325e+00 3.820421495923462512e-03 9.996736242082636670e-01 -2.525964042250179731e-02 -1.973276414537154244e-01 2.505000823717906111e-01 2.349772566948507904e-02 9.678313732445645856e-01 1.006087935767569697e+01
9.656519675917861756e-01 -1.224332852949701865e-02 -2.595503359547318700e-01 -1.768748401652569191e+00 5.283854714937840855e-03 9.996079943181814809e-01 -2.749433693724022756e-02 -2.193491155926657887e-01 2.597852174233406530e-01 2.517853429792790698e-02 9.653381188621157349e-01 1.061266169845638352e+01
9.635400817968962084e-01 -1.460093202280456949e-02 -2.671653457710883028e-01 -1.941984379979811326e+00 7.028244714966596675e-03 9.995465711432054423e-01 -2.927893231454473805e-02 -2.530043353193330846e-01 2.674717096015940543e-01 2.633372141647128545e-02 9.632058042119965302e-01 1.117514891367669883e+01
9.610672550463102981e-01 -1.407441939278409812e-02 -2.759558666310894526e-01 -2.102765908263139583e+00 5.560228745587139296e-03 9.994847617037585508e-01 -3.161162706129790056e-02 -2.762110069442539895e-01 2.762586036544735224e-01 2.884652192867775966e-02 9.606503337639064055e-01 1.173575274734019480e+01
9.587386659581167425e-01 -1.331688005500156723e-02 -2.839768112807541378e-01 -2.301281352151859139e+00 3.513010314605166141e-03 9.993809665397339614e-01 -3.500489203193323656e-02 -2.908820666079824924e-01 2.842671809730777377e-01 3.256293007151223051e-02 9.581919573731109141e-01 1.232747540297579292e+01
9.567591918193942835e-01 -1.491703390593439142e-02 -2.904984150399796405e-01 -2.497982903621196904e+00 3.274699149046467282e-03 9.991732765172723907e-01 -4.052209059878241620e-02 -3.265338551390771227e-01 2.908627275790672262e-01 3.781858783307059241e-02 9.560170657263977745e-01 1.295051216629553004e+01
9.545930574283285619e-01 -1.615026146580912300e-02 -2.974748087798847473e-01 -2.710865706377280304e+00 2.114555458965559302e-03 9.988716446725204312e-01 -4.744434749995170980e-02 -3.634672842737557419e-01 2.979053952281797701e-01 4.466101790780326736e-02 9.535500882983037885e-01 1.354133387679204681e+01
9.533648712354381161e-01 -1.644896073600556063e-02 -3.013716178319018058e-01 -2.897327345559499889e+00 -2.733366790989269404e-04 9.984663500619245236e-01 -5.536129573147836186e-02 -4.011049919808642450e-01 3.018200602246771669e-01 5.286189071669414319e-02 9.518982475675447086e-01 1.413603043183104546e+01
9.521474638071022456e-01 -1.632263610797827016e-02 -3.052028452042809814e-01 -3.111369355137409531e+00 -3.495398543952454081e-03 9.979261013919326073e-01 -6.427502105883879657e-02 -4.453882145879836663e-01 3.056190284603711449e-01 6.226610417405067238e-02 9.501157528043251421e-01 1.475237985743516944e+01
9.508436649922296091e-01 -1.508017421714304487e-02 -3.093039137222955981e-01 -3.332076992794842596e+00 -7.970630781781189514e-03 9.972908622896495823e-01 -7.312595312712914797e-02 -4.909876528092252945e-01 3.095687242294328789e-01 7.199669696412652753e-02 9.481475004812121021e-01 1.539317907331839130e+01
9.496981573064091631e-01 -1.528503252838936399e-02 -3.127935032927143255e-01 -3.595093087989323255e+00 -1.032152490472859618e-02 9.967378247064418995e-01 -8.004483057684862179e-02 -5.539207283898047729e-01 3.129966092361984309e-01 7.924693448977508659e-02 9.464423110200320677e-01 1.607439686168071447e+01
9.477041310057662260e-01 -1.385577347976481473e-02 -3.188493303317919136e-01 -3.799149648862912620e+00 -1.449097538352398136e-02 9.961586362432615083e-01 -8.635961469421395142e-02 -6.127529314514258418e-01 3.188210987655358819e-01 8.646380190957525524e-02 9.438628714619491378e-01 1.672553021431909315e+01
9.460447332874163395e-01 -1.252415343766967622e-02 -3.237939251655315154e-01 -4.036509576886468942e+00 -1.845905827409777267e-02 9.955471496032755052e-01 -9.243990515154289211e-02 -6.824835542273484101e-01 3.235098563233210212e-01 9.342921692146385904e-02 9.416009539782850268e-01 1.737208866328944268e+01
9.447971131402083111e-01 -1.130767348950017029e-02 -3.274607598613639703e-01 -4.326999310836651347e+00 -2.200065298866308791e-02 9.949595263584513072e-01 -9.783410528345411195e-02 -7.556985242983825790e-01 3.269164842138323479e-01 9.963773141058926419e-02 9.397861124329541793e-01 1.806216581872401505e+01
9.426693586941018443e-01 -7.578697596797481784e-03 -3.336420854225286559e-01 -4.549528722548111581e+00 -2.784119643262222832e-02 9.944711935020854598e-01 -1.012517311664039577e-01 -8.325895943623706774e-01 3.325648047990172329e-01 1.047358999899801607e-01 9.372465226559754115e-01 1.874115001830871208e+01
9.409998602215714492e-01 -7.566087644801267921e-03 -3.383223536273254894e-01 -4.826414432319748649e+00 -2.878302456465189896e-02 9.943377913902693432e-01 -1.022931771873859669e-01 -9.143811616335338899e-01 3.371806667610775521e-01 1.059958067238914031e-01 9.354539482771183634e-01 1.943903668185478395e+01
9.388372731662779636e-01 -7.211892280153257492e-03 -3.442855800476451456e-01 -5.111321300266810752e+00 -2.974875520485123839e-02 9.943444847298116285e-01 -1.019512493457383900e-01 -1.004312171074220217e+00 3.430737349557355098e-01 1.059577010409351039e-01 9.333131202744102684e-01 2.016241428707598971e+01
9.364546027943988493e-01 -6.283764082855089819e-03 -3.507325029606507827e-01 -5.381753427281313229e+00 -3.086323829865950108e-02 9.944862979002273562e-01 -1.002220724588979844e-01 -1.085951748407958606e+00 3.494284462283065995e-01 1.046781625235346236e-01 9.310973342463851887e-01 2.087586908177411260e+01
9.338534741248497584e-01 -6.225206253318206311e-03 -3.576016400953077601e-01 -5.658093146726232980e+00 -3.113343939747295619e-02 9.946382419214587767e-01 -9.861783134615623170e-02 -1.173518691680088377e+00 3.562981890198459456e-01 1.032279740340043828e-01 9.286525661141880050e-01 2.162981080701122849e+01
9.314203951510480195e-01 -5.620872953788700645e-03 -3.639017044807673074e-01 -5.983289260188215053e+00 -3.122720303766839817e-02 9.949591101962181883e-01 -9.529549220229203976e-02 -1.255786539516058342e+00 3.626029661229040468e-01 1.001237980106082920e-01 9.265496839266718077e-01 2.231535049708227092e+01
9.276199384432849415e-01 -2.221849527311884828e-03 -3.735188218664173831e-01 -6.258813219332016509e+00 -3.380295065933241333e-02 9.953797615505745044e-01 -8.986929866561817193e-02 -1.335819983240271958e+00 3.719927582483954498e-01 9.599059214921461247e-02 9.232590085711948058e-01 2.311634730334045784e+01
9.240835062430278191e-01 -1.385358175993708159e-04 -3.821905954788777371e-01 -6.598687725241832780e+00 -3.481025286513137612e-02 9.958129258823572583e-01 -8.452729128070149422e-02 -1.417816355129973616e+00 3.806020516850771584e-01 9.141442746726115287e-02 9.202094781617364827e-01 2.386275450501702622e+01
9.203253516489694475e-01 2.091526539377573223e-03 -3.911481426146124485e-01 -6.937320888534598495e+00 -3.651969806857518347e-02 9.960772527825310085e-01 -8.060036092757466575e-02 -1.494194733161927635e+00 3.894451961876257418e-01 8.846316804165887948e-02 9.167915303846457808e-01 2.457808652780578385e+01
9.169090526711743960e-01 2.771415838416677394e-03 -3.990865884839439048e-01 -7.279628618310247212e+00 -3.736767742947618570e-02 9.961791549641004773e-01 -7.893508688909385562e-02 -1.571266612088363379e+00 3.973429853163065739e-01 8.728923508826136324e-02 9.135092471836986361e-01 2.531334557880019531e+01
9.128107883044910276e-01 4.609492437491752651e-03 -4.083567238530970700e-01 -7.627224103898386787e+00 -3.980767370351815521e-02 9.961787447821830455e-01 -7.773839212296307366e-02 -1.644530078548365193e+00 4.064379610109826180e-01 8.721617464447868617e-02 9.095061990424430087e-01 2.609338644833534104e+01
9.087605597628209964e-01 4.740499495647659649e-03 -4.172909885544489050e-01 -7.975571959865056293e+00 -4.027088935270772829e-02 9.962649961551001132e-01 -7.638267448151027372e-02 -1.708394520178516673e+00 4.153703201837421477e-01 8.621824166026451075e-02 9.055572402762216422e-01 2.684834236355369086e+01
9.049202508455533867e-01 5.670583671441916697e-03 -4.255433942677517289e-01 -8.367116797742612633e+00 -4.143618926905379835e-02 9.963344695446265664e-01 -7.483760468508759978e-02 -1.787114029088266998e+00 4.235591863452362049e-01 8.535496102992636003e-02 9.018382060640107722e-01 2.763167543107929447e+01
9.008290666819827042e-01 4.950928122299467701e-03 -4.341456865049242997e-01 -8.756751460850326296e+00 -4.035925584507194658e-02 9.965603128631075336e-01 -7.237868023534528572e-02 -1.853818555622883002e+00 4.322940269303971461e-01 8.272261616697405839e-02 8.979303128955852253e-01 2.841832251395876341e+01
8.972565705371750022e-01 5.236425180494499836e-03 -4.414784508215167658e-01 -9.155448723358814433e+00 -3.939770769512149218e-02 9.968902282928465697e-01 -6.824729608694017624e-02 -1.930276890876189366e+00 4.397481893015954268e-01 7.862857411742485425e-02 8.946726111919862667e-01 2.918843026258727136e+01
8.937218375682878246e-01 6.516672195363676888e-03 -4.485741922798126002e-01 -9.579653243687074493e+00 -3.892238144246717990e-02 9.972504709833287517e-01 -6.305986370618762993e-02 -1.986019501394706621e+00 4.469298917261624315e-01 7.381755335693113151e-02 8.915181684583581845e-01 2.999264112027757179e+01
8.895489553878328515e-01 7.075908736195991866e-03 -4.567850515167797276e-01 -9.986844039482182467e+00 -3.824076813493320487e-02 9.975241813290881554e-01 -5.901822923636723672e-02 -2.063721678136410276e+00 4.552365347660569106e-01 6.996741563705208278e-02 8.876171822875200679e-01 3.079242235220435475e+01
8.857812973218619490e-01 6.413825726685288067e-03 -4.640585650950889707e-01 -1.041703064953505731e+01 -3.683515953222121081e-02 9.977217239080543587e-01 -5.652019752828102428e-02 -2.125594177387920780e+00 4.626388088072724836e-01 6.715820536570391019e-02 8.839994979009998533e-01 3.159164029165809850e+01
8.825754976553409348e-01 7.196776541614860814e-03 -4.701156165508335594e-01 -1.086573068419892785e+01 -3.750713557070729093e-02 9.977739260922074971e-01 -5.513988809419895915e-02 -2.190307892052091532e+00 4.686722830385823824e-01 6.629780452221395448e-02 8.808807504881613903e-01 3.242662393124409448e+01
8.800832608810389424e-01 6.639498732217218903e-03 -4.747729630816838187e-01 -1.133089476422310860e+01 -3.665224213895477284e-02 9.978687250365300132e-01 -5.398722817554436892e-02 -2.249553325783175239e+00 4.734026513509693168e-01 6.491474958906737203e-02 8.784509146298165039e-01 3.323572054626608008e+01
8.766718656228553730e-01 4.886446170835947837e-03 -4.810639854138267779e-01 -1.179610543199008532e+01 -3.429623592189382647e-02 9.980390492722651663e-01 -5.236243300800847572e-02 -2.306458216652967241e+00 4.798647846776557535e-01 6.240335591000704257e-02 8.751203426633098470e-01 3.407614298154099686e+01
8.741744994823815729e-01 4.417463662871110378e-03 -4.855918304334461699e-01 -1.228887220378906520e+01 -3.389510736817705205e-02 9.980748646104752320e-01 -5.193925673132993026e-02 -2.367246507888096207e+00 4.844275689624673586e-01 6.186316111670136370e-02 8.726413262910779345e-01 3.491550423843865758e+01
8.723529416803664782e-01 3.153315167552792238e-03 -4.888664408642103831e-01 -1.276055158354532004e+01 -3.306794744949623915e-02 9.980695914722168549e-01 -5.256996754800990351e-02 -2.428274643083374595e+00 4.877569676252846986e-01 6.202537574081462557e-02 8.707732184564379585e-01 3.576942833700552171e+01
8.704793225598272954e-01 4.082957494217760372e-03 -4.921880470424077059e-01 -1.323601569343253637e+01 -3.448772012821513938e-02 9.980138578588002574e-01 -5.271562143795968658e-02 -2.493249292169651632e+00 4.909952644178032788e-01 6.286230218866878383e-02 8.688912394677825723e-01 3.660695960751121447e+01
8.701292346931278621e-01 4.154192049019218499e-03 -4.928061006188368953e-01 -1.374674321853306935e+01 -3.420292436004920139e-02 9.980623733839965039e-01 -5.197748417902019885e-02 -2.541977707755885163e+00 4.916353104007428199e-01 6.208253844001236643e-02 8.685853353242747321e-01 3.748950899836791706e+01
8.700290626040587671e-01 3.981486270233270015e-03 -4.929843538844169148e-01 -1.425552572652308747e+01 -3.340806294207297050e-02 9.981449302178064809e-01 -5.089793385777812568e-02 -2.611460108186988371e+00 4.918671925374659137e-01 6.075233412089810908e-02 8.685481124040734802e-01 3.836662445433802304e+01
8.693740826022936519e-01 3.118849796818244560e-03 -4.941446877579241392e-01 -1.477202984447182033e+01 -3.205993363981297223e-02 9.982292948360439455e-01 -5.010424775829118438e-02 -2.674214509135209195e+00 4.931134440635007166e-01 5.940158042854345316e-02 8.679346682240168809e-01 3.927299534638320466e+01
8.694567037625258177e-01 8.265072704637994481e-04 -4.940084537111780194e-01 -1.530072571092806477e+01 -2.974613027260644693e-02 9.982717006945963645e-01 -5.068312714716963208e-02 -2.733850583735654372e+00 4.931127777503570009e-01 5.876162458256087989e-02 8.679786084198615193e-01 4.017537119704405768e+01
8.684105333297987839e-01 -1.436663601867218957e-03 -4.958438027644853086e-01 -1.583814972685607714e+01 -2.757283751088554502e-02 9.983085888993141754e-01 -5.118300506250274273e-02 -2.798321835247997491e+00 4.950786683271996558e-01 5.811968141908614022e-02 8.669020819059927163e-01 4.110911299502213723e+01
8.672185153184860384e-01 -1.500143101936144861e-03 -4.979254877614079922e-01 -1.636214675421033959e+01 -2.672755125165791543e-02 9.984135431211823564e-01 -4.955839950179852238e-02 -2.863831975092125504e+00 4.972099036906272307e-01 5.628629070344071117e-02 8.658026160753734546e-01 4.201382269788931012e+01
8.647213061532489364e-01 -1.522332941928753900e-03 -5.022496791553263673e-01 -1.689754035039951674e+01 -2.504098947236915729e-02 9.986210821624266210e-01 -4.613982173902461681e-02 -2.927956936081102857e+00 5.016273669179748262e-01 5.247491588152168596e-02 8.634908064909849745e-01 4.293728340097235474e+01
8.619223596670978482e-01 -8.934849737978318128e-04 -5.070394881334555626e-01 -1.745491565133880130e+01 -2.334423533755599495e-02 9.988681090298208165e-01 -4.144330442369639766e-02 -2.987112145370788951e+00 5.065026124079706760e-01 4.755735986128815929e-02 8.609259005099869633e-01 4.384316467485945878e+01
8.576550736594957813e-01 -2.860944218844829225e-03 -5.142174485864331457e-01 -1.800171861413565466e+01 -2.050908493459520365e-02 9.989985641008932715e-01 -3.976488898263466631e-02 -3.052492411014846141e+00 5.138162667552885754e-01 4.465068806932032813e-02 8.567375124446531265e-01 4.473512672378338806e+01
8.528387914431778682e-01 -6.168561945952511991e-03 -5.221378547051989116e-01 -1.855374789693469495e+01 -1.872924897260331428e-02 9.989254492425867493e-01 -4.239294893490843513e-02 -3.110565966694851081e+00 5.218383035999176744e-01 4.593360117330355652e-02 8.518068410651233879e-01 4.564505825906151415e+01
8.473429321423939786e-01 -8.089165210833051262e-03 -5.309844774116267985e-01 -1.912569057450549792e+01 -1.835124806999520811e-02 9.988407536647880836e-01 -4.450146673521949980e-02 -3.178011186184940051e+00 5.307289244615738255e-01 4.745223114116451507e-02 8.462122074119803328e-01 4.653147236029725775e+01
8.402972505481351995e-01 -8.681808070440418315e-03 -5.420564096241036189e-01 -1.969165604831309935e+01 -1.813659337228973323e-02 9.988618797469454025e-01 -4.411359425339044654e-02 -3.245588246394398801e+00 5.418224793401428263e-01 4.689958860173909505e-02 8.391834335574563930e-01 4.742205096252377672e+01
8.346851679220278486e-01 -6.190185058481440135e-03 -5.506926058809940017e-01 -2.032986535824799645e+01 -1.856039264693556609e-02 9.990526205994235687e-01 -3.936207731292278716e-02 -3.293813944146106287e+00 5.504145590809211841e-01 4.307601301298356888e-02 8.337795128871939854e-01 4.833076254830297813e+01
8.298767326670677402e-01 -2.222116022752095021e-03 -5.579423489402632885e-01 -2.092037214695076841e+01 -2.123117343013381300e-02 9.991420552381874431e-01 -3.555827286331610104e-02 -3.350421537488049939e+00 5.575426894452402138e-01 4.135475396113008628e-02 8.291175669158064032e-01 4.920706569861831525e+01
8.255901701109397139e-01 -1.139822256868377884e-03 -5.642690543134104564e-01 -2.153051973074047254e+01 -2.357249158740804679e-02 9.990553296732140875e-01 -3.650734085953601799e-02 -3.405568273883554653e+00 5.637776276796477859e-01 4.344132918312558489e-02 8.247833919082309118e-01 5.006772433686838752e+01
8.217647747582934592e-01 -3.733007465147483890e-03 -5.698146306890609081e-01 -2.213598213228631195e+01 -2.369709342663309931e-02 9.988895877126872103e-01 -4.071902952363775502e-02 -3.459825624857491899e+00 5.693339157741557077e-01 4.696441459040029409e-02 8.207638164190804719e-01 5.091356454323050684e+01
8.193876575427330167e-01 -6.484253893918799812e-03 -5.732031182558235960e-01 -2.274444274411956712e+01 -2.517406955703217764e-02 9.985643024620988184e-01 -4.728213312706004007e-02 -3.536812555415403292e+00 5.726867711693033325e-01 5.317225145825158622e-02 8.180480304356746446e-01 5.178778072457532744e+01
8.159123348662843389e-01 -6.744185521362529301e-03 -5.781362913136608439e-01 -2.339613710059617091e+01 -2.631305901456219148e-02 9.984627609392269232e-01 -4.878255822867872543e-02 -3.597744975041262450e+00 5.775765661931158146e-01 5.501482533223210625e-02 8.144806232038912519e-01 5.266181029397372271e+01
8.128118151307179851e-01 -5.709392602955955763e-03 -5.824983686567133390e-01 -2.401118034585985228e+01 -2.561002404376792885e-02 9.986349086292791721e-01 -4.552412525551215172e-02 -3.660463499538903598e+00 5.819631302892166458e-01 5.192034407034900462e-02 8.115560358613957970e-01 5.352284590241428219e+01
8.090543488254563487e-01 -3.542083582543764653e-03 -5.877231556155007031e-01 -2.464463466510538581e+01 -2.488464385175310351e-02 9.988786702828438280e-01 -4.027600526791342422e-02 -3.713510758483102858e+00 5.872067952731140350e-01 4.721075853940219502e-02 8.080589894686471819e-01 5.437803242273250248e+01
8.064896721370995447e-01 -2.125913382227761703e-03 -5.912443509319751378e-01 -2.531081381201988734e+01 -2.510601979139282999e-02 9.989684571662458268e-01 -3.783793605344955985e-02 -3.777147720681706122e+00 5.907149074163308144e-01 4.535969691031298268e-02 8.056043710930156365e-01 5.525387843630863216e+01
8.037224528619996144e-01 -1.337184783341958082e-03 -5.950028772221398476e-01 -2.593696606137859462e+01 -2.638187986383593725e-02 9.989339344431442669e-01 -3.788127615839983336e-02 -3.836964405761834396e+00 5.944192296607770931e-01 4.614332651276686209e-02 8.028303554157297794e-01 5.609775474021314778e+01
7.997372470014757484e-01 -1.869282350507844425e-03 -6.003472616991617494e-01 -2.659709435413810752e+01 -2.711790698244699940e-02 9.988619870569637182e-01 -3.923455091110825826e-02 -3.880538443521967196e+00 5.997374095353582568e-01 4.765749283838559974e-02 7.987764454719477047e-01 5.695707703674040800e+01
7.955582707244343021e-01 -4.266380821350244067e-03 -6.058620543074079157e-01 -2.725001269899173550e+01 -2.623708397591040936e-02 9.987945662871290375e-01 -4.148529653096145325e-02 -3.953878086454225560e+00 6.053087302673950676e-01 4.890002427920740746e-02 7.944873414133762912e-01 5.782022993519250775e+01
7.917563844609176726e-01 -5.254881551743978071e-03 -6.108143799492773418e-01 -2.791419187494670240e+01 -2.567548352018857519e-02 9.987929386400752341e-01 -4.187404107239513923e-02 -4.005472523526394824e+00 6.102971431576710293e-01 4.883699381829491315e-02 7.906657651459336744e-01 5.864194629399494119e+01
7.872495165792868788e-01 -6.172522999662927688e-03 -6.166036744527032543e-01 -2.857764260215160945e+01 -2.483095720400919915e-02 9.988215024213558113e-01 -4.170167754680933342e-02 -4.066619112198988972e+00 6.161344236995603962e-01 4.814048484052454308e-02 7.861684761318740167e-01 5.950396183219634594e+01
7.829968520761011463e-01 -6.012500645782515619e-03 -6.219966013571311958e-01 -2.926695070948095889e+01 -2.471139112818917377e-02 9.988632059065382096e-01 -4.076325649368605503e-02 -4.127909501078770305e+00 6.215346191152828492e-01 4.728790269805369095e-02 7.819581694882221656e-01 6.033267805185894872e+01
7.768630321991389920e-01 -7.687024561619866699e-03 -6.296226896438524845e-01 -2.995726890357180139e+01 -2.364990395779499946e-02 9.988637247265182983e-01 -4.137561493014796365e-02 -4.188543129942615018e+00 6.292253311664354198e-01 4.703370169242265114e-02 7.757985054267592107e-01 6.114178413957640146e+01
7.717518433409560341e-01 -8.163567984965055743e-03 -6.358714027045878625e-01 -3.066179664851272335e+01 -2.400809322339661489e-02 9.988307255579060850e-01 -4.196180625702055494e-02 -4.252399693620524168e+00 6.354704635388284117e-01 4.765016112271357879e-02 7.706534628169197099e-01 6.199052341252590992e+01
7.665930906067692785e-01 -9.963284849125831483e-03 -6.420558843059887000e-01 -3.137945879555563877e+01 -2.300758820175728345e-02 9.988114247588438799e-01 -4.296962527904220341e-02 -4.310962638277024084e+00 6.417208822589532957e-01 4.771237510981872487e-02 7.654527067761454084e-01 6.282240497342273500e+01
7.606614645382895334e-01 -1.135230804761419229e-02 -6.490495000339795428e-01 -3.208996858238482730e+01 -2.260505383218865474e-02 9.987774495049011048e-01 -4.396155070663024939e-02 -4.371594473455957086e+00 6.487550804976527363e-01 4.811165630698061024e-02 7.594748988552409985e-01 6.363601856141133339e+01
7.556342480276814211e-01 -1.330985524833307870e-02 -6.548585517927009159e-01 -3.279524614952715922e+01 -2.198346155721598791e-02 9.987148855018916915e-01 -4.566513912494336164e-02 -4.442932751882125331e+00 6.546247912515544831e-01 4.890220074132250322e-02 7.543705757185890093e-01 6.448210809761395979e+01
7.485306958512785158e-01 -1.358903448140232929e-02 -6.629608791011845081e-01 -3.354284291026721831e+01 -2.203538045694872910e-02 9.987280575738434196e-01 -4.535095434051551744e-02 -4.508267255048850508e+00 6.627339181415285996e-01 4.855517647816216115e-02 7.472791692780560435e-01 6.530067682993872324e+01
7.425393953749428455e-01 -1.460022662309082807e-02 -6.696432417731003062e-01 -3.428515265578098337e+01 -2.015296863997484075e-02 9.988227674805734146e-01 -4.412410962978959017e-02 -4.569965100520517964e+00 6.694991495191853215e-01 4.625918878043511900e-02 7.413710168732446926e-01 6.610162168976756902e+01
7.359818545580685267e-01 -1.449647585595903107e-02 -6.768460336983104231e-01 -3.502986966887658582e+01 -1.991818544016928441e-02 9.988742617016271863e-01 -4.305200613279516059e-02 -4.627957549134592341e+00 6.767081962360018688e-01 4.516703995666442040e-02 7.348645890442685458e-01 6.690703987724994306e+01
7.300101786202972676e-01 -1.636262921624724587e-02 -6.832403637887216608e-01 -3.582047321644522242e+01 -1.858688595250449285e-02 9.988682495185856602e-01 -4.378067843416499211e-02 -4.700196221087383996e+00 6.831834849713280811e-01 4.465965142197460269e-02 7.288798598762052938e-01 6.773667896719757664e+01
7.233774692338719170e-01 -1.800208159623753468e-02 -6.902180475269130699e-01 -3.656643252799424459e+01 -1.830961155781188690e-02 9.988083451553315673e-01 -4.523989170075506938e-02 -4.764599258331534415e+00 6.902099699746919725e-01 4.536314252737271707e-02 7.221858428066059155e-01 6.851183631630661353e+01
7.174909685957625571e-01 -1.680681732435492653e-02 -6.963650133331241721e-01 -3.736654798706018710e+01 -2.047836224717949904e-02 9.987678153030651318e-01 -4.520495357469375003e-02 -4.827877690025794699e+00 6.962667264266766409e-01 4.669456075140059753e-02 7.162627120788416235e-01 6.931177365498805898e+01
7.120525680530143120e-01 -1.706799812121882060e-02 -7.019186666232012373e-01 -3.817315629661521115e+01 -1.973225129434105080e-02 9.988231724392717670e-01 -4.430472310419074355e-02 -4.891030305197590522e+00 7.018488344291792247e-01 4.539772719135608953e-02 7.108778159144352182e-01 7.010265197225436395e+01
7.079896700516865593e-01 -1.668474946289804500e-02 -7.060256630743898532e-01 -3.897105792821905368e+01 -2.087982974710164003e-02 9.987893227996113010e-01 -4.454123264787595432e-02 -4.953205472930817699e+00 7.059140653856948999e-01 4.627642806275709952e-02 7.067841493537189157e-01 7.089756954137259015e+01
7.028269237814024351e-01 -1.715364476200876079e-02 -7.111540327087837454e-01 -3.980917513968824295e+01 -2.136107954763419997e-02 9.987494756851488242e-01 -4.520164968740415790e-02 -5.028240942341723141e+00 7.110401026056971663e-01 4.695995407998194288e-02 7.015816022426804022e-01 7.169068879357580215e+01
6.976647079988185229e-01 -1.946656602070533093e-02 -7.161598972696008314e-01 -4.064413560784951329e+01 -2.115383599815297624e-02 9.986351851755889131e-01 -4.775230031216216864e-02 -5.098644355106776160e+00 7.161120572832185838e-01 4.846462349718150264e-02 6.963007333133651722e-01 7.252425553205772246e+01
6.923248642313746259e-01 -2.161580691862994077e-02 -7.212621087857754576e-01 -4.148362415961026528e+01 -2.110203598416729789e-02 9.985172165752946860e-01 -5.018039768221630587e-02 -5.168790018719391810e+00 7.212773355127651831e-01 4.996123582540721447e-02 6.908421598650947848e-01 7.329809877415017638e+01
6.873211876768409168e-01 -2.242650841230733882e-02 -7.260073187542536166e-01 -4.234160064460546380e+01 -2.137771758842061526e-02 9.984656657547270608e-01 -5.108138145327434376e-02 -5.242310540477912006e+00 7.260389704147741652e-01 5.062969503830339751e-02 6.857871806866014941e-01 7.411608697169653226e+01
6.830757674895493459e-01 -2.198221969948764912e-02 -7.300166217137339375e-01 -4.317064772755943380e+01 -2.162722101303073130e-02 9.984997934927519747e-01 -5.030333725297338188e-02 -5.311116153346321589e+00 7.300272376291808696e-01 5.014922135658838459e-02 6.815755994690156916e-01 7.488389806698152995e+01
6.782736092749345191e-01 -2.209828195756912902e-02 -7.344770703540052237e-01 -4.404170075577697219e+01 -2.057078311632255449e-02 9.985849010208558418e-01 -4.904119050569565735e-02 -5.380587458045542171e+00 7.345214513271334233e-01 4.837211361993660336e-02 6.768592070386794113e-01 7.564748913120688201e+01
6.727155418815663479e-01 -2.245533884514606601e-02 -7.395603743574045152e-01 -4.489610345416704718e+01 -2.104131102692690866e-02 9.985545052702592406e-01 -4.945870263750012236e-02 -5.463243597223837789e+00 7.396019684182448817e-01 4.883295762029462445e-02 6.712706463705527815e-01 7.642168993601137572e+01
6.685610111606944406e-01 -2.390910353627227411e-02 -7.432728428252645125e-01 -4.575727494701649078e+01 -1.929321824851463335e-02 9.985889601900426182e-01 -4.947585617348110310e-02 -5.527436536368226960e+00 7.434069914473131480e-01 4.741775340584013232e-02 6.671563624395818737e-01 7.718224437016090178e+01
6.641764878320365328e-01 -2.505191126298958806e-02 -7.471559304537056523e-01 -4.667013377277318398e+01 -1.820266175667522787e-02 9.986001039734800910e-01 -4.966382460595891030e-02 -5.608910551592400928e+00 7.473541764568626400e-01 4.658577107023392089e-02 6.627906993779723033e-01 7.796706442802472736e+01
6.600744877396783616e-01 -2.585002799798076165e-02 -7.507552439074933748e-01 -4.759129307103829376e+01 -1.722774140675963767e-02 9.986239698942027676e-01 -4.953152230720748311e-02 -5.677889591780782119e+00 7.510025862867791835e-01 4.562831119411828867e-02 6.587208688192146555e-01 7.877171149547646678e+01
6.565998428793639041e-01 -2.807160416569244588e-02 -7.537165388010517164e-01 -4.846118906976663965e+01 -1.541119935228667769e-02 9.985991989855677042e-01 -5.061753390375695050e-02 -5.754055135433151946e+00 7.540816602972834071e-01 4.485114041307208116e-02 6.552474611140967076e-01 7.952777037311327035e+01
6.514959119003824739e-01 -3.202240393768832766e-02 -7.579760100471171214e-01 -4.936705209983171727e+01 -1.266071157246024745e-02 9.985107188074132667e-01 -5.306647548207249487e-02 -5.837433627495786759e+00 7.585464998353593780e-01 4.416910724083349810e-02 6.501202259262200966e-01 8.030915047926193040e+01
6.471399819377403606e-01 -3.698015415775453979e-02 -7.614737692602502328e-01 -5.027717456035998822e+01 -7.374416905242885817e-03 9.984724830470917967e-01 -5.475690432872238472e-02 -5.905979834597093081e+00 7.623355370919174812e-01 4.105080685019650566e-02 6.458787586303031958e-01 8.106406894386573470e+01
6.405560725423579127e-01 -4.005831155083178913e-02 -7.668658544754489714e-01 -5.119705229815906478e+01 -3.382005744976909582e-03 9.984816157021886296e-01 -5.498204372573829019e-02 -5.999990011172592119e+00 7.679039585008229363e-01 3.781262641770795352e-02 6.394479858880125489e-01 8.186832905865080079e+01
6.320207092418373973e-01 -4.445301114773483192e-02 -7.736754758082496908e-01 -5.214475516531002341e+01 2.192395104324592996e-03 9.984519973040845153e-01 -5.557699580128905997e-02 -6.076276723690641646e+00 7.749484022866923727e-01 3.342960963845340028e-02 6.311397991220651926e-01 8.261047467449452597e+01
6.235080200021313468e-01 -4.525019989812933963e-02 -7.805063466743030753e-01 -5.307761671662638037e+01 4.733849627144960139e-03 9.985238559603930586e-01 -5.410822230707931085e-02 -6.163862356942971132e+00 7.818026282673621319e-01 3.004211050239301642e-02 6.228018410847896424e-01 8.334826155524997660e+01
6.144394078401705928e-01 -4.404925908638915311e-02 -7.877333720682182516e-01 -5.404090132412424197e+01 4.835385983760752751e-03 9.986316874509479913e-01 -5.207083481358450172e-02 -6.236419680721820846e+00 7.889492019380340837e-01 2.818537760285920457e-02 6.138116589563897829e-01 8.410917208429697212e+01
6.053744727434983153e-01 -4.377030022596677117e-02 -7.947363694854945315e-01 -5.502693579699066362e+01 4.081980419988941872e-03 9.986444006064466583e-01 -5.189121844486679902e-02 -6.317028580092711287e+00 7.959303333107872191e-01 2.816952030143807240e-02 6.047324980923312054e-01 8.483459309763227907e+01
5.963690713031832846e-01 -4.531623021244075844e-02 -8.014301955289776513e-01 -5.600726354403474971e+01 4.045013519128399203e-03 9.985621800238239087e-01 -5.345288082999020279e-02 -6.398901246012019151e+00 8.027001801096855793e-01 2.863584851821045565e-02 5.956949058208327319e-01 8.554889880896926968e+01
5.861499897812076920e-01 -4.771416292131011594e-02 -8.087963502446263719e-01 -5.701404790599917050e+01 4.894531512047247193e-03 9.984547001705930125e-01 -5.535571553839019332e-02 -6.488411882950537724e+00 8.101877830144079695e-01 2.848807246322101680e-02 5.854777519039232603e-01 8.623429584378355628e+01
5.771740274650671854e-01 -4.871296999319951054e-02 -8.151669623041457591e-01 -5.800844837807872523e+01 4.289424125508663373e-03 9.983863177425784663e-01 -5.662474158349515424e-02 -6.562826784406038172e+00 8.166099152903381064e-01 2.918573291076663120e-02 5.764516037029339124e-01 8.695364788357863972e+01
5.671967620139692912e-01 -4.979153619478685067e-02 -8.220758017064966339e-01 -5.900640357893016841e+01 6.678390284996624585e-03 9.984160338590362116e-01 -5.586432141310646027e-02 -6.651480881549054480e+00 8.235552460887802795e-01 2.619591872914027453e-02 5.666308700061130077e-01 8.767118720747758687e+01
5.574154931341842589e-01 -4.894593922460219876e-02 -8.287896298383863325e-01 -6.000919393633186161e+01 6.907908843351849223e-03 9.984995478204305996e-01 -5.432249781809634498e-02 -6.736946010309396549e+00 8.302049506612073637e-01 2.455499823468530046e-02 5.569172330855589603e-01 8.833303316711268849e+01
5.460586454160820669e-01 -4.985946993952949935e-02 -8.362619065190881606e-01 -6.110100803511103607e+01 7.868102179300616103e-03 9.984885483637360171e-01 -5.439404125614718394e-02 -6.823288650420561652e+00 8.377100096410400321e-01 2.312254187797767660e-02 5.456256047542791254e-01 8.903055754224101292e+01
5.362704473609987144e-01 -5.092583310590043794e-02 -8.425084889217351325e-01 -6.214301269304719710e+01 7.215765162031656174e-03 9.984182981530954626e-01 -5.575692437600120871e-02 -6.907347961741852949e+00 8.440153741064785331e-01 2.382144689796823755e-02 5.357896974321540995e-01 8.964888763781048908e+01
5.255226873725612480e-01 -5.174561678802018505e-02 -8.492045001682150263e-01 -6.320432800281714947e+01 6.424577768117753322e-03 9.983615703003260178e-01 -5.685859405713675901e-02 -6.987202958274550291e+00 8.507553360216887350e-01 2.442470032023365267e-02 5.249941003179997567e-01 9.031993847930895924e+01
5.168422753501886735e-01 -5.236589936503049936e-02 -8.544775373001758378e-01 -6.425714187216395601e+01 4.278218047326801630e-03 9.982729316370786421e-01 -5.859053493272640967e-02 -7.080458668265188216e+00 8.560699570328290653e-01 2.662642370764229521e-02 5.161736873356276289e-01 9.096451460088226781e+01
