1 0 0 0 0 1 0 0 0 0 1 0
0.99986786 0.00067499701 0.016241968 0.00041357906 -0.00065945892 0.99999932 -0.00096200212 -0.0024207971 -0.016242608 0.00095116412 0.99986763 0.11923092
0.99934993 0.0034055711 0.035890492 0.070598586 -0.0033863758 0.99999409 -0.0005956108 -0.0061426505 -0.035892311 0.00047368495 0.99935555 0.28100825
0.99799575 0.0053407074 0.063055238 0.082009109 -0.0053943826 0.99998522 0.00068102297 -0.0048727665 -0.063050674 -0.0010198021 0.99800981 0.43490903
0.99524974 0.0051911071 0.097216264 0.13435673 -0.0055311492 0.99997949 0.0032286146 -8.4956441e-05 -0.097197518 -0.0037509955 0.99525804 0.59771251
0.99096607 0.0013398366 0.13410609 0.19904411 -0.0019761784 0.99998741 0.0046120641 0.0026329967 -0.13409824 -0.0048354166 0.99095625 0.7987706
0.98465007 -0.0014519752 0.17453403 0.27750093 0.00051406833 0.99998519 0.005418865 -0.0091102577 -0.17453932 -0.0052459633 0.98463623 0.99450876
0.97614772 -0.0019503654 0.21709863 0.36893658 0.00055032742 0.99997866 0.0065091289 -0.0076261244 -0.21710672 -0.0062343959 0.97612797 1.1987344
0.96427479 -0.001475952 0.26489987 0.44922617 -0.0011897716 0.99995026 0.0099024029 -0.0026821091 -0.26490133 -0.0098638078 0.96422507 1.3972618
0.94981172 -0.0055864007 0.31277225 0.55370167 0.00041924338 0.99986237 0.016585325 0.0063913925 -0.31282188 -0.015621809 0.94968334 1.6489985
0.93285365 -0.015232254 0.35993337 0.70521917 0.0066992016 0.99966643 0.024942946 -0.0025336015 -0.36019328 -0.020856852 0.93264452 1.8824804
0.9119743 -0.021137535 0.40970241 0.87150677 0.009784756 0.99950838 0.029786738 -0.0097073652 -0.41013064 -0.023155902 0.91173279 2.071144
0.88606691 -0.022813041 0.46299566 1.0739441 0.008282005 0.99940796 0.03339367 0.0018842667 -0.4634834 -0.025754494 0.88573126 2.3288461
0.85810095 -0.024942819 0.51287483 1.212774 0.0063755506 0.99926005 0.0379303 0.013175806 -0.51344146 -0.029278168 0.85762502 2.5453255
0.82622031 -0.029997607 0.56254787 1.4793437 0.0078472328 0.99909723 0.041751083 0.023315174 -0.5632925 -0.030081149 0.82570982 2.7661699
0.79055633 -0.036072599 0.61132595 1.6869185 0.0099157497 0.99888676 0.046118577 0.027377443 -0.61230907 -0.030397578 0.79003394 2.9486708
0.75264234 -0.040183247 0.65720223 1.9448978 0.010463791 0.99873992 0.049082487 0.034737923 -0.65834645 -0.030064731 0.75211442 3.204807
0.71163594 -0.04375311 0.70118465 2.2161347 0.012053359 0.99867232 0.050082979 0.039848046 -0.70244505 -0.027189217 0.71121849 3.3995095
0.67059464 -0.045545377 0.74042447 2.5243426 0.011497075 0.99863168 0.051015574 0.057880911 -0.74173492 -0.025698055 0.67020069 3.6268997
0.62841355 -0.045942789 0.77652149 2.8745021 0.0069324973 0.99854547 0.053468563 0.085364689 -0.77784857 -0.028217136 0.627818 3.8200522
0.58568216 -0.046571358 0.80920174 3.1994991 0.0040812511 0.99850476 0.054512249 0.099553002 -0.81053057 -0.028624296 0.58499649 4.0191533
0.54711424 -0.047748681 0.83569493 3.5717474 0.0018645741 0.99843874 0.055826589 0.11809577 -0.83705591 -0.028985306 0.54634908 4.2781636
0.50767326 -0.050309501 0.86007951 4.0142091 0.0013870692 0.99834004 0.057578178 0.13782136 -0.86154861 -0.028037911 0.50690032 4.4675901
0.46938074 -0.050156936 0.88157015 4.4414905 -0.0017672549 0.99833004 0.057740941 0.15899813 -0.88299415 -0.028660445 0.46850825 4.6462733
0.4323942 -0.04917303 0.90034282 4.8875576 -0.0031917158 0.99842216 0.056062558 0.17824727 -0.90167907 -0.027114763 0.431555 4.8119874
0.39909685 -0.048046242 0.91564905 5.387837 -0.0015321377 0.99858982 0.053066138 0.20036032 -0.91690753 -0.022581429 0.39846044 5.0132307
0.37122617 -0.04641802 0.92738149 5.9066858 0.00028207408 0.9987553 0.049877564 0.22160755 -0.92854247 -0.018254266 0.37077719 5.1943149
0.34432127 -0.044690417 0.93778758 6.4474853 0.00095127336 0.99888252 0.047252633 0.24554114 -0.93885144 -0.015377994 0.34397901 5.3473755
0.32406738 -0.044050489 0.94500784 7.0045523 0.0023263179 0.99894943 0.045767162 0.26879581 -0.94603118 -0.012633255 0.32382939 5.5566893
0.30930638 -0.044954501 0.94989925 7.6177547 0.0035414219 0.99892955 0.046121728 0.29508083 -0.95095589 -0.01090175 0.30913448 5.7386881
0.29810973 -0.046357606 0.95340521 8.1957144 0.0048962155 0.99888111 0.047037846 0.31448445 -0.95451909 -0.0093543614 0.29800315 5.9364929
0.28724598 -0.047964479 0.95665515 8.8607376 0.0033831123 0.99879004 0.04906121 0.33870504 -0.95785092 -0.010856163 0.2870607 6.1156374
0.27675025 -0.049610985 0.95966034 9.5311873 0.0017418314 0.99869067 0.051126397 0.37098985 -0.96094034 -0.012477676 0.27647431 6.3181848
0.26727373 -0.051526559 0.96224201 10.196192 0.0012304134 0.99858679 0.053131004 0.39947481 -0.9636199 -0.013016566 0.26695942 6.5319759
0.25628779 -0.053212793 0.96513465 10.942018 -0.00013019186 0.99848161 0.055085952 0.42277642 -0.96660055 -0.014243509 0.25589172 6.6975311
0.24781225 -0.054811017 0.96725631 11.650692 0.00085670505 0.99841032 0.056356916 0.46291101 -0.96880774 -0.01313728 0.24746526 6.8825647
0.23606174 -0.056357725 0.97010236 12.419929 -0.0009594657 0.99830276 0.05822949 0.4821362 -0.97173763 -0.014676534 0.23560701 7.0566886
0.22667909 -0.059318652 0.97216141 13.17067 -0.0015794689 0.99811993 0.061270855 0.5196461 -0.97396826 -0.01542432 0.22615922 7.2145321
0.21554011 -0.062795365 0.97447377 13.984884 -0.0034846117 0.99787435 0.065074053 0.56199247 -0.97648881 -0.017421731 0.21486313 7.424406
0.20131265 -0.066357805 0.97727672 14.767066 -0.0036592924 0.99764478 0.068494601 0.6005413 -0.97952024 -0.01736497 0.20059569 7.5619734
0.18866146 -0.068699586 0.97963623 15.535046 -0.0045018429 0.99747911 0.070817843 0.63741732 -0.98203191 -0.017770765 0.18787658 7.7189163
0.17519786 -0.069329883 0.9820891 16.317477 -0.0058320259 0.99742692 0.071453037 0.67396175 -0.98451601 -0.018245988 0.17434273 7.8548364
0.16029374 -0.068731014 0.98467349 17.129369 -0.0067476946 0.99747318 0.070722891 0.71481239 -0.98704634 -0.017980712 0.15942492 7.9920461
0.14367114 -0.067700599 0.98730702 17.933784 -0.0071498104 0.99756022 0.069444098 0.75331104 -0.9895997 -0.01703617 0.14283657 8.1192565
0.12365614 -0.066474748 0.99009605 18.738368 -0.0099745443 0.99762005 0.068225658 0.79269186 -0.99227504 -0.018312278 0.12269879 8.2168666
0.097976735 -0.064914659 0.99306926 19.561243 -0.014181508 0.99767796 0.066615073 0.82736389 -0.9950877 -0.020609946 0.09682864 8.2840065
0.068554648 -0.064101556 0.99558584 20.410456 -0.018283748 0.99768533 0.065495726 0.87289563 -0.99747985 -0.022693077 0.067223948 8.3495046
0.035113886 -0.064155851 0.99732189 21.262865 -0.02192541 0.9976477 0.064948762 0.90693783 -0.99914282 -0.024147295 0.033624643 8.3513539
0.0013642571 -0.06356433 0.99797677 22.088343 -0.02282987 0.99771565 0.063578907 0.94864652 -0.99973848 -0.022870417 -9.0026212e-05 8.3479299
-0.032307186 -0.062392241 0.99752863 22.961514 -0.024142334 0.99780718 0.06162776 0.97371334 -0.99918641 -0.022091649 -0.033742638 8.3250926
-0.065073659 -0.060644698 0.99603592 23.76265 -0.026409072 0.99790663 0.059033224 1.0021468 -0.99753098 -0.022462876 -0.066539007 8.3061415
-0.099337272 -0.057294092 0.99340294 24.61536 -0.030233699 0.99805381 0.054539051 1.0438432 -0.99459445 -0.024616485 -0.10087616 8.1835706
-0.12878605 -0.052883901 0.99026126 25.403105 -0.025929658 0.99841521 0.049947136 1.0665016 -0.99133339 -0.019244641 -0.12995322 8.1067158
-0.16281233 -0.047381159 0.98551869 26.235842 -0.021694939 0.99877671 0.044434464 1.085991 -0.98641855 -0.014146289 -0.1636411 7.9455655
-0.19285159 -0.041084573 0.9803674 27.083264 -0.016691824 0.99911583 0.038586761 1.0968385 -0.98108599 -0.0089226005 -0.19336686 7.7507768
-0.22331119 -0.035436479 0.97410281 27.892005 -0.009009657 0.9993713 0.034290265 1.1100666 -0.97470561 -0.0011189315 -0.22349006 7.5550675
-0.25065411 -0.028469345 0.96765796 28.72093 -0.0013487792 0.99957679 0.029059049 1.1269577 -0.96807581 0.0059786141 -0.25058643 7.3391173
-0.27728296 -0.018407681 0.96061191 29.503051 0.0053401274 0.99977148 0.020699515 1.1266117 -0.9607735 0.010869414 -0.2771213 7.0722975
-0.30360973 -0.0037652994 0.952789 30.297693 0.0094899796 0.99993064 0.0069756147 1.113545 -0.95274926 0.011159814 -0.30355293 6.7623922
-0.3294588 0.013056509 0.94407963 31.065401 0.0093701002 0.99990035 -0.010558585 1.0923891 -0.9441235 0.0053675028 -0.32954831 6.5429254
-0.35379255 0.028057942 0.93490294 31.814718 0.0085629891 0.99960523 -0.026759294 1.0656059 -0.93528476 -0.0014616744 -0.35389315 6.208262
-0.37825391 0.038413157 0.9249045 32.558256 0.013302596 0.99926105 -0.036061032 1.0307004 -0.92560634 -0.001336595 -0.37848539 5.9206085
-0.40196985 0.043532086 0.91461748 33.319348 0.016752562 0.99905168 -0.040188143 0.98965168 -0.91549968 -0.00083223551 -0.40231793 5.5636884
-0.42545586 0.042578301 0.90397695 34.056177 0.018834069 0.99909283 -0.038194126 0.93317175 -0.90478321 0.00077565011 -0.42587183 5.2406089
-0.44498562 0.0390176 0.8946873 34.782317 0.022596086 0.99922154 -0.032337882 0.89303019 -0.89525264 0.0058265395 -0.44552086 4.8511186
-0.46342264 0.037939072 0.88532481 35.540333 0.029681637 0.99918703 -0.027281609 0.856044 -0.88564018 0.013634975 -0.46417198 4.4276475
-0.47700354 0.038796992 0.87804462 36.238488 0.033654968 0.99909883 -0.02586257 0.81382073 -0.87825681 0.017214027 -0.47787939 4.0384473
-0.48885381 0.042180215 0.87134535 36.913397 0.036729514 0.99893987 -0.027750346 0.76622869 -0.8715922 0.01843823 -0.48988482 3.6465165
-0.49826668 0.044958173 0.86585739 37.605047 0.038243346 0.99882238 -0.029854621 0.72509947 -0.86618002 0.018237722 -0.49939926 3.2314219
-0.50944796 0.044058114 0.85937279 38.287984 0.031664664 0.99897185 -0.032443796 0.6704928 -0.85991871 0.010683326 -0.51031925 2.8591121
-0.52017073 0.043007554 0.85297872 39.011019 0.030726405 0.99902713 -0.03163354 0.64765016 -0.85350944 0.0097541287 -0.52098614 2.447333
-0.52841813 0.044447237 0.84781995 39.65538 0.032993747 0.99894933 -0.031806332 0.60096076 -0.84834295 0.011165715 -0.52932942 2.0020477
-0.53594423 0.047702945 0.84290459 40.336642 0.036765295 0.99877402 -0.033147659 0.56103545 -0.84345252 0.01322434 -0.53704099 1.5779111
-0.5394551 0.050756454 0.84048315 41.094299 0.036527166 0.99865251 -0.03686367 0.51230035 -0.84122174 0.010814174 -0.54058218 1.1117974
-0.53939717 0.051967712 0.8404463 41.753457 0.036504139 0.99859859 -0.038318514 0.48268292 -0.84125989 0.010010871 -0.54053829 0.67474832
-0.53628161 0.052883428 0.84238074 42.486485 0.038588448 0.99852783 -0.038119698 0.43123346 -0.84315658 0.012063274 -0.5375328 0.22156891
-0.53121477 0.051618203 0.84566327 43.224307 0.037159333 0.99860131 -0.037611209 0.39144007 -0.84642195 0.011444654 -0.53238987 -0.20695753
-0.52332029 0.050225235 0.85065459 43.961655 0.034653308 0.99869006 -0.037647082 0.34055676 -0.8514312 0.009776515 -0.52437525 -0.70591033
-0.51550533 0.049668659 0.85544563 44.755744 0.032906985 0.99872975 -0.038157704 0.2905852 -0.85625431 0.0084796376 -0.51648495 -1.193401
-0.50887483 0.048656243 0.85946432 45.574532 0.030246441 0.99879549 -0.038635674 0.25444076 -0.86030903 0.006335016 -0.50973356 -1.6535312
-0.50523536 0.046838611 0.86170953 46.395035 0.026028839 0.9988988 -0.039034431 0.19761471 -0.86258901 0.0027077246 -0.50589815 -2.0687152
-0.50461607 0.043038711 0.86227039 47.214519 0.020761312 0.99907277 -0.037717068 0.14428679 -0.86309423 -0.0011307733 -0.50504171 -2.5688724
-0.50476956 0.040965958 0.86228152 48.061162 0.018646178 0.99915773 -0.036553525 0.09856387 -0.86305277 -0.0023728516 -0.50510826 -3.0144813
-0.50600191 0.039280379 0.86163743 48.905996 0.016963965 0.99922247 -0.035590419 0.055994194 -0.86236556 -0.0033920321 -0.50627483 -3.525626
-0.50634873 0.03936621 0.86142974 49.759235 0.017094167 0.99921937 -0.035615057 0.0038152183 -0.86215939 -0.0033082142 -0.50662639 -4.0219311
-0.5065161 0.038338452 0.8613777 50.628828 0.016463689 0.99925888 -0.03479416 -0.047894893 -0.86207334 -0.0034423471 -0.5067719 -4.5433143
-0.50621811 0.037930824 0.8615709 51.511998 0.017063502 0.99927726 -0.033967669 -0.09060251 -0.8622367 -0.0024936315 -0.50649948 -5.045869
-0.50625984 0.037407909 0.86156924 52.424735 0.016557432 0.99929623 -0.033658604 -0.15259071 -0.86222206 -0.0027746244 -0.50652293 -5.5905098
-0.50619191 0.036170085 0.861662 53.322437 0.015172645 0.99933899 -0.033036044 -0.2016606 -0.86228742 -0.0036488859 -0.50640611 -6.0720184
-0.50690333 0.035217186 0.86128317 54.219166 0.014296046 0.99937112 -0.032449634 -0.26023473 -0.86188439 -0.0041358826 -0.50708802 -6.5912862
-0.50583922 0.034663078 0.86193102 55.119689 0.013080525 0.99938567 -0.032514364 -0.31413483 -0.86252863 -0.0051725298 -0.50598188 -7.1183823
-0.50423058 0.033664747 0.86291259 56.021234 0.012818089 0.99942155 -0.031500293 -0.36653568 -0.86347396 -0.0048225204 -0.50437043 -7.631662
-0.50288809 0.031227158 0.86378723 56.900474 0.013280871 0.99950836 -0.028401685 -0.42534893 -0.86424953 -0.0028110216 -0.50305557 -8.1324469
-0.49929613 0.029978343 0.86591259 57.779228 0.013524817 0.99954915 -0.026806328 -0.47765838 -0.86632587 -0.001672986 -0.49947648 -8.6592825
-0.49704384 0.029573718 0.86722128 58.681865 0.013833914 0.9995621 -0.026157919 -0.52518162 -0.86761518 -0.0010045678 -0.49723531 -9.1594287
-0.49520074 0.029888364 0.86826427 59.568798 0.014519836 0.99955319 -0.026126579 -0.56751693 -0.86865728 -0.00033084582 -0.49541346 -9.6636107
-0.4946625 0.030199119 0.86856028 60.44947 0.014121335 0.99954345 -0.02671091 -0.62239496 -0.86897046 -0.00094765326 -0.49486311 -10.166937
-0.49485648 0.031819152 0.86839193 61.359356 0.013622523 0.99949064 -0.028859952 -0.67621827 -0.86886797 -0.0024518444 -0.49503788 -10.648258
-0.49814647 0.033318152 0.8664525 62.216192 0.012307042 0.99943251 -0.031356056 -0.72787197 -0.86700559 -0.0049564401 -0.49827382 -11.146552
-0.5012802 0.033839335 0.86462304 63.079338 0.011260646 0.9994055 -0.032585851 -0.77682413 -0.86521178 -0.0065984275 -0.50136324 -11.652401
-0.50924512 0.032129557 0.86002153 63.971615 0.010780677 0.99946263 -0.030955368 -0.8340272 -0.86055403 -0.0064922551 -0.50931785 -12.107385
-0.51416368 0.030512734 0.85714912 64.826078 0.014276644 0.99953301 -0.027017413 -0.89375976 -0.85757329 -0.001654159 -0.51435919 -12.651049
-0.51897601 0.028503777 0.85431339 65.676167 0.011470585 0.99958611 -0.026382613 -0.93335189 -0.85471187 -0.0038924683 -0.51908817 -13.148162
-0.52422805 0.03077936 0.85102146 66.535908 0.012639203 0.99951774 -0.028364374 -0.98942998 -0.85148415 -0.0041131672 -0.52436426 -13.666829
-0.52915659 0.033427668 0.84786546 67.35955 0.013409386 0.99942837 -0.031034279 -1.0375203 -0.84841826 -0.0050526377 -0.52930235 -14.192018
-0.53389923 0.033613249 0.8448797 68.187658 0.012045214 0.99941049 -0.032149549 -1.0861314 -0.84546235 -0.006987862 -0.53398937 -14.705823
-0.53660556 0.033502419 0.84316784 69.009229 0.010138257 0.99939538 -0.033257811 -1.1524029 -0.84377233 -0.0092980733 -0.53662078 -15.251815
-0.54049109 0.032642274 0.84071625 69.839501 0.010625628 0.99943223 -0.03197355 -1.2007418 -0.84128268 -0.0083482804 -0.54053106 -15.758391
-0.5428037 0.026141802 0.83945261 70.659742 0.01194491 0.99965466 -0.023406958 -1.2574539 -0.83977468 -0.0026781965 -0.54292851 -16.293598
-0.54452928 0.018413007 0.83853966 71.481367 0.01309276 0.99982379 -0.013452399 -1.2868552 -0.83863967 0.003653574 -0.54467441 -16.836479
-0.54577072 0.016014208 0.83778148 72.295217 0.013749123 0.9998539 -0.010155391 -1.3180593 -0.83782178 0.0059762465 -0.54591117 -17.354726
-0.54794392 0.020580056 0.83626184 73.085187 0.013037669 0.999786 -0.016061643 -1.3565305 -0.8364135 0.0021020259 -0.54809497 -17.867519
-0.54985674 0.026004699 0.83485403 73.877341 0.014055108 0.99966178 -0.021881199 -1.3973212 -0.83514075 -0.00029756061 -0.55003627 -18.372715
-0.54924803 0.031277665 0.8350738 74.67404 0.020399093 0.99950335 -0.024019396 -1.4331741 -0.8354104 0.0038421428 -0.54961329 -18.908403
-0.54873353 0.031612806 0.83539935 75.47335 0.022845568 0.99947863 -0.022815667 -1.4807337 -0.83568514 0.0065654526 -0.54916965 -19.457904
-0.54820498 0.028983035 0.83584163 76.272895 0.022588102 0.99954788 -0.019844693 -1.5244168 -0.83603896 0.008001117 -0.5486118 -19.981269
-0.54793369 0.024074776 0.83617523 77.072349 0.02073901 0.99966949 -0.01519205 -1.5518358 -0.83626469 0.0090172109 -0.54825188 -20.488775
-0.54667886 0.018977183 0.83712725 77.881722 0.020203863 0.99975103 -0.0094698061 -1.5788822 -0.83709862 0.011736262 -0.54692616 -21.009778
-0.54603191 0.011571974 0.83768441 78.666607 0.0099679648 0.99992356 -0.0073157158 -1.6337446 -0.83770511 0.0043553953 -0.54610552 -21.520996
-0.54548757 0.0061866298 0.83809604 79.475029 0.0015893791 0.99997859 -0.0063471361 -1.6486226 -0.83811744 -0.0021302308 -0.54548573 -22.016025
-0.54278724 0.0067581465 0.83984301 80.276956 0.0046255273 0.99997651 -0.0050572659 -1.6721779 -0.83985753 0.0011396981 -0.54280576 -22.522481
-0.54010968 0.01063209 0.84152744 81.052973 0.010850189 0.99992506 -0.0056694523 -1.702678 -0.84152473 0.006068607 -0.54018456 -23.018901
-0.53507476 0.013893432 0.84469043 81.826862 0.011346934 0.99989276 -0.0092584011 -1.7306459 -0.84472854 0.0046307109 -0.53517502 -23.505889
-0.52671723 0.014983074 0.84990847 82.614515 0.01577069 0.9998448 -0.0078526733 -1.7493467 -0.84989429 0.0092675053 -0.52687178 -23.997009
-0.51873281 0.018409541 0.85473815 83.419723 0.024576435 0.99967606 -0.0066160312 -1.7847777 -0.85458313 0.017574465 -0.51901721 -24.498425
-0.50908919 0.01804172 0.86052463 84.224299 0.022718767 0.99971362 -0.0075194527 -1.8047388 -0.86041392 0.015721987 -0.50935328 -24.961222
-0.49785181 0.015028417 0.86713186 85.031128 0.018181533 0.99981097 -0.0068892246 -1.837822 -0.86707155 0.012335975 -0.49803094 -25.406338
-0.48635711 0.012219463 0.87367464 85.857321 0.019854315 0.99979859 -0.0029309701 -1.8586891 -0.87353456 0.015920714 -0.48650176 -25.853623
-0.47542347 0.011276189 0.87968478 86.677632 0.019755942 0.99980254 -0.002138861 -1.8875709 -0.87953527 0.016362138 -0.47555236 -26.294659
-0.46381913 0.010013085 0.88587329 87.507458 0.018747206 0.99982315 -0.0014855405 -1.9032204 -0.88573158 0.015918628 -0.46392482 -26.719715
-0.45153524 0.012190576 0.89216997 88.316772 0.023006928 0.99973327 -0.0020163037 -1.921875 -0.89195666 0.019615659 -0.45169527 -27.127744
-0.4390471 0.014521347 0.89834665 89.142189 0.021569957 0.99975155 -0.0056186679 -1.9587384 -0.89820512 0.01691044 -0.43925125 -27.521397
-0.42886381 0.024632769 0.90303322 89.968128 0.02439809 0.99957936 -0.015679322 -1.9855202 -0.90303966 0.015307993 -0.4292844 -27.911658
-0.41557268 0.030162491 0.90905968 90.812449 0.025093253 0.99944978 -0.021690351 -2.0098328 -0.90921381 0.013797348 -0.4161009 -28.294701
-0.40389161 0.02550131 0.9144513 91.656978 0.021144539 0.99960457 -0.018536934 -2.0430541 -0.91456249 0.01184874 -0.40427112 -28.64411
-0.39149483 0.02228415 0.9199104 92.492413 0.022833752 0.99963415 -0.014497825 -2.0836829 -0.919897 0.015329184 -0.39186044 -28.99907
-0.38159048 0.022997943 0.92404531 93.322355 0.019591467 0.99966709 -0.016789619 -2.1183681 -0.92412388 0.011696645 -0.38191401 -29.332013
-0.37511624 0.02750939 0.92656946 94.202254 0.015531559 0.99960576 -0.02338994 -2.1545177 -0.92684769 0.0056171234 -0.37539562 -29.656885
-0.36951439 0.03219489 0.92866707 95.043419 0.0073829804 0.99946979 -0.031711796 -2.1930455 -0.92919572 -0.0048616332 -0.36955616 -29.987318
-0.36599691 0.034593342 0.92997284 95.878236 0.0057823285 0.99937411 -0.034899271 -2.2356487 -0.93059814 -0.0073956162 -0.36596787 -30.315377
-0.36254513 0.034519084 0.93132668 96.723963 0.0045486129 0.99936746 -0.035270298 -2.2836918 -0.93195516 -0.0085508296 -0.36247282 -30.632088
-0.35760736 0.033547645 0.93326923 97.585833 0.003363525 0.99939434 -0.034635776 -2.3332398 -0.93386602 -0.0092469332 -0.35750361 -30.946261
-0.35275213 0.030028324 0.93523482 98.41401 0.0018377756 0.99950525 -0.031398732 -2.3765795 -0.93571504 -0.009357217 -0.35263279 -31.247766
-0.34701359 0.025917385 0.93750188 99.274025 0.00073918116 0.99962534 -0.02736119 -2.4270341 -0.93785985 -0.0088017204 -0.34690274 -31.55736
-0.3413654 0.023678666 0.93963233 100.12069 0.00065307329 0.99968837 -0.024954813 -2.4691314 -0.93993048 -0.0079050603 -0.34127449 -31.857747
-0.33473909 0.022365201 0.94204536 100.98012 -0.0042343417 0.9996725 -0.02523793 -2.5128579 -0.94230138 -0.012437063 -0.33453476 -32.137879
-0.32922445 0.021779432 0.94400045 101.8258 -0.01609244 0.99945935 -0.028671258 -2.5527911 -0.9441146 -0.024630549 -0.32869597 -32.427378
-0.32239229 0.025547682 0.9462613 102.67978 -0.012553426 0.99943244 -0.031260191 -2.5968295 -0.94652295 -0.021956865 -0.32188861 -32.700786
-0.31546593 0.029321994 0.94848373 103.53873 -0.011119434 0.99933964 -0.034592509 -2.6430697 -0.94887179 -0.02145936 -0.31493157 -32.983327
-0.30861902 0.027365512 0.95079196 104.3909 -0.012641125 0.99937978 -0.032867157 -2.6916069 -0.95110177 -0.022162509 -0.30808168 -33.260022
-0.30201114 0.022039618 0.95304955 105.25654 -0.014134075 0.99951931 -0.027593182 -2.7328313 -0.95319965 -0.021803922 -0.30155446 -33.507775
-0.29522426 0.019216005 0.95523469 106.10391 -0.014317948 0.99959647 -0.024533504 -2.7710324 -0.95532074 -0.020919885 -0.29483 -33.764456
-0.288437 0.02236201 0.95723767 106.96254 -0.01677151 0.99945588 -0.028401895 -2.8103919 -0.95735202 -0.024246478 -0.28790501 -34.021616
-0.2815251 0.024794124 0.95923344 107.83422 -0.018467868 0.99934094 -0.031250943 -2.8715151 -0.95937617 -0.026512921 -0.28088166 -34.263734
-0.27454981 0.026509406 0.96120735 108.6921 -0.018358242 0.9992932 -0.032803452 -2.9066326 -0.96139766 -0.026652258 -0.2738691 -34.515312
-0.26750665 0.025276339 0.96322439 109.56277 -0.019525344 0.99930841 -0.03164581 -2.9588837 -0.9633582 -0.027272752 -0.26682812 -34.738509
-0.2600037 0.024624802 0.96529354 110.40183 -0.017303253 0.99939544 -0.03015541 -3.003879 -0.96545261 -0.024543236 -0.25942043 -34.958782
-0.25272964 0.025820615 0.9671923 111.26007 -0.013436067 0.99945379 -0.030192757 -3.053104 -0.96744368 -0.020625865 -0.25224467 -35.177304
-0.24594313 0.026840428 0.96891253 112.14584 -0.009874304 0.99949528 -0.030194053 -3.08964 -0.969234 -0.016993356 -0.24555397 -35.399335
-0.23942937 0.025804734 0.97057077 113.00568 -0.016340159 0.99939807 -0.030602111 -3.1295144 -0.97077632 -0.023186324 -0.2388636 -35.596507
-0.23328629 0.023701922 0.97211915 113.86316 -0.021835743 0.99932313 -0.029605276 -3.1790718 -0.97216294 -0.028133449 -0.23261084 -35.78433
-0.2285499 0.024323404 0.97322826 114.74832 -0.018722046 0.99939314 -0.029373955 -3.2181147 -0.9733522 -0.024934238 -0.22795582 -35.993096
-0.22415067 0.024162955 0.97425487 115.6114 -0.01732936 0.9994357 -0.028774509 -3.2620267 -0.97440046 -0.023333039 -0.22360546 -36.178552
-0.21896037 0.025739086 0.97539416 116.50199 -0.017110912 0.999397 -0.030213606 -3.3058228 -0.97558375 -0.023305465 -0.21838792 -36.38401
-0.21345303 0.025113182 0.97663046 117.34288 -0.010851814 0.99954694 -0.028074237 -3.3520707 -0.9768931 -0.016590743 -0.2130838 -36.571134
-0.20870367 0.023604208 0.97769399 118.20502 -0.0035657899 0.99968368 -0.02489627 -3.3864379 -0.97797247 -0.0086821936 -0.20855349 -36.752785
-0.20370864 0.023003496 0.97876123 119.10512 0.00030860031 0.99972539 -0.02343198 -3.428901 -0.97903155 -0.0044712499 -0.2036598 -36.938314
-0.19888106 0.023695423 0.97973709 119.97014 -0.0029932935 0.99968831 -0.024785573 -3.4685662 -0.9800191 -0.0078620211 -0.19874815 -37.103203
-0.19614158 0.026638153 0.98021365 120.83381 -0.0049814085 0.99959097 -0.028161531 -3.5092781 -0.98056297 -0.010406491 -0.19592866 -37.257508
-0.19385569 0.025674816 0.98069399 121.70854 -0.0077099138 0.99958673 -0.027693465 -3.558528 -0.9809998 -0.012929601 -0.19357763 -37.429066
-0.19311869 0.024042985 0.98088074 122.56833 -0.0077514259 0.99963114 -0.02602871 -3.591177 -0.98114483 -0.012629854 -0.19286109 -37.579898
-0.19250406 0.020490887 0.98108217 123.44075 -0.0062044122 0.99973656 -0.022097906 -3.6299708 -0.9812766 -0.010340974 -0.19232622 -37.749985
-0.19124532 0.014786943 0.98143084 124.30587 -0.0052053368 0.99985718 -0.016078897 -3.6692304 -0.98152851 -0.0081836913 -0.19114104 -37.921789
-0.19080274 0.012279556 0.98155155 125.19017 -0.0058891495 0.99988944 -0.013653753 -3.7050328 -0.98161077 -0.0083856768 -0.19070933 -38.074713
-0.18904571 0.017124827 0.98181891 126.04499 -0.007538567 0.99979315 -0.018889856 -3.7363839 -0.98193939 -0.010972553 -0.18887751 -38.237968
-0.18908185 0.020823882 0.98174046 126.884 -0.0071764796 0.99971911 -0.022587409 -3.7769949 -0.98193515 -0.011316309 -0.1888793 -38.398071
-0.18901237 0.019996119 0.98177105 127.7379 -0.0099271299 0.99970265 -0.022272527 -3.8038647 -0.98192457 -0.013955951 -0.18875766 -38.552787
-0.188842 0.019421933 0.98181536 128.60114 -0.012179535 0.99968118 -0.022117954 -3.8460443 -0.98193199 -0.016134853 -0.18854524 -38.704943
-0.18748268 0.019767001 0.98206895 129.43363 -0.0057750202 0.99975803 -0.021225529 -3.8811105 -0.98225097 -0.0096508866 -0.18732317 -38.865321
-0.18705606 0.02205549 0.98210158 130.27942 -0.0089076587 0.99966874 -0.0241466 -3.9229445 -0.9823089 -0.013264993 -0.18679763 -39.024267
-0.1876449 0.023472083 0.9819564 131.11323 -0.017490588 0.99947608 -0.027233188 -3.9492446 -0.98208124 -0.022285164 -0.18713605 -39.157666
-0.18681969 0.025336628 0.9820674 131.9352 -0.021019141 0.99933543 -0.029780622 -3.9927249 -0.98216937 -0.026205819 -0.18616298 -39.301338
-0.18698619 0.027791492 0.9819693 132.77475 -0.023564772 0.99918522 -0.032765926 -4.0411767 -0.98207991 -0.029266658 -0.18617894 -39.456421
-0.18605037 0.029137852 0.98210802 133.61187 -0.018931908 0.99926829 -0.03323343 -4.0894688 -0.98235784 -0.02477627 -0.18536261 -39.605699
-0.18441143 0.030543635 0.98237438 134.42507 -0.018267967 0.99923782 -0.03449721 -4.1287113 -0.98267939 -0.024307663 -0.18371291 -39.752223
-0.18254469 0.028719903 0.98277796 135.24688 -0.017216623 0.99932664 -0.032401384 -4.1784364 -0.98304685 -0.022834818 -0.18192732 -39.906248
-0.17951939 0.025881758 0.98341387 136.07006 -0.0088927781 0.99957032 -0.027930317 -4.2244102 -0.98371428 -0.013759314 -0.17921209 -40.060257
-0.17734895 0.021680442 0.98390916 136.86691 -0.0027336042 0.99974261 -0.022522061 -4.2526048 -0.98414428 -0.0066838813 -0.17724403 -40.212494
-0.17355207 0.02175866 0.98458426 137.69053 0.002593171 0.99976253 -0.021636992 -4.2900172 -0.98482132 -0.0012019486 -0.17356728 -40.350986
-0.16827979 0.025850637 0.98540021 138.50229 -0.0001109901 0.99965557 -0.02624356 -4.3424253 -0.98573931 -0.0045256296 -0.16821896 -40.474198
-0.16201375 0.02965323 0.98634281 139.29862 0.0047697708 0.99956025 -0.029267126 -4.3769442 -0.98677701 -3.7046891e-05 -0.16208395 -40.614737
-0.15422072 0.029158094 0.98760604 140.10783 -0.0064764911 0.99951314 -0.030520982 -4.4134157 -0.98801524 -0.011103189 -0.1539568 -40.728754
-0.14372188 0.026415762 0.98926546 140.95174 0.0055640144 0.99964945 -0.02588469 -4.4466326 -0.98960252 0.0017840918 -0.14381848 -40.843227
-0.13208143 0.025278317 0.99091645 141.72392 0.01818921 0.99956827 -0.023074544 -4.4793077 -0.99107201 0.01497627 -0.1324842 -40.943712
-0.11868922 0.0270417 0.99256311 142.5111 0.012580638 0.9995898 -0.025728762 -4.5256409 -0.99285179 0.0094333516 -0.11898074 -41.044011
-0.10408325 0.028494457 0.99416028 143.32097 0.012880448 0.99954429 -0.027300258 -4.5617863 -0.99448522 0.0099637314 -0.10440284 -41.122375
-0.090472671 0.028327866 0.99549593 144.0938 0.015206373 0.99951814 -0.027060335 -4.5964843 -0.99578288 0.012689663 -0.090859841 -41.190485
-0.076890195 0.029380349 0.99660655 144.90626 0.014742434 0.99948996 -0.028327944 -4.6426828 -0.99693061 0.012514266 -0.077284117 -41.242583
-0.063042575 0.03561709 0.99737504 145.63116 0.014572513 0.99928929 -0.034764341 -4.6819964 -0.99790448 0.012342628 -0.063516802 -41.273276
-0.050146982 0.044251012 0.99776102 146.40479 0.0037244748 0.99901931 -0.044119626 -4.7375258 -0.99873495 0.0015036706 -0.050262616 -41.304142
-0.036638021 0.053489982 0.99789598 147.19744 -6.3134764e-06 0.99856645 -0.053526151 -4.7777066 -0.99932864 -0.0019673916 -0.036585162 -41.307506
-0.023359095 0.054272561 0.99825285 147.95548 -0.0014641622 0.99852243 -0.054321476 -4.8258904 -0.99972611 -0.0027305038 -0.023245118 -41.307838
-0.011171915 0.050311955 0.99867102 148.74195 -0.0018390108 0.99873067 -0.05033553 -4.881349 -0.99993594 -0.0023989103 -0.011065211 -41.307538
0.0003557616 0.047737549 0.99885981 149.53743 0.001363829 0.99885896 -0.047737993 -4.9266792 -0.99999905 0.0013792582 0.00029024827 -41.30193
0.0084441624 0.053652034 0.99852395 150.27341 -0.007975245 0.99853144 -0.053584992 -5.0058094 -0.99993259 -0.0075109921 0.0088596483 -41.272086
0.016074465 0.06297272 0.99788575 150.98247 -0.0087952335 0.99798503 -0.062837305 -5.0434231 -0.99983216 -0.0077665614 0.016595934 -41.256101
0.019459762 0.065588842 0.99765692 151.76514 -0.016448558 0.99773187 -0.065272931 -5.0953907 -0.99967537 -0.015139822 0.020494465 -41.239446
0.018754062 0.061399856 0.997937 152.50089 -0.01837865 0.99796511 -0.061056197 -5.1603556 -0.99965524 -0.017195682 0.019844345 -41.200541
0.017672992 0.055280776 0.99831439 153.27853 -0.016435185 0.99835153 -0.054991882 -5.2284158 -0.99970877 -0.01543561 0.018552407 -41.192058
0.014881132 0.053808195 0.99844036 154.00756 -0.0089933584 0.99851778 -0.053678325 -5.2778254 -0.99984887 -0.008180537 0.01534299 -41.179084
0.011910893 0.05346835 0.99849846 154.78331 -0.013462214 0.99848741 -0.053307168 -5.332586 -0.99983848 -0.012807063 0.012612677 -41.160293
0.0083035148 0.054365729 0.99848652 155.50456 -0.010063474 0.99847496 -0.054281409 -5.3859157 -0.99991493 -0.0095975163 0.0088379582 -41.147067
0.0031718893 0.051692952 0.99865795 156.27458 -0.012953078 0.99858135 -0.051647844 -5.4451431 -0.99991112 -0.012771873 0.0038369709 -41.139991
-0.0018977194 0.05252812 0.9986176 156.99535 -0.014158321 0.99851793 -0.052549781 -5.4881069 -0.99989801 -0.014238472 -0.0011511984 -41.159413
-0.0076549718 0.050461728 0.99869662 157.75331 -0.016398411 0.99858529 -0.050581794 -5.5448018 -0.99983628 -0.016764239 -0.0068166517 -41.143704
-0.012952168 0.047854632 0.99877029 158.50204 -0.013355201 0.99875674 -0.048027173 -5.5967312 -0.99982697 -0.013960833 -0.012296958 -41.157679
-0.019194287 0.047624717 0.99868082 159.25214 -0.016082345 0.99872094 -0.047935726 -5.6505553 -0.99968646 -0.016981221 -0.018403821 -41.160878
-0.024214249 0.049115468 0.9984995 159.94279 -0.011334497 0.99871471 -0.049400921 -5.6826941 -0.99964258 -0.012513695 -0.02362643 -41.174773
-0.028535998 0.050927778 0.99829453 160.6705 -0.016913642 0.9985337 -0.05142345 -5.7420645 -0.9994497 -0.018352216 -0.027632783 -41.192047
-0.030862368 0.053591679 0.99808585 161.40133 -0.018523477 0.9983594 -0.054179141 -5.8039594 -0.99935203 -0.020160117 -0.029819033 -41.205191
-0.032852332 0.054988482 0.99794634 162.09841 -0.014914374 0.9983472 -0.055501548 -5.8482954 -0.99934897 -0.0167071 -0.031977917 -41.227166
-0.031422593 0.053241039 0.99808713 162.81319 -0.010444412 0.99850828 -0.053592322 -5.9006508 -0.99945166 -0.012108443 -0.030819649 -41.254464
-0.027873998 0.049324389 0.99839374 163.5547 -0.005696864 0.99875781 -0.049501423 -5.9467919 -0.99959525 -0.0070675152 -0.02755838 -41.27756
-0.020810576 0.048378711 0.9986122 164.2394 -0.0073706394 0.99879399 -0.048541116 -6.0077904 -0.99975631 -0.0083705784 -0.020428897 -41.280368
-0.0098438817 0.050359838 0.99868258 164.95338 -0.0020852002 0.99872781 -0.050382671 -6.0546755 -0.99994942 -0.0025784134 -0.0097263496 -41.284304
0.0036799176 0.050621587 0.99871108 165.62542 -0.0029039629 0.99871422 -0.050611044 -6.1087294 -0.99998905 -0.0027139747 0.0038221877 -41.280156
0.019699583 0.048112425 0.9986476 166.30999 -0.0039413822 0.99883745 -0.048043821 -6.1504905 -0.99979822 -0.0029896078 0.01986631 -41.255118
0.035174067 0.043115123 0.99845069 167.02286 -0.0075950404 0.99905164 -0.042873508 -6.1945649 -0.99935238 -0.006075237 0.035468169 -41.208335
0.052151832 0.036681693 0.99796521 167.67812 -0.0076339507 0.99931061 -0.036332207 -6.2290637 -0.99861003 -0.0057236253 0.052395904 -41.160403
0.0688062 0.029185789 0.99720299 168.35993 -0.0079367227 0.99955636 -0.028707038 -6.2710916 -0.99759852 -0.0059393007 0.069007313 -41.11551
0.087283978 0.021139093 0.99595912 169.04149 -0.0052692209 0.99977064 -0.020758206 -6.2968502 -0.99616958 -0.003436069 0.087375344 -41.03104
0.10454437 0.015409944 0.99440079 169.69643 -0.0094004828 0.99985059 -0.014506096 -6.3316186 -0.99447584 -0.0078313161 0.1046736 -40.940501
0.12202725 0.012762196 0.99244465 170.36258 -0.010810274 0.99987511 -0.011528556 -6.3658415 -0.99246792 -0.0093218001 0.12214997 -40.851278
0.14122514 0.011959425 0.98990522 171.00611 -0.0080746054 0.99990768 -0.010928302 -6.3744563 -0.98994462 -0.0064497424 0.14130867 -40.754666
0.15844631 0.011335733 0.98730248 171.6537 -0.0096925783 0.99990377 -0.0099249095 -6.4047524 -0.98732006 -0.0079969407 0.15854093 -40.632605
0.17420526 0.011039631 0.98464744 172.28524 -0.017042226 0.99982119 -0.0081946197 -6.4254938 -0.98456192 -0.015353038 0.17436224 -40.498282
0.18864868 0.007268259 0.9820177 172.90708 -0.019701062 0.99979938 -0.0036152313 -6.4404963 -0.98184705 -0.018664783 0.18875403 -40.354986
0.20091341 0.0033092803 0.97960337 173.5471 -0.017395273 0.99984867 0.00019004054 -6.4585122 -0.97945459 -0.017078649 0.20094057 -40.221542
0.21181154 0.0021495775 0.97730812 174.16678 -0.012810611 0.99991777 0.00057713117 -6.4728128 -0.97722661 -0.012642157 0.21182166 -40.090962
0.22083928 0.0057075511 0.97529347 174.76163 -0.017436812 0.99984616 -0.0019029552 -6.4922813 -0.97515437 -0.016585761 0.22090483 -39.931647
0.23053533 0.01253496 0.97298317 175.37199 -0.020500495 0.99975765 -0.008022578 -6.5206601 -0.97284802 -0.018097149 0.23073643 -39.773033
0.23927408 0.022754429 0.97068536 175.93479 -0.021725736 0.99960053 -0.018076849 -6.5333531 -0.97070901 -0.016763532 0.23967285 -39.622552
0.24720477 0.029515133 0.96851359 176.52818 -0.01897833 0.99949172 -0.025615125 -6.5444934 -0.96877743 -0.012048589 0.24763927 -39.465074
0.25366487 0.027857662 0.9668909 177.13427 -0.017891188 0.99954933 -0.02410483 -6.5654411 -0.96712673 -0.011184277 0.25404896 -39.306574
0.25959437 0.01986363 0.9655134 177.75281 -0.01719415 0.99972503 -0.015944536 -6.5846008 -0.96556471 -0.012462069 0.25986453 -39.134734
0.26453421 0.0093343302 0.96433109 178.34185 -0.021987463 0.9997516 -0.0036456101 -6.6053973 -0.96412566 -0.020238805 0.26467373 -38.944591
0.26652278 0.00018320101 0.96382856 178.95833 -0.02207808 0.99973875 0.0059151166 -6.6350488 -0.96357576 -0.022855997 0.2664572 -38.773151
0.26716073 -0.00059692702 0.96365176 179.56786 -0.017553532 0.99983088 0.0054858414 -6.6487224 -0.96349214 -0.018381093 0.26710507 -38.604293
0.26827148 0.0023008903 0.96334056 180.1801 -0.016848842 0.99985539 0.0023039685 -6.6448129 -0.96319604 -0.016849261 0.26827145 -38.440853
0.27042457 0.0018295233 0.96273939 180.77674 -0.012586969 0.99991944 0.0016353855 -6.6643588 -0.96265892 -0.012560219 0.27042582 -38.272727
0.27227669 0.0003784681 0.96221889 181.39156 -0.015069644 0.99987895 0.003870939 -6.6586268 -0.96210103 -0.015554262 0.27224943 -38.085041
0.27487864 -0.0037582712 0.96147154 182.01358 -0.014108392 0.99986893 0.0079418619 -6.6753706 -0.96137545 -0.015747865 0.27478959 -37.912827
0.2779189 -0.0096648407 0.96055588 182.62252 -0.01296956 0.99982049 0.01381241 -6.6878489 -0.96051702 -0.016296716 0.27774366 -37.721912
0.28155781 -0.012255141 0.95946596 183.23996 -0.01249255 0.99978687 0.016436127 -6.6852202 -0.95946298 -0.016613896 0.2813447 -37.538233
0.28769575 -0.013405713 0.95762799 183.8354 -0.01246991 0.99976484 0.017741859 -6.6852036 -0.95764071 -0.017045792 0.28746093 -37.350822
0.29618111 -0.01637131 0.95499144 184.45457 -0.011166737 0.9997254 0.020601432 -6.696311 -0.95506656 -0.016765892 0.29591696 -37.136882
0.30547197 -0.019599837 0.95199929 185.08399 -0.0069539729 0.99971555 0.022813573 -6.6898906 -0.95217572 -0.013589084 0.30524878 -36.950644
0.31661413 -0.017831922 0.94838675 185.7024 -0.0093073614 0.99971675 0.021904263 -6.6908271 -0.9485088 -0.015762177 0.31635848 -36.722252
0.32807716 -0.013417688 0.94455559 186.31039 -0.0085712771 0.99981568 0.017179777 -6.6885107 -0.94461208 -0.01373234 0.32790168 -36.500676
0.33976383 -0.0092871472 0.94046489 186.92262 -0.012348622 0.999821 0.014334506 -6.6942738 -0.94042976 -0.016483792 0.33958833 -36.253015
0.35102031 -0.008940249 0.93632512 187.54735 -0.011115833 0.99984417 0.013713974 -6.6886739 -0.9363019 -0.015221916 0.35086624 -36.012034
0.36264494 -0.011966534 0.93185051 188.17837 -0.0094329986 0.9998192 0.016510373 -6.6954533 -0.93187968 -0.014777547 0.36246649 -35.760378
0.37345788 -0.013369912 0.92755074 188.7882 -0.011651838 0.99974964 0.019101958 -6.6930805 -0.927574 -0.017941447 0.3732086 -35.495457
0.38513219 -0.013946476 0.92275599 189.42026 -0.013409512 0.99969568 0.020706087 -6.6945801 -0.92276403 -0.020348288 0.38482796 -35.211811
0.3947983 -0.015738211 0.91863298 190.03457 -0.014796567 0.99961469 0.023484685 -6.6799106 -0.9186487 -0.022864328 0.3944133 -34.943762
0.40143972 -0.01411127 0.91577669 190.67931 -0.01954716 0.99952155 0.02397039 -6.6757514 -0.91567687 -0.0275235 0.40097182 -34.640029
0.40653111 -0.016889206 0.91348078 191.316 -0.019889385 0.99942859 0.027329757 -6.6695275 -0.91342046 -0.029278968 0.40596289 -34.353761
0.40792857 -0.021940838 0.91275014 191.98187 -0.014586526 0.999427 0.030543437 -6.6633053 -0.91289736 -0.025773394 0.40737478 -34.063121
0.40869153 -0.01927539 0.91246897 192.60971 -0.013668243 0.99953557 0.027236579 -6.6665239 -0.91257026 -0.023603206 0.40823825 -33.762924
0.40740816 -0.020131575 0.91302423 193.2804 -0.010490951 0.99958787 0.0267215 -6.6517944 -0.91318596 -0.020465049 0.40702905 -33.48316
0.40586096 -0.019182823 0.91373346 193.9399 -0.0069734269 0.9996856 0.024084741 -6.6462564 -0.91390827 -0.016146909 0.40559959 -33.17966
0.40591156 -0.019957322 0.91369439 194.61826 -0.0047192726 0.99970244 0.023932499 -6.6410734 -0.91390022 -0.01402645 0.40569659 -32.896979
0.40510612 -0.026102785 0.91389693 195.3029 -0.00043283613 0.99958677 0.028742128 -6.633181 -0.91426961 -0.012039179 0.40492742 -32.597626
0.40510197 -0.029183126 0.9138056 195.97411 -0.00022851615 0.99948718 0.032020741 -6.628653 -0.91427152 -0.013180484 0.40488756 -32.280568
0.40366692 -0.032144402 0.91434112 196.66222 0.0012394134 0.9994009 0.034587567 -6.6200752 -0.91490522 -0.012828609 0.40346492 -31.973221
0.40167629 -0.031951807 0.91522411 197.33209 0.00058184049 0.99939985 0.034635145 -6.6060626 -0.91578157 -0.013379602 0.40145382 -31.667334
0.40019037 -0.032566407 0.91585317 198.02881 -0.0006195379 0.99935855 0.035806449 -6.5877696 -0.91643186 -0.014896801 0.39991349 -31.371101
0.3977457 -0.031130139 0.91696739 198.72289 -0.0018148969 0.99939558 0.034715728 -6.590668 -0.91749394 -0.015472233 0.3974488 -31.065752
0.39643348 -0.027945643 0.91763798 199.42234 -0.0012107626 0.99951982 0.030962331 -6.5844841 -0.91806269 -0.013385546 0.39620928 -30.771406
0.39580504 -0.022705116 0.9180538 200.10417 -0.001672811 0.99967483 0.025444957 -6.5775161 -0.91833308 -0.011606972 0.39563835 -30.474367
0.39495251 -0.019098582 0.91850296 200.77757 -0.0030099744 0.99975163 0.022082276 -6.5655055 -0.91869664 -0.01148612 0.39479693 -30.168921
0.3936539 -0.022141199 0.91899201 201.49821 -0.0038869636 0.99966086 0.025749744 -6.5564286 -0.91925055 -0.013708575 0.39343433 -29.859209
0.39242685 -0.024672416 0.91945221 202.17145 -0.0059185963 0.99955174 0.029347879 -6.5549766 -0.91976421 -0.016958762 0.39210491 -29.564064
0.38964663 -0.024792417 0.92063064 202.83182 -0.0095289131 0.99947555 0.030948702 -6.5535381 -0.92091518 -0.020831666 0.38920604 -29.269195
0.38553431 -0.02435723 0.92237191 203.54892 -0.012770937 0.99941489 0.031729731 -6.5424881 -0.92260515 -0.024012453 0.38499767 -28.965827
0.37844775 -0.02557798 0.92526915 204.2095 -0.012583654 0.99938358 0.032773672 -6.5374701 -0.92553715 -0.024046389 0.3778926 -28.695081
0.3699581 -0.025893827 0.92868748 204.89193 -0.012146167 0.99939128 0.03270383 -6.5239908 -0.92896908 -0.023379039 0.36941838 -28.421742
