1.0 0.0 0.0 0.0 0.0 1.0 0.0 0.0 0.0 0.0 1.0 0.0
0.99991715 0.012803406 0.0013148971 0.29345703 -0.012800035 0.9999148 -0.0025423334 -0.010375977 -0.0013473243 0.0025252898 0.9999959 0.0063476562
0.9998228 0.01879501 0.00093691086 0.57788086 -0.01879073 0.99981374 -0.0043833656 -0.02368164 -0.0010191643 0.004364972 0.9999899 0.01171875
0.99978685 0.020645443 0.000104755105 0.8779297 -0.020644046 0.99975795 -0.0076122857 -0.031982422 -0.00026187126 0.007608501 0.99997103 0.012329102
0.9998293 0.018425466 -0.0013538443 1.1915283 -0.018436665 0.99979144 -0.008784557 -0.03515625 0.0011916982 0.008808024 0.9999605 0.020263672
0.99992263 0.012215355 -0.0023293807 1.5062256 -0.012240773 0.99986196 -0.011228772 -0.037353516 0.0021918463 0.0112564135 0.9999342 0.019165039
0.9999912 0.00018782311 -0.004197528 1.8289795 -0.00023965412 0.9999237 -0.0123488745 -0.03845215 0.004194888 0.012349772 0.9999149 0.015258789
0.9998698 -0.015589723 -0.0041703572 2.16333 0.015540017 0.9998108 -0.011697883 -0.018554688 0.004351916 0.011631565 0.9999229 0.032348633
0.9993649 -0.035389893 -0.00425252 2.51062 0.035358667 0.99934906 -0.0072059277 0.01184082 0.004504695 0.007051033 0.999965 0.03149414
0.99845153 -0.055355694 -0.005445295 2.8605957 0.05533712 0.99846125 -0.003504551 0.05493164 0.0056309183 0.0031977312 0.999979 0.024414062
0.99719775 -0.074576035 -0.0059772236 3.2261963 0.07455866 0.9972122 -0.003078361 0.09289551 0.006190131 0.0026240828 0.9999774 0.040039062
0.9954616 -0.09500287 -0.005125641 3.6048584 0.094980314 0.9954668 -0.0044775773 0.13867188 0.005527878 0.00397029 0.9999768 0.03515625
0.99328023 -0.11568627 -0.0040813093 3.9884033 0.11566068 0.99327326 -0.0060315407 0.19030762 0.0047514695 0.0055191433 0.9999735 0.03967285
0.991154 -0.1326408 -0.004160047 4.389282 0.13261725 0.9911506 -0.005500841 0.2626953 0.004852752 0.004900429 0.9999762 0.048095703
0.98902965 -0.14763148 -0.0035892571 4.8046875 0.14761288 0.98902637 -0.004985935 0.33532715 0.004286278 0.0044013187 0.9999811 0.04724121
0.9868628 -0.16156064 -0.0036006353 5.2209473 0.16154929 0.9868659 -0.003247202 0.4185791 0.0040778583 0.0026230104 0.99998826 0.053344727
0.9846895 -0.17423338 -0.0043332176 5.6621094 0.17421705 0.9846942 -0.0038995577 0.50476074 0.0049464586 0.0030847953 0.999983 0.0625
0.9828237 -0.18447039 -0.0054997257 6.1119385 0.18442705 0.9828182 -0.0075573334 0.58825684 0.006799589 0.006413284 0.9999563 0.068481445
0.9814512 -0.1915477 -0.0073621348 6.578491 0.19150281 0.98146677 -0.00639151 0.68359375 0.008450091 0.004863087 0.9999525 0.07397461
0.9800239 -0.19865054 -0.009150674 7.0562744 0.1986039 0.9800592 -0.0057601277 0.7923584 0.010112558 0.0038272194 0.9999415 0.07434082
0.97836804 -0.20651871 -0.011577722 7.541992 0.20645224 0.9784277 -0.0066826227 0.9022217 0.012708426 0.0041479436 0.99991065 0.08129883
0.9765235 -0.21502486 -0.012894357 8.041016 0.21492036 0.9765899 -0.009021995 1.0100098 0.014532641 0.0060382737 0.9998761 0.0904541
0.9749764 -0.22195302 -0.012492777 8.559082 0.22175735 0.9749804 -0.015336286 1.118042 0.015584411 0.012181625 0.99980426 0.10205078
0.9732822 -0.22912589 -0.014584279 9.083984 0.2289076 0.97332394 -0.015219525 1.248291 0.017682334 0.011474062 0.9997778 0.12023926
0.97076553 -0.2391648 -0.020175086 9.612427 0.23895097 0.97094786 -0.012453228 1.3892822 0.022567496 0.007269673 0.999719 0.119262695
0.96873647 -0.24690093 -0.024236321 10.156616 0.24673896 0.9690341 -0.0095091285 1.5401611 0.02583351 0.0032323687 0.999661 0.13134766
0.96647793 -0.25556743 -0.025203228 10.723267 0.25534254 0.9667937 -0.011823358 1.6918945 0.027387407 0.00499276 0.99961233 0.14538574
0.9639538 -0.26476532 -0.026941795 11.293457 0.26445162 0.9643047 -0.014667849 1.8540039 0.029863555 0.0070156534 0.9995293 0.17102051
0.96179855 -0.27206358 -0.030550972 11.873535 0.2717597 0.96227074 -0.013779005 2.02771 0.033146087 0.0049526864 0.99943846 0.18969727
0.9594759 -0.27966028 -0.033995546 12.468018 0.27937227 0.9600728 -0.013046478 2.2092285 0.03628745 0.0030211627 0.99933714 0.20666504
0.95708394 -0.28721815 -0.038768955 13.071167 0.2868566 0.9578641 -0.014704535 2.3990479 0.041359007 0.0029540975 0.9991402 0.2322998
0.95504755 -0.29292655 -0.04588201 13.682861 0.29250172 0.9561471 -0.015861843 2.595337 0.04851646 0.0017331352 0.9988213 0.2619629
0.9533548 -0.29688323 -0.054607254 14.311279 0.29643297 0.9549176 -0.016358014 2.795044 0.05700039 -0.000593218 0.99837357 0.2894287
0.95207196 -0.29905948 -0.064104415 14.947266 0.29857978 0.95422435 -0.017163988 3.003662 0.06630257 -0.0028029107 0.997795 0.32824707
0.9497263 -0.30428895 -0.073884696 15.593384 0.30398336 0.9525659 -0.015621621 3.2211914 0.07513179 -0.0076214233 0.9971439 0.36767578
0.94789505 -0.30821326 -0.08090967 16.247437 0.30801404 0.9512842 -0.0152401 3.4438477 0.081664875 -0.010468953 0.9966049 0.41882324
0.94552445 -0.3133164 -0.08865479 16.914185 0.31336534 0.94955754 -0.013722848 3.6748047 0.08848167 -0.01480368 0.99596673 0.47558594
0.9437385 -0.3169002 -0.09453637 17.591553 0.31708103 0.9483075 -0.013509934 3.9155273 0.09392819 -0.017231693 0.9954275 0.5395508
0.9415931 -0.3208289 -0.10226851 18.281982 0.3216219 0.9468171 -0.009092875 4.1691895 0.09974619 -0.024329197 0.99471617 0.6068115
0.9394536 -0.3258931 -0.105793 18.985962 0.32698506 0.9449877 -0.007349427 4.426758 0.10236818 -0.027698003 0.99435914 0.67492676
0.9375638 -0.33065608 -0.10793865 19.691284 0.33186045 0.9433069 -0.0071318923 4.690918 0.10417716 -0.029132623 0.9941318 0.7491455
0.9355304 -0.33641583 -0.10763679 20.41809 0.33767956 0.94122744 -0.0068204626 4.95813 0.103604466 -0.029976273 0.99416447 0.82958984
0.93345875 -0.34270415 -0.10605645 21.148193 0.34391978 0.93899316 -0.007187063 5.2337646 0.10204655 -0.029760964 0.9943336 0.9095459
0.9310174 -0.34962896 -0.10439527 21.887451 0.35086596 0.9363613 -0.00687104 5.5168457 0.10015704 -0.03023386 0.99451476 0.99279785
0.9290975 -0.35563076 -0.10140115 22.62732 0.35689574 0.9341145 -0.0060047004 5.8050537 0.09685505 -0.030618692 0.994826 1.0758057
0.92474437 -0.3681108 -0.09666644 23.390137 0.3695262 0.9292145 -0.0034777382 6.119751 0.09110614 -0.032502905 0.9953112 1.1499023
0.92248845 -0.37493664 -0.0918348 24.142822 0.37637123 0.9264649 -0.0018260122 6.4383545 0.085766055 -0.03287928 0.99577266 1.230957
0.9192371 -0.3834607 -0.08946836 24.90747 0.38525268 0.9228296 0.0030144858 6.7591553 0.081407875 -0.037231922 0.99598545 1.300293
0.91585135 -0.3916542 -0.088505395 25.65857 0.39348993 0.9193269 0.0036209007 7.104004 0.079949155 -0.038139597 0.9960695 1.3720703
0.9119073 -0.40085766 -0.08808178 26.43872 0.40282542 0.9152733 0.005054718 7.4473877 0.078593485 -0.040085513 0.99610114 1.4404297
0.9083802 -0.40876696 -0.087719634 27.215942 0.41067395 0.9117403 0.0040931306 7.8049316 0.07830619 -0.039749663 0.99613667 1.5087891
0.9048329 -0.4169198 -0.08635563 28.00476 0.41881934 0.90805966 0.0043223193 8.177734 0.07661383 -0.04007494 0.9962556 1.5787354
0.90125215 -0.42517108 -0.08363288 28.804443 0.42697132 0.904269 0.0040662712 8.557739 0.07389788 -0.039378967 0.99648684 1.6469727
0.8983943 -0.43182778 -0.07983784 29.602783 0.43355775 0.9010905 0.0048837485 8.946777 0.06983401 -0.03900261 0.9967965 1.7133789
0.89455324 -0.44071543 -0.0744483 30.415283 0.4424054 0.8967866 0.007076 9.358765 0.06364166 -0.03926747 0.99719936 1.7752686
0.89156777 -0.44743693 -0.07052021 31.23059 0.4489099 0.8935943 0.0057712495 9.772339 0.060437918 -0.03679156 0.99749464 1.8395996
0.887681 -0.4554424 -0.067579344 32.05371 0.45684668 0.8895073 0.0061353063 10.198853 0.057319183 -0.03631404 0.99769604 1.8966064
0.8848827 -0.46110523 -0.066146985 32.88623 0.4624432 0.8866362 0.0056739515 10.640137 0.056032922 -0.035606038 0.9977941 1.9558105
0.8829944 -0.46493495 -0.064698584 33.71924 0.4662456 0.8846514 0.0059736497 11.092773 0.05445604 -0.035434708 0.9978872 2.0076904
0.87891245 -0.47288093 -0.06262055 34.5708 0.47407958 0.88048196 0.004979581 11.552612 0.052785657 -0.034063157 0.9980249 2.0645752
0.87657136 -0.47727552 -0.062225126 35.427734 0.478357 0.87818354 0.0028716135 12.022217 0.05327662 -0.03227612 0.9980585 2.121338
0.87517315 -0.47979665 -0.06205382 36.294556 0.4807996 0.8768191 0.0014205058 12.503906 0.053731773 -0.0310755 0.9980724 2.1748047
0.87384886 -0.48213726 -0.06296648 37.157227 0.4831852 0.87553465 0.0016318546 12.994751 0.054342795 -0.03184337 0.99801487 2.225586
0.8735786 -0.48274654 -0.061572243 38.045288 0.48379877 0.8751611 0.002524571 13.496216 0.052669235 -0.031995527 0.99809945 2.2799072
0.87360156 -0.48300996 -0.06006399 38.949463 0.48401046 0.87510747 0.0024393017 14.006958 0.0513836 -0.03119354 0.99819183 2.336914
0.8729424 -0.48434246 -0.05843351 39.86267 0.48523927 0.87439865 0.0013224988 14.513916 0.050449982 -0.029511383 0.99828976 2.3952637
0.8734756 -0.48339567 -0.058144674 40.782104 0.48416218 0.8749844 -0.0010219617 15.033081 0.051372223 -0.027257573 0.9983078 2.4510498
0.8709908 -0.48780003 -0.05850752 41.713623 0.48853353 0.872541 -0.0020045252 15.562744 0.052028958 -0.026836164 0.9982851 2.5025635
0.8699687 -0.4899342 -0.055486992 42.64026 0.4905462 0.8713874 -0.0029332854 16.08789 0.04978714 -0.02467043 0.998455 2.5627441
0.8684185 -0.49303037 -0.05203515 43.575073 0.49360597 0.86964756 -0.0020422698 16.62439 0.04625793 -0.02391723 0.9986429 2.6160889
0.86528265 -0.49921378 -0.04659851 44.508423 0.49965206 0.86628014 -0.0025429504 17.16626 0.04163821 -0.021077164 0.99891055 2.675537
0.86206657 -0.5048058 -0.044515878 45.442505 0.5051797 0.86299026 -0.0032302816 17.710327 0.040049784 -0.01970515 0.99900347 2.7260742
0.8570967 -0.5131878 -0.045600645 46.34839 0.51350373 0.85810333 -0.0053919638 18.264282 0.041894544 -0.018795213 0.9989449 2.7802734
0.85119784 -0.52272177 -0.047454957 47.258545 0.52294457 0.8523398 -0.008587512 18.822754 0.044933405 -0.017504696 0.9988365 2.843872
0.84558725 -0.5319198 -0.047099877 48.174805 0.5321263 0.8467196 -0.009079395 19.403198 0.04470713 -0.01737805 0.99884886 2.8914795
0.83893895 -0.54266965 -0.0434973 49.08252 0.54289895 0.83988523 -0.007380807 19.998901 0.040535983 -0.017414782 0.99902624 2.941162
0.83621037 -0.5471478 -0.040035136 49.982178 0.54746306 0.8369542 -0.003575589 20.59961 0.035465848 -0.018918125 0.999192 2.996704
0.8305031 -0.55547 -0.042530842 50.875244 0.5558682 0.83132017 -0.002887105 21.206543 0.036964208 -0.021240303 0.9990911 3.0445557
0.8267564 -0.56046414 -0.046575177 51.756348 0.5609019 0.8277589 -0.0043004206 21.81018 0.04096577 -0.022569293 0.9989061 3.0916748
0.8235133 -0.56478924 -0.053461272 52.63672 0.5652719 0.82488567 -0.007068937 22.421875 0.048089568 -0.024393866 0.99854517 3.1500244
0.8199789 -0.56966865 -0.05458733 53.5188 0.5701935 0.8213996 -0.006943956 23.04248 0.048797853 -0.025431639 0.99848545 3.2045898
0.8182826 -0.57262033 -0.05090276 54.39038 0.5731148 0.8194988 -0.005729308 23.665283 0.04499548 -0.02448067 0.99868727 3.2629395
0.81514484 -0.5775592 -0.04597262 55.276855 0.5780133 0.81610894 -0.0040586633 24.297485 0.039862175 -0.023260279 0.99893427 3.3134766
0.8120104 -0.58199906 -0.04321426 56.156006 0.58245677 0.8128284 -0.0024179886 24.938232 0.0365317 -0.02321095 0.9990628 3.369751
0.80837137 -0.58686095 -0.044852372 57.029297 0.5874271 0.8092038 -0.0006903303 25.573608 0.036699645 -0.025795951 0.9989933 3.418335
0.8047951 -0.5917716 -0.046397258 57.909424 0.59229416 0.8057421 -0.0030147121 26.225586 0.039166488 -0.025052767 0.9989185 3.4609375
0.80076313 -0.5971986 -0.047190446 58.76758 0.5976697 0.8017864 -0.0049514165 26.875 0.040793765 -0.024236966 0.99887353 3.5201416
0.7981176 -0.6006664 -0.047150716 59.63452 0.6010598 0.7991837 -0.006919718 27.534424 0.04183821 -0.022818575 0.9988637 3.5686035
0.79272467 -0.6078411 -0.045632605 60.502197 0.60817647 0.7937425 -0.007732132 28.207031 0.040919743 -0.021622926 0.9989285 3.6169434
0.78806424 -0.61404556 -0.04429996 61.360596 0.61438113 0.7890149 -0.0072036227 28.877686 0.03937611 -0.021544306 0.99899185 3.6729736
0.78322554 -0.6200014 -0.045038518 62.22339 0.62027717 0.78424627 -0.009257544 29.576904 0.04106513 -0.020685788 0.99894273 3.7285156
0.7780469 -0.62665856 -0.045217898 63.074707 0.62690717 0.779093 -0.010217609 30.26892 0.041629564 -0.020395374 0.9989248 3.7808838
0.7729533 -0.6327766 -0.04561034 63.923584 0.6329862 0.77404076 -0.011540772 30.961548 0.042604223 -0.019953728 0.9988926 3.8311768
0.76647264 -0.64059794 -0.04609072 64.77515 0.6407664 0.7676071 -0.012964484 31.681396 0.04368758 -0.019599361 0.998853 3.8896484
0.76209515 -0.6459162 -0.046246797 65.62305 0.6460178 0.7632696 -0.014722207 32.40039 0.044806086 -0.018658351 0.99882114 3.9383545
0.75497997 -0.654247 -0.045991983 66.46582 0.6542902 0.75616896 -0.016202118 33.137573 0.045372106 -0.017856004 0.99881035 3.9927979
0.74872494 -0.66141754 -0.043785263 67.302246 0.6613949 0.74982995 -0.017077614 33.877563 0.044125427 -0.01617911 0.9988947 4.053589
0.7432755 -0.6676412 -0.041004825 68.13965 0.66753596 0.744277 -0.01821731 34.63159 0.042684227 -0.01383503 0.99899286 4.109009
0.73532146 -0.67626566 -0.041408002 68.97217 0.67609966 0.73636615 -0.020022804 35.390747 0.044037357 -0.013273917 0.99894214 4.1619873
0.72975665 -0.68244785 -0.04206535 69.79736 0.6822425 0.73085004 -0.021289298 36.16809 0.045271825 -0.01317045 0.9988875 4.2230225
0.72597593 -0.68647164 -0.04252319 70.61133 0.68630755 0.72708213 -0.020650504 36.95105 0.045092728 -0.014196168 0.99888164 4.2769775
0.7195092 -0.693286 -0.04096639 71.43115 0.6930895 0.7205539 -0.021132186 37.748413 0.044165097 -0.01319294 0.99893683 4.333496
0.7150982 -0.69787234 -0.041652046 72.25 0.69771403 0.71616745 -0.020632207 38.557617 0.044224985 -0.014305906 0.99891895 4.394165
0.70897144 -0.7040831 -0.042204518 73.062744 0.7039123 0.71007633 -0.021298012 39.37903 0.04496242 -0.014604845 0.99888194 4.4521484
0.7032596 -0.70955586 -0.04419265 73.87695 0.7093588 0.704479 -0.022721225 40.204712 0.047248896 -0.01536669 0.9987648 4.5125732
0.6997196 -0.7129142 -0.04615814 74.69141 0.7125845 0.70108795 -0.026136348 41.032837 0.05099492 -0.014598001 0.9985925 4.56958
0.6941713 -0.7182814 -0.047042668 75.48999 0.7179331 0.69560087 -0.026953813 41.874878 0.052085705 -0.015068731 0.9985287 4.6325684
0.6885425 -0.723841 -0.04523031 76.30078 0.7235192 0.6898695 -0.026131071 42.731567 0.050113328 -0.014734937 0.99863446 4.697754
0.68397534 -0.72805107 -0.043744512 77.10181 0.72768253 0.68523973 -0.026809845 43.588135 0.049500246 -0.013500091 0.998683 4.7647705
0.6793456 -0.73264784 -0.042951904 77.90698 0.73225653 0.680579 -0.027222902 44.45984 0.049170617 -0.0129568 0.99870604 4.8322754
0.6760172 -0.7356475 -0.042467717 78.70825 0.73518735 0.677246 -0.028604679 45.33264 0.049798414 -0.011893427 0.99868774 4.8931885
0.66938585 -0.74169385 -0.0411842 79.50513 0.7412161 0.67055786 -0.028876761 46.217407 0.04903911 -0.011196 0.99873435 4.9624023
0.6668336 -0.7441009 -0.03972794 80.30176 0.7435133 0.6679561 -0.030892516 47.112427 0.04952421 -0.008938618 0.9987329 5.0238037
0.66288877 -0.7476521 -0.037977617 81.0957 0.746955 0.6639432 -0.03293837 48.00586 0.049848232 -0.0065302164 0.99873585 5.092041
0.6584201 -0.75171965 -0.036934897 81.89258 0.7507535 0.6594499 -0.038178876 48.90918 0.053066984 -0.0025919871 0.99858785 5.1638184
0.6539815 -0.755783 -0.03465035 82.69165 0.7545529 0.6548963 -0.043157876 49.820557 0.055300716 0.0020722793 0.99846685 5.227539
0.64860636 -0.7605053 -0.030255742 83.48193 0.7590681 0.6492651 -0.047378786 50.73999 0.05567747 0.00776847 0.9984189 5.2998047
0.639239 -0.76843137 -0.0268198 84.25488 0.7668599 0.63969475 -0.050505877 51.66797 0.055963684 0.011711974 0.99836373 5.376953
0.63190126 -0.77461773 -0.022523707 85.04028 0.77301407 0.63211113 -0.052200988 52.60498 0.054672997 0.015568912 0.99838275 5.4576416
0.6211087 -0.7834374 -0.019380543 85.80469 0.78195876 0.6211936 -0.05083945 53.571777 0.05187086 0.016426252 0.99851906 5.5217285
0.61304915 -0.7898475 -0.018704474 86.55249 0.7884118 0.61312485 -0.05022358 54.54785 0.0511378 0.016034776 0.99856246 5.5968018
0.60434246 -0.796587 -0.020517662 87.30762 0.795041 0.6045046 -0.0518227 55.53076 0.05367522 0.015006762 0.9984456 5.664673
0.5925484 -0.805192 -0.019422961 88.041016 0.80348647 0.59262264 -0.055077385 56.525146 0.0558603 0.017017376 0.9982929 5.7406006
0.584341 -0.81128067 -0.020052485 88.76758 0.8094945 0.5844466 -0.05633487 57.52881 0.05742185 0.01668799 0.9982107 5.808716
0.5753594 -0.8178147 -0.014828777 89.49951 0.81602263 0.57515377 -0.05818563 58.542725 0.056100953 0.021377772 0.9981962 5.8861084
0.5635093 -0.82604533 -0.012232955 90.19629 0.82435626 0.5632041 -0.057277877 59.582764 0.054209232 0.02220526 0.9982836 5.966675
0.5543693 -0.8322392 -0.011444207 90.89429 0.8304987 0.55401427 -0.058471594 60.630127 0.054992136 0.022905378 0.9982237 6.0406494
0.54414445 -0.8388441 -0.012876854 91.58203 0.83699715 0.5438631 -0.059732683 61.6792 0.057105914 0.021728478 0.99813193 6.120117
0.53292245 -0.84606254 -0.012697078 92.25537 0.84416497 0.53263676 -0.06061598 62.753174 0.05803911 0.021589054 0.9980811 6.194824
0.5236387 -0.8518332 -0.014303525 92.90015 0.84984815 0.52345103 -0.06148416 63.82129 0.05985099 0.020039584 0.99800605 6.2807617
0.5136416 -0.85792285 -0.0142352665 93.55249 0.8559651 0.5134822 -0.061015844 64.91553 0.059641406 0.01915483 0.99803597 6.362915
0.5045734 -0.8632525 -0.0131220585 94.20239 0.861398 0.5043953 -0.059593588 66.01343 0.05805612 0.018767478 0.998137 6.4404297
0.49815863 -0.8670534 -0.010361759 94.83325 0.8653238 0.4978615 -0.05831309 67.114746 0.055712335 0.020089088 0.998245 6.5214844
0.4896381 -0.87191314 -0.009324349 95.45581 0.8701915 0.48929682 -0.058493488 68.24487 0.055550463 0.020531112 0.99824494 6.6018066
0.4812513 -0.8764487 -0.008288738 96.072266 0.8745718 0.48080248 -0.061544657 69.35596 0.057930812 0.022373568 0.9980702 6.681885
0.47650504 -0.8791554 -0.0066973194 96.687744 0.8771098 0.4758918 -0.06496937 70.4751 0.06030357 0.02507558 0.9978646 6.763672
0.46972734 -0.8829442 -0.006313488 97.289795 0.88067985 0.46901393 -0.06857149 71.61133 0.06349178 0.02663656 0.9976258 6.8477783
0.46615726 -0.8847904 -0.0066017606 97.886475 0.8823554 0.4654049 -0.07104883 72.7478 0.06591845 0.027293205 0.9974514 6.941284
0.4601985 -0.88773745 -0.003714894 98.47266 0.88528794 0.45923212 -0.07243517 73.88208 0.066006064 0.03004773 0.99736685 7.031494
0.45535702 -0.89021254 0.0010816199 99.06079 0.8880505 0.45416555 -0.07020888 75.01929 0.06202339 0.03293375 0.9975314 7.123291
0.45374796 -0.8909569 0.005530024 99.643555 0.88908285 0.45237085 -0.06793539 76.15845 0.0580441 0.035758473 0.9976744 7.216919
0.448743 -0.89350617 0.0081873555 100.21875 0.89172316 0.44722503 -0.06790867 77.29077 0.057021737 0.03778326 0.9976583 7.3031006
0.4485096 -0.8938333 0.009533803 100.7793 0.89212024 0.44693047 -0.067543134 78.42285 0.05610667 0.038778156 0.99767023 7.3896484
0.44529313 -0.8952067 0.012747627 101.34302 0.8936864 0.44359255 -0.06629074 79.5437 0.0536989 0.040921945 0.99771893 7.470703
0.4420477 -0.8968458 0.016050799 101.89844 0.89547986 0.4401939 -0.06589222 80.66138 0.05204118 0.04351397 0.9976973 7.550415
0.44152 -0.8969397 0.017438572 102.447266 0.8955957 0.439564 -0.06662764 81.78662 0.052087016 0.045044072 0.99762684 7.6324463
0.4374713 -0.8989618 0.019915719 102.9834 0.897722 0.4353927 -0.0666178 82.89209 0.051218253 0.047015954 0.9975797 7.70874
0.43546456 -0.899919 0.024482887 103.524414 0.89893985 0.43320268 -0.06576255 83.99414 0.048562963 0.05062968 0.9975353 7.7821045
0.43604442 -0.8996179 0.027580354 104.05054 0.89879197 0.43362004 -0.065971024 85.09839 0.04740464 0.05354768 0.9974387 7.8602295
0.43139812 -0.9017291 0.028822001 104.573975 0.9009517 0.42891288 -0.0661252 86.17163 0.047250543 0.05450396 0.997396 7.930908
0.43091214 -0.9018764 0.030320834 105.083496 0.9011329 0.4282984 -0.06711404 87.242676 0.04757265 0.056251746 0.9972825 8.004517
0.4313922 -0.90174603 0.029603252 105.59497 0.90090406 0.428745 -0.06833384 88.31128 0.04893907 0.05614404 0.9972221 8.080078
0.43033546 -0.9021759 0.028542794 106.08325 0.9012552 0.42772418 -0.068695694 89.361084 0.04974537 0.055299472 0.9972311 8.153198
0.43601474 -0.899697 0.02620681 106.57715 0.8986922 0.43354204 -0.06813686 90.41113 0.0499431 0.053253874 0.9973309 8.223999
0.4364904 -0.8993038 0.024663832 107.07056 0.89823806 0.43411607 -0.06776751 91.43164 0.050223593 0.05173045 0.99739736 8.295654
0.4421187 -0.8967411 0.022042349 107.55591 0.89551616 0.4398284 -0.06857424 92.4624 0.051794752 0.050066553 0.99740267 8.368408
0.45049337 -0.89255154 0.020668905 108.061035 0.89125377 0.44824 -0.06903084 93.47827 0.05235749 0.04950393 0.99739957 8.439209
0.45582485 -0.8897744 0.019611606 108.56299 0.8885215 0.45369622 -0.06744927 94.48218 0.05112358 0.048175853 0.99753 8.509277
0.46512997 -0.8851402 0.018431954 109.07764 0.88392174 0.4631147 -0.06606838 95.480225 0.049932558 0.047007103 0.9976449 8.575684
0.4738782 -0.8802836 0.017507179 109.60449 0.87908304 0.4719342 -0.06524687 96.475586 0.049190227 0.046310056 0.997715 8.648804
0.48081976 -0.8766551 0.016584001 110.128174 0.875448 0.4789307 -0.064844 97.44531 0.048897736 0.045705818 0.99775815 8.713989
0.49184987 -0.87056214 0.0150531195 110.66455 0.8692338 0.48995233 -0.06633879 98.418945 0.050375093 0.045714956 0.9976837 8.78125
0.5012914 -0.8651729 0.011368585 111.208984 0.86369467 0.49956042 -0.06647215 99.3728 0.05183503 0.043157358 0.99772376 8.84436
0.5127694 -0.85841733 0.0073939087 111.75879 0.8567865 0.5112216 -0.066619635 100.321045 0.053405844 0.04049942 0.9977516 8.911377
0.5274853 -0.84959435 0.0054452987 112.32544 0.84797496 0.5260616 -0.06541171 101.26709 0.05269825 0.039110176 0.99784374 8.97937
0.5376061 -0.8432661 0.004231125 112.903076 0.84175384 0.5363272 -0.062766686 102.187256 0.050651688 0.03730353 0.99801946 9.046387
0.5504149 -0.83481944 0.00461456 113.5 0.8334534 0.54918 -0.060477424 103.11182 0.047961455 0.03713032 0.99815863 9.109741
0.5614087 -0.82762945 0.0034814384 114.09668 0.82630473 0.5602613 -0.059075303 104.005615 0.04693645 0.036043033 0.99824744 9.180054
0.57291776 -0.8196638 0.0025693793 114.70557 0.818295 0.57177466 -0.05963524 104.89551 0.047409084 0.036258876 0.9982166 9.241577
0.584942 -0.8111896 0.0012660894 115.3313 0.80976224 0.58381855 -0.060232393 105.764404 0.048115075 0.036257207 0.9981834 9.301147
0.5954975 -0.80343384 0.0017147451 115.95581 0.8019295 0.5942487 -0.06248377 106.61426 0.049174055 0.038588587 0.9980448 9.361328
0.60528946 -0.79610956 0.0012410152 116.586914 0.79464304 0.60407823 -0.061623927 107.45215 0.048311792 0.038282957 0.99809796 9.426392
0.6169354 -0.7869437 0.0023099794 117.23169 0.78565544 0.6157523 -0.059075713 108.28223 0.045070622 0.038260795 0.9982508 9.484253
0.62608606 -0.7796464 0.003284494 117.86841 0.7785151 0.6249387 -0.056661986 109.090576 0.042120416 0.038039874 0.9983887 9.540649
0.6367498 -0.7710261 0.0024355655 118.52026 0.76994413 0.6356817 -0.055069648 109.8855 0.04091564 0.036948323 0.99847955 9.606079
0.6455757 -0.76363814 -0.0003815404 119.159424 0.76253045 0.64466596 -0.05352646 110.65967 0.04112216 0.03426654 0.9985665 9.656494
0.6548933 -0.75568634 -0.003431772 119.80542 0.7545254 0.6541264 -0.05261139 111.433105 0.042009637 0.031859614 0.9986085 9.704834
0.665124 -0.74672884 -0.0041988264 120.47583 0.74556965 0.66438544 -0.052251033 112.18994 0.04180164 0.03162194 0.9986254 9.762207
0.6728875 -0.73971605 -0.0036338717 121.13208 0.7386474 0.67216426 -0.050660983 112.92114 0.039912637 0.031405568 0.9987096 9.812988
0.68153757 -0.73168755 -0.0026717046 121.79492 0.73072344 0.68081856 -0.04896042 113.6438 0.037642796 0.031413987 0.99879736 9.863159
0.6908328 -0.72308874 -0.0014461649 122.47095 0.72218686 0.69006807 -0.048598975 114.356445 0.036133546 0.03253237 0.99881744 9.914917
0.6978442 -0.71629626 -0.0035093012 123.12573 0.7153362 0.6971465 -0.048567284 115.0459 0.03724229 0.031380862 0.99881315 9.962402
0.7059236 -0.7082501 -0.004559327 123.81152 0.7073296 0.7053073 -0.046834152 115.724365 0.0363887 0.029837862 0.99889225 10.010376
0.71191925 -0.70235103 -0.0033809722 124.47534 0.70154977 0.71132165 -0.04457267 116.38843 0.0337062 0.029358093 0.9990004 10.052124
0.71874636 -0.69513553 -0.0033889152 125.1438 0.6944356 0.7182255 -0.041633103 117.0542 0.03137534 0.027571231 0.99912745 10.096802
0.72729236 -0.68642044 -0.003229523 125.81616 0.6857864 0.7268075 -0.039808974 117.70239 0.02967392 0.026738774 0.99920183 10.137329
0.73427856 -0.67886126 -0.0030977097 126.48071 0.67826897 0.73381406 -0.038674828 118.32056 0.028523829 0.026300905 0.99924743 10.179321
0.7418618 -0.67067355 -0.0045233527 127.13916 0.67012733 0.7414997 -0.035912007 118.93213 0.027436364 0.023611808 0.99934465 10.213867
0.75091976 -0.6602193 -0.003688857 127.82422 0.6597718 0.75059545 -0.03304792 119.54028 0.024588479 0.022382824 0.9994472 10.252075
0.7599919 -0.6500221 -0.0028213325 128.48096 0.649691 0.7597303 -0.028914375 120.11255 0.020934336 0.020143215 0.99957806 10.278809
0.7700311 -0.63790834 -0.002988818 129.16235 0.6376269 0.7698151 -0.026467722 120.67871 0.019188657 0.018476464 0.9996452 10.313843
0.7798253 -0.6260105 -0.0051384848 129.81738 0.6257071 0.7796591 -0.025796734 121.223145 0.020153906 0.016902335 0.99965405 10.342651
0.78891945 -0.6143878 -0.0073414086 130.49512 0.61402065 0.78877234 -0.027146313 121.75513 0.022473445 0.016907133 0.99960446 10.373779
0.8001704 -0.59988403 -0.0078554405 131.18896 0.59951615 0.800032 -0.026908692 122.28076 0.022424344 0.016823273 0.99960697 10.400757
0.8088958 -0.5878158 -0.006407961 131.86426 0.58752507 0.8087623 -0.024480458 122.77881 0.019572044 0.016038375 0.99968 10.425171
0.8202177 -0.57220846 -0.0044157803 132.57568 0.5719901 0.8200772 -0.022362383 123.27734 0.016412204 0.015817612 0.9997403 10.449463
0.8284804 -0.56005865 -0.002660812 133.26392 0.5598906 0.8283315 -0.021019606 123.76245 0.013977078 0.015924372 0.99977547 10.473999
0.83724725 -0.54669976 -0.00044757384 133.98145 0.54658955 0.83709425 -0.019414965 124.22461 0.010988453 0.016011592 0.9998116 10.497192
0.8459087 -0.5334955 0.0010645541 134.71387 0.5334241 0.84575915 -0.01816475 124.684326 0.008790085 0.015932951 0.99983436 10.512573
0.85261405 -0.52247906 0.003201147 135.42407 0.5224438 0.8524438 -0.01836215 125.132324 0.0068677096 0.01732746 0.99982625 10.530884
0.8581267 -0.51336443 0.0036225962 136.14917 0.51333964 0.85795724 -0.018145496 125.5625 0.0062075215 0.017431047 0.9998288 10.550903
0.8662013 -0.4996865 0.0038598338 136.90918 0.49967793 0.86605966 -0.016396714 126.00098 0.0048499117 0.016132673 0.9998582 10.569458
0.872561 -0.48850656 0.003301501 137.64209 0.48849803 0.87244487 -0.01489535 126.42554 0.004395744 0.014609617 0.9998836 10.575928
0.8785872 -0.47755563 0.0043334807 138.39868 0.47756895 0.87849236 -0.013137012 126.846924 0.0024671806 0.013610925 0.9999043 10.582764
0.88346887 -0.4685312 0.0042729313 139.15137 0.4685424 0.883362 -0.014025973 127.254395 0.0027947892 0.014393583 0.99989253 10.596924
0.8892289 -0.45745024 0.003215666 139.92236 0.45744285 0.8891068 -0.015300241 127.64844 0.004140216 0.015076035 0.99987775 10.611572
0.8934388 -0.44911763 0.0029570954 140.70703 0.44910684 0.8933156 -0.015446311 128.04443 0.004296417 0.015128675 0.9998763 10.617676
0.89640427 -0.4432352 0.0029120082 141.4773 0.44322628 0.8962877 -0.015015712 128.4414 0.0040454133 0.014751032 0.99988306 10.621582
0.8992663 -0.4373461 0.0066394806 142.27539 0.4373963 0.8991766 -0.012716962 128.83228 -0.00040909974 0.014340049 0.9998972 10.632324
0.9029419 -0.42966825 0.008815223 143.11206 0.4297405 0.90290236 -0.00933018 129.21802 -0.0039502797 0.012213006 0.9999176 10.641846
0.9060124 -0.4231261 0.010989946 143.9143 0.42320195 0.90602547 -0.005751149 129.6206 -0.0075242957 0.009861637 0.9999231 10.643066
0.90909034 -0.41641355 0.012164799 144.75342 0.4164815 0.9091336 -0.0035992414 130.00244 -0.009559951 0.008339013 0.99991953 10.6427
0.9118546 -0.41035372 0.013662517 145.59863 0.41040775 0.9119318 -0.0012917118 130.39575 -0.011929601 0.0067842463 0.9999058 10.634155
0.9152707 -0.40253928 0.015865574 146.47803 0.4026013 0.9153806 -0.00079788174 130.77612 -0.014201441 0.0071170414 0.9998739 10.6311035
0.9185548 -0.39492863 0.018554915 147.3601 0.39499882 0.918712 -0.00012957491 131.15308 -0.016995382 0.00744739 0.9998278 10.6258545
0.92193705 -0.3868656 0.02004582 148.25 0.38695544 0.92211705 -0.0006606215 131.53735 -0.018228777 0.008365349 0.99979895 10.615601
0.9255961 -0.3778859 0.02037387 149.17114 0.37798053 0.9257813 -0.00086369185 131.90942 -0.01853544 0.0085024955 0.9997921 10.591553
0.9295369 -0.36813176 0.021034013 150.09106 0.3682843 0.9297067 -0.0037628338 132.2793 -0.018169738 0.01124455 0.9997718 10.590698
0.9333082 -0.35852998 0.01991715 151.02466 0.35869196 0.93344426 -0.005140357 132.64844 -0.016749034 0.011941292 0.9997886 10.579712
0.9374045 -0.347759 0.01888704 151.98486 0.34792137 0.9375153 -0.00601335 132.99658 -0.015615317 0.012209002 0.99980354 10.568115
0.94200444 -0.33518457 0.016864121 152.95264 0.3353019 0.94210243 -0.0046017924 133.36035 -0.014344502 0.009990129 0.99984723 10.553833
0.94757324 -0.31905323 0.017343624 153.9353 0.31910726 0.9477137 -0.00036394678 133.70508 -0.016320113 0.00588022 0.9998496 10.542358
0.9540236 -0.29912168 0.019239271 154.94409 0.29911956 0.9542134 0.0030574324 134.02539 -0.019272441 0.002839027 0.9998102 10.524292
0.9595446 -0.28076324 0.020015694 155.96509 0.28068602 0.9597531 0.0066260165 134.34595 -0.021071097 -0.0007367678 0.99977756 10.504639
0.9657646 -0.25858164 0.021017455 157.02124 0.2584448 0.9659877 0.00903365 134.63599 -0.02263823 -0.0032925596 0.9997382 10.497192
0.9710052 -0.23795332 0.022854133 158.06958 0.23778261 0.97126484 0.009954693 134.92065 -0.024566676 -0.004232507 0.9996893 10.468994
0.9763377 -0.21467423 0.025737248 159.15967 0.21444188 0.9766603 0.011503315 135.16797 -0.027606636 -0.005710682 0.99960244 10.4539795
0.98070014 -0.19323382 0.029715013 160.2522 0.19291987 0.9811244 0.013118304 135.38794 -0.031689037 -0.0071318345 0.9994722 10.421875
0.98459804 -0.17145352 0.03437794 161.39258 0.17102972 0.98515844 0.014934057 135.5979 -0.0364275 -0.008826021 0.99929744 10.401611
0.98819697 -0.1485396 0.037545256 162.51343 0.14798321 0.9888437 0.01720046 135.78174 -0.03968124 -0.011442499 0.9991469 10.36084
0.9913186 -0.12590422 0.037946403 163.65503 0.12528752 0.99195546 0.01822208 135.94287 -0.039934963 -0.013309734 0.9991133 10.325684
0.9938877 -0.10430175 0.036162816 164.79932 0.10367942 0.99443495 0.018681865 136.0769 -0.03791025 -0.014818271 0.9991714 10.286865
0.9959567 -0.0826002 0.035368823 165.9878 0.082000285 0.99646974 0.018092304 136.18213 -0.036738127 -0.015119928 0.9992107 10.244507
0.99730355 -0.06252614 0.038418986 167.17139 0.06192119 0.9979405 0.016742323 136.26636 -0.03938675 -0.014318408 0.9991217 10.2109375
0.99829656 -0.042889167 0.039551686 168.38062 0.04224962 0.9989648 0.01686372 136.33496 -0.040234018 -0.015163761 0.99907506 10.168579
0.99886495 -0.022072693 0.04221311 169.58911 0.021369996 0.9996267 0.01702214 136.37549 -0.04257317 -0.01610076 0.9989637 10.129395
0.9990953 -0.0026107235 0.04244008 170.8208 0.0018014364 0.9998161 0.019092618 136.39258 -0.042482123 -0.018998869 0.9989163 10.081787
0.99885786 0.018195454 0.044178665 172.0603 -0.019077783 0.9996252 0.019635897 136.3872 -0.043804802 -0.02045645 0.99883074 10.03418
0.9982413 0.03946164 0.04424287 173.31494 -0.04045798 0.99894226 0.021854497 136.35986 -0.043333635 -0.023605853 0.99878174 9.9852295
0.9972718 0.059116952 0.044194955 174.5774 -0.06014125 0.9979425 0.02221081 136.30884 -0.042790804 -0.024808757 0.99877554 9.936279
0.9959961 0.07862811 0.042509206 175.84521 -0.07969607 0.9965291 0.024026388 136.22095 -0.0404721 -0.027319377 0.9988064 9.894043
0.9945213 0.09621078 0.040854137 177.12817 -0.09727094 0.99494773 0.024809487 136.10815 -0.0382609 -0.02864761 0.9988572 9.848511
0.9925075 0.11552481 0.039801296 178.4292 -0.116630636 0.9928177 0.02667585 135.97559 -0.03643392 -0.031117763 0.99885136 9.8063965
0.989832 0.13719359 0.037615202 179.75049 -0.13823639 0.99004316 0.02666432 135.81201 -0.033583067 -0.03159388 0.998936 9.768066
0.987305 0.15549836 0.032526802 181.0852 -0.1563952 0.9873267 0.027115995 135.62402 -0.027898453 -0.031857725 0.99910283 9.731689
0.9842683 0.17449258 0.02737821 182.39551 -0.17528825 0.9840506 0.029993545 135.4187 -0.02170661 -0.034322295 0.999175 9.710571
0.9814227 0.19038679 0.023307536 183.70142 -0.1910899 0.9810075 0.033003636 135.17969 -0.0165794 -0.03684452 0.99918336 9.681519
0.9774706 0.2100779 0.020545363 185.05933 -0.21069323 0.9769363 0.034740217 134.9065 -0.012773448 -0.038285527 0.999185 9.671997
0.9735492 0.22770178 0.018764287 186.40576 -0.22826195 0.97289574 0.036994137 134.61328 -0.009832444 -0.04029892 0.9991393 9.666138
0.9699607 0.24252364 0.018914739 187.74878 -0.24307215 0.96933305 0.036173422 134.29346 -0.0095619615 -0.03968491 0.99916655 9.651733
0.96504235 0.2614043 0.018912468 189.08472 -0.26192924 0.96445316 0.0349207 133.9353 -0.009110243 -0.038654454 0.99921083 9.64856
0.9604697 0.27789354 0.014982237 190.4292 -0.2782599 0.9598282 0.03539148 133.56714 -0.0045415554 -0.03816245 0.9992611 9.660645
0.9557265 0.29403853 0.013011914 191.78662 -0.29432443 0.95494425 0.03867816 133.17554 -0.0010556548 -0.040794566 0.9991669 9.654419
0.95003766 0.31193706 0.013164649 193.11426 -0.31221473 0.9492022 0.039832897 132.74585 -7.2089024e-05 -0.041951705 0.99911934 9.654419
0.94440633 0.32850665 0.0143815 194.47485 -0.3288213 0.9434726 0.041985743 132.31592 0.00022262847 -0.044380333 0.99901456 9.666748
0.93883646 0.34424663 0.012470369 195.82446 -0.34444854 0.9377291 0.045770623 131.83716 0.00405623 -0.047264796 0.9988743 9.680664
0.93105555 0.36469308 0.010183174 197.18286 -0.36475924 0.92992926 0.04639311 131.3169 0.0074493345 -0.04691031 0.99887156 9.696533
0.9245175 0.38102353 0.008648882 198.5564 -0.3809865 0.9233473 0.047598228 130.78027 0.01015052 -0.047300596 0.9988292 9.713013
0.917664 0.39734957 0.0036998754 199.90625 -0.39705268 0.916528 0.04830732 130.2041 0.015802152 -0.045800693 0.9988259 9.744629
0.90847415 0.41797045 0.00076474436 201.22876 -0.41744637 0.90724045 0.05175095 129.6355 0.020935152 -0.04733266 0.99865973 9.782837
0.89869446 0.43863428 -0.00073020626 202.56396 -0.43794006 0.8973634 0.054776456 129.02563 0.02467601 -0.04890843 0.99849874 9.822754
0.8865943 0.46251425 5.1343814e-05 203.90845 -0.4617519 0.8851265 0.057503898 128.34766 0.026548032 -0.051008403 0.9983459 9.864502
0.8732501 0.48735905 0.0007388815 205.26196 -0.4864579 0.87154096 0.062124006 127.64136 0.029630674 -0.054608416 0.9980678 9.916504
0.85968155 0.5107908 0.0013071317 206.57349 -0.50973976 0.85774195 0.06636174 126.899414 0.03278588 -0.057717282 0.997794 9.974243
0.845493 0.53405213 0.0017468771 207.83618 -0.53288895 0.8434268 0.06880915 126.15161 0.03526491 -0.059106942 0.99762887 10.036743
0.8300489 0.557802 0.0018252971 209.09595 -0.5564958 0.8278708 0.071208894 125.3728 0.038199082 -0.0601271 0.99746025 10.101318
0.81310964 0.5820258 0.0007847467 210.35986 -0.58054674 0.81094575 0.07232367 124.49194 0.041480783 -0.059258968 0.99737895 10.169312
0.7970329 0.6039878 -0.0019448997 211.61353 -0.60221016 0.794925 0.07418966 123.58594 0.046350706 -0.057964884 0.9972425 10.250488
0.78239596 0.6227115 -0.0041898587 212.81274 -0.62064433 0.7803119 0.07644071 122.696045 0.05088348 -0.05721132 0.9970646 10.335449
0.76408505 0.645182 -0.006014898 214.0166 -0.64285904 0.76206326 0.0781826 121.71069 0.055022277 -0.055866428 0.9969202 10.423218
0.74920756 0.6622996 -0.0075156903 215.18994 -0.6597589 0.74723786 0.07977392 120.728516 0.058447495 -0.05481519 0.9967852 10.520264
0.7335987 0.6795883 -0.0073474683 216.33423 -0.6769962 0.7316656 0.08002788 119.71802 0.05975035 -0.05373743 0.99676645 10.6188965
0.7172948 0.69683284 -0.008019244 217.4502 -0.6941126 0.7154252 0.080802895 118.68091 0.062020652 -0.052393157 0.99669904 10.7229
0.7018189 0.7121961 -0.009439453 218.55884 -0.7093613 0.7000964 0.08084099 117.59473 0.06418777 -0.05004402 0.9966829 10.833618
0.6866202 0.72696114 -0.012513893 219.6189 -0.72386384 0.6851064 0.08202817 116.51611 0.068191595 -0.047268745 0.99655247 10.942749
0.6730036 0.73947686 -0.015109737 220.68408 -0.73607075 0.67162603 0.08431282 115.404785 0.072487496 -0.045626037 0.99632585 11.069946
0.65680635 0.7538706 -0.015208952 221.72437 -0.7502731 0.6554152 0.08640282 114.25879 0.07512063 -0.045334905 0.99614286 11.183228
0.64212376 0.766481 -0.014672766 222.71973 -0.7628369 0.6407356 0.0869996 113.1062 0.07608484 -0.04467628 0.99610037 11.313477
0.62596554 0.7797924 -0.011990756 223.71582 -0.77615756 0.6244021 0.08805516 111.92212 0.07614954 -0.04580941 0.99604315 11.446655
0.60653925 0.7949988 -0.006827078 224.68921 -0.79150534 0.60463804 0.08885081 110.71704 0.074751966 -0.04848449 0.99602264 11.576294
0.5899123 0.80738866 -0.0021308474 225.6294 -0.8040632 0.5877196 0.089140415 109.49365 0.07322525 -0.05086125 0.9960168 11.706909
0.5737613 0.8190892 0.0011661327 226.52393 -0.81579816 0.57132846 0.09035822 108.28638 0.073345095 -0.052779187 0.99590755 11.838379
0.5538092 0.8326802 0.0038588885 227.39062 -0.8292557 0.551099 0.093259424 107.04956 0.075539 -0.05484149 0.9956329 11.971924
0.53575855 0.84450465 0.0074049835 228.21216 -0.840949 0.532655 0.096761376 105.81738 0.07774862 -0.058058817 0.99528044 12.105225
0.5168795 0.8560065 0.008547685 229.00073 -0.8524723 0.5137798 0.09646797 104.56445 0.078198455 -0.057167288 0.9952991 12.247925
0.496774 0.86784124 0.012720815 229.77881 -0.8646125 0.49353635 0.09466157 103.2959 0.07587951 -0.058033556 0.99542767 12.381714
0.47550088 0.87951344 0.01675519 230.47632 -0.8765779 0.47214562 0.0928051 102.06079 0.07373171 -0.058810346 0.9955419 12.509155
0.45479316 0.8902696 0.020812942 231.18579 -0.8876048 0.45129976 0.09131098 100.76758 0.07188705 -0.059991825 0.9956062 12.639038
0.43311876 0.90124744 0.022157786 231.84009 -0.89869416 0.4296846 0.08971924 99.480225 0.07132297 -0.058775257 0.99572074 12.768677
0.4133605 0.91021633 0.023511363 232.43018 -0.90773576 0.40994194 0.08877051 98.22217 0.071148135 -0.0580452 0.9957762 12.887207
0.3906266 0.92028534 0.023645492 233.01904 -0.9177753 0.38729542 0.088114865 96.93091 0.071942054 -0.056131937 0.99582905 13.003052
0.36739022 0.9296876 0.023514818 233.56616 -0.9271054 0.36414966 0.08784513 95.64673 0.07310845 -0.054055475 0.9958564 13.135376
0.34821045 0.9370767 0.022785509 234.04712 -0.934495 0.34515175 0.08643937 94.38965 0.07312312 -0.051373094 0.9959973 13.249634
0.3254229 0.94523144 0.022321425 234.52661 -0.9426611 0.32253128 0.08501642 93.082275 0.073147625 -0.048719548 0.9961311 13.369995
0.30510575 0.951959 0.022089925 234.9563 -0.9493998 0.30233935 0.083872564 91.81348 0.07317721 -0.046564445 0.9962313 13.487915
0.2856071 0.95807153 0.023734543 235.36182 -0.95519704 0.28256372 0.08827383 90.559326 0.07785985 -0.047879692 0.9958137 13.608154
0.2657422 0.96362454 0.025835507 235.74414 -0.96001446 0.2621325 0.0975821 89.29736 0.08723555 -0.050742462 0.9948948 13.736206
0.24686453 0.96851516 0.028301978 236.09009 -0.9643244 0.24274229 0.10453822 88.04614 0.09436149 -0.053135324 0.99412155 13.871338
0.22907111 0.97286 0.032165144 236.41699 -0.96834993 0.22440185 0.10910966 86.799805 0.09893912 -0.05613033 0.9935083 14.01001
0.20690165 0.97769344 0.03519682 236.71118 -0.97325826 0.20204064 0.109026045 85.5542 0.09944507 -0.056831937 0.9934197 14.155518
0.18823437 0.9813128 0.040907934 236.98413 -0.97702724 0.18283167 0.109855585 84.31006 0.10033322 -0.06063923 0.9931039 14.294312
0.16992989 0.98438156 0.045451038 237.2351 -0.98034316 0.1641947 0.109152466 83.07617 0.09997804 -0.063089795 0.9929857 14.436768
0.15078305 0.98740953 0.047153085 237.4414 -0.9835446 0.14506394 0.10741201 81.843994 0.09921058 -0.06259331 0.99309736 14.575317
