1.000000000000000000e+00 -3.306050084167601550e-19 -2.270457535318767223e-19 -8.673617379884035472e-19 7.546676715296109287e-19 1.000000000000000000e+00 6.237773588823049983e-19 1.387778780781445676e-17 -3.447385680526250622e-20 4.770700176052009879e-20 1.000000000000000222e+00 5.551115123125782702e-17
9.995591491203773549e-01 -3.949257570088008339e-03 2.942640667124293147e-02 2.445702660348874138e-02 3.889663514066518755e-03 9.999902391382846645e-01 2.081427411295455436e-03 -9.627785159886423361e-03 -2.943434538574834711e-02 -1.966051988846270401e-03 9.995647675106863472e-01 2.762699550108351776e-01
9.997891425347171790e-01 -5.178923483325043389e-03 1.987250791929445412e-02 2.310113404643699547e-02 5.152101739661770277e-03 9.999857412614354679e-01 1.400410614059561165e-03 -2.099819768708841017e-02 -1.987947957093887802e-02 -1.297739206353280828e-03 9.998015655980735383e-01 5.808253979708913883e-01
9.997747275347125262e-01 -6.487378464442353741e-03 2.020771602108814916e-02 2.985963958203858432e-02 6.469399636135278811e-03 9.999786324238965074e-01 9.545046574712036814e-04 -2.595729272793535769e-02 -2.021347912961356588e-02 -8.235716825931003625e-04 9.997953136711520417e-01 8.816259141468754112e-01
9.997463334149442327e-01 -9.110641636145748110e-03 2.059425523459633423e-02 3.930760884547817441e-02 9.130098346664648062e-03 9.999579335671673341e-01 -8.505521254738476452e-04 -1.923158189269608132e-02 -2.058563753066013774e-02 1.038434359125608780e-03 9.997874842118891214e-01 1.190546091018466424e+00
9.998743398208860267e-01 -1.034622189669473502e-02 1.201279415798845590e-02 3.752972326400449976e-02 1.037210936362367719e-02 9.999440329664139870e-01 -2.094134675022554879e-03 -2.988264179766665640e-02 -1.199045031094654948e-02 2.218450453233500059e-03 9.999256848680349030e-01 1.506580928044211731e+00
9.999264661485056660e-01 -1.205154790553175648e-02 1.351664816931727161e-03 3.124037999680918942e-02 1.205656200128639444e-02 9.999202180317104949e-01 -3.765043827900130865e-03 -3.921382436791427673e-02 -1.306178278506187366e-03 3.781060057122694745e-03 9.999920256510218541e-01 1.827881418689291104e+00
9.998185141307864843e-01 -1.154126368644340338e-02 -1.515865945579049183e-02 1.314934147282764351e-02 1.148645151041731427e-02 9.999271962607555464e-01 -3.697688368571665565e-03 -4.718213202439379417e-02 1.520023049985849001e-02 3.522919235076566510e-03 9.998782439045701409e-01 2.152420582220894385e+00
9.994426266826874627e-01 -8.340924002745192523e-03 -3.232980297997686131e-02 -2.690413881592816289e-02 8.197060556604365833e-03 9.999559176586820808e-01 -4.578773479735127015e-03 -4.675939688097388580e-02 3.236657476928344462e-02 4.311336612696490579e-03 9.994668812453313400e-01 2.496121536788592277e+00
9.984948122636675416e-01 -4.256471173190009595e-03 -5.468199827747610708e-02 -7.162786713120461446e-02 3.978445025411832085e-03 9.999785840492886324e-01 -5.192205964068137038e-03 -5.371797409313494587e-02 5.470292695636144731e-02 4.966894143994159821e-03 9.984904026868304250e-01 2.846308782029609130e+00
9.972754280007396499e-01 -4.147162489657799794e-03 -7.366125082495880716e-02 -1.156423573319300263e-01 3.739547470524988079e-03 9.999769037796695237e-01 -5.671644096167190521e-03 -5.990966229072457183e-02 7.368308274112622680e-02 5.380757459046309546e-03 9.972679152021654003e-01 3.200779039886287869e+00
9.954986268005802108e-01 -5.856622776991267029e-03 -9.458120891306980027e-02 -1.691690065235630092e-01 5.399942324595663305e-03 9.999725072061899089e-01 -5.083499444429965056e-03 -6.576083238852425961e-02 9.460837879141505147e-02 4.549860754488998377e-03 9.955028750302480356e-01 3.588417710290475959e+00
9.934209740048131065e-01 -6.314461976250225136e-03 -1.143446966711265111e-01 -2.279818431632902875e-01 5.930883187858936381e-03 9.999755641604355372e-01 -3.693902940802303025e-03 -7.554514802623957248e-02 1.143652446794240635e-01 2.991263794006314338e-03 9.934341731994976721e-01 3.971219294106266506e+00
9.913647074959507366e-01 -5.940528115602363227e-03 -1.310281346840518057e-01 -3.003632908970608195e-01 5.613528442971050907e-03 9.999801137795697459e-01 -2.865348212526188255e-03 -8.306680438067777505e-02 1.310425580837750459e-01 2.105247281680796070e-03 9.913783552038195612e-01 4.370284193405320039e+00
9.891329265127369874e-01 -3.640884943366826543e-03 -1.469676926126479710e-01 -3.813007471298717199e-01 3.403063166555590074e-03 9.999924442573489003e-01 -1.868878381835128218e-03 -9.070669041460327486e-02 1.469733975747008758e-01 1.348604079919314865e-03 9.891378881639354415e-01 4.787098320971029608e+00
9.870733735663925756e-01 -3.562844832509325706e-03 -1.601792871609113988e-01 -4.686774980300572602e-01 3.219379311069145780e-03 9.999919583220601149e-01 -2.404212228809566969e-03 -9.684554753752680489e-02 1.601865674895490976e-01 1.857259427467913924e-03 9.870769215104426841e-01 5.205150532165668587e+00
9.848485749920975474e-01 -4.983292915955551267e-03 -1.733588491850067692e-01 -5.524272127317051417e-01 4.519315063108691327e-03 9.999850496118615206e-01 -3.072520423673729371e-03 -1.055055849242087784e-01 1.733715827382702190e-01 2.242325008203042720e-03 9.848564002487938396e-01 5.643761429909368132e+00
9.832111886856836902e-01 -8.118924065497086506e-03 -1.823090013548634702e-01 -6.427476235063273036e-01 7.349353877164813316e-03 9.999610034471624331e-01 -4.898200682591003809e-03 -1.189218166300331780e-01 1.823416538685769250e-01 3.476269623182667509e-03 9.832325439091768038e-01 6.089406862243373020e+00
9.817206801604934086e-01 -7.345369101603092289e-03 -1.901558623984726804e-01 -7.316657387872393947e-01 6.170703469201571298e-03 9.999580647823074209e-01 -6.767218151510453680e-03 -1.282939228287137134e-01 1.901975991357598428e-01 5.470197911482428156e-03 9.817248376301365154e-01 6.545667614444799831e+00
9.804878365961657849e-01 -7.120594855421065635e-03 -1.964103182762666766e-01 -8.389908002534556264e-01 5.516072648432040169e-03 9.999468263934234713e-01 -8.715611949595974614e-03 -1.301111714457609536e-01 1.964619277148144105e-01 7.461915862316997709e-03 9.804750016413008584e-01 7.023749743956476443e+00
9.786746459369901618e-01 -7.033300287932546004e-03 -2.052937954633025086e-01 -9.531562228862497932e-01 4.814528143203449309e-03 9.999244989917740467e-01 -1.130471758179752567e-02 -1.414277158264011791e-01 2.053578148276302140e-01 1.007543786155904939e-02 9.786345820495380154e-01 7.510044647982616617e+00
9.769477305476857998e-01 -1.157408562677981513e-02 -2.131503456735295565e-01 -1.065013627787378736e+00 8.941691982808485512e-03 9.998712717492703739e-01 -1.331200888201264712e-02 -1.509393661961912214e-01 2.132770102300517723e-01 1.109841445009046405e-02 9.769258264040634465e-01 8.011780017137668963e+00
9.751683894853270251e-01 -1.669750244708267592e-02 -2.208173789138500043e-01 -1.173152862369759131e+00 1.387884172670821557e-02 9.998012692841033999e-01 -1.430885476960517405e-02 -1.673231207889842309e-01 2.210124129383742309e-01 1.088893664205628671e-02 9.752065206395970076e-01 8.529128104669901234e+00
9.732889919156884062e-01 -1.753741524254980727e-02 -2.289360040941802732e-01 -1.306214365981453795e+00 1.422326324432491955e-02 9.997687959075008957e-01 -1.612318341980080796e-02 -1.898262346352914687e-01 2.291658052689203029e-01 1.243657091368607394e-02 9.733136482958906210e-01 9.053789161633263305e+00
9.714354682708036259e-01 -1.429732090810422775e-02 -2.368895492978950468e-01 -1.458943421962328513e+00 9.459461323093774562e-03 9.997229804669700570e-01 -2.155446056213335473e-02 -1.968513887595301770e-01 2.371320320766569789e-01 1.869840830041539712e-02 9.713017305911452182e-01 9.586761334915683719e+00
9.693812369684559060e-01 -1.107350008880924296e-02 -2.452796817107127658e-01 -1.610894373169251326e+00 5.282255253866778751e-03 9.996917593109290179e-01 -2.425116667530861220e-02 -2.072955985370743270e-01 2.454726678781565252e-01 2.221306998942782981e-02 9.691411865743140286e-01 1.012812489055687060e+01
9.670107577424171819e-01 -1.397584598401651647e-02 -2.543849413524269520e-01 -1.760961512191579148e+00 7.423091755882684287e-03 9.996156761611253438e-01 -2.670921191610131293e-02 -2.274172961856699704e-01 2.546605322539458593e-01 2.393922284527410030e-02 9.667430834228127878e-01 1.068765632608431382e+01
9.647884325798060656e-01 -1.591886898236133038e-02 -2.625566872198191182e-01 -1.921118641313438458e+00 8.853880500784448368e-03 9.995665647284310840e-01 -2.806932331201101791e-02 -2.575138448213484255e-01 2.628897004602013254e-01 2.475700448578303792e-02 9.645115083146268420e-01 1.125453212544476855e+01
9.625529236598194815e-01 -1.601304774554532587e-02 -2.705664902777848435e-01 -2.093594911013325621e+00 7.922510049739046878e-03 9.994890318012945585e-01 -3.095906404721114613e-02 -2.772512481202377144e-01 2.709239768887777844e-01 2.765613173227906771e-02 9.621880836586065300e-01 1.183414986422704018e+01
9.606366702082536069e-01 -1.521742461177916055e-02 -2.774324151230009861e-01 -2.276523752577038096e+00 5.827256188734856145e-03 9.993826099987987988e-01 -3.463763121658589711e-02 -2.989642957560383896e-01 2.777884929058189734e-01 3.165678209129334925e-02 9.601324303032017227e-01 1.242671863942642041e+01
9.583725212866954779e-01 -1.579245656525527994e-02 -2.850960181465980736e-01 -2.467226464840232225e+00 4.754500094295100419e-03 9.992133636097539906e-01 -3.936563241782298911e-02 -3.300313816909987708e-01 2.854935170420193624e-01 3.637176486575664780e-02 9.576938015545091165e-01 1.302378259773050218e+01
9.564331701938524333e-01 -1.694016297359787412e-02 -2.914031992359218393e-01 -2.662448428668068967e+00 3.511703481605111393e-03 9.989103765050921790e-01 -4.652759137585210647e-02 -3.649016486937180503e-01 2.918739273914450205e-01 4.347681636429194529e-02 9.554507114187315020e-01 1.363484668234330144e+01
9.552240678890807635e-01 -1.765973088013457135e-02 -2.953844555475212408e-01 -2.866424371159539852e+00 1.544391139707137128e-03 9.985010983956508213e-01 -5.470609770320298409e-02 -4.022184401878607374e-01 2.959082099502537977e-01 5.179885653227703224e-02 9.538199234369483248e-01 1.426117698120896016e+01
9.540384152927124939e-01 -1.804921198815060898e-02 -2.991465539076854641e-01 -3.079021753796286731e+00 -9.809735250515092160e-04 9.979911345215434215e-01 -6.334261491235179675e-02 -4.432514034127392755e-01 2.996890434119412472e-01 6.072442833676503643e-02 9.521044256915731641e-01 1.490030050515130533e+01
9.527691663809988443e-01 -1.748613750728361324e-02 -3.032021722281429965e-01 -3.293517403882474603e+00 -4.743943776466332668e-03 9.973621857668302226e-01 -7.241038956804007887e-02 -4.888344775612396553e-01 3.036689215427655353e-01 7.042806477035616630e-02 9.501731441404708267e-01 1.554120915952007742e+01
9.519766044996355037e-01 -1.646108423539593968e-02 -3.056529663981411571e-01 -3.518841608581289027e+00 -8.278922774637592977e-03 9.968044858498240623e-01 -7.943260704724267041e-02 -5.517916528736709347e-01 3.059836951180818221e-01 7.814898362857328196e-02 9.487984007889989080e-01 1.619568417425469065e+01
9.499067478271705500e-01 -1.519195368427337517e-02 -3.121943675781865823e-01 -3.753693671109207486e+00 -1.237089203344528092e-02 9.962073866582048520e-01 -8.613874321155898239e-02 -6.108875958989763433e-01 3.123187222944121544e-01 8.568703644622609195e-02 9.461162570170053021e-01 1.686340971745778461e+01
9.485346335710517218e-01 -1.329096595856715801e-02 -3.164665381700277336e-01 -4.002206041542510917e+00 -1.673260704525907430e-02 9.956194845742993849e-01 -9.200564327875622450e-02 -6.755062727536005340e-01 3.163030264811355630e-01 9.256638940332614918e-02 9.441573275676925503e-01 1.754040822900844887e+01
9.470541415931400531e-01 -1.098049886500516471e-02 -3.208142491696585052e-01 -4.254722555444523380e+00 -2.149400541202434525e-02 9.950047155717585134e-01 -9.746811427026001728e-02 -7.501663873277899519e-01 3.202820112710752509e-01 9.920326169005372341e-02 9.420875351805301223e-01 1.822850923800971046e+01
9.456266163368411970e-01 -8.485794203742935346e-03 -3.251713403766792188e-01 -4.515335404587655255e+00 -2.581533144023226076e-02 9.945476603563031537e-01 -1.010527652133189069e-01 -8.279751615610621007e-01 3.242562883293328424e-01 1.039519071384093774e-01 9.402519513532732187e-01 1.892737478409157603e+01
9.433312513374177977e-01 -7.432247577543836005e-03 -3.317779564252656965e-01 -4.779598755694002499e+00 -2.823065058536876684e-02 9.943276683428238227e-01 -1.025340084542245844e-01 -9.008162270499863178e-01 3.306580445714614735e-01 1.060897907551245217e-01 9.377707702039443927e-01 1.963453423412900278e+01
9.412141674037399763e-01 -6.993816014121095707e-03 -3.377812277803512453e-01 -5.052769219648260979e+00 -2.901805798105588918e-02 9.944161502108767037e-01 -1.014494312058242670e-01 -9.884196261461603017e-01 3.366051046373345623e-01 1.052852708975714618e-01 9.357557931680068330e-01 2.035652803805884759e+01
9.390640256559120713e-01 -6.681118275479520051e-03 -3.435885523916061279e-01 -5.326362075743843683e+00 -2.929489317021306480e-02 9.946180303792211408e-01 -9.939038550640423575e-02 -1.074106317401445132e+00 3.424028636744586573e-01 1.034028790790552377e-01 9.338144940480274103e-01 2.108006295318802970e+01
9.366115048108460961e-01 -6.113015059757456217e-03 -3.502255486936176609e-01 -5.613474873711163049e+00 -2.992909893746371550e-02 9.947972566807427031e-01 -9.738643600637125752e-02 -1.155279329164105917e+00 3.489983411179413686e-01 1.016981906811669362e-01 9.315558090307199945e-01 2.179826433728863933e+01
9.343893742350358744e-01 -6.281410972799431579e-03 -3.562290183517861086e-01 -5.907560837819658239e+00 -2.930995267440081667e-02 9.950993877752405403e-01 -9.443275681733204197e-02 -1.238142724167337727e+00 3.550769170558667476e-01 9.867601806838995071e-02 9.296262425292136644e-01 2.253598183922663978e+01
9.299203706130606539e-01 -2.639389948453360786e-03 -3.676759284708895348e-01 -6.227439154223209705e+00 -3.215891875764807090e-02 9.955599460529658273e-01 -8.846535908595831721e-02 -1.320542635339420734e+00 3.662766516350748347e-01 9.409242130492384559e-02 9.257067336765335552e-01 2.331061669738917885e+01
9.269256214498831081e-01 -1.172831457124058922e-03 -3.752400922284523377e-01 -6.541719352415371169e+00 -3.236548448055013433e-02 9.960186686665750688e-01 -8.304399143711607700e-02 -1.402109792632687091e+00 3.738435775713869758e-01 8.911889349833940210e-02 9.231972866505097075e-01 2.405737033681868908e+01
9.237406235608720539e-01 1.339548555442114262e-03 -3.830506130621145755e-01 -6.874742003532429813e+00 -3.460451178258381472e-02 9.961960044702555805e-01 -7.997034955585682892e-02 -1.474987855483364863e+00 3.814862316712740453e-01 8.712724325206130938e-02 9.202733925110172519e-01 2.481143381138838322e+01
9.202595970473849141e-01 2.656145221126729721e-03 -3.913699419812748936e-01 -7.218919294197064573e+00 -3.578891440702747923e-02 9.963571185556158172e-01 -7.737756819559871158e-02 -1.549706589128503120e+00 3.897389519895604337e-01 8.520945066517414401e-02 9.170024617384607835e-01 2.557500233289427882e+01
9.158884077402894563e-01 3.912599094082429459e-03 -4.014195790280026266e-01 -7.566395310527263440e+00 -3.781478182775338537e-02 9.963469888495317672e-01 -7.657037347422307461e-02 -1.625347037642626669e+00 3.996540970003382709e-01 8.530718016173849394e-02 9.126905625204390082e-01 2.635167794219994519e+01
9.125478782955008805e-01 4.520296619096779954e-03 -4.089150829116162122e-01 -7.925076904327094773e+00 -3.852611158411339831e-02 9.964424594925156420e-01 -7.495430732252011952e-02 -1.694078843793559885e+00 4.071216527276899644e-01 8.415303381522867832e-02 9.094755507121973226e-01 2.711972562185082936e+01
9.085622705569498248e-01 5.358657626093410800e-03 -4.176809733238339151e-01 -8.303865524353213345e+00 -3.961470225631107123e-02 9.965167360085022130e-01 -7.336596667626769930e-02 -1.763767334614080751e+00 4.158325350698285905e-01 8.320551860585520543e-02 9.056100255123376019e-01 2.790694405234049924e+01
9.045838575838510698e-01 4.595038604944124382e-03 -4.262556190106754905e-01 -8.685472121519929090e+00 -3.860228515373382435e-02 9.967168944960689281e-01 -7.118414117727525636e-02 -1.843576290635675852e+00 4.245294940254358274e-01 8.084577108540630386e-02 9.017911315794431282e-01 2.869156076522335397e+01
9.014360419531730617e-01 5.314847160834452675e-03 -4.328566109009239216e-01 -9.075987111082266523e+00 -3.763514082885409395e-02 9.971010573140863809e-01 -6.612307878943381179e-02 -1.907442836645213413e+00 4.312502108727859773e-01 7.589698975036709983e-02 8.990228773104995685e-01 2.949569554331163701e+01
8.971182012476877077e-01 6.910393448300571062e-03 -4.417302998074888465e-01 -9.488562914066456244e+00 -3.753133387919502240e-02 9.974553593668668006e-01 -6.059662495244412528e-02 -1.968018156517395312e+00 4.401877758271976471e-01 7.093604292923905152e-02 8.950944629717190182e-01 3.031200675596068805e+01
8.942672969259366500e-01 6.110204993521817923e-03 -4.474635844002338159e-01 -9.904105295250571928e+00 -3.524142306607274538e-02 9.977631462645731864e-01 -5.682111809425171439e-02 -2.038494586154665722e+00 4.461153611709328670e-01 6.658778025069660156e-02 8.924825534830742590e-01 3.112176248957437963e+01
8.907770540627560907e-01 6.122198581948744105e-03 -4.543719760735572266e-01 -1.033712461903739133e+01 -3.462053694319455061e-02 9.979175616929992776e-01 -5.441588227006411566e-02 -2.097793182334264817e+00 4.530925174105129294e-01 6.420408771426205918e-02 8.891341372387822073e-01 3.194379448201170746e+01
8.872227240274709326e-01 5.952390520479652544e-03 -4.613651100312326503e-01 -1.078072445715240768e+01 -3.440508327883139844e-02 9.979859397615373773e-01 -5.328189325962456174e-02 -2.159480937931228084e+00 4.601187606977739653e-01 6.314415892879431114e-02 8.856406833255546784e-01 3.277939325221460365e+01
8.845835102049663945e-01 7.655993398365958970e-03 -4.662729093760172305e-01 -1.123056192891915828e+01 -3.542793694773730545e-02 9.980792413411480046e-01 -5.081616219407471269e-02 -2.222081156604709395e+00 4.649879813304383935e-01 6.147361645949969700e-02 8.831558443401164027e-01 3.360682881431994673e+01
8.818000680215858367e-01 5.611939598895928326e-03 -4.716407979096695069e-01 -1.169470334485446372e+01 -3.312746854788672923e-02 9.981965143232249815e-01 -5.006118054721390292e-02 -2.274658576526001674e+00 4.705096706863511336e-01 5.976388284498192899e-02 8.803953682624894306e-01 3.445814166337206785e+01
8.792581787426000384e-01 4.641413384725233925e-03 -4.763437848770017413e-01 -1.216871532371660969e+01 -3.196026336039149707e-02 9.982741045517726786e-01 -4.926455085572098436e-02 -2.332037720620545151e+00 4.752931387999831947e-01 5.853895903395629069e-02 8.778889379618836086e-01 3.531049793108535084e+01
8.778866768348210226e-01 3.567014698331126728e-03 -4.787909621504637392e-01 -1.265140506124293296e+01 -3.135461956554232155e-02 9.982546828807253858e-01 -5.004628926206129702e-02 -2.390932203984057036e+00 4.777767728488546140e-01 5.894903840857352445e-02 8.764662242840876027e-01 3.617526442574563816e+01
8.765496105580313779e-01 3.713603642929545756e-03 -4.814489749136880992e-01 -1.314563906317113862e+01 -3.186929489440561147e-02 9.982235626497002468e-01 -5.033315107193193222e-02 -2.445070542015349346e+00 4.804071185872130223e-01 5.945737512288660348e-02 8.751108957581803516e-01 3.704202282157667270e+01
8.758849596001672122e-01 4.012010880840611270e-03 -4.825034033267499578e-01 -1.364305905181167411e+01 -3.176698023473456534e-02 9.982754772407566035e-01 -4.937351747602394120e-02 -2.504113533870161667e+00 4.814734111865701660e-01 5.857300660010431037e-02 8.745017965117374281e-01 3.792596952957334366e+01
8.756588169329214688e-01 3.666940568240722748e-03 -4.828566197196452192e-01 -1.415068804371751909e+01 -3.067808174415649972e-02 9.983738399600363689e-01 -4.803800977624769764e-02 -2.561594015956452530e+00 4.818952509419792696e-01 5.687863176064771736e-02 8.743472888620473782e-01 3.882842853373651337e+01
8.753709959335053137e-01 3.241130400395709262e-03 -4.835437105634415866e-01 -1.466895467379658946e+01 -2.954339449725915112e-02 9.984672046780131982e-01 -4.680274499247845388e-02 -2.619812946499205264e+00 4.826509857722041108e-01 5.525396885861684482e-02 8.741250490718618371e-01 3.973963677859819654e+01
8.761309972349367037e-01 7.017132387436791994e-04 -4.820966798621690308e-01 -1.518449100932313200e+01 -2.714389234407240184e-02 9.984841710113042668e-01 -4.787941168010816789e-02 -2.680585578359412136e+00 4.813323627763835821e-01 5.503523577656858901e-02 8.748220446977900133e-01 4.065978287377743072e+01
8.740784876809297721e-01 -1.137156027479998589e-03 -4.857710726465251927e-01 -1.571233852600148317e+01 -2.539262254678851041e-02 9.985231571689829888e-01 -4.802196671921907245e-02 -2.739960145269255687e+00 4.851083322135062437e-01 5.430979721731806625e-02 8.727587296007710549e-01 4.159387442974184523e+01
8.731778155300849997e-01 -2.121964600774911211e-03 -4.873754981257871211e-01 -1.624247467038633630e+01 -2.364285413464076516e-02 9.986289232881436773e-01 -4.670333640319632856e-02 -2.799754166491449148e+00 4.868064493724610919e-01 5.230326736851698827e-02 8.719303031319973751e-01 4.252215926376748456e+01
8.704743733234425740e-01 -1.071701177630049115e-03 -4.921241419687527041e-01 -1.677637968427334414e+01 -2.287149082172854758e-02 9.988293962439630524e-01 -4.262286320414536422e-02 -2.863052919962398857e+00 4.915936743937917019e-01 4.835993453599563702e-02 8.694307141514666659e-01 4.345863591529700898e+01
8.678768632237133795e-01 -7.269028702748408805e-04 -4.969341327428299926e-01 -1.732039988760712390e+01 -2.119137934688854197e-02 9.990344794609167245e-01 -3.846941784566764583e-02 -2.917154513030364882e+00 4.964825265087710049e-01 4.391260878200887313e-02 8.670234174090590828e-01 4.438684669350365652e+01
8.647431482895560073e-01 -1.148484115178037210e-03 -5.022573705552197953e-01 -1.786415501320134069e+01 -1.939986949890051132e-02 9.991745854113553982e-01 -3.568958062295304184e-02 -2.972054431953527587e+00 5.018840135497679711e-01 4.060379900451194929e-02 8.640070304554303693e-01 4.530956755853840434e+01
8.594927643639771464e-01 -3.950978629751470544e-03 -5.111240495850613019e-01 -1.840994094930138303e+01 -1.783032894028699702e-02 9.991297766871032326e-01 -3.770488359554599600e-02 -3.035984618691011772e+00 5.108282217728457031e-01 4.152157831918670133e-02 8.586744169185853703e-01 4.622764211169980797e+01
8.540017799379542307e-01 -7.250651741461610310e-03 -5.201243576828346038e-01 -1.897648254101335397e+01 -1.642308000759755762e-02 9.990290001318975488e-01 -4.087700345999052687e-02 -3.092155769025698664e+00 5.199156279026584393e-01 4.345203128537040299e-02 8.530534117293124829e-01 4.713814122093889125e+01
8.471978848349011049e-01 -7.332446090052097999e-03 -5.312246619591126651e-01 -1.955899536920572501e+01 -1.677220611377497686e-02 9.990372743943574108e-01 -4.053763951381957054e-02 -3.147731985960041445e+00 5.310103889329201854e-01 4.325500984767276930e-02 8.462592331657613487e-01 4.804343067976169124e+01
8.420448785303570327e-01 -3.957654756909067227e-03 -5.395226882539378988e-01 -2.015250956148587846e+01 -1.789410947660444520e-02 9.992178212605029586e-01 -3.526554162284721572e-02 -3.200695841467072977e+00 5.392406274687975287e-01 3.934575438156599075e-02 8.413153274575229101e-01 4.894854727793495641e+01
8.377739459686029955e-01 -8.998878620778452382e-04 -5.460699036963011510e-01 -2.075496777720710995e+01 -1.881326393456420054e-02 9.993574012527118855e-01 -3.052097302025560954e-02 -3.253602801625143481e+00 5.457464189211089778e-01 3.584539242084409938e-02 8.372185568390491106e-01 4.984833706370580586e+01
8.332793888478746691e-01 -2.523154502130938825e-04 -5.529873707947479122e-01 -2.136302839873290438e+01 -2.085025825383268056e-02 9.992742345259986170e-01 -3.188164481739469425e-02 -3.302113559266102616e+00 5.525941999168076935e-01 3.809355028316082498e-02 8.326692002459695763e-01 5.073817698129825260e+01
8.294382905916579674e-01 -2.231478959984256431e-03 -5.584829260450392407e-01 -2.197668061578790244e+01 -2.153158652514105403e-02 9.991211775052020183e-01 -3.595849426702208557e-02 -3.355222646052918645e+00 5.580721804208486070e-01 4.185351711080160381e-02 8.286612531479522481e-01 5.162143115822099304e+01
8.275445517651399685e-01 -4.065825511680847340e-03 -5.612963169450010392e-01 -2.258480971065404574e+01 -2.412312487040466774e-02 9.987927586124161206e-01 -4.279311376838525194e-02 -3.414285142532981876e+00 5.607925560451171298e-01 4.895457770626925748e-02 8.264473351798479195e-01 5.250060965388782108e+01
8.242275142987689485e-01 -5.077851826401228244e-03 -5.663468384164729308e-01 -2.320624970642160179e+01 -2.438485838643851891e-02 9.987140028296841443e-01 -4.445331430563283920e-02 -3.465284833751177906e+00 5.658441516378385217e-01 5.044937554318078970e-02 8.230437285761980082e-01 5.336362681194889035e+01
8.208931882420620330e-01 -2.333058666748931073e-03 -5.710070243052765004e-01 -2.382194385865788888e+01 -2.484315561576777229e-02 9.988989967986513507e-01 -3.980311244344312410e-02 -3.528854871551764028e+00 5.704711678177440959e-01 4.686440138864212540e-02 8.199316523349277075e-01 5.424581294299228063e+01
8.169562067338561606e-01 -8.982019415607232164e-04 -5.766834017223514408e-01 -2.446386823625948281e+01 -2.322032051900172270e-02 9.991364016917443358e-01 -3.445470419198252282e-02 -3.580042096156656140e+00 5.762163730819768181e-01 4.154202740584277825e-02 8.162301798129251162e-01 5.513308204666839174e+01
8.140042695281566321e-01 2.028665529155049990e-04 -5.809114984546175364e-01 -2.510732932549220209e+01 -2.291918061343281576e-02 9.992324419203262309e-01 -3.177654241390307638e-02 -3.625929357397540187e+00 5.804595824274136895e-01 3.917544082243738790e-02 8.133839984476050056e-01 5.600721084615420864e+01
8.112897025791384609e-01 2.057460245289739580e-03 -5.847591689138866844e-01 -2.574015135935121634e+01 -2.536760660719056953e-02 9.991757994199276238e-01 -3.167172898351008903e-02 -3.678626650443343138e+00 5.842122443789643516e-01 4.052265160447170861e-02 8.106734283216738834e-01 5.687895049472177789e+01
8.078326683082340809e-01 1.218415600547208624e-04 -5.894237264090069761e-01 -2.639203844693884093e+01 -2.462781515988577558e-02 9.991335061102400994e-01 -3.353807976843142108e-02 -3.727393821282185549e+00 5.889089707673296203e-01 4.160913643762520486e-02 8.071358911447281681e-01 5.774599993999770930e+01
8.037283746732939438e-01 -1.882736499705372872e-03 -5.949833882760843240e-01 -2.703907123836451021e+01 -2.408261369130709068e-02 9.990724282271711276e-01 -3.567848121030397363e-02 -3.786567862852524780e+00 5.944986483115070053e-01 4.300489336484979164e-02 8.029378369310782304e-01 5.861548409095896517e+01
8.009756652973405444e-01 -3.238786532410898797e-03 -5.986173436385905378e-01 -2.770561972702942199e+01 -2.327002622675581472e-02 9.990612120805952845e-01 -3.654085650245391531e-02 -3.838921696223791979e+00 5.981736932409683627e-01 4.320094715839294108e-02 8.001484573045291038e-01 5.948534540373670865e+01
7.955607077283399775e-01 -3.142715141525722917e-03 -6.058453336393919697e-01 -2.837421259163394538e+01 -2.265598577343311618e-02 9.991326797408054405e-01 -3.492877116312312347e-02 -3.886385828809821863e+00 6.054296660381892625e-01 4.151503340097288663e-02 7.947996488009964056e-01 6.035083743304853243e+01
7.908620417827586513e-01 -3.901679613808283625e-03 -6.119518540386649219e-01 -2.905057220988319955e+01 -2.196567654305900397e-02 9.991543480784362830e-01 -3.474961693475071139e-02 -3.939813865820576133e+00 6.115699982238341770e-01 4.092437181528628398e-02 7.901074519013481234e-01 6.120607496176357643e+01
7.849863675230832616e-01 -4.873769809684218995e-03 -6.194655677451130771e-01 -2.973578497842130730e+01 -2.182648408063780562e-02 9.991307453413025286e-01 -3.551759007302950077e-02 -4.000473986890707323e+00 6.191005543591503457e-01 4.139715868695877099e-02 7.841974394427432271e-01 6.206385985771604652e+01
7.799967645675830452e-01 -5.440728111229290245e-03 -6.256851111793196862e-01 -3.043438523641068372e+01 -2.176953208879707502e-02 9.991210140641262338e-01 -3.583238732148589373e-02 -4.053891867111164338e+00 6.253301261023535007e-01 4.157415760381487357e-02 7.791926704916734003e-01 6.291876549368855365e+01
7.760986179390124695e-01 -7.394998617587703917e-03 -6.306389692858391793e-01 -3.113088885637550263e+01 -2.074704498772693070e-02 9.990904849140607169e-01 -3.725465529393229974e-02 -4.101899506808060814e+00 6.303411450653765291e-01 4.199439200412315859e-02 7.752392280452120588e-01 6.376577405041074798e+01
7.701838603607551459e-01 -8.180631680053044100e-03 -6.377184205894870228e-01 -3.185056214288481513e+01 -2.050957377378172242e-02 9.990829680965419568e-01 -3.759475709757011119e-02 -4.158172920674847894e+00 6.374410964168530924e-01 4.203746687960208811e-02 7.693096552692046952e-01 6.461469274214931602e+01
7.645245041281270026e-01 -9.944538148228111371e-03 -6.445679491320609467e-01 -3.256952479055569682e+01 -1.968794874751751342e-02 9.990541980022640267e-01 -3.875965159861619741e-02 -4.219688365948531583e+00 6.443440510989590919e-01 4.232016214992820324e-02 7.636056054448350228e-01 6.545708055973824457e+01
7.576176247957614462e-01 -1.085903732704478729e-02 -6.525813046091057945e-01 -3.330827194018029047e+01 -1.879704356004926330e-02 9.990837914053706248e-01 -3.844930377529093973e-02 -4.270903003705987189e+00 6.524010975720613281e-01 4.139566209704406696e-02 7.567194040350740947e-01 6.629852959866931883e+01
7.518207909633817243e-01 -1.182946316822706088e-02 -6.593581752294447318e-01 -3.405338508701798617e+01 -1.652835565135344145e-02 9.991867033075021443e-01 -3.677166546505736960e-02 -4.317485150669753580e+00 6.592571161264939583e-01 3.854127424414499625e-02 7.510138184427394004e-01 6.712778854655572047e+01
7.462940900864722948e-01 -1.154047668999510015e-02 -6.655591223688611668e-01 -3.479917800355052293e+01 -1.698897774126400737e-02 9.991937061304336787e-01 -3.637544133552099435e-02 -4.377591479493910143e+00 6.654423768274685402e-01 3.845325637223075133e-02 7.454962264004342254e-01 6.796064155327884748e+01
7.394728282108035122e-01 -1.356036464832058135e-02 -6.731598119929508295e-01 -3.557087992247486596e+01 -1.503855882371210942e-02 9.992148594750058788e-01 -3.664821352399316723e-02 -4.436987078039158483e+00 6.731285259982622282e-01 3.721804751066765810e-02 7.386882369014406979e-01 6.879514292796918085e+01
7.321927837358860325e-01 -1.553951671149064045e-02 -6.810073132863238010e-01 -3.635449774957750435e+01 -1.448910407204531160e-02 9.991580803468879113e-01 -3.838345973938803862e-02 -4.499258196840022705e+00 6.810306953033196109e-01 3.796575102120110928e-02 7.313511122165122780e-01 6.961517209959605168e+01
7.277139273661612506e-01 -1.484265865505019454e-02 -6.857614517096096707e-01 -3.713463928905664346e+01 -1.551316033292028315e-02 9.991538772330912366e-01 -3.808191831937964705e-02 -4.557303646477969927e+00 6.857466051160381326e-01 3.834970413097502084e-02 7.268679641957612736e-01 7.043198922481340674e+01
7.210258321504622314e-01 -1.415901681566477700e-02 -6.928432588501838296e-01 -3.793798965301574810e+01 -1.588656907951661867e-02 9.991905546836742369e-01 -3.694882137267456457e-02 -4.610472691700096881e+00 6.928057484626344298e-01 3.764656160403382495e-02 7.202172941770637049e-01 7.124531635779329974e+01
7.182875691975695309e-01 -1.403603123454498156e-02 -6.956502890977636078e-01 -3.874094840267771644e+01 -1.623771728458253336e-02 9.991859774528707439e-01 -3.691821626859596861e-02 -4.668050534583598754e+00 6.956023104451639627e-01 3.781305564553043980e-02 7.174748381113702500e-01 7.206264979234535417e+01
7.118438243837881263e-01 -1.471484928223203842e-02 -7.020514758998017690e-01 -3.956254284420047895e+01 -1.637118251405994887e-02 9.991612528116543546e-01 -3.753865098998714067e-02 -4.727811838679094159e+00 7.020147330593038415e-01 3.822140711471588848e-02 7.110057021853561920e-01 7.288336736095504875e+01
7.073701110764042399e-01 -1.590720201772702347e-02 -7.067989015625024685e-01 -4.039174757661957216e+01 -1.738965695321596783e-02 9.990524887622044270e-01 -3.989168955636031993e-02 -4.785688547437141338e+00 7.067638422279938215e-01 4.050890039535754578e-02 7.064231905475915063e-01 7.369117371461467769e+01
7.028566824544288938e-01 -1.830013708386041618e-02 -7.110176201133779905e-01 -4.121759870977813023e+01 -1.705994284736116889e-02 9.989478066114670929e-01 -4.257087569510862451e-02 -4.848308665646611004e+00 7.110483976165404840e-01 4.205472994626264366e-02 7.018047867519752181e-01 7.449522522971729188e+01
6.977520428326297042e-01 -1.983851410130893153e-02 -7.161105851290020530e-01 -4.206578334398824381e+01 -1.689569669247660555e-02 9.988825403483631016e-01 -4.415182133129994663e-02 -4.910645087137108789e+00 7.161863718754306607e-01 4.290499745753058314e-02 6.966370418609691972e-01 7.530193445543200426e+01
6.916640457391636243e-01 -1.954380920706359076e-02 -7.218001333708314871e-01 -4.292005166989322618e+01 -1.632261362053755854e-02 9.989554380152454449e-01 -4.269090954107535724e-02 -4.976172768287154824e+00 7.218801779967927157e-01 4.131488590453860632e-02 6.906225530650490496e-01 7.610741350970745600e+01
6.884076696277425800e-01 -1.950805469113649562e-02 -7.250246915950449011e-01 -4.377967912168391251e+01 -1.495396858182066954e-02 9.990440358542800325e-01 -4.108184192227214149e-02 -5.036562781738285643e+00 7.251328611279108660e-01 3.912824167126170011e-02 6.874576358532742404e-01 7.690941570394852533e+01
6.824130891629784923e-01 -2.017948487490049680e-02 -7.305878821011981827e-01 -4.465069873549245472e+01 -1.475718458826739792e-02 9.990348213831904411e-01 -4.137606756430903948e-02 -5.103973465401407950e+00 7.307174045235217408e-01 3.902174888120394508e-02 6.814565188895610470e-01 7.770862033799581070e+01
6.787052861328576325e-01 -2.080301513357290730e-02 -7.341116346247357205e-01 -4.552718091123296773e+01 -1.408566741864597169e-02 9.990461221865372110e-01 -4.132992738151095025e-02 -5.162914643541975046e+00 7.342710789680001460e-01 3.839349969580181654e-02 6.777647869778468115e-01 7.850834684803578511e+01
6.733981213331616811e-01 -2.242416624249819745e-02 -7.388726548668370642e-01 -4.641068947766865449e+01 -1.268040792986399427e-02 9.990424187027686642e-01 -4.187491118614827118e-02 -5.231946270566731449e+00 7.391041810589462635e-01 3.756843683339557149e-02 6.724691279328199878e-01 7.929793135620840872e+01
6.690319634501555868e-01 -2.421616899076106666e-02 -7.428791641728169637e-01 -4.730705387828162145e+01 -1.036269988371770444e-02 9.990679831851539960e-01 -4.189852310794087847e-02 -5.289722760632436405e+00 7.432015920276164866e-01 3.572886026110686647e-02 6.681575707024897115e-01 8.009049964445544845e+01
6.672163279341203346e-01 -2.624934203684302358e-02 -7.444406616152489109e-01 -4.819696238222742579e+01 -7.795064122188785118e-03 9.990780117947709593e-01 -4.220838620871553842e-02 -5.357810270243964723e+00 7.448624977095396060e-01 3.396320924545676023e-02 6.663966740841277270e-01 8.088971739557216267e+01
6.615409061942212343e-01 -3.085755026294640518e-02 -7.492991650430440576e-01 -4.910258108040459746e+01 -4.562346379533268638e-03 9.989689847767788677e-01 -4.516964827235078056e-02 -5.428207521601772889e+00 7.499201844337620715e-01 3.330464928519105000e-02 6.607180171634609023e-01 8.167963133548082055e+01
6.576021636594986397e-01 -3.591635061000666290e-02 -7.526276933006645908e-01 -5.001205700564069900e+01 1.143634207921928950e-03 9.989093262167659804e-01 -4.667556734036262811e-02 -5.493381958475486826e+00 7.534836169214305102e-01 2.983045571469979812e-02 6.569262699999867117e-01 8.246265990027801251e+01
6.511910367764820462e-01 -3.994353182883238207e-02 -7.578858164291329969e-01 -5.094047392170006816e+01 6.771737022336191819e-03 9.988796860146798018e-01 -4.682066257627288952e-02 -5.561925122347299855e+00 7.589079924787910381e-01 2.534622623225567251e-02 6.507324617181157178e-01 8.325501621404269770e+01
6.424429651135782349e-01 -4.379945078108121032e-02 -7.652415620597992074e-01 -5.186502700355300988e+01 1.194861264357030030e-02 9.988163589814905707e-01 -4.714360334171772277e-02 -5.642696926465501583e+00 7.664012048276495070e-01 2.114154599993076089e-02 6.422061805512327970e-01 8.403434622004341747e+01
6.332418990930801517e-01 -4.534150472944219884e-02 -7.726927463397437190e-01 -5.280771266668710240e+01 1.526727972903405700e-02 9.988200299392596682e-01 -4.609710966357651041e-02 -5.718570332635885656e+00 7.738715580085377965e-01 1.738941992367174991e-02 6.331871444730620135e-01 8.480963327715318201e+01
6.244428572271342182e-01 -4.446283977943808752e-02 -7.797580170821238887e-01 -5.377144267841784853e+01 1.671794527157998214e-02 9.989107956063649763e-01 -4.355384269223420285e-02 -5.779910544235749903e+00 7.808455608038780138e-01 1.415754418624685582e-02 6.245055867447480979e-01 8.557437772326497338e+01
6.151112197411927607e-01 -4.468412750450811988e-02 -7.871572238899391394e-01 -5.474933743213640724e+01 1.679426370831776580e-02 9.989088984742487964e-01 -4.358794219714184209e-02 -5.850863438425434104e+00 7.882454460379634265e-01 1.359607623310768801e-02 6.151903777333500578e-01 8.632974836105113070e+01
6.067267459260360374e-01 -4.553957382757964356e-02 -7.936289403966740874e-01 -5.573373052532370764e+01 1.550999732612827128e-02 9.988459241324867399e-01 -4.545461512584993841e-02 -5.918938305419276347e+00 7.947830143115445223e-01 1.527053152380737633e-02 6.067326373297829978e-01 8.706238155978731186e+01
5.960077617534889072e-01 -4.783520742894414868e-02 -8.015568225878033637e-01 -5.672410905641303458e+01 1.688980109944044836e-02 9.987499026172645955e-01 -4.706509167505013719e-02 -5.987625407606015138e+00 8.028054862245574963e-01 1.451750985548349096e-02 5.960707782027943047e-01 8.779702274472221291e+01
5.865245956352100887e-01 -4.904586076464704375e-02 -8.083938890796502630e-01 -5.773432265958448539e+01 1.646043636933170601e-02 9.986805947350781976e-01 -4.865728498763209620e-02 -6.061565271725700477e+00 8.097130851144466179e-01 1.523648354969579094e-02 5.865580509207583004e-01 8.852011551852278615e+01
5.779723878244622526e-01 -5.033901700726083062e-02 -8.145827893329438130e-01 -5.875584602111407406e+01 2.016970755583578565e-02 9.986717491317586015e-01 -4.741074758830290253e-02 -6.141260129794480882e+00 8.158878816250028088e-01 1.096827114181560953e-02 5.782203530759753018e-01 8.924072483516084731e+01
5.666738617507047771e-01 -5.110274805356061073e-02 -8.223209005547751360e-01 -5.979220373609496164e+01 2.204782528719816809e-02 9.986581610322642355e-01 -4.686712006951373327e-02 -6.215886579895697039e+00 8.236121285495743294e-01 8.431823092473896344e-03 5.670397604735618602e-01 8.994978446823671447e+01
5.557258396977488024e-01 -5.151441440532036897e-02 -8.297064782325327403e-01 -6.084155618747575289e+01 2.242946151816800279e-02 9.986437706701459804e-01 -4.698632047521344307e-02 -6.289654440337219654e+00 8.310017427977925975e-01 7.496266770669065584e-03 5.561280431164500326e-01 9.063950070896112265e+01
5.462629027604046783e-01 -5.247764596237348284e-02 -8.359825714635839011e-01 -6.189276506238424957e+01 2.179879704984634056e-02 9.985878765742163266e-01 -4.843700451023755238e-02 -6.365387071493134208e+00 8.373445983222455036e-01 8.227185734827533597e-03 5.466359130939681954e-01 9.132100521682812655e+01
5.348789918327077064e-01 -5.273099962051395334e-02 -8.432234585578854968e-01 -6.296401121453102689e+01 2.039541968809381947e-02 9.985655718309061069e-01 -4.950643303163666104e-02 -6.440775819534382940e+00 8.446243426623217809e-01 9.278729086437446927e-03 5.351873833769442701e-01 9.199281559794331997e+01
5.266136262016684055e-01 -5.392067220507543168e-02 -8.485439316232202822e-01 -6.403955726054344666e+01 1.999065108069047331e-02 9.984955275640802208e-01 -5.104120513339075599e-02 -6.519736966421080915e+00 8.500209918146330867e-01 9.903694144449963488e-03 5.268998327073349808e-01 9.265291458998751750e+01
