1.0 0.0 0.0 0.0 0.0 1.0 0.0 0.0 0.0 0.0 1.0 0.0
0.99956405 0.029442202 0.0021986149 0.2767334 -0.029433787 0.99955964 -0.0037655672 -0.01550293 -0.0023085119 0.003699191 0.99999046 0.008422852
0.9998009 0.01990142 0.0014496074 0.58117676 -0.019893862 0.99978936 -0.0050540003 -0.018066406 -0.001549875 0.0050241514 0.9999862 0.017578125
0.9997945 0.020247757 0.0009757789 0.881958 -0.020241152 0.9997749 -0.006359433 -0.025390625 -0.0011043089 0.0063383654 0.9999793 0.020385742
0.99978626 0.020652113 -0.0008879827 1.1906738 -0.020659262 0.9997462 -0.008976739 -0.03540039 0.0007022989 0.008993171 0.9999593 0.010986328
0.99992484 0.01207493 -0.0021403849 1.5065918 -0.012096296 0.9998742 -0.010264574 -0.037231445 0.0020161902 0.010289699 0.99994504 0.019165039
0.99999183 0.0014147122 -0.0037926384 1.8277588 -0.0014602706 0.9999265 -0.012035439 -0.03527832 0.0037753358 0.012040878 0.99992037 0.025878906
0.9998793 -0.01509659 -0.0036657208 2.1523438 0.015053032 0.99981904 -0.011633568 -0.02331543 0.0038406637 0.011576979 0.9999256 0.03186035
0.99946856 -0.032277003 -0.00458371 2.4960938 0.03223701 0.9994439 -0.008546378 0.010620117 0.0048568835 0.008394042 0.999953 0.029174805
0.9984919 -0.05463429 -0.005405249 2.8465576 0.054609615 0.9984972 -0.0046134833 0.04748535 0.0056491257 0.0043113474 0.9999747 0.033935547
0.99726987 -0.073611714 -0.0059638238 3.201416 0.07358465 0.9972789 -0.004636214 0.084472656 0.006288837 0.0041847914 0.99997145 0.037963867
0.99550647 -0.0945319 -0.0052931313 3.5897217 0.094497 0.99550265 -0.0064970255 0.13012695 0.005883553 0.0059676133 0.9999649 0.041870117
0.99343896 -0.11429692 -0.0038810698 3.9733887 0.114267506 0.99342453 -0.0071025947 0.18151855 0.004667519 0.0066124285 0.9999672 0.050048828
0.9913836 -0.13098264 -0.0031153378 4.373291 0.13095903 0.99136794 -0.0068550417 0.2475586 0.0039861063 0.0063881204 0.9999716 0.055786133
0.9891417 -0.14693317 -0.0024682258 4.7910156 0.14692059 0.98913556 -0.004678255 0.32250977 0.0031286378 0.004264725 0.999986 0.061645508
0.987081 -0.16014284 -0.0030697659 5.209839 0.16012758 0.987077 -0.0047014724 0.4046631 0.0037833473 0.004149121 0.99998426 0.06555176
0.9848624 -0.17331573 -0.0035492184 5.649292 0.17329171 0.9848533 -0.00622443 0.48303223 0.0045744283 0.0055154096 0.9999743 0.071777344
0.9832424 -0.18225713 -0.0048506805 6.095581 0.18220623 0.98321855 -0.009428646 0.56921387 0.0064875493 0.008387193 0.9999438 0.08239746
0.9817339 -0.19010432 -0.006896662 6.552368 0.19004263 0.9817314 -0.008714221 0.6546631 0.008427294 0.007244058 0.99993825 0.08886719
0.98048383 -0.19635658 -0.008930339 7.030884 0.19628252 0.9805021 -0.0085361 0.7590332 0.010432807 0.0066166143 0.9999237 0.087768555
0.9786433 -0.20523557 -0.0116034895 7.5178223 0.20514524 0.978694 -0.008515911 0.8692627 0.013103839 0.0059535536 0.9998964 0.095947266
0.9769409 -0.21311943 -0.012687727 8.020264 0.21295561 0.9769707 -0.013119011 0.97717285 0.015192441 0.010114826 0.9998333 0.10241699
0.9752293 -0.22082424 -0.012539162 8.538452 0.22058073 0.9751931 -0.01830608 1.0812988 0.01627053 0.015086463 0.9997538 0.1159668
0.9733382 -0.22896259 -0.014141889 9.063965 0.22867881 0.97331786 -0.019210543 1.2104492 0.01816281 0.015465528 0.9997154 0.13549805
0.9713209 -0.23690876 -0.020449106 9.597412 0.23660953 0.97147673 -0.016024942 1.3597412 0.023662042 0.010728876 0.9996625 0.13842773
0.96915525 -0.24524772 -0.024011198 10.139526 0.24499859 0.9694302 -0.012865316 1.5080566 0.026432456 0.0065845437 0.9996287 0.14562988
0.9667618 -0.25440738 -0.025801532 10.700073 0.25406468 0.96706617 -0.01584179 1.6536865 0.028982578 0.008761931 0.9995415 0.16247559
0.96453375 -0.26262033 -0.026674958 11.268066 0.26221234 0.9648482 -0.01785365 1.8096924 0.03042512 0.0102260625 0.99948454 0.18969727
0.9622103 -0.27063686 -0.029624343 11.848633 0.27019793 0.96262115 -0.018011665 1.9782715 0.03339208 0.009324109 0.9993986 0.20605469
0.9601526 -0.27748227 -0.03366611 12.442017 0.27703926 0.9607155 -0.017267635 2.1577148 0.037134603 0.007252055 0.9992836 0.2241211
0.9577141 -0.2851557 -0.038429387 13.040039 0.28466094 0.9584648 -0.017900327 2.3444824 0.041936837 0.006203719 0.9991008 0.2512207
0.9554713 -0.29148623 -0.04557519 13.651855 0.29090324 0.95654494 -0.019088708 2.5361328 0.049159545 0.00497598 0.99877805 0.28125
0.9538395 -0.2954654 -0.05392294 14.278687 0.29481462 0.9553576 -0.019824881 2.7373047 0.057374068 0.0030133897 0.998348 0.3133545
0.9521221 -0.29918972 -0.06287167 14.918335 0.2985055 0.9541955 -0.020227429 2.9471436 0.066043705 0.0004912708 0.9978164 0.34899902
0.95018685 -0.3031146 -0.0725977 15.559814 0.3024929 0.9529519 -0.019677617 3.1588135 0.07514534 -0.0032676542 0.99716574 0.3890381
0.94880784 -0.30538905 -0.08032994 16.214966 0.30489483 0.9521793 -0.018655902 3.3817139 0.08218587 -0.006802369 0.99659234 0.44714355
0.94612074 -0.31168863 -0.087903045 16.88379 0.3113913 0.9501319 -0.017426923 3.612793 0.08895047 -0.010877372 0.99597776 0.50146484
0.9441558 -0.31564468 -0.09480201 17.561768 0.31562948 0.9487791 -0.015547107 3.8582764 0.0948525 -0.015230281 0.9953765 0.5616455
0.9420791 -0.31959996 -0.10145716 18.250977 0.31994912 0.9473177 -0.013259428 4.107666 0.10035055 -0.019982815 0.99474955 0.631958
0.94023675 -0.3235632 -0.106224254 18.95105 0.3242941 0.94590425 -0.010791965 4.3651123 0.10397125 -0.02429271 0.9942852 0.7060547
0.93775177 -0.32996285 -0.1083971 19.65979 0.33089554 0.9436196 -0.009793952 4.625366 0.10551589 -0.026685894 0.9940583 0.7758789
0.93573517 -0.33592147 -0.10762607 20.383545 0.33690977 0.9415054 -0.009413685 4.8945312 0.10449189 -0.027450472 0.9941456 0.8613281
0.9337928 -0.34173635 -0.10577597 21.108887 0.34273487 0.9393551 -0.009161077 5.1641846 0.10249307 -0.027704844 0.99434865 0.9451904
0.9315324 -0.34834978 -0.10410761 21.82898 0.34939083 0.9369032 -0.0086603705 5.4471436 0.10055729 -0.028313763 0.994529 1.0246582
0.9296032 -0.35444897 -0.10112031 22.568604 0.35541597 0.9346777 -0.008893633 5.7371826 0.09766765 -0.027670091 0.99483407 1.1060791
0.9256754 -0.36570472 -0.096591994 23.345947 0.36693266 0.9302022 -0.0053742137 6.0513916 0.091815956 -0.030475127 0.9953095 1.1879883
0.9231632 -0.37331364 -0.0916576 24.09497 0.37454847 0.9271975 -0.0039938595 6.361206 0.08647462 -0.030650476 0.9957809 1.269043
0.9202327 -0.38098708 -0.08970287 24.851196 0.38239896 0.9240102 -0.0015630054 6.6898193 0.08348008 -0.032861352 0.9959671 1.3406982
0.9169577 -0.38926303 -0.08782694 25.617065 0.39074668 0.92052823 -0.00033328962 7.029297 0.08097451 -0.034016788 0.99613327 1.4140625
0.91264033 -0.39919034 -0.087974355 26.39624 0.40081012 0.91616327 0.00082306936 7.37146 0.08027248 -0.036011957 0.99612236 1.4876709
0.9094225 -0.4066718 -0.08685781 27.166504 0.40832177 0.91282374 0.001352346 7.725708 0.078737006 -0.03669955 0.99621964 1.5548096
0.9055531 -0.41539732 -0.08595341 27.956177 0.417105 0.9088403 0.0020994074 8.099609 0.07724288 -0.03776141 0.99629563 1.6229248
0.9017353 -0.42410672 -0.08363909 28.743408 0.42569125 0.9048604 0.001242199 8.476196 0.07515805 -0.03672224 0.9964962 1.701416
0.89896625 -0.43086147 -0.078722775 29.549927 0.43233636 0.9016994 0.0018814672 8.862549 0.07017258 -0.0357307 0.9968943 1.7648926
0.89503425 -0.43983874 -0.073803216 30.369019 0.4412634 0.8973683 0.003372495 9.270264 0.06474581 -0.035596453 0.99726546 1.8253174
0.89242584 -0.4457867 -0.0694853 31.181152 0.44702092 0.894506 0.002501594 9.681763 0.06103971 -0.033286653 0.9975812 1.8951416
0.8890773 -0.45277908 -0.06713511 32.005615 0.4539479 0.891011 0.0024349983 10.110474 0.058714036 -0.032645475 0.99774045 1.9533691
0.88558346 -0.45981237 -0.06610901 32.843628 0.46094838 0.8874566 0.0021887256 10.549683 0.057659872 -0.032411553 0.9978093 2.0135498
0.88309366 -0.46470183 -0.06445788 33.673218 0.46588638 0.884812 0.0038352916 10.995972 0.05524867 -0.033420328 0.99791294 2.0751953
0.8803392 -0.47022223 -0.06277773 34.526733 0.47124657 0.882027 0.0017299971 11.456177 0.054559715 -0.03110604 0.9980258 2.1262207
0.8778355 -0.47500792 -0.061576374 35.381226 0.4759492 0.8794838 0.0007056558 11.926514 0.053819828 -0.029927457 0.9981019 2.182129
0.8764152 -0.47748417 -0.06199932 36.24768 0.478383 0.87811625 -0.00039465446 12.40625 0.054631393 -0.029318018 0.99807614 2.2390137
0.87505853 -0.48011366 -0.06251998 37.11609 0.4810395 0.8767822 -0.0002748554 12.897583 0.05494729 -0.029826669 0.99804336 2.2913818
0.87444896 -0.48118648 -0.061639383 38.001587 0.48210338 0.87611437 9.269454e-06 13.392578 0.054000672 -0.029721461 0.9980989 2.348999
0.87429667 -0.481615 -0.059947424 38.905518 0.4824649 0.8758824 -0.00034387037 13.897949 0.052671682 -0.028630013 0.9982009 2.4051514
0.87407684 -0.48237655 -0.058327604 39.818237 0.48315898 0.875589 -0.0007802353 14.413818 0.051446106 -0.027491251 0.9982974 2.4620361
0.87478197 -0.48104402 -0.058107313 40.739502 0.481687 0.87635034 -0.0033045618 14.92749 0.05251095 -0.02509629 0.9983049 2.52063
0.8727242 -0.48481435 -0.057402037 41.67566 0.48534802 0.8742989 -0.0051853396 15.451782 0.052699834 -0.023337638 0.9983373 2.578125
0.8719001 -0.48651734 -0.05540496 42.605713 0.48695636 0.8733923 -0.006192367 15.979126 0.051403392 -0.021582568 0.9984447 2.6365967
0.86939967 -0.49133155 -0.051480815 43.544678 0.49174383 0.87067443 -0.005203734 16.509277 0.047380283 -0.020796116 0.9986604 2.699463
0.86699426 -0.4962455 -0.04705536 44.47534 0.49658868 0.86806095 -0.0049210587 17.04956 0.043285765 -0.019099317 0.99887955 2.753296
0.8639813 -0.5016621 -0.04377041 45.400635 0.50193083 0.86491656 -0.005409697 17.589355 0.040572625 -0.017294092 0.9990269 2.807495
0.85865587 -0.51058835 -0.044731073 46.321777 0.5107625 0.8596766 -0.008309667 18.12976 0.04269625 -0.015712135 0.9989645 2.8691406
0.85304296 -0.51965064 -0.04670496 47.23535 0.51971537 0.8542014 -0.011707226 18.690918 0.0459789 -0.014295123 0.99883986 2.9228516
0.84624815 -0.530749 -0.046553355 48.144287 0.5308169 0.8474014 -0.011916158 19.267578 0.045772366 -0.014626527 0.99884486 2.977295
0.8412958 -0.5390182 -0.042671025 49.052734 0.53917813 0.84223044 -0.008645647 19.856445 0.04059862 -0.015728425 0.9990518 3.0308838
0.8371912 -0.54555833 -0.039190028 49.955566 0.54578245 0.8379425 -0.005672601 20.454834 0.035932887 -0.01663229 0.9992162 3.0843506
0.8326364 -0.552401 -0.041463166 50.848145 0.5526927 0.83345926 -0.0051011783 21.058594 0.037374444 -0.018662859 0.99912715 3.1314697
0.8286307 -0.55785275 -0.045245852 51.733887 0.5581425 0.8296398 -0.0071384385 21.668213 0.04151901 -0.019345747 0.99895024 3.182373
0.82641524 -0.56053215 -0.052359883 52.614746 0.5608894 0.8277816 -0.008990122 22.273193 0.048383374 -0.021944627 0.9985878 3.2382812
0.8230128 -0.56557316 -0.053875655 53.480225 0.56591976 0.82447505 -0.010058066 22.89087 0.050105188 -0.02220268 0.99849737 3.288086
0.8198941 -0.57023233 -0.050301574 54.365234 0.5706343 0.82112247 -0.007378737 23.503052 0.04551337 -0.022650875 0.9987073 3.352417
0.8161925 -0.57601017 -0.044997364 55.255615 0.576362 0.81716126 -0.006024397 24.141113 0.040239464 -0.021014709 0.998969 3.4047852
0.8133444 -0.5802706 -0.042643882 56.132324 0.5806182 0.81419826 -0.0049798004 24.78125 0.037615135 -0.020705745 0.99907804 3.4510498
0.8106247 -0.58402824 -0.044000685 57.006348 0.58447844 0.81148845 -0.0031691235 25.410889 0.037554115 -0.023151036 0.99902576 3.5031738
0.8070923 -0.5887112 -0.045105886 57.875977 0.58911514 0.80804133 -0.005160289 26.059082 0.039481856 -0.022411663 0.9989684 3.5509033
0.8028992 -0.59428585 -0.046523515 58.74829 0.59464425 0.8039491 -0.007230684 26.702026 0.04169464 -0.021866642 0.99889034 3.6088867
0.80011415 -0.5979539 -0.04673365 59.620605 0.5982622 0.80120105 -0.008631895 27.365234 0.042605665 -0.021053858 0.99887013 3.6606445
0.794766 -0.6052195 -0.045070883 60.489502 0.60550296 0.7957808 -0.008630021 28.029419 0.041088104 -0.020434022 0.99894625 3.708374
0.7900766 -0.61136 -0.044500522 61.3479 0.6116054 0.79108304 -0.009467623 28.70166 0.040989902 -0.019741576 0.9989642 3.7617188
0.7841687 -0.6188857 -0.044997588 62.20923 0.619106 0.7852145 -0.010534561 29.382202 0.041856695 -0.019602053 0.99893135 3.8220215
0.779165 -0.62511337 -0.045193423 63.067383 0.62531877 0.78022933 -0.0111815445 30.07666 0.042254005 -0.019545365 0.9989161 3.8753662
0.7752181 -0.6301142 -0.045632184 63.917236 0.6302481 0.77633905 -0.013198125 30.76941 0.043743294 -0.018524092 0.99887115 3.9229736
0.7692907 -0.63721216 -0.045695502 64.769775 0.6373191 0.77042913 -0.014077056 31.48462 0.044179156 -0.01828875 0.99885666 3.97937
0.7635925 -0.64410734 -0.046000257 65.61572 0.6441472 0.76477784 -0.01593002 32.199097 0.045437343 -0.017469794 0.998814 4.0407715
0.75671047 -0.652166 -0.04509752 66.46118 0.6521563 0.7578717 -0.016953968 32.933105 0.045237932 -0.016581925 0.99883866 4.0925293
0.7510126 -0.6590304 -0.04226252 67.29419 0.6589395 0.75206494 -0.01802112 33.67395 0.043656677 -0.014313256 0.99894375 4.140259
0.7454933 -0.6652193 -0.042187978 68.130615 0.66514486 0.74653995 -0.017817054 34.41565 0.043345373 -0.014777602 0.9989508 4.20105
0.7386952 -0.6729027 -0.04097415 68.96924 0.67272943 0.73971987 -0.01994346 35.182617 0.04372705 -0.012832923 0.99896085 4.2611084
0.73136467 -0.68079513 -0.04174196 69.79346 0.68054944 0.7324519 -0.022030056 35.961426 0.045573488 -0.0122935 0.9988854 4.3237305
0.72687733 -0.68551457 -0.042133573 70.613525 0.68531007 0.7279759 -0.021399356 36.738037 0.045337427 -0.013322449 0.99888253 4.3828125
0.7202242 -0.69258183 -0.041442685 71.43091 0.6924046 0.7212857 -0.020817123 37.53711 0.04430409 -0.013702177 0.9989238 4.4375
0.7174806 -0.6953793 -0.041613728 72.25098 0.6952124 0.71854943 -0.02073403 38.33716 0.044313196 -0.014057141 0.99891835 4.496216
0.7110131 -0.70178926 -0.042033207 73.07568 0.7016036 0.71211267 -0.021505183 39.15454 0.045026626 -0.014201812 0.99888504 4.557007
0.70643115 -0.70652634 -0.044332135 73.88672 0.7063241 0.70765704 -0.022759028 39.980103 0.04744485 -0.015228853 0.9987576 4.6154785
0.70182014 -0.7107961 -0.04588763 74.69409 0.7105055 0.70316064 -0.025211684 40.80237 0.05018761 -0.014911657 0.9986285 4.678589
0.69665724 -0.71592605 -0.046749048 75.504395 0.71557534 0.6980675 -0.026821904 41.64673 0.051842775 -0.014757497 0.9985469 4.7419434
0.69064385 -0.7216291 -0.045164812 76.313965 0.7212778 0.6919729 -0.026616689 42.49707 0.05046825 -0.0141944615 0.9986253 4.8095703
0.6874828 -0.72489065 -0.042983234 77.11914 0.72451496 0.6887055 -0.026632888 43.353638 0.048908807 -0.012828767 0.99872106 4.8721924
0.68148446 -0.73047477 -0.04288413 77.92236 0.7300708 0.6827152 -0.027388697 44.220703 0.049286965 -0.012644477 0.9987048 4.941284
0.6777966 -0.7340292 -0.042261664 78.72534 0.7335905 0.6790073 -0.028066136 45.093994 0.04929439 -0.011979773 0.9987123 5.002075
0.6725099 -0.73885983 -0.041444242 79.5188 0.738336 0.67370236 -0.029762255 45.973755 0.049914457 -0.010586846 0.9986974 5.072876
0.66821045 -0.7429571 -0.039612897 80.31494 0.74233013 0.66933244 -0.031618897 46.8667 0.05000257 -0.008277971 0.9987146 5.1326904
0.6664629 -0.7446157 -0.03785293 81.11694 0.7438756 0.66751283 -0.033680048 47.753906 0.05034105 -0.0057148277 0.9987153 5.2026367
0.66080755 -0.7496577 -0.037207562 81.91089 0.7486798 0.66184926 -0.0383654 48.655518 0.053383045 -0.0024994398 0.9985711 5.27417
0.6570478 -0.75321233 -0.0337473 82.69751 0.75196266 0.65790606 -0.043483123 49.561523 0.05495003 0.0031957012 0.9984839 5.3410645
0.650884 -0.7586367 -0.029274333 83.494385 0.7571924 0.6514828 -0.04760386 50.48584 0.055187456 0.008807328 0.9984364 5.411865
0.64238715 -0.7661306 -0.025082367 84.27905 0.76451916 0.642725 -0.051584948 51.405518 0.055633686 0.013962284 0.99835336 5.494873
0.633386 -0.77361006 -0.02133485 85.059814 0.7719675 0.6335103 -0.053256314 52.343506 0.05471167 0.017257156 0.99835277 5.5736084
0.6247095 -0.78060097 -0.018100707 85.829834 0.7790578 0.6246929 -0.052501157 53.30298 0.05228494 0.018686024 0.99845684 5.63855
0.6153985 -0.788005 -0.017538913 86.590576 0.7864544 0.61536306 -0.052846517 54.276367 0.052439082 0.018735163 0.9984489 5.7124023
0.60694224 -0.79453737 -0.019213205 87.328125 0.7929049 0.6069965 -0.05380763 55.25659 0.054409772 0.01742298 0.9983666 5.782959
0.59629595 -0.8025572 -0.018460618 88.0686 0.80080384 0.59628576 -0.05624134 56.242188 0.05615485 0.018766413 0.9982467 5.854248
0.58678913 -0.80946183 -0.01917629 88.79712 0.80761945 0.58681655 -0.057570588 57.248047 0.05786235 0.018303229 0.99815756 5.9310303
0.5784714 -0.8156474 -0.0149063 89.52319 0.81380874 0.57824546 -0.05898054 58.26538 0.05672636 0.02198597 0.9981476 6.0146484
0.56730425 -0.8233803 -0.012361165 90.238525 0.821545 0.5669387 -0.059889946 59.29712 0.056320794 0.023824293 0.99812883 6.0931396
0.5563998 -0.8307752 -0.011415304 90.934326 0.8289259 0.55599165 -0.060439184 60.34204 0.056570727 0.024165621 0.9981062 6.1707764
0.5469126 -0.83711636 -0.012137963 91.62134 0.8351833 0.5465423 -0.061517313 61.38916 0.058131803 0.023497788 0.9980318 6.25
0.5354646 -0.8443968 -0.013174575 92.29932 0.8424131 0.5351725 -0.06190701 62.456055 0.059330933 0.02204827 0.99799484 6.3292236
0.5271831 -0.84979117 -0.013791981 92.9646 0.8477129 0.5269207 -0.06319581 63.527832 0.0609609 0.021609806 0.9979052 6.4119873
0.51649356 -0.8561973 -0.014151162 93.60889 0.85412663 0.51628387 -0.06291169 64.61206 0.061174467 0.020410663 0.9979187 6.4974365
0.50816685 -0.86104864 -0.013539895 94.25659 0.85911846 0.50798255 -0.06073792 65.71216 0.059201177 0.019230053 0.99806106 6.57959
0.5008056 -0.86545026 -0.0102203 94.89526 0.86361593 0.50045484 -0.06021055 66.809326 0.057246428 0.021326197 0.9981324 6.6622314
0.4923245 -0.87036806 -0.009074668 95.52295 0.8685831 0.49193722 -0.059714552 67.927734 0.056452714 0.021514442 0.9981735 6.7425537
0.484415 -0.8746509 -0.008621276 96.14209 0.87270325 0.4839538 -0.062652625 69.043945 0.058976665 0.022828905 0.9979986 6.8309326
0.47947696 -0.87743056 -0.006501064 96.7561 0.8752919 0.4788021 -0.066617385 70.16382 0.06157034 0.026247686 0.99775743 6.9141846
0.47172773 -0.8816123 -0.0060398784 97.36255 0.87928736 0.47096014 -0.069663875 71.296875 0.064284 0.027557578 0.99755174 7.001587
0.46716428 -0.88404745 -0.0053719245 97.960205 0.8815017 0.46626428 -0.0732537 72.42236 0.06725853 0.029491454 0.99729997 7.097046
0.46372786 -0.8860145 -0.0027769716 98.55908 0.88350344 0.46264535 -0.07385634 73.56714 0.06671171 0.031795762 0.9972655 7.1915283
0.45784166 -0.8890449 0.000591397 99.14673 0.88679016 0.4566336 -0.071474284 74.70093 0.06327109 0.033239476 0.99744207 7.288208
0.45702088 -0.88943523 0.006364419 99.72925 0.88749355 0.4555257 -0.06968712 75.8291 0.059065938 0.03748796 0.9975494 7.381958
0.45050007 -0.89264405 0.0079643885 100.309326 0.8907779 0.44894055 -0.06923036 76.96655 0.05824148 0.03827475 0.9975679 7.473877
0.44876054 -0.89350355 0.009322348 100.86499 0.89172584 0.44715136 -0.06856944 78.09912 0.05711914 0.039091475 0.9976021 7.560669
0.44601378 -0.89484346 0.011579842 101.43164 0.89321923 0.44433284 -0.06735152 79.22241 0.055125866 0.040388796 0.99766254 7.6464844
0.44349366 -0.8962764 0.012116999 101.98462 0.8947496 0.4418485 -0.065847084 80.34302 0.053663168 0.040027667 0.9977555 7.7303467
0.44403818 -0.89582443 0.015455295 102.53638 0.8943908 0.4421761 -0.066759326 81.46069 0.052964926 0.04347356 0.9976501 7.814453
0.43951082 -0.89802516 0.018305648 103.07544 0.89667374 0.43747294 -0.06744581 82.5708 0.052571166 0.046081286 0.99755484 7.8913574
0.43750536 -0.89885956 0.022114685 103.61084 0.8977324 0.43532038 -0.06651121 83.66821 0.05015192 0.04896992 0.9975416 7.9729004
0.43601742 -0.8995399 0.025235029 104.14795 0.8985785 0.43369263 -0.06622447 84.76538 0.04864997 0.051552016 0.9974844 8.049072
0.4349858 -0.900187 0.026230106 104.67261 0.8992514 0.43258962 -0.06671903 85.83862 0.048694007 0.052612208 0.99742776 8.127563
0.4329073 -0.90110135 0.027669422 105.187256 0.90014935 0.4303473 -0.06846424 86.91333 0.049793914 0.054530144 0.99726874 8.199097
0.43393472 -0.9003398 0.027179906 105.69458 0.8993047 0.43133476 -0.069652304 87.97754 0.050989177 0.054664906 0.99720174 8.278687
0.4339107 -0.9006018 0.02545328 106.18823 0.8994591 0.4313837 -0.06995744 89.02002 0.05200395 0.053260088 0.9972267 8.359863
0.436469 -0.89948636 0.023694145 106.6853 0.89831907 0.4340923 -0.06876005 90.08301 0.051548406 0.05127944 0.9973522 8.432495
0.44003394 -0.89760554 0.021347031 107.17432 0.89631325 0.43775874 -0.06908425 91.10303 0.052657437 0.049534783 0.9973834 8.506714
0.4453766 -0.89517653 0.019022133 107.670654 0.8937745 0.44320714 -0.06927417 92.125 0.053569082 0.047860943 0.9974171 8.579956
0.45118907 -0.8922199 0.017208884 108.17822 0.8907522 0.44911253 -0.06915391 93.146484 0.05398141 0.046536293 0.99745727 8.659912
0.45727435 -0.889154 0.016635938 108.67554 0.88774383 0.45528114 -0.06783836 94.13574 0.05273153 0.045781985 0.99755836 8.731934
0.46682236 -0.88426715 0.015105788 109.18457 0.8828632 0.464941 -0.06678172 95.12744 0.05203045 0.0444946 0.99765265 8.800903
0.4758168 -0.87939435 0.014086135 109.71069 0.8780064 0.47400743 -0.06600932 96.11304 0.05137759 0.04379266 0.99771965 8.874756
0.48467842 -0.8746363 0.013058721 110.234375 0.873227 0.48291433 -0.06590131 97.08374 0.051309373 0.043347165 0.9977421 8.943848
0.495204 -0.86878055 0.011497907 110.77637 0.8672967 0.49347854 -0.06643667 98.05054 0.05204216 0.042873297 0.9977243 9.013672
0.5033511 -0.8640234 0.007671401 111.3186 0.8623051 0.50174546 -0.068125635 99.00342 0.05500084 0.040912442 0.99764836 9.082886
0.5153072 -0.8568655 0.00367836 111.872314 0.8550464 0.51392317 -0.06745514 99.947266 0.055936985 0.03790233 0.9977143 9.151367
0.5283229 -0.8490849 0.0009845588 112.44385 0.8473016 0.5271381 -0.0653937 100.88745 0.054998964 0.035373896 0.997859 9.223511
0.54077035 -0.8411443 -0.0001942981 113.019775 0.83951 0.5397347 -0.062174056 101.8064 0.05240093 0.033449408 0.9980652 9.296143
0.5530602 -0.83313507 -0.0002823742 113.618164 0.8316078 0.5520669 -0.06032663 102.734375 0.050421372 0.03312476 0.99817824 9.359985
0.56380653 -0.8258798 -0.000691222 114.22119 0.82437515 0.56282914 -0.059872486 103.62329 0.049841475 0.033190794 0.9982057 9.432861
0.5752724 -0.81790704 -0.002010257 114.832275 0.8163558 0.57432896 -0.060196336 104.507324 0.05039769 0.032989934 0.9981843 9.496338
0.5874684 -0.80930734 -0.003279231 115.45557 0.8076875 0.58653945 -0.060998812 105.374756 0.051284656 0.033189274 0.99813265 9.563232
0.5973354 -0.8020672 -0.0030404273 116.08301 0.8003592 0.59630275 -0.06307894 106.21973 0.052397277 0.035241652 0.99800396 9.627686
0.6081986 -0.7937905 -0.0029313636 116.7168 0.7921567 0.6071759 -0.061997436 107.05615 0.050986428 0.035386235 0.9980723 9.700562
0.61999714 -0.7845955 -0.002975512 117.353516 0.7830845 0.61902964 -0.059805512 107.88208 0.048763618 0.034752242 0.9982058 9.764893
0.62787914 -0.7782149 -0.0011800814 117.99219 0.7769049 0.62690884 -0.0570768 108.68408 0.045155194 0.034924895 0.99836963 9.825195
0.63935125 -0.76886934 -0.0014937049 118.64697 0.7675992 0.6384043 -0.056248724 109.4751 0.044204637 0.03481549 0.9984155 9.886475
0.6483548 -0.76135415 -0.0039331466 119.2832 0.7600665 0.64754194 -0.0550248 110.25244 0.044444654 0.032691874 0.9984771 9.948364
0.65720606 -0.7536614 -0.007139303 119.92969 0.75232685 0.6565544 -0.054004423 111.012695 0.0453926 0.030113438 0.9985147 10.001831
0.66759557 -0.7444159 -0.008365707 120.60132 0.74308044 0.66699827 -0.053424478 111.76758 0.045350954 0.02945116 0.99853706 10.059082
0.6759285 -0.73706883 -0.0075834473 121.25903 0.7358484 0.67533934 -0.05148234 112.4939 0.04306215 0.02921472 0.9986448 10.1154785
0.6839637 -0.7295426 -0.0064341114 121.92969 0.7284022 0.6833405 -0.050559074 113.208984 0.041278794 0.029894652 0.9987004 10.170776
0.6937996 -0.72017294 -0.005628792 122.608154 0.7191314 0.69317824 -0.04892337 113.91528 0.03913043 0.029899845 0.998787 10.226807
0.70021397 -0.7138732 -0.0074248603 123.268555 0.71278584 0.6996552 -0.048866153 114.60742 0.040088024 0.02892842 0.99877745 10.272705
0.70866144 -0.70553637 -0.007260208 123.94971 0.70452976 0.708135 -0.04709204 115.29077 0.038367413 0.028256558 0.9988641 10.328003
0.71499485 -0.69903076 -0.006852474 124.61377 0.6981588 0.71453315 -0.04387144 115.95068 0.03557306 0.026581546 0.99901336 10.369019
0.72252816 -0.691217 -0.00609741 125.28882 0.690457 0.7220979 -0.041339748 116.61304 0.032984473 0.025664363 0.99912655 10.415527
0.730475 -0.6827987 -0.005850015 125.96509 0.6820986 0.7300672 -0.039823286 117.25513 0.031465787 0.02510092 0.99918973 10.460571
0.7365236 -0.67650497 -0.006740646 126.62695 0.6758338 0.7361743 -0.038305845 117.87256 0.030871922 0.023661206 0.9992435 10.507202
0.74530596 -0.66669554 -0.007243578 127.293945 0.6660916 0.74501985 -0.035835758 118.479004 0.029282954 0.021888373 0.99933183 10.538208
0.75484174 -0.6558582 -0.005480968 127.97534 0.655388 0.7545717 -0.03246679 119.07593 0.025429685 0.02091733 0.99945784 10.582153
0.7619779 -0.64753014 -0.0054737 128.63672 0.64715487 0.7617784 -0.0286379 119.64795 0.022710675 0.018277837 0.9995751 10.612549
0.77330285 -0.6341067 -0.0051461235 129.31543 0.6338049 0.7731428 -0.025617205 120.21582 0.020223035 0.016548477 0.9996585 10.649292
0.78190005 -0.62334335 -0.0070062615 129.97607 0.62301546 0.7817756 -0.025538273 120.75708 0.021395903 0.015603481 0.99964935 10.678589
0.7919005 -0.61049795 -0.008932708 130.6499 0.6101262 0.79180235 -0.026244156 121.28638 0.02310085 0.015332716 0.9996156 10.7092285
0.8021553 -0.5971205 -0.009376364 131.34131 0.59677064 0.80207884 -0.025068462 121.80371 0.022485916 0.014515598 0.9996419 10.738159
0.812184 -0.58339405 -0.0073247794 132.0271 0.58308357 0.81206304 -0.024751548 122.3064 0.020383969 0.015828833 0.9996668 10.762573
0.82224524 -0.5691671 -0.006285962 132.72412 0.5689415 0.8221529 -0.021162901 122.802734 0.017213574 0.013825504 0.9997563 10.788574
0.8301875 -0.55759245 -0.003639534 133.4226 0.55742997 0.8300733 -0.019585403 123.27661 0.013943454 0.014231175 0.9998014 10.814087
0.83904797 -0.5440277 -0.0013156771 134.14355 0.543917 0.83892137 -0.018301414 123.740234 0.01105793 0.014641042 0.9998317 10.830078
0.8477984 -0.53027976 0.0004253711 134.86914 0.53020334 0.84766203 -0.017681548 124.19629 0.009015091 0.015217261 0.99984354 10.850098
0.8544629 -0.5194862 0.0025758783 135.58008 0.5194427 0.8543016 -0.018105185 124.63965 0.007203231 0.016809223 0.9998328 10.868774
0.8605841 -0.5092761 0.0027193183 136.31812 0.50923663 0.8604204 -0.018141495 125.06836 0.0069003953 0.016996443 0.9998316 10.887817
0.86808634 -0.49642083 0.0023304108 137.07275 0.49639514 0.86796963 -0.015281151 125.52026 0.005563419 0.014422513 0.9998804 10.90625
0.8742182 -0.485607 0.0023189972 137.79907 0.48558915 0.87411904 -0.014005344 125.9353 0.004773204 0.01336945 0.99989915 10.916138
0.8802658 -0.47445348 0.0023371046 138.5625 0.4744426 0.880183 -0.012713549 126.35864 0.003975885 0.012300323 0.9999163 10.928833
0.8859887 -0.46363133 0.0023979717 139.30835 0.46362165 0.88590336 -0.0128807705 126.75293 0.003847938 0.012524443 0.99991405 10.946777
0.8915713 -0.4528892 0.00239473 140.08643 0.45287767 0.89147663 -0.013601126 127.14087 0.0040249797 0.013210442 0.9999045 10.957031
0.89551234 -0.44500238 0.0018845244 140.87305 0.44497952 0.89540374 -0.014781683 127.53296 0.0048899944 0.014075678 0.99988896 10.969482
0.8987788 -0.43846688 0.0018694662 141.64233 0.43844864 0.89868206 -0.013895685 127.92261 0.004412181 0.013308496 0.99990165 10.980713
0.9016669 -0.43236858 0.0049869176 142.44702 0.43239665 0.90158623 -0.012078067 128.31763 0.0007274011 0.013046948 0.9999145 10.992432
0.9050336 -0.4252866 0.0075435797 143.2539 0.42534098 0.9050008 -0.008370591 128.69604 -0.003266471 0.010783433 0.99993646 10.9991455
0.9078158 -0.41927683 0.009260647 144.06958 0.41933373 0.907821 -0.00534344 129.08838 -0.006167161 0.008733343 0.9999428 10.996216
0.9110693 -0.4121877 0.010751523 144.90918 0.41223633 0.9111068 -0.0026862724 129.47192 -0.008688871 0.006879128 0.99993855 10.997925
0.9135548 -0.40655774 0.012080036 145.76294 0.40659735 0.9136168 -0.00091828033 129.87231 -0.0106633995 0.005750863 0.99992657 10.992676
0.91692746 -0.39878866 0.015028247 146.62622 0.3988254 0.91703445 0.0005943272 130.24341 -0.014018253 0.005448548 0.9998868 10.992065
0.9203818 -0.3905469 0.017381977 147.51172 0.3905911 0.92052686 0.0009125648 130.6123 -0.016356971 0.0059522474 0.9998483 10.984253
0.9231084 -0.38399863 0.018795997 148.4082 0.38405976 0.9232741 0.00039311382 130.99292 -0.017504971 0.0068569505 0.9998233 10.97937
0.92683655 -0.37499252 0.019074941 149.30469 0.37506697 0.9270024 -0.00035374408 131.36133 -0.01755043 0.007480736 0.99981815 10.958008
0.93087816 -0.3648687 0.019812845 150.2439 0.36499596 0.93103373 -0.0031082663 131.72388 -0.017313443 0.010122745 0.999799 10.958252
0.9340347 -0.35665986 0.018787913 151.17505 0.35678893 0.9341662 -0.0039165644 132.08594 -0.016153648 0.010362789 0.9998158 10.94104
0.93905085 -0.34325346 0.017554626 152.13892 0.3433788 0.9391578 -0.00460895 132.43433 -0.014903889 0.01035876 0.9998352 10.935547
0.94358534 -0.33072817 0.015627937 153.11133 0.33080623 0.9436837 -0.00262548 132.79443 -0.013879999 0.0076472084 0.9998745 10.921509
0.94903904 -0.3147389 0.016161012 154.08936 0.31476235 0.9491681 0.00114215 133.13794 -0.015699282 0.0040027285 0.99986875 10.91272
0.9550367 -0.29592907 0.017865518 155.10864 0.29589143 0.95520353 0.0047744685 133.46558 -0.018478654 0.0007266463 0.99982905 10.895386
0.9609984 -0.27584168 0.019201396 156.14185 0.27573282 0.96118695 0.008151935 133.7732 -0.020705545 -0.002539143 0.99978244 10.884277
0.96678686 -0.25481224 0.020413592 157.17749 0.2546618 0.96699345 0.009700691 134.06445 -0.022211418 -0.004180812 0.9997446 10.866699
0.972242 -0.23303346 0.021085178 158.23364 0.23282468 0.9724477 0.011902613 134.3335 -0.02327824 -0.0066646673 0.999707 10.851318
0.97706705 -0.21143982 0.025299715 159.32324 0.21119317 0.9773732 0.012084212 134.58374 -0.027281908 -0.006464344 0.99960685 10.830688
0.9815391 -0.18915193 0.02817287 160.406 0.18879738 0.9819003 0.014779426 134.80078 -0.030458871 -0.009187565 0.9994939 10.803467
0.98549396 -0.16637512 0.033390395 161.54907 0.16586506 0.98598987 0.017521285 135.00293 -0.035838075 -0.011727758 0.99928874 10.784546
0.9887536 -0.14529112 0.035580724 162.67432 0.14471523 0.9893092 0.018269632 135.1919 -0.037854597 -0.012916614 0.9991999 10.746948
0.9918454 -0.12210456 0.036519766 163.80835 0.12140697 0.99238586 0.020753244 135.34766 -0.038776167 -0.01615109 0.9991177 10.710815
0.994313 -0.100486405 0.035305623 164.96191 0.09979651 0.9947912 0.020801794 135.47949 -0.037211437 -0.017161537 0.9991605 10.673828
0.9963542 -0.07799038 0.034543853 166.1416 0.077290155 0.996783 0.021161618 135.58081 -0.036083337 -0.018413562 0.99917895 10.632446
0.99760646 -0.05868545 0.036557376 167.32617 0.058013026 0.9981308 0.01918907 135.65918 -0.03761549 -0.017022053 0.9991473 10.60144
0.9984457 -0.03932343 0.039497778 168.52515 0.03856507 0.9990605 0.01977753 135.72095 -0.040238425 -0.018223723 0.9990238 10.562378
0.9989818 -0.018825226 0.04101136 169.75146 0.018007364 0.9996334 0.020225417 135.76123 -0.04137697 -0.019466642 0.9989543 10.521973
0.9990991 0.0023357794 0.042383045 170.96362 -0.0032383858 0.9997691 0.0212432 135.771 -0.04232363 -0.021361323 0.9988758 10.483276
0.9987656 0.024683937 0.04311383 172.2102 -0.025620496 0.9994446 0.021312416 135.75903 -0.042563844 -0.02239051 0.9988432 10.437744
0.99820316 0.04172349 0.04300508 173.44507 -0.042782065 0.9987958 0.023999779 135.7268 -0.041951835 -0.025796587 0.9987869 10.395142
0.9970968 0.06339169 0.042196054 174.71509 -0.06449851 0.99759436 0.02541373 135.66187 -0.04048378 -0.028061002 0.9987865 10.3479
0.9956511 0.08376973 0.040798847 175.9961 -0.084842466 0.99607515 0.02530251 135.57935 -0.03851988 -0.02865401 0.99884653 10.308594
0.99429226 0.09951386 0.03848677 177.25366 -0.10062311 0.99452937 0.02805803 135.46826 -0.035484895 -0.031769473 0.9988657 10.265991
0.99205816 0.12008159 0.037391696 178.5669 -0.12114508 0.9922493 0.027609818 135.32349 -0.033786654 -0.031920377 0.99891955 10.224121
0.9894191 0.14051506 0.0360081 179.85767 -0.1415954 0.9894823 0.029435009 135.1582 -0.031491883 -0.034223236 0.99891794 10.191406
0.98688215 0.158352 0.03147127 181.177 -0.15929796 0.9867686 0.030228743 134.96606 -0.026267473 -0.034845285 0.99904734 10.155029
0.9836483 0.17830794 0.025441 182.51147 -0.17908275 0.98330384 0.032373354 134.75098 -0.019244717 -0.036399703 0.99915206 10.1345215
0.98082864 0.19373727 0.021278184 183.8313 -0.19439526 0.9802986 0.035168666 134.51001 -0.014047555 -0.038629256 0.9991551 10.109009
0.9771464 0.21175084 0.018283108 185.15723 -0.21230139 0.97650087 0.03691063 134.24194 -0.010038295 -0.039949134 0.99915165 10.102417
0.97290295 0.23060085 0.016786564 186.50146 -0.23109835 0.97212917 0.03945949 133.94922 -0.007219266 -0.0422699 0.99908024 10.0946045
0.96931016 0.24521087 0.017433949 187.84277 -0.2457215 0.9685479 0.039120056 133.63501 -0.0072928136 -0.042202808 0.99908257 10.096069
0.9642949 0.2642565 0.017012421 189.20752 -0.26472715 0.9635689 0.037934974 133.26855 -0.006364123 -0.041084874 0.99913496 10.0928955
0.9595197 0.28123873 0.013584216 190.5332 -0.28155684 0.95877045 0.037985217 132.90283 -0.0023395047 -0.040273443 0.99918604 10.099121
0.95519495 0.2957437 0.010785578 191.87524 -0.2959357 0.95433915 0.04045927 132.51416 0.0016735743 -0.041839693 0.999123 10.102539
0.94981897 0.3126129 0.011016014 193.20679 -0.31279728 0.94892365 0.041308526 132.09204 0.002459718 -0.042681247 0.99908566 10.112183
0.9438531 0.33018303 0.011502511 194.58105 -0.3303625 0.94282985 0.04409678 131.63306 0.0037133212 -0.04542101 0.9989611 10.133911
0.93734044 0.3482207 0.010606641 195.93066 -0.34831923 0.9361571 0.04754368 131.1499 0.006629585 -0.04825972 0.99881256 10.140747
0.9307839 0.36541575 0.008496832 197.25732 -0.36538136 0.92956597 0.048615467 130.66333 0.0098687345 -0.048355732 0.9987815 10.162476
0.9234643 0.3836216 0.0061788713 198.63086 -0.3834437 0.9222419 0.049301766 130.10303 0.013216115 -0.04789781 0.99876475 10.185547
0.916056 0.40104902 0.0020922315 199.99146 -0.40063444 0.9148457 0.050522573 129.53687 0.018347586 -0.047119066 0.9987208 10.220947
0.90749776 0.42000905 -0.0016860715 201.30151 -0.41931757 0.9062198 0.053869523 128.96777 0.024153473 -0.048180517 0.99854696 10.261963
0.89876956 0.43836072 -0.0026051984 202.63892 -0.4375015 0.89734966 0.057534616 128.35303 0.02756039 -0.050571945 0.99834025 10.303589
0.8859571 0.46374112 -0.002824332 203.99146 -0.46273714 0.88440883 0.060666896 127.66821 0.030627917 -0.05244163 0.99815464 10.354004
0.87252945 0.48843694 -0.0013283752 205.33496 -0.4873312 0.87073094 0.06491651 126.96289 0.032879755 -0.055993117 0.99788886 10.411987
0.85910195 0.5118671 -0.0015486982 206.63428 -0.5105635 0.85712117 0.068803295 126.23779 0.036546484 -0.05832182 0.9976285 10.470215
0.8439285 0.53641045 -0.001046267 207.89136 -0.5349575 0.8417841 0.07190818 125.48096 0.039463133 -0.06011906 0.9974096 10.537842
0.8291112 0.559022 -0.0013148707 209.19214 -0.55739874 0.82687795 0.07423815 124.656494 0.042598523 -0.06082012 0.99723905 10.610107
0.8117027 0.58406913 -0.0012988874 210.4563 -0.5823555 0.80948794 0.074781865 123.79736 0.04472619 -0.059944257 0.9971994 10.686768
0.7961829 0.6049245 -0.0038474053 211.6648 -0.6028923 0.7939986 0.07710859 122.92993 0.04970017 -0.059076924 0.9970165 10.771973
0.77857465 0.62751573 -0.006515815 212.85986 -0.6251341 0.7764465 0.07961064 122.006836 0.055005696 -0.057910837 0.996806 10.860718
0.7624537 0.6469962 -0.0087647205 214.04907 -0.64435303 0.76043534 0.080997206 121.048096 0.05908386 -0.056110784 0.99667424 10.956665
0.7463182 0.66548735 -0.009809621 215.21631 -0.662624 0.7443273 0.08285524 120.05884 0.062453937 -0.055339474 0.99651235 11.061279
0.73148143 0.6818462 -0.010600158 216.36206 -0.678896 0.72960377 0.08288296 119.04712 0.064245015 -0.053437304 0.9965028 11.166626
0.7158557 0.69801533 -0.0110412445 217.49243 -0.6949425 0.7140292 0.08376998 117.99878 0.06635881 -0.052299242 0.9964252 11.279907
0.6999413 0.71401525 -0.012581169 218.5774 -0.71077526 0.6982524 0.084473446 116.92578 0.06911233 -0.05019152 0.9963463 11.393555
0.68605024 0.7273706 -0.015121078 219.66064 -0.723866 0.68453187 0.08602491 115.83325 0.07290852 -0.048083402 0.9961805 11.512939
0.6704548 0.7416159 -0.01746936 220.69556 -0.73781407 0.66909313 0.08808104 114.72388 0.07700636 -0.04616542 0.9959617 11.642456
0.65537447 0.75512344 -0.017945772 221.72803 -0.75108665 0.6540201 0.09040793 113.58667 0.08001017 -0.04576744 0.99574214 11.764282
0.64006895 0.7680778 -0.017279051 222.74146 -0.7640505 0.63874626 0.09035096 112.42285 0.08042498 -0.044625293 0.99576104 11.90271
0.6236282 0.78158724 -0.0152106965 223.71631 -0.77750117 0.62215716 0.09184165 111.24536 0.08123845 -0.045436963 0.99565715 12.037598
0.60526884 0.7958703 -0.009496549 224.69116 -0.79195786 0.60339934 0.09254758 110.043945 0.079380766 -0.048487667 0.9956638 12.177368
0.586186 0.81021345 -0.0047483807 225.63501 -0.8064173 0.5839877 0.09345027 108.812744 0.07847504 -0.050948463 0.9956132 12.314331
0.570928 0.8210337 -0.0005174981 226.52173 -0.81736314 0.56843513 0.09409768 107.59888 0.07754755 -0.05329692 0.99556285 12.452515
0.5511302 0.8344221 0.0021976274 227.38403 -0.83058673 0.5483418 0.09724737 106.36719 0.079934604 -0.055415813 0.99525815 12.591431
0.5341881 0.845357 0.0050370903 228.21313 -0.8413142 0.53102994 0.101017416 105.12793 0.08274394 -0.058199994 0.99486977 12.7335205
0.51483935 0.85733134 0.007917093 229.0022 -0.8533966 0.51154494 0.10087311 103.87622 0.082420826 -0.05868937 0.9948681 12.87915
0.49394116 0.86931694 0.011413697 229.76074 -0.8656105 0.49052754 0.09959722 102.61914 0.081006326 -0.059071876 0.9949611 13.022949
0.47289562 0.88092923 0.0149740735 230.4685 -0.8775957 0.4694632 0.096548066 101.35791 0.07804065 -0.05881405 0.9952152 13.161865
0.4496018 0.8930945 0.019054048 231.16016 -0.8899811 0.44599563 0.09561674 100.07617 0.076885685 -0.059934102 0.99523586 13.297974
0.42832533 0.9032381 0.020561727 231.80884 -0.90022486 0.42474952 0.094396554 98.802 0.07652461 -0.05894537 0.9953239 13.42981
0.4069399 0.9131857 0.022737715 232.41162 -0.91027963 0.40331748 0.093524836 97.51074 0.07623984 -0.058729995 0.99535596 13.558228
0.3856772 0.9224997 0.02260551 232.97583 -0.9195676 0.38218027 0.092693895 96.23804 0.07686752 -0.05650975 0.9954365 13.685913
0.36401734 0.9312348 0.021835886 233.51294 -0.9281922 0.36065927 0.09254664 94.9397 0.0782941 -0.053933118 0.99546856 13.815552
0.34201476 0.93936056 0.02155501 233.99194 -0.93628025 0.33878443 0.091875456 93.66748 0.07902071 -0.05161055 0.9955365 13.944702
0.32199478 0.9465648 0.02198363 234.46411 -0.9436668 0.3189401 0.088973865 92.37671 0.077229485 -0.04939967 0.9957894 14.07312
0.30160367 0.953306 0.021310233 234.88696 -0.9503557 0.298692 0.088406816 91.09546 0.07792732 -0.04691773 0.9958549 14.198608
0.28087157 0.95936143 0.023018364 235.29492 -0.95604604 0.27766377 0.09314283 89.84033 0.082989775 -0.04820455 0.9953867 14.331177
0.25918993 0.9654213 0.025058381 235.66553 -0.9613555 0.25545108 0.10190454 88.576416 0.0920173 -0.05051279 0.99447644 14.457642
0.24194604 0.9698213 0.027477246 236.00513 -0.96500593 0.23762317 0.1102214 87.33594 0.10035675 -0.05319354 0.99352896 14.599731
0.22235622 0.97446454 0.031758517 236.32397 -0.96943766 0.2175042 0.113639355 86.0813 0.10384074 -0.056059852 0.9930133 14.74939
0.20132452 0.9789113 0.03531088 236.61597 -0.9738697 0.19615155 0.114659905 84.82056 0.105315186 -0.057467327 0.9927767 14.896362
0.18262088 0.9824101 0.039995473 236.88452 -0.97763824 0.17710201 0.11373816 83.589355 0.10466314 -0.05987027 0.99270415 15.042969
0.16300692 0.9855723 0.045033403 237.12207 -0.9810496 0.15708917 0.11319503 82.35669 0.1044787 -0.06260242 0.99255174 15.194824
0.14447196 0.98844594 0.046637304 237.32397 -0.98404545 0.13854323 0.111926645 81.128174 0.104221664 -0.06205683 0.9926166 15.338745
