1 0 0 0 0 1 0 0 0 0 1 0
0.99987271 0.0010319745 0.015921334 0.0023974397 -0.0010202455 0.9999992 -0.00074479292 -0.0031334681 -0.015922091 0.00072845447 0.99987297 0.11504239
0.99931371 0.0033500364 0.036890134 0.032495537 -0.0033330977 0.99999431 -0.00052066308 0.00011954398 -0.036891671 0.00039734737 0.99931919 0.26361767
0.99797125 0.0053824546 0.063438334 0.06584485 -0.0054378345 0.99998497 0.00070033993 0.00065866056 -0.063433616 -0.0010438862 0.99798551 0.41711808
0.99530598 0.0048418047 0.096656959 0.10155565 -0.0051496198 0.99998243 0.002935406 0.0028523358 -0.096641057 -0.0034193737 0.99531343 0.59072694
0.99088846 0.0014570076 0.13467712 0.18386598 -0.0021854376 0.99998377 0.0052610332 8.1931158e-05 -0.13466728 -0.0055074256 0.99087557 0.7914889
0.98474485 -0.0016324945 0.17399688 0.2418313 0.00062562202 0.99998274 0.0058414167 -0.0079231444 -0.17400343 -0.0056434487 0.98472888 0.97381901
0.9760498 -0.0019284181 0.21753866 0.33090299 0.00040918468 0.99997522 0.0070285699 -0.0064297403 -0.21754684 -0.0067712207 0.9760264 1.1844495
0.96412418 -0.001814316 0.26544542 0.43145016 -0.00091585226 0.99994796 0.010161098 0.0033360213 -0.26545006 -0.010039669 0.96407234 1.3918802
0.95000511 -0.0058233537 0.31218002 0.5672939 0.00061139295 0.99985884 0.016790649 0.010763245 -0.31223376 -0.015760338 0.94987457 1.6418125
0.93273887 -0.015379407 0.36022445 0.71344396 0.0069003535 0.99966831 0.024812524 0.00024137948 -0.3604866 -0.020657929 0.93253561 1.836877
0.91193664 -0.021127671 0.40978673 0.86327146 0.0097182841 0.99950549 0.029905225 -0.0031914877 -0.41021595 -0.023289247 0.91169101 2.0619869
0.88697398 -0.022976549 0.46124747 1.0460876 0.0084172695 0.99939999 0.033597722 0.00015362295 -0.46174271 -0.025917861 0.88663518 2.3052684
0.85844673 -0.025133405 0.51228654 1.2193621 0.0063120386 0.99924071 0.038446789 0.020340223 -0.51286391 -0.029770948 0.85795357 2.524044
0.82613456 -0.030453145 0.56264933 1.4437636 0.0077543719 0.99905836 0.042687894 0.019578701 -0.56341955 -0.030902952 0.82559279 2.7538419
0.79027924 -0.035972743 0.61169 1.6819074 0.0095578925 0.99887748 0.046394347 0.023905154 -0.61267235 -0.030818022 0.78973595 2.9524692
0.7526093 -0.040495581 0.6572209 1.955984 0.010800926 0.99873204 0.049169704 0.034704541 -0.65837878 -0.029906983 0.75209241 3.1778607
0.7135341 -0.043760737 0.69925249 2.2442195 0.0117815 0.99865579 0.050475918 0.044704028 -0.70052146 -0.027778045 0.71309053 3.4060637
0.67131069 -0.045619718 0.73977074 2.5206056 0.011051625 0.99860912 0.051552718 0.061468564 -0.7410937 -0.026432222 0.67088115 3.595044
0.62907291 -0.045978233 0.77598532 2.8691202 0.0066765984 0.998532 0.053751879 0.08072569 -0.77731766 -0.028632909 0.62845641 3.8207055
0.5874581 -0.046995524 0.80788882 3.2168429 0.003993372 0.99846855 0.055177906 0.09951143 -0.80924477 -0.029188507 0.5867461 4.014969
0.54701257 -0.048167117 0.83573747 3.5760356 0.0020184398 0.99841626 0.056221866 0.11926599 -0.837122 -0.029067181 0.54624346 4.2277197
0.50837205 -0.050656406 0.85964628 4.0010262 0.00090393978 0.99829915 0.058292241 0.13432202 -0.8611371 -0.028857077 0.50755317 4.4262624
0.47076158 -0.050521013 0.88081275 4.4202971 -0.0019604146 0.99829675 0.058307343 0.15510405 -0.88225833 -0.029175615 0.46986072 4.6222015
0.43458517 -0.049733941 0.89925647 4.876636 -0.0032323813 0.99838158 0.056778234 0.18002501 -0.90062498 -0.027581718 0.43372106 4.820411
0.40055329 -0.048355383 0.91499658 5.3850943 -0.0020677491 0.99855624 0.053676498 0.19779882 -0.91627117 -0.023392281 0.399875 5.0081
0.37120907 -0.046785771 0.92736985 5.8883885 9.4205384e-06 0.99873001 0.050382117 0.22335165 -0.92854935 -0.018693562 0.37073808 5.191392
0.34582711 -0.044843767 0.937226 6.4439107 0.00089833088 0.99887264 0.047461919 0.24479805 -0.93829786 -0.015571679 0.34547752 5.3647486
0.32456144 -0.044264485 0.94482827 7.0207622 0.0020288688 0.99893466 0.046102383 0.26721082 -0.94586248 -0.013046123 0.32430548 5.5411974
0.30978829 -0.044756171 0.94975156 7.5900604 0.0031645739 0.99893451 0.046041657 0.29324008 -0.95080033 -0.011257606 0.30959985 5.7350967
0.29828557 -0.04640991 0.95334766 8.1978326 0.0041922533 0.99887125 0.047314362 0.31349893 -0.95446751 -0.010116516 0.29814344 5.9173125
0.28775529 -0.048292526 0.95648557 8.8381829 0.003423945 0.99877333 0.049397533 0.34230598 -0.95769789 -0.010939447 0.28756765 6.1079069
0.27684382 -0.0500129 0.95961249 9.5098105 0.0016124149 0.9986674 0.051583181 0.37159379 -0.96091362 -0.012733191 0.27655554 6.2772356
0.26659818 -0.051762492 0.96241674 10.192846 0.0010426933 0.99857168 0.053418209 0.40370499 -0.96380724 -0.013237691 0.26627136 6.4829104
0.25650519 -0.053629054 0.96505385 10.914276 6.5918114e-05 0.99846046 0.055467973 0.42600135 -0.96654289 -0.014164208 0.25611383 6.6812585
0.24651102 -0.055234029 0.9675647 11.644923 -0.00039359651 0.9983688 0.057092779 0.45910907 -0.96913995 -0.014454829 0.24608717 6.8632163
0.23545608 -0.056644116 0.97023286 12.40225 -0.00079635262 0.99828854 0.05847532 0.4874019 -0.97188471 -0.014541016 0.23500799 7.0447216
0.22660762 -0.05947306 0.97216864 13.160014 -0.0019206826 0.99810478 0.061507421 0.52626933 -0.97398428 -0.015805277 0.22606391 7.2268876
0.21432782 -0.063181132 0.97471619 13.936028 -0.0041879015 0.99783717 0.0656007 0.56529637 -0.97675285 -0.01814207 0.21359966 7.3861666
0.20232639 -0.066737342 0.97704149 14.739403 -0.0041074228 0.9976087 0.068992763 0.60466045 -0.97930957 -0.017972179 0.20156845 7.5415601
0.18931815 -0.069307535 0.9794667 15.516024 -0.0048968427 0.99742679 0.071524894 0.64487975 -0.98190363 -0.018337254 0.1884916 7.6992083
0.17571599 -0.069835329 0.98196071 16.330464 -0.0057899785 0.99739008 0.071968721 0.68202915 -0.98442392 -0.018331586 0.17485304 7.8492001
0.16182662 -0.06911632 0.98439575 17.117287 -0.0070106859 0.99743852 0.071184576 0.72048623 -0.98679434 -0.018420848 0.16092755 7.977551
0.1443959 -0.068117738 0.98717259 17.930907 -0.0081936236 0.99751126 0.070029634 0.7611602 -0.98948611 -0.018200512 0.1434784 8.0945439
0.12362498 -0.066852814 0.99007448 18.751398 -0.01075311 0.99757926 0.068702238 0.79681975 -0.99227079 -0.019139693 0.12260684 8.1920119
0.098928011 -0.065267695 0.99295181 19.567126 -0.015201054 0.99763114 0.067089755 0.84012679 -0.99497852 -0.02173097 0.097701525 8.2847294
0.068456386 -0.06457195 0.9955622 20.405114 -0.019777928 0.99761927 0.06606533 0.87671108 -0.99745809 -0.024212751 0.067016309 8.3331721
0.034907389 -0.064292308 0.99732035 21.261504 -0.022644726 0.99762149 0.065104312 0.91793986 -0.99913401 -0.024856667 0.033368478 8.3529728
0.0011309105 -0.063867631 0.9979577 22.081734 -0.024023784 0.99766862 0.063876355 0.95079996 -0.99971079 -0.024046958 -0.00040606973 8.3544719
-0.031967805 -0.062850556 0.99751079 22.925746 -0.025095726 0.99775675 0.062061795 0.98291131 -0.99917383 -0.023049278 -0.033473375 8.324466
-0.065778794 -0.060854152 0.99597683 23.766095 -0.027191463 0.99787725 0.059174421 1.0175535 -0.99746371 -0.023189645 -0.067293877 8.2507314
-0.099003875 -0.0575911 0.99341905 24.620558 -0.0292121 0.99806175 0.05494898 1.0523421 -0.99465822 -0.023579694 -0.10049434 8.1717542
-0.12992768 -0.053278007 0.99009099 25.445707 -0.026944514 0.99837626 0.050187972 1.0763134 -0.99115734 -0.020156713 -0.13115226 8.0449465
-0.16207695 -0.0476811 0.98562543 26.299807 -0.022339741 0.99875321 0.044642613 1.0951536 -0.98652526 -0.014783077 -0.16294005 7.8826401
-0.19321455 -0.041245917 0.98028916 27.111387 -0.016687091 0.99910964 0.038748776 1.109974 -0.98101466 -0.0088713466 -0.19373079 7.7098496
-0.22096991 -0.03582914 0.97462223 27.936533 -0.010050228 0.99935555 0.034459764 1.1217094 -0.97522888 -0.002180604 -0.22118759 7.5122823
-0.24879896 -0.029033434 0.96811986 28.750071 -0.0021663843 0.9995648 0.02941971 1.1394118 -0.96855277 0.0052222743 -0.24875358 7.2917272
-0.2761236 -0.018812364 0.96093797 29.55287 0.0050851634 0.99976583 0.021033713 1.1363692 -0.96110872 0.010694432 -0.27596328 7.0432693
-0.30202318 -0.0036122368 0.9532937 30.350572 0.0091652294 0.9999356 0.0066927083 1.1243638 -0.95325656 0.01075851 -0.30197062 6.7576478
-0.32664684 0.013444089 0.9450508 31.126394 0.0098699008 0.99989283 -0.010812832 1.1035583 -0.94509497 0.0057955813 -0.32674453 6.4885145
-0.35244467 0.027703368 0.93542247 31.868846 0.0082830413 0.99961493 -0.026483633 1.0773564 -0.93579604 -0.0015858715 -0.35253842 6.1859504
-0.37657769 0.03863296 0.9255791 32.651883 0.012448752 0.99925087 -0.036643108 1.0370705 -0.92630143 -0.002276672 -0.37677652 5.8643348
-0.40058316 0.043721874 0.91521662 33.400741 0.016480587 0.99904308 -0.04051302 0.99205552 -0.91611222 -0.0011455253 -0.4009204 5.5340781
-0.42274906 0.042721006 0.90523924 34.145334 0.018605946 0.99908687 -0.038460936 0.94196124 -0.9060558 0.00058350876 -0.4231579 5.1737479
-0.44298787 0.039525408 0.89565586 34.893833 0.022817502 0.99920113 -0.032809426 0.90211682 -0.89623723 0.0059024524 -0.44353585 4.7933968
-0.46095007 0.038301834 0.88659909 35.62376 0.030339742 0.99916427 -0.027390866 0.86652249 -0.88690732 0.014273368 -0.46172691 4.3939563
-0.47489714 0.039143973 0.87917028 36.325851 0.034076393 0.999079 -0.02607588 0.82108592 -0.87938136 0.017575592 -0.47579365 4.002907
-0.48610474 0.042436392 0.87286956 37.020452 0.036682411 0.9989308 -0.028136535 0.77223304 -0.87313037 0.018341658 -0.48714167 3.6133856
-0.49623616 0.045282398 0.86700583 37.731637 0.038726548 0.99879939 -0.030000396 0.73245598 -0.86732346 0.018688863 -0.49739401 3.2126293
-0.50681924 0.044080833 0.86092455 38.402423 0.031863087 0.99896724 -0.032391319 0.67726461 -0.86146333 0.011015171 -0.50770037 2.8103988
-0.51829147 0.043149263 0.85411477 39.097499 0.030470571 0.99902394 -0.031979905 0.65070529 -0.85466108 0.0094504542 -0.51910037 2.4024062
-0.52696231 0.044449919 0.84872544 39.769504 0.032888409 0.9989499 -0.031897582 0.61154959 -0.84925211 0.011104407 -0.52787083 1.982276
-0.53395653 0.047755481 0.84416218 40.457601 0.03672712 0.99877132 -0.033270999 0.56597814 -0.84471392 0.01323838 -0.53505439 1.5477156
-0.53782655 0.050860214 0.84151993 41.149579 0.037151592 0.99863873 -0.036612166 0.52473812 -0.84223656 0.011572811 -0.53898396 1.0930016
-0.53708663 0.052555725 0.84188823 41.867345 0.03653604 0.99856993 -0.039028397 0.47891299 -0.84273551 0.0097976325 -0.53823873 0.64337947
-0.53411697 0.053343607 0.84372594 42.572815 0.039169314 0.99849705 -0.038332873 0.43920328 -0.84450275 0.012573929 -0.53540365 0.19474795
-0.52824498 0.052162487 0.8474882 43.332847 0.037533085 0.99857007 -0.038066883 0.39228152 -0.84826209 0.011700208 -0.52944745 -0.26756912
-0.52141439 0.050725628 0.85179451 44.090534 0.035281441 0.99865947 -0.0378746 0.35275867 -0.85257394 0.010304177 -0.52250509 -0.71953448
-0.5139733 0.050010993 0.85634706 44.877001 0.03333628 0.99870942 -0.038316815 0.30302326 -0.85715821 0.0088536064 -0.51497716 -1.1763749
-0.50761576 0.048661868 0.86020823 45.670085 0.030557004 0.99879245 -0.038469626 0.25338821 -0.86104156 0.006757599 -0.50848975 -1.6486286
-0.50345978 0.046562558 0.86276307 46.491655 0.026521969 0.99890913 -0.038433516 0.20717983 -0.86361154 0.003532447 -0.5041455 -2.0950869
-0.50232402 0.04350888 0.8635841 47.322285 0.021214733 0.99905275 -0.037993978 0.15764346 -0.86441922 -0.00076458094 -0.50277122 -2.571191
-0.50212641 0.0412348 0.86381056 48.177361 0.018811044 0.99914704 -0.036760497 0.10980719 -0.86458965 -0.0022092378 -0.50247379 -3.0447183
-0.50325532 0.039970267 0.86321283 49.021105 0.016979707 0.99919422 -0.036367545 0.058965608 -0.86397097 -0.0036450588 -0.50352849 -3.5331287
-0.50428141 0.039512428 0.86263489 49.88754 0.017462845 0.99921496 -0.035559911 0.013008967 -0.86336282 -0.002868142 -0.50457554 -4.0372233
-0.50383991 0.038618979 0.86293328 50.766804 0.017035206 0.99925003 -0.034773254 -0.037308987 -0.86362909 -0.0028199058 -0.50411993 -4.5501819
-0.50399692 0.03810652 0.86286438 51.65673 0.017350576 0.99927134 -0.033996206 -0.089457788 -0.8635312 -0.0021627888 -0.50429085 -5.0533278
-0.50450876 0.037533774 0.86259032 52.542941 0.017044976 0.99929293 -0.033512889 -0.14545844 -0.86323835 -0.0022047138 -0.5047918 -5.5672108
-0.50448157 0.036153526 0.86266517 53.439837 0.015313194 0.99934046 -0.032926397 -0.19476528 -0.86328669 -0.0034006011 -0.50470247 -6.0743816
-0.50433973 0.035488055 0.86277573 54.341346 0.014968964 0.9993643 -0.032356092 -0.24995664 -0.8633756 -0.0034036035 -0.50455035 -6.5966358
-0.50373503 0.034811313 0.86315649 55.231988 0.013701957 0.999384 -0.032308987 -0.30191671 -0.86374958 -0.0044482346 -0.50390171 -7.1139795
-0.50273329 0.033429112 0.86379492 56.125855 0.013509632 0.99943378 -0.030815695 -0.35582928 -0.86433604 -0.0038225238 -0.50290025 -7.6177204
-0.50041382 0.030849583 0.86523653 57.014912 0.013550632 0.99952165 -0.027800377 -0.40937588 -0.86568034 -0.0021871908 -0.50059248 -8.1325463
-0.49796975 0.030048355 0.86667362 57.909053 0.014379064 0.99954821 -0.026393372 -0.45790363 -0.86707522 -0.00068114457 -0.49817685 -8.6334111
-0.4957016 0.029386868 0.86799555 58.804219 0.014071834 0.99956795 -0.025805131 -0.51171376 -0.86837893 -0.00057735488 -0.49590096 -9.1390324
-0.49364614 0.030053065 0.86914339 59.692289 0.015063871 0.99954827 -0.026006372 -0.56159684 -0.86953242 0.0002547194 -0.49387587 -9.6344257
-0.49258841 0.030326959 0.86973379 60.572731 0.015000506 0.99954003 -0.026357413 -0.60798239 -0.87013315 6.3091625e-05 -0.49281675 -10.1274
-0.49359722 0.031601866 0.86911624 61.467094 0.014462652 0.99949967 -0.028128951 -0.6576962 -0.8695704 -0.0013146457 -0.49380731 -10.62577
-0.49576306 0.033605263 0.86780736 62.348597 0.012963959 0.99942608 -0.031296028 -0.71299252 -0.8683611 -0.0042651942 -0.49591419 -11.123041
-0.50037501 0.03426125 0.8651306 63.221746 0.011849743 0.99939415 -0.032724743 -0.76856871 -0.86572772 -0.0061230682 -0.50047785 -11.619905
-0.50625684 0.032507766 0.8617698 64.09556 0.011386117 0.99945414 -0.031012597 -0.81768266 -0.86230762 -0.0058881269 -0.50635064 -12.122051
-0.51118811 0.030650738 0.8589221 64.958082 0.015094631 0.99952993 -0.026684763 -0.87168775 -0.85933633 -0.00067582072 -0.51141048 -12.639451
-0.51669986 0.028361551 0.85569669 65.813781 0.012132383 0.99959337 -0.025804957 -0.91641818 -0.85608068 -0.0029517768 -0.51683385 -13.144514
-0.52130945 0.030618384 0.85281822 66.661904 0.013041966 0.99952527 -0.027913272 -0.9771278 -0.85326809 -0.0034290257 -0.52146129 -13.665453
-0.52682369 0.03286148 0.84933908 67.495965 0.013733554 0.99945101 -0.030150829 -1.0207874 -0.84986367 -0.0042197264 -0.52698577 -14.17138
-0.5315124 0.033101349 0.84640346 68.32904 0.012085366 0.99943079 -0.031496781 -1.0741386 -0.84696433 -0.0065118332 -0.5316099 -14.687665
-0.53518496 0.033677002 0.8440633 69.154231 0.01106325 0.99939873 -0.032859937 -1.1302515 -0.84466249 -0.0082480602 -0.53523575 -15.206866
-0.53827346 0.032724607 0.84213462 69.979481 0.011072373 0.9994342 -0.031759917 -1.1872028 -0.84269754 -0.0077710916 -0.53833124 -15.734752
-0.5409545 0.026060331 0.84064798 70.804903 0.012731098 0.99965904 -0.022797295 -1.2329614 -0.84095553 -0.0016299267 -0.54110183 -16.261635
-0.54306632 0.018030106 0.83949618 71.632202 0.013616386 0.99982708 -0.0126652 -1.2686644 -0.83957944 0.0045528615 -0.54321792 -16.793272
-0.54486308 0.01536256 0.83838425 72.446306 0.013920547 0.99986009 -0.0092745274 -1.302063 -0.83840951 0.0066174206 -0.5450007 -17.312328
-0.54584003 0.02071783 0.8376332 73.249639 0.013952981 0.99978039 -0.015635941 -1.3374025 -0.83777326 0.0031527587 -0.54600923 -17.831699
-0.54714348 0.026133969 0.83663072 74.044426 0.014611078 0.99965838 -0.021671071 -1.3777187 -0.83691134 0.00036689216 -0.54733841 -18.349234
-0.54727107 0.031163999 0.83637499 74.849573 0.021002606 0.99950321 -0.023499503 -1.4144372 -0.83669189 0.0047054571 -0.54765372 -18.881997
-0.54745895 0.031812578 0.8362276 75.637584 0.023976118 0.99946321 -0.022325932 -1.457592 -0.83648903 0.007826961 -0.54792782 -19.407922
-0.54694764 0.029222909 0.83665659 76.433961 0.023880104 0.9995285 -0.019300587 -1.5001121 -0.83682619 0.0094230371 -0.5473876 -19.924644
-0.54626548 0.024005643 0.83726799 77.233231 0.021729713 0.99965895 -0.014484326 -1.5300561 -0.83733022 0.010281307 -0.54660081 -20.441941
-0.54559666 0.018253384 0.83784905 78.035799 0.020299831 0.99975728 -0.0085617245 -1.5563744 -0.83780204 0.012336947 -0.54583478 -20.955539
-0.54509702 0.011404187 0.83829537 78.839118 0.011228959 0.9999171 -0.0063013217 -1.5961017 -0.83829781 0.0059783534 -0.54517989 -21.459964
-0.54379729 0.0060790389 0.83919455 79.644057 0.0026526346 0.99998122 -0.0055248547 -1.6163697 -0.83921245 -0.00077832372 -0.5438032 -21.956014
-0.54185124 0.0065474359 0.84044887 80.438541 0.0055958725 0.9999756 -0.004182461 -1.6415097 -0.84045582 0.0024367739 -0.54187465 -22.465381
-0.53899822 0.0097824903 0.84225006 81.228037 0.010932602 0.99992958 -0.0046175686 -1.6719696 -0.84223599 0.0067191244 -0.53906721 -22.970646
-0.53325704 0.013059898 0.84585241 82.017087 0.011998223 0.99989701 -0.0078742051 -1.6975886 -0.84586821 0.0059497516 -0.53335882 -23.467584
-0.52586235 0.01533034 0.85043148 82.810614 0.017118132 0.9998258 -0.0074384441 -1.7240864 -0.85039745 0.010646202 -0.52603318 -23.953962
-0.51808102 0.017619233 0.85515002 83.606646 0.024542454 0.99968238 -0.0057284181 -1.7561225 -0.8549794 0.018019696 -0.51834889 -24.446086
-0.50771142 0.017411887 0.86135119 84.414471 0.023234166 0.99970883 -0.006513679 -1.7786705 -0.86121388 0.016705709 -0.50796814 -24.917465
-0.4976208 0.014387749 0.86727531 85.228962 0.018445452 0.99981185 -0.0060029382 -1.8072518 -0.86719857 0.013010099 -0.49779256 -25.369433
-0.48557594 0.011847977 0.87411416 86.042804 0.020953976 0.99977861 -0.0019111995 -1.8251483 -0.87394336 0.017388136 -0.48571671 -25.812125
-0.47425445 0.010450355 0.88032576 86.867107 0.020108065 0.99979728 -0.0010358624 -1.8512705 -0.88015819 0.017210386 -0.47436845 -26.248436
-0.46295647 0.0096130199 0.88632885 87.692928 0.019839259 0.99980307 -0.00048110023 -1.8695873 -0.886159 0.01736138 -0.46305601 -26.670314
-0.45064663 0.011284189 0.89263106 88.514365 0.023351321 0.99972696 -0.00084907719 -1.887743 -0.892397 0.020461482 -0.45078709 -27.079887
-0.43880386 0.014513912 0.89846561 89.34301 0.022913748 0.99972515 -0.0049587672 -1.9187843 -0.89829071 0.018411289 -0.43901583 -27.475102
-0.42753234 0.023966839 0.90368226 90.170493 0.024873101 0.9995819 -0.014742751 -1.9438398 -0.90365784 0.016174379 -0.42794972 -27.860231
-0.41453161 0.029104458 0.90956935 90.998704 0.025355201 0.99946981 -0.020425594 -1.9697022 -0.90968166 0.014595261 -0.41504978 -28.22942
-0.4032139 0.025260455 0.91475701 91.845048 0.022450428 0.99959113 -0.017707217 -2.0028277 -0.91483037 0.013396892 -0.40361615 -28.595984
-0.39113443 0.021784924 0.92007565 92.690336 0.023600429 0.99962847 -0.013635715 -2.0424639 -0.92003095 0.016380783 -0.39150325 -28.943968
-0.38135163 0.022334216 0.92416018 93.526525 0.021127338 0.99965755 -0.015440637 -2.0744526 -0.92418864 0.013636733 -0.3816929 -29.271106
-0.3746973 0.026728749 0.9267618 94.371263 0.016170368 0.99962072 -0.022292262 -2.1144346 -0.92700621 0.0066332295 -0.3749874 -29.606046
-0.36918289 0.030871077 0.92884385 95.222133 0.0067691378 0.99951095 -0.030529274 -2.1564539 -0.92933215 -0.0049834128 -0.36921131 -29.925428
-0.36587249 0.033420684 0.93006468 96.064292 0.005075408 0.9994118 -0.033915999 -2.199508 -0.93065119 -0.0076884727 -0.36582691 -30.246412
-0.36237709 0.033590998 0.93142601 96.902837 0.0052722409 0.99940822 -0.033991513 -2.2437905 -0.93201669 -0.0074070426 -0.36233975 -30.56671
-0.35731958 0.03272312 0.93340872 97.760611 0.0029047786 0.99942015 -0.033925342 -2.2963048 -0.9339777 -0.0094108427 -0.35720745 -30.886494
-0.35210921 0.029449399 0.93549546 98.597856 0.0019868604 0.99952614 -0.030717253 -2.335354 -0.93595685 -0.0089571282 -0.35200087 -31.192724
-0.34663173 0.025313749 0.93765963 99.46409 0.0018032771 0.99965192 -0.026320706 -2.3847127 -0.93799961 -0.0074327311 -0.34655673 -31.512882
-0.34077001 0.022467347 0.93987815 100.30605 8.6993075e-05 0.99971516 -0.023866181 -2.4244034 -0.94014673 -0.008051115 -0.3406749 -31.804398
-0.33548578 0.021367864 0.94180286 101.151 -0.0037153922 0.99970493 -0.024005043 -2.4689913 -0.94203798 -0.011552517 -0.3353074 -32.090768
-0.32881684 0.020714249 0.94416647 102.01113 -0.01595211 0.99949496 -0.027483616 -2.5062022 -0.94425902 -0.024098523 -0.32832034 -32.370731
-0.32188058 0.0244238 0.94646516 102.85309 -0.013178614 0.99945478 -0.030273087 -2.5531469 -0.94668859 -0.022217417 -0.32138321 -32.643025
-0.31528826 0.028244888 0.94857549 103.71035 -0.011304099 0.99937429 -0.033514742 -2.5981553 -0.94892866 -0.021289596 -0.3147717 -32.923453
-0.30876667 0.025890156 0.95078534 104.55524 -0.01497526 0.99937323 -0.032076418 -2.6435866 -0.95101996 -0.024142386 -0.30818544 -33.188414
-0.30165144 0.021271452 0.95318092 105.42074 -0.014091813 0.9995424 -0.026765677 -2.6821639 -0.95331417 -0.021505952 -0.30121365 -33.452831
-0.29457492 0.018463597 0.95544997 106.27385 -0.01412487 0.99961999 -0.023672 -2.7243606 -0.95552404 -0.020468784 -0.29420218 -33.704336
-0.288188 0.021508048 0.95733223 107.12605 -0.016724735 0.99948217 -0.027489701 -2.76781 -0.95742782 -0.02393333 -0.28767905 -33.952381
-0.28165405 0.024169166 0.95921154 107.99236 -0.017643663 0.99938323 -0.03036209 -2.8126683 -0.95935383 -0.02547561 -0.2810539 -34.19947
-0.27495843 0.02508979 0.96112865 108.84062 -0.018476296 0.99933696 -0.031372872 -2.8489843 -0.96127861 -0.026384333 -0.27431256 -34.428068
-0.26792052 0.02398115 0.96314247 109.71818 -0.019074602 0.99936219 -0.030189023 -2.9001924 -0.96325222 -0.026459818 -0.26729221 -34.666789
-0.26023484 0.024002063 0.96524694 110.56568 -0.015840749 0.9994503 -0.029123306 -2.9403386 -0.96541544 -0.022869132 -0.25971158 -34.887822
-0.25243618 0.025330185 0.9672819 111.43445 -0.011193114 0.99951397 -0.029095364 -2.9853389 -0.96754884 -0.018171619 -0.25202997 -35.113247
-0.24557172 0.026195639 0.96902437 112.31461 -0.0090599505 0.99952913 -0.02931626 -3.0280847 -0.96933613 -0.015978557 -0.24521876 -35.334886
-0.23907363 0.024949895 0.9706808 113.16523 -0.016064254 0.99943138 -0.029645426 -3.0696861 -0.97086859 -0.022680702 -0.23853688 -35.524074
-0.23312212 0.022780372 0.97218056 114.03532 -0.020818927 0.99937953 -0.028409936 -3.1138332 -0.97222463 -0.02686274 -0.23250322 -35.71996
-0.22829142 0.023030471 0.97332037 114.92148 -0.018048628 0.99944827 -0.027881991 -3.154235 -0.97342558 -0.023932317 -0.2277498 -35.925041
-0.22387314 0.023143891 0.97434342 115.77181 -0.016292435 0.99948944 -0.027484675 -3.20034 -0.97448215 -0.022027507 -0.22338177 -36.11208
-0.21901113 0.024867771 0.97540537 116.65777 -0.015035831 0.99947045 -0.028857351 -3.2388571 -0.97560654 -0.020986111 -0.21852125 -36.310661
-0.21349631 0.023896107 0.97665154 117.51187 -0.0095892591 0.99960139 -0.026553843 -3.2788395 -0.97689685 -0.015034511 -0.21318206 -36.492484
-0.2079851 0.022716754 0.97786812 118.38009 -0.0021617298 0.99971715 -0.023684109 -3.3200874 -0.97812965 -0.0070398276 -0.20787716 -36.682791
-0.20334621 0.021657791 0.97886729 119.26944 0.00052418359 0.99975759 -0.022011103 -3.362401 -0.9791068 -0.0039627674 -0.20330827 -36.872557
-0.19908159 0.023047013 0.97971183 120.1269 -0.0018893073 0.99971253 -0.023901429 -3.3974697 -0.97998114 -0.0066093104 -0.19898082 -37.032004
-0.19553771 0.02511765 0.98037443 120.99508 -0.0040969119 0.99964231 -0.026428438 -3.434835 -0.98068767 -0.0091842633 -0.19536487 -37.195004
-0.19345961 0.024184482 0.98081008 121.88485 -0.0060611674 0.9996476 -0.025844503 -3.4784381 -0.98108956 -0.010944721 -0.19324485 -37.366902
-0.19268876 0.023130637 0.98098722 122.73463 -0.0073539663 0.99966002 -0.025015411 -3.5197745 -0.98123241 -0.012034335 -0.19245314 -37.523555
-0.19173758 0.018985261 0.98126254 123.62225 -0.0061557666 0.99976995 -0.020546167 -3.5514334 -0.98142696 -0.0099798949 -0.19157661 -37.69431
-0.19057151 0.013419871 0.98158154 124.47652 -0.0057809971 0.99987388 -0.014792322 -3.5914397 -0.98165634 -0.0084935145 -0.19046989 -37.851268
-0.18985093 0.011335961 0.98174744 125.34196 -0.0034563887 0.99991943 -0.012214185 -3.6235661 -0.98180688 -0.0057121744 -0.18979645 -38.013587
-0.18882789 0.015660077 0.98188528 126.21348 -0.0070357367 0.9998256 -0.017299259 -3.6555331 -0.98198503 -0.010174868 -0.18868478 -38.17622
-0.18881385 0.019673021 0.98181578 127.0544 -0.0064738096 0.99975265 -0.021277412 -3.6936079 -0.9819916 -0.010373558 -0.18863979 -38.33109
-0.18887307 0.018914468 0.98181929 127.90811 -0.0093197024 0.99973493 -0.021052442 -3.7220824 -0.98195733 -0.013126502 -0.18864673 -38.485168
-0.1883635 0.018209125 0.98193052 128.77531 -0.010362041 0.9997356 -0.020527053 -3.75875 -0.98204475 -0.014041351 -0.18812502 -38.64465
-0.18746744 0.018441439 0.98209765 129.60749 -0.004660721 0.99979579 -0.019663426 -3.7969813 -0.9822598 -0.0082635347 -0.18734321 -38.805543
-0.18683709 0.021318473 0.98215953 130.4614 -0.0062678366 0.9997183 -0.022891934 -3.8347507 -0.98237096 -0.010433077 -0.18665084 -38.961664
-0.18709856 0.022675213 0.98207937 131.29137 -0.01574294 0.99953595 -0.026077495 -3.8636691 -0.98221503 -0.020339878 -0.18665476 -39.098836
-0.1865837 0.023929716 0.98214755 132.12352 -0.019719835 0.99941068 -0.028096606 -3.9018793 -0.98224118 -0.024610156 -0.18600186 -39.240902
-0.18669313 0.027110433 0.9820441 132.95719 -0.020414978 0.99929626 -0.03146772 -3.9512123 -0.98220618 -0.025923215 -0.18600829 -39.3936
-0.18578025 0.027989648 0.98219255 133.78064 -0.017726965 0.99933604 -0.031831215 -3.9940503 -0.98243144 -0.023324904 -0.18516073 -39.545103
-0.18440254 0.02930566 0.98241376 134.60678 -0.017879753 0.99928994 -0.033165172 -4.0399297 -0.9826882 -0.023681057 -0.18374763 -39.691755
-0.18230306 0.028657404 0.98282464 135.42915 -0.01207633 0.99943451 -0.031381742 -4.0754463 -0.98316827 -0.017589902 -0.1818539 -39.845918
-0.17920644 0.025885397 0.98347085 136.25927 -0.0032063255 0.99963312 -0.026895045 -4.1207253 -0.98380631 -0.0079730921 -0.17905769 -39.99971
-0.17692519 0.020979468 0.98400064 137.06398 0.0012583013 0.9997768 -0.021089578 -4.1572936 -0.98422354 -0.0024931076 -0.1769121 -40.152567
-0.17299089 0.02082469 0.9847032 137.88902 0.0064430423 0.99977899 -0.020011612 -4.1894981 -0.98490239 0.0028826587 -0.17308684 -40.293609
-0.16838699 0.024915221 0.98540599 138.6908 0.0018001943 0.99968661 -0.024968676 -4.2402483 -0.98571936 -0.0024304769 -0.16837907 -40.422015
-0.16182943 0.028496425 0.98640717 139.50134 0.0049134375 0.99959385 -0.028071279 -4.2747433 -0.98680655 0.00030389169 -0.16190372 -40.550988
-0.15401592 0.028774015 0.98764926 140.30014 -0.0011130979 0.99957019 -0.029294894 -4.3146972 -0.98806778 -0.0056112298 -0.1539177 -40.665159
-0.14390955 0.025317652 0.98926689 141.09796 0.0070053726 0.99967369 -0.024564907 -4.3417376 -0.98956609 0.0033950593 -0.14403995 -40.781044
-0.13201648 0.023751627 0.99096288 141.91263 0.016023906 0.99963339 -0.021824732 -4.3808668 -0.99111804 0.012997873 -0.13234867 -40.887715
-0.11855451 0.025805801 0.99261211 142.69305 0.014276335 0.9996032 -0.024282432 -4.4208263 -0.99284495 0.011292072 -0.11887588 -40.977628
-0.10422066 0.027031519 0.99418674 143.50539 0.012862451 0.9995836 -0.025829885 -4.4588651 -0.99447106 0.010095672 -0.10452496 -41.052854
-0.090427462 0.027150542 0.99553284 144.26887 0.016187215 0.99953633 -0.025789389 -4.4896774 -0.99577153 0.013782837 -0.090825027 -41.119839
-0.076710805 0.028674536 0.99664093 145.05072 0.020697441 0.99941677 -0.02716133 -4.528879 -0.99683858 0.01854435 -0.077259556 -41.176448
-0.062962694 0.034594496 0.99741608 145.84557 0.017469579 0.99928413 -0.033556505 -4.5758372 -0.99786302 0.015311632 -0.063521973 -41.21271
-0.050070231 0.043720483 0.99778826 146.60583 0.010383833 0.99901019 -0.04325295 -4.6221974 -0.99869176 0.008195183 -0.050474658 -41.232453
-0.036908321 0.052187049 0.99795501 147.35316 0.0016289963 0.99863728 -0.052162479 -4.6645994 -0.99931737 -0.00029956369 -0.036943039 -41.239015
-0.02361605 0.053122273 0.99830868 148.12978 0.00053233536 0.99858775 -0.053124528 -4.714868 -0.999721 -0.00072315568 -0.023610979 -41.246267
-0.011618548 0.049252133 0.99871876 148.90591 0.00060484292 0.99878638 -0.04924843 -4.7675475 -0.99993236 3.1873576e-05 -0.011634239 -41.24317
-0.00030311995 0.046434323 0.99892126 149.65966 0.0014534654 0.99892031 -0.046433837 -4.8194493 -0.99999894 0.0014378234 -0.00037028489 -41.23387
0.0081708985 0.052204695 0.99860294 150.40319 -0.005288929 0.9986246 -0.05216255 -4.8834101 -0.99995267 -0.0048553243 0.0084357657 -41.208096
0.015023187 0.061204799 0.99801212 151.15933 -0.011503448 0.99806933 -0.061035143 -4.9297492 -0.99982101 -0.010563638 0.015698247 -41.186271
0.01807554 0.064522865 0.99775247 151.92165 -0.017576564 0.99778184 -0.064206341 -4.9855793 -0.99968216 -0.016376496 0.019169534 -41.159575
0.018175633 0.060388743 0.9980094 152.67414 -0.017179209 0.99804584 -0.060078081 -5.0364139 -0.99968725 -0.016053054 0.019177544 -41.137733
0.016999706 0.054973847 0.99834303 153.43328 -0.010117694 0.99844569 -0.054807215 -5.1060403 -0.99980434 -0.0091692217 0.01752949 -41.121916
0.013687939 0.052326931 0.99853615 154.18256 -0.012128235 0.99856498 -0.052162186 -5.1590555 -0.9998328 -0.011396488 0.014302928 -41.104914
0.010686929 0.052283735 0.99857504 154.92816 -0.012777006 0.99855773 -0.052146085 -5.2101584 -0.9998613 -0.012201518 0.011339543 -41.093884
0.0072505319 0.052641574 0.99858711 155.67388 -0.011756079 0.99854887 -0.052554198 -5.2642571 -0.99990465 -0.011358422 0.0078588674 -41.087066
0.0026018348 0.050648653 0.9987131 156.41788 -0.011397646 0.99865315 -0.050615918 -5.3211636 -0.9999317 -0.011251284 0.0031756044 -41.080469
-0.002622899 0.051111881 0.99868945 157.16049 -0.014729099 0.99858261 -0.051145095 -5.3707791 -0.99988812 -0.014843943 -0.0018663509 -41.078698
-0.0085397959 0.049372926 0.99874386 157.90837 -0.014376091 0.99867104 -0.049492247 -5.4217938 -0.99986023 -0.014780686 -0.0078186587 -41.078292
-0.014292182 0.046385923 0.9988213 158.65332 -0.01074943 0.99885852 -0.046541463 -5.4708271 -0.99984012 -0.011401938 -0.013777247 -41.089971
-0.01953175 0.046245713 0.99873909 159.37876 -0.013221364 0.99883039 -0.046508502 -5.5192484 -0.99972186 -0.014113085 -0.018897475 -41.101931
-0.024864233 0.047732499 0.9985506 160.10367 -0.012349215 0.99876857 -0.048050417 -5.5655353 -0.9996146 -0.013526052 -0.024244157 -41.115051
-0.029089199 0.049946283 0.99832815 160.82611 -0.016853885 0.99858436 -0.050450186 -5.6199795 -0.99943476 -0.018293263 -0.028206232 -41.12852
-0.031660626 0.051924577 0.99814897 161.54293 -0.015983205 0.99849566 -0.052449587 -5.671687 -0.99937092 -0.017614206 -0.030783078 -41.147643
-0.033225746 0.053602089 0.99800941 162.25318 -0.01410584 0.99843618 -0.054094621 -5.7256642 -0.99934837 -0.015875095 -0.032417686 -41.169344
-0.032378412 0.051870624 0.99812875 162.97078 -0.0093532734 0.99859294 -0.052198158 -5.7753597 -0.99943196 -0.011025864 -0.031847695 -41.196312
-0.02844626 0.047968223 0.99844368 163.68624 -0.0038518247 0.99883525 -0.048096774 -5.8177835 -0.99958794 -0.0052140026 -0.028228364 -41.214674
-0.021414712 0.047493592 0.99864192 164.39411 -0.0038556974 0.99885967 -0.047586627 -5.874775 -0.99976329 -0.0048695143 -0.021207173 -41.224591
-0.010298494 0.048722054 0.99875924 165.09002 -0.0013154894 0.99881072 -0.048738128 -5.9225599 -0.99994615 -0.0018157857 -0.010222154 -41.226286
0.0036227096 0.049170414 0.99878379 165.77294 0.00052105938 0.99879016 -0.049172616 -5.9731817 -0.99999334 0.00069856463 0.0035927045 -41.218503
0.019011312 0.046834918 0.99872167 166.46923 -0.00080082057 0.99890264 -0.046828159 -6.0147119 -0.99981899 9.0468733e-05 0.019027955 -41.194648
0.034947512 0.041946615 0.99850842 167.16549 -0.0046302887 0.99911485 -0.04181003 -6.0584567 -0.99937847 -0.0031622249 0.035110801 -41.148919
0.051480778 0.035496211 0.99804292 167.8353 -0.006627762 0.99935827 -0.03520112 -6.0980436 -0.99865203 -0.0048026091 0.051683 -41.100343
0.06850338 0.02831902 0.99724883 168.51628 -0.0070779228 0.99958568 -0.02789918 -6.1356144 -0.99762582 -0.0051472614 0.068675436 -41.044667
0.086324572 0.020420027 0.99605773 169.20527 -0.0062384177 0.9997814 -0.019955704 -6.1649682 -0.99624758 -0.0044911558 0.086433089 -40.971785
0.10331051 0.014099671 0.99454917 169.85452 -0.0079658526 0.99987918 -0.013347767 -6.1976335 -0.9946173 -0.0065434668 0.10341034 -40.886814
0.12140959 0.011698361 0.99253351 170.51989 -0.008788337 0.99990402 -0.010710217 -6.226754 -0.99256363 -0.0074223952 0.12150075 -40.792215
0.13963257 0.010860568 0.99014378 171.15635 -0.0088836467 0.99991335 -0.0097149323 -6.2465655 -0.99016358 -0.0074395659 0.13971695 -40.687852
0.15736217 0.010163719 0.98748861 171.79643 -0.0094424501 0.99991681 -0.0087869249 -6.2649259 -0.98749586 -0.0079415817 0.15744505 -40.572932
0.17365015 0.0099495725 0.9847571 172.4439 -0.015697573 0.99984989 -0.0073339835 -6.2819783 -0.98468233 -0.014184749 0.17378027 -40.440743
0.1878114 0.0063974602 0.98218423 173.05722 -0.017873123 0.99983547 -0.0030947666 -6.2972719 -0.98204252 -0.016973467 0.18789484 -40.304268
0.20019391 0.0019935103 0.97975423 173.68511 -0.01314514 0.99991339 0.0006514284 -6.3161584 -0.97966815 -0.013009418 0.20020277 -40.169654
0.21110879 0.00040638834 0.97746245 174.32054 -0.010176608 0.99994663 0.001782171 -6.3344279 -0.97740964 -0.010323484 0.21110165 -40.027971
0.22074728 0.0038986763 0.97532321 174.91617 -0.014062016 0.99990079 -0.00081422988 -6.3508893 -0.97522971 -0.013535271 0.2207802 -39.877851
0.22977231 0.010835335 0.97318405 175.51885 -0.017435956 0.99982337 -0.0070152416 -6.3683428 -0.97308826 -0.015356486 0.22992065 -39.721008
0.23886427 0.020899679 0.97082799 176.09507 -0.018289975 0.99968783 -0.017020866 -6.3872898 -0.97088074 -0.013690743 0.23917196 -39.567206
0.24716252 0.02769419 0.96857815 176.68296 -0.014268018 0.99958713 -0.024939893 -6.3996524 -0.96886903 -0.0076554827 0.24745562 -39.415061
0.25352491 0.026546277 0.9669645 177.2898 -0.014310356 0.99961691 -0.023690709 -6.4177988 -0.96722304 -0.0078314206 0.25380767 -39.251935
0.25958275 0.019137636 0.96553119 177.89377 -0.015864271 0.99975322 -0.015550841 -6.437127 -0.9655906 -0.011280718 0.25982229 -39.075124
0.2640074 0.0080555895 0.96448697 178.50432 -0.019484508 0.99980561 -0.003017116 -6.4576124 -0.96432387 -0.017996012 0.26411304 -38.894839
0.26596017 -0.001072721 0.96398338 179.11128 -0.018852253 0.99980234 0.0063138616 -6.4808804 -0.9637997 -0.019852494 0.26588738 -38.722281
0.26687372 -0.0023293429 0.96372865 179.72046 -0.015400967 0.99985907 0.0066814744 -6.4997789 -0.96360848 -0.016625463 0.26680024 -38.553994
0.26800717 0.0010650007 0.96341629 180.3272 -0.014289443 0.99989378 0.0028697728 -6.4997381 -0.96331098 -0.014535801 0.26799392 -38.387162
0.2698692 0.00066087095 0.96289672 180.92825 -0.01116209 0.99993472 0.0024420861 -6.5114799 -0.96283233 -0.011406983 0.26985896 -38.217289
0.27143108 -0.0012995422 0.96245696 181.53696 -0.012083461 0.99991567 0.0047578851 -6.5081267 -0.96238206 -0.012921248 0.27139249 -38.038777
0.27397363 -0.0053558581 0.96172225 182.14947 -0.01242478 0.99988133 0.0091079151 -6.5221653 -0.96165698 -0.014444515 0.27387457 -37.859163
0.27733617 -0.011199452 0.96070763 182.77009 -0.010310599 0.99983978 0.014632089 -6.5321559 -0.96071766 -0.013963479 0.27717626 -37.673774
0.28145264 -0.014216705 0.95946976 183.39487 -0.0091832871 0.99980455 0.017508199 -6.538338 -0.95953122 -0.013738814 0.28126707 -37.488806
0.28742776 -0.01551391 0.95767663 183.99728 -0.0079804221 0.99979532 0.018591379 -6.5328184 -0.95776911 -0.012986342 0.28724512 -37.303769
0.29562914 -0.018719505 0.95511932 184.6306 -0.0068758521 0.9997404 0.021722258 -6.5332989 -0.95527808 -0.012988991 0.29542368 -37.102854
0.30523298 -0.020974968 0.95204664 185.23485 -0.0040613633 0.99971963 0.023327375 -6.5365168 -0.95226909 -0.010986891 0.30506221 -36.900173
0.31612476 -0.01936688 0.94851989 185.86154 -0.0050005769 0.99974371 0.022079371 -6.5383084 -0.94870449 -0.011722982 0.31594689 -36.679962
0.32733018 -0.015669049 0.94478006 186.47854 -0.0059516469 0.99980848 0.018643706 -6.537894 -0.94489132 -0.011725644 0.32717423 -36.456127
0.33880968 -0.011816571 0.94078068 187.07867 -0.0072745242 0.99985834 0.015178433 -6.5350435 -0.94082685 -0.011986331 0.33867573 -36.222924
0.35099781 -0.011276044 0.93630834 187.71011 -0.0069416152 0.99986868 0.014643739 -6.5315334 -0.93635059 -0.011639412 0.35087344 -35.977968
0.36213934 -0.014346681 0.93201352 188.33314 -0.0058804953 0.99982648 0.017675442 -6.5337253 -0.93210546 -0.011881673 0.36199213 -35.723967
0.37323605 -0.016234605 0.92759432 188.95079 -0.0058671135 0.99978558 0.019858835 -6.5352425 -0.9277179 -0.012854334 0.37306077 -35.460023
0.38438524 -0.016344387 0.92302805 189.58658 -0.0089457058 0.99973037 0.021427926 -6.5379929 -0.92312948 -0.016493715 0.38413538 -35.189058
0.39387473 -0.017543986 0.91899664 190.19958 -0.011605079 0.99964322 0.024057404 -6.5264698 -0.9190909 -0.020140632 0.39353061 -34.906503
0.40089817 -0.016423231 0.91597536 190.83922 -0.015648773 0.99957066 0.024771129 -6.5264507 -0.915989 -0.024264591 0.40046904 -34.613835
0.40552868 -0.018766912 0.91388961 191.4758 -0.016039022 0.99948921 0.02764186 -6.5165265 -0.91394163 -0.025867462 0.40502053 -34.316869
0.40722527 -0.024061066 0.91301072 192.11988 -0.01037783 0.99946649 0.030968249 -6.5064726 -0.91326883 -0.022086124 0.40675831 -34.031397
0.40796327 -0.022271366 0.91272662 192.77615 -0.0082924189 0.99957081 0.028096922 -6.5043288 -0.91296072 -0.019031223 0.40760349 -33.737533
0.40681403 -0.02210886 0.91324338 193.44349 -0.0064510964 0.99961263 0.027073497 -6.4961329 -0.91348826 -0.016905299 0.40651382 -33.444783
0.4056686 -0.021077496 0.91377714 194.10079 -0.0035006132 0.99969092 0.0246133 -6.4926771 -0.91401357 -0.013183623 0.40546943 -33.152641
0.40573358 -0.022204451 0.91372159 194.77973 -0.00054097022 0.99969885 0.024534009 -6.481857 -0.91399127 -0.010448567 0.40559938 -32.857345
0.40472944 -0.028760319 0.91398406 195.46362 0.004065453 0.999552 0.029652624 -6.4714429 -0.91442748 -0.00828553 0.40466504 -32.559819
0.40426417 -0.031677674 0.91409351 196.14637 0.0037821492 0.99944942 0.032962979 -6.4663445 -0.91463449 -0.0098685126 0.4041614 -32.250028
0.40234802 -0.034241554 0.91484617 196.83634 0.0054445115 0.9993721 0.035010766 -6.4548388 -0.91547064 -0.0091056214 0.40228182 -31.950026
0.40047131 -0.034343386 0.91566544 197.51616 0.0043150316 0.99935698 0.035595158 -6.4435512 -0.91629918 -0.010303714 0.40036199 -31.642236
0.39941535 -0.034556021 0.91611855 198.20423 0.0027635655 0.9993302 0.036489889 -6.4297621 -0.91676595 -0.012042868 0.39924332 -31.331981
0.39708862 -0.033713069 0.91716083 198.89428 0.0020149643 0.99935472 0.035861971 -6.4218644 -0.9177781 -0.012392334 0.39690031 -31.037684
0.39667157 -0.030531404 0.91745269 199.57539 0.0031236805 0.99948584 0.03191078 -6.4165538 -0.91795533 -0.0097922696 0.39656298 -30.732963
0.39558354 -0.024224929 0.91811042 200.26773 0.001684071 0.99966953 0.025651308 -6.4155433 -0.91842849 -0.0086010714 0.39549361 -30.438787
0.39426361 -0.02096456 0.91875819 200.94714 -0.00067320438 0.99973291 0.023101161 -6.3991811 -0.91899718 -0.0097264585 0.39414419 -30.141789
0.39322103 -0.023816481 0.91913542 201.64411 -0.0016333349 0.99964479 0.026601393 -6.3950383 -0.91944256 -0.011961483 0.39304245 -29.838587
0.39185727 -0.02708001 0.91962736 202.33394 -0.002196059 0.99953635 0.030368818 -6.3854 -0.92002344 -0.013919798 0.39161612 -29.532394
0.38890019 -0.02618136 0.92090776 203.01225 -0.0068871708 0.99948556 0.03132378 -6.3844992 -0.92125419 -0.018524273 0.38851981 -29.24665
0.38475164 -0.026259672 0.92264649 203.7139 -0.0096017889 0.99942727 0.032448979 -6.377708 -0.92297024 -0.021343854 0.38427914 -28.941203
0.37766666 -0.027314022 0.92553863 204.39154 -0.010180006 0.99938193 0.033647205 -6.3705564 -0.9258857 -0.022129416 0.37715518 -28.6626
0.36925521 -0.027574094 0.92891883 205.0868 -0.0094951577 0.9993956 0.033440559 -6.3564921 -0.92927956 -0.021168331 0.36877022 -28.381354
