1.000000000000000000e+00 4.398956837314658088e-19 2.733407509747682871e-20 -8.673617379884035472e-19 -5.583667658079949532e-19 1.000000000000000000e+00 -6.100159232558060012e-19 0.000000000000000000e+00 4.145284534913582806e-20 -2.210423569125054137e-19 1.000000000000000222e+00 0.000000000000000000e+00
9.998979412346783446e-01 2.519061375520037331e-04 1.428438567130844473e-02 -8.555083308922223351e-02 -2.474303622543660248e-04 9.999999197453353084e-01 -3.151000835786104109e-04 -6.542814972402749563e-03 -1.428446414821338446e-02 3.115335500454817779e-04 9.998979232973057574e-01 1.009378154973944453e-02
9.995670264766227664e-01 1.649888210896744041e-03 2.937749943040690592e-02 -9.319758012523610136e-02 -1.636733434552798717e-03 9.999985492425768063e-01 -4.718257674187150449e-04 -1.533379228604039857e-02 -2.937823577979756240e-02 4.235383737737286524e-04 9.995682767331877105e-01 -7.819539945042919271e-03
9.979681419034649448e-01 5.101330861211119186e-03 6.351034702042480939e-02 -1.358163138661484109e-03 -5.174034580007114484e-03 9.999861340620421757e-01 9.803363636055129407e-04 8.554793799254473141e-03 -6.350446646864789380e-02 -1.306949147525755892e-03 9.979806985124631824e-01 4.254226908684264896e-01
9.954213791429087355e-01 4.193561997468391901e-03 9.549184232512526738e-02 4.100601036276445288e-02 -4.494220104775631039e-03 9.999855976961145032e-01 2.933665584210091559e-03 1.267821922906840065e-02 -9.547816616465305828e-02 -3.349394744306363834e-03 9.954258894389238499e-01 5.482795815499081904e-01
9.909147870034757943e-01 1.679293469464079262e-03 1.344807225670026640e-01 1.551519687066181818e-01 -2.350690721102917293e-03 9.999855537797670557e-01 4.833889536725500917e-03 1.312993666423153960e-02 -1.344706646336142064e-01 -5.106095130123345857e-03 9.909044193420101232e-01 8.162743462826297369e-01
9.851496998271844774e-01 -2.504024955924967748e-03 1.716793479752422580e-01 1.587738437814644743e-01 1.510878096346936509e-03 9.999813629801513892e-01 5.915313635448334745e-03 -1.449068270502765210e-02 -1.716909634443051225e-01 -5.568082774894409295e-03 9.851351226092456281e-01 8.859547393499833667e-01
9.764721002644994874e-01 -2.622621781388225718e-03 2.156278246318133196e-01 2.762614642638190898e-01 1.209615296954722570e-03 9.999769255910662125e-01 6.684692381864519931e-03 -4.048685197190815543e-03 -2.156403842949353722e-01 -6.266588748377247345e-03 9.764527408099200612e-01 1.163072571538275479e+00
9.647914703829792993e-01 -2.540169984301661986e-03 2.630037364296637925e-01 3.558807206471665818e-01 -1.314329743165946194e-04 9.999485807450535502e-01 1.013995012262333857e-02 3.728714011257433514e-03 -2.630159747154960370e-01 -9.817504593141356678e-03 9.647415272950542464e-01 1.328929372875887083e+00
9.503896387109508348e-01 -6.045461054488637798e-03 3.110031925600772462e-01 5.389131538295438562e-01 9.260233982081646784e-04 9.998616808361936448e-01 1.660607323766196894e-02 2.716527550681768766e-02 -3.110605715992090237e-01 -1.549424355665668385e-02 9.502637794158211859e-01 1.645878311985503384e+00
9.335612977548289892e-01 -1.576632257135946943e-02 3.580708375205975957e-01 6.464085527538502296e-01 7.367384537388074403e-03 9.996650782765376109e-01 2.480832311214064070e-02 4.044259925097964947e-04 -3.583420540282503675e-01 -2.052204460706771524e-02 9.333647838588937651e-01 1.809172135907485268e+00
9.124901755699926786e-01 -2.155485429152917409e-02 4.085303726932354995e-01 8.082984520678698770e-01 1.022563915203556634e-02 9.995007173753450713e-01 2.989568928737153242e-02 -5.480793817596751882e-03 -4.089708048620480652e-01 -2.310203840242771797e-02 9.122549966736925864e-01 2.053217877580201911e+00
8.877347484133031319e-01 -2.355289763012061513e-02 4.597524055646802221e-01 1.000936365442544052e+00 8.972748171288432231e-03 9.993858795228381942e-01 3.387260792198928255e-02 -5.487735021545786518e-03 -4.602678682096334462e-01 -2.594464829972736170e-02 8.874009059054586146e-01 2.278889590731834947e+00
8.591024846548638294e-01 -2.540790887159949385e-02 5.111725297361412457e-01 1.169338265463934157e+00 6.798418840066943608e-03 9.992453854237752786e-01 3.824187727157009331e-02 2.956194162878365839e-02 -5.117584464605204886e-01 -2.937852658906683206e-02 8.586269262926990997e-01 2.509014019450731769e+00
8.272209630437677985e-01 -3.075637394294201618e-02 5.610343296158866178e-01 1.423619961387715627e+00 8.030734129290935039e-03 9.990459105499455150e-01 4.292756553749038639e-02 2.645530194224396392e-02 -5.618193586377143722e-01 -3.100506429190966889e-02 8.266787157313519874e-01 2.760670051289133120e+00
7.916587068574710839e-01 -3.658020658612829573e-02 6.098675057979442427e-01 1.625735051795333064e+00 1.029754787187966980e-02 9.988631007902961656e-01 4.654531491168079071e-02 2.707415311029123806e-02 -6.108767956959436640e-01 -3.056786364499190084e-02 7.911353562787460936e-01 2.948570994116097133e+00
7.540781319943415939e-01 -4.105859936289554812e-02 6.555000805261612662e-01 1.889899447378986963e+00 1.139407405253428304e-02 9.987116666276625310e-01 4.944878124085624188e-02 3.532321700556115274e-02 -6.566858869368243923e-01 -2.981942774039617397e-02 7.535744517801711284e-01 3.136221376606328270e+00
7.140651048769268705e-01 -4.428365451193725516e-02 6.986773047964225380e-01 2.212266744055060741e+00 1.234191247506182150e-02 9.986385739457728228e-01 5.068210501805849033e-02 4.257999452085120540e-02 -6.999705082321548977e-01 -2.756730803563997231e-02 7.136395020529728850e-01 3.383677505133708685e+00
6.725581557500376340e-01 -4.619818089289236263e-02 7.386008709143200290e-01 2.487204819442711656e+00 1.150134705291509449e-02 9.985815517180246514e-01 5.198657066290628126e-02 5.462834107687822294e-02 -7.399549015602427948e-01 -2.646908663069496431e-02 6.721355070712401458e-01 3.582406062076978870e+00
6.299314166239966539e-01 -4.655318044482777834e-02 7.752542821965002773e-01 2.844808743937759399e+00 7.286098419999676931e-03 9.985122281294600555e-01 5.403927271053270143e-02 8.708942469258468266e-02 -7.766165941169647091e-01 -2.839245608213022964e-02 6.293334123554917836e-01 3.820207709636599169e+00
5.882236602935150271e-01 -4.734769636736421705e-02 8.073110370500502508e-01 3.185767343983147981e+00 4.388364410320295603e-03 9.984567778566519891e-01 5.536068065428011858e-02 1.049958654399926195e-01 -8.086863914549266008e-01 -2.902168662977561847e-02 5.875236783355697323e-01 4.023110741822637948e+00
5.480386302354393058e-01 -4.836606222210244194e-02 8.350535146935554875e-01 3.580155588752942819e+00 2.230386198544600466e-03 9.984078110749319279e-01 5.636371276828408550e-02 1.266503684364002624e-01 -8.364500570309451044e-01 -2.902699951773547726e-02 5.472739230308713010e-01 4.228685284238998143e+00
5.094169913267392324e-01 -5.106524163250754367e-02 8.590032933108415758e-01 3.996195366468845211e+00 1.265208445635662574e-03 9.982810593031544721e-01 5.859458881225684118e-02 1.350460696621433587e-01 -8.605188793009336257e-01 -2.876226030002880865e-02 5.086059407055100179e-01 4.454376177046013296e+00
4.718362517317931659e-01 -5.094570408029000519e-02 8.802130844223746697e-01 4.376794526226689186e+00 -1.663732987997440169e-03 9.982759933584700596e-01 5.867088746304954111e-02 1.638923411549211284e-01 -8.816846361298187329e-01 -2.914749053222941144e-02 4.709380416237475275e-01 4.653629697009733945e+00
4.362133171283174016e-01 -5.025530778330555837e-02 8.984388307519646233e-01 4.841231943777165370e+00 -2.907850414241013037e-03 9.983552896737616367e-01 5.725609093744606082e-02 1.845219193766708399e-01 -8.998385971580763476e-01 -2.758839440626817061e-02 4.353497364099113143e-01 4.789064079647704197e+00
4.029090008168607073e-01 -4.914716258937413401e-02 9.139195148105112576e-01 5.350751940328517087e+00 -1.489267089851698412e-03 9.985206588805118910e-01 5.435325046809351413e-02 2.028084095205134330e-01 -9.152388399567508159e-01 -2.326048336315214224e-02 4.022397664365658376e-01 4.977666207340994298e+00
3.723657730037583380e-01 -4.731258603679219799e-02 9.268792995481184294e-01 5.858090405348933771e+00 2.664352732223121585e-04 9.987051510102290530e-01 5.087190111379583102e-02 2.254553320951280249e-01 -9.280860280744920310e-01 -1.869600065695222607e-02 3.718962200054091727e-01 5.185939507318487962e+00
3.467373338020798834e-01 -4.543043488177314626e-02 9.368613996821161249e-01 6.390508605395500474e+00 1.073228615079216798e-03 9.988448870160572257e-01 4.803894075654509266e-02 2.493761668397252440e-01 -9.379616651113944492e-01 -1.565142694956424274e-02 3.463855689387991266e-01 5.349185777185243573e+00
3.264133657646215436e-01 -4.474222961834792289e-02 9.441675871136480103e-01 6.982140098208839518e+00 2.212379202698639552e-03 9.989125030338763533e-01 4.657162899482287371e-02 2.686168857362599138e-01 -9.452245425996306238e-01 -1.311274457951034852e-02 3.261573776775903988e-01 5.546242398257025918e+00
3.114960637633821805e-01 -4.533747353977492928e-02 9.491652651605908542e-01 7.572947024556710538e+00 3.230787483294243756e-03 9.989059270350342246e-01 4.665309111978774986e-02 3.034427007141480281e-01 -9.502419588314301446e-01 -1.146570210995108245e-02 3.113017387558151827e-01 5.720255690401486959e+00
2.991700330774200167e-01 -4.688584593694793828e-02 9.530472147013551165e-01 8.174570978435523827e+00 4.191935803942124610e-03 9.988470239913528337e-01 4.782311469821236977e-02 3.191235104744011286e-01 -9.541906178275105788e-01 -1.031212916934817411e-02 2.990216383300134395e-01 5.937118623483041979e+00
2.891880063485627317e-01 -4.884024390512802655e-02 9.560255813202340747e-01 8.812991284973085371e+00 3.197685811184563989e-03 9.987413344497061418e-01 5.005518582448888892e-02 3.508692142430325789e-01 -9.572669889044498337e-01 -1.141828906974866678e-02 2.889801897854205603e-01 6.097466720251413896e+00
2.786514187268339660e-01 -5.045097003779640960e-02 9.590662494990528364e-01 9.487440623798143235e+00 1.526251199518924989e-03 9.986412624764715584e-01 5.208934054201343200e-02 3.859955955672413896e-01 -9.603911045743461772e-01 -1.305099174901254433e-02 2.783498041008764523e-01 6.281218963938370869e+00
2.683539935914212582e-01 -5.217658754320072395e-02 9.619062959518812628e-01 1.018639863091950559e+01 9.361162385906256298e-04 9.985457453112134285e-01 5.390285862159376745e-02 4.117845699497644785e-01 -9.633199230999086593e-01 -1.356459039332802256e-02 2.680125805441678777e-01 6.495514047196007112e+00
2.583390472116370296e-01 -5.429383539104662426e-02 9.645273974226779012e-01 1.087555472243893995e+01 5.582773282799104861e-06 9.984195226583623128e-01 5.620014859975832472e-02 4.421176335196525531e-01 -9.660543220566933931e-01 -1.451330722815718198e-02 2.579310499631217168e-01 6.668225649907077113e+00
2.475491668801753364e-01 -5.584862000742318866e-02 9.672643515442002071e-01 1.161159171911944021e+01 -5.553747224072075935e-04 9.983289319424636377e-01 5.778438511997650157e-02 4.687161531061252440e-01 -9.688751819126965037e-01 -1.484166968758137556e-02 2.471044771110869065e-01 6.857670246659644420e+00
2.370015485182595805e-01 -5.704890665401313177e-02 9.698328063622844164e-01 1.239033404686102635e+01 -1.111011997453038641e-03 9.982578097057422939e-01 5.899246537846410121e-02 5.035024898830102735e-01 -9.715086455187582626e-01 -1.505880064832325858e-02 2.365252633456583486e-01 7.058416202406159634e+00
2.269020957046306852e-01 -6.003566208432226103e-02 9.720654001659722043e-01 1.313585649478166317e+01 -2.259487811636630861e-03 9.980630966832926276e-01 6.216871970070250719e-02 5.361684519410880867e-01 -9.739149605653103503e-01 -1.630258183653245443e-02 2.263269570780429840e-01 7.210335895860279898e+00
2.155936106397356722e-01 -6.347053718955468493e-02 9.744182212071258453e-01 1.390396242540323613e+01 -4.482881899366739260e-03 9.978104728776898691e-01 6.598608898570910986e-02 5.820319781637881551e-01 -9.764728954896212398e-01 -1.859438012316960015e-02 2.148370302986212232e-01 7.375423628389914832e+00
2.031557835220338393e-01 -6.742688305702786156e-02 9.768220548401568282e-01 1.468906554468844661e+01 -4.088293748982715914e-03 9.975590222427990206e-01 6.970855718060881001e-02 6.213228928577836374e-01 -9.791379016025002491e-01 -1.815523118280814099e-02 2.023842225045689447e-01 7.564965531756650208e+00
1.910509787625591371e-01 -6.986589154108548139e-02 9.790905292038963870e-01 1.547808509425456158e+01 -5.124053499213112629e-03 9.973791260338830122e-01 7.217079030853230937e-02 6.622509550889627006e-01 -9.815667499130492635e-01 -1.880521150939590616e-02 1.901922602929961570e-01 7.719104016314491723e+00
1.764636132109895506e-01 -7.052730200343808320e-02 9.817772030534775984e-01 1.629046371899540802e+01 -5.837852180012518058e-03 9.973371791609447756e-01 7.269436354934750988e-02 6.979850532744279468e-01 -9.842898606168236642e-01 -1.855937936101715452e-02 1.755819928897797144e-01 7.853261521496180286e+00
1.620811507209723168e-01 -6.977444658601723859e-02 9.843074776860620823e-01 1.709520231984877370e+01 -7.366978292704117609e-03 9.973835965147654914e-01 7.191445602085434763e-02 7.384735322428401805e-01 -9.867499406107198556e-01 -1.890734873061258176e-02 1.611430528255357320e-01 7.980259472884910110e+00
1.456811163747551430e-01 -6.864597749582353192e-02 9.869471745924348616e-01 1.786253238141719990e+01 -8.813212474514520514e-03 9.974602414627049551e-01 7.067810086808404280e-02 7.774275468641589359e-01 -9.892923515150898739e-01 -1.899463890983998579e-02 1.447061285523538743e-01 8.097031172447026748e+00
1.246099124417569814e-01 -6.727445547956262262e-02 9.899224719943886530e-01 1.872199622985010947e+01 -1.113069791803843189e-02 9.975411722298457295e-01 6.919333228069830810e-02 8.185288801916104084e-01 -9.921433840445647023e-01 -1.964070219845267390e-02 1.235547051047116290e-01 8.203705457924373334e+00
9.995501056084370173e-02 -6.599050378526957750e-02 9.928012048428428438e-01 1.950590086186024408e+01 -1.564482836429040638e-02 9.975706422577150789e-01 6.788264154964780694e-02 8.568239910900008471e-01 -9.948689624714053270e-01 -2.231741374633447461e-02 9.867977259051909089e-02 8.263695542000279559e+00
6.986255786676079382e-02 -6.547301865065807691e-02 9.954056910455735263e-01 2.033649071774631167e+01 -1.961940314733024576e-02 9.975606170913238202e-01 6.699174748212211039e-02 8.951322833219674813e-01 -9.973636845979256815e-01 -2.420947953881023851e-02 6.840759339934431027e-02 8.330698305594951947e+00
3.652158515169328518e-02 -6.532293856835759416e-02 9.971956028440295272e-01 2.121326768444305699e+01 -2.257184638640958446e-02 9.975528274370311088e-01 6.617301725526636424e-02 9.397608372725387849e-01 -9.990779263452426173e-01 -2.492528860658589987e-02 3.495774980358892781e-02 8.356609640778135173e+00
2.315654100565521078e-03 -6.465144414604272194e-02 9.979052115589995831e-01 2.204335416342184217e+01 -2.430560185586840352e-02 9.976094485554956037e-01 6.468868422410174734e-02 9.783508780103270519e-01 -9.997019019598594181e-01 -2.440448252798892159e-02 7.387247562511931346e-04 8.364708721549451553e+00
-3.180430319647775672e-02 -6.365348779351118202e-02 9.974651384859593017e-01 2.288875450883365659e+01 -2.565649338737240048e-02 9.976931515193045996e-01 6.284997819803128660e-02 1.004506902848292249e+00 -9.991647751491632423e-01 -2.359255710639199255e-02 -3.336406216945824593e-02 8.308937983614312017e+00
-6.531442729604780562e-02 -6.167753431847202567e-02 9.959567711780572541e-01 2.371565749699713876e+01 -2.817740047532482639e-02 9.978039602894438476e-01 5.994406512449328150e-02 1.033889414668162310e+00 -9.974668299452493780e-01 -2.414825965791170606e-02 -6.690890819568300063e-02 8.231600892179525175e+00
-9.756535157669864178e-02 -5.848262806088381366e-02 9.935093190975602395e-01 2.456509738995064396e+01 -2.977434807000737052e-02 9.979966420736475774e-01 5.582285039498782742e-02 1.079572590654445774e+00 -9.947836485316686739e-01 -2.413471539771878949e-02 -9.911117676787345454e-02 8.149833447811671405e+00
-1.286723525701778115e-01 -5.413691693115448705e-02 9.902083632889647768e-01 2.540370018618305537e+01 -2.690475075943775385e-02 9.983318415145142621e-01 5.108491581425224359e-02 1.099788404330437341e+00 -9.913221357990070759e-01 -2.006809202604618175e-02 -1.299142483341454712e-01 8.021652259202811663e+00
-1.607252396902248692e-01 -4.871841967664367057e-02 9.857960721356313627e-01 2.624812803314551601e+01 -2.245885949260570738e-02 9.987029619258905866e-01 4.569456735886702481e-02 1.116684190242149155e+00 -9.867436412809703628e-01 -1.479558424788548522e-02 -1.616109344557427330e-01 7.914609586291866172e+00
-1.920530464298703111e-01 -4.264972418418715161e-02 9.804573481053053818e-01 2.708355503111295093e+01 -1.611889369681574619e-02 9.990575433399875305e-01 4.030144375897161402e-02 1.139225970509628816e+00 -9.812521719931557307e-01 -8.063871729841657829e-03 -1.925595124998285557e-01 7.724742256957058295e+00
-2.207773644450121975e-01 -3.703096748392098458e-02 9.746209755735218971e-01 2.786731228234244995e+01 -1.066980419263704322e-02 9.993108651825329813e-01 3.555207459007880821e-02 1.148280012270703310e+00 -9.752658749291281959e-01 -2.549920609544841475e-03 -2.210203336134787810e-01 7.531695471232665362e+00
-2.486517045211196208e-01 -3.014651732859977354e-02 9.681237011611175669e-01 2.871867977407162797e+01 -1.745813248917151136e-03 9.995278554010884609e-01 3.067602323442130546e-02 1.173638058694257857e+00 -9.685913988272518704e-01 5.937483384321221025e-03 -2.485869365084352467e-01 7.330604459884190405e+00
-2.751628672998494007e-01 -2.006481334941399505e-02 9.611882143195411565e-01 2.952953602722281445e+01 3.970761748333777492e-03 9.997499418974733487e-01 2.200651519348561028e-02 1.173162210785198889e+00 -9.613894346933109514e-01 9.872026342740005539e-03 -2.750143893506852288e-01 7.058149416660424613e+00
-3.003343592390532169e-01 -4.972151116912861511e-03 9.538210179152190049e-01 3.031470415656601247e+01 8.670066350851090078e-03 9.999308708917588051e-01 7.942503983909830409e-03 1.161949378737997307e+00 -9.537945889726544557e-01 1.065509947762499979e-02 -3.002704898522451371e-01 6.782735529821031228e+00
-3.244037548146443406e-01 1.167798389138064233e-02 9.458466115796556606e-01 3.108692533748873288e+01 9.198701573815618385e-03 9.999154547582327357e-01 -9.190604425072310471e-03 1.132321073676568979e+00 -9.458739888617376801e-01 5.719095188880122908e-03 -3.244837516393970223e-01 6.480283353770675880e+00
-3.496293665706681209e-01 2.615608003145057994e-02 9.365229040812067529e-01 3.187960630419896546e+01 7.645866743201158895e-03 9.996565861432982203e-01 -2.506492544637373490e-02 1.097048332287289485e+00 -9.368569055541476898e-01 -1.602903704708661141e-03 -3.497092862217779929e-01 6.219525793533408731e+00
-3.742336786650324321e-01 3.713664238028927672e-02 9.265905288744371582e-01 3.263553114602157024e+01 1.179097189475053313e-02 9.993075939910298633e-01 -3.528888703760373058e-02 1.064856534498456408e+00 -9.272594788544944455e-01 -2.280886172748017478e-03 -3.744124354288837497e-01 5.897361233093534771e+00
-3.973441516939691387e-01 4.187796829010743266e-02 9.167136116763061615e-01 3.339947517897640239e+01 1.565683832972269984e-02 9.991221423975543692e-01 -3.885624725730741497e-02 1.015081441198524725e+00 -9.175361042381645627e-01 -1.086464835287558398e-03 -3.976510179805981537e-01 5.545279812456533008e+00
-4.199862916166648419e-01 4.127114042940820821e-02 9.065915249251675911e-01 3.416063458178788181e+01 1.764279725796335380e-02 9.991479308488859790e-01 -3.731144528611365918e-02 9.664671465227787639e-01 -9.073589478616889137e-01 3.245158923451985393e-04 -4.203565738945065910e-01 5.180502177785968776e+00
-4.410595615923601498e-01 3.800854500968683936e-02 8.966726265306474986e-01 3.490840712906232568e+01 2.214885631009046868e-02 9.992594999693903413e-01 -3.146235599328511129e-02 9.429264189445896172e-01 -8.972044943357209146e-01 5.983501231183155529e-03 -4.415748040389792517e-01 4.830517012912215691e+00
-4.587723068849547947e-01 3.649201804337064842e-02 8.878041951063339043e-01 3.560635664172824022e+01 2.911342211926257195e-02 9.992371855356307897e-01 -2.602797814992327194e-02 9.071580421779623649e-01 -8.880767940603336852e-01 1.390610378933290411e-02 -4.594847575098210402e-01 4.408666653524364598e+00
-4.730922642505596687e-01 3.735180610247734040e-02 8.802207326014481747e-01 3.634399170998717210e+01 3.300215337290930695e-02 9.991509886815884700e-01 -2.466089283944078100e-02 8.578640459319005762e-01 -8.803945593815700743e-01 1.738230309056494963e-02 -4.739232948379400456e-01 4.048849684260476423e+00
-4.843021319570085526e-01 4.053873670995113837e-02 8.739611215630417318e-01 3.702247379316668940e+01 3.539934152254549382e-02 9.990158996434481686e-01 -2.672300173684629201e-02 8.046629512978353826e-01 -8.741843879932332806e-01 1.799564260811241032e-02 -4.852605758741178055e-01 3.646410237792860887e+00
-4.944445476961598085e-01 4.314638317694261677e-02 8.681376418727421163e-01 3.772747755765242772e+01 3.702271280263580433e-02 9.989062408165433338e-01 -2.855942461287554884e-02 7.617901259450375884e-01 -8.684203592822408169e-01 1.801975989908061182e-02 -4.955011418084580010e-01 3.259156539627705129e+00
-5.046766658743178091e-01 4.253809981815316610e-02 8.622597981574677828e-01 3.841183178093017148e+01 3.095852953103812866e-02 9.990346662659365107e-01 -3.116576639533397836e-02 7.055106756829658821e-01 -8.627531771145798833e-01 1.096566137833184656e-02 -5.055064026990134796e-01 2.865668842208605849e+00
-5.155862749959466695e-01 4.127879673552140721e-02 8.558427663372049077e-01 3.909407826923657581e+01 2.948478747541397743e-02 9.991020531005541105e-01 -3.042588941948359132e-02 6.937388276391472930e-01 -8.563302239171468599e-01 9.547172099106122217e-03 -5.163404036543064457e-01 2.427267604472507223e+00
-5.240889807396906797e-01 4.270785581988338631e-02 8.505920092406152877e-01 3.975634147248256767e+01 3.151540879642263093e-02 9.990303600562333575e-01 -3.074278192568407828e-02 6.547918426766552447e-01 -8.510802142941376047e-01 1.069480266175002608e-02 -5.249267598640422472e-01 1.998230061526870438e+00
-5.320924148727524949e-01 4.561302968497666505e-02 8.454567408030695397e-01 4.046863621428279600e+01 3.533417729470614971e-02 9.988741809660335313e-01 -3.165227408968252637e-02 6.041898804715930549e-01 -8.459486802861054811e-01 1.303158444957554923e-02 -5.331050751744125238e-01 1.574518990735455093e+00
-5.356908071211837763e-01 4.887723409572987399e-02 8.429984354875398322e-01 4.115032540578915388e+01 3.613270816987879108e-02 9.987358006604347693e-01 -3.494607013165200449e-02 5.696241033723611347e-01 -8.436407992880833318e-01 1.173952895829626433e-02 -5.367796551815209316e-01 1.118958232161864297e+00
-5.349986352896392017e-01 5.019567540481455897e-02 8.433604457645810237e-01 4.187965769475159306e+01 3.519490892043895813e-02 9.986910664245761682e-01 -3.711431217403005772e-02 5.162842665857581004e-01 -8.441195355496882158e-01 9.825888710513807148e-03 -5.360649910269713603e-01 6.721556293207155974e-01
-5.322793175741288296e-01 5.105669556685425020e-02 8.450277681502045279e-01 4.260011821769871432e+01 3.771458300155558496e-02 9.986187871788071435e-01 -3.658043271833129328e-02 4.823125658151647399e-01 -8.457282956316256595e-01 1.239886315843951800e-02 -5.334697097312920411e-01 2.253973686743623306e-01
-5.264096803502242850e-01 5.009416650901758750e-02 8.487540337659688072e-01 4.334050251725089709e+01 3.613082298271583920e-02 9.986790428312826151e-01 -3.653399755811340133e-02 4.338179051704773581e-01 -8.494630209134420573e-01 1.143433278982837822e-02 -5.275242603693308663e-01 -2.140843642194858176e-01
-5.194309850796702266e-01 4.887741999767770268e-02 8.531133783666787762e-01 4.410164854899275610e+01 3.417473557680959784e-02 9.987522864276933143e-01 -3.641370269221149564e-02 3.954674590420917957e-01 -8.538287598564988645e-01 1.024051967253819702e-02 -5.204532580972383027e-01 -6.622694729656701806e-01
-5.121375213264076631e-01 4.813920647258864566e-02 8.575533585251989832e-01 4.488151459597050064e+01 3.225170881344708446e-02 9.988018074976701133e-01 -3.680728950165223362e-02 3.461838740929835678e-01 -8.582977330964470797e-01 8.807168199369235298e-03 -5.130764548674346948e-01 -1.138889264331317763e+00
-5.056932530746890420e-01 4.666254146930737950e-02 8.614504788870841478e-01 4.572204570748616703e+01 2.924394115805365249e-02 9.988894856647597686e-01 -3.694032052560893009e-02 2.965583005282652618e-01 -8.622175699523294545e-01 6.511737242158596208e-03 -5.064962712997679306e-01 -1.611989845706566449e+00
-5.008950542499730485e-01 4.450669237177660303e-02 8.643629361759656016e-01 4.650104181730130648e+01 2.517852855918958216e-02 9.990036156027276570e-01 -3.684857751447283974e-02 2.528086844398498290e-01 -8.651417217172527874e-01 3.306117598335116606e-03 -5.015165844767954795e-01 -2.073492808956259204e+00
-4.993728843392726824e-01 4.148208907480967905e-02 8.653935203798057696e-01 4.734476471637786688e+01 2.018982085616508743e-02 9.991390513455328248e-01 -3.624261539469482429e-02 2.133798077133372273e-01 -8.661518953878831750e-01 -6.264383148766459108e-04 -4.997804670931286219e-01 -2.535649136150528449e+00
-5.001257235028647719e-01 3.911566998810611651e-02 8.650689056391378529e-01 4.818854655640817697e+01 1.763096509363508771e-02 9.992321630971108259e-01 -3.498904496124219388e-02 1.644776148483070854e-01 -8.657733087328183252e-01 -2.246920836289916130e-03 -5.004313567471986302e-01 -2.997174398614165458e+00
-5.012518727830725940e-01 3.775737241477621770e-02 8.644772566864098451e-01 4.903949986885868384e+01 1.629824670632606942e-02 9.992822791561193352e-01 -3.419493656277907551e-02 1.224760167254671239e-01 -8.651479292703280199e-01 -3.050811486490183702e-03 -5.015074940542672000e-01 -3.474360133127035510e+00
-5.013298416794017553e-01 3.717429984147978955e-02 8.644573140078756213e-01 4.990430975926896906e+01 1.617722468248686610e-02 9.993047161030959025e-01 -3.359139389522840247e-02 6.854677648446222404e-02 -8.651050222816898394e-01 -2.855847080170820403e-03 -5.015826533320340008e-01 -3.999919747907596523e+00
-5.014730031800646026e-01 3.656577124702144882e-02 8.644002301740101313e-01 5.077340333076043777e+01 1.593807371876671333e-02 9.993273669385583924e-01 -3.302713221813839001e-02 2.435961063268801685e-02 -8.650264835362867499e-01 -2.785339681813402569e-03 -5.017184850339162505e-01 -4.481360065490694211e+00
-5.019956707868531431e-01 3.580535378447709943e-02 8.641286418291155291e-01 5.164983116486505565e+01 1.628955134777998470e-02 9.993568602538623891e-01 -3.194552158080399273e-02 -2.007083454551376878e-02 -8.647167220249588615e-01 -1.960244737529386830e-03 -5.022560717846359379e-01 -4.984556686393022851e+00
-5.026303143257737638e-01 3.542591369927282352e-02 8.637752938393080671e-01 5.252231039799399070e+01 1.597323306024297715e-02 9.993700307997941401e-01 -3.169222829145538350e-02 -7.397825758443579702e-02 -8.643538831154143898e-01 -2.132189674326426341e-03 -5.028795403010587473e-01 -5.497786686546934476e+00
-5.023242215912511188e-01 3.381332385993996575e-02 8.640179523671623896e-01 5.343759690532389328e+01 1.438544088544894961e-02 9.994236132975257147e-01 -3.074898772449867132e-02 -1.241705362736940377e-01 -8.645596843546210497e-01 -3.016681239204931260e-03 -5.025211093777547378e-01 -6.008399186782279244e+00
-5.027880732789107299e-01 3.336331935553809441e-02 8.637656098604662436e-01 5.435215997034833890e+01 1.399800969953050173e-02 9.994380968322081893e-01 -3.045564476169358714e-02 -1.739173260172041102e-01 -8.642963735913106182e-01 -3.221734660536070254e-03 -5.029725763519723447e-01 -6.525360066854791974e+00
-5.010574533788542118e-01 3.222781482183625923e-02 8.648137272398636055e-01 5.523601983204494559e+01 1.237555172174741036e-02 9.994710082169802057e-01 -3.007572823990411343e-02 -2.289799207806268999e-01 -8.653255378624452598e-01 -4.367119893512999736e-03 -5.011912363099179091e-01 -7.067356020406891481e+00
-4.999922026341448444e-01 3.108047611619106990e-02 8.654720028674672827e-01 5.616329652179089749e+01 1.199515983501979466e-02 9.995084745781638302e-01 -2.896420832408549625e-02 -2.863843114459164729e-01 -8.659468377500381120e-01 -4.100402410907063970e-03 -5.001192602529174192e-01 -7.586035059798241775e+00
-4.987124417045156743e-01 2.873302454892571675e-02 8.662911174675128612e-01 5.705339671189396000e+01 1.257309322905343640e-02 9.995850547743139192e-01 -2.591593284706892805e-02 -3.355064844845482841e-01 -8.666763122422973531e-01 -2.032638245111668181e-03 -4.988667675735559137e-01 -8.064602997385131644e+00
-4.962121012176718415e-01 2.778222593214284969e-02 8.677566968331222874e-01 5.795649755962318039e+01 1.322931001088675958e-02 9.996137900899542128e-01 -2.443882146874272465e-02 -3.810420530893784408e-01 -8.681005404860741015e-01 -6.470156607170571544e-04 -4.963880000876744747e-01 -8.548496872903250221e+00
-4.930031161536646556e-01 2.698208154420412425e-02 8.696090391987384427e-01 5.885599287609107932e+01 1.278591863750459107e-02 9.996357379863811676e-01 -2.376786911096139335e-02 -4.444283889315944203e-01 -8.699335953025830737e-01 -5.988821768961311151e-04 -4.931685257689996660e-01 -9.077231096660582921e+00
-4.911181139270452412e-01 2.730214132740607993e-02 8.706650202800498839e-01 5.972090486808379239e+01 1.333812525215237813e-02 9.996272233312903932e-01 -2.382244248295915107e-02 -4.824382800118451331e-01 -8.709908754454356306e-01 -8.659298543241897436e-05 -4.912991971586637696e-01 -9.599344841230363912e+00
-4.898121710877362256e-01 2.775772382395093330e-02 8.713859834134475291e-01 6.060984255127586806e+01 1.343803432809607089e-02 9.996146626364946775e-01 -2.428879271109466928e-02 -5.297083552271286688e-01 -8.717244225284691561e-01 -1.872305907231997207e-04 -4.899964386291866814e-01 -1.007614411396168030e+01
-4.910800261647746412e-01 2.885195401276971841e-02 8.706365251587887544e-01 6.148322927623952694e+01 1.280387641140448562e-02 9.995824581139780562e-01 -2.590309163253505520e-02 -5.744909355602358936e-01 -8.710203678295586061e-01 -1.572967521227432728e-03 -4.912443977633265679e-01 -1.054925744133785948e+01
-4.941180175613185122e-01 3.072444662239474586e-02 8.688517591867193079e-01 6.238003619108071973e+01 1.162868369988217382e-02 9.995195110878494216e-01 -2.873187511617925766e-02 -6.250303928495096750e-01 -8.693170715607178023e-01 -4.093333981265057271e-03 -4.942378854272531097e-01 -1.103407122028552756e+01
-4.983207171687385473e-01 3.120611287468503039e-02 8.664309711513054069e-01 6.325988717027879460e+01 1.022199147777173682e-02 9.994940344464188220e-01 -3.011952814631963307e-02 -6.768569632564506167e-01 -8.669325153245523996e-01 -6.152533982215718442e-03 -4.983875738906708430e-01 -1.153936108798084170e+01
-5.041041819462308560e-01 2.982774019322265158e-02 8.631276071149772688e-01 6.414753597513895045e+01 1.028874171627875908e-02 9.995399056971883134e-01 -2.853276524783593046e-02 -7.194233597433166150e-01 -8.635815698758682046e-01 -5.502988380420916446e-03 -5.041791376137473302e-01 -1.204055755402118066e+01
-5.091439704505895669e-01 2.776797971186501998e-02 8.602333074482108044e-01 6.498868348775047821e+01 1.336012504844910458e-02 9.996139813252046258e-01 -2.435970799935101294e-02 -7.765419484223089475e-01 -8.605776761030696775e-01 -9.097729643195259135e-04 -5.093184162618575872e-01 -1.253521887152214553e+01
-5.143693270269424911e-01 2.553213969846863593e-02 8.571885976428889053e-01 6.583504925244055528e+01 1.039193755517987469e-02 9.996688785051917048e-01 -2.354019887745978715e-02 -8.249055863527640087e-01 -8.575058105630237737e-01 -3.200504969602916468e-03 -5.144643378939965928e-01 -1.308793854268538581e+01
-5.193325722002665179e-01 2.747921059864077975e-02 8.541302940402337729e-01 6.668000645128532256e+01 1.126485722293392618e-02 9.996161674243664308e-01 -2.531048784194807333e-02 -8.820675799569595021e-01 -8.544979780264989611e-01 -3.522904043692229401e-03 -5.194427860274605235e-01 -1.356309441347046096e+01
-5.239211210612738645e-01 2.987106301400905065e-02 8.512428357077347352e-01 6.749993116915275948e+01 1.173355062286720804e-02 9.995431531274969750e-01 -2.785334456410518827e-02 -9.153563455151146888e-01 -8.516859718325768824e-01 -4.604853719187681528e-03 -5.240322641638633927e-01 -1.410736605388428977e+01
-5.287870681774062831e-01 3.033305653649691694e-02 8.482123137157183690e-01 6.837301841549037817e+01 1.087869355117747003e-02 9.995213103831946944e-01 -2.896211482715186497e-02 -9.583529160774690858e-01 -8.486848074429447220e-01 -6.087349091624348445e-03 -5.288639285187765049e-01 -1.461532947761441648e+01
-5.331812330172883696e-01 3.079046264842139058e-02 8.454405402960448734e-01 6.918069018178148610e+01 9.869589838670979678e-03 9.994958500204689233e-01 -3.017676205912065909e-02 -1.009071913605889659e+00 -8.459434825692483395e-01 -7.745530986292936682e-03 -5.332163201368179672e-01 -1.511063120625502343e+01
-5.363191076452981099e-01 2.949303868753188132e-02 8.434998295825517634e-01 7.001113392245814282e+01 9.125090254794344241e-03 9.995334896587665385e-01 -2.914679673922570755e-02 -1.075477913010876696e+00 -8.439659703979786043e-01 -7.934971094231378641e-03 -5.363380370623720417e-01 -1.564960858076943140e+01
-5.387668373699425750e-01 2.304409275373955901e-02 8.421396866537339543e-01 7.080714023740679863e+01 1.091471193765468015e-02 9.997328562461551549e-01 -2.037363949217868911e-02 -1.117226152310657472e+00 -8.423842209178530327e-01 -1.784928315123768521e-03 -5.388744299935697146e-01 -1.617585539505568093e+01
-5.407921645284398116e-01 1.571890931899419530e-02 8.410093565472018806e-01 7.166834647852041940e+01 1.223512683842682865e-02 9.998666002072434944e-01 -1.082051019356459164e-02 -1.149140331156678352e+00 -8.410672672577593767e-01 4.438209990827851441e-03 -5.409123469977161758e-01 -1.669884839615008687e+01
-5.427739001990286027e-01 1.364488728713116744e-02 8.397680021724457378e-01 7.248439986317396233e+01 1.351143889696241468e-02 9.998804869981336996e-01 -7.513502293318565645e-03 -1.166024232112174763e+00 -8.397701744154927317e-01 7.268342101604300179e-03 -5.428933949025536165e-01 -1.721427268161095014e+01
-5.430636447664163313e-01 1.731874466972809640e-02 8.395129099570303177e-01 7.327324278818981895e+01 1.190211643253814150e-02 9.998456029991269478e-01 -1.292709433073851652e-02 -1.219127223286169848e+00 -8.396071872668819935e-01 2.971746391771183139e-03 -5.431859282645663534e-01 -1.772208659955555632e+01
-5.446637042045452404e-01 2.229564680896085546e-02 8.383581219616910163e-01 7.408777367598291619e+01 1.219922204203111211e-02 9.997514192246975684e-01 -1.866222705943452326e-02 -1.267752679125270898e+00 -8.385658231915023020e-01 6.268008495228899436e-05 -5.448003020040842470e-01 -1.825480500895399771e+01
-5.453536818665117858e-01 2.789782567619068787e-02 8.377416428832479278e-01 7.490691936307177912e+01 1.896965101420973812e-02 9.996007744675123874e-01 -2.093905422888262327e-02 -1.295617058126870003e+00 -8.379913636265901022e-01 4.472477246480899803e-03 -5.456651759488901909e-01 -1.879980146566267152e+01
-5.452733331672877659e-01 2.913983255900644970e-02 8.377516633936714641e-01 7.565564870579608225e+01 2.281566443261414875e-02 9.995412695178512719e-01 -1.991722744445657833e-02 -1.323823835945003635e+00 -8.379477603564919885e-01 8.253528827037519625e-03 -5.456880454890997711e-01 -1.927969795261451225e+01
-5.450506068743816712e-01 2.604367426870778449e-02 8.379985382994140641e-01 7.647176395755829503e+01 2.242335942689896791e-02 9.996126966665538349e-01 -1.648179535398873810e-02 -1.363084715470208153e+00 -8.381032397003311818e-01 9.807330873283870085e-03 -5.454234948060012744e-01 -1.980213834013743579e+01
-5.440983050593612980e-01 2.128923855040787752e-02 8.387513278353101454e-01 7.729565354317375636e+01 2.051789855291187223e-02 9.997166868498171821e-01 -1.206490113148373476e-02 -1.392050370610665500e+00 -8.387705656438038115e-01 1.064492342070210741e-02 -5.443809664716469099e-01 -2.033960375632126727e+01
-5.432470830072315682e-01 1.544128984960365519e-02 8.394308551283643505e-01 7.807794044387226506e+01 1.893414397959689022e-02 9.998018927800470523e-01 -6.137862320010426150e-03 -1.420419811796925780e+00 -8.393593488696440286e-01 1.255952991423370073e-02 -5.434318306238362650e-01 -2.085286108472649147e+01
-5.425408623020603338e-01 8.524128367497274539e-03 8.399861541225541739e-01 7.888809960185906789e+01 9.598737475254325024e-03 9.999461387409234181e-01 -3.947637219999479939e-03 -1.453944931940077900e+00 -8.399745761256890431e-01 5.921053062780079652e-03 -5.425934624191376399e-01 -2.136303899416010310e+01
-5.413894126430299769e-01 3.779121195764947958e-03 8.407634680724405118e-01 7.968127177638127989e+01 1.602165763744755819e-03 9.999927197730539286e-01 -3.463158012954279177e-03 -1.477099889505347763e+00 -8.407704493746468444e-01 -5.278737059907958728e-04 -5.413915271648280791e-01 -2.183743647690535994e+01
-5.395332680169285799e-01 4.305844022985465605e-03 8.419532644401386268e-01 8.050339250233231780e+01 4.839938604303189312e-03 9.999862622136226342e-01 -2.012553090293789197e-03 -1.499109038575570096e+00 -8.419503781863096892e-01 2.989163727149928354e-03 -5.395466972277328521e-01 -2.233793370825307179e+01
-5.365188742936674027e-01 7.028445218617797828e-03 8.438590436347116475e-01 8.126160966190614943e+01 9.968960781861296860e-03 9.999483278903827932e-01 -1.990314767280040691e-03 -1.522031344572987610e+00 -8.438294430926259748e-01 7.344557277951114203e-03 -5.365612187123112164e-01 -2.284270548718540894e+01
-5.316767789358251006e-01 1.043442836329231370e-02 8.468830570993421958e-01 8.206284538313197174e+01 1.086532245724003247e-02 9.999258513994994102e-01 -5.498768274458545532e-03 -1.554978812031786894e+00 -8.468776530778465705e-01 6.278091089766527078e-03 -5.317507304660792355e-01 -2.332580347783849817e+01
-5.234260420678831238e-01 1.263446522086110989e-02 8.519774266891534387e-01 8.283558024773203954e+01 1.634158940743448210e-02 9.998550046318585016e-01 -4.787707268210190589e-03 -1.561843676143425785e+00 -8.519143987892485725e-01 1.141665566993844277e-02 -5.235566161573265154e-01 -2.378724277272597121e+01
-5.152739759869314762e-01 1.453100519922872168e-02 8.569023084541013136e-01 8.363500712648928470e+01 2.294530888983952951e-02 9.997317416988806826e-01 -3.155535132416756056e-03 -1.606171539909130086e+00 -8.567183052424381939e-01 1.803592412949479515e-02 -5.154691690737401855e-01 -2.431291106081874887e+01
-5.055839850778696132e-01 1.473519289947038471e-02 8.626515487928329007e-01 8.442697250148260935e+01 2.240901085322741584e-02 9.997411095681194571e-01 -3.943353302840075202e-03 -1.624314093600672360e+00 -8.624863375800900789e-01 1.733747274743394073e-02 -5.057832965327676567e-01 -2.476127253356319002e+01
-4.944780917455035563e-01 1.187774843293096759e-02 8.691089242443161833e-01 8.524845193932635823e+01 1.842206156604897505e-02 9.998252328222245744e-01 -3.182990544893410465e-03 -1.647389528043329721e+00 -8.689948543494847577e-01 1.443686010495314441e-02 -4.946104870400917508e-01 -2.523999306207506521e+01
-4.829556850797717682e-01 8.927204598481593492e-03 8.755992790107446355e-01 8.608641168026834123e+01 1.962821701216832179e-02 9.998071477193245515e-01 6.327977307087898550e-04 -1.680182444721950219e+00 -8.754247837500981344e-01 1.749206704615803576e-02 -4.830377723148587266e-01 -2.569353810319808673e+01
-4.719535152996810479e-01 7.598790310522407498e-03 8.815906781184664753e-01 8.686015416917540222e+01 1.923247045228860391e-02 9.998136305294892390e-01 1.678170084530532626e-03 -1.695730417982774130e+00 -8.814136397440379689e-01 1.774718606673624313e-02 -4.720117023226268471e-01 -2.608979459438668869e+01
-4.595357008449466596e-01 6.730777484452149691e-03 8.881337861249730681e-01 8.773926711600924477e+01 1.877102106272843587e-02 9.998215288159164604e-01 2.135240540268152753e-03 -1.718596108132853573e+00 -8.879609233969404380e-01 1.765239839665105545e-02 -4.595800317789280887e-01 -2.652034949598128577e+01
-4.470504425248956193e-01 8.425506059331169459e-03 8.944690594291020425e-01 8.859167878963747000e+01 2.256463060016075661e-02 9.997436550689031698e-01 1.860526101986223002e-03 -1.723076937253460894e+00 -8.942241064462830291e-01 2.101511409333902194e-02 -4.471259630997975743e-01 -2.693120269270698586e+01
