1.000000000000000000e+00 -3.306050084167601550e-19 -2.270457535318767223e-19 -8.673617379884035472e-19 7.546676715296109287e-19 1.000000000000000000e+00 6.237773588823049983e-19 1.387778780781445676e-17 -3.447385680526250622e-20 4.770700176052009879e-20 1.000000000000000222e+00 5.551115123125782702e-17
9.999232473389612075e-01 -2.627516007916926542e-03 1.210374253088956388e-02 1.658707253798123032e-02 2.614875965163102663e-03 9.999960289764261434e-01 1.059505219206061805e-03 1.187454772221398225e-02 -1.210648040680682019e-02 -1.027771643369492470e-03 9.999261688407103943e-01 2.984089784022341263e-01
9.998258859048815284e-01 -4.774541396255146085e-03 1.803703208536107730e-02 2.669884629866668690e-02 4.758852423448274756e-03 9.999882597942787443e-01 9.123958471574258964e-04 -1.812335081980019635e-02 -1.804117754112205194e-02 -8.264094555714079178e-04 9.998368691056802593e-01 5.776120620452975807e-01
9.997861219646791975e-01 -7.737911021576437780e-03 1.917758772153720440e-02 4.599054373170323451e-02 7.728853527294597681e-03 9.999699811123993198e-01 5.466046920729956049e-04 -1.618628068791137797e-02 -1.918124290463337975e-02 -3.982626245510860626e-04 9.998159355734344000e-01 8.778575651005839919e-01
9.997609048014121091e-01 -8.719361497797790961e-03 2.005511124987706742e-02 5.506283282087019726e-02 8.734338663217792662e-03 9.999616284392420784e-01 -6.592821109278949833e-04 -1.115268794229518079e-04 -2.004859118868428797e-02 8.343112820358727531e-04 9.997987222525103190e-01 1.187516612017508910e+00
9.998715125046064855e-01 -1.106317762840386236e-02 1.160574255218408020e-02 5.656064565330361227e-02 1.108560088069935994e-02 9.999368215127688586e-01 -1.869855167127715441e-03 -2.288579259302035707e-02 -1.158432777908862711e-02 1.998232456386081664e-03 9.999308956617326549e-01 1.507625589991617110e+00
9.999239252761192853e-01 -1.233456108349970277e-02 -1.672545004725016927e-04 4.626836029743729151e-02 1.233393893928688874e-02 9.999184155765384885e-01 -3.319131693034142998e-03 -3.188289361328341953e-02 2.081799962632116985e-04 3.316816485253488208e-03 9.999944616299475397e-01 1.830738537570190783e+00
9.998149544351631057e-01 -1.153129978119548163e-02 -1.539358208538817510e-02 2.527397027828979376e-02 1.147180350062750390e-02 9.999263569985469280e-01 -3.947210899515686371e-03 -3.081682613729254394e-02 1.543797557008810481e-02 3.769830153865792993e-03 9.998737021656862733e-01 2.160990646907118506e+00
9.993633354221013176e-01 -7.208454420172735570e-03 -3.495076992450416031e-02 -9.869431049117751223e-03 7.061626604651731129e-03 9.999657295630690612e-01 -4.322648249493971605e-03 -4.525976396772447841e-02 3.498074128403076688e-02 4.073145324580832935e-03 9.993799580136397687e-01 2.499914115190806196e+00
9.984882751950282520e-01 -3.361842131648048668e-03 -5.485525839198242271e-02 -5.482573137391687224e-02 3.070542056144391976e-03 9.999807597812430116e-01 -5.393757452658489576e-03 -4.370954154943690328e-02 5.487233682656855738e-02 5.217167694976846889e-03 9.984793860251636177e-01 2.852402392659249664e+00
9.972694876871739389e-01 -2.730843106736195128e-03 -7.380693086762869781e-02 -9.949177503181247384e-02 2.331211795746627145e-03 9.999821273269511313e-01 -5.501800479121062536e-03 -4.384375975705416539e-02 7.382063422091773852e-02 5.314751780026812610e-03 9.972580223416797063e-01 3.214821591238302467e+00
9.953327640672597898e-01 -4.126538396496672208e-03 -9.639213809069896444e-02 -1.530753953082913121e-01 3.641748023897180882e-03 9.999798297599296060e-01 -5.203639239637791736e-03 -5.303994710980074190e-02 9.641166432076800352e-02 4.828403930324105288e-03 9.953276888037312364e-01 3.594239249554114224e+00
9.931264180433684308e-01 -5.364268463339740868e-03 -1.169256526236835819e-01 -2.157337525967274461e-01 4.932023520860700713e-03 9.999798771326464664e-01 -3.985642295886313025e-03 -6.044398855575419671e-02 1.169446923735743965e-01 3.381608912062634108e-03 9.931328996939804421e-01 3.982513144844641140e+00
9.910883223499900030e-01 -4.826512331999583891e-03 -1.331312035492277779e-01 -2.875435185996959020e-01 4.412864445401680664e-03 9.999844463709779419e-01 -3.402532225234138410e-03 -6.544230634140356384e-02 1.331455720444723601e-01 2.784721374910204428e-03 9.910942368179728179e-01 4.374540105853358618e+00
9.888683932239388241e-01 -3.953809093801610546e-03 -1.487424368013680609e-01 -3.684562562619229098e-01 3.592127446994716929e-03 9.999898796815154256e-01 -2.700220103637027049e-03 -7.061412276851880554e-02 1.487516106121236081e-01 2.135900961945792157e-03 9.888725973414331794e-01 4.791871802365216482e+00
9.867199514395421645e-01 -3.034316471560533253e-03 -1.623826071570055041e-01 -4.651974572721240264e-01 2.682667759849502887e-03 9.999935710415768231e-01 -2.385419572322697648e-03 -7.629838432393827585e-02 1.623888074020375660e-01 1.918162204641306670e-03 9.867217602260957010e-01 5.213366728236993097e+00
9.847248329192818117e-01 -4.173548413374182121e-03 -1.740457173957383752e-01 -5.517344384933889900e-01 3.621053677174577642e-03 9.999873267034558033e-01 -3.493015325316583056e-03 -8.764046007177014874e-02 1.740580966940426799e-01 2.809319232766280434e-03 9.847275257219587630e-01 5.651572213984625392e+00
9.829515526275777182e-01 -6.944393421830116937e-03 -1.837093293786133952e-01 -6.396976113805972197e-01 6.102164070309338412e-03 9.999681025666820045e-01 -5.148411762893288779e-03 -9.898387538113742612e-02 1.837392582203425662e-01 3.939218932247925964e-03 9.829625865316621303e-01 6.102921576580912166e+00
9.813516339875391070e-01 -6.481981866138383612e-03 -1.921511565875645144e-01 -7.394285739156646331e-01 5.172099455508375257e-03 9.999598370447304596e-01 -7.318340361154060218e-03 -1.036421258243231114e-01 1.921909028767479211e-01 6.188118925991242282e-03 9.813457421787902257e-01 6.564183956302337641e+00
9.798673719948153282e-01 -5.446937465017178195e-03 -1.995681957717941046e-01 -8.505004027842552050e-01 3.757663866335829092e-03 9.999538651372317233e-01 -8.840673721196637413e-03 -1.052888431408093989e-01 1.996071820167076016e-01 7.912582082365639952e-03 9.798426308183926237e-01 7.041550885028549978e+00
9.785094563781571164e-01 -5.240179667643027860e-03 -2.061033313408392464e-01 -9.613220205313758315e-01 3.014661241792564780e-03 9.999337374055441430e-01 -1.110941226524972750e-02 -1.189437244426801016e-01 2.061478870617673986e-01 1.024946920722787438e-02 9.784603830671901870e-01 7.525392601997982212e+00
9.764953470038115757e-01 -9.602762536838570923e-03 -2.152686888658132680e-01 -1.071146028453127563e+00 6.896146062660295055e-03 9.998875766736338155e-01 -1.331720668495365960e-02 -1.258714949245666737e-01 2.153723428866087530e-01 1.151960326665290267e-02 9.764517420978540141e-01 8.029271259479010325e+00
9.749082688886649972e-01 -1.512156092800059394e-02 -2.220850358207926423e-01 -1.188140924002599075e+00 1.224063468474213996e-02 9.998221751864820872e-01 -1.434417216234236750e-02 -1.374114117848743155e-01 2.222624869102982348e-01 1.126553381718938505e-02 9.749199627623166275e-01 8.544003575319157662e+00
9.732619839070180134e-01 -1.666104113080140239e-02 -2.290851833220673428e-01 -1.317856488592441977e+00 1.318222920692079837e-02 9.997735786314334572e-01 -1.669972470114677865e-02 -1.635415157624197924e-01 2.293115849735005152e-01 1.323375962240708886e-02 9.732612485653697743e-01 9.069606197000549486e+00
9.711533098067524072e-01 -1.237997844553192020e-02 -2.381426655403817982e-01 -1.470066432926376176e+00 7.616962562388145293e-03 9.997522903090891866e-01 -2.091369973786393749e-02 -1.615832102319591235e-01 2.383426407480427611e-01 1.849599236820485479e-02 9.710070509461702359e-01 9.596260585735770121e+00
9.690254619785263479e-01 -1.024907461583882649e-02 -2.467603769421944648e-01 -1.630765400504953444e+00 4.323616209518691203e-03 9.996894193243355264e-01 -2.454388988587443560e-02 -1.758724288653627510e-01 2.469352660974596658e-01 2.271704230768845090e-02 9.687689062337593304e-01 1.014750030530123226e+01
9.666473072631190933e-01 -1.287072802687232523e-02 -2.558872111950248884e-01 -1.783312150589003720e+00 6.279318059221958813e-03 9.996271628868077519e-01 -2.656910350430811973e-02 -2.020605673411234871e-01 2.561339438764964060e-01 2.407626454710755717e-02 9.663676916962343766e-01 1.070781345218882663e+01
9.643879247226209150e-01 -1.433418743900267099e-02 -2.641389764459616263e-01 -1.936110690930727962e+00 7.111672742234119958e-03 9.995746392299267313e-01 -2.828366021236210573e-02 -2.278560386077911615e-01 2.644320161138050129e-01 2.539865072744049157e-02 9.640797882470071301e-01 1.128012132943301182e+01
9.623755830273018619e-01 -1.425487813679705493e-02 -2.713276524877580864e-01 -2.114282117909296765e+00 6.143716242215663779e-03 9.995091653136580767e-01 -3.072664857106096117e-02 -2.472835782201522337e-01 2.716323075998381964e-01 2.790463760230318946e-02 9.619907623516368300e-01 1.186136139182452531e+01
9.598305169113522384e-01 -1.359668745987214870e-02 -2.801621068843727080e-01 -2.302380297412334631e+00 4.088603469272892796e-03 9.993969399891141636e-01 -3.449899615571855316e-02 -2.685741959330463224e-01 2.804619909050601323e-01 3.196795131444645638e-02 9.593071795970312676e-01 1.244579427375965253e+01
9.581672169303225850e-01 -1.531671488585719873e-02 -2.858319319925192725e-01 -2.494809121748982950e+00 4.331778273962841666e-03 9.992287257666289113e-01 -3.902396209952292000e-02 -2.973837132526678806e-01 2.862092112847260950e-01 3.615418280619067670e-02 9.574944658189789015e-01 1.304803397822932709e+01
9.559438643274462688e-01 -1.558965598698121291e-02 -2.930830937202759667e-01 -2.692651514084022590e+00 2.059928601962696202e-03 9.989204896987690097e-01 -4.640030656973499062e-02 -3.367531946195635451e-01 2.934899968462564845e-01 4.375282081022194292e-02 9.549439240575863241e-01 1.366620514858717250e+01
9.547197432937657435e-01 -1.697656020059453222e-02 -2.970635308946918407e-01 -2.897470733446152913e+00 7.363522384495860447e-04 9.985023416918636929e-01 -5.470007586645078690e-02 -3.672481996798792059e-01 2.975475761458238888e-01 5.200326892672128137e-02 9.533025136128510102e-01 1.428988413691191894e+01
9.538295403085104152e-01 -1.675193606029165561e-02 -2.999885796180106756e-01 -3.105732156241309827e+00 -2.313332116675181644e-03 9.980039365374917537e-01 -6.309152666342777993e-02 -4.106699359571387986e-01 3.004471548706938999e-01 6.087181571248551082e-02 9.518869020297304750e-01 1.492835842987485151e+01
9.524074587731778951e-01 -1.582208385645436644e-02 -3.044402304867125930e-01 -3.328386585075409521e+00 -6.295343445479074755e-03 9.974181311881630263e-01 -7.154293237997262633e-02 -4.537131629238247421e-01 3.047857838853708645e-01 7.005633083791026894e-02 9.498487660223936535e-01 1.557725199951304340e+01
9.513011921536459470e-01 -1.528842560353636457e-02 -3.079448064182527811e-01 -3.554179787238287869e+00 -9.449778099905962667e-03 9.968537043791670937e-01 -7.869233099735944981e-02 -5.119349857832380390e-01 3.081791380330588526e-01 7.776987983724069353e-02 9.481637179500669310e-01 1.622933941570264693e+01
9.497545570421450645e-01 -1.507275147989726657e-02 -3.126432203494372564e-01 -3.785910712763409958e+00 -1.220172997184595411e-02 9.962974749328464830e-01 -8.510136282505939564e-02 -5.691040593221819988e-01 3.127682430300744443e-01 8.464088802751243423e-02 9.460543222616115688e-01 1.689599480637106055e+01
9.481448173384611211e-01 -1.264544155426069148e-02 -3.176146551622727743e-01 -4.032066099044530283e+00 -1.719368514689862890e-02 9.957045394969402663e-01 -9.095639083922014978e-02 -6.357957271765304341e-01 3.174006372719382352e-01 9.170038406205437143e-02 9.438545387334464909e-01 1.756950244812541229e+01
9.469767652328990870e-01 -1.049117005628878371e-02 -3.211793743314328986e-01 -4.283826800868436813e+00 -2.161852645986077348e-02 9.951212850684624245e-01 -9.625537374044874916e-02 -7.076167237229167295e-01 3.206222850211439823e-01 9.809482467373561998e-02 9.421300004074096845e-01 1.826125643870128812e+01
9.448154442873261116e-01 -7.568374893853894655e-03 -3.275598296001021592e-01 -4.546906620649257214e+00 -2.663479226916133299e-02 9.946488711414830375e-01 -9.982011842174713656e-02 -7.829941821954089498e-01 3.265628818208293760e-01 1.030346896004283724e-01 9.395580444192136449e-01 1.896406232666173608e+01
9.432016434169199215e-01 -6.082502309695782088e-03 -3.321653846967556056e-01 -4.817340470115717643e+00 -2.915439460510626038e-02 9.944596057630857855e-01 -1.010082627855341947e-01 -8.605591517563109250e-01 3.309400803759579013e-01 1.049535355315567714e-01 9.377985410497918783e-01 1.967078265755482747e+01
9.413354322429398069e-01 -6.147624666394007655e-03 -3.374054732844155025e-01 -5.086113229981432227e+00 -2.956492727579938459e-02 9.944876154421780079e-01 -1.006028737519260863e-01 -9.440556804497516330e-01 3.361650907021753176e-01 1.046731054266104577e-01 9.359645003800679541e-01 2.039669202930398839e+01
9.391416165096090340e-01 -5.838294456815127341e-03 -3.434795343834255443e-01 -5.364512730497986048e+00 -3.007055266211726419e-02 9.946204611858225908e-01 -9.912253123495644302e-02 -1.024057080736526570e+00 3.422101357348975581e-01 1.034202237212207137e-01 9.339141207870820249e-01 2.112222043350717016e+01
9.366949794836895160e-01 -5.785562205449135305e-03 -3.501745407029507873e-01 -5.653696799507486936e+00 -3.025427899003102494e-02 9.947868310058944896e-01 -9.739860892092641609e-02 -1.108129753965881426e+00 3.489131505679644585e-01 1.018247921283127466e-01 9.316367188301795110e-01 2.186164287746104051e+01
9.338448721821018816e-01 -4.821335582242717958e-03 -3.576204277908242579e-01 -5.941986762250730081e+00 -3.070968485396595102e-02 9.951360611785874388e-01 -9.359300512059663679e-02 -1.193823092842065225e+00 3.563322234546349998e-01 9.838399338238357217e-02 9.291547072604964264e-01 2.260085192232218176e+01
9.292766910548967418e-01 -2.346466717217505181e-03 -3.694283632856359967e-01 -6.264090706605784042e+00 -3.246779088303754224e-02 9.955905076103841456e-01 -8.798763931272654548e-02 -1.271499449710460583e+00 3.680058421222823228e-01 9.375797208885383593e-02 9.251030824588343249e-01 2.336582565243739040e+01
9.268225848432747327e-01 -2.763136339255820939e-04 -3.755613673857887691e-01 -6.584292287535247645e+00 -3.309585552260772140e-02 9.960478663561482815e-01 -8.241181660504841300e-02 -1.349443390131533027e+00 3.741002269616756082e-01 8.880776057178010885e-02 9.231503665572300399e-01 2.411557877344030842e+01
9.231947862077859446e-01 2.977484519979437406e-03 -3.843788114418377755e-01 -6.917575785977632563e+00 -3.593416445971577000e-02 9.962584482966815314e-01 -7.861495852283457986e-02 -1.419389386799390307e+00 3.827073527220721250e-01 8.638556786671400256e-02 9.198473383676949444e-01 2.486865161482015552e+01
9.201531889307226209e-01 3.552336419703736731e-03 -3.916510915694689787e-01 -7.260747979998138035e+00 -3.630223123673287366e-02 9.964260892901606326e-01 -7.627434237859945232e-02 -1.497127342949056139e+00 3.899813524665546316e-01 8.439526217675512310e-02 9.169933478930085702e-01 2.563294201850375842e+01
9.157699667039286284e-01 5.197267567991837797e-03 -4.016621518184098627e-01 -7.608781452860906569e+00 -3.873085302220864723e-02 9.964002643321604458e-01 -7.540449398593046526e-02 -1.570569243232642132e+00 3.998248122924832892e-01 8.460712988630705866e-02 9.126744869433421892e-01 2.641293233001060514e+01
9.120783295449886863e-01 5.275835814098794874e-03 -4.099738253128146215e-01 -7.969854749521915416e+00 -3.900928209764829152e-02 9.964979079337298318e-01 -7.397295085798767655e-02 -1.639474506787830688e+00 4.081476782817123339e-01 8.346440624327935986e-02 9.090901143164783482e-01 2.718219977744180582e+01
9.080203383910695480e-01 6.681326419402054337e-03 -4.188622754832514450e-01 -8.348156051855552207e+00 -4.053407098513085033e-02 9.965824662250482024e-01 -7.195285327616272875e-02 -1.709621715972056810e+00 4.169495222033172133e-01 8.231444329569724550e-02 9.051881642788409676e-01 2.796743545880942605e+01
9.043499486209872762e-01 6.088298398056055799e-03 -4.267543975061897643e-01 -8.726163998968139879e+00 -3.957168107585587458e-02 9.967871198118438691e-01 -6.966616286089821752e-02 -1.780667523196742597e+00 4.249591619533624187e-01 7.989366679208119437e-02 9.016854022321469930e-01 2.875746194333269656e+01
9.013129047774492975e-01 6.262010581385812902e-03 -4.330452826031469526e-01 -9.120168608327537285e+00 -3.835549748931640912e-02 9.971214599813641444e-01 -6.539315623226892027e-02 -1.846836036688922045e+00 4.313884453456583445e-01 7.555582365434709846e-02 8.989590168367982415e-01 2.956004738783587271e+01
8.970962894893292905e-01 8.283687741317940709e-03 -4.417713930396229838e-01 -9.536029651245913286e+00 -3.853151485977917429e-02 9.974819703233188672e-01 -5.954018703298177145e-02 -1.901519676593743657e+00 4.401660521171738005e-01 7.043289637235951306e-02 8.951562825571947046e-01 3.037348940521023977e+01
8.940265896101683429e-01 7.280134562485432101e-03 -4.479830247278625555e-01 -9.952276925161529064e+00 -3.607569191662048091e-02 9.977909004952049132e-01 -5.577867473819456134e-02 -1.979494301347976659e+00 4.465873415695885140e-01 6.602760321229846074e-02 8.923142156555828874e-01 3.117237445334018275e+01
8.898332758433753487e-01 7.773259680806880734e-03 -4.561970661874827915e-01 -1.039051374692171414e+01 -3.621235868850360140e-02 9.979039495027347551e-01 -5.362463448236601260e-02 -2.028992576074076126e+00 4.548238456293651200e-01 6.423950373967717009e-02 8.882498037295126769e-01 3.199976548732993109e+01
8.869742131730864454e-01 7.379135585327602567e-03 -4.617921454618948984e-01 -1.082924435284977527e+01 -3.526509368615991097e-02 9.980349886170818419e-01 -5.177529452146612671e-02 -2.085412429100005571e+00 4.605024368132372148e-01 6.220789004723965843e-02 8.854915773617487718e-01 3.284643732876622124e+01
8.843402833701506927e-01 8.385240960213216632e-03 -4.668015839989175797e-01 -1.128316548612246351e+01 -3.585372867021978383e-02 9.981054307740285791e-01 -4.999574987224088968e-02 -2.147156531315070449e+00 4.654980668858392789e-01 6.094816458129999337e-02 8.829655435996562884e-01 3.366217046670365676e+01
8.812024784562515478e-01 6.554033861238034789e-03 -4.726168368966783273e-01 -1.174664529285533021e+01 -3.333091260865651134e-02 9.982768098871086515e-01 -4.829031958798586655e-02 -2.192191868329830928e+00 4.714857856439309547e-01 5.830843872648591719e-02 8.799024827442865071e-01 3.450970232812991156e+01
8.783355874677279962e-01 6.412321422792409062e-03 -4.780141595818008793e-01 -1.222010735878270182e+01 -3.330730270041914326e-02 9.983008078867618984e-01 -4.780579168967252768e-02 -2.248775756886975508e+00 4.768953636025107246e-01 5.791077215151208685e-02 8.770568276450829703e-01 3.537153792527642793e+01
8.772132033176938126e-01 4.571254968893051149e-03 -4.801327937392076972e-01 -1.270389550977177784e+01 -3.195319597820929503e-02 9.982933123321089397e-01 -4.886903717843318201e-02 -2.316364480345494137e+00 4.790901085235846901e-01 5.820709693977113575e-02 8.758621858081748757e-01 3.622813405496705030e+01
8.758617596049654841e-01 5.502790610585452449e-03 -4.825207908142804536e-01 -1.320154542985961577e+01 -3.317504460096895591e-02 9.982559255257587028e-01 -4.883711432219921267e-02 -2.356739907356272479e+00 4.814109006810394220e-01 5.877907518344977628e-02 8.745164744342480700e-01 3.710120649955221239e+01
8.756524430196472863e-01 7.090171362000498301e-03 -4.828110412560134290e-01 -1.370189864302301608e+01 -3.469837445357744354e-02 9.982316912015797294e-01 -4.827015282368060656e-02 -2.414914872134716450e+00 4.816151766470392892e-01 5.902253931085421623e-02 8.743498397587230464e-01 3.798391520191182025e+01
8.747095490926766193e-01 6.219385860287697868e-03 -4.844983764987805808e-01 -1.421321429195730879e+01 -3.291898587913606733e-02 9.983707507666128578e-01 -4.660646958701904208e-02 -2.477681101616142190e+00 4.834191979807045958e-01 5.671832288527450805e-02 8.734890952060184732e-01 3.887592716971261808e+01
8.747253612520646815e-01 5.793217383002446409e-03 -4.844812953943247735e-01 -1.472945821988892767e+01 -3.198069142487355854e-02 9.984391481429968351e-01 -4.579498864923350898e-02 -2.526653656050743102e+00 4.834598863386739276e-01 5.555285408148643439e-02 8.735449565854684906e-01 3.978646824504445334e+01
8.742043115451486601e-01 4.162997719389595515e-03 -4.856600732403873466e-01 -1.524506499550258098e+01 -3.011922322874351077e-02 9.985025273348445696e-01 -4.566705359817796461e-02 -2.585557925499612608e+00 4.847427190124102836e-01 5.454809151841641390e-02 8.730206405778622170e-01 4.070519549511119806e+01
8.735023918566757750e-01 9.804441859712234673e-04 -4.868917105177668625e-01 -1.577681406440921918e+01 -2.759596751378310536e-02 9.984898077074869649e-01 -4.751338930338530608e-02 -2.644587700433237210e+00 4.861097037034440849e-01 5.494025055806788654e-02 8.722102950571143376e-01 4.163635530169804611e+01
8.716738054465987817e-01 7.684501758559286180e-04 -4.899361821199300637e-01 -1.630481092241890906e+01 -2.635600574605448387e-02 9.986253040087171851e-01 -4.531852755790730797e-02 -2.703263426791072455e+00 4.892277368044815611e-01 5.241938472339448263e-02 8.704956088102177025e-01 4.256554403648060259e+01
8.698336427947140903e-01 1.906137925887568026e-03 -4.933099749597852912e-01 -1.684487880201618992e+01 -2.520242565663135398e-02 9.988586568520813058e-01 -4.056925214281160291e-02 -2.758642130660828418e+00 4.926696051382350450e-01 4.771995131946250163e-02 8.688888341956730876e-01 4.349143000280746918e+01
8.666070981090602254e-01 1.752052871382755485e-03 -4.989981606216484789e-01 -1.738339156600376256e+01 -2.295379218587814338e-02 9.990753134676119140e-01 -3.636448995483666097e-02 -2.814259486494239848e+00 4.984729097881205329e-01 4.296951375403545992e-02 8.658459897981450881e-01 4.442319580144971525e+01
8.626945482444337010e-01 5.783137479130019340e-04 -5.055838670010341929e-01 -1.793189369390314525e+01 -2.095370004714484230e-02 9.991815285748160136e-01 -3.460446995271162368e-02 -2.868734725937434948e+00 5.051497748583639869e-01 4.045361902360630063e-02 8.620005782825266305e-01 4.534570109986807296e+01
8.577961425696848385e-01 -1.586125259838985909e-03 -5.140007150086638443e-01 -1.848965843119453467e+01 -2.015079539087374569e-02 9.991228216218914771e-01 -3.671401576040975862e-02 -2.929535368789321748e+00 5.136081015883265932e-01 4.185009211169501281e-02 8.570115234411753713e-01 4.626147963372448402e+01
8.528066041143144149e-01 -4.168435118586433924e-03 -5.222028128813216430e-01 -1.905255186125645039e+01 -1.937873298946216419e-02 9.990268414223495430e-01 -3.961571711894060210e-02 -2.983165380709722925e+00 5.218599474914963343e-01 4.390088805236941338e-02 8.518958859567140607e-01 4.716619286801734745e+01
8.461122842842375702e-01 -4.057629570383315329e-03 -5.329649604119882644e-01 -1.963909368908773700e+01 -1.984606287240961095e-02 9.990377718291213460e-01 -3.911232561731391166e-02 -3.038675918644807794e+00 5.326109198053328164e-01 4.367024066302430119e-02 8.452175829514301242e-01 4.807492731447723600e+01
8.396994467461316169e-01 -1.023834080816512495e-03 -5.432369359959342558e-01 -2.023508935394167096e+01 -2.008222951373260512e-02 9.992557052521422456e-01 -3.293506515338837093e-02 -3.086193796523537092e+00 5.428666156880631588e-01 3.855792342518794824e-02 8.390537619955619197e-01 4.898032028585855358e+01
8.362289578119854738e-01 1.716444514138579496e-03 -5.482940699465507217e-01 -2.084060843161807242e+01 -2.104933743077872649e-02 9.993586459968052393e-01 -2.897631671506502998e-02 -3.140165177946776076e+00 5.478927131823477792e-01 3.577462394179275335e-02 8.357286026464404438e-01 4.987625108333378421e+01
8.319909704945512852e-01 2.453787673018589452e-03 -5.547798132053793907e-01 -2.145154800623884839e+01 -2.326593055234751212e-02 9.992648539133329733e-01 -3.046529577828706661e-02 -3.186725429312410540e+00 5.542973396343960912e-01 3.825120379839017787e-02 8.314363052040850688e-01 5.076351319002177576e+01
8.281349547954097723e-01 4.159295979779091003e-04 -5.604592248729499682e-01 -2.205375978171907647e+01 -2.411698121645472481e-02 9.991001195663455903e-01 -3.489440217486488444e-02 -3.235900807656355127e+00 5.599402918403031393e-01 4.241622710337452501e-02 8.273997589741212133e-01 5.164756840966281004e+01
8.257999617498085199e-01 -1.475998971876459802e-03 -5.639369896511475799e-01 -2.266923468178294598e+01 -2.664355105308087793e-02 9.987779249924155778e-01 -4.163168750796154144e-02 -3.300936649539087941e+00 5.633093409811381624e-01 4.940516243709799221e-02 8.247513583482608546e-01 5.252044085557220399e+01
8.224711789616927504e-01 -2.581748548486437721e-03 -5.687530391549375786e-01 -2.329565267353658342e+01 -2.658703071324155023e-02 9.987221801627508277e-01 -4.297032686192744227e-02 -3.353009013678933226e+00 5.681369601841175232e-01 5.046551220119317033e-02 8.213516852977064131e-01 5.340269687694244993e+01
8.198601305853487897e-01 -7.811522807035493985e-04 -5.725312384942550237e-01 -2.391681674159414683e+01 -2.620895621253117522e-02 9.988998044136617738e-01 -3.890529332824155251e-02 -3.412438365053017453e+00 5.719317753838487617e-01 4.690462096110446094e-02 8.189375232682016836e-01 5.428293407503568346e+01
8.153108978488652347e-01 1.815321118254132997e-03 -5.790541872755112784e-01 -2.455538027282970859e+01 -2.548271856307426225e-02 9.991387700244457326e-01 -3.276023734124743764e-02 -3.461775295862651536e+00 5.784960645217133157e-01 4.146618389617665046e-02 8.146548867798570903e-01 5.516538260821371864e+01
8.126426169571242530e-01 2.504336547723930682e-03 -5.826907401731002967e-01 -2.519480973185663686e+01 -2.482662948725355978e-02 9.992317176445096871e-01 -3.031741738563942593e-02 -3.513141948907468226e+00 5.821668688579096917e-01 3.910614318370010667e-02 8.120804383475851429e-01 5.603957206865542418e+01
8.105263228134155229e-01 3.764664880324856879e-03 -5.856310949301920532e-01 -2.583621091867727060e+01 -2.675939724314785328e-02 9.991732741476337942e-01 -3.061019742838472224e-02 -3.556995205845569163e+00 5.850317801033154685e-01 4.048147106061799477e-02 8.099567870301922490e-01 5.691276803693104114e+01
8.059936247544252641e-01 3.082244693188447657e-03 -5.919080346809499904e-01 -2.648856234779632501e+01 -2.664620345413750216e-02 9.991616322623319002e-01 -3.108067364701541657e-02 -3.605934127261994249e+00 5.913157937093014294e-01 4.082542350569545730e-02 8.054001533683748937e-01 5.778357654955857470e+01
8.029470553324705717e-01 8.747953962641748368e-04 -5.959512738841683532e-01 -2.713881803479182508e+01 -2.628321364862762008e-02 9.990781637670991255e-01 -3.395381508420735467e-02 -3.659879767300439735e+00 5.953720636202080030e-01 4.293274705256554247e-02 8.022299803328034606e-01 5.864200259464106324e+01
7.991105561222551223e-01 -6.294682872938633933e-04 -6.012879667198827160e-01 -2.781005161734336895e+01 -2.524481701144920889e-02 9.990823079449823174e-01 -3.459661674241895635e-02 -3.691829417447467954e+00 6.007578211287618597e-01 4.282472193297965496e-02 7.983612960508658096e-01 5.950673051681307157e+01
7.938302288478291668e-01 -7.206349042974708342e-04 -6.081422567805989665e-01 -2.848503983772317838e+01 -2.461599071391039339e-02 9.991416716479982751e-01 -3.331764234643023320e-02 -3.746602987482751779e+00 6.076443959325742439e-01 4.141756056539864367e-02 7.931310023934244890e-01 6.036074720584757358e+01
7.891214749266737272e-01 -1.626925258768068807e-03 -6.141208305362458875e-01 -2.914736389933382910e+01 -2.322540960003367794e-02 9.992023400335362515e-01 -3.248949709538360986e-02 -3.801344488136122912e+00 6.136838612982759011e-01 3.990402755969087167e-02 7.884543584864454058e-01 6.122838924421541407e+01
7.844980632400916365e-01 -1.892743951708185683e-03 -6.201173531140535822e-01 -2.984910490688607254e+01 -2.355351061272839899e-02 9.991828459557480224e-01 -3.284765241009927894e-02 -3.848029867085995370e+00 6.196727581064143120e-01 4.037630439688787848e-02 7.838125295248634661e-01 6.208200946869474990e+01
7.793434540465103977e-01 -3.611058066657251656e-03 -6.265705028378338870e-01 -3.054616072873860588e+01 -2.314888777220669436e-02 9.991347840090488708e-01 -3.454350544816779667e-02 -3.903114497807242955e+00 6.261531893261185200e-01 4.142726986863291133e-02 7.785857587362802201e-01 6.293226287262272223e+01
7.746287623792222909e-01 -4.386050587687697830e-03 -6.323940660835019045e-01 -3.124378572591952974e+01 -2.256824593411691643e-02 9.991473590204894561e-01 -3.457600697455915501e-02 -3.956076221357936351e+00 6.320066610837006271e-01 4.105318546714543243e-02 7.738692686340102878e-01 6.378747061506309990e+01
7.685280950969808345e-01 -6.189738936069794778e-03 -6.397807700376053619e-01 -3.196212138595423369e+01 -2.163675669567130880e-02 9.991299159403825847e-01 -3.565215460670531633e-02 -4.006969169401559228e+00 6.394449360267797644e-01 4.124092495534030511e-02 7.677254518685205920e-01 6.463319534961985369e+01
7.628542964843675334e-01 -7.820026413575728239e-03 -6.464606794909156795e-01 -3.268155624994380304e+01 -2.055013476871446129e-02 9.991284572452454604e-01 -3.632904346223659459e-02 -4.059995691838528487e+00 6.461813702970408135e-01 4.099966048467058172e-02 7.620287986042189043e-01 6.547291373143903570e+01
7.562614056843924848e-01 -8.215219078350712370e-03 -6.542686796819615624e-01 -3.341972105296122919e+01 -2.052427793630091230e-02 9.991311743596693606e-01 -3.626786205701013066e-02 -4.113606980614791908e+00 6.539982095134784235e-01 4.085631771068713031e-02 7.554357957722835915e-01 6.631206132933782271e+01
7.492471020135024196e-01 -8.853817834741095627e-03 -6.621346083188756060e-01 -3.417110241025229556e+01 -1.866057386790385617e-02 9.992314819729699593e-01 -3.446988812922695267e-02 -4.165902597079058189e+00 6.619308877042593409e-01 3.818213336448894601e-02 7.485060170343408315e-01 6.715040319206261188e+01
7.440456036348812585e-01 -9.854615323280595598e-03 -6.680140780706038672e-01 -3.492098198224917383e+01 -1.720127988305042432e-02 9.992774016263106240e-01 -3.390562170000032544e-02 -4.220159266430096423e+00 6.678654338399554469e-01 3.671944056224354935e-02 7.433383097031027731e-01 6.798159182538461209e+01
7.373652858861758919e-01 -1.162033322144112937e-02 -6.753904593218826857e-01 -3.569082681291082082e+01 -1.620543554385937488e-02 9.992600452167286207e-01 -3.488467855002063550e-02 -4.274640928356245873e+00 6.752959602857856458e-01 3.667033662630653917e-02 7.366312568792734439e-01 6.880941332826749601e+01
7.307805838221045347e-01 -1.297158482796596270e-02 -6.824570772061071544e-01 -3.647191836791328257e+01 -1.580635420425572854e-02 9.992298173877482981e-01 -3.591496553180735518e-02 -4.334017147153920391e+00 6.823974525384424172e-01 3.703364492086905213e-02 7.300126443300034573e-01 6.963113666905991295e+01
7.252067111102469266e-01 -1.272486225336386979e-02 -6.884809765332261522e-01 -3.726501369916234552e+01 -1.697210431528405408e-02 9.991950908231564954e-01 -3.635393166155702349e-02 -4.382199207501556337e+00 6.883895917031730427e-01 3.804659328168904370e-02 7.244069277151867770e-01 7.044718517150924697e+01
7.193960219281967383e-01 -1.298256952318689247e-02 -6.944452096669228025e-01 -3.807269871220174196e+01 -1.629299643557571495e-02 9.992348741972939541e-01 -3.555594750080205008e-02 -4.436165201823259352e+00 6.943755800790387678e-01 3.689211123936753101e-02 7.186339039462258382e-01 7.126002164633717939e+01
7.153641643740348277e-01 -1.293309348615820191e-02 -6.985206350508645912e-01 -3.887230908680294306e+01 -1.684177418653301506e-02 9.992192419283758564e-01 -3.573482020711252899e-02 -4.493846818322452918e+00 6.984375474629963554e-01 3.732637795084928906e-02 7.145876790552554425e-01 7.207719629516330428e+01
7.109317952006548591e-01 -1.318488316573439290e-02 -7.031388874078806639e-01 -3.968918916606796898e+01 -1.708625732237215727e-02 9.992053345403659748e-01 -3.600556117923636723e-02 -4.561369794639845487e+00 7.030549509989392210e-01 3.760809200560943921e-02 7.101413598486705503e-01 7.290365517759417457e+01
7.053287129900042141e-01 -1.432005875962472780e-02 -7.087355549611885630e-01 -4.052169527270396543e+01 -1.804726811015483143e-02 9.991092651386783707e-01 -3.814348510992258967e-02 -4.617246712666341679e+00 7.086504211013583410e-01 3.969512582963473368e-02 7.044418980080974224e-01 7.370009811992227355e+01
7.021136577690900715e-01 -1.714521143884219570e-02 -7.118786513073067646e-01 -4.135564805464482419e+01 -1.747724097942216295e-02 9.989940941163987231e-01 -4.130070016740874234e-02 -4.665220819424309440e+00 7.118706492696144084e-01 4.143923623800474521e-02 7.011076693143097893e-01 7.450979536327035646e+01
6.951125731309152345e-01 -1.706908519441493327e-02 -7.186628170631504942e-01 -4.218610708510437490e+01 -1.827039589124266478e-02 9.989757737243607494e-01 -4.139942863083696106e-02 -4.728657131056340113e+00 7.186332674047328783e-01 4.191075078272109289e-02 6.940886307791540588e-01 7.531320408238552488e+01
6.899541968009513804e-01 -1.816276808393090664e-02 -7.237616235691581856e-01 -4.305271895408083793e+01 -1.697340889363491839e-02 9.990044196248688557e-01 -4.125375872329820059e-02 -4.793667598510746863e+00 7.237903530509628425e-01 4.074845721396331416e-02 6.889590905405802435e-01 7.611874646473158634e+01
6.865006845383504475e-01 -1.794993938222410809e-02 -7.269094758815686230e-01 -4.392485311840519557e+01 -1.625412386212804136e-02 9.990666939669787805e-01 -4.001807414282619602e-02 -4.854936039972273853e+00 7.269497580645319923e-01 3.928092696396441597e-02 6.855682139553033183e-01 7.690116565536945359e+01
6.810713516445999760e-01 -1.878504815952576623e-02 -7.318738075582984504e-01 -4.479480779527607126e+01 -1.494860978178224123e-02 9.991058452515579891e-01 -3.954971699040005229e-02 -4.917987353313503007e+00 7.319621818089939724e-01 3.788059885833745116e-02 6.801815181612154149e-01 7.770783038998868619e+01
6.767675573775073783e-01 -1.993205235113684748e-02 -7.358417128429366461e-01 -4.567087831011122034e+01 -1.400379703995636299e-02 9.991040378828346391e-01 -3.994123328579462368e-02 -4.977822735627742468e+00 7.359784878133804886e-01 3.733857216538485901e-02 6.758821164400976578e-01 7.850906776965415190e+01
6.708455337311926003e-01 -2.156706866356805294e-02 -7.411893435520442441e-01 -4.656218634669042444e+01 -1.265171127362115823e-02 9.990988582881560331e-01 -4.051027673967982912e-02 -5.034383562014665081e+00 7.413949364748888549e-01 3.655511497713916785e-02 6.699680225314328386e-01 7.930364540294105780e+01
6.676757125099368473e-01 -2.215342732798437561e-02 -7.442233503863769917e-01 -4.745496338868980502e+01 -1.083362837594177390e-02 9.991622193221985082e-01 -3.946385239470788509e-02 -5.092439736894793789e+00 7.444742430998622096e-01 3.441257218008307583e-02 6.668761957084531344e-01 8.009683987722929999e+01
6.644521999091389519e-01 -2.512364192716498579e-02 -7.469525201750099042e-01 -4.834775566297668803e+01 -7.941160823233830990e-03 9.991409496465416540e-01 -4.067613259287562733e-02 -5.159424309307327761e+00 7.473331140982941712e-01 3.295412953287925328e-02 6.636818882098224348e-01 8.088901981358343107e+01
6.599625477766718484e-01 -2.985310553840282710e-02 -7.506448262140043015e-01 -4.925468319087300273e+01 -4.367277093626654311e-03 9.990410525978871137e-01 -4.357002128119236151e-02 -5.227955203470539658e+00 7.512254550991191993e-01 3.203592317572602488e-02 6.591991932236163088e-01 8.167980565399351178e+01
6.560168995346942200e-01 -3.463471501778012107e-02 -7.539007635950557562e-01 -5.017141107680249945e+01 3.609525748845817750e-04 9.989609503929467449e-01 -4.557487318138001703e-02 -5.287690264967447540e+00 7.546958258724297819e-01 2.962507382255116437e-02 6.553477130263083428e-01 8.247243636701973912e+01
6.500108292163355728e-01 -3.863882961898887358e-02 -7.588164203073534120e-01 -5.109866804323008438e+01 5.442333299961736592e-03 9.989177390814819590e-01 -4.619441269087637414e-02 -5.350955022117194204e+00 7.597799650670901128e-01 2.589601033841082076e-02 6.495174909291722143e-01 8.325304193522535456e+01
6.417074942956185746e-01 -4.149731492059922228e-02 -7.659309092272292840e-01 -5.203106261543948108e+01 9.522808961949756623e-03 9.988895803017449060e-01 -4.614138803238882619e-02 -5.426231757225187913e+00 7.669949572617380529e-01 2.232152960594240704e-02 6.413897580213501204e-01 8.402353651857131922e+01
6.337520231541875493e-01 -4.294220517053742164e-02 -7.724595833905960607e-01 -5.297609867887670276e+01 1.354438271479870178e-02 9.989207191473262748e-01 -4.442820942887675678e-02 -5.496349741230135422e+00 7.735340027030978005e-01 1.769214619462611271e-02 6.336498704609375698e-01 8.481605893342563718e+01
6.228855818272647227e-01 -4.133711229497087636e-02 -7.813032707498689389e-01 -5.393696336846189610e+01 1.424138963120440832e-02 9.990364086927874254e-01 -4.151838225652518949e-02 -5.558552759954189071e+00 7.822669308003367128e-01 1.472964653772954741e-02 6.228745835957012478e-01 8.557695833190442158e+01
6.139584625842928745e-01 -4.118304730703204602e-02 -7.883306178383192586e-01 -5.491514745223146576e+01 1.445742908494975290e-02 9.990569398000807011e-01 -4.093986481941987859e-02 -5.627120021355125346e+00 7.892733868982645395e-01 1.373512049387611185e-02 6.139752973836928307e-01 8.631706631797331397e+01
6.046759800900874948e-01 -4.302483388497786027e-02 -7.952457131305381566e-01 -5.590171817356665684e+01 1.342846006646119909e-02 9.989483936751167859e-01 -4.384536123280491360e-02 -5.691612492627432296e+00 7.962958033498643839e-01 1.583054002541093089e-02 6.046181618259213186e-01 8.706678856251210163e+01
5.939053895279871043e-01 -4.571672632435611755e-02 -8.032336508628267202e-01 -5.689705710386073889e+01 1.492163302885874884e-02 9.988384864880979208e-01 -4.580085379566815190e-02 -5.765220564286227756e+00 8.043950419307349664e-01 1.521311941748693108e-02 5.938975190759254730e-01 8.779552065293945873e+01
5.841842929019438468e-01 -4.684619000872547456e-02 -8.101826127222319096e-01 -5.791113620815293928e+01 1.461205385973932472e-02 9.987780360178064587e-01 -4.721158367636584668e-02 -5.831337565847038107e+00 8.114042419959830443e-01 1.573902300322170197e-02 5.841550879389231232e-01 8.851246255468122115e+01
5.751789832293586757e-01 -4.786933329170988544e-02 -8.166513412982873144e-01 -5.893146513301418565e+01 1.798127261772792390e-02 9.987851275166720333e-01 -4.587828323408057324e-02 -5.904078248850574973e+00 8.178554306886779424e-01 1.170453189057287305e-02 5.753408752540303261e-01 8.923639648413318071e+01
5.645538235189931919e-01 -4.784741235674391108e-02 -8.239804715038492322e-01 -5.996802069906471644e+01 2.050832044604200544e-02 9.988229692193093534e-01 -4.396687789242471195e-02 -5.967828403086668843e+00 8.251139071343314146e-01 7.924742710533673809e-03 5.648710643555087119e-01 8.994053974454624267e+01
5.540754530271295719e-01 -4.778728883782678433e-02 -8.311172560180931645e-01 -6.101856083594945090e+01 1.989016537892119088e-02 9.988256390459555600e-01 -4.418171458539247448e-02 -6.051179279019178736e+00 8.322526242871298718e-01 7.949396700534175006e-03 5.543756456168870139e-01 9.063601533158437462e+01
5.448003773393992333e-01 -4.903185706047721859e-02 -8.371727031537069541e-01 -6.207454615919727559e+01 1.980457404956912845e-02 9.987633285388369808e-01 -4.559501491181962296e-02 -6.120743705094942477e+00 8.383733518129588003e-01 8.264074807422078575e-03 5.450971303415516056e-01 9.131588147007265377e+01
5.333553400632229380e-01 -5.003584577243719300e-02 -8.442743609232123969e-01 -6.314814720534541692e+01 1.919936531523857431e-02 9.987079756058689917e-01 -4.705771435589292673e-02 -6.186419100939034799e+00 8.455376092285687983e-01 8.892673868641853135e-03 5.336267845239319740e-01 9.197867901224675791e+01
5.234880001651840420e-01 -4.998837224521742589e-02 -8.505182533302062531e-01 -6.422754700412426132e+01 1.740408755168102936e-02 9.986968332658244796e-01 -4.798567869063816854e-02 -6.262897887598633417e+00 8.518079667636024865e-01 1.032885837126126631e-02 5.236753378870458997e-01 9.262974890470523803e+01
5.149048280055903426e-01 -5.025850751626791124e-02 -8.557984931092200709e-01 -6.532476126753930146e+01 1.698709252905681796e-02 9.986820249969622365e-01 -4.842694278589121382e-02 -6.346248265005770328e+00 8.571048310335881437e-01 1.039827734077027228e-02 5.150799412975268776e-01 9.327864601398133004e+01
