1.000000000000000000e+00 4.398956837314658088e-19 2.733407509747682871e-20 -8.673617379884035472e-19 -5.583667658079949532e-19 1.000000000000000000e+00 -6.100159232558060012e-19 0.000000000000000000e+00 4.145284534913582806e-20 -2.210423569125054137e-19 1.000000000000000222e+00 0.000000000000000000e+00
9.999466072135542172e-01 -1.149887530413706491e-03 1.026939606225422269e-02 4.562366423898554790e-02 1.145166182615880730e-03 9.999992358954925553e-01 4.656185537310743392e-04 -4.541608727141169255e-03 -1.026992380161331764e-02 -4.538335218287686216e-04 9.999471599478331196e-01 2.974318595810480637e-01
9.998508013909759296e-01 -3.202339482634510275e-03 1.697409804256800464e-02 9.006963232236719907e-02 3.186629672466052745e-03 9.999944690640847345e-01 9.524844099567008259e-04 -9.685160170264467405e-03 -1.697705463113866053e-02 -8.982521264064876991e-04 9.998554759266412573e-01 5.440070166018802222e-01
9.997940664053251991e-01 -6.354609727480285859e-03 1.927287596592201779e-02 6.569297903925458426e-02 6.370265479090553642e-03 9.999794276157700779e-01 -7.510337215003599085e-04 -1.234637571546005896e-02 -1.926770728446290312e-02 8.736524252108409739e-04 9.998139787813882240e-01 9.386135811213399682e-01
9.998308406058101783e-01 -6.987337900674684722e-03 1.701373897686574849e-02 7.416249007530373305e-02 7.015194713722299781e-03 9.999741478582224730e-01 -1.578178083367410807e-03 -1.267066682723735904e-02 -1.700227216694649365e-02 1.697265847699075967e-03 9.998540103488402497e-01 1.174879038600050940e+00
9.998877155805471206e-01 -1.064017531017969961e-02 1.055191604226645048e-02 7.324208359499123633e-02 1.067787274277701148e-02 9.999367848769882272e-01 -3.522678711368172708e-03 -1.834925697485755014e-02 -1.051376726679474627e-02 3.634955236732365959e-03 9.999381219779873708e-01 1.554734219041822740e+00
9.999343300780972887e-01 -1.129217675025932267e-02 -1.955068425943720309e-03 5.233301498507766242e-02 1.128287647243027617e-02 9.999252795417115092e-01 -4.704467324466630150e-03 -3.164248604514921515e-02 2.008046050539833479e-03 4.682099636016020562e-03 9.999870227638685272e-01 1.864913867547292270e+00
9.997884933864432666e-01 -1.114701244838875623e-02 -1.728330395718315204e-02 1.233789953164883026e-02 1.106049351830676146e-02 9.999258582841668019e-01 -5.093466313460406555e-03 -3.989848771487206069e-02 1.733879977265731509e-02 4.901227177095299550e-03 9.998376588342652305e-01 2.167437330300471920e+00
9.993226305210435312e-01 -6.619914283853929257e-03 -3.620023206721079134e-02 -2.942720508736519636e-02 6.429568289027718514e-03 9.999649003290749238e-01 -5.372034133841065325e-03 -4.518307049486243454e-02 3.623452447980143876e-02 5.135643436113833914e-03 9.993301178662740147e-01 2.544651794449936055e+00
9.984149368928814106e-01 -3.929919785436899148e-03 -5.614418396820085311e-02 -4.924635713968287393e-02 3.590166881891781927e-03 9.999746375136012722e-01 -6.151018263571090584e-03 -5.660213814219286488e-02 5.616693398787293151e-02 5.939701527103949386e-03 9.984037237530729580e-01 2.874594783648963592e+00
9.971398877012525030e-01 -3.206813543419171405e-03 -7.551000267086148410e-02 -1.170729365039905323e-01 2.734049918715226405e-03 9.999760152543196723e-01 -6.363480421789062362e-03 -5.802565106750565138e-02 7.552859938021919128e-02 6.138832025597557376e-03 9.971247392476819682e-01 3.235180462315482508e+00
9.952945560887448417e-01 -3.534628113824795238e-03 -9.683105252372981031e-02 -1.634675545105572225e-01 2.966001934703090762e-03 9.999775070554344225e-01 -6.015663821502468568e-03 -6.361052461171738670e-02 9.685013931468133830e-02 5.700156329431770551e-03 9.952826528320523058e-01 3.618869372254492234e+00
9.932094235717394692e-01 -4.462105077268355841e-03 -1.162545919881976947e-01 -2.187898425288942184e-01 3.860266510956048523e-03 9.999779606141246946e-01 -5.401538882347407811e-03 -7.705446872589112595e-02 1.162761340516224318e-01 4.916085552984839069e-03 9.932047589229815454e-01 4.008827667165759223e+00
9.910294558915515584e-01 -4.407033140031592529e-03 -1.335709366860523273e-01 -3.272830182226035833e-01 3.798461642843777280e-03 9.999812144885867893e-01 -4.810649949957233711e-03 -8.796067000221187426e-02 1.335896304910006993e-01 4.260131642378246417e-03 9.910275790293696652e-01 4.423728227220912856e+00
9.887540055838661690e-01 -3.467126602412400841e-03 -1.495108520692566834e-01 -3.897731198619938109e-01 2.839349501780108909e-03 9.999862355220906496e-01 -4.412126053038518611e-03 -9.033835317594141046e-02 1.495240941156968373e-01 3.937993646213647572e-03 9.887502404944773504e-01 4.837605359395235283e+00
9.866131478201822791e-01 -2.870769646355913682e-03 -1.630529194734550158e-01 -4.687462223015211871e-01 2.210207531821092430e-03 9.999886005090451446e-01 -4.232473424640410993e-03 -9.079725455648966770e-02 1.630632140295349142e-01 3.815433025462104666e-03 9.866082461573567608e-01 5.228928374237946208e+00
9.844618532550980516e-01 -3.691259647867531444e-03 -1.755597713539571447e-01 -5.714006357931460389e-01 2.844390480877790305e-03 9.999830756807154275e-01 -5.075213349418684385e-03 -1.015148588501546545e-01 1.755755370907834123e-01 4.496993280276638180e-03 9.844556915377161710e-01 5.698579154274516334e+00
9.826353238118923361e-01 -6.795211162802850847e-03 -1.854228806347381631e-01 -6.572531647200741123e-01 5.607321817449316750e-03 9.999602654217322195e-01 -6.930044052982118480e-03 -1.097308152110358787e-01 1.854626072540018766e-01 5.769980206022927091e-03 9.826343824065968402e-01 6.106480035831894249e+00
9.811629130046037872e-01 -6.112212667205292431e-03 -1.930854165896582486e-01 -7.647240820152554353e-01 4.533480106836402894e-03 9.999525952635711645e-01 -8.617121133175344172e-03 -1.250735560853277750e-01 1.931289364407831610e-01 7.579450674951654192e-03 9.811441110993294190e-01 6.586832878083214382e+00
9.795086733965793213e-01 -5.822932421691335778e-03 -2.013177866713430908e-01 -8.472516988503202562e-01 3.811169524422330750e-03 9.999388724813462748e-01 -1.037912721736657627e-02 -1.169310761890249573e-01 2.013659210492771134e-01 9.399188824727355146e-03 9.794709909251252400e-01 7.014167579149942711e+00
9.779922561072462717e-01 -6.863775386702114685e-03 -2.085282584066838474e-01 -9.758139990609886461e-01 4.223987394364602833e-03 9.999052457304152819e-01 -1.310181226856208143e-02 -1.405228098546627280e-01 2.085984309616635557e-01 1.193265012854439859e-02 9.779285799563206538e-01 7.527426137622335922e+00
9.762109904026381457e-01 -1.019314621793175439e-02 -2.165830115573768866e-01 -1.078213619193649109e+00 7.175921388391540319e-03 9.998660091780937620e-01 -1.471291373585434901e-02 -1.440377268640673503e-01 2.167039660437223292e-01 1.280872535166111686e-02 9.761533326069758987e-01 8.037733463334223671e+00
9.743556966812217945e-01 -1.577651660025019068e-02 -2.244595213284710233e-01 -1.177519746382312604e+00 1.248800997481957879e-02 9.997929938181353560e-01 -1.606297288574810508e-02 -1.620060631408995755e-01 2.246664784578624452e-01 1.284799631953849677e-02 9.743510166376559978e-01 8.564447403829564820e+00
9.723769067563393653e-01 -1.652733554054184109e-02 -2.328304042796860152e-01 -1.338329289023844293e+00 1.258687093225039841e-02 9.997514771222412167e-01 -1.839985463167730789e-02 -1.855931338259129149e-01 2.330766451921394700e-01 1.496098742008418123e-02 9.723432766121337112e-01 9.080756200801342715e+00
9.703511142280625279e-01 -1.274809382340113227e-02 -2.413632115786371046e-01 -1.491662361794773739e+00 7.672637598376292473e-03 9.997294846356612474e-01 -2.195650629391842842e-02 -1.854695416517411211e-01 2.415778268893791214e-01 1.945362786217177259e-02 9.701864311815759923e-01 9.640873975492500136e+00
9.681736966722749305e-01 -1.048872061892136207e-02 -2.500593497679888810e-01 -1.634608088110170332e+00 4.354963484404492102e-03 9.996762147254272257e-01 -2.506990220828389168e-02 -2.108947236995632468e-01 2.502413397446983101e-01 2.318302055127673816e-02 9.679058946275648223e-01 1.014554292098005561e+01
9.657965999899641441e-01 -1.297059764962591247e-02 -2.589762335679013372e-01 -1.788369387519711307e+00 6.142124982352750034e-03 9.996122574360235546e-01 -2.715895933209268309e-02 -2.314978581989956263e-01 2.592280898593215532e-01 2.463936618747027130e-02 9.655017869302695566e-01 1.067818647675382415e+01
9.635514854820852459e-01 -1.413215730016735040e-02 -2.671494251928392960e-01 -1.955660205863532175e+00 6.654395343299939272e-03 9.995608630638659342e-01 -2.887559592158004881e-02 -2.594624323759445184e-01 2.674401890835441109e-01 2.604540545912728891e-02 9.632223957662540137e-01 1.121661574017018559e+01
9.613646285335181174e-01 -1.451231588587837892e-02 -2.748953292363175427e-01 -2.130306345476223218e+00 6.049924075736930543e-03 9.994820638766275245e-01 -3.160699912835961134e-02 -2.775810315556347385e-01 2.752116465097537712e-01 2.872275512903071579e-02 9.609545018538487859e-01 1.182866146658769324e+01
9.589492594800835823e-01 -1.400629988548695096e-02 -2.832316005641418721e-01 -2.308290923500486258e+00 4.199200648232198109e-03 9.993713511433131025e-01 -3.520325575976938209e-02 -3.002315923847636014e-01 2.835466195788971522e-01 3.256878977255784485e-02 9.584052327788800119e-01 1.243284061232750659e+01
9.566720226989845477e-01 -1.544589273129144853e-02 -2.907577403145203965e-01 -2.518685149991282124e+00 3.862707412775451352e-03 9.991773395846366146e-01 -4.036983450895936104e-02 -3.331298196324515848e-01 2.911420985708099152e-01 3.749757924752328969e-02 9.559446698601609116e-01 1.297131404465229032e+01
9.548644219316452242e-01 -1.746970810078880484e-02 -2.965278117398464919e-01 -2.724604215171037236e+00 3.550379761297203871e-03 9.988689743717620306e-01 -4.741483758974462948e-02 -3.720380578916406833e-01 2.970207596592538968e-01 4.422195529327213603e-02 9.538464703041413806e-01 1.360697565623338257e+01
9.537760601284619444e-01 -1.699255696924544326e-02 -3.000374613268348423e-01 -2.944615094940801203e+00 3.588635586939924464e-04 9.984637875075976776e-01 -5.540700529414376713e-02 -4.093635206122996362e-01 3.005180518781733201e-01 5.273820292529068227e-02 9.523169558497034393e-01 1.422478509182538708e+01
9.522848358693865034e-01 -1.743051801878696752e-02 -3.047125964360002937e-01 -3.140844918391461515e+00 -2.272887692242921750e-03 9.979352204797995451e-01 -6.418823636405969479e-02 -4.588510117614315043e-01 3.052022715435765421e-01 6.181806194382623298e-02 9.502789604480036401e-01 1.484252428331410556e+01
9.509554424486348356e-01 -1.575941737132061093e-02 -3.089261808282460775e-01 -3.340788791246882106e+00 -7.094677206397614032e-03 9.973274190682933638e-01 -7.271646794780096956e-02 -5.025095861233989103e-01 3.092465250621759809e-01 7.134185286996555520e-02 9.483021295059244071e-01 1.552519062797655458e+01
9.497409602416878593e-01 -1.570488113532785349e-02 -3.126427083155082776e-01 -3.589413398432439894e+00 -9.801120394488816584e-03 9.967592197630971151e-01 -7.984357102727689115e-02 -5.595072912671796850e-01 3.128834411388434766e-01 7.889495909315569211e-02 9.465091334992802308e-01 1.616732753746696716e+01
9.478251035120489609e-01 -1.413251592167468450e-02 -3.184773822239188035e-01 -3.794944042686516639e+00 -1.411198071971887964e-02 9.961775122885790923e-01 -8.620450098351344070e-02 -6.230699071505111375e-01 3.184782982571703336e-01 8.620113725850961361e-02 9.440026163381869395e-01 1.682498717084154549e+01
9.465573652091335832e-01 -1.295997551994971728e-02 -3.222750241588585585e-01 -4.064279171039570926e+00 -1.777302517127810413e-02 9.955784015371694773e-01 -9.223755172215893083e-02 -6.904651522965297161e-01 3.220454553049064694e-01 9.303593661973939832e-02 9.421417310799227174e-01 1.748979655037767600e+01
9.448293271566645668e-01 -1.075520600619091563e-02 -3.273864166628575045e-01 -4.316158063428074065e+00 -2.255669357502114794e-02 9.949520056289006265e-01 -9.778395600171164992e-02 -7.623979846643104130e-01 3.267854640253224363e-01 9.977390506509598023e-02 9.398172325838490826e-01 1.813538727894686176e+01
9.430685489180177239e-01 -7.704213568610184665e-03 -3.325091800125870023e-01 -4.595546508871235503e+00 -2.733008403261271563e-02 9.945557716195765341e-01 -1.005578621157680042e-01 -8.375466903262098750e-01 3.314736489804115949e-01 1.039204615989767072e-01 9.377237119997777759e-01 1.883819768934644401e+01
9.414526074212831164e-01 -7.268647454666514983e-03 -3.370669849491614301e-01 -4.839661237155715945e+00 -2.888485276495667692e-02 9.943526276242836692e-01 -1.021201116676848236e-01 -9.204891567885604697e-01 3.359057229706339243e-01 1.058773763054277200e-01 9.359259206121991470e-01 1.953761124871740051e+01
9.390982281029705003e-01 -6.459398733550489324e-03 -3.435881133786417574e-01 -5.121292242152847507e+00 -3.019127772648173488e-02 9.944064876448187595e-01 -1.012137543687440522e-01 -1.006954711203998487e+00 3.423200348408507177e-01 1.054230222049843957e-01 9.336503535201039483e-01 2.027531633262775301e+01
9.367353987026042494e-01 -6.459612419312852662e-03 -3.499786617124679422e-01 -5.376390580148755483e+00 -3.044708017318438834e-02 9.945366065855527626e-01 -9.984945401613755378e-02 -1.088146159276191183e+00 3.487115853046718339e-01 1.041883471362094887e-01 9.314209688261495534e-01 2.096750198934310205e+01
9.343110998393306943e-01 -6.549575264459969737e-03 -3.563984695876380449e-01 -5.674785352097026170e+00 -3.042680461937359929e-02 9.947167414849410472e-01 -9.804495790261608112e-02 -1.186498484875258663e+00 3.551576832174469511e-01 1.024485596769474510e-01 9.291756105970008228e-01 2.169897947713437603e+01
9.309259828817706417e-01 -6.882506306941494831e-03 -3.651430441998727017e-01 -5.950713481140874173e+00 -2.985275485178840241e-02 9.950424869441061304e-01 -9.486444121579745703e-02 -1.264189783444698012e+00 3.639857541100162130e-01 9.921229955082666585e-02 9.261054438855522708e-01 2.242987611241303370e+01
9.273761627877457059e-01 -3.310164088903639647e-03 -3.741156139503674094e-01 -6.257414830471313749e+00 -3.247825926622182474e-02 9.954736074930893297e-01 -8.931662486678056123e-02 -1.345688230202104263e+00 3.727178788820978972e-01 9.498073328556107253e-02 9.230709864109182261e-01 2.323871886542973897e+01
9.242155605264134044e-01 -7.349834830878999034e-04 -3.818704681704976345e-01 -6.608680571036991580e+00 -3.385829595541684639e-02 9.959020125645003940e-01 -8.386177432900455975e-02 -1.430877430721397836e+00 3.803672113050519110e-01 9.043584058387187097e-02 9.204032520002541906e-01 2.393226872189018195e+01
9.208771098257526599e-01 2.685899338658962691e-03 -3.898437269004976780e-01 -6.958233574627905149e+00 -3.667033469094593823e-02 9.961394843776905095e-01 -7.975847452329391796e-02 -1.492855021390615988e+00 3.881245125014374242e-01 8.774345389944433748e-02 9.174205427133620416e-01 2.465541689692891225e+01
9.170205484215263603e-01 3.353539995224908560e-03 -3.988258570716587958e-01 -7.285773590088884255e+00 -3.756843315663264959e-02 9.962449313848595889e-01 -7.800416376964663945e-02 -1.575086166973506563e+00 3.970666553187126024e-01 8.651468402581936890e-02 9.137030611253821322e-01 2.541278795924407774e+01
9.125641203474199603e-01 4.550593509884555930e-03 -4.089083209310004352e-01 -7.613576356754670371e+00 -3.960649353759818081e-02 9.962206006383241830e-01 -7.730356126863131838e-02 -1.656522141538347315e+00 4.070111229603345926e-01 8.673988158582672525e-02 9.092954097015676362e-01 2.622219434040317410e+01
9.092274958782224914e-01 3.667969357108311328e-03 -4.162834409411444447e-01 -8.019170812747328014e+00 -3.897490659184288386e-02 9.963191625194105505e-01 -7.634843222743240010e-02 -1.715030998952817187e+00 4.144711326302473187e-01 8.564270248534827656e-02 9.060237365623542427e-01 2.695520464259363891e+01
9.053508606572091555e-01 4.740877208097209715e-03 -4.246378922338336914e-01 -8.391373938142542954e+00 -4.020908209611391559e-02 9.964022963055882975e-01 -7.460357692439037458e-02 -1.793155217859256245e+00 4.227564917579906822e-01 8.461671283966716584e-02 9.022843034201948331e-01 2.773939469212049147e+01
9.013664114272266215e-01 4.736135597902226685e-03 -4.330313586425383332e-01 -8.765364420849282467e+00 -3.984367421737767395e-02 9.966059146567834981e-01 -7.203563391681454264e-02 -1.872635388231167264e+00 4.312204501092024578e-01 8.218406158149363372e-02 8.984958025357511202e-01 2.852335491542788759e+01
8.972858322780004059e-01 5.434856117722654603e-03 -4.414165760292679819e-01 -9.155625632138358228e+00 -3.940877399517222351e-02 9.969180336782220708e-01 -6.783349261504972860e-02 -1.943898851094963520e+00 4.396874872705476833e-01 7.826171827928080083e-02 8.947346091816436031e-01 2.932187558162642915e+01
8.935880227148724764e-01 6.948077004644134455e-03 -4.488342297818725957e-01 -9.589314000512594305e+00 -3.909886230580591343e-02 9.972848221966192916e-01 -6.240402589540736122e-02 -1.995523254602874497e+00 4.471819847359091438e-01 7.331239812400214273e-02 8.914334348711802081e-01 3.011527719857876662e+01
8.899507299331583798e-01 6.636399514732463541e-03 -4.560083906156185418e-01 -1.001765328574995806e+01 -3.720428975518703940e-02 9.976178761765076564e-01 -5.808970667019242723e-02 -2.069590425821516977e+00 4.545366234649668713e-01 6.866244536537000065e-02 8.880776602541271547e-01 3.094973824782548988e+01
8.861760302755671281e-01 6.022538146027560726e-03 -4.633095812698264093e-01 -1.048613306129977119e+01 -3.606747782824373805e-02 9.977781766911243411e-01 -5.601649065200198924e-02 -2.138051985816976419e+00 4.619428357232619464e-01 6.635087955612586907e-02 8.844243221135733579e-01 3.178214697724509463e+01
8.828081717444054011e-01 5.943453963584878139e-03 -4.696960749725967443e-01 -1.088915242221859714e+01 -3.594357777619525129e-02 9.978430223360890139e-01 -5.493052025300544650e-02 -2.199667960093663499e+00 4.683564820558291930e-01 6.537566973509316426e-02 8.811176038822263745e-01 3.258117289383607584e+01
8.794919993606620245e-01 6.261440727455395462e-03 -4.758724754615938912e-01 -1.133678770415244230e+01 -3.577583142102610386e-02 9.979540438028015048e-01 -5.298883286334012815e-02 -2.249540543813754567e+00 4.745670829385023604e-01 6.362798817272100060e-02 8.779166061571797020e-01 3.340890938168457325e+01
8.767376455081853370e-01 4.389060806048917900e-03 -4.809488876064535456e-01 -1.177989462175775692e+01 -3.345848588232493842e-02 9.980924629154204197e-01 -5.188415223723606001e-02 -2.313131648220030812e+00 4.798037453147089293e-01 6.158061116964842069e-02 8.752120879275981924e-01 3.423341621152813019e+01
8.740044881972514057e-01 3.595172420050629473e-03 -4.859045427409515727e-01 -1.227405288598770206e+01 -3.274913267976623660e-02 9.981347867412724284e-01 -5.152127583507275232e-02 -2.369455293866151280e+00 4.848130076090276241e-01 6.094277877966335077e-02 8.724920228860224558e-01 3.506323203006747491e+01
8.718145676630305596e-01 2.964781133938540047e-03 -4.898270765532861115e-01 -1.273446861710393563e+01 -3.249659993978315509e-02 9.981287487110455103e-01 -5.179741350744648115e-02 -2.426112293886369287e+00 4.887569274123443885e-01 6.107545432996503570e-02 8.702795295112140117e-01 3.587845069992029323e+01
8.704196493732510032e-01 3.925610080169286524e-03 -4.922948494208709835e-01 -1.324091011546954988e+01 -3.387951187308638201e-02 9.980751922183250802e-01 -5.194313635193043011e-02 -2.484489037488402108e+00 4.911433764063615204e-01 6.189103585204466101e-02 8.688772572906754421e-01 3.672229680989781997e+01
8.700919235062647417e-01 3.630891917859204246e-03 -4.928761066018397807e-01 -1.378339619290970752e+01 -3.308350601686185777e-02 9.981479539979229987e-01 -5.105040272645207378e-02 -2.552726829099420502e+00 4.917779273388045991e-01 6.072461285653057289e-02 8.686005965521175209e-01 3.762090308891313839e+01
8.700475237232081493e-01 2.705323588284095845e-03 -4.929604272893170491e-01 -1.428334344195798700e+01 -3.135402383482135957e-02 9.982639604140284284e-01 -4.985970902031874180e-02 -2.605007221658221628e+00 4.919697502859829985e-01 5.883660945084424887e-02 8.686219102407447545e-01 3.851349532123912667e+01
8.696863609080134339e-01 1.389933672649725730e-03 -4.936027723902597919e-01 -1.480130224563546193e+01 -2.961780778738513226e-02 9.983411777994984915e-01 -4.937284905333846896e-02 -2.665048350260486476e+00 4.927153566417436514e-01 5.755832554266593348e-02 8.682848733347089398e-01 3.939532898004837591e+01
8.692184105799575233e-01 7.601740471248544370e-04 -4.944277217216115905e-01 -1.528956463249910414e+01 -2.915337528293217642e-02 9.983377409526383861e-01 -4.971755977237577590e-02 -2.729161421240294150e+00 4.935680692579886286e-01 5.762965529108591417e-02 8.677957067345370978e-01 4.027172864292605681e+01
8.677857928510362973e-01 -9.301585079514259778e-04 -4.969375691683941554e-01 -1.584190977792630051e+01 -2.764672556056011615e-02 9.983591081787508426e-01 -5.014728037454480730e-02 -2.793057385981218665e+00 4.961688018291826596e-01 5.725579413637047616e-02 8.663361350899593250e-01 4.122612468476822301e+01
8.663562431987446022e-01 -1.581666149429671779e-03 -4.994240215275290162e-01 -1.634849976460776944e+01 -2.620628341499992367e-02 9.984733778888098543e-01 -4.862246806939186927e-02 -2.856337566486856439e+00 4.987385028660663577e-01 5.521242628520441065e-02 8.649921957002610906e-01 4.212446995871802358e+01
8.644748793240334406e-01 -1.552217711261031675e-03 -5.026736204087053350e-01 -1.691139799186746373e+01 -2.439752378037396766e-02 9.986871456052758278e-01 -4.504160386197637866e-02 -2.915106280881199829e+00 5.020836061550678631e-01 5.120132669219640276e-02 8.633020801064220651e-01 4.304826622204808473e+01
8.613624787671306793e-01 -8.812805061734897520e-04 -5.079900574179282424e-01 -1.746420918708587422e+01 -2.287782329422858099e-02 9.989165677630141849e-01 -4.052525004420017007e-02 -2.975329280588285830e+00 5.074754074672908066e-01 4.652863657285111892e-02 8.604090898140576149e-01 4.395598104338594680e+01
8.575125751383789741e-01 -9.836901849882089509e-04 -5.144620594682753900e-01 -1.797731191301177134e+01 -2.197439681276953591e-02 9.990155117794506934e-01 -3.853742530247725867e-02 -3.040464938081986812e+00 5.139934953736311485e-01 4.435132019792567548e-02 8.566467488241219508e-01 4.484639087066664587e+01
8.522151892957045005e-01 -5.056971170230079547e-03 -5.231669836851520206e-01 -1.856965204459651275e+01 -1.872473461353607940e-02 9.990178645067815388e-01 -4.015832095721643541e-02 -3.096100397221008382e+00 5.228562513027775749e-01 4.401969396432198200e-02 8.512835087929311317e-01 4.572537079956811823e+01
8.463894548538789531e-01 -7.687116881972141935e-03 -5.325089608767626936e-01 -1.910185920935971993e+01 -1.816712512709753660e-02 9.988971308382765812e-01 -4.329523757775988191e-02 -3.156376444719933172e+00 5.322544978875822785e-01 4.631878940955630464e-02 8.453163459492422094e-01 4.657495662290538263e+01
8.401529328974286503e-01 -8.270975376389315403e-03 -5.422864875597157575e-01 -1.970128954698982326e+01 -1.793906393991843984e-02 9.989127966584865348e-01 -4.302806858048745242e-02 -3.218981359474975434e+00 5.420528053146216330e-01 4.587826993164599576e-02 8.390911430172883767e-01 4.751818994465836710e+01
8.344760613695236806e-01 -5.152638697438796135e-03 -5.510200971106989920e-01 -2.031546339542360968e+01 -1.896372718540462882e-02 9.990954334430676154e-01 -3.806168622288522846e-02 -3.274265222627792404e+00 5.507177903699577159e-01 4.221096070307115561e-02 8.336235097624403734e-01 4.841575830448739026e+01
8.289075881051196637e-01 -1.994905482360223754e-03 -5.593820024523021850e-01 -2.091239425245379024e+01 -2.006344544354044662e-02 9.992441937701022070e-01 -3.329413479567305822e-02 -3.330469841358450367e+00 5.590256463429728040e-01 3.882089111878186949e-02 8.282410706864081762e-01 4.929662659770899324e+01
8.252556033069188279e-01 -7.102942991836798782e-04 -5.647589561188042229e-01 -2.153678218844163439e+01 -2.278451888308672194e-02 9.991431952606876221e-01 -3.455055871142499041e-02 -3.382828242962550025e+00 5.642996187631249549e-01 4.138080315114835150e-02 8.245323374657641535e-01 5.018797672842242008e+01
8.216392272382306849e-01 -2.857630360990113562e-03 -5.700007087124633331e-01 -2.214407666286298948e+01 -2.349072612089968953e-02 9.989681455568955037e-01 -3.886939660458549328e-02 -3.425248790873454130e+00 5.695236351326565805e-01 4.532635143688910212e-02 8.207242881300654824e-01 5.105008044848503346e+01
8.187947737570856477e-01 -5.754684875346730358e-03 -5.740574846753292437e-01 -2.276085081118369402e+01 -2.490684898032781425e-02 9.986521330602493585e-01 -4.553642554325643133e-02 -3.506663692137394150e+00 5.735457892292423754e-01 5.158295029374664054e-02 8.175478170795453803e-01 5.189970546030318843e+01
8.153358690561036681e-01 -6.324428653506787741e-03 -5.789537250718369554e-01 -2.339300438018386075e+01 -2.581679430139259546e-02 9.985486738920931193e-01 -4.726562222771611699e-02 -3.562706738945345730e+00 5.784124124329260708e-01 5.348408638596496845e-02 8.139892751510483526e-01 5.279093045933304751e+01
8.121471603454805122e-01 -5.186165451509910582e-03 -5.834295905063433541e-01 -2.403244114109056895e+01 -2.499684531291593292e-02 9.987330666061595696e-01 -4.367401328379823949e-02 -3.625501501998858789e+00 5.829169347773980325e-01 5.005362503828011955e-02 8.109885870208519698e-01 5.365614524878223790e+01
8.089611377337398990e-01 -3.375831101700824989e-03 -5.878524260000258517e-01 -2.467092911633653074e+01 -2.346342836177507316e-02 9.990012606324455424e-01 -3.802563382905334299e-02 -3.673908920188780680e+00 5.873936928835644666e-01 4.455429317861132887e-02 8.080739886439536335e-01 5.449269393022638752e+01
8.058551811089942341e-01 -1.142670085342568009e-03 -5.921115728017900537e-01 -2.530722641529601802e+01 -2.432800399113025161e-02 9.990898249003176135e-01 -3.503812280254293976e-02 -3.741960076291326764e+00 5.916126948079400982e-01 4.264054536880777097e-02 8.050939137297767889e-01 5.535956149335522980e+01
8.028409586524314356e-01 -5.122953544250539353e-04 -5.961930273305189321e-01 -2.596058125492002233e+01 -2.574506093144226723e-02 9.990370459585192764e-01 -3.552706982349998488e-02 -3.789321494995839590e+00 5.956371314677271211e-01 4.387161248392727753e-02 8.020546714600016447e-01 5.620509164960080284e+01
7.990349432916651340e-01 -1.778379097028623705e-03 -6.012819553540026396e-01 -2.657473925938254666e+01 -2.540556752641523128e-02 9.990027567475538994e-01 -3.671578949575036305e-02 -3.840002379677743605e+00 6.007476359311291203e-01 4.461310797337628142e-02 7.981929311912054903e-01 5.706115089898990078e+01
7.949842445868442464e-01 -4.035697991271194017e-03 -6.066166474445536805e-01 -2.727398371518608045e+01 -2.490375072500728565e-02 9.989177585152240191e-01 -3.928250207495027901e-02 -3.912380328339832403e+00 6.061186845067745299e-01 4.633599990058370754e-02 7.940233764833424246e-01 5.794099267444891410e+01
7.908513198279413237e-01 -5.126415027323535413e-03 -6.119868484186709034e-01 -2.792914268552809176e+01 -2.436766045443008316e-02 9.989082188120033123e-01 -3.985708919146676438e-02 -3.961170794271372753e+00 6.115230272134900558e-01 4.643371920296422012e-02 7.898629653437204690e-01 5.877543524835162714e+01
7.860915245221646863e-01 -5.740567349949220882e-03 -6.180834520282720845e-01 -2.862549655636929913e+01 -2.333975783169942378e-02 9.989680728228380602e-01 -3.896209989295450898e-02 -4.017459462125890113e+00 6.176693101249861595e-01 4.505369446267153133e-02 7.851463527213489169e-01 5.965950443408746651e+01
7.817187294281821019e-01 -6.135899370849434709e-03 -6.236009712868541000e-01 -2.930835386106943474e+01 -2.272100566614157491e-02 9.990074903096676229e-01 -3.831175079112918852e-02 -4.071176030746614494e+00 6.232171290746236769e-01 4.411785420874859281e-02 7.808034530765143311e-01 6.044718418415416039e+01
7.763345401220964614e-01 -6.295730578562272126e-03 -6.302896461405907980e-01 -2.999113597646799434e+01 -2.344108264266812555e-02 9.989700282400471032e-01 -3.885097638398703895e-02 -4.137739106664667155e+00 6.298850717461996762e-01 4.493602642650287859e-02 7.753873596047180516e-01 6.128096706980603159e+01
7.710697855956762936e-01 -7.442625995239860598e-03 -6.367071425389212447e-01 -3.067685231184315597e+01 -2.343891422671978003e-02 9.989222534277280019e-01 -4.006181410671457582e-02 -4.186588715184782927e+00 6.363191096698442850e-01 4.581417837697225603e-02 7.700643215897592375e-01 6.209800581080703097e+01
7.656080935369916629e-01 -8.653431792605068007e-03 -6.432490632588456769e-01 -3.138849574449933044e+01 -2.291347320036297985e-02 9.989082348659243937e-01 -4.071008602538891269e-02 -4.245839912140226602e+00 6.428990793978739404e-01 4.590704137958127179e-02 7.645739500305817060e-01 6.291657040575250193e+01
7.597787075232169673e-01 -9.379482292115414940e-03 -6.501140922220594032e-01 -3.210063580584678533e+01 -2.309696754942572317e-02 9.988754747604006168e-01 -4.140429993999755059e-02 -4.307618801427197219e+00 6.497713846193940990e-01 4.647376944358208584e-02 7.587076804954291376e-01 6.374856144517349321e+01
7.538009771709843765e-01 -1.208489823262381101e-02 -6.569916543576019841e-01 -3.283267225456648930e+01 -2.130084883007381941e-02 9.988560132601939090e-01 -4.281283276729854620e-02 -4.370111486815519974e+00 6.567574646697592611e-01 4.626683493949478032e-02 7.526812211713395095e-01 6.457137229526611577e+01
7.474832332704257620e-01 -1.213177901731941379e-02 -6.641698785673760819e-01 -3.358664311905462796e+01 -2.161650959217189041e-02 9.988594688282128597e-01 -4.257332595189187996e-02 -4.441989137365433216e+00 6.639288737500742554e-01 4.617988172969806487e-02 7.463684595481760997e-01 6.543519280999906584e+01
7.410923561144386884e-01 -1.316983013483180760e-02 -6.712739133892438037e-01 -3.435412289305170930e+01 -1.972969801365943507e-02 9.989486524634491049e-01 -4.138029472453871177e-02 -4.490529142889863046e+00 6.711131542433347308e-01 4.391065152885392092e-02 7.400533746536076540e-01 6.625038952356941024e+01
7.349329203826207024e-01 -1.335139838530224193e-02 -6.780083583957531301e-01 -3.510476779605511410e+01 -1.923946263961903713e-02 9.989931943207379650e-01 -4.052703802746653039e-02 -4.562905919742999750e+00 6.778668400548676365e-01 4.282917069639394225e-02 7.339361129573344078e-01 6.704949241296074547e+01
7.283720522131822417e-01 -1.450462859530984340e-02 -6.850282917470483790e-01 -3.585346371219724659e+01 -1.872805607732788355e-02 9.989809344294812155e-01 -4.106522365272474023e-02 -4.611454665051044621e+00 6.849258506345679010e-01 4.274000928677900574e-02 7.273581507876207830e-01 6.782619027082110108e+01
7.220753619439467252e-01 -1.626374384420712152e-02 -6.916232018542561866e-01 -3.663519180569159062e+01 -1.827722906610709797e-02 9.989262052795222502e-01 -4.257204873390801197e-02 -4.677530496450952313e+00 6.915729333387871103e-01 4.338118298545316776e-02 7.210027460229537777e-01 6.865641428553411174e+01
7.159625455604421429e-01 -1.532097134683840095e-02 -6.979705524381422110e-01 -3.744261151607239668e+01 -1.999276550643154168e-02 9.988991865364851286e-01 -4.243470864654403513e-02 -4.746253979416366064e+00 6.978523700515254502e-01 4.433602341042852668e-02 7.148680967343912229e-01 6.944702633068484943e+01
7.108391850574389270e-01 -1.584196168989889658e-02 -7.031761344000126979e-01 -3.826196877820316899e+01 -1.903932886616776718e-02 9.989465726298513149e-01 -4.175223370563407865e-02 -4.800063416282784878e+00 7.030968388323044493e-01 4.306712524215670912e-02 7.097887482641110912e-01 7.023981267111419413e+01
7.057317925052910557e-01 -1.524541518244124268e-02 -7.083150464234728716e-01 -3.905497968462894676e+01 -2.030339333963629769e-02 9.989226238370507716e-01 -4.172965181060653977e-02 -4.865982530494127545e+00 7.081881227626427577e-01 4.383114075810239096e-02 7.046619212191255199e-01 7.105705171550751231e+01
7.007705484157865650e-01 -1.616361026723002817e-02 -7.132035941323715544e-01 -3.988357500016358159e+01 -1.984141957683522445e-02 9.989149195704727369e-01 -4.213432759972323555e-02 -4.930619260303918949e+00 7.131107660244951907e-01 4.367746739853869270e-02 6.996894480273757599e-01 7.184309599652527822e+01
6.955524893436387801e-01 -1.758202310441540211e-02 -7.182601182124729311e-01 -4.073011343176391108e+01 -2.053592253072308860e-02 9.988055808493748744e-01 -4.433607542247774286e-02 -5.000452398293413481e+00 7.181817448646633517e-01 4.558820157122828870e-02 6.943606460648270584e-01 7.266366490353898655e+01
6.906604691711338839e-01 -1.947870631180571854e-02 -7.229167909196079211e-01 -4.154807893656300877e+01 -2.117503202202139154e-02 9.986638826723224227e-01 -4.713881095623696088e-02 -5.061500893734013573e+00 7.228691047922587432e-01 4.786469930549325236e-02 6.893252045259898875e-01 7.341195391276907856e+01
6.857359627883489184e-01 -2.069908778221938098e-02 -7.275559959599552373e-01 -4.241473281749329516e+01 -2.114024979797959197e-02 9.986074077565839646e-01 -4.833564983497808110e-02 -5.120637401991921855e+00 7.275433235315238445e-01 4.852620869364016737e-02 6.843434293307334437e-01 7.419502666213359987e+01
6.805932901590928674e-01 -2.014955778163125821e-02 -7.323842971713220296e-01 -4.326517459091220275e+01 -2.071768498418391849e-02 9.986927378775446451e-01 -4.672892971634698411e-02 -5.198491553652529795e+00 7.323684588242753701e-01 4.697670297930941347e-02 6.792861251579919157e-01 7.499941669677997425e+01
6.758683957890941896e-01 -2.085064511553124875e-02 -7.367273254697761509e-01 -4.412415221725065351e+01 -1.926896408401308422e-02 9.987581671333718436e-01 -4.594377691966948507e-02 -5.263566593212807732e+00 7.367704033634348004e-01 4.524791896029427968e-02 6.746273108948447339e-01 7.575130078965071334e+01
6.708609304804775686e-01 -2.098117997885643599e-02 -7.412863089574548425e-01 -4.498993964671296197e+01 -1.939414850189949413e-02 9.987614160051535572e-01 -4.582031136677561234e-02 -5.339838539074500012e+00 7.413295405904585245e-01 4.511567325486803143e-02 6.696231017804072927e-01 7.654573035003406289e+01
6.658617199837134626e-01 -2.176031113266445674e-02 -7.457577679194432596e-01 -4.587958200262109898e+01 -1.908008739901379675e-02 9.987509770609878101e-01 -4.617830783097556097e-02 -5.407507876952632131e+00 7.458311665758506903e-01 4.497749064240692818e-02 6.646148558207254364e-01 7.730725953996608268e+01
6.618295716182239774e-01 -2.271411065094380149e-02 -7.493101339971858232e-01 -4.675890663419300353e+01 -1.781654483008233633e-02 9.987819483740305593e-01 -4.601293686958211893e-02 -5.471926011208963381e+00 7.494425914428255453e-01 4.380283965198359525e-02 6.606187431046054437e-01 7.805687978801468319e+01
6.578937868273992962e-01 -2.346696038262209225e-02 -7.527450142898175489e-01 -4.766339408460443394e+01 -1.665108614208370488e-02 9.988168267565467051e-01 -4.569122391427297286e-02 -5.539636558261769039e+00 7.529266336660727088e-01 4.259399414900751774e-02 6.567246351708799779e-01 7.882926899177792279e+01
6.540087996981696072e-01 -2.668649087040856488e-02 -7.560160782376204036e-01 -4.856620603912719503e+01 -1.314970391752714497e-02 9.988255424648948555e-01 -4.663283202825291296e-02 -5.612043403876845638e+00 7.563726491609973346e-01 4.043966981401964089e-02 6.528897757345523134e-01 7.960299639440758313e+01
6.498365063279852860e-01 -3.028476362097527741e-02 -7.594704322616933068e-01 -4.946327581858351152e+01 -1.146615196149903745e-02 9.987015877495487581e-01 -4.963533012453848897e-02 -5.693475405765111574e+00 7.599875339078339120e-01 4.096305263655074941e-02 6.486455020029320284e-01 8.036999986301300680e+01
6.450195825741289468e-01 -3.405418009282285691e-02 -7.634068641015795409e-01 -5.037403489214189278e+01 -8.269266589279237328e-03 9.986369910811353501e-01 -5.153425343737710190e-02 -5.771630862896274472e+00 7.641213036770040379e-01 3.955341723355769445e-02 6.438588130995357428e-01 8.116473570894187617e+01
6.382510640673679791e-01 -3.769739831529424212e-02 -7.689047239274967582e-01 -5.129012265970783346e+01 -2.855438312488431472e-03 9.986775206830993401e-01 -5.133279796017044261e-02 -5.839920114162336695e+00 7.698229895608821316e-01 3.495877260050857943e-02 6.372993487120514056e-01 8.190044732019843821e+01
6.298832557815823296e-01 -4.187163470238666751e-02 -7.755603388649038310e-01 -5.222928286842458334e+01 2.846297354836292530e-03 9.986635150099376634e-01 -5.160506138289304434e-02 -5.918875352441162363e+00 7.766846158121272214e-01 3.029768836575497462e-02 6.291606064691203093e-01 8.266463205077505449e+01
6.205551460277014542e-01 -4.220382711881737886e-02 -7.830262680417858778e-01 -5.317069387952679449e+01 4.278132908990187402e-03 9.987179908115629834e-01 -5.043879843221026754e-02 -6.005492518102291122e+00 7.841511450521484461e-01 2.795016508149105600e-02 6.199401433023846719e-01 8.343371097260440195e+01
6.116508441804020535e-01 -4.219220495108424313e-02 -7.900019311344718131e-01 -5.416346041418622548e+01 7.142439347365574231e-03 9.988306570540674834e-01 -4.781531203369265848e-02 -6.068402917140509167e+00 7.910955950705247375e-01 2.360373464811741859e-02 6.112369709478281399e-01 8.420197749461495107e+01
6.030265434394526114e-01 -4.137138863418651086e-02 -7.966475911416446287e-01 -5.511244173919105549e+01 5.973699685778760017e-03 9.988604564189966784e-01 -4.735085524776466714e-02 -6.156158268677040191e+00 7.976987609178413097e-01 2.379488865545604376e-02 6.025865097759646183e-01 8.491611967790748849e+01
5.934049555159222056e-01 -4.136106617787490419e-02 -8.038406615370031760e-01 -5.607116843395117911e+01 2.889815031747115359e-03 9.987818907472298946e-01 -4.925833601584740651e-02 -6.224421192171601724e+00 8.048988869969339044e-01 2.690718943976345978e-02 5.928016504012953991e-01 8.561049517736424264e+01
5.832492229695028785e-01 -4.416790392339032395e-02 -8.110915658157765717e-01 -5.708403143214414399e+01 4.557799698008249689e-03 9.986828499398130443e-01 -5.110569123062600611e-02 -6.319592815976102784e+00 8.122804818117460579e-01 2.611056136905389596e-02 5.826823058112488019e-01 8.634815276330647293e+01
5.738591612371156669e-01 -4.472602864189632876e-02 -8.177317611616276016e-01 -5.814438148875979095e+01 3.125549371639915926e-03 9.986199029496071189e-01 -5.242633263801691618e-02 -6.384686670577290890e+00 8.189480477796063917e-01 2.752946985357970777e-02 5.732069744528452970e-01 8.706137138600679748e+01
5.631973099002082206e-01 -4.652555891027003454e-02 -8.250116060239944815e-01 -5.916662696976152347e+01 7.364545887334725781e-03 9.986566150249190921e-01 -5.129062978502389736e-02 -6.460275903061685199e+00 8.262896373323136423e-01 2.281090841152791024e-02 5.627833598612693722e-01 8.777700010344261727e+01
5.532418802595466811e-01 -4.619499344549946734e-02 -8.317388002882036835e-01 -6.014921295803461021e+01 7.911605502552238045e-03 9.987075480658590410e-01 -5.020597481740251417e-02 -6.537784242046281058e+00 8.329830969486909931e-01 2.119565814263480938e-02 5.528923194470569680e-01 8.839826405653734298e+01
5.428564795156056721e-01 -4.703658253918360788e-02 -8.385072389423348094e-01 -6.122758171376884917e+01 9.363530189004628038e-03 9.987072719910969898e-01 -4.996107629755320440e-02 -6.623495858850944273e+00 8.397732899614749336e-01 1.927030562729912036e-02 5.425951433714290006e-01 8.911031976324187553e+01
5.324578017959079590e-01 -4.752933778119885350e-02 -8.451210791230053809e-01 -6.229277114554972172e+01 7.869523193592018948e-03 9.986571032384630175e-01 -5.120606143928274623e-02 -6.702790514497258378e+00 8.464199735905396649e-01 2.061436646781527812e-02 5.321168003444191053e-01 8.975383505721609367e+01
5.222157306993920889e-01 -4.826180655889392157e-02 -8.514467191080085096e-01 -6.339172330529986255e+01 6.988771120500612485e-03 9.986060881616020124e-01 -5.231670610440854879e-02 -6.785808392244024212e+00 8.527847909428705186e-01 2.137004015638058543e-02 5.218250999189414374e-01 9.040047526117146504e+01
5.122321488940660972e-01 -4.930719545932293890e-02 -8.574304711094210552e-01 -6.445961559989237344e+01 6.356688228875138555e-03 9.985409462447104589e-01 -5.362435230771458311e-02 -6.866620413989038774e+00 8.588235152317115206e-01 2.201769852642887146e-02 5.117982063197199505e-01 9.102892304392565848e+01
