1 0 0 0 0 1 0 0 0 0 1 0
0.99986933 0.00061738667 0.01615362 -0.00084340797 -0.00061336306 0.99999978 -0.00025404023 -0.0032799703 -0.016153774 0.00024409902 0.99986949 0.10126561
0.99931089 0.0029549647 0.037000283 0.01734957 -0.00294392 0.9999956 -0.0003529869 0.0030195486 -0.037001167 0.00024381781 0.99931519 0.25973016
0.99799055 0.0049373536 0.063170294 0.051232572 -0.0049730108 0.99998755 0.00040723738 0.001477884 -0.063167502 -0.00072056557 0.99800268 0.41316177
0.995287 0.0042871619 0.096878273 0.1029107 -0.0046278456 0.99998387 0.0032921882 0.0027052404 -0.096862605 -0.0037250098 0.99529079 0.58304741
0.99093755 0.0012900332 0.13431717 0.19741789 -0.0020441971 0.99998291 0.005477039 0.0022493375 -0.13430782 -0.0057019744 0.99092326 0.77577494
0.98473441 -0.0020279727 0.17405178 0.23040081 0.0010226839 0.99998228 0.0058652937 -0.0067876267 -0.1740606 -0.0055977566 0.98471903 0.96191199
0.97610096 -0.0021975542 0.21730644 0.33369364 0.00069408633 0.9999753 0.006994738 -0.0092636578 -0.21731646 -0.0066767409 0.97607837 1.1812374
0.96434695 -0.0021518822 0.26463244 0.41938499 -0.00057422346 0.99994757 0.01022369 -0.00044935437 -0.26464059 -0.010011142 0.96429515 1.3795486
0.95004338 -0.0061327486 0.31205762 0.56966947 0.00084070811 0.9998536 0.017090246 0.014914251 -0.31211678 -0.015974126 0.94990945 1.6419441
0.93273386 -0.015778013 0.36022018 0.69558971 0.0072062152 0.9996583 0.025126691 -0.0012471044 -0.36049358 -0.020840692 0.93252885 1.8214073
0.9121942 -0.021492088 0.40919411 0.87057494 0.01005267 0.99949674 0.030086664 -0.0014489919 -0.40963484 -0.023331388 0.91195118 2.0582848
0.88673612 -0.023436388 0.46168146 1.0302375 0.0087503864 0.99938606 0.033925373 0.0034957547 -0.46219314 -0.026042963 0.8863968 2.3071935
0.85872909 -0.025205051 0.51180958 1.2352205 0.0063249527 0.99923484 0.038597059 0.021452651 -0.51239084 -0.029907246 0.85823144 2.5181463
0.8266064 -0.030598685 0.56194801 1.4565729 0.0076502781 0.99903951 0.043145498 0.020092065 -0.5627285 -0.031365286 0.82604653 2.7543392
0.79085813 -0.03634082 0.61091958 1.6799116 0.0098936052 0.99886416 0.046610234 0.025809412 -0.61191957 -0.030817886 0.79031938 2.9543497
0.75346976 -0.040891438 0.65620971 1.9399209 0.010935621 0.99870544 0.049677476 0.036885173 -0.65739164 -0.030254415 0.75294152 3.17018
0.71301348 -0.044177822 0.69975714 2.2269285 0.012233286 0.99864496 0.050582495 0.045446878 -0.70104362 -0.027505672 0.71258776 3.4050727
0.67167415 -0.046121151 0.73940965 2.5115067 0.011536256 0.99859042 0.051808268 0.064830197 -0.74075691 -0.026268255 0.67125943 3.5866095
0.6294104 -0.046293664 0.77569285 2.8536898 0.0068149099 0.99851432 0.054062005 0.083503275 -0.77704321 -0.028740911 0.62879079 3.83765
0.5878832 -0.047261635 0.80756401 3.1997534 0.0039521355 0.99844776 0.055555817 0.10423967 -0.80893621 -0.029468729 0.58715744 4.0250912
0.54721488 -0.048118236 0.83560783 3.5797798 0.0015996666 0.99840441 0.056445255 0.12162127 -0.83699066 -0.02955099 0.54641873 4.2200704
0.50905747 -0.050974508 0.85922176 4.0160048 0.00099975437 0.99827917 0.05863196 0.13849499 -0.86073199 -0.028988026 0.50823243 4.4312282
0.47122531 -0.050831099 0.8805469 4.4094673 -0.0017948223 0.99828064 0.058587983 0.16030495 -0.88201109 -0.029188565 0.47032386 4.6188957
0.43547606 -0.050066291 0.89880693 4.8749204 -0.0030663156 0.99836389 0.057097562 0.1865263 -0.90019513 -0.027620647 0.43461006 4.8107202
0.40116436 -0.048864624 0.91470177 5.3808345 -0.0017932544 0.99853232 0.054129441 0.20111947 -0.91600437 -0.023355095 0.40048795 5.0090928
0.37103689 -0.047142954 0.92742067 5.8981318 -0.00017132021 0.99870704 0.050835146 0.22780487 -0.92861815 -0.0190206 0.37054908 5.1684908
0.34648076 -0.045254517 0.9369648 6.4276864 0.0011502531 0.99885538 0.04781842 0.2479107 -0.93805641 -0.015490415 0.34613622 5.3611354
0.32527921 -0.044709849 0.94456042 6.995543 0.0018574638 0.99890991 0.046642772 0.27458673 -0.94561624 -0.013417437 0.32500767 5.5391214
0.3113 -0.045221637 0.94923508 7.5943322 0.0034610756 0.99891447 0.046453313 0.30283873 -0.95030543 -0.011175541 0.31111858 5.7164639
0.29790486 -0.046898246 0.9534428 8.1960175 0.0047479938 0.99885289 0.047648373 0.32654577 -0.9545838 -0.0096677406 0.2977858 5.903358
0.28676147 -0.048410433 0.95677804 8.8366056 0.0031306407 0.99876443 0.049596531 0.34677744 -0.95799694 -0.011227045 0.28655871 6.0829139
0.27745806 -0.050325457 0.95941873 9.484317 0.0016035134 0.99864998 0.051919571 0.37831753 -0.96073645 -0.012867062 0.27716418 6.2818322
0.26662596 -0.052145154 0.96238838 10.182195 0.00061428036 0.99854431 0.053934008 0.40835776 -0.96379993 -0.01378903 0.26626987 6.4700402
0.25691065 -0.05393274 0.96492907 10.89182 -0.00026439181 0.99843768 0.055876029 0.43116696 -0.96643517 -0.014610265 0.25649501 6.6688073
0.24734588 -0.055678651 0.96732612 11.625987 -0.00010088421 0.99834608 0.057489935 0.46819422 -0.96892729 -0.014317486 0.24693117 6.8527595
0.23597646 -0.056987067 0.97008634 12.392978 -0.0010894039 0.99826286 0.058907279 0.49527304 -0.9717582 -0.014957546 0.23550446 7.0264415
0.22595556 -0.059878076 0.97229554 13.142702 -0.0022409096 0.99807448 0.061986425 0.53017232 -0.97413507 -0.016185003 0.2253863 7.2172985
0.21482497 -0.06337358 0.97459424 13.91914 -0.0046201717 0.99781541 0.065901951 0.56949646 -0.97664168 -0.018660177 0.21406287 7.3852346
0.20220104 -0.067078161 0.9770441 14.727969 -0.0041527715 0.9975839 0.069347727 0.61626543 -0.97933527 -0.018079623 0.20143394 7.55066
0.18925123 -0.069385353 0.97947413 15.50099 -0.0056254139 0.99740731 0.071742654 0.65320408 -0.98191263 -0.019087332 0.18837024 7.6933797
0.1755786 -0.070470293 0.98193992 16.286236 -0.0058014462 0.99734331 0.072613083 0.69017334 -0.98444836 -0.018445975 0.17470332 7.8431414
0.16038895 -0.069513155 0.98460308 17.094671 -0.0076829515 0.99739895 0.071668075 0.73101719 -0.98702403 -0.019059424 0.1594377 7.9619605
0.14462905 -0.068506233 0.98711157 17.911797 -0.0083217953 0.99748094 0.070445161 0.7717704 -0.98945099 -0.018402957 0.14369462 8.0904372
0.12308982 -0.066950363 0.99013457 18.712083 -0.011226902 0.99756396 0.068848405 0.80703811 -0.99233207 -0.01959068 0.12203832 8.1741057
0.098463932 -0.065694538 0.99296979 19.543859 -0.015550309 0.99759521 0.067542538 0.84728042 -0.99501916 -0.02209149 0.097205574 8.2693691
0.068980349 -0.064942793 0.99550191 20.37797 -0.019681541 0.99759608 0.066443181 0.88926119 -0.9974239 -0.024176285 0.06753635 8.3333365
0.035722406 -0.06478879 0.99725936 21.227628 -0.022344216 0.99759508 0.065610983 0.93011674 -0.99911197 -0.02462676 0.03418884 8.3534225
0.000579794 -0.064281397 0.9979316 22.051208 -0.023882386 0.99764629 0.064276894 0.96263959 -0.99971465 -0.023870255 -0.00095676535 8.3544981
-0.0321458 -0.063408081 0.99746979 22.909037 -0.024849673 0.99772781 0.062623643 0.99614793 -0.99917427 -0.022773711 -0.03364843 8.3115351
-0.0667216 -0.060816048 0.99591644 23.763273 -0.027831316 0.99786577 0.05907052 1.0235721 -0.99738344 -0.023776385 -0.068271793 8.2487622
-0.09891647 -0.057924261 0.99340839 24.614703 -0.02919269 0.99804361 0.055287736 1.0628478 -0.99466748 -0.023531395 -0.10041392 8.1685036
-0.13012966 -0.053269345 0.99006493 25.456503 -0.027063372 0.99837449 0.050159345 1.0891739 -0.9911276 -0.020267277 -0.13135978 8.0388048
-0.16138148 -0.048208791 0.98571388 26.272094 -0.022501147 0.99872627 0.045161297 1.1048653 -0.9866356 -0.014891496 -0.16226068 7.8734064
-0.19443177 -0.042055486 0.98001405 27.092775 -0.017088163 0.99907411 0.039483174 1.1197187 -0.98076723 -0.0090698556 -0.1949704 7.6579564
-0.22422925 -0.036269123 0.97386124 27.896385 -0.010537517 0.99933903 0.034791744 1.1388987 -0.97447949 -0.0024607517 -0.22446323 7.4877554
-0.25012963 -0.029643328 0.96775842 28.71539 -0.0017585129 0.99954346 0.030162423 1.1534889 -0.9682108 0.0058427011 -0.25006757 7.2611737
-0.27657753 -0.019316356 0.96079741 29.552194 0.0043971415 0.99976206 0.021365494 1.1497526 -0.96098159 0.010133979 -0.27642679 7.0151939
-0.30261522 -0.0041236735 0.95310385 30.316025 0.00878067 0.99993614 0.007114204 1.141878 -0.9530724 0.010521758 -0.30255969 6.7386278
-0.32779254 0.01292869 0.94466122 31.096411 0.0091422949 0.99990295 -0.010512401 1.1195156 -0.94470553 0.0051904856 -0.32787893 6.4767883
-0.35271828 0.027522579 0.93532467 31.885438 0.0082843058 0.99962002 -0.026290436 1.096925 -0.93569293 -0.0015246012 -0.35281226 6.1983423
-0.37675937 0.038624062 0.92550553 32.646154 0.011866138 0.99924958 -0.03687109 1.0486762 -0.9262352 -0.0029093518 -0.37693496 5.8650741
-0.40097415 0.043327604 0.91506414 33.439002 0.016043255 0.99905984 -0.040274704 0.99992359 -0.91594892 -0.0014685071 -0.40129228 5.5308348
-0.42332966 0.04220804 0.90499194 34.155872 0.018220403 0.99910877 -0.038074577 0.9560098 -0.90579252 0.00037122059 -0.42372143 5.1584217
-0.44316566 0.039063097 0.89558819 34.904757 0.022427173 0.99922055 -0.032485572 0.91713118 -0.89615918 0.0056890215 -0.44369632 4.7780078
-0.46199601 0.037596992 0.88608469 35.630513 0.030019182 0.99919146 -0.026744453 0.88079666 -0.88637385 0.014243708 -0.46275111 4.4067442
-0.47458409 0.038640732 0.87936157 36.317606 0.033678788 0.99910155 -0.02572616 0.84080442 -0.87956566 0.017406607 -0.47545908 3.9870271
-0.4863967 0.042092993 0.87272353 37.023024 0.036460882 0.99894665 -0.027860142 0.78686726 -0.87297704 0.01826919 -0.4874191 3.6005681
-0.49632803 0.044631999 0.86698697 37.716937 0.037684058 0.99884387 -0.029846751 0.74617621 -0.86731681 0.017857809 -0.49743613 3.1942009
-0.50678549 0.043646823 0.86096653 38.400603 0.031622125 0.99898654 -0.032030227 0.69421994 -0.86149206 0.010993138 -0.50765209 2.7897034
-0.5185464 0.042407648 0.85399717 39.101359 0.029823727 0.99905864 -0.031502141 0.66683887 -0.85452925 0.0091340576 -0.51932301 2.3846763
-0.52680145 0.04402871 0.84884724 39.765903 0.031926274 0.99897777 -0.032002099 0.62536026 -0.8493886 0.010241778 -0.52766861 1.9557017
-0.53362389 0.047383284 0.84439346 40.458697 0.036224109 0.99879354 -0.03315524 0.58256739 -0.84494581 0.012894974 -0.53469651 1.5123291
-0.5378946 0.050526315 0.84149654 41.163003 0.036973614 0.99865568 -0.03632871 0.54313247 -0.84220093 0.011572152 -0.53903964 1.0751847
-0.53820208 0.051809992 0.84122184 41.817167 0.03603403 0.99861063 -0.038449333 0.49939014 -0.84204521 0.0096191029 -0.53932124 0.63827832
-0.53451168 0.052816707 0.8435091 42.572736 0.03855468 0.99853018 -0.038092237 0.45620144 -0.84428127 0.012160479 -0.53576238 0.17661626
-0.52872426 0.051633125 0.8472217 43.307924 0.036886914 0.99860281 -0.037838946 0.40921249 -0.84799179 0.011245026 -0.52989012 -0.27876772
-0.52158138 0.050270734 0.85171923 44.061877 0.034509711 0.99868881 -0.037811986 0.3672882 -0.85250337 0.0096705577 -0.52263232 -0.73058105
-0.51453793 0.049635577 0.85602977 44.858238 0.032743225 0.99873241 -0.038228843 0.32046504 -0.85684226 0.0083589868 -0.51551094 -1.2007629
-0.50833354 0.048330639 0.85980294 45.669415 0.030097105 0.998811 -0.038350421 0.27296468 -0.86063421 0.0063827748 -0.50918375 -1.6676197
-0.50389448 0.046305383 0.8625231 46.470552 0.025726258 0.99892357 -0.03859864 0.22114297 -0.86338206 0.0027398509 -0.50454334 -2.1146756
-0.50227971 0.042874863 0.86364158 47.318627 0.020751417 0.99908002 -0.037529923 0.17662175 -0.86445621 -0.00092873187 -0.50270734 -2.5905551
-0.50269087 0.040803581 0.86350269 48.166061 0.018338303 0.99916398 -0.036538357 0.13081844 -0.86427175 -0.0025323236 -0.50301887 -3.0738902
-0.50380543 0.039432015 0.86291665 49.030507 0.016612066 0.9992151 -0.035961544 0.079714954 -0.86365745 -0.003782792 -0.50406504 -3.5426891
-0.50403524 0.039025458 0.86280092 49.896523 0.016841305 0.9992328 -0.035357989 0.030769066 -0.86351891 -0.003290978 -0.50430578 -4.0604154
-0.50396635 0.038317522 0.86287289 50.771069 0.016430271 0.99926 -0.034777848 -0.018397982 -0.86356703 -0.0033496289 -0.50422299 -4.5778772
-0.50387073 0.037652281 0.86295801 51.640721 0.016876983 0.99928792 -0.033746313 -0.06777282 -0.86361422 -0.0024396511 -0.5041474 -5.072971
-0.50484991 0.037097653 0.86240957 52.552241 0.016168632 0.9993072 -0.033521449 -0.13228827 -0.86305574 -0.0029793167 -0.50509998 -5.5746802
-0.50499173 0.03560861 0.86238931 53.443907 0.014571907 0.99935796 -0.03273122 -0.18226661 -0.8630012 -0.0039623381 -0.50518639 -6.0874549
-0.50492308 0.035120291 0.86244952 54.338172 0.014299112 0.99937513 -0.032324666 -0.23006185 -0.86304593 -0.003989207 -0.50510976 -6.596423
-0.50446828 0.034414509 0.86274407 55.242719 0.013304469 0.99939656 -0.03208606 -0.28035009 -0.86332776 -0.0047080463 -0.50462173 -7.1135511
-0.50264598 0.032968032 0.86386345 56.132745 0.012535636 0.99944546 -0.03084835 -0.34215375 -0.86440149 -0.0046767203 -0.50278052 -7.6328736
-0.50086269 0.03096188 0.86497275 57.015211 0.013150879 0.99951684 -0.028162893 -0.38972361 -0.86542688 -0.0027305896 -0.50102787 -8.1520886
-0.49831339 0.029610956 0.86649114 57.913698 0.013932312 0.99956104 -0.026146026 -0.44086861 -0.86688507 -0.0009566893 -0.4985072 -8.6460359
-0.49573101 0.02880276 0.86799833 58.795305 0.013229535 0.99958438 -0.025613525 -0.49351162 -0.86837539 -0.0012142037 -0.49590602 -9.1638897
-0.49356071 0.029308788 0.86921732 59.689575 0.014041082 0.99957028 -0.02573127 -0.54204506 -0.86959803 -0.00049519116 -0.49376015 -9.6600718
-0.49260378 0.030028274 0.86973545 60.580244 0.014339465 0.99954891 -0.026388545 -0.58861149 -0.8701356 -0.00052755505 -0.49281216 -10.15189
-0.49317435 0.031333263 0.86936599 61.47611 0.013687544 0.99950692 -0.028259062 -0.64170749 -0.86982284 -0.0020371589 -0.49336006 -10.646866
-0.49646144 0.033176833 0.8674245 62.347968 0.012097782 0.99943676 -0.031301933 -0.69726936 -0.86797451 -0.0050462899 -0.49658318 -11.139466
-0.50041989 0.033564099 0.86513197 63.219871 0.011196858 0.99941559 -0.032297213 -0.74684033 -0.86571048 -0.0064754075 -0.50050325 -11.642123
-0.50680676 0.032002236 0.86146544 64.081922 0.010736196 0.99946752 -0.030812631 -0.79939775 -0.86199287 -0.0063671873 -0.50688048 -12.143504
-0.512451 0.030265585 0.85818291 64.953436 0.014454029 0.99954113 -0.026619866 -0.85121091 -0.85859485 -0.0012371757 -0.51265331 -12.646305
-0.51794427 0.028207951 0.85494911 65.814425 0.011637418 0.99959602 -0.025930222 -0.90332721 -0.85533524 -0.0034810089 -0.51806329 -13.149743
-0.52261293 0.030331437 0.85203032 66.651971 0.012576496 0.99953249 -0.027868276 -0.95872737 -0.85247734 -0.0038487652 -0.52275007 -13.665763
-0.52768996 0.032647059 0.84880941 67.488009 0.013046423 0.99945478 -0.030330473 -1.0039202 -0.8493369 -0.0049311592 -0.52782818 -14.178333
-0.53226368 0.032875766 0.84594001 68.3308 0.011543209 0.99943463 -0.031578064 -1.0596359 -0.84649996 -0.0070429937 -0.53234225 -14.698993
-0.53666035 0.033351695 0.84313894 69.154907 0.010659002 0.99940678 -0.03274863 -1.1103833 -0.84373107 -0.0085878707 -0.53669749 -15.200804
-0.53877853 0.032257035 0.84182962 69.96832 0.010259787 0.99944381 -0.031730101 -1.1685572 -0.842385 -0.008458504 -0.53880982 -15.747205
-0.54217044 0.025599053 0.83987847 70.79959 0.011884682 0.99966946 -0.022797426 -1.2208032 -0.84018452 -0.002378401 -0.54229546 -16.262994
-0.5439567 0.01795577 0.83892111 71.620437 0.013219797 0.99983032 -0.012828054 -1.247795 -0.83900918 0.004112462 -0.54410178 -16.79994
-0.54623028 0.01511129 0.8374987 72.430349 0.013254834 0.999868 -0.0093959586 -1.2878375 -0.83753021 0.0059685501 -0.54635848 -17.309206
-0.54649098 0.020397191 0.83721652 73.242938 0.013474055 0.9997881 -0.015562782 -1.3177788 -0.83735662 0.0027757821 -0.54665002 -17.847604
-0.54920264 0.025156554 0.83531045 74.030761 0.013535835 0.99968347 -0.021207293 -1.364856 -0.83557962 -0.00034047648 -0.54936932 -18.345394
-0.54875399 0.030380979 0.83543162 74.829103 0.019874273 0.99953109 -0.023294121 -1.3966619 -0.83574765 0.0038208556 -0.54910047 -18.88276
-0.54838105 0.031592552 0.83563154 75.623304 0.023594983 0.99947279 -0.022302717 -1.4359955 -0.83589566 0.0074863262 -0.54883736 -19.417428
-0.54800189 0.028693897 0.83598477 76.418564 0.023031544 0.99955015 -0.019210468 -1.4826093 -0.83615999 0.008726648 -0.54841624 -19.934191
-0.5468986 0.023529246 0.83686811 77.225888 0.021193395 0.99967374 -0.014256644 -1.5089408 -0.83693059 0.0099391383 -0.54721884 -20.4621
-0.54617257 0.01772594 0.83748508 78.038167 0.019489686 0.99977434 -0.0084505474 -1.5380605 -0.83744596 0.011706865 -0.5463948 -20.977915
-0.54539579 0.011136029 0.83810462 78.835297 0.010633729 0.99992319 -0.0063662485 -1.5744377 -0.83811122 0.0054400527 -0.54547232 -21.477929
-0.54407301 0.0057589778 0.83901808 79.624469 0.00182178 0.9999822 -0.0056824672 -1.5994414 -0.83903594 -0.0015631699 -0.54407381 -21.970905
-0.54292827 0.0062963042 0.83975544 80.438535 0.0049256835 0.99997857 -0.004313012 -1.6270522 -0.83976466 0.0017947142 -0.54294765 -22.484538
-0.53990733 0.0094849612 0.84167098 81.217495 0.010334894 0.99993583 -0.0046389465 -1.6544157 -0.84166105 0.00619398 -0.53997072 -22.987284
-0.53422181 0.012615285 0.84525017 82.005548 0.011097418 0.99990714 -0.0079096466 -1.6816317 -0.84527154 0.0051545896 -0.53431219 -23.484602
-0.52644501 0.015044587 0.85007603 82.789495 0.016540621 0.99983543 -0.0074515481 -1.7068152 -0.8500483 0.010137956 -0.52660722 -23.971779
-0.51856448 0.01800768 0.85484884 83.59379 0.024666071 0.99967716 -0.0060957184 -1.738827 -0.8546827 0.01792474 -0.51884125 -24.459654
-0.50887245 0.017322386 0.86066759 84.401145 0.022777241 0.99971842 -0.0066539018 -1.7630025 -0.86054058 0.016217647 -0.50912372 -24.935836
-0.49836219 0.014619506 0.86684562 85.207467 0.018926511 0.99980299 -0.0059807279 -1.7863688 -0.86676235 0.013425795 -0.49854071 -25.379941
-0.48606259 0.011905561 0.87384286 86.022011 0.020517098 0.99978706 -0.0022091284 -1.8107724 -0.87368316 0.016854946 -0.48620336 -25.829695
-0.47563236 0.01043427 0.87958224 86.843634 0.019664952 0.99980587 -0.0012266689 -1.8366585 -0.87942436 0.0167135 -0.47574522 -26.263818
-0.46483224 0.0094386393 0.88534843 87.659587 0.019417542 0.99981135 -0.00046417747 -1.8592756 -0.88518587 0.016975527 -0.46492782 -26.682468
-0.45165535 0.011180019 0.8921224 88.482031 0.022710908 0.99974154 -0.0010308296 -1.8740404 -0.89190343 0.019795331 -0.45179253 -27.096783
-0.43934924 0.014045795 0.89820649 89.316395 0.022433022 0.99973748 -0.004660594 -1.9021841 -0.89803623 0.018101859 -0.439549 -27.494333
-0.42798405 0.023801691 0.90347278 90.143889 0.024457503 0.99959208 -0.014748159 -1.9281688 -0.90345534 0.015784712 -0.4283916 -27.877942
-0.4146189 0.029731152 0.90950929 90.980853 0.026306713 0.99944002 -0.020678449 -1.9487221 -0.90961486 0.015352525 -0.41516886 -28.253715
-0.40365034 0.024833876 0.91457619 91.824659 0.021242058 0.99961647 -0.017767779 -1.9880224 -0.91466674 0.012255512 -0.40402305 -28.614028
-0.39206254 0.021933123 0.91967703 92.661638 0.024002122 0.9996193 -0.013607429 -2.0250292 -0.91962543 0.016739238 -0.39243972 -28.965704
-0.38241548 0.022704039 0.92371146 93.496319 0.021231746 0.99965003 -0.015780625 -2.0589654 -0.92374655 0.013577253 -0.38276369 -29.296878
-0.37496196 0.026322986 0.92666637 94.359998 0.015188897 0.99963706 -0.022249834 -2.1008276 -0.9269158 0.0057321995 -0.37522569 -29.633297
-0.37050291 0.030233459 0.92833909 95.207292 0.0052980868 0.99952264 -0.030437228 -2.1438193 -0.92881623 -0.0063586598 -0.37048622 -29.962182
-0.36665207 0.033330677 0.92976086 96.028042 0.0049110741 0.99941347 -0.033890941 -2.1828216 -0.93034521 -0.0078600586 -0.36660071 -30.272598
-0.3632102 0.033092248 0.93111931 96.881936 0.0041680683 0.99941675 -0.033893681 -2.2292777 -0.93169794 -0.0084295611 -0.36313629 -30.592309
-0.3579001 0.032821417 0.93318283 97.738609 0.0024947881 0.9994121 -0.034193979 -2.2814298 -0.93375659 -0.0099099345 -0.35777157 -30.91513
-0.35246063 0.029446882 0.9353632 98.578314 0.002213182 0.99952825 -0.030632945 -2.3196218 -0.93582406 -0.0087267777 -0.35235953 -31.21561
-0.34704954 0.025266811 0.93750634 99.440241 0.0011545292 0.99964777 -0.0265142 -2.369679 -0.93784613 -0.0081193619 -0.34695647 -31.529432
-0.34143181 0.021709279 0.93965576 100.28645 -0.0020981538 0.99971313 -0.023859191 -2.4140961 -0.93990425 -0.010117828 -0.34128831 -31.830329
-0.33581605 0.02076436 0.94169865 101.13378 -0.0055302589 0.99969629 -0.024015328 -2.458664 -0.94191139 -0.013272569 -0.33559923 -32.122646
-0.32934726 0.020159545 0.94399359 101.988 -0.018024463 0.99945563 -0.027632472 -2.4943741 -0.94403685 -0.026115657 -0.32880461 -32.391074
-0.32269028 0.024165814 0.94619603 102.83079 -0.013738424 0.99944912 -0.03021124 -2.536609 -0.94640494 -0.022748115 -0.32218051 -32.673448
-0.31572934 0.02778563 0.94844234 103.68464 -0.013147529 0.99934707 -0.03365365 -2.5873519 -0.94875824 -0.023095117 -0.31515788 -32.94915
-0.30926779 0.026127035 0.95061598 104.53675 -0.013929846 0.99939081 -0.03199943 -2.6275755 -0.950873 -0.023138327 -0.30871544 -33.215623
-0.30214196 0.021000755 0.95303154 105.40169 -0.014684727 0.99953613 -0.026681052 -2.6703846 -0.95314987 -0.022056473 -0.30169342 -33.479854
-0.29509002 0.018301722 0.95529412 106.24726 -0.015171598 0.99960073 -0.023837057 -2.7104826 -0.95534903 -0.021527416 -0.29469454 -33.728982
-0.28885477 0.020869037 0.9571454 107.10021 -0.018488946 0.99945434 -0.027371252 -2.7576804 -0.95719442 -0.025602926 -0.28831131 -33.974465
-0.28227682 0.023987506 0.95903301 107.96816 -0.017685039 0.99938735 -0.030202177 -2.7985035 -0.95917001 -0.02548591 -0.28167966 -34.220404
-0.27568412 0.025058623 0.96092157 108.81716 -0.018969619 0.99932365 -0.031502358 -2.8359898 -0.96106113 -0.026913015 -0.27502231 -34.451914
-0.26847628 0.024058956 0.96298576 109.68925 -0.01981819 0.99933851 -0.030492406 -2.8824625 -0.96308245 -0.027271123 -0.26782189 -34.690451
-0.26086129 0.023934959 0.96507949 110.54601 -0.016740881 0.99943011 -0.029311953 -2.9267589 -0.96523117 -0.023802635 -0.26031194 -34.915964
-0.25284682 0.024965071 0.96718414 111.40441 -0.01256798 0.99949794 -0.02908475 -2.9738713 -0.96742473 -0.019509537 -0.25240611 -35.138721
-0.24626027 0.025646849 0.9688643 112.28359 -0.010701836 0.99951693 -0.029178385 -3.0148592 -0.96914469 -0.017554104 -0.24586684 -35.360225
-0.23961688 0.024368831 0.97056161 113.13333 -0.017352975 0.99941775 -0.029377533 -3.0549559 -0.97071247 -0.023881483 -0.23905449 -35.553132
-0.23369777 0.022613509 0.97204625 114.00597 -0.021365617 0.99936868 -0.028385818 -3.098351 -0.97207456 -0.02740207 -0.23306708 -35.745178
-0.22863146 0.022662262 0.9732492 114.89479 -0.019357826 0.99942552 -0.027819236 -3.1379698 -0.97332061 -0.025200341 -0.22806142 -35.953981
-0.2244286 0.022937147 0.97422052 115.74687 -0.017164846 0.99947481 -0.027485955 -3.1841086 -0.97433939 -0.022890979 -0.22391702 -36.141372
-0.21970651 0.024619553 0.97525527 116.62615 -0.016020964 0.99945565 -0.02883969 -3.2253912 -0.9754345 -0.021960796 -0.21919248 -36.33631
-0.21412077 0.0236554 0.97652068 117.48024 -0.010344891 0.99959574 -0.026482687 -3.2631325 -0.97675246 -0.015772493 -0.2137895 -36.521642
-0.20871102 0.022623901 0.9777156 118.35077 -0.0026981087 0.99971526 -0.023708922 -3.3054787 -0.97797368 -0.0075862956 -0.20859055 -36.712753
-0.20391779 0.02162135 0.97874919 119.24325 8.1529923e-05 0.99975646 -0.02206843 -3.3444095 -0.97898805 -0.0044203472 -0.20386989 -36.905639
-0.19968372 0.022907636 0.97959255 120.0976 -0.0018365039 0.99971618 -0.023752582 -3.3813485 -0.97985872 -0.0065420289 -0.19958498 -37.066865
-0.19614571 0.0254005 0.98024568 120.96281 -0.0030394266 0.99964389 -0.026511338 -3.4184536 -0.98057009 -0.0081794693 -0.19599866 -37.223475
-0.19422454 0.024453377 0.98065222 121.85152 -0.0049337214 0.99965225 -0.025904312 -3.4610463 -0.98094473 -0.0098695173 -0.19403635 -37.397142
-0.19313045 0.023152282 0.98089985 122.69811 -0.0073852877 0.99965894 -0.025049151 -3.5006081 -0.98114533 -0.012081981 -0.1928936 -37.554793
-0.19223133 0.018953272 0.98116656 123.59002 -0.0059510337 0.99977258 -0.020478618 -3.5361627 -0.98133164 -0.0097755864 -0.19207482 -37.724105
-0.19151156 0.013451176 0.98139814 124.44641 -0.0060439335 0.99987096 -0.014883788 -3.5769822 -0.98147179 -0.0087819218 -0.19140555 -37.879789
-0.19047252 0.011264266 0.98162786 125.30616 -0.0038993487 0.9999176 -0.012230761 -3.6057567 -0.98168483 -0.0061573323 -0.1904129 -38.045053
-0.18955356 0.01596882 0.98174048 126.18378 -0.005936821 0.99983082 -0.017409349 -3.6402877 -0.98185247 -0.009128421 -0.18942669 -38.206713
-0.18896756 0.020296857 0.98177351 127.02816 -0.004861266 0.99975478 -0.02160427 -3.6745413 -0.98197134 -0.0088551677 -0.18882256 -38.359646
-0.18944511 0.019151972 0.98170447 127.87384 -0.0079500589 0.99974706 -0.02103813 -3.7038661 -0.98185917 -0.011790179 -0.18924493 -38.52183
-0.18881222 0.018110296 0.98184616 128.74053 -0.010341867 0.99973781 -0.020429083 -3.7451125 -0.98195879 -0.014011383 -0.18857542 -38.674084
-0.18813695 0.018652979 0.98196562 129.5709 -0.0036308226 0.99979959 -0.019687381 -3.7788205 -0.98213613 -0.007269266 -0.18803152 -38.837647
-0.18731104 0.02117317 0.98207239 130.42868 -0.0061894469 0.99972238 -0.022734212 -3.8209267 -0.98228119 -0.010336853 -0.187128 -38.994196
-0.18750623 0.02241433 0.9820076 131.24904 -0.016822113 0.99951971 -0.026026086 -3.8524615 -0.9821194 -0.021399496 -0.18703911 -39.129789
-0.1871131 0.023664101 0.98205327 132.08225 -0.021262841 0.99937802 -0.028132829 -3.8893491 -0.98210827 -0.026145263 -0.18649356 -39.274428
-0.18708168 0.027043288 0.98197201 132.9265 -0.021380025 0.99927212 -0.031592971 -3.939545 -0.98211171 -0.026905052 -0.18636732 -39.42742
-0.18664096 0.027962503 0.98203013 133.7431 -0.018045099 0.99932865 -0.031884646 -3.9791828 -0.98226249 -0.023671811 -0.18601107 -39.579973
-0.18490101 0.029140105 0.98232499 134.56747 -0.019093612 0.99926511 -0.033236574 -4.0259958 -0.98257169 -0.024901608 -0.18420874 -39.725534
-0.18318719 0.028382444 0.98266821 135.3942 -0.013637868 0.99941359 -0.031408446 -4.0644438 -0.98298349 -0.019155124 -0.18269269 -39.884054
-0.17966712 0.025589779 0.98339453 136.2176 -0.0048454489 0.99962646 -0.026897431 -4.1098316 -0.98371557 -0.0095975713 -0.17947602 -40.032948
-0.17768209 0.020924792 0.98386541 137.01338 0.0010413361 0.99977735 -0.021075144 -4.1445588 -0.98408743 -0.0027201402 -0.17766432 -40.185867
-0.17356276 0.020988329 0.98459909 137.84327 0.0057723208 0.99977739 -0.020294347 -4.1773296 -0.98480594 0.0021610798 -0.17364528 -40.329156
-0.16887487 0.025070113 0.98531857 138.64042 0.0016792601 0.99968233 -0.025147768 -4.2260708 -0.98563611 -0.0025922192 -0.16886333 -40.45457
-0.16217123 0.028608199 0.9863478 139.45882 0.0039102599 0.99959043 -0.02834938 -4.2632995 -0.98675493 -0.00074057671 -0.16221668 -40.589237
-0.15434703 0.028984817 0.98759141 140.26168 -0.00021341222 0.99956859 -0.029369687 -4.3003017 -0.98801672 -0.0047438871 -0.15427426 -40.702104
-0.14422086 0.025688861 0.98921198 141.05455 0.0098461838 0.99965074 -0.024524433 -4.3256483 -0.98949658 0.0062030293 -0.14442342 -40.819532
-0.13235997 0.024182165 0.99090664 141.85155 0.018518115 0.9995882 -0.021920479 -4.3628908 -0.99102876 0.015448331 -0.13275328 -40.92727
-0.11896365 0.025889749 0.99256097 142.63372 0.015059709 0.99959205 -0.024268159 -4.4088258 -0.99278444 0.012060651 -0.11930501 -41.016857
-0.10474552 0.027137102 0.9941287 143.44829 0.012210207 0.99958738 -0.02599959 -4.4460207 -0.99442414 0.0094151781 -0.10503365 -41.094762
-0.090722646 0.027532344 0.9954955 144.22085 0.018046075 0.99949908 -0.025998473 -4.4771504 -0.99571272 0.015606137 -0.091174054 -41.164915
-0.077119327 0.028837482 0.9966047 145.00683 0.020804146 0.99941053 -0.027308802 -4.5144349 -0.99680484 0.018627474 -0.077673809 -41.218986
-0.062969576 0.035020457 0.99740078 145.80899 0.019492116 0.99923668 -0.033854308 -4.5594044 -0.99782512 0.017309661 -0.063604134 -41.258963
-0.049961071 0.044064512 0.9977786 146.56836 0.011540815 0.99898503 -0.043539914 -4.6081402 -0.99868453 0.0093398783 -0.050418904 -41.283681
-0.037059789 0.052562396 0.9979297 147.30326 0.0026182103 0.99861742 -0.052501386 -4.6522219 -0.99930966 0.00066710038 -0.037146172 -41.283843
-0.023645553 0.053710746 0.99827649 148.08104 0.0029712975 0.99855509 -0.053655355 -4.7003369 -0.99971603 0.0016974669 -0.023770979 -41.294441
-0.011883747 0.049536598 0.99870157 148.83486 0.0018279026 0.99877154 -0.049518316 -4.7502416 -0.99992776 0.0012370669 -0.011959698 -41.28564
-0.00067473293 0.046771728 0.99890533 149.62091 0.0023860858 0.99890284 -0.046769997 -4.8055725 -0.99999697 0.0023519175 -0.00078559553 -41.274602
0.0082206023 0.052739278 0.99857444 150.36047 -0.0033121389 0.99860418 -0.05271358 -4.8701626 -0.99996077 -0.0028740791 0.0083838061 -41.252731
0.015142509 0.061463089 0.99799444 151.11917 -0.011566173 0.99805291 -0.061291195 -4.9217075 -0.99981849 -0.010614873 0.015823916 -41.234174
0.01783914 0.064673893 0.99774695 151.86569 -0.01731817 0.99777607 -0.06436614 -4.975287 -0.99969092 -0.016130914 0.018919499 -41.202287
0.017825632 0.060444994 0.99801231 152.63795 -0.01919653 0.99800765 -0.060101838 -5.0300629 -0.99965685 -0.01808702 0.018950449 -41.180427
0.01678219 0.054781888 0.99835726 153.38246 -0.011057947 0.99844702 -0.05460093 -5.0972283 -0.99979806 -0.010123458 0.017361901 -41.165627
0.013353815 0.052426638 0.99853545 154.12888 -0.014082061 0.99853535 -0.052238306 -5.1491147 -0.99981171 -0.013363856 0.01407253 -41.146129
0.010273005 0.052518178 0.99856708 154.87844 -0.013870737 0.99853123 -0.052373592 -5.2003431 -0.99985107 -0.013312826 0.010986381 -41.135456
0.0073117699 0.05302453 0.9985664 155.63457 -0.012558683 0.99851925 -0.052930067 -5.2596093 -0.99989445 -0.012153666 0.0079668597 -41.135799
0.0021895409 0.051096324 0.99869129 156.37366 -0.010152117 0.99864339 -0.051071614 -5.3104918 -0.99994611 -0.010027007 0.0027053049 -41.123811
-0.0029920633 0.051418385 0.99867268 157.11492 -0.014233235 0.99857383 -0.051455937 -5.3605161 -0.99989427 -0.014368301 -0.0022559477 -41.123804
-0.0088370434 0.049644378 0.99872782 157.84428 -0.012743608 0.99868016 -0.049754766 -5.4071499 -0.99987979 -0.01316708 -0.0081927329 -41.124895
-0.014594998 0.046861433 0.99879473 158.58837 -0.008980759 0.99885473 -0.046995479 -5.4583857 -0.9998532 -0.009655833 -0.014157433 -41.136383
-0.020084611 0.046700686 0.99870695 159.32633 -0.011244863 0.99883475 -0.046932801 -5.5118941 -0.99973509 -0.012172949 -0.019536066 -41.146766
-0.025693821 0.047975316 0.99851796 160.03925 -0.013461176 0.9987406 -0.048332394 -5.5565783 -0.99957927 -0.014683069 -0.02501566 -41.159567
-0.029718877 0.050269443 0.99829339 160.75661 -0.01473161 0.99860407 -0.050723641 -5.6096026 -0.99944977 -0.016213918 -0.028936843 -41.175255
-0.031910742 0.05248523 0.99811168 161.46961 -0.014013328 0.99849864 -0.052953599 -5.6606159 -0.99939252 -0.015676654 -0.031127342 -41.194095
-0.033616012 0.054275193 0.99795996 162.18444 -0.014567646 0.99839166 -0.054789377 -5.718271 -0.99932869 -0.016379727 -0.032771285 -41.216161
-0.032473891 0.052221796 0.99810733 162.91002 -0.0086033581 0.99858247 -0.052526568 -5.7679945 -0.9994356 -0.010292816 -0.031978577 -41.244077
-0.02893181 0.048346513 0.99841148 163.6287 -0.0026876908 0.99882227 -0.048444287 -5.8097286 -0.99957782 -0.0040850015 -0.028767797 -41.26928
-0.021502457 0.048032322 0.99861427 164.33083 -0.0021740041 0.99884064 -0.04809002 -5.8640575 -0.99976647 -0.0032050443 -0.021373107 -41.275519
-0.010939332 0.049115039 0.99873318 165.02502 -9.9529e-05 0.99879293 -0.049119066 -5.9152081 -0.9999402 -0.00063673184 -0.01092124 -41.274282
0.003326777 0.049450424 0.998771 165.70026 0.0014804182 0.99877523 -0.049455563 -5.9630445 -0.99999341 0.0016431273 0.0032494936 -41.268244
0.018477326 0.047482946 0.99870109 166.4044 -0.00019040276 0.99887181 -0.047487538 -6.0105745 -0.9998293 0.00068728814 0.01846552 -41.245623
0.034795467 0.042395351 0.99849478 167.09627 -0.0038838062 0.99909801 -0.04228562 -6.0540171 -0.99938695 -0.0024066116 0.034928736 -41.19858
0.051274754 0.036034882 0.99803422 167.77334 -0.0057698124 0.99934283 -0.035785701 -6.0918451 -0.99866796 -0.0039235665 0.051448971 -41.153127
0.068648333 0.028664644 0.99722899 168.45089 -0.0049630782 0.99958458 -0.028390698 -6.1278817 -0.99762862 -0.0030003505 0.068762079 -41.096193
0.086174269 0.020819382 0.99606248 169.13708 -0.0057578723 0.99977534 -0.020398845 -6.161839 -0.99626348 -0.0039773443 0.086274783 -41.021853
0.10324445 0.014663667 0.99454788 169.79241 -0.007393942 0.99987501 -0.013974641 -6.19311 -0.99462857 -0.0059108245 0.10333997 -40.941386
0.12140756 0.012331629 0.9925261 170.45492 -0.0085642355 0.99989862 -0.011375636 -6.2249197 -0.99256584 -0.0071191384 0.12150086 -40.842517
0.13936249 0.011237241 0.99017763 171.09554 -0.0066146552 0.99992386 -0.010416868 -6.2413692 -0.99021938 -0.0050979622 0.13942621 -40.742374
0.15693171 0.010765604 0.98755074 171.72746 -0.0076688522 0.99992372 -0.0096818273 -6.2606082 -0.98757972 -0.0060539942 0.1570023 -40.625532
0.17317584 0.010272238 0.98483731 172.37404 -0.013661564 0.99987446 -0.0080268027 -6.2770652 -0.98479621 -0.012064369 0.17329443 -40.494856
0.18789071 0.0067970788 0.98216638 173.00675 -0.015397811 0.99987355 -0.0039739837 -6.2927114 -0.98206928 -0.014376537 0.18797161 -40.352794
0.20014388 0.0027116143 0.97976272 173.63288 -0.012235309 0.99992511 -0.00026801248 -6.3149511 -0.97969016 -0.011934058 0.20016207 -40.220369
0.21101998 0.00090746205 0.97748128 174.25743 -0.0097396668 0.99995188 0.0011742899 -6.3330799 -0.97743326 -0.00976814 0.21101867 -40.08185
0.22054182 0.0045870282 0.97536669 174.84711 -0.013251683 0.99991074 -0.0017060949 -6.348149 -0.97528754 -0.012548984 0.22058292 -39.927773
0.22943148 0.011517592 0.97325663 175.46345 -0.017351181 0.99981949 -0.0077416432 -6.3684893 -0.97317019 -0.015110974 0.22958991 -39.773386
0.23900734 0.021658705 0.97077614 176.03851 -0.017235103 0.99968834 -0.018060434 -6.3841503 -0.97086483 -0.01241485 0.23930614 -39.61692
0.24685425 0.028431369 0.96863541 176.62844 -0.013168089 0.99957564 -0.025983672 -6.400286 -0.96896319 -0.0063408964 0.24712388 -39.467812
0.25340021 0.027038487 0.96698354 177.23184 -0.013191411 0.99961294 -0.02449402 -6.4159393 -0.96727163 -0.0065490872 0.2536588 -39.303691
0.25922963 0.019514049 0.96561852 177.82591 -0.014994419 0.99975668 -0.016178545 -6.4372673 -0.96569936 -0.01028493 0.25945915 -39.124439
0.2635575 0.0087087622 0.96460433 178.44769 -0.019142227 0.99980956 -0.0037964021 -6.457956 -0.96445378 -0.017464104 0.26367402 -38.951027
0.26567583 -0.00056490581 0.96406222 179.04187 -0.01828142 0.99981706 0.0056238425 -6.4834722 -0.96388911 -0.019118545 0.2656169 -38.775167
0.26688595 -0.0014348249 0.96372701 179.65543 -0.014834278 0.9998743 0.0055967145 -6.5018461 -0.96361399 -0.015789878 0.26683111 -38.602808
0.26796163 0.0018934174 0.96342768 180.2647 -0.013495928 0.99990733 0.0017885612 -6.501606 -0.96333509 -0.013481616 0.26796235 -38.438001
0.26960502 0.0012936682 0.96297008 180.87019 -0.0096632145 0.99995238 0.0013620827 -6.5137359 -0.96292255 -0.0096726101 0.26960469 -38.267476
0.27148131 -0.00041987476 0.96244358 181.47863 -0.01195994 0.99992122 0.0038098255 -6.5121923 -0.96236944 -0.012545063 0.2714549 -38.087165
0.27370989 -0.004663599 0.96180095 182.08689 -0.012082557 0.99989266 0.0082867601 -6.5291093 -0.96173644 -0.013889182 0.27362416 -37.910878
0.27707673 -0.010429698 0.96079115 182.71171 -0.010069364 0.99985466 0.013757588 -6.5381894 -0.96079507 -0.013486463 0.27693144 -37.727827
0.28118939 -0.013333239 0.95955962 183.33477 -0.0090370607 0.99982235 0.016540917 -6.5444718 -0.95960978 -0.013322728 0.28101895 -37.544141
0.28725622 -0.014920602 0.95773752 183.94075 -0.0078160684 0.99980887 0.017920321 -6.5389593 -0.95782193 -0.012633465 0.2870847 -37.352329
0.29541152 -0.017968971 0.95520106 184.5805 -0.0061338574 0.99976683 0.020704325 -6.5410959 -0.95535045 -0.011975362 0.29523242 -37.149473
0.30502105 -0.020312651 0.95212892 185.17502 -0.0037575237 0.99973906 0.022532111 -6.545287 -0.95233824 -0.010450415 0.30486513 -36.95006
0.31604816 -0.018396906 0.94856473 185.8084 -0.0051002325 0.99976459 0.021089224 -6.5468873 -0.94872948 -0.011503111 0.31587993 -36.73219
0.32724657 -0.014705584 0.94482451 186.4173 -0.0059161194 0.99982742 0.017610758 -6.5455244 -0.9449205 -0.011352754 0.3271031 -36.504721
0.33883831 -0.010989118 0.9407804 187.01937 -0.0077044132 0.99986585 0.014454164 -6.5458398 -0.94081311 -0.012145785 0.33870819 -36.266838
0.35052855 -0.01041267 0.93649412 187.64889 -0.0068853965 0.99988252 0.013694666 -6.5416999 -0.93652677 -0.011248504 0.35041568 -36.028344
0.36185255 -0.013367853 0.93213945 188.27035 -0.0060956519 0.99984188 0.016705082 -6.5468804 -0.93221545 -0.011726774 0.36171384 -35.773794
0.37281975 -0.015093171 0.92778098 188.89089 -0.0060083858 0.99980747 0.018679311 -6.5461266 -0.92788437 -0.012538482 0.37265729 -35.513806
0.38408897 -0.015524899 0.92316551 189.52694 -0.0086668791 0.99975395 0.0204188 -6.55119 -0.92325545 -0.015843599 0.38385991 -35.241654
0.39377611 -0.017153834 0.91904627 190.13618 -0.010447148 0.99967776 0.023135009 -6.539782 -0.91914705 -0.018711426 0.39347001 -34.959591
0.40042283 -0.015820688 0.91619386 190.7801 -0.015181481 0.99959917 0.023895989 -6.5393686 -0.91620475 -0.023477678 0.40002215 -34.669231
0.40504284 -0.01854646 0.91410954 191.42783 -0.014901512 0.99952753 0.026882388 -6.5265051 -0.9141763 -0.024510133 0.4045751 -34.382173
0.40706105 -0.023364976 0.91310203 192.06731 -0.010081397 0.99949695 0.030069986 -6.520285 -0.91334536 -0.021445664 0.40662072 -34.088967
0.40763065 -0.021233179 0.91289996 192.71964 -0.0085959499 0.9995961 0.027087935 -6.5196525 -0.91310647 -0.018889115 0.40728349 -33.791592
0.40659731 -0.021445565 0.91335571 193.38398 -0.0056789732 0.99964582 0.025999755 -6.5084599 -0.91358987 -0.015758352 0.40633151 -33.505003
0.4056224 -0.020484306 0.91381114 194.04575 -0.0026331152 0.99971851 0.023578822 -6.5046915 -0.91403698 -0.011970268 0.40545428 -33.200304
0.4056255 -0.021635267 0.91378324 194.7184 0.00012982342 0.99972118 0.023612356 -6.4965959 -0.91403939 -0.0094591425 0.40551521 -32.906818
0.40442915 -0.027870765 0.91414453 195.40797 0.0038120003 0.99957824 0.028789022 -6.4895245 -0.91456143 -0.0081583996 0.40436482 -32.614235
0.40394098 -0.031016439 0.91425904 196.08438 0.0042933734 0.99947831 0.032010608 -6.4844056 -0.91477501 -0.0090051405 0.40386341 -32.306249
0.40230646 -0.033422717 0.91489473 196.77511 0.0055392366 0.99940395 0.03407422 -6.4720884 -0.91548834 -0.0086404601 0.40225181 -32.004572
0.40013563 -0.033815887 0.9158318 197.46344 0.0049737776 0.99938443 0.034727867 -6.4603006 -0.91644248 -0.0093407126 0.40005751 -31.698359
0.39908488 -0.034026006 0.91628239 198.1471 0.0040315116 0.99936667 0.035355411 -6.447537 -0.91690516 -0.010415806 0.3989693 -31.390576
0.39676456 -0.03304728 0.91732529 198.83515 0.0026741986 0.99938908 0.034847031 -6.4403245 -0.91791656 -0.011372956 0.39661054 -31.088284
0.39615204 -0.030047659 0.9176931 199.52046 0.0037533036 0.99950904 0.03110629 -6.4383153 -0.91817729 -0.0088784389 0.39607032 -30.780309
0.39548576 -0.023758321 0.91816474 200.20412 0.0025421197 0.99968987 0.024772875 -6.4346086 -0.91846863 -0.0074632341 0.3954235 -30.49327
0.39400954 -0.020190739 0.91888451 200.89267 -0.00031786234 0.99975563 0.022104025 -6.420808 -0.91910633 -0.0090012749 0.39390684 -30.190821
0.3926738 -0.023406266 0.91937988 201.59204 -6.3094191e-05 0.9996754 0.025477438 -6.4150371 -0.91967786 -0.010062329 0.39254486 -29.891155
0.39145716 -0.026397515 0.91981759 202.2857 -0.0016791125 0.99956629 0.029400794 -6.4117784 -0.92019484 -0.013053628 0.39124306 -29.590826
0.38883179 -0.025925831 0.92094387 202.96251 -0.0061395251 0.99950887 0.030729712 -6.4103489 -0.92128835 -0.017602847 0.38848165 -29.292846
0.38454352 -0.025635361 0.9227508 203.65253 -0.0094938355 0.99945162 0.031722644 -6.4038549 -0.92305808 -0.020959181 0.38408927 -28.993078
0.3776029 -0.026926245 0.92557601 204.34054 -0.0087303935 0.99942916 0.032636429 -6.3941279 -0.92592651 -0.020404253 0.37715227 -28.717109
0.36915562 -0.02702087 0.92897466 205.03338 -0.0085240049 0.99943676 0.032457651 -6.3825704 -0.92932854 -0.019900508 0.36871737 -28.44386
