1 0 0 0 0 1 0 0 0 0 1 0
0.99994275 -0.0020545916 0.010501596 0.0068778004 0.0020443133 0.99999742 0.00098938521 -0.0078126796 -0.010503602 -0.00096786002 0.99994437 0.30101719
0.9998436 -0.0039639748 0.017235426 0.015059797 0.0039416056 0.99999135 0.0013316567 -0.014602244 -0.017240557 -0.0012635132 0.99985057 0.58739561
0.9997896 -0.0070153138 0.019275547 0.027039028 0.0070216597 0.99997531 -0.00026153435 -0.01777865 -0.019273238 0.00039682568 0.99981418 0.88489327
0.9998117 -0.008274177 0.017552752 0.026003757 0.0082989354 0.99996467 -0.0013381143 -0.023035725 -0.017541061 0.0014835316 0.99984504 1.2003515
0.99988214 -0.010975575 0.010735219 0.02149267 0.01101118 0.99993405 -0.0032631962 -0.025455462 -0.010698696 0.0033810191 0.99993705 1.5142174
0.99992591 -0.012120936 -0.0011222683 0.013405194 0.012115744 0.99991637 -0.0045240629 -0.034329298 0.0011770104 0.0045101306 0.99998914 1.8411789
0.99978891 -0.01118578 -0.017234176 -0.0060500229 0.011103256 0.99992647 -0.004876682 -0.039954083 0.01728746 0.0046842971 0.99983959 2.155
0.99931628 -0.0076032955 -0.03618246 -0.047184287 0.0074142483 0.99995817 -0.0053561564 -0.044742092 0.036221674 0.0050842286 0.99933085 2.509815
0.99842931 -0.0038083454 -0.055896327 -0.087688723 0.0034692766 0.999975 -0.0061618181 -0.051348746 0.0559184 0.0059582201 0.99841756 2.8512136
0.99714778 -0.0032355369 -0.075404543 -0.12790187 0.0027490531 0.99997474 -0.0065545544 -0.055619478 0.075423853 0.0063285683 0.99713148 3.206464
0.99533485 -0.004272653 -0.09638612 -0.17596273 0.0037168444 0.99997542 -0.0059452908 -0.063108724 0.096409161 0.0055593029 0.99532626 3.5874681
0.9932137 -0.0054695776 -0.11617501 -0.24139327 0.0048993402 0.99997451 -0.0051934294 -0.072807254 0.11620047 0.0045890043 0.99321518 3.9798778
0.99110658 -0.0045714271 -0.13299192 -0.32038604 0.0040038048 0.9999817 -0.0045352108 -0.078646441 0.13301023 0.0039624035 0.99110674 4.3845955
0.98878673 -0.003585976 -0.14929148 -0.3938626 0.003010799 0.99998715 -0.0040785448 -0.087235255 0.1493042 0.0035833243 0.98878482 4.7918081
0.98672267 -0.0028689431 -0.16238887 -0.47841413 0.0022360702 0.99998918 -0.004079904 -0.092677114 0.16239883 0.0036626208 0.9867184 5.2119756
0.98456863 -0.0041481903 -0.17494974 -0.56786099 0.0033324043 0.99998216 -0.004956485 -0.10137514 0.17496719 0.0042969963 0.98456489 5.6453812
0.98282801 -0.0070915242 -0.18438764 -0.65968958 0.005916421 0.99995854 -0.0069224067 -0.11533492 0.1844291 0.0057126203 0.98282922 6.0961697
0.98138615 -0.0065046244 -0.19193464 -0.75165236 0.004916115 0.99994962 -0.0087513638 -0.12096646 0.19198191 0.0076448945 0.98136869 6.5567863
0.979806 -0.0064083704 -0.19984778 -0.87206207 0.004395435 0.99993506 -0.010514407 -0.12719023 0.1999022 0.0094236613 0.97977054 7.0340384
0.97820162 -0.0070299997 -0.20753834 -0.9724965 0.0043517963 0.9999013 -0.01335836 -0.13599185 0.20761178 0.012164005 0.97813567 7.5021732
0.9764037 -0.010654247 -0.2156903 -1.0905144 0.0075800048 0.99985763 -0.015075255 -0.14823656 0.21582023 0.013084602 0.97634544 8.0028818
0.97446775 -0.016442165 -0.22392464 -1.2052273 0.013145815 0.99978229 -0.016203727 -0.16636205 0.22414234 0.012846337 0.97447175 8.5136027
0.97270343 -0.017472019 -0.23139308 -1.3342224 0.013504365 0.99973357 -0.01871976 -0.19138237 0.23165852 0.015083958 0.97268022 9.040709
0.97062705 -0.013518557 -0.24020902 -1.4882894 0.0082848619 0.99970607 -0.022784625 -0.19371729 0.24044645 0.020125275 0.97045375 9.5705907
0.96850487 -0.01082428 -0.2487592 -1.6356922 0.0045346354 0.99965572 -0.025843212 -0.21046286 0.24895331 0.023901245 0.96822052 10.097146
0.96612098 -0.013174634 -0.25775314 -1.800765 0.0062026618 0.99959305 -0.027843504 -0.2323292 0.2580151 0.025301438 0.96580953 10.656269
0.96374182 -0.01532821 -0.26639586 -1.9605603 0.007708057 0.99953131 -0.029626773 -0.26333494 0.26672515 0.026499166 0.96340827 11.216844
0.96162189 -0.015251679 -0.27395388 -2.1322551 0.0066526606 0.99945639 -0.032290267 -0.28545688 0.27429746 0.029228506 0.96120061 11.791672
0.95923001 -0.014799524 -0.28223883 -2.3220878 0.0048361733 0.99934134 -0.035965192 -0.31069644 0.28258522 0.033133936 0.95866978 12.382197
0.95701554 -0.015442074 -0.28962524 -2.5099769 0.003830136 0.99916745 -0.040617031 -0.34103265 0.29001135 0.037761827 0.95627792 12.959876
0.95528044 -0.016318906 -0.29525068 -2.7107488 0.0022076802 0.9988418 -0.048064417 -0.37877441 0.2956931 0.045263179 0.95421006 13.590287
0.95386556 -0.016595191 -0.29977505 -2.9205317 -0.00022730316 0.99843101 -0.055995219 -0.41382484 0.30023399 0.053480052 0.95236518 14.206845
0.95273881 -0.016699768 -0.30333128 -3.1261367 -0.0031740471 0.99788623 -0.064907601 -0.46286173 0.30377407 0.06280278 0.95067194 14.838956
0.95125374 -0.016611083 -0.30796166 -3.3446244 -0.0065019774 0.99724638 -0.073874041 -0.50969633 0.30834081 0.072275319 0.94852635 15.471769
0.94988124 -0.015176601 -0.31224236 -3.5785633 -0.010678276 0.99666277 -0.080927669 -0.56647197 0.31242857 0.080205886 0.94654921 16.095445
0.94838349 -0.014655617 -0.31678692 -3.819217 -0.013747335 0.99609257 -0.087238751 -0.62911618 0.31682766 0.087090769 0.94447628 16.795332
0.94675631 -0.012989712 -0.3216889 -4.0615107 -0.01807963 0.9954639 -0.093406365 -0.70064972 0.32144304 0.094249084 0.94222688 17.456654
0.94523831 -0.010614156 -0.32620831 -4.305762 -0.022990612 0.99482297 -0.098988319 -0.77578608 0.32557022 0.10106728 0.94010076 18.120233
0.94319343 -0.0081219252 -0.33214482 -4.5780352 -0.027387711 0.99439818 -0.102089 -0.85176359 0.3311134 0.10538637 0.93768739 18.816933
0.94153615 -0.0075296415 -0.33682781 -4.835363 -0.028935812 0.99424894 -0.1031104 -0.92793199 0.33566711 0.10682855 0.93590345 19.494311
0.9393864 -0.0063953208 -0.34280065 -5.12329 -0.03054711 0.99428871 -0.10225865 -1.0139679 0.34149683 0.10653196 0.93382593 20.210522
0.93709286 -0.0067263346 -0.34901534 -5.4033196 -0.030391273 0.994446 -0.10076468 -1.1003408 0.34775472 0.10503288 0.93168383 20.943536
0.93480112 -0.006765645 -0.35510713 -5.6707593 -0.030435769 0.99461486 -0.099070385 -1.1866099 0.35386513 0.10341907 0.92956117 21.677504
0.93181453 -0.0059036793 -0.36288678 -5.9572568 -0.031008565 0.99491661 -0.095809216 -1.2709541 0.36160774 0.10052902 0.92689469 22.362992
0.92802391 -0.0024416666 -0.37251263 -6.297304 -0.033728371 0.99532061 -0.090549879 -1.3555328 0.37099062 0.096596699 0.92359897 23.185215
0.92465434 -0.0009327988 -0.38080634 -6.6113009 -0.033966956 0.99580897 -0.084916077 -1.4339775 0.37928961 0.091452853 0.9207474 23.895687
0.92133003 0.0011263814 -0.38877975 -6.9443149 -0.035362737 0.99609335 -0.080916684 -1.50865 0.38716981 0.088299289 0.91777055 24.65744
0.91701352 0.0015068436 -0.39885326 -7.277004 -0.035993216 0.99622547 -0.078989218 -1.5811661 0.39722879 0.086790193 0.91360646 25.385328
0.91320122 0.004345381 -0.40748576 -7.6446814 -0.03964533 0.99614714 -0.078224873 -1.6639369 0.40557589 0.087589958 0.90985505 26.161303
0.90964243 0.0037179799 -0.41537551 -8.0098813 -0.039282091 0.99624863 -0.077107632 -1.7277034 0.41353063 0.086457194 0.90637607 26.899918
0.9056504 0.0041397972 -0.42400495 -8.4067324 -0.03987419 0.9963527 -0.07544104 -1.8037342 0.42214621 0.085230063 0.90251229 27.698938
0.90179856 0.0045457145 -0.43213271 -8.8008251 -0.040012228 0.99652774 -0.073017003 -1.8797925 0.43030036 0.083137222 0.89884916 28.485404
0.89801229 0.0054633101 -0.43993643 -9.1752372 -0.03985031 0.99682286 -0.068964766 -1.953751 0.43816195 0.079462812 0.89537689 29.252808
0.89433886 0.0055184246 -0.44735616 -9.602054 -0.037852123 0.99727197 -0.063370651 -2.0102513 0.44578609 0.073608217 0.89210796 30.057709
0.89105701 0.0050484771 -0.45386331 -9.9990841 -0.035764778 0.99761004 -0.059119214 -2.0802045 0.45248017 0.068910912 0.88910798 30.863127
0.8871373 0.0056312963 -0.46147121 -10.456744 -0.036087209 0.99771035 -0.057199462 -2.1506964 0.46009253 0.067396985 0.88530928 31.683762
0.88369208 0.0055911089 -0.46803528 -10.895164 -0.03601548 0.99777643 -0.056081061 -2.2092127 0.46668105 0.066414906 0.8819285 32.487837
0.88074914 0.0060743058 -0.47354411 -11.334567 -0.035983876 0.9978855 -0.054126539 -2.2667595 0.47221407 0.064711857 0.87910538 33.311183
0.87777699 0.0042673533 -0.47905044 -11.820664 -0.033613244 0.99804452 -0.052699923 -2.3291856 0.47788882 0.06236122 0.87620396 34.169576
0.87575459 0.0035235459 -0.48274368 -12.272177 -0.03298558 0.99807311 -0.052554836 -2.3896176 0.48162835 0.06194872 0.87418334 35.00326
0.87380821 0.0034101253 -0.48625873 -12.755854 -0.033371656 0.99803835 -0.05296972 -2.4501231 0.48512427 0.062512637 0.87220791 35.825909
0.87216577 0.0033091471 -0.48919924 -13.280042 -0.033852335 0.99798837 -0.053602609 -2.514167 0.48803781 0.063310898 0.87052332 36.708389
0.87144773 0.0031240943 -0.49047841 -13.77169 -0.033250964 0.99805555 -0.052720883 -2.5710947 0.48936004 0.062252374 0.86985712 37.557433
0.87153777 0.0029730676 -0.49031934 -14.277489 -0.032164235 0.99817448 -0.051119141 -2.6357706 0.48927232 0.06032301 0.87004239 38.474325
0.87077612 0.0018192112 -0.49167634 -14.790957 -0.030580819 0.99825747 -0.050466133 -2.6975962 0.49072782 0.05898057 0.8693144 39.358262
0.87058548 0.00049123302 -0.49201693 -15.291759 -0.029390321 0.99826573 -0.051007196 -2.7605154 0.49113863 0.05886666 0.86909009 40.251201
0.86982344 -0.00086668318 -0.49336235 -15.831333 -0.028474764 0.99824333 -0.051956085 -2.8274077 0.49254074 0.059240997 0.86827078 41.190098
0.86802725 -0.0027462761 -0.49650895 -16.356958 -0.025455941 0.99842345 -0.050026078 -2.8864914 0.4958636 0.056063102 0.86658885 42.087973
0.86614044 -0.00089273917 -0.49979988 -16.908609 -0.025700464 0.9985959 -0.04632193 -2.9550349 0.49913951 0.052966386 0.86490134 43.017987
0.86346946 -0.0013961013 -0.50439916 -17.433755 -0.022830332 0.99886314 -0.041847427 -3.0187218 0.5038842 0.047649577 0.86245595 43.929174
0.85937603 -0.0034640337 -0.51133239 -17.97496 -0.019565185 0.99902205 -0.039650326 -3.0747669 0.51096972 0.044078853 0.85846783 44.798049
0.85538847 -0.0069311425 -0.51794063 -18.542135 -0.017203886 0.99897867 -0.041780982 -3.1418215 0.51770127 0.044649562 0.85439559 45.743073
0.84998373 -0.0098445098 -0.52671693 -19.107325 -0.016617926 0.99882677 -0.045485391 -3.1998175 0.52654679 0.047414785 0.84882291 46.600199
0.84320904 -0.0093583908 -0.53750434 -19.70414 -0.017655358 0.99882703 -0.045087207 -3.2604585 0.53729585 0.047507773 0.84205475 47.523862
0.83782657 -0.0062155543 -0.54590108 -20.296865 -0.018643886 0.99902618 -0.039988643 -3.3174974 0.54561807 0.043681265 0.83689479 48.420814
0.83283321 -0.0039244998 -0.55351009 -20.896899 -0.018345047 0.99922982 -0.034687427 -3.3809588 0.55321997 0.03904301 0.83211978 49.289036
0.82894694 -0.0038244926 -0.55931414 -21.486556 -0.019916328 0.99914066 -0.03634949 -3.4333586 0.55897257 0.041271283 0.82815843 50.203403
0.8257133 -0.0046113062 -0.56407114 -22.111071 -0.022264197 0.99892098 -0.040757577 -3.488806 0.56365049 0.046212664 0.82471968 51.063825
0.82292119 -0.0065158025 -0.56811815 -22.714292 -0.025025688 0.99854805 -0.047702241 -3.5562438 0.56760414 0.053472733 0.82156329 51.887492
0.81924896 -0.0071251417 -0.57339371 -23.345498 -0.025916757 0.99844099 -0.049436029 -3.616692 0.57285207 0.055360922 0.81778708 52.757354
0.81631862 -0.003834648 -0.57758911 -23.960308 -0.027599942 0.99857673 -0.045637175 -3.6884092 0.57694209 0.053195902 0.81505095 53.641318
0.81318559 -0.0042373114 -0.58198901 -24.588489 -0.023180833 0.99894421 -0.039662528 -3.7457433 0.58154266 0.045743987 0.81222882 54.491323
0.80994567 -0.0034981539 -0.58649446 -25.224821 -0.022266641 0.99907789 -0.036709122 -3.801653 0.58608211 0.042791656 0.80912092 55.353743
0.80719494 -0.00031254784 -0.59028484 -25.858013 -0.026797279 0.99894947 -0.037173317 -3.8582556 0.5896764 0.045824141 0.80633859 56.194195
0.80440829 -0.0038080607 -0.59406461 -26.526704 -0.024090507 0.99894784 -0.039023795 -3.9122579 0.59358822 0.045702383 0.80347019 57.099823
0.8004301 -0.0045363976 -0.59940891 -27.168738 -0.025436939 0.99881354 -0.041526751 -3.9787932 0.59888617 0.04848639 0.79936503 57.951326
0.79617421 -0.0048883411 -0.60504768 -27.816047 -0.02575826 0.99878701 -0.041964415 -4.0310552 0.60451895 0.048995961 0.79508255 58.754726
0.791842 -0.0065287777 -0.61069107 -28.511512 -0.023429547 0.99888201 -0.041058364 -4.0927948 0.61027644 0.046819952 0.79080377 59.646688
0.7878339 -0.0068175993 -0.61585 -29.168381 -0.022860175 0.99892598 -0.040302502 -4.1504875 0.61546339 0.045830117 0.78683191 60.464766
0.78199005 -0.0069881466 -0.62325172 -29.854395 -0.023907139 0.99886503 -0.041195808 -4.2186797 0.62283228 0.047114877 0.78093545 61.313347
0.77582411 -0.0080806335 -0.63089747 -30.545414 -0.023768893 0.99883391 -0.042022184 -4.2777775 0.63050141 0.047597559 0.77472736 62.155414
0.7709947 -0.010951153 -0.63674737 -31.221912 -0.021052196 0.99886741 -0.042669795 -4.3312578 0.63649353 0.046303117 0.76989093 62.982192
0.76499459 -0.010134311 -0.64395694 -31.945476 -0.02352236 0.99876942 -0.043661795 -4.3993858 0.64360704 0.048548424 0.76381481 63.806667
0.75961325 -0.013783458 -0.65022896 -32.646516 -0.020281135 0.99878717 -0.044865056 -4.4584993 0.65005879 0.047267473 0.75841242 64.616048
0.75302418 -0.013211405 -0.65786017 -33.403782 -0.021823876 0.99874686 -0.045038072 -4.5277884 0.65763085 0.048271816 0.75179221 65.441615
0.74684371 -0.014496734 -0.66484154 -34.157147 -0.019287855 0.99886953 -0.043446981 -4.5876567 0.66471985 0.045271473 0.74571982 66.273766
0.74027563 -0.014159234 -0.67215435 -34.87391 -0.019431549 0.99890989 -0.042443377 -4.6511665 0.67202265 0.044480798 0.73919352 67.080119
0.73298182 -0.015643989 -0.68006829 -35.670573 -0.018483467 0.99890838 -0.042900039 -4.7180942 0.6799971 0.044014969 0.73189253 67.893927
0.72895569 -0.016016988 -0.68437345 -36.43133 -0.019921326 0.9988065 -0.044595001 -4.7915313 0.68427099 0.046141407 0.7277666 68.730201
0.72281787 -0.016214668 -0.6908483 -37.209773 -0.020389111 0.99878901 -0.044774874 -4.8495965 0.69073776 0.046449862 0.72161195 69.504231
0.71905648 -0.015910588 -0.69476945 -37.984917 -0.020285365 0.99883136 -0.043868244 -4.9160907 0.69465555 0.045637397 0.71789341 70.3583
0.71435627 -0.016455885 -0.69958865 -38.808478 -0.020057306 0.99883125 -0.043975433 -4.978094 0.69949472 0.04544599 0.71319131 71.175298
0.70888914 -0.015961568 -0.70513926 -39.64527 -0.02186719 0.99876595 -0.044591594 -5.047503 0.70498089 0.047029911 0.7076653 71.950716
0.70399026 -0.017912982 -0.70998366 -40.4249 -0.021912663 0.99865809 -0.046923959 -5.1161454 0.70987153 0.048591643 0.70265304 72.733413
0.69989401 -0.019422215 -0.71398257 -41.272317 -0.023139524 0.9984889 -0.049844464 -5.187901 0.71387183 0.051407059 0.69838698 73.551751
0.69468804 -0.020816804 -0.71900984 -42.105994 -0.022696619 0.99844908 -0.050836004 -5.256121 0.71895301 0.051634257 0.69313816 74.337897
0.68983943 -0.020056357 -0.72368451 -42.978285 -0.022457207 0.99854231 -0.04908076 -5.3316048 0.72361404 0.050109776 0.68838345 75.13896
0.68558235 -0.020408818 -0.72770892 -43.825333 -0.021147583 0.9986268 -0.047930154 -5.40037 0.72768789 0.048249353 0.68420931 75.904174
0.67927716 -0.021530692 -0.7335659 -44.702236 -0.020448491 0.99862617 -0.048245568 -5.4781333 0.73359692 0.047772429 0.67790368 76.700295
0.67672004 -0.020445655 -0.73595646 -45.519494 -0.022603292 0.99856617 -0.048525206 -5.5517995 0.73589342 0.049473019 0.6752876 77.456754
0.67193519 -0.022918595 -0.74025522 -46.427407 -0.019344608 0.99863693 -0.048477439 -5.6241095 0.7403573 0.046893645 0.67057595 78.286418
0.66727428 -0.023616873 -0.74443753 -47.314878 -0.018306517 0.99867517 -0.048091412 -5.6913566 0.7445871 0.045718221 0.66595791 79.038129
0.66418136 -0.026706392 -0.74709427 -48.236611 -0.015161578 0.99867492 -0.049178587 -5.7688481 0.74741775 0.043990629 0.66289636 79.825019
0.65945684 -0.032814426 -0.75102586 -49.091473 -0.0096601362 0.99859443 -0.052113712 -5.8396318 0.75168039 0.041621756 0.65821293 80.604745
0.65546157 -0.034896408 -0.75442185 -50.007808 -0.0090854319 0.99849528 -0.054079889 -5.915964 0.75517391 0.042301537 0.65415824 81.392918
0.64945098 -0.039453715 -0.75937921 -50.931326 -0.0023646171 0.99854344 -0.053901858 -5.9943871 0.76039982 0.036802256 0.64841172 82.153488
0.6396186 -0.043240858 -0.76747523 -51.83416 0.0028997945 0.9985452 -0.053843026 -6.0816135 0.76868699 0.03221348 0.63881347 82.933032
0.63127376 -0.043748173 -0.77432518 -52.747892 0.004231222 0.99858719 -0.052969096 -6.1637259 0.77554857 0.030161659 0.630567 83.6779
0.62372415 -0.043676238 -0.7804233 -53.713177 0.0070205189 0.9987104 -0.050281746 -6.2365666 0.78161305 0.025882963 0.62322642 84.451421
0.61351493 -0.042124943 -0.78855873 -54.685224 0.004806483 0.99875689 -0.049614222 -6.3207955 0.78966853 0.026648871 0.61295473 85.18892
0.60553143 -0.043718275 -0.79461962 -55.633366 0.0037772689 0.99863658 -0.052064425 -6.3905522 0.79581246 0.028525154 0.60487098 85.903479
0.59450835 -0.045877072 -0.80277958 -56.670996 0.0044247636 0.99854259 -0.05378768 -6.4839648 0.80407729 0.028425115 0.59384491 86.625451
0.58411085 -0.047652447 -0.81027385 -57.684536 0.00478465 0.99845995 -0.055270565 -6.5542059 0.81165983 0.02840726 0.58343929 87.372313
0.57484642 -0.04909317 -0.81678724 -58.686361 0.0088875573 0.99851428 -0.053760941 -6.6368146 0.81821309 0.023645041 0.57442868 88.044858
0.56552087 -0.049161073 -0.82326744 -59.706124 0.010101935 0.99855986 -0.052689341 -6.7152777 0.82467215 0.021480327 0.56520306 88.743692
0.55485603 -0.048647996 -0.83052279 -60.721525 0.0088807787 0.99857834 -0.0525588 -6.8049008 0.83189902 0.021786878 0.55449925 89.433651
0.54470385 -0.049738249 -0.83715217 -61.78431 0.0079760583 0.99850178 -0.05413489 -6.8901856 0.83859058 0.022810308 0.54428448 90.09338
0.53554862 -0.050346549 -0.84300228 -62.848041 0.0070083648 0.99845193 -0.055178129 -6.9723273 0.84447535 0.023642503 0.5350724 90.752062
0.5250581 -0.051626926 -0.84949902 -63.918922 0.0064747586 0.99837183 -0.056672513 -7.0567752 0.85104179 0.024256061 0.52453749 91.403223
0.51514518 -0.051921568 -0.8555288 -65.002041 0.0062822746 0.99836539 -0.056807453 -7.1438628 0.85707995 0.023889419 0.51462931 92.078708
0.50677764 -0.04894146 -0.86068641 -66.075291 0.0035102474 0.99849607 -0.054710913 -7.2304724 0.8620697 0.024705045 0.50618728 92.693981
0.4992591 -0.047427775 -0.86515368 -67.15982 0.0049389672 0.99864031 -0.051895362 -7.3147489 0.8664387 0.021636266 0.49881451 93.300147
0.49221179 -0.048944041 -0.86909837 -68.291205 0.0070466914 0.99860935 -0.052246689 -7.3996919 0.87044699 0.019592168 0.49187218 93.916648
0.4862548 -0.050967618 -0.87232936 -69.405433 0.006873113 0.9984897 -0.054507574 -7.4917644 0.87379007 0.020508951 0.48587072 94.547827
0.47775124 -0.053866798 -0.87684209 -70.48835 0.0082895221 0.99835032 -0.056814796 -7.5790011 0.87845609 0.019874737 0.47740963 95.130238
0.47095964 -0.057500332 -0.88027874 -71.627183 0.0110414 0.99817947 -0.059294397 -7.6674775 0.88208569 0.018205758 0.47073713 95.752565
0.46679575 -0.060774217 -0.88227442 -72.712073 0.012007861 0.99797953 -0.062391252 -7.7634177 0.88428367 0.018529743 0.46658238 96.302512
0.4617454 -0.062118016 -0.88483471 -73.881002 0.014969651 0.9979485 -0.062247121 -7.8622924 0.88688622 0.015496655 0.46172802 96.909265
0.45700881 -0.059758461 -0.88745242 -75.053747 0.016746031 0.99814176 -0.058588303 -7.9601128 0.88930455 0.011914064 0.4571603 97.462237
0.45110371 -0.05825352 -0.8905683 -76.130234 0.021793907 0.99828896 -0.054260334 -8.0477495 0.89220543 0.0050680749 0.45160143 98.015894
0.44833606 -0.05758969 -0.89200792 -77.243942 0.022809119 0.99833451 -0.052990139 -8.134971 0.89357405 0.0034114751 0.44890293 98.538941
0.44336348 -0.057067016 -0.8945234 -78.372465 0.023139726 0.99836733 -0.052222821 -8.2312774 0.89604321 0.0024546647 0.44396013 99.138083
0.44313024 -0.057140321 -0.89463429 -79.490733 0.026549869 0.99836528 -0.050614942 -8.3195195 0.89606404 -0.0013234123 0.44392291 99.672815
0.43937584 -0.055271156 -0.89660131 -80.596365 0.026463784 0.99846854 -0.048582311 -8.4019777 0.89791348 -0.0023815701 0.44016563 100.22135
0.4386932 -0.05733055 -0.89680623 -81.717684 0.030297997 0.99833912 -0.049000336 -8.4917229 0.89812604 -0.0056753192 0.43970158 100.75949
0.43530032 -0.05677619 -0.8984932 -82.811732 0.031268984 0.99836077 -0.047937728 -8.5704514 0.89974216 -0.0072276618 0.4363621 101.28983
0.43324182 -0.056806586 -0.89948567 -83.909661 0.035965252 0.99830644 -0.04572472 -8.6549204 0.90055988 -0.012540369 0.43455117 101.8464
0.43172956 -0.056726095 -0.90021757 -85.003476 0.039245779 0.99825674 -0.044082282 -8.7296338 0.90114895 -0.016298116 0.43320321 102.30164
0.42859346 -0.056448793 -0.90173228 -86.046243 0.038671856 0.99827783 -0.044111845 -8.8148347 0.90266949 -0.015965614 0.43003833 102.83364
0.42775475 -0.057343511 -0.90207401 -87.114896 0.039337072 0.9982211 -0.044802182 -8.8862235 0.9030385 -0.016320605 0.42924954 103.33682
0.42745529 -0.059284483 -0.90209049 -88.196193 0.041295724 0.99808634 -0.046025269 -8.9686427 0.90309286 -0.017578737 0.42908548 103.84871
0.42661306 -0.059539131 -0.90247234 -89.209777 0.039638633 0.9981029 -0.047110387 -9.0489605 0.90356524 -0.015674864 0.42816379 104.33457
0.429837 -0.059416383 -0.90094937 -90.236192 0.037575975 0.99814514 -0.047899063 -9.1254748 0.90212431 -0.013265263 0.43127235 104.80648
0.43454804 -0.059194075 -0.89870128 -91.251179 0.035284077 0.99819071 -0.0486862 -9.2053985 0.89995728 -0.010553353 0.43585043 105.28182
0.43875408 -0.060791862 -0.89654846 -92.253408 0.035695344 0.99810064 -0.050209132 -9.2897029 0.89789797 -0.0099731445 0.44009072 105.77657
0.4451008 -0.059032749 -0.89353251 -93.277653 0.031592283 0.99823874 -0.050213089 -9.3610179 0.89492305 -0.0058788464 0.44618184 106.27456
0.45208812 -0.05911645 -0.89001208 -94.267213 0.033137895 0.99822565 -0.049471585 -9.4405959 0.89135755 -0.0071276117 0.45324495 106.80055
0.46052522 -0.057437343 -0.88578632 -95.261847 0.030816413 0.99833727 -0.048713899 -9.5145304 0.88711157 -0.0048627789 0.46152951 107.28216
0.46776939 -0.056590505 -0.88203698 -96.241931 0.029910443 0.99839009 -0.048193229 -9.5835524 0.88334434 -0.0038388 0.46870898 107.78815
0.47915934 -0.057228475 -0.87586024 -97.238565 0.03093616 0.9983533 -0.048307807 -9.663796 0.87718262 -0.0039486162 0.48014074 108.31649
0.48937993 -0.058222021 -0.87012494 -98.187501 0.030683009 0.99830064 -0.049541659 -9.736204 0.87153078 -0.0024533582 0.49033473 108.835
0.49876795 -0.059618916 -0.86468263 -99.137765 0.028798308 0.99822056 -0.052214712 -9.8124641 0.86625704 0.0011416273 0.49959734 109.36928
0.50911606 -0.05847181 -0.8587094 -100.06989 0.023923639 0.99826561 -0.053790594 -9.8863589 0.86036537 0.0068422015 0.50963191 109.92469
0.52233676 -0.057117505 -0.85082421 -101.00409 0.0224883 0.99832989 -0.053213868 -9.9637428 0.85244275 0.008661969 0.52274888 110.49449
0.53600888 -0.054787126 -0.84243267 -101.92048 0.020793625 0.998446 -0.051703146 -10.037675 0.84395626 0.010196116 0.53631514 111.05986
0.54717693 -0.052881097 -0.8353448 -102.84977 0.020748614 0.99855253 -0.049621893 -10.109116 0.8367598 0.0098197078 0.54748212 111.64062
0.55977499 -0.052052147 -0.82700815 -103.72596 0.020626646 0.99859116 -0.048890127 -10.184112 0.82838793 0.010309065 0.56006002 112.25198
0.57008605 -0.052611922 -0.81989867 -104.59201 0.021186956 0.99855707 -0.049344658 -10.258191 0.8213118 0.010759544 0.57037814 112.82605
0.58222179 -0.052883312 -0.81130826 -105.44183 0.020103946 0.99851366 -0.050658617 -10.327917 0.81278144 0.013184053 0.58241958 113.46496
0.59294353 -0.054530409 -0.80339551 -106.27808 0.022057428 0.99842995 -0.051488941 -10.39884 0.80494192 0.012809195 0.59321538 114.05901
0.60324359 -0.053488629 -0.79576132 -107.10502 0.021378928 0.99847451 -0.050907641 -10.479096 0.79727045 0.013697184 0.60346688 114.71332
0.61368976 -0.051996304 -0.78783324 -107.94994 0.021111418 0.99855303 -0.049458698 -10.545249 0.789265 0.013720019 0.61389948 115.33418
0.62307399 -0.050201226 -0.78055018 -108.71933 0.022135469 0.99867021 -0.046560022 -10.612702 0.78184965 0.011732494 0.62335666 115.95195
0.63266853 -0.049322332 -0.77285043 -109.50237 0.022290615 0.9987161 -0.045489314 -10.682158 0.77410188 0.011552345 0.63295567 116.58344
0.64240317 -0.049064624 -0.7647946 -110.27706 0.021043811 0.99870151 -0.046394553 -10.751538 0.76607791 0.013709815 0.64260153 117.2441
0.65169922 -0.047983233 -0.75695818 -111.04096 0.018452758 0.99870455 -0.047420619 -10.819097 0.75825304 0.016936014 0.6517404 117.8725
0.66095152 -0.046751144 -0.74897088 -111.78234 0.017373984 0.99874332 -0.047009882 -10.886066 0.75022749 0.018058645 0.66093317 118.54216
0.67013875 -0.045040067 -0.74086801 -112.51712 0.016940447 0.99882528 -0.045399056 -10.948362 0.74204254 0.017873031 0.67011452 119.1929
0.67871673 -0.043937869 -0.73308459 -113.21955 0.017850929 0.99890077 -0.043342675 -11.010471 0.73418322 0.016331157 0.678755 119.84852
0.6878264 -0.043096385 -0.72459472 -113.92383 0.017921976 0.99893992 -0.042400932 -11.073876 0.72565398 0.016178311 0.68786962 120.50289
0.69504318 -0.042324899 -0.71772108 -114.61657 0.016975841 0.99895351 -0.04247007 -11.133992 0.71876759 0.017334613 0.69503432 121.15854
0.70274992 -0.040197702 -0.7103004 -115.27451 0.015079063 0.99901979 -0.041618293 -11.192219 0.71127717 0.018536587 0.70266722 121.81072
0.7094948 -0.038233295 -0.70367272 -115.93434 0.01492741 0.9991185 -0.039235104 -11.247989 0.70455258 0.017333091 0.70944011 122.49417
0.71697003 -0.035694055 -0.69618954 -116.61147 0.013999617 0.99922409 -0.036813329 -11.303563 0.69696344 0.016647667 0.71691343 123.16233
0.72447125 -0.034867524 -0.68842256 -117.23087 0.014357788 0.99926647 -0.035501659 -11.357341 0.6891555 0.015835706 0.72444046 123.80845
0.73140735 -0.033974013 -0.68109398 -117.85287 0.014062856 0.99929727 -0.034744784 -11.418819 0.68179584 0.015834464 0.73137114 124.47463
0.7396599 -0.030415427 -0.67229316 -118.46647 0.010329135 0.99937359 -0.033848816 -11.462248 0.67290161 0.018092405 0.73951073 125.13934
0.74840647 -0.027796865 -0.66265757 -119.07691 0.00969088 0.99947301 -0.030980554 -11.512278 0.66316957 0.016764312 0.74828144 125.80537
0.75780757 -0.024020785 -0.65203577 -119.65053 0.0073504052 0.99957298 -0.028281172 -11.552343 0.65243673 0.016638959 0.75766054 126.4619
0.76755645 -0.021270682 -0.6406283 -120.2105 0.0052039326 0.99962309 -0.026955339 -11.598536 0.64096026 0.017355958 0.76737784 127.14057
0.7773299 -0.021298412 -0.62873251 -120.75659 0.004740114 0.99959665 -0.02800108 -11.636587 0.62907535 0.018785813 0.77711733 127.7909
0.78739574 -0.022040764 -0.61605366 -121.27945 0.0049686959 0.99955506 -0.029410794 -11.685388 0.61642785 0.02009695 0.78715491 128.47393
0.79701173 -0.021030627 -0.60359753 -121.78728 0.0044654417 0.99957144 -0.028930875 -11.728301 0.60394734 0.020362917 0.79676408 129.12141
0.80682663 -0.019947617 -0.5904514 -122.28954 0.0043616861 0.9996037 -0.027810227 -11.761834 0.5907722 0.019862668 0.80659389 129.82476
0.81699515 -0.017674399 -0.57637359 -122.7688 0.0039542043 0.99967838 -0.025049984 -11.798358 0.57663101 0.018186616 0.81680228 130.50277
0.82610674 -0.016388224 -0.56327529 -123.24812 0.0043923095 0.99973392 -0.022644962 -11.834061 0.56349657 0.016233076 0.82595891 131.19702
0.83491025 -0.015244138 -0.55017494 -123.71468 0.0048631041 0.99978166 -0.020321816 -11.871622 0.55036465 0.014291335 0.83480209 131.90158
0.84309637 -0.014561638 -0.5375653 -124.16775 0.0057058349 0.99981928 -0.018134425 -11.899102 0.53773226 0.012221809 0.84302709 132.61483
0.84997163 -0.014692852 -0.52662351 -124.60747 0.0070073476 0.99983789 -0.016585707 -11.931632 0.52678188 0.010407146 0.8499368 133.34336
0.85674555 -0.014719546 -0.51552922 -125.03488 0.0074313643 0.99984119 -0.016197763 -11.963927 0.51568582 0.010046276 0.85671887 134.04077
0.86344525 -0.013842504 -0.50425257 -125.46999 0.0067692397 0.99985137 -0.015856297 -11.98356 0.50439716 0.010277638 0.86341062 134.78482
0.86951209 -0.012341787 -0.49375741 -125.88138 0.0054824727 0.99986734 -0.015337641 -12.016631 0.49388125 0.010629252 0.86946441 135.51474
0.87615893 -0.011169476 -0.48189289 -126.31286 0.0045571136 0.99987875 -0.014889961 -12.038697 0.48200081 0.010849931 0.8761036 136.26294
0.8814789 -0.01156043 -0.47208185 -126.68976 0.0051240075 0.9998756 -0.014917513 -12.065022 0.47219562 0.010730522 0.88142848 137.01316
0.88658488 -0.012536726 -0.46239601 -127.08835 0.0060304374 0.99986097 -0.015546173 -12.097283 0.46252665 0.010994552 0.88653721 137.75602
0.8906421 -0.013314285 -0.45451001 -127.50182 0.0066199812 0.99984496 -0.016316884 -12.125142 0.45465683 0.011523656 0.89059216 138.55311
0.89382949 -0.012701339 -0.44822706 -127.8928 0.0063108473 0.99985608 -0.015748022 -12.150375 0.44836261 0.011247354 0.89378101 139.31352
0.89733451 -0.01081447 -0.44121855 -128.29554 0.0060168206 0.9999066 -0.012271379 -12.178301 0.44131009 0.0083567984 0.89731577 140.12014
0.90059606 -0.0070541109 -0.43459977 -128.67046 0.0036776621 0.99995617 -0.0086095629 -12.197739 0.43464149 0.0061554271 0.90058254 140.91598
0.90372088 -0.0044424194 -0.42809908 -129.06159 0.002133435 0.99998048 -0.0058731803 -12.212057 0.42811685 0.0043943938 0.90371271 141.72803
0.90674462 -0.0018077464 -0.4216763 -129.44579 0.00032707685 0.99999353 -0.0035836958 -12.232555 0.42168009 0.0031115761 0.90673934 142.57081
0.91002531 0.00011256027 -0.41455267 -129.84603 -0.00078383633 0.99999864 -0.0014491544 -12.242173 0.41455198 0.0016437083 0.91002416 143.40344
0.91290128 0.0011542596 -0.40817876 -130.23211 -0.00063631684 0.99999881 0.0014046878 -12.258439 0.40817993 -0.0010226107 0.91290093 144.27021
0.91671479 0.0016715648 -0.39953872 -130.62814 -0.00028088653 0.9999937 0.0035392348 -12.269916 0.39954216 -0.0031322442 0.91670948 145.15137
0.91949539 0.001215148 -0.3930989 -131.00987 0.00054226331 0.99999035 0.0043595765 -12.282642 0.39310043 -0.004221774 0.91948586 146.01321
0.92310533 0.00037581591 -0.38454699 -131.38595 0.0013388551 0.99999032 0.0041912079 -12.279266 0.38454488 -0.0043837795 0.9230959 146.91667
0.92679553 -0.0022921073 -0.3755593 -131.74129 0.0039803334 0.99998516 0.0037194701 -12.304513 0.37554523 -0.0049420398 0.9267909 147.82015
0.93094148 -0.0036673647 -0.36514997 -132.12667 0.0049798565 0.99998408 0.002652741 -12.304905 0.36513446 -0.0042879414 0.93094492 148.76269
0.9352941 -0.0045438472 -0.35384217 -132.47832 0.0051552464 0.9999864 0.00078533803 -12.327689 0.35383382 -0.002558666 0.93530481 149.70712
0.94024642 -0.0029942281 -0.34048157 -132.83443 0.0030461727 0.99999529 -0.00038199188 -12.335591 0.34048113 -0.00067799945 0.94025111 150.68339
0.94601542 0.00038241335 -0.32412139 -133.17679 -7.365721e-05 0.99999953 0.00096486149 -12.346114 0.32412163 -0.00088890024 0.946015 151.64031
0.95212696 0.0041935622 -0.30567409 -133.50215 -0.003200314 0.99998785 0.0037504195 -12.35127 0.30568613 -0.0025926228 0.95212881 152.65042
0.95837356 0.0070282261 -0.28543076 -133.82459 -0.0057601035 0.99996946 0.0052821245 -12.360069 0.28545919 -0.0034181381 0.95838477 153.6733
0.96435284 0.0088937136 -0.26447022 -134.11737 -0.0075191119 0.99995245 0.0062094485 -12.378795 0.26451289 -0.0039995184 0.96437386 154.71408
0.96990655 0.01027179 -0.2432607 -134.39003 -0.0086709834 0.99993314 0.0076504779 -12.377039 0.24332304 -0.0053109395 0.96993077 155.74958
0.97518524 0.010732289 -0.22113019 -134.64118 -0.0087670288 0.99991289 0.0098669367 -12.390737 0.22121684 -0.0076834366 0.97519438 156.82753
0.97992833 0.012928149 -0.19893046 -134.86796 -0.010472008 0.99985546 0.013393946 -12.38632 0.19907488 -0.011041906 0.97992207 157.93067
0.98417954 0.014758103 -0.17655827 -135.07242 -0.01182535 0.99977427 0.017651421 -12.394101 0.17677893 -0.015284304 0.9841319 159.03731
0.98795342 0.016749177 -0.15384248 -135.25683 -0.013674503 0.99968548 0.021022403 -12.385723 0.15414622 -0.018665436 0.98787173 160.1569
0.99117632 0.018219878 -0.1312918 -135.43021 -0.01557661 0.99965535 0.0211318 -12.378867 0.13163158 -0.018900259 0.99111851 161.28456
0.99375268 0.017902475 -0.11015952 -135.56478 -0.0159185 0.99969534 0.018863279 -12.372996 0.11046367 -0.01699186 0.9937349 162.43425
0.99593776 0.018160922 -0.088193918 -135.66623 -0.016639875 0.99970039 0.017951374 -12.362957 0.088493514 -0.016410916 0.99594155 163.59455
0.99754817 0.016428252 -0.068027646 -135.76027 -0.015127507 0.99969361 0.019592071 -12.358806 0.068328672 -0.018514947 0.99749105 164.76199
0.99869603 0.017072208 -0.048112231 -135.83818 -0.016054012 0.99964058 0.021470524 -12.356187 0.048461492 -0.020670133 0.99861115 165.95644
0.99946767 0.017415038 -0.027587808 -135.86559 -0.016803916 0.99961163 0.022230994 -12.348075 0.02796425 -0.021755577 0.99937215 167.17436
0.99979731 0.018810391 -0.007177586 -135.90511 -0.018642338 0.99956615 0.022803123 -12.335228 0.0076034083 -0.022664695 0.99971421 168.39703
0.99971755 0.018904868 0.014402105 -135.88825 -0.019238234 0.99954173 0.023371255 -12.316848 -0.013953676 -0.023641725 0.99962311 169.61557
0.99918467 0.021191502 0.034364364 -135.86052 -0.021985786 0.99949592 0.022902754 -12.312181 -0.033861701 -0.023639609 0.99914691 170.82405
0.99823085 0.022266528 0.055130422 -135.8083 -0.023500781 0.9994852 0.021841627 -12.293674 -0.054615708 -0.023098595 0.99824024 172.09201
0.99703508 0.022430517 0.073606534 -135.74072 -0.023930766 0.99952218 0.019563657 -12.296034 -0.073132547 -0.021267113 0.99709545 173.38996
0.99541803 0.024408971 0.092450777 -135.62575 -0.026070872 0.99951873 0.016810998 -12.286298 -0.091995952 -0.019144243 0.99557533 174.63493
0.99352779 0.024651395 0.11088209 -135.50456 -0.026476593 0.99953661 0.015018268 -12.279433 -0.1104605 -0.017856847 0.99372009 175.92873
0.9911019 0.024625288 0.13080752 -135.32436 -0.026478769 0.99957186 0.012448918 -12.283166 -0.13044497 -0.015801769 0.99132962 177.24303
0.98852592 0.026091302 0.14878087 -135.147 -0.027432318 0.99959938 0.0069680134 -12.281691 -0.14853947 -0.010969466 0.98884564 178.53183
0.98550094 0.027711554 0.16739164 -134.92566 -0.028171112 0.99960305 0.00037099615 -12.312801 -0.16731492 -0.0050812256 0.98589041 179.83456
0.98227732 0.030337135 0.18496196 -134.72711 -0.029960935 0.9995394 -0.0048291947 -12.31759 -0.18502328 -0.0007980246 0.98273381 181.11182
0.97872193 0.03210933 0.20266318 -134.45097 -0.030954666 0.99948147 -0.0088653119 -12.349749 -0.20284277 0.0024033044 0.97920837 182.43596
0.97469332 0.034546118 0.22086082 -134.17216 -0.032751974 0.99939407 -0.011781435 -12.380807 -0.22113402 0.0042496578 0.97523417 183.75953
0.97095157 0.033782562 0.23687925 -133.87171 -0.031887561 0.99942148 -0.011827724 -12.414439 -0.2371418 0.0039306462 0.9714671 185.08114
0.96692034 0.03273677 0.25296907 -133.53814 -0.030550741 0.99945423 -0.012565853 -12.440884 -0.25324239 0.0044217871 0.96739276 186.46257
0.96192672 0.032486256 0.27136992 -133.18286 -0.028968282 0.99943643 -0.016960557 -12.501929 -0.27176799 0.0084536928 0.96232567 187.79291
0.95729184 0.033704721 0.28715208 -132.78491 -0.028729827 0.99935549 -0.021522293 -12.545191 -0.28769244 0.012353287 0.95764318 189.11795
0.95181542 0.036036731 0.3045468 -132.37024 -0.030797077 0.99928368 -0.021992633 -12.579819 -0.30512121 0.011553776 0.95224344 190.4936
0.94636681 0.037705472 0.3208865 -131.94577 -0.032269845 0.99923166 -0.022242736 -12.63719 -0.32147865 0.01069483 0.94685643 191.8042
0.94010447 0.041835227 0.33830959 -131.46543 -0.035205288 0.99904927 -0.02571256 -12.677974 -0.33906367 0.012262207 0.94068351 193.15911
0.93301818 0.042913119 0.35726115 -130.98456 -0.034795754 0.99897008 -0.029121141 -12.7506 -0.35814291 0.014739384 0.93355044 194.48509
0.92680241 0.043774419 0.37298939 -130.46143 -0.034283013 0.99889828 -0.032045455 -12.805819 -0.37398126 0.016912605 0.92728204 195.85423
0.91950021 0.043768698 0.39064518 -129.92201 -0.031922736 0.99881377 -0.036769472 -12.8763 -0.39179117 0.021339075 0.91980669 197.17349
0.91127768 0.047235831 0.40907427 -129.3575 -0.032654447 0.99856009 -0.04256085 -12.968502 -0.41049568 0.025426659 0.91150798 198.5113
0.90150371 0.050923671 0.42976485 -128.74379 -0.034168382 0.99832815 -0.046619944 -13.051334 -0.43142044 0.027343684 0.90173651 199.83605
0.88968906 0.053617555 0.45340768 -128.09994 -0.035651502 0.99820674 -0.048086206 -13.127856 -0.4551729 0.026617107 0.89000516 201.16377
0.87672949 0.058006364 0.4774732 -127.42952 -0.038424917 0.99797524 -0.050684853 -13.225576 -0.47944651 0.026090038 0.8771832 202.47783
0.8624758 0.062354212 0.5022424 -126.71028 -0.040770103 0.99771608 -0.053855616 -13.32484 -0.50445348 0.025972692 0.86304816 203.77892
0.8472561 0.066069062 0.52705972 -125.97361 -0.042336506 0.9974772 -0.056981248 -13.429903 -0.5294948 0.025963844 0.84791578 205.0601
0.83256741 0.067706894 0.54977019 -125.1598 -0.041846983 0.99735339 -0.059456238 -13.53847 -0.5523408 0.026495103 0.83319726 206.30613
0.81662099 0.068485169 0.57309678 -124.3462 -0.040602087 0.9972919 -0.061321562 -13.643808 -0.57574444 0.02680755 0.81719014 207.558
0.80090595 0.070868932 0.59458156 -123.45943 -0.038873431 0.99703059 -0.066474534 -13.769835 -0.59752703 0.030126425 0.80128265 208.7559
0.78461687 0.073331135 0.61562885 -122.54862 -0.037107285 0.9967547 -0.071436145 -13.899701 -0.6188695 0.03320569 0.78479167 209.96257
0.76766199 0.075117699 0.63643724 -121.61442 -0.035263907 0.99655328 -0.075086789 -14.027359 -0.63988402 0.035198011 0.76766502 211.1555
0.75192081 0.076814592 0.65476299 -120.64878 -0.033765128 0.99637235 -0.078115646 -14.164536 -0.65838822 0.036628625 0.75178676 212.28109
0.73597945 0.077493738 0.67255404 -119.64446 -0.031881918 0.99629231 -0.079907303 -14.306597 -0.67625279 0.037367821 0.73572131 213.42747
0.72002487 0.077684811 0.68958626 -118.63283 -0.0297091 0.99625399 -0.081211758 -14.446497 -0.69331205 0.0379875 0.7196356 214.54057
0.70550339 0.078407524 0.70435587 -117.56333 -0.026880704 0.99610648 -0.083960137 -14.599959 -0.70819661 0.040300581 0.70486414 215.63297
0.69008099 0.079580956 0.71934349 -116.4779 -0.023866082 0.99589781 -0.087280931 -14.746164 -0.72333857 0.043063002 0.68914943 216.70291
0.67539804 0.081900055 0.73289141 -115.37734 -0.021723117 0.99559218 -0.091237668 -14.915826 -0.73713339 0.045701058 0.67420014 217.75646
0.66027692 0.084727603 0.74622756 -114.25719 -0.02105126 0.99531341 -0.094382547 -15.076862 -0.75072717 0.046609589 0.65896609 218.77488
0.64461628 0.084995706 0.75976677 -113.08368 -0.019434348 0.99530126 -0.094856262 -15.247905 -0.76425926 0.04638032 0.64323923 219.79215
0.62836539 0.086202895 0.77312738 -111.94681 -0.019805242 0.99529196 -0.094877145 -15.410801 -0.77766621 0.044305541 0.62711429 220.76442
0.61141586 0.087364183 0.78647193 -110.74208 -0.021893585 0.99537389 -0.093549355 -15.585214 -0.79100655 0.039978872 0.6105001 221.71797
0.59164887 0.088334562 0.80134173 -109.50905 -0.023810032 0.99546011 -0.092153386 -15.755231 -0.80584413 0.035442476 0.5910661 222.67132
0.57455449 0.089718468 0.81353407 -108.32322 -0.025775445 0.99546423 -0.091578373 -15.921983 -0.8180604 0.031647563 0.57426097 223.55357
0.5556876 0.092606653 0.82621743 -107.1045 -0.02695569 0.99526141 -0.093424419 -16.09717 -0.83095412 0.029643531 0.55555069 224.43505
0.53810004 0.096429219 0.83734682 -105.87788 -0.029851986 0.99499131 -0.095399992 -16.26904 -0.84235222 0.026338276 0.53828347 225.24635
0.51893387 0.096658107 0.84933197 -104.65737 -0.029793924 0.99502795 -0.095035209 -16.448522 -0.85429505 0.024012058 0.51923353 226.02043
0.49761152 0.095700156 0.86210452 -103.40487 -0.030116592 0.99520197 -0.093091521 -16.613431 -0.86687706 0.020359764 0.49810612 226.7641
0.47667023 0.093641149 0.87408053 -102.16813 -0.029867058 0.99546147 -0.090357142 -16.77614 -0.87857471 0.016964347 0.47730363 227.49105
0.45434972 0.092100993 0.88604948 -100.89714 -0.029937993 0.99565787 -0.088142661 -16.937051 -0.89032023 0.013521051 0.45513419 228.15648
0.43257627 0.091128396 0.89698011 -99.642671 -0.028720074 0.99576674 -0.087314091 -17.098672 -0.90113983 0.01200867 0.43336228 228.79819
