1 0 0 0 0 1 0 0 0 0 1 0
0.99993847 -0.002326324 0.010846074 0.0069481993 0.0023143666 0.9999967 0.0011148952 -0.0083648892 -0.010848632 -0.0010897248 0.99994056 0.29423715
0.99983506 -0.003927406 0.017732109 0.012364447 0.0039016528 0.99999128 0.0014867265 -0.012655055 -0.017737795 -0.0014172968 0.99984167 0.59073635
0.99978102 -0.0071534527 0.019665774 0.024960024 0.0071585319 0.99997436 -0.00018786815 -0.017759251 -0.019663927 0.00032860511 0.99980659 0.88748337
0.99981531 -0.0085285453 0.01722225 0.028923206 0.0085529006 0.99996252 -0.0013409812 -0.023613539 -0.017210169 0.0014880338 0.99985079 1.1906109
0.99987675 -0.011412034 0.010782206 0.029933951 0.011447281 0.99992932 -0.003212913 -0.023416525 -0.010744779 0.003335944 0.99993671 1.5040718
0.99992346 -0.01235183 -0.00070739139 0.017730574 0.012348525 0.99991362 -0.0045014912 -0.034866658 0.00076293201 0.0044924115 0.99998962 1.8410305
0.999794 -0.011443139 -0.016763564 -0.0051798506 0.011363339 0.99992368 -0.0048479395 -0.039216321 0.016817762 0.0046564509 0.99984773 2.1619697
0.99932305 -0.0078041758 -0.035951885 -0.044160084 0.0076137619 0.99995627 -0.005430235 -0.045714398 0.035992694 0.00515283 0.99933877 2.5077051
0.99844473 -0.0040330194 -0.055604473 -0.08840505 0.0036828345 0.99997275 -0.0063988215 -0.05149615 0.055628769 0.0061840876 0.99843237 2.8548627
0.99712383 -0.0032834839 -0.075718484 -0.13231229 0.0028015835 0.99997515 -0.0064697127 -0.055857436 0.075737852 0.0062389731 0.99710825 3.2048331
0.99531933 -0.0043336826 -0.096543472 -0.18680746 0.0037746441 0.99997504 -0.0059724228 -0.062976131 0.096566953 0.0055800507 0.99531085 3.5961226
0.99324119 -0.0054346849 -0.11594137 -0.24485195 0.0048576887 0.99997437 -0.0052586015 -0.070415821 0.11596699 0.0046598525 0.99324214 3.9823181
0.99112195 -0.0047797717 -0.13286996 -0.32215207 0.0041861897 0.99997997 -0.0047463836 -0.07904115 0.13289 0.0041480261 0.99112211 4.3841651
0.98878976 -0.0036713586 -0.14926932 -0.39364363 0.0031052632 0.99998708 -0.0040253346 -0.086968925 0.14928219 0.003516689 0.98878838 4.7883575
0.98671664 -0.0028445652 -0.16242591 -0.47813477 0.0022149279 0.99998932 -0.0040574111 -0.092570021 0.16243573 0.0036437533 0.9867124 5.205948
0.98457368 -0.0044013926 -0.1749151 -0.57032804 0.0035771755 0.99998097 -0.005027103 -0.1003549 0.17493391 0.0043238513 0.98457069 5.6464754
0.98279376 -0.0073289251 -0.18456088 -0.65799911 0.0061838304 0.9999579 -0.0067792645 -0.11378096 0.18460281 0.0055213256 0.9827977 6.0926066
0.98127959 -0.0066248282 -0.19247462 -0.75411935 0.0050514639 0.99994971 -0.0086639833 -0.12099328 0.19252235 0.0075295114 0.9812637 6.5415408
0.97972781 -0.006580537 -0.20022515 -0.86856039 0.0045060593 0.99993137 -0.010814696 -0.12494456 0.20028259 0.0096932318 0.97969022 7.0259345
0.97819381 -0.0068631298 -0.20758074 -0.97354978 0.0042776635 0.99990762 -0.012901544 -0.13312237 0.20765013 0.01173225 0.9781328 7.4981001
0.97633799 -0.01085343 -0.21597761 -1.0918599 0.0077885486 0.99985661 -0.01503683 -0.14639502 0.21610986 0.012998876 0.97628252 8.0009853
0.97445391 -0.016373069 -0.22398997 -1.2079658 0.013106362 0.99978507 -0.016063242 -0.16435448 0.22420485 0.012717195 0.97445906 8.5082485
0.97261966 -0.017423599 -0.23174861 -1.3385458 0.013493707 0.99973721 -0.018532048 -0.18933767 0.23201062 0.014897487 0.97259917 9.0286063
0.9704886 -0.013664643 -0.24075953 -1.4921022 0.0084414364 0.99970639 -0.022712761 -0.19303405 0.24099922 0.02001012 0.97031901 9.5652574
0.96836592 -0.010906042 -0.24929601 -1.6448454 0.0045951159 0.99965442 -0.025882964 -0.21158127 0.24949216 0.023918637 0.96808138 10.096095
0.96604418 -0.013351168 -0.25803173 -1.8050088 0.0063664602 0.99959084 -0.027885809 -0.23353302 0.25829849 0.025296175 0.96573392 10.658014
0.96379505 -0.015287999 -0.26620553 -1.9666275 0.007630419 0.99952746 -0.029776298 -0.26360606 0.26653498 0.026666989 0.96345627 11.230652
0.96162191 -0.015366588 -0.27394738 -2.1402074 0.006755857 0.99945384 -0.032347875 -0.28735453 0.27429486 0.029255677 0.96120052 11.793833
0.95913112 -0.01445602 -0.28259249 -2.3329418 0.004528146 0.9993504 -0.035753049 -0.30818057 0.28292579 0.033012242 0.95857352 12.387749
0.95698989 -0.01564844 -0.28969894 -2.5177721 0.0039783688 0.99915824 -0.040828625 -0.33805973 0.29009401 0.037920053 0.95624659 12.960807
0.95511657 -0.016610989 -0.29576412 -2.7195956 0.0024935595 0.99884204 -0.048045431 -0.38133537 0.29621974 0.045151482 0.954052 13.580598
0.95385428 -0.016948166 -0.29979121 -2.9273752 7.2904136e-05 0.99841886 -0.056211883 -0.41581345 0.30026991 0.05359609 0.95234733 14.206373
0.95273132 -0.017162551 -0.30332899 -3.1298903 -0.002603506 0.99790528 -0.064639524 -0.46123585 0.30380301 0.062373818 0.95069093 14.823959
0.95119997 -0.016727536 -0.3081214 -3.3569826 -0.0063243259 0.99726306 -0.073663989 -0.50974191 0.30851033 0.072017846 0.94849081 15.467845
0.94996704 -0.015148281 -0.31198259 -3.5802058 -0.010658441 0.9966695 -0.080847448 -0.56573086 0.31216826 0.08012766 0.94664172 16.101898
0.94839423 -0.014538264 -0.31676018 -3.8182311 -0.013889413 0.99608501 -0.087302592 -0.6291835 0.31678932 0.087196889 0.94447935 16.778166
0.9467957 -0.012960233 -0.32157413 -4.061365 -0.018086347 0.99546714 -0.093370569 -0.69977841 0.32132661 0.094218957 0.9422696 17.44551
0.94516205 -0.010862828 -0.32642102 -4.3096545 -0.022599703 0.99487582 -0.098546179 -0.77189722 0.3258189 0.10051913 0.94007338 18.105233
0.94337296 -0.0084686184 -0.3316259 -4.580573 -0.0268819 0.99443494 -0.10186522 -0.85028162 0.33064307 0.10501163 0.93789537 18.815508
0.94158036 -0.0076771281 -0.33670086 -4.8377528 -0.028771699 0.9942517 -0.10312971 -0.92797286 0.33555717 0.10679237 0.935947 19.493361
0.93955117 -0.0064795642 -0.34234721 -5.1173384 -0.030435566 0.99428302 -0.10234723 -1.0153187 0.34105321 0.10657999 0.93398256 20.22932
0.93733917 -0.0068853476 -0.34835019 -5.3999498 -0.030273757 0.99441396 -0.10111567 -1.1021322 0.34710054 0.10532555 0.93189471 20.95153
0.93475382 -0.0066996595 -0.35523287 -5.6768005 -0.030491064 0.99462096 -0.09899213 -1.1847252 0.3539853 0.1033647 0.92952147 21.665114
0.93199688 -0.0063194177 -0.36241118 -5.9548925 -0.030484965 0.9949389 -0.095745734 -1.2686845 0.36118207 0.10028282 0.92708731 22.363255
0.92809001 -0.0032290365 -0.37234192 -6.3089618 -0.0328689 0.99534844 -0.090560075 -1.3567267 0.3709024 0.096286371 0.9236668 23.197025
0.92490665 -0.0021288769 -0.38018831 -6.6284821 -0.03262193 0.9958521 -0.084937605 -1.4327601 0.37879218 0.090961833 0.92100078 23.91299
0.92131639 0.00052639505 -0.38881334 -6.9571699 -0.034762573 0.9961058 -0.081023403 -1.5082352 0.38725661 0.088164343 0.9177469 24.658792
0.91709648 0.0010373952 -0.39866396 -7.2937611 -0.035460446 0.99624518 -0.078981676 -1.5816442 0.39708514 0.086570621 0.91368973 25.393297
0.91340146 0.0037661682 -0.40704247 -7.6656549 -0.038987133 0.99616958 -0.078269866 -1.6643508 0.40518858 0.08736123 0.91004958 26.186049
0.90982566 0.0035007547 -0.4149759 -8.0020991 -0.039043871 0.99625096 -0.077198418 -1.7313552 0.41314992 0.086439368 0.90655138 26.933064
0.90610783 0.0037348594 -0.4230303 -8.3942166 -0.039398281 0.99636017 -0.075592274 -1.8040514 0.42120825 0.085161419 0.9029569 27.718174
0.90227919 0.0033596124 -0.43113914 -8.7789288 -0.038745477 0.99655554 -0.073320168 -1.8805839 0.42940781 0.082859955 0.89930149 28.506973
0.89887516 0.0049386287 -0.43817696 -9.1689871 -0.039112809 0.99684959 -0.069000569 -1.9541114 0.43645579 0.07916123 0.8962365 29.2716
0.89510402 0.0051902452 -0.44582715 -9.5830963 -0.037469061 0.99727069 -0.063617985 -2.0147594 0.44428019 0.07364944 0.89285547 30.089739
0.89160363 0.0047664444 -0.4527916 -9.9977376 -0.035473208 0.99760677 -0.059349603 -2.0823032 0.45142512 0.068978293 0.8896389 30.869413
0.88798777 0.0048749478 -0.45984121 -10.439926 -0.03516012 0.99773656 -0.057319439 -2.1506644 0.458521 0.067067034 0.88614927 31.694531
0.88423929 0.0050022589 -0.46700731 -10.87302 -0.035242872 0.99780623 -0.056041617 -2.2117244 0.46570251 0.066012879 0.88247577 32.502949
0.88155554 0.0054156956 -0.47204924 -11.319784 -0.035225044 0.99790128 -0.054334376 -2.2670684 0.47076432 0.064526726 0.87989617 33.320346
0.87825993 0.0031700462 -0.47817302 -11.796985 -0.032362922 0.99807928 -0.052824181 -2.3285481 0.47708717 0.061868439 0.87667563 34.169517
0.87548267 0.0014670211 -0.48324727 -12.264304 -0.03078483 0.99813356 -0.052741736 -2.3891598 0.48226798 0.061051161 0.8738938 35.012444
0.87350986 0.0013751659 -0.4868045 -12.739864 -0.031172846 0.99810166 -0.053116253 -2.4484329 0.48580737 0.061572653 0.8718945 35.844542
0.87199376 0.0018762743 -0.48951337 -13.245165 -0.032278743 0.99803665 -0.053674264 -2.5107131 0.48845161 0.062604501 0.8703423 36.714754
0.87207053 0.0018995349 -0.48937651 -13.740011 -0.031834684 0.99809462 -0.052855361 -2.5698816 0.4883437 0.06167275 0.87046937 37.579863
0.87173731 0.001832376 -0.48997009 -14.250657 -0.030811711 0.99821884 -0.051085983 -2.6310949 0.48900381 0.059630375 0.87024107 38.47042
0.87172579 -0.00037884134 -0.48999386 -14.777329 -0.027997252 0.99832748 -0.050580497 -2.6945373 0.48919354 0.057810806 0.87025721 39.376346
0.87125647 -0.0015972203 -0.49082542 -15.275644 -0.027012389 0.99832314 -0.051197957 -2.758335 0.49008419 0.05786492 0.86975235 40.257231
0.86978312 -0.0016685556 -0.49343136 -15.800031 -0.027453886 0.99828163 -0.051769334 -2.8268163 0.49266989 0.058574702 0.86824271 41.188891
0.86848805 -0.0033383022 -0.49569885 -16.326051 -0.024678222 0.99844621 -0.049961493 -2.8881339 0.49509546 0.055623926 0.86705622 42.084338
0.86642473 -0.0032694822 -0.49929698 -16.871271 -0.023009684 0.99865474 -0.046467818 -2.9518956 0.49877726 0.051749533 0.86518394 43.025646
0.86437239 -0.0024600459 -0.50284619 -17.422587 -0.02162834 0.99888075 -0.042065012 -3.0217776 0.5023869 0.047235564 0.86335174 43.954537
0.85983055 -0.0050512415 -0.51055449 -17.965577 -0.017685069 0.9990564 -0.039667925 -3.0762079 0.51027315 0.043136885 0.85892989 44.842994
0.85495368 -0.0085196312 -0.51863436 -18.537792 -0.015419362 0.99900579 -0.041829083 -3.1397765 0.51847514 0.04375894 0.85397231 45.769978
0.84941959 -0.010079337 -0.52762179 -19.099633 -0.016453567 0.99882566 -0.045569538 -3.2022779 0.52746153 0.047388919 0.84825624 46.634499
0.84338673 -0.0097793852 -0.53721798 -19.678033 -0.01721659 0.99882909 -0.045211027 -3.2620129 0.53703113 0.047379443 0.84223084 47.536386
0.83744969 -0.0052438495 -0.54648924 -20.276517 -0.019886315 0.99899936 -0.040060056 -3.3239011 0.54615251 0.044415939 0.83650743 48.437091
0.83285409 -0.0045868443 -0.55347358 -20.874301 -0.0176308 0.99923837 -0.034811479 -3.3802384 0.55321176 0.038751065 0.83213889 49.298857
0.82853654 -0.0036511548 -0.55992307 -21.48036 -0.020103493 0.99914005 -0.036263003 -3.4366538 0.55957401 0.041301633 0.82775064 50.193972
0.82553174 -0.0051200279 -0.56433245 -22.087204 -0.021741941 0.99892797 -0.040868109 -3.4890296 0.56393676 0.046007605 0.82453542 51.065891
0.82215647 -0.0073217553 -0.56921446 -22.696185 -0.024149673 0.99856851 -0.047725566 -3.5552807 0.56874912 0.052984227 0.82080274 51.910997
0.8189355 -0.007926237 -0.5738308 -23.332147 -0.0250106 0.99846166 -0.049485162 -3.6180068 0.57334033 0.054877009 0.81747747 52.788158
0.81648459 -0.0053153499 -0.57734274 -23.94995 -0.02583196 0.99861998 -0.045725716 -3.6874352 0.57678909 0.052248237 0.81522052 53.653543
0.81296525 -0.0038639919 -0.58229936 -24.585479 -0.023626923 0.99893565 -0.039614925 -3.7486588 0.58183271 0.0459635 0.81200867 54.532271
0.80949752 -0.0043696257 -0.58710701 -25.213898 -0.02126135 0.99909826 -0.036750871 -3.8025882 0.58673822 0.042232427 0.80867466 55.38602
0.80706018 -0.0026422135 -0.59046325 -25.863163 -0.024089018 0.99901014 -0.037395864 -3.8584213 0.58997763 0.044404393 0.80619766 56.234644
0.80391042 -0.002776944 -0.59474389 -26.521055 -0.025413679 0.99891538 -0.039015536 -3.9180069 0.59420721 0.046479626 0.80296791 57.111431
0.79971223 -0.0048943099 -0.60036353 -27.179353 -0.02504916 0.99882407 -0.041509305 -3.9795643 0.59986075 0.048234101 0.79864922 57.976981
0.7960259 -0.006443604 -0.60522824 -27.825084 -0.024003404 0.99882061 -0.042204465 -4.0351333 0.60478644 0.048123385 0.79493241 58.805975
0.79079792 -0.0079828996 -0.61202523 -28.496475 -0.021733963 0.99891814 -0.04111176 -4.0957592 0.61169135 0.045812829 0.78976889 59.673366
0.78685207 -0.0071174233 -0.61710058 -29.159676 -0.022618197 0.99892912 -0.04036129 -4.1539364 0.61672706 0.045716068 0.78584847 60.486265
0.78198712 -0.0087379431 -0.62323331 -29.867292 -0.021655015 0.9989172 -0.04117627 -4.2170983 0.62291832 0.04569544 0.78095117 61.348136
0.77616979 -0.010261075 -0.63044043 -30.549777 -0.021024224 0.9988904 -0.042142054 -4.2760728 0.63017337 0.04596391 0.77509282 62.179248
0.77228899 -0.010405295 -0.63518612 -31.233921 -0.021877783 0.99883712 -0.04296247 -4.3372342 0.63489456 0.047075907 0.77116327 63.010025
0.7651575 -0.011697981 -0.64373684 -31.968533 -0.021636521 0.99880302 -0.043867807 -4.402585 0.64347952 0.047494007 0.76398852 63.852992
0.76103099 -0.013322769 -0.64857868 -32.669724 -0.020927249 0.99876453 -0.045071775 -4.4693276 0.64837792 0.047873985 0.75981195 64.690754
0.7542304 -0.015555707 -0.65642554 -33.404881 -0.018695793 0.99880523 -0.045150674 -4.5288858 0.65634367 0.046326407 0.75303844 65.505697
0.74790558 -0.015193882 -0.66363119 -34.146229 -0.01847285 0.99887442 -0.043688011 -4.5925284 0.66354807 0.044933667 0.74678308 66.32427
0.7411727 -0.015573961 -0.6711337 -34.910004 -0.017587655 0.99893723 -0.042603877 -4.6584018 0.671084 0.043380499 0.7401111 67.144619
0.735356 -0.016843021 -0.67747164 -35.672345 -0.016897813 0.99892455 -0.043176441 -4.7225388 0.67747034 0.043197844 0.73428055 67.956846
0.72877774 -0.018103011 -0.68451095 -36.430341 -0.017586471 0.99882589 -0.045139357 -4.7925461 0.68452447 0.044934691 0.72760371 68.75158
0.72354538 -0.017222325 -0.69006191 -37.198635 -0.019137353 0.99880395 -0.044993743 -4.8512126 0.69001151 0.045760973 0.72235039 69.550918
0.71807004 -0.017895362 -0.69574071 -38.014549 -0.017819722 0.9988689 -0.044083849 -4.9167759 0.69574271 0.044053198 0.71693894 70.369366
0.71363734 -0.017406119 -0.70029904 -38.803837 -0.018772243 0.99885705 -0.043956647 -4.9818534 0.70026381 0.044515288 0.71249494 71.184742
0.70836715 -0.01762803 -0.70562397 -39.639034 -0.019744824 0.998802 -0.044773841 -5.0492722 0.70556797 0.045648739 0.70717047 71.974607
0.70356687 -0.019368225 -0.71036504 -40.439505 -0.02018671 0.99868039 -0.047222715 -5.1188706 0.71034231 0.047564271 0.70224745 72.767182
0.69889716 -0.021856787 -0.7148881 -41.271345 -0.019764089 0.99856106 -0.049851719 -5.1864434 0.71494907 0.048970338 0.69745951 73.551565
0.69335923 -0.02215056 -0.72025155 -42.117816 -0.020999228 0.99848182 -0.050922402 -5.2619025 0.72028609 0.050432244 0.69184144 74.357945
0.68788697 -0.022416249 -0.72547156 -42.993622 -0.019432071 0.99859591 -0.049280833 -5.3305935 0.72555768 0.047997058 0.68648552 75.138414
0.68483375 -0.021276524 -0.72838863 -43.812652 -0.02025328 0.99863174 -0.048212643 -5.4057484 0.72841786 0.047769905 0.6834658 75.918345
0.67929693 -0.02311578 -0.73349935 -44.691941 -0.018277883 0.99866081 -0.048399406 -5.4816364 0.73363591 0.046284383 0.67796472 76.714462
0.67482886 -0.023851912 -0.73758867 -45.554528 -0.018195602 0.99863592 -0.048940952 -5.5511378 0.73774994 0.046447637 0.67347434 77.489131
0.66956359 -0.024677534 -0.74234465 -46.433285 -0.017109119 0.99867031 -0.048630191 -5.6273776 0.74255769 0.045261869 0.66825106 78.297714
0.6662733 -0.025970162 -0.74525525 -47.315975 -0.015225218 0.9987113 -0.048414083 -5.6947282 0.74555223 0.043603685 0.66501928 79.048377
0.6623962 -0.028364739 -0.7486165 -48.202842 -0.012823519 0.99870725 -0.049187161 -5.7687986 0.74904397 0.042181287 0.66117616 79.813692
0.65793663 -0.033024012 -0.75234883 -49.10599 -0.0097714717 0.99857955 -0.052377447 -5.8492598 0.75300993 0.041812597 0.65667937 80.599052
0.65314249 -0.037294071 -0.75631607 -50.01045 -0.0060157687 0.9984994 -0.054431292 -5.9203555 0.75721116 0.040101212 0.65193803 81.38184
0.64780301 -0.041145579 -0.7606959 -50.930944 -0.0004577608 0.99851917 -0.05439912 -6.0030274 0.76180778 0.035588131 0.64682489 82.157137
0.63748519 -0.045245703 -0.76913289 -51.852899 0.0051374347 0.99850161 -0.054480661 -6.0878674 0.77044551 0.030779244 0.63676244 82.920885
0.6298581 -0.045130287 -0.77539795 -52.785434 0.0057189395 0.99855292 -0.053473007 -6.1735075 0.7766892 0.029245953 0.62920475 83.693678
0.62039087 -0.044231773 -0.78304449 -53.762721 0.0075467244 0.99869887 -0.050434303 -6.2452748 0.78425651 0.02537956 0.61991746 84.409297
0.61282844 -0.043995523 -0.78899026 -54.706704 0.0071698368 0.9987174 -0.050121295 -6.3252307 0.79018349 0.025058824 0.61235787 85.162426
0.60461109 -0.045084459 -0.79524384 -55.68549 0.0055107426 0.99860971 -0.052424074 -6.4012244 0.7965018 0.027313792 0.60401895 85.896402
0.59306525 -0.048299891 -0.80370434 -56.674813 0.0079375768 0.9985013 -0.05414927 -6.4825972 0.8051153 0.025734585 0.59255981 86.618973
0.58418925 -0.04824714 -0.81018213 -57.695574 0.0049940204 0.99842633 -0.055856282 -6.5661636 0.81160214 0.028584573 0.58351087 87.321092
0.57416634 -0.049413976 -0.81724612 -58.687181 0.0085714578 0.99848513 -0.05435043 -6.6521704 0.81869384 0.024201196 0.5737201 88.020432
0.56299591 -0.049947514 -0.82494897 -59.721747 0.011088598 0.99853877 -0.052890173 -6.7316684 0.82638533 0.020629423 0.56272709 88.71758
0.55304032 -0.050130294 -0.83164494 -60.754172 0.011111298 0.9985432 -0.052801702 -6.8165877 0.83308043 0.019960815 0.55279166 89.396629
0.54325841 -0.051732826 -0.83797014 -61.781117 0.010756371 0.99844673 -0.054666603 -6.8967819 0.83949667 0.020684574 0.54297104 90.046578
0.53326644 -0.052628587 -0.84430863 -62.853353 0.010182849 0.99838996 -0.055801491 -6.9809156 0.84588609 0.021159595 0.53294377 90.72216
0.52338024 -0.052449628 -0.85048345 -63.910853 0.0072557891 0.99834193 -0.057102964 -7.0715146 0.85206839 0.023715634 0.522893 91.362567
0.51430169 -0.052745404 -0.85598577 -65.015446 0.0070280943 0.99833261 -0.057294055 -7.1593366 0.85758057 0.02345048 0.51381485 92.003484
0.50467379 -0.05054054 -0.86182942 -66.132533 0.0054359472 0.99845115 -0.055369286 -7.2493146 0.86329304 0.023258568 0.50416686 92.646681
0.49893103 -0.049631251 -0.86521934 -67.197551 0.0074577649 0.99856773 -0.052979925 -7.3326109 0.86660964 0.019980726 0.49858657 93.242098
0.48951985 -0.049374572 -0.87059313 -68.322173 0.0069965027 0.99858591 -0.052699502 -7.418873 0.87196412 0.019706345 0.48917307 93.874193
0.48259756 -0.052188588 -0.87428592 -69.445311 0.0083508892 0.99845194 -0.054990795 -7.5091794 0.87580244 0.019237358 0.4822863 94.49079
0.47621398 -0.055933604 -0.87754864 -70.530038 0.011244088 0.99828062 -0.057527114 -7.5921472 0.87925758 0.017527981 0.47602411 95.075008
0.4692181 -0.059306337 -0.88108857 -71.652128 0.013108992 0.99810017 -0.060201313 -7.6814715 0.88298505 0.016697363 0.46910412 95.650404
0.46461614 -0.062330198 -0.88331575 -72.79232 0.01426216 0.99791697 -0.062915138 -7.7817037 0.88539737 0.016633398 0.4645373 96.25137
0.45934415 -0.062584308 -0.88605084 -73.929276 0.015538024 0.9979283 -0.062431352 -7.8827288 0.88812251 0.014909997 0.45936496 96.843474
0.45461289 -0.060889761 -0.88860536 -75.043226 0.017950806 0.99808426 -0.059207885 -7.9833418 0.89050826 0.010965484 0.45483499 97.425228
0.45177965 -0.059459277 -0.89014587 -76.176128 0.022694443 0.99821958 -0.055160091 -8.0724821 0.89184089 0.0047188413 0.45232469 97.970729
0.44815161 -0.058880446 -0.89201635 -77.277818 0.024166853 0.99826183 -0.053752029 -8.1643347 0.89363089 0.0025318291 0.4487956 98.522121
0.4445897 -0.058429929 -0.89382653 -78.403779 0.024389428 0.99828985 -0.053127441 -8.2563397 0.89540227 0.0018199948 0.44525446 99.0975
0.44366288 -0.057928848 -0.89431953 -79.531855 0.02707321 0.99831962 -0.051234627 -8.3478174 0.89578477 -0.0014811987 0.44448568 99.653626
0.43896853 -0.058000098 -0.89662843 -80.612322 0.030157637 0.99830317 -0.049812639 -8.4280505 0.89799622 -0.0051740146 0.43997282 100.17313
0.43838319 -0.057683327 -0.89693519 -81.736013 0.030460726 0.99831865 -0.049315571 -8.5122505 0.89827189 -0.0057021805 0.43940319 100.69715
0.43555413 -0.058054359 -0.89828849 -82.81879 0.032923928 0.99827785 -0.048552585 -8.5962845 0.89956027 -0.0084279072 0.43671542 101.22832
0.43319515 -0.057315559 -0.89947586 -83.906342 0.03610949 0.99827839 -0.046220728 -8.6768479 0.90057656 -0.01245702 0.434519 101.76445
0.43137442 -0.057101612 -0.90036406 -85.018944 0.038873828 0.99824453 -0.044684365 -8.7597046 0.90133512 -0.015724906 0.43283692 102.28518
0.42924233 -0.057666934 -0.90134648 -86.087567 0.040269714 0.99818914 -0.044685416 -8.8385087 0.90229122 -0.017116094 0.43078726 102.80536
0.42881372 -0.058702537 -0.90148363 -87.123982 0.04109119 0.99812117 -0.045449277 -8.9136838 0.90245796 -0.017553762 0.43042021 103.28533
0.42803317 -0.059962572 -0.9017716 -88.184668 0.04126114 0.99805269 -0.046779773 -8.9964072 0.90282069 -0.017184831 0.42967378 103.79383
0.42914015 -0.060668577 -0.90119808 -89.248394 0.040559759 0.99802959 -0.047873176 -9.0765309 0.90232683 -0.016008076 0.43075527 104.28091
0.43051299 -0.060091754 -0.90058175 -90.264872 0.037937572 0.99810422 -0.048463359 -9.1546817 0.90178677 -0.01330178 0.43197657 104.7684
0.43491029 -0.06010197 -0.89846576 -91.27359 0.036371877 0.99812831 -0.049162669 -9.2346628 0.89973896 -0.011297536 0.43628229 105.25054
0.44156852 -0.061432156 -0.89512193 -92.30545 0.036220308 0.99806051 -0.05062915 -9.314648 0.89649618 -0.010065354 0.44293719 105.73563
0.44793336 -0.060734775 -0.89200164 -93.311312 0.034397767 0.99812205 -0.050686916 -9.3927328 0.89340504 -0.0079785047 0.4491813 106.22776
0.4535302 -0.05990358 -0.88922542 -94.296999 0.034046989 0.99817482 -0.049878138 -9.4724754 0.89059038 -0.0076542075 0.45474197 106.744
0.4628602 -0.058307536 -0.8845115 -95.262929 0.031938383 0.99828337 -0.04909426 -9.5438015 0.88585577 -0.0055260887 0.46392789 107.26089
0.4711 -0.05757665 -0.88019865 -96.261338 0.031020655 0.99833156 -0.04870123 -9.6172989 0.88153422 -0.0043611901 0.47210006 107.75103
0.48136918 -0.057287765 -0.87464379 -97.221612 0.030552882 0.99835212 -0.048575371 -9.6905503 0.87598533 -0.003340203 0.48232625 108.28758
0.49077475 -0.058545796 -0.86931724 -98.195121 0.030912692 0.99828174 -0.049779331 -9.7716323 0.87073797 -0.0024424976 0.49174128 108.8362
0.50092811 -0.059372946 -0.86344995 -99.1415 0.027872472 0.99823341 -0.052470852 -9.8416089 0.86504001 0.0022176393 0.50169804 109.35557
0.51258868 -0.058446501 -0.85664274 -100.0804 0.02370557 0.9982636 -0.053924239 -9.91763 0.85830702 0.0073337499 0.51308414 109.90587
0.52485271 -0.057711647 -0.84923432 -101.02007 0.022912197 0.99829524 -0.053680984 -9.9959316 0.85088467 0.0087167863 0.52528027 110.46903
0.53668191 -0.055017879 -0.84198902 -101.93214 0.02108774 0.99843485 -0.051799202 -10.069826 0.84352113 0.010044049 0.53700212 111.04706
0.54932029 -0.05357542 -0.83389258 -102.84 0.021368817 0.99851681 -0.050075554 -10.144117 0.83533864 0.0096882197 0.54965039 111.62761
0.56096592 -0.053015751 -0.82613952 -103.72057 0.021778388 0.99854696 -0.049291655 -10.223474 0.82755241 0.0096589512 0.56130541 112.22239
0.57237383 -0.052395942 -0.81831706 -104.58456 0.020136719 0.99855362 -0.049851615 -10.289642 0.81974555 0.012055539 0.57260104 112.83981
0.58318799 -0.053583159 -0.81056805 -105.45989 0.020629088 0.99847724 -0.051162798 -10.365637 0.81207528 0.013116249 0.58340531 113.45361
0.59402059 -0.055416351 -0.80253879 -106.29588 0.022853367 0.9983843 -0.052024207 -10.439718 0.80412519 0.012562736 0.59432728 114.06582
0.60514027 -0.054223098 -0.79427014 -107.10949 0.022061558 0.99843687 -0.05135281 -10.511985 0.79581316 0.013552817 0.60539061 114.68153
0.61560494 -0.05304575 -0.78626754 -107.93342 0.022506509 0.99850842 -0.04974326 -10.588963 0.7877335 0.012926059 0.61588059 115.3213
0.62501981 -0.051503615 -0.77890793 -108.74997 0.02390404 0.99861588 -0.046849991 -10.656523 0.78024283 0.010663126 0.62538586 115.96852
0.63462909 -0.0497683 -0.77121267 -109.51194 0.022557767 0.99869198 -0.045885382 -10.722039 0.77248761 0.011723363 0.63492165 116.59662
0.64522994 -0.048592318 -0.76244151 -110.29161 0.020070821 0.99870894 -0.046664941 -10.79207 0.76372478 0.01480679 0.6453722 117.24083
0.65476666 -0.047507646 -0.75433653 -111.04785 0.017142854 0.99869938 -0.048017411 -10.857321 0.75563668 0.018508719 0.65472947 117.8902
0.66368279 -0.047117409 -0.74652867 -111.79919 0.017660954 0.99872299 -0.047333706 -10.925008 0.74780565 0.018230158 0.6636674 118.54792
0.67283051 -0.045079534 -0.7384219 -112.52242 0.016872496 0.99881717 -0.045602498 -10.989386 0.73960427 0.018223731 0.67279527 119.20125
0.68150924 -0.043732844 -0.73050158 -113.24183 0.017426156 0.99889954 -0.043543549 -11.050145 0.73160203 0.016945496 0.68152136 119.86544
0.6897189 -0.042808055 -0.72281067 -113.93511 0.017192014 0.99893759 -0.042756589 -11.115131 0.72387313 0.017063456 0.6897221 120.51848
0.69716411 -0.042270767 -0.71566426 -114.62242 0.016730777 0.99894764 -0.042704642 -11.172909 0.71671635 0.017798524 0.69713767 121.17594
0.70548207 -0.041275994 -0.70752477 -115.28664 0.016326872 0.99898422 -0.041999592 -11.236752 0.70853971 0.018078292 0.70543936 121.84206
0.71241693 -0.037688486 -0.70074365 -115.96459 0.014040149 0.99912241 -0.039462323 -11.287658 0.70161602 0.018275082 0.71232087 122.5053
0.71919475 -0.035846057 -0.69388322 -116.60626 0.014213417 0.99921833 -0.036887796 -11.346671 0.69466317 0.016667057 0.71914208 123.1748
0.7271633 -0.034438599 -0.68560009 -117.23949 0.013485497 0.99926471 -0.035891358 -11.401702 0.68633208 0.016853221 0.72709304 123.83566
0.73420764 -0.033284868 -0.67810856 -117.86267 0.012473904 0.99929025 -0.035544174 -11.455698 0.67881042 0.017638143 0.73410173 124.48887
0.74165152 -0.030969837 -0.67007004 -118.46373 0.010855165 0.99935693 -0.034174296 -11.502332 0.67069757 0.018071698 0.74151077 125.16556
0.75053267 -0.028039825 -0.66023817 -119.0719 0.0096522461 0.99945797 -0.031473946 -11.552849 0.66076288 0.017249444 0.7503965 125.8231
0.76025963 -0.024392698 -0.64916119 -119.63212 0.0076269436 0.99956107 -0.028626995 -11.594401 0.6495746 0.016812833 0.76011197 126.49736
0.77000103 -0.021637625 -0.63767562 -120.18119 0.0055347868 0.99961372 -0.027235596 -11.640099 0.63801866 0.017442038 0.76982335 127.15242
0.77980331 -0.02208547 -0.62563488 -120.72671 0.0054238341 0.99957835 -0.028525637 -11.682709 0.62600113 0.018851046 0.77959429 127.81768
0.78926601 -0.022192202 -0.61365026 -121.25227 0.0048999361 0.99954251 -0.029845495 -11.728038 0.61403192 0.020549188 0.78901367 128.49371
0.79920045 -0.021198978 -0.60069062 -121.75764 0.004359219 0.999556 -0.029475533 -11.769558 0.60104881 0.020938317 0.79893801 129.17136
0.80871056 -0.0201006 -0.58786321 -122.25625 0.0043829891 0.99959412 -0.028149188 -11.805674 0.58819048 0.020187948 0.80847043 129.85493
0.81873171 -0.017990442 -0.57389432 -122.74276 0.0041277892 0.99966761 -0.02544878 -11.84387 0.57416145 0.018466809 0.81853383 130.53998
0.82790774 -0.01687373 -0.5606104 -123.21071 0.0044632937 0.9997139 -0.023498863 -11.880601 0.56084657 0.016952722 0.82774619 131.23771
0.83695635 -0.015339423 -0.5470546 -123.67561 0.0049064712 0.99977726 -0.020527209 -11.913007 0.54724767 0.01449627 0.83684519 131.94794
0.84457543 -0.014688155 -0.53523506 -124.12914 0.0057346143 0.99981447 -0.018388398 -11.944547 0.5354059 0.012461022 0.84450297 132.65634
0.85169988 -0.014897876 -0.52381805 -124.56957 0.0069333733 0.99982867 -0.017162774 -11.976068 0.52398404 0.010985706 0.85165725 133.38229
0.85812413 -0.015001189 -0.51322306 -125.00458 0.0074221419 0.99983108 -0.016814396 -12.00916 0.51338865 0.010619625 0.85809052 134.08387
0.86482546 -0.014073496 -0.50187533 -125.42272 0.0068522439 0.99984481 -0.016229762 -12.032556 0.50202589 0.010596939 0.86478768 134.82053
0.87108054 -0.012321342 -0.4909856 -125.8428 0.0052646199 0.99986208 -0.015751451 -12.063579 0.491112 0.01113593 0.87102527 135.55907
0.87722964 -0.011449338 -0.47993442 -126.25459 0.004596145 0.99987005 -0.015452061 -12.08225 0.48004901 0.011349158 0.87716827 136.30485
0.88224019 -0.011884816 -0.47064953 -126.64348 0.0051474363 0.99986507 -0.015599584 -12.1162 0.47077146 0.011339942 0.88218233 137.05821
0.88781056 -0.012642777 -0.46003538 -127.04682 0.0059596209 0.9998546 -0.015976868 -12.144759 0.46017052 0.011442796 0.88775682 137.82773
0.89187459 -0.013462353 -0.45208236 -127.44501 0.0065909853 0.99983763 -0.016770916 -12.175983 0.45223477 0.011977886 0.89181851 138.59145
0.89526983 -0.012729641 -0.44534242 -127.82815 0.006252695 0.99985228 -0.016009954 -12.200795 0.44548048 0.011548639 0.89521717 139.36601
0.89811823 -0.011153654 -0.43961258 -128.21696 0.0061044705 0.99989819 -0.01289768 -12.226788 0.43971171 0.0089000395 0.89809488 140.15845
0.90163079 -0.007393365 -0.43244334 -128.61431 0.0039805179 0.99995339 -0.0087966741 -12.246215 0.43248825 0.0062100036 0.90161819 140.96438
0.90461842 -0.0047289575 -0.42619611 -129.00354 0.0022509769 0.99997751 -0.006317693 -12.261126 0.42621644 0.0047557436 0.90460872 141.78899
0.90782282 -0.0021022069 -0.41934866 -129.40191 0.0004681791 0.99999189 -0.0039994556 -12.2857 0.4193537 0.0034344665 0.90781644 142.62234
0.91078463 -0.00015468792 -0.41288171 -129.78056 -0.00064633214 0.99999817 -0.0018004117 -12.291163 0.41288127 0.0019066457 0.91078287 143.46315
0.91403846 0.001021204 -0.40562624 -130.17999 -0.00074424207 0.99999937 0.00084052122 -12.307281 0.40562687 -0.00046638494 0.91403864 144.33071
0.91753978 0.0012793821 -0.39764193 -130.55603 -0.00013706316 0.99999578 0.002901142 -12.321971 0.397644 -0.0026074115 0.91753609 145.19911
0.92074192 0.00093045683 -0.39017104 -130.94168 0.00074455244 0.99999115 0.0041417452 -12.333033 0.39017148 -0.0041039817 0.92073307 146.08653
0.92417467 0.00010129564 -0.3819701 -131.31493 0.0015113038 0.99999117 0.0039217814 -12.32597 0.38196715 -0.0042016843 0.92416636 146.98161
0.92808644 -0.0022879801 -0.37235777 -131.67981 0.0039023108 0.99998597 0.0035818599 -12.359524 0.37234438 -0.0047773318 0.92808235 147.89253
0.9318812 -0.0038583723 -0.36274306 -132.04994 0.0049925673 0.99998514 0.00218933 -12.362268 0.36272926 -0.003851215 0.93188662 148.8253
0.93623472 -0.0045550147 -0.35134567 -132.41034 0.0051400063 0.99998652 0.00073232367 -12.376101 0.35133763 -0.0024915462 0.93624552 149.77118
0.94106547 -0.0032115489 -0.33820919 -132.76609 0.0031015319 0.99999482 -0.00086570056 -12.389857 0.33821024 -0.00023428596 0.94107055 150.74048
0.94673733 0.00015499938 -0.32200682 -133.10523 -2.3377633e-06 0.99999989 0.00047448076 -12.399377 0.32200689 -0.00044845614 0.94673723 151.71842
0.9529382 0.0038144264 -0.30314059 -133.43261 -0.0029405638 0.9999901 0.003339088 -12.402296 0.30315036 -0.0022905405 0.95293999 152.72554
0.95905663 0.0066896178 -0.28313535 -133.75055 -0.0055438151 0.99997288 0.0048478725 -12.416204 0.28316013 -0.0030797345 0.95906771 153.74899
0.96506549 0.0087955949 -0.26186109 -134.02622 -0.0075086811 0.99995432 0.0059146799 -12.433098 0.26190117 -0.0037418223 0.96508745 154.79087
0.97058596 0.010189264 -0.24053912 -134.30721 -0.0087214588 0.99993629 0.0071659443 -12.432793 0.24059683 -0.0048573132 0.97061299 155.83863
0.9757086 0.010912025 -0.21880047 -134.55093 -0.0090023606 0.99991221 0.0097229547 -12.449483 0.21888738 -0.0075170501 0.97572118 156.90663
0.9804392 0.012580777 -0.1964197 -134.77645 -0.010224674 0.99986316 0.013004727 -12.442042 0.19655645 -0.010742017 0.98043367 158.00367
0.9845983 0.014577977 -0.17422304 -134.98789 -0.011748377 0.99978198 0.017261594 -12.453757 0.17443671 -0.014948899 0.98455491 159.09745
0.98828111 0.016153764 -0.15178765 -135.15808 -0.013232528 0.99970766 0.020236064 -12.441972 0.15207018 -0.017990386 0.98820595 160.23071
0.99145738 0.0178057 -0.12920995 -135.32729 -0.015268022 0.99967113 0.020604077 -12.437531 0.12953434 -0.018455284 0.99140318 161.36293
0.99407172 0.017857986 -0.10724971 -135.45387 -0.015937064 0.99969734 0.01874129 -12.430991 0.10755194 -0.016920941 0.99405546 162.51046
0.99615171 0.017890999 -0.085800285 -135.56362 -0.016436485 0.99970949 0.017628962 -12.422515 0.086090766 -0.016150866 0.99615638 163.66804
0.99769612 0.01675819 -0.065738943 -135.65537 -0.015513938 0.99969158 0.019392254 -12.41892 0.066043653 -0.018327707 0.9976484 164.86163
0.99883698 0.016766093 -0.045206113 -135.71724 -0.01582763 0.99965338 0.021038317 -12.41268 0.045543178 -0.020298343 0.99875612 166.04152
0.99954874 0.017270547 -0.024577143 -135.75622 -0.016728688 0.99961613 0.022084728 -12.404747 0.024949126 -0.02166362 0.99945397 167.26235
0.99981658 0.018539508 -0.0048057343 -135.7835 -0.018426449 0.999575 0.022589681 -12.39329 0.0052224939 -0.022496986 0.99973327 168.47517
0.99969567 0.018808806 0.015962219 -135.76177 -0.019175755 0.99954795 0.023155596 -12.384059 -0.015519475 -0.023454637 0.99960443 169.69708
0.99910423 0.020856617 0.036820422 -135.74822 -0.021694627 0.99951124 0.022508408 -12.371785 -0.036332979 -0.023287052 0.99906838 170.9347
0.99817593 0.021933868 0.056246968 -135.69748 -0.023171612 0.9995014 0.021448488 -12.357647 -0.05574848 -0.022712698 0.99818648 172.1883
0.9968249 0.022211214 0.07646428 -135.60351 -0.023748496 0.99953253 0.019254209 -12.35878 -0.076000883 -0.021008987 0.9968864 173.44123
0.99511782 0.024257597 0.095666586 -135.50383 -0.025953898 0.99952652 0.016526914 -12.350132 -0.095220394 -0.018929148 0.99527623 174.73379
0.99309976 0.024699831 0.11464201 -135.35904 -0.026547862 0.99954061 0.014621074 -12.340494 -0.11422822 -0.017563685 0.99329927 176.0124
0.99061538 0.024466777 0.13447132 -135.20245 -0.026339275 0.99957906 0.012163273 -12.345019 -0.13411713 -0.015591003 0.99084283 177.30597
0.98807175 0.025671106 0.15183942 -135.01397 -0.026981498 0.99961431 0.0065756929 -12.351156 -0.15161206 -0.010594111 0.9883833 178.60091
0.9850233 0.027342714 0.17023946 -134.81409 -0.027793753 0.99961364 0.00026634645 -12.37412 -0.17016642 -0.0049939508 0.98540269 179.90096
0.9819892 0.029736324 0.18658232 -134.56919 -0.029259457 0.99955775 -0.0053097444 -12.381477 -0.18665771 -0.00024518552 0.98242498 181.20751
0.9782713 0.031875041 0.20486398 -134.31483 -0.030633035 0.99948806 -0.0092320055 -12.413301 -0.20505339 0.0027558006 0.97874691 182.51376
0.97415504 0.034014615 0.22330463 -134.02982 -0.032109185 0.9994104 -0.01215934 -12.440265 -0.22358658 0.0046749532 0.97467286 183.85
0.97016909 0.033646775 0.24008297 -133.70956 -0.031671373 0.9994253 -0.012082711 -12.477067 -0.24035156 0.0041185159 0.97067717 185.17801
0.96593896 0.032582148 0.25671058 -133.37077 -0.030275977 0.99945792 -0.012931847 -12.512691 -0.25699279 0.0047192122 0.9664018 186.51956
0.96100929 0.032381476 0.2746135 -132.9995 -0.028708475 0.99943664 -0.017384883 -12.570029 -0.27502176 0.0088232992 0.96139752 187.8582
0.9563019 0.033636297 0.2904398 -132.6188 -0.028468589 0.99935254 -0.022000962 -12.614861 -0.2909918 0.012771151 0.95664031 189.18921
0.95092139 0.035879423 0.30734537 -132.1976 -0.030468736 0.99928499 -0.022386535 -12.651426 -0.30792886 0.01192341 0.95133467 190.53818
0.94546724 0.037320806 0.32357202 -131.77178 -0.031812355 0.9992451 -0.022298267 -12.703479 -0.32415997 0.010788693 0.94594076 191.8664
0.9390314 0.041705354 0.34129267 -131.30569 -0.035008431 0.99905495 -0.025760666 -12.748781 -0.34204452 0.012241954 0.93960401 193.22107
0.93222489 0.04288991 0.35932881 -130.80349 -0.034629686 0.99896778 -0.029396432 -12.8179 -0.36021875 0.014960642 0.9327479 194.5671
0.9257244 0.043506303 0.37568807 -130.2824 -0.033912592 0.9989087 -0.032114706 -12.874141 -0.3766753 0.016988811 0.92618956 195.90577
0.91861702 0.043688471 0.39272646 -129.73338 -0.031780624 0.99881809 -0.036775254 -12.952359 -0.39386898 0.021301283 0.91891974 197.24568
0.91017737 0.046866552 0.41155883 -129.16858 -0.032063254 0.99856887 -0.042803682 -13.03489 -0.41297593 0.025763028 0.91037748 198.56744
0.90021105 0.050583435 0.43250592 -128.55302 -0.033639752 0.99834035 -0.046742967 -13.11468 -0.43415257 0.027529144 0.90041863 199.88971
0.88834535 0.053267414 0.45607577 -127.9054 -0.03513987 0.99822219 -0.048141949 -13.200461 -0.45782939 0.026740234 0.88863785 201.21555
0.8751594 0.057702677 0.48038153 -127.22801 -0.038015235 0.99799415 -0.050621317 -13.292661 -0.48233898 0.026039905 0.87559754 202.52926
0.86075809 0.062078284 0.50521458 -126.5112 -0.040276483 0.99772967 -0.053975161 -13.391253 -0.5074183 0.026111291 0.86130418 203.82743
0.84573728 0.06581457 0.52952515 -125.75222 -0.041828168 0.99748777 -0.057171203 -13.50249 -0.5319576 0.026202752 0.84636549 205.09595
0.83079232 0.067439853 0.55248164 -124.95689 -0.041344805 0.99736733 -0.059573673 -13.605637 -0.55504483 0.026651105 0.8313934 206.3566
0.81460225 0.068306939 0.57598377 -124.10737 -0.039996474 0.99729275 -0.061704513 -13.716414 -0.57863934 0.027227316 0.81512896 207.58904
0.79921936 0.07064833 0.59687285 -123.24873 -0.038691213 0.99705543 -0.066207628 -13.838273 -0.59979283 0.029820685 0.79959947 208.81084
0.78257406 0.073433799 0.61821136 -122.34263 -0.037097922 0.99675493 -0.071437753 -13.969021 -0.62145122 0.032970976 0.78275879 210.00425
0.76609561 0.074846177 0.63835377 -121.38954 -0.034642953 0.99656122 -0.075270151 -14.095576 -0.64179235 0.035549674 0.76605407 211.17786
0.75056607 0.076525017 0.65634934 -120.41776 -0.033355049 0.99639301 -0.078028301 -14.236537 -0.65995307 0.036672832 0.75041128 212.3339
0.73446224 0.07723122 0.6742407 -119.40535 -0.031341665 0.99630354 -0.079981035 -14.377495 -0.67792548 0.037611226 0.73416788 213.4711
0.71862959 0.077531722 0.69105738 -118.37099 -0.029141344 0.99624983 -0.081468102 -14.524658 -0.69478222 0.038407049 0.71819399 214.59044
0.70425247 0.07839836 0.70560762 -117.31648 -0.026536336 0.99609644 -0.0841885 -14.673338 -0.70945354 0.04056572 0.70358379 215.66751
0.68851854 0.079553768 0.72084213 -116.23209 -0.023586683 0.99589575 -0.087380285 -14.82508 -0.72483511 0.043160672 0.6875691 216.7362
0.67435337 0.081875027 0.73385555 -115.1203 -0.021471292 0.99558774 -0.09134568 -14.990242 -0.73809658 0.045842443 0.67313591 217.78999
0.65914272 0.084666499 0.74723651 -113.99346 -0.020692238 0.99530773 -0.094521721 -15.148311 -0.75173316 0.04684131 0.65780179 218.81017
0.64281057 0.084790259 0.76131802 -112.83752 -0.018837441 0.99530429 -0.094944818 -15.317516 -0.76579356 0.046690251 0.64138935 219.81018
0.62719344 0.086369977 0.77405979 -111.67227 -0.019680595 0.99527254 -0.09510651 -15.492745 -0.77861487 0.044416224 0.62592822 220.79962
0.60967369 0.087310312 0.7878292 -110.48792 -0.021356543 0.99536358 -0.093782994 -15.661209 -0.79236478 0.040351717 0.60871163 221.75701
0.59152744 0.088416692 0.80142231 -109.28594 -0.024081612 0.99546318 -0.092049629 -15.830895 -0.80592519 0.035150342 0.590973 222.65847
0.57321515 0.08910611 0.81454554 -108.07356 -0.025104178 0.99551279 -0.091236368 -15.993767 -0.81902028 0.031849574 0.57287995 223.56527
0.55525059 0.092535009 0.8265192 -106.86272 -0.026838328 0.99526708 -0.093397769 -16.167184 -0.83124999 0.029676774 0.55510612 224.41353
0.53704718 0.096398811 0.83802598 -105.62676 -0.029569281 0.99498967 -0.09550506 -16.340533 -0.84303384 0.026510899 0.53720684 225.23185
0.51719562 0.096659768 0.85039139 -104.40085 -0.029824691 0.99503406 -0.094961639 -16.516036 -0.85534744 0.023751084 0.5175101 226.01863
0.49628731 0.095435196 0.86289685 -103.15448 -0.02972993 0.99522481 -0.092971584 -16.683304 -0.86764918 0.020486756 0.49675472 226.76337
0.47554719 0.093445073 0.874713 -101.90079 -0.029489672 0.99547666 -0.090313803 -16.849285 -0.87919582 0.017153476 0.47615179 227.47745
0.45344855 0.092004 0.88652107 -100.63678 -0.029599981 0.99566371 -0.088190769 -17.012822 -0.89079084 0.013748971 0.45420559 228.16572
0.4318552 0.090986279 0.89734192 -99.377496 -0.028288015 0.99577569 -0.087353099 -17.170775 -0.90149927 0.01233987 0.43260473 228.80213
0.41082683 0.090626171 0.90719796 -98.108568 -0.027846725 0.99583041 -0.086869809 -17.324764 -0.91128807 0.010425957 0.41163749 229.39187
