1.000000000000000000e+00 4.398956837314658088e-19 2.733407509747682871e-20 -8.673617379884035472e-19 -5.583667658079949532e-19 1.000000000000000000e+00 -6.100159232558060012e-19 0.000000000000000000e+00 4.145284534913582806e-20 -2.210423569125054137e-19 1.000000000000000222e+00 0.000000000000000000e+00
9.999411315574948667e-01 -1.164884179396788802e-03 1.078779308505199534e-02 7.445096888807138658e-02 1.160271610336966993e-03 9.999992327825069083e-01 4.338224976626085458e-04 -5.268116750488299749e-03 -1.078829034771865321e-02 -4.212801822192514659e-04 9.999417159521497567e-01 2.950313520523789590e-01
9.998514943085616835e-01 -2.420485968539434415e-03 1.706254963269155864e-02 1.033323989742841176e-01 2.407258004301416222e-03 9.999967859300067374e-01 7.957600007606206900e-04 -5.455883577211592672e-03 -1.706442121289463223e-02 -7.545678561262545662e-04 9.998541074262992101e-01 5.534459815894849921e-01
9.997852343238305961e-01 -6.134096903059574508e-03 1.979540641924028288e-02 8.028714755334503961e-02 6.155807821700991223e-03 9.999805161566315270e-01 -1.036014621063564975e-03 -6.259082195550755290e-03 -1.978866605761321271e-02 1.157648871626753033e-03 9.998035149585935422e-01 9.315790680372324495e-01
9.998259829249289687e-01 -6.774973703296723049e-03 1.738112858472576003e-02 8.505248454323051377e-02 6.804660856813318781e-03 9.999754876708271123e-01 -1.649435117257727710e-03 -1.069230323433051355e-02 -1.736952795489182105e-02 1.767420809796117764e-03 9.998475762349252616e-01 1.190837952823838197e+00
9.998908799179588858e-01 -1.040269207122218077e-02 1.048867416672257663e-02 8.933049175026593069e-02 1.043941604678402107e-02 9.999395470983987178e-01 -3.452640060371911773e-03 -1.217726645665288820e-02 -1.045212352769533774e-02 3.561758991120953042e-03 9.999390316280797331e-01 1.549177141100145594e+00
9.999392365212736999e-01 -1.095529392053785217e-02 -1.226710198703853281e-03 6.971835009246074577e-02 1.094933509484279088e-02 9.999287088608890262e-01 -4.763322182121727810e-03 -2.354260184809185696e-02 1.278806358613881599e-03 4.749601135220867486e-03 9.999879028990174001e-01 1.854711357249352321e+00
9.997946805025013095e-01 -1.085994986479568540e-02 -1.710725921485488008e-02 2.724308823354954640e-02 1.077502342081317586e-02 9.999292020657891689e-01 -5.048733317626888026e-03 -3.381476365876120993e-02 1.716087734075805865e-02 4.863365631987688446e-03 9.998409133416472638e-01 2.177283380702056625e+00
9.993315649522236388e-01 -6.336342190906778249e-03 -3.600380530099278609e-02 1.556662016928642318e-02 6.147584201530945786e-03 9.999667863751465768e-01 -5.351013436267058020e-03 -3.699346389750945985e-02 3.603651595618764802e-02 5.126100224967308425e-03 9.993373267751498590e-01 2.517154000005645376e+00
9.984298525537104174e-01 -3.680027909349156950e-03 -5.589532000392738453e-02 -4.675456527955997726e-02 3.339453835682614294e-03 9.999752950472804436e-01 -6.185251653397851566e-03 -4.894574682670317645e-02 5.591670197439460588e-02 5.988880061579594967e-03 9.984174757519539423e-01 2.876832386451592338e+00
9.971507228714993065e-01 -2.969367777698292583e-03 -7.537651181423576929e-02 -9.117772262545716100e-02 2.497837563867935998e-03 9.999767241625755476e-01 -6.349168210139761147e-03 -5.182155419772524474e-02 7.539361167830146981e-02 6.142799376814458111e-03 9.971349304563106308e-01 3.230347634245256394e+00
9.953284118208325371e-01 -3.406282896984010999e-03 -9.648704352966143427e-02 -1.357190305535702912e-01 2.832168476050802002e-03 9.999774664120194556e-01 -6.086500280333634674e-03 -6.076722466373532527e-02 9.650560333810717650e-02 5.784799061297659847e-03 9.953156308017964138e-01 3.617963854952161107e+00
9.932455454734566702e-01 -4.193124840949630575e-03 -1.159556109643622712e-01 -1.965181333142441422e-01 3.594743847418133999e-03 9.999791252200470604e-01 -5.369072090392256087e-03 -6.755093853100850587e-02 1.159757056099890715e-01 4.915976159549872299e-03 9.932398850627467413e-01 4.003387253023556802e+00
9.910682148658062074e-01 -4.121745922027407125e-03 -1.332921760923122256e-01 -2.925182448848999694e-01 3.530170744627382333e-03 9.999828446912718549e-01 -4.674207097887802566e-03 -7.511253334239387236e-02 1.333091576226800856e-01 4.161913862628688690e-03 9.910657634377437741e-01 4.391089047793672151e+00
9.887843749300710972e-01 -3.308472974551438048e-03 -1.493134733144677317e-01 -3.666302947411592128e-01 2.713585385519403856e-03 9.999875497049575124e-01 -4.187706433525967102e-03 -8.073959122293040969e-02 1.493254718136161063e-01 3.735563728890562828e-03 9.887810423056364595e-01 4.823300048938299334e+00
9.866539141624302012e-01 -2.657261191789062667e-03 -1.628096801516125403e-01 -4.545098339295781109e-01 2.011565643596394375e-03 9.999894455018225603e-01 -4.130676171086590867e-03 -8.483362335489286199e-02 1.628189408785612469e-01 3.748045340372745376e-03 9.866488460086209056e-01 5.230124069553354182e+00
9.845217866311689603e-01 -3.358989539981949071e-03 -1.752300432854352330e-01 -5.342712284189711225e-01 2.514902402826978221e-03 9.999841424372530874e-01 -5.038862584238436131e-03 -9.109977864843733786e-02 1.752441930811576842e-01 4.520183420504858031e-03 9.845146222911054235e-01 5.672571618422215245e+00
9.827765346193334528e-01 -6.339593857619026281e-03 -1.846891759600090555e-01 -6.317827522223884440e-01 5.152311164564646329e-03 9.999628675958792678e-01 -6.907757287010596325e-03 -1.033598157521560812e-01 1.847261135762122419e-01 5.837205554239449298e-03 9.827727055821434687e-01 6.111214407581740282e+00
9.812037512162304909e-01 -5.943950498669192672e-03 -1.928830400838201509e-01 -7.307158054814483217e-01 4.382756632802744037e-03 9.999541022488186437e-01 -8.519673302199725490e-03 -1.185349081758050177e-01 1.929248310363843033e-01 7.514175876680519520e-03 9.811847673282785287e-01 6.562689597854462598e+00
9.796407949008231197e-01 -5.807770636180038630e-03 -2.006743177464099803e-01 -8.313899764489677269e-01 3.766990814543909761e-03 9.999372519669587067e-01 -1.054997171826894606e-02 -1.172073900729251883e-01 2.007230011106539147e-01 9.579244277142051275e-03 9.796012024662172912e-01 7.039465878156862644e+00
9.780626397436675834e-01 -6.438912268857165458e-03 -2.082114601093455197e-01 -9.417758203755187685e-01 3.790985809888294204e-03 9.999068210148120972e-01 -1.311402717904893225e-02 -1.359724367972600101e-01 2.082765028427896459e-01 1.203701327443035783e-02 9.779959149742777358e-01 7.517312035787035995e+00
9.762609517779287094e-01 -1.012516322115798555e-02 -2.163608883630031010e-01 -1.050274601959132692e+00 7.074094432242175601e-03 9.998643874634722817e-01 -1.487157888475848164e-02 -1.429843627330293909e-01 2.164821280147449511e-01 1.298798432942211041e-02 9.762001852157013992e-01 8.026063287122456202e+00
9.744199100789791013e-01 -1.545115542272819213e-02 -2.242032548510523027e-01 -1.173128901178985606e+00 1.217037874122974678e-02 9.997977977247300974e-01 -1.600767083309368941e-02 -1.561241042846044369e-01 2.244052613277206787e-01 1.286955457137586335e-02 9.744109268815275282e-01 8.538544560306407405e+00
9.724735254776180060e-01 -1.637177159232813123e-02 -2.324375316373044897e-01 -1.310959229774595336e+00 1.241929857276736007e-02 9.997525050633079280e-01 -1.845777942516528200e-02 -1.747526258564754409e-01 2.326821950901927227e-01 1.506299066268112184e-02 9.724361694466208128e-01 9.043425582704420762e+00
9.703481525040533739e-01 -1.258387105312106825e-02 -2.413837355833322040e-01 -1.446086671398342682e+00 7.484552288945200450e-03 9.997292791069842810e-01 -2.203065954107451957e-02 -1.795422332893630291e-01 2.415956231075242211e-01 1.957076056173420384e-02 9.701796439613109557e-01 9.564482405438230472e+00
9.682734669313214360e-01 -9.679436910139439104e-03 -2.497054271232563571e-01 -1.599135175926966301e+00 3.521208036289218222e-03 9.996788214046185006e-01 -2.509691459106944134e-02 -1.982124079280682682e-01 2.498681553912880104e-01 2.342141173788502700e-02 9.679965618759709400e-01 1.011040003742190585e+01
9.658623875585637952e-01 -1.266956116863803168e-02 -2.587456840798377233e-01 -1.774994119502391943e+00 5.795600544384305573e-03 9.996101560659342855e-01 -2.731202834627389012e-02 -2.205230435154819646e-01 2.589908495199869654e-01 2.488007428160568871e-02 9.655592800392732711e-01 1.068148812454099073e+01
9.636008727958591535e-01 -1.405091073698958720e-02 -2.669755200046985411e-01 -1.923969355532119119e+00 6.589032298528336475e-03 9.995627563677457195e-01 -2.882500168618046255e-02 -2.561795565611468262e-01 2.672638087883351110e-01 2.601668646443228497e-02 9.632721267242084773e-01 1.122350065008551390e+01
9.614541772513485185e-01 -1.379771553031287727e-02 -2.746188020469260693e-01 -2.098839786988770051e+00 5.280279059837749908e-03 9.994825088222307752e-01 -3.173063502539381214e-02 -2.719383572118856951e-01 2.749145042487864399e-01 2.905748770854895899e-02 9.610294893646368353e-01 1.179079904735148077e+01
9.590999974380018944e-01 -1.369576817636491799e-02 -2.827359529764477686e-01 -2.280986954538458011e+00 3.869523307841710603e-03 9.993698566464640498e-01 -3.528337291909692391e-02 -2.915316626557730162e-01 2.830410265614066168e-01 3.274622956929582052e-02 9.585486234335179878e-01 1.240608159107088504e+01
9.568827536920586629e-01 -1.493044327663482600e-02 -2.900904612824783402e-01 -2.480174541761029694e+00 3.300414512259353637e-03 9.991725057898247497e-01 -4.053900498220729121e-02 -3.311716913949437346e-01 2.904556834137534960e-01 3.783365604501538054e-02 9.561402158046092836e-01 1.298686987776297386e+01
9.550140501697522710e-01 -1.611017744484712771e-02 -2.961226507225731552e-01 -2.681954642008296030e+00 2.113927442227795436e-03 9.988678314237616762e-01 -4.752458987492404197e-02 -3.638568886960401594e-01 2.965530246314536655e-01 4.476066941451718739e-02 9.539668694249191505e-01 1.360624913585563789e+01
9.537205429073500884e-01 -1.624864232952625068e-02 -3.002550677696140813e-01 -2.893127162412616915e+00 -4.602190286931161266e-04 9.984588837296038966e-01 -5.549455544575496863e-02 -4.001256438486606726e-01 3.006940561383879551e-01 5.306448086953604454e-02 9.522432711374066994e-01 1.421540520877389824e+01
9.524575457963249114e-01 -1.671231801508046150e-02 -3.042126228462814219e-01 -3.100691618315344122e+00 -2.947005886895052995e-03 9.979423374282885284e-01 -6.405002971107871812e-02 -4.499602297424250552e-01 3.046570855999317651e-01 6.190145080096245978e-02 9.504484586678855207e-01 1.483362495196745456e+01
9.510796667771983515e-01 -1.513054103516798393e-02 -3.085750024449672169e-01 -3.307545619631439227e+00 -7.772465977591658769e-03 9.973120501564387563e-01 -7.285782982989084944e-02 -4.943001369744247642e-01 3.088479519780405469e-01 7.169198961367478917e-02 9.484056111385649190e-01 1.549170073829477268e+01
9.495449594018102735e-01 -1.409589538346596969e-02 -3.133140177404488136e-01 -3.529647053913370414e+00 -1.159514685882066971e-02 9.967287595331765226e-01 -7.998332620326399633e-02 -5.454853177912635243e-01 3.134165341950090888e-01 7.958068673775345325e-02 9.462753259517373561e-01 1.614058787316579213e+01
9.480763963870268984e-01 -1.340871336940462934e-02 -3.177598949983538312e-01 -3.781846117599279911e+00 -1.484934021735922344e-02 9.961550380397132809e-01 -8.634024127691367068e-02 -6.110404072512186646e-01 3.176958372536187181e-01 8.657567011789311928e-02 9.442319685887639036e-01 1.679673340191935083e+01
9.464936656698585971e-01 -1.248892976748853384e-02 -3.224806432494620179e-01 -4.043999745473268348e+00 -1.830319197208665760e-02 9.955651826954612371e-01 -9.227654169977914100e-02 -6.789633770653701328e-01 3.222029412484874178e-01 9.324158790268026464e-02 9.420675523367927351e-01 1.747141929076738620e+01
9.448815487497428389e-01 -1.070470950900542784e-02 -3.272373232919827402e-01 -4.284813018473367485e+00 -2.262131743729074371e-02 9.949425833922879159e-01 -9.786486464232600768e-02 -7.560798023628138020e-01 3.266299683228942041e-01 9.987324486795165490e-02 9.398607349192038551e-01 1.814352416961585135e+01
9.431317860015505650e-01 -7.344387857513969518e-03 -3.323379181794102188e-01 -4.546737166984684997e+00 -2.773908341712014169e-02 9.945302498449481998e-01 -1.006981895747140754e-01 -8.319209639663274203e-01 3.312596849933526766e-01 1.041904132779945397e-01 9.377693646257927451e-01 1.883317572974419107e+01
9.413763873689928730e-01 -6.742899940213767200e-03 -3.372907176304726917e-01 -4.798937181633665894e+00 -2.952994782741567847e-02 9.943156372914040420e-01 -1.022956284989107595e-01 -9.145395996469020128e-01 3.360632097540942054e-01 1.062588671707914156e-01 9.358261455052903077e-01 1.952987168030344733e+01
9.392086925210771930e-01 -6.009401569714368715e-03 -3.432942127417565326e-01 -5.091002746234200238e+00 -3.076890420924392397e-02 9.943508261517481905e-01 -1.015859688156010993e-01 -9.981559163094425591e-01 3.419653607492982861e-01 1.059732123653975011e-01 9.337180370952974373e-01 2.024594365594415990e+01
9.369642354986468247e-01 -5.805455899635074933e-03 -3.493770391917095930e-01 -5.363125965851435417e+00 -3.116818799814842153e-02 9.944878457216681511e-01 -1.001122808013889393e-01 -1.083342683038651222e+00 3.480324224038364167e-01 1.046910765357287471e-01 9.316185990065397604e-01 2.097255007140692840e+01
9.344406650358290101e-01 -6.361462623511652918e-03 -3.560620348597414164e-01 -5.648755781057323233e+00 -3.065527027543707428e-02 9.946922319733365603e-01 -9.822228900010880615e-02 -1.170035237534518879e+00 3.547969836372878993e-01 1.026980795949977848e-01 9.292858588730544822e-01 2.169246245074632995e+01
9.315342945551718934e-01 -5.995369938616349099e-03 -3.636040578041802585e-01 -5.951958289899164534e+00 -3.062577717203987526e-02 9.950186352737210305e-01 -9.486820982746108077e-02 -1.260171285384785289e+00 3.623615895652131935e-01 9.950864836117956358e-02 9.267103701044346886e-01 2.238895265691516201e+01
9.278648300956144901e-01 -2.708560946470209112e-03 -3.729068487972774237e-01 -6.261142524533422460e+00 -3.296732577259182950e-02 9.954626514324742548e-01 -8.925953760576386953e-02 -1.338007332791267601e+00 3.714566116759733250e-01 9.511452780206849922e-02 9.235654904300790724e-01 2.319251175915713503e+01
9.243809180068438547e-01 -2.716035519059303892e-04 -3.814706301170862068e-01 -6.582258517422303612e+00 -3.440652976752417436e-02 9.958645636193597106e-01 -8.408306408728083436e-02 -1.418684779211824010e+00 3.799159263418580568e-01 9.084986105196779516e-02 9.205488551094547223e-01 2.392483602186352343e+01
9.210250656624248133e-01 3.906384643817220614e-03 -3.894837165321486938e-01 -6.911037568210987025e+00 -3.809364559332442668e-02 9.960593741901241360e-01 -8.009118114691371471e-02 -1.488851218704556612e+00 3.876360466095718493e-01 8.860284049795134897e-02 9.175444594772085294e-01 2.465855660681321737e+01
9.171355786309461910e-01 4.583051575719956396e-03 -3.985490217982530226e-01 -7.252644791269569069e+00 -3.890512960427667394e-02 9.961882776750371482e-01 -7.807244303814117603e-02 -1.558845778868980236e+00 3.966720603425092362e-01 8.710861700666044927e-02 9.138180172273796531e-01 2.539498916341871393e+01
9.131090238011099203e-01 4.857955177854631802e-03 -4.076865309472993415e-01 -7.608074563861089601e+00 -3.982430395193090750e-02 9.962102487592457978e-01 -7.732506148504679488e-02 -1.640603626142622895e+00 4.057658656669507757e-01 8.684204416191362852e-02 9.098420329826935049e-01 2.617221712339000916e+01
9.091362922873097441e-01 4.753590411268392851e-03 -4.164716099346596478e-01 -7.974199271710911141e+00 -4.020854250527943624e-02 9.962660435526716762e-01 -7.640185617804916285e-02 -1.708950376655327341e+00 4.145533470423983236e-01 8.620541709477694270e-02 9.059327524757200267e-01 2.693263509433061742e+01
9.053934051301040231e-01 4.595611298637372090e-03 -4.245487706207511924e-01 -8.355077961259810948e+00 -4.008776421730628203e-02 9.963995474693988497e-01 -7.470550862139323234e-02 -1.779729187758514186e+00 4.226768926796232728e-01 8.465708624174742014e-02 9.023178075136971676e-01 2.772702024225327833e+01
9.013989061379977796e-01 5.642381049818914751e-03 -4.329528516437573527e-01 -8.737820811958986411e+00 -4.090750219639013169e-02 9.965522831100085410e-01 -7.218118420137051294e-02 -1.852665664673438073e+00 4.310528864194161924e-01 8.277506058070049910e-02 8.985219542102295121e-01 2.850387178816940903e+01
8.976298179884804052e-01 6.206228633713053652e-03 -4.407064654116178981e-01 -9.126332804766700946e+00 -4.024027512832051984e-02 9.968787362659075058e-01 -6.792279073739310169e-02 -1.928060324959959049e+00 4.389093674558242619e-01 7.870367202947108065e-02 8.950778195408747306e-01 2.928046163878974895e+01
8.939514819548145530e-01 7.611385036003102435e-03 -4.480991080966808537e-01 -9.552293516527056383e+00 -3.984765857326092592e-02 9.972456392792492519e-01 -6.255636747642631668e-02 -1.982562757852053270e+00 4.463887485702303648e-01 7.377805794849008614e-02 8.917925135925629521e-01 3.007111492089461890e+01
8.902389527186255203e-01 7.359374150812059145e-03 -4.554343448861362664e-01 -9.971149986341529825e+00 -3.797602000771126141e-02 9.975875099506831267e-01 -5.811180569257078793e-02 -2.052369038680632585e+00 4.539079553305111481e-01 6.902897705471518208e-02 8.883707404687876119e-01 3.088907855957707937e+01
8.864241550559642802e-01 6.478529118591514445e-03 -4.628285229955936275e-01 -1.040191864095661245e+01 -3.658156431847117002e-02 9.977549978321459401e-01 -5.609593137777023342e-02 -2.121152797541907109e+00 4.614260607560580763e-01 6.665578014903947301e-02 8.846711262719130220e-01 3.170443081557351306e+01
8.833272659698522267e-01 6.850343850957527590e-03 -4.687067415636301804e-01 -1.085603551208624928e+01 -3.695580484532862836e-02 9.977986967027082654e-01 -5.506386666856854378e-02 -2.183875621059006011e+00 4.672977774726351230e-01 6.596084985026956504e-02 8.816359553616430755e-01 3.251323963953994678e+01
8.800817115114255573e-01 6.628687859448893424e-03 -4.747759861873038223e-01 -1.129214278068450383e+01 -3.621897435340377253e-02 9.979265285509540950e-01 -5.320554084333112277e-02 -2.231710189324534799e+00 4.734388769460026181e-01 6.402112287288874715e-02 8.784969721388091735e-01 3.333197026665932583e+01
8.771744773285801156e-01 5.664258451087728942e-03 -4.801383632949509650e-01 -1.177002821896865647e+01 -3.483025841755221091e-02 9.980468929042735082e-01 -5.185800541464997970e-02 -2.294920857392049207e+00 4.789068727351832311e-01 6.221186220221175400e-02 8.756585498797030409e-01 3.417899734546412560e+01
8.745760599861511775e-01 4.999254445198513322e-03 -4.848625764896967727e-01 -1.225035023101939657e+01 -3.419366965598319430e-02 9.980933083333057843e-01 -5.138619345094671415e-02 -2.361947836390066335e+00 4.836812087129087612e-01 6.152036550259289832e-02 8.730794566238907484e-01 3.501735010200820142e+01
8.725507321539544003e-01 4.194721073519990656e-03 -4.885054957681290166e-01 -1.273405091063915506e+01 -3.383348002987111164e-02 9.980809853200420800e-01 -5.186176271653533676e-02 -2.418472908483865869e+00 4.873505092981673670e-01 6.177986009197147105e-02 8.710182171748519497e-01 3.584784816499625748e+01
8.708707219828291102e-01 4.230035232663352171e-03 -4.914939344536580768e-01 -1.322588266827692927e+01 -3.436156611236532848e-02 9.980403313180387093e-01 -5.229512308341487808e-02 -2.475371922058478447e+00 4.903095673969882773e-01 6.243079304909642663e-02 8.693094552155261612e-01 3.671516354914446367e+01
8.703186945674823427e-01 4.082051801574203449e-03 -4.924720316240330242e-01 -1.372967519345014686e+01 -3.382467319688767932e-02 9.980998439460078142e-01 -5.150333055959102624e-02 -2.540006644390039092e+00 4.913260270941813834e-01 6.148201706800012628e-02 8.688030279781409071e-01 3.760546879268372322e+01
8.700958239711906739e-01 4.024660388952218740e-03 -4.928661627685034796e-01 -1.423659856282473513e+01 -3.293290989410879027e-02 9.982067087726785859e-01 -4.998789920183622365e-02 -2.597543399232602468e+00 4.917811343401416457e-01 5.972577937763346584e-02 8.686680332209009148e-01 3.848673554523232809e+01
8.699135882992360402e-01 2.701474226438353027e-03 -4.931967620645902883e-01 -1.474094513128058637e+01 -3.115225526166121375e-02 9.982892159319811665e-01 -4.947907033799826132e-02 -2.656543118168271711e+00 4.922193509328166017e-01 5.840670714263767466e-02 8.685095116870604759e-01 3.937092361185672473e+01
8.694201401015088093e-01 1.686165816578276888e-03 -4.940706143844830756e-01 -1.526129269955107759e+01 -3.027497554305768473e-02 9.982968472389146530e-01 -4.986813312952891736e-02 -2.722004937116535572e+00 4.931450591926229143e-01 5.831433515131068113e-02 8.679904340999976542e-01 4.027374680954074648e+01
8.680885709056159749e-01 3.178625290652871047e-04 -4.964092335503588194e-01 -1.578978121707917204e+01 -2.917986917137007155e-02 9.983033206330477194e-01 -5.038864255275054410e-02 -2.778995180049618430e+00 4.955509781073215159e-01 5.822696128422794049e-02 8.666249788107592833e-01 4.119983222245532772e+01
8.667914036773765041e-01 -1.093780544298826639e-03 -4.986696915233915228e-01 -1.634639010292142913e+01 -2.680967622326833541e-02 9.984491482039327126e-01 -4.879077532922124205e-02 -2.839818674479787308e+00 4.979497037041154539e-01 5.566059767182708617e-02 8.654178154586987803e-01 4.209154832198484542e+01
8.648344292576659598e-01 -1.126766349414381726e-03 -5.020559086353818534e-01 -1.687997465393491225e+01 -2.498629597656034165e-02 9.986617017734875645e-01 -4.528234167707401864e-02 -2.906451754434363544e+00 5.014350393530712102e-01 5.170624567595566434e-02 8.636488698516535667e-01 4.304500237157945008e+01
8.618574102275844417e-01 -9.022697295799220066e-04 -5.071498647138306115e-01 -1.743365719591988494e+01 -2.287967246638244675e-02 9.989110826103956287e-01 -4.065918920935666925e-02 -2.965749926052239527e+00 5.066343146887504201e-01 4.664584628505893948e-02 8.608982757729783941e-01 4.393619382897656322e+01
8.579588087008236386e-01 -2.172504607637532319e-03 -5.137138869168271782e-01 -1.796324063137294758e+01 -2.058110920621089232e-02 9.990428601223035887e-01 -3.859768930281258503e-02 -3.029311465716009177e+00 5.133060533724411734e-01 4.368802908328343199e-02 8.570929102694752055e-01 4.482322067559275069e+01
8.526665185015038784e-01 -4.216277078206476930e-03 -5.224385379053093637e-01 -1.852625745699184989e+01 -1.982350731771864716e-02 9.989862764410347706e-01 -4.041593837272198370e-02 -3.091453914776218781e+00 5.220793434414178202e-01 4.481788159078117090e-02 8.517185696886813151e-01 4.575624784003451850e+01
8.469298481222252706e-01 -7.924132985540522853e-03 -5.316455914994498988e-01 -1.910314950409408397e+01 -1.791506469525409873e-02 9.988959297793765790e-01 -4.342777861886678442e-02 -3.159322693364827739e+00 5.314027540827001017e-01 4.630474707218872055e-02 8.458528174798410904e-01 4.662849339402132642e+01
8.407848526604279060e-01 -8.114626558238833415e-03 -5.413085798979292429e-01 -1.969099219106523080e+01 -1.823015413005737301e-02 9.988962048406314631e-01 -4.329010816293432651e-02 -3.213101120684406897e+00 5.410623784920882695e-01 4.626580600394029907e-02 8.397088682676867588e-01 4.752634324957074341e+01
8.350456124635867727e-01 -5.039814614092915507e-03 -5.501576314976113213e-01 -2.029604501934206695e+01 -1.924073423588015461e-02 9.990788663681866577e-01 -3.835639394782840161e-02 -3.259052079576211902e+00 5.498441813936448819e-01 4.261477515535877503e-02 8.341794548961036782e-01 4.840856655336846615e+01
8.297995067318119089e-01 -9.329646807753966611e-04 -5.580608409153506866e-01 -2.088002873755944577e+01 -2.139217524910750137e-02 9.992104464914205453e-01 -3.347922492447079346e-02 -3.320364656970681061e+00 5.576514665710111673e-01 3.971917950425356281e-02 8.291243782515936855e-01 4.927838394747911366e+01
8.257309610046240644e-01 -6.008809278021593533e-04 -5.640638375381044067e-01 -2.150610353954424880e+01 -2.304558199761598189e-02 9.991285270394004714e-01 -3.480068462981818905e-02 -3.365704203713713927e+00 5.635931919403183166e-01 4.173518206373521416e-02 8.249975119324137740e-01 5.017738711972558008e+01
8.223200005992874484e-01 -2.307560467015553132e-03 -5.690206371643111716e-01 -2.212325511001784051e+01 -2.433864401720003609e-02 9.989339867242905679e-01 -3.922398016222700817e-02 -3.418558447651266707e+00 5.685045751146566850e-01 4.610385403491853301e-02 8.213872344587438423e-01 5.103913199576843596e+01
8.194381671409629586e-01 -4.728928741354532748e-03 -5.731480795785427462e-01 -2.274891436346692686e+01 -2.621067832776834486e-02 9.986106902846293432e-01 -4.571312324653684783e-02 -3.497615900130107036e+00 5.725679833473780178e-01 5.248167785033080318e-02 8.181757660982627023e-01 5.189805838775838964e+01
8.161610186471621731e-01 -5.426739219265621153e-03 -5.777990443975520307e-01 -2.337071454891361455e+01 -2.700330352021727831e-02 9.985051640715605359e-01 -4.752114232918686065e-02 -3.550378023790751847e+00 5.771932244133184398e-01 5.438738688918288988e-02 8.147944527470850629e-01 5.277296471649482612e+01
8.129672346118359538e-01 -4.448254419462610056e-03 -5.822924367966214598e-01 -2.397759494631813837e+01 -2.572032374185307529e-02 9.987205982922383596e-01 -4.353885092209328761e-02 -3.616765194614353529e+00 5.817411327672732391e-01 5.037240916665203933e-02 8.118127132072060492e-01 5.360151571009710381e+01
8.097069320520420277e-01 -2.360843346246162874e-03 -5.868297061147982330e-01 -2.463927202650077675e+01 -2.478302246361625827e-02 9.989621900607388305e-01 -3.821445634003189235e-02 -3.670985255189155527e+00 5.863109168647173686e-01 4.548592388932092695e-02 8.088081021312966135e-01 5.450282065595312275e+01
8.066070138840389925e-01 -7.109698362688322750e-04 -5.910876525159682870e-01 -2.529741538089972508e+01 -2.506510513765260531e-02 9.990586383347846988e-01 -3.540589953235339510e-02 -3.730253637524511667e+00 5.905564079678191636e-01 4.337432092461729338e-02 8.058298852499775622e-01 5.536772686087144280e+01
8.037298619980707270e-01 -5.381116789853848149e-04 -5.949941281792364700e-01 -2.592545538472409916e+01 -2.575583194281746285e-02 9.990307820302448683e-01 -3.569500983413241568e-02 -3.781807452699433192e+00 5.944366673286087810e-01 4.401371397588743628e-02 8.029370138857911954e-01 5.619672694960598136e+01
7.999338359202032844e-01 -1.301511127127640867e-03 -6.000867914820736670e-01 -2.657564403467897662e+01 -2.609512751740820924e-02 9.989762639680829226e-01 -3.695224483796166054e-02 -3.833262392559675824e+00 5.995205651046483508e-01 4.521869218716987465e-02 7.990809525640488742e-01 5.706416485951503859e+01
7.961152795322605780e-01 -3.122677238182382589e-03 -6.051369296028544786e-01 -2.724704196395694566e+01 -2.615991012340126640e-02 9.988742905859919752e-01 -3.957032673557933644e-02 -3.897207875209274697e+00 6.045792970440455605e-01 4.733286932031312289e-02 7.951373969518146234e-01 5.793382901068659407e+01
7.919463153469944450e-01 -4.241105964364394985e-03 -6.105759899471595586e-01 -2.789473001302737387e+01 -2.542919482857405877e-02 9.988791999378623387e-01 -3.992117269435536270e-02 -3.950117524150568826e+00 6.100609767794655802e-01 4.714188131931352360e-02 7.909508548055927957e-01 5.875113219931319719e+01
7.872811305469449294e-01 -4.584923240991091095e-03 -6.165771587605856086e-01 -2.858100810081378995e+01 -2.475829736340599135e-02 9.989308437260496776e-01 -3.904095555603826623e-02 -4.006250558455277222e+00 6.160969518292280789e-01 4.600160815021014926e-02 7.863258899504391719e-01 5.962062130706015495e+01
7.826277088908552004e-01 -4.659735057325007507e-03 -6.224726088417389391e-01 -2.925891769377484408e+01 -2.467095745853578950e-02 9.989541335655056642e-01 -3.849653149083177156e-02 -4.065740067948972580e+00 6.220009799956889296e-01 4.548544736142919043e-02 7.816942255790202410e-01 6.044977680298849521e+01
7.771556416255985811e-01 -5.508665907998980954e-03 -6.292843202821033488e-01 -2.995275473410055156e+01 -2.448365810327173334e-02 9.989399351881348421e-01 -3.898148814378550597e-02 -4.123305588732656624e+00 6.288319849549307561e-01 4.570186544295928160e-02 7.761969348583439565e-01 6.128695446361384569e+01
7.716636201333850753e-01 -6.844007829367698692e-03 -6.359940323895155734e-01 -3.065456906133074355e+01 -2.401584169065288168e-02 9.989154923812203490e-01 -3.988832501946058123e-02 -4.184976107081812557e+00 6.355772989837484843e-01 4.605430114767428834e-02 7.706623813334424478e-01 6.212327372387231605e+01
7.664143469893797134e-01 -7.722418016633126291e-03 -6.423000896494553968e-01 -3.133956082049636294e+01 -2.402189965577469777e-02 9.988836885488817652e-01 -4.067339587144604141e-02 -4.245011121642627394e+00 6.418971907374176888e-01 4.660194230349857386e-02 7.653732836193504196e-01 6.292303006523540887e+01
7.606175455349746262e-01 -8.924553052919554155e-03 -6.491388863704802281e-01 -3.206592910129614182e+01 -2.379527078674667853e-02 9.988503610419576795e-01 -4.161419682439215784e-02 -4.298397368096885884e+00 6.487640103112898293e-01 4.709892369143014318e-02 7.595307487178962758e-01 6.378133015489934365e+01
7.545319659575121518e-01 -1.100134144441789613e-02 -6.561710712132838852e-01 -3.279203986178604424e+01 -2.262379288636872862e-02 9.988291251794434444e-01 -4.276146312062926308e-02 -4.367567416830977045e+00 6.558732217940994591e-01 4.710996910846784042e-02 7.533996123187480798e-01 6.460314436109317171e+01
7.484305927161467586e-01 -1.215924868695527315e-02 -6.631016454975102725e-01 -3.354287776539464261e+01 -2.149493735716545562e-02 9.988619357590563519e-01 -4.257700079549723432e-02 -4.426966877230732678e+00 6.628647089994056385e-01 4.611925811841814660e-02 7.473174692546021847e-01 6.541882485774375766e+01
7.421609775584739888e-01 -1.232169009533474850e-02 -6.701083874143217711e-01 -3.429064344649395224e+01 -2.067445737190835506e-02 9.989342962592604458e-01 -4.126546504408075411e-02 -4.484246762963851829e+00 6.699027222263094217e-01 4.447974499143571292e-02 7.411153105036953903e-01 6.624270446129946777e+01
7.359143282972310240e-01 -1.238923145068506967e-02 -6.769612985467774458e-01 -3.502475816470225567e+01 -2.052342192612392410e-02 9.989649632187059813e-01 -4.059299754651017611e-02 -4.549010416299671178e+00 6.767635464198840101e-01 4.376653069330540408e-02 7.348983614167964307e-01 6.704901683699047510e+01
7.293028366372266147e-01 -1.404097529723044580e-02 -6.840469389583996307e-01 -3.582661866870286360e+01 -1.927500594585269608e-02 9.989709333481973097e-01 -4.105543209026558948e-02 -4.609122057581398479e+00 6.839194791724046985e-01 4.312685170038167703e-02 7.282816964782938829e-01 6.786090650553180126e+01
7.229848652518212626e-01 -1.592958973948381887e-02 -6.906801892651524000e-01 -3.660158389472654505e+01 -1.859509554184552230e-02 9.989232525620020953e-01 -4.250362270868916076e-02 -4.676407510193449468e+00 6.906135783279635509e-01 4.357273984681565848e-02 7.219101818681159521e-01 6.865124193583284296e+01
7.170650433158277659e-01 -1.510235376401579920e-02 -6.968426174335119461e-01 -3.738447440133260358e+01 -2.039570044194884135e-02 9.988824728071414860e-01 -4.263591158551072180e-02 -4.732310321091632410e+00 6.967077914982749975e-01 4.478531487559303526e-02 7.159556815168132138e-01 6.943610124479337742e+01
7.115205398479034216e-01 -1.508005011642626902e-02 -7.025034549607438450e-01 -3.819036391129866814e+01 -2.001548848670639189e-02 9.989290223126303658e-01 -4.171556827338978451e-02 -4.796101080091944802e+00 7.023801744137045944e-01 4.374243326567878870e-02 7.104566836335791669e-01 7.025710748575676234e+01
7.068822261279561481e-01 -1.488370986312851328e-02 -7.071746490220368608e-01 -3.899624596927939990e+01 -2.074754936089191065e-02 9.989121122254506213e-01 -4.176279780641577177e-02 -4.851708200673205518e+00 7.070269199307975816e-01 4.419352021337952935e-02 7.058044180749796226e-01 7.104894863669498761e+01
7.021654229276946824e-01 -1.509895701549733397e-02 -7.118537285716184382e-01 -3.983245478931196004e+01 -2.142007321082764482e-02 9.988746590306173401e-01 -4.231543509336942177e-02 -4.921417877567373367e+00 7.116915816204584244e-01 4.496039415678178969e-02 7.010518276356657585e-01 7.184330154521977363e+01
6.966706059182058430e-01 -1.751452231163365750e-02 -7.171773133387268073e-01 -4.065667048100121406e+01 -2.083761390648315379e-02 9.987860804682553439e-01 -4.463361226655784136e-02 -4.995970335873137103e+00 7.170884665589163376e-01 4.603918946377096033e-02 6.954599440063277127e-01 7.264611675440868055e+01
6.915603100677697457e-01 -1.954580040230815413e-02 -7.220542150808176851e-01 -4.149731250781721315e+01 -2.082762151437459949e-02 9.986785793424879376e-01 -4.698196864222260044e-02 -5.055849127804218135e+00 7.220183903613446308e-01 4.752953652134059293e-02 6.902393764591622238e-01 7.342036341721636461e+01
6.867725887342194246e-01 -2.001258960030775566e-02 -7.265967917613397331e-01 -4.234095205512720383e+01 -2.179147974832503637e-02 9.986047110811759886e-01 -4.810158470674458231e-02 -5.118264838957053087e+00 7.265456291147895929e-01 4.886846894805171176e-02 6.853782396205356786e-01 7.420376906339977552e+01
6.816850235290594640e-01 -1.945061920784084061e-02 -7.313871698113949549e-01 -4.319814202656906588e+01 -2.154257833530437427e-02 9.986795510625842143e-01 -4.663766335168737648e-02 -5.196335431843431607e+00 7.313285544464788179e-01 4.754816184583186833e-02 6.803658777932639623e-01 7.498542678571210729e+01
6.768970972118993901e-01 -1.954824916218466865e-02 -7.358180316388901465e-01 -4.406544923680451120e+01 -2.103279535306435202e-02 9.987254464460847414e-01 -4.588141426351137475e-02 -5.258498590023877206e+00 7.357771061633207044e-01 4.653330600212998713e-02 6.756232023104256079e-01 7.575524204578231036e+01
6.718220134807624255e-01 -2.047395889035326724e-02 -7.404295976240165000e-01 -4.494319810460601161e+01 -2.016163729433493798e-02 9.987420919582266077e-01 -4.591015317615205343e-02 -5.339885690180095068e+00 7.404381806428445012e-01 4.577172431979750766e-02 6.705641356643776696e-01 7.654196726656219596e+01
6.669494327493945551e-01 -2.137130940066161652e-02 -7.447964225253432824e-01 -4.581916543409644049e+01 -1.948683277295217703e-02 9.987463611526418150e-01 -4.610823639381893962e-02 -5.397402276990143299e+00 7.448481230347517856e-01 4.526558522048654276e-02 6.656968609351813226e-01 7.732355173129697334e+01
6.623098909700636527e-01 -2.208394091510773247e-02 -7.489044648610129196e-01 -4.671963900317794582e+01 -1.855175860192771406e-02 9.987756484541067126e-01 -4.585887412968693566e-02 -5.472977535170771901e+00 7.490003001135558947e-01 4.426628053772196231e-02 6.610892959326236662e-01 7.810634822602222016e+01
6.584065259632594369e-01 -2.287271933825483355e-02 -7.523148774307343301e-01 -4.759837141568520735e+01 -1.732178632706260143e-02 9.988129372587951638e-01 -4.552660880163807156e-02 -5.538819597631114533e+00 7.524631628020174157e-01 4.300645364855333608e-02 6.572287607978858359e-01 7.887892594632768350e+01
6.543436694868445258e-01 -2.577230790436772084e-02 -7.557579902225751711e-01 -4.851705132072871152e+01 -1.414361019352050781e-02 9.988271236381757179e-01 -4.630696917412510660e-02 -5.606394770475567668e+00 7.560650300592482997e-01 4.098981827820394330e-02 6.532116928399434030e-01 7.963746441025128320e+01
6.502790063353718342e-01 -2.991579027076105360e-02 -7.591062170507630880e-01 -4.941764081064697933e+01 -1.164214539207165423e-02 9.987145971543851530e-01 -4.933167230946156750e-02 -5.692860262480653688e+00 7.596062688343594438e-01 4.091697552822016332e-02 6.490948529271970413e-01 8.043122670291838006e+01
6.456206195026678030e-01 -3.402271052955669478e-02 -7.629000328337619541e-01 -5.034112209675917882e+01 -7.897571245052331657e-03 9.986561613513951219e-01 -5.122011094918277330e-02 -5.757816936754605486e+00 7.636174784769035329e-01 3.909381683809008690e-02 6.444843138438232089e-01 8.118989469283434346e+01
6.389541751222934662e-01 -3.812365756566482577e-02 -7.682995105716349249e-01 -5.125501474198493668e+01 -1.947051256360404900e-03 9.986878045173392948e-01 -5.117497523395386771e-02 -5.838772444716762600e+00 7.692423419431627662e-01 3.419438228208725866e-02 6.380415146953078986e-01 8.194828804508929920e+01
6.306064837563324366e-01 -4.166703259487478106e-02 -7.749834256171672653e-01 -5.218751685723588452e+01 2.578816459852477545e-03 9.986647674506656802e-01 -5.159488288437259762e-02 -5.920332324847823458e+00 7.760984615985382362e-01 3.053752729208484770e-02 6.298719301633334267e-01 8.272399504540945259e+01
6.216752482485423670e-01 -4.245340666258153733e-02 -7.821237643304433940e-01 -5.311955470951389202e+01 4.723798407952221022e-03 9.987151550504390629e-01 -5.045517594361614844e-02 -6.001188164439652084e+00 7.832608642010449040e-01 2.767213863657183581e-02 6.210770343712770369e-01 8.346521954536288490e+01
6.127962568056146697e-01 -4.192054357632975237e-02 -7.891282558850044593e-01 -5.408148678872467485e+01 6.935902865398798495e-03 9.988388267833077094e-01 -4.767485016048475521e-02 -6.061992338884681253e+00 7.902105105842764932e-01 2.374165234812006253e-02 6.123754521246457250e-01 8.420407292093619844e+01
6.039719953588462698e-01 -4.130207660851444029e-02 -7.959346428389610928e-01 -5.508320687142358452e+01 5.733512492448360372e-03 9.988556764418847767e-01 -4.748120104705098876e-02 -6.147676172725230259e+00 7.969849220572469140e-01 2.411381407535069174e-02 6.035176630592439251e-01 8.494387701056373885e+01
5.942663410637354371e-01 -4.229524503682003528e-02 -8.031554123028988856e-01 -5.606801181426134661e+01 4.234740066971004122e-03 9.987669757676329585e-01 -4.946306776248393655e-02 -6.212853806873094520e+00 8.042571686901091033e-01 2.599308145959650790e-02 5.937127067542231629e-01 8.565903048497250438e+01
5.844277948717022664e-01 -4.445741996029898419e-02 -8.102269301773893373e-01 -5.705583945108867994e+01 5.386078971037027568e-03 9.986885520884190015e-01 -5.091331905923477535e-02 -6.302506973674590007e+00 8.114278485953960729e-01 2.539121211444900217e-02 5.839008005660131229e-01 8.636964337825367011e+01
5.743897334932275278e-01 -4.546692832637457687e-02 -8.173182857883930508e-01 -5.804026819888170508e+01 4.655175504173219778e-03 9.986215533749578377e-01 -5.228118641641901765e-02 -6.369964059562896352e+00 8.185687352606395573e-01 2.622501622959878820e-02 5.738096255750020358e-01 8.706791340605768426e+01
5.645391033855504670e-01 -4.694106750366712488e-02 -8.240704609082444287e-01 -5.906739043612302709e+01 8.147264004660601314e-03 9.986498412843820560e-01 -5.130415736958632983e-02 -6.447066104163748257e+00 8.253661211786167407e-01 2.224928291741701605e-02 5.641593284148271881e-01 8.774717678306919311e+01
5.541818941452247849e-01 -4.666805446921054590e-02 -8.310863422710097481e-01 -6.010229970297651647e+01 9.209163463280179221e-03 9.987097711956438584e-01 -4.993980573899698544e-02 -6.532652845000047392e+00 8.323446587019318610e-01 2.002212565307831191e-02 5.538966476052770149e-01 8.845498766929902956e+01
5.436832126396227149e-01 -4.734441529741598154e-02 -8.379540905427621533e-01 -6.115756692221655300e+01 1.015908694696799307e-02 9.987057730999358007e-01 -4.983544620311396861e-02 -6.614726357895023945e+00 8.392290323942317443e-01 1.858184650708202476e-02 5.434605404026003894e-01 8.912642472796454740e+01
5.333172379817009423e-01 -4.813299923371204547e-02 -8.445448034852809371e-01 -6.221255957892689992e+01 8.908982769725329667e-03 9.986440808242609268e-01 -5.128966592614860043e-02 -6.689333651983024431e+00 8.458684090707060399e-01 1.982962734863205623e-02 5.330229201522324045e-01 8.977307064175474238e+01
5.231869864943393678e-01 -4.895896806758705255e-02 -8.508104274566115066e-01 -6.328409469239874596e+01 8.378360032742494107e-03 9.985956937995688065e-01 -5.231102540033574083e-02 -6.766478362194661145e+00 8.521767376573924357e-01 2.024005114077245815e-02 5.228624688146347177e-01 9.042662312524979029e+01
5.135880211617445124e-01 -4.908427086363246344e-02 -8.566318144730293849e-01 -6.435245680913025978e+01 6.018774949421465230e-03 9.985439612741179305e-01 -5.360719844081621166e-02 -6.853171447435134844e+00 8.580158104619242110e-01 2.237614035873664031e-02 5.131356454896075503e-01 9.105690148870321821e+01
