1.000000000000000000e+00 4.398956837314658088e-19 2.733407509747682871e-20 -8.673617379884035472e-19 -5.583667658079949532e-19 1.000000000000000000e+00 -6.100159232558060012e-19 0.000000000000000000e+00 4.145284534913582806e-20 -2.210423569125054137e-19 1.000000000000000222e+00 0.000000000000000000e+00
9.998967557992749500e-01 2.670997415679113242e-04 1.436685128749721173e-02 -8.935373351300490707e-02 -2.632394960169296425e-04 9.999999287455038077e-01 -2.705817791027335440e-04 -9.832640809792778103e-03 -1.436692278515426177e-02 2.667719359788936853e-04 9.998967548431048069e-01 1.449251476345764233e-02
9.995420420864763456e-01 1.622815637932262028e-03 3.021709110045524282e-02 -1.015518729727656749e-01 -1.612539587486556221e-03 9.999986334503002672e-01 -3.644402451220933050e-04 -1.650488174855910262e-02 -3.021764175030389535e-02 3.155471209766963860e-04 9.995432929745526884e-01 3.097916395808547607e-02
9.979518853300292092e-01 5.130427627191854779e-03 6.376294604083423967e-02 4.004396048505852457e-03 -5.211598823952140469e-03 9.999858070686818978e-01 1.106755848148889727e-03 6.862443299981701994e-03 -6.375636403008649866e-02 -1.436795937463466056e-03 9.979644591087806216e-01 4.192516468356112802e-01
9.954089099729842571e-01 4.082380060151017016e-03 9.562654488706935629e-02 2.074065606783138255e-02 -4.381042871038859018e-03 9.999861589725076438e-01 2.913474614039810850e-03 1.421680100049274587e-02 -9.561332905968598916e-02 -3.319042526979633454e-03 9.954130174393320818e-01 5.509116566359419931e-01
9.908709972965107360e-01 1.706997940696455222e-03 1.348026436846788134e-01 1.621816801603789826e-01 -2.369824098425466971e-03 9.999858787582955877e-01 4.756702739097844364e-03 1.332583600794703949e-02 -1.347926227517070308e-01 -5.032737262246290456e-03 9.908610500642506258e-01 8.168944361922837460e-01
9.851140157609364900e-01 -2.526723556122116056e-03 1.718836564374526532e-01 1.448216329489500909e-01 1.537404454954194788e-03 9.999814800784651014e-01 5.888623205262741647e-03 -1.786958481994499470e-02 -1.718953550596667157e-01 -5.536710442401282517e-03 9.850996558825321214e-01 8.969781994422509896e-01
9.764177371476592260e-01 -2.659837219319275813e-03 2.158734058270801170e-01 2.644493103620694785e-01 1.259506672912137333e-03 9.999772670550136633e-01 6.624123490958862964e-03 -5.717506372493866285e-03 -2.158861212112251904e-01 -6.196017527337039331e-03 9.763988900778741709e-01 1.160925766853267094e+00
9.648043851405451177e-01 -2.689300284187626927e-03 2.629548730133600687e-01 3.459503933941564524e-01 1.338960247031677884e-05 9.999482070628761265e-01 1.017757384350369103e-02 3.620287822479986706e-03 -2.629686289046157532e-01 -9.815846854402234326e-03 9.647544507291787586e-01 1.326952384874282576e+00
9.503743941158829811e-01 -6.192844887296295765e-03 3.110468749753942941e-01 5.202884923694977015e-01 1.014713124281962312e-03 9.998582458882733226e-01 1.680650107915096156e-02 2.327694694827275868e-02 -3.111068682284933162e-01 -1.565684478048379874e-02 9.502459581653939225e-01 1.617124693741106567e+00
9.335358277083077860e-01 -1.588230091130425278e-02 3.581321113472242246e-01 6.349781426976189858e-01 7.449168492835810292e-03 9.996618189553515554e-01 2.491500727731560394e-02 -5.562980384501287068e-04 -3.584067116845561785e-01 -2.059126534037475711e-02 9.333384330240919180e-01 1.806331115380858998e+00
9.124188241805700761e-01 -2.159120700474714480e-02 4.086877863689662438e-01 8.070914844007908151e-01 1.022784602174124646e-02 9.994984747579325202e-01 2.996981965456672892e-02 -8.305869003229868208e-03 -4.091299107697397019e-01 -2.316503167018997555e-02 9.121820540809369993e-01 2.045765046655268371e+00
8.875722708006239525e-01 -2.355307486457189001e-02 4.600659884356262941e-01 9.986530412760612485e-01 8.958237043913680822e-03 9.993857231520718587e-01 3.388106131323888326e-02 -5.763440876048742112e-03 -4.605813916742210745e-01 -2.595051013069805262e-02 8.872380490914241191e-01 2.279889820684989576e+00
8.591858508614228507e-01 -2.545742411870170405e-02 5.110299300133860356e-01 1.159677076521238526e+00 6.886955452512539752e-03 9.992464017748895477e-01 3.819945485354656056e-02 2.819390894339433157e-02 -5.116172873195643511e-01 -2.930099052115384475e-02 8.587136933640689973e-01 2.508572486609998986e+00
8.270304927666906059e-01 -3.078166596017335374e-02 5.613136808543784939e-01 1.401763826006839464e+00 8.016981766549090976e-03 9.990440203485860815e-01 4.297410114553053273e-02 2.508957185076783614e-02 -5.620999005273503712e-01 -3.104085022731374599e-02 8.264866437182403214e-01 2.753708173574405116e+00
7.915366819383441443e-01 -3.657749698399252736e-02 6.100260339874598037e-01 1.604119719351016160e+00 1.027051469393963461e-02 9.988624206888215840e-01 4.656587824166618511e-02 2.280587192982011513e-02 -6.110353548138620638e-01 -3.059331907747077708e-02 7.910119150559282719e-01 2.936344674023012136e+00
7.538745739239929300e-01 -4.106854066761304184e-02 6.557335549265627117e-01 1.876698439970315047e+00 1.132317860465985315e-02 9.987083910521773467e-01 4.953115399628767873e-02 3.342595442849122245e-02 -6.569207871578550684e-01 -2.991528906789989520e-02 7.533658882864725514e-01 3.135938855718916951e+00
7.137085279246446756e-01 -4.426164783544925957e-02 6.990429428776712140e-01 2.199948875600324261e+00 1.236252157538127346e-02 9.986419946987473706e-01 5.060962783408351484e-02 4.213866669409983834e-02 -7.003337164795034875e-01 -2.747858906030728812e-02 7.132864925621502650e-01 3.395329424079926550e+00
6.725246520085587099e-01 -4.627022240011000043e-02 7.386268680858263380e-01 2.477671730370167413e+00 1.152731889362073464e-02 9.985774915893635972e-01 5.205875675613125253e-02 5.187428266389950554e-02 -7.399849481939748674e-01 -2.649640931161594340e-02 6.721013506136643834e-01 3.564914617924149098e+00
6.296821776839283125e-01 -4.656637917368770807e-02 7.754559418534446857e-01 2.830362648559157535e+00 7.227025698765141004e-03 9.985097819812676079e-01 5.409237780531782336e-02 8.444637866933497883e-02 -7.768192430353403344e-01 -2.845676570375105935e-02 6.290803492944168074e-01 3.812059696354229921e+00
5.878425467629070367e-01 -4.744257856522468564e-02 8.075830182524947887e-01 3.153959140625131052e+00 4.321868278837018122e-03 9.984488136626812338e-01 5.550934968711816048e-02 1.020751742736846213e-01 -8.089638271721837359e-01 -2.914048950286779113e-02 5.871357328850950186e-01 4.007327818363330074e+00
5.478530173826955396e-01 -4.848407144531399759e-02 8.351684589138944625e-01 3.536790811287147562e+00 2.177898870684123918e-03 9.983984455427523663e-01 5.653141294240170145e-02 1.239924326058353815e-01 -8.365717786684789825e-01 -2.915199212627635553e-02 5.470811931804456796e-01 4.213551874943477493e+00
5.091475625071970601e-01 -5.108520692422240800e-02 8.591618293987395294e-01 3.981382983733066983e+00 1.262589456956144524e-03 9.982802240408822358e-01 5.860887399235695239e-02 1.324921917490466394e-01 -8.606783248714433565e-01 -2.875579604742002637e-02 5.083364412148354550e-01 4.429944711934794555e+00
4.717972092507294324e-01 -5.099923244889896512e-02 8.802309122231343208e-01 4.362882520130931141e+00 -1.721127453662913472e-03 9.982706086158966707e-01 5.876078329055577087e-02 1.599136040635241451e-01 -8.817054185538436561e-01 -2.923816252009929506e-02 4.708935098150453524e-01 4.629230636155213574e+00
4.358493795867304788e-01 -5.035437432336861002e-02 8.986098941688291930e-01 4.824496789389272067e+00 -2.984974363270316219e-03 9.983473137059117875e-01 5.739103681985695260e-02 1.844187753172028543e-01 -9.000146792228125303e-01 -2.769617461564069169e-02 4.349787495204217036e-01 4.793672077682576749e+00
4.025715967557067509e-01 -4.906581609567842173e-02 9.140725579802199130e-01 5.342439052892347995e+00 -1.618233079708918240e-03 9.985227219188419490e-01 5.431164790220177618e-02 2.012274507111287414e-01 -9.153870797824422700e-01 -2.334350853937113349e-02 4.018974853566559813e-01 4.990780051180631283e+00
3.723614698392979649e-01 -4.736605395010887176e-02 9.268782974831867305e-01 5.840324459835992243e+00 2.197473324011919209e-04 9.987012766766356631e-01 5.094812695884530507e-02 2.235642166773710027e-01 -9.280877668032176953e-01 -1.876743962120140663e-02 3.718882825825748362e-01 5.166475434184680360e+00
3.465151681014042584e-01 -4.543271124883521694e-02 9.369434840487221861e-01 6.386725985179700693e+00 1.104349662978393667e-03 9.988454786388074602e-01 4.802593238432902728e-02 2.488967692670533416e-01 -9.380437273284648603e-01 -1.560699998750009546e-02 3.461652812273895430e-01 5.349887588345299427e+00
3.262263380259376455e-01 -4.487101832330898238e-02 9.442261133371037118e-01 6.967580334625224303e+00 2.225257386634940226e-03 9.989064488916571394e-01 4.670069119867902019e-02 2.702925583726375480e-01 -9.452890777502164221e-01 -1.313384848345425585e-02 3.259694410969680156e-01 5.528687475095676263e+00
3.111034002422635170e-01 -4.541327970999844282e-02 9.492904156334335264e-01 7.543477465678644300e+00 3.374255212453890467e-03 9.989041515343372035e-01 4.668094272253042049e-02 3.039435089520869382e-01 -9.503700883418559897e-01 -1.131945099485484954e-02 3.109157127264844944e-01 5.721140940157757981e+00
2.991360758667732656e-01 -4.698996945162259992e-02 9.530527454325459225e-01 8.164865139119815041e+00 4.325778366680455705e-03 9.988432526518041810e-01 4.788991788247168313e-02 3.203973437174570948e-01 -9.542006664870195110e-01 -1.020290626473091024e-02 2.989933178645108325e-01 5.914850135545486332e+00
2.884582789295132565e-01 -4.888114395037489873e-02 9.562439226756941357e-01 8.786638970197614640e+00 3.167983848773141698e-03 9.987392939469033060e-01 5.009777006643267860e-02 3.527558191056278103e-01 -9.574872330524027975e-01 -1.142175033904331040e-02 2.882494711684989164e-01 6.086669988417011012e+00
2.782776069790499629e-01 -5.049560044500214090e-02 9.591724309268365722e-01 9.469730812312782575e+00 1.548456040851357808e-03 9.986394148080526278e-01 5.212409651080138207e-02 3.837935836538136081e-01 -9.604994492907243941e-01 -1.301973161777759264e-02 2.779771754642529347e-01 6.277017063379748407e+00
2.678184289199925794e-01 -5.225918273337246817e-02 9.620510648096067818e-01 1.016036754085460458e+01 8.137187963664509237e-04 9.985398063500133814e-01 5.401474758431818596e-02 4.129267393642674366e-01 -9.634690671879958535e-01 -1.368330492275342085e-02 2.674698850851331411e-01 6.463203832076254152e+00
2.575011500190311220e-01 -5.429309818671677196e-02 9.647514713511426976e-01 1.086270233826210330e+01 -3.202130288445642479e-05 9.984197339358056311e-01 5.619638619535032714e-02 4.423002438174230555e-01 -9.662779999719194324e-01 -1.450152579441378771e-02 2.570924898059968600e-01 6.668360779274154382e+00
2.473029859856552271e-01 -5.595598597723139972e-02 9.673211177792263582e-01 1.158326131587914531e+01 -4.271860812896806879e-04 9.983246941341870073e-01 5.785864284416272763e-02 4.692231361126149025e-01 -9.689381132079453174e-01 -1.472184037854691076e-02 2.468647728723253332e-01 6.842807764285772087e+00
2.365473578788099829e-01 -5.704999203627933446e-02 9.699436220378373497e-01 1.238739087456535870e+01 -1.158713320599687223e-03 9.982574323261531601e-01 5.899793341048573808e-02 5.028280127819219070e-01 -9.716192780778534210e-01 -1.507969098301263633e-02 2.360690521584569435e-01 7.042258161104107295e+00
2.269915126471485078e-01 -6.006939649310790580e-02 9.720424397879378065e-01 1.312285349153316538e+01 -2.243386151354084639e-03 9.980611123651927930e-01 6.220115077951543503e-02 5.341272502069048800e-01 -9.738941611578777469e-01 -1.629979897714449108e-02 2.264166413997852345e-01 7.217959468470256823e+00
2.156460310246826884e-01 -6.352328447685076651e-02 9.744031842586516889e-01 1.389561867555857155e+01 -4.233364701567625052e-03 9.978115545227578265e-01 6.598621248320016286e-02 5.826229130093136810e-01 -9.764624338555152328e-01 -1.835466800794883016e-02 2.149051828522504093e-01 7.383968903439124709e+00
2.023717626217684529e-01 -6.742799981459911274e-02 9.769847072943961264e-01 1.468807563072766698e+01 -4.248170070773375773e-03 9.975570101174560111e-01 6.972778904298174152e-02 6.178163066564787975e-01 -9.792995658263232706e-01 -1.826133189613950158e-02 2.015909234780863812e-01 7.546660814419854368e+00
1.901839807990479136e-01 -6.992422200499778806e-02 9.792551456496302320e-01 1.546619348800874150e+01 -5.230513587163792416e-03 9.973740089539853138e-01 7.223384204720602331e-02 6.608039863411304671e-01 -9.817345425953284410e-01 -1.885972610445097591e-02 1.893188184077879976e-01 7.690400000455603902e+00
1.763580895849274077e-01 -7.056894526815175872e-02 9.817931715752777899e-01 1.628976319299995268e+01 -5.930852328681874598e-03 9.973324843268409623e-01 7.275122434585098996e-02 6.990108966645525168e-01 -9.843082170985533175e-01 -1.865313638321772910e-02 1.754691162526213211e-01 7.835138347083202781e+00
1.621932983835622233e-01 -6.979214181638053460e-02 9.842877497688804489e-01 1.707342760510320900e+01 -7.415916180975025591e-03 9.973812069098422217e-01 7.194256209630195409e-02 7.348877473543732330e-01 -9.867311463765726653e-01 -1.896799601520414782e-02 1.612509736463060006e-01 7.976875548954445172e+00
1.454144982848327716e-01 -6.866453466134728179e-02 9.869852018633036295e-01 1.786798801084906074e+01 -8.832541738792091049e-03 9.974589079068476583e-01 7.069450614439917735e-02 7.722481325082235504e-01 -9.893314040525327258e-01 -1.899759325478459632e-02 1.444385029064138848e-01 8.086959033608104974e+00
1.254149323607196831e-01 -6.746883489619551200e-02 9.898075743608000243e-01 1.867999972939945863e+01 -1.116509701817338003e-02 9.975257614552494045e-01 6.940962327650380959e-02 8.129868140020733991e-01 -9.920415578822343594e-01 -1.975629992992660594e-02 1.243513284314998885e-01 8.165155933615288575e+00
1.001537050233630294e-01 -6.596371617122621933e-02 9.927829604618378934e-01 1.951419410807843846e+01 -1.557582842631435698e-02 9.975737150122228059e-01 6.785334669880321856e-02 8.561228623536898397e-01 -9.948500621793330279e-01 -2.225918027007854627e-02 9.888326268082137105e-02 8.268619706842963879e+00
6.969546918937651048e-02 -6.552754630293863847e-02 9.954138160475006769e-01 2.034476020869725588e+01 -1.970298095555244461e-02 9.975551874021255649e-01 6.704804703236524888e-02 8.982093073958317131e-01 -9.973737270664321253e-01 -2.428556371323885646e-02 6.823398744179785813e-02 8.324264201703421406e+00
3.647946037070395192e-02 -6.535934680161917254e-02 9.971947590984067133e-01 2.118844883133988333e+01 -2.254233997263318731e-02 9.975512161816694201e-01 6.620735603005466208e-02 9.376859761473954613e-01 -9.990801315316095721e-01 -2.489431105631002145e-02 3.491677605036362653e-02 8.336744686331059029e+00
1.756696075730770695e-03 -6.457387699047460738e-02 9.979113744060705837e-01 2.203452235895842648e+01 -2.452875234865767307e-02 9.976098922195085761e-01 6.459754832833142224e-02 9.733562403229918392e-01 -9.996975900961206918e-01 -2.459099837913397701e-02 1.685793526503741530e-04 8.340324724755001640e+00
-3.237932378739781514e-02 -6.354518961166598368e-02 9.974535432654582090e-01 2.288381703362210118e+01 -2.565325773432085635e-02 9.977008991807890803e-01 6.272819256583679615e-02 1.003000690709553666e+00 -9.991463891797325303e-01 -2.355683550461142028e-02 -3.393502297726386924e-02 8.294550796284520189e+00
-6.511750167877078388e-02 -6.154421504641315044e-02 9.959779130468519037e-01 2.373013888445282404e+01 -2.815066342042990208e-02 9.978123364572766274e-01 5.981706590319530586e-02 1.036003011690793674e+00 -9.974804600975405444e-01 -2.414230025875959210e-02 -6.670755836846688214e-02 8.241430277174698560e+00
-9.730861941592702791e-02 -5.845712383266845474e-02 9.935359983447791254e-01 2.454694381695206218e+01 -2.979726170773725272e-02 9.979971682432872138e-01 5.580121318278889048e-02 1.073416756148239726e+00 -9.948081085317649341e-01 -2.417471228748853743e-02 -9.885559022797626993e-02 8.162607538707755239e+00
-1.290280437408116709e-01 -5.423622264977340235e-02 9.901566436177813291e-01 2.536819590664608626e+01 -2.696804224452956089e-02 9.983258037351785408e-01 5.116946660836146216e-02 1.101616375811150128e+00 -9.912741827962300301e-01 -2.010028912879663690e-02 -1.302746715992818549e-01 8.037415565376559101e+00
-1.609963985560782795e-01 -4.869963517668803032e-02 9.857527520195131787e-01 2.621734982570915662e+01 -2.287668548547302713e-02 9.986976700006723329e-01 4.560286408543313269e-02 1.117880055050555432e+00 -9.866898365560287099e-01 -1.520885786334790456e-02 -1.619008157321942531e-01 7.890191030833710428e+00
-1.918779473616205045e-01 -4.261618638490745348e-02 9.804930887278238139e-01 2.707310356549004382e+01 -1.642379362264546894e-02 9.990563040288287233e-01 4.020895909635328891e-02 1.136986459328537258e+00 -9.812813708305553329e-01 -8.388202614637929946e-03 -1.923967937382481952e-01 7.697269922175728141e+00
-2.210641329321980653e-01 -3.691240333842554788e-02 9.745604685418062241e-01 2.790182348658135325e+01 -1.091425293624226009e-02 9.993145355976824629e-01 3.537425656746850944e-02 1.146907534758269787e+00 -9.751982077431199381e-01 -2.816619068373637721e-03 -2.213154740099614881e-01 7.499321751584156814e+00
-2.482789749326443640e-01 -3.038846337877860668e-02 9.682117925926320146e-01 2.868515854864633496e+01 -1.959292211269356675e-03 9.995215267197455900e-01 3.086873476804521260e-02 1.174273178428694830e+00 -9.686865993145209464e-01 5.767049103474987913e-03 -2.482197213140454328e-01 7.280634602856162374e+00
-2.753543418195431580e-01 -2.004608858648356320e-02 9.611337702928234306e-01 2.952769521664213670e+01 4.138347735874654300e-03 9.997485894407045492e-01 2.203705907898269659e-02 1.168431241008537791e+00 -9.613339046067231886e-01 1.004550679049866051e-02 -2.752021584937385801e-01 7.035464175653204144e+00
-3.001250492307687701e-01 -5.063915582243581903e-03 9.538864164167274451e-01 3.030352945353660843e+01 8.418942251226151433e-03 9.999328995356060457e-01 7.957249557612797522e-03 1.162248923733682604e+00 -9.538627215599921882e-01 1.041888568789887774e-02 -3.000622792275149386e-01 6.771875726461225042e+00
-3.246034949524591595e-01 1.168768381250831837e-02 9.457779618896243745e-01 3.107081411309449948e+01 8.952597255132845044e-03 9.999168250829673088e-01 -9.284067186129814700e-03 1.128904435554934027e+00 -9.458078225086161694e-01 5.453529585962867132e-03 -3.246811325394369785e-01 6.470774838542786789e+00
-3.498118319499363138e-01 2.629274536713882213e-02 9.364509373859079000e-01 3.186458037975117108e+01 7.806051982528764560e-03 9.996531782154512991e-01 -2.515131848332289796e-02 1.100074392952023361e+00 -9.367874692314445140e-01 -1.488243121685077584e-03 -3.498957534409996017e-01 6.199366086255491126e+00
-3.744135995525946226e-01 3.711860740101578793e-02 9.265185643639636259e-01 3.260964043604515439e+01 1.145833156458828279e-02 9.993073811968166131e-01 -3.540430056573965617e-02 1.063781969773660130e+00 -9.271910145684935101e-01 -2.639493751132200843e-03 -3.745795922692157220e-01 5.882036229114012471e+00
-3.979394294661981468e-01 4.179512343958011883e-02 9.164591442538091437e-01 3.339777922716819347e+01 1.560841257278200098e-02 9.991255623039436706e-01 -3.878773226659452261e-02 1.013835128248182338e+00 -9.172789117693307404e-01 -1.130694662861413775e-03 -3.982438130500154383e-01 5.528879313831789766e+00
-4.206083548064522559e-01 4.120145196681219285e-02 9.063062603091879277e-01 3.412075112847098524e+01 1.773634519043373881e-02 9.991507664147415424e-01 -3.719096659222471957e-02 9.678447112110698525e-01 -9.070689321226667046e-01 4.317303727851629427e-04 -4.209819245169538204e-01 5.179750378074962747e+00
-4.410639716575973646e-01 3.794716765214217746e-02 8.966730568651855027e-01 3.487482632812890415e+01 2.207469439951720985e-02 9.992621459231757486e-01 -3.143042398494744205e-02 9.398930421802315083e-01 -8.972041541014693644e-01 5.930957082482576047e-03 -4.415762042007127519e-01 4.817811521206187386e+00
-4.592310807916266113e-01 3.666847854487096520e-02 8.875597010438965873e-01 3.559811158706897061e+01 2.927685810826153104e-02 9.992296459786129681e-01 -2.613388849247484311e-02 9.090935931462824637e-01 -8.878342711715920821e-01 1.398346665013863385e-02 -4.599508493760038341e-01 4.400161166777664334e+00
-4.732138821364890724e-01 3.732140508732897238e-02 8.801566454283805685e-01 3.629799928535590681e+01 3.277790561359332500e-02 9.991563056301430157e-01 -2.474440885678761207e-02 8.586565106544060688e-01 -8.803375735845877514e-01 1.714029477358123416e-02 -4.740379529822426052e-01 4.025315014855888940e+00
-4.844007059546978078e-01 4.054247362801451093e-02 8.739063165466697258e-01 3.699177963665991342e+01 3.545917089390657195e-02 9.990146137493038925e-01 -2.669173387480084508e-02 8.029711143169064869e-01 -8.741273453437432561e-01 1.805849979403795214e-02 -4.853609878921436582e-01 3.624021098919798511e+00
-4.941257915579168047e-01 4.320683019551822823e-02 8.683161050566023942e-01 3.769834861259563041e+01 3.690172919008101460e-02 9.989065291582474027e-01 -2.870554524182605816e-02 7.605217956028675896e-01 -8.686069173864650050e-01 1.785821659012189894e-02 -4.951798873842002680e-01 3.232513728829506494e+00
-5.047448735728735647e-01 4.240585434449348906e-02 8.622263871239779220e-01 3.839085383115697425e+01 3.095480389922335845e-02 9.990395134824057166e-01 -3.101371572851334066e-02 7.021920325853894251e-01 -8.627134083612381099e-01 1.103603573391732755e-02 -5.055727390479790584e-01 2.847336481152544785e+00
-5.160122334405150557e-01 4.128332206636468882e-02 8.555857928823200620e-01 3.908134142913215214e+01 2.932288777448457257e-02 9.991038447166535885e-01 -3.052336276258274181e-02 6.910064179344090896e-01 -8.560791757981640604e-01 9.337818603294490219e-03 -5.167603537771889854e-01 2.415206267676566210e+00
-5.246192724102285432e-01 4.269312873541466352e-02 8.502657835343537807e-01 3.976657099912571169e+01 3.156733182328545079e-02 9.990304791410568042e-01 -3.068558708780604743e-02 6.512928247901643708e-01 -8.507515115793276017e-01 1.074237277162447268e-02 -5.254583524427099972e-01 1.990956550769498401e+00
-5.319314967931512150e-01 4.567442656334865653e-02 8.455546797731384734e-01 4.044938494824343422e+01 3.539631941889510858e-02 9.988708294441345226e-01 -3.168858781629825538e-02 5.997540996222419096e-01 -8.460472770607956328e-01 1.307336661505092458e-02 -5.329475631936074764e-01 1.551751699092591252e+00
-5.357755403839103980e-01 4.893751012563851005e-02 8.429410878063137158e-01 4.113445892233072243e+01 3.614160388776578581e-02 9.987332248006244306e-01 -3.501042824500080058e-02 5.678781679730617871e-01 -8.435866087429116922e-01 1.170751279950154808e-02 -5.368655145122388506e-01 1.104757985207208026e+00
-5.352416578578437223e-01 5.024433436263314734e-02 8.432033335049385903e-01 4.184647429042619393e+01 3.514309141581342666e-02 9.986896463487526798e-01 -3.720152335446880870e-02 5.129283126628780831e-01 -8.439676193356268064e-01 9.720967792833996868e-03 -5.363060444223801682e-01 6.729980826129737803e-01
-5.320625757613893780e-01 5.115347862555682384e-02 8.451584017918027936e-01 4.257988492085437571e+01 3.771386985981901169e-02 9.986144640294135622e-01 -3.669899435539114574e-02 4.792265095151836407e-01 -8.458647003029817757e-01 1.234803353289364546e-02 -5.332545807523363379e-01 2.011982786772739396e-01
-5.264395056531306905e-01 5.013081424550015069e-02 8.487333711301925376e-01 4.333753706921685023e+01 3.618817908951044160e-02 9.986767089837579325e-01 -3.654102577745847041e-02 4.347801623569703122e-01 -8.494420959761926904e-01 1.147747670416090528e-02 -5.275570170659436009e-01 -2.340163057146234515e-01
-5.192211964839078542e-01 4.886922067182195711e-02 8.532415456268952481e-01 4.407598872320411942e+01 3.402208513867897161e-02 9.987543462558750029e-01 -3.650004791810657068e-02 3.903565355103984502e-01 -8.539624457899265275e-01 1.007745896565717149e-02 -5.202370606464435943e-01 -6.884854448747501632e-01
-5.120749636376895619e-01 4.806619777378343117e-02 8.575948104517985282e-01 4.486326624478169833e+01 3.204795257829142624e-02 9.988069835202751934e-01 -3.684478727565460715e-02 3.424198441140591243e-01 -8.583426894095090853e-01 8.616865711006253467e-03 -5.130044742037103145e-01 -1.165607053098885570e+00
-5.057294408751878967e-01 4.656504245058244729e-02 8.614345105755377707e-01 4.568111736735046691e+01 2.910360184442510600e-02 9.988947276635394834e-01 -3.690939382432242843e-02 2.926445065627558129e-01 -8.622010932639401215e-01 6.404680891318363135e-03 -5.065256837846066063e-01 -1.617868490630397948e+00
-5.011234442228301722e-01 4.435767552643317402e-02 8.642382060221562856e-01 4.648537484148491927e+01 2.502885728868911933e-02 9.990105615167633735e-01 -3.676213042818040483e-02 2.480534472577722305e-01 -8.650137931140325920e-01 3.208530261405762290e-03 -5.017378365510664073e-01 -2.081662696830045789e+00
-4.999166017969203790e-01 4.163752469781045046e-02 8.650720745907806153e-01 4.732638182136724936e+01 2.037124935974727116e-02 9.991326399639087752e-01 -3.631776312570986903e-02 2.119887866850274083e-01 -8.658339423935509371e-01 -5.332528563006021585e-04 -5.003312037325990946e-01 -2.528778518837278888e+00
-5.002168253654196706e-01 3.901449912913929063e-02 8.650207991325884471e-01 4.816070362555645090e+01 1.753220463484270533e-02 9.992359823367970018e-01 -3.492954865738311793e-02 1.586750867478991800e-01 -8.657226817948331377e-01 -2.306625366857519271e-03 -5.005186622765342985e-01 -3.029723306620357270e+00
-5.011092816530685612e-01 3.779513600326774025e-02 8.645582698705689406e-01 4.900899289789205682e+01 1.595035088943612053e-02 9.992794908306887880e-01 -3.443959174852500443e-02 1.155746590396341811e-01 -8.652370117405414618e-01 -3.467990412705844114e-03 -5.013510747198047790e-01 -3.511881206870913097e+00
-5.015074636101651828e-01 3.722696952607277426e-02 8.643520134499272922e-01 4.989321015467142928e+01 1.612056018845356778e-02 9.993024527326569428e-01 -3.368583485531166655e-02 6.583167617807111904e-02 -8.650031235857360556e-01 -2.959858036126726284e-03 -5.017577592697434197e-01 -4.024250501645324718e+00
-5.013892153392256468e-01 3.643870241576779856e-02 8.644541990044340984e-01 5.075528368122181888e+01 1.577951891886679447e-02 9.993317080726780155e-01 -3.297186667883818950e-02 2.161987214629235848e-02 -8.650779582542844626e-01 -2.891066068522484423e-03 -5.016291273858659583e-01 -4.517676892214795181e+00
-5.016675453357769543e-01 3.590380264773398306e-02 8.643150914942387963e-01 5.164914600793665755e+01 1.613252356829029260e-02 9.993528623552939694e-01 -3.214962137278103843e-02 -2.787188451381962528e-02 -8.649100692949147628e-01 -2.184837140688413414e-03 -5.019221175417902803e-01 -5.029066261667953341e+00
-5.022296410476969619e-01 3.540212771744263853e-02 8.640092959495894176e-01 5.252870313531188629e+01 1.573197987221333638e-02 9.993703137122181834e-01 -3.180378671871590679e-02 -8.145908143931489265e-02 -8.645911778293597916e-01 -2.380226623183605891e-03 -5.024703407069218697e-01 -5.536200238230551740e+00
-5.022359579638902005e-01 3.383691094158764595e-02 8.640683378443196894e-01 5.342398067335827250e+01 1.402967753776024687e-02 9.994214544807998868e-01 -3.098264747248916096e-02 -1.299289238072750541e-01 -8.646168070286743834e-01 -3.437998580427249935e-03 -5.024201137669013217e-01 -6.042780017162752593e+00
-5.025888871250157042e-01 3.318988997390018986e-02 8.638882035460139219e-01 5.433036725816683088e+01 1.370766901964393103e-02 9.994431149236822076e-01 -3.042301456424572129e-02 -1.815986168278801161e-01 -8.644168685667058538e-01 -3.448374565804881824e-03 -5.027639601171741690e-01 -6.544061414470665028e+00
-5.020708844042818253e-01 3.221461715398257070e-02 8.642262620107975524e-01 5.521326702749657045e+01 1.242315108410395504e-02 9.994715293348486185e-01 -3.003876398885952856e-02 -2.271358008616819191e-01 -8.647372460325678523e-01 -4.345174482960440995e-03 -5.022057629427560954e-01 -7.057065130542782505e+00
-5.004683968749964462e-01 3.098800596287619794e-02 8.652000425690938856e-01 5.611672438477872049e+01 1.185189203483678032e-02 9.995108026183663341e-01 -2.894284162812619382e-02 -2.849893663284174816e-01 -8.656736849066228867e-01 -4.230719159429110511e-03 -5.005908367646281221e-01 -7.574261517117706788e+00
-4.985952440395460261e-01 2.856245029585365719e-02 8.663642164042838489e-01 5.701638449337815473e+01 1.218484938997816541e-02 9.995891810625860963e-01 -2.594221512259945600e-02 -3.427288866010800295e-01 -8.667492858117965548e-01 -2.378146668547063882e-03 -4.987384420456321132e-01 -8.082406285969311099e+00
-4.962088567461109267e-01 2.749400782229219700e-02 8.677677318220009539e-01 5.791172033367931249e+01 1.314865522676488679e-02 9.996218030087309359e-01 -2.415292511595642372e-02 -3.862373143494379213e-01 -8.681036204181193927e-01 -5.749157002128774336e-04 -4.963827025004219906e-01 -8.580614127208791686e+00
-4.930485440316954571e-01 2.675609655141621482e-02 8.695902660700903786e-01 5.880683303855267496e+01 1.247150567954800719e-02 9.996416441528691577e-01 -2.368638425421723190e-02 -4.432078407701123268e-01 -8.699124135581796091e-01 -8.334363922497670715e-04 -4.932055472369156202e-01 -9.119004421950368311e+00
-4.914998078225729650e-01 2.729018517940373645e-02 8.704499819041926489e-01 5.970687010024533237e+01 1.331521799429316588e-02 9.996275465810651184e-01 -2.382169310198292006e-02 -4.901039194269707355e-01 -8.707758933244847954e-01 -1.181253771193528472e-04 -4.916801230286010349e-01 -9.608944413264879358e+00
-4.904123909515253898e-01 2.759407052361446261e-02 8.710535232404765793e-01 6.057131427198229545e+01 1.318823897137979921e-02 9.996191308058141045e-01 -2.424177502019259772e-02 -5.346805649396004778e-01 -8.713907101229313446e-01 -4.008038872313622494e-04 -4.905895264015824875e-01 -1.009235062386664339e+01
-4.907507169858014162e-01 2.861176003886995237e-02 8.708301138848332235e-01 6.148933497673689175e+01 1.243715479166801474e-02 9.995888932564112039e-01 -2.583334349656996043e-02 -5.806059861022685453e-01 -8.712112622596575040e-01 -1.847081993621071255e-03 -4.909048161707845193e-01 -1.061321699892981663e+01
-4.935492949287337283e-01 3.061437363063836126e-02 8.691788308132883945e-01 6.235862164751140568e+01 1.155917602967335665e-02 9.995229059516792525e-01 -2.864168125566136577e-02 -6.266218804372780671e-01 -8.696410129503927555e-01 -4.089089580020065576e-03 -4.936677036548940967e-01 -1.109143086429554081e+01
-4.984608532864499564e-01 3.137011429307354909e-02 8.663444350160186547e-01 6.324730572457392697e+01 1.031998361813309464e-02 9.994889804596467364e-01 -3.025352635888976099e-02 -6.786861017413338137e-01 -8.668507876634232723e-01 -6.139537305550932245e-03 -4.985298703354162919e-01 -1.155880378707647793e+01
-5.037143095753291444e-01 2.990174448285735573e-02 8.633526316078811158e-01 6.411979328535052503e+01 1.031146743877969785e-02 9.995376836869496184e-01 -2.860231649466311171e-02 -7.215779213124291491e-01 -8.638087637124625129e-01 -5.504962670548423607e-03 -5.037897663126430503e-01 -1.206286615216238545e+01
-5.091223397987714172e-01 2.788798092986100388e-02 8.602422276452299510e-01 6.498355068157451342e+01 1.332334018657161702e-02 9.996105313449868968e-01 -2.452089326341859790e-02 -7.824833388603179563e-01 -8.605910433643887414e-01 -1.022833784431819749e-03 -5.092956148736469402e-01 -1.259288524203714843e+01
-5.144804596412341224e-01 2.569641005321895641e-02 8.571169919168224460e-01 6.585622197807279576e+01 1.053654927542281919e-02 9.996648798802442171e-01 -2.364548676343444095e-02 -8.290648179010899899e-01 -8.574373737341411950e-01 -3.134084572555930273e-03 -5.145787995847401763e-01 -1.309626012853908428e+01
-5.193425391004531377e-01 2.764809295297125658e-02 8.541187837752297618e-01 6.667076720204380536e+01 1.149142654931622348e-02 9.996120683948302998e-01 -2.537045159430081909e-02 -8.791554245532083867e-01 -8.544889034995353239e-01 -3.360910580837433211e-03 -5.194587869470327357e-01 -1.359665041169181698e+01
-5.240483680705262381e-01 2.997014546421416376e-02 8.511610218691076923e-01 6.749713549856794259e+01 1.183646356889034475e-02 9.995404385151949178e-01 -2.790716539757419692e-02 -9.214642352127208058e-01 -8.516062575926607314e-01 -4.549967172070823115e-03 -5.241622773573766381e-01 -1.414345988452636149e+01
-5.291128886229577999e-01 3.030866839629067430e-02 8.480099779178933428e-01 6.836219215471376742e+01 1.061363264973092663e-02 9.995201133116363712e-01 -2.910144097219605208e-02 -9.738207665780749256e-01 -8.484850698266274138e-01 -6.397480241152829136e-03 -5.291806606571031191e-01 -1.464571042558101510e+01
-5.330982324905828573e-01 3.080992330822019884e-02 8.454921703645250641e-01 6.918288756763075753e+01 9.742557863876663560e-03 9.994940066892272768e-01 -3.027892235307677246e-02 -1.016831343726379844e+00 -8.459972628976145659e-01 -7.904382745195078983e-03 -5.331286570015965065e-01 -1.514879700713220068e+01
-5.362330158406944935e-01 2.950636614840173103e-02 8.435540967477141994e-01 6.997873349808321564e+01 9.064168538589999907e-03 9.995324813052293145e-01 -2.920033640818343879e-02 -1.083921055763014785e+00 -8.440213298609509085e-01 -8.012067103235194152e-03 -5.362497687439201632e-01 -1.566617284290570922e+01
-5.388686580651523839e-01 2.340031420921173319e-02 8.420647135166988706e-01 7.082145069246591618e+01 1.116702771284998688e-02 9.997247017775220401e-01 -2.063536111541192097e-02 -1.123616331090292686e+00 -8.423157831137174645e-01 -1.716388452070443261e-03 -5.389816216233733748e-01 -1.620937984830467826e+01
-5.410145328488747962e-01 1.579122203690400822e-02 8.408649711353579637e-01 7.163790836655174132e+01 1.251924878955210964e-02 9.998641414478314227e-01 -1.072226821418693042e-02 -1.145775831659183508e+00 -8.409200647195196332e-01 4.726095815615833154e-03 -5.411387268175953391e-01 -1.672720067787744469e+01
-5.431362536157410270e-01 1.356966739100491301e-02 8.395349077320682918e-01 7.245377526252048028e+01 1.343156851254309440e-02 9.998818751138762728e-01 -7.471864799603556047e-03 -1.169532703158288278e+00 -8.395371430286765468e-01 7.218030973033712043e-03 -5.432543588053874162e-01 -1.724485217322902386e+01
-5.439068795405225254e-01 1.757660171181133629e-02 8.389614750659412090e-01 7.325908377745736288e+01 1.214533444756404554e-02 9.998407790896596259e-01 -1.307315188557445391e-02 -1.222378763889020892e+00 -8.390576909698213015e-01 3.078891410173219875e-03 -5.440337530781775843e-01 -1.775205876094876345e+01
-5.454767645483088456e-01 2.227991266052111938e-02 8.378297512312026241e-01 7.405415824705603711e+01 1.203759539903521275e-02 9.997517619451000703e-01 -1.874862032207339629e-02 -1.275883804552997880e+00 -8.380395021359767771e-01 -1.414802734015359017e-04 -5.456095542100805051e-01 -1.827162636186855593e+01
-5.455999619027490644e-01 2.800802744439395003e-02 8.375775899572445171e-01 7.488337809338908357e+01 1.881891935105306501e-02 9.995988180743355933e-01 -2.116721868107140567e-02 -1.306166944220939374e+00 -8.378344355177175240e-01 4.213472366536052602e-03 -5.459081590481033031e-01 -1.882216737289221697e+01
-5.453785886983812947e-01 2.916555342363400319e-02 8.376822504438110606e-01 7.566233464968104272e+01 2.277704398350315074e-02 9.995410606339086845e-01 -1.997183857826492076e-02 -1.334623158822627609e+00 -8.378803093211227848e-01 8.187713317631207036e-03 -5.457925992671903703e-01 -1.932830222971439582e+01
-5.453889693803569694e-01 2.593838379109604519e-02 8.377816299884328632e-01 7.643089825509284196e+01 2.207740612651822379e-02 9.996188265902157255e-01 -1.657677980471655363e-02 -1.373634247249240881e+00 -8.378922792991835289e-01 9.455253443780934144e-03 -5.457537350197678716e-01 -1.984602114515940485e+01
-5.445118533340814748e-01 2.098684086774385560e-02 8.384905373874252943e-01 7.725053476642091255e+01 2.004319405241461460e-02 9.997270196439976830e-01 -1.200652043493586306e-02 -1.405258205151825868e+00 -8.385136394021407424e-01 1.026833687581227110e-02 -5.447838567984156777e-01 -2.036620813370902283e+01
-5.437281023109588052e-01 1.546070284788759151e-02 8.391190050303690695e-01 7.804316570612961357e+01 1.875358956747959910e-02 9.998044792306448603e-01 -6.269462307668415002e-03 -1.432694439541994713e+00 -8.390518846683512333e-01 1.232761161673668476e-02 -5.439117370299871856e-01 -2.087141415024009206e+01
-5.433621463087083825e-01 8.648159014206584574e-03 8.394538548776595555e-01 7.887241501223705598e+01 9.804428231434351299e-03 9.999441126955166403e-01 -3.955332590797981489e-03 -1.455874059714472590e+00 -8.394411609491546633e-01 6.081188056729055873e-03 -5.434165706972674537e-01 -2.140839851870705601e+01
-5.415775381829602830e-01 3.346974043837768874e-03 8.406441310255015065e-01 7.966438077119195782e+01 1.080646647996085820e-03 9.999940197561842936e-01 -3.285217388115020589e-03 -1.488878342979527147e+00 -8.406501138608258872e-01 -8.707597534608771611e-04 -5.415779174942865204e-01 -2.186577519431559224e+01
-5.399058543045184289e-01 4.197054984112346711e-03 8.417149400568820772e-01 8.044997587853545440e+01 4.806894778174294024e-03 9.999866362112874718e-01 -1.902932755704447344e-03 -1.504645077284848753e+00 -8.417116928461338965e-01 3.018631580514409898e-03 -5.399188151009730596e-01 -2.236173780371005293e+01
-5.365764113672510938e-01 7.128461445612552065e-03 8.438216202743384908e-01 8.127051768800053821e+01 9.849359795353666847e-03 9.999491081595939246e-01 -2.184304329320431361e-03 -1.527096570420209076e+00 -8.437942619841279912e-01 7.139057565803124707e-03 -5.366193159736573071e-01 -2.289367093997114466e+01
-5.316438396613019091e-01 9.988824325548203292e-03 8.469091085202242741e-01 8.205604160314781836e+01 1.014981177356488393e-02 9.999337885502558310e-01 -5.422160025597068389e-03 -1.563333679303002599e+00 -8.469072091126969015e-01 5.713311055765073546e-03 -5.317100246291522891e-01 -2.337289670709036571e+01
-5.237737349723521341e-01 1.232365157469559463e-02 8.517682718820001053e-01 8.285052299874091375e+01 1.584680099492168440e-02 9.998632826814941588e-01 -4.721738770553406302e-03 -1.580431564490054175e+00 -8.517100242272191979e-01 1.102468058790980268e-02 -5.238974176835855534e-01 -2.384579528076991295e+01
-5.153111628297140090e-01 1.448415939754832231e-02 8.568807392313528837e-01 8.364595533070489353e+01 2.289895193104307669e-02 9.997328915510688141e-01 -3.127860892633209204e-03 -1.610118788514350419e+00 -8.566971784299467485e-01 1.800985033196634069e-02 -5.155051921395058523e-01 -2.435100399855899056e+01
-5.056094565149592546e-01 1.488387557074235049e-02 8.626340674022213717e-01 8.443299886719498204e+01 2.267931505523899938e-02 9.997349620558706462e-01 -3.956548313466915455e-03 -1.623551883394921180e+00 -8.624643403627496596e-01 1.756348265690677035e-02 -5.058130081409195622e-01 -2.479721252878502824e+01
-4.944716433815153356e-01 1.164271032757639365e-02 8.691157733654957251e-01 8.526526652460238154e+01 1.793527090574823651e-02 9.998340618753503994e-01 -3.189787030943756589e-03 -1.655720922978712206e+00 -8.690087067483425187e-01 1.401056869040545952e-02 -4.945984080703496044e-01 -2.526624022412078929e+01
-4.831801754069912080e-01 8.651004742022705765e-03 8.754781918191327783e-01 8.607096184956108686e+01 1.933803577768238718e-02 9.998126880952219464e-01 7.931350306783762228e-04 -1.678439727471054743e+00 -8.753073580864280112e-01 1.731325683817484112e-02 -4.832569646782445272e-01 -2.573110693114731617e+01
-4.722243873856096785e-01 7.526278269179468607e-03 8.814462371926725659e-01 8.685896590530384742e+01 1.949461259865147358e-02 9.998081431201383262e-01 1.907091221542022222e-03 -1.695048314700380088e+00 -8.812627876423286821e-01 1.808402903557105451e-02 -4.722805110066000123e-01 -2.612955069393683161e+01
-4.598076750752128072e-01 6.589364239495052594e-03 8.879940697989485709e-01 8.772833781871648284e+01 1.884797772694094334e-02 9.998196218235884114e-01 2.340410151078620767e-03 -1.714526719952753631e+00 -8.878184886200449766e-01 1.781303213362182142e-02 -4.598489332442114441e-01 -2.654710484837479356e+01
-4.476516784568663199e-01 8.718216185309974817e-03 8.941655065368671051e-01 8.854022499489099118e+01 2.284419371885254221e-02 9.997376104731544588e-01 1.689076793312649155e-03 -1.726152646866947915e+00 -8.939161766313803437e-01 2.118260927755133416e-02 -4.477333812217302311e-01 -2.695831465458123688e+01
