1.000000000000000000e+00 4.398956837314658088e-19 2.733407509747682871e-20 -8.673617379884035472e-19 -5.583667658079949532e-19 1.000000000000000000e+00 -6.100159232558060012e-19 0.000000000000000000e+00 4.145284534913582806e-20 -2.210423569125054137e-19 1.000000000000000222e+00 0.000000000000000000e+00
9.998901709300735963e-01 3.798899829597923456e-04 1.481559237176283648e-02 -5.514538726369228039e-02 -3.771631926216309602e-04 9.999999114192371641e-01 -1.868426675639835275e-04 -9.663664398944477041e-03 -1.481566229578337376e-02 1.812342658065401694e-04 9.998902256187139903e-01 2.500306350083025819e-02
9.993877487133855375e-01 2.788983765668134884e-03 3.487619981863793184e-02 -3.038148406366725923e-02 -2.775473486608355696e-03 9.999960534132816825e-01 -4.357867326823215703e-04 -5.195965161777282848e-03 -3.487727818331343849e-02 3.387219872724320452e-04 9.993915452444079861e-01 1.766537629068234971e-01
9.979763359156278435e-01 4.856565532257388525e-03 6.340068401584537938e-02 -8.613248055898845013e-03 -4.919990859207273859e-03 9.999875403481716107e-01 8.443029491700987550e-04 2.979926300636939751e-03 -6.339579474992912411e-02 -1.154525104595411971e-03 9.979877956471558953e-01 3.856109294503604623e-01
9.953136712894790072e-01 4.360399571572716286e-03 9.660063470290299048e-02 4.775019045032129206e-02 -4.638260160083385736e-03 9.999857265807081674e-01 2.652015395517637927e-03 6.045737324763697518e-03 -9.658769370478000049e-02 -3.087645996592069259e-03 9.953196892926942096e-01 5.504171439027680801e-01
9.910626333383052433e-01 1.222744464456599484e-03 1.333917597596864790e-01 1.393750632848898552e-01 -1.876018185229890367e-03 9.999868550008752521e-01 4.771832300194881263e-03 -1.739194182319617199e-03 -1.333841738987238124e-01 -4.979429974620038814e-03 9.910518995254191665e-01 7.310296053592539867e-01
9.848640630881230207e-01 -1.951223522810770997e-03 1.733175400457102888e-01 1.936447596103438029e-01 1.003653964443676364e-03 9.999840687758191349e-01 5.554716012894598924e-03 -1.357042371785224799e-02 -1.733256203737934265e-01 -5.296689230936429960e-03 9.848503311089180645e-01 9.274598241686268230e-01
9.762809969313691605e-01 -2.343021050921153398e-03 2.164946298932237112e-01 2.994032777417393043e-01 9.433005080998927783e-04 9.999779823087149300e-01 6.568491336273433664e-03 -8.049313709684535745e-03 -2.165052570377110075e-01 -6.208473628334298597e-03 9.762617113480341891e-01 1.148001875916208947e+00
9.645233722289580092e-01 -2.317181039956835772e-03 2.639872994127321904e-01 3.938494240702579696e-01 -2.132321117296145409e-04 9.999543147613474403e-01 9.556302620399342168e-03 6.538269955305542336e-03 -2.639973873357662204e-01 -9.273567634402870435e-03 9.644788132823641780e-01 1.346915006341830923e+00
9.500775595512774840e-01 -6.163072427262193849e-03 3.119529549747610542e-01 5.237513107485987085e-01 1.098511109987305003e-03 9.998647739346456786e-01 1.640814157780842719e-02 1.983790152414037500e-02 -3.120119007573469716e-01 -1.524632316204445510e-02 9.499558540698667120e-01 1.605692561822090525e+00
9.333334024082224900e-01 -1.581372812877622491e-02 3.586623540615263006e-01 6.454904835324254408e-01 7.421764870758671730e-03 9.996658062287621105e-01 2.476273893037716708e-02 -5.806971853774253733e-03 -3.589340887533370994e-01 -2.044998355674625817e-02 9.331388534714506466e-01 1.790995573686615217e+00
9.121429317262420566e-01 -2.145878658739145198e-02 4.093101394270876603e-01 8.167680653578345273e-01 1.016095637739366543e-02 9.995055092054608847e-01 2.975721763711130022e-02 -9.258191605533372393e-03 -4.097463001862889365e-01 -2.298385307182964840e-02 9.119099266680773530e-01 2.035278429466744754e+00
8.875197025024571529e-01 -2.343689129937630636e-02 4.601733224986032100e-01 1.000360957456264410e+00 8.980123067481230251e-03 9.993956826494505563e-01 3.358015572294679313e-02 -7.305298035163124148e-03 -4.606822541872573340e-01 -2.567063653023728825e-02 8.871938244751266245e-01 2.264382563297989925e+00
8.589704569624405650e-01 -2.540344338268822957e-02 5.113945788297949990e-01 1.174117085977775643e+00 6.918484660091025161e-03 9.992531415600505174e-01 3.801701749303711825e-02 1.910876660244713310e-02 -5.119784114614345238e-01 -2.911741910071917114e-02 8.585046802488535134e-01 2.500552692315973324e+00
8.269761592748626766e-01 -3.073849287298737257e-02 5.613960921531094828e-01 1.414418745383217324e+00 8.154501982721478609e-03 9.990550974399058370e-01 4.268976852811345868e-02 1.854692970332777469e-02 -5.621778563992044786e-01 -3.072551499365621178e-02 8.264454037047166413e-01 2.720878118047626248e+00
7.911701966937542130e-01 -3.649083720757049371e-02 6.105064560964628129e-01 1.624127877247344864e+00 1.029475386899923912e-02 9.988716200072563778e-01 4.636275164243405106e-02 2.041378883842318026e-02 -6.115093990080300301e-01 -3.039581330129977749e-02 7.906531194105179683e-01 2.916323125766135949e+00
7.535714415335271754e-01 -4.080778453067677308e-02 6.560981637808745992e-01 1.907157908812190161e+00 1.122463137014774459e-02 9.987245843348988572e-01 4.922613375156378174e-02 3.032485793701883425e-02 -6.572701867165958722e-01 -2.973094815183642547e-02 7.530683761367422679e-01 3.133081405177811085e+00
7.134617251940383875e-01 -4.428095465143959408e-02 6.992936121693000828e-01 2.193719625446947319e+00 1.246386117041739169e-02 9.986452613250934585e-01 5.052023498263081419e-02 4.205776216766086983e-02 -7.005833484062590211e-01 -2.732835505029997461e-02 7.130470816983938143e-01 3.378990858247816753e+00
6.719919867837285121e-01 -4.601476147597764049e-02 7.391274603951177857e-01 2.484530750439537528e+00 1.130720067126680072e-02 9.985889212129444026e-01 5.188750898885707147e-02 4.997472650292890395e-02 -7.404720974603203887e-01 -2.651052723017210608e-02 6.715640502573091419e-01 3.555001924800929469e+00
6.290443652794021068e-01 -4.647417816863162743e-02 7.759789478957115350e-01 2.830889532106048545e+00 7.235291968692669946e-03 9.985181263803020180e-01 5.393701687740062867e-02 8.120924006443624998e-02 -7.773357371285881667e-01 -2.831434176656667800e-02 6.284484541949297842e-01 3.788893406113273077e+00
5.875827638027998345e-01 -4.731047868688365715e-02 8.077797990157883357e-01 3.167087988967413725e+00 4.426425415899821851e-03 9.984622608102220465e-01 5.525866853651052041e-02 9.714620599454290573e-02 -8.091519724058765517e-01 -2.889346359030501785e-02 5.868886299384914462e-01 3.999716515906628800e+00
5.472742437707676100e-01 -4.842630925961508709e-02 8.355511853076068585e-01 3.540647506051688875e+00 2.263874327817633637e-03 9.984066934090334300e-01 5.638217257293425683e-02 1.167012854853003156e-01 -8.369502910879305091e-01 -2.896492738929431349e-02 5.465118980240640800e-01 4.192482338182328405e+00
5.087252451591497415e-01 -5.092204945301441465e-02 8.594216413835683577e-01 3.973628795223380639e+00 1.182082831678920058e-03 9.982896099756728425e-01 5.845046833896721389e-02 1.296982978297999689e-01 -8.609281277015307099e-01 -2.871932064799631243e-02 5.079153194563528206e-01 4.402608491651335498e+00
4.714308119020361176e-01 -5.075855965019542004e-02 8.804411084252821151e-01 4.384101789231058532e+00 -1.596210786008711710e-03 9.982915499310750507e-01 5.840747731715703606e-02 1.525434270194820363e-01 -8.819016134183912392e-01 -2.894045340534155339e-02 4.705443733103206738e-01 4.600641220262486009e+00
4.348730606190854830e-01 -5.000656505927662809e-02 8.991021917335697555e-01 4.834025535017846487e+00 -3.050501016188204590e-03 9.983693416116056207e-01 5.700308883900272183e-02 1.778984673066326128e-01 -9.004866074405016851e-01 -2.753181918308379370e-02 4.340113848826906984e-01 4.794613812802224651e+00
4.020073402618384861e-01 -4.890381743098044798e-02 9.143295363727292902e-01 5.349550478324750280e+00 -1.653479541704873032e-03 9.985322850774847048e-01 5.413447725789519160e-02 1.951349361793711101e-01 -9.156349596938896385e-01 -2.327428167123865230e-02 4.013364453511839014e-01 4.974856177366648424e+00
3.721129869038710680e-01 -4.712611320325776204e-02 9.269903128193637265e-01 5.853178341696398945e+00 2.585753544357676111e-04 9.987154848545236607e-01 5.066866305594683317e-02 2.181998119618367704e-01 -9.281874129284298780e-01 -1.861476991670376127e-02 3.716471864924728585e-01 5.162627184907058187e+00
3.461048637309672715e-01 -4.532924272825639145e-02 9.371001378331899057e-01 6.390285934500948173e+00 1.192239608388324414e-03 9.988525760606654647e-01 4.787598383791256268e-02 2.409212285172659951e-01 -9.381950850243122586e-01 -1.545286213428525776e-02 3.457617767333326930e-01 5.332422070924759616e+00
3.256292198596965060e-01 -4.478556859522325739e-02 9.444362599066302710e-01 6.960555378869227816e+00 2.338500681903693968e-03 9.989126377053010319e-01 4.656257739172307147e-02 2.677494926910555240e-01 -9.454946633907093112e-01 -1.295357005485356372e-02 3.253798726859222779e-01 5.500118946412421828e+00
3.108510758238446914e-01 -4.539260782609456923e-02 9.493740593889470336e-01 7.539583555188224651e+00 3.557946941282976241e-03 9.989074805542051960e-01 4.659598985345332622e-02 2.965629016829932074e-01 -9.504519797078850862e-01 -1.110659016268805872e-02 3.106729681410478339e-01 5.691683857782260603e+00
2.986634228752418907e-01 -4.689498782481441030e-02 9.532056465622992247e-01 8.159152990479704215e+00 4.477728053611520001e-03 9.988498758660698806e-01 4.773756796301455163e-02 3.153946951116468056e-01 -9.543480109268330791e-01 -9.989268885301778866e-03 2.985299045339200319e-01 5.903060655951641422e+00
2.882002755594284538e-01 -4.861103826126508126e-02 9.563354812482678380e-01 8.800019989322612091e+00 3.221239712219432175e-03 9.987541923319335213e-01 4.979645444410839977e-02 3.424342949880526676e-01 -9.575647450942672556e-01 -1.127076517097311964e-02 2.879978199156842944e-01 6.082834282626563116e+00
2.778020620388130801e-01 -5.032864088562419291e-02 9.593190432220634056e-01 9.463888357638824189e+00 1.460107929709097236e-03 9.986476253699290151e-01 5.196910995503205982e-02 3.758369582708210865e-01 -9.606372357792841710e-01 -1.303641568548570898e-02 2.774998534843283182e-01 6.233762940875513081e+00
2.674820390404085146e-01 -5.201689784372131448e-02 9.621577757706725187e-01 1.015221015725036580e+01 6.768953227599454553e-04 9.985517024811446651e-01 5.379627538809447773e-02 4.029278567155257229e-01 -9.635626170839785010e-01 -1.373825645667344116e-02 2.671298541167512197e-01 6.439169471174690962e+00
2.572317300411546825e-01 -5.407035947375463114e-02 9.648358500435756380e-01 1.087507632282399328e+01 -1.364651928243487483e-04 9.984313501122582535e-01 5.598946731244547337e-02 4.304735181973812219e-01 -9.663497477391598256e-01 -1.453393317466623175e-02 2.568208434461156653e-01 6.627114221551460460e+00
2.471723852631408647e-01 -5.571971571172795734e-02 9.673681354005824184e-01 1.158964638628152777e+01 -4.366396439653823258e-04 9.983387710061680798e-01 5.761516822743795868e-02 4.642464815017014468e-01 -9.689714329651013536e-01 -1.466326895637464107e-02 2.467374445414480255e-01 6.820868437142403984e+00
2.362821314627215064e-01 -5.709082175631259581e-02 9.700058641383650926e-01 1.236745388290972869e+01 -1.112788535135535899e-03 9.982559097705880902e-01 5.902457341926894974e-02 4.886518033884229006e-01 -9.716838645997404322e-01 -1.502586253956588597e-02 2.358065027383819123e-01 7.002517191056320200e+00
2.266760408274416383e-01 -5.989730996991689954e-02 9.721266731901373470e-01 1.313828668156600266e+01 -2.126551511183660034e-03 9.980743851471841621e-01 6.199193050051114706e-02 5.269146755602329701e-01 -9.739678983561206316e-01 -1.611936193876127923e-02 2.261121740031898641e-01 7.185777790967655676e+00
2.152245209507738233e-01 -6.338900587359773409e-02 9.745051171608676288e-01 1.389967909499035592e+01 -3.991680063789739170e-03 9.978256698089355003e-01 6.578753008099830213e-02 5.728959791909683519e-01 -9.765564442872073370e-01 -1.804900142986354955e-02 2.145035217848941800e-01 7.351144486501469011e+00
2.019841996539880336e-01 -6.709934270584125282e-02 9.770875319271441484e-01 1.468316227243898808e+01 -4.662227190241229578e-03 9.975731516538739463e-01 6.946992648890500111e-02 6.101652757625084522e-01 -9.793776920131903596e-01 -1.858723069424932789e-02 2.011811808886437292e-01 7.506738892746400715e+00
1.894171443361303553e-01 -6.953109108506248803e-02 9.794317518102292341e-01 1.547399167881144777e+01 -5.452256733744508671e-03 9.973997468813331491e-01 7.186110049792635013e-02 6.540484830862931531e-01 -9.818815790521014941e-01 -1.895183694100509297e-02 1.885455090886941631e-01 7.669940293109349660e+00
1.762124095655417111e-01 -7.033168258484613633e-02 9.818363533137820509e-01 1.627794539584915512e+01 -6.238947030244350322e-03 9.973443690874036482e-01 7.256228315852038258e-02 6.881150506865709726e-01 -9.843324028369718759e-01 -1.891199888683563202e-02 1.753056574304078519e-01 7.804911928553432965e+00
1.612381891478883444e-01 -6.951889502745835225e-02 9.844639927555385306e-01 1.708758508161636769e+01 -7.499226942712868167e-03 9.974008758352528314e-01 7.166068956993777717e-02 7.268697245539101903e-01 -9.868870376302419922e-01 -1.893715784200476759e-02 1.602977717289318371e-01 7.947394746257756104e+00
1.448912483524411599e-01 -6.854121469935581246e-02 9.870707225744391744e-01 1.787270078134859475e+01 -8.765253228410374575e-03 9.974697358959823124e-01 7.054995579603726141e-02 7.625548582197699821e-01 -9.894087697398928904e-01 -1.887399512431111454e-02 1.439238527459569261e-01 8.061807470428554723e+00
1.246363641276949236e-01 -6.717300250176942711e-02 9.899260314135626126e-01 1.869017410018795289e+01 -1.120565832436746373e-02 9.975467358034688647e-01 6.910096288467554304e-02 8.043415658640078458e-01 -9.921392176387021644e-01 -1.970526477011055183e-02 1.235778791009819050e-01 8.155209261143184563e+00
9.858596004141377545e-02 -6.579546229586473449e-02 9.929510303536457361e-01 1.952049244986312360e+01 -1.556527419120257681e-02 9.975878178073016578e-01 6.764811878228550734e-02 8.484298582595523053e-01 -9.950068080192396858e-01 -2.212470892284713192e-02 9.732402694658791320e-02 8.244337621326881305e+00
6.975288101262225315e-02 -6.527579075382637652e-02 9.954263356271021435e-01 2.034289070905511565e+01 -1.920420196803428875e-02 9.975840326647580358e-01 6.676298660752245928e-02 8.882119927198284248e-01 -9.973794421100409258e-01 -2.377327820664440830e-02 6.833078947158162386e-02 8.304570333523738412e+00
3.540236492243818006e-02 -6.493895804274762984e-02 9.972610426058107214e-01 2.120577941008884792e+01 -2.248144628431441791e-02 9.975823149715878913e-01 6.575796087834957782e-02 9.289377242793711575e-01 -9.991202502563718557e-01 -2.474785704438815792e-02 3.385685006556830856e-02 8.304713862953922998e+00
1.922711626061629313e-03 -6.443365318018960675e-02 9.979201322037856148e-01 2.202676003134974181e+01 -2.435333547210104602e-02 9.976229970507012323e-01 6.446139001611622676e-02 9.621349052739486263e-01 -9.997015732449957559e-01 -2.442662356730861128e-02 3.489655699952355986e-04 8.296305814070683127e+00
-3.286046558404573381e-02 -6.363894298474817579e-02 9.974318309748543276e-01 2.287722533991744100e+01 -2.534703201694877769e-02 9.977028754665394628e-01 6.282117679612844729e-02 9.916863462192634371e-01 -9.991384964160909821e-01 -2.321760257205834552e-02 -3.439804072056278778e-02 8.269745412473929136e+00
-6.484874235696683198e-02 -6.171468443261179243e-02 9.959849000099546545e-01 2.369734323868373238e+01 -2.734198436060791132e-02 9.978209399749038422e-01 6.004821102521580578e-02 1.024164620103196199e+00 -9.975204627772557009e-01 -2.333815172995333531e-02 -6.639483638235441076e-02 8.220656701285424361e+00
-9.732454048160915638e-02 -5.859623511078639047e-02 9.935262441412645584e-01 2.453090514313576875e+01 -2.998857535179858327e-02 9.979847023872463474e-01 5.592154476815088676e-02 1.067058477444785103e+00 -9.948008022648399118e-01 -2.435189713567557229e-02 -9.888562156711618034e-02 8.129064958071570146e+00
-1.302677627049148856e-01 -5.445144184498065809e-02 9.899824914129248254e-01 2.538144010026164921e+01 -2.721333178577322459e-02 9.983109763679545168e-01 5.132863777375729769e-02 1.087918746113949231e+00 -9.911053230702474570e-01 -2.025425430748605676e-02 -1.315295439118357723e-01 8.001894110271825511e+00
-1.611427419717180731e-01 -4.883232160660371662e-02 9.857222752913077368e-01 2.620750089692334228e+01 -2.266826048820811540e-02 9.986948114865249471e-01 4.576924176859006183e-02 1.107470250514915877e+00 -9.866707573071368254e-01 -1.496922725703835923e-02 -1.620393654808069961e-01 7.847517082657173404e+00
-1.927868034514561846e-01 -4.275158582398780327e-02 9.803088969289721621e-01 2.705552561885332707e+01 -1.638301861068882162e-02 9.990514049547049025e-01 4.034708127397280963e-02 1.126221239886686654e+00 -9.811038994564701410e-01 -8.282033088101808244e-03 -1.933043282431769760e-01 7.665546370926996644e+00
-2.215585697544896759e-01 -3.716590762121401575e-02 9.744385453767621108e-01 2.785641482284071913e+01 -1.135423676335023044e-02 9.993040127865897571e-01 3.553267986716219379e-02 1.130370618929316562e+00 -9.750809697882738547e-01 -3.191435197206543908e-03 -2.218263597023485967e-01 7.471008360370546164e+00
-2.484787368092120363e-01 -3.060631452636158531e-02 9.681536831938919452e-01 2.867438808087297275e+01 -2.061689225642819763e-03 9.995151278983270826e-01 3.106861001524927057e-02 1.158418376469838584e+00 -9.686351649101081485e-01 5.723858055211804817e-03 -2.484213584680122489e-01 7.248516947550796452e+00
-2.758563100954389835e-01 -2.087541305504667100e-02 9.609721624159112130e-01 2.949499370532715758e+01 3.498978185559508975e-03 9.997357013087373456e-01 2.272189834932656499e-02 1.146974192126678949e+00 -9.611925243958855392e-01 9.630400796923592119e-03 -2.757103603670732483e-01 6.996259004578465834e+00
-3.005921463119760051e-01 -5.836467584412595271e-03 9.537349113180936255e-01 3.024869602457328099e+01 7.797842928624450047e-03 9.999328133299332233e-01 8.576855800569327393e-03 1.140603240841655541e+00 -9.537209081081253759e-01 1.001521164309285630e-02 -3.005264400086000154e-01 6.720371815608802812e+00
-3.257724180897138000e-01 1.133524739751051551e-02 9.453802557036852239e-01 3.105410449530355521e+01 8.753813712062479338e-03 9.999214276905921128e-01 -8.972690575601691490e-03 1.116464086199900452e+00 -9.454076990349559173e-01 5.352628595356307556e-03 -3.258460493716978656e-01 6.451507380344468245e+00
-3.517086145503702799e-01 2.627001573863671502e-02 9.357408407818795792e-01 3.185209005068777799e+01 7.324111015361515348e-03 9.996527841334410525e-01 -2.531143137314805294e-02 1.092633343605876606e+00 -9.360808846210542100e-01 -2.048777690033696305e-03 -3.517789015673780106e-01 6.149887826577280947e+00
-3.753274930148228772e-01 3.700646558777045958e-02 9.261532158120981961e-01 3.258824533376131427e+01 1.179993682610838007e-02 9.993124630331446934e-01 -3.514772670166767948e-02 1.059470202247951631e+00 -9.268171604224763049e-01 -2.263357754839677004e-03 -3.755061167493072838e-01 5.846767972908856414e+00
-3.998902742444891967e-01 4.169387630667144989e-02 9.156142059960445945e-01 3.338194159868366029e+01 1.541229855485160179e-02 9.991294650253557119e-01 -3.876561799245356599e-02 1.006291493476812793e+00 -9.164334365532360582e-01 -1.390273153294528793e-03 -4.001847555345844354e-01 5.499895399062026513e+00
-4.222204878728660349e-01 4.107248090452949446e-02 9.055621989722224541e-01 3.410502233231226654e+01 1.807067914950075821e-02 9.991558592687764806e-01 -3.689199652366629417e-02 9.696608141891503996e-01 -9.063130385499906794e-01 7.875681432576459723e-04 -4.226062832619608134e-01 5.136101817200278141e+00
-4.423043895540311188e-01 3.753993931701256337e-02 8.960789951169439993e-01 3.484926341315431841e+01 2.162241948196594668e-02 9.992795505832519076e-01 -3.119055501855640469e-02 9.228466277832646503e-01 -8.966043225980709908e-01 5.579677530281621466e-03 -4.427974371923861230e-01 4.749354063082941835e+00
-4.604970749629262450e-01 3.618057024609446642e-02 8.869235570818173597e-01 3.556445610313659245e+01 2.896663623223378475e-02 9.992493481707018788e-01 -2.572302698659109654e-02 8.871577099629111007e-01 -8.871884754479232305e-01 1.384581443363613364e-02 -4.611994326580615144e-01 4.344491918718184742e+00
-4.750831636115734891e-01 3.673320627059922794e-02 8.791738424534629726e-01 3.626472400765703696e+01 3.252057311231693060e-02 9.991786801901955117e-01 -2.417389759422868684e-02 8.394476794425235200e-01 -8.793397595657486132e-01 1.710662657627921510e-02 -4.758875545572443522e-01 3.975425174937216255e+00
-4.853202491063620116e-01 4.012426085088063865e-02 8.734152996771208377e-01 3.696871325414807785e+01 3.485199266619770642e-02 9.990402984421190569e-01 -2.652961814886068553e-02 7.921646136091814450e-01 -8.736415781124896585e-01 1.756490382804802575e-02 -4.862528981834635666e-01 3.549187962306983302e+00
-4.954585655535621580e-01 4.301545635775289034e-02 8.675658284617057125e-01 3.765369943214704307e+01 3.666219153309320522e-02 9.989186421498187363e-01 -2.859073307435516451e-02 7.512468855108009880e-01 -8.678575378134189000e-01 1.764134206572898558e-02 -4.964998396675178172e-01 3.161931476798018004e+00
-5.057755903895702065e-01 4.200626829474060631e-02 8.616417539443863571e-01 3.836389849431751742e+01 3.048300309972666253e-02 9.990602503097698595e-01 -3.081237934060071168e-02 6.986005043405891790e-01 -8.621263543812913710e-01 1.068127992879835952e-02 -5.065807663565149443e-01 2.766749199826270544e+00
-5.176067803573538573e-01 4.093259029619009115e-02 8.546389475853610751e-01 3.905000970806924698e+01 2.894283026046982205e-02 9.991210140356648894e-01 -3.032345361011441059e-02 6.754574852536041618e-01 -8.551289642611620279e-01 9.040045806698961128e-03 -5.183365174800875774e-01 2.365575674969405018e+00
-5.259449067837874692e-01 4.228165688071325312e-02 8.494670113765123709e-01 3.972520710074443429e+01 3.116294205768584472e-02 9.990509118917548781e-01 -3.043265412997257433e-02 6.417658572550155593e-01 -8.499475501013078471e-01 1.046599282930977919e-02 -5.267633607481836400e-01 1.916458189204337970e+00
-5.336797818736660481e-01 4.511144793176730811e-02 8.444825840263032735e-01 4.039479602041603101e+01 3.479798894253926383e-02 9.989019268602559176e-01 -3.136941857852808963e-02 5.927246658819892433e-01 -8.449704149159747990e-01 1.264507218431221158e-02 -5.346635512971518178e-01 1.488779644256407853e+00
-5.371832837808376837e-01 4.854749567884643346e-02 8.420672463630338722e-01 4.109221184085798484e+01 3.607019657498672371e-02 9.987511360932157523e-01 -3.457034871084522371e-02 5.595504281842175187e-01 -8.426939374256771087e-01 1.180291867952644284e-02 -5.382635338665830993e-01 1.047654955579844227e+00
-5.373572684824354795e-01 4.997132750078342456e-02 8.418729236352884282e-01 4.179139167664372678e+01 3.523175705801536578e-02 9.987016836416581222e-01 -3.679225902776731699e-02 5.114325539011660426e-01 -8.426184788683128701e-01 9.890075503936147927e-03 -5.384201876085362715e-01 6.208100116354159370e-01
-5.342791985243248165e-01 5.094924363118976535e-02 8.437712365667802139e-01 4.253151701128087581e+01 3.769469468082591035e-02 9.986249893055707538e-01 -3.643131431589238106e-02 4.749705320339811521e-01 -8.444672046318946190e-01 1.234120674935336448e-02 -5.354650762859611834e-01 1.542128652327350580e-01
-5.280331367003895382e-01 4.954900560948864718e-02 8.477770281953714848e-01 4.328091231413542062e+01 3.601990469831227448e-02 9.987047714265240295e-01 -3.593530204767481778e-02 4.263007526061841634e-01 -8.484595363459379591e-01 1.156181851975056872e-02 -5.291339647499463394e-01 -3.002950531202356332e-01
-5.212511040021325925e-01 4.831624699181270854e-02 8.520345143704550761e-01 4.402998121850273350e+01 3.382579256016551850e-02 9.987811754572764045e-01 -3.594411287831088264e-02 3.846054163877075105e-01 -8.527327332002884175e-01 1.008483522477262619e-02 -5.222501269135223501e-01 -7.573069036017755495e-01
-5.139738833513691763e-01 4.785424496367377684e-02 8.564699674656351958e-01 4.482284240432304045e+01 3.192056092545406121e-02 9.988181552824372256e-01 -3.665201783513479666e-02 3.397331648552641137e-01 -8.572117224464287366e-01 8.500822834833882471e-03 -5.148939815822756172e-01 -1.233408116791764320e+00
-5.071418510211997965e-01 4.629578660803407991e-02 8.606182833668738485e-01 4.561761802610382688e+01 2.910677938006938845e-02 9.989066461466296065e-01 -3.658288705373834160e-02 2.930091626929655080e-01 -8.613709715010877677e-01 6.497114430998722837e-03 -5.079348879848281095e-01 -1.692420146689449734e+00
-5.026679062542542820e-01 4.401960333049695362e-02 8.633581163376201628e-01 4.643220979380132718e+01 2.498741926395700239e-02 9.990252773018259980e-01 -3.638851664493968768e-02 2.486948577176023856e-01 -8.641184046164382959e-01 3.281752711087021924e-03 -5.032778819377518031e-01 -2.156177571620635280e+00
-5.010504664789955376e-01 4.125901714788081376e-02 8.644339824505727909e-01 4.727823723891062002e+01 2.033849290293907042e-02 9.991484015612559499e-01 -3.590010201181336597e-02 2.100415409669171007e-01 -8.651790497235092303e-01 -4.064775168594596147e-04 -5.014629201296302297e-01 -2.624786446232850068e+00
-5.019393282136335177e-01 3.869905182963703782e-02 8.640366199768584332e-01 4.809926443294551035e+01 1.742913559621268524e-02 9.992482115543686039e-01 -3.463000004933115827e-02 1.561932300833930587e-01 -8.647272103650283093e-01 -2.322746641597196477e-03 -5.022364682653023271e-01 -3.089693388046064637e+00
-5.027825377453684075e-01 3.746633137151185455e-02 8.636005906929543618e-01 4.894725091704698627e+01 1.603969943560400874e-02 9.992926048125585492e-01 -3.401496695764494316e-02 1.201205361714877545e-01 -8.642641147749874353e-01 -3.250236599631600547e-03 -5.030278217084421799e-01 -3.593288474769844143e+00
-5.035431493458399910e-01 3.714137188139730872e-02 8.631713629095882911e-01 4.982799669083053118e+01 1.611081967885047775e-02 9.993054791427254946e-01 -3.360060732857517163e-02 6.716556967821324386e-02 -8.638198599995337013e-01 -3.012956550767130915e-03 -5.037918072869065345e-01 -4.078491721892771871e+00
-5.036142078097842756e-01 3.621222014850549592e-02 8.631693873796909555e-01 5.069770870812514829e+01 1.567658020945415093e-02 9.993396908437343074e-01 -3.277845491461207211e-02 1.651133767396614077e-02 -8.637864243074395709e-01 -2.976150564866025805e-03 -5.038493517265733024e-01 -4.581445618760387362e+00
-5.033838136561000765e-01 3.583694395118841580e-02 8.633194287737774308e-01 5.158156546023968048e+01 1.624864852147205052e-02 9.993554746902234553e-01 -3.200963287175482425e-02 -2.533824186115606059e-02 -8.639101399257043123e-01 -2.085356195685698563e-03 -5.036416731699294713e-01 -5.110974928187123290e+00
-5.037016520775342565e-01 3.523388174318209387e-02 8.631588531534143405e-01 5.245150169214993952e+01 1.568482281793256994e-02 9.993762140406841077e-01 -3.164125649570049409e-02 -8.026341155735504385e-02 -8.637352860215310457e-01 -2.399258584715163040e-03 -5.039400884672224912e-01 -5.624888630332538497e+00
-5.040326689166315655e-01 3.364578024431232051e-02 8.630289778711183191e-01 5.335350514922501475e+01 1.398367143885306633e-02 9.994278515278615105e-01 -3.079653383702833994e-02 -1.314358264773942409e-01 -8.635713855179087961e-01 -3.454144572660228403e-03 -5.042147801466461132e-01 -6.129223734419201541e+00
-5.040204480114349739e-01 3.299785792221500424e-02 8.630611310136327985e-01 5.425035582048971605e+01 1.360879902488910768e-02 9.994492626310125249e-01 -3.026502914470030961e-02 -1.793696147749517800e-01 -8.635845070771231979e-01 -3.508967168630300251e-03 -5.041919275478692342e-01 -6.631405009841796705e+00
-5.035438780442036411e-01 3.228040463891962419e-02 8.633663908557204225e-01 5.515192536566566872e+01 1.239812154949856970e-02 9.994688484074683021e-01 -3.013814229306856218e-02 -2.311863168833881987e-01 -8.638806988032342593e-01 -4.471754698039056772e-03 -5.036766375073317148e-01 -7.146195684206301912e+00
-5.021324083242866276e-01 3.107919999600327124e-02 8.642320951640114490e-01 5.603830071848292960e+01 1.185240872249787233e-02 9.995074701356021496e-01 -2.905748660311955819e-02 -2.839351086695089954e-01 -8.647095334520765730e-01 -4.347472808604119221e-03 -5.022534577149952995e-01 -7.672096579834299490e+00
-5.001978992182576356e-01 2.860662289367278330e-02 8.654384491010264080e-01 5.693107843835801418e+01 1.209491334816337887e-02 9.995874612032313866e-01 -2.605034460415215844e-02 -3.445107847722564398e-01 -8.658266495370644522e-01 -2.562923679598449501e-03 -5.003375440219229864e-01 -8.167955948412041423e+00
-4.977045537462434499e-01 2.749031628436081690e-02 8.669108639798823734e-01 5.782703212726289621e+01 1.279329372160247988e-02 9.996215388162197346e-01 -2.435386514179876949e-02 -3.921408269042174211e-01 -8.672522823377755152e-01 -1.030383337856257461e-03 -4.978678848024754577e-01 -8.696226084648097654e+00
-4.954338594522397776e-01 2.683955041968123442e-02 8.682309115661042132e-01 5.871143647387163611e+01 1.247328309992114595e-02 9.996392993600736743e-01 -2.378420402680306300e-02 -4.442069809688777848e-01 -8.685561125007553729e-01 -9.538091056065885935e-04 -4.955899346746338030e-01 -9.196128957681320770e+00
-4.933964330689616373e-01 2.723885402664128277e-02 8.693779333470048609e-01 5.961902518503877246e+01 1.311115053148467942e-02 9.996288801534275459e-01 -2.387885406445781553e-02 -4.923270288624017610e-01 -8.697057376192193212e-01 -3.831955291747031543e-04 -4.935704577994333153e-01 -9.702934254787427548e+00
-4.922235713126510426e-01 2.777386769165350600e-02 8.700256056138807592e-01 6.050243224235313733e+01 1.341129970077259426e-02 9.996141854428857165e-01 -2.432318395207593020e-02 -5.326287537157641250e-01 -8.703655010318350760e-01 -3.042693863758927841e-04 -4.924061491814823444e-01 -1.018857683718471741e+01
-4.935299304574560786e-01 2.849943127903567519e-02 8.692617422202425503e-01 6.137251922218009526e+01 1.219974416173197525e-02 9.995914944965952342e-01 -2.584589619163446886e-02 -5.841354259803790416e-01 -8.696432524116302076e-01 -2.150951563442910289e-03 -4.936760077585868878e-01 -1.066131080131822628e+01
-4.954870314223119299e-01 3.054380890333248041e-02 8.680781438286491181e-01 6.227442561553949929e+01 1.141044024952781420e-02 9.995242077787570567e-01 -2.865588762426018662e-02 -6.313306466016684881e-01 -8.685403939895418590e-01 -4.293465999633324683e-03 -4.955998020754420752e-01 -1.117074192909910835e+01
-4.994702993332049701e-01 3.123585412065160369e-02 8.657677101456813240e-01 6.314268108211425101e+01 1.013946215151467420e-02 9.994921172031714374e-01 -3.021090756030396854e-02 -6.791272189609626198e-01 -8.662716801136108868e-01 -6.311031233959664942e-03 -4.995333429399327896e-01 -1.167095408921235311e+01
-5.052150093257042895e-01 3.005803994037544932e-02 8.624698806976441867e-01 6.401631691020779158e+01 1.045261537817808277e-02 9.995330745823840513e-01 -2.871194224076823592e-02 -7.166199107055064577e-01 -8.629302112304929606e-01 -5.490637343560017709e-03 -5.052932979409340275e-01 -1.217953456259770384e+01
-5.103657341071552445e-01 2.783436531710187581e-02 8.595068656876339031e-01 6.489436896079337203e+01 1.323556297461672346e-02 9.996119055226246886e-01 -2.451240882270004640e-02 -7.856756045713262360e-01 -8.598555980477690097e-01 -1.134235351119722637e-03 -5.105360686890233479e-01 -1.270060434959004603e+01
-5.157597579671496790e-01 2.557253901357879264e-02 8.563515072717713394e-01 6.573704135893737543e+01 1.046697853388347220e-02 9.996679054562372935e-01 -2.354827259373819606e-02 -8.253370271612541220e-01 -8.566693215574456843e-01 -3.181837624543550416e-03 -5.158561453874825897e-01 -1.319772100612449250e+01
-5.206023987932777430e-01 2.796661571897716275e-02 8.533410792637701192e-01 6.658254136201745155e+01 1.158046274487077414e-02 9.996027483418091775e-01 -2.569510398313502517e-02 -8.821770705174409866e-01 -8.537207079817149546e-01 -3.494847295687085638e-03 -5.207194561794753485e-01 -1.371194999691012839e+01
-5.258801167846939295e-01 3.016068964035460362e-02 8.500237775786290140e-01 6.741392145545624714e+01 1.193336764814195532e-02 9.995343646187421216e-01 -2.808288909735517924e-02 -9.264550276905985093e-01 -8.504749904555938267e-01 -4.624585866945571389e-03 -5.259951681904857512e-01 -1.424302156167047251e+01
-5.308550061910183304e-01 3.039607115466521833e-02 8.469173680037646035e-01 6.824961863999040190e+01 1.076924328670248072e-02 9.995178300845773967e-01 -2.912268395878558902e-02 -9.679863663043658528e-01 -8.473942397674987248e-01 -6.339262528016705901e-03 -5.309263877548575650e-01 -1.476155110479231070e+01
-5.345118817511904652e-01 3.094026222223507372e-02 8.445944206969226986e-01 6.907459528408161020e+01 9.872986362620858949e-03 9.994900742570831387e-01 -3.036635608491745908e-02 -1.018881753481292618e+00 -8.451032979040576931e-01 -7.892508086331804021e-03 -5.345447943585459605e-01 -1.526352030845109553e+01
-5.380226577557222223e-01 3.021913486902524232e-02 8.423885153081728250e-01 6.990369479704322941e+01 1.009455372534566985e-02 9.995165017242478855e-01 -2.940854885886981865e-02 -1.072275492559600307e+00 -8.428699374041928039e-01 -7.318928639252875179e-03 -5.380675745944724087e-01 -1.576324339161106280e+01
-5.408968079138609664e-01 2.349386637828677210e-02 8.407607677383054368e-01 7.074147831688196675e+01 1.135474622875449688e-02 9.997226805591855614e-01 -2.063084326385645345e-02 -1.121269141778488798e+00 -8.410123212666995585e-01 -1.612531200306145098e-03 -5.410135747870612466e-01 -1.631714875090005634e+01
-5.424032911191926098e-01 1.569741380568285757e-02 8.399715757913985836e-01 7.155906476558958218e+01 1.241845805612443003e-02 9.998659956170310448e-01 -1.066642806004513243e-02 -1.154632950545456005e+00 -8.400264658018220532e-01 4.645647069224855159e-03 -5.425255455569966134e-01 -1.684117170273989572e+01
-5.448150829526359207e-01 1.276939774189597872e-02 8.384589763750008862e-01 7.235029545099550319e+01 1.264378981011984697e-02 9.998954755704076991e-01 -7.012310023735006045e-03 -1.182462602106211236e+00 -8.384608944274350995e-01 6.780887786086954409e-03 -5.449195912268012254e-01 -1.734214859349703275e+01
-5.452590231953645672e-01 1.755838329236629122e-02 8.380836998825741402e-01 7.314672368466393948e+01 1.238731371922103218e-02 9.998402132739291348e-01 -1.288807039298044306e-02 -1.217625175443203478e+00 -8.381760934266925256e-01 3.354269996649730627e-03 -5.453894004221205849e-01 -1.787474849325689519e+01
-5.469689546341476305e-01 2.291182095606382474e-02 8.368392906486783467e-01 7.395891753918752443e+01 1.292813084066863662e-02 9.997373797256279282e-01 -1.892181254768257256e-02 -1.263649352713200891e+00 -8.370530673585008241e-01 4.691247385744955244e-04 -5.471215176936838898e-01 -1.838602952156166381e+01
-5.473844172327911872e-01 2.799300429072263882e-02 8.364129833654762036e-01 7.475764335512063496e+01 1.921351890726663222e-02 9.995973458876936668e-01 -2.088029580153451248e-02 -1.295007601220846460e+00 -8.366607149373034291e-01 4.640889081107014806e-03 -5.477018559408182163e-01 -1.892234873195170408e+01
-5.467936980010656978e-01 2.835047978878629110e-02 8.367872425966892402e-01 7.556249889433198064e+01 2.190672120601575706e-02 9.995688393815976847e-01 -1.955072547768727659e-02 -1.347535875563612429e+00 -8.369807398364946804e-01 7.641052337231256548e-03 -5.471790093269777167e-01 -1.944397002720517875e+01
-5.466903617834329987e-01 2.620181482079880428e-02 8.369247878267681573e-01 7.633678461942466242e+01 2.213224066878645424e-02 9.996132468742150445e-01 -1.683806877350972273e-02 -1.377415493020660575e+00 -8.370423070088379713e-01 9.317811920762216968e-03 -5.470588336268715768e-01 -1.996880980842439612e+01
-5.463998183759017913e-01 2.065738912484500409e-02 8.372696686173203284e-01 7.714369290086477804e+01 1.991840656323737649e-02 9.997335329594788655e-01 -1.166705290944913993e-02 -1.405559201283435034e+00 -8.372875892036800716e-01 1.030220308945177347e-02 -5.466656842865770249e-01 -2.047754956719182218e+01
-5.449030689572249564e-01 1.464781766616727807e-02 8.383710837555589102e-01 7.794117898895633800e+01 1.788038748320193091e-02 9.998230351657695358e-01 -5.847227175694090333e-03 -1.439296873991915637e+00 -8.383083851976131928e-01 1.180422883571570665e-02 -5.450685501107410680e-01 -2.099311368115220588e+01
-5.455565918177877061e-01 8.247450655079311896e-03 8.380333954478629277e-01 7.875366774512697532e+01 9.716375063043543661e-03 9.999466149300483275e-01 -3.515583726517044084e-03 -1.456381166720638332e+00 -8.380176660947085132e-01 6.224697898833550513e-03 -5.456076037427072256e-01 -2.150950427395634890e+01
-5.437498435283595333e-01 3.058272901023674408e-03 8.392417659983449907e-01 7.955277653102317004e+01 1.318351818791573980e-03 9.999952391816862018e-01 -2.789903318986427377e-03 -1.482091945748722717e+00 -8.392463173374510310e-01 -4.105926515464025390e-04 -5.437512878925819804e-01 -2.200217091982913331e+01
-5.420480478556881643e-01 3.560199075299297182e-03 8.403399466491322523e-01 8.033103990859103760e+01 4.445251581305026574e-03 9.999891824103662730e-01 -1.369230741405079400e-03 -1.501938237046241298e+00 -8.403357454831041906e-01 2.993334590996501576e-03 -5.420580113634531072e-01 -2.250330911037820059e+01
-5.386694726316664239e-01 6.257852934057318850e-03 8.424939320902132822e-01 8.115691928146233636e+01 9.041194156662289705e-03 9.999577716212306733e-01 -1.646744290753235839e-03 -1.531422161077436117e+00 -8.424686746135000570e-01 6.730101336008168823e-03 -5.387033051404968020e-01 -2.302442116158893981e+01
-5.326435765347551365e-01 9.596916658535164374e-03 8.462852394671597223e-01 8.196525860413551356e+01 1.012055486379593791e-02 9.999364369425151056e-01 -4.969549960496423904e-03 -1.561173516465097499e+00 -8.462791540043401728e-01 5.917878323634071479e-03 -5.327068473916199975e-01 -2.350983238802778530e+01
-5.257124378641495621e-01 1.170839444881500123e-02 8.505817615182240665e-01 8.268522758057386568e+01 1.554489679654892653e-02 9.998705349278053101e-01 -4.155663676895010074e-03 -1.580255438108086663e+00 -8.505203117739285057e-01 1.103752265798050615e-02 -5.258263834448089202e-01 -2.395970739130265059e+01
-5.173536994569382097e-01 1.349903161870107463e-02 8.556651871576868018e-01 8.350401387969644418e+01 2.131228146888413874e-02 9.997687004763583518e-01 -2.886550036023699528e-03 -1.624309057846045956e+00 -8.555062526640879739e-01 1.674281106760969889e-02 -5.175217321576724983e-01 -2.448748383792500860e+01
-5.084501813696167272e-01 1.398222109313435220e-02 8.609778726062268239e-01 8.427754867268065198e+01 2.134500655126129673e-02 9.997655763670989515e-01 -3.630836189545984943e-03 -1.627768988606089984e+00 -8.608268211181544505e-01 1.653148010946229110e-02 -5.086294404428648441e-01 -2.492418423683252371e+01
-4.960599552632286580e-01 1.145348019161263921e-02 8.682127187080509456e-01 8.515065385884301463e+01 1.765915060406438031e-02 9.998392586199623677e-01 -3.100208472793606045e-03 -1.651779656396663576e+00 -8.681086842160292694e-01 1.379401095905021142e-02 -4.961824778540117054e-01 -2.540718946671027112e+01
-4.853017016565980835e-01 8.754467615882567319e-03 8.743029245291034091e-01 8.593213551592650390e+01 1.882256269552595729e-02 9.998227445380213352e-01 4.365844743572080879e-04 -1.681091315036345568e+00 -8.741441426448905982e-01 1.666849791225409605e-02 -4.853804620242110901e-01 -2.583328564974844355e+01
-4.736894130644895839e-01 7.946280023534830345e-03 8.806561091452815848e-01 8.676366410045498867e+01 1.937217928153910779e-02 9.998113635955895306e-01 1.398521342564897898e-03 -1.706780697509580946e+00 -8.804788875609429466e-01 1.772269391265672220e-02 -4.737539959963307790e-01 -2.627236625946348525e+01
-4.618629163917540859e-01 6.840152825996068803e-03 8.869249373987794227e-01 8.756713867126443063e+01 1.893251165068602498e-02 9.998184560684999500e-01 2.148225976201705544e-03 -1.713637414696641104e+00 -8.867492427331959970e-01 1.778390375791258360e-02 -4.619085705021925836e-01 -2.668296741360074975e+01
-4.490277015598957422e-01 7.972404422478682889e-03 8.934822603824282838e-01 8.842888778043091236e+01 2.054031001422502653e-02 9.997880428753008752e-01 1.401767901232396597e-03 -1.731347402351988141e+00 -8.932817204734773142e-01 1.898183638707335447e-02 -4.490962838541784907e-01 -2.711012220879977264e+01
