1.000000000000000000e+00 4.398956837314658088e-19 2.733407509747682871e-20 -8.673617379884035472e-19 -5.583667658079949532e-19 1.000000000000000000e+00 -6.100159232558060012e-19 0.000000000000000000e+00 4.145284534913582806e-20 -2.210423569125054137e-19 1.000000000000000222e+00 0.000000000000000000e+00
9.999045118060998494e-01 4.423967478754135731e-04 1.381200818825815448e-02 -7.697320295356591124e-02 -4.369758954377617904e-04 9.999998263204183946e-01 -3.954896864285979436e-04 -1.160580091208103515e-02 -1.381218099230840761e-02 3.894164232448338336e-04 9.999045314403386397e-01 8.935255536761610440e-03
9.995958585473651015e-01 1.998026088111549275e-03 2.835714176093074440e-02 -8.678736943286706473e-02 -1.988271929075737573e-03 9.999979541324937049e-01 -3.721684465977526807e-04 -2.755874026844720714e-02 -2.835782783975449028e-02 3.156363567268681493e-04 9.995977860859686093e-01 -1.715310915262646674e-02
9.979923578307995369e-01 5.133245740503633060e-03 6.312609214261763468e-02 3.059494228775175295e-03 -5.200489395358804702e-03 9.999860714940930206e-01 9.009647599595232374e-04 4.956926704831290942e-03 -6.312058910928389222e-02 -1.227442474148065892e-03 9.980051525899661380e-01 4.169096500217454593e-01
9.954384820803001688e-01 4.522738075204316838e-03 9.529833787296140835e-02 4.233069926771790975e-02 -4.812853866602643561e-03 9.999844569555209617e-01 2.814656895722446317e-03 4.102424407625926417e-03 -9.528412833806769455e-02 -3.260474706271243497e-03 9.954447770799523809e-01 5.593204941417160292e-01
9.909513922648913731e-01 1.678905448134507651e-03 1.342107272780438953e-01 1.399095259476956232e-01 -2.369379539175468612e-03 9.999847670662052046e-01 4.985145863745791758e-03 5.416863063209126361e-03 -1.342003155854291641e-01 -5.258033309858252402e-03 9.909402749447699943e-01 7.971765587697907662e-01
9.850842906422170309e-01 -2.042739247919858701e-03 1.720603593959509903e-01 1.671041691669591378e-01 1.070747403721522507e-03 9.999829427432911366e-01 5.741752257843582563e-03 -2.062244762388590336e-02 -1.720691563951174397e-01 -5.471876654937052158e-03 9.850696748238886302e-01 9.133921649305711821e-01
9.765089528329116142e-01 -2.398671918854951984e-03 2.154634792864494885e-01 2.652190466809423719e-01 9.957378977539723015e-04 9.999775947813070998e-01 6.619549668222257655e-03 -1.204001128161415191e-02 -2.154745336330296246e-01 -6.249504216750797342e-03 9.764894620835743444e-01 1.158585584647123357e+00
9.646525212395301585e-01 -2.119031799496993301e-03 2.635166448802107597e-01 3.657524834791321400e-01 -5.079647200991084521e-04 9.999508601820911169e-01 9.900464175496059838e-03 -1.071082364987319124e-03 -2.635246796727167551e-01 -9.684364727068808798e-03 9.646040416288965691e-01 1.355200244056327996e+00
9.505002135768321203e-01 -5.839662445714573560e-03 3.106690217688504174e-01 5.213543646686099597e-01 7.889405069441151773e-04 9.998655153922575423e-01 1.638074158585636417e-02 1.743808909324950918e-02 -3.107229049347562944e-01 -1.532479884442394108e-02 9.503769926417283687e-01 1.635678498821433680e+00
9.335460859174241621e-01 -1.568940533724020800e-02 3.581138733749697489e-01 6.285488029323189618e-01 7.369454402893072312e-03 9.996705608379898855e-01 2.458578678827059300e-02 -4.225845784697382368e-03 -3.583816392009888663e-01 -2.031286100161863034e-02 9.333541611360622881e-01 1.812702317275217467e+00
9.125847568653037145e-01 -2.145046150252460579e-02 4.083245485017247267e-01 7.949906025833463064e-01 1.019144403286875375e-02 9.995060218546391040e-01 2.972955958103490337e-02 -1.056085045680982271e-02 -4.087605649273225450e-01 -2.296932592734312467e-02 9.123525705493363835e-01 2.034782457013085022e+00
8.874891617969921098e-01 -2.334201755857780863e-02 4.602370420243399041e-01 9.811829879441406055e-01 8.857775806543921951e-03 9.993959050224706653e-01 3.360602325930684559e-02 -8.815882834031563142e-03 -4.607434554769812007e-01 -2.574830465976468349e-02 8.871597917697270352e-01 2.291931636257537708e+00
8.594200551997304149e-01 -2.527733789843892090e-02 5.106449070031591209e-01 1.159608399969892290e+00 6.813071070242650643e-03 9.992546099478027966e-01 3.799745422445616888e-02 2.238362337737462293e-02 -5.112247606834142699e-01 -2.917671392660269730e-02 8.589516676290601671e-01 2.518740550729943628e+00
8.278251730566360544e-01 -3.074071683021193171e-02 5.601432731399962339e-01 1.390232495932941514e+00 8.103221007734844744e-03 9.990485571559447608e-01 4.285228365069589096e-02 1.552440548904093776e-02 -5.609276484316715328e-01 -3.093523411643050308e-02 8.272866427626216490e-01 2.722320279982080038e+00
7.919662015318058579e-01 -3.636491274842150456e-02 6.094810276335197452e-01 1.626233698589196752e+00 1.019706180027581642e-02 9.988733077611836597e-01 4.634797650435858174e-02 1.970865054512757619e-02 -6.104797807531117115e-01 -3.049111486400730292e-02 7.914447137732860682e-01 2.934187550087681728e+00
7.542728696854824610e-01 -4.085380941840865282e-02 6.552887894818131276e-01 1.886177278135393154e+00 1.129165082826520672e-02 9.987217768404815788e-01 4.926774842074727045e-02 2.925639685963680320e-02 -6.564639707176243011e-01 -2.976203339344708071e-02 7.537700466730841153e-01 3.136214572755810170e+00
7.140964870687065424e-01 -4.403786055332543220e-02 6.986607662461613577e-01 2.189591443706653262e+00 1.225232786671735449e-02 9.986527488568603950e-01 5.042387934266705229e-02 3.526058485015536037e-02 -6.999400665902324459e-01 -2.744729387106093627e-02 7.136739850924102013e-01 3.392477985061289836e+00
6.725863654096153610e-01 -4.609635981649688741e-02 7.385815445678896030e-01 2.465080661424496444e+00 1.164604298468678752e-02 9.985937777457470910e-01 5.171882321991038561e-02 5.220821023031761016e-02 -7.399269970343748115e-01 -2.618382240633924593e-02 6.721773986525970690e-01 3.571005690401703347e+00
6.298878796064024677e-01 -4.624860176482521040e-02 7.753078848313013083e-01 2.842805974682587333e+00 7.260536192392708262e-03 9.985325639446750445e-01 5.366566226263023293e-02 8.324386811628042837e-02 -7.766521453507974071e-01 -2.817419872124947780e-02 6.292993479869246620e-01 3.829951131757221017e+00
5.882003419761083762e-01 -4.721163328367664058e-02 8.073359949886598219e-01 3.156561202715447934e+00 4.425394239119888849e-03 9.984674742610559761e-01 5.516446937425135283e-02 9.805265947424998685e-02 -8.087031504706778673e-01 -2.887497913036093586e-02 5.875078387764736121e-01 4.023253510420882861e+00
5.481351610602831492e-01 -4.814872758479900317e-02 8.350027148758942808e-01 3.554057972578121838e+00 2.298463766079637816e-03 9.984245709795841472e-01 5.606329533536884985e-02 1.210774486949911521e-01 -8.363866181569522551e-01 -2.881103934317833654e-02 5.473822799615450929e-01 4.231118041358391757e+00
5.096889803903847938e-01 -5.095505758437376270e-02 8.588484809640418716e-01 3.977675471701905163e+00 1.365613878162176553e-03 9.982912939163021138e-01 5.841769889014339356e-02 1.290187894722887307e-01 -8.603576534215102711e-01 -2.860200135879615788e-02 5.088876554646192263e-01 4.428733464812458109e+00
4.721565473549947378e-01 -5.066921419054457726e-02 8.800572780955930874e-01 4.373975245789903710e+00 -1.804531216127539320e-03 9.982890260453829434e-01 5.844453870116800287e-02 1.503453150662459326e-01 -8.815128771010553033e-01 -2.918306179678056833e-02 4.712572643936045469e-01 4.618702474416772397e+00
4.361385205528046094e-01 -5.008165399990736899e-02 8.984848387282616811e-01 4.818041765572881552e+00 -2.699311153894626020e-03 9.983728287002273660e-01 5.695971028232311995e-02 1.785718711809483605e-01 -8.998755020446100872e-01 -2.726761324403693953e-02 4.352936612483382928e-01 4.805669862506277035e+00
4.018835298842972081e-01 -4.878487457313795961e-02 9.143903162686238817e-01 5.334743503339414161e+00 -1.470296070382120981e-03 9.985441282338350932e-01 5.392088800981697377e-02 1.980735036637068514e-01 -9.156896208167522033e-01 -2.301434056387584651e-02 4.012267095135838013e-01 4.993688636521596003e+00
3.733164811969746366e-01 -4.723507880365086092e-02 9.265007489707526300e-01 5.837531728921291574e+00 5.304989635188193248e-04 9.987136399425395883e-01 5.070289861881653593e-02 2.187742539825898447e-01 -9.277039068722197079e-01 -1.843671922392287402e-02 3.728613186524698531e-01 5.170269240043348091e+00
3.467944536707820435e-01 -4.531331162159135673e-02 9.368459296883806520e-01 6.374468331283866362e+00 1.310130450770631604e-03 9.988547474134965576e-01 4.782757671392118964e-02 2.437246292923375135e-01 -9.379402465782349374e-01 -1.535894712962258997e-02 3.464566514653853457e-01 5.356797724967849561e+00
3.266607219295284970e-01 -4.465819899619994510e-02 9.440860146357872296e-01 6.964446781972839950e+00 2.306500517894044013e-03 9.989177745284956167e-01 4.645384540305564497e-02 2.647187014685792317e-01 -9.451388621285097269e-01 -1.299711093693383009e-02 3.264102042145721749e-01 5.531976410482035256e+00
3.117367503926689043e-01 -4.518263541211609696e-02 9.490936269667589187e-01 7.537144065876468346e+00 3.372223264588010503e-03 9.989150725024401600e-01 4.644680831001529731e-02 2.938353558592423642e-01 -9.501625348403524018e-01 -1.127862060003519996e-02 3.115509032269780376e-01 5.709742670791175811e+00
2.995270903373425386e-01 -4.670663868735681901e-02 9.529438581318572243e-01 8.171257578959339796e+00 4.427083620851888189e-03 9.988583087380558112e-01 4.756553328877480974e-02 3.109483326896299027e-01 -9.540775331433140050e-01 -1.002840274343701557e-02 2.993918957377584289e-01 5.921460674396124446e+00
2.888960148332853084e-01 -4.856074179770471927e-02 9.561280936909074546e-01 8.781887574863787904e+00 3.049918540368063650e-03 9.987543466942837567e-01 4.980414558608138587e-02 3.384049194342679812e-01 -9.573556323903160692e-01 -1.147210549293242038e-02 2.886842555270445199e-01 6.092980356630949501e+00
2.781565637801485802e-01 -5.018869945481765904e-02 9.592236469831292300e-01 9.461340771588321985e+00 1.632341425980234854e-03 9.986572542545163467e-01 5.177860511738075627e-02 3.748679888061879351e-01 -9.605343709823254139e-01 -1.283677749921093708e-02 2.778649939896381538e-01 6.291586903249400287e+00
2.682875725461202898e-01 -5.205191884442498390e-02 9.619315778770334280e-01 1.016030471964115200e+01 9.598895022084723023e-04 9.985531086593055772e-01 5.376586053827716455e-02 4.040107980582090530e-01 -9.633384002837658278e-01 -1.350136330557520810e-02 2.679493523263122845e-01 6.464406502618880168e+00
2.584233062493964117e-01 -5.400174867316664962e-02 9.645212232928866980e-01 1.087854729492650208e+01 -1.290700985661777985e-04 9.984344002897240777e-01 5.593506609212407776e-02 4.323886784012566098e-01 -9.660317772398364644e-01 -1.457941468853331257e-02 2.580117474368683883e-01 6.669388057478535359e+00
2.478594599062543535e-01 -5.561240165291670562e-02 9.671984972424699789e-01 1.159217195352071528e+01 -2.955216884236150214e-04 9.983466658158663964e-01 5.747910471951919037e-02 4.616282553393104005e-01 -9.687959627239495219e-01 -1.453256710376668939e-02 2.474332293657221238e-01 6.860582253098216121e+00
2.364406363567785330e-01 -5.691547110681137445e-02 9.699775454459291790e-01 1.235344880754548313e+01 -9.571083362643500493e-04 9.982688045452368097e-01 5.880882393836263378e-02 4.969719090475265277e-01 -9.716454734583785946e-01 -1.483316846727566335e-02 2.359768357743825262e-01 7.019820951549943899e+00
2.271864873912793348e-01 -5.982691316734949777e-02 9.720118437379479115e-01 1.311627016223623166e+01 -2.051445801729750128e-03 9.980795749809580064e-01 6.191085148313917041e-02 5.228162600925406744e-01 -9.738491198580883079e-01 -1.605933761930776818e-02 2.266274597489818243e-01 7.210972954027930371e+00
2.155863561834933939e-01 -6.341392274198963397e-02 9.744235122830836593e-01 1.389400330864450872e+01 -3.830713594034837292e-03 9.978265019587486684e-01 6.578447822533799172e-02 5.746220770765912977e-01 -9.764772733995359388e-01 -1.791497248315982935e-02 2.148748577236979374e-01 7.380071946680224038e+00
2.034032715275541359e-01 -6.713467163319318531e-02 9.767906780664661337e-01 1.469587717763863566e+01 -4.013385132157799851e-03 9.975808880397609713e-01 6.939931199873906886e-02 6.065659014206952193e-01 -9.790868290141819807e-01 -1.803628341599085305e-02 2.026417775835523960e-01 7.564158758441439367e+00
1.902840873473371497e-01 -6.954966562137417097e-02 9.792623722840188005e-01 1.547124726649462900e+01 -5.190177104688302977e-03 9.974021952224683130e-01 7.184652374177183387e-02 6.515716807536846567e-01 -9.817153584992507342e-01 -1.875379447359209334e-02 1.894287899866304303e-01 7.698490578592553035e+00
1.767169615476548716e-01 -7.023115949231974187e-02 9.817528626339644404e-01 1.628567579735240400e+01 -5.870160165167230722e-03 9.973581009484556725e-01 7.240414103672444812e-02 6.839715460777062717e-01 -9.842442144805416682e-01 -1.855808547790727819e-02 1.758378236488979951e-01 7.838986099987127254e+00
1.624304707279107529e-01 -6.951906106132384189e-02 9.842679644153838892e-01 1.708115299247681307e+01 -7.326257659954529475e-03 9.974025137122985996e-01 7.165578511243410331e-02 7.271433767983461749e-01 -9.866928018435022762e-01 -1.885008274349830176e-02 1.614992438794965179e-01 7.975452989938002446e+00
1.460187060199464315e-01 -6.855101438617916543e-02 9.869038855184779635e-01 1.786304509514321737e+01 -8.308845365908134120e-03 9.974761339504615298e-01 7.051471649592686020e-02 7.667647802452851602e-01 -9.892469447657530335e-01 -1.849649855077872829e-02 1.450805932088325423e-01 8.102743365737268277e+00
1.249127303650035131e-01 -6.706666823789941834e-02 9.898984064053933940e-01 1.870677479092222484e+01 -1.103994007566378409e-02 9.975570486863175601e-01 6.897865105567388411e-02 8.058746307956801136e-01 -9.921063182609475284e-01 -1.954472985065307256e-02 1.238671612654985155e-01 8.196074778306691400e+00
1.002531540157344664e-01 -6.567588225882553532e-02 9.927920057413104349e-01 1.952578893180214337e+01 -1.517766859311699482e-02 9.976020141056447521e-01 6.752673397111381981e-02 8.460818339662674603e-01 -9.948461995530585300e-01 -2.183803524560578441e-02 9.901594020484481840e-02 8.273098529052402839e+00
7.023674108481678391e-02 -6.525729058879588262e-02 9.953935247713677770e-01 2.035961096544866678e+01 -1.897809282595119829e-02 9.975898704862730115e-01 6.674040962643029706e-02 8.852260736384990336e-01 -9.973498130147446794e-01 -2.357829873266761508e-02 6.882900113412160348e-02 8.332472979128457524e+00
3.698112873563011438e-02 -6.506536364658493943e-02 9.971955061012587329e-01 2.119539723393077324e+01 -2.213470009006094502e-02 9.975799483842465731e-01 6.591131634731893507e-02 9.269767594997784244e-01 -9.990708025516081836e-01 -2.451009748765824864e-02 3.545142879255586132e-02 8.359574381350643790e+00
2.519832215953927545e-03 -6.426413863480565092e-02 9.979297338348078750e-01 2.204499934818267093e+01 -2.373272599454070986e-02 9.976479870955532459e-01 6.430592162312534499e-02 9.591814139708346731e-01 -9.997151721768141597e-01 -2.384563221209071160e-02 9.887409512057416649e-04 8.354407336036103970e+00
-3.178547884687771968e-02 -6.338321312298086929e-02 9.974829493947446890e-01 2.289164344038307064e+01 -2.529693479096541478e-02 9.977185458059941725e-01 6.259207973446628825e-02 9.909106365076993939e-01 -9.991745421488689161e-01 -2.324374103572864059e-02 -3.331636413498245686e-02 8.312801669661805448e+00
-6.519488406340775977e-02 -6.123871842187938314e-02 9.959916812732000357e-01 2.370992917620346674e+01 -2.791931903708510729e-02 9.978363251814236223e-01 5.952461493723519570e-02 1.020468577201679050e+00 -9.974819075394424361e-01 -2.392670827998644514e-02 -6.676356824243231958e-02 8.266508904791253443e+00
-9.748514371864631933e-02 -5.811925817371529912e-02 9.935385152724721669e-01 2.455963502217175787e+01 -2.957466455680368006e-02 9.980217157668088701e-01 5.547967279741139457e-02 1.059979072638901565e+00 -9.947974683261776585e-01 -2.397512358102493399e-02 -9.901114934837812465e-02 8.175504678428657357e+00
-1.287658384664318312e-01 -5.389149046541452659e-02 9.902095984778472859e-01 2.539796239840312708e+01 -2.635092980876148350e-02 9.983556405994045146e-01 5.090818597722497618e-02 1.084346257239702238e+00 -9.913248731854800155e-01 -1.953770747909069211e-02 -1.299741934159328038e-01 8.040168154481582619e+00
-1.607431307489228522e-01 -4.862276205733062628e-02 9.857978777894864653e-01 2.619658724100074565e+01 -2.229637979020470881e-02 9.987098288344926633e-01 4.562399864902651203e-02 1.108892888976602542e+00 -9.867444116977630575e-01 -1.464597856485662548e-02 -1.616198575445279839e-01 7.912733243459466159e+00
-1.915526925360776234e-01 -4.227740140212452730e-02 9.805713489490053281e-01 2.708684966988887055e+01 -1.650277340311607013e-02 9.990693387092407507e-01 3.985115970596794094e-02 1.122452534377354816e+00 -9.813435896130098257e-01 -8.548548850514262748e-03 -1.920721176078643011e-01 7.715616983221329050e+00
-2.205559448206083073e-01 -3.669863249193316967e-02 9.746836762806303511e-01 2.788981696684006906e+01 -1.069738059292982095e-02 9.993228334476512709e-01 3.520568988098293772e-02 1.133422055663181549e+00 -9.753156706568385514e-01 -2.661737016053906425e-03 -2.207991723160608044e-01 7.522714248828865635e+00
-2.486147314861015256e-01 -2.987593334844125190e-02 9.681415843318085246e-01 2.869601401991321410e+01 -1.602963752798514932e-03 9.995355209876762848e-01 3.043308691385061479e-02 1.159920903626207700e+00 -9.686011365380832183e-01 6.014218967870914485e-03 -2.485471465567176685e-01 7.301677095657516325e+00
-2.750055497067966370e-01 -1.971961243963584257e-02 9.612403799968991525e-01 2.952741583901162414e+01 4.379794002301443112e-03 9.997535699717606805e-01 2.176273687919643915e-02 1.151812666066919677e+00 -9.614326708957808831e-01 1.019490940087007351e-02 -2.748514135899062794e-01 7.049265681516271975e+00
-2.995680218057291677e-01 -4.860742385415328486e-03 9.540625542022667105e-01 3.031137570128041503e+01 9.103755263364491507e-03 9.999269336813679798e-01 7.952918983443699533e-03 1.140600480861184041e+00 -9.540315179822851377e-01 1.106799333140635368e-02 -2.995018838042097231e-01 6.792899091419666746e+00
-3.248222942538605551e-01 1.195699758782831253e-02 9.456994720581507474e-01 3.104634308528470044e+01 9.184110577302109432e-03 9.999128116431930113e-01 -9.487950750641896067e-03 1.114407891839992448e+00 -9.457304818589031825e-01 5.603511651203795137e-03 -3.249037892494375801e-01 6.507687317440290720e+00
-3.495971686895603114e-01 2.658486886678287572e-02 9.365228500957925029e-01 3.184247532979438589e+01 7.523709841326122437e-03 9.996447686635393515e-01 -2.556814931677240527e-02 1.085806228740816781e+00 -9.368699099482106218e-01 -1.892425453150717567e-03 -3.496729989775139158e-01 6.200510838623119803e+00
-3.745538338656165811e-01 3.732610469849014651e-02 9.264535455719908885e-01 3.260690634619859196e+01 1.205417824651523057e-02 9.993009589391328440e-01 -3.538771290085797327e-02 1.051754605604340753e+00 -9.271268180294798267e-01 -2.086966406322128716e-03 -3.747419421805110451e-01 5.888844394150914319e+00
-3.985581460899520478e-01 4.224749586820050057e-02 9.161694920921509278e-01 3.339473945947564459e+01 1.570928609579460081e-02 9.991063987303128169e-01 -3.923802126382375244e-02 1.007983978745660147e+00 -9.170085258873205136e-01 -1.246263393217148787e-03 -3.988656733151423883e-01 5.569393173286730558e+00
-4.201653062628316060e-01 4.122911478590150780e-02 9.065104857384809200e-01 3.410641023761659341e+01 1.820574234089059051e-02 9.991492613730018624e-01 -3.700411337788160615e-02 9.577446578526943588e-01 -9.072649447989493687e-01 9.558526709101700667e-04 -4.205584633253339755e-01 5.180163001462958938e+00
-4.408131513922686207e-01 3.803972251450762204e-02 8.967924679669768695e-01 3.487367334797970386e+01 2.231857152801332636e-02 9.992571993137620012e-01 -3.141545708554305955e-02 9.246808277237804630e-01 -8.973213807173229251e-01 6.166781213568510618e-03 -4.413347086124418395e-01 4.816542701289373341e+00
-4.594682826647786267e-01 3.710863870291911115e-02 8.874186339962915060e-01 3.560518482332679469e+01 2.954456418884083418e-02 9.992124816136592758e-01 -2.648651099804619907e-02 8.961057562198002646e-01 -8.877026692536648111e-01 1.404868615036866143e-02 -4.602028027530180587e-01 4.444409883594771848e+00
-4.732781494897736474e-01 3.773746807739905562e-02 8.801043476408642041e-01 3.630417468760434474e+01 3.336594836469933267e-02 9.991330105062682376e-01 -2.489860944172180707e-02 8.430997564542529465e-01 -8.802809321523898944e-01 1.758154952204942639e-02 -4.741269699583551822e-01 4.032960886604929129e+00
-4.846787938457148281e-01 4.086056962582407248e-02 8.737372985334316278e-01 3.698433791852702512e+01 3.578758916512229937e-02 9.989982215062347404e-01 -2.686636988949892696e-02 7.862650208995878298e-01 -8.739597976223639764e-01 1.824739282894368916e-02 -4.856555555643633504e-01 3.625987352142046038e+00
-4.942260538869034381e-01 4.352916393358947228e-02 8.682429417551964512e-01 3.769046704539575643e+01 3.737624998534417459e-02 9.988860693005284785e-01 -2.880341010284888023e-02 7.450152481274520122e-01 -8.685295827001803248e-01 1.821627062309543257e-02 -4.953024784502502720e-01 3.235605473988201641e+00
-5.044074466952349622e-01 4.291909815473818335e-02 8.623984376497786375e-01 3.838529729759842013e+01 3.158148712293325222e-02 9.990126509146134426e-01 -3.124632665754992211e-02 6.923081834513944433e-01 -8.628880284506432741e-01 1.147494633750636983e-02 -5.052648706256779310e-01 2.845561738563556542e+00
-5.160700237560583714e-01 4.180401889273508559e-02 8.555256520466361092e-01 3.909175026027041611e+01 2.991679887713951172e-02 9.990786064384583609e-01 -3.077211806763316057e-02 6.778095655797699015e-01 -8.560237892525365266e-01 9.714022175770366252e-03 -5.168451637903527240e-01 2.439111295563960446e+00
-5.248259939324728673e-01 4.306232918407117138e-02 8.501195791046091133e-01 3.976202974502919574e+01 3.197855240112854047e-02 9.990119586488066528e-01 -3.086225216251010234e-02 6.317049419947038391e-01 -8.506086410045972102e-01 1.098828235962387261e-02 -5.256845162971769403e-01 1.998689454903554541e+00
-5.321848905011147268e-01 4.601165026223417304e-02 8.453769321292670114e-01 4.045413258161992331e+01 3.566983999248710818e-02 9.988540508042282884e-01 -3.190999290270829514e-02 5.816053430499592558e-01 -8.458764192025137740e-01 1.317244485615776638e-02 -5.332162630487377042e-01 1.565653710685560585e+00
-5.355941194429164609e-01 4.920674339652986867e-02 8.430407005019119326e-01 4.112139768513664251e+01 3.638484165667463938e-02 9.987185175562153239e-01 -3.517763388388760182e-02 5.488324804518744937e-01 -8.436913500649811937e-01 1.183296957013058558e-02 -5.366981457380581855e-01 1.120925997760117809e+00
-5.349409335445957092e-01 5.059430475190729304e-02 8.433732275903353948e-01 4.186365384204801643e+01 3.555490998786973306e-02 9.986692082397982118e-01 -3.735854423250049156e-02 5.002777146209630432e-01 -8.441410176427737166e-01 1.000144566444824065e-02 -5.360279156992574512e-01 6.591270546871762503e-01
-5.318918851811210713e-01 5.134027125195654573e-02 8.452545096266319558e-01 4.258197741951753557e+01 3.793108166041452706e-02 9.986030453024087317e-01 -3.678574305021479335e-02 4.570572102477029608e-01 -8.459623320513309785e-01 1.249538063237695673e-02 -5.330962495274990109e-01 2.133371787458450408e-01
-5.262988266266787063e-01 5.039894376079694788e-02 8.488047351873251323e-01 4.333244194896804657e+01 3.639603264323613974e-02 9.986622346630434910e-01 -3.672968557710348109e-02 4.161710375757120550e-01 -8.495203857095322553e-01 1.156233544546510575e-02 -5.274290850993927915e-01 -2.342062232422132129e-01
-5.195458669923346262e-01 4.917767715886703361e-02 8.530261631143707390e-01 4.406832444669944238e+01 3.417120183364801694e-02 9.987395083691070763e-01 -3.676579018259625714e-02 3.714368705912899360e-01 -8.537590017241056817e-01 1.004741586068113625e-02 -5.205714453103695849e-01 -6.855416117724999481e-01
-5.120136035449398548e-01 4.851463898837393013e-02 8.576061953223591550e-01 4.486241603633929032e+01 3.251729564393150695e-02 9.987828384344222821e-01 -3.708728993650847044e-02 3.271404241258978884e-01 -8.583616413732760853e-01 8.897838234212803593e-03 -5.129679663343940099e-01 -1.156789413765423546e+00
-5.059099432197302626e-01 4.707729479024411190e-02 8.613006700493128776e-01 4.567822646498850503e+01 2.980840733081239688e-02 9.988673417676057209e-01 -3.708763066360820648e-02 2.815379104805417754e-01 -8.620711110071637151e-01 6.911001070441799912e-03 -5.067402205515209035e-01 -1.597398102497813221e+00
-5.017302740489356649e-01 4.491277666767919813e-02 8.638573731131939937e-01 4.649037977747247652e+01 2.572360096541946931e-02 9.989842127112026349e-01 -3.699782505545769207e-02 2.301673007039939101e-01 -8.646415678004819583e-01 3.658594412759743307e-03 -5.023759423773366262e-01 -2.044745067088099333e+00
-4.998810147889288236e-01 4.196341440458678518e-02 8.650768921644785836e-01 4.728463942605462478e+01 2.087519925943220889e-02 9.991191384104689543e-01 -3.640292951334447163e-02 2.001183897009281565e-01 -8.658424853648571951e-01 -1.384799196251486559e-04 -5.003166846601412310e-01 -2.526636483529528299e+00
-5.006433801778018555e-01 3.973521783861153761e-02 8.647411779304620127e-01 4.816220309289242607e+01 1.800054514841730943e-02 9.992078152056751428e-01 -3.549256782198531579e-02 1.472616670341249934e-01 -8.654664630141040149e-01 -2.203305600107702700e-03 -5.009620349056929101e-01 -3.011678761955519423e+00
-5.015212439740293071e-01 3.792153828388453163e-02 8.643138233592673192e-01 4.900330402791873041e+01 1.654475884923834600e-02 9.992765879168790111e-01 -3.424283520795020491e-02 1.023261812514935920e-01 -8.649871242550899453e-01 -2.873644627935563640e-03 -5.017858413698185194e-01 -3.496617314401800236e+00
-5.019634992792137984e-01 3.783560039431480004e-02 8.640608191640170022e-01 4.988675331894430798e+01 1.656985507132301833e-02 9.992800125631010610e-01 -3.413057810924002150e-02 5.291078946536844491e-02 -8.647300721126345291e-01 -2.814940968160169806e-03 -5.022290234981798829e-01 -4.017987338187182011e+00
-5.017666377724934179e-01 3.709529315740127398e-02 8.642072476668507530e-01 5.075338438893228954e+01 1.620333344235077785e-02 9.993078117687848039e-01 -3.348655388932054305e-02 3.666108231595778533e-03 -8.648512620847469412e-01 -2.799396452013758457e-03 -5.020203894324626326e-01 -4.508906135996030962e+00
-5.024548401562175526e-01 3.625702090537697569e-02 8.638428957424856280e-01 5.163183522533324776e+01 1.683972178639522865e-02 9.993412065143644218e-01 -3.214928770960866211e-02 -3.872421008893527083e-02 -8.644394540313692366e-01 -1.606690268186314547e-03 -5.027343855422667929e-01 -5.011934907064440559e+00
-5.025653522124180483e-01 3.593632628302945858e-02 8.637920083540795435e-01 5.252823518113406465e+01 1.615533725223926992e-02 9.993516247203463321e-01 -3.217662530216893607e-02 -9.888859437602498526e-02 -8.643882716378814557e-01 -2.216004905030527668e-03 -5.028200659489293622e-01 -5.530393269072160223e+00
-5.025849304499030445e-01 3.442208805819668010e-02 8.638422853878110486e-01 5.342952094969641053e+01 1.465077368724914016e-02 9.994026538795307557e-01 -3.130000352235481897e-02 -1.417723257470738796e-01 -8.644036989902365020e-01 -3.074951363274488862e-03 -5.027890247299269255e-01 -6.030310541188113937e+00
-5.028561822049907315e-01 3.352492285066466238e-02 8.637197034078827329e-01 5.433356133936516130e+01 1.427457943540886773e-02 9.994333828628391148e-01 -3.048195488808792125e-02 -2.028026140225916429e-01 -8.642522251684996437e-01 -2.998803038327704264e-03 -5.030498106651042356e-01 -6.536372655830174239e+00
-5.024093590192278969e-01 3.276607352916157540e-02 8.640088002305265080e-01 5.523157722724034357e+01 1.291783691842215628e-02 9.994546071720697977e-01 -3.039107873519569791e-02 -2.540951566962810215e-01 -8.645333873123447477e-01 -4.107636712623163183e-03 -5.025586165688952223e-01 -7.051175689990072826e+00
-5.010789021186553560e-01 3.180505930878455012e-02 8.648169508693197560e-01 5.612588290255533963e+01 1.272800446974248559e-02 9.994871838190197977e-01 -2.938311180318065388e-02 -3.032400308058474936e-01 -8.653080053349634371e-01 -3.715862484968357471e-03 -5.012267569042450077e-01 -7.559574766426345072e+00
-4.986666504834310065e-01 2.943333585442136496e-02 8.662939667630097373e-01 5.703373177346488632e+01 1.285768446851746731e-02 9.995645267887399710e-01 -2.656005858228356609e-02 -3.607081266438156297e-01 -8.666984850755935499e-01 -2.106080048723935234e-03 -4.988279402804558504e-01 -8.098064168680350505e+00
-4.963808356066120031e-01 2.795999913458085268e-02 8.676544766583097479e-01 5.790841747958209851e+01 1.356448508643995875e-02 9.996089749990068052e-01 -2.445203102731866723e-02 -4.098567231499374852e-01 -8.679988958597617543e-01 -3.682324473002887349e-04 -4.965660025023702073e-01 -8.574623704843288508e+00
-4.941259178306923183e-01 2.726172395139912774e-02 8.689628082212034199e-01 5.881599045838073891e+01 1.299090776945718492e-02 9.996281746862301087e-01 -2.397391635642751734e-02 -4.678304205736012467e-01 -8.692932911920990824e-01 -5.575167897099149537e-04 -4.942963450707157924e-01 -9.081473727908027982e+00
-4.915464826826527189e-01 2.767819823400772400e-02 8.704113734320325646e-01 5.970901561433102245e+01 1.364771209258034204e-02 9.996168843843211693e-01 -2.407954285204035039e-02 -5.091760744871928202e-01 -8.707443986788487855e-01 4.291017669505322950e-05 -4.917359088551281343e-01 -9.609443232417318015e+00
-4.910894161254238943e-01 2.828609627114213321e-02 8.706497966551659529e-01 6.055654296138166615e+01 1.356177615553192523e-02 9.995997945090109305e-01 -2.482597471487461502e-02 -5.584639563266512452e-01 -8.710036028163257171e-01 -3.842148360243989244e-04 -4.912764903759337387e-01 -1.008266001069437579e+01
-4.915222680299410341e-01 2.959834706155611839e-02 8.703618696720283321e-01 6.147935457524989289e+01 1.317066603562410190e-02 9.995606104678884662e-01 -2.655408693405870643e-02 -6.051848395880307097e-01 -8.707654139328154796e-01 -1.588678592521572874e-03 -4.916961294600759036e-01 -1.057710813017395601e+01
-4.938555076529025367e-01 3.109402882822414477e-02 8.689878510480799623e-01 6.235237431781251871e+01 1.174203887725290031e-02 9.995077937408167745e-01 -2.909114558818695975e-02 -6.546812055248181217e-01 -8.694647057579083516e-01 -4.163132440292319041e-03 -4.939775373995258234e-01 -1.108458447128761826e+01
-4.988560934699989291e-01 3.170153379738278182e-02 8.661048419116244013e-01 6.322703901438305252e+01 1.065526645355630367e-02 9.994796120629292346e-01 -3.044618770854462184e-02 -7.009000501574346176e-01 -8.666193372471561185e-01 -5.959687511608316446e-03 -4.989342842854223581e-01 -1.156980058066146633e+01
-5.039714691578274230e-01 3.056445588146677189e-02 8.631793317816824906e-01 6.410297627918133401e+01 1.061394432070974884e-02 9.995173796591894089e-01 -2.919506678088025498e-02 -7.485879904236032445e-01 -8.636550901568934568e-01 -5.551742446608377152e-03 -5.040526529235201947e-01 -1.207774292209243328e+01
-5.093078170556630813e-01 2.816470185158545872e-02 8.601234118692788755e-01 6.495872128388265310e+01 1.341290270544617108e-02 9.996027030953877901e-01 -2.478971522948467121e-02 -8.114679560987062557e-01 -8.604798973354210734e-01 -1.088843185742004172e-03 -5.094832422527239002e-01 -1.258155571215992374e+01
-5.151162123733569187e-01 2.623197724053681970e-02 8.567188324103530706e-01 6.581750125166735188e+01 1.073725185345983726e-02 9.996506236946663959e-01 -2.415247295681533304e-02 -8.585377883696878598e-01 -8.570530971066221415e-01 -3.242523613632370804e-03 -5.152179035260248119e-01 -1.309215959064248302e+01
-5.197531156566840282e-01 2.817018076080082464e-02 8.538519347344607491e-01 6.666267079247913330e+01 1.153844944616815547e-02 9.995965214590534220e-01 -2.595493112925325446e-02 -9.080464163777205444e-01 -8.542385936897618492e-01 -3.638028040613657584e-03 -5.198684478362017858e-01 -1.359806576152539215e+01
-5.247927907671199321e-01 3.057388804195506488e-02 8.506807573869826777e-01 6.751559856746403909e+01 1.228048499964895339e-02 9.995226935208151309e-01 -2.834739497144777784e-02 -9.530228373024326460e-01 -8.511414267620379670e-01 -4.429735351745378233e-03 -5.249177671387821320e-01 -1.412660822821036888e+01
-5.299773575727999564e-01 3.110434212103370052e-02 8.474411527138325795e-01 6.835707445678640681e+01 1.116659890147506454e-02 9.994964245875266329e-01 -2.970192390666559837e-02 -9.999759247934176809e-01 -8.479382756637029450e-01 -6.278310835994145057e-03 -5.300578049117873336e-01 -1.463787343439836697e+01
-5.337697378623719180e-01 3.160723971160967621e-02 8.450389555279655962e-01 6.915435110360384385e+01 9.990819831006398852e-03 9.994671949944715639e-01 -3.107265081298690376e-02 -1.054712110285902282e+00 -8.455708498977366760e-01 -8.143007877636184930e-03 -5.338011261010211506e-01 -1.512758654023414628e+01
-5.368595176095765087e-01 3.032333426713018296e-02 8.431265271737411471e-01 6.997311904655289538e+01 9.710069544877422687e-03 9.995097643299889478e-01 -2.976483729103625991e-02 -1.110352101699406457e+00 -8.436157801852941507e-01 -7.792718126524565692e-03 -5.368907727954771447e-01 -1.565804402557164998e+01
-5.399068012697232355e-01 2.374949861563972753e-02 8.413896804557038367e-01 7.080300254926996217e+01 1.136918674832293648e-02 9.997164429962024368e-01 -2.092307758825074498e-02 -1.154056415595984930e+00 -8.416480256914512514e-01 -1.730594580035499461e-03 -5.400237205835234366e-01 -1.619957289587626548e+01
-5.417382247953109742e-01 1.598133595654179992e-02 8.403953116477667074e-01 7.162677819802814838e+01 1.245958521521327821e-02 9.998620666985519323e-01 -1.098208963647547692e-02 -1.185758072329593737e+00 -8.404549161672579816e-01 4.521560225897528970e-03 -5.418626230524816734e-01 -1.671456014968526915e+01
-5.435815420749512406e-01 1.379533635531847435e-02 8.392429820881028846e-01 7.243995677786490717e+01 1.332574154021243761e-02 9.998807482991933782e-01 -7.804727462984485838e-03 -1.205567819370982674e+00 -8.392505843122660680e-01 6.941030271955665396e-03 -5.437005533183624228e-01 -1.724709870739042472e+01
-5.444540246654997473e-01 1.818927067399354197e-02 8.385934370436192165e-01 7.325067353948779214e+01 1.235659545604843312e-02 9.998302897062278927e-01 -1.366405188794757135e-02 -1.255779839188811531e+00 -8.386996727668645235e-01 2.922712762591965757e-03 -5.445863838518374411e-01 -1.774961268179732699e+01
-5.457399170748298278e-01 2.270590414252941780e-02 8.376469256506373640e-01 7.403690503899039754e+01 1.208120276653976317e-02 9.997421177578097451e-01 -1.922868950291837034e-02 -1.308216157418887082e+00 -8.378675306700057446e-01 -3.740801407633469926e-04 -5.458734962517451939e-01 -1.826638924715865997e+01
-5.460779931048311830e-01 2.857313561816629890e-02 8.372469101795828594e-01 7.485680974249511621e+01 1.936995259960917759e-02 9.995816297004387341e-01 -2.147953604286339732e-02 -1.328487616339696142e+00 -8.375103831390935394e-01 4.487931987975151901e-03 -5.464029917524746427e-01 -1.880287272865368919e+01
-5.459130385930384133e-01 2.931971708488143383e-02 8.373286664864129092e-01 7.563398014419280457e+01 2.235166957220819511e-02 9.995414629032306486e-01 -2.042710863389996315e-02 -1.370318991437941003e+00 -8.375436517835744832e-01 7.564269719143921697e-03 -5.463180630204156341e-01 -1.931269020024166494e+01
-5.452131542827123312e-01 2.632136068856082145e-02 8.378841146527591377e-01 7.642784080082191167e+01 2.194569485161046787e-02 9.996125402410102057e-01 -1.712179412599474163e-02 -1.421476640042770745e+00 -8.380101517108563547e-01 9.052922721421254038e-03 -5.455795478545827359e-01 -1.984273419825078477e+01
-5.446870914891609461e-01 2.170052147654121660e-02 8.383585431878071148e-01 7.727224843818608235e+01 2.027989211008378312e-02 9.997136624714078046e-01 -1.270114210060050049e-02 -1.447506479945311231e+00 -8.383941256055235103e-01 1.008367367172169696e-02 -5.449712125475275615e-01 -2.035846498237097890e+01
-5.440962085728729969e-01 1.589652400557536177e-02 8.388722212153265634e-01 7.802170481449674355e+01 1.893302687095711756e-02 9.997985320815153676e-01 -6.666011540028787645e-03 -1.465968432222834794e+00 -8.388091963209003410e-01 1.225543974036556044e-02 -5.442875611383973800e-01 -2.087415367624517160e+01
-5.439714434569781210e-01 9.519650930295924657e-03 8.390497196983867090e-01 7.884798680940343729e+01 1.042404980986861782e-02 9.999351476025101215e-01 -4.586911488877396838e-03 -1.492191533952790694e+00 -8.390389856412916458e-01 6.251148197001362913e-03 -5.440354000995779593e-01 -2.138275407806318995e+01
-5.424613366565119721e-01 3.951859355284813129e-03 8.400714661171284625e-01 7.963118083103809397e+01 1.137056141541469521e-03 9.999914733879545770e-01 -3.969918552002475211e-03 -1.527288444167375081e+00 -8.400800062580987548e-01 -1.198317978484540530e-03 -5.424612059650988360e-01 -2.188266387639479760e+01
-5.406592232198449421e-01 4.558784996574425166e-03 8.412293438405292756e-01 8.042907145466014640e+01 4.695930887222205495e-03 9.999860915289470187e-01 -2.401035961584099387e-03 -1.541307619388309957e+00 -8.412286040010384935e-01 2.652213582672489304e-03 -5.406731123978260056e-01 -2.237692474672468634e+01
-5.373935656133225214e-01 7.346679554999324332e-03 8.432995725081950944e-01 8.124661966713652816e+01 9.964293794494026926e-03 9.999475664377760475e-01 -2.361611129746519957e-03 -1.559521107272010543e+00 -8.432727199145668706e-01 7.133771074021535985e-03 -5.374385938130804563e-01 -2.289008966356118790e+01
-5.320734485230851352e-01 1.089411566031154611e-02 8.466281064227645370e-01 8.204985557974249843e+01 1.094433893971957089e-02 9.999221763224133142e-01 -5.988549522381150618e-03 -1.609783568980749813e+00 -8.466274733249169460e-01 6.079437749308405289e-03 -5.321512706949926841e-01 -2.336995988112118994e+01
-5.245217544280889044e-01 1.244362258389333092e-02 8.513060978412553270e-01 8.283098165998266893e+01 1.542690367829178608e-02 9.998679401950676393e-01 -5.110067229312956032e-03 -1.622913289110937907e+00 -8.512572770195955263e-01 1.045267677911750764e-02 -5.246444539516130767e-01 -2.385110063003079617e+01
-5.157919708242336698e-01 1.515083348499805978e-02 8.565798747127636448e-01 8.363150267709272612e+01 2.324991431301014558e-02 9.997229012427462091e-01 -3.682686130262088995e-03 -1.655018667873392246e+00 -8.563983281011605664e-01 1.801590985905133016e-02 -5.160013022954577089e-01 -2.435831247992683046e+01
-5.064390458041537757e-01 1.477056429700907350e-02 8.621492387292172266e-01 8.442274464862428829e+01 2.192631683688535046e-02 9.997505638159929209e-01 -4.248145891068457781e-03 -1.675640530000355177e+00 -8.619969499638240329e-01 1.675233151718381885e-02 -5.066365868665841932e-01 -2.480482076472022612e+01
-4.954349463020256694e-01 1.219009751685047431e-02 8.685594981614088717e-01 8.525120099973131005e+01 1.800409605538816696e-02 9.998308327799448891e-01 -3.762754001993883022e-03 -1.699873463117020922e+00 -8.684584497520949631e-01 1.377342988668538507e-02 -4.955706078575451423e-01 -2.527873517385683755e+01
-4.841062466242827544e-01 9.354568275272784339e-03 8.749592105849076651e-01 8.606740488688743085e+01 1.972330682592210449e-02 9.998054516983838624e-01 2.233577174526942964e-04 -1.716106099408155838e+00 -8.747869145024006476e-01 1.736521895533460827e-02 -4.841965688268985990e-01 -2.573013065199399918e+01
-4.728731984016635859e-01 7.882840341038137300e-03 8.810952190537137962e-01 8.686324058044424135e+01 1.953808222290914082e-02 9.998079259684506948e-01 1.540934899871688763e-03 -1.729175519756064983e+00 -8.809138518665563522e-01 1.794357878009930282e-02 -4.729363885616821306e-01 -2.614329422520459545e+01
-4.606492144760890861e-01 7.103183361594166828e-03 8.875538472560478009e-01 8.770679503002961042e+01 1.908537324500776677e-02 9.998160449684601048e-01 1.903869478391906475e-03 -1.747328818074203705e+00 -8.873770691054487791e-01 1.781631356306636466e-02 -4.607000438889302107e-01 -2.656204463160380769e+01
-4.488398270774049403e-01 9.130759353180624080e-03 8.935655680919438737e-01 8.853728879090073178e+01 2.288927383058573031e-02 9.997371846732813205e-01 1.281673405353043983e-03 -1.775689402364786007e+00 -8.933190381986398920e-01 2.102833420907193260e-02 -4.489308627994552658e-01 -2.698059309610695777e+01
