1 0 0 0 0 1 0 0 0 0 1 0
0.99987218 0.00081346802 0.015967834 0.0022976373 -0.0008034503 0.99999948 -0.00063377701 -0.0042996679 -0.015968343 0.00062086666 0.99987231 0.099619385
0.99932485 0.0029365571 0.036622814 0.015599142 -0.0029181944 0.99999559 -0.00055484992 -0.0021337793 -0.036624285 0.00044760285 0.99932901 0.25637886
0.99796131 0.0049798784 0.063627182 0.058919383 -0.0050278556 0.99998718 0.00059393585 0.0051304588 -0.063623414 -0.00091263325 0.99797356 0.42281013
0.995269 0.0045123178 0.097052878 0.10039052 -0.0048536658 0.99998284 0.0032813291 0.0045990991 -0.097036414 -0.0037368673 0.99527382 0.57473489
0.99095163 0.0011886109 0.13421424 0.17831443 -0.0018935237 0.99998508 0.0051246203 0.0023911462 -0.13420616 -0.0053323886 0.99093909 0.78194179
0.98461007 -0.0016140703 0.17475814 0.24400774 0.00058039787 0.99998204 0.0059658206 -0.0071257501 -0.17476464 -0.0057725777 0.98459332 0.95908606
0.97610375 -0.0022090621 0.21729377 0.32765226 0.00070280471 0.99997519 0.0070089308 -0.0038406462 -0.21730388 -0.0066887285 0.97608109 1.1725736
0.96392479 -0.0019515206 0.26616759 0.42216243 -0.00079113531 0.9999477 0.010196634 0.0023851112 -0.26617359 -0.010039362 0.96387283 1.3762787
0.95000891 -0.0058878355 0.31216727 0.56706738 0.00065904593 0.99985776 0.016852819 0.010403469 -0.31222212 -0.015804596 0.94987766 1.6452932
0.9328434 -0.015450138 0.35995065 0.69349527 0.0069160186 0.9996639 0.024985046 -0.00085516084 -0.36021572 -0.02081771 0.93263673 1.8471255
0.91198315 -0.02135805 0.40967129 0.86244376 0.0098663485 0.99949685 0.030144561 -0.0047128558 -0.41010902 -0.023449372 0.91173501 2.0718773
0.88668618 -0.023336927 0.4617824 1.0439048 0.0086139273 0.99938588 0.033965663 -0.001159155 -0.4622915 -0.026139124 0.88634267 2.3089339
0.85885137 -0.025341688 0.5115976 1.2223423 0.0065880422 0.99923931 0.038436971 0.022252802 -0.51218253 -0.029641219 0.858365 2.5347392
0.82645848 -0.03051982 0.5621698 1.4339535 0.0075947653 0.9990431 0.043072142 0.021255242 -0.56294646 -0.03132779 0.82589943 2.761631
0.79083277 -0.036281721 0.61095592 1.6755831 0.0099391493 0.99887104 0.046452706 0.027817794 -0.61195161 -0.03066394 0.79030056 2.9497878
0.75238365 -0.040811517 0.65745967 1.9402759 0.010954648 0.9987161 0.049458579 0.03605366 -0.6586341 -0.030009587 0.75186474 3.1640423
0.71291265 -0.044018593 0.6998699 2.2346177 0.012116071 0.99865214 0.050468754 0.045189925 -0.7011482 -0.027500139 0.71248508 3.3935104
0.67146259 -0.045997057 0.73960951 2.5111777 0.011459017 0.99859689 0.051700548 0.058991496 -0.74094989 -0.026239785 0.67104753 3.5825531
0.6288675 -0.046100192 0.77614457 2.8640705 0.0066149554 0.99852179 0.053948862 0.077082367 -0.77748438 -0.028792524 0.62824285 3.8266946
0.58620487 -0.047132873 0.80879064 3.2072648 0.0038018746 0.99845533 0.055430155 0.097918334 -0.81015397 -0.029418506 0.58547856 4.0219427
0.5462632 -0.048156835 0.83622807 3.5777148 0.0017948029 0.99841092 0.056324197 0.11881619 -0.8376117 -0.029266971 0.54548157 4.2173396
0.50779726 -0.050891025 0.85997208 4.0115432 0.00086344294 0.99828316 0.058566085 0.13249179 -0.86147621 -0.02899716 0.50696939 4.4195599
0.47093488 -0.050791013 0.88070458 4.4110447 -0.0018322967 0.9982827 0.058551622 0.16071469 -0.88216611 -0.029187713 0.47003307 4.6284611
0.43374808 -0.049878093 0.89965255 4.8897115 -0.0029712018 0.99838205 0.056784305 0.18423721 -0.90102932 -0.027303132 0.4328981 4.8129288
0.40003876 -0.048510621 0.91521344 5.3940079 -0.0021335516 0.99854621 0.053860222 0.2004627 -0.91649578 -0.023498831 0.39935368 4.9937939
0.36988178 -0.046961204 0.92789118 5.8968237 -0.00028799194 0.99871589 0.050660491 0.22423143 -0.92907882 -0.019005617 0.36939329 5.175942
0.34503117 -0.045215412 0.93750146 6.4421183 0.0012557705 0.99886032 0.047712567 0.24790292 -0.93859043 -0.015285036 0.34469473 5.3451173
0.32429805 -0.044470383 0.94490904 7.0159397 0.0022368308 0.99892762 0.046244974 0.27636969 -0.94595235 -0.012883552 0.32404975 5.5382924
0.30983781 -0.045032686 0.94972234 7.5929832 0.0032034436 0.9989215 0.046320454 0.29893013 -0.95078407 -0.011309445 0.3096479 5.7110742
0.29730475 -0.046628452 0.95364333 8.206183 0.0045284096 0.9988644 0.047427777 0.32044531 -0.95477194 -0.009782015 0.29717828 5.8815529
0.28580603 -0.0483764 0.9570656 8.8411828 0.0032345101 0.99876797 0.049518399 0.34465467 -0.95828207 -0.011057018 0.28561038 6.082367
0.2762401 -0.050085057 0.95978269 9.494476 0.0014568516 0.99866188 0.051694614 0.37084082 -0.96108759 -0.012881864 0.27594342 6.3008025
0.26616911 -0.051817868 0.96253251 10.191065 0.00083080552 0.998566 0.053527986 0.40617325 -0.96392603 -0.013447818 0.26583048 6.4785782
0.25595846 -0.05384145 0.96518718 10.910252 -0.00012735627 0.99844584 0.055730506 0.43103576 -0.96668781 -0.014387617 0.2555538 6.6564174
0.2460896 -0.055457376 0.96765919 11.63893 -0.00043763788 0.99835531 0.057327894 0.46480411 -0.96924703 -0.014531282 0.24566059 6.8461316
0.23444604 -0.056806746 0.97046791 12.407314 -0.00105596 0.99827572 0.058689586 0.49298394 -0.9721286 -0.014784316 0.2339818 7.0103621
0.22545094 -0.05974593 0.9724208 13.160998 -0.002210651 0.99808392 0.06183521 0.52996209 -0.97425205 -0.016090489 0.22488688 7.1857866
0.21441249 -0.063245443 0.9746934 13.920268 -0.004106384 0.99783424 0.065650314 0.56923501 -0.97673461 -0.018078712 0.21368841 7.3731049
0.20060533 -0.066703395 0.97739863 14.748796 -0.0043549293 0.99760878 0.068976477 0.60918291 -0.9796625 -0.01809355 0.19983515 7.5269334
0.18958138 -0.069479943 0.97940357 15.505374 -0.0054746685 0.99740283 0.071816551 0.64411755 -0.98184979 -0.01897699 0.18870862 7.7038082
0.17456945 -0.070223479 0.98213751 16.302129 -0.005526834 0.99736799 0.072294832 0.68712122 -0.98462939 -0.01804858 0.17372187 7.8086097
0.16122595 -0.069444205 0.98447124 17.090608 -0.0073548846 0.99740908 0.071561338 0.73085435 -0.98689016 -0.018778217 0.16029747 7.971477
0.14418895 -0.068315153 0.98718919 17.904652 -0.008718508 0.9974877 0.070301253 0.76396108 -0.98951181 -0.01874348 0.1432311 8.0792214
0.12338406 -0.066955467 0.9900976 18.754353 -0.010969875 0.99756825 0.068827714 0.80442909 -0.9922984 -0.019353489 0.12234953 8.1754231
0.09842257 -0.065508166 0.9929862 19.538458 -0.01500196 0.99761994 0.067300818 0.84458822 -0.99503167 -0.021520658 0.097205566 8.2779092
0.069215569 -0.06502297 0.99548035 20.384489 -0.019222655 0.99760137 0.066498058 0.8839146 -0.99741655 -0.023738476 0.067799631 8.315961
0.034172452 -0.064538351 0.99732992 21.244188 -0.022919326 0.99759974 0.065341117 0.92346022 -0.99915316 -0.025090995 0.032611252 8.3304089
0.0013151751 -0.064071386 0.99794441 22.058109 -0.023725929 0.99766239 0.064084547 0.95445551 -0.99971768 -0.023761441 -0.00020805398 8.3397654
-0.033037602 -0.06314759 0.99745717 22.914084 -0.024823149 0.997746 0.062343687 0.9883663 -0.99914584 -0.022700342 -0.034530659 8.2904113
-0.067501946 -0.060979369 0.99585386 23.779671 -0.027558948 0.99786361 0.059234404 1.0201551 -0.9973385 -0.023446247 -0.069038264 8.2540589
-0.099011114 -0.057608762 0.99341731 24.601022 -0.029229648 0.99806037 0.054964778 1.0579907 -0.99465698 -0.023595113 -0.10050295 8.1783406
-0.13006233 -0.053517626 0.99006039 25.419935 -0.025712591 0.99838846 0.050589986 1.0854353 -0.9911724 -0.018877165 -0.13122881 8.0554968
-0.16229034 -0.048046222 0.98557259 26.249203 -0.022339024 0.99873676 0.045009491 1.0996844 -0.98649019 -0.014712124 -0.16315864 7.8890207
-0.19348132 -0.04175467 0.980215 27.086256 -0.01655477 0.99909066 0.039291036 1.1161205 -0.98096432 -0.0086251513 -0.19399662 7.6984328
-0.2218341 -0.03615147 0.97441399 27.902107 -0.010510329 0.99934308 0.034683587 1.1243127 -0.97502782 -0.0025474088 -0.22206834 7.4988282
-0.24994046 -0.029401051 0.96781469 28.704953 -0.0016200536 0.99955018 0.029946755 1.1461808 -0.96825989 0.0059169951 -0.24987566 7.2656556
-0.27597426 -0.019177232 0.96097365 29.54832 0.0048889036 0.99976 0.021355259 1.1440698 -0.96115263 0.01059161 -0.27581427 7.0209683
-0.30219927 -0.0039629083 0.9532365 30.328978 0.0089707509 0.99993525 0.0070009979 1.132829 -0.9532026 0.010666945 -0.30214415 6.7603357
-0.32667414 0.012812028 0.94505015 31.092494 0.009563173 0.99990174 -0.010249961 1.1095669 -0.94508869 0.005689282 -0.32676456 6.4773445
-0.35243478 0.027434511 0.93543412 31.836429 0.0088154913 0.99962318 -0.025995723 1.0861265 -0.9357949 -0.00091548476 -0.35254382 6.1865127
-0.37671254 0.038034008 0.92554903 32.595561 0.012638203 0.99927476 -0.03591971 1.0489945 -0.92624404 -0.0018341275 -0.37692001 5.8542264
-0.40059 0.043484392 0.91522494 33.376035 0.01658732 0.99905368 -0.040207083 1.001573 -0.9161073 -0.00092542539 -0.4009322 5.5260884
-0.42295565 0.042376985 0.9051589 34.111161 0.01855129 0.99910146 -0.038106606 0.9489354 -0.90596051 0.00067446176 -0.42336176 5.1739693
-0.44319284 0.038855651 0.89558376 34.856761 0.022732599 0.99922602 -0.032102694 0.90887121 -0.89613805 0.0061312639 -0.44373311 4.7965044
-0.46181524 0.037583948 0.88617947 35.564788 0.03038585 0.99918579 -0.026541686 0.87704851 -0.88645555 0.014669963 -0.46258125 4.4067753
-0.47513498 0.03847945 0.87907111 36.270726 0.034395519 0.99909199 -0.025142443 0.83524766 -0.87924045 0.018290054 -0.47602707 3.9977562
-0.4862486 0.041710191 0.87282444 36.966637 0.036620797 0.99895528 -0.027336315 0.78416372 -0.87305285 0.018671283 -0.48726807 3.6073029
-0.49620884 0.0446119 0.86705623 37.670789 0.038667261 0.99882358 -0.02926267 0.74774733 -0.86734174 0.019006295 -0.49735011 3.1978732
-0.50641947 0.043904567 0.86116876 38.363752 0.032091261 0.99897067 -0.032058448 0.69017457 -0.86168993 0.01140097 -0.50730716 2.79032
-0.51797198 0.042666066 0.85433283 39.052292 0.030060581 0.9990463 -0.031667794 0.66274979 -0.85486926 0.0092787122 -0.51876055 2.3841788
-0.52716044 0.043988443 0.84862643 39.726626 0.032743115 0.99896912 -0.031441656 0.62708916 -0.84913475 0.011211876 -0.52805733 1.9703449
-0.53397566 0.047369549 0.84417182 40.412064 0.036349558 0.99879237 -0.033053182 0.57379627 -0.84471816 0.013035679 -0.53505268 1.5259779
-0.53785165 0.050508599 0.84152506 41.10246 0.036981043 0.99865632 -0.036303632 0.53643713 -0.84222803 0.011594506 -0.53899682 1.074396
-0.53719753 0.051780012 0.84186554 41.803207 0.036153855 0.99861009 -0.038350875 0.49338452 -0.8426813 0.0098346909 -0.53832292 0.62861377
-0.53361601 0.052859868 0.84407329 42.547733 0.038812729 0.99852388 -0.037995215 0.45182676 -0.84483583 0.012485934 -0.53487997 0.16235463
-0.52828834 0.05172353 0.84748808 43.292811 0.037305236 0.99859286 -0.03769118 0.41429986 -0.84824513 0.011703932 -0.52947452 -0.29315034
-0.52107142 0.050313342 0.8520288 44.041755 0.03502091 0.99868068 -0.037555733 0.36672004 -0.85279433 0.010269606 -0.52214598 -0.75397746
-0.51400858 0.049911464 0.85633169 44.841492 0.033185794 0.99871544 -0.038290731 0.31667209 -0.8571429 0.0087362838 -0.51500465 -1.2003182
-0.50727165 0.048421027 0.86042478 45.634816 0.030488508 0.99880361 -0.038233603 0.27064066 -0.86124676 0.0068382455 -0.50814104 -1.6752736
-0.50348674 0.046295115 0.86276173 46.448907 0.026193368 0.99892233 -0.038315573 0.21689789 -0.86360585 0.0033072531 -0.50415678 -2.1198127
-0.50215833 0.043048301 0.86370353 47.280929 0.021223221 0.99907288 -0.037456106 0.17668864 -0.86451527 -0.00047832403 -0.5026064 -2.5768515
-0.50268402 0.040947616 0.86349986 48.120282 0.018705631 0.99915889 -0.036491207 0.12405732 -0.86426786 -0.0021912366 -0.50302716 -3.0519351
-0.50359753 0.039401676 0.86303938 48.964316 0.016798709 0.99921718 -0.035816491 0.074401832 -0.86377508 -0.0035391486 -0.5038652 -3.5516801
-0.50400236 0.038811927 0.86282976 49.839285 0.016935634 0.99924186 -0.035055469 0.024516225 -0.86353626 -0.0030554694 -0.50427756 -4.0645193
-0.50434513 0.03831907 0.86265148 50.710775 0.017303521 0.99926277 -0.034270935 -0.015682257 -0.86332881 -0.0023574701 -0.50463637 -4.5541717
-0.50428644 0.037594763 0.86271766 51.601914 0.017218108 0.99929101 -0.033481695 -0.071694603 -0.8633648 -0.0020299981 -0.50457622 -5.0664226
-0.50445651 0.037146897 0.86263763 52.493813 0.016792593 0.99930724 -0.033212125 -0.12922577 -0.86327383 -0.0022681498 -0.50473083 -5.5914137
-0.50477656 0.035757002 0.86250913 53.387573 0.015059617 0.99935447 -0.032616671 -0.17618502 -0.8631187 -0.0034750732 -0.5049892 -6.0901725
-0.50422025 0.035168608 0.86285865 54.286798 0.014644556 0.99937496 -0.032175076 -0.23100318 -0.86345095 -0.0035871419 -0.50442012 -6.6281782
-0.50420538 0.034301041 0.86290226 55.189145 0.013440823 0.99940154 -0.03187334 -0.283375 -0.86347921 -0.0044725927 -0.50436467 -7.119952
-0.50278744 0.033179249 0.86377304 56.078834 0.013218289 0.99944135 -0.030696399 -0.33726087 -0.86430905 -0.004016162 -0.50294513 -7.6395308
-0.50090371 0.030705945 0.86495813 56.967427 0.013211029 0.9995253 -0.027832463 -0.39647102 -0.86540222 -0.0025143965 -0.50107158 -8.1518866
-0.49837897 0.029590411 0.86645412 57.856911 0.014236625 0.99956193 -0.025947377 -0.43595512 -0.86684242 -0.00059624373 -0.49858191 -8.6603894
-0.49607657 0.029120971 0.86779026 58.741798 0.013998081 0.99957576 -0.025541304 -0.48889208 -0.86816597 -0.0005230434 -0.49627376 -9.1596128
-0.49382767 0.029513415 0.86905876 59.639944 0.014543187 0.99956438 -0.025681496 -0.54162694 -0.86943821 -4.3348149e-05 -0.49404177 -9.6603912
-0.49240918 0.029812323 0.86985307 60.532605 0.014617872 0.99955551 -0.02598266 -0.59070998 -0.8702411 -7.8699275e-05 -0.49262611 -10.159335
-0.49307651 0.031343503 0.86942111 61.420803 0.014041277 0.99950734 -0.028069983 -0.63842217 -0.86987267 -0.0016328659 -0.4932737 -10.655374
-0.49651406 0.033300575 0.86738965 62.301239 0.012836703 0.99943627 -0.031022042 -0.69202612 -0.86793379 -0.0042684564 -0.49666163 -11.130639
-0.50066481 0.033599374 0.86498888 63.185797 0.011366704 0.99941546 -0.032241829 -0.74522431 -0.86556664 -0.0063102765 -0.50075407 -11.640445
-0.50609359 0.032096758 0.86188109 64.047827 0.010946382 0.99946585 -0.030792784 -0.79987897 -0.86240914 -0.0061495507 -0.5061746 -12.153333
-0.51135568 0.029843249 0.8588508 64.905638 0.01442391 0.99955411 -0.026144463 -0.85089017 -0.85924815 -0.00098113175 -0.51155813 -12.661657
-0.51677417 0.028355061 0.85565202 65.759238 0.0122344 0.9995939 -0.025736074 -0.89763578 -0.85603436 -0.0028313488 -0.51691122 -13.164771
-0.52193065 0.030064443 0.85245789 66.613049 0.012849811 0.99954239 -0.027384313 -0.9523423 -0.85289116 -0.0033387887 -0.52207813 -13.676536
-0.52641873 0.032878233 0.84958948 67.446804 0.013423832 0.99944888 -0.030360023 -0.99954983 -0.85011951 -0.0045773378 -0.52656997 -14.206584
-0.53185034 0.032638552 0.84620912 68.279801 0.011598243 0.99944402 -0.031259264 -1.0576132 -0.84675897 -0.0068107107 -0.53193319 -14.710396
-0.53584077 0.033376691 0.84365906 69.118746 0.010960751 0.99940913 -0.032576846 -1.1097912 -0.84424794 -0.0082088646 -0.53588999 -15.224167
-0.53841374 0.032331629 0.84206012 69.930129 0.010497548 0.99944349 -0.03166236 -1.1642652 -0.84261528 -0.0082078827 -0.53845352 -15.758053
-0.54109674 0.025748702 0.84056603 70.770053 0.012484134 0.99966695 -0.022585972 -1.2112791 -0.84086772 -0.0017274556 -0.54123799 -16.29498
-0.54347542 0.018094828 0.83923 71.58969 0.013698141 0.99982569 -0.012686712 -1.2446956 -0.83931335 0.0046009757 -0.54362855 -16.810478
-0.54557261 0.014926295 0.83793059 72.402658 0.013759442 0.99986615 -0.0088521909 -1.2806291 -0.83795064 0.0066999455 -0.54570496 -17.336924
-0.54622095 0.020596992 0.83738783 73.204883 0.013909536 0.99978283 -0.015518303 -1.3120093 -0.83752567 0.0031712546 -0.54638883 -17.849908
-0.54770263 0.025547895 0.83628289 73.999448 0.014255755 0.99967355 -0.02120292 -1.3559452 -0.83655165 0.0003089498 -0.54788803 -18.366603
-0.54834167 0.030917558 0.83568263 74.806431 0.02063866 0.99951227 -0.023436458 -1.390743 -0.83599971 0.0043961842 -0.54871233 -18.893843
-0.54733732 0.031794965 0.83630789 75.600249 0.023873833 0.9994646 -0.022373221 -1.431884 -0.83657155 0.0077201768 -0.54780334 -19.431184
-0.54733414 0.028924503 0.83641416 76.401478 0.023421499 0.99954054 -0.019239065 -1.4784098 -0.83658642 0.0090598772 -0.54776012 -19.950872
-0.54729649 0.023531977 0.83660787 77.196092 0.021405045 0.99967123 -0.014115733 -1.5063822 -0.83666507 0.010182139 -0.54762026 -20.458573
-0.54659527 0.017657062 0.83721072 77.986934 0.019906019 0.99976913 -0.0080893004 -1.5338383 -0.83716033 0.01224396 -0.54682056 -20.973072
-0.54556969 0.011353576 0.83798851 78.777418 0.011140154 0.99991813 -0.0062947345 -1.567694 -0.83799145 0.0059011055 -0.54565151 -21.474376
-0.54366825 0.0059699661 0.83927894 79.595076 0.0024128882 0.99998169 -0.0055500557 -1.5926356 -0.83929677 -0.00099230205 -0.5436727 -21.975284
-0.54279909 0.0066691495 0.83983606 80.384617 0.0057282455 0.99997461 -0.0042385566 -1.6176817 -0.83984308 0.0025101033 -0.54282351 -22.478417
-0.53988623 0.0099038688 0.8416797 81.171698 0.01132369 0.99992575 -0.0045024589 -1.6473225 -0.84166186 0.0071001053 -0.53995829 -22.983332
-0.53448407 0.013115171 0.84507675 81.957224 0.011962231 0.99989683 -0.0079521709 -1.6724047 -0.84509393 0.0058586954 -0.53458581 -23.483059
-0.52687784 0.015140278 0.84980613 82.750208 0.017102263 0.99982775 -0.0072097222 -1.6951189 -0.84976898 0.010734966 -0.52704602 -23.969847
-0.51864504 0.017978769 0.85480057 83.564576 0.024975015 0.99967083 -0.0058723435 -1.7344113 -0.85462485 0.018302996 -0.51892334 -24.470439
-0.508822 0.017686427 0.86069001 84.356779 0.023553616 0.99970067 -0.0066185659 -1.7555658 -0.86054951 0.016904692 -0.50908628 -24.933197
-0.49824218 0.014701625 0.86691322 85.165336 0.019198549 0.99979816 -0.0059211573 -1.7787152 -0.86682536 0.013693307 -0.49842387 -25.386931
-0.48610287 0.011969186 0.87381959 85.986652 0.021103745 0.99977538 -0.0019545287 -1.8016475 -0.87364678 0.017490765 -0.48624628 -25.83521
-0.47580103 0.010590887 0.87948914 86.801815 0.02039307 0.99979153 -0.0010069873 -1.829547 -0.87931653 0.017456359 -0.47591783 -26.265082
-0.46406242 0.0098037504 0.88574821 87.635369 0.02017404 0.99979636 -0.00049646125 -1.8493204 -0.88557278 0.017638732 -0.4641657 -26.6919
-0.45178155 0.011588651 0.89205329 88.446697 0.023667457 0.99971939 -0.0010009245 -1.8659177 -0.89181464 0.020660435 -0.45192905 -27.096685
-0.4393882 0.014367783 0.89818234 89.27784 0.023028292 0.99972364 -0.0047267147 -1.8965679 -0.8980021 0.018606744 -0.43959764 -27.496414
-0.4280826 0.023587658 0.9034317 90.121489 0.024262573 0.99959898 -0.014601893 -1.9247943 -0.9034139 0.015668763 -0.42848323 -27.892344
-0.41467778 0.02934642 0.90949494 90.949948 0.025723143 0.99945846 -0.020520962 -1.9484745 -0.90960471 0.014885483 -0.4152081 -28.258825
-0.40378117 0.025274714 0.91450636 91.790698 0.02245068 0.99959101 -0.017713616 -1.9790232 -0.91458013 0.013378866 -0.40418346 -28.623834
-0.39158584 0.022061576 0.91987703 92.628985 0.024497587 0.99960812 -0.013545313 -2.0170308 -0.91981546 0.017230616 -0.39197284 -28.967204
-0.38198793 0.021925931 0.92390714 93.475425 0.019876951 0.99968218 -0.01550611 -2.0579299 -0.92395357 0.012441311 -0.38230235 -29.296487
-0.37485707 0.026617727 0.92670038 94.324454 0.016011666 0.99962453 -0.022235499 -2.0920307 -0.92694438 0.0065028835 -0.37514252 -29.632581
-0.36980777 0.031400136 0.9285775 95.165303 0.0081615287 0.99949998 -0.030548056 -2.1285571 -0.92907248 -0.0037182958 -0.36987914 -29.949993
-0.36630914 0.033718113 0.92988205 96.008699 0.0060788229 0.99940862 -0.033844554 -2.1742682 -0.93047339 -0.0067449804 -0.36629748 -30.277476
-0.36285378 0.033704083 0.93123633 96.850537 0.005582685 0.99940637 -0.03399607 -2.2187409 -0.9318294 -0.0071368029 -0.36282654 -30.601598
-0.35766554 0.032880017 0.9332707 97.707692 0.0034210953 0.99941939 -0.033899401 -2.2708529 -0.93384353 -0.0089318388 -0.35757036 -30.915839
-0.35222214 0.029405725 0.93545432 98.540579 0.0018117924 0.99952585 -0.030737607 -2.3152358 -0.93591472 -0.0091316161 -0.35210841 -31.221027
-0.34673404 0.025364232 0.93762044 99.39536 0.0016878411 0.99964956 -0.026418057 -2.3597746 -0.93796201 -0.0075774844 -0.34665534 -31.531345
-0.3407313 0.022378789 0.9398943 100.25738 5.3929018e-05 0.99971713 -0.023783613 -2.4015253 -0.94016076 -0.008053133 -0.34063612 -31.830709
-0.33537497 0.021578701 0.94183752 101.1016 -0.0036778952 0.99970003 -0.024214049 -2.4440836 -0.94207758 -0.011584765 -0.33519501 -32.112383
-0.32882955 0.020538657 0.94416588 101.95906 -0.016722624 0.9994801 -0.027565993 -2.4848519 -0.94424126 -0.024853444 -0.32831514 -32.392818
-0.32222436 0.02434137 0.9463503 102.79416 -0.013424503 0.99945136 -0.030278127 -2.5305716 -0.94656818 -0.022460632 -0.32172081 -32.659505
-0.31501518 0.028145048 0.94866918 103.6556 -0.01202316 0.99936165 -0.033641398 -2.5778242 -0.94901052 -0.022003552 -0.31447569 -32.948294
-0.30850606 0.026525419 0.95085243 104.5131 -0.013310763 0.99939286 -0.032198229 -2.6190806 -0.95112928 -0.022589919 -0.30796568 -33.215805
-0.3015866 0.021336524 0.95319998 105.37722 -0.014257027 0.99953687 -0.026884567 -2.662789 -0.95333223 -0.021697822 -0.30114274 -33.485616
-0.2946892 0.018896485 0.95540626 106.22363 -0.01324121 0.99962773 -0.023855286 -2.6989498 -0.95550145 -0.01968063 -0.29432928 -33.723927
-0.28844309 0.021784687 0.95724915 107.06952 -0.016197198 0.99948708 -0.027626539 -2.7433855 -0.95736007 -0.023473438 -0.28794229 -33.968736
-0.28184748 0.024343351 0.95915031 107.94081 -0.017091493 0.99939207 -0.030387046 -2.7903561 -0.95930702 -0.024957823 -0.28126007 -34.217095
-0.27520159 0.025489273 0.96104854 108.78836 -0.017281566 0.99935579 -0.031453942 -2.8261344 -0.96123125 -0.025264598 -0.27458381 -34.450605
-0.26833544 0.024429509 0.96301569 109.66013 -0.01847945 0.99936391 -0.030500707 -2.8763235 -0.96314832 -0.02598042 -0.26771331 -34.68484
-0.26051044 0.024301923 0.96516509 110.51185 -0.015489375 0.9994493 -0.029345945 -2.9173771 -0.96534681 -0.022594728 -0.25999055 -34.911375
-0.25294032 0.02550753 0.96714553 111.3674 -0.010855569 0.99951463 -0.02920032 -2.9635839 -0.96742102 -0.017884852 -0.25254065 -35.130056
-0.24569839 0.026018051 0.96899705 112.25468 -0.0097075132 0.99952355 -0.029299133 -3.0071277 -0.96929776 -0.016605301 -0.24532876 -35.35743
-0.23927616 0.025043733 0.97062848 113.10617 -0.015748354 0.9994357 -0.029669235 -3.0458428 -0.97082387 -0.022384941 -0.23874674 -35.545386
-0.23316743 0.022680166 0.97217204 113.97955 -0.021382141 0.9993667 -0.028442928 -3.0933314 -0.97220154 -0.027419084 -0.23253481 -35.743192
-0.22838686 0.023295245 0.97329168 114.85609 -0.017119755 0.99946302 -0.027938862 -3.1285699 -0.97341997 -0.023043383 -0.22786542 -35.948792
-0.22403506 0.023139691 0.9743063 115.71037 -0.016437716 0.99948616 -0.027517449 -3.178509 -0.97444249 -0.022180243 -0.22353958 -36.1383
-0.21937542 0.024694743 0.9753279 116.60025 -0.015838405 0.99945774 -0.028868145 -3.22061 -0.97551199 -0.021780599 -0.21886534 -36.33208
-0.21381869 0.023794511 0.97658349 117.4498 -0.0099090136 0.99959904 -0.02652482 -3.2562379 -0.97682315 -0.015348481 -0.21349718 -36.513052
-0.20849042 0.022853222 0.97775733 118.31536 -0.001849559 0.99971596 -0.023760849 -3.2966718 -0.9780227 -0.0067623285 -0.20838893 -36.704463
-0.20315696 0.021940347 0.9789003 119.22219 0.001683831 0.99975527 -0.022058319 -3.3400524 -0.97914478 -0.0028329974 -0.20314418 -36.896323
-0.19901343 0.023287961 0.97971998 120.07139 -0.001212524 0.999711 -0.02400945 -3.3752414 -0.97999605 -0.0059661363 -0.19892768 -37.057478
-0.19561226 0.025312359 0.98035455 120.93936 -0.0035279815 0.99964221 -0.026514303 -3.4158053 -0.98067501 -0.0086451947 -0.19545297 -37.219251
-0.19387644 0.024484432 0.98072033 121.83536 -0.0050218544 0.99965063 -0.025949799 -3.4540843 -0.98101314 -0.0099560887 -0.19368575 -37.392035
-0.19296006 0.023285749 0.98093023 122.67719 -0.0068042797 0.99966257 -0.025068903 -3.4978386 -0.98118306 -0.01151182 -0.19273651 -37.546874
-0.19216623 0.018869311 0.98118093 123.56353 -0.0071763549 0.99976138 -0.020632138 -3.5296904 -0.98133619 -0.011006102 -0.19198496 -37.715935
-0.19104433 0.013750762 0.98148505 124.41966 -0.005308274 0.99987278 -0.015041622 -3.5680047 -0.9815671 -0.0080836075 -0.19094704 -37.871753
-0.19044135 0.011330245 0.98163315 125.28682 -0.0037888549 0.99991746 -0.012276341 -3.6023868 -0.9816913 -0.0060571878 -0.1903827 -38.036055
-0.18914171 0.01585558 0.98182174 126.1591 -0.00615177 0.99983087 -0.01733151 -3.6368825 -0.98193057 -0.0093180522 -0.18901218 -38.199577
-0.18898822 0.020187368 0.98177179 126.99705 -0.005250427 0.9997536 -0.021567804 -3.6689468 -0.98196536 -0.0092307811 -0.18883566 -38.350283
-0.18907007 0.019347798 0.98177293 127.8522 -0.0074963849 0.9997483 -0.021145693 -3.6982991 -0.98193502 -0.011357765 -0.18887745 -38.508014
-0.18856056 0.018313647 0.98189075 128.71313 -0.0094440434 0.99974606 -0.02046029 -3.7385364 -0.9820162 -0.013131022 -0.18833972 -38.664347
-0.1877499 0.018577611 0.98204112 129.54778 -0.0041069555 0.99979753 -0.019698695 -3.7777198 -0.98220832 -0.0077316264 -0.18763559 -38.825704
-0.18703544 0.021115309 0.98212617 130.39618 -0.0070373523 0.99971451 -0.022833638 -3.815349 -0.982328 -0.011182267 -0.18683345 -38.983221
-0.18730534 0.02235679 0.98204725 131.22765 -0.016915769 0.99951931 -0.025980884 -3.8468917 -0.98215612 -0.021478443 -0.18683713 -39.117404
-0.18687053 0.023842032 0.98209515 132.06315 -0.021052562 0.99937868 -0.028267445 -3.8814287 -0.98215899 -0.025957971 -0.18625249 -39.264576
-0.1870961 0.027017124 0.98196998 132.90005 -0.022076803 0.99925362 -0.031698974 -3.9326185 -0.98209355 -0.027609512 -0.18636 -39.413448
-0.1863504 0.027867793 0.982088 133.72906 -0.018816174 0.99931308 -0.031926925 -3.9758231 -0.98230319 -0.024428734 -0.18569803 -39.569492
-0.18485066 0.029494443 0.98232389 134.54349 -0.018024889 0.99927967 -0.033395409 -4.019569 -0.98260135 -0.023879442 -0.18418587 -39.710574
-0.18283936 0.028405493 0.98273232 135.36133 -0.013639002 0.99941304 -0.031425206 -4.0562615 -0.98304823 -0.019149253 -0.18234462 -39.870546
-0.17949991 0.025516419 0.98342697 136.18645 -0.0055401696 0.99962149 -0.026947826 -4.1050465 -0.98374243 -0.010285484 -0.1792906 -40.019543
-0.17736596 0.021384788 0.98391256 137.01097 0.0027594227 0.99977077 -0.021232026 -4.1387939 -0.98414114 -0.0010508071 -0.17738432 -40.174843
-0.17342755 0.021020011 0.98462224 137.82955 0.0065720469 0.99977464 -0.020185913 -4.1716547 -0.98482474 0.002970191 -0.17352661 -40.316675
-0.16879365 0.024976607 0.98533486 138.63021 0.00057892694 0.99968123 -0.025241089 -4.2240027 -0.98565128 -0.0036900979 -0.16875431 -40.443267
-0.16223243 0.028526642 0.9863401 139.44732 0.0031519198 0.99959191 -0.028391481 -4.2583289 -0.98674758 -0.0014971533 -0.16225614 -40.574257
-0.15410842 0.029137462 0.98762418 140.23687 -0.00029798414 0.99956367 -0.029536204 -4.2965795 -0.98805394 -0.0048460733 -0.1540325 -40.690721
-0.14407358 0.025383393 0.98924133 141.04437 0.007505049 0.99967024 -0.024557953 -4.3272411 -0.98953856 0.0038861535 -0.14421657 -40.806756
-0.1320802 0.024121188 0.99094546 141.85111 0.017295274 0.99960777 -0.022026805 -4.3621758 -0.99108818 0.01422937 -0.13244558 -40.919018
-0.11865821 0.026001755 0.99259461 142.63616 0.015900859 0.99957864 -0.024283862 -4.4018202 -0.99280787 0.012901629 -0.11902166 -41.004236
-0.10437219 0.027438823 0.99415968 143.428 0.015182844 0.99954681 -0.02599353 -4.4383466 -0.99442245 0.012381171 -0.10474149 -41.081963
-0.090883278 0.027275282 0.99548792 144.19976 0.01679926 0.99952461 -0.02585219 -4.4720672 -0.99571989 0.01437393 -0.09129828 -41.143323
-0.077024038 0.028819496 0.99661259 144.99443 0.02023688 0.99942142 -0.027336695 -4.5105837 -0.99682388 0.018062748 -0.077562692 -41.201156
-0.06312927 0.034826687 0.99739747 145.77807 0.018809126 0.99925495 -0.03370104 -4.5594252 -0.99782814 0.016632654 -0.063737297 -41.23899
-0.050530574 0.043728456 0.9977647 146.54227 0.0085391605 0.9990234 -0.043351163 -4.6071511 -0.99868605 0.0063295147 -0.050854632 -41.262012
-0.036758887 0.052415301 0.99794856 147.29927 0.0023951607 0.99862526 -0.052362617 -4.649293 -0.99932134 0.00046545652 -0.036833898 -41.271818
-0.023547165 0.053543937 0.99828778 148.06269 0.0020797735 0.99856516 -0.053509756 -4.6977215 -0.99972061 0.0008162103 -0.023624739 -41.27743
-0.011853526 0.049355549 0.99871089 148.83266 0.00081524691 0.99878125 -0.049349348 -4.7508555 -0.99992945 0.00022923301 -0.011879318 -41.271382
-0.00065448414 0.046489561 0.99891852 149.60073 0.00081622163 0.99891847 -0.046489022 -4.801975 -0.99999949 0.00078491343 -0.00069172361 -41.263446
0.0084901931 0.052627622 0.99857807 150.34212 -0.0030101978 0.99861093 -0.052603759 -4.8672926 -0.99995947 -0.0025593006 0.0086368176 -41.238686
0.014922181 0.061421827 0.9980003 151.09638 -0.011266829 0.99805844 -0.06125694 -4.9165414 -0.99982522 -0.010330211 0.015585236 -41.214558
0.017985061 0.064748781 0.99773947 151.83604 -0.016333878 0.99778677 -0.064457417 -4.9685917 -0.99970487 -0.015137684 0.019002853 -41.190855
0.017847952 0.060520692 0.99800732 152.6154 -0.018248577 0.99801981 -0.060195097 -5.0236385 -0.99967421 -0.017137853 0.018917025 -41.163251
0.016817593 0.054978922 0.99834583 153.36281 -0.010687078 0.99843993 -0.054804073 -5.0925209 -0.9998015 -0.0097477261 0.017378919 -41.157606
0.01349304 0.052412872 0.9985343 154.11041 -0.01325516 0.99854688 -0.052234415 -5.1446441 -0.99982115 -0.01253093 0.014168172 -41.135155
0.010609014 0.052547076 0.99856205 154.85869 -0.013814046 0.9985307 -0.05239866 -5.1970425 -0.99984834 -0.013238283 0.011319313 -41.122834
0.007144674 0.052874935 0.99857554 155.60984 -0.013126027 0.99852 -0.052778077 -5.2530153 -0.99988837 -0.012730247 0.0078281362 -41.120737
0.0027353029 0.051027657 0.99869345 156.34849 -0.011226765 0.99863586 -0.050993964 -5.3075017 -0.99993328 -0.011072612 0.0033044455 -41.115548
-0.0029863571 0.051322103 0.99867765 157.08771 -0.013466448 0.99858952 -0.051357842 -5.3539792 -0.99990491 -0.013602013 -0.00229102 -41.108545
-0.0089054693 0.049513857 0.99873369 157.82479 -0.013291324 0.99867925 -0.049629672 -5.4034482 -0.99987205 -0.013716468 -0.0082356041 -41.108197
-0.014580335 0.04673622 0.99880081 158.56997 -0.010113543 0.99884904 -0.046886111 -5.4533261 -0.99984259 -0.01078503 -0.014090886 -41.122159
-0.019936822 0.046643192 0.9987126 159.29631 -0.01242307 0.99882251 -0.046896319 -5.5052588 -0.9997241 -0.013342039 -0.019333897 -41.130889
-0.025453132 0.04787995 0.9985287 160.01892 -0.012158147 0.99876365 -0.048201133 -5.5502333 -0.99960212 -0.013367128 -0.024839533 -41.146867
-0.029555832 0.050164973 0.99830348 160.73696 -0.015382359 0.99859875 -0.050635219 -5.6046298 -0.99944481 -0.016852828 -0.028742763 -41.162978
-0.031967715 0.052164444 0.99812667 161.45522 -0.014587756 0.99850639 -0.0526515 -5.6553184 -0.99938248 -0.016243576 -0.031159008 -41.179934
-0.033983583 0.054036361 0.99796047 162.16897 -0.014405092 0.99840707 -0.054551078 -5.7135778 -0.99931861 -0.016229553 -0.033151053 -41.200358
-0.032765261 0.052115948 0.99810334 162.89958 -0.0087980421 0.99858585 -0.052429958 -5.7616235 -0.99942439 -0.010499236 -0.032260409 -41.228954
-0.029203027 0.048304359 0.99840562 163.60605 -0.0033145526 0.9988215 -0.048421427 -5.8039515 -0.99956805 -0.0047233194 -0.029008505 -41.249576
-0.021715043 0.04776167 0.99862265 164.31397 -0.0030808243 0.99885028 -0.047839548 -5.8589838 -0.9997595 -0.004115418 -0.021542933 -41.257758
-0.010755821 0.049011985 0.99874023 165.01502 -0.00090480149 0.99879717 -0.049024521 -5.9108334 -0.99994179 -0.0014309598 -0.010698539 -41.258956
0.0029060123 0.049366789 0.99877645 165.69439 0.00015561378 0.99878067 -0.049367449 -5.9596425 -0.99999581 0.00029888664 0.0028947852 -41.253347
0.018709792 0.047086972 0.99871551 166.38128 0.00039986302 0.99888997 -0.047102687 -6.000913 -0.99982492 0.0012806317 0.018670193 -41.229271
0.034563738 0.042093173 0.99851561 167.0886 -0.0031705486 0.99911222 -0.042008573 -6.0434726 -0.99939751 -0.0017138681 0.03466651 -41.186122
0.05103786 0.035735352 0.99805713 167.75357 -0.0055020109 0.99935451 -0.035500446 -6.0835967 -0.99868161 -0.0036794536 0.051201531 -41.137616
0.06840586 0.028385559 0.99725364 168.43388 -0.0057309084 0.99958984 -0.028058947 -6.1211649 -0.99764116 -0.003795772 0.068540477 -41.078833
0.085717113 0.020687108 0.99610468 169.12118 -0.0059366438 0.99977727 -0.020252517 -6.1543928 -0.99630187 -0.0041775306 0.085820832 -41.008069
0.10279538 0.014823092 0.99459203 169.77302 -0.0093413489 0.99985925 -0.013936123 -6.187783 -0.9946587 -0.0078582614 0.10291937 -40.922773
0.12121156 0.012087748 0.99255305 170.43973 -0.0094185154 0.99989484 -0.01102696 -6.217922 -0.99258205 -0.0080117804 0.12131266 -40.830852
0.13901297 0.011210063 0.99022707 171.07873 -0.0082024482 0.99991466 -0.010168233 -6.2348789 -0.99025663 -0.0067087693 0.13909305 -40.724537
0.15668716 0.010440758 0.98759305 171.71366 -0.0088077765 0.99991913 -0.0091736647 -6.2528428 -0.98760905 -0.0072611027 0.15676645 -40.611246
0.17298657 0.01012376 0.98487211 172.36208 -0.01420917 0.99986876 -0.0077821633 -6.2686986 -0.98482172 -0.012648005 0.17310772 -40.480315
0.18740951 0.0066888128 0.98225906 172.98165 -0.017223544 0.99984546 -0.0035224137 -6.2877161 -0.9821309 -0.016257847 0.18749575 -40.340015
0.19944146 0.0024337622 0.97990668 173.6084 -0.0132837 0.99991174 0.00022019812 -6.3058388 -0.97981974 -0.013060703 0.19945619 -40.204934
0.21058808 0.00064291494 0.97757464 174.23441 -0.0097378092 0.99995155 0.0014400774 -6.3227795 -0.97752643 -0.0098226977 0.21058413 -40.066896
0.22023224 0.0042017467 0.97543838 174.83546 -0.013687278 0.99990558 -0.0012168579 -6.3410848 -0.97535148 -0.013083104 0.22026895 -39.916398
0.22903137 0.011170254 0.97335491 175.44314 -0.016996617 0.99982761 -0.007474734 -6.3587953 -0.97327068 -0.014831791 0.22918175 -39.760466
0.23831977 0.021339939 0.97095222 176.02134 -0.017681621 0.9996882 -0.017631562 -6.3744346 -0.97102581 -0.012966059 0.23862279 -39.607118
0.24680277 0.028060508 0.96865934 176.60719 -0.012339694 0.99959064 -0.025812532 -6.3879374 -0.96898721 -0.0055823546 0.24704799 -39.456435
0.2530079 0.026838055 0.96709185 177.22268 -0.013660953 0.9996146 -0.024166662 -6.40945 -0.9673678 -0.0070970391 0.25327703 -39.294731
0.25905584 0.019369824 0.96566806 177.81749 -0.015058703 0.99975837 -0.016013886 -6.4282143 -0.96574499 -0.010393218 0.25928492 -39.112153
0.2636738 0.00847806 0.96457461 178.42006 -0.019521715 0.99980348 -0.0034512923 -6.4488684 -0.96441439 -0.017920135 0.26378748 -38.936487
0.26563442 -0.0011194522 0.96407314 179.03187 -0.016610246 0.99984558 0.0057376691 -6.4707696 -0.96393077 -0.017537614 0.26557481 -38.763114
0.26650505 -0.0019846327 0.96383144 179.62998 -0.014292515 0.99987979 0.0060108245 -6.4894425 -0.96372759 -0.01537749 0.26644464 -38.596821
0.2676452 0.0013214113 0.96351659 180.24281 -0.013241584 0.99990967 0.0023069192 -6.4927603 -0.96342659 -0.013375922 0.26763852 -38.428865
0.26938086 0.0011224447 0.96303303 180.84495 -0.010495954 0.99994335 0.0017704774 -6.5064903 -0.96297657 -0.010584882 0.26937738 -38.256176
0.27122721 -0.00075448482 0.96251501 181.45217 -0.011637414 0.99992403 0.004063117 -6.5014006 -0.96244504 -0.012303213 0.27119782 -38.078239
0.27341998 -0.0049376131 0.96188204 182.06748 -0.012205777 0.9998885 0.008602267 -6.517863 -0.96181735 -0.014092549 0.27332923 -37.904083
0.27653127 -0.010561834 0.96094684 182.69365 -0.0099427582 0.99985464 0.013850696 -6.5265996 -0.96095353 -0.013384612 0.27638605 -37.715542
0.28077136 -0.013776908 0.95967576 183.30811 -0.0085744964 0.99982106 0.016861857 -6.5321324 -0.95973642 -0.012963062 0.28060299 -37.533741
0.28727297 -0.015022671 0.9577309 183.91302 -0.0077757011 0.99980748 0.018015005 -6.527051 -0.95781723 -0.012622253 0.28710086 -37.344398
0.29517834 -0.018109499 0.9552705 184.55112 -0.0065531947 0.99975846 0.020977813 -6.5281271 -0.95541974 -0.012452269 0.29498836 -37.143311
0.30460356 -0.020491242 0.95225874 185.14755 -0.0039078486 0.99973326 0.022762848 -6.5296622 -0.95247125 -0.010654927 0.30444223 -36.940607
0.31552999 -0.018917191 0.94872698 185.7846 -0.0044538728 0.99976073 0.021416061 -6.5342401 -0.94890519 -0.010982918 0.31537023 -36.722728
0.32728134 -0.015088349 0.94480643 186.39048 -0.0056018333 0.99982396 0.017907444 -6.5332056 -0.94491038 -0.01115342 0.3271392 -36.494977
0.33857422 -0.01130722 0.94087171 187.00602 -0.0072146931 0.9998672 0.014612436 -6.5323263 -0.94091207 -0.011735494 0.33844768 -36.260627
0.35056886 -0.010709806 0.93647568 187.62658 -0.0061572476 0.99988664 0.013739952 -6.5282613 -0.93651676 -0.010582911 0.35046318 -36.019185
0.36207729 -0.013829579 0.93204544 188.2501 -0.0052002068 0.99984441 0.016855728 -6.5333189 -0.93213361 -0.010949904 0.36194903 -35.763432
0.37300977 -0.015646593 0.92769544 188.86486 -0.0051825742 0.99980706 0.018946655 -6.5313826 -0.92781298 -0.011875137 0.37285671 -35.503054
0.38427046 -0.015806056 0.92308521 189.50092 -0.0084439977 0.99975144 0.020633963 -6.5385137 -0.92318199 -0.015723551 0.38404148 -35.229581
0.3936086 -0.017770646 0.91910631 190.11337 -0.0099552113 0.99967211 0.023591695 -6.5238692 -0.91922426 -0.018435791 0.39330263 -34.948809
0.40056535 -0.016185852 0.91612518 190.75767 -0.014945928 0.99959552 0.02419552 -6.5267676 -0.91614633 -0.023384228 0.40016141 -34.655183
0.40515817 -0.018489625 0.91405958 191.39192 -0.015333771 0.99951742 0.027014983 -6.5149255 -0.91411805 -0.024961321 0.40467913 -34.360161
0.40710559 -0.023388106 0.91308158 192.04131 -0.010752887 0.99948011 0.03039543 -6.5100212 -0.91331785 -0.022192412 0.40664245 -34.077208
0.40789784 -0.021622579 0.91277146 192.69354 -0.0083136545 0.99959013 0.027394412 -6.503348 -0.91298976 -0.018762588 0.40755089 -33.778568
0.40683634 -0.021678933 0.91324375 193.35327 -0.0058093131 0.99963675 0.026317725 -6.4963284 -0.91348263 -0.016012326 0.40656262 -33.48399
0.40531738 -0.02050922 0.91394591 194.02042 -0.0030408659 0.99971253 0.023782414 -6.4930632 -0.91417101 -0.012418612 0.4051385 -33.190551
0.40551044 -0.021690096 0.913833 194.69425 -2.8983875e-05 0.99971813 0.023741466 -6.4817315 -0.91409045 -0.0096538981 0.40539551 -32.894338
0.40455407 -0.028246661 0.91407771 195.38044 0.0038250826 0.9995664 0.029195505 -6.4744984 -0.91450612 -0.0083147369 0.4044867 -32.600182
0.40418503 -0.031132588 0.91414723 196.06122 0.0042961597 0.99947418 0.032138996 -6.4689867 -0.91466719 -0.0090627779 0.40410625 -32.287485
0.40257572 -0.033516652 0.91477284 196.7505 0.0053368097 0.99939841 0.034268637 -6.4567999 -0.91537117 -0.008913752 0.4025124 -31.983924
0.40055186 -0.03394276 0.91564514 197.43635 0.0047322916 0.99937693 0.034976522 -6.4458413 -0.91626191 -0.0096768103 0.40046291 -31.682197
0.39925217 -0.034088101 0.9162072 198.11857 0.0034328939 0.99935716 0.035685812 -6.4322047 -0.91683477 -0.011102395 0.39911253 -31.372709
0.39716505 -0.033256124 0.91714442 198.80499 0.0022609138 0.99937566 0.035258793 -6.4260079 -0.91774446 -0.011929975 0.39699227 -31.073842
0.39638786 -0.029802024 0.91759928 199.49907 0.0027106958 0.99950663 0.031291256 -6.420565 -0.91807918 -0.0099161411 0.39627308 -30.778778
0.39539309 -0.024103562 0.91819565 200.17435 0.0029126421 0.9996835 0.02498846 -6.4174923 -0.91850743 -0.0072058883 0.39533815 -30.479743
0.39403661 -0.020840448 0.9188584 200.85907 0.00063203293 0.9997488 0.022404071 -6.4056106 -0.91909457 -0.0082472747 0.3939508 -30.175433
0.39295607 -0.023335233 0.91926107 201.56565 -8.2352709e-05 0.99967707 0.025411777 -6.3963186 -0.91955728 -0.010061415 0.39282725 -29.876092
0.39172101 -0.026719846 0.91969595 202.24103 -0.0011519029 0.99956321 0.029530846 -6.3904652 -0.92008336 -0.012627252 0.39151913 -29.569971
0.38905064 -0.026141764 0.92084534 202.92534 -0.0056139637 0.99951144 0.030746866 -6.3908269 -0.9211993 -0.01713168 0.38871381 -29.283351
0.38475743 -0.026114113 0.9226482 203.62729 -0.0082032634 0.99946347 0.031709126 -6.3836379 -0.92298131 -0.019769048 0.38433677 -28.982735
0.37768051 -0.027064008 0.92554033 204.30456 -0.0088269247 0.99942209 0.032826364 -6.3790248 -0.92589394 -0.020567552 0.37722335 -28.710113
0.36914305 -0.027400652 0.92896854 204.99857 -0.0081464503 0.99943148 0.032716156 -6.363255 -0.92933692 -0.019644737 0.36870997 -28.421559
