1.000000000000000000e+00 -3.306050084167601550e-19 -2.270457535318767223e-19 -8.673617379884035472e-19 7.546676715296109287e-19 1.000000000000000000e+00 6.237773588823049983e-19 1.387778780781445676e-17 -3.447385680526250622e-20 4.770700176052009879e-20 1.000000000000000222e+00 5.551115123125782702e-17
9.998579396528032293e-01 -5.232112169024786055e-05 -1.684856991529421269e-02 3.694579379208556141e-02 6.546950674059461462e-05 9.999996774755534057e-01 7.793557930056543284e-04 1.535444738737753306e-02 1.684852657352089306e-02 -7.803477152205422164e-04 9.998576514835516571e-01 2.170766198469303576e-01
9.992772967530711981e-01 3.928695317594757194e-03 3.781930909406543140e-02 3.618158357821713716e-02 -3.951371100776967897e-03 9.999920470956122909e-01 5.248449150504079551e-04 -4.759023785265839579e-03 -3.781694765489003462e-02 -6.738607200784072502e-04 9.992848858876449691e-01 2.762818584567062752e-01
9.979247598458401702e-01 5.926677566894637990e-03 6.412315408037895514e-02 6.112283998302631138e-02 -6.053009965174526059e-03 9.999801276369394420e-01 1.776247107725719299e-03 2.701820780946870282e-03 -6.411135884378077465e-02 -2.160663408865336720e-03 9.979407879856655450e-01 4.289973253044591095e-01
9.952795318216268727e-01 5.011252624417182784e-03 9.690902248975238886e-02 1.204342708048826843e-01 -5.392209220438452452e-03 9.999787133032698172e-01 3.667401240752315907e-03 -6.469397103267132687e-03 -9.688857229647106217e-02 -4.172834497501082263e-03 9.952853587721981476e-01 5.994671736828869335e-01
9.909076630419990650e-01 1.603675592139106564e-03 1.345653721173998840e-01 1.843238473603821814e-01 -2.431270638653306587e-03 9.999791149456817019e-01 5.986797255911942978e-03 3.907058676736865910e-03 -1.345529725449982339e-01 -6.259486014443726466e-03 9.908908900115870333e-01 8.055925176556232303e-01
9.845609141264093367e-01 -9.388633623936726465e-04 1.750101741732829896e-01 2.569724427441409942e-01 -2.692723245052958776e-04 9.999762872211626075e-01 6.878309707487508667e-03 1.266541444910063152e-03 -1.750124921365398545e-01 -6.819216882589226869e-03 9.845373459432305019e-01 9.769149239248628991e-01
9.760188362004098561e-01 -1.525103789449936504e-03 2.177157000593586966e-01 3.376675065531375974e-01 -1.650717368449580204e-04 9.999699958217259654e-01 7.744823360264893077e-03 6.346503775700812477e-03 -2.177210089909205892e-01 -7.595095519209876973e-03 9.759892554030963341e-01 1.206380429560331091e+00
9.640773152236603583e-01 -1.211893992820436451e-03 2.656410570073031163e-01 4.382193646524218389e-01 -1.509203170012440734e-03 9.999484858274593213e-01 1.003974978480432455e-02 6.522436954467109027e-03 -2.656395491717034596e-01 -1.007990547540645911e-02 9.640257898683751714e-01 1.412458396784090464e+00
9.497824475255554066e-01 -4.815582315771668037e-03 3.128394789158328582e-01 5.703346560100535090e-01 -5.111278056483590073e-04 9.998563574072438787e-01 1.693880336578980697e-02 1.759865309064542749e-02 -3.128761461780852349e-01 -1.624801150224204627e-02 9.496435313022475455e-01 1.659574930796259062e+00
9.328017635022934906e-01 -1.384539698220383329e-02 3.601980631284166789e-01 7.097643384245828635e-01 5.218229551979822536e-03 9.996759121177976049e-01 2.491573987917386143e-02 4.651894983029133956e-03 -3.604263035236048851e-01 -2.136314481623393172e-02 9.325716865625263141e-01 1.875084673424917137e+00
9.119763211632453404e-01 -1.996790806905946944e-02 4.097858536072709890e-01 8.660928318286550409e-01 8.057475561957171475e-03 9.994938886028843505e-01 3.077305601444332503e-02 3.154641247960041084e-03 -4.101930125437372454e-01 -2.476218517059933233e-02 9.116756566279136109e-01 2.094057707093409437e+00
8.867226012603252050e-01 -2.193426229564812008e-02 4.617140044262089127e-01 1.048402546530714963e+00 6.989689349468042497e-03 9.993956715049127082e-01 3.405493737325389347e-02 8.226915452136718265e-03 -4.621819804216877881e-01 -2.696810792670265022e-02 8.863402209443265178e-01 2.337843073852178044e+00
8.584191457829942751e-01 -2.400369679106661297e-02 5.124428970358394508e-01 1.232513685157173189e+00 5.433461953029128377e-03 9.992740131810976534e-01 3.770922180707390881e-02 2.732893472556548187e-02 -5.129760592273899800e-01 -2.958761033840468305e-02 8.579262858830155603e-01 2.560161609846164144e+00
8.265025842046432869e-01 -2.890697499818910624e-02 5.622282761573008658e-01 1.464892584835807421e+00 6.031459087422980613e-03 9.990779976970189935e-01 4.249976126678678412e-02 2.884714769836797810e-02 -5.629388908599617380e-01 -3.173205790390588865e-02 8.259150536078289084e-01 2.780803413314726580e+00
7.906786706970651002e-01 -3.583882736629915439e-02 6.111798147098247425e-01 1.697593703093169148e+00 8.852867268418352156e-03 9.988501646032031944e-01 4.711332690030077541e-02 3.482343491362488441e-02 -6.121656242604914810e-01 -3.184143489529393106e-02 7.900866384469854564e-01 3.000597931530753382e+00
7.526056790667311480e-01 -3.962020815846001992e-02 6.573166636412822728e-01 1.955263613573845927e+00 9.142807466386329920e-03 9.987206127317281856e-01 4.973168272208017271e-02 4.580719315068698672e-02 -6.584463766308203958e-01 -3.141713884652243965e-02 7.520051310073272433e-01 3.215749294751419463e+00
7.132038271314777855e-01 -4.341360317904919414e-02 6.995800263235520955e-01 2.254144810857491965e+00 1.067378542129356241e-02 9.986371860039179316e-01 5.108874849649239214e-02 5.852570688024581053e-02 -7.008443688382705039e-01 -2.897214726861515113e-02 7.126951554398913702e-01 3.423425702902036960e+00
6.711817365951489034e-01 -4.515090212998851965e-02 7.399276276726411972e-01 2.557495428448346431e+00 9.493517200844386189e-03 9.985849203739826097e-01 5.234063508700126377e-02 6.854887924475668026e-02 -7.412434107342751322e-01 -2.810734562495514552e-02 6.706608013171541094e-01 3.637158096102094174e+00
6.292833485809600225e-01 -4.577013442877730237e-02 7.758317483594213693e-01 2.900643362648570367e+00 5.713480428962711653e-03 9.985098711370624658e-01 5.427014507728838283e-02 9.606342009893951983e-02 -7.771596440320638344e-01 -2.971950849207529582e-02 6.286070078286695173e-01 3.827107979124070525e+00
5.868827641149849672e-01 -4.635266260384317272e-02 8.083023643129262359e-01 3.242374368425860354e+00 2.552551060578314192e-03 9.984609674079742980e-01 5.539490600909022233e-02 1.143739665142155387e-01 -8.096262000252772983e-01 -3.044622703066780442e-02 5.860977042909447654e-01 4.059288109827681623e+00
5.470767573134188710e-01 -4.781393604613654730e-02 8.356832221120253923e-01 3.623051653621968349e+00 1.546661996752834686e-04 9.983732927464029627e-01 5.701816258042678720e-02 1.318694455858968051e-01 -8.370495180324505347e-01 -3.107146475735101179e-02 5.461939390263296223e-01 4.261676877041470135e+00
5.073759472102197243e-01 -5.084223350853483980e-02 8.600780101514102771e-01 4.033600927971493277e+00 -5.095989286885460904e-04 9.982400742319328391e-01 5.930085927538319979e-02 1.479621671501399893e-01 -8.615790927965777390e-01 -3.052653139271031824e-02 5.064571377756821313e-01 4.469761412393785882e+00
4.691352427634839506e-01 -5.042548929108504885e-02 8.815262915384108888e-01 4.465613271768228643e+00 -4.033095059185809461e-03 9.982356100577116642e-01 5.925856826409253708e-02 1.754048786351350697e-01 -8.829583354450298849e-01 -3.136056175316510874e-02 4.681044370004293631e-01 4.681393797258699863e+00
4.349122663163909608e-01 -4.910109903917844743e-02 8.992372997927551292e-01 4.934091262308768933e+00 -5.206075018784343984e-03 9.983587812130557682e-01 5.702136630017268226e-02 2.004006206922481215e-01 -9.005613586778433710e-01 -2.948546829905291863e-02 4.339423804910307325e-01 4.870775025878431030e+00
4.004578434622426131e-01 -4.830741847553112617e-02 9.151116659254098229e-01 5.434137791781430415e+00 -3.936180858115648912e-03 9.985096566507866145e-01 5.442669418463629699e-02 2.220531908709756086e-01 -9.163774990488995353e-01 -2.539291527927050457e-02 3.996707840933613753e-01 5.048977001227447303e+00
3.715418141527424556e-01 -4.671015349675779194e-02 9.273355333259393207e-01 5.948797426729842464e+00 -1.975010554122430800e-03 9.986917045860997932e-01 5.108965901071936544e-02 2.442870162358074804e-01 -9.285090400867634930e-01 -2.081066536435467393e-02 3.709633520649909255e-01 5.233153952747708892e+00
3.458429581559570587e-01 -4.520951353898758351e-02 9.371391888998337194e-01 6.499317789972677950e+00 -1.019518210998054172e-03 9.988203193713258710e-01 4.854379642272912965e-02 2.711325743000309596e-01 -9.382279753988138626e-01 -1.775049998316754335e-02 3.453883973155517650e-01 5.416420175280453719e+00
3.253108873010256419e-01 -4.460787289414308576e-02 9.444968809337138671e-01 7.084376877613242307e+00 2.014490636046072872e-04 9.988896026975843112e-01 4.711892877264062945e-02 2.984124126449430592e-01 -9.455503475633391108e-01 -1.512720495556012235e-02 3.249592096798111229e-01 5.604258326652926669e+00
3.100438620674818013e-01 -4.550611697433892822e-02 9.496312837780500615e-01 7.673861983470763981e+00 1.657336552079517657e-03 9.988784773840392317e-01 4.732461863664243901e-02 3.263245344355853450e-01 -9.507193043743751293e-01 -1.310540864202986745e-02 3.097713401196309779e-01 5.791870418555875588e+00
2.980861273398238698e-01 -4.671853151807325855e-02 9.533552980447642655e-01 8.294661481126718527e+00 2.284138816748494585e-03 9.988335315519799584e-01 4.823118406802564401e-02 3.461452233844811155e-01 -9.544969065662043395e-01 -1.219120005038632978e-02 2.978453188017541331e-01 5.981479072710059519e+00
2.871852577815683372e-01 -4.898292377536173081e-02 9.567180895666311802e-01 8.944250865149401264e+00 1.008507554486984606e-03 9.987061985386144203e-01 5.084765313421243937e-02 3.739480851193379696e-01 -9.579713340651260234e-01 -1.363093990158484141e-02 2.868636122203905292e-01 6.176094683964809207e+00
2.767785837928260495e-01 -4.998962709060792570e-02 9.597653165497973538e-01 9.621823555892856206e+00 -9.329427773681178476e-05 9.986442553722625348e-01 5.205372798009301472e-02 4.071351334544809353e-01 -9.610670743758354950e-01 -1.448596687113990616e-02 2.763991079326898470e-01 6.375412306827714204e+00
2.651165834872741822e-01 -5.100593717442999941e-02 9.628333292100862417e-01 1.031402591485488252e+01 -1.813594116388063436e-03 9.985722397466156863e-01 5.339869301658163592e-02 4.385214173121398940e-01 -9.641811489618525854e-01 -1.592067453897196352e-02 2.646449897181519795e-01 6.576835346043131914e+00
2.568886333178890813e-01 -5.427722448922003839e-02 9.650460352258868335e-01 1.103376782642315135e+01 -2.718825636723942903e-03 9.983769314296899733e-01 5.688571948706682563e-02 4.693987766556368402e-01 -9.665681804877028771e-01 -1.722679341484677218e-02 2.563244690220287114e-01 6.763348528523241754e+00
2.456893844037521257e-01 -5.593642554561426700e-02 9.678332586844704544e-01 1.178276268038228558e+01 -2.754925705949015473e-03 9.982894556942711883e-01 5.839694749408316093e-02 5.050666792653465409e-01 -9.694446411690117449e-01 -1.701052281165722074e-02 2.451150000241997529e-01 6.959227286192740891e+00
2.337700929198674171e-01 -5.698130982216364354e-02 9.705660761873552422e-01 1.254520875772280952e+01 -2.560897787267605620e-03 9.982419261888141326e-01 5.923405268150484099e-02 5.372037704214434051e-01 -9.722338003354329405e-01 -1.634743457815950735e-02 2.332130069027856245e-01 7.140384741348074549e+00
2.241654750016277009e-01 -5.992190331669699360e-02 9.726440399279131510e-01 1.331856868230597613e+01 -3.927126826541608995e-03 9.980444288032015443e-01 6.239499259164175277e-02 5.735550914910683140e-01 -9.744798991606919980e-01 -1.781582648996470758e-02 2.234917102174258929e-01 7.321061410176273654e+00
2.133821294588504891e-01 -6.274220753732483169e-02 9.749945667405974792e-01 1.411125291294994888e+01 -6.221496772894571231e-03 9.978279284650549696e-01 6.558220395826788729e-02 6.163907901692248226e-01 -9.769919162002203006e-01 -2.005466273670613100e-02 2.125286303066092064e-01 7.494507166692025990e+00
2.005855226424807791e-01 -6.657600025656851273e-02 9.773173214598808167e-01 1.491738998891763934e+01 -7.430795583860623499e-03 9.975563002686395064e-01 6.949884260289497517e-02 6.570967492673096544e-01 -9.795539238479182842e-01 -2.122648214100856384e-02 1.996005677215092478e-01 7.659083482499572604e+00
1.871280722221984050e-01 -6.976525321894334886e-02 9.797601122337511459e-01 1.571840143701603942e+01 -8.463259465813220347e-03 9.973240127992333282e-01 7.263806795053512344e-02 6.987928548220385672e-01 -9.822034121190057476e-01 -2.191090514508523684e-02 1.860362755027460124e-01 7.807245319999168487e+00
1.736401065955261169e-01 -6.994481772603043657e-02 9.823410265694934029e-01 1.653015942433068730e+01 -8.887455658787051654e-03 9.973231108856318583e-01 7.256781030093804874e-02 7.373914295580478173e-01 -9.847873203867248959e-01 -2.132916696461575196e-02 1.725532515206121553e-01 7.956754460304444443e+00
1.582273439550434535e-01 -6.934527974139828577e-02 9.849032634513477102e-01 1.734632004075046297e+01 -1.027590546966731383e-02 9.973619076801801819e-01 7.186894822111349057e-02 7.831714251943987515e-01 -9.872865610192195218e-01 -2.151870337358771298e-02 1.570964317344129557e-01 8.089612618010193046e+00
1.421030718182653141e-01 -6.816181202452643861e-02 9.874787283020394213e-01 1.817102561505109648e+01 -1.147549488005539416e-02 9.974461261021119185e-01 7.048870548026262006e-02 8.205585384492518619e-01 -9.897615183753263324e-01 -2.134783145262657625e-02 1.409577109732081390e-01 8.210269262192079864e+00
1.207730863006603456e-01 -6.680076373253074351e-02 9.903840687204760185e-01 1.900088610242495335e+01 -1.403096930623964726e-02 9.975180575405961925e-01 6.901136777352472051e-02 8.612498717901519996e-01 -9.925363057538840739e-01 -2.222308116401403022e-02 1.195368426375490317e-01 8.315442375623769422e+00
9.858628903200086779e-02 -6.615799085765879106e-02 9.929497441980580374e-01 1.983699890277640421e+01 -1.824980722779498410e-02 9.974997118269030016e-01 6.828566979638692191e-02 9.039309661950412078e-01 -9.949839120229549971e-01 -2.486561805746576384e-02 9.713233465039655679e-02 8.386612043895222968e+00
6.836174267858403930e-02 -6.561275832633726990e-02 9.955291860431837447e-01 2.068100032970990299e+01 -2.207099237935302924e-02 9.974911569605952044e-01 6.724976451398620436e-02 9.440581280213410365e-01 -9.974454638554671737e-01 -2.654971654905658937e-02 6.674232652945334687e-02 8.447126847053333165e+00
3.247190007634018910e-02 -6.525053421517289232e-02 9.973374944653231600e-01 2.153869984630680534e+01 -2.519559559498406320e-02 9.974965709689522786e-01 6.607224185512372561e-02 9.863284990891626469e-01 -9.991510921371213882e-01 -2.728911901728528488e-02 3.074606436988018554e-02 8.471457671644838427e+00
-3.218941150841334308e-05 -6.427476604608485522e-02 9.979326485355818344e-01 2.238424465009220654e+01 -2.582526819220076070e-02 9.975994474161653525e-01 6.424733606457332102e-02 1.024210951151431681e+00 -9.996671872681618387e-01 -2.576086638386587344e-02 -1.691900761890150449e-03 8.461576659805706058e+00
-3.555641169242365618e-02 -6.351618291258621929e-02 9.973378232908239882e-01 2.325098634597232561e+01 -2.755825489483755553e-02 9.976607016492879954e-01 6.254422311096738407e-02 1.057984374183164489e+00 -9.989794274926520057e-01 -2.522799739705684427e-02 -3.722312597232721454e-02 8.422409679592279375e+00
-6.684137026749860377e-02 -6.164228087196920586e-02 9.958234124666571763e-01 2.410457047932762720e+01 -2.973200385089741493e-02 9.977694666178629213e-01 5.976440817526473825e-02 1.083982251664935115e+00 -9.972867723581826382e-01 -2.560649416318816832e-02 -6.852500158184006429e-02 8.358519517523451015e+00
-9.918372011863603455e-02 -5.857154781480251871e-02 9.933862061951143074e-01 2.496089271275165800e+01 -3.245845820544972921e-02 9.979251030386944166e-01 5.559936703001831793e-02 1.123446313022065990e+00 -9.945825843268268907e-01 -2.671345563235806575e-02 -1.008788829677419729e-01 8.270032614016164629e+00
-1.317591719671817874e-01 -5.359263088387716811e-02 9.897782545748453620e-01 2.582643596936602037e+01 -2.960408022810210107e-02 9.983046082693454171e-01 5.010864153600053106e-02 1.148623004689035110e+00 -9.907866470254013125e-01 -2.268106907445252562e-02 -1.331220691594861838e-01 8.146979681183468713e+00
-1.647440333067660967e-01 -4.798312512792719114e-02 9.851137312259511392e-01 2.667219413651203297e+01 -2.435488636643748026e-02 9.987090902672046688e-01 4.457277501583672974e-02 1.171415128291333430e+00 -9.859816233999497692e-01 -1.663389803208505796e-02 -1.656997887538421144e-01 7.982655343634503353e+00
-1.959574120872764891e-01 -4.190263860786801881e-02 9.798198744826180917e-01 2.751897350805949927e+01 -1.848124300590975322e-02 9.990672647374652104e-01 3.903043396407007010e-02 1.188506114598460117e+00 -9.805411603683445998e-01 -1.047082926961161523e-02 -1.965491008544197893e-01 7.811438645753699284e+00
-2.244604071099546294e-01 -3.652973726635448670e-02 9.737285508507991239e-01 2.835387207339424620e+01 -1.232305729199973526e-02 9.993239189248077636e-01 3.463425461507203817e-02 1.199495888842790681e+00 -9.743354747005035232e-01 -4.221371770730219901e-03 -2.247588788411821470e-01 7.600277638356314647e+00
-2.523544144667017042e-01 -3.078197584919267066e-02 9.671061711685943196e-01 2.918350706814513984e+01 -4.198886649841044455e-03 9.995190283804676890e-01 3.073094394410966559e-02 1.207765908584188086e+00 -9.675872450727005525e-01 3.697061532979979779e-03 -2.523620197288903855e-01 7.370738885547389430e+00
-2.797500178850083064e-01 -1.999921370418768218e-02 9.597210317702479232e-01 3.001385486352507570e+01 1.894690941709199425e-03 9.997695430248200177e-01 2.138342795709086142e-02 1.207512277684666957e+00 -9.599277293724655102e-01 7.805185396588112251e-03 -2.796475945405990093e-01 7.119259651410438039e+00
-3.014833560827777093e-01 -5.582247554419178352e-03 9.534670797371448403e-01 3.082006696938478996e+01 6.073802170218745890e-03 9.999514227307451097e-01 7.773926910942701059e-03 1.198805055736211322e+00 -9.534640490091328413e-01 8.132186625449542433e-03 -3.014348222765532159e-01 6.852518115060141746e+00
-3.269004561446932633e-01 1.223849442949628656e-02 9.449535278860060616e-01 3.160996604900142870e+01 7.747038885470801210e-03 9.999172207003979018e-01 -1.027333236397775379e-02 1.181442978040564418e+00 -9.450011457488731725e-01 3.965485613282747866e-03 -3.269682008369088622e-01 6.576072749187171773e+00
-3.536771390111757007e-01 2.735771406254418336e-02 9.350381292746609008e-01 3.240066141158499136e+01 7.361878021364971943e-03 9.996226406330701586e-01 -2.645987312436575561e-02 1.160524688625898637e+00 -9.354096387234691612e-01 -2.487968505299802558e-03 -3.537449958884045231e-01 6.278151036794019646e+00
-3.763562948903415584e-01 3.798329171353456712e-02 9.256423522739198884e-01 3.318830916627121752e+01 1.066510115660074774e-02 9.992708452032252886e-01 -3.666968692804930402e-02 1.123362892962279425e+00 -9.263597348782854901e-01 -3.915041385072612866e-03 -3.764870739067863181e-01 5.957771005958308663e+00
-4.006640249233962559e-01 4.250163042551289433e-02 9.149380261024756544e-01 3.396888868435726039e+01 1.501630075134307088e-02 9.990935488649312912e-01 -3.982308767230709201e-02 1.074848856296817923e+00 -9.158018981668692993e-01 -2.241794063849052859e-03 -4.009386827912513329e-01 5.615469386218480352e+00
-4.227301571779440992e-01 4.215776761773160075e-02 9.053904053470029911e-01 3.473893160273140523e+01 1.711405819798913000e-02 9.991106641869108573e-01 -3.855074021623049879e-02 1.028407443006101651e+00 -9.062100680173946765e-01 -7.808472484220180775e-04 -4.230755725073186979e-01 5.252419993024027178e+00
-4.426881480000874336e-01 3.807274689688737446e-02 8.956604680167502552e-01 3.549622166598609141e+01 2.110484494084205118e-02 9.992639020942339911e-01 -3.202034323416787925e-02 9.840411016287253787e-01 -8.962206799105978394e-01 4.715660802136713813e-03 -4.431658474683988769e-01 4.878367863871337029e+00
-4.617399257014996872e-01 3.677674084034947277e-02 8.864137669055427438e-01 3.624393185436930054e+01 2.828751846508483631e-02 9.992425787622405409e-01 -2.672197460194957949e-02 9.409764509256790532e-01 -8.867249610578892272e-01 1.274779728304635366e-02 -4.624305135591691984e-01 4.479254500243534665e+00
-4.734153739698283569e-01 3.777008147522143561e-02 8.802445637035959392e-01 3.698212807344075514e+01 3.220714711987466422e-02 9.991544528222772170e-01 -2.556647446580972982e-02 8.931420504115585857e-01 -8.804661551997533531e-01 1.624095299426664765e-02 -4.742315760581831130e-01 4.068693536998027049e+00
-4.837792652490379153e-01 4.109533740925285644e-02 8.740707333770182386e-01 3.770724927549095895e+01 3.464511904504480322e-02 9.990132083078825387e-01 -2.778162042864886286e-02 8.505183006218953734e-01 -8.743500543784087364e-01 1.683937623324280319e-02 -4.847257228630744152e-01 3.656053133366809593e+00
-4.955696659841490326e-01 4.352545003528203449e-02 8.677582677823242330e-01 3.840692180506369624e+01 3.659455818087109513e-02 9.989030458113272726e-01 -2.923011891040044538e-02 8.041033602398272029e-01 -8.680786113563514483e-01 1.727437617337540879e-02 -4.966189165932304306e-01 3.258364197665169382e+00
-5.023681894627631817e-01 4.391791717902877173e-02 8.631482753454620127e-01 3.911873623467141670e+01 3.067046333983053374e-02 9.989857685249461383e-01 -3.296088388605979830e-02 7.671330359806514121e-01 -8.637207111358025102e-01 9.908496907185959310e-03 -5.032055612399172206e-01 2.851089632254150796e+00
-5.156572748278657192e-01 4.203742850054297681e-02 8.554457346262991368e-01 3.981429093542019615e+01 2.890576253848867530e-02 9.990804490372344748e-01 -3.166035191712436581e-02 7.292042540738890022e-01 -8.559905957612978789e-01 8.388572986925690866e-03 -5.163981922338133357e-01 2.437858119445214911e+00
-5.236516056895796911e-01 4.370023837102696845e-02 8.504799624801152591e-01 4.051168221245601586e+01 3.130460767598409327e-02 9.989959996139470277e-01 -3.205283450519020444e-02 6.887886960826673510e-01 -8.510269116915725185e-01 9.838450536183948256e-03 -5.244937879597068031e-01 2.003084325453462711e+00
-5.302368695336396875e-01 4.645695400620469817e-02 8.459109964419866401e-01 4.121427421854836126e+01 3.472830446001076016e-02 9.988495244967615649e-01 -3.305939648072958592e-02 6.419954069711496514e-01 -8.464741342343008457e-01 1.183134793830890180e-02 -5.312402089029414354e-01 1.554485720729152032e+00
-5.341188947954788047e-01 4.991129244687071004e-02 8.435482328631096482e-01 4.192033528918253893e+01 3.557306408363004879e-02 9.986985935833341266e-01 -3.651410470895140314e-02 6.094277104028005265e-01 -8.442736027319260872e-01 1.047993902698029361e-02 -5.351994011270276852e-01 1.115819427503361050e+00
-5.341778912071087904e-01 5.146830178655421861e-02 8.439834250778374125e-01 4.264747949389317938e+01 3.482628182003109224e-02 9.986375989239244522e-01 -3.885876196969079155e-02 5.705643323112576937e-01 -8.448334312069457619e-01 8.641633312140295509e-03 -5.352427267826725954e-01 6.458130279421046005e-01
-5.302498700820509336e-01 5.229514979042931139e-02 8.462408251892997724e-01 4.339965510782197811e+01 3.742652566187134461e-02 9.985664776114065999e-01 -3.827713697113074853e-02 5.239191262525255688e-01 -8.470298098485059546e-01 1.137099265423695792e-02 -5.314468074385658714e-01 1.824098042362886918e-01
-5.260672143002863566e-01 5.069514519720443035e-02 8.490353626019724320e-01 4.415559223414650347e+01 3.573014713090463812e-02 9.986578977218679709e-01 -3.749283034025157474e-02 4.766217814285882426e-01 -8.497963762524217701e-01 1.061808741983561420e-02 -5.271725639910397332e-01 -2.702250184714144465e-01
-5.184352000737811883e-01 4.915661334291328288e-02 8.538249549699274965e-01 4.493879194360950891e+01 3.346382756934813962e-02 9.987473413408894940e-01 -3.723038963393210388e-02 4.346944899807542728e-01 -8.545855203451978577e-01 9.281983334777870950e-03 -5.194306100285523975e-01 -7.441302278563814987e-01
-5.090574934235981841e-01 4.860975240095780081e-02 8.590838271215063271e-01 4.574268894902104421e+01 3.144192292539326611e-02 9.987875281127632787e-01 -3.787318634376424242e-02 3.895208903273967849e-01 -8.598837924806859156e-01 7.717939538818953046e-03 -5.099686130087147662e-01 -1.203422759958086452e+00
-5.052776921114505715e-01 4.680304435218028691e-02 8.617109423487857578e-01 4.653626966846506008e+01 2.909813487515758995e-02 9.988841126167472551e-01 -3.720931403575638424e-02 3.440059941452618397e-01 -8.624909720484028597e-01 6.271417927472607880e-03 -5.060757121923084023e-01 -1.645654894384409817e+00
-4.987602210690265103e-01 4.467493962898384102e-02 8.651380150077235820e-01 4.737938308450112856e+01 2.508188643100172158e-02 9.989961259757681455e-01 -3.710226118274243673e-02 3.019893721034217493e-01 -8.659275658134991671e-01 3.181182847280072772e-03 -4.993800716147342444e-01 -2.114914766642016275e+00
-4.988811447990470493e-01 4.163143728440370228e-02 8.659013690499354210e-01 4.821864570586730281e+01 2.022318154260237602e-02 9.991327058749744916e-01 -3.641123282254745547e-02 2.548959158895217070e-01 -8.666660706593730668e-01 -6.413667725342004407e-04 -4.992904361789242684e-01 -2.579747301954555372e+00
-4.975517285427262792e-01 3.850341312532354343e-02 8.661859994787902695e-01 4.908826409404327507e+01 1.662830300390336080e-02 9.992537735712282432e-01 -3.485714658576796049e-02 2.034545953194735746e-01 -8.668824744438858865e-01 -2.954393147231015610e-03 -4.978204117467942003e-01 -3.062656108236057495e+00
-4.989752863538160499e-01 3.714505642004184427e-02 8.659234587792776772e-01 4.996460049724382912e+01 1.520175063358139914e-02 9.993023044957498602e-01 -3.411742990182010937e-02 1.590564484214191388e-01 -8.665869833862348548e-01 -3.859357156139451954e-03 -4.991917880775417204e-01 -3.552573911777861415e+00
-4.989744056252965465e-01 3.688992640360343189e-02 8.659403161076517641e-01 5.084180425067951603e+01 1.506824262444155134e-02 9.993116120691967197e-01 -3.391276996452975007e-02 1.087400065348469447e-01 -8.665950656345184910e-01 -3.859679136745199340e-03 -4.991867175904454723e-01 -4.042003009601602415e+00
-4.975764396767432540e-01 3.591411766822851653e-02 8.661262010170078796e-01 5.174619243965817361e+01 1.445802110300747727e-02 9.993464565549026180e-01 -3.311468441888471004e-02 6.115796655983658098e-02 -8.667505127054242475e-01 -3.989317195390896208e-03 -4.977702471905067760e-01 -4.560445661183806898e+00
-4.989387755971403937e-01 3.539604743423727801e-02 8.660623139420751126e-01 5.265648756746499259e+01 1.504491523365524691e-02 9.993686653553403021e-01 -3.219683349065199235e-02 1.329599941458801948e-02 -8.666549782553811809e-01 -3.011576872058539280e-03 -4.991564067202514110e-01 -5.074727945467017776e+00
-4.975023773864601928e-01 3.507080151302166549e-02 8.662956374191885800e-01 5.356403763451383782e+01 1.581118555558701580e-02 9.993831018909316022e-01 -3.134921328111237027e-02 -4.048572311264128643e-02 -8.668607625273891948e-01 -1.916154686448054856e-03 -4.977499140052801252e-01 -5.578836299193404180e+00
-4.975637387997253747e-01 3.384949008319704244e-02 8.663434120059387844e-01 5.449483270986090133e+01 1.352267905050777430e-02 9.994195277156859847e-01 -3.126364251946014278e-02 -8.951215498482895105e-02 -8.668988186955614017e-01 -3.851606904544753376e-03 -4.977325482066558004e-01 -6.096493959848680255e+00
-4.989574462159170332e-01 3.163753744692346381e-02 8.661898100946002765e-01 5.539234197625094680e+01 1.235988770596018436e-02 9.994915007612483748e-01 -2.940103356721596173e-02 -1.384717009067502058e-01 -8.666794816074506747e-01 -3.959533362892159354e-03 -4.990947513856175410e-01 -6.585122483313837982e+00
-4.976048263344910461e-01 3.157464247036260996e-02 8.670223556156271272e-01 5.632162732962748208e+01 1.112564173640885092e-02 9.994874277902594528e-01 -3.002363193813500225e-02 -1.928144575625522217e-01 -8.675258673596292214e-01 -5.283633140194206324e-03 -4.977010674038732652e-01 -7.106954645985385177e+00
-4.962024539550219937e-01 2.998486998469844858e-02 8.681635927501709649e-01 5.723710446150375475e+01 1.025779128434196712e-02 9.995364613687236499e-01 -2.867048730937218209e-02 -2.459271633256672196e-01 -8.686206064631329937e-01 -5.302980760449487775e-03 -4.962800957277580527e-01 -7.623333909024580635e+00
-4.947405435308850907e-01 2.806459871925710142e-02 8.692219694276790420e-01 5.815429717720922298e+01 1.082978976653820209e-02 9.996002166730740823e-01 -2.612273841386138912e-02 -3.018361215308602019e-01 -8.696073857689611275e-01 -3.495241280866216195e-03 -4.948468974826277234e-01 -8.118473344649180135e+00
-4.908761189503254574e-01 2.699069717115111511e-02 8.709187489689503847e-01 5.908214831483088858e+01 1.162731982452815983e-02 9.996340914699135549e-01 -2.443367368310392362e-02 -3.477379777143493889e-01 -8.712592152730563866e-01 -1.852881413955254422e-03 -4.910103617121693298e-01 -8.631904868469044700e+00
-4.870668572132089147e-01 2.627837120455581849e-02 8.728466767705648222e-01 6.001752803082290200e+01 1.117773794846673406e-02 9.996527981820811926e-01 -2.385735240486516057e-02 -3.953379287864861591e-01 -8.731707035181458521e-01 -1.868954770762560908e-03 -4.871915012716067084e-01 -9.139478400231197952e+00
-4.856428221792698507e-01 2.659952561710480362e-02 8.733174550674382974e-01 6.091378401729079428e+01 1.215661547534273822e-02 9.996455919613331798e-01 -2.367227528236055117e-02 -4.433679019367876561e-01 -8.736377981340784915e-01 -8.887009633063144625e-04 -4.857940371770828603e-01 -9.647000015241781412e+00
-4.856594823051448850e-01 2.658055709753830501e-02 8.740659242616952707e-01 6.183180333939995421e+01 1.163900284410734377e-02 9.996455687603936768e-01 -2.393849102926088462e-02 -4.902762839894052038e-01 -8.743926492254093796e-01 -1.450238132583021346e-03 -4.857967849644649894e-01 -1.013454691346224656e+01
-4.856995870004557347e-01 2.809391522231529520e-02 8.735908625543942208e-01 6.272032705036592404e+01 1.129789246535987599e-02 9.996015231471625517e-01 -2.586154280171731185e-02 -5.384248427759293909e-01 -8.739695830302695034e-01 -2.703135512920791517e-03 -4.858233204812709705e-01 -1.061219553798338744e+01
-4.872083479481827406e-01 2.949487658289561692e-02 8.722700703719907800e-01 6.362260685268350358e+01 9.109214634225539300e-03 9.995461748338945185e-01 -2.870916391431984488e-02 -5.918125137670094960e-01 -8.727212858705957199e-01 -6.054191150211926664e-03 -4.872556857247468121e-01 -1.112086569280090487e+01
-4.910705953269366986e-01 2.982700677309552822e-02 8.703463007480676250e-01 6.451468826749018604e+01 8.054269831631240620e-03 9.995263937295043588e-01 -2.969586320958940082e-02 -6.449165259195170918e-01 -8.708198312448870437e-01 -7.579411017964081919e-03 -4.910782430322368497e-01 -1.162106223579306885e+01
-4.976800281822216232e-01 2.943562357632512061e-02 8.667986363762498758e-01 6.540926443097957588e+01 7.976222161814953623e-03 9.995369256730536334e-01 -2.937234668046836972e-02 -6.898272904515783122e-01 -8.672616051304651297e-01 -7.696697276896802969e-03 -4.976843935426202847e-01 -1.211603968662717179e+01
-5.027225635188975472e-01 2.560812052613218107e-02 8.642770964479884466e-01 6.629619536115318112e+01 1.056182785732417452e-02 9.996685366147615159e-01 -2.348567713860045397e-02 -7.454390659623494342e-01 -8.645919995405979552e-01 -2.667301601137555926e-03 -5.028264481401146790e-01 -1.263710676014570033e+01
-5.094227974112491841e-01 2.441168846410277093e-02 8.602620721670677373e-01 6.716232028347860705e+01 7.870830249325642264e-03 9.996880666974672369e-01 -2.371054872930290769e-02 -7.944853575790493672e-01 -8.605724440152627830e-01 -5.289935923825511699e-03 -5.094561171599057969e-01 -1.312966607579651246e+01
-5.132424267702132559e-01 2.570039731318380163e-02 8.580345832202066481e-01 6.803357691887221392e+01 8.948507128840953173e-03 9.996575372276247373e-01 -2.459376226871003504e-02 -8.384389683897777168e-01 -8.583728417584544079e-01 -4.940297010906841146e-03 -5.132965668325334407e-01 -1.363398176610279755e+01
-5.174947708597557039e-01 2.883275254171065172e-02 8.550209507897381656e-01 6.890032787326057928e+01 9.556807825944146906e-03 9.995643105676181861e-01 -2.793297049456627476e-02 -8.828840328995323228e-01 -8.554539686141700017e-01 -6.280056089881884927e-03 -5.175446745574109331e-01 -1.414722727426609694e+01
-5.228143817740749100e-01 2.823173941996132141e-02 8.521521086770175168e-01 6.975602860247263948e+01 7.294394939224270458e-03 9.995630977604016421e-01 -2.865471178905089344e-02 -9.323412327721763981e-01 -8.525885840998244092e-01 -8.741812192065758977e-03 -5.227918735638414915e-01 -1.464446739811279663e+01
-5.266851602483936245e-01 2.855435519706643610e-02 8.494582382663892206e-01 7.061545598902797849e+01 6.884509734260953716e-03 9.995462827024290675e-01 -2.931554618660674877e-02 -9.818491610147704884e-01 -8.499101366223411613e-01 -9.606099956297988601e-03 -5.266427510627390562e-01 -1.517102657854277936e+01
-5.280924429892258631e-01 2.857199983778854410e-02 8.483421431319059236e-01 7.145555313280728171e+01 6.839036446631252542e-03 9.995441843651581282e-01 -2.940104911219276057e-02 -1.036711174042220795e+00 -8.487958217284975460e-01 -9.736448440934472939e-03 -5.280469476366133064e-01 -1.568239041863755823e+01
-5.317371173944210883e-01 2.091178705381656344e-02 8.468662938202291546e-01 7.229307195792235063e+01 7.695863969170535328e-03 9.997732561744767654e-01 -1.985516982127222621e-02 -1.082621321301907580e+00 -8.470896763235491456e-01 -4.038908192753198727e-03 -5.317775247167926267e-01 -1.620688495453379474e+01
-5.330166700161396154e-01 1.117635175444106968e-02 8.456103804835088944e-01 7.312312310139398619e+01 7.781839187613518068e-03 9.999352035375518311e-01 -8.309086033252930173e-03 -1.124330190140729213e+00 -8.456486498702640020e-01 2.142045893687362802e-03 -5.330689603860361281e-01 -1.674040933480226556e+01
-5.358086257374621297e-01 8.493997446352964664e-03 8.443907115175061096e-01 7.395559289528991087e+01 7.766459227312405740e-03 9.999566839429775422e-01 -5.129392991722972819e-03 -1.157835003000112994e+00 -8.443976940261523900e-01 3.811772031238057877e-03 -5.358515518006384815e-01 -1.726174904583430703e+01
-5.358443424622901796e-01 1.419257026212048661e-02 8.435534585042304689e-01 7.477947833420444113e+01 8.070923607593882138e-03 9.998990676890044949e-01 -1.169192864287052318e-02 -1.186842546327528058e+00 -8.436343171130492591e-01 5.376852437532171408e-04 -5.359047866433404028e-01 -1.778092237612551330e+01
-5.358875430015499486e-01 1.902034731467146592e-02 8.433442244231080798e-01 7.558686224780750251e+01 8.694206842182005887e-03 9.998173817586932799e-01 -1.701276112555570597e-02 -1.221039721716127069e+00 -8.435140393334917830e-01 -1.801151791095127307e-03 -5.359550186201194055e-01 -1.829997433453622691e+01
-5.382245777260925568e-01 2.425595693753678991e-02 8.425216558907645537e-01 7.640237126866929884e+01 1.483381867230348580e-02 9.997035473697520880e-01 -1.930224604189026416e-02 -1.254467853907571984e+00 -8.427403358490146434e-01 2.099993902886514337e-03 -5.384247513514233141e-01 -1.882607373167052600e+01
-5.381444579544185647e-01 2.456106712041873641e-02 8.429917903140243807e-01 7.722169254372870739e+01 1.775161997780963508e-02 9.996838844608431085e-01 -1.780725818280587749e-02 -1.295992332578981721e+00 -8.431625132794914323e-01 5.385636559758144419e-03 -5.384105235942845402e-01 -1.936341122441251628e+01
-5.356687988619674989e-01 2.223987429018592366e-02 8.435437506075954550e-01 7.804095906372050706e+01 1.792572091805131815e-02 9.997273201971740297e-01 -1.496278275636641654e-02 -1.336799570526135295e+00 -8.436466399888510326e-01 7.105593991272556552e-03 -5.359213381458144410e-01 -1.988611896735530138e+01
-5.356874064742387365e-01 1.521690183800752418e-02 8.442848261411756150e-01 7.886202734776573209e+01 1.514853356695555937e-02 9.998498708000619350e-01 -8.415238684716760953e-03 -1.368019077402665040e+00 -8.442862975369888057e-01 8.283067721938961597e-03 -5.358374669007439639e-01 -2.038361098301145091e+01
-5.357080799456277465e-01 1.019505695511755371e-02 8.442702220812218217e-01 7.968203474693213195e+01 1.342780598242825953e-02 9.999035461906297106e-01 -3.555881268086874634e-03 -1.388497477083181275e+00 -8.442249313255865140e-01 9.433571646254440557e-03 -5.357934000142281494e-01 -2.091009681472748838e+01
-5.358626605934584397e-01 3.830147892029670941e-03 8.444973516875835529e-01 8.049592224315706801e+01 4.148971066235174025e-03 9.999896304411318715e-01 -1.897529244429337460e-03 -1.415551534925182153e+00 -8.444959222345180816e-01 2.491884039381005601e-03 -5.358730807638111271e-01 -2.139527299031614760e+01
-5.331910937483834712e-01 -1.931453370275826786e-03 8.465473537450056707e-01 8.132266919981455544e+01 -3.735608397962077859e-03 9.999930109126171640e-01 -6.165534739336544915e-05 -1.431943544805145185e+00 -8.465413572159731226e-01 -3.196845360779854150e-03 -5.331947561191592300e-01 -2.189168256660690659e+01
-5.292713858694202411e-01 -5.512884549305960540e-04 8.477796498230407707e-01 8.213586963718884704e+01 9.777209396976549319e-05 9.999997341263504591e-01 7.026638079783478199e-04 -1.453543573826156177e+00 -8.477798813580477155e-01 4.614107361098716679e-04 -5.292713747042264716e-01 -2.240389014114648703e+01
-5.292033024290604404e-01 1.765604403864830512e-03 8.486766843075814748e-01 8.294858848959235331e+01 4.115265083035869742e-03 9.999913731110120496e-01 4.895832120237041812e-04 -1.478502088513447221e+00 -8.486685555096626921e-01 3.755197246757283926e-03 -5.292060465845089823e-01 -2.290119607204282914e+01
-5.211280264878954682e-01 5.642782603511497554e-03 8.528704188493111404e-01 8.376668742194195261e+01 5.986848540350669934e-03 9.999777112870309459e-01 -2.962484825269091817e-03 -1.494752358844671170e+00 -8.528681696775132215e-01 3.558299370691680921e-03 -5.211502071265584624e-01 -2.340653225974784135e+01
-5.144183113871224622e-01 7.074904929908641324e-03 8.573845217069375746e-01 8.457641608336692229e+01 1.007500994023887916e-02 9.999468207221465788e-01 -2.207440741191660748e-03 -1.520000551161039937e+00 -8.573545979043278864e-01 7.506620166641038948e-03 -5.144623920483422097e-01 -2.389623597365850216e+01
-5.062866957713808569e-01 9.469434650883993068e-03 8.620140031907957967e-01 8.538779905570116568e+01 1.682724014118878314e-02 9.998578311369520355e-01 -1.095521956844800783e-03 -1.547794500692079467e+00 -8.619019077636468351e-01 1.395092125935306487e-02 -5.063741534586803095e-01 -2.437028858094869221e+01
-4.972639269494892877e-01 8.545650285861889836e-03 8.676915146586844374e-01 8.621020217892144899e+01 1.545152592701686672e-02 9.998800806911217753e-01 -9.946035182807982065e-04 -1.569597884339260840e+00 -8.675960824981556740e-01 1.291172319121855830e-02 -4.973364637143954381e-01 -2.484097705456595406e+01
-4.854979213458375797e-01 5.808102015617442986e-03 8.735960870798091804e-01 8.703938849710209524e+01 1.218855100698439109e-02 9.999256145045988253e-01 1.318531786667328023e-04 -1.584269267667509196e+00 -8.735304268190129395e-01 1.071552843468662891e-02 -4.855327322784817046e-01 -2.527561393347801655e+01
-4.737281134992651355e-01 1.809490919633077125e-03 8.807685118886560138e-01 8.788060883085334751e+01 1.223564219218221949e-02 9.999148783710142263e-01 4.525847909754712912e-03 -1.603917256534396873e+00 -8.806854368506860098e-01 1.291836745758984627e-02 -4.737100011464683846e-01 -2.572813408525670553e+01
-4.633671438019613675e-01 7.371681713773647329e-04 8.865013330102164968e-01 8.872204513415391602e+01 1.201328692078208575e-02 9.999129308542821226e-01 5.447271435214376747e-03 -1.619863492302867636e+00 -8.864202002461634144e-01 1.316886065440888397e-02 -4.633357264558546906e-01 -2.615987926004046216e+01
-4.530105806391986345e-01 7.226572813629312479e-04 8.918265868983457079e-01 8.956149161398191438e+01 1.312034433946012574e-02 9.998967202156722189e-01 5.853558778733325245e-03 -1.628291865557030205e+00 -8.917303690900080237e-01 1.434993788051924790e-02 -4.529733294892695494e-01 -2.656941663932999020e+01
-4.388993716770952513e-01 7.746737543730872460e-04 8.981633276992958548e-01 9.041219604595427484e+01 1.632420783895428135e-02 9.998413115674876783e-01 7.118386442871561456e-03 -1.650230466169004151e+00 -8.980152744696229261e-01 1.779222584906632945e-02 -4.388423317074853780e-01 -2.698956645773915142e+01
