1.0 0.0 0.0 0.0 0.0 1.0 0.0 0.0 0.0 0.0 1.0 0.0
0.99985766 -0.016853482 0.0006454858 0.21691895 0.01685359 0.99985784 -0.00016411504 -0.04284668 -0.0006426276 0.000174977 0.99999976 -0.016845703
0.9992859 0.037783787 0.0009900036 0.2767334 -0.0377876 0.99927753 0.0041667335 -0.023803711 -0.0008319015 -0.0042011607 0.9999908 0.0029296875
0.99794334 0.0640511 0.0027007007 0.4300537 -0.06406709 0.99792594 0.006321621 -0.040039062 -0.0022902319 -0.006481628 0.9999764 -0.0052490234
0.9952888 0.09681456 0.004992251 0.6016846 -0.096842065 0.99528295 0.0055937157 -0.08886719 -0.004426933 -0.006051037 0.99997187 0.0030517578
0.990893 0.13447922 0.0074044177 0.80944824 -0.13450007 0.99091494 0.0023912212 -0.14074707 -0.007015637 -0.0033651642 0.9999697 -0.008300781
0.9845376 0.17494582 0.008326467 0.9830322 -0.17495237 0.98457164 5.877111e-05 -0.20043945 -0.008187718 -0.0015148665 0.9999653 -0.006958008
0.9759893 0.21764606 0.009500483 1.2154541 -0.21765289 0.976034 -0.00032080192 -0.26733398 -0.009342534 -0.0017545712 0.9999548 -0.013793945
0.9640275 0.26553276 0.012448943 1.4257812 -0.26555577 0.96410155 0.00020251458 -0.35229492 -0.011948361 -0.0035008877 0.9999225 -0.015258789
0.94964117 0.3127232 0.019083187 1.6781006 -0.31272015 0.9498285 -0.0032208592 -0.46936035 -0.019132901 -0.0029104042 0.99981266 -0.026611328
0.9325518 0.36026627 0.024674132 1.8997803 -0.36007136 0.9328751 -0.012088224 -0.5942383 -0.027371123 0.0023902413 0.99962246 -0.013427734
0.911641 0.41002056 0.028596899 2.1259766 -0.40965006 0.91207707 -0.018061638 -0.73498535 -0.033488207 0.0047516143 0.9994278 -0.012573242
0.8862997 0.46198097 0.031381257 2.378296 -0.46156293 0.8868493 -0.019897874 -0.90063477 -0.03702657 0.003150585 0.9993095 -0.01953125
0.85788035 0.51273996 0.03458914 2.6101074 -0.5122744 0.8585767 -0.021870056 -1.0683594 -0.04090878 0.0010452364 0.9991624 -0.040283203
0.8258536 0.5626854 0.03733304 2.8414307 -0.56205183 0.8266965 -0.026709784 -1.2850342 -0.045892857 0.001073028 0.99894553 -0.04345703
0.78999794 0.6119252 0.03805697 3.072998 -0.61101043 0.79090744 -0.033610977 -1.5024414 -0.05066462 0.0032973085 0.9987101 -0.05114746
0.7518985 0.6582069 0.038244423 3.300537 -0.6571502 0.7528647 -0.037397884 -1.7454834 -0.053407934 0.002986705 0.9985682 -0.064697266
0.7125658 0.70063007 0.03638832 3.520752 -0.6994272 0.71348333 -0.041229345 -2.0310059 -0.054848216 0.003928745 0.99848706 -0.08068848
0.67051953 0.74102414 0.036117725 3.7480469 -0.73977596 0.67148733 -0.043041326 -2.3215332 -0.056155037 0.0021511447 0.9984206 -0.09411621
0.6284654 0.7768991 0.038289763 3.951538 -0.7756685 0.62962705 -0.0437673 -2.6530762 -0.058108546 -0.0021944828 0.99830776 -0.125
0.58595526 0.8093356 0.039551836 4.1973877 -0.8081341 0.58725935 -0.04448148 -2.984497 -0.05922541 -0.005904453 0.9982268 -0.1472168
0.54604673 0.836735 0.040653117 4.4124756 -0.83551174 0.5474869 -0.046086006 -3.3565674 -0.060815513 -0.008796604 0.99811035 -0.1685791
0.5062935 0.8612614 0.040556844 4.6330566 -0.85990846 0.5078181 -0.049273595 -3.7596436 -0.063039154 -0.009934088 0.9979616 -0.18859863
0.4679479 0.8826082 0.041812085 4.8566895 -0.881355 0.46960503 -0.049027003 -4.1848145 -0.06292758 -0.013903761 0.99792236 -0.22094727
0.43378943 0.9002158 0.040303383 5.0563965 -0.89907634 0.43538326 -0.04786089 -4.647583 -0.06061298 -0.015471488 0.99804074 -0.25170898
0.3995095 0.9160701 0.036563016 5.244751 -0.9149677 0.40091455 -0.047235567 -5.142578 -0.057920657 -0.014587786 0.99821424 -0.27941895
0.37079507 0.92824864 0.03226896 5.437134 -0.9272093 0.3719719 -0.04578517 -5.6533203 -0.054491147 -0.012946063 0.9984299 -0.30810547
0.34521773 0.93799627 0.0294566 5.6275635 -0.9370248 0.3462551 -0.04442347 -6.2006836 -0.051855847 -0.012266446 0.99857885 -0.34143066
0.3247816 0.945346 0.027026437 5.820801 -0.9443909 0.32570973 -0.04393533 -6.7834473 -0.05035507 -0.0112616625 0.9986684 -0.37512207
0.30958 0.95053947 0.025143191 6.012085 -0.9495301 0.3104391 -0.044919502 -7.37146 -0.05050098 -0.009961912 0.9986746 -0.40893555
0.29764277 0.95432764 0.02433429 6.2043457 -0.9532552 0.29848674 -0.046202026 -7.991333 -0.051359322 -0.009453897 0.9986355 -0.43469238
0.28665406 0.9577817 0.02586808 6.401367 -0.9566118 0.28761485 -0.048533823 -8.640137 -0.05393487 -0.010833736 0.99848616 -0.46813965
0.27618778 0.9608628 0.026813513 6.602783 -0.9596561 0.27722573 -0.049605515 -9.316895 -0.055100102 -0.01203651 0.99840844 -0.5076904
0.26443478 0.9639536 0.028346978 6.8067627 -0.96272016 0.26558644 -0.050697718 -10.008301 -0.056397263 -0.0138675915 0.9983126 -0.5455322
0.25610074 0.966324 0.0297189 6.994629 -0.9649261 0.2573923 -0.054021537 -10.727661 -0.059851088 -0.0148463175 0.998097 -0.5822754
0.24488069 0.96920127 0.029594868 7.192627 -0.96771234 0.24620722 -0.05575168 -11.475952 -0.061312705 -0.014987701 0.9980059 -0.62475586
0.23296957 0.97199625 0.029029222 7.3760986 -0.9704457 0.23429543 -0.056873206 -12.237671 -0.062094588 -0.0149058085 0.99796003 -0.6639404
0.22323796 0.97422135 0.030571911 7.5584717 -0.97251743 0.22472577 -0.059878547 -13.01062 -0.06521305 -0.016356247 0.9977379 -0.70666504
0.21226943 0.9767002 0.03289523 7.734009 -0.97486067 0.21398398 -0.06277251 -13.802734 -0.068353795 -0.018745726 0.9974853 -0.75598145
0.19932449 0.9792445 0.034162596 7.901245 -0.977177 0.20122832 -0.06669401 -14.608398 -0.072209306 -0.020064993 0.9971896 -0.8029785
0.18574518 0.9818812 0.03494886 8.052246 -0.97961557 0.18780531 -0.06997497 -15.408813 -0.07528367 -0.021215115 0.9969379 -0.8510742
0.1722594 0.9844662 0.03447499 8.204468 -0.9821988 0.17432307 -0.070245296 -16.219727 -0.07514759 -0.021764757 0.996934 -0.8972168
0.15680887 0.98695403 0.03478608 8.340698 -0.9847633 0.15891778 -0.069753826 -17.034912 -0.07437154 -0.023294982 0.99695903 -0.9506836
0.14067848 0.9894216 0.03474237 8.464966 -0.9873429 0.14279489 -0.06868381 -17.858643 -0.072909154 -0.024643585 0.99703354 -0.9959717
0.119273506 0.99217165 0.03578153 8.575562 -0.9902521 0.12147618 -0.0674777 -18.687378 -0.071320735 -0.027391845 0.9970783 -1.0445557
0.09689151 0.9945697 0.038589608 8.652588 -0.99282 0.099319875 -0.067001306 -19.52246 -0.07047857 -0.03180588 0.99700695 -1.0947266
0.06652015 0.9969915 0.040491078 8.721558 -0.9954054 0.06912392 -0.06668542 -20.365479 -0.06927375 -0.035887785 0.99695116 -1.142456
0.030537598 0.99866915 0.041477952 8.7561035 -0.99722236 0.033258855 -0.06660159 -21.222412 -0.06788336 -0.03931429 0.9969181 -1.1922607
-0.0018972205 0.9991916 0.040166575 8.755127 -0.99782765 0.0007542405 -0.065881684 -22.067505 -0.065853536 -0.04021322 0.99701834 -1.2375488
-0.03741955 0.99849504 0.039860137 8.725952 -0.99724346 -0.034759644 -0.06541237 -22.934204 -0.06391824 -0.04223126 0.99706036 -1.2786865
-0.06869997 0.9967837 0.040431805 8.670776 -0.99574095 -0.066039786 -0.06380161 -23.787964 -0.06092682 -0.04465173 0.99714285 -1.3121338
-0.10101881 0.9940513 0.041732997 8.591309 -0.99331915 -0.09838224 -0.061010197 -24.644531 -0.056536723 -0.047629733 0.99726355 -1.359375
-0.13325143 0.99030405 0.03789095 8.476929 -0.98972565 -0.13101827 -0.056313045 -25.51062 -0.050800204 -0.045026775 0.99769306 -1.3925781
-0.16583121 0.9855794 0.032029767 8.321289 -0.9850721 -0.16408814 -0.05099222 -26.357178 -0.045003146 -0.040026397 0.9981846 -1.4229736
-0.19668336 0.98022443 0.026036985 8.158203 -0.97978604 -0.19539547 -0.04518973 -27.204956 -0.03920486 -0.034382917 0.9986396 -1.4476318
-0.22490403 0.97410715 0.019932644 7.9543457 -0.97369766 -0.22398926 -0.040077217 -28.041138 -0.034563493 -0.028425211 0.9989979 -1.4654541
-0.2525321 0.96747357 0.012151576 7.7318115 -0.96707183 -0.25199297 -0.03458506 -28.872192 -0.030411271 -0.020491999 0.99932766 -1.4802246
-0.27978286 0.9598851 0.008180512 7.487549 -0.95969415 -0.2795221 -0.02406618 -29.703857 -0.020814482 -0.014589684 0.9996769 -1.4881592
-0.30148324 0.9534501 0.007970305 7.2265625 -0.9534578 -0.30140316 -0.009866424 -30.510742 -0.0070047453 -0.010571012 0.99991965 -1.4887695
-0.32687125 0.94496334 0.012266243 6.9575195 -0.9449757 -0.32697535 0.007686522 -31.30188 0.011278816 -0.0090809595 0.99989516 -1.4820557
-0.3534994 0.9353161 0.018840991 6.6676025 -0.9350946 -0.3538692 0.02251615 -32.094482 0.027715392 -0.009647008 0.9995691 -1.4710693
-0.37616432 0.92627525 0.020359678 6.3536377 -0.9257138 -0.3766595 0.03289787 -32.884277 0.038151823 -0.0064842366 0.9992513 -1.4416504
-0.40060493 0.91575855 0.01876736 6.0181885 -0.9150072 -0.40103734 0.03715505 -33.66797 0.041556887 -0.002265349 0.9991331 -1.3983154
-0.42275867 0.9061916 0.017372401 5.661255 -0.9054531 -0.42311612 0.03657397 -34.44104 0.040509038 -0.00028116495 0.9991797 -1.3553467
-0.44292653 0.8962722 0.011919979 5.2923584 -0.89569837 -0.44307175 0.032273643 -35.20166 0.03419612 0.0036238637 0.9994082 -1.3125
-0.46227717 0.88688767 0.0039349105 4.897949 -0.8864185 -0.46216944 0.030778356 -35.95227 0.029110946 0.010723463 0.99951875 -1.2711182
-0.47410798 0.88068235 0.0004696399 4.48999 -0.8802343 -0.4738836 0.031644322 -36.69214 0.028088603 0.01459186 0.9994991 -1.2261963
-0.48459104 0.8745868 -0.00010467321 4.079712 -0.8740574 -0.4842933 0.034848 -37.4187 0.030425118 0.016982704 0.99939257 -1.1875
-0.49647704 0.8683314 -0.00050921366 3.6849365 -0.86774164 -0.49611828 0.037143677 -38.119995 0.03200447 0.018875781 0.9993098 -1.1446533
-0.5029911 0.8638752 0.0068644974 3.2792969 -0.86316013 -0.5028721 0.037438106 -38.832886 0.035803992 0.01291867 0.9992752 -1.1120605
-0.5161818 0.856121 0.008404649 2.8695068 -0.8554606 -0.5161309 0.035397403 -39.53076 0.034648255 0.011099018 0.99933773 -1.0766602
-0.5242839 0.85118455 0.006970035 2.4362793 -0.8504877 -0.52415746 0.036966678 -40.229248 0.035137217 0.013465246 0.99929196 -1.0391846
-0.5310363 0.84667015 0.004988665 1.9887695 -0.8459093 -0.5307921 0.039645124 -40.93274 0.036229856 0.016864209 0.9992009 -0.9954834
-0.53496385 0.8444642 0.0063532493 1.550415 -0.8435522 -0.53470874 0.04305149 -41.638794 0.0397297 0.017686723 0.9990529 -0.96691895
-0.5349798 0.84500426 0.008198561 1.0794678 -0.84399617 -0.5347744 0.04460805 -42.365112 0.042069174 0.016932154 0.9989712 -0.9316406
-0.5312056 0.8472398 0.0054637305 0.6135254 -0.84624296 -0.5308742 0.045486383 -43.115967 0.041449346 0.019550987 0.9989496 -0.8878174
-0.5269318 0.84998924 0.0062087164 0.15844727 -0.84904134 -0.5266652 0.043936282 -43.870605 0.04061222 0.017871326 0.99901515 -0.8433838
-0.5191833 0.8547529 0.0075307167 -0.3190918 -0.8538383 -0.51900303 0.04248738 -44.651733 0.04025729 0.015635537 0.99906784 -0.8045654
-0.50970733 0.8600255 0.009075088 -0.7825928 -0.8591053 -0.5096053 0.042047173 -45.45337 0.040792778 0.013653606 0.99907404 -0.7630615
-0.5058096 0.86260575 0.010514436 -1.2271729 -0.8617386 -0.50579226 0.040284812 -46.245728 0.04007869 0.011324173 0.9991326 -0.7208252
-0.49909496 0.8659913 0.013585277 -1.699707 -0.8651784 -0.4992257 0.038225356 -47.08728 0.039893676 0.0073380694 0.9991765 -0.6824951
-0.49898517 0.86666715 0.017407905 -2.1655273 -0.86595625 -0.4992829 0.035178374 -47.926025 0.03918751 0.0024745772 0.9992292 -0.638916
-0.4975105 0.8668415 0.019707821 -2.6500244 -0.8662488 -0.4978993 0.032058176 -48.795288 0.037615567 -0.0011085286 0.9992914 -0.5908203
-0.49888083 0.86652935 0.020616973 -3.140747 -0.86598927 -0.49930027 0.030684805 -49.671265 0.036884464 -0.0025434215 0.99931633 -0.5500488
-0.4988771 0.86653656 0.020616915 -3.6314697 -0.86600614 -0.49929625 0.030429736 -50.547974 0.03667945 -0.0026766518 0.99932384 -0.50354004
-0.4974651 0.86668706 0.02073703 -4.1517334 -0.86619186 -0.49788556 0.029465957 -51.451782 0.035869785 -0.003275341 0.9993504 -0.45959473
-0.49886355 0.8666032 0.01976683 -4.666992 -0.866124 -0.49924833 0.02893805 -52.361572 0.03496275 -0.0026973868 0.99938536 -0.41540527
-0.49746975 0.8668229 0.018663598 -5.1729736 -0.86635244 -0.49781555 0.028627677 -53.268555 0.034105748 -0.0019195743 0.9994161 -0.36535645
-0.49744046 0.8668304 0.020596948 -5.6918945 -0.8664076 -0.4978486 0.027402645 -54.198853 0.034015525 -0.0042085787 0.9994123 -0.32043457
-0.49881414 0.8666026 0.020708304 -6.1813965 -0.86625344 -0.49921495 0.025177874 -55.09607 0.03216131 -0.0053781345 0.9994684 -0.27490234
-0.49740788 0.86743027 0.02202985 -6.704956 -0.86709136 -0.49785197 0.025129026 -56.024536 0.032765746 -0.0066078855 0.9994414 -0.22485352
-0.49599573 0.86851925 0.022046179 -7.2231445 -0.8682319 -0.49642983 0.023557637 -56.93921 0.03139293 -0.0074693114 0.9994795 -0.17529297
-0.49459097 0.8695244 0.020234218 -7.720215 -0.869282 -0.4949571 0.021658745 -57.855713 0.028829016 -0.0068878713 0.99956083 -0.122680664
-0.49077627 0.87119484 0.018578757 -8.23645 -0.8709718 -0.49109066 0.020629602 -58.78247 0.027103268 -0.0060672425 0.99961454 -0.080322266
-0.48696125 0.8731034 0.018584268 -8.746704 -0.8728994 -0.48727226 0.019960323 -59.716675 0.026485965 -0.006497567 0.99962795 -0.036743164
-0.48557138 0.8735848 0.017599402 -9.2561035 -0.8733665 -0.4858588 0.020297721 -60.612183 0.026289884 -0.0055100173 0.9996389 0.007446289
-0.48556876 0.8743317 0.018166918 -9.744995 -0.8741172 -0.48587114 0.020282505 -61.52942 0.026549084 -0.006033061 0.9996292 0.050048828
-0.4855746 0.8738963 0.019418912 -10.223877 -0.87364787 -0.48592073 0.021790544 -62.41748 0.028475093 -0.0063748728 0.99957395 0.09350586
-0.4869666 0.87260664 0.022770952 -10.733154 -0.8723412 -0.4874231 0.02316536 -63.31958 0.03133792 -0.008572027 0.99947184 0.14196777
-0.4907727 0.8706859 0.024305912 -11.233276 -0.8704236 -0.49127927 0.023451421 -64.21179 0.032362673 -0.009647216 0.9994295 0.1907959
-0.49737993 0.86712605 0.024436705 -11.727417 -0.8668764 -0.49788448 0.022983555 -65.107056 0.03211046 -0.0097548785 0.9994369 0.23181152
-0.5025928 0.8645139 0.019413652 -12.248413 -0.8643325 -0.5029166 0.01910699 -65.99463 0.02628354 -0.0071832417 0.9996289 0.28564453
-0.5092038 0.8604555 0.022044443 -12.739868 -0.8603277 -0.509585 0.017825987 -66.861694 0.026578644 -0.009902245 0.99959797 0.33081055
-0.51304054 0.85826564 0.021704225 -13.244263 -0.8580993 -0.5134235 0.019070245 -67.73303 0.027506502 -0.008842611 0.9995826 0.37072754
-0.5172579 0.85533977 0.023053017 -13.757324 -0.85509264 -0.5177058 0.022147022 -68.599976 0.030897886 -0.008255094 0.9994886 0.4104004
-0.5224843 0.85243964 0.025524247 -14.253906 -0.85223407 -0.52300197 0.021480387 -69.45618 0.031672332 -0.010542693 0.9994431 0.45593262
-0.5263251 0.8497515 0.026392302 -14.7803955 -0.8495438 -0.5268718 0.021752985 -70.31592 0.032378875 -0.01096738 0.9994153 0.501709
-0.52772784 0.8486358 0.026522782 -15.29248 -0.8484284 -0.52827877 0.021751853 -71.15588 0.032482356 -0.01101709 0.9994114 0.5531006
-0.53155756 0.84698135 0.020823821 -15.817383 -0.84692544 -0.5318682 0.014061289 -71.9939 0.022976186 -0.010163033 0.9996844 0.59887695
-0.5329643 0.84559095 0.014623563 -16.352173 -0.8456397 -0.5330699 0.004317511 -72.82446 0.0114504285 -0.010058177 0.9998838 0.64123535
-0.5357783 0.8443533 0.012957215 -16.874023 -0.844412 -0.53584 0.0016076835 -73.65686 0.008298874 -0.010082272 0.99991477 0.67248535
-0.53576756 0.84356546 0.016235203 -17.394287 -0.84359074 -0.535924 0.007294919 -74.47986 0.014868347 -0.009784757 0.9998415 0.6960449
-0.5357679 0.8434303 0.018581465 -17.914429 -0.8433931 -0.53601116 0.0121172415 -75.286255 0.020191565 -0.009170237 0.9997539 0.7253418
-0.53824776 0.84272784 0.014699606 -18.441284 -0.842555 -0.53843975 0.017335925 -76.10095 0.022514611 -0.0030487264 0.99974173 0.7548828
-0.5382646 0.8431955 0.011418177 -18.980103 -0.84301096 -0.53838557 0.017650524 -76.91943 0.021021308 -0.00013060588 0.99977905 0.79382324
-0.5358052 0.84369475 0.009682215 -19.505005 -0.8435549 -0.5358927 0.015355641 -77.73804 0.01815703 6.51218e-05 0.99983513 0.83239746
-0.5357717 0.84432584 0.008497316 -20.003906 -0.8442889 -0.53583235 0.008338915 -78.558716 0.011598792 -0.0027048881 0.9999291 0.86242676
-0.5357668 0.8442626 0.007337254 -20.53186 -0.8442678 -0.5357987 0.003318752 -79.378296 0.006736574 -0.0044166264 0.9999676 0.88134766
-0.5358123 0.8444175 0.01426943 -21.017822 -0.8445229 -0.53582734 -0.0030580848 -80.191895 0.0050597317 -0.013694574 0.99989355 0.9055176
-0.5331093 0.84636617 0.019945823 -21.516113 -0.84659517 -0.533046 -0.008794269 -81.01758 0.003174968 -0.021566253 0.9997625 0.9190674
-0.5292147 0.8476591 0.016275229 -22.03125 -0.8478121 -0.5291686 -0.0073684156 -81.82947 0.0023827474 -0.017708631 0.99984026 0.93774414
-0.52916926 0.84860027 0.012992876 -22.530151 -0.8486958 -0.52915156 -0.005039598 -82.64099 0.002595834 -0.013697341 0.99990284 0.9593506
-0.52109003 0.85281056 0.013178429 -23.03955 -0.85289156 -0.52112305 -0.001070746 -83.45654 0.005965243 -0.011794487 0.99991256 0.9711914
-0.51443297 0.8573554 0.009225894 -23.533081 -0.8573897 -0.51445824 0.00045160507 -84.263916 0.0051382007 -0.0076804264 0.9999573 0.9934082
-0.5063941 0.8619986 0.0027705487 -24.011597 -0.86199397 -0.50640076 0.002953259 -85.072876 0.003949034 -0.0008905565 0.99999183 1.0181885
-0.4973507 0.86767566 0.0037953022 -24.486572 -0.8676759 -0.49736008 0.0021370286 -85.8927 0.0037413307 -0.0022302936 0.99999046 1.036499
-0.48554054 0.87357146 0.005957697 -24.926392 -0.87358826 -0.48554656 -0.0004714562 -86.71936 0.0024849132 -0.005434754 0.99998206 1.0477295
-0.47376114 0.88074476 0.0037287017 -25.3844 -0.8807503 -0.47374576 -0.0043246346 -87.55774 -0.0020432211 -0.005331114 0.99998367 1.0650635
-0.4633949 0.88648033 0.0034551886 -25.821045 -0.8864818 -0.46337506 -0.0052758516 -88.39661 -0.0030784425 -0.005505463 0.99998003 1.0773926
-0.45304325 0.89180744 0.002249741 -26.235596 -0.8918031 -0.45302796 -0.0051702904 -89.23352 -0.0035927366 -0.0043487316 0.999984 1.0819092
-0.43894342 0.8981412 -0.0012333062 -26.66211 -0.8981283 -0.43894386 -0.0049572033 -90.08142 -0.0049943347 -0.0010697212 0.9999869 1.1002197
-0.4262773 0.90446395 0.0007243771 -27.062622 -0.90446424 -0.42627725 -0.0002227202 -90.93262 0.00010752957 -0.00075058825 0.99999964 1.1038818
-0.41604042 0.909093 0.0021421977 -27.443115 -0.909043 -0.41604054 0.009757521 -91.772095 0.009761372 0.0021145844 0.99995005 1.1191406
-0.40207422 0.915757 0.0049559064 -27.815796 -0.915676 -0.40210462 0.012189795 -92.61719 0.013153596 0.00036009806 0.9999134 1.1400146
-0.39323533 0.91974795 0.004544371 -28.168213 -0.9196929 -0.39326155 0.010069801 -93.47363 0.011046455 -0.00022449307 0.9999389 1.1539307
-0.37836942 0.92542523 0.0044313422 -28.523071 -0.92541134 -0.37838998 0.005461519 -94.34387 0.0067338077 -0.0020313596 0.99997514 1.182251
-0.36959302 0.92925954 0.007089907 -28.855835 -0.92925084 -0.36963508 0.005969876 -95.19507 0.008167367 -0.004383199 0.9999569 1.1989746
-0.36357784 0.9312506 0.015454393 -29.17102 -0.93124497 -0.36375678 0.010911189 -96.061035 0.015793659 -0.010423903 0.9998208 1.2203369
-0.35783598 0.93360746 0.022297222 -29.495117 -0.9335867 -0.35821584 0.016242735 -96.92932 0.02313593 -0.014999402 0.9996196 1.2474365
-0.35252592 0.9352778 0.027068622 -29.815186 -0.93530434 -0.35304916 0.017728742 -97.804565 0.026150338 -0.019074356 0.999476 1.2784424
-0.3511585 0.93603855 0.027768869 -30.12732 -0.9360667 -0.35170937 0.018212099 -98.678955 0.026813634 -0.019602407 0.9994483 1.3103027
-0.3445027 0.9383711 0.030988792 -30.442871 -0.9385183 -0.34510073 0.01647874 -99.56116 0.026146282 -0.023403065 0.9993841 1.350708
-0.33948818 0.94012475 0.032417864 -30.755615 -0.94037944 -0.3400528 0.013708362 -100.44824 0.023904633 -0.025815545 0.9993806 1.3811035
-0.33353686 0.9422461 0.02871618 -31.066895 -0.94249505 -0.3339247 0.00983171 -101.31641 0.018864792 -0.02378764 0.9995391 1.4108887
-0.32855302 0.94428927 0.029136816 -31.368042 -0.9446149 -0.32885298 0.006058921 -102.20056 0.015289453 -0.025525907 0.9995573 1.447998
-0.3226651 0.9457368 0.035720468 -31.646973 -0.946251 -0.32307467 0.006191872 -103.06641 0.017403554 -0.031797558 0.9993426 1.473877
-0.31548798 0.94797975 0.044750378 -31.912964 -0.94883573 -0.31603765 0.0056102443 -103.93286 0.019450624 -0.04068256 0.9989828 1.4949951
-0.30815446 0.9503119 0.045211267 -32.18701 -0.95109874 -0.3088817 0.009922064 -104.793945 0.023386452 -0.039928738 0.9989285 1.5313721
-0.3021772 0.9524551 0.042256318 -32.468018 -0.9530431 -0.30296966 0.013656428 -105.6626 0.025810461 -0.036149837 0.99901336 1.567749
-0.29337287 0.95493215 0.042787954 -32.72534 -0.9555885 -0.2941115 0.011977154 -106.54407 0.02404229 -0.037383817 0.9990117 1.5963135
-0.2868934 0.95683753 0.042881843 -32.98706 -0.9576015 -0.28745353 0.00738348 -107.408325 0.019405417 -0.03895109 0.99905246 1.6281738
-0.27974102 0.958985 0.042426944 -33.240967 -0.9597966 -0.28014925 0.0038698018 -108.29895 0.015620348 -0.039654363 0.9990913 1.6600342
-0.27321342 0.96084315 0.04608848 -33.479492 -0.96175003 -0.27381575 0.0071764123 -109.17346 0.019528016 -0.04236722 0.9989111 1.6879883
-0.2666464 0.9627165 0.045844704 -33.710083 -0.96354115 -0.26738855 0.010786737 -110.04407 0.022639453 -0.041292306 0.99889034 1.7120361
-0.25791943 0.9649732 0.046595752 -33.93982 -0.96582276 -0.2586967 0.01138623 -110.9198 0.02305627 -0.042069454 0.9988485 1.7370605
-0.25213206 0.96643364 0.046828177 -34.153564 -0.9673164 -0.25287378 0.010543545 -111.79321 0.022049524 -0.042640466 0.99884677 1.7650146
-0.24429415 0.96878207 0.043309845 -34.3761 -0.96952635 -0.24495126 0.010498549 -112.66443 0.020766985 -0.039403304 0.9990069 1.7962646
-0.23557901 0.9711156 0.038981047 -34.592163 -0.9716931 -0.23616232 0.01104475 -113.54993 0.019921323 -0.035271764 0.9991791 1.8327637
-0.22914039 0.97276586 0.038141184 -34.811646 -0.9733122 -0.22971308 0.01133698 -114.44287 0.01976491 -0.034527034 0.9992085 1.8634033
-0.22127199 0.97430146 0.044072367 -35.000366 -0.9751078 -0.2218951 0.009727802 -115.32495 0.019255558 -0.04082392 0.9989809 1.8951416
-0.21494818 0.9755319 0.048264034 -35.189087 -0.9765396 -0.21560788 0.00884746 -116.22583 0.019030266 -0.04522707 0.99879557 1.9176025
-0.20986891 0.9766098 0.044807144 -35.38965 -0.97749674 -0.2103957 0.007322387 -117.14624 0.01659168 -0.042266022 0.9989684 1.956665
-0.20480002 0.9777918 0.04345134 -35.583496 -0.9786224 -0.20530678 0.007484925 -118.03052 0.016253203 -0.04099824 0.999027 1.9818115
-0.19904423 0.9789614 0.041805953 -35.765503 -0.97968996 -0.19960989 0.009769221 -118.94226 0.017927235 -0.03901517 0.9990776 2.0057373
-0.19331549 0.98042434 0.03668141 -35.94995 -0.98098785 -0.19374645 0.008547036 -119.81836 0.015486131 -0.034327958 0.9992905 2.0317383
-0.18909527 0.9816019 0.028171903 -36.12964 -0.98192996 -0.18935965 0.00701527 -120.70178 0.012214633 -0.026334023 0.9995786 2.0579834
-0.18474472 0.9823255 0.026160322 -36.295166 -0.98262423 -0.18493722 0.0051170555 -121.60181 0.0098705925 -0.024762983 0.99964464 2.083374
-0.17972423 0.9832647 0.02714036 -36.45703 -0.98355854 -0.17999457 0.007840229 -122.4801 0.012605987 -0.025284693 0.99960077 2.0950928
-0.17625117 0.98395187 0.02944968 -36.609375 -0.9842969 -0.17657217 0.008659143 -123.3656 0.013723204 -0.027465884 0.99952865 2.1116943
-0.17409542 0.98418075 0.0302031 -36.76111 -0.9845539 -0.1744132 0.008199717 -124.260376 0.013348331 -0.028316947 0.99950993 2.1324463
-0.17129792 0.98465014 0.031630363 -36.91162 -0.98507774 -0.17160521 0.007248121 -125.145874 0.012563064 -0.029907573 0.9994736 2.1602783
-0.17283525 0.98460203 0.029258158 -37.056274 -0.9850057 -0.17298876 0.0027843313 -126.0271 0.0077933855 -0.02833181 0.9995683 2.1802979
-0.17074993 0.98491126 0.029480044 -37.210205 -0.9853488 -0.17075203 -0.0024608546 -126.9137 0.002607583 -0.029465001 0.99956244 2.2036133
-0.17012201 0.9850631 0.02869093 -37.35205 -0.98548084 -0.17005336 -0.004834962 -127.76843 0.00011340219 -0.029096255 0.9995767 2.2197266
-0.16855109 0.98519623 0.02894901 -37.49878 -0.9856117 -0.16860856 -0.00046086917 -128.64539 0.0044284672 -0.02861439 0.9995808 2.2277832
-0.16849615 0.985296 0.028999155 -37.64685 -0.9856858 -0.16867176 0.0037049027 -129.51086 0.008542446 -0.027962929 0.9995725 2.2470703
-0.1678866 0.98527676 0.031889692 -37.786743 -0.9857607 -0.16805458 0.0026397132 -130.38232 0.007966724 -0.030989973 0.9994878 2.262085
-0.16641545 0.985448 0.034332685 -37.922607 -0.98601216 -0.16659749 0.0024927151 -131.24438 0.008178567 -0.033437762 0.9994073 2.277954
-0.1678598 0.9853842 0.029226858 -38.06897 -0.9857909 -0.16799928 0.0023714504 -132.09595 0.007240708 -0.028416269 0.9995701 2.2979736
-0.16633487 0.98555905 0.02984524 -38.211792 -0.9859658 -0.16654159 0.0045589623 -132.96375 0.009477588 -0.028680082 0.9995438 2.3204346
-0.16578555 0.98532826 0.0409099 -38.336426 -0.9860893 -0.16618264 0.0064906743 -133.81348 0.0131891165 -0.039276183 0.99914175 2.3356934
-0.16517006 0.9851988 0.045908526 -38.462524 -0.98614013 -0.16571915 0.008384972 -134.67517 0.015879352 -0.04387401 0.9989104 2.3530273
-0.16643964 0.9849661 0.046689995 -38.5968 -0.9858881 -0.16713609 0.011418603 -135.51416 0.01903441 -0.04414284 0.9988443 2.37854
-0.16574645 0.9851249 0.04453422 -38.737183 -0.98594266 -0.16642773 0.012027716 -136.40381 0.019255105 -0.0419118 0.9989356 2.4169922
-0.16356812 0.98541224 0.045987833 -38.86035 -0.98623747 -0.16439381 0.014753886 -137.20117 0.022108894 -0.042950604 0.99883264 2.4316406
-0.16136609 0.98606515 0.03878116 -39.01001 -0.986657 -0.16194403 0.01223287 -138.06335 0.018345185 -0.036298953 0.9991726 2.4609375
-0.15937006 0.9867395 0.03094028 -39.14331 -0.987133 -0.15970302 0.008590145 -138.90308 0.013408765 -0.029163482 0.9994845 2.491211
-0.15722822 0.9871789 0.025778107 -39.284912 -0.9874887 -0.1573621 0.0032287277 -139.73694 0.0072499253 -0.024940336 0.9996624 2.5202637
-0.15439749 0.9878685 0.021975217 -39.411865 -0.9880944 -0.15449274 0.0027017714 -140.5647 0.0060603144 -0.021301819 0.9997548 2.5336914
-0.14878033 0.9885908 0.023751114 -39.534546 -0.98882705 -0.14896917 0.0063730134 -141.39453 0.009840161 -0.022531234 0.99969757 2.5560303
-0.14231192 0.9896534 0.01998043 -39.651123 -0.9897653 -0.14254224 0.010606685 -142.21204 0.013349707 -0.018275267 0.9997439 2.5700684
-0.1332953 0.9909124 0.017878091 -39.766846 -0.9909483 -0.13354327 0.013477734 -143.06384 0.015734266 -0.015909811 0.9997495 2.5737305
-0.123499274 0.9922506 0.016960979 -39.870117 -0.99233073 -0.12366831 0.00930627 -143.8717 0.011325704 -0.015681472 0.9998129 2.5964355
-0.110966936 0.993822 0.010554679 -39.956543 -0.9938328 -0.11105692 0.008357321 -144.64954 0.009474173 -0.00956359 0.9999094 2.625122
-0.09704971 0.995239 0.0067682546 -40.05249 -0.99521726 -0.09710754 0.008814906 -145.53125 0.009430582 -0.0058817826 0.99993825 2.6628418
-0.08321367 0.9964849 0.005650906 -40.108765 -0.9964527 -0.083263986 0.009358292 -146.2909 0.009796538 -0.004852376 0.9999402 2.6833496
-0.06882453 0.99759877 0.0018287785 -40.17212 -0.997567 -0.06883704 0.008051612 -147.12097 0.008158807 -0.0012697689 0.99996597 2.7008057
-0.055181127 0.99850273 -0.000873249 -40.218994 -0.9984324 -0.055166848 0.011951516 -147.89807 0.011886578 0.0015289038 0.9999282 2.7148438
-0.04095875 0.9991603 0.0039672395 -40.24353 -0.99901634 -0.041021463 0.01727172 -148.7168 0.017416894 -0.003256037 0.999843 2.741455
-0.028087365 0.9995439 0.010651672 -40.253662 -0.99926335 -0.028353086 0.025674244 -149.49902 0.025965393 -0.009915873 0.9996135 2.765625
-0.013889194 0.99974245 0.017452434 -40.24292 -0.9993084 -0.014476776 0.033997446 -150.26099 0.03424606 -0.01696864 0.9992694 2.7822266
