7.776186512503046044e-01 -6.283746927738023125e-01 2.131850625834329563e-02 -6.595546183706207444e+01 6.274080662556997812e-01 7.777325486135644450e-01 3.861607468832140011e-02 2.571123064255150581e+01 -4.084546027333966350e-02 -1.665317712870632849e-02 9.990266863635720584e-01 -8.852080286159158540e-01 -4.809208017785018303e-24 -1.416202385148814181e-23 -3.430527606006730092e-24 9.999999999999997780e-01
7.495632063499446662e-01 -6.613527402615626549e-01 2.770474029680859707e-02 -6.555927189772394570e+01 6.606007821253212509e-01 7.500532502371001220e-01 3.204260389195890540e-02 2.609143493493525412e+01 -4.197149439565873996e-02 -5.716183804407211529e-03 9.991024566584293387e-01 -8.939305867436033726e-01 -4.809208017785018303e-24 -1.416202385148814181e-23 -3.430527606006730092e-24 9.999999999999997780e-01
7.210747762973044317e-01 -6.927627794852303511e-01 1.144108157879089593e-02 -6.520621740694525670e+01 6.924111519234327217e-01 7.211047211946587376e-01 2.397452320358747432e-02 2.648730985383926750e+01 -2.485887527338956696e-02 -9.365491480640641964e-03 9.996470996754136529e-01 -9.010687496501750271e-01 2.282909241028033121e-18 2.049917530329318368e-18 8.041682711160000505e-20 9.999999999999996669e-01
6.910096533198472057e-01 -7.227061061332687997e-01 -1.419659031162000783e-02 -6.487140202087111618e+01 7.228417061910101804e-01 6.909365918520765648e-01 1.031958481272091457e-02 2.689861642117339002e+01 2.350916768917657180e-03 -1.739282028678891881e-02 9.998459696337299585e-01 -9.078966123321148274e-01 2.661420927821419751e-18 3.994992447389945373e-18 1.144910179347694454e-19 9.999999999999995559e-01
6.562830371991383860e-01 -7.539743434740886485e-01 -2.855283641769201450e-02 -6.453142849767796463e+01 7.540254131832743179e-01 6.567503346633425387e-01 -1.116575986574931331e-02 2.731874348889541082e+01 2.717078133707485563e-02 -1.420166548007406430e-02 9.995299201820424528e-01 -9.268621351647358120e-01 2.726177932557747591e-18 5.216138636457358144e-18 1.257645414059493377e-19 9.999999999999994449e-01
6.189765038361715321e-01 -7.849135160916350662e-01 -2.790806255226709054e-02 -6.419440569914647199e+01 7.842055335283119044e-01 6.196040937006536131e-01 -3.335338443046283186e-02 2.776791517903706108e+01 4.347147205150941190e-02 -1.240695797669815175e-03 9.990538983416286101e-01 -9.371480549018428308e-01 3.367588953603490670e-18 6.198884737813814184e-18 1.184678996240924230e-19 9.999999999999992228e-01
5.860594144497026647e-01 -8.099661965593498714e-01 -2.211612909300739865e-02 -6.386758732928181104e+01 8.090063555914336346e-01 5.864514398301493570e-01 -3.979227731371198784e-02 2.825599547466308792e+01 4.520043525828596614e-02 5.428549744771449768e-03 9.989631882607685753e-01 -9.611781139654239636e-01 5.038475089515745927e-18 6.907834160726745458e-18 4.964545737940839298e-20 9.999999999999988898e-01
5.574247647268619765e-01 -8.300787989764837338e-01 -1.571047927243278061e-02 -6.356802169825307658e+01 8.297393193976506653e-01 5.576460784088654865e-01 -2.373843046069355756e-02 2.876453389088935353e+01 2.846565500259513881e-02 1.967866356187237338e-04 9.995947517670749072e-01 -9.259876913972429069e-01 5.386370339107469484e-18 8.457669178891171336e-18 -4.513228632950210478e-21 9.999999999999986677e-01
5.286003675007951985e-01 -8.488333483491609099e-01 -7.974848486768918235e-03 -6.328231749499853009e+01 8.487944184584846896e-01 5.286555062755928791e-01 -8.449312292670797808e-03 2.927955676405681729e+01 1.138800560887921753e-02 -2.302697300585775705e-03 9.999325031787783535e-01 -8.763617677982667997e-01 6.091889401491290704e-18 8.706136532816336451e-18 -3.861074740301679811e-20 9.999999999999984457e-01
4.988035331668733696e-01 -8.666922654815869542e-01 -6.289058327769822716e-03 -6.301132814998426568e+01 8.666776409268177606e-01 4.988363004831631864e-01 -5.675564975963644232e-03 2.979815554859753490e+01 8.056178856653098061e-03 -2.619594372432846544e-03 9.999641172099796860e-01 -8.690962431126838528e-01 7.661039401441955164e-18 7.503232147177654330e-18 -4.527387563019745788e-20 9.999999999999980016e-01
4.712514519000124413e-01 -8.819884402924484945e-01 -4.296541939431059928e-03 -6.274794887255239217e+01 8.818706063136159123e-01 4.712603971350727838e-01 -1.476048143343463778e-02 3.031877861301523680e+01 1.504336405812407504e-02 3.166904261072437006e-03 9.998818269751645893e-01 -8.627428981772701233e-01 9.186330028292711475e-18 7.473764027895429801e-18 -4.835619754469740384e-20 9.999999999999975575e-01
4.458223862126489689e-01 -8.951051562268865780e-01 -5.399930343480311735e-03 -6.250105999215854524e+01 8.948555398083757328e-01 4.458288720367888369e-01 -2.168362821720377920e-02 3.085741825018615714e+01 2.181657227703656318e-02 4.834889291100217916e-03 9.997502993345873668e-01 -8.589245517366818072e-01 1.034190719863747172e-17 5.456907920090353755e-18 -4.405632451208095688e-20 9.999999999999972244e-01
4.226768876637927996e-01 -9.062619960184776779e-01 -5.783010242783909183e-03 -6.226115064554376488e+01 9.060208193607025562e-01 4.226999262898096799e-01 -2.123787182244093671e-02 3.141262470435652787e+01 2.169155411234739358e-02 3.737229883974714506e-03 9.997577254479984576e-01 -8.542506770089607349e-01 1.234829278544968583e-17 3.100785407772956015e-18 -5.336546668327322894e-20 9.999999999999970024e-01
4.030729242258924150e-01 -9.151537550625425954e-01 -5.081569730833215316e-03 -6.202893263426538795e+01 9.150452849426933266e-01 4.031036004512089099e-01 -1.412847505612664471e-02 3.198803699418990476e+01 1.497812605536393178e-02 1.044939333420334031e-03 9.998872755674138579e-01 -8.477526939117085991e-01 1.306982472913901500e-17 2.531672237277088625e-18 -3.466479185690017207e-20 9.999999999999966693e-01
3.858209437265958663e-01 -9.225708578997934284e-01 -2.282878877987877617e-03 -6.180122189769820551e+01 9.225558588938145288e-01 3.858276899742735799e-01 -5.261261237067575355e-03 3.257438326543113050e+01 5.734684177100813490e-03 -7.617850835365229259e-05 9.999835536618523202e-01 -8.426612611752798410e-01 1.448329861566198990e-17 2.287010072647310842e-19 -2.478304135739271536e-20 9.999999999999963363e-01
3.696002478813681380e-01 -9.291898439216237371e-01 1.375034164468258695e-03 -6.157714555688785651e+01 9.291890817744086206e-01 3.696020315331182693e-01 1.410176518986022308e-03 3.316061454551260823e+01 -1.818537120194173903e-03 7.564651417185990975e-04 9.999980603397141676e-01 -8.406278185951823190e-01 1.767804365039546933e-17 -2.633392128815112353e-18 -2.438787910310058026e-20 9.999999999999958922e-01
3.554799092772448210e-01 -9.346823065487782634e-01 1.737793115577790457e-03 -6.136266196156192620e+01 9.346767782465356111e-01 3.554838470261459937e-01 3.248801341928077811e-03 3.375973367789296020e+01 -3.654354513853877266e-03 4.693912642405659438e-04 9.999932126594076598e-01 -8.417393733296140157e-01 2.099795876889065489e-17 -6.071473452703021906e-18 3.031013362427412237e-21 9.999999999999954481e-01
3.425298869448985539e-01 -9.395068837577765786e-01 3.031852296476216977e-04 -6.115910011268954349e+01 9.395044556577993866e-01 3.425297070587611237e-01 2.185767913527965865e-03 3.435838292398078408e+01 -2.157393948952638762e-03 -4.638469621632446030e-04 9.999975652456842834e-01 -8.456415338227105671e-01 2.333175798127290418e-17 -1.091222606364532172e-17 3.243903154610839899e-20 9.999999999999947820e-01
3.303397842953477714e-01 -9.438519357575780866e-01 -4.376103106013833240e-03 -6.096149057461485654e+01 9.438620003815844095e-01 3.303342960339191725e-01 1.943476122523649183e-03 3.497155295089641669e+01 -3.887767614460033833e-04 -4.772444914614282566e-03 9.999885362453490023e-01 -8.500479211898348542e-01 2.695681832696376637e-17 -1.747918226537535817e-17 5.538714705269672651e-20 9.999999999999941158e-01
3.199100459593338108e-01 -9.474190771214354712e-01 -7.392888521036609061e-03 -6.076655940326677552e+01 9.474479000911152360e-01 3.199019284829605625e-01 2.287523946957682915e-03 3.559744388310402030e+01 1.977554682190062977e-04 -7.736178595866633617e-03 9.999700557683979252e-01 -8.553057015367281357e-01 3.043881740497505266e-17 -2.336670204215738894e-17 4.547684692378075065e-20 9.999999999999936717e-01
3.118239611548545009e-01 -9.500931136721395553e-01 -9.428287357569904714e-03 -6.057029620951806947e+01 9.501397647404062896e-01 3.118137326719122582e-01 2.573630945509138793e-03 3.622895239037629267e+01 4.946804352053399195e-04 -9.760710527804304301e-03 9.999522407701282312e-01 -8.591229159592773668e-01 3.414759007153292725e-17 -2.776110977027506148e-17 4.169705851257847223e-20 9.999999999999934497e-01
3.057282895729326877e-01 -9.520541091005709777e-01 -1.109893236089927113e-02 -6.037388366497460623e+01 9.521170545918540284e-01 3.057292884020476054e-01 1.648201595433743723e-03 3.686865231480759064e+01 1.824091591161380171e-03 -1.107138464321555209e-02 9.999370465843762101e-01 -8.571366920776333220e-01 3.785983521124358836e-17 -3.304483288450992460e-17 3.211853077732465857e-20 9.999999999999928946e-01
3.012027947637606062e-01 -9.534745730256398710e-01 -1.277164907525105836e-02 -6.017689942099072908e+01 9.535576173799392707e-01 3.012055930539385695e-01 1.749585581535947768e-03 3.751948224056634018e+01 2.178706768661164538e-03 -1.270548332904480535e-02 9.999169085129639978e-01 -8.583430304571276759e-01 4.203926406600843855e-17 -3.951397508833918263e-17 4.546489369600320770e-20 9.999999999999924505e-01
2.978702651601876084e-01 -9.545196468559138392e-01 -1.286658072259960588e-02 -5.997679837521413759e+01 9.546028049706463126e-01 2.978788889423988895e-01 1.285404451664331343e-03 3.817402864357458725e+01 2.605738966866440014e-03 -1.266535781302887027e-02 9.999163959230952248e-01 -8.636615550623586435e-01 4.584629537095876242e-17 -4.517715874626407952e-17 7.809250642505711005e-20 9.999999999999918954e-01
2.956739569287349378e-01 -9.552155382557923069e-01 -1.184004513650213815e-02 -5.977258823979315139e+01 9.552797989152527203e-01 2.957025710395553286e-01 -7.037506792197947229e-04 3.883354637665472353e+01 4.173365371937551131e-03 -1.110247518912773831e-02 9.999296565589357311e-01 -8.664566067581919162e-01 4.959782710368270083e-17 -5.063500942835115033e-17 1.135548613745345582e-19 9.999999999999913403e-01
2.948137050976956108e-01 -9.554909699264710898e-01 -1.104018458068697743e-02 -5.956776584819327525e+01 9.555413509519243842e-01 2.948510775346309121e-01 -1.889099686481980622e-03 3.950081064541182485e+01 5.060228011522166849e-03 -9.992420411116247070e-03 9.999372708458861281e-01 -8.657423570693146830e-01 5.383586245948832792e-17 -5.625952369022076210e-17 1.370772593050716024e-19 9.999999999999908962e-01
2.945307734573685554e-01 -9.555817996519936353e-01 -1.072602724680151581e-02 -5.936135326947334789e+01 9.556309603379070650e-01 2.945627585950995053e-01 -1.499630781597953736e-03 4.018027801315187730e+01 4.592508055678129128e-03 -9.808436304465630029e-03 9.999413500035574387e-01 -8.640254994895082419e-01 5.732487085330438078e-17 -6.069393494184702309e-17 2.019350148729677707e-19 9.999999999999905631e-01
2.934223040827909079e-01 -9.559050600578172796e-01 -1.220113202314552017e-02 -5.915436670049709988e+01 9.559781019464947960e-01 2.934374634449767316e-01 5.688987089330849525e-04 4.087034990107306953e+01 3.036456077500992046e-03 -1.183094260304886486e-02 9.999254015833017872e-01 -8.650759328241243162e-01 6.044465430127488618e-17 -6.584376979723816953e-17 2.580538054173729978e-19 9.999999999999902300e-01
2.929563724705308569e-01 -9.560672658780791089e-01 -1.058049835131730405e-02 -5.894649585606337894e+01 9.561255673354897011e-01 2.929304824905305527e-01 3.953721694605147156e-03 4.156660745493464049e+01 -6.806734035607914669e-04 -1.127455295425363463e-02 9.999362085349802198e-01 -8.667222782532011394e-01 6.252407365822157735e-17 -6.761727821856881270e-17 3.450860058950538282e-19 9.999999999999900080e-01
2.923592889587390276e-01 -9.562866513971800542e-01 -6.471979538793522051e-03 -5.872866751558900944e+01 9.563046696830629356e-01 2.923321233475651981e-01 4.827877531269266810e-03 4.226878963180897841e+01 -2.724867316893984752e-03 -7.600659097261447221e-03 9.999674020083364478e-01 -8.721441424240011786e-01 6.412795764215887760e-17 -6.848998916682114201e-17 4.611568255350550661e-19 9.999999999999900080e-01
2.918132885151478173e-01 -9.564732034497268609e-01 -2.003928301126919713e-03 -5.850669610622745864e+01 9.564745555599526439e-01 2.918098014293742937e-01 1.861278089202271285e-03 4.297002356265914358e+01 -1.195496696857698818e-03 -2.459852111243378877e-03 9.999962599505787253e-01 -8.786740146144631503e-01 6.559033990543893245e-17 -6.723033227402857420e-17 6.246994060529143764e-19 9.999999999999900080e-01
2.915216982398027845e-01 -9.565641902698172050e-01 2.221460684259087351e-04 -5.828433921854556132e+01 9.565600397690459111e-01 2.915197313718738692e-01 -3.022670656244982705e-03 4.368162980660335393e+01 2.826618546552541866e-03 1.093670134978876312e-03 9.999954070460186362e-01 -8.783615001802562716e-01 6.779093237063385493e-17 -6.492423600114733595e-17 7.827874231573520827e-19 9.999999999999902300e-01
2.912872324931276014e-01 -9.566295725409725836e-01 -3.407216843464620434e-03 -5.806804253319256759e+01 9.566147913479281506e-01 2.913025510738966317e-01 -5.564594520981298864e-03 4.440587635756054397e+01 6.315786636535689925e-03 -1.638498691822446287e-03 9.999787128539787684e-01 -8.776245418736138282e-01 6.939581082674027400e-17 -6.360329819374504778e-17 9.276712732198991256e-19 9.999999999999905631e-01
2.909363945516725281e-01 -9.566938892605455491e-01 -9.634136020148472909e-03 -5.785023346356975793e+01 9.566940778408156154e-01 2.910081532501079260e-01 -7.120124033681506613e-03 4.514486031537274613e+01 9.615391285186611348e-03 -7.145417660466792630e-03 9.999282410537210231e-01 -8.789823998952401851e-01 7.043639655637398941e-17 -6.193106271181230459e-17 1.077344341100383302e-18 9.999999999999906741e-01
2.903228824510558637e-01 -9.568907797827586048e-01 -8.524053736765015502e-03 -5.762416586011670461e+01 9.568773066823557105e-01 2.903881180663451245e-01 -7.782084694248068632e-03 4.588041713952554801e+01 9.921889014332859261e-03 -5.897156321736722086e-03 9.999333876141947020e-01 -8.788410643959001511e-01 7.165550983187184742e-17 -5.851643459296585582e-17 1.238201376916281217e-18 9.999999999999908962e-01
2.897239120750427777e-01 -9.571027996198911980e-01 -3.779647041107957010e-03 -5.739116644584362348e+01 9.570734564056515570e-01 2.897451437349992664e-01 -7.625662312495120991e-03 4.662683277482413757e+01 8.393677123441177848e-03 -1.408063140284466531e-03 9.999637811153124778e-01 -8.799578318433122215e-01 7.253844031855156267e-17 -5.621143717529325793e-17 1.397698543036914166e-18 9.999999999999910072e-01
2.900634097595795047e-01 -9.569995368437126393e-01 -3.886489370242352318e-03 -5.715942916879500757e+01 9.569952974594875261e-01 2.900777888679030858e-01 -3.857077379853974218e-03 4.739017565469964666e+01 4.818605509072070199e-03 -2.600555034438504620e-03 9.999850089648094631e-01 -8.755698360424569726e-01 7.330525778737161773e-17 -5.289751003387488176e-17 1.575181043438518988e-18 9.999999999999914513e-01
2.911813653988941097e-01 -9.566512822200683441e-01 -5.633530970622081281e-03 -5.692992409170299339e+01 9.566678223863063213e-01 2.911744552174153622e-01 2.028358809812707848e-03 4.815932203286327962e+01 -3.000917448852016400e-04 -5.980038093768623095e-03 9.999820743839500370e-01 -8.736089878009549725e-01 7.535710517613779665e-17 -5.071963074398574539e-17 1.749787477238235232e-18 9.999999999999918954e-01
2.910779627303188843e-01 -9.566685421980015702e-01 -7.675935225271913152e-03 -5.669387030036699571e+01 9.566871265951368830e-01 2.910243440098173595e-01 7.387354111751204266e-03 4.894586387185463394e+01 -4.833365275189489309e-03 -9.493764399409621718e-03 9.999432518985905682e-01 -8.813383036041790852e-01 7.849480260195645595e-17 -4.910449439807750062e-17 1.948234859633245987e-18 9.999999999999921174e-01
2.908047967069317674e-01 -9.567761092986322158e-01 -3.470862670847462122e-03 -5.644924501903463465e+01 9.567513945077306126e-01 2.907642513169632625e-01 9.106001514074204065e-03 4.972853305915656108e+01 -7.703201913986862555e-03 -5.968821619588856806e-03 9.999525157969383349e-01 -8.974259487104592203e-01 8.199032614035932156e-17 -5.077996827072396599e-17 2.156798569416368400e-18 9.999999999999921174e-01
2.902822032468098667e-01 -9.569375741289444237e-01 2.592623856160151518e-03 -5.620476723529936436e+01 9.569067256014467393e-01 2.902936738510210057e-01 7.687744842902946921e-03 5.051022368945773167e+01 -8.109314204604546258e-03 2.492836939206025029e-04 9.999670878987209077e-01 -9.085572425835896082e-01 8.690593139323074713e-17 -5.294468014598060146e-17 2.406846301188055088e-18 9.999999999999921174e-01
2.894012897323491318e-01 -9.572066224238485743e-01 1.541262227809695427e-03 -5.596586230257405248e+01 9.571884130233391241e-01 2.894052986270549410e-01 5.908900102470144265e-03 5.130216953536925217e+01 -6.102087764622963866e-03 -2.347649646612163762e-04 9.999813545312721264e-01 -9.112084512884766063e-01 9.145503773918817780e-17 -5.744145245869555099e-17 2.681975582613597429e-18 9.999999999999918954e-01
2.900465532560902449e-01 -9.569907363214418261e-01 -6.459685695442380499e-03 -5.573807230935283030e+01 9.570072659927123526e-01 2.900159446762300419e-01 5.276804968996635058e-03 5.210727834005732717e+01 -3.176441623424619554e-03 -7.712485240027307752e-03 9.999652132898942947e-01 -9.212951134254316887e-01 9.661085768557208254e-17 -6.369559489126327377e-17 2.942156302006278225e-18 9.999999999999914513e-01
2.892918749895483921e-01 -9.572008839621504173e-01 -8.756643603038745394e-03 -5.549300327402795574e+01 9.572399240859128522e-01 2.892927708493960859e-01 1.191834823728513256e-03 5.290847712141614778e+01 1.392408344459300854e-03 -8.726996988652266710e-03 9.999609495987458185e-01 -9.301482016943146691e-01 1.015407929692707956e-16 -6.998025162485685058e-17 3.138081383133080750e-18 9.999999999999910072e-01
2.884734466533905306e-01 -9.574561209674025131e-01 -7.800448580269905667e-03 -5.524459074120829172e+01 9.574709875425897465e-01 2.885071947394834413e-01 -3.592575363722975978e-03 5.371049986405724752e+01 5.690218809642331836e-03 -6.432340607888476468e-03 9.999631225220561026e-01 -9.324214047878829348e-01 1.068999371276832370e-16 -7.721948283998183817e-17 3.296594302464372750e-18 9.999999999999905631e-01
2.886258627674176958e-01 -9.573921673965655188e-01 -9.764688912583892669e-03 -5.500219029694175532e+01 9.574156113739109575e-01 2.886785745057741659e-01 -4.475233938697567929e-03 5.452402326013545064e+01 7.103410395959641049e-03 -8.057197348472633011e-03 9.999423099016701011e-01 -9.291306322055636890e-01 1.115701317999237206e-16 -8.605935027269574843e-17 3.476428223398739683e-18 9.999999999999903411e-01
2.888834771428329118e-01 -9.572399943900379293e-01 -1.542497241875912320e-02 -5.476613593310270289e+01 9.573494390943159127e-01 2.889311734249071506e-01 -9.102137530320493627e-04 5.535462864866334343e+01 5.328048388851848449e-03 -1.450414297922382641e-02 9.998806137417870499e-01 -9.268014036954940194e-01 1.172260474021470610e-16 -9.738679523954651424e-17 3.612133256298418548e-18 9.999999999999902300e-01
2.889854145704278676e-01 -9.572525741269511945e-01 -1.244746934041295744e-02 -5.451868951919213657e+01 9.573334899292869071e-01 2.889590996864556671e-01 3.902277306258330764e-03 5.617966382095097799e+01 -1.386554623852906799e-04 -1.304408048956152630e-02 9.999149127494242340e-01 -9.278664145388469953e-01 1.224950005883619286e-16 -1.092453651422194645e-16 3.693583420866905591e-18 9.999999999999902300e-01
2.880611268275469206e-01 -9.575935855967590005e-01 -5.942393027010714653e-03 -5.426317354170230800e+01 9.575965869971720945e-01 2.880157031789816746e-01 7.465339486777908436e-03 5.700650194649135472e+01 -5.437258700592893963e-03 -7.840889385970190029e-03 9.999544772994914954e-01 -9.348575904669151893e-01 1.292356936262972837e-16 -1.221340311753625304e-16 3.859363307326668624e-18 9.999999999999900080e-01
2.876524735370264985e-01 -9.576921100813121646e-01 -9.048577575463437675e-03 -5.401523330060130945e+01 9.577033148797619022e-01 2.875534855154173175e-01 1.083298833276802146e-02 5.784825417238344869e+01 -7.772717434105662175e-03 -1.178198862868464446e-02 9.999003798416510325e-01 -9.452885358073743749e-01 1.354218847238066038e-16 -1.340439361478339202e-16 4.137161163567840039e-18 9.999999999999901190e-01
2.881573418259522623e-01 -9.575300192473849004e-01 -1.008010873019346554e-02 -5.376767807653848052e+01 9.575556190836223003e-01 2.880534004809214843e-01 1.060541525472897921e-02 5.867776144242374414e+01 -7.251393876028927425e-03 -1.270829302433211169e-02 9.998929525579693944e-01 -9.604443378584653912e-01 1.421630033683574295e-16 -1.474211061076389172e-16 4.347207795783139556e-18 9.999999999999903411e-01
2.862957934005153082e-01 -9.581233004215625737e-01 -5.870253024676936465e-03 -5.351291901232697512e+01 9.581379209794164131e-01 2.862731844809885406e-01 4.403206595330315214e-03 5.950656672824801774e+01 -2.538318808463458417e-03 -6.885131554401087602e-03 9.999730755880041899e-01 -9.575493616652598350e-01 1.492003532074808302e-16 -1.600803936664662694e-16 4.581912750046497913e-18 9.999999999999904521e-01
2.858414430794160577e-01 -9.582633502953650240e-01 -5.101068426801934341e-03 -5.326046528222165222e+01 9.582743607140350450e-01 2.858489478748377222e-01 -7.928410434028223186e-04 6.034522632463635716e+01 2.217885557351221334e-03 -4.661596257670604961e-03 9.999866751631287798e-01 -9.606289226611980370e-01 1.558190053968826932e-16 -1.704222169729530179e-16 4.843540849384626717e-18 9.999999999999908962e-01
2.857967012478788149e-01 -9.582607586108362607e-01 -7.520908358249455902e-03 -5.301317573527038007e+01 9.582829518003704861e-01 2.858163924369342968e-01 -1.665563889028152424e-03 6.119439413864537869e+01 3.745643410628632115e-03 -6.731145596559314978e-03 9.999703304769685941e-01 -9.693268712205187487e-01 1.622689601658329707e-16 -1.810733340243468834e-16 5.099036375935613824e-18 9.999999999999915623e-01
2.851435862759786333e-01 -9.584650702612352857e-01 -6.151771689401841492e-03 -5.276087969674777867e+01 9.584845644333230830e-01 2.851422542638695212e-01 1.111114910402675408e-03 6.203993858035035913e+01 6.891652165758157048e-04 -6.213205498524270766e-03 9.999804603733777331e-01 -9.709437373545419803e-01 1.695708252601285713e-16 -1.929886046777519334e-16 5.308801519969351928e-18 9.999999999999924505e-01
2.844578442773512683e-01 -9.586867503815945657e-01 -1.857275418796144710e-03 -5.250385311972297586e+01 9.586822226332731844e-01 2.844483949285236957e-01 4.184092431562713883e-03 6.288862354707970326e+01 -3.482934964683404369e-03 -2.970734839870359072e-03 9.999895218942811415e-01 -9.732679419516875319e-01 1.764593247725085240e-16 -2.043036679001105637e-16 5.546590005514454817e-18 9.999999999999933387e-01
2.836325566110032836e-01 -9.589330186290706548e-01 1.965028411889068708e-04 -5.225396233007201374e+01 9.589124408008046219e-01 2.836278013138963106e-01 6.496245011627504833e-03 6.374238023654964280e+01 -6.285197507540989451e-03 -1.654117561947707205e-03 9.999788798705635529e-01 -9.707070568760920448e-01 1.841571928247752489e-16 -2.159048542582294625e-16 5.837939621940568290e-18 9.999999999999942268e-01
2.834222893400666909e-01 -9.589798428378634165e-01 -5.428345606719368541e-03 -5.201102750874787972e+01 9.589888553392963422e-01 2.833952711853594542e-01 5.243625155000855055e-03 6.459534725268382260e+01 -3.490163351727249008e-03 -6.691883185643648924e-03 9.999715183239007432e-01 -9.690052835726293834e-01 1.917911587235726370e-16 -2.248434994418985426e-16 6.171171173936807131e-18 9.999999999999953371e-01
2.835093300224595381e-01 -9.589611293878924636e-01 -4.001513893385548644e-03 -5.175914814596048785e+01 9.589690660201525274e-01 2.835106080167267284e-01 2.560437190234644269e-04 6.544530266371543803e+01 8.889356629462024772e-04 -3.909918824241247377e-03 9.999919611316726575e-01 -9.786679887968565694e-01 1.994125909796144458e-16 -2.303878947650529323e-16 6.452845140155791943e-18 9.999999999999964473e-01
2.830247788907483408e-01 -9.591089667815683173e-01 -2.639009882762572562e-03 -5.150501352584643655e+01 9.591028363263404133e-01 2.830332407895569391e-01 -3.732821840613455462e-03 6.629948510939379958e+01 4.327110418337385030e-03 -1.474600787570257881e-03 9.999895507792729843e-01 -9.892132554850022741e-01 2.071614025435525586e-16 -2.352773485314120007e-16 6.729667256527575839e-18 9.999999999999973355e-01
2.835809005093654633e-01 -9.589371191863751420e-01 -4.634038515125903784e-03 -5.125862696574059640e+01 9.589463495555669015e-01 2.835867943621426246e-01 -6.547804370966816461e-04 6.715448657489214668e+01 1.942045393517839507e-03 -4.258111091790495531e-03 9.999890484147317959e-01 -9.949749037499169280e-01 2.156184736866945482e-16 -2.425167479839082711e-16 7.007110320261653230e-18 9.999999999999981126e-01
2.838819439958354951e-01 -9.588474142164499225e-01 -4.762155362769742752e-03 -5.101105686875211376e+01 9.588505080091014321e-01 2.838546624787594008e-01 5.677488857066215373e-03 6.801734285432347349e+01 -4.092085506656257393e-03 -6.177931662567725732e-03 9.999725436212505425e-01 -9.842704173374026144e-01 2.240274442198154113e-16 -2.489380196082045595e-16 7.286298516156906190e-18 9.999999999999987788e-01
2.831978943517643454e-01 -9.590551066201233876e-01 -3.500728597937886530e-03 -5.075552404361796732e+01 9.590285234177862161e-01 2.831560041245352877e-01 9.325695646467150809e-03 6.887666445788254066e+01 -7.952603711198373559e-03 -5.998315948610962942e-03 9.999503869191516126e-01 -9.794027063815436973e-01 2.318354781838208336e-16 -2.524772183130843787e-16 7.599121528173048047e-18 9.999999999999993339e-01
2.832668347373449302e-01 -9.590333710087082242e-01 -3.859226565647029539e-03 -5.050935759144333304e+01 9.590000565480284456e-01 2.832151631007646109e-01 1.039533215675763483e-02 6.972306272839551866e+01 -8.876478959802999377e-03 -6.645651330774898606e-03 9.999385198298077482e-01 -9.853919046456094399e-01 2.393815883778538490e-16 -2.560251740350900144e-16 7.942367906313306212e-18 9.999999999999998890e-01
2.836083728082076649e-01 -9.589290579914360180e-01 -4.620888752594892734e-03 -5.025543806946507885e+01 9.588860458791454988e-01 2.835378596355790926e-01 1.199304679788829910e-02 7.058860037120852837e+01 -1.019028416180583346e-02 -7.832234231785141845e-03 9.999174036966221868e-01 -1.003630238021725685e+00 2.465629917597299295e-16 -2.598684952562650101e-16 8.276669625349443457e-18 1.000000000000000222e+00
2.836516769842824526e-01 -9.589016935300164191e-01 -7.019137368416849924e-03 -5.001137980545804140e+01 9.588786369190470671e-01 2.835558542853054975e-01 1.215883056735502996e-02 7.144464780767674483e+01 -9.668805729517736952e-03 -1.017937355277420686e-02 9.999014424179932803e-01 -1.017360497472574954e+00 2.536155353343613892e-16 -2.644710217755736967e-16 8.593604395065758188e-18 1.000000000000000222e+00
2.838107630757383815e-01 -9.588320000902614826e-01 -9.625298198086490800e-03 -4.976471368282569330e+01 9.588624707033792660e-01 2.837299514413647028e-01 8.948571486933102129e-03 7.229363617940003905e+01 -5.849191306398144816e-03 -1.176903811362009847e-02 9.999136346218501226e-01 -1.026896092365504165e+00 2.597336010119907790e-16 -2.667314257042205055e-16 8.928303168609255351e-18 1.000000000000000222e+00
2.838357813498330606e-01 -9.588250365857122759e-01 -9.581150351804146661e-03 -4.951289191137082923e+01 9.588706490384961700e-01 2.838426217710107724e-01 6.666922953627422727e-04 7.313179162198164818e+01 2.080297570963284947e-03 -9.376314984945706768e-03 9.999538774758809367e-01 -1.021819091298818538e+00 2.655250245464588744e-16 -2.706096765700166438e-16 9.228968058277369953e-18 1.000000000000000000e+00
2.834433750268748886e-01 -9.589446822564861028e-01 -9.216806687153586766e-03 -4.926111230065365021e+01 9.589484914548993544e-01 2.835066283989089997e-01 -6.463929936250988398e-03 7.397483052354729693e+01 8.811577027344013463e-03 -7.006284751610626811e-03 9.999366320342466530e-01 -1.021223441037950597e+00 2.714249361023936519e-16 -2.740417385290943877e-16 9.489704666913903126e-18 9.999999999999997780e-01
2.836032256542116992e-01 -9.588931040241008841e-01 -9.655332913912394524e-03 -4.900967518432099013e+01 9.589061741300756170e-01 2.836650248279716791e-01 -5.753512364949476578e-03 7.482913130487172282e+01 8.255883581433342763e-03 -7.626843678892965619e-03 9.999368338257678124e-01 -1.018478617819640775e+00 2.778580752494854401e-16 -2.778298576075663577e-16 9.708303068046115035e-18 9.999999999999994449e-01
2.838533564753447647e-01 -9.588330037899300828e-01 -8.157380767613310255e-03 -4.875715731274029707e+01 9.588652836076404506e-01 2.838614794482837156e-01 1.684560437627967053e-04 7.568659488877851516e+01 2.154044958688777160e-03 -7.869646036676277573e-03 9.999667138266546962e-01 -1.010817194488745852e+00 2.855472780790385700e-16 -2.807760471755306831e-16 9.905981270696446672e-18 9.999999999999991118e-01
2.835445762839266526e-01 -9.589314930536613213e-01 -7.270824572956980855e-03 -4.850686972186455392e+01 9.589456462796751568e-01 2.834923627110010891e-01 7.438263625295656913e-03 7.654578613508563478e+01 -5.071562006867907230e-03 -9.081404877026369449e-03 9.999459022086978344e-01 -1.007628332028452700e+00 2.935944625662058804e-16 -2.857562041932509597e-16 1.013504810718503958e-17 9.999999999999986677e-01
2.834089912577085757e-01 -9.589719731664236857e-01 -7.217919070596676666e-03 -4.825582982755518202e+01 9.589557667727873769e-01 2.833165679693134265e-01 1.164301023253396655e-02 7.740037520012441519e+01 -9.120364437309175579e-03 -1.022139890205773713e-02 9.999061665759959583e-01 -1.013232997559110782e+00 3.022528594491651610e-16 -2.917923533308544609e-16 1.041316927774872716e-17 9.999999999999980016e-01
2.832433820554011716e-01 -9.590221144010131482e-01 -7.054828966963047794e-03 -4.800505484625303154e+01 9.590043396111267437e-01 2.831525647122095091e-01 1.163192606131478561e-02 7.825093871199347006e+01 -9.157681410257240487e-03 -1.006027767196157434e-02 9.999074595601482596e-01 -1.021503544571982891e+00 3.113140830810295129e-16 -2.985934636028208443e-16 1.073035147958860398e-17 9.999999999999974465e-01
2.838601769221600901e-01 -9.588125549293023964e-01 -1.009378362103460422e-02 -4.775984306477694474e+01 9.588468076629896863e-01 2.837728084588691524e-01 9.262430233553929984e-03 7.910092908526470978e+01 -6.016593070950857804e-03 -1.230762728710138761e-02 9.999061570557754575e-01 -1.032523596472168181e+00 3.198238960330018450e-16 -3.024188275385223515e-16 1.103707374438539161e-17 9.999999999999968914e-01
2.841944229545448897e-01 -9.586835280648398072e-01 -1.262628127395220602e-02 -4.750971572294948686e+01 9.587596494312212725e-01 2.841172949027855887e-01 7.569501939855096707e-03 7.995336853883451056e+01 -3.669411945135975153e-03 -1.425677924369138719e-02 9.998916339590169233e-01 -1.040503199888539010e+00 3.276076420568662050e-16 -3.095161174271257271e-16 1.127840024219358221e-17 9.999999999999963363e-01
2.834099343820832284e-01 -9.589151542557702301e-01 -1.267028146096408660e-02 -4.725720329628693861e+01 9.589943311144109028e-01 2.833432663593742906e-01 6.816619337756547881e-03 8.080901454984351062e+01 -2.946520648904086496e-03 -1.408262573391663025e-02 9.998964934772770485e-01 -1.044502277301674775e+00 3.358531157959219062e-16 -3.145749359690097182e-16 1.155496255804200608e-17 9.999999999999957812e-01
2.825095759353669633e-01 -9.591854970361786137e-01 -1.230941836169113443e-02 -4.700507577973953488e+01 9.592545339817349914e-01 2.824249573022181714e-01 8.178173897398468423e-03 8.166399890080067792e+01 -4.367898839386985532e-03 -1.411827781381718404e-02 9.998907918822648178e-01 -1.049223165759396670e+00 3.443992821867824978e-16 -3.195760335147828614e-16 1.184685732165071472e-17 9.999999999999951150e-01
2.824449911418229764e-01 -9.591887317971160565e-01 -1.348346292540931676e-02 -4.675750242217758057e+01 9.592499573466228835e-01 2.822896795219940747e-01 1.233110562131775612e-02 8.252025012396578063e+01 -8.021615134485637205e-03 -1.641687025407385231e-02 9.998330560955305257e-01 -1.052564229081751401e+00 3.514767374303557499e-16 -3.241690442701276720e-16 1.214388524036533711e-17 9.999999999999943379e-01
2.821896899516521118e-01 -9.592673699514988606e-01 -1.323222700269286421e-02 -4.650801340566877684e+01 9.593114734575340918e-01 2.820122243957988717e-01 1.380587498280214445e-02 8.337318317634787945e+01 -9.511875613869942223e-03 -1.658970276399468827e-02 9.998171362724950217e-01 -1.055946470610428456e+00 3.573546204387088555e-16 -3.286160517890117199e-16 1.245620447410520027e-17 9.999999999999936717e-01
2.812565987480243335e-01 -9.595585938017007210e-01 -1.191766428976696705e-02 -4.625228482394307861e+01 9.595909809825959869e-01 2.811070509340576340e-01 1.280527750534429278e-02 8.422641957393072687e+01 -8.937274613727433717e-03 -1.503765196402494578e-02 9.998469853660126860e-01 -1.064934771251929257e+00 3.632387327631337187e-16 -3.333738051263368498e-16 1.279353946654888383e-17 9.999999999999930056e-01
2.806114879010658258e-01 -9.597203420718950495e-01 -1.393046558751906590e-02 -4.601230645747066461e+01 9.597916426967215697e-01 2.804588639786644855e-01 1.195107632389882588e-02 8.507850366079362914e+01 -7.562768504306545403e-03 -1.672395375905288625e-02 9.998315427624909768e-01 -1.080261523386478295e+00 3.695444644694946605e-16 -3.400186079806726271e-16 1.315113933596901430e-17 9.999999999999925615e-01
2.798547126975324262e-01 -9.599446054564023667e-01 -1.370015460736321786e-02 -4.576458431929501813e+01 9.600171749931550869e-01 2.797155020572798523e-01 1.123661990902512404e-02 8.593474622652209405e+01 -6.954387040947675180e-03 -1.629700475947149646e-02 9.998430097452060128e-01 -1.093463571504894816e+00 3.748225533902682632e-16 -3.439256791395896457e-16 1.353344532268004688e-17 9.999999999999921174e-01
2.784571959100308192e-01 -9.604033312026041269e-01 -9.329065387128606182e-03 -4.551128363961692713e+01 9.604327059029047486e-01 2.783834898929042900e-01 8.464631536314444482e-03 8.677932116920409555e+01 -5.532402544946577079e-03 -1.131697707532723640e-02 9.999206561280478134e-01 -1.094825245933208624e+00 3.804180151763577827e-16 -3.475935733968498412e-16 1.390094153065800392e-17 9.999999999999918954e-01
2.771065454303764386e-01 -9.607355915898221355e-01 -1.410976726710331218e-02 -4.527162010396921943e+01 9.608385828492180813e-01 2.770598851906450610e-01 5.199781382573917532e-03 8.762837413105943085e+01 -1.086364543608983818e-03 -1.499810224118406851e-02 9.998869319782214271e-01 -1.095742505766306607e+00 3.832848103082059932e-16 -3.550594494755057067e-16 1.427611550266045960e-17 9.999999999999911182e-01
2.764295787780005620e-01 -9.607810356046182498e-01 -2.205650922676423431e-02 -4.504034448519986711e+01 9.610260643827448490e-01 2.764487316147427598e-01 2.236596875939075163e-03 8.848052692417887499e+01 3.948614136919950668e-03 -2.181514178854349756e-02 9.997542238143899418e-01 -1.109255726736681158e+00 3.872556631255217303e-16 -3.642184344514673106e-16 1.457727790516141807e-17 9.999999999999900080e-01
2.750903599030247171e-01 -9.611446357995007128e-01 -2.294085792656823039e-02 -4.480478586618270498e+01 9.614048227150604475e-01 2.751348582332460158e-01 1.255645319163204224e-03 8.932877382405688138e+01 5.104972930422450178e-03 -2.240086737059594421e-02 9.997360353573261360e-01 -1.107960712973067752e+00 3.920357174851050126e-16 -3.749048178323736823e-16 1.476329735166882569e-17 9.999999999999887867e-01
2.737281831582971114e-01 -9.615711455024348320e-01 -2.130290783277711750e-02 -4.456567453003562207e+01 9.618044182634910566e-01 2.737124955697830542e-01 3.705506410905329197e-03 9.018290516359007825e+01 2.267764021629297116e-03 -2.150353241297662740e-02 9.997662003386876828e-01 -1.095154969031402636e+00 3.969146707238883212e-16 -3.837271735200822406e-16 1.490019175709590790e-17 9.999999999999875655e-01
2.732888197349351844e-01 -9.617532636926862111e-01 -1.854402287778635430e-02 -4.432674118355548387e+01 9.619300872228572219e-01 2.731987859825898979e-01 7.275344186880456851e-03 9.103538075108446037e+01 -1.930881478747706369e-03 -1.982632377030257853e-02 9.998015746046867713e-01 -1.086410356258237231e+00 4.022916664353328324e-16 -3.931151270239449319e-16 1.508016420987542688e-17 9.999999999999863443e-01
2.722393093071587833e-01 -9.620324626769554133e-01 -1.947560586511745337e-02 -4.409495691110301152e+01 9.622205125167859752e-01 2.720931243001635802e-01 9.849720832704833215e-03 9.189261239474450349e+01 -4.176572741861258979e-03 -2.142130865348595634e-02 9.997618135212178458e-01 -1.090416629378127000e+00 4.076216686912669887e-16 -4.035674629515081695e-16 1.521266816909473491e-17 9.999999999999852340e-01
2.712864004529224604e-01 -9.623368484040560888e-01 -1.764877143558808703e-02 -4.386359010006255943e+01 9.624849966455842898e-01 2.711392000871404306e-01 1.030365994334110809e-02 9.274636862926614356e+01 -5.130317867307694971e-03 -1.978192053351424812e-02 9.997911559211277721e-01 -1.100914246156255771e+00 4.137614120876183118e-16 -4.117777880707659720e-16 1.536501589353019480e-17 9.999999999999837907e-01
2.698933352647102657e-01 -9.627861750772054306e-01 -1.415516372339359862e-02 -4.362796644233598897e+01 9.628685576257798306e-01 2.697594746821313505e-01 1.067551192421067885e-02 9.359545525726242943e+01 -6.459745762411337432e-03 -1.651081159619692887e-02 9.998428200395433896e-01 -1.112500531756042799e+00 4.191723753973858527e-16 -4.167295169648442633e-16 1.557038001029703117e-17 9.999999999999829026e-01
2.689558636411554238e-01 -9.630473300758072286e-01 -1.423318119889814028e-02 -4.340072630098884332e+01 9.631161633516326370e-01 2.687879796247873987e-01 1.266009083808944391e-02 9.444771751997974718e+01 -8.366558662025245022e-03 -1.711321253371854770e-02 9.998185528646815756e-01 -1.117884736253869971e+00 4.249369523226144836e-16 -4.244909487111155155e-16 1.573853950872949919e-17 9.999999999999815703e-01
2.686276341366214959e-01 -9.630561698441334473e-01 -1.902650528735741822e-02 -4.318300038935770857e+01 9.632073760011603536e-01 2.683925074189146831e-01 1.403612404900037545e-02 9.529793867554514009e+01 -8.411004404564853543e-03 -2.209696102805440779e-02 9.997204505849197620e-01 -1.115720073393543732e+00 4.298417425878352551e-16 -4.308048521208187050e-16 1.588962187975044458e-17 9.999999999999803491e-01
2.683202776489654329e-01 -9.630409247028575148e-01 -2.358825873157723019e-02 -4.296448930327471771e+01 9.633015115215181057e-01 2.680444391953847871e-01 1.422591005037483064e-02 9.615094246610510709e+01 -7.377431986320895016e-03 -2.653970542483226683e-02 9.996205367701901379e-01 -1.119035029169036966e+00 4.349381496139494798e-16 -4.370250353255009998e-16 1.600975875682219298e-17 9.999999999999792388e-01
2.687404175710620957e-01 -9.628573103020765522e-01 -2.616080965344003140e-02 -4.273787951239351202e+01 9.631990107327729200e-01 2.684930003145004629e-01 1.261643790839902038e-02 9.700002005369009339e+01 -5.123835195533951205e-03 -2.858861276994285189e-02 9.995781297788788322e-01 -1.128533965437508835e+00 4.397687216947685824e-16 -4.440810153736692355e-16 1.607355208214234431e-17 9.999999999999780176e-01
2.702562442100482909e-01 -9.623927199680840650e-01 -2.760099668587853022e-02 -4.250511179623699576e+01 9.627764221106785980e-01 2.699986156417467642e-01 1.274003843290016057e-02 9.784520675911356591e+01 -4.808689344384665422e-03 -3.001666377390532423e-02 9.995378314011549303e-01 -1.141886461874682013e+00 4.463546160546333730e-16 -4.510428260510142864e-16 1.603118434675534488e-17 9.999999999999771294e-01
2.713611030667323343e-01 -9.621012413846787847e-01 -2.691380814022766368e-02 -4.226610957235737231e+01 9.624465565959342550e-01 2.710216099751169838e-01 1.561770223483657273e-02 9.869637834201347459e+01 -7.731587094954019308e-03 -3.014113887527823665e-02 9.995157499047889749e-01 -1.153637875989686590e+00 4.545228331674517811e-16 -4.617290414723825376e-16 1.591562980126186488e-17 9.999999999999763522e-01
