1.000000000000000000e+00 4.398956837314658088e-19 2.733407509747682871e-20 -8.673617379884035472e-19 -5.583667658079949532e-19 1.000000000000000000e+00 -6.100159232558060012e-19 0.000000000000000000e+00 4.145284534913582806e-20 -2.210423569125054137e-19 1.000000000000000222e+00 0.000000000000000000e+00
9.999420517357066052e-01 -9.657983285638683038e-04 1.072195966329046735e-02 7.738992603415882632e-02 9.621018162866158121e-04 9.999994759590353777e-01 3.499141359135897879e-04 -5.422477083166593603e-03 -1.072229217627183526e-02 -3.395782346467409417e-04 9.999424569064508939e-01 2.942025461569647837e-01
9.998542782035741983e-01 -2.373445716996617962e-03 1.690529906805377305e-02 1.050866034650211334e-01 2.362743584635015361e-03 9.999969955038631175e-01 6.530095971818396456e-04 -9.126104799693654512e-03 -1.690679845090178532e-02 -6.129715408404917730e-04 9.998568819652913220e-01 5.537771800626808405e-01
9.997853273543659824e-01 -6.020424079647129952e-03 1.982558278393865836e-02 9.186035842111581196e-02 6.047281473119367305e-03 9.999808764820772300e-01 -1.295008214086289114e-03 -1.209325187044543726e-02 -1.981740749421266948e-02 1.414621126293124634e-03 9.998026151126162553e-01 9.296418863630344642e-01
9.998257516623128005e-01 -6.638379276901885777e-03 1.744701305786617446e-02 9.199735983642925996e-02 6.672491733254888244e-03 9.999759379696776529e-01 -1.897715493961779154e-03 -1.582122117923812077e-02 -1.743399579511547767e-02 2.013799909903800454e-03 9.998459883307037055e-01 1.192396353914202622e+00
9.998878305163803049e-01 -1.045320982805997972e-02 1.072645426425676909e-02 8.889704908430751118e-02 1.049280412447817917e-02 9.999383178031239217e-01 -3.641652472943590537e-03 -1.405622512488222120e-02 -1.068772586296500536e-02 3.753794625939924426e-03 9.999358387057484254e-01 1.543791451762460909e+00
9.999390196895143745e-01 -1.096326740230780909e-02 -1.328039024169420631e-03 6.645848174580142043e-02 1.095659141328964546e-02 9.999278012659227333e-01 -4.934099871298333780e-03 -2.888512184226889323e-02 1.382037018276607680e-03 4.919248259011844288e-03 9.999869454004862712e-01 1.853813285260459631e+00
9.997967135343769352e-01 -1.079068031410569846e-02 -1.703211126844833209e-02 2.642694582140912504e-02 1.070337064189519002e-02 9.999291493205116899e-01 -5.209047701281509062e-03 -3.712702253969482613e-02 1.708711399264671235e-02 5.025687810630829859e-03 9.998413739316328597e-01 2.173213832708522641e+00
9.993399887034580820e-01 -6.271083829476150305e-03 -3.578072699967094900e-02 1.326833698133199173e-02 6.072952640289863181e-03 9.999656352043223562e-01 -5.643371913460121236e-03 -3.893629531202034977e-02 3.581488807640487160e-02 5.422352584909279072e-03 9.993437306331400816e-01 2.527826167858753248e+00
9.984314216976311052e-01 -3.696621032781028954e-03 -5.586618864834708154e-02 -4.023226608934905857e-02 3.344409048256413199e-03 9.999739479590010749e-01 -6.396743409661316028e-03 -5.397252403768018625e-02 5.588838051864775808e-02 6.199870237966608778e-03 9.984177736112711532e-01 2.873239056461615704e+00
9.971609724722007018e-01 -2.964888778430580570e-03 -7.524097430785872676e-02 -8.731871774257154994e-02 2.479447863898049526e-03 9.999755112367739729e-01 -6.544406884149396933e-03 -5.826127515924163502e-02 7.525853648546479424e-02 6.339271050837209931e-03 9.971439046247130289e-01 3.220881445727457493e+00
9.953137731399770427e-01 -3.294104772468243406e-03 -9.664182107519388165e-02 -1.425944988580097883e-01 2.702993345298432964e-03 9.999768353971800749e-01 -6.246798540548739904e-03 -6.285491425965782086e-02 9.666016168310359591e-02 5.956302394309364798e-03 9.952996211694621342e-01 3.601085273649554885e+00
9.932530649039297277e-01 -4.304884549804445168e-03 -1.158870857405697868e-01 -2.079004522899414176e-01 3.692730100345541309e-03 9.999780758087688515e-01 -5.496511650697944243e-03 -7.386577105848010638e-02 1.159082088606932098e-01 5.031487256311696979e-03 9.932471855721960452e-01 4.000770601235602797e+00
9.910948450115010244e-01 -4.088795533752886610e-03 -1.330950391937994748e-01 -2.902815442862693440e-01 3.457790325301986385e-03 9.999816622553859835e-01 -4.971803849207617754e-03 -8.153813721247563095e-02 1.331129295214010522e-01 4.467314348191258819e-03 9.910908089509075092e-01 4.401164437010278263e+00
9.887875868903731602e-01 -3.334559157521898697e-03 -1.492916211293565665e-01 -3.729209137263331808e-01 2.711920076455999560e-03 9.999867567000523261e-01 -4.374003861296524992e-03 -8.790225781345163691e-02 1.493042319721140654e-01 3.920093679880019832e-03 9.887835353464862198e-01 4.818123687434374247e+00
9.866574681541838698e-01 -2.540475583895441918e-03 -1.627900053426883653e-01 -4.526182448748279907e-01 1.841140388354649228e-03 9.999884186543659403e-01 -4.446656786181377163e-03 -9.323303127792705036e-02 1.627994194536305783e-01 4.087607762874609016e-03 9.866507189329392080e-01 5.226587010522620425e+00
9.845152546950757255e-01 -3.283256546850815954e-03 -1.752681737529619699e-01 -5.333349294705536092e-01 2.400179895602662459e-03 9.999833372716538937e-01 -5.250172564165026326e-03 -9.582372861630521210e-02 1.752824940012926713e-01 4.748199717616446124e-03 9.845067306362760284e-01 5.674445824025843521e+00
9.827782113820326959e-01 -6.400190176100791981e-03 -1.846781632031295473e-01 -6.290531338829044028e-01 5.180584976165453388e-03 9.999614763138723328e-01 -7.085719377420014384e-03 -1.111165298027036036e-01 1.847164018644178174e-01 6.006949588983984123e-03 9.827735081297468422e-01 6.112526516919428943e+00
9.812399558324745863e-01 -5.794603290316555251e-03 -1.927033231474955810e-01 -7.264641445036729150e-01 4.198106689680915736e-03 9.999534111558745497e-01 -8.692031489300271543e-03 -1.214836164773362148e-01 1.927447155273200874e-01 7.719979383283772853e-03 9.812185676288738279e-01 6.553319602799003718e+00
9.796569129590383396e-01 -5.679999063914214878e-03 -2.005992760188166912e-01 -8.308256767711451607e-01 3.601932443607999256e-03 9.999360222117409380e-01 -1.072275900215704202e-02 -1.185995231770532732e-01 2.006473508473953227e-01 9.782079852384842344e-03 9.796146959289789846e-01 7.028221933690221412e+00
9.780332657470129920e-01 -6.285692457170099362e-03 -2.083540739594935132e-01 -9.406796883862371672e-01 3.628323345754142903e-03 9.999071645120901630e-01 -1.313383499192547800e-02 -1.338679420724489255e-01 2.084172901527974464e-01 1.208935150320170418e-02 9.779652763662626258e-01 7.500052037988279352e+00
9.762497233041935729e-01 -9.918603301756156315e-03 -2.164211125699092575e-01 -1.045542425332601777e+00 6.814450515138280665e-03 9.998629987463723001e-01 -1.508466077827959675e-02 -1.445404526272602852e-01 2.165410851101765011e-01 1.325160487979007429e-02 9.761835660006477067e-01 8.013228269090497236e+00
9.744419160751075504e-01 -1.540962645987616064e-02 -2.241104514676810211e-01 -1.164962491236330333e+00 1.209374652552253765e-02 9.997962620407714329e-01 -1.616093078434062760e-02 -1.656524488255740890e-01 2.243138294414630529e-01 1.303755329104942101e-02 9.744297456959856163e-01 8.529572771020232480e+00
9.724769505008798998e-01 -1.633081739914461761e-02 -2.324260827041848276e-01 -1.299415245774823813e+00 1.233184529304061187e-02 9.997500560881806830e-01 -1.864808092468847600e-02 -1.833557766034905612e-01 2.326725316401359878e-01 1.526858631575195302e-02 9.724352752443914394e-01 9.031562383055184995e+00
9.703749887777558536e-01 -1.267624490563053208e-02 -2.412709942238560890e-01 -1.435887540338433022e+00 7.510062240652750840e-03 9.997226712715239216e-01 -2.231993497563287271e-02 -1.858425000734459653e-01 2.414870199714702903e-01 1.984674643899467586e-02 9.702010756387222656e-01 9.574512430585583544e+00
9.682956484549086751e-01 -9.160589391615500676e-03 -2.496389780904152700e-01 -1.596640617080511859e+00 2.896483324607746976e-03 9.996719388690379349e-01 -2.544847767895749846e-02 -2.008700635275791346e-01 2.497902086026548008e-01 2.391857505760335012e-02 9.680045221292656876e-01 1.010993628552309609e+01
9.659494458022649388e-01 -1.253668716820667724e-02 -2.584269686829852031e-01 -1.770895878708278692e+00 5.595366406032184492e-03 9.996039963380269899e-01 -2.757793263329845479e-02 -2.245425225430756344e-01 2.586703710271183732e-01 2.519289516911141225e-02 9.656370740001959385e-01 1.067855391819365529e+01
9.636477847721094392e-01 -1.388711578757086118e-02 -2.668147172620176644e-01 -1.924735262169704253e+00 6.319089600793317829e-03 9.995535547476925853e-01 -2.920205959432231255e-02 -2.568315275087318383e-01 2.671011360818525970e-01 2.645447394323146087e-02 9.633053230916910348e-01 1.122879166809069140e+01
9.614638794307613923e-01 -1.394870814515741450e-02 -2.745772030546545506e-01 -2.100602875240793921e+00 5.352674225717106438e-03 9.994725468689118486e-01 -3.203087450263199937e-02 -2.772616357269341858e-01 2.748791705018833187e-01 2.932680657214523437e-02 9.610314155670414138e-01 1.178772610939631704e+01
9.590887643895641412e-01 -1.350592925928453293e-02 -2.827831857673873128e-01 -2.282046402888421088e+00 3.615138632024682969e-03 9.993642299057612366e-01 -3.546923662377001601e-02 -2.953936475218861268e-01 2.830824505464495378e-01 3.299584596309519668e-02 9.585278306321884934e-01 1.240913027915182631e+01
9.569002539765781856e-01 -1.452972372438932069e-02 -2.900530800469078296e-01 -2.475577667551229322e+00 2.811121528696401087e-03 9.991643003195558315e-01 -4.077742697473905192e-02 -3.320404005817939042e-01 2.904031725214552551e-01 3.820455586801917158e-02 9.561414179585360218e-01 1.298839357421319818e+01
9.550339390692355046e-01 -1.595465353353211005e-02 -2.960669221085671654e-01 -2.674146391520241473e+00 1.878660028280865809e-03 9.988567385843974966e-01 -4.776700123033133377e-02 -3.721426084029300085e-01 2.964905512665160225e-01 4.506289840602869384e-02 9.539720593922603742e-01 1.359367645992509743e+01
9.537754229064822065e-01 -1.641732782210906377e-02 -3.000715115959808887e-01 -2.888610505602045020e+00 -3.337621648727513365e-04 9.984482001191679057e-01 -5.568734385346376520e-02 -4.003419023401887933e-01 3.005201031927959288e-01 5.321337267910425384e-02 9.522898752462453098e-01 1.420927129650887721e+01
9.524436887162767151e-01 -1.651119635347839468e-02 -3.042669851222621347e-01 -3.090746075188155917e+00 -3.325965029852611873e-03 9.979080774541185805e-01 -6.456320074333972425e-02 -4.501356089140769456e-01 3.046965030569737110e-01 6.250479473271162989e-02 9.503963350427082624e-01 1.483239679785708454e+01
9.511625093487441340e-01 -1.481947035586229401e-02 -3.083346592148388798e-01 -3.322505979078445915e+00 -8.203353552824258627e-03 9.972807338127180898e-01 -7.323826144205450306e-02 -4.950024906298718386e-01 3.085815727195289626e-01 7.219086714921110759e-02 9.484544763615315732e-01 1.548133052851510172e+01
9.497701022528233228e-01 -1.444251181156546750e-02 -3.126150422370400639e-01 -3.550231329406349889e+00 -1.128955035142381949e-02 9.967030970447867677e-01 -8.034601654621700839e-02 -5.551997114864507532e-01 3.127447844112027364e-01 7.983952807050090361e-02 9.464757533538754597e-01 1.612803955275227352e+01
9.482001485366722271e-01 -1.341020601799183115e-02 -3.173903630293356537e-01 -3.790436937310694976e+00 -1.488207155380906130e-02 9.961364995886706764e-01 -8.654824154098011979e-02 -6.192421365311613357e-01 3.173247603906514946e-01 8.678848209675188441e-02 9.443372056546928128e-01 1.678593034373665205e+01
9.465966520473756418e-01 -1.168484879730143089e-02 -3.222083804526747475e-01 -4.032643143534669683e+00 -1.923587055209792160e-02 9.955162448239571749e-01 -9.261418658727210707e-02 -6.888976990309308990e-01 3.218458652065355197e-01 9.386623823152864809e-02 9.421275766028478493e-01 1.745930955919269678e+01
9.448744784466092117e-01 -1.060811225086818674e-02 -3.272608831849093125e-01 -4.273355210178805486e+00 -2.277737017425367910e-02 9.949243795877389385e-01 -9.801362298889979008e-02 -7.648950064283096539e-01 3.266395762380804313e-01 1.000647138128481911e-01 9.398370297954863339e-01 1.813988132871129721e+01
9.430588322151262082e-01 -7.278378148961155321e-03 -3.325463303798710801e-01 -4.527507130515671108e+00 -2.794567943844179433e-02 9.944921717000422268e-01 -1.010166294089668571e-01 -8.391167265549600573e-01 3.314499651540857017e-01 1.045578583773375536e-01 9.376612273125375374e-01 1.883455289804530963e+01
9.414209239788033923e-01 -6.696029715702441799e-03 -3.371673244512763956e-01 -4.795907032845247109e+00 -2.971555422287179560e-02 9.942667681109885747e-01 -1.027160146131680107e-01 -9.143107288132663601e-01 3.359220611915934573e-01 1.067181199773217237e-01 9.358245637329426492e-01 1.952839878478142310e+01
9.392516811757689599e-01 -6.015951362471896532e-03 -3.431764637261721651e-01 -5.080824463081104803e+00 -3.085036868646384017e-02 9.943196457303214997e-01 -1.018660731622166443e-01 -1.004830466473839001e+00 3.418399269903075188e-01 1.062650015738239029e-01 9.337308050198511733e-01 2.024077534257036959e+01
9.370286262115598008e-01 -5.924989632290326297e-03 -3.492022989565876090e-01 -5.358173911596025185e+00 -3.109355214784615892e-02 9.944704627936508112e-01 -1.003079739790494196e-01 -1.092914077859817201e+00 3.478657014770409894e-01 1.048493836009604524e-01 9.316630630532600765e-01 2.095197411817345667e+01
9.344717747648282336e-01 -5.938147593976469095e-03 -3.559876934939436022e-01 -5.633525832064553818e+00 -3.127063301040608478e-02 9.946280769913897757e-01 -9.867692725521891306e-02 -1.175478999704633321e+00 3.546613192090108391e-01 1.033427644926902811e-01 9.292661751806239323e-01 2.168698227743416496e+01
9.314711228060699177e-01 -5.265810164549369031e-03 -3.637771513756307140e-01 -5.931089104887250940e+00 -3.157648660958544545e-02 9.949519059420128819e-01 -9.525560541386131341e-02 -1.266625870961882949e+00 3.624423742107534818e-01 1.002146506742963433e-01 9.266026936710429762e-01 2.239666766595740555e+01
9.279543404898621395e-01 -2.867530436054585748e-03 -3.726828629670188020e-01 -6.255088454767478545e+00 -3.295640421073525728e-02 9.954217788889186957e-01 -8.971821193946212525e-02 -1.341394823237627154e+00 3.712339144524214318e-01 9.553669180870971722e-02 9.236114573488219959e-01 2.318371450765434716e+01
9.244470529932778957e-01 1.964987391897586122e-04 -3.813103782844190492e-01 -6.576301333436943786e+00 -3.504512278225443284e-02 9.958112405281297486e-01 -8.445006002286688240e-02 -1.424625970918790285e+00 3.796965729787534216e-01 9.143267863517091920e-02 9.205816534820845387e-01 2.391391735671187391e+01
9.210765394590154642e-01 3.646772793217879782e-03 -3.893644903836563920e-01 -6.904514932943270011e+00 -3.796986910833183987e-02 9.960317637960266479e-01 -8.049232629626235092e-02 -1.494814307952426535e+00 3.875258695120111785e-01 8.892371255768320715e-02 9.175599582017961442e-01 2.465592843507342735e+01
9.171651760733772196e-01 4.469602326813102225e-03 -3.984821943115204324e-01 -7.244418535290567007e+00 -3.890635895313512144e-02 9.961644606140110936e-01 -7.837514077102726573e-02 -1.572926369313828010e+00 3.966035012289290118e-01 8.738644151507006519e-02 9.138212494104209771e-01 2.539894925481809906e+01
9.130517240074251806e-01 5.105513383462970470e-03 -4.078118188689676127e-01 -7.584705584434260572e+00 -4.026667713729491227e-02 9.961646982285409235e-01 -7.768197196373739788e-02 -1.651082729105258329e+00 4.058511380700301485e-01 8.734888570175465550e-02 9.097554777258850534e-01 2.617157372786484970e+01
9.092877685169131752e-01 4.938229722516019812e-03 -4.161386360034943221e-01 -7.963242425518203937e+00 -4.043935418438387303e-02 9.962460853935277694e-01 -7.654015956089831041e-02 -1.718778487917156150e+00 4.141985212939093830e-01 8.642540899731007698e-02 9.060740792678556588e-01 2.691578013160530602e+01
9.054270001618837105e-01 4.944454406550179842e-03 -4.244731983069883197e-01 -8.347488603192305234e+00 -4.061251432904906811e-02 9.963544442789751265e-01 -7.502296383084428033e-02 -1.790487572165589292e+00 4.225548172176231687e-01 8.516674133135701541e-02 9.023270228847921626e-01 2.771770234029816038e+01
9.016680906488286906e-01 5.596811510874475683e-03 -4.323925603115441052e-01 -8.741315785567998375e+00 -4.098213684577124705e-02 9.965216158049380324e-01 -7.256124139848073307e-02 -1.864993559403577805e+00 4.304824286430738445e-01 8.314652743689283920e-02 8.987611124978447386e-01 2.849427895858758220e+01
8.976296194976756126e-01 6.395705631908274631e-03 -4.407041606578471771e-01 -9.123714600286103149e+00 -4.063056102826604482e-02 9.968378129590940162e-01 -6.829005951950949116e-02 -1.933063334393695154e+00 4.388738160735617955e-01 7.920523776510056402e-02 8.950510084574367919e-01 2.927231022942267558e+01
8.938193891888418507e-01 7.520300443707376992e-03 -4.483640714146615580e-01 -9.536438184724252309e+00 -3.991961101439623488e-02 9.972240436327135527e-01 -6.285404938661033614e-02 -1.992375869437265301e+00 4.466467586396421496e-01 7.407868762790133232e-02 8.916383936466645288e-01 3.008068265968768173e+01
8.902033034076791695e-01 7.349617470222448781e-03 -4.555041795101983926e-01 -9.978422714002592286e+00 -3.813761335134040198e-02 9.975623191459475070e-01 -5.843750451764856413e-02 -2.069725158763513040e+00 4.539643201795541816e-01 6.939310206667397007e-02 8.883135693532381305e-01 3.089262829593221937e+01
8.863536061395401733e-01 6.455882734243390507e-03 -4.629639318173749962e-01 -1.039960469878125693e+01 -3.672273434236317941e-02 9.977330467698743988e-01 -5.639333497852024035e-02 -2.131950261292979043e+00 4.615503534037136979e-01 6.698573749464829807e-02 8.845813622718270430e-01 3.169951511074727790e+01
8.832975365680775237e-01 6.670936836054323568e-03 -4.687653529193813728e-01 -1.084954846139011586e+01 -3.689554733092446220e-02 9.977865844377530324e-01 -5.532314677175456663e-02 -2.191384957125291244e+00 4.673587312004792160e-01 6.616215370762201786e-02 8.815885605648339229e-01 3.250527003815104621e+01
8.801172135104193828e-01 6.910820780426247742e-03 -4.747061475684600795e-01 -1.128489981292280575e+01 -3.669348590211257699e-02 9.978932777592198766e-01 -5.350321823675587701e-02 -2.250481868428840571e+00 4.733363305482399808e-01 6.450772684445525706e-02 8.785166337603504960e-01 3.333036937949076872e+01
8.770858050904924985e-01 5.504614266661051435e-03 -4.803021810651629253e-01 -1.175511028595814622e+01 -3.482181015284215725e-02 9.980319539044989474e-01 -5.215036515610722845e-02 -2.307479601814713011e+00 4.790698648215233058e-01 6.246533651362499301e-02 8.755513410908836169e-01 3.417681965761320839e+01
8.744610595018559307e-01 4.389071099758345279e-03 -4.850758567411030397e-01 -1.223585941132123089e+01 -3.377524746708981257e-02 9.980832156378988129e-01 -5.185679686147366685e-02 -2.370805217745604931e+00 4.839184760733023505e-01 6.173030675729109656e-02 8.729331488487063195e-01 3.500430281864949222e+01
8.724993532263947138e-01 4.465318493643280137e-03 -4.885948575366010904e-01 -1.270933264497735493e+01 -3.430675972423503223e-02 9.980502603405062567e-01 -5.214138598913880401e-02 -2.432087349548925914e+00 4.874094052474494121e-01 6.225543206329721413e-02 8.709513979164421604e-01 3.582968397374300906e+01
8.709912885103530122e-01 4.353347971505431256e-03 -4.912791659676326028e-01 -1.322697384466414583e+01 -3.467430944405883869e-02 9.980118786572976797e-01 -5.263062212695631542e-02 -2.486038156959596179e+00 4.900733323831156785e-01 6.287557934055233722e-02 8.694106021519395489e-01 3.670581812548801537e+01
8.704439103712513504e-01 3.946968681536903653e-03 -4.922517806290204190e-01 -1.371817434939397629e+01 -3.382408764091240222e-02 9.980840975027787110e-01 -5.180796722283362993e-02 -2.547498903334661779e+00 4.911041982308295140e-01 6.174589707114163523e-02 8.689097280027925363e-01 3.759214276494524398e+01
8.702784078065376461e-01 4.079524374767540956e-03 -4.925432423430292639e-01 -1.422997303389207779e+01 -3.322585832512952447e-02 9.981742793457989427e-01 -5.043957227176416175e-02 -2.607286888209575437e+00 4.914382349567981700e-01 6.026164274609954741e-02 8.688250689206616917e-01 3.848323485977990543e+01
8.700085939157727877e-01 2.871841391788589829e-03 -4.930281880624262647e-01 -1.473606496462476834e+01 -3.153313660092735976e-02 9.982598364024853899e-01 -4.982931243727654891e-02 -2.671875577105374155e+00 4.920271449356240501e-01 5.889865534933179381e-02 8.685851954782324302e-01 3.936751775587707414e+01
8.694785062517907948e-01 1.586338342174417127e-03 -4.939682235390818743e-01 -1.525648636944923275e+01 -3.036563958550647299e-02 9.982752744613304641e-01 -5.024345116330256045e-02 -2.732997358322285297e+00 4.930365692940023026e-01 5.868526200485844890e-02 8.680270653266541903e-01 4.026580059771514186e+01
8.682940475782419121e-01 -5.284875340304103983e-04 -4.960495567747871815e-01 -1.578620849198811626e+01 -2.839582505220223860e-02 9.983067024351329755e-01 -5.076814986489205928e-02 -2.792634429402042429e+00 4.952364361197026943e-01 5.816741885624156227e-02 8.668087612268967623e-01 4.118782029093173946e+01
8.667983044182036023e-01 -9.492956200176557715e-04 -4.986579924000626995e-01 -1.632870202989786890e+01 -2.718781305761021339e-02 9.984207999079751650e-01 -4.916023981321818864e-02 -2.856979416721598941e+00 4.979171878184918687e-01 5.616943286215426989e-02 8.654036478729053572e-01 4.208863808578051646e+01
8.649225869469578942e-01 -2.964088230795327650e-04 -5.019051959880856950e-01 -1.686426063893182103e+01 -2.609084123704123390e-02 9.986212118084004663e-01 -4.555154635992487988e-02 -2.919907076070282770e+00 5.012266855373396224e-01 5.249369013473481616e-02 8.637223090359132938e-01 4.303292117775518477e+01
8.618695388569937998e-01 -7.647409434459531696e-04 -5.071294786304716418e-01 -1.740976778649445933e+01 -2.336999327019927825e-02 9.988765928905420921e-01 -4.122372656573388555e-02 -2.979507877518894787e+00 5.065912999649024862e-01 4.738108668969505388e-02 8.608834372013725034e-01 4.394454920182996460e+01
8.578045027539308309e-01 -1.975421645058253548e-03 -5.139723023414035641e-01 -1.796577462593891994e+01 -2.108816523680518210e-02 9.990152873445443671e-01 -3.903517614661992929e-02 -3.042421657638017862e+00 5.135433070907194919e-01 4.432328265183168442e-02 8.569181544987948262e-01 4.483205439649923107e+01
8.527817036591870403e-01 -4.533793979892297883e-03 -5.222478389374469732e-01 -1.852225676844010493e+01 -1.965364536938027720e-02 9.989754508558050805e-01 -4.076497080860447958e-02 -3.109141335053731581e+00 5.218975993324540541e-01 4.502769502680517566e-02 8.518188820395756755e-01 4.574226771686588933e+01
8.469986360441589257e-01 -8.017110439531708807e-03 -5.315345999711503788e-01 -1.908853852428151754e+01 -1.812870814413899967e-02 9.988690615017001839e-01 -4.395392979606721484e-02 -3.173535948849181665e+00 5.312858596914160625e-01 4.686495417832012289e-02 8.458953935600316276e-01 4.662655641317625310e+01
8.408016989512985262e-01 -8.121715749755353125e-03 -5.412823062625644610e-01 -1.968685206709218249e+01 -1.852924601564883908e-02 9.988697858630076754e-01 -4.377005782324510513e-02 -3.231365456536707370e+00 5.410260386376791741e-01 4.683149194992544673e-02 8.397009244659464633e-01 4.753558380300449215e+01
8.351319275251131158e-01 -5.339375274642846163e-03 -5.500237711444868616e-01 -2.028009133461119262e+01 -1.914228597600762388e-02 9.990650540346218689e-01 -3.876326518958506800e-02 -3.276672117552620556e+00 5.497165097344762774e-01 4.290115260255990964e-02 8.342489172140610254e-01 4.838593545453559841e+01
8.299326696923118307e-01 -8.742960510441029646e-04 -5.578628804162170107e-01 -2.087335829492927530e+01 -2.170561610690331655e-02 9.991909439719834918e-01 -3.385740325796415817e-02 -3.344484385730542630e+00 5.574411490960506921e-01 4.020812246960860786e-02 8.292422313039156112e-01 4.927113734780235887e+01
8.257550787567234929e-01 -8.158858884066873263e-04 -5.640282599980560585e-01 -2.148838858793106610e+01 -2.295411019051486062e-02 9.991218895645055387e-01 -3.505080116546151897e-02 -3.395617022986016753e+00 5.635615880674097466e-01 4.189014378989622256e-02 8.250112474539571528e-01 5.018030616912924557e+01
8.222281051110995609e-01 -2.449269809081362683e-03 -5.691528248020216729e-01 -2.211835359984362270e+01 -2.433659972937581017e-02 9.989248728019072265e-01 -3.945666555142449128e-02 -3.444460922440962136e+00 5.686375629397616427e-01 4.629362375215802239e-02 8.212844992031587132e-01 5.104157091166208460e+01
8.194249504190992406e-01 -4.862786934689448254e-03 -5.731658552222480552e-01 -2.273298109875310047e+01 -2.632636763367315544e-02 9.985894218273757561e-01 -4.610953293859894331e-02 -3.520223167009775889e+00 5.725815906735253202e-01 5.287267674027357200e-02 8.181410687474356402e-01 5.189820491487125054e+01
8.162745651865583874e-01 -5.731116795108009455e-03 -5.776356828468851567e-01 -2.335154018092730510e+01 -2.685157886248465756e-02 9.984934777612054502e-01 -4.785151645673924731e-02 -3.574598139115533257e+00 5.770397144114962629e-01 5.457040587197540399e-02 8.148909406665233446e-01 5.277192216062258723e+01
8.130638531587418560e-01 -4.753871553650747435e-03 -5.821551037872142453e-01 -2.398443863260791176e+01 -2.575352344933850082e-02 9.986940684165910298e-01 -4.412384599532073737e-02 -3.637643144534425943e+00 5.816046181668774739e-01 5.086804931006012193e-02 8.118796192581767546e-01 5.360619076975638109e+01
8.097870461290197497e-01 -3.101821376057969318e-03 -5.867156994681245186e-01 -2.464483712011923089e+01 -2.412587815096918845e-02 9.989642303351601305e-01 -3.857989838490882839e-02 -3.698740427474489056e+00 5.862276752035248117e-01 4.539653332470738184e-02 8.088734599218364574e-01 5.449498667059962287e+01
8.067875537133255559e-01 -9.586195256037791058e-04 -5.908408563304181627e-01 -2.528470440416026221e+01 -2.492251949516206128e-02 9.990534394752565994e-01 -3.565239322758798762e-02 -3.758957142210924030e+00 5.903157769575455571e-01 4.348914975104419683e-02 8.059999900703288533e-01 5.536381406627764079e+01
8.038930294773645180e-01 -6.538996873807691613e-04 -5.947735390693709157e-01 -2.591516573997866502e+01 -2.582077772638055602e-02 9.990182493816125442e-01 -3.599756783751081185e-02 -3.812366367325146665e+00 5.942131688224265851e-01 4.429570909095200543e-02 8.030869236264692734e-01 5.619308206706644171e+01
8.001616219453774326e-01 -2.118805746195410230e-03 -5.997806953612491165e-01 -2.657858719989777896e+01 -2.536081709617001023e-02 9.989799103668982605e-01 -3.736265097688164227e-02 -3.864459472395038286e+00 5.992480398222724824e-01 4.510708780132907658e-02 7.992916515582502157e-01 5.706281348331437187e+01
7.961886417617423106e-01 -4.222151018401683331e-03 -6.050337289449519984e-01 -2.722178157941098675e+01 -2.504866100386080041e-02 9.988883352572415220e-01 -3.993317312048243195e-02 -3.929699689794940110e+00 6.045297485884715272e-01 4.694962353684078993e-02 7.951977885306932281e-01 5.792703238711020219e+01
7.922398920821964730e-01 -4.751788602700566383e-03 -6.101912542630038017e-01 -2.788543886284341511e+01 -2.515114170904772517e-02 9.988656348317366263e-01 -4.043344740993652653e-02 -3.976413554981529153e+00 6.096912162623102649e-01 4.737999661468082768e-02 7.912216906824888207e-01 5.875165132263862233e+01
7.873971655191110974e-01 -5.009612220518822913e-03 -6.164256648318435783e-01 -2.858214999517893062e+01 -2.446977578586838342e-02 9.989248483158642555e-01 -3.937483378496857422e-02 -4.040551457794324897e+00 6.159601770080647132e-01 4.608743020170334020e-02 7.864280108990326923e-01 5.962567874693299785e+01
7.827512586310042542e-01 -5.103304494304405914e-03 -6.223137601014879783e-01 -2.925193505233160352e+01 -2.445933397884523033e-02 9.989414863784695786e-01 -3.895699961416208140e-02 -4.095652913732445555e+00 6.218538526625748686e-01 4.571502044964798062e-02 7.817978831971303944e-01 6.043932395866681162e+01
7.771754424563579455e-01 -5.949398598469993887e-03 -6.292558531819472112e-01 -2.994971968273495833e+01 -2.429037897182131575e-02 9.989264647537867692e-01 -3.944484185464259413e-02 -4.155291493152139637e+00 6.288150087736449345e-01 4.594042543306371684e-02 7.761966049541445534e-01 6.129259027013491590e+01
7.719107239927495145e-01 -7.466074226184107529e-03 -6.356870961753519067e-01 -3.065082945258001246e+01 -2.374438645243459947e-02 9.988947494343735078e-01 -4.056456221461944567e-02 -4.211494313168541836e+00 6.352873716389761949e-01 4.640622052989736013e-02 7.708802927599937016e-01 6.212166247491325777e+01
7.667360329547526776e-01 -8.417834258643884862e-03 -6.419073048499722711e-01 -3.133716583631753494e+01 -2.348509314821790872e-02 9.988768844594703156e-01 -4.115118630969413077e-02 -4.278837484565707783e+00 6.415327837079451978e-01 4.662735005481560141e-02 7.656772070709138012e-01 6.293768810097202504e+01
7.607432581338218203e-01 -9.839893885899128959e-03 -6.489783229955330413e-01 -3.205472455530488674e+01 -2.302885628836404824e-02 9.988463038377048964e-01 -4.213944860315736729e-02 -4.334608563798996173e+00 6.486442580820773740e-01 4.700252982477093333e-02 7.596389909559717601e-01 6.377692461999382090e+01
7.546779211481430272e-01 -1.181736948819071820e-02 -6.559890067504516864e-01 -3.277993824361956143e+01 -2.190515847932198931e-02 9.988265292532836348e-01 -4.319407979666296804e-02 -4.397594024761860787e+00 6.557296745488597756e-01 4.696716135947694853e-02 7.535334682445676835e-01 6.457829455523268791e+01
7.485076143620286171e-01 -1.266769559134052654e-02 -6.630051828129451819e-01 -3.353959931773708547e+01 -2.129226719782786187e-02 9.988428738902749293e-01 -4.312253091474835265e-02 -4.464285703585289866e+00 6.627842767298733895e-01 4.639442609476774476e-02 7.473717736202903916e-01 6.543068819069699771e+01
7.423312447987433504e-01 -1.295831489579456208e-02 -6.699077523184442384e-01 -3.429050006594529520e+01 -2.031659328773367107e-02 9.989179274915245266e-01 -4.183551371774536787e-02 -4.521070995308355656e+00 6.697249928690438558e-01 4.466605214610883112e-02 7.412647206846489922e-01 6.623959433393729057e+01
7.361350472210779206e-01 -1.352549288491436234e-02 -6.766995231870887029e-01 -3.501460393888521594e+01 -1.915169581032901552e-02 9.989837312266895974e-01 -4.080094759619605493e-02 -4.583838413911453635e+00 6.765636791913076653e-01 4.299495071489546627e-02 7.351279009756032101e-01 6.703338302914015401e+01
7.296659610061714263e-01 -1.496680767653619203e-02 -6.836399426893433606e-01 -3.580818326861270151e+01 -1.820161604100925534e-02 9.989810875296951664e-01 -4.129755394553036307e-02 -4.649684815242047797e+00 6.835614777677377907e-01 4.257677093180505662e-02 7.286500761238082768e-01 6.785041941961668499e+01
7.229355929286446214e-01 -1.630823169090791017e-02 -6.907229264409621150e-01 -3.658692894442512511e+01 -1.829486010459363890e-02 9.989190135310576091e-01 -4.273292091263916626e-02 -4.713766706692319453e+00 6.906731745947504164e-01 4.352982862946052495e-02 7.218557534782996665e-01 6.864508764906778993e+01
7.170071505175220627e-01 -1.551169462134962575e-02 -6.968931943577962862e-01 -3.736732493580352354e+01 -2.002655126534742466e-02 9.988812950694446746e-01 -4.283801627554519043e-02 -4.774565445456310009e+00 6.967780787522794839e-01 4.467153107337450829e-02 7.158943863048016221e-01 6.944097544468600347e+01
7.115545694650661224e-01 -1.568717615181977956e-02 -7.024556910925051634e-01 -3.818083451508454829e+01 -1.960270354359390857e-02 9.989183650129508374e-01 -4.216436987168076245e-02 -4.829830461674040620e+00 7.023573424556122102e-01 4.377228050962098105e-02 7.104774170613402662e-01 7.024571066133235320e+01
7.070111000880058283e-01 -1.552453245247203094e-02 -7.070320246657292307e-01 -3.898920964895464181e+01 -2.025916796897054423e-02 9.989041072752283812e-01 -4.219183115692765051e-02 -4.890432303396512026e+00 7.069122140621159067e-01 4.415397330160308886e-02 7.059217786402031125e-01 7.103849840866989496e+01
7.020080230436832602e-01 -1.594586837744425140e-02 -7.119904882797905010e-01 -3.982358403040908001e+01 -2.063989089404445060e-02 9.988738013789812964e-01 -4.272146834602449234e-02 -4.962553185029749514e+00 7.118698887665095842e-01 4.468621932540711716e-02 7.008883025832278735e-01 7.184426892204703563e+01
6.967185960974533465e-01 -1.801193145904977228e-02 -7.171183713927604675e-01 -4.064630242852106790e+01 -2.055130678832952154e-02 9.987731843697038592e-01 -4.505296890130098403e-02 -5.031141625639294901e+00 7.170501027237989877e-01 4.612696070203158027e-02 6.954936831019804533e-01 7.264359924491375864e+01
6.915430417451639000e-01 -1.988934988376348315e-02 -7.220613723677012930e-01 -4.148818059356843690e+01 -2.098307835592466350e-02 9.986458607797932263e-01 -4.760415111129332605e-02 -5.091698100350743772e+00 7.220304288156116357e-01 4.807138963355891970e-02 6.901892574067137742e-01 7.342161144471211287e+01
6.867652611628252135e-01 -2.049179741921576189e-02 -7.265903608472403796e-01 -4.232619482611222139e+01 -2.158129356435433202e-02 9.985870288540887874e-01 -4.856123563211239141e-02 -5.157511713947938503e+00 7.265588291671406518e-01 4.903092937548704511e-02 6.853526431790779583e-01 7.419896210508022705e+01
6.818170574817016272e-01 -2.019964523064307627e-02 -7.312437791324329917e-01 -4.318885722644021996e+01 -2.104320244518155525e-02 9.986634200371651282e-01 -4.720759625147901567e-02 -5.236031682937883680e+00 7.312200026596080704e-01 4.757465505638508452e-02 6.804806902573343752e-01 7.498268235396859893e+01
6.770626278387353869e-01 -2.055876139616093917e-02 -7.356381755071333961e-01 -4.405615651844705383e+01 -2.000818357134577161e-02 9.987259637521400668e-01 -4.632625550459482794e-02 -5.305730388150130317e+00 7.356533689316591129e-01 4.608455973881570716e-02 6.757886830601227413e-01 7.576557770714717321e+01
6.717593858947135121e-01 -2.132305519603597960e-02 -7.404624532053875052e-01 -4.493075330928672173e+01 -1.954837921047541949e-02 9.987272329107568236e-01 -4.649489373122463881e-02 -5.377204041383215838e+00 7.405114429261419051e-01 4.570822187095554406e-02 6.704875625177179055e-01 7.654289721906479826e+01
6.670327558267611368e-01 -2.192277717854431915e-02 -7.447057702304070714e-01 -4.580126762014440089e+01 -1.934063537758804255e-02 9.987205895460804506e-01 -4.672391111333840108e-02 -5.439985039862194505e+00 7.447773166257871669e-01 4.556946173869324407e-02 6.657553477420998789e-01 7.731422469121272911e+01
6.624283703380895449e-01 -2.272740541999285560e-02 -7.487804142935657881e-01 -4.670913099541323277e+01 -1.836946430884377895e-02 9.987463206368113466e-01 -4.656554330390196700e-02 -5.511789461186688222e+00 7.489000106449383853e-01 4.460103182871872490e-02 6.611804083399096532e-01 7.811076424391649198e+01
6.584927737632821909e-01 -2.365389887056170912e-02 -7.522152281743901270e-01 -4.758296069814728213e+01 -1.693257367457406612e-02 9.987872849395678099e-01 -4.623037331234651492e-02 -5.579322554308774329e+00 7.523965469986805266e-01 4.317930627800071336e-02 6.572936893210875597e-01 7.887563061346631343e+01
6.542910463372574315e-01 -2.620581980114593604e-02 -7.557886418360854064e-01 -4.849812253529364625e+01 -1.399020008121910560e-02 9.988089465307398163e-01 -4.674358405118490822e-02 -5.655337902593817745e+00 7.561134241443846493e-01 4.115754257025534130e-02 6.531451271066293085e-01 7.964321097188751253e+01
6.504390857066256748e-01 -3.044718474200373837e-02 -7.589479258052009847e-01 -4.939900030341649995e+01 -1.135014204114740549e-02 9.986950816610133952e-01 -4.979265158877194813e-02 -5.740030427623233678e+00 7.594736199104498153e-01 4.100125326631603312e-02 6.492447370003198159e-01 8.042753074938875102e+01
6.455314233368483201e-01 -3.444983511522404368e-02 -7.629563418705770372e-01 -5.029409249088786993e+01 -7.735086485176087198e-03 9.986360107557400445e-01 -5.163609648893707771e-02 -5.803425647759512529e+00 7.636945458218469263e-01 3.923425586629852857e-02 6.443844540269401122e-01 8.118951333292777406e+01
6.391281242013182595e-01 -3.848620376998923565e-02 -7.681367339840834418e-01 -5.123436677762150993e+01 -2.200139214416173879e-03 9.986516093518446047e-01 -5.186639101430262633e-02 -5.883237929464623761e+00 7.690971393725837268e-01 3.483927662208558679e-02 6.381816558797840377e-01 8.195428028683704724e+01
6.308651364482936730e-01 -4.206233966491355197e-02 -7.747515267131732664e-01 -5.215005459434264168e+01 2.513961623516447128e-03 9.986350426373925560e-01 -5.217021750710156697e-02 -5.965717876653116925e+00 7.758884387272954042e-01 3.096467541525190978e-02 6.301097766232284236e-01 8.271188705850846645e+01
6.216201422787452913e-01 -4.318844701978671874e-02 -7.821273205240367732e-01 -5.308722007414089461e+01 5.404707340349620796e-03 9.986916064668834858e-01 -5.085139415929779833e-02 -6.047239738349199811e+00 7.833001964759201963e-01 2.738308119904160273e-02 6.210402405120867275e-01 8.345213889174166866e+01
6.128868406250811418e-01 -4.244142587827887808e-02 -7.890300593295951348e-01 -5.406178131519509833e+01 6.928079983733336292e-03 9.988067309810086947e-01 -4.834372586557218743e-02 -6.115001560040533413e+00 7.901403245220236515e-01 2.416276961064654435e-02 6.124495404403039744e-01 8.419364534088370533e+01
6.041886861443661605e-01 -4.208113257784328737e-02 -7.957293498439261814e-01 -5.505438744649819682e+01 6.338444568997325321e-03 9.988267932514777181e-01 -4.800896979217806476e-02 -6.197207908425964362e+00 7.968160803984277729e-01 2.396278956007707323e-02 6.037465779372733765e-01 8.493869664335383618e+01
5.946920829621458182e-01 -4.304831864249519802e-02 -8.028001973838524430e-01 -5.604034548398787052e+01 4.742416014185196586e-03 9.987358613771279980e-01 -5.004186915194820673e-02 -6.260440709832993278e+00 8.039395788728549430e-01 2.595229045650730010e-02 5.941444638872420692e-01 8.564005492316016444e+01
5.843947049443392050e-01 -4.554458572762697804e-02 -8.101904143706006867e-01 -5.704425079040171909e+01 6.208259857573212789e-03 9.986454092191199283e-01 -5.166046970203648503e-02 -6.350344837233412143e+00 8.114458066227403510e-01 2.516023187835820726e-02 5.838858430184725723e-01 8.635817285676247934e+01
5.745555962337182132e-01 -4.628673469929559664e-02 -8.171556723354524987e-01 -5.803923733344727509e+01 5.010322128313842403e-03 9.985797961411763124e-01 -5.304043162229050978e-02 -6.419768211129118107e+00 8.184502272302816017e-01 2.638046323022898848e-02 5.739715227500281625e-01 8.706566299248505914e+01
5.644938910809825794e-01 -4.778064461040091443e-02 -8.240531806532744863e-01 -5.905727462757355539e+01 8.728196579125756596e-03 9.986129456168564289e-01 -5.192305269230425291e-02 -6.504837147409164189e+00 8.253911052766556011e-01 2.211774741754438112e-02 5.641279473642988318e-01 8.775574310544629952e+01
5.542888560191505665e-01 -4.743104985043016669e-02 -8.309718088010806802e-01 -6.010579969610208195e+01 9.500434809818211063e-03 9.986704661002714367e-01 -5.066598313509395463e-02 -6.588196013907712256e+00 8.322701587761661690e-01 2.018899582831820347e-02 5.540025269522809159e-01 8.846556462123932363e+01
5.438562004855713727e-01 -4.796539126457712715e-02 -8.378065060990035340e-01 -6.113325356468372007e+01 1.032291760780823346e-02 9.986720205902026581e-01 -5.047407879886232906e-02 -6.673296035112448621e+00 8.391149397605479621e-01 1.880203266279221672e-02 5.436291146016418718e-01 8.912389054376384934e+01
5.333744703151601652e-01 -4.897278663121541753e-02 -8.444603765871657730e-01 -6.219299790129201710e+01 9.349218128317756879e-03 9.986029632522248622e-01 -5.200686371130028990e-02 -6.753370025129623144e+00 8.458275700767772243e-01 1.984408860648776210e-02 5.330871850236413856e-01 8.977101779896852918e+01
5.232011121758805006e-01 -4.980394344422151703e-02 -8.507526963208621451e-01 -6.327264094716792187e+01 8.796006826208905421e-03 9.985532807278995060e-01 -5.304692055591746919e-02 -6.825985259535421790e+00 8.521638565676487032e-01 2.027098079097561581e-02 5.228822640582012626e-01 9.042435616063454518e+01
5.135750465908831552e-01 -4.993110960506005891e-02 -8.565906504908992192e-01 -6.433638052922805173e+01 6.418134852709853934e-03 9.985010418281577982e-01 -5.435510082180548125e-02 -6.913402878880938296e+00 8.580206822683206225e-01 2.241770862687915769e-02 5.131256848685626926e-01 9.106448727058030101e+01
