1.000000000000000000e+00 4.398956837314658088e-19 2.733407509747682871e-20 -8.673617379884035472e-19 -5.583667658079949532e-19 1.000000000000000000e+00 -6.100159232558060012e-19 0.000000000000000000e+00 4.145284534913582806e-20 -2.210423569125054137e-19 1.000000000000000222e+00 0.000000000000000000e+00
9.998973975807375902e-01 2.364954288015857153e-04 1.432265329124356515e-02 -8.647982181005717250e-02 -2.341446399154062678e-04 9.999999588422785468e-01 -1.658077118578108367e-04 -9.914007888277134861e-03 -1.432269216269277563e-02 1.624371416774620020e-04 9.998974117812283735e-01 2.026029772186549449e-02
9.995614625666708886e-01 1.603240901238462465e-03 2.956877057911356035e-02 -9.636249302173763298e-02 -1.593076886163810862e-03 9.999986636002101692e-01 -3.672967109993771867e-04 -1.678203109673863380e-02 -2.956932044097777823e-02 3.200303419006929892e-04 9.995626807973693184e-01 9.701517530497694164e-03
9.979477480077034723e-01 5.177554151606275287e-03 6.382386065119462215e-02 3.452694868234063713e-03 -5.263438035558230463e-03 9.999854546701981706e-01 1.177572833576755792e-03 4.688760845368636354e-03 -6.381683646910855934e-02 -1.511089051375314775e-03 9.979604841746969601e-01 4.178952470781216455e-01
9.954202482785972084e-01 4.138175685961520238e-03 9.550604581224621248e-02 2.957825113280101656e-02 -4.458789046203073814e-03 9.999851176601758374e-01 3.143829837307163168e-03 1.108847779072959228e-02 -9.549161638922966377e-02 -3.555273134860675865e-03 9.954238852152109684e-01 5.506066428446526606e-01
9.908721665665322087e-01 1.715776696831186523e-03 1.347939371923506657e-01 1.553664737240861016e-01 -2.387643497739460816e-03 9.999855192964371975e-01 4.822899458024396471e-03 1.344751745233617457e-02 -1.347837125921100276e-01 -5.100716625194471644e-03 9.908619145152542940e-01 8.168898915538935768e-01
9.849953910485178543e-01 -2.377883403302089114e-03 1.725642634242562368e-01 1.627789802948231279e-01 1.375710417093477418e-03 9.999814894708909385e-01 5.926899049059338419e-03 -1.605835396322266573e-02 -1.725751656261245159e-01 -5.600569680274992274e-03 9.849804293005027800e-01 9.213894774247891606e-01
9.763062907724044948e-01 -2.490752893199308076e-03 2.163788858433185469e-01 2.800865100451777612e-01 1.084780506285349397e-03 9.999775239256902815e-01 6.616259586545797378e-03 -4.253285087324643055e-03 -2.163905057040312330e-01 -6.224772111149653661e-03 9.762870488573321959e-01 1.186099537476662968e+00
9.647010939916705885e-01 -2.601134100478490283e-03 2.633344499176656917e-01 3.443827676470581078e-01 -8.282863069536985879e-05 9.999481728610687403e-01 1.018060549700207894e-02 4.535571880356692454e-03 -2.633472877174382054e-01 -9.843052733623266007e-03 9.646508804779686530e-01 1.339592867197277215e+00
9.502509632602093026e-01 -6.070980140938565632e-03 3.114261529965242081e-01 5.227156457743535878e-01 8.913330752825361853e-04 9.998589485140737532e-01 1.677166044087509411e-02 2.612241494201886227e-02 -3.114840516711815388e-01 -1.565970190497285863e-02 9.501223397812756932e-01 1.641053894249288048e+00
9.334563915291183012e-01 -1.580004718349917181e-02 3.583427436062079918e-01 6.300225741311822336e-01 7.373837028936699664e-03 9.996635265404926196e-01 2.486886021191777457e-02 -7.025435907767330068e-04 -3.586151061380438709e-01 -2.057163536218850272e-02 9.332588147021134706e-01 1.816991279941664983e+00
9.122618898923468000e-01 -2.148655018863293228e-02 4.090434818846919729e-01 8.082147311571272752e-01 1.009353546176133820e-02 9.994991887729576252e-01 2.999153467382638730e-02 -9.055226636957208752e-03 -4.094830499993938333e-01 -2.323143902286593787e-02 9.120218935830403106e-01 2.047486035437302565e+00
8.875112492819198229e-01 -2.342405785072343080e-02 4.601902789660076154e-01 1.004273031297375329e+00 8.811981654740418113e-03 9.993872270253963963e-01 3.387505579166910641e-02 -6.746586404568905015e-03 -4.607017860186984892e-01 -2.600930457375352431e-02 8.871738181014631186e-01 2.302472015880349332e+00
8.592185095189571742e-01 -2.540755953675174691e-02 5.109774994576042895e-01 1.172008949185410209e+00 6.793958195736040338e-03 9.992446565111682277e-01 3.826171105151208313e-02 2.887931607155284214e-02 -5.115636814620633244e-01 -2.940361033534918261e-02 8.587421215988025880e-01 2.527583435403183199e+00
8.270370859386584339e-01 -3.065094724941343218e-02 5.613111197492866022e-01 1.410033646968392063e+00 7.864612146845965934e-03 9.990455742364028335e-01 4.296613125328090088e-02 2.489963492552194069e-02 -5.620923522811035467e-01 -3.112008946150263827e-02 8.264887974674396398e-01 2.768864756774116920e+00
7.912842488737710234e-01 -3.647432661749978877e-02 6.103596114235497749e-01 1.624930628274518618e+00 1.017412886799163446e-02 9.988664280030449261e-01 4.650103292688888973e-02 2.659460557815393478e-02 -6.113638292797047846e-01 -3.058565723690960525e-02 7.907583648572777957e-01 2.954187662781952550e+00
7.536824650067024400e-01 -4.099215731060785323e-02 6.559591285084612755e-01 1.891287580705073079e+00 1.127846645284500543e-02 9.987127803895389233e-01 4.945278990282130777e-02 3.670063481102744940e-02 -6.571419529476140164e-01 -2.987348718202786566e-02 7.531746379150995319e-01 3.168789148777125586e+00
7.141628126114024644e-01 -4.432275561225780536e-02 6.985749513959365053e-01 2.204569967594617097e+00 1.237446678971466929e-02 9.986367395555272308e-01 5.071030394844684014e-02 4.143686332539194689e-02 -6.998702442978076421e-01 -2.757092030478155986e-02 7.137376921917316652e-01 3.383563860536030976e+00
6.723210678219250225e-01 -4.611676236553741148e-02 7.388217764014838318e-01 2.486050606271948293e+00 1.133392563120957583e-02 9.985818789757295866e-01 5.201704582363039092e-02 5.222214338731223648e-02 -7.401729082389144621e-01 -2.659840421750343797e-02 6.718903181053909046e-01 3.590809962844967895e+00
6.293303710044422239e-01 -4.643268060938084835e-02 7.757494960440910470e-01 2.836884558310079463e+00 7.057346839745740757e-03 9.985137783262000299e-01 5.404098720438293979e-02 8.447427795341749812e-02 -7.771058416571094973e-01 -2.853490074418000774e-02 6.287227370171909469e-01 3.828767837132876384e+00
5.878308435290687806e-01 -4.734527737460140356e-02 8.075972470985802731e-01 3.158789662943515708e+00 4.263192389086566635e-03 9.984534122245720678e-01 5.543111725808710921e-02 1.019621110492699573e-01 -8.089726426708920837e-01 -2.914117742111924439e-02 5.871235524324395216e-01 4.027942007271867908e+00
5.476119830310176573e-01 -4.835697377369756189e-02 8.353338899668337758e-01 3.552946256688457538e+00 2.029590032237011624e-03 9.984024374284514725e-01 5.646639404553505104e-02 1.259498869924904063e-01 -8.367299502066281036e-01 -2.922628809419327428e-02 5.468352822901386689e-01 4.236774027850096935e+00
5.091473334784555327e-01 -5.103597078667089504e-02 8.591648912559433082e-01 3.990912121730477935e+00 1.197586687550381262e-03 9.982814091979519411e-01 5.859004855704985637e-02 1.335619609758858795e-01 -8.606785532593054233e-01 -2.880204193601335061e-02 5.083334363550656709e-01 4.456886207235048580e+00
4.718579398109027379e-01 -5.090654357706510952e-02 8.802037239523820000e-01 4.366077536792468905e+00 -1.738422967458505119e-03 9.982760837566163614e-01 5.866718370840157820e-02 1.572158168369749975e-01 -8.816728852390448568e-01 -2.921274217042120827e-02 4.709559979114959494e-01 4.635950896877731431e+00
4.356726108980058521e-01 -5.021564996167116740e-02 8.987033722017945259e-01 4.843194782132641762e+00 -2.968577108693816555e-03 9.983570100441971906e-01 5.722296749349542466e-02 1.854597257879080363e-01 -9.001003156539847394e-01 -2.759834923573896426e-02 4.348077348912087747e-01 4.813441727295282746e+00
4.024745606200469950e-01 -4.901849053429543218e-02 9.141178270408956141e-01 5.355222869176315292e+00 -1.678859949865643599e-03 9.985241328743817979e-01 5.428386004367564271e-02 2.016776173680735473e-01 -9.154296393003409360e-01 -2.338254779982800249e-02 4.017982651901310098e-01 5.005146778363919857e+00
3.719742658403408231e-01 -4.724052202986587373e-02 9.270401632390266045e-01 5.849697332361567526e+00 1.044021331974331391e-04 9.987062646940623178e-01 5.085062365783980798e-02 2.245357165276204714e-01 -9.282430447123211081e-01 -1.881833764699634287e-02 3.714979603156461363e-01 5.191667918755697109e+00
3.462102016174466446e-01 -4.536846575022875083e-02 9.370593278360049849e-01 6.386469098470103134e+00 1.001661517571510651e-03 9.988473186503948886e-01 4.798990170954508389e-02 2.495831051104450693e-01 -9.381564414671361707e-01 -1.567597645358705105e-02 3.458565741112752390e-01 5.355273413381014258e+00
3.258713053168650342e-01 -4.483675260726316392e-02 9.443503285312544460e-01 6.966896071071810859e+00 2.193722005442101577e-03 9.989079486966632171e-01 4.667009300062460730e-02 2.729919126203808055e-01 -9.454116012957165527e-01 -1.313680117251384526e-02 3.256137951834240929e-01 5.539353395213020725e+00
3.114604504925232997e-01 -4.540445405394508138e-02 9.491737502507956448e-01 7.551299971862774463e+00 3.366550527634999332e-03 9.989042843168746133e-01 4.667865759841750839e-02 3.028531522216630911e-01 -9.502531610936951756e-01 -1.134311345507952457e-02 3.112720334534268551e-01 5.711081191599203244e+00
2.991033198828807471e-01 -4.686799598323142940e-02 9.530690319580888969e-01 8.186373009840204773e+00 4.178775360819603386e-03 9.988478134549462206e-01 4.780777504131441397e-02 3.203230587709383070e-01 -9.542115897637718502e-01 -1.031680194856602478e-02 2.989545465558821058e-01 5.928514691675493609e+00
2.882184984267081584e-01 -4.871128856801540397e-02 9.563248883610576678e-01 8.805771276804886583e+00 3.037094972754551987e-03 9.987467636641648161e-01 4.995676216211741849e-02 3.489286247570618782e-01 -9.575598620889628210e-01 -1.149401257655169317e-02 2.880052320040846769e-01 6.094133462374363042e+00
2.779321806258686078e-01 -5.040846100992067008e-02 9.592771624966480726e-01 9.469364630974235197e+00 1.559214217370072635e-03 9.986445446097137468e-01 5.202540085117503266e-02 3.851841126538724236e-01 -9.605994421070409572e-01 -1.296381363545038266e-02 2.776340522013912571e-01 6.301296334048949177e+00
2.670533613377037985e-01 -5.211519539455256034e-02 9.622715276621801594e-01 1.016640576320013700e+01 6.556548340797557642e-04 9.985462408222608444e-01 5.389782015339650290e-02 4.149875877813055114e-01 -9.636815286995058516e-01 -1.376267518319406954e-02 2.666992982973205306e-01 6.482206939182092675e+00
2.575230176625479261e-01 -5.416493856113303168e-02 9.647528383221720683e-01 1.087644668983739571e+01 -9.117149150800863506e-05 9.984262837490299747e-01 5.607983208191402724e-02 4.390835150935751274e-01 -9.662721684793419419e-01 -1.452980466643173478e-02 2.571128098579845700e-01 6.681473188384056350e+00
2.474268085870407197e-01 -5.584404694485113618e-02 9.672959221252068751e-01 1.160319555423070881e+01 -6.714512413103219772e-04 9.983275328697361894e-01 5.780731982880438907e-02 4.687822416130848491e-01 -9.689063629355711971e-01 -1.495257182853177748e-02 2.469754974760500765e-01 6.852697391116516101e+00
2.361530581564151854e-01 -5.694856686248051664e-02 9.700456576339099302e-01 1.239470142111320605e+01 -1.464966702254977098e-03 9.982591800723652486e-01 5.896154027903452444e-02 5.023192101680190591e-01 -9.717147748527400486e-01 -1.534503176035183908e-02 2.356585290970281965e-01 7.025136690404421458e+00
2.261033770355524719e-01 -5.986961566853588740e-02 9.722617322316267074e-01 1.314025160078370646e+01 -2.554181315640349347e-03 9.980696005019162875e-01 6.205278936420422636e-02 5.332104318965737999e-01 -9.740999721739751482e-01 -1.651367710728043545e-02 2.255139879779285428e-01 7.216771681552029527e+00
2.153114341260760622e-01 -6.339222358629194309e-02 9.744857085565615806e-01 1.388482013455602448e+01 -4.516258940259808806e-03 9.978155009146004728e-01 6.590773470583703719e-02 5.793081292682681349e-01 -9.765350001644454991e-01 -1.859171781336467835e-02 2.145547894376256537e-01 7.388136362773852994e+00
2.022679940377935526e-01 -6.733932035044820630e-02 9.770123122429865692e-01 1.468437386237259190e+01 -4.365342787070634716e-03 9.975612838657998971e-01 6.965937598726278102e-02 6.187021217281587493e-01 -9.793204885297035478e-01 -1.835485502854872913e-02 2.014807592365517874e-01 7.551798959103718012e+00
1.897193324150839577e-01 -6.971678031494837890e-02 9.793600610108826876e-01 1.548681302499028156e+01 -5.410897033431690158e-03 9.973864745482365901e-01 7.204819587179632501e-02 6.590381534906275540e-01 -9.818234637924916353e-01 -1.896815120318576936e-02 1.888462644238774746e-01 7.701028610978803535e+00
1.762255554150300163e-01 -7.047891099097999823e-02 9.818234364045150819e-01 1.629289151644586298e+01 -6.137123115544013130e-03 9.973354120531505718e-01 7.269395801453823469e-02 6.986769907442731409e-01 -9.843306895338768125e-01 -1.883610355977603096e-02 1.753234477994456419e-01 7.848487002375853727e+00
1.616768077488608124e-01 -6.979824320386764092e-02 9.843722865476706163e-01 1.707486347593453502e+01 -7.597340247217597257e-03 9.973779886241859183e-01 7.196824424812101051e-02 7.388542030411386907e-01 -9.868145252996832761e-01 -1.911420630576202151e-02 1.607226069429818494e-01 7.956104889561425253e+00
1.450567779238221278e-01 -6.867653874358460586e-02 9.870370041346407941e-01 1.786693940577087147e+01 -8.933890568600997770e-03 9.974565909660271235e-01 7.071445886938741709e-02 7.727310353037273316e-01 -9.893830066907941534e-01 -1.907569126021717298e-02 1.440742891443574925e-01 8.078764384435787704e+00
1.241259965531362058e-01 -6.720301510207200846e-02 9.899881185833760977e-01 1.871659138918035836e+01 -1.120870236374218315e-02 9.975452872588286279e-01 6.912137745462762495e-02 8.129286039170695588e-01 -9.922031642716679922e-01 -1.967624114814721034e-02 1.230680429112160079e-01 8.186757832526172507e+00
9.968180591747864694e-02 -6.589402106168504303e-02 9.928350812795129210e-01 1.951500755450288338e+01 -1.564402797483946048e-02 9.975776705093700736e-01 6.777946342918637901e-02 8.541685838155058663e-01 -9.948963861820108168e-01 -2.228831824813795950e-02 9.840949444426005943e-02 8.274344230206006401e+00
6.950403492308196429e-02 -6.538280843499016948e-02 9.954367184396255563e-01 2.035765695086746163e+01 -1.961648960687006893e-02 9.975673392424544428e-01 6.689242852940699424e-02 8.975589301359830907e-01 -9.973887906887607402e-01 -2.417626688583730810e-02 6.805237261302721219e-02 8.334521591708035970e+00
3.623842088246906346e-02 -6.529114400604837942e-02 9.972080155023619330e-01 2.119516135705314497e+01 -2.256117101838177666e-02 9.975556711852734404e-01 6.613377683139862184e-02 9.398746575200616071e-01 -9.990884784421215636e-01 -2.489476337527023533e-02 3.467679620808492708e-02 8.347231961151152291e+00
2.136325892953095697e-03 -6.456879028550198407e-02 9.979109630488273153e-01 2.204990575926781560e+01 -2.431526727136816904e-02 9.976148505702757685e-01 6.460168492180036470e-02 9.705506529670741012e-01 -9.997020662210409636e-01 -2.440248118086374776e-02 5.612216500348794247e-04 8.342400514953798307e+00
-3.279785699622508183e-02 -6.347967845963879696e-02 9.974440403869264671e-01 2.289329618089604423e+01 -2.585418859043918730e-02 9.977008837356571291e-01 6.264588994568047464e-02 1.001867441828486971e+00 -9.991275588031369725e-01 -2.373345452927369884e-02 -3.436366788112224513e-02 8.291707938074090123e+00
-6.481447794355699177e-02 -6.152458589249851922e-02 9.959988913081874173e-01 2.371501105919893959e+01 -2.802581523516849832e-02 9.978160909173992010e-01 5.981306209399628315e-02 1.030716888536758358e+00 -9.975037114130036464e-01 -2.403692765123002437e-02 -6.639720708404370231e-02 8.243992362224826564e+00
-9.768546466633393210e-02 -5.832534955822561706e-02 9.935067621001759663e-01 2.454797605629699575e+01 -2.987173407273779543e-02 9.980032615752030267e-01 5.565221836255492688e-02 1.070053015828467347e+00 -9.947689412688186517e-01 -2.424135613246787210e-02 -9.923269306484776286e-02 8.164302371472048847e+00
-1.301030211704755912e-01 -5.388990441266139353e-02 9.900348806516588995e-01 2.541295478511063521e+01 -2.708960322493440820e-02 9.983422876877008356e-01 5.078218222280161259e-02 1.097814033312503934e+00 -9.911303517326071066e-01 -2.021273587892612883e-02 -1.313472053023807262e-01 8.043036002682192986e+00
-1.616639415076663588e-01 -4.861380477645342590e-02 9.856477316630295471e-01 2.623455325801836935e+01 -2.301570468976759862e-02 9.986999613540414877e-01 4.548257409015904473e-02 1.114294380705832088e+00 -9.865774495694907831e-01 -1.533248399455062333e-02 -1.625726544890212788e-01 7.888713794168806359e+00
-1.924218749716894439e-01 -4.254601197643560068e-02 9.803895358319677511e-01 2.709174473190945776e+01 -1.654932392897581414e-02 9.990582894272727055e-01 4.010803177441273765e-02 1.134559038214497217e+00 -9.811727464240659335e-01 -8.507120344687308169e-03 -1.929447783638771896e-01 7.700511632206870516e+00
-2.213172748693613967e-01 -3.684516555794376674e-02 9.745055571184165766e-01 2.789779190306542134e+01 -1.089853628553331087e-02 9.993170457383216965e-01 3.530812945147118742e-02 1.146563823774407798e+00 -9.751409651535398737e-01 -2.806384153008127744e-03 -2.215676850320127955e-01 7.506238008188516275e+00
-2.490558922471382275e-01 -3.021291294516813969e-02 9.680177301317985927e-01 2.869314221293799960e+01 -2.071328163184113242e-03 9.995276195767286431e-01 3.066345204970723215e-02 1.171509103002409180e+00 -9.684869064887363654e-01 5.631832123148608309e-03 -2.490008253338912014e-01 7.279969554880635130e+00
-2.763663862261285242e-01 -1.993581106544974751e-02 9.608455482717452867e-01 2.951761293961810040e+01 4.231340798257795036e-03 9.997498944670402121e-01 2.196006037302932964e-02 1.165727396336404764e+00 -9.610430437475849796e-01 1.013468862641093635e-02 -2.762129116013042895e-01 7.045123273898825644e+00
-3.013697633442578572e-01 -4.877793669357568564e-03 9.534948645500856967e-01 3.031069793442435412e+01 8.461443409993303980e-03 9.999338596186793104e-01 7.789759067628586157e-03 1.156734581623204638e+00 -9.534698133915724405e-01 1.041554180307340330e-02 -3.013085587973369783e-01 6.795139967108597467e+00
-3.252215600515299121e-01 1.167590897079564920e-02 9.455657534608242765e-01 3.106276336441125707e+01 8.597138453769821026e-03 9.999189540296005152e-01 -9.390131442164658532e-03 1.127148780421890262e+00 -9.455987738635042161e-01 5.075287555715434981e-03 -3.252955828899923296e-01 6.468400680351552801e+00
-3.503818417907575422e-01 2.634971495296339894e-02 9.362362104905046500e-01 3.186032065371009381e+01 7.985560742476655732e-03 9.996518955011750585e-01 -2.514594650193790679e-02 1.097934179697694912e+00 -9.365729071908833747e-01 -1.334310942906021067e-03 -3.504702908621185053e-01 6.192696039195686453e+00
-3.751058148331911091e-01 3.728452326606544048e-02 9.262318698187899102e-01 3.262228201912413539e+01 1.170754738830069065e-02 9.993016463976776009e-01 -3.548454333666357929e-02 1.059885588322051930e+00 -9.269080727834779765e-01 -2.466554080441035919e-03 -3.752803699637871637e-01 5.902504043830229641e+00
-3.986680938001836427e-01 4.201042023208310244e-02 9.161325562062118122e-01 3.339796101922588178e+01 1.589535879050523251e-02 9.991167253473803855e-01 -3.889867177830699796e-02 1.013413267451150013e+00 -9.169575249634650538e-01 -9.454026913421722297e-04 -3.989837323717409512e-01 5.544750844820080182e+00
-4.215287375022890304e-01 4.134202878275591853e-02 9.058721462664649504e-01 3.411072637385125006e+01 1.797495402545552790e-02 9.991448801130032864e-01 -3.723452074745630530e-02 9.658413049387877258e-01 -9.066368833048287224e-01 5.875906246412717889e-04 -4.219114022392251862e-01 5.198152416253011943e+00
-4.411074721656038089e-01 3.798656462721959615e-02 8.966499899310332866e-01 3.486896912236279888e+01 2.212121925377495690e-02 9.992604662547264205e-01 -3.145110806838347789e-02 9.368510513446326460e-01 -8.971816220931878583e-01 5.961673254131830829e-03 -4.416215686929300666e-01 4.810343048264993371e+00
-4.596084099525551969e-01 3.674830936531015002e-02 8.873610635285068549e-01 3.557951789549054666e+01 2.930087442400151898e-02 9.992270891011596490e-01 -2.620463919478563386e-02 9.056476029965313534e-01 -8.876382040589496647e-01 1.395658361480899695e-02 -4.603299324518458913e-01 4.399660683488244572e+00
-4.736754949440628026e-01 3.735176821823051746e-02 8.799070160669411056e-01 3.630354371871999319e+01 3.279675701725501963e-02 9.991553374080482941e-01 -2.475852186000137081e-02 8.520834539558026499e-01 -8.800885813476490016e-01 1.713059260815934931e-02 -4.745004170793589160e-01 4.035403849174755919e+00
-4.849316386547651292e-01 4.073783753940519309e-02 8.736027247155692121e-01 3.700214825373842586e+01 3.545969442604680888e-02 9.990089466565548193e-01 -2.690231428147495454e-02 7.972571113129073295e-01 -8.738328950669067563e-01 1.793190342099099110e-02 -4.858955980353318327e-01 3.621425232156640917e+00
-4.946290319036846239e-01 4.336959370857729895e-02 8.680214199586467894e-01 3.769660202587249387e+01 3.711653829540260963e-02 9.988970524398120832e-01 -2.875832317000475563e-02 7.599005326306547126e-01 -8.683112896911593381e-01 1.799324982193448511e-02 -4.956932124295670983e-01 3.224261292091015196e+00
-5.055398352883080371e-01 4.262534165146789761e-02 8.617496978433482058e-01 3.840852464111586073e+01 3.090820452053590420e-02 9.990325365206990105e-01 -3.128376277209254930e-02 6.966909754587616854e-01 -8.622494824958047976e-01 1.081994865313592145e-02 -5.063682179527856375e-01 2.842373155352223790e+00
-5.164089678536005756e-01 4.148226219986274332e-02 8.553367679303087723e-01 3.910008197664897267e+01 2.936889150764569051e-02 9.990963778266067630e-01 -3.072289007553404352e-02 6.861856090969343791e-01 -8.558383364675055116e-01 9.254717793772638743e-03 -5.171606185234497444e-01 2.417473809975390964e+00
-5.253230815080716098e-01 4.278293342647655068e-02 8.498266102738332162e-01 3.975955080824846277e+01 3.152694772425551628e-02 9.990280573919485541e-01 -3.080571468159394588e-02 6.452302928032223051e-01 -8.503186011525092347e-01 1.060948716687506489e-02 -5.261613141258957294e-01 1.984981920267360422e+00
-5.324238294808762983e-01 4.582844022577478582e-02 8.452364207043873146e-01 4.045389720031093361e+01 3.532637108483839550e-02 9.988663933672263795e-01 -3.190573064725743535e-02 5.929923334071598440e-01 -8.457404596142698017e-01 1.287176518847607878e-02 -5.334392239740092245e-01 1.542681504504427537e+00
-5.363941498118158790e-01 4.915425593094926299e-02 8.425349620437623255e-01 4.114074661457595283e+01 3.640225877233043555e-02 9.987209293591717829e-01 -3.509103523662732843e-02 5.666678761263386210e-01 -8.431821886443757741e-01 1.184755071743210340e-02 -5.374973909355975632e-01 1.113578777298658062e+00
-5.356299269591863199e-01 5.043365635184771795e-02 8.429454399519457075e-01 4.184879647007290515e+01 3.527660029405232239e-02 9.986799357922032661e-01 -3.733560306031420695e-02 5.070024986964383196e-01 -8.437156834368868541e-01 9.738184010972934790e-03 -5.367019901897098766e-01 6.676975096480383121e-01
-5.328143181740406797e-01 5.120574414750275749e-02 8.446815146249738726e-01 4.256333766925854434e+01 3.768199414503521638e-02 9.986131302719929437e-01 -3.676796568867906484e-02 4.742026283919478225e-01 -8.453927970925090296e-01 1.223878633942617616e-02 -5.340049098685101248e-01 2.011787339219820170e-01
-5.269997082309437753e-01 5.027772381514002825e-02 8.483769474365988605e-01 4.332941511757670128e+01 3.621587363128515868e-02 9.986703225400167527e-01 -3.668783602426033824e-02 4.309891372325949099e-01 -8.490934753285197534e-01 1.139023445528154072e-02 -5.281198214865798768e-01 -2.467233431197211890e-01
-5.197465432023036236e-01 4.881987920034862316e-02 8.529244614994722085e-01 4.407105214168082341e+01 3.397011363251984523e-02 9.987573325362123500e-01 -3.646672490419455848e-02 3.815653792086086682e-01 -8.536448759139473319e-01 1.002048767374101416e-02 -5.207590891307638525e-01 -7.003558364468751574e-01
-5.126641083469297699e-01 4.834260689031126546e-02 8.572272108660827783e-01 4.485571311379499093e+01 3.232223982134724977e-02 9.987925638502354042e-01 -3.699577209181992982e-02 3.437754830155730912e-01 -8.579806506711684655e-01 8.741099978291165529e-03 -5.136076417124615379e-01 -1.163105040134348123e+00
-5.062886193299476201e-01 4.682151376140984006e-02 8.610920777435868700e-01 4.567580518413117829e+01 2.923774403762063531e-02 9.988828881720946962e-01 -3.712317318171463876e-02 2.892270253175563965e-01 -8.618683196891850917e-01 6.381350648226410092e-03 -5.070919949741176103e-01 -1.629325620286029785e+00
-5.016522142137926910e-01 4.458110715487314385e-02 8.639198847952627158e-01 4.648252055683835238e+01 2.510364770599253850e-02 9.990008364845206490e-01 -3.697479584390331309e-02 2.398253172500065256e-01 -8.647050798746139799e-01 3.139053184462003987e-03 -5.022701312502176885e-01 -2.086635639475633575e+00
-5.004982637787880329e-01 4.157886203402894054e-02 8.647384995753777392e-01 4.729377288519918920e+01 2.037196408819377802e-02 9.991350864365347029e-01 -3.624999435670936410e-02 2.105624484518832107e-01 -8.654978240160149383e-01 -5.266366539162257781e-04 -5.009124203447774537e-01 -2.526272321697859535e+00
-5.007424532224775682e-01 3.923926875388030616e-02 8.647064598986154982e-01 4.814292376559763653e+01 1.765088021613223784e-02 9.992271399729690806e-01 -3.512220286523935059e-02 1.530484985238970697e-01 -8.654163473789165950e-01 -2.324346969882715511e-03 -5.010480582473380018e-01 -3.023347379007539359e+00
-5.018229148305149989e-01 3.782196898221261427e-02 8.641430710774556934e-01 4.901135576917802439e+01 1.600447518273210093e-02 9.992785244186688232e-01 -3.444252281446591457e-02 1.084763121710798500e-01 -8.648223119520681568e-01 -3.453889957657465832e-03 -5.020661838324971260e-01 -3.499568109547623873e+00
-5.022380261016766712e-01 3.754897401268761370e-02 8.639137839926279705e-01 4.990213609714750476e+01 1.625465476357371153e-02 9.992902098820251044e-01 -3.398326941747138730e-02 6.030104483581557456e-02 -8.645766383919278875e-01 -3.025068944642689706e-03 -5.024918893400913689e-01 -4.018021167238186031e+00
-5.022964321971683521e-01 3.673214720947422934e-02 8.639149437575044388e-01 5.076246512214520124e+01 1.605061602249043332e-02 9.993212567693497972e-01 -3.315725354667622971e-02 1.807362173574297848e-02 -8.645465194213625137e-01 -2.788402213102729628e-03 -5.025450767014035813e-01 -4.515144809729120468e+00
-5.027216147327044915e-01 3.612838391852311176e-02 8.636930614786405558e-01 5.163708488304234834e+01 1.642056410947238115e-02 9.993450993070206456e-01 -3.224496136877482572e-02 -3.391732126004284864e-02 -8.642924015996541476e-01 -2.027910845653999473e-03 -5.029856316596236221e-01 -5.015647982159771701e+00
-5.032820882150028652e-01 3.567264393696174124e-02 8.633855388269828790e-01 5.253247942963504613e+01 1.600971002837893800e-02 9.993609697756808963e-01 -3.195842991933189881e-02 -8.486175784429293711e-02 -8.639738660197590070e-01 -2.261552314887753899e-03 -5.035315856506347165e-01 -5.527424950027753248e+00
-5.028148138409765933e-01 3.406073068613348770e-02 8.637228236512988211e-01 5.341169329775016905e+01 1.419239743561814121e-02 9.994139673943638336e-01 -3.114960039050883311e-02 -1.353345578721303899e-01 -8.642776470246698040e-01 -3.404182031568945763e-03 -5.030035526085423481e-01 -6.045803278926576318e+00
-5.031325528345479414e-01 3.356934322724491881e-02 8.635570160487823221e-01 5.433206490536290545e+01 1.397498387866533999e-02 9.994306669202562832e-01 -3.070898594633456047e-02 -1.854815410247396545e-01 -8.640962599199728533e-01 -3.382494213606418790e-03 -5.033152350750818016e-01 -6.552534108589796347e+00
-5.025954699577367402e-01 3.238382450486223391e-02 8.639149657063472931e-01 5.521429749892015337e+01 1.243533141742009934e-02 9.994655970924147814e-01 -3.023049349464374674e-02 -2.345496937072542587e-01 -8.644322809950301112e-01 -4.450639275755823715e-03 -5.027295862837986018e-01 -7.062758465995844226e+00
-5.010564805787460774e-01 3.108326933189478267e-02 8.648561846303207679e-01 5.611299807980281429e+01 1.188118922891387083e-02 9.995076570155143614e-01 -2.903929900855214963e-02 -2.909576208136375741e-01 -8.653330300855675006e-01 -4.274808076894373414e-03 -5.011790963579390024e-01 -7.586194842301807739e+00
-4.992604646395343848e-01 2.874960266148061244e-02 8.659748467579883036e-01 5.699865119552506343e+01 1.237494271099886384e-02 9.995840222328811198e-01 -2.605078246000049752e-02 -3.455630557047024709e-01 -8.663635851172912794e-01 -2.289735719333748157e-03 -4.994085592909976445e-01 -8.087000262782808591e+00
-4.969080143617732315e-01 2.786110360833386063e-02 8.673558500129191495e-01 5.789175930128724445e+01 1.350415003315209514e-02 9.996117248240957709e-01 -2.437288456021348068e-02 -3.870834982720751660e-01 -8.676981477521065189e-01 -3.981772033018141782e-04 -4.970913190590889874e-01 -8.576766560457706134e+00
-4.937612448356772377e-01 2.699828768560200848e-02 8.691782969509695977e-01 5.880510458603312429e+01 1.260631612317922486e-02 9.996351282334394739e-01 -2.388914340964268593e-02 -4.488876668431217576e-01 -8.695061393500740365e-01 -8.383958742550939088e-04 -4.939214354705999122e-01 -9.127077279533825305e+00
-4.919275702519916860e-01 2.747964884248401893e-02 8.702023447603520756e-01 5.969047245687607273e+01 1.324201345125139082e-02 9.996223110570898740e-01 -2.408078679896927948e-02 -4.931481411892947864e-01 -8.705354255934054652e-01 -3.227708450075643561e-04 -4.921056617523549281e-01 -9.629931994504508097e+00
-4.905901093581742645e-01 2.797955850604440589e-02 8.709411433533311708e-01 6.057592607539565677e+01 1.332021736149152299e-02 9.996083839697126328e-01 -2.460996714452184236e-02 -5.411242070884640931e-01 -8.712886599402841492e-01 -4.722801952312888157e-04 -4.907706814338679280e-01 -1.011973549788346105e+01
-4.917305701884870373e-01 2.892595596711818734e-02 8.702668106466401321e-01 6.147490000612783945e+01 1.257189658627337440e-02 9.995797448855356926e-01 -2.612050932856146979e-02 -5.933671325575323729e-01 -8.706566523435637084e-01 -1.903347675150592879e-03 -4.918875732534353507e-01 -1.061215348445571394e+01
-4.943721887587533836e-01 3.088319801082997293e-02 8.687015329833983612e-01 6.233957065090042704e+01 1.147773871151765504e-02 9.995134605947424422e-01 -2.900178583700881163e-02 -6.380649844050195751e-01 -8.691745583953790488e-01 -4.366946228716667155e-03 -4.944861277082382434e-01 -1.109674818260655726e+01
-4.986592272138962167e-01 3.129870154441163205e-02 8.662328513813674080e-01 6.322476277840092962e+01 1.022202843948865313e-02 9.994907257105363207e-01 -3.022911399091553555e-02 -6.879555845935079184e-01 -8.667378482789299676e-01 -6.219368899599088223e-03 -4.987252103269033121e-01 -1.159031302886477555e+01
-5.043876802791857905e-01 3.010417900559539048e-02 8.629523700059159586e-01 6.412089414415214605e+01 1.024762701186864543e-02 9.995303824033000550e-01 -2.887907154378202904e-02 -7.313609234208789944e-01 -8.634165080707745243e-01 -5.723033004389374047e-03 -5.044593085615155514e-01 -1.209842111553181709e+01
-5.094710026545803405e-01 2.793999274356421397e-02 8.600340928429155429e-01 6.496363753090723492e+01 1.321726338743175501e-02 9.996088957448152623e-01 -2.464466417895254738e-02 -7.927616901905860658e-01 -8.603863164830707344e-01 -1.188443717748263566e-03 -5.096410378311380107e-01 -1.260705901306885934e+01
-5.148270970251183076e-01 2.574733433324458837e-02 8.569073004848523079e-01 6.584278931716168870e+01 1.045143263290973339e-02 9.996631175338057673e-01 -2.375750364679364221e-02 -8.377999378440823541e-01 -8.572303306682874657e-01 -3.275096807061021655e-03 -5.149227585390001583e-01 -1.311717750707485663e+01
-5.199148659984683674e-01 2.780508064510027119e-02 8.537654223351621718e-01 6.666064751698985447e+01 1.142500739016525865e-02 9.996070455368987195e-01 -2.559733771324246981e-02 -8.933653291210981173e-01 -8.541416822264078501e-01 -3.554159249471873592e-03 -5.200282375848158667e-01 -1.361254318053753742e+01
-5.248069477091117374e-01 3.005927105361922910e-02 8.506903635983799061e-01 6.748704701283499219e+01 1.174752298988220728e-02 9.995368856364941212e-01 -2.807151462411091800e-02 -9.324631898273805231e-01 -8.511402206709481888e-01 -4.738620420567698534e-03 -5.249170252487102006e-01 -1.416157349066105553e+01
-5.300045658563010686e-01 3.042191789893951281e-02 8.474489093945027918e-01 6.833265147997977351e+01 1.062916029735194549e-02 9.995161017287598204e-01 -2.923325701034561186e-02 -9.832233421639144932e-01 -8.479281767516989587e-01 -6.486088524070131138e-03 -5.300714581978304141e-01 -1.465616132224189982e+01
-5.340899982317703909e-01 3.086123801797310134e-02 8.448641576023292465e-01 6.915091384982325451e+01 9.723231080483635963e-03 9.994916494139520768e-01 -3.036283105074210481e-02 -1.024560725494511271e+00 -8.453717195977682453e-01 -8.001674097903185845e-03 -5.341185654059910082e-01 -1.515846633016132117e+01
-5.369864338368154355e-01 2.978865988278403890e-02 8.430647618613024141e-01 6.997081938525509770e+01 9.350586373053186573e-03 9.995251311184571996e-01 -2.936117808251583958e-02 -1.093490307077876311e+00 -8.435390613859705677e-01 -7.883403589150426993e-03 -5.370099783132493698e-01 -1.568935770769317095e+01
-5.398179038591481849e-01 2.355884657466431401e-02 8.414520773867569803e-01 7.081149589037853787e+01 1.109925646715034624e-02 9.997205961653119477e-01 -2.086950141425623212e-02 -1.135710981882486870e+00 -8.417086484027755944e-01 -1.926237189772457212e-03 -5.399285635307969899e-01 -1.621530488821512961e+01
-5.414135407147381285e-01 1.612419888709196863e-02 8.406017935254153084e-01 7.165114000171182340e+01 1.267380200738269826e-02 9.998590001571086017e-01 -1.101610304812643791e-02 -1.156212675195174455e+00 -8.406609092001675609e-01 4.689354313789349284e-03 -5.415415575769253476e-01 -1.674813422351495262e+01
-5.436279240226328247e-01 1.378978725610809780e-02 8.392130296682595025e-01 7.245933881692990042e+01 1.361774132088307970e-02 9.998783267713575729e-01 -7.608465775804070311e-03 -1.177393697863467370e+00 -8.392158535701629285e-01 7.292012492658066745e-03 -5.437495659937305881e-01 -1.727497520501828276e+01
-5.448412918381670966e-01 1.768746858254155799e-02 8.383526151712441532e-01 7.324717724487707926e+01 1.194328958095160730e-02 9.998397867068402611e-01 -1.333261909809947514e-02 -1.235248354262698633e+00 -8.384541347384923959e-01 2.748527592086665028e-03 -5.449652487588432237e-01 -1.777683853641476119e+01
-5.459871307395608442e-01 2.238498817944883576e-02 8.374944492943418028e-01 7.403852230855352445e+01 1.194277323856485565e-02 9.997493680479037081e-01 -1.893597725559315048e-02 -1.286827786082139768e+00 -8.377084425560495928e-01 -3.367926741415628688e-04 -5.461176289351336033e-01 -1.829188481201522620e+01
-5.463148208227907032e-01 2.814366257426274137e-02 8.371069454064518078e-01 7.483509870480560267e+01 1.894919127634010422e-02 9.995948161602833393e-01 -2.123985930001665370e-02 -1.311725113166590351e+00 -8.373655451343996470e-01 4.258850656293939989e-03 -5.466267637097395049e-01 -1.884393339622344499e+01
-5.457594753011981714e-01 2.922160857913630103e-02 8.374321942365241522e-01 7.562910539125675768e+01 2.254948448977516645e-02 9.995419851229124797e-01 -2.018268287611556244e-02 -1.345369592759792621e+00 -8.376384228009251531e-01 7.868774847979409168e-03 -5.461684427307159639e-01 -1.934453958560609266e+01
-5.460708590009777375e-01 2.591606287316458937e-02 8.373380212728050997e-01 7.640368766924059685e+01 2.202710144653560048e-02 9.996199861122551100e-01 -1.657377839976337600e-02 -1.381480063825686333e+00 -8.374493627860297718e-01 9.393673137607796639e-03 -5.464342014155445515e-01 -1.986837224064197116e+01
-5.448563113552941095e-01 2.098647542592496293e-02 8.382667564868319099e-01 7.724032402512825968e+01 1.981850902193078856e-02 9.997298000327144996e-01 -1.214716403464925765e-02 -1.419829413143077090e+00 -8.382951975185192195e-01 9.994739302155164484e-03 -5.451250130298791463e-01 -2.038649342190587888e+01
-5.440299648473849725e-01 1.531803525532234381e-02 8.389259456756487099e-01 7.805068938936032907e+01 1.870275294840736610e-02 9.998063138773868319e-01 -6.127130820023831553e-03 -1.435757460494003324e+00 -8.388573275023196718e-01 1.235688298075258637e-02 -5.442110844019374394e-01 -2.088833437478205823e+01
-5.438972962218405760e-01 8.840902227529826019e-03 8.391052119876198923e-01 7.888078086917840892e+01 9.959012025689590805e-03 9.999420833766821115e-01 -4.080190534667169078e-03 -1.470081601526032733e+00 -8.390927009462063602e-01 6.137455286124716795e-03 -5.439538433580289878e-01 -2.141768081894781517e+01
-5.419544997908956052e-01 3.575070203194269641e-03 8.404002178507856691e-01 7.966346129519415342e+01 1.050734455837070780e-03 9.999930526931737340e-01 -3.576383814034687567e-03 -1.505481099576489790e+00 -8.404071797063135119e-01 -1.055198907807146542e-03 -5.419544922965817690e-01 -2.188239200311408084e+01
-5.400752218679707450e-01 4.422710290044758880e-03 8.416051220489328966e-01 8.045618472032988677e+01 4.696792773677211687e-03 9.999864589576534790e-01 -2.240988815894814131e-03 -1.517524058612566673e+00 -8.416036516569781467e-01 2.742543286399474079e-03 -5.400886824226345251e-01 -2.239030113697031865e+01
-5.371015947119696099e-01 7.310061378195303709e-03 8.434858783707228636e-01 8.124766633525662485e+01 9.868195538681290291e-03 9.999484702794636526e-01 -2.382327752064542208e-03 -1.536480477817502965e+00 -8.434598433511679705e-01 7.044132548847756130e-03 -5.371460563174486058e-01 -2.292000337273044153e+01
-5.321545295522895902e-01 1.002214677036850424e-02 8.465879164126525191e-01 8.203901989232838332e+01 1.007967381248142322e-02 9.999340644133017930e-01 -5.501543847400904887e-03 -1.575387768489681983e+00 -8.465872480843504855e-01 5.605659562081416816e-03 -5.322204627915408937e-01 -2.339207833344791965e+01
-5.243462969770439353e-01 1.237757652522287512e-02 8.514151415588817606e-01 8.282017718565765563e+01 1.579235504477220081e-02 9.998637238713194986e-01 -4.809904553836013771e-03 -1.584874490760618926e+00 -8.513586637109173960e-01 1.092379560416998664e-02 -5.244703133739356815e-01 -2.387692458469327761e+01
-5.157782309291889522e-01 1.459759370945757848e-02 8.565977547493329736e-01 8.362456901756303296e+01 2.292446535825973242e-02 9.997319710053281794e-01 -3.233419270571330495e-03 -1.621238670049022002e+00 -8.564153766982022242e-01 1.796931939024626335e-02 -5.159746306448024233e-01 -2.438409623837523910e+01
-5.061626529589074996e-01 1.527527965887769471e-02 8.623027433001002606e-01 8.440510682105112039e+01 2.280328461526260481e-02 9.997306183325183060e-01 -4.324458564288615608e-03 -1.638129663301955530e+00 -8.621365270049146101e-01 1.747445656650171639e-02 -5.063746297821777320e-01 -2.481987148784492803e+01
-4.950806442346660230e-01 1.176660389308974326e-02 8.687673388611995007e-01 8.525354563657420215e+01 1.774530676538099358e-02 9.998366584069795504e-01 -3.429367816646434943e-03 -1.671733026784700815e+00 -8.686658000845955963e-01 1.371873038669494359e-02 -4.952085801909688612e-01 -2.529175327037869181e+01
-4.838092550747205012e-01 8.767063826949639260e-03 8.751295500931745019e-01 8.604414431126689067e+01 1.944355158702201769e-02 9.998106874886644180e-01 7.331112372205955382e-04 -1.691069884034319681e+00 -8.749574650511865448e-01 1.737031367326713829e-02 -4.838881280179883615e-01 -2.575863210674678783e+01
-4.724224920264881722e-01 7.911779105777397986e-03 8.813366999902336740e-01 8.685828896548142097e+01 1.960003999972671773e-02 9.998067286730988323e-01 1.530914289815076858e-03 -1.708285246305114358e+00 -8.811542658928320781e-01 1.799747404694372610e-02 -4.724862587307973594e-01 -2.617336891909802787e+01
-4.604057485265680150e-01 7.067764498594232558e-03 8.876804488188917430e-01 8.770969501330743867e+01 1.903462948417967288e-02 9.998169969405171775e-01 1.911930068832524802e-03 -1.730444308293783040e+00 -8.875045028909933631e-01 1.777693317130032633e-02 -4.604560263926050778e-01 -2.658446452624035317e+01
-4.486051550891436701e-01 8.480018932187784186e-03 8.936898173970185821e-01 8.852993063975594623e+01 2.229611389123990414e-02 9.997499558813010001e-01 1.705574139113611755e-03 -1.752254455426148549e+00 -8.934519077001406018e-01 2.069094046657669883e-02 -4.486820567332399090e-01 -2.700404985672502534e+01
