1.000000000000000000e+00 4.398956837314658088e-19 2.733407509747682871e-20 -8.673617379884035472e-19 -5.583667658079949532e-19 1.000000000000000000e+00 -6.100159232558060012e-19 0.000000000000000000e+00 4.145284534913582806e-20 -2.210423569125054137e-19 1.000000000000000222e+00 0.000000000000000000e+00
9.998887634416281367e-01 4.546917829748348843e-04 1.490818616715046223e-02 -6.216170125635796934e-02 -4.505090028415611124e-04 9.999998582140342540e-01 -2.839268290538257992e-04 -1.077538245020369378e-02 -1.490831341101497495e-02 2.771789899598090553e-04 9.998888264931816705e-01 3.806693436282782006e-02
9.992706269621659532e-01 4.005134925184218771e-03 3.797595299161951599e-02 4.594250974068393722e-02 -3.987483446472362553e-03 9.999919038681719385e-01 -5.405381531103526510e-04 9.498164517337412405e-03 -3.797781111988932784e-02 3.887154512113687589e-04 9.992785070912250101e-01 2.872177909459615597e-01
9.979515165293819656e-01 5.257428097349118971e-03 6.375837290480827757e-02 2.259277685471190039e-02 -5.307085228626702220e-03 9.999857315822405779e-01 6.094983348910440251e-04 5.310404028261855869e-03 -6.375425988360920726e-02 -9.466208598622806751e-04 9.979651788698677972e-01 4.306354658411659098e-01
9.952969993440495822e-01 4.645304605311611004e-03 9.675900064676661028e-02 7.201260144645761641e-02 -4.910529812261872629e-03 9.999848103780996089e-01 2.503141769883576121e-03 8.585789345684297080e-03 -9.674590473105328103e-02 -2.966507390299266168e-03 9.953046919304091578e-01 5.842736502546340693e-01
9.909112607071040024e-01 1.661526585446780222e-03 1.345069240004203304e-01 1.707989415526283972e-01 -2.293755924579799627e-03 9.999870383974120980e-01 4.545516918607053584e-03 6.582494126676802226e-03 -1.344976304025306268e-01 -4.812729874206497956e-03 9.909022278576958831e-01 7.890292030538388346e-01
9.847033959771217537e-01 -1.635604151777434508e-03 1.742313016323677188e-01 2.154930003930173865e-01 6.912460380853757431e-04 9.999847420179949209e-01 5.480684940761097919e-03 -1.017079666589242037e-02 -1.742376104573103435e-01 -5.276412261009642141e-03 9.846895017517710569e-01 9.637040910654837145e-01
9.759699779122694707e-01 -1.852225868005208387e-03 2.178971568267956127e-01 3.125175617829819563e-01 4.774517265333082803e-04 9.999796498105115727e-01 6.361760928196462557e-03 -5.261599320337442820e-03 -2.179045097638345474e-01 -6.104852149507521836e-03 9.759510007820376698e-01 1.206552512030835578e+00
9.642060554445114340e-01 -1.907888627751533643e-03 2.651472076985279536e-01 4.123025294887117664e-01 -6.614874308122920812e-04 9.999536930020559433e-01 9.600743944111955405e-03 9.452987836857926207e-03 -2.651532512599948377e-01 -9.432486829148873167e-03 9.641601435419917543e-01 1.397650502887398227e+00
9.497969275606409356e-01 -5.691179334630262938e-03 3.128152899190981828e-01 5.545045464503870480e-01 5.980577912571631268e-04 9.998657401911371645e-01 1.637510036330660709e-02 2.084307907369330887e-02 -3.128664904339172881e-01 -1.536593823467690030e-02 9.496728112248501441e-01 1.646978100888637719e+00
9.328410398671543868e-01 -1.532324733549425555e-02 3.599622073001105260e-01 6.755169998177471546e-01 6.953134375056009391e-03 9.996747621973099962e-01 2.453617177127789123e-02 -3.517671047751358415e-04 -3.602211140292164160e-01 -2.038548222843456284e-02 9.326441887939271869e-01 1.858536787844361049e+00
9.117976358968536976e-01 -2.106468861410367571e-02 4.100991925294565910e-01 8.397360216328934035e-01 9.824930766698184922e-03 9.995166207244731149e-01 2.949568781668140960e-02 -4.758083664475928898e-03 -4.105222836443269130e-01 -2.286490205259159025e-02 9.115638503527551118e-01 2.082820640659514222e+00
8.869170456479703590e-01 -2.299061892828121317e-02 4.613562425124258515e-01 1.042362790912564119e+00 8.551721612746306794e-03 9.994067071443142325e-01 3.336317941009300791e-02 -1.513158901457825611e-03 -4.618495712663590602e-01 -2.564498214591705641e-02 8.865874528319636072e-01 2.322742990793285056e+00
8.585888873773246388e-01 -2.504971988414580672e-02 5.120523704864096137e-01 1.205365730243293410e+00 6.658428016551503313e-03 9.992661737779185982e-01 3.771974611499898794e-02 2.631895376989441121e-02 -5.126214909529603903e-01 -2.897629075902250287e-02 8.581256233820091506e-01 2.539055016719429236e+00
8.265229369692093098e-01 -3.034886469446848936e-02 5.620843142269861259e-01 1.448532901352431512e+00 7.869801938970100511e-03 9.990709489877755978e-01 4.237104043000639031e-02 2.408391576865763495e-02 -5.628480319157701528e-01 -3.059714427360495093e-02 8.259938937700197492e-01 2.773067639466036738e+00
7.905023385049652074e-01 -3.600339568491816439e-02 6.113998712547563663e-01 1.667373975962869181e+00 9.912516376353838407e-03 9.988920131677688774e-01 4.600530407164296620e-02 2.520936698794187802e-02 -6.123788059888402024e-01 -3.030678888063901774e-02 7.899833557211423107e-01 2.972009460853905605e+00
7.532119846028705323e-01 -4.055616462353825447e-02 6.565263871632545101e-01 1.925881068098181270e+00 1.109417137785559219e-02 9.987387343192479783e-01 4.896794748358731381e-02 3.478592475696981601e-02 -6.576842964615816634e-01 -2.959962826193544838e-02 7.527119203026202410e-01 3.169628702425981270e+00
7.127137443493543056e-01 -4.376830079841322052e-02 7.000881706782341452e-01 2.231483557222607939e+00 1.204583003054277186e-02 9.986679507972258119e-01 5.017192417511529695e-02 4.394310065086806660e-02 -7.013515707751297734e-01 -2.732507637103369011e-02 7.122915991106688605e-01 3.427086957693095570e+00
6.713174014091588537e-01 -4.563273278639778940e-02 7.397638755254082321e-01 2.514102703692381535e+00 1.119559297299924615e-02 9.986133168585368258e-01 5.144027640656989586e-02 5.318726016604011925e-02 -7.410854306249308188e-01 -2.625065692757894836e-02 6.708973813569774070e-01 3.616494331262792628e+00
6.287297995265740402e-01 -4.609954914449150565e-02 7.762561826173820512e-01 2.869333848510094764e+00 7.099537711513961846e-03 9.985399289669367739e-01 5.355003989919466384e-02 8.444167706028971043e-02 -7.775914395844715221e-01 -2.815744527616457701e-02 6.281390937638653416e-01 3.838839526278614578e+00
5.868372459708158795e-01 -4.688774551117117634e-02 8.083461977738735094e-01 3.209397913450876771e+00 4.278138271435361073e-03 9.984875823644152604e-01 5.481099661967282072e-02 1.022039143625780439e-01 -8.096936187826646592e-01 -2.870691693831294369e-02 5.861502941020109159e-01 4.046290691187075517e+00
5.465276832928687156e-01 -4.790669646361192524e-02 8.360696313137067071e-01 3.573396419373778166e+00 1.949088330137623481e-03 9.984324552720279522e-01 5.593597474100161365e-02 1.205832893956276519e-01 -8.374387770079694260e-01 -2.894098453624778869e-02 5.457643499211274341e-01 4.248085661280905256e+00
5.080793121173646787e-01 -5.055299393201503205e-02 8.598254446405597662e-01 4.011901492366479971e+00 1.164963650560817219e-03 9.983154933285516286e-01 5.800705642166912451e-02 1.321750088837662096e-01 -8.613095082016737347e-01 -2.847051931343247411e-02 5.072823403274462351e-01 4.451749254461324412e+00
4.706280586357550200e-01 -5.042737284366248518e-02 8.808894923154790835e-01 4.415479465662580871e+00 -1.667963948021765211e-03 9.983128346897871541e-01 5.804051989536638395e-02 1.555608235729495914e-01 -8.823301323103449612e-01 -2.878478847310972019e-02 4.697499190324124219e-01 4.636453805159167274e+00
4.345269603314838025e-01 -4.976381736915057308e-02 8.992829753760757105e-01 4.855859501103730658e+00 -2.978159154926891383e-03 9.983875565120922113e-01 5.668701380171909526e-02 1.816457507982651709e-01 -9.006539101710595574e-01 -2.731024294684300871e-02 4.336781043407136882e-01 4.823051620531267680e+00
4.008489210744414777e-01 -4.836109253469299263e-02 9.148668390816324658e-01 5.386439079656607731e+00 -1.852058333162787248e-03 9.985609434102438176e-01 5.359675495047992733e-02 1.964090231028042810e-01 -9.161423073959624741e-01 -2.317858741651269289e-02 4.001825079510845651e-01 5.022327836030307857e+00
3.713497319851828404e-01 -4.682291070629084756e-02 9.273116936636722762e-01 5.871538733061830939e+00 1.563474681209390789e-04 9.987307913099201517e-01 5.036647705322001844e-02 2.192413762435302671e-01 -9.284930627212287790e-01 -1.855859413184529280e-02 3.708857310260330054e-01 5.188979094753177534e+00
3.452027399886858916e-01 -4.492353916256441176e-02 9.374523610255524053e-01 6.422902431652232735e+00 1.001724816297141270e-03 9.988708356730769955e-01 4.749789633937825245e-02 2.430310509314719258e-01 -9.385276131039922420e-01 -1.545733383926701197e-02 3.448579490825611216e-01 5.382428517448897054e+00
3.247924646926820258e-01 -4.428558792835624036e-02 9.447479169475220262e-01 7.011030264452742244e+00 2.055112101955823990e-03 9.989338359631038111e-01 4.611906167099688592e-02 2.677313441167888386e-01 -9.457830868193952689e-01 -1.303755997472198259e-02 3.245371931738605942e-01 5.551319742952787628e+00
3.100779473874750725e-01 -4.482579115652331886e-02 9.496537789150912845e-01 7.577449479001288069e+00 3.456592525235242103e-03 9.989343856225733065e-01 4.602331098211159821e-02 2.979097765321595537e-01 -9.507048619720814830e-01 -1.098824676494320439e-02 3.099024670349341259e-01 5.739022089429013818e+00
2.982024385069771411e-01 -4.653344672207508637e-02 9.533676775953847660e-01 8.202813579230463503e+00 4.332378908639538187e-03 9.988666350492301227e-01 4.739911223052601513e-02 3.161574567171036021e-01 -9.544928246653970882e-01 -1.000417993402345600e-02 2.980660655045068719e-01 5.927371255760941260e+00
2.874806503029794791e-01 -4.833643897934154776e-02 9.565659668456446552e-01 8.841763449618570192e+00 3.205708176943107557e-03 9.987687029161113061e-01 4.950557010888190917e-02 3.434840983470059395e-01 -9.577810895021928728e-01 -1.116542125446607324e-02 2.872816273964992617e-01 6.106506830674437225e+00
2.768605561462194053e-01 -4.980157413529687216e-02 9.596186847429650779e-01 9.505673976912907719e+00 1.438348600747116216e-03 9.986764113250589103e-01 5.141358359974925601e-02 3.745772862136759751e-01 -9.609090383409994995e-01 -1.285412627457327428e-02 2.765657373323093249e-01 6.291054924975944651e+00
2.665258992681041605e-01 -5.163203918617392807e-02 9.624437967406325178e-01 1.019552528527385782e+01 7.500373221351931425e-04 9.985749168693152100e-01 5.336265365165306085e-02 4.081584304957403542e-01 -9.638274736223425565e-01 -1.350065960282873824e-02 2.661848023160851007e-01 6.485785350743233479e+00
2.563100728156291197e-01 -5.373334647463250818e-02 9.650999213981830138e-01 1.089269562975351668e+01 -6.578491351340368099e-05 9.984526880410045102e-01 5.560778161418645366e-02 4.308364170786586622e-01 -9.665946196678812941e-01 -1.431632269090383699e-02 2.559099449822247463e-01 6.670407030459447384e+00
2.462610096606907550e-01 -5.513747757966617341e-02 9.676338965854360818e-01 1.164056471754367017e+01 -5.423477066770987726e-04 9.983724866947112364e-01 5.702704296274797857e-02 4.639333766756633670e-01 -9.692034036154402177e-01 -1.456833032194560125e-02 2.458303115539666461e-01 6.863387470721255212e+00
2.355882782965514621e-01 -5.655525615607091133e-02 9.702059833679966827e-01 1.240184602194227814e+01 -1.193237923710806832e-03 9.982877532547512756e-01 5.848194459179312937e-02 4.916626426959998519e-01 -9.718522295018211521e-01 -1.493534632904890830e-02 2.351174078015045021e-01 7.048470235175292586e+00
2.252904703584680257e-01 -5.934666441921782054e-02 9.724824735329767877e-01 1.317491922060571952e+01 -2.303171428232219774e-03 9.981078723524458018e-01 6.144404369783186548e-02 5.237997830072537164e-01 -9.742889284554225870e-01 -1.608255047623168357e-02 2.247275051301597382e-01 7.221185760287912814e+00
2.148497850179646729e-01 -6.297780548463668970e-02 9.746144621063677072e-01 1.394469582990290490e+01 -4.263565414726342220e-03 9.978487710559161838e-01 6.541904972339078472e-02 5.683136574036562472e-01 -9.766378083491417117e-01 -1.821060041954860459e-02 2.141190825871787939e-01 7.383832307796479810e+00
2.011134484561961644e-01 -6.654702988419165799e-02 9.773048948021452187e-01 1.472259356953043685e+01 -4.837568485377530259e-03 9.976101047726173565e-01 6.892515315353332783e-02 6.078915132285666045e-01 -9.795560196698395172e-01 -1.858955372969734593e-02 2.003108812062101562e-01 7.551386738299223467e+00
1.886695895115849952e-01 -6.913219266416871511e-02 9.796042617170783728e-01 1.552903432483094015e+01 -5.676243866963268624e-03 9.974256591072401257e-01 7.148310820223777173e-02 6.493644331261515523e-01 -9.820242274031426577e-01 -1.904716049687890655e-02 1.877914771196403654e-01 7.702790824101996670e+00
1.750312322145481936e-01 -6.995408228184228638e-02 9.820745784616293772e-01 1.631980834255962165e+01 -6.196888531608873464e-03 9.973746595551747918e-01 7.214836795010526327e-02 6.839422732873372546e-01 -9.845433882502881984e-01 -1.871402356235608508e-02 1.741382166199826886e-01 7.843000435483965305e+00
1.612869280363109503e-01 -6.927253739704970770e-02 9.844733748785690075e-01 1.712524363349486123e+01 -7.488086731696414963e-03 9.974189227983359940e-01 7.141023002746883785e-02 7.235532477647527161e-01 -9.868791579968273497e-01 -1.888935777143414818e-02 1.603519138805993005e-01 7.979897634918144078e+00
1.441220695633088356e-01 -6.811755664070234806e-02 9.872126472354334492e-01 1.791131967608125919e+01 -8.929896539055331289e-03 9.974978265573541947e-01 7.013089845057161875e-02 7.592769135599195529e-01 -9.895196325323037945e-01 -1.892311614755108271e-02 1.431531670364682152e-01 8.104225688180084930e+00
1.232689856013313018e-01 -6.671454837528238702e-02 9.901282287731795195e-01 1.872847541847719555e+01 -1.120234012806981504e-02 9.975805680068755565e-01 6.861135382490296530e-02 8.007886979728855437e-01 -9.923100735086219926e-01 -1.954940429845994712e-02 1.222233842287311772e-01 8.187153684144895749e+00
9.816888329515700840e-02 -6.544727953273156429e-02 9.930153609124720004e-01 1.955535986044587915e+01 -1.535708578423740540e-02 9.976166985389022246e-01 6.726873483024592426e-02 8.465683246663968653e-01 -9.950512788556564736e-01 -2.185351780103625755e-02 9.692983637949954823e-02 8.282056530569731123e+00
6.867626623284729670e-02 -6.497528742230117282e-02 9.955208513155997530e-01 2.037309184559756403e+01 -1.945459154742694777e-02 9.975998744955650865e-01 6.645306055248847987e-02 8.836999237516600658e-01 -9.974493002913049633e-01 -2.393119877134352452e-02 6.724736550738812102e-02 8.327679159120259911e+00
3.508815621265302942e-02 -6.485518661612477143e-02 9.972775987028932310e-01 2.123326334847187269e+01 -2.259892479789362904e-02 9.975854334225588982e-01 6.567032519689758319e-02 9.231671328560787648e-01 -9.991286840207278530e-01 -2.484165124166972868e-02 3.353777464606064185e-02 8.315395490274068990e+00
4.742171392588994186e-04 -6.403732152398804167e-02 9.979473830353420283e-01 2.205569360101836907e+01 -2.430239709229107398e-02 9.976520251031238962e-01 6.402991722281568820e-02 9.572133075823083814e-01 -9.997045493189028464e-01 -2.428287681208094601e-02 -1.083158120434582093e-03 8.325638371172480845e+00
-3.324442609869011911e-02 -6.318971250515026394e-02 9.974476683368495022e-01 2.291489190200593384e+01 -2.532598879450530596e-02 9.977321142931803166e-01 6.236363043116198435e-02 9.879063245999705201e-01 -9.991263281863157486e-01 -2.318810450397643802e-02 -3.476937488362868978e-02 8.286894627636923971e+00
-6.644422828738749676e-02 -6.137215487806204489e-02 9.959009016169506623e-01 2.375138450827831704e+01 -2.750789265692836841e-02 9.978398829849930429e-01 5.965638084456003493e-02 1.017204164633616514e+00 -9.974108970311450495e-01 -2.343131204826084599e-02 -6.798892101867952398e-02 8.228376364270619803e+00
-9.903840373611690062e-02 -5.833969948611952838e-02 9.933719629619214286e-01 2.457303280619266062e+01 -2.970735796149319430e-02 9.980082813897193095e-01 5.565018580425338396e-02 1.061321299530142870e+00 -9.946400778566305556e-01 -2.399895006669205619e-02 -1.005742668277584961e-01 8.139441812560630041e+00
-1.309348661630049537e-01 -5.389602642636649038e-02 9.899248769392078318e-01 2.542198026242794029e+01 -2.700619156958827816e-02 9.983445369321930496e-01 5.078239078728868927e-02 1.082900021513723221e+00 -9.910230790860026229e-01 -2.008491443582680752e-02 -1.321736361257529191e-01 8.014169736920983667e+00
-1.626340423528531143e-01 -4.837079458873159293e-02 9.855000849486483805e-01 2.625325919938364905e+01 -2.246331320480078261e-02 9.987202640211610971e-01 4.531262306638758619e-02 1.104808165763437877e+00 -9.864307296846891449e-01 -1.476822107946549646e-02 -1.635124834045443287e-01 7.869530662793295939e+00
-1.935729565057847934e-01 -4.219074066966658348e-02 9.801782669436951423e-01 2.709686097309424113e+01 -1.597020674653004679e-02 9.990780262226180986e-01 3.985034533502656434e-02 1.122754426907450753e+00 -9.809559008498874855e-01 -7.939699417465941739e-03 -1.940682835391348005e-01 7.696162784801896528e+00
-2.228707349204763211e-01 -3.657340006444080582e-02 9.741616935440929881e-01 2.790967591106949541e+01 -1.086305028610720820e-02 9.993271177087206247e-01 3.503292668802134718e-02 1.126673289298564029e+00 -9.747874875119626470e-01 -2.774552315688946346e-03 -2.231180691982071473e-01 7.485160821846098322e+00
-2.499196678871071498e-01 -3.013902965465145231e-02 9.677973868130345103e-01 2.872938238444848835e+01 -2.147504275794197975e-03 9.995302391061995362e-01 3.057268922724295027e-02 1.149678802042109149e+00 -9.682642014055746760e-01 5.562368411414898503e-03 -2.498669904523607432e-01 7.252513859302255561e+00
-2.769463391529344287e-01 -2.021436925191745851e-02 9.606727268651524820e-01 2.953822422839063577e+01 3.898594786621879631e-03 9.997468253278887218e-01 2.216046455638120624e-02 1.139844318948662227e+00 -9.608774853219969048e-01 9.882534345793140759e-03 -2.767974170676639756e-01 7.010283056384097655e+00
-3.017059576689036793e-01 -5.426596615623910033e-03 9.533855731087294005e-01 3.028150717692484761e+01 7.972169448643890571e-03 9.999344818960033132e-01 8.214402787906562031e-03 1.132047980188886083e+00 -9.533677018598900599e-01 1.007888671399433285e-02 -3.016429300578591932e-01 6.737533292615623282e+00
-3.267903503892671813e-01 1.183175211331884830e-02 9.450227831332846939e-01 3.107863974129092455e+01 9.002869251288746905e-03 9.999152360167281595e-01 -9.405802033984143190e-03 1.106277180393388848e+00 -9.450539827236593693e-01 5.434192269289741563e-03 -3.268691713834346868e-01 6.454686818469491882e+00
-3.524080495031228222e-01 2.673822551686112423e-02 9.354643864588666480e-01 3.188267069008038135e+01 7.899574971581302743e-03 9.996411396984929976e-01 -2.559665061173246187e-02 1.081247399795068231e+00 -9.358131106448671632e-01 -1.630693687468776467e-03 -3.524928061777340416e-01 6.170637144227301363e+00
-3.765295813554498938e-01 3.742759512019068480e-02 9.256482237707417404e-01 3.262851200105994565e+01 1.222459845702279432e-02 9.992972886678194167e-01 -3.543286648892302049e-02 1.051839369067151697e+00 -9.263239432913725757e-01 -2.025843580299234708e-03 -3.767225283771564737e-01 5.856415073358457235e+00
-4.005006142550701642e-01 4.192911672478908530e-02 9.153366550831206760e-01 3.341235876932201165e+01 1.606108954480144763e-02 9.991202564110380768e-01 -3.873957405102033263e-02 9.988289031753831981e-01 -9.161557255122616539e-01 -8.139182644529257670e-04 -4.008217049955209998e-01 5.509238961716662608e+00
-4.229045866528297615e-01 4.158632813367861558e-02 9.052194613380294408e-01 3.414009780098681546e+01 1.830648350563499407e-02 9.991346126842527431e-01 -3.734833812761064603e-02 9.576083295087812752e-01 -9.059892918290373132e-01 7.766026057874662403e-04 -4.232999110935526943e-01 5.146800317297846483e+00
-4.431898987401905465e-01 3.779963077826006129e-02 8.956304411604816273e-01 3.487453294284512140e+01 2.204259572775956258e-02 9.992680083826116499e-01 -3.126613753634096410e-02 9.107796508899681509e-01 -8.961567111603678804e-01 5.885184415771128365e-03 -4.436986906913105710e-01 4.762332593102037492e+00
-4.613689371874987177e-01 3.668638767620308050e-02 8.864495465569551813e-01 3.560714462849397677e+01 2.938517580534746876e-02 9.992284021936741478e-01 -2.605977059010367025e-02 8.784503059299864081e-01 -8.867216182419337400e-01 1.402530818496059220e-02 -4.620909831284293889e-01 4.362549640113749128e+00
-4.759020410861282135e-01 3.731925148728888753e-02 8.787061549896095780e-01 3.628657278866632652e+01 3.295786052875167987e-02 9.991543213779131571e-01 -2.458498418901022137e-02 8.322165147888176406e-01 -8.788805604178222541e-01 1.726023184716760778e-02 -4.767295448278151548e-01 3.990629861398842682e+00
-4.861195351464088210e-01 4.066243860268427962e-02 8.729457886152620638e-01 3.700769325496483475e+01 3.556542530850572564e-02 9.990098354394491009e-01 -2.672918180783121975e-02 7.817891222403506868e-01 -8.731683174787253643e-01 1.805311190971734328e-02 -4.870843749642400633e-01 3.556656016986944557e+00
-4.964452663061666438e-01 4.352928036330436928e-02 8.669759429827242903e-01 3.770532655960201396e+01 3.730640400928581651e-02 9.988890637641847370e-01 -2.879011030685237060e-02 7.413443583248183755e-01 -8.672660158054862345e-01 1.805104191218120588e-02 -4.975176694128148891e-01 3.172609976972456725e+00
-5.067222231594982196e-01 4.251785987413932155e-02 8.610602805350346944e-01 3.838701463342334819e+01 3.097626022287143510e-02 9.990361103968974366e-01 -3.110179050260778594e-02 6.867145228847527649e-01 -8.615527099785358356e-01 1.091245991580124149e-02 -5.075508443824610083e-01 2.781093196000743895e+00
-5.185103143144219606e-01 4.119016297375525243e-02 8.540786914505194005e-01 3.907069477752111197e+01 2.926052411426796618e-02 9.991088078674675854e-01 -3.042058052872386939e-02 6.661326840412618022e-01 -8.545705867126555111e-01 9.217406381318510658e-03 -5.192534689625243338e-01 2.375241572919015276e+00
-5.269467049923265423e-01 4.282589318294111741e-02 8.488186495869619597e-01 3.975565039516147436e+01 3.171089860872113725e-02 9.990249301807671012e-01 -3.071819872167937115e-02 6.295665852836325183e-01 -8.493065411498270656e-01 1.072994954955104434e-02 -5.277909439171896144e-01 1.938704330201119763e+00
-5.342991596014025069e-01 4.568737440731632932e-02 8.440598669051895264e-01 4.043297259264389965e+01 3.522702998628176457e-02 9.988742887720563068e-01 -3.176808979562803503e-02 5.805461695879077233e-01 -8.445611144809646031e-01 1.276005958976920984e-02 -5.353071247369431962e-01 1.495243196974542554e+00
-5.377888341344269074e-01 4.906163204318399196e-02 8.416508262106549010e-01 4.112758696941552472e+01 3.627977316104705197e-02 9.987273078648933877e-01 -3.503630291947956721e-02 5.452474033325074299e-01 -8.422986166177167666e-01 1.169276957040108096e-02 -5.388843405836084566e-01 1.061539559627241225e+00
-5.378052685135240596e-01 5.029421534778789893e-02 8.415675684005513579e-01 4.183167216087348095e+01 3.526760410138654600e-02 9.986873140280929650e-01 -3.714626277991632530e-02 4.960078894161413232e-01 -8.423311111896241155e-01 9.702616993276845167e-03 -5.388730567446763375e-01 6.239168284991546409e-01
-5.338219110779733878e-01 5.150956651815007808e-02 8.440266102812283844e-01 4.256348830937542971e+01 3.808490908502133038e-02 9.985946360965528568e-01 -3.685501857109980961e-02 4.614603495960850066e-01 -8.447388464151669440e-01 1.247066129284809394e-02 -5.350334353820779265e-01 1.378555338085102056e-01
-5.285751433293931489e-01 5.007694605656135001e-02 8.474081686441191641e-01 4.332067842602924657e+01 3.632253497524901009e-02 9.986784465782357900e-01 -3.635978176891235120e-02 4.113492938834225621e-01 -8.481090750020826574e-01 1.156113700055907967e-02 -5.296955258602028538e-01 -2.927714197776545846e-01
-5.214517058135405003e-01 4.901181123921685007e-02 8.518720254200173869e-01 4.405721178799917936e+01 3.421145717915408113e-02 9.987471302251049732e-01 -3.652048746579402566e-02 3.727614221603439693e-01 -8.525946907143938658e-01 1.010011384091333980e-02 -5.224751614154324875e-01 -7.597613834781734576e-01
-5.143641457990096866e-01 4.825409272347836592e-02 8.562132063675318427e-01 4.485624481216530768e+01 3.216485006542953856e-02 9.987987081538206580e-01 -3.696705226311500919e-02 3.238485105157776212e-01 -8.569684708352431901e-01 8.525444143502107844e-03 -5.152983312098787794e-01 -1.231833518080220458e+00
-5.075820268124298096e-01 4.669515642095180274e-02 8.603371635656015259e-01 4.566041736758693759e+01 2.935926697139371391e-02 9.988878272078369758e-01 -3.689365860642065259e-02 2.774073333261946606e-01 -8.611030900532105070e-01 6.532311441119659744e-03 -5.083884446693234249e-01 -1.701320732152580728e+00
-5.029016762081237601e-01 4.464238430169633481e-02 8.631899837795112829e-01 4.645973486189202362e+01 2.547366264533865166e-02 9.989970076996180781e-01 -3.682487027515454064e-02 2.341978966238057180e-01 -8.639681758432042891e-01 3.469322416112998603e-03 -5.035344759533798564e-01 -2.159440311818200176e+00
-5.020011452815916764e-01 4.184839311758354469e-02 8.638538930955661499e-01 4.731596243560336035e+01 2.095687313244907340e-02 9.991239690894314629e-01 -3.622297363281472976e-02 1.973354706605879305e-01 -8.646130185921995226e-01 -8.029687876870589302e-05 -5.024383894439851117e-01 -2.616783610515465153e+00
-5.022877363846737220e-01 3.926887570515597697e-02 8.638084114930647539e-01 4.813145565692841643e+01 1.770999642669620136e-02 9.992259267556290459e-01 -3.512695960219637537e-02 1.397592689313007508e-01 -8.645191716892390854e-01 -2.345796235007691511e-03 -5.025943817523689239e-01 -3.094619235498965004e+00
-5.036670698607653707e-01 3.783832260480708698e-02 8.630687867076287656e-01 4.897591435749870925e+01 1.636746948422682785e-02 9.992789769043145531e-01 -3.425831617709364924e-02 1.035870295284384845e-01 -8.637427863498471359e-01 -3.128532796053930514e-03 -5.039232330771774571e-01 -3.588683001414401996e+00
-5.040300089644654813e-01 3.769666224105426566e-02 8.628630819740048530e-01 4.986448162819360874e+01 1.651189185897223438e-02 9.992850339283509964e-01 -3.401144456599166505e-02 5.283547936991807997e-02 -8.635282970317336160e-01 -2.895285906752080151e-03 -5.042920890347843965e-01 -4.088708422342824278e+00
-5.037312778321784146e-01 3.683644260077254678e-02 8.630746565264993952e-01 5.074236252230695499e+01 1.620369313550149709e-02 9.993175628039830949e-01 -3.319411044966987662e-02 2.004199175440993241e-03 -8.637084301731863256e-01 -2.735913879639613293e-03 -5.039844004991538284e-01 -4.593465379899912548e+00
-5.036884318928744886e-01 3.631320471690243495e-02 8.631218345327987818e-01 5.162381528869059366e+01 1.664898321420677299e-02 9.993386265374213373e-01 -3.232832869379549667e-02 -4.306433858778746515e-02 -8.637249488264699959e-01 -1.913303336309330957e-03 -5.039598848820974197e-01 -5.106931523024887731e+00
-5.045418850550420498e-01 3.569916751467883814e-02 8.626488521896001904e-01 5.249571024835417177e+01 1.621877938951309106e-02 9.993603981917388301e-01 -3.187076544339614848e-02 -1.004635911306349799e-01 -8.632348751616066851e-01 -2.089023737991157082e-03 -5.047981772902833120e-01 -5.607516461571208310e+00
-5.043341452333378605e-01 3.418168418102399825e-02 8.628317732517973848e-01 5.338652865879326015e+01 1.434764708400669553e-02 9.994099920003131077e-01 -3.120597515234550118e-02 -1.457827197885879500e-01 -8.633893833354430170e-01 -3.358632126942735687e-03 -5.045270120094907940e-01 -6.130861006979998251e+00
-5.047139195496447295e-01 3.348175438736900739e-02 8.626371300007253939e-01 5.428804535807617526e+01 1.395681937487421378e-02 9.994334863737951435e-01 -3.062537315118198100e-02 -2.004127698181031869e-01 -8.631738404752550275e-01 -3.417380609326481876e-03 -5.048952922498571860e-01 -6.633525082050181432e+00
-5.039628588101809914e-01 3.269302531750648694e-02 8.631063605035635966e-01 5.519046275699585635e+01 1.261571551219664578e-02 9.994554091917315919e-01 -3.049145347129373837e-02 -2.500401730363190356e-01 -8.636331935217391731e-01 -4.477854866642379250e-03 -5.041008523913634853e-01 -7.143041721353227125e+00
-5.023095812915787661e-01 3.146087914219146409e-02 8.641153187528040069e-01 5.607593288482011218e+01 1.225518360505942553e-02 9.994965310374437362e-01 -2.926593404037819424e-02 -3.048259102228813022e-01 -8.646010104890613501e-01 -4.110666288556069463e-03 -5.024422440745264229e-01 -7.674558378488820054e+00
-5.003946388336104611e-01 2.915633084961628124e-02 8.653063620707243109e-01 5.697121507519528905e+01 1.272356378973051212e-02 9.995725259857851652e-01 -2.632254158253671122e-02 -3.629792319986206994e-01 -8.657039498041466663e-01 -2.161877074437962287e-03 -5.005517067820607346e-01 -8.174365962083466997e+00
-4.979881321678060191e-01 2.797714056178200390e-02 8.667324190468504996e-01 5.784387927180263489e+01 1.355841724004975407e-02 9.996084675607765924e-01 -2.447612874477620229e-02 -4.020924613152542793e-01 -8.670778522946431810e-01 -4.373009272205987535e-04 -4.981724806245515502e-01 -8.677648620992840733e+00
-4.954561722440377625e-01 2.741010932319536478e-02 8.682003534038896797e-01 5.874701034418318102e+01 1.310656815149761033e-02 9.996241203404230280e-01 -2.407978158891009926e-02 -4.633070991829514318e-01 -8.685340590332616406e-01 -5.513483768656978357e-04 -4.956291940344808578e-01 -9.202041582211803572e+00
-4.941712638382316780e-01 2.760909676341511895e-02 8.689260533037997947e-01 5.963382283342169643e+01 1.394290232489155471e-02 9.996187390469681855e-01 -2.383216305798559892e-02 -5.042127202026878141e-01 -8.692527652745715150e-01 3.381818955779957218e-04 -4.943678077936692894e-01 -9.694869571461236291e+00
-4.923936689554251345e-01 2.802131709487755765e-02 8.699214141921658427e-01 6.051536461896743191e+01 1.382771389307659894e-02 9.996073254152574306e-01 -2.437189528568720759e-02 -5.458254300665126291e-01 -8.702627658353235818e-01 2.845842857604815259e-05 -4.925877904560643783e-01 -1.018991944541784456e+01
-4.936376053883853587e-01 2.881649710755979782e-02 8.691901462691433711e-01 6.140292618393250734e+01 1.282997679898238534e-02 9.995834214690807462e-01 -2.585295333107192478e-02 -6.016875730983349824e-01 -8.695730669236644284e-01 -1.610299637380313608e-03 -4.938016827726608993e-01 -1.068783775396090441e+01
-4.957071437059307750e-01 3.112624083605800701e-02 8.679317779513071596e-01 6.230356536798226585e+01 1.197826788386876021e-02 9.995075331441916067e-01 -2.900365948302073907e-02 -6.469751842625640625e-01 -8.684071402392987693e-01 -3.981000955756854899e-03 -4.958358640402166784e-01 -1.118431240645012359e+01
-4.998883437449846978e-01 3.149558931230164727e-02 8.655169889023449636e-01 6.316753119067681155e+01 1.053443960579958372e-02 9.994857491553695850e-01 -3.028634669996956713e-02 -6.981505170702867469e-01 -8.660257973857250491e-01 -6.022054360970833728e-03 -4.999630653438015826e-01 -1.167371412067122449e+01
-5.056861938564015668e-01 3.034351555865908573e-02 8.621836990679463408e-01 6.403823398428552593e+01 1.096584636749354039e-02 9.995266121240717894e-01 -2.874546656297945549e-02 -7.387897054309129352e-01 -8.626478052007602315e-01 -5.081610703801984000e-03 -5.057795516866450125e-01 -1.218400014455595226e+01
-5.110132889284060287e-01 2.814979265944276762e-02 8.591117472894420626e-01 6.492252394647218239e+01 1.366935742252302008e-02 9.996033640955146460e-01 -2.462241117261170995e-02 -8.070433868101678510e-01 -8.594641233732458474e-01 -8.388728483886124555e-04 -5.111953934967734536e-01 -1.269842280089111952e+01
-5.160380342224449857e-01 2.576039103688503029e-02 8.561782152046617522e-01 6.575950883496896893e+01 1.088076538680943402e-02 9.996641655631215428e-01 -2.351946032380925616e-02 -8.419791601450465901e-01 -8.564965663972916587e-01 -2.821060874603169202e-03 -5.161450248556848086e-01 -1.319736753235701165e+01
-5.209463073269360311e-01 2.819489095619785723e-02 8.531236603188344647e-01 6.659626341594434962e+01 1.204342741510855234e-02 9.995976251287910230e-01 -2.568158232635266852e-02 -8.964251736787325342e-01 -8.535044889834697557e-01 -3.104191698703632346e-03 -5.210762559470044630e-01 -1.372777770529706132e+01
-5.263689018837404143e-01 3.038904038965287505e-02 8.497130528836771557e-01 6.744943293575755661e+01 1.238360714360737386e-02 9.995290866802134522e-01 -2.807581042186342232e-02 -9.433473079410877871e-01 -8.501661233413611019e-01 -4.255719982834324164e-03 -5.264973548904484657e-01 -1.425104064849854169e+01
-5.316967739108029445e-01 3.072948995408383843e-02 8.463771180989785314e-01 6.829113225839671486e+01 1.135077691256372590e-02 9.995103446769968425e-01 -2.915871610785823395e-02 -9.869894875160714065e-01 -8.468587321682403690e-01 -5.896556565603085047e-03 -5.317852305316862482e-01 -1.476001202608534868e+01
-5.349062854211362739e-01 3.109859074938459839e-02 8.443388718456501518e-01 6.911432321301543880e+01 1.027786190552513849e-02 9.994879526782532997e-01 -3.030178187879991811e-02 -1.036177827520929906e+00 -8.448488877217682491e-01 -7.530614408053983543e-03 -5.349520162999322759e-01 -1.528345184306761873e+01
-5.381726854244077707e-01 3.022026442340014149e-02 8.422926352389845661e-01 6.992277127913109780e+01 1.047255840570207076e-02 9.995196020745871213e-01 -2.917002859966230308e-02 -1.088860590243415860e+00 -8.427695401670011188e-01 -6.877552951030958296e-03 -5.382306330525313820e-01 -1.578989411700013434e+01
-5.410126657605273115e-01 2.382364729620937635e-02 8.406769394097959314e-01 7.076067638290545858e+01 1.167088429615147603e-02 9.997151216888322534e-01 -2.081984404360202184e-02 -1.141559760397738765e+00 -8.409334679625203313e-01 -1.452355126349589654e-03 -5.411365871998654598e-01 -1.633509568350303098e+01
-5.427857079217771608e-01 1.618627931642240350e-02 8.397152295866968652e-01 7.158228257436344677e+01 1.282905050509931984e-02 9.998574111899992678e-01 -1.098056146903359127e-02 -1.170752614637360800e+00 -8.397732445701538984e-01 4.812658232095612734e-03 -5.429159685293474258e-01 -1.684946682960674380e+01
-5.449242724326640586e-01 1.328790830914496068e-02 8.383799592095710906e-01 7.238956261312283402e+01 1.322679584610891336e-02 9.998862335469569373e-01 -7.250642232356282503e-03 -1.204066650318895704e+00 -8.383809400862601846e-01 7.138030613317653678e-03 -5.450380359602842173e-01 -1.737665105068231597e+01
-5.461836960439746536e-01 1.795607236855490882e-02 8.374729469462619535e-01 7.317536473317895229e+01 1.297301156651901009e-02 9.998316425671359697e-01 -1.297641979550417241e-02 -1.233719442023875512e+00 -8.375649721883463572e-01 3.777038261780744574e-03 -5.463246874714472456e-01 -1.788459532592040091e+01
-5.473547050519403934e-01 2.346980823607888733e-02 8.365715643106255150e-01 7.396231441840291154e+01 1.342369034080178464e-02 9.997243110642578534e-01 -1.926412161606483320e-02 -1.283599607598176595e+00 -8.367930705148897141e-01 6.855709488227747271e-04 -5.475188580309957587e-01 -1.840548146579502742e+01
-5.476621177816377584e-01 2.858565643733351064e-02 8.362111289977746109e-01 7.477967460206311046e+01 1.984140817429039597e-02 9.995788686474686990e-01 -2.117554819475432615e-02 -1.316370917658296280e+00 -8.364643057056612152e-01 4.994561723387110422e-03 -5.479986609477656145e-01 -1.893592147269777115e+01
-5.472168651973851050e-01 2.881970749524969538e-02 8.364945392304407035e-01 7.558507255497390531e+01 2.246835514568687464e-02 9.995526679984332308e-01 -1.973922178689053661e-02 -1.368663161164641817e+00 -8.366892415445040809e-01 7.993022307342615568e-03 -5.476196101827207618e-01 -1.945217388199314001e+01
-5.468445611353076607e-01 2.644691594905315690e-02 8.368163322034031237e-01 7.638267262532713175e+01 2.251638355385115337e-02 9.996040005461749312e-01 -1.687763391611477731e-02 -1.394277757894137881e+00 -8.369313292566802343e-01 9.612636195041306814e-03 -5.472235010690988943e-01 -1.998590392403927396e+01
-5.465741892128288537e-01 2.145740300951604410e-02 8.371357254232072442e-01 7.718180982572781090e+01 2.047609685585760966e-02 9.997152245250856550e-01 -1.225558145004759791e-02 -1.427664427551473825e+00 -8.371603171527859377e-01 1.044268871907264896e-02 -5.468579033288066826e-01 -2.049678939533807664e+01
-5.456495891728361247e-01 1.525199816934906354e-02 8.378746264212209027e-01 7.797703756315453916e+01 1.853788233170234473e-02 9.998093834289112358e-01 -6.127291035641279845e-03 -1.457282320703323419e+00 -8.378083815806200985e-01 1.218906843608437256e-02 -5.458283202450204818e-01 -2.101415071199450324e+01
-5.453923224995432806e-01 8.923182507486982981e-03 8.381333894877323054e-01 7.879807124334026014e+01 1.029584779154098413e-02 9.999392100301339736e-01 -3.946105042384222966e-03 -1.486118532852315433e+00 -8.381176657166130584e-01 6.477119404596628702e-03 -5.454510410236766971e-01 -2.154472085313995322e+01
-5.440208600005654871e-01 3.700199899502209632e-03 8.390635253523525128e-01 7.955374648432727724e+01 1.606607533842864359e-03 9.999930369509395511e-01 -3.368213103999332693e-03 -1.507617486999756728e+00 -8.390701605014599940e-01 -4.843314765601738187e-04 -5.440230179042613301e-01 -2.201265283334209144e+01
-5.424706892439739025e-01 4.157379861274922150e-03 8.400644348190965394e-01 8.036223109112620477e+01 4.868180900390491929e-03 9.999865209543968847e-01 -1.805191337383371935e-03 -1.531356122048254775e+00 -8.400606309663324334e-01 3.110323212885189419e-03 -5.424836173142620899e-01 -2.252066204777788272e+01
-5.389897027284022979e-01 6.995752414834015276e-03 8.422832937229636219e-01 8.117589541114350027e+01 9.703445314308768027e-03 9.999507239344379572e-01 -2.095909160182121006e-03 -1.555918683395876467e+00 -8.422564663668505869e-01 7.043377425632818892e-03 -5.390310275212178981e-01 -2.303914358299981302e+01
-5.336727687807049092e-01 1.011917285788780339e-02 8.456305134007930935e-01 8.195276519269454241e+01 1.045977209908716295e-02 9.999309053090962296e-01 -5.364490440518444175e-03 -1.583584717355723592e+00 -8.456263836743422857e-01 5.982220975359222107e-03 -5.337417402563303659e-01 -2.351329522814289774e+01
-5.266354062243840950e-01 1.181115224668334400e-02 8.500091955166301227e-01 8.269635146698004746e+01 1.542538027684152088e-02 9.998716178581033009e-01 -4.336521552117333922e-03 -1.603605755060028892e+00 -8.499513035570588348e-01 1.082795032870548756e-02 -5.267499883530634142e-01 -2.398035629698692262e+01
-5.175496808284029138e-01 1.404557227780963216e-02 8.555378638539422598e-01 8.352498623525104904e+01 2.181327521637856093e-02 9.997568847523466973e-01 -3.217511244922826100e-03 -1.645407104995414649e+00 -8.553750761653418078e-01 1.699686206184160275e-02 -5.177302377466806993e-01 -2.450115576692942554e+01
-5.081910290062293667e-01 1.445771053468738153e-02 8.611230104920247763e-01 8.431115061023666613e+01 2.166292928119912739e-02 9.997573255565677108e-01 -4.000931797131385310e-03 -1.657469029131740657e+00 -8.609718971794041442e-01 1.662121032962151496e-02 -5.083809016033212780e-01 -2.495750930475269058e+01
-4.965140572444654565e-01 1.169545233214454479e-02 8.679498797233294871e-01 8.515876882025858663e+01 1.818810939691044987e-02 9.998298757549134441e-01 -3.067929920576534328e-03 -1.673382717070674763e+00 -8.678381162713267871e-01 1.426309811451567135e-02 -4.966423075523658248e-01 -2.541485420693716790e+01
-4.852454675730433764e-01 9.061726397646329909e-03 8.743310056769445504e-01 8.596806888544280412e+01 1.903027894523270577e-02 9.998188879602470935e-01 1.993210932461453408e-04 -1.709117651365156920e+00 -8.741708627616079363e-01 1.673548369810734515e-02 -4.853300321871466538e-01 -2.587763458095297864e+01
-4.738327813563054658e-01 8.207227222517946008e-03 8.805765853839252477e-01 8.677273699149209563e+01 1.970325851414792689e-02 9.998050477989098850e-01 1.283731356357486249e-03 -1.723655833608341181e+00 -8.803943944239850383e-01 1.795850323133701618e-02 -4.739021169704946135e-01 -2.630019818957047306e+01
-4.627044239532784875e-01 6.838649947701493266e-03 8.864862293020031592e-01 8.755197066858849553e+01 1.871611992798217702e-02 9.998227241778185892e-01 2.055976723651379429e-03 -1.732721049970640026e+00 -8.863150319824988355e-01 1.754289323806190390e-02 -4.627503918850568443e-01 -2.669516288851491836e+01
-4.502463881712426286e-01 8.264947856721291050e-03 8.928660964625642071e-01 8.843234423964469215e+01 2.133480788597803823e-02 9.997712558092722857e-01 1.503992670969189283e-03 -1.759777991554111631e+00 -8.926494435811030970e-01 1.972629505784742263e-02 -4.503197292558733800e-01 -2.712755458733044733e+01
