7.775593431997701588e-01 -6.284492166363082610e-01 2.128496915556239016e-02 -6.595683296245852034e+01 6.274805130042203638e-01 7.776708808864357669e-01 3.868083273763841395e-02 2.570966970120129247e+01 -4.086163974565563267e-02 -1.672073953288692738e-02 9.990248962196938143e-01 -8.856095110077260024e-01 -4.809208017785018303e-24 -1.416202385148814181e-23 -3.430527606006730092e-24 9.999999999999997780e-01
7.494749909126362519e-01 -6.614520335944396034e-01 2.772084504996956064e-02 -6.555764363383978832e+01 6.607002005386888310e-01 7.499658316333752683e-01 3.203898235894694219e-02 2.609409852466506408e+01 -4.198193664710211243e-02 -5.697248128704960994e-03 9.991021260907806401e-01 -8.918373612924385130e-01 -4.809208017785018303e-24 -1.416202385148814181e-23 -3.430527606006730092e-24 9.999999999999997780e-01
7.211814207182889458e-01 -6.926492787782453364e-01 1.159029847447822989e-02 -6.520698927190358063e+01 6.922944151818080094e-01 7.212143437338059959e-01 2.404814131473411234e-02 2.648360072092475548e+01 -2.501601724555765210e-02 -9.319173814822430055e-03 9.996436124342398255e-01 -9.018752034260768546e-01 5.623127140210938465e-19 2.806084543460048535e-18 -5.650171736872917215e-20 9.999999999999998890e-01
6.910702684094249815e-01 -7.226487909281689159e-01 -1.416365385702715238e-02 -6.487132690643898059e+01 7.227835897091517969e-01 6.909988621817377830e-01 1.022031852214352887e-02 2.690084609496879864e+01 2.401367876613910973e-03 -1.730021484250725272e-02 9.998474563645798341e-01 -9.076764548018021461e-01 2.596710445597856456e-19 5.243790560004395637e-18 -1.394428039121884383e-19 9.999999999999998890e-01
6.564240951593719453e-01 -7.538511615578933345e-01 -2.856279944291244266e-02 -6.453373416423443132e+01 7.539024130049294392e-01 6.568916062827746538e-01 -1.116106001135114961e-02 2.732772227880073856e+01 2.717644125976180838e-02 -1.420717470321660424e-02 9.995296880170206899e-01 -9.274509752200675861e-01 -1.804908417571771493e-18 8.118429025120894553e-18 -2.069589808786624261e-19 1.000000000000000000e+00
6.189442345489898356e-01 -7.849377269729154172e-01 -2.794278606653452859e-02 -6.419210926062022793e+01 7.842267198094503566e-01 6.195734521071385448e-01 -3.342438303017225554e-02 2.777297600203174710e+01 4.354866766590925059e-02 -1.225650289412953458e-03 9.990505549399830709e-01 -9.391290267241547696e-01 -2.939590908460514983e-18 1.260230918158949241e-17 -2.589407818880525024e-19 1.000000000000000000e+00
5.859129886110325813e-01 -8.100659908062392001e-01 -2.233965792032149497e-02 -6.386561803932642789e+01 8.090995862915378867e-01 5.863146725359226208e-01 -3.991195600255190851e-02 2.825357322976717711e+01 4.542938740233953138e-02 5.309925441541281030e-03 9.989534400821939997e-01 -9.639935442680492850e-01 -4.303476616062361858e-18 1.440505507976633230e-17 -2.940811836442907803e-19 1.000000000000000222e+00
5.573057162569030609e-01 -8.301574759884935428e-01 -1.577668177398884597e-02 -6.356557348328171031e+01 8.298120676941296292e-01 5.575289235944110855e-01 -2.394643323847039582e-02 2.876426647187506092e+01 2.867526698351830980e-02 2.538032035389300501e-04 9.995887477594747050e-01 -9.324964746709821783e-01 -5.541480266664897851e-18 1.591365409039260639e-17 -3.082666815589998979e-19 1.000000000000000444e+00
5.286906728058523575e-01 -8.487778270489564347e-01 -7.897645101615589219e-03 -6.328658168978321896e+01 8.487381527889036326e-01 5.287450399442181759e-01 -8.498866680935648898e-03 2.927187946968687271e+01 1.138949026854139436e-02 -2.209761171294978826e-03 9.999326959685769234e-01 -8.753832624301733922e-01 -7.717703441134435802e-18 1.712763012245764747e-17 -2.696086267574189915e-19 1.000000000000000666e+00
4.989170494591748661e-01 -8.666273809184866783e-01 -6.225785197143401603e-03 -6.301194372234469654e+01 8.666123782117033381e-01 4.989493728869654476e-01 -5.701686237755322455e-03 2.979653401170108751e+01 8.047589030887534675e-03 -2.550674041247032002e-03 9.999643645514195711e-01 -8.677760546734761826e-01 -9.490439961665417263e-18 1.813977252331388262e-17 -2.606191784094448944e-19 1.000000000000000666e+00
4.711865870489751473e-01 -8.820233400917365518e-01 -4.245906094493163974e-03 -6.274774457574424957e+01 8.819028022309088888e-01 4.711941621265022251e-01 -1.495021722815969081e-02 3.031569393099271892e+01 1.518708669933999285e-02 3.299865348636433875e-03 9.998792243497554022e-01 -8.626414339455300562e-01 -1.150218035191393677e-17 2.016165813636824156e-17 -2.610578901353833240e-19 1.000000000000000888e+00
4.459136855705419511e-01 -8.950594898340151762e-01 -5.430900383812472913e-03 -6.250055717524251975e+01 8.948081460674179866e-01 4.459204736324725582e-01 -2.175575617572845372e-02 3.085719193858681209e+01 2.189444569500043070e-02 4.841575514779082948e-03 9.997485645872395965e-01 -8.590303440836131177e-01 -1.368469948399090949e-17 2.228807606195438703e-17 -2.672224771307006877e-19 1.000000000000001110e+00
4.228414436005492605e-01 -9.061853470386155296e-01 -5.764580324762636973e-03 -6.225999844097353275e+01 9.059401343502118120e-01 4.228633232996015234e-01 -2.142621715407530547e-02 3.141356194978224536e+01 2.185375362104655453e-02 3.837527918442142083e-03 9.997538131120833338e-01 -8.542410654958997318e-01 -1.594138558304944639e-17 2.608032851875858900e-17 -2.613597440519491168e-19 1.000000000000001332e+00
4.030261659695678067e-01 -9.151742513548359881e-01 -5.098941164778056714e-03 -6.203155882213356875e+01 9.150667014642452912e-01 4.030571715956133838e-01 -1.406585570405111812e-02 3.198397453174405669e+01 1.492787376762768313e-02 1.003036622873588113e-03 9.998880699869948652e-01 -8.477350783956315583e-01 -1.860971220975340385e-17 2.821388602989702524e-17 -2.369446959763400974e-19 1.000000000000001554e+00
3.859808102750069136e-01 -9.225041204805783934e-01 -2.227508882612075445e-03 -6.179944854854213077e+01 9.224894713204205843e-01 3.859872347372720891e-01 -5.199030952242669583e-03 3.257594304990240630e+01 5.655917469902022564e-03 -4.812731188821058585e-05 9.999840040127360163e-01 -8.426041770084873317e-01 -2.174958058055907161e-17 2.943335963763380689e-17 -2.234180245521035014e-19 1.000000000000001776e+00
3.696381632779002224e-01 -9.291747506460902306e-01 1.382392974795798200e-03 -6.157694701208833976e+01 9.291741132443612772e-01 3.696399086447839100e-01 1.343582386188880420e-03 3.316137017323008962e+01 -1.759410441574075145e-03 7.878444410706705479e-04 9.999981418862959881e-01 -8.398647057113085568e-01 -2.540386778023389464e-17 3.180885577201277368e-17 -2.270317007258247991e-19 1.000000000000002220e+00
3.555350624878121368e-01 -9.346609286529659055e-01 1.941079953283575844e-03 -6.136281908928948070e+01 9.346558344636574089e-01 3.555396916453236744e-01 3.162082824837255442e-03 3.375484973720099191e+01 -3.645606237588962413e-03 6.900103887797806286e-04 9.999931166967278573e-01 -8.405392110346004975e-01 -3.029841127168382339e-17 3.541378604691057762e-17 -2.713714030582670946e-19 1.000000000000002220e+00
3.427226990423645758e-01 -9.394365334164704873e-01 3.889004832957148835e-04 -6.115762173458653450e+01 9.394342563089236320e-01 3.427227370244053106e-01 2.098475589520716784e-03 3.435549942944638246e+01 -2.104669671343072698e-03 -3.538487816090575100e-04 9.999977225757207266e-01 -8.447480038885681886e-01 -3.575410953129562578e-17 3.983736957495018520e-17 -3.273530549414405308e-19 1.000000000000001998e+00
3.302653100339315584e-01 -9.438781187063129963e-01 -4.349944327100200778e-03 -6.095993804370655766e+01 9.438880519266718006e-01 3.302597556554475178e-01 1.959393905738178714e-03 3.497118741738016467e+01 -4.128174829691237885e-04 -4.752980312650444995e-03 9.999886193151846792e-01 -8.505338007721987559e-01 -4.195291737779139528e-17 4.582530655613344054e-17 -3.690532560617208016e-19 1.000000000000001776e+00
3.198439975841569360e-01 -9.474415615549003356e-01 -7.369168733752617419e-03 -6.076425418841989057e+01 9.474702123765853523e-01 3.198352875112434601e-01 2.363370828098483936e-03 3.560080586255957513e+01 1.177644527725230122e-04 -7.737977838637465078e-03 9.999700544668930213e-01 -8.569611364472748960e-01 -4.917802592667744750e-17 5.513455953579335858e-17 -3.599700255431971076e-19 1.000000000000001554e+00
3.118886403312550182e-01 -9.500724679245979853e-01 -9.369190147295458279e-03 -6.057205504344138092e+01 9.501185815962401859e-01 3.118775603009888431e-01 2.658624880604724180e-03 3.622895984525418811e+01 3.961538635336517029e-04 -9.731036552613715404e-03 9.999525738702560451e-01 -8.610281110050317377e-01 -5.704547359411884085e-17 6.667791904572230733e-17 -2.940247279576794378e-19 1.000000000000001110e+00
3.059030273740632744e-01 -9.519986191546576659e-01 -1.104386576533389515e-02 -6.037289716845530307e+01 9.520610284885582253e-01 3.059034925662588722e-01 1.688570128666463249e-03 3.686912521831973777e+01 1.770840678213333455e-03 -1.103097291332309597e-02 9.999375889323809385e-01 -8.587420215358835263e-01 -6.468710982247896938e-17 7.982457971504429598e-17 -1.996625557694425017e-19 1.000000000000000666e+00
3.012113829340629656e-01 -9.534724251847298548e-01 -1.272938346259435208e-02 -6.017016365663061350e+01 9.535548994011542323e-01 3.012142877287564691e-01 1.733982733472409343e-03 3.752032084100751774e+01 2.180967450800323955e-03 -1.266046130424311987e-02 9.999174746450683049e-01 -8.591449647102111786e-01 -7.209568410795354033e-17 9.436754447802491765e-17 -6.794457217982597396e-20 1.000000000000000444e+00
2.979576974282909796e-01 -9.544950541634242835e-01 -1.266499588769855016e-02 -5.997395240754420342e+01 9.545755951750994894e-01 2.979662102925324518e-01 1.253243798891208200e-03 3.816773651536301060e+01 2.577525820326712156e-03 -1.246310962402119929e-02 9.999190103499264737e-01 -8.641758027014376786e-01 -7.971820527747383070e-17 1.097209238630257520e-16 1.077893089667982056e-19 1.000000000000000000e+00
2.956710568685263496e-01 -9.552158183752853526e-01 -1.188976265234788915e-02 -5.977188615823393292e+01 9.552804868932536220e-01 2.957002641521436215e-01 -7.383368817891468273e-04 3.883203768095641095e+01 4.221077025781919297e-03 -1.113975340941389391e-02 9.999290416838356732e-01 -8.668140067835113927e-01 -8.696326538305583355e-17 1.260060443411024474e-16 3.220266837466357037e-19 9.999999999999995559e-01
2.947430865233040542e-01 -9.555127790395704368e-01 -1.103820813555710448e-02 -5.956391349780349742e+01 9.555629142639155971e-01 2.947808949109801957e-01 -1.934135193219319688e-03 3.950820210589267845e+01 5.101943765926104934e-03 -9.977629357659334453e-03 9.999372065696164880e-01 -8.643265808559356111e-01 -9.486994665674841571e-17 1.398905892412450182e-16 5.120132658260871646e-19 9.999999999999988898e-01
2.945231133128743961e-01 -9.555845656431166679e-01 -1.068988443352906874e-02 -5.936104562552136343e+01 9.556329823510808508e-01 2.945557566023673801e-01 -1.584075502679919067e-03 4.018088576131532363e+01 4.662485098486162001e-03 -9.749059293427347547e-03 9.999416068329393115e-01 -8.635196674746029588e-01 -1.033915180295544742e-16 1.548072422509036585e-16 6.923410854886155392e-19 9.999999999999980016e-01
2.935719265668740308e-01 -9.558590813752314563e-01 -1.220411751706812660e-02 -5.915295178400450737e+01 9.559319201318580150e-01 2.935880138234842618e-01 4.921506013036064170e-04 4.087003305458925695e+01 3.112556000646162641e-03 -1.181078709178907601e-02 9.999254058695878911e-01 -8.642659782830836024e-01 -1.096097794784951099e-16 1.691950960761531890e-16 8.517108987133822655e-19 9.999999999999970024e-01
2.927479832376814195e-01 -9.561310321336254914e-01 -1.058620335247187350e-02 -5.894440317048596256e+01 9.561893657155421389e-01 2.927216480420716804e-01 3.991698893596095678e-03 4.157042410644263697e+01 -7.177762912542919992e-04 -1.129097686972577001e-02 9.999359972711111544e-01 -8.653827234251835199e-01 -1.161760794500508828e-16 1.843531086341089229e-16 1.044050326052666929e-18 9.999999999999961142e-01
2.922412448199060431e-01 -9.563228033300511521e-01 -6.461474841643417323e-03 -5.872595387963337998e+01 9.563407008077442484e-01 2.922140010919604403e-01 4.841646868195595074e-03 4.226891770103591739e+01 -2.742043889292762691e-03 -7.594300286046535425e-03 9.999674033679932794e-01 -8.710703612629242532e-01 -1.221868043852686793e-16 1.979986684719397994e-16 1.229032320456789560e-18 9.999999999999952260e-01
2.917277619240354336e-01 -9.564992882774463467e-01 -2.006102589670124853e-03 -5.850718950732212420e+01 9.565005738281859848e-01 2.917241275048961802e-01 1.919817146364507631e-03 4.296888803478179142e+01 -1.251075206461135444e-03 -2.478902237587992091e-03 9.999961449198593311e-01 -8.773349993843744254e-01 -1.285814328985386669e-16 2.134583479718546589e-16 1.367186789175002276e-18 9.999999999999942268e-01
2.914892358861997934e-01 -9.565740898811551096e-01 1.895536629035657458e-04 -5.828387110467008370e+01 9.565699669511873449e-01 2.914873849716221321e-01 -3.000454870294956815e-03 4.368156433031562358e+01 2.814904885272698047e-03 1.055921638514156291e-03 9.999954806598079227e-01 -8.780653037254332327e-01 -1.344439278637309733e-16 2.301036294733009623e-16 1.443967835681274544e-18 9.999999999999931166e-01
2.910969710325198578e-01 -9.566866461777087105e-01 -3.635172762833575270e-03 -5.806738015016162535e+01 9.566727953974977217e-01 2.911135838714002944e-01 -5.481225401944025966e-03 4.440441960620535866e+01 6.302063317712347859e-03 -1.882102776718750595e-03 9.999783706096553315e-01 -8.783613172205200215e-01 -1.407122004972402746e-16 2.442412382003490105e-16 1.484106800608745872e-18 9.999999999999917843e-01
2.908930652546197204e-01 -9.567075662372696021e-01 -9.584220949650397448e-03 -5.785080623963252577e+01 9.567067249588333544e-01 2.909648428643377693e-01 -7.190454470821212515e-03 4.514366044089180008e+01 9.667833539513556035e-03 -7.077635294429139579e-03 9.999282174603126849e-01 -8.793104125270538862e-01 -1.462131374097112609e-16 2.576332946520877439e-16 1.576566482338499354e-18 9.999999999999906741e-01
2.902529080417347584e-01 -9.569125969480772875e-01 -8.457610506887092150e-03 -5.762400474851544629e+01 9.568984011074541662e-01 2.903176845504134573e-01 -7.816136853318503969e-03 4.587906529767157338e+01 9.934753713601456732e-03 -5.824417519900243652e-03 9.999336862158779704e-01 -8.792758008478448462e-01 -1.516140011416098774e-16 2.732910212590404081e-16 1.776074235771745705e-18 9.999999999999898970e-01
2.898945805770510864e-01 -9.570511963592195359e-01 -3.760279182255625140e-03 -5.739003610937653121e+01 9.570217967130755232e-01 2.899156487168797480e-01 -7.628711894918024927e-03 4.662082787010254492e+01 8.391231624193523989e-03 -1.387146904022959048e-03 9.999638308735813164e-01 -8.817022751543381887e-01 -1.557356035700179530e-16 2.869337250650394913e-16 1.938396325665313509e-18 9.999999999999885647e-01
2.900298187788417636e-01 -9.570100583944879391e-01 -3.801624781564997592e-03 -5.715836677075895977e+01 9.570059697705984858e-01 2.900435946344622207e-01 -3.779819438464900906e-03 4.739377972273303641e+01 4.719962138624946880e-03 -2.541917264028915359e-03 9.999856302038081513e-01 -8.781399139351527827e-01 -1.606551578383787206e-16 3.030301098481479691e-16 2.065614112803875533e-18 9.999999999999874545e-01
2.914685136443391222e-01 -9.565639964910784832e-01 -5.605905017654289058e-03 -5.692771876212005111e+01 9.565803787477153985e-01 2.914617136855973678e-01 2.012076133472655466e-03 4.816333655809250303e+01 -2.907729042718845995e-04 -5.948955584971681899e-03 9.999822625320126113e-01 -8.755386733999060977e-01 -1.646597604709000563e-16 3.164385843813133317e-16 2.187629460105900078e-18 9.999999999999862332e-01
2.909922779224404787e-01 -9.566934076096830220e-01 -7.824194896317396633e-03 -5.669313317356190396e+01 9.567132785284794272e-01 2.909376897068032264e-01 7.413730194301223868e-03 4.894397137694480904e+01 -4.816313615731270675e-03 -9.642849388241012468e-03 9.999419076020917840e-01 -8.816789038618468854e-01 -1.680969207922230525e-16 3.287889667179745278e-16 2.327236599189665894e-18 9.999999999999850120e-01
2.907419628619640761e-01 -9.567946535393838658e-01 -3.619667072949510171e-03 -5.644885726157393435e+01 9.567706305444111381e-01 2.907001132036881597e-01 9.132617973745617984e-03 4.973005045560390869e+01 -7.685802422227988075e-03 -6.118426423499280509e-03 9.999517454854055520e-01 -8.975452161843244792e-01 -1.717496985736801314e-16 3.418183996845050826e-16 2.519917301880237874e-18 9.999999999999837907e-01
2.900826484737804578e-01 -9.569980658711654264e-01 2.599802566415581988e-03 -5.620577550743242767e+01 9.569669480667604144e-01 2.900941922444985055e-01 7.721394553234828088e-03 5.051117470003362797e+01 -8.143547278769990710e-03 2.480825456479763473e-04 9.999668099956390277e-01 -9.082933480983270691e-01 -1.748983236078403113e-16 3.507026045663297654e-16 2.621725659488565914e-18 9.999999999999823475e-01
2.892941637403680377e-01 -9.572391225711093243e-01 1.465962194377978898e-03 -5.596788470671365445e+01 9.572205541437573961e-01 2.892976964132241702e-01 5.971061443938517621e-03 5.130374371800271405e+01 -6.139833103273061900e-03 -3.241440830077197354e-04 9.999810985114495621e-01 -9.108055603835325531e-01 -1.786657846070036688e-16 3.608323763294195125e-16 2.652215082233852142e-18 9.999999999999810152e-01
2.899835683096660399e-01 -9.570093976809045389e-01 -6.522488860017443442e-03 -5.573888482306443137e+01 9.570267594891863627e-01 2.899536286782393724e-01 5.164768920217934108e-03 5.211212424343399618e+01 -3.051513080520175652e-03 -7.739894498483517252e-03 9.999653905516743269e-01 -9.202728431610498472e-01 -1.822682188861650361e-16 3.715340378153109650e-16 2.698821425212361334e-18 9.999999999999795719e-01
2.892247557727565255e-01 -9.572209282412953435e-01 -8.782663899306973956e-03 -5.549494646472720660e+01 9.572601587255444855e-01 2.892259151874616019e-01 1.165547413950300103e-03 5.290716379449126805e+01 1.424487626573070227e-03 -8.744399404422077346e-03 9.999607523868884185e-01 -9.311942553473832040e-01 -1.863073227382608455e-16 3.781830703867540012e-16 2.800880591585766315e-18 9.999999999999780176e-01
2.885247993919627385e-01 -9.574419195983723263e-01 -7.642691392450719559e-03 -5.524866978256618921e+01 9.574554166644845266e-01 2.885580573124266746e-01 -3.656864773712271022e-03 5.370737529969454727e+01 5.706595809501289855e-03 -6.262440096355305005e-03 9.999641076600720435e-01 -9.326519604372147665e-01 -1.905476121424466707e-16 3.876500199421961623e-16 2.934070418618220321e-18 9.999999999999766853e-01
2.886667154642555966e-01 -9.573787896915635365e-01 -9.868152405886999184e-03 -5.500537079301010124e+01 9.574033236205504727e-01 2.887198741117593115e-01 -4.439618595317803944e-03 5.452017535284508654e+01 7.099528397823328882e-03 -8.166231793563025546e-03 9.999414529635838322e-01 -9.277328092176087004e-01 -1.956711573254779315e-16 3.981121726452957815e-16 3.042846919103422611e-18 9.999999999999750200e-01
2.889173968550939331e-01 -9.572306045474479053e-01 -1.537229691084156767e-02 -5.476714379866989901e+01 9.573385095110241716e-01 2.889668956455597737e-01 -1.054242969956046411e-03 5.535098908874586954e+01 5.451238552741207583e-03 -1.441190267785013093e-02 9.998812834829691187e-01 -9.273748681673603667e-01 -2.005865165868256181e-16 4.088441821828023230e-16 3.191339152417113523e-18 9.999999999999734657e-01
2.889979667407310826e-01 -9.572516135729405296e-01 -1.222798151117386600e-02 -5.452126903516504797e+01 9.573297071558798388e-01 2.889732720714968672e-01 3.778865596147714702e-03 5.618171915051450327e+01 -8.376536127122142963e-05 -1.279829443306929916e-02 9.999180949673212027e-01 -9.283697477438507262e-01 -2.052912319445699184e-16 4.198620988928341133e-16 3.410806340806631618e-18 9.999999999999720224e-01
2.880996838348251488e-01 -9.575814686625696570e-01 -6.025201110593697389e-03 -5.426365569490283747e+01 9.575851712220209144e-01 2.880538794682603876e-01 7.456700278562897709e-03 5.700669569793255675e+01 -5.404815449636943443e-03 -7.917916229836648515e-03 9.999540462304480348e-01 -9.345060893155094917e-01 -2.111446922922736297e-16 4.305659861298508597e-16 3.634649841979912629e-18 9.999999999999708011e-01
2.876568136366305373e-01 -9.576906793028067133e-01 -9.062027646354713084e-03 -5.401775095578734209e+01 9.577026915207098590e-01 2.875587096853746694e-01 1.074909941066300861e-02 5.784644800635908979e+01 -7.688447339369345289e-03 -1.177077995347992727e-02 9.999011633741174965e-01 -9.438282213180491098e-01 -2.169102480235878513e-16 4.390821362685703650e-16 3.821585819741266866e-18 9.999999999999696909e-01
2.881467488041818403e-01 -9.575330714395345888e-01 -1.009298039555875208e-02 -5.376682541393915216e+01 9.575591598144831407e-01 2.880432874679507149e-01 1.056030303114593658e-02 5.867521512394453254e+01 -7.204624143256209597e-03 -1.270754281240312963e-02 9.998933001809481302e-01 -9.610009103865795321e-01 -2.236309692775469047e-16 4.454510397256759677e-16 4.014593512595984255e-18 9.999999999999685807e-01
2.862594347894751312e-01 -9.581339861620159493e-01 -5.899199556807301591e-03 -5.351364786095254544e+01 9.581487611821291051e-01 2.862366310511776923e-01 4.420688826308706229e-03 5.950711337636818854e+01 -2.547045199691498098e-03 -6.917774632117271519e-03 9.999728281083529735e-01 -9.567756914930193313e-01 -2.321039576005460339e-16 4.542991221654339005e-16 4.219487268524268500e-18 9.999999999999672484e-01
2.859767388037283142e-01 -9.582226263076912831e-01 -5.167523129217642917e-03 -5.326068323789253611e+01 9.582339778587970480e-01 2.859843290058576293e-01 -7.792560901241309037e-04 6.034490675127840831e+01 2.224531451978546247e-03 -4.728847128438262194e-03 9.999863446391598076e-01 -9.609893944637990515e-01 -2.402069145959915194e-16 4.594983886162477127e-16 4.377507289209831261e-18 9.999999999999653610e-01
2.858154670099460892e-01 -9.582530129058751678e-01 -7.789870012795986447e-03 -5.301328133116751218e+01 9.582769025269929353e-01 2.858364460728964884e-01 -1.704165417270139989e-03 6.119624344775994018e+01 3.859650405418385121e-03 -6.977775672348024774e-03 9.999682063673591692e-01 -9.678643990598004843e-01 -2.466945138303943896e-16 4.634441209798892342e-16 4.531568841883791958e-18 9.999999999999635847e-01
2.851785853060961884e-01 -9.584543632358949461e-01 -6.197425030345349826e-03 -5.276098185742895197e+01 9.584741616010090670e-01 2.851771086570851210e-01 1.139403928191237182e-03 6.203477578571155959e+01 6.752970848119424583e-04 -6.265005360376349128e-03 9.999801466438350550e-01 -9.712047060472147608e-01 -2.530818986739596421e-16 4.670891274405834131e-16 4.711043146577078850e-18 9.999999999999618083e-01
2.843107028533670144e-01 -9.587298619896430507e-01 -2.115649418788064819e-03 -5.249932376382241728e+01 9.587258946299016538e-01 2.843001409379061206e-01 4.253096385838280209e-03 6.289149783151339790e+01 -3.476091083084487804e-03 -3.237528704508950243e-03 9.999887175357629054e-01 -9.709049847513239184e-01 -2.601759816576094126e-16 4.736813581159793654e-16 4.866346070511657111e-18 9.999999999999599209e-01
2.837825671042926712e-01 -9.588886347002638644e-01 -2.021150228724325978e-04 -5.225279308662081235e+01 9.588691652993005521e-01 2.837754486196902848e-01 6.435728319569165336e-03 6.374764899619563607e+01 -6.113791460362684969e-03 -2.020149366986631785e-03 9.999792700604699380e-01 -9.643129781738797313e-01 -2.678492644382589415e-16 4.827644887754976211e-16 4.983311612374420844e-18 9.999999999999578115e-01
2.836066248594573680e-01 -9.589245455237673799e-01 -5.567614209579077426e-03 -5.201323186970111578e+01 9.589351710218730895e-01 2.835804759551867615e-01 5.044941463407601190e-03 6.459625549711276449e+01 -3.258851512502592123e-03 -6.769759905294068202e-03 9.999717747205697504e-01 -9.653545683072516370e-01 -2.756575791489931932e-16 4.941631032331145315e-16 5.067982555727743968e-18 9.999999999999559241e-01
2.836054162142165325e-01 -9.589327137551261204e-01 -4.002297379816916779e-03 -5.176274942346589825e+01 9.589406568288382227e-01 2.836066802532598019e-01 2.599932527690974036e-04 6.544179242125946416e+01 8.857622378422652046e-04 -3.911701172887927999e-03 9.999919569773341177e-01 -9.748513993417307066e-01 -2.846982529317468675e-16 5.089394266459162203e-16 5.245405324148333645e-18 9.999999999999539257e-01
2.829584144518397237e-01 -9.591281090185409530e-01 -2.793954464115259648e-03 -5.150812945676725718e+01 9.591225263955830416e-01 2.829674349073207917e-01 -3.661986157335310032e-03 6.629575719470678052e+01 4.302911986297276031e-03 -1.643554867430099082e-03 9.999893917817360700e-01 -9.871741752588860663e-01 -2.928892051227853200e-16 5.217797817410953087e-16 5.426810264957682035e-18 9.999999999999514833e-01
2.835253439189647229e-01 -9.589527667916490916e-01 -4.792746436618446765e-03 -5.125693269740050795e+01 9.589628059327440779e-01 2.835312768513741366e-01 -5.931987179810465456e-04 6.715329039202954675e+01 1.927743068666253881e-03 -4.427878700453163896e-03 9.999883387805325041e-01 -9.918179726164633170e-01 -3.024119838402884390e-16 5.335629334866651158e-16 5.608606902138767905e-18 9.999999999999489297e-01
2.838669708122942836e-01 -9.588523799478774201e-01 -4.653638391451018173e-03 -5.101188562061543763e+01 9.588550343444197654e-01 2.838404693465881867e-01 5.622372591903162381e-03 6.801493099970964806e+01 -4.070134435499221312e-03 -6.058170476099447935e-03 9.999733659334814062e-01 -9.844539966826956201e-01 -3.112403766625122156e-16 5.424513413688050398e-16 5.791813411646365110e-18 9.999999999999461542e-01
2.833056711518521786e-01 -9.590227662701438227e-01 -3.637371152149041983e-03 -5.075609130799512059e+01 9.589959263017496793e-01 2.832618537403552295e-01 9.462322776103163080e-03 6.887582556772716202e+01 -8.044254468777775960e-03 -6.168953822093940255e-03 9.999486156693064842e-01 -9.787564654152158816e-01 -3.197980823880206916e-16 5.528535224035114222e-16 5.948773655314380234e-18 9.999999999999431566e-01
2.830576927651466956e-01 -9.590955114980600493e-01 -3.760637032289239692e-03 -5.050960554956822079e+01 9.590623335486289092e-01 2.830074936902308158e-01 1.030528425252747252e-02 6.972491634616221745e+01 -8.819463410121776425e-03 -6.523675311621980437e-03 9.999398275525228641e-01 -9.866981166176066465e-01 -3.276686509193806084e-16 5.620588602647469600e-16 6.064094114711887863e-18 9.999999999999402700e-01
2.835990198533792084e-01 -9.589330726707937513e-01 -4.354087332355798673e-03 -5.025506596007807758e+01 9.588877803561358659e-01 2.835310708473864350e-01 1.201484697820805712e-02 7.058774714014269591e+01 -1.028691508657453638e-02 -7.582479964302959140e-03 9.999183393536589248e-01 -1.004329606716460876e+00 -3.347460966268089063e-16 5.720380404257353922e-16 6.169510755921813127e-18 9.999999999999373834e-01
2.836154262742293097e-01 -9.589122389876668651e-01 -7.043287520371852017e-03 -5.001106440312001666e+01 9.588895593758697267e-01 2.835195131021758796e-01 1.214490059024858452e-02 7.144646286163258253e+01 -9.648984368861647162e-03 -1.019821602492333376e-02 9.999014418885233679e-01 -1.017928250977102378e+00 -3.422617003971257967e-16 5.819945448736564187e-16 6.264751170051569880e-18 9.999999999999343858e-01
2.838197370457603008e-01 -9.588302859814699097e-01 -9.530978340050740016e-03 -4.976488211583716748e+01 9.588588070313127654e-01 2.837378166217238706e-01 9.090632393546304452e-03 7.229155066235917104e+01 -6.012074673180183536e-03 -1.171896341649311148e-02 9.999132566651768306e-01 -1.025891839630868052e+00 -3.497447558869089410e-16 5.916543959280461007e-16 6.394151275157437317e-18 9.999999999999309441e-01
2.837457469125919118e-01 -9.588527710130526627e-01 -9.471780706847220468e-03 -4.951503374349808695e+01 9.588974726202840193e-01 2.837518603435956743e-01 7.202458386939105447e-04 7.313080574510190957e+01 1.997025678092468823e-03 -9.286833274465798593e-03 9.999548822903809864e-01 -1.021691918430434720e+00 -3.566895106372258385e-16 6.021522563312090105e-16 6.566285806362944461e-18 9.999999999999275024e-01
2.833453327059976545e-01 -9.589751319638126770e-01 -9.061937368542263491e-03 -4.926176291726545031e+01 9.589789757323976538e-01 2.834063542314980699e-01 -6.337387832367237517e-03 7.397498752147718903e+01 8.645607964742318616e-03 -6.894538151982998637e-03 9.999388575341949803e-01 -1.020513841675315003e+00 -3.639746077453569762e-16 6.128342069419064218e-16 6.756493286779576638e-18 9.999999999999239497e-01
2.834265381058063138e-01 -9.589479575231338870e-01 -9.392138187185147119e-03 -4.900828136759506748e+01 9.589588588207736963e-01 2.834863570962350976e-01 -5.778618307973634564e-03 7.483363001449795604e+01 8.203937263765774535e-03 -7.368860335802214674e-03 9.999391958068891695e-01 -1.018092258408331841e+00 -3.719185573266178888e-16 6.257596440191052061e-16 6.964415324796528086e-18 9.999999999999202860e-01
2.838981692189229133e-01 -9.588202867610311486e-01 -8.092416808357111996e-03 -4.875681402718758051e+01 9.588521409149681762e-01 2.839058445220404292e-01 2.081083623797479068e-04 7.568434122552882570e+01 2.097945908506206828e-03 -7.818512764943445076e-03 9.999672342038604667e-01 -1.010792720402558631e+00 -3.806050989318932607e-16 6.396425664920036995e-16 7.210573772134947899e-18 9.999999999999167333e-01
2.836696575151929633e-01 -9.588954832361039626e-01 -7.139862377999808829e-03 -4.850662297921999766e+01 9.589081896522807513e-01 2.836176365695849966e-01 7.491331293336841307e-03 7.654314480535161636e+01 -5.158412847525437224e-03 -8.971535889562192237e-03 9.999464497266289387e-01 -1.007459556360647657e+00 -3.900186760891976728e-16 6.532538028617699550e-16 7.374214645572492086e-18 9.999999999999129585e-01
2.833607090646151350e-01 -9.589870192025988782e-01 -7.113758463710908621e-03 -4.825490574601078464e+01 9.589689752010658319e-01 2.832683854059449002e-01 1.172716638417077573e-02 7.740055352557062918e+01 -9.231097460265156457e-03 -1.014489184570372196e-02 9.999059295800454272e-01 -1.013602069469512035e+00 -3.990428448269569532e-16 6.667873707146999082e-16 7.480012868773600166e-18 9.999999999999091838e-01
2.833984399616210625e-01 -9.589759092919714067e-01 -7.108419312764477881e-03 -4.800566623898387064e+01 9.589590991524942210e-01 2.833075831390942101e-01 1.158703968203531401e-02 7.825170413913480161e+01 -9.097822819643129610e-03 -1.010043235022258651e-02 9.999076011744791881e-01 -1.023382348072968240e+00 -4.069595261176125708e-16 6.789918752802831401e-16 7.565524922823359158e-18 9.999999999999056310e-01
2.838927894937322560e-01 -9.588011282875790187e-01 -1.026062708147008028e-02 -4.775930921284244590e+01 9.588370743470486790e-01 2.838036390390288322e-01 9.325198435628198265e-03 7.910163578811433638e+01 -6.029007477042397194e-03 -1.248562624822946096e-02 9.999038754831667264e-01 -1.034352286773461582e+00 -4.148300171874515588e-16 6.894858054586202162e-16 7.639050196670959467e-18 9.999999999999019673e-01
2.842698892487688922e-01 -9.586604917025450812e-01 -1.267642360055650473e-02 -4.750970178073309569e+01 9.587369654606098246e-01 2.841911530427916888e-01 7.669393173677668644e-03 7.995114892182796495e+01 -3.749816791437433385e-03 -1.433353344377090444e-02 9.998902383228251978e-01 -1.042087305135329434e+00 -4.234131314968624729e-16 7.013344083680605624e-16 7.760592511805147777e-18 9.999999999998981925e-01
2.834622472832886708e-01 -9.588999175516567108e-01 -1.265316105599126675e-02 -4.725887749140748895e+01 9.589788323358136024e-01 2.833955163302757652e-01 6.824987603992683366e-03 8.080392819305545515e+01 -2.958630940087639532e-03 -1.406873993873349223e-02 9.998966531895833176e-01 -1.045534587927981596e+00 -4.327648865851311998e-16 7.138622242854200336e-16 7.915887318518607851e-18 9.999999999998941957e-01
2.825632256512426999e-01 -9.591701572970271483e-01 -1.227325794305739702e-02 -4.700684424629401548e+01 9.592388383454472089e-01 2.824792510703899029e-01 8.143937895367702254e-03 8.166087622606056584e+01 -4.344481480169261854e-03 -1.407416305322440643e-02 9.998915158232197786e-01 -1.049383446150473853e+00 -4.425292587378502599e-16 7.269971643444128037e-16 8.056254818926103154e-18 9.999999999998898659e-01
2.823784434406103050e-01 -9.592059768778986584e-01 -1.364949090444731936e-02 -4.675743145773353859e+01 9.592713650659421276e-01 2.822248083891598647e-01 1.214930838675913095e-02 8.251673228116938219e+01 -7.801464264395329556e-03 -1.652426856349015899e-02 9.998330289123342762e-01 -1.049058032267105700e+00 -4.524835430461976879e-16 7.379412814928975524e-16 8.107367476048905808e-18 9.999999999998854250e-01
2.821279806260565404e-01 -9.592877579957085343e-01 -1.306904386735272157e-02 -4.650744318029475011e+01 9.593300816554846122e-01 2.819536671340172607e-01 1.370853823745241812e-02 8.337115283781450614e+01 -9.465568066869132352e-03 -1.640508913068685834e-02 9.998206219477714374e-01 -1.058041154489631763e+00 -4.616652449365159591e-16 7.482896544407243802e-16 8.128787602619362370e-18 9.999999999998810951e-01
2.811934630328977724e-01 -9.595769413885452126e-01 -1.193020968580862408e-02 -4.625573796989530706e+01 9.596099474695563014e-01 2.810445437028011861e-01 1.275590735320787997e-02 8.422303014496613116e+01 -8.887354225200760904e-03 -1.503522565266802134e-02 9.998474668291637002e-01 -1.062984395922379033e+00 -4.706981107453661537e-16 7.576837282577108954e-16 8.125965665263810125e-18 9.999999999998765432e-01
2.806837474691048495e-01 -9.597026227880438576e-01 -1.369341888009938980e-02 -4.601303966370707599e+01 9.597720209919463619e-01 2.805373722984146889e-01 1.168120134989736845e-02 8.507588512224916144e+01 -7.368963822408162480e-03 -1.642128368266577640e-02 9.998380067864230947e-01 -1.077100015696170310e+00 -4.808417525971002180e-16 7.656874927008370657e-16 8.162300243126344052e-18 9.999999999998722133e-01
2.797584071640259462e-01 -9.599778788845930722e-01 -1.333062914720794731e-02 -4.576601403345684815e+01 9.600465147231461716e-01 2.796264615789164631e-01 1.094219140909710210e-02 8.593509227609577295e+01 -6.776665040200953970e-03 -1.585919409133005470e-02 9.998512703267221635e-01 -1.090737454497962666e+00 -4.914342050562887877e-16 7.708577657049669037e-16 8.214022338317736053e-18 9.999999999998676614e-01
2.783708974349363707e-01 -9.604281748026360921e-01 -9.346898240655756793e-03 -4.551219520428657717e+01 9.604579813314677583e-01 2.782975764999863766e-01 8.421698816304648907e-03 8.677784624106037370e+01 -5.487217694716270584e-03 -1.132165887334665375e-02 9.999208521090975355e-01 -1.094758927754639677e+00 -5.025485658447950023e-16 7.741382778821977911e-16 8.197161366251265988e-18 9.999999999998633315e-01
2.770483959263475016e-01 -9.607511905204523250e-01 -1.418929978361198677e-02 -4.527402388042075643e+01 9.608554560278506074e-01 2.770028325565603855e-01 5.120876603398234056e-03 8.762379227804504467e+01 -9.894120611707052804e-04 -1.505259676300104051e-02 9.998862137237040093e-01 -1.095211207723333358e+00 -5.140997902038194220e-16 7.774195731179764725e-16 8.110551743450707927e-18 9.999999999998588907e-01
2.764671046968456003e-01 -9.607752784997135587e-01 -2.183584769411682502e-02 -4.503906519564326061e+01 9.610143690775684311e-01 2.764915410037886434e-01 1.951968192153696272e-03 8.847408247976541418e+01 4.162024394628692850e-03 -2.152421838957480418e-02 9.997596639072414693e-01 -1.104253250133056641e+00 -5.272485809967304847e-16 7.820187260754333325e-16 8.095864874105089118e-18 9.999999999998542277e-01
2.752038850040720019e-01 -9.611114374918450221e-01 -2.297011974730383752e-02 -4.480414344546731087e+01 9.613713157345379345e-01 2.752526939500377079e-01 1.071333802470009113e-03 8.932555216432183443e+01 5.292916169871893402e-03 -2.237764946861556595e-02 9.997355779619662153e-01 -1.106716842115160970e+00 -5.379778819137104932e-16 7.853280367915869737e-16 8.146447378309778233e-18 9.999999999998495648e-01
2.737708258060586597e-01 -9.615597557948512009e-01 -2.126901439644569847e-02 -4.456435867485807023e+01 9.617922705685427731e-01 2.737553583019094461e-01 3.692164083720748165e-03 9.018367984427980844e+01 2.272270262127650160e-03 -2.146718045931819349e-02 9.997669713244461409e-01 -1.094664393853262530e+00 -5.496491805050860596e-16 7.853803521223248443e-16 8.208386802320723541e-18 9.999999999998446798e-01
2.732635272996843390e-01 -9.617607786828209493e-01 -1.852698667702804697e-02 -4.432717824132814144e+01 9.619374017434645374e-01 2.731749759205980288e-01 7.201920426354983112e-03 9.103274611712878084e+01 -1.865415457887044078e-03 -1.978982360526709144e-02 9.998024220350339997e-01 -1.085801943989653795e+00 -5.641090163919322381e-16 7.889935570827152393e-16 8.375011598770987760e-18 9.999999999998394618e-01
2.722670919599556871e-01 -9.620259090392953016e-01 -1.941084678650367712e-02 -4.409694043735015612e+01 9.622125985829056427e-01 2.721212904404703425e-01 9.844715199209725515e-03 9.188991511521150812e+01 -4.188766412669429028e-03 -2.135775330559203794e-02 9.997631222494459680e-01 -1.089149724876160796e+00 -5.779958377200273923e-16 7.932777020992750919e-16 8.423155340978855836e-18 9.999999999998343547e-01
2.712658636013484670e-01 -9.623432034347085828e-01 -1.761788999339859371e-02 -4.386396093419163833e+01 9.624897922160560171e-01 2.711152397408631565e-01 1.048459155858762377e-02 9.274390807201729103e+01 -5.313296957909945280e-03 -1.980115106267213432e-02 9.997898195582499703e-01 -1.099127002409093556e+00 -5.905202016909930093e-16 7.968609392317208936e-16 8.390944799036727744e-18 9.999999999998292477e-01
2.700026200996870629e-01 -9.627554008218439652e-01 -1.416415644703454893e-02 -4.362959023581685614e+01 9.628374560430169593e-01 2.698674603931864868e-01 1.075114233654635675e-02 9.359168357216310596e+01 -6.528275420544446539e-03 -1.654061696038334681e-02 9.998418823048454973e-01 -1.109604483081353843e+00 -6.023043476211770729e-16 8.040596273051953965e-16 8.397181684640537791e-18 9.999999999998241407e-01
2.689528473933648911e-01 -9.630464746382774166e-01 -1.434759791628440438e-02 -4.340235212629149686e+01 9.631172682077207003e-01 2.687839997307285289e-01 1.266053588282698567e-02 9.445074554288878232e+01 -8.336279694523834535e-03 -1.722350648567939554e-02 9.998169118721140780e-01 -1.115262575584367477e+00 -6.137931568308908268e-16 8.113825012548383067e-16 8.363506796620874849e-18 9.999999999998188116e-01
2.686087522226301982e-01 -9.630614971181875594e-01 -1.902343286728556959e-02 -4.318131720435414422e+01 9.632121505150236240e-01 2.683723907325250568e-01 1.409301219455793598e-02 9.529802401659691213e+01 -8.467073264465741281e-03 -2.210910810290650508e-02 9.997197087231659562e-01 -1.113653777740950757e+00 -6.239262035984810767e-16 8.195273027888921239e-16 8.383442064128930350e-18 9.999999999998135936e-01
2.684819135814238700e-01 -9.629917138000098076e-01 -2.375755105972930312e-02 -4.296084052740698667e+01 9.632568363411125878e-01 2.682048047855893902e-01 1.422849015217252447e-02 9.615260102115453833e+01 -7.330028772272016019e-03 -2.670471573642809945e-02 9.996164908783478076e-01 -1.118801195441006646e+00 -6.330765833389994729e-16 8.260245826432011541e-16 8.462288506975535162e-18 9.999999999998081535e-01
2.686965706726133218e-01 -9.628680418201155389e-01 -2.621615819398532415e-02 -4.273874637722612846e+01 9.632114806716134403e-01 2.684497834890812173e-01 1.258400759021484350e-02 9.699967049703658972e+01 -5.079016755552565390e-03 -2.863298423634990514e-02 9.995770884743353513e-01 -1.128294251043950869e+00 -6.415164069540960020e-16 8.323806029087436618e-16 8.504697485557662006e-18 9.999999999998024913e-01
2.701606333151828077e-01 -9.624144315529020721e-01 -2.777938346369734218e-02 -4.250372890237058954e+01 9.628025351039819490e-01 2.698962329656826031e-01 1.293452079662851459e-02 9.784761994010396791e+01 -4.950818528939440050e-03 -3.024045915250986316e-02 9.995303917472716515e-01 -1.141663874304014836e+00 -6.467028861184353657e-16 8.379240311467145204e-16 8.573650986408683218e-18 9.999999999997971623e-01
2.712876956879205492e-01 -9.621220857969923212e-01 -2.690870101216660468e-02 -4.226394352613257155e+01 9.624669427132724886e-01 2.709471333723134090e-01 1.565359707676577949e-02 9.869545593158022712e+01 -7.769836067708505919e-03 -3.014536347573869984e-02 9.995153258998659140e-01 -1.152830769852978943e+00 -6.521870550920350124e-16 8.459568845352579934e-16 8.631512428401976526e-18 9.999999999997918332e-01
