1.000000000000000000e+00 -3.306050084167601550e-19 -2.270457535318767223e-19 -8.673617379884035472e-19 7.546676715296109287e-19 1.000000000000000000e+00 6.237773588823049983e-19 1.387778780781445676e-17 -3.447385680526250622e-20 4.770700176052009879e-20 1.000000000000000222e+00 5.551115123125782702e-17
9.999369411163807619e-01 -2.936073469605177642e-03 1.083826665460169841e-02 1.181718055134667843e-02 2.921121929524940573e-03 9.999947345827560063e-01 1.395012165373580009e-03 -8.874459127306472128e-03 -1.084230637499409254e-02 -1.363259628817838857e-03 9.999402935238859147e-01 3.017919908376540117e-01
9.998125148108172322e-01 -5.594976879786532457e-03 1.853901554750729888e-02 3.122936267424814699e-02 5.576576031178091981e-03 9.999839363819872373e-01 1.044084368947643948e-03 -1.196027538479477181e-02 -1.854455968692829415e-02 -9.405252088534022357e-04 9.998276223125974749e-01 5.891209184273735744e-01
9.997464627488199529e-01 -7.695634078787886613e-03 2.116575370326280459e-02 3.930799153110273170e-02 7.692054521538324065e-03 9.999703836273168278e-01 2.505034438771258209e-04 -1.762047987809528538e-02 -2.116705841219434364e-02 -8.768223408436727863e-05 9.997760373061146399e-01 8.857699708828690177e-01
9.997915490896627233e-01 -8.970787199551754493e-03 1.833180981107218957e-02 4.330616174350360170e-02 8.995053123349978919e-03 9.999587554753271990e-01 -1.241324672301070530e-03 -1.957846467318957728e-02 -1.831991654538472902e-02 1.406090627007419540e-03 9.998310324101080671e-01 1.199150982425519096e+00
9.998576259810676437e-01 -1.087064579103663546e-02 1.290890567174339185e-02 4.271785711077433212e-02 1.090183911356608533e-02 9.999378667513904029e-01 -2.349308854263766969e-03 -2.249332260798217464e-02 -1.288257998449962929e-02 2.489665416331741064e-03 9.999139346242621462e-01 1.515317412924671370e+00
9.999248264432781808e-01 -1.224655350319224685e-02 5.718186156215799513e-04 3.539136291338033924e-02 1.224878043596173624e-02 9.999166646136650183e-01 -4.068562034226099779e-03 -3.330844720982294171e-02 -5.219436971595237682e-04 4.075258349651498732e-03 9.999915563330413759e-01 1.837475452795011455e+00
9.998064401284332270e-01 -1.142855282957325885e-02 -1.600941115586577285e-02 1.530857192915952361e-02 1.135691179095808800e-02 9.999251193866770526e-01 -4.558366394785345367e-03 -4.430823526226333742e-02 1.606030110806676986e-02 4.375588980788415461e-03 9.998613407610741355e-01 2.170085160274781710e+00
9.993686494148639188e-01 -6.908691802140700874e-03 -3.485654046382813398e-02 -2.619337300220869746e-02 6.755554272588651724e-03 9.999670181070486885e-01 -4.510804688675899496e-03 -4.443355763430706373e-02 3.488654300036422157e-02 4.272566932018553691e-03 9.993823557782586242e-01 2.514675287637769152e+00
9.984445016272556206e-01 -2.237791277653922248e-03 -5.570949418781395018e-02 -6.851784753595742405e-02 1.949815044151233159e-03 9.999844625345514215e-01 -5.223560553386922579e-03 -4.756172950282350209e-02 5.572032197674631898e-02 5.106815196797678640e-03 9.984333281279271777e-01 2.868690399986554063e+00
9.971345165751126505e-01 -1.960452101178573880e-03 -7.561229604404579030e-02 -1.190887295833421150e-01 1.535481082926338971e-03 9.999827057562318267e-01 -5.678472231534634727e-03 -5.559573415332530466e-02 7.562212251854055767e-02 5.546127495478692451e-03 9.971202602164158657e-01 3.233733421584760848e+00
9.954445741677194759e-01 -3.975474313803390933e-03 -9.527362588189687564e-02 -1.704845881186125289e-01 3.473937090917396300e-03 9.999792292636187074e-01 -5.429617117673197005e-03 -5.982967411806336400e-02 9.529324224600344007e-02 5.073955709413159945e-03 9.954376720363439235e-01 3.616185235056216918e+00
9.933796212511614154e-01 -4.397161449412444016e-03 -1.147937999038895207e-01 -2.285741992019663105e-01 3.977000681483074465e-03 9.999845060954315468e-01 -3.889292880581764981e-03 -6.602709968085514192e-02 1.148091351681479605e-01 3.407019662155363372e-03 9.933817666086380838e-01 3.998761954439930655e+00
9.910383189595221021e-01 -3.364759544611404304e-03 -1.335190078295409588e-01 -3.026717149419123065e-01 2.972894726447830940e-03 9.999906550574449993e-01 -3.134765896983420560e-03 -7.196435869541041586e-02 1.335283038028709235e-01 2.709704136202492272e-03 9.910390878116464020e-01 4.395199564152385996e+00
9.889022276711901815e-01 -2.396262988450611857e-03 -1.485523664331183935e-01 -3.808545927149847299e-01 2.096921729986852504e-03 9.999954601531344522e-01 -2.171905447829268910e-03 -8.181555921963901135e-02 1.485569187616125886e-01 1.836271503670358022e-03 9.889028006476606736e-01 4.810194943257866562e+00
9.868041892596379761e-01 -1.497329137301329745e-03 -1.618810597122480044e-01 -4.649057941283719630e-01 1.131084457415841614e-03 9.999965659046560207e-01 -2.354826255657498611e-03 -8.605648881693425678e-02 1.618840416748982547e-01 2.140664264577505325e-03 9.868024934318976316e-01 5.231411174214877668e+00
9.844301172724531090e-01 -3.029002098270855686e-03 -1.757642582580135338e-01 -5.564603974224023863e-01 2.510881472414560993e-03 9.999918495649299244e-01 -3.169747231094705107e-03 -9.420468020695679789e-02 1.757724496710834639e-01 2.678970448670347972e-03 9.844297186866041161e-01 5.668266390241304187e+00
9.829808101596824166e-01 -6.000475045227646187e-03 -1.836444243461498316e-01 -6.455534707724281951e-01 5.126307378114987323e-03 9.999731552227721920e-01 -5.233843813055561421e-03 -1.065127367596597763e-01 1.836709220749283555e-01 4.203603801246819961e-03 9.829851987792277423e-01 6.117903557004422233e+00
9.814306020858463153e-01 -5.267925905398494583e-03 -1.917081816889747159e-01 -7.514986820312467009e-01 4.042659573271677187e-03 9.999688085463267484e-01 -6.780983179138077611e-03 -1.120259212029349610e-01 1.917379427785731449e-01 5.879750708788479725e-03 9.814212981195056251e-01 6.581440439838069700e+00
9.799678219938426915e-01 -4.947037543364792012e-03 -1.990678822011293647e-01 -8.634682477636086428e-01 3.213576647987410797e-03 9.999541067734114552e-01 -9.028347880132929146e-03 -1.141783672174347120e-01 1.991034088187649542e-01 8.207911888943916767e-03 9.799386941155892039e-01 7.063249573521181546e+00
9.784600311273160544e-01 -5.073246861553817010e-03 -2.064082275341317940e-01 -9.771314106634949592e-01 2.897737034821807819e-03 9.999370288209536994e-01 -1.084336382050692278e-02 -1.257049866142693761e-01 2.064502404011533121e-01 1.001213394032585483e-02 9.784130568196137689e-01 7.546894163374387787e+00
9.765761069037913744e-01 -9.458817045314035082e-03 -2.149112703095583665e-01 -1.089435749630240258e+00 6.780031786629206816e-03 9.998898875171636780e-01 -1.319547500501893136e-02 -1.346100499963075459e-01 2.150124824045208105e-01 1.142849952999182468e-02 9.765327629414110033e-01 8.050439510601320237e+00
9.749024596699618073e-01 -1.460644672125954377e-02 -2.221409790661587891e-01 -1.204166483787197262e+00 1.170588776980964647e-02 9.998282452468497672e-01 -1.436589029607709608e-02 -1.532117122914522511e-01 2.223127100126001121e-01 1.140508290373331256e-02 9.749059332477089113e-01 8.570489145038553858e+00
9.728931365692550237e-01 -1.588392611474567784e-02 -2.307263288883109054e-01 -1.335304027753233980e+00 1.243986440420943862e-02 9.997885087813334071e-01 -1.638085655189469581e-02 -1.712769005347813955e-01 2.309377283649222679e-01 1.306659312339291529e-02 9.728850088547340569e-01 9.094540794740757050e+00
9.708188200616353347e-01 -1.212753673903999366e-02 -2.395102935009959522e-01 -1.484691189248920073e+00 7.492270582355868049e-03 9.997668245189789138e-01 -2.025291687438821042e-02 -1.727963662395735345e-01 2.397000758780363783e-01 1.786780444797539738e-02 9.706833955271131353e-01 9.626164475501301609e+00
9.692159793333635642e-01 -9.327407392566107458e-03 -2.460542469740643057e-01 -1.640010250022021276e+00 3.582441277699354408e-03 9.997106432322222513e-01 -2.378617088725728038e-02 -1.891198385175025809e-01 2.462049176262231520e-01 2.217300831096503597e-02 9.689689734617890071e-01 1.017012407773306215e+01
9.665933328155005277e-01 -1.210545162286160055e-02 -2.561163101691054655e-01 -1.796887852555861587e+00 5.697450875231313376e-03 9.996520456532949073e-01 -2.574912189310685565e-02 -2.117352276082497542e-01 2.563390236818849921e-01 2.343018082160322826e-02 9.663258538500830719e-01 1.073366496360789313e+01
9.644914488659297458e-01 -1.391524750617953270e-02 -2.637328075286907159e-01 -1.961315736700683043e+00 6.968125015820337588e-03 9.996040900466014456e-01 -2.725276022675339471e-02 -2.344329489927794441e-01 2.640077734551516953e-01 2.444683332840725393e-02 9.642066299335995128e-01 1.130600138849353620e+01
9.622806913316636068e-01 -1.383253596293729931e-02 -2.716965997707486147e-01 -2.136506846239292656e+00 5.836997284825687360e-03 9.995263429822945911e-01 -3.021288683130786065e-02 -2.594765442634527353e-01 2.719860059904378180e-01 2.748647291948026067e-02 9.619057556984017543e-01 1.189402041381304187e+01
9.602463472933917554e-01 -1.345975831919216277e-02 -2.787634780207526308e-01 -2.327458280029538251e+00 4.268680973959124679e-03 9.994281019276629596e-01 -3.354170886263370399e-02 -2.795457505760651218e-01 2.790555854426539639e-01 3.101732546242789990e-02 9.597547933898769035e-01 1.248725146115817353e+01
9.579311196742155143e-01 -1.435876568481539786e-02 -2.866076793752605489e-01 -2.508082121662946307e+00 3.462623312336487146e-03 9.992531295504898381e-01 -3.848406253422338025e-02 -3.074512339863912369e-01 2.869462798464710862e-01 3.587204572907336936e-02 9.572655021524006935e-01 1.308154179040954190e+01
9.561608465380732058e-01 -1.560286728645635633e-02 -2.923886370376636012e-01 -2.708535110411683711e+00 2.222378240171447080e-03 9.989373948004340864e-01 -4.603853870194274389e-02 -3.448863647901903584e-01 2.927960036966238966e-01 4.337157980439135252e-02 9.551795425321901734e-01 1.369803017651707044e+01
9.550293363770365751e-01 -1.547440769176144058e-02 -2.960570662422487009e-01 -2.916836942532016419e+00 -3.858635424185094293e-04 9.985715372377851340e-01 -5.343390325392436552e-02 -3.790944705998158804e-01 2.964609362107180068e-01 5.114497024105131573e-02 9.536591866955422825e-01 1.432387714942634993e+01
9.538351038841347274e-01 -1.607962440202321749e-02 -2.998247625814238204e-01 -3.132423788285203070e+00 -3.134340419396655641e-03 9.979783117667259118e-01 -6.346754544750846105e-02 -4.249956887648039805e-01 3.002392336939534445e-01 6.147701682163018988e-02 9.518565973000369107e-01 1.496670296087512853e+01
9.522546519471438708e-01 -1.603909006331625045e-02 -3.048774173906815821e-01 -3.350062963019965867e+00 -6.234954136591825541e-03 9.973891917296737741e-01 -7.195057258231031538e-02 -4.650061079004965126e-01 3.052352554640467286e-01 7.041698016043521080e-02 9.496686525084854225e-01 1.561092243150870829e+01
9.513030059557181506e-01 -1.480996750508102588e-02 -3.078861601249237023e-01 -3.574815598923465121e+00 -1.002369819805086666e-02 9.968309201673566378e-01 -7.893798587459101290e-02 -5.254279113309388016e-01 3.080789908547670874e-01 7.818200424800854365e-02 9.481396868529995414e-01 1.627037444777048947e+01
9.500269934505778391e-01 -1.359338918772581319e-02 -3.117974880841004603e-01 -3.812080909784710148e+00 -1.394811410247150801e-02 9.962053915223948453e-01 -8.591166378427231298e-02 -5.848107240791460271e-01 3.117816549806641246e-01 8.596922164969163227e-02 9.462322527833754160e-01 1.693506107003334904e+01
9.486914650762867662e-01 -1.205327394880929132e-02 -3.160163027269409786e-01 -4.055279247901856010e+00 -1.784746079884143646e-02 9.956390773398536842e-01 -9.156822833354977265e-02 -6.551435111653545196e-01 3.157418080307269337e-01 9.251025499854505230e-02 9.443392464212928550e-01 1.761324976257381181e+01
9.468949392495962236e-01 -1.018056139615934261e-02 -3.214789961000586449e-01 -4.304739014766965077e+00 -2.206225328279289022e-02 9.950862099108206404e-01 -9.651003944539171542e-02 -7.247477593840534471e-01 3.208826651473569713e-01 9.847390164331891460e-02 9.420173640613241917e-01 1.829820893772105705e+01
9.449759129919721445e-01 -7.318840085811818656e-03 -3.271013607556577107e-01 -4.566704593713122762e+00 -2.681503761259080090e-02 9.946526233463344191e-01 -9.973609970104913014e-02 -7.997430497585620301e-01 3.260822409801642507e-01 1.030188973066620411e-01 9.397264770322077965e-01 1.899680694829886107e+01
9.434494568783597934e-01 -6.380253996092944899e-03 -3.314758882749214708e-01 -4.828581006567074674e+00 -2.891564145300936153e-02 9.944207487903533593e-01 -1.014341909817580711e-01 -8.800069465733547647e-01 3.302737203244570097e-01 1.052819019598007638e-01 9.380011546332587269e-01 1.970624811361280493e+01
9.411164575343317074e-01 -5.105763616378973177e-03 -3.381337799708540870e-01 -5.100914247230859289e+00 -3.055334472666052653e-02 9.945100514211651088e-01 -1.000708705770271684e-01 -9.649713157761699023e-01 3.367887221891090466e-01 1.045069279013414870e-01 9.357936956839384424e-01 2.042905540302690426e+01
9.390510447716075015e-01 -5.391909030293152820e-03 -3.438230670027508373e-01 -5.381932486194277665e+00 -3.058407236434676837e-02 9.946019500438130212e-01 -9.915248771628946967e-02 -1.047933534662968569e+00 3.425020661734423655e-01 1.036226801553903482e-01 9.338172100147495991e-01 2.115253571304328872e+01
9.368588740308202434e-01 -4.667318556474311236e-03 -3.496464491013566711e-01 -5.671879100195668322e+00 -3.116157106276590608e-02 9.948192718150947744e-01 -9.676683070862497626e-02 -1.132743088249391850e+00 3.482869771916290436e-01 1.015516834579073130e-01 9.318596425451985965e-01 2.189079669121564820e+01
9.342008543432180900e-01 -5.029146605385795277e-03 -3.566909512479547462e-01 -5.964256636980843851e+00 -3.049796229370021344e-02 9.951143414711655089e-01 -9.388434959917496547e-02 -1.216012677974657175e+00 3.554202166952783459e-01 9.858537576365260235e-02 9.294832484567042696e-01 2.262825339905849020e+01
9.296435963624966048e-01 -2.201295838050140816e-03 -3.685135044770433410e-01 -6.285248247289615620e+00 -3.241083746559200035e-02 9.956174556155266142e-01 -8.772264034998975002e-02 -1.293653450651826464e+00 3.670917174522461690e-01 9.349292589071857285e-02 9.254980370150495128e-01 2.339663415883878628e+01
9.266717045771266648e-01 2.862859656261289168e-04 -3.759020014713812530e-01 -6.603170347941428098e+00 -3.385306018778085763e-02 9.959992948546728675e-01 -8.269866513089571547e-02 -1.373762622107484344e+00 3.743753832120361169e-01 8.935522180438464079e-02 9.229736534116760316e-01 2.414576554213332216e+01
9.232804932409511833e-01 3.387546577091227196e-03 -3.841359401808510099e-01 -6.935491653982625238e+00 -3.646802910221923211e-02 9.962175198710004898e-01 -7.887834764007267685e-02 -1.451567962522361421e+00 3.824161183933387775e-01 8.683425464548359674e-02 9.199116958647941544e-01 2.490654998961299071e+01
9.205674127841896315e-01 4.673263521133172622e-03 -3.905442738713333917e-01 -7.279964883781825158e+00 -3.750716180382940995e-02 9.963650788280427051e-01 -7.648709352084574753e-02 -1.520983547068154751e+00 3.887674738962479948e-01 8.505915098892452564e-02 9.173963982345696433e-01 2.567162606762272503e+01
9.160014465474309864e-01 5.652984042196336489e-03 -4.011196374712652779e-01 -7.628981132331447590e+00 -3.962660632578741959e-02 9.962857025864898519e-01 -7.644418271141099896e-02 -1.597232260174724638e+00 3.991970871482148353e-01 8.592110895335805520e-02 9.128232267472744521e-01 2.644704746995728684e+01
9.124680739018775633e-01 6.010154762462520395e-03 -4.091008210385735366e-01 -7.986511931584473700e+00 -3.988537970036316882e-02 9.964360345985864287e-01 -7.432833585276324428e-02 -1.667617686759624629e+00 4.071952673081107865e-01 8.414518634200561509e-02 9.094562797784975228e-01 2.721267256607856311e+01
9.082202049805262467e-01 6.931505408823920161e-03 -4.183563576730833788e-01 -8.366814148967959497e+00 -4.095657198321462494e-02 9.965351595069220636e-01 -7.238687036840761591e-02 -1.737811153920935991e+00 4.164046588080944078e-01 8.288179296107504868e-02 9.053572310707186377e-01 2.800369197998962889e+01
9.048685137206808893e-01 6.415181453474244969e-03 -4.255854594924030621e-01 -8.749482343936078266e+00 -4.023532886119941115e-02 9.966992087360782016e-01 -7.053912320446847906e-02 -1.808752739450119051e+00 4.237287788421434942e-01 8.095325162433028576e-02 9.021394003459756172e-01 2.879823366999270107e+01
9.015241152956730009e-01 6.269410542345414672e-03 -4.326214018786747606e-01 -9.141611444736376768e+00 -3.864096284182928082e-02 9.970670929885812050e-01 -6.606720981994325392e-02 -1.882391097483780085e+00 4.309387064419359925e-01 7.627771437248269393e-02 8.991218926259327837e-01 2.959369778881577773e+01
8.973516495999500631e-01 8.756792820665977237e-03 -4.411865449556593433e-01 -9.556586134545790756e+00 -3.950543114710327458e-02 9.973830669064114307e-01 -6.056955410695893938e-02 -1.943216461564725162e+00 4.395014752631296040e-01 7.178665568810389808e-02 8.953492282911547084e-01 3.041155230223844796e+01
8.944502665096658589e-01 8.364431674955524060e-03 -4.471496882029671327e-01 -9.971923677000114949e+00 -3.727117924811011729e-02 9.977404044982468578e-01 -5.588092414566903088e-02 -2.014308425249500711e+00 4.456715710553681986e-01 6.664736374285315512e-02 8.927412867137977104e-01 3.121282391649212329e+01
8.905173575330821434e-01 7.921617534713518843e-03 -4.549195209087202318e-01 -1.039953726656450961e+01 -3.624885976656521541e-02 9.979049470778542652e-01 -5.355850273660606869e-02 -2.073350790761109508e+00 4.535419612602124007e-01 6.418210646005770292e-02 8.889389095499830029e-01 3.204069662337535362e+01
8.879565327870719837e-01 7.223589746905223312e-03 -4.599065123348717865e-01 -1.084310089281341227e+01 -3.526293336842054732e-02 9.980027147431850265e-01 -5.242076337926807744e-02 -2.134515337061358764e+00 4.586094044140187620e-01 6.276497760963271888e-02 8.864377341858993287e-01 3.287305334241257526e+01
8.847095647803102647e-01 7.301222180299831062e-03 -4.660999285150829174e-01 -1.129437018264908765e+01 -3.496459384139616322e-02 9.980999913648644917e-01 -5.073697709232357494e-02 -2.183738573995408938e+00 4.648441972782350606e-01 6.118350149250528086e-02 8.832838171534704852e-01 3.370768960733931863e+01
8.816594700669194706e-01 7.380657234840918950e-03 -4.718723351489852447e-01 -1.175949255000505111e+01 -3.430116267073354819e-02 9.982348958668753047e-01 -4.848111520560001442e-02 -2.239574412500582312e+00 4.706818235807099238e-01 5.892804705135062243e-02 8.803565004793219018e-01 3.455534189698461489e+01
8.792418876166878672e-01 5.565566436519176798e-03 -4.763551185208927952e-01 -1.223082006120865017e+01 -3.294496400119363566e-02 9.982480303907776964e-01 -4.915415688918858134e-02 -2.296803948603493684e+00 4.752473120042378096e-01 5.891160267890739599e-02 8.778846924165764065e-01 3.541806063730029308e+01
8.778696379060443311e-01 5.214804204712789222e-03 -4.789096440875917349e-01 -1.271114106785435105e+01 -3.242248857452934008e-02 9.982936431274733735e-01 -4.856952810187843694e-02 -2.351110157627376296e+00 4.778395210172334262e-01 5.816247845704412139e-02 8.765406836767182241e-01 3.628341036996133084e+01
8.762868119298579117e-01 5.427143233008547077e-03 -4.818776273319105297e-01 -1.320706279925333781e+01 -3.310840720439108681e-02 9.982509734850161243e-01 -4.897380137164060454e-02 -2.404686851847987583e+00 4.807691942866041401e-01 5.886557103070880897e-02 8.749339386184820100e-01 3.715327537139862102e+01
8.756293619511669180e-01 5.387100772143499014e-03 -4.830129200689828872e-01 -1.370490162660291311e+01 -3.252108400487187939e-02 9.983259406977208483e-01 -4.783196013786124995e-02 -2.463546292250771597e+00 4.819466316913486592e-01 5.759226602037546827e-02 8.743388720222855515e-01 3.803817543216616315e+01
8.752168709276554326e-01 5.212138069713783198e-03 -4.835975689260544885e-01 -1.421526690380659730e+01 -3.175614061344679551e-02 9.984040453330230713e-01 -4.671459993060747551e-02 -2.519724104242051954e+00 4.825825935998142024e-01 5.624401560757059243e-02 8.739853612051421416e-01 3.893840104923847889e+01
8.751806620769760903e-01 4.189910692816522716e-03 -4.838038756847207189e-01 -1.472916472092179063e+01 -3.013682935816103595e-02 9.984925739698274905e-01 -4.586650333331178386e-02 -2.579959478129898010e+00 4.828825599170153970e-01 5.471979811856253484e-02 8.739877584829207624e-01 3.985334735729237110e+01
8.752671280763010264e-01 2.350583842738485172e-03 -4.835495755069170731e-01 -1.524489394698697708e+01 -2.835901827453948115e-02 9.985168854719823628e-01 -4.647717397712929771e-02 -2.637016301044607047e+00 4.827231241963191866e-01 5.439683822645768885e-02 8.740357081504778192e-01 4.076963576214663476e+01
8.733928645611849229e-01 4.014228921036314384e-04 -4.869386912751783036e-01 -1.577416954064620924e+01 -2.665195873319775588e-02 9.985404803441635391e-01 -4.697146541946341236e-02 -2.704032618015744127e+00 4.862093213151628679e-01 5.400234925798764324e-02 8.721288403821273461e-01 4.169862382071877960e+01
8.721849688092739861e-01 -6.564538873912519360e-04 -4.891636749339966506e-01 -1.630034447106250539e+01 -2.473039357526581050e-02 9.986611612344590272e-01 -4.544279860751886807e-02 -2.760260007707412200e+00 4.885388604771043752e-01 5.173088863693315470e-02 8.710009082253103996e-01 4.262865370603812920e+01
8.699727747306770231e-01 1.749322059616137967e-04 -4.930515643897291911e-01 -1.684184134537806798e+01 -2.359250465036621600e-02 9.988693464875014749e-01 -4.126734565128738208e-02 -2.818238416909218280e+00 4.924869974549531682e-01 4.753482494926675878e-02 8.689932860389018021e-01 4.355052092170539879e+01
8.678734735330205785e-01 1.046711118933456698e-03 -4.967681685871045416e-01 -1.738574914743999145e+01 -2.204010940178022931e-02 9.990941764958182203e-01 -3.640212845065472769e-02 -2.875594800085343739e+00 4.962803100316079408e-01 4.254067412397073700e-02 8.671103400262457628e-01 4.449080144194496711e+01
8.642345686498540402e-01 -6.949696195356978422e-04 -5.031842228886622692e-01 -1.792418943765980544e+01 -1.963357836519270816e-02 9.991906161051073987e-01 -3.511452090754563909e-02 -2.928282965639221302e+00 5.028015686387097283e-01 4.022449836291362019e-02 8.635212883666818495e-01 4.540245095552169374e+01
8.584565900298861685e-01 -3.342792658852582113e-03 -5.128675595435144841e-01 -1.848264069959779476e+01 -1.815335507794075057e-02 9.991539568765106516e-01 -3.688987884904082470e-02 -2.984386082360224179e+00 5.125569551442816785e-01 4.097957530828680306e-02 8.576697475119382519e-01 4.632708532364357978e+01
8.533433077478174145e-01 -5.570657392810322156e-03 -5.213189020691653131e-01 -1.904330095073287410e+01 -1.773060818321599286e-02 9.990543457443020747e-01 -3.970817572245165933e-02 -3.040480191262574294e+00 5.210475576080469962e-01 4.312538533553952197e-02 8.524375229757763517e-01 4.723639462642182707e+01
8.472014487729059296e-01 -5.796028995362741826e-03 -5.312246537999243401e-01 -1.962543110341393771e+01 -1.755843206723290556e-02 9.990887165598247854e-01 -3.890104630301303990e-02 -3.094621899463402492e+00 5.309658994789523412e-01 4.228674255532306053e-02 8.463278470955533095e-01 4.815248859956193428e+01
8.414982115346375524e-01 -3.285207876160034339e-03 -5.403193817441626079e-01 -2.022866925425756079e+01 -1.805033455016844327e-02 9.992521979514950026e-01 -3.418345160097058938e-02 -3.147668194495476524e+00 5.400277724535148538e-01 3.851734735868800330e-02 8.408098088480658872e-01 4.905350454773545010e+01
8.369380735832808726e-01 7.181534974509854757e-07 -5.473073023478323140e-01 -2.083090088537365503e+01 -1.927911088216586674e-02 9.993793314247186865e-01 -2.947774449432034524e-02 -3.201451088785991050e+00 5.469675759887883126e-01 3.522386742104398338e-02 8.364187628997153956e-01 4.995369668305512079e+01
8.322895215632627464e-01 1.358955919925049346e-03 -5.543752703925530767e-01 -2.143748190615886529e+01 -2.173034065547442897e-02 9.993084552544785337e-01 -3.016604920147475388e-02 -3.248160158474482362e+00 5.539510436858321452e-01 3.714932092733368163e-02 8.317434261897663772e-01 5.084299617817882933e+01
8.294372615896722367e-01 -1.418221968580895284e-03 -5.587279679181658132e-01 -2.205004998657019399e+01 -2.194426921613489012e-02 9.991420627028438917e-01 -3.510924999023844889e-02 -3.298158116485903069e+00 5.582987281927660472e-01 4.137686262358934025e-02 8.286946239000805292e-01 5.172857621392355298e+01
8.268332944721340505e-01 -3.762855147554162311e-03 -5.624087090951365164e-01 -2.266236151739492044e+01 -2.392173306913198544e-02 9.988375572191121599e-01 -4.185673540321096370e-02 -3.367240171699695583e+00 5.619126631988493603e-01 4.806124313982848562e-02 8.257821068925856878e-01 5.260009837747458761e+01
8.230688723128212203e-01 -3.710223270094720367e-03 -5.678195823201039882e-01 -2.328315619483683108e+01 -2.486036779056566628e-02 9.987847465638490796e-01 -4.255781846897413456e-02 -3.418906208018906323e+00 5.672871932678013041e-01 4.914986467523098368e-02 8.219766805007714394e-01 5.348223551423884459e+01
8.204629397973366434e-01 -1.996475218728096124e-03 -5.716834792305373059e-01 -2.390332833840021820e+01 -2.448674057382870320e-02 9.989535031186175251e-01 -3.862344111672295216e-02 -3.473110507035209071e+00 5.711625794082951790e-01 4.568363677534626605e-02 8.195553626565559302e-01 5.435811908402124004e+01
8.175523389419291354e-01 -4.199417827410287956e-04 -5.757178906554127895e-01 -2.454643099679201512e+01 -2.289015052623361371e-02 9.991856609965280578e-01 -3.321778622088631533e-02 -3.527939934454893400e+00 5.752629589204822924e-01 4.033720024757746214e-02 8.168768381848646731e-01 5.524764641986687508e+01
8.141440328916326186e-01 1.556721449332715409e-03 -5.806935915230732048e-01 -2.518620193168077392e+01 -2.381045452295128817e-02 9.992448355829883777e-01 -3.070696435506408209e-02 -3.575801516282926862e+00 5.802072941434682773e-01 3.882567751912860410e-02 8.135662234786568137e-01 5.612900540451880005e+01
8.111499717460889380e-01 2.338174097745101664e-03 -5.848231825406575712e-01 -2.582395666520998390e+01 -2.485892256060373562e-02 9.992261424004320602e-01 -3.049090318862781798e-02 -3.628643724252732294e+00 5.842994337248546000e-01 3.927023125151260508e-02 8.105802471472718373e-01 5.699838106312788000e+01
8.078341127907767705e-01 1.153108119177376212e-03 -5.893321476445628759e-01 -2.647376721034698832e+01 -2.477040631886187616e-02 9.991809243033600296e-01 -3.200290407546423077e-02 -3.674527868523849605e+00 5.888124531710514642e-01 4.045595606895725782e-02 8.072010521545207595e-01 5.786917358854893223e+01
8.031145497752582019e-01 -6.044911910626189289e-04 -5.958179426963718939e-01 -2.713009502855028288e+01 -2.463125070134696004e-02 9.991109325734960356e-01 -3.421480011096090373e-02 -3.730222041404918532e+00 5.953090094755906225e-01 4.215361182090537895e-02 8.023855568129281135e-01 5.873604254955334625e+01
8.008205408828438232e-01 -1.992387734815788056e-03 -5.989084815906629000e-01 -2.778972624573870576e+01 -2.362096935897974731e-02 9.991112223160055761e-01 -3.490760657226634617e-02 -3.780239637221119331e+00 5.984457139932043424e-01 4.210469559535567896e-02 8.000617637367282153e-01 5.960411292508759828e+01
7.961897798710431129e-01 -2.504776288271491104e-03 -6.051143938418434010e-01 -2.846912967971165287e+01 -2.246085004543660682e-02 9.991797529443691150e-01 -3.368929785585005748e-02 -3.827516728406461066e+00 6.047026381762801162e-01 4.041130080796875856e-02 7.954804031930413633e-01 6.047252296656879622e+01
7.921265358477684870e-01 -2.380281564360527211e-03 -6.104572138017225758e-01 -2.913740910313698862e+01 -2.229818635124232104e-02 9.992119198457490858e-01 -3.282793037700384303e-02 -3.886193516569486750e+00 6.100544362878546067e-01 3.961331199337594228e-02 7.914492368533272426e-01 6.133428901871495498e+01
7.854687102708390878e-01 -2.943805253073126550e-03 -6.188641436752917446e-01 -2.982591165670101319e+01 -2.223217592744968982e-02 9.992090295615998485e-01 -3.297245764617139779e-02 -3.941518305564901237e+00 6.184716155656418968e-01 3.966170237603344750e-02 7.847820561194045474e-01 6.219572808178143219e+01
7.803205903862237003e-01 -3.024568719901831338e-03 -6.251843899016166217e-01 -3.052565216220765976e+01 -2.291566290611780563e-02 9.991783722295266568e-01 -3.341845545751327695e-02 -3.986394394544352071e+00 6.247717191223965960e-01 4.040715420053129364e-02 7.796102483522675541e-01 6.304505817315315142e+01
7.762657509811079493e-01 -4.668186591622039069e-03 -6.304440120575363071e-01 -3.122631093893968668e+01 -2.169071224325888961e-02 9.991825875660603762e-01 -3.410872470331901413e-02 -4.038912148984561412e+00 6.300880378763961120e-01 4.015225137614802237e-02 7.755300240131042244e-01 6.389657667459856327e+01
7.690320290042238494e-01 -6.608197490722340917e-03 -6.392174104738643781e-01 -3.193905419406216595e+01 -2.110865595200069403e-02 9.991386021768408066e-01 -3.573081618480979799e-02 -4.092525787199599030e+00 6.389032155451301875e-01 4.096699100869277688e-02 7.682300445925561716e-01 6.474879878994944704e+01
7.641996521387622865e-01 -8.781103918185541660e-03 -6.448684957948092045e-01 -3.265987701120315734e+01 -1.949732478560887994e-02 9.991357990716542847e-01 -3.671792303591749768e-02 -4.144170236667051199e+00 6.446334690899613307e-01 4.063629601636727096e-02 7.633681449046960665e-01 6.558805862634405059e+01
7.572878800526094967e-01 -9.731669914965044785e-03 -6.531413364559248702e-01 -3.339641449442443388e+01 -1.864559464693456986e-02 9.991592046677134631e-01 -3.650780220219495414e-02 -4.195982887516152893e+00 6.529475857524428273e-01 3.982090396730788434e-02 7.564697186396627249e-01 6.643830269649447473e+01
7.514875171300795520e-01 -9.147945313329096384e-03 -6.597947795856202724e-01 -3.414808529862695252e+01 -1.812112340550999998e-02 9.992403798345192989e-01 -3.449151916646635979e-02 -4.256950206788027380e+00 6.596094226670631278e-01 3.786985620969687827e-02 7.507509538769236990e-01 6.726995767848981700e+01
7.463072026480409571e-01 -1.069465361163357033e-02 -6.655243019485649336e-01 -3.489353891848457323e+01 -1.620437692296057552e-02 9.992827526936829408e-01 -3.423184500033597116e-02 -4.308894459455077985e+00 6.654131044879484369e-01 3.632985753509504478e-02 7.455985112071961129e-01 6.810019236581962332e+01
7.394838894734235835e-01 -1.236651355362847551e-02 -6.731907895813453724e-01 -3.566030994070283100e+01 -1.515356200709137499e-02 9.992721567715652231e-01 -3.500100971224077984e-02 -4.363600260086502480e+00 6.731339906375206628e-01 3.607788153407894688e-02 7.387581015134953022e-01 6.893186613724552103e+01
7.329244389258833259e-01 -1.339172743667320711e-02 -6.801572926427481569e-01 -3.644512361875350592e+01 -1.535497163869628534e-02 9.992259393060290984e-01 -3.622072272698941692e-02 -4.421692774586862384e+00 6.801158642203877225e-01 3.699060712251145411e-02 7.321515059424347216e-01 6.975705301419789350e+01
7.282761197008538190e-01 -1.260250453431399457e-02 -6.851505742866506043e-01 -3.723339061323694210e+01 -1.627782053004409035e-02 9.992306863229162284e-01 -3.568530790007768544e-02 -4.477679056041324657e+00 6.850731844922355318e-01 3.714107276973526578e-02 7.275105222385591652e-01 7.057965882919013723e+01
7.217679913186357821e-01 -1.296890103651014009e-02 -6.921457374209603053e-01 -3.803358787052611234e+01 -1.565530489058790387e-02 9.992628964557805915e-01 -3.505056359545688505e-02 -4.526078524009827575e+00 6.920903004267917602e-01 3.612774281820938654e-02 7.210328014574564071e-01 7.140038306155636860e+01
7.173882227056208594e-01 -1.236866893081052174e-02 -6.965263708048298197e-01 -3.884177994040850734e+01 -1.672054850315960253e-02 9.992487510544686424e-01 -3.496956659064558853e-02 -4.580905676649730474e+00 6.964355583837855690e-01 3.673406469831423660e-02 7.166424809480101965e-01 7.221501743014593444e+01
7.118580258026555585e-01 -1.275962423635166113e-02 -7.021090438563469815e-01 -3.966755208165421465e+01 -1.714690176490166543e-02 9.992212471241753713e-01 -3.554284125464343691e-02 -4.636918158707951321e+00 7.020158348154532657e-01 3.734004290318990865e-02 7.110848096003299368e-01 7.303045047271429269e+01
7.070066326276545077e-01 -1.472375180155946484e-02 -7.069214082974480950e-01 -4.049577852305218073e+01 -1.764630968739644423e-02 9.991046410328775496e-01 -3.846140299445056226e-02 -4.698452781765999120e+00 7.068546920496424635e-01 3.967281015706636965e-02 7.061139131642666378e-01 7.384494642057860858e+01
7.032494126244351884e-01 -1.612762667352292401e-02 -7.107270117688146982e-01 -4.131905317853470905e+01 -1.822753015373553692e-02 9.990049581064530670e-01 -4.070995893618974820e-02 -4.766448535567963773e+00 7.106762931615376866e-01 4.158890477027677585e-02 7.022558292927630896e-01 7.466853302131634962e+01
6.979607924611408443e-01 -1.690761071981103369e-02 -7.160184494875456718e-01 -4.216754652076591015e+01 -1.845565071925968012e-02 9.989644772704470155e-01 -4.157517910087409757e-02 -4.820946578547653516e+00 7.159804038529651304e-01 4.222982701724351667e-02 6.969260104808148171e-01 7.547082762196086492e+01
6.916873694620108148e-01 -1.667836600965339963e-02 -7.219686010109410690e-01 -4.302710939734763684e+01 -1.799241225765259300e-02 9.990249657101937242e-01 -4.031538771645372388e-02 -4.870842445902026974e+00 7.219371758100061598e-01 4.087896122116052577e-02 6.907129263252934637e-01 7.625242493269867339e+01
6.870859473107817639e-01 -1.680287868248382319e-02 -7.262715570818513156e-01 -4.389231104664926875e+01 -1.661470115149366045e-02 9.991077598146249628e-01 -3.882650073626363330e-02 -4.935980891711775342e+00 7.262759058733213591e-01 3.874978170363681251e-02 6.861938212940880133e-01 7.707103431000778926e+01
6.832175882661791766e-01 -1.730123654008624418e-02 -7.299906992967852837e-01 -4.476445197871380799e+01 -1.642378527301523519e-02 9.991022523696220237e-01 -3.904151652225967828e-02 -5.004122837770286658e+00 7.300112004056409365e-01 3.865999162379235576e-02 6.823201568464987155e-01 7.789583661321266561e+01
6.785400515222949069e-01 -1.843369860937547899e-02 -7.342330015703566470e-01 -4.563577300052190111e+01 -1.521781951669772329e-02 9.991176988933704317e-01 -3.913726678252234942e-02 -5.058391524984264365e+00 7.343069105451054401e-01 3.773069990044945754e-02 6.776609746934352252e-01 7.867646288894241025e+01
6.738292519776574174e-01 -1.928729218698719064e-02 -7.386759279706842651e-01 -4.652342036775112888e+01 -1.424969621435856829e-02 9.991341083078401075e-01 -3.908514221294145941e-02 -5.118332315102686714e+00 7.387904306489536665e-01 3.685891135554815456e-02 6.729709711315864373e-01 7.945579593565199161e+01
6.690848759587091354e-01 -1.997541852776097901e-02 -7.429411772102753053e-01 -4.742576275807238062e+01 -1.346618964127599231e-02 9.991487999474707449e-01 -3.899076751158386811e-02 -5.173738644604762626e+00 7.430875331155192276e-01 3.609597830123486423e-02 6.682464051752108336e-01 8.025270493233719549e+01
6.654722149393607067e-01 -2.337880146504054887e-02 -7.462188038367476572e-01 -4.832111260527280905e+01 -9.372412339529029995e-03 9.991688658777237997e-01 -3.966960648270794615e-02 -5.238694329498461144e+00 7.465261117069033059e-01 3.339401399934250475e-02 6.647000923549127860e-01 8.106470640812563033e+01
6.614165433537168015e-01 -2.718764809264926502e-02 -7.494057628234300772e-01 -4.922544734222565666e+01 -7.090563657687987652e-03 9.990714386815398029e-01 -4.250715028363204195e-02 -5.304617103382693877e+00 7.498655665905892276e-01 3.342841217190053310e-02 6.606097495550145027e-01 8.184789906233466183e+01
6.561110160800210922e-01 -3.089126911377661558e-02 -7.539836524473807478e-01 -5.014617112266808618e+01 -3.716445947363372290e-03 9.990176256582140590e-01 -4.415967835660460084e-02 -5.359579039953415780e+00 7.546067807568304087e-01 3.178236737688257957e-02 6.553514760596166333e-01 8.264136630477995027e+01
6.513338447449881219e-01 -3.537402468077756323e-02 -7.580051032038855885e-01 -5.106278078888723115e+01 2.437700578884269189e-03 9.990051853026903350e-01 -4.453054441979956840e-02 -5.437848561830660010e+00 7.588263161837485171e-01 2.715703587780563671e-02 6.507721316611535523e-01 8.342175290895967521e+01
6.417441275742636897e-01 -4.037630252215771570e-02 -7.659487654973898829e-01 -5.198804240507011798e+01 8.800569906371551870e-03 9.989350800510816697e-01 -4.528217776772596598e-02 -5.509395087365118293e+00 7.669620393976526174e-01 2.231494704700373935e-02 6.414162842607937787e-01 8.420692570290876233e+01
6.342548536708225715e-01 -4.081024776982038194e-02 -7.721650179140850945e-01 -5.293676620032348268e+01 1.129201285244760440e-02 9.989879112698336616e-01 -4.353727584326343852e-02 -5.577921790113168576e+00 7.731610274272440186e-01 1.888676004296120300e-02 6.340743513198724424e-01 8.498575430663814245e+01
6.244388427438426481e-01 -3.928066172030637154e-02 -7.801249431903926057e-01 -5.390196734711098259e+01 1.247406778082056633e-02 9.991085123049158190e-01 -4.032036006289681923e-02 -5.639007283453985053e+00 7.810140453775255009e-01 1.543792949421498271e-02 6.243724428485808442e-01 8.574721442014941886e+01
6.152863089948332753e-01 -4.017327456903366234e-02 -7.873255533357207403e-01 -5.487647154715546094e+01 1.337312012449307606e-02 9.990887131955805689e-01 -4.053471677822158975e-02 -5.715067303417098010e+00 7.882366549552158874e-01 1.441012317052929939e-02 6.152629582707069833e-01 8.650527784834082468e+01
6.073613461418144732e-01 -4.043631967111742387e-02 -7.934309289947020227e-01 -5.585994176002603240e+01 1.123602178535363511e-02 9.990414552754058874e-01 -4.231455192096525431e-02 -5.776874364195723643e+00 7.943809439067740508e-01 1.679328264664851911e-02 6.072328816424722442e-01 8.725352707307823152e+01
5.968732038035650111e-01 -4.263013642396581288e-02 -8.012326607062739692e-01 -5.686441134481477633e+01 1.272328010355994014e-02 9.989647656089655214e-01 -4.368058393032416692e-02 -5.844945464336737118e+00 8.022652591377521514e-01 1.587906735716280646e-02 5.967978051998963362e-01 8.798015186888642347e+01
5.869847112887749407e-01 -4.319178191173102949e-02 -8.082986977985089361e-01 -5.787457142732600346e+01 1.161555718706938460e-02 9.989222845995469058e-01 -4.492855403613869175e-02 -5.906969425116844086e+00 8.093685263145313780e-01 1.697595885756516404e-02 5.868539675516197818e-01 8.870906548116536783e+01
5.768641943950594264e-01 -4.514769780101826613e-02 -8.155691649523636455e-01 -5.890158299745412762e+01 1.577438032101579485e-02 9.989009357611404738e-01 -4.414336935739164580e-02 -5.979818222445757669e+00 8.166654755596560733e-01 1.260280910499844004e-02 5.769423869908644198e-01 8.942918273848535193e+01
5.648975503892397221e-01 -4.517103355481826704e-02 -8.238432764409523434e-01 -5.993316080560292392e+01 1.820176895144446499e-02 9.989393950847945680e-01 -4.228787650859223979e-02 -6.052172030894512389e+00 8.248800957805217937e-01 8.884323086600040900e-03 5.651211009622757464e-01 9.013234960075848790e+01
5.544026373118821072e-01 -4.554181938322348494e-02 -8.308759482495908788e-01 -6.098286475220853475e+01 1.793312194496361409e-02 9.989235509435832050e-01 -4.277666063459489160e-02 -6.123641912350025862e+00 8.319296720331095241e-01 8.811912281447538756e-03 5.546225321997048097e-01 9.082545427211206857e+01
5.458677522696924189e-01 -4.621848935768015088e-02 -8.365402959404774075e-01 -6.203861920415238274e+01 1.725557675601126564e-02 9.988859449976826843e-01 -4.392514324193183550e-02 -6.186164437864904109e+00 8.376381279250769696e-01 9.545610778760725557e-03 5.460568400708817327e-01 9.150612073506643185e+01
5.342300455390867064e-01 -4.629880393690725265e-02 -8.440788887997240364e-01 -6.311382853786538760e+01 1.603218149182310606e-02 9.988741651132303501e-01 -4.464210169332225725e-02 -6.258328627834645275e+00 8.451958401909897001e-01 1.031153520475399862e-02 5.343711082563744608e-01 9.217442714495618361e+01
5.252641216744797781e-01 -4.759415741511559272e-02 -8.496289023576829580e-01 -6.419627003690708023e+01 1.500367045887401017e-02 9.987970414594710133e-01 -4.667403879346132545e-02 -6.335289643435695339e+00 8.508289927323514634e-01 1.175867601952175316e-02 5.253468554550692060e-01 9.282823930012168034e+01
