1 0 0 0 0 1 0 0 0 0 1 0
0.99987677 0.00055162648 0.015688674 0.0033750967 -0.00054088429 0.99999962 -0.00068894739 -0.00066218826 -0.015689049 0.00068037676 0.99987669 0.10701982
0.99930736 0.0025650655 0.037124504 0.019337419 -0.002541863 0.99999654 -0.00067218198 0.0061559257 -0.037126103 0.00057735104 0.99931042 0.24454968
0.99794684 0.0048538475 0.063863426 0.053704143 -0.0049006816 0.99998783 0.00057671484 0.004969774 -0.063859854 -0.00088850503 0.99795848 0.41022266
0.99522391 0.0044454451 0.09751723 0.10127511 -0.0048019871 0.99998262 0.0034217971 0.0049762602 -0.097500331 -0.0038737308 0.99522795 0.58617165
0.99079752 0.0011775393 0.13534728 0.16500002 -0.0018806537 0.99998539 0.0050671488 0.0009032668 -0.13533935 -0.0052750598 0.99078526 0.78002432
0.98474289 -0.0019651113 0.17400452 0.23083312 0.00095397764 0.99998217 0.0058944081 -0.0049068712 -0.17401301 -0.00563848 0.98472721 0.96460453
0.97584823 -0.0023849855 0.21843659 0.32510892 0.00081551503 0.99997321 0.0072748928 -0.0037243363 -0.2184481 -0.0069210529 0.97582403 1.1703827
0.96402373 -0.0020610404 0.26580819 0.42073501 -0.00065681491 0.99994842 0.010135576 0.0044886858 -0.2658154 -0.0099455227 0.96397265 1.3770461
0.94980142 -0.0060782473 0.31279435 0.55944995 0.00082377959 0.99985637 0.016927887 0.012864337 -0.31285234 -0.015820457 0.94967001 1.6253902
0.93282943 -0.015710968 0.35997557 0.69957516 0.0071523596 0.99965948 0.025095278 0.0039757627 -0.36024729 -0.020834939 0.93262415 1.8429225
0.91162566 -0.021536341 0.41045684 0.85791803 0.010091288 0.99949805 0.030030085 -0.00064253663 -0.41089759 -0.023234158 0.91138541 2.0567951
0.88686498 -0.023519146 0.46142968 1.0198563 0.0087486231 0.99937932 0.034123728 0.0025674982 -0.46194588 -0.026226265 0.88652028 2.303865
0.85806804 -0.025175217 0.51291853 1.2228118 0.0063457099 0.99924118 0.038429227 0.020707606 -0.51349682 -0.02972006 0.85757667 2.5237701
0.82608698 -0.030627924 0.56270971 1.4600889 0.0076353074 0.99903865 0.043167999 0.025566847 -0.56349094 -0.03136406 0.82552667 2.7458251
0.79033517 -0.03648331 0.61158749 1.6633088 0.009989214 0.9988601 0.046676716 0.029026217 -0.61259332 -0.030780972 0.7897987 2.9305962
0.75241233 -0.040992321 0.65741561 1.9283421 0.011065576 0.99870744 0.049608588 0.037176619 -0.65859948 -0.030051431 0.75189339 3.1539113
0.71276801 -0.044244454 0.70000297 2.228443 0.012320102 0.99864424 0.050575635 0.048387328 -0.70129168 -0.027424587 0.71234676 3.399021
0.67087523 -0.046016299 0.74014112 2.5242744 0.011565243 0.99860074 0.051602422 0.063161587 -0.74148009 -0.026058874 0.67046869 3.5893463
0.62822112 -0.046466202 0.77664603 2.8691983 0.0069112605 0.99850891 0.054149657 0.085073162 -0.77800418 -0.028650355 0.62760553 3.8125344
0.58737802 -0.047175532 0.80793655 3.2114103 0.0039692183 0.99845556 0.055414302 0.10141653 -0.80930301 -0.029342267 0.5866581 4.0051392
0.54658123 -0.048254495 0.83601459 3.5685775 0.0021028984 0.99841432 0.056253292 0.12251007 -0.83740348 -0.02898894 0.545816 4.2189885
0.50773457 -0.051044536 0.86 3.9854519 0.0013881966 0.99829036 0.058433062 0.13928178 -0.86151247 -0.028474636 0.50693739 4.4144838
0.47009946 -0.050783852 0.8811512 4.4122267 -0.0018543315 0.99828428 0.058523941 0.16147002 -0.88261154 -0.029146019 0.46919873 4.6162967
0.43401196 -0.049946146 0.8995215 4.8741307 -0.0030031993 0.99837627 0.0568841 0.18666572 -0.90090214 -0.027389822 0.43315724 4.8075575
0.39976133 -0.048876842 0.91531517 5.3702866 -0.0019666345 0.99852929 0.054179308 0.20505484 -0.9166172 -0.023458882 0.39907727 4.9902957
0.37031475 -0.047211055 0.92770579 5.8837715 0.00028141273 0.99871326 0.050712301 0.22924637 -0.92890634 -0.018518444 0.36985153 5.1592348
0.34502096 -0.045397918 0.93749639 6.4281141 0.0012366619 0.99885071 0.047913856 0.25210994 -0.9385942 -0.015371918 0.34468057 5.3363075
0.32497912 -0.044913844 0.94465403 6.9919198 0.002260481 0.99890567 0.046715604 0.27722108 -0.94571853 -0.013046223 0.32472501 5.5357154
0.31036055 -0.04522358 0.94954257 7.5853002 0.0034443131 0.99891471 0.046449229 0.29961589 -0.95061272 -0.011145486 0.31017948 5.7032797
0.29810154 -0.04675981 0.95338812 8.2077662 0.004588406 0.99885807 0.047555241 0.32262429 -0.95452318 -0.0098017581 0.29797568 5.9054483
0.28851686 -0.048567277 0.95624221 8.8433617 0.0034754771 0.99875923 0.049678085 0.34812451 -0.95746855 -0.011009566 0.28832767 6.0946402
0.27677962 -0.05008749 0.95962712 9.5140432 0.0014677745 0.9986615 0.051701537 0.38005052 -0.96093234 -0.012901415 0.27648266 6.2841911
0.26527013 -0.051855963 0.9627786 10.215832 0.00061023677 0.99856149 0.053615119 0.40904832 -0.96417398 -0.013634966 0.26492018 6.4577118
0.25650964 -0.054020594 0.96503083 10.92167 -4.96397e-05 0.99843616 0.055903755 0.43644762 -0.96654171 -0.014387755 0.25610582 6.6557738
0.24613718 -0.055632952 0.96763701 11.657285 -0.00044754483 0.9983447 0.057512289 0.4695288 -0.96923494 -0.014588973 0.24570485 6.8539631
0.23469136 -0.056817973 0.97040796 12.416835 -0.0010054418 0.99827559 0.058692803 0.49851942 -0.97206946 -0.014750382 0.23422952 7.0202514
0.22495834 -0.059957714 0.97252184 13.166556 -0.0023171759 0.99806919 0.062068749 0.53571937 -0.97436567 -0.016216387 0.22438506 7.1977312
0.21418426 -0.063422496 0.97473207 13.92543 -0.0042012731 0.99782082 0.065847975 0.57421332 -0.97678428 -0.018198715 0.21345106 7.3597764
0.20076991 -0.067117727 0.97733647 14.746333 -0.0037543839 0.9975902 0.06927988 0.6199754 -0.97963127 -0.017578611 0.20003411 7.5332961
0.18878834 -0.069591097 0.97954885 15.503673 -0.0050953302 0.99740304 0.071841552 0.65386595 -0.98200462 -0.018553972 0.18794348 7.7071358
0.17461767 -0.070180242 0.98213203 16.317648 -0.0057549609 0.9973669 0.07229208 0.69129631 -0.98461954 -0.018275605 0.17375399 7.8365933
0.15991209 -0.069330928 0.98469349 17.137587 -0.0074836699 0.99741667 0.071442082 0.73205549 -0.98710293 -0.018793573 0.15898014 7.9661938
0.14409373 -0.068527332 0.98718839 17.929525 -0.0080379768 0.99748537 0.070415366 0.771015 -0.98953144 -0.01808141 0.14318057 8.0816215
0.12258575 -0.067130051 0.99018494 18.743394 -0.010703278 0.99756233 0.06895528 0.81083659 -0.99240025 -0.019051158 0.12156841 8.1745387
0.097828237 -0.06564231 0.99303607 19.584109 -0.015235623 0.99760664 0.067445362 0.8526443 -0.99508673 -0.021727584 0.096593995 8.250513
0.067994321 -0.065056497 0.99556232 20.421172 -0.019003629 0.99760624 0.066487957 0.89049466 -0.99750475 -0.0234401 0.066595248 8.3316414
0.034596993 -0.064744018 0.99730195 21.269385 -0.02204352 0.99760718 0.065528536 0.92814743 -0.99915825 -0.024251135 0.033087021 8.3306233
0.00078353492 -0.064257916 0.99793297 22.070214 -0.023693451 0.99765198 0.064258425 0.96208724 -0.99971901 -0.023694824 -0.00074079812 8.3475552
-0.032956355 -0.063325466 0.99744858 22.953835 -0.024990883 0.99773092 0.062517676 0.99592277 -0.99914434 -0.022866766 -0.034464136 8.2956713
-0.066681746 -0.061307284 0.99588899 23.766944 -0.026664859 0.99786354 0.059643438 1.0293708 -0.99741797 -0.022578111 -0.068174035 8.2242464
-0.097819853 -0.058183632 0.99350182 24.61126 -0.028944111 0.99803355 0.055599202 1.0683291 -0.99478319 -0.023317321 -0.09931157 8.1401024
-0.13077347 -0.053756007 0.98995379 25.430681 -0.026460609 0.99836246 0.050717149 1.0904463 -0.99105914 -0.019562322 -0.13198174 7.983286
-0.16294669 -0.048032605 0.98546495 26.286843 -0.022570658 0.99873435 0.04494731 1.1107901 -0.98637672 -0.014918577 -0.16382458 7.869159
-0.19453864 -0.041929925 0.97999822 27.094691 -0.016161667 0.99908734 0.039538428 1.1235653 -0.98076174 -0.0081466527 -0.19503875 7.6530062
-0.22207342 -0.036277642 0.97435479 27.934126 -0.011003473 0.9993372 0.034699905 1.132861 -0.9749679 -0.0030153588 -0.22232541 7.4769357
-0.24997733 -0.029603864 0.96779898 28.74049 -0.0018616754 0.99954534 0.030094089 1.1531494 -0.96824994 0.0057211133 -0.24991878 7.2486224
-0.27799528 -0.019377223 0.96038694 29.524375 0.005316148 0.99975017 0.021710256 1.1513179 -0.96056777 0.011140909 -0.27782282 6.9975695
-0.30307396 -0.0041852243 0.95295781 30.355394 0.0093967171 0.99992862 0.0073799977 1.1379262 -0.95292075 0.011191361 -0.30301299 6.709
-0.32744382 0.012907197 0.94478245 31.133854 0.0096581783 0.99990018 -0.010312847 1.1175319 -0.94482133 0.0057480002 -0.3275358 6.4587173
-0.35349331 0.02723632 0.93504042 31.877867 0.0089881718 0.99962879 -0.02571969 1.0926892 -0.93539391 -0.0006874336 -0.35360689 6.178371
-0.37739616 0.038142762 0.92526601 32.637822 0.013503836 0.99927183 -0.035685618 1.0523974 -0.92595348 -0.00097297393 -0.37763643 5.8336209
-0.40122437 0.043097007 0.91496535 33.390701 0.016333457 0.99907033 -0.039896111 1.0089307 -0.91583421 -0.001062744 -0.40155529 5.5073629
-0.42403457 0.04247467 0.90464939 34.128241 0.019078789 0.99909687 -0.037966358 0.95934803 -0.90544506 0.0011605671 -0.42446198 5.1647008
-0.44468772 0.038952831 0.89483822 34.852889 0.022824923 0.99922227 -0.032153937 0.91792363 -0.89539484 0.0061261533 -0.44523097 4.7729844
-0.46313596 0.037658515 0.88548679 35.590704 0.029863314 0.99919264 -0.026874863 0.87974931 -0.88578402 0.013996856 -0.46388665 4.3862032
-0.47606611 0.038540414 0.87856453 36.304508 0.034193023 0.99909497 -0.025299672 0.8384781 -0.87874454 0.017996462 -0.47695307 3.9747746
-0.48724289 0.041926925 0.87225938 37.01482 0.036311851 0.99895562 -0.027733087 0.78718214 -0.87251125 0.018160604 -0.48825647 3.5911223
-0.4970242 0.044826432 0.86657803 37.720743 0.038548475 0.99881948 -0.029557625 0.7488071 -0.86688005 0.018714407 -0.49816544 3.1937923
-0.50763515 0.043984311 0.86044865 38.391121 0.031908457 0.99897067 -0.03224037 0.69370829 -0.86098111 0.011089245 -0.5085161 2.784912
-0.51927292 0.042566055 0.85354771 39.083911 0.030700883 0.99904328 -0.031144356 0.67323759 -0.85405688 0.010032248 -0.52008294 2.3751791
-0.52727215 0.044259508 0.84854293 39.751982 0.032624682 0.99896061 -0.031832707 0.62755774 -0.84906994 0.010898944 -0.52816807 1.9394153
-0.53473214 0.047353881 0.84369372 40.437803 0.03640917 0.99879252 -0.032982998 0.58056485 -0.84423691 0.01308112 -0.53581058 1.4974405
-0.53867809 0.050718347 0.84098365 41.121902 0.037126766 0.99864574 -0.036445756 0.5423521 -0.84169328 0.011590474 -0.53983159 1.0700172
-0.53835397 0.051707855 0.84113093 41.829403 0.036490508 0.99860998 -0.03803352 0.50084427 -0.84192844 0.010217799 -0.5394925 0.61547758
-0.5345754 0.052984143 0.84345822 42.567782 0.039258498 0.99851225 -0.037842643 0.46003862 -0.84420849 0.012883158 -0.53586016 0.14918281
-0.52904144 0.051488809 0.84703246 43.304757 0.037409088 0.99860227 -0.037337274 0.41609163 -0.84777106 0.011933748 -0.53022814 -0.29677021
-0.52222451 0.050230829 0.85132741 44.058384 0.035152004 0.99868334 -0.037362186 0.37480686 -0.8520833 0.010414416 -0.52330263 -0.75295963
-0.51483812 0.049581059 0.85585242 44.841828 0.033336058 0.99872894 -0.037804841 0.32640595 -0.85663906 0.0090673736 -0.51583657 -1.2305347
-0.50864762 0.048105204 0.85962982 45.6503 0.030464049 0.99881826 -0.037868497 0.27750329 -0.86043571 0.0069260852 -0.50951201 -1.680708
-0.50422931 0.045780704 0.86235542 46.458495 0.026318772 0.9989446 -0.037643052 0.2286325 -0.86316869 0.0037154066 -0.50490204 -2.1382559
-0.50264843 0.042941402 0.86342372 47.296752 0.021467989 0.99907758 -0.037190244 0.1877801 -0.86422436 -0.00015764594 -0.50310665 -2.6126103
-0.50302996 0.040902101 0.86330054 48.141325 0.018658661 0.99916066 -0.03646691 0.13236653 -0.86406758 -0.0022359154 -0.50337092 -3.0908948
-0.50434124 0.039277259 0.86261066 48.974987 0.016601257 0.99922139 -0.035791323 0.079359883 -0.86334488 -0.0037306178 -0.5046006 -3.593992
-0.50446955 0.038995485 0.86254841 49.86364 0.017158995 0.9992351 -0.035139437 0.03546469 -0.863259 -0.0029263115 -0.5047528 -4.0936056
-0.5048781 0.037993142 0.86235408 50.733707 0.016920464 0.99927453 -0.03411917 -0.010787116 -0.86302484 -0.00263459 -0.50515469 -4.5812283
-0.50485236 0.037653243 0.86238406 51.611657 0.017007022 0.99928814 -0.033674559 -0.06667956 -0.86303819 -0.0023340951 -0.50513335 -5.0978652
-0.50517264 0.037107302 0.86222015 52.513799 0.016570997 0.99930808 -0.033298237 -0.12417985 -0.86285924 -0.0025335103 -0.505438 -5.6119172
-0.50498763 0.035765534 0.86238521 53.405053 0.015160454 0.99935452 -0.032568514 -0.16955712 -0.86299346 -0.0033725451 -0.5052039 -6.1374911
-0.50528738 0.034951715 0.86224299 54.307823 0.014654595 0.99938289 -0.031922977 -0.22477171 -0.86282673 -0.0034944553 -0.50548777 -6.6516027
-0.504471 0.034177323 0.86275191 55.212386 0.013690459 0.99940728 -0.031585702 -0.27217424 -0.86332013 -0.0041226004 -0.5046399 -7.1616155
-0.5034754 0.032914077 0.86338237 56.093576 0.013216718 0.99945061 -0.030394066 -0.330644 -0.8639085 -0.0038915827 -0.50363381 -7.6718518
-0.50087926 0.030990813 0.86496212 56.992808 0.013646196 0.9995173 -0.027909611 -0.38084163 -0.86540962 -0.0021759018 -0.5010604 -8.2008847
-0.49855842 0.029883565 0.86634082 57.887111 0.014583518 0.99955332 -0.02608613 -0.43014049 -0.86673346 -0.00037116268 -0.49877153 -8.6988116
-0.49622987 0.029226353 0.86769907 58.781537 0.014009649 0.99957265 -0.025656194 -0.49093167 -0.86807817 -0.00057520992 -0.49642726 -9.1969196
-0.49410729 0.029820663 0.86888932 59.669234 0.01499251 0.99955522 -0.025779452 -0.53092077 -0.86927169 0.00028901796 -0.49433461 -9.7042683
-0.49320246 0.029860386 0.86940188 60.554327 0.014400441 0.99955401 -0.026161359 -0.58750141 -0.86979539 -0.00038307556 -0.49341249 -10.188538
-0.49375814 0.031217961 0.8690387 61.444572 0.014089109 0.99951143 -0.027899902 -0.6324681 -0.86948517 -0.0015318226 -0.49395674 -10.697158
-0.49684276 0.033123825 0.86720818 62.313395 0.012682978 0.99944176 -0.030908249 -0.68531102 -0.86774794 -0.0043577565 -0.49698551 -11.179677
-0.50122999 0.033819766 0.86465291 63.184546 0.011868539 0.99941063 -0.032210571 -0.73328222 -0.86523274 -0.0058827364 -0.50133597 -11.68788
-0.50675808 0.032283798 0.86148357 64.066223 0.01132368 0.99946162 -0.030793448 -0.79327126 -0.86201397 -0.0058496638 -0.50685083 -12.184437
-0.51278019 0.029990507 0.85799591 64.925479 0.014771648 0.99954993 -0.026110147 -0.84562913 -0.85839288 -0.00071475147 -0.51299241 -12.685575
-0.51725879 0.028198553 0.85536432 65.782426 0.012055461 0.99959795 -0.025663241 -0.89358025 -0.85574416 -0.0029627251 -0.51739077 -13.214286
-0.52222454 0.030336768 0.85226824 66.630809 0.01282473 0.99953344 -0.027720409 -0.94868541 -0.85271163 -0.003546167 -0.52236996 -13.746719
-0.52699556 0.032984738 0.84922766 67.461619 0.013562773 0.99944571 -0.03040284 -0.99458126 -0.84975984 -0.0045042793 -0.52715081 -14.253424
-0.53204188 0.032938922 0.84607707 68.30149 0.01201238 0.99943611 -0.031355603 -1.0485299 -0.84663286 -0.0065190938 -0.53213754 -14.769422
-0.53562597 0.033297877 0.84379856 69.130532 0.010662844 0.99940931 -0.032670015 -1.104351 -0.84438805 -0.0085016155 -0.53566463 -15.285982
-0.53906634 0.032529565 0.84163487 69.949067 0.01077411 0.99943847 -0.031727936 -1.157996 -0.84219443 -0.0080355952 -0.53911411 -15.817062
-0.5418916 0.025948205 0.84004769 70.77361 0.012633034 0.99966184 -0.022729297 -1.2041671 -0.84035347 -0.0017044637 -0.54203616 -16.331145
-0.5435754 0.018063988 0.8391659 71.595769 0.013483231 0.99982731 -0.01278855 -1.2407579 -0.83925207 0.0043631271 -0.54372509 -16.868492
-0.54538588 0.014795662 0.83805445 72.410203 0.01328067 0.99987122 -0.0090097552 -1.2773286 -0.8380799 0.0062161325 -0.54551214 -17.387951
-0.54630207 0.020254504 0.83734326 73.20428 0.013528913 0.99979054 -0.015357367 -1.3109001 -0.837479 0.0029385837 -0.54646167 -17.907499
-0.54807918 0.025680955 0.83603208 74.001695 0.014433216 0.9996701 -0.021245521 -1.3490468 -0.83630195 0.00042240432 -0.54826903 -18.423478
-0.54798921 0.030827779 0.83591711 74.816055 0.020722863 0.99951427 -0.023276111 -1.3831431 -0.8362287 0.0045675393 -0.54836188 -18.960442
-0.5477955 0.03181185 0.8360072 75.600031 0.023987277 0.9994632 -0.022313983 -1.4260386 -0.83626836 0.0078300374 -0.54826452 -19.483661
-0.54737479 0.029154314 0.83637958 76.400043 0.023503451 0.99953435 -0.019459515 -1.4730921 -0.83655752 0.0090061597 -0.54780514 -20.002446
-0.54741164 0.024061208 0.83651748 77.190154 0.021763718 0.99965782 -0.014511665 -1.4984966 -0.83658048 0.010261877 -0.54774799 -20.51033
-0.54667126 0.018032779 0.83715309 77.997011 0.020057111 0.99976323 -0.0084379579 -1.5281917 -0.83710711 0.012178084 -0.54690351 -21.032205
-0.54557805 0.011619354 0.83797943 78.800651 0.011268235 0.9999152 -0.0065284018 -1.5655786 -0.83798429 0.0058807969 -0.54566272 -21.540046
-0.54536251 0.0059094108 0.83817942 79.595784 0.0023161968 0.99998195 -0.0055431282 -1.5901535 -0.83819713 -0.0010816251 -0.54536636 -22.029607
-0.54329615 0.006661352 0.83951466 80.397421 0.0055940742 0.99997505 -0.0043143329 -1.6141624 -0.83952252 0.0023523477 -0.54331986 -22.537121
-0.54020964 0.0094602532 0.84147727 81.177424 0.01029146 0.9999363 -0.0046348296 -1.6453287 -0.84146758 0.0061562511 -0.54027259 -23.043064
-0.53422348 0.013340263 0.84523799 81.957986 0.012191244 0.99989307 -0.0080758162 -1.6669523 -0.84525541 0.005990213 -0.53432899 -23.533743
-0.52669795 0.015116136 0.84991806 82.75179 0.017073123 0.9998283 -0.0072020595 -1.6913253 -0.84988107 0.010717447 -0.5268656 -24.027071
-0.51923177 0.017484338 0.85445456 83.548902 0.024281799 0.9996889 -0.0057007316 -1.7287985 -0.85428849 0.017787694 -0.51949479 -24.514282
-0.50853988 0.017809729 0.86085419 84.366349 0.023623506 0.99969829 -0.0067268768 -1.7491773 -0.86071435 0.01691551 -0.50880718 -24.994041
-0.49848492 0.014762925 0.86677262 85.169756 0.019205948 0.99979765 -0.0059831859 -1.7764856 -0.86668563 0.013664663 -0.49866759 -25.441189
-0.48637926 0.01152027 0.87367181 85.983504 0.020607654 0.99978618 -0.0017107921 -1.7971658 -0.87350478 0.017172234 -0.48651267 -25.891532
-0.47459622 0.01053006 0.8801406 86.814465 0.0203 0.99979342 -0.0010152705 -1.820806 -0.87996955 0.017385012 -0.47471194 -26.333458
-0.46413154 0.0096426386 0.88571376 87.635042 0.019895432 0.99980196 -0.00045909964 -1.8401538 -0.88554286 0.017408576 -0.46423147 -26.747248
-0.45174581 0.011647798 0.89207061 88.452631 0.023778025 0.99971675 -0.0010121116 -1.8549543 -0.8918298 0.020754461 -0.45189482 -27.155397
-0.43962254 0.014140603 0.89807127 89.275141 0.022515101 0.99973536 -0.004719797 -1.8883513 -0.89790042 0.018145237 -0.43982457 -27.553775
-0.4283985 0.024275421 0.90326373 90.106941 0.025401361 0.99956753 -0.014816289 -1.9145638 -0.90323284 0.016596853 -0.42882986 -27.937159
-0.41504173 0.029274144 0.90933125 90.941505 0.025601904 0.9994622 -0.020490378 -1.9422199 -0.90944212 0.014776251 -0.41556799 -28.318407
-0.40366046 0.025813657 0.91454459 91.783069 0.023697367 0.99956152 -0.017753806 -1.9703862 -0.91460195 0.01450579 -0.40409519 -28.678059
-0.39229668 0.022218856 0.91957031 92.620433 0.02489745 0.99959843 -0.013531043 -2.0095197 -0.91950177 0.017586774 -0.39269234 -29.024461
-0.38207772 0.022470615 0.92385693 93.470089 0.021372582 0.99965181 -0.015475126 -2.0463142 -0.92388306 0.013832508 -0.38242494 -29.357587
-0.37514246 0.027018739 0.92657328 94.331921 0.016909696 0.99960826 -0.022302184 -2.0825119 -0.92681296 0.0073015776 -0.37545238 -29.696826
-0.36971844 0.031061959 0.92862444 95.166945 0.0073115595 0.99950735 -0.030521959 -2.1266004 -0.92911511 -0.0044948372 -0.36976341 -30.017854
-0.36639009 0.0334285 0.92986062 96.005499 0.0055750063 0.99941536 -0.03373229 -2.1669826 -0.93044468 -0.007175197 -0.36636224 -30.333069
-0.36303991 0.033143556 0.9311839 96.846494 0.0042281163 0.99941548 -0.033923703 -2.2171362 -0.93176404 -0.0083785038 -0.36296784 -30.653991
-0.35777598 0.033188094 0.93321746 97.701323 0.0040317556 0.99941382 -0.033996549 -2.2663067 -0.93379878 -0.0084006432 -0.35770006 -30.98039
-0.35294153 0.028746576 0.93520363 98.538787 0.00097341894 0.99953865 -0.030356761 -2.3086002 -0.93564491 -0.009803816 -0.35280669 -31.279282
-0.34703588 0.025117547 0.9375154 99.399674 0.0013430792 0.99965358 -0.026285166 -2.3560286 -0.93785093 -0.0078627375 -0.3469494 -31.590948
-0.34134801 0.022120023 0.93967663 100.25212 -0.00012999338 0.99972193 -0.023580711 -2.3963763 -0.93993702 -0.0081713799 -0.34125022 -31.900096
-0.33577377 0.020858043 0.94171166 101.09377 -0.005127484 0.99969951 -0.023970658 -2.4414632 -0.94192875 -0.012877329 -0.33556592 -32.177377
-0.32955456 0.020258572 0.94391912 101.93962 -0.017505724 0.99946678 -0.027562593 -2.4764989 -0.94397427 -0.025607365 -0.32902419 -32.453946
-0.32248229 0.023944946 0.94627255 102.78598 -0.01432352 0.9994421 -0.030171716 -2.5255953 -0.94646716 -0.023283798 -0.32195941 -32.727116
-0.31554894 0.028214569 0.94848971 103.64801 -0.011700141 0.99936619 -0.03362045 -2.5677799 -0.94883721 -0.02170636 -0.31501882 -33.008263
-0.30887731 0.026363938 0.95073639 104.49092 -0.013691952 0.9993889 -0.032161343 -2.6081218 -0.95100337 -0.022951345 -0.30832758 -33.274731
-0.30235972 0.020822782 0.95296639 105.35707 -0.015072219 0.99953193 -0.026622413 -2.6544975 -0.95307476 -0.022412863 -0.30190435 -33.537971
-0.29521963 0.018706624 0.95524623 106.21193 -0.013760262 0.99962136 -0.023828243 -2.6924577 -0.95533036 -0.020179003 -0.29485045 -33.795957
-0.28892366 0.021192129 0.95711751 107.06539 -0.017561811 0.99946941 -0.027431225 -2.7415789 -0.95719109 -0.024734246 -0.28839819 -34.046951
-0.28217694 0.024109808 0.95905934 107.93836 -0.016863533 0.99940506 -0.030085691 -2.7836372 -0.9592142 -0.024662616 -0.28160249 -34.288361
-0.27566415 0.025074252 0.96092688 108.77311 -0.018777611 0.99932851 -0.031463088 -2.8208754 -0.96107063 -0.026717157 -0.27500822 -34.518475
-0.26861977 0.024008275 0.96294701 109.64841 -0.01937837 0.99935233 -0.030321645 -2.8701677 -0.96305139 -0.026805337 -0.26798056 -34.752965
-0.26098625 0.023835538 0.96504817 110.49687 -0.016344028 0.99944273 -0.029105096 -2.9130963 -0.96520419 -0.023368804 -0.26045124 -34.97265
-0.25290482 0.02506167 0.96716647 111.36477 -0.012182935 0.99950269 -0.029085301 -2.9596243 -0.9674145 -0.019138738 -0.25247372 -35.202591
-0.2460528 0.025787152 0.96891329 112.24521 -0.0098637744 0.99952764 -0.029106814 -3.0013678 -0.96920627 -0.016718955 -0.24568222 -35.425803
-0.23955589 0.024635322 0.97056993 113.09256 -0.016551665 0.99942912 -0.029453112 -3.0408176 -0.97074152 -0.023120215 -0.23901137 -35.61718
-0.23376473 0.022662513 0.972029 113.96226 -0.021718858 0.99935716 -0.028522859 -3.0844781 -0.97205063 -0.027778998 -0.23312225 -35.811303
-0.22866817 0.022932209 0.97323425 114.84976 -0.018188863 0.99944736 -0.027823464 -3.1236526 -0.97333453 -0.024064364 -0.22812469 -36.018422
-0.22439224 0.023173261 0.9742233 115.70346 -0.015981626 0.99949527 -0.027455426 -3.1670975 -0.97436789 -0.021730457 -0.22390864 -36.205554
-0.21974905 0.024558919 0.97524722 116.58701 -0.015782819 0.99946274 -0.028725006 -3.2084461 -0.9754288 -0.021704443 -0.21924338 -36.399612
-0.21414028 0.023545337 0.97651906 117.43618 -0.010668785 0.99959344 -0.026441244 -3.2469453 -0.97674469 -0.016080407 -0.21380202 -36.586337
-0.20863488 0.022551254 0.97773353 118.31086 -0.0024968428 0.99971857 -0.023591126 -3.2867766 -0.97799046 -0.0073631778 -0.20851986 -36.775551
-0.20395667 0.021444688 0.97874497 119.2043 0.00051039751 0.99976225 -0.021798824 -3.3298937 -0.97897982 -0.0039464658 -0.20391912 -36.965678
-0.19969979 0.02295224 0.97958823 120.05786 -0.0024421608 0.99971086 -0.023921583 -3.3643133 -0.97985413 -0.0071694463 -0.199586 -37.12504
-0.19554327 0.024884199 0.98037928 120.92696 -0.0049176977 0.99964058 -0.02635396 -3.4060025 -0.98068279 -0.0099745477 -0.19535062 -37.295198
-0.19394908 0.024078537 0.98071601 121.81375 -0.0067499602 0.99964232 -0.025878105 -3.4458503 -0.98098842 -0.011638828 -0.19371718 -37.459565
-0.19315077 0.022867943 0.98090252 122.66616 -0.0082313626 0.99965541 -0.024925978 -3.4890055 -0.9811346 -0.012888636 -0.19289598 -37.616735
-0.19219137 0.018596338 0.98118121 123.54898 -0.0070421708 0.99976856 -0.020328026 -3.5234639 -0.98133224 -0.010816516 -0.19201593 -37.787889
-0.19179174 0.013293818 0.98134557 124.40644 -0.0064167235 0.9998699 -0.014798826 -3.5604244 -0.98141471 -0.009135315 -0.19168149 -37.939508
-0.19055129 0.011258898 0.98161263 125.27714 -0.0037976051 0.99991829 -0.012206053 -3.5919282 -0.98166994 -0.0060536555 -0.19049297 -38.108461
-0.18929571 0.015814171 0.98179273 126.14084 -0.0061644874 0.99983146 -0.017293279 -3.6250317 -0.98190082 -0.0093257918 -0.18916632 -38.271466
-0.18937319 0.019746242 0.98170658 126.98101 -0.0065230469 0.99975041 -0.021367487 -3.6603374 -0.98188356 -0.010450147 -0.18919712 -38.42541
-0.18900208 0.018918951 0.98179438 127.84348 -0.0091599006 0.99973692 -0.021028041 -3.6894159 -0.98193401 -0.012967482 -0.18877906 -38.583307
-0.18896264 0.018131069 0.98181684 128.70474 -0.010075775 0.9997411 -0.020401278 -3.7280436 -0.98193263 -0.013747644 -0.18873103 -38.744301
-0.18814051 0.018489781 0.98196802 129.53548 -0.0050592668 0.99979126 -0.019794711 -3.7675814 -0.98212913 -0.0086922246 -0.1880077 -38.903905
-0.1872298 0.020912187 0.98209348 130.39032 -0.0073259973 0.99971584 -0.022684082 -3.808091 -0.98228886 -0.01144195 -0.1870234 -39.060299
-0.18777984 0.022283775 0.98195829 131.21505 -0.017596637 0.99950583 -0.026046987 -3.8334278 -0.98205355 -0.022170262 -0.18729493 -39.197236
-0.18710775 0.023493874 0.98205837 132.04304 -0.021613522 0.9993735 -0.028026044 -3.8741695 -0.98210164 -0.02646963 -0.18648275 -39.337715
-0.18717849 0.026930822 0.98195665 132.88312 -0.022184548 0.99925329 -0.031633964 -3.9233551 -0.98207543 -0.027705462 -0.18644127 -39.48961
-0.1864573 0.027741068 0.98207129 133.70784 -0.018554165 0.99932358 -0.031751117 -3.9635693 -0.98228789 -0.02414174 -0.18581647 -39.644101
-0.18491183 0.029232637 0.98232021 134.53702 -0.018283098 0.99928218 -0.033179011 -4.0072679 -0.98258507 -0.024095048 -0.18424463 -39.788538
-0.1827717 0.028352608 0.98274643 135.37079 -0.01426484 0.99940239 -0.03148612 -4.0464751 -0.98305193 -0.019773492 -0.18225803 -39.944052
-0.17985842 0.025174225 0.98337029 136.1745 -0.0058138481 0.99962782 -0.026653769 -4.0951294 -0.98367537 -0.010511069 -0.17964512 -40.092146
-0.17724757 0.020906733 0.98394417 136.98883 0.0021754347 0.99978022 -0.020851332 -4.1260872 -0.98416393 -0.0015553407 -0.17725409 -40.253316
-0.17358553 0.020701885 0.98460114 137.80935 0.0051892232 0.99978438 -0.020106259 -4.1611249 -0.98480517 0.0016191604 -0.17365553 -40.393603
-0.16881648 0.024736463 0.98533701 138.60335 0.0012406976 0.99968957 -0.024884209 -4.2082957 -0.98564676 -0.0029783586 -0.16879477 -40.520177
-0.16238417 0.028225026 0.9863238 139.43103 0.0019739018 0.99959809 -0.028279912 -4.2475368 -0.98672568 -0.0026453028 -0.16237462 -40.650307
-0.1545311 0.02847312 0.98757751 140.21688 -0.0019932499 0.99957362 -0.029130875 -4.2889118 -0.98798596 -0.0064701143 -0.15440846 -40.763242
-0.14434259 0.025236662 0.98920587 141.00656 0.0083000076 0.99967044 -0.024292516 -4.3094179 -0.98949301 0.0047039724 -0.14450449 -40.880737
-0.13269151 0.023785141 0.99087191 141.827 0.015903025 0.99963442 -0.021865841 -4.3497258 -0.99102984 0.01285645 -0.13302126 -40.989157
-0.11894558 0.02585645 0.99256401 142.62185 0.01496254 0.99959403 -0.024246521 -4.3914756 -0.99278807 0.011967264 -0.11928417 -41.076032
-0.10469196 0.027070112 0.99413617 143.41764 0.013356236 0.99957759 -0.025811742 -4.4265962 -0.99441505 0.010575636 -0.1050093 -41.159765
-0.090797607 0.027153947 0.99549906 144.20543 0.016559742 0.99953115 -0.025753545 -4.4593247 -0.99573172 0.014146849 -0.091204701 -41.222795
-0.077386012 0.028549735 0.99659231 144.98963 0.019493079 0.99944217 -0.027117725 -4.500701 -0.99681067 0.017328121 -0.077899368 -41.276789
-0.063188521 0.03467088 0.99739915 145.77338 0.018292608 0.99926872 -0.03357697 -4.5435625 -0.99783399 0.016123353 -0.063776534 -41.324294
-0.050457972 0.043545553 0.99777637 146.53224 0.0091152543 0.99902749 -0.043139191 -4.5912761 -0.99868463 0.0069182703 -0.050805831 -41.336118
-0.037064114 0.05219747 0.99794869 147.29071 0.0021625056 0.99863676 -0.052153141 -4.6354607 -0.99931059 0.00022506049 -0.037126466 -41.344093
-0.023670969 0.053166832 0.99830501 148.06005 0.00024502537 0.99858513 -0.053175938 -4.685532 -0.99971982 -0.0010141151 -0.023650506 -41.358326
-0.011878252 0.049104177 0.99872299 148.83095 0.00025954079 0.99879361 -0.049104561 -4.736215 -0.99992946 -0.00032406616 -0.011876668 -41.353356
-0.00056906526 0.046392201 0.9989231 149.59513 0.0014014183 0.99892236 -0.046391367 -4.7855155 -0.9999989 0.0013735103 -0.00063346842 -41.344678
0.0082213655 0.052303745 0.99859734 150.352 -0.0045542054 0.99862273 -0.052267579 -4.8539989 -0.99995588 -0.0041181057 0.008448243 -41.315232
0.01503077 0.061118031 0.99801732 151.09702 -0.011152554 0.99807828 -0.060953797 -4.9010157 -0.99982488 -0.010214259 0.015683505 -41.296278
0.017838802 0.064396421 0.9977649 151.85584 -0.017714423 0.99778745 -0.064081162 -4.955934 -0.99968398 -0.016531698 0.018940077 -41.268844
0.018032147 0.060197462 0.99802356 152.60399 -0.019367822 0.99801963 -0.059847288 -5.010028 -0.99964985 -0.018250367 0.019162329 -41.242477
0.016730964 0.054669791 0.99836426 153.36184 -0.013081187 0.99843058 -0.054454201 -5.0796522 -0.9997745 -0.012148718 0.017419851 -41.23311
0.013625157 0.05217732 0.99854484 154.12278 -0.013473752 0.9985565 -0.051994077 -5.1291199 -0.99981643 -0.012745717 0.014308512 -41.215345
0.010327587 0.052164841 0.99858504 154.86991 -0.014595318 0.99853982 -0.052011529 -5.1813534 -0.99984019 -0.014037513 0.011073868 -41.200615
0.0071838459 0.052564532 0.99859165 155.60938 -0.013941393 0.99852567 -0.052460763 -5.2356785 -0.99987705 -0.013544888 0.0079060758 -41.197341
0.0020743536 0.05061741 0.99871592 156.3598 -0.012546488 0.99864082 -0.050587542 -5.2914402 -0.99991918 -0.01242544 0.0027066033 -41.188031
-0.0032037796 0.051183292 0.9986841 157.10532 -0.01459451 0.9985805 -0.0512248 -5.3401451 -0.9998884 -0.014739417 -0.0024522383 -41.181735
-0.0090303573 0.049344871 0.99874093 157.82945 -0.014117425 0.99867587 -0.049469301 -5.3867006 -0.99985961 -0.014546375 -0.0083217789 -41.18765
-0.014793279 0.046573177 0.99880529 158.57834 -0.011577376 0.9988397 -0.046746252 -5.4408173 -0.99982359 -0.012255074 -0.01423692 -41.196412
-0.019932499 0.046502223 0.99871926 159.31311 -0.01323467 0.99881796 -0.046770956 -5.4896317 -0.99971377 -0.014149981 -0.019293498 -41.209077
-0.02573998 0.04757789 0.99853578 160.03095 -0.013059225 0.99876554 -0.047925473 -5.5334132 -0.99958341 -0.014273704 -0.025086877 -41.220406
-0.029528013 0.04984752 0.99832021 160.74942 -0.016311428 0.99859873 -0.05034388 -5.5874324 -0.9994309 -0.017770582 -0.028673554 -41.234894
-0.032033808 0.051954364 0.99813551 161.48108 -0.013906309 0.99852824 -0.052421109 -5.6387835 -0.99939008 -0.015559628 -0.03126417 -41.258969
-0.033784055 0.05360646 0.99799043 162.18774 -0.013479161 0.99844524 -0.054087185 -5.6950061 -0.9993383 -0.015279357 -0.03300896 -41.278732
-0.032710425 0.051918732 0.99811542 162.91873 -0.0084944299 0.99859936 -0.052222285 -5.7436307 -0.99942882 -0.010186634 -0.03222359 -41.308289
-0.029177103 0.047956321 0.99842316 163.62263 -0.0030920645 0.99883934 -0.04806667 -5.7854037 -0.99956952 -0.0044896343 -0.028994956 -41.328319
-0.022106424 0.0475396 0.99862466 164.31183 -0.003568552 0.99885869 -0.047629736 -5.841709 -0.9997493 -0.0046165664 -0.021911548 -41.335672
-0.011135698 0.048823944 0.99874528 165.01803 -0.0014170984 0.99880548 -0.048842685 -5.8920984 -0.99993703 -0.001959217 -0.01105321 -41.33868
0.0031944998 0.049130399 0.99878722 165.7129 0.0012717324 0.99879135 -0.049134668 -5.9397338 -0.99999413 0.0014271517 0.0031281565 -41.332222
0.018761397 0.047047011 0.99871643 166.39114 -0.0011760304 0.99889263 -0.047033218 -5.9857976 -0.99982334 -0.00029211115 0.018795949 -41.306599
0.034264166 0.041929521 0.99853282 167.10152 -0.0056601418 0.99911165 -0.0417596 -6.0338731 -0.99939683 -0.0042209788 0.034471053 -41.262028
0.050914834 0.035908588 0.9980572 167.75593 -0.0069785284 0.9993418 -0.035598802 -6.0665517 -0.99867866 -0.0051524627 0.051131909 -41.219049
0.067996484 0.028314969 0.99728364 168.43628 -0.0060315242 0.99959059 -0.027969228 -6.1014427 -0.99766737 -0.0041133305 0.068139426 -41.160896
0.085807239 0.020593732 0.99609886 169.13038 -0.0067044094 0.99977565 -0.020092207 -6.1366882 -0.99628924 -0.0049541969 0.085926056 -41.088179
0.10303755 0.014475577 0.99457209 169.78184 -0.0093990434 0.99986363 -0.013578852 -6.1696576 -0.9946331 -0.0079488939 0.10315955 -40.999497
0.1210287 0.012006345 0.99257635 170.44888 -0.010141238 0.99988962 -0.010858246 -6.1990292 -0.99259725 -0.0087517928 0.1211371 -40.905473
0.13913817 0.011142595 0.99021025 171.07201 -0.0092788303 0.99990747 -0.0099479117 -6.2144337 -0.99022955 -0.0078038579 0.13922868 -40.803904
0.15640893 0.010328907 0.98763833 171.72298 -0.0091362718 0.99991767 -0.0090104451 -6.2331513 -0.98765017 -0.0076140175 0.15649041 -40.690317
0.173039 0.0099314776 0.98486486 172.37356 -0.015135087 0.9998579 -0.0074234607 -6.2504815 -0.98479872 -0.013621466 0.17316472 -40.557185
0.18737244 0.0065828725 0.98226684 172.99446 -0.018329386 0.99982687 -0.0032041299 -6.2681872 -0.98211796 -0.017403982 0.18746066 -40.417323
0.19961504 0.002237556 0.9798718 173.6194 -0.013537561 0.99990825 0.00047450131 -6.2859822 -0.97978092 -0.013359791 0.19962702 -40.28232
0.21065888 0.00041851323 0.9775595 174.24409 -0.010277869 0.99994559 0.0017867295 -6.3028835 -0.97750564 -0.010423619 0.21065172 -40.144415
0.22003074 0.0040817152 0.97548436 174.83937 -0.014814539 0.9998899 -0.00084226013 -6.3198551 -0.97538048 -0.014266027 0.22006698 -39.994518
0.22917058 0.01095763 0.97332456 175.45624 -0.017449955 0.99982219 -0.0071473227 -6.338752 -0.97322989 -0.015346513 0.22932104 -39.837645
0.23866801 0.02123044 0.97086908 176.03651 -0.018104717 0.99968451 -0.017409891 -6.355244 -0.97093248 -0.013422126 0.23897708 -39.682372
0.24654669 0.028064826 0.96872443 176.61091 -0.014686402 0.99957402 -0.025220781 -6.3690668 -0.96901967 -0.0080089752 0.24685384 -39.530754
0.25325397 0.026516456 0.96703631 177.20901 -0.013388192 0.99962461 -0.023903848 -6.3839036 -0.96730722 -0.0068931222 0.25351391 -39.366831
0.25912766 0.019016362 0.96565582 177.81393 -0.015374131 0.99976069 -0.015562427 -6.4040547 -0.96572075 -0.010813463 0.25935801 -39.191234
0.26349745 0.0083129137 0.96462423 178.43114 -0.019742163 0.99979991 -0.0032232661 -6.426202 -0.9644581 -0.018194446 0.26360884 -39.013485
0.26559454 -0.00122152 0.96408401 179.0425 -0.018366344 0.99981131 0.0063265132 -6.4506615 -0.9639099 -0.019386985 0.26552199 -38.838246
0.26654955 -0.0021611533 0.96381875 179.64776 -0.015252994 0.9998628 0.0064602765 -6.4682006 -0.96370056 -0.016423105 0.26648001 -38.674367
0.26737994 0.001168433 0.96359043 180.25817 -0.014415532 0.99989221 0.0027876129 -6.4709421 -0.96348339 -0.014636019 0.26736796 -38.503473
0.26912353 0.00095141262 0.96310516 180.84696 -0.011260988 0.99993426 0.0021588993 -6.4801718 -0.96303987 -0.011426526 0.26911655 -38.338801
0.27114158 -0.00098797758 0.96253893 181.46469 -0.01210179 0.99991693 0.0044353471 -6.4784299 -0.96246344 -0.012851051 0.2711071 -38.154813
0.27338412 -0.0053235853 0.96189017 182.07981 -0.012148604 0.99988582 0.0089866942 -6.4936498 -0.96182827 -0.014142441 0.27328823 -37.974462
0.27695862 -0.01087661 0.96082025 182.69469 -0.010459809 0.99984256 0.014333411 -6.5038026 -0.96082496 -0.014019758 0.27680124 -37.790602
0.28094128 -0.014055869 0.95962198 183.31913 -0.0086225337 0.99981542 0.017168948 -6.5086066 -0.95968627 -0.013097839 0.28076822 -37.602689
0.28702861 -0.015264025 0.95780035 183.9277 -0.0086238162 0.99979134 0.018517557 -6.5034943 -0.95788323 -0.013574962 0.28683709 -37.421888
0.29501207 -0.01852253 0.95531394 184.55688 -0.0067777367 0.99974637 0.021477072 -6.5038523 -0.95546953 -0.012810861 0.2948117 -37.219038
0.3047202 -0.02102685 0.95220974 185.15751 -0.0037723131 0.99972179 0.023283211 -6.5066233 -0.95243449 -0.010686897 0.3045561 -37.018432
0.31565161 -0.019217164 0.9486805 185.78615 -0.0049008566 0.99974854 0.021882283 -6.5089317 -0.94886254 -0.011556524 0.31547806 -36.793633
0.32703313 -0.015298212 0.944889 186.39934 -0.0062302197 0.99981233 0.018343773 -6.5088832 -0.94499238 -0.011885887 0.32687644 -36.576569
0.33872683 -0.011650516 0.94081259 187.01268 -0.0076130909 0.99985666 0.015122677 -6.5066959 -0.940854 -0.012284947 0.33858958 -36.341337
0.35011834 -0.011043228 0.93664034 187.63442 -0.0069656125 0.99987216 0.01439251 -6.5040025 -0.93667962 -0.011563355 0.34999665 -36.097679
0.36189132 -0.014031843 0.93211464 188.25792 -0.0060142359 0.99983076 0.017386239 -6.5057077 -0.93220093 -0.011897886 0.36174568 -35.838123
0.37272742 -0.015863504 0.92780523 188.8729 -0.0059283105 0.99979275 0.01947592 -6.5052568 -0.92792198 -0.012759526 0.37255613 -35.578556
0.38422624 -0.015935652 0.92310139 189.50109 -0.0090116085 0.99973866 0.021009592 -6.5100837 -0.92319503 -0.016391065 0.38398222 -35.308129
0.39317133 -0.017649152 0.91929578 190.1243 -0.010934669 0.9996553 0.02386856 -6.4977374 -0.91940024 -0.019436628 0.39284282 -35.032305
0.40071392 -0.016637139 0.91605212 190.76037 -0.01472626 0.999589 0.02459611 -6.4966251 -0.91608491 -0.023346025 0.40030422 -34.735523
0.4051317 -0.018694849 0.91406714 191.39444 -0.015040985 0.99951932 0.027108996 -6.4877857 -0.91413464 -0.024731183 0.40465577 -34.444106
0.40714551 -0.023861382 0.91305153 192.04291 -0.010152476 0.9994787 0.030647205 -6.4800396 -0.91330692 -0.021747605 0.40669101 -34.15231
0.40775849 -0.022189736 0.91282011 192.69166 -0.0082057415 0.99957524 0.027964186 -6.4758311 -0.91305298 -0.018893 0.40740321 -33.858409
0.40680032 -0.021820782 0.91325642 193.35604 -0.0062101489 0.99962552 0.026650676 -6.4712748 -0.91349603 -0.016512961 0.40651247 -33.565566
0.40539593 -0.020804079 0.91390441 194.02014 -0.0026506108 0.99971005 0.023933131 -6.4636405 -0.9141374 -0.012124798 0.40522324 -33.275972
0.40538798 -0.021954711 0.91388101 194.68642 2.4693183e-05 0.99971182 0.024005722 -6.4537257 -0.91414477 -0.0097090641 0.4052717 -32.978366
0.40417993 -0.028404605 0.91423831 195.37971 0.0039098958 0.99956222 0.029327002 -6.4475817 -0.91467118 -0.0082788081 0.40411404 -32.683677
0.40387082 -0.031483868 0.91427406 196.06208 0.0043980987 0.99946288 0.032474611 -6.4399717 -0.91480549 -0.0090944794 0.40379236 -32.372465
0.40229937 -0.034123321 0.91487198 196.75314 0.0054704822 0.9993769 0.034869673 -6.4289304 -0.91549187 -0.0090232557 0.40223536 -32.066315
0.40009684 -0.034212225 0.91583403 197.43697 0.0046112761 0.99936548 0.035318146 -6.4170738 -0.91646131 -0.0099075142 0.40000073 -31.761963
0.39934867 -0.034312268 0.91615677 198.11296 0.0028672314 0.99934125 0.036177912 -6.4024919 -0.91679468 -0.011820767 0.39918398 -31.452111
0.39651269 -0.033475566 0.91741866 198.81366 0.0022634846 0.99936756 0.035487499 -6.3952058 -0.91802649 -0.01199468 0.39633768 -31.163129
0.39564994 -0.030280905 0.91790202 199.49732 0.002980813 0.99949337 0.031687701 -6.3907297 -0.9183966 -0.0098011422 0.39553976 -30.864849
0.39520039 -0.024000669 0.9182813 200.17932 0.0017391209 0.99967637 0.025379588 -6.3891647 -0.91859333 -0.00843302 0.39511423 -30.566106
0.39346904 -0.020712115 0.91910448 200.86459 -0.00071142414 0.99973902 0.022833783 -6.376761 -0.91933763 -0.0096382593 0.39335162 -30.26444
0.39278635 -0.02357479 0.9193275 201.56985 -0.0011670451 0.99965778 0.026133366 -6.3668714 -0.91962905 -0.011337725 0.39262441 -29.96557
0.39125487 -0.026645405 0.9198965 202.25827 -0.0022523896 0.99955004 0.029910619 -6.3601707 -0.92027965 -0.01377464 0.3910188 -29.660293
0.38775737 -0.02617686 0.92138967 202.95118 -0.0063780447 0.99949655 0.031080026 -6.35873 -0.92173945 -0.017928173 0.38739519 -29.367903
0.3840635 -0.02603397 0.92293954 203.62982 -0.0091755806 0.99944542 0.032010263 -6.3533646 -0.92326113 -0.020762479 0.38361163 -29.066091
0.37715553 -0.027314953 0.92574701 204.31713 -0.0091503971 0.9994063 0.033216265 -6.3446318 -0.92610477 -0.02099865 0.37668167 -28.794248
0.3686984 -0.027668253 0.92913717 205.00441 -0.0087130103 0.99941014 0.033218352 -6.3312033 -0.92950828 -0.020343135 0.36823985 -28.510277
