1 0 0 0 0 1 0 0 0 0 1 0
0.99993437 -0.0026061851 0.011156261 0.0049839862 0.0025948357 0.9999961 0.0010316869 -0.0081383336 -0.011158907 -0.0010026705 0.99993723 0.29973896
0.99983331 -0.0045799379 0.017674217 0.01401325 0.0045607098 0.99998896 0.0011280894 -0.013521808 -0.01767919 -0.0010472944 0.99984316 0.59280871
0.99978981 -0.0072647928 0.019171982 0.026382242 0.007266979 0.99997359 -4.4341332e-05 -0.017853934 -0.019171155 0.00018365442 0.9998162 0.88467078
0.99980596 -0.0088507977 0.017598421 0.02947447 0.0088815543 0.99995916 -0.0016702722 -0.021444769 -0.017582921 0.0018262495 0.99984374 1.1950973
0.99987342 -0.011230948 0.01127003 0.02462376 0.011266332 0.99993179 -0.0030810712 -0.02371293 -0.011234659 0.0032076532 0.99993174 1.5204899
0.99992126 -0.012537568 -0.00053734546 0.017366733 0.012534878 0.99991016 -0.0047485003 -0.033480829 0.00059683187 0.0047413909 0.99998858 1.8414581
0.99980049 -0.011789937 -0.016123694 -0.0044165186 0.011711233 0.99991908 -0.0049670407 -0.039411093 0.016180951 0.0047772215 0.99985767 2.170332
0.99933092 -0.0081021053 -0.035665926 -0.04534608 0.0079163 0.99995437 -0.0053477554 -0.046180444 0.035707629 0.0050618352 0.99934946 2.5137415
0.99843849 -0.0040853932 -0.055712543 -0.086382951 0.0037360002 0.99997271 -0.0063740693 -0.050603503 0.055737067 0.0061559742 0.9984265 2.8519253
0.99718572 -0.0033702428 -0.074895088 -0.13118195 0.0028707332 0.99997292 -0.0067761133 -0.054786412 0.074915903 0.0065420397 0.9971684 3.2154411
0.99533871 -0.0047505357 -0.096323803 -0.18401436 0.0041754289 0.99997224 -0.0061712477 -0.061568303 0.096350454 0.0057402886 0.99533092 3.600425
0.99321396 -0.0059324965 -0.11615004 -0.2411031 0.0053425777 0.9999712 -0.005389609 -0.070953634 0.11617868 0.0047324943 0.99321706 3.9817569
0.9911203 -0.0051832536 -0.1328672 -0.31569327 0.0046021648 0.99997846 -0.0046801868 -0.078575648 0.1328886 0.0040271513 0.9911228 4.3800743
0.98880075 -0.0036700688 -0.14919655 -0.39001157 0.003132621 0.99998773 -0.003837126 -0.086246905 0.14920882 0.0033267768 0.98880011 4.7920243
0.98674657 -0.0031475135 -0.1622384 -0.47508271 0.0025122281 0.99998835 -0.004120754 -0.093375203 0.16224949 0.00365856 0.98674299 5.20671
0.98456655 -0.0048119028 -0.17494444 -0.56387144 0.0039699797 0.9999788 -0.0051621636 -0.10252446 0.17496558 0.0043879677 0.98456477 5.6383662
0.98279532 -0.0074536941 -0.18454754 -0.657323 0.0062739891 0.99995599 -0.0069755432 -0.11414391 0.18459142 0.0056976819 0.98279883 6.0935878
0.98131235 -0.0068836307 -0.1922984 -0.75088391 0.0052568715 0.99994596 -0.0089684887 -0.12355376 0.19234976 0.0077900008 0.98129552 6.5409154
0.97980131 -0.0066592157 -0.19986254 -0.86213225 0.0045819173 0.99993059 -0.010854386 -0.12479709 0.19992097 0.009719388 0.97976382 7.0248397
0.9781929 -0.0074846204 -0.20756355 -0.96866962 0.0048156687 0.99989914 -0.01336079 -0.13649811 0.20764263 0.012069873 0.97813029 7.4941175
0.97637734 -0.011174025 -0.21578329 -1.0866774 0.008079044 0.99985153 -0.015219766 -0.14917311 0.21592134 0.013116912 0.97632266 8.0010024
0.9745455 -0.016600044 -0.22357438 -1.2020418 0.013270437 0.99977766 -0.016386983 -0.16577043 0.22379671 0.013002931 0.97454911 8.5176801
0.97274231 -0.017746225 -0.23120869 -1.330342 0.013820968 0.99973174 -0.018585915 -0.19064758 0.23147651 0.014883778 0.97272663 9.0348761
0.97065809 -0.014210907 -0.24004357 -1.4851304 0.0089021138 0.99969154 -0.023185854 -0.19551626 0.24029904 0.020368642 0.97048519 9.5762484
0.96855156 -0.011348126 -0.24855399 -1.6344549 0.0049878298 0.99964417 -0.026204037 -0.21304447 0.24876294 0.024140216 0.96826353 10.102097
0.96619586 -0.013615674 -0.25744933 -1.799036 0.0065868449 0.99958216 -0.028144578 -0.23604743 0.25772499 0.025497397 0.96588184 10.66906
0.96390786 -0.015729751 -0.26577096 -1.9595077 0.0080767294 0.99952134 -0.029864056 -0.26464872 0.26611352 0.026639638 0.96357352 11.237561
0.96167112 -0.015583832 -0.2737623 -2.135044 0.0069141186 0.99944439 -0.032605167 -0.28836941 0.27411834 0.029462623 0.96124456 11.796568
0.95924407 -0.014907125 -0.28218538 -2.3260337 0.0048768075 0.99933215 -0.036214209 -0.31225667 0.2825368 0.033362102 0.95867614 12.390254
0.95707814 -0.016095674 -0.28938272 -2.5113901 0.0043293858 0.9991393 -0.041254226 -0.34334278 0.28979769 0.038230669 0.95632407 12.96571
0.95535983 -0.016973101 -0.29495678 -2.7091442 0.0027926338 0.99882261 -0.048431323 -0.38211944 0.29543156 0.045445635 0.9542824 13.593145
0.95385267 -0.017190148 -0.29978256 -2.921929 0.00023957878 0.99840324 -0.056488197 -0.41773878 0.30027494 0.053809597 0.95233371 14.208287
0.95274752 -0.017230505 -0.30327425 -3.1229273 -0.002698155 0.99787051 -0.065170295 -0.46290818 0.30375137 0.062909119 0.95067216 14.819421
0.95135686 -0.016551219 -0.30764618 -3.3482859 -0.0066188311 0.99722749 -0.074118259 -0.51070584 0.30802001 0.072549174 0.94860967 15.473831
0.94998624 -0.015584163 -0.31190267 -3.5760338 -0.010349265 0.99663446 -0.081318226 -0.57074357 0.31212025 0.080479161 0.94662773 16.107062
0.94838292 -0.01457843 -0.31679219 -3.8169775 -0.01403769 0.99603382 -0.087861108 -0.63299898 0.31681664 0.087773007 0.94441682 16.784994
0.94666912 -0.013191087 -0.32193721 -4.0608965 -0.01798603 0.99544027 -0.093675895 -0.70236846 0.32170498 0.094470451 0.94211531 17.437293
0.94518733 -0.010952783 -0.32634481 -4.3072401 -0.022654678 0.99482923 -0.099002835 -0.77814587 0.32574174 0.10096946 0.94005186 18.103829
0.94322445 -0.0084800218 -0.33204775 -4.5743311 -0.027099515 0.99437672 -0.10237461 -0.85627228 0.33104872 0.10556057 0.93769063 18.800903
0.94171348 -0.0074655001 -0.33633313 -4.8291623 -0.02913592 0.99418734 -0.10364662 -0.93429832 0.33515194 0.1074048 0.93602211 19.496755
0.93928827 -0.0071371349 -0.34305479 -5.1152593 -0.030049097 0.99423157 -0.10295943 -1.024579 0.34181077 0.10701708 0.93365559 20.209068
0.93730865 -0.0070883696 -0.34842825 -5.3914051 -0.030178625 0.99438654 -0.10141331 -1.1095259 0.34719125 0.10557066 0.93183318 20.951682
0.9346596 -0.0066364534 -0.3554819 -5.6774809 -0.030713394 0.99458126 -0.099321677 -1.1897601 0.35421481 0.10375002 0.9293911 21.665017
0.93182309 -0.0065430392 -0.36285384 -5.9573821 -0.030442444 0.99490434 -0.096117676 -1.2768046 0.36163379 0.10061083 0.92687565 22.35142
0.92818619 -0.0032990453 -0.37210147 -6.2983226 -0.032984091 0.99529524 -0.091101223 -1.3644135 0.3706514 0.096832327 0.92371048 23.200107
0.92488186 -0.0019398321 -0.38024961 -6.6033575 -0.033085481 0.99578406 -0.085553834 -1.4443682 0.3788125 0.091707931 0.92091843 23.894244
0.92150079 0.00095882343 -0.38837529 -6.9460242 -0.035533925 0.99601079 -0.08185263 -1.5186844 0.38674752 0.089227763 0.9178588 24.651501
0.91781226 0.0014287192 -0.39701209 -7.2788317 -0.035989361 0.99617578 -0.079615254 -1.591372 0.39538011 0.087360069 0.91435376 25.399506
0.91401551 0.0030580573 -0.4056677 -7.6392892 -0.03834566 0.99614573 -0.078887854 -1.6735881 0.40386294 0.087660319 0.91060991 26.172523
0.90988402 0.0037191724 -0.41484603 -8.0077446 -0.03953859 0.99618549 -0.077789204 -1.7401456 0.41297432 0.087181582 0.90656031 26.915855
0.90600069 0.0037128098 -0.4232599 -8.3911193 -0.039630248 0.99631307 -0.076090148 -1.8166097 0.4214169 0.085711623 0.90280747 27.709518
0.90229756 0.0038582654 -0.43109651 -8.784154 -0.039539019 0.99648614 -0.073837873 -1.892327 0.42929685 0.083668868 0.89927957 28.48529
0.89873508 0.0043495059 -0.43847043 -9.1703974 -0.03882728 0.99681235 -0.069696364 -1.9634812 0.43676963 0.079663183 0.89603911 29.252894
0.89458177 0.0047853784 -0.44687867 -9.5885368 -0.037416821 0.99723381 -0.064223835 -2.0289424 0.44533522 0.074174252 0.89228624 30.074513
0.8917131 0.005573222 -0.45256676 -10.001809 -0.036719207 0.99751885 -0.060065396 -2.0998308 0.45110915 0.070178993 0.88970527 30.866484
0.8878947 0.0036646682 -0.46003211 -10.438569 -0.034043286 0.99775002 -0.057757768 -2.161307 0.45878542 0.066943822 0.88602171 31.693004
0.88402753 0.0057969182 -0.46739886 -10.878849 -0.036529829 0.99772176 -0.056717426 -2.2288871 0.46600527 0.067213768 0.88222527 32.495687
0.88156308 0.0057533728 -0.47203117 -11.332984 -0.036022549 0.99783009 -0.055113434 -2.2870603 0.47068985 0.065589735 0.87985741 33.319294
0.87830299 0.0044144725 -0.47808405 -11.79849 -0.034267481 0.99796687 -0.053738943 -2.3501678 0.47687485 0.063581811 0.87666855 34.170961
0.87594581 0.0022041783 -0.48240446 -12.266696 -0.031955192 0.99805837 -0.053463677 -2.4081999 0.48135 0.062246612 0.87431548 35.00759
0.87360179 0.0022050434 -0.48663645 -12.756818 -0.032566234 0.99801297 -0.053940176 -2.4719435 0.48555059 0.062970152 0.87193773 35.851396
0.87225962 0.0020204603 -0.48903891 -13.263021 -0.032809897 0.99798019 -0.05439724 -2.5306628 0.48794128 0.063493833 0.87056411 36.717657
0.87199459 0.0025635158 -0.48950878 -13.74877 -0.033049443 0.99801291 -0.053646662 -2.5931152 0.4883986 0.062957592 0.87034658 37.583838
0.87174237 0.0029419619 -0.48995568 -14.259782 -0.032676018 0.9981048 -0.052144882 -2.6557369 0.48887374 0.061466705 0.87018637 38.473202
0.87152503 0.0011704007 -0.4903496 -14.774821 -0.030377465 0.99820525 -0.051608931 -2.721165 0.48940919 0.059874054 0.86999642 39.366391
0.87113427 2.1249429e-06 -0.49104487 -15.282979 -0.02953743 0.99818944 -0.052396321 -2.7870586 0.49015573 0.060148436 0.8695571 40.265685
0.87002036 -0.0032417941 -0.49300512 -15.815192 -0.026244196 0.99825606 -0.052877998 -2.8516006 0.49231681 0.058943458 0.86841801 41.203577
0.86844944 -0.0034471094 -0.49576574 -16.321574 -0.02523419 0.99837237 -0.051145356 -2.912616 0.49513516 0.056927404 0.86694894 42.079272
0.86612928 -0.0023339567 -0.49981457 -16.885781 -0.024606975 0.99857738 -0.047304456 -2.9797494 0.49921397 0.0532707 0.86483968 43.023689
0.86440212 -0.0034323457 -0.50278939 -17.434159 -0.021318219 0.9988273 -0.04346916 -3.0455259 0.50234901 0.048293409 0.86331526 43.952699
0.86026887 -0.0046860958 -0.50981908 -17.970473 -0.019153159 0.99895486 -0.041501121 -3.1054029 0.50948077 0.045466769 0.85928001 44.844171
0.85521105 -0.0055757567 -0.51824988 -18.540488 -0.019736608 0.99886646 -0.043315785 -3.1734031 0.51790399 0.047272634 0.85413159 45.749336
0.84964846 -0.0098609228 -0.52725727 -19.092588 -0.017378823 0.99875851 -0.046684173 -3.2346225 0.52706308 0.048828247 0.84842226 46.633484
0.84342512 -0.0095680583 -0.53716151 -19.680774 -0.018237351 0.99875526 -0.046425491 -3.2961962 0.53693713 0.048952829 0.84220078 47.538194
0.83792327 -0.0067773788 -0.54574595 -20.28294 -0.018982078 0.99895609 -0.041550152 -3.3555097 0.54545788 0.045175232 0.8369199 48.429401
0.83351137 -0.00352463 -0.55249104 -20.89027 -0.020232286 0.99911424 -0.036897154 -3.4172274 0.55213176 0.041932355 0.83270176 49.314686
0.82922239 -0.0034326667 -0.55890824 -21.495686 -0.021437787 0.99904996 -0.037942001 -3.4690719 0.55850754 0.043444112 0.82836101 50.194171
0.82562139 -0.0056375961 -0.56419635 -22.103452 -0.022220182 0.99884948 -0.042496847 -3.5300628 0.56378685 0.047622852 0.82454622 51.063768
0.82319372 -0.0065357158 -0.56772296 -22.711139 -0.025875638 0.99846286 -0.049013924 -3.6007862 0.56717068 0.055038149 0.82175924 51.909703
0.82019299 -0.0078027262 -0.5720337 -23.343519 -0.02597004 0.99836836 -0.050854412 -3.6639059 0.5714972 0.056566171 0.81865209 52.803618
0.81722273 -0.0058920039 -0.57629183 -23.954818 -0.026081308 0.99854518 -0.047194263 -3.7314289 0.57573154 0.05359867 0.81588014 53.651171
0.81371266 -0.005311596 -0.58124303 -24.594952 -0.023528206 0.99883776 -0.042066087 -3.7936022 0.58079098 0.047905314 0.81264196 54.5432
0.8115663 -0.0035560792 -0.5842495 -25.248461 -0.023657327 0.99896138 -0.038942051 -3.85343 0.58378121 0.045425837 0.81063926 55.410753
0.80813429 -0.0026286011 -0.58899238 -25.874889 -0.025379363 0.99890588 -0.039280062 -3.9115439 0.58845126 0.046691817 0.80718339 56.256089
0.8047153 -0.0033134668 -0.59365164 -26.531844 -0.026022706 0.99882637 -0.040849623 -3.9692194 0.59309032 0.048320739 0.80368464 57.123001
0.80084465 -0.0051595178 -0.59884989 -27.188888 -0.026065354 0.998715 -0.043461953 -4.0370111 0.59830466 0.050415508 0.79968109 57.986081
0.7973155 -0.0054712322 -0.60353792 -27.824796 -0.026431922 0.99868305 -0.043971729 -4.0945063 0.60298373 0.051012009 0.79612086 58.802554
0.79319714 -0.0072599197 -0.60892164 -28.512246 -0.02402725 0.9987772 -0.043206524 -4.1584572 0.60849077 0.048902004 0.79205278 59.69059
0.78791935 -0.0077997346 -0.61572903 -29.169985 -0.023315803 0.99882485 -0.042488722 -4.2135067 0.6153369 0.047833904 0.78681157 60.500161
0.78250353 -0.0089206899 -0.62258222 -29.861576 -0.022877712 0.99881027 -0.043065742 -4.28084 0.62222574 0.047942352 0.78136847 61.35009
0.77823521 -0.0090514418 -0.62790763 -30.543588 -0.023948772 0.99874094 -0.044079448 -4.3474134 0.62751609 0.049341796 0.77703859 62.188279
0.77172601 -0.011275537 -0.63585517 -31.22024 -0.022508313 0.99873211 -0.045028319 -4.4051276 0.63555675 0.049061552 0.77049375 63.009835
0.76684959 -0.012616356 -0.64170281 -31.967418 -0.022073973 0.99869688 -0.046014028 -4.4705651 0.64144717 0.04945077 0.7655718 63.868833
0.76156444 -0.014306092 -0.64793125 -32.670469 -0.02129231 0.99866432 -0.047076674 -4.5378223 0.64773936 0.049647874 0.76024262 64.705027
0.75512901 -0.015472756 -0.65539357 -33.409531 -0.020382371 0.99868403 -0.047061358 -4.6055802 0.65525932 0.048895872 0.75381991 65.529663
0.74882816 -0.013855912 -0.66261932 -34.140703 -0.0219742 0.99871272 -0.045717009 -4.6720141 0.66239985 0.048794713 0.74755973 66.331635
0.74407461 -0.016400639 -0.66789517 -34.886494 -0.018228628 0.9988281 -0.044834697 -4.7363827 0.66784783 0.045535172 0.74290367 67.176277
0.73739221 -0.017036201 -0.67524993 -35.652809 -0.018648898 0.99878733 -0.045564007 -4.8057043 0.67520737 0.046191211 0.73618029 67.990138
0.73027902 -0.018034263 -0.68291088 -36.410397 -0.019353368 0.99870412 -0.047069465 -4.8791305 0.68287483 0.047590469 0.72898365 68.784579
0.72577733 -0.018121175 -0.68769095 -37.1741 -0.01945127 0.99871275 -0.046845372 -4.9365183 0.68765467 0.047375772 0.7244906 69.547118
0.72061717 -0.017811758 -0.69310432 -37.975516 -0.019583622 0.9987482 -0.046027349 -5.003834 0.69305657 0.046741591 0.71936628 70.391322
0.71691631 -0.017265626 -0.69694538 -38.772234 -0.020825523 0.99871678 -0.04616377 -5.0719577 0.69684815 0.047609813 0.71563679 71.184086
0.71162712 -0.018181253 -0.70232204 -39.575495 -0.020882983 0.99867598 -0.04701273 -5.1429726 0.70224696 0.048122113 0.71030523 72.012077
0.70623015 -0.020921035 -0.70767312 -40.417184 -0.020045353 0.99857169 -0.049525387 -5.214339 0.70769852 0.049161879 0.70480207 72.805349
0.70175311 -0.021495191 -0.71209584 -41.233353 -0.02219208 0.9984001 -0.05200727 -5.2903877 0.71207453 0.052299152 0.70015335 73.608004
0.69657272 -0.021560036 -0.71716216 -42.084454 -0.023724828 0.99830968 -0.053055866 -5.3629622 0.71709387 0.053971818 0.69488378 74.413755
0.69263615 -0.021469896 -0.72096752 -42.934704 -0.022782614 0.99840694 -0.051619182 -5.4384036 0.72092729 0.052178837 0.6910436 75.212995
0.68744012 -0.022104869 -0.72590454 -43.755159 -0.021219581 0.99849856 -0.050500951 -5.5103388 0.72593102 0.05011977 0.68593892 75.973418
0.68199047 -0.02393776 -0.73096918 -44.622827 -0.019430698 0.99851837 -0.050828192 -5.5907172 0.73110293 0.048867584 0.68051488 76.778977
0.67729353 -0.024582482 -0.73530206 -45.482433 -0.019309818 0.99850335 -0.051168229 -5.663809 0.73545948 0.04885446 0.67580518 77.53901
0.67283202 -0.024517502 -0.73938888 -46.363937 -0.019470507 0.99851762 -0.050827836 -5.7394929 0.73953906 0.048594872 0.67135726 78.335276
0.6690618 -0.025728871 -0.74276126 -47.251023 -0.017897347 0.998553 -0.050710873 -5.8154949 0.74299128 0.047222164 0.66763319 79.124109
0.66556001 -0.028745969 -0.74579052 -48.135007 -0.014719116 0.9985581 -0.051624381 -5.891307 0.74619922 0.0453365 0.66417722 79.903293
0.66083536 -0.03323228 -0.74979477 -49.027112 -0.011821926 0.99843439 -0.054671756 -5.9723976 0.75043781 0.044993048 0.65940789 80.669153
0.65661229 -0.037513739 -0.75329474 -49.937151 -0.0080182769 0.99835867 -0.056706973 -6.0494842 0.75418569 0.043274622 0.65523378 81.460498
0.65075679 -0.040911013 -0.75818325 -50.843221 -0.0031528737 0.99839316 -0.056578708 -6.1326312 0.75927973 0.039209435 0.64958215 82.229829
0.64050951 -0.04500285 -0.76663046 -51.775394 0.0020726748 0.99837914 -0.056875301 -6.2222732 0.76794747 0.034840196 0.63956461 83.014897
0.63292825 -0.046321978 -0.77282343 -52.689802 0.005135696 0.99843775 -0.05563895 -6.3030542 0.77419345 0.031246477 0.63217735 83.755991
0.62468307 -0.044229731 -0.77962474 -53.67225 0.0043331223 0.99857558 -0.053179304 -6.3867021 0.7808664 0.029842002 0.62398492 84.538851
0.61567951 -0.044125868 -0.78676019 -54.62805 0.0043475113 0.99860592 -0.052605203 -6.4674051 0.7879847 0.028967497 0.61501305 85.270982
0.60622817 -0.045306801 -0.79399915 -55.581751 0.0030758439 0.99850206 -0.054627603 -6.5437744 0.79528486 0.030674574 0.60545943 85.986946
0.59515732 -0.047940717 -0.80217791 -56.610801 0.0043793146 0.99839761 -0.056418303 -6.6336847 0.80359731 0.030064776 0.5944136 86.729478
0.586293 -0.048097737 -0.80866994 -57.580145 0.0016904331 0.99830635 -0.058151273 -6.7151868 0.81009735 0.032726682 0.58538133 87.449024
0.57647024 -0.049777543 -0.81560052 -58.583708 0.0059360899 0.99837153 -0.056736725 -6.8009394 0.81709662 0.027865555 0.57582696 88.131043
0.5670653 -0.050005755 -0.82215346 -59.6183 0.0081121542 0.99844606 -0.055133171 -6.8875944 0.82363293 0.024594672 0.56658976 88.84891
0.5568905 -0.050398634 -0.82905542 -60.645762 0.0080564893 0.99843818 -0.055283804 -6.9745578 0.83054688 0.024107749 0.55642677 89.522934
0.54637789 -0.050917112 -0.83598959 -61.686829 0.0064306461 0.99837596 -0.056604602 -7.0582087 0.83751412 0.02555155 0.54581799 90.201029
0.53527208 -0.051842718 -0.84308722 -62.748905 0.0051727571 0.99829721 -0.058102657 -7.1498457 0.8446639 0.026739645 0.5346288 90.857541
0.52841992 -0.052513649 -0.84735745 -63.810949 0.0035939438 0.99821458 -0.059621567 -7.2393085 0.84897558 0.028459869 0.52766521 91.489419
0.51786939 -0.052338051 -0.85385711 -64.898008 0.0025843514 0.99821784 -0.059619366 -7.3300091 0.85545583 0.028668378 0.51708173 92.147181
0.50922183 -0.05054188 -0.85914992 -65.990728 0.0019179771 0.99833829 -0.057593228 -7.4174509 0.86063321 0.027679899 0.50847259 92.784785
0.50265689 -0.049033297 -0.86309427 -67.071512 0.0027770437 0.99847658 -0.055107188 -7.508331 0.86448158 0.025303157 0.5020273 93.393861
0.49434507 -0.049976812 -0.86782787 -68.188264 0.0043906677 0.99847672 -0.054999591 -7.5925883 0.8692547 0.023378433 0.49381148 94.02427
0.48807073 -0.052695879 -0.87121182 -69.30309 0.0050173255 0.99832864 -0.057573823 -7.6877667 0.87278969 0.023728945 0.48751939 94.645562
0.48042723 -0.055736624 -0.8752617 -70.411785 0.0068227954 0.9981859 -0.059819429 -7.7803265 0.87700809 0.022767151 0.47993597 95.240506
0.47338736 -0.059580728 -0.878837 -71.51204 0.0093662959 0.99799388 -0.06261379 -7.870403 0.8808046 0.021409129 0.47299574 95.822316
0.4688926 -0.062268221 -0.88105751 -72.634707 0.0099579236 0.99782116 -0.065220887 -7.9707039 0.88319909 0.021808088 0.46849102 96.423032
0.46400033 -0.06317498 -0.88357939 -73.776673 0.012208628 0.99781504 -0.064931503 -8.0730659 0.88575093 0.019340946 0.46375779 97.020689
0.4584949 -0.061456019 -0.88656952 -74.895801 0.014361117 0.99798817 -0.061752496 -8.1773366 0.88858103 0.015581076 0.45845507 97.600154
0.45574978 -0.059851136 -0.88809341 -76.01695 0.019006238 0.99816368 -0.057515505 -8.2694784 0.88990503 0.0093333634 0.45605042 98.164957
0.45197383 -0.05940309 -0.89005105 -77.139964 0.020064584 0.99820478 -0.056432473 -8.3659222 0.89180555 0.007647496 0.45235434 98.74175
0.44841003 -0.059480206 -0.89184667 -78.25742 0.021372784 0.99821162 -0.055828052 -8.4632524 0.89357244 0.0059726121 0.44887936 99.292068
0.4472531 -0.058524151 -0.89249063 -79.370441 0.023438394 0.99828116 -0.053715593 -8.5531922 0.89410031 0.003105918 0.44785606 99.830379
0.44369334 -0.057427846 -0.89433673 -80.491699 0.024986652 0.99834948 -0.051710555 -8.637649 0.89583031 0.00059714778 0.44439595 100.3879
0.44200294 -0.058631291 -0.89509536 -81.585025 0.027222738 0.99827872 -0.051947359 -8.7292491 0.89660046 -0.0014060621 0.44283823 100.92072
0.43900332 -0.058398027 -0.89658557 -82.691964 0.028885091 0.99828702 -0.050878961 -8.8151083 0.89802105 -0.0035619239 0.43993815 101.43968
0.43687446 -0.058208524 -0.89763712 -83.779331 0.032752975 0.99827172 -0.048793644 -8.9027695 0.89892603 -0.00808359 0.43802593 101.99964
0.43606204 -0.057906655 -0.89805158 -84.869898 0.035346359 0.99825964 -0.047205163 -8.9846822 0.89922222 -0.011158475 0.43734993 102.51208
0.43297608 -0.058238526 -0.89952205 -85.93112 0.036285953 0.99822791 -0.047163239 -9.0656754 0.90067481 -0.012219462 0.43432204 103.02445
0.43194042 -0.059122811 -0.89996217 -86.993305 0.036683132 0.99817501 -0.047968668 -9.1473733 0.90115586 -0.012293826 0.43332094 103.53723
0.43205949 -0.061252728 -0.89976254 -88.060554 0.038961366 0.9980271 -0.049233273 -9.2323916 0.90100315 -0.013784276 0.43359357 104.02381
0.43131882 -0.061277585 -0.90011614 -89.105358 0.037196564 0.99805026 -0.050120791 -9.313073 0.9014325 -0.011863188 0.43275718 104.51228
0.43425473 -0.06062551 -0.89874763 -90.13559 0.034204506 0.99812284 -0.050802067 -9.3952593 0.90014052 -0.0086801812 0.43551323 104.99424
0.43814142 -0.060676911 -0.89685581 -91.136548 0.032178958 0.99813845 -0.0518088 -9.4783473 0.89832994 -0.006160305 0.43927832 105.49353
0.44506605 -0.061902962 -0.89335557 -92.148755 0.032367802 0.99806803 -0.05303326 -9.5640668 0.89491262 -0.0053126534 0.44620986 105.99943
0.45023939 -0.061278304 -0.89080267 -93.148558 0.030061144 0.99811705 -0.053466621 -9.6407136 0.89240175 -0.0027057691 0.45123371 106.4867
0.45613763 -0.060210699 -0.88786996 -94.141613 0.02915921 0.99818398 -0.052711258 -9.7220272 0.88943143 -0.0018459987 0.45706498 106.97653
0.46475785 -0.058971907 -0.88347178 -95.124946 0.027843233 0.99825955 -0.051986842 -9.8025925 0.88499998 -0.00043741857 0.46559093 107.50594
0.47433209 -0.058869037 -0.87837546 -96.1117 0.027944429 0.99826571 -0.051813837 -9.8794128 0.87990241 3.1264293e-05 0.47515452 108.02883
0.48273533 -0.058855196 -0.87378636 -97.061567 0.028069829 0.99826643 -0.051732175 -9.9578601 0.87531637 0.00044591385 0.48355053 108.55475
0.49322755 -0.058881865 -0.86790521 -98.02096 0.026372676 0.99826007 -0.052738115 -10.030243 0.86950051 0.0031229075 0.49392224 109.08311
0.50299145 -0.060527252 -0.86216935 -98.967766 0.024763579 0.99814453 -0.055626053 -10.112411 0.86393659 0.0066290305 0.50355704 109.62937
0.51459797 -0.059918027 -0.85533543 -99.904859 0.021234019 0.99813996 -0.057146696 -10.189772 0.85716866 0.011245364 0.51491309 110.15959
0.52731124 -0.058638404 -0.84764635 -100.84694 0.019529944 0.99818866 -0.056903249 -10.271556 0.84944776 0.013451236 0.5275013 110.74269
0.53980428 -0.05572736 -0.83994389 -101.7338 0.017332352 0.99833057 -0.055096834 -10.344972 0.84161214 0.015183303 0.539869 111.30033
0.55308805 -0.054269727 -0.83135333 -102.67819 0.017828788 0.99841861 -0.053314295 -10.424933 0.83293205 0.014665477 0.55318096 111.91787
0.5648534 -0.053266548 -0.82347025 -103.5275 0.017747254 0.9984678 -0.052412745 -10.502135 0.82500044 0.014991182 0.56493327 112.48405
0.57627838 -0.052858852 -0.81554222 -104.39991 0.016549488 0.9984563 -0.053020115 -10.580025 0.81708592 0.01705754 0.57626357 113.12399
0.58638828 -0.054331027 -0.80820596 -105.2668 0.017318126 0.9983609 -0.054549001 -10.658881 0.809845 0.017990282 0.58636804 113.7391
0.5968453 -0.055932349 -0.8004044 -106.08817 0.019309559 0.99827966 -0.055361148 -10.728533 0.80212398 0.017586585 0.59689856 114.34352
0.6069689 -0.056025117 -0.79274831 -106.90481 0.019981837 0.99827255 -0.055250806 -10.813666 0.79447438 0.017694953 0.60703987 114.96688
0.61934773 -0.053311552 -0.78330468 -107.73967 0.018374876 0.99840293 -0.053422344 -10.887988 0.78490178 0.018693881 0.61933818 115.61378
0.62726502 -0.051444186 -0.77710491 -108.51691 0.019293587 0.99853619 -0.050529459 -10.956478 0.77856689 0.016702221 0.62733937 116.23949
0.6379368 -0.050932379 -0.76840255 -109.31043 0.019907829 0.99856772 -0.049660809 -11.034032 0.76983139 0.016383231 0.63803704 116.87603
0.64737045 -0.04963573 -0.76055752 -110.055 0.017265944 0.99857617 -0.050472968 -11.101092 0.76197994 0.019542965 0.64730572 117.49361
0.65725084 -0.048856083 -0.75208668 -110.81063 0.014782339 0.9985404 -0.05194756 -11.173259 0.75352695 0.023024977 0.65701372 118.17211
0.6675495 -0.048595376 -0.74297787 -111.54836 0.015505757 0.99855878 -0.051380372 -11.243813 0.74440398 0.022778507 0.66734092 118.81416
0.67593376 -0.046609469 -0.73548696 -112.26166 0.014749019 0.99865368 -0.049732165 -11.310586 0.73681481 0.022767938 0.67571118 119.47609
0.68392811 -0.045353429 -0.72813828 -112.98312 0.015426428 0.99874169 -0.047718674 -11.378322 0.72938632 0.021403569 0.68376716 120.14813
0.69401736 -0.044314354 -0.71859314 -113.67829 0.015206313 0.99878351 -0.046906935 -11.447728 0.71979769 0.021627075 0.69384695 120.80419
0.70062489 -0.043802594 -0.712184 -114.36788 0.014645485 0.99878648 -0.047022185 -11.510616 0.7133795 0.022514634 0.70041618 121.45676
0.70792692 -0.041949458 -0.70503877 -115.04625 0.012959321 0.99883804 -0.046417961 -11.575384 0.70616681 0.0237237 0.70764798 122.14436
0.71535475 -0.039811984 -0.69762637 -115.69541 0.012798955 0.99895465 -0.04388391 -11.632267 0.69864426 0.022463675 0.71511651 122.78922
0.7222076 -0.037548372 -0.6906564 -116.34598 0.012517694 0.99907142 -0.04122619 -11.69528 0.6915631 0.021128443 0.722007 123.46261
0.72924783 -0.035708569 -0.68331724 -116.95625 0.011250605 0.9991281 -0.040205273 -11.750322 0.68415719 0.021631876 0.72901375 124.12693
0.73710206 -0.034704326 -0.67488971 -117.58735 0.010493764 0.99914788 -0.039917305 -11.811093 0.67569999 0.022340994 0.73683814 124.80465
0.74480761 -0.031376794 -0.66654114 -118.18977 0.0073366039 0.99921854 -0.038839187 -11.858492 0.66723897 0.024037574 0.74445577 125.4486
0.75365146 -0.029117773 -0.65662896 -118.77618 0.0075036253 0.99933429 -0.035702463 -11.916138 0.65723147 0.021980116 0.75336824 126.12721
0.76286992 -0.025523136 -0.646048 -119.35215 0.0054477597 0.9994388 -0.03305154 -11.961192 0.64652907 0.021694511 0.76258084 126.77692
0.77205756 -0.022225408 -0.63516385 -119.89817 0.0024793814 0.99948608 -0.031959881 -12.00791 0.6355478 0.023100054 0.77171589 127.46323
0.78137958 -0.022393101 -0.62365412 -120.4363 0.0021919917 0.99944831 -0.033140116 -12.054041 0.62405222 0.024527965 0.78099759 128.12782
0.79161875 -0.02325631 -0.61057258 -120.95454 0.0026641701 0.99939727 -0.034612241 -12.106099 0.61100957 0.02577303 0.79120357 128.79182
0.8015437 -0.022036468 -0.59752997 -121.47488 0.0019803123 0.99941301 -0.034201173 -12.152149 0.59793295 0.026230439 0.80111683 129.47477
0.8113345 -0.020962229 -0.5842062 -121.97726 0.0022790187 0.9994627 -0.032697221 -12.193339 0.58457776 0.025196967 0.81094635 130.18312
0.82099854 -0.018816586 -0.5706201 -122.43617 0.0018783363 0.99954036 -0.030258004 -12.231731 0.57092722 0.023769961 0.82065652 130.84645
0.83081825 -0.017900527 -0.55625586 -122.91129 0.0026565211 0.99959878 -0.02819972 -12.271694 0.55653751 0.021951136 0.83053246 131.55825
0.83904019 -0.016262285 -0.54382632 -123.36252 0.0028176114 0.99966967 -0.025546436 -12.310721 0.54406217 0.019902195 0.83880885 132.26098
0.84744219 -0.015770201 -0.53065338 -123.82208 0.003748718 0.99971154 -0.023723264 -12.344045 0.53087447 0.018114825 0.84725685 132.97462
0.85412367 -0.016056542 -0.51982201 -124.25127 0.005214312 0.99973744 -0.02231275 -12.380718 0.52004384 0.016347334 0.85398313 133.69731
0.86070419 -0.016054746 -0.50885216 -124.6972 0.005822083 0.99974768 -0.02169511 -12.417741 0.50907212 0.015710493 0.86058049 134.42003
0.86743033 -0.015185309 -0.49732686 -125.12462 0.0051290466 0.99975396 -0.021580339 -12.448986 0.49753224 0.016168628 0.8672948 135.14847
0.87343082 -0.013323893 -0.48676592 -125.53161 0.0034299075 0.99976913 -0.02121149 -12.481138 0.4869362 0.016857207 0.87327487 135.89624
0.87959899 -0.012451981 -0.47555288 -125.93237 0.0028594877 0.9997777 -0.020889391 -12.507462 0.47570732 0.01701445 0.87943907 136.64332
0.88516757 -0.013046158 -0.46508939 -126.33977 0.0038010794 0.99977622 -0.020810293 -12.543581 0.46525685 0.016652755 0.88501908 137.37914
0.88991966 -0.014052035 -0.45590077 -126.72466 0.0047513131 0.99975669 -0.021540498 -12.575628 0.45609257 0.017003185 0.8897699 138.14195
0.89437435 -0.014580837 -0.44708154 -127.11648 0.0052429958 0.99974165 -0.022116479 -12.610292 0.44728856 0.017436365 0.89421974 138.94404
0.89771767 -0.013923013 -0.44035113 -127.49913 0.0049124463 0.99975472 -0.021595512 -12.637159 0.44054383 0.017223471 0.89756588 139.70652
0.90044904 -0.012381139 -0.43478526 -127.89226 0.0048466577 0.99981834 -0.018433748 -12.672797 0.43493454 0.014491396 0.90034547 140.49788
0.90379959 -0.0084592921 -0.42787233 -128.28356 0.002610026 0.99989498 -0.014255335 -12.698213 0.42794802 0.011767208 0.90372675 141.31245
0.90660325 -0.0056254065 -0.42194654 -128.67263 0.00073011413 0.99993055 -0.011762372 -12.724027 0.42198344 0.010355735 0.9065444 142.13861
0.90985865 -0.0031676873 -0.41490624 -129.06068 -0.00087202221 0.99995405 -0.0095466357 -12.745442 0.41491745 0.0090478964 0.90981408 142.9648
0.91276591 -0.0013806272 -0.4084807 -129.443 -0.0017663308 0.9999716 -0.0073267465 -12.759487 0.40847924 0.0074091163 0.91273755 143.80636
0.91600454 -0.00023489658 -0.40116781 -129.83152 -0.0017957614 0.99998741 -0.0046858674 -12.782018 0.4011639 0.0050126772 0.91599258 144.67521
0.91944206 6.1677732e-05 -0.39322547 -130.20815 -0.0011702439 0.99999599 -0.0025794209 -12.803149 0.39322377 0.0028317975 0.91943845 145.54801
0.92260647 -3.9750646e-05 -0.38574252 -130.577 -0.0006844183 0.99999825 -0.0017400191 -12.820698 0.38574195 0.0018693619 0.92260483 146.4421
0.92637777 -0.00093553675 -0.37659439 -130.95459 0.00024576821 0.9999982 -0.0018796375 -12.819983 0.3765955 0.0016486992 0.92637634 147.34204
0.93017826 -0.0036955931 -0.36708956 -131.30573 0.003083624 0.99999271 -0.0022535275 -12.850276 0.36709524 0.00096421583 0.93018287 148.2614
0.93398596 -0.0052452289 -0.3572712 -131.67282 0.0042699129 0.99998469 -0.003518644 -12.859654 0.35728422 0.0017608469 0.93399406 149.20253
0.93824672 -0.0059733395 -0.3459153 -132.01491 0.0043765707 0.99997586 -0.0053969641 -12.887753 0.34593922 0.0035497609 0.93825021 150.13441
0.94285292 -0.0042038616 -0.33318268 -132.37034 0.0021473076 0.99997631 -0.0065404567 -12.906071 0.33320231 0.0054512429 0.9428396 151.09813
0.94846214 -0.0011517004 -0.31688835 -132.69698 -0.00060571468 0.99998498 -0.0054472828 -12.91811 0.31688989 0.0053584853 0.9484472 152.08909
0.95440267 0.0028470677 -0.29850868 -133.02607 -0.003768803 0.99998974 -0.0025122117 -12.932687 0.29849849 0.0035226817 0.95440361 153.09373
0.96047144 0.005847609 -0.27831712 -133.34917 -0.0063309392 0.99997961 -0.00083787908 -12.952358 0.27830657 0.0025667675 0.96048887 154.11025
0.96657759 0.0076315665 -0.25626065 -133.62722 -0.0078828647 0.99996893 4.6552166e-05 -12.972898 0.25625306 0.0019750715 0.96660771 155.14251
0.97187918 0.0089013407 -0.23531177 -133.87869 -0.008890682 0.99995987 0.0011062567 -12.979375 0.23531219 0.0010169341 0.97191931 156.19585
0.97687846 0.0095570884 -0.21358167 -134.12323 -0.0089596277 0.99995277 0.003765165 -13.001796 0.21360758 -0.0017644966 0.97691796 157.27211
0.98135951 0.011229208 -0.19185257 -134.34597 -0.010048972 0.99992413 0.0071237131 -13.001437 0.19191802 -0.0050630029 0.9813979 158.35788
0.98552555 0.013218525 -0.16901085 -134.5381 -0.011477974 0.9998706 0.011271337 -13.017036 0.16913798 -0.0091682889 0.98554974 159.47481
0.98923206 0.014940211 -0.14559096 -134.71215 -0.012949469 0.99980939 0.014611718 -13.009899 0.14578152 -0.012569055 0.98923696 160.60401
0.99214624 0.016536735 -0.1239854 -134.87476 -0.014851388 0.9997845 0.014505125 -13.015952 0.12419856 -0.01254985 0.99217802 161.72812
0.99463971 0.016240613 -0.10211803 -135.0058 -0.015029527 0.99980743 0.012617968 -13.016566 0.1023033 -0.011015546 0.99469226 162.87946
0.99660627 0.016283107 -0.080689575 -135.10381 -0.015431193 0.99981853 0.011170326 -13.018926 0.080856827 -0.009887281 0.99667669 164.04689
0.9980349 0.014842152 -0.060877388 -135.1879 -0.014064743 0.99981423 0.013178804 -13.021413 0.061061686 -0.012296682 0.99805825 165.21772
0.99903793 0.01525578 -0.04111536 -135.23816 -0.014641816 0.99977737 0.015192736 -13.018951 0.041337987 -0.014576116 0.99903889 166.38472
0.99970031 0.01557711 -0.018884852 -135.28914 -0.015272761 0.99975286 0.016154563 -13.020438 0.019131827 -0.015861298 0.99969115 167.62555
0.99986167 0.016631263 -0.00020215912 -135.29866 -0.016625656 0.99972532 0.016518694 -13.012664 0.00047683038 -0.016513048 0.99986354 168.83675
0.99964166 0.017048411 0.020637406 -135.27012 -0.017401152 0.99970346 0.017035108 -13.010095 -0.020340867 -0.017388118 0.99964189 170.06425
0.9989673 0.019225015 0.041167211 -135.23863 -0.019923138 0.99966344 0.016615602 -13.007687 -0.040833924 -0.017418624 0.99901411 171.28366
0.99789725 0.020626503 0.061446061 -135.1641 -0.021600565 0.99965066 0.015230353 -13.004494 -0.061110451 -0.016525598 0.9979942 172.55265
0.99639317 0.020602453 0.082317603 -135.10789 -0.021776501 0.99967319 0.013390042 -13.002364 -0.08201484 -0.015134336 0.99651619 173.82071
0.99475779 0.022386485 0.099778626 -134.97113 -0.023559831 0.99966627 0.010596551 -13.006486 -0.099508115 -0.01289177 0.99495323 175.07867
0.99260259 0.022997802 0.11921071 -134.8428 -0.024216461 0.99966815 0.0087840281 -13.011715 -0.11896915 -0.011605911 0.99283012 176.3789
0.98999239 0.022836416 0.13926077 -134.66597 -0.023879796 0.99969786 0.0058257552 -13.024045 -0.13908567 -0.0090929723 0.99023861 177.6849
0.98734776 0.023875221 0.15676215 -134.47973 -0.024284622 0.99970484 0.00069654226 -13.028821 -0.15669926 -0.0044946389 0.98763614 178.95495
0.98439603 0.025838655 0.1740598 -134.2637 -0.025230352 0.99966537 -0.0057069559 -13.057841 -0.17414903 0.0012263149 0.98471855 180.25584
0.98109416 0.028241416 0.19145931 -134.02304 -0.026659722 0.99958587 -0.010832718 -13.078276 -0.19168597 0.0055236644 0.98144077 181.55453
0.97771081 0.030112765 0.20778545 -133.76721 -0.027605144 0.99950698 -0.01495809 -13.11847 -0.20813346 0.008888739 0.97806005 182.87446
0.97337573 0.032452902 0.22690637 -133.4723 -0.029157921 0.99941527 -0.017858973 -13.154717 -0.22735328 0.010767374 0.97375282 184.21037
0.96953721 0.031901912 0.24285769 -133.15533 -0.028444892 0.99943813 -0.017728933 -13.196349 -0.24328684 0.0102808 0.9698999 185.52498
0.96494617 0.030957126 0.26061571 -132.81097 -0.027026611 0.99946067 -0.018652779 -13.240688 -0.26105261 0.010955368 0.96526241 186.86279
0.96004782 0.030592865 0.2781587 -132.43445 -0.02518233 0.99941816 -0.023004229 -13.302748 -0.27870064 0.015080476 0.96025962 188.21332
0.95558453 0.031727232 0.29300439 -132.047 -0.024790028 0.99931821 -0.027360117 -13.351223 -0.29367271 0.018881318 0.95571954 189.53926
0.94999462 0.03420552 0.31038719 -131.62317 -0.026837393 0.99924817 -0.027979334 -13.397577 -0.3111109 0.018250234 0.95019837 190.89196
0.94423802 0.036090661 0.32727972 -131.17815 -0.028519715 0.99920367 -0.027904335 -13.472447 -0.32802621 0.01701441 0.94451539 192.22696
0.93823012 0.04000426 0.34369155 -130.72047 -0.031122828 0.9990247 -0.031321312 -13.514516 -0.34460936 0.018689946 0.93856011 193.57539
0.93088202 0.041036375 0.36300782 -130.19745 -0.030481223 0.99893075 -0.034759792 -13.588947 -0.36404612 0.021292344 0.93113751 194.89864
0.92429976 0.041871547 0.37936356 -129.68088 -0.029702429 0.99884089 -0.037876769 -13.65726 -0.38050983 0.02374147 0.92447208 196.25115
0.91720791 0.042178071 0.39616997 -129.11635 -0.027689022 0.99872443 -0.042223497 -13.744992 -0.39744557 0.027758168 0.91720582 197.57357
0.90862966 0.045450885 0.41512207 -128.54364 -0.027928034 0.99844774 -0.048188463 -13.829056 -0.41666794 0.032191924 0.90848859 198.90113
0.89890203 0.048948005 0.43540696 -127.93636 -0.029149419 0.99821951 -0.052039551 -13.919054 -0.43717899 0.0340866 0.89872835 200.24095
0.88677014 0.052187022 0.45925507 -127.28593 -0.031064295 0.99808802 -0.053435128 -14.013572 -0.46116564 0.033118242 0.8866958 201.56632
0.87412763 0.056165727 0.48243784 -126.61816 -0.033308047 0.99788491 -0.055823664 -14.117942 -0.48455286 0.032727946 0.87414954 202.87145
0.85950042 0.060539738 0.50753713 -125.8935 -0.03552702 0.99763532 -0.058835289 -14.22086 -0.50989889 0.032537675 0.85961878 204.14453
0.84423815 0.064250597 0.53210317 -125.12128 -0.036888048 0.99739998 -0.061907633 -14.33668 -0.53469734 0.032636539 0.84441319 205.4275
0.82939319 0.06602223 0.55475037 -124.32498 -0.036460851 0.99727229 -0.064176182 -14.449095 -0.55747427 0.033000619 0.82953808 206.67821
0.81274863 0.066937646 0.57875642 -123.46643 -0.034843491 0.99718444 -0.066401302 -14.566329 -0.58157169 0.033801674 0.81279262 207.92516
0.79720648 0.069251324 0.59972165 -122.61123 -0.033269757 0.99692897 -0.070892531 -14.694253 -0.60278934 0.036563393 0.7970622 209.13077
0.78150589 0.071811355 0.61975127 -121.7222 -0.031670133 0.99663927 -0.075545826 -14.826534 -0.62309356 0.039411904 0.78115373 210.2882
0.76455625 0.073671275 0.64033292 -120.77151 -0.029516525 0.99640612 -0.079395364 -14.964559 -0.64388085 0.041801821 0.76398304 211.45989
0.74751534 0.07567626 0.65991961 -119.76023 -0.027881905 0.99618811 -0.082654976 -15.115764 -0.66365914 0.043386048 0.74677589 212.6344
0.73193755 0.075758142 0.67714702 -118.76471 -0.025456298 0.99614634 -0.08393122 -15.260555 -0.68089606 0.044194756 0.73104543 213.75359
0.71629678 0.076408261 0.69359978 -117.727 -0.023333504 0.99605373 -0.085630101 -15.410107 -0.69740555 0.045152454 0.71525296 214.8661
0.7008361 0.077480148 0.70910193 -116.66219 -0.020824834 0.99588214 -0.088233153 -15.570596 -0.71301833 0.047070049 0.69956366 215.96981
0.68620216 0.07869921 0.72314105 -115.58646 -0.017816383 0.99565028 -0.091449999 -15.723252 -0.72719269 0.049869431 0.68461951 216.9988
0.67125711 0.081280802 0.73675456 -114.45923 -0.015687353 0.99530466 -0.095512016 -15.896726 -0.7410586 0.052555393 0.66938041 218.04571
0.65648896 0.083506156 0.74969922 -113.33049 -0.01451066 0.99506778 -0.098130283 -16.058833 -0.75419609 0.053542818 0.65446274 219.06062
0.64061056 0.084263398 0.7632285 -112.17975 -0.013214937 0.99502328 -0.098762576 -16.236644 -0.76775225 0.053182334 0.63853596 220.06124
0.62388336 0.085399229 0.77683748 -110.98223 -0.013354519 0.99503153 -0.098660613 -16.412055 -0.78140339 0.051178426 0.62192408 221.04565
0.6066926 0.086435077 0.79022339 -109.8194 -0.015233194 0.99515267 -0.097155098 -16.588612 -0.79479059 0.046905655 0.60506844 222.00328
0.58801221 0.087504658 0.80410479 -108.60202 -0.017550378 0.99527714 -0.095474556 -16.75968 -0.80866166 0.042027863 0.58677085 222.92168
0.56996518 0.088966107 0.81683821 -107.4041 -0.019656717 0.99531283 -0.09468884 -16.93864 -0.82143372 0.037912986 0.56904244 223.80897
0.55197054 0.092356348 0.82873323 -106.18458 -0.020998242 0.99507182 -0.096907888 -17.121014 -0.83359922 0.03608836 0.55118965 224.646
0.53308877 0.09567044 0.84063278 -104.94779 -0.023346271 0.99487119 -0.09841887 -17.292418 -0.84573718 0.032840355 0.53258821 225.4674
0.51371201 0.095895487 0.85258663 -103.71046 -0.023159906 0.9949218 -0.097950148 -17.468687 -0.85765008 0.030572342 0.5133242 226.24434
0.49304873 0.094726952 0.86482929 -102.4577 -0.023273505 0.99513511 -0.095731197 -17.644074 -0.86969038 0.027072537 0.49285473 226.9863
0.47165127 0.092865519 0.87688141 -101.20244 -0.022640222 0.99538639 -0.093238131 -17.812925 -0.88149451 0.024123095 0.47157775 227.69156
0.45029197 0.091474622 0.88818324 -99.943507 -0.022978225 0.99559602 -0.090887618 -17.978587 -0.89258569 0.020517091 0.45041081 228.37105
0.42812529 0.090328122 0.8991938 -98.68532 -0.021830421 0.99573565 -0.089632262 -18.138557 -0.90345572 0.01874406 0.42827152 228.97827
