1.000000000000000000e+00 4.398956837314658088e-19 2.733407509747682871e-20 -8.673617379884035472e-19 -5.583667658079949532e-19 1.000000000000000000e+00 -6.100159232558060012e-19 0.000000000000000000e+00 4.145284534913582806e-20 -2.210423569125054137e-19 1.000000000000000222e+00 0.000000000000000000e+00
9.999422154715088551e-01 -1.035722494209844911e-03 1.070014073733313933e-02 7.023985482932332269e-02 1.031302588616282235e-03 9.999993806016885811e-01 4.185800056581552532e-04 -2.367521574269240703e-03 -1.070056782720503474e-02 -4.075207284805829056e-04 9.999426642373389074e-01 2.955487496566545635e-01
9.998514878717064125e-01 -2.458083619648142055e-03 1.705755108664971584e-02 8.532692403796525438e-02 2.446716225645472181e-03 9.999967706244513588e-01 6.872523219847123969e-04 -7.521312947406030847e-03 -1.705918561960831359e-02 -6.454152580733427385e-04 9.998542731850206255e-01 5.661165999435375795e-01
9.997864059382979285e-01 -6.210398634558102898e-03 1.971226729554155510e-02 7.581052785301364838e-02 6.234656473505098724e-03 9.999798806011861441e-01 -1.169376114555420454e-03 -1.186215987303951280e-02 -1.970460874645915336e-02 1.292025592148159097e-03 9.998050105109825836e-01 9.348765407811718831e-01
9.998277579329492015e-01 -6.647250014441099739e-03 1.732825914833670614e-02 8.365035545598258071e-02 6.681024128051757383e-03 9.999758919942933755e-01 -1.891913096647602523e-03 -1.276758944956669917e-02 -1.731526568015965412e-02 2.007357786242918839e-03 9.998480644926518446e-01 1.180426493309886471e+00
9.998904990832863104e-01 -1.046615066469092255e-02 1.046181459085646602e-02 8.470607268033333859e-02 1.050205019323998193e-02 9.999391311383514225e-01 -3.382446161816501061e-03 -1.477317315136247866e-02 -1.042577678357965894e-02 3.491946331895160772e-03 9.999395529110551850e-01 1.519792613816294935e+00
9.999374431232773697e-01 -1.108925044191049966e-02 -1.462320807842540068e-03 5.218286792409261576e-02 1.108222502362773629e-02 9.999274125675926550e-01 -4.727987480181270949e-03 -2.537633206123700302e-02 1.514644522051700366e-03 4.711485993482596168e-03 9.999877538015509160e-01 1.843823121117931896e+00
9.997978535055769278e-01 -1.057701024473586306e-02 -1.709909265064553027e-02 1.759088646014585547e-02 1.049028125660992662e-02 9.999316932700070826e-01 -5.153908767261876876e-03 -3.510463233724414600e-02 1.715243790689744210e-02 4.973492668810050241e-03 9.998405164188557404e-01 2.164068936187852898e+00
9.993301638359484151e-01 -6.245194531014190871e-03 -3.605857915885030823e-02 -8.589179888754700648e-04 6.048630940249446163e-03 9.999662621709625165e-01 -5.557748962091468500e-03 -3.649823353542525073e-02 3.609207246472741909e-02 5.335921163383112141e-03 9.993342235321112099e-01 2.514410089745578780e+00
9.984304157977318406e-01 -3.544615499228707944e-03 -5.589401027725218046e-02 -5.191257978767202519e-02 3.191607552094861532e-03 9.999744030026014308e-01 -6.403668943903961450e-03 -5.034434574829707576e-02 5.591527906535039005e-02 6.215226109015681809e-03 9.984161720757513958e-01 2.864157178953924632e+00
9.971473359833229466e-01 -2.838154854130405576e-03 -7.542635493902100086e-02 -1.003316635494521519e-01 2.354078687740888878e-03 9.999760648691382592e-01 -6.505997157428147250e-03 -5.668934480051057712e-02 7.544301592744506735e-02 6.309878149270574735e-03 9.971301504757862366e-01 3.221609421897584369e+00
9.953305686472344593e-01 -3.181853387846895771e-03 -9.647245531815372421e-02 -1.401190326452647072e-01 2.599018896329274939e-03 9.999776093204828520e-01 -6.166518842883483668e-03 -6.125773084197977392e-02 9.648991785872709781e-02 5.886990939668187810e-03 9.953165523507581103e-01 3.595112078776305342e+00
9.932554287528508885e-01 -4.198288303168468301e-03 -1.158707350528822982e-01 -2.088910253656026117e-01 3.594481311461065337e-03 9.999788541336495085e-01 -5.419500341505951828e-03 -7.138839257814245942e-02 1.158910394931197269e-01 4.966452885710367568e-03 9.932495163367864865e-01 3.993699082424988056e+00
9.910822080009394908e-01 -4.148662592961771707e-03 -1.331872557623746400e-01 -2.940774791162963919e-01 3.539113610905740472e-03 9.999821544810703067e-01 -4.813043587456653991e-03 -7.927964848457497160e-02 1.332048489633933797e-01 4.298756956305855616e-03 9.910792043989731237e-01 4.381550332946742898e+00
9.887376906222336004e-01 -3.155895878960307023e-03 -1.496255956526573450e-01 -3.843465734766364772e-01 2.524801462725414104e-03 9.999870991624553174e-01 -4.407593713653900312e-03 -8.626693114117070516e-02 1.496375778515335597e-01 3.980179008404782434e-03 9.887329032976880372e-01 4.807663908187400637e+00
9.866467483670977590e-01 -2.661501499776018891e-03 -1.628530308783357750e-01 -4.610625875646143235e-01 1.965879444869395032e-03 9.999882441794062382e-01 -4.432473139234581472e-03 -9.181757234312257210e-02 1.628629162576387124e-01 4.053135673949539650e-03 9.866403819438327449e-01 5.222257696632103041e+00
9.845161617714620617e-01 -3.258807044994263373e-03 -1.752635347668886345e-01 -5.377551821836453749e-01 2.400184155004702734e-03 9.999840593441539083e-01 -5.110789570442179734e-03 -9.466698303487475208e-02 1.752773990591496855e-01 4.610990056537422020e-03 9.845082899202941551e-01 5.658420977819115905e+00
9.827435818184965255e-01 -6.450123976709219026e-03 -1.848606163019839987e-01 -6.394552128616390885e-01 5.265197681764303972e-03 9.999623329986736531e-01 -6.900019468631962520e-03 -1.091216572194414203e-01 1.848981623345927472e-01 5.807622047460589410e-03 9.827405262507934447e-01 6.106272768666308082e+00
9.812129625427588042e-01 -5.797781739590923342e-03 -1.928406258166727727e-01 -7.366524177820812369e-01 4.218854149326203493e-03 9.999541422246521760e-01 -8.597366506303565428e-03 -1.206991719942515640e-01 1.928816315622204902e-01 7.622280882968679450e-03 9.811924265638299891e-01 6.545493508665375160e+00
9.796098015896702593e-01 -5.577609273796311010e-03 -2.008320839388217371e-01 -8.377574131246136036e-01 3.489274641785289951e-03 9.999361195277067793e-01 -1.075089861991867894e-02 -1.175720964466212964e-01 2.008792224717390607e-01 9.830927276776535439e-03 9.795666857433773522e-01 7.018853790924756808e+00
9.780440339828204710e-01 -6.074701660592802741e-03 -2.083097802872542481e-01 -9.406721043380062985e-01 3.423452725129874988e-03 9.999085193349042111e-01 -1.308560001664647865e-02 -1.299927474394941274e-01 2.083702186832009084e-01 1.208515426722354263e-02 9.779753586079751315e-01 7.494841769374702700e+00
9.762444846927132991e-01 -9.835272152340437946e-03 -2.164485445489113535e-01 -1.049611929631065532e+00 6.730906820846898307e-03 9.998637131746909157e-01 -1.507481206329166178e-02 -1.415280126270547223e-01 2.165673140814566300e-01 1.325980708059014065e-02 9.761776360326435142e-01 8.020419428170249887e+00
9.744481212917777135e-01 -1.526290876298885650e-02 -2.240935103383333848e-01 -1.176516612484631574e+00 1.197137743387782609e-02 9.997996889617163374e-01 -1.603957774217290924e-02 -1.603736535494872939e-01 2.242934364191733199e-01 1.294702832928451910e-02 9.744356469301722612e-01 8.528222803658017881e+00
9.724558166876564602e-01 -1.614333356370843339e-02 -2.325275814697967125e-01 -1.303441170543113037e+00 1.216915771618258535e-02 9.997545107612426651e-01 -1.851566342707540794e-02 -1.767984639321480977e-01 2.327694069992793657e-01 1.517599972554521670e-02 9.724135403448561643e-01 9.016126529697498171e+00
9.703623811655933684e-01 -1.246566365808688889e-02 -2.413326648661310025e-01 -1.446522528174726041e+00 7.285085463905886967e-03 9.997237326969105053e-01 -2.234694160677163505e-02 -1.809242042387415594e-01 2.415445661640461261e-01 1.992650235204718873e-02 9.701851155272456229e-01 9.573886098391751531e+00
9.682326837685530929e-01 -9.084139155187390471e-03 -2.498858681324789832e-01 -1.606342014576247923e+00 2.843412960232824700e-03 9.996752528857618669e-01 -2.532397608321329194e-02 -1.960386257874714988e-01 2.500347692480142658e-01 2.380897260791070211e-02 9.679440833034427261e-01 1.009594141456705430e+01
9.658773109918740163e-01 -1.248407650665139118e-02 -2.586989881224013854e-01 -1.776528767897629146e+00 5.548541244626075189e-03 9.996057955372383841e-01 -2.752212213876718827e-02 -2.218114503894771106e-01 2.589406005658085874e-01 2.514759132253261212e-02 9.655658266167161941e-01 1.067450703477649476e+01
9.635650573276457465e-01 -1.383265399941700259e-02 -2.671161477821145658e-01 -1.920923253044928281e+00 6.287598905572821736e-03 9.995572811572294158e-01 -2.908105521381021408e-02 -2.543270121886442858e-01 2.674001632110545312e-01 2.634196944401636167e-02 9.632254434701568169e-01 1.122007489656410151e+01
9.614257688959186865e-01 -1.389955086561265284e-02 -2.747131080479695009e-01 -2.108338844688493197e+00 5.317005285479488655e-03 9.994749460442327038e-01 -3.196187842043495680e-02 -2.771967958713080771e-01 2.750131293337580440e-01 2.926832251659605352e-02 9.609948728577475396e-01 1.177826394287485812e+01
9.590774419299545883e-01 -1.361067601403464014e-02 -2.828165626966258617e-01 -2.291258937621876157e+00 3.734592134259301713e-03 9.993651722205304511e-01 -3.543028878170464274e-02 -2.972528485531549247e-01 2.831192579395468978e-01 3.292418627561088940e-02 9.585194236409170232e-01 1.239594295573136584e+01
9.568354356081409939e-01 -1.470549519108024263e-02 -2.902579813723604185e-01 -2.474180693815131615e+00 3.018273363185582873e-03 9.991680075751031564e-01 -4.067164432344551328e-02 -3.294180670508896069e-01 2.906145905971642684e-01 3.803999267508152704e-02 9.560837413778459082e-01 1.297845243755003786e+01
9.550374671266516069e-01 -1.630898712600215711e-02 -2.960362333134496926e-01 -2.682020950249518698e+00 2.307274572209523471e-03 9.988645193157551505e-01 -4.758517122979741970e-02 -3.661672966335005608e-01 2.964761609252113961e-01 4.476258468377964511e-02 9.539906702476076417e-01 1.358459258347795995e+01
9.536618582831982716e-01 -1.607115561116511521e-02 -3.004509545217075583e-01 -2.889892643856136978e+00 -6.825429238177945727e-04 9.984543435636897835e-01 -5.557389619747273024e-02 -3.957903601026643292e-01 3.008797024631288952e-01 5.320377601943229035e-02 9.521768558511165548e-01 1.419383349891733381e+01
9.524020375989781240e-01 -1.671439819455515507e-02 -3.043862442441845895e-01 -3.094882426519180996e+00 -3.042508044659840254e-03 9.979248392321709016e-01 -6.431763653694530514e-02 -4.476526647967260519e-01 3.048296296586947007e-01 6.218234599433422605e-02 9.503747969788328698e-01 1.481756185703008555e+01
9.511180047713481134e-01 -1.479082273690369639e-02 -3.084732898100007170e-01 -3.334247135845150645e+00 -8.198950092919939092e-03 9.972910266269195967e-01 -7.309846379745502110e-02 -4.920745359302274302e-01 3.087188355779821869e-01 7.205442253915886330e-02 9.484201826223992438e-01 1.547734728188104292e+01
9.496354972564474695e-01 -1.409850321703068690e-02 -3.130393784583026529e-01 -3.552573088738902207e+00 -1.162519541594943077e-02 9.967145645654094110e-01 -8.015567101794451865e-02 -5.525271739566434137e-01 3.131409881222881886e-01 7.975781491101600895e-02 9.463516337116909538e-01 1.612392873074396960e+01
9.481118360074399787e-01 -1.323021215089586686e-02 -3.176616214775985214e-01 -3.791503804449670945e+00 -1.508931140832995253e-02 9.961354649020411900e-01 -8.652426380180920640e-02 -6.164328551864746153e-01 3.175787467726329805e-01 8.682797426020150144e-02 9.442481901770488628e-01 1.677329660673394685e+01
9.465956438599640865e-01 -1.222745671178083332e-02 -3.221912073930262022e-01 -4.049847810484574318e+00 -1.863714133432777670e-02 9.955347861871128856e-01 -9.253727051585655672e-02 -6.794677107638601443e-01 3.218840557145462578e-01 9.360010081049981168e-02 9.421410075095361103e-01 1.744480159018489829e+01
9.448997120330301369e-01 -9.864650093826192456e-03 -3.272112782380225959e-01 -4.287959948729285209e+00 -2.351052028792275858e-02 9.949198244540095049e-01 -9.788666062150894187e-02 -7.579823733843168432e-01 3.265146107146988941e-01 1.001859854599884275e-01 9.398675330045537235e-01 1.813446037583706172e+01
9.429900146074823297e-01 -7.330545639016330245e-03 -3.327402787541524076e-01 -4.536176244742322616e+00 -2.787551580635748774e-02 9.945050344898919148e-01 -1.009093255446774501e-01 -8.329898498032652920e-01 3.316516084540618858e-01 1.044317939333116174e-01 9.376039747049040862e-01 1.881583670754042004e+01
9.414489549690238102e-01 -6.654525509602056410e-03 -3.370898694348350433e-01 -4.815343875992951439e+00 -2.969544146214138022e-02 9.942830804305266001e-01 -1.025638177760916231e-01 -9.095545870105066211e-01 3.358452730148329679e-01 1.065686322277431958e-01 9.358691583924679813e-01 1.951241005068369461e+01
9.391848290266412436e-01 -5.943555202887263085e-03 -3.433606392601503687e-01 -5.087779239927215258e+00 -3.091772932218512376e-02 9.943263529925897570e-01 -1.017801441990323075e-01 -1.000729017359121453e+00 3.420174739189674185e-01 1.062062993026337832e-01 9.336724650604075748e-01 2.022924038519872525e+01
9.369237959706386842e-01 -5.602748341896926845e-03 -3.494887797760039549e-01 -5.362343355397743316e+00 -3.144494940697522417e-02 9.944661208862567436e-01 -1.002414563201487474e-01 -1.088543793658348635e+00 3.481163846937679884e-01 1.049082634201062292e-01 9.315627952750333840e-01 2.095078314465312630e+01
9.344713933129448202e-01 -6.237502145625955542e-03 -3.559835754573268951e-01 -5.649628223949441974e+00 -3.084894386103434472e-02 9.946678699604299956e-01 -9.840818630280571966e-02 -1.174404110128135503e+00 3.546992520537101679e-01 1.029413529316989123e-01 9.292962504498373244e-01 2.167884956698692633e+01
9.315302436510494166e-01 -5.239251813059160254e-03 -3.636261165636252568e-01 -5.952232148662728761e+00 -3.156128448075631171e-02 9.949587828386702304e-01 -9.518879020761807086e-02 -1.259436022320130633e+00 3.622917225598299429e-01 1.001477448405371645e-01 9.266688403726683898e-01 2.237797254712081596e+01
9.279063723957186038e-01 -2.800519621550884991e-03 -3.728027873682698834e-01 -6.267966426194019114e+00 -3.297473104151774775e-02 9.954361470489571095e-01 -8.955190829814949072e-02 -1.335435372825850564e+00 3.713521684784835686e-01 9.538885855767785527e-02 9.235791982815193535e-01 2.316879284164760477e+01
9.245132830507476474e-01 1.016038500886118991e-04 -3.811498079875568212e-01 -6.589770991847303527e+00 -3.488758194956734227e-02 9.958246157611230220e-01 -8.435752071100544036e-02 -1.418406953318745556e+00 3.795497965187770717e-01 9.128704407943911969e-02 9.206566300883539666e-01 2.390391100281086167e+01
9.210077317293248189e-01 3.978581133454099465e-03 -3.895239733949839578e-01 -6.914127696303633108e+00 -3.823321126297331285e-02 9.960431162363699853e-01 -8.022675488249082776e-02 -1.490012275701725342e+00 3.876634902794789395e-01 8.878221436789195120e-02 9.175155256503868539e-01 2.464713742023552001e+01
9.171419124957589375e-01 4.442763993917030023e-03 -3.985360346580408830e-01 -7.252587502839131339e+00 -3.884087707354764302e-02 9.961746098362960211e-01 -7.827856049952774953e-02 -1.569747992968618222e+00 3.966637124421165117e-01 8.727203825611648536e-02 9.138060482360600423e-01 2.539294577480421822e+01
9.131199055224438199e-01 4.988285526472087568e-03 -4.076605839883625237e-01 -7.605900058775613815e+00 -4.007212136053496521e-02 9.961814249563042400e-01 -7.756799413375949082e-02 -1.646987827167460061e+00 4.057169770913729434e-01 8.716470430177751527e-02 9.098329803760897283e-01 2.616500760551698690e+01
9.092664365308057439e-01 5.098835695458988487e-03 -4.161833078515665973e-01 -7.979369186529339686e+00 -4.068332200736460985e-02 9.962254999231453523e-01 -7.667868457522557246e-02 -1.713088175431428439e+00 4.142214589955913184e-01 8.665307422806077520e-02 9.060418484365808656e-01 2.691666344082998563e+01
9.053999753125665517e-01 5.072766208302438920e-03 -4.245293253456066673e-01 -8.361584359858941440e+00 -4.072763922259808878e-02 9.963548722196996499e-01 -7.495484016628110868e-02 -1.782830277079337389e+00 4.226016405599581360e-01 8.515418803615287802e-02 9.023062790802283128e-01 2.771117059934631044e+01
9.015366542905900449e-01 5.052855169405362327e-03 -4.326732321599733866e-01 -8.757324794725899864e+00 -4.035662713277030078e-02 9.965551775126845202e-01 -7.245081695769355068e-02 -1.857716904810373659e+00 4.308166735718567675e-01 8.277829979020967510e-02 8.986349373327423562e-01 2.848828645940728066e+01
8.976223499455822097e-01 6.601647846372446504e-03 -4.407159302709151016e-01 -9.129321875902471461e+00 -4.082520070634662601e-02 9.968347788746262372e-01 -6.821822833787304086e-02 -1.929279766562914888e+00 4.388706216975446495e-01 7.922652306572419700e-02 8.950506909213330475e-01 2.926143734825700093e+01
8.937006884904974413e-01 7.503141450721242077e-03 -4.486009119477143425e-01 -9.537416722288662996e+00 -3.984653060398715696e-02 9.972364975502535644e-01 -6.270264762743842091e-02 -1.988611519250522042e+00 4.468907430578757389e-01 7.391258959340409052e-02 8.915299192183487875e-01 3.007037248281521968e+01
8.901314000290112549e-01 7.529956429356793150e-03 -4.556417301588278068e-01 -9.982943385487189403e+00 -3.825783324483593428e-02 9.975684617406680443e-01 -5.825377586432313459e-02 -2.062126734976547748e+00 4.540951792584645430e-01 6.928538062174274814e-02 8.882550919167728765e-01 3.087866714223892473e+01
8.864116732551895472e-01 6.574785267188105499e-03 -4.628510704531088593e-01 -1.041125380318529103e+01 -3.679615306103835304e-02 9.977358414404469134e-01 -5.629594913995549649e-02 -2.124117407988933781e+00 4.614329763857686895e-01 6.693252550300092529e-02 8.846466241189535618e-01 3.168148457209092328e+01
8.831941102049942760e-01 6.771912553322001656e-03 -4.689587407216538328e-01 -1.086277494951502831e+01 -3.699864846350776892e-02 9.977856268378919591e-01 -5.527153836671069159e-02 -2.186976521353334313e+00 4.675460050767653031e-01 6.616633692230512731e-02 8.814889411271968900e-01 3.249093389455558167e+01
8.800873898823564634e-01 7.243961772320929582e-03 -4.747564709269146421e-01 -1.129973097682145777e+01 -3.704066624520011702e-02 9.978839058876630697e-01 -5.343874513676544896e-02 -2.242247851835919903e+00 4.733647414585281377e-01 6.461606187672658264e-02 8.784933639618850432e-01 3.332493075471329291e+01
8.773312937249555521e-01 5.105424790140846748e-03 -4.798580322370644691e-01 -1.177933478024699987e+01 -3.438745854341599545e-02 9.980416736527624177e-01 -5.225246796885613804e-02 -2.303590045322452262e+00 4.786515507897124433e-01 6.234382365311254282e-02 8.757887559814724332e-01 3.417937068097374720e+01
8.744192545422680984e-01 4.540749385892933233e-03 -4.851498162449982554e-01 -1.224568879807154431e+01 -3.388656005119169978e-02 9.980857871068805620e-01 -5.173454052931826530e-02 -2.366549424204892116e+00 4.839862309469895596e-01 6.167773687478840527e-02 8.728993009765165789e-01 3.500002367837328876e+01
8.725535542787575816e-01 4.617428684023864270e-03 -4.884966422917323969e-01 -1.271985574978322298e+01 -3.445321379772593035e-02 9.980470360191616708e-01 -5.210652563891378375e-02 -2.422708063740481865e+00 4.873020361537098166e-01 6.229601353549965581e-02 8.710085745466619178e-01 3.582479147352649562e+01
8.709061165495820545e-01 4.533734228010582838e-03 -4.914285061134173183e-01 -1.322523434869025216e+01 -3.481102827139005013e-02 9.980148117913636430e-01 -5.248454837514140991e-02 -2.482915780547143569e+00 4.902149854694267672e-01 6.281624595805175570e-02 8.693350286236906088e-01 3.670412656034768162e+01
8.702889989325098830e-01 4.547720065358576078e-03 -4.925204277693654986e-01 -1.371323483363176265e+01 -3.449864162076077267e-02 9.980643388998680088e-01 -5.174378421455518712e-02 -2.542536549306184224e+00 4.913317673358595372e-01 6.202333201943672353e-02 8.687613052149684156e-01 3.757525118143462350e+01
8.700993079420685783e-01 4.122489557495814284e-03 -4.928592036109835650e-01 -1.423061796791913380e+01 -3.324308949868394480e-02 9.981788064228718227e-01 -5.033852867147803334e-02 -2.603479002042567547e+00 4.917540999906316879e-01 6.018368168464125617e-02 8.686517336400122469e-01 3.848036461198145020e+01
8.700012141061538307e-01 2.820565226004260583e-03 -4.930415064169180184e-01 -1.474540047532015485e+01 -3.150550188751651687e-02 9.982580495985332592e-01 -4.988256026535557025e-02 -2.665269004898709770e+00 4.920419640128280703e-01 5.893140820265609786e-02 8.685745791452410547e-01 3.936216672242808556e+01
8.694824079146049600e-01 1.625517019380494539e-03 -4.939612284289560118e-01 -1.526417119814140122e+01 -3.038863439598740029e-02 9.982764742453344997e-01 -5.020569610126216636e-02 -2.730078325275071993e+00 4.930282717947185867e-01 5.866377680923155064e-02 8.680332305152985706e-01 4.025790870392763310e+01
8.683458951506157764e-01 -4.566872477304057421e-04 -4.959588621536077935e-01 -1.579354582108436666e+01 -2.841520193987098417e-02 9.983111474083142811e-01 -5.066980666169419029e-02 -2.787487603706308548e+00 4.951444095140424273e-01 5.809168993465033820e-02 8.668664107591994572e-01 4.117365703031795476e+01
8.667468388297948634e-01 -1.208905316500324132e-03 -4.987468807062140352e-01 -1.633365872962758658e+01 -2.683745081237369837e-02 9.984352325014829166e-01 -4.905953300913601378e-02 -2.855652150468329431e+00 4.980257746953242748e-01 5.590729009679963613e-02 8.653581382988194681e-01 4.207892532701826127e+01
8.648153798758988486e-01 -7.178582877602372259e-04 -5.020894725404080328e-01 -1.687290586516289181e+01 -2.558582467256427517e-02 9.986367352133688202e-01 -4.549765601631294842e-02 -2.917060597462520111e+00 5.014376611427255881e-01 5.219344591602675942e-02 8.636180412196310385e-01 4.302377127166526805e+01
8.618408103726914460e-01 -1.033255064520166838e-03 -5.071778237402680967e-01 -1.742740797090850435e+01 -2.294565225980695761e-02 9.988945602997266748e-01 -4.102626582025885316e-02 -2.973507961170704927e+00 5.066595685619286193e-01 4.699563613691928182e-02 8.608643893167845507e-01 4.393043868973997235e+01
8.579612843453076065e-01 -2.128824173774911642e-03 -5.137099351647765877e-01 -1.797384850201456885e+01 -2.077042088618043236e-02 9.990299686807687651e-01 -3.882925870080707054e-02 -3.039291239213207430e+00 5.132942899473874609e-01 4.398397217766068096e-02 8.570848191671169847e-01 4.481701787231812517e+01
8.525973313330262870e-01 -4.654604861258384609e-03 -5.225477202231928464e-01 -1.853497712041319190e+01 -1.938843343894717380e-02 9.989900720279657476e-01 -4.053300718874965763e-02 -3.106796886865852869e+00 5.222086587940593105e-01 4.468971539858634934e-02 8.516460246672993284e-01 4.574368633561017106e+01
8.470235097469391850e-01 -8.057357584841806294e-03 -5.314943531332265714e-01 -1.910240432410128264e+01 -1.804091980762512898e-02 9.988732904606101304e-01 -4.389390442316407070e-02 -3.168198589808039589e+00 5.312491914117433156e-01 4.676781594413593340e-02 8.459237988730329283e-01 4.661904120768667070e+01
8.409012704630987045e-01 -7.952697392318023445e-03 -5.411301158127307387e-01 -1.969770801340089506e+01 -1.867510308106981945e-02 9.988701172985474663e-01 -4.370044991792797207e-02 -3.226749620408849051e+00 5.408662480287089735e-01 4.685342450137628539e-02 8.398026339705911836e-01 4.752249877870850980e+01
8.351100019870416613e-01 -4.988430110340714291e-03 -5.500603551149448878e-01 -2.029206039574492593e+01 -1.955718121942774668e-02 9.990574422247316955e-01 -3.875233970742619077e-02 -3.267160839972006237e+00 5.497352142646487749e-01 4.312009644519184531e-02 8.342253036933993116e-01 4.837037700320041012e+01
8.298307090667486063e-01 -1.072236348532025138e-03 -5.580141920764375429e-01 -2.089199838482856109e+01 -2.141657659605679387e-02 9.992001768212153134e-01 -3.376887514143895458e-02 -3.340801691672731000e+00 5.576040972220455139e-01 3.997320315941051139e-02 8.291440283748506834e-01 4.926697720037154227e+01
8.256639460478427672e-01 -7.158460281203849439e-04 -5.641617938119154463e-01 -2.150178650081731035e+01 -2.298082398219293207e-02 9.991265289332840194e-01 -3.490073000489585242e-02 -3.388592316046541431e+00 5.636940080757455451e-01 4.178117721814222918e-02 8.249263025324207188e-01 5.016812547432989078e+01
8.222289653573705559e-01 -2.658267802192010483e-03 -5.691506442737958027e-01 -2.212895504823331549e+01 -2.406719258344383258e-02 9.989322751516738208e-01 -3.943450197448353928e-02 -3.436865709460552143e+00 5.686477852555770207e-01 4.612204784090975784e-02 8.212870748068106241e-01 5.102906397958258822e+01
8.193589529333773491e-01 -4.794633727522666644e-03 -5.732607708469809049e-01 -2.274252864546305375e+01 -2.642735884014146830e-02 9.985860645585821205e-01 -4.612446661476322235e-02 -3.514227280075201243e+00 5.726713769122883102e-01 5.294226274931224108e-02 8.180737235587464129e-01 5.188447159632089978e+01
8.161437464000689257e-01 -5.800441238583610264e-03 -5.778198107178468268e-01 -2.335917105734725041e+01 -2.683660087367826727e-02 9.984901739602506376e-01 -4.792879515046886973e-02 -3.568331484252763364e+00 5.772254214215181145e-01 5.462350606304786083e-02 8.147558479933851849e-01 5.276308854593782627e+01
8.130376392151936749e-01 -4.766077256317076578e-03 -5.821916138178405697e-01 -2.398692069056851750e+01 -2.570595318434247892e-02 9.986974750413003532e-01 -4.407445249677158922e-02 -3.628651574765142662e+00 5.816433669762942626e-01 5.079997912853111836e-02 8.118561216461303021e-01 5.359097935869916540e+01
8.097295216350542946e-01 -2.667352290596690378e-03 -5.867972225553964583e-01 -2.464314379644147124e+01 -2.461760704996373769e-02 9.989548907470220396e-01 -3.851103376909812553e-02 -3.692587914273938399e+00 5.862866879486736682e-01 4.562906429319016355e-02 8.088176028038542853e-01 5.448732936517511405e+01
8.066474375759319360e-01 -1.093328664542453582e-03 -5.910319021577221665e-01 -2.529609293858725039e+01 -2.476169200561022590e-02 9.990577674497426175e-01 -3.564317543612555844e-02 -3.751925524509682308e+00 5.905139925480655805e-01 4.338642593282164561e-02 8.058603162573172440e-01 5.535971013116095918e+01
8.038109797917402100e-01 -4.026371847579555854e-04 -5.948846441546921104e-01 -2.592102729465699440e+01 -2.609260705302085537e-02 9.990135247948566111e-01 -3.593262006734185277e-02 -3.804391808908463180e+00 5.943122832583680459e-01 4.440512568375982322e-02 8.030075351632445235e-01 5.618792296016194143e+01
8.001069329802520391e-01 -1.878151698495005755e-03 -5.998544502138124512e-01 -2.659572419167905366e+01 -2.563156083204954500e-02 9.989747411499028118e-01 -3.731607807509036007e-02 -3.854832508955181591e+00 5.993095397172134575e-01 4.523205849408901136e-02 7.992384771399816401e-01 5.704906873175839621e+01
7.961648603654728484e-01 -3.978356186951724667e-03 -6.050666746656284678e-01 -2.722994134819682088e+01 -2.530668090886595278e-02 9.988844739398663464e-01 -3.986702485039831517e-02 -3.919235919482110031e+00 6.045503226677331199e-01 4.705295343488070936e-02 7.951760395651906732e-01 5.790387045091888041e+01
7.921699820805030434e-01 -4.870349344773978843e-03 -6.102810762807898692e-01 -2.789525271293839026e+01 -2.493695288459405260e-02 9.988747545199826439e-01 -4.034071404371031982e-02 -3.969367106331569861e+00 6.097908441398669499e-01 4.717525306134234819e-02 7.911571455640804551e-01 5.873981516543494052e+01
7.873509701465407629e-01 -4.945321104141323088e-03 -6.164851874559614808e-01 -2.858896483097805330e+01 -2.460858483309791636e-02 9.989187784650777058e-01 -3.944225688412333897e-02 -4.035896202938256572e+00 6.160136956408682751e-01 4.622572713706578351e-02 7.863779728245391398e-01 5.962097238918372000e+01
7.826958372948147336e-01 -5.320100388922307903e-03 -6.223816477281710613e-01 -2.926270942614593196e+01 -2.406315926369400476e-02 9.989572010892734388e-01 -3.880044848905539467e-02 -4.087998344716694987e+00 6.219390618286310124e-01 4.534541809754359665e-02 7.817516253701378703e-01 6.042705214645757650e+01
7.771383260633630830e-01 -6.132473085301253304e-03 -6.292999343724706707e-01 -2.996901287479229836e+01 -2.403405200141374085e-02 9.989338514598110619e-01 -3.941477890992749200e-02 -4.150643509360602224e+00 6.288707280802194877e-01 4.575536251782786473e-02 7.761623938689352631e-01 6.128319672567740639e+01
7.717174486167335257e-01 -7.249532213605645696e-03 -6.359242219799565721e-01 -3.066404577525828401e+01 -2.387789168843683363e-02 9.988996854985774387e-01 -4.036415046784561783e-02 -4.201308666626168531e+00 6.355171375036205994e-01 4.633424877606052289e-02 7.706952140556474484e-01 6.211084620621290497e+01
7.665252260526708161e-01 -8.447265526867997823e-03 -6.421586359373627761e-01 -3.135049159829258869e+01 -2.342306869931285243e-02 9.988804827440008749e-01 -4.109916164640886604e-02 -4.268682457214803883e+00 6.417869148609141039e-01 4.654486988147212706e-02 7.654692278464854116e-01 6.291848699552764401e+01
7.608306014157022457e-01 -9.597550474736411472e-03 -6.488795535398895753e-01 -3.207396789740593590e+01 -2.340556583628937773e-02 9.988342542173487271e-01 -4.221743871372787837e-02 -4.322665549700499099e+00 6.485283201180679358e-01 4.730771226364298421e-02 7.597190311528373430e-01 6.377181802426692769e+01
7.545264348312603619e-01 -1.146815355742907688e-02 -6.561694388325550742e-01 -3.278971053943240577e+01 -2.222554835819104749e-02 9.988272230211086011e-01 -4.301399296263268973e-02 -4.393743063089311285e+00 6.558932008069262576e-01 4.703892021123340372e-02 7.533866585088406786e-01 6.457409784453307111e+01
7.483190291793779814e-01 -1.241394591240860094e-02 -6.632228254636248765e-01 -3.354103953222069379e+01 -2.163627034551576789e-02 9.988361009272922475e-01 -4.310818167105606724e-02 -4.452245737378875745e+00 6.629860551010610115e-01 4.660834085896011642e-02 7.471794707871640684e-01 6.541054089362046398e+01
7.422260826337373496e-01 -1.294839990692535185e-02 -6.700244568230504516e-01 -3.430543478024809900e+01 -2.025382564299467794e-02 9.989231632301378561e-01 -4.174082586435023945e-02 -4.513530862800807952e+00 6.698434383111563362e-01 4.455168801813974566e-02 7.411645725940402274e-01 6.623288092690549433e+01
7.359563221488817364e-01 -1.348137387610743275e-02 -6.768947745620718104e-01 -3.501952669273408958e+01 -1.922042360173636250e-02 9.989827066976803005e-01 -4.079371358996507907e-02 -4.577045594319763211e+00 6.767561410216634821e-01 4.303259552793725629e-02 7.349485219365690103e-01 6.702821267782964298e+01
7.292800572854190033e-01 -1.449604725738465848e-02 -6.840617325012018357e-01 -3.582623128276923552e+01 -1.889414936497521916e-02 9.989676169127716943e-01 -4.131236511401481515e-02 -4.637281418797361887e+00 6.839543965350214361e-01 4.305304834721632862e-02 7.282532713580129879e-01 6.784305654389427787e+01
7.228812998190393690e-01 -1.625559403498013852e-02 -6.907809877871582405e-01 -3.660063818261680524e+01 -1.836057802942999903e-02 9.989183377942060238e-01 -4.272052929062480908e-02 -4.706217815592644627e+00 6.907282555981965055e-01 4.356500977195409963e-02 7.218009252959991517e-01 6.863377705515641480e+01
7.170261629717238350e-01 -1.554493038072790080e-02 -6.968728920395199644e-01 -3.738492281371073034e+01 -1.999635281480202295e-02 9.988811125952798964e-01 -4.285637418240884067e-02 -4.764506901256712723e+00 6.967593811110792679e-01 4.466405756170117869e-02 7.159130504860707900e-01 6.943228212567173330e+01
7.116194497728107748e-01 -1.548606782395906857e-02 -7.023944270708459836e-01 -3.818766137845400266e+01 -1.978118205359285023e-02 9.989190492463067006e-01 -4.206468736255243590e-02 -4.826032574656291096e+00 7.022866020036468981e-01 4.382824150536857727e-02 7.105438924425704350e-01 7.024079614770694491e+01
7.069636390920610580e-01 -1.558808369084403560e-02 -7.070780828917887506e-01 -3.901453906594767318e+01 -2.025274697533153631e-02 9.989008898765187050e-01 -4.227101226946909651e-02 -4.879929911748461357e+00 7.069598624868942416e-01 4.420434196067934279e-02 7.058709076683441497e-01 7.103397706318536109e+01
7.018328898973856811e-01 -1.555460667004556971e-02 -7.121717766113037085e-01 -3.982923809792777803e+01 -2.096554837452805145e-02 9.988774130699857867e-01 -4.247775271701103444e-02 -4.954847244424102293e+00 7.120330389030985474e-01 4.474335557396078716e-02 7.007189116003685880e-01 7.183566090187336783e+01
6.964569809397286315e-01 -1.786231106354219111e-02 -7.173761927671947758e-01 -4.065697444160935703e+01 -2.068602290812625311e-02 9.987749615422827354e-01 -4.495180403884319054e-02 -5.022766550446764455e+00 7.173003348232741549e-01 4.614665789094064829e-02 6.952342951758475609e-01 7.263070408523694255e+01
6.914956440515399594e-01 -2.011840914976005534e-02 -7.221004183357915274e-01 -4.150207601995930418e+01 -2.055170282731065556e-02 9.986595874631883918e-01 -4.750427255286214512e-02 -5.088943803181639858e+00 7.220882287294642099e-01 4.768939057003745291e-02 6.901552880589145733e-01 7.341285905835070480e+01
6.866256737122008458e-01 -2.070403097642604592e-02 -7.267162565095426352e-01 -4.234112528074495430e+01 -2.140074429105709442e-02 9.985856349557280520e-01 -4.866968088080929344e-02 -5.150064824982592881e+00 7.266960855539257302e-01 4.897012102707178766e-02 6.852114536983169302e-01 7.418818789681685644e+01
6.817957377737967617e-01 -2.033358921815218295e-02 -7.312599450011085800e-01 -4.320706326916731399e+01 -2.074300077644197424e-02 9.986743435610246911e-01 -4.710927153384143751e-02 -5.228288085305585753e+00 7.312484587368260902e-01 4.728742595412462751e-02 6.804701322239741224e-01 7.497246108103391293e+01
6.768648995189341377e-01 -2.043710829021505235e-02 -7.358234994539551987e-01 -4.406879998050682445e+01 -2.011791945689539451e-02 9.987275214000925772e-01 -4.624507916083363257e-02 -5.300135371210255464e+00 7.358323081834942103e-01 4.610490854721469023e-02 6.755924523443547214e-01 7.575826340845944173e+01
6.715652371866226433e-01 -2.116384909879257328e-02 -7.406431080598451233e-01 -4.493092680504741310e+01 -1.963431478795278629e-02 9.987326615830739440e-01 -4.634182129237465059e-02 -5.372489174221275476e+00 7.406852466882593022e-01 4.566357592083621075e-02 6.702986001171628017e-01 7.652298000391658661e+01
6.668311274826272950e-01 -2.192928312714047256e-02 -7.448861279931928703e-01 -4.581052385483386047e+01 -1.917277556221959681e-02 9.987311952906495760e-01 -4.656612781928586020e-02 -5.435008013736045029e+00 7.449621876212532134e-01 4.533327784548910055e-02 6.655646048205211551e-01 7.730238339487692656e+01
6.623124867674239358e-01 -2.255193700952762281e-02 -7.488882223814933292e-01 -4.671389915141975280e+01 -1.844242477884187187e-02 9.987532973848868290e-01 -4.638672179745645385e-02 -5.503484981696820100e+00 7.490007048291423830e-01 4.453381954335178250e-02 6.610708686984045901e-01 7.809658306027617414e+01
6.584251965745747670e-01 -2.354266024904124940e-02 -7.522778696666035936e-01 -4.760033329663617252e+01 -1.690983706907557907e-02 9.987956487883185019e-01 -4.605767467722497038e-02 -5.572630662608751173e+00 7.524561960758054946e-01 4.304642946174808832e-02 6.572341198894632308e-01 7.886982233593413127e+01
6.542870669022509134e-01 -2.601528750014591926e-02 -7.557986691820349767e-01 -4.850088462840893300e+01 -1.420910606682160640e-02 9.988088021560639351e-01 -4.668059617194379729e-02 -5.650547018755849749e+00 7.561127856184761686e-01 4.128173354062100037e-02 6.531380286317217676e-01 7.964941145998848526e+01
6.504215839098822505e-01 -3.018212268376011323e-02 -7.589735120616789565e-01 -4.942711003242166612e+01 -1.169025742673595117e-02 9.986941126577506544e-01 -4.973336139147244150e-02 -5.734824701976720895e+00 7.594834496843448912e-01 4.122024715958248070e-02 6.492193708690793263e-01 8.043125887282265296e+01
6.454974647166006330e-01 -3.456876922109274747e-02 -7.629796933691801453e-01 -5.031933233807583150e+01 -7.610049513764844710e-03 9.986344939833051715e-01 -5.168398760256433244e-02 -5.796788441334485675e+00 7.637245050331062934e-01 3.916819592334151723e-02 6.443529650617770832e-01 8.118942085136154674e+01
6.393127401129288234e-01 -3.847825977379744355e-02 -7.679834848351623222e-01 -5.125626247532842683e+01 -2.177091381494990468e-03 9.986526250184811770e-01 -5.184780426616721755e-02 -5.871097736685984003e+00 7.689437496638149572e-01 3.481893171368749540e-02 6.383675765038351324e-01 8.194786050745420880e+01
6.307343835362690943e-01 -4.215489279233025632e-02 -7.748529482324650886e-01 -5.218467691128378760e+01 2.702541385019585369e-03 9.986366670410598001e-01 -5.212967956962437366e-02 -5.954774979846680694e+00 7.759941001309098585e-01 3.078590878073956746e-02 6.299884089854072000e-01 8.270641209764237090e+01
6.215996588843099024e-01 -4.309543231251030532e-02 -7.821487304476308910e-01 -5.310788417001382555e+01 5.201918419231475743e-03 9.986905902482400288e-01 -5.089248443048353249e-02 -6.041322049840519348e+00 7.833178244283525160e-01 2.756607667286348207e-02 6.210099102433388474e-01 8.345507905704694451e+01
6.128762393337855441e-01 -4.240761018440075691e-02 -7.890401120512707811e-01 -5.407692276298323719e+01 7.112893210249617536e-03 9.988144397139993025e-01 -4.815726055933483574e-02 -6.107610337365350972e+00 7.901469054233692946e-01 2.390208225162945496e-02 6.124512795079800620e-01 8.418465777602325772e+01
6.040970397362331878e-01 -4.206703117597368480e-02 -7.957996731935619295e-01 -5.507671451990272971e+01 6.441284580201934486e-03 9.988308918477639686e-01 -4.790990837529428281e-02 -6.188901206984434467e+00 7.968847386936716015e-01 2.381626121237369678e-02 6.036617517923354992e-01 8.492600369940541327e+01
5.945624133910724085e-01 -4.295409908891774375e-02 -8.029012829399485573e-01 -5.605000801210102424e+01 4.712055895877083171e-03 9.987410094439389541e-01 -4.994189186294248350e-02 -6.254469078018997763e+00 8.040356606769925030e-01 2.591025559821553276e-02 5.940162681638122555e-01 8.562985938087955162e+01
5.842570755495388735e-01 -4.550893051605926776e-02 -8.102916727357420967e-01 -5.706452133352140521e+01 6.095051424061638870e-03 9.986444388231825453e-01 -5.169269900642251697e-02 -6.343161567099052434e+00 8.115457662783028825e-01 2.526305529186241919e-02 5.837424597430626028e-01 8.634987734167715701e+01
5.745927351820828699e-01 -4.640179965827782166e-02 -8.171230320263800362e-01 -5.806192277295004800e+01 5.097647953379174507e-03 9.985750574018816828e-01 -5.312126406449971250e-02 -6.412612504914467770e+00 8.184236150095307583e-01 2.635768642554339736e-02 5.740105146962443117e-01 8.705529400194043887e+01
5.644767401209369595e-01 -4.763856379839552513e-02 -8.240731549522756216e-01 -5.907640895717889862e+01 8.621890252412132971e-03 9.986190676794829413e-01 -5.182297411077931709e-02 -6.497830802723740362e+00 8.254039520284834897e-01 2.214779470649242202e-02 5.641079715655675786e-01 8.774056550418029587e+01
5.540170750910241582e-01 -4.730874552946443684e-02 -8.311600029583992022e-01 -6.010635738357478175e+01 9.270768961173183123e-03 9.986727312604316564e-01 -5.066387914145541183e-02 -6.579742303734402498e+00 8.324536892305205438e-01 2.036316127448667759e-02 5.537203351563424469e-01 8.844434781680408264e+01
5.437304642694227308e-01 -4.788302335641816954e-02 -8.378928246051243756e-01 -6.114951299123382711e+01 1.010607650180969479e-02 9.986722714257886269e-01 -5.051298319834723882e-02 -6.663252913650975273e+00 8.391990592280350603e-01 1.899763829994990591e-02 5.434924484627710051e-01 8.910968014887598088e+01
5.334812636691874665e-01 -4.865550407405069139e-02 -8.444112566035109069e-01 -6.220043900660463265e+01 8.779394879662413484e-03 9.986088143820724961e-01 -5.199382688185189005e-02 -6.742113502678575010e+00 8.457663242896508171e-01 2.032431209276794326e-02 5.331662592702152148e-01 8.976388360913340136e+01
5.230371701156362185e-01 -4.970694672903491762e-02 -8.508591687131075165e-01 -6.328320908171358639e+01 8.593716274393339155e-03 9.985547414771372976e-01 -5.305258036592171156e-02 -6.816908166931411550e+00 8.522665537725411244e-01 2.043642870078129017e-02 5.227084147729195163e-01 9.042128372214027365e+01
5.134808992318061760e-01 -4.974156402763191959e-02 -8.566581171190082999e-01 -6.434936447684079042e+01 6.198796936825118689e-03 9.985074674373881631e-01 -5.426243968930413719e-02 -6.907848049411321689e+00 8.580786404393037081e-01 2.255247611322454271e-02 5.130228513200648655e-01 9.105294299558555338e+01
