1.000000000000000000e+00 4.398956837314658088e-19 2.733407509747682871e-20 -8.673617379884035472e-19 -5.583667658079949532e-19 1.000000000000000000e+00 -6.100159232558060012e-19 0.000000000000000000e+00 4.145284534913582806e-20 -2.210423569125054137e-19 1.000000000000000222e+00 0.000000000000000000e+00
9.998934242844463860e-01 4.105545683206253556e-04 1.459354424778420457e-02 -7.755044296701016360e-02 -4.086948567018889276e-04 9.999999079804434698e-01 -1.304162709860131491e-04 -1.049906263798965067e-02 -1.459359670073349588e-02 1.244380796726259086e-04 9.998935000457168654e-01 8.312072408888149244e-03
9.992623612468692906e-01 4.561466091468005177e-03 3.813038738486333040e-02 7.727683589982248247e-02 -4.534513253059798375e-03 9.999894043692506562e-01 -7.933142589541539516e-04 1.428300871866345495e-02 -3.813360270677382258e-02 6.198263705242537192e-04 9.992724574066156329e-01 3.004935996207696025e-01
9.979348912304045749e-01 5.461380366766519119e-03 6.400098591283925886e-02 3.658315192146757711e-02 -5.512220935541280696e-03 9.999846167451920120e-01 6.178216877980119643e-04 7.931149296457815079e-03 -6.399662831789780515e-02 -9.693333465739585077e-04 9.979496439891795134e-01 4.144461942655719433e-01
9.952623568816804100e-01 5.032997003322937403e-03 9.709536486556358259e-02 9.454106612441537383e-02 -5.344943954548051282e-03 9.999813556445699136e-01 2.952955599044126099e-03 5.178359246166594487e-03 -9.707869404665561697e-02 -3.457934777722887574e-03 9.952707018077947554e-01 5.757827169178646454e-01
9.908267487018002084e-01 1.908434911275547945e-03 1.351248008379372645e-01 1.953158126155761787e-01 -2.600637436209679750e-03 9.999843849806046014e-01 4.946360628883820360e-03 1.075136430858147918e-02 -1.351132533891388487e-01 -5.252396959080069157e-03 9.908162398815030247e-01 8.099264153906402530e-01
9.846558120160774363e-01 -1.485261394223866098e-03 1.745013626833102627e-01 2.447452616050119489e-01 4.902556002128732058e-04 9.999833773919533098e-01 5.744961863687851958e-03 -4.953449964160097641e-03 -1.745069978020002133e-01 -5.571259705677172359e-03 9.846401723823056118e-01 9.694460961532117560e-01
9.759610865235244237e-01 -1.706487683257838133e-03 2.179381677701954512e-01 3.447387034377176196e-01 2.699248954628685141e-04 9.999780431281781734e-01 6.621208333653043517e-03 -8.586853194019888891e-04 -2.179446853080051760e-01 -6.403214595730382513e-03 9.759401177898708868e-01 1.192219484337846858e+00
9.641698997505840918e-01 -1.573026701543806059e-03 2.652808495641643671e-01 4.232320906377015635e-01 -1.075495374345454037e-03 9.999510244807826576e-01 9.838289920404516553e-03 1.051002075208896935e-02 -2.652833377740254073e-01 -9.771091172361589389e-03 9.641209868757182333e-01 1.388841232635412481e+00
9.497504294866825347e-01 -5.501093461197747829e-03 3.129598351097015452e-01 5.711744349632068563e-01 3.816749568809544961e-04 9.998651594326050107e-01 1.641698116011317682e-02 2.585603923534798843e-02 -3.130079521811136023e-01 -1.547258581957065837e-02 9.496244637933307642e-01 1.659187857620680440e+00
9.329013714505876020e-01 -1.535418977982965817e-02 3.598045000515736058e-01 6.978025714526047141e-01 6.945062883541786719e-03 9.996719554084376735e-01 2.465253837696281675e-02 6.046461999771171603e-03 -3.600649940990423570e-01 -2.049952182040058399e-02 9.327019735140659185e-01 1.835279458766013727e+00
9.116223432849315245e-01 -2.096669636396078507e-02 4.104937252976441631e-01 8.502101575847467174e-01 9.609029703425515587e-03 9.995123074112959305e-01 2.971218353674769802e-02 -7.526140013915522120e-04 -4.109165039733634894e-01 -2.314184378892802235e-02 9.113792208613693546e-01 2.093340886344098983e+00
8.866497263405250795e-01 -2.285412229897819045e-02 4.618765514626076985e-01 1.049681022238827310e+00 8.247547812156919012e-03 9.994006972072627670e-01 3.361880939228845122e-02 2.849268611324867750e-03 -4.623680839179943880e-01 -2.599875898926658907e-02 8.863068445070327872e-01 2.316765732567700908e+00
8.582254985062075514e-01 -2.491911584330729068e-02 5.126675603971836415e-01 1.206124171617206642e+00 6.365378793979314248e-03 9.992606961280774414e-01 3.791494552485253494e-02 2.947980393943221145e-02 -5.132333590636667386e-01 -2.927624956841104464e-02 8.577496279704700521e-01 2.546741849473871611e+00
8.260515228172073954e-01 -3.014736276583760560e-02 5.627877160889337427e-01 1.458547446814570492e+00 7.485841241138297721e-03 9.990671313618817440e-01 4.253033240817995914e-02 2.773033980626681688e-02 -5.635448961670550538e-01 -3.091930607992443222e-02 8.255066028464832506e-01 2.781567479981226665e+00
7.903752311954467258e-01 -3.593664714909374641e-02 6.115681037741113046e-01 1.667061870785820688e+00 9.718446590425819723e-03 9.988878804717560289e-01 4.613625468852628614e-02 3.018159664137305687e-02 -6.125459598258645721e-01 -3.052146067953706229e-02 7.898454870007097783e-01 2.966229305703686592e+00
7.526339587674952814e-01 -4.034462756736365702e-02 6.572019692613618735e-01 1.947624891205885111e+00 1.081953316899610627e-02 9.987440605559551043e-01 4.892074361279698247e-02 4.060365504216303240e-02 -6.583502639378473464e-01 -2.970879403563659801e-02 7.521252052124702825e-01 3.188547412981667772e+00
7.123824451290761139e-01 -4.370666673731921081e-02 7.004291337524176653e-01 2.249670876719726653e+00 1.191625383130459105e-02 9.986682388724497095e-01 5.019712649438420188e-02 5.296287938951837332e-02 -7.016902906617321634e-01 -2.741305990375037666e-02 7.119545406393389397e-01 3.429654174367347874e+00
6.711302605668574284e-01 -4.544667475837003978e-02 7.399451090241341289e-01 2.535366105240921097e+00 1.102792308007665908e-02 9.986207571104908087e-01 5.133194256026513136e-02 5.875407135403474396e-02 -7.412574239017573063e-01 -2.629036172945462685e-02 6.707057903286627321e-01 3.606531697151315274e+00
6.281596985507252873e-01 -4.590297590997525351e-02 7.767292322308652075e-01 2.875855481946415271e+00 6.765999072486312063e-03 9.985427917177487345e-01 5.353983858641460369e-02 8.900402531750234436e-02 -7.780550273268603823e-01 -2.837621907169952593e-02 6.275549174447848655e-01 3.840713565079678204e+00
5.864682145001387514e-01 -4.673333077267522589e-02 8.086229149369175140e-01 3.217742536621626570e+00 3.951949423224026745e-03 9.984873297167000672e-01 5.484008064305593427e-02 1.044156831649225986e-01 -8.099626087090970872e-01 -2.896632675606333057e-02 5.857657680918905152e-01 4.051658168254463455e+00
5.463893823428219720e-01 -4.774148610009044946e-02 8.361694696301061880e-01 3.589445886869729208e+00 1.742247094349408864e-03 9.984366576650327563e-01 5.586774706625460135e-02 1.216982052576097151e-01 -8.375294742442451756e-01 -2.906872939465524053e-02 5.456183649892218934e-01 4.253990309100833755e+00
5.079613991909529558e-01 -5.035195858209561004e-02 8.599069048709964136e-01 4.034387895815955360e+00 9.520829994358363194e-04 9.983222541791246796e-01 5.789447559165050022e-02 1.373628161067060871e-01 -8.613793147808497253e-01 -2.858945546048308195e-02 5.071571071205530634e-01 4.477719731326857300e+00
4.704204648816953105e-01 -5.022426058948386424e-02 8.810119732692320849e-01 4.438051291321821523e+00 -1.916102821536653632e-03 9.983185345591953919e-01 5.793472245513190538e-02 1.610141842850437710e-01 -8.824403259344338890e-01 -2.894178795655421785e-02 4.695332330508634744e-01 4.652902082289988250e+00
4.345621658733189729e-01 -4.962600698426306717e-02 8.992735790614073688e-01 4.899046027666986269e+00 -2.913758738431726589e-03 9.983981104879893209e-01 5.650418522581947267e-02 1.884469896200455796e-01 -9.006371348075435934e-01 -2.717484668406858900e-02 4.337214458309896492e-01 4.837876909200345743e+00
4.008714780861830640e-01 -4.830489549583760062e-02 9.148599243475926679e-01 5.393275869477373696e+00 -1.930996202110292406e-03 9.985622015401425244e-01 5.357052244278098785e-02 2.020601557328030040e-01 -9.161322744875555202e-01 -2.324148482195962859e-02 4.002018278451015543e-01 5.029169637193242615e+00
3.705477049689800961e-01 -4.665251190638496775e-02 9.276410550861644566e-01 5.875531109282687403e+00 -1.431011738291920049e-04 9.987348941710800787e-01 5.028509375135500892e-02 2.227570726241691057e-01 -9.288134329804872413e-01 -1.876577182178832889e-02 3.700722455820776857e-01 5.184934781777241319e+00
3.450950061592696350e-01 -4.466995136427338170e-02 9.375041426181449644e-01 6.441547374537080373e+00 9.523263706087820284e-04 9.988829266872620849e-01 4.724396061974511091e-02 2.471950188142864047e-01 -9.385672834200765591e-01 -1.541084413654137016e-02 3.447520487995036631e-01 5.377094127780934762e+00
3.248188690431929593e-01 -4.410441542502124834e-02 9.447473142854385664e-01 7.022411413344681996e+00 2.031536872518990670e-03 9.989423203300611398e-01 4.593597151349816665e-02 2.697430763728894121e-01 -9.457740697924025275e-01 -1.300158045373905544e-02 3.245649131539488086e-01 5.552425463397850258e+00
3.094292653402031523e-01 -4.454243958007179233e-02 9.498786689022972185e-01 7.612213165223410627e+00 2.995713266662808263e-03 9.989430482407328782e-01 4.586733084983234121e-02 2.992089008139222073e-01 -9.509177522395676485e-01 -1.134712947845223710e-02 3.092356485823952172e-01 5.742090572723681063e+00
2.979061775520618904e-01 -4.625535459986614140e-02 9.534738256618480179e-01 8.234162169093501404e+00 4.237278706786338361e-03 9.988795790449417344e-01 4.713419139466988594e-02 3.200460564469115310e-01 -9.545857588631810886e-01 -1.000143155389728207e-02 2.977683927234868744e-01 5.918072816974204287e+00
2.874133063667123622e-01 -4.807639882866786285e-02 9.565993078384580350e-01 8.859090225686617970e+00 3.046665758853501788e-03 9.987803097918519502e-01 4.928093507456354772e-02 3.463198702055574896e-01 -9.578018194925291828e-01 -1.124955724306456878e-02 2.872092225515447961e-01 6.118661332079284421e+00
2.766406772001858694e-01 -4.972155605665942030e-02 9.596862440520679272e-01 9.531719163070846434e+00 1.434711104657782630e-03 9.986808034108518584e-01 5.132830082099032465e-02 3.781093077694761551e-01 -9.609723688461694335e-01 -1.282262250513676108e-02 2.763470684891854434e-01 6.306053792059219454e+00
2.665545153449725979e-01 -5.156386891586130922e-02 9.624395264677901851e-01 1.022169698127565951e+01 8.086190467295103481e-04 9.985794895797259763e-01 5.327615871308274964e-02 4.069265288932372160e-01 -9.638195126319633044e-01 -1.342275285112506933e-02 2.662175660593845139e-01 6.488595438211489430e+00
2.566176943006311939e-01 -5.352736190302820329e-02 9.650296185792619497e-01 1.092201057404705367e+01 -2.347237365335333773e-04 9.984617617982495252e-01 5.544416192907263008e-02 4.346870166934322932e-01 -9.665129695971542700e-01 -1.445446747752353149e-02 2.562103896687490945e-01 6.672883507834102446e+00
2.462319460068150279e-01 -5.506810075876433092e-02 9.676452434534994484e-01 1.167234482269084417e+01 -3.505993558827058955e-04 9.983794573106603565e-01 5.690638153200322513e-02 4.674061701898571397e-01 -9.692108761492208568e-01 -1.435142398121452660e-02 2.458136084337172178e-01 6.875213791871488844e+00
2.351635167051128184e-01 -5.645792572312114538e-02 9.703146948605839706e-01 1.243727597249044337e+01 -1.263798238238139074e-03 9.982929235920684485e-01 5.839213541783180167e-02 4.932857138096388705e-01 -9.719550091968932604e-01 -1.495798103288392689e-02 2.346907218306358012e-01 7.037726760816680915e+00
2.256575651715577724e-01 -5.937710004544780734e-02 9.723954993804281299e-01 1.319241607303889552e+01 -2.246174662268537840e-03 9.981065063153001793e-01 6.146833906013863397e-02 5.293117544578135325e-01 -9.742041032153558877e-01 -1.605496498302865296e-02 2.250969113007185995e-01 7.215068321759095404e+00
2.139002424972430705e-01 -6.283798649785547752e-02 9.748323227902787602e-01 1.397501413560118166e+01 -4.147068788308311271e-03 9.978614803610942330e-01 6.523241361962622831e-02 5.779474822269304868e-01 -9.768467151479091060e-01 -1.799592492649785755e-02 2.131822178137633139e-01 7.392611633972226315e+00
2.017894280991228417e-01 -6.656128161304666890e-02 9.771645747998393139e-01 1.476198692690569736e+01 -4.219347304807985304e-03 9.976197608114234505e-01 6.882593912487403043e-02 6.123002696969606085e-01 -9.794198490444672167e-01 -1.801134273822391219e-02 2.010282744656703979e-01 7.557746785523962174e+00
1.884228390614809678e-01 -6.904445817567819721e-02 9.796579403834784205e-01 1.554713203662798193e+01 -5.501400497444850976e-03 9.974357745005678622e-01 7.135552036875454640e-02 6.547573358651777031e-01 -9.820725967419893232e-01 -1.883449954190628134e-02 1.875598378283980794e-01 7.694600877087748536e+00
1.748328750979563917e-01 -6.974272172142681470e-02 9.821249421988141881e-01 1.635510525761310419e+01 -5.884326696400789952e-03 9.973963135515219181e-01 7.187467120723456393e-02 6.850935375320149623e-01 -9.845805490211027022e-01 -1.834519855249372791e-02 1.739672747795878716e-01 7.849297017651386987e+00
1.608119700049377709e-01 -6.883819965522948447e-02 9.845815334470083835e-01 1.715718085002129456e+01 -7.516947045681870998e-03 9.974504330585716172e-01 7.096568925039893616e-02 7.257133791583394444e-01 -9.869564442765804690e-01 -1.881317866347389720e-02 1.598845146460367572e-01 7.990902715505546539e+00
1.447977624022829535e-01 -6.801599095194331424e-02 9.871207708795446401e-01 1.794996990712756357e+01 -8.605110572391759874e-03 9.975102881335757843e-01 6.999412186482845133e-02 7.617963246080140527e-01 -9.894238612582593184e-01 -1.862927472725555214e-02 1.438519711936670498e-01 8.098771301511895615e+00
1.230342701234392183e-01 -6.645138710367873291e-02 9.901751182063801560e-01 1.877401839577093412e+01 -1.129503538093267270e-02 9.975972610582524158e-01 6.835295800717791637e-02 8.019352148363675381e-01 -9.923381519289744546e-01 -1.959381841580161779e-02 1.219880787402348871e-01 8.219750090268052034e+00
9.866735962237575819e-02 -6.518033338185971748e-02 9.929835141336355031e-01 1.959190076739815822e+01 -1.539548233803694766e-02 9.976331629845122118e-01 6.701530579390597986e-02 8.470043320467347536e-01 -9.950013811805364927e-01 -2.189968257096056026e-02 9.743034600553214519e-02 8.305664880797680283e+00
6.917862905781461957e-02 -6.471207553157073966e-02 9.955032131977610277e-01 2.043433410425132735e+01 -1.905152790504313284e-02 9.976262036175339576e-01 6.617399128329284896e-02 8.835521320949416557e-01 -9.974223648451713276e-01 -2.354368239232239660e-02 6.778154777574457723e-02 8.323745649746895126e+00
3.461877687026623102e-02 -6.455921775449097177e-02 9.973132058191391813e-01 2.127405350081705038e+01 -2.222134914176827555e-02 9.976149438659884794e-01 6.535009875743028052e-02 9.278251821281360279e-01 -9.991535263770885411e-01 -2.442398459074845637e-02 3.310161483373168928e-02 8.346816590873844532e+00
6.066398080997420332e-04 -6.386723175319573842e-02 9.979582112660051463e-01 2.210162279669265928e+01 -2.397842713385685970e-02 9.976705375472130211e-01 6.386339748508812475e-02 9.611041518625871305e-01 -9.997123007824901819e-01 -2.396820947607674474e-02 -9.262104928065163084e-04 8.311368076089442170e+00
-3.362554627249095263e-02 -6.288824931525013873e-02 9.974539455228700335e-01 2.293785843494120869e+01 -2.513110918902971072e-02 9.977559686092304370e-01 6.206008746770148854e-02 9.894677624097478752e-01 -9.991184950935522169e-01 -2.298031880709914057e-02 -3.513054234431060158e-02 8.301813939656922159e+00
-6.624677558732568194e-02 -6.088015633640672664e-02 9.959442524541832764e-01 2.377687093485682368e+01 -2.749282803242926454e-02 9.978693108728438066e-01 5.916910371939910346e-02 1.018632781963803913e+00 -9.974244464015249445e-01 -2.346156086471571159e-02 -6.777939336255923986e-02 8.256693845224543082e+00
-9.832063651176049801e-02 -5.769579191528295681e-02 9.934808658341885979e-01 2.461337594137235030e+01 -2.920636821902124550e-02 9.980551947308230476e-01 5.507101184331178456e-02 1.056520243568604966e+00 -9.947261218572438501e-01 -2.360135018886020536e-02 -9.981450795090412997e-02 8.174177707652551916e+00
-1.304906168317552517e-01 -5.323195584811433317e-02 9.900194647673530302e-01 2.547001210877196442e+01 -2.646120532281536972e-02 9.983888746353787313e-01 5.019421915096669573e-02 1.077026979449027921e+00 -9.910963729000659139e-01 -1.964723281969344912e-02 -1.316889631862493137e-01 8.059658973579324481e+00
-1.609384772038162381e-01 -4.780577988369264647e-02 9.858059631045458238e-01 2.628385185386814626e+01 -2.239747478757908930e-02 9.987459103898318480e-01 4.477677544162194517e-02 1.098083487378725520e+00 -9.867102798332454405e-01 -1.487325721849143585e-02 -1.618073760600430011e-01 7.919515737034313219e+00
-1.929391501606690096e-01 -4.178976527995211659e-02 9.803203980979433574e-01 2.714200636406205902e+01 -1.637293704338091058e-02 9.990906491581440507e-01 3.936752095769397580e-02 1.112606649569291006e+00 -9.810741193605887478e-01 -8.455187138060959659e-03 -1.934479233501840423e-01 7.697534445677631787e+00
-2.220292411409249267e-01 -3.599755850910513200e-02 9.743752742650675369e-01 2.795989321694539953e+01 -1.033787382919360009e-02 9.993489992300690350e-01 3.456452088177132398e-02 1.125670831065594735e+00 -9.749852104549113774e-01 -2.398633272008127669e-03 -2.222568395168682820e-01 7.532332173819755283e+00
-2.499181124709611290e-01 -2.950271014281051485e-02 9.678173952665052315e-01 2.873968942773266022e+01 -1.132053807724964440e-03 9.995439136824165738e-01 3.017752577587401799e-02 1.154743604616577102e+00 -9.682663225618706182e-01 6.446290020743756025e-03 -2.498375282516191731e-01 7.279797515218752402e+00
-2.767042225346120210e-01 -1.928338457272816067e-02 9.607616290973842732e-01 2.960226728647851857e+01 4.743607244087815443e-03 9.997590486778409335e-01 2.143228312410144429e-02 1.143920934160111536e+00 -9.609434359180719643e-01 1.048788019593858284e-02 -2.765460788317617991e-01 7.015470850876056375e+00
-3.011746282160265298e-01 -4.510345206730817166e-03 9.535583275059763553e-01 3.035000131421963232e+01 9.263044544177241255e-03 9.999277932607365527e-01 7.655341402837532831e-03 1.138963961775482980e+00 -9.535240189203226802e-01 1.113844898868374990e-02 -3.011111031890317813e-01 6.736364389352452520e+00
-3.255450562748847254e-01 1.248124347265354428e-02 9.454441384823971672e-01 3.114661928763370469e+01 1.022586656800297984e-02 9.999008686583651384e-01 -9.679074963314684282e-03 1.107242749253550151e+00 -9.454712386034879179e-01 6.517011669381084921e-03 -3.256404174164507226e-01 6.465999732698074709e+00
-3.517657078853270725e-01 2.745975224942883569e-02 9.356852211866667490e-01 3.193440706121906558e+01 8.501678738633311125e-03 9.996221405314380526e-01 -2.613996177767740139e-02 1.076785872989638460e+00 -9.360494767461153831e-01 -1.240246030222683484e-03 -3.518662451906054978e-01 6.205995472450488215e+00
-3.767396372621418799e-01 3.795083738499015896e-02 9.255414438817163303e-01 3.268013203709287495e+01 1.282430505383782941e-02 9.992783256173286555e-01 -3.575423225384216641e-02 1.045836832241687553e+00 -9.262304234205755993e-01 -1.600609713168728949e-03 -3.769544483364746790e-01 5.890590681105549287e+00
-3.995720603555790729e-01 4.276951664736093617e-02 9.157035120631988878e-01 3.346172229478587212e+01 1.655630656266374873e-02 9.990847864816351231e-01 -3.943954992954620126e-02 9.978622708642312933e-01 -9.165522741853876498e-01 -5.982731989282960051e-04 -3.999144731241295880e-01 5.528735348534596028e+00
-4.218278629634945043e-01 4.215081017001390262e-02 9.056956158116457045e-01 3.419803319110302908e+01 1.840901978772536279e-02 9.991110313974326251e-01 -3.792433114645384767e-02 9.423142304309770623e-01 -9.064890378234327084e-01 6.754299161755210421e-04 -4.222288276125999440e-01 5.148798555502247076e+00
-4.425126272518463688e-01 3.887077325328383570e-02 8.959194290038913211e-01 3.492591565674941734e+01 2.303022271350408517e-02 9.992232171057352508e-01 -3.197766715455691716e-02 9.114441889943563080e-01 -8.964665062921362004e-01 6.482703490845175519e-03 -4.430640948401338708e-01 4.793208508481399122e+00
-4.606260788032365272e-01 3.760418620708816384e-02 8.867973424234902868e-01 3.567988466900904143e+01 2.994478450170027367e-02 9.991917767733220490e-01 -2.681609702282618593e-02 8.775242566951334533e-01 -8.870890250901690699e-01 1.420276277368819583e-02 -4.613798406097104898e-01 4.387977040770021375e+00
-4.750804970128642557e-01 3.849175736881720045e-02 8.791000466497553845e-01 3.638160550129951787e+01 3.428156181007033926e-02 9.990939675996121094e-01 -2.521940463885217684e-02 8.351658204715280975e-01 -8.792743079670258810e-01 1.815567640483395362e-02 -4.759696174883950581e-01 4.028083773618392094e+00
-4.852556789153686934e-01 4.164914820264496720e-02 8.733797918129282412e-01 3.707598938425942947e+01 3.653692103908180028e-02 9.989583148818554914e-01 -2.733749202410553497e-02 7.815572479716690335e-01 -8.736086034786856303e-01 1.864493634527417815e-02 -4.862719281668517191e-01 3.585985088548897082e+00
-4.953838403245836575e-01 4.409537637595555698e-02 8.675542835514699069e-01 3.775741437250470511e+01 3.769365950601737819e-02 9.988612867672883588e-01 -2.924581626918169863e-02 7.284128160171317035e-01 -8.678560083250131951e-01 1.821339208705555213e-02 -4.964818575167443959e-01 3.179969035604572891e+00
-5.058664848713424478e-01 4.340613108216408861e-02 8.615190037500330966e-01 3.844881201195158127e+01 3.174521644233410655e-02 9.989934101803413791e-01 -3.169239017181239848e-02 6.767567672904362119e-01 -8.620274664671911946e-01 1.131699025937791918e-02 -5.067352230583989092e-01 2.787932400439643299e+00
-5.173220005553856859e-01 4.240707231590922638e-02 8.547394776810418593e-01 3.915682180257365985e+01 3.029735293178837524e-02 9.990529336415868711e-01 -3.122989169344989394e-02 6.607706310911191094e-01 -8.552543657670216293e-01 9.740434582735178759e-03 -5.181168855339282064e-01 2.375387166209706358e+00
-5.262033352335769854e-01 4.364935786311913840e-02 8.492377584936302570e-01 3.981861162419271949e+01 3.247240556798471067e-02 9.989847371979955204e-01 -3.122559313763637739e-02 6.201270819737353390e-01 -8.497385507973912455e-01 1.114578268234118867e-02 -5.270865014097249057e-01 1.956125894749532357e+00
-5.331469325013072913e-01 4.703852624533770566e-02 8.447139826271604646e-01 4.050904575104279814e+01 3.622433000752178084e-02 9.988067071530711827e-01 -3.275606204369578556e-02 5.694467080091636380e-01 -8.452468030025928059e-01 1.313540510027779579e-02 -5.342146723695979649e-01 1.519343404457607960e+00
-5.368800347436986087e-01 5.008798014609593119e-02 8.421704160343264078e-01 4.121014004312400658e+01 3.715524242252298687e-02 9.986712755901229199e-01 -3.570953945647681316e-02 5.373413036896651507e-01 -8.428400369503983303e-01 1.211930820248036632e-02 -5.380277013692976729e-01 1.082530069696128860e+00
-5.369941079280261542e-01 5.140449498616416618e-02 8.420183448447892127e-01 4.191148416738558780e+01 3.634743049096124390e-02 9.986246433068581840e-01 -3.778473254385352614e-02 4.887579473491935333e-01 -8.428025889726283859e-01 1.031502551586074151e-02 -5.381239719839935320e-01 6.453933291921229998e-01
-5.338733714707705191e-01 5.214686268974250832e-02 8.439549247446639368e-01 4.262046043938799755e+01 3.854722731131011298e-02 9.985598031498132965e-01 -3.731528820582123707e-02 4.472440931565996869e-01 -8.446853533647803447e-01 1.261048462496737986e-02 -5.351146068833779745e-01 1.898778352188791874e-01
-5.275995430191560143e-01 5.114213941120811235e-02 8.479523516825130391e-01 4.337342997337117367e+01 3.686020630808107407e-02 9.986242590992875368e-01 -3.729496300267736569e-02 4.023865176469140215e-01 -8.486931478503627613e-01 1.157889420176212020e-02 -5.287588137547963862e-01 -2.824387484174614715e-01
-5.211194414676685316e-01 4.977822012800377921e-02 8.520308934251534794e-01 4.412720315117670111e+01 3.495360149616477674e-02 9.987049298472482350e-01 -3.696902460131482743e-02 3.597119061137832308e-01 -8.527677206627763962e-01 1.051627187009159144e-02 -5.221844845045615635e-01 -7.183111719571859677e-01
-5.142696680906098106e-01 4.899851197435198952e-02 8.562276805921452683e-01 4.490841514921969946e+01 3.308078310429286850e-02 9.987569417356361168e-01 -3.728582928089855392e-02 3.127413606092371845e-01 -8.569903046944880032e-01 9.149712142689577984e-03 -5.152513112844497867e-01 -1.171063843842615082e+00
-5.071228810997581160e-01 4.751690072923003827e-02 8.605629054241674680e-01 4.572241574067845704e+01 2.986352869034137117e-02 9.988482651076817653e-01 -3.755413280771056905e-02 2.632212190094299631e-01 -8.613562360174610300e-01 6.654885972621730691e-03 -5.079578335247963983e-01 -1.680492476682625913e+00
-5.025926013788524216e-01 4.541013615751451904e-02 8.633299387116293300e-01 4.654916552124855400e+01 2.596709912630977904e-02 9.989619140245912243e-01 -3.742731679394845079e-02 2.159431851251498724e-01 -8.641333225251855987e-01 3.607482545985066583e-03 -5.032500377722072260e-01 -2.122809537729913210e+00
-5.016696535036865301e-01 4.252710661415502053e-02 8.640133045497468967e-01 4.737378157173661464e+01 2.092564006961161738e-02 9.990951909115797225e-01 -3.702589693711044044e-02 1.710743766389476173e-01 -8.648061566974927228e-01 -4.947365370513908409e-04 -5.021056463857492824e-01 -2.588143827900260874e+00
-5.016797758494504489e-01 4.026051711657054749e-02 8.641160105820743231e-01 4.821546486212426430e+01 1.857856316772041327e-02 9.991874295639666670e-01 -3.576754891320142737e-02 1.296807546043597936e-01 -8.648538904452146570e-01 -1.889821122118735559e-03 -5.020201094732088531e-01 -3.056908892465825200e+00
-5.030987278249585692e-01 3.867534664613016260e-02 8.633631183477256110e-01 4.905657538053520028e+01 1.671495034190483703e-02 9.992467415566103073e-01 -3.502227705612612901e-02 7.988291008723828746e-02 -8.640672964513297361e-01 -3.188590481156701115e-03 -5.033662221752697175e-01 -3.535426559196145568e+00
-5.035968447225841471e-01 3.851311253485380920e-02 8.630799178852526232e-01 4.994724568447647073e+01 1.695786103386630328e-02 9.992540697652083637e-01 -3.469488396305290406e-02 2.549950506873014527e-02 -8.637723434018419466e-01 -2.836243878957960245e-03 -5.038742978361623326e-01 -4.044065569263850968e+00
-5.033654330972052726e-01 3.755093996986923199e-02 8.632572931481264922e-01 5.081957559644973799e+01 1.656734319712572026e-02 9.992910242904089468e-01 -3.380786712328794075e-02 -2.354131967369244710e-02 -8.639147968395518573e-01 -2.715830927474695376e-03 -5.036306797579456207e-01 -4.556168720023141994e+00
-5.033945658537931633e-01 3.708994876814249164e-02 8.632602349652431784e-01 5.168988577660682182e+01 1.708344067458812676e-02 9.993102165255820513e-01 -3.297343126279780184e-02 -6.363649108086644191e-02 -8.638877701521205932e-01 -1.851190190108447167e-03 -5.036809577565443119e-01 -5.067173932682783821e+00
-5.035790593923613612e-01 3.662573680257586589e-02 8.631724467628567599e-01 5.259736760395151833e+01 1.663276627107711930e-02 9.993268256150379392e-01 -3.269933730395978982e-02 -1.210066288676173440e-01 -8.637890334565231365e-01 -2.109755051385827068e-03 -5.038492514043161341e-01 -5.596120211811413725e+00
-5.036450875258476900e-01 3.490758944932713381e-02 8.632051161305497322e-01 5.349584050606300423e+01 1.463892936590584920e-02 9.993847046534326539e-01 -3.187340306855575983e-02 -1.748211845979321388e-01 -8.637866286599610310e-01 -3.416483253430122047e-03 -5.038462079990486675e-01 -6.124983724324342127e+00
-5.040210737412872399e-01 3.449455571055962122e-02 8.630022418051696009e-01 5.437138772825609578e+01 1.465147566798264897e-02 9.993998370095377171e-01 -3.138948896697592306e-02 -2.216066600534074837e-01 -8.635670812230992199e-01 -3.176706682315047405e-03 -5.042239763053583124e-01 -6.598600091343059582e+00
-5.029139793846887363e-01 3.333539311342939571e-02 8.636933873748560142e-01 5.527818346434708019e+01 1.298757474851115236e-02 9.994346276595627021e-01 -3.101206074435106097e-02 -2.781920749667269321e-01 -8.642388932180925520e-01 -4.379115555482069461e-03 -5.030625928570202632e-01 -7.143778105554969393e+00
-5.016693412807913255e-01 3.212085094101078259e-02 8.644629022814942498e-01 5.618536380682366627e+01 1.262579736308631038e-02 9.994758254560196509e-01 -2.981046033646017959e-02 -3.354403503881032700e-01 -8.649673251587198797e-01 -4.040459669592025641e-03 -5.018119315547321380e-01 -7.638112015284205469e+00
-5.003781136100315940e-01 3.015631981790432153e-02 8.652816456150269619e-01 5.705673234041346831e+01 1.333494739324406556e-02 9.995431255870098619e-01 -2.712414505539063186e-02 -3.796554198070211106e-01 -8.657042999506238123e-01 -2.033842392541683735e-03 -5.005516378094932994e-01 -8.144948082361038288e+00
-4.975455786953554282e-01 2.873621897579477572e-02 8.669617138225654829e-01 5.794637705995162946e+01 1.366935376549648952e-02 9.995867624425808229e-01 -2.528740976026044862e-02 -4.353585741934316022e-01 -8.673301322415329917e-01 -7.308316223650611083e-04 -4.977327809390835744e-01 -8.658503849527230400e+00
-4.952083480911005919e-01 2.809097587139380153e-02 8.683199729424282420e-01 5.886018613145515133e+01 1.350470322817483998e-02 9.996052584409684805e-01 -2.463636059814287502e-02 -4.925799270553932185e-01 -8.686692854128942320e-01 -4.737269561594273479e-04 -4.953922302904252839e-01 -9.179433243583714486e+00
-4.928987447175859904e-01 2.842634757809712337e-02 8.696221918380138138e-01 5.976578773160770908e+01 1.387130033932147850e-02 9.995958757387279903e-01 -2.481274285531454016e-02 -5.413725102982479553e-01 -8.699761071270052382e-01 -1.673782611749701150e-04 -4.930938640053461608e-01 -9.703355422836372313e+00
-4.912360649898700471e-01 2.896497684440894199e-02 8.705447402984349825e-01 6.064557879593519374e+01 1.401542579925873881e-02 9.995803954040262118e-01 -2.534957471427796635e-02 -5.854485447742372450e-01 -8.709137206472468140e-01 -2.515691791957616261e-04 -4.914358977884314417e-01 -1.017998284567929446e+01
-4.927454452699560616e-01 3.008826032718760202e-02 8.696531544666514790e-01 6.152192701211236425e+01 1.343322327291686380e-02 9.995459530442055707e-01 -2.697102594541817347e-02 -6.373488567954641582e-01 -8.700698174116143768e-01 -1.607604268769784748e-03 -4.929258992436270637e-01 -1.066450575426670255e+01
-4.955803781495798921e-01 3.181620790853555147e-02 8.679791495615998276e-01 6.240056686694482124e+01 1.193919825860330006e-02 9.994839846731282673e-01 -2.981979046779438883e-02 -6.922675658657504449e-01 -8.684800267027344978e-01 -4.415126987476668263e-03 -4.957045123147357790e-01 -1.115882530982205800e+01
-4.998907603103197039e-01 3.250326786866784834e-02 8.654783369746756883e-01 6.327245545398929494e+01 1.100622213130684687e-02 9.994532589152057556e-01 -3.117765699889589459e-02 -7.385661208598628402e-01 -8.660185351351342709e-01 -6.059774954780125164e-03 -4.999751888983116066e-01 -1.164035968443932845e+01
-5.058314421001570693e-01 3.128637602138288620e-02 8.620647895569976127e-01 6.413065592087389177e+01 1.112547131080041281e-02 9.994955724386032081e-01 -2.974600043416669032e-02 -7.778677353750745871e-01 -8.625605998011588449e-01 -5.455584327705527078e-03 -5.059243636716801440e-01 -1.215772444587720535e+01
-5.106992532446718025e-01 2.885293234737612220e-02 8.592751408278962444e-01 6.500695264733772660e+01 1.351511114312939181e-02 9.995826506184588567e-01 -2.553167305024038256e-02 -8.480021759879435850e-01 -8.596532013967345121e-01 -1.425806409089020203e-03 -5.108760650241320755e-01 -1.266844985379577793e+01
-5.161737939243344897e-01 2.658217562541896270e-02 8.560712523556300857e-01 6.587558535734481779e+01 1.104864171527611232e-02 9.996417468299543252e-01 -2.437838162894022387e-02 -8.854248167847317275e-01 -8.564126073623442581e-01 -3.125056280627828021e-03 -5.162825711655147920e-01 -1.318105246045942636e+01
-5.213414673705073499e-01 2.900434771745137238e-02 8.528550926217177697e-01 6.672838912323716443e+01 1.210913813631707241e-02 9.995730308625834226e-01 -2.659181684691219738e-02 -9.469054718769094325e-01 -8.532622428904514944e-01 -3.536075791561200336e-03 -5.214700895073185460e-01 -1.368311637690774596e+01
-5.259576468727381604e-01 3.164730121475745755e-02 8.499217545771187154e-01 6.756970432711020180e+01 1.311428045618490308e-02 9.994904423625371459e-01 -2.910105236927855790e-02 -9.848814919950606983e-01 -8.504096549454680520e-01 -4.159807883439748180e-03 -5.261046739171092446e-01 -1.421721389207833752e+01
-5.307228292264407621e-01 3.180703291231823382e-02 8.469483916750564223e-01 6.838139528497781328e+01 1.156875734037773884e-02 9.994743289767946681e-01 -3.028579777922429592e-02 -1.034958938307930731e+00 -8.474664914809889593e-01 -6.275222994552542323e-03 -5.308118126514962398e-01 -1.472561652411903843e+01
-5.349344347048212711e-01 3.209776485748353642e-02 8.442836437473669742e-01 6.920832949949750912e+01 1.002153772015232022e-02 9.994488600938170597e-01 -3.164719289573932060e-02 -1.094734531256621679e+00 -8.448341441144854302e-01 -8.468152016609976906e-03 -5.349612811403623436e-01 -1.523269624315462956e+01
-5.378152444079035144e-01 3.091388976872650948e-02 8.424957456230578456e-01 7.004240002706634982e+01 1.000448691755418361e-02 9.994911412687307317e-01 -3.028809579140863753e-02 -1.148765365559163198e+00 -8.430033717496692169e-01 -7.860661127751477489e-03 -5.378508512165650624e-01 -1.576815145124674622e+01
-5.409443438289504025e-01 2.477031522911754546e-02 8.406935443442705713e-01 7.085710513251795817e+01 1.178402057486386059e-02 9.996913150796321590e-01 -2.187261741579814983e-02 -1.195840614883451725e+00 -8.409758411112455700e-01 -1.925117746979104717e-03 -5.410692575544343574e-01 -1.628957542039127304e+01
-5.426448641412255913e-01 1.683109033100475480e-02 8.397935776008874642e-01 7.167810604052961310e+01 1.257417323751838269e-02 9.998499627943108203e-01 -1.191394336983438336e-02 -1.226696829626547025e+00 -8.398681165210042376e-01 4.094670712394252003e-03 -5.427750854487790599e-01 -1.680571907626602624e+01
-5.445306880488052226e-01 1.453097135267627030e-02 8.386150295794756460e-01 7.251151127900922688e+01 1.351770976359960297e-02 9.998720952291128006e-01 -8.547788154215500353e-03 -1.251577102658772089e+00 -8.386319889067401778e-01 6.681622597980504431e-03 -5.446574666085131078e-01 -1.735066813064794289e+01
-5.455751424170426356e-01 1.934951458774865005e-02 8.378384972525493302e-01 7.334305323453183689e+01 1.325911506115813945e-02 9.998075888001975997e-01 -1.445618286682139042e-02 -1.293163680765501145e+00 -8.379570223741616974e-01 3.222063965311558389e-03 -5.457267262681175790e-01 -1.785168487503673873e+01
-5.469103233618638482e-01 2.396845275910660863e-02 8.368480141096839020e-01 7.409711437347920082e+01 1.297810533624592366e-02 9.997127025321920213e-01 -2.015145541051229644e-02 -1.343965256304449740e+00 -8.370906034940686080e-01 -1.603363982874936072e-04 -5.470642636929512470e-01 -1.837704387391750416e+01
-5.470544211153547387e-01 2.925934499180353823e-02 8.365855236168883158e-01 7.490454308097984892e+01 1.956516806551944487e-02 9.995628517119798939e-01 -2.216550568882351760e-02 -1.375229340982656145e+00 -8.368683743577268741e-01 4.242199442921027429e-03 -5.473877423917495877e-01 -1.891806769914265729e+01
-5.465422486224714715e-01 2.996343780686997610e-02 8.368953041531793646e-01 7.569370781597729092e+01 2.275784481324779132e-02 9.995220242734760285e-01 -2.092375333281020627e-02 -1.420842150242542790e+00 -8.371222505934665659e-01 7.610219246868389111e-03 -5.469629191401976787e-01 -1.942439799585763893e+01
-5.465542018534708113e-01 2.740639322691530017e-02 8.369751377976704099e-01 7.647801530050273300e+01 2.269215935068850942e-02 9.995820140921352071e-01 -1.791264832376241595e-02 -1.455674719831790753e+00 -8.371162295695313560e-01 9.202540994373025265e-03 -5.469476613198542836e-01 -1.994477188106897003e+01
-5.465373156364622398e-01 2.260166701257190075e-02 8.371296879834835281e-01 7.729867246365949995e+01 2.116031614360212865e-02 9.996892731435114143e-01 -1.317566498429864619e-02 -1.478024315560255486e+00 -8.371673758029042345e-01 1.051293729672631364e-02 -5.468457514118729712e-01 -2.046867693609624794e+01
-5.457136649737940326e-01 1.670801640142344571e-02 8.378051236801877799e-01 7.807740404782491339e+01 1.938924265446087883e-02 9.997852953920960406e-01 -7.308922975108974283e-03 -1.514649295229059334e+00 -8.377473751795199153e-01 1.225582873507862457e-02 -5.459204546981513140e-01 -2.096291078621656823e+01
-5.447763816759184641e-01 9.830663652788763918e-03 8.385237260874867093e-01 7.893975493871533899e+01 1.008078590422499012e-02 9.999358033033654003e-01 -5.173684426829335339e-03 -1.547394505294258371e+00 -8.385207709087790784e-01 5.634478059562210255e-03 -5.448405108260582219e-01 -2.150151117276356771e+01
-5.438475713189020455e-01 4.862524777410279393e-03 8.391699245045688427e-01 7.970538042946463975e+01 2.165807669974960121e-03 9.999880151671702855e-01 -4.390762567439093420e-03 -1.573033574761625975e+00 -8.391812319146804144e-01 -5.704239694196852834e-04 -5.438515858689831894e-01 -2.195811671498454842e+01
-5.423929438065510089e-01 5.302046199248718582e-03 8.401081894367410374e-01 8.049324859352324779e+01 5.132809947877068832e-03 9.999823354414991705e-01 -2.997175044385425383e-03 -1.588945728265593660e+00 -8.401092550054097829e-01 2.686470037152914690e-03 -5.424105782504966555e-01 -2.246678681340733874e+01
-5.382405567106494093e-01 7.941850437756957717e-03 8.427538295343376396e-01 8.128568017841635651e+01 9.548379128724502479e-03 9.999488852517315340e-01 -3.324954655267180550e-03 -1.634071850772959245e+00 -8.427371732738121457e-01 6.257308625395758238e-03 -5.382888776635178507e-01 -2.300638635281969613e+01
-5.336359989227664746e-01 1.145132059259855971e-02 8.456367275035826525e-01 8.207895832799736979e+01 1.100656529667241000e-02 9.999176781074780029e-01 -6.594885141132982888e-03 -1.653518956783954108e+00 -8.456426478782940181e-01 5.788288727398533708e-03 -5.337181098940810831e-01 -2.347317268856954087e+01
-5.258095873695761702e-01 1.340652619419553139e-02 8.504966371139750514e-01 8.284395650457740601e+01 1.614993931614432110e-02 9.998528958308728898e-01 -5.776342417016996737e-03 -1.671529070858032151e+00 -8.504489809324935479e-01 1.069821389148951050e-02 -5.259487543676292232e-01 -2.395318012515245343e+01
-5.172932654535669084e-01 1.652969781469226795e-02 8.556485454430196036e-01 8.365899561428224729e+01 2.446696832387898479e-02 9.996904182134629391e-01 -4.520525792386401349e-03 -1.698768465770921221e+00 -8.554583899899753652e-01 1.859668941946059084e-02 -5.175375536769988294e-01 -2.449578651064861390e+01
-5.072525953998506809e-01 1.594494765218855414e-02 8.616498996955913592e-01 8.445180017677793671e+01 2.275193411007287239e-02 9.997281018560328913e-01 -5.106056831936226816e-03 -1.729528670220067843e+00 -8.614970494262604861e-01 1.701414226440846333e-02 -5.074774539712385568e-01 -2.493769176687628430e+01
-4.961727774890362097e-01 1.289348193692435585e-02 8.681280546994685210e-01 8.532246723838069613e+01 1.877566608673678777e-02 9.998152403162902102e-01 -4.118199000390464909e-03 -1.751606619184745917e+00 -8.680207726001109014e-01 1.425634532179954374e-02 -4.963231896961084466e-01 -2.537280359396635987e+01
-4.857595978075354703e-01 1.037394492393855193e-02 8.740308807974236371e-01 8.607645426495571428e+01 2.026971632739483012e-02 9.997943673277661647e-01 -6.013531588708742473e-04 -1.770447420204248168e+00 -8.738574050411708205e-01 1.742424606424634176e-02 -4.858699879133490107e-01 -2.583727405759032436e+01
-4.742031516352653298e-01 9.602957734502391707e-03 8.803630729317556414e-01 8.690604124373946604e+01 2.055274847500051030e-02 9.997887563251367515e-01 1.649888993506162501e-04 -1.798258722397734877e+00 -8.801755326744699071e-01 1.817212019043748517e-02 -4.743003476318656264e-01 -2.625414268083845215e+01
-4.617372367535679811e-01 8.226031881393473799e-03 8.869786031254086600e-01 8.775102594312086524e+01 1.931818382152923272e-02 9.998130790369494925e-01 7.840456834559728387e-04 -1.817857568501304089e+00 -8.868063740151000962e-01 1.749683991762705781e-02 -4.618098416278191287e-01 -2.671303417486047849e+01
-4.491067994959970222e-01 1.019605365696408389e-02 8.934198949865573836e-01 8.857901989928784303e+01 2.322348332336239551e-02 9.997302634698962409e-01 2.647378181753272082e-04 -1.827414500943588704e+00 -8.931762232053716000e-01 2.086721874967999504e-02 -4.492224481249408874e-01 -2.709633935400672300e+01
