1 0 0 0 0 1 0 0 0 0 1 0
0.99993587 -0.0021350467 0.011122243 0.0054488989 0.0021236167 0.9999972 0.001039397 -0.0078459138 -0.011124432 -0.001015711 0.99993761 0.31257085
0.99982884 -0.0038756022 0.018090484 0.01077781 0.0038509852 0.99999161 0.0013954199 -0.012172334 -0.018095742 -0.0013255149 0.99983538 0.60055015
0.99979154 -0.0072791655 0.019076164 0.026263547 0.0072805409 0.9999735 -2.6258892e-06 -0.02135287 -0.019075641 0.00014151016 0.99981803 0.88288271
0.99980862 -0.0083297365 0.017701161 0.027439178 0.0083563122 0.99996407 -0.0014278881 -0.022638216 -0.017688633 0.0015755313 0.9998423 1.1961669
0.99988167 -0.010866834 0.010888447 0.023997688 0.010902704 0.99993531 -0.0032403277 -0.026112469 -0.010852531 0.0033586579 0.99993547 1.5115007
0.99992744 -0.012029116 -0.000638971 0.0059189744 0.012026199 0.99991805 -0.0043896709 -0.03406326 0.00069172256 0.0043816681 0.99999016 1.848505
0.99980228 -0.011474613 -0.01623989 -0.012765372 0.011400874 0.99992431 -0.004625971 -0.038439999 0.016291743 0.0044399075 0.99985742 2.1747888
0.99931848 -0.0074664736 -0.036150167 -0.046587612 0.0072764318 0.99995902 -0.0053857381 -0.043064399 0.036188901 0.0051190234 0.99933186 2.4956283
0.99841136 -0.0040645485 -0.056198143 -0.080839438 0.0037275905 0.99997445 -0.0060994219 -0.053502287 0.056221504 0.0058802485 0.998401 2.8479108
0.99718115 -0.0030949147 -0.07496779 -0.127995 0.0026253485 0.99997632 -0.0063613121 -0.059277934 0.074985709 0.006146564 0.99716567 3.2165559
0.99532934 -0.0042792043 -0.096442668 -0.18133243 0.0037210051 0.99997527 -0.0059669973 -0.064822978 0.096465825 0.0055802639 0.99532065 3.5963673
0.99325391 -0.0055957418 -0.11582469 -0.24054179 0.0050243222 0.99997373 -0.0052248571 -0.071388374 0.11585089 0.0046076692 0.99325593 3.9861651
0.99099795 -0.0048201377 -0.13379023 -0.31400599 0.0042484996 0.99998059 -0.0045578066 -0.077873379 0.13380962 0.0039483692 0.99099919 4.3721045
0.98881195 -0.0037710583 -0.14911979 -0.38906587 0.0031943761 0.99998647 -0.0041065659 -0.086017457 0.14913327 0.0035842767 0.98881061 4.8001508
0.9867347 -0.0027882656 -0.16231714 -0.48230823 0.0021765388 0.99998984 -0.0039464167 -0.091701051 0.16232651 0.0035407766 0.98673075 5.2103274
0.98464903 -0.0044539776 -0.17448909 -0.5685724 0.0036342534 0.99998081 -0.0050170942 -0.10249323 0.1745081 0.0043059393 0.98464632 5.6573196
0.98276157 -0.00704905 -0.18474306 -0.65540436 0.0058915057 0.99995943 -0.0068138903 -0.1134684 0.18478361 0.0056080147 0.98276323 6.0930885
0.98134347 -0.0065293828 -0.19215193 -0.75224338 0.0049551004 0.99995012 -0.0086723147 -0.12236053 0.19219899 0.0075583872 0.98132687 6.5482886
0.97966412 -0.006567293 -0.20053697 -0.86811737 0.0045374347 0.99993373 -0.010580075 -0.12792246 0.20059318 0.0094549962 0.979629 7.0187933
0.97816311 -0.0068936245 -0.20772434 -0.96875586 0.0042347074 0.99990335 -0.013242184 -0.13517804 0.20779557 0.012073364 0.97809777 7.4896545
0.97639414 -0.011020201 -0.21571518 -1.0876075 0.007974098 0.9998559 -0.0149862 -0.14975197 0.21584927 0.012912304 0.97634132 8.0013847
0.97450161 -0.016203903 -0.22379463 -1.2022725 0.012877899 0.99978399 -0.016313484 -0.16282067 0.22401065 0.013015512 0.97449978 8.5115637
0.97263412 -0.01745876 -0.23168527 -1.3361763 0.013504252 0.99973499 -0.018643556 -0.19109552 0.23194938 0.015004622 0.97261213 9.0209976
0.97052345 -0.013793279 -0.24061167 -1.4906863 0.0086183065 0.99970864 -0.022546669 -0.19385963 0.24085258 0.019808406 0.97035955 9.5608997
0.96835277 -0.01084236 -0.24934986 -1.6478252 0.0045611088 0.99965789 -0.025754529 -0.2086703 0.24954382 0.023802158 0.96807094 10.101783
0.96625067 -0.013148005 -0.25726787 -1.7999822 0.006221568 0.9995964 -0.027718598 -0.23198027 0.25752851 0.025182505 0.9659425 10.676653
0.96354886 -0.015308028 -0.26709408 -1.9735561 0.0077105337 0.99953591 -0.029470693 -0.26152414 0.26742129 0.026337015 0.96321972 11.221129
0.96157726 -0.014783319 -0.27413613 -2.1437018 0.0061380857 0.99945719 -0.032367318 -0.28596194 0.27446585 0.029441006 0.96114605 11.795075
0.9592868 -0.014565225 -0.28205794 -2.3286247 0.0046860542 0.9993527 -0.035668298 -0.30892409 0.28239491 0.032894389 0.9587341 12.398853
0.95697159 -0.015212775 -0.28978258 -2.5256174 0.0035538983 0.9991644 -0.040717021 -0.33725233 0.29015988 0.037935175 0.95622601 12.954116
0.95504956 -0.015836203 -0.29602289 -2.7197501 0.0017317318 0.99885312 -0.04784816 -0.37736431 0.29644115 0.045184733 0.95398165 13.571486
0.95386479 -0.016707642 -0.29977125 -2.9294011 -0.00017067053 0.9984201 -0.056189651 -0.41492039 0.30023647 0.053648493 0.95235493 14.210939
0.95258257 -0.016896038 -0.30381072 -3.1317089 -0.0029406391 0.99789932 -0.06471709 -0.46020539 0.304266 0.062541771 0.95053182 14.817082
0.95126078 -0.016449365 -0.30794859 -3.3627362 -0.0066065956 0.99726023 -0.073677531 -0.50575056 0.30831686 0.072121039 0.94854588 15.476926
0.95006349 -0.015260576 -0.31168328 -3.584641 -0.010552854 0.99666106 -0.080965211 -0.56736989 0.31187819 0.08021124 0.94673025 16.112085
0.94840337 -0.014161343 -0.31674991 -3.8254761 -0.014249109 0.99608912 -0.087197693 -0.62594861 0.316746 0.087211991 0.94449248 16.774127
0.94663106 -0.013309457 -0.32204424 -4.0711798 -0.017669846 0.99550167 -0.093081653 -0.6983999 0.32183447 0.093804457 0.94213763 17.431439
0.9449823 -0.0104351 -0.32695498 -4.3128527 -0.02306926 0.9948767 -0.098428467 -0.77289049 0.32630703 0.10055577 0.93990014 18.10431
0.9432648 -0.0080668315 -0.33194342 -4.585323 -0.027261847 0.99444811 -0.10163535 -0.84670819 0.33092041 0.10491844 0.93780798 18.798815
0.94158362 -0.0077687432 -0.33668967 -4.8395105 -0.028668517 0.99425616 -0.1031155 -0.92661605 0.33555688 0.10674426 0.93595259 19.491877
0.93953092 -0.0067773593 -0.34239701 -5.1195636 -0.030208768 0.9942667 -0.10257266 -1.0196969 0.34112915 0.10671358 0.93393957 20.240172
0.93711108 -0.0069389332 -0.34896228 -5.40725 -0.030222153 0.99443408 -0.10093304 -1.0989489 0.34772038 0.10513186 0.93168548 20.94684
0.93451716 -0.0061468352 -0.35586498 -5.6856237 -0.031215009 0.99458264 -0.099151355 -1.1877174 0.35454663 0.10376697 0.92926267 21.668154
0.9318463 -0.0063401569 -0.36279783 -5.9650116 -0.030507274 0.99493827 -0.095745205 -1.2693452 0.36156852 0.10028779 0.92693612 22.352831
0.92777553 -0.0027703353 -0.3731285 -6.3241052 -0.03337688 0.99534782 -0.09038092 -1.3533443 0.37164306 0.096307073 0.92336688 23.201461
0.92503352 -0.0013596349 -0.37988305 -6.6218914 -0.033389506 0.99583249 -0.084869219 -1.4326967 0.37841531 0.091190981 0.92113304 23.920418
0.92184535 0.0013698088 -0.38755549 -6.9535417 -0.035489766 0.99609053 -0.080895821 -1.5053334 0.38592957 0.088327692 0.91829004 24.647913
0.91720729 0.0022197464 -0.39840412 -7.2851647 -0.036689166 0.99620593 -0.078915456 -1.579252 0.39671741 0.086998947 0.91380878 25.364811
0.91416673 0.0043213365 -0.4053153 -7.6692499 -0.039425292 0.99614989 -0.078300988 -1.6603583 0.40341646 0.087559834 0.91081746 26.175654
0.91081464 0.0044660491 -0.41279138 -7.99982 -0.039892672 0.9962138 -0.077244071 -1.7332532 0.41088353 0.086822383 0.90754428 26.915011
0.90621707 0.0049118666 -0.42278419 -8.3987928 -0.040579365 0.99632698 -0.07540463 -1.802421 0.42086096 0.085489279 0.90308784 27.685237
0.90206319 0.004909502 -0.43157604 -8.7924697 -0.040414502 0.99650272 -0.073136822 -1.8812285 0.42970767 0.083415968 0.89910684 28.488621
0.89869401 0.0061216604 -0.43853345 -9.1656659 -0.04040043 0.99680668 -0.068878462 -1.9524285 0.43671146 0.079617602 0.89607151 29.255308
0.89501826 0.0068239245 -0.44597729 -9.5876747 -0.039201201 0.99721714 -0.063413215 -2.0130129 0.4443035 0.074238832 0.89279505 30.065382
0.89147832 0.0062299171 -0.4530205 -9.9952557 -0.037058492 0.9975576 -0.059207339 -2.0847774 0.45154522 0.069570316 0.88953184 30.880709
0.8877634 0.0059580792 -0.46026148 -10.435579 -0.036353666 0.99770038 -0.057204598 -2.1444293 0.45886227 0.067516342 0.88593848 31.666151
0.88435975 0.0043098526 -0.46678607 -10.883437 -0.0344866 0.99782801 -0.056124354 -2.2039725 0.46553037 0.065731985 0.88258756 32.502928
0.88134844 0.0052921246 -0.47243719 -11.325574 -0.035057254 0.9979133 -0.054222176 -2.265175 0.47116444 0.064350981 0.87969486 33.333177
0.87887446 0.0038837438 -0.47703729 -11.805761 -0.032961327 0.99807149 -0.052600946 -2.3260682 0.47591307 0.061953411 0.87730756 34.172827
0.8761704 0.00094117135 -0.48200055 -12.261422 -0.030045448 0.99816004 -0.052666933 -2.3837036 0.48106416 0.060627131 0.87458656 35.00015
0.87443085 0.0015450344 -0.4851477 -12.751906 -0.031314401 0.99808943 -0.05326253 -2.4448926 0.48413854 0.06176651 0.87280857 35.832489
0.87275719 0.0024897447 -0.4881482 -13.255437 -0.032778758 0.99802893 -0.053514602 -2.5053529 0.48705283 0.062706147 0.87111853 36.713244
0.87221195 0.0016276302 -0.48912539 -13.756256 -0.031450503 0.99811177 -0.052761411 -2.5671181 0.48811597 0.061402373 0.8706162 37.563724
0.87209892 0.0028786301 -0.48932114 -14.25975 -0.032002055 0.9981774 -0.051163888 -2.629301 0.48828206 0.060279254 0.87060155 38.460902
0.87132994 0.0012417947 -0.49069601 -14.768186 -0.029834574 0.99828082 -0.050450982 -2.6947471 0.4897898 0.058599158 0.86986902 39.364987
0.87137061 -0.00086148995 -0.49062459 -15.29888 -0.027835945 0.99830089 -0.051190766 -2.7546272 0.48983511 0.058263129 0.86986608 40.248097
0.86968368 -0.0022067527 -0.4936045 -15.803053 -0.026873694 0.99829521 -0.05181193 -2.8248829 0.49287739 0.058324967 0.86814175 41.185563
0.86906191 -0.0036378164 -0.49468995 -16.347312 -0.024219027 0.99846103 -0.049889937 -2.8807991 0.49411017 0.055338353 0.86763635 42.082421
0.86689563 -0.0026637882 -0.49848254 -16.869719 -0.023521567 0.99865329 -0.046242227 -2.9460773 0.49793445 0.051812276 0.86566552 43.021232
0.86367408 -0.00075323208 -0.50405008 -17.398555 -0.023508056 0.99885054 -0.041772958 -3.0163636 0.5035022 0.047927459 0.86266361 43.914711
0.85981806 -0.0044338954 -0.51058126 -17.949651 -0.018467353 0.999038 -0.039774653 -3.075553 0.51026648 0.043628049 0.85890904 44.81688
0.85447787 -0.0071680347 -0.51943832 -18.521903 -0.017042864 0.99897975 -0.041821078 -3.1349769 0.51920818 0.044587902 0.85348392 45.720602
0.84879022 -0.010861132 -0.52861818 -19.077961 -0.015391916 0.99885769 -0.045237249 -3.1907474 0.5285057 0.046533381 0.84765346 46.592391
0.84302887 -0.010685261 -0.53776214 -19.67833 -0.016196131 0.99884498 -0.045236959 -3.2541045 0.53762443 0.046845729 0.8418821 47.525413
0.83736396 -0.004941503 -0.54662341 -20.273522 -0.020121696 0.99900285 -0.039855149 -3.3180944 0.54627533 0.044372256 0.83642955 48.423468
0.83289315 -0.0028260258 -0.55342658 -20.874178 -0.019607503 0.99920849 -0.034611172 -3.3769706 0.5530864 0.039678722 0.8321785 49.27509
0.82870783 -0.0040525688 -0.55966677 -21.478431 -0.019643904 0.99914705 -0.036321913 -3.4288564 0.55933665 0.041094294 0.82792138 50.169486
0.8254954 -0.0050648127 -0.5643861 -22.089327 -0.021722744 0.99893374 -0.040737071 -3.4832257 0.56399069 0.04588828 0.82450518 51.045119
0.8220904 -0.0074657514 -0.56930801 -22.689322 -0.024011171 0.99856984 -0.047767508 -3.5497647 0.56885048 0.052938962 0.82073542 51.904877
0.81936428 -0.006867841 -0.57323204 -23.332848 -0.026260271 0.99842894 -0.049497892 -3.6143814 0.57267146 0.055610034 0.81789667 52.768153
0.81589942 -0.0058739281 -0.57816399 -23.951017 -0.025196404 0.99863727 -0.045702697 -3.6758306 0.57764461 0.051856458 0.81463958 53.605584
0.81292565 -0.0040475199 -0.58235339 -24.587732 -0.023589465 0.9989263 -0.039872102 -3.7447839 0.58188955 0.04615046 0.81195734 54.502888
0.8086501 -0.0037658877 -0.58827783 -25.225105 -0.02204156 0.99908344 -0.036694133 -3.7942604 0.58787687 0.042639276 0.80782591 55.341409
0.80834274 -0.0013972456 -0.58871048 -25.869043 -0.025496044 0.99897586 -0.037378909 -3.8547645 0.58815983 0.045224759 0.80747927 56.207493
0.80517663 -0.00367438 -0.59302367 -26.517648 -0.024370356 0.99893108 -0.039278183 -3.908588 0.59253415 0.046078073 0.80422642 57.100169
0.8007887 -0.0052212959 -0.59892417 -27.187165 -0.024771144 0.99881772 -0.041827621 -3.9745471 0.59843452 0.048331124 0.79971261 57.950061
0.79663945 -0.0070008625 -0.60441421 -27.811537 -0.023216327 0.9988407 -0.042169404 -4.0258847 0.60400879 0.04762609 0.79555337 58.770997
0.79181153 -0.006515113 -0.61073072 -28.490706 -0.023544293 0.99887427 -0.041180866 -4.0898895 0.61031155 0.046986708 0.79076677 59.624546
0.78767091 -0.0053859157 -0.61607264 -29.161312 -0.024719609 0.99888029 -0.040337451 -4.152892 0.61560013 0.047001712 0.7866558 60.484698
0.78192898 -0.0072402709 -0.62332545 -29.834337 -0.023665744 0.9988669 -0.041289822 -4.2118284 0.62291816 0.047037169 0.78087163 61.317925
0.77730928 -0.009840183 -0.62904167 -30.554014 -0.021730917 0.99886103 -0.042478295 -4.2707615 0.62874326 0.046688426 0.77621011 62.158462
0.77046673 -0.0079938809 -0.63743005 -31.235516 -0.024916423 0.99877966 -0.042642167 -4.3370975 0.63699311 0.048736848 0.76932733 62.966228
0.76490988 -0.0095676672 -0.64406622 -31.962844 -0.024454006 0.99873754 -0.043878559 -4.3990375 0.64367298 0.049313143 0.76371025 63.815293
0.76124204 -0.014018606 -0.64831628 -32.667527 -0.020273991 0.99876306 -0.045401728 -4.4569973 0.64815088 0.047705663 0.76001622 64.632252
0.75444314 -0.014149547 -0.65621285 -33.398932 -0.020426251 0.99877724 -0.045019979 -4.5220823 0.65604752 0.047368983 0.75323161 65.473785
0.74778234 -0.012891855 -0.66381875 -34.111109 -0.021537166 0.99881432 -0.043659026 -4.5932187 0.66359457 0.046944224 0.74661806 66.306491
0.7425562 -0.016875319 -0.66957112 -34.890226 -0.015821252 0.99896169 -0.042722817 -4.6471984 0.66959691 0.042317546 0.7415182 67.104005
0.73679496 -0.016258568 -0.67592071 -35.666996 -0.017867 0.9988935 -0.043503465 -4.7216437 0.67588016 0.044129809 0.73568921 67.933251
0.72981752 -0.016067441 -0.68345314 -36.443682 -0.020171745 0.99878238 -0.045020744 -4.7926913 0.68334437 0.04664337 0.72860477 68.747203
0.72344861 -0.018667978 -0.69012577 -37.195835 -0.01721722 0.99883558 -0.045067167 -4.8399591 0.69016354 0.044485827 0.7222848 69.504447
0.71914046 -0.017032352 -0.69465593 -38.006971 -0.018900456 0.99885019 -0.044057566 -4.9142549 0.69460767 0.044812892 0.71799166 70.331799
0.71394472 -0.018232938 -0.69996461 -38.793916 -0.01771142 0.99887081 -0.044084119 -4.9672703 0.69997806 0.043870992 0.71281561 71.107819
0.70831708 -0.016630837 -0.70569844 -39.616136 -0.021309038 0.99876305 -0.044925449 -5.0458787 0.70557273 0.046859218 0.70708654 71.962606
0.70482057 -0.019599836 -0.70911477 -40.415959 -0.020101578 0.99866501 -0.047582812 -5.1126321 0.70910079 0.047791672 0.70348566 72.743677
0.69977555 -0.02155559 -0.71403746 -41.270025 -0.020497019 0.99852725 -0.050231476 -5.1825729 0.71406869 0.049786399 0.69830313 73.509704
0.69527269 -0.020270763 -0.71846012 -42.11085 -0.023607396 0.99841883 -0.051015061 -5.2549212 0.71835829 0.052430351 0.6936948 74.306737
0.69002623 -0.020553389 -0.72349245 -42.952604 -0.022218427 0.99852412 -0.049557325 -5.3274687 0.72344329 0.050270719 0.68855116 75.108882
0.68536299 -0.020553036 -0.72791146 -43.801646 -0.021472442 0.99859656 -0.048413314 -5.4042508 0.72788498 0.048810731 0.6839598 75.899061
0.67882194 -0.023061302 -0.73394067 -44.662615 -0.018298226 0.99866509 -0.048303296 -5.4703575 0.73407493 0.04621915 0.67749379 76.673429
0.67569292 -0.023675006 -0.73680291 -45.536589 -0.018484599 0.99862578 -0.049039414 -5.5434781 0.73695146 0.046755091 0.67432675 77.448939
0.67162568 -0.024269772 -0.74049299 -46.443668 -0.017772831 0.99864795 -0.048850762 -5.6194531 0.74067747 0.045970084 0.67028627 78.247433
0.66725424 -0.024423364 -0.74442947 -47.313223 -0.017606805 0.99866576 -0.048545891 -5.6931914 0.74462194 0.045499477 0.66593394 79.039484
0.66373456 -0.027495701 -0.74746262 -48.210894 -0.014105016 0.99868628 -0.049262082 -5.7667321 0.74783523 0.043239919 0.66247478 79.802438
0.65945639 -0.03189294 -0.75106595 -49.126832 -0.01156125 0.9985512 -0.052553138 -5.8508166 0.75165395 0.043339764 0.65813225 80.580201
0.65301662 -0.035721019 -0.75650066 -50.016195 -0.0082372624 0.99849297 -0.054258055 -5.9226128 0.75729881 0.041662907 0.65173826 81.349789
0.64951784 -0.040228338 -0.75928138 -50.940204 -0.0017192127 0.99851914 -0.05437434 -6.0038781 0.76034444 0.03662247 0.64848683 82.128519
0.64093472 -0.043354379 -0.76637004 -51.853885 0.0023693892 0.99851067 -0.054505245 -6.0881146 0.76759177 0.033118475 0.64008288 82.922413
0.63198295 -0.04469318 -0.77369245 -52.781097 0.0052221952 0.99855863 -0.053417119 -6.1669988 0.77496472 0.029718336 0.63130543 83.662631
0.62441684 -0.044607277 -0.77981648 -53.713808 0.0079518115 0.99867925 -0.050759528 -6.2388703 0.78105085 0.02549415 0.62394685 84.427075
0.61443661 -0.045318207 -0.78766355 -54.72817 0.0090494301 0.9986881 -0.050400267 -6.3202722 0.78891433 0.023839863 0.61404063 85.151439
0.60524393 -0.044775337 -0.79477978 -55.668011 0.0050125473 0.99861142 -0.052441381 -6.3964907 0.79602431 0.027755956 0.60462794 85.842395
0.59362504 -0.046701772 -0.80338546 -56.693337 0.005191983 0.99851614 -0.054208575 -6.4913543 0.80472505 0.028008404 0.59298666 86.582313
0.58395356 -0.048917694 -0.81031182 -57.678805 0.0061451242 0.99842053 -0.055845123 -6.5619126 0.81176384 0.027631491 0.58333183 87.286887
0.57587866 -0.04838353 -0.81610216 -58.648618 0.0069410622 0.99850058 -0.054299296 -6.6504256 0.81750574 0.02560519 0.57535101 87.990061
0.56408034 -0.049283943 -0.82424778 -59.703936 0.0097676172 0.99854562 -0.053021124 -6.7297909 0.82566217 0.021857237 0.56374134 88.703413
0.55635066 -0.050605895 -0.82940517 -60.740251 0.011156691 0.99850874 -0.05343998 -6.8134368 0.83087275 0.020477951 0.55608559 89.383916
0.54591761 -0.049919831 -0.83635035 -61.776854 0.0074398855 0.99847291 -0.054740258 -6.9041585 0.83780587 0.02366132 0.54545534 90.058966
0.53524608 -0.051991014 -0.8430946 -62.830673 0.0090374365 0.99839935 -0.055830676 -6.9742742 0.84464787 0.022263736 0.5348592 90.700228
0.52477598 -0.052717729 -0.84960635 -63.907208 0.0072809593 0.99832194 -0.057448243 -7.0660441 0.85120927 0.023961509 0.52427921 91.37058
0.51812261 -0.052065946 -0.85372012 -64.999005 0.0053839123 0.99832422 -0.05761744 -7.1621619 0.85528945 0.025256544 0.51753467 91.996612
0.50743673 -0.049913294 -0.86024215 -66.081695 0.0043519927 0.99845666 -0.055365689 -7.2447943 0.86167806 0.024350816 0.50687081 92.632704
0.50083671 -0.048498803 -0.86418192 -67.184886 0.0052477211 0.99858072 -0.053000088 -7.339187 0.86552592 0.022009404 0.50038039 93.269583
0.49212565 -0.048668479 -0.86916262 -68.276157 0.0056441151 0.99859337 -0.052720177 -7.4196095 0.87050592 0.021039297 0.49170811 93.870053
0.48376314 -0.051999963 -0.87365277 -69.402989 0.0071961344 0.99843595 -0.055442402 -7.5076261 0.87516941 0.020534068 0.48338071 94.475352
0.47877227 -0.055205494 -0.87620169 -70.490911 0.0098282947 0.99829553 -0.057527717 -7.5904891 0.87788415 0.018931107 0.4784988 95.095725
0.47085258 -0.058206814 -0.88028958 -71.615702 0.011029856 0.99813147 -0.060099106 -7.6838605 0.88214299 0.018588352 0.4706148 95.712185
0.46599147 -0.062426791 -0.88258415 -72.738641 0.013651566 0.9978964 -0.063375211 -7.7785585 0.88468393 0.017483652 0.46586343 96.264833
0.46192484 -0.062470235 -0.88471625 -73.900895 0.014418671 0.99791347 -0.06293492 -7.8875661 0.8868019 0.016314769 0.46186176 96.894077
0.45708591 -0.059911711 -0.88740238 -75.002837 0.016249904 0.99812471 -0.059016922 -7.9778266 0.88927413 0.0125556 0.45720231 97.400077
0.45101473 -0.059019492 -0.89056294 -76.183797 0.021496708 0.99824008 -0.055268739 -8.0771505 0.89225763 0.005782843 0.4514897 97.994811
0.44871108 -0.057395897 -0.89183183 -77.223325 0.021839119 0.9983417 -0.053262578 -8.1619257 0.89341003 0.0044226872 0.44922046 98.564475
0.4450983 -0.058747906 -0.89355253 -78.382983 0.024616608 0.9982713 -0.053370716 -8.2575071 0.89514334 0.0017589824 0.44577504 99.117028
0.44427327 -0.05757612 -0.89403925 -79.478554 0.026473409 0.99834067 -0.051137749 -8.3476488 0.89550013 -0.00094913222 0.44506031 99.662612
0.44146331 -0.057945989 -0.89540625 -80.576757 0.029647648 0.99830967 -0.049988141 -8.4267129 0.8967894 -0.0044787597 0.44243505 100.17806
0.43921832 -0.057543892 -0.8965355 -81.706789 0.029542762 0.99833192 -0.049604486 -8.5158518 0.89789452 -0.0046989363 0.44018567 100.72956
0.43674992 -0.057557891 -0.89773968 -82.814279 0.031316352 0.99831892 -0.048771062 -8.6014203 0.89903774 -0.0068131754 0.43781822 101.27612
0.43417705 -0.056586087 -0.89904851 -83.858559 0.034140003 0.99834177 -0.046348388 -8.680646 0.90018043 -0.010570113 0.43538894 101.81055
0.43055886 -0.056531734 -0.9007903 -84.990106 0.036757695 0.9983068 -0.045082261 -8.7723607 0.90181373 -0.013700409 0.43190781 102.3468
0.43090985 -0.057579681 -0.90055606 -86.08273 0.039484711 0.99820951 -0.044930279 -8.8476457 0.90153077 -0.016197297 0.43241183 102.83806
0.42939951 -0.059151752 -0.90117538 -87.078644 0.041607088 0.99808892 -0.045687717 -8.9181208 0.90215574 -0.017877001 0.43104003 103.35294
0.42807659 -0.060023107 -0.90174696 -88.166955 0.041011669 0.99805429 -0.046964599 -9.007195 0.90281147 -0.016877703 0.42970533 103.84064
0.42649321 -0.060377442 -0.90247329 -89.203266 0.039436449 0.99806199 -0.048135555 -9.085133 0.90363067 -0.015060856 0.42804773 104.33179
0.43224168 -0.060544899 -0.89972294 -90.239441 0.03810803 0.9980786 -0.048855806 -9.1623266 0.90095226 -0.013169154 0.43371842 104.7721
0.43565811 -0.059858881 -0.89811962 -91.257496 0.035508748 0.99815254 -0.049301473 -9.2448555 0.89941159 -0.010412518 0.43697876 105.2739
0.43993168 -0.06120227 -0.89594326 -92.248907 0.035135555 0.99808413 -0.050927077 -9.3277832 0.89734368 -0.0090750305 0.4412392 105.78096
0.44559245 -0.05982918 -0.89323444 -93.222397 0.031924887 0.99819166 -0.050933438 -9.4002095 0.89466655 -0.0058208539 0.44669671 106.25396
0.45231515 -0.05926772 -0.88988666 -94.237542 0.031684154 0.99822747 -0.050378824 -9.4764213 0.89129523 -0.0054082013 0.45339126 106.76431
0.4614573 -0.058814707 -0.88521067 -95.229652 0.032261335 0.99825257 -0.049507656 -9.5547111 0.88657568 -0.0057124099 0.46254838 107.30021
0.47085234 -0.057999227 -0.88030341 -96.220793 0.03091754 0.99830848 -0.049237029 -9.6274543 0.88167014 -0.0040334466 0.47184908 107.76798
0.47937487 -0.057289747 -0.87573829 -97.168798 0.028950406 0.99835624 -0.049463956 -9.6994554 0.87713264 -0.0016412023 0.48024546 108.29143
0.48873139 -0.058397034 -0.87047766 -98.170576 0.029807703 0.99829246 -0.050236051 -9.7815435 0.87192499 -0.0013950048 0.48963754 108.86048
0.4998218 -0.05983713 -0.86405881 -99.08885 0.028102662 0.99820585 -0.052870766 -9.8534646 0.86567227 0.0021436079 0.50060663 109.3652
0.51073206 -0.059348951 -0.85768899 -99.988428 0.02418302 0.99821147 -0.054672219 -9.931999 0.85939979 0.0071813446 0.51125384 109.90173
0.52395192 -0.057139256 -0.84982906 -100.96097 0.021220213 0.99831328 -0.054039699 -10.005626 0.8514835 0.01028065 0.52428067 110.47576
0.53646056 -0.055468504 -0.8421005 -101.90755 0.020822317 0.99840386 -0.052499217 -10.089779 0.84366851 0.010629275 0.53675927 111.07439
0.54702043 -0.054090524 -0.83536986 -102.77021 0.021722123 0.99849142 -0.050428537 -10.157942 0.83683741 0.0094394325 0.54737017 111.64924
0.56029401 -0.053690108 -0.82655183 -103.6668 0.022422047 0.99851441 -0.049661022 -10.235479 0.8279903 0.0092917882 0.56066549 112.23835
0.57027076 -0.053174338 -0.81973392 -104.54202 0.021029447 0.99852067 -0.050142121 -10.305057 0.8211876 0.011356034 0.57054537 112.84491
0.58147496 -0.053962832 -0.81177264 -105.38877 0.020982228 0.99846062 -0.051343344 -10.38266 0.81329372 0.01282207 0.58171211 113.4931
0.59343284 -0.055322409 -0.80297997 -106.2211 0.021817477 0.99837412 -0.052660409 -10.447108 0.80458779 0.013731419 0.59367499 114.04312
0.60418077 -0.055399648 -0.79491913 -107.05968 0.02352167 0.99838552 -0.051701946 -10.526799 0.79650008 0.012539496 0.60450843 114.6689
0.61468387 -0.053455742 -0.78696008 -107.89881 0.022519709 0.99848355 -0.050234032 -10.598085 0.78845206 0.013155937 0.61495554 115.31615
0.62384481 -0.051312301 -0.77986194 -108.6653 0.023010806 0.99861573 -0.047298243 -10.663052 0.78120945 0.011561511 0.62416198 115.94643
0.63394976 -0.050094428 -0.77175009 -109.47107 0.022241088 0.99866815 -0.046553901 -10.738142 0.77305439 0.012348273 0.63421959 116.577
0.64388518 -0.049012111 -0.76355068 -110.26555 0.020024242 0.99868382 -0.047219249 -10.808334 0.76486009 0.015114251 0.64401914 117.24265
0.65320635 -0.049164689 -0.75558206 -111.02213 0.019335557 0.9986474 -0.048264884 -10.879596 0.75693305 0.016917329 0.65327346 117.86551
0.66269252 -0.047010304 -0.74741462 -111.74284 0.016913502 0.99871276 -0.047819964 -10.936968 0.74870061 0.019048534 0.66263459 118.51428
0.67081745 -0.04593259 -0.74019869 -112.47165 0.017661178 0.99878653 -0.045973367 -11.005652 0.74141222 0.017766956 0.67081466 119.18563
0.6798578 -0.044201779 -0.73201061 -113.18472 0.017362813 0.99887224 -0.044190189 -11.064652 0.73313842 0.017333281 0.67985856 119.84863
0.68836265 -0.044793748 -0.72398228 -113.90026 0.019685364 0.99887745 -0.043085027 -11.13445 0.72509957 0.015406269 0.68847171 120.48646
0.69612139 -0.043572603 -0.71660058 -114.59281 0.0181184 0.99890484 -0.04313739 -11.198457 0.71769546 0.017045203 0.69614849 121.15865
0.70359925 -0.041067809 -0.70940926 -115.26644 0.015419655 0.99897587 -0.042537496 -11.254133 0.71042971 0.018990504 0.70351192 121.79782
0.71018943 -0.038917974 -0.70293408 -115.91855 0.015379983 0.99909025 -0.039775946 -11.313033 0.70384264 0.017437342 0.7101419 122.47563
0.71738295 -0.036872449 -0.69570258 -116.57337 0.014781514 0.99917922 -0.037714649 -11.367409 0.69652225 0.016772308 0.71733917 123.17425
0.72440633 -0.035209893 -0.68847345 -117.18511 0.014028295 0.99924092 -0.036342695 -11.423702 0.68923052 0.01666877 0.72435038 123.80804
0.73186989 -0.035406968 -0.68052389 -117.82125 0.015073764 0.99924605 -0.03577867 -11.483155 0.68127768 0.015927274 0.73185182 124.47492
0.74021348 -0.031206905 -0.67164729 -118.41776 0.010650286 0.99934119 -0.034695086 -11.524475 0.67228759 0.018528535 0.74005819 125.12226
0.74956744 -0.028847897 -0.66129903 -119.03511 0.01035367 0.99943862 -0.031862936 -11.576607 0.66184703 0.017036547 0.74944533 125.77705
0.75877705 -0.025701251 -0.65084314 -119.6162 0.0088536727 0.99953587 -0.029148896 -11.614793 0.65129028 0.016355161 0.75865243 126.45714
0.7681368 -0.022569213 -0.63988784 -120.1789 0.006545421 0.99960314 -0.027399298 -11.667487 0.64025233 0.016858074 0.76797969 127.14268
0.77762167 -0.022077414 -0.62834472 -120.70249 0.0050656616 0.99957087 -0.028851633 -11.710382 0.6287121 0.019252673 0.77739981 127.79618
0.78750976 -0.023142706 -0.61586749 -121.22529 0.0055316353 0.99951989 -0.030486068 -11.756209 0.61627739 0.020601321 0.78725968 128.46001
0.79711692 -0.022251052 -0.60341484 -121.72662 0.0051789628 0.99953598 -0.030016644 -11.795802 0.6038028 0.020801712 0.79686228 129.11866
0.80671683 -0.020996718 -0.59056504 -122.22468 0.0049678175 0.99957422 -0.02875239 -11.83327 0.59091735 0.020261217 0.80647765 129.8097
0.81660003 -0.018850067 -0.57689604 -122.72601 0.0047725705 0.99965294 -0.025908037 -11.872519 0.57718424 0.018403227 0.81640658 130.5088
0.82662367 -0.017578783 -0.56248046 -123.19451 0.005119009 0.99970553 -0.023720136 -11.910713 0.56273184 0.016728284 0.82647025 131.19203
0.83546717 -0.016259885 -0.54929973 -123.6483 0.0055313899 0.99976036 -0.021180957 -11.940888 0.54951254 0.014657603 0.8353569 131.90407
0.84362905 -0.015616427 -0.53669929 -124.12781 0.0063179029 0.99979646 -0.01916023 -11.97579 0.53688931 0.012773313 0.84355601 132.61294
0.85054479 -0.015987946 -0.5256595 -124.5726 0.0078995294 0.99981342 -0.017627495 -12.002695 0.5258433 0.010840511 0.8505124 133.33031
0.85709048 -0.015809059 -0.51492326 -125.00172 0.0081683404 0.99982042 -0.017100049 -12.034315 0.51510117 0.010450221 0.85706569 134.04372
0.86391771 -0.014801029 -0.50341543 -125.42566 0.0074449679 0.99983416 -0.016619941 -12.061376 0.50357798 0.01061035 0.86388463 134.77984
0.87019285 -0.013098145 -0.49253713 -125.83113 0.0059353184 0.99985272 -0.016103039 -12.091563 0.49267555 0.011089384 0.87014243 135.51805
0.87627241 -0.012088461 -0.48166431 -126.24317 0.005014619 0.99985988 -0.015970863 -12.111459 0.48178993 0.011579464 0.87621025 136.26733
0.8821066 -0.012507741 -0.47088373 -126.64866 0.0057502658 0.99985885 -0.015786548 -12.145084 0.47101476 0.011217712 0.88205401 137.00085
0.88665759 -0.013833663 -0.46221957 -127.05321 0.0068696548 0.99983617 -0.016746078 -12.171075 0.46237554 0.011672749 0.88660737 137.76342
0.89129164 -0.014205971 -0.45320788 -127.46238 0.007251866 0.99982786 -0.017078252 -12.202459 0.45337251 0.0119351 0.89124123 138.54353
0.8944677 -0.013703628 -0.44692252 -127.84771 0.0070047891 0.99983704 -0.016637868 -12.230227 0.44707772 0.011751437 0.89441793 139.33298
0.89749336 -0.011967073 -0.44086556 -128.2211 0.0067851143 0.99988815 -0.013328643 -12.25738 0.44097579 0.0089710457 0.89747417 140.12212
0.9008358 -0.0081119066 -0.43408414 -128.6337 0.0044255476 0.99994506 -0.0095022349 -12.276153 0.43413741 0.0066388932 0.90082221 140.91331
0.90386545 -0.0055790483 -0.42778043 -129.02013 0.002908024 0.99997199 -0.0068970659 -12.29282 0.42780696 0.0049900236 0.90385636 141.72778
0.90713544 -0.003079449 -0.42082751 -129.39413 0.001274651 0.99998875 -0.0045698852 -12.313947 0.42083688 0.0036090963 0.90712916 142.57601
0.91024719 -0.00093051128 -0.4140642 -129.79208 -9.4538548e-05 0.99999698 -0.002455083 -12.326386 0.41406527 0.0022738772 0.91024436 143.39991
0.91284922 0.000109203 -0.40829679 -130.17636 -5.1847877e-05 0.99999999 0.00015154075 -12.343047 0.40829684 -0.00011716487 0.91284922 144.22954
0.91654844 0.00028125351 -0.39992358 -130.5716 0.0007602247 0.99999672 0.0024455552 -12.356406 0.39992299 -0.002545502 0.91654522 145.10015
0.92025912 -0.00016865601 -0.39130948 -130.94432 0.0016282236 0.9999929 0.003398161 -12.367871 0.39130616 -0.0037643284 0.92025286 145.99968
0.92323925 -0.00065319497 -0.38422499 -131.32587 0.0022333915 0.99999078 0.0036665119 -12.367395 0.38421909 -0.0042431929 0.9232322 146.89815
0.92732537 -0.0032038189 -0.37424241 -131.70338 0.0046524943 0.99998477 0.0029676098 -12.392307 0.37422724 -0.0044931009 0.92732616 147.81861
0.93117113 -0.0048755226 -0.36454979 -132.06495 0.0059530124 0.9999806 0.0018319715 -12.396329 0.36453382 -0.0038760488 0.93118209 148.74258
0.93542913 -0.0056740656 -0.35346873 -132.42732 0.0060420908 0.99998174 -6.228196e-05 -12.416488 0.35346266 -0.0020774301 0.93544634 149.68517
0.94025384 -0.004280599 -0.34044732 -132.78474 0.0040254128 0.99999084 -0.0014558793 -12.427594 0.34045046 -1.5451781e-06 0.94026246 150.64259
0.94590196 -0.00088551581 -0.32445138 -133.1324 0.00090470056 0.99999959 -9.1716496e-05 -12.439174 0.32445135 -0.00020677679 0.94590237 151.63254
0.952181 0.0031727029 -0.30551803 -133.45787 -0.0024407227 0.99999316 0.0027778115 -12.446368 0.30552478 -0.0018992948 0.95218224 152.63688
0.95830443 0.0062392498 -0.28568109 -133.78645 -0.0051636976 0.99997646 0.0045180057 -12.461336 0.28570258 -0.0028544544 0.95831409 153.65973
0.96448795 0.0074863285 -0.26402071 -134.06641 -0.0063345082 0.99996635 0.0052136819 -12.472575 0.26405087 -0.0033560924 0.96450292 154.6926
0.96995805 0.0089837148 -0.2431063 -134.33118 -0.007606457 0.99994927 0.0066033473 -12.4748 0.24315331 -0.0045557925 0.96997717 155.72809
0.97513042 0.0098478941 -0.22141293 -134.57149 -0.0080337449 0.99992639 0.0090926065 -12.492825 0.2214862 -0.0070877025 0.97513775 156.83557
0.97996481 0.011741168 -0.19882433 -134.81165 -0.0094355052 0.99987685 0.012540011 -12.48568 0.1989471 -0.010412762 0.97995491 157.90612
0.98428652 0.013619439 -0.1760527 -135.03179 -0.010873 0.99980383 0.016555389 -12.500748 0.17624365 -0.014381025 0.98424152 159.00603
0.98802098 0.015581145 -0.15353102 -135.22856 -0.012627859 0.99971636 0.020192252 -12.490059 0.1538021 -0.018011601 0.9879375 160.13593
0.99114542 0.017025038 -0.13168484 -135.34916 -0.014505338 0.99969335 0.020070031 -12.480824 0.13198616 -0.017982187 0.99108844 161.25417
0.99378149 0.016714275 -0.1100862 -135.48063 -0.014819247 0.99972798 0.018009842 -12.479183 0.11035729 -0.016266453 0.99375886 162.432
0.99597103 0.016606349 -0.088124588 -135.60656 -0.015153388 0.99973842 0.017131098 -12.464408 0.088386028 -0.015726691 0.99596214 163.5626
0.99757784 0.015335501 -0.067847461 -135.6995 -0.014093847 0.99972502 0.018741681 -12.463924 0.068116223 -0.017740054 0.99751966 164.73119
0.9987197 0.01582987 -0.048045562 -135.76397 -0.014848105 0.999675 0.020722649 -12.459951 0.048357988 -0.019982733 0.99863016 165.93917
0.99951143 0.016163561 -0.026751482 -135.79744 -0.015585382 0.99964343 0.021682198 -12.453101 0.027092407 -0.021254673 0.99940694 167.13728
0.99981656 0.017436378 -0.007926217 -135.84119 -0.017256518 0.99960415 0.022220499 -12.444016 0.0083105252 -0.022079644 0.99972167 168.3547
0.99975308 0.017869897 0.013207526 -135.83911 -0.018166565 0.99957739 0.022694091 -12.434714 -0.012796405 -0.022928424 0.99965521 169.60161
0.99922445 0.019987355 0.033926417 -135.79674 -0.020749144 0.99953704 0.022252534 -12.419732 -0.033465944 -0.02293922 0.99917657 170.81437
0.99832876 0.020889651 0.053882411 -135.7515 -0.022059469 0.99953169 0.021207905 -12.405054 -0.053414156 -0.022361079 0.99832205 172.05592
0.9970624 0.021162733 0.073611838 -135.66585 -0.022621861 0.99956268 0.019044863 -12.404041 -0.073176611 -0.020654154 0.9971051 173.30272
0.99542488 0.023180964 0.092692821 -135.54822 -0.02479899 0.99955888 0.016342065 -12.398672 -0.092273115 -0.018565987 0.99556063 174.59657
0.99345594 0.023518203 0.11176847 -135.4284 -0.025297781 0.99957435 0.014530363 -12.390241 -0.11137918 -0.01726277 0.99362804 175.87496
0.99100206 0.023144607 0.13183038 -135.27446 -0.024891183 0.99962268 0.011615972 -12.397222 -0.1315118 -0.014792866 0.99120423 177.14862
0.98841669 0.024666095 0.14974654 -135.10711 -0.025910162 0.99964403 0.0063622244 -12.396502 -0.14953631 -0.010168486 0.98870395 178.45829
0.98535075 0.026173801 0.16851954 -134.88969 -0.026548558 0.99964752 -2.9287038e-05 -12.42137 -0.16846092 -0.0044450926 0.98569831 179.78214
0.98232369 0.028891509 0.18494716 -134.65987 -0.028360444 0.99958254 -0.005516783 -12.432788 -0.18502936 0.00017408313 0.98273298 181.08109
0.97894199 0.030794555 0.20180254 -134.40405 -0.029516142 0.99952065 -0.0093418278 -12.463249 -0.2019935 0.0031886755 0.97938167 182.37085
0.97491633 0.033060521 0.22010259 -134.12639 -0.031137151 0.99944063 -0.012203 -12.493973 -0.22038293 0.0050435363 0.9754004 183.72541
0.97074754 0.032715368 0.23786323 -133.80879 -0.030637005 0.99945328 -0.012430197 -12.530403 -0.23813986 0.0047791665 0.97121912 185.05615
0.96684057 0.03148166 0.25343285 -133.48278 -0.029121491 0.99949056 -0.013059807 -12.56507 -0.2537149 0.0052464096 0.96726482 186.38881
0.96202988 0.031035845 0.27117389 -133.10373 -0.027344964 0.99947496 -0.017379547 -12.621431 -0.27157093 0.0093044037 0.96237345 187.71585
0.95729403 0.032606462 0.28727156 -132.72933 -0.027470373 0.99938286 -0.021892582 -12.667222 -0.28780813 0.013066182 0.95759896 189.07104
0.95202171 0.034767623 0.30404911 -132.3213 -0.029311923 0.99931726 -0.022490773 -12.702796 -0.3046235 0.012499441 0.95239083 190.4194
0.94638519 0.03667653 0.32095153 -131.87826 -0.03108045 0.99926262 -0.02254362 -12.761317 -0.32154172 0.01135963 0.94682728 191.74504
0.9397896 0.040598338 0.33933358 -131.43011 -0.033870011 0.999095 -0.025729591 -12.804184 -0.34007109 0.01268717 0.94031415 193.09261
0.93378799 0.041681198 0.35539085 -130.94552 -0.033499472 0.99901362 -0.029147295 -12.875212 -0.35625523 0.015311988 0.93426322 194.42693
0.9272754 0.042466821 0.37196355 -130.44119 -0.032887575 0.99894464 -0.032062726 -12.926641 -0.37293263 0.017497999 0.92769342 195.77137
0.91998203 0.042503988 0.38964915 -129.87832 -0.030501329 0.99885181 -0.03694224 -12.99752 -0.39077198 0.02210138 0.92022215 197.12297
0.91182001 0.045558318 0.40805476 -129.33084 -0.030814713 0.99861536 -0.042635859 -13.082937 -0.4094322 0.02630214 0.91196134 198.43831
0.90225065 0.049176196 0.42839871 -128.73927 -0.032328525 0.99839412 -0.046519266 -13.168336 -0.42999843 0.02812254 0.90239154 199.77016
0.89066845 0.052085985 0.45166 -128.08461 -0.034071994 0.99826931 -0.047932056 -13.246748 -0.45337494 0.027302614 0.89090165 201.09367
0.87750809 0.056358696 0.47623863 -127.41992 -0.036738608 0.99805231 -0.050416957 -13.339686 -0.47815253 0.026744945 0.87786951 202.42563
0.86339406 0.060821166 0.50085073 -126.70271 -0.039118779 0.99778885 -0.0537321 -13.440151 -0.50301137 0.026799308 0.86386422 203.70449
0.8484839 0.064509878 0.52527471 -125.95398 -0.040791986 0.9975621 -0.056620408 -13.550933 -0.52764676 0.026614508 0.84904687 205.01781
0.83359839 0.065967426 0.54841772 -125.16565 -0.040050361 0.99744814 -0.059103071 -13.652933 -0.55091716 0.027303898 0.83411318 206.25647
0.81773543 0.067091523 0.57167077 -124.34164 -0.039099496 0.99736419 -0.061121966 -13.758907 -0.57426477 0.027629559 0.81820328 207.49369
0.80203531 0.069560273 0.59321218 -123.46583 -0.037600467 0.99710534 -0.066084311 -13.887796 -0.59609193 0.030696897 0.8023292 208.71841
0.78545086 0.072137882 0.61470566 -122.54929 -0.03586839 0.99682059 -0.071148961 -14.019708 -0.61788384 0.033835511 0.78554105 209.93628
0.76907783 0.073819472 0.6348779 -121.61102 -0.033993486 0.99662632 -0.074702227 -14.145004 -0.63825055 0.035870115 0.76899259 211.09608
0.75202249 0.075443841 0.65480559 -120.64037 -0.032115486 0.99644204 -0.077922133 -14.283643 -0.65835462 0.037569798 0.75176974 212.26401
0.73661624 0.075950663 0.67203272 -119.63784 -0.029975774 0.99636417 -0.079748911 -14.424301 -0.67564637 0.038599642 0.7362147 213.40739
0.72075083 0.076453766 0.68896518 -118.59112 -0.028200855 0.99631038 -0.08105764 -14.571287 -0.69262038 0.038992955 0.72024759 214.53376
0.70555761 0.077138834 0.70444163 -117.54331 -0.025498018 0.99617761 -0.083546536 -14.716581 -0.70819372 0.04098503 0.70482758 215.59639
0.69094223 0.07854499 0.71863028 -116.46 -0.022633351 0.995943 -0.087093457 -14.872163 -0.72255561 0.043911538 0.68991682 216.67935
0.67674249 0.080590074 0.73179559 -115.36973 -0.020264374 0.99565311 -0.090907891 -15.032931 -0.73594089 0.046691855 0.67543387 217.7191
0.66161475 0.083438679 0.74518713 -114.24497 -0.019405008 0.99536207 -0.094222046 -15.198244 -0.74959283 0.047878335 0.66016536 218.75376
0.64575983 0.083615119 0.75894842 -113.07699 -0.017672439 0.99535622 -0.094623923 -15.362997 -0.76333608 0.047691861 0.64423874 219.77749
0.62996243 0.085268546 0.77193041 -111.91738 -0.018672482 0.99533004 -0.094707219 -15.537157 -0.77640114 0.045248134 0.6286127 220.74273
0.61304483 0.086094335 0.78534308 -110.73801 -0.020583383 0.99544774 -0.093059804 -15.704153 -0.78977998 0.040884816 0.6120262 221.69623
0.59413793 0.087082374 0.79963537 -109.51176 -0.022897859 0.99555054 -0.091404682 -15.868752 -0.80403723 0.035997052 0.59348833 222.63592
0.57652581 0.088359445 0.81228723 -108.30181 -0.024489371 0.9955576 -0.090913854 -16.036316 -0.81671189 0.032521782 0.57612852 223.53265
0.55804051 0.091610513 0.82474132 -107.10618 -0.026050959 0.99533154 -0.092932583 -16.210935 -0.82940472 0.030374845 0.55782186 224.37807
0.53956952 0.095347837 0.83652464 -105.90787 -0.028521026 0.9950665 -0.095022141 -16.378759 -0.84145787 0.027412511 0.53962697 225.23442
0.52125391 0.095555952 0.848035 -104.66043 -0.028862755 0.99511698 -0.094388234 -16.550909 -0.85291346 0.024723611 0.52146662 225.96575
0.49876039 0.094237866 0.86160155 -103.41961 -0.028614067 0.99532008 -0.092299365 -16.721942 -0.86626749 0.021381344 0.49912276 226.73122
0.47811267 0.092487615 0.87341528 -102.16468 -0.028512021 0.99555044 -0.089813091 -16.890654 -0.87783564 0.018037943 0.47862228 227.46003
0.45734139 0.091019435 0.88462097 -100.89742 -0.028638472 0.99573987 -0.087646715 -17.043734 -0.88883 0.014750278 0.45799971 228.12546
0.43566557 0.089808474 0.89561704 -99.638145 -0.027399071 0.9958721 -0.086533549 -17.20262 -0.89969154 0.013160614 0.43632785 228.79028
