1.000000000000000000e+00 4.398956837314658088e-19 2.733407509747682871e-20 -8.673617379884035472e-19 -5.583667658079949532e-19 1.000000000000000000e+00 -6.100159232558060012e-19 0.000000000000000000e+00 4.145284534913582806e-20 -2.210423569125054137e-19 1.000000000000000222e+00 0.000000000000000000e+00
9.998990939803674705e-01 2.622422274731345542e-04 1.420327786880323968e-02 -6.833297386620867941e-02 -2.587189546806674856e-04 9.999999353080968323e-01 -2.498976509626509262e-04 -7.639963127582444224e-03 -1.420334272986743460e-02 2.461977928127887004e-04 9.998990971220292900e-01 5.451956687206660490e-03
9.995853553096709643e-01 1.490281120462097746e-03 2.875580873292348655e-02 -1.096316053288199782e-01 -1.483510632712417565e-03 9.999988666306443008e-01 -2.567809312728102961e-04 -1.712917697715220233e-02 -2.875615931600874683e-02 2.140149379857496468e-04 9.995864332177174516e-01 -8.217027260577641767e-02
9.979707280655756296e-01 4.939218692369975149e-03 6.348251769405309497e-02 3.082029875482519832e-03 -5.012922940080713312e-03 9.999869334293668421e-01 1.001790088400903367e-03 1.358920137113227983e-02 -6.347674123331512042e-02 -1.317990109772357440e-03 9.979824478443568569e-01 4.109325427621946525e-01
9.954875539827252595e-01 3.991646534963548890e-03 9.480820952200939844e-02 4.275634649401628684e-02 -4.288618351178362549e-03 9.999865148803115389e-01 2.928791139503921035e-03 1.733758784035080436e-02 -9.479524196169901440e-02 -3.322171299944385366e-03 9.954912482300212195e-01 5.095063453291075461e-01
9.909500021402198877e-01 1.571841811494110444e-03 1.342222874321319925e-01 1.606998933703587817e-01 -2.247444932185979367e-03 9.999855569500610830e-01 4.882098472083566329e-03 1.677183165210570370e-02 -1.342126772857948069e-01 -5.139572614245521871e-03 9.909392222403391459e-01 8.167750072796788885e-01
9.852093466814549894e-01 -2.587900937493837952e-03 1.713354771019356126e-01 1.632798915634224857e-01 1.603721086280594224e-03 9.999814129605917312e-01 5.882330110302249823e-03 -1.092398181054801687e-02 -1.713475183318783623e-01 -5.520552176307307914e-03 9.851951845883918368e-01 8.917264077693074498e-01
9.766226969133124935e-01 -2.712124078399084318e-03 2.149436013389124656e-01 3.009392907491587055e-01 1.303708805426605178e-03 9.999767451767106463e-01 6.693985728691165954e-03 -4.311883620231007908e-03 -2.149567614993656284e-01 -6.257274383977500139e-03 9.766035212446276814e-01 1.145301404714973881e+00
9.650915641422371793e-01 -2.739934019126249922e-03 2.618983863168011794e-01 3.695970936561288611e-01 8.242289296006936330e-05 9.999484073188383837e-01 1.015755402390007729e-02 8.165351285809155368e-03 -2.619127098306520129e-01 -9.781383120093547351e-03 9.650419979484710087e-01 1.308475735928640749e+00
9.505924584633512753e-01 -6.369973102416186771e-03 3.103762234980109724e-01 5.251732838531601999e-01 1.315033666821403824e-03 9.998631161800883849e-01 1.649301612015070112e-02 3.704633571127499692e-02 -3.104388034450312195e-01 -1.526998140129249247e-02 9.504707140329832216e-01 1.621316809358149591e+00
9.336112367012820989e-01 -1.590016237189188081e-02 3.579346893208303348e-01 6.357985334467128880e-01 7.489239370294989082e-03 9.996625760846359343e-01 2.487258019243655804e-02 2.306548369431851708e-03 -3.582093978428916303e-01 -2.054066162537751192e-02 9.334152935663365680e-01 1.798764859560236351e+00
9.126064607101762594e-01 -2.165759243712883642e-02 4.082651028825011741e-01 8.035368384757306526e-01 1.033546470583703025e-02 9.994989162814514883e-01 2.991812977419613939e-02 -3.440500789044773078e-03 -4.087084896021959679e-01 -2.308386877246180330e-02 9.123730091854612700e-01 2.031153213322165474e+00
8.879056528544324589e-01 -2.363585067443577797e-02 4.594179961069108642e-01 1.014624517266043524e+00 9.105160908518750845e-03 9.993865144199229888e-01 3.381849800140627332e-02 1.705990920503663855e-03 -4.599354866989698865e-01 -2.584456055129375623e-02 8.875761431242947808e-01 2.293607442056490253e+00
8.597719125782182781e-01 -2.560539544272823903e-02 5.100358989478422922e-01 1.174045221022448349e+00 7.027436405288677371e-03 9.992408540982441467e-01 3.831880223616448977e-02 3.352785169824692990e-02 -5.106298841834941982e-01 -2.936118480671827055e-02 8.592991598329099423e-01 2.503039320204893059e+00
8.275573502810433801e-01 -3.092560376911136430e-02 5.605287095963640276e-01 1.418027962175025136e+00 8.124536441478695525e-03 9.990366881979959590e-01 4.312409421474869969e-02 3.005477571823911981e-02 -5.613223940156052416e-01 -3.113362494098790081e-02 8.270114099335885705e-01 2.724531238900509411e+00
7.922002181888050387e-01 -3.666391749945793754e-02 6.091589002512259876e-01 1.652420484438332338e+00 1.034161211226797619e-02 9.988568329086588982e-01 4.666988711371553716e-02 2.880751862355497572e-02 -6.101736412699130252e-01 -3.067220936300163459e-02 7.916737641349014254e-01 2.932499130293706457e+00
7.545928166552288152e-01 -4.122502360013038242e-02 6.548970696214130305e-01 1.896422011826082166e+00 1.153699019530059558e-02 9.987038187871988271e-01 4.957398657217069321e-02 4.047044068643111669e-02 -6.560919044415334245e-01 -2.985263270181416281e-02 7.540903394038921403e-01 3.137751394390068782e+00
7.148196775171657968e-01 -4.447465718010047697e-02 6.978931335236814304e-01 2.228222942123713413e+00 1.258788749751878384e-02 9.986322245929333263e-01 5.074667513748782471e-02 4.698244694792266807e-02 -6.991955255187003448e-01 -2.748972125135733593e-02 7.144018057501153596e-01 3.380394155965992908e+00
6.733291874421999390e-01 -4.639165629126843632e-02 7.378859064128154843e-01 2.487816572476079013e+00 1.161164604762924928e-02 9.985699056226061687e-01 5.218537348165238482e-02 5.558207325184927328e-02 -7.392516386114585947e-01 -2.656986464734492626e-02 6.729049456206406266e-01 3.561679847451285408e+00
6.305695287712057562e-01 -4.654356872630991543e-02 7.747359265795832339e-01 2.865199530943934647e+00 7.308478854393316709e-03 9.985120893045466017e-01 5.403881566796001762e-02 8.983942662298308179e-02 -7.760983614506404837e-01 -2.841308886556070598e-02 6.299714592327267937e-01 3.851646457724058781e+00
5.889630243880503713e-01 -4.751011424230819347e-02 8.067622539431603679e-01 3.174272190159349361e+00 4.430964954824023576e-03 9.984453205671610654e-01 5.556355225665821074e-02 1.065151685824754779e-01 -8.081478419412532199e-01 -2.915014195239500408e-02 5.882578902135491283e-01 4.022983527423025230e+00
5.481594152193441927e-01 -4.840220807888521992e-02 8.349721374807671515e-01 3.559552547402099254e+00 2.124508689907949558e-03 9.984014001368222146e-01 5.648124133510174644e-02 1.274110589820441342e-01 -8.363711823866964989e-01 -2.918681807217202509e-02 5.473859574003353545e-01 4.235519204857580711e+00
5.102138399458401308e-01 -5.126268046427970987e-02 8.585184698122357849e-01 4.001709225258172964e+00 1.411870099788318199e-03 9.982706512383204833e-01 5.876830312743754059e-02 1.382582986246756185e-01 -8.600464275696639849e-01 -2.877228442937003125e-02 5.094038773218472205e-01 4.450450384329290188e+00
4.729374599207216701e-01 -5.103701659333837598e-02 8.796166035046982801e-01 4.384868821019094476e+00 -1.676229802257320038e-03 9.982670452120351312e-01 5.882258627522553296e-02 1.589908243131887833e-01 -8.810944122416536350e-01 -2.929384346713653081e-02 4.720323296899063270e-01 4.629581982861681766e+00
4.366199400741557213e-01 -5.035022654590329272e-02 8.982359763595596513e-01 4.848926028783210995e+00 -2.984577177592564329e-03 9.983460741778515946e-01 5.741261564963306974e-02 1.867525368347497661e-01 -8.996411144408872351e-01 -2.774834672767954521e-02 4.357475276903540751e-01 4.801117154237680040e+00
4.030078675059874938e-01 -4.913263707488064319e-02 9.138767032729941953e-01 5.386894559844021657e+00 -1.630735578520397947e-03 9.985177657664077167e-01 5.440231718054742982e-02 2.068312341388095499e-01 -9.151950690696898372e-01 -2.341485235992777150e-02 4.023303918329301232e-01 4.991834649856462747e+00
3.734345412613136461e-01 -4.742285988500540006e-02 9.264435770199457298e-01 5.873477121171965187e+00 1.703031357865978257e-04 9.986959474951060400e-01 5.105267298299896728e-02 2.295632860949056164e-01 -9.276565257554336696e-01 -1.890705448560845228e-02 3.729556379796255539e-01 5.197615728889249276e+00
3.477969969994310073e-01 -4.551040708080208302e-02 9.364646480352243341e-01 6.429142981299984960e+00 9.928120689529358438e-04 9.988385167938153009e-01 4.817293493356767514e-02 2.523766333044722976e-01 -9.375693461718859201e-01 -1.582466787930290192e-02 3.474382186005550155e-01 5.357854499415389604e+00
3.270969202220661010e-01 -4.495283607158419292e-02 9.439209883969649217e-01 6.998408840881623405e+00 2.049512169740790729e-03 9.988993229327743917e-01 4.686088038715924969e-02 2.742858213317255212e-01 -9.449885820359519295e-01 -1.339347124702501557e-02 3.268290222078595320e-01 5.542415422861053820e+00
3.120707709615707648e-01 -4.554141579680175134e-02 9.489667002589491362e-01 7.563849512469150049e+00 3.223631520010220453e-03 9.988954477458477088e-01 4.687742139595370977e-02 3.064113153837201842e-01 -9.500533975295234468e-01 -1.156995319238276684e-02 3.118728799042382871e-01 5.735854651929836123e+00
3.001967588381919683e-01 -4.697279203899443895e-02 9.527200257651786686e-01 8.197396491269808294e+00 4.141877153987445596e-03 9.988415490720840006e-01 4.794167980456216088e-02 3.207011673238254201e-01 -9.538683174288994371e-01 -1.044588668867208782e-02 3.000435498260031753e-01 5.936266778458164417e+00
2.899679076117544496e-01 -4.892830904052299090e-02 9.557848176854132349e-01 8.830205740271946269e+00 3.136615405678407683e-03 9.987354940583952345e-01 5.017543734289623553e-02 3.527942773499069262e-01 -9.570312379691546800e-01 -1.155133630789499134e-02 2.897547094210329299e-01 6.104741112471291586e+00
2.792173805163102318e-01 -5.058213779284486539e-02 9.588947211371831036e-01 9.497361475710548007e+00 1.505997000157729970e-03 9.986334314107609966e-01 5.223984689000718551e-02 3.900630938755709209e-01 -9.602267454786953538e-01 -1.314217975481063276e-02 2.789119860216797142e-01 6.304460580543248760e+00
2.684408879630484357e-01 -5.231956514509156220e-02 9.618742834330180624e-01 1.017771422020540761e+01 7.374143514290999431e-04 9.985348246501780656e-01 5.410785655830570307e-02 4.183841188334126437e-01 -9.632958851361401731e-01 -1.381546028152383192e-02 2.680861548447146525e-01 6.492177583909026772e+00
2.595078281809312104e-01 -5.437715142836203192e-02 9.642088968590805109e-01 1.093445287953662692e+01 -5.042753860344678527e-05 9.984127863050601404e-01 5.631967292815563686e-02 4.463876548006742717e-01 -9.657410113848625688e-01 -1.466401781208177477e-02 2.590931903485570453e-01 6.699020685907687067e+00
2.487220360968201149e-01 -5.610485615558267330e-02 9.669485912062496524e-01 1.161214690408767858e+01 -5.835291365321649713e-04 9.983120672413493546e-01 5.807474366612617317e-02 4.769926240683929342e-01 -9.685747389001609919e-01 -1.500871029040978279e-02 2.482694698546952794e-01 6.866211638482967672e+00
2.376097410798729270e-01 -5.721279161794455559e-02 9.696743223744587192e-01 1.242787790787861013e+01 -1.038415623104015431e-03 9.982483777221677901e-01 5.915317426233361597e-02 5.110873439396477202e-01 -9.713601542672792855e-01 -1.506229450564700555e-02 2.371341265522283193e-01 7.067162812010846729e+00
2.277866840086372469e-01 -6.010135654581041237e-02 9.718544322556258441e-01 1.315332639705752271e+01 -2.149153475907715580e-03 9.980597911607028694e-01 6.222567285899727879e-02 5.406826934685619035e-01 -9.737086958917152701e-01 -1.626284313716968785e-02 2.272155618737105587e-01 7.249123562414841793e+00
2.163961512247879471e-01 -6.363189724662716984e-02 9.742297836011700740e-01 1.390923939614782867e+01 -4.308247544828678124e-03 9.978018171591289676e-01 6.612845552908977464e-02 5.933331413363788220e-01 -9.762961443834358155e-01 -1.850716547605114198e-02 2.156463295925998280e-01 7.403517687312871409e+00
2.039691739859875730e-01 -6.761851206664609704e-02 9.766392868690034756e-01 1.470758548524216991e+01 -3.812130112309284214e-03 9.975493538242707903e-01 6.986239543592177859e-02 6.310838663333890874e-01 -9.789698976994415380e-01 -1.797285025243730919e-02 2.032115457799111291e-01 7.592240127359565882e+00
1.910171952851890398e-01 -6.995021386310364131e-02 9.790911001278155279e-01 1.548602007916021783e+01 -5.226483027167791104e-03 9.973709853021959226e-01 7.227587079137845483e-02 6.679424901780157686e-01 -9.815727848335864536e-01 -1.892313627391802727e-02 1.901494132986712160e-01 7.707915722191236441e+00
1.783726285147935187e-01 -7.094980000829928524e-02 9.814017092106898099e-01 1.627439088147407986e+01 -5.862855112902164330e-03 9.973026214953853996e-01 7.316493719194089307e-02 7.114050204088625540e-01 -9.839455520180396819e-01 -1.880443731707381189e-02 1.774755202528032205e-01 7.847050288635355031e+00
1.648417772213542076e-01 -6.992111071612022721e-02 9.838385082028421325e-01 1.709931414132927685e+01 -7.383755739098818265e-03 9.973686424489004443e-01 7.211983888782584617e-02 7.475500158088164149e-01 -9.862923936162137917e-01 -1.915278477316316105e-02 1.638917377898748418e-01 8.030790906159021247e+00
1.473564095491424752e-01 -6.883742307907718405e-02 9.866850972273121245e-01 1.792686160320431910e+01 -8.593758074601439562e-03 9.974484141228303624e-01 7.087177463965488311e-02 7.836679017986740714e-01 -9.890461329125703749e-01 -1.892274239159758356e-02 1.463888434774013036e-01 8.146844231424797300e+00
1.257129229912607726e-01 -6.737350322301063899e-02 9.897762652545968320e-01 1.872480777047072564e+01 -1.133826972098472829e-02 9.975285607033963498e-01 6.934128772144740327e-02 8.244686276175750006e-01 -9.920018759295133881e-01 -1.993944534860317072e-02 1.246383307995945350e-01 8.256759741791158902e+00
1.009316035344073048e-01 -6.618910531752969506e-02 9.926891743208799967e-01 1.952595508214717412e+01 -1.556277964442743383e-02 9.975573810471071168e-01 6.809604526307914962e-02 8.666914493027139121e-01 -9.947716464472415865e-01 -2.232204506193023047e-02 9.965497823977473302e-02 8.262157281921684415e+00
7.114468030845365332e-02 -6.574870116321410163e-02 9.952967023423122672e-01 2.035305659886563134e+01 -1.971928953958987721e-02 9.975374752924842658e-01 6.730627748644524289e-02 9.113149435103571339e-01 -9.972710771945294539e-01 -2.441502660370416938e-02 6.967296571087268353e-02 8.329214528697066910e+00
3.657051698458474442e-02 -6.550227317638383784e-02 9.971820457234843449e-01 2.123109937759960886e+01 -2.274391615531704686e-02 9.975365201926544856e-01 6.635966507988474983e-02 9.530483341859534718e-01 -9.990722340786734046e-01 -2.510663125752361433e-02 3.499064665330376550e-02 8.347284180060690062e+00
3.132198944981812953e-03 -6.485720347591665547e-02 9.978896307855668057e-01 2.203748918334295581e+01 -2.397378257736992174e-02 9.976028540757847507e-01 6.491381427067283161e-02 9.831325007121651804e-01 -9.997076894760108523e-01 -2.412651117167805004e-02 1.569816719101892102e-03 8.354892611694372917e+00
-3.081223995173779096e-02 -6.380374487304243947e-02 9.974866769610847284e-01 2.293272454550469064e+01 -2.564300310058193963e-02 9.976825102988050586e-01 6.302416232315559419e-02 1.015856512824876212e+00 -9.991962067167737827e-01 -2.363663747741412066e-02 -3.237695392343262202e-02 8.322148608114025237e+00
-6.372580711670679243e-02 -6.175582699833404021e-02 9.960548288352684132e-01 2.374285894614692793e+01 -2.829716529471981712e-02 9.977940053012349653e-01 6.005325496436279831e-02 1.048684547254421950e+00 -9.975661928417837165e-01 -2.435858513723849345e-02 -6.533274455944884651e-02 8.246692257353304356e+00
-9.669310643315971732e-02 -5.864281117409489430e-02 9.935851481435000743e-01 2.457953294298216917e+01 -2.920153344423598307e-02 9.980001854194942013e-01 5.606157654810431379e-02 1.079314672750090409e+00 -9.948857877335706146e-01 -2.359344108505698895e-02 -9.821219954866142188e-02 8.161153548311084194e+00
-1.291402074486845408e-01 -5.431646038143031485e-02 9.901376226421687576e-01 2.542683749484470113e+01 -2.724995387292171098e-02 9.983160193520497216e-01 5.121099040785859202e-02 1.112810680487800186e+00 -9.912518669267614824e-01 -2.036780573307891279e-02 -1.304028602620971311e-01 8.037502500780945525e+00
-1.603935183424944622e-01 -4.895587965386270085e-02 9.858383356550751708e-01 2.625257476807901469e+01 -2.237919540719996575e-02 9.986928839369834110e-01 4.595318488935037221e-02 1.130735110972715285e+00 -9.867994261958861202e-01 -1.469167481567400582e-02 -1.612794599740698387e-01 7.910355810707366153e+00
-1.917937344664382704e-01 -4.287719350327613699e-02 9.804981860080915768e-01 2.708438472116839080e+01 -1.635856618660283535e-02 9.990460876005440305e-01 4.048842019976378603e-02 1.145982521774046026e+00 -9.812989234438957986e-01 -8.274118171557839560e-03 -1.923121908251498868e-01 7.730498845814872233e+00
-2.196271176972155459e-01 -3.730029307516187498e-02 9.748705557833931001e-01 2.785481933314306957e+01 -1.111500743158669487e-02 9.992996340556357104e-01 3.573091081711676081e-02 1.160468222842724328e+00 -9.755205799809205658e-01 -2.988215487320235175e-03 -2.198878927436382913e-01 7.529236321659187325e+00
-2.473634765194408502e-01 -3.056071720395063529e-02 9.684406726574302793e-01 2.870386346049781778e+01 -2.189322406272430684e-03 9.995175389216404138e-01 3.098219237050512526e-02 1.186314252107319556e+00 -9.689202925276586553e-01 5.543635051238520253e-03 -2.473110418903729235e-01 7.283116985996763049e+00
-2.737793475286841582e-01 -2.032871436851168764e-02 9.615776598121125174e-01 2.953041586490477499e+01 4.197613796996364950e-03 9.997418269598435936e-01 2.233068401626098556e-02 1.180674277351578594e+00 -9.617833771433867973e-01 1.015001288296294574e-02 -2.736233343394912643e-01 7.079073850461633732e+00
-2.996069754996302792e-01 -5.126964080282770363e-03 9.540489286759139542e-01 3.033265416830171546e+01 8.452073942308456142e-03 9.999320560939718439e-01 8.027803218236165272e-03 1.174208126277018538e+00 -9.540252816515170098e-01 1.046887905110771913e-02 -2.995432868919392089e-01 6.825389000998732136e+00
-3.239470127003314381e-01 1.152586347164853524e-02 9.460050060709986885e-01 3.111435123620044862e+01 8.989719341835089930e-03 9.999181448537279859e-01 -9.104313455491388693e-03 1.143264588060202147e+00 -9.460325221514614968e-01 5.555005411516436391e-03 -3.240241115780340686e-01 6.512602894069972059e+00
-3.488847741478423026e-01 2.577721036247232478e-02 9.368110450592995742e-01 3.188292862364964364e+01 7.912926158822983225e-03 9.996670445574109554e-01 -2.455983735037214899e-02 1.105214080752058514e+00 -9.371322290415402545e-01 -1.155635702525894138e-03 -3.489725855438767232e-01 6.229823552722734803e+00
-3.728511286321871676e-01 3.679733424445653239e-02 9.271612463361367240e-01 3.263905157940870083e+01 1.196103598056211768e-02 9.993209340180803091e-01 -3.485117539089745142e-02 1.075205303973964188e+00 -9.278140890857967671e-01 -1.904490091948823124e-03 -3.730380736592295299e-01 5.869164617771484238e+00
-3.972288712821035461e-01 4.163952222773888850e-02 9.167744318821966498e-01 3.345988373607186617e+01 1.572813701979448864e-02 9.991322935671917982e-01 -3.856534225916893183e-02 1.032556619777071472e+00 -9.175847991220694722e-01 -9.001125369095026472e-04 -3.975391066381828709e-01 5.582156530943639616e+00
-4.206194681815491054e-01 4.095012446010681817e-02 9.063124933189271593e-01 3.418171895574595709e+01 1.768051401984572710e-02 9.991610734573181940e-01 -3.693979799310753015e-02 9.814041159124344826e-01 -9.070648687422655509e-01 4.864735222774204922e-04 -4.209906198721481974e-01 5.241528090618366775e+00
-4.398980437098314322e-01 3.777122942578616666e-02 8.972530472982989114e-01 3.494229186532309939e+01 2.183149723206502871e-02 9.992696260904487815e-01 -3.136239885208255695e-02 9.488320657077127240e-01 -8.977823289931092798e-01 5.792120526321605650e-03 -4.404013574107905060e-01 4.830247353903728502e+00
-4.584967687225460220e-01 3.650014771801145946e-02 8.879461909807602193e-01 3.566998969144042064e+01 2.909292802809775383e-02 9.992371413292264748e-01 -2.605257910849604133e-02 9.250912955911508861e-01 -8.882197519054212398e-01 1.388793236616493731e-02 -4.592088979089098966e-01 4.426833801515254407e+00
-4.719558302797771110e-01 3.709198547549075187e-02 8.808415662732076434e-01 3.634751670578445015e+01 3.275174438079817701e-02 9.991625479135384236e-01 -2.452602767673963888e-02 8.704766947571220825e-01 -8.810136379958326547e-01 1.727389716564970909e-02 -4.727754183533389720e-01 4.023668864050951477e+00
-4.840075975711516376e-01 4.019440355769061252e-02 8.741401727450196502e-01 3.706377425459610464e+01 3.544725761826850174e-02 9.990251672679777428e-01 -2.630982772787282195e-02 8.166084769481570804e-01 -8.743455552785228679e-01 1.825171649132655005e-02 -4.849605537325950566e-01 3.676201885173179029e+00
-4.934063410482260048e-01 4.310690402760646717e-02 8.687300868426176548e-01 3.776401460072410288e+01 3.704751889357030259e-02 9.989063129395419072e-01 -2.852471302334890282e-02 7.750020972282881671e-01 -8.690095951147447373e-01 1.811002112075131912e-02 -4.944637139839335727e-01 3.265344064992703021e+00
-5.042465707114771600e-01 4.214211283203143227e-02 8.625308254066376135e-01 3.847068162955591930e+01 3.062926222336249255e-02 9.990528808988072829e-01 -3.090613872407670798e-02 7.109342568378267391e-01 -8.630163709222652413e-01 1.083436938829606365e-02 -5.050597721932021944e-01 2.859669535956521180e+00
-5.146472475271887115e-01 4.113483841853657341e-02 8.564146906612973842e-01 3.915867886906755047e+01 2.897813077173373025e-02 9.991123272100191910e-01 -3.057491625163233015e-02 7.018966770802798072e-01 -8.569121837263582453e-01 9.082001415318034440e-03 -5.153824211032651537e-01 2.409864292278243614e+00
-5.233799465621506997e-01 4.236872103176734378e-02 8.510454217415662770e-01 3.981734499209758837e+01 3.146876123134658559e-02 9.990428108845675892e-01 -3.038386138817061877e-02 6.619353552791663597e-01 -8.515181504254609735e-01 1.087904244248211021e-02 -5.242122653396820153e-01 1.998461733515887184e+00
-5.310977897314019813e-01 4.538592904749469414e-02 8.460941095294044478e-01 4.050962118031726789e+01 3.513368073098234456e-02 9.988851739002642116e-01 -3.152830127924244330e-02 6.122903975384640374e-01 -8.465818176456243460e-01 1.298179022099145950e-02 -5.321002839879201973e-01 1.567337541058319905e+00
-5.356697559409965281e-01 4.888182435390216185e-02 8.430115461243765651e-01 4.121775586752032439e+01 3.623031968689016669e-02 9.987342334727921100e-01 -3.488975154648398663e-02 5.816925694902034261e-01 -8.436499796497366477e-01 1.185319413682536620e-02 -5.367627284067097992e-01 1.168349519217279919e+00
-5.339024672628460699e-01 4.993274776237693197e-02 8.440704136520913448e-01 4.191541791558154983e+01 3.502553580385449339e-02 9.987040157953265274e-01 -3.692560919727713026e-02 5.299381203824811148e-01 -8.448203234925454330e-01 9.849345637217647373e-03 -5.349594605337427700e-01 6.516578503136946088e-01
-5.308829825890200027e-01 5.059106813967737676e-02 8.459336792092514434e-01 4.261093729158291410e+01 3.731905082700455456e-02 9.986437502734712979e-01 -3.630355934439599697e-02 4.891641256267015292e-01 -8.466230324001416951e-01 1.229650112920101061e-02 -5.320509845258974968e-01 2.150289607683156246e-01
-5.257320944765240256e-01 4.971472546421484839e-02 8.491962069012237713e-01 4.337910231197487576e+01 3.595136731931431601e-02 9.986973284286337904e-01 -3.620974061178357239e-02 4.455180173901205354e-01 -8.498901551810255084e-01 1.149314300576767360e-02 -5.268345517772634601e-01 -2.048024231043620580e-01
-5.192191542719312158e-01 4.855807279362382017e-02 8.532605523485564669e-01 4.409650027860150345e+01 3.390939485030435019e-02 9.987689351683426420e-01 -3.620451662554650951e-02 4.083522066412024754e-01 -8.539681696369818553e-01 1.013547148563318998e-02 -5.202265378983125244e-01 -6.322372166563483553e-01
-5.114505626140690708e-01 4.776557907061478730e-02 8.579841246278850919e-01 4.489234734007597893e+01 3.228761310030671405e-02 9.988170621678339467e-01 -3.635912960094504764e-02 3.579506345987297222e-01 -8.587059125014615546e-01 9.106363175288883366e-03 -5.123877861409650292e-01 -1.091355607634091562e+00
-5.049911257426868971e-01 4.635339261688690288e-02 8.618789430413981156e-01 4.570768774240868737e+01 2.912470813135382280e-02 9.989033664323339057e-01 -3.665809396743394122e-02 3.113035859607739542e-01 -8.626330196234607284e-01 6.589961504916501921e-03 -5.057873657690986624e-01 -1.574757356976175249e+00
-5.002380560466587189e-01 4.416648208781378399e-02 8.647607736269516954e-01 4.654718581051526627e+01 2.513701220414835819e-02 9.990180973072693149e-01 -3.648248652194922836e-02 2.632080532353300861e-01 -8.655229807697212285e-01 3.487574942502462590e-03 -5.008570855707934477e-01 -2.055969734754615086e+00
-4.989321605640322232e-01 4.124878033902887320e-02 8.656588379439570380e-01 4.737644481578110600e+01 1.997442617194604766e-02 9.991486482346617626e-01 -3.609710502050784975e-02 2.179213629473262803e-01 -8.664108343192995498e-01 -7.189671256611219596e-04 -4.993313157258051360e-01 -2.511781753785333304e+00
-4.990013514213123003e-01 3.884751827549238340e-02 8.657300433946428786e-01 4.819313471639552660e+01 1.751557232497581718e-02 9.992427877581364637e-01 -3.474270865862731650e-02 1.802415378550098479e-01 -8.664241850156092495e-01 -2.172900471642488698e-03 -4.993039392249622455e-01 -2.973116676683835724e+00
-5.006972808351707327e-01 3.756516644404597760e-02 8.648069597852843238e-01 4.905605668357370064e+01 1.609663012164392129e-02 9.992892249641187608e-01 -3.408728996848631870e-02 1.380648054828146343e-01 -8.654727862898599078e-01 -3.146934736662127235e-03 -5.009460715152921351e-01 -3.468458112714203345e+00
-5.013162480508348562e-01 3.703671216896453622e-02 8.644711029642508926e-01 4.992154652893200506e+01 1.632314845091621669e-02 9.993105054751105776e-01 -3.334769017091820942e-02 8.730316280020503084e-02 -8.651101586495505424e-01 -2.606847864054068556e-03 -5.015751502110866733e-01 -3.958955700382944531e+00
-5.010959250454624092e-01 3.636444443171042706e-02 8.646273691872411460e-01 5.081369789102464551e+01 1.610788960002464132e-02 9.993355773404689613e-01 -3.269464364168225140e-02 4.820292119515615786e-02 -8.652418287008217801e-01 -2.455829581292430942e-03 -5.013487412323385239e-01 -4.462345866556860940e+00
-5.010613267035883833e-01 3.578299605113292869e-02 8.646716778858193342e-01 5.170382633613843382e+01 1.649743263420173217e-02 9.993581927392863884e-01 -3.179681257151097812e-02 -1.302178726861127900e-03 -8.652545255222198195e-01 -1.667289417395209725e-03 -5.013300706906816950e-01 -4.967217158182957171e+00
-5.015638939714217592e-01 3.540916882505540375e-02 8.643956487034144542e-01 5.258008992100996437e+01 1.602946502666260931e-02 9.993708728434134159e-01 -3.163723648391322113e-02 -5.418719093176321833e-02 -8.649720971481410503e-01 -2.012294790384830043e-03 -5.018159377556513645e-01 -5.490637682309976064e+00
-5.011382401023969368e-01 3.359926523059134779e-02 8.647147160442371083e-01 5.348988158066573106e+01 1.409419400113700975e-02 9.994303254866925279e-01 -3.066558601705597978e-02 -1.109595251103630692e-01 -8.652524662447405035e-01 -3.180239939089121639e-03 -5.013263101994039905e-01 -5.999493712586533078e+00
-5.014840334713019931e-01 3.309443282594459051e-02 8.645336946324068128e-01 5.441477089398782141e+01 1.384333966231992251e-02 9.994471342981670059e-01 -3.022892097811299972e-02 -1.628017291800700206e-01 -8.650561475733654637e-01 -3.191286729522490803e-03 -5.016649188409900706e-01 -6.527590357193155057e+00
-5.010886899168226494e-01 3.201432455000034760e-02 8.648035582249160580e-01 5.534188613906380283e+01 1.251828019854702573e-02 9.994790835586461197e-01 -2.974649837141996739e-02 -2.120110616330713182e-01 -8.653053968636771343e-01 -4.079779741457109643e-03 -5.012284300822426042e-01 -7.015398320638684737e+00
-5.000545869765384843e-01 3.084763889332846690e-02 8.654442903255703534e-01 5.623014472180453538e+01 1.206263449152221792e-02 9.995165272958490554e-01 -2.865666568943007683e-02 -2.681917119422365103e-01 -8.659098770976851878e-01 -3.890358076936321473e-03 -5.001849292443160122e-01 -7.517327346311867942e+00
-4.981422400657480876e-01 2.878903844006392224e-02 8.666172663479295712e-01 5.713239897380885424e+01 1.295126846357287295e-02 9.995842144973847709e-01 -2.576165268549381396e-02 -3.162422074713466813e-01 -8.669986076709779166e-01 -1.609173580135660198e-03 -4.983079755295268809e-01 -8.026167489751085071e+00
-4.953464410417610653e-01 2.740201293014529402e-02 8.682632201074110823e-01 5.799311095689996876e+01 1.303018192138277742e-02 9.996242951236293806e-01 -2.411395724981913249e-02 -3.653432813732307438e-01 -8.685977953878596391e-01 -6.311342535605223968e-04 -4.955173914038617511e-01 -8.531330582295213460e+00
-4.919503974791094025e-01 2.629972370719074054e-02 8.702259001276193562e-01 5.885378116339428800e+01 1.235479680054903801e-02 9.996538745537049131e-01 -2.322692540335525788e-02 -4.238389849931669118e-01 -8.705355695916668912e-01 -6.750300800137271637e-04 -4.921050498951817787e-01 -9.107394449932369795e+00
-4.907292394872216357e-01 2.684645994347606424e-02 8.708984254099336741e-01 5.974054380762544980e+01 1.334650210704512244e-02 9.996395504051230896e-01 -2.329463722801725784e-02 -4.577224105102317697e-01 -8.712099040543792583e-01 1.920890045355500193e-04 -4.909106638915425869e-01 -9.554957196669384700e+00
-4.893903237920267379e-01 2.707364853139924282e-02 8.716444887643394202e-01 6.062185339562719122e+01 1.315432740215147223e-02 9.996334350287296999e-01 -2.366345747616743767e-02 -5.094406535330062713e-01 -8.719656456547475454e-01 -1.147691894207030795e-04 -4.895670673055457778e-01 -1.005562760409531187e+01
-4.907112843231992150e-01 2.864771062192799853e-02 8.708511528365093790e-01 6.152691035853401047e+01 1.291681427440360616e-02 9.995887042771965936e-01 -2.560426071564518569e-02 -5.501071490370088579e-01 -8.712264940165712623e-01 -1.315676127381077906e-03 -4.908794952540646017e-01 -1.051598380669520516e+01
-4.936061211289694550e-01 3.058340137385031493e-02 8.691476509067419531e-01 6.245015094493495411e+01 1.150593343776717438e-02 9.995236658871557989e-01 -2.863659904815234539e-02 -6.073736581574118443e-01 -8.696094658864453875e-01 -4.134844657332764975e-03 -4.937228914991147466e-01 -1.101499936344433905e+01
-4.974945080294096433e-01 3.107314176615983553e-02 8.669104110218439629e-01 6.331894191410118111e+01 1.028511605663316210e-02 9.994992818383231503e-01 -2.992326806761663391e-02 -6.593505465127210696e-01 -8.674061581977751123e-01 -5.970386454492038024e-03 -4.975649955834778870e-01 -1.150468124648129375e+01
-5.034728503362180252e-01 2.952415927185976854e-02 8.635064559616245639e-01 6.420321014387238279e+01 1.024753105334308065e-02 9.995497521449216993e-01 -2.820072826101801058e-02 -6.927425519940978438e-01 -8.639502817779912691e-01 -5.349490929295609362e-03 -5.035487137195576723e-01 -1.201470458947771469e+01
-5.083571516046859751e-01 2.758205716847137931e-02 8.607044923247211266e-01 6.509241863682392193e+01 1.345946826947142655e-02 9.996193256671895844e-01 -2.408415334677369013e-02 -7.565518961037460688e-01 -8.610411496177744484e-01 -6.587258604174709743e-04 -5.085348741198169042e-01 -1.255938703055388039e+01
-5.135442694341466607e-01 2.563488561530040746e-02 8.576800817493630547e-01 6.594953604865671082e+01 1.077870565816660062e-02 9.996674929203556159e-01 -2.342483902185726191e-02 -7.977011681392431885e-01 -8.579954049714718645e-01 -2.785009782570462607e-03 -5.136498244223036691e-01 -1.307882765920219015e+01
-5.179485184874487169e-01 2.760934666186753636e-02 8.549661062933272548e-01 6.678812565479154273e+01 1.159000302824290084e-02 9.996137507807206779e-01 -2.525907873607851836e-02 -8.516406851627988939e-01 -8.553332777693936073e-01 -3.173841746215797215e-03 -5.180684548911786980e-01 -1.357434923746500921e+01
-5.228063142710194233e-01 2.987593379811880404e-02 8.519277980920931803e-01 6.763569800747086447e+01 1.196841035065405665e-02 9.995444099351622480e-01 -2.770793565712234563e-02 -8.895558840866658601e-01 -8.523674834562215974e-01 -4.289661351841164011e-03 -5.229256975428362431e-01 -1.414320635445636221e+01
-5.282522337907145094e-01 3.033396586196628400e-02 8.485454701607045847e-01 6.842787084486464266e+01 1.110789067076803013e-02 9.995230112902808717e-01 -2.881604838440784619e-02 -9.365050022215750669e-01 -8.490148432738690021e-01 -5.796590744648246613e-03 -5.283372110100754693e-01 -1.458954819842407602e+01
-5.324424203910452791e-01 3.078205835128316331e-02 8.459063310122646451e-01 6.929088277429272580e+01 1.023436572886863433e-02 9.994996200821322230e-01 -2.992937007948886022e-02 -9.800721786518298284e-01 -8.464043587356732123e-01 -7.278350626155340522e-03 -5.324910329301479894e-01 -1.508323477541060065e+01
-5.356487187969947161e-01 2.917109149769262985e-02 8.439368960543114362e-01 7.005695153166932698e+01 9.404540290556005766e-03 9.995472450640494610e-01 -2.858075380815091812e-02 -1.053827116543961662e+00 -8.443885458561277702e-01 -7.372404763414517302e-03 -5.356805430886161234e-01 -1.562079027580383617e+01
-5.380928637171173978e-01 2.331996582868234302e-02 8.425628975313276259e-01 7.088616786502805667e+01 1.160525002931693007e-02 9.997274222376022479e-01 -2.025831626025598534e-02 -1.085677254161087069e+00 -8.428056714559084561e-01 -1.122701404378134531e-03 -5.382168267878686407e-01 -1.614102793543661818e+01
-5.396922444468886804e-01 1.617719760413553753e-02 8.417069363309879204e-01 7.179257085594474574e+01 1.269325670364376650e-02 9.998580692483038934e-01 -1.107802203187066917e-02 -1.122844688176656280e+00 -8.417666981625038236e-01 4.705280610387558259e-03 -5.398209880265899541e-01 -1.669666958840032223e+01
-5.418643828001205032e-01 1.354414995390988696e-02 8.403567895823332856e-01 7.257377321774843892e+01 1.370727820381358389e-02 9.998795727535133571e-01 -7.276708841499101091e-03 -1.133383282701810213e+00 -8.403541591201278971e-01 7.576015959922658902e-03 -5.419847821776506702e-01 -1.719611052086627723e+01
-5.433657176094144337e-01 1.741164275161244737e-02 8.393155061105045389e-01 7.334384435198229824e+01 1.229139716063680152e-02 9.998427274409463772e-01 -1.278444049389753853e-02 -1.189965032900246689e+00 -8.394061174598220765e-01 3.369734503256118733e-03 -5.434942756891908422e-01 -1.767535014839167218e+01
-5.442162882996809392e-01 2.201811657765885902e-02 8.386559612181684331e-01 7.419276666429968259e+01 1.228609803748631144e-02 9.997575077242289998e-01 -1.827505192901035178e-02 -1.241857451421087166e+00 -8.388549903732156476e-01 3.582293563906084328e-04 -5.443548379721118158e-01 -1.822959544322369752e+01
-5.447565915219513277e-01 2.772583923324853372e-02 8.381357414193763011e-01 7.501608545825969543e+01 1.927250803167089577e-02 9.996032434525020660e-01 -2.054083933685314778e-02 -1.272588832019328153e+00 -8.383727321045837400e-01 4.963221148351941274e-03 -5.450748034166174039e-01 -1.877272239964621647e+01
-5.446692206681060799e-01 2.892496094300616577e-02 8.381519992839678856e-01 7.574297831304737372e+01 2.309518977329292483e-02 9.995433431663210966e-01 -1.948633631092136498e-02 -1.298832224916833145e+00 -8.383329074841637807e-01 8.743672868404113452e-03 -5.450885223886648978e-01 -1.928387967320964336e+01
-5.442587660045209441e-01 2.586837216307440179e-02 8.385184614244931556e-01 7.654694508291591148e+01 2.228691777531967982e-02 9.996175444396010468e-01 -1.637248019989435283e-02 -1.347695923786915717e+00 -8.386213093150817199e-01 9.777127142919918995e-03 -5.446271386768952727e-01 -1.980085428470324516e+01
-5.436444362979373501e-01 2.087444871881979913e-02 8.390560001908300425e-01 7.739179621469850190e+01 2.026939664570301391e-02 9.997256403030019278e-01 -1.173863906425986862e-02 -1.370988717303011084e+00 -8.390708491963578819e-01 1.062551408057961846e-02 -5.439183958366055061e-01 -2.033521994043428904e+01
-5.427004093509322225e-01 1.558469906954960786e-02 8.397817395044416822e-01 7.817331800534678621e+01 1.913010386556120851e-02 9.997978308668137304e-01 -6.191646668822110844e-03 -1.399896935139078424e+00 -8.397084710575317690e-01 1.270490376445916961e-02 -5.428888301727435861e-01 -2.079849106246132706e+01
-5.427670431795430517e-01 8.456638050153387348e-03 8.398407046961612332e-01 7.895212806562797425e+01 9.827416103598036676e-03 9.999447992257463058e-01 -3.717576806581235176e-03 -1.433849314303997424e+00 -8.398257975867721159e-01 6.235686885415781325e-03 -5.428201900998953500e-01 -2.131479259160735040e+01
-5.415118552687884224e-01 3.453199173999873649e-03 8.406860134110202276e-01 7.973985332102053292e+01 2.099404011160384709e-03 9.999940004491518764e-01 -2.755279505330597914e-03 -1.442811227522138529e+00 -8.406904987579637556e-01 2.729240120734409522e-04 -5.415158572819660510e-01 -2.180058394652620279e+01
-5.392640655342216816e-01 4.121722142387675841e-03 8.421266330643251141e-01 8.052852109203803366e+01 5.362495011930523518e-03 9.999845552903178225e-01 -1.460417289595854120e-03 -1.465804826399031313e+00 -8.421196606813643459e-01 3.728350276739251373e-03 -5.392778406548495163e-01 -2.228064273277700380e+01
-5.362306287132545535e-01 7.122764194381874490e-03 8.440414480904235850e-01 8.130843239243442611e+01 1.018405533467703003e-02 9.999462038323492230e-01 -1.968359866205557623e-03 -1.487239827956764460e+00 -8.440100766782505648e-01 7.540270970362550687e-03 -5.362743213714040724e-01 -2.281963743206067008e+01
-5.308640675406679499e-01 1.004516253686998928e-02 8.473974412551542601e-01 8.215014492620214526e+01 1.119510909618328526e-02 9.999256195943675429e-01 -4.839916546321946546e-03 -1.513906655738075813e+00 -8.473830439157509220e-01 6.917370019958473185e-03 -5.309370395376985519e-01 -2.331110644278624378e+01
-5.234563800807651157e-01 1.163321147966647241e-02 8.519730473184304875e-01 8.292912603627978285e+01 1.518775387582311023e-02 9.998753214540888612e-01 -4.321302316231969386e-03 -1.546291265357955247e+00 -8.519171099406771530e-01 1.067754472229437250e-02 -5.235677998511454323e-01 -2.380323520476256149e+01
-5.150811791330784928e-01 1.439730293427385691e-02 8.570204683921540667e-01 8.372183738974509026e+01 2.300893060190965095e-02 9.997308596131440073e-01 -2.966043139095194368e-03 -1.570954302679955505e+00 -8.568325274438627348e-01 1.819137259345976823e-02 -5.152738177349353021e-01 -2.428373560244239826e+01
-5.056279891141808314e-01 1.457709256655905124e-02 8.626284434847402149e-01 8.447319344063097901e+01 2.229713837075815094e-02 9.997440718401074955e-01 -3.824709711450535992e-03 -1.592616873684591150e+00 -8.624634406693090227e-01 1.730026659173897197e-02 -5.058236133368260168e-01 -2.472368063217767187e+01
-4.946936096733824950e-01 1.222915198438267147e-02 8.689813960719432462e-01 8.529329793571305629e+01 1.924349726220835055e-02 9.998099730947601627e-01 -3.115362139780158794e-03 -1.605227082337824074e+00 -8.688543795198881980e-01 1.518109246594275333e-02 -4.948349374525647937e-01 -2.515266163710165870e+01
-4.831122709146197236e-01 8.372018287473968409e-03 8.755183773859148699e-01 8.607630106115567514e+01 1.954673287041858512e-02 9.998081934099146695e-01 1.225394302874476893e-03 -1.640077839398166315e+00 -8.753402033386922243e-01 1.770552799310680728e-02 -4.831832536334512707e-01 -2.561998230555487410e+01
-4.725368384176503733e-01 7.239068806157026095e-03 8.812811799834904258e-01 8.685351492561729003e+01 1.935471215402280454e-02 9.998103355843607210e-01 2.165165794559281362e-03 -1.658363734522487754e+00 -8.810983737901796342e-01 1.808006529577441471e-02 -4.725873263264527835e-01 -2.602549071537079328e+01
-4.598001783141811849e-01 6.200393511988972275e-03 8.880007527696015535e-01 8.771287274215801233e+01 1.881637200883390024e-02 9.998191418699833299e-01 2.761822275374770878e-03 -1.672753654448968952e+00 -8.878230416163409577e-01 1.797884001883202909e-02 -4.598336898731617550e-01 -2.645207350499596188e+01
-4.478759865869506029e-01 7.899353005270984621e-03 8.940607845457242409e-01 8.857898662553522229e+01 2.212780808250305875e-02 9.997526144616595278e-01 2.251654753977779585e-03 -1.691696880024134320e+00 -8.938218357148834947e-01 2.079206871377082058e-02 -4.479399851694812473e-01 -2.691116279182623572e+01
