7.777741644207910587e-01 -6.281882915172656290e-01 2.113810682534689178e-02 -6.597203836055260240e+01 6.272355055362450749e-01 7.778849244980664546e-01 3.834924814555837336e-02 2.573220145851615825e+01 -4.053356330539702873e-02 -1.656848331190153775e-02 9.990407977687951746e-01 -8.831831019877282030e-01 -4.809208017785018303e-24 -1.416202385148814181e-23 -3.430527606006730092e-24 9.999999999999997780e-01
7.497645581592589092e-01 -6.611270776947515415e-01 2.764225871830925177e-02 -6.557378671266889114e+01 6.603671468086519392e-01 7.502506137093860605e-01 3.223737030980952656e-02 2.611018591222236296e+01 -4.205161999321296168e-02 -5.916398185394124327e-03 9.990979218717545018e-01 -8.920427741700752700e-01 -4.809208017785018303e-24 -1.416202385148814181e-23 -3.430527606006730092e-24 9.999999999999997780e-01
7.211165667225970521e-01 -6.927230891205896635e-01 1.120798810864350598e-02 -6.521734564271820034e+01 6.923607094598863698e-01 7.211356560782775649e-01 2.449517358090729652e-02 2.650710683962869396e+01 -2.505085216955507676e-02 -9.903904875419257750e-03 9.996371178951884984e-01 -9.009705749396692553e-01 4.660659900202816046e-19 -5.323854718281899206e-19 -8.441702917458903945e-20 9.999999999999997780e-01
6.910185983224625961e-01 -7.226925416063093577e-01 -1.444946639412850523e-02 -6.488184708354700092e+01 7.228328788672804261e-01 6.909439231308087681e-01 1.044625851928458575e-02 2.691948780768287719e+01 2.434337877928042723e-03 -1.766310831147362495e-02 9.998410316664730901e-01 -9.072633569068518922e-01 -1.310149207170254981e-18 -2.110457106005003620e-18 -1.911819357554206733e-19 9.999999999999997780e-01
6.562387569914212015e-01 -7.540074364207881574e-01 -2.869633503620451151e-02 -6.454042118337187617e+01 7.540550277778454991e-01 6.567128508927360109e-01 -1.136866550185534376e-02 2.734573773306961897e+01 2.741731032237904042e-02 -1.417805679525827901e-02 9.995235233851195167e-01 -9.261513720408698358e-01 -1.377724800187925178e-18 -3.776962473587863592e-18 -2.546152328189989034e-19 9.999999999999996669e-01
6.186056232440505509e-01 -7.851952413679640363e-01 -2.820489007157411451e-02 -6.419939260897201905e+01 7.844780987402774075e-01 6.192467996198158797e-01 -3.357847163673963187e-02 2.779055450734793808e+01 4.383144405202914901e-02 -1.354287164098587608e-03 9.990380225089535715e-01 -9.372664294521381168e-01 -2.083289555223089517e-18 -5.990722071020460965e-18 -2.885449859121573591e-19 9.999999999999994449e-01
5.855876717758670136e-01 -8.102806066706933485e-01 -2.307416558616961003e-02 -6.387015379575523610e+01 8.091932091664131299e-01 5.860096549580054992e-01 -4.241502723049259821e-02 2.827575179369189939e+01 4.788975780987419356e-02 6.166258944704646090e-03 9.988335939222059423e-01 -9.793645498872193267e-01 -2.471923780513561859e-18 -9.424435257128898088e-18 -3.113787972542406042e-19 9.999999999999992228e-01
5.566452376948235470e-01 -8.305987730067250219e-01 -1.586687213672434080e-02 -6.355888926880416534e+01 8.301662075621915049e-01 5.568684840387526647e-01 -2.686185597071175449e-02 2.879598318352097053e+01 3.114718564317303998e-02 1.780383134122640043e-03 9.995132230553123165e-01 -9.544741725023458967e-01 -3.337191009495712860e-18 -1.010037516520516021e-17 -3.035444720071277808e-19 9.999999999999992228e-01
5.276387976919318934e-01 -8.494128844131321188e-01 -9.749408350388556049e-03 -6.327117046218400986e+01 8.492930959671829427e-01 5.277283386539536325e-01 -1.428417740075674583e-02 2.931343343050502170e+01 1.727820339905774757e-02 -7.432190119957862414e-04 9.998504444729795493e-01 -9.425346067751468881e-01 -5.339804455576837330e-18 -9.265312355409389223e-18 -1.968255027773379590e-19 9.999999999999993339e-01
4.988746008818554234e-01 -8.666501679145218739e-01 -6.451282718045327214e-03 -6.301348390779995157e+01 8.666370645492382785e-01 4.989083045055200394e-01 -5.540942600952881297e-03 2.983677252892680443e+01 8.020657358269359105e-03 -2.826685188783785701e-03 9.999638387993837751e-01 -8.682595466236642245e-01 -7.580423119564813657e-18 -8.175281264711975701e-18 -9.404744941029630372e-20 9.999999999999993339e-01
4.701767694982537660e-01 -8.825473496560993780e-01 -6.631820201725513973e-03 -6.273867559788524062e+01 8.823168041015246876e-01 4.702081873586450578e-01 -2.052602594195061109e-02 3.035111998332651595e+01 2.123352594998607554e-02 3.799494162261671162e-03 9.997673235407624759e-01 -9.264842723364157262e-01 -9.662576303092638628e-18 -5.962291857663947454e-18 -1.940415178472637966e-20 9.999999999999994449e-01
4.459589546994686682e-01 -8.950260531939459030e-01 -6.998201728492123297e-03 -6.251246819346416572e+01 8.946035332064345980e-01 4.459690469359812171e-01 -2.821573230623136003e-02 3.087414031422713734e+01 2.837479687914861923e-02 6.322442492966691072e-03 9.995773594990088329e-01 -9.265740086737608294e-01 -1.263172222624485042e-17 -5.526978880918784130e-18 9.169538178912345836e-20 9.999999999999994449e-01
4.229003747342683361e-01 -9.061471219834339452e-01 -7.257159965279882941e-03 -6.227294062382944873e+01 9.057420399592398530e-01 4.229320824290394576e-01 -2.756466402321814183e-02 3.143337874872425175e+01 2.804692674972071240e-02 5.083991873580143497e-03 9.995936789148626156e-01 -9.141718155118196965e-01 -1.596881649268346277e-17 -3.281465372021500019e-18 2.374717604386501820e-19 9.999999999999995559e-01
4.032154214292137384e-01 -9.150851564630261281e-01 -6.039895918464469396e-03 -6.203726263970563792e+01 9.148659072581574181e-01 4.032521468502590078e-01 -2.020093555675693542e-02 3.201531961527119563e+01 2.092117727053296669e-02 2.619633884591522112e-03 9.997776962204917295e-01 -9.071874600955361911e-01 -1.947535460555175720e-17 5.288040536038093726e-19 3.767188017481181209e-19 9.999999999999997780e-01
3.860957076885034867e-01 -9.224559803208928210e-01 -2.251416163028987887e-03 -6.180178310160641075e+01 9.224430155588480007e-01 3.861022265460429814e-01 -4.894252025688648235e-03 3.262029604199977939e+01 5.384008843727892263e-03 -1.871534152376623582e-04 9.999854886059108550e-01 -8.447870514375990236e-01 -2.290616327231590945e-17 4.965548114114290435e-18 5.043888992000055212e-19 9.999999999999998890e-01
3.699212407477197595e-01 -9.290620420582550443e-01 1.413382544436342933e-03 -6.157554873268698259e+01 9.290605219146617078e-01 3.699233751454390484e-01 1.800872196589986063e-03 3.321295480577118298e+01 -2.195965241652039768e-03 6.469370470090338079e-04 9.999973796011422111e-01 -8.402170445793413212e-01 -2.657321185268850900e-17 8.989974362364125316e-18 5.774486850307613882e-19 9.999999999999998890e-01
3.557988110103460500e-01 -9.345605804737338040e-01 1.930675587696968750e-03 -6.136072271835135439e+01 9.345530697444728307e-01 3.558037503436820015e-01 3.775059278945855877e-03 3.380728573708375961e+01 -4.214963205845904948e-03 4.611571942209037535e-04 9.999910106692238010e-01 -8.423052693700368021e-01 -3.067567177116046072e-17 1.332393980232532322e-17 6.161595046827328133e-19 9.999999999999996669e-01
3.428727434388620932e-01 -9.393818117494310282e-01 3.058775368627507873e-04 -6.115831411924649785e+01 9.393773389813675490e-01 3.428720849283936056e-01 2.991385155523119174e-03 3.440476849174850571e+01 -2.914929675823791592e-03 -7.383300083237666301e-04 9.999954790166940555e-01 -8.485507074629836666e-01 -3.548095794735006413e-17 1.764952557180666539e-17 6.442653575496349417e-19 9.999999999999992228e-01
3.309821631530531216e-01 -9.436269188809154329e-01 -4.364130822734917439e-03 -6.096284777842523539e+01 9.436363313434376066e-01 3.309728363765291337e-01 2.730521851635326139e-03 3.501613102166897562e+01 -1.132185165067424318e-03 -5.021906428058879601e-03 9.999867492185220419e-01 -8.533738522489773271e-01 -4.127689217535827295e-17 2.149704095488645818e-17 6.831658741666232011e-19 9.999999999999987788e-01
3.206718502108193425e-01 -9.471615741246870446e-01 -7.383561743267963960e-03 -6.076630382722172641e+01 9.471902924555947179e-01 3.206593036271549457e-01 2.856724565467049209e-03 3.564826626662815556e+01 -3.381719693739040217e-04 -7.909709158920395083e-03 9.999686605793165484e-01 -8.583305442843953692e-01 -4.759440275292148607e-17 2.562503792303918647e-17 7.517244955448772168e-19 9.999999999999984457e-01
3.128444220966866696e-01 -9.497587093719791485e-01 -9.314587219211739946e-03 -6.057279352936338057e+01 9.498043838072325329e-01 3.128294602630538601e-01 3.059622869110386213e-03 3.627286047923562506e+01 7.973825038655812063e-06 -9.804221722482154081e-03 9.999519374314402853e-01 -8.610717525077716816e-01 -5.382676678239415216e-17 2.976478965664500844e-17 8.325273198798645013e-19 9.999999999999982236e-01
3.067135653984586208e-01 -9.517373709060082954e-01 -1.107996486845615712e-02 -6.037287398413472772e+01 9.518003137011405990e-01 3.067132955624215507e-01 1.765549110629391653e-03 3.691966054376068485e+01 1.718033470775563168e-03 -1.108743190020068832e-02 9.999370566265219917e-01 -8.597519920226416312e-01 -5.972428113835213933e-17 3.303973315302177083e-17 9.219262644941487208e-19 9.999999999999981126e-01
3.023881930854441791e-01 -9.531006298786924846e-01 -1.267162212823542619e-02 -6.017498457170317749e+01 9.531824671706108365e-01 3.023905104312196168e-01 1.778617358476564971e-03 3.756588673235659570e+01 2.136576958683448005e-03 -1.261620093246446604e-02 9.999181299051415062e-01 -8.606588765942412289e-01 -6.473876074397296375e-17 3.253266935418051431e-17 1.010079696976113162e-18 9.999999999999975575e-01
2.988514849261683093e-01 -9.542137613200381008e-01 -1.280186177438837579e-02 -5.997213705129833272e+01 9.542960203591919210e-01 2.988603752657468249e-01 1.257625795202009988e-03 3.821934306794810965e+01 2.625925373633674221e-03 -1.259260908086403362e-02 9.999172619334745216e-01 -8.658671354637225148e-01 -6.923984049565590926e-17 3.217594109750503054e-17 1.078726053122588913e-18 9.999999999999967804e-01
2.968371582953409082e-01 -9.548570597052876696e-01 -1.164890493223535994e-02 -5.976935604583805883e+01 9.549198855663866281e-01 2.968631527051390773e-01 -5.298262547460222969e-04 3.887681369485363092e+01 3.964038983520159001e-03 -1.096649884501399788e-02 9.999320088376463245e-01 -8.680339526193017186e-01 -7.382381081202973898e-17 3.152689755962593619e-17 1.191068260594392384e-18 9.999999999999958922e-01
2.960824950336437000e-01 -9.551000488295797730e-01 -1.091113469752250272e-02 -5.956466277197185377e+01 9.551486475203336823e-01 2.961201585510471745e-01 -1.978089936338682953e-03 3.954617820698761221e+01 5.120280731401687969e-03 -9.836077745497950192e-03 9.999385152597586313e-01 -8.652781637213341481e-01 -7.852208093522114056e-17 3.012584174512843532e-17 1.282279962645714208e-18 9.999999999999947820e-01
2.954228264116067759e-01 -9.553067160157767690e-01 -1.069728798012097373e-02 -5.935830927522288647e+01 9.553552397307433219e-01 2.954554127949446385e-01 -1.570022037852690728e-03 4.021932168996017509e+01 4.660424233019913078e-03 -9.755889774765580044e-03 9.999415498221626564e-01 -8.645687499606258264e-01 -8.316150385571910036e-17 2.934572770935294587e-17 1.382433551354569786e-18 9.999999999999937828e-01
2.944060946853632732e-01 -9.556053125504173629e-01 -1.198073610140090381e-02 -5.915040365759467278e+01 9.556757134129223452e-01 2.944208260052462722e-01 5.549838798367142225e-04 4.090594399725250696e+01 2.997032675187370158e-03 -1.161308915759339845e-02 9.999280743910750058e-01 -8.660626141506247988e-01 -8.738868132356639899e-17 2.630658584483462426e-17 1.442881528125455668e-18 9.999999999999926725e-01
2.935512809663791134e-01 -9.558856788768753665e-01 -1.049830277198303408e-02 -5.894048225943390662e+01 9.559429078992522921e-01 2.935231592969392289e-01 4.160744342240382809e-03 4.160176489314495996e+01 -8.957009333130037379e-04 -1.125716991129344612e-02 9.999362348897609110e-01 -8.673995974789240337e-01 -9.034129688480897300e-17 2.365445351627344584e-17 1.464723674584796498e-18 9.999999999999915623e-01
2.929973000061206201e-01 -9.560928950488974953e-01 -6.241652516765271511e-03 -5.872254230868944092e+01 9.561077779447061387e-01 2.929672504159684387e-01 5.301616485518937001e-03 4.230205964300199639e+01 -3.240238078175537544e-03 -7.521051834431527298e-03 9.999664667560550502e-01 -8.719030309020734393e-01 -9.470627666664130679e-17 2.142402952521153194e-17 1.483047858375621603e-18 9.999999999999905631e-01
2.923785599720853945e-01 -9.563011142816977284e-01 -1.719445326825614099e-03 -5.850322091725987406e+01 9.563012958853045475e-01 2.923746332575694051e-01 2.214794709324951604e-03 4.300179768940996183e+01 -1.615288451580732974e-03 -2.291866281993028796e-03 9.999960690884015513e-01 -8.771505217059979431e-01 -9.926104923070514325e-17 1.870146299146348941e-17 1.514751761675378944e-18 9.999999999999892308e-01
2.921995306926310487e-01 -9.563572967457022456e-01 3.939850984440005266e-04 -5.827895789563166318e+01 9.563540192833103193e-01 2.921973879234838201e-01 -2.770612092018081944e-03 4.371625736850266719e+01 2.534573674022416040e-03 1.186360785453667186e-03 9.999960842345700929e-01 -8.775881856138382231e-01 -1.041913450876337221e-16 1.537315783025684516e-17 1.555303170001433284e-18 9.999999999999877875e-01
2.920222171342257145e-01 -9.564061914007738752e-01 -3.197147208849969446e-03 -5.806613583915621035e+01 9.563918873389092301e-01 2.920360136546662488e-01 -5.433650800563542480e-03 4.443246764520836933e+01 6.130459393524150327e-03 -1.470978899258460620e-03 9.999801266469258154e-01 -8.769807823957472825e-01 -1.099370672153504169e-16 1.259667820712007920e-17 1.631383379580964455e-18 9.999999999999864553e-01
2.914136654679820304e-01 -9.565482255518239496e-01 -9.673043583449158003e-03 -5.784825439978143180e+01 9.565491160231834877e-01 2.914854553780391044e-01 -7.072336129809330199e-03 4.517192600309855521e+01 9.584582089304842512e-03 -7.191765893992058470e-03 9.999282045675096375e-01 -8.780043249797984117e-01 -1.162085785838471614e-16 8.737079701874125854e-18 1.725786490946471555e-18 9.999999999999850120e-01
2.906002977900792317e-01 -9.568083082205252055e-01 -8.326358416883691480e-03 -5.762284782306726783e+01 9.567950388303946285e-01 2.906627732788061302e-01 -7.642375247550007265e-03 4.590662184409477220e+01 9.732450560176259674e-03 -5.745741902035961940e-03 9.999361308884671118e-01 -8.776626679812142839e-01 -1.222989981406958355e-16 3.521369720890488843e-18 1.808031356895065047e-18 9.999999999999833467e-01
2.900630531200254492e-01 -9.570011199500929600e-01 -3.504515508253190116e-03 -5.738929803227028259e+01 9.569714405851962313e-01 2.900819728648548756e-01 -7.623052087761117770e-03 4.664431932762803257e+01 8.311866158011934486e-03 -1.142555491817028902e-03 9.999648031046054486e-01 -8.782259392948994492e-01 -1.301016263612871835e-16 -1.683009475289196578e-18 1.930248446187662447e-18 9.999999999999817923e-01
2.901664165888753200e-01 -9.569685731337628232e-01 -3.821088626210736739e-03 -5.715892977109110973e+01 9.569643829876653962e-01 2.901803642070157063e-01 -3.811288722107807492e-03 4.741003527961615305e+01 4.756088419435122380e-03 -2.550737728442610888e-03 9.999854365740056261e-01 -8.719324037446958275e-01 -1.372765223006963326e-16 -9.888469378404699328e-18 2.067305615771024901e-18 9.999999999999802380e-01
2.915710883625386995e-01 -9.565336704979597870e-01 -5.444045809110333208e-03 -5.692872165184686395e+01 9.565490706325455728e-01 2.915638426864656241e-01 2.097882245806363677e-03 4.817260127961364446e+01 -4.194080889698098384e-04 -5.819178768850174870e-03 9.999829804828848090e-01 -8.710397564181060481e-01 -1.439919601745059087e-16 -2.148142911434169048e-17 2.167806561814306642e-18 9.999999999999786837e-01
2.915931782934281236e-01 -9.565138096592993300e-01 -7.399344820691164740e-03 -5.669633429390081858e+01 9.565279127191804731e-01 2.915374125252198634e-01 7.764617646066470855e-03 4.894792438517661992e+01 -5.269778161761348376e-03 -9.341789394472645169e-03 9.999424785502230018e-01 -8.788574601908155648e-01 -1.502918244747032566e-16 -3.464025712855790061e-17 2.193051467001864454e-18 9.999999999999772404e-01
2.911536065453709798e-01 -9.566714376701609401e-01 -3.055771868601884090e-03 -5.645078694437232514e+01 9.566409399859563401e-01 2.911138849208451673e-01 9.529845176165636228e-03 4.973622930177806012e+01 -8.227353065336274335e-03 -5.697925265619435686e-03 9.999499209007117750e-01 -8.947619963360884388e-01 -1.558432945782524109e-16 -4.909111552167445259e-17 2.135462266111594843e-18 9.999999999999759082e-01
2.904504069686840717e-01 -9.568854705767981805e-01 2.959271992462176107e-03 -5.620500487079264218e+01 9.568489459870966884e-01 2.904652058667540615e-01 8.370110164748907275e-03 5.051938469844935042e+01 -8.868802352261895283e-03 4.004743831540671234e-04 9.999605912060957058e-01 -9.060020332260879661e-01 -1.621341514827505019e-16 -6.452144430896791474e-17 2.137552100292881228e-18 9.999999999999746869e-01
2.894495577879540038e-01 -9.571915569704860793e-01 1.810182519184839458e-03 -5.596963066979984802e+01 9.571708999337860124e-01 2.894552047711296816e-01 6.289097777408669994e-03 5.130800213163361434e+01 -6.543838045240872418e-03 -8.772253962194849605e-05 9.999785850149683908e-01 -9.096131426631821615e-01 -1.677657545454326470e-16 -8.160588500674623755e-17 2.249098280464387135e-18 9.999999999999735767e-01
2.899558575381754877e-01 -9.570192805304158501e-01 -6.300585077889052019e-03 -5.574066833932491249e+01 9.570334467655406963e-01 2.899231815998186135e-01 5.615206417652112737e-03 5.211522667023974975e+01 -3.547175134107879383e-03 -7.658032645813109100e-03 9.999643854081573524e-01 -9.197343055871241013e-01 -1.732924468047335262e-16 -9.937360914847967968e-17 2.359479258594468695e-18 9.999999999999723554e-01
2.891478569355465100e-01 -9.572469970234953607e-01 -8.467793045194439705e-03 -5.549729314317572459e+01 9.572838695700114364e-01 2.891461042136406201e-01 1.457216232012661147e-03 5.291520575353423794e+01 1.053513508219303726e-03 -8.527432643597140580e-03 9.999630858196477678e-01 -9.298575221935553303e-01 -1.796352072946844997e-16 -1.168127394859311181e-16 2.353378930518634058e-18 9.999999999999713562e-01
2.883218195660562921e-01 -9.575035518803326484e-01 -7.581325651806014414e-03 -5.524872275258650944e+01 9.575204660512244281e-01 2.883502522736802187e-01 -2.947729085126718669e-03 5.371477145475741111e+01 5.008538233279249095e-03 -6.409379857989472642e-03 9.999669166501268247e-01 -9.287135205478065370e-01 -1.846789262903690411e-16 -1.335707306413549953e-16 2.334985594869288036e-18 9.999999999999702460e-01
2.886583817973305544e-01 -9.573855971518236974e-01 -9.442297620977001260e-03 -5.500509201039662344e+01 9.574111104128602001e-01 2.887033921291448091e-01 -3.783785293771031386e-03 5.452679943486793235e+01 6.348564895663022165e-03 -7.947939310176998021e-03 9.999482616538971635e-01 -9.249641478796262195e-01 -1.903446951044560014e-16 -1.488278816922235969e-16 2.407586089114315513e-18 9.999999999999694689e-01
2.888721426914429569e-01 -9.572508245056938758e-01 -1.495808009044227033e-02 -5.476900767606413467e+01 9.573586893762164873e-01 2.889019001732182068e-01 1.787516955815195987e-04 5.535304012558059839e+01 4.150307553118250635e-03 -1.437188433627833821e-02 9.998881056838340164e-01 -9.255728202255906201e-01 -1.954036311183463793e-16 -1.647313964680994428e-16 2.444663959890172399e-18 9.999999999999689138e-01
2.889375329355051703e-01 -9.572727239594567283e-01 -1.200141759759320963e-02 -5.452192080116218875e+01 9.573468014300307027e-01 2.888950413733162303e-01 5.172703511090692187e-03 5.617804924202830108e+01 -1.484537946877773204e-03 -1.298410694077845561e-02 9.999146009106004707e-01 -9.264102050223066431e-01 -2.003384552736692088e-16 -1.784630737824758589e-16 2.403620548677480744e-18 9.999999999999686917e-01
2.882048242181254327e-01 -9.575531671230184116e-01 -5.469134304408204868e-03 -5.426742456228544143e+01 9.575450147767031739e-01 2.881527252977170162e-01 8.692041175612112702e-03 5.699478089191091357e+01 -6.747145601613486858e-03 -7.742030487439613418e-03 9.999472671047892058e-01 -9.327493271885833881e-01 -2.059792798670363385e-16 -1.888745393371479112e-16 2.397698562954038743e-18 9.999999999999686917e-01
2.874010560830531635e-01 -9.577710678963378133e-01 -8.672627226781968665e-03 -5.401781766822895747e+01 9.577692961869718191e-01 2.872931457184504378e-01 1.185848661204712100e-02 5.784207928700627122e+01 -8.866129028405639323e-03 -1.171451765093020625e-02 9.998920750923246947e-01 -9.412649486127701026e-01 -2.121977306736530616e-16 -1.966379813982680046e-16 2.444385085550368068e-18 9.999999999999688027e-01
2.878126065954184631e-01 -9.576380965851187810e-01 -9.652950509507231963e-03 -5.376698708784626035e+01 9.576509987716489425e-01 2.877001557502720797e-01 1.154057766972890753e-02 5.867467642277286899e+01 -8.274541468073354222e-03 -1.256568143725839658e-02 9.998868114010160957e-01 -9.604695978458462902e-01 -2.191860477695677634e-16 -2.062459607172430452e-16 2.410948042960520647e-18 9.999999999999688027e-01
2.862423459230523659e-01 -9.581434773273345140e-01 -5.137728632858817694e-03 -5.351419624875874348e+01 9.581494178815693763e-01 2.862142073674877607e-01 5.578576362257401181e-03 5.950280311022518731e+01 -3.874585625923130869e-03 -6.519536483645948198e-03 9.999712412016907859e-01 -9.618179706476535085e-01 -2.255864385664291916e-16 -2.179759464771161945e-16 2.333156412396124884e-18 9.999999999999685807e-01
2.856288794911451268e-01 -9.583303106745578726e-01 -4.377081560686634822e-03 -5.326131295016440959e+01 9.583397881615599578e-01 2.856304964437944016e-01 2.644385508744963331e-04 6.034099966668595272e+01 9.968085005632896720e-04 -4.270262702610933339e-03 9.999903855685071674e-01 -9.666826998774279422e-01 -2.316238779932655011e-16 -2.315216658951955186e-16 2.327810150540931344e-18 9.999999999999682476e-01
2.853560380334171920e-01 -9.583939840386376252e-01 -7.273439101624337884e-03 -5.301495175089318224e+01 9.584165746809059083e-01 2.853708643360906017e-01 -1.067316734577504088e-03 6.119259664185305070e+01 3.098537540632912302e-03 -6.666419315218781450e-03 9.999729785943285432e-01 -9.708528637284283835e-01 -2.372076374003675030e-16 -2.439805436647307164e-16 2.372429098659390898e-18 9.999999999999680256e-01
2.845594689427171087e-01 -9.586406875067633448e-01 -5.825881181499207792e-03 -5.275921887429960577e+01 9.586583599283445833e-01 2.845557264653318930e-01 1.479011597149557360e-03 6.203682221595153834e+01 2.399471576039054698e-04 -6.005896453233693782e-03 9.999819356535140091e-01 -9.728488615653391181e-01 -2.440382122008157689e-16 -2.559845322028287928e-16 2.417775855760659722e-18 9.999999999999680256e-01
2.839049059145843934e-01 -9.588524391497885713e-01 -6.583364423901627853e-05 -5.250493891313478656e+01 9.588357685157815613e-01 2.838995637061892952e-01 5.916649576190814198e-03 6.288820222115165848e+01 -5.654503734825355038e-03 -1.742889494121487937e-03 9.999824943087358697e-01 -9.913807012552370290e-01 -2.516753455111491085e-16 -2.661146591456620110e-16 2.468777820309749211e-18 9.999999999999681366e-01
2.831209838040444904e-01 -9.590810790872027480e-01 2.447910678141664974e-03 -5.225384763036705493e+01 9.590490095746998511e-01 2.831315377129287048e-01 7.844079686118825279e-03 6.373833092818733093e+01 -8.216189124272112176e-03 1.268427536325327388e-04 9.999662385037754175e-01 -9.948457179911103232e-01 -2.597353875890617536e-16 -2.757605273412690787e-16 2.520278089089819072e-18 9.999999999999684697e-01
2.831069802124382417e-01 -9.590840403400320291e-01 -2.870769924809917027e-03 -5.201618336175310731e+01 9.590777481056038667e-01 2.830885212095397008e-01 5.546372517452172191e-03 6.459179992862803488e+01 -4.506755350498111747e-03 -4.323508329359628324e-03 9.999804980259054954e-01 -1.013433301529421016e+00 -2.671039724585539542e-16 -2.857861063850935802e-16 2.578830670054725925e-18 9.999999999999685807e-01
2.831813429665286375e-01 -9.590636811570247833e-01 -2.276506343870299178e-03 -5.175810630119660516e+01 9.590661901487751440e-01 2.831819935447711933e-01 3.802032275289321696e-05 6.544261777951251702e+01 6.082016940999368688e-04 -2.194086912117728608e-03 9.999974080334028681e-01 -1.010256065932407799e+00 -2.742922680823884474e-16 -2.973902545456357810e-16 2.616898387970761598e-18 9.999999999999685807e-01
2.823321336118106983e-01 -9.593136435818562235e-01 -2.428902597071447116e-03 -5.150858264615184368e+01 9.593075938840699424e-01 2.823395862627042785e-01 -3.646689647340849161e-03 6.629835100561271588e+01 4.184094486955875110e-03 -1.300487037417237621e-03 9.999904009974258656e-01 -9.916412261762629354e-01 -2.813209889753579607e-16 -3.099171633954897874e-16 2.729020391141962033e-18 9.999999999999686917e-01
2.829075814517628684e-01 -9.591359181140532986e-01 -4.646605270769601885e-03 -5.126054411025518220e+01 9.591455998010480766e-01 2.829125730723635601e-01 -4.408853409730837162e-04 6.715252931578949358e+01 1.737452019525734118e-03 -4.332041193953205943e-03 9.999891072805624503e-01 -9.935705640211550671e-01 -2.900532355490974395e-16 -3.202697193551876863e-16 2.883387404500546519e-18 9.999999999999686917e-01
2.831828550781448905e-01 -9.590561761186301437e-01 -4.326850865666437111e-03 -5.101130262018185846e+01 9.590568407083441826e-01 2.831576387400303041e-01 5.632753653556416343e-03 6.801695991743211778e+01 -4.176946305672792591e-03 -5.744795183001282120e-03 9.999747749058806034e-01 -9.867593609530457277e-01 -2.982713700685801779e-16 -3.319401202723543301e-16 2.979011207869957750e-18 9.999999999999685807e-01
2.824180025173051445e-01 -9.592858752451599580e-01 -3.268242520391995750e-03 -5.075813021279935100e+01 9.592591831730047369e-01 2.823789261517812843e-01 9.163054275086499056e-03 6.887542900513601296e+01 -7.867105726861084447e-03 -5.722903135842409041e-03 9.999526773939761970e-01 -9.824336218412124122e-01 -3.042002279590632577e-16 -3.451629367495486686e-16 3.011865582447463575e-18 9.999999999999686917e-01
2.828352463191191601e-01 -9.591613264906981851e-01 -3.711226766798833825e-03 -5.051018422317543610e+01 9.591335824436847401e-01 2.827898133455236662e-01 9.627694260239263307e-03 6.972259318519706994e+01 -8.185014873010033193e-03 -6.282613501672374041e-03 9.999467657327156811e-01 -9.906603026666338518e-01 -3.109382303299121846e-16 -3.587322502410108635e-16 3.024331685008345849e-18 9.999999999999688027e-01
2.833518195842527621e-01 -9.590054252191571038e-01 -4.510070777905597281e-03 -5.025608732137077794e+01 9.589689654779965933e-01 2.832881895074033651e-01 1.123943662732443567e-02 7.059185657582075635e+01 -9.501030916766227755e-03 -7.509732727565881540e-03 9.999266644739903676e-01 -1.008913158994645620e+00 -3.171962566674893900e-16 -3.709663104479483195e-16 3.040611638862157463e-18 9.999999999999692468e-01
2.834993079731037424e-01 -9.589476683971598359e-01 -6.892869817774093487e-03 -5.001281623611188820e+01 9.589264806594665069e-01 2.834080270555713876e-01 1.182771704680896790e-02 7.145102829006988543e+01 -9.388667048670870999e-03 -9.962904993663887140e-03 9.999062923371054845e-01 -1.021118043300603295e+00 -3.231000719401391057e-16 -3.808114142291711347e-16 3.037084006789394468e-18 9.999999999999695799e-01
2.835616737448483082e-01 -9.589052039506984482e-01 -9.674038411662238407e-03 -4.976594114383303946e+01 9.589407673982386360e-01 2.834903314806320185e-01 8.113974285027126393e-03 7.229726658636032255e+01 -5.038035810534229747e-03 -1.157764194729400849e-02 9.999202850239176099e-01 -1.032835983556775972e+00 -3.273972689537048929e-16 -3.906203149490768271e-16 3.032687118618270100e-18 9.999999999999700240e-01
2.833726385927100022e-01 -9.589600909033182408e-01 -9.771988109042952300e-03 -4.951280358760610767e+01 9.590041905319369731e-01 2.833913420091058732e-01 -5.566116056392048442e-04 7.313450686860382177e+01 3.303065140282311803e-03 -9.213649047030059505e-03 9.999520980687616190e-01 -1.031206273107701632e+00 -3.315070649791147821e-16 -3.994767460020008462e-16 3.045317510331820873e-18 9.999999999999703570e-01
2.829707621356830072e-01 -9.590818428394168871e-01 -9.463958579526620882e-03 -4.926092804273374526e+01 9.590787423879630902e-01 2.830428397296545495e-01 -7.397078971543328066e-03 7.397954467312642635e+01 9.773109843111447287e-03 -6.983524418300682789e-03 9.999278557530515421e-01 -1.029714472307782236e+00 -3.366572967162094738e-16 -4.064659845417351785e-16 3.134095651550257155e-18 9.999999999999709122e-01
2.832801658704476311e-01 -9.589861963824675151e-01 -9.890539529964787607e-03 -4.900862984208669815e+01 9.589942576867140911e-01 2.833500090864569665e-01 -6.541106529156807438e-03 7.483641765382508027e+01 9.075315336235728961e-03 -7.632004872095052815e-03 9.999296931051614434e-01 -1.025417979224688469e+00 -3.425419543086063934e-16 -4.092414499048071242e-16 3.292766069302169266e-18 9.999999999999716893e-01
2.835966858222788156e-01 -9.589082006391074220e-01 -8.245152368640974033e-03 -4.875799521441679474e+01 9.589407353768607534e-01 2.836065326330324821e-01 -2.612978056429319739e-05 7.569272268220468902e+01 2.363435135185965388e-03 -7.899202156499111546e-03 9.999660078121925810e-01 -1.014964031921819831e+00 -3.484084341701888431e-16 -4.128174491043336257e-16 3.433101599330004720e-18 9.999999999999724665e-01
2.835116750766752958e-01 -9.589399161901381863e-01 -7.440916096783900882e-03 -4.850858485479434989e+01 9.589561271850240987e-01 2.834595318241492357e-01 7.337571283689493101e-03 7.655301201744664752e+01 -4.927091398663382450e-03 -9.215799208501494061e-03 9.999453949168918276e-01 -1.011286579919726591e+00 -3.556604488547927884e-16 -4.155831914638725741e-16 3.569351151851322055e-18 9.999999999999731326e-01
2.834433168728435204e-01 -9.589606114813888915e-01 -7.377787422406532729e-03 -4.825885229281051636e+01 9.589483712570763263e-01 2.833521141335424431e-01 1.138422941879312263e-02 7.740739493349261124e+01 -8.826515940904229585e-03 -1.030170097868797659e-02 9.999079795528643677e-01 -1.017261401553363420e+00 -3.639548221543598518e-16 -4.163312648787946494e-16 3.671673240181520397e-18 9.999999999999736877e-01
2.832827296203621059e-01 -9.590091600346879464e-01 -7.233675987087673925e-03 -4.800830785053376104e+01 9.589960768930280155e-01 2.831935474911645434e-01 1.131101954539383801e-02 7.826019918348718818e+01 -8.798840989160087653e-03 -1.014128338472649118e-02 9.999098633220689925e-01 -1.026532962906022473e+00 -3.728007048739864070e-16 -4.135391094760791373e-16 3.758580024688507430e-18 9.999999999999742428e-01
2.839089553048721459e-01 -9.587952827940283695e-01 -1.035909211761555301e-02 -4.776111399284578596e+01 9.588332157373621323e-01 2.838208018709137970e-01 9.198740354176077744e-03 7.910745915485560431e+01 -5.879583027735332985e-03 -1.254424637131271864e-02 9.999040315883299668e-01 -1.035587480398859395e+00 -3.811698631513150333e-16 -4.118832323892973339e-16 3.865058647001159549e-18 9.999999999999746869e-01
2.841803048076891325e-01 -9.586845640192850349e-01 -1.286316720124437360e-02 -4.751217756530909497e+01 9.587655531544581056e-01 2.841085345303503429e-01 7.138255490155375957e-03 7.995528111131245907e+01 -3.188799769453723367e-03 -1.436131323799123491e-02 9.998917862640489540e-01 -1.042698644546312226e+00 -3.905297526309644714e-16 -4.097706087555099364e-16 3.979941262195559438e-18 9.999999999999751310e-01
2.832203315838023872e-01 -9.589651883889922512e-01 -1.311530539139885675e-02 -4.725881249886342061e+01 9.590521575484051153e-01 2.831605218519043787e-01 6.251237181888478871e-03 8.081025432258758201e+01 -2.280982122898780971e-03 -1.434873939997479211e-02 9.998944498287742899e-01 -1.043970345402377209e+00 -3.993646580053845225e-16 -4.064517179039970814e-16 4.129495196277047663e-18 9.999999999999756861e-01
2.824382664526975395e-01 -9.592000425994345880e-01 -1.280249664407651956e-02 -4.700617388002198993e+01 9.592788717734569426e-01 2.823616437294659831e-01 7.479860923457623371e-03 8.166817365104439830e+01 -3.559748920136755583e-03 -1.439376348912503947e-02 9.998900678376830831e-01 -1.048596852646665134e+00 -4.076753805454246359e-16 -4.046630867416136185e-16 4.298849937093174630e-18 9.999999999999761302e-01
2.821559799134908397e-01 -9.592648666741534491e-01 -1.410384924616333441e-02 -4.676022658920977193e+01 9.593427004773684708e-01 2.820099817458935343e-01 1.148708999118786683e-02 8.252275654787750625e+01 -7.041735580394478493e-03 -1.677157595573945670e-02 9.998345504133070438e-01 -1.050401173383781916e+00 -4.161231777797451294e-16 -4.021136180231438376e-16 4.394931212973698847e-18 9.999999999999769074e-01
2.817124190237954018e-01 -9.594051253075095431e-01 -1.341337024477449145e-02 -4.650991119144873664e+01 9.594534361348324714e-01 2.815354815068563110e-01 1.367027950553993676e-02 8.337240762508135106e+01 -9.338996571490327733e-03 -1.672059167971509663e-02 9.998165856581506805e-01 -1.058320079850943340e+00 -4.233129780106187934e-16 -4.014993863156792557e-16 4.498334528223229415e-18 9.999999999999777955e-01
2.807881233564052947e-01 -9.596901574207873375e-01 -1.236250506694142916e-02 -4.625548070831374048e+01 9.597292777414616616e-01 2.806346487451741867e-01 1.280263135137349982e-02 8.422358666449824227e+01 -8.817212029910110466e-03 -1.545948489012721749e-02 9.998416180071498793e-01 -1.066071553261395577e+00 -4.309092741754366477e-16 -4.027990339542574212e-16 4.535033855974940214e-18 9.999999999999787947e-01
2.799511988708427990e-01 -9.599147341826310686e-01 -1.382133675670337014e-02 -4.601704839607777586e+01 9.599886843423226512e-01 2.798097022137259193e-01 1.132503782582970284e-02 8.507561952458812016e+01 -7.003726552082113581e-03 -1.643878480549837082e-02 9.998403443393873991e-01 -1.076548101372831301e+00 -4.401027097356797267e-16 -4.008137167179948582e-16 4.573569338248324930e-18 9.999999999999799050e-01
2.790771876499998916e-01 -9.601709830594137296e-01 -1.369695674078517944e-02 -4.576945740925673078e+01 9.602484601670612241e-01 2.789503776095137999e-01 1.046812200402634160e-02 8.593580563267440198e+01 -6.230415740429998996e-03 -1.607389566815412701e-02 9.998513948572314014e-01 -1.090090199012907490e+00 -4.493512761322845603e-16 -3.996123407580276573e-16 4.665929359547351995e-18 9.999999999999809042e-01
2.777319299093453098e-01 -9.606002930164847520e-01 -1.058546953817540194e-02 -4.551358794000975649e+01 9.606474650761388512e-01 2.776587553511950524e-01 7.878033993785848316e-03 8.677845895378278840e+01 -4.628493466028616755e-03 -1.235688606345486384e-02 9.999129384177646296e-01 -1.099431892353230467e+00 -4.592681946595035689e-16 -3.972562250478809575e-16 4.749186352350884004e-18 9.999999999999816813e-01
2.763967548563245891e-01 -9.609387376164211236e-01 -1.419776225035149914e-02 -4.527498948923010147e+01 9.610433907603886938e-01 2.763563879962941949e-01 4.769474751994063483e-03 8.762636667242730937e+01 -6.595307541180680903e-04 -1.496293291808789908e-02 9.998878315380529402e-01 -1.092733110411855391e+00 -4.725573698893870198e-16 -3.919259579861045490e-16 4.889693902150214965e-18 9.999999999999822364e-01
2.756881562116033635e-01 -9.609992594553840028e-01 -2.182805192205224468e-02 -4.504334648727578383e+01 9.612357140657147303e-01 2.757244537144650232e-01 1.388390588998216282e-03 8.847822828139968010e+01 4.684285364018091549e-03 -2.136466591751842031e-02 9.997607756463821049e-01 -1.101040977496399398e+00 -4.862117836284577751e-16 -3.898719102240381378e-16 5.062941855253304320e-18 9.999999999999826805e-01
2.743891478945514883e-01 -9.613378607232161421e-01 -2.324033256365864303e-02 -4.480523499560662515e+01 9.616026006361390044e-01 2.744444080803954966e-01 8.398352262874638494e-04 8.932838721052158348e+01 5.570813914247403457e-03 -2.257840590495359401e-02 9.997295542392032885e-01 -1.104569558171304422e+00 -4.990157745052272712e-16 -3.866811537931853949e-16 5.369542746634278087e-18 9.999999999999833467e-01
2.729489454321668007e-01 -9.617782898568523198e-01 -2.194070070322452076e-02 -4.456642439899260211e+01 9.620244559750885660e-01 2.729430884141886837e-01 3.319125299033513690e-03 9.018412336656652428e+01 2.796299958005578432e-03 -2.201344240783710896e-02 9.997537642140146286e-01 -1.096149551908974562e+00 -5.130273624940902068e-16 -3.785132055242320184e-16 5.824272592432953320e-18 9.999999999999842348e-01
2.724450054612717609e-01 -9.619849089362143557e-01 -1.894080193758267833e-02 -4.432928785991692422e+01 9.621702505386988680e-01 2.723620532391531346e-01 6.879021270589405837e-03 9.103902577217438363e+01 -1.458758944822083087e-03 -2.009843113329779288e-02 9.997969419279637560e-01 -1.087777790170951553e+00 -5.261353501007324644e-16 -3.752574229956110130e-16 6.211064677531236602e-18 9.999999999999847899e-01
2.713051045545263329e-01 -9.622921270127354765e-01 -1.968254383473724139e-02 -4.409732620500386702e+01 9.624852985107987813e-01 2.711621977288208307e-01 9.649490838672515267e-03 9.189587926400741935e+01 -3.948467220595067162e-03 -2.156211519908753788e-02 9.997597135286725445e-01 -1.089546693816848100e+00 -5.401788283315936460e-16 -3.714256350791360112e-16 6.579040896635667505e-18 9.999999999999851230e-01
2.703538840598517790e-01 -9.625971869852648632e-01 -1.776043303656679728e-02 -4.386733229118011224e+01 9.627482524390122975e-01 2.702092984384706909e-01 1.013594904330908895e-02 9.274659999705085056e+01 -4.957801885721995275e-03 -1.983911906098057704e-02 9.997908929148773272e-01 -1.096084169609736314e+00 -5.563078693982783489e-16 -3.675511406118124333e-16 6.991417253546767239e-18 9.999999999999852340e-01
2.691338054088567300e-01 -9.629950230393946597e-01 -1.440765030592650563e-02 -4.363162136451793316e+01 9.630824984907702113e-01 2.690008966470652241e-01 1.051754267121342117e-02 9.360191697046154502e+01 -6.252670396093278071e-03 -1.670638213664135327e-02 9.998408877961532104e-01 -1.107791052743069216e+00 -5.730172369936105572e-16 -3.669552254993382274e-16 7.382176881899225155e-18 9.999999999999855671e-01
2.682182270287036818e-01 -9.632489557347274634e-01 -1.450627331072735539e-02 -4.340578430816427868e+01 9.633226455546859412e-01 2.680485915991019930e-01 1.262668219481147443e-02 9.445427272565441967e+01 -8.274252308236614353e-03 -1.736092789434991526e-02 9.998150503625957697e-01 -1.114195174881634776e+00 -5.886583829387956741e-16 -3.666100672149842522e-16 7.738594334812500419e-18 9.999999999999856781e-01
2.678388011092099341e-01 -9.632649433842987996e-01 -1.957103643272647964e-02 -4.318921883348189539e+01 9.634304568237197497e-01 2.676054449962877446e-01 1.375066081200689190e-02 9.530369251711080381e+01 -8.008213594937403298e-03 -2.253829307721406244e-02 9.997139060052889770e-01 -1.114371624028171803e+00 -6.024880477348824577e-16 -3.680420635149375783e-16 8.069174581315396450e-18 9.999999999999855671e-01
2.674886100917512888e-01 -9.632567595530417970e-01 -2.421277857620084475e-02 -4.297287223340735096e+01 9.635366868801353846e-01 2.672188023397127354e-01 1.382623275409930463e-02 9.615498687100385666e+01 -6.848102467070860296e-03 -2.702826023164372690e-02 9.996112127430420990e-01 -1.119801711366296360e+00 -6.168006289078395984e-16 -3.679280314498289734e-16 8.426758061003896663e-18 9.999999999999855671e-01
2.682097883583896558e-01 -9.629890599389527850e-01 -2.675032460476619439e-02 -4.274690069882796450e+01 9.633483946123920783e-01 2.679636187573448680e-01 1.246473506267055387e-02 9.700371731245824947e+01 -4.835289716341730284e-03 -2.911304621643323945e-02 9.995644303963202582e-01 -1.128840036949401382e+00 -6.285238114802372489e-16 -3.701313047902368790e-16 8.753756474355798319e-18 9.999999999999855671e-01
2.698771154273268968e-01 -9.624803253457590024e-01 -2.824829005030998069e-02 -4.251372875776170446e+01 9.628831644290551939e-01 2.696136531504670364e-01 1.282535355977719969e-02 9.784619988648803712e+01 -4.728025791149764907e-03 -3.066107233636867352e-02 9.995186563618815301e-01 -1.141990589883411289e+00 -6.418051006768333530e-16 -3.678973311558178076e-16 9.234669011963069826e-18 9.999999999999857891e-01
2.710343675393809826e-01 -9.621795011519682639e-01 -2.740399925730376690e-02 -4.227289065842627025e+01 9.625375983817980874e-01 2.706830742549006796e-01 1.587592558872484572e-02 9.869710481437584804e+01 -7.857691397419002202e-03 -3.068030108219084451e-02 9.994983620854845929e-01 -1.153166377528397124e+00 -6.572559554228954072e-16 -3.670776299741609338e-16 9.661282442749679784e-18 9.999999999999859002e-01
