1.000000000000000000e+00 4.398956837314658088e-19 2.733407509747682871e-20 -8.673617379884035472e-19 -5.583667658079949532e-19 1.000000000000000000e+00 -6.100159232558060012e-19 0.000000000000000000e+00 4.145284534913582806e-20 -2.210423569125054137e-19 1.000000000000000222e+00 0.000000000000000000e+00
9.998983116800225224e-01 2.983343238542938394e-04 1.425753527150747622e-02 -7.252814277051061742e-02 -2.927309537674896802e-04 9.999998791038920976e-01 -3.950967150527401632e-04 -7.375193107271318937e-03 -1.425765166600075941e-02 3.908829330185746207e-04 9.998982781077949689e-01 1.831190434612983697e-02
9.995364126582265696e-01 1.713822911097272758e-03 3.039774012679788417e-02 -6.361010026290948860e-02 -1.701153145082025557e-03 9.999984550668800098e-01 -4.426568581835367512e-04 -1.032288829815923570e-02 -3.039845232667376732e-02 3.907404674093146383e-04 9.995377838737778964e-01 1.924055980479877359e-02
9.979464514768645600e-01 5.167415101335662807e-03 6.384495136633419610e-02 8.496708498522600322e-03 -5.242882862311936190e-03 9.999857413213454338e-01 1.014565417264196544e-03 9.959096321842886290e-03 -6.383879944568976450e-02 -1.347213516044589105e-03 9.979593141417717472e-01 4.198560428105165832e-01
9.954106551096907340e-01 4.162505119615965941e-03 9.560492253389117623e-02 3.516386162661703368e-02 -4.464295393074394283e-03 9.999857044256855731e-01 2.942960858469823547e-03 1.323915324376272185e-02 -9.559130736949246476e-02 -3.356263156158616808e-03 9.954150076615414511e-01 5.333651256585343337e-01
9.908749241883437753e-01 1.686141429167064025e-03 1.347740383445145962e-01 1.553042206020305294e-01 -2.373230206446476278e-03 9.999849939098981455e-01 4.937584081928159639e-03 1.333929662750431289e-02 -1.347636927769273740e-01 -5.212377995139630231e-03 9.908640564435367004e-01 8.215224682615777096e-01
9.850577215362134043e-01 -2.444750345901040758e-03 1.722071664213277731e-01 1.629188412637385397e-01 1.459477269307390447e-03 9.999818362939887351e-01 5.847820447535441966e-03 -1.295164852533745026e-02 -1.722183379387504099e-01 -5.509108129000080990e-03 9.850433970542722406e-01 9.076046219352649214e-01
9.763537102308744720e-01 -2.617767973655380290e-03 2.161633162711623646e-01 2.812430207523909376e-01 1.231197864893509956e-03 9.999777979845306808e-01 6.548869047372646301e-03 -2.658868409301504143e-03 -2.161756641668028389e-01 -6.127872630737459143e-03 9.763352558988052099e-01 1.188039048720699986e+00
9.646650695908108863e-01 -2.510230695301801825e-03 2.634672682000146482e-01 3.747064388617579178e-01 -1.426339188756769918e-04 9.999494929534387122e-01 1.004943754372423538e-02 7.005330537167051008e-03 -2.634791922061892055e-01 -9.731920576606819390e-03 9.646159887952716616e-01 1.345324257588278005e+00
9.502536467508672091e-01 -6.051774511035654114e-03 3.114183385881914568e-01 5.416859551982475818e-01 9.131308161321729719e-04 9.998610630898158158e-01 1.664393887595972538e-02 2.478330689966763700e-02 -3.114758018303046549e-01 -1.553159777658168206e-02 9.501271470731170732e-01 1.638055491531626107e+00
9.334204755001180853e-01 -1.573905667459681371e-02 3.584389714912896707e-01 6.406338246188422181e-01 7.325471694667294240e-03 9.996651251488397616e-01 2.481884368505873212e-02 6.414223819677655758e-04 -3.587095706728061217e-01 -2.054068217279644490e-02 9.332231919727147496e-01 1.827398244313064302e+00
9.122915729375689065e-01 -2.148528080760967254e-02 4.089773420593124653e-01 8.124094784244195733e-01 1.013403819917599140e-02 9.995014519451674850e-01 2.990232093482662890e-02 -6.306729025168725244e-03 -4.094159140297375932e-01 -2.313504320262537925e-02 9.120544838358135564e-01 2.059198588914156414e+00
8.874519185860483272e-01 -2.353195051650905367e-02 4.602991814508221591e-01 1.012192404217733266e+00 8.977546604891908574e-03 9.993888591739810145e-01 3.378330627351164295e-02 -1.793100015128390456e-03 -4.608128688746727653e-01 -2.584870239781217674e-02 8.871208190294560536e-01 2.302341545007859480e+00
8.590756871102388503e-01 -2.543357087904625502e-02 5.112162882948240172e-01 1.165070663348504398e+00 6.841523960791311490e-03 9.992460537972697177e-01 3.821671737755279880e-02 2.864575791747609596e-02 -5.118028551399703696e-01 -2.933355401810548366e-02 8.586019939314597504e-01 2.504445728681120364e+00
8.269684407069957111e-01 -3.078338292948459495e-02 5.614050023359495878e-01 1.404935505782349603e+00 8.083176188729564171e-03 9.990477984273578027e-01 4.287375281355958190e-02 2.659461355352818468e-02 -5.621902404655164665e-01 -3.091730468858841854e-02 8.264298267839687018e-01 2.762521323533852602e+00
7.915227931684193363e-01 -3.652116737199966046e-02 6.100474297218203557e-01 1.625234271130627572e+00 1.032701348467933780e-02 9.988695866602552709e-01 4.639937058376973622e-02 2.686734639895849153e-02 -6.110523936998748518e-01 -3.042619103944842196e-02 7.910051989829289809e-01 2.948583782649322416e+00
7.537995417523309927e-01 -4.097290355136316842e-02 6.558257888530073521e-01 1.894049906996223109e+00 1.132361490193369534e-02 9.987158804843728754e-01 4.937981127939321258e-02 3.497805332704366499e-02 -6.570068757512349533e-01 -2.979616004986612721e-02 7.532955335176555467e-01 3.158239724019810790e+00
7.138478853936941482e-01 -4.434371880170168839e-02 6.988954309579977764e-01 2.195943575449831542e+00 1.251088237983105297e-02 9.986414684932590768e-01 5.058354646127577459e-02 4.523165306840254418e-02 -7.001890341527632344e-01 -2.736515868710038407e-02 7.134328786264181321e-01 3.391555994355480941e+00
6.722750304199058835e-01 -4.617392487317070054e-02 7.388600973310848197e-01 2.487820580739427356e+00 1.149335105402192643e-02 9.985836840806144865e-01 5.194736484647925062e-02 5.301683147082335290e-02 -7.402122645261585143e-01 -2.643093729521688376e-02 6.718535686899476111e-01 3.585210064374463101e+00
6.294049663510513648e-01 -4.647435826685251264e-02 7.756864783325072565e-01 2.842015993962558440e+00 7.193074670967762943e-03 9.985156582974873407e-01 5.398832985985164284e-02 8.496559209496469534e-02 -7.770441809566173141e-01 -2.840095164942928532e-02 6.288050067594511683e-01 3.826905989822608767e+00
5.878281292835316751e-01 -4.732572544130936310e-02 8.076003687154679200e-01 3.171218887639956296e+00 4.253855454640647141e-03 9.984544243850533851e-01 5.541360024792931632e-02 1.029401293334758077e-01 -8.089746640904215136e-01 -2.913825717977737428e-02 5.871209121302686240e-01 4.030339354042310696e+00
5.476061575530920544e-01 -4.829066264281742932e-02 8.353415449443672980e-01 3.561175969319214207e+00 2.060250972195411430e-03 9.984079991251049169e-01 5.636685732133928789e-02 1.269009256063349800e-01 -8.367336878264491906e-01 -2.914582433327138344e-02 5.468338577907829734e-01 4.227816523121643577e+00
5.093712583962787255e-01 -5.111493575206821349e-02 8.590274572656875218e-01 3.991176928255359080e+00 1.377529120140202424e-03 9.982815213328577464e-01 5.858418329730660790e-02 1.338647182887926501e-01 -8.605457785453957120e-01 -2.865776321064669382e-02 5.085663258693291500e-01 4.440799028320149056e+00
4.719996748781521978e-01 -5.089553129891177113e-02 8.801283650765644451e-01 4.377634243657205992e+00 -1.788266555625106415e-03 9.982748511986320183e-01 5.868665543609785651e-02 1.576426525420325797e-01 -8.815969164295907046e-01 -2.927398576760908283e-02 4.710943892006032030e-01 4.640735209526304139e+00
4.353408987875016511e-01 -5.023684858630259042e-02 8.988629191797435913e-01 4.834294147933562158e+00 -2.984693764222893370e-03 9.983558136486204715e-01 5.724299887619316296e-02 1.834189755378510811e-01 -9.002607444667545256e-01 -2.760304845595774881e-02 4.344751743604872152e-01 4.813223056989100357e+00
4.024325946291164580e-01 -4.900146701549801254e-02 9.141372156762204160e-01 5.352212576145154443e+00 -1.644466217019411366e-03 9.985260846336665441e-01 5.424900000469772693e-02 1.983532049553778653e-01 -9.154481512014123190e-01 -2.333483286708947987e-02 4.017588605104142063e-01 5.002564199855550342e+00
3.721104885458325628e-01 -4.725152488570379811e-02 9.269849315600805495e-01 5.859979586054945067e+00 1.026953114307823858e-04 9.987054748577739449e-01 5.086613714574389489e-02 2.254537513786969427e-01 -9.281884448592935266e-01 -1.883262535264209822e-02 3.716336333775179801e-01 5.174688599144667833e+00
3.464036767155516672e-01 -4.539419089993485673e-02 9.369865769935414868e-01 6.396464824516248093e+00 1.037458797258744483e-03 9.988464332016940839e-01 4.800756738667544959e-02 2.488849259958066384e-01 -9.380849812949658695e-01 -1.565791206110002734e-02 3.460511702280991142e-01 5.366342454290753849e+00
3.260900483348688206e-01 -4.481607203865420330e-02 9.442757992647426990e-01 6.978505157746880627e+00 2.156180207688620804e-03 9.989082976981868978e-01 4.666437230900900845e-02 2.710040644341480398e-01 -9.453362614283521426e-01 -1.318075777698437569e-02 3.258306852855319402e-01 5.542774799118075357e+00
3.120014399925600257e-01 -4.545065565410651848e-02 9.489938483382724943e-01 7.559205293263493886e+00 3.231211532423046949e-03 9.989000600898328974e-01 4.677851204283352271e-02 2.997972702997679928e-01 -9.500761426124681996e-01 -1.152856237383077104e-02 3.118051165120981905e-01 5.700829366018096422e+00
2.992824330229688079e-01 -4.699724021977476351e-02 9.530064372226680902e-01 8.169056539202900424e+00 4.189845130769158724e-03 9.988413434620807552e-01 4.794179544119725467e-02 3.190130863685165519e-01 -9.541553786716180374e-01 -1.035518690827699415e-02 2.991325773003841171e-01 5.911376693922918868e+00
2.882481558175115643e-01 -4.884592906473721186e-02 9.563090820703573636e-01 8.795483422956904107e+00 3.142339036481488473e-03 9.987409635421529153e-01 5.006609041263146431e-02 3.530067638639586836e-01 -9.575505953410531346e-01 -1.142640998088664296e-02 2.880387300127639216e-01 6.094333949552384055e+00
2.781634583689737705e-01 -5.043608655400451390e-02 9.592086718021093361e-01 9.479595856898576756e+00 1.460440032531163876e-03 9.986415358265863240e-01 5.208598658347812771e-02 3.851173176254056307e-01 -9.605326511337027862e-01 -1.308755053708461451e-02 2.778592408152323889e-01 6.286475965092154894e+00
2.673121793457218232e-01 -5.219574300245745369e-02 9.621952959409125761e-01 1.016597934568723538e+01 7.191528285973989481e-04 9.985424251320491607e-01 5.396765689964131557e-02 4.127221023071965811e-01 -9.636097228817487315e-01 -1.373424563232624601e-02 2.669600872023577542e-01 6.475818836339826134e+00
2.572695274217666195e-01 -5.427237537950362761e-02 9.648144297088763199e-01 1.085843584216055291e+01 -2.220421109745092175e-04 9.984182759564768084e-01 5.622185422883140687e-02 4.453726214214464019e-01 -9.663396698239293814e-01 -1.467839842558099454e-02 2.568505459232879873e-01 6.668404322253451255e+00
2.472303853546754526e-01 -5.591121997740311489e-02 9.673422642389707393e-01 1.159406078962273057e+01 -4.929929890158853958e-04 9.983264354653799133e-01 5.782806556414839955e-02 4.710084888843942275e-01 -9.689566089914171121e-01 -1.477374700892668605e-02 2.467890641584828681e-01 6.847606601857993525e+00
2.369910515456608024e-01 -5.710917069851103450e-02 9.698318246770547546e-01 1.239328906101536809e+01 -1.232366493580941240e-03 9.982522613962263591e-01 5.908387130035757523e-02 5.020622481752669009e-01 -9.715110598575567025e-01 -1.519753615455524468e-02 2.365064723523893353e-01 7.041798312898911227e+00
2.268090615084029649e-01 -6.010519527813610458e-02 9.720828149259717055e-01 1.315913842625421459e+01 -2.387283514953591514e-03 9.980565978261487503e-01 6.226819708844998774e-02 5.399203967074328592e-01 -9.739363260649690490e-01 -1.644362774929232496e-02 2.262247907852592554e-01 7.224952303645038043e+00
2.156430946765438006e-01 -6.348662694834057707e-02 9.744062231830115106e-01 1.392077230014368894e+01 -4.413846204585201993e-03 9.978106319401384150e-01 6.598833762815267678e-02 5.851128554675573135e-01 -9.764622831857898699e-01 -1.853080768851898125e-02 2.148907510044289204e-01 7.380328920096697054e+00
2.024113597520084129e-01 -6.742031421669912594e-02 9.769770347492008344e-01 1.469824348002880399e+01 -4.339732743542456563e-03 9.975557940216138730e-01 6.973954747502958407e-02 6.225703806970278587e-01 -9.792909807845807668e-01 -1.835589499184778206e-02 2.016240371869057746e-01 7.565989303898321694e+00
1.904067212148199684e-01 -6.984412875487645833e-02 9.792175763604296090e-01 1.548139709552445531e+01 -5.275231704524258394e-03 9.973787382344471153e-01 7.216525753258497267e-02 6.653791689685198962e-01 -9.816911272876599481e-01 -1.890634880827734426e-02 1.895391700269499213e-01 7.709207849275281355e+00
1.771019073143774158e-01 -7.062058973331392098e-02 9.816555558276078841e-01 1.630621769400904952e+01 -5.871486415651197902e-03 9.973287357630763461e-01 7.280740631976573285e-02 6.982618951067123270e-01 -9.841750134444845477e-01 -1.865810691164292504e-02 1.762141721191159693e-01 7.856393777453085647e+00
1.620715179078563717e-01 -6.977154461269657881e-02 9.843092695334358933e-01 1.709264798229331817e+01 -7.345195281762255564e-03 9.973842391350471459e-01 7.190777135966953948e-02 7.387053565480821149e-01 -9.867516852140775230e-01 -1.888414457961102091e-02 1.611350905792785504e-01 7.978172736413298161e+00
1.456793310123404295e-01 -6.875978244792749217e-02 9.869395159604451573e-01 1.788351372786193849e+01 -8.641093190006483502e-03 9.974553798729917098e-01 7.076790674962307737e-02 7.797395710576031647e-01 -9.892941327900895976e-01 -1.883765676254498672e-02 1.447144713885229195e-01 8.087808321090886210e+00
1.249588080277067859e-01 -6.723259876840599614e-02 9.898813348878713336e-01 1.870306447739532629e+01 -1.131969127226913757e-02 9.975398510296147325e-01 6.918171839179439175e-02 8.098994156006924516e-01 -9.920973632174414636e-01 -1.985001530004466136e-02 1.238903371010346005e-01 8.201640965397134053e+00
9.979068132685663117e-02 -6.589174679905329679e-02 9.928242949719608967e-01 1.953629356663871874e+01 -1.551839372303648150e-02 9.975804667555858707e-01 6.776718805334895623e-02 8.551055368271108792e-01 -9.948874391893058888e-01 -2.216957131701068409e-02 9.852669899977539725e-02 8.274112374634738032e+00
7.107455963986755720e-02 -6.553797710949881006e-02 9.953156099761091280e-01 2.036782654389667258e+01 -1.962026527357737041e-02 9.975542359795459557e-01 6.708644760240298210e-02 8.992596102397326652e-01 -9.972780301839477834e-01 -2.429649517674373899e-02 6.961485415327134385e-02 8.332239234790092652e+00
3.678145645922527990e-02 -6.543705435260867287e-02 9.971785693625543345e-01 2.120758611122221993e+01 -2.238716957588826953e-02 9.975494113272035390e-01 6.628715251196828917e-02 9.409052753998919938e-01 -9.990725481369141514e-01 -2.476214289969488544e-02 3.522636841423831822e-02 8.369400876633957154e+00
2.518089547919833034e-03 -6.462550934424501903e-02 9.979064011759863906e-01 2.204640239331951079e+01 -2.444898292093433331e-02 9.976072967807528835e-01 6.466783311423399128e-02 9.760775980563388687e-01 -9.996979162612243952e-01 -2.456063510422797080e-02 9.320351395157139805e-04 8.363723346516740875e+00
-3.143213227788650005e-02 -6.370573570329178537e-02 9.974736001539591390e-01 2.289001701846767034e+01 -2.557772752289248080e-02 9.976911620020467719e-01 6.291363221481581502e-02 1.007638285291049929e+00 -9.991785717126769883e-01 -2.353559748481958563e-02 -3.298900991883684658e-02 8.313217700168467061e+00
-6.460079559659094584e-02 -6.182415771678838323e-02 9.959942235969975188e-01 2.370654070919861667e+01 -2.774864140361675904e-02 9.978043831905705208e-01 6.013672584388082831e-02 1.037970712128181372e+00 -9.975253216148276536e-01 -2.375260535658121550e-02 -6.617449477735631858e-02 8.235410604575697846e+00
-9.752816604539941980e-02 -5.858364812414150469e-02 9.935070184690293349e-01 2.453809461878490339e+01 -3.001457370680974540e-02 9.979850547124233806e-01 5.590130549255393350e-02 1.078818670021655324e+00 -9.947800758008847888e-01 -2.436773697682896589e-02 -9.909001673907920360e-02 8.159176601431191500e+00
-1.299023408500440679e-01 -5.415330959805133432e-02 9.900468593572424592e-01 2.538306232894758452e+01 -2.724591991409449493e-02 9.983253342769269345e-01 5.103123365796778665e-02 1.107342074495282880e+00 -9.911523891597328051e-01 -2.034565984569393013e-02 -1.311602559724490968e-01 8.039141015835204129e+00
-1.615677434565169490e-01 -4.868697889036455173e-02 9.856598933159804732e-01 2.624505240414976726e+01 -2.301379256098843445e-02 9.986965426300566939e-01 4.555854593204772957e-02 1.119530264941581921e+00 -9.865932526995078167e-01 -1.532297993070056222e-02 -1.624776202015721094e-01 7.895841828665127515e+00
-1.923619035959832912e-01 -4.255283941677935611e-02 9.804010082480174582e-01 2.708877897271151625e+01 -1.657617738188721726e-02 9.990577555826196665e-01 4.011024011830175567e-02 1.142897791267905916e+00 -9.811840524612543968e-01 -8.535617890587030021e-03 -1.928860164526802756e-01 7.728987009976020950e+00
-2.206629477178849441e-01 -3.700146686537238161e-02 9.746480073264893740e-01 2.789100572233365938e+01 -1.114322995027842468e-02 9.993105690604132674e-01 3.541489788937326327e-02 1.148875263403698499e+00 -9.752864748913623316e-01 -3.045970076082252752e-03 -2.209231330733787690e-01 7.496099717617298985e+00
-2.486758492721249658e-01 -3.037045888159274967e-02 9.681105002191419118e-01 2.871975391259774213e+01 -1.651352131304992081e-03 9.995201385476570888e-01 3.093162882094159516e-02 1.177903984797737502e+00 -9.685853658464586013e-01 6.093258833357454926e-03 -2.486066729971636857e-01 7.319746569962954474e+00
-2.755821137624224759e-01 -2.018842107331450531e-02 9.610655075771281641e-01 2.951479118411496216e+01 4.345007828913325688e-03 9.997430671700296978e-01 2.224680955666261464e-02 1.174119420236822364e+00 -9.612677229085808683e-01 1.030666108908096130e-02 -2.754235901709301548e-01 7.059553031303912540e+00
-3.004447586093408895e-01 -5.178025006949205263e-03 9.537851534414079069e-01 3.031264602392401741e+01 8.366184243455379588e-03 9.999324877439348391e-01 8.063925738672246199e-03 1.165325649457287671e+00 -9.537625329860406342e-01 1.040230766286811583e-02 -3.003811559342623450e-01 6.772378419981645692e+00
-3.246097973256639180e-01 1.157136364300836821e-02 9.457772291126318454e-01 3.107634843473174513e+01 8.893519712030421506e-03 9.999183008926566529e-01 -9.181330639054621420e-03 1.133147473580462083e+00 -9.458062168535131820e-01 5.430939608628382147e-03 -3.246861884753471927e-01 6.466826814375674637e+00
-3.494337348188853998e-01 2.610155744109196249e-02 9.365974364834561694e-01 3.187134269809449805e+01 7.590974915397958288e-03 9.996579583826538107e-01 -2.502685213376934850e-02 1.102752115923413712e+00 -9.369303372206279068e-01 -1.635537790218014129e-03 -3.495123515248124146e-01 6.189810281888012078e+00
-3.744361496745681750e-01 3.684005626084928958e-02 9.265205689718380988e-01 3.263823927174247075e+01 1.184849417317696864e-02 9.993189529258381665e-01 -3.494629427861659782e-02 1.066368386975766969e+00 -9.271770043474411027e-01 -2.107281355109187626e-03 -3.746176415273400062e-01 5.899737556071682931e+00
-3.979243979075254845e-01 4.173735082141263181e-02 9.164683038980191432e-01 3.341706447390739498e+01 1.587047006663222515e-02 9.991282811017629939e-01 -3.861095762552530647e-02 1.024022576664051609e+00 -9.172809361222753477e-01 -8.194583228539406442e-04 -3.982399123582078815e-01 5.544074609521405073e+00
-4.209006376865790933e-01 4.107816272460231705e-02 9.061761545079481950e-01 3.412544649273915809e+01 1.753481687942397282e-02 9.991559038451310881e-01 -3.714848546999263701e-02 9.713486738538827936e-01 -9.069372619335879238e-01 2.538126684545687854e-04 -4.212656564148509197e-01 5.204336553824320255e+00
-4.411607866597918592e-01 3.779842946299195178e-02 8.966317106706557238e-01 3.489250358137071117e+01 2.191260694965242381e-02 9.992684361297128337e-01 -3.134374214300049422e-02 9.417609650240335029e-01 -8.971605270703635338e-01 5.819909322492188182e-03 -4.416663127588353333e-01 4.829905086945962545e+00
-4.593106648989329632e-01 3.631339176222255632e-02 8.875331185316478466e-01 3.559479317954679090e+01 2.912603261679341110e-02 9.992424501702737993e-01 -2.581084952104078373e-02 9.122216907829723276e-01 -8.877980628417293518e-01 1.399512118180573118e-02 -4.600203804665702889e-01 4.406231271728193732e+00
-4.731596174156719736e-01 3.718698460227019137e-02 8.801915079335468350e-01 3.632508135329893406e+01 3.264205363155415346e-02 9.991626878719312987e-01 -2.466615993663771877e-02 8.631629106174532051e-01 -8.803717882751763701e-01 1.706022870950238066e-02 -4.739772959158434773e-01 4.025058594674715273e+00
-4.842959153202682776e-01 4.031109327349778615e-02 8.739750959601959579e-01 3.700185389726134844e+01 3.539853558742856593e-02 9.990228391422012466e-01 -2.646338022763359069e-02 8.060747868717651476e-01 -8.741878646446187284e-01 1.812133269030190980e-02 -4.852496352101926536e-01 3.630262373073733340e+00
-4.939858376250088612e-01 4.311585263474294882e-02 8.684002543954107978e-01 3.772482497955780900e+01 3.673184942949937054e-02 9.989129206285426443e-01 -2.870101355159880574e-02 7.621747035590822339e-01 -8.686937181180685030e-01 1.772005426253356677e-02 -4.950325620427165618e-01 3.233156286856551986e+00
-5.048599553840287246e-01 4.225745095264108603e-02 8.621662947621933082e-01 3.842776465645894035e+01 3.086094898806928527e-02 9.990460934408380567e-01 -3.089506360608381894e-02 7.041094920024990600e-01 -8.626494302577603079e-01 1.100959063612100622e-02 -5.056824724148268890e-01 2.853361201324105423e+00
-5.160743206857791865e-01 4.108222227381869845e-02 8.555580244879253948e-01 3.910030252225558911e+01 2.926114631934454216e-02 9.991116951365275334e-01 -3.032500465007496870e-02 6.970942340181347507e-01 -8.560438615437295784e-01 9.384653373594077294e-03 -5.168180034798514066e-01 2.417319326362319387e+00
-5.246437827950930499e-01 4.243509765945657763e-02 8.502635770958587580e-01 3.977355181080263691e+01 3.127490018015550988e-02 9.990434444702142036e-01 -3.056266720097308015e-02 6.482557553430249309e-01 -8.507471972744889976e-01 1.055739618264376137e-02 -5.254690865256120835e-01 1.997830229003582758e+00
-5.321284075104762978e-01 4.523404147403627812e-02 8.454544496445692836e-01 4.045284678027358893e+01 3.526124358316113511e-02 9.988894301722854863e-01 -3.124981491185523444e-02 6.059891680080211618e-01 -8.459290835222459393e-01 1.318286207661365991e-02 -5.331324515035656963e-01 1.569826207864895906e+00
-5.358196631609324356e-01 4.869316145834970411e-02 8.429271923960687252e-01 4.115225711212024606e+01 3.597636527773889065e-02 9.987456611972931331e-01 -3.482535454841548250e-02 5.706479501174718250e-01 -8.435656473366909269e-01 1.166534784767814074e-02 -5.368993679183857726e-01 1.114854005713264762e+00
-5.350175642332811732e-01 5.007837401311002190e-02 8.433554111343422033e-01 4.186310714498554120e+01 3.514137681918039907e-02 9.986968544360698141e-01 -3.700914094117885994e-02 5.190671349516512434e-01 -8.441097684952981739e-01 9.836130852168977964e-03 -5.360801826692884742e-01 6.661928448251812629e-01
-5.322568468303781053e-01 5.099425708200802654e-02 8.450456921200344418e-01 4.260098749594114054e+01 3.761457770553620905e-02 9.986229369923179666e-01 -3.657011337579307853e-02 4.822386699655327180e-01 -8.457468913729259130e-01 1.232134463849379052e-02 -5.334420242538976398e-01 2.188010345212946517e-01
-5.262747250789423514e-01 5.006532862958286423e-02 8.488394215212506921e-01 4.334937668722543691e+01 3.611232186986793047e-02 9.986804546124752324e-01 -3.651369224842765382e-02 4.404127426154577085e-01 -8.495474240971334634e-01 1.143733007270773989e-02 -5.273882581524467206e-01 -2.319500038481131232e-01
-5.193016833687186251e-01 4.859458885346139290e-02 8.532082479538773967e-01 4.408458013497581618e+01 3.382152916650466024e-02 9.987684612675790108e-01 -3.629965402880368230e-02 3.953806792723995045e-01 -8.539214705047336595e-01 1.000633720816469438e-02 -5.203056877396071700e-01 -6.830050202481505739e-01
-5.119834127941514934e-01 4.787919020361221245e-02 8.576599295956692792e-01 4.488310866160694701e+01 3.196057360252346768e-02 9.988158381596010660e-01 -3.668028243423671758e-02 3.497794394930507367e-01 -8.584005585227966195e-01 8.631608121832111055e-03 -5.129073891660280715e-01 -1.161691004285128503e+00
-5.058545268187553123e-01 4.650228545615484738e-02 8.613644534708860823e-01 4.570779956465533900e+01 2.925406516180894395e-02 9.988963155111146852e-01 -3.674711521345015719e-02 2.960342319628682106e-01 -8.621226186568373695e-01 6.609718255816376432e-03 -5.066566051274818960e-01 -1.599902903086525718e+00
-5.011501098252486575e-01 4.420621550016906598e-02 8.642305042115505653e-01 4.650901819007730609e+01 2.503370425939821856e-02 9.990169746279915497e-01 -3.658412236345422869e-02 2.524617215952513205e-01 -8.649982042739494670e-01 3.300754871603300746e-03 -5.017641130957317674e-01 -2.065235478021638205e+00
-4.998033843250180852e-01 4.146644593747296492e-02 8.651457087267847568e-01 4.734060327527458867e+01 2.019390577538636086e-02 9.991396962497952616e-01 -3.622255523714532771e-02 2.165804342756239287e-01 -8.659034562481693342e-01 -6.334838484381838646e-04 -5.002107723204136658e-01 -2.531791473817593729e+00
-5.002683986131148952e-01 3.912122564522386992e-02 8.649861533614499054e-01 4.818099849257361456e+01 1.757871358652484187e-02 9.992317853086751800e-01 -3.502610487495885772e-02 1.713206203101065306e-01 -8.656919374285311219e-01 -2.317108639196581530e-03 -5.005717871190964452e-01 -3.028080458319168056e+00
-5.011452474341757668e-01 3.780000691834568827e-02 8.645372096779111448e-01 4.901984047399903943e+01 1.607319287013417655e-02 9.992797739774023080e-01 -3.437420193402515589e-02 1.251671953725748687e-01 -8.652139075294188464e-01 -3.330593717753267159e-03 -5.013918776053677417e-01 -3.493358126749589676e+00
-5.018226227598343581e-01 3.725715453331576027e-02 8.641677766496211888e-01 4.991007588593924993e+01 1.606938635229540960e-02 9.993010545400371480e-01 -3.375169900432993531e-02 6.923882005203083057e-02 -8.648212777410171359e-01 -3.050719336837285842e-03 -5.020705769437658894e-01 -4.002144986556000816e+00
-5.013321776211582259e-01 3.627787079646101198e-02 8.644940429173292307e-01 5.076323317965657367e+01 1.589358022290556990e-02 9.993381920135567809e-01 -3.271959748752055475e-02 3.377141581030949219e-02 -8.651089261609787862e-01 -2.663480727582023463e-03 -5.015769784495639483e-01 -4.515645780498094730e+00
-5.014572516939411750e-01 3.596871360686043628e-02 8.644344178907431564e-01 5.166478477074930709e+01 1.654041607766576841e-02 9.993513977998547126e-01 -3.198747129219359914e-02 -8.534635837451481910e-03 -8.650243069939912433e-01 -1.742243582037864610e-03 -5.017269441235646665e-01 -5.024246381128904204e+00
-5.021648058408972881e-01 3.533814547610956980e-02 8.640495991139849341e-01 5.255940191129452899e+01 1.592031681312714234e-02 9.993731586320178106e-01 -3.162014054055507090e-02 -6.986728243798358273e-02 -8.646253891751166654e-01 -2.122577461390351763e-03 -5.024126238555057800e-01 -5.526369463592569531e+00
-5.021541470602297608e-01 3.389598704842181065e-02 8.641135695786561488e-01 5.344602416297939840e+01 1.432107580433378616e-02 9.994204579787516751e-01 -3.088130394977193702e-02 -1.127401287003623603e-01 -8.646595466999101864e-01 -3.132138006082963583e-03 -5.023485558476182833e-01 -6.036690451350549935e+00
-5.029331333867813614e-01 3.334582891567368368e-02 8.636818311887993760e-01 5.435531234602279937e+01 1.410531078991507370e-02 9.994390860918619390e-01 -3.037356370629444927e-02 -1.656842556820007917e-01 -8.642102266558987500e-01 -3.093370008565482325e-03 -5.031213856939072970e-01 -6.527512830741130756e+00
-5.018804714057444327e-01 3.231481886194415010e-02 8.643331136630518774e-01 5.524479908367213454e+01 1.273963403010342811e-02 9.994696152549286117e-01 -2.996981618583424364e-02 -2.169572037457400127e-01 -8.648431687159920944e-01 -4.029977028690314572e-03 -5.020259618427754811e-01 -7.055949984759832816e+00
-5.007650439665229936e-01 3.087163918166832208e-02 8.650325422121148966e-01 5.613512329776379062e+01 1.195063063628454617e-02 9.995151084802156305e-01 -2.875291853361983119e-02 -2.756780208098137397e-01 -8.655007599755922820e-01 -4.060771213654047924e-03 -5.008911640179815050e-01 -7.569732534270666946e+00
-4.986488208965920155e-01 2.884636718845095399e-02 8.663239734252335955e-01 5.705852728194632562e+01 1.257414719917127922e-02 9.995816626326977650e-01 -2.604593111169373199e-02 -3.286767027615890013e-01 -8.667129032314779824e-01 -2.094486753920927861e-03 -4.988029371482041729e-01 -8.079037954922739573e+00
-4.961458302778287144e-01 2.765799658235642416e-02 8.677985576693827419e-01 5.796328795494192576e+01 1.332646897872832338e-02 9.996173377245547442e-01 -2.424011800856915380e-02 -3.723950268245667106e-01 -8.681369320297243064e-01 -4.619419798694635103e-04 -4.963245586403129961e-01 -8.583527857941524175e+00
-4.933654053097250025e-01 2.666599680601867278e-02 8.694133008996699497e-01 5.883178396143859601e+01 1.268337949501804202e-02 9.996442485192150729e-01 -2.346291252896845828e-02 -4.279861545913655752e-01 -8.697296828385830958e-01 -5.486895782343638103e-04 -4.935281060168653644e-01 -9.113662638399201654e+00
-4.913372800725989142e-01 2.704678555987252361e-02 8.705493293849335679e-01 5.972913305983831833e+01 1.329998579648366402e-02 9.996341687772898332e-01 -2.355077423359193053e-02 -4.795965511917797963e-01 -8.708678430775337320e-01 6.921304140599877522e-06 -4.915172566436618040e-01 -9.622586606219934779e+00
-4.902365090597899377e-01 2.736879913079788562e-02 8.711596296273028672e-01 6.060170235327604615e+01 1.305387126957366015e-02 9.996253149928273629e-01 -2.405880393755349331e-02 -5.272005306144028625e-01 -8.714916948356811188e-01 -4.224974540893540399e-04 -4.904100947966157920e-01 -1.008988039879825038e+01
-4.907515328059811610e-01 2.856314719933603780e-02 8.708312499869722556e-01 6.149426154578208781e+01 1.254207728081232348e-02 9.995905456600583383e-01 -2.571842338606872974e-02 -5.663728461207567788e-01 -8.712092985473502971e-01 -1.699321934962919750e-03 -4.909088348862921114e-01 -1.060718586087736703e+01
-4.937867565873553799e-01 3.050781568855761086e-02 8.690476963527327126e-01 6.235853110390780074e+01 1.179349807270205740e-02 9.995274254253792012e-01 -2.838730707786677951e-02 -6.057395994738634659e-01 -8.695030562902601456e-01 -3.768163052635314664e-03 -4.939132006097400329e-01 -1.107809313863655909e+01
-4.984547053959044738e-01 3.132306823877111651e-02 8.663496744835001984e-01 6.326660940348686779e+01 1.063380442897877455e-02 9.994927706543818013e-01 -3.001872068939707636e-02 -6.623480832373418448e-01 -8.668505299446876977e-01 -5.750378687218750222e-03 -4.985349591431462168e-01 -1.154586123444615353e+01
-5.039459908804178045e-01 2.991663511195592762e-02 8.632169018973991914e-01 6.414069985828380993e+01 1.061587140701190576e-02 9.995390255054972251e-01 -2.844362398137676232e-02 -7.023423264626893481e-01 -8.636699333908414156e-01 -5.170249755853606292e-03 -5.040312769982697727e-01 -1.207084433991297345e+01
-5.088769492214002543e-01 2.771776536935106547e-02 8.603929117654507408e-01 6.499397623644621547e+01 1.348672512070881770e-02 9.996155265813062574e-01 -2.422616847274510626e-02 -7.666179222964648599e-01 -8.607336237163329962e-01 -7.242550779522740137e-04 -5.090551226544904884e-01 -1.257553536899716562e+01
-5.147775335172487532e-01 2.555763842813527087e-02 8.569427546712801158e-01 6.588018182610120732e+01 1.065350478373962122e-02 9.996690742898340920e-01 -2.341462630665052877e-02 -8.152744988787707925e-01 -8.572576076742797202e-01 -2.923878934386263655e-03 -5.148794600254225085e-01 -1.309178370055930785e+01
-5.191664924806660419e-01 2.776828730706567411e-02 8.542219044624117519e-01 6.667391359126661143e+01 1.187602906630650171e-02 9.996099508375837495e-01 -2.527659190438827017e-02 -8.592939982382885589e-01 -8.545906183834487413e-01 -2.977994490756214179e-03 -5.192937702144820866e-01 -1.359035530234924849e+01
-5.243440272892516685e-01 2.980079942774379806e-02 8.509848648773267188e-01 6.750283040320265115e+01 1.196615332233154187e-02 9.995465880669278658e-01 -2.763022685015022878e-02 -8.993396012634709002e-01 -8.514224357703780166e-01 -4.304728165793645159e-03 -5.244628855831171554e-01 -1.412624887438565224e+01
-5.293860848367665239e-01 3.048171114749401514e-02 8.478332533033712259e-01 6.839108474776203650e+01 1.120257073440319474e-02 9.995183649027336026e-01 -2.894029387100277920e-02 -9.512149251536834438e-01 -8.483070714121071498e-01 -5.822676004448866342e-03 -5.294725886369111567e-01 -1.463578518236891846e+01
-5.336751000325808958e-01 3.059184690018451613e-02 8.451360917183579069e-01 6.918742999875510691e+01 9.783003097103146889e-03 9.995019662494285528e-01 -3.000187151223887572e-02 -1.001161000723171268e+00 -8.456330127147685394e-01 -7.743281926627079183e-03 -5.337085931434045749e-01 -1.514529505738791215e+01
-5.368115039614892448e-01 2.939594141125236731e-02 8.431899399981676035e-01 6.999964232830242850e+01 9.021403210960139002e-03 9.995357021564658107e-01 -2.910316787961544568e-02 -1.066061608745473288e+00 -8.436539783446473928e-01 -8.016158039441643318e-03 -5.368274573646819592e-01 -1.565816158247381829e+01
-5.390865272809642894e-01 2.332632004591317365e-02 8.419273044634459913e-01 7.081062708703849751e+01 1.151883286899572402e-02 9.997271132556381223e-01 -2.032278255563656211e-02 -1.098848578614324945e+00 -8.421716239722949471e-01 -1.257717451460250687e-03 -5.392081108801524136e-01 -1.618998285000358806e+01
-5.410374107176841862e-01 1.575774255754687492e-02 8.408508791000589566e-01 7.165246858782792572e+01 1.257149802125221393e-02 9.998642723076561767e-01 -1.064867969359500899e-02 -1.131145396835060879e+00 -8.409045660672264111e-01 4.809422047098831608e-03 -5.411620765703021307e-01 -1.673780761200264777e+01
-5.434673863930566950e-01 1.393627102892982389e-02 8.393145819350800174e-01 7.245372602600771472e+01 1.391672138179414660e-02 9.998743429104125502e-01 -7.590996785382334716e-03 -1.144876488869410514e+00 -8.393149208343247958e-01 7.555049004005874071e-03 -5.435930442442442612e-01 -1.723927230658996379e+01
-5.440524453435736651e-01 1.717373474320984042e-02 8.388754298087949257e-01 7.326852447468269247e+01 1.223931544309973807e-02 9.998465700243690524e-01 -1.253138250707922126e-02 -1.202021087122654430e+00 -8.389619463397294252e-01 3.449532664718041406e-03 -5.441791673267694085e-01 -1.773158744295515632e+01
-5.450119216469324623e-01 2.219293698207091409e-02 8.381345154691020038e-01 7.408748135141669877e+01 1.234011632934526974e-02 9.997536649039887591e-01 -1.844806274009076763e-02 -1.254871251355268003e+00 -8.383374847314019052e-01 2.882642211587535183e-04 -5.451515306860346133e-01 -1.826712322895283336e+01
-5.455421857172508826e-01 2.763549224103802049e-02 8.376275964878828750e-01 7.489706668019074698e+01 1.898783298119074980e-02 9.996072071819194216e-01 -2.061294535793115404e-02 -1.281366902799903951e+00 -8.378682457854066401e-01 4.659502599160383896e-03 -5.458526399548687680e-01 -1.880614350258453982e+01
-5.455835891182980735e-01 2.906640283580761916e-02 8.375521946364549164e-01 7.569140058896365986e+01 2.305859866728053945e-02 9.995406373941607692e-01 -1.966761772026869720e-02 -1.307006665201293272e+00 -8.377391358884671568e-01 8.582451449978887106e-03 -5.460032001160617376e-01 -1.931596881465544513e+01
-5.448997309840835079e-01 2.584003670459334920e-02 8.381029548265866991e-01 7.648722400829889523e+01 2.214004643754364024e-02 9.996199413625226349e-01 -1.642532001585381499e-02 -1.357499913809108394e+00 -8.382088719519310560e-01 9.605486889557701691e-03 -5.452647379271060579e-01 -1.984619350756732103e+01
-5.445281234412100435e-01 2.100224343059848078e-02 8.384795857693667642e-01 7.727371357840705457e+01 2.081003839513875797e-02 9.997170021933436956e-01 -1.152639550919751926e-02 -1.363800745274445392e+00 -8.384843925766592987e-01 1.117234688297163644e-02 -5.448110818486505691e-01 -2.036464414630309960e+01
-5.433572776755999367e-01 1.557733955908206097e-02 8.393570172822766295e-01 7.808996481994861938e+01 1.906141886824271742e-02 9.997989945482562701e-01 -6.215527290394288681e-03 -1.406796024220570818e+00 -8.392851378669380358e-01 1.262208474257438436e-02 -5.435449872753649325e-01 -2.086592543739932992e+01
-5.431793912655962231e-01 8.273772176205505466e-03 8.395758933885186792e-01 7.892258351770141189e+01 9.686064843326879989e-03 9.999466532221205073e-01 -3.587595456329628011e-03 -1.440700508076835806e+00 -8.395608022089464662e-01 6.183479618354251889e-03 -5.432305558690867509e-01 -2.139894910990252797e+01
-5.416902826537658422e-01 3.308479356772483539e-03 8.405716380963730305e-01 7.968906075248469278e+01 1.422796649175684389e-03 9.999944304170499398e-01 -3.019069807760850054e-03 -1.466214222179811788e+00 -8.405769595470059530e-01 -4.394373338662100020e-04 -5.416919741388296350e-01 -2.185378560426320149e+01
-5.401620181926342079e-01 4.457631936531064598e-03 8.415492325005237140e-01 8.046519512670987240e+01 5.662475578539633882e-03 9.999825864248172991e-01 -1.662289851025859980e-03 -1.475706473156107812e+00 -8.415420025702405882e-01 3.867347109505257004e-03 -5.401778544550562833e-01 -2.235185974048533808e+01
-5.366974704182951861e-01 7.482957060837740378e-03 8.437415585613187163e-01 8.129751149649320041e+01 1.059071646646631004e-02 9.999416448194652363e-01 -2.131586770187958967e-03 -1.503317037114931809e+00 -8.437082870574802440e-01 7.791811398827204818e-03 -5.367454024029589821e-01 -2.289150170746773583e+01
-5.319990383791027844e-01 1.055215090018665064e-02 8.466791967668083618e-01 8.203448777954073989e+01 1.152259528548789033e-02 9.999199774352818260e-01 -5.221925337843073486e-03 -1.525921156072091112e+00 -8.466665605354002366e-01 6.977883464040940918e-03 -5.320780558060981269e-01 -2.334637033584724009e+01
-5.239344769032244775e-01 1.195471386719251100e-02 8.516746653216781260e-01 8.286606072405125190e+01 1.559547499790807715e-02 9.998685214829908796e-01 -4.440819832435741361e-03 -1.555748849133741007e+00 -8.516157918843705321e-01 1.095557337402472409e-02 -5.240520314139929248e-01 -2.384406069232096570e+01
-5.154524368234206788e-01 1.463887080394953022e-02 8.567931346089312505e-01 8.365105684249508045e+01 2.310058186751725098e-02 9.997280770960390583e-01 -3.183542886706974481e-03 -1.601972167529519320e+00 -8.566067712512658305e-01 1.815145611942266604e-02 -5.156504411387027309e-01 -2.432125015328010065e+01
-5.061632558857753761e-01 1.472943063403193455e-02 8.623118860283002229e-01 8.443803568402555015e+01 2.294754066024016353e-02 9.997301639832139042e-01 -3.606877055223255309e-03 -1.602543731274090222e+00 -8.621323454112296281e-01 1.796226954347195093e-02 -5.063646802304215822e-01 -2.478706620792543447e+01
-4.948570363959263196e-01 1.165554062592615361e-02 8.688962240874089638e-01 8.529009320974590480e+01 1.829874319703502297e-02 9.998280922137692261e-01 -2.990315521598950563e-03 -1.625662300665747795e+00 -8.687817228594938435e-01 1.441993127798929346e-02 -4.949852495849709211e-01 -2.527076229637344085e+01
-4.837347105163768424e-01 8.813622704609377911e-03 8.751702897412001469e-01 8.609043703149477267e+01 1.992380141956783673e-02 9.998010559040070300e-01 9.437777331786327420e-04 -1.649243888980404860e+00 -8.749878768430635612e-01 1.789325823358969489e-02 -4.838140764508966907e-01 -2.574910955529466605e+01
-4.721333093111425017e-01 7.338465310764847628e-03 8.814966086898157194e-01 8.691104387251118624e+01 1.947889316506702315e-02 9.998080427771640633e-01 2.109570045697249218e-03 -1.668319003572316106e+00 -8.813119333169057157e-01 1.816657768504223447e-02 -4.721856263335015291e-01 -2.615697387119494266e+01
-4.597704932361322827e-01 6.655065575479400183e-03 8.880128317926135884e-01 8.773836565772464269e+01 1.906451780646449198e-02 9.998154281986668668e-01 2.377743450409635240e-03 -1.686117918750982048e+00 -8.878331210135097518e-01 1.802275385905939553e-02 -4.598125094327123463e-01 -2.655875657378085108e+01
-4.479195070443652282e-01 8.215453940497290455e-03 8.940361330104187321e-01 8.857102464436957234e+01 2.276978246603447026e-02 9.997382676303933069e-01 2.221081600548841743e-03 -1.701657927805041215e+00 -8.937839031144230173e-01 2.135187521079662254e-02 -4.479893373668021317e-01 -2.694949979733732803e+01
