1 0 0 0 0 1 0 0 0 0 1 0
0.9998584 0.00079665089 0.016808939 -0.0091256068 -0.00078642018 0.9999995 -0.0006152515 -0.0026272016 -0.016809422 0.00060194552 0.99985853 0.12335003
0.99931795 0.0030211897 0.036803729 0.032669634 -0.0029907981 0.99999514 -0.00088080612 0.0032253693 -0.036806214 0.00077013289 0.99932213 0.26286434
0.99786996 0.0051169872 0.065033541 0.0582714 -0.0051425875 0.99998675 0.00022624974 0.0037116228 -0.065031527 -0.00056020845 0.99788305 0.39631877
0.99518617 0.0047374207 0.097887962 0.094441112 -0.005060571 0.99998253 0.0030532043 0.0025063478 -0.097871796 -0.0035338756 0.99519276 0.60226987
0.99084096 0.0013433041 0.13502736 0.17000562 -0.0020700374 0.99998412 0.0052418631 -0.00010250797 -0.13501819 -0.0054733644 0.990828 0.77563948
0.98445938 -0.0017375861 0.17560384 0.22529488 0.00071599849 0.99998245 0.0058807607 -0.0089021136 -0.17561099 -0.0056636379 0.98444335 0.96231094
0.97585643 -0.002130511 0.21840259 0.32492406 0.00069340586 0.9999776 0.0066565085 -0.0068616569 -0.2184119 -0.0063443549 0.97583605 1.1649071
0.96396842 -0.001969525 0.2660094 0.4191271 -0.00065646764 0.99995193 0.0097825277 0.0053889281 -0.2660159 -0.0096046743 0.96392079 1.3861874
0.94968603 -0.0058338685 0.31314915 0.55038484 0.00046857522 0.99985186 0.017205874 0.010023408 -0.31320317 -0.016193444 0.94954808 1.6185104
0.93265028 -0.015390262 0.3604533 0.69996984 0.0068430914 0.99966462 0.024976577 -0.0075006499 -0.36071684 -0.020827797 0.9324428 1.8528916
0.91206658 -0.021225137 0.40949241 0.86594695 0.009821626 0.9995037 0.029931266 -0.005473207 -0.40992451 -0.023277427 0.91182239 2.0542435
0.8861193 -0.023109427 0.46288067 1.0416407 0.0082730764 0.99938565 0.034056936 -0.0017009226 -0.46338338 -0.026349061 0.8857661 2.2972693
0.85790759 -0.025081381 0.51319145 1.2233103 0.006381827 0.99925095 0.038168166 0.018449719 -0.5137644 -0.02946966 0.85742504 2.5143047
0.82594563 -0.030404879 0.56292924 1.4601223 0.0076494209 0.99905705 0.042737526 0.019081103 -0.5636979 -0.03099279 0.82539939 2.7480973
0.79003586 -0.036293544 0.61198536 1.6596916 0.0099505345 0.99887374 0.046392268 0.026621371 -0.6129799 -0.030561974 0.78950721 2.9463128
0.75115931 -0.040708297 0.65886454 1.9523431 0.010836538 0.99872266 0.049352074 0.037504867 -0.66003204 -0.029931459 0.75064096 3.1660452
0.7113354 -0.04385698 0.70148305 2.242684 0.011925297 0.99866075 0.050343851 0.043247237 -0.70275158 -0.027445969 0.71090575 3.4011349
0.67051708 -0.045818414 0.74047787 2.5250594 0.011438484 0.99861093 0.051433098 0.060559856 -0.74180594 -0.026016826 0.67010978 3.592079
0.62726376 -0.046252236 0.77743222 2.8641174 0.0067170246 0.9985191 0.053985922 0.083209101 -0.77877796 -0.028641381 0.62664552 3.7967827
0.5857624 -0.047039663 0.80911657 3.2022518 0.0037939088 0.99846252 0.055301068 0.097825535 -0.81047398 -0.029323572 0.58504026 4.0002161
0.54486978 -0.048179594 0.83713535 3.561054 0.0018783085 0.99841556 0.0562392 0.12274947 -0.8385186 -0.029070642 0.54409696 4.2110557
0.50633755 -0.050841119 0.8608353 4.0054592 0.001118469 0.99829837 0.058301841 0.1350884 -0.86233468 -0.028557593 0.50553281 4.4108329
0.46893443 -0.050682897 0.88177757 4.4077377 -0.0019260205 0.99829116 0.058404145 0.15832141 -0.88323092 -0.029086036 0.46803548 4.6332549
0.43295693 -0.049954785 0.90002931 4.8938261 -0.0030904712 0.9983751 0.056899985 0.17997029 -0.90140935 -0.027416757 0.43209903 4.786842
0.3998052 -0.048739616 0.91530333 5.3465401 -0.0016988818 0.99854412 0.053914234 0.19828482 -0.9165986 -0.023110183 0.39914033 4.9807845
0.3703427 -0.047005944 0.92770505 5.884126 0.00034956083 0.99872577 0.050464951 0.22444212 -0.92889517 -0.018365036 0.36988723 5.1769439
0.34437866 -0.045039539 0.93774981 6.427212 0.00127463 0.99887009 0.047507014 0.24619192 -0.93883001 -0.015165117 0.34404695 5.3552432
0.3231158 -0.04449458 0.94531282 7.0016698 0.0022737531 0.99892773 0.046240972 0.27006956 -0.94635674 -0.01279178 0.3228705 5.5122325
0.30900353 -0.044976549 0.94999676 7.6127844 0.0033155203 0.99892603 0.046214619 0.30089084 -0.95105515 -0.011130746 0.30882079 5.7223639
0.29570252 -0.04657556 0.95414394 8.1957383 0.0042784222 0.99886528 0.047432643 0.31705953 -0.95527053 -0.0099437209 0.29556625 5.8835704
0.28434835 -0.048164098 0.9575104 8.8489868 0.0035294968 0.9987831 0.04919203 0.34818509 -0.95871458 -0.010608142 0.28417232 6.08418
0.27481426 -0.049946728 0.96019913 9.504538 0.0013591567 0.99866903 0.05155882 0.37634492 -0.96149641 -0.012864037 0.27451637 6.230141
0.26554028 -0.051960518 0.96269849 10.184704 0.00099368341 0.99856081 0.053622057 0.40315048 -0.9640993 -0.013282198 0.26520974 6.4446091
0.25499108 -0.053816026 0.96544461 10.911285 -2.3502075e-05 0.99844967 0.055662008 0.42986272 -0.96694345 -0.014216005 0.2545945 6.6319149
0.24576752 -0.055433831 0.96774239 11.635595 1.6967849e-06 0.99836346 0.057187424 0.46296673 -0.96932884 -0.014053169 0.24536541 6.8600399
0.23438515 -0.056650849 0.97049173 12.412356 -0.000923707 0.99828719 0.058496449 0.49291146 -0.97214342 -0.014607148 0.23393136 7.0099334
0.22418545 -0.059606713 0.97272187 13.152963 -0.002215991 0.998094 0.061672197 0.52770212 -0.97454402 -0.015981552 0.22362607 7.1865012
0.2127102 -0.063230811 0.97506726 13.930821 -0.0042421819 0.99783483 0.065632663 0.56822039 -0.97710616 -0.018097149 0.21198141 7.3707346
0.20107165 -0.066771662 0.97729814 14.726839 -0.0043809251 0.99760287 0.069060278 0.60833651 -0.97956678 -0.018167534 0.20029714 7.54109
0.18633835 -0.069414807 0.98003037 15.486228 -0.0055034193 0.99741161 0.071692301 0.64931389 -0.98247026 -0.018752542 0.18547401 7.6498311
0.1722521 -0.070097634 0.98255557 16.313238 -0.0053815903 0.99738297 0.0720989 0.68775675 -0.98503824 -0.017706898 0.17142408 7.7747867
0.15907591 -0.069168278 0.98484035 17.112361 -0.0075731455 0.99742791 0.071275588 0.72355415 -0.98723735 -0.018796568 0.15814293 7.9324868
0.14422925 -0.068376801 0.98717904 17.914717 -0.008430035 0.99748868 0.070322544 0.76360304 -0.98950843 -0.018464521 0.14329062 8.0818405
0.12131949 -0.066865435 0.99035878 18.763683 -0.011208344 0.99757264 0.068725517 0.79881943 -0.99255027 -0.019438026 0.12027555 8.157903
0.09696437 -0.065340512 0.9931407 19.542913 -0.015848967 0.99761483 0.067182272 0.84090529 -0.9951617 -0.02225454 0.095697513 8.2382146
0.06608427 -0.064987601 0.99569543 20.364434 -0.019256559 0.99760788 0.06639048 0.88242782 -0.99762826 -0.023561034 0.06467475 8.295197
0.033681202 -0.064679623 0.99733747 21.235886 -0.02283917 0.99759329 0.065467517 0.92258815 -0.99917167 -0.024983385 0.03212291 8.3016771
-0.0013846912 -0.063843858 0.9979589 22.089313 -0.023516007 0.997686 0.06379377 0.95695601 -0.99972254 -0.023379673 -0.0028828412 8.315016
-0.03465159 -0.063076767 0.99740689 22.926118 -0.025033618 0.99774792 0.062228624 0.99036571 -0.99908592 -0.022812382 -0.036152593 8.2402986
-0.069946889 -0.060955395 0.99568659 23.73357 -0.027181614 0.99787719 0.059179997 1.0192305 -0.99718036 -0.022924911 -0.071455272 8.2075827
-0.10059908 -0.057815325 0.99324576 24.58914 -0.029283912 0.99804972 0.055128989 1.0587252 -0.99449603 -0.023540196 -0.10209594 8.1873804
-0.13219825 -0.053446578 0.98978129 25.447858 -0.026585905 0.99837722 0.050359849 1.0788155 -0.99086674 -0.019656747 -0.13340465 7.9753215
-0.16656471 -0.04779661 0.98487136 26.282873 -0.022416656 0.99874986 0.044678966 1.0981756 -0.98577572 -0.014635583 -0.16742792 7.8251607
-0.19366218 -0.041693863 0.98018187 27.106648 -0.015815219 0.99909939 0.039373819 1.1150158 -0.98094083 -0.0078765704 -0.19414716 7.6406917
-0.22488155 -0.036024069 0.97371992 27.898931 -0.010803657 0.99934709 0.034477066 1.1256789 -0.97432625 -0.0027664786 -0.22512392 7.4616889
-0.25309201 -0.029120093 0.96700381 28.732881 -0.0015718055 0.99955795 0.029689034 1.1424777 -0.96744098 0.0059941165 -0.25302591 7.2156387
-0.27975697 -0.018933947 0.95988409 29.539653 0.0046509997 0.99976705 0.021076176 1.1434583 -0.96005963 0.010360629 -0.27960374 6.9345715
-0.30444559 -0.0036031688 0.95252287 30.346547 0.0091554568 0.99993558 0.0067087899 1.1314281 -0.95248577 0.010763245 -0.30439299 6.7041162
-0.32776948 0.013041635 0.94466767 31.08806 0.0098923665 0.99989728 -0.010371773 1.1072371 -0.94470598 0.0059454491 -0.32786482 6.4016026
-0.35375939 0.027646564 0.93492774 31.851151 0.0074224655 0.99961457 -0.02675088 1.070596 -0.93530705 -0.0025239055 -0.35382825 6.1187055
-0.37743657 0.03858845 0.92523105 32.59431 0.01216851 0.99925181 -0.036711626 1.0381712 -0.92595552 -0.0025976261 -0.37762375 5.7917425
-0.40173611 0.043390483 0.9147269 33.36827 0.016348474 0.99905747 -0.040210704 0.9954235 -0.91560958 -0.0011997025 -0.40206683 5.4652291
-0.42450547 0.042788148 0.90441374 34.101057 0.018306442 0.99908416 -0.038674528 0.94728271 -0.90524033 0.00013904951 -0.42489999 5.1042578
-0.44486899 0.039115857 0.894741 34.836882 0.022976181 0.99921541 -0.032259364 0.91325466 -0.89530092 0.0062065414 -0.44541869 4.7247565
-0.46316705 0.037916962 0.8854595 35.561575 0.029649352 0.99918808 -0.02727801 0.86892268 -0.88577495 0.013619026 -0.46391521 4.3348662
-0.47689287 0.038989436 0.87809621 36.267101 0.033817218 0.99908989 -0.02599574 0.82683141 -0.87831068 0.01729759 -0.47777736 3.9337027
-0.48779122 0.042015889 0.87194858 36.966833 0.036458423 0.99895009 -0.027739797 0.77562229 -0.8721987 0.018258642 -0.48881092 3.5377973
-0.49735709 0.04489309 0.86638356 37.663714 0.038118494 0.99882659 -0.029873499 0.73584817 -0.86670812 0.018167441 -0.49848474 3.1312741
-0.50789039 0.043899272 0.86030235 38.334364 0.031334735 0.99898117 -0.032476879 0.68034535 -0.86085164 0.010462652 -0.50874851 2.7361044
-0.51939007 0.042655619 0.85347196 39.028442 0.030382199 0.99904371 -0.031441706 0.66156955 -0.85399704 0.009599846 -0.52018935 2.3212443
-0.52778089 0.044242418 0.84822749 39.682885 0.032545669 0.99896251 -0.031854113 0.62124857 -0.84875684 0.01079414 -0.52867322 1.8946488
-0.53482265 0.047483717 0.84362905 40.379365 0.036307237 0.99878905 -0.033199762 0.56904375 -0.84418397 0.012873856 -0.53589901 1.4390738
-0.53922072 0.050829211 0.84062914 41.10072 0.036849744 0.99864498 -0.036746514 0.52729981 -0.84135793 0.011162487 -0.54036311 1.0103967
-0.53854595 0.052021447 0.84098869 41.796036 0.036048162 0.99860096 -0.038686697 0.4827229 -0.84182472 0.0094815339 -0.53966778 0.56336939
-0.53545678 0.05303093 0.84289602 42.505673 0.039041068 0.99851401 -0.038020492 0.44968305 -0.84365982 0.012549232 -0.53673148 0.10177841
-0.52946386 0.052108287 0.84673059 43.24782 0.037404744 0.99857501 -0.03806355 0.40456079 -0.8475075 0.011518468 -0.53065848 -0.35056998
-0.52282343 0.050651338 0.8509348 43.998705 0.035057944 0.99866619 -0.037904976 0.35988079 -0.85171983 0.010014416 -0.52390181 -0.80932179
-0.51520398 0.050254891 0.85559292 44.80163 0.03325344 0.99869986 -0.038636654 0.31223437 -0.85642228 0.0085456503 -0.5162053 -1.2752826
-0.50862105 0.048391646 0.85962946 45.616716 0.029896127 0.99880982 -0.038537826 0.25725056 -0.86047133 0.0060984428 -0.50946242 -1.7490832
-0.50456559 0.045991731 0.86214747 46.411144 0.025755738 0.99893754 -0.038215512 0.2118842 -0.86298915 0.0029230126 -0.50521406 -2.2004317
-0.50298738 0.043157601 0.86321553 47.250479 0.020577811 0.99906739 -0.0379592 0.1603423 -0.86404879 -0.0013299121 -0.50340638 -2.6755645
-0.5035139 0.040953972 0.86301591 48.102429 0.018223351 0.99915713 -0.036782336 0.11324948 -0.86379496 -0.0027933749 -0.50383582 -3.1550227
-0.50422641 0.039443532 0.8626702 48.932686 0.016647079 0.99921469 -0.035956567 0.064796833 -0.86341106 -0.0037693105 -0.50448706 -3.6400579
-0.5052298 0.038943136 0.86210569 49.805148 0.016604524 0.99923504 -0.035406616 0.011873524 -0.86282513 -0.003573622 -0.50548995 -4.1416935
-0.50572824 0.03821004 0.8618462 50.683596 0.016463825 0.99926418 -0.034641566 -0.033641628 -0.86253577 -0.0033299323 -0.5059852 -4.6309849
-0.50566188 0.037556259 0.86191388 51.560359 0.016632824 0.99929074 -0.03378416 -0.084580217 -0.86257143 -0.0027472995 -0.5059279 -5.1616173
-0.50507285 0.037229611 0.86227334 52.455444 0.01657368 0.99930336 -0.033438073 -0.13226849 -0.86291761 -0.0025976195 -0.50533802 -5.7048238
-0.50569009 0.035846251 0.86197014 53.361384 0.014815347 0.9993499 -0.032867695 -0.18994675 -0.86258803 -0.0038504801 -0.50589242 -6.1903632
-0.50496898 0.035406012 0.86241097 54.25317 0.014358333 0.99936464 -0.032621342 -0.24328571 -0.86301809 -0.0040899814 -0.50515652 -6.7199888
-0.50525922 0.034502655 0.86227758 55.133124 0.013108843 0.999392 -0.032307824 -0.29862291 -0.86286809 -0.0050203642 -0.50540432 -7.215716
-0.50437952 0.033148525 0.86284553 56.027287 0.012615389 0.99943909 -0.031021759 -0.35358833 -0.86338996 -0.0047616073 -0.50451479 -7.7193917
-0.50231346 0.030740053 0.86413898 56.925315 0.012842499 0.99952287 -0.02809088 -0.40825218 -0.86459026 -0.0030127224 -0.50246858 -8.2398927
-0.49977887 0.030083989 0.86563039 57.809538 0.013907534 0.99954652 -0.026708458 -0.45088939 -0.86604141 -0.0013095382 -0.49997063 -8.7454713
-0.49720195 0.029073479 0.86714756 58.709559 0.013202563 0.99957622 -0.02594347 -0.51289048 -0.86753443 -0.0014505722 -0.49737509 -9.2487924
-0.49505213 0.029520556 0.86836159 59.58854 0.014229086 0.99956407 -0.025868885 -0.55781004 -0.86874679 -0.00045045418 -0.49525638 -9.7536126
-0.49360409 0.030364333 0.86915646 60.473099 0.014534813 0.99953876 -0.026664801 -0.60005754 -0.8695653 -0.00052882694 -0.49381776 -10.261909
-0.49390759 0.031736544 0.86893499 61.369762 0.013974665 0.99949434 -0.028561748 -0.65037881 -0.86940213 -0.0019637878 -0.49410135 -10.767835
-0.49701088 0.033314957 0.86710451 62.239525 0.012245845 0.99943251 -0.031379991 -0.7085714 -0.86765793 -0.0049777689 -0.4971368 -11.255476
-0.50223486 0.033885073 0.86406706 63.116263 0.011203727 0.99940306 -0.032680266 -0.76476538 -0.86465871 -0.0067323968 -0.50231469 -11.744825
-0.5078482 0.032161939 0.86084595 63.977866 0.010719204 0.99946138 -0.031017032 -0.81359541 -0.86137992 -0.0065243596 -0.50791942 -12.247067
-0.51251825 0.030577844 0.85813168 64.837782 0.014612702 0.99953162 -0.026888931 -0.86675719 -0.85855202 -0.0012414446 -0.51272502 -12.771466
-0.51864075 0.028377123 0.85452118 65.712195 0.011632513 0.99959075 -0.026134418 -0.91820051 -0.85491316 -0.0036141445 -0.5187586 -13.278754
-0.52262231 0.030265034 0.85202693 66.552376 0.012303874 0.99953338 -0.027957604 -0.97345433 -0.85247557 -0.0041280347 -0.52275082 -13.804377
-0.52832482 0.033274995 0.84839 67.382915 0.013172376 0.9994327 -0.03099615 -1.0227455 -0.84894018 -0.0052007224 -0.52846342 -14.308874
-0.53284348 0.032804819 0.84557768 68.219759 0.010980743 0.99943221 -0.031854169 -1.0782183 -0.84614261 -0.007688214 -0.53290116 -14.834855
-0.53614085 0.033739154 0.84345397 69.041716 0.010517871 0.99939035 -0.033291115 -1.1300972 -0.84406304 -0.0089773865 -0.53616886 -15.356285
-0.54005133 0.032620221 0.84099966 69.864799 0.010577661 0.99943276 -0.031972946 -1.1828983 -0.84156564 -0.0083712222 -0.54009004 -15.869257
-0.54241359 0.025511609 0.83972412 70.684182 0.011945817 0.99967198 -0.022654662 -1.2317402 -0.8400267 -0.0022570046 -0.54254042 -16.399552
-0.54469745 0.018478332 0.83842899 71.507759 0.013350537 0.9998216 -0.013361931 -1.2641615 -0.83852639 0.0039152685 -0.54484697 -16.925099
-0.54680605 0.014670687 0.83713073 72.325498 0.012816515 0.99987599 -0.0091511616 -1.3094746 -0.83716124 0.005725189 -0.54692627 -17.439767
-0.54732955 0.020574741 0.8366642 73.120298 0.013449445 0.99978491 -0.015787739 -1.3337191 -0.83680914 0.0026115738 -0.54748854 -17.966677
-0.54871615 0.025580788 0.83561723 73.919557 0.013688036 0.99967267 -0.021614642 -1.377754 -0.83589669 -0.00042234416 -0.54888669 -18.486084
-0.54875391 0.031008487 0.83540862 74.714498 0.019896443 0.99951322 -0.024030325 -1.4169543 -0.83574717 0.0034349262 -0.54910375 -19.027875
-0.54895353 0.031995826 0.83524022 75.510591 0.023673694 0.99946137 -0.022727393 -1.4560113 -0.83551758 0.0072969393 -0.54941531 -19.548161
-0.54804056 0.02950205 0.83593128 76.303996 0.023409226 0.99952732 -0.019928551 -1.4996382 -0.83612416 0.0086468514 -0.54847214 -20.071247
-0.54837712 0.023901115 0.83588947 77.113691 0.021264286 0.99966678 -0.014633875 -1.5316831 -0.83596078 0.0097497116 -0.54870264 -20.587289
-0.5476276 0.018099253 0.83652637 77.899878 0.019754942 0.99976701 -0.0086986896 -1.5584305 -0.83648898 0.011761889 -0.54785756 -21.094704
-0.54687874 0.011441517 0.83713361 78.697725 0.010508336 0.99992165 -0.0068015833 -1.5966801 -0.83714591 0.0050772411 -0.54695612 -21.599691
-0.54546118 0.0062860747 0.83811248 79.50862 0.0021360751 0.99997905 -0.0061099147 -1.6183456 -0.8381334 -0.0015424494 -0.54546319 -22.108646
-0.54345979 0.0068446166 0.83940726 80.305307 0.0052659476 0.99997488 -0.0047445537 -1.6438901 -0.83941872 0.0018418013 -0.54348219 -22.614403
-0.54045259 0.010414635 0.84130997 81.088727 0.010968215 0.99992563 -0.0053322315 -1.6742331 -0.84130301 0.0063458511 -0.54052663 -23.119703
-0.53463998 0.012915315 0.8449812 81.871088 0.011001657 0.99990485 -0.0083222675 -1.7034622 -0.84500835 0.0048467768 -0.5347312 -23.612965
-0.52735725 0.015389841 0.84950422 82.646983 0.016478253 0.99983314 -0.0078838294 -1.7276714 -0.84948388 0.0098407519 -0.52752285 -24.094254
-0.51969584 0.017896416 0.85416385 83.457049 0.023948499 0.99969287 -0.0063746355 -1.7642409 -0.85401567 0.017143072 -0.51996482 -24.591729
-0.50932121 0.017510926 0.86039828 84.257765 0.022457966 0.99972291 -0.0070522627 -1.7843425 -0.86028345 0.015730929 -0.50957335 -25.068063
-0.49945657 0.014648859 0.86621503 85.073128 0.018289521 0.99981249 -0.0063624963 -1.8123849 -0.86614588 0.012664869 -0.49963084 -25.516808
-0.48698882 0.011770335 0.87332885 85.890246 0.020062573 0.99979611 -0.0022874386 -1.83122 -0.87317778 0.016407268 -0.48712568 -25.97178
-0.4765578 0.010579536 0.87907945 86.697057 0.019511229 0.99980858 -0.0014552512 -1.8573739 -0.87892664 0.01645841 -0.476673 -26.396436
-0.46571112 0.0099192762 0.88488117 87.52849 0.019486363 0.99980967 -0.00095196038 -1.8779079 -0.88472227 0.016799778 -0.46581578 -26.811732
-0.45215002 0.011575981 0.89186674 88.360475 0.02276039 0.99973992 -0.0014372764 -1.8964307 -0.89165149 0.019649372 -0.4522959 -27.240211
-0.44056482 0.014322338 0.89760651 89.188548 0.021881947 0.99974698 -0.0052119692 -1.9289784 -0.89745411 0.017345169 -0.44076675 -27.6333
-0.42965012 0.024656707 0.90265871 90.010428 0.025277894 0.9995638 -0.015271886 -1.949995 -0.90264161 0.016255745 -0.43008597 -28.01651
-0.41603575 0.029909092 0.90885622 90.846819 0.025724096 0.99944606 -0.021114869 -1.9748661 -0.90898437 0.014594965 -0.41657468 -28.396653
-0.40466678 0.025482358 0.91410906 91.696486 0.021486091 0.99960066 -0.018353908 -2.0123238 -0.9142118 0.012213415 -0.40505269 -28.76216
-0.39322124 0.022274445 0.919174 92.539571 0.023854474 0.99961714 -0.014018925 -2.0505941 -0.91913443 0.016413875 -0.39360204 -29.114951
-0.38320645 0.022235879 0.92339499 93.377444 0.019548322 0.99968151 -0.0159604 -2.0884622 -0.92345587 0.011934695 -0.38351908 -29.442572
-0.37630113 0.027971237 0.92607505 94.211 0.017693395 0.99957884 -0.02300182 -2.1189421 -0.92632849 0.0077298017 -0.37663755 -29.777937
-0.37123695 0.03140283 0.92800696 95.051861 0.0071319125 0.9994949 -0.030968882 -2.1673534 -0.92851081 -0.0048783283 -0.37127341 -30.087655
-0.36772015 0.03401213 0.92931426 95.895798 0.0055240442 0.99939318 -0.034391151 -2.2076524 -0.92992013 -0.0075127457 -0.3676849 -30.413949
-0.36428042 0.03362777 0.93068194 96.747209 0.004580315 0.99940047 -0.034317941 -2.2546494 -0.93127808 -0.008238537 -0.36421605 -30.738773
-0.35917735 0.033550726 0.93266602 97.596016 0.0033548989 0.99939356 -0.03465911 -2.3033694 -0.93326333 -0.0093197665 -0.3590721 -31.059125
-0.35388575 0.029083984 0.93483631 98.435979 0.0002318933 0.99951909 -0.031008565 -2.3547329 -0.93528867 -0.010756706 -0.35372231 -31.361045
-0.34818809 0.025551092 0.93707637 99.285814 0.0013409918 0.99964102 -0.026758759 -2.3963625 -0.93742377 -0.0080604689 -0.34809737 -31.676082
-0.34256971 0.022682289 0.93921852 100.14632 -0.00082090112 0.9997009 -0.024442362 -2.440692 -0.93949209 -0.0091442177 -0.34244863 -31.975971
-0.33699966 0.021506148 0.94125907 100.98341 -0.0049333224 0.99968502 -0.024607359 -2.4827959 -0.94149188 -0.012936206 -0.33678742 -32.262411
-0.33049807 0.020659352 0.94358049 101.84318 -0.017825904 0.99944542 -0.028126185 -2.5189221 -0.94363835 -0.026115825 -0.32994651 -32.537274
-0.32372905 0.024500203 0.94583253 102.68374 -0.014081245 0.9994292 -0.030708105 -2.5691978 -0.94604508 -0.023259605 -0.32319927 -32.822497
-0.31671227 0.028662679 0.94808845 103.54452 -0.011495751 0.99935392 -0.034052734 -2.6145913 -0.94845204 -0.021683907 -0.31617815 -33.103242
-0.31017642 0.026792758 0.95030135 104.3928 -0.013762142 0.9993715 -0.032668173 -2.65654 -0.95057944 -0.023211078 -0.30961275 -33.366237
-0.30331849 0.021777708 0.9526403 105.25719 -0.014607193 0.99951507 -0.027500177 -2.6966899 -0.95277731 -0.022256713 -0.3028533 -33.631886
-0.29613781 0.018981709 0.95495655 106.10306 -0.013514568 0.99961915 -0.024060417 -2.7381838 -0.95504965 -0.020031024 -0.2957685 -33.885237
-0.28975113 0.021663423 0.95685678 106.95845 -0.017535229 0.99945585 -0.027937813 -2.7865611 -0.95694142 -0.024873715 -0.28921359 -34.130287
-0.2833883 0.024672452 0.95868778 107.8223 -0.017055617 0.99938123 -0.030761366 -2.8292819 -0.95885362 -0.025068422 -0.28279214 -34.377826
-0.27658537 0.025786626 0.96064328 108.67348 -0.018172522 0.99932082 -0.032057024 -2.8638099 -0.96081755 -0.026323815 -0.27592891 -34.612999
-0.26964123 0.024436665 0.9626507 109.54927 -0.019966055 0.99932118 -0.030960084 -2.9166681 -0.96275388 -0.027568452 -0.26897029 -34.845098
-0.26161143 0.024393948 0.96486492 110.3994 -0.016542458 0.99942039 -0.029752873 -2.9625612 -0.96503155 -0.023744928 -0.26105626 -35.074701
-0.25407932 0.025714226 0.96684145 111.26095 -0.011816003 0.99948938 -0.029687697 -3.0054132 -0.96711124 -0.018967231 -0.25364575 -35.29576
-0.24695612 0.026085516 0.96867546 112.14182 -0.010676163 0.9995037 -0.029637493 -3.0504453 -0.96896789 -0.017660897 -0.24655506 -35.520366
-0.24076369 0.025190011 0.97025679 112.98932 -0.016851055 0.99940399 -0.030128228 -3.0927531 -0.97043751 -0.023603633 -0.24019571 -35.714171
-0.23498851 0.023187815 0.97172149 113.859 -0.021493107 0.99934701 -0.029044645 -3.133126 -0.97176053 -0.027710471 -0.23433669 -35.903855
-0.22990212 0.0235423 0.97292892 114.74659 -0.017976403 0.99943409 -0.028431459 -3.1735366 -0.97304776 -0.024026215 -0.22934882 -36.116296
-0.22551069 0.023478037 0.97395771 115.59469 -0.016913804 0.99946456 -0.02800913 -3.2203008 -0.9740939 -0.022789688 -0.22499285 -36.311372
-0.22088812 0.024841927 0.97498268 116.48162 -0.016895733 0.99942808 -0.029292607 -3.2615198 -0.97515284 -0.022943436 -0.22034207 -36.504906
-0.21522825 0.024101993 0.97626626 117.3344 -0.010828017 0.99957504 -0.027064588 -3.3010083 -0.97650378 -0.016396092 -0.21487582 -36.68623
-0.20967618 0.022913364 0.97750233 118.21072 -0.003450349 0.99970182 -0.024173841 -3.344628 -0.97776484 -0.0084414022 -0.2095346 -36.885258
-0.20479022 0.021949831 0.9785597 119.0926 -0.00051214493 0.99974599 -0.022532234 -3.3851396 -0.97880579 -0.0051155449 -0.20472696 -37.073032
-0.20102906 0.023444883 0.97930464 119.95039 -0.0027232954 0.99969631 -0.024492096 -3.420526 -0.97958153 -0.007590558 -0.20090416 -37.229653
-0.19727786 0.025518924 0.98001538 120.81652 -0.0044775391 0.99962727 -0.026930935 -3.4601931 -0.98033743 -0.0097009338 -0.19709007 -37.399983
-0.19507396 0.02457107 0.98048066 121.70689 -0.0076095856 0.99961813 -0.026564642 -3.5045547 -0.98075906 -0.012643121 -0.19481249 -37.568894
-0.19416763 0.023707349 0.98068181 122.55264 -0.0075008015 0.99964282 -0.02565082 -3.5409262 -0.98093973 -0.012336458 -0.19392046 -37.727034
-0.19349459 0.019420977 0.98090906 123.44082 -0.0064195461 0.99975759 -0.021060479 -3.5772463 -0.98108038 -0.010372079 -0.19332301 -37.900421
-0.19278974 0.013924853 0.98114124 124.29402 -0.0064416312 0.99985979 -0.015456266 -3.6171963 -0.98121899 -0.0092999588 -0.19267301 -38.05427
-0.19124667 0.01174786 0.98147166 125.16273 -0.004226417 0.99990925 -0.012792097 -3.6483065 -0.98153295 -0.0065945538 -0.19117967 -38.222298
-0.19041414 0.01613841 0.98157115 126.03367 -0.0074199503 0.99981265 -0.017877714 -3.6859717 -0.98167585 -0.010687378 -0.19025873 -38.382463
-0.19051687 0.020369336 0.98147253 126.87386 -0.0070624313 0.9997304 -0.022119167 -3.7187958 -0.98165856 -0.011145656 -0.19032165 -38.539628
-0.19013497 0.0194222 0.98156578 127.72468 -0.0096133189 0.99971953 -0.021643562 -3.7478502 -0.98171093 -0.013551302 -0.18989493 -38.698836
-0.1898505 0.018920876 0.98163064 128.58898 -0.010020218 0.99972488 -0.021207582 -3.7875648 -0.98176192 -0.013862423 -0.18960868 -38.861718
-0.18901198 0.01868638 0.98179693 129.42609 -0.00548899 0.9997832 -0.020085429 -3.8301261 -0.98195948 -0.0091854597 -0.18886844 -39.019536
-0.1885414 0.021863506 0.9818218 130.27636 -0.0072165988 0.99969432 -0.023647314 -3.8637983 -0.98203877 -0.011543911 -0.18832599 -39.178074
-0.18846514 0.022994906 0.98181059 131.10384 -0.016840827 0.99950317 -0.026641991 -3.8957921 -0.98193552 -0.021555589 -0.18798426 -39.314801
-0.18821723 0.024244235 0.98182809 131.93742 -0.02208191 0.99933809 -0.028909726 -3.9355778 -0.98187919 -0.027121948 -0.18755729 -39.458386
-0.18819231 0.027265215 0.98175362 132.78813 -0.023130115 0.99921429 -0.032183941 -3.9880609 -0.98185983 -0.028764844 -0.1874138 -39.614019
-0.18747896 0.028599459 0.98185214 133.60428 -0.017778913 0.9993135 -0.032502853 -4.0255198 -0.98210775 -0.023549864 -0.18684179 -39.768097
-0.18606676 0.029690202 0.98208837 134.43361 -0.019520587 0.99923434 -0.033906929 -4.0751734 -0.98234321 -0.025479894 -0.18534473 -39.911194
-0.18365091 0.028594825 0.98257549 135.25373 -0.014736382 0.99938439 -0.031838337 -4.1142738 -0.9828811 -0.020326747 -0.18311647 -40.070578
-0.18072428 0.025835028 0.98319439 136.08099 -0.0064849112 0.99960192 -0.027458174 -4.161522 -0.98351246 -0.011338286 -0.1804848 -40.225046
-0.17822673 0.021280558 0.98375926 136.89043 0.001099196 0.9997698 -0.021427754 -4.1925588 -0.98398887 -0.0027376536 -0.1782091 -40.378176
-0.17433033 0.021111268 0.98446085 137.7154 0.0043203712 0.99977692 -0.020674652 -4.2278879 -0.98467779 0.00064901838 -0.17438265 -40.520821
-0.16972725 0.025718349 0.98515539 138.51749 0.00073063412 0.99966242 -0.025971189 -4.2721873 -0.98549085 -0.0036882296 -0.16968875 -40.649672
-0.16288711 0.02902757 0.98621758 139.33195 0.0036043009 0.99957796 -0.028825509 -4.3127827 -0.98663817 -0.001140678 -0.16292299 -40.781043
-0.15513173 0.02934864 0.98745771 140.10701 -0.00015538414 0.99955787 -0.029732683 -4.3503141 -0.98789382 -0.0047659172 -0.15505859 -40.898051
-0.14557862 0.025726604 0.9890121 140.90355 0.006835074 0.99966414 -0.024997593 -4.3777473 -0.98932312 0.0031208569 -0.14570557 -41.009767
-0.13323059 0.02457725 0.99078024 141.70186 0.018584637 0.99957865 -0.022296418 -4.413561 -0.99091085 0.015442727 -0.13363122 -41.124606
-0.1199955 0.026478234 0.99242123 142.48723 0.014812636 0.99958074 -0.024878228 -4.4571952 -0.99266397 0.0117151 -0.1203374 -41.212153
-0.105251 0.02774458 0.99405854 143.3034 0.01320692 0.99956157 -0.026499821 -4.496917 -0.99435803 0.01033932 -0.10557127 -41.29337
-0.091452056 0.027729582 0.99542328 144.07218 0.015086967 0.99953607 -0.026458073 -4.53206 -0.99569523 0.012598274 -0.091827985 -41.360236
-0.078112814 0.029044564 0.99652131 144.86264 0.019862346 0.99942246 -0.0275722 -4.5696911 -0.99674669 0.01763951 -0.078644596 -41.4179
-0.064144927 0.035138283 0.99732174 145.65995 0.016454401 0.99928129 -0.034149021 -4.6180448 -0.99780497 0.014219846 -0.064677006 -41.457596
-0.051210357 0.044299852 0.99770484 146.40761 0.0099123299 0.99898903 -0.04384809 -4.6598156 -0.99863874 0.0076441041 -0.051597701 -41.478002
-0.037587561 0.052869982 0.99789371 147.18413 0.0015157187 0.99860129 -0.052850376 -4.7084157 -0.99929223 -0.00047398979 -0.037615125 -41.485608
-0.024132088 0.053766099 0.99826187 147.96734 0.00014601729 0.99855289 -0.053778242 -4.7571129 -0.99970881 -0.0011520169 -0.024105018 -41.497439
-0.012611323 0.049575377 0.99869072 148.73344 -0.00067370519 0.99876954 -0.049587795 -4.8119588 -0.99992029 -0.00129819 -0.012562407 -41.49026
-0.0012371125 0.04707 0.99889078 149.49888 0.0027564647 0.99888796 -0.047066451 -4.8586428 -0.99999548 0.0026951816 -0.0013654851 -41.482757
0.0076897055 0.05289581 0.99857039 150.25235 -0.0035163514 0.99859521 -0.052870045 -4.9268375 -0.99996429 -0.0031047685 0.0078649018 -41.457772
0.014151361 0.061811234 0.99798749 151.00851 -0.010873878 0.99803797 -0.061660168 -4.9755666 -0.99984078 -0.0099794187 0.014795722 -41.435884
0.01730616 0.065158801 0.99772478 151.75086 -0.016397316 0.99775857 -0.064876583 -5.0284456 -0.99971581 -0.015237244 0.018335797 -41.408506
0.017544494 0.061013807 0.99798268 152.51231 -0.01710153 0.99800865 -0.060714749 -5.0837527 -0.99969986 -0.016001821 0.018552985 -41.389514
0.015319052 0.055032483 0.998367 153.2801 -0.015005446 0.99838442 -0.054803196 -5.1606523 -0.9997701 -0.014141409 0.016120088 -41.365352
0.012824172 0.052736999 0.99852605 154.01385 -0.014728754 0.99850983 -0.052546978 -5.2059258 -0.99980933 -0.014033173 0.013581811 -41.358083
0.0098397581 0.052905914 0.99855098 154.76149 -0.012581538 0.99852687 -0.052780655 -5.2559806 -0.99987248 -0.012043957 0.010490899 -41.346369
0.0062554866 0.053310581 0.99855834 155.50087 -0.013162765 0.9984958 -0.053224781 -5.3120223 -0.99989384 -0.012810841 0.0069477902 -41.339139
0.0011952503 0.051310396 0.998682 156.24973 -0.011148618 0.99862137 -0.051293936 -5.367192 -0.99993718 -0.011072614 0.0017656409 -41.332197
-0.0038199292 0.051764665 0.99865196 156.98522 -0.013648455 0.99856357 -0.051812288 -5.4154061 -0.9998996 -0.013827975 -0.003107936 -41.33219
-0.0098419831 0.050047816 0.99869829 157.7312 -0.013357725 0.99865101 -0.050177082 -5.4652275 -0.99986239 -0.013834178 -0.0091601829 -41.331222
-0.015578105 0.047023074 0.99877228 158.47195 -0.0094383406 0.99884212 -0.047173573 -5.5158402 -0.99983415 -0.010161627 -0.015116249 -41.34441
-0.020806973 0.04704488 0.99867601 159.20229 -0.012197075 0.99880602 -0.047305124 -5.5669938 -0.99970915 -0.013165202 -0.020208322 -41.357951
-0.026407869 0.048304521 0.99848346 159.92211 -0.012568155 0.99873685 -0.048649181 -5.6119975 -0.99957228 -0.013833815 -0.025767415 -41.369782
-0.030549843 0.05054015 0.99825463 160.64818 -0.015244331 0.99858111 -0.051023204 -5.6685669 -0.99941703 -0.016776475 -0.029736047 -41.382504
-0.032790174 0.052727624 0.9980704 161.36108 -0.012514992 0.99850748 -0.053161876 -5.7164435 -0.99938394 -0.014234029 -0.032081349 -41.407732
-0.034594896 0.054544122 0.99791184 162.08006 -0.013600543 0.99839142 -0.055041826 -5.7775842 -0.99930891 -0.015476308 -0.033797419 -41.429994
-0.033150969 0.052435059 0.99807389 162.80861 -0.0074711216 0.99858192 -0.0527099 -5.8256792 -0.99942247 -0.009204115 -0.032712211 -41.459785
-0.029770677 0.048828031 0.99836338 163.51097 -0.0026173461 0.99879891 -0.048927378 -5.8681264 -0.99955337 -0.0040696629 -0.029607121 -41.480243
-0.022457608 0.048343387 0.99857823 164.21308 -0.0016400917 0.99882706 -0.048392317 -5.9213067 -0.99974649 -0.0027245348 -0.022351981 -41.489606
-0.01177207 0.049434975 0.99870792 164.92069 -0.00037724317 0.99877688 -0.049442834 -5.9756519 -0.99993068 -0.00095879941 -0.011739024 -41.491958
0.0021636917 0.049730787 0.99876027 165.60272 0.0014530069 0.99876144 -0.049733991 -6.0243919 -0.99999665 0.0015588155 0.0020887512 -41.482926
0.017430584 0.047575447 0.99871551 166.28431 -0.00021088535 0.99886746 -0.047579003 -6.0707939 -0.9998481 0.00061871622 0.017420875 -41.459806
0.033645488 0.042537981 0.99852813 166.99528 -0.0027179584 0.99909402 -0.042470506 -6.1114502 -0.99943018 -0.0012850162 0.033730621 -41.415286
0.05019432 0.036195766 0.99808332 167.66262 -0.0049399802 0.99933984 -0.035992898 -6.1517675 -0.9987273 -0.003123872 0.050339988 -41.371611
0.067291377 0.028824774 0.99731686 168.33318 -0.0051393207 0.99957934 -0.028543401 -6.1891572 -0.99772017 -0.0032048057 0.067411208 -41.310122
0.085106378 0.021033776 0.99614979 169.03211 -0.0053088675 0.99977253 -0.020656705 -6.2231026 -0.99635777 -0.0035304091 0.085198683 -41.240537
0.10244038 0.014964019 0.99462655 169.68598 -0.0065697267 0.99987522 -0.014366342 -6.2526457 -0.99471749 -0.0050627303 0.1025259 -41.158924
0.12030711 0.012429291 0.99265887 170.34667 -0.0080809293 0.99990075 -0.011540584 -6.2842231 -0.99270387 -0.0066331911 0.1203956 -41.063396
0.13835386 0.011567836 0.99031526 170.98947 -0.0073155257 0.99991644 -0.010657957 -6.3035072 -0.99035588 -0.0057701066 0.13842692 -40.961507
0.15596217 0.010973955 0.98770202 171.61942 -0.0092157788 0.99991093 -0.0096543938 -6.3260997 -0.98772008 -0.0075967224 0.15604941 -40.849608
0.17214743 0.010708591 0.98501295 172.26898 -0.015145532 0.99985149 -0.008222974 -6.3433018 -0.9849548 -0.01350298 0.17228405 -40.718824
0.18651934 0.0071217514 0.98242543 172.8908 -0.017000205 0.9998474 -0.0040204548 -6.359381 -0.98230423 -0.015951541 0.18661195 -40.577557
0.19856719 0.0028794684 0.98008301 173.51996 -0.01331345 0.99991134 -0.00024038612 -6.3779432 -0.97999689 -0.013000553 0.19858792 -40.443751
0.20973686 0.0011167875 0.97775719 174.14849 -0.0095124013 0.99995435 0.00089834684 -6.3941504 -0.97771164 -0.0094892345 0.20973791 -40.308141
0.21936181 0.0047040206 0.9756322 174.7416 -0.013322697 0.99990958 -0.0018255897 -6.4127716 -0.97555265 -0.012597586 0.21940464 -40.154435
0.22828504 0.011647403 0.97352463 175.35219 -0.017085051 0.99982239 -0.0079557028 -6.4298811 -0.97344446 -0.014816549 0.22844349 -40.001189
0.23728468 0.021995118 0.97119108 175.92855 -0.018787067 0.99966057 -0.018049763 -6.4500811 -0.97125852 -0.013962899 0.23761736 -39.843121
0.24558787 0.028748358 0.96894791 176.5006 -0.01435086 0.99955843 -0.026019216 -6.4657924 -0.96926814 -0.0075152309 0.24589198 -39.694588
0.25215687 0.027174066 0.96730471 177.11841 -0.013313123 0.99960845 -0.024611097 -6.4820234 -0.96759483 -0.0066719889 0.25241991 -39.532529
0.2579957 0.019658737 0.965946 177.72347 -0.015408676 0.99974953 -0.016231177 -6.5003078 -0.96602322 -0.010696374 0.258234 -39.356573
0.26237804 0.0089825959 0.96492331 178.33242 -0.019421435 0.99980328 -0.0040262996 -6.5223561 -0.96476974 -0.017683783 0.26250088 -39.177857
0.26469494 -0.00019886542 0.96433214 178.94376 -0.018580882 0.99981328 0.0053063605 -6.544969 -0.96415321 -0.019322708 0.26464182 -39.004696
0.26547683 -0.0013539653 0.96411625 179.54622 -0.015006947 0.99987206 0.0055364578 -6.5646288 -0.96400048 -0.015938242 0.26542255 -38.842079
0.26663645 0.0020001303 0.96379506 180.15618 -0.013376461 0.99990921 0.0016255568 -6.5650014 -0.96370439 -0.013325599 0.26663899 -38.673875
0.26824164 0.001541129 0.96335039 180.76084 -0.010416948 0.9999449 0.0013008926 -6.5782712 -0.96329538 -0.010384124 0.26824291 -38.502024
0.26993004 -0.00051317334 0.96287976 181.37266 -0.011010556 0.99993283 0.0036195786 -6.5772385 -0.96281702 -0.011578874 0.26990625 -38.323494
0.2726748 -0.0045373022 0.96209552 181.98169 -0.0114866 0.99990225 0.0079711058 -6.5927083 -0.96203773 -0.013224725 0.27259603 -38.141591
0.27582568 -0.010282255 0.96115264 182.60621 -0.0095573056 0.99986402 0.01343908 -6.6024273 -0.9611602 -0.012892872 0.2756899 -37.962926
0.28015448 -0.013273424 0.95986312 183.22103 -0.0085128329 0.99983073 0.016310748 -6.607186 -0.95991722 -0.012740683 0.27999406 -37.772986
0.28630012 -0.014588907 0.95802888 183.82725 -0.0076926057 0.99981685 0.017524137 -6.6027702 -0.95810915 -0.0123869 0.28613545 -37.591171
0.29435841 -0.017633351 0.95553237 184.46171 -0.0064062065 0.9997709 0.020423203 -6.6058821 -0.95567367 -0.012133079 0.294178 -37.390293
0.30348512 -0.020071513 0.95262471 185.07576 -0.0038953372 0.99974362 0.022305262 -6.6085363 -0.95282826 -0.010480109 0.30332913 -37.189674
0.31507412 -0.01815025 0.94889346 185.68796 -0.0047578795 0.99977434 0.020703313 -6.6113839 -0.94905518 -0.011037798 0.31491666 -36.965855
0.32636594 -0.014380479 0.94513406 186.30007 -0.0061752449 0.99983049 0.017345086 -6.6110543 -0.94522337 -0.011497279 0.32622181 -36.743948
0.33738074 -0.011116161 0.9413026 186.91568 -0.0067038428 0.99987655 0.014210665 -6.6102378 -0.94134445 -0.011104749 0.33726457 -36.517426
0.34933053 -0.010444709 0.93694131 187.54122 -0.0055318685 0.99989745 0.013209033 -6.6049005 -0.93698327 -0.009797354 0.34923692 -36.272371
0.36074685 -0.013414441 0.93256726 188.17025 -0.0054871564 0.99984873 0.016504853 -6.6108466 -0.93264767 -0.011071216 0.36061867 -36.01858
0.37170596 -0.015135768 0.92822708 188.78717 -0.0058726734 0.99980874 0.018654681 -6.611673 -0.92833198 -0.01238523 0.37154597 -35.75685
0.38331131 -0.015130757 0.92349523 189.40919 -0.0093949122 0.9997502 0.020279642 -6.6178172 -0.92357146 -0.016449572 0.3830734 -35.478971
0.39272272 -0.017133037 0.91949728 190.02899 -0.0099569967 0.99968863 0.022879938 -6.6049997 -0.91960306 -0.018140902 0.39242984 -35.200709
0.39991728 -0.015570391 0.91641893 190.66557 -0.015559508 0.99959628 0.023773648 -6.6058026 -0.9164192 -0.02376652 0.39951355 -34.911718
0.40443476 -0.018090156 0.91438788 191.30392 -0.015554346 0.9995237 0.026654178 -6.5979468 -0.91443461 -0.025002581 0.40396075 -34.62186
0.40618486 -0.022804744 0.91350629 191.95047 -0.010823462 0.99949835 0.029764032 -6.5904614 -0.91372687 -0.021976999 0.40573427 -34.326302
0.4066761 -0.021351803 0.91332282 192.5975 -0.0081159278 0.99960296 0.02698266 -6.58502 -0.9135364 -0.018385665 0.40634134 -34.039341
0.40564097 -0.021231877 0.91378583 193.27205 -0.0060326392 0.99964621 0.025904813 -6.5781813 -0.91401263 -0.016020593 0.40536937 -33.746282
0.40434771 -0.020385762 0.91437808 193.94349 -0.0032492554 0.99971324 0.023725136 -6.5735205 -0.91459961 -0.012564252 0.40416552 -33.45941
0.40501877 -0.021576237 0.91405371 194.5994 0.00036161257 0.99972522 0.023438282 -6.5641345 -0.91430834 -0.0091624104 0.40491528 -33.151572
0.40345528 -0.027834485 0.91457586 195.29181 0.0044323474 0.99958492 0.028466395 -6.5546501 -0.91498867 -0.0074311988 0.40341118 -32.858638
0.40297313 -0.030951158 0.91468826 195.97361 0.0043529181 0.9994815 0.031902673 -6.5514936 -0.9152015 -0.0088743563 0.40289891 -32.548747
0.40105139 -0.033495698 0.91544293 196.66635 0.0053785146 0.99940015 0.034211357 -6.5408213 -0.91603981 -0.0087967884 0.40099097 -32.252938
0.39944338 -0.033306852 0.91615259 197.35779 0.0045826002 0.99939986 0.0343353 -6.5300426 -0.91674645 -0.0095166469 0.39935629 -31.94922
0.3981762 -0.033594496 0.91669354 198.0414 0.0032975953 0.99937512 0.035192219 -6.5159749 -0.91730306 -0.010989819 0.39803817 -31.638488
0.39577689 -0.032758373 0.91776221 198.73244 0.0022376756 0.99939502 0.034707176 -6.5104072 -0.91834401 -0.011682643 0.39561075 -31.341425
0.39499236 -0.029914951 0.91819718 199.41111 0.0034758406 0.9995112 0.031068924 -6.5052364 -0.91867787 -0.0090804801 0.39490327 -31.042433
0.39426272 -0.023813219 0.91868916 200.10366 0.002931905 0.99969173 0.024654626 -6.5008045 -0.91899313 -0.0070268899 0.394211 -30.74892
0.39243749 -0.020577488 0.91954843 200.78294 0.00086196893 0.9997575 0.022004528 -6.4899742 -0.91977831 -0.0078427788 0.39236006 -30.455271
0.39191479 -0.023324268 0.91970577 201.4878 -0.00014536174 0.99967699 0.025414328 -6.4829815 -0.92000155 -0.01009394 0.39178481 -30.154145
0.39033802 -0.026353505 0.92029433 202.16591 -0.001311052 0.99957332 0.02917981 -6.4780117 -0.92067072 -0.012596543 0.39013692 -29.853999
0.38744077 -0.026116413 0.92152456 202.84778 -0.0048932611 0.99952631 0.030384313 -6.4760546 -0.92188165 -0.016281382 0.38712945 -29.553167
0.38318551 -0.025870052 0.92330901 203.54387 -0.0081534964 0.99947402 0.031387917 -6.4711362 -0.92363546 -0.019555591 0.38277303 -29.26079
0.37622023 -0.026796752 0.92614265 204.23428 -0.0084706489 0.99944043 0.0323585 -6.4658899 -0.92649159 -0.020018951 0.37578272 -28.985224
0.36760319 -0.027166163 0.92958583 204.93174 -0.0075102542 0.99945394 0.032177902 -6.4489303 -0.92995245 -0.018810125 0.36719843 -28.693625
