1.000000000000000000e+00 4.398956837314658088e-19 2.733407509747682871e-20 -8.673617379884035472e-19 -5.583667658079949532e-19 1.000000000000000000e+00 -6.100159232558060012e-19 0.000000000000000000e+00 4.145284534913582806e-20 -2.210423569125054137e-19 1.000000000000000222e+00 0.000000000000000000e+00
9.999425387710824120e-01 -1.078869921893178428e-03 1.066560878386199271e-02 7.437219073604708908e-02 1.074519010045961584e-03 9.999993371454287683e-01 4.136611332123329380e-04 -2.903764596924915398e-03 -1.066604818486511022e-02 -4.021769574075220971e-04 9.999430352059479610e-01 2.920851049543955469e-01
9.998561267263985641e-01 -2.352726266507817413e-03 1.679852820386251375e-02 1.025811153942811360e-01 2.343082749926675683e-03 9.999970787182519416e-01 5.937287022231473249e-04 -9.647349337108965250e-03 -1.679987630186877134e-02 -5.542829267563864929e-04 9.998587184738051414e-01 5.448301055581629138e-01
9.997876028211395427e-01 -5.776812798412778692e-03 1.978326844812591800e-02 9.180283286150446587e-02 5.808057698865581008e-03 9.999819744204248018e-01 -1.522264697272839896e-03 -9.436722778787376420e-03 -1.977411834834007578e-02 1.636843774579033097e-03 9.998031331040881931e-01 9.298966850615768553e-01
9.998300521850917999e-01 -6.371959510073123452e-03 1.729927484458420109e-02 9.090225077190652869e-02 6.408041200445717053e-03 9.999774055569570219e-01 -2.031101277018120682e-03 -1.473384593978224744e-02 -1.728594218260507895e-02 2.141610601900345925e-03 9.998482933362703440e-01 1.192063762558549733e+00
9.999010796312262084e-01 -9.564165705383624247e-03 1.031298774757610955e-02 9.169399722203205871e-02 9.602514531039550369e-03 9.999471401439323781e-01 -3.675406947884735532e-03 -1.008945227328997274e-02 -1.027729058384847446e-02 3.774074040890195401e-03 9.999400650289972381e-01 1.514999479972993557e+00
9.999446613965309316e-01 -1.041753570323718930e-02 -1.465984564934702137e-03 6.447666155143970401e-02 1.040990983083067874e-02 9.999327237234233445e-01 -5.116814121047489651e-03 -2.135390361924180413e-02 1.519190555453424915e-03 5.101270249353284311e-03 9.999858344512808639e-01 1.850216436058972347e+00
9.998062525891330266e-01 -9.801940092170776525e-03 -1.706983428189858334e-02 3.981742938711259339e-02 9.715100069763230733e-03 9.999394790180339276e-01 -5.162859221271502534e-03 -2.589972317932055790e-02 1.711940752840211688e-02 4.996023819412147120e-03 9.998409701847610354e-01 2.158030771805163450e+00
9.993297694139745557e-01 -6.205468907742239457e-03 -3.607636423754004978e-02 1.660565673110372953e-02 6.012109614014191777e-03 9.999669895670201258e-01 -5.465739131921416340e-03 -3.639220807596159346e-02 3.610909143638549312e-02 5.245180789330084262e-03 9.993340891144342208e-01 2.518106269026086252e+00
9.984270358373190657e-01 -3.373152573827694917e-03 -5.596495174856352950e-02 -3.269750190714745819e-02 3.033520234515451816e-03 9.999764719424667492e-01 -6.152504519768837825e-03 -4.679376963619161223e-02 5.598438930256341428e-02 5.973056042726347659e-03 9.984137773924931514e-01 2.863530325937702514e+00
9.971438107580189447e-01 -3.014815324355316160e-03 -7.546609408663498830e-02 -8.537530554048945730e-02 2.544408324079228036e-03 9.999767363370755113e-01 -6.328725560231003404e-03 -5.298874616748258659e-02 7.548341970924693500e-02 6.118632953201837490e-03 9.971282845664040106e-01 3.219564024390492829e+00
9.953001027105982113e-01 -3.472077489212253235e-03 -9.677628806158497521e-02 -1.309534452294876805e-01 2.903551601175603097e-03 9.999776952321870471e-01 -6.014850108422504886e-03 -6.193645175886688947e-02 9.679501518562753926e-02 5.705585950356232075e-03 9.952879842637385455e-01 3.602662407957487378e+00
9.932578783797983979e-01 -4.057658240914546570e-03 -1.158547455190485770e-01 -1.820612029476381954e-01 3.455475460506297544e-03 9.999794598329969642e-01 -5.398110409595426387e-03 -7.195813531590472545e-02 1.158742715325378064e-01 4.961382404514903637e-03 9.932514979971958091e-01 3.999200709096949247e+00
9.910781480520565179e-01 -4.111477284955793871e-03 -1.332186162772645011e-01 -2.806477950962721346e-01 3.492672444544827216e-03 9.999820011242411821e-01 -4.878387148748193972e-03 -7.767745214538904208e-02 1.332362781731872559e-01 4.369573831398806431e-03 9.910746699891394007e-01 4.385976584391524824e+00
9.887955339763740970e-01 -3.485741623218122174e-03 -1.492355219344123352e-01 -3.631611058098382916e-01 2.869726075555827614e-03 9.999864516434718853e-01 -4.342947988320981258e-03 -8.879145161729017077e-02 1.492486410138745279e-01 3.866022407515613043e-03 9.887921407542911156e-01 4.804791722658848130e+00
9.866628231970595575e-01 -2.771277600361690425e-03 -1.627537792557068042e-01 -4.509674782401288939e-01 2.078951497400696475e-03 9.999880530831705139e-01 -4.423985593080545682e-03 -8.707683955246811602e-02 1.627640977567557101e-01 4.026624791721442227e-03 9.866567971977612261e-01 5.216477249022805296e+00
9.845459695747137419e-01 -3.068029309354652467e-03 -1.750994580881988505e-01 -5.295595985783015935e-01 2.185440890682996840e-03 9.999839191248937054e-01 -5.233100090715490753e-03 -9.285119905218260083e-02 1.751127006680108233e-01 4.769557972647057303e-03 9.845368424554949982e-01 5.658847721977866563e+00
9.828287650730700431e-01 -6.813751579360848194e-03 -1.843941173217976681e-01 -6.231065577281529322e-01 5.659480728849760646e-03 9.999609636429734882e-01 -6.785385680584860718e-03 -1.066643526141950321e-01 1.844331563684326880e-01 5.625297163140733150e-03 9.828289615719203454e-01 6.095878973376215093e+00
9.812613279177309078e-01 -5.816432878530910199e-03 -1.925938071281378117e-01 -7.143786461964514167e-01 4.268076767054711403e-03 9.999551607238656992e-01 -8.453404979068906977e-03 -1.150644308571809465e-01 1.926343433528620308e-01 7.472994138008010566e-03 9.812421541209355169e-01 6.550603017144338125e+00
9.795947182314691526e-01 -5.748283721507941799e-03 -2.009008319593468539e-01 -8.354202912417696414e-01 3.717031030749952912e-03 9.999381067142303348e-01 -1.048648727900375853e-02 -1.129798995688727214e-01 2.009486803218233086e-01 9.525752832621347047e-03 9.795554547246531074e-01 7.024358833414178882e+00
9.780103219128896130e-01 -6.339335034945994644e-03 -2.084601209711275938e-01 -9.447373498110501755e-01 3.745380715384906672e-03 9.999106034937510490e-01 -1.283577572109143028e-02 -1.250969220684772787e-01 2.085228592473617193e-01 1.177275855000345720e-02 9.779466347204172072e-01 7.503174876962720674e+00
9.763273801624130499e-01 -1.007568259408188859e-02 -2.160632460133654620e-01 -1.055430615023152052e+00 7.059611824797861444e-03 9.998666377385797555e-01 -1.472645940249121300e-02 -1.370803257766483041e-01 2.161828141929375557e-01 1.285252280870342531e-02 9.762683056436903817e-01 7.996645728512513429e+00
9.744722728980449444e-01 -1.519089513970191610e-02 -2.239933590696628618e-01 -1.161562635607540583e+00 1.192123281087476526e-02 9.998018436475288873e-01 -1.594232188614570431e-02 -1.543991243295288474e-01 2.241911553739003859e-01 1.286507358624732443e-02 9.744602695360892186e-01 8.523973209793309636e+00
9.724612581178020410e-01 -1.609265334890310276e-02 -2.325083369271666867e-01 -1.311224909693238905e+00 1.217044749791263043e-02 9.997585779268435280e-01 -1.829388008443838878e-02 -1.778383121986056858e-01 2.327466053704430882e-01 1.496035907169649543e-02 9.724223396206661540e-01 9.047166663583729118e+00
9.703842508944282574e-01 -1.209266739068679333e-02 -2.412636974240217891e-01 -1.436483696585546976e+00 7.022429398621818017e-03 9.997362876281323807e-01 -2.186414124225087921e-02 -1.693452633275720487e-01 2.414644731534461852e-01 1.952236100681087674e-02 9.702132687995854710e-01 9.568752610772911282e+00
9.682802039519732284e-01 -9.095907263662054293e-03 -2.497012408895799840e-01 -1.594579452700845001e+00 2.957206740455758324e-03 9.996843678044500248e-01 -2.494834042047594860e-02 -1.845400986486087080e-01 2.498493592341008152e-01 2.341856595172684546e-02 9.680014823692314474e-01 1.008549035881207345e+01
9.659663560472457888e-01 -1.196695012080357945e-02 -2.583907691900736991e-01 -1.758954165062707631e+00 5.135865139275321185e-03 9.996196457222948917e-01 -2.709588095588375337e-02 -2.201426994172746565e-01 2.586167486668337623e-01 2.484664924810374084e-02 9.656604076111027224e-01 1.066120393354444218e+01
9.635280595024340311e-01 -1.307639774330552306e-02 -2.672876443011144576e-01 -1.924994654237222047e+00 5.649922807046002006e-03 9.995768316399957776e-01 -2.853482098985268833e-02 -2.422445640120138299e-01 2.675476739047066288e-01 2.598394614329953625e-02 9.631942059213168816e-01 1.121846343444665628e+01
9.615417820184835040e-01 -1.386118335586705025e-02 -2.743087081697118124e-01 -2.111102904208029596e+00 5.443390509496304729e-03 9.994912976511303171e-01 -3.142475786520592534e-02 -2.669995936468113618e-01 2.746047557446975595e-01 2.872304828216647524e-02 9.611280956684533638e-01 1.179427912849118343e+01
9.591528882831539260e-01 -1.345284006518267413e-02 -2.825681444373494555e-01 -2.276614987822912273e+00 3.756259704561395844e-03 9.993862039000461772e-01 -3.482967063362628346e-02 -2.876186754060512385e-01 2.828632680687223622e-01 3.234557990075040412e-02 9.586146967320626766e-01 1.240421397341699183e+01
9.567518214162206158e-01 -1.417891023655070901e-02 -2.905596477346037987e-01 -2.468863642257329793e+00 2.704016490242395349e-03 9.992017787252186478e-01 -3.985591142940565074e-02 -3.254926299123416800e-01 2.908928352347471824e-01 3.734653786400945336e-02 9.560264621649157135e-01 1.298574987353224941e+01
9.550111537777379311e-01 -1.591891805761134690e-02 -2.961423345578726440e-01 -2.686255663363880331e+00 2.109864746226831986e-03 9.988977811082599967e-01 -4.689105835223390112e-02 -3.595900655027022830e-01 2.965623808912254411e-01 4.415666361462071421e-02 9.539921096128155531e-01 1.359507317361487111e+01
9.537429953841949359e-01 -1.558506179172397532e-02 -3.002189245640068949e-01 -2.891283896572262258e+00 -1.036257198633716743e-03 9.984789031799412573e-01 -5.512536676754815207e-02 -3.989782137410885499e-01 3.006213999150562088e-01 5.288653666800320619e-02 9.522761102248034071e-01 1.421699690467947086e+01
9.523757815839667407e-01 -1.586499065336483341e-02 -3.045138268386929914e-01 -3.093284806395821818e+00 -3.648586298494327883e-03 9.979811907425026885e-01 -6.340528941449839750e-02 -4.433869797178824346e-01 3.049050010506997310e-01 6.149670733823269647e-02 9.503952321667250569e-01 1.484513564581589762e+01
9.511226130907957099e-01 -1.541818370424738634e-02 -3.084283586892028195e-01 -3.321780745052513861e+00 -7.115573823216975527e-03 9.973935223208866274e-01 -7.180202102621877081e-02 -4.911054991770689715e-01 3.087315090850675237e-01 7.048717099722934254e-02 9.485338244236729555e-01 1.547677267733739370e+01
9.498427263555336841e-01 -1.364563257260970747e-02 -3.124301358957939367e-01 -3.559504490307791258e+00 -1.156527355296983924e-02 9.968314249551029071e-01 -7.869786943055197270e-02 -5.449507859768984996e-01 3.125140651096247613e-01 7.836393929204421571e-02 9.466752633449982968e-01 1.610663620653463113e+01
9.481290678193735610e-01 -1.308603399723604760e-02 -3.176161587848820855e-01 -3.790835893749633367e+00 -1.470851718744330301e-02 9.962762750280501622e-01 -8.495436022057130387e-02 -6.118746013615439239e-01 3.175451646242366532e-01 8.521936159768800367e-02 9.444060202050110764e-01 1.678172757840023976e+01
9.466892877615854518e-01 -1.216519682330341988e-02 -3.219183098561829159e-01 -4.051091686932030811e+00 -1.812513429405071541e-02 9.956924335027144135e-01 -9.092885875070791379e-02 -6.773635035021811079e-01 3.216377982725651119e-01 9.191618968687403912e-02 9.423908653087814669e-01 1.743354222499352701e+01
9.448186211372174848e-01 -1.003831585680139624e-02 -3.274400755745479064e-01 -4.277401589475387844e+00 -2.284431187182585712e-02 9.950782930260856363e-01 -9.642265370509492395e-02 -7.511087362846087245e-01 3.267964380861065332e-01 9.858206254232501631e-02 9.399391827612344485e-01 1.812273365761091881e+01
9.429485984524245135e-01 -7.759320854386162619e-03 -3.328479101180668032e-01 -4.515096286836430828e+00 -2.680552882753343621e-02 9.947135816124194063e-01 -9.912796865373579847e-02 -8.257698609525846445e-01 3.318575081650564917e-01 1.023947440048065538e-01 9.377557853896956175e-01 1.881098058167876985e+01
9.412979022092808901e-01 -5.958900706474566829e-03 -3.375244411738557160e-01 -4.794615505520773979e+00 -2.997472242047227731e-02 9.944194679055552433e-01 -1.011505702410751134e-01 -8.964243665969920949e-01 3.362436271193015025e-01 1.053300216768071063e-01 9.358663431123201981e-01 1.950807795401349765e+01
9.391274512537928221e-01 -5.983488653951348282e-03 -3.435168491915624456e-01 -5.082598361088547456e+00 -3.030119917328260790e-02 9.945096364342994599e-01 -1.001619706486416433e-01 -9.927952826093245919e-01 3.422301406355764408e-01 1.044738293286845421e-01 9.337899936903897302e-01 2.021867493804766980e+01
9.369654325858821631e-01 -6.693457237205932726e-03 -3.493579442450618355e-01 -5.352889380224914007e+00 -2.977638863305322875e-02 9.946501842962930384e-01 -9.891601263822737133e-02 -1.081109085675341808e+00 3.481510396554293174e-01 1.030835031277405056e-01 9.317535336853104422e-01 2.094476773462519503e+01
9.344503981378714519e-01 -4.927516807073156410e-03 -3.560592230846644224e-01 -5.639876301261546487e+00 -3.189919625986067930e-02 9.947258382613164418e-01 -9.748306508164902850e-02 -1.154897744296565554e+00 3.546616646343777046e-01 1.024510926383490617e-01 9.293647722536068079e-01 2.167465959025556899e+01
9.314679739171843886e-01 -5.253194732295401494e-03 -3.637853965634761377e-01 -5.936539043734892829e+00 -3.094638088072449236e-02 9.951280794615390279e-01 -9.360783613286410842e-02 -1.243339658173890028e+00 3.625048093891334866e-01 9.845054348665988053e-02 9.267673690888675875e-01 2.237341285218069586e+01
9.277448205208412846e-01 -3.160300563021151837e-03 -3.732017652749913816e-01 -6.245842832175484638e+00 -3.208896850917055538e-02 9.955857085038104515e-01 -8.820087948212529394e-02 -1.330883071655618144e+00 3.718330915304051687e-01 9.380356932628851341e-02 9.235480741677102312e-01 2.317228960002130833e+01
9.242544976493923814e-01 5.580465112042734413e-04 -3.817765172700200438e-01 -6.563801597029669033e+00 -3.500411911590769337e-02 9.959106477889667630e-01 -8.328681346851034284e-02 -1.399538708351739880e+00 3.801688272019950743e-01 9.034196311543807312e-02 9.204944299191522017e-01 2.391648399744687481e+01
9.208767027614047640e-01 4.136486691253412999e-03 -3.898319954119152109e-01 -6.897566344333119659e+00 -3.810771513375541680e-02 9.961101930616407252e-01 -7.944989220204660973e-02 -1.467448641386788433e+00 3.879869874197603985e-01 8.801916185230225509e-02 9.174523027586375390e-01 2.463936855934483461e+01
9.168495964176421875e-01 4.073499077623241559e-03 -3.992119999121901963e-01 -7.219388222616675677e+00 -3.793938481422853143e-02 9.963115231804174909e-01 -7.696721318370874920e-02 -1.542275214588751053e+00 3.974259966283373857e-01 8.571321645789388433e-02 9.136223645254988313e-01 2.537872945765701260e+01
9.130810850158065373e-01 5.121636745897598618e-03 -4.077458738153310058e-01 -7.594001677011925189e+00 -3.976234111699090273e-02 9.962743249148059421e-01 -7.652728792453834805e-02 -1.630029978121283918e+00 4.058348071431808757e-01 8.608855003636180225e-02 9.098828903881122088e-01 2.616689679409671143e+01
9.091506061705650898e-01 4.714300221114238292e-03 -4.164408086762654282e-01 -7.950706830073638542e+00 -3.989776193582878633e-02 9.963227014619774335e-01 -7.582376407047528022e-02 -1.690603151272904725e+00 4.145519826039878453e-01 8.555027772064029146e-02 9.059954785700677915e-01 2.692669143133122844e+01
9.054022984727991830e-01 4.265256947175754751e-03 -4.245332517436309350e-01 -8.351853307193984222e+00 -3.941554034594856731e-02 9.964752928618448857e-01 -7.405002329283105755e-02 -1.764354563157817246e+00 4.227210612201311446e-01 8.377826918936293055e-02 9.023791385140481625e-01 2.771347513286859510e+01
9.014726719692353063e-01 6.444469375729070665e-03 -4.327880390047236236e-01 -8.727305556048543522e+00 -4.155312589245459265e-02 9.965593424683460988e-01 -7.171342085158431690e-02 -1.839027163019785860e+00 4.308368160112918122e-01 8.263138534723790674e-02 8.986388016682759217e-01 2.849280962832327191e+01
8.977106101498422142e-01 6.867943404092643513e-03 -4.405320508782602507e-01 -9.120593252521217664e+00 -4.065385754928182299e-02 9.969040553297406904e-01 -6.730206830576178356e-02 -1.910658472835991883e+00 4.387059687448143785e-01 7.832710836526297904e-02 8.952105567657517859e-01 2.925828137896033709e+01
8.938326184632234828e-01 7.750192844388771075e-03 -4.483337826066361442e-01 -9.530935211783074124e+00 -3.981921274072513367e-02 9.972723623269651450e-01 -6.214712948228350714e-02 -1.963150717950002733e+00 4.466292459126389169e-01 7.340143001063041683e-02 8.917031741315017968e-01 3.006737385011070174e+01
8.898712769522387767e-01 7.577529940533278378e-03 -4.561487556821907097e-01 -9.938690618648401198e+00 -3.816969870350744171e-02 9.975929663973828188e-01 -5.789082450705097110e-02 -2.035769108977326436e+00 4.546121286459661737e-01 6.892644271534491274e-02 8.880185595475024174e-01 3.086423848880231091e+01
8.862973315476697644e-01 7.443491254502780825e-03 -4.630568326117966982e-01 -1.039053564402610874e+01 -3.732698178299237446e-02 9.977659625173462832e-01 -5.540560025274243044e-02 -2.100002773400085232e+00 4.616099431163976363e-01 6.639034980195097913e-02 8.845951537871119541e-01 3.167776555466029365e+01
8.831505631417830848e-01 5.685300979141181231e-03 -4.690551734869905509e-01 -1.084571545149173488e+01 -3.549930312123771720e-02 9.978691667139575339e-01 -5.474418381862574540e-02 -2.162314028076540495e+00 4.677444659823684070e-01 6.499848872521983567e-02 8.814705413932193423e-01 3.249972037224556232e+01
8.798615297731464668e-01 6.778633068384661703e-03 -4.751817905301675138e-01 -1.128174116882854250e+01 -3.628299783873172729e-02 9.979379639069612118e-01 -5.294680657803437634e-02 -2.215227368929979068e+00 4.738430496939813885e-01 6.382687826719002366e-02 8.782931733249158546e-01 3.333131198347442137e+01
8.772415275237451793e-01 5.940798031325745555e-03 -4.800125047499636532e-01 -1.177141124696225383e+01 -3.492670162052367855e-02 9.980632188985142372e-01 -5.147753548145824615e-02 -2.278201690135155388e+00 4.787770161888073583e-01 6.192348552127185934e-02 8.757499958533058182e-01 3.416096966578500371e+01
8.746913317144315858e-01 3.940763969601105039e-03 -4.846643580193187861e-01 -1.224849913651487121e+01 -3.283897251665372080e-02 9.981509402240239526e-01 -5.114980422660805187e-02 -2.339757839978215515e+00 4.835666236568001430e-01 6.065617002914214240e-02 8.732033864643321541e-01 3.499845047576005896e+01
8.727790467919728234e-01 4.682785539163948803e-03 -4.880930262460118074e-01 -1.273340728505417729e+01 -3.414114139660909264e-02 9.980906107459093235e-01 -5.147344234115710376e-02 -2.394866171313882131e+00 4.869200359445980397e-01 6.158899509096689429e-02 8.712724481747614602e-01 3.582247351013756287e+01
8.709250751454512551e-01 3.654693338446111071e-03 -4.914022302673559106e-01 -1.321941978238565873e+01 -3.338225257009552055e-02 9.981024425887995433e-01 -5.174108011063528051e-02 -2.460671348512578405e+00 4.902806769703358380e-01 6.146671757002874353e-02 8.693944473879732238e-01 3.669181421379288111e+01
8.702256298070669693e-01 4.196798353504139871e-03 -4.926354994312023283e-01 -1.371766145770197198e+01 -3.362898764697052484e-02 9.981373357518127376e-01 -5.090137747346583363e-02 -2.521395570882475123e+00 4.915042705313159566e-01 6.086251651000502971e-02 8.687458263978071749e-01 3.757825183903933208e+01
8.705891073612178621e-01 1.694540891785685250e-03 -4.920078555060127812e-01 -1.423306870907959087e+01 -3.009281121693881469e-02 9.983052681084768620e-01 -4.980978249940992697e-02 -2.574023002445311015e+00 4.910896378343374002e-01 5.816975368965667664e-02 8.691646864146334028e-01 3.844158406249862736e+01
8.703480651593034079e-01 3.044007993067368838e-03 -4.924276339561685090e-01 -1.474674403706236525e+01 -3.140043336985418737e-02 9.982889130747919504e-01 -4.932807387610194105e-02 -2.637053937064667952e+00 4.914349008697740384e-01 5.839503485908568298e-02 8.689544078142744654e-01 3.933405860265192189e+01
8.696187515959633574e-01 2.579242772399120177e-03 -4.937170946523044002e-01 -1.525256722319053893e+01 -3.113408331492601919e-02 9.982826139817750910e-01 -4.962349779291984342e-02 -2.699316409368170522e+00 4.927412092423195666e-01 5.852495345327149434e-02 8.682055835514107534e-01 4.024158228964511608e+01
8.683007905029717088e-01 2.055171314590794121e-04 -4.960379926064867884e-01 -1.580440308239907665e+01 -2.894874168903838890e-02 9.983165166774926602e-01 -5.026035150305258742e-02 -2.751331124214385859e+00 4.951926000718206433e-01 5.800077874555929075e-02 8.668449707501897361e-01 4.117485125582277306e+01
8.670552581724627617e-01 -2.028769353043566315e-03 -4.982078466554246132e-01 -1.633404640872096181e+01 -2.573001464078108688e-02 9.984748976017259192e-01 -4.884511489214293789e-02 -2.819507199819548227e+00 4.975471327060574933e-01 5.517030895396925899e-02 8.656807105418530268e-01 4.205776250394981730e+01
8.651600688845000331e-01 -7.014078821744578612e-04 -5.014953222831208812e-01 -1.687595907735560985e+01 -2.551636252295630056e-02 9.986422038009263868e-01 -4.541656169155409289e-02 -2.885560082767018031e+00 5.008462579954154892e-01 5.208893211850085248e-02 8.639674611471119814e-01 4.303559620739916625e+01
8.619626307673375898e-01 -1.927480403843502121e-03 -5.069681478346562686e-01 -1.740659265599474281e+01 -2.179475718962824507e-02 9.989273942113691129e-01 -4.085400459898064218e-02 -2.946227772081483121e+00 5.065031248822006171e-01 4.626387293887902069e-02 8.609960763950428309e-01 4.391837892509479957e+01
8.581083879861155506e-01 -2.765955296592215260e-03 -5.134611365814516493e-01 -1.796067534005081967e+01 -2.001703587752805269e-02 9.990451369752230137e-01 -3.883468290704901460e-02 -3.010264638131924464e+00 5.130782753651909056e-01 4.360233708286785637e-02 8.572336465008765227e-01 4.479681456217726065e+01
8.530027453889299505e-01 -4.844492982822262532e-03 -5.218839352888019478e-01 -1.852438587840094186e+01 -1.921720053895653244e-02 9.989872751980183319e-01 -4.068320573464841161e-02 -3.071107005338944429e+00 5.215525089750335797e-01 4.473203437280456191e-02 8.520457914830139590e-01 4.573789095575872210e+01
8.471562427657747252e-01 -8.348029511830291557e-03 -5.312782747661964899e-01 -1.907916684118527684e+01 -1.728273560421017888e-02 9.989145910757553093e-01 -4.325444270027214294e-02 -3.139989214909201021e+00 5.310627191000273362e-01 4.582521306768384123e-02 8.460924557693244585e-01 4.662330121939601213e+01
8.411229410502023551e-01 -9.096990193759922280e-03 -5.407674519780096833e-01 -1.969266657298584278e+01 -1.712223008534122931e-02 9.989094612908393511e-01 -4.343636043012342324e-02 -3.183709834436068142e+00 5.405728735989050460e-01 4.579446391276128375e-02 8.400499039145131741e-01 4.752731543299646688e+01
8.350515529688719019e-01 -3.650789935158219729e-03 -5.501595856988098499e-01 -2.027916119003694106e+01 -2.119688467619773239e-02 9.990220407250396395e-01 -3.880276103464043447e-02 -3.235911918227025730e+00 5.497632222341830577e-01 4.406397506924702306e-02 8.341575219479314685e-01 4.839023532047618659e+01
8.295298846568980311e-01 -2.997048242140295214e-03 -5.584542793430417040e-01 -2.086527011554689892e+01 -1.929324749508222123e-02 9.992348840390152809e-01 -3.402083415739798333e-02 -3.307279726683393761e+00 5.581289687670011324e-01 3.899569512260063486e-02 8.288373760848654070e-01 4.927551476310462419e+01
8.260475138026771580e-01 -8.695773299962632381e-04 -5.635998071532049014e-01 -2.149651757888517523e+01 -2.267543346134773957e-02 9.991378515672585392e-01 -3.477611718274477293e-02 -3.355805170477194288e+00 5.631441506953898113e-01 4.150659494378081821e-02 8.253156209735094118e-01 5.015781530235793184e+01
8.223592746741765769e-01 -3.601447410880939757e-03 -5.689571571539929762e-01 -2.211672460450325417e+01 -2.280035567576099015e-02 9.989681370973163554e-01 -3.927855505339107600e-02 -3.397460496577187072e+00 5.685115408194960640e-01 4.527350950263416690e-02 8.214285991538202714e-01 5.101356072478697712e+01
8.192678522127045948e-01 -5.900782719892551202e-03 -5.733806421129098441e-01 -2.272258387560231441e+01 -2.490301404938626353e-02 9.986374422842814180e-01 -4.585955518901372457e-02 -3.472942442854821898e+00 5.728699950334694702e-01 5.185016543896565216e-02 8.180046059990111473e-01 5.187111736771481674e+01
8.162929070259598019e-01 -5.470668636022101884e-03 -5.776122880376906021e-01 -2.335181584516986319e+01 -2.668805218250567407e-02 9.985301321803570218e-01 -4.717332980519262781e-02 -3.534936742062129600e+00 5.770213539165253147e-01 5.392260139004451808e-02 8.149470636605731233e-01 5.274392572281227132e+01
8.132694470127704855e-01 -4.801862943509684067e-03 -5.818674609800997821e-01 -2.397560406316370418e+01 -2.528865370996550774e-02 9.987294920987742630e-01 -4.358767774085875457e-02 -3.595827698277823448e+00 5.813375058439191889e-01 5.016317124486874279e-02 8.121147499122503000e-01 5.360261303523253673e+01
8.098648423171166399e-01 -2.641969388731791202e-03 -5.866105612368266442e-01 -2.463310392439503005e+01 -2.447478791777550969e-02 9.989669495056168191e-01 -3.828862230249174131e-02 -3.653113944589510886e+00 5.861057303777774674e-01 4.536577803664949143e-02 8.089635502155196889e-01 5.448252573460663228e+01
8.064504756648849249e-01 -1.062238207521529112e-03 -5.913006808957235183e-01 -2.527714499013173466e+01 -2.452330024021832228e-02 9.990779112480142610e-01 -3.524109886290279631e-02 -3.707127949367200248e+00 5.907928938172100075e-01 4.292084493973673254e-02 8.056808079875302786e-01 5.534941858893085254e+01
8.039029045742088764e-01 -5.819782100621035932e-04 -5.947602664291695707e-01 -2.590817777165394276e+01 -2.590674790637858757e-02 9.990161453078274523e-01 -3.599419227485316231e-02 -3.762060417574417226e+00 5.941960668300504400e-01 4.434413988347277874e-02 8.030969045930859140e-01 5.618798785969434562e+01
8.005228751055799563e-01 -1.416424137109420717e-03 -5.993005200103744823e-01 -2.655457357585059341e+01 -2.620438035461684217e-02 9.989580951091313610e-01 -3.736381560524865836e-02 -3.802604370300349590e+00 5.987290391991207938e-01 4.561488775353192415e-02 7.996516907223845116e-01 5.703529611037299674e+01
7.963088479956235144e-01 -4.209109026303453280e-03 -6.048756029127998479e-01 -2.721572663948727211e+01 -2.482001267188709351e-02 9.989062688752590180e-01 -3.962616583569777973e-02 -3.880703927942690257e+00 6.043808329100133214e-01 4.656768648948848843e-02 7.953334309242999778e-01 5.790906597704238834e+01
7.919282191249734648e-01 -4.930060783218198628e-03 -6.105942868436745607e-01 -2.788341071747141697e+01 -2.468741241320187435e-02 9.988912751077259067e-01 -4.008431398482219937e-02 -3.931109464076253168e+00 6.101149343806387959e-01 4.681789225643289559e-02 7.909284789997311771e-01 5.874266957692355362e+01
7.877274387722026372e-01 -4.132217377519443319e-03 -6.160100646404956803e-01 -2.855475138170771388e+01 -2.548444777731632277e-02 9.989028528439860555e-01 -3.928910217212136513e-02 -3.991359754540831251e+00 6.154965726714888286e-01 4.664778003280527913e-02 7.867578794307337198e-01 5.961275501872160021e+01
7.830833315335200551e-01 -6.204689809607789874e-03 -6.218858338363386640e-01 -2.924693906733734394e+01 -2.305894167176993081e-02 9.989729996884848529e-01 -3.900296328222636194e-02 -4.040124314997418864e+00 6.214891688964956362e-01 4.488259946030724590e-02 7.821360319918869708e-01 6.041580930455346277e+01
7.775640275201903817e-01 -5.565927174019183639e-03 -6.287791313617483446e-01 -2.993251587302993855e+01 -2.444054846441972434e-02 9.989376757057315537e-01 -3.906634986719992320e-02 -4.105367200281485829e+00 6.283286153069727042e-01 4.574429504308663574e-02 7.766019689243106594e-01 6.127546957365733249e+01
7.719001700050629466e-01 -6.145759109589590645e-03 -6.357140469677841077e-01 -3.064998325957460068e+01 -2.479975250740228468e-02 9.989010814971681640e-01 -3.976935636146129022e-02 -4.164477873351473569e+00 6.352598728763693137e-01 4.646352383425575439e-02 7.708995022043541034e-01 6.210782069573552633e+01
7.664025773672944464e-01 -8.315370682690188114e-03 -6.423067306128714682e-01 -3.134466446335002132e+01 -2.315952956594717616e-02 9.989084220397694835e-01 -4.056600313304686845e-02 -4.226582359748464413e+00 6.419429351646904758e-01 4.596541093160836505e-02 7.653734100246258887e-01 6.292664346670186148e+01
7.612211772340246041e-01 -9.125083374304104183e-03 -6.484281334283881204e-01 -3.205871123891544272e+01 -2.362427215144355733e-02 9.988470771897262068e-01 -4.179007295009992684e-02 -4.277516319488115393e+00 6.480618949166983001e-01 4.713013108760858577e-02 7.601279754230588770e-01 6.376399835451292120e+01
7.553001073764243900e-01 -1.175041057792644734e-02 -6.552737348103679915e-01 -3.276183744570207068e+01 -2.186590162032940945e-02 9.988308151081570774e-01 -4.311479066753393791e-02 -4.342312071529305761e+00 6.550142264469568376e-01 4.689275689937807273e-02 7.541600894909209485e-01 6.457164089960377851e+01
7.490724793035263840e-01 -1.316493583666897803e-02 -6.623572275867434245e-01 -3.351682437007759319e+01 -2.032019224739369662e-02 9.988755356589438250e-01 -4.283402950183513164e-02 -4.406006458792243841e+00 6.621763491737671092e-01 4.554501872007826746e-02 7.479626609052749675e-01 6.540662983255464269e+01
7.424757362609327727e-01 -1.246371258521020327e-02 -6.697569921106714119e-01 -3.425974843750349663e+01 -2.033905050630339245e-02 9.989464777448324728e-01 -4.113705945886382553e-02 -4.464695427379024473e+00 6.695641202493380906e-01 4.416548962107043341e-02 7.414400224005175399e-01 6.622838127659404961e+01
7.362693627967048515e-01 -1.268624164883916557e-02 -6.765696387427989622e-01 -3.500406955643046558e+01 -1.996042998041397745e-02 9.989820314334951767e-01 -4.045345649925485149e-02 -4.530932032517467789e+00 6.763941261110353320e-01 4.328926134931911779e-02 7.352666418319185881e-01 6.702722276564533388e+01
7.295730441399378430e-01 -1.396437180332841393e-02 -6.837603094681916627e-01 -3.577448175205021386e+01 -1.931146988234098971e-02 9.989722070963630296e-01 -4.100727512296016564e-02 -4.588788972954627177e+00 6.836301981051409182e-01 4.312221896843842356e-02 7.285535225482367983e-01 6.784066673523656732e+01
7.230002140477886918e-01 -1.518071479890197202e-02 -6.906809881849342858e-01 -3.656464453780861845e+01 -1.955451823378863419e-02 9.989082790022911773e-01 -4.242488644790587404e-02 -4.655591538752845260e+00 6.905710092624360863e-01 4.417913576688162897e-02 7.219140489291567819e-01 6.863600759475222901e+01
7.177144514653061025e-01 -1.441154966236521048e-02 -6.961883827784608458e-01 -3.735601604203260706e+01 -2.089445489640749665e-02 9.988899075500545788e-01 -4.221817600424319916e-02 -4.709848109313775844e+00 6.960239906582692537e-01 4.484707160412657739e-02 7.166166015654863441e-01 6.942067923987792710e+01
7.118456383564709666e-01 -1.566032753118922621e-02 -7.021613290919103134e-01 -3.818239324340192553e+01 -1.910193155465309336e-02 9.989498537079312124e-01 -4.164499993985554260e-02 -4.781403849665528227e+00 7.020761434286284519e-01 4.305744900263518138e-02 7.107989547712696421e-01 7.025567158199618234e+01
7.066651218690702674e-01 -1.465747424240588723e-02 -7.073963207646067897e-01 -3.896438229192801828e+01 -2.067917289438301817e-02 9.989304566166891108e-01 -4.135595105727356280e-02 -4.840571313007724363e+00 7.072459157001539376e-01 4.385317880566708126e-02 7.056062094040256305e-01 7.104639156174745551e+01
7.019601053425676973e-01 -1.507465780282455509e-02 -7.120567082290929495e-01 -3.981432649042832139e+01 -2.119046623625284870e-02 9.988913081612895706e-01 -4.203711047610751705e-02 -4.910453181289738289e+00 7.119009641056665005e-01 4.459718792527622017e-02 7.008624098661917490e-01 7.185101846301013495e+01
6.972367338111097324e-01 -1.796579402250665300e-02 -7.166157671262061157e-01 -4.064444959253671641e+01 -2.034969955935998775e-02 9.987869271430976914e-01 -4.483931231736370399e-02 -4.969206746162028843e+00 7.165520462011069069e-01 4.584653102986518264e-02 6.960253373405371757e-01 7.264363917538926785e+01
6.918951706682846536e-01 -2.026104627333099109e-02 -7.217136226435540980e-01 -4.149052213369383679e+01 -1.943678545753352305e-02 9.987211802392114146e-01 -4.667135676973055425e-02 -5.039798036094894407e+00 7.217363039714393969e-01 4.631947900719067535e-02 6.906165528458093616e-01 7.342482017075893452e+01
6.870386836289560373e-01 -2.019894539058390490e-02 -7.263400305546823255e-01 -4.231865324597973910e+01 -2.133524195423879347e-02 9.986217709647766672e-01 -4.795170528178677172e-02 -5.100084936332385688e+00 7.263075540394186014e-01 4.844131658781036798e-02 6.856608385895576196e-01 7.420409126321192161e+01
6.821697444629607476e-01 -2.077063619255755528e-02 -7.308987689694024237e-01 -4.319069241287639471e+01 -1.967689670552660169e-02 9.987129686346716273e-01 -4.674640143907862755e-02 -5.170308635655324281e+00 7.309290444366481898e-01 4.627080010047038977e-02 6.808830699591201796e-01 7.499077337729664805e+01
6.770641303421296442e-01 -2.024873027011058965e-02 -7.356453916633858281e-01 -4.404421440663083587e+01 -1.971231135978972898e-02 9.987637324773968039e-01 -4.563366629997363949e-02 -5.229819887441028214e+00 7.356599736506056475e-01 4.539818938335497128e-02 6.758279496948371712e-01 7.576107281707312779e+01
6.721917593609231245e-01 -2.021329521551650313e-02 -7.401011087544824285e-01 -4.489065460038692379e+01 -2.010380028676003739e-02 9.987603495357355587e-01 -4.553681413452549676e-02 -5.318520436876507773e+00 7.401041039084519380e-01 4.548831587316931602e-02 6.709521135139501213e-01 7.651604533776119865e+01
6.673709321139197348e-01 -2.121409584940964210e-02 -7.444232605399377922e-01 -4.577949235173687015e+01 -1.950362322139243335e-02 9.987534771511028531e-01 -4.594671468634160122e-02 -5.376269075381284068e+00 7.444700507914480125e-01 4.518245237494817462e-02 6.661252883017533266e-01 7.731526173239033994e+01
6.627983656833822401e-01 -2.221066857111440515e-02 -7.484684377261674459e-01 -4.667195171003482557e+01 -1.818725018089017639e-02 9.987876031532250121e-01 -4.574437392888238557e-02 -5.443743607517624206e+00 7.485770229988217839e-01 4.393187877092604582e-02 6.615908410905024795e-01 7.810156144905344888e+01
6.590075365850845968e-01 -2.347299104100896219e-02 -7.517699614607533665e-01 -4.757597852077168454e+01 -1.621778957344914562e-02 9.988370553166125987e-01 -4.540396735454067800e-02 -5.510528243529866366e+00 7.519614744785515503e-01 4.211360346378471148e-02 6.578604682913696822e-01 7.884739548899607087e+01
6.547972645938976433e-01 -2.566182624113561711e-02 -7.553687856946595947e-01 -4.848866151903484933e+01 -1.417222205027600899e-02 9.988308314320510917e-01 -4.621816008608823495e-02 -5.578699250650284824e+00 7.556716876907290104e-01 4.096877869133701972e-02 6.536680121658487996e-01 7.964461407608942523e+01
6.508040299893144143e-01 -2.941158527906897677e-02 -7.586758613301823884e-01 -4.938157227992108744e+01 -1.211331870309901443e-02 9.987199985503978361e-01 -4.910837014257640049e-02 -5.663571316373444020e+00 7.591491232486833329e-01 4.115000742882366641e-02 6.496147290377114469e-01 8.042598748494630456e+01
6.459225880875811843e-01 -3.457167515532398594e-02 -7.626196946967446211e-01 -5.029664181223734687e+01 -7.099225190715609778e-03 9.986588317376183799e-01 -5.128487881228673689e-02 -5.727712237587582855e+00 7.633699107171254550e-01 3.854007030913423476e-02 6.448108661673519482e-01 8.118928927617393754e+01
6.387188929780381885e-01 -3.811518319310958774e-02 -7.684955417404277789e-01 -5.123200302005990636e+01 -1.883196592183123243e-03 9.986918968246457640e-01 -5.109744394558279890e-02 -5.807129315520086266e+00 7.694378720090950807e-01 3.408413068232085674e-02 6.378116054537671387e-01 8.194890505563650152e+01
6.311835131965308765e-01 -4.155099500303380960e-02 -7.745197714955265322e-01 -5.215019918402399668e+01 2.594610425282389832e-03 9.986715971069345388e-01 -5.146172471043465591e-02 -5.888504059650436773e+00 7.756291964581433218e-01 3.047221475451255754e-02 6.304528569161717000e-01 8.271922233842749961e+01
6.216042879042693592e-01 -4.235983501448135902e-02 -7.821852353422850124e-01 -5.309556802656026520e+01 4.773753045156359925e-03 9.987231027110301529e-01 -5.029289583494993277e-02 -5.971081655778904818e+00 7.833168774434525750e-01 2.752832015077048486e-02 6.210127795566486864e-01 8.346944364951167472e+01
6.133246435555120835e-01 -4.145378402750320157e-02 -7.887423241923314787e-01 -5.403883890182906669e+01 5.652171447708396503e-03 9.988265318811834215e-01 -4.810002231194446948e-02 -6.039701776381800613e+00 7.898107018101541144e-01 2.504282176420365852e-02 6.128392316349745572e-01 8.419126316375459851e+01
6.040940885935867088e-01 -4.131081392774763744e-02 -7.958415276690066209e-01 -5.504168952827860295e+01 5.466061884364788355e-03 9.988467800620440817e-01 -4.769939314132801145e-02 -6.116319054296077695e+00 7.968942618821360790e-01 2.446480194391369850e-02 6.036232438223827490e-01 8.493940332690212358e+01
5.946413124589481347e-01 -4.228224949311143455e-02 -8.028785145262532508e-01 -5.600435003858795824e+01 4.118975944052682796e-03 9.987632735545491913e-01 -4.954752683900536664e-02 -6.178047751010450561e+00 8.039805682231193629e-01 2.615596867009682344e-02 5.940800645110800859e-01 8.565692700393229586e+01
5.847725503736822539e-01 -4.296509872581660838e-02 -8.100586723305535086e-01 -5.701500288093036062e+01 2.898982130985064409e-03 9.987006769869265499e-01 -5.087783082899628023e-02 -6.284417803055248442e+00 8.111921295004023147e-01 2.740361285031658184e-02 5.841372981251491403e-01 8.637044868254295693e+01
5.746160460764784261e-01 -4.470147592140861353e-02 -8.172014228101032174e-01 -5.802870475155494034e+01 3.482014072127141788e-03 9.986317582060970643e-01 -5.217745738872773403e-02 -6.340555806591798849e+00 8.184157171700918720e-01 2.713649697328850488e-02 5.739854846950900313e-01 8.708341368840535779e+01
5.647650176416439960e-01 -4.602392885315237381e-02 -8.239673903954571887e-01 -5.906207857670647599e+01 6.134694603688441682e-03 9.986502171584598075e-01 -5.157624711429990849e-02 -6.425996646673604928e+00 8.252289691444154585e-01 2.407367134366170114e-02 5.642850514093229464e-01 8.777820832952114927e+01
5.550477853860846800e-01 -4.627259768758944236e-02 -8.305304269395793471e-01 -6.009008483324903693e+01 7.963216359175179573e-03 9.987013839822401762e-01 -5.032030196365881031e-02 -6.502727807100612267e+00 8.317803522952723627e-01 2.131647818781517989e-02 5.546954713078957599e-01 8.846421992549251456e+01
5.441649028817614475e-01 -4.666178344770235964e-02 -8.376796665003335418e-01 -6.110906991178621439e+01 9.239723072354152217e-03 9.987249139492111460e-01 -4.963037120002851410e-02 -6.590906690305000204e+00 8.389274089848294258e-01 1.926717746373356882e-02 5.439021889318613745e-01 8.913044122489846188e+01
5.340551887754769744e-01 -4.717466963638870803e-02 -8.441324498773091767e-01 -6.217009061893197952e+01 7.435361798982272410e-03 9.986655199523777338e-01 -5.110669844623838554e-02 -6.664176487419670281e+00 8.454169282002070851e-01 2.101736680829665790e-02 5.336932646969433369e-01 8.977715627543717858e+01
5.238594246026507806e-01 -4.812689806189342917e-02 -8.504440556605794566e-01 -6.325905006663820274e+01 7.461812374010394662e-03 9.986235741530932186e-01 -5.191607144280063063e-02 -6.738866395284035526e+00 8.517720566887189149e-01 2.085086882304912348e-02 5.234974860215113601e-01 9.043850760673198863e+01
5.137252481872055521e-01 -4.823355275252877439e-02 -8.565978522382400318e-01 -6.430414871347161920e+01 5.054120103205425596e-03 9.985712608648157351e-01 -5.319673693465188508e-02 -6.834943226807101979e+00 8.579398798148937244e-01 2.299915796165561202e-02 5.132350481848433343e-01 9.108076023188853299e+01
