1.000000000000000000e+00 -3.306050084167601550e-19 -2.270457535318767223e-19 -8.673617379884035472e-19 7.546676715296109287e-19 1.000000000000000000e+00 6.237773588823049983e-19 1.387778780781445676e-17 -3.447385680526250622e-20 4.770700176052009879e-20 1.000000000000000222e+00 5.551115123125782702e-17
9.999309874360055028e-01 -2.364598221933006134e-03 1.150511524533810725e-02 1.509104596674497485e-02 2.350832319907028133e-03 9.999964844377676743e-01 1.210117533288372366e-03 8.066569022013581058e-04 -1.150793648032968734e-02 -1.182989235622019901e-03 9.999330532574525199e-01 3.012580068392900490e-01
9.998103096480779328e-01 -4.811300511720358053e-03 1.887083467985208041e-02 2.866904145961041150e-02 4.769644949107788856e-03 9.999860572098001610e-01 2.251221119472276988e-03 -1.690998366289417354e-02 -1.888141011071009512e-02 -2.160769698742530734e-03 9.998193619972555179e-01 5.889872728772647115e-01
9.997571744352922174e-01 -7.448855036915378626e-03 2.074425933974472988e-02 3.377285784282085812e-02 7.426798207512915785e-03 9.999717791503781594e-01 1.140726073658674322e-03 -2.193452457004332889e-02 -2.075216883912013588e-02 -9.864374652162454654e-04 9.997842552804493410e-01 8.879882068641820059e-01
9.997947017936466008e-01 -8.472604563325802571e-03 1.839818331572421611e-02 4.124615688485731152e-02 8.487589826592503023e-03 9.999637149427287319e-01 -7.362842581892720725e-04 -1.045976166667281215e-02 -1.839127930301475214e-02 8.923886531078874685e-04 9.998303708193195805e-01 1.195504622560149333e+00
9.998667757761782182e-01 -1.097364269383779151e-02 1.208230505783162469e-02 3.679672707166754819e-02 1.100075888216876623e-02 9.999371143061794864e-01 -2.179539183796454921e-03 -2.579136895145590913e-02 -1.205763168618606898e-02 2.312155786948820978e-03 9.999246107606906131e-01 1.512594072426928671e+00
9.999274984915512698e-01 -1.203762173114675954e-02 -4.479223366679159425e-04 2.938524528240001737e-02 1.203612197064841266e-02 9.999224379280046149e-01 -3.215172671521719389e-03 -4.163187769117349113e-02 4.865937697157592915e-04 3.209550810010012006e-03 9.999947338761596694e-01 1.835276229039759510e+00
9.998003740233695202e-01 -1.059418123185155471e-02 -1.693829395068544366e-02 7.151284419602798627e-03 1.052939917853606792e-02 9.999369048408912608e-01 -3.909252799984976046e-03 -4.251602864311125607e-02 1.697864231647612174e-02 3.730086082355254639e-03 9.998488860870639039e-01 2.162342965144214091e+00
9.993820402138050563e-01 -6.358937612978769575e-03 -3.456408009919135355e-02 -2.973817139390756009e-02 6.238408190093657803e-03 9.999740740849331067e-01 -3.592964421957800004e-03 -4.820612476604524410e-02 3.458603829374824745e-02 3.375076315388720206e-03 9.993958240443100438e-01 2.507865206956943815e+00
9.984628379293801759e-01 -2.739988381551441542e-03 -5.535285141732072811e-02 -7.411061358094649110e-02 2.486476745846970607e-03 9.999860942636374928e-01 -4.648461765014680509e-03 -5.619205423806837574e-02 5.536482120100363197e-02 4.503653410105590803e-03 9.984557986037967403e-01 2.862358476079997605e+00
9.971324152122500450e-01 -1.930326252832221092e-03 -7.565627477392619649e-02 -1.170087802981308878e-01 1.525573140226171506e-03 9.999842031020086397e-01 -5.407193311257499184e-03 -5.569865062832815572e-02 7.566552273370631687e-02 5.276294854897215468e-03 9.971196125359613749e-01 3.223340033817343020e+00
9.952793725084505549e-01 -3.560483784448906144e-03 -9.698594046582936778e-02 -1.690680860687504838e-01 3.135969476773268604e-03 9.999848101020003543e-01 -4.527483281306128246e-03 -6.166095321355749559e-02 9.700059942441205396e-02 4.201996133014618794e-03 9.952754873800888635e-01 3.603491550167548407e+00
9.930788096199557602e-01 -4.218387053733990873e-03 -1.173780459541465260e-01 -2.292447580987427291e-01 3.779952074989905830e-03 9.999850293010231761e-01 -3.958052947950607865e-03 -7.635794166095671853e-02 1.173929913090253768e-01 3.487049173464485275e-03 9.930798693080861161e-01 3.987748380105912815e+00
9.910301830912289223e-01 -3.467474952699136064e-03 -1.335867056604122249e-01 -2.968820985621838937e-01 3.145771066322717181e-03 9.999916435969411488e-01 -2.619091463515934876e-03 -8.016190690184644974e-02 1.335946880671882164e-01 2.175383482508263730e-03 9.910327644907245270e-01 4.379855984239845235e+00
9.887905046839564616e-01 -3.042551085734043238e-03 -1.492566306673114018e-01 -3.808945074674569553e-01 2.734224159085740184e-03 9.999936765487130730e-01 -2.270988001812335698e-03 -8.540992359323457128e-02 1.492626134003727234e-01 1.837454193722551756e-03 9.887926110074735098e-01 4.794757743727493526e+00
9.867423751760122652e-01 -2.428232783878868286e-03 -1.623285340484163508e-01 -4.681871686562244506e-01 2.129161595591704936e-03 9.999956879267842824e-01 -2.016286812653513005e-03 -9.081906006554017752e-02 1.623327464699155509e-01 1.644079801593047261e-03 9.867432939948292958e-01 5.215938578720159313e+00
9.843873319413688483e-01 -2.940803094302617444e-03 -1.760174183777631352e-01 -5.601878624792483441e-01 2.416890970231340679e-03 9.999919782179572669e-01 -3.191504762733098858e-03 -9.722284736211690703e-02 1.760253968203306374e-01 2.716327459093499045e-03 9.843866042808291361e-01 5.647599296724714613e+00
9.826151667508820076e-01 -6.489469410168265118e-03 -1.855583825758417293e-01 -6.491417045179236345e-01 5.578548070368644952e-03 9.999696636339093780e-01 -5.432112945256480953e-03 -1.085067017945127721e-01 1.855880294696452826e-01 4.302604626179552458e-03 9.826215542740223130e-01 6.098981364413384121e+00
9.814629183875478446e-01 -5.724829714302141596e-03 -1.915717105783483754e-01 -7.448682658563974268e-01 4.471940508287224579e-03 9.999657019363045185e-01 -6.971552880172902228e-03 -1.144206935624854232e-01 1.916050658726127232e-01 5.985706663270778070e-03 9.814547925141301477e-01 6.556553028709754649e+00
9.798550356020686580e-01 -5.466863946400787357e-03 -1.996227796301955904e-01 -8.596491460477979629e-01 3.777945537105024086e-03 9.999537705395820097e-01 -8.840897594261249923e-03 -1.181271641927928440e-01 1.996618980054991888e-01 7.908777230951694048e-03 9.798303854858521067e-01 7.037174046688599915e+00
9.782999137507211174e-01 -6.367731354086133416e-03 -2.070630676664926839e-01 -9.747194344950790290e-01 4.179828382665048969e-03 9.999307533260081149e-01 -1.099803283760260146e-02 -1.268160064850085977e-01 2.071187941738386329e-01 9.893516066251212618e-03 9.782587767022629111e-01 7.519490918516376077e+00
9.765420463440728227e-01 -1.024742948660152878e-02 -2.151353923275242663e-01 -1.084161958053804664e+00 7.612206341643225696e-03 9.998855066280044612e-01 -1.307417391447725057e-02 -1.353148253995399286e-01 2.152448513629970084e-01 1.112976372834112784e-02 9.765080830714716331e-01 8.027465908414921358e+00
9.747613785643706175e-01 -1.578560469514463105e-02 -2.226953431586265464e-01 -1.200323302352459320e+00 1.301452529098107332e-02 9.998186600938617774e-01 -1.390226184345501499e-02 -1.494570784617406389e-01 2.228744667421130865e-01 1.065296098365909466e-02 9.747899283255632152e-01 8.538201546605117542e+00
9.729840508534366439e-01 -1.640513065072668128e-02 -2.302768474947992916e-01 -1.331982434895161882e+00 1.292781807522745685e-02 9.997787004162052016e-01 -1.660500762337276809e-02 -1.738617292539412773e-01 2.304982137191092240e-01 1.317925281796202691e-02 9.729805711027947890e-01 9.063806139718005639e+00
9.710901633429827040e-01 -1.277782590695317015e-02 -2.383934173291309688e-01 -1.490030325927301780e+00 8.080263964064412358e-03 9.997535940580674074e-01 -2.067039753060891105e-02 -1.724015321435231618e-01 2.385989049593436884e-01 1.814626688586428241e-02 9.709540355104797626e-01 9.588908591393961345e+00
9.690135374530189916e-01 -9.981877814077099245e-03 -2.467933513169278947e-01 -1.637812531391324988e+00 4.231729562633081664e-03 9.997073390711777030e-01 -2.381951520702362685e-02 -1.899146133029783190e-01 2.469589691059844161e-01 2.203635741138643134e-02 9.687720901277201424e-01 1.013770206533322060e+01
9.665236045808173193e-01 -1.269133951065203568e-02 -2.561922122840013527e-01 -1.794896631223598993e+00 6.214793745220558580e-03 9.996409140995757836e-01 -2.607137160786479960e-02 -2.067385982831546065e-01 2.564310062431656156e-01 2.360647548924981950e-02 9.662552582361109144e-01 1.069731387888370300e+01
9.642213096579749232e-01 -1.464564678268064600e-02 -2.646964881385324708e-01 -1.956138192274908816e+00 7.438629833640716775e-03 9.995743621614905372e-01 -2.821088015115423217e-02 -2.358882204047557662e-01 2.649970019015064904e-01 2.523269081527436050e-02 9.639197489034960764e-01 1.126715168193840810e+01
9.621156995756602326e-01 -1.357571525940697542e-02 -2.722489359981670187e-01 -2.132779196546299882e+00 5.446001746972944230e-03 9.995172308414712603e-01 -3.058022782287796865e-02 -2.555705568649362380e-01 2.725327170500813079e-01 2.793886895187635069e-02 9.617250331448805589e-01 1.185118157053629595e+01
9.599393260305293385e-01 -1.312185692874683236e-02 -2.798976235743999563e-01 -2.322839887458383323e+00 3.694217227656457127e-03 9.994088634402471527e-01 -3.417397589361738375e-02 -2.779398186791057213e-01 2.801806359717092798e-01 3.177089183977622328e-02 9.594200972342408207e-01 1.244498410358669638e+01
9.577911071293429002e-01 -1.415200012052266962e-02 -2.871472802027983384e-01 -2.512182162267465380e+00 2.981261184417296345e-03 9.992228332762336240e-01 -3.930812403112720482e-02 -3.055914744161812857e-01 2.874803874450702068e-01 3.679293532738604072e-02 9.570887331250024221e-01 1.303895592418297689e+01
9.556672189961076258e-01 -1.431517565404878158e-02 -2.941268813759289058e-01 -2.711573683585414951e+00 8.156929072193054532e-04 9.989423804875677826e-01 -4.597844258330689715e-02 -3.390401020487269768e-01 2.944740071651379965e-01 4.370020020862412646e-02 9.546680780523355558e-01 1.364885117263624181e+01
9.545918111638687087e-01 -1.508934088027259583e-02 -2.975852106803129615e-01 -2.918777470940232988e+00 -1.273119045783523313e-03 9.985007597613523300e-01 -5.472669710680099636e-02 -3.737286040127295594e-01 2.979649081138141531e-01 5.262054885229956736e-02 9.531412762160451635e-01 1.427734471928923732e+01
9.533853039576712929e-01 -1.663150470648943821e-02 -3.012977811427087760e-01 -3.129004137392062290e+00 -2.447468066134957706e-03 9.980209579844144807e-01 -6.282359081650662480e-02 -4.167364544256962344e-01 3.017465296519714069e-01 6.063233183121383152e-02 9.514577173975141688e-01 1.490822347467380737e+01
9.522205833687334975e-01 -1.547485099538350659e-02 -3.050675230852632480e-01 -3.348128468248864564e+00 -6.902227141607923666e-03 9.973700718359767015e-01 -7.213280493422659367e-02 -4.622747565305606599e-01 3.053820910528418642e-01 7.078968821208099504e-02 9.496093670159017064e-01 1.555382223590798318e+01
9.511479056189809933e-01 -1.527350959894303341e-02 -3.083729081167747021e-01 -3.575704404695613903e+00 -9.693334534812005077e-03 9.968059456262566842e-01 -7.929688004665692846e-02 -5.185659783184188854e-01 3.085984380222529522e-01 7.841415653487777970e-02 9.479616570250263274e-01 1.621117302607026289e+01
9.489409262626619102e-01 -1.350526111183723496e-02 -3.152488386392355846e-01 -3.810531226463650611e+00 -1.434476424005028637e-02 9.962022900574187823e-01 -8.586199917791867420e-02 -5.805397904815916554e-01 3.152115170516271436e-01 8.599855989871892092e-02 9.451432292975953109e-01 1.687749622759985257e+01
9.477501079557155705e-01 -1.259582234065480082e-02 -3.187897807439566411e-01 -4.056185889688212143e+00 -1.745210603777446259e-02 9.956768251732188713e-01 -9.124735430473721043e-02 -6.437039498620078515e-01 3.185603878883321860e-01 9.204477813848574441e-02 9.434329010652493519e-01 1.756038641436987646e+01
9.464947399227583436e-01 -1.014143975286250013e-02 -3.225890668115384274e-01 -4.309199213389802274e+00 -2.234896636616813190e-02 9.950467620417341452e-01 -9.686258944171223517e-02 -7.143535806325803650e-01 3.219732649092439392e-01 9.888986564639853927e-02 9.415798097000890321e-01 1.824408071748896987e+01
9.444904518982295549e-01 -7.745550139031036167e-03 -3.285148334260110103e-01 -4.573136247173282598e+00 -2.665747112699768870e-02 9.946191425410471076e-01 -1.001305779724817741e-01 -7.890054862806370473e-01 3.275227466017778810e-01 1.033292464146101375e-01 9.392017416012202746e-01 1.894667083627786042e+01
9.425592686317441071e-01 -8.195927832735015045e-03 -3.339527032555453800e-01 -4.833380675772537494e+00 -2.724005746961211116e-02 9.944836153508908039e-01 -1.012880443204971642e-01 -8.679680924301588218e-01 3.329413269121292984e-01 1.045640376599818872e-01 9.371363004541635178e-01 1.965215561901321806e+01
9.399022316344405326e-01 -5.895480272556952520e-03 -3.413654500378991985e-01 -5.105022817354657683e+00 -3.016420621151863837e-02 9.945080799549591566e-01 -1.002376157929787681e-01 -9.514600173303483510e-01 3.400818431529842867e-01 1.045106873222706179e-01 9.345623475216235931e-01 2.037368761801805661e+01
9.381984808835724943e-01 -5.538468545530140542e-03 -3.460403984190663640e-01 -5.397136192659976572e+00 -3.054269009711264513e-02 9.946461225136296047e-01 -9.872749624307310123e-02 -1.033448737682319374e+00 3.447346624558302874e-01 1.031945690443297203e-01 9.330061432344205485e-01 2.110506790185542059e+01
9.355658348176910666e-01 -6.249435642435442750e-03 -3.530342952845225146e-01 -5.685748013124666045e+00 -2.999315097645335534e-02 9.948248686794126661e-01 -9.706305327300347729e-02 -1.118266437741264330e+00 3.518132935108641002e-01 1.013994653937825424e-01 9.305365802667820985e-01 2.184306713228553321e+01
9.326019424351235099e-01 -5.605002323535843503e-03 -3.609230866992842457e-01 -5.971343248586917341e+00 -3.033975709069998070e-02 9.951226080184994993e-01 -9.385556880349789355e-02 -1.199708038660477705e+00 3.596888557348290050e-01 9.847853874373395378e-02 9.278831975779935348e-01 2.256947579386585545e+01
9.282221278223830030e-01 -2.707165457887669713e-03 -3.719837912827138604e-01 -6.297549281068879345e+00 -3.228909324445706358e-02 9.956138785544064174e-01 -8.778752433589880055e-02 -1.274782271779926424e+00 3.705897156554638916e-01 9.349680018143852189e-02 9.240634305738943954e-01 2.333926572592584492e+01
9.257066745571804756e-01 -1.162899845551917987e-03 -3.782298856837914558e-01 -6.617359487854499456e+00 -3.260887305863873625e-02 9.960267960169859602e-01 -8.285820122070726435e-02 -1.354916703186896054e+00 3.768231086989901613e-01 8.903710432398403984e-02 9.219908994285805903e-01 2.409144502984224090e+01
9.219527112416346926e-01 2.501962598423908019e-03 -3.872663684139848184e-01 -6.955464843827280141e+00 -3.572769774581094349e-02 9.962646974152322699e-01 -7.861434715123918893e-02 -1.425803839984251420e+00 3.856226826537605956e-01 8.631765791746308369e-02 9.185986638071226285e-01 2.484921208768870571e+01
9.188868780734703590e-01 2.971540761267508612e-03 -3.945291302623464835e-01 -7.299081125881338394e+00 -3.610670625481402635e-02 9.964082478309197466e-01 -7.660859189815137638e-02 -1.496837316740799562e+00 3.928841447120170471e-01 8.464266585840575507e-02 9.156940560910020732e-01 2.561684801099849906e+01
9.148202124884531328e-01 4.687724367825656102e-03 -4.038578708252799632e-01 -7.648120012281748537e+00 -3.868021985302310534e-02 9.963529536476287696e-01 -7.605441149899463960e-02 -1.574241783772204473e+00 4.020286925170240000e-01 8.519550074091082614e-02 9.116652595002098236e-01 2.639045971811197688e+01
9.110825351064189004e-01 5.838111797929011054e-03 -4.122830505595848627e-01 -8.018201177810436064e+00 -4.021400543882031747e-02 9.963893132232327643e-01 -7.477782470229805967e-02 -1.635170804174644887e+00 4.103584903542080720e-01 8.470324698611692016e-02 9.080276362093806508e-01 2.713623232666289908e+01
9.072375190741086559e-01 6.334398079840821219e-03 -4.205918297657675886e-01 -8.392246528625397772e+00 -4.050942898774093776e-02 9.965545793295161880e-01 -7.235529688968568574e-02 -1.706350472745958635e+00 4.186845094577360538e-01 8.267751938820040725e-02 9.043681470149239621e-01 2.792868479593050068e+01
9.031861550120219295e-01 4.997602292648264423e-03 -4.291827183853836325e-01 -8.777914061108939237e+00 -3.909331749783628157e-02 9.967343735024388751e-01 -7.065776505610699143e-02 -1.782439233334685902e+00 4.274279873528109008e-01 8.059667046326876583e-02 9.004320448803146970e-01 2.872209001380608839e+01
8.999538159159000683e-01 5.824736897431338940e-03 -4.359101392277988096e-01 -9.178108003469265697e+00 -3.853740556938680534e-02 9.970596980415968869e-01 -6.621358094956508733e-02 -1.847630232093311120e+00 4.342427819958490365e-01 7.638626814524251962e-02 8.975322557339704410e-01 2.952144951196044076e+01
8.961589252231892955e-01 7.592601287168683835e-03 -4.436715758365618045e-01 -9.586641139284273194e+00 -3.837440294662094326e-02 9.974337601670504316e-01 -6.045316000729822337e-02 -1.910074160769873242e+00 4.420739480638830043e-01 7.120355900836268515e-02 8.941507042162365471e-01 3.033266683015611775e+01
8.926015457691718336e-01 7.934971590086969603e-03 -4.508065428040542999e-01 -1.000664393488366244e+01 -3.702371317888154129e-02 9.977581494372949056e-01 -5.576305723294895655e-02 -1.970927841056161478e+00 4.493534244943468980e-01 6.646672786978498337e-02 8.908944771186678713e-01 3.114065121610565257e+01
8.882256356977235034e-01 7.841006633358727634e-03 -4.593549022641237878e-01 -1.044451746069230857e+01 -3.630120981957797588e-02 9.979262657944679704e-01 -5.315814433930907135e-02 -2.031862020366293820e+00 4.579859212440198224e-01 6.388625313682259887e-02 8.866678559693567108e-01 3.196688105447186246e+01
8.852223642433358908e-01 7.423138451771472794e-03 -4.651160141294108930e-01 -1.088792954799775359e+01 -3.565633554884922729e-02 9.980137241602644593e-01 -5.194596796544385942e-02 -2.091019999575978616e+00 4.638067056690545198e-01 6.256869899781283828e-02 8.837287644063058778e-01 3.279386686589401023e+01
8.828979823770298774e-01 6.496671379218959055e-03 -4.694840832508567208e-01 -1.134723552453715989e+01 -3.451815239170294425e-02 9.980969427990020737e-01 -5.108806557725955461e-02 -2.145306106197405693e+00 4.682585517792277052e-01 6.131148433981190027e-02 8.814420011888669526e-01 3.362509884608515165e+01
8.795154034000525201e-01 6.701159707328647845e-03 -4.758432577881888115e-01 -1.181020790502214979e+01 -3.434932906404677966e-02 9.981865653314924147e-01 -4.943092791057977081e-02 -2.201180921040189364e+00 4.746489277567981779e-01 5.982100345686470338e-02 8.781507305482404435e-01 3.446292792723885867e+01
8.767437679826733943e-01 7.127363978813278968e-03 -4.808311388553984655e-01 -1.229146915153297215e+01 -3.462270077641980276e-02 9.982313436446376143e-01 -4.832229985349020818e-02 -2.249506604098772566e+00 4.796361001189157203e-01 5.901642839803842439e-02 8.754397963049709297e-01 3.531700131865247272e+01
8.758542230981083421e-01 5.851734236810055868e-03 -4.826080793451539286e-01 -1.277773871365910097e+01 -3.359257288338107078e-02 9.982402100134907252e-01 -4.888128503699534777e-02 -2.309266249327940557e+00 4.814729304133532617e-01 5.902438334202127213e-02 8.745094472938271801e-01 3.618152028259252262e+01
8.734763192632911677e-01 4.990461873077122607e-03 -4.868853486200306335e-01 -1.327857379983449704e+01 -3.355265445359215115e-02 9.981871709255260017e-01 -4.996202655256815756e-02 -2.362671715422111962e+00 4.857534536143141013e-01 5.997527335418534333e-02 8.720601407163346419e-01 3.705222156805481859e+01
8.742260062765963013e-01 4.911405482168795973e-03 -4.853718703411700197e-01 -1.378358777065692742e+01 -3.265357546181314047e-02 9.982796537134822623e-01 -4.870106845160751541e-02 -2.421923846684252979e+00 4.842977737396200744e-01 5.842537621363141920e-02 8.728821922018464852e-01 3.793937534474301287e+01
8.734501325455177323e-01 4.474884094434385812e-03 -4.869404875973181168e-01 -1.429600060191656929e+01 -3.135367487497908723e-02 9.983994739838834009e-01 -4.705796121568568691e-02 -2.476326180459533344e+00 4.859505419000221815e-01 5.636721704757418488e-02 8.721924323881407037e-01 3.884042519473980093e+01
8.723558481810459453e-01 4.293395680484798048e-03 -4.887861588513466304e-01 -1.481504239543571089e+01 -3.067885322384523300e-02 9.984712457023897647e-01 -4.598613416041816282e-02 -2.540539727024819339e+00 4.878414673087643760e-01 5.511499356887029910e-02 8.711539952317072233e-01 3.974488449289940206e+01
8.728239326502960083e-01 1.317271645672925566e-03 -4.880251819790070722e-01 -1.533456261947984878e+01 -2.790619336796635111e-02 9.984948123685948307e-01 -4.720322735256805152e-02 -2.593989243707006231e+00 4.872283885292909011e-01 5.481979819242044361e-02 8.715469962340086640e-01 4.066289241876781091e+01
8.716717066172808837e-01 -7.943988411212071690e-04 -4.900054657880210662e-01 -1.587116837097199351e+01 -2.619224191240511132e-02 9.984938426556498881e-01 -4.819552111848863368e-02 -2.658074985161964499e+00 4.893055859766717863e-01 5.484801532505900051e-02 8.703382387214541049e-01 4.159458498900314538e+01
8.700817803591821553e-01 -1.385615535972997518e-03 -4.928632714552395599e-01 -1.640204471884330317e+01 -2.449566698739421081e-02 9.986389384970957295e-01 -4.605031351350242358e-02 -2.716453174309065854e+00 4.922565071518487656e-01 5.213896032540901032e-02 8.688635144277190303e-01 4.251712184409987572e+01
8.685994425815065645e-01 -6.253743765982692181e-04 -4.956709175507605369e-01 -1.694051037007163174e+01 -2.359261275440883293e-02 9.988128874223011211e-01 -4.260852149937736921e-02 -2.774985570410804847e+00 4.951094976819079840e-01 4.869791325236876717e-02 8.675535308398509837e-01 4.344537886840920748e+01
8.644678098949586387e-01 -3.937507161510352322e-04 -5.028224091414593699e-01 -1.748585422047435500e+01 -2.153973690668349594e-02 9.990521379562029569e-01 -3.782960848266914144e-02 -2.832323427400981419e+00 5.023610250632741803e-01 4.352901827661179862e-02 8.636400291080671421e-01 4.437851489143087491e+01
8.619344143510020428e-01 -2.105359879191815928e-03 -5.069391678783380373e-01 -1.803075645685418849e+01 -1.917741141774034763e-02 9.991403516335956025e-01 -3.675054458919146255e-02 -2.888232541457560032e+00 5.065806353092946468e-01 4.140232430274784492e-02 8.611532842473360594e-01 4.529587281425663292e+01
8.564936768728506067e-01 -3.237587886562322357e-03 -5.162415762522934992e-01 -1.859641900348202270e+01 -1.920877875321855277e-02 9.990876924585319063e-01 -3.813842891209719144e-02 -2.950816993136960331e+00 5.158941736358082508e-01 4.258021244168832403e-02 8.556501007766499356e-01 4.619386179830901540e+01
8.504143228240159669e-01 -6.511843928750586652e-03 -5.259107909102251899e-01 -1.916882114652342040e+01 -1.783147636855059864e-02 9.989922015462967542e-01 -4.119216836604337739e-02 -3.008875156534052575e+00 5.256488722515566536e-01 4.441061628908041931e-02 8.494411867159605833e-01 4.710706719383708219e+01
8.436716950777978230e-01 -7.383800724160259794e-03 -5.368607104883306169e-01 -1.975476919108229623e+01 -1.699439207111656108e-02 9.990370078285019106e-01 -4.044520075762424172e-02 -3.063839366451795332e+00 5.366424971520369347e-01 4.324231639624816909e-02 8.427338639653435548e-01 4.801975703235311954e+01
8.385965326284945398e-01 -4.421131118608236966e-03 -5.447013571921627273e-01 -2.036044016328361650e+01 -1.786501801711109713e-02 9.992059068373240205e-01 -3.560681954890870804e-02 -3.111575983259369238e+00 5.444260872729157485e-01 3.959202387788319372e-02 8.378519122454547441e-01 4.892126099930263194e+01
8.339940863350605582e-01 -1.076211836344458626e-03 -5.517350935538899437e-01 -2.096598144808001152e+01 -1.936211192525253907e-02 9.993251529591566928e-01 -3.121495638198189954e-02 -3.168295765857528146e+00 5.513961587835322087e-01 3.671921885136466418e-02 8.334105685594818125e-01 4.981021215025232607e+01
8.294463506947554743e-01 8.654270678489130045e-05 -5.584596767627724168e-01 -2.157443244685637751e+01 -2.171140599838284821e-02 9.992493158919838470e-01 -3.209135422558664907e-02 -3.216656043717000646e+00 5.580375572558730068e-01 3.874710361918169005e-02 8.288257600909647582e-01 5.070221941147141109e+01
8.262839304008745556e-01 -2.486091682305692149e-03 -5.632011801280241148e-01 -2.218965439221516078e+01 -2.220758739853625346e-02 9.990688973787130722e-01 -3.698291668376728347e-02 -3.267240108918583630e+00 5.627688341121611648e-01 4.306375191649945006e-02 8.254594404775535965e-01 5.157060292832482418e+01
8.233493903245113765e-01 -3.445033520993864493e-03 -5.676440634646696681e-01 -2.280774338995756167e+01 -2.575801717662366472e-02 9.987242352375059751e-01 -4.342727628054071642e-02 -3.333722530398726569e+00 5.670692448014946763e-01 5.037697116890244714e-02 8.222105631853886543e-01 5.245744919811352247e+01
8.195605738687049557e-01 -5.057942844208197439e-03 -5.729267827079915776e-01 -2.342741260803218140e+01 -2.541548710331307040e-02 9.986560984900810789e-01 -4.518073178386494693e-02 -3.389833335945306558e+00 5.723853569427997945e-01 5.159088825737083439e-02 8.183305950781956106e-01 5.333002432608392240e+01
8.181052857551400770e-01 -3.812519018190427354e-03 -5.749091130066859012e-01 -2.405485831537480479e+01 -2.473845083662692609e-02 9.988189107303053760e-01 -4.180721563558146420e-02 -3.453271518022593689e+00 5.743893792792160724e-01 4.842769569540676666e-02 8.170448720417765598e-01 5.419939110064608201e+01
8.133984017569071412e-01 -1.731718210787139191e-03 -5.816617223770859102e-01 -2.469318467806640172e+01 -2.310368006382197692e-02 9.991104466058591260e-01 -3.528676881754555517e-02 -3.504898519257490186e+00 5.812055222116280229e-01 4.214006381056643880e-02 8.126349180404324191e-01 5.507854705120863059e+01
8.099532108054975366e-01 3.489683209361210594e-04 -5.864058788533772493e-01 -2.533916017057120840e+01 -2.403119747943903428e-02 9.991797679924740994e-01 -3.259449372519600957e-02 -3.548767172462410358e+00 5.859137695517520061e-01 4.049102653585749667e-02 8.092970992316612655e-01 5.594500661200942915e+01
8.087197900169188491e-01 1.676088668297185660e-03 -5.882687076676538229e-01 -2.597953060956625393e+01 -2.643510754633151758e-02 9.990890289657711199e-01 -3.349640976747562254e-02 -3.601622993094046876e+00 5.876766879521196918e-01 4.263854177600649720e-02 8.080275033248971450e-01 5.681848344567102060e+01
8.044887566500730225e-01 -5.175115732491987735e-04 -5.938821283332036405e-01 -2.663698320565925926e+01 -2.497487956282502461e-02 9.990857253159483031e-01 -3.468582992762887091e-02 -3.648256059506492566e+00 5.933572041228292182e-01 4.273515548460758012e-02 8.037403430919622949e-01 5.768082258072877977e+01
8.003421264423939974e-01 -2.224128818574509954e-03 -5.996477321409741101e-01 -2.729674485570383879e+01 -2.508403351303091153e-02 9.989932010381809002e-01 -3.718312372672741284e-02 -3.706694817920847651e+00 5.991267938926987391e-01 4.479711858843251487e-02 7.994808289067544260e-01 5.854641162221444262e+01
7.963228745030953570e-01 -3.620916358976782393e-03 -6.048233601666677117e-01 -2.796125424695222605e+01 -2.421960187292594366e-02 9.989891985712735512e-01 -3.785919867652976639e-02 -3.747428456094351379e+00 6.043491204509197079e-01 4.479541070948651893e-02 7.954303361549098783e-01 5.940005478772931014e+01
7.921099643390397960e-01 -3.379193172157784943e-03 -6.105052457625159690e-01 -2.863363928088861954e+01 -2.333639746271054874e-02 9.990858912930143942e-01 -3.581066901036489281e-02 -3.802248750133961241e+00 6.100685009102844170e-01 4.260614554551877403e-02 7.913072247359880240e-01 6.026146060060435872e+01
7.881726750398337922e-01 -4.287207840532572707e-03 -6.153607674644481218e-01 -2.931343342001333241e+01 -2.179337728870877136e-02 9.991541421509040344e-01 -3.488187356830682595e-02 -3.862482383942421382e+00 6.149895616307172741e-01 4.091009368841663080e-02 7.874126985906648724e-01 6.111902199823686033e+01
7.824150046370419442e-01 -5.417630550016739287e-03 -6.228454425498171076e-01 -3.000386112988330822e+01 -2.180301028972918276e-02 9.991108024018784395e-01 -3.607513319583669636e-02 -3.918969047512650405e+00 6.224871607904445270e-01 4.180203955093846763e-02 7.816012934287617231e-01 6.197640043388261688e+01
7.772359369108899907e-01 -6.074766296374509676e-03 -6.293015836467857893e-01 -3.071179957791988002e+01 -2.171057667730443355e-02 9.990990624099815864e-01 -3.647406495938676496e-02 -3.970828068948056178e+00 6.289561915433119488e-01 4.201191612261670483e-02 7.764037864228421348e-01 6.282391396676527506e+01
7.723281372037688053e-01 -8.464958063499256058e-03 -6.349883108726345204e-01 -3.141328958042397090e+01 -2.009785697680077296e-02 9.990849778386990954e-01 -3.774808885445378459e-02 -4.027755382737792544e+00 6.347267105248468599e-01 4.191779578762629827e-02 7.714514460384651606e-01 6.366706983984438750e+01
7.663600640664672836e-01 -8.793687987280746424e-03 -6.423684997939481667e-01 -3.213276182014323723e+01 -2.062427352811620554e-02 9.990541205539794634e-01 -3.828570917617171721e-02 -4.081763899223782133e+00 6.420974149983760260e-01 4.259042997923970231e-02 7.654539880251221007e-01 6.451309923354854448e+01
7.603159704016979603e-01 -1.140832002573466918e-02 -6.493909173328245021e-01 -3.285848347093526201e+01 -1.895937366086664078e-02 9.990300385036133823e-01 -3.974973653918792427e-02 -4.135104564964508178e+00 6.492141533499614647e-01 4.253928347491792161e-02 7.593622797642751721e-01 6.534951586824216463e+01
7.547138033477933661e-01 -1.256894245227694121e-02 -6.559701149289064448e-01 -3.360001520814686415e+01 -1.814741958641084493e-02 9.990339566448328545e-01 -4.002686487755225536e-02 -4.196967457189824557e+00 6.558395099786089588e-01 4.211266743459659428e-02 7.537566435985300073e-01 6.618793047543410069e+01
7.476676971797676652e-01 -1.311129380582231642e-02 -6.639544519995802530e-01 -3.435951429467160523e+01 -1.716101980302975685e-02 9.990897299861515313e-01 -3.904600195107391786e-02 -4.240609884311135502e+00 6.638623663358705906e-01 4.058166799539397740e-02 7.467619982262319045e-01 6.701417055908321174e+01
7.421028890648655452e-01 -1.359630345588001832e-02 -6.702401030422060479e-01 -3.511622697975344209e+01 -1.532836937561955944e-02 9.991884876978562868e-01 -3.724368040052437878e-02 -4.298022008659022397e+00 6.702026232381997906e-01 3.791118668907510897e-02 7.412923844524884620e-01 6.784000892823951290e+01
7.348619414941596206e-01 -1.563175393264143800e-02 -6.779649397538157762e-01 -3.588798013767789996e+01 -1.420132113206814747e-02 9.991604201033283950e-01 -3.842266468536940927e-02 -4.360361014379791733e+00 6.779964029111598123e-01 3.786347085446117866e-02 7.340230518966223139e-01 6.866636995851543190e+01
7.282377901987324709e-01 -1.758413187348464163e-02 -6.850772945180946261e-01 -3.667291470571318968e+01 -1.347430474265134612e-02 9.991100209709415925e-01 -3.997277421320048763e-02 -4.420352725054850218e+00 6.851708464015123790e-01 3.833631434136985233e-02 7.273529568242531607e-01 6.948563313510469186e+01
7.244586164865011169e-01 -1.597604114106487144e-02 -6.890833060960122047e-01 -3.747039907242295698e+01 -1.545053814744959224e-02 9.991038200518579382e-01 -3.939305377053994167e-02 -4.473056590625204443e+00 6.890952666172656116e-01 3.918372589057100147e-02 7.235625214999712451e-01 7.030515454195251834e+01
7.173545997436822086e-01 -1.666181373760548118e-02 -6.964057638245821913e-01 -3.827385593496657634e+01 -1.486749275583263731e-02 9.991201800383219256e-01 -3.921009974637495316e-02 -4.535242440351207271e+00 6.964465583340920807e-01 3.847873095320164527e-02 7.164758361008695120e-01 7.110485300408012677e+01
7.133135411400478576e-01 -1.606087464372218596e-02 -7.006487239504639586e-01 -3.908432751801187521e+01 -1.575336885106044457e-02 9.991173094273523292e-01 -3.893222086971118850e-02 -4.592502507525242805e+00 7.006557803515361948e-01 3.880520799479004329e-02 7.124311169962291856e-01 7.191272499533323526e+01
7.077436466115313296e-01 -1.670849804829655644e-02 -7.062634494245417782e-01 -3.991223623058323255e+01 -1.574059769618058741e-02 9.990991005190673624e-01 -3.940403734327932450e-02 -4.651419624972231937e+00 7.062857274545361053e-01 3.900244156205038421e-02 7.068431707237106121e-01 7.273248982531636386e+01
7.036076199488456862e-01 -1.897855713262797117e-02 -7.102140368067357823e-01 -4.074653744757332419e+01 -1.563665177129041489e-02 9.989876831049784300e-01 -4.218430138545257307e-02 -4.713196134970291773e+00 7.102955106579743605e-01 4.078879313942788964e-02 7.025986218500457348e-01 7.354350844563022349e+01
6.990665482382554252e-01 -2.068348659128076139e-02 -7.147264107305435488e-01 -4.157745152190406657e+01 -1.627588568163149119e-02 9.988623307628055059e-01 -4.482033572165553675e-02 -4.776634799813447962e+00 7.148401098735304160e-01 4.296806425308289518e-02 6.979346540189589332e-01 7.434953095814468327e+01
6.927802594023113603e-01 -2.222018534859163466e-02 -7.208940725924289916e-01 -4.243176988276371731e+01 -1.642162788945257870e-02 9.987798678248684947e-01 -4.656571077405816800e-02 -4.844789532332702819e+00 7.210494175272219586e-01 4.409469226995797742e-02 6.915701251341180855e-01 7.514776098449655706e+01
6.885743832724029456e-01 -2.181912538559441575e-02 -7.248339599987027038e-01 -4.329295468111395451e+01 -1.563106424565307434e-02 9.988683477272094491e-01 -4.491772113876557615e-02 -4.904795481736216267e+00 7.249938835801137405e-01 4.225819472242692970e-02 6.874541529649266236e-01 7.594996275543098818e+01
6.837393246406355818e-01 -2.263370318386792590e-02 -7.293851694231833216e-01 -4.415655054537529622e+01 -1.379021783084815288e-02 9.989396560354496524e-01 -4.392040584576213658e-02 -4.970356428343792210e+00 7.296054733838071016e-01 4.009467045619367204e-02 6.827021409593521106e-01 7.674993956805033690e+01
6.776989624611817753e-01 -2.329446142749643997e-02 -7.350010125495897162e-01 -4.503081132629775141e+01 -1.384220973388657246e-02 9.989169085829440187e-01 -4.441417497837798350e-02 -5.044630135425228090e+00 7.352397692543769514e-01 4.027242208826188608e-02 6.766424407043790668e-01 7.754665424078375224e+01
6.741593045465325007e-01 -2.436706022771549518e-02 -7.382165370525961556e-01 -4.590931184028341505e+01 -1.288048867194565086e-02 9.989156264496412696e-01 -4.473418506480326268e-02 -5.107996356653431214e+00 7.385065208817886973e-01 3.966343215898524011e-02 6.731144486959043105e-01 7.833492883630739811e+01
6.680214146763535643e-01 -2.565433011495936097e-02 -7.437688369195569749e-01 -4.679876566253056325e+01 -1.120531357848484309e-02 9.989454058846735096e-01 -4.452285497110958223e-02 -5.170431917099591601e+00 7.441267089654886036e-01 3.807592940770334472e-02 6.670295945772177770e-01 7.913252904750250138e+01
6.654194071204009298e-01 -2.675185256015357935e-02 -7.460130510415146077e-01 -4.770148716109858356e+01 -9.741694988868569022e-03 9.989612507445934098e-01 -4.450216259464115365e-02 -5.235069954843693196e+00 7.464289856831516357e-01 3.687523962845072611e-02 6.644677637086446875e-01 7.992102369851862420e+01
6.617878217702637400e-01 -2.894690005345237557e-02 -7.490840072479011402e-01 -4.860322674342479843e+01 -7.006454203686655717e-03 9.989717596821581225e-01 -4.478589971675694947e-02 -5.301473047610599565e+00 7.496103064895847101e-01 3.488531264341389326e-02 6.609046326817947792e-01 8.070130921390192213e+01
6.574595844680298784e-01 -3.397615548674087771e-02 -7.527200805792140237e-01 -4.951408456449836848e+01 -3.600356238400321922e-03 9.988298334231429099e-01 -4.822615498075746854e-02 -5.373793873675581700e+00 7.534776456771454800e-01 3.442005901995758704e-02 6.565677927449663498e-01 8.148799574580461069e+01
6.518617190329282218e-01 -3.924789562946548460e-02 -7.573995169361228408e-01 -5.042849036265116069e+01 7.629208988183174564e-04 9.986932203178700007e-01 -5.110716928757193939e-02 -5.443887184243856758e+00 7.584153506300064240e-01 3.274103068983717085e-02 6.510397948410966418e-01 8.228421778450440627e+01
6.472178216527242345e-01 -4.339391466536361014e-02 -7.610047809654635342e-01 -5.135541005126887626e+01 7.383136729556251561e-03 9.986885934270396392e-01 -5.065222128530177947e-02 -5.517797097607556545e+00 7.622048450569109956e-01 2.716461727536496895e-02 6.466892694485869564e-01 8.306949888718038721e+01
6.373827431250282949e-01 -4.727824191016287425e-02 -7.690245288876486063e-01 -5.229409542158989410e+01 1.213507137843096093e-02 9.986079573778087193e-01 -5.132959400153384866e-02 -5.597705098786834199e+00 7.703806330832998484e-01 2.338273956563609313e-02 6.370694424910900988e-01 8.384554874484422271e+01
6.302214161880437260e-01 -4.850880094400712716e-02 -7.750524012727606493e-01 -5.324015526488854988e+01 1.564157512443505732e-02 9.986367602565106028e-01 -4.979916756757529761e-02 -5.671282274990458561e+00 7.764120076570063533e-01 1.926033418044972509e-02 6.301215017094374815e-01 8.461759375474770195e+01
6.203481303252631474e-01 -4.741998758920410589e-02 -7.828006205148999586e-01 -5.421099993551705154e+01 1.640165062219813702e-02 9.987371741682088411e-01 -4.749485580286952335e-02 -5.742117025499247518e+00 7.840635316602885263e-01 1.663349475408204547e-02 6.203418448023351184e-01 8.537364428574964847e+01
6.112388687412672050e-01 -4.635564037231068579e-02 -7.900268417331840487e-01 -5.519347923013950208e+01 1.475565317344456132e-02 9.987771301300611970e-01 -4.720152980674768850e-02 -5.825375721655226435e+00 7.912481169582765705e-01 1.719884710881986953e-02 6.111755265879614818e-01 8.612856877145800638e+01
6.025813589247475122e-01 -4.766757193507335788e-02 -7.965825808001980590e-01 -5.618136257898755304e+01 1.400979796826887745e-02 9.986923783627956741e-01 -4.915708802860784682e-02 -5.892061383924096063e+00 7.978846596030267913e-01 1.845513036825490241e-02 6.024615546703122604e-01 8.687256387380215017e+01
5.919958924473723849e-01 -5.048509998086214007e-02 -8.044506059571788770e-01 -5.718083435341954157e+01 1.582962787408615304e-02 9.985717984360767963e-01 -5.103074548023433382e-02 -5.970403445316676105e+00 8.058782277407394723e-01 1.747660530532264486e-02 5.919498376504866988e-01 8.758787210035065129e+01
5.822479762260509562e-01 -5.139448382790323677e-02 -8.113403799351458501e-01 -5.819297679086322006e+01 1.521028924143556088e-02 9.985140789508248904e-01 -5.234190880499027532e-02 -6.041787755512681990e+00 8.128240024836282940e-01 1.814468793635357416e-02 5.821642610844158794e-01 8.831015012009287091e+01
5.713937929847940911e-01 -5.314901839931709254e-02 -8.189882821895221321e-01 -5.922529952841394874e+01 1.896552149318860708e-02 9.984893873397979736e-01 -5.156241480766068919e-02 -6.124570601912371792e+00 8.204919654994191625e-01 1.393007510368782231e-02 5.715386145667655793e-01 8.902410876475394730e+01
5.598014790564428411e-01 -5.340640536671537042e-02 -8.269973381538405777e-01 -6.026344180229466474e+01 2.103586017748878406e-02 9.985151430163163866e-01 -5.023521259312339893e-02 -6.204092144545879428e+00 8.284531623017744595e-01 1.072294970398449641e-02 5.600936076101633576e-01 8.972152047401873176e+01
5.496903776127085584e-01 -5.386934386599471353e-02 -8.336079501424689120e-01 -6.131402478813424040e+01 2.161899225013132197e-02 9.985016138823865628e-01 -5.027754986410445243e-02 -6.282772325437423255e+00 8.350671736405661516e-01 9.616768292731609283e-03 5.500314563045877181e-01 9.040316848662962457e+01
5.413116021076103124e-01 -5.515557239179019050e-02 -8.390268183965393645e-01 -6.237519020253092350e+01 2.108675893174718000e-02 9.984230110057145113e-01 -5.201585389842613288e-02 -6.355214436280482104e+00 8.405731611278167703e-01 1.046353595972366810e-02 5.416206010056328068e-01 9.108357672010978945e+01
5.291258809889759496e-01 -5.623651926924415345e-02 -8.464988884520976420e-01 -6.344976993860505132e+01 2.022280704664793788e-02 9.983538381040634180e-01 -5.367687616808373974e-02 -6.435822055357306226e+00 8.481234892164370986e-01 1.128533878191809690e-02 5.293918739054654932e-01 9.174262102969765920e+01
5.206145673047183342e-01 -5.647004970966446047e-02 -8.518635245894720098e-01 -6.453287211837015036e+01 1.888807361933940096e-02 9.983275178303622210e-01 -5.462949221131734034e-02 -6.521320330992109504e+00 8.535245043366808115e-01 1.234198097723144746e-02 5.208109942792875646e-01 9.239575989077725637e+01
