1.000000000000000000e+00 -3.306050084167601550e-19 -2.270457535318767223e-19 -8.673617379884035472e-19 7.546676715296109287e-19 1.000000000000000000e+00 6.237773588823049983e-19 1.387778780781445676e-17 -3.447385680526250622e-20 4.770700176052009879e-20 1.000000000000000222e+00 5.551115123125782702e-17
9.999355239732641287e-01 -2.234102988324145143e-03 1.112917407299411458e-02 1.554343505181677784e-02 2.221177852383760757e-03 9.999968499868870930e-01 1.173728232241722999e-03 -4.458956910496580939e-03 -1.113176136182176569e-02 -1.148928724949378104e-03 9.999373302863698854e-01 3.011086698920968363e-01
9.998095287811601395e-01 -5.612938675463808626e-03 1.869651918388852072e-02 3.057300206140493165e-02 5.593793667153589000e-03 9.999837558880377841e-01 1.076376577451953640e-03 -8.891137337558419063e-03 -1.870226185186684570e-02 -9.715905195505139796e-04 9.998247091624368199e-01 5.890133464859390600e-01
9.997494251125217390e-01 -7.894276886286881109e-03 2.094833369002587278e-02 3.504360354420418128e-02 7.888217971137152784e-03 9.999688372625304966e-01 3.718669602599112395e-04 -2.013119463942590615e-02 -2.095061928733842754e-02 -2.065700009950093550e-04 9.997805221670318376e-01 8.891575256383725812e-01
9.997744436353223074e-01 -9.090638309623751828e-03 1.919717611880651306e-02 4.234927803205879721e-02 9.115084380539590150e-03 9.999577372336895253e-01 -1.186941128229688320e-03 -2.221717830585784315e-02 -1.918557613634689837e-02 1.361683082217808767e-03 9.998151218539194085e-01 1.196311065281312924e+00
9.998710987142216400e-01 -1.055929178033643452e-02 1.209304326427573795e-02 4.331337747294927709e-02 1.058180291442808833e-02 9.999423688846035274e-01 -1.798887124713749409e-03 -2.389252589744494948e-02 -1.207335239559824240e-02 1.926664414217714406e-03 9.999252256384796311e-01 1.513443966407623797e+00
9.999219684488348525e-01 -1.248041819976285216e-02 5.103847588960948485e-04 3.058787495985527613e-02 1.248222242145821496e-02 9.999151820483644926e-01 -3.702200633030978440e-03 -3.316494030514083313e-02 -4.641345158796272093e-04 3.708281274470537781e-03 9.999930358698359001e-01 1.840248254658254812e+00
9.998158516599492396e-01 -1.139599811140130231e-02 -1.544414013893422380e-02 7.983276794712720198e-03 1.133671406442213377e-02 9.999280735263383901e-01 -3.920685146120672128e-03 -3.863411108283808237e-02 1.548771878657067939e-02 3.744919802178554250e-03 9.998731149710308186e-01 2.165544806414964718e+00
9.993694311834242505e-01 -6.337618811031908023e-03 -3.494201297533246209e-02 -2.912868844776445726e-02 6.213247885972422030e-03 9.999739968243273047e-01 -3.666808365881655402e-03 -4.787457639054990000e-02 3.496435165586859323e-02 3.447422527770575406e-03 9.993828207333984581e-01 2.508482021210280966e+00
9.985333845333294045e-01 -2.315150431889574645e-03 -5.409637312117818869e-02 -7.532088940251742415e-02 2.072224451899733026e-03 9.999875015784945864e-01 -4.546448723215095258e-03 -4.969254299844105827e-02 5.410622794891729870e-02 4.427697288330458870e-03 9.985257037395556257e-01 2.864850523692095585e+00
9.971479119435707750e-01 -1.119647552222623405e-03 -7.544658515566819712e-02 -1.217509710511330973e-01 7.432056027090937168e-04 9.999871574046031997e-01 -5.016317673541780681e-03 -5.335889731771610578e-02 7.545123486871400942e-02 4.945955293621053829e-03 9.971359110099499157e-01 3.226987697971862357e+00
9.954374176545883746e-01 -2.929185618658976427e-03 -9.535230185890705701e-02 -1.780890913126908781e-01 2.499471749816772545e-03 9.999861944350424414e-01 -4.626371502612972725e-03 -5.748255773899321741e-02 9.536454226673077295e-02 4.366942777978800698e-03 9.954309492392574565e-01 3.605632448123786471e+00
9.932090835162926679e-01 -3.904219709564278867e-03 -1.162757346448441143e-01 -2.369490695812409564e-01 3.513239139859668150e-03 9.999874847264047517e-01 -3.567832590172337597e-03 -6.472366710437513215e-02 1.162882162476859826e-01 3.135155973741341178e-03 9.932103540976958689e-01 3.993191602797065531e+00
9.911533324002980150e-01 -3.170404173215579397e-03 -1.326806215883024609e-01 -3.098118798557213949e-01 2.818772740242752716e-03 9.999919982010263553e-01 -2.838098412048710526e-03 -7.224199133553704799e-02 1.326885804301365102e-01 2.439061961041782793e-03 9.911543548768864120e-01 4.387141113262855718e+00
9.886769617505742902e-01 -1.309514762610835062e-03 -1.500621175056945367e-01 -3.868466707706010310e-01 1.045698521327871350e-03 9.999977498641371421e-01 -1.837377623107583607e-03 -7.674848521514396338e-02 1.500641900995280664e-01 1.659608113243362737e-03 9.886761194170881062e-01 4.805130292756611965e+00
9.867661194433055005e-01 -1.024543625446495531e-03 -1.621784996034804083e-01 -4.790846854173613778e-01 7.491819887999533970e-04 9.999981902442327542e-01 -1.759228721280135061e-03 -8.190826571399659195e-02 1.621800293038458685e-01 1.614450836894130081e-03 9.867650887537767757e-01 5.223181977519214314e+00
9.845396052909334283e-01 -2.681861798796880431e-03 -1.751395041505257044e-01 -5.675306830529395219e-01 2.265195634439376698e-03 9.999941276375330368e-01 -2.579023427245233716e-03 -9.007445346187617496e-02 1.751453996960238291e-01 2.142433010172565058e-03 9.845398606880194636e-01 5.659231896743309953e+00
9.829084406585533173e-01 -5.121764062192817740e-03 -1.840246712049364020e-01 -6.576536943328207263e-01 4.422604767524826799e-03 9.999813689165046870e-01 -4.211343557676175409e-03 -1.015223446328876039e-01 1.840428172146497676e-01 3.325562991443372501e-03 9.829128003454439266e-01 6.111965008661403687e+00
9.814632979103428134e-01 -3.626080991337702741e-03 -1.916324957127927830e-01 -7.552215847336475329e-01 2.527245421475444835e-03 9.999789142499463379e-01 -5.979023854264019742e-03 -1.085183242727494890e-01 1.916501454630176737e-01 5.384015278516586338e-03 9.814517506998184926e-01 6.575079869406842192e+00
9.799768724458198799e-01 -3.222534400180425244e-03 -1.990746617789415918e-01 -8.636706967455244355e-01 1.690902736028956953e-03 9.999676506705444945e-01 -7.861507808299883840e-03 -1.115188854373371924e-01 1.990935793036909818e-01 7.367442800497141751e-03 9.799506704604484808e-01 7.051486986311728877e+00
9.784542203062008836e-01 -3.804845724207399187e-03 -2.064325331721435230e-01 -9.768784950392780386e-01 1.770202446090418744e-03 9.999480489047597453e-01 -1.003833628929580273e-02 -1.221968122721557581e-01 2.064600335765564287e-01 9.456268575756387323e-03 9.784101125334244697e-01 7.535887200005605635e+00
9.765955557051783087e-01 -7.311999762858364602e-03 -2.149106260522410383e-01 -1.093748968639947083e+00 4.857049645599256782e-03 9.999168590801335021e-01 -1.194644152685907929e-02 -1.310393455707035137e-01 2.149801376395628905e-01 1.062306252388740997e-02 9.765496427098055987e-01 8.039167351337269452e+00
9.747880810280923347e-01 -1.304054604983651347e-02 -2.227404795492311240e-01 -1.202839694759514355e+00 1.040740136528176332e-02 9.998614376674609394e-01 -1.299086773881647471e-02 -1.473028795641678212e-01 2.228790273028134483e-01 1.034524909226341820e-02 9.747887552111549336e-01 8.556008298764034237e+00
9.733573117822692522e-01 -1.312496057083456513e-02 -2.289100831008563097e-01 -1.329699528999547464e+00 1.005308354306119582e-02 9.998431721215534917e-01 -1.457967234584929897e-02 -1.691834957003599538e-01 2.290655728872256214e-01 1.188958800104191436e-02 9.733365339184431031e-01 9.083384181952618874e+00
9.709455498383889882e-01 -9.892416530206281020e-03 -2.391295980142320032e-01 -1.482051009930927199e+00 5.387059057401514563e-03 9.997955256417411229e-01 -1.949032179814865970e-02 -1.711615138544169690e-01 2.392735647688219447e-01 1.763579257987668569e-02 9.708002982495759214e-01 9.616309896086244535e+00
9.690666192787014133e-01 -7.042638331203565812e-03 -2.466904653733099917e-01 -1.641751057768096933e+00 1.523923757522453347e-03 9.997445053797235914e-01 -2.255737427265487940e-02 -1.888925624324872543e-01 2.467863432120120937e-01 2.148319547386987743e-02 9.688296019078898036e-01 1.016160236305213793e+01
9.666881825386149929e-01 -8.626963971802164427e-03 -2.557531860390083178e-01 -1.800254748489519940e+00 2.377101547006646529e-03 9.996913823454387504e-01 -2.472770379953221839e-02 -2.086263244467012334e-01 2.558875849200976660e-01 2.329601840876427410e-02 9.664102376672162320e-01 1.072368221867709259e+01
9.642975616280313744e-01 -1.084130054797850795e-02 -2.646186367291691321e-01 -1.957212391137883589e+00 4.113387982826103954e-03 9.996543213793098737e-01 -2.596637207926371857e-02 -2.338431324483702944e-01 2.648086671794611102e-01 2.395145040512071041e-02 9.640087512242263568e-01 1.129333811050758563e+01
9.623412860739007924e-01 -1.130474041772607831e-02 -2.715800285587631757e-01 -2.135254701195134164e+00 3.487635080191488213e-03 9.995661662172824480e-01 -2.924589596683166773e-02 -2.559074805053424551e-01 2.717928531493453148e-01 2.719703981934834536e-02 9.619631112158972819e-01 1.188036822563643291e+01
9.600652619538904142e-01 -1.091177511368531493e-02 -2.795769203274673931e-01 -2.320405788788056700e+00 1.930713320884914911e-03 9.994737455320271691e-01 -3.237724687689914199e-02 -2.761710837839358446e-01 2.797831627961319678e-01 3.054450498265021477e-02 9.595810062279193087e-01 1.246851768577996822e+01
9.579539142997270940e-01 -1.209347913940961826e-02 -2.866990491030637633e-01 -2.512052671565210726e+00 1.320665928784476792e-03 9.992866295040290225e-01 -3.773807408781180289e-02 -3.046505132985017905e-01 2.869510026134701741e-01 3.577226895435092757e-02 9.572864551929788357e-01 1.306848862935509992e+01
9.561148292158748729e-01 -1.306595007274941045e-02 -2.927692353459640517e-01 -2.712703142704159465e+00 3.638174582681928600e-05 9.990104757003113178e-01 -4.447722419661665622e-02 -3.414482071522488282e-01 2.930606116178248177e-01 4.251554748224924823e-02 9.551690490457586113e-01 1.368564682983955016e+01
9.548648842993252561e-01 -1.332686302929021738e-02 -2.967387355052580888e-01 -2.913306879708025043e+00 -2.537174170163959859e-03 9.985907409149343827e-01 -5.301657586299710762e-02 -3.743898707414433646e-01 2.970270061358553093e-01 5.137693074680169808e-02 9.534852522233322469e-01 1.431056915415217468e+01
9.538593449650685230e-01 -1.300259413102811124e-02 -2.999155458030069443e-01 -3.129566327881083243e+00 -5.738307468130039724e-03 9.980899663943609834e-01 -6.150925361807890041e-02 -4.173790493066478757e-01 3.001424520517594896e-01 6.039227753017540473e-02 9.519628752631902335e-01 1.494327047026135169e+01
9.520872557745884146e-01 -1.274235612815912549e-02 -3.054946141700582984e-01 -3.348139387533481948e+00 -9.044471437766930452e-03 9.975214564972428866e-01 -6.980086786787172148e-02 -4.597158600662642480e-01 3.056265429827775271e-01 6.922069314394831141e-02 9.496120523651625511e-01 1.559937592022725816e+01
9.510088774764882125e-01 -1.233019993039950919e-02 -3.088803248538481983e-01 -3.571810021542135338e+00 -1.214817972340510518e-02 9.969423027958227435e-01 -7.718597195760673602e-02 -5.151289508347109969e-01 3.088876391780285280e-01 7.715673803805761510e-02 9.479513937900369003e-01 1.625529404767905106e+01
9.493376168464647824e-01 -1.106233902596345971e-02 -3.139828096623272224e-01 -3.815824100178224043e+00 -1.591545860671803383e-02 9.964052772743201558e-01 -8.322407751038742030e-02 -5.751087365800623408e-01 3.137743670999610379e-01 8.400704702107955613e-02 9.457490554374733405e-01 1.691845854466169641e+01
9.480673523210275677e-01 -9.982657022854012768e-03 -3.179241659633181838e-01 -4.054401879978144940e+00 -1.928705688883042280e-02 9.958637954483954280e-01 -8.878133365820008172e-02 -6.391144201167222594e-01 3.174951679463223209e-01 9.030355548126270393e-02 9.439535286870286424e-01 1.760000592234524319e+01
9.462372180490248308e-01 -6.230530308326322556e-03 -3.233578098190301731e-01 -4.309967438047932475e+00 -2.577915754695737222e-02 9.951818564540461098e-01 -9.457747408964570224e-02 -7.122747189284630576e-01 3.223887031328173114e-01 9.782996808547181344e-02 9.415175223673516447e-01 1.828574021806439731e+01
9.450008961499325455e-01 -5.087535368878156120e-03 -3.270375511222300413e-01 -4.576890048920219556e+00 -2.866902529326514903e-02 9.947417513893884733e-01 -9.832815850934691071e-02 -7.855782261130849209e-01 3.258174462115493997e-01 1.022989780567956641e-01 9.398862491739362612e-01 1.898710988567940561e+01
9.427734908827865024e-01 -4.322466004970514086e-03 -3.333668195600951734e-01 -4.836824784323926707e+00 -3.081120772219724663e-02 9.945085104749010751e-01 -1.000210793224452360e-01 -8.590526640299492867e-01 3.319689854061708689e-01 1.045676694634244813e-01 9.374629503673186370e-01 1.970052705587200492e+01
9.409284748045213531e-01 -2.914630170386483653e-03 -3.386672468348720932e-01 -5.110513007654450490e+00 -3.236318713675880032e-02 9.946110589807306557e-01 -9.850231251708188585e-02 -9.434377894008973975e-01 3.371300890118631433e-01 1.036405021967324175e-01 9.357634285179100564e-01 2.041994625771080507e+01
9.386674283276007502e-01 -4.627095571592494162e-03 -3.447944909634014787e-01 -5.391199512711599695e+00 -3.079523856276728672e-02 9.947895758333826777e-01 -9.718863656473106238e-02 -1.029199500259277089e+00 3.434476636592718179e-01 1.018459203066088975e-01 9.336340555237702121e-01 2.114500261513943258e+01
9.362423578613200403e-01 -3.200609110424757972e-03 -3.513136358258778791e-01 -5.672345788837234615e+00 -3.205373672694669662e-02 9.950105842284595603e-01 -9.450215508965162381e-02 -1.106022270761438664e+00 3.498635488551769535e-01 9.973830214028490959e-02 9.314683818772006019e-01 2.187911175547526454e+01
9.340044281188077946e-01 -2.280883284054233302e-03 -3.572250269064380368e-01 -5.965843159672392204e+00 -3.230479405603405713e-02 9.953438480527364574e-01 -9.078891074025696728e-02 -1.190097010914370479e+00 3.557688825816984202e-01 9.633644202580314564e-02 9.295818943644973409e-01 2.261595185044312473e+01
9.293047684224300387e-01 -4.004056478360662041e-04 -3.693261607749590003e-01 -6.287688802522823472e+00 -3.380573993227643098e-02 9.957088256593050746e-01 -8.615040434369139466e-02 -1.263595339205914048e+00 3.677758921058752462e-01 9.254543743014234658e-02 9.253035264703282081e-01 2.338204132265425983e+01
9.264617117590077111e-01 2.547041462567193205e-03 -3.763557442914368112e-01 -6.609851421912702918e+00 -3.528888167308365936e-02 9.961601982197473282e-01 -8.012362057676418459e-02 -1.343923780541006474e+00 3.747067193781603578e-01 8.751268437940626366e-02 9.229940730305835617e-01 2.412872388008677405e+01
9.228877494091103362e-01 4.656874859701955541e-03 -3.849457239207999537e-01 -6.945590984904686849e+00 -3.700185263402325925e-02 9.963723325024448352e-01 -7.664018340105999139e-02 -1.413617924552391658e+00 3.831925194952823244e-01 8.497544929376076028e-02 9.197118905539602984e-01 2.488716360512001557e+01
9.194328137824542280e-01 5.704666168497100551e-03 -3.932583881631740996e-01 -7.288193721007142578e+00 -3.824670829476103234e-02 9.964516449347611271e-01 -7.498111552320327333e-02 -1.488887185035168592e+00 3.914355700304185115e-01 8.397925432031885795e-02 9.163885477219940734e-01 2.564699938188751460e+01
9.155257937703036308e-01 7.619385773502284145e-03 -4.021322514604159237e-01 -7.641075048085220089e+00 -4.074036688898081265e-02 9.964359798309863070e-01 -7.386636668322986432e-02 -1.562563661248501878e+00 4.001362989423286054e-01 8.401117637722441134e-02 9.125731790392438425e-01 2.642602872383233858e+01
9.118964137580856111e-01 7.159549263166911301e-03 -4.104098664468552871e-01 -8.001909474803513334e+00 -4.030679775761633610e-02 9.965766504195878728e-01 -7.219387705996974103e-02 -1.628220478795198600e+00 4.084880603116240461e-01 8.237621898914315732e-02 9.090633494919128088e-01 2.719689302603808301e+01
9.076469707528942443e-01 7.676667850289973713e-03 -4.196645125028962697e-01 -8.374560166217193569e+00 -4.079431266541845569e-02 9.967127482074856770e-01 -6.998903717766855048e-02 -1.700906176790023761e+00 4.177479230197504445e-01 8.064307527043747259e-02 9.049763472856531266e-01 2.798177609258852527e+01
9.038922527943228369e-01 8.071461442362417790e-03 -4.277734501519200316e-01 -8.764025919080941307e+00 -4.090447277809007576e-02 9.968710754928605811e-01 -6.763527433312978288e-02 -1.768939925116590484e+00 4.258892416188169716e-01 7.863047545498426383e-02 9.013943121699702354e-01 2.877546702018371860e+01
9.006976987172730098e-01 7.813793839837596469e-03 -4.343639275659254007e-01 -9.160925212361759051e+00 -3.919778868497276331e-02 9.972220017162048977e-01 -6.334446792451105257e-02 -1.830291308405003203e+00 4.326621444859222732e-01 7.408248482220701481e-02 8.985018274290713647e-01 2.957422497619071322e+01
8.969136568977461588e-01 9.522418986521554926e-03 -4.420108928443672869e-01 -9.570640179188220742e+00 -3.918432594932694246e-02 9.975468401905491778e-01 -5.799253549440130939e-02 -1.890832226766216095e+00 4.403741477123528925e-01 6.933509692616182662e-02 8.950864098597944851e-01 3.039182114364101395e+01
8.935383020514593433e-01 7.209286943249371485e-03 -4.488475748946333943e-01 -9.986753810544746202e+00 -3.515408278137661935e-02 9.979251591065857463e-01 -5.394435577554499567e-02 -1.959664753973568541e+00 4.475276277606280995e-01 6.397979166087879033e-02 8.919375512626094293e-01 3.118998652569476349e+01
8.897894467517232231e-01 8.149680562797696759e-03 -4.562496601159364840e-01 -1.041804408757638889e+01 -3.545667374915440623e-02 9.980529910536295457e-01 -5.131643893236369908e-02 -2.018330624899397741e+00 4.549430857858819954e-01 6.183942315517497457e-02 8.883459357603211703e-01 3.201672514608959119e+01
8.870880872341436740e-01 8.378597391675061956e-03 -4.614456378903178391e-01 -1.085924099993774306e+01 -3.525818644455918499e-02 9.981440784458373017e-01 -4.964470351357282152e-02 -2.074420012539460956e+00 4.601727603142277689e-01 6.031512952211924572e-02 8.857374636077391949e-01 3.284333767418568328e+01
8.839907650766128944e-01 9.208023458657604160e-03 -4.674137050959125683e-01 -1.131258464534269592e+01 -3.562085304347360065e-02 9.982262790365163951e-01 -4.769816365562029592e-02 -2.124164253903604305e+00 4.661453961032003268e-01 5.881419100332380134e-02 8.827509934921565771e-01 3.367985760201671752e+01
8.808340472881525107e-01 7.956918839381002528e-03 -4.732746597633032404e-01 -1.178050026541292006e+01 -3.390784518969496703e-02 9.983512782364152294e-01 -4.631970821292142465e-02 -2.176282635767235796e+00 4.721257353073141649e-01 5.685120640941850045e-02 8.796516591098321181e-01 3.453420961561394620e+01
8.785870297590471223e-01 6.433633792224918713e-03 -4.775571765221539033e-01 -1.225378100030180484e+01 -3.264957965077660423e-02 9.983792583757312711e-01 -4.662568428056165087e-02 -2.231240983844956727e+00 4.764834895083380206e-01 5.655480744624579587e-02 8.773729896095149305e-01 3.538831426684996018e+01
8.768444504397453487e-01 5.757234777892593185e-03 -4.806816535339557550e-01 -1.273530376789191187e+01 -3.238190935243666357e-02 9.983649559485159308e-01 -4.711182755875325395e-02 -2.287595648640706969e+00 4.796244511034039593e-01 5.687754644583543212e-02 8.755971040601948641e-01 3.625114681051640986e+01
8.756285399069423381e-01 5.781442978769993357e-03 -4.828901380782543717e-01 -1.323475342627299511e+01 -3.256544250812274527e-02 9.983596625192369123e-01 -4.709260086052998590e-02 -2.339876925640050676e+00 4.818256867331199844e-01 5.696362014995685896e-02 8.743804184463187523e-01 3.711804194830075687e+01
8.751141305231409095e-01 7.585450491288207690e-03 -4.838210990317096671e-01 -1.373756703090994868e+01 -3.407593008073810104e-02 9.983610856087472563e-01 -4.598177122484426588e-02 -2.389815564177835139e+00 4.826792502847900290e-01 5.672885278012627236e-02 8.739384787266631927e-01 3.800409275711276536e+01
8.746350124192604492e-01 7.761239883597349440e-03 -4.848241771016980617e-01 -1.424841812208768133e+01 -3.357375675682620908e-02 9.984411167225214490e-01 -4.460103169439388893e-02 -2.447108389441112752e+00 4.837226362159068316e-01 5.528179049636718079e-02 8.735317705240509545e-01 3.890184536331117471e+01
8.741755485196526232e-01 6.571973290287200578e-03 -4.855924657948886836e-01 -1.476480500927856809e+01 -3.190951790904853619e-02 9.985247129166603397e-01 -4.394123806163904161e-02 -2.504072625601262203e+00 4.845873234809778274e-01 5.390900202783648759e-02 8.730957633630342940e-01 3.981362459295403511e+01
8.749513953641897546e-01 3.895893077712878766e-03 -4.841386591226365388e-01 -1.527954697221705693e+01 -2.917887165338241967e-02 9.985745300270787439e-01 -4.469583733710816992e-02 -2.561530548136218499e+00 4.832743332617090992e-01 5.323640550579684244e-02 8.738179724282508776e-01 4.070947554062959028e+01
8.723826240200778237e-01 3.326238483389792628e-03 -4.886783370824963613e-01 -1.581111914924636785e+01 -2.887818840051806918e-02 9.985809992847511918e-01 -4.474807719834043851e-02 -2.620452394190320611e+00 4.878359549108000071e-01 5.315418193101250494e-02 8.712408640189323039e-01 4.163770525812972068e+01
8.714268165309714265e-01 2.222639570076188290e-03 -4.904915229353777328e-01 -1.634046536824226337e+01 -2.657175335615021006e-02 9.987353196491938201e-01 -4.268621007448229754e-02 -2.675797014693338749e+00 4.897762256023099336e-01 5.023440086047305936e-02 8.703839115073656041e-01 4.257680802274022369e+01
8.697098739393961386e-01 2.648975578281519052e-03 -4.935957656774442315e-01 -1.688221842036465858e+01 -2.517675984109795859e-02 9.989218645293135301e-01 -3.900070412526421976e-02 -2.731096156010625720e+00 4.929603046804013067e-01 4.634568267124347662e-02 8.688389479669901272e-01 4.351278251100990957e+01
8.663591481783081694e-01 2.434077123671061441e-03 -4.993827587601404883e-01 -1.742605141823561965e+01 -2.279395039008397586e-02 9.991387270826300737e-01 -3.467334443454549858e-02 -2.794338870838308342e+00 4.988682331835887496e-01 4.142557542867920245e-02 8.656685471061579262e-01 4.442856474792782251e+01
8.634626937684787285e-01 1.694660304366219688e-03 -5.045440197394994719e-01 -1.796617114822777239e+01 -2.114246451357273612e-02 9.992371639845372133e-01 -3.282640622914268641e-02 -2.841293344937002807e+00 5.041036360160293661e-01 3.900732753431507965e-02 8.628398265426385771e-01 4.535318210353997870e+01
8.572825642386737721e-01 -5.308125506979918459e-04 -5.150285031564288962e-01 -1.852711969290356464e+01 -1.993726733324088438e-02 9.992152375608186476e-01 -3.422047814144338340e-02 -2.891344930460955087e+00 5.146427569680190883e-01 3.959864494425983233e-02 8.565992340853649800e-01 4.627051015438323844e+01
8.518852518243132943e-01 -3.616328435362910036e-03 -5.236013649104717116e-01 -1.909231928400780021e+01 -1.885112564294112378e-02 9.991165645919313221e-01 -3.756850664989691557e-02 -2.953055970619509196e+00 5.232743188141691926e-01 4.187933952020302109e-02 8.510644858832552284e-01 4.717748815170322985e+01
8.454430755017745547e-01 -3.464375743283188477e-03 -5.341401313611732204e-01 -1.967753656359326442e+01 -1.918816626955903437e-02 9.991363800760189040e-01 -3.685676972996175527e-02 -3.004265681691018486e+00 5.338067998459078423e-01 4.140698056180965730e-02 8.446462180977439838e-01 4.809132539645254667e+01
8.394250358979858939e-01 -2.773766736273927127e-04 -5.434435734091261905e-01 -2.028231055701757768e+01 -2.020487763535007419e-02 9.992926843473618481e-01 -3.170585237721567501e-02 -3.047412975511997857e+00 5.430679663268550561e-01 3.759465892706370660e-02 8.388255622635025777e-01 4.899547240542665349e+01
8.353942754901244605e-01 2.336305236184027089e-03 -5.497307523517284134e-01 -2.088826247254275259e+01 -2.088025611004832097e-02 9.994042085553805910e-01 -2.748109059268727394e-02 -3.102870818878789017e+00 5.493391524548049132e-01 3.443269488557576530e-02 8.349451730666167526e-01 4.988972081077291421e+01
8.305794138194876330e-01 3.558799947705802366e-03 -5.569907765632836627e-01 -2.149686095516106121e+01 -2.305282396703112538e-02 9.993422177896731373e-01 -2.798882896663461642e-02 -3.148634762934543474e+00 5.565247511974090733e-01 3.608534320498366782e-02 8.301151110780649045e-01 5.077699852210926679e+01
8.277076803266592009e-01 1.347351179197823785e-03 -5.611635796377264507e-01 -2.210744060003411349e+01 -2.401797778343948975e-02 9.991657890455815094e-01 -3.301897418366366715e-02 -3.191723197474356510e+00 5.606510466796981174e-01 4.080770020764432765e-02 8.270494460864384889e-01 5.166265668001441469e+01
8.253804284138490654e-01 -8.551742740494379770e-04 -5.645929485585557961e-01 -2.272374704180304406e+01 -2.596955326002524031e-02 9.988829372415826136e-01 -3.948393926223064260e-02 -3.252162942895883369e+00 5.639960850243597168e-01 4.725171581315087965e-02 8.244362159676457136e-01 5.253919059902582944e+01
8.218887121881420788e-01 -7.287196326994401082e-04 -5.696122806593182375e-01 -2.334954419281650217e+01 -2.708128184132168118e-02 9.988183980339966350e-01 -4.036210518782307882e-02 -3.307572378332397811e+00 5.689683483389434970e-01 4.860611126396108955e-02 8.208979093472583699e-01 5.341212355655054012e+01
8.186929518762936508e-01 8.699778976261738522e-05 -5.743618238844185875e-01 -2.397036086814096478e+01 -2.592424919435492442e-02 9.989861425282873242e-01 -3.679905457987362599e-02 -3.364274402824004362e+00 5.737763618008860922e-01 4.501085415576749904e-02 8.178650268608306240e-01 5.429705948554948947e+01
8.156122588355249059e-01 2.197087177883442263e-03 -5.786766300907838501e-01 -2.460733948703918017e+01 -2.518992385119177280e-02 9.991795446397347957e-01 -3.170285762929854478e-02 -3.411998242174037355e+00 5.781320432791965391e-01 4.043101905322734474e-02 8.149985026160492252e-01 5.517687390356039856e+01
8.125038209575372594e-01 3.476608003939264235e-03 -5.829943332131797273e-01 -2.525162363662577647e+01 -2.440502666262985704e-02 9.993084882732764518e-01 -2.804931382912667984e-02 -3.466583406217540908e+00 5.824936876743022074e-01 3.701514105319548414e-02 8.120267711028961166e-01 5.605106847642767320e+01
8.099265423061571267e-01 5.180956584670562415e-03 -5.864690201043724072e-01 -2.589316905544590952e+01 -2.679683512456211558e-02 9.992437589539404641e-01 -2.817797756253070940e-02 -3.510726961662689938e+00 5.858793706931133549e-01 3.854111852309092395e-02 8.094528362139624678e-01 5.692046319136178312e+01
8.055489088816668586e-01 3.189961442602058141e-03 -5.924243133540422201e-01 -2.654801652009034640e+01 -2.602577551300327974e-02 9.992109753173930020e-01 -2.999911731153411323e-02 -3.554326117496769299e+00 5.918609985191344292e-01 3.958585202306758727e-02 8.049964067135685353e-01 5.778650508511277906e+01
8.014149563721199021e-01 1.589024225098370144e-03 -5.980047714699850969e-01 -2.720082516785743820e+01 -2.620898246799972797e-02 9.991292969072850250e-01 -3.245325337832095924e-02 -3.607537329991016062e+00 5.974321353002436386e-01 4.168515086330061570e-02 8.007589665158224568e-01 5.864922010949867115e+01
7.981864972988179652e-01 8.921380427108591572e-04 -6.024306151699183598e-01 -2.785996701469750647e+01 -2.521979067320245099e-02 9.991716706290743044e-01 -3.192588906413884597e-02 -3.653827080459616905e+00 6.019030269784546583e-01 4.067579686713007625e-02 7.975478641575265426e-01 5.951255856001333910e+01
7.936834259009069026e-01 4.399903893837012474e-04 -6.083379651961393630e-01 -2.853622226818522023e+01 -2.437361166103578503e-02 9.992198751575676052e-01 -3.107527223139510200e-02 -3.702825550643056296e+00 6.078497964840856582e-01 3.948766870698712517e-02 7.930747897046176442e-01 6.037859420876149130e+01
7.884848442658337619e-01 -1.098139396615042875e-04 -6.150664306068307496e-01 -2.921640491013996055e+01 -2.389243557621388916e-02 9.992396574295474565e-01 -3.080968737411832539e-02 -3.750739896372408122e+00 6.146021419980413070e-01 3.898987769394043207e-02 7.878827385046618392e-01 6.123931870957216006e+01
7.837009667969639937e-01 -6.418292207762562283e-04 -6.210433603636567046e-01 -2.990722521539747447e+01 -2.383201855043500308e-02 9.992320075902626497e-01 -3.110087039582788357e-02 -3.803125727438478876e+00 6.205863524118802044e-01 3.917570826302035208e-02 7.830838188638112873e-01 6.209626667567381730e+01
7.790278446619778308e-01 -2.043284861848609652e-03 -6.269366415619155308e-01 -3.061282623402464154e+01 -2.301987149955829481e-02 9.992272223140078458e-01 -3.186242434094799930e-02 -3.853087242164276116e+00 6.265170157718424893e-01 3.925942838927386214e-02 7.783788823037997018e-01 6.295054198872964690e+01
7.736425803970622406e-01 -2.446499448559113447e-03 -6.336152243970167852e-01 -3.131138298033918943e+01 -2.357453831299934771e-02 9.991889307191488268e-01 -3.265405316769551258e-02 -3.900275598087316276e+00 6.331814170867213765e-01 4.020015509504695078e-02 7.729574922559814265e-01 6.379808399631796334e+01
7.670350047981735475e-01 -4.615348521619563535e-03 -6.417525920399937966e-01 -3.203539212901903710e+01 -2.244614355053188570e-02 9.991689004584873857e-01 -3.402324875458748177e-02 -3.954860601758427574e+00 6.413766040162325321e-01 4.049749754619935693e-02 7.662939775863568670e-01 6.463995130281148249e+01
7.620177273118809991e-01 -6.851799460211703378e-03 -6.476355746242886680e-01 -3.276082452076583706e+01 -2.109904408053814295e-02 9.991503522538645043e-01 -3.538887209403165923e-02 -4.006870137451899794e+00 6.473280994588433979e-01 4.062512595722164721e-02 7.612256834995929644e-01 6.548356158241696789e+01
7.547368252129369459e-01 -7.258906814289034504e-03 -6.559012644518924517e-01 -3.350436809989670195e+01 -2.038310398150012040e-02 9.991964342066608218e-01 -3.450514803789278551e-02 -4.056622849077624160e+00 6.556246119464662625e-01 3.941380234275906197e-02 7.539824162205084335e-01 6.632316185130582653e+01
7.492488657499523086e-01 -8.019848492396335071e-03 -6.622217190081861604e-01 -3.425036581195431040e+01 -1.917093349771004790e-02 9.992450501939131868e-01 -3.379257103935240369e-02 -4.111391217956249733e+00 6.619927221947945473e-01 3.801629401902299060e-02 7.485295473053413806e-01 6.716036957702664267e+01
7.447522420872428883e-01 -8.394375417943295350e-03 -6.673770302271454513e-01 -3.500626447951962916e+01 -1.762815388349956922e-02 9.993245081285965226e-01 -3.225674009517975199e-02 -4.161580602712850130e+00 6.671971400543871278e-01 3.578726002854096255e-02 7.441011453301205059e-01 6.798760744575784543e+01
7.364966340748591023e-01 -9.845206221597624374e-03 -6.764662409241565255e-01 -3.577604779522179967e+01 -1.664747592428619805e-02 9.993274227556193656e-01 -3.266707846955189953e-02 -4.214425290095930698e+00 6.763329776342535959e-01 3.531932602231718787e-02 7.358374512528653710e-01 6.881709429603058936e+01
7.304337993263756434e-01 -1.141719543771253266e-02 -6.829167976259989947e-01 -3.656020622506201789e+01 -1.628004159950829921e-02 9.992850965287791709e-01 -3.411749280920193389e-02 -4.269991300980204407e+00 6.828181615898791801e-01 3.603920056193712224e-02 7.297258654210906359e-01 6.963610000041809656e+01
7.248531469233755464e-01 -1.131626572430974136e-02 -6.888464655780368595e-01 -3.735061869685729619e+01 -1.759463179143952102e-02 9.992348298281118479e-01 -3.493276268926324285e-02 -4.320183543845853791e+00 6.887146804790298393e-01 3.744181262971111451e-02 7.240994936846091301e-01 7.045680125852274500e+01
7.194106581936305922e-01 -1.085438993219031527e-02 -6.944903171893479499e-01 -3.815298209233132809e+01 -1.701684509182211508e-02 9.993023473163341608e-01 -3.324457050634879035e-02 -4.367725237648365955e+00 6.943667222589215982e-01 3.573376115103919087e-02 7.187240519851527676e-01 7.127881100680887982e+01
7.153784102989817484e-01 -1.050587906024799678e-02 -6.987169276631698400e-01 -3.896238118492034630e+01 -1.792413550262767982e-02 9.992820054462842050e-01 -3.337913499159231301e-02 -4.424348468570487469e+00 6.985662188999911537e-01 3.639937312603478553e-02 7.146764301295206456e-01 7.209745634413857829e+01
7.096479619061992761e-01 -1.122542835198554224e-02 -7.044819178440049345e-01 -3.978785586949425124e+01 -1.789525529841644313e-02 9.992633592737503179e-01 -3.395497049665030520e-02 -4.478878172629787713e+00 7.043442295384052532e-01 3.670205864403806167e-02 7.089243912529117342e-01 7.290988371675494761e+01
7.042118334223476106e-01 -1.307651038931501204e-02 -7.097990142106820333e-01 -4.061887337391389252e+01 -1.849957059901169085e-02 9.991529503302182258e-01 -3.676397096783529106e-02 -4.535289879715655559e+00 7.096782939471123486e-01 3.902615867653445869e-02 7.033734974974344967e-01 7.371493821116160916e+01
7.000562259646588847e-01 -1.481033735736299664e-02 -7.138622370324635424e-01 -4.144750195842517115e+01 -1.907863270642637735e-02 9.990400680012961887e-01 -3.942860941411366338e-02 -4.591542346344174241e+00 7.137608832777140311e-01 4.122400890270091350e-02 6.991017741759825155e-01 7.451967660798410975e+01
6.957022645690850160e-01 -1.544049939183873670e-02 -7.181975045435490257e-01 -4.230095516096346842e+01 -1.884764778224412574e-02 9.990323998876223799e-01 -3.973756569581769066e-02 -4.650357321160458746e+00 7.181164532794058752e-01 4.117759472873511184e-02 6.947381777597846364e-01 7.532732697191958948e+01
6.888202285094825461e-01 -1.579850124602032863e-02 -7.246498286259589472e-01 -4.315890604607069747e+01 -1.784337233965692382e-02 9.990901334407431555e-01 -3.873828118268454052e-02 -4.710763552366008078e+00 7.246023592323819207e-01 3.961484652220387953e-02 6.879117053105165969e-01 7.613281268601295437e+01
6.857436073327241033e-01 -1.623327186121346910e-02 -7.276398015699186983e-01 -4.401782849413734766e+01 -1.670132583887908723e-02 9.991371410228850891e-01 -3.802606700307203935e-02 -4.766067619362733154e+00 7.276291242207739707e-01 3.822802716503743287e-02 6.848808378336608271e-01 7.693129122566870137e+01
6.797334183080656622e-01 -1.604471234617886599e-02 -7.333543756638433164e-01 -4.489393493379839839e+01 -1.666612249823651998e-02 9.991647207267255748e-01 -3.730628107697748358e-02 -4.830390443603571171e+00 7.333408143326930473e-01 3.757167955928850805e-02 6.788982915529775397e-01 7.772729675821740614e+01
6.765914879978532914e-01 -1.717268946775747651e-02 -7.361808149881463592e-01 -4.576836351493101773e+01 -1.578140160239658793e-02 9.991602486959281215e-01 -3.780731154831277335e-02 -4.886598142271316725e+00 7.362120629512189929e-01 3.719574672312473546e-02 6.757522911496941509e-01 7.852699899240960235e+01
6.716724425104886320e-01 -1.837414433438759598e-02 -7.404973866997711651e-01 -4.666163209583130111e+01 -1.450291369397589680e-02 9.991747180079710855e-01 -3.794175701937305134e-02 -4.946037732648948193e+00 7.405833669663628438e-01 3.622576854139443470e-02 6.708516648408850980e-01 7.932065174689448384e+01
6.669063993774881904e-01 -2.001017287962638183e-02 -7.447464424026322138e-01 -4.756102624733536288e+01 -1.187905719950937793e-02 9.992268699501211104e-01 -3.748458478776675595e-02 -5.007523184552884921e+00 7.449203209208554721e-01 3.385368212612047123e-02 6.661530289473848176e-01 8.011155734960870234e+01
6.646839549152385729e-01 -2.266811308055707505e-02 -7.466959246643815051e-01 -4.845712814381165856e+01 -9.191496477753862901e-03 9.992157807502821676e-01 -3.851007785666990535e-02 -5.066480388102911014e+00 7.469832566927190332e-01 3.246500835161065385e-02 6.639542420146860024e-01 8.090387189557159786e+01
6.594047241857364794e-01 -2.715111284595598390e-02 -7.513257566213752403e-01 -4.936381452691688310e+01 -6.456035081521756085e-03 9.991064052367355508e-01 -4.176671167321856920e-02 -5.127723667578478306e+00 7.517880371467718925e-01 3.239876744683194837e-02 6.586399402186414731e-01 8.169889054521705418e+01
6.534604739651161953e-01 -3.159916713582348186e-02 -7.562320584438525506e-01 -5.027671317570468545e+01 -2.101739836951664261e-03 9.990488264825390097e-01 -4.354342083707496425e-02 -5.190840583977965217e+00 7.568887978173783893e-01 3.004622971817212315e-02 6.527722194421765600e-01 8.249157805462444060e+01
6.496472592240335464e-01 -3.687465640775153958e-02 -7.592897341100132147e-01 -5.120299804076321237e+01 5.128929707211731838e-03 9.990128227636072555e-01 -4.411794664143481315e-02 -5.258542601724389698e+00 7.601673170887148778e-01 2.476416834756113919e-02 6.491949971864011681e-01 8.328279540165605965e+01
6.399088103109388248e-01 -3.937845135095409399e-02 -7.673807995116047609e-01 -5.214057873404809840e+01 9.392025665520477296e-03 9.990124204582948586e-01 -4.343601608216431792e-02 -5.332249674755413338e+00 7.683329669248319949e-01 2.059276126410355262e-02 6.396466198205184028e-01 8.405668231145277502e+01
6.311077470085526553e-01 -4.088522423238911269e-02 -7.746218126307051755e-01 -5.307678457615054413e+01 1.252466963034983699e-02 9.990169284721974741e-01 -4.252463463450599501e-02 -5.401375080089899861e+00 7.755991035754207230e-01 1.713713272081857433e-02 6.309992201643916943e-01 8.483070533026409521e+01
6.220786250464312994e-01 -4.000562384089238754e-02 -7.818998135088754964e-01 -5.404348810192545471e+01 1.391901596743762119e-02 9.991009778065824687e-01 -4.004889452230520064e-02 -5.458938952552299106e+00 7.827988563411851786e-01 1.403287312406677721e-02 6.220761315906512268e-01 8.559661951817759018e+01
6.131685250086473804e-01 -3.907591716901580997e-02 -7.889886375892539716e-01 -5.503069938033053887e+01 1.366675794403467321e-02 9.991509374847933334e-01 -3.886456726593445071e-02 -5.527931737522869149e+00 7.898377034412156217e-01 1.304613808500306414e-02 6.131820152249127798e-01 8.635062538277099975e+01
6.039072514573163852e-01 -4.009676053431387305e-02 -7.960686180153405678e-01 -5.601402585641235987e+01 1.199105194172473722e-02 9.990776718058247408e-01 -4.122279901295215071e-02 -5.587056938684807683e+00 7.969878183887285639e-01 1.534362121152263968e-02 6.038311539692202690e-01 8.708746503673577877e+01
5.939966305676844804e-01 -4.303758320360030754e-02 -8.033080362360540683e-01 -5.701373527641573702e+01 1.406642239398744713e-02 9.989706700532571260e-01 -4.312968894793034469e-02 -5.657648832377678794e+00 8.043373870891410427e-01 1.431748172219519596e-02 5.939908931580502038e-01 8.781182968598521654e+01
5.849344819682444907e-01 -4.425223640738435577e-02 -8.098627172686155840e-01 -5.802987960587480387e+01 1.375796132153637476e-02 9.989081543856549450e-01 -4.465032815904568242e-02 -5.721281788504366084e+00 8.109541356795040290e-01 1.497901865499534635e-02 5.849045503068673879e-01 8.853828861250582349e+01
5.745985950246166318e-01 -4.541502623467270211e-02 -8.171975763721697206e-01 -5.905275237040797975e+01 1.746049854533976778e-02 9.989122428709974466e-01 -4.324137500810210782e-02 -5.800526857828598004e+00 8.182724295219835353e-01 1.058106363557223366e-02 5.747663852145848962e-01 8.925511938924471167e+01
5.643948402504143091e-01 -4.569910404396734793e-02 -8.242733249014867480e-01 -6.008679615323228518e+01 2.010159141425433768e-02 9.989313818117862009e-01 -4.161518815432241336e-02 -5.863777692555496301e+00 8.252942689277424915e-01 6.920164245695311668e-03 5.647102769612372120e-01 8.995868438413656065e+01
5.534299561361090136e-01 -4.596666353054173343e-02 -8.316651337955750511e-01 -6.114120998080386471e+01 2.011038491458858740e-02 9.989219134096734010e-01 -4.183855215699725655e-02 -5.929630073507003551e+00 8.326920606280465709e-01 6.422120562972517474e-03 5.537584648505801121e-01 9.065212368864798975e+01
5.427793412191924682e-01 -4.716742573987994097e-02 -8.385019447276036431e-01 -6.220410822137021256e+01 1.940345248887603152e-02 9.988594926811126262e-01 -4.362293351788486262e-02 -6.005755131250644752e+00 8.396034319322819295e-01 7.403574635208206786e-03 5.430756383935487763e-01 9.133420505396678379e+01
5.324684161305778263e-01 -4.799014051454654484e-02 -8.450709962319227220e-01 -6.327871670363877143e+01 1.985375223088299557e-02 9.988246994991489824e-01 -4.421420524902659743e-02 -6.069166900452199975e+00 8.461998772079293296e-01 6.759219583195922448e-03 5.327959441999854384e-01 9.199682636515284173e+01
5.242280332735156367e-01 -4.844707501142268835e-02 -8.501657621841961499e-01 -6.435114461955383547e+01 1.834737361170927714e-02 9.987915689980643164e-01 -4.559436197140608743e-02 -6.141607857985663443e+00 8.513471485441587161e-01 8.307922273978977229e-03 5.244829750332603568e-01 9.265312460999523125e+01
5.142561066060498121e-01 -4.818272533075720898e-02 -8.563099719711853020e-01 -6.544467236038214253e+01 1.736919416077396458e-02 9.988006603555408258e-01 -4.576153616846705130e-02 -6.220975626207135178e+00 8.574889938866031569e-01 8.646425307148123893e-03 5.144769430413085320e-01 9.329892130052162713e+01
