1.0 0.0 0.0 0.0 0.0 1.0 0.0 0.0 0.0 0.0 1.0 0.0
0.9999372 0.011136352 0.0012348733 0.30126953 -0.011133662 0.9999356 -0.0021645476 -0.012573242 -0.0012589024 0.0021506634 0.9999969 0.0028076172
0.99982405 0.018729754 0.001113045 0.5892334 -0.018723365 0.9998097 -0.0054948423 -0.025878906 -0.001215748 0.005473041 0.99998426 0.0052490234
0.99977946 0.020999016 0.00036222773 0.8894043 -0.020995574 0.9997495 -0.00776048 -0.030395508 -0.0005250583 0.007751164 0.99996984 0.014282227
0.999814 0.01925463 -0.0012226381 1.1964111 -0.01926483 0.9997743 -0.008964962 -0.03894043 0.0010497178 0.008986835 0.99995905 0.013793945
0.99992436 0.012156839 -0.0018483339 1.5134277 -0.012175556 0.99987096 -0.010477673 -0.04296875 0.0017206772 0.010499386 0.9999434 0.013183594
0.9999929 0.0005748835 -0.0037274563 1.8400879 -0.0006213262 0.99992204 -0.012469882 -0.03491211 0.0037199974 0.012472108 0.99991524 0.01977539
0.9998742 -0.015383246 -0.0038897276 2.1654053 0.0153376525 0.9998164 -0.011489772 -0.018188477 0.00406572 0.011428666 0.99992645 0.02319336
0.9993842 -0.03489446 -0.00373646 2.508545 0.03486944 0.9993705 -0.0065623936 0.012084961 0.003963066 0.006428067 0.9999715 0.030517578
0.9985265 -0.054054335 -0.0048579257 2.8651123 0.054041833 0.99853545 -0.002669182 0.051513672 0.0049950685 0.002402733 0.9999846 0.030029297
0.9971365 -0.07540273 -0.0055368743 3.2276611 0.07539483 0.99715114 -0.0016222703 0.09020996 0.005643431 0.0012000722 0.9999834 0.03149414
0.9954328 -0.09530832 -0.0051104547 3.6069336 0.095290765 0.9954412 -0.0035756119 0.13903809 0.0054279803 0.0030723396 0.99998057 0.033691406
0.9932134 -0.116234325 -0.00403455 3.9953613 0.116215125 0.9932127 -0.0047064717 0.19006348 0.0045541753 0.0042057214 0.9999808 0.03918457
0.9911573 -0.13264403 -0.0034558503 4.3901367 0.13262966 0.99115676 -0.004096886 0.25671387 0.00396866 0.0036023324 0.99998564 0.044921875
0.98867774 -0.15003662 -0.0027968562 4.809082 0.15003024 0.9886798 -0.0023701466 0.3272705 0.003120838 0.0019237751 0.99999326 0.047607422
0.9867666 -0.1621542 -0.0028363517 5.2279053 0.16214836 0.9867692 -0.0021791873 0.41467285 0.003152105 0.0016905493 0.9999936 0.05078125
0.9845433 -0.1751049 -0.0034573276 5.664795 0.17509119 0.984544 -0.0039373627 0.49780273 0.0040933453 0.0032711707 0.9999863 0.056518555
0.9829192 -0.18397841 -0.0047060344 6.118164 0.18394682 0.9829152 -0.006445589 0.5838623 0.005811476 0.005470178 0.9999682 0.06518555
0.98145634 -0.19158113 -0.0068135243 6.581787 0.1915497 0.9814734 -0.005007031 0.6781006 0.0076463763 0.0036092794 0.99996424 0.06933594
0.97995466 -0.1990137 -0.0088464515 7.058716 0.19897892 0.97999054 -0.0046598995 0.7832031 0.009596847 0.0028058484 0.99995 0.06945801
0.9784147 -0.20636249 -0.010985743 7.543701 0.20631507 0.97847205 -0.0052980715 0.89294434 0.011842817 0.002916783 0.9999256 0.07714844
0.97655904 -0.2148528 -0.012215629 8.0477295 0.21475449 0.976617 -0.008872576 1.0057373 0.013836498 0.006040591 0.99988604 0.08300781
0.97480667 -0.22271763 -0.012000781 8.56543 0.22253813 0.9748112 -0.014666282 1.1107178 0.014964944 0.011626048 0.9998204 0.09643555
0.97335476 -0.22889376 -0.013585763 9.093506 0.22869405 0.9733841 -0.014799155 1.234375 0.016612 0.011297543 0.9997982 0.115356445
0.9708132 -0.23908518 -0.019392038 9.627075 0.23889467 0.970984 -0.011641234 1.3825684 0.021612436 0.0066696773 0.9997442 0.11340332
0.9688376 -0.24659163 -0.023282234 10.173096 0.24644908 0.96911323 -0.008848073 1.5388184 0.02474571 0.0028349317 0.9996899 0.12780762
0.9664206 -0.2556723 -0.025155853 10.736206 0.25548354 0.9667409 -0.010506391 1.6929932 0.027005762 0.0037243916 0.9996283 0.14440918
0.9640229 -0.26457646 -0.025871817 11.307007 0.26432407 0.9643544 -0.012795808 1.845581 0.028334182 0.0054972717 0.99958336 0.16674805
0.9619775 -0.27153817 -0.029161738 11.894897 0.2712558 0.96240705 -0.013313297 2.0200195 0.031681146 0.004895739 0.999486 0.18530273
0.9595941 -0.27951115 -0.032557927 12.484009 0.27922973 0.9601405 -0.012983472 2.201294 0.03488876 0.0033673057 0.9993854 0.20214844
0.95730036 -0.2866403 -0.0378318 13.084839 0.28630096 0.9580438 -0.014216971 2.3891602 0.04031921 0.0027784 0.9991828 0.22644043
0.9551829 -0.29270324 -0.044613976 13.702759 0.29231077 0.9562231 -0.015228677 2.5863037 0.04711651 0.001508784 0.9988884 0.25854492
0.95349705 -0.2966141 -0.0534994 14.328125 0.2962105 0.954996 -0.015505373 2.7841797 0.05569095 -0.001061392 0.99844784 0.2861328
0.9519714 -0.29967675 -0.06253244 14.961304 0.29932192 0.9540135 -0.015188865 2.9979248 0.06420964 -0.004261949 0.99792725 0.32385254
0.9496173 -0.30511 -0.07139282 15.618164 0.30483675 0.95226586 -0.0149579225 3.2131348 0.07255135 -0.007557426 0.9973376 0.36083984
0.94795334 -0.3083262 -0.07934721 16.27478 0.30816665 0.95120895 -0.01455686 3.434082 0.07996476 -0.010657529 0.9967403 0.41125488
0.9457462 -0.31318113 -0.08622364 16.938965 0.3132295 0.9495575 -0.013318395 3.6748047 0.08604764 -0.014413289 0.9961883 0.46679688
0.9439463 -0.31687206 -0.0925399 17.62146 0.31713393 0.9483053 -0.012258354 3.9104004 0.0916384 -0.017776785 0.99563307 0.5263672
0.9415001 -0.3217459 -0.10008738 18.30835 0.32254615 0.9464963 -0.008536721 4.1625977 0.097477674 -0.024256961 0.99494016 0.5950928
0.9398647 -0.3251566 -0.10457412 19.010864 0.32620367 0.94527364 -0.007415643 4.4265137 0.101260304 -0.027137851 0.99449056 0.66467285
0.9374381 -0.3313032 -0.10687674 19.72583 0.33252424 0.9430571 -0.006703401 4.682495 0.10301441 -0.02925926 0.99424976 0.73498535
0.93573505 -0.33648193 -0.105976924 20.4469 0.33784539 0.94121313 -0.0053473767 4.9525146 0.10154726 -0.030790634 0.9943548 0.8173828
0.93360853 -0.34280378 -0.10422143 21.173828 0.34397137 0.93895376 -0.007122454 5.229004 0.10030073 -0.029198937 0.9945288 0.90112305
0.9314394 -0.34924504 -0.102147475 21.90979 0.35052043 0.9365273 -0.005763513 5.5061035 0.097680055 -0.030432176 0.9947546 0.97631836
0.929551 -0.35517982 -0.09877719 22.64856 0.35646656 0.93428415 -0.0049091997 5.7956543 0.09402851 -0.030658811 0.995095 1.0592041
0.9252675 -0.36722744 -0.095049456 23.417358 0.36861554 0.9295816 -0.0031550834 6.1115723 0.08951503 -0.032114126 0.995468 1.1318359
0.92295194 -0.37420914 -0.090049356 24.16626 0.3757112 0.92672676 -0.00028928157 6.4295654 0.08356038 -0.033567782 0.9959373 1.2119141
0.91966397 -0.38272673 -0.08755402 24.927002 0.38434172 0.92314965 0.001729558 6.76062 0.08016583 -0.0352498 0.99615836 1.2805176
0.9163366 -0.39098585 -0.086600274 25.689087 0.39267367 0.9196964 0.0026931195 7.0985107 0.078593574 -0.036466595 0.99624 1.354126
0.91251427 -0.3997024 -0.086674154 26.470459 0.4015681 0.91579396 0.0045189844 7.446533 0.07757045 -0.038933087 0.9962267 1.4259033
0.9090042 -0.40806445 -0.08508367 27.243652 0.40985534 0.91216516 0.003972118 7.8026123 0.07598911 -0.03847264 0.99636704 1.4899902
0.9049143 -0.41734144 -0.08339682 28.031128 0.41913006 0.9079158 0.0043906868 8.170166 0.073885374 -0.038931366 0.996506 1.5612793
0.9013302 -0.42549974 -0.08142486 28.82727 0.42725953 0.90415907 0.0046976353 8.554932 0.07162105 -0.039015923 0.9966684 1.6280518
0.89843917 -0.4322985 -0.07691094 29.628418 0.43388173 0.9009534 0.0043601883 8.947632 0.06740762 -0.03728603 0.99702895 1.6888428
0.8950199 -0.44004908 -0.072198376 30.448608 0.44158152 0.8971559 0.0059771715 9.352905 0.06214182 -0.03724586 0.99737114 1.7491455
0.8918791 -0.4472197 -0.06688213 31.24939 0.4484347 0.89376754 0.0035795735 9.764526 0.058179 -0.03319208 0.9977544 1.8175049
0.88828444 -0.45465443 -0.06477569 32.078613 0.45586315 0.8900138 0.0044367155 10.191406 0.055634383 -0.033472996 0.9978901 1.8751221
0.8856751 -0.4598951 -0.06327562 32.90735 0.46107346 0.88730925 0.004606601 10.628906 0.054022424 -0.03326003 0.9979853 1.9299316
0.88268584 -0.4658822 -0.061801396 33.746094 0.46706188 0.8842084 0.005368886 11.078369 0.05214328 -0.03360601 0.9980738 1.9785156
0.8795902 -0.47186717 -0.059867993 34.602783 0.4729252 0.8810484 0.004049756 11.542236 0.050836053 -0.03187814 0.9981984 2.0292969
0.8773154 -0.47621897 -0.05959453 35.458862 0.47719505 0.8788038 0.0024799304 12.011963 0.051193684 -0.030610494 0.9982201 2.0823975
0.8755406 -0.47935545 -0.05993238 36.323486 0.48031104 0.87706465 0.0017700149 12.490356 0.05171684 -0.030337255 0.99820125 2.1368408
0.8743233 -0.48155713 -0.060028285 37.192017 0.48251966 0.8758501 0.0017703257 12.987061 0.051722914 -0.030516224 0.99819523 2.1875
0.87387586 -0.4824225 -0.059794217 38.079468 0.48347107 0.8753332 0.0035636039 13.487671 0.050619815 -0.0320233 0.99820465 2.236084
0.87346953 -0.48347437 -0.0583521 38.97876 0.48448616 0.8748487 0.0037256586 13.996094 0.049251292 -0.03151635 0.99828964 2.2921143
0.873038 -0.48433933 -0.056985106 39.89209 0.4852519 0.87438565 0.002524525 14.51001 0.048604075 -0.029849684 0.9983724 2.3475342
0.87376916 -0.48301396 -0.056311205 40.789062 0.48377484 0.8751613 -0.00013740314 15.022949 0.04934746 -0.027123094 0.99841344 2.4030762
0.871193 -0.48757416 -0.056250017 41.719482 0.48831004 0.8725949 -0.000757331 15.550781 0.04945352 -0.026813658 0.9984166 2.460205
0.8703414 -0.48952308 -0.05334137 42.6604 0.49013227 0.8716297 -0.0018870493 16.07727 0.047417067 -0.024499837 0.9985749 2.5144043
0.8687977 -0.49272963 -0.049466345 43.59851 0.4932683 0.8698984 -0.0015034971 16.615845 0.043770507 -0.023092821 0.9987746 2.5692139
0.8656311 -0.49866188 -0.044572324 44.51709 0.49908784 0.86653066 -0.0017938688 17.155518 0.039516233 -0.020692565 0.99900466 2.6323242
0.8628061 -0.503906 -0.042178653 45.44409 0.5042586 0.8636272 -0.0025953543 17.691772 0.03773289 -0.019027893 0.9991064 2.6782227
0.85657084 -0.5144322 -0.04281861 46.364746 0.5147166 0.8574558 -0.004937107 18.246948 0.03925373 -0.017806478 0.9990704 2.7263184
0.8510431 -0.5230379 -0.045139212 47.27478 0.52324206 0.85207504 -0.008116358 18.806885 0.04270772 -0.016713113 0.99894816 2.7855225
0.84462357 -0.5335762 -0.044709675 48.19214 0.5337866 0.84563476 -0.0080856215 19.386475 0.04212198 -0.017032586 0.99896735 2.8356934
0.8387946 -0.5428748 -0.040927395 49.099854 0.54315096 0.83959955 -0.005015998 19.986328 0.037083216 -0.0180296 0.99914914 2.8795166
0.83490753 -0.549176 -0.0377853 49.99707 0.54948825 0.8355534 -0.0024825307 20.588257 0.032934017 -0.01869 0.9992827 2.9354248
0.8300704 -0.5563622 -0.03946264 50.887207 0.55675155 0.83074635 -0.0013423162 21.192505 0.033527173 -0.020855155 0.99922 2.9801025
0.8270069 -0.56045634 -0.044203505 51.774902 0.5608696 0.8279003 -0.00359347 21.79956 0.038607553 -0.02182437 0.99901575 3.02063
0.824394 -0.5637616 -0.050663322 52.65332 0.56423295 0.82560647 -0.0058223964 22.412476 0.045111276 -0.023782425 0.9986991 3.078125
0.8208528 -0.56873 -0.052034996 53.52881 0.5692457 0.8221228 -0.005753517 23.034546 0.046050303 -0.024891088 0.9986294 3.1325684
0.8178202 -0.57355964 -0.04845626 54.416504 0.57402843 0.8189115 -0.0050024856 23.651733 0.04254855 -0.023723504 0.99881244 3.1896973
0.8149504 -0.57794774 -0.043887842 55.299072 0.5783971 0.8158082 -0.0029554877 24.2854 0.037508592 -0.022978066 0.9990317 3.2385254
0.8119772 -0.58233196 -0.040484678 56.176025 0.5827518 0.8126834 -0.0017365362 24.92627 0.033911567 -0.022184338 0.99917847 3.2938232
0.8093945 -0.58572084 -0.042018503 57.047607 0.58623624 0.81011164 -7.217191e-05 25.56482 0.03408017 -0.024574647 0.999117 3.3374023
0.8049432 -0.5916888 -0.043086383 57.916504 0.59216356 0.8057442 -0.0021346433 26.215576 0.035979167 -0.023803081 0.9990689 3.380005
0.80070823 -0.59724396 -0.045206532 58.781982 0.5977136 0.80162483 -0.0038003076 26.86438 0.03850465 -0.023987228 0.99897015 3.4320068
0.7975003 -0.6017165 -0.044213388 59.64795 0.6021387 0.7983943 -0.004554067 27.52002 0.038035806 -0.022994429 0.9990114 3.4781494
0.79302955 -0.6076673 -0.04304469 60.51709 0.60804933 0.79388845 -0.005083351 28.19226 0.03726362 -0.022144796 0.9990601 3.5272217
0.7878392 -0.6144205 -0.042568512 61.381104 0.6147757 0.7886908 -0.005719676 28.868164 0.037086856 -0.021661371 0.99907726 3.5750732
0.7830411 -0.6204027 -0.042772457 62.24121 0.6207463 0.78391105 -0.006328493 29.554932 0.037457287 -0.02160113 0.9990646 3.6273193
0.7783407 -0.6263273 -0.042876054 63.098633 0.62662387 0.77924305 -0.0078054713 30.25647 0.038298137 -0.02078949 0.9990502 3.677124
0.7729186 -0.63298756 -0.043836292 63.949463 0.6332929 0.7738658 -0.008293213 30.950806 0.03917736 -0.021345416 0.9990046 3.724121
0.7662622 -0.6411728 -0.044160567 64.795166 0.6414045 0.76726717 -0.010567118 31.669922 0.040657025 -0.02021939 0.99896854 3.7785645
0.761202 -0.6471144 -0.04430752 65.64209 0.6472615 0.7622575 -0.012881536 32.391235 0.042105034 -0.018876407 0.99893427 3.8304443
0.7539611 -0.655416 -0.04311653 66.48584 0.65553075 0.75497466 -0.013403453 33.130005 0.041336432 -0.018164063 0.9989799 3.8809814
0.7485128 -0.6617875 -0.041736066 67.32666 0.6618513 0.7494835 -0.014252509 33.871826 0.04071261 -0.016953891 0.99902713 3.9365234
0.744089 -0.66699994 -0.039520442 68.15723 0.66701585 0.7449779 -0.014701464 34.624023 0.039250374 -0.015411443 0.999111 3.987915
0.73583126 -0.6761331 -0.03907519 68.99121 0.67609143 0.7367267 -0.016278459 35.38867 0.03978917 -0.014438752 0.99910355 4.041382
0.7297246 -0.68261 -0.03981085 69.813965 0.68251956 0.730674 -0.017939242 36.16858 0.04133138 -0.014080345 0.99904615 4.097412
0.7240947 -0.6885036 -0.04122461 70.63818 0.6884428 0.72510344 -0.017918622 36.95508 0.042228095 -0.015402682 0.99898934 4.1483154
0.7187196 -0.69416577 -0.039525963 71.46387 0.6941025 0.71965295 -0.01754094 37.753662 0.040621776 -0.014829568 0.9990645 4.19751
0.71466875 -0.69836575 -0.040198643 72.285645 0.6983299 0.7156254 -0.017250888 38.559692 0.040814824 -0.015742162 0.9990427 4.255249
0.7089187 -0.7041411 -0.04051203 73.10181 0.70408505 0.7099009 -0.018053154 39.381226 0.041474223 -0.015722832 0.9990161 4.310913
0.7033711 -0.70946014 -0.042847227 73.9104 0.7093672 0.70448494 -0.019977035 40.208374 0.044359963 -0.016340476 0.99888223 4.367798
0.6991025 -0.7135286 -0.04505419 74.71826 0.71339756 0.70034826 -0.021765452 41.03357 0.047082998 -0.01693039 0.9987473 4.4245605
0.69474137 -0.717883 -0.04501579 75.5293 0.7177258 0.69599783 -0.022458734 41.883545 0.047455464 -0.016706703 0.99873364 4.4848633
0.6879188 -0.72437507 -0.043461338 76.33911 0.724183 0.6891111 -0.022917338 42.737305 0.046554606 -0.015714442 0.9987922 4.547241
0.68489236 -0.72740567 -0.042079765 77.140625 0.7271755 0.6860291 -0.023399213 43.59326 0.04588851 -0.01457664 0.99884015 4.604492
0.67890966 -0.73312247 -0.041430123 77.940674 0.7328964 0.6800175 -0.023297546 44.465454 0.04525379 -0.01455171 0.9988693 4.6708984
0.6757694 -0.735991 -0.041059047 78.74341 0.73571116 0.6768778 -0.024469715 45.336914 0.04579947 -0.013674529 0.99885684 4.72876
0.670876 -0.74036187 -0.040094655 79.54077 0.7400183 0.67195857 -0.02574059 46.226685 0.04600279 -0.012407656 0.99886423 4.790161
0.66618985 -0.744701 -0.037729762 80.33545 0.7442598 0.66718507 -0.027447283 47.12256 0.045615345 -0.009793655 0.9989114 4.853882
0.6640066 -0.74675775 -0.036348466 81.130615 0.74618345 0.66496277 -0.030138057 48.01587 0.046675432 -0.007112368 0.9988846 4.914551
0.6587137 -0.75154525 -0.036295503 81.92944 0.7507575 0.6596983 -0.03469242 48.9187 0.05000768 -0.0043932125 0.99873906 4.9768066
0.6528726 -0.75663686 -0.03395467 82.72632 0.7556199 0.6537556 -0.039223716 49.827637 0.051869173 -5.6426972e-05 0.9986533 5.041504
0.6493331 -0.7599114 -0.028685905 83.52124 0.7586378 0.6499274 -0.044558942 50.75049 0.05250416 0.007164034 0.9985946 5.111328
0.63980764 -0.7680834 -0.024523085 84.30078 0.7667167 0.6401756 -0.047201205 51.683105 0.05195692 0.011402892 0.9985846 5.187744
0.63117707 -0.77535737 -0.02107275 85.08008 0.7739541 0.6313621 -0.048832163 52.614746 0.05116558 0.0145133855 0.99858475 5.2596436
0.6222586 -0.78257334 -0.017966514 85.85132 0.7812566 0.6223151 -0.04807901 53.57715 0.04880951 0.015885476 0.998682 5.320801
0.6133637 -0.7896219 -0.0169768 86.610596 0.7883601 0.61340004 -0.0472693 54.56006 0.047739856 0.01560885 0.99873775 5.3931885
0.60401344 -0.7967643 -0.019273631 87.35254 0.79541385 0.6041612 -0.04840554 55.539062 0.050211977 0.013901345 0.99864143 5.45459
0.5941924 -0.8041089 -0.0182491 88.08252 0.8026178 0.5942584 -0.051473845 56.53418 0.052243754 0.01594204 0.9985074 5.527832
0.58511186 -0.8107224 -0.018907715 88.81421 0.8091516 0.58520925 -0.05280204 57.546143 0.053874932 0.015601332 0.9984261 5.5943604
0.57499355 -0.8180526 -0.014505198 89.53711 0.81648886 0.5748536 -0.054103773 58.564453 0.052597508 0.019270578 0.9984301 5.6776123
0.5649512 -0.8250872 -0.010836142 90.24658 0.8235746 0.56463146 -0.05452286 59.59424 0.05109845 0.02187779 0.99845386 5.745117
0.5540045 -0.83248913 -0.01032729 90.946045 0.8309619 0.5536694 -0.0549274 60.644287 0.051452216 0.021845965 0.99843645 5.8148193
0.54332715 -0.8393973 -0.011297828 91.63403 0.8377757 0.543035 -0.05625571 61.70288 0.05335901 0.021095445 0.99835235 5.894409
0.53305584 -0.84599626 -0.010641767 92.30249 0.8443337 0.5327278 -0.057204828 62.773438 0.054070294 0.021504743 0.99830544 5.961914
0.524742 -0.85114086 -0.012179118 92.96387 0.8494139 0.5245038 -0.05775786 63.842285 0.055542275 0.019963235 0.99825674 6.038208
0.5147353 -0.85728645 -0.012501705 93.61548 0.8555577 0.5145383 -0.057613034 64.931885 0.05582203 0.01894425 0.99826014 6.1220703
0.50541526 -0.86279154 -0.01179759 94.25098 0.8611833 0.50523394 -0.055635516 66.028076 0.053957548 0.017959347 0.99838173 6.1933594
0.49633548 -0.8680128 -0.008404475 94.88599 0.8665454 0.4960201 -0.054130413 67.1355 0.05115262 0.019592455 0.9984991 6.2679443
0.48877573 -0.8723044 -0.007869031 95.510254 0.87084955 0.48844808 -0.054028038 68.25879 0.050967053 0.019556072 0.99850893 6.352051
0.48183745 -0.8763237 -0.007201544 96.12793 0.8747018 0.48141786 -0.057398893 69.379395 0.053765874 0.02134665 0.9983247 6.4257812
0.47662586 -0.87914085 -0.005683896 96.742676 0.8773884 0.47606716 -0.060354777 70.505615 0.055752687 0.023764893 0.9981608 6.503418
0.4684063 -0.8834663 -0.0037389882 97.346924 0.881516 0.46764493 -0.06457442 71.63672 0.058798093 0.026962839 0.99790645 6.5804443
0.46454126 -0.8856374 -0.0049049766 97.93042 0.8834979 0.46379158 -0.06713276 72.776855 0.061702922 0.02685124 0.997733 6.67041
0.45931706 -0.88832027 -0.0024430188 98.53003 0.886199 0.4584076 -0.06786306 73.91577 0.061388034 0.028999299 0.9976921 6.756958
0.45444208 -0.8906842 0.0019802502 99.11133 0.8888199 0.4533449 -0.06571294 75.05176 0.05763563 0.03162536 0.9978369 6.8432617
0.45282742 -0.89170194 0.0076511716 99.696045 0.89008856 0.45145395 -0.064613365 76.19092 0.0541491 0.03606384 0.99788123 6.929199
0.446775 -0.894601 0.008748121 100.264404 0.8931256 0.44542634 -0.06259367 77.32471 0.052095298 0.035777107 0.99800104 7.0093994
0.4450093 -0.89555657 0.0093041845 100.82178 0.89414346 0.44366595 -0.061720647 78.46167 0.05113946 0.035784043 0.9980503 7.0906982
0.44459447 -0.8957419 0.012633741 101.39136 0.8944871 0.44311056 -0.061024398 79.58203 0.049056783 0.038440637 0.99805665 7.168335
0.44052085 -0.8975772 0.015613139 101.94214 0.89646876 0.43892905 -0.06027379 80.70776 0.047240324 0.04054746 0.9980602 7.241577
0.44004008 -0.8979591 0.016386144 102.48462 0.89686966 0.43840158 -0.06051378 81.83276 0.047155187 0.04131916 0.9980323 7.3168945
0.43648577 -0.89934945 0.01985394 103.03174 0.8983936 0.43468148 -0.060717657 82.93408 0.04597775 0.04435705 0.9979581 7.3880615
0.43550023 -0.89975667 0.024219573 103.5686 0.8990247 0.43352684 -0.06016784 84.04419 0.04363119 0.04798925 0.9978952 7.4558105
0.4329534 -0.90086895 0.027021237 104.09619 0.9002923 0.43088928 -0.05959224 85.14429 0.042052772 0.050124284 0.9978568 7.526367
0.43141842 -0.90183854 0.027628228 104.612305 0.9012562 0.42929018 -0.06037843 86.22412 0.04257859 0.050946534 0.9977935 7.5948486
0.43142235 -0.90158564 0.029066775 105.12695 0.9010173 0.4291588 -0.06179899 87.296875 0.04323592 0.052862767 0.9976662 7.659424
0.43037397 -0.9022414 0.029189853 105.63721 0.90162313 0.42804047 -0.062997505 88.36279 0.04434994 0.053418774 0.9975861 7.7297363
0.429866 -0.9025136 0.027536709 106.12427 0.90180445 0.42760295 -0.0630875 89.41284 0.045155622 0.051963214 0.99762845 7.8043213
0.4324265 -0.90122336 0.025222922 106.61279 0.9004168 0.43028313 -0.062773705 90.464355 0.045714594 0.049868528 0.9977098 7.8687744
0.43753958 -0.89891803 0.022428796 107.09766 0.8979844 0.43551752 -0.06280753 91.49292 0.046702612 0.047617227 0.9977728 7.9353027
0.44056386 -0.89743626 0.020618686 107.59277 0.8963854 0.43858695 -0.06362957 92.515625 0.048052646 0.046510216 0.99776113 8.0008545
0.4479843 -0.8937292 0.01924877 108.103516 0.8926425 0.44607306 -0.063411765 93.548584 0.04810289 0.04560136 0.99780136 8.071899
0.4555863 -0.89004874 0.018239127 108.59912 0.8889996 0.45377955 -0.061977696 94.545166 0.04688509 0.04444058 0.9979106 8.133667
0.46291596 -0.8861683 0.017082047 109.10376 0.8851317 0.4611997 -0.060937345 95.53955 0.046135146 0.043328777 0.99799484 8.19751
0.47216862 -0.88128585 0.016691584 109.62891 0.88029605 0.47050264 -0.059955463 96.5293 0.044980805 0.04301472 0.9980622 8.263672
0.481582 -0.8762215 0.015246543 110.156006 0.8752011 0.47998333 -0.059648182 97.51343 0.044943858 0.04207512 0.99810344 8.319214
0.49188077 -0.8704884 0.013616589 110.69165 0.8693663 0.49029523 -0.060796693 98.49097 0.04625111 0.041755065 0.9980575 8.381226
0.50178736 -0.865086 0.009864532 111.23242 0.8638114 0.5003511 -0.061147485 99.44287 0.047954924 0.039189514 0.99807966 8.44519
0.51282334 -0.85834926 0.006552006 111.78467 0.8569812 0.51154125 -0.060858376 100.38672 0.048892774 0.0368285 0.998125 8.508789
0.5261155 -0.85031646 0.0035059545 112.357666 0.8489436 0.5250222 -0.05912123 101.33301 0.04843341 0.034086026 0.998245 8.569458
0.5369465 -0.84352833 0.0023252135 112.93408 0.8422572 0.5359819 -0.05642853 102.26123 0.046351094 0.032259032 0.9984043 8.633179
0.5497551 -0.8353305 0.0027914066 113.52319 0.83416164 0.5488021 -0.054834057 103.18286 0.044271044 0.032481477 0.9984918 8.696045
0.5611951 -0.82772523 0.0019575376 114.11499 0.8265771 0.56028914 -0.054037064 104.081055 0.04361954 0.031940717 0.9985375 8.7561035
0.5724975 -0.8199294 0.0012031021 114.72583 0.81875885 0.5716005 -0.054269504 104.96069 0.043812696 0.032050684 0.9985253 8.81665
0.5838671 -0.81185013 -0.00030042935 115.35156 0.8106306 0.5830096 -0.054584898 105.83081 0.04449102 0.031634532 0.99850917 8.8758545
0.5944428 -0.8041633 0.0005517488 115.968506 0.802875 0.5934513 -0.056996714 106.6792 0.045504842 0.034325313 0.9983743 8.935669
0.6055238 -0.79583454 -0.00027677068 116.60425 0.7945588 0.6045733 -0.056393344 107.52173 0.045037292 0.033925213 0.99840903 8.999512
0.61693466 -0.78714794 -0.00010497571 117.25049 0.7859881 0.61603296 -0.054182462 108.352295 0.04270864 0.03334082 0.99853086 9.053589
0.62525976 -0.7803969 0.0017197267 117.885254 0.77942806 0.6243712 -0.051232964 109.15845 0.038905635 0.033368524 0.99868524 9.107178
0.63636714 -0.7713174 0.0016360921 118.53955 0.77042633 0.63552755 -0.049446993 109.95703 0.037097864 0.03272605 0.99877566 9.163818
0.6456105 -0.7636224 -0.00095520227 119.178955 0.76269275 0.64488566 -0.04854283 110.7251 0.03767788 0.030611306 0.998821 9.222168
0.6545244 -0.7560274 -0.004222643 119.8291 0.75506115 0.6539519 -0.04719798 111.4939 0.03843824 0.027701288 0.9988768 9.266113
0.6655573 -0.7464329 -0.0051002065 120.495605 0.7454621 0.6650123 -0.046904963 112.24927 0.03839127 0.027416663 0.9988867 9.314575
0.6735153 -0.73913395 -0.0043183966 121.15527 0.73827296 0.6729921 -0.04467545 112.98633 0.035919856 0.026897252 0.9989925 9.36145
0.68118745 -0.7321251 -0.0030355975 121.81909 0.73134965 0.6806456 -0.04338291 113.70508 0.03382794 0.027335329 0.99905396 9.404419
0.691057 -0.72269374 -0.0021029687 122.49512 0.7219914 0.69050825 -0.042172156 114.41821 0.031925324 0.027626678 0.9991086 9.457153
0.6977083 -0.716379 -0.0034394357 123.15503 0.7156699 0.69721645 -0.041386254 115.104004 0.032049224 0.026411457 0.99913704 9.491821
0.7061825 -0.70812917 -0.0038059528 123.83667 0.7074548 0.705726 -0.04016429 115.7854 0.031124167 0.02566927 0.9991857 9.538452
0.7123539 -0.701759 -0.0025616894 124.50244 0.7012028 0.7119256 -0.037379056 116.450195 0.028055355 0.024834625 0.99929804 9.577759
0.7197292 -0.69426346 -0.0017581354 125.176025 0.69381934 0.7193551 -0.034027588 117.11572 0.024886312 0.023268435 0.99941945 9.609619
0.7278871 -0.68563056 -0.0018331083 125.85327 0.68520564 0.7275254 -0.03335129 117.76636 0.024200791 0.023016874 0.99944204 9.6467285
0.73397714 -0.6790622 -0.0021466687 126.515625 0.67868453 0.73366755 -0.031181911 118.38428 0.022750376 0.021430789 0.99951154 9.6866455
0.74191576 -0.6705553 -0.0034490104 127.18237 0.67020464 0.7416766 -0.028929826 119.003174 0.021956928 0.019152671 0.9995754 9.711792
0.75235146 -0.6586796 -0.0020208643 127.85303 0.65842736 0.7521415 -0.025549328 119.60132 0.018348675 0.017895333 0.9996716 9.745117
0.7608751 -0.6488798 -0.0011740313 128.51074 0.64870083 0.76070565 -0.022170782 120.174805 0.015278236 0.016105013 0.9997535 9.770386
0.7708933 -0.6369479 -0.0014212944 129.19604 0.6368081 0.7707672 -0.019350208 120.74805 0.013420311 0.014011627 0.9998118 9.802734
0.77987295 -0.6258442 -0.0030875863 129.85693 0.62568927 0.7797733 -0.01894164 121.29492 0.014261891 0.012840865 0.99981594 9.82373
0.78946126 -0.61379784 -0.0045398083 130.52759 0.61362344 0.78937835 -0.019123102 121.823975 0.015319316 0.012310452 0.9998069 9.852539
0.7999281 -0.59997815 -0.0053445743 131.22046 0.59979975 0.79985785 -0.018843452 122.34595 0.015582569 0.011866981 0.9998082 9.872192
0.80954933 -0.5870767 -0.0043034656 131.89575 0.586941 0.80948514 -0.016789205 122.850586 0.013339478 0.011064906 0.9998498 9.892334
0.81937397 -0.5732524 -0.0025519887 132.60596 0.57315934 0.81930745 -0.014905622 123.348145 0.010637156 0.010749555 0.9998856 9.915527
0.8285103 -0.5599086 -0.00019238306 133.2998 0.55985993 0.82844275 -0.012903243 123.823 0.0073850807 0.010581253 0.9999167 9.9313965
0.8367066 -0.5476543 0.0020599267 134.01123 0.54763913 0.8366402 -0.011474384 124.29053 0.004560099 0.010728891 0.999932 9.945068
0.84564507 -0.53354925 0.0042938828 134.74219 0.53356206 0.845578 -0.010866291 124.754395 0.002167909 0.011480628 0.9999317 9.956421
0.8523456 -0.52282274 0.006347834 135.45166 0.5228612 0.85227746 -0.010780696 125.198 0.00022707321 0.012508372 0.9999217 9.969849
0.85915977 -0.5117706 0.0065195654 136.17847 0.5118119 0.859099 -0.010236678 125.635254 -0.00036336202 0.012131016 0.99992627 9.981201
0.86619693 -0.49967507 0.0053664097 136.9353 0.4997037 0.86615586 -0.008446833 126.07129 -0.00042748125 0.009998758 0.9999499 9.996094
0.87193745 -0.48957598 0.0058934204 137.66675 0.48960805 0.87191314 -0.0067667533 126.497314 -0.0018260707 0.008785959 0.9999597 9.994629
0.8783984 -0.4779088 0.005835397 138.42603 0.47793752 0.87838566 -0.005374804 126.908936 -0.0025566919 0.0075098127 0.9999684 9.997314
0.8841613 -0.46711004 0.0068940353 139.17993 0.4671487 0.8841486 -0.0058271005 127.32446 -0.0033727353 0.008372611 0.9999592 10.00354
0.88847226 -0.4589507 0.0059471657 139.94702 0.4589831 0.8884525 -0.0063720183 127.71997 -0.0023604198 0.008390579 0.999962 10.009277
0.8941037 -0.4479055 0.0062452652 140.73901 0.44794106 0.89408404 -0.0065105245 128.1023 -0.0026686399 0.008617887 0.9999593 10.012085
0.89672434 -0.442525 0.0065954574 141.51172 0.44256085 0.8967133 -0.00560846 128.49951 -0.0034317798 0.0079487115 0.99996257 10.014404
0.8996211 -0.4365583 0.009408657 142.30884 0.43660387 0.8996418 -0.0034075263 128.89111 -0.006976964 0.007173844 0.99994993 10.018311
0.90295005 -0.42953002 0.011988625 143.13403 0.4295647 0.90301305 -0.00035093166 129.28125 -0.010675713 0.005466505 0.9999282 10.02063
0.9058513 -0.4234052 0.013802027 143.9458 0.42340377 0.90595156 0.0031686397 129.68555 -0.013845728 0.0029724394 0.99989974 10.011719
0.90886647 -0.4167111 0.0152187385 144.7832 0.416671 0.90899336 0.0058694715 130.06958 -0.0162798 0.0010078573 0.999867 10.004028
0.91168004 -0.41063783 0.01651382 145.63062 0.4105659 0.91182977 0.0076877982 130.46631 -0.018213317 -0.00022990443 0.99983406 9.992798
0.9154877 -0.40182498 0.018714555 146.51562 0.4017305 0.91567886 0.008721407 130.85303 -0.02064202 -0.00046645757 0.999787 9.985352
0.91836107 -0.39513654 0.021389136 147.39087 0.3950299 0.91861016 0.009178334 131.23047 -0.023275105 2.1419488e-05 0.9997291 9.971313
0.9220224 -0.3864766 0.023025008 148.28247 0.38636497 0.9223098 0.009294725 131.6101 -0.024827773 0.0003250288 0.99969184 9.954224
0.9252148 -0.378839 0.023084223 149.18628 0.3787431 0.9255025 0.008562114 131.98535 -0.024607385 0.00081978086 0.99969685 9.924805
0.9294396 -0.36823916 0.023574151 150.12012 0.36819583 0.9297343 0.006310474 132.3435 -0.02424142 0.0028157425 0.99970216 9.918457
0.9327144 -0.35982624 0.02304533 151.05591 0.35981327 0.93299156 0.0048507894 132.71826 -0.023246687 0.003768236 0.9997227 9.890259
0.93800116 -0.3459949 0.021807497 152.02515 0.34599546 0.9382464 0.0038641533 133.06616 -0.021797705 0.003919386 0.9997547 9.880127
0.94229215 -0.3342501 0.019817218 152.98608 0.33419862 0.9425 0.005953634 133.4253 -0.020667423 0.0010135648 0.99978584 9.860962
0.947764 -0.31827337 0.020162808 153.96533 0.31813493 0.947974 0.009822052 133.77759 -0.022241322 -0.0028932644 0.9997485 9.841309
0.95375925 -0.29967275 0.022918671 154.97754 0.29942048 0.95401365 0.013824496 134.09766 -0.026008097 -0.0063229306 0.99964184 9.816162
0.9597045 -0.2800205 0.023638759 155.99805 0.27967894 0.9599488 0.016762257 134.41211 -0.027385324 -0.009476192 0.9995801 9.794189
0.9659026 -0.25765088 0.02445532 157.05151 0.25721893 0.9661311 0.01946675 134.70361 -0.028644927 -0.012510499 0.9995113 9.780029
0.97099227 -0.23771486 0.025507214 158.11426 0.23723328 0.9712278 0.020532036 134.98291 -0.029654475 -0.013885828 0.9994639 9.749268
0.97611713 -0.21537219 0.02871358 159.198 0.21482307 0.9764335 0.021040313 135.23096 -0.032568112 -0.014371231 0.9993663 9.725586
0.9807362 -0.19263665 0.03238036 160.29639 0.1919537 0.9811333 0.023048814 135.45654 -0.036210544 -0.016390972 0.99921 9.687744
0.98469645 -0.17040175 0.036524873 161.41919 0.16956219 0.9852012 0.024994377 135.65845 -0.040243346 -0.018419346 0.9990204 9.658081
0.9882761 -0.1472469 0.04045406 162.55615 0.14622632 0.9888822 0.027145458 135.84326 -0.0440007 -0.020914432 0.99881303 9.613892
0.9912293 -0.125727 0.040629975 163.69336 0.12461948 0.9917846 0.028745092 136.00513 -0.043910984 -0.023429614 0.99876106 9.571289
0.9938578 -0.103360124 0.039549183 164.84546 0.102244236 0.99432886 0.029270079 136.14526 -0.042350527 -0.025046855 0.9987888 9.531738
0.9958088 -0.08300188 0.038420152 166.01465 0.081918865 0.99621874 0.028958824 136.25562 -0.040678006 -0.025690127 0.99884206 9.484375
0.99725205 -0.061973475 0.040591504 167.20874 0.060900405 0.99777484 0.027153783 136.33398 -0.042183883 -0.024606913 0.9988064 9.446777
0.99818367 -0.04236657 0.042834807 168.41138 0.04120504 0.9987681 0.027651483 136.4043 -0.043953467 -0.025836503 0.9986998 9.403687
0.99883723 -0.019640893 0.04402936 169.63452 0.018391715 0.99942166 0.028602513 136.44287 -0.04456576 -0.027759366 0.99862087 9.357788
0.99893993 -0.0015359541 0.046009902 170.85156 0.00017845733 0.9995648 0.029496254 136.4585 -0.046035185 -0.029456776 0.9985056 9.310669
0.9987531 0.01925558 0.04605875 172.09814 -0.020648394 0.999338 0.029957399 136.45166 -0.045451492 -0.030871022 0.99848944 9.261475
0.9982063 0.03821403 0.046090648 173.34082 -0.039725903 0.9986872 0.03234763 136.41919 -0.0447944 -0.034120377 0.99841344 9.21106
0.9971598 0.059486624 0.04619362 174.60767 -0.06109187 0.997547 0.034158874 136.36499 -0.044048037 -0.036883663 0.9983488 9.162842
0.99568546 0.08150229 0.04436129 175.875 -0.08301696 0.99598604 0.03343855 136.27124 -0.041456785 -0.036976498 0.99845576 9.114502
0.99422705 0.09802805 0.043598313 177.14185 -0.09962113 0.99437255 0.036003448 136.15698 -0.03982331 -0.040139485 0.99840033 9.0633545
0.9922082 0.1169573 0.042945147 178.46118 -0.11856865 0.99225324 0.037107226 136.01636 -0.038274106 -0.041911524 0.998388 9.021973
0.9897608 0.13704602 0.03982423 179.77246 -0.13851734 0.98967046 0.03687351 135.85425 -0.034358963 -0.04201407 0.9985259 8.990601
0.9870815 0.15635072 0.035091642 181.11255 -0.15766563 0.98674506 0.038485304 135.66187 -0.028608754 -0.04351874 0.99864274 8.949951
0.98389757 0.17620946 0.03020508 182.44922 -0.17735204 0.9833189 0.04057767 135.44336 -0.02255148 -0.045280598 0.9987192 8.918701
0.9809812 0.19230272 0.02639677 183.75903 -0.19332406 0.98014677 0.04402624 135.20728 -0.017404709 -0.048291624 0.9986812 8.891113
0.9777631 0.20851398 0.022609496 185.073 -0.20935757 0.97678506 0.045502678 134.94507 -0.0125987055 -0.04922385 0.9987086 8.888428
0.9733751 0.22834188 0.020459455 186.43018 -0.22908394 0.97222435 0.048152708 134.64258 -0.008898859 -0.051556766 0.99863064 8.879028
0.9694099 0.24453755 0.02106331 187.78125 -0.2452835 0.9683 0.047215134 134.3164 -0.008850131 -0.05093804 0.99866277 8.871704
0.96445715 0.2633673 0.020752188 189.12866 -0.26407322 0.9633451 0.046919048 133.96558 -0.007630676 -0.05073261 0.99868286 8.876709
0.9597764 0.28014433 0.017146451 190.46777 -0.28065 0.9586215 0.047181986 133.5791 -0.0032155907 -0.050098114 0.9987394 8.874023
0.95500016 0.2962177 0.014165713 191.81372 -0.29655454 0.953754 0.048786 133.19897 0.0009411576 -0.05079162 0.9987092 8.880371
0.94988185 0.31227744 0.015096344 193.17578 -0.3126388 0.9485402 0.050486192 132.77075 0.001445546 -0.05267467 0.9986105 8.887451
0.9435956 0.3307881 0.015490287 194.54688 -0.3311356 0.94207454 0.053650256 132.30273 0.003150887 -0.05575238 0.99843967 8.901733
0.9375475 0.3475363 0.014946245 195.88696 -0.3478082 0.9358263 0.0570776 131.83716 0.0058514923 -0.05871009 0.9982576 8.909058
0.93105507 0.36468542 0.0126107475 197.23022 -0.3647855 0.9293193 0.057563916 131.33374 0.00927688 -0.05819408 0.9982614 8.935181
0.9233744 0.38376752 0.010422741 198.62451 -0.38369218 0.92160094 0.05863667 130.7732 0.012896798 -0.058142014 0.998225 8.954224
0.9163236 0.40036878 0.006423204 199.92993 -0.40002167 0.9145772 0.059310727 130.2312 0.017868282 -0.05692027 0.9982196 8.983154
0.90773344 0.4194807 0.0024354514 201.25806 -0.4187943 0.90588474 0.06272714 129.64209 0.024108164 -0.057958655 0.99802804 9.026489
0.8978071 0.44036457 0.0014570085 202.62671 -0.43948677 0.8957982 0.06616878 129.01514 0.027832981 -0.06004949 0.9978077 9.077637
0.88500625 0.4655366 0.001925759 203.9646 -0.46455073 0.88284755 0.06882577 128.3374 0.030343091 -0.061806276 0.99762696 9.124023
0.87157106 0.49017024 0.0027007838 205.29395 -0.4890297 0.86913985 0.07318993 127.62427 0.033532895 -0.06511313 0.9973147 9.187988
0.858367 0.5131004 0.0033088508 206.62451 -0.51178217 0.85566247 0.07744902 126.901855 0.036898553 -0.06817223 0.99699116 9.247192
0.84190404 0.5396756 0.0027605738 207.91699 -0.5381293 0.83908165 0.08012691 126.11572 0.040915277 -0.06894646 0.99678165 9.318115
0.8277388 0.56105065 0.0034962518 209.16699 -0.55942965 0.82483906 0.081370406 125.31177 0.042774174 -0.069315 0.99667776 9.386719
0.80963594 0.5867679 0.0031463064 210.40527 -0.58494747 0.8066785 0.08322927 124.46094 0.046299323 -0.06923097 0.99652714 9.459473
0.7946511 0.60712487 7.514912e-05 211.65625 -0.6049256 0.79176295 0.08514674 123.55884 0.051618483 -0.067705534 0.9963697 9.553589
0.7761759 0.63047355 -0.0023259951 212.87305 -0.62791115 0.77334374 0.08730188 122.60791 0.056833047 -0.06630346 0.99618053 9.64563
0.7608323 0.64908147 -0.0036656605 214.02466 -0.64623725 0.75800276 0.08939971 121.65552 0.060802005 -0.0656475 0.99598795 9.740723
0.7440999 0.66799587 -0.0053669764 215.20215 -0.6648649 0.741344 0.09109687 120.67114 0.06482784 -0.064221784 0.99582875 9.852051
0.7272099 0.68639827 -0.0063653886 216.34473 -0.6831327 0.7245939 0.0911752 119.62573 0.06718936 -0.061967544 0.99581563 9.961548
0.71073264 0.7032956 -0.006418479 217.45288 -0.69991595 0.70815384 0.0918951 118.56006 0.069188796 -0.06083456 0.99574864 10.077515
0.6967742 0.71719533 -0.008094572 218.54688 -0.71367055 0.69438696 0.09182238 117.48926 0.071475185 -0.058199093 0.9957428 10.198975
0.68067676 0.73247874 -0.010685832 219.60132 -0.72867393 0.6784973 0.09296635 116.39014 0.07532257 -0.05550122 0.995615 10.320557
0.66596246 0.74595475 -0.012700565 220.65479 -0.74180263 0.6638797 0.09544021 115.27002 0.07961531 -0.0541438 0.99535483 10.452759
0.6503447 0.75949585 -0.013805204 221.6997 -0.755073 0.6483311 0.097505316 114.113525 0.08299332 -0.052983325 0.9951404 10.5802
0.63428324 0.7730601 -0.013284944 222.69849 -0.7685761 0.6322882 0.09804183 112.92529 0.084200405 -0.051975448 0.9950921 10.72522
0.61879766 0.78549093 -0.010914665 223.6792 -0.78101534 0.6166466 0.09893272 111.74243 0.08443883 -0.05269447 0.99503446 10.865845
0.60220414 0.79822415 -0.006568032 224.65161 -0.7938542 0.5997296 0.09989577 110.53613 0.083672255 -0.05494768 0.994978 11.011841
0.5839573 0.81189704 -0.0016833777 225.57642 -0.8077112 0.58115304 0.10023662 109.29736 0.08235763 -0.05717732 0.99496156 11.154663
0.5652449 0.8248643 0.0029020964 226.47339 -0.8207471 0.56206656 0.10183807 108.07666 0.08235785 -0.059946567 0.9947986 11.3029785
0.54717326 0.83699465 0.005415354 227.31982 -0.83270127 0.5436879 0.10490429 106.84595 0.0848415 -0.06192081 0.99447 11.449341
0.52992517 0.84788245 0.008318545 228.12793 -0.8434332 0.52608585 0.10794685 105.603516 0.08715208 -0.06422755 0.99412316 11.597656
0.5100128 0.8599282 0.010896857 228.91528 -0.8555656 0.50605917 0.107785314 104.343994 0.087209344 -0.064294636 0.99411255 11.748901
0.4900277 0.8714868 0.015083605 229.66748 -0.86741513 0.48589396 0.106521495 103.07471 0.08550202 -0.065303035 0.9941978 11.898926
0.46912673 0.88300174 0.019149942 230.37012 -0.87933356 0.46493 0.103682734 101.82178 0.08263648 -0.06546977 0.99442613 12.039551
0.4480642 0.893697 0.022476614 231.0542 -0.8902532 0.44375998 0.10238816 100.5293 0.08156353 -0.06588965 0.99448776 12.185425
0.42570785 0.9046579 0.023909656 231.69434 -0.90131336 0.42146477 0.10102013 99.2522 0.08129412 -0.064542875 0.99459726 12.319946
0.40482727 0.9141532 0.025620589 232.28784 -0.9108975 0.4005785 0.10007165 97.974365 0.0812368 -0.063837424 0.9946474 12.458008
0.38295996 0.9232318 0.026004655 232.84961 -0.91994715 0.3787956 0.09950548 96.68652 0.08203979 -0.062024366 0.9946963 12.588501
0.3596325 0.93271196 0.02556708 233.3855 -0.9293152 0.35559952 0.09930891 95.393555 0.083549984 -0.059479263 0.9947273 12.729248
0.34032667 0.940144 0.02492935 233.8645 -0.93670154 0.33646828 0.098432675 94.114746 0.084162354 -0.0568415 0.9948292 12.865601
0.3179674 0.9477117 0.024768854 234.32788 -0.9443774 0.31434128 0.09600815 92.82593 0.083188474 -0.053919233 0.99507385 13.000488
0.2992311 0.9539142 0.024455626 234.74731 -0.9505624 0.2957428 0.095161095 91.551025 0.08351653 -0.051694766 0.9951623 13.134888
0.27791917 0.9601706 0.026588522 235.1482 -0.9564269 0.2740669 0.100051805 90.28711 0.088767745 -0.05323286 0.99462825 13.269409
0.25794014 0.96565324 0.02883782 235.52002 -0.96111757 0.25347957 0.1088879 89.02417 0.09781459 -0.05580653 0.9936384 13.40625
0.24013714 0.97011644 0.03099329 235.85767 -0.96487916 0.23513183 0.11611368 87.77124 0.10534846 -0.057821535 0.99275535 13.555054
0.22050792 0.97477347 0.03510157 236.16992 -0.96927375 0.21495156 0.11973241 86.52881 0.10919021 -0.060397636 0.99218196 13.709839
0.19945684 0.9791459 0.03852754 236.46167 -0.97365564 0.1935982 0.12045784 85.27759 0.11048664 -0.061548226 0.99197096 13.863037
0.18198502 0.98231906 0.043728568 236.71362 -0.97705656 0.17564505 0.12039793 84.051025 0.11062434 -0.0646842 0.9917606 14.027222
0.16049384 0.98592156 0.04807434 236.94336 -0.98087263 0.15383431 0.11972695 82.802734 0.11063149 -0.0663656 0.99164295 14.184937
0.14250857 0.9886311 0.04892794 237.1438 -0.98370385 0.13595627 0.11803134 81.56348 0.11004554 -0.064927146 0.99180186 14.337158
0.12306833 0.99111205 0.051190734 237.3147 -0.98632425 0.116432585 0.11692532 80.34473 0.10995062 -0.06486119 0.9918175 14.484741
