1.000000000000000000e+00 -3.306050084167601550e-19 -2.270457535318767223e-19 -8.673617379884035472e-19 7.546676715296109287e-19 1.000000000000000000e+00 6.237773588823049983e-19 1.387778780781445676e-17 -3.447385680526250622e-20 4.770700176052009879e-20 1.000000000000000222e+00 5.551115123125782702e-17
9.999225871953849598e-01 -4.648902415477474369e-03 1.153979170851655682e-02 1.939752119433572897e-02 4.626825437221227313e-03 9.999874389593703672e-01 1.938734209741909938e-03 -5.570739490856679854e-03 -1.154866290027468413e-02 -1.885196094613062834e-03 9.999315446994320178e-01 3.016593875864191920e-01
9.998313140022002665e-01 -5.716443419484749759e-03 1.745246757501124971e-02 2.196237276345003320e-02 5.692956156638869294e-03 9.999828089772355710e-01 1.394706310096663739e-03 -1.112343841854922244e-02 -1.746014117623072986e-02 -1.295122595340163349e-03 9.998466669871478585e-01 5.833571500006725641e-01
9.997822502875801653e-01 -9.485427714931977602e-03 1.858034197184611769e-02 3.380330238412935367e-02 9.476342484690186002e-03 9.999549567225811675e-01 5.769530392734466403e-04 -1.803843480994074544e-02 -1.858497650096005427e-02 -4.007037184882019602e-04 9.998270830365308948e-01 8.796609080633073230e-01
9.998107467809145277e-01 -1.000221574726312297e-02 1.668663031724040152e-02 3.915017415966032255e-02 1.001907085738950112e-02 9.999493793698243094e-01 -9.266374888580677536e-04 -2.023970823872899005e-02 -1.667651388463408171e-02 1.093676094630567945e-03 9.998603710759764729e-01 1.190589049751213047e+00
9.998716313835125380e-01 -1.193149675800412798e-02 1.069359403370553734e-02 3.689440222917366591e-02 1.195485510907590317e-02 9.999262675655340438e-01 -2.124344580776619303e-03 -2.190285116533474685e-02 -1.066746707260487516e-02 2.251892965297731201e-03 9.999406154743241126e-01 1.517999096478266807e+00
9.999101620121474410e-01 -1.331179407443238913e-02 -1.556286598638180517e-03 2.709819123312232764e-02 1.330608497176093315e-02 9.999048681744837630e-01 -3.623194280289602012e-03 -4.100991351053670519e-02 1.604364451083285358e-03 3.602158543263317848e-03 9.999922083921655158e-01 1.834334451898162133e+00
9.997623883695425651e-01 -1.249520491634885377e-02 -1.786788996962523565e-02 5.198963805869545596e-03 1.242324647171565155e-02 9.999142988969208501e-01 -4.133607217485135883e-03 -4.661727757186161225e-02 1.791799622350053606e-02 3.910735508926939906e-03 9.998318724373638222e-01 2.165011703894343942e+00
9.992703688748731938e-01 -8.372667679545578098e-03 -3.725318507413569180e-02 -3.272621516856957097e-02 8.229159431324359689e-03 9.999581148002546493e-01 -4.003065849856409300e-03 -4.519441362611230362e-02 3.728514318543594414e-02 3.693467600828487848e-03 9.992973742502874179e-01 2.515453878432279744e+00
9.983816231434721189e-01 -4.475386017357604537e-03 -5.669911519709428666e-02 -7.637683477824280809e-02 4.191092673403512200e-03 9.999780645070309726e-01 -5.132821258567398480e-03 -5.317783250417738861e-02 5.672083878397878032e-02 4.886975741947677775e-03 9.983784481641639896e-01 2.865314407752539871e+00
9.971444096677747337e-01 -3.918714658603076814e-03 -7.541508478644322333e-02 -1.212455246608955262e-01 3.503516490679790124e-03 9.999779830370897349e-01 -5.636912451003103786e-03 -5.853567169186807417e-02 7.543551161583583742e-02 5.356618813609910837e-03 9.971361302825014761e-01 3.222592206267703929e+00
9.953322807439034525e-01 -5.390549906972804707e-03 -9.633723726917060859e-02 -1.728021169265004098e-01 4.935846706806768305e-03 9.999755607229272591e-01 -4.956797356899401291e-03 -6.543893163069763874e-02 9.636160691107868714e-02 4.458130549219882499e-03 9.953345273266569482e-01 3.605205329389299163e+00
9.931313711558963364e-01 -6.760279150427877734e-03 -1.168184853011507568e-01 -2.343127008037402537e-01 6.315468329983976205e-03 9.999713159186780498e-01 -4.177288675201667502e-03 -6.870140044018660519e-02 1.168433940672481408e-01 3.410782778063272454e-03 9.931456273060716988e-01 3.989755900203858729e+00
9.910035913276443731e-01 -6.586895640987865813e-03 -1.336973686548597606e-01 -3.071489800842321927e-01 6.164106032584005732e-03 9.999745728515785359e-01 -3.576068456863968920e-03 -7.798524231261305673e-02 1.337175360719309869e-01 2.719738003569084888e-03 9.910190277267526548e-01 4.385871022088080551e+00
9.887752828427969209e-01 -5.858123804381664378e-03 -1.493318479412433508e-01 -3.883238284136973917e-01 5.482993053933423941e-03 9.999807155747484355e-01 -2.924174416303741350e-03 -8.400034075221644858e-02 1.493461188351903612e-01 2.072671083467618990e-03 9.887883092911952110e-01 4.799287769645449231e+00
9.867302887084190566e-01 -4.951294003467710675e-03 -1.623309011836552018e-01 -4.716638752504113685e-01 4.567374102980711545e-03 9.999858311454044024e-01 -2.738626526089072127e-03 -9.017472285475322535e-02 1.623421752345512448e-01 1.960906296520226015e-03 9.867388919908118838e-01 5.216936540950771750e+00
9.842816655974493401e-01 -6.297788161297970116e-03 -1.764594046303561981e-01 -5.636605560628026312e-01 5.625079584989877562e-03 9.999748735355151741e-01 -4.313018747520046790e-03 -9.883795044528428941e-02 1.764821529785121079e-01 3.252209732577422165e-03 9.842924144002084264e-01 5.656628900912292757e+00
9.826952315636372504e-01 -9.055971684030094185e-03 -1.849943744337148865e-01 -6.525749083830593156e-01 8.105881698644847380e-03 9.999497850969316648e-01 -5.890056977169788946e-03 -1.089138908246388149e-01 1.850384485793236389e-01 4.288778174628653586e-03 9.827192607022551263e-01 6.106448717208225574e+00
9.815665891759627337e-01 -8.838498893909394610e-03 -1.909147824712080777e-01 -7.495540131479127011e-01 7.453031904219869705e-03 9.999404471146071671e-01 -7.975136881502678868e-03 -1.172138651432872575e-01 1.909739097613892267e-01 6.405004793365302006e-03 9.815740255494876942e-01 6.566850036858041584e+00
9.798180268191889475e-01 -8.640428133026612639e-03 -1.996862361304793387e-01 -8.605371196026085912e-01 6.753667953394680568e-03 9.999259531351781805e-01 -1.012931140643351380e-02 -1.205203022979370042e-01 1.997589397284266766e-01 8.576571517085027421e-03 9.798037781480501973e-01 7.041351129655123664e+00
9.783786748223056717e-01 -9.108001369899473149e-03 -2.066327772185601874e-01 -9.711540708945322065e-01 6.723838504682359482e-03 9.999025082247920970e-01 -1.223778443084157057e-02 -1.309469857981768737e-01 2.067241279989515124e-01 1.058380229064798984e-02 9.783445169498505845e-01 7.525044178312453980e+00
9.766428359011771754e-01 -1.285872554788034493e-02 -2.144550474951010810e-01 -1.083948301955986349e+00 1.006184311606791830e-02 9.998496086415418205e-01 -1.412893704295558293e-02 -1.437225335791238456e-01 2.146044409256410712e-01 1.164114943540634287e-02 9.766252836906187396e-01 8.028464155437584182e+00
9.748553827559387486e-01 -1.825233749105237280e-02 -2.221095452763804379e-01 -1.198935896249913924e+00 1.516078069273154270e-02 9.997630287850292063e-01 -1.562188386608219341e-02 -1.600882000979239050e-01 2.223420609540618376e-01 1.186091749206780351e-02 9.749014015197926541e-01 8.544732063313396964e+00
9.729348559368239391e-01 -1.842124112063324090e-02 -2.303459619932154423e-01 -1.333691964531316110e+00 1.483219523935434825e-02 9.997403721006731248e-01 -1.730345064884330347e-02 -1.805025595913900827e-01 2.306048187972015162e-01 1.341966636952663348e-02 9.729552627423802003e-01 9.075856643226448028e+00
9.708266046423096318e-01 -1.491244265313473004e-02 -2.393489893489522680e-01 -1.484069383135286246e+00 9.905519482743940091e-03 9.997064260235802857e-01 -2.211170229248208760e-02 -1.894829218135694604e-01 2.396085040873811578e-01 1.909590222673038587e-02 9.706892794003332270e-01 9.600151801488252090e+00
9.686852659550825306e-01 -1.230761331225065439e-02 -2.479933252140707478e-01 -1.637813659534872679e+00 6.326208096479617529e-03 9.996698046251690783e-01 -2.490657290272244723e-02 -2.088695750354910841e-01 2.482179971886799286e-01 2.255805316819923037e-02 9.684432635414529367e-01 1.014362070510682301e+01
9.665065867712564485e-01 -1.408604893640283753e-02 -2.562800755070235859e-01 -1.797028507264745389e+00 7.511216024433916942e-03 9.996174007112044180e-01 -2.661881429820919798e-02 -2.269491675275451814e-01 2.565570208196834567e-01 2.380246742073527030e-02 9.662426816955484998e-01 1.070158573655250933e+01
9.640678122415422546e-01 -1.629770556881980290e-02 -2.651773878130831430e-01 -1.952293635355903945e+00 8.835777464673717427e-03 9.995313324502655972e-01 -2.931367692344653483e-02 -2.535221564654934201e-01 2.655308342230758289e-01 2.591760027685446541e-02 9.637598402553970711e-01 1.127070900981361845e+01
9.621824520990109875e-01 -1.619850870721208785e-02 -2.719486331048154293e-01 -2.131577222724714726e+00 7.924381476253272369e-03 9.994722383546801314e-01 -3.150189594751086342e-02 -2.774774278120811788e-01 2.723155861901415120e-01 2.815442354981740822e-02 9.618032300976091520e-01 1.184961993991330509e+01
9.599451330254186177e-01 -1.558003532205426249e-02 -2.796967124230908541e-01 -2.315199248406168309e+00 6.079204224458608329e-03 9.993758441493827416e-01 -3.478567530331287683e-02 -3.014886831002588918e-01 2.800642640762980307e-01 3.169155993360929513e-02 9.594406934146461063e-01 1.244106337548915953e+01
9.576966753593970649e-01 -1.615487767341616809e-02 -2.873550234183585017e-01 -2.507710110763226918e+00 4.927076098184088315e-03 9.991972715689975137e-01 -3.976643686933304528e-02 -3.298245818926638373e-01 2.877665861664233105e-01 3.666946888689788520e-02 9.570075013214226489e-01 1.303901783434501915e+01
9.555562375046016133e-01 -1.763824287597436091e-02 -2.943535367391492130e-01 -2.707131533827347170e+00 3.865111675441968916e-03 9.988723298036980003e-01 -4.732347233999067287e-02 -3.687211265189515585e-01 2.948563685709509885e-01 4.408277723648700019e-02 9.545469146787001202e-01 1.365293247998874904e+01
9.544115323563725495e-01 -1.817973567212655128e-02 -2.979755628205773554e-01 -2.908634398040442548e+00 1.728026965815432749e-03 9.984633237306619336e-01 -5.539846176271358974e-02 -4.040531750968960889e-01 2.985248324848900903e-01 5.235828089516996603e-02 9.529763888394184868e-01 1.427673119867490925e+01
9.535946647816619937e-01 -1.787570507405993395e-02 -3.006213715043877799e-01 -3.122774820588123834e+00 -1.643179074447036897e-03 9.979122773060433715e-01 -6.456853605037357613e-02 -4.479197205618428157e-01 3.011479919776178238e-01 6.206642228178915754e-02 9.515743557867456515e-01 1.491269450503272154e+01
9.521293435902428159e-01 -1.743649019859814034e-02 -3.052334319958041609e-01 -3.338588957771028820e+00 -5.269550392252408087e-03 9.972873798719390503e-01 -7.340005489605376521e-02 -4.956333909870085375e-01 3.056856343936085740e-01 7.149401569822304292e-02 9.494547579564278639e-01 1.555692430996288422e+01
9.510244447564946135e-01 -1.666589600348263381e-02 -3.086407712594203545e-01 -3.563600809300269123e+00 -8.597106380812657642e-03 9.967332479976521720e-01 -8.030063568816467323e-02 -5.530694327470486726e-01 3.089711128857624556e-01 7.902018115138288723e-02 9.477743788362770205e-01 1.621266712700307622e+01
9.497112052951862671e-01 -1.608950167579900267e-02 -3.126760663161791132e-01 -3.799862106616196833e+00 -1.133087349899013392e-02 9.962590825523934823e-01 -8.566295751451422080e-02 -6.139439998496776241e-01 3.128848091815112920e-01 8.489744037881123695e-02 9.459761471270908828e-01 1.687150241847071896e+01
9.479047188170938165e-01 -1.439717680526313853e-02 -3.182027557847554866e-01 -4.044681317446269020e+00 -1.588308836798867779e-02 9.955995840099680638e-01 -9.237954076782206592e-02 -6.805005723802904916e-01 3.181317357572577276e-01 9.262397296681287862e-02 9.435049006069288202e-01 1.755266756811375473e+01
9.466603547603960056e-01 -1.213547961842514726e-02 -3.219784999324361019e-01 -4.298449629088315405e+00 -2.032775484314140735e-02 9.950511560178494364e-01 -9.726014393442447559e-02 -7.542698055557535142e-01 3.215649977129216297e-01 9.861907237334162357e-02 9.417288049451739695e-01 1.823032048197481458e+01
9.444178441108247446e-01 -9.333405145377813433e-03 -3.285423797966869897e-01 -4.558911703485115652e+00 -2.525740670703267854e-02 9.945823162848291821e-01 -1.008638923936360510e-01 -8.299087506998730213e-01 3.277031771155818896e-01 1.035592366753626259e-01 9.390657237176581740e-01 1.893053674605163650e+01
9.432550290827356188e-01 -8.216631534917506405e-03 -3.319593807215931447e-01 -4.823853971498692772e+00 -2.749211946511150029e-02 9.943295322009882975e-01 -1.027487376464502056e-01 -9.088440311548896533e-01 3.309205641554505695e-01 1.060475347737701857e-01 9.376805601762373543e-01 1.963656598694945998e+01
9.408883275522689216e-01 -8.060672699111686573e-03 -3.386426534755704876e-01 -5.093969988840668428e+00 -2.800910413559585393e-02 9.944413995438818876e-01 -1.014779569006026561e-01 -9.953141492060746387e-01 3.375786500646437149e-01 1.049626004401080087e-01 9.354324422649639148e-01 2.035908817442075858e+01
9.384366224533349232e-01 -8.421133581819475328e-03 -3.453485329517213542e-01 -5.370743450817046849e+00 -2.784574783213390053e-02 9.946058136856722465e-01 -9.992950132148928355e-02 -1.082531674016383061e+00 3.443274809113199830e-01 1.033931614577028452e-01 9.331399507361456402e-01 2.108862289002880885e+01
9.362828844687193230e-01 -8.817517690550377707e-03 -3.510337896293116433e-01 -5.661339726882153478e+00 -2.762629718189564196e-02 9.947393325938398423e-01 -9.866664326698644516e-02 -1.168081434522532547e+00 3.500563154973154179e-01 1.020822295958547926e-01 9.311138488973713656e-01 2.182715713298799542e+01
9.341351488748556031e-01 -8.010610445592690823e-03 -3.568002391139584728e-01 -5.951969744219043790e+00 -2.793904405898635021e-02 9.950393042540628397e-01 -9.545732534646232670e-02 -1.251570765699396626e+00 3.557950936993797830e-01 9.913762485421781512e-02 9.292774497374455267e-01 2.255685455346485924e+01
9.291710897740205199e-01 -5.663048237510327765e-03 -3.696511852665083642e-01 -6.272856400047315262e+00 -2.965518182059009161e-02 9.955176896841622103e-01 -8.979923647210494297e-02 -1.329631051973661826e+00 3.685028466438772798e-01 9.440047684580045451e-02 9.248385199459616679e-01 2.332548029849698068e+01
9.263341518595784585e-01 -2.825147997586032952e-03 -3.766670269421040218e-01 -6.594429416807297883e+00 -3.118734574897789880e-02 9.959637930890544721e-01 -8.416099620894305910e-02 -1.410273831010956380e+00 3.753845000153467892e-01 8.970873860864671256e-02 9.225071764731813673e-01 2.408096950328865660e+01
9.226587708602960181e-01 -9.232772820075673260e-05 -3.856308680051127036e-01 -6.931031444500163730e+00 -3.361908674498122196e-02 9.961731331042051885e-01 -8.065798492121249719e-02 -1.486778932243236762e+00 3.841627042635480382e-01 8.738175282026694468e-02 9.191247629819099263e-01 2.483690549634296119e+01
9.193942567299228097e-01 1.437573845783485498e-03 -3.932914194131940655e-01 -7.273891304773806077e+00 -3.508885910576106659e-02 9.963062440762717742e-01 -7.839727866254088406e-02 -1.564886500945804171e+00 3.917262036436964245e-01 8.587988653748498957e-02 9.160485212007941636e-01 2.559590827055912499e+01
9.158225106690836004e-01 1.699212209968799583e-03 -4.014952899882821002e-01 -7.625910917829573421e+00 -3.594606539026495157e-02 9.963237976517498318e-01 -7.776451215177865306e-02 -1.637089243807652750e+00 3.998870457222149510e-01 8.565336882489077430e-02 9.125168539106123244e-01 2.636830873866927405e+01
9.117485293390716894e-01 3.091914706708267287e-03 -4.107095832237842581e-01 -7.987602526213951393e+00 -3.767301780144274165e-02 9.963863174074751861e-01 -7.614828509325556605e-02 -1.710249591968580063e+00 4.089897054716764013e-01 8.490516172994047595e-02 9.085703205470019306e-01 2.714331872957057712e+01
9.077109173014337173e-01 3.080561975754353941e-03 -4.195806189436133149e-01 -8.367949404885028031e+00 -3.787550389631120368e-02 9.964923574872424084e-01 -7.463379498806786694e-02 -1.781471873879548529e+00 4.178789213560269444e-01 8.363950544208843818e-02 9.046437353469748421e-01 2.792132625655408873e+01
9.039671597412965998e-01 2.935804914501261367e-03 -4.275029242617888192e-01 -8.750938154977488281e+00 -3.745299778962047493e-02 9.966768788028199655e-01 -7.234017778041997027e-02 -1.853779106210800887e+00 4.258699262953776765e-01 8.140683009244985280e-02 9.010731235881469514e-01 2.870473438543543310e+01
9.013571735998519019e-01 2.941099029855926295e-03 -4.330773278404821958e-01 -9.142887836107014721e+00 -3.611828203052909469e-02 9.970036811684441780e-01 -6.842617475633223922e-02 -1.921286278039974205e+00 4.315784151897356646e-01 7.732177678924705144e-02 8.987628158097072939e-01 2.950490585619628803e+01
8.969721426173598022e-01 5.029093331151288787e-03 -4.420955372722060739e-01 -9.553207268949801545e+00 -3.658731609688407882e-02 9.973494361163646182e-01 -6.290238033441535037e-02 -1.988348371513264157e+00 4.406076276748740472e-01 7.259640299665838514e-02 8.947786510064188459e-01 3.032032385798549257e+01
8.932144124170252608e-01 4.708675048134711334e-03 -4.496237035299345819e-01 -9.974419300901031349e+00 -3.452780027054579148e-02 9.977106609456595221e-01 -5.813523530740355438e-02 -2.055630952897848474e+00 4.483201804955902481e-01 6.745380863766377300e-02 8.913323643433092025e-01 3.112805120449252172e+01
8.896491640190392625e-01 4.643869480259018440e-03 -4.566379874811778428e-01 -1.040395870391991906e+01 -3.386923331842507656e-02 9.978649685736852293e-01 -5.581971326747055956e-02 -2.118374774408536609e+00 4.554035589906449411e-01 6.512514613437046795e-02 8.879072484039799429e-01 3.194528567909269157e+01
8.869034244258506838e-01 3.595538238724063640e-03 -4.619745576849072499e-01 -1.084730604678077981e+01 -3.278518993308646851e-02 9.979380272784461603e-01 -5.516925611933122531e-02 -2.180441120051053616e+00 4.608234888997619905e-01 6.407479893755088640e-02 8.851926826836734596e-01 3.277796183095553317e+01
8.844547726494431661e-01 4.121747330249928357e-03 -4.666314880536692189e-01 -1.129797038015126454e+01 -3.293152605162476959e-02 9.980189309418784349e-01 -5.359679356462239419e-02 -2.239549502034711370e+00 4.654864357136582753e-01 6.276739086308451288e-02 8.828383124189631559e-01 3.360610000481180748e+01
8.814752094611929545e-01 3.030231470068824561e-03 -4.723103103136649383e-01 -1.176316110471573495e+01 -3.120721911524626524e-02 9.981671130225469035e-01 -5.184263343963064347e-02 -2.298087252883493914e+00 4.712876152732441426e-01 6.043513097754989183e-02 8.799542041390325808e-01 3.445020430441126535e+01
8.790250523150758832e-01 3.057158811895451401e-03 -4.768123754518033275e-01 -1.223120721640242081e+01 -3.153424936252679361e-02 9.981626504576623926e-01 -5.175683583891699940e-02 -2.360628514849866910e+00 4.757784765533802918e-01 6.053046265902770062e-02 8.775061630033238469e-01 3.529984685293815261e+01
8.774156423286946227e-01 2.021200559776729216e-03 -4.797334438953309022e-01 -1.271732244651625265e+01 -3.054690946061597995e-02 9.981970798459005589e-01 -5.165969365650046469e-02 -2.417086451191983620e+00 4.787640335978246564e-01 5.998204877295824911e-02 8.758955733614464112e-01 3.615899716070452996e+01
8.746830222648339648e-01 1.327229325459319950e-03 -4.846680986549231074e-01 -1.321464369650187720e+01 -3.062086797940787031e-02 9.981500051170396626e-01 -5.252175601002388727e-02 -2.477900094649002405e+00 4.837016417804695934e-01 6.078184487194221441e-02 8.731055717277762529e-01 3.703026757730254559e+01
8.751807017093387042e-01 1.280919558113914830e-03 -4.837289316491927282e-01 -1.371374897311852514e+01 -2.994914234868850320e-02 9.982220040508854586e-01 -5.153246207565256171e-02 -2.538613662090658085e+00 4.828026802031065157e-01 5.958940760808164455e-02 8.736629575774835788e-01 3.791370211909834609e+01
8.749397247761784291e-01 1.928321390722235367e-03 -4.842736804213840784e-01 -1.422526426462525428e+01 -2.982124753489165739e-02 9.983083847060398863e-01 -4.990222965802214999e-02 -2.596049861612708121e+00 4.833581742605589371e-01 5.810332754240175868e-02 8.735172656551107861e-01 3.880970256497145243e+01
8.745330659296252085e-01 7.649927344272805302e-04 -4.850103816168609416e-01 -1.474106043211149775e+01 -2.832666176177492390e-02 9.983720259846776690e-01 -4.951753269309537575e-02 -2.656666469810870623e+00 4.841831230086683924e-01 5.704281015438986135e-02 8.731309011849101021e-01 3.972357435109343982e+01
8.745662422500756206e-01 -2.342578220551443970e-03 -4.848938466800146174e-01 -1.525795480717582286e+01 -2.517134343514107822e-02 9.984208503724972816e-01 -5.021145905579779689e-02 -2.720194734871086872e+00 4.842459577572542084e-01 5.611555958132592725e-02 8.731260288869793218e-01 4.063829323514141834e+01
8.729265949142571701e-01 -4.366288057281420346e-03 -4.878261576601519156e-01 -1.579317846982828755e+01 -2.327555766944271534e-02 9.984483049389074605e-01 -5.058358613950830057e-02 -2.785671768154537098e+00 4.872900654108221485e-01 5.551087662438303899e-02 8.714705162158663532e-01 4.156990962195625627e+01
8.721986151979921331e-01 -5.086080660900494689e-03 -4.890940353431986742e-01 -1.632466455281134188e+01 -2.198120720699486830e-02 9.985282255822898190e-01 -4.957602761050237256e-02 -2.847285101400998553e+00 4.886265666278156727e-01 5.398949418516491017e-02 8.708030411739114962e-01 4.250046554965298640e+01
8.703596743926389490e-01 -4.006355446348599213e-03 -4.923625910109639126e-01 -1.686549622697830131e+01 -2.100278012384092230e-02 9.987549212616714245e-01 -4.525252337636760658e-02 -2.909069418577165056e+00 4.919309200813098415e-01 4.972638273206900217e-02 8.691916882964956237e-01 4.343293122601874501e+01
8.661245011950103878e-01 -3.741703465153168890e-03 -4.997446312551265257e-01 -1.740841034420001421e+01 -1.900130625269163751e-02 9.990026915628564819e-01 -4.040178058087554730e-02 -2.973963589522983675e+00 4.993971002386655700e-01 4.449248914851874209e-02 8.651896250026008817e-01 4.436476871484010331e+01
8.634722245456463163e-01 -4.401913227277502727e-03 -5.042629791847150766e-01 -1.795797604393095526e+01 -1.756279458580726344e-02 9.990931797010937920e-01 -3.879557444206199746e-02 -3.024566928487319561e+00 5.039761283791699409e-01 4.236044670829242770e-02 8.626119434133248109e-01 4.528676108921379750e+01
8.583241926393027077e-01 -8.013248582608252166e-03 -5.130757717282998787e-01 -1.850697677618530790e+01 -1.509772974241928821e-02 9.990506920322878015e-01 -4.085977163990180822e-02 -3.089551944760303925e+00 5.129163323939626151e-01 4.281455530060088860e-02 8.573883394533181601e-01 4.620018657655465688e+01
8.526679612949792375e-01 -1.078260369630305165e-02 -5.223214795874043803e-01 -1.907374813622693210e+01 -1.434444453685546420e-02 9.989269149507951084e-01 -4.404509423123452450e-02 -3.154496195499017386e+00 5.222358503608747204e-01 4.505029103503768728e-02 8.515983114678491450e-01 4.710693340083584957e+01
8.462430491412801237e-01 -1.089909123736516015e-02 -5.326107832301464340e-01 -1.965516559745053016e+01 -1.448055253521920820e-02 9.989509547536374878e-01 -4.344204957767688891e-02 -3.211870641676312310e+00 5.325254492676050333e-01 4.447745311133317891e-02 8.451973578184922564e-01 4.802012473897429601e+01
8.414898662292085163e-01 -8.316572808968991995e-03 -5.401385947738281956e-01 -2.025410006371451743e+01 -1.507829920251901011e-02 9.991304980840696182e-01 -3.886858610805220271e-02 -3.266347069672738357e+00 5.399919316423567039e-01 4.085658827810459415e-02 8.406328901003271570e-01 4.892292536260151081e+01
8.356856540385946275e-01 -4.707179656132538630e-03 -5.492849047357748482e-01 -2.085279615844316226e+01 -1.644302516086607047e-02 9.993005462302438913e-01 -3.358570440384142652e-02 -3.324594857396991454e+00 5.490590364264142931e-01 3.709635978306833476e-02 8.350237107914949553e-01 4.982071107460590298e+01
8.314490411004098469e-01 -3.546586235238240788e-03 -5.555701205254423014e-01 -2.146294720297448322e+01 -1.891313168177213497e-02 9.992193637080116764e-01 -3.468169964990488324e-02 -3.375803185494944181e+00 5.552597497962925566e-01 3.934122377662205294e-02 8.307329266162918335e-01 5.070987918554772023e+01
8.285850419976366066e-01 -6.254825911603780625e-03 -5.598161090280212582e-01 -2.207122744862374120e+01 -1.908640564306483475e-02 9.990407199635574775e-01 -3.940506614328050106e-02 -3.430477423959931826e+00 5.595255470400553044e-01 4.333734498640010036e-02 8.276708617456238759e-01 5.158833428939017551e+01
8.264006318762364689e-01 -8.132851967600909088e-03 -5.628796795633957961e-01 -2.268107995378801789e+01 -2.163088708200066115e-02 9.986990463674385587e-01 -4.616990160547056188e-02 -3.495249492924469070e+00 5.625225937628834938e-01 5.033565543960018263e-02 8.251496837482077407e-01 5.246858448508128703e+01
8.223333184838851340e-01 -6.243193988391218009e-03 -5.691003208716753914e-01 -2.330423241332108830e+01 -2.484468945975049775e-02 9.985922269023351783e-01 -4.686286161566542707e-02 -3.550432415194706426e+00 5.685920908177846123e-01 5.267118210899080638e-02 8.210205915652265540e-01 5.334799588405262938e+01
8.195856378703685330e-01 -7.001094031107909892e-03 -5.728777486068878932e-01 -2.392896469112318769e+01 -2.218640834579548721e-02 9.987875901210498952e-01 -4.394583780924794097e-02 -3.623432284070585485e+00 5.724910099607327663e-01 4.872717070665209815e-02 8.184366575104434771e-01 5.421584962428499921e+01
8.162309168257304570e-01 -5.411913821154540165e-03 -5.777448315152774461e-01 -2.456365163065532187e+01 -2.017081230600023534e-02 9.990794567942660187e-01 -3.786005010134052551e-02 -3.676219520486546433e+00 5.774181925755775824e-01 4.255286378501260680e-02 8.153703066549671252e-01 5.509789412924565255e+01
8.126728383048338333e-01 -4.076024179115888060e-03 -5.826547919983383617e-01 -2.520545256099987697e+01 -1.998780250468768296e-02 9.991920591944077890e-01 -3.485340989245229448e-02 -3.732611126271748070e+00 5.823259838859463633e-01 3.997261374568975012e-02 8.119349033735615562e-01 5.596857441233771624e+01
8.107033181396139376e-01 -2.017958061731790938e-03 -5.853362605804829366e-01 -2.585216707018658866e+01 -2.318063923819821404e-02 9.990992178154138870e-01 -3.554015560422067038e-02 -3.786478504100905695e+00 5.848806396167837152e-01 4.238607659552899587e-02 8.099264464935501673e-01 5.684644817981525478e+01
8.058753190403736832e-01 -3.931879227482767102e-03 -5.922014945895330840e-01 -2.649701141952305150e+01 -2.220212862681928898e-02 9.990740295231175239e-01 -3.685495315537476446e-02 -3.839614590546491346e+00 5.917985266899343788e-01 4.284166888832354608e-02 8.050417846495522278e-01 5.770933476320642086e+01
8.026637198010806440e-01 -5.899680318452430253e-03 -5.963013659646645426e-01 -2.715064369973340064e+01 -2.194651789812416751e-02 9.989817038951748218e-01 -3.941474636964202583e-02 -3.901297665251953095e+00 5.959266217921131981e-01 4.472755533262952332e-02 8.017169577620272269e-01 5.857618127577905653e+01
7.989768236405302426e-01 -7.919515585938582611e-03 -6.013493879878837323e-01 -2.781209089496596576e+01 -2.022205316165037042e-02 9.989939432242771478e-01 -4.003171716910495365e-02 -3.953686420810937907e+00 6.010617312354550323e-01 4.414309023347572081e-02 7.980128575935057089e-01 5.943886035286729452e+01
7.932181559108671953e-01 -8.257477795281463126e-03 -6.087568418529285541e-01 -2.848757113685240228e+01 -1.943243673099932789e-02 9.990554316636209853e-01 -3.886088241952989630e-02 -4.013150631108057809e+00 6.085026322659458087e-01 4.265881345591047286e-02 7.923086220126093204e-01 6.029561478690263954e+01
7.900757841661470993e-01 -8.005644194829832083e-03 -6.130101936396481488e-01 -2.915826550194346467e+01 -1.933457902019970406e-02 9.990917724512009546e-01 -3.797172917340398829e-02 -4.070319693887248569e+00 6.127575378037323217e-01 4.185046488307350709e-02 7.892032529377059902e-01 6.115597954576406892e+01
7.841817192614390919e-01 -8.385885598439057897e-03 -6.205283271795533073e-01 -2.985368769006382550e+01 -1.958811517936270494e-02 9.990757874239660774e-01 -3.825113084354270221e-02 -4.131439290275038978e+00 6.202756537934683845e-01 4.215020973760923162e-02 7.832928077410172829e-01 6.200933383761324080e+01
7.786957430292326121e-01 -1.079382979042554230e-02 -6.273651771507757768e-01 -3.055084951325661891e+01 -1.806530442144678450e-02 9.990515934680794796e-01 -3.960990559482642503e-02 -4.191080039234360122e+00 6.271976353433823537e-01 4.217888270689788832e-02 7.777622307634304288e-01 6.286499806725211670e+01
7.736372362811457792e-01 -1.249832761450519157e-02 -6.335429846104707607e-01 -3.125416845364448193e+01 -1.684110885403050997e-02 9.990465947652179546e-01 -4.027750936044886820e-02 -4.248760840590099619e+00 6.334426054491634206e-01 4.182483576226698335e-02 7.726890126960069827e-01 6.370686666043177127e+01
7.678468544603235246e-01 -1.260131464188897141e-02 -6.404523473148214796e-01 -3.197650092014698942e+01 -1.802066221114832778e-02 9.989859509863001641e-01 -4.126042533624003222e-02 -4.300704838733522273e+00 6.403225885563723629e-01 4.322764868379766479e-02 7.668411962471021193e-01 6.455349429668365246e+01
7.634988304668695047e-01 -1.488145946053887579e-02 -6.457445533151614514e-01 -3.269336423089098531e+01 -1.637614088529312784e-02 9.989668623063914232e-01 -4.238836512237185300e-02 -4.360115668993284288e+00 6.457079948757984411e-01 4.293963099144524481e-02 7.624662744851927743e-01 6.539238708788660404e+01
7.569132649453078621e-01 -1.555329444868090889e-02 -6.533790020617308292e-01 -3.343327711521958179e+01 -1.594382790381316042e-02 9.989796413065774594e-01 -4.224433267347324494e-02 -4.422967602861574754e+00 6.533696100974877297e-01 4.238916696011305746e-02 7.558928989734873261e-01 6.623266794870988861e+01
7.492067725857833871e-01 -1.590050133314921052e-02 -6.622334785003234359e-01 -3.417370054387847489e+01 -1.503410416933135055e-02 9.990459055751709228e-01 -4.100358159192864227e-02 -4.487460998652385236e+00 6.622537811445271538e-01 4.067362969087736507e-02 7.482529995390887478e-01 6.706322212172737807e+01
7.445144161113445014e-01 -1.751058772287740137e-02 -6.673135915209587044e-01 -3.493268021735055839e+01 -1.263492922297613022e-02 9.991072555991684645e-01 -4.030972384966535066e-02 -4.547811398029754315e+00 6.674237517549608256e-01 3.844446276705866528e-02 7.436286563534520999e-01 6.789325447107849243e+01
7.380233019218794821e-01 -1.798429253698905633e-02 -6.746541996446315803e-01 -3.570138991618636481e+01 -1.276436795459980587e-02 9.990938155572671731e-01 -4.061065043751992815e-02 -4.610870684303787215e+00 6.747731345393777058e-01 3.858436899207582510e-02 7.371250929090371606e-01 6.872134644221729616e+01
7.299939976458270641e-01 -2.055740403817649109e-02 -6.831565560855891173e-01 -3.648503001674147583e+01 -1.218234165959338443e-02 9.989973319670477636e-01 -4.307694695485622671e-02 -4.674222987937644902e+00 6.833571569378756871e-01 3.977058402348192245e-02 7.290115953062538123e-01 6.953772874390003267e+01
7.258726655496482438e-01 -1.961071495051238539e-02 -6.875447528121675367e-01 -3.727300171899440784e+01 -1.359467534601586751e-02 9.989890654850437368e-01 -4.284122270150134831e-02 -4.736751377895464188e+00 6.876901069849095105e-01 4.044261205786266883e-02 7.248724203286812662e-01 7.035561293370355429e+01
7.193421515665104904e-01 -1.921918627573137445e-02 -6.945384750905417848e-01 -3.808178569821976112e+01 -1.327447758938030825e-02 9.990542651476723712e-01 -4.140059615216636763e-02 -4.796187575732707487e+00 6.946774888449697150e-01 3.900120653470433296e-02 7.184068645930379304e-01 7.117988252693993445e+01
7.166000392934493979e-01 -1.860367049781799093e-02 -6.972790244175246510e-01 -3.889327182564803564e+01 -1.431455123828383365e-02 9.990413549220030776e-01 -4.136204961068365438e-02 -4.858586752307195056e+00 6.973801493988019962e-01 3.962148602636578892e-02 7.156469673339252990e-01 7.199817237564592176e+01
7.097601507149748912e-01 -1.973899918475338980e-02 -7.042284137268651767e-01 -3.972009487390712223e+01 -1.410981213429402317e-02 9.990083986011720762e-01 -4.223303607747529165e-02 -4.921968474508182645e+00 7.043637674119842540e-01 3.991096938898773538e-02 7.087780209849091628e-01 7.280577843380980596e+01
7.052587171101011299e-01 -2.213394382418523362e-02 -7.084499668530903627e-01 -4.054280414271197941e+01 -1.405700475675478699e-02 9.988793587262735363e-01 -4.519314814829207549e-02 -4.986954125856271069e+00 7.086559618649833636e-01 4.184064238887851700e-02 7.041571979444484208e-01 7.361692871570984664e+01
7.003418583846485745e-01 -2.458266382579060022e-02 -7.133554217204730596e-01 -4.137543039087277918e+01 -1.424010069829522405e-02 9.987266530574542278e-01 -4.839692325163771902e-02 -5.057778537897092974e+00 7.136364187532729941e-01 4.405831211038265666e-02 6.990999927960260818e-01 7.442375189974512750e+01
6.961807757599989266e-01 -2.440913630878092239e-02 -7.175506214409281824e-01 -4.222494310820897567e+01 -1.489895058077838307e-02 9.987150459038123262e-01 -4.843376254011621390e-02 -5.127231184998235491e+00 7.178113435548711951e-01 4.440404410486232384e-02 6.949226082830883833e-01 7.522386144886024795e+01
6.894995050948663495e-01 -2.461153175274028229e-02 -7.237471602087541811e-01 -4.307854725933912476e+01 -1.384419202996352120e-02 9.987920376800666356e-01 -4.713832889873420529e-02 -5.191686606494948286e+00 7.240330686893290402e-01 4.252463554149046171e-02 6.883257100517579108e-01 7.602400912181934700e+01
6.854449144261430815e-01 -2.528282490440512606e-02 -7.276825901024978061e-01 -4.393817766394045776e+01 -1.221412352919719856e-02 9.988570377232832698e-01 -4.619946329564512955e-02 -5.261704389372025226e+00 7.280187718767298088e-01 4.056213817911431124e-02 6.843525373677856738e-01 7.682594505050509781e+01
6.802118521206126367e-01 -2.517637413848423933e-02 -7.325586186720506321e-01 -4.481361313303138161e+01 -1.290635897252061237e-02 9.988436014578879751e-01 -4.630792955831922186e-02 -5.337204846742760189e+00 7.328776173617920220e-01 4.095339599994402696e-02 6.791003334126191060e-01 7.762634790396094786e+01
6.762604454549655530e-01 -2.826996470729811750e-02 -7.361534383935780523e-01 -4.569207045903203834e+01 -1.041397773329155209e-02 9.987966514751872582e-01 -4.792284650485963138e-02 -5.405197015451907561e+00 7.366221675680664216e-01 4.007843370828561430e-02 6.751522584241562708e-01 7.842127444519246637e+01
6.709577824305864580e-01 -2.790249964577738370e-02 -7.409168417517764116e-01 -4.657959742252760549e+01 -9.791472129172423475e-03 9.988711892557240457e-01 -4.647782561555484360e-02 -5.475235883459586894e+00 7.413773229588633829e-01 3.843637252831810097e-02 6.699272190905147806e-01 7.921055948990372997e+01
6.675622811879589058e-01 -2.934823910275762351e-02 -7.440366158524273077e-01 -4.747690284134580452e+01 -7.936160908903519551e-03 9.988855959779240345e-01 -4.652045999742421972e-02 -5.539462321310913318e+00 7.445730514959949531e-01 3.695637060330678875e-02 6.665854461220813709e-01 8.000049989915780202e+01
6.647279844659457204e-01 -3.206488634620203310e-02 -7.463791948811634436e-01 -4.837802719505732085e+01 -5.924003146028451218e-03 9.988207538748640202e-01 -4.819599196305026506e-02 -5.614933543693728879e+00 7.470443856679263028e-01 3.645486763318506185e-02 6.637543136077378447e-01 8.078816100470250205e+01
6.596047483172985393e-01 -3.689901666426782800e-02 -7.506746048376830016e-01 -4.928729400976266106e+01 -2.119007101684658098e-03 9.986990543797438225e-01 -5.094856113625615551e-02 -5.689870403630709284e+00 7.515775306395833244e-01 3.520055245275721667e-02 6.586682741958107545e-01 8.157867795839354130e+01
6.544606431926683898e-01 -4.060656481748808888e-02 -7.550816131780617724e-01 -5.020248265789160769e+01 1.575770215777668294e-03 9.986278460672541879e-01 -5.235028533781276722e-02 -5.762713169933141089e+00 7.561711685471058653e-01 3.307195198284951232e-02 6.536267607553365444e-01 8.236841302694018907e+01
6.488015317604349796e-01 -4.534744952465038365e-02 -7.595737200823166058e-01 -5.113346733033908720e+01 7.619609027299863169e-03 9.985600475501322792e-01 -5.309672542950148733e-02 -5.843374884432256167e+00 7.608874374807467200e-01 2.866507328795704287e-02 6.482124897125652874e-01 8.315728740312427192e+01
6.393897856855473849e-01 -4.923639221281193162e-02 -7.672903951844534109e-01 -5.206396162207526146e+01 1.292357085473177722e-02 9.984948115575791316e-01 -5.330537960662186381e-02 -5.920822333788863467e+00 7.687597193280651942e-01 2.416700337984861724e-02 6.390637355434337641e-01 8.392639029141187734e+01
6.324200237227480814e-01 -5.125578142610042603e-02 -7.729562019839090192e-01 -5.300321474991331883e+01 1.655434740211419661e-02 9.984745684360197826e-01 -5.267412562873856341e-02 -6.004454717955444387e+00 7.744772034980337283e-01 2.051269446454147619e-02 6.323042603802947470e-01 8.470678138170795535e+01
6.211151591731469690e-01 -4.954906326936009409e-02 -7.821440435716504602e-01 -5.397599479286517266e+01 1.746008563261795474e-02 9.986265191630271376e-01 -4.940163508667394510e-02 -6.078132979798430036e+00 7.835175708899329017e-01 1.702818609436829514e-02 6.211271881074601486e-01 8.546375044171639956e+01
6.127951608056975141e-01 -4.988889781825987801e-02 -7.886410400299065371e-01 -5.495560113734638463e+01 1.735671606917179796e-02 9.986141199155813553e-01 -4.967034092890583452e-02 -6.156938482723861128e+00 7.900267408818693049e-01 1.674342855175119105e-02 6.128118296226543471e-01 8.621575476431397078e+01
6.037876236991664980e-01 -5.017383898607771092e-02 -7.955439701123162566e-01 -5.593602358143236586e+01 1.541075978884103893e-02 9.985655820789819392e-01 -5.127777731308279241e-02 -6.232577717140412865e+00 7.969754222634745089e-01 1.870259701723098536e-02 6.036945079784130641e-01 8.695547290303628074e+01
5.929857366346293901e-01 -5.314053810401024591e-02 -8.035263415295156308e-01 -5.693751121887270017e+01 1.687565600724730622e-02 9.984211158999238833e-01 -5.356392292351914303e-02 -6.310258868789070164e+00 8.051046761479784264e-01 1.820152375884101503e-02 5.929460222213062126e-01 8.768123756460127538e+01
5.823653869334135535e-01 -5.401521406122927749e-02 -8.110764023357455166e-01 -5.795066859491465294e+01 1.681162157112719990e-02 9.983768096153783356e-01 -5.442104148834633892e-02 -6.390471987670469645e+00 8.126992663088695723e-01 1.805726333256140251e-02 5.823281841389220670e-01 8.839652945926759742e+01
5.751174886413648046e-01 -5.556904208916239873e-02 -8.162764868486993564e-01 -5.897875672678611636e+01 1.988124592573826607e-02 9.983445944716552445e-01 -5.396078781161973981e-02 -6.475168165798744546e+00 8.179248291683717254e-01 1.479660244516401053e-02 5.752708175064871199e-01 8.912198695196811116e+01
5.622344566382689868e-01 -5.524124968308583711e-02 -8.251633679944214705e-01 -6.001692865796904641e+01 2.150463530847808794e-02 9.984057613026706690e-01 -5.218601013974746849e-02 -6.556975089348588526e+00 8.267307620505245369e-01 1.159763988221307156e-02 5.625258067439664611e-01 8.981773300980221109e+01
5.516711872476731671e-01 -5.617296700352545497e-02 -8.321501863708408164e-01 -6.106182012963242300e+01 2.207790604041738255e-02 9.983632590304543086e-01 -5.276249101906362732e-02 -6.635190201386384601e+00 8.337517532010739751e-01 1.073548015908473360e-02 5.520085863680518345e-01 9.050536759708575119e+01
5.422337579087884718e-01 -5.604266765070353012e-02 -8.384850305908142509e-01 -6.211941913137108173e+01 2.012045992775939388e-02 9.983530533140989593e-01 -5.371890686877579119e-02 -6.724120826669325979e+00 8.401150899385787518e-01 1.225728520192247324e-02 5.424683273650643400e-01 9.118437411769316725e+01
5.317049295033091649e-01 -5.695239315398018670e-02 -8.449692195994064070e-01 -6.319266988445723854e+01 1.961612720137760960e-02 9.982966610255471496e-01 -5.495987161790163306e-02 -6.802094891083230621e+00 8.466592390832282655e-01 1.265013940954992470e-02 5.319168469520704212e-01 9.185397028950491460e+01
5.231627671294827309e-01 -5.833937571856971649e-02 -8.503076914277771792e-01 -6.426852773580354494e+01 1.886181062253329890e-02 9.982018450385882202e-01 -5.688948289852432949e-02 -6.890840608642959886e+00 8.520985036260302348e-01 1.371409941542912035e-02 5.233233146011859738e-01 9.249635789302281808e+01
