1.0 0.0 0.0 0.0 0.0 1.0 0.0 0.0 0.0 0.0 1.0 0.0
0.9999312 0.011562927 0.0019700895 0.30187988 -0.011553807 0.99992275 -0.004578028 -0.016479492 -0.002022868 0.004554946 0.9999876 0.0041503906
0.99984604 0.017485743 0.0014262289 0.58361816 -0.017477492 0.9998315 -0.0056068255 -0.017700195 -0.0015240199 0.005581027 0.99998325 0.0076904297
0.99982595 0.018642234 0.0005340425 0.8798828 -0.018636419 0.9997823 -0.009366928 -0.030029297 -0.0007085949 0.009355342 0.999956 0.012329102
0.9998593 0.016749406 -0.000976837 1.1906738 -0.016758261 0.99981064 -0.009892928 -0.036621094 0.0008109214 0.009907908 0.9999506 0.011962891
0.99993974 0.010762537 -0.002187553 1.5179443 -0.0107877385 0.9998715 -0.011858179 -0.037109375 0.0020596667 0.011881049 0.9999273 0.011108398
0.99999225 -0.0014890262 -0.0036395567 1.8342285 0.0014404492 0.9999103 -0.013314841 -0.032226562 0.0036590586 0.0133094955 0.9999047 0.027709961
0.9998332 -0.017805027 -0.0040769153 2.164917 0.017752396 0.9997631 -0.0126046715 -0.016357422 0.0043002875 0.012530214 0.99991226 0.03112793
0.99929935 -0.037200082 -0.004004412 2.515503 0.037164535 0.99927163 -0.008612582 0.014770508 0.004322007 0.008457687 0.9999549 0.027709961
0.99838006 -0.056651365 -0.0053412556 2.8656006 0.05662567 0.99838406 -0.004846521 0.051513672 0.0056070895 0.004536274 0.999974 0.033325195
0.997138 -0.07536578 -0.0059525226 3.2232666 0.07534015 0.997148 -0.0044202474 0.08947754 0.0062686633 0.003959125 0.9999725 0.036499023
0.9953379 -0.09628879 -0.005213567 3.6065674 0.09625698 0.9953363 -0.006043881 0.13317871 0.005771269 0.005513761 0.9999682 0.041503906
0.99315083 -0.11676908 -0.0043194965 3.9919434 0.11673436 0.99313545 -0.0075659463 0.18701172 0.005173338 0.0070098788 0.99996203 0.04296875
0.9910249 -0.13364898 -0.0037502293 4.388916 0.13361819 0.9910076 -0.007520405 0.25341797 0.0047215726 0.0069518513 0.99996465 0.05041504
0.98879427 -0.14928646 -0.0032132077 4.8032227 0.1492617 0.98877907 -0.00691218 0.32861328 0.0042088577 0.006355267 0.999971 0.05456543
0.98674446 -0.16228877 -0.0031911335 5.2216797 0.16226734 0.9867343 -0.0061063413 0.40686035 0.004139648 0.0055077374 0.9999763 0.05871582
0.9842999 -0.17641087 -0.004582919 5.6622314 0.17637356 0.98428816 -0.0075615724 0.49316406 0.005845415 0.006634549 0.9999609 0.064697266
0.98273027 -0.18494236 -0.0056833304 6.112671 0.18487737 0.9827041 -0.010385611 0.578125 0.007505597 0.009155298 0.9999299 0.072021484
0.98158485 -0.19086476 -0.007839543 6.5734863 0.19078209 0.98157907 -0.01021157 0.6722412 0.0096444385 0.008528074 0.99991715 0.07739258
0.9798145 -0.19963644 -0.010070059 7.048584 0.199537 0.9798347 -0.010080252 0.77941895 0.011879258 0.007867734 0.99989855 0.07775879
0.97835594 -0.20658535 -0.012124873 7.532837 0.20646314 0.97839946 -0.010600472 0.88671875 0.014052814 0.00786777 0.9998703 0.08520508
0.9766421 -0.21443518 -0.013241664 8.036987 0.2142453 0.97666717 -0.014413325 0.99560547 0.016023656 0.011239783 0.9998085 0.0949707
0.97492635 -0.2221377 -0.013522922 8.554077 0.22185214 0.97488236 -0.019869626 1.1065674 0.017597934 0.016372375 0.9997111 0.10839844
0.97298104 -0.23038967 -0.015136017 9.08606 0.23007345 0.972966 -0.020104256 1.2374268 0.019357605 0.016078986 0.99968344 0.12585449
0.9707095 -0.23937903 -0.02086379 9.610962 0.23906034 0.9708693 -0.016660001 1.3840332 0.02424372 0.011185191 0.9996435 0.13098145
0.9684593 -0.24798338 -0.024376145 10.155273 0.24769877 0.9687359 -0.014121747 1.5339355 0.027115934 0.007639651 0.99960315 0.14709473
0.96626174 -0.25630432 -0.025677 10.714233 0.2559597 0.9665622 -0.015968597 1.6890869 0.028910853 0.008858444 0.9995427 0.16223145
0.9637826 -0.26525208 -0.027852844 11.284424 0.26482046 0.9641309 -0.018252796 1.8399658 0.03169512 0.010217278 0.9994455 0.1854248
0.9618257 -0.27202436 -0.030131783 11.864258 0.27157444 0.9622522 -0.018207988 2.015747 0.0339484 0.009331158 0.99938 0.20629883
0.9594616 -0.27975604 -0.033715438 12.456665 0.27929986 0.9600249 -0.017650349 2.1955566 0.037305757 0.0075129727 0.99927515 0.22680664
0.95702845 -0.28742516 -0.038741708 13.055542 0.28691423 0.95779055 -0.018282123 2.3841553 0.04236046 0.006384985 0.99908245 0.25109863
0.9545687 -0.29446134 -0.04620082 13.670288 0.2938425 0.9556709 -0.01981149 2.579712 0.04998538 0.0053405105 0.9987359 0.28503418
0.9529968 -0.29807618 -0.054499153 14.294556 0.29739666 0.9545479 -0.020366838 2.7785645 0.058092803 0.0032064854 0.9983066 0.31518555
0.9515913 -0.30064195 -0.06422215 14.930908 0.29997167 0.9537557 -0.020063905 2.9903564 0.06728317 -0.00016665459 0.9977343 0.35351562
0.949468 -0.30512592 -0.07367561 15.575806 0.30451652 0.9523159 -0.01964368 3.203125 0.07615453 -0.0037865397 0.99708754 0.39575195
0.9477838 -0.30837128 -0.08121938 16.2323 0.30787426 0.9512314 -0.018885516 3.425415 0.0830835 -0.007109855 0.9965168 0.44836426
0.9459825 -0.3122544 -0.08711842 16.89209 0.31187084 0.9499354 -0.018331021 3.6586914 0.088481694 -0.0098348055 0.99602854 0.5050049
0.9435053 -0.3174673 -0.094872236 17.57434 0.31735542 0.94815147 -0.016669316 3.9000244 0.09524597 -0.014374501 0.99535245 0.56677246
0.94172263 -0.3208801 -0.1008828 18.253052 0.3211074 0.9469241 -0.014426537 4.150879 0.10015668 -0.018811412 0.9947936 0.6364746
0.93905175 -0.32700953 -0.10585299 18.954712 0.32766086 0.94469804 -0.011672116 4.4074707 0.103818424 -0.023722086 0.9943161 0.708374
0.9376631 -0.33022088 -0.10835779 19.661987 0.33107015 0.9435439 -0.010580184 4.6694336 0.10573399 -0.025946688 0.99405813 0.7841797
0.9354139 -0.33689103 -0.107310936 20.386353 0.33776397 0.9411802 -0.010489503 4.9353027 0.104531415 -0.026438087 0.99416804 0.8685303
0.93312156 -0.34365147 -0.10578063 21.117798 0.34447917 0.93873036 -0.010917382 5.2077637 0.10305321 -0.026249163 0.99433047 0.95373535
0.9310958 -0.34938946 -0.1045026 21.858154 0.35017136 0.9365783 -0.011371441 5.494385 0.101850554 -0.02600864 0.994462 1.0372314
0.9292578 -0.35515434 -0.10158897 22.589722 0.35596785 0.93442667 -0.010627148 5.781128 0.09870109 -0.026297972 0.9947674 1.1193848
0.9248134 -0.36791188 -0.096918136 23.361206 0.36887762 0.9294576 -0.008415637 6.095825 0.0931755 -0.027965099 0.9952563 1.1968994
0.9224763 -0.37484193 -0.092258744 24.118896 0.37595576 0.9266101 -0.005658553 6.413208 0.087609276 -0.029468713 0.9957187 1.2770996
0.91908675 -0.3836549 -0.08997425 24.877197 0.38496432 0.9229322 -0.0030195743 6.744995 0.08419751 -0.031868353 0.9959377 1.3525391
0.9160059 -0.39124012 -0.08850974 25.638428 0.39265206 0.91966724 -0.0015695477 7.083374 0.082016736 -0.03331227 0.99607587 1.4291992
0.91247183 -0.39940816 -0.08832548 26.413086 0.40086204 0.91610044 -0.001390391 7.430664 0.08147149 -0.034144267 0.9960909 1.4993896
0.90852004 -0.408528 -0.087622076 27.190552 0.41009745 0.9120292 -9.216089e-05 7.7873535 0.07995239 -0.035842508 0.9961559 1.5709229
0.904592 -0.41742864 -0.086401924 27.97107 0.4189797 0.9079936 -0.00019672187 8.16272 0.07853515 -0.03601792 0.9962614 1.640625
0.901021 -0.42543495 -0.084209576 28.756958 0.42691857 0.904248 -0.00042861793 8.541016 0.07633051 -0.035571016 0.99644816 1.7116699
0.8987117 -0.43116802 -0.080153465 29.559326 0.43252346 0.90162766 -0.0004907609 8.929077 0.07248109 -0.034215778 0.9967843 1.7784424
0.8947225 -0.44023877 -0.07546901 30.377563 0.44159818 0.8972299 0.001491725 9.334473 0.06705742 -0.03465425 0.9971478 1.8453369
0.8912785 -0.4479797 -0.07036452 31.187988 0.44916138 0.8934588 0.0010797167 9.751099 0.062379524 -0.032569185 0.99752015 1.9123535
0.8878535 -0.4550776 -0.06806986 32.00769 0.45619303 0.8898891 0.0009351409 10.17627 0.060144976 -0.031890403 0.99767876 1.973999
0.8851415 -0.46049884 -0.06704703 32.84253 0.46152753 0.88714343 -0.00017238181 10.615723 0.05955752 -0.030792722 0.9977492 2.0344238
0.8827855 -0.4651733 -0.06576045 33.67273 0.46619996 0.8846919 0.00030079897 11.062866 0.058038156 -0.030926315 0.9978346 2.0922852
0.87990505 -0.47098207 -0.06345729 34.519165 0.47188514 0.88170767 -0.0008570226 11.524048 0.056352556 -0.02918638 0.9979838 2.1496582
0.87745595 -0.47547418 -0.0635729 35.37085 0.4763877 0.87926006 -0.00087878027 11.988525 0.05631825 -0.029503817 0.99797785 2.2104492
0.87584823 -0.47845766 -0.06303977 36.23181 0.4793026 0.8776513 -0.0019478742 12.471558 0.056257054 -0.028510176 0.9980088 2.2652588
0.87305874 -0.48338908 -0.063862815 37.105225 0.4842255 0.874925 -0.0026938978 12.965088 0.057176422 -0.028575301 0.99795485 2.3240967
0.87361735 -0.4824955 -0.06266639 37.98987 0.48329395 0.8754177 -0.0027329358 13.462402 0.05617769 -0.02790418 0.9980306 2.3834229
0.8734707 -0.48306227 -0.06118211 38.88733 0.48385578 0.8751705 -0.0020945324 13.97168 0.05455368 -0.027772352 0.9981241 2.4396973
0.8730886 -0.48388606 -0.060127467 39.802734 0.4845879 0.8747614 -0.0032683508 14.484985 0.054180533 -0.02627551 0.998186 2.4986572
0.8730939 -0.4839358 -0.05920608 40.718872 0.48444566 0.87479454 -0.0063768607 14.999512 0.05487948 -0.023121187 0.9982247 2.5601807
0.8714446 -0.48697236 -0.05861872 41.652466 0.4873616 0.87315625 -0.008434015 15.531372 0.05528949 -0.021219768 0.9982446 2.6237793
0.87078035 -0.48831278 -0.0571046 42.584717 0.48863268 0.8724238 -0.009171349 16.06018 0.054299362 -0.019921426 0.9983257 2.68396
0.86916864 -0.49164543 -0.05285427 43.51941 0.4919423 0.8705685 -0.008137518 16.597778 0.05001611 -0.018930336 0.99856913 2.7454834
0.8651691 -0.49914098 -0.04765255 44.454346 0.49936396 0.86631554 -0.007966658 17.135986 0.045256227 -0.016907722 0.99883217 2.8103027
0.86259484 -0.50372785 -0.04554133 45.378662 0.5038904 0.8636573 -0.0086822035 17.681885 0.043706365 -0.015458684 0.9989252 2.8598633
0.85738164 -0.51264805 -0.046040475 46.295166 0.51266253 0.8585191 -0.012390681 18.225464 0.045879357 -0.012980512 0.9988625 2.9226074
0.85159785 -0.5219442 -0.048319593 47.20508 0.5218641 0.8528796 -0.01526011 18.786743 0.049176957 -0.012217122 0.99871576 2.9851074
0.84519696 -0.53223914 -0.047788206 48.121826 0.5321566 0.8464571 -0.015496257 19.362549 0.048698165 -0.012337323 0.9987373 3.0413818
0.84062666 -0.53973883 -0.044192035 49.027832 0.5397369 0.84168816 -0.013009207 19.957031 0.044215277 -0.012918059 0.99893844 3.0963135
0.835008 -0.54884523 -0.04046079 49.9292 0.548948 0.8358661 -0.009514488 20.550781 0.03904139 -0.0142624965 0.9991358 3.1552734
0.8307101 -0.5550437 -0.042726148 50.821045 0.5552315 0.8316401 -0.008423923 21.15686 0.040210757 -0.016727827 0.9990511 3.2052002
0.8276528 -0.559278 -0.04674286 51.70166 0.55942196 0.82879955 -0.011173596 21.761475 0.04498635 -0.016903622 0.99884427 3.2574463
0.8251303 -0.5622346 -0.053754546 52.58374 0.56241935 0.82665074 -0.013073002 22.368042 0.051784936 -0.019455755 0.99846834 3.3190918
0.820991 -0.5683059 -0.056109384 53.46582 0.5686463 0.82259405 -0.011251258 22.987183 0.052548226 -0.022663323 0.9983611 3.373291
0.8184136 -0.57221955 -0.0521802 54.336426 0.5724416 0.8198315 -0.012064712 23.608398 0.049684584 -0.019998174 0.9985648 3.4466553
0.8153479 -0.5771838 -0.046020962 55.221436 0.5773669 0.8164481 -0.010548169 24.239502 0.043663777 -0.017968968 0.9988847 3.5008545
0.8119099 -0.5821113 -0.043454815 56.09497 0.582309 0.812878 -0.0092786 24.877686 0.040720195 -0.01777824 0.9990119 3.5577393
0.80989057 -0.58466715 -0.04587262 56.974854 0.5849982 0.8109175 -0.007248606 25.521606 0.04143517 -0.020970851 0.9989209 3.6108398
0.8050116 -0.5915748 -0.046355944 57.84082 0.5918399 0.80609745 -0.009244698 26.161987 0.04283838 -0.019988531 0.9988821 3.663086
0.8016912 -0.5956858 -0.048257723 58.710205 0.59590626 0.8028999 -0.011260494 26.812012 0.045452394 -0.019735895 0.9987713 3.7235107
0.79799485 -0.6008143 -0.04769425 59.575684 0.60093576 0.7992158 -0.013343788 27.469604 0.046137124 -0.018009033 0.998773 3.7753906
0.79229283 -0.608262 -0.04623317 60.436035 0.6083496 0.79345393 -0.013779383 28.140503 0.045064777 -0.017215904 0.99883544 3.835083
0.7891871 -0.6125228 -0.04543827 61.299072 0.6126113 0.79030895 -0.0135822445 28.80774 0.04423046 -0.017114438 0.9988748 3.892334
0.78327674 -0.62004 -0.045761056 62.156006 0.62012404 0.7844204 -0.014057936 29.498535 0.0446081 -0.017367046 0.9988532 3.9533691
0.77775484 -0.6269517 -0.045814224 63.015137 0.62693375 0.77894205 -0.016553933 30.191162 0.046060216 -0.015845777 0.9988127 4.0125732
0.7726883 -0.63319147 -0.04548077 63.86035 0.63309455 0.7738879 -0.018339694 30.890259 0.04681253 -0.014622976 0.99879664 4.0701904
0.7668381 -0.64006764 -0.04690166 64.71045 0.6399948 0.7681081 -0.018530928 31.608276 0.047886375 -0.015805809 0.9987278 4.1220703
0.76247233 -0.6454446 -0.04663299 65.55249 0.64526266 0.7637657 -0.020880595 32.321167 0.049087998 -0.014163253 0.99869394 4.1813965
0.7559018 -0.65310776 -0.046102792 66.39673 0.6528931 0.75718254 -0.021656008 33.056396 0.04904888 -0.0137341125 0.99870145 4.244751
0.74826527 -0.6619999 -0.04440952 67.23169 0.6617543 0.7494721 -0.022126377 33.791748 0.04793106 -0.012827114 0.9987683 4.3101807
0.7436509 -0.6671723 -0.04219462 68.065186 0.6668289 0.74477386 -0.023811737 34.546875 0.047312807 -0.010431439 0.99882555 4.37146
0.73714864 -0.6745213 -0.042352527 68.89722 0.6741633 0.73828804 -0.024384856 35.311035 0.04771462 -0.010565906 0.9988055 4.4351807
0.7290436 -0.6830918 -0.04356066 69.71802 0.6826284 0.73027545 -0.027074488 36.0896 0.050302148 -0.009996512 0.99868387 4.498657
0.7248988 -0.6874285 -0.04423906 70.53906 0.68702424 0.726158 -0.026188148 36.874146 0.050126 -0.011413426 0.9986773 4.562256
0.71843356 -0.69442546 -0.042810895 71.36743 0.69403124 0.7196222 -0.025897786 37.67859 0.048784677 -0.011098421 0.9987475 4.623291
0.7156696 -0.69712985 -0.043433994 72.18848 0.69677585 0.7168836 -0.025320876 38.487183 0.04878413 -0.012142864 0.9987352 4.6868896
0.7088046 -0.7041097 -0.043737516 73.000244 0.7037102 0.7100517 -0.026555398 39.30957 0.049755644 -0.011949198 0.99869025 4.751343
0.7041905 -0.7083858 -0.04567706 73.8147 0.7078922 0.70556957 -0.029009065 40.128662 0.05277869 -0.01190907 0.9985352 4.8166504
0.6991397 -0.71334934 -0.047907565 74.625 0.71275574 0.70067436 -0.03152354 40.957397 0.056053136 -0.01210397 0.99835443 4.8878174
0.69496053 -0.7175257 -0.0482596 75.42847 0.7169514 0.6965174 -0.03140996 41.803467 0.05614955 -0.012769208 0.9983405 4.9588623
0.68836766 -0.7237559 -0.046387445 76.23291 0.72315615 0.68982977 -0.031710442 42.652954 0.05494923 -0.011726178 0.9984198 5.0253906
0.6844012 -0.72774696 -0.04443214 77.03833 0.7270942 0.6857678 -0.03244405 43.509155 0.054071207 -0.010101745 0.99848545 5.097412
0.6791474 -0.7326071 -0.04482838 77.84253 0.73196954 0.6805398 -0.03241048 44.38086 0.054251615 -0.010804676 0.9984686 5.1746826
0.67521536 -0.73634255 -0.043964036 78.64087 0.73553085 0.6765938 -0.03556019 45.25586 0.05592507 -0.008322347 0.9984002 5.2440186
0.66999185 -0.74110705 -0.042325266 79.43408 0.74030757 0.6712835 -0.035270005 46.13977 0.054553967 -0.007709698 0.99848086 5.3165283
0.66665995 -0.74430275 -0.040851947 80.227295 0.74341714 0.66788507 -0.036766082 47.033936 0.05464678 -0.005861195 0.9984883 5.3828125
0.6638428 -0.7467651 -0.040357463 81.01807 0.7457283 0.6650569 -0.03952092 47.932007 0.05636255 -0.0038583144 0.9984034 5.459839
0.6587825 -0.7512837 -0.039116465 81.8125 0.7499696 0.65994275 -0.0444251 48.837402 0.059188437 -6.912649e-05 0.99824685 5.5360107
0.6537637 -0.7558707 -0.036999553 82.6062 0.7543405 0.65479946 -0.048205737 49.74878 0.060664333 0.0036120815 0.9981521 5.6105957
0.64838266 -0.7605837 -0.03260486 83.399414 0.7587948 0.6491307 -0.053028643 50.67578 0.06149233 0.009640138 0.9980607 5.6933594
0.6392645 -0.7684583 -0.028118605 84.17407 0.76648307 0.6397085 -0.057050962 51.60132 0.061831433 0.014919522 0.9979753 5.7731934
0.63252485 -0.7741821 -0.02447047 84.95923 0.7721397 0.6327264 -0.059169713 52.536377 0.06129601 0.01853255 0.99794763 5.859497
0.62134993 -0.78324497 -0.020982243 85.72241 0.7813636 0.62140095 -0.05762146 53.50415 0.058172792 0.01941054 0.998118 5.937134
0.6130385 -0.7897572 -0.020696754 86.47949 0.78785545 0.6130851 -0.058070756 54.479492 0.05854738 0.019282032 0.99809754 6.018799
0.60391915 -0.7967026 -0.022653643 87.224365 0.794743 0.6040962 -0.0584688 55.455566 0.060265508 0.017306164 0.9980324 6.096924
0.5931889 -0.8048266 -0.022154868 87.956055 0.80268663 0.5933074 -0.061573662 56.45215 0.062687024 0.018733907 0.9978566 6.177124
0.5825779 -0.81242293 -0.022004904 88.677246 0.81022316 0.58269536 -0.06258256 57.460693 0.06367323 0.018632468 0.99779713 6.260498
0.57553893 -0.81765527 -0.018743746 89.407715 0.8154158 0.5754358 -0.06423416 58.484863 0.06330589 0.021678701 0.99775815 6.348877
0.56280386 -0.8264769 -0.015532168 90.11035 0.82431763 0.5625378 -0.06407419 59.518066 0.0616887 0.023258155 0.9978244 6.4350586
0.55229634 -0.83350134 -0.014660443 90.803955 0.83129275 0.5519782 -0.06513738 60.558594 0.06239026 0.02379124 0.9977685 6.516968
0.54275274 -0.8398651 -0.016171502 91.488525 0.83762014 0.5425561 -0.06512113 61.61206 0.06345581 0.021797491 0.9977463 6.609619
0.5322071 -0.8464095 -0.016550766 92.16406 0.8440876 0.53203946 -0.06615631 62.681152 0.064815946 0.021249099 0.9976719 6.6914062
0.5236193 -0.85184515 -0.017606055 92.81177 0.84940094 0.5235153 -0.06764372 63.753174 0.06684205 0.02045864 0.99755335 6.7839355
0.51263946 -0.8585203 -0.018074244 93.46045 0.8561054 0.5126095 -0.06707461 64.84912 0.06683481 0.018915147 0.99758464 6.8757324
0.5035783 -0.8636341 -0.017267067 94.09839 0.86137676 0.5035595 -0.06489453 65.94141 0.06475185 0.017803624 0.9977426 6.9642334
0.4971918 -0.8675273 -0.014111336 94.7334 0.8654093 0.49701196 -0.06360686 67.04907 0.062212918 0.019414397 0.99787444 7.057007
0.48765582 -0.873047 -0.013269949 95.3501 0.87088966 0.48743096 -0.06447095 68.18408 0.06274898 0.019878173 0.9978309 7.144287
0.4799723 -0.87715006 -0.013104617 95.965576 0.87485814 0.47971362 -0.06659645 69.29492 0.0647035 0.020493768 0.99769366 7.2385254
0.47547448 -0.8797242 -0.011598359 96.58179 0.87722933 0.47505125 -0.07014542 70.403076 0.0672074 0.023174854 0.9974695 7.329834
0.46799132 -0.88370377 -0.010121401 97.17798 0.8810237 0.4674113 -0.073299214 71.55176 0.06951465 0.025385218 0.99725795 7.423218
0.46338835 -0.8860898 -0.0099359695 97.76123 0.88316643 0.46272084 -0.076749586 72.67578 0.07259246 0.026787871 0.9970016 7.5253906
0.4576873 -0.88904923 -0.0074824058 98.36206 0.88612604 0.45683575 -0.07760649 73.80884 0.07242351 0.028883953 0.99695534 7.628296
0.4536024 -0.8911902 -0.0030863509 98.94043 0.88854116 0.45251605 -0.07554514 74.95874 0.06872813 0.03151854 0.997137 7.7298584
0.45102546 -0.8925748 0.0027165296 99.517334 0.8902194 0.449609 -0.07404055 76.09131 0.064865336 0.03582152 0.99725163 7.8303223
0.44724795 -0.8944321 0.0044247573 100.08618 0.8921648 0.44575086 -0.07354246 77.22998 0.06379186 0.036839698 0.99728304 7.9279785
0.44429702 -0.89591306 0.006887274 100.65039 0.89378923 0.44268557 -0.07262497 78.35962 0.062028352 0.03840782 0.9973342 8.016113
0.44226256 -0.896892 0.0071098143 101.20508 0.89486265 0.44069785 -0.07119481 79.48389 0.060711183 0.037848048 0.99743754 8.109131
0.4408586 -0.89769304 0.011654567 101.75366 0.895864 0.4390401 -0.07081569 80.60303 0.05844902 0.041659698 0.99742097 8.197632
0.43882662 -0.8983647 0.013865126 102.299805 0.8965819 0.43685195 -0.071585596 81.721436 0.058238566 0.043852556 0.99733967 8.287476
0.43477857 -0.9003989 0.016465299 102.83252 0.8987059 0.43264732 -0.071876355 82.82861 0.057583462 0.04604341 0.99727815 8.373047
0.43333897 -0.90104747 0.020540573 103.369385 0.8996268 0.4310484 -0.07042165 83.930664 0.054615214 0.049005676 0.99730474 8.459595
0.43130133 -0.90200603 0.0234673 103.900635 0.90073323 0.4288648 -0.07029161 85.03516 0.05331871 0.05144412 0.99725115 8.54187
0.4302676 -0.9022129 0.024338186 104.41455 0.9009676 0.42777082 -0.07057895 86.126465 0.053266738 0.052299567 0.9972099 8.625
0.42922017 -0.9028093 0.025748938 104.92236 0.9015023 0.42651892 -0.07301735 87.19336 0.054920286 0.054526214 0.9969992 8.70459
0.4287139 -0.90327233 0.025399644 105.42383 0.9019074 0.42599455 -0.07369806 88.26245 0.05572737 0.05448296 0.9969574 8.789917
0.42918426 -0.9029334 0.02380616 105.91162 0.90148795 0.42655784 -0.07363453 89.302734 0.05630977 0.053043656 0.9970021 8.871582
0.43124452 -0.90212893 0.021889474 106.40259 0.900607 0.42873827 -0.07333444 90.35376 0.05674888 0.05132684 0.9970678 8.951538
0.43481222 -0.9002208 0.019452965 106.88623 0.8985496 0.43240586 -0.073985994 91.389404 0.058192942 0.04966694 0.99707025 9.035522
0.43989715 -0.897876 0.016992949 107.37891 0.8960939 0.43762267 -0.07402508 92.416016 0.059043568 0.047784675 0.9971105 9.116821
0.4477791 -0.89387935 0.015049687 107.88159 0.89199317 0.4455785 -0.07457723 93.433105 0.059970252 0.04682496 0.99710166 9.198364
0.45287147 -0.8914066 0.014250197 108.37964 0.8896376 0.45081958 -0.07219347 94.43384 0.057907883 0.04538145 0.9972907 9.279175
0.4599652 -0.88788104 0.013748018 108.883545 0.886169 0.45797738 -0.07108001 95.428955 0.056804724 0.044884242 0.99737644 9.350464
0.47196817 -0.8816109 0.012295162 109.40991 0.8798677 0.4700461 -0.07092659 96.430176 0.056750137 0.044279087 0.99740505 9.431274
0.47992226 -0.87712616 0.011449536 109.92627 0.87540025 0.4780612 -0.07028094 97.40259 0.05617446 0.04374827 0.9974618 9.50647
0.48994896 -0.8716898 0.009080924 110.46338 0.8698307 0.4881633 -0.07117919 98.37134 0.057610653 0.04276506 0.9974222 9.579102
0.5001051 -0.8658806 0.0056079687 110.99902 0.8638602 0.4984724 -0.07181733 99.3208 0.05939364 0.040771272 0.9974024 9.656006
0.5106102 -0.8598537 0.0021629762 111.548584 0.8576734 0.5091332 -0.07249159 100.26465 0.061228596 0.038866766 0.99736655 9.736206
0.5232278 -0.85216117 -0.00093843136 112.11987 0.8500507 0.5220095 -0.06975819 101.21265 0.059937775 0.035691187 0.997563 9.805054
0.5350199 -0.84484184 -0.0023199432 112.687744 0.84281015 0.5339195 -0.067903645 102.141846 0.058604367 0.03437745 0.9976895 9.882202
0.5474179 -0.83686477 -0.0019588107 113.28076 0.8350179 0.54636174 -0.06517156 103.06421 0.05560937 0.034048297 0.9978724 9.956665
0.5591099 -0.82912695 -0.0030035907 113.875 0.8272733 0.5580955 -0.0649017 103.95923 0.055484943 0.03379651 0.99788696 10.031006
0.57043374 -0.8213204 -0.0036764285 114.48364 0.8194381 0.5694177 -0.06527119 104.84131 0.05570642 0.034228373 0.99786085 10.1015625
0.5829034 -0.81253624 -0.005255478 115.10034 0.8105861 0.5819306 -0.06577931 105.718994 0.05649544 0.03407757 0.9978208 10.176636
0.59239405 -0.8056166 -0.0044946023 115.71997 0.803574 0.5912725 -0.06807497 106.566895 0.057501554 0.036707964 0.99766976 10.245239
0.60352755 -0.7973708 -0.005248961 116.34717 0.79538465 0.6024646 -0.06688088 107.4021 0.056483828 0.03618905 0.99774736 10.319946
0.6151796 -0.78848743 -0.004989689 116.982666 0.7866161 0.614132 -0.06526652 108.2334 0.05452092 0.036229756 0.9978553 10.39209
0.6237454 -0.7815964 -0.0039046903 117.61597 0.7799113 0.62271386 -0.06271904 109.043945 0.0514462 0.03607968 0.9980242 10.461792
0.6346511 -0.7727573 -0.004288691 118.26318 0.77113163 0.633658 -0.061546456 109.841064 0.050278105 0.035750654 0.99809504 10.527954
0.64429426 -0.7648167 -0.00736028 118.901855 0.76313895 0.64346546 -0.060686775 110.61401 0.051154 0.033474464 0.99812883 10.593262
0.65236753 -0.7577152 -0.011132896 119.546875 0.75599015 0.6517559 -0.059442386 111.3811 0.05230019 0.03035859 0.99816966 10.656006
0.66264945 -0.74873257 -0.011368427 120.21045 0.747038 0.6620444 -0.058876395 112.13574 0.05160993 0.030513192 0.9982006 10.716675
0.6710452 -0.7413429 -0.010950144 120.87036 0.7397805 0.67046803 -0.05665002 112.870605 0.049331337 0.029912826 0.99833447 10.779175
0.6805182 -0.73280126 -0.009460648 121.53589 0.7313277 0.67987156 -0.055914234 113.5918 0.04739876 0.031134013 0.99839085 10.841187
0.68944734 -0.7243194 -0.008806275 122.20654 0.7229241 0.6887859 -0.05484881 114.29785 0.04579232 0.031448804 0.9984558 10.904053
0.69648767 -0.71740437 -0.010153926 122.86206 0.7160141 0.69590133 -0.053960886 114.983154 0.04579088 0.030311674 0.998491 10.953857
0.7047639 -0.7092721 -0.011327638 123.54443 0.7079033 0.70424813 -0.05287445 115.67261 0.045479245 0.029245853 0.99853736 11.015381
0.71097875 -0.7030907 -0.009751748 124.20752 0.7018699 0.7104468 -0.050662532 116.336914 0.04254958 0.02917584 0.9986684 11.064819
0.7182081 -0.69583493 -0.009294778 124.87134 0.6947704 0.71774125 -0.0473066 117.00244 0.039576862 0.027519051 0.9988377 11.11377
0.72638637 -0.6873561 -0.009990298 125.54443 0.6863489 0.7259832 -0.04548596 117.65015 0.038510684 0.026184842 0.9989152 11.164673
0.7330177 -0.6801742 -0.010204478 126.20337 0.6791859 0.7326271 -0.044947658 118.26709 0.038043115 0.026015215 0.9989373 11.222168
0.74064267 -0.6717619 -0.01062718 126.866455 0.67088175 0.7403345 -0.041847773 118.87915 0.035980348 0.023862135 0.99906754 11.258789
0.750616 -0.66070485 -0.008960264 127.55005 0.6599499 0.7502941 -0.0395071 119.485596 0.03282298 0.023742264 0.99917924 11.302856
0.7581678 -0.65209424 -0.008948227 128.20459 0.6514898 0.7579421 -0.034784816 120.06348 0.029463492 0.020547759 0.99935496 11.345581
0.76974 -0.63832414 -0.009043926 128.87842 0.63778377 0.76955056 -0.032610975 120.63818 0.027769443 0.019333947 0.99942744 11.389526
0.7793771 -0.6263984 -0.0106024705 129.53711 0.6258431 0.7792308 -0.03218762 121.17749 0.028424624 0.018452588 0.99942577 11.423706
0.7884886 -0.61506486 -0.011865115 130.2107 0.6144781 0.78836393 -0.0325361 121.71167 0.029363813 0.018364523 0.9994001 11.459839
0.7992948 -0.6008106 -0.012201004 130.90381 0.6002451 0.7991854 -0.031666048 122.23193 0.028778259 0.017986953 0.99942404 11.490234
0.8087767 -0.58818424 -0.012037615 131.57837 0.58768004 0.80868995 -0.02962849 122.736084 0.027158374 0.01688871 0.9994884 11.525391
0.81924623 -0.5734671 -0.009650574 132.28564 0.5730633 0.8191294 -0.027337506 123.23169 0.023578929 0.01686601 0.9995797 11.554443
0.8271283 -0.5618582 -0.0070223203 132.9768 0.561533 0.82697344 -0.025900334 123.716064 0.020362923 0.017478913 0.99963987 11.585693
0.83579946 -0.5491794 -0.0050202142 133.68506 0.5489209 0.8356288 -0.02437898 124.18506 0.01757738 0.017621791 0.99969035 11.611328
0.84465253 -0.5353084 -0.002832171 134.41357 0.53510195 0.84445274 -0.023799632 124.64258 0.015132165 0.01858709 0.99971277 11.639648
0.8515261 -0.524284 -0.0009066593 135.1333 0.5241152 0.85129327 -0.023959601 125.08081 0.013335376 0.019926498 0.9997126 11.656738
0.8586237 -0.5125375 -0.0005792733 135.85327 0.5123814 0.8583892 -0.023728408 125.521484 0.012658801 0.020076754 0.9997185 11.67627
0.8652905 -0.5011918 -0.0012786351 136.60352 0.50104827 0.8650988 -0.021846116 125.96094 0.012056281 0.018260816 0.9997605 11.703125
0.8714303 -0.49056327 -0.0013925019 137.33813 0.49044228 0.87127185 -0.0199184 126.38696 0.010981886 0.016675847 0.9998008 11.715576
0.8779058 -0.47889918 -0.0016657109 138.09253 0.47878549 0.87776357 -0.019001866 126.79932 0.010561956 0.015884412 0.9998181 11.729858
0.88274235 -0.46982643 -0.0015319972 138.84424 0.46971613 0.88259715 -0.019038083 127.210205 0.010294615 0.01608642 0.9998177 11.758301
0.8886351 -0.45858425 -0.0013816389 139.61914 0.45846754 0.8884697 -0.020068973 127.604004 0.010432472 0.017199632 0.99979764 11.773926
0.89256924 -0.45085162 -0.0020446645 140.38818 0.45071602 0.89239544 -0.020886922 128.0061 0.011245158 0.017721377 0.99977976 11.782349
0.8961643 -0.44365147 -0.001620536 141.1626 0.4435409 0.8960114 -0.019347336 128.40137 0.010036805 0.016620139 0.9998116 11.796997
0.89959884 -0.43674064 0.0017646593 141.96973 0.43670085 0.8994451 -0.017718704 128.79028 0.0061529013 0.01670935 0.99984145 11.815796
0.90280217 -0.43007475 0.0038320157 142.76245 0.43008333 0.9026923 -0.014329254 129.1753 0.0027036676 0.014584475 0.99988997 11.830444
0.90530926 -0.42475745 0.006021169 143.58398 0.4247995 0.9052413 -0.011105841 129.57788 -0.000734142 0.012611853 0.9999202 11.834106
0.9082534 -0.4183926 0.006935427 144.42017 0.4184406 0.9082195 -0.008328685 129.95898 -0.0028147176 0.010465834 0.99994135 11.840088
0.91119593 -0.4119 0.008688483 145.26123 0.41195711 0.91118985 -0.006267518 130.35376 -0.0053355135 0.009290173 0.99994266 11.839844
0.914378 -0.40471795 0.011728777 146.14404 0.40479472 0.9144051 -0.0050517395 130.74146 -0.008679999 0.009366101 0.99991846 11.842773
0.91824347 -0.3956693 0.014047074 147.01904 0.39576554 0.9182969 -0.0047890656 131.12012 -0.01100447 0.009958489 0.9998899 11.842285
0.9212594 -0.38866106 0.015116856 147.91162 0.38877028 0.92132384 -0.0050074896 131.50073 -0.011982194 0.010490127 0.9998732 11.840698
0.9246113 -0.3806069 0.015252673 148.80469 0.38072494 0.92467123 -0.0056631123 131.88184 -0.011948697 0.011043914 0.99986756 11.825928
0.92907685 -0.36951753 0.016542174 149.75757 0.3696783 0.92912644 -0.00792297 132.24146 -0.012442162 0.013477234 0.9998317 11.829346
0.9323666 -0.3611367 0.015307273 150.6709 0.3613016 0.93237686 -0.009808593 132.61621 -0.010729548 0.014676548 0.99983466 11.815674
0.93649536 -0.35041904 0.013661722 151.61816 0.35056743 0.9364799 -0.010565887 132.97754 -0.009090853 0.014684281 0.9998508 11.818359
0.9415799 -0.3365901 0.011708839 152.604 0.33669624 0.9415747 -0.008685827 133.3374 -0.00810115 0.012120171 0.99989367 11.806519
0.94722164 -0.32026812 0.012227659 153.57251 0.32035255 0.94725513 -0.0056626145 133.6919 -0.009768972 0.009280665 0.9999093 11.805664
0.95333517 -0.30149475 0.014429301 154.59595 0.3015401 0.9534295 -0.0010222658 134.01587 -0.013449099 0.005326071 0.9998954 11.793945
0.95922434 -0.2822057 0.015365619 155.61304 0.28221563 0.95934325 0.0015662501 134.3335 -0.015182808 0.0028348751 0.9998807 11.784302
0.96529216 -0.26065484 0.016369682 156.65479 0.26063105 0.96543074 0.0036092037 134.63037 -0.016744435 0.00078204134 0.9998595 11.777832
0.970906 -0.23881127 0.017613087 157.72217 0.2387526 0.9710653 0.0053941486 134.90454 -0.018391654 -0.0010319678 0.9998303 11.764893
0.97593373 -0.21710013 0.020507377 158.81201 0.21702924 0.9761487 0.0056467038 135.1521 -0.02124443 -0.0010598494 0.99977374 11.753418
0.98049504 -0.19507861 0.023829423 159.89062 0.19494216 0.98077977 0.007944081 135.38794 -0.02492132 -0.003142883 0.99968445 11.727417
0.9845485 -0.1727518 0.028523523 161.03491 0.1725402 0.9849505 0.00973998 135.59497 -0.029776901 -0.0046682856 0.9995458 11.711426
0.98812675 -0.15020427 0.03222686 162.14844 0.1498882 0.98862725 0.012021717 135.78076 -0.033666283 -0.007047194 0.9994081 11.68042
0.99116635 -0.128496 0.032823604 163.2854 0.12812838 0.9916711 0.01307614 135.948 -0.034230575 -0.008755164 0.9993757 11.653076
0.9938834 -0.106165096 0.030448774 164.45093 0.105808884 0.99430156 0.013085476 136.09277 -0.031664256 -0.009783984 0.9994506 11.62439
0.99596167 -0.08451469 0.030295523 165.60815 0.08413357 0.99636096 0.013642152 136.1958 -0.031338498 -0.011038422 0.9994479 11.588501
0.9974602 -0.063585535 0.032066043 166.79883 0.06325655 0.9979339 0.011174532 136.27686 -0.032710385 -0.009117278 0.9994232 11.560181
0.9983556 -0.045578245 0.034753483 168.01245 0.045132957 0.9988897 0.013489567 136.34961 -0.035329767 -0.011898343 0.99930453 11.528931
0.9990517 -0.023871357 0.036412835 169.21729 0.023403814 0.99963886 0.0132111255 136.39111 -0.036715068 -0.012346356 0.9992494 11.491699
0.99927956 -0.0059167175 0.03748109 170.44238 0.0053720097 0.99987876 0.014616562 136.41357 -0.03756302 -0.014404638 0.99919015 11.457153
0.99910897 0.017654242 0.038336337 171.67969 -0.018240169 0.9997213 0.014989855 136.4043 -0.03806104 -0.015675765 0.9991525 11.41626
0.9985899 0.037162554 0.037920162 172.92896 -0.03782861 0.99913967 0.016999532 136.3855 -0.03725572 -0.01840967 0.9991364 11.37793
0.9976544 0.05714735 0.03769347 174.18481 -0.057875015 0.9981528 0.01850715 136.33252 -0.036566544 -0.020645088 0.9991181 11.334106
0.99627995 0.078290604 0.036037505 175.4685 -0.0789915 0.9967056 0.018453123 136.24927 -0.03447448 -0.021230899 0.9991801 11.297852
0.99487036 0.09510546 0.034443352 176.74756 -0.09584233 0.9951863 0.020410646 136.14429 -0.03233593 -0.023607133 0.9991984 11.263306
0.99270755 0.11570205 0.033783756 178.052 -0.11649317 0.99293566 0.02246139 136.01001 -0.030945368 -0.026233476 0.99917674 11.225098
0.99018925 0.13629465 0.030941831 179.36694 -0.13699852 0.9903335 0.021887831 135.85449 -0.027659658 -0.025910862 0.9992815 11.194214
0.98781425 0.15327373 0.02714672 180.69434 -0.15391068 0.98781663 0.023166195 135.67139 -0.023265777 -0.02706123 0.9993631 11.166016
0.9847423 0.17280336 0.02074794 182.01562 -0.17330122 0.9845505 0.02521905 135.45581 -0.016069733 -0.028430179 0.9994666 11.150269
0.98182136 0.18904288 0.017233958 183.33813 -0.18947093 0.98149043 0.028007356 135.22021 -0.011620404 -0.030763365 0.9994591 11.12561
0.9781568 0.20739795 0.01392391 184.66333 -0.20773563 0.9777146 0.03030877 134.96362 -0.0073275366 -0.032539144 0.99944365 11.126221
0.9741907 0.22543535 0.011961929 186.00562 -0.2257124 0.97364885 0.032772318 134.67114 -0.004260335 -0.034626693 0.99939144 11.123657
0.97040206 0.24113953 0.012181549 187.35889 -0.24141149 0.96988916 0.03180953 134.35767 -0.004141181 -0.033809412 0.9994196 11.129028
0.96546215 0.2602019 0.012393387 188.71338 -0.26046783 0.96497124 0.031030893 134.00415 -0.0038836086 -0.033187408 0.9994417 11.1328125
0.9609906 0.27646175 0.00804903 190.04785 -0.27657732 0.96047825 0.031377796 133.63159 0.0009473831 -0.032379817 0.9994749 11.141724
0.9563668 0.29211983 0.00528598 191.39355 -0.29213035 0.9557993 0.03327777 133.2461 0.0046666856 -0.03336982 0.9994324 11.150635
0.9511725 0.30858475 0.0050230715 192.72974 -0.30857143 0.9505749 0.03420144 132.82544 0.005781873 -0.03408052 0.99940217 11.165283
0.9450813 0.32674256 0.006071631 194.10913 -0.32673773 0.9443808 0.036923777 132.37451 0.006333125 -0.03688048 0.9992996 11.186157
0.9385857 0.34504178 0.004632037 195.47314 -0.34493384 0.9377418 0.04097964 131.89795 0.009795544 -0.040060535 0.99914914 11.197632
0.9322619 0.36182445 0.0027554305 196.79077 -0.3616136 0.93139815 0.042074636 131.40259 0.012654028 -0.040220752 0.9991109 11.224609
0.9248709 0.38026527 0.0012485725 198.15918 -0.37995678 0.9239775 0.043441452 130.85962 0.015368777 -0.04065243 0.9990549 11.246704
0.9174112 0.39791366 -0.003423821 199.51782 -0.39740962 0.9166203 0.043163735 130.2937 0.020314928 -0.038238965 0.9990621 11.285522
0.90874594 0.41731662 -0.0073220385 200.83374 -0.41656443 0.90792537 0.04659482 129.72339 0.02609333 -0.039293446 0.9988869 11.328247
0.89925015 0.4372849 -0.008361203 202.18115 -0.43637735 0.89833903 0.05000865 129.10327 0.02938245 -0.041325085 0.99871397 11.379639
0.8869447 0.46174273 -0.007961558 203.51343 -0.46073055 0.8859154 0.05312252 128.44849 0.03158521 -0.043452725 0.9985565 11.42749
0.8738037 0.4863424 -0.007280223 204.86377 -0.4851773 0.8725748 0.057708926 127.727295 0.034413557 -0.04689158 0.9983066 11.486938
0.8598099 0.5105972 -0.006738355 206.20117 -0.5092614 0.85838014 0.062156364 126.99048 0.037523024 -0.05001284 0.9980433 11.549683
0.8453238 0.53428125 -0.007370507 207.4585 -0.5327309 0.84377766 0.06573818 126.23828 0.04133039 -0.051644746 0.99781036 11.623901
0.82931507 0.5586375 -0.0070151407 208.74878 -0.5570088 0.8277388 0.06692084 125.43213 0.043197025 -0.05158609 0.9977335 11.698975
0.81293434 0.58240306 -0.007804679 210.02661 -0.58061296 0.811355 0.068592966 124.55542 0.046285436 -0.051226184 0.9976128 11.773926
0.7966848 0.6042837 -0.010214267 211.2727 -0.6022249 0.7951676 0.070739925 123.64844 0.05086644 -0.050200023 0.9974425 11.864502
0.7795942 0.6262228 -0.012342869 212.46118 -0.6238921 0.77813315 0.07311086 122.740234 0.055368483 -0.04930226 0.9972492 11.9522705
0.76367444 0.64551884 -0.014312468 213.62378 -0.64294934 0.76229537 0.074965216 121.80347 0.05929627 -0.048054814 0.9970838 12.044312
0.7479158 0.66365993 -0.01598094 214.78516 -0.66092587 0.7466612 0.075856104 120.826904 0.062260132 -0.046174582 0.99699175 12.145386
0.73078614 0.6824735 -0.017098296 215.96973 -0.67962897 0.7296528 0.07631612 119.78223 0.06453988 -0.044148333 0.99693805 12.252686
0.7138698 0.7000573 -0.01724791 217.07983 -0.697127 0.71278125 0.07709546 118.73462 0.066271394 -0.04301169 0.99687403 12.365112
0.699983 0.71397537 -0.018696168 218.15381 -0.7109098 0.6990181 0.07790894 117.67529 0.06867618 -0.041243386 0.9967861 12.482422
0.68436366 0.7289004 -0.020983322 219.24341 -0.72562027 0.6835681 0.0793707 116.552734 0.072189406 -0.039098036 0.99662477 12.598755
0.66911566 0.74284416 -0.023521474 220.29443 -0.73930675 0.6685038 0.08135097 115.44995 0.07613431 -0.037057128 0.99641 12.726807
0.65460366 0.75556755 -0.024087474 221.31934 -0.75176495 0.65399605 0.0842985 114.302246 0.07945362 -0.037077345 0.99614906 12.850464
0.6384256 0.7692614 -0.024264004 222.31934 -0.7654804 0.6379303 0.0838207 113.13989 0.07995406 -0.034949623 0.99618673 12.983643
0.6213729 0.7831923 -0.020857926 223.31519 -0.7793689 0.6206226 0.08570111 111.94922 0.08005316 -0.036993857 0.99610364 13.124512
0.6046614 0.7962309 -0.016324647 224.2898 -0.79250634 0.6036041 0.086388506 110.7417 0.07864142 -0.039299525 0.99612814 13.262451
0.58630085 0.8100443 -0.01094953 225.20996 -0.8064876 0.5848965 0.08669075 109.52661 0.076624036 -0.042012617 0.9961761 13.389526
0.569208 0.8222331 -0.0069833514 226.11548 -0.8186803 0.5675 0.088404715 108.305664 0.07666452 -0.044588964 0.9960579 13.531738
0.5498411 0.8351771 -0.0045994585 226.96265 -0.83148575 0.5479128 0.09105068 107.07544 0.0785728 -0.04623296 0.9958352 13.673584
0.5338232 0.8457558 -0.0013700938 227.78589 -0.8418798 0.53153 0.0947868 105.83154 0.08088191 -0.049443696 0.9954964 13.810791
0.5132977 0.8580777 0.0013761022 228.57153 -0.85428995 0.51087976 0.0946742 104.58081 0.08056015 -0.049770124 0.9955062 13.951416
0.49041322 0.8714578 0.004671643 229.33545 -0.8679213 0.4879271 0.092776686 103.309326 0.07855781 -0.049547784 0.99567705 14.09021
0.47280473 0.88108796 0.008632621 230.03662 -0.8778658 0.47018793 0.090605065 102.063965 0.07578042 -0.050415315 0.995849 14.224121
0.4510469 0.89252555 0.012350799 230.73291 -0.88958436 0.44833568 0.08850588 100.77881 0.07343862 -0.05091003 0.9959998 14.359375
0.42721677 0.9039005 0.014012868 231.38452 -0.90104944 0.42451477 0.0874352 99.48682 0.07309002 -0.049979776 0.99607205 14.487427
0.40793118 0.9128579 0.015671227 231.9541 -0.9100736 0.40519586 0.086868 98.22974 0.07294513 -0.04970071 0.9960969 14.609863
0.38454092 0.92307913 0.01626429 232.5376 -0.92032224 0.38187954 0.085930154 96.92139 0.07309439 -0.047991086 0.9961682 14.73291
0.36284313 0.93178165 0.014902403 233.0774 -0.92890185 0.36034754 0.08592512 95.643555 0.07469508 -0.045009732 0.9961894 14.856689
0.34195903 0.9396546 0.014566899 233.54932 -0.9368032 0.33960828 0.084624626 94.37305 0.074590035 -0.042578194 0.99630463 14.981079
0.3196392 0.9472521 0.014852631 234.02368 -0.94451225 0.31742007 0.08258157 93.07764 0.07351999 -0.04043745 0.9964742 15.106812
0.30037364 0.95381004 0.014343474 234.45044 -0.95102876 0.29826087 0.08223801 91.7937 0.074175954 -0.038320642 0.99650735 15.221313
0.27965122 0.95996624 0.016344938 234.8518 -0.9569154 0.2772943 0.08618702 90.534424 0.07820881 -0.03975172 0.9961447 15.3498535
0.2591423 0.9656712 0.018445702 235.22314 -0.96190745 0.25631472 0.09513974 89.27368 0.087150484 -0.042396124 0.9952925 15.468872
0.24014215 0.9706196 0.020811774 235.56177 -0.9661798 0.23683557 0.10296279 88.02344 0.09502419 -0.044801187 0.9944642 15.604736
0.2210824 0.97490394 0.024562802 235.87524 -0.9702398 0.21734636 0.10637519 86.77783 0.098351225 -0.047346737 0.99402404 15.749878
0.20007141 0.9792762 0.02859578 236.17041 -0.9746677 0.19600876 0.10693137 85.51465 0.09910393 -0.049271856 0.99385643 15.88855
0.18132019 0.982882 0.033059847 236.42993 -0.97839856 0.17689115 0.10711673 84.278564 0.09941874 -0.051768277 0.9936979 16.028809
0.16111179 0.9861271 0.03782485 236.65698 -0.9818658 0.15633082 0.106500365 83.038574 0.09909906 -0.054336984 0.9935958 16.177002
0.14502603 0.98872685 0.03903577 236.86206 -0.9846502 0.14030598 0.104454055 81.80127 0.09778182 -0.053548947 0.99376315 16.316772
