1 0 0 0 0 1 0 0 0 0 1 0
0.99987658 0.00077019954 0.015691816 -0.010982717 -0.00076304649 0.9999996 -0.00046183158 -0.0045182851 -0.015692167 0.00044980101 0.99987677 0.12029665
0.99933797 0.0029222331 0.036264138 0.0021155697 -0.0029086896 0.99999568 -0.00042622455 4.1973968e-05 -0.03626523 0.00032046129 0.99934215 0.29762985
0.99804515 0.0052635483 0.062274972 0.044142764 -0.0053469684 0.99998502 0.0011729604 0.0017525917 -0.06226787 -0.0015036498 0.99805834 0.39413289
0.99533293 0.0047098629 0.096385522 0.10885755 -0.0050391599 0.99998227 0.0031733199 0.0013576177 -0.096368876 -0.0036442118 0.99533902 0.59489783
0.99099815 0.0014944167 0.13386725 0.16731982 -0.0022743122 0.99998132 0.0056731593 0.00032421187 -0.13385628 -0.0059265463 0.99098303 0.77780434
0.98470471 -0.0018076891 0.17422216 0.22900889 0.00080247226 0.99998262 0.0058400122 -0.0084001744 -0.1742297 -0.0056108791 0.98468905 0.97776277
0.97623905 -0.0021713851 0.21668549 0.31751879 0.0006536278 0.99997475 0.0070758465 -0.0063092809 -0.2166954 -0.0067660859 0.97621582 1.1885346
0.96408882 -0.0019075292 0.26557314 0.40918564 -0.00085962662 0.99994655 0.010302938 0.0029354395 -0.26557863 -0.010161241 0.96403566 1.4053175
0.94990792 -0.00571163 0.31247771 0.55281001 0.00037348804 0.99985302 0.017140458 0.0074402386 -0.31252971 -0.016165151 0.94977043 1.6282524
0.93307411 -0.015483281 0.35935076 0.71621154 0.006913294 0.9996605 0.025121441 0.0017095787 -0.35961776 -0.020955868 0.93286437 1.8541989
0.91195306 -0.021409033 0.40973559 0.84418741 0.00986932 0.99949339 0.030258124 -0.0042873584 -0.41017585 -0.023550177 0.91170235 2.0622711
0.88706563 -0.02312716 0.46106365 1.0299478 0.0083397999 0.99938417 0.034084162 0.001740414 -0.46156802 -0.02638971 0.88671222 2.3262323
0.8590053 -0.025187458 0.51134672 1.2185188 0.0063765886 0.99923796 0.038507611 0.019405542 -0.51192701 -0.029817594 0.85851131 2.5340198
0.82733762 -0.030468378 0.56087799 1.440242 0.0075656451 0.99904166 0.043110688 0.020788646 -0.56165403 -0.03142369 0.82677526 2.7662169
0.7913497 -0.036183002 0.61029207 1.6660352 0.0097518684 0.99886715 0.046575854 0.028282105 -0.61128601 -0.0309063 0.79080607 2.9726605
0.75301916 -0.040553078 0.65674771 1.926121 0.010754201 0.9987242 0.049338916 0.0338436 -0.65791073 -0.030090352 0.75249457 3.1732819
0.7133313 -0.043947205 0.69944768 2.2301081 0.011962889 0.99865008 0.050546135 0.047508765 -0.7007249 -0.027688725 0.7128941 3.4086298
0.67234775 -0.045961441 0.73880715 2.5209686 0.011703327 0.99860581 0.051473048 0.063672512 -0.74014294 -0.025961286 0.67194827 3.6116721
0.62979184 -0.046235932 0.77538663 2.864209 0.0066662225 0.99851185 0.054126279 0.081216556 -0.77673538 -0.028919389 0.62916283 3.8316594
0.58706972 -0.046881366 0.80817772 3.2093782 0.0040293059 0.99847858 0.054993542 0.10435791 -0.80952639 -0.029028648 0.58636543 4.0523876
0.54774756 -0.048007775 0.83526511 3.5698881 0.0020477086 0.99842627 0.0560428 0.12182306 -0.83664118 -0.028986927 0.54698386 4.2567097
0.50847612 -0.050872478 0.85957196 3.9850787 0.00097130381 0.9982865 0.058507518 0.13716339 -0.86107558 -0.02891477 0.50765426 4.4297169
0.47146631 -0.050559133 0.88043354 4.422998 -0.0020100054 0.99829104 0.058403475 0.15821507 -0.88188182 -0.029304947 0.47055897 4.6408166
0.43437658 -0.049711811 0.89935847 4.8813733 -0.0033493904 0.99837979 0.056802894 0.18198973 -0.90072517 -0.027686149 0.4335063 4.8270812
0.4007446 -0.04851069 0.91490459 5.3828524 -0.0019134723 0.99855076 0.053783968 0.20009131 -0.91618785 -0.023304279 0.400071 5.0226523
0.37171926 -0.046856546 0.9271619 5.8852379 0.00018339272 0.9987291 0.050399855 0.22466571 -0.92834521 -0.018564561 0.37125543 5.1977069
0.34581374 -0.044931501 0.93722673 6.4116861 0.00096880252 0.99886938 0.047529241 0.24858424 -0.93830272 -0.015528276 0.34546628 5.3740589
0.32530995 -0.044294954 0.94456938 6.9918356 0.0021761743 0.99893469 0.046094904 0.27237927 -0.94560498 -0.012939583 0.32505979 5.5803707
0.31113262 -0.044838045 0.94930815 7.5831697 0.0031704225 0.99892983 0.046142696 0.29997513 -0.95036126 -0.011346789 0.31094181 5.7320164
0.29829178 -0.046432071 0.95334464 8.1978079 0.0041875246 0.9988701 0.047339126 0.31749458 -0.95446559 -0.010128717 0.29814917 5.9338253
0.28815288 -0.048291743 0.95636591 8.8329991 0.0030927058 0.99876928 0.049501072 0.34596136 -0.95757947 -0.011306117 0.28794759 6.1209132
0.27745271 -0.050118348 0.95943112 9.4903776 0.001544783 0.99866039 0.051720862 0.37531095 -0.96073809 -0.01286798 0.27715845 6.3139022
0.26758585 -0.051701574 0.96214587 10.186471 0.00071209608 0.9985697 0.053460789 0.40055308 -0.9635338 -0.01362021 0.26723994 6.5110744
0.25654416 -0.053630788 0.9650434 10.889102 -0.00043649642 0.99845283 0.055603502 0.43063025 -0.96653245 -0.014685991 0.25612383 6.6998139
0.24674682 -0.055242059 0.96750413 11.632577 -0.00047891771 0.99836684 0.057126383 0.4654829 -0.9690799 -0.014559107 0.24631738 6.8758913
0.23553316 -0.056614666 0.97021587 12.385762 -0.001025852 0.99828678 0.058501717 0.49362756 -0.97186581 -0.014774391 0.23507156 7.0365517
0.22535717 -0.059649158 0.97244848 13.129483 -0.0020886686 0.99809217 0.061706151 0.52753842 -0.97427402 -0.015937045 0.22480263 7.2122617
0.21396289 -0.063138996 0.97479909 13.894342 -0.0044973583 0.99783467 0.065618184 0.56872905 -0.97683148 -0.018423876 0.21321563 7.400487
0.20206397 -0.066857948 0.97708755 14.735907 -0.0042028496 0.99759877 0.069130601 0.61239078 -0.97936335 -0.018075355 0.20129777 7.5655513
0.18898167 -0.069248406 0.97953586 15.503941 -0.0050740059 0.99742825 0.071492236 0.64707589 -0.98196755 -0.018480892 0.18814428 7.7013484
0.17445279 -0.070017933 0.98217291 16.317844 -0.0061912928 0.99737088 0.072201069 0.68263986 -0.98464612 -0.018676597 0.17356063 7.8412225
0.16112405 -0.069148968 0.9845087 17.114379 -0.0075304367 0.99742729 0.071288757 0.72470354 -0.98690547 -0.018900113 0.1601888 8.0044671
0.14474684 -0.068066981 0.98712469 17.919443 -0.0088603347 0.9975019 0.070081772 0.76245335 -0.98942909 -0.018890369 0.14378215 8.1016039
0.12430737 -0.066833407 0.98999035 18.747517 -0.011105669 0.99757281 0.068739766 0.80112278 -0.99218165 -0.019539364 0.12326342 8.2025463
0.098716629 -0.065208988 0.9929767 19.55504 -0.015596337 0.99762671 0.067064861 0.84033675 -0.9949934 -0.022107216 0.097465324 8.2916528
0.069246984 -0.064767531 0.99549482 20.371654 -0.019600869 0.99760929 0.066268542 0.88240595 -0.99740701 -0.02410146 0.067811932 8.359364
0.035615562 -0.064597545 0.99727559 21.240127 -0.022379301 0.99760695 0.065418237 0.92089888 -0.999115 -0.024648237 0.034084683 8.3598094
0.0015320097 -0.064005314 0.99794834 22.066008 -0.023979691 0.99766024 0.064023648 0.95815786 -0.99971131 -0.024028578 -6.4040392e-06 8.346559
-0.032783422 -0.06289005 0.99748183 22.938396 -0.025112162 0.99775509 0.062081937 0.98881433 -0.99914699 -0.023013667 -0.034289133 8.3104268
-0.067011821 -0.060717334 0.99590298 23.784927 -0.027511681 0.99787959 0.05898665 1.0192357 -0.99737285 -0.023446162 -0.068540166 8.3006799
-0.10010093 -0.057691828 0.99330326 24.57489 -0.029028141 0.99806195 0.055042882 1.0605104 -0.9945538 -0.023323903 -0.10158162 8.2043957
-0.13321956 -0.05307782 0.98966419 25.43021 -0.026660169 0.99839546 0.049957348 1.0799687 -0.99072795 -0.019729317 -0.13442087 8.0174634
-0.16287896 -0.047789426 0.98548797 26.268789 -0.022450916 0.99874717 0.044721777 1.0988238 -0.98639063 -0.01484087 -0.16374782 7.9087834
-0.19510529 -0.041609269 0.97989924 27.094234 -0.016276462 0.99909945 0.039183799 1.1131511 -0.98064728 -0.0083043252 -0.19560684 7.6951522
-0.2222347 -0.035895714 0.97433216 27.90686 -0.010766651 0.99935147 0.034361702 1.1222547 -0.97493379 -0.0028539314 -0.22247705 7.5394345
-0.25081167 -0.02906843 0.96759933 28.737436 -0.0019250313 0.99956205 0.02952966 1.1447657 -0.96803403 0.0055437253 -0.25075778 7.2762657
-0.27853195 -0.018857282 0.96024178 29.538179 0.004797221 0.99976744 0.021024993 1.1411472 -0.96041502 0.010462626 -0.27837672 7.0625664
-0.30313117 -0.0039996754 0.95294041 30.291425 0.0089855686 0.99993474 0.0070552376 1.1281913 -0.95290652 0.010701375 -0.30307545 6.7662837
-0.32747651 0.013008933 0.94476972 31.059775 0.008780795 0.99990394 -0.010724495 1.1108344 -0.94481856 0.00478381 -0.32755928 6.4816008
-0.35290444 0.028056717 0.93523858 31.877826 0.0079002776 0.99960404 -0.027006546 1.0789365 -0.93562606 -0.0021420845 -0.35298636 6.2114263
-0.37840807 0.038643742 0.92483184 32.646601 0.012760575 0.999251 -0.036532146 1.0411566 -0.92555096 -0.0020226724 -0.37861776 5.9169182
-0.40276862 0.043628097 0.91426143 33.417489 0.016998444 0.99904763 -0.040185558 1.000391 -0.91514401 -0.00064445915 -0.40312664 5.6002397
-0.42522196 0.042596343 0.90408615 34.134748 0.018925792 0.99909198 -0.038171142 0.94807961 -0.90489125 0.00087933915 -0.42564202 5.2229593
-0.44521733 0.039365969 0.89455675 34.872659 0.022933662 0.99920672 -0.032557215 0.90878647 -0.89512884 0.0060204269 -0.44576696 4.845855
-0.46324376 0.038493762 0.88539448 35.613659 0.029916138 0.99916608 -0.027787836 0.87033232 -0.88572587 0.013615042 -0.46400904 4.4409432
-0.47682067 0.039187722 0.87812659 36.299928 0.033761692 0.99908504 -0.026253155 0.8282179 -0.87835201 0.017128993 -0.47770745 4.03745
-0.4874643 0.042432798 0.8721112 37.018233 0.036725533 0.99893093 -0.028075603 0.77649272 -0.87237025 0.018342896 -0.48850153 3.6324622
-0.49771902 0.045130095 0.86616337 37.712313 0.038439981 0.99881189 -0.02995297 0.738163 -0.86648612 0.018387142 -0.49886248 3.2290392
-0.50749148 0.043977252 0.86053375 38.38793 0.031410995 0.99897712 -0.032528015 0.67914137 -0.86108409 0.010522532 -0.50835375 2.83308
-0.51927645 0.043162186 0.85351563 39.102073 0.030216185 0.99902662 -0.03213722 0.65607363 -0.85407202 0.0091018855 -0.5200752 2.4269453
-0.52810322 0.044381756 0.84801957 39.753358 0.032294698 0.99896054 -0.032169881 0.6111383 -0.84856591 0.01039752 -0.52898757 1.9930868
-0.53541897 0.047612465 0.84324345 40.42968 0.036059653 0.99878803 -0.033498911 0.56396903 -0.8438165 0.012471115 -0.53648695 1.5675808
-0.53920052 0.050890249 0.8406384 41.123228 0.037252832 0.99863685 -0.036560465 0.53097314 -0.84135312 0.01160274 -0.54036132 1.10981
-0.53784286 0.052458587 0.84141137 41.850512 0.036145929 0.99857927 -0.039152344 0.47924598 -0.8422699 0.0093557876 -0.5389749 0.65049116
-0.53556066 0.053228128 0.84281759 42.579519 0.038959658 0.99850636 -0.038304093 0.43915814 -0.84359765 0.012321721 -0.53683447 0.20242971
-0.52957738 0.052142168 0.84665751 43.330005 0.037131689 0.99857721 -0.03827271 0.39507934 -0.84744858 0.011169463 -0.53076003 -0.25603041
-0.52244311 0.050731264 0.8511636 44.086339 0.03493253 0.99866388 -0.03808107 0.35392478 -0.85195832 0.0098381064 -0.52351724 -0.71959227
-0.51558962 0.050058432 0.8553721 44.846531 0.032902823 0.99871234 -0.038614328 0.30346588 -0.85620372 0.0082350112 -0.51657278 -1.1736208
-0.50878352 0.04870662 0.85951552 45.668807 0.029970222 0.99879517 -0.038858612 0.25548064 -0.8603727 0.0059892507 -0.50963027 -1.6416722
-0.50456976 0.046341373 0.86212631 46.46723 0.025677418 0.99892221 -0.038666466 0.20397007 -0.86298905 0.0026272491 -0.50521586 -2.0996522
-0.5028867 0.043379788 0.86326305 47.314441 0.020759148 0.99905788 -0.038110537 0.15991116 -0.86410305 -0.0012446764 -0.50331345 -2.5767913
-0.50424212 0.041249173 0.86257657 48.150276 0.018306867 0.99914467 -0.037078211 0.10630011 -0.86336829 -0.0029053204 -0.50456597 -3.0346052
-0.50472755 0.039620126 0.862369 48.992038 0.016429182 0.9992062 -0.036291209 0.057964773 -0.86312238 -0.0041491546 -0.50497782 -3.5319951
-0.50523427 0.039375459 0.86208343 49.864241 0.016907892 0.99921844 -0.035729995 0.011160759 -0.86281662 -0.0034760034 -0.50550515 -4.0482812
-0.50556232 0.038663541 0.86192332 50.746581 0.016534281 0.99924613 -0.035125263 -0.0401907 -0.86263168 -0.0035067268 -0.50582047 -4.542576
-0.50528069 0.038055401 0.8621155 51.627421 0.01689501 0.99927193 -0.03420768 -0.091195008 -0.86278969 -0.0027190295 -0.50555576 -5.0496589
-0.50612978 0.037491279 0.86164203 52.519044 0.016511114 0.99929283 -0.033782008 -0.14701497 -0.8622993 -0.0028714099 -0.50639088 -5.5633582
-0.50544196 0.036291638 0.86209702 53.406979 0.015017813 0.99933376 -0.033264034 -0.19133707 -0.86272994 -0.0038662264 -0.50565024 -6.0885078
-0.50565785 0.035687845 0.86199562 54.315018 0.014797244 0.99935585 -0.032694496 -0.24863799 -0.86260723 -0.0037770686 -0.50586022 -6.6117126
-0.50557907 0.03472194 0.86208128 55.20513 0.013272052 0.99938463 -0.032468517 -0.30053705 -0.86267822 -0.0049738146 -0.50572879 -7.1082837
-0.50388004 0.033281369 0.8631322 56.091375 0.012798642 0.99943541 -0.031065458 -0.36085095 -0.86367885 -0.0046063436 -0.50402151 -7.632315
-0.50230263 0.031533915 0.86411667 56.994545 0.013474797 0.99949892 -0.028641603 -0.41187126 -0.86458693 -0.0027429547 -0.50247585 -8.1391283
-0.49926997 0.030110008 0.8659231 57.888434 0.013661305 0.99954533 -0.026879566 -0.46304204 -0.86633881 -0.0015905195 -0.49945431 -8.6510246
-0.49738523 0.029779804 0.86701848 58.774043 0.013822097 0.99955582 -0.026402746 -0.51282269 -0.86741971 -0.0011483218 -0.49757592 -9.1386574
-0.49576158 0.030167428 0.86793451 59.676499 0.014649113 0.99954479 -0.026374371 -0.56138669 -0.86833514 -0.00036092876 -0.49597784 -9.6379684
-0.49352144 0.030631854 0.869194 60.552212 0.014790915 0.99953066 -0.026826971 -0.60907512 -0.86960789 -0.00038351023 -0.49374289 -10.138263
-0.49480707 0.031479798 0.86843245 61.432671 0.013692629 0.99950202 -0.028429281 -0.66498426 -0.86889501 -0.0021758846 -0.4949917 -10.635387
-0.49775789 0.03345468 0.86667052 62.321443 0.01219147 0.99942696 -0.031577291 -0.71629761 -0.86723037 -0.0051518569 -0.49788052 -11.134056
-0.5018611 0.034112118 0.86427526 63.175676 0.011092766 0.99939366 -0.033003844 -0.77388111 -0.86487713 -0.0069761418 -0.50193521 -11.637947
-0.50789861 0.03204234 0.86082067 64.048896 0.010338891 0.99946271 -0.031102894 -0.83034382 -0.86135485 -0.0068971846 -0.50795701 -12.131299
-0.5129436 0.030681076 0.85787381 64.926554 0.014751373 0.99952856 -0.026927024 -0.87665545 -0.85829559 -0.0011572276 -0.51315437 -12.65827
-0.51802072 0.028462707 0.85489435 65.779826 0.011529659 0.99958777 -0.026293741 -0.92728502 -0.85529039 -0.0037640623 -0.51813534 -13.180317
-0.52347586 0.030659904 0.85148866 66.613646 0.012852061 0.9995228 -0.028089074 -0.97664202 -0.85194361 -0.0037605672 -0.5236201 -13.68205
-0.52836647 0.033186462 0.84836753 67.453443 0.013338287 0.99943691 -0.030788862 -1.0245932 -0.84891167 -0.0049520318 -0.5285116 -14.194616
-0.53336881 0.033176293 0.84523191 68.28758 0.011664802 0.99942403 -0.031867634 -1.0810038 -0.8458024 -0.0071377385 -0.5334486 -14.702879
-0.53730051 0.03360978 0.84272088 69.123011 0.010725764 0.99939714 -0.033019899 -1.1366167 -0.8433227 -0.0087027821 -0.53733708 -15.220015
-0.54000567 0.032337315 0.8410399 69.939592 0.010311076 0.99944083 -0.03180728 -1.1927455 -0.84159825 -0.0085040848 -0.54003715 -15.760097
-0.54276325 0.025967514 0.83948417 70.768007 0.012088442 0.99965992 -0.023106474 -1.2421469 -0.83979877 -0.002393289 -0.54289258 -16.292877
-0.54453099 0.018128676 0.83854475 71.583357 0.013038914 0.99982854 -0.013148343 -1.2786361 -0.8386394 0.0037740335 -0.544674 -16.817497
-0.54691717 0.015304308 0.83704679 72.402192 0.013422331 0.99986468 -0.0095112163 -1.3129064 -0.83707915 0.006033272 -0.54704858 -17.335695
-0.54826697 0.020785526 0.83604499 73.191303 0.013294403 0.99978139 -0.016138006 -1.3491699 -0.83619773 0.0022667842 -0.54842344 -17.851919
-0.54935373 0.025782578 0.835192 74.005224 0.013713495 0.99966743 -0.021839819 -1.3942983 -0.8354774 -0.00054438371 -0.5495246 -18.375358
-0.54955589 0.031128875 0.83487679 74.798233 0.020046296 0.99950923 -0.024071859 -1.428354 -0.83521645 0.0035073567 -0.54991021 -18.904298
-0.54972487 0.031464204 0.83475296 75.58406 0.022910697 0.99948236 -0.022585528 -1.4712629 -0.83503157 0.0067089469 -0.55016118 -19.432034
-0.54894024 0.028941139 0.83536038 76.393726 0.023077031 0.99954418 -0.019464696 -1.5125299 -0.83554301 0.008592683 -0.54935791 -19.955302
-0.54824169 0.023948923 0.83597694 77.19617 0.02106704 0.99966818 -0.014822354 -1.5416901 -0.8360546 0.0094853282 -0.54856431 -20.481682
-0.54769032 0.018272647 0.83648154 77.993435 0.019775037 0.99976492 -0.0088917137 -1.5718892 -0.83644744 0.011671549 -0.5479229 -20.988345
-0.5467636 0.011816351 0.83720361 78.785103 0.010946736 0.99991583 -0.006963752 -1.6060243 -0.8372155 0.0053571221 -0.54684693 -21.493271
-0.54515798 0.0061236164 0.83831093 79.588982 0.0017716682 0.9999795 -0.0061524315 -1.6317998 -0.8383315 -0.0018688375 -0.54515765 -21.99867
-0.54348304 0.0067436946 0.83939302 80.361109 0.0050696297 0.99997586 -0.0047513773 -1.657308 -0.83940487 0.0016731196 -0.54350411 -22.49343
-0.54134821 0.010599646 0.84073165 81.159871 0.011093523 0.99992354 -0.0054635456 -1.6867522 -0.84072535 0.0063689962 -0.54142441 -23.006143
-0.53549363 0.013450234 0.84443212 81.94578 0.011621334 0.99989586 -0.0085568536 -1.7111419 -0.84445934 0.0052312878 -0.53559417 -23.505502
-0.52746762 0.015440818 0.84943477 82.736901 0.016562261 0.9998317 -0.007890143 -1.7417006 -0.84941372 0.0099067665 -0.52763458 -23.99568
-0.52022647 0.017974374 0.85383914 83.53722 0.02400613 0.99969121 -0.0064183041 -1.7751587 -0.85369092 0.017158403 -0.52049732 -24.482832
-0.50987475 0.01777966 0.86006486 84.334653 0.022976007 0.99971119 -0.0070455595 -1.7944321 -0.85994181 0.016168505 -0.510136 -24.956785
-0.49882723 0.014528082 0.86657964 85.164785 0.018258278 0.99981376 -0.0062517622 -1.8245472 -0.86650914 0.012703703 -0.49899959 -25.415927
-0.48741853 0.011981685 0.87308622 85.958372 0.02047436 0.99978776 -0.0022902191 -1.8430753 -0.87292843 0.016759588 -0.4875604 -25.855701
-0.4756257 0.011136412 0.87957723 86.796501 0.020307864 0.99979237 -0.0016771202 -1.8656802 -0.87941335 0.017064655 -0.47575311 -26.306781
-0.46544767 0.010113635 0.88501758 87.609699 0.019945442 0.99980063 -0.00093564107 -1.8835296 -0.88485067 0.017216576 -0.46555659 -26.714017
-0.45253878 0.01174328 0.89166736 88.429814 0.022971142 0.99973499 -0.0015082248 -1.9037872 -0.89144885 0.019800089 -0.45268861 -27.129872
-0.44115619 0.014537659 0.89731254 89.252854 0.022468685 0.99973428 -0.0051504864 -1.9382314 -0.89714906 0.017889265 -0.44136561 -27.525296
-0.42967584 0.024432881 0.90265256 90.087269 0.024646941 0.99957876 -0.015324162 -1.9611203 -0.90264681 0.015663204 -0.43009704 -27.921141
-0.41705774 0.029749284 0.90839295 90.916791 0.025283804 0.99945712 -0.021123377 -1.9909101 -0.90852828 0.014157962 -0.41758351 -28.287527
-0.40591942 0.025658131 0.91354858 91.762906 0.022086025 0.99958928 -0.018261148 -2.0256074 -0.913642 0.012764104 -0.40631939 -28.653096
-0.39321245 0.022006261 0.91918422 92.602466 0.023365643 0.99962984 -0.013936763 -2.0637766 -0.91915074 0.015997222 -0.39358109 -29.004948
-0.38360578 0.022476621 0.92322334 93.45196 0.019877584 0.99967313 -0.016078577 -2.099141 -0.92328303 0.012183615 -0.38392717 -29.346302
-0.37648434 0.026383565 0.92604718 94.305888 0.01417005 0.99964145 -0.022719471 -2.1439732 -0.92631465 0.0045686108 -0.37672321 -29.678352
-0.37105394 0.03137789 0.92808099 95.143878 0.0071849782 0.99949604 -0.030919781 -2.1750758 -0.92858356 -0.0048046643 -0.3710924 -29.995373
-0.36783746 0.03359618 0.92928296 95.978063 0.0048940104 0.99940323 -0.034194029 -2.2226949 -0.92987726 -0.0080299235 -0.36778236 -30.315195
-0.36454662 0.033735939 0.93057379 96.820615 0.0041245034 0.99939221 -0.034615052 -2.2654361 -0.93117604 -0.0087806446 -0.36446419 -30.636103
-0.35941067 0.033124085 0.93259138 97.672863 0.0028126061 0.99940373 -0.034413198 -2.3178661 -0.9331753 -0.0097454575 -0.35928953 -30.953536
-0.35396092 0.029284306 0.9348016 98.514488 0.00082314773 0.99951905 -0.031000009 -2.3641759 -0.93525989 -0.010203311 -0.35381479 -31.259923
-0.34834379 0.025978701 0.93700674 99.372629 0.0020073057 0.99963426 -0.026968819 -2.4080139 -0.93736474 -0.0075135612 -0.34826854 -31.572573
-0.34268946 0.022680982 0.93917487 100.21963 -0.00034596107 0.9997054 -0.024269022 -2.4472645 -0.93944871 -0.0086416555 -0.34258066 -31.872649
-0.33681497 0.021846759 0.94131733 101.06292 -0.0038078433 0.99969101 -0.024564028 -2.4916945 -0.9415632 -0.011857921 -0.33662771 -32.159046
-0.33058319 0.020788498 0.94354783 101.91291 -0.017038472 0.99946298 -0.027990065 -2.5312744 -0.94362308 -0.025329658 -0.33005146 -32.436199
-0.32385802 0.024294828 0.94579367 102.76196 -0.014638082 0.99942192 -0.03068475 -2.5808534 -0.94599249 -0.023782108 -0.32331517 -32.715355
-0.31675543 0.028846566 0.94806846 103.62214 -0.011352453 0.99935054 -0.03419983 -2.6241167 -0.94843935 -0.021595884 -0.31622223 -32.99733
-0.31009581 0.026736978 0.95032923 104.46873 -0.013502497 0.99937978 -0.032522898 -2.6650511 -0.95060946 -0.022917031 -0.30954246 -33.260883
-0.30357998 0.021617045 0.95256067 105.32736 -0.014213716 0.99952861 -0.02721281 -2.7089567 -0.95269998 -0.021800691 -0.30312961 -33.525245
-0.29646807 0.019250297 0.9548487 106.18501 -0.013559052 0.99961123 -0.024362643 -2.7474252 -0.95494655 -0.020169589 -0.2960918 -33.775547
-0.29012012 0.021845397 0.95674083 107.0262 -0.016978539 0.99946458 -0.027969449 -2.7978408 -0.95683965 -0.024358561 -0.28959388 -34.022601
-0.28357817 0.024616612 0.95863307 107.89621 -0.017703594 0.9993657 -0.030899569 -2.8411581 -0.95878573 -0.025733694 -0.2829625 -34.273383
-0.27697236 0.025524593 0.96053877 108.75219 -0.018336177 0.99932469 -0.031842513 -2.880367 -0.96070296 -0.026432105 -0.2763173 -34.505219
-0.2700317 0.024307529 0.96254452 109.62223 -0.019767062 0.99933064 -0.030781943 -2.9274475 -0.96264855 -0.027338777 -0.26937046 -34.750822
-0.26190632 0.024551999 0.96478091 110.47125 -0.015985543 0.99942884 -0.029773276 -2.9690846 -0.96496094 -0.023220355 -0.26136426 -34.971061
-0.25437264 0.025616865 0.96676691 111.33092 -0.011850991 0.9994915 -0.029602177 -3.0188249 -0.96703371 -0.018987129 -0.25393971 -35.194161
-0.2474932 0.026298354 0.96853262 112.21352 -0.0099704558 0.99950951 -0.029687254 -3.0585147 -0.96883837 -0.017004105 -0.2471096 -35.420339
-0.24097715 0.025210577 0.97020326 113.06631 -0.0163107 0.99941618 -0.030020887 -3.0966372 -0.97039376 -0.023059042 -0.24042527 -35.606963
-0.23535169 0.023200807 0.97163328 113.93609 -0.020795313 0.99936597 -0.028900109 -3.1438582 -0.97168782 -0.027007107 -0.23472 -35.8053
-0.23049816 0.023477974 0.97278944 114.81268 -0.018618076 0.99941947 -0.028532151 -3.1852239 -0.97289467 -0.024688076 -0.22992724 -36.006641
-0.22585334 0.023607744 0.97387518 115.67172 -0.016579386 0.99946837 -0.028073106 -3.2297409 -0.97402026 -0.022486657 -0.22534187 -36.20266
-0.22075454 0.025434348 0.97499767 116.55792 -0.015249227 0.99944772 -0.029524825 -3.2697756 -0.97521022 -0.021385699 -0.22024476 -36.403415
-0.21494716 0.024173656 0.97632642 117.40838 -0.0099364741 0.99958774 -0.026937206 -3.3088018 -0.97657517 -0.015491318 -0.21461835 -36.591994
-0.20989501 0.023349712 0.97744503 118.27305 -0.0016867335 0.99970466 -0.024243666 -3.3472816 -0.97772252 -0.0067373131 -0.20979363 -36.783045
-0.20493766 0.022287693 0.9785212 119.16582 0.0003592219 0.99974235 -0.02269581 -3.3949678 -0.978775 -0.0042997192 -0.20489287 -36.970609
-0.20080094 0.023725713 0.97934467 120.02704 -0.0016521358 0.99969705 -0.024557518 -3.430324 -0.97963071 -0.0065491824 -0.20070092 -37.131355
-0.19734475 0.025668998 0.979998 120.89208 -0.0041999368 0.99962583 -0.027028859 -3.4722726 -0.9803252 -0.0094499322 -0.1971631 -37.295936
-0.19591993 0.024724772 0.98030811 121.78028 -0.0062346197 0.99963048 -0.026458131 -3.5106401 -0.98060012 -0.011295523 -0.19569338 -37.460941
-0.19456217 0.023566383 0.98060701 122.63146 -0.008042175 0.99963942 -0.025619424 -3.5538565 -0.98085726 -0.012870783 -0.1943025 -37.625469
-0.19363641 0.019317874 0.98088311 123.5167 -0.0064381854 0.99975957 -0.020960597 -3.587887 -0.98105228 -0.010373841 -0.19346548 -37.797129
-0.19272602 0.013713011 0.98115674 124.36905 -0.0068336467 0.99985934 -0.015316719 -3.6307421 -0.98122885 -0.0096568083 -0.1926052 -37.951903
-0.19171286 0.011831414 0.9813797 125.23766 -0.0036950357 0.99991155 -0.012776658 -3.6606895 -0.98144414 -0.0060756818 -0.19165218 -38.116392
-0.19075158 0.016355848 0.98150203 126.11634 -0.0065130606 0.99981809 -0.017926859 -3.694942 -0.98161678 -0.0098121582 -0.19061036 -38.282344
-0.19050087 0.020461851 0.98147371 126.94923 -0.0061725077 0.99973802 -0.022040689 -3.7289423 -0.98166766 -0.010256924 -0.19032466 -38.439487
-0.1904245 0.019736192 0.98150339 127.80185 -0.0077806721 0.99973615 -0.02161237 -3.7552558 -0.98167105 -0.01175228 -0.1902207 -38.59284
-0.18995184 0.018418993 0.98162058 128.67016 -0.011085963 0.99972003 -0.020903834 -3.7977559 -0.98173086 -0.01485293 -0.18969447 -38.758108
-0.1892938 0.019025051 0.98173613 129.50345 -0.0043609461 0.99978613 -0.020215697 -3.8366116 -0.98191085 -0.0081080038 -0.18917035 -38.920009
-0.18866078 0.021869422 0.98179874 130.35605 -0.0064410061 0.99970295 -0.023505927 -3.8749839 -0.98202123 -0.010758418 -0.18846388 -39.072692
-0.18899716 0.022811236 0.9817126 131.17561 -0.017171906 0.99950051 -0.026530455 -3.9046869 -0.98182752 -0.021872057 -0.18851105 -39.211083
-0.18847595 0.023927386 0.98178624 132.02421 -0.021981423 0.99934992 -0.028575262 -3.9466319 -0.98183182 -0.026966808 -0.18782747 -39.360662
-0.18847612 0.027399582 0.98169544 132.8625 -0.022056607 0.99924049 -0.032123928 -3.9935766 -0.9818301 -0.027707464 -0.18772863 -39.51452
-0.18782969 0.028066561 0.98180049 133.68615 -0.020174836 0.99927051 -0.03242565 -4.0382819 -0.98199443 -0.025898164 -0.18712643 -39.665533
-0.18615928 0.029339921 0.98208137 134.50276 -0.020485916 0.99922083 -0.03373519 -4.0856082 -0.98230603 -0.026398955 -0.18541317 -39.808939
-0.18412932 0.028521189 0.98248809 135.31056 -0.015266541 0.99937534 -0.031872538 -4.120248 -0.9827835 -0.020867863 -0.18357888 -39.967986
-0.1811837 0.0257578 0.98311185 136.13133 -0.0063130185 0.99960589 -0.027353412 -4.1685896 -0.98342905 -0.011162395 -0.18094969 -40.120208
-0.17859964 0.021481009 0.98368727 136.94943 0.0022174946 0.9997679 -0.021429552 -4.1990271 -0.98391937 -0.0016459881 -0.17860582 -40.280289
-0.174711 0.020872574 0.98439846 137.77421 0.0031972483 0.99978204 -0.020631309 -4.2376995 -0.98461461 -0.00045714937 -0.17473965 -40.425446
-0.17000084 0.025040931 0.98512567 138.58148 0.00056138009 0.99967939 -0.025313995 -4.2880711 -0.9854438 -0.0037503695 -0.16996039 -40.551299
-0.16335792 0.028953754 0.98614187 139.38273 0.0042515099 0.99958063 -0.028644046 -4.3181038 -0.98655775 -0.00048663893 -0.16341251 -40.680515
-0.15577161 0.028878087 0.98737084 140.17379 -0.0032930093 0.99955183 -0.029753867 -4.3639985 -0.98778765 -0.0078862285 -0.15560671 -40.791304
-0.14579249 0.025580046 0.98898439 140.94905 0.0069642529 0.99966744 -0.024829717 -4.3863495 -0.98929072 0.0032675521 -0.14592215 -40.913492
-0.13395168 0.024114462 0.99069438 141.76607 0.014897181 0.99963993 -0.022317958 -4.4270505 -0.99087593 0.011769026 -0.13426269 -41.022172
-0.12032821 0.026361865 0.99238404 142.55549 0.014406292 0.99958846 -0.024806456 -4.4677387 -0.99262967 0.011311659 -0.12065847 -41.110956
-0.10625599 0.027395536 0.9939613 143.35355 0.011344456 0.99958872 -0.026337898 -4.5067831 -0.99427413 0.008477392 -0.10652308 -41.19187
-0.092285411 0.027414769 0.99535509 144.14204 0.014530374 0.99955155 -0.026183151 -4.5408025 -0.99562661 0.01204656 -0.092642374 -41.252993
-0.078340632 0.029130626 0.99650091 144.92951 0.019634736 0.99942419 -0.027672482 -4.5738805 -0.99673332 0.017398154 -0.078867496 -41.316659
-0.064411018 0.035253014 0.99730054 145.72347 0.017665548 0.99925951 -0.034181324 -4.6221744 -0.99776712 0.015416208 -0.064986088 -41.358808
-0.051723382 0.044194595 0.99768304 146.4595 0.0091374956 0.99899944 -0.043779186 -4.6672471 -0.99861969 0.0068519178 -0.052075459 -41.378171
-0.038453428 0.052549812 0.99787763 147.21418 0.00038664939 0.99861696 -0.052573845 -4.715946 -0.99926036 -0.001635815 -0.038420565 -41.385846
-0.024822495 0.053970746 0.9982339 148.00103 0.0022163417 0.99854213 -0.053932297 -4.7608843 -0.99968946 0.00087369404 -0.024905927 -41.400189
-0.012778932 0.049748785 0.99867997 148.78204 0.0013389585 0.99876152 -0.049735713 -4.8139013 -0.99991749 0.00070162255 -0.012829719 -41.397372
-0.0021381357 0.046902872 0.99889712 149.52981 0.00091267161 0.99889913 -0.046901011 -4.8683022 -0.99999734 0.00081138518 -0.0021785903 -41.380838
0.0067623317 0.052862348 0.99857887 150.29358 -0.0045087231 0.99859321 -0.052832572 -4.9337291 -0.99996701 -0.0041450434 0.0069911586 -41.358968
0.013243572 0.061564328 0.99801521 151.04239 -0.013197081 0.99802661 -0.061389905 -4.9835575 -0.99982525 -0.012357865 0.014029905 -41.334547
0.016688965 0.065010646 0.99774496 151.79693 -0.017113865 0.99775637 -0.064725129 -5.035293 -0.9997143 -0.015995076 0.017764103 -41.317028
0.016295432 0.060783443 0.99801791 152.54964 -0.019184365 0.99798575 -0.060468244 -5.0919975 -0.9996832 -0.018160983 0.017428699 -41.28878
0.014880954 0.055006006 0.99837509 153.30245 -0.014419391 0.99839366 -0.054792104 -5.1621927 -0.99978534 -0.013580601 0.015650201 -41.27431
0.012258659 0.052761661 0.99853185 154.05526 -0.013464535 0.9985251 -0.052596002 -5.2087096 -0.99983424 -0.01280001 0.012950988 -41.260598
0.0090720791 0.052846226 0.99856141 154.80256 -0.013244602 0.9985213 -0.052723772 -5.2625697 -0.99987117 -0.012747233 0.0097585898 -41.25061
0.0058781844 0.053052319 0.99857439 155.55196 -0.013201577 0.99850878 -0.052971119 -5.3202418 -0.99989562 -0.012871382 0.0065697914 -41.24972
0.00092235171 0.05128286 0.9986837 156.29891 -0.011872434 0.99861434 -0.051268332 -5.373877 -0.99992914 -0.011809518 0.0015299245 -41.244241
-0.0044286119 0.051737882 0.99865084 157.04423 -0.015753567 0.99853313 -0.051801642 -5.4258431 -0.99986614 -0.015961722 -0.003607061 -41.24178
-0.010168089 0.04973503 0.99871064 157.76664 -0.014496538 0.99865003 -0.049879602 -5.4706963 -0.99984326 -0.014985026 -0.0094333783 -41.239978
-0.016067014 0.046885883 0.99877099 158.51171 -0.011112972 0.9988299 -0.047067419 -5.5232869 -0.9998092 -0.011855546 -0.015527174 -41.254951
-0.021365147 0.046827945 0.99867442 159.23764 -0.013916579 0.99879176 -0.04713117 -5.5751898 -0.99967492 -0.014905095 -0.020687649 -41.267194
-0.026841349 0.048056153 0.99848388 159.96925 -0.013729718 0.99873186 -0.04843717 -5.6196889 -0.99954546 -0.015009021 -0.026147515 -41.279358
-0.031217466 0.050325398 0.99824483 160.67984 -0.016684678 0.99856624 -0.050863369 -5.6721292 -0.99937339 -0.018243219 -0.030333046 -41.295257
-0.03337997 0.052385135 0.99806888 161.39263 -0.014557523 0.998494 -0.052894316 -5.7239081 -0.99933675 -0.01629502 -0.032567103 -41.31877
-0.035464837 0.054283115 0.99789554 162.119 -0.01427274 0.99839438 -0.054817496 -5.7817298 -0.99926904 -0.016186797 -0.034633127 -41.341403
-0.034236687 0.05233449 0.99804252 162.84089 -0.0087307878 0.99857423 -0.05266187 -5.829162 -0.99937566 -0.010516665 -0.033730954 -41.367773
-0.030580828 0.048665454 0.99834683 163.55522 -0.0043451407 0.99879811 -0.048820548 -5.8750268 -0.99952289 -0.0058309295 -0.030332616 -41.388743
-0.022890961 0.048010132 0.99858447 164.25919 -0.0038516548 0.9988346 -0.048110449 -5.9286312 -0.99973059 -0.0049474963 -0.022679367 -41.401174
-0.012333037 0.049512728 0.9986973 164.94958 -0.0022718149 0.99876934 -0.049544353 -5.9804079 -0.99992141 -0.002879887 -0.012205377 -41.400688
0.0019865301 0.049436145 0.99877527 165.63653 0.0003253456 0.9987772 -0.049436885 -6.0302749 -0.99999802 0.00042315585 0.0019680156 -41.395611
0.017198878 0.047384356 0.99872861 166.32666 -0.00085102993 0.99887673 -0.047376727 -6.072304 -0.99985177 -3.5120564e-05 0.017219883 -41.37052
0.033149678 0.042563601 0.99854362 167.022 -0.0059186053 0.9990836 -0.042390131 -6.1213815 -0.99943292 -0.0045047656 0.033371215 -41.324208
0.049957872 0.036115251 0.9980981 167.69228 -0.0068396155 0.99933494 -0.03581766 -6.1565106 -0.99872795 -0.0050372324 0.050171659 -41.28535
0.066910859 0.028775686 0.99734388 168.37049 -0.0073464782 0.99957114 -0.028347078 -6.193865 -0.99773195 -0.005430237 0.067093562 -41.227887
0.0844447 0.021035878 0.99620605 169.06818 -0.0079552255 0.9997595 -0.020436577 -6.2302364 -0.99639645 -0.0061992825 0.084591735 -41.15685
0.10151324 0.014842689 0.99472342 169.71409 -0.0084901625 0.99986521 -0.014052976 -6.2563431 -0.994798 -0.0070187997 0.10162557 -41.075755
0.11976454 0.012447216 0.99272425 170.38251 -0.010324993 0.99988294 -0.011291343 -6.2881577 -0.99274868 -0.0088975677 0.11987904 -40.978686
0.13794887 0.011460895 0.990373 171.02004 -0.009085433 0.99990562 -0.0103057 -6.3050867 -0.99039772 -0.007576307 0.13803998 -40.880016
0.15521685 0.010799111 0.98782135 171.65652 -0.0091547892 0.99991303 -0.0094928035 -6.3247293 -0.98783804 -0.0075698526 0.15530221 -40.762328
0.17158334 0.01050551 0.98511355 172.304 -0.015921866 0.99984211 -0.0078893685 -6.3433202 -0.98504098 -0.014331162 0.17172351 -40.634591
0.18605842 0.0069371067 0.98251415 172.92521 -0.017666176 0.99983704 -0.0037139769 -6.3598398 -0.98237989 -0.016666251 0.18615065 -40.497901
0.19811499 0.0027695201 0.98017483 173.55554 -0.013458412 0.99990943 -0.0001050381 -6.376514 -0.98008643 -0.013170787 0.19813431 -40.362249
0.20913217 0.0010873729 0.97788674 174.17774 -0.010262531 0.99994675 0.0010828563 -6.3928876 -0.97783357 -0.010262052 0.2091322 -40.221825
0.21906584 0.0044067328 0.97570009 174.77747 -0.014309515 0.99989676 -0.0013032198 -6.413303 -0.97560519 -0.013676304 0.21910628 -40.071942
0.2275351 0.011437265 0.97370267 175.38816 -0.018237769 0.99980568 -0.0074820676 -6.4318134 -0.97359912 -0.016055731 0.22769947 -39.918483
0.23679305 0.021933271 0.97131246 175.95974 -0.019660435 0.9996486 -0.017780178 -6.4485312 -0.97136121 -0.014886202 0.23714106 -39.762094
0.24516242 0.028571884 0.96906086 176.54524 -0.014495462 0.99956192 -0.025803977 -6.4624217 -0.96937369 -0.0077208188 0.24546918 -39.613661
0.25123517 0.027006405 0.96754921 177.16025 -0.014341785 0.99960481 -0.024177138 -6.4795852 -0.96781986 -0.0078022349 0.2515232 -39.453483
0.25768949 0.019530665 0.96603033 177.75206 -0.015656103 0.99974883 -0.016036087 -6.496984 -0.96610098 -0.010991939 0.25793054 -39.278008
0.262127 0.0087937089 0.96499328 178.36348 -0.020586883 0.99978188 -0.0035185869 -6.5217124 -0.96481381 -0.018943886 0.26225086 -39.099038
0.26429656 -0.00029975038 0.96444137 178.97402 -0.019547815 0.99979286 0.0056676423 -6.5443083 -0.96424338 -0.02035066 0.26423595 -38.92253
0.26493746 -0.0015679841 0.96426428 179.58725 -0.015719602 0.99985877 0.0059449203 -6.5636316 -0.9641375 -0.016732883 0.26487539 -38.758842
0.26613717 0.001881573 0.96393329 180.18114 -0.014865548 0.99988718 0.0021525498 -6.5664812 -0.96382058 -0.01490227 0.26613512 -38.595308
0.26753202 0.001409186 0.9635479 180.78525 -0.011757275 0.99992926 0.00180205 -6.5782107 -0.96347728 -0.011810803 0.26752966 -38.421852
0.26953895 -0.00048698778 0.96298932 181.40368 -0.012347175 0.99991592 0.0039616136 -6.5731368 -0.96291037 -0.012958006 0.26951027 -38.246374
0.27207807 -0.0046414943 0.96226395 182.0116 -0.013400236 0.99987313 0.008611791 -6.591143 -0.96218191 -0.015237643 0.27198135 -38.068359
0.27535701 -0.010440441 0.96128531 182.63221 -0.010902558 0.9998428 0.013982213 -6.5991297 -0.96128026 -0.014330568 0.27519989 -37.886201
0.27943418 -0.013461838 0.96007044 183.25657 -0.0099089579 0.99980803 0.016903088 -6.6051685 -0.96011376 -0.014236598 0.27924714 -37.703116
0.2856611 -0.014706867 0.95821781 183.86661 -0.009220945 0.99979377 0.018093902 -6.5993517 -0.95828638 -0.014004397 0.28546657 -37.513604
0.2936737 -0.017857812 0.95573887 184.49759 -0.0077490449 0.99974816 0.021061198 -6.6033785 -0.95587436 -0.013591183 0.29346136 -37.311853
0.30303795 -0.020263316 0.95276299 185.09605 -0.0049808228 0.99972658 0.022846347 -6.6046777 -0.95296551 -0.011668853 0.30285416 -37.114858
0.31437804 -0.018471276 0.94911811 185.72268 -0.0060379192 0.99975155 0.02145663 -6.6052421 -0.94927871 -0.012476191 0.3141884 -36.896228
0.32605826 -0.014908177 0.94523208 186.34121 -0.0064655656 0.99981709 0.01799939 -6.6060689 -0.94532761 -0.011980309 0.32590223 -36.673322
0.33716846 -0.010966911 0.94138041 186.93802 -0.0081910771 0.99986013 0.014581937 -6.6031896 -0.94140874 -0.012627488 0.33703147 -36.441257
0.34903045 -0.010351196 0.93705417 187.56571 -0.0076436014 0.99987428 0.0138922 -6.6014153 -0.93708025 -0.012011269 0.34890745 -36.198258
0.36071031 -0.013454031 0.93258082 188.17995 -0.0066207806 0.99983382 0.0169851 -6.6035234 -0.93265444 -0.012301113 0.36056129 -35.939773
0.37148306 -0.015414771 0.92831172 188.80981 -0.0064894999 0.99979463 0.019198664 -6.605807 -0.92841709 -0.013156257 0.37130673 -35.685235
0.38291645 -0.015473387 0.92365334 189.44057 -0.0093874208 0.9997429 0.020639786 -6.6097659 -0.92373532 -0.016574036 0.38267275 -35.409236
0.39237566 -0.017159837 0.91964494 190.06016 -0.011483181 0.99965666 0.023552204 -6.5976192 -0.91973341 -0.019801761 0.39204389 -35.12683
0.39982081 -0.015482846 0.91646251 190.68847 -0.016504647 0.99957361 0.024087341 -6.5986126 -0.91644475 -0.02475651 0.39939479 -34.825676
0.40427782 -0.017909231 0.91446084 191.33076 -0.0165924 0.99950014 0.026910084 -6.588318 -0.91448576 -0.02605225 0.40377858 -34.537579
0.40580269 -0.023004994 0.9136711 191.99042 -0.011686441 0.99947084 0.030355792 -6.5816583 -0.91388603 -0.022996025 0.40531911 -34.25687
0.40646845 -0.021082502 0.91342151 192.63841 -0.009949679 0.99957233 0.027498494 -6.5780084 -0.91361068 -0.020265521 0.40608485 -33.96112
0.40552806 -0.02108664 0.91383931 193.29596 -0.0069900514 0.99963311 0.026168239 -6.568777 -0.91405591 -0.016999738 0.40523188 -33.667368
0.40411678 -0.020286792 0.91448237 193.9666 -0.0036696135 0.99971003 0.023799105 -6.5623903 -0.91470008 -0.012973414 0.40392515 -33.379959
0.4042503 -0.021210195 0.9144024 194.63346 -0.0012553004 0.99971728 0.023744091 -6.5519399 -0.91464758 -0.010746405 0.40410939 -33.081268
0.40327734 -0.027690576 0.91465871 195.3231 0.0024393826 0.99957103 0.029185695 -6.5474312 -0.91507459 -0.0095387262 0.40317189 -32.784314
0.40280011 -0.030724367 0.91477211 196.00399 0.0035035164 0.99948087 0.032026774 -6.5405195 -0.91528131 -0.0096954684 0.40269864 -32.477623
0.40097311 -0.033492206 0.91547735 196.68976 0.0049940596 0.99939653 0.034374975 -6.5262395 -0.91607625 -0.0092114914 0.40089839 -32.178687
0.39866932 -0.033254615 0.91649159 197.38088 0.0032417946 0.99938722 0.034852292 -6.5187173 -0.91708906 -0.010923462 0.39853282 -31.881264
0.39793839 -0.03344949 0.9168021 198.06363 0.0015420711 0.99935806 0.035792205 -6.5064393 -0.91741088 -0.012829318 0.39773452 -31.567015
0.39595977 -0.032937262 0.91767692 198.75154 0.0018065742 0.99938251 0.035090338 -6.4984506 -0.91826612 -0.01223651 0.39577477 -31.273546
0.39445535 -0.029542526 0.91844006 199.44653 0.0023582014 0.99951233 0.031137485 -6.4912278 -0.91891212 -0.01011648 0.39433265 -30.971419
0.39391651 -0.023429816 0.91884751 200.13226 0.0013057191 0.99968831 0.024931415 -6.4896993 -0.91914533 -0.0086211387 0.39382433 -30.668331
0.39262014 -0.020191587 0.91947901 200.80496 -0.0009198317 0.99974985 0.02234709 -6.4784924 -0.91970031 -0.0096196829 0.39250335 -30.381841
0.39111051 -0.023017396 0.92005581 201.50641 -0.0013709544 0.99967153 0.025591959 -6.4689152 -0.92034274 -0.011270638 0.39095049 -30.080635
0.39036731 -0.026423062 0.92027991 202.19374 -0.0023891507 0.99955563 0.029712663 -6.4677409 -0.92065614 -0.013797539 0.39013071 -29.774464
0.38716292 -0.025719348 0.92165249 202.87577 -0.0067270921 0.99950546 0.03071777 -6.4654703 -0.92198682 -0.018092822 0.38679844 -29.484475
0.38286189 -0.025723277 0.92344735 203.57152 -0.0096287153 0.99944684 0.031832368 -6.4600151 -0.92375545 -0.021079012 0.38240243 -29.178996
0.37619142 -0.026716293 0.92615667 204.25447 -0.0094879299 0.99942071 0.032683556 -6.4504118 -0.92649343 -0.021082583 0.37572001 -28.908485
0.36750094 -0.026896341 0.92963411 204.95758 -0.009197534 0.99942774 0.032551572 -6.4372217 -0.92997771 -0.020513074 0.36704325 -28.634612
