7.776300318642518361e-01 -6.283621709819136036e-01 2.127241457145584783e-02 -6.595792902486819287e+01 6.273967847610691928e-01 7.777422243149230141e-01 3.860449441645402713e-02 2.571164921757160826e+01 -4.080205894653547716e-02 -1.667376971693453752e-02 9.990281164157245319e-01 -8.850278007038889783e-01 -4.809208017785018303e-24 -1.416202385148814181e-23 -3.430527606006730092e-24 9.999999999999997780e-01
7.495332817535663716e-01 -6.613868526004775816e-01 2.770001355529631490e-02 -6.555841363783767406e+01 6.606361054962482937e-01 7.500233193332259685e-01 3.201494293483880815e-02 2.609056036541181101e+01 -4.194991845617561388e-02 -5.696636165738634336e-03 9.991034744599356365e-01 -8.926418587639801672e-01 -4.809208017785018303e-24 -1.416202385148814181e-23 -3.430527606006730092e-24 9.999999999999997780e-01
7.211031734533076554e-01 -6.927326409052243505e-01 1.147612565472513890e-02 -6.520595745327052839e+01 6.923818545210616016e-01 7.211344142772753152e-01 2.392747531496658420e-02 2.648772988285905683e+01 -2.485117231732394613e-02 -9.308317218812763028e-03 9.996478252189658908e-01 -9.019150198461971524e-01 -1.775776439761428111e-19 3.797734411857566929e-18 -2.611270157673815623e-20 1.000000000000000000e+00
6.910200632925499464e-01 -7.226970045346075011e-01 -1.415315384875708710e-02 -6.487034620232893189e+01 7.228316237394927235e-01 6.909485717033335694e-01 1.022325697880914486e-02 2.690142635654731862e+01 2.390784241723402110e-03 -1.729482286208459257e-02 9.998475750097501891e-01 -9.076888880795261905e-01 -6.304538761231725107e-19 8.289495547335700650e-18 -2.416212946831126669e-21 1.000000000000000222e+00
6.563288113126023449e-01 -7.539381271608022184e-01 -2.845684195847917111e-02 -6.453098039630224037e+01 7.539881811443488457e-01 6.567933115664225108e-01 -1.115206600827825696e-02 2.732366476882984330e+01 2.709823122688688815e-02 -1.413670028249286274e-02 9.995328106518045486e-01 -9.273493314693159739e-01 -1.474340599049286275e-19 1.264347654298295890e-17 6.359623833582233804e-20 1.000000000000000222e+00
6.189325293738168199e-01 -7.849494606219825643e-01 -2.787235821005108749e-02 -6.419357597193365450e+01 7.842400524816030005e-01 6.195586464279220218e-01 -3.338598089105360156e-02 2.776706770274290648e+01 4.347486821814191410e-02 -1.194950066910612646e-03 9.990538063226376275e-01 -9.385856029839185766e-01 6.393570976010694340e-19 1.676163880851912040e-17 1.166645222299852786e-19 1.000000000000000222e+00
5.861189341817834020e-01 -8.099189640383557265e-01 -2.226806423218928230e-02 -6.386858114057372404e+01 8.089595050856570602e-01 5.865179063787333558e-01 -3.976511824049713817e-02 2.825843046696703453e+01 4.526714178277713163e-02 5.293126500245529456e-03 9.989608944731855900e-01 -9.605419715817431481e-01 2.043186773229942560e-18 2.095629720373779008e-17 9.461385855123586125e-20 1.000000000000000000e+00
5.573424802718781601e-01 -8.301295827282388906e-01 -1.594476603255302882e-02 -6.356597603936519647e+01 8.297857419177261384e-01 5.575705056330242382e-01 -2.389045328549781882e-02 2.876374224859993234e+01 2.872250327604979406e-02 8.442497693241394281e-05 9.995874202279538823e-01 -9.311833463793476318e-01 4.376419626362138532e-18 2.305868818803462498e-17 -2.756247941668699839e-20 9.999999999999998890e-01
5.286543016493052694e-01 -8.488007098257285277e-01 -7.873013846434961938e-03 -6.328496772044812957e+01 8.487608701552369350e-01 5.287084119290765827e-01 -8.508845324852361280e-03 2.927545057579946786e+01 1.138484259937639839e-02 -2.184068399992421944e-03 9.999328053445420972e-01 -8.755277677643282797e-01 5.498105976548202402e-18 2.328383652594428316e-17 -9.681883972657387486e-20 9.999999999999996669e-01
4.987697665250367951e-01 -8.667118384047575175e-01 -6.269702513453759805e-03 -6.301039512023492506e+01 8.666970519626127079e-01 4.988024149276119035e-01 -5.689550219611524962e-03 2.979484532228989480e+01 8.058543285124347352e-03 -2.596157050424743352e-03 9.999641592820639469e-01 -8.680917820697807707e-01 5.421173752796023686e-18 2.469111014004958037e-17 -1.293883205865728982e-19 9.999999999999993339e-01
4.712282017443731874e-01 -8.820008958946622402e-01 -4.289699497618873307e-03 -6.274894193194577952e+01 8.818808971444841438e-01 4.712365829194518629e-01 -1.490523968410996727e-02 3.031710963136619341e+01 1.516789808791916064e-02 3.240765251471657785e-03 9.998797089191142629e-01 -8.631628465819114471e-01 5.500111397952630016e-18 2.773416267990450471e-17 -1.729661639840062505e-19 9.999999999999992228e-01
4.457957316254883562e-01 -8.951183614541539102e-01 -5.411529555443767361e-03 -6.250042333816481488e+01 8.948667607694187343e-01 4.458020507059330950e-01 -2.177181794051482808e-02 3.085391500107868623e+01 2.190082497406480033e-02 4.863185583520739444e-03 9.997483199742970283e-01 -8.586585461248854578e-01 5.778899417246602453e-18 3.142430481652187645e-17 -2.490051569171987744e-19 9.999999999999991118e-01
4.226964523810941565e-01 -9.062530890691804508e-01 -5.748712639270361045e-03 -6.226121556189701067e+01 9.060095950519686525e-01 4.227183152213452866e-01 -2.135040164017391190e-02 3.141049050553167987e+01 2.177895356083990597e-02 3.816350219837260412e-03 9.997555264427337995e-01 -8.540947842257117228e-01 4.894738224112229826e-18 3.869916443865059952e-17 -3.211790043557654181e-19 9.999999999999992228e-01
4.030517292019816789e-01 -9.151634696442930705e-01 -5.012725397998387712e-03 -6.202865937009856623e+01 9.150555277044138958e-01 4.030814111711879533e-01 -1.409812703313874892e-02 3.198798384653895255e+01 1.492262727837275794e-02 1.095352394912437561e-03 9.998880514328767344e-01 -8.474995371407193501e-01 5.123120295612134610e-18 4.491872390819797488e-17 -3.974672794919226414e-19 9.999999999999992228e-01
3.858780040701221270e-01 -9.225471071591919703e-01 -2.236302097340663216e-03 -6.180186165917542240e+01 9.225324297050216948e-01 3.858844802042643019e-01 -5.204236739076054802e-03 3.257185429155506284e+01 5.664107821018927146e-03 -5.486072183199380159e-05 9.999839573077591304e-01 -8.428772349040836165e-01 3.639137438689009710e-18 5.231392802139457219e-17 -4.514594585145782526e-19 9.999999999999993339e-01
3.696099320706939806e-01 -9.291858907872311280e-01 1.441692284492023315e-03 -6.157703243228052514e+01 9.291853095530943074e-01 3.696117787576422287e-01 1.339221540711723691e-03 3.316130350849970654e+01 -1.777252209959129291e-03 8.446097089546620836e-04 9.999980640026334688e-01 -8.398230093677048202e-01 1.218120323961000613e-18 6.047833399775018874e-17 -5.001100494064268365e-19 9.999999999999993339e-01
3.555338854184080244e-01 -9.346615791432141274e-01 1.840867407288236494e-03 -6.136171221627758854e+01 9.346564351803442472e-01 3.555381486033966643e-01 3.158015776318567284e-03 3.375833049444732126e+01 -3.606174602263801515e-03 5.977969493668041853e-04 9.999933190494517676e-01 -8.407259188488412915e-01 -1.348040860967514331e-18 6.883764322456096953e-17 -5.745700210770574316e-19 9.999999999999994449e-01
3.425416184148642462e-01 -9.395025713278769564e-01 3.976456237898975217e-04 -6.115726323956297250e+01 9.395001937182383411e-01 3.425416590954123430e-01 2.144245218942092239e-03 3.435839507275554183e+01 -2.150734088457647956e-03 -3.609050869951575661e-04 9.999976220423690831e-01 -8.457472247549643329e-01 -5.529510777320723226e-18 7.684341347486415913e-17 -6.580731451536227439e-19 9.999999999999994449e-01
3.303275283424219610e-01 -9.438564028020695051e-01 -4.337615558617192828e-03 -6.096049208555272969e+01 9.438662738711992573e-01 3.303219347871496070e-01 1.968869466793391962e-03 3.497155041326018221e+01 -4.255204888282094425e-04 -4.744500819395178030e-03 9.999886542577787196e-01 -8.506835257218707813e-01 -1.020305273187222946e-17 8.433078660588720241e-17 -7.314205349484944818e-19 9.999999999999992228e-01
3.199065224286350428e-01 -9.474207713086754135e-01 -7.327960187179180691e-03 -6.076525668848071149e+01 9.474490932581267622e-01 3.198984216572287598e-01 2.283748141456736457e-03 3.559869740270278982e+01 1.805324721929626129e-04 -7.673455160813925577e-03 9.999705423130811344e-01 -8.572127097059666356e-01 -1.382935792193679487e-17 9.131418628805918290e-17 -7.650209310371259342e-19 9.999999999999987788e-01
3.118603528899532296e-01 -9.500819011430258199e-01 -9.354219145554246162e-03 -6.057029799849875218e+01 9.501278423260721695e-01 3.118498780781447932e-01 2.595530669519688360e-03 3.622772259415262397e+01 4.511453870860826607e-04 -9.697147163947270401e-03 9.999528797922018208e-01 -8.600877822666442851e-01 -1.741313572073315649e-17 9.965427167711308046e-17 -7.627958334785195391e-19 9.999999999999985567e-01
3.058250447854772847e-01 -9.520236194564979382e-01 -1.104852836029707012e-02 -6.037317635517672443e+01 9.520859652379480842e-01 3.058262170908163657e-01 1.624726701616525893e-03 3.686869499040695075e+01 1.832151437750754010e-03 -1.101603090466218154e-02 9.999376431979219992e-01 -8.579779944615781861e-01 -2.168151932979051646e-17 1.087966546580939759e-16 -7.213780861112912641e-19 9.999999999999982236e-01
3.011944730074029297e-01 -9.534777142434436303e-01 -1.273333699041855060e-02 -6.017336316704742671e+01 9.535601065668981580e-01 3.011981407614414685e-01 1.674265805656981534e-03 3.752035623896341576e+01 2.238882293790361161e-03 -1.264628178454928371e-02 9.999175260805761578e-01 -8.588265527423271095e-01 -2.611707059204360404e-17 1.198148850775626298e-16 -6.560437608179155983e-19 9.999999999999980016e-01
2.978663655895077977e-01 -9.545222264449796379e-01 -1.276508805449783936e-02 -5.997387344380826590e+01 9.546040055995609341e-01 2.978752025359082678e-01 1.247480451785506171e-03 3.817436975099005991e+01 2.611655371338549806e-03 -1.255718665697692568e-02 9.999177447767807481e-01 -8.649349191745151488e-01 -2.952663147989494666e-17 1.301293610970842419e-16 -6.047172454634791433e-19 9.999999999999975575e-01
2.956813692032250751e-01 -9.552133889422783630e-01 -1.182833426720041048e-02 -5.977071458775135682e+01 9.552774004758350923e-01 2.957102501660240357e-01 -7.321795493106125242e-04 3.883311358630876953e+01 4.197147393813701298e-03 -1.108284855909317038e-02 9.999297747449925611e-01 -8.672579217874177848e-01 -3.319491823112737916e-17 1.406796724907407797e-16 -5.156968969649868682e-19 9.999999999999971134e-01
2.948100752080915488e-01 -9.554926983181172284e-01 -1.098740263146610191e-02 -5.956654963885159759e+01 9.555423603416611789e-01 2.948475595936613236e-01 -1.927224523830944935e-03 3.950197993381961936e+01 5.081057812702269132e-03 -9.930763437688007803e-03 9.999377794588266699e-01 -8.649631914261808330e-01 -3.758432361527847939e-17 1.518820226144812897e-16 -3.975019948295603500e-19 9.999999999999967804e-01
2.944889417210317384e-01 -9.555947681212239031e-01 -1.071925106505191433e-02 -5.936045328327472248e+01 9.556436109221181363e-01 2.945214300306157051e-01 -1.554399071651268831e-03 4.018038597306040316e+01 4.642424772980343825e-03 -9.786030456571189959e-03 9.999413390295104342e-01 -8.636649116489096834e-01 -4.242777228865506733e-17 1.624035613031738950e-16 -2.865742033377402280e-19 9.999999999999962252e-01
2.934506360732935804e-01 -9.558973784886483083e-01 -1.212130301308203886e-02 -5.915320699941940319e+01 9.559693485277003244e-01 2.934660592340141427e-01 5.260733804191517491e-04 4.087016876588866410e+01 3.054318862797037251e-03 -1.174197071283586934e-02 9.999263959212510988e-01 -8.644780387716608505e-01 -4.688619513588757437e-17 1.723581438110848212e-16 -1.621163256056286738e-19 9.999999999999957812e-01
2.928960483176927254e-01 -9.560863204500651413e-01 -1.052866222093823238e-02 -5.894432557959733288e+01 9.561440024368049739e-01 2.928696493987227867e-01 4.001882709099263691e-03 4.156621868265939668e+01 -7.426197009296456233e-04 -1.123905286756769761e-02 9.999365640912519781e-01 -8.661996628229287065e-01 -5.024189314725648597e-17 1.820574170825882944e-16 -3.107966223842295150e-20 9.999999999999952260e-01
2.923991678757822954e-01 -9.562748393849762607e-01 -6.415464505203938642e-03 -5.872705766292570218e+01 9.562922736884897912e-01 2.923717287778507812e-01 4.884618221758808658e-03 4.226768280356784402e+01 -2.795337057167625403e-03 -7.563317441891741905e-03 9.999674906315744183e-01 -8.725527907100588676e-01 -5.467466842754253569e-17 1.931852375793961227e-16 7.456989050045246851e-20 9.999999999999946709e-01
2.918818789633795263e-01 -9.564523751610877200e-01 -1.955193482183100340e-03 -5.850706519660435134e+01 9.564535281442250181e-01 2.918782931169425776e-01 1.926267797752037126e-03 4.296757262576011271e+01 -1.271704874060688214e-03 -2.432294368443187194e-03 9.999962333483141119e-01 -8.776320444780496555e-01 -6.010846649224409415e-17 2.036350338632428550e-16 1.256493150607384869e-19 9.999999999999941158e-01
2.914587530976724405e-01 -9.565833754783754639e-01 2.024874855084933273e-04 -5.828325718939625943e+01 9.565794281385462394e-01 2.914569275775384938e-01 -2.942282994387326010e-03 4.368221760479991644e+01 2.755522617987283141e-03 1.051249495886693881e-03 9.999956509753411549e-01 -8.779958214170933140e-01 -6.473901524958938817e-17 2.129133491691227417e-16 1.429006677566093766e-19 9.999999999999936717e-01
2.912768004697186552e-01 -9.566325248920123370e-01 -3.469557160984071409e-03 -5.806721439460891077e+01 9.566183117030022665e-01 2.912923876625108099e-01 -5.490956601303660471e-03 4.440575779449374494e+01 6.263483267135097274e-03 -1.719653643363375835e-03 9.999789055618651945e-01 -8.778576280153437272e-01 -6.968394776625445622e-17 2.228675895035376376e-16 1.419643517990038412e-19 9.999999999999930056e-01
2.908963248098399568e-01 -9.567063126453092536e-01 -9.610387962124296649e-03 -5.784947374506007378e+01 9.567066365396474925e-01 2.909676310392084186e-01 -7.088673250529071643e-03 4.514583471324303332e+01 9.578090265770970377e-03 -7.132252946740540514e-03 9.999286930350388403e-01 -8.791341914509372968e-01 -7.512843362004916669e-17 2.318102507998244628e-16 1.890025765385385204e-19 9.999999999999921174e-01
2.903217484246743973e-01 -9.568917685674939166e-01 -8.451369087570376540e-03 -5.762429755232798101e+01 9.568778275886172802e-01 2.903862882544424595e-01 -7.786312549803773783e-03 4.587964112126360305e+01 9.904820086411842903e-03 -5.826391819436797272e-03 9.999339716688392388e-01 -8.795725451601587030e-01 -8.155794580636576640e-17 2.427445787993585240e-16 3.208377402444965065e-19 9.999999999999913403e-01
2.897681105249366174e-01 -9.570896854004525833e-01 -3.711633456325163626e-03 -5.738977387013633802e+01 9.570602047775285115e-01 2.897887774823290075e-01 -7.630784790528128032e-03 4.662286547163886041e+01 8.378935136299248479e-03 -1.341098585209450113e-03 9.999639968021665215e-01 -8.812531978246535003e-01 -8.768882548671341345e-17 2.538541452411910824e-16 4.444465732425627990e-19 9.999999999999905631e-01
2.901305927256560557e-01 -9.569792492974918963e-01 -3.867244330740105592e-03 -5.716013447471707565e+01 9.569750566061893116e-01 2.901448263513964343e-01 -3.836766232983439533e-03 4.738628529467985828e+01 4.793766604174676954e-03 -2.587693101008931972e-03 9.999851617129912329e-01 -8.775104182622762705e-01 -9.393851501639165462e-17 2.642891853285880292e-16 5.105647541897366345e-19 9.999999999999896749e-01
2.912896655063056395e-01 -9.566186332744176513e-01 -5.578641542244751339e-03 -5.692915623011732862e+01 9.566348579896301052e-01 2.912829838969814844e-01 1.992930320045225960e-03 4.815892888593485566e+01 -2.815109244528367707e-04 -5.917242965858672196e-03 9.999824533396977078e-01 -8.756192286268749125e-01 -1.011922876085877201e-16 2.746073816461201112e-16 5.695381947011990812e-19 9.999999999999886757e-01
2.910716735969368640e-01 -9.566710780789399182e-01 -7.597973203826533829e-03 -5.669472708789920290e+01 9.566891502310785889e-01 2.910188713317048981e-01 7.340732864564508513e-03 4.894376836424568467e+01 -4.811513237242983840e-03 -9.405577928179746638e-03 9.999441906647605904e-01 -8.820620671027378235e-01 -1.081360448822607745e-16 2.837976818404013692e-16 6.167190239330049929e-19 9.999999999999874545e-01
2.907914965161834675e-01 -9.567804061014120176e-01 -3.400007992278931360e-03 -5.644902864593610303e+01 9.567552598552692134e-01 2.907514900914703881e-01 9.107345875736071530e-03 4.973042180739274443e+01 -7.725172695411282146e-03 -5.901314266674766856e-03 9.999527469819514680e-01 -8.983901852315087089e-01 -1.139917825889706457e-16 2.919477938909010533e-16 6.829115366142087484e-19 9.999999999999862332e-01
2.901970217632879878e-01 -9.569633268316796171e-01 2.622910409707471507e-03 -5.620431835413454280e+01 9.569322145787038103e-01 2.902087500410902576e-01 7.721275874029644333e-03 5.051309699441400625e+01 -8.150169399263867270e-03 2.692562041301075639e-04 9.999667505671673284e-01 -9.087368088781617725e-01 -1.200773865917590215e-16 2.970957782638768982e-16 6.941598976608744792e-19 9.999999999999849010e-01
2.893845242075116508e-01 -9.572116415025294645e-01 1.571789198338558987e-03 -5.596681181516910186e+01 9.571931757131085794e-01 2.893887112250805860e-01 5.949637281416931232e-03 5.130246318504353553e+01 -6.149920118910841803e-03 -2.172270595980739657e-04 9.999810654682097510e-01 -9.111801500391963904e-01 -1.263025125281610697e-16 3.028800334316448742e-16 6.630607132361592742e-19 9.999999999999835687e-01
2.900316105836057701e-01 -9.569958407562335623e-01 -6.373824410093646697e-03 -5.573904027791667204e+01 9.570117380333419410e-01 2.900013394443965442e-01 5.268433059264223187e-03 5.210997889117141568e+01 -3.193450908704700483e-03 -7.627836902071242174e-03 9.999658084032125860e-01 -9.205535285965324999e-01 -1.326108378880689268e-16 3.069144914487691556e-16 6.499813164363822924e-19 9.999999999999821254e-01
2.893012490887245658e-01 -9.571991927178934434e-01 -8.630917447239394927e-03 -5.549455993137726750e+01 9.572370154400959841e-01 2.893027565360756226e-01 1.100605292915556119e-03 5.290947074209426404e+01 1.443449711044949776e-03 -8.580240143717861659e-03 9.999621472495893171e-01 -9.305781406030074754e-01 -1.379623940278554381e-16 3.128848119176791394e-16 7.031899537849662726e-19 9.999999999999805711e-01
2.884299767474577392e-01 -9.574693279182991956e-01 -7.786822792915154209e-03 -5.524677326661580423e+01 9.574840261028546573e-01 2.884637394958942669e-01 -3.607042273184187919e-03 5.371024702355507685e+01 5.699848362717771164e-03 -6.415379319347262743e-03 9.999631766404363242e-01 -9.317101267847420765e-01 -1.430338923175464993e-16 3.168943061943804958e-16 7.763845875807180346e-19 9.999999999999787947e-01
2.886396589549660163e-01 -9.573883413456657498e-01 -9.731964540910784112e-03 -5.500324945943701493e+01 9.574114027764056845e-01 2.886922727314020776e-01 -4.491937103604722557e-03 5.452300313407120314e+01 7.110071174509077253e-03 -8.020942629271651803e-03 9.999425540335969975e-01 -9.281300018793998685e-01 -1.478286212702428412e-16 3.196031234306711135e-16 8.461495379930852846e-19 9.999999999999769074e-01
2.889511338682883013e-01 -9.572196086353054190e-01 -1.542281039160596154e-02 -5.476799211060840378e+01 9.573283325475413497e-01 2.890006700700125108e-01 -1.037497412164559716e-03 5.535126441841598677e+01 5.450315404371910803e-03 -1.446490730178301605e-02 9.998805231220103673e-01 -9.263345231913733269e-01 -1.522257421822668082e-16 3.226036572946219746e-16 9.159725863675929590e-19 9.999999999999751310e-01
2.890225617815408987e-01 -9.572426857025191360e-01 -1.234501722714195955e-02 -5.451980564609051072e+01 9.573222818000099998e-01 2.889973582823732734e-01 3.817810247599481323e-03 5.617926615234552656e+01 -8.689356831740575958e-05 -1.292159335892605412e-02 9.999165089519104210e-01 -9.277727376742693766e-01 -1.574145893820963856e-16 3.235305249399733625e-16 9.722125465865229752e-19 9.999999999999733546e-01
2.880192928903512750e-01 -9.576064923247534777e-01 -5.890057767211863242e-03 -5.426341985339091423e+01 9.576094414910499841e-01 2.879746690809824594e-01 7.399157719308773959e-03 5.700823929181262884e+01 -5.389294033361005133e-03 -7.771475103131009719e-03 9.999552788422816363e-01 -9.349787102946623962e-01 -1.611125296001130773e-16 3.264981999296525488e-16 1.028202168203840604e-18 9.999999999999715783e-01
2.876337652093460817e-01 -9.576981756913531818e-01 -9.001188200897111691e-03 -5.401620497931658349e+01 9.577098953101323975e-01 2.875367757251856005e-01 1.069387818702219675e-02 5.784681203282021045e+01 -7.653334997792070674e-03 -1.169644745719366705e-02 9.999023050179927097e-01 -9.443659863738302906e-01 -1.651967574431110684e-16 3.294829678278162665e-16 1.063311201757345630e-18 9.999999999999695799e-01
2.881376006927034994e-01 -9.575364382352706816e-01 -1.003456620110242115e-02 -5.376666807765529654e+01 9.575615684903034941e-01 2.880341819616124566e-01 1.059021114787722130e-02 5.867540939237998998e+01 -7.250214995620571715e-03 -1.266015298164888288e-02 9.998935717910183429e-01 -9.612608879128109463e-01 -1.683542365839635895e-16 3.306552129211642160e-16 1.081025454695192183e-18 9.999999999999676925e-01
2.863016490955901383e-01 -9.581215933836357834e-01 -5.863277004461450378e-03 -5.351306160195347417e+01 9.581361141124519198e-01 2.862789177672154795e-01 4.423581759914941951e-03 5.950654768991105925e+01 -2.559796608862627450e-03 -6.884296197815897161e-03 9.999730265898095771e-01 -9.574657777342396869e-01 -1.722024374194106085e-16 3.319587476567485384e-16 1.080132976983297329e-18 9.999999999999656941e-01
2.859188339942951296e-01 -9.582401946822713956e-01 -5.113674091142422079e-03 -5.326273260881018956e+01 9.582512590568499355e-01 2.859263766527908590e-01 -7.947642637500518508e-04 6.034476453857674727e+01 2.223709367089321976e-03 -4.672946564675853690e-03 9.999866092538725049e-01 -9.607148501053611733e-01 -1.753880996430274716e-16 3.324048507091787081e-16 1.061598523396944763e-18 9.999999999999634737e-01
2.858537912082134147e-01 -9.582426372516658075e-01 -7.658864468843895601e-03 -5.301558332375739724e+01 9.582656616202994693e-01 2.858741934907663151e-01 -1.693297222395061426e-03 6.119402180837668226e+01 3.812061299127895032e-03 -6.855191396857409844e-03 9.999692367965963280e-01 -9.676293146755579055e-01 -1.791514057583670241e-16 3.326466978555669190e-16 1.069042893162794839e-18 9.999999999999612532e-01
2.851659530657291164e-01 -9.584583374809314549e-01 -6.163969946083775603e-03 -5.275952108047889055e+01 9.584779117578280383e-01 2.851645919378315019e-01 1.117218580406987996e-03 6.203747179117232946e+01 6.869385112157807552e-04 -6.226621743349916235e-03 9.999803784560726827e-01 -9.708625634278894578e-01 -1.832506372688414234e-16 3.358378802001784712e-16 1.095467084210930133e-18 9.999999999999590328e-01
2.843265860537505518e-01 -9.587250567972989135e-01 -2.158224300886945821e-03 -5.250196857500775138e+01 9.587215357703446905e-01 2.843161698358312450e-01 4.163222323132823727e-03 6.289046444130684677e+01 -3.377767491326756459e-03 -3.252850906427891351e-03 9.999890047634312218e-01 -9.695451930642485783e-01 -1.886394794689252204e-16 3.410748464073959472e-16 1.118665779777640101e-18 9.999999999999565903e-01
2.836936028444209112e-01 -9.589149774257527126e-01 -7.598567196320210712e-05 -5.225443864836884700e+01 9.588950470920050151e-01 2.836871937693592471e-01 6.470297811479158029e-03 6.374432349086388427e+01 -6.182909317782593096e-03 -1.908444382136468762e-03 9.999790645170575365e-01 -9.657632762788657121e-01 -1.937695580514253807e-16 3.474047424488737954e-16 1.107011394038259305e-18 9.999999999999541478e-01
2.834379784488943455e-01 -9.589746527557658773e-01 -5.525191839960325729e-03 -5.201349194705498036e+01 9.589845407623355245e-01 2.834110630270388898e-01 5.178796464664683734e-03 6.459644804846499255e+01 -3.400434048599387891e-03 -6.766441160037601869e-03 9.999713257500483232e-01 -9.648670165543385968e-01 -1.978937755936658114e-16 3.512565454727716800e-16 1.078888298567795742e-18 9.999999999999518163e-01
2.834874588412128471e-01 -9.589673493263319859e-01 -4.060000725362047577e-03 -5.176136217563613684e+01 9.589755074455268424e-01 2.834888277411531377e-01 2.463039412513370885e-04 6.544535992420489379e+01 9.147674085945639230e-04 -3.963265334268157962e-03 9.999917278300243240e-01 -9.742831952828664432e-01 -2.027821912405940796e-16 3.534914452971482118e-16 1.070902696435486750e-18 9.999999999999493738e-01
2.830176204974178544e-01 -9.591107955673373597e-01 -2.740130340318721897e-03 -5.150811926663064355e+01 9.591050941360146354e-01 2.830264209737349268e-01 -3.669255134131673389e-03 6.629773723131322072e+01 4.294751494062530768e-03 -1.589609110963817202e-03 9.999895140712606878e-01 -9.867613892928123187e-01 -2.082790070774970056e-16 3.560322119330152322e-16 1.074004201485648932e-18 9.999999999999467093e-01
2.835742303217609339e-01 -9.589371218592445123e-01 -5.025158489710920308e-03 -5.125852686196966346e+01 9.589483775652163366e-01 2.835802332700453343e-01 -5.103563893491757340e-04 6.715520635405361816e+01 1.914435303860124917e-03 -4.674143660444819888e-03 9.999872435778894841e-01 -9.915823158074292820e-01 -2.141062743583011680e-16 3.599123762459743748e-16 1.096127810392686443e-18 9.999999999999440448e-01
2.839493394019632633e-01 -9.588276997654258116e-01 -4.713259578353971510e-03 -5.101107140743799562e+01 9.588304989356594144e-01 2.839222650919515090e-01 5.676415766358819913e-03 6.801739134155855027e+01 -4.104505336713337380e-03 -6.131031540183458188e-03 9.999727813736677406e-01 -9.836689784090604238e-01 -2.189068852221884771e-16 3.651755914125023929e-16 1.116817643581893227e-18 9.999999999999412692e-01
2.831730462169154694e-01 -9.590623207039498110e-01 -3.534247064531182824e-03 -5.075749425159308714e+01 9.590347890868056169e-01 2.831300226260903274e-01 9.469087024789784104e-03 6.887567488796346993e+01 -8.080793125591376885e-03 -6.070856105845201002e-03 9.999489214397887515e-01 -9.792583338473651589e-01 -2.231468759408675561e-16 3.726870472203647210e-16 1.116052046643528510e-18 9.999999999999387157e-01
2.832072296040514248e-01 -9.590513247921239603e-01 -3.771142346926406336e-03 -5.050924153610774425e+01 9.590179188684107014e-01 2.831567073232552634e-01 1.033974793051824562e-02 6.972390985478979530e+01 -8.848524700972824897e-03 -6.544884451541769198e-03 9.999394322148335013e-01 -9.862824655877908686e-01 -2.279245587528077349e-16 3.810990630153535516e-16 1.091970335642529647e-18 9.999999999999362732e-01
2.836187485156220767e-01 -9.589264528407767108e-01 -4.523663645007608772e-03 -5.025477726030710102e+01 9.588833924470960834e-01 2.835497642537825325e-01 1.192354313487949645e-02 7.058750752939504025e+01 -1.015111716351423110e-02 -7.719406324031200146e-03 9.999186794866504746e-01 -1.004349450139644606e+00 -2.318785278124953180e-16 3.898866753794547349e-16 1.093869564575807105e-18 9.999999999999340528e-01
2.836698270684503975e-01 -9.588960641574090227e-01 -7.054598112215901100e-03 -5.001123364958751694e+01 9.588738693952717496e-01 2.835741893058102425e-01 1.210709505265351177e-02 7.144546930736778734e+01 -9.608943853814739394e-03 -1.019888734880725935e-02 9.999018206278295073e-01 -1.017786304667393615e+00 -2.370373904533502554e-16 3.987525195907106726e-16 1.105103559895467187e-18 9.999999999999317213e-01
2.838051165554801858e-01 -9.588341834125821972e-01 -9.574159837845508739e-03 -4.976536366067796280e+01 9.588651378753565435e-01 2.837268015868666948e-01 8.760675127418482769e-03 7.229304555033803581e+01 -5.683589033263467677e-03 -1.166665251862926064e-02 9.999157894716411699e-01 -1.028899838173766401e+00 -2.422098702345131804e-16 4.063474777337187754e-16 1.137543756814857016e-18 9.999999999999293898e-01
2.837729222391232597e-01 -9.588443496315037784e-01 -9.510088525093289905e-03 -4.951448777206365293e+01 9.588892648361535542e-01 2.837797646468967483e-01 6.503530323564464055e-04 7.312976387588773264e+01 2.075183353085982736e-03 -9.303674374863667509e-03 9.999545665964824082e-01 -1.021735871518691718e+00 -2.485022652284038593e-16 4.160684637181323908e-16 1.204250422354951109e-18 9.999999999999271694e-01
2.834817976828958863e-01 -9.589351663697309736e-01 -9.023141475267977898e-03 -4.926169999102837238e+01 9.589383384273481026e-01 2.835427980538128834e-01 -6.383162707579560433e-03 7.397363733901295291e+01 8.679485974095426520e-03 -6.843125854472937100e-03 9.999389172103182455e-01 -1.019685059469544353e+00 -2.547303151052015458e-16 4.279808190666523223e-16 1.325019071486439690e-18 9.999999999999251710e-01
2.835788826304098120e-01 -9.589024000787074176e-01 -9.444810720177047869e-03 -4.900822888132882582e+01 9.589143567682685276e-01 2.836385224476407063e-01 -5.696048416488787465e-03 7.483063023712523432e+01 8.140866655008913502e-03 -7.441485551212157802e-03 9.999391734415008504e-01 -1.018137279627008507e+00 -2.609449749019125397e-16 4.424602595948957641e-16 1.432227050795722705e-18 9.999999999999233946e-01
2.838391510252417094e-01 -9.588378399998639390e-01 -8.082878808197645898e-03 -4.875762839341449251e+01 9.588696800389769903e-01 2.838465792883385075e-01 2.369143526618065656e-04 7.568662989734112045e+01 2.067135054342579808e-03 -7.817672985368319394e-03 9.999673049363830835e-01 -1.011375711085943596e+00 -2.681074988528461518e-16 4.581507628905514466e-16 1.541586769944565216e-18 9.999999999999213962e-01
2.835336205697553402e-01 -9.589355775974883755e-01 -7.158493175634914746e-03 -4.850660219385183325e+01 9.589486819131233242e-01 2.834819182311894559e-01 7.444964285116484337e-03 7.654563692138081876e+01 -5.109937749862337314e-03 -8.975525274064264161e-03 9.999466628186807204e-01 -1.008759570080801193e+00 -2.751609021314532605e-16 4.754568765606172447e-16 1.631239994651290753e-18 9.999999999999197309e-01
2.834268358898234252e-01 -9.589677966994973879e-01 -7.070614610355206719e-03 -4.825618458576361292e+01 9.589504777191864004e-01 2.833361787609861571e-01 1.160133989809748398e-02 7.739931737413536439e+01 -9.121950435646276195e-03 -1.006850031780263076e-02 9.999077034014520748e-01 -1.014431672866213940e+00 -2.824198524648606237e-16 4.919404321438262283e-16 1.667216090348479796e-18 9.999999999999178435e-01
2.832875234043881751e-01 -9.590093700339423766e-01 -7.014789425838005056e-03 -4.800505282113619643e+01 9.589919164361583315e-01 2.831978605493573053e-01 1.155318097069057449e-02 7.825226884530425764e+01 -9.093035446983879777e-03 -9.999998379544692076e-03 9.999086541973383202e-01 -1.024073310057716846e+00 -2.895421506560548650e-16 5.093603587051629133e-16 1.715232552760351677e-18 9.999999999999158451e-01
2.839272841528170943e-01 -9.587913148525598617e-01 -1.022310506112255636e-02 -4.775970520047920331e+01 9.588269145363509383e-01 2.838386055442380096e-01 9.305587761125123578e-03 7.910074576632381138e+01 -6.020404840079334255e-03 -1.244429854323405964e-02 9.999044425140281023e-01 -1.034228235102786941e+00 -2.962370211564823655e-16 5.287054670558136191e-16 1.744519430314034793e-18 9.999999999999139577e-01
2.842305316978942509e-01 -9.586722193758522303e-01 -1.267204197839463635e-02 -4.751067175560524447e+01 9.587490678858298088e-01 2.841535163777504369e-01 7.550096581781994172e-03 7.994995606686758549e+01 -3.637262558707429760e-03 -1.429527640084180332e-02 9.998912017783038175e-01 -1.041501671681273500e+00 -3.033581897281493058e-16 5.479094187498078818e-16 1.824886517552224721e-18 9.999999999999118483e-01
2.834499452420581878e-01 -9.589051996424000635e-01 -1.252783465893062345e-02 -4.725780925324809090e+01 9.589825167711708565e-01 2.833843330754817758e-01 6.771432255004643241e-03 8.080628285318091741e+01 -2.942969528645043679e-03 -1.393333651284172151e-02 9.998985953905170643e-01 -1.044935957586457631e+00 -3.095300929243554037e-16 5.652152192725937406e-16 1.923951476274502638e-18 9.999999999999096278e-01
2.825465187247182541e-01 -9.591744209570858271e-01 -1.232456645832508482e-02 -4.700540973732902472e+01 9.592439417538024538e-01 2.824627055260956476e-01 8.116661610598156079e-03 8.166169906377665200e+01 -4.304063814191253813e-03 -1.411560019166813867e-02 9.998911065040360091e-01 -1.048554531004993295e+00 -3.174279200569502774e-16 5.827119335062638744e-16 2.091861847934840572e-18 9.999999999999071854e-01
2.824094589156148638e-01 -9.591979441233505765e-01 -1.357208549693723551e-02 -4.675774270792599907e+01 9.592622502477888835e-01 2.822568293776847037e-01 1.212507811955111300e-02 8.251926673193003126e+01 -7.799536184196086477e-03 -1.644342602543686152e-02 9.998343767723769648e-01 -1.049375737525939822e+00 -3.254613536949511857e-16 6.004195382296577686e-16 2.289888144332178427e-18 9.999999999999048539e-01
2.821440818205068202e-01 -9.592811846223658900e-01 -1.320325427262639822e-02 -4.650798123655653171e+01 9.593261569515100229e-01 2.819692656794676178e-01 1.366227656847286351e-02 8.337221909977228052e+01 -9.383052939407230189e-03 -1.652095765864006888e-02 9.998194918461658087e-01 -1.055617316888569412e+00 -3.336595598259224216e-16 6.174929684809513555e-16 2.522509060563170994e-18 9.999999999999026334e-01
2.812379784915514658e-01 -9.595635884536755089e-01 -1.195488051425056507e-02 -4.625390745097324441e+01 9.595976366449570083e-01 2.810899712900267744e-01 1.268084326038228758e-02 8.422319767539998736e+01 -8.807678443020374934e-03 -1.503820981200452295e-02 9.998481269903138902e-01 -1.061950220832419189e+00 -3.424456191528211451e-16 6.341353561878234958e-16 2.746315089344470376e-18 9.999999999999004130e-01
2.805993005528311102e-01 -9.597279615212215287e-01 -1.364816485122416663e-02 -4.601256598275075760e+01 9.597968593499274226e-01 2.804538192428976950e-01 1.164663274517519116e-02 8.507683167939055124e+01 -7.349919144926665183e-03 -1.636750276222624992e-02 9.998390288150554861e-01 -1.077189104438153855e+00 -3.499129363313192472e-16 6.473699439132902790e-16 2.970658685578745787e-18 9.999999999998978595e-01
2.798442620041118878e-01 -9.599530745729752956e-01 -1.331479032857248515e-02 -4.576637238410066288e+01 9.600213790934116753e-01 2.797122150617710745e-01 1.095574867539348199e-02 8.593434389669256745e+01 -6.792695129300513508e-03 -1.584838677638372023e-02 9.998513329137516115e-01 -1.090717347394451586e+00 -3.582750400782418196e-16 6.642320186089575660e-16 3.264224722046059184e-18 9.999999999998951949e-01
2.784184585540112056e-01 -9.604171271758418227e-01 -9.061112732128857178e-03 -4.551259161295170941e+01 9.604443290531295974e-01 2.783478954570418606e-01 8.315039659598250782e-03 8.677791397856479705e+01 -5.463764842732747595e-03 -1.101775486336532134e-02 9.999243753161790593e-01 -1.092534918164681956e+00 -3.677373635708491138e-16 6.819416810545251848e-16 3.525228843689343276e-18 9.999999999998925304e-01
2.770863631526143678e-01 -9.607419574298178278e-01 -1.407261841368430931e-02 -4.527303484188676919e+01 9.608445135081682409e-01 2.770414989552496543e-01 5.082196189247428254e-03 8.762466492802144558e+01 -9.839798153433779431e-04 -1.492980545243009251e-02 9.998880600811327346e-01 -1.093904009782892928e+00 -3.760080819354365276e-16 6.991815105592553242e-16 3.670477524201993000e-18 9.999999999998896438e-01
2.763729800753284560e-01 -9.608091444943867021e-01 -2.153517449403195838e-02 -4.504142857687988766e+01 9.610415182575087201e-01 2.763976478271837345e-01 1.881611313345916969e-03 8.847790521498531291e+01 4.144402219454998600e-03 -2.121622331773927866e-02 9.997663205961229149e-01 -1.104099429381385722e+00 -3.860862665364869764e-16 7.219919150970330210e-16 3.999242184058265720e-18 9.999999999998866462e-01
2.750891936025421924e-01 -9.611462388331889484e-01 -2.288761980117901343e-02 -4.480557861909861117e+01 9.614045840831639822e-01 2.751362390660161972e-01 1.129449744280687246e-03 8.932654812751506768e+01 5.211647259606006638e-03 -2.231496201501699875e-02 9.997374061237495058e-01 -1.106468296600949142e+00 -3.953240926840603644e-16 7.454792556154928185e-16 4.575861211806997765e-18 9.999999999998835376e-01
2.737665703072785783e-01 -9.615604048549216687e-01 -2.129443114240804971e-02 -4.456512124303304034e+01 9.617934956632187005e-01 2.737508755761312584e-01 3.705377372415340036e-03 9.018142397775866925e+01 2.266425003773090210e-03 -2.149525382159943668e-02 9.997663814015643746e-01 -1.094290182878089990e+00 -4.066319950182072534e-16 7.671788667851357081e-16 5.180565308020693015e-18 9.999999999998800959e-01
2.732592697124821002e-01 -9.617628806106141015e-01 -1.848061135427809740e-02 -4.432679579591293617e+01 9.619384372957962004e-01 2.731692668548290626e-01 7.279732080780884282e-03 9.103544104532893755e+01 -1.953041041404773902e-03 -1.976646467854534933e-02 9.998027167920338076e-01 -1.084987511348560751e+00 -4.188446931999402685e-16 7.893699729118513126e-16 5.729586504205875441e-18 9.999999999998768763e-01
2.722316282276187605e-01 -9.620360367139683122e-01 -1.940630455485831823e-02 -4.409524164143981295e+01 9.622225581555835516e-01 2.720855046452093640e-01 9.860361998662038260e-03 9.189183825395210192e+01 -4.205849409647493230e-03 -2.135748641497579522e-02 9.997630562311784486e-01 -1.089306843148481141e+00 -4.291150298620324844e-16 8.090030258994825535e-16 6.174376238645155870e-18 9.999999999998733236e-01
2.713063678693480862e-01 -9.623344852769588620e-01 -1.746977963605979636e-02 -4.386441578124639307e+01 9.624790900139309491e-01 2.711600156116314997e-01 1.030762919983283475e-02 9.274195396169047001e+01 -5.182281321597790452e-03 -1.961082304645412125e-02 9.997942586250796460e-01 -1.098094795212552377e+00 -4.408295504414484248e-16 8.287556322523528747e-16 6.616199900317333801e-18 9.999999999998695488e-01
2.698591622106341625e-01 -9.627962228140578560e-01 -1.412323993359983210e-02 -4.362770709894134313e+01 9.628778589028997859e-01 2.697249584460199578e-01 1.070867060536150224e-02 9.359660055519121613e+01 -6.500877305984842890e-03 -1.648878790603428360e-02 9.998429168962338354e-01 -1.110948822365741551e+00 -4.531248436218484322e-16 8.452092330586193487e-16 6.921531633173741325e-18 9.999999999998656630e-01
2.689377762176580200e-01 -9.630550367008847701e-01 -1.405235953240447158e-02 -4.340156449204298639e+01 9.631207649634477841e-01 2.687713625018807173e-01 1.266281151193139956e-02 9.444832141861968466e+01 -8.418112587465180832e-03 -1.693962763111899958e-02 9.998210761911904276e-01 -1.115314602774199138e+00 -4.650039152867783005e-16 8.612509332738251889e-16 7.186770956720908721e-18 9.999999999998621103e-01
2.685757127181837012e-01 -9.630735657643471059e-01 -1.887838616355551682e-02 -4.318314022330083901e+01 9.632218027988062037e-01 2.683426249617881232e-01 1.399979435289173089e-02 9.529851022300184127e+01 -8.416956169233314605e-03 -2.194407790067478409e-02 9.997237679948701716e-01 -1.114173934413922762e+00 -4.759287802340208606e-16 8.790670915824345003e-16 7.496517064330928429e-18 9.999999999998586686e-01
2.683591565578012372e-01 -9.630315903406593270e-01 -2.352698658573118204e-02 -4.296537022685136975e+01 9.632907075625403159e-01 2.680842981878233666e-01 1.420639958251224653e-02 9.615000117155692294e+01 -7.373995895649304230e-03 -2.647574496471711419e-02 9.996222582120810607e-01 -1.118444573281321963e+00 -4.870742408273250433e-16 8.995852361257794143e-16 7.976503770189121457e-18 9.999999999998548939e-01
2.687550799311870797e-01 -9.628527850107593267e-01 -2.617673410661043587e-02 -4.273861472889821300e+01 9.631948414119996249e-01 2.685070098132978922e-01 1.263658018362381029e-02 9.699865929633971007e+01 -5.138529821168122402e-03 -2.860944037385557484e-02 9.995774584456657008e-01 -1.127778956439621227e+00 -4.977830744766395147e-16 9.171802024144531714e-16 8.526393056089258258e-18 9.999999999998508970e-01
2.702775601832244079e-01 -9.623842330492925479e-01 -2.768805590526815172e-02 -4.250492681160362451e+01 9.627700337762096217e-01 2.700162526969007160e-01 1.284855409721495818e-02 9.784440853127877347e+01 -4.889020780635762627e-03 -3.012990637243882774e-02 9.995340345469568843e-01 -1.141593513755836620e+00 -5.078558278774357211e-16 9.297467018917057797e-16 9.126056920726214113e-18 9.999999999998465672e-01
2.714039274777793054e-01 -9.620881819500055609e-01 -2.694880891720572574e-02 -4.226620742435738975e+01 9.624343000078074972e-01 2.710631328370415871e-01 1.565235398802589800e-02 9.869602300285198737e+01 -7.754116220251105682e-03 -3.018456839294724608e-02 9.995142647868984209e-01 -1.153370621748221803e+00 -5.166204398493328140e-16 9.421431092666439333e-16 9.880102359397951103e-18 9.999999999998426814e-01
