1.000000000000000000e+00 -3.306050084167601550e-19 -2.270457535318767223e-19 -8.673617379884035472e-19 7.546676715296109287e-19 1.000000000000000000e+00 6.237773588823049983e-19 1.387778780781445676e-17 -3.447385680526250622e-20 4.770700176052009879e-20 1.000000000000000222e+00 5.551115123125782702e-17
9.999246285465637207e-01 -2.213192928077983932e-03 1.207531545002992271e-02 1.127830179527248428e-02 2.201993633010035627e-03 9.999971232124480469e-01 9.402552866626247112e-04 2.036442400489557603e-04 -1.207736249140219272e-02 -9.135960954331349450e-04 9.999266140246799717e-01 2.911300542767363275e-01
9.998230680282870209e-01 -5.389214722661522447e-03 1.802240066831808582e-02 3.148899600831368828e-02 5.371182321422878284e-03 9.999850481719009254e-01 1.049037273715573053e-03 -8.107285688948639990e-03 -1.802778377077200039e-02 -9.520728350609911550e-04 9.998370573494643754e-01 5.781648598344562018e-01
9.997557797289403636e-01 -7.981870304006051520e-03 2.060393214625356323e-02 3.618937260098224057e-02 7.988809690452028378e-03 9.999680809325868225e-01 -2.543885061455242332e-04 -1.722142441167313909e-02 -2.060124632206127016e-02 4.189354114065709195e-04 9.997876196698939344e-01 8.773889408228279230e-01
9.997881878321449589e-01 -1.004315733798876766e-02 1.796057827091395581e-02 4.193825008901132245e-02 1.006444407499972223e-02 9.999487813163474570e-01 -1.094921342835010383e-03 -1.516953942959259338e-02 -1.794866560917088294e-02 1.275481351662962823e-03 9.998379901296147176e-01 1.187818768283657622e+00
9.998729955810498060e-01 -1.111785285367913184e-02 1.141704535010406273e-02 3.433444059952129451e-02 1.114873354028806350e-02 9.999343776144830054e-01 -2.643995092267293311e-03 -1.742816593735029007e-02 -1.138689691222010206e-02 2.770969588330134906e-03 9.999313200417720982e-01 1.500843164547965625e+00
9.999252198049215501e-01 -1.223178612729032555e-02 -1.288104857472637096e-04 2.738066125389503058e-02 1.223115332117182333e-02 9.999167432989203297e-01 -4.111522913658695842e-03 -3.171608440888504243e-02 1.790963437024876211e-04 4.109639462634552196e-03 9.999915611233006763e-01 1.825269986841651093e+00
9.997990854057238197e-01 -1.205377479053600966e-02 -1.601065311300435209e-02 8.501645066017967517e-03 1.198655068979748335e-02 9.999190096776550130e-01 -4.286563893743281818e-03 -4.057591105076456539e-02 1.606102000832163035e-02 4.093737015392640358e-03 9.998625266359817410e-01 2.144440556475349258e+00
9.993632004773610467e-01 -6.447094338525817189e-03 -3.510335862861398148e-02 -2.751179542373269338e-02 6.283416046833275974e-03 9.999688559646758845e-01 -4.773621420524399618e-03 -3.975000787771504340e-02 3.513303153860242167e-02 4.550101713304719950e-03 9.993726154177046128e-01 2.495556682652043001e+00
9.984561340079479708e-01 -2.624386144578310948e-03 -5.549122929987904823e-02 -7.210432345618217331e-02 2.330630019351995902e-03 9.999829143763353523e-01 -5.358386415758957348e-03 -4.770497026143394326e-02 5.550435196157717244e-02 5.220789896166535063e-03 9.984451784147282405e-01 2.850993695828152319e+00
9.972604184508659930e-01 -1.861590070277729806e-03 -7.393589185114231299e-02 -1.210492657190351817e-01 1.459723338979173734e-03 9.999838764152624293e-01 -5.488199232765954977e-03 -5.621989492684265066e-02 7.394492463971835683e-02 5.365211569792858667e-03 9.972470438637301982e-01 3.211161793789395702e+00
9.953454681861654274e-01 -3.150152359259460536e-03 -9.632336882298868364e-02 -1.660663202167577124e-01 2.657694316866257133e-03 9.999827316876207517e-01 -5.239682694758236031e-03 -5.778243491536420862e-02 9.633822291305019214e-02 4.959298885067623362e-03 9.953366398707821361e-01 3.586261799186962751e+00
9.932648870929469131e-01 -4.742861911206265081e-03 -1.157539438410062904e-01 -2.264309531851961543e-01 4.287806954179719521e-03 9.999820934584024990e-01 -4.179489030031736420e-03 -6.526124490206962336e-02 1.157717088155654495e-01 3.654849340054604212e-03 9.932674685682186810e-01 3.975807036530386362e+00
9.911310685600084325e-01 -4.341863039685128940e-03 -1.328128696478239612e-01 -2.919601549337117463e-01 3.847707086784404439e-03 9.999846838365612500e-01 -3.977477195215714349e-03 -7.096829758615169625e-02 1.328281047475499133e-01 3.431248132189561838e-03 9.911326134824894885e-01 4.374067526466088651e+00
9.886250399189090432e-01 -2.891443136844505830e-03 -1.503554012313352006e-01 -3.754338291516277626e-01 2.421752881151869891e-03 9.999916256120264801e-01 -3.307427605031231649e-03 -7.650730416401563261e-02 1.503637218719303670e-01 2.905708012854761862e-03 9.886237180940953273e-01 4.791803921953510681e+00
9.866026495958235554e-01 -2.047818580409323762e-03 -1.631438413151543865e-01 -4.598204750553135378e-01 1.533827016085779170e-03 9.999934668134934368e-01 -3.277644509792084979e-03 -8.419685923320131826e-02 1.631494992813873612e-01 2.983440918789211343e-03 9.865993768119661889e-01 5.210561075195644598e+00
9.844720520907060957e-01 -3.013707771616096556e-03 -1.755000115211370060e-01 -5.472564836623802220e-01 2.299962508386110566e-03 9.999882166678430995e-01 -4.269179271480853972e-03 -8.961618270380342088e-02 1.755108354059410902e-01 3.799093924904945515e-03 9.844674126875266884e-01 5.645703383124567765e+00
9.825859209901623981e-01 -7.281087050753158943e-03 -1.856359627494353071e-01 -6.363495388784216056e-01 6.271079185417688731e-03 9.999621345174343201e-01 -6.026287321442082984e-03 -1.029038106032184041e-01 1.856728585193442027e-01 4.756514047074681707e-03 9.825944329720179837e-01 6.092475575631610241e+00
9.812827664486006851e-01 -6.076594430886983478e-03 -1.924263139438953940e-01 -7.340348943035209794e-01 4.557265505392461835e-03 9.999548769784658564e-01 -8.338822256254917534e-03 -1.115145876956790683e-01 1.924682930175890538e-01 7.305742181292671465e-03 9.812661474283415064e-01 6.551262296706044985e+00
9.798401293257584799e-01 -5.729043438472768146e-03 -1.997044718657005336e-01 -8.485169699041562597e-01 3.833708818753084335e-03 9.999438989310241999e-01 -9.872974311849485110e-03 -1.107220006543642721e-01 1.997498474046544015e-01 8.908456362924919644e-03 9.798071220270311299e-01 7.033038492398250519e+00
9.783229037539148409e-01 -6.509758111623468319e-03 -2.069363436319998362e-01 -9.584226352850472308e-01 4.002813138206016974e-03 9.999134956590292056e-01 -1.253043439967082250e-02 -1.251018897766841276e-01 2.070000063116577138e-01 1.143052054732636609e-02 9.782643096439104236e-01 7.513545977971370249e+00
9.766162322442111243e-01 -1.067098328836589213e-02 -2.147584178891705220e-01 -1.074845504135208740e+00 7.857466621318394753e-03 9.998717643181450621e-01 -1.395216799018706225e-02 -1.295183040644346528e-01 2.148798217277506084e-01 1.193842010438226492e-02 9.765747165838539745e-01 8.018324798616411897e+00
9.744838274130238620e-01 -1.598148568922475032e-02 -2.239332144866488794e-01 -1.188988035936907162e+00 1.283620191872172911e-02 9.997975676498124242e-01 -1.550040254022802197e-02 -1.451813231998738685e-01 2.241355839946815032e-01 1.223091130934166569e-02 9.744916910081784511e-01 8.534614602509467574e+00
9.730288347024390605e-01 -1.711048814487684325e-02 -2.300544904834447568e-01 -1.316044891808619832e+00 1.337476783137935867e-02 9.997522999753473139e-01 -1.778863669026325978e-02 -1.699523586193272817e-01 2.303019673004459700e-01 1.423107999178409473e-02 9.730166663399751892e-01 9.058092391547571509e+00
9.707322506609208368e-01 -1.313836060148833133e-02 -2.397905631389390946e-01 -1.469025029433757457e+00 8.057089155054451834e-03 9.997220380537896744e-01 -2.216102950787866843e-02 -1.713564264510641366e-01 2.400151407517182867e-01 1.957968924759290533e-02 9.705681669775810816e-01 9.587476746257168614e+00
9.687646551644611970e-01 -1.045680079224616497e-02 -2.477851445762086213e-01 -1.632155232443003312e+00 4.367615493802834599e-03 9.996751047443885874e-01 -2.511206672955753477e-02 -1.865671225003753819e-01 2.479672444176279356e-01 2.324564330517469440e-02 9.684954860819037226e-01 1.013078076712194786e+01
9.664587618817688242e-01 -1.276210165506674356e-02 -2.565765534241851720e-01 -1.789192966624621128e+00 5.926178839666446443e-03 9.996068095869559134e-01 -2.740786356156225956e-02 -2.125316878268804222e-01 2.568255416636359700e-01 2.496795900939223836e-02 9.661544106784921704e-01 1.068576125247791175e+01
9.641497735918745926e-01 -1.509566952772533124e-02 -2.649658241479833087e-01 -1.945746732596579154e+00 7.611030166412026919e-03 9.995430139545459225e-01 -2.925745606892984907e-02 -2.368573507110512677e-01 2.652864810951754415e-01 2.619166715532931719e-02 9.638240305001497532e-01 1.125536589930091047e+01
9.621608688605539639e-01 -1.529607075779385039e-02 -2.721037771207841516e-01 -2.119411531588812458e+00 6.778939583340145604e-03 9.994579228628783785e-01 -3.222755474675799425e-02 -2.565202533882495750e-01 2.724490902661627079e-01 2.916462531384814150e-02 9.617429269312005591e-01 1.184006873718851516e+01
9.596131771173043168e-01 -1.443991041172502411e-02 -2.808748499315606439e-01 -2.312246084801123036e+00 4.752979848263339836e-03 9.993715954287453185e-01 -3.513642849262419571e-02 -2.788271763858435892e-01 2.812055951841763157e-01 3.238203867106742573e-02 9.590785104205643563e-01 1.242479448720070323e+01
9.578481161138399091e-01 -1.531645811943057461e-02 -2.869007591959620296e-01 -2.498355304567506430e+00 3.871157090550342902e-03 9.991752405092060307e-01 -4.042263905920669143e-02 -3.064222343349531918e-01 2.872834317645939772e-01 3.760736995962710161e-02 9.571174042755443701e-01 1.301744009491074294e+01
9.558663730629827215e-01 -1.594615374838740177e-02 -2.934277678910131026e-01 -2.701713731553980757e+00 1.961312255160879616e-03 9.988502180684514231e-01 -4.791022727822410315e-02 -3.455301350945818584e-01 2.938543127938346156e-01 4.522046433027440693e-02 9.547984321000724250e-01 1.363445682498434408e+01
9.545062511166167996e-01 -1.622601491772231522e-02 -2.977953018111934580e-01 -2.905990134923204682e+00 -4.806576996036856413e-04 9.984334509456511686e-01 -5.595944573546907802e-02 -3.777968189731262250e-01 2.982368261443660296e-01 5.355690271502659000e-02 9.530030359939152262e-01 1.426027866943133837e+01
9.532325705455575449e-01 -1.676330513594377972e-02 -3.017599723211596419e-01 -3.122598812963576442e+00 -3.074022065247448542e-03 9.978713768983358268e-01 -6.512061600406225670e-02 -4.240521714721749991e-01 3.022094882319543707e-01 6.300235339242962751e-02 9.511518857050632603e-01 1.489129913292116747e+01
9.519819170936123509e-01 -1.677598186593328572e-02 -3.057067250350696264e-01 -3.340397424257662617e+00 -6.353231503157206854e-03 9.972000577893098683e-01 -7.450956862990051888e-02 -4.679419923819716498e-01 3.061010954671095075e-01 7.287262758669231510e-02 9.492098083545353893e-01 1.554088872576188152e+01
9.509149067194412330e-01 -1.515834690978639342e-02 -3.090780272899861236e-01 -3.560081448962427508e+00 -1.063166671888302571e-02 9.966095711292728421e-01 -8.158458430885059953e-02 -5.257069587287606094e-01 3.092668315787387989e-01 8.086597965836742063e-02 9.475298029091901997e-01 1.619313330678223650e+01
9.492454693132161836e-01 -1.423299320937027566e-02 -3.142372332984407768e-01 -3.798317948377595510e+00 -1.431395980531436317e-02 9.959859642837760596e-01 -8.833687404590526149e-02 -5.899058085392222539e-01 3.142336021100836096e-01 8.834989781141540377e-02 9.452314417692188053e-01 1.685959363313993720e+01
9.474660359210926863e-01 -1.282092547972117809e-02 -3.196194174422141154e-01 -4.038821972190376641e+00 -1.822613153831703636e-02 9.954088440657929970e-01 -9.394989259282789107e-02 -6.559479709457167740e-01 3.193567405463436093e-01 9.483895732100147691e-02 9.428823874882427125e-01 1.753314852307671501e+01
9.459664068183070151e-01 -1.043307117933155344e-02 -3.241444239696564811e-01 -4.294518187253737018e+00 -2.311561713168376261e-02 9.947698357394062496e-01 -9.947024277646963897e-02 -7.256924270850091396e-01 3.234878564049101235e-01 1.015844600311656964e-01 9.407775914419209684e-01 1.821675602967411223e+01
9.444780623629668304e-01 -7.543309813891632687e-03 -3.284561659039102466e-01 -4.549576223510519490e+00 -2.775638916622526903e-02 9.943313591126738960e-01 -1.026225398870607847e-01 -8.035756942248694079e-01 3.273684702849311012e-01 1.060408238019392574e-01 9.389148088138189463e-01 1.890485698571384532e+01
9.422835116834610281e-01 -6.762602006662352463e-03 -3.347733739770436534e-01 -4.819329991329586171e+00 -2.992165748322738253e-02 9.940947706980436394e-01 -1.043202251964132216e-01 -8.809760152598873351e-01 3.335021886365141519e-01 1.083153061372357506e-01 9.365166603789630839e-01 1.963313212799944552e+01
9.403910343959573925e-01 -5.664659814587274210e-03 -3.400021720389143631e-01 -5.098045307495745249e+00 -3.143926135760419932e-02 9.941320810542436659e-01 -1.034901276134679721e-01 -9.674165000023341454e-01 3.385935178818346714e-01 1.080097911485011636e-01 9.346946975647834055e-01 2.035717334970142289e+01
9.383546244671828740e-01 -5.383744537803194542e-03 -3.456508033073026342e-01 -5.376325115282655887e+00 -3.166820758694782745e-02 9.943351648404932241e-01 -1.014518169488708571e-01 -1.049434079628916106e+00 3.442389703762332442e-01 1.061428663433097025e-01 9.328685369366783720e-01 2.108454641493672810e+01
9.354160045485976349e-01 -6.169661482639953072e-03 -3.535251038920311784e-01 -5.667329689534885695e+00 -3.144905115247870891e-02 9.944324255457556161e-01 -1.005738515860819804e-01 -1.136105590655148267e+00 3.521785251405333272e-01 1.051915577515085548e-01 9.300135994581066878e-01 2.182454405554747723e+01
9.334787145607310599e-01 -5.428285790385489404e-03 -3.585561378011233868e-01 -5.957975442120392096e+00 -3.143267046170889617e-02 9.947992168227934862e-01 -9.689638731186170362e-02 -1.222087039745067827e+00 3.572167288474976665e-01 1.017243413547477410e-01 9.284533045974630028e-01 2.254987967794841808e+01
9.286134839619064607e-01 -2.339497366830167215e-03 -3.710257157682452789e-01 -6.277080938971564272e+00 -3.387465214843982109e-02 9.952697327562715079e-01 -9.105014082644927176e-02 -1.297093230293086652e+00 3.694837931009759546e-01 9.711829932493422357e-02 9.241415688004686046e-01 2.332529182181675154e+01
9.257222934150153293e-01 -6.390804804320838594e-04 -3.781167311090633532e-01 -6.608716576942159193e+00 -3.471160537515912553e-02 9.956342101859687599e-01 -8.663649143681935449e-02 -1.386604621471594134e+00 3.765205595124810345e-01 9.333055438372868384e-02 9.216588691521595544e-01 2.407950350856933142e+01
9.224916475700057905e-01 3.015674191257507099e-03 -3.860365152070437400e-01 -6.934005739569034432e+00 -3.788968249574217045e-02 9.958481618073989905e-01 -8.277240255569265348e-02 -1.458465145175138256e+00 3.841841103810719749e-01 9.098364183641620417e-02 9.187758360312258121e-01 2.483931127419195306e+01
9.186036886591352202e-01 3.439330853019382118e-03 -3.951244317775303161e-01 -7.277285856042242429e+00 -3.831022319462284997e-02 9.960274038705753119e-01 -8.037777857084692223e-02 -1.533608439487804675e+00 3.932788107136093170e-01 8.897019267232526840e-02 9.150857687183059364e-01 2.560078355910586367e+01
9.151418184099068265e-01 4.699385483327978702e-03 -4.031220517450300189e-01 -7.631873681923927677e+00 -4.028410035835518210e-02 9.959930322567136507e-01 -7.983720072991920547e-02 -1.610307884658048527e+00 4.011312411799846656e-01 8.930300031373029912e-02 9.116643551134089307e-01 2.636736698460320838e+01
9.112792512190721617e-01 5.009084678611499912e-03 -4.117146206042983647e-01 -7.993805537203031442e+00 -4.078631809573946693e-02 9.961069824877543111e-01 -7.815447278799059205e-02 -1.683563415955592557e+00 4.097199175376516345e-01 8.801699506850176047e-02 9.079360462232884954e-01 2.714362716353907246e+01
9.074284954020234162e-01 5.474695249488136656e-03 -4.201117385731547027e-01 -8.371930393823353356e+00 -4.162142960084434101e-02 9.961690702893676308e-01 -7.690811443753009513e-02 -1.758859638722297669e+00 4.180810797123602485e-01 8.727674117488845584e-02 9.041800775123445266e-01 2.793025079970922420e+01
9.036416672534829386e-01 4.688490703280635136e-03 -4.282889546476995046e-01 -8.762251079340934723e+00 -4.059187693917987866e-02 9.963765997930760232e-01 -7.476079136633340116e-02 -1.827348381262897892e+00 4.263872480896024886e-01 8.493984928125083989e-02 9.005573469289662736e-01 2.872927239958142920e+01
9.001589442673999519e-01 4.590568931970831837e-03 -4.356388090478675035e-01 -9.155166925180294513e+00 -3.938288620337544732e-02 9.967063278213764699e-01 -7.088808601891116723e-02 -1.896273792845281303e+00 4.338788613338770972e-01 8.096360798041479789e-02 8.973748449842829933e-01 2.952024796705518739e+01
8.964614032840805269e-01 7.121835913966359163e-03 -4.430626521204395485e-01 -9.575540124890137506e+00 -4.006448922480449620e-02 9.970784425367359427e-01 -6.502895339766308347e-02 -1.963620172357260385e+00 4.413053532631798226e-01 7.604444418167156938e-02 8.941274286542814087e-01 3.033501333411485490e+01
8.926923150413076380e-01 7.130777162554301218e-03 -4.506135170758213127e-01 -1.000028310238902129e+01 -3.833950138395995216e-02 9.974517885423320740e-01 -6.016971182350427244e-02 -2.030989209335979151e+00 4.490364721580066276e-01 7.098747373926241055e-02 8.906907500655000254e-01 3.114628303520609975e+01
8.885638731179098526e-01 6.041947642535572260e-03 -4.586909136800434439e-01 -1.043417884298187914e+01 -3.688048148529021047e-02 9.976175932036825955e-01 -5.830999707373376445e-02 -2.093672267417405308e+00 4.572457555131748674e-01 6.873167185849606009e-02 8.866697623923969207e-01 3.197369949728009431e+01
8.859607084406277977e-01 6.137858839377810689e-03 -4.637501797515978796e-01 -1.087418570177062094e+01 -3.690639536360601491e-02 9.976743454609434680e-01 -5.729202958700684717e-02 -2.156870939076483307e+00 4.623199870403809086e-01 6.787084984558665324e-02 8.841266534043372705e-01 3.280680917071897085e+01
8.828198510392192278e-01 5.493177944482295454e-03 -4.696758007029510074e-01 -1.133387147599425582e+01 -3.574451232511988846e-02 9.978180340785579583e-01 -5.549909979730756338e-02 -2.210479737884489815e+00 4.683465222504966108e-01 6.577759572761533724e-02 8.810894479510706923e-01 3.363847169979223395e+01
8.793281040463600817e-01 5.017118831803547147e-03 -4.761034701176561912e-01 -1.179575544544363908e+01 -3.495520556641901894e-02 9.979270921262315408e-01 -5.403852019090918390e-02 -2.270902217796205491e+00 4.748451577168773530e-01 6.416462326813605899e-02 8.776807240659033615e-01 3.448892176280710942e+01
8.775284248300937451e-01 4.676353434515924390e-03 -4.794977650877343400e-01 -1.227826221951600516e+01 -3.479289997367888271e-02 9.979378554513442801e-01 -5.395014893336857326e-02 -2.336414551299755171e+00 4.782565840133186641e-01 6.402782382775112913e-02 8.758814403415784433e-01 3.534530395162254024e+01
8.758026041474319401e-01 2.807914028470252961e-03 -4.827489467768075748e-01 -1.276967949624371990e+01 -3.306395419542328129e-02 9.979830486400610434e-01 -5.418262441664772194e-02 -2.395796074492054561e+00 4.816230359916371939e-01 6.341329592113403857e-02 8.741290191103955332e-01 3.619351155922655039e+01
8.736678361325342923e-01 5.631450132219524909e-03 -4.865417958083433914e-01 -1.326402519682900660e+01 -3.664607601863215797e-02 9.978542090203220694e-01 -5.426338350885272221e-02 -2.455748255965318094e+00 4.851925234143409926e-01 6.523449129860239837e-02 8.719992875879276628e-01 3.706019635414153868e+01
8.736324733018971944e-01 4.753572149997532803e-03 -4.866432485623406468e-01 -1.377248301323251845e+01 -3.516087813296651932e-02 9.979548906118606011e-01 -5.338451297966428227e-02 -2.519730920996747781e+00 4.853940167172671738e-01 6.375046348804455643e-02 8.720131237952880587e-01 3.794559293708702796e+01
8.741588121206617101e-01 3.281672628372096778e-03 -4.857599549456546595e-01 -1.428748925622793386e+01 -3.298958024717880272e-02 9.980685051676949637e-01 -5.265040841639079261e-02 -2.579434167432658853e+00 4.846489803654735473e-01 6.204959344914928732e-02 8.725787339659161201e-01 3.885057831648103388e+01
8.730716761785164426e-01 2.926172990492338210e-03 -4.875117020889949693e-01 -1.480299903476424817e+01 -3.205510090514408078e-02 9.981631571195441754e-01 -5.138833586581373347e-02 -2.642990513530681707e+00 4.864655612276211349e-01 6.049318000679174134e-02 8.715619453808338690e-01 3.977248897801387528e+01
8.730020527421337162e-01 2.977779815259473922e-03 -4.876811347009975539e-01 -1.532813170632959832e+01 -3.253650548756312211e-02 9.981093080126212103e-01 -5.213361909627032414e-02 -2.700629234459102079e+00 4.866035946446463090e-01 6.138065686080827060e-02 8.714484298565124964e-01 4.068659554040554127e+01
8.718735381958822028e-01 7.341146962231215388e-05 -4.897568807554357195e-01 -1.586310749890377991e+01 -2.964123147924501572e-02 9.981745676671762713e-01 -5.263848450312894056e-02 -2.765110361242176129e+00 4.888591899161653376e-01 6.041151251023660351e-02 8.702841399636630504e-01 4.160968502811198988e+01
8.709094408193343018e-01 -1.191116284961471180e-03 -4.912916472325293271e-01 -1.638729113526431291e+01 -2.759749238559072726e-02 9.983004266209215549e-01 -5.133212137770469530e-02 -2.829570822720722578e+00 4.905172668690549465e-01 5.827132295795386246e-02 8.693967047109286694e-01 4.253462499691334386e+01
8.675563120876942369e-01 -2.588520487565470389e-04 -4.972097212197317817e-01 -1.692963848796375004e+01 -2.682539694426596885e-02 9.985198680449004494e-01 -4.731670739389365332e-02 -2.890513739359357182e+00 4.964858567079340479e-01 5.439079629864156107e-02 8.662653478062484202e-01 4.347212209582696119e+01
8.652961430378598440e-01 1.957841385526191361e-03 -5.012055627995692930e-01 -1.748464871376924989e+01 -2.656992758424767120e-02 9.987656366111363759e-01 -4.196107706948570132e-02 -2.951533350660699107e+00 5.005046619563705557e-01 4.962715670127694489e-02 8.642800978114836274e-01 4.439439628512813840e+01
8.617728493377809773e-01 -7.648524291703002109e-04 -5.072683090842635689e-01 -1.802570434850153092e+01 -2.273541520171717609e-02 9.989359102699063575e-01 -4.011902119520989463e-02 -3.015380693616920293e+00 5.067593882994771981e-01 4.610330011651488091e-02 8.608384267669773049e-01 4.530983292006455088e+01
8.564663649275975343e-01 -3.276794040409823465e-03 -5.162935337715899298e-01 -1.859059637517413321e+01 -2.170577938034164503e-02 9.988668210860195407e-01 -4.235168284158209034e-02 -3.082430322734171835e+00 5.158473464018679122e-01 4.747773482625808339e-02 8.554246655870303417e-01 4.623127745538049993e+01
8.503882615533921996e-01 -7.241107706273854604e-03 -5.262440059626320998e-01 -1.915866149945222929e+01 -2.008393656753862389e-02 9.987298668048970596e-01 -4.621353656149942285e-02 -3.146612970867351589e+00 5.259104903558254884e-01 4.986547712333731092e-02 8.491626829515253050e-01 4.713788593995619181e+01
8.439110453849782978e-01 -6.806636643374965739e-03 -5.362859911149676639e-01 -1.974616426832512772e+01 -2.098289447671421865e-02 9.987356266710905039e-01 -4.567952678145237311e-02 -3.201650872762164202e+00 5.359185846234489903e-01 4.980544654234246582e-02 8.427011830350263910e-01 4.805182956764615199e+01
8.384235321264497109e-01 -3.217064501162498601e-03 -5.451124891018790386e-01 -2.034632140887768514e+01 -2.196888221363717253e-02 9.989703999267511847e-01 -3.968669605065691663e-02 -3.256135581232629139e+00 5.446792455991705806e-01 4.524498885441202711e-02 8.374895527871926149e-01 4.895483484586750933e+01
8.342383329256327640e-01 -8.617352306495418670e-04 -5.513669974155831488e-01 -2.095452662337752159e+01 -2.264737028194328816e-02 9.991013026236721384e-01 -3.583415398767193782e-02 -3.318626216634163129e+00 5.509021494153757414e-01 4.238609753682573422e-02 8.334692676680111045e-01 4.984437079870212983e+01
8.294060835978825930e-01 3.570825768871246800e-05 -5.586692113870272980e-01 -2.155872050675843354e+01 -2.493344599870019745e-02 9.990058827856816981e-01 -3.695472376687253258e-02 -3.374857500707898694e+00 5.581126469852389915e-01 4.457830319523351653e-02 8.285824360250358955e-01 5.072697223467974226e+01
8.252293934272754150e-01 -1.585581023975152345e-03 -5.647867586328264577e-01 -2.217814359220319886e+01 -2.614237551415619920e-02 9.988169646528529677e-01 -4.100484690184105080e-02 -3.425568325755758980e+00 5.641835052951419405e-01 4.860631148803731816e-02 8.242119107530322397e-01 5.160549417713795606e+01
8.228810195099433011e-01 -4.002635491729529538e-03 -5.682670447818745085e-01 -2.280319970711484245e+01 -2.844041774508123538e-02 9.984318148140731708e-01 -4.821931563098888485e-02 -3.492541933706209800e+00 5.675692209963408841e-01 5.583542324794996820e-02 8.214765891417123989e-01 5.248149996411871143e+01
8.195238945372077533e-01 -4.679030394516071542e-03 -5.729514475962127484e-01 -2.343030101915435637e+01 -2.857439108614768727e-02 9.983890115090389150e-01 -4.902074643875333620e-02 -3.548791585136531257e+00 5.722575793632381780e-01 5.654873130658445018e-02 8.180700842186464650e-01 5.335881500161077895e+01
8.167387612427357002e-01 -3.751766063372378654e-03 -5.769474121401662048e-01 -2.405689821844890020e+01 -2.819240248972069290e-02 9.985251979552051127e-01 -4.639975039144497715e-02 -3.615945100951780233e+00 5.762704806007307168e-01 5.416352625007806593e-02 8.154284035873987646e-01 5.423241481350832771e+01
8.132043261506171072e-01 -1.320200052923344632e-03 -5.819626098135640691e-01 -2.470209573995125041e+01 -2.666941108112461448e-02 9.988624294456429631e-01 -3.953236383713276680e-02 -3.672623205330010077e+00 5.813528705345599734e-01 4.766713885901475989e-02 8.122439166869128702e-01 5.510897929031741427e+01
8.093112515960699804e-01 2.736629042454599052e-04 -5.872715210804118069e-01 -2.534502400022646995e+01 -2.704314320917624442e-02 9.989569495114639652e-01 -3.679908879356674767e-02 -3.733494955540077598e+00 5.866487789560316246e-01 4.566531679363765306e-02 8.084743502192179854e-01 5.597931781641441518e+01
8.076253498695645794e-01 1.624895307501170692e-03 -5.896715522174614810e-01 -2.598855352814869946e+01 -2.921813287290850325e-02 9.988783535829133253e-01 -3.725611826685214234e-02 -3.791807368349700003e+00 5.889499294816702424e-01 4.731257016667215348e-02 8.067666388975285319e-01 5.685501377299746650e+01
8.032277814906708668e-01 -8.146503484411419214e-04 -5.956744159982712006e-01 -2.665472028849000097e+01 -2.785039162028129026e-02 9.988541564455769572e-01 -3.893057086831053920e-02 -3.840387135019487364e+00 5.950236053398390013e-01 4.786173872100212001e-02 8.022846625772106499e-01 5.772046935998972117e+01
7.990773707193066233e-01 -3.193758860877309643e-03 -6.011176923862959764e-01 -2.730955268559849358e+01 -2.716899171333122739e-02 9.987725067949390079e-01 -4.140901161706633110e-02 -3.901623822292232369e+00 6.005119066805733041e-01 4.942429557792900330e-02 7.980097096782899913e-01 5.858014659087626086e+01
7.961339269442774258e-01 -4.007178642057762120e-03 -6.050348747073510669e-01 -2.797288341747358587e+01 -2.664074618559799171e-02 9.987763696300552274e-01 -4.166899731112115590e-02 -3.957677645121274068e+00 6.044611268202426668e-01 4.929817625469382764e-02 7.950530799477316668e-01 5.944502758842633483e+01
7.903509877608185796e-01 -4.756090212632866319e-03 -6.127277281209408955e-01 -2.865141500243818840e+01 -2.517964209117439303e-02 9.988729009899637301e-01 -4.023508339805138140e-02 -4.015231635132034960e+00 6.122288863078626520e-01 4.722044205458781480e-02 7.893401590626334396e-01 6.030760298809768472e+01
7.860642411459041190e-01 -5.075720139105468175e-03 -6.180502000020288156e-01 -2.934254266091213381e+01 -2.516937207224181905e-02 9.988743088850516871e-01 -4.022048024112988979e-02 -4.074704830274630929e+00 6.175583954920118579e-01 4.717636566376699758e-02 7.850516080500993255e-01 6.116343307066517099e+01
7.809295996547781504e-01 -6.036154190540848896e-03 -6.246382517076336516e-01 -3.004431696911847993e+01 -2.496169430161552030e-02 9.988530373151989217e-01 -4.086002567888097348e-02 -4.138256502516710178e+00 6.241684854349089928e-01 4.750008764896819502e-02 7.798831025663085503e-01 6.202432966729637087e+01
7.752437259263851299e-01 -8.121310626823426138e-03 -6.316081370755995961e-01 -3.074011909205151838e+01 -2.376077430064667609e-02 9.988348032211170624e-01 -4.199675634008355474e-02 -4.195327267675478922e+00 6.312130792184110772e-01 4.756612422354076358e-02 7.741475293356216980e-01 6.286969336765082517e+01
7.708144542939072696e-01 -9.126652290700799225e-03 -6.370858352751135323e-01 -3.145550462246980317e+01 -2.309319766606151084e-02 9.988399824453252362e-01 -4.225187843857638320e-02 -4.255355273716658004e+00 6.367325256438297609e-01 4.727605364268817889e-02 7.697094839493969776e-01 6.371466603738477374e+01
7.651582758425790054e-01 -1.045501524600765501e-02 -6.438306354947790355e-01 -3.218221157835908031e+01 -2.328433988421646159e-02 9.987648498912936601e-01 -4.390590521109366540e-02 -4.316145553864855877e+00 6.434944283889725281e-01 4.858613404959123694e-02 7.639698810677326701e-01 6.456028189060226907e+01
7.591001503470504730e-01 -1.335584661398020283e-02 -6.507749956814878889e-01 -3.291789178695601947e+01 -2.138896011737570838e-02 9.987381054382161727e-01 -4.544027935823072989e-02 -4.376220239384830180e+00 6.505605025889721338e-01 4.841433943721606264e-02 7.578566008584104452e-01 6.540858337750556473e+01
7.522831031175690741e-01 -1.379162778753462333e-02 -6.586848480918595650e-01 -3.365579133201082840e+01 -2.096644835963391157e-02 9.987733835319436704e-01 -4.485992914027473605e-02 -4.439011394682391476e+00 6.584954272289710309e-01 4.756018438901838535e-02 7.510711607503899323e-01 6.624071892984970589e+01
7.462510855894260997e-01 -1.398380467145754480e-02 -6.655617696809636996e-01 -3.440890545426619695e+01 -1.994933047340669355e-02 9.988604651419580316e-01 -4.335012469365322890e-02 -4.496581764978007989e+00 6.654097357286085090e-01 4.562481792257172541e-02 7.451218109896550201e-01 6.707036674734247583e+01
7.406636113158584500e-01 -1.518729930986242524e-02 -6.716569098986187036e-01 -3.516321938258061408e+01 -1.843293067211268857e-02 9.989088724721060242e-01 -4.291570971495581310e-02 -4.561661571000733773e+00 6.715758331088887978e-01 4.416882307681229552e-02 7.395754868884579780e-01 6.789378404495012376e+01
7.341212655627366024e-01 -1.655076043379762399e-02 -6.789016663923214123e-01 -3.593915408416867763e+01 -1.779170446504223582e-02 9.988907774062770750e-01 -4.359555090893551393e-02 -4.623326059154247325e+00 6.788702457733817308e-01 4.408401430164168161e-02 7.330124750439871439e-01 6.872256832672402993e+01
7.276609059211568420e-01 -1.925119492245977448e-02 -6.856599402972370916e-01 -3.672301006548363489e+01 -1.646349916009601233e-02 9.988279395254583415e-01 -4.550777480607960668e-02 -4.695010010225998620e+00 6.857322128920395610e-01 4.440655485144993919e-02 7.264911364526465132e-01 6.953691261174790839e+01
7.216958318369086633e-01 -1.893813481279214145e-02 -6.917857765795865088e-01 -3.751755203236711367e+01 -1.736816637872200253e-02 9.988154962680453330e-01 -4.544521265661760623e-02 -4.751688472020644483e+00 6.918270460596125382e-01 4.481440870878024979e-02 7.205121408662987781e-01 7.035444275175831308e+01
7.169574830711022972e-01 -1.800961550351446588e-02 -6.967858996903631974e-01 -3.832991915849008535e+01 -1.785516252652420352e-02 9.988638945267876990e-01 -4.417181052083443693e-02 -4.816576043491222592e+00 6.967899529157406402e-01 4.411025480307014662e-02 7.158213335646774755e-01 7.116880830803778224e+01
7.117957350436369124e-01 -1.817719068834905069e-02 -7.022626369044111527e-01 -3.913845253371476929e+01 -1.846915932433711854e-02 9.988350298646196945e-01 -4.458580095198982907e-02 -4.878223384808785035e+00 7.022550484555676320e-01 4.470702084515505714e-02 7.106308436923602923e-01 7.197410368639258138e+01
7.073378085078080302e-01 -1.843301749712970491e-02 -7.067236760808245366e-01 -3.996539924748890371e+01 -1.842407528785221932e-02 9.988395085573674725e-01 -4.449630732809264910e-02 -4.944666711808682891e+00 7.067241361540034239e-01 4.449157990765430226e-02 7.061773310480757848e-01 7.279733647981900901e+01
7.020713004142191682e-01 -2.012893659043649489e-02 -7.117310376729162336e-01 -4.080847458654464788e+01 -1.941644868796755727e-02 9.986877700567169391e-01 -4.738761760116587396e-02 -5.012238614666169489e+00 7.117504909061580509e-01 4.709485045418122101e-02 7.007590955942802902e-01 7.360162711311222949e+01
6.978968395133232638e-01 -2.240941579838642145e-02 -7.159453992884449169e-01 -4.163360236683821824e+01 -1.911888044103420350e-02 9.985713012426972179e-01 -4.988676496521102233e-02 -5.078435782549163058e+00 7.160407725166472170e-01 4.849994592581795966e-02 6.964711883913186075e-01 7.440087354504458972e+01
6.908335162078029779e-01 -2.389636989096360215e-02 -7.226303714859287908e-01 -4.249580450188695835e+01 -1.899098848904435394e-02 9.985092313810608466e-01 -5.118422697766340096e-02 -5.149177323604840595e+00 7.227761903054904513e-01 4.908369826388281343e-02 6.893496409456824070e-01 7.519780474893599376e+01
6.856579888219557217e-01 -2.292246608982399791e-02 -7.274431314750930966e-01 -4.336247864197225255e+01 -1.868408034207590454e-02 9.986206745400295626e-01 -4.907374313514490521e-02 -5.221704936941886643e+00 7.275646890422643454e-01 4.723891815234255304e-02 6.842839753976279749e-01 7.600301891846608271e+01
6.825436275488543370e-01 -2.516959001907883089e-02 -7.304194761806587222e-01 -4.422557217706241772e+01 -1.624763163711567815e-02 9.986373334145448588e-01 -4.959983401520587365e-02 -5.292811520709758355e+00 7.306724513963109846e-01 4.572290495554855866e-02 6.812044908302716806e-01 7.680820094050798730e+01
6.755114339843444338e-01 -2.525850480734108394e-02 -7.369636115793499753e-01 -4.510888586243781617e+01 -1.658213975786509975e-02 9.986400949176764685e-01 -4.942734134487607178e-02 -5.366642445629068447e+00 7.372098272790951201e-01 4.560910524358106205e-02 6.741738428402276329e-01 7.760040887542380972e+01
6.707700492911302659e-01 -2.660819591365156875e-02 -7.411345608511180627e-01 -4.598976200205579090e+01 -1.504996053526895181e-02 9.986623292355845116e-01 -4.947484428415222651e-02 -5.440014522937448582e+00 7.414594174763715628e-01 4.434261248181340515e-02 6.694721810855596145e-01 7.838598136646258752e+01
6.675922847016758643e-01 -2.750156161783106137e-02 -7.438641625458803919e-01 -4.687756664911311333e+01 -1.434195726075605457e-02 9.986570877594694862e-01 -4.978784152244272732e-02 -5.513200885161800180e+00 7.442342529236759541e-01 4.390853005554411909e-02 6.663013916227172873e-01 7.917576935398874127e+01
6.635935616159646111e-01 -2.871479563852795749e-02 -7.476548256109123436e-01 -4.778892398848070400e+01 -1.295609194124921516e-02 9.986720457304222309e-01 -4.986356159347855171e-02 -5.583312220346081212e+00 7.480941450241808122e-01 4.277184601655262264e-02 6.623404536353637573e-01 7.996571170522589966e+01
6.597372493070300381e-01 -3.144111828949767984e-02 -7.508190245980802535e-01 -4.870092416669536561e+01 -9.775410526577626991e-03 9.986808921170182707e-01 -5.041345573787096163e-02 -5.656922383471341576e+00 7.514131812560215229e-01 4.060604533950105260e-02 6.585594787007688078e-01 8.074584713572431838e+01
6.532055510201776327e-01 -3.543285995958399270e-02 -7.562967860230774830e-01 -4.960433864287066541e+01 -7.055485470724373771e-03 9.985762333125164369e-01 -5.287304686634923534e-02 -5.737151452304526167e+00 7.570937091088483228e-01 3.987036670828329743e-02 6.520255934825527344e-01 8.153052943412107822e+01
6.496217647859466870e-01 -4.034261776828310109e-02 -7.591297686415999779e-01 -5.052643446691693896e+01 -2.641333897374098690e-03 9.984654290626532314e-01 -5.532578995171225783e-02 -5.811926376352962720e+00 7.601960840293848776e-01 3.795332101555969062e-02 6.485181547384363254e-01 8.232906232705369121e+01
6.449796098184870097e-01 -4.449851759113595401e-02 -7.629273641088882840e-01 -5.146005908574144883e+01 3.043510443323931523e-03 9.984451775280607233e-01 -5.566124836073439719e-02 -5.891085926596306699e+00 7.642176438596330890e-01 3.358581806101264278e-02 6.441118337472024891e-01 8.311876462445991365e+01
6.359741365017662629e-01 -4.783628059867446602e-02 -7.702823975951591517e-01 -5.240357373585650436e+01 7.571226345397634450e-03 9.984155683287138094e-01 -5.574232533975170129e-02 -5.967556584277073028e+00 7.717294654849743418e-01 2.961167105263357024e-02 6.353288825680489804e-01 8.389191431676448474e+01
6.273400068234954441e-01 -4.923760609164715835e-02 -7.772117202336408237e-01 -5.335656940788546621e+01 1.057602502592916612e-02 9.984451924785276988e-01 -5.473803948941365072e-02 -6.047154430380438761e+00 7.786990024505174857e-01 2.611221043416944373e-02 6.268862212721656446e-01 8.465027623814320634e+01
6.171748632886309149e-01 -4.900335117145705743e-02 -7.852809404252978354e-01 -5.433225185353585118e+01 1.182310421810308688e-02 9.985234393540446396e-01 -5.302644786682297884e-02 -6.120144839462335895e+00 7.867197000635184345e-01 2.344402951364641524e-02 6.168431392747441011e-01 8.541280810289440240e+01
6.073301082042300569e-01 -4.897119841733155871e-02 -7.928808775642183226e-01 -5.532595218177220175e+01 1.193721496530963412e-02 9.985478779398105909e-01 -5.252717653519576452e-02 -6.209397801522027471e+00 7.943024049351078419e-01 2.243037706069573797e-02 6.070330832491175332e-01 8.615708967609107560e+01
5.980097666751410523e-01 -4.958852965052485545e-02 -7.998998522028021307e-01 -5.632572375951201593e+01 1.070390523051227040e-02 9.984890889530353419e-01 -5.389056210303599936e-02 -6.284553441896648884e+00 8.013639791973750093e-01 2.366116999162939591e-02 5.976372274978918320e-01 8.689662864391205233e+01
5.876223674400936625e-01 -5.173203125167032818e-02 -8.074597013079120034e-01 -5.732457696244986778e+01 1.119242196333936935e-02 9.983781516714810289e-01 -5.581765233484697192e-02 -6.365731992431881814e+00 8.090379331446803102e-01 2.376013641597560580e-02 5.872484275551431709e-01 8.761228223334428833e+01
5.789057334002717381e-01 -5.387026034730649227e-02 -8.135655963921268885e-01 -5.834469113583352140e+01 1.107809254420587947e-02 9.982426921129087249e-01 -5.821660290177878977e-02 -6.449128249662194001e+00 8.152718981271139809e-01 2.468879975648682196e-02 5.784852624598422199e-01 8.833360610055176210e+01
5.691589675668928816e-01 -5.503169232217570289e-02 -8.204386424380873954e-01 -5.938820539891834471e+01 1.477822820532340327e-02 9.982812481864085097e-01 -5.670653814729954140e-02 -6.533792785176493645e+00 8.221494313634220008e-01 2.015135269260807244e-02 5.689937432539620144e-01 8.905178724068558438e+01
5.561905590264788479e-01 -5.482804772457654935e-02 -8.291071534550885636e-01 -6.041948996296391527e+01 1.607737087843861754e-02 9.983450447250258319e-01 -5.522441519322034836e-02 -6.619354055405906934e+00 8.307618187915718488e-01 1.739649923131296461e-02 5.561505792242646962e-01 8.973799946024885799e+01
5.460606220176166259e-01 -5.511584467793645414e-02 -8.360108430632556820e-01 -6.148409544656124837e+01 1.581999100841299799e-02 9.983335658615890562e-01 -5.549299549254459174e-02 -6.699620098648340516e+00 8.376769300628549297e-01 1.707088366734349147e-02 5.460231376174681239e-01 9.042453164707397661e+01
5.364543936392615064e-01 -5.695538830357361332e-02 -8.421734740609414516e-01 -6.255173362905395607e+01 1.583305440122392480e-02 9.982232144034722809e-01 -5.742072350694107236e-02 -6.782776524493610459e+00 8.439497225610692599e-01 1.745416271341116571e-02 5.364037918748688627e-01 9.109807759314348630e+01
5.249623183465706999e-01 -5.714908670506428645e-02 -8.492507189877874785e-01 -6.362769645986369227e+01 1.391901425295690407e-02 9.981861246820199485e-01 -5.856090452318941930e-02 -6.879156603687913041e+00 8.510578050352877177e-01 1.891676137203910854e-02 5.248055798557783591e-01 9.175189989612385943e+01
5.168519457077112023e-01 -5.822650903201059824e-02 -8.540059525261211038e-01 -6.471841755829977672e+01 1.429527319401835937e-02 9.981323501263132947e-01 -5.939910762155392598e-02 -6.960933367265355720e+00 8.558687438372373224e-01 1.849913951460493283e-02 5.167186398616236964e-01 9.239362727754318882e+01
