1.0 0.0 0.0 0.0 0.0 1.0 0.0 0.0 0.0 0.0 1.0 0.0
0.99992645 0.012083669 0.0010072717 0.29125977 -0.0120814955 0.9999247 -0.0021371585 -0.00793457 -0.0010330188 0.002124827 0.9999972 -0.0018310547
0.99983644 0.018054025 0.0010884292 0.57836914 -0.018048046 0.9998232 -0.0052753575 -0.026977539 -0.0011834556 0.0052548544 0.9999855 0.0045166016
0.99978656 0.020655343 -0.00026627784 0.8775635 -0.020656796 0.99975574 -0.007849085 -0.03161621 0.00010408033 0.007852911 0.9999692 0.011230469
0.9998368 0.018023245 -0.0011483248 1.1878662 -0.018033762 0.99978805 -0.009925452 -0.03894043 0.0009691658 0.009944544 0.9999501 0.0068359375
0.99993044 0.011480884 -0.0026992369 1.5007324 -0.011510025 0.9998728 -0.011038955 -0.034179688 0.0025721323 0.011069262 0.99993545 0.006591797
0.9999915 -6.67085e-05 -0.004133512 1.8250732 1.6167716e-05 0.9999253 -0.012224639 -0.03186035 0.0041340184 0.0122244675 0.99991673 0.018310547
0.9998637 -0.015949503 -0.004244328 2.144287 0.015896909 0.9997997 -0.012150618 -0.018920898 0.0044373297 0.012081464 0.9999172 0.025146484
0.99937403 -0.0350538 -0.004840627 2.4954834 0.035021175 0.9993646 -0.00667087 0.010498047 0.0050712978 0.006497265 0.999966 0.022094727
0.9984461 -0.055444326 -0.0056623183 2.8511963 0.05542808 0.9984586 -0.0029865587 0.047851562 0.005819165 0.0026681055 0.9999795 0.027832031
0.99724793 -0.073888466 -0.0059460723 3.211792 0.07387561 0.99726385 -0.002352689 0.08996582 0.0061036814 0.0019068706 0.99997956 0.034301758
0.9953386 -0.09627616 -0.005710445 3.5875244 0.096255414 0.99534976 -0.0038024744 0.12670898 0.00604996 0.0032350228 0.99997646 0.033813477
0.9932711 -0.115708634 -0.004551993 3.9779053 0.115683 0.993269 -0.0055402457 0.1796875 0.005162596 0.0049762893 0.9999743 0.03955078
0.9911365 -0.13276888 -0.0044511613 4.376953 0.13274513 0.99113566 -0.0052674357 0.23876953 0.0051110024 0.0046299277 0.9999762 0.04321289
0.9886268 -0.15031718 -0.004047902 4.7956543 0.15030141 0.9886296 -0.0039519686 0.31567383 0.0045959638 0.003298665 0.999984 0.046875
0.9866018 -0.16310751 -0.004213924 5.21521 0.16309479 0.9866077 -0.0032074074 0.39501953 0.0046806834 0.0024773844 0.999986 0.052490234
0.9844711 -0.17545676 -0.005117059 5.651123 0.17543595 0.98447883 -0.0042689354 0.477417 0.0057868236 0.0033046901 0.99997777 0.055419922
0.9826033 -0.18558487 -0.006152054 6.098633 0.18552938 0.98259526 -0.0086150495 0.56188965 0.007644576 0.0073234024 0.9999439 0.06591797
0.98127353 -0.1923706 -0.008745191 6.5578613 0.19230859 0.9812963 -0.0074602733 0.65649414 0.010017158 0.0056389626 0.99993396 0.0715332
0.9798141 -0.19964361 -0.010396484 7.040161 0.19957624 0.9798568 -0.007168432 0.7677002 0.011617923 0.004948261 0.99992025 0.067993164
0.9782722 -0.20687203 -0.012968484 7.52124 0.20678127 0.9783446 -0.008003241 0.8741455 0.014343593 0.005147492 0.9998839 0.07922363
0.9765885 -0.21472242 -0.013536701 8.026733 0.21456434 0.97664064 -0.012227464 0.98669434 0.015845846 0.009037153 0.9998336 0.08081055
0.97451353 -0.2239432 -0.013900347 8.543945 0.2236915 0.9745112 -0.01761325 1.0963135 0.017489841 0.014056407 0.99974835 0.09350586
0.97304034 -0.23008971 -0.015942913 9.068115 0.22978668 0.97306114 -0.018789483 1.2200928 0.019837482 0.01461938 0.9996963 0.115112305
0.97058564 -0.23979372 -0.021346731 9.598145 0.23951307 0.9707755 -0.014888827 1.3691406 0.024294164 0.009338442 0.9996613 0.11279297
0.9685085 -0.24773978 -0.02505864 10.142212 0.24750103 0.96881604 -0.012267772 1.5286865 0.027315918 0.0056796735 0.9996107 0.12475586
0.9661711 -0.25657368 -0.026841717 10.698242 0.2562585 0.96651644 -0.014644739 1.6813965 0.029699907 0.007273414 0.99953246 0.14758301
0.9638447 -0.26501346 -0.028123092 11.268921 0.2646172 0.96421295 -0.017048357 1.8337402 0.03163466 0.008991629 0.99945915 0.16882324
0.9617636 -0.2721571 -0.031141099 11.854492 0.27172968 0.96223253 -0.017304758 2.0037842 0.034673512 0.008185201 0.99936557 0.1850586
0.9590973 -0.28090033 -0.0344107 12.440308 0.28048256 0.9596944 -0.016519248 2.192505 0.037665915 0.0061908793 0.9992716 0.20410156
0.9571366 -0.28694126 -0.039675027 13.033691 0.28646025 0.9579437 -0.01743764 2.3752441 0.04301022 0.0053261346 0.9990605 0.22753906
0.95481676 -0.29346243 -0.047329105 13.651489 0.29292318 0.95598257 -0.018108668 2.5749512 0.05055946 0.0034318278 0.9987157 0.26171875
0.9530195 -0.29779276 -0.05569224 14.277832 0.29722473 0.95464444 -0.018408783 2.7763672 0.058647975 0.0009959261 0.9982788 0.28881836
0.9511665 -0.30170506 -0.065162115 14.909424 0.3011131 0.953396 -0.018959759 2.9901123 0.06784429 -0.0015941979 0.9976933 0.32958984
0.94922143 -0.30553713 -0.075055316 15.55957 0.30498534 0.9521718 -0.018984165 3.2050781 0.07726687 -0.004870037 0.99699855 0.36779785
0.9475359 -0.3086651 -0.083064 16.212524 0.30831122 0.95112586 -0.01737729 3.4221191 0.084368035 -0.0091447225 0.99639255 0.4206543
0.94523317 -0.31359422 -0.09057523 16.880005 0.313423 0.9494783 -0.016479785 3.6569824 0.09116574 -0.012815574 0.9957514 0.48010254
0.94287896 -0.31868932 -0.09709138 17.554688 0.31876996 0.9477186 -0.015100153 3.894043 0.09682623 -0.016714454 0.9951597 0.54174805
0.940767 -0.32279664 -0.103856176 18.23938 0.32326695 0.94623846 -0.0127359945 4.1466064 0.10238343 -0.021594152 0.9945084 0.60717773
0.9388966 -0.3266707 -0.10832922 18.92871 0.32757255 0.9447635 -0.009874385 4.3985596 0.10557115 -0.02622394 0.99406415 0.68151855
0.9364951 -0.33279958 -0.11063764 19.65857 0.33388114 0.94257987 -0.009146124 4.6643066 0.1073297 -0.028368268 0.99381995 0.7557373
0.9346701 -0.33790317 -0.1103591 20.384277 0.33912325 0.94069064 -0.008098204 4.939331 0.106551036 -0.029866835 0.9938571 0.8399658
0.9328429 -0.34356532 -0.10852403 21.113403 0.3447893 0.93865395 -0.0078754155 5.213745 0.10457102 -0.03007344 0.99406147 0.920166
0.92998844 -0.35151097 -0.107619 21.855469 0.35266483 0.9357202 -0.00873852 5.5 0.103775986 -0.029825598 0.9941534 1.0046387
0.92842686 -0.3565775 -0.1041786 22.582642 0.35772917 0.933777 -0.008054817 5.7869873 0.10015172 -0.029788338 0.9945274 1.0894775
0.9241077 -0.36889806 -0.09963484 23.36084 0.37026387 0.9289065 -0.0050985403 6.1000977 0.094432734 -0.032182958 0.9950106 1.1639404
0.92162114 -0.37597126 -0.0958823 24.11731 0.37740013 0.92600846 -0.0034774563 6.427368 0.09009334 -0.03299238 0.99538577 1.2526855
0.9187289 -0.3836747 -0.09357042 24.879272 0.3853735 0.9227737 9.3679875e-05 6.748291 0.08630756 -0.03614138 0.99561304 1.3234863
0.9150365 -0.3927884 -0.09160441 25.643188 0.39448237 0.918886 0.00042191893 7.086548 0.08401053 -0.03653128 0.99579436 1.3972168
0.9116098 -0.4006508 -0.09197621 26.411987 0.40249187 0.91542983 0.0016031296 7.4365234 0.08355275 -0.03848081 0.99575955 1.4719238
0.9078791 -0.40925306 -0.09073394 27.190674 0.41109908 0.91156906 0.0018227168 7.793579 0.08196326 -0.038956247 0.9958741 1.5435791
0.9041201 -0.41762552 -0.090035446 27.979736 0.41950843 0.90772146 0.00220101 8.16687 0.0808078 -0.039766338 0.9959361 1.6171875
0.9004985 -0.42594385 -0.087742105 28.78125 0.42769685 0.90393317 0.0013253193 8.552368 0.07875308 -0.038711146 0.99614394 1.6843262
0.8973166 -0.43345994 -0.08380368 29.574707 0.43507606 0.900442 0.0011416185 8.940796 0.07496468 -0.037477188 0.99648154 1.7525635
0.89406323 -0.44093105 -0.078916326 30.39209 0.442562 0.8967298 0.003582642 9.356812 0.06918788 -0.038132686 0.9968742 1.8199463
0.8906277 -0.44869205 -0.07389699 31.206055 0.45015076 0.8929474 0.0034997999 9.776978 0.06441749 -0.03638205 0.9972598 1.887085
0.8866092 -0.45690998 -0.07168219 32.036133 0.45823517 0.8888165 0.002319876 10.206055 0.06265265 -0.034900974 0.99742556 1.9484863
0.88406515 -0.46199128 -0.070845224 32.871338 0.46330273 0.88621294 0.0023599665 10.642334 0.061692264 -0.034913536 0.9974836 2.0101318
0.88102984 -0.46802714 -0.0687811 33.705322 0.4692379 0.8830683 0.0016465444 11.098022 0.059969835 -0.03373575 0.99762917 2.062622
0.8776221 -0.47453362 -0.06719856 34.558228 0.47567353 0.8795744 0.001096837 11.555664 0.058585294 -0.032930627 0.9977394 2.121704
0.8758232 -0.477945 -0.06707813 35.416504 0.47906604 0.8777763 0.00071926287 12.034912 0.05853627 -0.032760613 0.9977482 2.1855469
0.8740761 -0.48130503 -0.06648249 36.2666 0.482303 0.87605196 -0.0011855527 12.523071 0.058809645 -0.031024523 0.9977866 2.2432861
0.8719356 -0.48488304 -0.06831427 37.13513 0.48611325 0.873923 0.0016005237 13.014282 0.058927473 -0.034599774 0.9976627 2.3015137
0.8719532 -0.48508692 -0.06683293 38.021973 0.48621595 0.87388295 0.0007181502 13.520508 0.0580527 -0.03311277 0.99776435 2.3641357
0.8725248 -0.48434156 -0.06513171 38.928223 0.48532897 0.8744039 -0.0007478199 14.033569 0.057312496 -0.030941658 0.99787736 2.4223633
0.87150985 -0.4861647 -0.0635834 39.85193 0.48708826 0.8733123 -0.0011270922 14.546265 0.05607348 -0.030002616 0.99797463 2.484497
0.87139547 -0.48629862 -0.06447149 40.767334 0.48725212 0.8732461 -0.0010750436 15.069214 0.056819603 -0.030484607 0.99791825 2.5401611
0.87024045 -0.4885431 -0.063517876 41.69226 0.4893048 0.87211806 -0.004004132 15.601074 0.0573543 -0.02758525 0.99797374 2.6027832
0.86935824 -0.49020523 -0.06138682 42.61902 0.49084157 0.871148 -0.0052913344 16.122437 0.056070603 -0.025537163 0.99810034 2.6658936
0.8662261 -0.4962003 -0.05753099 43.559204 0.49679706 0.86778146 -0.0044335364 16.660645 0.05212618 -0.024747819 0.998334 2.7264404
0.86423707 -0.5002562 -0.05278126 44.483887 0.5008495 0.8655016 -0.0022720057 17.21228 0.046817977 -0.024476722 0.9986032 2.7877197
0.8608061 -0.5065144 -0.049289405 45.4021 0.50690866 0.86196995 -0.0050701983 17.748901 0.04505512 -0.020628054 0.99877113 2.850586
0.855398 -0.5155842 -0.050706975 46.32666 0.51589906 0.85667586 -0.0076800543 18.30835 0.047396764 -0.019585714 0.998684 2.9154053
0.8491456 -0.525617 -0.053143304 47.236572 0.52579224 0.85061723 -0.011751942 18.870605 0.05138105 -0.017953465 0.998518 2.9769287
0.84268135 -0.53563124 -0.053121164 48.154053 0.53584045 0.8441441 -0.011434872 19.452637 0.050968204 -0.018838735 0.9985224 3.0308838
0.8374608 -0.5444353 -0.04858943 49.060547 0.54473716 0.83863586 -0.007957376 20.047974 0.045080356 -0.0198031 0.9987868 3.0863037
0.83343434 -0.5506858 -0.04574946 49.953125 0.5510371 0.8344374 -0.005682859 20.6521 0.04130411 -0.020468991 0.9989372 3.14917
0.8285409 -0.5578933 -0.047967 50.838623 0.5583356 0.8296164 -0.004866799 21.251831 0.042510338 -0.022748468 0.99883705 3.2041016
0.82417077 -0.5639391 -0.052019726 51.719727 0.5644099 0.8254627 -0.006552145 21.867065 0.046634354 -0.023957472 0.9986248 3.2526855
0.8214356 -0.56728077 -0.059265226 52.597656 0.567817 0.82315224 -0.00899378 22.488647 0.05388744 -0.026262429 0.9982016 3.3165283
0.81802976 -0.5719641 -0.059995726 53.47754 0.5724902 0.81980187 -0.009725825 23.11206 0.054748077 -0.026394129 0.99815136 3.3718262
0.81538665 -0.5759939 -0.05762316 54.35376 0.57651263 0.8170064 -0.008852528 23.73523 0.052178115 -0.026004886 0.9982993 3.439209
0.81219983 -0.58111924 -0.051140483 55.2334 0.5815977 0.8134405 -0.006497035 24.376831 0.045377135 -0.024467673 0.99867034 3.4976807
0.8084257 -0.5864338 -0.049153358 56.10669 0.5869382 0.8095378 -0.0049735582 25.015991 0.04271116 -0.024834216 0.998779 3.55896
0.80671054 -0.58873576 -0.05080608 56.984375 0.5893432 0.80785847 -0.0036478038 25.656738 0.043194138 -0.027008042 0.99870133 3.6165771
0.8022359 -0.5947959 -0.051379748 57.852783 0.59531635 0.80346996 -0.006160265 26.318726 0.044948127 -0.02563916 0.99866074 3.6643066
0.79796696 -0.6002669 -0.052963685 58.715332 0.600724 0.7993336 -0.008604299 26.969482 0.047498595 -0.02495941 0.99855906 3.7243652
0.7950129 -0.6042136 -0.05285168 59.582764 0.60463345 0.7963927 -0.009467015 27.629395 0.047810223 -0.024429753 0.9985578 3.7800293
0.78930426 -0.6119886 -0.050800253 60.448975 0.6123321 0.79060453 -0.010316979 28.303223 0.0464786 -0.022963021 0.99865526 3.8378906
0.78501606 -0.61731833 -0.05077188 61.30786 0.6176521 0.78632057 -0.010705685 28.990479 0.046534657 -0.022952685 0.99865353 3.8973389
0.77984977 -0.6239243 -0.05111724 62.17212 0.62422824 0.78119236 -0.011749301 29.687866 0.04726091 -0.022744462 0.9986236 3.9606934
0.7741212 -0.6309604 -0.051206797 63.020996 0.63117486 0.7755141 -0.0139249815 30.37915 0.048492856 -0.02154554 0.9985907 4.017456
0.7696868 -0.63647777 -0.050934236 63.86914 0.63664347 0.77108794 -0.0150019955 31.090576 0.048822038 -0.020878332 0.99858916 4.0776367
0.76394963 -0.64323014 -0.052264497 64.71826 0.64336586 0.7654444 -0.01641643 31.812866 0.05056659 -0.021073535 0.998499 4.1381836
0.7578474 -0.6502851 -0.052115515 65.57031 0.65027845 0.759395 -0.01941093 32.543945 0.052199576 -0.019183656 0.9984524 4.19812
0.751064 -0.65822417 -0.051281873 66.406494 0.6581893 0.75257856 -0.019954711 33.2771 0.05172789 -0.018763801 0.9984851 4.2615967
0.7451176 -0.66514754 -0.049363445 67.23999 0.66507626 0.74654037 -0.020244349 34.02588 0.050314493 -0.017748384 0.9985754 4.3203125
0.739578 -0.67131555 -0.047923088 68.06714 0.67116636 0.7409509 -0.021535369 34.776 0.049968142 -0.016236588 0.9986191 4.3862305
0.7330201 -0.6786064 -0.047857128 68.8999 0.6783961 0.7344149 -0.022998355 35.547363 0.0507498 -0.015601804 0.9985895 4.4484863
0.72650915 -0.685457 -0.048198063 69.71826 0.6851209 0.7279662 -0.02579327 36.32666 0.052760497 -0.014284042 0.99850464 4.520508
0.7205274 -0.69155437 -0.048615754 70.53955 0.69124866 0.7220062 -0.025567077 37.117188 0.052784286 -0.015196983 0.99848986 4.578247
0.7158332 -0.69652617 -0.047919147 71.35742 0.69626445 0.71726453 -0.024710894 37.925903 0.05158107 -0.015688034 0.998545 4.6447754
0.71064174 -0.70199037 -0.04852678 72.16626 0.7017363 0.7121094 -0.02495414 38.73059 0.052071456 -0.01630865 0.9985105 4.7075195
0.7061892 -0.7064609 -0.048318915 72.99292 0.7061959 0.70765346 -0.025275184 39.553955 0.052046843 -0.016270343 0.99851197 4.7752686
0.700773 -0.71147245 -0.050931647 73.80078 0.71116877 0.70240897 -0.027039677 40.39319 0.055010565 -0.01727648 0.9983362 4.843384
0.6964922 -0.71574926 -0.05234847 74.60327 0.715348 0.6982509 -0.029377297 41.21472 0.057570986 -0.016988242 0.99819624 4.9101562
0.68937546 -0.72247905 -0.052943464 75.40454 0.7220123 0.69119906 -0.030962706 42.07251 0.058968116 -0.016875353 0.99811786 4.9821777
0.68430835 -0.7272806 -0.051101916 76.21362 0.7268476 0.6860135 -0.030066108 42.935547 0.05693064 -0.016576158 0.99824077 5.057129
0.681242 -0.7303848 -0.049595043 77.02197 0.7298047 0.6828981 -0.0323604 43.79541 0.057505067 -0.014145711 0.99824536 5.1297607
0.67421126 -0.7369253 -0.04948848 77.8186 0.7363489 0.67586976 -0.032548558 44.67444 0.057430234 -0.014494137 0.99824435 5.2055664
0.6695182 -0.74117523 -0.048228115 78.60791 0.74051017 0.6711274 -0.0339659 45.551758 0.057544656 -0.012972833 0.998259 5.280884
0.6663523 -0.743949 -0.047797527 79.40088 0.7432311 0.6679514 -0.034903236 46.436523 0.057901375 -0.0122729335 0.9982471 5.355957
0.66239923 -0.7478091 -0.046668425 80.194336 0.7470128 0.6639517 -0.036175385 47.344482 0.058035843 -0.010894485 0.99825513 5.4282227
0.65863574 -0.7511251 -0.044509873 80.97803 0.7501543 0.6600923 -0.038957182 48.253174 0.05864141 -0.0077243894 0.9982496 5.5039062
0.65212244 -0.7567939 -0.043785695 81.76709 0.75558573 0.65357167 -0.0430372 49.152344 0.061191406 -0.005023772 0.9981133 5.585449
0.64864296 -0.7598832 -0.041880753 82.56909 0.7583666 0.64999264 -0.047996465 50.071045 0.06369665 -0.00062186643 0.99796975 5.661621
0.6442669 -0.7639035 -0.037524976 83.36279 0.76213354 0.64533895 -0.05222206 51.000977 0.06410125 0.005051231 0.99793077 5.743042
0.6355103 -0.7714184 -0.033560853 84.14136 0.7694649 0.6363248 -0.05568693 51.939697 0.06430634 0.009555252 0.99788344 5.8220215
0.62708414 -0.778397 -0.030065274 84.90503 0.776392 0.62767845 -0.05720936 52.888184 0.063418195 0.012537295 0.99790883 5.904663
0.6170478 -0.78643143 -0.02739571 85.67334 0.78447527 0.617502 -0.057114888 53.85913 0.061839517 0.013756992 0.9979917 5.981079
0.6072415 -0.7940217 -0.026379365 86.42334 0.79207844 0.60765666 -0.05721332 54.848145 0.061465386 0.0138417315 0.9980129 6.0736084
0.5978468 -0.80108136 -0.027607676 87.16821 0.79908174 0.5983519 -0.057948288 55.843506 0.06294343 0.012577244 0.9979374 6.1514893
0.58747005 -0.80875146 -0.027705848 87.88965 0.80661124 0.5879787 -0.06022309 56.837646 0.06499866 0.013029372 0.9978002 6.2353516
0.5787165 -0.8149787 -0.028632795 88.61621 0.8126833 0.57928103 -0.06246799 57.853516 0.06750222 0.012882127 0.99763614 6.321411
0.56924504 -0.8218694 -0.02409121 89.34033 0.8195595 0.5695145 -0.06376116 58.89258 0.066116 0.016550772 0.9976744 6.4102783
0.5564108 -0.83049595 -0.021321755 90.03345 0.82823986 0.55653477 -0.06372378 59.918945 0.06478974 0.017803501 0.9977406 6.500122
0.5462876 -0.8374155 -0.02098684 90.72583 0.8351386 0.5464099 -0.06413832 60.979248 0.065178946 0.017509047 0.9977198 6.5843506
0.53667843 -0.84368527 -0.021362465 91.40503 0.841273 0.5368192 -0.06609331 62.042725 0.06721772 0.01748293 0.99758375 6.6710205
0.52507854 -0.850794 -0.022807762 92.065186 0.8483391 0.5253449 -0.06642227 63.114258 0.06848623 0.015520777 0.9975306 6.7713623
0.51699996 -0.8556061 -0.022378862 92.71216 0.85307986 0.5172408 -0.06759602 64.201416 0.069415346 0.015861897 0.99746215 6.857422
0.50591743 -0.86230916 -0.023269208 93.348145 0.8597895 0.5062573 -0.06734969 65.28247 0.069855094 0.014060234 0.9974575 6.9526367
0.49821922 -0.86675084 -0.022615636 93.98193 0.8643248 0.498552 -0.06617697 66.3916 0.06863503 0.013417473 0.9975512 7.050293
0.48842236 -0.87232774 -0.018849086 94.60474 0.87007326 0.48855183 -0.06447024 67.50781 0.06546249 0.015100778 0.9977418 7.135376
0.48125732 -0.87645584 -0.018812068 95.21973 0.8741889 0.48140174 -0.06468423 68.631836 0.06573311 0.014677043 0.9977286 7.227173
0.47252932 -0.8811932 -0.01773855 95.838135 0.8787256 0.472574 -0.067931876 69.76123 0.06823941 0.016508644 0.9975321 7.3242188
0.46754712 -0.88379526 -0.015478228 96.42432 0.88111514 0.4673837 -0.07157078 70.89551 0.07048806 0.01981198 0.997315 7.4179688
0.45893118 -0.8883237 -0.015286055 97.008545 0.88541085 0.45871398 -0.07482851 72.02515 0.07348791 0.020806018 0.9970791 7.515259
0.45532495 -0.89018106 -0.014862046 97.61255 0.88705003 0.45502442 -0.077844635 73.16431 0.076049075 0.022248872 0.9968547 7.6175537
0.45008242 -0.89292824 -0.012320911 98.188965 0.8897917 0.44958675 -0.07867235 74.30957 0.075785026 0.024450703 0.99682474 7.727661
0.4459453 -0.8950249 -0.009053607 98.76318 0.8921203 0.44527397 -0.076641455 75.457275 0.072604895 0.026101818 0.9970189 7.8311768
0.44187257 -0.89695823 -0.003062252 99.33496 0.89434457 0.44084018 -0.074863546 76.60156 0.06850266 0.0303525 0.99718994 7.937256
0.43787944 -0.89900225 -0.0006612111 99.88916 0.8964957 0.436714 -0.07428996 77.74829 0.067080535 0.031925343 0.99723583 8.038208
0.43534917 -0.9003986 0.00080714654 100.43994 0.8979033 0.43407482 -0.07480677 78.89502 0.06699363 0.03330198 0.9971983 8.132568
0.43289968 -0.90145487 0.0038444186 100.982666 0.8991564 0.43148288 -0.073309965 80.03516 0.064449735 0.035180796 0.99729997 8.230469
0.42832485 -0.90358675 0.006652626 101.522705 0.90143263 0.4267688 -0.07256056 81.16846 0.062719844 0.037093922 0.99734277 8.322266
0.4273031 -0.9038907 0.008141803 102.05762 0.9017346 0.42562324 -0.07344331 82.29785 0.06292177 0.03872533 0.9972669 8.4210205
0.4258093 -0.9048713 0.0098934155 102.58154 0.90279293 0.4240302 -0.0732631 83.40088 0.06208253 0.040131707 0.9972642 8.507446
0.42381698 -0.90551144 0.014027063 103.10425 0.90362304 0.4218044 -0.0729317 84.51929 0.060106665 0.04359838 0.9972403 8.60083
0.4213001 -0.9067873 0.017565541 103.62329 0.9050827 0.41910622 -0.07240421 85.62988 0.058274876 0.046405867 0.9972218 8.685547
0.42081356 -0.9070608 0.018471744 104.11499 0.9053649 0.41853967 -0.07295065 86.70654 0.05845004 0.04742486 0.99716336 8.770996
0.41822866 -0.90818655 0.020035446 104.62402 0.90652084 0.41583577 -0.07361861 87.798096 0.058537036 0.048964344 0.9970845 8.858765
0.41819593 -0.90806395 0.019620687 105.11133 0.906264 0.41573504 -0.07550576 88.87207 0.060429607 0.04935629 0.9969511 8.940063
0.41760063 -0.90848655 0.018605616 105.58618 0.9065595 0.41514453 -0.07673016 89.920166 0.06197581 0.0488918 0.9968782 9.028687
0.42121825 -0.90670526 0.016000675 106.06641 0.9047201 0.418958 -0.07586305 90.97681 0.062067885 0.046448085 0.9969919 9.111084
0.4247921 -0.90526474 0.012643508 106.53076 0.90315163 0.42274496 -0.075614944 92.03296 0.06308849 0.043539718 0.9970579 9.199585
0.4294298 -0.9029563 0.011330977 107.018555 0.90073925 0.42741466 -0.07651082 93.041504 0.06425695 0.04306884 0.99700403 9.2873535
0.43813813 -0.89878297 0.009517804 107.50635 0.8964621 0.43618798 -0.07722026 94.07422 0.06526574 0.042379677 0.9969686 9.374023
0.44277957 -0.8965867 0.008666655 107.993164 0.8943648 0.4409536 -0.07529476 95.08569 0.063686654 0.041103788 0.9971241 9.453613
0.45013648 -0.8929377 0.007841194 108.48804 0.89072907 0.44836774 -0.07477932 96.09546 0.06323631 0.04063817 0.99717045 9.535889
0.4600151 -0.8877916 0.0066693984 109.005615 0.8856127 0.45833027 -0.07387295 97.101074 0.06253607 0.0399034 0.99724567 9.61853
0.46777806 -0.883805 0.005560723 109.5188 0.88161665 0.46615577 -0.073556535 98.10181 0.062423956 0.039328672 0.9972759 9.6953125
0.47939533 -0.87764966 0.0038056837 110.034424 0.8753532 0.47781807 -0.074494205 99.073975 0.06355639 0.03904167 0.9972142 9.778076
0.48886037 -0.87239665 0.00013808743 110.56641 0.8698058 0.48739603 -0.07708265 100.03052 0.06718619 0.03779963 0.997024 9.862427
0.50214195 -0.8646787 -0.003921318 111.09766 0.8620082 0.5009377 -0.07637981 100.99072 0.06802131 0.034968354 0.99707067 9.94165
0.5138743 -0.8578932 -0.0065709427 111.65503 0.85521376 0.51284736 -0.07540853 101.94116 0.068061404 0.033122696 0.99713063 10.026123
0.5248399 -0.85109633 -0.007895779 112.22168 0.848548 0.5239458 -0.0730236 102.87622 0.066288 0.031631406 0.99729955 10.11145
0.5383067 -0.84264076 -0.007467428 112.79443 0.84023 0.5373985 -0.071338564 103.80249 0.06413894 0.032127794 0.99742377 10.19104
0.5503503 -0.8348515 -0.008552074 113.37695 0.8324997 0.5495173 -0.0700744 104.70752 0.0632099 0.03144978 0.997505 10.275269
0.56151634 -0.8273501 -0.009767564 113.98291 0.82492995 0.56070906 -0.07071119 105.607666 0.063983314 0.03164263 0.99744886 10.348267
0.57317215 -0.8192134 -0.011755322 114.59473 0.8166142 0.57239574 -0.07266854 106.49097 0.066268586 0.032058123 0.99728733 10.429077
0.5823603 -0.8128092 -0.010565711 115.204346 0.8101785 0.58143485 -0.07388129 107.34717 0.06620416 0.03447366 0.99721104 10.506592
0.59490573 -0.8036933 -0.011636061 115.83594 0.80106705 0.59402585 -0.073458984 108.198975 0.065951765 0.034374144 0.99723005 10.590576
0.6060376 -0.7953729 -0.01200426 116.45703 0.7928935 0.6052238 -0.07118918 109.0354 0.06388209 0.033615846 0.9973903 10.673218
0.61556417 -0.7880207 -0.010271195 117.08081 0.78568083 0.6146493 -0.07009752 109.85278 0.06155175 0.035086855 0.9974875 10.74707
0.62532294 -0.7802378 -0.011120751 117.726074 0.7779634 0.6244787 -0.06872218 110.6582 0.060573537 0.034329593 0.9975738 10.821167
0.6355059 -0.7719544 -0.01381989 118.36304 0.7696792 0.6348392 -0.06741818 111.440674 0.060823232 0.032211464 0.997629 10.888306
0.6446959 -0.7643411 -0.016886117 118.99927 0.76202345 0.64421386 -0.06665595 112.22461 0.061823096 0.030102884 0.99763274 10.963379
0.6542348 -0.7561381 -0.017777072 119.65112 0.75377476 0.65376693 -0.06704832 112.99072 0.062320028 0.030458814 0.99759066 11.032715
0.66314 -0.7483518 -0.017865136 120.302246 0.7461701 0.66273725 -0.06413984 113.72412 0.05983412 0.029209433 0.99778134 11.104248
0.6725242 -0.73982805 -0.016992992 120.96655 0.73775756 0.67208457 -0.06276944 114.45825 0.05785931 0.02966972 0.9978833 11.175171
0.6805874 -0.7323279 -0.016383765 121.63501 0.7302894 0.68009424 -0.0626341 115.17871 0.057013612 0.030660806 0.99790263 11.250122
0.6873194 -0.72601324 -0.018238056 122.2876 0.7239946 0.68694925 -0.06138935 115.87549 0.05710983 0.028998494 0.99794763 11.312866
0.69571304 -0.7181992 -0.01905111 122.95801 0.7161795 0.69537663 -0.061060347 116.572266 0.057086732 0.028835312 0.9979525 11.381348
0.7020312 -0.7117955 -0.018315054 123.61255 0.70998126 0.70172876 -0.057804964 117.25635 0.053995013 0.027581738 0.99816084 11.441895
0.7101264 -0.70372033 -0.01750459 124.26782 0.70204014 0.7098181 -0.055741686 117.91626 0.05165591 0.02728603 0.99829173 11.508057
0.7176896 -0.6960764 -0.018372819 124.93799 0.69449705 0.71747017 -0.05337983 118.57349 0.05033584 0.025549578 0.9984056 11.567871
0.7251184 -0.6882703 -0.019287627 125.59131 0.68667364 0.7249303 -0.053300165 119.20752 0.050667312 0.025399456 0.9983922 11.627319
0.73263067 -0.68020546 -0.020979723 126.240234 0.67870516 0.73257565 -0.050598715 119.82324 0.049787812 0.022826958 0.99849874 11.674561
0.74189395 -0.67018294 -0.019678053 126.914795 0.66882926 0.7418108 -0.048208296 120.43823 0.046902545 0.022603776 0.9986437 11.739014
0.75082916 -0.66010004 -0.018696927 127.56323 0.65894306 0.7507694 -0.044347778 121.0249 0.04330948 0.020972198 0.99884135 11.785645
0.76223207 -0.6469979 -0.019545285 128.23975 0.64595 0.762248 -0.04139754 121.60278 0.041675676 0.018930756 0.9989519 11.8376465
0.7706778 -0.63684464 -0.021172255 128.8977 0.63576144 0.77074647 -0.041486148 122.16211 0.04273827 0.018506544 0.9989145 11.882935
0.7815409 -0.62339425 -0.023045313 129.55713 0.62224454 0.7816584 -0.042185392 122.69287 0.044312127 0.018632932 0.99884427 11.934692
0.7917471 -0.6103643 -0.022710437 130.24805 0.6092376 0.79183936 -0.041767403 123.23462 0.043474678 0.019233637 0.9988694 11.981323
0.80233324 -0.5965877 -0.022466976 130.927 0.59553266 0.8024272 -0.040145025 123.7417 0.041973777 0.018822959 0.9989406 12.0234375
0.8119511 -0.58328956 -0.020773903 131.62378 0.5823638 0.8120057 -0.037722703 124.25513 0.038869075 0.018529676 0.9990725 12.06665
0.82147783 -0.5699597 -0.01847249 132.29199 0.56913596 0.82146186 -0.036137417 124.739746 0.03576971 0.019172596 0.999176 12.108154
0.829903 -0.55785364 -0.016061146 133.0127 0.5571179 0.82981557 -0.034977317 125.218506 0.03283282 0.020081522 0.999259 12.14856
0.83810747 -0.5453946 -0.014094522 133.72754 0.54472584 0.8379632 -0.034197103 125.687744 0.030458916 0.020985836 0.9993157 12.182739
0.84568936 -0.5336298 -0.012472633 134.43677 0.53301424 0.8455002 -0.03365053 126.14429 0.028497558 0.021813948 0.9993559 12.213257
0.85292757 -0.52173615 -0.012140744 135.17139 0.52112305 0.8527145 -0.033915844 126.58496 0.02805408 0.022599982 0.9993508 12.250732
0.8600028 -0.5101016 -0.012118207 135.91602 0.5095693 0.8598432 -0.031057574 127.020996 0.026261099 0.020533094 0.9994442 12.2948
0.86613005 -0.4996206 -0.012287112 136.6333 0.49909696 0.86597663 -0.030657087 127.46509 0.025958974 0.020416996 0.99945426 12.317017
0.8727508 -0.48792484 -0.012280949 137.40845 0.48746076 0.87263477 -0.028388388 127.893555 0.024572458 0.018792873 0.9995216 12.345215
0.8778103 -0.4788653 -0.011960471 138.1499 0.4783916 0.87766844 -0.029077187 128.28125 0.024423357 0.01980253 0.99950546 12.376709
0.883269 -0.468668 -0.012901468 138.89966 0.46812826 0.88310516 -0.031011298 128.70142 0.025928311 0.021354428 0.9994357 12.408081
0.8883963 -0.45880684 -0.012943759 139.71313 0.45825565 0.88821703 -0.031487826 129.1145 0.025947295 0.022042144 0.99942034 12.434814
0.891207 -0.45339376 -0.012960869 140.469 0.45286652 0.89104444 -0.030579189 129.51562 0.02541569 0.021384722 0.99944824 12.467163
0.89454025 -0.44682455 -0.010094427 141.27173 0.44640237 0.89434505 -0.028782202 129.9126 0.021887448 0.021240015 0.9995348 12.500366
0.89770955 -0.44051892 -0.0070841014 142.08276 0.44023308 0.8975294 -0.025009738 130.32349 0.01737699 0.019332081 0.999662 12.516724
0.90053177 -0.43472025 -0.0054117404 142.89478 0.43451416 0.90037847 -0.022009043 130.72437 0.014440338 0.017469242 0.9997431 12.536987
0.903725 -0.42806134 -0.0051359045 143.7229 0.42789173 0.9036041 -0.019754568 131.1189 0.013098297 0.015654558 0.99979156 12.561401
0.9065596 -0.4220581 -0.0034596194 144.55322 0.42193753 0.9064468 -0.017838709 131.52661 0.0106648775 0.014712584 0.9998349 12.57666
0.91069984 -0.41304782 -0.00028622802 145.43726 0.4129917 0.9105871 -0.015872687 131.91089 0.0068165436 0.014336829 0.99987394 12.586914
0.91392547 -0.40581378 0.0019792542 146.3064 0.4057896 0.91379076 -0.01642944 132.30591 0.0048579965 0.015818913 0.9998631 12.603882
0.91708755 -0.39866674 0.0035525514 147.19629 0.39866886 0.9169452 -0.016491935 132.70386 0.003316452 0.016541632 0.9998577 12.615234
0.92106426 -0.38937253 0.0034195543 148.10767 0.38937095 0.9209086 -0.017306477 133.0857 0.0035888571 0.017271498 0.99984443 12.614624
0.92579275 -0.37793446 0.0039948784 149.06226 0.37793684 0.92559 -0.019730382 133.4646 0.0037614957 0.019776044 0.9997972 12.631348
0.92941433 -0.36907187 0.0028917608 149.96045 0.36904672 0.9291837 -0.021348847 133.84229 0.0051889317 0.020909198 0.9997681 12.633545
0.9341893 -0.35678902 0.0014636768 150.94214 0.35673288 0.93395174 -0.022038966 134.21509 0.0064965393 0.021110022 0.999756 12.647217
0.9385842 -0.34511837 0.00037432997 151.89844 0.34505504 0.93839014 -0.020193214 134.57715 0.006617547 0.01908227 0.999796 12.660889
0.94475394 -0.32781124 0.00022422755 152.8794 0.32776898 0.9446204 -0.016738687 134.94165 0.0052736807 0.01588788 0.9998599 12.667725
0.95052207 -0.310619 0.0024668581 153.9043 0.3106246 0.950438 -0.012736262 135.27612 0.0016118964 0.0128723495 0.99991584 12.668579
0.9566175 -0.29125056 0.0032931296 154.9143 0.2912689 0.95657015 -0.009524525 135.60376 -0.00037507236 0.010070889 0.9999492 12.679077
0.9628449 -0.2701054 0.0041349977 155.97314 0.27012947 0.9628197 -0.007259164 135.9082 -0.002021059 0.00810609 0.9999651 12.686279
0.968665 -0.24835752 0.004995619 157.01074 0.24838474 0.96865314 -0.005863702 136.19336 -0.0033829059 0.0069207 0.9999703 12.684204
0.97414017 -0.22574963 0.008161739 158.09302 0.22579342 0.97415185 -0.0049038883 136.4541 -0.0068433797 0.006620228 0.9999546 12.695679
0.9790655 -0.2032625 0.011037705 159.18628 0.20331442 0.9791095 -0.0037971777 136.69824 -0.0100352485 0.00596189 0.9999318 12.687988
0.9832869 -0.18135236 0.016195524 160.30713 0.18140067 0.9834101 -0.0015548598 136.92432 -0.01564492 0.004465928 0.9998677 12.685791
0.98741585 -0.15692323 0.019826941 161.46411 0.15695255 0.98761016 7.556379e-05 137.11719 -0.019593205 0.0030360688 0.99980354 12.671509
0.99037445 -0.13707508 0.01888082 162.60059 0.13707167 0.99055356 0.0014796183 137.2876 -0.01890539 0.0011231778 0.99982065 12.657959
0.9932819 -0.1142388 0.018370235 163.71802 0.11422809 0.9934515 0.0016351218 137.43701 -0.01843673 0.0004743227 0.99982995 12.63916
0.9954459 -0.09386868 0.016633263 164.92114 0.09384841 0.9955847 0.0019957414 137.55688 -0.0167472 -0.00042576186 0.9998597 12.619263
0.99703217 -0.074373424 0.019884579 166.104 0.07437839 0.9972298 0.0004905915 137.6582 -0.01986599 0.0009898555 0.99980223 12.609131
0.998263 -0.054885633 0.021400237 167.32373 0.054885663 0.9984922 0.00058678945 137.74048 -0.021400193 0.0005888648 0.9997709 12.590454
0.99915856 -0.033294998 0.02393735 168.53613 0.03325865 0.9994446 0.0019161376 137.79858 -0.023987869 -0.0011180124 0.9997115 12.570801
0.99961007 -0.014128866 0.02409359 169.7622 0.014065244 0.99989706 0.0028087972 137.82861 -0.024130806 -0.002468883 0.9997059 12.545776
0.9996646 0.0063525443 0.025102388 170.98096 -0.0064303265 0.99997485 0.0030181757 137.84155 -0.025082573 -0.0031786559 0.99968016 12.521606
0.9993091 0.026647 0.025901236 172.25024 -0.026796002 0.9996262 0.005421671 137.85376 -0.025747085 -0.006112081 0.9996497 12.492798
0.9986608 0.04565336 0.024324981 173.51172 -0.045830067 0.9989263 0.0067549 137.76978 -0.02399043 -0.007860942 0.9996812 12.466431
0.99745584 0.06752303 0.022840943 174.76978 -0.06769398 0.9976827 0.006795434 137.70996 -0.02232914 -0.008324375 0.99971604 12.446411
0.9960219 0.086679086 0.020573387 176.06738 -0.086874075 0.996179 0.008776324 137.63135 -0.019733863 -0.010529613 0.99974966 12.421265
0.9943439 0.104523 0.018861402 177.37964 -0.104717284 0.9944559 0.009621251 137.49438 -0.017751165 -0.011541987 0.9997757 12.394531
0.99181384 0.12652527 0.017088596 178.70947 -0.12669921 0.9918934 0.009509933 137.35034 -0.015746795 -0.011597176 0.9998087 12.380249
0.98956525 0.14364095 0.011797386 180.01367 -0.1437666 0.9895607 0.010594692 137.17847 -0.0101527935 -0.012179941 0.99987423 12.366333
0.98675394 0.16211513 0.0069381963 181.3352 -0.16219449 0.9866793 0.013032462 136.97632 -0.0047329646 -0.013984922 0.999891 12.369873
0.98367995 0.1798732 0.0022979649 182.6565 -0.17988665 0.9835467 0.016204044 136.7544 0.00065584993 -0.01635295 0.999866 12.364624
0.9801531 0.19825894 -0.0006510038 184.01392 -0.19821541 0.97999704 0.017985065 136.49463 0.004204562 -0.017499074 0.99983793 12.376343
0.9762246 0.2167589 -0.0022519585 185.36206 -0.21667211 0.97604144 0.0200016 136.21216 0.0065333783 -0.019038113 0.9997974 12.38855
0.97262204 0.23234285 -0.0026891776 186.69727 -0.2322477 0.9724508 0.019618884 135.90356 0.00717277 -0.018456936 0.999804 12.403076
0.9679066 0.25133678 -0.0029836935 188.05493 -0.25124 0.96775585 0.018691702 135.56665 0.007584929 -0.017341865 0.9998208 12.421997
0.96333605 0.2682108 -0.006863815 189.42358 -0.2680424 0.9632189 0.01905132 135.20459 0.011722107 -0.016512742 0.99979484 12.446167
0.958495 0.28498626 -0.009628913 190.77808 -0.28474152 0.95838434 0.021085907 134.81787 0.015235386 -0.017469045 0.99973136 12.467407
0.95357704 0.30108005 -0.009340895 192.10327 -0.3008112 0.95343393 0.022842798 134.42285 0.015781691 -0.01897321 0.99969536 12.494873
0.9482785 0.317362 -0.007925871 193.45288 -0.31708714 0.9480778 0.024852404 133.99438 0.015402412 -0.021054061 0.99965954 12.528687
0.94199157 0.33553907 -0.009220086 194.78906 -0.33517185 0.94174033 0.028374527 133.52686 0.018201254 -0.023638576 0.999555 12.5529785
0.9352969 0.35360157 -0.010945087 196.14404 -0.35316172 0.9350541 0.029746301 133.04736 0.020754999 -0.02395577 0.99949753 12.594971
0.92836165 0.37144497 -0.013442234 197.52563 -0.3709284 0.9281695 0.030346645 132.51318 0.023750354 -0.023185182 0.9994488 12.629395
0.9203426 0.39067355 -0.017944288 198.89038 -0.39002207 0.9202549 0.031501666 131.94653 0.028820327 -0.021993509 0.9993426 12.678711
0.9124603 0.408568 -0.021543391 200.22998 -0.4077416 0.91243297 0.034476988 131.38916 0.033744894 -0.022673596 0.9991731 12.734985
0.90323067 0.42853794 -0.0232847 201.54517 -0.42753676 0.90319705 0.038219493 130.80176 0.037406087 -0.024566842 0.9989982 12.795654
0.8915047 0.45235917 -0.023399398 202.91138 -0.45124727 0.8914331 0.040999252 130.13037 0.039402615 -0.025995815 0.9988857 12.852417
0.8784848 0.47728854 -0.021947835 204.28027 -0.4760466 0.8782734 0.045125127 129.41309 0.040817037 -0.02919814 0.99874014 12.925293
0.8630929 0.5046704 -0.021581592 205.5935 -0.50324625 0.8627747 0.04950488 128.71265 0.043595202 -0.031865273 0.9985408 12.996704
0.84959596 0.5269878 -0.021815525 206.8562 -0.5254007 0.84922016 0.052763276 127.97168 0.04633305 -0.03337305 0.99836916 13.070679
0.8342323 0.5509442 -0.021492796 208.15894 -0.5492736 0.83383024 0.054509975 127.16968 0.04795307 -0.033660814 0.9982817 13.157227
0.81705666 0.5761164 -0.02219933 209.45093 -0.5743372 0.8166919 0.055993892 126.29346 0.05039211 -0.032995593 0.99818385 13.240356
0.8009641 0.5982023 -0.024763154 210.6753 -0.59622455 0.8007187 0.05803843 125.42212 0.054547206 -0.031721868 0.9980071 13.326538
0.78451234 0.6194513 -0.027356738 211.89258 -0.6172872 0.7844129 0.05982935 124.53296 0.05852998 -0.030055024 0.9978337 13.42749
0.76759636 0.6402387 -0.029167835 213.0791 -0.6378926 0.76760536 0.061943024 123.569336 0.062044244 -0.028942076 0.99765384 13.521851
0.7495791 0.66128683 -0.030305503 214.30713 -0.6588277 0.7496904 0.063236535 122.56348 0.06452713 -0.027431924 0.9975383 13.637085
0.7330681 0.6795725 -0.030944504 215.48022 -0.67707634 0.7332727 0.06358977 121.53735 0.065898165 -0.025656514 0.99749535 13.745605
0.71769994 0.6956776 -0.03129792 216.57031 -0.6931407 0.7179686 0.06414956 120.505615 0.06710677 -0.024350597 0.9974489 13.856689
0.70306444 0.71015334 -0.03454573 217.69727 -0.7075067 0.70359516 0.06479921 119.42432 0.07033524 -0.021120032 0.99730057 13.974365
0.68617827 0.7264921 -0.03671987 218.7876 -0.72371864 0.68690157 0.0661609 118.331055 0.07328942 -0.018831367 0.99713373 14.092041
0.6721813 0.7394282 -0.038336802 219.83057 -0.73646367 0.673037 0.06850634 117.215576 0.07645742 -0.017826706 0.9969145 14.223145
0.6569078 0.75306433 -0.03946592 220.89307 -0.74990445 0.657873 0.070985466 116.069824 0.07940317 -0.017030854 0.996696 14.348389
0.6402036 0.7673312 -0.038883306 221.88892 -0.76415396 0.6411802 0.071606085 114.90625 0.0798613 -0.016143516 0.99667597 14.486938
0.6248639 0.7798998 -0.036914553 222.87866 -0.77668995 0.62572867 0.072625056 113.736084 0.07975122 -0.016721554 0.99667585 14.618164
0.608564 0.79281634 -0.030757077 223.83887 -0.7896438 0.6089911 0.073812306 112.54468 0.07725227 -0.020640561 0.9967988 14.754395
0.58965105 0.807267 -0.025705263 224.77637 -0.80417967 0.5897587 0.074216366 111.31177 0.07507591 -0.023094933 0.9969108 14.88855
0.57216513 0.81978756 -0.022617593 225.70288 -0.81664 0.5720641 0.076013915 110.086914 0.075258926 -0.025034223 0.9968508 15.025513
0.5542719 0.8321178 -0.020209301 226.56201 -0.82883316 0.55399275 0.07856645 108.85254 0.07657045 -0.026789524 0.99670345 15.158936
0.5383607 0.8424207 -0.016879585 227.37354 -0.8389454 0.5377853 0.08215821 107.63013 0.0782914 -0.030077923 0.9964775 15.294556
0.5177086 0.85537046 -0.0141101 228.17334 -0.8519555 0.5169992 0.08224728 106.35913 0.07764583 -0.030551229 0.9965122 15.433472
0.49693167 0.86769515 -0.010610031 228.94019 -0.8644895 0.49608126 0.08069022 105.09424 0.07527942 -0.030940156 0.99668354 15.566162
0.47815615 0.8782656 -0.0077689216 229.6543 -0.875253 0.4772149 0.07899653 103.83862 0.07309408 -0.030966993 0.9968438 15.694092
0.4558272 0.8900827 -0.0037433577 230.34717 -0.88738024 0.45476297 0.07608322 102.558105 0.069410086 -0.031368203 0.99709547 15.821289
0.43315724 0.9013193 -0.0020872282 231.01001 -0.8986952 0.4320702 0.075297385 101.26782 0.068763666 -0.030748885 0.9971596 15.944702
0.4139837 0.9103002 -0.00047581387 231.60132 -0.9077331 0.41285548 0.07481631 100.012695 0.068316035 -0.030529123 0.9971959 16.060059
0.39337388 0.91943014 -0.0006059322 232.20435 -0.9169151 0.39234623 0.073664606 98.694336 0.067961834 -0.028426148 0.99728304 16.17981
0.37074634 0.9285831 -0.0015044645 232.74097 -0.9260196 0.36984146 0.07367877 97.42163 0.06898461 -0.0259383 0.99728155 16.29834
0.35271952 0.93577296 -0.00169884 233.23706 -0.9331737 0.35187432 0.07386276 96.15137 0.069712535 -0.024462549 0.9972668 16.411987
0.33062515 0.9437977 -0.0005334621 233.71387 -0.94134825 0.329808 0.07180298 94.85327 0.06794949 -0.023224998 0.9974178 16.533203
0.30806348 0.9512218 -0.0019050611 234.14697 -0.9488242 0.3074273 0.0703915 93.57617 0.06753741 -0.01990155 0.99751925 16.642212
0.29092914 0.9567593 -6.982242e-05 234.56421 -0.9540522 0.29011074 0.07516294 92.31201 0.0719325 -0.021814335 0.99717176 16.752075
0.26821283 0.9633664 0.0025648184 234.95557 -0.9600088 0.26705337 0.08417127 91.05347 0.08040861 -0.02504191 0.99644786 16.872314
0.25107124 0.96799624 0.0047846525 235.30444 -0.9640203 0.24958633 0.09191232 89.80713 0.08776649 -0.027680993 0.9957557 16.996704
0.23208803 0.9727511 0.00803466 235.63232 -0.9683981 0.23025121 0.09676299 88.559814 0.092257306 -0.030228164 0.9952753 17.133667
0.21250798 0.97713 0.012986384 235.94067 -0.97281915 0.21027201 0.097564116 87.30542 0.09261422 -0.033376515 0.9951437 17.258423
0.19509943 0.9806878 0.017430121 236.21582 -0.9765669 0.19256014 0.09671587 86.04468 0.091486715 -0.035896156 0.9951595 17.39209
0.17690827 0.9840296 0.021967506 236.46924 -0.9800825 0.17405365 0.096105486 84.80493 0.09073749 -0.038524255 0.9951288 17.528564
0.15781392 0.98717934 0.023141298 236.68384 -0.983278 0.15495126 0.0954915 83.58838 0.090687655 -0.03782896 0.995161 17.655762
