1.0 0.0 0.0 0.0 0.0 1.0 0.0 0.0 0.0 0.0 1.0 0.0
0.9999009 0.014048262 -0.0009583402 0.12487793 -0.014047071 0.9999006 0.0012373761 -0.0034179688 0.0009756198 -0.0012237935 0.99999875 0.00048828125
0.9993165 0.036942616 -0.0010134631 0.24719238 -0.036937233 0.9993052 0.0048966133 -0.022216797 0.0011937047 -0.0048558353 0.9999875 -0.0053710938
0.99801874 0.06289921 0.0018016692 0.40490723 -0.06290842 0.998004 0.005616834 -0.045654297 -0.0014448373 -0.0057190345 0.9999826 -0.0029296875
0.99529165 0.096841805 0.004354958 0.60424805 -0.09686556 0.99528295 0.005622344 -0.07739258 -0.0037900098 -0.0060175303 0.9999747 -0.004760742
0.991132 0.13277392 0.0057985606 0.7702637 -0.13278763 0.991145 0.0020432216 -0.14868164 -0.005476 -0.0027949335 0.9999811 -0.007080078
0.9847271 0.1739739 0.007247096 0.9986572 -0.17397271 0.98475367 -0.0007978229 -0.19421387 -0.007275375 -0.0004748138 0.9999734 0.002319336
0.97599643 0.21764067 0.008663812 1.1982422 -0.21764247 0.9760342 -0.0007457762 -0.2763672 -0.008618413 -0.0011575533 0.9999622 -0.0008544922
0.9642625 0.26466653 0.011744483 1.4107666 -0.26467338 0.9643316 -0.0009967493 -0.36169434 -0.011589171 -0.002147446 0.99993056 -0.0059814453
0.9496528 0.3127175 0.018258324 1.6505127 -0.3126878 0.94982725 -0.004533156 -0.48132324 -0.018759947 -0.0014047648 0.99982303 -0.020507812
0.9327287 0.35966605 0.02440745 1.8702393 -0.35942152 0.93303853 -0.013911137 -0.6040039 -0.02777769 0.0042009447 0.9996053 -0.007080078
0.9113722 0.4106467 0.027003035 2.1119385 -0.4102364 0.91174746 -0.019550027 -0.7471924 -0.032649316 0.006735755 0.99944395 -0.0064697266
0.8863679 0.46194828 0.030679995 2.3521729 -0.4614739 0.8868849 -0.021495782 -0.91345215 -0.03713999 0.0048978506 0.99929833 -0.011474609
0.8572147 0.51387066 0.034527976 2.5925293 -0.51332885 0.8579055 -0.023732426 -1.090332 -0.041817486 0.0026241709 0.999122 -0.028930664
0.8257116 0.56287396 0.03653187 2.8284912 -0.5621368 0.8265126 -0.028999656 -1.2995605 -0.04651693 0.003406018 0.9989115 -0.033691406
0.7890677 0.6131643 0.037283227 3.0692139 -0.61220133 0.7899353 -0.03464558 -1.5168457 -0.050695308 0.004510194 0.99870384 -0.04296875
0.75142413 0.6588289 0.03670983 3.2939453 -0.6577018 0.75230366 -0.038853683 -1.7614746 -0.053209133 0.0050500836 0.9985703 -0.060180664
0.7119818 0.7011328 0.036170598 3.5223389 -0.699803 0.7128773 -0.043535784 -2.0408936 -0.05631755 0.0056794807 0.9983968 -0.07470703
0.6706915 0.74099195 0.0355464 3.7424316 -0.7396187 0.6716207 -0.045270607 -2.3287354 -0.05741231 0.004070921 0.9983419 -0.09069824
0.62843347 0.7768528 0.038397428 3.9680176 -0.77555573 0.6296041 -0.04489697 -2.6588135 -0.059055995 -0.0015766509 0.9982528 -0.122802734
0.58595526 0.8093979 0.038919386 4.1920166 -0.8081181 0.5872278 -0.045736432 -3.0012207 -0.059874054 -0.0046494976 0.9981953 -0.1439209
0.54560375 0.83709234 0.039329056 4.409912 -0.8357613 0.54697716 -0.0476876 -3.3754883 -0.06142405 -0.0068604983 0.9980874 -0.1706543
0.5062697 0.86134833 0.0400858 4.628296 -0.85988605 0.5077789 -0.050910585 -3.7810059 -0.06422402 -0.008691022 0.9978986 -0.18896484
0.46941358 0.8821267 0.041489348 4.8408203 -0.88079375 0.4710642 -0.050176293 -4.2041016 -0.06380577 -0.012980506 0.9978784 -0.21777344
0.4337538 0.9000161 0.039891873 5.0406494 -0.89875895 0.4353479 -0.04966995 -4.6676025 -0.062079567 -0.014294727 0.99796975 -0.25183105
0.39843252 0.916448 0.03549006 5.2404785 -0.91522586 0.39980084 -0.04905926 -5.1627197 -0.059144896 -0.01293559 0.99816537 -0.28271484
0.37079108 0.92827654 0.031436786 5.4265137 -0.92715204 0.37193915 -0.047147 -5.6743164 -0.05544231 -0.011668868 0.99839306 -0.31237793
0.34470603 0.9381791 0.028252568 5.6168213 -0.9371278 0.34569538 -0.045683842 -6.2283936 -0.05262911 -0.010732641 0.9985564 -0.34631348
0.32530046 0.9451328 0.026264891 5.803589 -0.944091 0.32620522 -0.045484822 -6.8065186 -0.051563993 -0.009990977 0.9986202 -0.3782959
0.30901915 0.9506681 0.025081994 5.9921875 -0.9496097 0.30988508 -0.045860622 -7.401123 -0.051388524 -0.00965051 0.99863255 -0.41137695
0.29762408 0.9543855 0.024061019 6.189087 -0.953256 0.29846314 -0.04725383 -8.018311 -0.05228499 -0.008870561 0.99859303 -0.44006348
0.2872218 0.9574681 0.024639677 6.3863525 -0.956239 0.28812385 -0.049403153 -8.669312 -0.054403353 -0.009360385 0.9984756 -0.47509766
0.27615556 0.96068543 0.026816549 6.583252 -0.959421 0.27720585 -0.050648406 -9.341797 -0.05610075 -0.0117436545 0.99835634 -0.5172119
0.2644299 0.9639786 0.027214248 6.781128 -0.9626373 0.2655387 -0.0523176 -10.040283 -0.05766241 -0.012358945 0.9982599 -0.5560303
0.25492868 0.96640134 0.028507402 6.9718018 -0.96493095 0.25616157 -0.054984782 -10.763672 -0.06044531 -0.013473376 0.99808115 -0.59277344
0.2454624 0.9690005 0.028788235 7.1673584 -0.9674784 0.24674332 -0.05608929 -11.513672 -0.061447743 -0.014083649 0.99801075 -0.63513184
0.23470412 0.97161496 0.029361626 7.3426514 -0.97002983 0.23605816 -0.057486437 -12.276489 -0.062765494 -0.014980526 0.9979153 -0.67492676
0.2238642 0.9741427 0.030549219 7.532715 -0.9723847 0.22536351 -0.06067586 -13.059692 -0.06599017 -0.016130203 0.9976896 -0.72229004
0.21402156 0.97634035 0.032420922 7.7105713 -0.9743777 0.21573025 -0.06439089 -13.851929 -0.069848016 -0.017815474 0.9973978 -0.7738037
0.2005072 0.9791573 0.033911645 7.8792725 -0.97697043 0.20242333 -0.06822748 -14.647705 -0.07366642 -0.019463116 0.9970925 -0.821167
0.1870146 0.9818061 0.03422565 8.036377 -0.97949404 0.18902808 -0.07033228 -15.455444 -0.07552609 -0.020404158 0.9969342 -0.8688965
0.173546 0.9842571 0.03300133 8.186523 -0.9818649 0.17551869 -0.07144907 -16.273804 -0.07611379 -0.019983014 0.9968994 -0.91516113
0.15805714 0.98681116 0.034317765 8.320923 -0.9845292 0.1601528 -0.070780076 -17.109009 -0.07534222 -0.022595217 0.99690175 -0.97229004
0.14250523 0.9892592 0.034345742 8.442749 -0.9870668 0.14462306 -0.070029065 -17.917236 -0.07423034 -0.023954103 0.9969519 -1.0167236
0.11986761 0.9921372 0.034906246 8.551514 -0.99012583 0.12203242 -0.06844561 -18.748657 -0.07214595 -0.026347768 0.9970451 -1.0673828
0.09562851 0.9947186 0.03719028 8.640625 -0.9928977 0.09797371 -0.067443125 -19.57959 -0.070735574 -0.030456075 0.9970308 -1.1181641
0.06653857 0.9970116 0.039958775 8.705322 -0.9953914 0.069112726 -0.06691119 -20.436035 -0.06945597 -0.03532741 0.99695843 -1.1680908
0.03111164 0.9986604 0.04136673 8.740967 -0.9971484 0.03385861 -0.06746483 -21.292358 -0.06876666 -0.0391379 0.9968645 -1.2178955
-0.000550749 0.9992086 0.039761905 8.740845 -0.9977453 0.002119654 -0.067066684 -22.137817 -0.067103386 -0.039725672 0.9969549 -1.2576904
-0.035433184 0.9985868 0.03935739 8.709961 -0.9972071 -0.032745127 -0.06696094 -23.007202 -0.06559941 -0.041625697 0.9969785 -1.3006592
-0.07014025 0.99677145 0.03997466 8.65686 -0.9956791 -0.067484975 -0.064327456 -23.856201 -0.061441887 -0.044288665 0.99712884 -1.3354492
-0.10161675 0.9939816 0.04073994 8.576416 -0.9931987 -0.09903266 -0.06108999 -24.712769 -0.05671011 -0.0466812 0.9972999 -1.3879395
-0.13473202 0.9902147 0.036945984 8.462402 -0.9895539 -0.13251007 -0.057152502 -25.57788 -0.05170629 -0.044253636 0.99768186 -1.418335
-0.16515395 0.9857285 0.03065233 8.31897 -0.9851351 -0.16344741 -0.051680885 -26.42273 -0.04592144 -0.038734425 0.9981932 -1.451294
-0.19515267 0.98035294 0.025515832 8.143921 -0.97988707 -0.19387735 -0.045396533 -27.275146 -0.03954823 -0.033893842 0.9986422 -1.4770508
-0.22426297 0.97441256 0.019384786 7.942383 -0.9739466 -0.22333562 -0.04122351 -28.107666 -0.035832264 -0.028114501 0.9989622 -1.49646
-0.25118688 0.9679908 0.011284571 7.7197266 -0.9675571 -0.25066593 -0.035053942 -28.942383 -0.031100163 -0.019708037 0.999322 -1.5146484
-0.27979612 0.9600543 0.0075439587 7.47229 -0.95982933 -0.27953243 -0.025225766 -29.764893 -0.022115659 -0.014300335 0.9996533 -1.5244141
-0.3014773 0.9533636 0.0068691373 7.218994 -0.9533586 -0.30140305 -0.010086462 -30.575073 -0.007544117 -0.00959062 0.99992555 -1.5238037
-0.32551074 0.9453836 0.011559259 6.949707 -0.9454003 -0.3255985 0.006708104 -31.366455 0.010109223 -0.008742314 0.99991065 -1.5162354
-0.35255387 0.9354553 0.01812063 6.6638184 -0.9352507 -0.3528968 0.02167382 -32.16455 0.026688669 -0.009310769 0.9996006 -1.5100098
-0.37711728 0.92602545 0.0191667 6.345215 -0.92549473 -0.37756062 0.03187454 -32.95105 0.03674135 -0.005725678 0.99930835 -1.4776611
-0.400576 0.9159395 0.018668124 6.0181885 -0.91526043 -0.4010003 0.035385456 -33.73047 0.039910156 -0.002912946 0.99919915 -1.4343262
-0.42135954 0.9063351 0.015299909 5.6574707 -0.9056825 -0.42163622 0.03438949 -34.510742 0.037624646 0.0006573074 0.9992912 -1.3918457
-0.44291463 0.8963306 0.010559138 5.282959 -0.8958124 -0.4430206 0.030756246 -35.271606 0.032240603 0.004173151 0.9994711 -1.3496094
-0.4622691 0.88716704 0.0027909325 4.8859863 -0.88674146 -0.4621408 0.029686688 -36.025635 0.027616598 0.011239799 0.99955547 -1.3117676
-0.4740794 0.88060135 -0.00022823829 4.482544 -0.88020897 -0.47386053 0.029974833 -36.76538 0.026289526 0.0144061865 0.9995507 -1.267456
-0.4859689 0.8743405 -0.0011462253 4.0787354 -0.87386864 -0.48566285 0.03351455 -37.49231 0.028746039 0.0172779 0.9994377 -1.2315674
-0.4950594 0.86863726 -0.001268818 3.6774902 -0.86809725 -0.49469888 0.03601435 -38.197754 0.030646507 0.018928975 0.9993508 -1.190918
-0.5029595 0.8638131 0.0061610276 3.2728271 -0.8631661 -0.5028373 0.035757214 -38.90747 0.033986215 0.012677494 0.9993416 -1.1575928
-0.5161427 0.8564245 0.0071133273 2.8693848 -0.85585994 -0.5160762 0.032951232 -39.609497 0.03189939 0.010925833 0.9994315 -1.126709
-0.52425724 0.85114336 0.005963943 2.4343262 -0.8505161 -0.5241184 0.03533684 -40.30188 0.033217918 0.013458534 0.99935764 -1.0872803
-0.5309937 0.8467582 0.0035603563 1.9853516 -0.8461024 -0.530739 0.037314694 -41.01538 0.033505846 0.016840458 0.9992965 -1.0430908
-0.5349523 0.8454714 0.004367659 1.5463867 -0.84465027 -0.5346485 0.04160793 -41.718994 0.037513874 0.018546304 0.9991246 -1.0194092
-0.53353834 0.8459314 0.006109085 1.0786133 -0.8450549 -0.5332904 0.042239513 -42.452515 0.03897641 0.017363647 0.9990891 -0.98498535
-0.529764 0.84804904 0.0037912258 0.6138916 -0.8471694 -0.52940834 0.043391876 -43.20874 0.03879728 0.019769238 0.99905115 -0.94311523
-0.52447796 0.8514237 0.0044113686 0.15722656 -0.850564 -0.52416867 0.042496692 -43.95398 0.03850607 0.01854897 0.9990864 -0.90527344
-0.5163618 0.8558561 0.0063630724 -0.31555176 -0.85501105 -0.51615775 0.041190285 -44.74341 0.038539164 0.015853817 0.9991307 -0.868042
-0.5082963 0.86100006 0.0073594945 -0.7720947 -0.86015713 -0.50814646 0.040708296 -45.537354 0.038780294 0.01437152 0.99914396 -0.8273926
-0.5030085 0.8645621 0.009287221 -1.2381592 -0.8637389 -0.5029547 0.03953419 -46.354736 0.03885043 0.011853492 0.9991751 -0.7858887
-0.49909076 0.8666956 0.012776205 -1.6937256 -0.865914 -0.4991953 0.037590295 -47.177124 0.03896635 0.0076924306 0.9992114 -0.744751
-0.49618205 0.8677704 0.016649295 -2.151123 -0.8670919 -0.4964539 0.03440951 -48.013184 0.03812073 0.0026532742 0.9992691 -0.70495605
-0.49611256 0.8682023 0.01789043 -2.6329346 -0.86764646 -0.49643505 0.031068943 -48.890137 0.035845097 -0.00011779601 0.99935734 -0.6578369
-0.49747592 0.86745197 0.019261708 -3.1203613 -0.8669542 -0.49784482 0.029456938 -49.770508 0.035145782 -0.0020591286 0.9993804 -0.6159668
-0.4974873 0.86676025 0.018896187 -3.6047363 -0.86624104 -0.49784362 0.030024007 -50.642212 0.03544159 -0.0014080908 0.99937034 -0.567749
-0.4960713 0.8677807 0.01909563 -4.1257324 -0.8673027 -0.49643344 0.028893614 -51.548096 0.034548372 -0.0022277893 0.9994003 -0.52575684
-0.4974684 0.86759955 0.01808384 -4.6376953 -0.86714244 -0.49779463 0.028207194 -52.45288 0.033483356 -0.0016582827 0.99943835 -0.4819336
-0.49746147 0.86700815 0.018389542 -5.1485596 -0.8665637 -0.49779654 0.027834661 -53.357178 0.03329107 -0.0020779436 0.9994433 -0.43688965
-0.49743906 0.8674574 0.020008054 -5.6708984 -0.8670476 -0.4978256 0.026950765 -54.292725 0.03333255 -0.003942778 0.99943656 -0.39465332
-0.4960327 0.8677119 0.019973671 -6.166992 -0.8673267 -0.4964155 0.026208008 -55.200684 0.03265768 -0.004306963 0.99945694 -0.34729004
-0.49461758 0.8687278 0.020940082 -6.6828613 -0.8683823 -0.49502712 0.02516319 -56.11499 0.03221555 -0.005738649 0.99946433 -0.29956055
-0.49459946 0.869279 0.021074714 -7.192749 -0.8689955 -0.4950012 0.023231864 -57.028076 0.030605435 -0.0068388428 0.9995083 -0.24963379
-0.49217597 0.8705458 0.01821551 -7.692749 -0.8703171 -0.49248084 0.020743959 -57.946167 0.027030913 -0.0056581786 0.9996189 -0.2006836
-0.4893772 0.87246203 0.017364703 -8.2052 -0.8722582 -0.48965406 0.01966543 -58.878784 0.025645852 -0.005538662 0.99965596 -0.16088867
-0.48556936 0.8740582 0.016520694 -8.710449 -0.8738575 -0.48582447 0.019392127 -59.80725 0.024979634 -0.005027198 0.9996754 -0.11730957
-0.48278368 0.87576914 0.015419269 -9.230713 -0.8755573 -0.4830131 0.01967358 -60.728638 0.024663482 -0.0039990856 0.9996876 -0.07470703
-0.48175928 0.8761739 0.016485648 -9.694824 -0.87599057 -0.482011 0.018719245 -61.620483 0.02436054 -0.0054251025 0.9996887 -0.026245117
-0.48278293 0.8758638 0.017617846 -10.200806 -0.8756311 -0.48307475 0.020887554 -62.523438 0.026792647 -0.005345762 0.9996267 0.01159668
-0.48418197 0.87463546 0.020460814 -10.689087 -0.8743626 -0.48456633 0.022887392 -63.42151 0.029937191 -0.0068136477 0.9995286 0.052001953
-0.48938486 0.872386 0.022056699 -11.189819 -0.872105 -0.48982063 0.023458792 -64.32373 0.031252395 -0.007763823 0.99948156 0.10192871
-0.49458143 0.8687936 0.022477612 -11.681519 -0.86857104 -0.49501255 0.021562379 -65.21753 0.029848797 -0.00885363 0.99951494 0.14196777
-0.49979767 0.8660175 0.017575404 -12.196411 -0.8658386 -0.5000713 0.018573903 -66.11145 0.024864191 -0.005929166 0.99967325 0.19616699
-0.5064032 0.8627157 0.019806653 -12.688721 -0.86260283 -0.50671524 0.01646936 -66.98425 0.024224639 -0.008753075 0.9996685 0.23547363
-0.510617 0.85961926 0.019391093 -13.189819 -0.8594388 -0.5109376 0.018951487 -67.85925 0.026217738 -0.0069930195 0.9996321 0.27734375
-0.51445913 0.8571184 0.021061352 -13.6970215 -0.85687685 -0.5148427 0.02151524 -68.719604 0.02928897 -0.0069830436 0.9995467 0.31469727
-0.5196887 0.8538772 0.02328442 -14.197388 -0.85364634 -0.5201383 0.021641482 -69.579834 0.030585188 -0.008620701 0.99949485 0.35705566
-0.52248585 0.8526317 0.02439949 -14.708618 -0.8524261 -0.52296424 0.021117568 -70.440796 0.030753791 -0.009768181 0.9994794 0.40063477
-0.52491945 0.8511158 0.024168048 -15.223999 -0.85094035 -0.52537906 0.020002672 -71.267334 0.029707698 -0.010073327 0.9995081 0.45239258
-0.529115 0.84820664 0.018461838 -15.735474 -0.84814996 -0.5293654 0.01312508 -72.1095 0.020923838 -0.008719304 0.9997432 0.49450684
-0.52771366 0.8489397 0.013671654 -16.26892 -0.84898263 -0.52780604 0.004073922 -72.95166 0.010683325 -0.009457637 0.9998982 0.5333252
-0.53156686 0.847255 0.011434797 -16.78125 -0.84730506 -0.53160906 0.0008217681 -73.778076 0.0067720357 -0.009250605 0.9999343 0.5609131
-0.5315566 0.84672356 0.014448832 -17.298584 -0.8467508 -0.5316757 0.0059789633 -74.60254 0.012741555 -0.009052051 0.99987775 0.58251953
-0.53296137 0.84614515 0.016941953 -17.81958 -0.8461002 -0.5331702 0.011845103 -75.41577 0.019052222 -0.0080207195 0.9997863 0.61206055
-0.5344004 0.8453186 0.013200255 -18.342407 -0.8451467 -0.5345595 0.017166108 -76.238525 0.02156104 -0.001982966 0.9997655 0.64160156
-0.5330109 0.8466403 0.009418745 -18.879639 -0.84647346 -0.533093 0.016840825 -77.065186 0.019270254 0.0009926483 0.99981385 0.6833496
-0.5315921 0.846765 0.008577689 -19.39624 -0.84664017 -0.53166085 0.014553611 -77.887085 0.01687653 0.00047932006 0.99985737 0.71765137
-0.5315649 0.8469979 0.006772572 -19.905518 -0.846953 -0.5316068 0.008796103 -78.711426 0.01104725 -0.0010622609 0.9999384 0.7418213
-0.5301516 0.84782255 0.006446091 -20.420166 -0.84782755 -0.53017557 0.0027481255 -79.536255 0.005746612 -0.004005402 0.99997544 0.76745605
-0.5301964 0.8477574 0.012690067 -20.905884 -0.84784496 -0.5301941 -0.003827112 -80.35437 0.0034828694 -0.012784443 0.99991214 0.79174805
-0.5292576 0.848406 0.01899539 -21.393799 -0.84861505 -0.5291869 -0.008984736 -81.174805 0.0024241144 -0.020877283 0.99977916 0.80114746
-0.5264455 0.8504684 0.016241476 -21.895874 -0.85062325 -0.5263492 -0.0100664925 -81.99182 -2.0934734e-05 -0.019112224 0.9998174 0.8186035
-0.52496743 0.8515802 0.012769321 -22.392212 -0.8516741 -0.5249377 -0.005843048 -82.80383 0.0017235191 -0.013936789 0.9999014 0.8417969
-0.5182885 0.85485154 0.012761496 -22.900635 -0.8549308 -0.5183123 -0.0016373685 -83.618286 0.0052192286 -0.0117532145 0.9999172 0.8486328
-0.5092004 0.86018294 0.0072488966 -23.38916 -0.8602061 -0.50921273 -0.0001792803 -84.42969 0.0035433206 -0.0063274615 0.99997365 0.86572266
-0.5011722 0.8649082 0.0008638869 -23.864258 -0.8649036 -0.5011726 0.002881172 -85.2395 0.0029257908 0.0006983774 0.9999954 0.88635254
-0.49074137 0.8707227 0.003326251 -24.336426 -0.87072617 -0.49074593 0.0006578134 -86.072266 0.0022072464 -0.0025735605 0.9999943 0.91259766
-0.4803413 0.8764945 0.004237779 -24.770874 -0.87650466 -0.4803379 -0.0018820304 -86.89685 0.00038801972 -0.004619912 0.99998933 0.91711426
-0.4685638 0.8830193 0.0013301421 -25.224243 -0.8830171 -0.46855745 -0.0033864283 -87.73901 -0.0023660164 -0.0027630834 0.99999344 0.9283447
-0.45682263 0.88930523 0.00155335 -25.653564 -0.8892964 -0.45680833 -0.0055899327 -88.58179 -0.004260147 -0.003936381 0.99998325 0.94470215
-0.4464866 0.89489496 0.00036493456 -26.069702 -0.89488053 -0.44647694 -0.005886453 -89.42944 -0.0051016835 -0.0029515198 0.99998266 0.9454346
-0.43240717 0.90194464 -0.0017162287 -26.49292 -0.9019309 -0.43241012 -0.0050222417 -90.28552 -0.005271649 -0.00062246434 0.999986 0.9588623
-0.41976026 0.90740395 0.00038492703 -26.888672 -0.9074036 -0.41975978 -0.0010244462 -91.13269 -0.0007680664 -0.0007796057 0.99999946 0.9626465
-0.4095304 0.9124742 0.0015191787 -27.264282 -0.9124387 -0.4095283 0.008301744 -91.97302 0.0081951115 0.0020123168 0.9999645 0.97961426
-0.3953197 0.918345 0.0041279434 -27.631714 -0.91825837 -0.39533925 0.012667861 -92.823 0.013268957 0.0012240268 0.9999111 0.9979248
-0.3858011 0.92275345 0.0044712485 -27.975586 -0.9227017 -0.38582683 0.009782679 -93.6781 0.010752117 -0.00035281223 0.99994206 1.0091553
-0.37260774 0.92811805 0.0040136157 -28.32727 -0.92810106 -0.37262607 0.005844199 -94.54956 0.006914995 -0.0015473305 0.99997485 1.0349121
-0.36289525 0.9318067 0.00650346 -28.654907 -0.9317847 -0.36293742 0.0072621144 -95.40271 0.009129405 -0.0034238896 0.99995244 1.0534668
-0.35552266 0.9344154 0.013476256 -28.962402 -0.9343915 -0.35567176 0.010972013 -96.276 0.01505147 -0.008690252 0.9998489 1.0767822
-0.34885097 0.93695265 0.02081283 -29.281006 -0.9369041 -0.3492036 0.016687453 -97.14563 0.022912312 -0.013686297 0.999644 1.0997314
-0.3451767 0.9379729 0.026519287 -29.594482 -0.93798345 -0.3456924 0.018095125 -98.02612 0.026158746 -0.018633429 0.9994842 1.1369629
-0.34150848 0.93928385 0.027933875 -29.899048 -0.9393234 -0.3420617 0.018105969 -98.90442 0.02657727 -0.02005585 0.9994455 1.1630859
-0.33716512 0.9410335 0.030065704 -30.20459 -0.94113374 -0.33776438 0.017629607 -99.787476 0.026741723 -0.02234915 0.9993925 1.2058105
-0.33216572 0.9429315 0.03108881 -30.510742 -0.9431778 -0.3326744 0.012806607 -100.67395 0.022399116 -0.025071446 0.9994348 1.2368164
-0.32691264 0.9445819 0.029285457 -30.810425 -0.9448511 -0.32730448 0.00963588 -101.537476 0.018687056 -0.02452419 0.99952465 1.2634277
-0.32034048 0.94677013 0.030841535 -31.104248 -0.94714445 -0.32066298 0.006014495 -102.42627 0.01558766 -0.027300255 0.999506 1.3035889
-0.31471813 0.9485108 0.03735313 -31.379883 -0.9490835 -0.31514847 0.006113394 -103.30444 0.01755407 -0.033531353 0.9992836 1.326416
-0.30822647 0.9502728 0.04625453 -31.643433 -0.95118177 -0.30882823 0.00630562 -104.17273 0.02027011 -0.04204353 0.99891 1.3483887
-0.30160248 0.952401 0.046628557 -31.911499 -0.95326334 -0.30233502 0.00939231 -105.04907 0.023026504 -0.041615397 0.9988685 1.3856201
-0.29495335 0.9546798 0.042822737 -32.182617 -0.9553201 -0.2957172 0.012634052 -105.91235 0.024700515 -0.037187986 0.99900323 1.423706
-0.2861719 0.95705044 0.043464754 -32.44214 -0.957761 -0.2868836 0.0109927105 -106.79736 0.022995317 -0.038486607 0.9989944 1.4525146
-0.27972916 0.9589768 0.043703284 -32.6958 -0.95981234 -0.2802235 0.00550399 -107.65967 0.01752886 -0.0404183 0.99902916 1.4842529
-0.27189854 0.9615047 0.042718887 -32.941162 -0.96234393 -0.27226695 0.0029549971 -108.55652 0.014447399 -0.04028379 0.9990836 1.5148926
-0.26604939 0.963065 0.046190392 -33.171875 -0.96399134 -0.26662067 0.006588419 -109.435425 0.01862417 -0.04276981 0.9989117 1.5396729
-0.2572851 0.96507734 0.04734552 -33.39563 -0.9659963 -0.25800776 0.009737949 -110.31189 0.021617446 -0.043238133 0.998831 1.5646973
-0.2507999 0.96692276 0.046882354 -33.61914 -0.96781635 -0.25152636 0.010200258 -111.19116 0.021651952 -0.042805966 0.99884844 1.5843506
-0.24435614 0.9685971 0.047897033 -33.822998 -0.96954125 -0.24509521 0.010138682 -112.0719 0.021543803 -0.04396624 0.9988011 1.6136475
-0.2369832 0.9704887 0.04428657 -34.03662 -0.9712866 -0.23763764 0.010075174 -112.94971 0.020300677 -0.04063342 0.99896795 1.647583
-0.22763552 0.9727394 0.04076872 -34.24951 -0.973403 -0.22821996 0.010232781 -113.83606 0.019281764 -0.03736283 0.99911565 1.682251
-0.22120214 0.974411 0.039314047 -34.454712 -0.97501206 -0.22177887 0.010907849 -114.726685 0.019360647 -0.035922386 0.99916697 1.7132568
-0.21270742 0.97613746 0.045501404 -34.64038 -0.977021 -0.21332276 0.009071441 -115.61035 0.018556053 -0.042523485 0.9989232 1.7449951
-0.20640528 0.9773594 0.04868938 -34.82422 -0.9784161 -0.20700285 0.0075268047 -116.524536 0.017415311 -0.046086155 0.99878603 1.7756348
-0.20199943 0.97830003 0.046228424 -35.017456 -0.97925913 -0.20252322 0.0068975305 -117.44165 0.016102578 -0.04387748 0.9989072 1.8050537
-0.19626668 0.9795102 0.044710014 -35.203735 -0.9803906 -0.1968039 0.007905946 -118.32373 0.016546054 -0.042287573 0.99896854 1.8320312
-0.19121803 0.9805928 0.04353154 -35.386353 -0.98141664 -0.19175646 0.00850901 -119.2323 0.016691158 -0.041094787 0.9990158 1.8594971
-0.18766274 0.9815669 0.03771796 -35.55774 -0.98218304 -0.18807435 0.0076545514 -120.11426 0.014602834 -0.035627317 0.99925894 1.8817139
-0.18127024 0.98307574 0.029783318 -35.74292 -0.983454 -0.18154193 0.006671053 -121.0116 0.011951852 -0.02808013 0.9995343 1.9057617
-0.17777836 0.98371786 0.027257223 -35.899902 -0.9840449 -0.17798069 0.005168407 -121.916626 0.009927526 -0.025896832 0.9996153 1.9326172
-0.17277694 0.9845545 0.028399415 -36.052734 -0.9848904 -0.17304455 0.007231557 -122.80151 0.012034889 -0.026713435 0.99957055 1.9498291
-0.16844748 0.98524266 0.02943036 -36.196045 -0.98559105 -0.16876246 0.008544889 -123.68616 0.013383166 -0.027558114 0.9995305 1.9691162
-0.16632102 0.98552036 0.03246275 -36.343628 -0.98596627 -0.16665806 0.007950632 -124.57617 0.013250198 -0.03070287 0.9994411 1.9835205
-0.16503297 0.9858628 0.032559585 -36.483032 -0.9863336 -0.16531551 0.0061779707 -125.45886 0.011453664 -0.031095447 0.99945104 2.0117188
-0.16354561 0.9860303 0.029107632 -36.627563 -0.9864363 -0.16367508 0.0020966115 -126.34778 0.006845343 -0.028371863 0.9995739 2.029419
-0.16298462 0.9861739 0.029952573 -36.768433 -0.9866276 -0.1629552 -0.0034384378 -127.22351 0.0014902838 -0.030116651 0.99954534 2.0515137
-0.16234589 0.98641 0.028255917 -36.908447 -0.986814 -0.16224599 -0.005806874 -128.10498 -0.001146234 -0.028823156 0.9995839 2.0614014
-0.16079749 0.9865182 0.029954623 -37.045044 -0.98696715 -0.16082694 -0.0014423053 -128.9674 0.003398048 -0.029800095 0.9995501 2.081543
-0.1607504 0.98648316 0.029654436 -37.18506 -0.9869092 -0.1608652 0.0015072147 -129.83496 0.006268314 -0.02902553 0.9995589 2.0942383
-0.16077793 0.9865118 0.032162808 -37.318726 -0.98701227 -0.16091551 0.0017228471 -130.7013 0.0068733664 -0.03147886 0.999481 2.1080322
-0.15951312 0.9866809 0.033549603 -37.443848 -0.98723555 -0.15960707 0.00012344914 -131.5636 0.005464553 -0.033088487 0.9994374 2.121582
-0.15858005 0.9869097 0.028615642 -37.596436 -0.9873036 -0.15869917 0.0019255946 -132.42065 0.0064456873 -0.027956776 0.9995885 2.1401367
-0.1594366 0.98683494 0.029530587 -37.72058 -0.9872552 -0.15955865 0.0018111579 -133.28284 0.0064890375 -0.028854411 0.9995625 2.1672363
-0.15734734 0.98677003 0.038583152 -37.845093 -0.9874596 -0.1576642 0.00528585 -134.14429 0.011312055 -0.037265427 0.9992412 2.1727295
-0.15740408 0.98651147 0.044726167 -37.96118 -0.9874235 -0.1578752 0.0071822577 -135.0061 0.014147292 -0.043030985 0.9989735 2.19104
-0.15863836 0.98640275 0.043491237 -38.083984 -0.98721033 -0.15923083 0.010486086 -135.8451 0.017279405 -0.041273735 0.99899846 2.2159424
-0.15797782 0.9865507 0.04264244 -38.227417 -0.9873281 -0.15854418 0.0102319345 -136.73083 0.016844377 -0.04049461 0.9990382 2.2503662
-0.15581705 0.9868056 0.043557864 -38.34253 -0.9875955 -0.1564591 0.011716634 -137.53198 0.01838425 -0.04119129 0.998982 2.2635498
-0.15445733 0.9873385 0.03704557 -38.485962 -0.9879081 -0.15492511 0.010091418 -138.40271 0.015699929 -0.035032153 0.9992627 2.2896729
-0.1507777 0.9881162 0.028641548 -38.615112 -0.98847574 -0.15101314 0.006232723 -139.24353 0.010487318 -0.027382202 0.9995702 2.3218994
-0.14948167 0.9884998 0.024090836 -38.746216 -0.98877996 -0.1495614 0.0015312806 -140.07227 0.0051131155 -0.023586903 0.9997087 2.347412
-0.14449513 0.9892623 0.019406486 -38.8656 -0.9894372 -0.1445743 0.0027246117 -140.90247 0.005506535 -0.018802498 0.9998079 2.3581543
-0.14020191 0.9898657 0.020115146 -38.982056 -0.9900352 -0.1403388 0.0055527864 -141.73096 0.008325601 -0.019144654 0.99978215 2.3806152
-0.13395321 0.9908637 0.018235268 -39.088745 -0.9909535 -0.13415085 0.010083698 -142.56177 0.012435168 -0.016724994 0.9997829 2.3962402
-0.12479022 0.9920018 0.016524417 -39.19763 -0.9920621 -0.124971144 0.010407099 -143.40247 0.012389879 -0.015091831 0.9998093 2.4003906
-0.11585034 0.9931754 0.014803532 -39.291138 -0.9932486 -0.11596179 0.0069021117 -144.21924 0.008570474 -0.013896865 0.9998666 2.4248047
-0.10253849 0.9946544 0.007851462 -39.37805 -0.9946732 -0.10257327 0.004169938 -144.99304 0.0049552233 -0.0073834797 0.99996054 2.4431152
-0.089477554 0.9960106 0.004759862 -39.45935 -0.9960121 -0.08949697 0.004039334 -145.88074 0.004447966 -0.004380731 0.9999805 2.4759521
-0.075043805 0.99717915 0.0053276075 -39.51355 -0.9971747 -0.07507407 0.005741149 -146.65381 0.00612424 -0.0048795408 0.9999693 2.489746
-0.061333198 0.99812376 0.0020779073 -39.563965 -0.99811316 -0.06134283 0.0049585244 -147.48572 0.0050759967 -0.0017696247 0.9999856 2.505127
-0.047729027 0.99887 -0.003404675 -39.60437 -0.99884796 -0.047701836 0.0076333233 -148.23596 0.007458659 0.0037646275 0.9999651 2.5135498
-0.033388264 0.9994299 0.0037885169 -39.62622 -0.99934053 -0.03343748 0.01377275 -149.04688 0.013895496 -0.0033255555 0.99989796 2.5360107
-0.01994921 0.9997474 0.009645224 -39.628296 -0.9995039 -0.020174738 0.023892652 -149.82666 0.024078287 -0.009159188 0.999668 2.5593262
-0.007197261 0.999874 0.014242 -39.62317 -0.9995203 -0.0076231947 0.030064356 -150.58215 0.030174486 -0.0140264565 0.99944645 2.5837402
