1 0 0 0 0 1 0 0 0 0 1 0
0.9999326 -0.0020673002 0.011424299 0.0058798693 0.0020563287 0.99999741 0.00097204013 -0.0081763122 -0.011426279 -0.00094848251 0.99993427 0.29721723
0.99982959 -0.0035970933 0.018106551 0.01863838 0.003578001 0.99999301 0.0010867377 -0.0091584091 -0.018110335 -0.0010217673 0.99983547 0.57013879
0.99977207 -0.0064943392 0.020337719 0.02673191 0.0065057979 0.99997871 -0.00049728897 -0.014861122 -0.020334058 0.00062948875 0.99979304 0.88083906
0.99980137 -0.0075762234 0.018434264 0.020007066 0.0076005237 0.99997034 -0.0012484856 -0.021200575 -0.01842426 0.0013883477 0.9998293 1.1944543
0.99988125 -0.010341642 0.011424857 0.029226381 0.010381645 0.99994017 -0.003447575 -0.019757037 -0.011388521 0.0035657745 0.99992879 1.5025649
0.99992875 -0.011870308 -0.0012622058 0.018624184 0.011864465 0.99991931 -0.0045405702 -0.033463855 0.001316002 0.0045252714 0.99998889 1.8183228
0.99978774 -0.011190554 -0.017298736 -0.00019311245 0.011107856 0.99992645 -0.0048693695 -0.038849925 0.017351956 0.0046761842 0.99983851 2.1388659
0.99935173 -0.0072302511 -0.035268044 -0.045746136 0.0070372324 0.99995959 -0.0055939877 -0.046510377 0.035307068 0.005342172 0.99936223 2.5052876
0.99845356 -0.0031434205 -0.055503275 -0.085542884 0.0028017588 0.99997665 -0.0062324477 -0.050495868 0.055521575 0.0060673029 0.99843905 2.848548
0.99720598 -0.0029556105 -0.074642515 -0.13727819 0.0024716234 0.99997533 -0.0065756111 -0.056178897 0.074660114 0.0063727505 0.99718868 3.2058152
0.99544046 -0.0039217389 -0.095304352 -0.18687963 0.0033578131 0.9999759 -0.0060767594 -0.062378436 0.095325895 0.005729038 0.99542963 3.6090361
0.9933735 -0.004963867 -0.11482356 -0.24320796 0.0043814489 0.99997623 -0.0053241164 -0.07047228 0.11484727 0.0047857426 0.99337163 3.9814153
0.99112711 -0.0042465571 -0.1328496 -0.31490354 0.0036711122 0.99998279 -0.0045761932 -0.077836232 0.13286675 0.0040478833 0.99112564 4.3668409
0.98883657 -0.0032682696 -0.14896829 -0.3956306 0.0026843474 0.99998791 -0.0041206715 -0.085845552 0.14897997 0.003674788 0.98883339 4.7863554
0.98682394 -0.0023568162 -0.16178056 -0.47341527 0.0017331578 0.99999051 -0.0039959826 -0.09329853 0.16178845 0.00366294 0.98681867 5.2050675
0.98459198 -0.0040791115 -0.1748199 -0.56490382 0.0032311192 0.9999816 -0.0051350136 -0.1002421 0.17483764 0.0044910292 0.98458704 5.6300851
0.98286812 -0.0067315295 -0.18418725 -0.64744782 0.0055558895 0.99996077 -0.0068981927 -0.11250849 0.18422647 0.0057566897 0.98286696 6.0711687
0.98130112 -0.0062001953 -0.19237896 -0.74930039 0.0046215924 0.99995188 -0.0086533546 -0.11941801 0.19242337 0.0076024494 0.98128256 6.5149328
0.98002869 -0.0060613873 -0.19876374 -0.86467223 0.0040317555 0.99993554 -0.010614415 -0.12633734 0.19881528 0.0096010644 0.97998995 7.030838
0.9782796 -0.0065607343 -0.20718584 -0.9665482 0.0039112836 0.99990529 -0.013194841 -0.13288393 0.20725281 0.012097881 0.97821261 7.4861366
0.9764751 -0.010432614 -0.21537766 -1.0942428 0.0073544554 0.99985912 -0.015088389 -0.14805633 0.21550474 0.013149451 0.97641426 7.9989945
0.9746192 -0.016063921 -0.22329211 -1.1971293 0.012793109 0.99978875 -0.016087081 -0.16283321 0.22350338 0.012822178 0.97461881 8.495003
0.97276007 -0.017108802 -0.23118204 -1.3333518 0.013139464 0.99973882 -0.018698632 -0.19074547 0.23144159 0.015151675 0.97273081 9.0265649
0.97074382 -0.013450242 -0.23974053 -1.4827645 0.0082029291 0.99970475 -0.02287193 -0.19188534 0.2399774 0.020236211 0.97056754 9.5716882
0.9683149 -0.010300935 -0.2495198 -1.6435456 0.0040023714 0.99966074 -0.025736972 -0.20874253 0.24970029 0.023922823 0.96802762 10.069484
0.96592915 -0.012895891 -0.25848513 -1.8061849 0.0059188237 0.99959731 -0.02775221 -0.23208724 0.25873895 0.025276741 0.96561651 10.636777
0.9637443 -0.014477948 -0.26643444 -1.9652623 0.006867731 0.99954199 -0.029472844 -0.25966186 0.26673914 0.026574486 0.96340232 11.204641
0.9618473 -0.014601319 -0.27319693 -2.131866 0.0059577587 0.99945588 -0.032441505 -0.28268959 0.27352199 0.029576133 0.96141093 11.782504
0.95941029 -0.014050399 -0.28166377 -2.323069 0.0041517074 0.99935358 -0.03570969 -0.30617377 0.28198346 0.033090859 0.95884844 12.385586
0.95725887 -0.015196274 -0.28883304 -2.5028077 0.0035012267 0.99915448 -0.040964305 -0.33890673 0.28921135 0.038202175 0.95650269 12.957788
0.95559936 -0.016019042 -0.29423331 -2.7075161 0.0019329976 0.99884054 -0.048102292 -0.3809637 0.29466274 0.045397768 0.95452235 13.598265
0.95407294 -0.016550013 -0.29911688 -2.9110773 -0.0003039731 0.99841883 -0.056211659 -0.41552891 0.29957426 0.053720947 0.95255936 14.206802
0.95289532 -0.017179451 -0.30281242 -3.119552 -0.0026254258 0.99788994 -0.064875003 -0.46183262 0.30328801 0.0626141 0.95083956 14.807829
0.95133808 -0.016461983 -0.30770903 -3.3427296 -0.0065869746 0.99725747 -0.073716637 -0.50528924 0.30807868 0.072156316 0.94862058 15.456966
0.94993288 -0.014957451 -0.3120958 -3.5786103 -0.010880989 0.99666407 -0.080884659 -0.56489768 0.31226452 0.08023091 0.94660122 16.080353
0.94837609 -0.014122135 -0.31683332 -3.8174525 -0.014318205 0.99608295 -0.087256796 -0.6261465 0.31682454 0.087288745 0.94445905 16.752326
0.94671847 -0.01272455 -0.32181084 -4.0543346 -0.018291506 0.99548193 -0.093172637 -0.69676558 0.32154248 0.094094662 0.94220838 17.42259
0.94511805 -0.010693378 -0.32655401 -4.3008172 -0.022778882 0.99487578 -0.098505341 -0.77124883 0.32593405 0.10053771 0.94003147 18.084853
0.9434099 -0.0079785253 -0.33153294 -4.5715408 -0.027368993 0.99442704 -0.10181262 -0.85151508 0.33049766 0.10512476 0.93793395 18.798111
0.94162977 -0.0072777483 -0.33657153 -4.8331883 -0.029141154 0.99425155 -0.10302739 -0.92558354 0.33538661 0.10682175 0.93600478 19.463778
0.9394294 -0.0064796719 -0.34268119 -5.1109039 -0.030452932 0.99428892 -0.1022847 -1.015345 0.34138692 0.1065249 0.93386692 20.20472
0.93718622 -0.0063892102 -0.34877092 -5.3942985 -0.030782911 0.99441678 -0.10093403 -1.1036557 0.34746857 0.10533017 0.93175703 20.949357
0.93485147 -0.0065480824 -0.35497866 -5.6646549 -0.030532303 0.9946432 -0.098755715 -1.1847074 0.3537238 0.10316024 0.92964372 21.647977
0.93214178 -0.0063585725 -0.36203764 -5.9391995 -0.030341623 0.99495772 -0.095595592 -1.2674932 0.36082003 0.10009346 0.92724874 22.338142
0.92823042 -0.0025122096 -0.37199727 -6.2996659 -0.033584763 0.99532777 -0.090524503 -1.3525605 0.37048666 0.096521039 0.92380915 23.17935
0.9249579 -0.00025972125 -0.38006948 -6.5998493 -0.034678168 0.99577088 -0.085075144 -1.4330776 0.37848425 0.091871041 0.92103713 23.888764
0.92127019 0.00093942606 -0.38892203 -6.9410162 -0.035063171 0.99612551 -0.080650781 -1.5053011 0.38733942 0.087938002 0.91773367 24.641437
0.91830261 0.0025686615 -0.39587081 -7.2633455 -0.036858548 0.99619005 -0.079036955 -1.5820763 0.39415958 0.087171067 0.9148986 25.381494
0.9138144 0.0042851144 -0.40610942 -7.6248952 -0.039408974 0.99616116 -0.078165686 -1.6599329 0.40421551 0.087433286 0.91047529 26.154807
0.90992587 0.0036858346 -0.41475451 -7.9880996 -0.039255106 0.99623726 -0.07726804 -1.7303211 0.41290914 0.086589422 0.90664675 26.895775
0.90663478 0.0054106617 -0.42188161 -8.372208 -0.041087186 0.99629744 -0.075519859 -1.8035345 0.41991099 0.08580286 0.90350022 27.688007
0.90301212 0.0054958805 -0.4295799 -8.7535433 -0.040785533 0.99649868 -0.072985701 -1.8798911 0.42767472 0.083427619 0.90007454 28.470173
0.89906826 0.0050246311 -0.43777962 -9.1601784 -0.03911713 0.99685683 -0.068893406 -1.9488528 0.43605748 0.079064559 0.89643889 29.262399
0.89518403 0.0061520748 -0.44565423 -9.5655054 -0.038456095 0.9972419 -0.063480094 -2.0118148 0.44403458 0.073964489 0.8929516 30.053537
0.89184176 0.0035546676 -0.45233352 -9.9866784 -0.033972891 0.9976713 -0.059142312 -2.0729153 0.45106998 0.068112662 0.8898857 30.843301
0.88790158 0.006200328 -0.45999165 -10.413604 -0.036579562 0.99769469 -0.057159764 -2.1519686 0.45857686 0.067578539 0.8860815 31.675639
0.88510711 0.0060972169 -0.4653474 -10.876156 -0.036360055 0.99776372 -0.056084893 -2.2116027 0.46396483 0.066561196 0.88334946 32.509799
0.88140689 0.0055197564 -0.47232554 -11.306769 -0.035256485 0.99791127 -0.054130207 -2.2605201 0.47104023 0.064363276 0.87976047 33.297141
0.87905956 0.003204826 -0.47670116 -11.758068 -0.032274371 0.99808314 -0.05280543 -2.3244754 0.4756182 0.061804349 0.87747796 34.158601
0.87674168 0.0044142121 -0.48094129 -12.247532 -0.033923379 0.99803502 -0.052681066 -2.3923149 0.47976375 0.062502841 0.87516865 35.010669
0.87484487 0.0023199085 -0.48439761 -12.730269 -0.032088109 0.99806965 -0.05317261 -2.4488035 0.48333924 0.06206119 0.87323056 35.844083
0.87326821 0.0037497899 -0.48722537 -13.248416 -0.034131806 0.99798464 -0.053494722 -2.5106364 0.48604288 0.063345123 0.87163624 36.70862
0.87215602 0.0034733702 -0.48921549 -13.719596 -0.033403659 0.99806395 -0.052464723 -2.5692068 0.48808615 0.062099012 0.87058351 37.556064
0.87235608 0.002338617 -0.48886539 -14.260236 -0.031310637 0.99820275 -0.05109711 -2.6295133 0.48786732 0.059881563 0.87086147 38.470913
0.87310649 0.0020095559 -0.48752539 -14.744844 -0.030480521 0.99826021 -0.050472611 -2.6951479 0.48657581 0.058927992 0.87164872 39.353112
0.87213123 0.00086365903 -0.48927125 -15.258102 -0.029527353 0.99826866 -0.050870681 -2.7602724 0.48838025 0.058812795 0.87064677 40.26062
0.87048344 -0.0011484187 -0.49219635 -15.808265 -0.028042757 0.99825719 -0.051924747 -2.8252406 0.49139822 0.059002176 0.86893415 41.189935
0.86960739 -0.0028466606 -0.49373562 -16.325241 -0.025120116 0.99843326 -0.050000115 -2.8827201 0.49310443 0.055883166 0.86817343 42.078704
0.86717649 -0.0028221695 -0.49799291 -16.842923 -0.023335851 0.99865519 -0.046295185 -2.9461295 0.4974539 0.051767185 0.86594445 43.027643
0.86366547 -0.0019078032 -0.5040618 -17.417924 -0.022249642 0.9988739 -0.041903395 -3.0098817 0.50357416 0.04740571 0.86265044 43.934886
0.86065466 -0.0055172806 -0.5091592 -17.940534 -0.016997137 0.99907274 -0.039557036 -3.0665844 0.50890536 0.042699196 0.85976283 44.805464
0.85594999 -0.0081854418 -0.5169938 -18.532842 -0.015743203 0.99899853 -0.041881814 -3.1369501 0.51681891 0.043987877 0.85496392 45.763417
0.84958229 -0.008521235 -0.52738723 -19.082012 -0.018127306 0.99880713 -0.045339944 -3.1993548 0.52714453 0.048080124 0.84841439 46.6304
0.84409063 -0.0089228332 -0.53612625 -19.687297 -0.018039942 0.99882291 -0.045026101 -3.2565279 0.53589699 0.047677797 0.8429361 47.535465
0.83846511 -0.0056702911 -0.54492576 -20.268467 -0.019196715 0.99901794 -0.039932957 -3.3178096 0.54461709 0.043943176 0.83753284 48.442943
0.8329753 -0.0051567782 -0.55328612 -20.874025 -0.016808839 0.99925921 -0.034619168 -3.3753104 0.55305482 0.03813701 0.83227156 49.307948
0.82928978 -0.0046494808 -0.55879944 -21.510173 -0.018807808 0.99916665 -0.03622539 -3.4285107 0.55850223 0.040551139 0.82851125 50.2173
0.82558785 -0.0028097285 -0.56426658 -22.111445 -0.024334215 0.99888002 -0.040577651 -3.4884671 0.56374868 0.047231401 0.82459484 51.069896
0.82224373 -0.0072492925 -0.56908934 -22.702814 -0.024170298 0.99857198 -0.047642458 -3.5478243 0.56862209 0.052928772 0.82089433 51.908019
0.81844282 -0.0065468048 -0.57455066 -23.343804 -0.02656702 0.9984345 -0.049221318 -3.6145751 0.5739735 0.055548934 0.81698762 52.793499
0.81646692 -0.0036253956 -0.57738081 -23.958155 -0.027822863 0.9985716 -0.045614024 -3.6848148 0.5767215 0.053306729 0.81519981 53.628633
0.812811 -0.0038774278 -0.58251457 -24.604342 -0.023628329 0.99893545 -0.039619033 -3.7423317 0.58204812 0.045966632 0.8118541 54.537542
0.81030477 -0.0046031003 -0.58599058 -25.213627 -0.020775974 0.99911484 -0.036577202 -3.7924994 0.5856403 0.041813207 0.80949189 55.377357
0.80726608 -0.0012239395 -0.59018637 -25.872759 -0.025626347 0.99898204 -0.03712382 -3.8507812 0.58963107 0.045093121 0.80641295 56.237116
0.80552147 -0.003666966 -0.59255522 -26.529737 -0.024160654 0.99894606 -0.039025941 -3.9082237 0.59207386 0.045752755 0.8045839 57.133882
0.80128214 -0.0049616723 -0.59826606 -27.172135 -0.024785693 0.99883185 -0.04148022 -3.9724307 0.59777306 0.048065799 0.80022314 57.983742
0.79579655 -0.0056400489 -0.60553778 -27.842611 -0.024892005 0.99880681 -0.042016023 -4.0262174 0.60505228 0.048509256 0.79470663 58.808809
0.79165239 -0.0050387836 -0.61095096 -28.509333 -0.025199431 0.99884581 -0.040890608 -4.093499 0.61045189 0.047766764 0.7906117 59.651792
0.78799111 -0.0069320592 -0.61564757 -29.176956 -0.022621149 0.9989355 -0.040201479 -4.1428635 0.61527094 0.045605064 0.78699548 60.484509
0.78198944 -0.0078043952 -0.62324278 -29.851823 -0.022678226 0.99890326 -0.040963118 -4.2088838 0.62287899 0.046166767 0.78095482 61.31381
0.77850316 -0.007897312 -0.62759098 -30.550854 -0.023821566 0.99882859 -0.042118554 -4.2729501 0.62718849 0.047739628 0.77740309 62.194057
0.77184071 -0.0090868686 -0.63575098 -31.233036 -0.023285803 0.99882308 -0.042546695 -4.3325057 0.63538943 0.047643244 0.77072072 63.000221
0.76538009 -0.011039364 -0.64348381 -31.951316 -0.022237658 0.99880219 -0.043585247 -4.3934068 0.64319425 0.047668853 0.76421782 63.86464
0.7602193 -0.01281285 -0.64954016 -32.678462 -0.021577601 0.99875592 -0.04495583 -4.4564117 0.64930814 0.048191808 0.75899705 64.673885
0.75332207 -0.013201094 -0.65751924 -33.379456 -0.021650481 0.99875877 -0.044857231 -4.5227541 0.65729533 0.04802755 0.75210122 65.525696
0.74859043 -0.013524525 -0.66289472 -34.147473 -0.020414906 0.99884775 -0.043432754 -4.5842293 0.66271836 0.046046278 0.74745177 66.331767
0.74161443 -0.014535262 -0.67066887 -34.917263 -0.018617226 0.99893418 -0.042236302 -4.6506612 0.67056803 0.043809045 0.74055339 67.160184
0.73619099 -0.015774631 -0.67658994 -35.673542 -0.01820373 0.99890505 -0.043096679 -4.715827 0.676529 0.044043848 0.73509774 67.971626
0.72684244 -0.017305916 -0.68658615 -36.445483 -0.018204465 0.9988458 -0.044448491 -4.7786496 0.68656297 0.044805983 0.72568847 68.727836
0.72225622 -0.017306894 -0.69140898 -37.200211 -0.018843627 0.99882334 -0.044686222 -4.8367465 0.69136886 0.045303556 0.72108025 69.532711
0.71716623 -0.016448751 -0.69670797 -38.045871 -0.019409088 0.9988622 -0.043561404 -4.9057301 0.69663184 0.044763235 0.71603098 70.322907
0.71297458 -0.016472181 -0.70099634 -38.825673 -0.019716249 0.99885779 -0.043524549 -4.9669991 0.70091266 0.044852916 0.71183544 71.111339
0.70751658 -0.018625543 -0.70645122 -39.654361 -0.017990513 0.99885395 -0.044352365 -5.0320769 0.70646774 0.044089454 0.70637065 71.923543
0.70307199 -0.019646232 -0.71084721 -40.442162 -0.019480429 0.99871105 -0.046869497 -5.0971435 0.71085184 0.04680024 0.70178305 72.710456
0.69798803 -0.019802032 -0.71583556 -41.258049 -0.022401472 0.99852461 -0.049464955 -5.1711983 0.71575899 0.050561717 0.69651463 73.487562
0.69406097 -0.019549708 -0.7196507 -42.121705 -0.024210858 0.99843193 -0.050472907 -5.2462398 0.71950903 0.052454636 0.69249932 74.296798
0.6881461 -0.020950935 -0.72526957 -43.033834 -0.021278538 0.99857037 -0.049035181 -5.3176972 0.7252601 0.049176046 0.6867165 75.095479
0.68355194 -0.021344498 -0.72958968 -43.819335 -0.019911288 0.99865505 -0.047871001 -5.3812397 0.72963027 0.047249386 0.68220761 75.832992
0.67966819 -0.022057758 -0.73318795 -44.709092 -0.019507113 0.99865071 -0.048127303 -5.4637004 0.7332603 0.047012978 0.67832083 76.668715
0.67499443 -0.021063906 -0.73752205 -45.547576 -0.021623111 0.9985983 -0.048310229 -5.5369579 0.73750593 0.048556658 0.67359283 77.432104
0.6693991 -0.024356117 -0.74250359 -46.487467 -0.017059621 0.99869491 -0.048139867 -5.6007757 0.74270712 0.044891614 0.66810997 78.21849
0.66461805 -0.024951243 -0.74676652 -47.322625 -0.016317068 0.99871925 -0.047891681 -5.6716291 0.74700512 0.044014716 0.66335971 79.000641
0.66183914 -0.026416702 -0.74918026 -48.227394 -0.015147808 0.9987036 -0.048596938 -5.7512316 0.74949286 0.043511794 0.66058097 79.770566
0.65748802 -0.030146794 -0.75286163 -49.116648 -0.013627622 0.99856 -0.051886533 -5.83464 0.75334179 0.044374487 0.65613041 80.569654
0.65355568 -0.035354911 -0.75605221 -50.017706 -0.0081764779 0.99852034 -0.053761341 -5.9025138 0.7568343 0.041317874 0.65229956 81.344458
0.64636055 -0.037881239 -0.7620912 -50.928661 -0.004660039 0.99855229 -0.053587369 -5.9859415 0.76301794 0.038188136 0.64524828 82.100511
0.63793295 -0.043909172 -0.76883905 -51.868285 0.0037446704 0.99853821 -0.053920437 -6.0640867 0.77008284 0.031518575 0.63716485 82.884681
0.63055353 -0.043662 -0.77491665 -52.772345 0.0041948272 0.99859357 -0.052851528 -6.1477165 0.77613446 0.030075076 0.62984986 83.633214
0.62074142 -0.042570786 -0.78285872 -53.718893 0.0056416335 0.99874144 -0.04983685 -6.2188953 0.7839951 0.026519195 0.62020035 84.368063
0.60992587 -0.040775274 -0.79140871 -54.737233 0.0028757804 0.99878267 -0.049243359 -6.312987 0.79245329 0.027758881 0.60930065 85.115809
0.60345157 -0.042214203 -0.79628143 -55.652481 0.0015979131 0.99865972 -0.051732162 -6.3781471 0.79739808 0.029945466 0.60271023 85.829183
0.59314054 -0.04750391 -0.80369622 -56.67766 0.0077224541 0.99854753 -0.053321653 -6.4578321 0.80506193 0.025420727 0.59264587 86.615716
0.58460884 -0.046650976 -0.80997292 -57.705771 0.0032513508 0.99847218 -0.05516102 -6.5379485 0.81130881 0.029614114 0.58386735 87.287355
0.57322856 -0.048023086 -0.81798701 -58.669165 0.0075072778 0.99854698 -0.05336261 -6.6239242 0.81936116 0.024448116 0.57275617 88.000615
0.56379934 -0.049373379 -0.82443467 -59.722048 0.011154069 0.99857569 -0.052174419 -6.6995959 0.82583652 0.020220102 0.56354703 88.7163
0.55100932 -0.049733295 -0.83301577 -60.761011 0.01107931 0.99857054 -0.052288807 -6.7839988 0.83442557 0.019582379 0.55077269 89.376243
0.5441745 -0.049802062 -0.83749257 -61.824777 0.0081504516 0.9985033 -0.054080784 -6.8724774 0.8389325 0.022603441 0.54376595 90.017994
0.53317949 -0.050034361 -0.84452124 -62.896996 0.0069732116 0.99847558 -0.054753051 -6.9549393 0.84597344 0.023304178 0.5327156 90.684866
0.52277657 -0.051521353 -0.85091136 -63.925503 0.0068259533 0.99839296 -0.056257455 -7.0335523 0.85244244 0.023601798 0.52228814 91.327381
0.51479164 -0.050670462 -0.85581658 -65.013762 0.0045953887 0.9984006 -0.056348233 -7.1277562 0.85730305 0.025074789 0.51420113 91.963621
0.50594109 -0.049575449 -0.86114216 -66.118569 0.0047908545 0.9984931 -0.054667923 -7.2084256 0.86255477 0.023533141 0.5054162 92.586649
0.49821304 -0.047361932 -0.8657601 -67.185394 0.0048878152 0.99864455 -0.051818699 -7.298738 0.86704091 0.021585076 0.49776923 93.207633
0.49061172 -0.049028982 -0.86999783 -68.315164 0.0074403711 0.99861512 -0.052081451 -7.3775366 0.87134657 0.019078663 0.49029708 93.816661
0.48292899 -0.050485666 -0.87420291 -69.370185 0.0068355506 0.99852353 -0.053889136 -7.4646067 0.87563287 0.020048968 0.48256106 94.427743
0.47841558 -0.054675645 -0.87642971 -70.504868 0.0097341512 0.99832862 -0.056966681 -7.5507326 0.87807963 0.018722448 0.4781482 95.007664
0.46799622 -0.05754757 -0.88185472 -71.635419 0.011483474 0.99818927 -0.059045036 -7.6438338 0.88365589 0.017506098 0.46780966 95.60984
0.46547214 -0.061185044 -0.88294508 -72.780304 0.013459835 0.9979816 -0.062060905 -7.7365685 0.88496022 0.017003327 0.46535617 96.177089
0.46047312 -0.061561103 -0.88553637 -73.921803 0.014327594 0.9979778 -0.0619276 -7.8381359 0.88755805 0.01582839 0.46042398 96.735991
0.4543143 -0.059287904 -0.88886635 -75.022189 0.016678419 0.9981741 -0.058054179 -7.9343679 0.89068536 0.011549958 0.4544736 97.356416
0.45068869 -0.059744832 -0.89067962 -76.181375 0.023849302 0.99820756 -0.054889694 -8.0251013 0.89236259 0.0034960767 0.45130573 97.931231
0.44643654 -0.057088174 -0.89299232 -77.290071 0.022140913 0.99836198 -0.052755381 -8.1208714 0.89454137 0.003780264 0.44696925 98.540327
0.44247579 -0.057079365 -0.89496204 -78.389249 0.023283498 0.99836712 -0.052162858 -8.2079483 0.89647818 0.0022429543 0.44308229 99.093067
0.44137533 -0.056042784 -0.89557074 -79.550789 0.025050771 0.99842832 -0.050133293 -8.298981 0.89697288 -0.00030713999 0.44208554 99.638523
0.43832855 -0.054784362 -0.89714363 -80.630127 0.025933217 0.99849601 -0.048302966 -8.3776948 0.89844066 -0.0020932525 0.43909004 100.16233
0.43653862 -0.056928763 -0.89788255 -81.750478 0.030550933 0.99835847 -0.048445814 -8.4647736 0.89916669 -0.006282682 0.43756126 100.69644
0.4354565 -0.056162821 -0.89845607 -82.830284 0.031147745 0.99839433 -0.04731356 -8.5417522 0.89967078 -0.0073818841 0.43650665 101.18202
0.43235609 -0.055260234 -0.90000803 -83.953599 0.033710924 0.99841317 -0.045107846 -8.6298732 0.90107261 -0.010837451 0.43353289 101.74416
0.43206349 -0.056016479 -0.90010179 -85.024746 0.038362309 0.99830729 -0.043713619 -8.7072323 0.90102694 -0.015642925 0.43348106 102.22458
0.42856596 -0.055952755 -0.90177627 -86.090903 0.038379333 0.99830712 -0.04370259 -8.7818785 0.90269503 -0.01588013 0.42998788 102.75998
0.4275758 -0.054464821 -0.90233721 -87.104168 0.034403075 0.9984406 -0.043963572 -8.8509939 0.90332465 -0.012245416 0.4287828 103.21061
0.42878402 -0.057315133 -0.90158703 -88.207008 0.037481323 0.99825479 -0.045634767 -8.9368611 0.9026292 -0.014225216 0.43018395 103.72711
0.42757579 -0.058352356 -0.90209416 -89.254519 0.037548504 0.99819964 -0.046771692 -9.0207874 0.90319938 -0.013873844 0.42899705 104.24164
0.42908755 -0.057671497 -0.90141988 -90.274026 0.034360714 0.99827948 -0.047512285 -9.0954895 0.90260915 -0.010586501 0.43033093 104.6864
0.43539606 -0.05842887 -0.89834084 -91.291486 0.034569631 0.99824067 -0.048171686 -9.1713176 0.89957506 -0.010081551 0.43664992 105.14554
0.43929599 -0.058574081 -0.89643072 -92.254442 0.032753197 0.99825292 -0.049176583 -9.2460062 0.89774513 -0.0077578968 0.440447 105.67265
0.44746235 -0.058808482 -0.89236704 -93.315227 0.031992022 0.99824947 -0.049744454 -9.3289164 0.8937304 -0.0062898566 0.44856045 106.17767
0.45289924 -0.057392313 -0.8897125 -94.307591 0.030254038 0.99834052 -0.048999021 -9.4047451 0.89104828 -0.0047257777 0.45388401 106.67227
0.45969933 -0.057304499 -0.88622382 -95.258359 0.031509304 0.99834012 -0.048209689 -9.4818166 0.8875155 -0.0057623348 0.46074191 107.17888
0.46796388 -0.055477752 -0.88200451 -96.270782 0.027960288 0.99845747 -0.04796775 -9.5499317 0.88330521 -0.0022139265 0.4687932 107.68646
0.47949562 -0.056810004 -0.87570343 -97.20241 0.030816424 0.99837691 -0.04789459 -9.6272405 0.87700306 -0.0040208025 0.48046804 108.16507
0.48983323 -0.056531182 -0.86998136 -98.193306 0.028146381 0.99840072 -0.049028339 -9.6974091 0.87136172 -0.00047111722 0.490641 108.72628
0.4998208 -0.058230335 -0.86416916 -99.140173 0.026749941 0.99829932 -0.051796719 -9.7751957 0.8657157 0.002772603 0.50052843 109.26912
0.51097008 -0.058643736 -0.85759572 -100.15104 0.024518192 0.99825853 -0.053654124 -9.8571242 0.8592488 0.0063889548 0.51151808 109.80133
0.52316015 -0.055412964 -0.85043095 -101.04138 0.019453738 0.99840038 -0.053087089 -9.9239003 0.85201237 0.011228988 0.52340128 110.3649
0.53694158 -0.05310503 -0.84194628 -101.95461 0.018167106 0.99851318 -0.051394488 -10.00114 0.84342383 0.01230011 0.53710801 110.93785
0.5482408 -0.052528021 -0.83466926 -102.86652 0.020469144 0.99856941 -0.049397836 -10.073585 0.83607003 0.0099969433 0.5485317 111.51358
0.55963845 -0.050267271 -0.82721095 -103.74898 0.017980903 0.9986603 -0.048521026 -10.146436 0.82854182 0.012280231 0.55979255 112.12926
0.57100715 -0.050869924 -0.81936745 -104.61713 0.018641482 0.99862441 -0.049007961 -10.217162 0.82073344 0.012709672 0.57116997 112.72051
0.58138111 -0.052041819 -0.81196527 -105.46832 0.018781671 0.99854479 -0.050552383 -10.291843 0.8134146 0.014140135 0.58151251 113.33036
0.59254796 -0.05404456 -0.80372013 -106.30015 0.021609948 0.99845423 -0.051206991 -10.365441 0.80524529 0.012974247 0.59279992 113.94331
0.60426531 -0.053218416 -0.79500388 -107.12421 0.021135893 0.99848645 -0.050774821 -10.442696 0.79650283 0.013878346 0.60447555 114.56259
0.61497248 -0.051742274 -0.78684912 -107.97552 0.021184782 0.99856881 -0.049107462 -10.516115 0.78826398 0.01353051 0.61518849 115.21801
0.62332158 -0.049694949 -0.78038489 -108.71532 0.021705105 0.99869359 -0.046260209 -10.574142 0.78166435 0.01189665 0.6235859 115.82908
0.63412954 -0.047897984 -0.77174183 -109.52396 0.020062927 0.99876273 -0.045502558 -10.642931 0.77296653 0.013371116 0.63430593 116.45756
0.64331758 -0.047437616 -0.76412834 -110.29446 0.018755009 0.9987555 -0.046213642 -10.709513 0.76536971 0.015398814 0.64340667 117.11453
0.65288923 -0.046279426 -0.75603824 -111.00948 0.016080212 0.99875363 -0.047250451 -10.776965 0.75728273 0.018692055 0.65281967 117.74091
0.66220879 -0.045509098 -0.74793609 -111.8031 0.015574306 0.99877429 -0.046982457 -10.846372 0.74915753 0.01946361 0.66210589 118.413
0.67096146 -0.043906808 -0.7401911 -112.51149 0.01578953 0.99886498 -0.044938135 -10.909315 0.74132412 0.018464487 0.67089318 119.06
0.67975177 -0.042274029 -0.73222291 -113.22896 0.015527391 0.99894326 -0.043258118 -10.967636 0.7332779 0.018035271 0.67968985 119.71549
0.68722397 -0.041499109 -0.72525926 -113.94544 0.01579573 0.99898455 -0.042194242 -11.02998 0.72627388 0.017540895 0.68718164 120.38798
0.69517202 -0.041222681 -0.71766044 -114.62316 0.015507943 0.99898205 -0.042359908 -11.094365 0.71867615 0.018317986 0.69510366 121.05072
0.7032981 -0.037784019 -0.70989021 -115.35451 0.011629598 0.99906442 -0.041653758 -11.149328 0.71079995 0.021039271 0.70307952 121.72456
0.71064087 -0.036160271 -0.70262503 -115.98508 0.012283013 0.99916378 -0.038998357 -11.211089 0.70344773 0.019083474 0.71049078 122.3691
0.71783922 -0.033586176 -0.69539829 -116.62983 0.011132801 0.99926174 -0.036770035 -11.263305 0.69611993 0.018653242 0.71768318 123.03426
0.72496621 -0.032548359 -0.68801494 -117.30346 0.011104086 0.99930534 -0.035574318 -11.319781 0.68869495 0.018150401 0.72482403 123.69982
0.73253541 -0.030785886 -0.6800324 -117.9287 0.0095629222 0.99934365 -0.034940248 -11.372716 0.68066178 0.019091872 0.73234901 124.38153
0.73927565 -0.028339157 -0.67280634 -118.51136 0.0073968368 0.99939556 -0.033967763 -11.422068 0.67336234 0.020134901 0.73903842 125.02457
0.74828196 -0.025795997 -0.66287905 -119.08008 0.0069443162 0.99949351 -0.031056382 -11.468553 0.66334449 0.018635688 0.7480821 125.69105
0.75851034 -0.021900506 -0.65129286 -119.69231 0.0045158961 0.99958777 -0.028353027 -11.507474 0.65164538 0.018564893 0.75829656 126.34782
0.76776186 -0.019478712 -0.64043913 -120.23273 0.0027389397 0.99962844 -0.027119862 -11.557376 0.64072948 0.019067471 0.76752994 127.03368
0.77790969 -0.019259077 -0.62808086 -120.78068 0.0018907249 0.99959742 -0.02830927 -11.597711 0.62837327 0.020834527 0.77763294 127.69414
0.78691414 -0.02001283 -0.61673786 -121.26416 0.0020752637 0.99955411 -0.029787132 -11.643348 0.61705904 0.022160021 0.78660479 128.33725
0.79693963 -0.019037631 -0.60375886 -121.80249 0.0016580993 0.99956842 -0.029329606 -11.685059 0.60405671 0.022372833 0.79662726 129.02179
0.80651245 -0.0179495 -0.59094455 -122.29531 0.0014445424 0.99959587 -0.028390488 -11.719991 0.59121537 0.022043637 0.80621243 129.7067
0.81686267 -0.015807168 -0.57661554 -122.78748 0.0012785504 0.99967162 -0.025593443 -11.757857 0.5768308 0.020169096 0.81661464 130.3977
0.82660979 -0.014523488 -0.56258803 -123.27513 0.0017674339 0.99972901 -0.02321161 -11.800147 0.56277273 0.018192607 0.82641146 131.10477
0.83530359 -0.012991787 -0.54963542 -123.73468 0.0020093387 0.99978622 -0.020578371 -11.831929 0.54978532 0.016084784 0.83515113 131.80172
0.84292931 -0.012496253 -0.53787917 -124.19757 0.002954144 0.99982266 -0.018598791 -11.861826 0.53801624 0.014088494 0.84281674 132.51487
0.85005738 -0.012789192 -0.52653478 -124.61503 0.0041490111 0.99983673 -0.017587076 -11.88892 0.52667378 0.012765425 0.84997165 133.23529
0.85620393 -0.012752522 -0.51648057 -125.03685 0.0046275873 0.99984451 -0.017015899 -11.92686 0.51661731 0.01217902 0.85612981 133.96007
0.86337379 -0.011716065 -0.50442879 -125.45289 0.0037654588 0.99985215 -0.016778056 -11.949856 0.50455083 0.012586328 0.86329026 134.66919
0.87002651 -0.010022038 -0.49290304 -125.87608 0.0023070775 0.99986517 -0.016257697 -11.981904 0.49299956 0.013007462 0.86993233 135.39324
0.87620207 -0.0090772077 -0.48185839 -126.32173 0.0017929664 0.99987709 -0.015575305 -12.002404 0.48194059 0.012783158 0.87611066 136.15777
0.88151557 -0.0096088572 -0.47205716 -126.72578 0.0024910613 0.99987363 -0.015700924 -12.03257 0.47214841 0.012664686 0.8814281 136.91281
0.88674825 -0.010817392 -0.46212607 -127.08511 0.0035095378 0.99985488 -0.016670226 -12.061026 0.46223937 0.013160445 0.88665753 137.66582
0.89079877 -0.011339298 -0.45425649 -127.50629 0.0039738014 0.99984476 -0.017165811 -12.092611 0.45438065 0.013486158 0.89070554 138.45565
0.89392296 -0.010577219 -0.44809579 -127.89517 0.0035903946 0.99985843 -0.016438864 -12.118362 0.44820627 0.013086237 0.89383439 139.20532
0.89734472 -0.0089796194 -0.44123894 -128.28629 0.0034003064 0.99990398 -0.013433788 -12.145834 0.44131724 0.010554391 0.89728909 140.00796
0.90028105 -0.0051858266 -0.43527822 -128.67834 0.0011157818 0.99995324 -0.0096055047 -12.166558 0.43530771 0.0081619781 0.90024474 140.81811
0.90363845 -0.0023488984 -0.42828964 -129.06656 -0.0006434153 0.99997639 -0.0068417666 -12.182136 0.42829563 0.0064580513 0.9036156 141.63744
0.90713176 0.00039018169 -0.42084654 -129.46405 -0.0024974902 0.99998695 -0.0044561991 -12.203734 0.42083934 0.0050934196 0.9071209 142.45612
0.91025405 0.00212025 -0.41404475 -129.86263 -0.0035541651 0.99999006 -0.0026928589 -12.212873 0.41403496 0.0039227688 0.91025254 143.32279
0.91313167 0.003197274 -0.40765219 -130.2357 -0.0034385933 0.99999408 0.00014072454 -12.229097 0.40765027 0.0012732498 0.91313726 144.16751
0.91684433 0.0036595865 -0.39922809 -130.62723 -0.002967983 0.99999283 0.002350491 -12.249528 0.39923387 -0.00097013248 0.91684862 145.04114
0.91972153 0.0032086038 -0.39255829 -131.00738 -0.0020811438 0.9999924 0.0032976165 -12.259595 0.39256591 -0.002215919 0.91972121 145.89742
0.92366763 0.0022979714 -0.38318771 -131.38673 -0.0012213236 0.99999459 0.0030529734 -12.255781 0.38319268 -0.0023519369 0.92366544 146.82471
0.92723222 -1.4952355e-05 -0.37448684 -131.76462 0.001172253 0.99999522 0.0028625794 -12.285809 0.37448504 -0.0030932696 0.9272278 147.72767
0.93106184 -0.0017243049 -0.36485731 -132.13871 0.0025023181 0.99999549 0.0016595955 -12.282766 0.36485284 -0.0024581755 0.93106196 148.65624
0.93536511 -0.0026609981 -0.35367361 -132.48765 0.0026940914 0.99999629 -0.00039875578 -12.309911 0.35367339 -0.00057984706 0.93536881 149.59233
0.94027696 -0.0011462499 -0.34040844 -132.85675 0.00055808289 0.99999818 -0.0018257345 -12.32196 0.34040994 0.0015267197 0.94027589 150.56131
0.94603419 0.0024168031 -0.3240578 -133.18876 -0.0026201951 0.99999655 -0.00019132163 -12.330037 0.32405625 0.0010300912 0.94603726 151.51903
0.9522048 0.0060468416 -0.30540048 -133.5164 -0.0055660084 0.99998152 0.0024451509 -12.334969 0.30540965 -0.00062842308 0.95222086 152.53082
0.95821257 0.0092868382 -0.28590632 -133.83974 -0.0084795006 0.9999558 0.0040616944 -12.346075 0.28593143 -0.0014676241 0.95824896 153.54814
0.96423141 0.010698578 -0.26484585 -134.1195 -0.0097179745 0.99994022 0.005012585 -12.364355 0.26488366 -0.002259527 0.96427773 154.58475
0.96988191 0.012128078 -0.24327346 -134.39349 -0.010974751 0.9999212 0.0060956515 -12.36572 0.24332824 -0.0032421967 0.96993859 155.63108
0.97509232 0.012928376 -0.22142227 -134.65361 -0.011280693 0.99989848 0.0087043951 -12.38257 0.22151235 -0.0059897925 0.97513917 156.69636
0.97969175 0.014745103 -0.19996665 -134.88031 -0.012621576 0.99984965 0.011890151 -12.379056 0.20011192 -0.0091247888 0.97973056 157.80166
0.98410162 0.016542566 -0.17683421 -135.09736 -0.013912179 0.99977352 0.016104473 -12.385455 0.17706058 -0.01338829 0.98410889 158.89808
0.98784392 0.018379614 -0.15435859 -135.2742 -0.015610585 0.99969509 0.019132003 -12.375411 0.15466317 -0.016489805 0.98782964 160.04722
0.99108327 0.020066096 -0.1317243 -135.43233 -0.017657018 0.99965526 0.019431524 -12.369352 0.13206882 -0.0169324 0.99109592 161.15015
0.99377954 0.019885123 -0.10957555 -135.57962 -0.01810016 0.99968718 0.017260552 -12.371097 0.10988451 -0.015169849 0.99382859 162.31251
0.99590106 0.020086082 -0.088190907 -135.69545 -0.018749076 0.99969679 0.015962738 -12.360497 0.088484802 -0.01424381 0.99597568 163.45599
0.99750592 0.018351738 -0.068155285 -135.77838 -0.017179962 0.99969504 0.017739322 -12.356504 0.068460054 -0.016524174 0.997517 164.63089
0.99864564 0.01900008 -0.048434327 -135.84999 -0.018068081 0.99964447 0.019608313 -12.357669 0.048789671 -0.018706641 0.99863388 165.84292
0.99942748 0.019198782 -0.027858791 -135.89374 -0.018626692 0.9996132 0.020651605 -12.351574 0.028244503 -0.020120864 0.99939852 167.01904
0.99976006 0.020748979 -0.0070211846 -135.90354 -0.020597978 0.99956862 0.020935643 -12.348753 0.0074525497 -0.020785998 0.99975617 168.25162
0.99969143 0.020852142 0.013499346 -135.92254 -0.021137248 0.99954895 0.021333452 -12.332935 -0.01304841 -0.021612209 0.99968127 169.50879
0.99915887 0.023129877 0.033861005 -135.88798 -0.023844286 0.99949827 0.020848664 -12.323687 -0.033361792 -0.021638519 0.99920907 170.74538
0.99820519 0.024057186 0.054842101 -135.8362 -0.025168058 0.99948998 0.019655859 -12.311641 -0.05434127 -0.02100085 0.99830155 171.98858
0.99705836 0.024355415 0.072673464 -135.75273 -0.025684653 0.99951844 0.017412261 -12.311494 -0.072214391 -0.019227634 0.99720378 173.27747
0.99550546 0.026071359 0.091044858 -135.66658 -0.027519647 0.99951334 0.014688211 -12.306551 -0.090617617 -0.017127717 0.99573846 174.53995
0.99351626 0.026800439 0.11048606 -135.52112 -0.028390879 0.99951434 0.012846638 -12.304599 -0.11008811 -0.015900141 0.99379464 175.82109
0.99113261 0.026435302 0.13022029 -135.36189 -0.027970176 0.99955902 0.0099716208 -12.311789 -0.12989927 -0.013525483 0.99143494 177.09248
0.98866911 0.028044474 0.14746829 -135.16345 -0.028978213 0.99957128 0.0041867426 -12.320356 -0.14728766 -0.0084126707 0.98905792 178.40074
0.98566967 0.029466706 0.16609337 -134.97954 -0.029547727 0.9995614 -0.0019837318 -12.344184 -0.16607899 -0.0029523772 0.98610803 179.7066
0.98266695 0.031784592 0.18263463 -134.7293 -0.030983934 0.99949369 -0.0072363754 -12.349352 -0.18277218 0.0014522078 0.98315422 180.99
0.97910051 0.033968284 0.20052017 -134.50257 -0.032395913 0.99941327 -0.011118587 -12.389063 -0.20078022 0.0043901801 0.97962648 182.30752
0.97511257 0.036338994 0.21871203 -134.19763 -0.034033109 0.99931836 -0.014302429 -12.423716 -0.2190827 0.0065030284 0.97568462 183.70338
0.97127916 0.035472162 0.23528388 -133.92726 -0.033035029 0.99935199 -0.014293126 -12.453468 -0.23563844 0.0061100062 0.97182159 184.97974
0.96720107 0.034461185 0.25166351 -133.56954 -0.031734699 0.99938547 -0.01488565 -12.490102 -0.25202185 0.0064109514 0.96770031 186.30212
0.96198437 0.034556021 0.27090948 -133.20014 -0.030389436 0.99934671 -0.019561091 -12.556641 -0.27140847 0.010584678 0.96240605 187.66116
0.95787298 0.035593072 0.28497804 -132.83861 -0.03004674 0.99926482 -0.023812171 -12.60786 -0.2856161 0.014246375 0.95823822 189.00533
0.95226477 0.03759752 0.30294922 -132.41746 -0.031698773 0.99920041 -0.024366574 -12.64023 -0.30362314 0.013600312 0.95269514 190.34334
0.94661238 0.039603134 0.31993215 -131.97396 -0.033385841 0.99913239 -0.024896921 -12.70627 -0.32064059 0.01288653 0.94711327 191.66781
0.94026392 0.043769379 0.33762108 -131.51594 -0.036304197 0.99893725 -0.028396741 -12.752275 -0.33850521 0.014443369 0.94085367 193.03758
0.93346491 0.044864366 0.3558517 -131.04773 -0.03585416 0.99884845 -0.031878741 -12.8267 -0.35687217 0.016998923 0.93399856 194.37354
0.9269547 0.045331936 0.37242448 -130.51761 -0.034982979 0.99879216 -0.034502424 -12.875325 -0.37353874 0.018953667 0.92742093 195.68763
0.91986327 0.045540005 0.38958653 -129.97282 -0.032782749 0.99868814 -0.039335593 -12.960908 -0.39086682 0.023411651 0.92014946 197.04507
0.91128648 0.049100281 0.40883506 -129.40318 -0.033467877 0.99841228 -0.045308007 -13.057809 -0.41041062 0.027605734 0.91148289 198.37261
0.90161848 0.052679352 0.42931223 -128.81482 -0.034939255 0.99818228 -0.049105798 -13.142371 -0.43111876 0.029274846 0.90182016 199.72276
0.88971363 0.055446228 0.45313944 -128.16926 -0.036272281 0.99804472 -0.050902377 -13.221115 -0.45507581 0.028852138 0.88998515 201.04902
0.8772452 0.059809412 0.47630209 -127.48086 -0.039149971 0.99781665 -0.053190413 -13.321074 -0.47844348 0.028013822 0.8776714 202.36355
0.86325716 0.064100371 0.50067774 -126.79187 -0.041296023 0.99754753 -0.056511561 -13.420059 -0.5030723 0.028108011 0.86378714 203.63958
0.84764878 0.06792823 0.52619129 -126.0334 -0.042756722 0.99729023 -0.059866972 -13.536651 -0.52883214 0.028247952 0.84825624 204.92897
0.83270177 0.069356426 0.54936093 -125.22771 -0.042037516 0.99717963 -0.062174247 -13.641748 -0.55212376 0.028678838 0.83326881 206.18956
0.81708048 0.070420194 0.57220666 -124.39705 -0.040835489 0.99708841 -0.064398551 -13.757703 -0.57507563 0.029252461 0.81757711 207.42641
0.80158654 0.072477166 0.5934695 -123.5394 -0.039039573 0.9968518 -0.069010115 -13.879864 -0.59660285 0.032148784 0.80189246 208.65113
0.78490071 0.075186822 0.61504292 -122.63866 -0.037307536 0.99654431 -0.074213178 -14.016994 -0.61849742 0.035304241 0.78499336 209.84259
0.76816618 0.07693028 0.63561184 -121.68557 -0.035222518 0.9963293 -0.078021116 -14.149524 -0.63928095 0.037545334 0.76805615 211.01609
0.75195457 0.078724796 0.65449729 -120.72379 -0.033794372 0.99614165 -0.080992264 -14.299816 -0.65834817 0.038784179 0.75171372 212.15033
0.73662828 0.079136748 0.67165178 -119.71205 -0.031564459 0.99607091 -0.082743085 -14.435324 -0.67556087 0.039750573 0.73623192 213.2853
0.72057407 0.079507612 0.68880441 -118.68987 -0.029542748 0.99602233 -0.08406395 -14.586417 -0.69274835 0.040225129 0.72005673 214.40976
0.70631852 0.079979708 0.70336147 -117.63754 -0.026337454 0.99587809 -0.086793791 -14.731375 -0.70740408 0.042779313 0.7055136 215.48581
0.69077707 0.081459512 0.71846457 -116.56906 -0.023818401 0.99565807 -0.0899872 -14.89383 -0.72267542 0.045048418 0.689718 216.54362
0.67643968 0.083755194 0.73172015 -115.45397 -0.021628522 0.99534329 -0.093935884 -15.065067 -0.73618042 0.047715936 0.6751012 217.58858
0.66149634 0.086260833 0.74497088 -114.33474 -0.020540432 0.99507419 -0.096981653 -15.220177 -0.74966708 0.048850986 0.66000977 218.61418
0.64484862 0.086498884 0.75939987 -113.17681 -0.018615875 0.99505811 -0.097533589 -15.399253 -0.76408361 0.048757508 0.6432721 219.64759
0.62892613 0.08804492 0.77246357 -111.97944 -0.019112057 0.99501756 -0.097850788 -15.57458 -0.77723015 0.046777551 0.62747527 220.60248
0.61197827 0.088832295 0.78586982 -110.8132 -0.020815518 0.99513685 -0.096277581 -15.746737 -0.79060064 0.042561501 0.61085121 221.58751
0.59253286 0.089600794 0.80054759 -109.63688 -0.022980889 0.99527044 -0.094385505 -15.908391 -0.80521844 0.037529219 0.59178955 222.47061
0.57567805 0.090956868 0.81260173 -108.42935 -0.025029762 0.9952883 -0.093673466 -16.077618 -0.81729331 0.033586531 0.57524225 223.36309
0.5570127 0.094338858 0.82512846 -107.19992 -0.026520022 0.99504122 -0.095862725 -16.263724 -0.83008048 0.031514332 0.55675247 224.21782
0.53893631 0.098307119 0.83659028 -105.98359 -0.02911532 0.99474704 -0.098135746 -16.440654 -0.84184322 0.028531325 0.53896754 225.04694
0.5212001 0.098393845 0.84774351 -104.74897 -0.029148762 0.99480449 -0.09754165 -16.620295 -0.85293662 0.026128045 0.52136025 225.83867
0.4984847 0.097452259 0.86140351 -103.48661 -0.029147838 0.99498367 -0.095696911 -16.802886 -0.86640838 0.022595396 0.49882465 226.61577
0.47652593 0.095467429 0.87396164 -102.24959 -0.028787147 0.995248 -0.093020038 -16.969361 -0.87868903 0.0191676 0.47700971 227.33004
0.45585184 0.093876367 0.8850911 -100.99381 -0.028830851 0.9954578 -0.090733444 -17.128178 -0.88958864 0.015843078 0.4564878 228.00206
0.43366705 0.092837502 0.89627787 -99.738215 -0.027525668 0.99557894 -0.089804835 -17.285014 -0.90065271 0.014274752 0.4343052 228.62521
