1.000000000000000000e+00 -3.306050084167601550e-19 -2.270457535318767223e-19 -8.673617379884035472e-19 7.546676715296109287e-19 1.000000000000000000e+00 6.237773588823049983e-19 1.387778780781445676e-17 -3.447385680526250622e-20 4.770700176052009879e-20 1.000000000000000222e+00 5.551115123125782702e-17
4.008697268353444976e-01 -4.042478946535060791e-03 9.160820878627787822e-01 -4.147011274564722072e+00 -1.181587092615723339e-02 9.998842622257870794e-01 9.584709964703010468e-03 -1.864981418699239446e-02 -9.160150302613616624e-01 -1.466353560038379140e-02 4.007755078470562338e-01 8.260552977795247998e+00
-2.253916900196487605e-01 -8.840581504415525108e-03 9.742493664082663152e-01 8.681369378634544720e-01 -3.066555997196760905e-02 9.995275192774462081e-01 1.972314345208278381e-03 1.633688681967375156e-01 -9.738064675125095437e-01 -2.944507354460544277e-02 -2.255561066148988325e-01 1.441914864128331253e+01
-8.460679224776315177e-01 -2.859666701375797315e-02 5.312782384340337671e-01 7.375923875144318131e+00 -4.632564448600705320e-02 9.987243945821285829e-01 -2.007054870573573777e-02 3.922337596126214687e-01 -5.300263328803374030e-01 -4.160362988632667486e-02 -8.463130358633471628e-01 1.498673677989302000e+01
-9.459750315316752811e-01 -3.350332787115888056e-02 3.242922075319737973e-01 1.130313379685121689e+01 -4.111871581735085379e-02 9.990160060890707072e-01 -1.663536887104661438e-02 3.753296356505815279e-01 -3.234157918227468786e-01 -2.907155624527721013e-02 -9.464220337271647132e-01 1.110268813757460649e+01
-8.606138133939275070e-01 -4.181992971479919080e-02 -5.066987400024948185e-01 1.449147187912113566e+01 -2.905940218270863448e-02 9.990293814041727449e-01 -3.311948928586349455e-02 3.641179564766975352e-01 5.075921513415316833e-01 -1.377360261809470326e-02 -8.609934975070104857e-01 7.038623546785395924e+00
-4.141022996803729317e-01 -3.460003155648628398e-02 -9.094127127769808805e-01 1.270121723781996081e+01 -1.276540779517533301e-02 9.994001124682901915e-01 -3.218646614155576402e-02 2.041706056498482358e-01 9.099807203228660324e-01 -1.722646044377487999e-03 -4.142956930083304679e-01 2.302363645960626926e+00
-2.102081450757780912e-01 -2.373563354227950506e-02 -9.774411403389352548e-01 9.140360240694054283e+00 -5.738793197636996891e-03 9.997181295783882371e-01 -2.304769667122162982e-02 1.061157150183463793e-01 9.777124793237704781e-01 7.703978348963246318e-04 -2.102851297948921394e-01 -1.123532050243648134e-01
2.887087063079621374e-01 -1.350523257539540910e-02 -9.573550650606860168e-01 5.962587562808167263e+00 9.011086113420656947e-04 9.999038504130502991e-01 -1.382823843637891702e-02 2.346586655445154213e-03 9.574500257783248314e-01 3.128646961725729553e-03 2.886930582272604906e-01 -1.701175918947958499e+00
4.437277647523978352e-01 -1.668189837457866769e-03 -8.960950735369438425e-01 2.760847497146436513e+00 4.342505550344406308e-03 9.999904517628588341e-01 2.910876438391017565e-04 -2.996471904902263395e-02 8.960861704613518608e-01 -4.020228455286380467e-03 4.437308095925316942e-01 -2.048051672803249623e+00
6.881272019932386241e-01 3.179370447026064108e-03 -7.256213043075583347e-01 3.500079462612893932e-01 1.117608751689077619e-02 9.998253220732179480e-01 1.497868736455573724e-02 -8.579973876168088542e-02 7.255421923753810898e-01 -1.841750720100079897e-02 6.879714671368517553e-01 -1.642023231595733712e+00
7.549338003289971510e-01 2.414552858671692274e-03 -6.557639560694925596e-01 -6.764939125796750607e-01 1.509063688840241169e-02 9.996644275389001688e-01 2.105018699500240537e-02 -7.878217361321179779e-02 6.555949866402437376e-01 -2.578594615837204868e-02 7.546441875602644123e-01 -1.050392010791082242e+00
7.607583658042407215e-01 6.127845595398516768e-03 -6.488741177738585053e-01 -4.907464899005207770e-01 1.310258524660708364e-02 9.996065981110714427e-01 2.479817040950508741e-02 -8.977044046241042241e-02 6.487708261310346503e-01 -2.736866112915508839e-02 7.603788233733539403e-01 -1.122096587363093256e+00
8.250156359824520891e-01 8.117892372524176253e-03 -5.649572944146554754e-01 -9.505787548700700418e-01 1.178494667096552199e-02 9.994321540302650853e-01 3.157053349049309537e-02 -7.318244137138828209e-02 5.648927603014516352e-01 -3.270415964277780668e-02 8.244517651935819869e-01 -4.879095199105563663e-01
8.344553390569877660e-01 6.480477255894442901e-03 -5.511630580933869483e-01 -7.538031438991708022e-01 1.454133924868464788e-02 9.993236006034232899e-01 3.376717910353371072e-02 -7.016198476697059483e-02 5.510091833153792917e-01 -3.619160865322283011e-02 8.337968965212296801e-01 -5.292953288480777285e-01
8.855117990521397253e-01 4.295605197004698228e-03 -4.645135894582878011e-01 -1.150085932997027438e+00 1.589402253982217378e-02 9.990918606546473901e-01 3.952655603856902733e-02 -5.820810177358184956e-02 4.642613554726664482e-01 -4.238682817510421724e-02 8.846394614403688683e-01 1.400368590901783505e-01
8.969482838978093397e-01 1.386148594800357429e-03 -4.421776881629836398e-01 -9.819238058139017067e-01 1.872787900917938925e-02 9.989785151786360062e-01 4.112658750834807808e-02 -5.303920567765610383e-02 4.417831666363949417e-01 -4.516788060475865341e-02 8.960060818020034734e-01 1.150412792286929220e-01
9.340240240716387587e-01 -1.869202638546123892e-03 -3.571488571656846189e-01 -1.309792649275943077e+00 1.865585810416903190e-02 9.988767066783008630e-01 4.355901424115864867e-02 -3.132156600588366369e-02 3.566662229399319983e-01 -4.734934933609633023e-02 9.330100973636166195e-01 8.249313394390822562e-01
9.419148282554241636e-01 -2.881844732719242644e-03 -3.357754215027599631e-01 -1.137352741913190135e+00 1.924887670268406875e-02 9.987825529582392559e-01 4.541646939954646633e-02 -2.257208059857919447e-02 3.352356927637677453e-01 -4.924324958931013130e-02 9.408237841572778537e-01 8.364487381154110945e-01
9.681934414756517837e-01 -2.038274449950034772e-03 -2.501604282393977696e-01 -1.444290360730958955e+00 1.461173386326938654e-02 9.987206908047312481e-01 4.839821994342694694e-02 1.152970302931019542e-02 2.497414272529894230e-01 -5.051538261179337047e-02 9.669848531055122987e-01 1.609551375618267333e+00
9.741051469481054603e-01 -1.203959352557425633e-03 -2.260276050035705808e-01 -1.278588365596747600e+00 1.272833999882266517e-02 9.986919060855875552e-01 4.950804544334209967e-02 2.039233304772551658e-02 2.256719561668762142e-01 -5.110438883511597696e-02 9.728463123494555109e-01 1.742316737105853885e+00
9.847409024806700328e-01 -2.004159805549923356e-03 -1.738433703791511797e-01 -1.386460181066207831e+00 1.115853474065141120e-02 9.986030594717050235e-01 5.160962681571825555e-02 4.468213391195288708e-02 1.734963951333995391e-01 -5.276458554007566054e-02 9.833878843801754366e-01 2.213658755892421670e+00
9.897045088272062863e-01 -3.243761162733317660e-03 -1.429614819149873650e-01 -1.308490362620812419e+00 1.023482776306022454e-02 9.987874691204703392e-01 4.809704293467342157e-02 5.453946363951347326e-02 1.426313850724364174e-01 -4.906669183659417843e-02 9.885380012812969852e-01 2.483406091162460694e+00
9.908474938254131503e-01 -1.505624050559258714e-03 -1.348419945774341211e-01 -1.286176314050802905e+00 8.247546567271916637e-03 9.987447854743973785e-01 4.935409366383896462e-02 6.753129638016938663e-02 1.345979638178574078e-01 -5.001577887195140376e-02 9.896163689049932710e-01 2.777361716656035373e+00
9.929153156949084291e-01 -2.942187986243299021e-03 -1.186581697214214720e-01 -1.241205108118077938e+00 8.445051052345805068e-03 9.989126033513393565e-01 4.578521163997012478e-02 7.833752879236492717e-02 1.183937578286495956e-01 -4.646436550724640513e-02 9.918606142598742625e-01 3.176892285564368645e+00
9.936395345187762906e-01 -5.190728150760337729e-03 -1.122852316024436498e-01 -1.315220182995718856e+00 1.017817399490179159e-02 9.989878182269597007e-01 4.374802503597745307e-02 9.673448600165165945e-02 1.119433895762544512e-01 -4.461568658270403248e-02 9.926870760605692734e-01 3.493791040585926044e+00
9.950852471593397697e-01 -8.661820613809451813e-03 -9.839394349303595688e-02 -1.184294147620431392e+00 1.253444344187707934e-02 9.991715055851584371e-01 3.860198565871908460e-02 1.035109334296703126e-01 9.797579290496293003e-02 -3.965093643318499256e-02 9.943703234044888317e-01 3.969682934086321779e+00
9.959135655721669256e-01 -9.188783684230468138e-03 -8.950864558858877273e-02 -1.225721527598890637e+00 1.243117812844524335e-02 9.992882451044518000e-01 3.545713553134006990e-02 1.222975492546548026e-01 8.911608946135331222e-02 -3.643214904587681324e-02 9.953201567344226453e-01 4.355258610970746957e+00
9.960950515939543948e-01 -1.080909693979192898e-02 -8.736550076282507959e-02 -1.167981701939362349e+00 1.389110608828795883e-02 9.993026890684726382e-01 3.452883917013221948e-02 1.412603270455423665e-01 8.692859432828570210e-02 -3.561389396137706193e-02 9.955517112609436614e-01 4.908363509115905465e+00
9.963417010949742192e-01 -1.086389308196853906e-02 -8.454954080342344525e-02 -1.195366947041287098e+00 1.376279997366010831e-02 9.993370822142698673e-01 3.359888959478279230e-02 1.543851007651070306e-01 8.412625647340456203e-02 -3.464485669273464213e-02 9.958316079261076981e-01 5.374990427759339440e+00
9.962766206868299834e-01 -1.182079625704019962e-02 -8.512522923484532045e-02 -1.180672364972917165e+00 1.476459421534981331e-02 9.993147340058188277e-01 3.382238172816659505e-02 1.760703044990661881e-01 8.466441014129157117e-02 -3.496017082707474077e-02 9.957696673028958445e-01 5.976571142123881408e+00
9.961428771900674439e-01 -1.145974537733312343e-02 -8.665159948054290684e-02 -1.206413408454569680e+00 1.453827071450805759e-02 9.992864036233446434e-01 3.470321259041608819e-02 1.820848822208116502e-01 8.618850258892470084e-02 -3.583779870704489195e-02 9.956001009386022949e-01 6.536030633862821126e+00
9.963496180527945389e-01 -9.941453244487863383e-03 -8.446001489852007771e-02 -1.216938967312214404e+00 1.290995538105758379e-02 9.993194130865021840e-01 3.439727507066923928e-02 2.196411447708878639e-01 8.405734770975280268e-02 -3.536969792559388481e-02 9.958010077515423442e-01 7.254378814997580527e+00
9.961710040983942083e-01 -9.254069597365931210e-03 -8.665118883028856411e-02 -1.210762622799827604e+00 1.240570515786471907e-02 9.992821322053109245e-01 3.566495662121389049e-02 2.274655949602501503e-01 8.625641173573396492e-02 -3.660938801786265545e-02 9.955715366813723266e-01 7.815696628398548285e+00
9.966072591150008098e-01 -7.718806380924221784e-03 -8.176152908269479491e-02 -1.249642993248032186e+00 1.055972459232176058e-02 9.993558047741384343e-01 3.421969782015815004e-02 2.609532677616065444e-01 8.144341765475517081e-02 -3.497011265695039450e-02 9.960471122926543019e-01 8.631057414680926243e+00
9.959978447972824833e-01 -7.773111354677397777e-03 -8.885308610118924921e-02 -1.297241546990647088e+00 1.116144996425839746e-02 9.992295285270408334e-01 3.755583369882257300e-02 2.674184153063938196e-01 8.849142689739941670e-02 -3.840060944771182122e-02 9.953176610842461303e-01 9.158512620938036974e+00
9.962869180376673350e-01 -7.179667713397467656e-03 -8.550726663758015378e-02 -1.331050028953699504e+00 1.036509535261160610e-02 9.992707831902728488e-01 3.661203462029282568e-02 2.905009902935480892e-01 8.517980104304982703e-02 -3.736747484909520162e-02 9.956354144832720854e-01 9.903411266990397976e+00
9.959948483358807003e-01 -6.121044150012315901e-03 -8.889625639357963405e-02 -1.357556434391946620e+00 9.629186954290188186e-03 9.991944547090858553e-01 3.882003435064579344e-02 3.065511000290802035e-01 8.858504834709708675e-02 -3.952511392395959000e-02 9.952519000724041609e-01 1.054517556973928905e+01
9.958758296709079305e-01 -4.127350372789591847e-03 -9.045489975369724878e-02 -1.396414589531540074e+00 7.800779632701429316e-03 9.991604858338838380e-01 4.013060136883621343e-02 3.147216510276234502e-01 9.021235182852990753e-02 -4.067286276164771425e-02 9.950722936947326014e-01 1.120457876936109187e+01
9.953933323681909418e-01 -3.095853244334297125e-03 -9.555219827990291126e-02 -1.418949708865040682e+00 7.271855370995074751e-03 9.990372357784896851e-01 4.313287700660403678e-02 3.346561845918976097e-01 9.532541790623978717e-02 -4.363174795445164122e-02 9.944577551603571708e-01 1.184685757255243388e+01
9.953460205671094130e-01 -2.937345753394274110e-03 -9.611860031992237874e-02 -1.471198833495061642e+00 7.226123961987046540e-03 9.989962288885703146e-01 4.411395192196653631e-02 3.442410275474298564e-01 9.589154665143050094e-02 -4.460537657178695325e-02 9.943682135913483044e-01 1.253399372933975542e+01
9.954293151916074889e-01 -2.683419198842274932e-03 -9.530321575705665016e-02 -1.525646221225937627e+00 6.940431148210728790e-03 9.989946683736159461e-01 4.419000974432998191e-02 3.637652659468571525e-01 9.508794600730470503e-02 -4.465109586020768462e-02 9.944472332087637145e-01 1.318920390940193954e+01
9.963096862248119745e-01 -2.877253211148155573e-03 -8.552737363007135996e-02 -1.576579452000644865e+00 6.344082947425083718e-03 9.991727190984704965e-01 4.004990499167125628e-02 3.897943173130735683e-01 8.534031932314226077e-02 -4.044697329154688104e-02 9.955038822705593038e-01 1.398105131575775850e+01
9.966706696168868840e-01 -1.977762078829734503e-03 -8.125746633292384169e-02 -1.626414009994437082e+00 5.136855666975366497e-03 9.992427764614546515e-01 3.844897682583731102e-02 4.030585380070625945e-01 8.111902787497030087e-02 -3.874022288076784531e-02 9.959262608193943933e-01 1.468296764619381456e+01
9.970944601557877318e-01 -8.217992859786223039e-04 -7.595760277500238078e-02 -1.643929845876505924e+00 3.613375488780843758e-03 9.993264371732167861e-01 3.641378519211864451e-02 4.205277941216173931e-01 7.587610308685514837e-02 -3.658332229365578170e-02 9.964258300422116355e-01 1.535218780355481627e+01
9.974330977236629536e-01 2.879841648213656534e-03 -7.123604280023114466e-02 -1.717853958188819252e+00 -3.974304934987963472e-04 9.993980650932454690e-01 3.452664383350086824e-02 4.371585613852967400e-01 7.129313866919322062e-02 -3.440866436909683496e-02 9.968339363270737330e-01 1.601919617616624336e+01
9.978402327510164094e-01 5.068900627997049643e-03 -6.521494596382630682e-02 -1.708504164865721098e+00 -2.968527002100886190e-03 9.994792355103464532e-01 3.200397481453863546e-02 4.510176086674982932e-01 6.534421220396044450e-02 -3.173916863095283675e-02 9.973357236369834178e-01 1.664050359415234226e+01
9.975433487450716674e-01 6.514087287915065055e-03 -6.947639296284154053e-02 -1.787059949528059910e+00 -4.125444736642437833e-03 9.994017289094777601e-01 3.420564375110710792e-02 4.599235786016444560e-01 6.965910186637250257e-02 -3.383205356919957024e-02 9.969735796483072399e-01 1.713003857882364400e+01
9.982227837845273344e-01 5.795067502604991580e-03 -5.893950766102513950e-02 -1.776552692733837979e+00 -4.055274789507982633e-03 9.995588538797887113e-01 2.923816491896748249e-02 4.805677920088314847e-01 5.908469491635419402e-02 -2.894361333102680664e-02 9.978063073201204336e-01 1.786224433213904206e+01
9.980806119791028053e-01 6.354393689465612054e-03 -6.134997701169900980e-02 -1.838271837785967477e+00 -4.470382997114158777e-03 9.995192927503286917e-01 3.055538016605349391e-02 4.863736607234003806e-01 6.151592177827970576e-02 -3.021987176742421677e-02 9.976295183166807856e-01 1.831345113827219606e+01
9.988511402931424810e-01 4.926907785950623495e-03 -4.723892038445060698e-02 -1.835021276711543692e+00 -3.799050766422884355e-03 9.997111323902576618e-01 2.351638490955803434e-02 4.872866015732121858e-01 4.734298087701088731e-02 -2.330617980406531758e-02 9.985817111575424621e-01 1.915030577406465540e+01
9.988295128285513691e-01 5.381508240327017092e-03 -4.763287152054665463e-02 -1.893060677048039375e+00 -4.235052677453346459e-03 9.997046324679211837e-01 2.370984258937763184e-02 4.967613110847995950e-01 4.774849970915886338e-02 -2.347614152712200822e-02 9.985577440849364717e-01 1.970860292952437831e+01
9.995834684259082836e-01 3.058940178019815045e-03 -2.801586662111672787e-02 -1.845072327035003568e+00 -2.649302821604652448e-03 9.998939747000163969e-01 1.397393011610112944e-02 4.937412291361409356e-01 2.805756493941867144e-02 -1.389000802031347889e-02 9.994859724967868342e-01 2.060280959635709763e+01
9.997466916543849003e-01 1.762416977712874359e-03 -2.157723426236371131e-02 -1.872936772526542226e+00 -1.511000885120766584e-03 9.999358231792919716e-01 1.079547371710626487e-02 4.936163390060687162e-01 2.159630407426493814e-02 -1.075727693822081145e-02 9.996853779084802216e-01 2.115491802839406077e+01
9.999808991942179537e-01 1.017758360718602024e-04 -1.545819960600620458e-03 -1.802757137130365672e+00 -8.259517404382032166e-05 9.999951238495008443e-01 7.748826048402006686e-04 4.959640306213314864e-01 1.546964311423289565e-03 -7.725974409888713718e-04 9.999760548218821210e-01 2.198724665744811446e+01
9.999734475755172047e-01 -2.241723952367136858e-04 4.608844496579158831e-03 -1.822915330774164566e+00 2.507207480085327299e-04 9.999933338145736705e-01 -2.301063942231292014e-03 4.678526697233952869e-01 -4.607476228570137750e-03 2.303801136891144973e-03 9.999668190356296726e-01 2.259502500297202943e+01
9.997179147924694087e-01 -2.254017941448060655e-03 2.275013518303222251e-02 -1.720199455126076638e+00 2.531555639074110041e-03 9.999279714628118709e-01 -1.127790527581093438e-02 4.665811906449858215e-01 -2.272092358827967895e-02 1.133664320175684082e-02 9.996519114246202875e-01 2.341345459130398865e+01
9.991655716324716607e-01 -6.020884369223892564e-03 3.992603734185807413e-02 -1.743337423463853897e+00 6.821251911078345109e-03 9.997820024819126239e-01 -1.948561704415073884e-02 4.125524645608527052e-01 -3.979713183982533375e-02 1.974761835661477047e-02 9.989896283392294407e-01 2.414826324936074542e+01
9.976065582217685801e-01 -1.095141376088675476e-02 6.799038391575232265e-02 -1.623781727492177751e+00 1.322156401639198488e-02 9.993709211756711674e-01 -3.275112017810181270e-02 3.774345325072222535e-01 -6.758568605159133436e-02 3.357822533553560251e-02 9.971248198159698983e-01 2.505235792819372165e+01
9.952651137257025882e-01 -1.336592350022861204e-02 9.614243799831954929e-02 -1.573541342298458323e+00 1.791628500169811788e-02 9.987545220249703926e-01 -4.650022980658722466e-02 3.193127592129821890e-01 -9.539914348307766689e-02 4.800695089379137387e-02 9.942656077605273035e-01 2.589045600175188611e+01
9.921333640830544143e-01 -1.124868860493235048e-02 1.245478536020532961e-01 -1.477990123114561349e+00 1.900041192944767338e-02 9.979470018529265074e-01 -6.109259137933815281e-02 2.729646664466363615e-01 -1.236031441539366810e-01 6.298203143432061502e-02 9.903104211886532005e-01 2.672887628621004197e+01
9.887899835257493164e-01 -1.188467659633166834e-02 1.487518448169133367e-01 -1.359300785015321811e+00 2.294278359885692023e-02 9.970823893696039164e-01 -7.273797838082562972e-02 2.059811929207875925e-01 -1.474514036260266003e-01 7.533864789882009638e-02 9.861781747044395807e-01 2.755854887783896601e+01
9.860792768487326443e-01 -1.360763755580022064e-02 1.657228258385493591e-01 -1.215118849031112447e+00 2.704032733563671922e-02 9.965019273286226387e-01 -7.905271409895744950e-02 1.330932855186869324e-01 -1.640666028587590419e-01 8.243414842626774208e-02 9.829980075345284840e-01 2.833716352091323287e+01
9.853656134295391000e-01 -1.487279038358493670e-02 1.697434213818084792e-01 -1.048934290208293652e+00 2.863044885026997527e-02 9.964741862255402927e-01 -7.885773052213830570e-02 5.771168918879616971e-02 -1.679711505111740610e-01 8.256665520528083668e-02 9.823174836510426555e-01 2.907369989494225493e+01
9.852866720063206962e-01 -1.794048867471313355e-02 1.699320227675599759e-01 -8.967284609156194186e-01 3.119822419899959814e-02 9.966457296182151815e-01 -7.563430215621821939e-02 -1.723861376826543723e-02 -1.680041064659282546e-01 7.982502590738904669e-02 9.825416803685678158e-01 2.980543591584686069e+01
9.851465645328587595e-01 -2.466427935795166559e-02 1.698928960538697575e-01 -7.032960613352510215e-01 3.732576164120856438e-02 9.967256843874042760e-01 -7.169535896895076754e-02 -8.301753359455651959e-02 -1.675664467764568233e-01 7.697559910320336818e-02 9.828422782098643617e-01 3.054050075647054285e+01
9.840563663287462681e-01 -2.708934684593291425e-02 1.757567777519752072e-01 -5.597191264440469771e-01 4.018325441106920110e-02 9.966409250054079072e-01 -7.134954946827501421e-02 -1.885486074044628313e-01 -1.732334661114491858e-01 7.727456021163647826e-02 9.818389840526562384e-01 3.131307215124853016e+01
9.815465369257388994e-01 -3.021806353978905707e-02 1.888017801891581360e-01 -3.892333749827836531e-01 4.484776437447292319e-02 9.962715048373651516e-01 -7.365308165912040628e-02 -2.628353026318659968e-01 -1.858699001340126944e-01 8.076389838816420974e-02 9.792430701639287527e-01 3.214342898371600654e+01
9.798787486280173820e-01 -3.044185319061454981e-02 1.972275664576001453e-01 -2.307846737511718982e-01 4.612883781910131348e-02 9.960834139861397540e-01 -7.539797329212402643e-02 -3.450505142796463920e-01 -1.941577212598654123e-01 8.298277426762110109e-02 9.774463170763950659e-01 3.292056189691724910e+01
9.783251410831891315e-01 -2.390069875299983063e-02 2.057660958375731042e-01 -6.313086073383733510e-02 4.078417874021382505e-02 9.961004844742715747e-01 -7.824327430992779331e-02 -4.190455988319845559e-01 -2.030946593263704136e-01 8.493502904129297815e-02 9.754844191126447184e-01 3.373418871603030311e+01
9.768751688797421284e-01 -2.119114616647696167e-02 2.127041618681765889e-01 9.495814986551412429e-02 3.866848640608604865e-02 9.961776658289775987e-01 -7.832501434154032216e-02 -4.900398908262939557e-01 -2.102310303526937207e-01 8.474126272379853275e-02 9.739606030392359282e-01 3.446736392025415086e+01
9.746423471247787074e-01 -2.391393672787977404e-02 2.224568926327732676e-01 2.826415443340031253e-01 4.236350139006010707e-02 9.960114401449744470e-01 -7.852699921519482040e-02 -5.697279320204017283e-01 -2.196911724849596459e-01 8.596257456020230114e-02 9.717683642957987145e-01 3.529537927979201584e+01
9.725619196346170225e-01 -2.670971018280857492e-02 2.310967929357162498e-01 4.686115657085391240e-01 4.634195143644320031e-02 9.957216735262047758e-01 -7.994416802285188306e-02 -6.563241622638678052e-01 -2.279725466641050191e-01 8.846144681177200986e-02 9.696389441659910569e-01 3.609136519710677504e+01
9.713897431624467504e-01 -2.693105176534030254e-02 2.359598385041281055e-01 6.739466849707611562e-01 4.742179304017728886e-02 9.955363057356733103e-01 -8.159162861125345001e-02 -7.322030600857823979e-01 -2.327087042491673696e-01 9.044762071547642057e-02 9.683309687143375477e-01 3.690980801055047067e+01
9.715450259570249658e-01 -2.544382720987126839e-02 2.354290122980328137e-01 8.599140553624784467e-01 4.627728143208744566e-02 9.954434726786284271e-01 -8.336522436421517357e-02 -8.170671656078130063e-01 -2.322346120412708270e-01 9.189083877082931950e-02 9.682956390901770183e-01 3.775481586596485073e+01
9.723113960760518815e-01 -2.869524185534596400e-02 2.318789846761217799e-01 1.068587101977285236e+00 4.928660051879832360e-02 9.952897614272032678e-01 -8.348761280632618909e-02 -8.967711806877460834e-01 -2.283914066742868676e-01 9.260539455219522764e-02 9.691453801821393599e-01 3.861492729652452738e+01
9.740512384476536223e-01 -2.698091860845424489e-02 2.247384874916635022e-01 1.246678849304946546e+00 4.647573088282259957e-02 9.955546813086889602e-01 -8.191432022396473445e-02 -9.845198078883077297e-01 -2.215292815808034554e-01 9.023217349116324781e-02 9.709751039367425784e-01 3.948493073518715590e+01
9.758742696065780819e-01 -2.538626295257139301e-02 2.168012085090043617e-01 1.432518790831801336e+00 4.387956121878362759e-02 9.957558034216574816e-01 -8.088872460858355373e-02 -1.069908638022439851e+00 -2.138263052403303610e-01 8.845489278900120489e-02 9.728471870845272207e-01 4.038530160705121119e+01
9.775378480522631808e-01 -2.363521032808397343e-02 2.094474795275482193e-01 1.604732143440092740e+00 4.125415568424790208e-02 9.959276199227249382e-01 -8.016280383484436500e-02 -1.160050852213855732e+00 -2.066997453711686139e-01 8.700262684175930072e-02 9.745321020628540110e-01 4.128581935845127049e+01
9.791066115681589244e-01 -2.146929450978263959e-02 2.021634617503388354e-01 1.778016954456179022e+00 3.829390523588752093e-02 9.960859664347211373e-01 -7.962882519172323481e-02 -1.243715742668569879e+00 -1.996612361589302498e-01 8.570904886547039969e-02 9.760967181473277909e-01 4.219245611478682889e+01
9.800076682542447903e-01 -1.729805796824591263e-02 1.982119124581943614e-01 1.957896243365807587e+00 3.367865828653354016e-02 9.962598642152920014e-01 -7.956440064372076459e-02 -1.336672969370416242e+00 -1.960942623661295625e-01 8.464862078729445960e-02 9.769249399883490614e-01 4.314445350057460615e+01
9.807888500627066630e-01 -1.298899128384270116e-02 1.945890408355220591e-01 2.133188015471571664e+00 2.893085865122026895e-02 9.964316271389538349e-01 -7.924380733078605077e-02 -1.413232286956535688e+00 -1.928640565888006253e-01 8.335313297529671483e-02 9.776654228189390894e-01 4.407159680374806499e+01
9.808994504258357061e-01 -1.048634350125738322e-02 1.942498479629055086e-01 2.316423452956115625e+00 2.608155026915520702e-02 9.966191417097578498e-01 -7.791023775828875841e-02 -1.503909432860912387e+00 -1.927761591648932682e-01 8.148815925541734451e-02 9.778569600418359764e-01 4.505567142926787483e+01
9.809246822516514142e-01 -8.839125309854737114e-03 1.941532214386153532e-01 2.499148634203665509e+00 2.438400783060798785e-02 9.966700823294432077e-01 -7.779706535398776823e-02 -1.586520745688544398e+00 -1.928190183551050374e-01 8.104759640267385212e-02 9.778738900514741816e-01 4.603203291795304608e+01
9.806963601566895949e-01 -9.367423587135010471e-03 1.952440413301789468e-01 2.679838749816373600e+00 2.497075001936420457e-02 9.966731462411850817e-01 -7.757735221266966186e-02 -1.675378904785005174e+00 -1.938674982076665498e-01 8.095703247282395876e-02 9.776678490250992892e-01 4.702099141957098993e+01
9.808840768501247975e-01 -9.052779602037264173e-03 1.943953325135688026e-01 2.886443747837901697e+00 2.439480434301160086e-02 9.967572691771741100e-01 -7.668442857336632557e-02 -1.770784665386467394e+00 -1.930708629016059386e-01 7.996048930803588417e-02 9.779242853623193454e-01 4.804264558439959387e+01
9.809768668117870849e-01 -9.654025061360914720e-03 1.938271397395790185e-01 3.073919602370095649e+00 2.480751123275842795e-02 9.968078282954558889e-01 -7.585922631293466611e-02 -1.864719300093562016e+00 -1.924749704504452041e-01 7.922741853992176786e-02 9.780853968078879745e-01 4.906511487546207917e+01
9.808888575804475263e-01 -9.303012278505324098e-03 1.942844817162489024e-01 3.266782027175730185e+00 2.442344908730579439e-02 9.968426177285563128e-01 -7.552349355893078764e-02 -1.962169482712736945e+00 -1.929674686521380134e-01 7.882766922109013530e-02 9.780192881072866662e-01 5.008922409728430125e+01
9.809603342318694574e-01 -7.478415326745850404e-03 1.939872891358755125e-01 3.450689847847155267e+00 2.247712616207209538e-02 9.969150500291966699e-01 -7.517512840991752432e-02 -2.056069450633648099e+00 -1.928259354861286690e-01 7.810618166576420440e-02 9.781021748285947393e-01 5.114144596473615678e+01
9.808948985676529952e-01 -7.077306601050983512e-03 1.943932493779059190e-01 3.634288782802988393e+00 2.200996153190526092e-02 9.969587287646264340e-01 -7.475192777707134750e-02 -2.153796117424418011e+00 -1.932726536186340771e-01 7.760325778186290269e-02 9.780676053680688042e-01 5.214893726092431336e+01
9.810716081268368027e-01 -5.811651606212606298e-03 1.934859343678555221e-01 3.823892441383417218e+00 2.055332500338024823e-02 9.970284605126148447e-01 -7.420500693920853430e-02 -2.255530812832806209e+00 -1.924791007256189956e-01 7.677868545979660286e-02 9.782757686865984903e-01 5.318894902668593971e+01
9.815202815927893676e-01 -5.877993819891466978e-03 1.911829034077867362e-01 4.040014192876625110e+00 2.024516467804417588e-02 9.971082572347409467e-01 -7.320599362962298962e-02 -2.347945793608105181e+00 -1.901990781538198949e-01 7.572508843147021662e-02 9.788008701995696281e-01 5.421329715126213955e+01
9.820469855670883597e-01 -7.066494473811789703e-03 1.884459171041417691e-01 4.229006677745929643e+00 2.084415818242871254e-02 9.972436910825845935e-01 -7.115950318749922343e-02 -2.443868168165008736e+00 -1.874227951084758703e-01 7.381129375358667921e-02 9.794874662794044173e-01 5.524586440803457066e+01
9.829153442779452465e-01 -8.565352117829147516e-03 1.838488732155263705e-01 4.434122029505130236e+00 2.151428428973869988e-02 9.974156427992768581e-01 -6.852252524578032744e-02 -2.533764403468367288e+00 -1.827864865282992357e-01 7.130720257007459872e-02 9.805594252534056698e-01 5.628176876840505116e+01
9.834478949472792442e-01 -8.264194099885106143e-03 1.810299251719092450e-01 4.610025109972881729e+00 2.096264869897323038e-02 9.974408032560643234e-01 -6.834650544753637091e-02 -2.629465998841638452e+00 -1.800015863498276580e-01 7.100982294699734187e-02 9.811042808463393827e-01 5.731121452734197419e+01
9.837008404897845670e-01 -9.121098332996846469e-03 1.795376737964441416e-01 4.786851059795800722e+00 2.159546209773181846e-02 9.974765934314296922e-01 -6.761515808330438582e-02 -2.719250735182485723e+00 -1.784674866263989412e-01 7.039132804374564900e-02 9.814155254827777730e-01 5.832301234865354900e+01
9.841108564282682325e-01 -8.543717716363734976e-03 1.772771080820301492e-01 4.967334782503146862e+00 2.075009048479957083e-02 9.975312574080118511e-01 -6.705164298927300537e-02 -2.818486216634258579e+00 -1.762657407932751996e-01 6.966658159971912678e-02 9.818588031215754741e-01 5.934724734116194611e+01
9.839175511378288608e-01 -7.406176420807518597e-03 1.783942594694914452e-01 5.141905019959200018e+00 1.985180611642494222e-02 9.974842332384612487e-01 -6.801998913411969050e-02 -2.908266045637138308e+00 -1.774406973199710857e-01 7.047003964329479064e-02 9.815894532640908610e-01 6.034795376264754907e+01
9.833819296082461081e-01 -5.052838848300799865e-03 1.813940308969536341e-01 5.325103901877876744e+00 1.809565748192897700e-02 9.973626810868025938e-01 -7.025546731256493427e-02 -3.004076785951796058e+00 -1.805597709423949204e-01 7.237268417357685391e-02 9.808800116499223343e-01 6.133611150524362188e+01
9.825551870800367515e-01 -3.901772102832828590e-03 1.858799020729638429e-01 5.528027259903780077e+00 1.764220827291475280e-02 9.972265966247072511e-01 -7.226944434916254822e-02 -3.091193852445663026e+00 -1.850816958218069186e-01 7.428941394697202716e-02 9.798990119648119945e-01 6.234599360508573085e+01
9.814823361875143481e-01 -3.929137792563794189e-03 1.914717495011357407e-01 5.719445281993198016e+00 1.819875854503465173e-02 9.971799068856462833e-01 -7.281696991931710383e-02 -3.174206414623253814e+00 -1.906454875951609784e-01 7.495429873599077086e-02 9.787859414170435590e-01 6.334181988112893436e+01
9.804603622259047135e-01 -8.259227177046805229e-03 1.965305168430727667e-01 5.925633669418266969e+00 2.241552224745321092e-02 9.973012947079505919e-01 -6.988972603302405495e-02 -3.266524454244547293e+00 -1.954225450124920660e-01 7.292969139735028250e-02 9.779997161092052194e-01 6.435583303713669068e+01
9.792098744697586010e-01 -4.603904440517335092e-03 2.027401743644463850e-01 6.104863575221171956e+00 1.913890082097569403e-02 9.973795503953940544e-01 -6.975672301852710311e-02 -3.363771948720656102e+00 -2.018875108517915185e-01 7.218764862105238322e-02 9.767320916486718074e-01 6.533697831848610349e+01
9.784351384360671089e-01 -5.137129979690929771e-03 2.064026353708242334e-01 6.305017264138104593e+00 1.990340396885788288e-02 9.973836326913548822e-01 -6.948396290717995250e-02 -3.459525992977235731e+00 -2.055053603108137894e-01 7.209526841993645074e-02 9.759773433173110080e-01 6.633354355791438195e+01
9.771594818416495798e-01 -5.647487054903412192e-03 2.124355028089137953e-01 6.527084820378669328e+00 2.128047095553079610e-02 9.972224407359797649e-01 -7.135622490378094873e-02 -3.546238720116003496e+00 -2.114422367622406373e-01 7.424701830871306696e-02 9.745656858932876254e-01 6.730377771828389655e+01
9.756050610325646133e-01 -3.028722272478160879e-03 2.194768677724097117e-01 6.710877696158319416e+00 1.969708925989257717e-02 9.970796933344756585e-01 -7.379577630564729263e-02 -3.650194200066423367e+00 -2.186122765001300705e-01 7.631983088910568314e-02 9.728157386825817543e-01 6.827663434816240340e+01
9.749122461437512710e-01 -1.602595276014872694e-03 2.226425052285653516e-01 6.925454588247921706e+00 1.855526853064386889e-02 9.970787758760637498e-01 -7.411881029307755553e-02 -3.744112172270522620e+00 -2.218737431170721697e-01 7.638951612624753085e-02 9.720940991349703575e-01 6.926008043585157736e+01
9.740715407267964698e-01 -2.055793747788400416e-03 2.262456573014966499e-01 7.147425938066439777e+00 1.915853739790975355e-02 9.971164364634428345e-01 -7.343282168832242218e-02 -3.836928063757050644e+00 -2.254422533935765138e-01 7.586344335729616750e-02 9.713023024842910580e-01 7.021222580718536221e+01
9.737515192643293460e-01 -5.849503086033914188e-03 2.275667976629421330e-01 7.381767870458570968e+00 2.162828674753809396e-02 9.975242731931761586e-01 -6.690199206361319151e-02 -3.915516772241008248e+00 -2.266120142647358726e-01 7.006705450580262562e-02 9.714671513062277386e-01 7.118053328975634031e+01
9.730567564445922191e-01 -8.157352987985089232e-03 2.303637962651003401e-01 7.601207121102239839e+00 2.108917056898535966e-02 9.983335383973382937e-01 -5.370426310381645751e-02 -4.008895464548465348e+00 -2.295414798639449916e-01 5.711712727301668235e-02 9.716071607549937594e-01 7.213961486107513110e+01
9.724655062544895756e-01 -9.073989476286148728e-03 2.328772200417707494e-01 7.816339293415981437e+00 2.117109718623986711e-02 9.985496730259149079e-01 -4.949242715084834626e-02 -4.081204548221508688e+00 -2.320904402384200704e-01 5.305911421304829179e-02 9.712471126278600098e-01 7.309493730638692455e+01
9.723712439641749583e-01 -7.769207764932838621e-03 2.333540148346019139e-01 8.051558392595254077e+00 2.143109087982108391e-02 9.981963586909774477e-01 -5.607448139858752650e-02 -4.161336495672709468e+00 -2.324976678641974825e-01 5.952471173436855306e-02 9.707836322577201305e-01 7.404833320739241742e+01
9.720667130264966094e-01 -7.199354124090573577e-03 2.345783516385121503e-01 8.277984392203773467e+00 2.210580264642327680e-02 9.978945611956732131e-01 -6.096944976602280963e-02 -4.240432009147974135e+00 -2.336453240518959473e-01 6.445274451171595365e-02 9.701790923320906534e-01 7.497835807816268527e+01
9.718376759485726213e-01 -1.233481386148067328e-02 2.353294831250082042e-01 8.509211712849079845e+00 2.766642300496420862e-02 9.976951602973993527e-01 -6.196883218568238066e-02 -4.317622120511810380e+00 -2.340228153575970582e-01 6.673471459697857822e-02 9.699387661939088412e-01 7.590735124897280173e+01
9.718817466176012942e-01 -1.618910757142294835e-02 2.349049490554794561e-01 8.742805874123778409e+00 3.160255245474033470e-02 9.975758766197820870e-01 -6.198341119631300966e-02 -4.393038677247782076e+00 -2.333318885014497579e-01 6.766361711340346252e-02 9.700372250139595032e-01 7.685468869299691619e+01
9.720623865270316966e-01 -1.658115221007791865e-02 2.340586471106356481e-01 8.974631230132827042e+00 3.140328322401347155e-02 9.977209552728016906e-01 -5.969255568881343815e-02 -4.474257567051377116e+00 -2.325344300083693194e-01 6.537839647800593179e-02 9.703678131951314345e-01 7.780108981018564407e+01
9.720552901706608351e-01 -1.594698867659927188e-02 2.341467308524229629e-01 9.188807750092593096e+00 2.973299565718835052e-02 9.980185423159820823e-01 -5.541839823284156613e-02 -4.539419923435268345e+00 -2.327980244645258545e-01 6.083446553769852883e-02 9.706036911263333788e-01 7.873075279265206916e+01
9.725185173260694205e-01 -1.557819162733130140e-02 2.322951760682787636e-01 9.404210747865576536e+00 2.768429389080927921e-02 9.984176711291996575e-01 -4.893671488262948260e-02 -4.604544277896460258e+00 -2.311649626861590479e-01 5.402383080198018550e-02 9.714110996764451222e-01 7.969145493068316455e+01
9.728281325884079456e-01 -7.105434622963058625e-03 2.314998642520333660e-01 9.601851318711720040e+00 1.856757179999698679e-02 9.987039350301748497e-01 -4.739274079776684134e-02 -4.684137649050301277e+00 -2.308632430279365377e-01 5.040202943488705095e-02 9.716991573951503369e-01 8.061278610293416591e+01
9.732048493007043888e-01 1.098502976155500975e-04 2.299610115593332393e-01 9.801458928962370365e+00 1.072885680723952712e-02 9.988890159087284726e-01 -4.587636864216657756e-02 -4.732576387389117123e+00 -2.297106103539152677e-01 4.711389427403195329e-02 9.721225053731479271e-01 8.154465144178757896e+01
9.739452586814818513e-01 -2.482013477163729897e-03 2.268440780312342142e-01 1.001960429130470764e+01 1.277336050128106103e-02 9.989531132833407989e-01 -4.392229419764780846e-02 -4.808390980569703821e+00 -2.264976503167360766e-01 4.567448788855101027e-02 9.729573647676605930e-01 8.248544710832322835e+01
9.743880573714357451e-01 -7.453125514913036369e-03 2.247884654136454441e-01 1.022380514044925626e+01 1.775277485124877874e-02 9.988807075651116030e-01 -4.384708638001864889e-02 -4.870398029094607395e+00 -2.242101869694055338e-01 4.671412855091901239e-02 9.734298410777045829e-01 8.340219603762363931e+01
9.758833227717443881e-01 -6.966628703514693433e-03 2.181319174792828164e-01 1.043121957863879423e+01 1.744360404915104232e-02 9.987830886317276002e-01 -4.613217985623255940e-02 -4.934378035773963944e+00 -2.175450815217021827e-01 4.882551960499689758e-02 9.748174004518443958e-01 8.434181220180487060e+01
9.777244935895123001e-01 -1.155951516717629302e-02 2.095616452122555928e-01 1.063127443961491458e+01 2.142419090596637057e-02 9.987634858348611866e-01 -4.486701555459769730e-02 -5.001609908402438798e+00 -2.087839666606941813e-01 4.835765178457820251e-02 9.767632036086164593e-01 8.526235146240402685e+01
9.793263487321366423e-01 -1.684778259160701896e-02 2.014625919961164913e-01 1.082022097522534310e+01 2.601474745730922300e-02 9.987398362899384541e-01 -4.288540870252872256e-02 -5.067383969387882381e+00 -2.004851138549671452e-01 4.724476525584404840e-02 9.785310835593155065e-01 8.617861832150997259e+01
9.816229789222523650e-01 -1.559627977740579881e-02 1.902130935022794955e-01 1.099333283138464346e+01 2.417382362880864111e-02 9.987882517661907933e-01 -4.286949119108297152e-02 -5.132437777193718631e+00 -1.893138280333570844e-01 4.668082683543899047e-02 9.808109410950044404e-01 8.710485677614492772e+01
9.838894322049593910e-01 -1.231562207618256896e-02 1.782992554623760439e-01 1.113673536885723969e+01 2.012314386605955005e-02 9.989134891747006861e-01 -4.200447092425683981e-02 -5.178186348563791341e+00 -1.775876101848551936e-01 4.491712024427863686e-02 9.830684723009128767e-01 8.803277968518442265e+01
9.864403493113496069e-01 -1.269021851538117834e-02 1.635283796122279087e-01 1.129513816057932551e+01 1.920602258445999050e-02 9.990814659804461151e-01 -3.828028468141893986e-02 -5.238633627588652253e+00 -1.628914620950071002e-01 4.090597617712562334e-02 9.857784886442092498e-01 8.896649109256645716e+01
9.883213992104685763e-01 -1.203713191093611599e-02 1.518081033690184545e-01 1.142574124315392758e+01 1.772055504936567369e-02 9.991902844604733103e-01 -3.609099271838496492e-02 -5.294367802000565781e+00 -1.512498906070760263e-01 3.836286731681651935e-02 9.877349841909970340e-01 8.990075661212279101e+01
9.901895818517417736e-01 -1.117086197759785231e-02 1.392198461562818568e-01 1.153847333606036862e+01 1.607494888428510557e-02 9.992877933382916522e-01 -3.411986955481999262e-02 -5.339590455237260613e+00 -1.387390783496881275e-01 3.602508799054918165e-02 9.896642773940429461e-01 9.082456990814037567e+01
9.920847361811814258e-01 -1.070841364412247233e-02 1.249654586164704317e-01 1.165342840785495682e+01 1.477266781967474622e-02 9.993911087305550334e-01 -3.156679211503429783e-02 -5.410165013828179603e+00 -1.245504149805583688e-01 3.316665936891781408e-02 9.916393513162911066e-01 9.176896036901463560e+01
