1.0 0.0 0.0 0.0 0.0 1.0 0.0 0.0 0.0 0.0 1.0 0.0
0.40083328 0.9157405 0.02591322 8.474365 -0.9160133 0.40103644 -0.0029537051 4.434204 -0.013100025 -0.022556547 0.9996598 0.0025634766
-0.22532788 0.9732551 0.04520577 14.832886 -0.9743023 -0.22499299 -0.012438871 -0.57470703 -0.0019354289 -0.046831243 0.9989006 -0.26367188
-0.845839 0.52926713 0.057769705 15.592651 -0.53169245 -0.8453419 -0.04007497 -7.234131 0.02765987 -0.06464235 0.9975244 -0.55859375
-0.9460466 0.32279754 0.044216994 11.73291 -0.3247264 -0.94524586 -0.047107417 -11.224365 0.026552226 -0.058897622 0.9979114 -0.5476074
-0.86061394 -0.5079604 0.021659944 7.6289062 0.5060379 -0.85992026 -0.060094457 -14.682983 0.04919514 -0.040796064 0.9979563 -0.5430908
-0.41401815 -0.91010195 0.0034915234 2.744873 0.9088075 -0.41362777 -0.051872645 -13.01709 0.04864323 -0.018302772 0.99864805 -0.33764648
-0.21009077 -0.9777541 -0.0008459252 0.26879883 0.97698665 -0.20989157 -0.039807476 -9.473633 0.038746476 -0.00918303 0.9992072 -0.19189453
0.28879195 -0.95740485 -0.0062538423 -1.4801025 0.957068 0.28885663 -0.02542894 -6.2838135 0.02614622 0.0013563171 0.99965703 -0.047973633
0.4437784 -0.8960715 0.00040708622 -1.8717041 0.8960096 0.44374233 -0.011962319 -3.0596924 0.010537162 0.005672211 0.9999283 0.017578125
0.6880072 -0.7255951 0.014602423 -1.5404053 0.7257074 0.68803173 -0.0040683746 -0.59155273 -0.0070936307 0.013395868 0.9998851 0.096069336
0.7546857 -0.6556818 0.022099389 -0.9682617 0.6559013 0.7548085 -0.0038550403 0.45751953 -0.014153384 0.017407293 0.99974823 0.095825195
0.76040596 -0.64888316 0.023706343 -1.0419922 0.64906657 0.76061887 -5.2979216e-05 0.27441406 -0.017997663 0.015429155 0.99971896 0.107055664
0.8244668 -0.56505734 0.029304331 -0.4276123 0.5652253 0.8248666 0.0029896616 0.76171875 -0.025864158 0.014099122 0.99956614 0.09265137
0.8338201 -0.551184 0.032839227 -0.47216797 0.55143946 0.8342965 0.0015120816 0.5695801 -0.028228087 0.016846417 0.9994592 0.08911133
0.8846635 -0.46447876 0.039397694 0.1817627 0.4648298 0.8853562 0.00029038172 0.9937744 -0.035013594 0.018060531 0.9992234 0.07824707
0.8960376 -0.442005 0.042279933 0.1529541 0.44248977 0.8967923 -0.0023863495 0.8330078 -0.036862757 0.02084466 0.999103 0.072509766
0.93303853 -0.3569085 0.04490015 0.8515625 0.357466 0.93389225 -0.0047950353 1.1881104 -0.04022052 0.02052501 0.99898005 0.049926758
0.9408522 -0.33548993 0.046913438 0.86035156 0.33610263 0.9417858 -0.005608324 1.0228271 -0.042300213 0.021046882 0.9988831 0.040405273
0.96700084 -0.25003892 0.04870536 1.6256104 0.25052333 0.96809345 -0.0039999904 1.3574219 -0.04614967 0.016073491 0.9988047 0.005004883
0.97285855 -0.22598729 0.04945145 1.7562256 0.22640656 0.9740133 -0.002962502 1.199707 -0.04749538 0.014084067 0.9987715 -0.0056152344
0.98339677 -0.17383729 0.051461257 2.2244873 0.17423758 0.9846675 -0.0033410604 1.3243408 -0.050088905 0.0122665055 0.9986676 -0.03125
0.9885454 -0.14295025 0.04797748 2.4921875 0.143321 0.9896482 -0.004334992 1.2562256 -0.046859056 0.011174856 0.99883634 -0.044555664
0.9896216 -0.13493761 0.048987094 2.7857666 0.13522352 0.9907933 -0.0025364843 1.2363281 -0.048192292 0.009147434 0.9987938 -0.0592041
0.9918659 -0.11870464 0.045550156 3.184204 0.119002335 0.9928709 -0.0038461424 1.1960449 -0.04476701 0.009248657 0.99895173 -0.07409668
0.99269366 -0.11222864 0.043744512 3.5007324 0.112598605 0.9935991 -0.0060446225 1.2716064 -0.042782985 0.010941417 0.99902165 -0.09460449
0.99437815 -0.098206915 0.03887634 3.9754639 0.09864379 0.9950536 -0.009406133 1.1442871 -0.037754506 0.013207787 0.99919534 -0.107177734
0.9953274 -0.08932265 0.035722617 4.3604736 0.089730084 0.995887 -0.009863746 1.1881104 -0.034686923 0.013047026 0.9993076 -0.12915039
0.99555975 -0.08711929 0.034917656 4.913208 0.08756898 0.99606967 -0.011467251 1.130127 -0.0337747 0.014492379 0.99932003 -0.15246582
0.99583936 -0.08431019 0.033969518 5.3796387 0.084745295 0.9963178 -0.011500275 1.1577148 -0.032869287 0.014345904 0.99935323 -0.16870117
0.9957781 -0.08484435 0.034279015 5.981079 0.085316524 0.9962523 -0.012461816 1.1418457 -0.033086073 0.015351236 0.99933064 -0.19433594
0.9956085 -0.08637683 0.035145916 6.5406494 0.0868523 0.9961175 -0.012113155 1.1661377 -0.03395407 0.015135574 0.9993034 -0.20349121
0.99580824 -0.08425258 0.034696646 7.258667 0.08466826 0.9963252 -0.010578425 1.1765137 -0.033669814 0.013494313 0.9993366 -0.24572754
0.9955786 -0.08646469 0.035921086 7.8200684 0.08687405 0.9961451 -0.009908713 1.1687012 -0.034919463 0.01300553 0.99930096 -0.25683594
0.99605274 -0.08165081 0.03432078 8.63501 0.08198296 0.996584 -0.008335817 1.2081299 -0.03351957 0.011128643 0.99937344 -0.29577637
0.995324 -0.08872193 0.037698247 9.162964 0.08910079 0.99597013 -0.00844638 1.2524414 -0.03679347 0.011778311 0.9992509 -0.30419922
0.9956411 -0.085407384 0.036691085 9.907593 0.085751384 0.9962609 -0.00782734 1.2862549 -0.03587988 0.010960761 0.9992911 -0.33215332
0.99525726 -0.08883443 0.038825154 10.549561 0.08916497 0.99596626 -0.0067964755 1.310669 -0.038059834 0.010249281 0.9992177 -0.35144043
0.9950765 -0.090482645 0.039964322 11.209106 0.090747125 0.99584603 -0.004815765 1.3480225 -0.039360147 0.008433194 0.9991861 -0.36315918
0.99446166 -0.09562245 0.042887013 11.851685 0.0958752 0.99535954 -0.0038257549 1.3679199 -0.04231902 0.007940071 0.9990671 -0.3861084
0.99437207 -0.0961966 0.043856658 12.53894 0.09645057 0.9953113 -0.0036727898 1.4188232 -0.04329526 0.007899773 0.9990271 -0.39941406
0.99445087 -0.09539525 0.043908782 13.194092 0.0956375 0.9953949 -0.0034129852 1.4725342 -0.04337892 0.0076097036 0.99902546 -0.4227295
0.995507 -0.08561849 0.039777204 13.9852295 0.085827366 0.9962816 -0.003529938 1.5255127 -0.03932448 0.006948204 0.99919766 -0.45483398
0.9959286 -0.08139163 0.03810383 14.68689 0.08155057 0.99664515 -0.002597263 1.5756836 -0.037762463 0.005713028 0.99926597 -0.47277832
0.99642724 -0.076141655 0.035988595 15.355713 0.07624202 0.997072 -0.001400211 1.5939941 -0.035775475 0.0041545774 0.9993475 -0.4951172
0.9968332 -0.07156761 0.033855412 16.02246 0.071529485 0.99741334 0.002338146 1.6687012 -0.03393584 0.00011281017 0.99941856 -0.5161133
0.9973339 -0.06561439 0.03123512 16.64331 0.0655025 0.99782366 0.004573784 1.6605225 -0.03146912 -0.0024988283 0.99949765 -0.5349121
0.99697095 -0.069953285 0.033297665 17.133179 0.069790915 0.99752456 0.0059856386 1.7369385 -0.033636626 -0.0036254534 0.99942315 -0.5456543
0.9978042 -0.059339926 0.028488819 17.864624 0.05920974 0.9982091 0.005348264 1.7287598 -0.02875845 -0.0036287983 0.9995746 -0.5727539
0.99762714 -0.061783925 0.029747367 18.31604 0.06163436 0.9980658 0.005888745 1.7889404 -0.030056061 -0.00402653 0.99953645 -0.5805664
0.9985802 -0.047552083 0.022940475 19.1521 0.047457904 0.9988423 0.004570312 1.7888184 -0.02313469 -0.003455435 0.99972147 -0.5892334
0.9985561 -0.047961775 0.023108102 19.71045 0.047856346 0.99882054 0.005021909 1.8458252 -0.02332564 -0.0038885633 0.99971527 -0.60180664
0.9994854 -0.028184796 0.0136718135 20.603638 0.028146747 0.99958026 0.0028489514 1.8026123 -0.013749987 -0.00244396 0.9998978 -0.6081543
0.9996851 -0.021691356 0.010587841 21.155518 0.021674424 0.9997447 0.0016009992 1.831543 -0.0106224585 -0.0013524771 0.9999381 -0.61242676
0.99997604 -0.0015536221 0.0007604237 21.986938 0.0015526364 0.99998075 9.020313e-05 1.7664795 -0.00076243386 -7.12431e-05 0.9999953 -0.62402344
0.9999668 0.0046273917 -0.0022668552 22.594727 -0.0046285447 0.99997324 -0.00019017741 1.7873535 0.002264502 0.00021641504 0.99999356 -0.600708
0.9996515 0.022827405 -0.011155574 23.412476 -0.022854133 0.99971575 -0.0020871647 1.6890869 0.011100719 0.002361569 0.99993056 -0.6085205
0.99898773 0.039998364 -0.019432183 24.147339 -0.040119406 0.9991594 -0.0057303114 1.7159424 0.019180983 0.006521925 0.9997901 -0.5617676
0.99711883 0.067938685 -0.033037942 25.051147 -0.06832046 0.9975891 -0.010462504 1.6035156 0.03224115 0.01270797 0.99939436 -0.5378418
0.9942547 0.09589798 -0.04723189 25.889526 -0.09659642 0.99523 -0.012681761 1.5605469 0.045786288 0.017182697 0.9988005 -0.4901123
0.99029684 0.12422924 -0.061954945 26.728394 -0.12510256 0.992073 -0.010371593 1.4727783 0.06017199 0.01803794 0.99802095 -0.45483398
0.9861595 0.14820243 -0.07409887 27.558838 -0.14940177 0.9887038 -0.010847947 1.3601074 0.07165061 0.021783803 0.99718726 -0.3980713
0.98297375 0.16490112 -0.08104644 28.338257 -0.1664331 0.9859747 -0.0124650365 1.2194824 0.0778529 0.025744485 0.9966307 -0.3334961
0.9822909 0.16881676 -0.081145525 29.075195 -0.17046022 0.9852587 -0.013709414 1.0526123 0.07763268 0.027304066 0.99660766 -0.26416016
0.9825117 0.1688438 -0.07840961 29.807251 -0.17064337 0.9851841 -0.016782917 0.8983154 0.07441213 0.029875554 0.9967783 -0.1940918
0.9828045 0.16842228 -0.07557736 30.54248 -0.17061704 0.9850495 -0.023513881 0.70251465 0.07048328 0.036011327 0.99686056 -0.13330078
0.9817967 0.17410976 -0.07582906 31.315796 -0.1764938 0.9839562 -0.025908485 0.5584717 0.07010143 0.038824514 0.9967834 -0.033813477
0.97919244 0.1868039 -0.079207614 32.146973 -0.18957691 0.9814349 -0.028963488 0.39001465 0.07232284 0.043385345 0.9964338 0.032958984
0.97739244 0.1951176 -0.08134958 32.924805 -0.19801758 0.9797589 -0.029140545 0.2322998 0.074012645 0.044597425 0.9962571 0.10827637
0.97543716 0.20403565 -0.08320515 33.739136 -0.20653541 0.9781951 -0.022553258 0.06591797 0.0767923 0.03917699 0.9962778 0.17468262
0.9739156 0.21115638 -0.08293864 34.473022 -0.21345612 0.97674006 -0.019811481 -0.091552734 0.07682475 0.037002616 0.9963578 0.23962402
0.9717163 0.22064966 -0.08407543 35.30188 -0.22322783 0.97450006 -0.02248548 -0.2783203 0.076968096 0.040619105 0.9962058 0.31237793
0.9695793 0.22897652 -0.08650055 36.098633 -0.23189683 0.97241086 -0.025235094 -0.46374512 0.07833487 0.04452661 0.9959324 0.3918457
0.96826893 0.23373559 -0.08844158 36.91748 -0.23677412 0.97123206 -0.02542924 -0.66955566 0.079952404 0.04556465 0.99575603 0.46020508
0.96823585 0.23326604 -0.08988625 37.762573 -0.23624757 0.97138447 -0.023940818 -0.8577881 0.08172778 0.044421934 0.9956638 0.5374756
0.96908116 0.22944824 -0.090644084 38.622437 -0.23271993 0.97215325 -0.027206443 -1.0700684 0.08187769 0.047463264 0.9955121 0.6098633
0.9709165 0.22254907 -0.08833334 39.492188 -0.2255561 0.97390133 -0.025530864 -1.2526855 0.08034664 0.044711843 0.9957632 0.69104004
0.9727938 0.21481535 -0.08662618 40.392212 -0.21760064 0.9757319 -0.023977831 -1.4433594 0.07936938 0.042180724 0.99595153 0.7694092
0.9744838 0.20766048 -0.08523807 41.29248 -0.21023005 0.97740203 -0.022265077 -1.6202393 0.07868807 0.03961502 0.99611175 0.85253906
0.9760537 0.2005928 -0.08400649 42.198853 -0.20292798 0.97897667 -0.02013738 -1.7980957 0.078198224 0.036712892 0.9962589 0.92907715
0.9768891 0.19698767 -0.082971595 43.15088 -0.19894886 0.9798806 -0.015987892 -1.9814453 0.07815298 0.03212692 0.9964228 1.0144043
0.9776366 0.19371648 -0.081698135 44.078003 -0.19529551 0.98066455 -0.011699831 -2.159912 0.07784924 0.027405739 0.9965848 1.0836182
0.977832 0.19359493 -0.079829484 45.062378 -0.19492951 0.9807775 -0.009203475 -2.345581 0.07651323 0.02455897 0.99676603 1.1668701
0.97785133 0.19362323 -0.079385415 46.03894 -0.19482127 0.9808029 -0.0075579276 -2.5306396 0.07639798 0.02286121 0.9968144 1.2416992
0.9776444 0.19467469 -0.079286 47.0282 -0.19591375 0.9805742 -0.008081185 -2.713501 0.07617191 0.02343968 0.9968188 1.3227539
0.9779016 0.19386622 -0.078296475 48.05005 -0.19505598 0.9807639 -0.0077730436 -2.9229736 0.07528368 0.022871425 0.99690014 1.4101562
0.97806203 0.19326703 -0.077570036 49.072754 -0.1944852 0.98085827 -0.008378971 -3.1132812 0.0744631 0.023289867 0.9969498 1.4962158
0.9779964 0.19375375 -0.07716505 50.097168 -0.19493759 0.98077047 -0.008026728 -3.3085938 0.07412365 0.022902261 0.9969839 1.5855713
0.978082 0.19359376 -0.07644153 51.14966 -0.19462578 0.98084265 -0.006205422 -3.4951172 0.073774084 0.020957565 0.9970529 1.6712646
0.978048 0.19403331 -0.0759338 52.15747 -0.19502577 0.9807777 -0.0058034956 -3.6811523 0.073347285 0.020487431 0.9970955 1.7611084
0.9782582 0.19322366 -0.07511428 53.197754 -0.19410594 0.9809557 -0.004544395 -3.8736572 0.07280414 0.019037874 0.9971619 1.8547363
0.97878367 0.19093317 -0.07408211 54.222168 -0.19179554 0.98140734 -0.0046246224 -4.0931396 0.07182024 0.018749353 0.9972384 1.9390869
0.9794693 0.18814528 -0.072196476 55.254883 -0.18905023 0.98193884 -0.005831207 -4.2857666 0.069793336 0.019373313 0.99737 2.0274658
0.9805403 0.18349312 -0.06973838 56.29077 -0.18444228 0.9828139 -0.0073588216 -4.495117 0.0671888 0.020084029 0.99753624 2.1098633
0.98108596 0.1807024 -0.06946628 57.320312 -0.1816201 0.98334837 -0.0070723863 -4.6745605 0.0670311 0.01955489 0.99755865 2.1975098
0.9813964 0.17916743 -0.068863496 58.332275 -0.18012771 0.9836032 -0.007938334 -4.854492 0.06631114 0.02020075 0.9975934 2.279541
0.9818408 0.17695445 -0.068158 59.35669 -0.17785902 0.9840152 -0.007374078 -5.03833 0.06576178 0.019373601 0.9976449 2.3708496
0.9815726 0.17813009 -0.06894847 60.357666 -0.17897639 0.9838199 -0.0062290155 -5.214966 0.066720925 0.018464737 0.9975987 2.4523926
0.9808656 0.18125317 -0.07081786 61.34619 -0.1819784 0.9832793 -0.0038561127 -5.399536 0.06893283 0.0166809 0.99747974 2.5395508
0.97988534 0.18578754 -0.072690524 62.356445 -0.18647252 0.9824469 -0.0026780395 -5.6033936 0.07091531 0.016188808 0.99734855 2.6177979
0.9787715 0.19136001 -0.07330369 63.352783 -0.19206864 0.9813699 -0.0026762285 -5.79541 0.07142574 0.016699964 0.99730676 2.692627
0.97797894 0.19614746 -0.07124259 64.36743 -0.1971322 0.9803494 -0.0069864313 -6.0028076 0.068471394 0.020881869 0.997433 2.77771
0.9767158 0.20258477 -0.07043321 65.349365 -0.20331676 0.9790955 -0.0033030172 -6.182251 0.068291195 0.017552972 0.9975102 2.8671875
0.97595984 0.20620658 -0.070307724 66.346436 -0.20698038 0.97831905 -0.0038189583 -6.383789 0.06799527 0.018288221 0.9975172 2.954956
0.97454625 0.21216956 -0.072404355 67.31714 -0.21303111 0.97703665 -0.0042952485 -6.6063232 0.069829546 0.019614255 0.9973647 3.032959
0.972799 0.21934585 -0.07440418 68.29077 -0.22007445 0.97547376 -0.0016384721 -6.790161 0.072219916 0.017968487 0.9972277 3.128296
0.9720792 0.2226003 -0.07444035 69.27466 -0.22323324 0.97477853 -0.00019730767 -7.0061035 0.07252006 0.016799375 0.9972274 3.2139893
0.97128636 0.22616817 -0.07388099 70.227295 -0.22683376 0.97393674 -0.00063520856 -7.22937 0.071811564 0.017373687 0.9972672 3.2990723
0.97144616 0.22730643 -0.0680807 71.196045 -0.22812785 0.9736277 -0.004436842 -7.4659424 0.06527631 0.019842125 0.9976691 3.371704
0.9715848 0.23012657 -0.05510761 72.15625 -0.23083512 0.9729557 -0.006762499 -7.687134 0.05205972 0.019296622 0.99845695 3.4615479
0.97122383 0.23264286 -0.05102717 73.11206 -0.23332095 0.97237116 -0.007676815 -7.9038086 0.047831632 0.019363398 0.9986673 3.5273438
0.970761 0.2331044 -0.057486117 74.065186 -0.23384151 0.9722644 -0.006354974 -8.141113 0.05441089 0.019610506 0.9983258 3.597168
0.97015613 0.23429652 -0.06240168 74.99512 -0.23510091 0.97195 -0.0057681496 -8.369385 0.059299085 0.020268563 0.99803424 3.666748
0.9699068 0.23472849 -0.06468946 75.92407 -0.23589337 0.9717182 -0.010894713 -8.603027 0.06030277 0.025824426 0.9978466 3.7357178
0.96999884 0.23407055 -0.06563222 76.87134 -0.23549409 0.97176206 -0.014748679 -8.839355 0.06032651 0.029766183 0.99773395 3.8031006
0.97032946 0.23325321 -0.06335544 77.81787 -0.23463222 0.9719474 -0.01515012 -9.073853 0.05804095 0.029576669 0.9978743 3.8770752
0.9705674 0.23346896 -0.058808066 78.7478 -0.23468226 0.9719483 -0.014526213 -9.290161 0.053763542 0.02791028 0.9981618 3.935913
0.9713773 0.23176733 -0.0520129 79.70874 -0.2327769 0.9724247 -0.014181434 -9.508423 0.047290534 0.025884893 0.9985453 3.9952393
0.97167975 0.2313773 -0.048378494 80.63037 -0.23191415 0.9727386 -0.0057204217 -9.708008 0.045736417 0.016773533 0.99881285 4.067749
0.9721153 0.23014729 -0.04508838 81.562256 -0.2303164 0.9731197 0.0014802879 -9.909668 0.044216678 0.008946955 0.9989814 4.109009
0.9729466 0.22693609 -0.043684576 82.50293 -0.22720088 0.9738646 -0.0011289371 -10.131348 0.042286456 0.0110213235 0.99904454 4.1776123
0.9734114 0.22468944 -0.044755057 83.41943 -0.22517708 0.9743077 -0.0061072353 -10.338745 0.04223331 0.016019683 0.9989795 4.2320557
0.9748 0.21803993 -0.046928786 84.3584 -0.21853583 0.97580147 -0.00564715 -10.550537 0.044561744 0.015762296 0.99888235 4.2874756
0.9767402 0.20930131 -0.046552505 85.27832 -0.20998575 0.9776478 -0.010281365 -10.755981 0.04336008 0.01981691 0.9988632 4.347534
0.978502 0.20102358 -0.045527637 86.19409 -0.20190574 0.9792555 -0.015610982 -10.950195 0.04144043 0.024477925 0.9988398 4.406494
0.9807854 0.18983655 -0.045065925 87.11963 -0.19064844 0.9815566 -0.014415301 -11.12915 0.041497253 0.022727646 0.99888015 4.4641113
0.98304904 0.17807059 -0.043404672 88.046875 -0.17870684 0.9838288 -0.01119788 -11.27832 0.040706977 0.018772002 0.9989936 4.5029297
0.9857609 0.16333687 -0.03952923 88.97998 -0.16390939 0.9863898 -0.011656371 -11.443848 0.037083637 0.017976359 0.99914956 4.557251
0.9877198 0.15166579 -0.0370908 89.91382 -0.15216793 0.9882773 -0.011069647 -11.580444 0.034974072 0.016584788 0.9992496 4.6065674
0.9896515 0.13912615 -0.034864202 90.83716 -0.13955888 0.9901515 -0.010275004 -11.699341 0.033089474 0.015038295 0.9993386 4.645508
0.9916286 0.12490676 -0.03213147 91.78125 -0.12528177 0.9920532 -0.009895769 -11.821289 0.030636717 0.013847247 0.9994334 4.709839
0.9929797 0.11388255 -0.031299274 92.71094 -0.11420835 0.99339783 -0.008780148 -11.914307 0.03008879 0.01230367 0.9994698 4.7542725
0.99398136 0.10475476 -0.03152609 93.6311 -0.10501753 0.9944317 -0.006764018 -12.018066 0.030639399 0.010043222 0.9994786 4.795532
0.99516547 0.093067326 -0.030531973 94.53589 -0.09325392 0.9956072 -0.0047033443 -12.091064 0.029957058 0.00754244 0.9995204 4.8409424
0.9963579 0.080404915 -0.02729008 95.464355 -0.08051823 0.9967207 -0.0030343598 -12.157593 0.026953835 0.0052388012 0.99961984 4.8585205
0.99758005 0.065564655 -0.022574741 96.38574 -0.06563025 0.99783 -0.002157343 -12.220703 0.022383288 0.0036414322 0.99974155 4.907837
0.9980511 0.05849162 -0.020401716 97.309326 -0.05852236 0.9982602 -0.00088314805 -12.264404 0.020313313 0.002092503 0.99978864 4.9241943
0.99835354 0.05358466 -0.01901704 98.22803 -0.0535527 0.9985371 0.0021666908 -12.288208 0.019106878 -0.0011265995 0.9998136 4.9628906
0.9986543 0.04822448 -0.01750569 99.15991 -0.048173938 0.99880815 0.0032453323 -12.324951 0.017644325 -0.0023792088 0.99983805 4.980957
0.99878 0.04577304 -0.016906269 100.10693 -0.045718513 0.9989226 0.0035333214 -12.3479 0.01705321 -0.0027372912 0.9998472 5.0133057
0.9991164 0.039083935 -0.014577447 101.02173 -0.039043117 0.99922115 0.003037546 -12.380981 0.014686439 -0.0024570965 0.99988735 5.021118
0.9993054 0.034233827 -0.012850516 101.97925 -0.034201477 0.9993887 0.0026448062 -12.405884 0.012936381 -0.0021865454 0.99991053 5.0528564
0.999491 0.028989334 -0.010911651 102.89551 -0.02896646 0.99955255 0.002137485 -12.432251 0.01097221 -0.0018010002 0.9999343 5.053589
0.99971783 0.021359762 -0.008050514 103.836914 -0.021347638 0.999752 0.0014807939 -12.457275 0.00808261 -0.0012942008 0.9999636 5.062744
0.9998357 0.0157666 -0.005939806 104.756836 -0.01576 0.99985576 0.0010117581 -12.480469 0.0059572803 -0.0009031941 0.99997884 5.085449
0.9999208 0.00969251 -0.0036512474 105.67334 -0.009689515 0.99993044 0.0005798219 -12.482788 0.0036591738 -0.0005274664 0.9999898 5.095825
0.99997 0.0024172084 -0.00090873335 106.56714 -0.002416165 0.99997365 0.00013664691 -12.474976 0.00091149565 -0.000116816256 0.99999607 5.105591
0.99997276 -0.0028323971 0.0010652011 107.474365 0.002833224 0.99997616 -0.00012051663 -12.466919 -0.001063019 0.00013843458 0.9999965 5.132202
0.99992484 -0.009271709 0.0034673125 108.3811 0.009273559 0.99993384 -0.00032242652 -12.454834 -0.0034623668 0.00037179567 0.99999064 5.1503906
0.99980193 -0.017847592 0.006627167 109.308105 0.017851116 0.9998257 -0.00042223796 -12.437378 -0.006617666 0.0005514559 0.9999759 5.1589355
0.999627 -0.024954723 0.009202421 110.20923 0.024956945 0.9996716 -0.00010839963 -12.414185 -0.009196381 0.0003505358 0.99995536 5.147583
0.9993458 -0.03353659 0.012265261 111.138916 0.03353394 0.9994229 0.0004215173 -12.379272 -0.012272501 6.3542393e-07 0.99992275 5.159546
0.99911463 -0.039132446 0.014142575 112.02368 0.039131247 0.99921674 0.00036587784 -12.333496 -0.014145892 0.0002001709 0.99989766 5.156128
0.9987844 -0.04576641 0.016239213 112.92676 0.04578104 0.99891967 -0.0004924151 -12.285034 -0.01619793 0.0012578792 0.9998639 5.1551514
0.9983887 -0.053113874 0.018482057 113.828125 0.053138245 0.9985611 -0.00079771434 -12.236328 -0.018411856 0.0017959664 0.99982584 5.145874
0.9979957 -0.05955592 0.020414878 114.73242 0.059564847 0.998206 0.00018204676 -12.164673 -0.020388816 0.001046919 0.99978936 5.140747
0.9973858 -0.06816075 0.022959558 115.62549 0.06820661 0.99764854 -0.0011939151 -12.1102295 -0.02282292 0.0027711648 0.9997333 5.1452637
0.9967492 -0.076251715 0.025237596 116.529785 0.076342806 0.9970601 -0.0026373467 -12.052124 -0.024960645 0.0045672143 0.99967605 5.161255
0.9961024 -0.08365857 0.027152793 117.4707 0.083784044 0.99645805 -0.003479029 -11.985474 -0.026763279 0.005754195 0.9996228 5.1486816
0.9953968 -0.09114113 0.028728671 118.36719 0.09121887 0.9958056 -0.0013806424 -11.885132 -0.028480895 0.0040103258 0.9995838 5.1157227
0.9947225 -0.09798214 0.02960443 119.26221 0.09786939 0.99516255 0.0052257455 -11.796875 -0.029974993 -0.0022866821 0.9995459 5.1085205
0.9941306 -0.103446126 0.030721653 120.1958 0.1033543 0.99460655 0.004558785 -11.704102 -0.031029157 -0.0013410489 0.9995153 5.100586
0.99357504 -0.10833371 0.03202995 121.096924 0.108446196 0.9940791 -0.0017743966 -11.602539 -0.03164687 0.005248606 0.99948364 5.0603027
0.9930624 -0.11269388 0.032700025 121.99658 0.11279169 0.9935912 -0.0011355737 -11.507446 -0.03236109 0.004831941 0.9994622 5.0582275
0.9921526 -0.1200728 0.034370683 122.90527 0.12022719 0.99272704 -0.0024409685 -11.431885 -0.033826523 0.0065623326 0.99940515 5.04895
0.9913344 -0.12595114 0.03641978 123.815186 0.12633021 0.9919227 -0.008245351 -11.3302 -0.035082076 0.012791576 0.99930006 5.0289307
0.9906944 -0.13050371 0.038339846 124.7124 0.13101754 0.99130595 -0.011173699 -11.208984 -0.03654561 0.016099373 0.9992012 4.9970703
0.9902352 -0.133845 0.0384574 125.59839 0.13436548 0.99084914 -0.011234971 -11.090332 -0.036597706 0.016303949 0.9991951 4.968628
0.9897227 -0.13773802 0.03797441 126.488525 0.13823536 0.99032444 -0.010751682 -10.955322 -0.036122207 0.015899653 0.99921936 4.9434814
0.98954254 -0.13916223 0.037205867 127.3772 0.13961154 0.99013215 -0.009712759 -10.816528 -0.035482425 0.01481821 0.9992587 4.9223633
0.98924977 -0.14119026 0.03758767 128.2583 0.14161521 0.9898641 -0.0088582635 -10.692261 -0.035953198 0.014094335 0.9992529 4.901123
0.989059 -0.14212674 0.039070286 129.14258 0.14253291 0.98974234 -0.0077779666 -10.56311 -0.03756137 0.013270281 0.99920493 4.8675537
0.9888511 -0.14308089 0.040839233 130.031 0.14347398 0.9896145 -0.006829399 -10.4313965 -0.039435823 0.0126206335 0.99914134 4.8355713
0.9884838 -0.1448741 0.04297122 130.92139 0.14530978 0.9893299 -0.0071454938 -10.302734 -0.04147379 0.013323958 0.9990485 4.8115234
0.9884216 -0.14542936 0.04288572 131.78442 0.14586613 0.98926204 -0.0072034197 -10.166626 -0.041375473 0.01338368 0.99905306 4.7945557
0.9885475 -0.14502126 0.041316207 132.64697 0.1454388 0.98932433 -0.0072436347 -10.032959 -0.039821886 0.013180116 0.99911815 4.773926
0.9885891 -0.14506407 0.04005026 133.51172 0.14542109 0.9893305 -0.00610738 -9.897461 -0.03873415 0.011873786 0.9991772 4.737549
0.98834044 -0.14671618 0.040265188 134.37695 0.14703338 0.98910135 -0.005001311 -9.767578 -0.03909079 0.010870827 0.9991758 4.710327
0.98821425 -0.14733303 0.04104804 135.2417 0.14771575 0.9889903 -0.0064136833 -9.642456 -0.03964891 0.012412795 0.9991349 4.6949463
0.98821133 -0.14742292 0.040666535 136.09326 0.14779899 0.9889724 -0.0063635972 -9.504883 -0.039277304 0.012310552 0.9991512 4.676758
0.98822534 -0.14775456 0.039137118 136.94678 0.14798559 0.98896235 -0.0030392753 -9.36853 -0.038254306 0.008806768 0.99922776 4.631714
0.9882617 -0.14799944 0.037208114 137.80493 0.14798588 0.9889607 0.0031389585 -9.223633 -0.037261978 0.0024172415 0.9993008 4.6104736
0.98853385 -0.14677192 0.03494698 138.63916 0.14663383 0.9891515 0.0064935507 -9.08252 -0.035521917 -0.0012862526 0.99936694 4.6029053
0.98852205 -0.14698178 0.034615196 139.51001 0.1470218 0.98912144 0.0014040668 -8.953735 -0.034444787 0.0037060594 0.9993991 4.583252
0.9884109 -0.14779636 0.034018893 140.32886 0.14787443 0.9889855 0.00023320434 -8.821533 -0.033678066 0.004809751 0.99942 4.5545654
0.9879434 -0.15082204 0.034617744 141.1731 0.15091786 0.98853576 -0.00015038205 -8.694092 -0.034197718 0.0053788116 0.9993998 4.526123
0.9874392 -0.15364976 0.036192372 142.0293 0.15384349 0.98807 -0.002595367 -8.562378 -0.035360035 0.008141992 0.99933994 4.496582
0.9870158 -0.1558008 0.03833751 142.85498 0.15598883 0.98772955 -0.0019301486 -8.4375 -0.0375649 0.007896548 0.9992618 4.4613037
0.9863491 -0.15964031 0.040045436 143.66724 0.15981096 0.98713416 -0.0010675497 -8.301392 -0.03935888 0.007459118 0.9991964 4.4451904
0.98561454 -0.16380787 0.040702365 144.51147 0.16405487 0.98641163 -0.002756023 -8.15564 -0.039695125 0.009410983 0.9991653 4.449951
0.98444784 -0.17078508 0.040467925 145.33203 0.17112215 0.9852097 -0.004970171 -8.014404 -0.03901788 0.011830219 0.99916714 4.4279785
0.9832656 -0.17766747 0.039843515 146.14795 0.17802803 0.9839921 -0.0056429817 -7.8603516 -0.038200658 0.012650373 0.9991889 4.4033203
0.98118114 -0.18841447 0.04174344 146.98389 0.1887784 0.98198724 -0.0049069235 -7.701172 -0.040065106 0.012702004 0.9991157 4.374878
0.9790035 -0.19882742 0.044337187 147.75415 0.19923432 0.97991335 -0.0048945243 -7.539673 -0.042471487 0.013636721 0.99900335 4.3554688
0.9760814 -0.21232347 0.045965984 148.62915 0.21289344 0.9770092 -0.007799314 -7.3514404 -0.043249294 0.017412033 0.9989112 4.3406982
0.9729648 -0.22621344 0.045504272 149.38257 0.22684698 0.97383904 -0.009176091 -7.170166 -0.042232417 0.01926719 0.9989203 4.3184814
0.9697961 -0.23953359 0.045288965 150.12256 0.24022235 0.9706284 -0.010337086 -6.9814453 -0.0414796 0.020913351 0.99891984 4.2999268
0.9665844 -0.25226036 0.045006238 150.86597 0.25301078 0.9673655 -0.011726901 -6.7921143 -0.040576037 0.022731544 0.998917 4.276123
0.96305543 -0.26603723 0.04104871 151.66309 0.26680097 0.9636127 -0.014299142 -6.5683594 -0.035748262 0.024728773 0.9990547 4.2647705
0.95996016 -0.2783758 0.030699681 152.33472 0.27898723 0.96010935 -0.017754281 -6.3571777 -0.024529355 0.02561163 0.9993708 4.24292
0.9560439 -0.29237133 0.020750742 153.12183 0.29273945 0.9559932 -0.017663132 -6.1071777 -0.014669007 0.022964789 0.9996286 4.225586
