1.000000000000000000e+00 4.398956837314658088e-19 2.733407509747682871e-20 -8.673617379884035472e-19 -5.583667658079949532e-19 1.000000000000000000e+00 -6.100159232558060012e-19 0.000000000000000000e+00 4.145284534913582806e-20 -2.210423569125054137e-19 1.000000000000000222e+00 0.000000000000000000e+00
9.998939384733824820e-01 5.759141029453912139e-04 1.455266789390829117e-02 -6.202507640801552952e-02 -5.716073454569400901e-04 9.999997916027749678e-01 -3.001009369066183984e-04 -1.271227905923091872e-02 -1.455283794584566123e-02 2.917507116319291828e-04 9.998940592744935962e-01 2.063438887645840936e-02
9.992413406892428629e-01 4.399511986033733876e-03 3.869608987861031940e-02 5.166623589774130276e-02 -4.367634605327276598e-03 9.999900493452663630e-01 -9.082878575754251959e-04 9.096748408920163342e-03 -3.869970152171488958e-02 7.385884348740028938e-04 9.992506129899464407e-01 3.295549353127154579e-01
9.979606779408578543e-01 5.343267905349034091e-03 6.360766290967412306e-02 2.597184663761580720e-02 -5.377869630003112578e-03 9.999854696735490656e-01 3.727869609500413873e-04 4.111151551340452848e-03 -6.360474787016899556e-02 -7.141003981284999589e-04 9.979749125554079336e-01 4.463556834596741352e-01
9.952893923890636652e-01 5.206015077792430085e-03 9.680869159294011594e-02 9.985408947282717329e-02 -5.478379208528894907e-03 9.999817477864583193e-01 2.547835346599325226e-03 -1.467010144954455919e-03 -9.679366222450425106e-02 -3.066188159038100904e-03 9.952997465439531455e-01 6.048016782580680761e-01
9.907905533180563218e-01 1.684703511748191418e-03 1.353929137643256342e-01 1.703754257369280711e-01 -2.353631648187201521e-03 9.999858024407215495e-01 4.780725700095521044e-03 4.733851224280632985e-03 -1.353829397497519071e-01 -5.055362829851077489e-03 9.907804514928565398e-01 8.183542228542727281e-01
9.846799283926899182e-01 -1.413753733805712823e-03 1.743658213017546255e-01 2.288896235635831666e-01 4.934756329534617254e-04 9.999857210846188060e-01 5.321100110632403027e-03 -7.139235824369566386e-03 -1.743708572865015349e-01 -5.153535075301506237e-03 9.846665656405714229e-01 9.889232899364019946e-01
9.758418314954951933e-01 -1.758761992516793757e-03 2.184711105294118993e-01 3.258069743950909869e-01 3.873368955696369020e-04 9.999799533004339880e-01 6.320044697791704115e-03 -5.791828521298419963e-03 -2.184778501363700554e-01 -6.082741921286905287e-03 9.758229500153882130e-01 1.216443882453792424e+00
9.640269654563481394e-01 -1.609907206063742723e-03 2.657995809088089523e-01 4.107443881488324067e-01 -9.012025932143732758e-04 9.999561137711016068e-01 9.325146893365349882e-03 6.891027777412780941e-03 -2.658029331826821662e-01 -9.229232167613541510e-03 9.639832067244182845e-01 1.411599858104857219e+00
9.495461281852736191e-01 -5.583233505023976577e-03 3.135777043691957977e-01 5.530683529896609496e-01 4.934644754275364139e-04 9.998668888648890585e-01 1.630831192011378272e-02 1.968239194651109220e-02 -3.136270222148192510e-01 -1.533075482508341157e-02 9.494224877126430373e-01 1.674535213723662874e+00
9.327741353464430452e-01 -1.533672985282878709e-02 3.601349683075517061e-01 6.893862099051077941e-01 6.985108568740795200e-03 9.996759077858016207e-01 2.448035187602248114e-02 6.016127857867148432e-04 -3.603937061324749003e-01 -2.031905703657465451e-02 9.325789587334801789e-01 1.866261815943519364e+00
9.115964145706254573e-01 -2.091019602284344137e-02 4.105541843470281727e-01 8.494198823795467979e-01 9.661923606606953249e-03 9.995194455551580370e-01 2.945378003668180228e-02 -6.238363963408530277e-03 -4.109727821170067186e-01 -2.288321691756605228e-02 9.113603750069479981e-01 2.101058406374986198e+00
8.866762719703211726e-01 -2.292755363689931436e-02 4.618219493773971229e-01 1.016413323561516036e+00 8.443408686238600136e-03 9.994062161142603928e-01 3.340544880722783744e-02 -2.061032489699354819e-03 -4.623136401455361089e-01 -2.572046713366558934e-02 8.863433639510321926e-01 2.331009385333399742e+00
8.584006299689699304e-01 -2.499932083592589296e-02 5.123703626635830455e-01 1.198660296123953417e+00 6.564287770345889755e-03 9.992653455661038020e-01 3.775816791425294638e-02 2.007776282427026215e-02 -5.129378849129548890e-01 -2.904828837851160250e-02 8.579341041632466691e-01 2.537114607929841004e+00
8.257537436849358148e-01 -3.022523402890254368e-02 5.632203700338609398e-01 1.443681418509948244e+00 7.691165671076243861e-03 9.990736954689138916e-01 4.233907124690534235e-02 2.002928766346252776e-02 -5.639783745265634085e-01 -3.062982513120293335e-02 8.252213107491812583e-01 2.782663712161226766e+00
7.902128079745844857e-01 -3.588920427655914458e-02 6.117807428926558266e-01 1.672855268180112098e+00 9.798236926386790294e-03 9.988960196366053479e-01 4.594275200209178150e-02 2.393342332028340624e-02 -6.127542083585055810e-01 -3.031017806420932548e-02 7.896920786264990388e-01 2.992271081438631519e+00
7.523744751240818429e-01 -4.040612794574634237e-02 6.574952374460357740e-01 1.938693547052912081e+00 1.105561594329847880e-02 9.987509518831889643e-01 4.872688598497861706e-02 3.569035235559673419e-02 -6.586428704237302645e-01 -2.939185004401522264e-02 7.518814369192130531e-01 3.208390669477716450e+00
7.122009155060126107e-01 -4.375959773118587998e-02 7.006104094352043621e-01 2.223939889751687993e+00 1.225668427980069336e-02 9.986781481549243944e-01 4.991723183785706786e-02 4.613204457014001558e-02 -7.018686763847333809e-01 -2.696393716037279523e-02 7.117958380087321402e-01 3.431416750410150041e+00
6.705976118484840987e-01 -4.550910015175344686e-02 7.404240379930804306e-01 2.512463661442456697e+00 1.101270314010525941e-02 9.986171962405111513e-01 5.140443257765311968e-02 5.610037558062407753e-02 -7.417395591380938624e-01 -2.631761908586756002e-02 6.701714841273422874e-01 3.619272217104041012e+00
6.281823584994982168e-01 -4.594325258637714515e-02 7.767085246700079493e-01 2.876701943018191265e+00 7.127797156892890992e-03 9.985530604889800710e-01 5.330084282867274259e-02 8.184057738993337494e-02 -7.780335019476443126e-01 -2.794642780994451708e-02 6.276008897269150788e-01 3.841177036323538019e+00
5.864280201925713421e-01 -4.674544919113914759e-02 8.086513646172188707e-01 3.199100773509599982e+00 4.173661122722712585e-03 9.984944980497656442e-01 5.469294169219294371e-02 9.735403788762053701e-02 -8.099905985361212091e-01 -2.869843619079833624e-02 5.857402502007031941e-01 4.062914374840796761e+00
5.463983272647726652e-01 -4.773165957091161232e-02 8.361641855583924476e-01 3.570682396909575118e+00 1.971052187347782300e-03 9.984451959526189357e-01 5.570732078218802036e-02 1.127925492915607675e-01 -8.375231314449188558e-01 -2.879026305340415606e-02 5.456428653597792389e-01 4.252837547843703270e+00
5.074630182588711902e-01 -5.056138062170930508e-02 8.601888279478790977e-01 4.010756935531702538e+00 1.335253234365584886e-03 9.983218987719902904e-01 5.789303486412668981e-02 1.334274957390235161e-01 -8.616725106845647408e-01 -2.823000366860802315e-02 5.066789549918334634e-01 4.462075029431613160e+00
4.701778225900100083e-01 -5.029717754792954049e-02 8.811373310932866243e-01 4.408653813146043987e+00 -1.679205345061681506e-03 9.983219987556224417e-01 5.788235508360708992e-02 1.553136055126819737e-01 -8.825701159016414721e-01 -2.869460955186024786e-02 4.693044030999737881e-01 4.657393940285271761e+00
4.338966095281975299e-01 -4.960745711821168413e-02 8.995959198457271766e-01 4.869082121752133396e+00 -2.728604276766207534e-03 9.984060871915477753e-01 5.637233134615125818e-02 1.810581142378208663e-01 -9.009585459725447665e-01 -2.691440403599854730e-02 4.330696557895846177e-01 4.851004665451564613e+00
4.007165186091495857e-01 -4.836025168988582201e-02 9.149248842485249167e-01 5.374864959385047491e+00 -1.648838295371719831e-03 9.985663035164079604e-01 5.350344642399899181e-02 1.956992801723547726e-01 -9.162006156379011168e-01 -2.294827723743639303e-02 4.000622732328683040e-01 5.042547835666444378e+00
3.705798161038659777e-01 -4.662064318215746600e-02 9.276298297987342067e-01 5.883526387952606740e+00 1.858515220848199357e-04 9.987431657624427084e-01 5.012039772462645315e-02 2.174752199960665044e-01 -9.288006141127079784e-01 -1.840120556693212658e-02 3.701227219244587197e-01 5.212349244579634444e+00
3.450115215985970485e-01 -4.470217343963914930e-02 9.375333332261219788e-01 6.434039387113676511e+00 1.251004617716318422e-03 9.988862272567913259e-01 4.716714907181054212e-02 2.369659005260246754e-01 -9.385976244700492410e-01 -1.510035051174478046e-02 3.446831784843756297e-01 5.371479505176457891e+00
3.252344762687102153e-01 -4.422821167988748303e-02 9.445985315144423966e-01 7.005129409531855700e+00 2.602366462720060673e-03 9.989437176537481200e-01 4.587675462941752380e-02 2.639066610201390439e-01 -9.456298319380973538e-01 -1.246250986330567530e-02 3.250060335267383471e-01 5.563651016177804109e+00
3.097476982422451286e-01 -4.474616990142250839e-02 9.497653018115820300e-01 7.596713986442315658e+00 3.597163137371264981e-03 9.989400321420187634e-01 4.588978716613003467e-02 2.970915973588695302e-01 -9.508119897852861380e-01 -1.079779433027018218e-02 3.095803335824137692e-01 5.747548964121328652e+00
2.975812051463844199e-01 -4.618928941143921746e-02 9.535785025673015891e-01 8.224804517492023237e+00 4.438626247751998807e-03 9.988850893130880593e-01 4.699869048266932386e-02 3.136853368725507352e-01 -9.546862003415478304e-01 -9.753347483446084265e-03 2.974544443389794957e-01 5.939847148008802868e+00
2.863387035600877817e-01 -4.798849054213416565e-02 9.569259303440311726e-01 8.857058020646928043e+00 3.252358750451343761e-03 9.987878538746817192e-01 4.911461164228356907e-02 3.404879960505461933e-01 -9.581229489410985067e-01 -1.095114690590534567e-02 2.861476936588497888e-01 6.128973762390393709e+00
2.768064212400316304e-01 -4.971701094611574029e-02 9.596386863949935009e-01 9.516097978390730461e+00 1.527634080135176643e-03 9.986821642422967216e-01 5.129913372347315315e-02 3.719209032523319025e-01 -9.609244964390263322e-01 -1.273395197381757202e-02 2.765175838986643764e-01 6.286080309102635155e+00
2.662276873031163005e-01 -5.136251341930282710e-02 9.625407498182174670e-01 1.019951161295095510e+01 8.859659783585053811e-04 9.985919313770702521e-01 5.304120675786477834e-02 3.974321943998042617e-01 -9.639097727618586298e-01 -1.326825856673783527e-02 2.658983245438487630e-01 6.492156375680233182e+00
2.556463835238537707e-01 -5.334292034054174958e-02 9.652975933183450818e-01 1.091659686904846716e+01 3.348343174242308749e-05 9.984771092863925501e-01 5.516757263399824085e-02 4.271996857953856419e-01 -9.667703667368025000e-01 -1.407106807477570901e-02 2.552588467751406576e-01 6.702769217136694380e+00
2.455587763880725249e-01 -5.488459526179855635e-02 9.678267162402822699e-01 1.167072711069430291e+01 -3.543220043772185991e-04 9.983907576783515037e-01 5.670775429800578582e-02 4.573590208381387856e-01 -9.693816474432228603e-01 -1.426800817555975986e-02 2.451441646401179564e-01 6.868256274783066218e+00
2.345687072757713376e-01 -5.646490033837484740e-02 9.704582528988887624e-01 1.241544313655667686e+01 -7.378524748990397935e-04 9.983009818340937702e-01 5.826324056108311833e-02 4.845306274503966559e-01 -9.720992715885247160e-01 -1.438278715651742160e-02 2.341285066581809404e-01 7.043112471002203279e+00
2.247974555899188154e-01 -5.938300606965823264e-02 9.725943380910676561e-01 1.316658367777116112e+01 -2.036647933129297726e-03 9.981104448635538251e-01 6.141165911726417098e-02 5.180295224774476015e-01 -9.744033932476580118e-01 -1.578601608197885420e-02 2.242517447675192455e-01 7.216516052456575459e+00
2.141852951342455014e-01 -6.279392242764134102e-02 9.747725716807084106e-01 1.395195967131418335e+01 -3.743406473222369180e-03 9.978714325358623016e-01 6.510446214246780328e-02 5.641520538706626953e-01 -9.767858839427250306e-01 -1.759338752461104757e-02 2.134943227464529691e-01 7.404867967687942532e+00
2.005959244430708943e-01 -6.644909094905841751e-02 9.774179132515116164e-01 1.472578988384759135e+01 -4.116528411682865256e-03 9.976310667965081480e-01 6.866810544848871156e-02 6.058007861828967888e-01 -9.796654256346806200e-01 -1.779810982874283423e-02 1.998471851612889372e-01 7.565384858839568238e+00
1.878677846014347175e-01 -6.875179007102892592e-02 9.797851144547926605e-01 1.554347964220465528e+01 -5.450610188595621589e-03 9.974587833295460726e-01 7.103707733137090696e-02 6.446420851017529152e-01 -9.821792114066526524e-01 -1.868600419973423174e-02 1.870156312797731368e-01 7.707884516289516874e+00
1.746634187364681512e-01 -6.963344113913273736e-02 9.821628467652889771e-01 1.632896954519299371e+01 -5.981356411364806974e-03 9.974027256295819877e-01 7.177761650036088015e-02 6.746897537680607293e-01 -9.846100398421353539e-01 -1.841158904988369691e-02 1.737932661144583613e-01 7.859597919910606301e+00
1.604458271905216671e-01 -6.891705802382645796e-02 9.846357494431924318e-01 1.712838106564035812e+01 -7.216350562002778364e-03 9.974509285909027856e-01 7.098992385908042824e-02 7.181718097958780245e-01 -9.870182763820323224e-01 -1.849551291983778101e-02 1.595395082943451281e-01 7.977616944969520674e+00
1.435375791362792086e-01 -6.785801831689394770e-02 9.873156719312635721e-01 1.792138968923510944e+01 -8.336627365576766008e-03 9.975281354143635815e-01 6.977191165977920939e-02 7.527390727176532792e-01 -9.896097620660345706e-01 -1.824577325491508195e-02 1.426170652863996968e-01 8.107992209261114525e+00
1.237038599812860379e-01 -6.648045936995967964e-02 9.900897367104785074e-01 1.876590406253174592e+01 -1.069937424365613281e-02 9.976059519017840271e-01 6.832194437617371274e-02 7.919038073682065360e-01 -9.922615056715531345e-01 -1.904502798685824699e-02 1.226964062931582139e-01 8.201021651406426471e+00
9.798675373848354797e-02 -6.501760778680858166e-02 9.930615740333955666e-01 1.958107323102503017e+01 -1.471898534268021447e-02 9.976597539958702576e-01 6.677100193902954506e-02 8.362997224323525103e-01 -9.950788736810202151e-01 -2.115953160980245037e-02 9.680044602684546862e-02 8.290252556842583331e+00
6.900530136721468033e-02 -6.449149163639894544e-02 9.955295569764417429e-01 2.041560049444917979e+01 -1.886556155749457078e-02 9.976454799784049143e-01 6.593623319504705871e-02 8.760948737732862091e-01 -9.974379059860010166e-01 -2.333117293051970020e-02 6.762615740818578303e-02 8.320951478956626346e+00
3.606829914664449327e-02 -6.433135787653157522e-02 9.972765599393107472e-01 2.123652395467941645e+01 -2.218035341494849211e-02 9.976285352330226397e-01 6.515625527468833778e-02 9.154459912688012180e-01 -9.991031613705910752e-01 -2.447002101241364455e-02 3.455587080032778563e-02 8.335674732674046794e+00
1.013403939843968669e-03 -6.367811145013807517e-02 9.979699664177692497e-01 2.209600821984227181e+01 -2.374916488361969447e-02 9.976874758375079422e-01 6.368420306459235403e-02 9.465720682297368294e-01 -9.997174438289401222e-01 -2.376549024736108323e-02 -5.012429430279513511e-04 8.344931659641655841e+00
-3.358786039759206060e-02 -6.284825375856242791e-02 9.974577361154574051e-01 2.291863978579286254e+01 -2.457072711762563200e-02 9.977711365449964953e-01 6.204061932594089751e-02 9.782530028444826886e-01 -9.991337008890350813e-01 -2.242444931342440703e-02 -3.505722632895330593e-02 8.308893349679282281e+00
-6.613303340204662595e-02 -6.086788853647122355e-02 9.959525614936866056e-01 2.375855457810874327e+01 -2.712516770203815888e-02 9.978784637392740242e-01 5.918443115949447580e-02 1.009059760444270593e+00 -9.974420606325874461e-01 -2.310133342564239106e-02 -6.764378284887000159e-02 8.247550889262766916e+00
-9.869013165127671350e-02 -5.767485198915395239e-02 9.934454449595248038e-01 2.460613440252981121e+01 -2.895905008106969963e-02 9.980626735976919628e-01 5.506607856070129536e-02 1.055709516445698881e+00 -9.946967620059455895e-01 -2.333475698880783239e-02 -1.001691469684712482e-01 8.150741598860596682e+00
-1.324536416007159600e-01 -5.334709360036308384e-02 9.897525464781880000e-01 2.545715934753354404e+01 -2.616205405374444001e-02 9.983908524235599602e-01 5.031155675248925180e-02 1.071879246586680878e+00 -9.908438810361673843e-01 -1.923000981773705445e-02 -1.336361750740779619e-01 7.993987256217521598e+00
-1.621506936299401125e-01 -4.773594117022932071e-02 9.856106814601585109e-01 2.630574899548292578e+01 -2.215369557718589733e-02 9.987535417306140362e-01 4.472780643604895578e-02 1.086198334153274603e+00 -9.865172998834615958e-01 -1.458227322205048020e-02 -1.630061084442361585e-01 7.862928607753254084e+00
-1.931642128234718758e-01 -4.185881247517701104e-02 9.802731301925364793e-01 2.708780537969981239e+01 -1.622519890257172193e-02 9.990892102941206776e-01 3.946508334043541399e-02 1.104096020722901583e+00 -9.810322860203570805e-01 -8.281883772298088628e-03 -1.936674497772229164e-01 7.701063117650978285e+00
-2.221039048355449297e-01 -3.620117303446963170e-02 9.743507139462956879e-01 2.790883885363727401e+01 -9.524286478503266387e-03 9.993433734966453708e-01 3.495868725679765476e-02 1.114949929263190809e+00 -9.749764918117692636e-01 -1.515533340393165592e-03 -2.223028572328446528e-01 7.496444494205714015e+00
-2.509708645916389202e-01 -2.943437825529025484e-02 9.675470148462184117e-01 2.872274893710859089e+01 -1.398478068719399186e-03 9.995475645832002654e-01 3.004513908791424381e-02 1.139792186353105752e+00 -9.679936390644752198e-01 6.187362357671962430e-03 -2.508984811728915409e-01 7.283718818794169714e+00
-2.785895060124150557e-01 -1.934135129216448326e-02 9.602154877529341936e-01 2.951665455234369873e+01 4.149635841543251359e-03 9.997636239146532322e-01 2.134190252375895228e-02 1.131023484008833790e+00 -9.604013136467179912e-01 9.930175812971578364e-03 -2.784433958983726365e-01 7.035669683537038033e+00
-3.026112071858436670e-01 -4.628293706328105717e-03 9.531028381277010242e-01 3.029978474804600808e+01 9.200426607659857592e-03 9.999274339531818434e-01 7.776821948215154566e-03 1.117935022383335530e+00 -9.530696851502001854e-01 1.112230731388846872e-02 -3.025466669490152749e-01 6.755988628790963624e+00
-3.260272592456672780e-01 1.263276976682204712e-02 9.452759509561875495e-01 3.108909095869247707e+01 1.005949722375237831e-02 9.999004602074869075e-01 -9.893238888892258789e-03 1.097314225731166104e+00 -9.453068537660200832e-01 6.283536307342446788e-03 -3.261218872014937098e-01 6.468821373301042676e+00
-3.522531454077856283e-01 2.709726934263001139e-02 9.355123964621566701e-01 3.189935459085856451e+01 8.709742867982296632e-03 9.996324000255558673e-01 -2.567499137008524487e-02 1.064592376646005256e+00 -9.358642404883861232e-01 -8.960230645538869989e-04 -3.523596687255218796e-01 6.181878099439104268e+00
-3.768034181916320446e-01 3.795212389679448323e-02 9.255154266768754745e-01 3.265791214361247086e+01 1.286438143605506818e-02 9.992783401143844335e-01 -3.573942698470315010e-02 1.029635168062741801e+00 -9.262039225153422262e-01 -1.560553817550722547e-03 -3.770197261818508672e-01 5.859065457535900023e+00
-3.998665519081198716e-01 4.302996278837897121e-02 9.155627493228517544e-01 3.342585097946032135e+01 1.652817074881872406e-02 9.990734957419966644e-01 -3.973625098253271565e-02 9.853746071201734402e-01 -9.164243418038700018e-01 -7.566192561109069377e-04 -4.002072817078495826e-01 5.515919629099272470e+00
-4.222367897087547228e-01 4.220265137631721425e-02 9.055026310893320440e-01 3.415307243472291532e+01 1.857220861901023173e-02 9.991087410878775055e-01 -3.790509874739073776e-02 9.352864491160851612e-01 -9.062953051587511188e-01 8.122575269188349930e-04 -4.226442651287576346e-01 5.138118815992154254e+00
-4.432127459633377620e-01 3.869322519675363892e-02 8.955809743996860917e-01 3.487896446906061954e+01 2.264420704231728462e-02 9.992324419743974229e-01 -3.196508645250934616e-02 8.929304476462536222e-01 -8.961304118438179200e-01 6.112388275856040117e-03 -4.437487331276639413e-01 4.773576090024680418e+00
-4.614164956904530102e-01 3.728810324320736003e-02 8.863996845081207887e-01 3.559096751743380338e+01 2.967877838050558825e-02 9.992059102775605606e-01 -2.658418572194012550e-02 8.577593349094310149e-01 -8.866870928538129748e-01 1.404087905347810132e-02 -4.621567561950860048e-01 4.376468284006596043e+00
-4.757104194204719305e-01 3.836744959804157251e-02 8.787647704151333450e-01 3.631743285619151607e+01 3.381114464709226303e-02 9.991074950181920711e-01 -2.531836963812771069e-02 8.097265755514447827e-01 -8.789518849830726399e-01 1.766783162761897258e-02 -4.765830941280373434e-01 4.019281945921124866e+00
-4.853407287817330662e-01 4.177822033108538613e-02 8.733263671193935984e-01 3.704363445683086553e+01 3.610178682538514594e-02 9.989634467788169880e-01 -2.772531206334600748e-02 7.618984009976700333e-01 -8.735794471961224605e-01 1.807242027351228450e-02 -4.863459169216816647e-01 3.553821596323585297e+00
-4.963804988426565590e-01 4.444751094767399741e-02 8.669664385298826437e-01 3.774147006633225487e+01 3.781633294938347573e-02 9.988474879333297807e-01 -2.955707613875873524e-02 7.129074646363707801e-01 -8.672810027437912739e-01 1.811393639244500767e-02 -4.974892574235598719e-01 3.175742515036625857e+00
-5.065913268754634879e-01 4.370347729256181257e-02 8.610779408240724075e-01 3.841451636911383360e+01 3.144444425499149515e-02 9.989865779817017621e-01 -3.220347626615817360e-02 6.651541184771453397e-01 -8.616127242991118429e-01 1.076211656168723878e-02 -5.074521688401054664e-01 2.783562524887894352e+00
-5.178644932235508813e-01 4.220012195409549027e-02 8.544211509097228152e-01 3.910809545596047343e+01 2.982713864881012672e-02 9.990659548887540486e-01 -3.126594842013935560e-02 6.408701991674022880e-01 -8.549425246563697733e-01 9.293414605399483858e-03 -5.186394945183796512e-01 2.366849572392210721e+00
-5.271321125470829205e-01 4.388200418201006897e-02 8.486495699353342470e-01 3.976063052084438709e+01 3.233874549340330640e-02 9.989783037693490408e-01 -3.156824484803937708e-02 6.039866828132820498e-01 -8.491678004315058592e-01 1.080362787389579915e-02 -5.280126338161950095e-01 1.951109311758078224e+00
-5.340716708957966574e-01 4.701275526308801994e-02 8.441310551320460043e-01 4.047795712122333356e+01 3.627449617222975459e-02 9.988074824521624429e-01 -3.267680926986155782e-02 5.580130135665255509e-01 -8.446606555074516187e-01 1.316867163287083024e-02 -5.351401462578896373e-01 1.500538667383612523e+00
-5.377648784186336295e-01 5.004238871097942826e-02 8.416083899250792477e-01 4.117071629966481083e+01 3.698842179027173049e-02 9.986761242266776195e-01 -3.574710463404248695e-02 5.185259641536622555e-01 -8.422830900644030505e-01 1.190622974681002783e-02 -5.389039346927376739e-01 1.071744556427910666e+00
-5.378924118726352566e-01 5.137199697949926258e-02 8.414467649837729102e-01 4.186862746431012994e+01 3.605916013524881197e-02 9.986300566119936661e-01 -3.791763360534586985e-02 4.757148401668346849e-01 -8.422419497003050814e-01 9.946257247749192704e-03 -5.390079619723145976e-01 6.198545194757183463e-01
-5.339205237277576677e-01 5.235764011996464629e-02 8.439120445397688686e-01 4.257520852138070921e+01 3.855082566622363566e-02 9.985504303027893380e-01 -3.756157499758069201e-02 4.352132856874451616e-01 -8.446553852724524303e-01 1.247861133272829513e-02 -5.351650001632888287e-01 1.543672553023923699e-01
-5.289856091629528967e-01 5.118603255483265141e-02 8.470857113278706940e-01 4.332991501114976529e+01 3.687045665146606449e-02 9.986230172927023085e-01 -3.731807464958866033e-02 3.869880559049621027e-01 -8.478294678233304627e-01 1.149171356325491555e-02 -5.301444587164133582e-01 -3.004768868910867030e-01
-5.215613031544575895e-01 5.004487347644174383e-02 8.517448588188005765e-01 4.407750769812176372e+01 3.479213451827187914e-02 9.986954841196439281e-01 -3.737428679478792953e-02 3.461161049289719904e-01 -8.525041503458787862e-01 1.014104098500668780e-02 -5.226220873234866948e-01 -7.352072277951036128e-01
-5.153232165265150266e-01 4.932156321274683286e-02 8.555754511646417315e-01 4.486587213457881518e+01 3.308846687074537551e-02 9.987432058808679569e-01 -3.764521228296568989e-02 3.048271553112711918e-01 -8.563569045196142149e-01 8.910229089798620342e-03 -5.163075374558354635e-01 -1.181560360410980115e+00
-5.082035224953275199e-01 4.793967882372790479e-02 8.599017115452741722e-01 4.568734059619159638e+01 3.016413499212279234e-02 9.988277700113743496e-01 -3.785777012850304740e-02 2.512845814562339464e-01 -8.607086132193885186e-01 6.698740156798307747e-03 -5.090538512422591033e-01 -1.672489702482390594e+00
-5.036099832778815344e-01 4.583898755526610164e-02 8.627141812227796525e-01 4.648286909855524840e+01 2.599200807816203981e-02 9.989432754913011303e-01 -3.790445643452141494e-02 2.029286488573528446e-01 -8.635400468632041804e-01 3.334612251938484217e-03 -5.042692548169792621e-01 -2.124304874280167343e+00
-5.018494332512473122e-01 4.291475841609802139e-02 8.638897246417193143e-01 4.732485470040665376e+01 2.102416067888065662e-02 9.990785480184279921e-01 -3.741710191549724174e-02 1.578369026494876870e-01 -8.646994526021450911e-01 -6.151940882671408893e-04 -5.022892510905566654e-01 -2.613574182508887844e+00
-5.027479030805712679e-01 4.065520960070587164e-02 8.634765117696863168e-01 4.815999264393832391e+01 1.859630213732826887e-02 9.991709212282490205e-01 -3.621667684574877977e-02 1.118812904484217385e-01 -8.642330332724884601e-01 -2.150387330024557293e-03 -5.030871232444649177e-01 -3.068763633091678322e+00
-5.034883881884295587e-01 3.928898790729736662e-02 8.631082231658238069e-01 4.903770231619886033e+01 1.699329696202536710e-02 9.992226268980187731e-01 -3.557203563628279913e-02 6.264270754212748760e-02 -8.638348702796180278e-01 -3.243051640478319085e-03 -5.037646405131059879e-01 -3.587259047851028448e+00
-5.038712525979313073e-01 3.914107081194002913e-02 8.628914902205807591e-01 4.989712366487049877e+01 1.699591798647712843e-02 9.992286605027768109e-01 -3.540088653726667506e-02 1.093554091104127074e-02 -8.636115514879455501e-01 -3.171855143007070062e-03 -5.041478364443583438e-01 -4.092608815358605767e+00
-5.047526664728577694e-01 3.827701703567696484e-02 8.624149825825522253e-01 5.075909628187054068e+01 1.697677476480715514e-02 9.992634376174516220e-01 -3.441469636679349298e-02 -3.536431210212159781e-02 -8.630970670076784090e-01 -2.729883939019742828e-03 -5.050307061580214807e-01 -4.571734893066627947e+00
-5.043303714825112527e-01 3.757295798225787631e-02 8.626929556615917649e-01 5.163635308295474147e+01 1.710579930727037026e-02 9.992915759600481396e-01 -3.352219879429721439e-02 -8.250772938480628593e-02 -8.633413463445667180e-01 -2.149209496604939477e-03 -5.046158084171294966e-01 -5.095079791239558453e+00
-5.049919952210573104e-01 3.730789235549301919e-02 8.623173386060950518e-01 5.252722790158176736e+01 1.698310200663961933e-02 9.993014714103253260e-01 -3.328878865850481983e-02 -1.381146245781780801e-01 -8.629569347740528862e-01 -2.165747568870043504e-03 -5.052728488310339605e-01 -5.594665541650206464e+00
-5.044558405566611503e-01 3.566216410856678370e-02 8.627007021546018173e-01 5.340577955281400335e+01 1.484955269674965647e-02 9.993572418971549132e-01 -3.262811399920257510e-02 -1.907032857835858075e-01 -8.633097983872934922e-01 -3.648722236645598159e-03 -5.046611658777866438e-01 -6.133918253081064087e+00
-5.052436650033892418e-01 3.502094777274615545e-02 8.622658283394983858e-01 5.429716404907807714e+01 1.471751300887743155e-02 9.993805880029940081e-01 -3.196615561552371143e-02 -2.390304694277409492e-01 -8.628512305427087359e-01 -3.460288173282990987e-03 -5.054461334845868903e-01 -6.639139797719336045e+00
-5.042093994190303130e-01 3.421735882426391040e-02 8.629032624837439380e-01 5.520497032983136165e+01 1.327059380302636309e-02 9.994037321882022207e-01 -3.187587492237212855e-02 -2.938138900765837613e-01 -8.634794642391927511e-01 -4.620876172194228818e-03 -5.043628414687608696e-01 -7.171054725740973801e+00
-5.029531016964040591e-01 3.295781342849696954e-02 8.636850968482269186e-01 5.611081700198660371e+01 1.287322674329652653e-02 9.994475235970775584e-01 -3.064192526071958175e-02 -3.512682099912252665e-01 -8.642178370271275112e-01 -4.293036370199579399e-03 -5.030995065971809455e-01 -7.675767659479420857e+00
-5.006447381162023591e-01 3.090705013925905756e-02 8.651009113952032870e-01 5.700474752928765554e+01 1.333689323127314891e-02 9.995191966544957340e-01 -2.799111953868088296e-02 -4.053987810588502994e-01 -8.655501059011920795e-01 -2.475847307230600539e-03 -5.008162316968624017e-01 -8.196551700975941657e+00
-4.985744472367148461e-01 2.979686405063282362e-02 8.663346084903796873e-01 5.793088080277665597e+01 1.401725927310352310e-02 9.995554995250145458e-01 -2.631197039546591052e-02 -4.616742529446028476e-01 -8.667335515553634684e-01 -9.748383414608231649e-04 -4.987705022465587223e-01 -8.722749260951680128e+00
-4.963371695872988432e-01 2.899320975176907303e-02 8.676455464354648761e-01 5.878252959527003441e+01 1.366407108853521200e-02 9.995792527470584998e-01 -2.558535936890942927e-02 -5.145293245158503170e-01 -8.680223036736757214e-01 -8.433934934671447579e-04 -4.965245035870909929e-01 -9.204042947974397038e+00
-4.941445181996189651e-01 2.930223976858958856e-02 8.688858154079972529e-01 5.968815669357674381e+01 1.407324837529819357e-02 9.995704846502453389e-01 -2.570583339719591243e-02 -5.627324380328373454e-01 -8.692658691562348272e-01 -4.743498324456226281e-04 -4.943446544653624097e-01 -9.718875070818741690e+00
-4.931277207591660550e-01 2.968071071951506462e-02 8.694504544557759562e-01 6.056485983410521357e+01 1.403935697558176231e-02 9.995591901215037378e-01 -2.615954651147642598e-02 -6.142343282507169988e-01 -8.698436410984368150e-01 -6.934713099434529305e-04 -4.933270445054934172e-01 -1.022477038032000785e+01
-4.937341993426192510e-01 3.075765291869212228e-02 8.690687507447524274e-01 6.145362809294336870e+01 1.356170309521055432e-02 9.995251117349147618e-01 -2.767004147322583985e-02 -6.566231575185043079e-01 -8.695071207777563815e-01 -1.875592482840086417e-03 -4.939168581455176121e-01 -1.070162335268402032e+01
-4.965597852400375767e-01 3.270900371928293915e-02 8.673860081541500122e-01 6.232389051948073444e+01 1.199136717076999814e-02 9.994528812571807919e-01 -3.082442596898175152e-02 -7.164938975688731615e-01 -8.679196962977318019e-01 -4.905025344344259193e-03 -4.966803349691559233e-01 -1.119676530513608981e+01
-5.001423998360446932e-01 3.331775387069765837e-02 8.653019667184203012e-01 6.322719420460711603e+01 1.080598010881212399e-02 9.994218651705432110e-01 -3.223610073541565563e-02 -7.724823978749778552e-01 -8.658757549687260413e-01 -6.772204069407013541e-03 -5.002132822988275551e-01 -1.170643070164879340e+01
-5.065393983845986048e-01 3.214126274583656295e-02 8.616175274807017503e-01 6.408403731469672948e+01 1.119205017353221490e-02 9.994658665708863188e-01 -3.070373837579161089e-02 -8.131536518238473565e-01 -8.621441805999480179e-01 -5.909385687804814477e-03 -5.066285665969917362e-01 -1.218646473525725149e+01
-5.113612810361336525e-01 2.954802710080748837e-02 8.588576954177005174e-01 6.497398137801255302e+01 1.341138360905326683e-02 9.995613940476859582e-01 -2.640367956253646120e-02 -8.944908325841265384e-01 -8.592611868344810500e-01 -1.983348471301398311e-03 -5.115332760697677283e-01 -1.270430018921273607e+01
-5.168096630069788366e-01 2.757841114570040025e-02 8.556559999079446088e-01 6.581461066116712288e+01 1.136823260935680008e-02 9.996139463610979048e-01 -2.535195272112269679e-02 -9.183607389886168093e-01 -8.560248521887775519e-01 -3.374836800623921308e-03 -5.169236657530184020e-01 -1.320919660027857034e+01
-5.213159630579990989e-01 2.987926456945632497e-02 8.528404792267931800e-01 6.666888090333449668e+01 1.242963460715198337e-02 9.995466868745418454e-01 -2.742124939353215302e-02 -9.762581796599237860e-01 -8.532732169788114218e-01 -3.694638606293697194e-03 -5.214510332308003315e-01 -1.372028818925156735e+01
-5.262217317978161724e-01 3.253506725424724216e-02 8.497247467679694966e-01 6.749990382633887975e+01 1.309045971238290834e-02 9.994593150983888119e-01 -3.016152022341820477e-02 -1.019380968178057900e+00 -8.502466352321000898e-01 -4.748358960711347547e-03 -5.263631118359669570e-01 -1.424988501430562415e+01
-5.310707106279044520e-01 3.259584905658353265e-02 8.467002999352905013e-01 6.831901222925593231e+01 1.168243783288564798e-02 9.994464866949589466e-01 -3.114868947498911078e-02 -1.069319428409227113e+00 -8.472469726970164317e-01 -6.650632176599246582e-03 -5.311575560958443631e-01 -1.478926329101937753e+01
-5.356188894868080252e-01 3.302093259637561840e-02 8.438139666360741087e-01 6.914993934264880693e+01 1.057901899651671196e-02 9.994191525814778432e-01 -3.239508895531400395e-02 -1.127535475619251049e+00 -8.443935701324069010e-01 -8.424696746343961207e-03 -5.356571068986483164e-01 -1.526975374072216596e+01
-5.384270665385326726e-01 3.226947911720179363e-02 8.420540136121198449e-01 6.997320978132243852e+01 1.059825205316390281e-02 9.994467918786561489e-01 -3.152439111574152630e-02 -1.189663106259462699e+00 -8.426054727550794654e-01 -8.049283909441481283e-03 -5.384712055712277401e-01 -1.579971430480087768e+01
-5.410232697602004315e-01 2.555411342235186165e-02 8.406192931445539696e-01 7.079956859705217198e+01 1.166932721366901494e-02 9.996701407547794460e-01 -2.287873389954888162e-02 -1.233972517067764452e+00 -8.409266674170796652e-01 -2.568464929860258140e-03 -5.411430087267992128e-01 -1.634015454068491024e+01
-5.426449959698891323e-01 1.724229131925153827e-02 8.397851504400737355e-01 7.163279898159542824e+01 1.240227883147624124e-02 9.998447720206926626e-01 -1.251460434668040522e-02 -1.272401474230941520e+00 -8.398705872864339339e-01 3.624263129606839547e-03 -5.427746071693805296e-01 -1.687234135944449775e+01
-5.450247711674971463e-01 1.481819122159086857e-02 8.382889759647327299e-01 7.243327896684773748e+01 1.364861713221767435e-02 9.998681241071828429e-01 -8.800546687144516003e-03 -1.284929482673384138e+00 -8.383088485613010565e-01 6.644970323649131844e-03 -5.451551445366092929e-01 -1.738909270095419757e+01
-5.462844110848269485e-01 1.979484995106339448e-02 8.373658061750444137e-01 7.321929690624332920e+01 1.316551183991516646e-02 9.998001276969010753e-01 -1.504572806848499152e-02 -1.329892350095955411e+00 -8.374962823748390850e-01 2.805103687750623576e-03 -5.464358344707126447e-01 -1.789044263788140654e+01
-5.472334849147714175e-01 2.507876651240152979e-02 8.366041810273197044e-01 7.399888050560205954e+01 1.334690518448983926e-02 9.996853745005258585e-01 -2.123704566131132815e-02 -1.382182140334208054e+00 -8.368735774172357811e-01 -4.555449101313888203e-04 -5.473960364022485425e-01 -1.843734882650229068e+01
-5.471578010948141557e-01 3.040821140016475299e-02 8.364769384989625411e-01 7.481674851306830476e+01 1.984349348582407219e-02 9.995302659864087058e-01 -2.335557982927802603e-02 -1.410016839478338779e+00 -8.367942327288946380e-01 3.819437928216594912e-03 -5.475041887874129154e-01 -1.896369924126607032e+01
-5.477649985392379905e-01 3.077061203390327182e-02 8.360661834341176490e-01 7.563382703957300635e+01 2.272478504972327146e-02 9.995019260515576320e-01 -2.189712139380624312e-02 -1.461353020799170288e+00 -8.363235629613021693e-01 7.004948617000114619e-03 -5.481914277852187878e-01 -1.947711795688432801e+01
-5.469929885099039657e-01 2.849717265250520035e-02 8.366519998937299585e-01 7.645307653177357565e+01 2.260101519386044019e-02 9.995588397587253926e-01 -1.926966358741946661e-02 -1.505693890385953804e+00 -8.368320477211214081e-01 8.368814682241895384e-03 -5.473957431611571334e-01 -2.002560861236502987e+01
-5.464986813177419300e-01 2.350891530878034680e-02 8.371299238813587618e-01 7.723512800783217358e+01 2.119501628734591844e-02 9.996739866950327125e-01 -1.423697913844550710e-02 -1.531063064595324930e+00 -8.371917188281192690e-01 9.962493058548153521e-03 -5.468187884975176383e-01 -2.053265999372625217e+01
-5.470212000820892095e-01 1.694180274822442919e-02 8.369472917815899971e-01 7.800621667894475308e+01 1.886166970094503570e-02 9.997908102001840103e-01 -7.910323901475025191e-03 -1.562654879216786474e+00 -8.369062405920990599e-01 1.145910953158579999e-02 -5.472263206916525569e-01 -2.099902744118698550e+01
-5.456996952130547252e-01 1.101835022345745013e-02 8.379083636127455659e-01 7.885802193810945937e+01 1.038060969756213030e-02 9.999257133256019836e-01 -6.388329604583980852e-03 -1.600082799359773711e+00 -8.379165215521213739e-01 5.211891144907480726e-03 -5.457735353685526647e-01 -2.154794516026597151e+01
-5.451045711877907651e-01 5.725687317546190869e-03 8.383485016198586326e-01 7.962347079904091629e+01 2.072376347589488781e-03 9.999828256678625626e-01 -5.482118445693253371e-03 -1.623420172590988697e+00 -8.383655069551538830e-01 -1.250953296014331931e-03 -5.451070763375497341e-01 -2.201469706860080322e+01
-5.427901368436003349e-01 6.171165285364621847e-03 8.398456829775637900e-01 8.039207069256440263e+01 4.976950170450042919e-03 9.999790812313908983e-01 -4.131229635309435419e-03 -1.648592690940546168e+00 -8.398536234842398640e-01 1.937480368822835442e-03 -5.428094971044763462e-01 -2.251694715582899775e+01
-5.398314131751498213e-01 9.890131080958099521e-03 8.417150454627891909e-01 8.120768980504080048e+01 1.073317200533252525e-02 9.999305606886346176e-01 -4.865470319045814285e-03 -1.674512836337731958e+00 -8.417047320677834010e-01 6.407739637069200314e-03 -5.399000813148059352e-01 -2.303651008468870032e+01
-5.350352883595436149e-01 1.264517909156801130e-02 8.447350630076384537e-01 8.200686987271001271e+01 1.144924515080096399e-02 9.999046822607563501e-01 -7.716291811845464241e-03 -1.707007314326121517e+00 -8.447521332938551231e-01 5.543091394401355315e-03 -5.351290689484987650e-01 -2.353737668582250109e+01
-5.272733981834063499e-01 1.478717077473563207e-02 8.495670014968031980e-01 8.279084933034982896e+01 1.649684675859187932e-02 9.998382513741173039e-01 -7.164154432263635311e-03 -1.724713183360120139e+00 -8.495355374942434867e-01 1.023770961265747098e-02 -5.274320553208988738e-01 -2.402800341594705102e+01
-5.185535366324591777e-01 1.763145295412644337e-02 8.548633506285178152e-01 8.356442915084885215e+01 2.404027274439855463e-02 9.996927694079208448e-01 -6.035896027165132786e-03 -1.761415538537485226e+00 -8.547071468849508635e-01 1.742121397497426241e-02 -5.188180872631087404e-01 -2.452288930123957300e+01
-5.090324932708484296e-01 1.738991465893890628e-02 8.605716113346364438e-01 8.435495036946866776e+01 2.354791087615514672e-02 9.997030305239433812e-01 -6.272688124376707940e-03 -1.776717615631746794e+00 -8.604251442569590402e-01 1.707166263034805634e-02 -5.092908235294059116e-01 -2.498911596535394608e+01
-4.982487256807597853e-01 1.530026817527755170e-02 8.668991265087996334e-01 8.518829305039029975e+01 1.968601877759285773e-02 9.997861657745241715e-01 -6.331141925462543604e-03 -1.801064986010566971e+00 -8.668106369945188794e-01 1.391131016301490157e-02 -4.984433856364576254e-01 -2.544656754164115497e+01
-4.864243627899805245e-01 1.272427389526394927e-02 8.736300237136923608e-01 8.598721902881695200e+01 2.147895821811273212e-02 9.997659139031197517e-01 -2.602252051992937076e-03 -1.818158878387033273e+00 -8.734586459770804501e-01 1.749886509765727002e-02 -4.865838029856462965e-01 -2.587597366070804839e+01
-4.753456921420282089e-01 1.093666025370538739e-02 8.797311228116333481e-01 8.680971022476975918e+01 2.025800049972922151e-02 9.997936854127127404e-01 -1.483236570114801044e-03 -1.855222495497451218e+00 -8.795658583459476931e-01 1.711654453017095318e-02 -4.754691774978608843e-01 -2.629210842862455522e+01
-4.635134298268966946e-01 9.812623346349287276e-03 8.860355515604431131e-01 8.760728833856992992e+01 2.020249008814226782e-02 9.997957818589463530e-01 -5.039219438569547812e-04 -1.865861168982720475e+00 -8.858595671763003221e-01 1.766655098865705861e-02 -4.636170126478385001e-01 -2.671339710655742650e+01
-4.506561419083304210e-01 1.132142483342823622e-02 8.926258189998884651e-01 8.844950219237192357e+01 2.282752674172666696e-02 9.997387507017624353e-01 -1.155132170632444276e-03 -1.886693104599364901e+00 -8.924057143411234794e-01 1.985587349900589174e-02 -4.507968496912139189e-01 -2.713311072990031292e+01
