1 0 0 0 0 1 0 0 0 0 1 0
0.99987698 0.00054843967 0.015675348 -0.011096937 -0.00054169879 0.99999976 -0.00043427554 -0.0015158842 -0.015675584 0.00042573082 0.99987704 0.11883206
0.99933627 0.002606445 0.036335032 0.020279161 -0.0025913574 0.99999654 -0.00046232895 0.0040127317 -0.036336114 0.00036786506 0.99933956 0.24675805
0.99795643 0.0050412736 0.063698887 0.037613961 -0.0051018083 0.99998668 0.00078770138 0.0028651304 -0.063694072 -0.0011110711 0.99796885 0.40520037
0.99525471 0.0044544296 0.097201953 0.098657736 -0.0048334458 0.99998161 0.0036641416 0.0015420982 -0.097183852 -0.0041165745 0.99525793 0.57554406
0.9909538 0.0016040491 0.13419389 0.17733787 -0.0023333375 0.99998335 0.0052774913 0.00095665288 -0.1341832 -0.0055428697 0.99094104 0.7766014
0.98466641 -0.0018679167 0.17443786 0.23526803 0.00084508028 0.99998201 0.0059377076 -0.0064013309 -0.17444583 -0.0056992472 0.98465028 0.97633907
0.97604211 -0.0022768131 0.21756979 0.32715213 0.0007562252 0.99997471 0.0070719739 -0.0086592425 -0.2175804 -0.0067380126 0.97601914 1.1803738
0.96431125 -0.0023289728 0.264761 0.41132936 -0.00032939932 0.99994999 0.0099958069 0.0052601481 -0.26477106 -0.0097262811 0.96426225 1.3911232
0.95000482 -0.0059189019 0.3121791 0.56846329 0.00063269315 0.99985475 0.017031827 0.012023302 -0.31223459 -0.015982805 0.94987058 1.6155125
0.93267274 -0.015631202 0.36038481 0.68353806 0.0070516689 0.99965984 0.025109232 0.00043023025 -0.36065474 -0.020877382 0.93246571 1.8285389
0.91162942 -0.021532991 0.41044868 0.85892668 0.010055889 0.99949628 0.030100962 -0.0054317619 -0.41089013 -0.023313497 0.91138674 2.043923
0.88643176 -0.02335863 0.46226951 1.0498292 0.008732693 0.99939202 0.033754102 0.0053478928 -0.46277695 -0.02588385 0.8860968 2.3049967
0.85845044 -0.025217429 0.5122762 1.2199963 0.0063665047 0.99923755 0.038519989 0.02008256 -0.51285704 -0.029806092 0.85795645 2.5099421
0.82578305 -0.030537043 0.56316056 1.4572897 0.0074950246 0.99903911 0.043182064 0.023745319 -0.56393813 -0.031438114 0.82521843 2.7422256
0.79055427 -0.036238305 0.61131882 1.6790158 0.00980672 0.99886876 0.04652984 0.02646724 -0.61231348 -0.030789331 0.79001534 2.9490408
0.75224531 -0.040740827 0.65762234 1.9572557 0.010665807 0.99870867 0.049671235 0.035323627 -0.65879683 -0.030350881 0.75170845 3.1677593
0.71258284 -0.044228183 0.7001925 2.2296446 0.012192109 0.99864092 0.050672046 0.047348081 -0.70148207 -0.027571206 0.71215362 3.3932194
0.67038173 -0.045780983 0.74060272 2.5173632 0.011033159 0.99859952 0.051742235 0.061742398 -0.7419344 -0.026515862 0.66994799 3.5813542
0.6278602 -0.046151367 0.7769566 2.8735306 0.0065909091 0.99851993 0.053986143 0.084425028 -0.77829826 -0.0287749 0.62723511 3.8308323
0.58639323 -0.047054058 0.80865867 3.2263462 0.0038577885 0.99846228 0.055300861 0.10214358 -0.81001738 -0.029308416 0.58567304 4.0256843
0.54612559 -0.048099275 0.83632126 3.6009954 0.0019694406 0.99842119 0.056136051 0.12285675 -0.83770104 -0.029010249 0.54535808 4.2222944
0.50670706 -0.050769906 0.86062205 4.0286896 0.00092535275 0.99829595 0.05834676 0.13568996 -0.86211784 -0.028768336 0.50589058 4.4209408
0.46991468 -0.050669305 0.88125635 4.421509 -0.0022398616 0.99827949 0.058592112 0.16195595 -0.88270904 -0.029507186 0.46899269 4.6201621
0.43381577 -0.049930285 0.89961702 4.8957685 -0.003194201 0.99837183 0.056951662 0.18372653 -0.90099597 -0.027580086 0.43294996 4.8112179
0.39990313 -0.048763596 0.91525927 5.3897526 -0.0019141502 0.99853711 0.054036857 0.20678445 -0.91655545 -0.023361452 0.39922477 4.9931715
0.37010846 -0.046969162 0.92780038 5.9032643 -0.00020365664 0.99871693 0.050640496 0.22644301 -0.92898857 -0.018931428 0.36962402 5.1687325
0.34565766 -0.04514679 0.93727396 6.4452254 0.00072208625 0.99885443 0.047846711 0.25031071 -0.93836045 -0.015861789 0.34529428 5.3436658
0.32394357 -0.04454124 0.94502728 7.0274698 0.0021557717 0.99892328 0.046342506 0.2756832 -0.94607399 -0.012975093 0.3236908 5.5520504
0.31004498 -0.044962226 0.94965806 7.5983663 0.0030025026 0.9989224 0.046314422 0.30132945 -0.95071719 -0.011508202 0.30984587 5.7283734
0.29807691 -0.046597559 0.95340377 8.2180386 0.0041700158 0.99886179 0.047515583 0.31953766 -0.95453279 -0.010187589 0.29793195 5.9154295
0.28771364 -0.048461925 0.95648953 8.8674294 0.0030659997 0.99876041 0.049681382 0.34692526 -0.95771162 -0.011361414 0.28750557 6.107993
0.27636888 -0.050095126 0.95974509 9.5292717 0.0012185394 0.99865801 0.051775344 0.3778678 -0.9610509 -0.013139606 0.27605904 6.2934666
0.26607762 -0.051761879 0.96256082 10.210743 0.00068338163 0.99856712 0.053509219 0.40665535 -0.9639514 -0.013579809 0.26573174 6.4827515
0.25698348 -0.053766208 0.96491896 10.930067 -0.00017706571 0.99844856 0.055681666 0.43161793 -0.96641582 -0.014480122 0.25657527 6.6768378
0.24625674 -0.055415838 0.96761905 11.669296 -0.00056377012 0.99835572 0.057319614 0.46405401 -0.96920451 -0.014660855 0.24582058 6.8619453
0.23504378 -0.056752302 0.9703265 12.437456 -0.0012796716 0.99827503 0.058696928 0.49469099 -0.97198398 -0.015038047 0.23456571 7.042613
0.22523837 -0.059784527 0.97246769 13.187303 -0.0018663427 0.99808731 0.061791821 0.533864 -0.97430194 -0.015732846 0.22469598 7.2298692
0.21352086 -0.063226328 0.97489035 13.971534 -0.0045303448 0.99782873 0.06570623 0.57493469 -0.97692804 -0.01844624 0.21277081 7.3940357
0.20078685 -0.066718721 0.97736031 14.749602 -0.0043517506 0.99760752 0.068994894 0.61002573 -0.97962533 -0.018106496 0.20001613 7.5419111
0.18850606 -0.069634864 0.97960011 15.510183 -0.0056328682 0.99738992 0.071983394 0.64989779 -0.98205591 -0.019087264 0.1876218 7.6904668
0.17410957 -0.070256999 0.98221674 16.326519 -0.0056489823 0.9973639 0.072341808 0.68736923 -0.98471012 -0.018143925 0.17325371 7.8247339
0.16060038 -0.069562892 0.9845651 17.100668 -0.0070966307 0.99740619 0.071627747 0.72941882 -0.98699404 -0.018490537 0.15969014 7.9751838
0.14338169 -0.068362424 0.98730349 17.924759 -0.0082717273 0.99749376 0.07026928 0.7686043 -0.98963294 -0.018242033 0.14245687 8.0763442
0.12266797 -0.067078228 0.99017827 18.748745 -0.011479609 0.99755062 0.068999805 0.80622785 -0.99238141 -0.019830925 0.12159748 8.176192
0.097900601 -0.065602061 0.9930316 19.554465 -0.015692559 0.99759918 0.067450898 0.84488611 -0.99507251 -0.02218669 0.096636093 8.2716574
0.068348378 -0.065020018 0.99554046 20.367826 -0.019732136 0.99759072 0.066508623 0.88331306 -0.9974664 -0.024189896 0.066900722 8.3249535
0.034727356 -0.064684826 0.99730126 21.227149 -0.022709877 0.99759446 0.065494631 0.92319624 -0.99913881 -0.024923044 0.033174832 8.3337784
7.3854801e-05 -0.064015442 0.99794886 22.054197 -0.024253245 0.99765524 0.063998401 0.95789494 -0.99970589 -0.024208225 -0.0014789021 8.3160127
-0.035243439 -0.063154754 0.99738122 22.922866 -0.024831605 0.99774848 0.06230056 0.99191563 -0.99907026 -0.02257089 -0.036732323 8.2714421
-0.0673094 -0.06118588 0.99585423 23.774708 -0.027193887 0.99785955 0.059471064 1.0261539 -0.99736153 -0.023078185 -0.068829211 8.2500597
-0.099039978 -0.057878539 0.99339875 24.608068 -0.029425417 0.99804079 0.055215341 1.0642572 -0.99464834 -0.023762646 -0.10054904 8.1449905
-0.13166244 -0.053551197 0.98984705 25.446871 -0.026848915 0.99836609 0.050440829 1.0848772 -0.99093099 -0.019935156 -0.13288511 8.0070491
-0.16306124 -0.047960157 0.98544953 26.280603 -0.022646422 0.99873658 0.044859537 1.1049216 -0.98635605 -0.015002053 -0.16394136 7.8782634
-0.19333186 -0.041960926 0.98023568 27.100067 -0.016493998 0.99908285 0.039514605 1.1199092 -0.98099481 -0.0085285726 -0.19384665 7.6705749
-0.22263546 -0.036083048 0.97423374 27.922318 -0.010745953 0.99934494 0.034557396 1.1294931 -0.97484258 -0.0027753674 -0.22287737 7.4866834
-0.25060149 -0.029326964 0.96764598 28.728207 -0.0016594267 0.99955259 0.029864216 1.1452007 -0.96808895 0.0058782803 -0.25053804 7.2439071
-0.27680889 -0.019077237 0.96073556 29.545479 0.0045072155 0.99976614 0.021150891 1.149473 -0.96091446 0.010184998 -0.27665817 7.0047265
-0.30256123 -0.0042176394 0.95312058 30.319039 0.0087409139 0.99993588 0.0071995416 1.1340492 -0.95308991 0.010509448 -0.30250496 6.736216
-0.32799678 0.012719632 0.94459316 31.098784 0.0089444462 0.99990634 -0.010358629 1.1136844 -0.94463654 0.0050512667 -0.32807983 6.4636093
-0.35373455 0.027319079 0.93494677 31.860758 0.0082939622 0.99962569 -0.026070993 1.0856258 -0.93530912 -0.0014677971 -0.35382873 6.1639707
-0.37742139 0.038491817 0.92524127 32.631691 0.012673951 0.99925689 -0.036401091 1.0529461 -0.92595493 -0.0020120875 -0.37762877 5.845654
-0.40146884 0.043343011 0.91484648 33.410239 0.016138365 0.99905928 -0.040250672 1.0031732 -0.91573052 -0.0013952634 -0.40179066 5.504501
-0.42379928 0.042277294 0.90476888 34.134833 0.018307519 0.99910583 -0.038110037 0.95519121 -0.90557113 0.00041306805 -0.42419432 5.1363923
-0.44418205 0.039046754 0.89508524 34.862762 0.02237267 0.99922172 -0.032487214 0.91740201 -0.89565721 0.0055952102 -0.44470993 4.7533118
-0.4621598 0.038046581 0.88598008 35.618093 0.029915052 0.99917948 -0.027302903 0.87935913 -0.88629198 0.013885837 -0.46291876 4.3742407
-0.47595229 0.038917256 0.87860958 36.316364 0.033967302 0.9990885 -0.025853311 0.83498886 -0.87881494 0.017539056 -0.47684038 3.9757854
-0.48716601 0.041827074 0.87230712 37.002477 0.03634731 0.99895799 -0.027600733 0.7834813 -0.8725527 0.018259879 -0.48817868 3.5832902
-0.49721951 0.044620336 0.86647661 37.689345 0.038008297 0.99883817 -0.029625759 0.74337293 -0.86679189 0.018202796 -0.49833777 3.1787277
-0.50730512 0.043531752 0.86066628 38.382109 0.031530665 0.99899223 -0.031942942 0.69055133 -0.86118952 0.010932563 -0.50816646 2.7782054
-0.51869717 0.042533899 0.85389932 39.066505 0.030012276 0.99905201 -0.031533335 0.66536815 -0.85443114 0.0092712117 -0.51948199 2.3655234
-0.52710713 0.044097604 0.84865389 39.752271 0.032656269 0.99896618 -0.03162498 0.62641841 -0.84917119 0.011044118 -0.52800226 1.9440951
-0.53417152 0.04728405 0.84405269 40.432418 0.036054664 0.99880034 -0.033135312 0.576165 -0.84460695 0.012732097 -0.53523551 1.4910484
-0.53841722 0.05047195 0.84116551 41.138408 0.036790339 0.99866084 -0.036373112 0.53771907 -0.84187495 0.011362856 -0.53955307 1.0494599
-0.53802353 0.051855592 0.84133324 41.831262 0.036234545 0.99860614 -0.03837751 0.49607571 -0.8421507 0.0098373248 -0.53915257 0.59472069
-0.53480602 0.05272338 0.84332835 42.553814 0.038937307 0.99852894 -0.037733718 0.45712878 -0.84407729 0.012656716 -0.5360722 0.15646497
-0.5290638 0.051917424 0.84699233 43.305785 0.037350921 0.99858406 -0.037878608 0.41324069 -0.84775967 0.011595744 -0.53025384 -0.30747127
-0.52237002 0.049917339 0.85125657 44.053938 0.034532688 0.99870454 -0.037372788 0.36920275 -0.85201943 0.0098737548 -0.5234171 -0.777399
-0.51449031 0.049571335 0.85606211 44.840215 0.033245674 0.99873016 -0.037852171 0.32062161 -0.85685151 0.0089857877 -0.51548503 -1.2345365
-0.50825337 0.048267335 0.85985389 45.650669 0.03001659 0.99881439 -0.038325204 0.26837812 -0.86068437 0.0063309684 -0.5090996 -1.6975562
-0.50421899 0.045961916 0.86235181 46.458547 0.025745208 0.99893885 -0.038188497 0.21874606 -0.86319202 0.002946062 -0.50486724 -2.149007
-0.50254406 0.042930134 0.86348504 47.286559 0.020945251 0.9990778 -0.037481404 0.17806699 -0.86429788 -0.0007501451 -0.50297979 -2.622175
-0.50282193 0.040807325 0.8634262 48.138132 0.01842272 0.99916405 -0.036493986 0.1283301 -0.86419371 -0.0024433166 -0.50315338 -3.0963848
-0.50391675 0.039282923 0.86285845 48.975813 0.016403271 0.99922035 -0.03591135 0.08009276 -0.8635965 -0.0039426292 -0.50416824 -3.5887829
-0.50448213 0.038623973 0.86255777 49.851344 0.016687682 0.99924851 -0.034984682 0.028586238 -0.86326089 -0.0032550566 -0.50474756 -4.0947682
-0.50491013 0.037984285 0.86233572 50.728805 0.016400521 0.99927311 -0.034413377 -0.019140574 -0.86301613 -0.0032329066 -0.50516608 -4.5909599
-0.50469344 0.037349894 0.86249026 51.587877 0.016652368 0.99929897 -0.033530081 -0.070560445 -0.86313805 -0.0025599057 -0.5049616 -5.1086735
-0.5054452 0.036878845 0.8620702 52.482594 0.016566186 0.99931682 -0.033037158 -0.11952283 -0.8626997 -0.0024172567 -0.50571083 -5.6212342
-0.50526861 0.035619316 0.86222667 53.404183 0.014744795 0.99935828 -0.032643823 -0.17504865 -0.86283619 -0.0037805425 -0.50546957 -6.1284985
-0.5055681 0.034871798 0.86208166 54.291671 0.014193996 0.99938382 -0.03210169 -0.22898215 -0.86266998 -0.0039932056 -0.50575155 -6.6583892
-0.50480387 0.034246782 0.86255443 55.181654 0.01319695 0.99940212 -0.031956747 -0.28199351 -0.86313322 -0.0047488011 -0.50495401 -7.1683601
-0.50317458 0.032728772 0.86356476 56.083833 0.012779369 0.99945512 -0.030432788 -0.3371899 -0.86409032 -0.0042771918 -0.50331867 -7.6804344
-0.50176807 0.030897953 0.86445015 56.972199 0.01324154 0.9995191 -0.028039687 -0.38990035 -0.86490088 -0.0026227672 -0.50193591 -8.1821394
-0.49945505 0.02952712 0.86583644 57.870388 0.014173309 0.99956376 -0.025911715 -0.43393293 -0.86622389 -0.00066996914 -0.49965566 -8.6908523
-0.49725757 0.028914637 0.86712098 58.74062 0.013752516 0.99958162 -0.025445118 -0.492075 -0.867494 -0.00072768114 -0.49744717 -9.1917931
-0.49459818 0.029448452 0.86862268 59.657768 0.014632202 0.9995663 -0.025556112 -0.5368971 -0.86899862 6.9856366e-05 -0.49481457 -9.6977414
-0.49382407 0.030169225 0.86903828 60.53497 0.01458312 0.99954474 -0.026413098 -0.58581195 -0.86943958 -0.00037013363 -0.49403922 -10.192679
-0.4944651 0.031092481 0.86864116 61.414992 0.013657665 0.99951455 -0.028002527 -0.63338928 -0.86909021 -0.0019826618 -0.49464971 -10.695384
-0.49684357 0.032794471 0.86722023 62.288068 0.012136759 0.9994506 -0.03084151 -0.69189132 -0.86775528 -0.0047981619 -0.49696862 -11.196199
-0.50126807 0.033421874 0.86464631 63.176179 0.011142175 0.99942024 -0.03217186 -0.74483742 -0.86522034 -0.0064926852 -0.50134985 -11.693591
-0.50645702 0.031927927 0.86167385 64.04278 0.010914304 0.99947154 -0.030618809 -0.79133799 -0.86219617 -0.0061025394 -0.50653785 -12.198074
-0.5122984 0.030133712 0.85827865 64.913287 0.014471596 0.99954524 -0.026455548 -0.84620988 -0.85868562 -0.0011324719 -0.51250151 -12.711003
-0.51786019 0.027762324 0.85501463 65.766302 0.011481615 0.9996088 -0.025503179 -0.89953782 -0.85538825 -0.0033901312 -0.51797636 -13.216101
-0.52257576 0.03042671 0.85204972 66.615327 0.013096526 0.99953157 -0.027660978 -0.94803093 -0.8524923 -0.0032960644 -0.52272945 -13.725495
-0.52766725 0.032580552 0.84882608 67.44176 0.01330884 0.99945862 -0.030088935 -0.99510467 -0.84934693 -0.0045800542 -0.52781519 -14.241321
-0.53274383 0.032771827 0.84564174 68.27892 0.011621387 0.999439 -0.031410722 -1.0512356 -0.84619679 -0.0069063383 -0.53282582 -14.753319
-0.53613917 0.033243005 0.84347474 69.104644 0.010724302 0.99941185 -0.032572089 -1.1002897 -0.84406151 -0.0084174942 -0.53618035 -15.281013
-0.53951609 0.031817786 0.84137385 69.933973 0.010237186 0.99945975 -0.03123162 -1.1602749 -0.84191309 -0.0082366599 -0.53955034 -15.804217
-0.54250025 0.025345763 0.83967316 70.753792 0.011885945 0.99967627 -0.022496169 -1.2098538 -0.83997158 -0.0022238676 -0.54262589 -16.329038
-0.54431058 0.018004609 0.83869051 71.583878 0.013423947 0.99982858 -0.012751695 -1.2374292 -0.8387764 0.0043176551 -0.54445897 -16.861593
-0.54530675 0.015128572 0.8381 72.391726 0.01360186 0.99986518 -0.0091985983 -1.2746655 -0.83812624 0.006383662 -0.54543901 -17.396971
-0.54658978 0.020115157 0.83715885 73.198891 0.013229363 0.99979412 -0.015385348 -1.3147935 -0.83729604 0.0026656048 -0.54674336 -17.915351
-0.54836867 0.025066514 0.83586088 73.988908 0.013603845 0.99968577 -0.021054597 -1.3599705 -0.83612607 -0.00017475838 -0.54853736 -18.423356
-0.54889634 0.03044983 0.83533559 74.795125 0.020012987 0.99952854 -0.023284555 -1.3910679 -0.83565085 0.0039367544 -0.54924696 -18.951889
-0.54887992 0.03151614 0.83530684 75.578488 0.023187568 0.9994785 -0.022473793 -1.431252 -0.83557958 0.0070333217 -0.54932446 -19.483734
-0.54822271 0.029040505 0.835828 76.368179 0.023393723 0.99953838 -0.019384525 -1.4740288 -0.83600517 0.0089260925 -0.54864901 -20.000839
-0.54751947 0.023613824 0.83645966 77.173998 0.021128687 0.99967318 -0.014391296 -1.5065558 -0.83652619 0.0097937805 -0.54783946 -20.52464
-0.54673237 0.017825879 0.83711761 77.973478 0.019591747 0.99977198 -0.0084938734 -1.5335019 -0.83707821 0.011756722 -0.54695695 -21.037197
-0.54640982 0.011065711 0.8374448 78.795343 0.010552399 0.9999243 -0.006327507 -1.5715806 -0.8374515 0.0053796407 -0.54648523 -21.542022
-0.54463398 0.0058471472 0.83865343 79.580575 0.0020897168 0.99998205 -0.0056148464 -1.5933963 -0.83867129 -0.0013054872 -0.54463642 -22.034437
-0.54267969 0.0065152899 0.83991443 80.37366 0.0052810508 0.99997662 -0.0043447491 -1.6175434 -0.83992317 0.0020778245 -0.54270141 -22.546555
-0.54010918 0.0096750628 0.84153931 81.156567 0.010502536 0.99993354 -0.0047554557 -1.647691 -0.84152946 0.0062698324 -0.5401749 -23.049984
-0.53466172 0.012843551 0.84496854 81.935236 0.011497129 0.99990251 -0.0079236362 -1.6751855 -0.844988 0.0054782484 -0.53475726 -23.541853
-0.52682667 0.014944459 0.84984131 82.738226 0.01647609 0.99983711 -0.0073684107 -1.6974587 -0.84981307 0.010120188 -0.52698709 -24.034207
-0.51843169 0.017661277 0.8549366 83.535269 0.024377753 0.99968559 -0.0058688838 -1.7330666 -0.85477153 0.01779882 -0.51869924 -24.528714
-0.50896042 0.017749979 0.86060686 84.327264 0.023417134 0.99970286 -0.0067700019 -1.752937 -0.86047138 0.016707284 -0.50922484 -24.992484
-0.498399 0.014240268 0.86683077 85.146672 0.018523267 0.99981175 -0.0057746088 -1.7790325 -0.8667499 0.01317848 -0.49856895 -25.448185
-0.48690219 0.01177033 0.87337715 85.955092 0.020601705 0.99978578 -0.0019885941 -1.8037361 -0.87321354 0.017024809 -0.48704038 -25.891619
-0.47509966 0.010148411 0.87987343 86.785197 0.019603629 0.99980738 -0.00094647552 -1.8266523 -0.87971363 0.016799043 -0.47520709 -26.329656
-0.46388481 0.0096453863 0.88584298 87.613028 0.019976318 0.99980036 -0.0004253007 -1.8445903 -0.88567031 0.017498592 -0.46398489 -26.749273
-0.45164205 0.011189796 0.89212902 88.430323 0.022886386 0.99973762 -0.00095323151 -1.8662864 -0.89190568 0.019987091 -0.45177964 -27.164288
-0.4392028 0.014798991 0.89826601 89.262162 0.02355064 0.99971036 -0.0049553215 -1.8922152 -0.89807925 0.018978349 -0.43942412 -27.555234
-0.42797422 0.023963246 0.90347316 90.092997 0.02465189 0.99958602 -0.014834919 -1.921705 -0.90345471 0.015923359 -0.42838779 -27.948731
-0.41534129 0.02900288 0.90920315 90.910355 0.025082902 0.99947671 -0.020424189 -1.9493934 -0.90931982 0.014322445 -0.41585143 -28.319749
-0.4041038 0.025084488 0.91436908 91.763184 0.022192901 0.99959852 -0.017614529 -1.9794004 -0.91444391 0.013174405 -0.40449826 -28.682578
-0.39147244 0.021240783 0.91994461 92.614175 0.02275055 0.99965137 -0.013399898 -2.0237447 -0.91990859 0.015683556 -0.3918192 -29.032488
-0.38203776 0.021872203 0.92388781 93.428491 0.019579357 0.99968706 -0.015570401 -2.0544641 -0.92393932 0.01214065 -0.38234645 -29.357677
-0.37486582 0.026977987 0.92668643 94.291602 0.016414849 0.99961296 -0.022460864 -2.0880478 -0.92693379 0.0067916082 -0.37516357 -29.699012
-0.36976445 0.03114501 0.92860334 95.135643 0.0076645851 0.99950626 -0.030471073 -2.1276302 -0.92909395 -0.0041497596 -0.3698206 -30.011748
-0.36650181 0.033537661 0.92981266 95.972389 0.0054485213 0.99941037 -0.033900368 -2.1745987 -0.93040142 -0.0073584416 -0.36646844 -30.334886
-0.36329342 0.03339486 0.93107604 96.82547 0.0047030496 0.9994104 -0.034010736 -2.2213583 -0.93166295 -0.0079769792 -0.36323628 -30.660913
-0.35812813 0.032736161 0.93309834 97.676586 0.0030988147 0.99942132 -0.033873647 -2.2709018 -0.93366735 -0.0092396062 -0.35802233 -30.974464
-0.35255968 0.029189117 0.93533395 98.511632 0.0017570557 0.9995323 -0.030530269 -2.313588 -0.93578772 -0.0091203074 -0.35244608 -31.282009
-0.34681492 0.025614008 0.93758373 99.366671 0.0025813445 0.99964932 -0.02635474 -2.3574982 -0.93793007 -0.0067199898 -0.34675942 -31.593904
-0.34118126 0.022172022 0.93973596 100.23231 -0.00023946243 0.9997197 -0.02367421 -2.4006195 -0.93999753 -0.0083022274 -0.34108032 -31.899833
-0.33579602 0.021354867 0.94169259 101.06918 -0.003719017 0.99970512 -0.023996578 -2.4440148 -0.94192743 -0.011560126 -0.33561758 -32.177429
-0.32942049 0.020537331 0.9439599 101.92149 -0.016544485 0.99948436 -0.027518999 -2.480427 -0.9440384 -0.024682652 -0.32891085 -32.456782
-0.32245315 0.024082344 0.94627899 102.76197 -0.013832531 0.9994497 -0.030149071 -2.5323081 -0.94648439 -0.022811096 -0.32194259 -32.743276
-0.31555319 0.028096378 0.9484918 103.61937 -0.011684868 0.99937071 -0.033490951 -2.5751187 -0.94883598 -0.021651177 -0.31502631 -33.015757
-0.30901039 0.026201798 0.95069762 104.47535 -0.013867136 0.99939003 -0.032051098 -2.6175198 -0.9509576 -0.023087576 -0.30845856 -33.285306
-0.30225204 0.021432115 0.95298704 105.33747 -0.01348662 0.99955099 -0.026756764 -2.6553224 -0.95313267 -0.02093986 -0.30182728 -33.548094
-0.29517332 0.018788129 0.95525894 106.1814 -0.013213984 0.99963074 -0.023743934 -2.6980311 -0.95535238 -0.019631352 -0.29481606 -33.793555
-0.28886902 0.021185128 0.95713416 107.02839 -0.016916924 0.99948609 -0.027228173 -2.7437706 -0.95721919 -0.024057141 -0.28836218 -34.040823
-0.28231294 0.024120169 0.95901905 107.89487 -0.017370778 0.99939144 -0.030249122 -2.7896195 -0.95916513 -0.025198625 -0.28172215 -34.286236
-0.27559265 0.025207056 0.96094392 108.74751 -0.01808789 0.99934316 -0.031401818 -2.8276127 -0.96110436 -0.026035557 -0.27495569 -34.51673
-0.26866107 0.024215572 0.9629303 109.62478 -0.018197756 0.99937792 -0.030209388 -2.8733142 -0.9630629 -0.025639257 -0.26805327 -34.754702
-0.26030572 0.024086915 0.96522571 110.47267 -0.015960164 0.99944485 -0.029245038 -2.9182115 -0.96539437 -0.023017811 -0.25977678 -34.982778
-0.25274917 0.025348777 0.96719968 111.33715 -0.010911645 0.99951848 -0.029047237 -2.9619624 -0.96747035 -0.017895404 -0.25235087 -35.203232
-0.24561681 0.025963514 0.96901919 112.22083 -0.009463432 0.99952938 -0.029179681 -3.0041042 -0.96932085 -0.016337267 -0.24525552 -35.42829
-0.23912522 0.024874769 0.97067002 113.06921 -0.015901383 0.99943743 -0.029529288 -3.0461291 -0.97085857 -0.022496193 -0.23859515 -35.615248
-0.23353289 0.022781451 0.97208195 113.93728 -0.020955859 0.99937537 -0.028455524 -3.0896763 -0.9721231 -0.027016112 -0.23290961 -35.809825
-0.22891494 0.022808787 0.97317914 114.82929 -0.018337701 0.99944702 -0.0277379 -3.1307553 -0.97327373 -0.024195488 -0.22837009 -36.012029
-0.2240888 0.023074821 0.97429548 115.67194 -0.016076638 0.9994961 -0.027369301 -3.1747106 -0.97443616 -0.021796549 -0.22360492 -36.205031
-0.21949329 0.024916625 0.97529574 116.56517 -0.014839476 0.9994729 -0.028873965 -3.2152114 -0.97550119 -0.020810519 -0.21900785 -36.400926
-0.21360464 0.023898943 0.97662778 117.41898 -0.0092327423 0.99960669 -0.026480609 -3.2546165 -0.9768766 -0.014673333 -0.21329998 -36.583868
-0.2086429 0.023091932 0.97771919 118.2943 -0.00092832129 0.99971608 -0.023809558 -3.2911485 -0.97799149 -0.0058753321 -0.20856223 -36.77886
-0.20351091 0.021990838 0.97882564 119.18118 0.0017377514 0.99975426 -0.022099729 -3.3331227 -0.97907118 -0.0027965794 -0.20349911 -36.969721
-0.19946528 0.023400386 0.97962541 120.03162 -0.00034071094 0.99971311 -0.023949595 -3.3716746 -0.97990488 -0.0051108811 -0.19940009 -37.130629
-0.19613763 0.025499176 0.98024473 120.90323 -0.002633116 0.99964453 -0.026530684 -3.4119891 -0.98057288 -0.007784763 -0.19600077 -37.290598
-0.19402522 0.024569457 0.98068878 121.79222 -0.0048732591 0.99964984 -0.026008646 -3.4507285 -0.98098448 -0.0098254831 -0.19383755 -37.467034
-0.19308765 0.02356114 0.98089854 122.6413 -0.0059781365 0.99966484 -0.025188686 -3.4941784 -0.98116334 -0.010727569 -0.19288208 -37.618624
-0.19243972 0.01921057 0.9811207 123.53031 -0.0043314126 0.99978199 -0.020425536 -3.5255841 -0.98129928 -0.0081803224 -0.19231456 -37.791119
-0.19137192 0.013950517 0.98141841 124.38515 -0.0040207711 0.99987945 -0.014996964 -3.5652358 -0.9815094 -0.0068160559 -0.19129276 -37.945076
-0.19080609 0.011503465 0.9815603 125.25395 -0.0032563076 0.99991841 -0.012351609 -3.5982238 -0.98162239 -0.0055530237 -0.19075307 -38.106215
-0.18936519 0.016023831 0.98177593 126.1234 -0.0052117491 0.99983635 -0.017323842 -3.6328268 -0.98189294 -0.0083973018 -0.18925069 -38.272158
-0.18924649 0.020393247 0.98171778 126.96961 -0.0049605578 0.9997517 -0.021724115 -3.6657875 -0.98191712 -0.0089810796 -0.18909834 -38.429088
-0.18947486 0.019349448 0.98169486 127.81785 -0.0075470049 0.99974758 -0.021161901 -3.6948848 -0.98185661 -0.011418504 -0.189281 -38.585079
-0.18872611 0.018494525 0.98185555 128.68469 -0.0085923041 0.99975327 -0.020483209 -3.7347259 -0.98199221 -0.012302117 -0.18852064 -38.746324
-0.18813955 0.018855365 0.98196125 129.51082 -0.0033140941 0.99979782 -0.019832822 -3.7722713 -0.98213676 -0.0069856495 -0.18803902 -38.903808
-0.18728744 0.021578235 0.98206808 130.36496 -0.0054200412 0.99972078 -0.022999744 -3.8105841 -0.98229024 -0.009630412 -0.1871182 -39.058769
-0.18773723 0.02255326 0.98196028 131.18908 -0.016496964 0.99952293 -0.026110622 -3.8443062 -0.98208078 -0.021101299 -0.18727561 -39.195733
-0.18715672 0.024082683 0.98203478 132.02773 -0.019796341 0.99940396 -0.028281427 -3.8778662 -0.98213062 -0.024733754 -0.18656842 -39.339571
-0.18729762 0.027251691 0.98192508 132.86301 -0.020950691 0.99927689 -0.031729506 -3.9281961 -0.98207981 -0.026514869 -0.18659124 -39.494888
-0.18633718 0.028491343 0.98207261 133.68741 -0.016296713 0.99935228 -0.032084767 -3.9705018 -0.98235073 -0.02198314 -0.18575218 -39.648157
-0.18453246 0.029740612 0.9823763 134.51239 -0.016687405 0.99930315 -0.033387668 -4.0175223 -0.98268478 -0.022554419 -0.18390757 -39.791558
-0.1827941 0.028951423 0.98272481 135.34078 -0.012215115 0.99942229 -0.031715437 -4.0527995 -0.98307537 -0.017801491 -0.18233486 -39.950136
-0.17982796 0.025815415 0.98335924 136.16287 -0.0038779846 0.99962921 -0.026951709 -4.1013422 -0.98369047 -0.0086601221 -0.17966118 -40.100358
-0.17726372 0.021795129 0.98392198 136.97194 0.0056314528 0.99976085 -0.021131415 -4.1330418 -0.98414732 0.0017950778 -0.17734407 -40.254088
-0.17314804 0.021416605 0.98466289 137.795 0.0084092698 0.99975925 -0.020266225 -4.1659811 -0.98485995 0.0047712397 -0.17328646 -40.397192
-0.16877874 0.025407665 0.98532639 138.59103 0.0028335856 0.99967608 -0.025292314 -4.2168253 -0.98564993 -0.0014767975 -0.16879607 -40.524481
-0.162478 0.028838998 0.98629059 139.39316 0.0051884856 0.99958394 -0.028372959 -4.2527266 -0.98669857 0.00050737364 -0.16256004 -40.651725
-0.1541601 0.029469926 0.98760625 140.20072 0.0018897444 0.99956206 -0.029531703 -4.2915901 -0.98804412 -0.0026862862 -0.15414828 -40.769582
-0.14446941 0.025828449 0.98917208 140.98577 0.0083937457 0.9996553 -0.024876264 -4.3180132 -0.98947371 0.0047090006 -0.14463641 -40.881323
-0.13230494 0.024612103 0.99090341 141.78741 0.02037084 0.99954805 -0.022106914 -4.3534335 -0.99099975 0.017260682 -0.13274652 -40.991872
-0.11900737 0.02628664 0.9925453 142.58693 0.016018209 0.99957021 -0.024552085 -4.4009582 -0.99276419 0.01297692 -0.11937729 -41.083223
-0.10446529 0.027975887 0.99413494 143.39986 0.017271274 0.99950457 -0.026312099 -4.4324775 -0.9943786 0.014421277 -0.10489671 -41.159508
-0.090601912 0.027782168 0.99549955 144.17981 0.018434578 0.99948632 -0.02621567 -4.4691739 -0.9957166 0.015976426 -0.091067526 -41.227701
-0.077019575 0.029236787 0.99660078 144.9576 0.02245573 0.99936727 -0.027582515 -4.5058736 -0.99677671 0.020255006 -0.077627377 -41.285404
-0.063208796 0.035318158 0.99737515 145.7612 0.019260627 0.99923066 -0.034163217 -4.5550244 -0.99781449 0.017050656 -0.063840418 -41.320058
-0.05046764 0.044112317 0.99775099 146.49455 0.011070423 0.99898742 -0.043607023 -4.6016255 -0.99866438 0.0088447826 -0.050904881 -41.342483
-0.037069951 0.052653202 0.99792453 147.25647 0.0034301051 0.99861177 -0.052562042 -4.648716 -0.99930683 0.0014745146 -0.037199097 -41.348367
-0.023861329 0.054088595 0.99825096 148.0327 0.0038303083 0.99853292 -0.054012315 -4.6941065 -0.99970798 0.0025348042 -0.024033501 -41.352401
-0.011642241 0.049917422 0.99868545 148.80724 0.0029539765 0.99875054 -0.049886237 -4.7480029 -0.99992791 0.0023693066 -0.011775151 -41.360375
-0.00056439506 0.047058464 0.99889194 149.57578 0.0033098365 0.99888675 -0.047056348 -4.8013207 -0.99999441 0.0032796116 -0.00071952411 -41.345874
0.0086214783 0.053239881 0.99854449 150.31854 -0.0010061182 0.9985816 -0.053233171 -4.863586 -0.99996237 -0.00054570434 0.0086628137 -41.320297
0.015049999 0.061934608 0.99796669 151.07328 -0.0092660347 0.99804556 -0.061799763 -4.9152839 -0.99984385 -0.0083171069 0.015594471 -41.300775
0.018235707 0.065230496 0.99770354 151.83283 -0.013910688 0.99778948 -0.064981858 -4.9665721 -0.99973698 -0.012693752 0.019102796 -41.271446
0.018414851 0.061072987 0.99796338 152.56842 -0.015174859 0.99803477 -0.060797341 -5.0215274 -0.99971531 -0.014024379 0.019305434 -41.253111
0.016570027 0.055429315 0.99832507 153.32641 -0.0084094265 0.9984346 -0.055295817 -5.0919052 -0.99982739 -0.0074790874 0.017010216 -41.23151
0.013815262 0.052955432 0.99850127 154.08346 -0.010475126 0.99854947 -0.052813053 -5.143671 -0.99984974 -0.0097297994 0.014349936 -41.220293
0.01042767 0.053005764 0.99853972 154.82703 -0.011237414 0.99853721 -0.052888278 -5.197549 -0.99988253 -0.010669502 0.011008063 -41.206861
0.007196846 0.053460952 0.99854396 155.57575 -0.0084794333 0.99853723 -0.053399475 -5.2508124 -0.99993819 -0.0080827785 0.0076396356 -41.20251
0.0025842634 0.051488838 0.99867018 156.32872 -0.0077944808 0.99864426 -0.05146733 -5.3067923 -0.99996633 -0.0076511097 0.002982087 -41.198312
-0.0027496547 0.051967577 0.99864494 157.07197 -0.010408417 0.99859318 -0.05199354 -5.3573552 -0.99994209 -0.010537277 -0.0022048877 -41.19339
-0.0085189211 0.05008765 0.99870845 157.80543 -0.009938613 0.99869116 -0.050171557 -5.4038709 -0.99991436 -0.010353184 -0.0080099709 -41.191286
-0.01421169 0.047176099 0.99878544 158.55732 -0.0067589808 0.99885901 -0.047275746 -5.4559233 -0.99987621 -0.0074226392 -0.013876614 -41.203002
-0.01999221 0.047307499 0.99868024 159.26503 -0.0089279209 0.99883165 -0.047493394 -5.5052075 -0.99976032 -0.0098656355 -0.019546496 -41.214936
-0.025267342 0.048437599 0.99850652 159.99931 -0.0086735467 0.99877724 -0.048670215 -5.5517463 -0.99964314 -0.0098903593 -0.024816322 -41.227187
-0.029555797 0.050733961 0.99827473 160.71131 -0.011280935 0.99863054 -0.051086035 -5.6050839 -0.99949951 -0.01277136 -0.028942996 -41.244612
-0.032023144 0.052806932 0.99809111 161.43668 -0.011617862 0.99851618 -0.053202171 -5.6612567 -0.99941965 -0.013299385 -0.031362125 -41.260852
-0.03363715 0.054543407 0.99794462 162.15323 -0.0092714966 0.99844972 -0.05488352 -5.713571 -0.99939115 -0.011098565 -0.033079305 -41.284305
-0.032533694 0.052646896 0.99808305 162.88309 -0.0046682228 0.99859282 -0.05282595 -5.7637851 -0.99945978 -0.0063778966 -0.032242147 -41.314178
-0.028831463 0.049018918 0.99838159 163.57824 0.00026192732 0.99879719 -0.049031757 -5.8068319 -0.99958429 -0.001152153 -0.028809625 -41.332331
-0.021560792 0.048398433 0.99859533 164.28949 0.00069283457 0.99882805 -0.048394751 -5.8640636 -0.99976734 -0.00035156697 -0.021569058 -41.344229
-0.010786389 0.049612216 0.99871027 164.99316 0.0027849828 0.99876603 -0.049584905 -5.9135984 -0.99993799 0.0022465497 -0.01091125 -41.341827
0.0036790531 0.049779923 0.99875339 165.6739 0.0044778392 0.99874936 -0.049796216 -5.9617625 -0.99998325 0.0046554609 0.0034515439 -41.336132
0.018669351 0.047789872 0.99868288 166.35921 0.003709487 0.99884683 -0.04786706 -6.0084508 -0.99981887 0.0045982491 0.018470545 -41.310862
0.035188891 0.042846354 0.99846174 167.0631 -0.00012547965 0.99908072 -0.042868492 -6.0514756 -0.99938071 0.0013832089 0.035161917 -41.269033
0.051474999 0.036318592 0.99801363 167.72297 -0.0018667899 0.99934026 -0.036270584 -6.0920008 -0.99867258 3.9473204e-06 0.051508837 -41.219043
0.068793503 0.029116827 0.99720589 168.40859 -0.0016007422 0.99957593 -0.029075598 -6.1281821 -0.99762968 0.00040394353 0.068810937 -41.161698
0.086504919 0.021467143 0.99602007 169.09835 -0.0025500495 0.99976931 -0.021326476 -6.1620757 -0.9962482 -0.00069505453 0.086539704 -41.090013
0.10360531 0.01519985 0.9945023 169.7491 -0.0046075865 0.99987983 -0.01480203 -6.1951658 -0.99460786 -0.0030486857 0.10366289 -41.006153
0.12141386 0.012664944 0.99252113 170.40668 -0.0050372038 0.99991358 -0.012143079 -6.2257321 -0.99258923 -0.0035251924 0.12146716 -40.913995
0.1398082 0.011728193 0.9901091 171.04202 -0.0045639651 0.99992686 -0.011200033 -6.2448008 -0.99016813 -0.0029529662 0.1398515 -40.810334
0.15742225 0.011130891 0.98746861 171.68992 -0.0050176728 0.99993258 -0.010471469 -6.2635676 -0.98751868 -0.0033063515 0.15746748 -40.6964
0.17355869 0.010739518 0.98476493 172.33632 -0.010086642 0.99990747 -0.0091269489 -6.2786176 -0.98477191 -0.0083489093 0.17365096 -40.560805
0.18780224 0.0073487121 0.98217933 172.96371 -0.01343902 0.99989763 -0.0049116094 -6.3012747 -0.98211496 -0.012277116 0.18788177 -40.423011
0.20017443 0.0030118535 0.97975561 173.58254 -0.0095100994 0.99995414 -0.0011309312 -6.3184914 -0.97971416 -0.009091189 0.20019389 -40.284952
0.21098042 0.0014188417 0.97748922 174.21697 -0.0068759649 0.99997636 3.2620607e-05 -6.3370707 -0.97746614 -0.0067280631 0.21098519 -40.147074
0.22066336 0.0048605964 0.97533788 174.80638 -0.0092119155 0.99995337 -0.0028991358 -6.3541293 -0.97530657 -0.0083449964 0.22069785 -39.996563
0.22939075 0.011738084 0.97326359 175.41744 -0.013504596 0.99986941 -0.0088760339 -6.374283 -0.97324077 -0.011107451 0.22951931 -39.84182
0.23874651 0.022065093 0.97083117 175.99314 -0.015102288 0.99970528 -0.019007394 -6.3933667 -0.97096452 -0.010123822 0.23900938 -39.684156
0.24728493 0.028950181 0.96851018 176.57931 -0.01058924 0.9995746 -0.027175043 -6.4089374 -0.96888498 -0.0035358075 0.24748629 -39.534579
0.25359117 0.027824337 0.96691119 177.18575 -0.01055827 0.99960629 -0.025996077 -6.4254406 -0.96725391 -0.0036165336 0.2537851 -39.365826
0.25968235 0.019931309 0.96548834 177.78941 -0.01171523 0.99977843 -0.0174882 -6.4454759 -0.96562307 -0.0067695405 0.25985831 -39.190262
0.2638118 0.0089823244 0.96453231 178.40025 -0.01550861 0.99986688 -0.0050695804 -6.4708746 -0.96444953 -0.013621139 0.26391599 -39.016263
0.26605951 -0.00031616598 0.96395651 179.00972 -0.014466427 0.99988602 0.0043207974 -6.4948385 -0.96384809 -0.015094596 0.26602461 -38.840038
0.2668896 -0.0011962577 0.96372633 179.61201 -0.010816113 0.99993253 0.0042365609 -6.5136603 -0.96366645 -0.011554466 0.26685866 -38.675252
0.26804106 0.0021270918 0.9634051 180.22108 -0.009206963 0.99995755 0.00035378985 -6.514407 -0.96336354 -0.0089648647 0.26804926 -38.506115
0.26971529 0.0015962763 0.96293875 180.82138 -0.0062222456 0.99998064 8.5145336e-05 -6.5294957 -0.96292005 -0.0060146057 0.26972 -38.334629
0.27156122 -0.00012376751 0.96242112 181.43154 -0.0076185462 0.99996838 0.0022782809 -6.5262739 -0.96239105 -0.0079509419 0.27155169 -38.157017
0.27391482 -0.0044216032 0.96174375 182.04646 -0.0081923488 0.99994243 0.0069304892 -6.5430675 -0.9617191 -0.0097773033 0.27386283 -37.977235
0.27732321 -0.010020378 0.96072439 182.66511 -0.0061390692 0.99990672 0.012201158 -6.555463 -0.96075711 -0.009281617 0.27723583 -37.794822
0.28118188 -0.0129372 0.95956725 183.2857 -0.0052129738 0.99987378 0.015008183 -6.5599515 -0.95964038 -0.0092222275 0.28107895 -37.609846
0.28765993 -0.014199638 0.95762731 183.89335 -0.0046882651 0.99985723 0.01623412 -6.5571793 -0.95772118 -0.0091595159 0.28755229 -37.423079
0.29549909 -0.017650271 0.95517992 184.52634 -0.0027225394 0.9998097 0.01931722 -6.5599528 -0.95533918 -0.0083087351 0.2953948 -37.220266
0.30509838 -0.019844886 0.95211401 185.13145 -0.00033717478 0.99978054 0.020946444 -6.5637725 -0.95232082 -0.0067117542 0.30502473 -37.016342
0.31609462 -0.018463055 0.94854796 185.75749 -0.00075440241 0.99980541 0.019712155 -6.5691337 -0.94872741 -0.0069464925 0.31601919 -36.797724
0.32755251 -0.014260897 0.94472531 186.36933 -0.0023503483 0.99987069 0.015908239 -6.565959 -0.94483009 -0.0074312165 0.32747664 -36.572115
0.33917543 -0.010509136 0.9406644 186.97961 -0.0039112826 0.9999132 0.012581357 -6.567067 -0.94071505 -0.0079464908 0.33910488 -36.336892
0.35099621 -0.010027186 0.93632315 187.60284 -0.0028016761 0.99992694 0.011758581 -6.5649352 -0.93637273 -0.0067504909 0.35094248 -36.095604
0.3622786 -0.013092132 0.93197786 188.21915 -0.0022779417 0.99988592 0.014931565 -6.5722484 -0.93206711 -0.0075323772 0.36220745 -35.837919
0.37307819 -0.015000097 0.9276786 188.84432 -0.001644058 0.99985704 0.016828366 -6.5710819 -0.92779849 -0.007803453 0.3730002 -35.577922
0.38453974 -0.015241347 0.92298257 189.47002 -0.0047883123 0.9998173 0.018505072 -6.5779784 -0.92309606 -0.011535464 0.3843965 -35.301474
0.39431383 -0.017110089 0.91881651 190.08367 -0.0061301741 0.99975544 0.021248112 -6.5687593 -0.91895544 -0.014010929 0.3941125 -35.014719
0.40145365 -0.015175605 0.91575357 190.72557 -0.011925762 0.99969134 0.021794686 -6.5700423 -0.91580173 -0.019670615 0.40114876 -34.727251
0.40568166 -0.017305166 0.91385056 191.36941 -0.012209954 0.99962893 0.024349822 -6.5629223 -0.91393292 -0.02103635 0.40531983 -34.430998
0.40758322 -0.022811501 0.91288306 192.00951 -0.0064413192 0.99959125 0.027854115 -6.5534387 -0.91314539 -0.017233041 0.40726968 -34.149639
0.40815682 -0.020704272 0.91267698 192.66847 -0.0058396479 0.99966312 0.025289111 -6.5572257 -0.91289319 -0.015651635 0.40789842 -33.853251
0.4071804 -0.02128068 0.91309977 193.3185 -0.0021294084 0.99970369 0.02424864 -6.5461093 -0.91334531 -0.011817932 0.40701443 -33.551829
0.40595469 -0.019951295 0.91367536 193.98808 0.000460849 0.99976602 0.021626437 -6.5467567 -0.91389313 -0.0083582867 0.4058689 -33.266322
0.40587174 -0.021151726 0.91368521 194.66248 0.0031932507 0.99975887 0.021725837 -6.5352195 -0.91392451 -0.0059002766 0.40584141 -32.969731
0.40510255 -0.02726834 0.91386448 195.3482 0.0067235591 0.99961695 0.026846611 -6.5338827 -0.91424657 -0.004731208 0.40513072 -32.670826
0.40458539 -0.030599281 0.91398812 196.03456 0.0075706092 0.99951787 0.030111519 -6.5249891 -0.91446893 -0.0052632331 0.40462198 -32.370529
0.40283294 -0.033021516 0.91467761 196.72021 0.0085528142 0.99944114 0.03231489 -6.517019 -0.9152336 -0.0051944336 0.40289024 -32.055254
0.40096408 -0.03302397 0.91549831 197.3968 0.0075697007 0.99943535 0.032736428 -6.5085785 -0.91606254 -0.006196083 0.40098766 -31.748937
0.39963546 -0.033345338 0.91606742 198.08387 0.0063014653 0.99941448 0.033630194 -6.49287 -0.91665253 -0.0076672503 0.39961159 -31.443154
0.39733673 -0.032461663 0.91709852 198.78052 0.0055002937 0.99944044 0.032993217 -6.4907524 -0.91765644 -0.0080651051 0.39729294 -31.15324
0.39668558 -0.02924809 0.91748844 199.46884 0.006231102 0.99955504 0.029170163 -6.4869347 -0.91793344 -0.0058544182 0.39669131 -30.852676
0.39586651 -0.023043739 0.91801886 200.16482 0.0052416987 0.99972552 0.02283439 -6.4857609 -0.91829315 -0.0042273914 0.39587864 -30.549509
0.39417441 -0.019906796 0.91882 200.83511 0.003224305 0.99978918 0.020277814 -6.4755405 -0.91903004 -0.0050304388 0.39415549 -30.254901
0.39351913 -0.022984585 0.91902902 201.52833 0.0030262793 0.99971438 0.023706674 -6.4689349 -0.91931149 -0.0065477904 0.39347628 -29.940416
0.39202876 -0.02591884 0.91958773 202.21996 0.0011098134 0.99961563 0.027701325 -6.4678421 -0.91995233 -0.0098391447 0.39190684 -29.64744
0.38909395 -0.025087672 0.92085636 202.90848 -0.0034417448 0.99958253 0.028686733 -6.468647 -0.92119169 -0.014331186 0.38884516 -29.349146
0.38496966 -0.025296841 0.92258244 203.59426 -0.0052904539 0.99954739 0.029614757 -6.4615295 -0.92291411 -0.016281662 0.38466158 -29.048618
0.37778548 -0.026306489 0.92551933 204.29131 -0.0056892755 0.99951147 0.030731896 -6.4535565 -0.92587571 -0.016875598 0.37745126 -28.776858
