1.000000000000000000e+00 4.398956837314658088e-19 2.733407509747682871e-20 -8.673617379884035472e-19 -5.583667658079949532e-19 1.000000000000000000e+00 -6.100159232558060012e-19 0.000000000000000000e+00 4.145284534913582806e-20 -2.210423569125054137e-19 1.000000000000000222e+00 0.000000000000000000e+00
9.999412393193330972e-01 -1.170177341729448017e-03 1.077722639571016862e-02 6.650517126113728028e-02 1.164524834852331261e-03 9.999991810930545233e-01 5.307474654780505599e-04 -6.190097394297100486e-03 -1.077783882483790250e-02 -5.181659245696830854e-04 9.999417831460583050e-01 3.010744600532019311e-01
9.998558925820021370e-01 -2.608140577983517495e-03 1.677473383496327908e-02 9.694495138902166353e-02 2.593451253848859991e-03 9.999962343531048070e-01 8.973768810540557438e-04 -8.458887348478466572e-03 -1.677701144172371109e-02 -8.537430983695584990e-04 9.998588915398429755e-01 5.320066298818959538e-01
9.997857677158675793e-01 -6.314109072622323994e-03 1.971169023050403646e-02 8.006433914548125030e-02 6.329361980564295921e-03 9.999797162569842301e-01 -7.115056376727576680e-04 -1.385057275746517935e-02 -1.970679822075827384e-02 8.361156632821682439e-04 9.998054525723495400e-01 9.418391644437370536e-01
9.998269502315936252e-01 -6.679132617731919387e-03 1.736256920051520644e-02 9.826611448888131206e-02 6.710539071275436682e-03 9.999759506423420152e-01 -1.751225453642192521e-03 -1.555518013459887550e-02 -1.735045527625903375e-02 1.867434641400374067e-03 9.998477255913107431e-01 1.181678411747975943e+00
9.998894050474004258e-01 -1.043381177033512151e-02 1.059779586880513561e-02 9.745730076644718021e-02 1.047210934005900554e-02 9.999388121112802175e-01 -3.564679725617372029e-03 -1.489384582486386055e-02 -1.055995439988183238e-02 3.675266818008876731e-03 9.999374879278275507e-01 1.555639771089361467e+00
9.999373342814295018e-01 -1.111898648516861619e-02 -1.302177944871244246e-03 7.633046801137234605e-02 1.111272937813526270e-02 9.999271227022237252e-01 -4.717680720011633785e-03 -2.917329962671101617e-02 1.354538894135749998e-03 4.702914381826487841e-03 9.999880238392045984e-01 1.867361473262551641e+00
9.997935487738425220e-01 -1.090792108075492803e-02 -1.714284334408517144e-02 2.650256896683289912e-02 1.082167057350335443e-02 9.999283562793616076e-01 -5.116027378597435941e-03 -3.732445034109041493e-02 1.719742068428047055e-02 4.929457002171078357e-03 9.998399617957707264e-01 2.175705685464961014e+00
9.993323420746629271e-01 -6.415960071010033856e-03 -3.596811752846181681e-02 1.253296408205872674e-02 6.228742118676325497e-03 9.999664775291442487e-01 -5.314751092571135156e-03 -4.079837044777233357e-02 3.600101163839491969e-02 5.087166546320244856e-03 9.993388053955152284e-01 2.518477185690507714e+00
9.984427250515757191e-01 -3.674700486456129647e-03 -5.566526064660057282e-02 -4.664690067565058218e-02 3.337399959216630178e-03 9.999755119845303852e-01 -6.151193999629277036e-03 -5.299464641900990258e-02 5.568650226945837112e-02 5.955837666657026741e-03 9.984305391928441908e-01 2.880662063933802308e+00
9.971422204770225006e-01 -3.058679728491666642e-03 -7.548533911713607714e-02 -1.055192657263052253e-01 2.589984170340402844e-03 9.999767616014224592e-01 -6.306206096355878102e-03 -5.722969598112409573e-02 7.550287492543976409e-02 6.092678504885470914e-03 9.971269705254550697e-01 3.222926676043136318e+00
9.953103219550772929e-01 -3.489869560202856803e-03 -9.667048944462312832e-02 -1.488092278073135655e-01 2.920542681354371724e-03 9.999775531434937914e-01 -6.030226792804530868e-03 -6.736612935248763312e-02 9.668936587011810191e-02 5.719616646207590326e-03 9.952981728146346185e-01 3.608925951232258011e+00
9.932439070994324437e-01 -4.120462089581212323e-03 -1.159722484679867882e-01 -1.928734247894489384e-01 3.537927938264860076e-03 9.999800730072863075e-01 -5.228446100322453778e-03 -7.133543821910019733e-02 1.159914831081060305e-01 4.782820715065250194e-03 9.932386927950971334e-01 4.005293807000684048e+00
9.910711683486641554e-01 -4.181292847128599555e-03 -1.332683592326101008e-01 -2.965274251323108956e-01 3.579765319461007504e-03 9.999822972556906553e-01 -4.752941167093798977e-03 -8.313183582474066580e-02 1.332858757601179389e-01 4.233433424462803435e-03 9.910685919025177260e-01 4.391521093879005910e+00
9.887509849791862315e-01 -3.213029583599291781e-03 -1.495365024148463673e-01 -3.691495319016812604e-01 2.617139103090344952e-03 9.999878326106931281e-01 -4.181531944162627037e-03 -8.625204602204919468e-02 1.495481209180693494e-01 3.743135900176852628e-03 9.887473636155544865e-01 4.799401232716216548e+00
9.866656721354799542e-01 -2.770487203592031985e-03 -1.627365206429131350e-01 -4.520046312096323016e-01 2.112443471248734352e-03 9.999888792286871775e-01 -4.216514955931319544e-03 -9.132841910712229117e-02 1.627463955026389741e-01 3.816518750342655711e-03 9.866605523774748532e-01 5.230133478268639280e+00
9.845171672434523957e-01 -3.578250298517232034e-03 -1.752516555126440723e-01 -5.291654864451214024e-01 2.741185879877193823e-03 9.999836516650114637e-01 -5.018196735360250932e-03 -1.028780071864386914e-01 1.752667498347244834e-01 4.460103354019594873e-03 9.845108809213113377e-01 5.669533852605967539e+00
9.827674979966191104e-01 -6.361210728935962760e-03 -1.847365124837265782e-01 -6.304150467675347924e-01 5.188101348811241693e-03 9.999631971118142504e-01 -6.832863081513679271e-03 -1.140701803949002030e-01 1.847731821230060023e-01 5.756683893406379544e-03 9.827643321783658958e-01 6.117149920006307973e+00
9.811773468987821101e-01 -5.745778422599010470e-03 -1.930233122237781096e-01 -7.249379434508834708e-01 4.196563954338278918e-03 9.999556276348032791e-01 -8.433955531835684791e-03 -1.195050925138258363e-01 1.930632102989819077e-01 7.465171334156869322e-03 9.811579225352569100e-01 6.556064612774701317e+00
9.795752070455902016e-01 -5.727192005493676567e-03 -2.009965473514044587e-01 -8.301807480863114819e-01 3.705110382228076621e-03 9.999386891856281157e-01 -1.043503814941188802e-02 -1.183356229336375437e-01 2.010439910291195731e-01 9.477190168611995813e-03 9.795363686506647349e-01 7.023845373960147853e+00
9.780363583613990164e-01 -6.379657812724346538e-03 -2.083367002297530912e-01 -9.552267341862510364e-01 3.759568743761021112e-03 9.999088210608386706e-01 -1.296978033189831285e-02 -1.375998241926195687e-01 2.084004506686348290e-01 1.190166050154778041e-02 9.779711670958846081e-01 7.511478250224192799e+00
9.762127600483334611e-01 -1.010805573519074976e-02 -2.165790230746066081e-01 -1.060382902405679229e+00 7.069510813403884382e-03 9.998654833295107514e-01 -1.479990714101896143e-02 -1.465862814847561091e-01 2.166994916126652182e-01 1.291675038081899728e-02 9.761529024687938261e-01 8.030120252116381252e+00
9.743830668166679754e-01 -1.559518118138585735e-02 -2.243533558290321805e-01 -1.164561940886331248e+00 1.232286438582911627e-02 9.997963975654610147e-01 -1.597843570656175965e-02 -1.651433057370877422e-01 2.245568674170548007e-01 1.280444113184420890e-02 9.743768576670336357e-01 8.549709502805054484e+00
9.723659279512710807e-01 -1.662409571366656527e-02 -2.328693633157518372e-01 -1.323280085116333771e+00 1.266802313342496600e-02 9.997490893723913752e-01 -1.847375076302086583e-02 -1.856147393722239747e-01 2.331180473423633825e-01 1.501325125872584286e-02 9.723325457587645992e-01 9.059186453990815124e+00
9.702993364521513842e-01 -1.266155988842531353e-02 -2.415758292190013923e-01 -1.465961076393485829e+00 7.579009550928039567e-03 9.997301920380522455e-01 -2.195681507382985301e-02 -1.854313741739269106e-01 2.417886618350928440e-01 1.947377754708619346e-02 9.701335043840616512e-01 9.570789090510897879e+00
9.682448404902682659e-01 -1.024265820401772629e-02 -2.497939459110420091e-01 -1.631100443915938003e+00 4.125003708483704346e-03 9.996788898693551584e-01 -2.500202963472430290e-02 -2.028368857245286816e-01 2.499698260953974738e-01 2.317768523463268476e-02 9.679761786119566169e-01 1.011109691442075054e+01
9.658154653165823555e-01 -1.250189032854383785e-02 -2.589289250004191967e-01 -1.766447372377047964e+00 5.600575812509565703e-03 9.996095761912077160e-01 -2.737386940046216202e-02 -2.297321063204015856e-01 2.591700625611871867e-01 2.498795534023615442e-02 9.655084061068798240e-01 1.068121340510607808e+01
9.635221388075305704e-01 -1.419259070029929050e-02 -2.672520473664172225e-01 -1.951528698114550098e+00 6.702220834583313101e-03 9.995592956591002887e-01 -2.891876006090634763e-02 -2.615154425116021919e-01 2.675447049629964269e-01 2.607268331147830770e-02 9.631926326652131554e-01 1.123803096575182892e+01
9.613446945436792124e-01 -1.440046079448768605e-02 -2.749709136333330362e-01 -2.101578304698419775e+00 5.950885538711783024e-03 9.994848200323787069e-01 -3.153857118922456099e-02 -2.778217472942101640e-01 2.752834288251833628e-01 2.868311767582574709e-02 9.609351248889869135e-01 1.180464996657779331e+01
9.589565441951616309e-01 -1.373488553530026988e-02 -2.832202279434393732e-01 -2.286158305989286710e+00 3.913922944013776238e-03 9.993721724849508048e-01 -3.521281100110873474e-02 -3.050950994774356273e-01 2.835260632990326823e-01 3.265905345244955044e-02 9.584082425654072424e-01 1.243650420069884710e+01
9.566832339991188094e-01 -1.466893347368556332e-02 -2.907610880853744861e-01 -2.479403978139157694e+00 2.999051578567914905e-03 9.991733859722696787e-01 -4.054072572259273533e-02 -3.304356289550717252e-01 2.911154351051957190e-01 3.791262518669547693e-02 9.559364195061990088e-01 1.298666692536174239e+01
9.549948284462234094e-01 -1.621853339563808158e-02 -2.961787212560647586e-01 -2.709443488649678766e+00 2.225630864891006613e-03 9.988677603617731604e-01 -4.752098338754935647e-02 -3.734665253554021458e-01 2.966141017178917649e-01 4.472310902695050827e-02 9.539496423221855981e-01 1.360921552670630952e+01
9.535958601027062498e-01 -1.688499354945198830e-02 -3.006157524929746194e-01 -2.904446947173754179e+00 2.052898945066161500e-04 9.984625290241216922e-01 -5.543046070371858425e-02 -4.027826933571400092e-01 3.010895126335340066e-01 5.279654469792527394e-02 9.521332008747233067e-01 1.424437934008071949e+01
9.525112524177888895e-01 -1.675111443816142479e-02 -3.040422868639171550e-01 -3.102900304141804178e+00 -3.002146551112771112e-03 9.979205967921204179e-01 -6.438532127319579468e-02 -4.549820049534116229e-01 3.044885914549303463e-01 6.224052281321914432e-02 9.504803085774873317e-01 1.487427318473481641e+01
9.511059882793703180e-01 -1.598999622800538478e-02 -3.084505098803237422e-01 -3.334375699457795772e+00 -6.847131292438158982e-03 9.973220315738237085e-01 -7.281402413543169860e-02 -5.023801429311094413e-01 3.087887904031323960e-01 7.136585591086858082e-02 9.484494712874949052e-01 1.550002203073735352e+01
9.498516897011287652e-01 -1.474543062696971434e-02 -3.123529058048954976e-01 -3.588784457580989073e+00 -1.077978294555407418e-02 9.967498011963684679e-01 -7.983501784836306847e-02 -5.578539138156674015e-01 3.125149038159008019e-01 7.919852358194846842e-02 9.466055307560536924e-01 1.616341738661664706e+01
9.482196026523167509e-01 -1.405585224237760646e-02 -3.173042956216117760e-01 -3.805124775175674046e+00 -1.410019276650920604e-02 9.961724756502293721e-01 -8.626461209467664593e-02 -6.187645882008627751e-01 3.173023337552511314e-01 8.627184845191528118e-02 9.443920792355537941e-01 1.680076188219986122e+01
9.464983201291816695e-01 -1.256190745144306412e-02 -3.224641472545760612e-01 -4.045498558676487555e+00 -1.822970120879148850e-02 9.955651793187807463e-01 -9.229112471684076946e-02 -6.856862001756058866e-01 3.221934346401256755e-01 9.323182013553286962e-02 9.420717704180057162e-01 1.748957678124060777e+01
9.450449514258755235e-01 -1.052638558228752123e-02 -3.267709178083094690e-01 -4.312084370214748219e+00 -2.273928456989542449e-02 9.949448815190065076e-01 -9.781414855793928165e-02 -7.637916303540761565e-01 3.261486870946876948e-01 9.986930479118608095e-02 9.400282751869510900e-01 1.815511824260103069e+01
9.430241658791767012e-01 -7.903708043156584817e-03 -3.326303528295546097e-01 -4.543682451123236987e+00 -2.717133755408313381e-02 9.945493982388243781e-01 -1.006638607748293612e-01 -8.370629896028632944e-01 3.316129406476993058e-01 1.039664655990678033e-01 9.376693628255011737e-01 1.888864002575821388e+01
9.416206383722507400e-01 -6.852603063178037100e-03 -3.366060201880336500e-01 -4.830273121497508093e+00 -2.938414375042694079e-02 9.943049793012727067e-01 -1.024411061197646050e-01 -9.192718914019787357e-01 3.353910358752059118e-01 1.063515401025885848e-01 9.360567319227716121e-01 1.955173780713809606e+01
9.394108764709627746e-01 -6.281800064692113356e-03 -3.427356731944721790e-01 -5.122025402437374808e+00 -3.032129879077508083e-02 9.943903025177650568e-01 -1.013338299516720609e-01 -1.009453816817706961e+00 3.414495944184801623e-01 1.055862934295098282e-01 9.339505937643617361e-01 2.025959272610712958e+01
9.369979775815728829e-01 -6.309616540371593488e-03 -3.492777922877288721e-01 -5.381021337445556441e+00 -3.060240851763728828e-02 9.945104942858020713e-01 -1.000618276141044261e-01 -1.092953065489685516e+00 3.479917875355392765e-01 1.044464724422666108e-01 9.316612328345572624e-01 2.098326176845368707e+01
9.343557328611197255e-01 -5.118764296792420974e-03 -3.563048695488090778e-01 -5.646995086899821104e+00 -3.198231803453028405e-02 9.946567660549243683e-01 -9.815828583402187724e-02 -1.177754653369883941e+00 3.549035044467380717e-01 1.031102133817699412e-01 9.291995421230327956e-01 2.170260897940179490e+01
9.313379486600600332e-01 -6.047124410386910294e-03 -3.641058292722098022e-01 -5.938720347881396577e+00 -3.063035310561952607e-02 9.950179343564393708e-01 -9.487408383172334092e-02 -1.260519217271179437e+00 3.628655517021261989e-01 9.951252532557168518e-02 9.265127367975212191e-01 2.242737268013724972e+01
9.277486318257663900e-01 -2.183187210181592244e-03 -3.731992858309956529e-01 -6.267201286675027738e+00 -3.355919663029819505e-02 9.954438006692213348e-01 -8.924920196508520642e-02 -1.337447969918160950e+00 3.716937695519907936e-01 9.532509377144862683e-02 9.234483586250479270e-01 2.320025743721664568e+01
9.242681181862379969e-01 1.138768414235379197e-04 -3.817439321293697452e-01 -6.589857388427605933e+00 -3.476175594681654019e-02 9.958704340799019450e-01 -8.386715018350661410e-02 -1.428613195044904582e+00 3.801579513629504414e-01 9.078582297111793820e-02 9.204552511399034520e-01 2.394511361555933959e+01
9.208897533158628690e-01 3.401237776614773889e-03 -3.898082742563535041e-01 -6.928739056821463294e+00 -3.749378221069243206e-02 9.960987250371744484e-01 -7.988458122618766200e-02 -1.492370313054304454e+00 3.880158251707537809e-01 8.818027929534240361e-02 9.174246349746359996e-01 2.469385213685569624e+01
9.170527408672591863e-01 3.645060255700585585e-03 -3.987492705084120792e-01 -7.246824622504050240e+00 -3.783738705902937177e-02 9.962419326445168810e-01 -7.791241125347234120e-02 -1.566663876939582867e+00 3.969667552452788573e-01 8.653742120948045013e-02 9.137443149957049648e-01 2.540963836387680175e+01
9.130078743944074482e-01 4.590973960643562890e-03 -4.079160953434410319e-01 -7.616354898439801957e+00 -3.951152366093634710e-02 9.962305896940768513e-01 -7.722338834168537836e-02 -1.647820849612512406e+00 4.060239685883485494e-01 8.662294852255042477e-02 9.097477700338151285e-01 2.620880376415614776e+01
9.092675136582424322e-01 4.066159798821869509e-03 -4.161923250289236154e-01 -7.990036264241934028e+00 -3.940378422187126167e-02 9.963019566380788561e-01 -7.635281946361970051e-02 -1.720943810956621745e+00 4.143427720875444975e-01 8.582469129678606257e-02 9.060652256145664829e-01 2.695324223835021016e+01
9.051579907789130131e-01 4.752067490716573722e-03 -4.250487335676009781e-01 -8.364809126985777610e+00 -4.029723082971830433e-02 9.963933995828573309e-01 -7.467480506367284165e-02 -1.792173074634019869e+00 4.231609001565008743e-01 8.472078383740169749e-02 9.020849433311782795e-01 2.774797042921515100e+01
9.014519154575127979e-01 5.288480325693093072e-03 -4.328469386437381328e-01 -8.754408463123182216e+00 -4.049914849650780579e-02 9.965699172963871089e-01 -7.216799131409641632e-02 -1.861588770883300326e+00 4.309805862236728013e-01 8.258590681606763073e-02 8.985740403744454374e-01 2.851802529896245986e+01
8.975432540188232888e-01 6.631677356670472555e-03 -4.408765406423433286e-01 -9.135997712539035476e+00 -4.073868268306438112e-02 9.968572051995677752e-01 -6.794168263519138884e-02 -1.936287969235222173e+00 4.390403963473034077e-01 7.894132873291248575e-02 8.949926261487962664e-01 2.929022686809920728e+01
8.937106203407496618e-01 7.864964939946858524e-03 -4.485749272494015671e-01 -9.540410653018291498e+00 -4.007668909220875320e-02 9.972486898381995868e-01 -6.236112310775316497e-02 -1.990548228131352237e+00 4.468502981101256100e-01 7.371019618131516293e-02 8.915669475983195591e-01 3.008819601821471679e+01
8.898942333521123738e-01 7.220842716321401386e-03 -4.561097550956201285e-01 -9.953481167548023478e+00 -3.775090770032338283e-02 9.976106630330914271e-01 -5.786047041106888444e-02 -2.062313636822142637e+00 4.546021616430235279e-01 6.870825644100497787e-02 8.880405701567640753e-01 3.089739258388244281e+01
8.863740474843307959e-01 6.426400413409280414e-03 -4.629252045708078800e-01 -1.040754275931431749e+01 -3.647199084470457986e-02 9.977653708801224042e-01 -5.598266356863453030e-02 -2.132246789260348496e+00 4.615309793408190475e-01 6.650538411077244749e-02 8.846277144799769010e-01 3.171830312536341268e+01
8.829915701715840282e-01 6.829907674169720562e-03 -4.693391470569367452e-01 -1.084801286994039948e+01 -3.694179177031561151e-02 9.978038266616242602e-01 -5.498024723597230712e-02 -2.191151852033177860e+00 4.679328949591757270e-01 6.588532405559498206e-02 8.813046772996577793e-01 3.253449603500606457e+01
8.800099762883401011e-01 6.829841018858241915e-03 -4.749060858757410686e-01 -1.132301056895478020e+01 -3.635189270655699717e-02 9.979321534696538043e-01 -5.300902785325364852e-02 -2.245313326758096917e+00 4.735620178766433708e-01 6.391220858067506172e-02 8.784385290137842750e-01 3.336235370881669837e+01
8.773479641946655416e-01 5.575503095990572144e-03 -4.798223201377687652e-01 -1.178491321706142259e+01 -3.467085643520452509e-02 9.980555691714211308e-01 -5.179780518998870070e-02 -2.303943925126819448e+00 4.786005482278276046e-01 6.208054984578276897e-02 8.758353298940615428e-01 3.416276481662246312e+01
8.744896782071950314e-01 4.387503765650155318e-03 -4.850242755203468814e-01 -1.225457411978863220e+01 -3.354176363366555974e-02 9.981123325651751754e-01 -5.144629951359689507e-02 -2.359989032953347721e+00 4.838829984746318424e-01 6.125782763807161718e-02 8.729860978022588869e-01 3.501001153084283146e+01
8.724030737895565046e-01 4.076312751956745473e-03 -4.887701461580087892e-01 -1.273517566659232081e+01 -3.368082257178595107e-02 9.980897345379302621e-01 -5.179270277739356915e-02 -2.425466946962480996e+00 4.876253505556578660e-01 6.164629379992884323e-02 8.708738465688757868e-01 3.586861782390909781e+01
8.707048119341410652e-01 4.235146207555988418e-03 -4.917877481350865776e-01 -1.321899637144637651e+01 -3.432969786524849021e-02 9.980471694140750083e-01 -5.218543408324172184e-02 -2.481862709715523696e+00 4.906063654679385100e-01 6.232103350589555252e-02 8.691498649135412924e-01 3.672702094876888168e+01
8.703082208580729118e-01 4.157142407364519676e-03 -4.924899126539376004e-01 -1.373723801498614527e+01 -3.381660219103091447e-02 9.981088293511496401e-01 -5.133422102535719483e-02 -2.542402916091714538e+00 4.913451349653353284e-01 6.133093014877850913e-02 8.688029006053163972e-01 3.759162081832241853e+01
8.702263858707253164e-01 3.664975331715086392e-03 -4.926384074352418985e-01 -1.424753290860462407e+01 -3.247310399244188878e-02 9.982243609213412583e-01 -4.993618766661012814e-02 -2.601520721402590830e+00 4.915806529836430627e-01 5.945328645522621192e-02 8.688001916973264738e-01 3.848434248572853278e+01
8.697798818492512574e-01 2.666789344750658281e-03 -4.934327112609842581e-01 -1.475009439718498605e+01 -3.113453708304105699e-02 9.982894297245510362e-01 -4.948590866396170018e-02 -2.665250710241306109e+00 4.924566999067709339e-01 5.840464693062243084e-02 8.683750921698104586e-01 3.937478522291871741e+01
8.692169000001999102e-01 1.269665717847913607e-03 -4.944293315174138059e-01 -1.526789030780843248e+01 -2.971516848519595647e-02 9.983232342821561911e-01 -4.967623884925505273e-02 -2.726601693035622720e+00 4.935372256348560249e-01 5.787147731436549647e-02 8.677971559140166269e-01 4.026018236385861826e+01
8.681811670565663386e-01 -2.074929869823500812e-04 -4.962473307195319205e-01 -1.581347474865506264e+01 -2.849496983644923126e-02 9.983291276613904808e-01 -5.026917152143563217e-02 -2.789523834766032717e+00 4.954286038028946626e-01 5.778330080539224173e-02 8.667246353381574675e-01 4.120829451614871175e+01
8.664854091191626084e-01 -1.310991940483816108e-03 -4.992006732400853242e-01 -1.634545683567888474e+01 -2.652425612987617184e-02 9.984630796821470922e-01 -4.866150833456503455e-02 -2.849699026894836784e+00 4.984972450043578807e-01 5.540541353779589173e-02 8.651189176923312907e-01 4.213313216581943266e+01
8.643702375486711498e-01 -8.383212477845031468e-04 -5.028552323185059292e-01 -1.688120373754048487e+01 -2.515768907295087495e-02 9.986742536982513574e-01 -4.490908287719981573e-02 -2.913878147247621619e+00 5.022262307372549195e-01 5.146875024123265252e-02 8.632032123731782081e-01 4.305089621285107881e+01
8.616587647737483646e-01 -8.138240311621453395e-04 -5.074874438907985841e-01 -1.742641061870411434e+01 -2.291715939161626664e-02 9.989161730377213999e-01 -4.051275219552043227e-02 -2.976212883226071693e+00 5.069703942994057133e-01 4.653833862903287294e-02 8.607062259403029936e-01 4.396672459114153497e+01
8.578234746887367645e-01 -1.749293930001055621e-03 -5.139414568349698342e-01 -1.797649879608350432e+01 -2.102102369334367046e-02 9.990379804366390504e-01 -3.848675416335019250e-02 -3.040405803674079088e+00 5.135143685926126800e-01 4.381841667079303115e-02 8.569614604877914266e-01 4.485976776841453528e+01
8.524460955095009007e-01 -3.836776433959328617e-03 -5.228010405922590698e-01 -1.855044049079402768e+01 -2.021055856717426241e-02 9.989837905287759501e-01 -4.028547652116118427e-02 -3.099936251385527974e+00 5.224243405915832694e-01 4.490729816364850274e-02 8.515022890436461100e-01 4.575633163935626868e+01
8.467594625580318057e-01 -8.002934336952234953e-03 -5.319157452924959673e-01 -1.911034752196832898e+01 -1.789246267112215572e-02 9.988926724871842744e-01 -4.351193697694307611e-02 -3.165212381511279816e+00 5.316749726881028204e-01 4.636142694219270999e-02 8.456786310418615837e-01 4.663128312772575157e+01
8.403747088538441323e-01 -7.864126053525556312e-03 -5.419487969595959687e-01 -1.970253567259700489e+01 -1.854385742839588860e-02 9.988921744149390491e-01 -4.324984710223080814e-02 -3.219487140625884258e+00 5.416885437995939689e-01 4.639589883835496670e-02 8.392978897694421958e-01 4.756811584607897458e+01
8.349292345972018081e-01 -5.002372461232451259e-03 -5.503345742384736505e-01 -2.030787500305041249e+01 -1.923873042836122052e-02 9.990822559120907664e-01 -3.826901105734123454e-02 -3.266094007883359129e+00 5.500209532652013955e-01 4.253965453302360755e-02 8.340667446971521404e-01 4.840966160398895823e+01
8.297281839127539360e-01 -1.167669921346269546e-03 -5.581664369385004321e-01 -2.090787214226275381e+01 -2.110297197027242305e-02 9.992172259070617457e-01 -3.346042535582688382e-02 -3.332226911492923715e+00 5.577685990627956336e-01 3.954202850297373201e-02 8.290540536564542373e-01 4.930984927830733255e+01
8.253550234993631829e-01 -1.086088967202179052e-03 -5.646130528268431537e-01 -2.150755179775609705e+01 -2.240250758010289139e-02 9.991476930658571565e-01 -3.467008996424485179e-02 -3.382733902762856903e+00 5.641694937365117068e-01 4.126388098932185639e-02 8.246272373579659476e-01 5.020205996017213579e+01
8.218823409380424660e-01 -2.155074150860433399e-03 -5.696531989169769661e-01 -2.209824093246220045e+01 -2.440938236393960098e-02 9.989411703038452162e-01 -3.899641483667654063e-02 -3.424380249680618160e+00 5.691340831678157741e-01 4.595534737738300041e-02 8.209595042703983214e-01 5.106097796863751626e+01
8.191731139803458683e-01 -4.829115644609847414e-03 -5.735260086737057339e-01 -2.274195933868017505e+01 -2.594551864544550335e-02 9.986288622311928487e-01 -4.546675298147226374e-02 -3.509784148870084497e+00 5.729591995788554382e-01 5.212557134545156567e-02 8.179246216693100147e-01 5.189474922919016819e+01
8.157785796863751271e-01 -5.602089813160498338e-03 -5.783372018711928630e-01 -2.336591858977252656e+01 -2.661169478535083815e-02 9.985304526839583472e-01 -4.720966860237250234e-02 -3.565053441780684729e+00 5.777517907420779419e-01 5.390316948327324165e-02 8.144306741609500522e-01 5.280677831097185049e+01
8.124851077998789251e-01 -4.383548359178090180e-03 -5.829654600089989591e-01 -2.399827224906833578e+01 -2.603196541031451219e-02 9.987015145653231896e-01 -4.379065686421405867e-02 -3.624019481669106035e+00 5.824004563459945771e-01 5.075499320372107298e-02 8.113159961505582718e-01 5.366559694570873518e+01
8.093499630045379867e-01 -3.155488749269249205e-03 -5.873182047573395348e-01 -2.464683099424805590e+01 -2.374035019519832659e-02 9.989925510145281073e-01 -3.808252662975608605e-02 -3.685084485767909257e+00 5.868466907287892553e-01 4.476523126658189106e-02 8.084596726131916267e-01 5.450925726162012808e+01
8.063360578530271994e-01 -1.018012287809315439e-03 -5.914567767229980122e-01 -2.528678971338305814e+01 -2.462258142222667825e-02 9.990738247634963765e-01 -3.528769196455371071e-02 -3.738111508022264662e+00 5.909449175961890566e-01 4.301693094168736881e-02 8.055641840954785859e-01 5.538112590390561252e+01
8.034619682057093648e-01 -2.616479757811996537e-04 -5.953560198559451067e-01 -2.590767337749427668e+01 -2.591140331137380820e-02 9.990369811828331281e-01 -3.540775985702698803e-02 -3.794713343348834922e+00 5.947919554295049149e-01 4.387529824258903921e-02 8.026814403725397451e-01 5.618700831026609421e+01
7.996495430370990087e-01 -2.046349022912360635e-03 -6.004634991918179621e-01 -2.656338860781525923e+01 -2.508694931114717822e-02 9.990072176033407692e-01 -3.681336983707252097e-02 -3.844129661019751953e+00 5.999427129469281361e-01 4.450159161170366695e-02 7.988043292273696583e-01 5.704158844093839775e+01
7.956529277331115813e-01 -3.824974832808049167e-03 -6.057406880276833272e-01 -2.724446603042422765e+01 -2.517857394512186542e-02 9.989070216573968652e-01 -3.938021768283856555e-02 -3.914514411784841830e+00 6.052292653490451979e-01 4.658467209153070027e-02 7.946869897444379660e-01 5.793005463660796295e+01
7.915171516451351419e-01 -4.504233188929498630e-03 -6.111303489393583588e-01 -2.790080929881648331e+01 -2.511999289582642417e-02 9.988879984307754700e-01 -3.989677423796721828e-02 -3.960699040670800475e+00 6.106304859332418733e-01 4.693057101987895691e-02 7.905238378734501525e-01 5.877441298022426963e+01
7.869054895126971205e-01 -5.415436556415616741e-03 -6.170497681339022211e-01 -2.859651466624406524e+01 -2.377645465858650373e-02 9.989528339967495008e-01 -3.908856223697837473e-02 -4.021480120773472500e+00 6.166153068547099991e-01 4.543025990879878684e-02 7.859527098118889166e-01 5.962868878039386544e+01
7.824119998166837453e-01 -5.461640329053101851e-03 -6.227372043131428336e-01 -2.924670888840096339e+01 -2.352267827573990139e-02 9.989887883510093491e-01 -3.831558951034180066e-02 -4.070832643790573968e+00 6.223167618977312188e-01 4.462702378141619741e-02 7.814923441453243136e-01 6.040508801152283525e+01
7.767535887920834492e-01 -5.792908965361956430e-03 -6.297779743347838854e-01 -2.994575359724290209e+01 -2.404055752046943550e-02 9.989562159789465712e-01 -3.883980169717405478e-02 -4.140166017874286730e+00 6.293456284357723529e-01 4.530916883504938070e-02 7.758035619218490719e-01 6.127684650820314971e+01
7.713580843707180668e-01 -7.348877219295605299e-03 -6.363589332975426727e-01 -3.065377271479503207e+01 -2.326583673452025519e-02 9.989392496508145980e-01 -3.973759417294128043e-02 -4.190607105272403210e+00 6.359759530040738351e-01 4.545733742396126931e-02 7.703688891202103983e-01 6.211748555082461110e+01
7.661376059591807897e-01 -7.896997664862006813e-03 -6.426280404173885241e-01 -3.134913999030042930e+01 -2.358817130463872550e-02 9.989052478244425659e-01 -4.039683262639106459e-02 -4.249460635261238295e+00 6.422435467395142261e-01 4.610795279892774406e-02 7.651126003076358373e-01 6.292097973630249186e+01
7.603475220364444009e-01 -9.613052694128151193e-03 -6.494453225375357297e-01 -3.205645902396872771e+01 -2.268944082098671433e-02 9.988870863969514513e-01 -4.134946124264068934e-02 -4.304634958604138362e+00 6.491200517470456788e-01 4.617551146132185813e-02 7.592832070484873963e-01 6.376121534089013920e+01
7.543490043526273059e-01 -1.167793554667944343e-02 -6.563697108430633920e-01 -3.279926783588263817e+01 -2.158906503458618911e-02 9.988596424284368336e-01 -4.258317785152054141e-02 -4.372689662212827066e+00 6.561185095946314716e-01 4.629298604103235931e-02 7.532366619561335908e-01 6.458594385301049101e+01
7.482040236555188573e-01 -1.210798784112526900e-02 -6.633582194513758523e-01 -3.354485949532677580e+01 -2.160325374086335265e-02 9.988586987132037631e-01 -4.259811580414707421e-02 -4.436629031887696861e+00 6.631169167661269404e-01 4.620277742678996491e-02 7.470885264289480743e-01 6.541708704959133058e+01
7.419266938563874314e-01 -1.263878283466263533e-02 -6.703618676853269065e-01 -3.429789270125627354e+01 -2.030611853859880939e-02 9.989401102900723473e-01 -4.130759783162221699e-02 -4.491868362337021026e+00 6.701734473584296525e-01 4.425965686207392752e-02 7.408836896978732156e-01 6.623761884426362201e+01
7.355337757628601647e-01 -1.259232427786357612e-02 -6.773710131464745210e-01 -3.499996252644201888e+01 -1.999206472229738546e-02 9.989884125693848649e-01 -4.027988251138504144e-02 -4.558880812926773274e+00 6.771930221689631546e-01 4.316925901357413636e-02 7.345379734208605793e-01 6.703320092377417438e+01
7.292320480007131733e-01 -1.446320005213257154e-02 -6.841136069575919354e-01 -3.579929581065508160e+01 -1.859863603629102052e-02 9.989882716945412966e-01 -4.094537563392147000e-02 -4.615049876179205590e+00 6.840136828178609019e-01 4.258225991009187417e-02 7.282252684546507426e-01 6.782568625828196218e+01
7.226442621552577883e-01 -1.639208461737268543e-02 -6.910257310577664347e-01 -3.659888471220384787e+01 -1.777117668088061889e-02 9.989477088199177901e-01 -4.228073263015613703e-02 -4.682747806439844673e+00 6.909916520449421729e-01 4.283426898760332030e-02 7.215925243013745494e-01 6.863675904527217142e+01
7.164993415496564433e-01 -1.550654156457565921e-02 -6.974153938797549301e-01 -3.739549309275501088e+01 -1.957986716897391899e-02 9.989119878223005067e-01 -4.232575361937706421e-02 -4.748009537912686540e+00 6.973129355264477969e-01 4.398167517239912755e-02 7.154161664868748938e-01 6.945060092175859268e+01
7.110401281418479158e-01 -1.578332443734261833e-02 -7.029742624020131059e-01 -3.820462776876350119e+01 -1.895670779316389540e-02 9.989543723705689438e-01 -4.160294680998385258e-02 -4.802919416301910438e+00 7.028958580256718935e-01 4.290744209480894245e-02 7.099974460471000226e-01 7.027154058390433988e+01
7.063703763988983253e-01 -1.470984273639760684e-02 -7.076895523563301316e-01 -3.899435197737879122e+01 -2.091663988942368130e-02 9.989136790205426220e-01 -4.164079823488073956e-02 -4.865499423282471092e+00 7.075333161491269562e-01 4.421631363583318486e-02 7.052953519410618544e-01 7.106072188699501169e+01
7.016898437704691682e-01 -1.616314513356010771e-02 -7.122991691826234817e-01 -3.983840457704802418e+01 -1.987133776312728986e-02 9.989097715947502509e-01 -4.224213751249740467e-02 -4.929650470956287833e+00 7.122053784831102741e-01 4.379521603718362216e-02 7.006036592460105350e-01 7.184662047027256904e+01
6.965001774177854710e-01 -1.783622274280092720e-02 -7.173349025536348567e-01 -4.067157389643795540e+01 -2.023496818919850310e-02 9.988052301690247825e-01 -4.448211193881398962e-02 -4.999249080078421947e+00 7.172712576843954801e-01 4.549704759043707303e-02 6.953071056165582853e-01 7.263589396486193550e+01
6.913952950833064381e-01 -1.948807303447799497e-02 -7.222137849919587627e-01 -4.149591926677156550e+01 -2.107330018946553321e-02 9.986668334811792391e-01 -4.712188193652465384e-02 -5.061420502111058539e+00 7.221692808879970338e-01 4.779927517577493845e-02 6.900628730156426194e-01 7.341909901246862091e+01
6.861358867161609920e-01 -2.025097462872423038e-02 -7.271914693869606650e-01 -4.235318156936903478e+01 -2.143084481736138788e-02 9.986159340270682749e-01 -4.803056559452355961e-02 -5.124132842999448378e+00 7.271576667261679949e-01 4.853982206718298470e-02 6.847522348988867025e-01 7.420216761827336427e+01
6.817488157221138767e-01 -1.989147911511671835e-02 -7.313158492596565363e-01 -4.322500620310893993e+01 -2.116168945414597519e-02 9.986758340843461257e-01 -4.689095167691192251e-02 -5.197030576115889033e+00 7.312802087394583150e-01 4.744372947563125359e-02 6.804251308905108209e-01 7.497471224236309695e+01
6.763933447275796151e-01 -2.045940853881626428e-02 -7.362563722944791555e-01 -4.405734099990839781e+01 -1.949589211868945141e-02 9.987665534298464376e-01 -4.566488772749009717e-02 -5.267611062453532611e+00 7.362825286951059089e-01 4.524140073553597347e-02 6.751601762791390460e-01 7.576385836139424157e+01
6.714035572185469425e-01 -2.115957345904845299e-02 -7.407897985422844389e-01 -4.493555308491659162e+01 -1.910233718145294690e-02 9.987660721252380469e-01 -4.584139958104955365e-02 -5.340049877818812796e+00 7.408457146056578457e-01 4.492889503582982863e-02 6.701708973780245993e-01 7.652443782346379919e+01
6.664323604123799649e-01 -2.162267183377892393e-02 -7.452518760548438870e-01 -4.582457905216623573e+01 -1.910426926743504297e-02 9.987559052794976466e-01 -4.606157395029072954e-02 -5.407787524689258163e+00 7.453206992887789761e-01 4.493441573787399640e-02 6.651901711232510728e-01 7.731020582774443994e+01
6.620911002956783031e-01 -2.230720625432901574e-02 -7.490912848682884650e-01 -4.670518495189735830e+01 -1.813091725509776569e-02 9.987875407971513742e-01 -4.576809167510438592e-02 -5.477811295985321571e+00 7.492040134360826720e-01 4.388435803941789781e-02 6.608838927798007523e-01 7.809511721258306238e+01
6.583678298743533830e-01 -2.313153065705179229e-02 -7.523408286143113965e-01 -4.758329063378722878e+01 -1.688494682327818311e-02 9.988222786289647770e-01 -4.548575942386575560e-02 -5.543022795239966882e+00 7.525069489682576496e-01 4.264959535412934932e-02 6.572018823933731824e-01 7.886164371897800152e+01
6.542761705710817832e-01 -2.576809602347145123e-02 -7.558165698674094157e-01 -4.851526784872422837e+01 -1.424574646203855162e-02 9.988220610780792486e-01 -4.638479309384398175e-02 -5.612093739202092202e+00 7.561215249662391891e-01 4.111563575706540102e-02 6.531383884937166373e-01 7.962301406008727156e+01
6.500859061966510755e-01 -3.060499705535768902e-02 -7.592441228417292631e-01 -4.943231686131251479e+01 -1.063998655062084811e-02 9.987239499493070216e-01 -4.936863876139251789e-02 -5.697883946123559085e+00 7.597862295007402622e-01 4.017220324709037949e-02 6.489307283432037554e-01 8.041022726622691152e+01
6.453824782095128887e-01 -3.411647175462577397e-02 -7.630973151745438221e-01 -5.034472094098696004e+01 -7.741516560430566039e-03 9.986586586405709065e-01 -5.119523850496130596e-02 -5.765955335741502097e+00 7.638203552806950292e-01 3.894804011399174287e-02 6.442526878304030147e-01 8.118245006539476094e+01
6.388320414741449627e-01 -3.782032901075386977e-02 -7.684160556712082979e-01 -5.124955285813992845e+01 -2.277876424448535206e-03 9.986936032588683565e-01 -5.104799780604185599e-02 -5.848382470631708685e+00 7.693428648010361970e-01 3.436145313747927116e-02 6.379113244119597459e-01 8.195086805575847677e+01
6.304158146557981013e-01 -4.174280407000351134e-02 -7.751344579351221453e-01 -5.219581583093821564e+01 2.838266262727478107e-03 9.986703852926327452e-01 -5.147237866242637683e-02 -5.927188019925051066e+00 7.762524425897355806e-01 3.024896317363343079e-02 6.296960827900808244e-01 8.272324411285988788e+01
6.213519675051031310e-01 -4.223686794560875535e-02 -7.823923364968521366e-01 -5.313526011030057106e+01 4.484631062619540837e-03 9.987213803458212524e-01 -5.035367417782872501e-02 -6.010254757105533585e+00 7.835187493058569652e-01 2.777861314588496791e-02 6.207469125285431932e-01 8.347470833934264078e+01
6.126512164866144694e-01 -4.220170916241589715e-02 -7.892258810020967852e-01 -5.411793705324277681e+01 7.070114990791374031e-03 9.988260968313934507e-01 -4.792120343239968799e-02 -6.071948949772223436e+00 7.903217765924084315e-01 2.377906540358741203e-02 6.122303953204459859e-01 8.421519717563644747e+01
6.031837931384528284e-01 -4.157092797063115935e-02 -7.965181466910725705e-01 -5.506212497513996595e+01 6.243310496840351158e-03 9.988563241473710219e-01 -4.740321468544498457e-02 -6.156691928987258144e+00 7.975777975322762003e-01 2.361994028476292751e-02 6.027534877223217347e-01 8.493922393430989359e+01
5.941611925660605920e-01 -4.245256182465523276e-02 -8.032249033904524937e-01 -5.604867388352317192e+01 4.486305686198097803e-03 9.987655937160836439e-01 -4.946879672798425859e-02 -6.220110977666517549e+00 8.043334885769887199e-01 2.578892637258525800e-02 5.936182125466284987e-01 8.564341758309483055e+01
5.841092774861920134e-01 -4.459120073520608796e-02 -8.104492363857794812e-01 -5.707784894512424501e+01 5.398296909072413177e-03 9.986811452292293501e-01 -5.105711048189759405e-02 -6.314221610542366747e+00 8.116570834367841103e-01 2.544788586426548899e-02 5.835796398509350835e-01 8.637914552285783998e+01
5.740098463700048503e-01 -4.559263703336865342e-02 -8.175781280767093762e-01 -5.807797655486601229e+01 4.820920632294503454e-03 9.986195827346470155e-01 -5.230380177301050676e-02 -6.377163639076949941e+00 8.188342115166554747e-01 2.608141751297413449e-02 5.734372728929016949e-01 8.707697457256058726e+01
5.642205069887623603e-01 -4.679797730177198689e-02 -8.242967647751403559e-01 -5.907126440412412194e+01 7.962268431918389719e-03 9.986542812566093774e-01 -5.124674410265486757e-02 -6.456192669777009563e+00 8.255857514108029260e-01 2.235119135059076070e-02 5.638338440851650146e-01 8.776736154413926272e+01
5.540794786128940830e-01 -4.682772963413990575e-02 -8.311456445963504303e-01 -6.011688584083599807e+01 9.476417309068648279e-03 9.987067158323412741e-01 -4.995090826482417867e-02 -6.541088365717028452e+00 8.324098391159688859e-01 1.980048972629810944e-02 5.538066566639492372e-01 8.842521329399738761e+01
5.432489752704279251e-01 -4.771309879131181014e-02 -8.382147685930081416e-01 -6.116856077948955317e+01 1.042127557455926543e-02 9.986901527082309160e-01 -5.009367093120436348e-02 -6.620076094015388435e+00 8.395069740382443690e-01 1.847806778126406466e-02 5.430346345932255403e-01 8.911494156574993042e+01
5.329442969768685145e-01 -4.780057172594349285e-02 -8.447990700118747087e-01 -6.219614454360505817e+01 8.449945484313410929e-03 9.986539355806790530e-01 -5.117533919354935040e-02 -6.696756835008354614e+00 8.461081411463040602e-01 2.013509856706025003e-02 5.326308330261925184e-01 8.974187033201029351e+01
5.232086942349809533e-01 -4.876422911929637061e-02 -8.508082622398200900e-01 -6.324301939047312970e+01 8.115834612773065518e-03 9.986013631420094239e-01 -5.224414541643761234e-02 -6.771671068390025638e+00 8.521659506592919042e-01 2.042957144483716764e-02 5.228726788774450407e-01 9.036544898210297561e+01
5.132393741781648977e-01 -4.913145132191736042e-02 -8.568380430237271250e-01 -6.433062975107388581e+01 6.084719513608686549e-03 9.985432936416672733e-01 -5.361218970662721961e-02 -6.863791099962425868e+00 8.582239411269879659e-01 2.230226702948011688e-02 5.127906874152804440e-01 9.103510240802846454e+01
