7.775455565600077890e-01 -6.284650222951937426e-01 2.132189544318646365e-02 -6.596107022595479918e+01 6.274985718861909589e-01 7.776597941007525883e-01 3.861070991275615538e-02 2.571291038257020745e+01 -4.084666148633964156e-02 -1.664212698778481589e-02 9.990268213890668436e-01 -8.849074419848944606e-01 -4.809208017785018303e-24 -1.416202385148814181e-23 -3.430527606006730092e-24 9.999999999999997780e-01
7.494852708357513382e-01 -6.614407592385048718e-01 2.771192556015392508e-02 -6.556196039836756029e+01 6.606863979622319416e-01 7.499753748330604264e-01 3.210016653698594125e-02 2.609326368006042074e+01 -4.201562028522866366e-02 -5.749709731909993966e-03 9.991004096135911450e-01 -8.924164856801417578e-01 -4.809208017785018303e-24 -1.416202385148814181e-23 -3.430527606006730092e-24 9.999999999999997780e-01
7.210920830880199750e-01 -6.927436538168824098e-01 1.150816250389338075e-02 -6.520673997086016982e+01 6.923856948087492302e-01 7.211215418708334379e-01 2.420271625328014251e-02 2.649067317207470751e+01 -2.506506197849817791e-02 -9.484299988235758705e-03 9.996408308596376191e-01 -9.024011579852742049e-01 2.904943924862612262e-18 -8.470876085375922363e-19 8.570561643305732307e-20 9.999999999999996669e-01
6.910389243255617986e-01 -7.226778141938904332e-01 -1.421203500245975596e-02 -6.487129579180371763e+01 7.228137584841182184e-01 6.909653676457957472e-01 1.035042318806516162e-02 2.690262333289555485e+01 2.340002784936928704e-03 -1.742519974203059901e-02 9.998454314547405852e-01 -9.075603925187847310e-01 7.834108080589871110e-18 -3.585117161265080405e-18 1.938673752422118103e-19 9.999999999999993339e-01
6.563789491869632675e-01 -7.538905607007206910e-01 -2.856041929961195686e-02 -6.453164840160876281e+01 7.539461443671380270e-01 6.568441110910047120e-01 -1.100114171311051756e-02 2.732682990624630293e+01 2.705340012168507002e-02 -1.431210017494280798e-02 9.995315289326487385e-01 -9.271057512915568122e-01 1.072554633044132499e-17 -8.906218270533416486e-18 6.020441685104284431e-20 9.999999999999988898e-01
6.189419488375498268e-01 -7.849432086497329930e-01 -2.783923784579643568e-02 -6.419408128248397816e+01 7.842333332246586020e-01 6.195666290648023100e-01 -3.339567649585280240e-02 2.777613124494693153e+01 4.346197221153665774e-02 -1.162473197151428017e-03 9.990544057395220889e-01 -9.387889218427859506e-01 1.350325002779371225e-17 -1.415479360779638253e-17 -1.384148035974373287e-19 9.999999999999986677e-01
5.860404903955331868e-01 -8.099771805478999109e-01 -2.221509866359777305e-02 -6.386841036490057633e+01 8.090170642020031444e-01 5.864370435885553068e-01 -3.978672815251738798e-02 2.826516776403497744e+01 4.525409867551028614e-02 5.344239775953423671e-03 9.989612132882254025e-01 -9.606484271624157190e-01 1.411879587551603697e-17 -1.921509697264424692e-17 -2.056523050758165001e-19 9.999999999999985567e-01
5.572844857793844975e-01 -8.301699027502662531e-01 -1.587244395844130893e-02 -6.356618718253249511e+01 8.298259994526245853e-01 5.575104589167606539e-01 -2.389348929878080605e-02 2.876819812537972254e+01 2.868470920293474460e-02 1.441042257770485204e-04 9.995884986792880067e-01 -9.313868432768683814e-01 1.638275376247560818e-17 -2.284080467667019562e-17 -3.176627699327469142e-19 9.999999999999982236e-01
5.286194599495523949e-01 -8.488219727394764602e-01 -7.919921546204066257e-03 -6.328549559755708742e+01 8.487823938252737621e-01 5.286740761768895513e-01 -8.495240476059526258e-03 2.927861066761034436e+01 1.139800398661808614e-02 -2.231540536299170176e-03 9.999325505912647349e-01 -8.756656015971391316e-01 1.691203478991471495e-17 -2.429376456109694018e-17 -3.743610460710462367e-19 9.999999999999980016e-01
4.987821834459731374e-01 -8.667046694707015719e-01 -6.272909575122998828e-03 -6.301192218713584481e+01 8.666902480497388206e-01 4.988147415584817668e-01 -5.645134136919275833e-03 2.979850416931970614e+01 8.021683884791127456e-03 -2.620977224998735818e-03 9.999643908990127894e-01 -8.682416458814353755e-01 1.911718557548306668e-17 -2.511332107813107747e-17 -4.032490482787096199e-19 9.999999999999977796e-01
4.712199881028628634e-01 -8.820052436505543270e-01 -4.298021085169426159e-03 -6.274890322157275335e+01 8.818849574840356143e-01 4.712284410625184328e-01 -1.492240252659740238e-02 3.032204273002291117e+01 1.518698705194154903e-02 3.241374199089497050e-03 9.998794171886823401e-01 -8.632428348077795244e-01 2.083710166218982973e-17 -2.481512097104692848e-17 -3.994757459359472324e-19 9.999999999999976685e-01
4.458284212880016528e-01 -8.951017444338320583e-01 -5.466798271319427138e-03 -6.250092784451842221e+01 8.948506625478582777e-01 4.458361148056152468e-01 -2.173592585304078700e-02 3.086084988585902167e+01 2.189316124965259847e-02 4.798525453188917482e-03 9.997488002713299515e-01 -8.588517509783606396e-01 2.231598330559549289e-17 -2.316699147930045661e-17 -4.301133762764497898e-19 9.999999999999975575e-01
4.227515914592084312e-01 -9.062271793517091556e-01 -5.778522555873416219e-03 -6.226148820879120649e+01 9.059846300904641492e-01 4.227742728730748967e-01 -2.130174256915855213e-02 3.141632294063602160e+01 2.174722875556506924e-02 3.770092951714332404e-03 9.997563925479939773e-01 -8.547602660769985095e-01 2.255228580854640158e-17 -2.265152048422162634e-17 -4.436953790484679088e-19 9.999999999999974465e-01
4.032035752349830693e-01 -9.150963762787558409e-01 -5.049657334089301293e-03 -6.203029205084661157e+01 9.149877445265984788e-01 4.032337444237433788e-01 -1.414124195855811540e-02 3.199139403087004041e+01 1.497679150723944808e-02 1.081424741203748652e-03 9.998872567628144248e-01 -8.477292860796574736e-01 2.259647781647091553e-17 -2.333663689690602852e-17 -4.589572306117513578e-19 9.999999999999971134e-01
3.859651648917867828e-01 -9.225106037125018199e-01 -2.253337086100944738e-03 -6.180374894431741239e+01 9.224957903786076274e-01 3.859717377527081550e-01 -5.228230092287736858e-03 3.257533858120315529e+01 5.692822129649258503e-03 -6.077928656927868487e-05 9.999837939097141470e-01 -8.426883113183026852e-01 2.149976242420713863e-17 -2.229464908340753997e-17 -4.620548059071616594e-19 9.999999999999967804e-01
3.696815345570976796e-01 -9.291573118761423666e-01 1.500931237851605652e-03 -6.157952127748195181e+01 9.291566005884088764e-01 3.696835738688381556e-01 1.437635054660829073e-03 3.316357012820862593e+01 -1.890658746988062473e-03 8.631330335399558379e-04 9.999978402030947899e-01 -8.393121967847150255e-01 2.001495757101094309e-17 -2.162000655676978151e-17 -4.650651392281763899e-19 9.999999999999965583e-01
3.555441798559192956e-01 -9.346574951947239640e-01 1.924278273558812508e-03 -6.136308232313650279e+01 9.346516443405478158e-01 3.555488752742377856e-01 3.361699381173893341e-03 3.375976608278281077e+01 -3.826212499084334032e-03 6.032972031499717058e-04 9.999924980370502592e-01 -8.410665202491829362e-01 1.800818270276365742e-17 -1.960860212117127950e-17 -4.828380659122154842e-19 9.999999999999963363e-01
3.425956630166575589e-01 -9.394828623669626566e-01 4.037337247587300055e-04 -6.115871794677777729e+01 9.394800384404572435e-01 3.425956396907166024e-01 2.342015546412776813e-03 3.435928305527293247e+01 -2.338600882950424287e-03 -4.230645936613956640e-04 9.999971759771325575e-01 -8.460439475503620521e-01 1.556642647788387546e-17 -1.661493330025981550e-17 -5.073741522057776931e-19 9.999999999999961142e-01
3.303137571181384291e-01 -9.438610654134267364e-01 -4.371619275830216506e-03 -6.096061381339364260e+01 9.438710675383372717e-01 3.303078197384499703e-01 2.037666229781306005e-03 3.497698396067904270e+01 -4.792937868724245795e-04 -4.799314140859581648e-03 9.999883683629626763e-01 -8.507333889685303463e-01 1.410331793103287854e-17 -1.439461068408007971e-17 -5.228050120533253677e-19 9.999999999999955591e-01
3.199709650273154793e-01 -9.473983459321861922e-01 -7.413208779318125781e-03 -6.076590832397588571e+01 9.474273466830566148e-01 3.199617105321739263e-01 2.434450743154809721e-03 3.560109769587779027e+01 6.554835424430355837e-05 -7.802430277794144414e-03 9.999695584292290773e-01 -8.576158960933559783e-01 1.220579765056207158e-17 -1.189267485389283436e-17 -5.244151419861087406e-19 9.999999999999950040e-01
3.119434919477817592e-01 -9.500535127212984543e-01 -9.464713271030555236e-03 -6.057084324039652756e+01 9.501005883792463802e-01 3.119317683021886056e-01 2.728348451057810691e-03 3.623108829460393565e+01 3.602677172502765312e-04 -9.843520190718546559e-03 9.999514864819181170e-01 -8.600059716872066051e-01 8.913574548936618998e-18 -9.678836788356338364e-18 -5.265460727303444777e-19 9.999999999999943379e-01
3.059090976176304100e-01 -9.519954204343512583e-01 -1.115094017311018572e-02 -6.037290530420921897e+01 9.520590151420353919e-01 3.059097625615656568e-01 1.687855531034184982e-03 3.687231389370845136e+01 1.804350724794699223e-03 -1.113268348152462832e-02 9.999364018161007728e-01 -8.578064781482539480e-01 5.168928227586139755e-18 -8.037485595331360509e-18 -5.273199945778403908e-19 9.999999999999934497e-01
3.013505240470626401e-01 -9.534265686678914387e-01 -1.287011323505998263e-02 -6.017400095706290131e+01 9.535108953927552422e-01 3.013533941927353799e-01 1.761867138299324110e-03 3.752340502478997308e+01 2.198641366912420896e-03 -1.280273277999376125e-02 9.999156244451179454e-01 -8.588019706066265524e-01 1.764250685795997681e-18 -6.315136303228690825e-18 -4.865602666989014684e-19 9.999999999999925615e-01
2.980405594083143650e-01 -9.544654570422085316e-01 -1.294280729733428108e-02 -5.997441182228385514e+01 9.545498142392079277e-01 2.980482527936563208e-01 1.375188180069947296e-03 3.817797563920375836e+01 2.545011486405675954e-03 -1.276441615588160515e-02 9.999152927106864652e-01 -8.642313987345339177e-01 -1.887375271269393889e-18 -4.600067228432709337e-18 -4.509675517461764883e-19 9.999999999999915623e-01
2.957827216145387794e-01 -9.551826520789872266e-01 -1.177636453219645107e-02 -5.977089031877365954e+01 9.552462479312092691e-01 2.958109619346599439e-01 -6.932623059668522681e-04 3.883749742961219198e+01 4.145769848361882150e-03 -1.104427302199655590e-02 9.999304158918969065e-01 -8.673383548761631756e-01 -6.398875763144118839e-18 -1.170230520666700753e-18 -4.128088165769120860e-19 9.999999999999904521e-01
2.949141208650529200e-01 -9.554612261852638566e-01 -1.093190609588367591e-02 -5.956624733507137393e+01 9.555101892116051321e-01 2.949516114052058713e-01 -1.955822655864161014e-03 3.950732001935865867e+01 5.093096031684073849e-03 -9.868747942996330957e-03 9.999383321919450562e-01 -8.647393322905242430e-01 -1.146538198247896807e-17 3.647127678849291123e-18 -3.506318406500778030e-19 9.999999999999895639e-01
2.945651007753489203e-01 -9.555717957408997876e-01 -1.067448310984156663e-02 -5.936003705454700707e+01 9.556200640880118113e-01 2.945976679015787081e-01 -1.583407515576687030e-03 4.018484477162760271e+01 4.657737393263263435e-03 -9.734333639135813246e-03 9.999417724202410707e-01 -8.635496183312850738e-01 -1.629891797535845289e-17 7.301701956545277338e-18 -3.208083248439019325e-19 9.999999999999885647e-01
2.935444784614654190e-01 -9.558684837167454873e-01 -1.212769564983142735e-02 -5.915298835727270443e+01 9.559404311665307130e-01 2.935602957776089483e-01 4.947768132235621065e-04 4.087337965224726588e+01 3.087268359831019365e-03 -1.173859361014555243e-02 9.999263343837296869e-01 -8.642693786644947140e-01 -2.011269283180902909e-17 8.323300093956206760e-18 -3.269771173062043661e-19 9.999999999999873435e-01
2.929714057292285290e-01 -9.560631273429851529e-01 -1.053811938282424310e-02 -5.894418791519655798e+01 9.561208898119394339e-01 2.929445888197488301e-01 4.038805075521336059e-03 4.156931826140409925e+01 -7.742675616970251876e-04 -1.125897048168868556e-02 9.999363160188672328e-01 -8.659988663165728573e-01 -2.330610886403211291e-17 1.074602592718197478e-17 -3.240752411324341324e-19 9.999999999999862332e-01
2.924580252459365037e-01 -9.562568035131057131e-01 -6.420997124830502174e-03 -5.872623374252986395e+01 9.562742191220083843e-01 2.924304036653724848e-01 4.906817164334292651e-03 4.227054815422459200e+01 -2.814482515841460787e-03 -7.575272069652262338e-03 9.999673464374640997e-01 -8.719240586301419960e-01 -2.644506071801083814e-17 1.478083020134359576e-17 -3.154977137372574617e-19 9.999999999999851230e-01
2.918854604973279976e-01 -9.564513860137768830e-01 -1.903718076904473231e-03 -5.850620480283364344e+01 9.564524227707066339e-01 2.918819547849638152e-01 1.920272620665593134e-03 4.297223651779574993e+01 -1.280986455913708279e-03 -2.381315425086993551e-03 9.999963441985609824e-01 -8.770957649547923562e-01 -2.907889535489329670e-17 2.062376089448789580e-17 -3.547777749195654317e-19 9.999999999999839018e-01
2.916416094275689486e-01 -9.565276094948531593e-01 3.223732051482435922e-04 -5.828279003897099386e+01 9.565237884362138843e-01 2.916394519089147153e-01 -2.944867719517253388e-03 4.368814933835849956e+01 2.722830535168993191e-03 1.167203600754391233e-03 9.999956119051562897e-01 -8.775640576754957234e-01 -3.177442155644548809e-17 2.567514656015973697e-17 -4.341913140893178086e-19 9.999999999999826805e-01
2.914221055702420071e-01 -9.565887161060352417e-01 -3.344339028153685972e-03 -5.806726728971776907e+01 9.565741119191280006e-01 2.914369547788027703e-01 -5.519945232996943847e-03 4.440973467011564679e+01 6.254981305521647647e-03 -1.590474073375426102e-03 9.999791725836204570e-01 -8.774771421480528355e-01 -3.430931079404930909e-17 3.099995543274375075e-17 -5.256407839770679741e-19 9.999999999999817923e-01
2.909724759896898383e-01 -9.566821050565965656e-01 -9.714323487860212700e-03 -5.784940062947755735e+01 9.566818288342174847e-01 2.910457787278803443e-01 -7.227244501584805664e-03 4.514859650676995528e+01 9.741488327874499656e-03 -7.190587533039102461e-03 9.999266967413240614e-01 -8.790067469510146614e-01 -3.644935811277312840e-17 4.010035112552364014e-17 -5.882273007803978660e-19 9.999999999999811262e-01
2.904000096271109888e-01 -9.568672293487676672e-01 -8.540480484251020826e-03 -5.762360554860648421e+01 9.568538058429154614e-01 2.904654322786687226e-01 -7.786327445118822015e-03 4.588442913955896785e+01 9.931195924939522843e-03 -5.910841690054822323e-03 9.999332144188131100e-01 -8.794586286881129755e-01 -3.800045028817165933e-17 4.797857681322940791e-17 -6.059253161753856332e-19 9.999999999999802380e-01
2.898604281018627993e-01 -9.570615183926930447e-01 -3.765930481324033380e-03 -5.738977946727447232e+01 9.570325740249866486e-01 2.898814699488161950e-01 -7.575330713045320616e-03 4.662471264365798618e+01 8.341730978206044270e-03 -1.408329538638240395e-03 9.999642154257913917e-01 -8.808403513466386281e-01 -4.011176869711683767e-17 5.368604393648578797e-17 -6.245563939735620727e-19 9.999999999999793499e-01
2.901145713249603797e-01 -9.569842643742685340e-01 -3.827955705713953927e-03 -5.716020374128963510e+01 9.569797033228069072e-01 2.901287583983050422e-01 -3.892425778612824093e-03 4.738932540006829441e+01 4.835590256480250086e-03 -2.534026479404097136e-03 9.999850977772566374e-01 -8.766181494160333321e-01 -4.112570747048061392e-17 6.019997863041455481e-17 -6.898248046568727476e-19 9.999999999999783507e-01
2.914327031993436123e-01 -9.565749124116766922e-01 -5.605037950348170164e-03 -5.692872919119005815e+01 9.565912955641392434e-01 2.914260365778753026e-01 1.989586747346013852e-03 4.816031669076927813e+01 -2.697347738393171047e-04 -5.941561158631484402e-03 9.999823123906050881e-01 -8.751010657084480338e-01 -4.322161466159497430e-17 6.712944362326741967e-17 -7.521906182266576746e-19 9.999999999999771294e-01
2.912066919015363076e-01 -9.566288943184886318e-01 -7.734413142342789343e-03 -5.669366043276050959e+01 9.566471433751878584e-01 2.911510366749980316e-01 7.570793562173308913e-03 4.894458390559790928e+01 -4.990557470029902652e-03 -9.603769986608346951e-03 9.999414292537787130e-01 -8.813203765923492972e-01 -4.575561238135034427e-17 7.325578454020491570e-17 -8.094854249248519815e-19 9.999999999999759082e-01
2.908761849838029101e-01 -9.567544306431386980e-01 -3.464744420121811976e-03 -5.644916874390774808e+01 9.567281390238855376e-01 2.908344990894666804e-01 9.303877646796391079e-03 4.973192615685874074e+01 -7.893858952835564047e-03 -6.021094916705056754e-03 9.999507154888878091e-01 -8.978891760403538980e-01 -4.839713772384792750e-17 8.152172792784416094e-17 -8.520444757797607946e-19 9.999999999999744649e-01
2.904108250633473665e-01 -9.568982552252593976e-01 2.698487128566583876e-03 -5.620463980790835734e+01 9.568654728374876850e-01 2.904232265678210467e-01 7.925677347878933021e-03 5.051315860093362176e+01 -8.367770164394385327e-03 2.803866644463480213e-04 9.999649502886043262e-01 -9.082066633899749108e-01 -5.129475847946640534e-17 9.018929121325338892e-17 -9.234517793760856026e-19 9.999999999999731326e-01
2.895235569868225278e-01 -9.571695561359181426e-01 1.597108690599081688e-03 -5.596701619942653139e+01 9.571500759252297152e-01 2.895278619728814951e-01 6.111407181307477836e-03 5.130402094481180342e+01 -6.312060363625728032e-03 -2.407236408508280035e-04 9.999800497739874672e-01 -9.107962135196351339e-01 -5.465702578328461676e-17 9.848245777832500590e-17 -1.053088147477444435e-18 9.999999999999716893e-01
2.901531886447090702e-01 -9.569583160520959142e-01 -6.473674223063469180e-03 -5.573848542916108784e+01 9.569742793786120139e-01 2.901209302693349978e-01 5.484015630909836597e-03 5.211206383361365369e+01 -3.369825975502995126e-03 -7.786344346425192950e-03 9.999640079095351020e-01 -9.201236052590030523e-01 -5.877369573044988864e-17 1.079645585607169680e-16 -1.173505131735775658e-18 9.999999999999703570e-01
2.894542549055724723e-01 -9.571534572986463152e-01 -8.572834899181855373e-03 -5.549507561141263068e+01 9.571909346058418144e-01 2.894547436535527263e-01 1.210819908885577391e-03 5.291206442432419976e+01 1.322507266171722793e-03 -8.556316823911652020e-03 9.999625195060172222e-01 -9.305304317253058066e-01 -6.374755854244631643e-17 1.180494650963340795e-16 -1.211523374121045455e-18 9.999999999999692468e-01
2.886629477497725249e-01 -9.573989793888099120e-01 -7.803644121591769844e-03 -5.524702415513453957e+01 9.574140208354056103e-01 2.886965344400231337e-01 -3.564226438574132939e-03 5.371351420715635783e+01 5.665271768509594873e-03 -6.442458185405844188e-03 9.999631990369425294e-01 -9.317630465120266825e-01 -6.781813997748894214e-17 1.274122064209832649e-16 -1.227344804690816676e-18 9.999999999999679146e-01
2.887532918106775481e-01 -9.573537370511475686e-01 -9.765173966682819118e-03 -5.500355780951728946e+01 9.573771069506721298e-01 2.888060905270669609e-01 -4.485215851950982713e-03 5.452531490749876752e+01 7.114179873982154866e-03 -8.053833159350780660e-03 9.999422604410891369e-01 -9.279407736893758862e-01 -7.250477738299993206e-17 1.381246008156145550e-16 -1.213416899409402589e-18 9.999999999999668043e-01
2.890648967928881041e-01 -9.571859911718334502e-01 -1.537737774825415418e-02 -5.476867387647170204e+01 9.572937694570706757e-01 2.891149463580634515e-01 -1.089381042042382756e-03 5.535324561424682344e+01 5.488570015306558879e-03 -1.440576609049529742e-02 9.998811676906419477e-01 -9.265331264185694415e-01 -7.774894891984432721e-17 1.469144161874908084e-16 -1.179737801474642232e-18 9.999999999999656941e-01
2.891036631237279275e-01 -9.572172930152607062e-01 -1.241474610614730877e-02 -5.451947815658765961e+01 9.572977887663161045e-01 2.890776569453582523e-01 3.879675000997225703e-03 5.617973775134422709e+01 -1.248662862965903102e-04 -1.300623725001752960e-02 9.999154075224919724e-01 -9.279603618298868373e-01 -8.232225925390971498e-17 1.590246616766883234e-16 -1.038714891797742928e-18 9.999999999999646949e-01
2.881760408787113481e-01 -9.575591353325489941e-01 -5.922145266315437771e-03 -5.426370315682828505e+01 9.575614259418104846e-01 2.881299317966022344e-01 7.566898386026896066e-03 5.700685995360588265e+01 -5.539405364000543966e-03 -7.851416684453702000e-03 9.999538340564132488e-01 -9.350666063538651818e-01 -8.792958888239080927e-17 1.735746889666209306e-16 -8.713603587451086383e-19 9.999999999999639178e-01
2.877095749741812591e-01 -9.576756128692135439e-01 -8.978918846725901862e-03 -5.401477465630564723e+01 9.576842799044482657e-01 2.876085633237938644e-01 1.105144002993712141e-02 5.784731026393232867e+01 -8.001280654050377597e-03 -1.177857454390217849e-02 9.998986172054969979e-01 -9.445034090488967360e-01 -9.398353947461584340e-17 1.909295933008618488e-16 -7.843874672614141221e-19 9.999999999999632516e-01
2.882123527135156404e-01 -9.575149020897020247e-01 -9.942435284878608018e-03 -5.376671913996314345e+01 9.575370471382462778e-01 2.881064833239175837e-01 1.083778688235821804e-02 5.867684210234237696e+01 -7.512862379928925485e-03 -1.264383417960688281e-02 9.998918393286100326e-01 -9.614931295005655354e-01 -1.013972070126234320e-16 2.074970773383818291e-16 -6.675629381715907463e-19 9.999999999999624745e-01
2.863811114901646526e-01 -9.580983605010123805e-01 -5.778458863555710652e-03 -5.351337115413679157e+01 9.581120073995965658e-01 2.863578360770530629e-01 4.535525768604866705e-03 5.950690174248030928e+01 -2.690772826882196957e-03 -6.835299732231655927e-03 9.999730188455154822e-01 -9.572051633035533191e-01 -1.087269258436797421e-16 2.247080202831640067e-16 -5.075341452655401539e-19 9.999999999999616973e-01
2.859598194303102359e-01 -9.582284844706068228e-01 -5.015298640943589500e-03 -5.326184393349053181e+01 9.582391010445805435e-01 2.859671293361651379e-01 -7.913081085937325376e-04 6.034640909860775793e+01 2.192464524762233104e-03 -4.579572937309618445e-03 9.999871102223597541e-01 -9.607582374833222305e-01 -1.151427075255526977e-16 2.432346371559781669e-16 -4.306282446215855147e-19 9.999999999999608091e-01
2.858701438034683129e-01 -9.582379955196295152e-01 -7.629208623362720987e-03 -5.301475869789694428e+01 9.582607813656286444e-01 2.858904968093199939e-01 -1.702565908048005996e-03 6.119432698354938793e+01 3.812581586564415745e-03 -6.824058655645193552e-03 9.999694477557571348e-01 -9.678853860673447551e-01 -1.213012874041730809e-16 2.628791130858762520e-16 -3.947274589444286448e-19 9.999999999999596989e-01
2.851436017959283475e-01 -9.584657992976761687e-01 -6.036383969344851982e-03 -5.275857788209583532e+01 9.584846273212397350e-01 2.851417557266585634e-01 1.182510042015873317e-03 6.203719758232161752e+01 5.878296906619024514e-04 -6.122966411754246670e-03 9.999810816902571231e-01 -9.711161707643946039e-01 -1.277848489049123555e-16 2.852507599206133889e-16 -2.864578732556535031e-19 9.999999999999585887e-01
2.843675519610129321e-01 -9.587130329349263791e-01 -2.101397709000721054e-03 -5.250222810688195096e+01 9.587089606751758586e-01 2.843569843579195622e-01 4.270148476458606596e-03 6.289029974516390098e+01 -3.496299881479593332e-03 -3.228920482310220982e-03 9.999886749156193799e-01 -9.695151785867115457e-01 -1.350575685946569815e-16 3.066743700439234436e-16 -1.924451917218135767e-19 9.999999999999571454e-01
2.836776538179425211e-01 -9.589196984565229176e-01 -2.522532839452433542e-05 -5.225448853671498028e+01 9.588995605893936292e-01 2.836715257419983871e-01 6.488311389861594475e-03 6.374409285145201665e+01 -6.214613894065018108e-03 -1.864777508617584652e-03 9.999789503678699898e-01 -9.655219639296653833e-01 -1.412600958073699333e-16 3.279209498943421775e-16 -1.854963573251307491e-19 9.999999999999558131e-01
2.834585035250100638e-01 -9.589685350370199535e-01 -5.534039052532493258e-03 -5.201365324195055706e+01 9.589784515992574310e-01 2.834314946591037776e-01 5.188179219529320298e-03 6.459626723691552286e+01 -3.406779665499735151e-03 -6.777657719262914285e-03 9.999712281900837718e-01 -9.648780643896871512e-01 -1.465720560913221404e-16 3.460100983518420394e-16 -2.243547632438445845e-19 9.999999999999545919e-01
2.835039992229553274e-01 -9.589623578854404862e-01 -4.083942128712231105e-03 -5.176143824768107038e+01 9.589706247685031437e-01 2.835053308202714617e-01 2.612041559985894953e-04 6.544499954474022729e+01 9.073344109269972741e-04 -3.990432957517090276e-03 9.999916265593972176e-01 -9.743322507485802086e-01 -1.519360729404588366e-16 3.660061617019622819e-16 -1.500486338935078941e-19 9.999999999999533706e-01
2.830457217688372995e-01 -9.591025186010803116e-01 -2.734630020316596109e-03 -5.150846113779518731e+01 9.590968727657767090e-01 2.830544745564027020e-01 -3.654187258645847074e-03 6.629762859256962315e+01 4.278789466716220215e-03 -1.588473030543529696e-03 9.999895843027361009e-01 -9.869110462955169583e-01 -1.582979512866308327e-16 3.877566144213500964e-16 -9.634475580166366862e-20 9.999999999999523714e-01
2.835453292211296827e-01 -9.589460220857005668e-01 -4.957116381609043970e-03 -5.125882601389131565e+01 9.589569177698654689e-01 2.835513094538896217e-01 -5.336368784885252899e-04 6.715502863820613300e+01 1.917325802987289397e-03 -4.602350801926983863e-03 9.999875710371040061e-01 -9.914409460593688328e-01 -1.647654414459289842e-16 4.131703432589783650e-16 -6.168236653505558121e-20 9.999999999999513722e-01
2.838960683665259221e-01 -9.588432764678046505e-01 -4.753266081939812489e-03 -5.101117332892135181e+01 9.588462152307880570e-01 2.838686721234361943e-01 5.701975489606764605e-03 6.801783703358633204e+01 -4.117997529862904398e-03 -6.176419616062396242e-03 9.999724465888519820e-01 -9.832948756968977744e-01 -1.724583024339092885e-16 4.431168958728471856e-16 5.392792638543082941e-20 9.999999999999504841e-01
2.832089064118136212e-01 -9.590519014843561507e-01 -3.487920325957547234e-03 -5.075726447108573325e+01 9.590244349968536364e-01 2.831665128013199362e-01 9.426510856059062970e-03 6.887584457364501134e+01 -8.052850925235412877e-03 -6.014672650726663947e-03 9.999494863765384656e-01 -9.792790016838651690e-01 -1.785729384110430588e-16 4.704777854425954491e-16 1.649047890746240847e-19 9.999999999999494849e-01
2.832289802694483716e-01 -9.590448207365589450e-01 -3.791642631862335040e-03 -5.050922087886034006e+01 9.590111018560514289e-01 2.831779434882388813e-01 1.039032427924937822e-02 6.972384140231650917e+01 -8.891077122853547482e-03 -6.579068328494830711e-03 9.999388304328146182e-01 -9.860717185993082001e-01 -1.842372085704914930e-16 4.982037705519174618e-16 2.623968447165123389e-19 9.999999999999483746e-01
2.835812972411531074e-01 -9.589374139847768319e-01 -4.547957250743438207e-03 -5.025521550626449141e+01 9.588933341974877900e-01 2.835111519699742288e-01 1.204160870889769280e-02 7.058830531389261864e+01 -1.025775251625758895e-02 -7.775780910480007725e-03 9.999171544404897860e-01 -1.004071979257666447e+00 -1.899484268948267590e-16 5.257881795791881087e-16 3.673370088618322059e-19 9.999999999999470424e-01
2.836577416897747006e-01 -9.588993741358894374e-01 -7.090547313169564929e-03 -5.001125498280025283e+01 9.588766754440315454e-01 2.835608344546948767e-01 1.219731334245907281e-02 7.144608781922106289e+01 -9.685394617359236596e-03 -1.025882279212264429e-02 9.999004698897996368e-01 -1.017830052286406772e+00 -1.951220516131360238e-16 5.558817536470260930e-16 5.168203352171771581e-19 9.999999999999458211e-01
2.837873164000395687e-01 -9.588387552147947801e-01 -9.643679202128432534e-03 -4.976538756193561142e+01 9.588693048222287629e-01 2.837061236551541299e-01 8.971715015485208500e-03 7.229269126087014286e+01 -5.866457213377908493e-03 -1.179308690021160441e-02 9.999132501276996043e-01 -1.027593058762475309e+00 -1.998088746615652039e-16 5.866191125488317885e-16 7.536522083538080666e-19 9.999999999999445999e-01
2.838608405761697817e-01 -9.588167234947259088e-01 -9.670260295313643298e-03 -4.951425865568317164e+01 9.588625400992470960e-01 2.838705377185614664e-01 3.834185861408720658e-04 7.313031695138636223e+01 2.377473837422252809e-03 -9.381287872327816191e-03 9.999531684313103241e-01 -1.023271696074252946e+00 -2.040654344952883847e-16 6.145381997014671783e-16 1.041998728679386746e-18 9.999999999999430456e-01
2.835587755647932529e-01 -9.589117806720010018e-01 -9.089427297792876045e-03 -4.926194593831235835e+01 9.589147188717543902e-01 2.836208925200589537e-01 -6.461521279749605877e-03 7.397457514955932822e+01 8.773980358915868180e-03 -6.883764559584958781e-03 9.999378135934018363e-01 -1.020366304982177175e+00 -2.078590074278895053e-16 6.414933496207274952e-16 1.284796268997725988e-18 9.999999999999416023e-01
2.836437450868246057e-01 -9.588829961935529944e-01 -9.467073674200214214e-03 -4.900843343569179922e+01 9.588945601859746315e-01 2.837040722830208028e-01 -5.763836898884032792e-03 7.483119509646603262e+01 8.212692549151945007e-03 -7.443049162989567348e-03 9.999385744634762263e-01 -1.018320733199963302e+00 -2.112684249123998483e-16 6.700723748082711300e-16 1.490767594134747814e-18 9.999999999999406031e-01
2.838278970332451245e-01 -9.588414593781353634e-01 -8.048642323659913056e-03 -4.875754271692070319e+01 9.588729998080207650e-01 2.838353771853338592e-01 2.211272191894471091e-04 7.568696474325851398e+01 2.072463484214272494e-03 -7.780387882856757906e-03 9.999675847042706067e-01 -1.011417651061752965e+00 -2.144249115020082176e-16 6.985274387210620188e-16 1.707484133391166617e-18 9.999999999999396039e-01
2.835480517676909340e-01 -9.589308860278673574e-01 -7.215134130396402661e-03 -4.850691771906121375e+01 9.589444357813153852e-01 2.834959450339584741e-01 7.457763295945247541e-03 7.654507127645997855e+01 -5.106018296320148468e-03 -9.033546980856716965e-03 9.999461603535917398e-01 -1.008525432406860212e+00 -2.182112575942288634e-16 7.259619151182666356e-16 1.929102403312816660e-18 9.999999999999386047e-01
2.833882413076386220e-01 -9.589797101559893733e-01 -7.001442541666424470e-03 -4.825612550444639481e+01 9.589589558503823774e-01 2.832952548997276221e-01 1.189619879055586055e-02 7.740126411827471031e+01 -9.424737818615374144e-03 -1.008533888269157706e-02 9.999047255896211794e-01 -1.014100557098776001e+00 -2.219534078608705745e-16 7.517677896540195006e-16 2.138826047009512247e-18 9.999999999999376055e-01
2.832691931868233093e-01 -9.590150508796908557e-01 -6.978278976889111355e-03 -4.800546584927916882e+01 9.589949306057720113e-01 2.831773685802114193e-01 1.180258431196247980e-02 7.825311555660745455e+01 -9.342765316551468469e-03 -1.003544269874556520e-02 9.999059968946378829e-01 -1.024040932236788937e+00 -2.273744886100334107e-16 7.799551775241020054e-16 2.397178729432823693e-18 9.999999999999363842e-01
2.839415523935782115e-01 -9.587870502488765601e-01 -1.022678343154994653e-02 -4.775943325366529280e+01 9.588221313676803526e-01 2.838516897344297019e-01 9.398863467072554601e-03 7.910257569920038634e+01 -6.108618821689090587e-03 -1.247439417043756833e-02 9.999035324799827595e-01 -1.034131975581106699e+00 -2.332711735856852804e-16 8.115120434046768029e-16 2.703889591480260689e-18 9.999999999999353850e-01
2.842499568299092227e-01 -9.586658843124115092e-01 -1.271551405459955646e-02 -4.751059210739094141e+01 9.587431006357339802e-01 2.841717805806023289e-01 7.620111879427989357e-03 7.995155720214783912e+01 -3.691751023553577551e-03 -1.435692784363801905e-02 9.998901187615792940e-01 -1.041189588019275636e+00 -2.380052005264909179e-16 8.442205929742699127e-16 3.093619770016643889e-18 9.999999999999342748e-01
2.835342584583694925e-01 -9.588791433325715152e-01 -1.261399073392308057e-02 -4.725782161142679172e+01 9.589575384595959706e-01 2.834677712942286765e-01 6.816309046942843272e-03 8.080781904042895292e+01 -2.960356739146405899e-03 -1.402893863539057123e-02 9.998972073010861106e-01 -1.044845451181775298e+00 -2.420386413964094607e-16 8.772950130550327584e-16 3.586584672464916956e-18 9.999999999999331646e-01
2.826134457983941473e-01 -9.591541308988497105e-01 -1.236905144351348879e-02 -4.700537118020177729e+01 9.592239967114323251e-01 2.825284964877034510e-01 8.183691427138735722e-03 8.166360078105097386e+01 -4.354811931021613201e-03 -1.417751219473818020e-02 9.998900108315816881e-01 -1.048966067667301383e+00 -2.469423333648730270e-16 9.094779925304120726e-16 4.047171067526118919e-18 9.999999999999319433e-01
2.824542189051172936e-01 -9.591846539867509014e-01 -1.357990349750816915e-02 -4.675735819117107184e+01 9.592478671409808699e-01 2.822989599875058153e-01 1.228114715674826808e-02 8.251979281639744102e+01 -7.946295252023899067e-03 -1.649535529337029655e-02 9.998323657720216140e-01 -1.050388007240841359e+00 -2.515643696542789389e-16 9.410714468654387707e-16 4.506935020852640670e-18 9.999999999999309441e-01
2.821846387815443169e-01 -9.592704860183915994e-01 -1.311351553766264277e-02 -4.650760754091461990e+01 9.593126449868151218e-01 2.820083375037837348e-01 1.380386709551101494e-02 8.337446964246495895e+01 -9.543521582032895093e-03 -1.647520052563304291e-02 9.998187280518480158e-01 -1.056465218856033950e+00 -2.556777540037094561e-16 9.719477912095676737e-16 4.984833506617741485e-18 9.999999999999299449e-01
2.812801093396671837e-01 -9.595508198970903457e-01 -1.198849968426138682e-02 -4.625394246600783532e+01 9.595846962649762224e-01 2.811306391773387148e-01 1.275830748317829423e-02 8.422467724130575562e+01 -8.871909826963689238e-03 -1.509263895203928792e-02 9.998467389881534606e-01 -1.062079545583601181e+00 -2.616671053276594400e-16 1.002969152704389483e-15 5.485410328204976258e-18 9.999999999999286127e-01
2.806198162413204300e-01 -9.597213632808127004e-01 -1.369027374100612558e-02 -4.601249389473447593e+01 9.597906558873892102e-01 2.804733612169564294e-01 1.168719465750186343e-02 8.507787552160421285e+01 -7.376693297499336069e-03 -1.641945523031015930e-02 9.998379798175756061e-01 -1.077428055099446835e+00 -2.667286654488454282e-16 1.031707635829466719e-15 5.974931140316880886e-18 9.999999999999271694e-01
2.798692282361929240e-01 -9.599452549875829854e-01 -1.335374529129956973e-02 -4.576633714286443677e+01 9.600138044329471487e-01 2.797360392554154584e-01 1.101106897258173623e-02 8.593525455385241685e+01 -6.834499595550005101e-03 -1.590143919592838101e-02 9.998502057041002145e-01 -1.090771887811636365e+00 -2.712191478205789247e-16 1.060075167435492421e-15 6.472023918467705376e-18 9.999999999999257261e-01
2.784292057772734807e-01 -9.604129466726816222e-01 -9.173289145124314745e-03 -4.551282445023021950e+01 9.604409549191347262e-01 2.783571433023095398e-01 8.394813079955435603e-03 8.677773534206119166e+01 -5.509036605755640234e-03 -1.114776372478072132e-02 9.999226859509521281e-01 -1.093123304785954319e+00 -2.736968475170433555e-16 1.087837727039385259e-15 6.984509456327830663e-18 9.999999999999240607e-01
2.771467959034291106e-01 -9.607228169406225593e-01 -1.418881708070140156e-02 -4.527262130867034529e+01 9.608270058263680413e-01 2.771001535886273848e-01 5.193241371858060319e-03 8.762550885812605372e+01 -1.057542087511557536e-03 -1.507228883842005179e-02 9.998858473414132808e-01 -1.094791496195983260e+00 -2.761648016777305474e-16 1.114349937579465770e-15 7.402666771401171163e-18 9.999999999999226175e-01
2.764339631257600738e-01 -9.607879611004721543e-01 -2.169695450979384349e-02 -4.504110873890355293e+01 9.610241492143587472e-01 2.764574114824417950e-01 1.970853444077787838e-03 8.847845613679163534e+01 4.104711618677189811e-03 -2.139610807659254182e-02 9.997626507834006526e-01 -1.104567925452749622e+00 -2.797774607206610659e-16 1.140928587923456827e-15 7.945101260083173067e-18 9.999999999999208411e-01
2.750850677835907643e-01 -9.611457874496190934e-01 -2.295606129916662186e-02 -4.480531485261136737e+01 9.614055860171148993e-01 2.751327977818596171e-01 1.114791401294312626e-03 8.932726048758060244e+01 5.244488312063701543e-03 -2.237674803414868574e-02 9.997358533580298356e-01 -1.106544523279589631e+00 -2.845394869172916502e-16 1.173546074412032016e-15 8.783058714437212468e-18 9.999999999999191758e-01
2.738304083638118391e-01 -9.615398500143064187e-01 -2.140150204543380189e-02 -4.456533034749089950e+01 9.617752263976681038e-01 2.738151896319961365e-01 3.695377459062097053e-03 9.018142886604562136e+01 2.306803653258236633e-03 -2.159534119365932522e-02 9.997641321308641249e-01 -1.094907179077332815e+00 -2.881209214067882424e-16 1.203675833193564958e-15 9.589296154175791056e-18 9.999999999999176215e-01
2.733028850572802870e-01 -9.617484186049575223e-01 -1.858796197175383719e-02 -4.432696665396871083e+01 9.619262167102723415e-01 2.732138291603451452e-01 7.221991488690171317e-03 9.103551298598692654e+01 -1.867250626825792646e-03 -1.985403904554990800e-02 9.998011454826494226e-01 -1.085475065629307956e+00 -2.886691321712394797e-16 1.233939875533617576e-15 1.039843928177870669e-17 9.999999999999164002e-01
2.721835069871085255e-01 -9.620467544577520069e-01 -1.954944402130984887e-02 -4.409487637886549294e+01 9.622361297429755655e-01 2.720357155960528850e-01 9.909594212859102608e-03 9.189225556857977040e+01 -4.215345956621692133e-03 -2.150840945935523704e-02 9.997597807377210932e-01 -1.089294791391117734e+00 -2.889302351784673556e-16 1.264922481072575124e-15 1.115723492975700938e-17 9.999999999999152900e-01
2.712918820823461141e-01 -9.623352081725177198e-01 -1.765394652243630277e-02 -4.386422320751882609e+01 9.624829801229430881e-01 2.711428207516439204e-01 1.039633245725638845e-02 9.274265422125269254e+01 -5.218015901981498499e-03 -1.981206365891622842e-02 9.997901051937650996e-01 -1.097769667536862892e+00 -2.904400400974188341e-16 1.299910437815199605e-15 1.209099424905029462e-17 9.999999999999142908e-01
2.698184613047519553e-01 -9.628061750896113047e-01 -1.422206554948781190e-02 -4.362841419870356674e+01 9.628895853535337501e-01 2.696839859173085219e-01 1.068616664271886812e-02 9.359664926721814027e+01 -6.453243906272029644e-03 -1.657760384058926117e-02 9.998417568264116317e-01 -1.110194214735443330e+00 -2.918998855404993311e-16 1.337865349796147923e-15 1.301447430891130215e-17 9.999999999999134026e-01
2.689061852460259971e-01 -9.630611648831532978e-01 -1.423573778849538882e-02 -4.340184388258001746e+01 9.631294946963699921e-01 2.687371780892590656e-01 1.272421151198418164e-02 9.444890425600550543e+01 -8.428521959640961764e-03 -1.713247812080219423e-02 9.998177024891823361e-01 -1.115479339938213688e+00 -2.948208821530591860e-16 1.374437669187248177e-15 1.389746795447144331e-17 9.999999999999124034e-01
2.685167330485985215e-01 -9.630870007556217027e-01 -1.903137011627268477e-02 -4.318310366053417226e+01 9.632386415841273086e-01 2.682824806077354074e-01 1.399392576053075550e-02 9.529914608568914502e+01 -8.371584805337121266e-03 -2.208935432601310742e-02 9.997209495619439057e-01 -1.113802789150269090e+00 -2.972968200950007929e-16 1.411445759529164881e-15 1.475042641442392052e-17 9.999999999999115152e-01
2.682808451311292086e-01 -9.630484920328719056e-01 -2.372741302791934667e-02 -4.296526825933305105e+01 9.633129927463626174e-01 2.680047780848119898e-01 1.419566588167304327e-02 9.615085275440868884e+01 -7.312054557661194255e-03 -2.666535049397616985e-02 9.996176733836311668e-01 -1.118417948755773050e+00 -2.983257517067316142e-16 1.452801556092446113e-15 1.586876949670751503e-17 9.999999999999106270e-01
2.687556541807794575e-01 -9.628493185871362936e-01 -2.629806156760605348e-02 -4.273897511589916576e+01 9.631948967673842343e-01 2.685071994336434287e-01 1.262832901208615563e-02 9.699984935906769579e+01 -5.097959122116746400e-03 -2.872409352163410312e-02 9.995743780549155577e-01 -1.127800271036460078e+00 -2.985135069328782836e-16 1.491792606526946042e-15 1.721659973743849582e-17 9.999999999999096278e-01
2.702644612082495956e-01 -9.623864949453987405e-01 -2.773725571494230907e-02 -4.250566279106010370e+01 9.627741227473803898e-01 2.700050667292174245e-01 1.277703050913552192e-02 9.784483089028695701e+01 -4.807242027285382052e-03 -3.015788930475443025e-02 9.995335872978413638e-01 -1.141350009671420196e+00 -2.975034913453875963e-16 1.529915898157565626e-15 1.859422602563159962e-17 9.999999999999084066e-01
2.713563577396673754e-01 -9.620995090330537458e-01 -2.702335716923858627e-02 -4.226620208816329693e+01 9.624479696480299218e-01 2.710153816949376071e-01 1.563868936968906831e-02 9.869651372724567295e+01 -7.722229906584978688e-03 -3.025223302777579892e-02 9.995124659361769304e-01 -1.153125625993357994e+00 -2.968023634063228655e-16 1.565086569855933669e-15 1.990056152945797343e-17 9.999999999999069633e-01
