1 0 0 0 0 1 0 0 0 0 1 0
0.99994044 -0.0026269899 0.010592958 0.0080739073 0.0026151951 0.99999595 0.0011271658 -0.0052817516 -0.010595877 -0.001099396 0.99994326 0.28836274
0.99983825 -0.0041668612 0.017496225 0.010727287 0.0041430671 0.99999044 0.0013959984 -0.010066576 -0.017501876 -0.0013232845 0.99984595 0.58425762
0.9997692 -0.0074550474 0.020148672 0.021795542 0.0074570913 0.9999722 -2.6285487e-05 -0.0167569 -0.020147918 0.00017652993 0.99979699 0.89429779
0.99979912 -0.0086936369 0.018059094 0.02379505 0.0087175797 0.99996122 -0.0012474684 -0.022236428 -0.01804755 0.0014046494 0.99983614 1.1941068
0.9998684 -0.011474626 0.011467807 0.027023101 0.011514583 0.99992784 -0.0034242549 -0.018879583 -0.011427688 0.0035558513 0.99992838 1.5143185
0.99992319 -0.01238956 0.00034838728 0.0045094847 0.012390937 0.99991409 -0.004274101 -0.032320617 -0.00029540315 0.0042780896 0.99999081 1.8513925
0.99978881 -0.011788168 -0.01683365 -0.0032615387 0.011708055 0.9999197 -0.0048498001 -0.036850787 0.01688947 0.0046516867 0.99984654 2.1505072
0.99933575 -0.0079455708 -0.035565919 -0.05453259 0.0077598238 0.99995554 -0.0053576197 -0.043531812 0.03560691 0.0050780757 0.99935297 2.5124574
0.99842547 -0.0037041014 -0.05597201 -0.07967353 0.0033530357 0.99997412 -0.00636478 -0.048351321 0.055994142 0.0061670824 0.99841205 2.8347982
0.99719239 -0.0036198621 -0.074794651 -0.13561893 0.0031389516 0.99997365 -0.0065463014 -0.053286294 0.074816383 0.0062931452 0.99717747 3.2070427
0.99532351 -0.0042198653 -0.09650544 -0.1883648 0.0036483408 0.99997475 -0.0060978903 -0.055925717 0.096528744 0.0057172889 0.99531378 3.5936653
0.99335894 -0.0058762122 -0.11490643 -0.23993406 0.0052832054 0.99997111 -0.0054646504 -0.069691732 0.11493524 0.004821285 0.99336129 3.9876705
0.99116063 -0.0047896718 -0.13258079 -0.31559873 0.0041998878 0.99998 -0.00472778 -0.074189158 0.1326008 0.004129165 0.99116093 4.3775349
0.98886944 -0.0036190484 -0.14874181 -0.39102884 0.0030420214 0.99998694 -0.0041067093 -0.083517265 0.14875474 0.0036085235 0.98886754 4.7850012
0.9868851 -0.0029714193 -0.16139691 -0.4793619 0.0023243386 0.99998849 -0.0041979121 -0.093882216 0.16140754 0.0037677158 0.98688065 5.2181439
0.98474782 -0.0042977074 -0.17393462 -0.56722579 0.0034902629 0.99998167 -0.0049478366 -0.097872522 0.17395271 0.0042652938 0.98474477 5.6473401
0.98279461 -0.0073254713 -0.18455648 -0.65556258 0.0061650905 0.99995746 -0.0068604606 -0.11123747 0.1845989 0.0056046163 0.98279796 6.0765127
0.98143092 -0.0065112902 -0.19170536 -0.75734568 0.0049371606 0.99995007 -0.0086877245 -0.11591471 0.19175238 0.0075799213 0.98141407 6.55195
0.97977518 -0.0068960434 -0.19998259 -0.86592117 0.0048725935 0.99993186 -0.010608561 -0.12379021 0.20004213 0.0094195712 0.97974202 7.0094131
0.97816434 -0.0072870823 -0.20770514 -0.97671662 0.0046565293 0.99990268 -0.013150963 -0.1320868 0.20778077 0.011896618 0.97810307 7.4947345
0.9764348 -0.011137209 -0.21552503 -1.1001005 0.0080672161 0.99985316 -0.015118724 -0.14623047 0.21566178 0.013023762 0.97638127 7.9976911
0.97442862 -0.016484981 -0.22409172 -1.2126326 0.013178178 0.99978121 -0.016244157 -0.16121866 0.2243105 0.012875651 0.97443267 8.5107363
0.97270198 -0.017511616 -0.23139618 -1.3387429 0.013645278 0.99973945 -0.018298766 -0.18624723 0.23165635 0.014641781 0.97268749 9.0366025
0.97053579 -0.013813676 -0.24056072 -1.4899649 0.0086233868 0.99970705 -0.022615179 -0.18624637 0.24080267 0.019874393 0.97037059 9.5575942
0.96842192 -0.011407859 -0.24905591 -1.6449095 0.0050554315 0.99964575 -0.026130789 -0.20904081 0.2492658 0.024046544 0.96813653 10.091969
0.96601559 -0.013406005 -0.25813591 -1.8095741 0.006372045 0.99958575 -0.028066445 -0.22725023 0.25840526 0.02546777 0.96570084 10.653216
0.96385306 -0.015311792 -0.26599404 -1.9698869 0.0077110389 0.9995322 -0.029595856 -0.26010566 0.26632279 0.026474966 0.96352024 11.227234
0.96163315 -0.015250385 -0.2739144 -2.143058 0.0066751449 0.9994588 -0.032211125 -0.28094983 0.27425742 0.029146868 0.96121451 11.798558
0.95940518 -0.014828558 -0.28164126 -2.3328459 0.0049637903 0.99934997 -0.035707243 -0.30414453 0.28198769 0.032859707 0.95885514 12.398717
0.95736953 -0.01581567 -0.28843273 -2.5118072 0.0042499374 0.99916316 -0.040680799 -0.33563031 0.28883477 0.037720737 0.95663558 12.973861
0.95535801 -0.016988122 -0.29496181 -2.7177899 0.0028996705 0.99883661 -0.0481355 -0.37449287 0.29543641 0.045131344 0.95429581 13.584065
0.95386113 -0.017198547 -0.29975515 -2.930924 0.0003334097 0.99841815 -0.056223603 -0.41146047 0.30024797 0.053529569 0.952358 14.193696
0.95266665 -0.017474583 -0.30351423 -3.1231302 -0.0023539166 0.99789281 -0.064841302 -0.46154223 0.30400777 0.062486594 0.95061807 14.813122
0.95142554 -0.016820252 -0.30741912 -3.3521589 -0.0062559665 0.99724418 -0.073925081 -0.50613823 0.30781539 0.072257415 0.94869835 15.462197
0.95003882 -0.015378896 -0.31175266 -3.5882964 -0.010436746 0.99666183 -0.08097083 -0.56735116 0.31195724 0.080179116 0.94670692 16.106531
0.94844686 -0.014681994 -0.31659594 -3.8283225 -0.013753341 0.99607884 -0.08739447 -0.62784507 0.31663767 0.087243264 0.94452592 16.778146
0.94679621 -0.013002428 -0.32157093 -4.067959 -0.018052615 0.99546473 -0.093402734 -0.69766991 0.321327 0.094238553 0.94226751 17.443021
0.94520103 -0.010787179 -0.32631066 -4.3185152 -0.022723975 0.99485666 -0.098710899 -0.77167253 0.32569718 0.10071672 0.94009441 18.095585
0.94355071 -0.0083911354 -0.33112177 -4.5840202 -0.026875479 0.99444343 -0.10178396 -0.84770596 0.33013598 0.10493739 0.93808229 18.82076
0.94141272 -0.0078413463 -0.33716553 -4.8332327 -0.028624242 0.99426463 -0.10304611 -0.92403251 0.33603981 0.10666003 0.93578892 19.474789
0.93947236 -0.0067349191 -0.34255848 -5.1249271 -0.030050129 0.9943343 -0.10196222 -1.0081215 0.34130438 0.10608462 0.93394721 20.208766
0.93719821 -0.0070587731 -0.3487258 -5.407218 -0.03005822 0.99444135 -0.10091035 -1.0939308 0.34749969 0.10505508 0.93177648 20.939219
0.9345648 -0.0072041349 -0.35572 -5.6787282 -0.029970611 0.99464752 -0.098884095 -1.1823371 0.35452842 0.10307474 0.92934666 21.646371
0.93164376 -0.0064029066 -0.36331652 -5.9677166 -0.0304043 0.99496501 -0.095499765 -1.2638891 0.36209873 0.10001815 0.92675827 22.345207
0.92840802 -0.0027688662 -0.37155197 -6.2914894 -0.033294356 0.99532966 -0.090610957 -1.3534777 0.37006762 0.096494524 0.92397986 23.192909
0.92505238 -0.001947581 -0.37983457 -6.6142339 -0.032872528 0.99582452 -0.085164066 -1.4311164 0.37841447 0.091267345 0.92112582 23.90083
0.92126695 5.2759188e-05 -0.38893084 -6.9522016 -0.034142237 0.99615042 -0.080738148 -1.5030361 0.38742939 0.087660357 0.91772226 24.668937
0.9176783 0.0018867675 -0.39731972 -7.2920484 -0.03630555 0.99620351 -0.0791232 -1.5811531 0.39566205 0.087034556 0.91426284 25.376477
0.91336671 0.0037782092 -0.40712032 -7.6701159 -0.039011869 0.996168 -0.078277616 -1.6575033 0.40526453 0.087378695 0.91001409 26.149162
0.90987924 0.0050176105 -0.41484283 -7.9871774 -0.040638519 0.99619607 -0.077083695 -1.7307226 0.41287805 0.086995453 0.90662204 26.910247
0.90610242 0.0032831735 -0.42304564 -8.3806555 -0.038920939 0.99637604 -0.075630322 -1.7989491 0.42126427 0.084994152 0.90294652 27.71259
0.90223738 0.003716474 -0.43122369 -8.7722774 -0.039078632 0.99655324 -0.073174402 -1.8760513 0.42946546 0.082872314 0.89927283 28.483791
0.89841945 0.0052215117 -0.43910729 -9.1731516 -0.039594211 0.99681975 -0.069156904 -1.9524797 0.43734975 0.079518015 0.895769 29.254049
0.89493653 0.0064677371 -0.44614657 -9.5933244 -0.038837126 0.9972292 -0.063447632 -2.0142214 0.44450006 0.074108655 0.89270803 30.056578
0.89138523 0.0043614314 -0.45322547 -9.9947816 -0.034952056 0.9976375 -0.059141904 -2.0799107 0.45189682 0.068559383 0.88943178 30.858092
0.88726075 0.0056708136 -0.46123333 -10.435201 -0.036103788 0.99771057 -0.057185028 -2.1503367 0.45985313 0.067390302 0.88543417 31.68013
0.88398328 0.0055963891 -0.46748499 -10.875178 -0.036063563 0.99776522 -0.056249297 -2.2089447 0.46612551 0.066582613 0.8822096 32.489216
0.88073125 0.005563477 -0.47358366 -11.32705 -0.035430789 0.99790303 -0.054168232 -2.2612844 0.47228925 0.064487099 0.87908151 33.303465
0.87860407 0.0030874483 -0.47754093 -11.825432 -0.032298719 0.99807353 -0.052971969 -2.326918 0.47645745 0.061965349 0.87701118 34.144774
0.87516492 0.0026033615 -0.4838177 -12.257882 -0.032078028 0.99809744 -0.052654448 -2.3865949 0.48276017 0.061601245 0.87358338 34.977157
0.87279183 0.0013748164 -0.48809068 -12.741461 -0.031344048 0.99808985 -0.053237314 -2.4443728 0.4870852 0.061763832 0.87116776 35.817959
0.87212129 0.0017779379 -0.48928649 -13.261271 -0.03211322 0.99804528 -0.053613085 -2.5083187 0.48823479 0.062469678 0.87047363 36.699848
0.87155776 0.0030418546 -0.49028338 -13.752949 -0.033253727 0.99804483 -0.052921709 -2.5725567 0.48916385 0.062428077 0.86995487 37.567201
0.87147877 0.0023468384 -0.49042759 -14.272547 -0.031457361 0.99819684 -0.051122356 -2.6294863 0.48942333 0.059979606 0.86998119 38.463827
0.87138385 0.0025186219 -0.49059537 -14.77708 -0.031338777 0.99823031 -0.050538466 -2.6964376 0.48959992 0.059413063 0.8699207 39.361182
0.87102001 -0.0014690764 -0.49124533 -15.292032 -0.027236374 0.99831296 -0.051277887 -2.7567422 0.49049195 0.058043807 0.86951054 40.257451
0.86891975 -0.0011869814 -0.49495155 -15.828964 -0.02814912 0.99826008 -0.051811617 -2.8228707 0.49415192 0.058952588 0.86737448 41.184739
0.8678217 -0.0022695536 -0.49687054 -16.345207 -0.025896822 0.99842385 -0.049791237 -2.8864958 0.49620044 0.056077285 0.86639511 42.069085
0.8658724 -0.0037400398 -0.50025092 -16.882781 -0.022581025 0.99866064 -0.046551269 -2.9492873 0.49975505 0.051603638 0.86462823 43.02026
0.86331375 -0.0036809047 -0.50465413 -17.433148 -0.020289119 0.99891181 -0.041994649 -3.011665 0.50425959 0.046493546 0.86229962 43.939427
0.85913564 -0.004377164 -0.51172919 -17.986647 -0.018694653 0.99902752 -0.039931567 -3.0725985 0.51140638 0.043873233 0.85821832 44.809515
0.85488663 -0.0083538303 -0.51874757 -18.556116 -0.015864442 0.99898188 -0.042231761 -3.1385421 0.51857227 0.044333009 0.85388372 45.746329
0.84969501 -0.0094278891 -0.52719018 -19.115151 -0.01716677 0.99881544 -0.045530512 -3.2024649 0.52699499 0.047737202 0.84852665 46.609667
0.84312574 -0.010698495 -0.53760999 -19.678769 -0.016280184 0.99883582 -0.045408905 -3.2593993 0.53746997 0.047037807 0.84197001 47.520861
0.83733629 -0.0064682965 -0.54664987 -20.285706 -0.018512024 0.99902108 -0.040177002 -3.3208753 0.54637466 0.043761258 0.83639686 48.41307
0.831915 -0.002796166 -0.55489601 -20.881552 -0.019821848 0.99919936 -0.034752491 -3.3855549 0.55454896 0.039910184 0.83119351 49.27349
0.82843623 -0.0034111925 -0.56007299 -21.51295 -0.020407277 0.99913361 -0.036270921 -3.4322575 0.55971152 0.04147771 0.82764886 50.186074
0.82613062 -0.0047948964 -0.56345824 -22.12003 -0.022173313 0.99891265 -0.041010552 -3.49121 0.56304225 0.046373809 0.825126 51.050193
0.82213258 -0.0072990063 -0.56924926 -22.719849 -0.024260264 0.99856029 -0.047841344 -3.5539602 0.56877895 0.053142065 0.82077186 51.901263
0.81951347 -0.0061434049 -0.57302696 -23.352747 -0.027446886 0.99837418 -0.049956652 -3.6205167 0.57240227 0.056667956 0.81801248 52.769792
0.81610308 -0.0048987623 -0.57788557 -23.959293 -0.026669157 0.99857948 -0.046127788 -3.6907422 0.57729069 0.053056752 0.81481315 53.61052
0.81315557 -0.0038045423 -0.58203394 -24.602742 -0.023967356 0.99891162 -0.040014143 -3.7483438 0.58155276 0.046487538 0.81217937 54.519888
0.80983495 -0.0025508162 -0.58665222 -25.254301 -0.023710998 0.99903113 -0.037075353 -3.8081562 0.58617845 0.043935026 0.80898984 55.371617
0.80778159 -0.00060442052 -0.58948156 -25.874383 -0.026813555 0.99892675 -0.037767535 -3.8622217 0.58887178 0.046314016 0.80689843 56.217582
0.80416111 -0.0031419844 -0.59440306 -26.546662 -0.025042579 0.9989191 -0.039160052 -3.9211449 0.59388366 0.046376377 0.80321321 57.130183
0.80032331 -0.0053082892 -0.59954515 -27.208718 -0.024726708 0.99881786 -0.041850682 -3.9804934 0.59905861 0.048318854 0.79924596 57.957224
0.79589717 -0.0056650156 -0.60540529 -27.850529 -0.025067446 0.99879039 -0.042301035 -4.0343 0.60491268 0.048843239 0.79479244 58.768634
0.7904767 -0.007073987 -0.61245123 -28.507767 -0.023033531 0.99888265 -0.041266226 -4.0954705 0.61205888 0.046726905 0.78943053 59.624403
0.78681199 -0.0061007583 -0.61716257 -29.196431 -0.023850626 0.99890369 -0.040281164 -4.1554117 0.61673177 0.046413417 0.78580389 60.45731
0.78197871 -0.0084442948 -0.62324791 -29.899653 -0.022390953 0.99888228 -0.041627261 -4.2184499 0.62290286 0.046506747 0.7809156 61.333929
0.77643959 -0.0097161775 -0.63011676 -30.58445 -0.021820793 0.99886706 -0.042290092 -4.2798232 0.62981383 0.046585349 0.77534791 62.153048
0.77242964 -0.0089798985 -0.63503683 -31.283342 -0.023847538 0.99878478 -0.043130616 -4.3403335 0.63465249 0.048459432 0.77127682 62.95749
0.7655115 -0.012531711 -0.64330014 -31.984447 -0.020764305 0.99880839 -0.044166151 -4.3986383 0.64308711 0.047167377 0.76433909 63.821429
0.76012418 -0.013786172 -0.64963154 -32.681064 -0.020677958 0.99875531 -0.045390079 -4.4688399 0.64944876 0.04793515 0.75889299 64.637718
0.7541665 -0.013306014 -0.6565484 -33.417906 -0.021994825 0.99872191 -0.045505809 -4.5390029 0.65631483 0.048759625 0.75290994 65.493197
0.74705087 -0.015134397 -0.66459454 -34.185501 -0.01861748 0.99887235 -0.043674048 -4.594483 0.66450615 0.044999812 0.74592669 66.285003
0.74150628 -0.014258296 -0.67079438 -34.925219 -0.019529806 0.99889187 -0.042820824 -4.6670555 0.67066166 0.044852394 0.74040613 67.113607
0.73511033 -0.015882581 -0.67776139 -35.694919 -0.018428641 0.99888798 -0.043395807 -4.7294203 0.677697 0.044390927 0.73400018 67.91551
0.72870182 -0.01878286 -0.68457346 -36.479871 -0.016855863 0.99882905 -0.0453476 -4.7878229 0.68462367 0.044583955 0.72753195 68.717485
0.72459612 -0.016836018 -0.68896805 -37.237241 -0.019621528 0.99879232 -0.04504326 -4.8609355 0.6888944 0.046156778 0.72339069 69.572505
0.71905297 -0.01615151 -0.69476752 -38.019373 -0.020291316 0.99881571 -0.044220419 -4.9271575 0.694659 0.045894572 0.71787367 70.345225
0.71501919 -0.015889165 -0.69892421 -38.819495 -0.021159923 0.99879178 -0.044353475 -4.9897282 0.69878455 0.046502769 0.71381908 71.163065
0.70987417 -0.018203744 -0.70409321 -39.678945 -0.019075228 0.99880237 -0.045055048 -5.0553327 0.70407019 0.045414154 0.70867677 71.968721
0.70430622 -0.020046949 -0.70961316 -40.470843 -0.019675486 0.99866594 -0.047741183 -5.1237514 0.70962361 0.047586396 0.70297219 72.797722
0.70175528 -0.020609322 -0.71211989 -41.295811 -0.021894745 0.9984854 -0.050473043 -5.1984232 0.71208159 0.051011408 0.70024117 73.569548
0.69590438 -0.021203885 -0.71782132 -42.131894 -0.022612566 0.99842135 -0.051414736 -5.2696215 0.71777839 0.052011522 0.69432632 74.350001
0.69078958 -0.021099883 -0.72274789 -42.966389 -0.021507776 0.99853219 -0.049707871 -5.3424237 0.72273593 0.04988238 0.68932182 75.169232
0.68595191 -0.022469098 -0.72729985 -43.810461 -0.018824734 0.9986406 -0.048606382 -5.4095417 0.72740336 0.047032868 0.68459646 75.923252
0.68077181 -0.021796996 -0.73217115 -44.666776 -0.020710855 0.99858476 -0.04898515 -5.4907748 0.73220274 0.0485116 0.67935692 76.68951
0.6766177 -0.023451872 -0.7359609 -45.544114 -0.018718113 0.99862187 -0.049030536 -5.558426 0.73609657 0.046950728 0.67524626 77.500694
0.67367246 -0.024251936 -0.73863199 -46.433494 -0.017761695 0.9986414 -0.048988605 -5.6325823 0.73881661 0.046121631 0.67232645 78.276175
0.6682377 -0.025390966 -0.74351438 -47.322005 -0.016320687 0.99867654 -0.048773044 -5.7068487 0.74376882 0.044726652 0.66693891 79.074656
0.66362584 -0.029100111 -0.74749841 -48.170818 -0.012127522 0.99869325 -0.049645886 -5.7763514 0.74796638 0.042011597 0.66240574 79.84878
0.65980426 -0.031690072 -0.75076896 -49.117782 -0.012057441 0.99853523 -0.05274486 -5.8649536 0.7513408 0.043853637 0.6584557 80.662456
0.65588947 -0.0361727 -0.75398972 -50.014338 -0.0076726571 0.99848011 -0.054576521 -5.9375993 0.75481798 0.04158127 0.65461505 81.417965
0.64971421 -0.039791649 -0.75913636 -50.912266 -0.0026400167 0.99850492 -0.054598113 -6.0213525 0.76017401 0.037477303 0.64863779 82.182892
0.64281799 -0.045091245 -0.76469063 -51.843703 0.0048517587 0.99848563 -0.054798843 -6.0934657 0.76600361 0.031515588 0.6420633 82.955494
0.63422698 -0.045498758 -0.77180694 -52.790771 0.0059482106 0.99852451 -0.053976075 -6.1814988 0.77312406 0.029642213 0.63356182 83.706049
0.6238144 -0.044435266 -0.7803083 -53.719365 0.0073377325 0.99867149 -0.051004007 -6.2590915 0.7815381 0.02609134 0.62331172 84.487626
0.61635721 -0.042309962 -0.78632919 -54.657694 0.004053326 0.99871277 -0.050560507 -6.3466012 0.78745629 0.027976084 0.61573532 85.226628
0.60851397 -0.044711629 -0.7922825 -55.647729 0.0049610068 0.99860624 -0.052544981 -6.4145457 0.79352768 0.028043837 0.60788766 85.955109
0.59607376 -0.047050925 -0.80154989 -56.641283 0.0052679672 0.99848928 -0.054693722 -6.5039566 0.80291244 0.028378954 0.59542112 86.67105
0.58693086 -0.048059812 -0.80820936 -57.631052 0.0044884571 0.99841446 -0.056110705 -6.5806816 0.80962465 0.029305491 0.58621597 87.395379
0.57824939 -0.049448417 -0.81436014 -58.633052 0.0085476487 0.99847399 -0.054558522 -6.6627395 0.81581532 0.024587568 0.57778965 88.092079
0.56669243 -0.048569787 -0.82249657 -59.64719 0.0087641765 0.99855986 -0.052928181 -6.75525 0.82388284 0.022785494 0.56630199 88.839112
0.55765539 -0.049943858 -0.82856866 -60.707353 0.0099864808 0.99851969 -0.053466795 -6.8366773 0.83001253 0.021541561 0.55732865 89.469612
0.54727014 -0.050323586 -0.83544172 -61.743065 0.0078547134 0.9984556 -0.054997512 -6.9212335 0.8369192 0.023536341 0.54682022 90.150261
0.53680549 -0.051526575 -0.84213112 -62.814453 0.008022294 0.99839998 -0.055974324 -7.0051516 0.84366793 0.023291501 0.53635995 90.813981
0.52851218 -0.05173155 -0.84734802 -63.875212 0.0056974921 0.99833524 -0.057395821 -7.0885592 0.84890664 0.025506631 0.52792707 91.464447
0.51859574 -0.051926484 -0.85344129 -64.954471 0.0051614238 0.99832608 -0.057605451 -7.179138 0.85500403 0.025468969 0.51799567 92.120322
0.50910423 -0.049915659 -0.85925622 -66.040499 0.0043820748 0.99845432 -0.05540556 -7.2645194 0.86069376 0.02444188 0.50853605 92.741651
0.50167763 -0.047771318 -0.86373456 -67.113836 0.004303564 0.99859949 -0.052730797 -7.3551328 0.86504398 0.022736724 0.50118062 93.34673
0.49429348 -0.048272311 -0.86795373 -68.232012 0.0048511814 0.99859463 -0.052775351 -7.4379962 0.86928159 0.021875911 0.49383299 93.993674
0.48582339 -0.051601295 -0.87253245 -69.347861 0.0069500739 0.99845232 -0.055178377 -7.5288291 0.8740294 0.020742781 0.48543013 94.628188
0.48105235 -0.055409535 -0.87493906 -70.463201 0.0099487097 0.99828146 -0.057750835 -7.6124645 0.87663545 0.01907666 0.4807769 95.195795
0.47408364 -0.058260273 -0.87855016 -71.577993 0.010654159 0.99811498 -0.060439905 -7.7079375 0.88041539 0.019293356 0.47381069 95.79554
0.46928939 -0.061740975 -0.88088333 -72.715466 0.013168429 0.9979311 -0.062929372 -7.7996836 0.88294627 0.017932237 0.46913152 96.397037
0.46470593 -0.062420962 -0.88326211 -73.832436 0.014221515 0.99790961 -0.06304092 -7.9035258 0.8853509 0.016734163 0.46462223 96.9599
0.45943197 -0.059464509 -0.88622016 -74.966007 0.0153758 0.99813938 -0.059003097 -8.0015664 0.8880799 0.013481565 0.45949146 97.549942
0.45601953 -0.059203971 -0.88799831 -76.055374 0.021561282 0.99822694 -0.055480548 -8.0902623 0.88970858 0.006153831 0.4564875 98.113868
0.45180597 -0.058101281 -0.89022218 -77.190222 0.021710353 0.9982975 -0.054136481 -8.1897513 0.89185206 0.0051321473 0.45229818 98.705181
0.45000315 -0.058137843 -0.89113247 -78.319521 0.023220945 0.99830298 -0.053403601 -8.2817138 0.89272505 0.0033388498 0.4505895 99.279255
0.44884497 -0.057159625 -0.89177963 -79.386038 0.025626031 0.99836505 -0.051093404 -8.3613683 0.89324217 8.0244868e-05 0.44957591 99.835704
0.44452287 -0.056448231 -0.89398711 -80.539116 0.027042204 0.99840326 -0.049594921 -8.4503005 0.89535926 -0.0021293061 0.44533956 100.3544
0.44156098 -0.056879216 -0.89542648 -81.675574 0.028678688 0.99837337 -0.049276302 -8.5426115 0.89677283 -0.0039211654 0.44247394 100.92589
0.43919302 -0.05810278 -0.89651184 -82.722082 0.032183931 0.99828346 -0.048931965 -8.6272231 0.8978161 -0.007362699 0.4403091 101.43713
0.43597013 -0.056841509 -0.89816425 -83.783279 0.034384949 0.99832678 -0.046489928 -8.6983423 0.89930406 -0.010615113 0.43719515 101.95797
0.43573012 -0.056513462 -0.89830141 -84.85788 0.03747242 0.99830063 -0.044628187 -8.7852617 0.89929703 -0.014215684 0.43710735 102.50465
0.43322292 -0.057281044 -0.89946468 -85.969265 0.038551506 0.99824269 -0.045003421 -8.8719761 0.90046196 -0.015179206 0.43466989 103.02026
0.43050539 -0.057811235 -0.90073465 -87.015309 0.038474583 0.99821498 -0.045678854 -8.9440021 0.90176764 -0.014990398 0.43196119 103.5144
0.43058365 -0.059495276 -0.90058757 -88.072814 0.039879833 0.99810459 -0.046870405 -9.0276153 0.90166922 -0.015733653 0.43214018 104.01986
0.43138412 -0.059523747 -0.90020253 -89.137023 0.037485704 0.99814194 -0.048036314 -9.1055889 0.90138928 -0.013022623 0.43281388 104.48645
0.43357384 -0.059754675 -0.8991346 -90.12551 0.036471714 0.99814502 -0.048747596 -9.182298 0.9003797 -0.011657299 0.43494893 104.97935
0.43756278 -0.060047656 -0.8971806 -91.186467 0.035399553 0.99814459 -0.049540434 -9.267805 0.89849082 -0.010082742 0.43887659 105.48131
0.44307347 -0.060628668 -0.89443278 -92.183894 0.033824721 0.99813069 -0.050902091 -9.3445095 0.89584701 -0.0077005739 0.44429597 105.98657
0.4487715 -0.060400366 -0.89160298 -93.199375 0.032794893 0.99815433 -0.051111847 -9.4237422 0.89304463 -0.0063024846 0.44992404 106.45091
0.45661256 -0.057774545 -0.8877877 -94.156193 0.029157253 0.99832494 -0.049971634 -9.4911351 0.88918777 -0.0030677751 0.45753226 106.96603
0.46386294 -0.057397698 -0.88404559 -95.169923 0.029296745 0.998347 -0.049446709 -9.5763139 0.88542246 -0.0029631633 0.46477774 107.48092
0.47241908 -0.057397661 -0.87950307 -96.133589 0.029919686 0.9983465 -0.049082403 -9.6522308 0.8808661 -0.0031269924 0.47335526 108.01219
0.48318817 -0.057377656 -0.87363432 -97.097364 0.029981302 0.99834936 -0.048986555 -9.7214564 0.87500307 -0.0025229713 0.48411086 108.47661
0.49366766 -0.057938899 -0.86771842 -98.043143 0.028515507 0.99832012 -0.05043616 -9.8007815 0.86918305 0.00015527017 0.49449052 109.0603
0.50295141 -0.059260207 -0.86228072 -99.01683 0.026794146 0.99823629 -0.05297525 -9.8757629 0.86389931 0.0035399007 0.50365218 109.57252
0.51452174 -0.058404447 -0.85548597 -99.933044 0.022476355 0.99825349 -0.054633123 -9.9510349 0.85718274 0.0088817223 0.51493584 110.10718
0.52721089 -0.057082603 -0.84781495 -100.87732 0.020890174 0.99831021 -0.054224826 -10.027728 0.84947768 0.010876917 0.52751248 110.67576
0.53918418 -0.055178739 -0.84037829 -101.79042 0.020405463 0.99841436 -0.05246321 -10.105543 0.84194067 0.011139024 0.53945517 111.26801
0.55224217 -0.05402667 -0.83193128 -102.68431 0.021251056 0.99848596 -0.050736334 -10.184464 0.83341289 0.010339324 0.55255418 111.86989
0.5641204 -0.052609156 -0.8240148 -103.60042 0.019846138 0.99854373 -0.050165279 -10.262729 0.82545403 0.011945746 0.56434298 112.45659
0.57456046 -0.052510093 -0.81677592 -104.44757 0.019469978 0.99853431 -0.050499102 -10.329863 0.81823056 0.013112178 0.57474071 113.06918
0.58516952 -0.054716279 -0.80906285 -105.28454 0.021696035 0.9984202 -0.051830312 -10.406213 0.81062073 0.012776062 0.5854322 113.66066
0.59711611 -0.055142205 -0.80025723 -106.13708 0.02201733 0.99838522 -0.052365987 -10.474751 0.80185263 0.013649047 0.59736598 114.28455
0.60715673 -0.054543614 -0.7927078 -106.99479 0.021532148 0.99840424 -0.052204844 -10.555366 0.79429033 0.014627821 0.60736229 114.92058
0.61829248 -0.053658948 -0.7841142 -107.79021 0.022934762 0.99847363 -0.050243516 -10.632372 0.78561343 0.013081716 0.61857939 115.55288
0.62714442 -0.051491442 -0.77719911 -108.57184 0.022706966 0.99859704 -0.047836718 -10.692542 0.77857197 0.012352697 0.62743378 116.19008
0.63851833 -0.050248324 -0.76796445 -109.36451 0.022755083 0.99866264 -0.046423485 -10.765849 0.76927017 0.012167151 0.63880781 116.80389
0.64760499 -0.048861823 -0.76040795 -110.17365 0.019755286 0.99868308 -0.047348078 -10.834176 0.76172013 0.015640775 0.64771743 117.49478
0.65736927 -0.048322134 -0.75201766 -110.88762 0.017761769 0.99865823 -0.048644145 -10.903578 0.75335928 0.018620002 0.65734552 118.10887
0.66622058 -0.047885151 -0.74421576 -111.61362 0.01806334 0.99867976 -0.048087886 -10.967481 0.74553598 0.018594117 0.66620598 118.78601
0.67502976 -0.046139345 -0.73634634 -112.34104 0.01774302 0.99876919 -0.046317185 -11.033789 0.73757715 0.01820047 0.67501758 119.42697
0.68349105 -0.044604134 -0.72859482 -113.03471 0.017890871 0.99885513 -0.044365973 -11.094598 0.72973965 0.017288549 0.68350655 120.09815
0.69261224 -0.043558474 -0.71999368 -113.76948 0.017605801 0.99889848 -0.043495521 -11.164007 0.72109525 0.017449465 0.6926162 120.78432
0.70020177 -0.042882703 -0.71265595 -114.47172 0.016791311 0.99890754 -0.043609473 -11.225188 0.71374755 0.018569003 0.70015689 121.43536
0.70711284 -0.04086942 -0.70591861 -115.14392 0.0153371 0.99897988 -0.042473265 -11.286998 0.7069344 0.019206646 0.70701831 122.12006
0.71429142 -0.038672072 -0.69877908 -115.78645 0.014658934 0.9990798 -0.040307068 -11.340855 0.69969488 0.018547637 0.71420102 122.79202
0.7212788 -0.036400828 -0.69168767 -116.43284 0.014470238 0.99919207 -0.037494297 -11.397508 0.69249371 0.017034956 0.72122279 123.4605
0.72881371 -0.034584295 -0.68383804 -117.09141 0.013323373 0.9992508 -0.036336277 -11.449406 0.68458243 0.017371347 0.72872846 124.10366
0.73584468 -0.033074891 -0.67634208 -117.69342 0.011865697 0.99928286 -0.03595793 -11.503141 0.67704641 0.018434181 0.73570944 124.79096
0.74400032 -0.031227644 -0.66744912 -118.29799 0.01043226 0.99932843 -0.035126374 -11.557522 0.66809785 0.01917103 0.74382644 125.44266
0.75248368 -0.028052786 -0.65801316 -118.86468 0.0094828497 0.99945038 -0.031764833 -11.611992 0.65854265 0.017662678 0.75233612 126.12278
0.7624162 -0.023978695 -0.6466425 -119.48178 0.0066504667 0.99955076 -0.02922403 -11.644858 0.64705282 0.017980399 0.76223316 126.78636
0.77177456 -0.021755906 -0.63552394 -120.00145 0.0051811039 0.99959653 -0.027927326 -11.690988 0.63587516 0.018260884 0.77157589 127.4583
0.78140955 -0.02140239 -0.62365137 -120.54203 0.0040470338 0.99956446 -0.029232161 -11.736775 0.62400543 0.020318351 0.78115582 128.12348
0.79091048 -0.022126778 -0.61153167 -121.06353 0.0043725613 0.99952489 -0.030510212 -11.782919 0.61191627 0.021456886 0.79063147 128.7837
0.80111602 -0.021209541 -0.59813314 -121.56094 0.0040483238 0.99954107 -0.030021125 -11.824923 0.59849542 0.021628968 0.80083422 129.43855
0.81089615 -0.019937067 -0.58485034 -122.07159 0.0039596418 0.99958352 -0.02858493 -11.857963 0.58517671 0.020863612 0.81063738 130.1467
0.82030286 -0.018199102 -0.57163973 -122.55966 0.0037772935 0.99964419 -0.026404922 -11.898637 0.57191693 0.019500782 0.82007974 130.8463
0.82976532 -0.016969785 -0.55785439 -123.0267 0.0042287655 0.99970011 -0.024120654 -11.93831 0.55809647 0.017655447 0.82958824 131.54596
0.83871595 -0.015592064 -0.54434586 -123.49244 0.0047532023 0.99976155 -0.021313213 -11.971526 0.54454842 0.015288346 0.83859007 132.24488
0.84636933 -0.014908437 -0.53238772 -123.91256 0.0054127406 0.9997973 -0.019392328 -12.000438 0.53256895 0.013531395 0.84627846 132.9407
0.85306026 -0.015089556 -0.52159417 -124.35261 0.0068272599 0.99981899 -0.01775856 -12.036549 0.52176777 0.011588062 0.85300887 133.68109
0.86038951 -0.015133741 -0.50941225 -124.79068 0.0073176383 0.99982281 -0.017343598 -12.066874 0.5095845 0.011194555 0.8603478 134.37069
0.86662944 -0.014254469 -0.49874864 -125.2161 0.0066537066 0.99983311 -0.017014167 -12.092902 0.49890798 0.011426451 0.86657965 135.12721
0.87295021 -0.012631046 -0.48764574 -125.62737 0.005187752 0.99984856 -0.016611411 -12.117468 0.48778175 0.01197115 0.87288354 135.84959
0.87893005 -0.011360491 -0.47681536 -126.0338 0.0043069239 0.99986457 -0.015883439 -12.149609 0.47693128 0.011906824 0.87885995 136.6205
0.88439689 -0.012117157 -0.46657828 -126.4282 0.0050981868 0.9998541 -0.016302879 -12.177169 0.46670779 0.012039512 0.88432964 137.34134
0.88907831 -0.013253233 -0.4575632 -126.81376 0.0060913324 0.99983482 -0.017124131 -12.207419 0.45771461 0.012437524 0.88901218 138.10269
0.89387595 -0.013898255 -0.44809889 -127.21929 0.0065861502 0.99981859 -0.017872244 -12.236092 0.44826603 0.013024322 0.89380532 138.9006
0.89690361 -0.013183028 -0.44202953 -127.58471 0.0063673247 0.99983692 -0.016899328 -12.259936 0.44218027 0.012342523 0.89684129 139.65413
0.90001841 -0.011493661 -0.43570028 -127.98194 0.0060252165 0.99988481 -0.013930521 -12.288559 0.43581025 0.0099125366 0.89998399 140.46087
0.90343098 -0.0077666345 -0.42866319 -128.38312 0.0038468837 0.9999425 -0.01000971 -12.312194 0.42871632 0.0073940646 0.90340891 141.27556
0.90659853 -0.0049647671 -0.42196498 -128.76215 0.0022605881 0.99997358 -0.006908607 -12.326779 0.42198816 0.0053094437 0.9065858 142.08203
0.90972832 -0.0021493653 -0.41519844 -129.17175 2.889226e-05 0.99998693 -0.0051133455 -12.352116 0.41520404 0.004639759 0.90971649 142.93536
0.91262879 -0.00063624318 -0.40878879 -129.54043 -0.00072324358 0.99999471 -0.0031710575 -12.361046 0.40878868 0.003189652 0.9126235 143.7785
0.91581779 0.00074213625 -0.40159333 -129.93107 -0.00077300341 0.9999997 8.517497e-05 -12.373553 0.40159331 0.00023242795 0.91581809 144.65183
0.91929764 0.00098991467 -0.39356176 -130.3177 -9.5625665e-05 0.99999737 0.0022918983 -12.390959 0.39356303 -0.0020693024 0.91929531 145.5153
0.92260522 0.00070705388 -0.38574487 -130.68515 0.00054999755 0.99999489 0.0031484041 -12.403605 0.38574516 -0.0031168931 0.92260012 146.37434
0.92617565 -0.00013028471 -0.37709234 -131.0385 0.0013408746 0.99999476 0.0029478222 -12.399542 0.37709001 -0.0032358351 0.92617097 147.31093
0.92947606 -0.0025056732 -0.36887391 -131.41498 0.0037792316 0.99998913 0.0027300899 -12.424972 0.36886309 -0.0039316135 0.92947543 148.21301
0.93321802 -0.0042115565 -0.35928594 -131.79438 0.0051061376 0.99998578 0.0015409527 -12.434288 0.35927437 -0.0032726086 0.93322625 149.13996
0.93759802 -0.005333085 -0.34768017 -132.14765 0.0055513469 0.99998452 -0.00036835864 -12.45249 0.34767678 -0.0015847212 0.93761312 150.09474
0.9423688 -0.003588927 -0.33455667 -132.49521 0.0032558213 0.99999349 -0.0015564462 -12.467986 0.3345601 0.00037748935 0.94237434 151.06988
0.94796888 -0.00010763751 -0.31836297 -132.82684 -1.8300035e-05 0.99999992 -0.00039258782 -12.478771 0.31836302 0.00037798684 0.9479688 152.04603
0.95389327 0.0037326687 -0.3001228 -133.14883 -0.0032078156 0.99999234 0.0022415043 -12.489146 0.3001289 -0.0011754175 0.95389794 153.05095
0.96017272 0.0065119137 -0.27933121 -133.46738 -0.0055434333 0.99997557 0.0042569585 -12.495758 0.27935213 -0.0025389617 0.96018537 154.0725
0.9659998 0.00810905 -0.2584156 -133.73858 -0.0070857353 0.99996293 0.0048910783 -12.51141 0.2584457 -0.0028937164 0.96602146 155.08128
0.97180885 0.0097287275 -0.23556933 -134.01281 -0.0085026339 0.99994451 0.0062200507 -12.513507 0.23561679 -0.0040417408 0.97183764 156.16514
0.97660821 0.010674248 -0.21476142 -134.25382 -0.0089753278 0.99992025 0.0088843633 -12.529965 0.21483914 -0.0067489883 0.97662613 157.23962
0.98121888 0.012455944 -0.1924951 -134.48034 -0.010301397 0.99987264 0.012189569 -12.527893 0.19262243 -0.0099776667 0.98122222 158.31369
0.98545626 0.014256031 -0.1693302 -134.69172 -0.011606555 0.9997944 0.016626381 -12.531594 0.16953243 -0.014419231 0.98541912 159.42992
0.98894423 0.01604644 -0.14741719 -134.86481 -0.013250923 0.99971364 0.019925913 -12.523637 0.14769473 -0.017752203 0.98887367 160.53758
0.99191382 0.017401152 -0.12571462 -134.99795 -0.015019013 0.99968972 0.019871891 -12.521875 0.12602142 -0.017823094 0.9918674 161.66215
0.99456956 0.017438645 -0.10260256 -135.13493 -0.015670388 0.99971491 0.018014991 -12.518863 0.10288747 -0.016309341 0.99455929 162.82262
0.99654407 0.017196199 -0.081266257 -135.24533 -0.015894095 0.99973517 0.01664257 -12.507802 0.081530931 -0.015293401 0.99655347 163.98775
0.99796286 0.015731393 -0.06182754 -135.32219 -0.01462622 0.99972579 0.018287237 -12.508806 0.062098275 -0.017345681 0.9979193 165.15232
0.99903404 0.016295364 -0.040809826 -135.38891 -0.015474147 0.99967298 0.020358748 -12.497378 0.041128237 -0.019707585 0.9989595 166.35761
0.9996423 0.016661224 -0.020920646 -135.42235 -0.016211861 0.99963808 0.021468432 -12.492024 0.021270767 -0.02112159 0.99955062 167.54314
0.99983851 0.017970694 0.00010405175 -135.43642 -0.01796866 0.9995984 0.021912886 -12.485187 0.00028977986 -0.021911217 0.99975988 168.7667
0.99962601 0.018008222 0.020580271 -135.42087 -0.018460231 0.99958778 0.021988383 -12.476731 -0.020175817 -0.022360076 0.99954638 169.99783
0.99897508 0.020524908 0.04034261 -135.39941 -0.02141665 0.99953298 0.02179771 -12.466657 -0.039876377 -0.022639373 0.99894811 171.21267
0.99789725 0.021371549 0.061190924 -135.32426 -0.022668195 0.9995313 0.02057487 -12.449438 -0.060722533 -0.021918695 0.997914 172.48616
0.99649969 0.021788733 0.08070704 -135.23605 -0.023362298 0.99955394 0.018604406 -12.445864 -0.08026568 -0.020424787 0.99656422 173.76483
0.99475438 0.023885359 0.099464607 -135.12766 -0.025626213 0.99953933 0.016261372 -12.443153 -0.099030386 -0.018724973 0.99490822 175.03787
0.99261847 0.024186106 0.11884275 -134.98172 -0.026017243 0.99956512 0.013880579 -12.439787 -0.11845536 -0.01687008 0.99281606 176.3225
0.99004511 0.023978079 0.13869293 -134.81747 -0.025793141 0.99960339 0.011304128 -12.444451 -0.13836689 -0.014768923 0.99027091 177.63032
0.98745349 0.025436329 0.155848 -134.6297 -0.026665343 0.99962759 0.0058000605 -12.449943 -0.15564244 -0.0098830304 0.98776402 178.88869
0.98436442 0.027077211 0.17405032 -134.41619 -0.0273608 0.99962533 -0.00077029194 -12.474002 -0.17400598 -0.0040039079 0.98473646 180.23066
0.98115499 0.029761489 0.19091655 -134.18755 -0.029173538 0.99955701 -0.0058902403 -12.481351 -0.1910073 0.00020952752 0.9815886 181.51334
0.97738954 0.031549236 0.20907974 -133.92013 -0.030132631 0.9994963 -0.0099580576 -12.515699 -0.20928861 0.0034327789 0.97784789 182.84603
0.97332573 0.033796605 0.22692466 -133.60678 -0.031714013 0.99941479 -0.012818194 -12.543913 -0.22722509 0.0052795872 0.97382796 184.158
0.96925114 0.033119521 0.24383462 -133.32164 -0.030884521 0.99943862 -0.01298451 -12.57741 -0.2441278 0.0050545363 0.9697299 185.47885
0.96514917 0.0318396 0.25975626 -132.95022 -0.029317611 0.99947791 -0.013578538 -12.60916 -0.260053 0.0054898824 0.96557874 186.82562
0.96031676 0.031808289 0.27709195 -132.59131 -0.027860755 0.99944661 -0.018172806 -12.672826 -0.27751668 0.0097316593 0.96067153 188.17134
0.95568819 0.033111226 0.29251279 -132.21362 -0.027840115 0.9993666 -0.02216582 -12.71828 -0.29306148 0.013040023 0.95600467 189.48052
0.95010128 0.035055486 0.30996558 -131.783 -0.029347329 0.99930322 -0.023061035 -12.752321 -0.31055805 0.012813658 0.95046805 190.8328
0.94430203 0.037042089 0.3269886 -131.34282 -0.031225037 0.99924718 -0.023023244 -12.814078 -0.32759529 0.011530666 0.94474778 192.17237
0.93813602 0.04125813 0.34380018 -130.87527 -0.034123174 0.99905877 -0.026780441 -12.857845 -0.34458152 0.013392144 0.93866087 193.52439
0.93117052 0.042202911 0.36213307 -130.35776 -0.03359715 0.99898416 -0.030031406 -12.925039 -0.36303265 0.015797722 0.9316425 194.85624
0.92432988 0.043106097 0.37915185 -129.83197 -0.033004157 0.99890676 -0.033106115 -12.985196 -0.38016445 0.018087384 0.92474204 196.19115
0.91724148 0.04325493 0.39597608 -129.26848 -0.030860891 0.99881545 -0.037620466 -13.062578 -0.39713434 0.022286878 0.91748985 197.5393
0.90911804 0.046734866 0.41390848 -128.71113 -0.031610805 0.99856112 -0.043317954 -13.151095 -0.41533741 0.026297153 0.90928725 198.86713
0.89958296 0.049991835 0.43387936 -128.10627 -0.032761513 0.99835256 -0.047104753 -13.232851 -0.43551945 0.02816009 0.89973876 200.20319
0.88770297 0.052954553 0.45736117 -127.45917 -0.034289899 0.99820895 -0.049021358 -13.310349 -0.45913796 0.027833537 0.88792885 201.52843
0.8744585 0.057298702 0.48170444 -126.77349 -0.037204695 0.99799659 -0.051172353 -13.408131 -0.48367154 0.026826433 0.87483839 202.8158
0.86014704 0.061675781 0.50630341 -126.04271 -0.039475976 0.99773449 -0.054475065 -13.508528 -0.50851621 0.026869746 0.86063308 204.12572
0.84470025 0.065496193 0.5312172 -125.26395 -0.04111499 0.99749232 -0.057607525 -13.619059 -0.5336582 0.026820102 0.84527489 205.41061
0.82984015 0.067057609 0.55395719 -124.49999 -0.040679181 0.99738135 -0.059796665 -13.72026 -0.55651644 0.02708715 0.83039494 206.67199
0.81366655 0.068156939 0.57732258 -123.64384 -0.039410432 0.99728579 -0.062192264 -13.834924 -0.57999448 0.027851234 0.81414417 207.8935
0.79792984 0.070217005 0.5986464 -122.77859 -0.037630113 0.99705714 -0.066790976 -13.95416 -0.60157458 0.030767383 0.79822392 209.12621
0.78163788 0.072850429 0.61946348 -121.86757 -0.03591942 0.99676494 -0.07189895 -14.085239 -0.6226974 0.033948175 0.78172598 210.30282
0.76515986 0.074818677 0.63947832 -120.91663 -0.034371425 0.99655552 -0.075469849 -14.221245 -0.64292226 0.035766719 0.7650959 211.44535
0.7492511 0.076014563 0.65790922 -119.98811 -0.032276667 0.99640202 -0.078366034 -14.352195 -0.66149909 0.037480721 0.7490088 212.60743
0.73335975 0.076951049 0.67547167 -118.97025 -0.030838497 0.99631604 -0.080020902 -14.499976 -0.67914101 0.037853578 0.73303113 213.73073
0.71739356 0.077104413 0.69238815 -117.93237 -0.028367336 0.99626528 -0.081552385 -14.638476 -0.69609038 0.03886395 0.71690154 214.8404
0.70248373 0.077750982 0.70744 -116.86575 -0.025543022 0.9961286 -0.084115147 -14.783634 -0.71124131 0.041019368 0.70175013 215.92992
0.68728133 0.079160993 0.722065 -115.79427 -0.022711102 0.9958999 -0.087564842 -14.937368 -0.72603624 0.043782791 0.68626124 217.00803
0.67262652 0.081528968 0.73547709 -114.6713 -0.020490281 0.99558294 -0.091622899 -15.106359 -0.73969843 0.046557861 0.67132603 218.03887
0.65719146 0.083899909 0.74903948 -113.54487 -0.019086282 0.99531909 -0.094739785 -15.260501 -0.75348202 0.0479658 0.65571654 219.04764
0.64133598 0.084187265 0.76262744 -112.38429 -0.017690129 0.99532028 -0.094997861 -15.432868 -0.76705624 0.04743457 0.63982399 220.06209
0.62463652 0.085961321 0.77616997 -111.20942 -0.018577603 0.99527744 -0.095276957 -15.602918 -0.78069465 0.045094091 0.62328359 221.03422
0.6075439 0.086574093 0.78955385 -110.03537 -0.020289816 0.99540937 -0.093533467 -15.773532 -0.79402694 0.040805787 0.60651147 221.98297
0.58761373 0.087591634 0.80438657 -108.81766 -0.02223722 0.99549611 -0.092157473 -15.937803 -0.808836 0.036265676 0.58691497 222.93809
0.57105117 0.088874317 0.81608937 -107.62514 -0.024119754 0.99550961 -0.09153608 -16.113396 -0.82056009 0.032587911 0.57063055 223.80973
0.55209711 0.092474751 0.82863571 -106.38853 -0.026340228 0.99526881 -0.093521037 -16.290827 -0.83336369 0.029806242 0.55192084 224.64414
0.53405087 0.095711999 0.84001715 -105.17474 -0.02821755 0.99503562 -0.095435242 -16.457212 -0.84498136 0.02726405 0.5341004 225.46472
0.5152676 0.095895019 0.85164746 -103.94053 -0.028467359 0.99508706 -0.094822785 -16.634505 -0.85655646 0.024614956 0.51546599 226.24917
0.4931703 0.094671854 0.864766 -102.69063 -0.02854789 0.99528659 -0.092680165 -16.799145 -0.86946428 0.021019861 0.49354847 226.9949
0.47336373 0.092852966 0.8759595 -101.4256 -0.028416135 0.99552085 -0.090170716 -16.966261 -0.88040864 0.017792164 0.47388198 227.68801
0.45097926 0.09139684 0.88784248 -100.16277 -0.028406541 0.99570901 -0.088071811 -17.127128 -0.89208231 0.014498027 0.45164037 228.39145
0.42894102 0.09003649 0.89883422 -98.906584 -0.026892573 0.99585215 -0.086921148 -17.285055 -0.90293215 0.013112082 0.42958315 229.01875
