1 0 0 0 0 1 0 0 0 0 1 0
0.99993597 -0.0022533334 0.011089745 0.0085502151 0.0022417205 0.99999693 0.0010595033 -0.0085999465 -0.011092099 -0.0010345754 0.99993795 0.30270742
0.99983352 -0.004128953 0.017773088 0.011989972 0.0041049447 0.99999061 0.001387109 -0.014641118 -0.01777865 -0.0013139206 0.99984108 0.60399604
0.99977992 -0.0075272257 0.019581703 0.027161317 0.0075376614 0.99997149 -0.00045915204 -0.018823002 -0.019577691 0.00060665128 0.99980815 0.89737835
0.99980079 -0.0081350643 0.018226541 0.032443089 0.0081614483 0.99996575 -0.0013736146 -0.021766889 -0.018214744 0.0015220959 0.99983294 1.194948
0.99987103 -0.011204454 0.011505497 0.026235031 0.011245665 0.99993056 -0.003523402 -0.023123758 -0.011465221 0.0036523346 0.9999276 1.5202363
0.99992679 -0.012077865 -0.00072890314 0.018448174 0.012074303 0.99991602 -0.004708234 -0.035163829 0.0007857074 0.0046990885 0.99998865 1.8387887
0.99979888 -0.011637025 -0.016333571 -0.0030631385 0.011554998 0.99992019 -0.0051074697 -0.040688304 0.016391705 0.0049177081 0.99985355 2.1635054
0.99933743 -0.0076025023 -0.035593495 -0.044308607 0.0074122045 0.99995754 -0.0054753418 -0.045011432 0.035633613 0.0052078878 0.99935135 2.513191
0.99846089 -0.0038511994 -0.05532653 -0.089891127 0.0035027941 0.99997343 -0.0063928537 -0.051364928 0.055349685 0.006189217 0.99844785 2.8621198
0.99719252 -0.0031215133 -0.074815345 -0.12776652 0.0026333952 0.99997461 -0.0066220668 -0.05556709 0.074834123 0.0064064572 0.99717542 3.2135519
0.99536817 -0.0041162253 -0.096048193 -0.17635835 0.0035413424 0.99997479 -0.0061550581 -0.063083099 0.096071115 0.0057864095 0.99535765 3.5980428
0.99334335 -0.005365872 -0.11506606 -0.23799454 0.0047753292 0.99997398 -0.0054072519 -0.07165655 0.11509209 0.0048217794 0.99334312 3.9917262
0.99113613 -0.0044179264 -0.13277672 -0.31405009 0.0038194272 0.99998137 -0.0047619196 -0.079456236 0.1327953 0.0042125795 0.99113453 4.3844639
0.98881593 -0.0036031995 -0.14909755 -0.38596136 0.0030106536 0.99998665 -0.0041997294 -0.087346582 0.14911071 0.0037038781 0.98881357 4.7900636
0.98675342 -0.0029521944 -0.16220043 -0.47065168 0.0023101504 0.99998873 -0.0041467985 -0.09349461 0.16221086 0.0037171602 0.98674912 5.2089831
0.98464168 -0.0043195805 -0.17453393 -0.56765322 0.0034639172 0.99998044 -0.0052068903 -0.10191629 0.17455302 0.0045223501 0.98463739 5.6530661
0.98285872 -0.0069791831 -0.18422818 -0.64715764 0.0057995167 0.99995909 -0.0069413502 -0.11242466 0.18426911 0.0057539321 0.98285899 6.0884357
0.98156381 -0.0066255341 -0.19101984 -0.73838101 0.0050099674 0.99994749 -0.0089393011 -0.12223361 0.19106905 0.0078174913 0.98154547 6.5558761
0.97974878 -0.0063604428 -0.20012964 -0.8573434 0.0043111264 0.99993374 -0.010674085 -0.12570797 0.20018429 0.0095951377 0.97971128 7.0138305
0.97825559 -0.0071376335 -0.20728011 -0.96796994 0.0044665996 0.99990089 -0.013351259 -0.13880427 0.20735488 0.012135106 0.97819052 7.5038876
0.97614127 -0.010829967 -0.21686615 -1.0867224 0.0077855635 0.99985886 -0.01488766 -0.14612024 0.21699679 0.012844035 0.97608782 7.9683154
0.97449182 -0.016391357 -0.2238236 -1.1940048 0.013075207 0.99978181 -0.016290056 -0.1651607 0.2240418 0.012947986 0.97449352 8.5055156
0.97267549 -0.017308653 -0.2315228 -1.3274743 0.013343916 0.99973647 -0.018679768 -0.19009682 0.23178512 0.015079932 0.97265012 9.0282789
0.970523 -0.013769305 -0.24061485 -1.4886029 0.0085466566 0.99970498 -0.022735573 -0.19486001 0.24085694 0.020008945 0.97035436 9.5555993
0.96851223 -0.010609019 -0.24873982 -1.6437481 0.0043355295 0.99965887 -0.025755373 -0.21016958 0.24892823 0.023865975 0.96822784 10.097002
0.96612758 -0.013087853 -0.25773281 -1.793027 0.0061050919 0.99959278 -0.027874704 -0.23435011 0.2579927 0.025357038 0.96581406 10.661082
0.96372781 -0.015176686 -0.2664552 -1.9558644 0.0075741017 0.99953499 -0.029536886 -0.26298442 0.26677959 0.02644736 0.96339462 11.21799
0.96182143 -0.015128544 -0.27325934 -2.1303728 0.0065092977 0.99945309 -0.03242154 -0.28888949 0.2736004 0.029405006 0.96139387 11.801652
0.95917515 -0.014715525 -0.28242959 -2.3224186 0.0047671869 0.99934477 -0.035879085 -0.30784942 0.28277254 0.033067932 0.95861682 12.375356
0.95718333 -0.015584172 -0.28906262 -2.5088986 0.0039096371 0.99915473 -0.040921099 -0.34103929 0.28945603 0.038038865 0.95643518 12.965021
0.95515047 -0.016495261 -0.29566109 -2.7058448 0.0023948514 0.99884495 -0.047989961 -0.38036492 0.29611122 0.04512957 0.95408672 13.576484
0.95382709 -0.01688284 -0.29988138 -2.91961 -4.0877249e-05 0.9984117 -0.056338992 -0.41723455 0.30035626 0.053749916 0.95231144 14.199242
0.95267118 -0.01707563 -0.30352271 -3.1218713 -0.0028130484 0.99788335 -0.064968437 -0.46171969 0.30398966 0.062747383 0.95060668 14.810382
0.95129711 -0.016341763 -0.30784207 -3.343009 -0.0067730655 0.99724496 -0.073868843 -0.50934523 0.30820113 0.072356253 0.94856557 15.465858
0.95002031 -0.015543842 -0.31180089 -3.5774604 -0.010297445 0.99665601 -0.081060205 -0.56715494 0.31201825 0.080219595 0.94668339 16.108941
0.94841883 -0.01416892 -0.31670325 -3.8109483 -0.014242829 0.99608759 -0.08721619 -0.6294189 0.31669996 0.087228229 0.94450642 16.782655
0.9468114 -0.012699108 -0.32153834 -4.0601097 -0.018393113 0.99545161 -0.093476117 -0.70099878 0.32126295 0.094418346 0.94227135 17.449271
0.94524669 -0.011041827 -0.32616983 -4.296686 -0.022330027 0.99489706 -0.098393108 -0.77467655 0.32559187 0.10028914 0.9401766 18.108043
0.94340366 -0.0081286728 -0.33154705 -4.5740723 -0.027259593 0.99441632 -0.10194656 -0.85184738 0.33052451 0.1052146 0.93791441 18.81158
0.94168666 -0.0078040634 -0.33640053 -4.824478 -0.028635971 0.99424564 -0.10322595 -0.92801926 0.33527037 0.10683966 0.93604438 19.475607
0.93932395 -0.0066908117 -0.34296609 -5.1167634 -0.030317733 0.99427789 -0.10243198 -1.0178987 0.34168898 0.10661477 0.93374619 20.212395
0.93701079 -0.007107147 -0.3492281 -5.3989486 -0.030032738 0.99445142 -0.10081866 -1.1021409 0.34800694 0.10495645 0.93159826 20.92886
0.93460151 -0.0068805507 -0.35562996 -5.6760288 -0.030343369 0.99462605 -0.098986404 -1.1838094 0.35439993 0.10330385 0.92937022 21.656971
0.9319392 -0.0072290033 -0.36254249 -5.9558619 -0.029500688 0.99497557 -0.095672998 -1.269674 0.36141257 0.099856671 0.92704348 22.346499
0.92798281 -0.0033626414 -0.37260781 -6.3010067 -0.032879283 0.99531998 -0.090868494 -1.3546466 0.37116959 0.09657548 0.92352928 23.171317
0.92448343 -0.0016633227 -0.38121859 -6.6124737 -0.033247936 0.99582832 -0.08497368 -1.4346237 0.37976964 0.091231492 0.92057148 23.873562
0.92108419 0.00047760366 -0.38936316 -6.941166 -0.034767185 0.99610559 -0.081023994 -1.5091586 0.38780815 0.088166982 0.91751372 24.639424
0.91727354 0.0014187411 -0.39825523 -7.2893408 -0.035917858 0.99621319 -0.079178194 -1.5842835 0.39663481 0.086932538 0.91385096 25.363737
0.91327063 0.0032180433 -0.40734064 -7.6544522 -0.038465197 0.99618198 -0.078370218 -1.6644584 0.40553324 0.087241657 0.90990752 26.151674
0.91055493 0.0041551698 -0.4133672 -7.9778421 -0.039622978 0.99622282 -0.077266458 -1.7338269 0.41148482 0.086734195 0.90728024 26.888736
0.90625019 0.0039249535 -0.42272352 -8.373324 -0.039579346 0.99635236 -0.075600598 -1.8021142 0.42088488 0.085244178 0.90309986 27.661275
0.90226823 0.0040350435 -0.43115629 -8.7521525 -0.039486792 0.99652743 -0.073306695 -1.8836796 0.42936332 0.083167282 0.89929437 28.458682
0.8987541 0.0055457526 -0.43841795 -9.1626294 -0.039795569 0.99682459 -0.068971369 -1.9542565 0.43664333 0.079435393 0.89612088 29.232267
0.89479048 0.005958287 -0.44644651 -9.5654238 -0.038397763 0.99723334 -0.063649614 -2.0172451 0.44483214 0.074095617 0.89254368 30.055113
0.89144646 0.0045590042 -0.45310308 -9.9874973 -0.035323112 0.99760565 -0.059457933 -2.0837802 0.45174716 0.069008576 0.88947307 30.838272
0.88783903 0.0047594408 -0.46012953 -10.424906 -0.035174257 0.99772279 -0.05755004 -2.1533869 0.45880785 0.067279887 0.88598465 31.677728
0.88460011 0.0051660609 -0.46632171 -10.869968 -0.035438308 0.997792 -0.056171682 -2.2126941 0.46500192 0.06621513 0.88282999 32.485621
0.88199605 0.0044778115 -0.4712355 -11.313513 -0.034118571 0.99793746 -0.054375926 -2.2671082 0.47002011 0.064037235 0.88032968 33.287348
0.87850055 0.0030422895 -0.47773162 -11.785568 -0.032259143 0.99807516 -0.052965385 -2.330852 0.47665097 0.061941334 0.87690772 34.135048
0.87670785 0.0024542532 -0.48101694 -12.264012 -0.031803355 0.9980947 -0.052872715 -2.3928506 0.47997074 0.061651878 0.87511551 34.994979
0.87475668 0.0023637394 -0.48455665 -12.736496 -0.032257061 0.99805398 -0.053364118 -2.457383 0.48348759 0.062310993 0.87313064 35.828383
0.87268949 0.0016346785 -0.48827284 -13.249173 -0.031931274 0.99804486 -0.053729391 -2.5142646 0.48723041 0.062480249 0.87103546 36.714201
0.87274137 0.0017847253 -0.48817957 -13.74146 -0.031627445 0.99809922 -0.052892923 -2.5752701 0.48715729 0.061601716 0.87113892 37.551497
0.87230542 0.0020045953 -0.48895728 -14.258011 -0.031011748 0.99820512 -0.051232935 -2.6370378 0.48797699 0.059854187 0.8708019 38.454096
0.87203464 0.0012132708 -0.48944263 -14.754875 -0.029842453 0.9982682 -0.050695383 -2.7020246 0.48853355 0.058814299 0.87056067 39.348031
0.87111458 -0.00067942789 -0.49107932 -15.249529 -0.028083846 0.99829355 -0.051198479 -2.7621005 0.49027615 0.058391139 0.86960899 40.232833
0.8704678 -0.0028153385 -0.4922173 -15.801475 -0.026294174 0.99828989 -0.05221018 -2.8307695 0.49152259 0.058389728 0.86890518 41.171424
0.86934608 -0.00298753 -0.49419475 -16.321867 -0.025108318 0.99842331 -0.050204166 -2.8930178 0.49356559 0.056053195 0.86790038 42.078299
0.8681054 -0.0034532555 -0.49636787 -16.872373 -0.022685024 0.99865499 -0.046621876 -2.9557559 0.49586129 0.05173282 0.86685946 43.026371
0.8646613 -0.0022348101 -0.5023503 -17.408866 -0.021940725 0.99886787 -0.042208742 -3.0244668 0.50187595 0.047518197 0.86363336 43.91877
0.86028788 -0.005085018 -0.50978317 -17.932528 -0.017752884 0.99904499 -0.03992433 -3.0816391 0.50949938 0.04339654 0.85937602 44.820973
0.8549298 -0.0076281668 -0.5186876 -18.489012 -0.016632892 0.99897465 -0.042106846 -3.1422617 0.51847701 0.044625673 0.85392632 45.713968
0.84979469 -0.0093333305 -0.52703117 -19.062128 -0.017279232 0.99881263 -0.045549577 -3.2077561 0.52683056 0.047814483 0.84862439 46.613
0.84318535 -0.0094900583 -0.53753919 -19.637707 -0.017652828 0.99881636 -0.045324008 -3.2692282 0.5373331 0.047705627 0.84201979 47.508093
0.83796018 -0.0058620282 -0.54569987 -20.243083 -0.019217682 0.99900515 -0.040241621 -3.3257558 0.54539293 0.044207964 0.83701388 48.413875
0.83248624 -0.0048301669 -0.55402464 -20.855491 -0.017451904 0.99923719 -0.03493518 -3.3861693 0.55377082 0.038751842 0.83176692 49.276156
0.82911118 -0.00284748 -0.55907648 -21.476776 -0.021133297 0.99911275 -0.036429372 -3.4447984 0.55868422 0.04201913 0.82831538 50.172838
0.82565472 -0.0045353578 -0.5641575 -22.062209 -0.022542323 0.99890394 -0.041021453 -3.4967506 0.56372525 0.046586977 0.82464752 51.027837
0.82233982 -0.0067306213 -0.56895685 -22.677736 -0.024967004 0.99854013 -0.047898458 -3.5647333 0.56844868 0.053593958 0.82097127 51.871112
0.81907154 -0.0077167837 -0.57363946 -23.29706 -0.025366063 0.99844449 -0.049650348 -3.6254139 0.57313035 0.055218162 0.81760173 52.760344
0.81752079 -0.0063694633 -0.57586384 -23.916362 -0.024653957 0.99863507 -0.046045417 -3.6912845 0.57537116 0.051840409 0.8162479 53.631286
0.81343345 -0.0054492307 -0.58163244 -24.547245 -0.021905687 0.99895973 -0.039994982 -3.7508696 0.58124538 0.045274314 0.81246789 54.505545
0.81066856 -0.0043348473 -0.58548925 -25.191352 -0.021450913 0.99908138 -0.037097939 -3.8118411 0.58511227 0.042633412 0.80983088 55.389972
0.80764397 -0.0026232358 -0.58966457 -25.798169 -0.024135861 0.99900502 -0.03750235 -3.8618723 0.5891763 0.04452061 0.80677707 56.204323
0.80403536 -0.0028732773 -0.59457452 -26.469315 -0.025484481 0.99890284 -0.039289519 -3.9277673 0.59403511 0.046742586 0.80307998 57.096999
0.80073547 -0.005036762 -0.59899692 -27.140601 -0.025055724 0.99880788 -0.041892975 -3.9893325 0.5984939 0.048553493 0.7996547 57.948996
0.79615206 -0.0060679309 -0.60506615 -27.786903 -0.024528779 0.99880416 -0.042291758 -4.04191 0.60459926 0.048512205 0.79505115 58.769687
0.7920679 -0.0072111568 -0.61039037 -28.447252 -0.022640744 0.99889517 -0.041180523 -4.102012 0.61001301 0.046437463 0.79102953 59.642212
0.78763812 -0.0065015685 -0.6161038 -29.130085 -0.023428315 0.99890514 -0.040492337 -4.1649444 0.61569257 0.046327582 0.78662344 60.462221
0.78211245 -0.008611842 -0.62307778 -29.815009 -0.021995353 0.99889987 -0.041415705 -4.2219297 0.62274903 0.046096555 0.7810626 61.297545
0.77660885 -0.0084806189 -0.62992598 -30.500661 -0.023419812 0.99882956 -0.042320408 -4.2903326 0.62954765 0.047619152 0.77550126 62.134647
0.77089022 -0.010525368 -0.63688103 -31.183806 -0.021772102 0.9988438 -0.042860591 -4.344206 0.63659585 0.04690705 0.76976977 62.944375
0.76576255 -0.013341984 -0.64298497 -31.92445 -0.019623088 0.99883456 -0.04409599 -4.405063 0.642824 0.046384409 0.76460829 63.799086
0.76059288 -0.0142384 -0.64907296 -32.59284 -0.019928922 0.99877632 -0.045262665 -4.466547 0.64892322 0.047361785 0.7593784 64.589627
0.75368862 -0.015505561 -0.65704871 -33.339888 -0.018818708 0.99880263 -0.045157138 -4.5353489 0.65696222 0.046399229 0.75249438 65.433247
0.74873121 -0.01398731 -0.66272611 -34.095252 -0.020109183 0.99883791 -0.043800034 -4.6002371 0.66256867 0.046121333 0.74757984 66.252378
0.74191481 -0.013696717 -0.67035422 -34.813443 -0.020232157 0.99887873 -0.042801096 -4.6711337 0.67018887 0.045317478 0.74080581 67.057838
0.73590383 -0.017157348 -0.67686862 -35.59057 -0.016796281 0.99890867 -0.043581677 -4.7276759 0.67687774 0.043440799 0.73481254 67.891261
0.72843549 -0.019123948 -0.68484741 -36.360733 -0.016392724 0.99883765 -0.045327995 -4.7944653 0.68491828 0.044245036 0.7272753 68.692486
0.7225585 -0.017383307 -0.69109117 -37.174645 -0.019392617 0.99878071 -0.045398367 -4.8553976 0.69103776 0.046205043 0.72134038 69.457871
0.71713382 -0.017428355 -0.69671751 -37.964428 -0.018527097 0.99885724 -0.044056372 -4.9245607 0.69668922 0.044502468 0.71599141 70.303834
0.71254291 -0.01668942 -0.70142999 -38.781788 -0.020039898 0.9988251 -0.04412286 -4.9876788 0.70134232 0.045496017 0.71137129 71.06475
0.70667561 -0.018265088 -0.70730186 -39.597221 -0.019153779 0.99880652 -0.044929608 -5.0571041 0.70727842 0.045298162 0.70548236 71.886342
0.70090698 -0.018442292 -0.7130142 -40.409739 -0.022015294 0.99862996 -0.04747128 -5.1322068 0.71291288 0.048970169 0.6995407 72.705743
0.69753186 -0.020384284 -0.71626374 -41.237062 -0.022094237 0.99850815 -0.049933153 -5.1955437 0.71621309 0.050655267 0.69604087 73.461651
0.69113127 -0.021905224 -0.72239718 -42.063331 -0.021628051 0.99846605 -0.05096842 -5.2670154 0.7224056 0.050849912 0.68959734 74.246544
0.68755864 -0.020794982 -0.725831 -42.963388 -0.02213714 0.99852492 -0.049577502 -5.3471408 0.72579137 0.050155263 0.6860841 75.054442
0.68129119 -0.022738547 -0.73165923 -43.791854 -0.018477569 0.99866475 -0.048242116 -5.4118601 0.7317793 0.046386213 0.67996134 75.833677
0.67722166 -0.023234194 -0.73541209 -44.669857 -0.018454363 0.9986505 -0.048544935 -5.4872594 0.73554762 0.046447244 0.67587898 76.602832
0.67228695 -0.024254715 -0.73989318 -45.503177 -0.01773365 0.99864867 -0.048850348 -5.5569795 0.74007825 0.045962458 0.67094835 77.369594
0.66816606 -0.024518482 -0.74360804 -46.413717 -0.017522264 0.99866107 -0.048672731 -5.6306409 0.74380585 0.045551163 0.66684181 78.147465
0.66330194 -0.025711387 -0.74791003 -47.298836 -0.015802019 0.99870557 -0.048347545 -5.7058481 0.74818506 0.043887509 0.66203705 78.952912
0.65979357 -0.026572844 -0.75097688 -48.1777 -0.015625055 0.99867335 -0.049065293 -5.7827815 0.75128447 0.04410702 0.65850305 79.711625
0.65471467 -0.032321195 -0.75518474 -49.094919 -0.010992349 0.9985726 -0.052267887 -5.8591386 0.75579621 0.042521807 0.65342484 80.510896
0.65176444 -0.03611037 -0.75756129 -50.022022 -0.008044181 0.99848055 -0.054514946 -5.9342453 0.75837884 0.041624864 0.65048364 81.305314
0.64397523 -0.040424548 -0.76397756 -50.913736 -0.0015618813 0.99853148 -0.054152109 -6.0173107 0.76504478 0.036065859 0.6429664 82.052585
0.63637938 -0.044714144 -0.77007914 -51.846804 0.0043019785 0.99850872 -0.054422683 -6.0962372 0.77136426 0.031320609 0.63562272 82.818579
0.62804129 -0.045642333 -0.77684031 -52.787714 0.0066536156 0.99855692 -0.053289873 -6.178917 0.77815161 0.028299444 0.62743866 83.578528
0.61909764 -0.04390306 -0.78408583 -53.712445 0.0067893983 0.998698 -0.050559003 -6.2539276 0.78528471 0.025977488 0.61858965 84.322041
0.60914772 -0.042204032 -0.79193297 -54.726723 0.0042738893 0.99874317 -0.049938013 -6.3404874 0.7930453 0.027034993 0.6085625 85.055669
0.60059968 -0.0449966 -0.7982827 -55.709878 0.0053417631 0.99861871 -0.052269935 -6.4127098 0.79953208 0.027129069 0.60001044 85.78137
0.5900188 -0.046259075 -0.80606319 -56.707255 0.0045075165 0.99853048 -0.054005167 -6.5024453 0.80737696 0.028230721 0.58936027 86.500353
0.58089191 -0.047600107 -0.81258769 -57.687975 0.0040990472 0.99844709 -0.055557185 -6.5758776 0.81397042 0.028941884 0.58018496 87.186301
0.57074185 -0.04965223 -0.81962695 -58.700959 0.0089778889 0.9984878 -0.054235758 -6.6552777 0.8210805 0.023596097 0.57032455 87.871138
0.55964917 -0.050385977 -0.82719647 -59.736237 0.011890773 0.99853549 -0.052777697 -6.7386873 0.82864436 0.019700989 0.55942869 88.593646
0.55105597 -0.050267485 -0.83295284 -60.768107 0.010868164 0.99853166 -0.053069881 -6.8272748 0.83439754 0.020191807 0.55079315 89.248265
0.54149332 -0.050243655 -0.8392023 -61.810068 0.0083630164 0.99848508 -0.054383815 -6.9103641 0.84066349 0.02243021 0.54109319 89.90515
0.52995434 -0.052042256 -0.84642775 -62.880671 0.0089084606 0.99840174 -0.055808663 -6.9928004 0.84797942 0.022035675 0.52957095 90.570907
0.52021609 -0.052146929 -0.85244112 -63.924861 0.0067917078 0.99835517 -0.056928272 -7.0793409 0.8540077 0.023825472 0.51971459 91.212029
0.51082843 -0.051181907 -0.85815772 -65.023628 0.0042754065 0.99836507 -0.056999113 -7.174354 0.85967209 0.025447794 0.51021209 91.863355
0.50230934 -0.049766214 -0.86325465 -66.128154 0.0042440748 0.99847227 -0.055091908 -7.2547187 0.86467762 0.024009462 0.50175316 92.498605
0.49505467 -0.048611857 -0.86750084 -67.229004 0.0059428729 0.99859973 -0.052566797 -7.3439609 0.86884154 0.020867991 0.49465035 93.115469
0.48691001 -0.048253469 -0.87211822 -68.334666 0.0052194684 0.99861577 -0.05233839 -7.4299086 0.87343658 0.020932092 0.48648787 93.738063
0.4809975 -0.05146993 -0.87520979 -69.426539 0.0073504911 0.99847691 -0.054679425 -7.510559 0.87669119 0.019867445 0.48064323 94.33186
0.47358855 -0.054971609 -0.87902898 -70.561396 0.0096640086 0.99831455 -0.057224727 -7.6008433 0.88069323 0.018606031 0.47332158 94.914757
0.46657642 -0.058354327 -0.88255377 -71.689852 0.011543969 0.998138 -0.059893832 -7.6937351 0.88440559 0.017756876 0.46638129 95.507324
0.46149081 -0.061282391 -0.88502578 -72.816887 0.012529888 0.99796199 -0.062568876 -7.7937865 0.88705654 0.017785687 0.46131815 96.10164
0.45631671 -0.062260301 -0.88763655 -73.930106 0.014523256 0.99793736 -0.062530858 -7.8866159 0.88969894 0.015642502 0.45627971 96.656666
0.45269924 -0.060049479 -0.88963891 -75.069115 0.01719223 0.99813207 -0.058624236 -7.9827136 0.89149756 0.011244269 0.45288601 97.228537
0.44692864 -0.057470429 -0.89272161 -76.191084 0.019080756 0.99831963 -0.054715961 -8.0854036 0.89436614 0.0074203264 0.44727421 97.831918
0.44347901 -0.057158934 -0.89446026 -77.292184 0.021639919 0.99835635 -0.053069026 -8.168233 0.89602352 0.0041789508 0.443987 98.34484
0.43874548 -0.056277095 -0.89684738 -78.391532 0.021514436 0.99840879 -0.052125017 -8.2579466 0.89835383 0.0035744495 0.43925811 98.929702
0.43750071 -0.057469051 -0.89737972 -79.577298 0.026574595 0.99834609 -0.050979087 -8.3535514 0.89882534 -0.0015441168 0.43830435 99.466467
0.43485706 -0.055745965 -0.89877231 -80.646208 0.026584494 0.99844171 -0.049065421 -8.4334916 0.90010703 -0.0025569634 0.4356614 99.96927
0.43367058 -0.055475283 -0.89936214 -81.77473 0.027038507 0.99845473 -0.048549691 -8.5162274 0.90066576 -0.0032628371 0.43450041 100.5462
0.42977612 -0.056330909 -0.90117659 -82.888078 0.02981022 0.99839319 -0.048191083 -8.6027205 0.9024433 -0.0061528963 0.43076479 101.06737
0.427834 -0.05509983 -0.90217626 -83.973268 0.032545482 0.99843201 -0.045544726 -8.6840939 0.90327124 -0.0098761801 0.42895641 101.58345
0.4269164 -0.055465755 -0.90258843 -85.066377 0.03664743 0.99835838 -0.044017088 -8.7614564 0.90354824 -0.01428593 0.42824825 102.09138
0.42381548 -0.056473354 -0.90398624 -86.159553 0.038637545 0.99827308 -0.044249169 -8.8470744 0.90492411 -0.016174327 0.42526558 102.61602
0.42305107 -0.058082575 -0.9042423 -87.181558 0.040414477 0.99815979 -0.045207246 -8.921515 0.90520414 -0.017419507 0.42461994 103.07847
0.42149585 -0.059539495 -0.9048736 -88.224351 0.041273715 0.99806776 -0.046445991 -9.0033126 0.90589061 -0.017770704 0.42313884 103.57663
0.42206348 -0.059179129 -0.90463262 -89.290461 0.038856958 0.99813098 -0.047166573 -9.0831595 0.9057332 -0.015243984 0.42357416 104.06168
0.42488782 -0.058802675 -0.90333411 -90.300889 0.035881905 0.99819779 -0.048100603 -9.1547325 0.90453463 -0.011975989 0.42623203 104.51629
0.42833951 -0.05899514 -0.90168995 -91.33131 0.034992939 0.99820094 -0.048686521 -9.2350961 0.9029401 -0.010698422 0.42963331 105.00835
0.43411803 -0.059630136 -0.89888025 -92.358066 0.033344263 0.99818672 -0.050114199 -9.3192335 0.90023872 -0.0082170224 0.43531918 105.50482
0.44041439 -0.059448008 -0.89582422 -93.357773 0.032285116 0.99820866 -0.050370024 -9.3937763 0.89721397 -0.0067381065 0.44154474 105.98161
0.44631446 -0.058025194 -0.89299295 -94.355569 0.030573728 0.99830173 -0.049587351 -9.4694161 0.8943538 -0.005170573 0.44733054 106.44092
0.45452337 -0.057475004 -0.88887854 -95.343617 0.030301171 0.99833618 -0.049058206 -9.5451987 0.89021931 -0.0046359603 0.45550868 106.9431
0.46354779 -0.055630778 -0.88432381 -96.311135 0.027701676 0.99844917 -0.048289386 -9.6134021 0.88563882 -0.0021128141 0.46436998 107.43699
0.47237163 -0.056873396 -0.87956262 -97.30521 0.029677171 0.99837647 -0.048617809 -9.6927333 0.88089975 -0.0031372573 0.47329256 107.96034
0.48222729 -0.057422935 -0.8741621 -98.274443 0.028804995 0.9983492 -0.04969054 -9.7683192 0.87557248 -0.0012181012 0.4830853 108.50399
0.49255554 -0.058677978 -0.86830056 -99.236134 0.026715887 0.99827366 -0.052306337 -9.8450988 0.86987089 0.0025663558 0.49327286 109.02591
0.50404564 -0.058475715 -0.86169514 -100.16573 0.023858611 0.99826733 -0.053787662 -9.9197612 0.86334745 0.0065525867 0.50456745 109.57802
0.51632123 -0.056539655 -0.85452653 -101.15546 0.020998674 0.99835409 -0.053368191 -9.9995559 0.85613755 0.009611205 0.51665867 110.14313
0.52952496 -0.054426525 -0.84654652 -102.01965 0.019824422 0.99846105 -0.051793065 -10.06967 0.84806271 0.010643425 0.52978903 110.68403
0.54119149 -0.052518082 -0.83925775 -102.96123 0.019467078 0.9985628 -0.049933631 -10.143802 0.84067405 0.010685759 0.54143606 111.29111
0.55393627 -0.052066276 -0.83092939 -103.85944 0.020283291 0.99859034 -0.049050172 -10.222991 0.83231199 0.010316686 0.55421148 111.85995
0.56441623 -0.052198226 -0.82383834 -104.73771 0.019695237 0.99856621 -0.049775632 -10.295547 0.8252554 0.011868483 0.56463503 112.47386
0.57620794 -0.052796014 -0.81559606 -105.6016 0.019250427 0.99851124 -0.051036496 -10.366669 0.81707643 0.013707062 0.57636645 113.07675
0.58523585 -0.05459691 -0.80902294 -106.42965 0.020929835 0.99841533 -0.052237705 -10.437588 0.81059299 0.01363866 0.58545115 113.66794
0.59714853 -0.053499283 -0.80034455 -107.26836 0.020409526 0.99846366 -0.051514777 -10.512423 0.80187102 0.014427319 0.597323 114.2821
0.60772614 -0.052262562 -0.79242508 -108.09194 0.020867996 0.99853857 -0.04985223 -10.586975 0.79387248 0.013760179 0.60792861 114.92711
0.61736185 -0.050165229 -0.78507818 -108.90587 0.021472429 0.99866746 -0.046927969 -10.65261 0.78638625 0.012114002 0.61761636 115.54923
0.62730448 -0.048753343 -0.77724652 -109.69591 0.020817458 0.99873164 -0.045844686 -10.722287 0.77849584 0.01257828 0.62752375 116.19244
0.63726363 -0.047790597 -0.76916258 -110.46473 0.018280534 0.99873189 -0.046908775 -10.792564 0.77042906 0.015832553 0.63732915 116.83117
0.64741199 -0.046727324 -0.7607064 -111.2421 0.015711527 0.9987249 -0.047976343 -10.856932 0.76197829 0.019108601 0.64732063 117.47082
0.65655331 -0.046614812 -0.75283781 -111.97513 0.016264517 0.99873139 -0.047655887 -10.927603 0.75410428 0.019044086 0.65647856 118.11714
0.66502801 -0.044707517 -0.745479 -112.70524 0.015827183 0.99882607 -0.045781992 -10.99027 0.74665071 0.018647474 0.66495491 118.75845
0.67379163 -0.043437181 -0.73764354 -113.41006 0.016279019 0.99890101 -0.043951823 -11.047149 0.73874209 0.017606257 0.67375826 119.39224
0.68270495 -0.041781218 -0.72949862 -114.13779 0.015223406 0.99896048 -0.042967445 -11.111653 0.73053558 0.018228634 0.68263132 120.04357
0.68945679 -0.042552901 -0.72307575 -114.8179 0.016570615 0.99893819 -0.042987191 -11.178399 0.72413728 0.017656 0.68942985 120.69672
0.69751383 -0.03983076 -0.71546343 -115.49587 0.013802035 0.99901551 -0.042160696 -11.237113 0.71643842 0.019532817 0.69737688 121.34542
0.70501264 -0.037586796 -0.70819797 -116.17791 0.013124575 0.99911503 -0.039961343 -11.291799 0.70907331 0.018878454 0.70488204 122.02328
0.71204498 -0.035513197 -0.70123514 -116.82496 0.012951809 0.99921447 -0.03745253 -11.349491 0.70201441 0.017585622 0.71194561 122.67797
0.71961801 -0.034331745 -0.69352088 -117.4765 0.012741913 0.99926168 -0.03624561 -11.403107 0.69425327 0.017246211 0.71952416 123.33502
0.72710281 -0.032628667 -0.68575275 -118.11251 0.011334564 0.99930434 -0.03552968 -11.457249 0.68643504 0.018061022 0.72696683 123.99619
0.73504988 -0.03023176 -0.67733867 -118.72634 0.0093793153 0.99936323 -0.034426271 -11.506566 0.67794819 0.018952053 0.73486537 124.64853
0.74359889 -0.027736906 -0.66805039 -119.3063 0.0087293569 0.99945676 -0.031780085 -11.557449 0.66856902 0.017799986 0.74343707 125.31051
0.75326075 -0.023813493 -0.65729075 -119.90287 0.0064388498 0.99956345 -0.028834978 -11.597073 0.65769052 0.017488061 0.75308524 125.96769
0.76326475 -0.021283696 -0.64573515 -120.45726 0.0044983612 0.99960809 -0.02763039 -11.64758 0.64607021 0.018184553 0.76306136 126.63526
0.77281802 -0.02099125 -0.63428042 -120.9932 0.0033865653 0.999575 -0.028954277 -11.684447 0.63461869 0.020228354 0.77256066 127.28263
0.78250551 -0.02162092 -0.62226813 -121.51959 0.0036631419 0.99953949 -0.030122922 -11.730752 0.62263291 0.021291896 0.78222436 127.95128
0.79241774 -0.020869346 -0.60962166 -122.03438 0.0033429285 0.99954813 -0.029872495 -11.774333 0.60996966 0.021633573 0.79212943 128.61282
0.80293353 -0.019538854 -0.59574823 -122.54758 0.0031395673 0.99958737 -0.028552209 -11.809122 0.59606033 0.021055134 0.80266356 129.29216
0.81240945 -0.017713877 -0.58281822 -123.05511 0.0031615743 0.99965757 -0.025976056 -11.849097 0.58307883 0.01926057 0.81218725 129.98951
0.82219671 -0.016199149 -0.56897287 -123.52649 0.0033016128 0.99971386 -0.023691707 -11.887503 0.5691939 0.017600715 0.82201493 130.6845
0.83127053 -0.014919381 -0.55566779 -124.00443 0.0038478919 0.99977024 -0.021086905 -11.918365 0.55585477 0.015390773 0.83113695 131.39608
0.83894476 -0.014102012 -0.54403382 -124.44424 0.0045107558 0.99981006 -0.018960327 -11.953154 0.54419791 0.013452663 0.83884902 132.08264
0.84623459 -0.014416892 -0.53261538 -124.89486 0.0058521119 0.99982506 -0.017765372 -11.981827 0.53277837 0.011916748 0.84617092 132.7963
0.85281887 -0.014294818 -0.52201112 -125.32962 0.0061705553 0.99983133 -0.017298561 -12.016271 0.5221704 0.011531441 0.85276323 133.51776
0.85990708 -0.013283093 -0.51027772 -125.77463 0.005556286 0.99984571 -0.016663777 -12.038533 0.51042038 0.01149405 0.85984821 134.2441
0.8661463 -0.011744854 -0.4996525 -126.19397 0.0041595382 0.99985862 -0.016292173 -12.073335 0.49977325 0.012033081 0.8660727 134.96369
0.8726528 -0.010877362 -0.48821998 -126.62255 0.0035525255 0.99986685 -0.015926822 -12.096353 0.48832825 0.012164172 0.87257525 135.70561
0.87839833 -0.011294697 -0.47779575 -127.02665 0.0041078959 0.99986221 -0.016083802 -12.126784 0.47791162 0.01216525 0.87832369 136.46252
0.88311352 -0.012277761 -0.46899867 -127.43133 0.00491749 0.99984484 -0.01691509 -12.153741 0.46913362 0.012631648 0.88303687 137.21466
0.88764267 -0.012785993 -0.46035528 -127.82677 0.0054890704 0.99983725 -0.017185811 -12.189816 0.46050013 0.012727937 0.88756839 137.97886
0.89122737 -0.012343264 -0.45338879 -128.22375 0.0053058438 0.99984495 -0.016790529 -12.211138 0.45352578 0.012558569 0.89115468 138.76689
0.89401575 -0.010305267 -0.44791699 -128.62591 0.0048583975 0.99989965 -0.013307709 -12.242053 0.44800922 0.0097211424 0.89397609 139.5538
0.89731293 -0.0066887829 -0.44134425 -129.02759 0.0028196645 0.99995164 -0.0094219832 -12.258385 0.44138596 0.0072100244 0.89728839 140.34879
0.90082627 -0.0040568674 -0.43416076 -129.43608 0.0011814251 0.99997555 -0.0068926303 -12.275877 0.43417814 0.0056961338 0.90080903 141.17131
0.9041422 -0.0013563553 -0.42722948 -129.82423 -0.00071632644 0.99998874 -0.0046906898 -12.301222 0.42723107 0.0045470861 0.90413105 141.99876
0.90707418 0.00048886049 -0.42097051 -130.20719 -0.0016914412 0.99999549 -0.0024833197 -12.307296 0.42096743 0.0029646018 0.90707092 142.83901
0.91042 0.0018719679 -0.41368092 -130.60188 -0.0018714356 0.99999817 0.00040652605 -12.325857 0.41368096 0.00040406742 0.91042183 143.68934
0.91370747 0.0018878339 -0.40636816 -130.98553 -0.0010155045 0.99999669 0.0023622755 -12.336254 0.40637131 -0.0017457604 0.91370637 144.55532
0.91722852 0.0018900235 -0.39835694 -131.37548 -0.00059070171 0.9999941 0.0033844114 -12.348488 0.39836102 -0.0028689689 0.91722423 145.45309
0.92081672 0.0010843674 -0.38999408 -131.76495 0.00024751447 0.99999431 0.0033648627 -12.344859 0.38999554 -0.0031949514 0.92081121 146.32954
0.92449645 -0.0019109825 -0.38118584 -132.1509 0.0032324495 0.99999078 0.002826503 -12.374131 0.38117695 -0.0038452563 0.92449411 147.24569
0.92852786 -0.0031227721 -0.37124957 -132.52023 0.0040075303 0.99999067 0.0016117464 -12.379185 0.37124111 -0.0029843457 0.92853171 148.17003
0.93308166 -0.0039827059 -0.35964253 -132.89442 0.0041427551 0.99999137 -0.00032572084 -12.396973 0.35964075 -0.0011859871 0.9330901 149.11475
0.93785807 -0.0026197883 -0.34700918 -133.26126 0.0022435603 0.99999638 -0.0014859488 -12.407707 0.34701184 0.00061507281 0.93786055 150.07791
0.94352366 0.00081082491 -0.33130413 -133.59857 -0.00092216607 0.99999956 -0.00017887183 -12.424231 0.33130387 0.00047428698 0.943524 151.04886
0.95011631 0.0047095127 -0.31186025 -133.94389 -0.0040530981 0.999988 0.0027529694 -12.425392 0.31186949 -0.0013516412 0.95012399 152.06869
0.95642778 0.0075464014 -0.29187147 -134.26516 -0.0066009705 0.99996929 0.0042238402 -12.435742 0.2918944 -0.0021131634 0.95644822 153.06901
0.96267208 0.0094591524 -0.27050506 -134.5505 -0.0083612699 0.99995147 0.0052107442 -12.456385 0.27054124 -0.0027544725 0.96270445 154.11516
0.9683575 0.010742284 -0.24933583 -134.83968 -0.0095118282 0.99993592 0.0061392929 -12.454801 0.24938582 -0.0035733911 0.96839762 155.16651
0.97372298 0.011501857 -0.22744507 -135.08924 -0.0097331025 0.99991305 0.0088967072 -12.47506 0.22752764 -0.0064491824 0.97375027 156.23284
0.97863412 0.01354631 -0.20516276 -135.34647 -0.011306563 0.99986304 0.012085369 -12.470643 0.20529839 -0.0095074688 0.97865325 157.31979
0.98289938 0.01519206 -0.1835157 -135.542 -0.012418878 0.99979081 0.016251332 -12.476105 0.18372422 -0.013694365 0.98288243 158.4115
0.98691649 0.017192878 -0.16031295 -135.74896 -0.014229891 0.99970639 0.019612373 -12.465864 0.16060309 -0.017074539 0.98687137 159.54307
0.99016155 0.018634891 -0.13868256 -135.91215 -0.016074508 0.99967947 0.019559481 -12.462646 0.13900261 -0.017137792 0.99014371 160.67131
0.99299842 0.018566737 -0.1166594 -136.06608 -0.016592423 0.99970259 0.01787225 -12.461447 0.11695655 -0.015811455 0.99301116 161.82434
0.99526047 0.018715398 -0.09542713 -136.17997 -0.017209894 0.9997145 0.016575252 -12.454848 0.095710106 -0.014854403 0.99529841 162.97717
0.9970286 0.017014917 -0.075129614 -136.2855 -0.015689423 0.9997113 0.018197914 -12.452376 0.075417566 -0.016965101 0.99700771 164.13509
0.99833494 0.017236347 -0.055047716 -136.36565 -0.016143953 0.99966505 0.020227961 -12.439283 0.055377938 -0.019305593 0.99827881 165.34563
0.99924847 0.017878301 -0.03439287 -136.3965 -0.017159157 0.99963027 0.021092472 -12.442073 0.034757255 -0.020486468 0.99918579 166.53975
0.99972491 0.019276579 -0.013361202 -136.46321 -0.018986669 0.99958864 0.021495425 -12.432385 0.013770065 -0.021235828 0.99967966 167.77435
0.99978165 0.01950155 0.0075061831 -136.4393 -0.01966314 0.99956256 0.022091954 -12.417736 -0.0070720729 -0.022234725 0.99972776 169.01362
0.99937509 0.021830065 0.027800736 -136.42129 -0.022432199 0.99951642 0.021534373 -12.406804 -0.027317198 -0.022144548 0.9993815 170.24972
0.99860158 0.022895724 0.047651577 -136.37793 -0.023889002 0.99950685 0.020380446 -12.397828 -0.047161456 -0.021490294 0.99865608 171.48049
0.99739266 0.023210905 0.068331054 -136.30332 -0.024519757 0.9995304 0.018378457 -12.394599 -0.06787239 -0.020006 0.99749341 172.77136
0.99595818 0.024931845 0.086288514 -136.22048 -0.026375193 0.99952996 0.015627365 -12.390079 -0.085858343 -0.017840079 0.99614762 174.02624
0.99411188 0.025443191 0.10532911 -136.09314 -0.027057804 0.99953683 0.013928489 -12.383634 -0.10492595 -0.016696451 0.99433987 175.29938
0.99194957 0.025215921 0.12409754 -135.93551 -0.026786867 0.99958057 0.011006459 -12.393178 -0.12376797 -0.014242036 0.99220898 176.57613
0.98941958 0.026582591 0.14262629 -135.77269 -0.027653498 0.99960227 0.0055311843 -12.394384 -0.14242254 -0.009416778 0.98976116 177.89921
0.98648241 0.027882883 0.16147754 -135.57679 -0.028083914 0.99960503 -0.0010378184 -12.414945 -0.16144272 -0.0035111318 0.98687584 179.20779
0.98347648 0.030544761 0.17844054 -135.34102 -0.029866169 0.99953285 -0.0064885396 -12.428431 -0.17855539 0.001051991 0.9839293 180.50117
0.98010683 0.032648429 0.19576688 -135.09112 -0.031197641 0.99945818 -0.01049064 -12.469374 -0.19600333 0.0041744835 0.98059435 181.81369
0.97614897 0.034994391 0.21426287 -134.83083 -0.032952776 0.99937113 -0.01309405 -12.498315 -0.21458637 0.0057211874 0.97668826 183.17097
0.97224718 0.034205306 0.23144205 -134.5298 -0.032065054 0.99940119 -0.013003979 -12.531828 -0.23174828 0.0052218805 0.97276178 184.49484
0.96814223 0.03313255 0.24819923 -134.2012 -0.030655334 0.99943419 -0.013840016 -12.565877 -0.24851737 0.0057904737 0.96861013 185.83838
0.96331908 0.032655784 0.26636432 -133.82483 -0.028727027 0.9994136 -0.018633664 -12.621415 -0.26681664 0.01029831 0.96369229 187.18511
0.95913895 0.034129687 0.28086943 -133.46335 -0.028832482 0.99932026 -0.022972 -12.672443 -0.28146256 0.013935177 0.95947102 188.52001
0.95387726 0.036349426 0.29798807 -133.06438 -0.030709527 0.99924998 -0.023588343 -12.707989 -0.29862202 0.013349311 0.9542781 189.88591
0.94833165 0.037995292 0.31499751 -132.64045 -0.032189617 0.99920277 -0.023614695 -12.766884 -0.31564365 0.012254914 0.94879867 191.21892
0.94222655 0.042281368 0.33229717 -132.19278 -0.035209443 0.99900763 -0.027277207 -12.814586 -0.33312075 0.014001311 0.94278022 192.56398
0.93536449 0.043099586 0.3510494 -131.69663 -0.034586015 0.99893654 -0.030489219 -12.877555 -0.35199018 0.016377134 0.93586041 193.91896
0.92910506 0.044012799 0.36718749 -131.19802 -0.034081808 0.99885779 -0.033489563 -12.939763 -0.36824209 0.01860091 0.92954386 195.26633
0.92217813 0.043916549 0.38426401 -130.65822 -0.03160477 0.99876638 -0.038299571 -13.010555 -0.38547199 0.023174452 0.92242848 196.58351
0.9136347 0.047380989 0.4037656 -130.09556 -0.032401087 0.99851228 -0.043856495 -13.104043 -0.4052429 0.026986373 0.91381067 197.92687
0.90413995 0.051147446 0.42416373 -129.49756 -0.033939356 0.99826908 -0.048030951 -13.193119 -0.42588623 0.029030859 0.90431087 199.26615
0.89220457 0.054002989 0.44839119 -128.86172 -0.035471779 0.9981375 -0.049631497 -13.273093 -0.45023635 0.028376217 0.89245842 200.59601
0.87974406 0.058040901 0.47189153 -128.19417 -0.038023045 0.99793048 -0.051855641 -13.369112 -0.47392473 0.027676941 0.88013031 201.89367
0.86579671 0.062484709 0.4964793 -127.49928 -0.040298723 0.99765705 -0.055284904 -13.471246 -0.49877058 0.027858007 0.86628625 203.21805
0.85056513 0.066115667 0.5216969 -126.74277 -0.041676186 0.99741962 -0.058456844 -13.583949 -0.52421568 0.027979017 0.85112579 204.48168
0.83605572 0.067809599 0.54443794 -125.95343 -0.041353764 0.99729848 -0.060709143 -13.689298 -0.54708385 0.028241669 0.83660128 205.75556
0.8199449 0.068730642 0.56830135 -125.12688 -0.039886039 0.99721265 -0.063055829 -13.798295 -0.57105121 0.029035017 0.82040082 207.00281
0.80426558 0.071135945 0.58999706 -124.25507 -0.038231302 0.99694666 -0.068086142 -13.92462 -0.59303902 0.032202986 0.8045295 208.2228
0.78813692 0.073586083 0.6110853 -123.36554 -0.036617304 0.99667474 -0.072791707 -14.056445 -0.61440979 0.034993537 0.78821069 209.43144
0.77174874 0.075352024 0.63144748 -122.43646 -0.034671614 0.99646389 -0.076534943 -14.188642 -0.63498173 0.037172444 0.77163232 210.60189
0.75520302 0.0769139 0.65096284 -121.45842 -0.032933038 0.99628998 -0.079509022 -14.331617 -0.65466316 0.038607271 0.75493421 211.76227
0.73985251 0.077655727 0.66827226 -120.46924 -0.031071414 0.99620013 -0.08136262 -14.477229 -0.67205124 0.039432176 0.73945403 212.9016
0.72426517 0.077882571 0.68510892 -119.43294 -0.028852815 0.99615341 -0.082739981 -14.61599 -0.68891765 0.040158367 0.72372635 214.03933
0.70964475 0.078355751 0.70018902 -118.40329 -0.025862708 0.9960239 -0.085249645 -14.765636 -0.70408486 0.04238818 0.70884962 215.11997
0.69460931 0.079818861 0.71494532 -117.32476 -0.023170364 0.99579222 -0.088662234 -14.92111 -0.71901396 0.045020072 0.69353598 216.21071
0.68012303 0.082416409 0.72845052 -116.22353 -0.021278498 0.9954612 -0.092758998 -15.098051 -0.73278915 0.047587199 0.67878978 217.2614
0.66559306 0.084631559 0.74150073 -115.09857 -0.020029604 0.99521729 -0.09561046 -15.248498 -0.74604607 0.048785695 0.66410486 218.28553
0.64934651 0.084941861 0.75573404 -113.95173 -0.018376782 0.99520514 -0.09606776 -15.420567 -0.76027065 0.048493306 0.64779394 219.29043
0.63365898 0.0865944 0.76875071 -112.79868 -0.019138293 0.99516608 -0.096323367 -15.597352 -0.77337577 0.046323591 0.63225319 220.28494
0.61583261 0.087561905 0.78299621 -111.61917 -0.020794554 0.99526533 -0.09494473 -15.767994 -0.78760259 0.042188005 0.61473765 221.26234
0.59778568 0.088252261 0.79678338 -110.39289 -0.022744806 0.99538892 -0.093185681 -15.935701 -0.80133327 0.037582384 0.59703653 222.20339
0.5805267 0.089911479 0.80926178 -109.20957 -0.024812323 0.99537648 -0.09279019 -16.110163 -0.81386311 0.033787519 0.58007353 223.10208
0.56269554 0.093102849 0.82140461 -108.01654 -0.02656487 0.99516092 -0.0945994 -16.281685 -0.82623731 0.031410155 0.56244588 223.94778
0.54397531 0.096936577 0.83348312 -106.78935 -0.028824779 0.99487716 -0.096894606 -16.463181 -0.83860602 0.028683307 0.54398278 224.7905
0.52473578 0.096998809 0.84572072 -105.56617 -0.028968421 0.99494617 -0.096140279 -16.636634 -0.85077215 0.025949051 0.52489375 225.57883
0.50372447 0.095850267 0.85853033 -104.31867 -0.029173263 0.99514601 -0.093985874 -16.803956 -0.86337167 0.022296854 0.50407566 226.34735
0.4824466 0.093910612 0.87087657 -103.06989 -0.028930524 0.99540201 -0.091311881 -16.969815 -0.87544752 0.018858193 0.4829452 227.06892
0.46135758 0.09264973 0.88236339 -101.82929 -0.029027019 0.99557632 -0.089360055 -17.134238 -0.88673935 0.015614561 0.46200603 227.75783
0.43971067 0.091226713 0.89349435 -100.57265 -0.027229311 0.99572485 -0.088264336 -17.29016 -0.89772666 0.014481536 0.44031488 228.40661
