1 0 0 0 0 1 0 0 0 0 1 0
0.99995355 -0.0029209908 0.0091853216 -0.021863727 0.0029087008 0.99999486 0.001351095 -0.0043687504 -0.0091892217 -0.0013243149 0.9999569 0.30137866
0.99986213 -0.004246554 0.016052958 -0.0089089025 0.0042252005 0.99999014 0.0013638954 -0.0017907244 -0.016058593 -0.0012958804 0.99987021 0.62338867
0.99978888 -0.0067972719 0.01939078 0.047978521 0.006794664 0.9999769 0.00020039386 -0.010764682 -0.019391695 -6.8597698e-05 0.99981196 0.88282301
0.99986221 -0.0086091121 0.014192963 0.032839291 0.0086287855 0.99996189 -0.0013254462 -0.016021837 -0.014181012 0.0014477317 0.9998984 1.1712058
0.99990249 -0.011198215 0.0083430239 0.018862036 0.011224506 0.99993216 -0.0031110039 -0.014665202 -0.008307621 0.003204347 0.99996036 1.5187365
0.99991887 -0.012313728 -0.0032604538 -0.022983016 0.012299979 0.99991551 -0.0042040764 -0.029544382 0.0033119465 0.0041636319 0.99998585 1.8327385
0.99975576 -0.011613193 -0.018802779 -0.0014347192 0.011528466 0.99992293 -0.0046083042 -0.033427494 0.018854849 0.0043904116 0.99981259 2.1243575
0.99929221 -0.0080574833 -0.036744487 -0.036991947 0.0078680767 0.99995502 -0.0052964048 -0.041035235 0.036785513 0.0050035477 0.99931066 2.5259906
0.99846629 -0.0035672376 -0.055248015 -0.087947778 0.0032184886 0.99997434 -0.0064001193 -0.04335924 0.055269433 0.0062124884 0.99845215 2.8922389
0.9970415 -0.0035501053 -0.076783067 -0.1670928 0.0030880086 0.99997641 -0.0061361053 -0.049020435 0.076803045 0.005880845 0.99702894 3.2050688
0.99554627 -0.0047604523 -0.09415388 -0.22373631 0.004218925 0.9999734 -0.0059497378 -0.058438277 0.094179707 0.0055260111 0.99553988 3.6687063
0.99330103 -0.0058422715 -0.11540767 -0.30067156 0.0052882316 0.99997298 -0.0051063163 -0.066911965 0.11543439 0.0044618068 0.99330509 4.0253691
0.99123226 -0.0045474986 -0.13205271 -0.33428159 0.0040021369 0.99998233 -0.0043949967 -0.071809286 0.13207037 0.0038279695 0.99123295 4.4273844
0.98863836 -0.0041862958 -0.15025534 -0.43531506 0.0036305215 0.99998552 -0.0039729876 -0.078055928 0.1502698 0.0033823427 0.98863924 4.7863075
0.98684516 -0.0030375138 -0.16163973 -0.52238396 0.0024384103 0.9999894 -0.0039046611 -0.084716153 0.16164989 0.0034591518 0.98684211 5.2513462
0.98456239 -0.0044009198 -0.17497868 -0.59634204 0.003602063 0.99998159 -0.0048827852 -0.093079952 0.17499696 0.0041771223 0.98456011 5.6588499
0.98271453 -0.0078411072 -0.18496127 -0.70423206 0.0066743539 0.99995371 -0.0069298841 -0.10762705 0.18500706 0.0055756008 0.98272138 6.0778968
0.98108264 -0.0067141324 -0.19347293 -0.7757402 0.0051365724 0.99994936 -0.0086543929 -0.11334639 0.19352125 0.0074968869 0.98106744 6.5474563
0.97984217 -0.0066444836 -0.19966265 -0.87996782 0.0046169755 0.99993296 -0.010618567 -0.11948884 0.19971984 0.0094826817 0.97980716 7.0297261
0.97742671 -0.0069019397 -0.21116199 -0.98633541 0.0043021335 0.99990922 -0.012768837 -0.1224015 0.21123097 0.011572156 0.97736767 7.4338769
0.97541696 -0.011106502 -0.22008724 -1.1349831 0.0080614356 0.99985902 -0.01472905 -0.13662926 0.22021982 0.012592746 0.97536899 7.9055217
0.97372919 -0.016266376 -0.22712743 -1.2298174 0.013049044 0.99979223 -0.015659764 -0.14880265 0.22733499 0.012284573 0.97373913 8.433226
0.9718292 -0.017742781 -0.23501744 -1.3663986 0.013822973 0.99973669 -0.018315839 -0.17834289 0.23528055 0.014551227 0.97181857 8.9514976
0.96962688 -0.013771212 -0.24420088 -1.5038366 0.0085927346 0.99971532 -0.022258501 -0.1835793 0.2444379 0.019484088 0.96946918 9.4660127
0.96753591 -0.010843126 -0.25250087 -1.6547408 0.004538166 0.99966352 -0.025539076 -0.19447242 0.25269285 0.023564083 0.96725956 10.008823
0.9650297 -0.013476148 -0.26179394 -1.8300565 0.006492768 0.99960012 -0.02752182 -0.21611284 0.26206017 0.024859606 0.9647313 10.578278
0.9626882 -0.015757927 -0.27015385 -2.0096888 0.008193415 0.99954276 -0.029105704 -0.25034696 0.270489 0.025806236 0.96237713 11.139373
0.96058686 -0.015414217 -0.27755231 -2.1768384 0.0067264088 0.99945795 -0.032226582 -0.27599726 0.27789864 0.029089502 0.96016986 11.7319
0.95801711 -0.014763224 -0.28633069 -2.3739973 0.0048197441 0.99936156 -0.03540103 -0.29605823 0.28667054 0.032534752 0.95747663 12.31253
0.95594486 -0.015725654 -0.29312475 -2.5668469 0.0038833708 0.99915412 -0.04093842 -0.32853123 0.29352061 0.037996561 0.95519732 12.90065
0.95423865 -0.016626033 -0.29858361 -2.7871774 0.0024403551 0.99885299 -0.047820046 -0.36588524 0.29903621 0.044903087 0.9531847 13.519717
0.95321853 -0.017224764 -0.30179088 -2.9886738 0.00028012106 0.99842509 -0.0561005 -0.40488941 0.30228193 0.053391499 0.95172212 14.143499
0.95164293 -0.017213792 -0.30672366 -3.2027125 -0.0027435454 0.99791287 -0.064516507 -0.44555984 0.30719409 0.06223819 0.9496095 14.747162
0.95027858 -0.016910427 -0.31094155 -3.3969329 -0.0062716281 0.99728259 -0.073403723 -0.49343564 0.31133791 0.071704097 0.94759023 15.390856
0.94918061 -0.015885954 -0.3143307 -3.6517025 -0.010119576 0.99666853 -0.080928571 -0.55947685 0.31456917 0.079996725 0.94585769 16.098227
0.9473976 -0.014770355 -0.31971803 -3.8942283 -0.013918992 0.99608811 -0.087262493 -0.61935709 0.31975626 0.087122431 0.94348589 16.741937
0.94585559 -0.013698238 -0.32429856 -4.123277 -0.017462945 0.99551455 -0.092982894 -0.68926364 0.32411767 0.093611599 0.94137379 17.40216
0.94415985 -0.011023832 -0.32930328 -4.3737374 -0.022730159 0.99487985 -0.098475451 -0.76867862 0.32870281 0.10046168 0.93907504 18.092895
0.94269792 -0.0090338452 -0.33352514 -4.6545901 -0.026405486 0.99447783 -0.10157062 -0.84078163 0.33260096 0.1045573 0.93725364 18.809955
0.94059376 -0.007773305 -0.33944504 -4.9029039 -0.028925476 0.99426891 -0.10292057 -0.91828524 0.33829971 0.10662505 0.93497829 19.423754
0.9383625 -0.0070633104 -0.34558056 -5.1793001 -0.030134165 0.99431282 -0.10214668 -1.0025685 0.3443367 0.1062644 0.93281302 20.119644
0.93605663 -0.0072956748 -0.35177373 -5.4617283 -0.030096221 0.99446054 -0.1007097 -1.0851589 0.35055987 0.10485704 0.93065181 20.862516
0.93415312 -0.0078199115 -0.35678676 -5.7274833 -0.029386069 0.99467921 -0.09874074 -1.1710038 0.35566054 0.10272353 0.92895289 21.596098
0.93073583 -0.0062278396 -0.3656392 -6.0314179 -0.030842563 0.99495566 -0.095456669 -1.2566508 0.36438931 0.10012219 0.92584879 22.268113
0.92691207 -0.0037672738 -0.37525965 -6.387965 -0.03251592 0.99538285 -0.090308873 -1.3403383 0.37386727 0.095910299 0.92250989 23.11748
0.92375032 -0.0021505107 -0.38298917 -6.6843774 -0.032709876 0.99588759 -0.084486522 -1.4154905 0.38159588 0.090571981 0.91988114 23.799432
0.92011242 0.00023545769 -0.39165427 -6.9980548 -0.034551965 0.99614959 -0.080573969 -1.4877791 0.3901273 0.087669535 0.91657774 24.546591
0.91588464 0.0010496089 -0.40144018 -7.3482784 -0.035660245 0.99625607 -0.078753922 -1.5700389 0.39985459 0.086444964 0.91249306 25.303861
0.9117384 0.0032809747 -0.4107582 -7.7239553 -0.038765103 0.99619254 -0.078087662 -1.6481702 0.40893809 0.087118606 0.90839419 26.07458
0.90974217 0.0018338939 -0.41516961 -8.1316209 -0.037169406 0.99633441 -0.077046588 -1.7074586 0.41350651 0.085524139 0.90647559 26.749657
0.90496438 0.0035989533 -0.4254721 -8.4691031 -0.039349786 0.99638667 -0.075267454 -1.7863997 0.42366389 0.084856602 0.90183606 27.534829
0.90089844 0.0044380521 -0.43400725 -8.8713592 -0.040021746 0.99653698 -0.072885515 -1.859779 0.43218085 0.083032176 0.89795623 28.298757
0.8979142 0.0053252241 -0.44013828 -9.2870045 -0.039677052 0.9968354 -0.068883384 -1.9361993 0.43837864 0.07931476 0.89528395 29.088701
0.89330033 0.0047148446 -0.44943551 -9.6781041 -0.037097539 0.99730653 -0.063272917 -1.9900019 0.44792669 0.07319467 0.89106916 29.895489
0.8896358 0.0041745276 -0.45665162 -10.083148 -0.034982825 0.99764291 -0.059032493 -2.0604986 0.45532885 0.068492383 0.88768488 30.677076
0.88599623 0.0033188179 -0.46368055 -10.556848 -0.033658676 0.99779675 -0.057172879 -2.12793 0.46246924 0.06626183 0.88415586 31.505529
0.88266382 0.0053304673 -0.46997462 -10.949635 -0.035725855 0.99780372 -0.055779942 -2.1882477 0.46864513 0.066025183 0.88091568 32.316726
0.87931647 0.0050609323 -0.47621099 -11.397494 -0.035022747 0.99792311 -0.054063545 -2.2504118 0.47494838 0.064217184 0.87766748 33.148654
0.87668131 0.0034542933 -0.48105917 -11.908371 -0.032897358 0.99806386 -0.052785381 -2.308515 0.47994548 0.062101534 0.87509757 33.965093
0.87469394 0.00091155579 -0.4846748 -12.37933 -0.030175702 0.99816065 -0.05258087 -2.3657076 0.48373543 0.060617572 0.87311257 34.833093
0.87334821 0.0020206043 -0.48709219 -12.879946 -0.031891243 0.99808301 -0.053040118 -2.4319437 0.4860513 0.061856469 0.87173845 35.678488
0.87194998 0.0012754385 -0.48959328 -13.400896 -0.031434971 0.99807912 -0.05338458 -2.4880524 0.48858478 0.061939035 0.87031516 36.527396
0.87062015 0.0017880526 -0.49195258 -13.863675 -0.03182083 0.99810399 -0.05268636 -2.5503444 0.49092567 0.061524147 0.86902634 37.36349
0.87134363 -5.000139e-05 -0.49067326 -14.385431 -0.028686999 0.99828429 -0.051044451 -2.6079845 0.489834 0.058553201 0.86984722 38.312858
0.87003169 -0.00050651397 -0.49299553 -14.888787 -0.027917691 0.99834416 -0.05029447 -2.6707296 0.49220472 0.05752108 0.86857692 39.181361
0.87020047 -0.0018611085 -0.49269428 -15.400665 -0.026730078 0.99834179 -0.050982014 -2.7360158 0.49197221 0.05753433 0.86870776 40.089309
0.86970991 -0.0049006552 -0.49353888 -15.950755 -0.023756641 0.99837605 -0.05177724 -2.8029965 0.49299119 0.056756005 0.86818113 41.067598
0.8674453 -0.0036049604 -0.49751948 -16.473175 -0.024476804 0.9984537 -0.049910956 -2.8667178 0.49693013 0.055472712 0.86601573 41.8889
0.86486562 -0.0036433042 -0.50199021 -16.99562 -0.022621106 0.99867506 -0.046221404 -2.9290763 0.50149354 0.051330877 0.8636373 42.834686
0.86292456 -0.006456324 -0.5052915 -17.559443 -0.017039619 0.998978 -0.041864212 -2.9954682 0.50504542 0.044735632 0.86193264 43.803048
0.85907221 -0.0069940989 -0.5118066 -18.11593 -0.015497439 0.99909282 -0.03966571 -3.0529092 0.51161976 0.042007401 0.85818449 44.655413
0.85484606 -0.010259886 -0.51878023 -18.700359 -0.013443802 0.99903092 -0.04191047 -3.1210211 0.51870753 0.042801379 0.85387971 45.640774
0.84857 -0.010503281 -0.52897884 -19.226643 -0.015986713 0.99883741 -0.045478026 -3.1809846 0.52884157 0.047047922 0.84741555 46.470334
0.84272305 -0.010015189 -0.53825416 -19.836276 -0.017054646 0.99882844 -0.045286779 -3.2395115 0.53807716 0.047343946 0.84156494 47.371158
0.83619138 -0.0095831322 -0.548354 -20.413293 -0.014834699 0.99908627 -0.040081812 -3.2970964 0.54823711 0.041650733 0.83528517 48.285465
0.83117323 -0.0050534489 -0.55599055 -21.007295 -0.017091815 0.99925391 -0.034633568 -3.3622354 0.5557508 0.038289383 0.83046674 49.168098
0.82689517 -0.0052433166 -0.56233163 -21.616486 -0.018395209 0.99916921 -0.036366207 -3.4109955 0.56205518 0.040415248 0.82611174 50.032891
0.82498406 -0.0066853916 -0.56511643 -22.237961 -0.019986124 0.99895946 -0.040994503 -3.466955 0.56480252 0.045114298 0.82399201 50.892776
0.82148522 -0.007062294 -0.57018605 -22.855369 -0.024555404 0.99855764 -0.047745833 -3.5379895 0.56970088 0.053223645 0.82012693 51.731024
0.81847865 -0.0060441213 -0.57450513 -23.470884 -0.027279487 0.99840805 -0.049368011 -3.6037326 0.57388898 0.056078868 0.81701079 52.574555
0.81543305 -0.0068762793 -0.57881053 -24.115716 -0.024138091 0.99865574 -0.045869987 -3.6599176 0.57834792 0.051375285 0.81417092 53.40829
0.8117078 -0.0054052806 -0.5840387 -24.74777 -0.021972219 0.99896674 -0.039782836 -3.7220837 0.58365032 0.045124664 0.81075033 54.301578
0.80853636 -0.004338168 -0.5884302 -25.352658 -0.021404754 0.99909423 -0.036777105 -3.7783277 0.58805681 0.04233083 0.80771116 55.144108
0.80664581 -0.001684972 -0.59103272 -26.019979 -0.025455651 0.99896897 -0.037590013 -3.836542 0.59048673 0.045366949 0.80577124 56.006484
0.8026683 -0.0049200219 -0.59640536 -26.628899 -0.022934618 0.99897178 -0.039107383 -3.8873276 0.59598459 0.045068586 0.80173015 56.869172
0.79874415 -0.0063007323 -0.60163781 -27.301771 -0.023582629 0.99884893 -0.041769259 -3.9551653 0.60120851 0.047551153 0.79767615 57.716643
0.79449488 -0.0088260346 -0.60720668 -27.92362 -0.021358494 0.99886961 -0.042465393 -4.0013313 0.60689516 0.046707558 0.79340828 58.548439
0.7913402 -0.0068662794 -0.61133748 -28.619888 -0.023287123 0.99887278 -0.04136271 -4.0754766 0.61093242 0.046968267 0.79028829 59.442421
0.78525478 -0.004877993 -0.61915354 -29.265394 -0.025575546 0.99886 -0.040306239 -4.1367374 0.61864437 0.047485857 0.78423483 60.199234
0.78014068 -0.0091952512 -0.62553651 -30.033875 -0.021416558 0.99891336 -0.041393565 -4.1971432 0.62523746 0.045689644 0.77909602 61.143333
0.77576361 -0.0094885021 -0.63095226 -30.729541 -0.022265316 0.99885273 -0.042396609 -4.2650392 0.63063072 0.046938098 0.77466234 62.013969
0.76975699 -0.011089187 -0.63824069 -31.408579 -0.021190629 0.99885411 -0.042911889 -4.3196906 0.63798524 0.046556449 0.76863994 62.76909
0.76503386 -0.011919913 -0.64387971 -32.161482 -0.021652909 0.99878725 -0.044217365 -4.3867757 0.64362597 0.04776965 0.76384796 63.688508
0.75834376 -0.016629003 -0.65164268 -32.852264 -0.017047356 0.99882672 -0.045327368 -4.4336157 0.65163193 0.045482511 0.75717053 64.385316
0.7528794 -0.01144691 -0.65805891 -33.573643 -0.024566296 0.99866324 -0.04547779 -4.5166901 0.65769988 0.050405362 0.75159178 65.235344
0.74671633 -0.015391053 -0.66496451 -34.302686 -0.018356671 0.99887459 -0.043733095 -4.5678736 0.66488931 0.044862752 0.74559344 66.092755
0.74116127 -0.016306688 -0.67112892 -35.019864 -0.016843299 0.99893856 -0.042872507 -4.6355099 0.67111572 0.043079467 0.74009992 66.865848
0.73403726 -0.015145949 -0.67894025 -35.915722 -0.019661054 0.99885823 -0.043539325 -4.7051754 0.67882456 0.045308168 0.73290137 67.67746
0.73090567 -0.017862011 -0.68224469 -36.703302 -0.018202248 0.99879164 -0.04565012 -4.7726729 0.68223575 0.045784319 0.72969734 68.456916
0.72406102 -0.01748955 -0.68951411 -37.445729 -0.019358975 0.99876931 -0.04566274 -4.8238443 0.68946422 0.046410897 0.72283135 69.229242
0.71556219 -0.017501406 -0.69832973 -38.134118 -0.01902592 0.99882696 -0.044527824 -4.9021841 0.69828992 0.045148793 0.71438982 70.104047
0.71260205 -0.016057037 -0.70138467 -39.077334 -0.0214858 0.99876962 -0.044694596 -4.9628487 0.70123942 0.046919272 0.71138028 70.892266
0.70642887 -0.021468682 -0.70745834 -39.817334 -0.014705333 0.99887892 -0.044996126 -5.0181144 0.7076313 0.042189973 0.7053212 71.628963
0.7017912 -0.020473372 -0.71208841 -40.629848 -0.019183248 0.99868134 -0.047619098 -5.0980407 0.7121244 0.047078833 0.70047303 72.479142
0.69819769 -0.022439857 -0.71555321 -41.437143 -0.019510937 0.99854093 -0.050352099 -5.1671657 0.71563912 0.049116833 0.69674115 73.235641
0.69426233 -0.025711681 -0.7192626 -42.380802 -0.016223964 0.99854865 -0.051355444 -5.2268599 0.71953919 0.047323441 0.69283756 74.063462
0.68727091 -0.021914109 -0.72607053 -43.12178 -0.020469183 0.99856367 -0.049513792 -5.3188792 0.72611277 0.04889146 0.6858352 74.86497
0.68385266 -0.02286754 -0.72926166 -43.994957 -0.01842159 0.99864895 -0.048589277 -5.3896969 0.72938758 0.046662066 0.68250748 75.662496
0.67823295 -0.025714419 -0.73439689 -44.911938 -0.01505241 0.99869173 -0.048869784 -5.4548226 0.73469282 0.044199542 0.67695857 76.421951
0.67227764 -0.025063706 -0.73987468 -45.707525 -0.016802882 0.99865263 -0.049097689 -5.5261171 0.74010843 0.045439305 0.67095069 77.196714
0.66984325 -0.026539595 -0.74202805 -46.664143 -0.014827213 0.99868361 -0.049104028 -5.6034731 0.74235451 0.043894209 0.66856797 78.014636
0.66386525 -0.026591614 -0.74737926 -47.517496 -0.01464029 0.99871402 -0.048538403 -5.6822519 0.74770892 0.043164808 0.66262222 78.788832
0.65823468 -0.029185631 -0.75224681 -48.325551 -0.012099974 0.99870896 -0.049335634 -5.7468223 0.75271558 0.041576592 0.65703172 79.49947
0.65607511 -0.033923199 -0.75393277 -49.290745 -0.0087358484 0.99858097 -0.052533109 -5.8313362 0.75464507 0.041051908 0.65484777 80.30588
0.65117782 -0.038739719 -0.75793577 -50.221699 -0.0040885833 0.99850276 -0.054548304 -5.9000462 0.75891421 0.03861953 0.65004447 81.109151
0.64517841 -0.04243733 -0.76285244 -51.101536 0.0011723791 0.99851006 -0.054555383 -5.9858591 0.76403108 0.034303603 0.64426688 81.856082
0.63634919 -0.046873265 -0.76997568 -52.086515 0.0072649183 0.99847206 -0.05477916 -6.0734971 0.77136695 0.029264864 0.63571742 82.673078
0.62829543 -0.046788992 -0.77656654 -52.957043 0.0079993379 0.9985256 -0.053690259 -6.1519751 0.77793375 0.027521326 0.62774335 83.330923
0.61802167 -0.045557502 -0.7848399 -53.930544 0.0090413926 0.99866539 -0.050849764 -6.2253524 0.7861091 0.02433021 0.61760876 84.053907
0.60928346 -0.045987684 -0.7916178 -54.997747 0.009736983 0.99867548 -0.050522094 -6.3166761 0.79289275 0.023074307 0.60892423 84.910036
0.60145444 -0.046632261 -0.79754494 -55.917835 0.0072745822 0.9985733 -0.052900343 -6.3881204 0.79887401 0.02601534 0.60093558 85.579703
0.59090199 -0.049468528 -0.80522521 -56.964539 0.008982262 0.99845979 -0.054748285 -6.4753769 0.80669338 0.025118127 0.59043622 86.33989
0.58232717 -0.048708532 -0.81149399 -57.986151 0.0052270504 0.99840716 -0.056176748 -6.5578712 0.81293776 0.028471527 0.58165421 87.035209
0.57195753 -0.050169367 -0.81874756 -58.96711 0.0088992322 0.99844868 -0.054963896 -6.6496092 0.82023499 0.02415079 0.57151671 87.743725
0.55848535 -0.051349205 -0.8279235 -59.956174 0.012489061 0.99848957 -0.053503359 -6.7238728 0.8294204 0.019540855 0.5582831 88.407704
0.5504492 -0.05051447 -0.83333901 -60.990309 0.0107855 0.99851481 -0.053402728 -6.8177276 0.83479902 0.020407511 0.55017651 89.078
0.5392215 -0.052321605 -0.84053707 -62.014342 0.011010051 0.99842089 -0.055086359 -6.8914887 0.84209204 0.020449393 0.53894608 89.778552
0.53096923 -0.053118308 -0.84572458 -63.134587 0.010126961 0.99835988 -0.056347047 -6.9737226 0.84733062 0.021353928 0.5306363 90.401377
0.5234138 -0.052815236 -0.85044017 -64.211726 0.0072415019 0.99831682 -0.057542009 -7.0652486 0.8520479 0.023959817 0.52291526 91.020589
0.51248204 -0.055149891 -0.85692507 -65.264328 0.010299447 0.99825844 -0.058086247 -7.1420446 0.85863621 0.020942304 0.51215754 91.658019
0.50574583 -0.05107493 -0.86116923 -66.348547 0.0054764663 0.99841582 -0.055998654 -7.2400389 0.86266519 0.023604921 0.50522435 92.242361
0.49618138 -0.050073914 -0.86677366 -67.525277 0.0075848347 0.99854736 -0.05334463 -7.3306579 0.8681858 0.019894277 0.4958404 92.884004
0.4879426 -0.050225101 -0.87142951 -68.564096 0.0079177689 0.99855682 -0.053118697 -7.4146337 0.87283984 0.019019097 0.48763608 93.521488
0.48036899 -0.053867917 -0.87541066 -69.685702 0.010610161 0.99839599 -0.055613579 -7.4978796 0.87700235 0.017426791 0.48017002 94.104854
0.47275092 -0.057422459 -0.87932313 -70.7804 0.012684606 0.99821461 -0.058366802 -7.5851165 0.88110484 0.016439092 0.47263526 94.652305
0.46635487 -0.060869736 -0.88250096 -71.931725 0.015196412 0.99803379 -0.060808016 -7.6766206 0.88446722 0.014947266 0.46636293 95.299252
0.46220678 -0.06347653 -0.88449735 -73.042433 0.01455845 0.9978435 -0.064003163 -7.7819953 0.8866527 0.016705785 0.46213415 95.838004
0.45930948 -0.06515711 -0.88588333 -74.136427 0.018303789 0.99778858 -0.06389771 -7.8737547 0.88808774 0.013133802 0.45948638 96.394677
0.45150825 -0.061533243 -0.89014263 -75.307511 0.018392029 0.9980491 -0.059663522 -7.9789157 0.89207741 0.010567043 0.45175912 96.992586
0.44879683 -0.061072462 -0.89154444 -76.378783 0.025028959 0.99812964 -0.055774356 -8.056291 0.89328328 0.0027169245 0.449486 97.518118
0.44446952 -0.06024078 -0.89376609 -77.669576 0.024748655 0.99818119 -0.054970972 -8.1727737 0.89545207 0.0023134128 0.445152 98.184395
0.44215536 -0.059594901 -0.89495643 -78.751668 0.02531787 0.99822192 -0.053962967 -8.2627031 0.89658112 0.0012016242 0.44287799 98.738913
0.44207102 -0.060622931 -0.89492905 -79.835181 0.030966774 0.99815021 -0.052318425 -8.3519054 0.89644539 -0.0045846073 0.44313058 99.281646
0.43632928 -0.057389186 -0.89795499 -80.949395 0.028171065 0.99834599 -0.050116547 -8.4398705 0.89934599 -0.0034290328 0.4372243 99.8291
0.43730249 -0.059317306 -0.89735607 -82.086968 0.032584559 0.99821227 -0.050104921 -8.5235831 0.89872401 -0.0073289458 0.43845355 100.37953
0.43229762 -0.058349186 -0.89984113 -83.14351 0.031994879 0.99826842 -0.049360758 -8.6074871 0.90116323 -0.0074517707 0.43341594 100.90809
0.43086955 -0.058360008 -0.90052511 -84.260694 0.03659429 0.99821577 -0.047181934 -8.6902173 0.90167198 -0.012624819 0.43223642 101.39093
0.43014738 -0.058551697 -0.90085785 -85.306468 0.040100932 0.99814874 -0.045727518 -8.7677334 0.90186763 -0.016455668 0.43169904 101.88371
0.4281179 -0.058678454 -0.90181585 -86.40434 0.04064172 0.99813035 -0.045651557 -8.8543431 0.90280861 -0.0171071 0.42970226 102.43592
0.42608623 -0.058803746 -0.90276939 -87.503433 0.041182664 0.99811159 -0.045576795 -8.9408466 0.90374476 -0.017758805 0.4277033 102.98571
0.4242555 -0.062478235 -0.90338457 -88.505748 0.045110554 0.99783655 -0.047825331 -9.0078304 0.90441825 -0.02046202 0.42615607 103.42346
0.42764681 -0.061920654 -0.90182258 -89.589517 0.041928852 0.99793607 -0.048637189 -9.095038 0.90297301 -0.017012848 0.42936044 103.9337
0.4296589 -0.063259894 -0.90077264 -90.653244 0.04270792 0.99785035 -0.049706295 -9.181677 0.90198078 -0.017113374 0.43143698 104.35637
0.43462334 -0.062031581 -0.89847346 -91.683096 0.038115897 0.99799823 -0.050464875 -9.2572327 0.89980542 -0.012312911 0.43611772 104.89871
0.43901655 -0.062222613 -0.89632179 -92.658991 0.036706341 0.99800834 -0.051302999 -9.3345131 0.8977289 -0.010377828 0.44042615 105.32576
0.44441287 -0.062652815 -0.89362842 -93.704482 0.036676745 0.9979874 -0.051729671 -9.4177136 0.895071 -0.0097860512 0.44581634 105.84674
0.45049058 -0.061807422 -0.8906391 -94.6447 0.035861119 0.99804833 -0.051122501 -9.4916899 0.8920607 -0.008909111 0.45182785 106.34492
0.46017068 -0.06007943 -0.88579531 -95.654855 0.033857575 0.99816954 -0.050112248 -9.5670778 0.88718469 -0.006930694 0.4613625 106.85252
0.46745306 -0.059133815 -0.88203785 -96.625201 0.032690479 0.99823408 -0.049598922 -9.6475689 0.88341329 -0.0056490731 0.46856069 107.37514
0.47697849 -0.057824315 -0.87701072 -97.558078 0.030182505 0.99832255 -0.049407506 -9.7207944 0.87839661 -0.0029040631 0.47792367 107.95895
0.48623109 -0.057713067 -0.87192228 -98.552098 0.027807779 0.99833315 -0.050573156 -9.7882392 0.87338773 0.00034401803 0.48702549 108.43347
0.49659471 -0.06100933 -0.86583572 -99.600353 0.030137616 0.99813716 -0.053046437 -9.8827356 0.86745921 0.00024835429 0.49750831 109.00162
0.50755561 -0.06017658 -0.85951499 -100.44481 0.025920571 0.99817302 -0.054577883 -9.9501795 0.86122906 0.0054221908 0.50818813 109.53298
0.52107407 -0.058838363 -0.85148094 -101.49267 0.024395235 0.99824015 -0.054050643 -10.029537 0.85316279 0.0073923109 0.52159244 110.1099
0.53384473 -0.05664515 -0.84368304 -102.33363 0.023043892 0.9983577 -0.052448917 -10.104038 0.84526851 0.0085578368 0.53427332 110.62443
0.54585411 -0.055294511 -0.83605367 -103.29922 0.023229923 0.99843522 -0.050867354 -10.180922 0.83755819 0.0083446913 0.54628446 111.25579
0.55701554 -0.054691626 -0.82869925 -104.12498 0.024042756 0.99847299 -0.049735682 -10.251608 0.83015402 0.0077793332 0.55747991 111.83054
0.56699216 -0.053693888 -0.82197129 -105.04772 0.021364338 0.99849613 -0.050488049 -10.325996 0.82344612 0.011065455 0.56728661 112.4668
0.57875218 -0.055237178 -0.81363057 -105.86936 0.022718878 0.99840828 -0.051621285 -10.402941 0.81518698 0.011391157 0.5790859 113.03268
0.59021085 -0.057900934 -0.80516991 -106.72886 0.026303138 0.99827412 -0.052506443 -10.475624 0.80682052 0.0098113763 0.59071519 113.58121
0.59989099 -0.056813568 -0.798062 -107.55191 0.02545833 0.99832599 -0.051933607 -10.54898 0.79967664 0.010837177 0.60033315 114.26046
0.6107491 -0.054958303 -0.7899146 -108.38331 0.024672825 0.99842487 -0.050388778 -10.624304 0.79143973 0.011285476 0.61114306 114.88643
0.62188929 -0.052365755 -0.78135235 -109.22478 0.024486221 0.99857416 -0.047434902 -10.694297 0.78272229 0.010366891 0.62228481 115.51944
0.63087882 -0.051172654 -0.77419198 -109.98549 0.024165742 0.99863451 -0.046315545 -10.760416 0.77550499 0.010510572 0.63125399 116.16184
0.64120158 -0.049663308 -0.7657637 -110.73209 0.021167443 0.99866851 -0.047043996 -10.825799 0.76708052 0.013955425 0.64139907 116.789
0.65084072 -0.048393968 -0.75767033 -111.54532 0.018316507 0.9986768 -0.048053623 -10.8978 0.75899336 0.017397381 0.65086594 117.42417
0.65957256 -0.048500043 -0.75007449 -112.26047 0.019215466 0.99867792 -0.047677836 -10.967548 0.75139527 0.017033962 0.65963251 118.07489
0.66830455 -0.046889046 -0.74240851 -113.01349 0.019269629 0.99876778 -0.045733969 -11.029436 0.74363819 0.016258283 0.66838459 118.76449
0.67734075 -0.046712756 -0.73418484 -113.72084 0.021423683 0.99881125 -0.043784742 -11.0939 0.73535745 0.013928247 0.67753633 119.42349
0.68725534 -0.045240032 -0.72500579 -114.49309 0.020746982 0.9988741 -0.042662586 -11.157407 0.72611962 0.014278408 0.68742015 120.09862
0.69506897 -0.044706124 -0.7175517 -115.17212 0.019969247 0.9988802 -0.042890371 -11.217265 0.71866571 0.015482798 0.69518338 120.70447
0.70139233 -0.043283354 -0.71145999 -115.82263 0.019096994 0.99893736 -0.041945963 -11.286062 0.71251958 0.01583383 0.70147358 121.43979
0.70936328 -0.04041313 -0.7036835 -116.48162 0.017634374 0.99905999 -0.039600139 -11.334978 0.70462246 0.015681866 0.70940913 122.0457
0.71590344 -0.037942957 -0.69716752 -117.11082 0.016897001 0.99917136 -0.037028252 -11.390462 0.69799484 0.014728613 0.71595134 122.69397
0.72414779 -0.036568215 -0.6886746 -117.75511 0.016118412 0.99921785 -0.036109218 -11.443969 0.68945646 0.015048069 0.72417083 123.34778
0.7317707 -0.034879679 -0.68065778 -118.39454 0.014736388 0.99926586 -0.035363463 -11.500344 0.68139161 0.015847509 0.73174748 124.0433
0.73946255 -0.032789537 -0.67239865 -119.03101 0.01343306 0.99933293 -0.033959645 -11.550345 0.67306369 0.016079514 0.73940974 124.70874
0.74844391 -0.029789256 -0.66252869 -119.58023 0.012144877 0.99943881 -0.031217938 -11.594709 0.66308691 0.015318546 0.74838568 125.37428
0.75740354 -0.025963181 -0.65243065 -120.14776 0.0098252746 0.99954919 -0.028370492 -11.634776 0.65287317 0.015077601 0.75731719 125.99822
0.76724475 -0.023617035 -0.64091941 -120.73642 0.0085158847 0.99960882 -0.0266399 -11.683055 0.64129791 0.014981328 0.76714574 126.69936
0.77775272 -0.02332956 -0.62813725 -121.3329 0.0071496138 0.99957468 -0.028272493 -11.727665 0.62852973 0.01749807 0.77758873 127.36915
0.78658268 -0.024079249 -0.61701527 -121.8043 0.007511099 0.99953856 -0.029432072 -11.772528 0.61743931 0.018516295 0.78640058 128.04031
0.79740391 -0.023252271 -0.60299776 -122.36473 0.0074319744 0.99955998 -0.028716117 -11.819229 0.60340019 0.01841688 0.79722585 128.72738
0.80615805 -0.022165817 -0.59128491 -122.83326 0.0070334271 0.99958646 -0.027882661 -11.849542 0.59165848 0.018319073 0.80598057 129.40504
0.81546807 -0.020051347 -0.57845462 -123.26879 0.0066926935 0.9996596 -0.025216919 -11.882179 0.57876339 0.016692173 0.81532468 130.06248
0.82525282 -0.019051658 -0.56444201 -123.79909 0.007533432 0.99971328 -0.022729014 -11.926615 0.56471325 0.014504997 0.82515973 130.76704
0.83407414 -0.01741162 -0.55137749 -124.22917 0.0077313207 0.99977256 -0.019875976 -11.955485 0.5515982 0.012315161 0.83401905 131.44251
0.84256013 -0.01692391 -0.53833632 -124.69234 0.0086049879 0.99980162 -0.017963367 -11.987658 0.53853358 0.010502839 0.84253861 132.1837
0.84917541 -0.0170618 -0.5278352 -125.13657 0.0097102749 0.99981345 -0.016696292 -12.015763 0.52802165 0.0090526559 0.84918267 132.89484
0.85536334 -0.016995839 -0.51774962 -125.57795 0.010133005 0.99981936 -0.016079914 -12.048925 0.51792943 0.0085078093 0.85538105 133.64649
0.8624528 -0.016057001 -0.50588271 -126.00321 0.0094165975 0.9998327 -0.015681391 -12.071374 0.50604991 0.0087607656 0.86245971 134.33632
0.86831735 -0.014477844 -0.49579769 -126.43519 0.0078829811 0.99985048 -0.015390856 -12.102178 0.49594643 0.0094557832 0.86830165 135.07901
0.87480945 -0.013429641 -0.48428097 -126.82606 0.0072236158 0.99986617 -0.01467858 -12.120892 0.48441332 0.0093427006 0.87478938 135.80168
0.88036412 -0.014007055 -0.47409155 -127.24325 0.00794282 0.99985905 -0.014791463 -12.157073 0.47423195 0.0092562491 0.88035129 136.5574
0.88550073 -0.015045379 -0.46439432 -127.63254 0.0088260072 0.99983993 -0.015563359 -12.175192 0.46455418 0.0096826179 0.88549178 137.32675
0.89001863 -0.01553257 -0.45565948 -128.04779 0.0092360484 0.99982866 -0.016041923 -12.209315 0.45583062 0.010069117 0.89000959 138.11175
0.89327638 -0.014884586 -0.44926133 -128.39909 0.0088827116 0.99984096 -0.015464279 -12.236312 0.44942009 0.0098232162 0.89326653 138.87128
0.89603288 -0.013204023 -0.4437913 -128.80189 0.0086889392 0.99988775 -0.012206111 -12.25938 0.44390269 0.0070810007 0.89604703 139.68903
0.89917853 -0.0096673511 -0.43747514 -129.23246 0.006781707 0.99994373 -0.0081578172 -12.282616 0.43752942 0.0043685056 0.89919349 140.44098
0.90271688 -0.0069700422 -0.4301786 -129.58173 0.0050959409 0.99997184 -0.0055085362 -12.295443 0.43020492 0.0027804836 0.90272698 141.24847
0.90633887 -0.0041353688 -0.42253134 -129.99037 0.0032313335 0.9999907 -0.0028557586 -12.318993 0.42253926 0.001222945 0.90634381 142.08366
0.90905214 -0.0022521331 -0.41667627 -130.42325 0.0021347821 0.99999744 -0.00074758104 -12.323305 0.41667692 -0.00020992322 0.90905463 142.94754
0.91242326 -0.0011131143 -0.40924632 -130.81979 0.002104146 0.99999584 0.0019713357 -12.343214 0.40924245 -0.0026598069 0.91242181 143.79534
0.91555866 -0.001027996 -0.40218313 -131.19621 0.00280189 0.99998877 0.0038224126 -12.35211 0.40217472 -0.0046265162 0.91555126 144.65975
0.9191973 -0.0010948406 -0.39379577 -131.53427 0.0033395417 0.99998185 0.0050149768 -12.365256 0.39378317 -0.005924851 0.91918427 145.53247
0.92222683 -0.001839216 -0.38664489 -131.94439 0.0040859139 0.99997921 0.004988974 -12.362747 0.38662771 -0.0061807639 0.92221517 146.4151
0.9263721 -0.00424468 -0.37658558 -132.28669 0.0064829002 0.99996805 0.0046763156 -12.385792 0.37655373 -0.0067733754 0.92637003 147.33461
0.92994654 -0.0060816477 -0.36764444 -132.68777 0.0079115936 0.99996268 0.0034705756 -12.386018 0.36760964 -0.0061361036 0.92995995 148.27312
0.93422252 -0.0069309391 -0.35662339 -133.03072 0.0080372316 0.99996639 0.0016203538 -12.405492 0.3566002 -0.0043800362 0.93424682 149.19451
0.93926098 -0.0056941887 -0.3431565 -133.41917 0.0063305979 0.99997969 0.00073438807 -12.408762 0.34314538 -0.0028621682 0.93927795 150.14269
0.94491327 -0.0020125881 -0.3273146 -133.75313 0.0027971474 0.99999423 0.0019262354 -12.424601 0.32730887 -0.0027356729 0.94491345 151.1141
0.95127751 0.0016702567 -0.30833147 -134.08052 -0.00028532154 0.99998967 0.004536739 -12.425807 0.30833589 -0.0042277245 0.95126816 152.12163
0.95731976 0.0046374601 -0.2889937 -134.38322 -0.0029263776 0.99997554 0.0063526215 -12.43703 0.28901612 -0.0052357857 0.95730992 153.10829
0.96361645 0.0064996181 -0.26720983 -134.67805 -0.0047083612 0.99996195 0.0073437296 -12.448216 0.26724742 -0.0058184185 0.96361038 154.17839
0.96943655 0.0079968204 -0.24521177 -134.96148 -0.0060774505 0.9999447 0.0085830944 -12.450013 0.24526687 -0.0068305034 0.96943154 155.22506
0.97447763 0.0085870342 -0.22432032 -135.23387 -0.0061560227 0.99991453 0.011534372 -12.463817 0.22440021 -0.0098590671 0.9744472 156.27802
0.97956154 0.010498123 -0.20087055 -135.45919 -0.0076963902 0.99986198 0.014723846 -12.453969 0.20099741 -0.012876936 0.97950714 157.37841
0.98395732 0.012300782 -0.17797943 -135.68464 -0.0091130708 0.99978329 0.018717017 -12.46638 0.17817111 -0.016794807 0.98385618 158.48597
0.98765906 0.014322519 -0.15596293 -135.85838 -0.010992869 0.99969332 0.022190657 -12.452743 0.15623294 -0.020202324 0.98751361 159.61803
0.99094397 0.015954673 -0.13332478 -136.056 -0.013070579 0.99966186 0.022479442 -12.449595 0.13363836 -0.020533236 0.99081743 160.7478
0.99369525 0.015540001 -0.11103271 -136.14212 -0.013353286 0.9997025 0.020410944 -12.431872 0.11131688 -0.018799607 0.99360713 161.89143
0.99584217 0.015650548 -0.089740922 -136.29471 -0.013955797 0.99971281 0.019481444 -12.426401 0.090020052 -0.018148038 0.99577459 163.07143
0.99747197 0.013980625 -0.069672112 -136.3509 -0.012530462 0.99969656 0.02120789 -12.418509 0.069947477 -0.020281252 0.99734449 164.20033
0.99868777 0.014721073 -0.049051313 -136.43121 -0.013601233 0.99964095 0.023086101 -12.412821 0.049373558 -0.022388649 0.99852942 165.43105
0.99945809 0.015291868 -0.029149387 -136.46503 -0.014594187 0.99960545 0.023999035 -12.401765 0.029504879 -0.023560619 0.99928693 166.65364
0.99983893 0.016390264 -0.0073123723 -136.46552 -0.016204211 0.9995607 0.024815955 -12.389448 0.0077159007 -0.024693468 0.99966529 167.824
0.99979277 0.016605424 0.011775795 -136.5104 -0.016897409 0.99954099 0.025145139 -12.373667 -0.011352845 -0.025338909 0.99961445 169.0595
0.99931035 0.018969738 0.031921412 -136.4483 -0.019765487 0.99949701 0.024800209 -12.358216 -0.031434905 -0.025414048 0.99918265 170.29934
0.99835346 0.01973182 0.053861138 -136.41968 -0.021036329 0.99949631 0.023761273 -12.339643 -0.05336516 -0.02485519 0.99826569 171.5311
0.99713805 0.01984042 0.072952473 -136.41562 -0.021470339 0.99953556 0.021626196 -12.338505 -0.072489524 -0.023130617 0.99710092 172.80423
0.99561856 0.021715764 0.09095117 -136.27248 -0.023533947 0.99954312 0.018966114 -12.327586 -0.09049776 -0.021023455 0.99567473 174.02356
0.99360891 0.022323094 0.11064816 -136.15427 -0.024368343 0.99955565 0.017166367 -12.318342 -0.1102158 -0.019752968 0.99371138 175.35942
0.99120402 0.021990822 0.13050282 -135.99565 -0.024057572 0.99960856 0.014281268 -12.315202 -0.13013769 -0.017295232 0.99134507 176.64392
0.98856931 0.023524856 0.14892047 -135.76543 -0.025107761 0.99964639 0.0087578447 -12.317995 -0.14866179 -0.012396796 0.98881039 177.93655
0.98576426 0.02501852 0.1662615 -135.62205 -0.02582376 0.99966291 0.0026828312 -12.336822 -0.16613835 -0.0069381362 0.98607805 179.23886
0.98261166 0.027459798 0.18363082 -135.37083 -0.027433563 0.99962003 -0.0026837936 -12.344511 -0.18363475 -0.0024005205 0.98299162 180.53816
0.97898267 0.029416439 0.20181079 -135.07507 -0.028637606 0.99956688 -0.006778527 -12.375022 -0.2019228 0.00085668277 0.97940107 181.90307
0.9752519 0.031798449 0.21879805 -134.8308 -0.030460121 0.99949095 -0.0094880796 -12.399506 -0.2189884 0.0025886528 0.97572403 183.17461
0.97137882 0.031241441 0.23547218 -134.50473 -0.029846217 0.99950947 -0.0094878923 -12.432281 -0.23565311 0.002188384 0.97183477 184.522
0.96722182 0.030072196 0.25214602 -134.21431 -0.028432997 0.99954424 -0.010142844 -12.460593 -0.25233614 0.0026411132 0.96763604 185.84398
0.96221248 0.029705236 0.27067461 -133.83834 -0.026733091 0.99953508 -0.014661568 -12.516519 -0.27098432 0.0068715754 0.96255924 187.20934
0.95762847 0.030897021 0.28634433 -133.46441 -0.026567079 0.99946655 -0.018995134 -12.556298 -0.2867785 0.010582949 0.95793846 188.52172
0.95244031 0.033371814 0.30289233 -133.05201 -0.028880228 0.99939659 -0.019297239 -12.58768 -0.30335357 0.0096318695 0.95282939 189.88779
0.94722 0.034995286 0.31866848 -132.62888 -0.030166006 0.99934321 -0.020078731 -12.64274 -0.31916187 0.0094060211 0.94765354 191.2183
0.94054058 0.039201994 0.33741164 -132.15725 -0.033424209 0.99917845 -0.022918487 -12.681379 -0.33803291 0.010278051 0.94107817 192.56211
0.93397009 0.040167749 0.35508649 -131.69367 -0.032949878 0.9991095 -0.026353527 -12.743623 -0.35582888 0.01291335 0.93446191 193.88311
0.92725558 0.040982139 0.37217944 -131.13836 -0.032340752 0.9990434 -0.029434172 -12.796568 -0.37302972 0.015256438 0.92769396 195.21044
0.92025281 0.041308478 0.38913798 -130.59329 -0.030296033 0.99894896 -0.034396677 -12.872244 -0.39014988 0.019864302 0.92053707 196.57082
0.91174356 0.044612425 0.40833001 -130.02081 -0.030884131 0.99871602 -0.040155603 -12.952847 -0.40959719 0.024000696 0.91195072 197.91125
0.90218972 0.047956257 0.42866524 -129.45372 -0.032423889 0.99852853 -0.043467936 -13.027493 -0.43011907 0.025317332 0.90241711 199.195
0.89039719 0.051036442 0.45231417 -128.80862 -0.034288013 0.99839137 -0.045155327 -13.113138 -0.45389117 0.024697223 0.89071481 200.51215
0.87748276 0.055277292 0.47641201 -128.13056 -0.037075155 0.9981815 -0.047530209 -13.193988 -0.47817304 0.024043891 0.87793647 201.8102
0.86266643 0.05981729 0.50222355 -127.41542 -0.039567342 0.99792002 -0.050892586 -13.294925 -0.50422324 0.024031676 0.86323892 203.09525
0.84848087 0.0631302 0.52544721 -126.66365 -0.040932592 0.99771383 -0.053773915 -13.388265 -0.52764075 0.024118223 0.84912518 204.37548
0.83341928 0.064801078 0.54882885 -125.87846 -0.04064845 0.99759951 -0.056061782 -13.492033 -0.5511443 0.024413929 0.83405272 205.63654
0.81733547 0.065814067 0.57239079 -125.01925 -0.039259055 0.99750722 -0.058635098 -13.599234 -0.574823 0.025453025 0.81788183 206.92117
0.80203092 0.068260883 0.59336904 -124.15943 -0.038018653 0.99726777 -0.063337049 -13.717226 -0.59607132 0.028239181 0.80243477 208.13598
0.78547866 0.070814707 0.61482398 -123.27987 -0.036408579 0.99699898 -0.068318788 -13.841803 -0.61781691 0.031278083 0.78569968 209.31951
0.76899239 0.072606382 0.63512123 -122.33082 -0.034648358 0.9968025 -0.072001843 -13.969977 -0.63831828 0.033362963 0.76904923 210.51105
0.75368371 0.074175548 0.65303814 -121.34427 -0.033263991 0.9966426 -0.074813369 -14.098284 -0.656395 0.034662964 0.75362067 211.6343
0.73762683 0.074758337 0.67105723 -120.35523 -0.031337104 0.99657117 -0.076576054 -14.236833 -0.67448104 0.035455563 0.73744034 212.76962
0.72072584 0.075180671 0.6891314 -119.34186 -0.029125436 0.99650798 -0.078253123 -14.374172 -0.69260813 0.036327796 0.72039872 213.86064
0.70683229 0.075562971 0.70333371 -118.28548 -0.026256069 0.99639567 -0.08066154 -14.508348 -0.70689375 0.038547404 0.70626862 214.95441
0.69178063 0.07709536 0.71798038 -117.21239 -0.023731277 0.99617452 -0.084102013 -14.662059 -0.7217177 0.041141554 0.69096381 216.04083
0.67728205 0.079534184 0.73141185 -116.08264 -0.021501709 0.99585478 -0.088379447 -14.827509 -0.73540924 0.04413121 0.67618469 217.11875
0.66187383 0.081970492 0.74512001 -114.98196 -0.020706045 0.99562321 -0.091135566 -14.974994 -0.74932926 0.044891759 0.66067422 218.11762
0.64542114 0.082092888 0.75940257 -113.8233 -0.018807505 0.99561428 -0.09164321 -15.13984 -0.76359537 0.044865998 0.64413446 219.1585
0.63010744 0.083792123 0.77197373 -112.65565 -0.019829193 0.99557291 -0.091877018 -15.314174 -0.77625477 0.042584778 0.62897943 220.15154
0.61388575 0.084646537 0.78484343 -111.4489 -0.021688417 0.99566753 -0.090420069 -15.47552 -0.78909693 0.038485582 0.61306195 221.04977
0.59452266 0.085545679 0.79951528 -110.2896 -0.024194602 0.9957775 -0.088553932 -15.631291 -0.8037148 0.033303366 0.59408203 222.01699
0.57652567 0.086901063 0.81244464 -109.07803 -0.025627661 0.99576213 -0.088323288 -15.798156 -0.81667706 0.030099588 0.5763095 222.9055
0.55870338 0.090298175 0.82443721 -107.85649 -0.02784717 0.99553728 -0.090166831 -15.964366 -0.82889995 0.027418271 0.55872459 223.73945
0.54093777 0.093482167 0.83585127 -106.62239 -0.029987414 0.9953157 -0.091909823 -16.125 -0.84052789 0.024652478 0.54120715 224.55747
0.52088972 0.094269085 0.84840272 -105.40627 -0.030444767 0.99530275 -0.09189965 -16.306357 -0.85308093 0.022040161 0.52131297 225.36293
0.49990074 0.093037745 0.86107094 -104.1397 -0.030267894 0.99548275 -0.089988552 -16.476276 -0.86555368 0.01892254 0.50045862 226.17861
0.47818252 0.091436357 0.87348772 -102.83574 -0.030602308 0.99569645 -0.087476177 -16.639257 -0.8777272 0.01509884 0.4789228 226.83711
0.45810736 0.089973197 0.88433161 -101.63116 -0.030800953 0.99587347 -0.085365913 -16.793997 -0.88836311 0.011868498 0.45898823 227.49023
0.43547817 0.088686155 0.89581999 -100.35942 -0.029365891 0.99600515 -0.084329063 -16.941862 -0.89972022 0.010416915 0.43634285 228.1687
