1.000000000000000000e+00 4.398956837314658088e-19 2.733407509747682871e-20 -8.673617379884035472e-19 -5.583667658079949532e-19 1.000000000000000000e+00 -6.100159232558060012e-19 0.000000000000000000e+00 4.145284534913582806e-20 -2.210423569125054137e-19 1.000000000000000222e+00 0.000000000000000000e+00
9.999413066879072609e-01 -1.080989889446843733e-03 1.078029012866862577e-02 7.561190819029893484e-02 1.076720823526078254e-03 9.999993396119311040e-01 4.018033120447617223e-04 -5.419280688232108734e-03 -1.078071754100404754e-02 -3.901723588585654669e-04 9.999418102478669912e-01 2.919965314479437413e-01
9.998542845910944887e-01 -2.467161007330909150e-03 1.689149859235165169e-02 1.026193443577625569e-01 2.454016891484308086e-03 9.999966698246393060e-01 7.988341907757911088e-04 -1.082758303196129646e-02 -1.689341348481324806e-02 -7.572657550393360878e-04 9.998570093322194374e-01 5.406136691922660553e-01
9.997855076107046157e-01 -6.252725058447978004e-03 1.974442283777059007e-02 8.797256149110159462e-02 6.276315303933636264e-03 9.999796618353377076e-01 -1.133036103614483122e-03 -1.381538515375584086e-02 -1.973693705144301952e-02 1.256715333437731247e-03 9.998044178544263083e-01 9.277097231416279177e-01
9.998247961838492293e-01 -6.886649892251210311e-03 1.740548823674897133e-02 9.067284235357711553e-02 6.917917055799496957e-03 9.999745626061118386e-01 -1.736822452900124800e-03 -1.867536400636667093e-02 -1.739308490046513611e-02 1.856927916924021489e-03 9.998470044946248247e-01 1.183820331663684167e+00
9.998881501603668065e-01 -1.064747267282027329e-02 1.050326264559529876e-02 8.923634723386583700e-02 1.068479276287830765e-02 9.999367783768811080e-01 -3.503488919206259634e-03 -1.764569162186271911e-02 -1.046529549314705390e-02 3.615322289620957232e-03 9.999387016320618882e-01 1.540458255651190766e+00
9.999370671833046620e-01 -1.113002380110719378e-02 -1.408637856472832670e-03 6.801456399894757754e-02 1.112304839163439675e-02 9.999262946796378948e-01 -4.866516606507827018e-03 -2.837617667761561935e-02 1.462698500071318896e-03 4.850542046901622564e-03 9.999871662957594554e-01 1.851255476886997986e+00
9.997926025634471525e-01 -1.102629172462759113e-02 -1.712228782811110045e-02 3.095481260672065457e-02 1.094051147604522059e-02 9.999271679766154053e-01 -5.095481566270942259e-03 -3.896474098386276674e-02 1.717722533753734265e-02 4.907098226934500200e-03 9.998404189394198838e-01 2.164885891081481883e+00
9.993317419925389355e-01 -6.447941873658557393e-03 -3.597906933737254204e-02 1.509607558226290329e-02 6.254377676405481305e-03 9.999653714253892156e-01 -5.489872451956112100e-03 -4.242531232521593032e-02 3.601322243130958278e-02 5.261177132275398662e-03 9.993374644718819866e-01 2.517326217281151912e+00
9.984298532800455206e-01 -3.631980199588303714e-03 -5.589844964844388475e-02 -4.440559721908915458e-02 3.280099219750197501e-03 9.999742330511069976e-01 -6.385466147138822192e-03 -5.451698161642323792e-02 5.592020216541979116e-02 6.192087575219900122e-03 9.984160401216514158e-01 2.867549920383121176e+00
9.971459170010673612e-01 -3.020250185532260493e-03 -7.543804145254504046e-02 -9.336579379596818273e-02 2.539245281276312875e-03 9.999758372212017576e-01 -6.471259805128451795e-03 -5.937158066290834646e-02 7.545576478443592749e-02 6.261234591900848717e-03 9.971294924454872088e-01 3.219818750922439854e+00
9.953120403413036055e-01 -3.416898433232153087e-03 -9.665540267362558724e-02 -1.348716623331017161e-01 2.833949702717048717e-03 9.999769629447591290e-01 -6.167844404927568490e-03 -6.558805306500281596e-02 9.667425258442696734e-02 5.865013216851772300e-03 9.952987947356268794e-01 3.604570492912472890e+00
9.932462404480568718e-01 -4.306685354598572928e-03 -1.159454954287783279e-01 -2.000401904870228176e-01 3.698387932976652994e-03 9.999782493004459871e-01 -5.461029832029332641e-03 -7.642932706969997325e-02 1.159664944740541603e-01 4.995335870808152202e-03 9.932405646023803047e-01 3.995914883362581715e+00
9.910944288286678283e-01 -4.236932470563816756e-03 -1.330935049638812540e-01 -2.853580986832390254e-01 3.621463044259855876e-03 9.999816029970977072e-01 -4.866073053374581937e-03 -8.222011900240223936e-02 1.331116759663878435e-01 4.340744604460223741e-03 9.910915397418936790e-01 4.387480624564190634e+00
9.887803882523770183e-01 -3.468845279247925045e-03 -1.493362324840939448e-01 -3.710831815003138301e-01 2.859285852038102437e-03 9.999866830517291083e-01 -4.296300630740772404e-03 -8.730736855360202164e-02 1.493491495661026514e-01 3.821102729524768118e-03 9.887771393441919798e-01 4.813260435234586687e+00
9.866688752512591254e-01 -2.726709457277336560e-03 -1.627178385637849112e-01 -4.518456970312114684e-01 2.046623315166126722e-03 9.999884572856482245e-01 -4.347024896483635270e-03 -9.282400780577450272e-02 1.627278162463194899e-01 3.956051932218439086e-03 9.866630671890579407e-01 5.222103672980631828e+00
9.845475433102187646e-01 -3.377249669505125521e-03 -1.750849176244586303e-01 -5.273919109492384294e-01 2.511084947328609887e-03 9.999834908334662709e-01 -5.168414566462700178e-03 -9.775711091453291590e-02 1.750994851725720391e-01 4.648896647783018650e-03 9.845397700565221566e-01 5.664231671349395647e+00
9.827829704466894967e-01 -6.520010459238867115e-03 -1.846486437254848401e-01 -6.315710087169021936e-01 5.307124315726492562e-03 9.999609799167358259e-01 -7.062086578516625635e-03 -1.138179902838923896e-01 1.846874867912764451e-01 5.960545008492666892e-03 9.827792249373570321e-01 6.110341784758970718e+00
9.812207289951792033e-01 -5.876683737110830440e-03 -1.927987154503234546e-01 -7.283688578662945723e-01 4.290545905488922333e-03 9.999534402863282656e-01 -8.643406079784702462e-03 -1.227107301722805133e-01 1.928405366936504495e-01 7.653877373469721197e-03 9.812002580893949277e-01 6.552739911734656530e+00
9.796233729717652716e-01 -5.797140446282397427e-03 -2.007596556233607610e-01 -8.370180998299915354e-01 3.726268170513970159e-03 9.999359009123289788e-01 -1.069153808071185256e-02 -1.206965671314358668e-01 2.008087709287856570e-01 9.725596192011907656e-03 9.795821819870332847e-01 7.030137533876100520e+00
9.780475777161339312e-01 -6.392951628108893038e-03 -2.082836164147702784e-01 -9.411740006930785496e-01 3.734000822171433271e-03 9.999064749757834436e-01 -1.315669159308846536e-02 -1.375760630147788988e-01 2.083482503741324599e-01 1.209013907358226329e-02 9.779799773692585685e-01 7.502763984280793608e+00
9.762835446894629898e-01 -9.939542788843054241e-03 -2.162675305451119134e-01 -1.050500017405025410e+00 6.853839955413555153e-03 9.998638029710400499e-01 -1.501333989484627922e-02 -1.461579272991042344e-01 2.163873050194921321e-01 1.317501357860480921e-02 9.762187021075796611e-01 8.011138729555066007e+00
9.744256439284136873e-01 -1.561747753030888475e-02 -2.241668077546193349e-01 -1.169050767889181941e+00 1.232399843215727618e-02 9.997946943452524771e-01 -1.608378689515197260e-02 -1.629114168934372442e-01 2.243719770961456195e-01 1.290982293949539082e-02 9.744180589140712945e-01 8.528061315100959661e+00
9.724479971033479497e-01 -1.651433196154875396e-02 -2.325342309047001010e-01 -1.306268755070555398e+00 1.254589928151838944e-02 9.997495005991886563e-01 -1.853473607513190374e-02 -1.826040294204455405e-01 2.327820740214730511e-01 1.510671587060044216e-02 9.724115869314251537e-01 9.026846757944353428e+00
9.703467757228882995e-01 -1.263036689589830570e-02 -2.413868417275203682e-01 -1.442809101103948111e+00 7.493230313611037342e-03 9.997257363199621993e-01 -2.218791620409711965e-02 -1.875355399436697823e-01 2.416008837720279578e-01 1.972120571860745686e-02 9.701752874280805683e-01 9.564223756803906795e+00
9.682779617653053394e-01 -9.398486060008924212e-03 -2.496987301047645935e-01 -1.596029097741688441e+00 3.179158729617311083e-03 9.996748746401775687e-01 -2.529897145033030426e-02 -2.022910154298666330e-01 2.498553230502274236e-01 2.370260460969888724e-02 9.679930296691855451e-01 1.010301651089600838e+01
9.659120976566237804e-01 -1.267140260780778502e-02 -2.585599614575156413e-01 -1.767840876710870202e+00 5.758762920931672670e-03 9.996059012418575529e-01 -2.747505851332338045e-02 -2.258495444165029009e-01 2.588062152843152441e-01 2.504950588620434918e-02 9.656044048596971185e-01 1.066834697683122535e+01
9.635600458860565931e-01 -1.404138472667573745e-02 -2.671233346465826108e-01 -1.922161405065106354e+00 6.527813859703478043e-03 9.995582412139840667e-01 -2.899500049660358805e-02 -2.587953804662347368e-01 2.674124651301148514e-01 2.619469260982759673e-02 9.632260446852762836e-01 1.121900708377760836e+01
9.614395927185399593e-01 -1.406182747846071793e-02 -2.746564634352825496e-01 -2.097354165327194320e+00 5.481719293809659242e-03 9.994734104998449498e-01 -3.198206442019327356e-02 -2.802330086922861230e-01 2.749615632319233338e-01 2.924323338394834229e-02 9.610103920944463862e-01 1.178728363026572801e+01
9.591174637653652191e-01 -1.383014686873336278e-02 -2.826701540591532447e-01 -2.287640087519159593e+00 3.950613979435422911e-03 9.993621903218907754e-01 -3.549091704547803483e-02 -3.004004088941251149e-01 2.829807137637756487e-01 3.292323773593865133e-02 9.585603673260609803e-01 1.239838281952440191e+01
9.568509507362022992e-01 -1.496154468495345183e-02 -2.901937429228304000e-01 -2.477224397959483682e+00 3.283568346437185093e-03 9.991665350534789658e-01 -4.068726330570670430e-02 -3.370374443239589346e-01 2.905606259141735315e-01 3.797877568357543865e-02 9.561025766637574197e-01 1.298786405862509064e+01
9.550213569410636039e-01 -1.618728973931088388e-02 -2.960948792999923973e-01 -2.679376899140776924e+00 2.149372699073103746e-03 9.988606162081496986e-01 -4.767441211308251492e-02 -3.696354277678271516e-01 2.965292382080209066e-01 4.489366365203564108e-02 9.539680140111012063e-01 1.359918100241725369e+01
9.537041125582547130e-01 -1.615732364737583124e-02 -3.003121786468362919e-01 -2.890717228394966920e+00 -6.287463310594057064e-04 9.984465209342282543e-01 -5.571489474796630786e-02 -4.012800185155473986e-01 3.007458587074714473e-01 5.332434466042013099e-02 9.522123947370506603e-01 1.421172531479227175e+01
9.523996694552970821e-01 -1.660419672664005530e-02 -3.043996850966827483e-01 -3.099683153921260814e+00 -3.187123799532850556e-03 9.979187125154311833e-01 -6.440563201372423441e-02 -4.491636053588501931e-01 3.048355508448287177e-01 6.231006242916409948e-02 9.503645327268329668e-01 1.483642861110944722e+01
9.511874199455963019e-01 -1.538954535451081927e-02 -3.082298687642971990e-01 -3.334369024321823360e+00 -7.551205928545319697e-03 9.972962798357467573e-01 -7.309657650130556295e-02 -4.966321449300480917e-01 3.085214298050760195e-01 7.185605161239429217e-02 9.484994661299855911e-01 1.548421927206114646e+01
9.497773607618282821e-01 -1.423773889432323678e-02 -3.126023827307736758e-01 -3.559749879967559760e+00 -1.148361646351669409e-02 9.967056855384215375e-01 -8.028638084660545682e-02 -5.520692826003018583e-01 3.127156740451338401e-01 7.984399323423889416e-02 9.464849951564378028e-01 1.613022845834549202e+01
9.481520296441244833e-01 -1.304285039896745102e-02 -3.175493829107876032e-01 -3.793586537030996020e+00 -1.529621478783752334e-02 9.961269065693958424e-01 -8.658644121830837148e-02 -6.173459441512539891e-01 3.174488238931498230e-01 8.695441406762148551e-02 9.442802424333506250e-01 1.678913453293703029e+01
9.465452986465806573e-01 -1.204149177352555403e-02 -3.223460840112827852e-01 -4.041302649402944702e+00 -1.886312057143017806e-02 9.955266659325622269e-01 -9.257883170692129959e-02 -6.866802034142580613e-01 3.220189150164790570e-01 9.371051153221443553e-02 9.420839456374262566e-01 1.746588801941910418e+01
9.448208853509588723e-01 -1.039602123911354155e-02 -3.274223802261072014e-01 -4.284550853754600652e+00 -2.304880387031776542e-02 9.949096282633632660e-01 -9.809986855760358115e-02 -7.611496352869023818e-01 3.267755324723206622e-01 1.002334995199668233e-01 9.397717804038880907e-01 1.813862351773146742e+01
9.429844534634008735e-01 -6.984598963398301087e-03 -3.327634799027583412e-01 -4.535172219527156656e+00 -2.827558423892823775e-02 9.944844136538996127e-01 -1.010011996232043630e-01 -8.354208232713296045e-01 3.316335527093287050e-01 1.046516434993405575e-01 9.375858481157950397e-01 1.883844435929459848e+01
9.413832855324675286e-01 -6.487191321919208095e-03 -3.372764795591460807e-01 -4.802522216267826494e+00 -2.992601789191611655e-02 9.942671438835171127e-01 -1.026512544401042420e-01 -9.149010477754998538e-01 3.360088460694887202e-01 1.067275178113872847e-01 9.357923352531953842e-01 1.952478644410469499e+01
9.392036312328860825e-01 -6.075645453381849602e-03 -3.433068935043163683e-01 -5.097127118583671290e+00 -3.076772600251695758e-02 9.943320365028429642e-01 -1.017700752458558094e-01 -1.004436354310070723e+00 3.419793672745959912e-01 1.061455973256573981e-01 9.336933259993583922e-01 2.023884035578404550e+01
9.369383330438818547e-01 -5.981943287685366831e-03 -3.494435202761427828e-01 -5.362773176125504193e+00 -3.107232281864381884e-02 9.944683170147635698e-01 -1.003358221491755242e-01 -1.094264194098687915e+00 3.481107186219911664e-01 1.048665004704722042e-01 9.315696148040447655e-01 2.096554044243844928e+01
9.344472501574924150e-01 -5.890386339407015573e-03 -3.560528575493188685e-01 -5.643388075753311028e+00 -3.125933148905910702e-02 9.946465694871358121e-01 -9.849393891799305967e-02 -1.174711338842776787e+00 3.547269267095194967e-01 1.031673653118517914e-01 9.292606226745092624e-01 2.168473220095308562e+01
9.314773444882264997e-01 -5.351844876057258553e-03 -3.637599644040187541e-01 -5.941240339449275432e+00 -3.145096399423132766e-02 9.949636227143187073e-01 -9.517471484513602420e-02 -1.262163490434033974e+00 3.624372984680666043e-01 1.000936927849274544e-01 9.266177529571714144e-01 2.239019238622138630e+01
9.279027909640517047e-01 -2.540974878249579062e-03 -3.728135607505583260e-01 -6.261654120669548185e+00 -3.329699192802838131e-02 9.954158744601044884e-01 -8.965794566463258786e-02 -1.339273241102334033e+00 3.713323615072499639e-01 9.560742868176215492e-02 9.235645617644497873e-01 2.317805248905389703e+01
9.244478397493093302e-01 -2.050542589492095470e-04 -3.813084663673051988e-01 -6.586993222358728417e+00 -3.457292815679088166e-02 9.958358490468619539e-01 -8.435445703443936183e-02 -1.422127076567633486e+00 3.797379440787536087e-01 9.116424628658538476e-02 9.205912105860268868e-01 2.391470656887077340e+01
9.210020622828318793e-01 3.833826324081071688e-03 -3.895388297833253244e-01 -6.908099207288702637e+00 -3.812404694248658354e-02 9.960385584702479145e-01 -8.033521724086925553e-02 -1.497121852197138336e+00 3.876877098390723031e-01 8.883969784873071984e-02 9.174997279669933059e-01 2.465244581153575965e+01
9.171218143084309826e-01 4.406015266045738496e-03 -3.985826908907307842e-01 -7.247353155782203515e+00 -3.880061785960671472e-02 9.961771167403711269e-01 -7.826662241774146045e-02 -1.568521494399895078e+00 3.967141186428758681e-01 8.724528186662504348e-02 9.137867213330927996e-01 2.539208034160892069e+01
9.130568508306058373e-01 5.037819143960247173e-03 -4.078011820960066869e-01 -7.603356361214286707e+00 -4.016314240737752644e-02 9.961738690107918570e-01 -7.761794086713423579e-02 -1.651442681760495690e+00 4.058498631473311247e-01 8.724817003844158314e-02 9.097657109203916015e-01 2.617057507928512550e+01
9.092070044775049098e-01 4.737592108074213312e-03 -4.163173965735123550e-01 -7.965905820536447024e+00 -4.025797678485375924e-02 9.962501072185155904e-01 -7.658341351853270584e-02 -1.716427844698407146e+00 4.143934370865590133e-01 8.639027250098210708e-02 9.059883021337762354e-01 2.692719444828454201e+01
9.053635718186437975e-01 5.002342716166494931e-03 -4.246077904624688815e-01 -8.351804740765187418e+00 -4.067038067477790619e-02 9.963552687769893224e-01 -7.498065465742941027e-02 -1.787408698493934578e+00 4.226851374928732863e-01 8.515371419146321175e-02 9.022672127008674048e-01 2.771862828164230663e+01
9.015469054137419391e-01 5.794420590109937257e-03 -4.326425756103753906e-01 -8.737018376352940763e+00 -4.119937213269867643e-02 9.965167217722372683e-01 -7.250541376359728729e-02 -1.864288164161145511e+00 4.307154416583982570e-01 8.319163424964190479e-02 8.986452937868147917e-01 2.849308049457535574e+01
8.977198231827996366e-01 6.327441994868561286e-03 -4.405213713507328821e-01 -9.127358527472658523e+00 -4.050717279153153577e-02 9.968469740722142314e-01 -6.822960720220042075e-02 -1.935655897200220910e+00 4.387006846800283189e-01 7.909534654835717604e-02 8.951455966924736218e-01 2.927297919270036175e+01
8.938596700921972449e-01 7.720291442775907738e-03 -4.482803623046169861e-01 -9.541528815402484653e+00 -4.007620850351810426e-02 9.972251511990719575e-01 -6.273671489243615174e-02 -1.991309796569523893e+00 4.465521140134267042e-01 7.404319681720117341e-02 8.916887452819248772e-01 3.007505825579667302e+01
8.900706618073672693e-01 7.451520564483633986e-03 -4.557616566285130899e-01 -9.964584037570134001e+00 -3.822384317869367831e-02 9.975648013966561534e-01 -5.833870836441482771e-02 -2.065537379563115117e+00 4.542170821889741639e-01 6.934653507609424283e-02 8.881879893538601189e-01 3.088282505889355178e+01
8.863985253560069388e-01 6.422311871470501657e-03 -4.628783899262023382e-01 -1.040439329414220460e+01 -3.665841994612010352e-02 9.977374953778549438e-01 -5.635646039560365111e-02 -2.129677779511153890e+00 4.614691945881500001e-01 6.692267398633691688e-02 8.846284770369925443e-01 3.169277479280626864e+01
8.833097809000047818e-01 6.650056929984334009e-03 -4.687425768081822652e-01 -1.086156855254921716e+01 -3.688324494160843958e-02 9.977856568020428973e-01 -5.534807483714345583e-02 -2.193807339959344294e+00 4.673365600485812621e-01 6.617824331599544974e-02 8.815991062180825732e-01 3.251092044544250115e+01
8.800709049049546540e-01 6.653341557393643510e-03 -4.747956727743617433e-01 -1.129329377663022171e+01 -3.638655454322282934e-02 9.979067475205480875e-01 -5.346159338320591314e-02 -2.248190049601781038e+00 4.734461154473219024e-01 6.432617167175844197e-02 8.784707871300533322e-01 3.333463442786228370e+01
8.772348405414996941e-01 5.376531741804838407e-03 -4.800313769504179762e-01 -1.177523020200573356e+01 -3.464593173805356752e-02 9.980388564437714383e-01 -5.213540548085233983e-02 -2.307229099874108513e+00 4.788096670744059202e-01 6.236612857078423916e-02 8.757007326995861485e-01 3.417602444536672834e+01
8.746098088167502116e-01 4.414033380081245489e-03 -4.848073782017816580e-01 -1.225156334659539326e+01 -3.373707557484129788e-02 9.980887234106643469e-01 -5.177557331767751458e-02 -2.370953548925208043e+00 4.836522464133366506e-01 6.163940756745642235e-02 8.730871048101569443e-01 3.500465389644651282e+01
8.726245276355081293e-01 4.224940280041384125e-03 -4.883734011120852703e-01 -1.272949954255616412e+01 -3.401674896857450475e-02 9.980599045335531994e-01 -5.214679101114449294e-02 -2.430763806739819621e+00 4.872056013866186142e-01 6.211744439288417741e-02 8.710752721514225527e-01 3.583833352956614959e+01
8.708792353264410702e-01 4.096674383097180516e-03 -4.914799791918191829e-01 -1.322498846549188478e+01 -3.437337030596036153e-02 9.980244794936372621e-01 -5.258906546525419362e-02 -2.485932853902700579e+00 4.902936185637961630e-01 6.269254857485836996e-02 8.692996127213009627e-01 3.670222221270028484e+01
8.703745623288118294e-01 4.124846322729815683e-03 -4.923729298894362616e-01 -1.372598201332789714e+01 -3.402032860521451985e-02 9.980790439590254692e-01 -5.177682215408321853e-02 -2.548888905708714070e+00 4.912135401443580296e-01 6.181591791663332280e-02 8.688429403614110758e-01 3.758991097932200631e+01
8.702278114310683099e-01 3.722417651756958299e-03 -4.926354585378723838e-01 -1.423773135676794510e+01 -3.280239365695097886e-02 9.981901766573951784e-01 -5.040212549034971817e-02 -2.607929411808691977e+00 4.915562660752530455e-01 6.002095370510576039e-02 8.687749577131534950e-01 3.847275794465210197e+01
8.700639938927831052e-01 2.601642076831011969e-03 -4.929319153558462951e-01 -1.475630965886646173e+01 -3.124654530298481142e-02 9.982661222110293942e-01 -4.988389226827272260e-02 -2.667983929866789339e+00 4.919474600825838873e-01 5.880459805940536910e-02 8.686367022658992854e-01 3.936839327814001877e+01
8.694780776992979687e-01 1.702917187988756045e-03 -4.939685897329273434e-01 -1.526459533013693282e+01 -3.049294090610713340e-02 9.982719765988004035e-01 -5.023187579431969557e-02 -2.733976411907135695e+00 4.930294682039247367e-01 5.873806991725855076e-02 8.680275268689366941e-01 4.026224209933829457e+01
8.682209958280112660e-01 -1.773696215344081170e-04 -4.961776557604589688e-01 -1.580114234689168917e+01 -2.875521428822383832e-02 9.983012353436714337e-01 -5.067327906764210882e-02 -2.792353289265721905e+00 4.953437631147850628e-01 5.826329972153777847e-02 8.667409930696725606e-01 4.118658431939176978e+01
8.668310185721124217e-01 -1.285597194601915180e-03 -4.986003686034892191e-01 -1.634111984731980272e+01 -2.673469518613110288e-02 9.984382896838454036e-01 -4.905341794142663303e-02 -2.857073482504205675e+00 4.978847707660618571e-01 5.585095318046241070e-02 8.654429102675567087e-01 4.208610693601298891e+01
8.648803044007721263e-01 -7.513360450785707767e-04 -5.019775787644124021e-01 -1.687902054525380180e+01 -2.556044995018672689e-02 9.986357291199831065e-01 -4.553398695516733263e-02 -2.922051003549512860e+00 5.013269653255507663e-01 5.221222130723829347e-02 8.636811695935844302e-01 4.303676793618015495e+01
8.618649097404774695e-01 -9.267072122861407359e-04 -5.071370756572350924e-01 -1.743245145163088594e+01 -2.303024953505169309e-02 9.988951458908714720e-01 -4.096455984627538072e-02 -2.982337672872315881e+00 5.066147340537715538e-01 4.698541005359303802e-02 8.608913331576408812e-01 4.393230916631463145e+01
8.579740223915923725e-01 -2.389641744813003447e-03 -5.136875133085555545e-01 -1.796943211124040118e+01 -2.057118902671677477e-02 9.990272083888048771e-01 -3.900593695463806798e-02 -3.047234197604407946e+00 5.132810214639653701e-01 4.403324350946062615e-02 8.570902354002932766e-01 4.482958426066905133e+01
8.528194250660869891e-01 -4.785182176210733308e-03 -5.221839952752231895e-01 -1.853269908925642895e+01 -1.932844529526294916e-02 9.989835784268147334e-01 -4.072126310927481202e-02 -3.110749285795204599e+00 5.218481038512533532e-01 4.482088892749833131e-02 8.518601115965608317e-01 4.574070402944540348e+01
8.469762122024914186e-01 -8.022476573800773128e-03 -5.315702496557010992e-01 -1.909983533339808304e+01 -1.810578239881309101e-02 9.988708027626700403e-01 -4.392379834136814903e-02 -3.173759845654530842e+00 5.313223887953648639e-01 4.682690757517141839e-02 8.458745565252011600e-01 4.662485398568696837e+01
8.407641212988796742e-01 -8.334201330525261089e-03 -5.413374434887565645e-01 -1.969618873127697967e+01 -1.821629163558992348e-02 9.988799002901279644e-01 -4.367048825656115463e-02 -3.232104564409760794e+00 5.410950595399279806e-01 4.657774037962153502e-02 8.396705641590860303e-01 4.752621256536265548e+01
8.351421333102595490e-01 -4.884021726903902197e-03 -5.500125067900764053e-01 -2.029340342968540867e+01 -1.971307255315664364e-02 9.990523784545950470e-01 -3.880386462357254818e-02 -3.276348773724278018e+00 5.496808314812715590e-01 4.324917864358387987e-02 8.342544563201180763e-01 4.839338572254441573e+01
8.297383115760219585e-01 -9.480305793598621565e-04 -5.581517978989227746e-01 -2.087907893275533056e+01 -2.160768407802959867e-02 9.991943759439401163e-01 -3.381873906807834201e-02 -3.343895090340347043e+00 5.577342081996343737e-01 4.012107104183425255e-02 8.290493704624626314e-01 4.927633759344669073e+01
8.258796632089097089e-01 -6.538735065672221080e-04 -5.638460323435474653e-01 -2.150938867219790751e+01 -2.311228620340605860e-02 9.991196105013743223e-01 -3.501180061544557215e-02 -3.391231962018263157e+00 5.633725312196519175e-01 4.194730485783824264e-02 8.251374556980426433e-01 5.016978527492067030e+01
8.222595901480482805e-01 -2.476897858989453825e-03 -5.691072176003674210e-01 -2.212282298831673799e+01 -2.422608313897209667e-02 9.989317658301160030e-01 -3.935002104445134430e-02 -3.443282410971958196e+00 5.685967536063769590e-01 4.614317086333198648e-02 8.213212196137182897e-01 5.104261403645805473e+01
8.193920012180099244e-01 -4.762554465994794407e-03 -5.732137996180460826e-01 -2.273661429555251345e+01 -2.637072351822230057e-02 9.985936260100151118e-01 -4.599298946144946693e-02 -3.521966595178110726e+00 5.726267006193811460e-01 5.280235028118261675e-02 8.181140384069850446e-01 5.189261442395434898e+01
8.162023012511091524e-01 -5.727496814963767800e-03 -5.777378235659599293e-01 -2.336286069373280583e+01 -2.686196077679015026e-02 9.984933618760545304e-01 -4.784810758004690717e-02 -3.574970489677603336e+00 5.771414415579595447e-01 5.457290626416056584e-02 8.148187287525173739e-01 5.276508378575784519e+01
8.130323893117920031e-01 -4.460824721656484956e-03 -5.822013641730922062e-01 -2.398781542809717848e+01 -2.611913522244086600e-02 9.986844446607532344e-01 -4.412675848827132818e-02 -3.637613774329226057e+00 5.816322978151556855e-01 5.108307999796318083e-02 8.118462881341077519e-01 5.361333891318172817e+01
8.096782415105641117e-01 -2.454587270921160334e-03 -5.868689066548111732e-01 -2.463525700424567333e+01 -2.497920999997222877e-02 9.989409012714117742e-01 -3.864084473501645800e-02 -3.694931864981624958e+00 5.863422119742286442e-01 4.594617277882190320e-02 8.087593994783772722e-01 5.449434798758636589e+01
8.066147855897600749e-01 -1.137672916450194541e-03 -5.910763797099387595e-01 -2.529596445295470986e+01 -2.474683269791688039e-02 9.990563283266663541e-01 -3.569379707486983189e-02 -3.752838013260073602e+00 5.905592157219978766e-01 4.341841262857167039e-02 8.058254530853358188e-01 5.535966956919546789e+01
8.036859311010373652e-01 -6.140530818056466047e-04 -5.950533928037966547e-01 -2.592402042881974111e+01 -2.588432659811586156e-02 9.990168565346758678e-01 -3.599058274605329566e-02 -3.807862441828176348e+00 5.944904803266413129e-01 4.432768124620764527e-02 8.028798990059673457e-01 5.619217323508769368e+01
8.000893496725280940e-01 -1.581061456783643604e-03 -5.998787593193586343e-01 -2.658050420512363488e+01 -2.614345903378996472e-02 9.989545221470848002e-01 -3.750176371655541269e-02 -3.857377875661674338e+00 5.993109022866063285e-01 4.568766740058211734e-02 7.992115403949205943e-01 5.705527168878265343e+01
7.962071645439933176e-01 -3.720732929788299771e-03 -6.050126447155883547e-01 -2.723385915350108988e+01 -2.574119286536502571e-02 9.988673044566293013e-01 -4.001873468161079583e-02 -3.922958166795238899e+00 6.044762590323283780e-01 4.743695034382855447e-02 7.952095289732048489e-01 5.791289567511938685e+01
7.920948262513808347e-01 -4.577111334070139634e-03 -6.103808885881889523e-01 -2.789175975362142523e+01 -2.533876421440248855e-02 9.988633575024254974e-01 -4.037251681604990539e-02 -3.976354583170294443e+00 6.098719037474167326e-01 4.744515900650866230e-02 7.910785201124339583e-01 5.874882546163902930e+01
7.875092213070522540e-01 -5.002009921142078382e-03 -6.162825642525734393e-01 -2.857291455543595049e+01 -2.458909672221648926e-02 9.989158492127119260e-01 -3.952850313013729633e-02 -4.034447511222705174e+00 6.158121536068096313e-01 4.628289218152892293e-02 7.865324485151012901e-01 5.961537106424473365e+01
7.827146455690419113e-01 -4.861403705323478694e-03 -6.223617460779730104e-01 -2.925910924356187692e+01 -2.471368929853191843e-02 9.989380643797902692e-01 -3.888415025027459199e-02 -4.093730039352343475e+00 6.218898802455716801e-01 4.581604857721031238e-02 7.817633106504594531e-01 6.043953169330779218e+01
7.771985952221336369e-01 -5.526962791388240377e-03 -6.292311091576270332e-01 -2.994937426727695851e+01 -2.482878870014940467e-02 9.989133569256432033e-01 -3.944155997799206337e-02 -4.152572637896682295e+00 6.287653624060218771e-01 4.627697113197379308e-02 7.762168308342135559e-01 6.128401997687321057e+01
7.717691939254691658e-01 -7.113509454432983062e-03 -6.358629581991177560e-01 -3.065233431066964798e+01 -2.410171359902896215e-02 9.988917332122507764e-01 -4.042787115258447000e-02 -4.213233552445092123e+00 6.354458474010363789e-01 4.652637230697161813e-02 7.707424208759749984e-01 6.211779650937381803e+01
7.665054334475416287e-01 -8.368557694243187670e-03 -6.421832915264776842e-01 -3.134877074549215337e+01 -2.353129455881584897e-02 9.988777573235059215e-01 -4.110357822882827750e-02 -4.274944773031430501e+00 6.418065947629173484e-01 4.661752010525399559e-02 7.654483062345457389e-01 6.292633111238553312e+01
7.607802296937750119e-01 -9.294721162217483082e-03 -6.489430192949424692e-01 -3.206031185533096561e+01 -2.362853568584947356e-02 9.988378838234397428e-01 -4.200683495182074012e-02 -4.329700465801741949e+00 6.485793251154156058e-01 4.729154269909147112e-02 7.596764949330244709e-01 6.377190357574332324e+01
7.545687789962974845e-01 -1.147996641884788463e-02 -6.561205377056992250e-01 -3.278358984488178152e+01 -2.221961010813188267e-02 9.988266752679845206e-01 -4.302977734308946478e-02 -4.397684770569787460e+00 6.558446869597595041e-01 4.704766894148638967e-02 7.534283453197272440e-01 6.458319205624512449e+01
7.484445538559367783e-01 -1.210406692447777918e-02 -6.630868970739346446e-01 -3.353455728583568174e+01 -2.201169621731469475e-02 9.988292020136011473e-01 -4.307795808137044463e-02 -4.457348922069461317e+00 6.628319861880436203e-01 4.683713031346282279e-02 7.473018463567441261e-01 6.542108499028321944e+01
7.421916703420666783e-01 -1.267077297773967770e-02 -6.700678827765818024e-01 -3.429268721985557278e+01 -2.065360228580835622e-02 9.989139322079150229e-01 -4.176583279597978482e-02 -4.518377157708894032e+00 6.698693605704925114e-01 4.483756858975853493e-02 7.411239036993384488e-01 6.623537981190936819e+01
7.361289670548826214e-01 -1.337881171201149577e-02 -6.767090531728557901e-01 -3.502471600214899183e+01 -1.946224065388413998e-02 9.989728082267389508e-01 -4.092126153600306876e-02 -4.582117615100363750e+00 6.765614327254370064e-01 4.329360023966836307e-02 7.351124407239958414e-01 6.702985964694441634e+01
7.292077823758902344e-01 -1.450779811987388222e-02 -6.841385277319117497e-01 -3.580595908489993917e+01 -1.896718919600428807e-02 9.989625784811049236e-01 -4.140063478284308068e-02 -4.640956510849062688e+00 6.840294315540524916e-01 4.316584977323131844e-02 7.281761153307070300e-01 6.785349111229119501e+01
7.228554211908259086e-01 -1.661559294958106156e-02 -6.907995028802202953e-01 -3.658776106284656748e+01 -1.805273588534799314e-02 9.989155238196806286e-01 -4.291707152527244468e-02 -4.711297684840650923e+00 6.907634517826283238e-01 4.349365859034820536e-02 7.217715457546003410e-01 6.864365859000983505e+01
7.170644369206838897e-01 -1.528205997189934114e-02 -6.968393235554519727e-01 -3.737278195774501910e+01 -2.046762549328671674e-02 9.988667989297890237e-01 -4.296736362585638208e-02 -4.772229181182891189e+00 6.967063063347602725e-01 4.507301451800257291e-02 7.159390722222943593e-01 6.943768370378623445e+01
7.116114530311312691e-01 -1.570837076589920792e-02 -7.023975923753742467e-01 -3.819397530110791905e+01 -1.958783408616451838e-02 9.989178063792644169e-01 -4.218451003920953291e-02 -4.832040027710774233e+00 7.023001242229017782e-01 4.377742778030225407e-02 7.105336596731510745e-01 7.025473678568407365e+01
7.069657290357012069e-01 -1.532821948736283468e-02 -7.070816744290631117e-01 -3.899141888941777978e+01 -2.044197261706769131e-02 9.989045517747974223e-01 -4.209301882814663054e-02 -4.888344776113623169e+00 7.069523262922156048e-01 4.421246576370267689e-02 7.058779466232990574e-01 7.104179361588431618e+01
7.020475722186473311e-01 -1.566898102937013676e-02 -7.119576391281065009e-01 -3.981898746407163969e+01 -2.090941364946411613e-02 9.988733036573381741e-01 -4.260187433947241337e-02 -4.960671859888123869e+00 7.118230193015330221e-01 4.479515902486069096e-02 7.009289495713523221e-01 7.183831935156591442e+01
6.966936038349744731e-01 -1.792172537550869998e-02 -7.171449118177998239e-01 -4.064860486549780916e+01 -2.077173751784061953e-02 9.987647449310318448e-01 -4.513888830391341728e-02 -5.031584070907371142e+00 7.170680340602700875e-01 4.634432044306753540e-02 6.954607451513548089e-01 7.263582217797181784e+01
6.916030508107948727e-01 -1.988318641070374940e-02 -7.220040646002378049e-01 -4.148369319645159692e+01 -2.084323155797909027e-02 9.986552963446265752e-01 -4.746745004474235696e-02 -5.093680362430741404e+00 7.219769997065889067e-01 4.787753098785550027e-02 6.902586208056876727e-01 7.341458324880639452e+01
6.866445512175911592e-01 -2.041594841876570587e-02 -7.267065704312941632e-01 -4.233747890652121271e+01 -2.170630021677770125e-02 9.985841998043798462e-01 -4.856369493657165803e-02 -5.155605294175842346e+00 7.266691855510565290e-01 4.912010732888922454e-02 6.852292460322728651e-01 7.420268828632949010e+01
6.818458838707610603e-01 -2.013200015264452955e-02 -7.312187656777300315e-01 -4.320541661902646524e+01 -2.108905941737761192e-02 9.986646802582985760e-01 -4.716044964726905098e-02 -5.234909746281980247e+00 7.311918016172611612e-01 4.757687427831384236e-02 6.805108376706792139e-01 7.498966098776908495e+01
6.770473545594136722e-01 -2.051718915679644900e-02 -7.356533929659316851e-01 -4.406184846904603347e+01 -2.014476083364030376e-02 9.987200747250202237e-01 -4.639397572974453265e-02 -5.300076776720472616e+00 7.356636982625930354e-01 4.623047998568530215e-02 6.757674716927470904e-01 7.576474821430470286e+01
6.717983585190264728e-01 -2.100669828083761778e-02 -7.404361376556263252e-01 -4.492066982158409161e+01 -1.985876213802198476e-02 9.987277289755578380e-01 -4.635248615622122870e-02 -5.374657400466528401e+00 7.404678276792241443e-01 4.584366903463343856e-02 6.705264829388615233e-01 7.652866106164370308e+01
6.670175427632191179e-01 -2.179642270234134066e-02 -7.447231051353827569e-01 -4.580839353239257861e+01 -1.934505915879684498e-02 9.987282908493102518e-01 -4.655716672305075521e-02 -5.437886939325411895e+00 7.447908264845694015e-01 4.546115925044502681e-02 6.657476383999646474e-01 7.731297984241196275e+01
6.623727913889753127e-01 -2.268321064987337266e-02 -7.488309200322894599e-01 -4.670498572592201469e+01 -1.821435564768979221e-02 9.987584791458183897e-01 -4.636526296919708801e-02 -5.511846447423121909e+00 7.489529567798162146e-01 4.435056111994990780e-02 6.611372827313336531e-01 7.809983807499544639e+01
6.584855740472945751e-01 -2.337348968282998082e-02 -7.522302960388871362e-01 -4.758518184237316717e+01 -1.717391546446662629e-02 9.987906512421288463e-01 -4.606833667899164209e-02 -5.578122199745306986e+00 7.523973780418373725e-01 4.325407439118514330e-02 6.572878220473926669e-01 7.886292123406050791e+01
6.545202672846811565e-01 -2.610554621569851144e-02 -7.555936140627093067e-01 -4.850049444589839709e+01 -1.434978748870517108e-02 9.987947116752502463e-01 -4.693833771384815085e-02 -5.649183793069484594e+00 7.559082698936021583e-01 4.156470087327918117e-02 6.533567736597227782e-01 7.963666855177007164e+01
6.503651028308399251e-01 -3.031845186127181055e-02 -7.590164779847057286e-01 -4.940492343121139385e+01 -1.161736446843942942e-02 9.986893274531912779e-01 -4.984640493474528505e-02 -5.732721167158071118e+00 7.595329348639319189e-01 4.123613306773798309e-02 6.491604676964265463e-01 8.041508303174401817e+01
6.455906898918637449e-01 -3.465243958429495286e-02 -7.628970171738503891e-01 -5.031606617868679621e+01 -7.609060211055698048e-03 9.986285457733328208e-01 -5.179893599923613562e-02 -5.800250053473761547e+00 7.636457115199191126e-01 3.924583988166272658e-02 6.444416203745347849e-01 8.118531669607185108e+01
6.389876815557515854e-01 -3.853479422220762451e-02 -7.682511318395349731e-01 -5.124393655727759977e+01 -2.048864133356511665e-03 9.986555945861772532e-01 -5.179580627511257834e-02 -5.878838539377532868e+00 7.692142448810230793e-01 3.467092402742467244e-02 6.380496715699618404e-01 8.194462246188210486e+01
6.306848025631460741e-01 -4.202522964790830068e-02 -7.749003476792187817e-01 -5.216717198169737202e+01 2.542879066458236977e-03 9.986391752916874420e-01 -5.208964695568241154e-02 -5.964361433416366154e+00 7.760349369233514594e-01 3.088167046723318265e-02 6.299334172576495083e-01 8.270750174434596147e+01
6.217963030606420416e-01 -4.302390794554303288e-02 -7.819963488414669595e-01 -5.310657002594900433e+01 4.990171181776862502e-03 9.986873124494507481e-01 -5.097793759580098588e-02 -6.045960528037475967e+00 7.831631155989288162e-01 2.779559709125824576e-02 6.211947765508769592e-01 8.344665956903691040e+01
6.129473867404702236e-01 -4.221464358266633493e-02 -7.889951923324460825e-01 -5.406169325141512161e+01 6.753890125579821088e-03 9.988151589701750321e-01 -4.819401576719066493e-02 -6.111713582197362271e+00 7.900948653130874799e-01 2.421160874418738090e-02 6.125062556931182289e-01 8.419813702238712949e+01
6.041529655352161354e-01 -4.201337697877919469e-02 -7.957600510052745824e-01 -5.506060004569502553e+01 6.323242533545788031e-03 9.988304857834232608e-01 -4.793409278042126687e-02 -6.195527558749135189e+00 7.968432851982475418e-01 2.392774005623419034e-02 6.037120619360054619e-01 8.492954230091110901e+01
5.946359070091085108e-01 -4.272170669080055383e-02 -8.028592542074385330e-01 -5.605162198718178956e+01 4.186188194935285337e-03 9.987382249866417760e-01 -5.004431794459726635e-02 -6.260380981202631645e+00 8.039842190305379610e-01 2.639722803078772481e-02 5.940644525040118529e-01 8.564329804508123800e+01
5.845312155797954823e-01 -4.496260950904733267e-02 -8.101244409068839580e-01 -5.704115870481530948e+01 5.333779515944503564e-03 9.986547404964215557e-01 -5.157770891070218022e-02 -6.351828930001929940e+00 8.113536957135948358e-01 2.582775529999889116e-02 5.839846911828520115e-01 8.635772844104103285e+01
5.745898635797803689e-01 -4.621364203536436344e-02 -8.171357144100011016e-01 -5.803416945526782200e+01 5.095283160514525213e-03 9.985871931728054207e-01 -5.289286999767831704e-02 -6.416334641352353430e+00 8.184256458010660262e-01 2.622816867175842975e-02 5.740135518298056239e-01 8.705848713680613571e+01
5.646174840162366815e-01 -4.762786232730518987e-02 -8.239773486494005317e-01 -5.906499205721777201e+01 8.467341192879045825e-03 9.986153375349634542e-01 -5.192024406247686824e-02 -6.495781035973827500e+00 8.253092826490077139e-01 2.233817974668752745e-02 5.642389618898563386e-01 8.774072045043502044e+01
5.543062200389552441e-01 -4.757613453456616126e-02 -8.309519319843519103e-01 -6.010217165998582090e+01 9.995113839593306251e-03 9.986734606862164298e-01 -5.051154906698664127e-02 -6.582645471503229651e+00 8.322528002257028046e-01 1.969340616737157851e-02 5.540464410873460199e-01 8.843991175665455273e+01
5.438934779527020424e-01 -4.806688820882494551e-02 -8.377764893614992880e-01 -6.115598479078445848e+01 1.042695818382941529e-02 9.986681800062371384e-01 -5.052865280303917017e-02 -6.666243072945988501e+00 8.390894915006451571e-01 1.874674376490301567e-02 5.436703023477841290e-01 8.912073809621126941e+01
5.334782609395657405e-01 -4.869875707554225525e-02 -8.444106602866343625e-01 -6.219827760819526929e+01 8.975786990117612385e-03 9.986108530518972293e-01 -5.192108805117547077e-02 -6.745239803516205335e+00 8.457661568755358017e-01 2.011952102625627972e-02 5.331742920908675298e-01 8.977507924757333058e+01
5.232283110723194852e-01 -4.951252661879964462e-02 -8.507529788734728982e-01 -6.328223967293960328e+01 8.388044966226269883e-03 9.985616186711053777e-01 -5.295596650414523265e-02 -6.821269533630009541e+00 8.521512701108567844e-01 2.057190615866525199e-02 5.228910237265457228e-01 9.041647890215594430e+01
5.136357859401312620e-01 -4.974500934791675072e-02 -8.565650589085452848e-01 -6.434207882054130323e+01 6.175207961298878438e-03 9.985063704021710507e-01 -5.428531150935729521e-02 -6.911743599848434449e+00 8.579861061479573392e-01 2.259341077077182958e-02 5.131757913012839900e-01 9.105410584326418189e+01
