1.000000000000000000e+00 -3.306050084167601550e-19 -2.270457535318767223e-19 -8.673617379884035472e-19 7.546676715296109287e-19 1.000000000000000000e+00 6.237773588823049983e-19 1.387778780781445676e-17 -3.447385680526250622e-20 4.770700176052009879e-20 1.000000000000000222e+00 5.551115123125782702e-17
9.999286435150847030e-01 -2.429820250769180231e-03 1.169533852089823037e-02 1.506010828470015148e-02 2.413542763835308230e-03 9.999960798508634729e-01 1.405023816089312483e-03 4.545207571219608833e-03 -1.169870827614179556e-02 -1.376696889794535965e-03 9.999306161611821731e-01 2.996787583877581485e-01
9.998207410787628424e-01 -5.404463646343215036e-03 1.814023781644963015e-02 3.495351813723671791e-02 5.378203779432989308e-03 9.999843936557779589e-01 1.495624861593894406e-03 -5.702053952191477038e-03 -1.814803863760533487e-02 -1.397778273866817807e-03 9.998342571645685295e-01 5.836449234970028099e-01
9.997529969048722931e-01 -7.292851224742449845e-03 2.099866770113300446e-02 4.196473516595117248e-02 7.286262460584185321e-03 9.999733917918974813e-01 3.902883569279615530e-04 -1.796174540646895690e-02 -2.100095708104534123e-02 -2.372486824670679006e-04 9.997794887980424594e-01 8.855192787367787144e-01
9.997827457769574711e-01 -8.673803864625555943e-03 1.895568671338112784e-02 5.242010541575134464e-02 8.692247253724286540e-03 9.999617853054642014e-01 -8.910709068244677218e-04 -8.642897291853260389e-03 -1.894723472486457144e-02 1.055644561029936597e-03 9.998199973828495457e-01 1.195054730801961895e+00
9.998652361965965074e-01 -1.165248787212859634e-02 1.155897575428923782e-02 4.993733980024347291e-02 1.168195037733615882e-02 9.999286761073793439e-01 -2.484455808850866924e-03 -1.760220454710126337e-02 -1.152920365431235432e-02 2.619194101641932754e-03 9.999300585860696478e-01 1.516849985485812402e+00
9.999146149769739811e-01 -1.306680924150308877e-02 -8.545397817770750408e-05 4.281595551652297299e-02 1.306640243325123130e-02 9.999077380088756684e-01 -3.715981603569094589e-03 -3.082706496221862547e-02 1.340141315324358030e-04 3.714547599136994692e-03 9.999931110339259632e-01 1.840412009472790489e+00
9.997730158440645276e-01 -1.253954153660713153e-02 -1.722201361509556952e-02 2.214981068170171832e-02 1.246341388705823547e-02 9.999121382931565050e-01 -4.521232988303649017e-03 -3.026625675179688002e-02 1.727717446649166752e-02 4.305561405724675494e-03 9.998414061693283728e-01 2.163103465991114582e+00
9.993090645077176148e-01 -8.553998243044405939e-03 -3.615914518860676580e-02 -1.859696252989613552e-02 8.390845357347555267e-03 9.999539570639887076e-01 -4.660412247553573188e-03 -3.376589676733694756e-02 3.619733517075228446e-02 4.353783017516782254e-03 9.993347791599528351e-01 2.509507052836388308e+00
9.984686359594865390e-01 -4.785647419071644218e-03 -5.511028104207444517e-02 -6.138379117656138362e-02 4.470835009581342924e-03 9.999729969389732354e-01 -5.833339929921882439e-03 -4.244828727966264148e-02 5.513671157191598476e-02 5.578031125787458362e-03 9.984630382937096371e-01 2.870000456642902709e+00
9.971655273620576576e-01 -3.767365760913062109e-03 -7.515570871793131325e-02 -1.080964302841917468e-01 3.324645801574657548e-03 9.999763860667388871e-01 -6.016717975163126883e-03 -4.319019981647438666e-02 7.517660725285789380e-02 5.749873242389689013e-03 9.971545181126466595e-01 3.229952814657213622e+00
9.952985069634043835e-01 -5.047971260691798932e-03 -9.670969951509596207e-02 -1.671609610196443385e-01 4.529864221706711783e-03 9.999741815703270253e-01 -5.575137757269158813e-03 -4.911972755549878777e-02 9.673534509955623861e-02 5.110888365997452026e-03 9.952956512909454379e-01 3.609632378126581553e+00
9.932048852809667316e-01 -7.335056870356233653e-03 -1.161611859244228578e-01 -2.234204183369521424e-01 6.783270294210053120e-03 9.999637707051584057e-01 -5.143961746091193880e-03 -5.643877705507761855e-02 1.161947273635308697e-01 4.321154765656295103e-03 9.932186564261373807e-01 3.993851793984459331e+00
9.908794065875958790e-01 -5.471350257436558874e-03 -1.346481958081618413e-01 -2.973811672583018817e-01 4.971613057796558065e-03 9.999794766688371306e-01 -4.046150027409677920e-03 -6.156618077189041083e-02 1.346675875649446796e-01 3.339793823975223310e-03 9.908862406067874273e-01 4.395524473817603806e+00
9.887828207516736745e-01 -4.504449728888214322e-03 -1.492696766912980644e-01 -3.815078185147937062e-01 4.013850921656666147e-03 9.999855122106594552e-01 -3.586820449089213846e-03 -6.908752749878258048e-02 1.492836922312221482e-01 2.947297702547359028e-03 9.887865843731774573e-01 4.809349566825289912e+00
9.864781550279662081e-01 -3.330752073538949427e-03 -1.638609963018672899e-01 -4.629404136428568739e-01 2.836185268979417914e-03 9.999906638346782728e-01 -3.252710568584352147e-03 -7.637212430352285919e-02 1.638703295438511398e-01 2.743963557834636861e-03 9.864784210131495312e-01 5.233135524086802270e+00
9.842044744634428355e-01 -4.844611942072606960e-03 -1.770041993865764662e-01 -5.536207162386241887e-01 4.185217226680326176e-03 9.999828312709507783e-01 -4.099696007343378405e-03 -8.294157413915292931e-02 1.770210359594622807e-01 3.294511695131090677e-03 9.842078678152588189e-01 5.668812986338902959e+00
9.827051141220664032e-01 -7.951073856704635526e-03 -1.850199062832198482e-01 -6.453255076087094366e-01 6.902422952911568300e-03 9.999562167945504898e-01 -6.312172920314997396e-03 -9.335568738448304926e-02 1.850620333484303270e-01 4.925535686093654962e-03 9.827170131423738075e-01 6.123089791710085272e+00
9.812687526290665430e-01 -7.964149619218168288e-03 -1.924577759106404218e-01 -7.433248029703238835e-01 6.536198473743342306e-03 9.999462139215025136e-01 -8.053495185272317378e-03 -1.032199598367850996e-01 1.925115755077539681e-01 6.644251629352455890e-03 9.812680222838122690e-01 6.579571656927325485e+00
9.796711466445380267e-01 -7.061301174766050452e-03 -2.004556886029606189e-01 -8.524267271646168709e-01 5.081721812863937600e-03 9.999331443714265522e-01 -1.038954727420322161e-02 -1.072540989894744806e-01 2.005156506905057257e-01 9.159509440089473251e-03 9.796415695606652818e-01 7.060366603596575530e+00
9.782762402441627092e-01 -7.656208461244237533e-03 -2.071754210954373787e-01 -9.655159124952935601e-01 5.102394223657521002e-03 9.999043252538823978e-01 -1.285811280478011548e-02 -1.143730634791236545e-01 2.072540668810693432e-01 1.152170960033857897e-02 9.782217362902851931e-01 7.545702235245379974e+00
9.763205195739257380e-01 -1.105887292967447366e-02 -2.160774333538129643e-01 -1.078872976595741662e+00 8.107529754496722516e-03 9.998615157248239571e-01 -1.454225107457513162e-02 -1.252379041907978330e-01 2.162083106134387311e-01 1.244628255532295030e-02 9.762748562379630624e-01 8.047588218161637386e+00
9.744876472089815111e-01 -1.739117967169383563e-02 -2.237553876641006356e-01 -1.196516591007254382e+00 1.425128462399193226e-02 9.997762817429804993e-01 -1.564037420377847876e-02 -1.433989836314062960e-01 2.239772642199585884e-01 1.205261057684255642e-02 9.745172633507420690e-01 8.563782689608864018e+00
9.727729609979813841e-01 -1.796382488941909369e-02 -2.310662940516502728e-01 -1.329173791530401383e+00 1.425625802524855233e-02 9.997416570778089318e-01 -1.770014532109310049e-02 -1.660145309597131913e-01 2.313246814207259860e-01 1.392401129342009727e-02 9.727776163449863844e-01 9.092787408067362520e+00
9.709302395737580138e-01 -1.484907672422095329e-02 -2.388989016079273442e-01 -1.480525091684896655e+00 9.699401673745942573e-03 9.996949686161554771e-01 -2.271912630358426805e-02 -1.730173140399420550e-01 2.391632550034711313e-01 1.974257952646799041e-02 9.707780615778478506e-01 9.623168788298656295e+00
9.687470953727039813e-01 -1.216429479103945874e-02 -2.477814808634360988e-01 -1.639558080740627810e+00 5.903926779682163763e-03 9.996446784109562778e-01 -2.599810433491580100e-02 -1.873051700850923984e-01 2.480096375842384404e-01 2.372333420797377926e-02 9.684746288423777827e-01 1.017107675333361883e+01
9.664449131945725968e-01 -1.394402315994534326e-02 -2.565600826003395785e-01 -1.794711037958819810e+00 7.149972999092237859e-03 9.995990272680411737e-01 -2.740261584469847952e-02 -2.096265969036352761e-01 2.568392741905651255e-01 2.464973041174347082e-02 9.661569681982753455e-01 1.073494296245883284e+01
9.639401430367029455e-01 -1.607849392300966795e-02 -2.656125429619387579e-01 -1.950757591836791427e+00 8.726858724731880942e-03 9.995461888020913399e-01 -2.883712278072712507e-02 -2.369644080917894247e-01 2.659556286392572577e-01 2.547896224391998227e-02 9.636430560167358328e-01 1.130004677432039983e+01
9.622781515685941978e-01 -1.651762028543668492e-02 -2.716062747211535622e-01 -2.129209826139011330e+00 8.065220574012987864e-03 9.994486991769593320e-01 -3.222025481286071302e-02 -2.606142929118709928e-01 2.719885602205412423e-01 2.881546329069322593e-02 9.618806774641330826e-01 1.188240135212760684e+01
9.596681337766841402e-01 -1.558191955370718390e-02 -2.807340774625512458e-01 -2.319270628450361471e+00 5.859763262139572673e-03 9.993546338808585450e-01 -3.543444187924644356e-02 -2.858056076930449718e-01 2.811051559083080909e-01 3.236027404630961030e-02 9.591401742751356485e-01 1.247822342483192593e+01
9.577222847227804259e-01 -1.689195256818453242e-02 -2.872475101127259789e-01 -2.506819050566322371e+00 5.424654088304149691e-03 9.991576898903904436e-01 -4.067728451497579917e-02 -3.151155901986050223e-01 2.876928224379155519e-01 3.739905807092458456e-02 9.570070493126104916e-01 1.307579179340008757e+01
9.557049633363042807e-01 -1.736392628673688945e-02 -2.938506413308010212e-01 -2.708464063564716806e+00 3.603044528328513008e-03 9.988737435427160749e-01 -4.731563125691013588e-02 -3.529364749668231216e-01 2.943412834773915798e-01 4.416099605459136018e-02 9.546911028438802571e-01 1.368701970725753370e+01
9.544165515474399841e-01 -1.771454589827095930e-02 -2.980314730216003793e-01 -2.912106300893392064e+00 9.767959417417264052e-04 9.984173932677117280e-01 -5.621825641419173764e-02 -3.894108477873142182e-01 2.985561888202634129e-01 5.336286005529036758e-02 9.529232439818456912e-01 1.431410984884775672e+01
9.533731450726219414e-01 -1.771657490148708519e-02 -3.012714920294952692e-01 -3.125625737818407579e+00 -1.866148745685561024e-03 9.979103803527239469e-01 -6.461272795827754933e-02 -4.347204477023104974e-01 3.017860569016314054e-01 6.216423918279696120e-02 9.513477573810509291e-01 1.494872135721793249e+01
9.520866342615047495e-01 -1.790985851829732939e-02 -3.052991177295819591e-01 -3.348871930024416521e+00 -5.022519886045769336e-03 9.972336148082866503e-01 -7.416674436834760908e-02 -4.833753313112199024e-01 3.057828827003366556e-01 7.214641465147837718e-02 9.493625836481044411e-01 1.559716603775227206e+01
9.509868786602780899e-01 -1.639109257281732776e-02 -3.087997473749238830e-01 -3.576192120361021853e+00 -9.073004502762936282e-03 9.966852753649184660e-01 -8.082040502103304824e-02 -5.413512718454491779e-01 3.091014738383342508e-01 7.965936102555132292e-02 9.476858123978382231e-01 1.625717345967998284e+01
9.493201094557539577e-01 -1.603082706704222690e-02 -3.139498140496946865e-01 -3.813463379532379349e+00 -1.212482722034052308e-02 9.960874790556506486e-01 -8.752354240783523365e-02 -6.027133668788002829e-01 3.141248590659348472e-01 8.689336970817161665e-02 9.454114246073396233e-01 1.692120237818529915e+01
9.479424170179273634e-01 -1.486035609982978845e-02 -3.181314818568900527e-01 -4.056788503607628549e+00 -1.558638705289408337e-02 9.955480927507881495e-01 -9.294651318346837388e-02 -6.722156658318263478e-01 3.180970966116812293e-01 9.306413217031941909e-02 9.434905602729413143e-01 1.759703990994818668e+01
9.465778221304878004e-01 -1.233532855079729623e-02 -3.222213761970008639e-01 -4.307339980875075192e+00 -2.051149018753398862e-02 9.949416607780536825e-01 -9.832939526055477220e-02 -7.433131860266587454e-01 3.218041379592285200e-01 9.968645341870881194e-02 9.415366212746558716e-01 1.828349460219173039e+01
9.445833839491258876e-01 -1.002800571194704601e-02 -3.281517229070911590e-01 -4.570580841404793482e+00 -2.463567532740779109e-02 9.945492448916860573e-01 -1.012975069847354970e-01 -8.206946134542481008e-01 3.273792768930863240e-01 1.037661273252301897e-01 9.391874690824671967e-01 1.898910288043240868e+01
9.428918170297875267e-01 -9.305070101103943281e-03 -3.329899651460694332e-01 -4.837466599478099205e+00 -2.655854495079913377e-02 9.943272888992339409e-01 -1.029867252558045454e-01 -8.976737427293437488e-01 3.320598774177789259e-01 1.059468584657718288e-01 9.372958314717968475e-01 1.968812086085202750e+01
9.408867149755055781e-01 -8.204185658715874505e-03 -3.385555582712597711e-01 -5.111560266678904618e+00 -2.809691683451700367e-02 9.943710167196823102e-01 -1.021673159665670710e-01 -9.875687977269926865e-01 3.374876821459484866e-01 1.056424136481289994e-01 9.353598964023465134e-01 2.041137969099590421e+01
9.381329132409742533e-01 -8.473694106249504351e-03 -3.461687964824769481e-01 -5.385663691246370455e+00 -2.816965771713447059e-02 9.945196281550896522e-01 -1.006835737596909336e-01 -1.070073327036600075e+00 3.451253632164154594e-01 1.042041294806194118e-01 9.327528393297969123e-01 2.114085943477977381e+01
9.362816066313891517e-01 -8.401216524971265656e-03 -3.511860707849858154e-01 -5.673573122553936088e+00 -2.788979175712371500e-02 9.947794512938287204e-01 -9.817454765771092828e-02 -1.157517987372903123e+00 3.501776468921206087e-01 1.017128824269736137e-01 9.311592890024255054e-01 2.187663009479642540e+01
9.335160714639900714e-01 -8.152141071060943489e-03 -3.584952185075578890e-01 -5.967477437707680465e+00 -2.780575965718568368e-02 9.950843585179018902e-01 -9.506612056364568963e-02 -1.241832589968125511e+00 3.575081873551207434e-01 9.871312936482316835e-02 9.287005071938592149e-01 2.261893069521571675e+01
9.289881073622027197e-01 -5.322117619938780339e-03 -3.701270183620080090e-01 -6.287541793230397857e+00 -2.970655970798109780e-02 9.955983764505780265e-01 -8.888376565462137446e-02 -1.320628249482530991e+00 3.689713204152502146e-01 9.356450653889557267e-02 9.247408420081423275e-01 2.337729894324829161e+01
9.261487970317328067e-01 -2.628242597349532503e-03 -3.771822848971120856e-01 -6.610700862109579745e+00 -3.109727882431703033e-02 9.960386868504574887e-01 -8.330832561341976195e-02 -1.400006908769007685e+00 3.759071200735611962e-01 8.888533847122691289e-02 9.223982328422059007e-01 2.412485624114064464e+01
9.229375590731008216e-01 9.570242943601874877e-04 -3.849764736152205269e-01 -6.949048362553930325e+00 -3.417643187161643198e-02 9.962517838595756903e-01 -7.947477563651034194e-02 -1.475806487049425408e+00 3.834574384443401041e-01 8.650782957272966367e-02 9.195107727480182902e-01 2.488558653007349619e+01
9.193486930723930861e-01 1.763715177014952076e-03 -3.934188352389932364e-01 -7.291242324711875611e+00 -3.490971290882340095e-02 9.964114063888760420e-01 -7.710058178707376864e-02 -1.550776094582327014e+00 3.918709710236920052e-01 8.461708379753522802e-02 9.161109928582197304e-01 2.565546523630863263e+01
9.155131373371470094e-01 2.605074180632689120e-03 -4.022193085543232516e-01 -7.642356745009446506e+00 -3.648415871079246225e-02 9.963957682035697871e-01 -7.659447655308586345e-02 -1.626837238584658119e+00 4.005701161170893698e-01 8.480060928220793659e-02 9.123082947385192654e-01 2.643047072962630040e+01
9.119151188001575203e-01 2.619442950997954902e-03 -4.103686449848068518e-01 -8.003878178357643591e+00 -3.692813503687096544e-02 9.964467452101338774e-01 -7.569793230465107770e-02 -1.695718489123351880e+00 4.087127351916484130e-01 8.418114954932834348e-02 9.087712050280999376e-01 2.720613971781630980e+01
9.078658415327343079e-01 3.396413462516682108e-03 -4.192216603351468507e-01 -8.383275029852308435e+00 -3.794038616814241621e-02 9.965298223945231459e-01 -7.410440171563861811e-02 -1.776734039448648605e+00 4.175149577539754575e-01 8.318676348229402107e-02 9.048443196313975534e-01 2.799045246856204727e+01
9.041877447091507536e-01 3.164795526101975114e-03 -4.270482971086163038e-01 -8.767544627881285635e+00 -3.701696154641916786e-02 9.967907758026001153e-01 -7.097673131749941688e-02 -1.841855873103377395e+00 4.254525783542822404e-01 7.998947001303360893e-02 9.014032334097583643e-01 2.878461754496978031e+01
9.008666521145989314e-01 3.817566010880545698e-03 -4.340851068698092785e-01 -9.158956822424650923e+00 -3.628470013944595784e-02 9.971240735940135602e-01 -6.651263043647789863e-02 -1.909052486220485179e+00 4.325826226612047853e-01 7.566860203472278168e-02 8.984142916673338863e-01 2.958223512507564124e+01
8.965288504203177133e-01 5.765719348520961102e-03 -4.429401195802331603e-01 -9.572042932858616737e+00 -3.655543350077414266e-02 9.974678795570846024e-01 -6.102720122247942691e-02 -1.976116640451602180e+00 4.414670053636448044e-01 7.090557042876995120e-02 8.944693659469752367e-01 3.039961078805779948e+01
8.942586696172554195e-01 3.442375250518626365e-03 -4.475253345318290776e-01 -9.992652907068123369e+00 -3.255150360546107263e-02 9.978222827278151463e-01 -5.734311924218055828e-02 -2.043858016341292938e+00 4.463536053637148782e-01 6.584240256211942866e-02 8.924231632364421074e-01 3.120559961698904772e+01
8.897946854532130523e-01 3.346468521801407650e-03 -4.563618316430853583e-01 -1.041949074059391123e+01 -3.196929627686646846e-02 9.979734049960193865e-01 -5.502695022516904816e-02 -2.103115018274315240e+00 4.552527271808461395e-01 6.355481838785495552e-02 8.880986564532337146e-01 3.202660257514560271e+01
8.866850342309200439e-01 3.846779297858205805e-03 -4.623237306928430490e-01 -1.086682659578982069e+01 -3.193820357713144514e-02 9.980864571658862872e-01 -5.294111957048652090e-02 -2.163079445135265289e+00 4.612351163393376141e-01 6.171026680808749248e-02 8.851113067980791449e-01 3.285815875040965750e+01
8.841262081296333841e-01 3.854116944156815976e-03 -4.672137023836080427e-01 -1.131941218386111636e+01 -3.147751458675105557e-02 9.981854959737119781e-01 -5.133114861659725942e-02 -2.216488948116326352e+00 4.661680835518909327e-01 6.009055788929536929e-02 8.826433992940243556e-01 3.369701328855730083e+01
8.804120292318551311e-01 3.602760901893392858e-03 -4.741900819904288356e-01 -1.178418145378659787e+01 -3.074141328992547467e-02 9.983013160394004215e-01 -4.949350945487833442e-02 -2.281620859642929044e+00 4.732061022751696822e-01 5.815400907411939074e-02 8.790272715271456594e-01 3.454343018763461970e+01
8.779161113904364599e-01 2.201793310278929786e-03 -4.787570452213140149e-01 -1.225841556349817907e+01 -2.934737203938160913e-02 9.983567912697682845e-01 -4.921248358554409369e-02 -2.338787187798084588e+00 4.778619018300596100e-01 5.725549792726951359e-02 8.765382312013371147e-01 3.539313205531117745e+01
8.766643062041146184e-01 6.606990709073033013e-04 -4.810540663090334679e-01 -1.274521973050653578e+01 -2.807253515844165478e-02 9.983655018745838383e-01 -4.977993435839037084e-02 -2.396317547665019809e+00 4.802349984749616496e-01 5.714386755707272225e-02 8.752498569145881202e-01 3.625277820949360574e+01
8.747648359292027331e-01 9.867472513476061979e-04 -4.845463931986588868e-01 -1.323891547802466917e+01 -2.921897222053962753e-02 9.982856266864863493e-01 -5.071654808059265773e-02 -2.455480890107951897e+00 4.836657167640421306e-01 5.852178160719923722e-02 8.732938653109468818e-01 3.712462313980081063e+01
8.756780082132209486e-01 1.819926737670865720e-03 -4.828789882518196297e-01 -1.374429012440812237e+01 -2.928680316957786578e-02 9.983523459836453062e-01 -4.935251466202657950e-02 -2.514197100003796592e+00 4.819937623605630717e-01 5.735809118024968317e-02 8.742884967972440746e-01 3.800942280015406993e+01
8.744721474309951059e-01 1.459106182321199749e-03 -4.850970322899034182e-01 -1.424889488052587438e+01 -2.834662103957978282e-02 9.984401356288017393e-01 -4.808427290226596762e-02 -2.572830388096182030e+00 4.842701369817411505e-01 5.579814596231430501e-02 8.731496976645380936e-01 3.891169333257760599e+01
8.740675402630030399e-01 5.442936448641891485e-05 -4.858712749887761917e-01 -1.476361724768879213e+01 -2.647764211466571010e-02 9.985189384430378512e-01 -4.752644004755346430e-02 -2.633376123253466261e+00 4.851490407174056663e-01 5.440564934279597947e-02 8.727747302096698911e-01 3.982261718723474786e+01
8.751853725562378505e-01 -1.597883737247022141e-03 -4.838713113447521974e-01 -1.528801546854552385e+01 -2.454211024488533663e-02 9.985602493228847854e-01 -4.769890903435520385e-02 -2.688408203755946690e+00 4.832508294813143146e-01 5.362111152330261560e-02 8.738863451885962030e-01 4.074373031007171164e+01
8.728721285960991949e-01 -3.179606404727556776e-03 -4.879627647960645409e-01 -1.581645336044983630e+01 -2.306006145693878864e-02 9.985926407098778546e-01 -4.776603549375264129e-02 -2.746500758721215796e+00 4.874280215413344108e-01 5.294626594775102973e-02 8.715704875566636645e-01 4.167250129331536357e+01
8.714608045455908281e-01 -3.058647039281815489e-03 -4.903430268170005379e-01 -1.634777146988712815e+01 -2.255683036970405897e-02 9.986724402617650487e-01 -4.630889259256312090e-02 -2.808233982483858693e+00 4.898334867323383413e-01 5.142114101902051093e-02 8.702350618294546480e-01 4.260564581607006573e+01
8.693679398170087724e-01 -2.726250317554812248e-03 -4.940988421008181697e-01 -1.689186928936473819e+01 -2.121642446088809267e-02 9.988568571010640884e-01 -4.284128230902174705e-02 -2.869554119233901357e+00 4.936510116598120113e-01 4.772664950715165694e-02 8.683162954777097209e-01 4.353890671515624433e+01
8.666325442663342926e-01 -2.350079679823677530e-03 -4.988038822132778161e-01 -1.742581279969161656e+01 -1.936930251109945933e-02 9.990766699296390607e-01 -3.834728758361909823e-02 -2.935686206104414442e+00 4.984334270148030877e-01 4.289641631362584723e-02 8.657868814613756125e-01 4.446393620020973714e+01
8.634827922480619034e-01 -3.730096842861404822e-03 -5.045115775382058576e-01 -1.796597340052295877e+01 -1.690258219859780073e-02 9.991970402570423682e-01 -3.632108559480830279e-02 -2.989410461935841923e+00 5.042422483188790938e-01 3.988523871785640273e-02 8.627265162001876986e-01 4.538802525521847286e+01
8.575547892981802978e-01 -6.502969541341860164e-03 -5.143809418370974829e-01 -1.852621495283557351e+01 -1.516653976088447667e-02 9.991656528941713633e-01 -3.791520281512747448e-02 -3.048792164359440893e+00 5.141985228472155667e-01 4.031380856595251361e-02 8.567408376767282618e-01 4.630280113275652099e+01
8.521492571162608831e-01 -9.399605926270182196e-03 -5.232866081835216843e-01 -1.908504139980683689e+01 -1.440734490405259742e-02 9.990382138800130152e-01 -4.141891141815733784e-02 -3.109777093811495696e+00 5.231727059084358977e-01 4.283454481370600059e-02 8.511943186880218670e-01 4.721298543901182398e+01
8.459850769674999160e-01 -8.907120819733349917e-03 -5.329781142281442285e-01 -1.967494584752921227e+01 -1.506178919076908533e-02 9.990622603319174733e-01 -4.059857104791966820e-02 -3.161475870775537711e+00 5.328397715358100806e-01 4.237671382993798974e-02 8.450576240958467267e-01 4.811982073521134140e+01
8.405431807398621169e-01 -5.820647960485240795e-03 -5.416113015540203746e-01 -2.027287332610131898e+01 -1.562142658623729211e-02 9.992660880071276841e-01 -3.497533875707784651e-02 -3.215255412338540619e+00 5.414174376485318962e-01 3.785943717397282499e-02 8.398353159087720288e-01 4.902405493356819477e+01
8.359735191219246353e-01 -3.292542389363911637e-03 -5.487720167226244339e-01 -2.087617725029279825e+01 -1.654866581013872753e-02 9.993760556662525385e-01 -3.119964782833529321e-02 -3.267974445303597264e+00 5.485324513595434270e-01 3.516150825493400550e-02 8.353974669140935561e-01 4.992062090660334661e+01
8.311725565859836573e-01 -1.882250694304287916e-03 -5.561622445981854179e-01 -2.148864506274187036e+01 -1.914031918508382960e-02 9.993048692487271900e-01 -3.199353191084692433e-02 -3.321000023024694325e+00 5.558359311794517366e-01 3.723297872328828334e-02 8.305585887221742514e-01 5.080665267358833859e+01
8.278808025069342991e-01 -3.580448861096234212e-03 -5.610450299213018965e-01 -2.210364468612886668e+01 -1.982106470355663938e-02 9.991684224099570688e-01 -3.563563496641723727e-02 -3.372130026545553161e+00 5.607063931255922284e-01 4.061671494109704572e-02 8.271213478408299125e-01 5.169178492780540068e+01
8.255473326782688526e-01 -6.356802536463855048e-03 -5.642999485849502506e-01 -2.271040998444927439e+01 -2.168029673875264060e-02 9.988411492961555282e-01 -4.297112717940621690e-02 -3.432570652355954266e+00 5.639188966082430143e-01 4.771231067651426211e-02 8.244528990985739991e-01 5.256787887927722380e+01
8.209013543233611987e-01 -6.811185740016705882e-03 -5.708969057134717362e-01 -2.333741042503803698e+01 -2.217997785311520698e-02 9.987941998662730470e-01 -4.379982965543537804e-02 -3.489796467650002842e+00 5.705067343932342938e-01 4.862039124664471745e-02 8.197603603077416867e-01 5.344209725654660303e+01
8.190117805574846921e-01 -4.646893826775347000e-03 -5.736648090963565316e-01 -2.396149667637386926e+01 -2.221488780802629084e-02 9.989606635256953471e-01 -3.980597229728559394e-02 -3.547543855642365518e+00 5.732535148516197943e-01 4.534739934786882060e-02 8.180572166185716698e-01 5.432674349059980301e+01
8.156502853774161288e-01 -3.238120561206141168e-03 -5.784996558439355896e-01 -2.459616648992549415e+01 -2.025960184215451487e-02 9.992111366215276069e-01 -3.415698582446371340e-02 -3.598039032126756798e+00 5.781539869640783813e-01 3.958145497120462569e-02 8.149411626491886995e-01 5.520881709028091677e+01
8.128362638036658039e-01 -2.018228651894511845e-03 -5.824381419973110319e-01 -2.523901168667136474e+01 -1.995554206301358366e-02 9.993105274182985109e-01 -3.131100609218525482e-02 -3.657750610253579282e+00 5.820996082741859423e-01 3.707576915022362668e-02 8.122355258442284232e-01 5.607678852482472109e+01
8.102732047259892934e-01 -1.926853942331103792e-04 -5.860387071751633759e-01 -2.587827821013905805e+01 -2.231565886501813561e-02 9.992646712869028836e-01 -3.117299433588990518e-02 -3.699712118577215936e+00 5.856138781859653308e-01 3.833274950948457188e-02 8.096729036540086799e-01 5.695961378706390121e+01
8.058881005017588528e-01 -2.096316245614859158e-03 -5.920212076140957125e-01 -2.653304467178109149e+01 -2.187958564567641512e-02 9.992052572744517525e-01 -3.332243330122278135e-02 -3.748304851783615721e+00 5.916205953980228083e-01 3.980814688076244473e-02 8.052015207066082203e-01 5.782516263658430944e+01
8.023726529607652092e-01 -4.074340477306310007e-03 -5.969252424376889632e-01 -2.718963304300815054e+01 -2.143102574299947383e-02 9.991350784777582872e-01 -3.562935390750859854e-02 -3.810353309792710252e+00 5.965542190684838264e-01 4.138024887335784580e-02 8.015911974898521919e-01 5.868968938767975629e+01
7.991453701602119208e-01 -4.960457549984719806e-03 -6.010166278458859423e-01 -2.784798581769045711e+01 -2.045479827319649294e-02 9.991624798485846393e-01 -3.544040770980102367e-02 -3.861059117457161793e+00 6.006889619337706376e-01 4.062162921199395649e-02 7.983745197002184435e-01 5.955667835924111841e+01
7.935409335329497438e-01 -4.527762738405236541e-03 -6.084474163509278055e-01 -2.852811934831658292e+01 -2.097888625666141302e-02 9.991743347904550321e-01 -3.479550302756920926e-02 -3.910740468781274348e+00 6.081027632112913084e-01 4.037588931297952238e-02 7.927905748391321783e-01 6.042582690120546829e+01
7.904016733592362787e-01 -4.446785338565850676e-03 -6.126527594042280311e-01 -2.919987274216525464e+01 -2.068403119942038154e-02 9.992097819354790467e-01 -3.394376858476776115e-02 -3.967430600622314785e+00 6.123197763351075906e-01 3.949900866866919158e-02 7.896849547890558707e-01 6.126836490060419749e+01
7.845181202760393990e-01 -6.043597507178049937e-03 -6.201126112386757816e-01 -2.989362285991595058e+01 -1.960880205604447965e-02 9.992106849320918638e-01 -3.453897985607359833e-02 -4.022377819139581590e+00 6.198317908155338563e-01 3.925664536923294257e-02 7.837803095341480120e-01 6.213149104832566394e+01
7.788806980117634060e-01 -6.640241348861892351e-03 -6.270574270242404991e-01 -3.059024753139613750e+01 -1.943129238643392584e-02 9.992084517599054694e-01 -3.470797256470905395e-02 -4.074130847646539877e+00 6.267915510017662006e-01 3.921545076704509303e-02 7.781350771799305788e-01 6.297910461368047663e+01
7.739867220799641068e-01 -8.070729129915609965e-03 -6.331767387440564443e-01 -3.129641562860664195e+01 -1.879039676216877341e-02 9.991857167594929701e-01 -3.569789263931363865e-02 -4.125828262133893531e+00 6.329494132749335922e-01 3.952319452347630852e-02 7.732048027720238581e-01 6.382598615303862033e+01
7.685376270594075354e-01 -9.054612027692192366e-03 -6.397890767958478442e-01 -3.201885925283735901e+01 -1.845701656811243874e-02 9.991699458457377059e-01 -3.630949111646940286e-02 -4.180453689709954013e+00 6.395868649507354675e-01 3.971331477286758893e-02 7.677325144132755019e-01 6.467409542498462827e+01
7.623549820012437417e-01 -1.077655626708085013e-02 -6.470728173125829263e-01 -3.273635079802406977e+01 -1.766878691713374971e-02 9.991421156058470920e-01 -3.746277931651775112e-02 -4.238793391537233113e+00 6.469213465047189970e-01 3.999371424737680619e-02 7.615104144854999424e-01 6.551462664893286103e+01
7.566010509245424398e-01 -1.254623461175578825e-02 -6.536584872801100010e-01 -3.347933202679564602e+01 -1.618201316729431585e-02 9.991505128005447878e-01 -3.790965977968284439e-02 -4.292054835104076815e+00 6.535787766762700679e-01 3.926191015170184262e-02 7.557549937395124928e-01 6.635668467304492424e+01
7.499321161222015641e-01 -1.261203532118613732e-02 -6.614410707167271974e-01 -3.422418716334036759e+01 -1.495209687781244405e-02 9.992396986027800576e-01 -3.601175859630460080e-02 -4.345611061861962554e+00 6.613924468003012924e-01 3.689345688318734079e-02 7.491734411267642058e-01 6.719785394292755143e+01
7.443803130884777408e-01 -1.403337887100403192e-02 -6.675987438853877576e-01 -3.497617913546582713e+01 -1.325300137016762088e-02 9.992717110170319383e-01 -3.577505152603972088e-02 -4.404943744064730993e+00 6.676146669788769472e-01 3.547663256223416300e-02 7.436523653712666659e-01 6.802547536377674930e+01
7.371764700406885362e-01 -1.517391474881333961e-02 -6.754874247623257055e-01 -3.575112199241726785e+01 -1.265543143646939359e-02 9.992624461904943134e-01 -3.625451458578504704e-02 -4.454828424446610313e+00 6.755394440479108864e-01 3.527290368247571611e-02 7.364407319774354255e-01 6.885362713885524499e+01
7.314720764966025079e-01 -1.688487246279006537e-02 -6.815093671562036937e-01 -3.653124186915317040e+01 -1.238181658849460756e-02 9.991996979784459887e-01 -3.803824835396887871e-02 -4.513394321608298121e+00 6.816061317057002800e-01 3.626500324437166578e-02 7.306777128296393364e-01 6.966128090760804525e+01
7.264523681321534143e-01 -1.603953662384785886e-02 -6.870561301124681330e-01 -3.731788221402536720e+01 -1.364052446123769323e-02 9.991941299023407996e-01 -3.775336370400751707e-02 -4.571811675187838375e+00 6.871079326923690278e-01 3.679866508827930871e-02 7.256482221383879772e-01 7.048548486881099961e+01
7.199319197167497464e-01 -1.501775257412671372e-02 -6.939070138382329445e-01 -3.812810015893404625e+01 -1.400260040745914675e-02 9.992481747475826515e-01 -3.614888704373225153e-02 -4.624572436510265838e+00 6.939280255780648776e-01 3.574538147684389044e-02 7.191803581876453633e-01 7.130664756929209602e+01
7.160965953791859073e-01 -1.451271822602603206e-02 -6.978914369123924155e-01 -3.893399122732481743e+01 -1.482488010053760637e-02 9.992421049987633141e-01 -3.598593444253068291e-02 -4.683980688349745236e+00 6.978851873136311390e-01 3.611018585363226507e-02 7.153387731671254635e-01 7.211433955193476208e+01
7.103594789663850717e-01 -1.554023874697341850e-02 -7.036982962286085774e-01 -3.975853769884302835e+01 -1.470635541107443746e-02 9.992102444279937767e-01 -3.690407284744961353e-02 -4.739978990886993593e+00 7.037162754727798175e-01 3.656371709969519906e-02 7.095700194568788088e-01 7.292725397442622182e+01
7.053081726369646587e-01 -1.785594514824992082e-02 -7.087895184342272170e-01 -4.058652667308724915e+01 -1.490580428435207133e-02 9.990881847320604026e-01 -4.000561291634224803e-02 -4.801963404386594192e+00 7.088580035267249002e-01 3.877470296263615251e-02 7.043989397768186667e-01 7.374484761337954808e+01
7.015397892053899520e-01 -1.913242093165152743e-02 -7.124905295868104727e-01 -4.141870879641707859e+01 -1.558647852955760173e-02 9.989884666415628223e-01 -4.218105295787173692e-02 -4.863765841635262710e+00 7.125773727230880761e-01 4.068959132743676932e-02 7.005320273370990725e-01 7.455063137356015091e+01
6.954850185043841559e-01 -1.792470353102765604e-02 -7.183637487046172776e-01 -4.227170399246979571e+01 -1.819268205871666169e-02 9.989290419160659074e-01 -4.253659482989968071e-02 -4.924789292245284500e+00 7.183567953288166885e-01 4.265534351468115021e-02 6.944140979581513440e-01 7.535344308631735544e+01
6.905184417916484518e-01 -1.899734035214295166e-02 -7.230762716231357023e-01 -4.312886069859712279e+01 -1.643488858110219233e-02 9.989848913972398936e-01 -4.194599429419441222e-02 -4.983864173841613621e+00 7.231393311215271735e-01 4.084883002812871727e-02 6.895053175908359977e-01 7.615930909000344684e+01
6.870687759026403718e-01 -1.913783788861477334e-02 -7.262590907015420427e-01 -4.398817526032567571e+01 -1.444593976799216778e-02 9.990956750361941197e-01 -3.998456917512401010e-02 -5.049185359150143881e+00 7.263677094893732367e-01 3.796338586029739115e-02 6.861709830211264460e-01 7.696825137510471393e+01
6.818416336710526604e-01 -1.966750568498530985e-02 -7.313113688184630368e-01 -4.486142784453909371e+01 -1.452940963505922750e-02 9.990771532552272793e-01 -4.042183494214818262e-02 -5.114289565172393637e+00 7.314316464636891890e-01 3.818761822115471216e-02 6.809266467857257865e-01 7.776505572053645210e+01
6.773397709933535182e-01 -2.089854532120209371e-02 -7.354376103010044075e-01 -4.573649478092658427e+01 -1.351303078396994158e-02 9.990744201598459329e-01 -4.084239936720766850e-02 -5.179485545030479976e+00 7.356102818999957771e-01 3.760638976110231013e-02 6.764304643605640877e-01 7.856179793661948452e+01
6.724368273601851742e-01 -2.099632907327581011e-02 -7.399111962944671106e-01 -4.662744780975126702e+01 -1.237534835736600614e-02 9.991388769992428642e-01 -3.961024426090928308e-02 -5.241681770471554813e+00 7.401059000480814110e-01 3.578850534988248233e-02 6.715979783302389317e-01 7.935905742601583768e+01
6.678596006866567292e-01 -2.283733788933596867e-02 -7.439248207609147068e-01 -4.752320598409360031e+01 -1.055138120013592376e-02 9.991383129582227518e-01 -4.013814667228066124e-02 -5.300100404991812120e+00 7.441999487941437508e-01 3.466365601256769097e-02 6.670429069537230360e-01 8.014793271158920618e+01
6.658256822585956192e-01 -2.627807334423345326e-02 -7.456105291831057746e-01 -4.841629896940645494e+01 -7.139469926352853650e-03 9.991093657492142732e-01 -4.159521205244248038e-02 -5.366601798573511495e+00 7.460393617885727746e-01 3.301907369441411250e-02 6.650451465608242518e-01 8.094855307665011424e+01
6.597538309696722170e-01 -2.992221397571053973e-02 -7.508359451365526072e-01 -4.933091691364786868e+01 -4.382482551971603017e-03 9.990368646504033112e-01 -4.365658947400160445e-02 -5.426473487052260403e+00 7.514188375233019634e-01 3.209497711239062134e-02 6.589871764654962050e-01 8.173519813570698034e+01
6.554399030825434069e-01 -3.374182798754446488e-02 -7.545246390748859833e-01 -5.024413995257297927e+01 -7.481763469393227844e-04 9.989718848783737393e-01 -4.533213523225716052e-02 -5.499822525442493060e+00 7.552788398152647797e-01 3.027080407207490345e-02 6.547411132117209043e-01 8.251179019343739185e+01
6.500196230352512927e-01 -3.831297314441269031e-02 -7.589349516605969903e-01 -5.117133280714020316e+01 5.346060593843147100e-03 9.989342173271948955e-01 -4.585226625828928843e-02 -5.567786942894716873e+00 7.598825443208777619e-01 2.575204639941885629e-02 6.495315579300955378e-01 8.330789319733338516e+01
6.414835386419646124e-01 -4.190407075505129392e-02 -7.660528740161151040e-01 -5.210569336635448678e+01 1.067217209473021906e-02 9.988975202317113000e-01 -4.570017450269273779e-02 -5.635622187859064880e+00 7.671244224753875907e-01 2.112784700994443585e-02 6.412241252045407514e-01 8.408732871211762472e+01
6.327337984394650894e-01 -4.255702893139564486e-02 -7.731190064834250197e-01 -5.304695162192229674e+01 1.277227482767536414e-02 9.989263303993634047e-01 -4.453188824779819727e-02 -5.712380362110671683e+00 7.741841522543183585e-01 1.829971985552228744e-02 6.325981962611165743e-01 8.485279922065355152e+01
6.243317129298531221e-01 -4.216267330407551250e-02 -7.800565557504505199e-01 -5.401237770163587726e+01 1.473881273002828653e-02 9.990002397343906715e-01 -4.219855071773684352e-02 -5.771982718257739009e+00 7.810563377775924243e-01 1.484439651253000730e-02 6.243292206794148758e-01 8.562353263681090709e+01
6.148162916313456572e-01 -4.119419596245479931e-02 -7.876403466814206888e-01 -5.499274601552753694e+01 1.442486358095296586e-02 9.990551968934134885e-01 -4.100247652728299802e-02 -5.848989563320643015e+00 7.885850770667949261e-01 1.384909002564971292e-02 6.148299241530059689e-01 8.638144962305017316e+01
6.062002799210572945e-01 -4.267547500926360121e-02 -7.942337098302496567e-01 -5.597935608863105728e+01 1.316323624022245134e-02 9.989610492189008317e-01 -4.362351720383746828e-02 -5.908640673788556619e+00 7.952704529569611935e-01 1.599074298791788515e-02 6.061320701939960642e-01 8.711506648770225070e+01
5.956514459164734543e-01 -4.595211987809266069e-02 -8.019922668494116058e-01 -5.697808860227259231e+01 1.527829323714997162e-02 9.988297477265984936e-01 -4.589397608436570491e-02 -5.983192122543090186e+00 8.031625853516998204e-01 1.508687638519350636e-02 5.956564907021736355e-01 8.784579977838791365e+01
5.861900901235641559e-01 -4.650764283192519721e-02 -8.089430707163428602e-01 -5.798850882739926504e+01 1.447335100712191652e-02 9.987927868843765600e-01 -4.695108241602072296e-02 -6.053058926930368067e+00 8.101498830760138770e-01 1.581815470734751830e-02 5.861556480012146686e-01 8.857111995648644154e+01
5.765104323091577720e-01 -4.821731068393175779e-02 -8.157253360043784651e-01 -5.901557519042580680e+01 1.836657333838106337e-02 9.987695320589132786e-01 -4.606936005971708908e-02 -6.124074034158789814e+00 8.169432715646764986e-01 1.157607977438896395e-02 5.766870842769487027e-01 8.929604240921156588e+01
5.652434166871878052e-01 -4.771668583354798931e-02 -8.235058364258577290e-01 -6.004888738495058931e+01 1.989518235661560594e-02 9.988238322553646409e-01 -4.420721938459839379e-02 -6.196015194273787330e+00 8.246471198314533346e-01 8.599747658553195950e-03 5.655279115417617408e-01 8.999459857753065251e+01
5.547372305956635996e-01 -4.823910295220810995e-02 -8.305617417915720502e-01 -6.109324774731066299e+01 2.024331249046381134e-02 9.988053952234647870e-01 -4.448144024119075890e-02 -6.267839079203843866e+00 8.317147800104394140e-01 7.870126516879436679e-03 5.550503612414185994e-01 9.069059907286028022e+01
5.452850039267824744e-01 -4.872820398745241616e-02 -8.367835889263178784e-01 -6.214924614542149328e+01 1.930766771504946119e-02 9.987743001220634742e-01 -4.556892201847290158e-02 -6.338525009092343510e+00 8.379788354754460489e-01 8.689124483088447176e-03 5.455573522545600351e-01 9.137164400642407713e+01
5.343383455577030983e-01 -4.906670029094451629e-02 -8.439132790408827578e-01 -6.322675253636708703e+01 1.878164162048799254e-02 9.987559565738032274e-01 -4.618477130438676526e-02 -6.408060082402836422e+00 8.451304678809319348e-01 8.818121761413061019e-03 5.345960703355350230e-01 9.203869113781119893e+01
5.253576568538829150e-01 -5.045956227415596823e-02 -8.493034356172861621e-01 -6.429914176766818912e+01 1.847498338086421207e-02 9.986807398963156723e-01 -4.792067543336001045e-02 -6.485248102638829337e+00 8.506008553351048773e-01 9.481056633819397866e-03 5.255974903957976174e-01 9.269320244058697256e+01
