1.0 0.0 0.0 0.0 0.0 1.0 0.0 0.0 0.0 0.0 1.0 0.0
0.99993044 0.011702687 0.0014668838 0.2998047 -0.011699209 0.9999288 -0.0023570631 -0.01184082 -0.001494363 0.0023397298 0.9999961 -0.0061035156
0.99983364 0.018170737 0.0015350737 0.5838623 -0.018162385 0.99982095 -0.0052906834 -0.030395508 -0.0016309506 0.005261913 0.9999848 0.0021972656
0.9997785 0.021045202 0.0003944323 0.8857422 -0.021041842 0.99975306 -0.007158806 -0.037231445 -0.00054493546 0.007148923 0.9999743 0.012084961
0.9998189 0.0190111 -0.00091778254 1.1950684 -0.01901826 0.9997826 -0.008550236 -0.048950195 0.0007550325 0.008566137 0.999963 0.00024414062
0.99992913 0.011625415 -0.0025473146 1.5167236 -0.01165415 0.99986506 -0.011572957 -0.049804688 0.0024123897 0.011601824 0.9999298 0.006591797
0.999993 -1.9401308e-05 -0.0037396466 1.84021 -2.9452847e-05 0.9999147 -0.013060109 -0.04736328 0.003739581 0.013060127 0.99990773 0.017333984
0.9998427 -0.017160801 -0.0044667237 2.1628418 0.017103152 0.99977374 -0.0126439845 -0.032958984 0.0046826964 0.01256561 0.9999101 0.014526367
0.9993367 -0.036105968 -0.0046565435 2.5093994 0.036064096 0.9993105 -0.008785245 0.0010986328 0.0049705436 0.008611443 0.9999506 0.015991211
0.9984647 -0.05505994 -0.0060206754 2.8701172 0.055029284 0.9984713 -0.00514445 0.037109375 0.0062947134 0.004805185 0.99996865 0.022216797
0.9971563 -0.075104885 -0.006343536 3.2304688 0.075078726 0.9971693 -0.0042663063 0.076538086 0.006645914 0.0037780586 0.9999708 0.020874023
0.9952988 -0.09665989 -0.005868452 3.6108398 0.096626684 0.99530303 -0.0057027703 0.12756348 0.0063920957 0.005108803 0.9999665 0.024902344
0.9932242 -0.11611009 -0.0052261823 3.9958496 0.1160656 0.99320984 -0.008134097 0.1763916 0.0061350004 0.0074723326 0.99995327 0.030273438
0.99089116 -0.13460173 -0.0043750047 4.3984375 0.13457245 0.99088407 -0.006410938 0.24353027 0.005198036 0.0057636276 0.9999699 0.033691406
0.98879117 -0.14922653 -0.0040848125 4.8131104 0.14920302 0.98878753 -0.0055564907 0.32202148 0.0048683733 0.004884541 0.9999762 0.03930664
0.98648226 -0.16382179 -0.0039818175 5.237793 0.16380376 0.98648304 -0.0044963746 0.39782715 0.004664634 0.0037834616 0.99998194 0.044555664
0.9842137 -0.17695872 -0.004626324 5.6743164 0.17692949 0.98421085 -0.0061125816 0.4831543 0.0056344974 0.0051979083 0.9999706 0.048706055
0.98272663 -0.18496862 -0.006318201 6.1291504 0.1849067 0.9827148 -0.009279698 0.5710449 0.007925792 0.007951258 0.99993694 0.056152344
0.9812778 -0.19240637 -0.008087559 6.5861816 0.19233005 0.9812816 -0.009349247 0.6656494 0.009735588 0.007618632 0.9999236 0.06323242
0.97965026 -0.20039926 -0.010655113 7.067505 0.2003146 0.9796885 -0.008506317 0.77124023 0.012143768 0.0061989953 0.9999071 0.064208984
0.97823113 -0.20711821 -0.013063582 7.5533447 0.20701024 0.97829837 -0.009151332 0.8811035 0.014675375 0.0062478 0.9998728 0.068237305
0.97628915 -0.21604514 -0.014054077 8.05603 0.21587601 0.9763461 -0.012625235 0.9902344 0.016448848 0.00929244 0.99982166 0.076171875
0.9745411 -0.22377717 -0.01372364 8.57312 0.22350335 0.974515 -0.019021872 1.1037598 0.017630614 0.01547039 0.99972504 0.091552734
0.9728027 -0.23110916 -0.015644157 9.102905 0.23079355 0.9728051 -0.019651894 1.2327881 0.019760204 0.015505679 0.99968445 0.111083984
0.970798 -0.23892991 -0.021507401 9.633789 0.23860584 0.9709741 -0.016591584 1.3807373 0.024846472 0.010975997 0.99963117 0.11413574
0.9684902 -0.24776834 -0.025539827 10.182495 0.24747916 0.96879995 -0.0139741795 1.5358887 0.028204583 0.0072147152 0.9995763 0.125
0.9661756 -0.25658205 -0.026525822 10.747437 0.25623435 0.9665023 -0.015827153 1.6867676 0.029696658 0.008497245 0.999523 0.14440918
0.9636656 -0.26568112 -0.027416386 11.313721 0.26526082 0.9640023 -0.01803838 1.8383789 0.03122275 0.010110844 0.9994615 0.16882324
0.9619035 -0.27169108 -0.03079141 11.896851 0.2712243 0.96234936 -0.01852267 2.0135498 0.034663565 0.009469515 0.99935466 0.18896484
0.959161 -0.2807929 -0.034390714 12.493774 0.28033197 0.9597497 -0.017659761 2.1993408 0.03796426 0.0072970316 0.99925226 0.21069336
0.9570291 -0.28734225 -0.039472282 13.092163 0.28679466 0.95781815 -0.019016579 2.3833008 0.043271035 0.0068809316 0.99903977 0.23583984
0.95471233 -0.29394734 -0.046275314 13.704224 0.2933415 0.9558195 -0.019532595 2.5812988 0.049972095 0.005076306 0.998738 0.26904297
0.9529425 -0.29810423 -0.05550307 14.331787 0.2974491 0.95455515 -0.019899737 2.7821045 0.058911704 0.0024543698 0.99825954 0.30004883
0.9513644 -0.30128065 -0.06432336 14.966919 0.30062243 0.95353466 -0.019910578 2.993042 0.067333646 -0.00038733287 0.9977322 0.3400879
0.9493765 -0.30521622 -0.07432939 15.615967 0.30457306 0.9522751 -0.020116141 3.213379 0.0769224 -0.0035401992 0.9970312 0.38305664
0.94769454 -0.3084995 -0.081858836 16.276733 0.30803093 0.9511954 -0.018610472 3.4379883 0.08360393 -0.0075857732 0.996468 0.4362793
0.945417 -0.31348318 -0.08912164 16.941772 0.31313026 0.94955015 -0.018278625 3.671875 0.090353556 -0.0106258895 0.9958519 0.49291992
0.9434917 -0.3174271 -0.09531319 17.618652 0.3172767 0.94819057 -0.01713047 3.9121094 0.09581263 -0.014078349 0.9952988 0.55810547
0.94153047 -0.32111162 -0.10195191 18.306152 0.32134056 0.94684464 -0.014625732 4.159668 0.101228036 -0.018995339 0.994681 0.6248779
0.93917483 -0.32667986 -0.10605954 19.013184 0.3272623 0.9448643 -0.012362168 4.4191895 0.104248986 -0.023101658 0.994281 0.69873047
0.93728036 -0.33135486 -0.108265795 19.713623 0.33209172 0.9431822 -0.011678342 4.682617 0.10598441 -0.02500907 0.9940524 0.7727051
0.9353414 -0.33679503 -0.10799025 20.438599 0.33767053 0.94118047 -0.010630617 4.952881 0.10521989 -0.0265272 0.99409574 0.86035156
0.93273413 -0.34444475 -0.10659616 21.170044 0.34529313 0.93842965 -0.010975483 5.222412 0.10381521 -0.026571026 0.9942416 0.9407959
0.9311405 -0.34951556 -0.10413352 21.907593 0.3503302 0.9365757 -0.010957172 5.506592 0.1013592 -0.026270777 0.99450415 1.0266113
0.9286811 -0.35687 -0.10117451 22.651978 0.35766485 0.93380773 -0.010785794 5.7960205 0.098327816 -0.026158204 0.99481213 1.1094971
0.9247152 -0.36838755 -0.09608418 23.413086 0.36936283 0.9292723 -0.008081496 6.1103516 0.09226497 -0.028013883 0.9953398 1.1879883
0.92236716 -0.3753707 -0.09143802 24.162842 0.37647897 0.9264225 -0.005468636 6.4293213 0.08676215 -0.029375792 0.9957961 1.2669678
0.91947085 -0.3829605 -0.089094736 24.925781 0.3843261 0.9232069 -0.0019660643 6.7633057 0.08300611 -0.032426495 0.99602234 1.3417969
0.91606814 -0.39139408 -0.08724725 25.697998 0.3927918 0.91961765 -0.0012478321 7.100708 0.080721736 -0.033131026 0.9961853 1.4152832
0.9122613 -0.40010175 -0.08747476 26.475342 0.4016011 0.91578805 -0.0004939367 7.4468994 0.0803082 -0.034678858 0.99616784 1.4892578
0.9087226 -0.4082521 -0.08689762 27.253296 0.40975702 0.9121937 -0.0005629044 7.803711 0.079499744 -0.035097748 0.9962168 1.5562744
0.9047921 -0.41706884 -0.08594674 28.040161 0.418627 0.9081465 0.00012153387 8.178101 0.07800172 -0.03608325 0.9963014 1.6357422
0.9013514 -0.4250264 -0.08278986 28.836792 0.4264762 0.9044633 -0.00019849837 8.557739 0.07496287 -0.03513434 0.9965671 1.6998291
0.8983615 -0.43218684 -0.078503765 29.63684 0.43355197 0.90113145 0.00037110643 8.944824 0.07057851 -0.034377106 0.99691206 1.7664795
0.89441204 -0.44111177 -0.073781006 30.457031 0.4424623 0.8967805 0.0022151386 9.353027 0.065191984 -0.034617893 0.99727356 1.833374
0.89237434 -0.4460134 -0.06874596 31.265259 0.4470612 0.8944975 -0.000168439 9.769897 0.061567765 -0.0305967 0.99763227 1.9005127
0.8880497 -0.45492715 -0.06650125 32.08899 0.45591474 0.89003 -0.00036305538 10.191772 0.05935291 -0.029989712 0.997787 1.9586182
0.8850609 -0.46092424 -0.0646839 32.92285 0.46189594 0.88691634 6.918283e-05 10.635132 0.05733534 -0.029941963 0.99790555 2.017456
0.8825931 -0.46586728 -0.06308729 33.763794 0.46679834 0.884354 2.0389416e-05 11.084106 0.05578229 -0.029467748 0.998008 2.06958
0.87897766 -0.4729161 -0.061183725 34.612793 0.4737871 0.8806363 -0.00031063682 11.544434 0.05402642 -0.028713495 0.9981267 2.133545
0.87649256 -0.47756997 -0.060308795 35.4646 0.47834682 0.87814075 -0.0017633507 12.015015 0.05380116 -0.027309295 0.9981778 2.189087
0.8752085 -0.47993556 -0.060210694 36.325928 0.48062915 0.8768913 -0.003329601 12.498901 0.054397754 -0.026030255 0.99817985 2.244751
0.8732498 -0.48336244 -0.06160346 37.199585 0.4841159 0.87499845 -0.0030382576 12.98938 0.05537252 -0.027170792 0.99809605 2.30188
0.87424314 -0.48170048 -0.06043081 38.08545 0.48246485 0.8759054 -0.0021896956 13.493286 0.05398902 -0.027240168 0.9981703 2.359375
0.8731062 -0.48398337 -0.05888193 38.989502 0.48469043 0.87469506 -0.0025782185 13.994995 0.052748345 -0.026293334 0.99826074 2.416626
0.87273645 -0.48486137 -0.057496164 39.901978 0.4854599 0.87428695 -0.003994345 14.507202 0.05220307 -0.024421541 0.9983378 2.475586
0.87385404 -0.48295695 -0.056706313 40.824097 0.48344797 0.8754026 -0.005626415 15.030029 0.052355964 -0.022489976 0.9983753 2.5288086
0.87154293 -0.48712984 -0.056052797 41.755005 0.48752826 0.8730905 -0.007254713 15.55481 0.05247389 -0.02099985 0.9984018 2.585083
0.87020797 -0.4895444 -0.054537673 42.690063 0.48992068 0.8716743 -0.0071640587 16.08313 0.051046073 -0.020490374 0.99848604 2.6455078
0.86829066 -0.49338317 -0.05085974 43.62561 0.49370587 0.8695682 -0.006881305 16.62378 0.04762495 -0.019137243 0.9986822 2.7062988
0.8657634 -0.49819273 -0.04604958 44.553223 0.49844867 0.86681527 -0.0065685282 17.15393 0.043190245 -0.017274734 0.9989174 2.7722168
0.8627094 -0.5040098 -0.04306714 45.47986 0.504163 0.8636572 -0.008017448 17.689941 0.041235153 -0.014793001 0.99903977 2.8249512
0.85673136 -0.513951 -0.043542378 46.39795 0.51400083 0.8577381 -0.010900777 18.244507 0.042950306 -0.013042776 0.99899185 2.8823242
0.8511913 -0.5228995 -0.046105545 47.311157 0.52285904 0.85235023 -0.013892693 18.797974 0.046561945 -0.0122742485 0.9988403 2.9406738
0.84505254 -0.53257436 -0.045684744 48.221436 0.53255945 0.8461877 -0.013513718 19.382568 0.04585842 -0.01291433 0.9988647 2.991455
0.8398234 -0.54119223 -0.041195773 49.12915 0.5412567 0.8407257 -0.010537338 19.975708 0.040339224 -0.013453588 0.99909544 3.0460205
0.8353789 -0.5483351 -0.03852106 50.02881 0.54846334 0.8361434 -0.008098551 20.574707 0.036649246 -0.014365513 0.9992248 3.098999
0.8305321 -0.5556385 -0.040617827 50.917725 0.5558558 0.83135206 -0.006770416 21.18274 0.03752882 -0.016949318 0.9991519 3.150879
0.82709664 -0.5604858 -0.04402247 51.805176 0.56069815 0.82807964 -0.008519176 21.793945 0.041230146 -0.017630486 0.9989943 3.1999512
0.82442987 -0.5636526 -0.051133778 52.683105 0.56387645 0.82578355 -0.011319227 22.397339 0.048603166 -0.019498326 0.99862796 3.25708
0.819737 -0.57023615 -0.05206563 53.560303 0.5704633 0.82114553 -0.011851642 23.02002 0.04951412 -0.019993808 0.99857336 3.3133545
0.81802934 -0.5730098 -0.048798703 54.447266 0.57327676 0.8192389 -0.009728148 23.641235 0.045554876 -0.020020222 0.9987614 3.371704
0.8149141 -0.57794434 -0.043047883 55.332275 0.57816523 0.8158507 -0.008390744 24.272339 0.03997053 -0.018052014 0.9990378 3.423462
0.8122064 -0.5819083 -0.040553577 56.20288 0.58213395 0.8130246 -0.0072246343 24.911865 0.03717518 -0.017740672 0.99915135 3.4836426
0.809635 -0.5854277 -0.041819174 57.08789 0.5857472 0.8104658 -0.005440441 25.548096 0.037078243 -0.020098008 0.99911 3.5250244
0.8051681 -0.59141946 -0.043317832 57.9563 0.59169966 0.80609286 -0.0074147615 26.19873 0.039305057 -0.019661704 0.9990339 3.5725098
0.8015626 -0.59633726 -0.04491034 58.823486 0.59657204 0.80259 -0.009449208 26.85144 0.04167503 -0.019213066 0.9989463 3.6334229
0.7983497 -0.60047174 -0.044165634 59.693115 0.6006588 0.7993623 -0.010389413 27.506348 0.041541804 -0.01823589 0.9989704 3.683838
0.7927634 -0.60789084 -0.043942537 60.565674 0.60809684 0.7937589 -0.010050581 28.182007 0.040992085 -0.01875595 0.9989835 3.7335205
0.78965807 -0.612113 -0.04307912 61.41089 0.6123091 0.79061687 -0.010024074 28.850342 0.04019515 -0.01845777 0.9990215 3.7904053
0.783759 -0.61961985 -0.04286192 62.277588 0.6197531 0.784738 -0.011716952 29.539429 0.04089056 -0.017382283 0.9990121 3.8450928
0.77811533 -0.6265787 -0.0428413 63.128662 0.62669206 0.77910435 -0.012404004 30.23169 0.04115233 -0.017205315 0.99900454 3.8968506
0.7731896 -0.63272977 -0.04316946 63.97876 0.6327936 0.7742171 -0.013912683 30.933716 0.04222438 -0.016565494 0.9989705 3.9483643
0.7677202 -0.6393634 -0.043379482 64.83032 0.63939404 0.7687737 -0.01498273 31.651855 0.042925116 -0.01623392 0.9989462 4.0030518
0.76150393 -0.64669037 -0.043681975 65.67456 0.6466567 0.76259905 -0.016800772 32.364746 0.044178497 -0.0154497605 0.9989045 4.0612793
0.75575626 -0.653344 -0.042969704 66.52026 0.6532266 0.7568479 -0.018660769 33.103394 0.044718366 -0.013967015 0.9989024 4.114868
0.749178 -0.6611688 -0.04062109 67.36548 0.6610231 0.7501701 -0.018835872 33.843628 0.04292869 -0.0127374185 0.99899715 4.1695557
0.7436647 -0.6673914 -0.039221026 68.19678 0.66717273 0.74461657 -0.02034464 34.59143 0.042780593 -0.0110425055 0.99902314 4.2296143
0.7364577 -0.6753139 -0.03903655 69.02905 0.67504936 0.73741764 -0.021594513 35.361694 0.04337126 -0.010452331 0.9990043 4.2801514
0.73069996 -0.6813707 -0.040043715 69.84033 0.68104535 0.7317253 -0.023387909 36.137695 0.045240752 -0.010188004 0.99892426 4.3391113
0.72566545 -0.6868763 -0.04058756 70.66797 0.6865994 0.7267091 -0.02261794 36.920532 0.04503084 -0.011450882 0.99892014 4.3985596
0.71919435 -0.6937073 -0.039545055 71.493164 0.693469 0.72018373 -0.021695545 37.726562 0.043523252 -0.01181877 0.99898237 4.453003
0.71534956 -0.6976668 -0.039915934 72.303955 0.6974576 0.71635115 -0.021246508 38.529175 0.043415766 -0.012645919 0.99897677 4.513672
0.709584 -0.7034934 -0.04038114 73.120605 0.7032499 0.7106218 -0.022356652 39.34973 0.04441796 -0.012537161 0.998934 4.5706787
0.7044188 -0.7086184 -0.042605076 73.94165 0.7083008 0.70559114 -0.024740675 40.17383 0.047592584 -0.01274852 0.9987854 4.6329346
0.70055366 -0.7123266 -0.044527847 74.75049 0.7119759 0.7018388 -0.026066951 41.002686 0.049820825 -0.013438512 0.99866784 4.6954346
0.6944257 -0.718107 -0.046498626 75.55713 0.7178536 0.6957955 -0.024941944 41.851807 0.0502582 -0.016056124 0.998607 4.7579346
0.6895249 -0.72289276 -0.04470046 76.3667 0.72256327 0.69082385 -0.026088873 42.705322 0.0497409 -0.014306692 0.9986599 4.8188477
0.6861966 -0.7261317 -0.041818976 77.178955 0.72576034 0.68735963 -0.026284093 43.561523 0.047831144 -0.012321956 0.9987792 4.8864746
0.68095386 -0.7311943 -0.042051103 77.97949 0.73080516 0.6821378 -0.026887964 44.43103 0.048342753 -0.012415301 0.9987538 4.953247
0.67646426 -0.73537105 -0.041476693 78.779785 0.73491955 0.67763805 -0.028182957 45.302612 0.048827432 -0.0114088 0.99874234 5.0201416
0.67163575 -0.73987406 -0.03966348 79.58081 0.73940176 0.6727271 -0.028353142 46.190063 0.04766516 -0.010279747 0.9988108 5.084717
0.6670914 -0.7439654 -0.038545508 80.37329 0.74339867 0.6681505 -0.030258972 47.082397 0.048258103 -0.008467026 0.9987989 5.1450195
0.66511357 -0.74579597 -0.036909375 81.17676 0.74505 0.66611725 -0.033729587 47.972656 0.049747482 -0.0050619533 0.9987494 5.2130127
0.6590749 -0.75116503 -0.035996582 81.96753 0.75023454 0.66005325 -0.037457317 48.8833 0.051894464 -0.0023220787 0.9986497 5.274414
0.6548514 -0.75501627 -0.034183506 82.7478 0.7538844 0.65574145 -0.041338153 49.79297 0.053633157 0.0013000388 0.9985601 5.3494873
0.64967436 -0.7596172 -0.029676838 83.548096 0.75825983 0.6503097 -0.045989342 50.71631 0.05423317 0.007379842 0.99850136 5.4195557
0.64139605 -0.7668622 -0.025064087 84.33276 0.76535434 0.64176047 -0.04970339 51.645996 0.054201517 0.012684747 0.99844867 5.489868
0.63278127 -0.7739314 -0.022237983 85.103516 0.7724245 0.63299966 -0.05047807 52.582764 0.053150054 0.014762044 0.9984774 5.56958
0.62452006 -0.78081894 -0.018783255 85.879395 0.7793823 0.624579 -0.050203446 53.543945 0.05093035 0.016709076 0.9985621 5.6326904
0.61502 -0.78835785 -0.01778489 86.64282 0.78698105 0.61505884 -0.049363103 54.519775 0.04985678 0.016369045 0.9986226 5.7130127
0.6063254 -0.7950341 -0.019927373 87.38135 0.7935431 0.60646564 -0.050951514 55.502197 0.05258414 0.015077498 0.9985024 5.7749023
0.59587055 -0.80292004 -0.01902615 88.11792 0.801261 0.5959271 -0.054363683 56.496094 0.05498766 0.01715581 0.99834 5.8519287
0.58637214 -0.8099067 -0.019753415 88.84863 0.8081989 0.5864774 -0.05503866 57.502197 0.0561605 0.016318435 0.998289 5.9248047
0.57692575 -0.8167095 -0.0155080855 89.579346 0.81497586 0.57678086 -0.05687784 58.524902 0.05540163 0.020179527 0.99826044 5.999634
0.56577444 -0.8244278 -0.012520249 90.28418 0.82277334 0.5654981 -0.05652441 59.55371 0.053677693 0.021670267 0.9983226 6.0759277
0.5553038 -0.8314993 -0.011780769 90.986084 0.82982266 0.55499405 -0.05717828 60.59375 0.05407708 0.021979311 0.9982951 6.1514893
0.54581285 -0.8377629 -0.01258982 91.67261 0.83603185 0.545554 -0.057781924 61.645752 0.055274174 0.02100652 0.9982498 6.22583
0.5348551 -0.84491706 -0.01270615 92.3457 0.8431535 0.53461504 -0.05825429 62.718994 0.056017317 0.020437809 0.9982202 6.2994385
0.5258637 -0.85038424 -0.013357923 93.005615 0.8485199 0.5256488 -0.05975236 63.787598 0.05785371 0.020091854 0.9981234 6.380371
0.515609 -0.85672057 -0.013711523 93.65674 0.854834 0.51543325 -0.05998729 64.876465 0.05845814 0.019213693 0.9981052 6.463135
0.5073077 -0.861792 -0.012300926 94.30444 0.8600788 0.5071187 -0.05736869 65.97485 0.05567816 0.018511191 0.99827635 6.5407715
0.49894363 -0.8664109 -0.009819755 94.93701 0.8648207 0.49866107 -0.05597343 67.07861 0.05339982 0.019453662 0.9983848 6.6192627
0.49137792 -0.8708392 -0.00993623 95.5625 0.8692327 0.4911125 -0.05617106 68.197754 0.053795528 0.01896325 0.99837184 6.697632
0.48274457 -0.8756837 -0.00881624 96.19653 0.87391734 0.48236844 -0.059419908 69.31885 0.056297004 0.020986062 0.998194 6.7772217
0.4775266 -0.87855285 -0.0070733726 96.805176 0.8765992 0.47697353 -0.06329936 70.43945 0.0589951 0.024035195 0.9979695 6.85791
0.4704976 -0.88240767 -0.0075572585 97.40576 0.8803225 0.4699445 -0.0652231 71.57593 0.06109153 0.024038645 0.99784285 6.942383
0.4654783 -0.88510925 -0.0063620913 98.0105 0.8828555 0.46478456 -0.06833017 72.7041 0.063437015 0.026180794 0.99764186 7.0306396
0.46027273 -0.8878796 -0.0039504226 98.60547 0.88567835 0.4594363 -0.06847292 73.83423 0.06260284 0.0280159 0.99764514 7.1208496
0.45715287 -0.8893137 0.00014745454 99.191895 0.88729423 0.45610344 -0.06741662 74.977295 0.05990348 0.030947572 0.9977243 7.2088623
0.4537827 -0.89098686 0.0055447365 99.77832 0.8892385 0.45248324 -0.065736905 76.11743 0.056070026 0.03476231 0.9978217 7.3015137
0.44925267 -0.89345574 0.006829069 100.351074 0.8918321 0.44794634 -0.064167455 77.24805 0.05425908 0.034910083 0.99791616 7.3894043
0.44497892 -0.8954228 0.009310468 100.913574 0.8938902 0.44355202 -0.06401608 78.38428 0.053188097 0.03681145 0.9979061 7.4682617
0.44580576 -0.89508873 0.012318483 101.47241 0.8936921 0.44423512 -0.06363048 79.510254 0.051467977 0.03937155 0.9978982 7.548584
0.44151902 -0.89711064 0.014892155 102.0249 0.8958607 0.43986446 -0.06263689 80.62988 0.049626525 0.041004896 0.9979264 7.625122
0.4400159 -0.89770013 0.016522573 102.57495 0.89648855 0.43825978 -0.06317292 81.74219 0.049469456 0.042615935 0.99786645 7.7058105
0.4390216 -0.89828384 0.018885199 103.109375 0.8971972 0.43717283 -0.06267821 82.85278 0.048039977 0.044466615 0.9978555 7.7784424
0.4349721 -0.9002594 0.021908814 103.64526 0.89934707 0.43302906 -0.061693825 83.961914 0.046067238 0.046530005 0.9978533 7.8514404
0.43502167 -0.8998888 0.026410015 104.18848 0.89921445 0.43289742 -0.06128437 85.06079 0.043720208 0.050420765 0.99777114 7.9244385
0.4319043 -0.90142876 0.02747656 104.70703 0.9007816 0.4297139 -0.06173057 86.1438 0.043820992 0.05141773 0.99771595 7.998535
0.4329443 -0.9009615 0.027988406 105.21753 0.90028876 0.43066734 -0.06293204 87.21362 0.044637945 0.052425683 0.9976256 8.069092
0.43243966 -0.90138113 0.028035305 105.72827 0.900612 0.43004575 -0.06508142 88.281494 0.046603475 0.053385593 0.9974856 8.141724
0.43188012 -0.9014708 0.026822884 106.214355 0.90064687 0.42955855 -0.06483899 89.326904 0.046909075 0.05214274 0.9975364 8.209106
0.43344176 -0.900841 0.023957312 106.71509 0.89988875 0.43126526 -0.064582005 90.3811 0.047856696 0.049559835 0.99762434 8.280151
0.43904543 -0.89821804 0.021581743 107.20166 0.8971795 0.4369949 -0.06423156 91.414795 0.048263166 0.04755309 0.99770147 8.349243
0.44212854 -0.89669186 0.01998609 107.69922 0.89558846 0.4401535 -0.064193584 92.4397 0.048765007 0.046289794 0.9977376 8.416504
0.44947803 -0.8931966 0.018286098 108.20703 0.89203644 0.44758272 -0.06407242 93.45679 0.049037267 0.045103543 0.99777776 8.48645
0.45556247 -0.8900203 0.017166618 108.708984 0.88888323 0.45377004 -0.06281702 94.4541 0.048115388 0.043856863 0.9978774 8.555786
0.4651364 -0.8852108 0.016300958 109.20923 0.8840998 0.463412 -0.061914854 95.448 0.047243234 0.043216158 0.99794865 8.620239
0.47489247 -0.8798699 0.015745364 109.73706 0.8787916 0.4732159 -0.06111906 96.4397 0.046329875 0.042879324 0.9980065 8.685791
0.48256847 -0.8757162 0.015286891 110.26904 0.8746501 0.48092017 -0.060728885 97.41406 0.04583866 0.04268438 0.9980369 8.747192
0.4933212 -0.86982965 0.013477484 110.813965 0.86864656 0.49168974 -0.062023066 98.390625 0.04730167 0.04230293 0.9979846 8.809692
0.5020213 -0.8647482 0.009238474 111.34668 0.86340857 0.5005805 -0.06201203 99.34375 0.049007434 0.039116897 0.9980326 8.873413
0.51350474 -0.8580232 0.005808126 111.899414 0.85656786 0.51221395 -0.06207506 100.29028 0.05028756 0.036845498 0.99805456 8.938232
0.5284384 -0.84903914 0.0028727967 112.47974 0.84757483 0.5273226 -0.060576193 101.23999 0.04991457 0.03443392 0.99815893 9.0
0.5383223 -0.84274864 0.0020439895 113.05615 0.84143835 0.5373474 -0.057094157 102.166504 0.04701335 0.032448128 0.9983667 9.068237
0.55064607 -0.83466786 0.0026649842 113.65112 0.833439 0.54965705 -0.056079704 103.07959 0.04534683 0.03309206 0.99842244 9.128662
0.5621092 -0.82704645 0.0020086924 114.25464 0.82589096 0.56119204 -0.054270174 103.97632 0.043749414 0.032168314 0.9985247 9.19165
0.5738471 -0.81888187 0.001044008 114.86377 0.81769943 0.57294863 -0.05447421 104.86377 0.04401315 0.032121517 0.99851483 9.251587
0.58518386 -0.81083703 -9.927744e-05 115.49194 0.8095959 0.58429503 -0.05523454 105.73755 0.044844836 0.032243866 0.9984735 9.310059
0.595526 -0.8033444 0.00020154995 116.11084 0.80204284 0.5945468 -0.057045635 106.58667 0.045710634 0.034130715 0.9983712 9.369141
0.60682636 -0.79495525 -0.00029299714 116.7439 0.7936857 0.6058774 -0.05627302 107.420654 0.04491244 0.033916175 0.998415 9.433838
0.6184279 -0.7857137 0.00010346999 117.38379 0.7845632 0.617515 -0.054180335 108.24072 0.042511128 0.03359209 0.9985314 9.489014
0.6273781 -0.7787841 0.0023924285 118.02319 0.777811 0.6264338 -0.052003007 109.049805 0.039000653 0.0344916 0.998644 9.544434
0.6378103 -0.7700674 0.0013544203 118.67334 0.7691584 0.63697004 -0.049730532 109.84473 0.037432123 0.032763883 0.99876213 9.595581
0.6468368 -0.7627852 -0.0015668557 119.318115 0.76185876 0.6461496 -0.04798959 110.62207 0.037610743 0.029845998 0.99884653 9.647827
0.65613544 -0.7546223 -0.0045461794 119.96631 0.75362915 0.65555906 -0.047692895 111.38721 0.038972765 0.027868928 0.9988516 9.697754
0.66614735 -0.7458399 -0.005307007 120.631836 0.7448691 0.6656132 -0.04677073 112.141846 0.0384068 0.027206024 0.9988921 9.746704
0.67410344 -0.7386093 -0.0041780006 121.29199 0.73774904 0.6735721 -0.044763695 112.87036 0.035874262 0.027087707 0.9989889 9.795532
0.6833164 -0.7300003 -0.0033259387 121.960205 0.72920847 0.68277407 -0.04368219 113.591064 0.034160648 0.027427562 0.99904025 9.843506
0.6921965 -0.7217238 -0.0026873045 122.638916 0.72099954 0.6916599 -0.042348735 114.305176 0.032430094 0.027369576 0.9990988 9.895142
0.6980721 -0.7161583 -0.0041272026 123.30151 0.71541667 0.6975905 -0.04184577 114.99048 0.032837585 0.026258342 0.9991157 9.935547
0.7065504 -0.7076253 -0.0038981328 123.984375 0.70692766 0.7060789 -0.04083754 115.67456 0.031654537 0.026094891 0.999158 9.983154
0.7132604 -0.7009271 -0.0031754011 124.64795 0.7003349 0.7128307 -0.038116302 116.34131 0.028974894 0.024962615 0.9992685 10.015015
0.7208128 -0.69303465 -0.002309756 125.31836 0.6925556 0.7204311 -0.034923434 116.99805 0.025865741 0.023572775 0.9993875 10.057617
0.7291439 -0.68437535 -0.0015528933 125.99805 0.6839463 0.72876376 -0.03381508 117.64111 0.024273258 0.023591515 0.9994269 10.097412
0.735564 -0.6775916 -0.002755517 126.65503 0.6771912 0.73525786 -0.031622745 118.25757 0.023446986 0.021393409 0.9994961 10.136108
0.7434859 -0.66871697 -0.0036169535 127.323 0.66836107 0.7432472 -0.02904348 118.87573 0.022112103 0.019175936 0.99957156 10.161865
0.752856 -0.65820044 -0.002338903 128.00488 0.6579244 0.7526345 -0.02649012 119.46973 0.019196782 0.018401647 0.99964625 10.19751
0.7615479 -0.648286 -0.0013857551 128.66284 0.6481013 0.7613786 -0.022335462 120.0459 0.015533272 0.01611233 0.9997494 10.224243
0.77155066 -0.6360947 -0.0016148216 129.34668 0.63594294 0.77141726 -0.020027649 120.61206 0.013988301 0.01442605 0.99979806 10.251343
0.78099614 -0.6245087 -0.0037360576 130.00562 0.6243424 0.78090274 -0.019158566 121.157715 0.014881656 0.01262919 0.9998095 10.276367
0.7904053 -0.6125092 -0.0050223432 130.68164 0.6123257 0.79032695 -0.0193278 121.68677 0.015807154 0.012202085 0.9998006 10.300049
0.8006999 -0.59904724 -0.0052111545 131.37427 0.59887683 0.8006323 -0.018417949 122.206055 0.015205432 0.011625856 0.9998168 10.319824
0.8105931 -0.5856519 -0.004952373 132.05493 0.58550316 0.8105328 -0.017214008 122.711426 0.014092519 0.011052508 0.9998396 10.342529
0.8211304 -0.5708549 -0.0026788118 132.76343 0.570763 0.8210671 -0.014697423 123.208984 0.01058773 0.010541085 0.9998884 10.361328
0.8293645 -0.5586268 -0.00072123593 133.45361 0.55856895 0.82929593 -0.013376051 123.6897 0.008071971 0.010689979 0.9999102 10.377441
0.8385131 -0.54482734 0.0016911449 134.16553 0.54481024 0.83845216 -0.011132624 124.15796 0.0046472424 0.0102566015 0.9999366 10.395386
0.8467286 -0.5321622 0.0039241635 134.89575 0.5321712 0.846663 -0.010815036 124.61426 0.00243256 0.0112446705 0.99993366 10.410645
0.8531434 -0.5217095 0.005118489 135.60938 0.5217336 0.85307956 -0.01050218 125.05957 0.0011120737 0.011629839 0.9999317 10.418823
0.85916287 -0.51155156 0.005505579 136.3374 0.511581 0.85910034 -0.0103762485 125.49219 0.0005797823 0.011731588 0.9999309 10.430908
0.8665738 -0.49903646 0.0054795207 137.08911 0.4990663 0.8665322 -0.0084976945 125.92456 -0.0005081482 0.010098173 0.99994886 10.440674
0.87304544 -0.48760155 0.0059610456 137.823 0.48763436 0.8730212 -0.006778734 126.35278 -0.0018998035 0.008824731 0.99995923 10.44751
0.87965775 -0.47558293 0.0059939786 138.5813 0.4756124 0.8796472 -0.005166983 126.76782 -0.0028155833 0.007395704 0.99996865 10.448853
0.8849272 -0.4656922 0.0060177357 139.34448 0.4657235 0.884913 -0.00569556 127.17285 -0.0026727258 0.007842919 0.99996555 10.456787
0.8899109 -0.45616361 0.0054043317 140.10303 0.45619285 0.8898847 -0.0070133526 127.56348 -0.0016098646 0.008706102 0.99996066 10.468628
0.8952846 -0.44543278 0.0050431043 140.90137 0.44545898 0.89525944 -0.0068671047 127.95679 -0.0014549705 0.008394091 0.99996364 10.473267
0.89733803 -0.4413221 0.0057233833 141.66748 0.4413536 0.8973167 -0.0065963217 128.3601 -0.002224225 0.008444848 0.9999618 10.47876
0.9009943 -0.43379107 0.008221164 142.47485 0.4338363 0.9009974 -0.0048048156 128.74658 -0.0053231725 0.007895445 0.9999546 10.481689
0.9034496 -0.42859164 0.010616127 143.2876 0.42862785 0.90349406 -0.0012962981 129.12769 -0.009036263 0.0057204165 0.9999427 10.480713
0.90676075 -0.42152396 0.013130608 144.1023 0.42153397 0.9068487 0.002130182 129.52783 -0.012804914 0.0036028381 0.99991137 10.477295
0.9098786 -0.41461432 0.013778299 144.948 0.41459242 0.9099818 0.0045429636 129.90283 -0.0144212665 0.0015799948 0.9998947 10.471069
0.9129704 -0.4076738 0.015897123 145.79565 0.4076179 0.9131089 0.0067623192 130.29883 -0.017272204 0.0003074631 0.9998507 10.462524
0.9161942 -0.40022168 0.01854502 146.66724 0.400141 0.9163819 0.00803856 130.68262 -0.02021176 5.723536e-05 0.9997957 10.451416
0.9198429 -0.39170286 0.02110888 147.55249 0.39161947 0.9200849 0.008118186 131.05396 -0.022602206 0.0007998245 0.99974406 10.434448
0.92262584 -0.38512546 0.022105446 148.4414 0.38504192 0.92289007 0.008090463 131.43945 -0.023515785 0.0010471417 0.99972284 10.425293
0.92571545 -0.37758967 0.022074716 149.34741 0.3775262 0.92597675 0.0071348464 131.81006 -0.023135135 0.0017271589 0.99973094 10.398071
0.93032134 -0.36601755 0.023225594 150.28394 0.36600915 0.93060243 0.004762424 132.16992 -0.023356784 0.0040714405 0.9997188 10.388916
0.9335396 -0.35775623 0.022308143 151.20825 0.35777485 0.9337932 0.0032856138 132.5476 -0.02200701 0.0049152416 0.9997457 10.369507
0.93785197 -0.34648615 0.020956527 152.17383 0.34650722 0.9380743 0.0027326415 132.89941 -0.020605305 0.0046965512 0.99977666 10.360474
0.9426796 -0.33320665 0.019173717 153.13745 0.3331704 0.9428733 0.0051497146 133.25488 -0.019793747 0.0015318809 0.999803 10.340454
0.94840586 -0.3164101 0.019649992 154.13013 0.31629246 0.94860685 0.008907494 133.60083 -0.021459127 -0.0022309977 0.9997672 10.322754
0.954065 -0.29881874 0.021148458 155.15161 0.2986129 0.95428354 0.012371769 133.92407 -0.023879819 -0.0054885987 0.99969983 10.306641
0.9601537 -0.27854952 0.02230416 156.16089 0.27824086 0.9603692 0.01597647 134.24976 -0.02587146 -0.009133698 0.9996236 10.282227
0.96619314 -0.25686142 0.023236783 157.22437 0.25648993 0.96640706 0.01780399 134.53027 -0.027028598 -0.011243094 0.9995713 10.266235
0.97152036 -0.23560014 0.024959259 158.28833 0.23516119 0.9717554 0.019307896 134.80664 -0.028803565 -0.012887459 0.99950206 10.236328
0.97652537 -0.21368462 0.027487695 159.3479 0.21317819 0.97681314 0.020227395 135.05688 -0.031172577 -0.013894314 0.9994175 10.225586
0.9810728 -0.19113195 0.031167064 160.46167 0.19048776 0.98143506 0.022497687 135.27954 -0.034888014 -0.016135208 0.99926096 10.18103
0.98502535 -0.16873847 0.035301194 161.62231 0.16795015 0.9854943 0.024237446 135.49048 -0.038879324 -0.017945109 0.99908286 10.15564
0.9885645 -0.14552662 0.03939691 162.69165 0.1445616 0.98913956 0.026352696 135.66528 -0.042803925 -0.020355746 0.9988766 10.118286
0.9913185 -0.12544738 0.039419234 163.84009 0.12438622 0.9918319 0.028310357 135.8352 -0.042648334 -0.023160612 0.99882114 10.077515
0.9939435 -0.1031433 0.03793955 165.0039 0.10210748 0.9943714 0.028305849 135.96729 -0.040644944 -0.024261082 0.99887943 10.035767
0.9959392 -0.08196273 0.037297368 166.1648 0.080925204 0.9963135 0.028530229 136.06836 -0.039497614 -0.025397144 0.99889714 9.99292
0.9972961 -0.061124396 0.040797036 167.35938 0.06002907 0.99781615 0.027555075 136.15234 -0.042392258 -0.025031572 0.9987875 9.955688
0.9982188 -0.04164433 0.042730045 168.55884 0.040506218 0.9988101 0.027166944 136.2168 -0.04381038 -0.025388107 0.9987175 9.910767
0.9988209 -0.020063426 0.04421198 169.78516 0.01882573 0.9994238 0.02823616 136.25342 -0.044753153 -0.027370514 0.9986233 9.870483
0.99898285 -0.00058524235 0.045096673 171.00708 -0.0007434202 0.99956614 0.029446175 136.27002 -0.045094334 -0.029449753 0.9985489 9.818481
0.9987031 0.021699212 0.04605252 172.25635 -0.023113986 0.9992702 0.030414421 136.25977 -0.045359053 -0.031439476 0.9984759 9.768677
0.99811584 0.040708248 0.045905255 173.49756 -0.04219367 0.9986015 0.031857233 136.22852 -0.04454403 -0.033734225 0.9984372 9.718018
0.9971284 0.06032636 0.045773886 174.7749 -0.061877213 0.9975296 0.033245478 136.16602 -0.04365462 -0.035982504 0.9983981 9.667603
0.99572694 0.080761224 0.044777416 176.03662 -0.08229229 0.9960452 0.03347964 136.08472 -0.04189624 -0.037021004 0.9984362 9.619751
0.9941553 0.09911296 0.042815726 177.29395 -0.10064193 0.9943016 0.035154328 135.96875 -0.03908664 -0.039257385 0.99846405 9.577148
0.99236447 0.11605101 0.041769154 178.60767 -0.11758024 0.99240154 0.036244385 135.82837 -0.037246298 -0.040877987 0.9984703 9.529297
0.9896734 0.13774937 0.03963964 179.91211 -0.13919319 0.98960036 0.036290403 135.66577 -0.034228336 -0.041434746 0.99855435 9.4921875
0.9871717 0.15592575 0.034568835 181.25879 -0.15719327 0.98686045 0.037580438 135.46997 -0.028254606 -0.042531177 0.9986948 9.456787
0.98398143 0.17585877 0.029456202 182.57983 -0.17696221 0.9833969 0.040338762 135.25684 -0.021872442 -0.04490361 0.9987513 9.4296875
0.9812568 0.19104496 0.02542625 183.88867 -0.1919897 0.98049486 0.04219446 135.01709 -0.016872361 -0.04628494 0.9987862 9.407593
0.97709733 0.2115926 0.02223169 185.24463 -0.21240494 0.9761506 0.04471679 134.74365 -0.012238964 -0.048416052 0.9987524 9.393799
0.9730839 0.22949661 0.021031648 186.58765 -0.2302603 0.97197294 0.04745648 134.45142 -0.009551069 -0.05102164 0.99865174 9.379639
0.96954113 0.2440071 0.021256544 187.92041 -0.24475847 0.96846104 0.04667641 134.13354 -0.009198329 -0.050457753 0.99868417 9.378662
0.9647671 0.26225033 0.021513829 189.26831 -0.26298472 0.96373034 0.045565575 133.77441 -0.008784068 -0.049617425 0.99872947 9.370728
0.9597688 0.28027967 0.01765421 190.62085 -0.28080487 0.95868963 0.045683898 133.3999 -0.0041212547 -0.048802234 0.9987997 9.376465
0.95474124 0.29706025 0.014433988 191.96973 -0.29741022 0.9535342 0.047994077 133.00122 0.00049559865 -0.05011499 0.9987432 9.378174
0.94925994 0.31415123 0.015252462 193.31763 -0.31451932 0.9479707 0.049468618 132.58057 0.001080483 -0.051754426 0.9986592 9.381226
0.94305575 0.33225733 0.016071001 194.68164 -0.3326399 0.9416497 0.051521923 132.11914 0.0019838207 -0.053934515 0.9985426 9.396973
0.9372881 0.34824213 0.014714757 196.0188 -0.3485092 0.9356699 0.0553269 131.65625 0.0054992726 -0.056983717 0.9983598 9.406006
0.93046373 0.36612326 0.012974527 197.36523 -0.36625278 0.9287969 0.05633857 131.14746 0.008574132 -0.057174664 0.9983279 9.424805
0.92337507 0.38366973 0.011031395 198.7439 -0.38364452 0.92166305 0.057438575 130.58594 0.011876007 -0.057270017 0.99828786 9.4453125
0.91552484 0.402165 0.006598321 200.10083 -0.40184826 0.91385347 0.057918258 130.01758 0.017269801 -0.055677094 0.9982989 9.481079
0.90742666 0.4202482 0.002861417 201.4187 -0.41962406 0.905663 0.06106807 129.44116 0.023071174 -0.05661471 0.99812925 9.522217
0.89764637 0.44077855 0.0013539921 202.77466 -0.43994662 0.89575404 0.06426961 128.81055 0.02710393 -0.05829028 0.9979328 9.568237
0.88425416 0.46695343 0.0020536408 204.10107 -0.4660433 0.8822376 0.06646402 128.13745 0.029221289 -0.05973316 0.99778765 9.613892
0.8718274 0.4899233 0.0027904995 205.42871 -0.48885268 0.8695165 0.07128122 127.43799 0.032481547 -0.06350754 0.99745315 9.672241
0.85706866 0.5153128 0.0030345418 206.74927 -0.51404583 0.85451764 0.075352564 126.68579 0.03623227 -0.06613921 0.9971516 9.73584
0.8413671 0.5404298 0.003034364 208.02222 -0.5389585 0.8386358 0.078671426 125.921875 0.03996143 -0.06782798 0.9968976 9.804077
0.82760084 0.5614252 0.003501264 209.30273 -0.559859 0.824794 0.080040574 125.10693 0.04203645 -0.068195 0.9967856 9.872314
0.8088944 0.5879443 0.0030350378 210.57544 -0.5861977 0.80607015 0.08135089 124.228516 0.045395892 -0.06758417 0.9966793 9.946533
0.7923304 0.61021847 0.0006930635 211.82373 -0.6081495 0.7895504 0.08316726 123.31421 0.050195273 -0.066309124 0.99653465 10.033936
0.7768547 0.62984705 -0.0021830408 213.00928 -0.6274101 0.7741436 0.08526705 122.400635 0.055389035 -0.064869456 0.99635464 10.127441
0.76003397 0.6499144 -0.003134658 214.1753 -0.6472394 0.75732434 0.08710634 121.43164 0.05899907 -0.064177886 0.9961924 10.220093
0.74274963 0.669466 -0.0049795005 215.34888 -0.6665337 0.74015397 0.088267505 120.43555 0.062788464 -0.062236868 0.9960838 10.323608
0.7274599 0.6860748 -0.0051984126 216.52612 -0.6830309 0.72490656 0.08888652 119.39697 0.06476533 -0.061105225 0.99602705 10.432861
0.71155196 0.7026199 -0.005328799 217.60474 -0.6994716 0.7090425 0.089487 118.36035 0.06665273 -0.059947234 0.9959738 10.539673
0.6970096 0.71705115 -0.00793954 218.69116 -0.71367824 0.6947247 0.08981814 117.282715 0.06992463 -0.056940686 0.99592596 10.654541
0.6813481 0.73185956 -0.009737589 219.75781 -0.7282669 0.67920953 0.09081719 116.177734 0.07309912 -0.05479674 0.995819 10.772339
0.6678069 0.74423146 -0.01252709 220.7981 -0.7402719 0.66582036 0.093203396 115.068115 0.07769944 -0.052985933 0.99556994 10.903809
0.65083957 0.7590752 -0.012970844 221.82544 -0.75486904 0.6488639 0.09541016 113.917725 0.08084678 -0.05230095 0.9953528 11.026123
0.6358139 0.771601 -0.012646258 222.82666 -0.7673179 0.63385975 0.09607846 112.74243 0.08217357 -0.05137672 0.99529207 11.1698
0.61801654 0.78601885 -0.010498209 223.84546 -0.78175724 0.61595464 0.09663519 111.548584 0.082429074 -0.051529363 0.9952656 11.311157
0.60075736 0.799399 -0.0061216294 224.77808 -0.7952493 0.59838545 0.097474 110.34668 0.08157686 -0.053691424 0.99522007 11.451782
0.5849436 0.8111618 -0.0002881633 225.69995 -0.8072009 0.5821207 0.09851014 109.119385 0.08007101 -0.05739806 0.99513596 11.589844
0.5662241 0.8241896 0.0034986618 226.61401 -0.8202849 0.5631202 0.09968605 107.88745 0.080196425 -0.059299137 0.99501187 11.735596
0.5467823 0.83731675 0.005982562 227.45483 -0.8332647 0.54340374 0.102398194 106.65234 0.082494184 -0.060972802 0.99472415 11.882935
0.52928483 0.84839034 0.008810146 228.26172 -0.84413743 0.525529 0.106014706 105.42578 0.08531307 -0.06356296 0.9943261 12.02356
0.510834 0.85969406 0.012315702 229.05566 -0.8556405 0.506914 0.10532325 104.15674 0.08430404 -0.06435019 0.994361 12.1727295
0.48960093 0.87185854 0.01615409 229.8103 -0.868085 0.48556072 0.10376386 102.88916 0.08260537 -0.06481736 0.99447143 12.316406
0.46943864 0.88266116 0.019427061 230.5044 -0.87917924 0.4653496 0.10165556 101.62866 0.080701396 -0.0648016 0.9946294 12.456177
0.44785193 0.89367723 0.023192942 231.18921 -0.89044976 0.4436307 0.10029827 100.32739 0.07936913 -0.06558325 0.99468625 12.597046
0.42472994 0.9049799 0.024955193 231.82886 -0.901893 0.42056528 0.09858044 99.04492 0.0787098 -0.06434964 0.9948159 12.728394
0.40538007 0.9137871 0.026392778 232.42554 -0.9107103 0.4011707 0.09851153 97.781494 0.079423584 -0.06396174 0.99478596 12.869629
0.38193932 0.9237126 0.026900701 232.98926 -0.920673 0.3778561 0.09712102 96.490234 0.07954421 -0.061850224 0.99490947 12.994141
0.35968596 0.93269527 0.025778158 233.51758 -0.9295121 0.35577992 0.09690728 95.19556 0.08120313 -0.058835093 0.994961 13.134033
0.34149945 0.93958455 0.025179869 234.00244 -0.93632513 0.33772618 0.09649345 93.92749 0.082176924 -0.05654456 0.9950138 13.264038
0.3180259 0.9478001 0.025279462 234.46631 -0.94466746 0.31446952 0.09388921 92.6355 0.08104493 -0.05373785 0.9952607 13.403809
0.29758853 0.9544316 0.024976991 234.88672 -0.951271 0.2941679 0.09309937 91.357666 0.0815027 -0.051438004 0.99534273 13.526733
0.2774264 0.96045566 0.026578369 235.28369 -0.95691735 0.27369997 0.09767622 90.09595 0.08655282 -0.052522726 0.99486136 13.657471
0.25743213 0.9658551 0.028493306 235.65479 -0.96150863 0.25312445 0.10671995 88.829834 0.09587208 -0.05488043 0.99388057 13.793945
0.23898648 0.97048163 0.031175576 235.99438 -0.96544206 0.2340792 0.11425622 87.57593 0.10354467 -0.057400964 0.992966 13.942871
0.2187798 0.9751643 0.035839915 236.31201 -0.9698342 0.21322836 0.118509255 86.32788 0.107929125 -0.060665146 0.9923042 14.092041
0.19649737 0.9797034 0.039233327 236.59546 -0.97452164 0.19074066 0.117867984 85.07959 0.10797655 -0.061372675 0.99225473 14.243408
0.18013191 0.9826416 0.04436325 236.8501 -0.9776652 0.17389646 0.11801195 83.84131 0.10821892 -0.064588904 0.9920223 14.39978
0.159319 0.9860236 0.04922337 237.08813 -0.98130924 0.1527018 0.117316164 82.59863 0.108143896 -0.06699054 0.9918753 14.55188
0.14132702 0.9886167 0.05073752 237.27759 -0.9840177 0.13471322 0.1160888 81.36597 0.10791712 -0.06634958 0.9919445 14.704102
