1.0 0.0 0.0 0.0 0.0 1.0 0.0 0.0 0.0 0.0 1.0 0.0
0.6530618 0.75721043 0.012512651 5.208008 -0.75717014 0.6531706 -0.00868522 4.2973633 -0.014748237 -0.0038011204 0.999884 0.0026855469
0.51949257 0.8540231 0.024325913 11.008057 -0.85415083 0.519793 -0.007821569 2.6452637 -0.019328825 -0.016715648 0.9996735 -0.08557129
0.18144931 0.98264676 0.03702573 15.440186 -0.9831258 0.18207298 -0.014207069 0.6812744 -0.020711724 -0.033815783 0.99921364 -0.20349121
-0.16666876 0.9852902 0.037977513 18.380981 -0.9857545 -0.16560328 -0.02968369 -2.1699219 -0.02295988 -0.04237685 0.9988378 -0.321167
-0.334139 0.9419839 0.036306236 20.091309 -0.94240206 -0.33285198 -0.037252128 -5.078003 -0.023020782 -0.04663863 0.9986468 -0.4281006
-0.5171155 0.85500056 0.029126804 20.470825 -0.8552449 -0.5158367 -0.041878987 -7.750366 -0.02075645 -0.046569735 0.9986982 -0.53466797
-0.538618 0.8424418 0.028857065 19.708008 -0.8426258 -0.53717625 -0.045515534 -9.462402 -0.022862056 -0.048831765 0.9985464 -0.5769043
-0.5900992 0.8069186 0.027666373 19.47876 -0.80706847 -0.58854467 -0.048515353 -10.155273 -0.02288441 -0.05099091 0.9984381 -0.6152344
-0.6219078 0.78339285 0.021180306 19.498291 -0.7830089 -0.62003267 -0.0581065 -9.838013 -0.03240861 -0.052696817 0.9980859 -0.57922363
-0.6676821 0.74425 0.010459838 19.12024 -0.74344355 -0.6661434 -0.057981014 -10.380859 -0.036179107 -0.04649908 0.99826264 -0.5917969
-0.69592977 0.7176472 0.003628809 19.08789 -0.7165165 -0.69452995 -0.059850164 -10.15564 -0.04043074 -0.044268966 0.9982006 -0.5736084
-0.7459957 0.665497 0.0009056274 18.678955 -0.6642638 -0.7445285 -0.0618781 -10.695557 -0.040502734 -0.046780303 0.9980831 -0.5975342
-0.77362317 0.63378197 -0.003085073 18.665161 -0.63226503 -0.77209204 -0.065532714 -10.4765625 -0.043940272 -0.04876361 0.9978447 -0.58618164
-0.819865 0.57202977 -0.008507462 18.201904 -0.57039124 -0.8184802 -0.064900845 -10.987671 -0.044079565 -0.04840055 0.99785453 -0.6114502
-0.84448093 0.53495955 -0.01432281 18.062744 -0.5331352 -0.84331864 -0.064161584 -10.78479 -0.046409406 -0.046547253 0.9978369 -0.5950928
-0.8833146 0.46988147 -0.01819596 17.613037 -0.46806508 -0.8822977 -0.061887566 -11.221313 -0.045107123 -0.046100054 0.99791837 -0.6208496
-0.9032095 0.42986536 -0.021473534 17.407349 -0.4280451 -0.90236354 -0.05956611 -11.055298 -0.044983417 -0.044610478 0.99799275 -0.6152344
-0.929766 0.3684361 -0.023281338 16.981812 -0.36664528 -0.9289341 -0.05836743 -11.342163 -0.04310365 -0.045670487 0.99802536 -0.638916
-0.9461586 0.32262582 -0.02468145 16.623535 -0.32069728 -0.945169 -0.061006732 -11.321411 -0.043001764 -0.0498057 0.99783236 -0.64868164
-0.9630342 0.27000996 -0.026114974 16.217407 -0.26804805 -0.9619771 -0.061434172 -11.46106 -0.041672736 -0.05209349 0.9977715 -0.6657715
-0.9737697 0.22504969 -0.028660065 15.802246 -0.22301301 -0.97274107 -0.06111885 -11.498413 -0.041640986 -0.053145 0.9977184 -0.67407227
-0.98385286 0.17950828 -0.031073993 15.333496 -0.17738076 -0.9828159 -0.061329123 -11.575195 -0.0415316 -0.054833394 0.9976332 -0.6850586
-0.98937654 0.138832 -0.032135647 14.878296 -0.13667858 -0.9882817 -0.061552703 -11.610596 -0.040326335 -0.056579113 0.99758434 -0.69714355
-0.99552685 0.09657246 -0.031052327 14.385498 -0.09455999 -0.9943458 -0.060812503 -11.6397705 -0.036731813 -0.0575679 0.99766666 -0.7178955
-0.99732184 0.060964383 -0.028261688 13.842407 -0.05927429 -0.99618393 -0.057178877 -11.655518 -0.03165707 -0.055401403 0.9979626 -0.7303467
-0.9988946 0.027972516 -0.02631667 13.304077 -0.026536038 -0.9978524 -0.05339185 -11.64917 -0.02777752 -0.052694105 0.99822515 -0.7441406
-0.99948204 0.0006547571 -0.023472883 12.722168 0.0005525105 -0.99843717 -0.051375903 -11.633057 -0.02348316 -0.05137192 0.9984033 -0.7642822
-0.9991374 -0.020698404 -0.022541473 12.112671 0.021779332 -0.9981771 -0.04878104 -11.616577 -0.021504791 -0.049280148 0.99855405 -0.77856445
-0.9984103 -0.035556838 -0.022818966 11.472046 0.036606662 -0.99751 -0.047354896 -11.585083 -0.021089207 -0.048152458 0.99861693 -0.79211426
-0.9976464 -0.049212724 -0.023740869 10.837036 0.050283108 -0.99677783 -0.046814144 -11.552124 -0.021377353 -0.047915194 0.99862146 -0.79919434
-0.9971678 -0.06011419 -0.025930472 10.158569 0.0612773 -0.99634385 -0.046636727 -11.50354 -0.023068056 -0.04812557 0.99857455 -0.81188965
-0.9966945 -0.072475545 -0.028339045 9.45874 0.07377141 -0.9958595 -0.047739524 -11.4646 -0.024762832 -0.049654618 0.9984584 -0.8269043
-0.9961365 -0.083355464 -0.03013761 8.735474 0.084745444 -0.9953065 -0.048245236 -11.394531 -0.025963796 -0.05060706 0.998381 -0.84313965
-0.9946951 -0.09181084 -0.032329265 7.9873047 0.093320906 -0.9938834 -0.048781645 -11.314697 -0.027658368 -0.05157892 0.9982856 -0.84716797
-0.99360156 -0.104455836 -0.035057478 7.2282715 0.10607885 -0.992881 -0.048148368 -11.245605 -0.029783804 -0.051591095 0.9982242 -0.86828613
-0.9916807 -0.11507475 -0.03624309 6.4470215 0.11676561 -0.99095577 -0.04858239 -11.156738 -0.030369073 -0.05246379 0.99816024 -0.8779297
-0.9912721 -0.124408945 -0.03953692 5.6593018 0.12625425 -0.99065423 -0.048218664 -11.056763 -0.03317015 -0.05279202 0.9980542 -0.8983154
-0.9888851 -0.13671698 -0.04375798 4.8657227 0.13881435 -0.98834115 -0.049111992 -10.9453125 -0.0365594 -0.054690927 0.9978333 -0.9169922
-0.9875431 -0.14896265 -0.047472484 4.053955 0.15124498 -0.9871342 -0.04872037 -10.821045 -0.039630458 -0.055366535 0.99768144 -0.93200684
-0.9849296 -0.16144232 -0.049996413 3.2459717 0.16383292 -0.9846312 -0.048081346 -10.681641 -0.041510675 -0.055558257 0.997591 -0.9550781
-0.98296785 -0.17664227 -0.051187236 2.4350586 0.17907228 -0.9827115 -0.047541656 -10.53894 -0.041915268 -0.05590118 0.99755657 -0.977417
-0.97981477 -0.19045138 -0.050943345 1.6312256 0.19290684 -0.9794542 -0.048580095 -10.394775 -0.04067287 -0.05746747 0.99751824 -0.9992676
-0.9771644 -0.20670158 -0.05017491 0.81188965 0.20909287 -0.9767541 -0.04822561 -10.222046 -0.039076023 -0.05764714 0.9975738 -1.0159912
-0.973509 -0.2274574 -0.050007254 0.00036621094 0.22990246 -0.9729219 -0.05024834 -10.03772 -0.03718073 -0.060352612 0.9974855 -1.036377
-0.9669833 -0.25204855 -0.049125284 -0.8116455 0.25451934 -0.9661319 -0.052979708 -9.833618 -0.03409314 -0.06371825 0.9973867 -1.0563965
-0.9573432 -0.28154603 -0.050108816 -1.6207275 0.2841233 -0.9563104 -0.055032816 -9.599976 -0.032471176 -0.067025304 0.99722344 -1.0740967
-0.9476922 -0.31355485 -0.0498496 -2.4389648 0.31611043 -0.94648945 -0.056162916 -9.332031 -0.029589728 -0.069021806 0.9971757 -1.0931396
-0.9374415 -0.34487113 -0.049554426 -3.2305908 0.34737322 -0.93612206 -0.056521107 -9.042725 -0.026875 -0.07019202 0.99717146 -1.1015625
-0.92413604 -0.37722236 -0.048651736 -4.029419 0.37957716 -0.9228165 -0.05496056 -8.699341 -0.02417855 -0.06933353 0.99730074 -1.1030273
-0.9110649 -0.40823165 -0.047340196 -4.8009033 0.4104843 -0.90951914 -0.05669391 -8.362183 -0.0199562 -0.07110565 0.9972679 -1.1105957
-0.8973797 -0.43830466 -0.045238774 -5.5909424 0.44037616 -0.89562076 -0.05812556 -7.9891357 -0.0150364265 -0.07213323 0.9972825 -1.1151123
-0.88283336 -0.46724638 -0.040016264 -6.341919 0.46886995 -0.8810934 -0.056120783 -7.5828857 -0.009043284 -0.06836402 0.9976202 -1.1081543
-0.8683796 -0.49429426 -0.0331477 -7.0806885 0.49539748 -0.8667845 -0.05267471 -7.162964 -0.002707432 -0.062192284 0.9980607 -1.105957
-0.85160875 -0.5218718 -0.02567228 -7.8146973 0.52248895 -0.8501954 -0.04919588 -6.6932373 0.0038317032 -0.055380367 0.99845785 -1.0915527
-0.8378127 -0.5454096 -0.018536955 -8.515015 0.545646 -0.836632 -0.045429703 -6.2036133 0.009256192 -0.04816744 0.99879575 -1.0718994
-0.8226929 -0.5689956 -0.011480588 -9.209473 0.5689565 -0.8218311 -0.03990749 -5.7071533 0.013277018 -0.039360523 0.9991373 -1.0551758
-0.80549335 -0.5930959 -0.0010540131 -9.8967285 0.5926438 -0.80480766 -0.040512737 -5.185669 0.023179911 -0.03323537 0.9991787 -1.0196533
-0.7907061 -0.613083 0.013795586 -10.560547 0.61201674 -0.79035234 -0.045343805 -4.6643066 0.03869088 -0.027380863 0.9988766 -0.98132324
-0.7729852 -0.6332456 0.027767865 -11.213013 0.63131964 -0.77306694 -0.05549467 -4.149292 0.056618657 -0.02538776 0.9980724 -0.9378662
-0.7549431 -0.6541356 0.039135955 -11.861572 0.65121055 -0.7555493 -0.06657347 -3.6026611 0.07312991 -0.024811089 0.9970128 -0.8856201
-0.7381398 -0.67337805 0.048154585 -12.477661 0.669916 -0.73943233 -0.0711509 -3.0427246 0.0834793 -0.02021408 0.9963046 -0.8117676
-0.7200077 -0.69143736 0.05250428 -13.091919 0.68786514 -0.721748 -0.07191263 -2.4580078 0.087647095 -0.015710318 0.99602634 -0.7303467
-0.704248 -0.70863014 0.051931255 -13.685059 0.70531535 -0.7060525 -0.06957781 -1.8637695 0.08592048 -0.012335353 0.99622583 -0.64611816
-0.687205 -0.7249668 0.0499186 -14.261108 0.72221524 -0.68897295 -0.06356402 -1.2541504 0.08044335 -0.007627349 0.9967294 -0.5617676
-0.6718497 -0.7385914 0.05162073 -14.842041 0.73652667 -0.67383105 -0.055186145 -0.62597656 0.075619005 0.0009377538 0.99713814 -0.48083496
-0.66099244 -0.7482061 0.052874435 -15.379639 0.7463441 -0.66308945 -0.052949034 -0.0013427734 0.07471151 0.0044759577 0.9971956 -0.40075684
-0.6512049 -0.7561607 0.056768063 -15.924805 0.75433403 -0.65362144 -0.053158738 0.6278076 0.0773274 0.00817929 0.9969706 -0.32617188
-0.6431385 -0.76392597 0.058651794 -16.450195 0.76210654 -0.64572746 -0.053675476 1.230835 0.078838065 0.0101935305 0.99683565 -0.24560547
-0.63379955 -0.7709715 0.056065485 -16.975708 0.76856494 -0.6362561 -0.06102548 1.8509521 0.08270783 0.0043760613 0.9965611 -0.16955566
-0.6234653 -0.7800587 0.05321892 -17.47876 0.77761936 -0.6257241 -0.061723497 2.477417 0.08140252 0.002908051 0.9966754 -0.09729004
-0.6156614 -0.78579926 0.055430625 -17.97998 0.7835714 -0.61811054 -0.059517704 3.1192627 0.08097853 0.006754385 0.9966891 -0.023803711
-0.60942125 -0.7908919 0.058557518 -18.486572 0.78870875 -0.61214995 -0.05955761 3.7785645 0.082959495 0.009911508 0.9965054 0.05456543
-0.6050271 -0.7938238 0.06138372 -18.99646 0.7915702 -0.608021 -0.060901213 4.4257812 0.08570641 0.011730559 0.9962526 0.12597656
-0.6055291 -0.79280204 0.06259229 -19.51709 0.7902724 -0.60866374 -0.06414901 5.1069336 0.08904309 0.0105975 0.9959719 0.20581055
-0.60884 -0.7906598 0.063935615 -20.044556 0.7883748 -0.61204684 -0.06146184 5.7860107 0.08766605 0.012977855 0.99606246 0.28735352
-0.6142427 -0.7867167 0.06216032 -20.59851 0.7843316 -0.61728936 -0.062115747 6.4747314 0.08724542 0.010592316 0.9961308 0.36950684
-0.62102073 -0.78160596 0.06068689 -21.161865 0.77912927 -0.6239255 -0.062734775 7.182373 0.086919814 0.008351269 0.9961826 0.44702148
-0.62718606 -0.7761497 0.05959213 -21.744995 0.77351564 -0.62998015 -0.06415596 7.8947754 0.08731973 0.0058269943 0.99616003 0.5333252
-0.63355255 -0.77190447 0.057365164 -22.34253 0.76908886 -0.63614124 -0.06590669 8.59668 0.08736135 0.0023730472 0.9961752 0.6185303
-0.6383365 -0.76786345 0.054714482 -22.967163 0.7648439 -0.640675 -0.06804344 9.319458 0.08730074 -0.0015931902 0.9961808 0.7044678
-0.6394845 -0.7675809 0.049913194 -23.583252 0.7643801 -0.64139354 -0.07035626 10.045166 0.085992515 -0.00683023 0.996273 0.78967285
-0.64057815 -0.7669116 0.046783924 -24.23059 0.7636184 -0.64220476 -0.07170952 10.803711 0.08504701 -0.0102072265 0.99632686 0.885376
-0.6386342 -0.7679717 0.045085367 -24.87439 0.7647295 -0.6401278 -0.07136071 11.562012 0.083691426 -0.011100791 0.9964303 0.975708
-0.6386453 -0.7681115 0.044731483 -25.530273 0.7648647 -0.6401083 -0.071472555 12.322388 0.08355131 -0.011427425 0.9964387 1.0671387
-0.6386544 -0.76836807 0.04383903 -26.188843 0.7651492 -0.640044 -0.071286745 13.114624 0.082789496 -0.011971274 0.9964938 1.1558838
-0.63963306 -0.7678381 0.04375309 -26.862793 0.76462555 -0.6410153 -0.0712053 13.901733 0.08270252 -0.012052687 0.9965027 1.258667
-0.63765395 -0.76854014 0.042894237 -27.54004 0.7654086 -0.63898027 -0.07035208 14.694824 0.081498966 -0.012054153 0.9965991 1.3531494
-0.63968956 -0.76771635 0.041546695 -28.232788 0.76450694 -0.6408867 -0.071504705 15.51123 0.0815303 -0.0139520615 0.99657464 1.4454346
-0.63774353 -0.7685688 0.040628478 -28.90039 0.76538026 -0.6388721 -0.07141864 16.291016 0.080882005 -0.01447519 0.9966176 1.5439453
-0.63879347 -0.76810503 0.03947375 -29.581543 0.7648494 -0.63980913 -0.07245232 17.074219 0.08092421 -0.016109493 0.99658966 1.637085
-0.6401308 -0.76640755 0.03816841 -30.260986 0.7632332 -0.64104676 -0.071662925 17.880005 0.07943597 -0.0168104 0.9966963 1.737915
-0.6419934 -0.7654196 0.036500875 -30.94104 0.7625056 -0.64282465 -0.06868554 18.662598 0.076067515 -0.016267901 0.9969698 1.8393555
-0.64423376 -0.76320815 0.036047794 -31.614502 0.7604499 -0.6450529 -0.06667077 19.461304 0.07416716 -0.015576219 0.9971227 1.9318848
-0.6471646 -0.7615724 0.034908134 -32.28357 0.7588789 -0.64790267 -0.06600254 20.236694 0.07290895 -0.01624803 0.99720716 2.0274658
-0.64850074 -0.7603548 0.0354296 -32.962036 0.757617 -0.6492629 -0.0665092 21.025269 0.07354401 -0.016275339 0.9971581 2.1207275
-0.6516051 -0.7581749 0.0357351 -33.627197 0.75541955 -0.65237796 -0.066641524 21.779907 0.07379735 -0.0163987 0.99713844 2.2086182
-0.64955515 -0.7595455 0.0357956 -34.303345 0.7566531 -0.6503088 -0.068450816 22.561401 0.07528456 -0.017398708 0.99701107 2.3016357
-0.6473685 -0.76155734 0.03717739 -34.969482 0.7583854 -0.64817977 -0.071790434 23.333252 0.07879819 -0.01825424 0.99672604 2.395874
-0.6441551 -0.7646243 0.03683795 -35.638916 0.76133657 -0.64492273 -0.07338545 24.112549 0.07984772 -0.019193638 0.9966239 2.4915771
-0.63849854 -0.76906013 0.03567036 -36.301636 0.7658829 -0.6392193 -0.07232229 24.895508 0.07847289 -0.018829577 0.9967419 2.5808105
-0.6359514 -0.7716466 0.034056034 -36.956177 0.76892394 -0.63665533 -0.06677279 25.684692 0.07317189 -0.016257739 0.99718773 2.678955
-0.62939984 -0.77668756 0.031348687 -37.60022 0.7739136 -0.62990427 -0.06817583 26.452026 0.07268845 -0.018645935 0.99718076 2.7705078
-0.62509745 -0.7798791 0.033002492 -38.238647 0.7769672 -0.6257112 -0.06966859 27.235718 0.07496716 -0.017917247 0.9970245 2.8656006
-0.61978626 -0.7832422 0.035000652 -38.86206 0.78019106 -0.6205463 -0.071057275 28.01062 0.07742629 -0.016795866 0.99685574 2.9542236
-0.6161318 -0.78719693 0.034010377 -39.482056 0.78397924 -0.6167892 -0.0735029 28.76941 0.07881726 -0.01859989 0.99671596 3.0426025
-0.61278886 -0.78967 0.034112897 -40.10486 0.78637314 -0.6134507 -0.074487925 29.57312 0.07977135 -0.018803498 0.9966377 3.142212
-0.609366 -0.79216635 0.033686377 -40.70984 0.7889427 -0.61002225 -0.07370636 30.332764 0.07896232 -0.018322628 0.99671054 3.2302246
-0.6066979 -0.7942629 0.029299399 -41.312256 0.7917146 -0.60717535 -0.06573661 31.093018 0.06999549 -0.016677873 0.9974074 3.321289
-0.6060635 -0.79551446 0.02208391 -41.90515 0.79364413 -0.6062247 -0.057151847 31.89392 0.058814317 -0.017070897 0.9981228 3.4128418
-0.6035786 -0.79741085 0.019980188 -42.502808 0.7957298 -0.6036712 -0.054467015 32.66638 0.0554738 -0.016949596 0.99831635 3.4899902
-0.60365415 -0.79724836 0.024301704 -43.09143 0.79524994 -0.6039295 -0.058645163 33.443848 0.06142646 -0.016082611 0.99798256 3.5567627
-0.60177165 -0.79815984 0.028432738 -43.664795 0.7957896 -0.60224414 -0.063385636 34.20215 0.06774748 -0.015513032 0.99758303 3.630249
-0.6005994 -0.79872465 0.034124415 -44.23938 0.7964166 -0.6014899 -0.06146217 34.96753 0.069629 -0.009716099 0.99752605 3.7055664
-0.6024431 -0.79764897 0.035910666 -44.816162 0.7955519 -0.6034781 -0.058149636 35.752197 0.06804817 -0.006473274 0.99766135 3.7874756
-0.60185695 -0.79696614 0.034011465 -45.39978 0.7950219 -0.6027788 -0.05602491 36.533325 0.06519921 -0.0067343265 0.99784833 3.8682861
-0.60239893 -0.7975511 0.029218856 -45.992554 0.79580784 -0.6030413 -0.053438894 37.29138 0.060274605 -0.008961212 0.9981421 3.9354248
-0.60434043 -0.79700416 0.024293292 -46.578003 0.79553026 -0.6047353 -0.04960928 38.055176 0.054196686 -0.01062077 0.9984741 4.005615
-0.60458463 -0.7967079 0.015655573 -47.165405 0.7952002 -0.604477 -0.052678727 38.80249 0.051451877 -0.019390069 0.99848837 4.081787
-0.60634595 -0.7950885 0.008405732 -47.761963 0.79351187 -0.60575056 -0.057415277 39.551636 0.050752316 -0.028153691 0.9983146 4.1325684
-0.6071907 -0.7946034 0.008770589 -48.33374 0.79318374 -0.6067032 -0.0540519 40.30493 0.048290104 -0.025875432 0.9984989 4.2020264
-0.61142874 -0.7919467 0.013943579 -48.918945 0.7904867 -0.61122555 -0.052478362 41.061646 0.050045352 -0.021026386 0.99852574 4.26416
-0.6151847 -0.788051 0.017468134 -49.498657 0.7865194 -0.61515266 -0.05248826 41.809937 0.05212223 -0.018573562 0.99846804 4.3186035
-0.62277263 -0.78257936 0.01999102 -50.081787 0.7811687 -0.6229112 -0.049337454 42.54834 0.051057853 -0.015074158 0.99858254 4.386841
-0.6296301 -0.7762971 0.025285598 -50.670654 0.7751156 -0.6300885 -0.043532968 43.287598 0.049706332 -0.0078022806 0.9987327 4.4554443
-0.6396776 -0.76852304 0.023864478 -51.27112 0.7672448 -0.6400295 -0.045626353 44.01709 0.050304092 -0.010874085 0.9986742 4.5114746
-0.6476757 -0.76126885 0.020640893 -51.8916 0.759989 -0.6478445 -0.046415318 44.7229 0.048705153 -0.014385663 0.998709 4.5756836
-0.65835285 -0.7526712 0.019069234 -52.50952 0.75161153 -0.65849274 -0.04211754 45.433716 0.04423485 -0.013384501 0.9989312 4.633789
-0.66726017 -0.74428856 0.01760505 -53.142212 0.7432632 -0.66732836 -0.04176655 46.131104 0.04283623 -0.014788742 0.9989723 4.688843
-0.6768443 -0.7359327 0.017558537 -53.77832 0.7349677 -0.6769191 -0.04034007 46.81543 0.041569464 -0.01438616 0.99903196 4.7370605
-0.6875274 -0.7255694 0.019607713 -54.423462 0.7246716 -0.6877036 -0.03800844 47.5083 0.041069604 -0.011919187 0.9990851 4.795166
-0.69701296 -0.7167653 0.022478538 -55.07373 0.7156825 -0.69725907 -0.041395653 48.17041 0.04536277 -0.012758694 0.9988897 4.8460693
-0.7055281 -0.70790356 0.030686423 -55.71924 0.70651716 -0.70611745 -0.04549922 48.814453 0.053857032 -0.010427516 0.99849343 4.9040527
-0.71502477 -0.69746506 0.03462757 -56.376343 0.69585055 -0.7157827 -0.048619807 49.46216 0.058733482 -0.010686158 0.9982163 4.962036
-0.7242044 -0.6887553 0.031998053 -57.06079 0.6871647 -0.72479063 -0.048623767 50.093994 0.056686345 -0.013204878 0.99830467 5.017578
-0.7341514 -0.6789784 0.029584628 -57.741943 0.67758185 -0.73462564 -0.045540325 50.7229 0.05262374 -0.013362235 0.998525 5.085083
-0.7413084 -0.670986 0.028448548 -58.427612 0.6694912 -0.741676 -0.04762629 51.332275 0.053033866 -0.016244862 0.9984605 5.152832
-0.7446842 -0.6664698 0.029621871 -59.123535 0.6644948 -0.74495304 -0.055723563 51.931885 0.059203327 -0.021824209 0.9980067 5.2165527
-0.7491807 -0.6612314 0.030937009 -59.825073 0.65850127 -0.74922365 -0.067041956 52.533203 0.0675243 -0.029879838 0.99726963 5.2766113
-0.75224924 -0.65838057 0.032347906 -60.534058 0.65539676 -0.7522833 -0.07012121 53.138428 0.07045339 -0.03150975 0.99701595 5.3533936
-0.754349 -0.6564585 0.030577712 -61.245117 0.65336245 -0.7541716 -0.07252288 53.73169 0.07065711 -0.034679532 0.99689883 5.4298096
-0.75645155 -0.652695 0.029697627 -61.94873 0.6495719 -0.7561675 -0.07333999 54.32422 0.07034394 -0.03621699 0.996864 5.511963
-0.7612716 -0.64798176 0.025842978 -62.663574 0.6451285 -0.760771 -0.071551435 54.921387 0.065986775 -0.037791934 0.99710315 5.581665
-0.7651181 -0.6432173 0.023773829 -63.373535 0.64053446 -0.7645203 -0.070174955 55.51367 0.06332119 -0.038464505 0.99725145 5.647949
-0.7690334 -0.63851327 0.01936999 -64.08862 0.636046 -0.76817304 -0.06958769 56.105225 0.059334926 -0.04121264 0.9973872 5.7296143
-0.7740803 -0.63347685 0.016850442 -64.80713 0.63090044 -0.7728845 -0.073410004 56.677734 0.05949363 -0.04619075 0.9971598 5.793091
-0.7784957 -0.6280011 0.013993338 -65.52112 0.6250955 -0.7767078 -0.08133277 57.22632 0.061948016 -0.054562636 0.99658847 5.8529053
-0.7823235 -0.6226196 0.016767975 -66.244385 0.6195002 -0.78062624 -0.08250834 57.791748 0.06446774 -0.05417022 0.9964489 5.9194336
-0.7868975 -0.6165125 0.020527486 -66.95557 0.61325556 -0.78546166 -0.08176663 58.362793 0.06652483 -0.051751956 0.99644065 6.0008545
-0.7915781 -0.6111696 0.01870324 -67.68201 0.6080493 -0.79002786 -0.08127386 58.90625 0.0644808 -0.05294037 0.996516 6.0688477
-0.7961327 -0.60523576 0.014551091 -68.407715 0.60252553 -0.7944538 -0.07847008 59.453857 0.05903036 -0.05366439 0.9968119 6.1398926
-0.8007172 -0.59956473 0.012034847 -69.1405 0.59708154 -0.7989493 -0.077064455 59.989258 0.05582427 -0.054544393 0.9969519 6.208496
-0.8037402 -0.5944098 0.013060965 -69.87109 0.5916224 -0.80176234 -0.081537284 60.51831 0.058960997 -0.05787297 0.9965822 6.2731934
-0.80832815 -0.58817077 0.016422935 -70.60986 0.5851096 -0.80644256 -0.083119676 61.05298 0.062153764 -0.057565168 0.9964047 6.3355713
-0.81287974 -0.58308303 0.016638685 -71.350464 0.58001184 -0.81097615 -0.08328098 61.570312 0.062034726 -0.058039974 0.9963868 6.39563
-0.81647134 -0.57686883 0.015882244 -72.09595 0.573858 -0.8145024 -0.08323713 62.083008 0.060975913 -0.0588568 0.9964027 6.460327
-0.82156616 -0.5696493 0.017777856 -72.83545 0.5667267 -0.81985503 -0.08031451 62.594727 0.06029422 -0.0558684 0.9966134 6.5231934
-0.82660604 -0.56254643 0.019803684 -73.582275 0.55975324 -0.8251964 -0.07652785 63.098145 0.059396114 -0.052150454 0.99687135 6.58667
-0.830058 -0.5572245 0.02055281 -74.35266 0.55445 -0.8287168 -0.075683214 63.62451 0.05921433 -0.051476076 0.9969182 6.659546
-0.8339103 -0.55146235 0.01705085 -75.11487 0.5485936 -0.83206683 -0.08070928 64.10547 0.058698393 -0.058001857 0.99659 6.7227783
-0.8385017 -0.54499257 0.014431605 -75.88843 0.54212344 -0.8363049 -0.0837021 64.600586 0.05768775 -0.062348325 0.99638647 6.7835693
-0.8399377 -0.5417038 0.015617084 -76.66394 0.5389603 -0.83799756 -0.08040102 65.10449 0.056620453 -0.059161272 0.99663967 6.848755
-0.8433854 -0.5377551 0.01599802 -77.40857 0.5350327 -0.841491 -0.079805925 65.575195 0.056360748 -0.058709163 0.9966832 6.9091797
-0.8457816 -0.5328908 0.017708352 -78.183105 0.5301499 -0.84404045 -0.07856197 66.06909 0.056801993 -0.057050794 0.9967527 6.9746094
-0.84873277 -0.52745175 0.018832693 -78.937744 0.52502596 -0.8473963 -0.07192061 66.552734 0.05392218 -0.05123067 0.99723023 7.029175
-0.8516801 -0.5234187 0.02121666 -79.70557 0.52131605 -0.8508447 -0.06378826 67.03125 0.051453277 -0.043281414 0.99773735 7.088501
-0.8540504 -0.51854813 0.020796323 -80.47522 0.5165625 -0.85326284 -0.06190344 67.505615 0.04988954 -0.042174786 0.99786407 7.15271
-0.8575848 -0.5150024 0.021897018 -81.252075 0.512859 -0.8567455 -0.0642038 67.960205 0.051786393 -0.043780375 0.9976981 7.199707
-0.8575453 -0.51234895 0.022589901 -82.03259 0.51003915 -0.85662025 -0.066755846 68.41821 0.05358192 -0.045797706 0.9975119 7.256714
-0.85834664 -0.51079077 0.021441273 -82.81531 0.508559 -0.85737884 -0.066289686 68.8728 0.05230526 -0.0460781 0.9975676 7.317749
-0.86016726 -0.5099779 0.020519478 -83.58276 0.50778073 -0.8591391 -0.06652334 69.3186 0.051557295 -0.046779424 0.99757427 7.3745117
-0.8599623 -0.5093136 0.0174393 -84.35474 0.5074822 -0.8589913 -0.061916757 69.771484 0.046556626 -0.04444955 0.9979272 7.430786
-0.86069727 -0.50770855 0.012334769 -85.1178 0.5062269 -0.85962313 -0.059177697 70.22217 0.040681697 -0.044739936 0.99817014 7.4874268
-0.8606196 -0.5078124 0.01148041 -85.88696 0.50643855 -0.8595886 -0.057420015 70.66138 0.039053228 -0.043675266 0.9982825 7.534912
-0.8614969 -0.5067058 0.0148982 -86.645874 0.50508577 -0.86050105 -0.059801307 71.10181 0.043153908 -0.04401797 0.9980985 7.58374
-0.86330616 -0.50607973 0.017961843 -87.39673 0.5042759 -0.86239505 -0.06096131 71.53711 0.046322607 -0.043522652 0.99797934 7.6325684
-0.86160296 -0.50640315 0.017067898 -88.15759 0.504571 -0.86058795 -0.062374234 71.97681 0.046304535 -0.045177076 0.9979056 7.6800537
-0.8625687 -0.5054693 0.016215358 -88.91748 0.50355154 -0.86138403 -0.06512539 72.40332 0.046875976 -0.048003376 0.9977459 7.7338867
-0.8640922 -0.50452006 0.018355008 -89.66394 0.5027094 -0.8632047 -0.060777985 72.849365 0.046499044 -0.04322562 0.99798375 7.7839355
-0.86236686 -0.5048051 0.019519567 -90.41736 0.50286835 -0.8614673 -0.062312473 73.28003 0.04830375 -0.043965146 0.9978646 7.8408203
-0.86198056 -0.5045656 0.017464146 -91.170654 0.50223744 -0.86049694 -0.07215098 73.7041 0.05145786 -0.053495664 0.99723953 7.8884277
-0.86418504 -0.5040348 0.016247021 -91.92578 0.50146455 -0.86229944 -0.07814985 74.12793 0.053381708 -0.0592888 0.9968124 7.9405518
-0.86412686 -0.5043902 0.020413704 -92.6687 0.501562 -0.86245537 -0.078413755 74.54541 0.05709804 -0.0574359 0.9967149 7.998291
-0.86402905 -0.5042883 0.0212239 -93.40979 0.50148493 -0.8624737 -0.077164054 74.966064 0.057169273 -0.055979304 0.99679416 8.061768
-0.86486 -0.5026321 0.022097606 -94.15735 0.49974144 -0.8633111 -0.077878304 75.38574 0.0581905 -0.05623113 0.99672055 8.117065
-0.86509407 -0.5012308 0.023732752 -94.89197 0.49874014 -0.86407804 -0.06938177 75.81445 0.055246726 -0.048132677 0.9973103 8.178223
-0.8655904 -0.49873358 0.022957446 -95.63916 0.49657643 -0.8647823 -0.06379887 76.237305 0.05170965 -0.043905202 0.9976965 8.241333
-0.86709815 -0.4973215 0.019874593 -96.358154 0.49560252 -0.8664006 -0.057527237 76.65015 0.04584886 -0.04007142 0.99814504 8.298218
-0.8702246 -0.4939504 0.021670338 -97.099 0.49238142 -0.8697791 -0.05284541 77.0603 0.044901993 -0.03525942 0.9983691 8.350098
-0.87086076 -0.49005762 0.025343988 -97.82263 0.48824728 -0.8704971 -0.05519539 77.45752 0.04912562 -0.0357121 0.9981536 8.406616
-0.8748917 -0.48456183 0.029296035 -98.55591 0.48266953 -0.8747512 -0.054188922 77.85742 0.05184901 -0.033208527 0.99810255 8.452759
-0.8797203 -0.47674662 0.030275786 -99.29773 0.47485998 -0.87963706 -0.053474337 78.254395 0.052078515 -0.03259926 0.99811167 8.499756
-0.8834535 -0.46839246 0.02707363 -100.02051 0.46675128 -0.8832851 -0.050649844 78.62598 0.047605723 -0.03209289 0.9983502 8.549927
-0.88770777 -0.45805246 0.027804615 -100.7428 0.4566992 -0.8877532 -0.043945774 78.99658 0.044867415 -0.026333887 0.9986459 8.606934
-0.8944638 -0.44590348 0.031571135 -101.493774 0.4446758 -0.894774 -0.039176 79.37012 0.04570747 -0.021003157 0.99873364 8.661377
-0.90134424 -0.43327174 0.03181625 -102.21838 0.4319633 -0.9016139 -0.040726986 79.70288 0.046306945 -0.022942636 0.9986641 8.704834
-0.9079092 -0.4202616 0.03342917 -102.92578 0.41915202 -0.90834105 -0.035564806 80.03369 0.045242224 -0.018242266 0.9988094 8.750122
-0.91271925 -0.4079765 0.03790162 -103.62964 0.40686697 -0.9133762 -0.03377828 80.34546 0.048377942 -0.01540637 0.99871063 8.792358
-0.9165942 -0.39526722 0.040721543 -104.39172 0.39380342 -0.9172739 -0.03957309 80.67041 0.053028945 -0.020262346 0.9983861 8.853394
-0.920854 -0.38478932 0.046819814 -105.03418 0.38270465 -0.9216742 -0.047749702 80.906494 0.061588846 -0.02609848 0.9977598 8.901123
-0.92756194 -0.37233594 0.051604748 -105.80237 0.36944622 -0.9283603 -0.057679094 81.20264 0.069334924 -0.03438183 0.99700207 8.954834
