1.0 0.0 0.0 0.0 0.0 1.0 0.0 0.0 0.0 0.0 1.0 0.0
0.9999345 0.011342462 0.0015771457 0.2952881 -0.01133908 0.9999335 -0.0021385064 -0.010131836 -0.0016012781 0.0021204937 0.9999965 -0.004272461
0.9998161 0.01909549 0.0017982081 0.58081055 -0.01908716 0.9998076 -0.004541493 -0.025024414 -0.0018845699 0.0045063403 0.9999881 0.008056641
0.99977726 0.02110663 0.00031190136 0.8852539 -0.021103684 0.999749 -0.0075322064 -0.03540039 -0.00047081072 0.0075239446 0.99997157 0.009521484
0.99982107 0.018905174 -0.0007140887 1.1945801 -0.018910289 0.9997892 -0.008007833 -0.037475586 0.00056263816 0.008019905 0.9999677 0.006591797
0.99992806 0.011825965 -0.002010872 1.5135498 -0.011845962 0.9998774 -0.010241801 -0.038085938 0.0018895355 0.010264879 0.9999455 0.0064697266
0.9999934 0.00070123794 -0.0035697715 1.8381348 -0.00074233336 0.9999333 -0.011524466 -0.037597656 0.0035614492 0.01152704 0.9999272 0.013427734
0.9998642 -0.016123848 -0.003409184 2.171753 0.016085917 0.9998115 -0.010876247 -0.021484375 0.0035839144 0.010819938 0.99993503 0.018920898
0.99939793 -0.034460515 -0.00402468 2.5115967 0.034436285 0.99938923 -0.0059419414 0.0073242188 0.0042269547 0.0057997312 0.99997425 0.02355957
0.9984651 -0.055146754 -0.0051388172 2.8656006 0.055134714 0.99847597 -0.0024550776 0.04650879 0.0052663847 0.0021679585 0.9999838 0.022949219
0.99721515 -0.07436015 -0.005780636 3.2318115 0.074351534 0.99723107 -0.0016923684 0.088012695 0.005890439 0.001257981 0.9999819 0.030273438
0.9952805 -0.09690727 -0.00506751 3.6174316 0.09689407 0.99529076 -0.0027913903 0.123535156 0.0053140786 0.0022871506 0.99998325 0.03161621
0.9932465 -0.115946196 -0.0038006648 3.9995117 0.11593104 0.9932475 -0.0039910497 0.17651367 0.00423776 0.0035233821 0.9999848 0.036865234
0.9912061 -0.13226113 -0.0034684143 4.397827 0.13225102 0.99120903 -0.0029938028 0.24560547 0.0038340408 0.0025087027 0.9999895 0.047851562
0.98896015 -0.1481565 -0.0029512655 4.8184814 0.14814955 0.9889626 -0.0024476156 0.3190918 0.0032813738 0.001983339 0.99999267 0.045166016
0.98686624 -0.16155778 -0.002677821 5.2373047 0.16155364 0.9868691 -0.00169794 0.40026855 0.0029168963 0.0012431254 0.999995 0.049804688
0.9846698 -0.174392 -0.0039890967 5.6776123 0.17437857 0.98467404 -0.0034993386 0.48254395 0.004538327 0.0027501148 0.99998593 0.060791016
0.9830181 -0.18343805 -0.0051747095 6.124756 0.18340607 0.9830188 -0.0060986006 0.5657959 0.006205543 0.0050459835 0.999968 0.06604004
0.9814753 -0.19146991 -0.0073354645 6.591675 0.19143 0.98149335 -0.0058076484 0.6590576 0.008311582 0.0042956006 0.9999562 0.06726074
0.9800588 -0.19850443 -0.009327333 7.07251 0.19845669 0.9800956 -0.0058032135 0.7687988 0.010293662 0.0038370779 0.9999397 0.07006836
0.97852224 -0.2057761 -0.011472407 7.5629883 0.20572118 0.97858393 -0.005790249 0.87683105 0.012418374 0.003305554 0.99991745 0.0748291
0.97636634 -0.21571045 -0.012713568 8.0625 0.21559846 0.9764263 -0.009624484 0.9815674 0.014489836 0.006655489 0.99987286 0.08190918
0.97477204 -0.22285463 -0.012423118 8.579346 0.22265728 0.97477305 -0.015501514 1.09375 0.015564209 0.012344179 0.9998027 0.0982666
0.9731249 -0.22984031 -0.014573802 9.109253 0.22960141 0.9731525 -0.016382612 1.2180176 0.017948182 0.012596248 0.9997596 0.1159668
0.97125643 -0.23719662 -0.0197872 9.637695 0.23698215 0.9714287 -0.012590323 1.3657227 0.022208802 0.0075393952 0.99972504 0.11608887
0.96895844 -0.24610429 -0.023693912 10.179077 0.24591434 0.96923745 -0.010669146 1.515625 0.025590148 0.0045123016 0.9996625 0.12512207
0.9664902 -0.25543034 -0.024613196 10.743164 0.2551842 0.96678483 -0.012722219 1.6677246 0.027046945 0.006013456 0.9996162 0.14172363
0.96423715 -0.26370093 -0.026056577 11.316284 0.2633804 0.96455836 -0.015111008 1.8267822 0.029118838 0.0077059753 0.9995463 0.16589355
0.96223384 -0.27074152 -0.029310275 11.898315 0.27040908 0.9626591 -0.014838794 1.9960938 0.032232173 0.0063553955 0.9994602 0.18115234
0.95999175 -0.27812737 -0.03277991 12.492554 0.27779076 0.9605392 -0.014499891 2.1820068 0.035519555 0.0048136814 0.9993573 0.19824219
0.9572542 -0.28673306 -0.03789086 13.090454 0.28633204 0.95799446 -0.01573223 2.364624 0.040811375 0.0042092926 0.999158 0.22387695
0.95517766 -0.29253557 -0.045291662 13.702759 0.29207218 0.9562469 -0.01667843 2.5549316 0.04819015 0.002702563 0.9988347 0.25915527
0.9533439 -0.29696903 -0.054052215 14.331299 0.29648203 0.95487493 -0.017002128 2.7578125 0.056662835 0.00018149102 0.9983934 0.28344727
0.95201975 -0.2994618 -0.06262325 14.966064 0.29898074 0.95407486 -0.017142752 2.9682617 0.064881586 -0.0024125632 0.9978893 0.32250977
0.94989955 -0.30407858 -0.07235988 15.617065 0.30366343 0.95263344 -0.01693512 3.1846924 0.0740826 -0.005885713 0.9972348 0.36193848
0.948071 -0.30785227 -0.07957218 16.277222 0.30758816 0.9513579 -0.01586368 3.4064941 0.080587335 -0.009444538 0.99670243 0.4140625
0.94598085 -0.31237957 -0.08682221 16.943848 0.3123112 0.94986695 -0.014721267 3.6402588 0.08706764 -0.0131957205 0.9961133 0.46984863
0.94417965 -0.31595433 -0.093177356 17.621216 0.31610006 0.9486215 -0.01358944 3.8703613 0.09268196 -0.016628375 0.9955556 0.5352783
0.9421001 -0.32012948 -0.09990307 18.307617 0.320577 0.947155 -0.011976581 4.1225586 0.09845781 -0.020740278 0.99492544 0.5974121
0.9397839 -0.3254486 -0.10432703 19.008423 0.32633945 0.9452066 -0.008902116 4.3843994 0.10150561 -0.02567688 0.9945045 0.67163086
0.93813103 -0.3293172 -0.1069988 19.719238 0.33035567 0.9438142 -0.008378152 4.649048 0.10374831 -0.027493374 0.99422276 0.7446289
0.9361907 -0.3351777 -0.106106356 20.44873 0.3363673 0.9417343 -0.0070079314 4.915283 0.10227345 -0.029121354 0.99433017 0.82580566
0.9338713 -0.34186697 -0.10461518 21.17749 0.3430813 0.93924665 -0.0067303944 5.190796 0.10056053 -0.029619204 0.99448913 0.9067383
0.93183196 -0.34802058 -0.10306911 21.917358 0.3491405 0.9370673 -0.0075498447 5.4714355 0.09920985 -0.02894057 0.9946462 0.991333
0.9294745 -0.35518354 -0.09968667 22.641235 0.35631415 0.93434924 -0.006826626 5.76355 0.09556682 -0.029171582 0.9949958 1.0656738
0.9256613 -0.3662803 -0.09500847 23.414917 0.36756507 0.93000853 -0.004245811 6.0750732 0.08991099 -0.030988593 0.9954668 1.1416016
0.92322934 -0.37350976 -0.09034264 24.169556 0.37490878 0.92707354 -0.0016002777 6.389282 0.08434995 -0.032390803 0.9959091 1.223999
0.91994536 -0.38218948 -0.08755103 24.929688 0.38377234 0.92344356 0.0013631127 6.7148438 0.080328725 -0.034844518 0.9961603 1.2932129
0.9166217 -0.3903198 -0.08638799 25.693848 0.3918851 0.92001766 0.001258808 7.0532227 0.07898422 -0.035006974 0.99626064 1.3651123
0.9127423 -0.39932284 -0.086042784 26.47168 0.40106124 0.91602474 0.0032036803 7.397583 0.077536926 -0.03743927 0.9962857 1.439209
0.90936196 -0.40716878 -0.08539933 27.249146 0.40885898 0.9126023 0.0025552656 7.7563477 0.076899424 -0.037230164 0.9963453 1.5040283
0.9058707 -0.4152001 -0.083757706 28.041138 0.41697723 0.90891236 0.00415065 8.12854 0.074408285 -0.038686596 0.9964771 1.5688477
0.901902 -0.42406574 -0.08192748 28.838501 0.4257249 0.90483123 0.003098128 8.505371 0.07281478 -0.03767381 0.99663365 1.6417236
0.8992148 -0.4307593 -0.077006646 29.636108 0.4322199 0.9018019 0.0025816613 8.894531 0.068332806 -0.035588138 0.99702907 1.7093506
0.89554244 -0.4390327 -0.072371334 30.455933 0.44049516 0.8977329 0.0048094774 9.298218 0.06285882 -0.03618691 0.9973663 1.7669678
0.89233065 -0.4462239 -0.067955695 31.271606 0.4475365 0.8942479 0.0046417923 9.709106 0.058694936 -0.034562193 0.9976764 1.8267822
0.888665 -0.45390248 -0.06519512 32.10083 0.45515516 0.89040124 0.0049782973 10.135132 0.05578496 -0.03410447 0.99785906 1.8902588
0.88574636 -0.45973933 -0.0640112 32.93225 0.4609376 0.8874232 0.004540904 10.572754 0.054719348 -0.03352685 0.99793905 1.946167
0.8838612 -0.46354365 -0.062461637 33.766357 0.46468955 0.88545424 0.004385611 11.02124 0.05327089 -0.032902908 0.99803764 1.9941406
0.8799281 -0.4711711 -0.06098119 34.616577 0.47221032 0.8814775 0.0030175708 11.486328 0.052328788 -0.031450454 0.9981345 2.0549316
0.87759644 -0.47561955 -0.059927285 35.471924 0.4766095 0.8791008 0.0025550744 11.951538 0.051465552 -0.030808222 0.9981992 2.1049805
0.87668145 -0.4773591 -0.059866615 36.336548 0.47828054 0.8782208 0.0012218617 12.432251 0.051994316 -0.029700642 0.99820596 2.1556396
0.8745014 -0.4812647 -0.06023963 37.21167 0.48226273 0.87602156 0.0023423135 12.923706 0.051644176 -0.031097533 0.9981816 2.2061768
0.8746127 -0.4811425 -0.0592236 38.09619 0.48208815 0.87609404 0.0019271397 13.421143 0.050956745 -0.030242557 0.9982426 2.267334
0.8737272 -0.48295197 -0.057803117 38.99597 0.48389176 0.8751142 0.0026104457 13.924927 0.04932088 -0.030252049 0.99832463 2.3164062
0.87375075 -0.48300248 -0.057288498 39.900757 0.48391533 0.8751203 0.0023735792 14.44873 0.048985347 -0.029801754 0.998354 2.3735352
0.87375075 -0.48303854 -0.05651403 40.82483 0.48377582 0.8751683 -0.00071853795 14.948242 0.049807504 -0.026709637 0.9984021 2.4274902
0.87217003 -0.48589244 -0.05607755 41.760742 0.48656642 0.8735937 -0.0018510649 15.479126 0.04989023 -0.025674557 0.9984248 2.479126
0.8717544 -0.48704115 -0.053281944 42.691772 0.48762274 0.8730538 -0.0023666865 16.002686 0.04766717 -0.02392013 0.9985764 2.534546
0.86942244 -0.49155205 -0.04940048 43.631348 0.49208212 0.87052363 -0.0016231784 16.539795 0.043805677 -0.022898598 0.9987779 2.5930176
0.8664119 -0.49723026 -0.044115584 44.566162 0.4976675 0.8672825 -0.0012313272 17.077026 0.038871456 -0.020892635 0.9990258 2.6501465
0.86307985 -0.5033127 -0.041550875 45.48767 0.5036307 0.8638882 -0.0031888443 17.618164 0.03749932 -0.018175349 0.9991313 2.6992188
0.8577361 -0.51242346 -0.04250495 46.41516 0.51264316 0.8586341 -0.0063926447 18.171753 0.039769 -0.016306143 0.99907553 2.755005
0.85264075 -0.52068746 -0.044738695 47.325317 0.52085245 0.85366786 -0.008806034 18.728516 0.0427753 -0.015790626 0.9989597 2.807251
0.84602565 -0.53127414 -0.043522935 48.237793 0.5314544 0.8469908 -0.008277054 19.30774 0.041263115 -0.016131537 0.9990182 2.8586426
0.8409055 -0.5397363 -0.03957003 49.148193 0.53996223 0.84167176 -0.0056512216 19.902588 0.036355942 -0.016610295 0.99920106 2.9033203
0.83633965 -0.54699856 -0.036726713 50.04956 0.5472847 0.8369546 -0.002636565 20.493774 0.03218136 -0.017896987 0.99932164 2.9543457
0.8317803 -0.5537275 -0.03894142 50.941406 0.55407685 0.83245605 -0.0021388894 21.101074 0.03360543 -0.019796753 0.99923927 2.9989014
0.82793146 -0.5591864 -0.04240644 51.827393 0.55953807 0.8287686 -0.004172918 21.709229 0.037480656 -0.020270895 0.999092 3.0455322
0.8252936 -0.562534 -0.04971368 52.71045 0.56295514 0.8264784 -0.006409174 22.314087 0.044694427 -0.02269985 0.9987426 3.10437
0.82151055 -0.5679281 -0.05028113 53.586914 0.56837565 0.8227148 -0.006291584 22.938354 0.044939816 -0.023412688 0.99871516 3.1541748
0.8197769 -0.5707691 -0.04718424 54.46631 0.57119626 0.8208203 -0.005200286 23.556152 0.0416958 -0.022689417 0.99887246 3.2115479
0.8159137 -0.5766087 -0.041870117 55.352295 0.5769964 0.8167065 -0.0033610244 24.188354 0.036134355 -0.021420062 0.9991173 3.2625732
0.81275415 -0.58124834 -0.039612208 56.23047 0.5816501 0.8134298 -0.0016701419 24.827637 0.033194266 -0.02168152 0.99921393 3.3110352
0.8101749 -0.5847977 -0.040940683 57.104248 0.5852629 0.81087315 -0.00076691015 25.46289 0.033644218 -0.023343574 0.99916095 3.3552246
0.8058952 -0.5904674 -0.042313512 57.97534 0.59095025 0.80665046 -0.0013384407 26.111084 0.034924198 -0.023931388 0.99910337 3.3969727
0.8026141 -0.59493876 -0.043426473 58.847656 0.5953423 0.8034777 -0.0043751635 26.759277 0.03749216 -0.022345902 0.9990467 3.4504395
0.7993847 -0.5991433 -0.043224867 59.71216 0.5995079 0.8002612 -0.005413957 27.41101 0.037832662 -0.021592855 0.99905056 3.4987793
0.7935541 -0.60700667 -0.04153741 60.581055 0.60734904 0.7943612 -0.005258838 28.086304 0.03618844 -0.021058006 0.9991231 3.5461426
0.7899534 -0.61191523 -0.04090328 61.439697 0.6122164 0.79075444 -0.00616092 28.753784 0.036115702 -0.020169046 0.99914414 3.590088
0.78486943 -0.6183213 -0.040895242 62.301025 0.6186128 0.7856772 -0.0066168476 29.442505 0.03621847 -0.02011037 0.9991411 3.6412354
0.77904415 -0.62552994 -0.041464582 63.15576 0.6257939 0.77989525 -0.007882635 30.13147 0.03727041 -0.019810222 0.9991089 3.6903076
0.7752673 -0.630315 -0.041835487 64.01196 0.63052756 0.77616405 -0.009571999 30.82727 0.03849901 -0.018956948 0.9990784 3.7358398
0.7683413 -0.63866377 -0.041836865 64.865234 0.63881594 0.76926905 -0.011362227 31.543823 0.039444253 -0.017996753 0.99905986 3.7857666
0.76315516 -0.64488137 -0.041661784 65.71265 0.6449678 0.76410574 -0.013128687 32.25769 0.040300228 -0.016850337 0.99904555 3.8374023
0.75641215 -0.65273625 -0.04117559 66.562744 0.6527886 0.75735724 -0.014023682 32.99597 0.0403347 -0.01627446 0.9990535 3.8858643
0.75050753 -0.6598575 -0.03939823 67.40698 0.6598995 0.751378 -0.01377629 33.743774 0.038688917 -0.015655454 0.9991284 3.928955
0.7445163 -0.6664922 -0.03746896 68.2439 0.66647804 0.7453266 -0.014691907 34.489258 0.037720557 -0.01403955 0.99918973 3.980957
0.73734546 -0.6744778 -0.036669254 69.076416 0.67441577 0.7381418 -0.015893746 35.25183 0.037793558 -0.013007913 0.9992014 4.039673
0.73231375 -0.67996895 -0.03766713 69.903076 0.6798492 0.73317546 -0.01787463 36.03186 0.039769787 -0.01252508 0.9991301 4.0911865
0.72655433 -0.68604076 -0.038440228 70.72705 0.68594146 0.7274462 -0.017797275 36.81787 0.040173948 -0.013433452 0.9991027 4.1401367
0.7208275 -0.69219613 -0.037064154 71.54712 0.69211614 0.72165567 -0.017018786 37.621582 0.03852952 -0.013380967 0.99916816 4.190918
0.7164131 -0.69664747 -0.037916467 72.367676 0.6965835 0.7172752 -0.017050592 38.424072 0.03907606 -0.014194936 0.9991357 4.2435303
0.71049553 -0.7027095 -0.03819865 73.1897 0.7026362 0.7113771 -0.01758447 39.247437 0.039524544 -0.014343898 0.9991155 4.2956543
0.70591897 -0.70706517 -0.040466 74.00171 0.7069703 0.70691544 -0.01907211 40.068726 0.042092208 -0.015145628 0.998999 4.3498535
0.70095015 -0.71195537 -0.042055346 74.81763 0.71182 0.70204175 -0.02073729 40.89038 0.044286694 -0.01539998 0.99890006 4.4071045
0.69580716 -0.7170961 -0.042710457 75.622314 0.71693766 0.6969435 -0.021655627 41.73767 0.045289576 -0.015548703 0.99885267 4.4630127
0.6909598 -0.72187537 -0.04068769 76.43408 0.72173965 0.69199115 -0.020606508 42.59082 0.04302889 -0.015116523 0.9989597 4.518921
0.6881318 -0.7246387 -0.039148044 77.24805 0.7244512 0.68910986 -0.021403635 43.465332 0.04247956 -0.013631581 0.999004 4.5804443
0.68097824 -0.73123777 -0.03883239 78.048096 0.7310178 0.6819565 -0.02227696 44.32776 0.04277219 -0.013219393 0.99899733 4.6433105
0.6768987 -0.7350872 -0.038080286 78.853516 0.734808 0.67786187 -0.023554683 45.202515 0.043134823 -0.012033902 0.9989972 4.6922607
0.67244035 -0.73934186 -0.03650439 79.65796 0.73904604 0.67333895 -0.023655923 46.088135 0.042068835 -0.011059012 0.99905396 4.7541504
0.6680937 -0.74317807 -0.03549645 80.448 0.742784 0.6689748 -0.02585235 46.97888 0.042957567 -0.009104819 0.99903494 4.8085938
0.6655387 -0.7455537 -0.03334005 81.2439 0.7450053 0.66635036 -0.029113714 47.871216 0.043919656 -0.005455887 0.9990205 4.8687744
0.66010594 -0.750506 -0.0328129 82.04297 0.7498069 0.66091394 -0.03252894 48.77295 0.04609888 -0.0031347098 0.99893177 4.934326
0.65587556 -0.754232 -0.030675018 82.843994 0.7532849 0.6565904 -0.037816416 49.679688 0.048667654 0.001691646 0.9988135 4.993042
0.65028584 -0.75914824 -0.026146492 83.64136 0.7579926 0.65076303 -0.042610623 50.60034 0.04937006 0.007896206 0.9987499 5.0566406
0.6418005 -0.7665038 -0.021225048 84.42847 0.76522446 0.6420107 -0.046254717 51.528564 0.049090993 0.013437019 0.9987037 5.1297607
0.63403857 -0.7729981 -0.017899528 85.20923 0.77175677 0.63409764 -0.04650769 52.468506 0.047307935 0.015665537 0.9987572 5.1970215
0.62470573 -0.78076947 -0.015119267 85.97778 0.779598 0.62465864 -0.045989726 53.426514 0.045352086 0.016944682 0.9988274 5.2561035
0.6149676 -0.78845274 -0.013875513 86.7395 0.7872828 0.6148715 -0.046429668 54.402588 0.04512748 0.01763846 0.99882597 5.3234863
0.6069606 -0.7945296 -0.016038097 87.48804 0.793306 0.6069703 -0.046780422 55.382812 0.04690729 0.01566775 0.9987763 5.3865967
0.5971651 -0.8019292 -0.015353145 88.22363 0.8005671 0.59710544 -0.04989038 56.376953 0.049187593 0.017505528 0.9986365 5.45166
0.58658993 -0.80978864 -0.015930686 88.95801 0.8083852 0.58656704 -0.05050855 57.382812 0.05024556 0.016747562 0.9985963 5.5164795
0.57692057 -0.8167121 -0.011119356 89.67993 0.8153296 0.5766507 -0.051876374 58.40039 0.048781246 0.020858329 0.9985914 5.5895996
0.5668723 -0.82376444 -0.00893457 90.392334 0.8224304 0.5665157 -0.051774763 59.433838 0.047709007 0.022006145 0.9986191 5.6533203
0.555496 -0.83156216 -0.008025994 91.0918 0.830212 0.55509996 -0.052402537 60.477783 0.048038267 0.022439955 0.99859303 5.722046
0.5453165 -0.8381619 -0.008924356 91.78174 0.83674395 0.5449613 -0.053299308 61.531494 0.049548883 0.02159558 0.99853814 5.788574
0.53573084 -0.8442701 -0.009856883 92.4541 0.8428253 0.5354373 -0.053379413 62.59546 0.050346162 0.020288916 0.99852574 5.8548584
0.52578986 -0.8505414 -0.0109671205 93.11206 0.84900177 0.5255438 -0.054731987 63.669678 0.052314397 0.019467244 0.99844086 5.9296875
0.51510006 -0.85694265 -0.0110716885 93.764404 0.8554307 0.51488954 -0.054104947 64.76172 0.052085675 0.018401349 0.9984734 6.0039062
0.50673807 -0.86199814 -0.010641391 94.40869 0.8605837 0.5065525 -0.052321516 65.85547 0.050494768 0.017355047 0.99857354 6.07251
0.49982306 -0.8661476 -0.007584393 95.049805 0.86486965 0.49952966 -0.05063221 66.96655 0.047627967 0.018740471 0.9986888 6.1466064
0.4903225 -0.87160176 -0.006521364 95.668945 0.87032235 0.4899847 -0.051018752 68.08472 0.047650687 0.019340787 0.99867684 6.217285
0.48392504 -0.8750698 -0.005852459 96.289795 0.8736541 0.4835034 -0.054011147 69.200195 0.050099503 0.021023456 0.99852294 6.290161
0.4769787 -0.87874186 -0.004442413 96.907715 0.8771826 0.47642213 -0.057337545 70.32324 0.052520674 0.023451641 0.99834454 6.364502
0.47197178 -0.8815541 -0.0039318185 97.51538 0.8798262 0.4713164 -0.06063731 71.4563 0.05532036 0.02516846 0.99815196 6.4398193
0.46741098 -0.88407147 -0.003527226 98.11035 0.8821493 0.4666507 -0.06415665 72.58447 0.058371473 0.026871044 0.997933 6.5231934
0.46218812 -0.8868116 -0.001846632 98.70239 0.88493556 0.46134326 -0.064086914 73.72339 0.05768719 0.027992427 0.9979426 6.6069336
0.45803767 -0.8889082 0.0017980891 99.29199 0.88723016 0.45704666 -0.062385254 74.86694 0.054627646 0.03017618 0.99805105 6.687866
0.45643535 -0.8898355 0.008256663 99.880615 0.88841915 0.45513967 -0.061375782 76.00122 0.050849777 0.0353408 0.9980804 6.772339
0.4519304 -0.89209956 0.010668943 100.45679 0.89084464 0.45058072 -0.0597477 77.13452 0.04847688 0.036499165 0.99815685 6.849365
0.44762638 -0.89412594 0.011688892 101.0188 0.892898 0.4462296 -0.0598295 78.26758 0.048281223 0.0372188 0.99814016 6.9265137
0.44719556 -0.8942612 0.014663633 101.58472 0.89317346 0.44567996 -0.0592682 79.39453 0.04646928 0.039603308 0.9981343 6.998535
0.44364437 -0.89613366 0.015482105 102.13916 0.8951474 0.4421598 -0.057636067 80.51514 0.04480337 0.039435245 0.9982175 7.067383
0.4426454 -0.89660615 0.018472522 102.69507 0.8957002 0.440993 -0.058507483 81.62402 0.04431226 0.042425003 0.99811554 7.146118
0.43908975 -0.89800316 0.021407507 103.23462 0.8972382 0.43733236 -0.058065526 82.73633 0.042788755 0.044699393 0.9980834 7.2093506
0.43760002 -0.89874923 0.025778892 103.77466 0.8981684 0.4356399 -0.05848401 83.84375 0.041332886 0.04875175 0.99795574 7.2749023
0.43658498 -0.89924526 0.028620636 104.31152 0.89884526 0.43456155 -0.057459522 84.95044 0.039232556 0.050815836 0.99793756 7.3397217
0.43402103 -0.90019023 0.030423122 104.83301 0.8998584 0.4319034 -0.05794943 86.024414 0.039025534 0.052538943 0.99785674 7.406128
0.43297797 -0.9007489 0.030960917 105.34839 0.900383 0.43075985 -0.05943829 87.093994 0.040206134 0.053607047 0.99775195 7.4692383
0.43352443 -0.9005783 0.030827953 105.85669 0.900188 0.43128368 -0.05994994 88.16406 0.040695038 0.053766705 0.99772555 7.5356445
0.43400773 -0.90057576 0.029555073 106.3501 0.90009004 0.43178448 -0.06060075 89.20557 0.04180674 0.05289635 0.9977244 7.5980225
0.43503293 -0.8998874 0.026732124 106.84473 0.8993022 0.43298003 -0.05957984 90.26074 0.042054314 0.04996729 0.99786514 7.6604004
0.44014394 -0.8978061 0.024327023 107.33472 0.897105 0.43817914 -0.059787925 91.29175 0.04301971 0.048130907 0.9979138 7.725586
0.4426818 -0.896497 0.02240118 107.83862 0.89570504 0.44079363 -0.05991042 92.313965 0.04382711 0.04658293 0.9979524 7.789795
0.45057288 -0.8924546 0.020807313 108.34448 0.8916047 0.44874644 -0.059923798 93.336426 0.044153724 0.045548555 0.9979855 7.8535156
0.45767522 -0.8887829 0.01984645 108.839355 0.88797104 0.45595253 -0.05840807 94.33667 0.042871024 0.044367246 0.9980955 7.921631
0.4634479 -0.8858538 0.01918556 109.35474 0.8850385 0.46176538 -0.05803371 95.33447 0.04255057 0.04386213 0.99813026 7.977539
0.47495973 -0.8798586 0.018212356 109.88306 0.87907267 0.473358 -0.056856766 96.33154 0.041410625 0.04301689 0.99821573 8.035522
0.48262468 -0.8755671 0.016659807 110.40405 0.8747587 0.48111084 -0.05615053 97.30762 0.041148063 0.04168303 0.9982837 8.09436
0.49292803 -0.86983615 0.01547472 110.94531 0.86896884 0.49142545 -0.056798454 98.281494 0.041818123 0.041450873 0.99826515 8.150635
0.5038018 -0.8636691 0.011405008 111.48462 0.8626226 0.5024311 -0.057593055 99.235596 0.04400874 0.038858797 0.99827546 8.208618
0.5135932 -0.8581561 0.007843125 112.03833 0.85696596 0.51234967 -0.05812206 100.178955 0.045848124 0.036567245 0.9982787 8.27002
0.5278432 -0.84932584 0.0055029253 112.61084 0.84814805 0.5267449 -0.05647152 101.12012 0.045058046 0.03448633 0.9983896 8.330322
0.53840834 -0.84271145 0.0042576566 113.18872 0.8416285 0.53744584 -0.053647745 102.041504 0.042910308 0.032465346 0.99855125 8.389648
0.55211943 -0.8338807 0.0043841554 113.78711 0.8329128 0.55120885 -0.05134509 102.9668 0.04039407 0.031992164 0.9986712 8.44397
0.5628709 -0.8264994 0.0044750543 114.38452 0.8255789 0.56197053 -0.050535474 103.862305 0.039252512 0.03214235 0.99871236 8.504517
0.5734751 -0.8191439 0.0034863632 114.99634 0.81816566 0.5725714 -0.051482383 104.74878 0.040172167 0.032377403 0.99866813 8.559082
0.58616465 -0.8101247 0.002145703 115.622314 0.8091337 0.5853119 -0.051079188 105.61987 0.0401251 0.03168437 0.99869263 8.612183
0.5960653 -0.8030485 0.0028192236 116.2478 0.8020227 0.59511864 -0.052750677 106.46289 0.040670488 0.03370519 0.9986041 8.666626
0.6064783 -0.7951476 0.0017689524 116.87866 0.7941203 0.60557866 -0.052221816 107.30371 0.040440515 0.033078197 0.9986345 8.727783
0.6185017 -0.7857096 0.0022348808 117.52368 0.78476554 0.61761415 -0.05084714 108.13037 0.038568288 0.033202246 0.99870425 8.774658
0.6270216 -0.7788934 0.0044409265 118.15723 0.778133 0.62613446 -0.048128247 108.940186 0.034710627 0.03364247 0.99883145 8.826294
0.6382976 -0.76984024 0.0040389057 118.80908 0.76914793 0.63748133 -0.046072893 109.74097 0.032896914 0.03251701 0.9989296 8.879517
0.6468991 -0.76269835 0.0005332413 119.45239 0.76193696 0.6462216 -0.045131892 110.51196 0.034075733 0.02960201 0.99898064 8.927734
0.656021 -0.754628 -0.0016178826 120.1062 0.75386316 0.6554498 -0.043655664 111.27539 0.03400578 0.027417218 0.99904543 8.968994
0.66603595 -0.74598616 -0.00258421 120.770996 0.7452 0.66548556 -0.043723345 112.03052 0.03433525 0.027193595 0.9990401 9.016235
0.6747744 -0.73810065 -0.001811735 121.42676 0.7374303 0.6742623 -0.041032527 112.76318 0.031499077 0.02635484 0.9991565 9.062378
0.6833924 -0.73004544 -0.0002378819 122.09863 0.729443 0.6828416 -0.040388867 113.47754 0.029652722 0.027428884 0.9991838 9.106323
0.6922632 -0.72158223 0.00022906577 122.77637 0.72103083 0.69172156 -0.03930691 114.18384 0.02820965 0.027378596 0.999227 9.151611
0.6985224 -0.71552753 -0.0014298738 123.43164 0.714968 0.6980523 -0.038203508 114.87451 0.028334416 0.025669148 0.99926907 9.187866
0.7079124 -0.7062799 -0.0021009266 124.10962 0.7057568 0.7074962 -0.036496796 115.55762 0.027266657 0.024359846 0.99933153 9.230957
0.7131414 -0.7010606 -0.0006108966 124.77905 0.70064354 0.71274674 -0.033877097 116.2207 0.024183061 0.02373145 0.9994258 9.263184
0.72085667 -0.6930918 -0.000111276284 125.45361 0.6927403 0.72049636 -0.03172282 116.885254 0.022066109 0.022791011 0.9994967 9.300537
0.72865444 -0.68474287 0.000642559 126.13135 0.6844682 0.728335 -0.029016012 117.53345 0.01940329 0.021580234 0.9995788 9.333252
0.7356067 -0.6774695 -0.00039433726 126.79004 0.67719245 0.73532206 -0.028180119 118.15454 0.019377794 0.020463105 0.999603 9.369873
0.74283206 -0.669344 -0.0008995631 127.4563 0.66911453 0.74261105 -0.025222806 118.76636 0.017554695 0.018134069 0.9996815 9.395996
0.75357753 -0.6575309 0.00039073772 128.14038 0.6573574 0.7533646 -0.023421481 119.35547 0.015105166 0.017906342 0.99972564 9.426758
0.7610704 -0.6486857 0.0012552787 128.7998 0.64858013 0.7609083 -0.019622933 119.93213 0.011773574 0.015751459 0.99980676 9.449951
0.7715734 -0.63626045 0.0008549525 129.48071 0.6361841 0.7714584 -0.016596176 120.50293 0.009899632 0.013348123 0.9998619 9.474609
0.78054357 -0.6252576 -0.00074039586 130.14062 0.6251622 0.78044415 -0.016581561 121.04663 0.010943105 0.012478222 0.9998623 9.491089
0.7899705 -0.6131404 -0.00184884 130.81567 0.61304134 0.7898906 -0.01585202 121.5813 0.011179987 0.0113903675 0.99987274 9.511353
0.80088717 -0.59872496 -0.0025333087 131.50732 0.59861946 0.8008131 -0.015857752 122.10571 0.0115249315 0.011185052 0.9998712 9.528687
0.8097233 -0.58680946 -0.0016468762 132.18286 0.58673435 0.80965894 -0.013961825 122.60376 0.009526486 0.010338457 0.9999013 9.54834
0.8208572 -0.57130796 0.00024201421 132.89575 0.5712723 0.8208011 -0.011528943 123.106445 0.006385695 0.009602036 0.9999336 9.564575
0.828231 -0.56033283 0.0015672628 133.58911 0.56031823 0.8281813 -0.0100619765 123.58984 0.0043414934 0.009211041 0.99994814 9.58313
0.8378204 -0.5459858 0.004037002 134.30298 0.54600006 0.8377848 -0.0077672265 124.04883 0.00085730944 0.008712468 0.9999617 9.590332
0.84672046 -0.5319295 0.0063722827 135.03906 0.5319655 0.8466909 -0.0072492454 124.50244 -0.0015403167 0.009529003 0.99995345 9.601685
0.85312825 -0.52150995 0.008265175 135.7456 0.52156633 0.8531002 -0.0075924797 124.95532 -0.00309094 0.010789417 0.999937 9.6102295
0.8596649 -0.5107548 0.008421966 136.47827 0.51081234 0.85964066 -0.0073541515 125.383545 -0.0034834417 0.010624619 0.9999375 9.619629
0.86680794 -0.49874455 0.008396862 137.22437 0.49879333 0.86680466 -0.005234439 125.82373 -0.0046684165 0.008723706 0.99995106 9.629028
0.87191933 -0.4894695 0.008409792 137.95361 0.4895102 0.8719295 -0.0036356505 126.2478 -0.0055527994 0.0072879554 0.99995804 9.624512
0.8793489 -0.4761023 0.007211411 138.71387 0.47612947 0.8793599 -0.002598241 126.66675 -0.005104524 0.005718747 0.9999706 9.630981
0.88391364 -0.46753576 0.008235806 139.46338 0.46757102 0.8839286 -0.0029404191 127.07031 -0.005904573 0.006450588 0.99996173 9.637573
0.8896674 -0.45656145 0.00757602 140.23804 0.45659754 0.8896725 -0.0039340593 127.46094 -0.004944004 0.0069584595 0.9999636 9.636475
0.8937618 -0.44852915 0.0067706634 141.02759 0.4485631 0.8937578 -0.0047472953 127.855225 -0.003922396 0.007279094 0.99996585 9.640015
0.8969936 -0.442005 0.007455659 141.79175 0.4420389 0.89700043 -0.0036762643 128.25659 -0.0050631417 0.0065933294 0.9999654 9.647217
0.9005367 -0.43466416 0.010328756 142.60132 0.4347031 0.90057546 -0.0017677092 128.64136 -0.008533409 0.0060812808 0.9999451 9.646362
0.90341055 -0.4286023 0.013334667 143.41113 0.42861807 0.9034997 0.001800546 129.03296 -0.012819778 0.0040882416 0.99990946 9.644165
0.90609527 -0.4228064 0.01487819 144.22314 0.4227871 0.90621483 0.004578144 129.4375 -0.015418624 0.0021424498 0.9998788 9.635986
0.9091624 -0.41604075 0.015955197 145.06152 0.41598096 0.90930253 0.007061132 129.83008 -0.01744658 0.00022031087 0.9998477 9.627686
0.91217214 -0.40944672 0.017257132 145.9209 0.4093413 0.9123341 0.009413313 130.22363 -0.019599324 -0.0015234919 0.9998068 9.609497
0.9155466 -0.40172786 0.020222595 146.79248 0.40158066 0.9157678 0.011052252 130.6001 -0.022959825 -0.0019975398 0.99973434 9.596924
0.91867846 -0.39441362 0.022141282 147.67212 0.39425796 0.91894394 0.011191651 130.9768 -0.024759617 -0.001553731 0.99969226 9.581665
0.9221839 -0.38600743 0.024008946 148.56299 0.38586035 0.92249614 0.010668352 131.35986 -0.026265992 -0.0005739865 0.99965477 9.564941
0.92560965 -0.37770042 0.023989687 149.4685 0.3775714 0.92592067 0.009872638 131.73389 -0.025940897 -7.9915044e-05 0.9996634 9.534058
0.92994803 -0.36684313 0.024906121 150.4021 0.36676592 0.9302797 0.007764313 132.09326 -0.026018228 0.0019159483 0.9996595 9.525879
0.9328715 -0.35939184 0.023661606 151.32935 0.3593432 0.93316823 0.006423358 132.46118 -0.024388898 0.0025133102 0.99969923 9.497925
0.9380707 -0.34581098 0.022109326 152.29492 0.34575844 0.93832964 0.0062794033 132.81665 -0.022916483 0.0017532588 0.9997358 9.47998
0.942342 -0.3339975 0.021036904 153.25781 0.33390197 0.94257665 0.008001585 133.17188 -0.022500824 -0.0005145911 0.9997465 9.458984
0.94765115 -0.3185981 0.021372309 154.24438 0.31840685 0.9478815 0.011911605 133.52148 -0.024053827 -0.0044826386 0.9997006 9.441772
0.9541093 -0.29852605 0.02342164 155.25928 0.29822195 0.9543638 0.015629709 133.84424 -0.027019128 -0.007925744 0.9996033 9.413696
0.95995164 -0.27904993 0.024492819 156.28174 0.27865076 0.96020174 0.018497324 134.16992 -0.028681055 -0.010931201 0.9995289 9.39209
0.9658699 -0.2577995 0.025510417 157.33154 0.2573202 0.9661143 0.020622851 134.45508 -0.02996163 -0.0133554535 0.99946177 9.369873
0.9712766 -0.23645885 0.026517488 158.42725 0.23589227 0.97150815 0.022822553 134.73047 -0.031158786 -0.015912328 0.9993879 9.336182
0.9762429 -0.21468222 0.029474914 159.46118 0.21403594 0.9765446 0.023602642 134.9773 -0.033849433 -0.016732393 0.99928665 9.318481
0.98077446 -0.19232585 0.032781325 160.5813 0.1915651 0.981153 0.02497536 135.2019 -0.036969032 -0.01821321 0.99915016 9.280762
0.9847831 -0.16965221 0.037820753 161.72266 0.1686873 0.98529345 0.02740565 135.41064 -0.041914422 -0.020609628 0.99890834 9.248047
0.9882593 -0.14724535 0.04072749 162.83252 0.14615723 0.98884857 0.02852602 135.59058 -0.044473957 -0.02223661 0.9987625 9.207031
0.99114645 -0.1263205 0.040994983 163.98022 0.12511878 0.9916719 0.03067644 135.74927 -0.044527106 -0.025276847 0.99868834 9.164673
0.99379665 -0.10401195 0.039358266 165.13232 0.102851965 0.99423045 0.03044517 135.88574 -0.042297196 -0.026208304 0.99876153 9.124023
0.99586064 -0.082217716 0.038706675 166.29468 0.081066094 0.9962421 0.03044007 135.98315 -0.041064467 -0.027175348 0.9987868 9.076172
0.9972201 -0.06198994 0.041356098 167.48926 0.060820524 0.9977289 0.028965048 136.06982 -0.04305739 -0.026369749 0.99872476 9.036987
0.99817467 -0.042255998 0.043154478 168.69458 0.041020956 0.99873424 0.029114623 136.13452 -0.044330068 -0.02729164 0.9986442 8.996582
0.9987407 -0.020815007 0.04565282 169.89575 0.019480098 0.99937505 0.02949572 136.17114 -0.04623828 -0.02856932 0.998522 8.948608
0.99893606 -0.0023777417 0.04605721 171.12427 0.0009839721 0.99954146 0.030266074 136.18799 -0.046108045 -0.030188566 0.99848044 8.901367
0.99870354 0.018767387 0.04732009 172.3877 -0.02026501 0.99930245 0.031373635 136.1753 -0.046698354 -0.032291785 0.99838716 8.851318
0.9981733 0.038248483 0.046766978 173.6333 -0.039849907 0.9986334 0.03380894 136.14355 -0.045409843 -0.0356109 0.99833393 8.799194
0.99719256 0.05848068 0.04674904 174.89526 -0.06013599 0.99758196 0.03482627 136.08667 -0.04459923 -0.03754048 0.99829954 8.749634
0.99586236 0.07885676 0.045208283 176.19019 -0.080472626 0.99613935 0.03512083 136.00537 -0.04226491 -0.038611747 0.99836063 8.698242
0.9943468 0.096996605 0.04321092 177.42773 -0.09862892 0.9944227 0.03739082 135.89136 -0.039343946 -0.04144166 0.998366 8.652466
0.99238646 0.11561481 0.04246663 178.73608 -0.11724856 0.9923681 0.03823208 135.74683 -0.037724115 -0.042921185 0.99836624 8.6171875
0.9897018 0.13727483 0.04059163 180.04419 -0.13882473 0.9895815 0.03818922 135.59253 -0.034926612 -0.043431796 0.9984455 8.576782
0.98696244 0.15693082 0.035907235 181.40576 -0.15832244 0.98658735 0.039892733 135.39014 -0.02916757 -0.045056667 0.9985587 8.533203
0.98391706 0.17588578 0.031229155 182.72192 -0.17711246 0.9832884 0.042188596 135.17065 -0.02328858 -0.04704192 0.9986216 8.51001
0.98124886 0.19098946 0.026058806 184.03467 -0.19200827 0.98037326 0.044786036 134.93335 -0.016993973 -0.048948452 0.9986567 8.478027
0.9774973 0.20968384 0.023306519 185.38232 -0.21058431 0.97643596 0.04731122 134.67017 -0.012837652 -0.051153995 0.9986081 8.471191
0.9730857 0.22944573 0.021159684 186.74658 -0.23023593 0.9718663 0.049572214 134.37451 -0.0091916155 -0.053110883 0.99854696 8.457886
0.9695275 0.24394432 0.022491504 188.08179 -0.24478753 0.96830773 0.049563598 134.05322 -0.009685289 -0.05355919 0.9985172 8.44751
0.9648401 0.26198426 0.021323513 189.43115 -0.26273283 0.96365774 0.04838891 133.69238 -0.007870186 -0.05228956 0.9986006 8.449463
0.9597976 0.28007492 0.018583495 190.77637 -0.28065908 0.95857924 0.048535746 133.32129 -0.004222026 -0.051800784 0.998649 8.453491
0.95521486 0.2955226 0.015094308 192.1294 -0.2959073 0.9538795 0.05050185 132.92627 0.0005235141 -0.052706886 0.9986105 8.458252
0.94979906 0.31238174 0.016108207 193.48364 -0.31279528 0.94838035 0.051893923 132.49854 0.00093946676 -0.05432818 0.9985224 8.463867
0.94395816 0.32968205 0.016523475 194.83716 -0.3300874 0.9423866 0.05450363 132.04443 0.0023937651 -0.056904033 0.99837714 8.475708
0.9379333 0.3464802 0.015580817 196.17651 -0.3467847 0.9361325 0.058364883 131.57495 0.0056360243 -0.06014617 0.99817365 8.489746
0.93069303 0.36565137 0.012267848 197.53125 -0.36570734 0.9288289 0.059793204 131.06055 0.010466982 -0.060134143 0.9981352 8.515625
0.9234697 0.38353908 0.01071143 198.93506 -0.38345155 0.9215585 0.060887646 130.49341 0.013483027 -0.06033398 0.9980867 8.526978
0.91547257 0.40229836 0.0068679256 200.29004 -0.40194783 0.9136396 0.060676057 129.91602 0.018136462 -0.058306415 0.99813384 8.572632
0.9067901 0.4215933 0.003105658 201.5979 -0.42090443 0.9048345 0.06428298 129.35205 0.024291739 -0.05959878 0.9979266 8.611084
0.89764893 0.4407443 0.0022978047 202.9607 -0.4398813 0.89553916 0.06745164 128.71436 0.027664438 -0.0615603 0.99772054 8.654175
0.88449246 0.46650073 0.0032256297 204.31958 -0.46555448 0.88221276 0.0701381 128.00952 0.029879568 -0.06354053 0.99753165 8.703613
0.87109023 0.49122822 0.0039341496 205.64429 -0.49013737 0.8685635 0.07401578 127.31494 0.03294234 -0.06639578 0.9972477 8.759888
0.85668284 0.5157752 0.0041612815 206.94775 -0.51447123 0.8538847 0.07839722 126.57349 0.036889866 -0.06930195 0.99691296 8.816528
0.8424834 0.5387537 0.004804463 208.22461 -0.5372995 0.8394836 0.08145254 125.81177 0.039839655 -0.071203046 0.9966664 8.885742
0.8269005 0.56233615 0.005311166 209.4961 -0.56075656 0.82379055 0.08329004 124.9978 0.042456575 -0.07185509 0.99651194 8.962402
0.810865 0.5851082 0.0047864714 210.73975 -0.5833424 0.8077251 0.08464891 124.12695 0.045684114 -0.07143109 0.9963977 9.033081
0.79391885 0.6079615 0.002397981 211.97754 -0.6058616 0.7908362 0.086249106 123.23755 0.050548732 -0.06992964 0.9962703 9.1171875
0.778014 0.6282871 -0.0001513171 213.18018 -0.6257889 0.7749429 0.088899 122.32056 0.055963125 -0.06906625 0.99604106 9.212402
0.76121175 0.6486192 -0.0021048603 214.354 -0.6458389 0.7582408 0.09009548 121.35571 0.060022097 -0.06722347 0.99593097 9.305054
0.7445219 0.66754085 -0.0030943025 215.52686 -0.66453165 0.74158776 0.0915416 120.36279 0.063407525 -0.066111565 0.9957969 9.410645
0.728937 0.68455285 -0.0030003183 216.656 -0.6814597 0.7260451 0.09186384 119.34839 0.065079145 -0.06491884 0.99576545 9.5164795
0.7124982 0.7016177 -0.0038243155 217.76929 -0.6984266 0.7097578 0.09155198 118.29956 0.06694464 -0.06255627 0.99579364 9.627686
0.6980157 0.71607965 -0.005385448 218.87134 -0.71269894 0.69541246 0.092108846 117.20752 0.06971215 -0.060454573 0.995733 9.744507
0.681572 0.731741 -0.0077870777 219.93237 -0.72807336 0.67914885 0.09333292 116.12549 0.0735846 -0.05794314 0.99560404 9.862671
0.6676544 0.744425 -0.0103154695 220.9729 -0.74040926 0.6653769 0.09542605 115.0105 0.07789038 -0.05606509 0.9953833 9.994019
0.65251935 0.75767845 -0.010683985 222.00708 -0.753426 0.65023386 0.09758312 113.84424 0.080864176 -0.05562727 0.99517226 10.122681
0.6363127 0.77147603 -0.009989253 223.01025 -0.76717615 0.63403517 0.0980271 112.68359 0.08194363 -0.05471444 0.99513406 10.26123
0.61960787 0.7848519 -0.0070850463 223.98975 -0.7805891 0.6171374 0.09889206 111.50415 0.0819822 -0.05573281 0.9950732 10.398682
0.6027984 0.7979525 -0.002960375 224.96143 -0.79379004 0.600026 0.09983343 110.28589 0.08143366 -0.0578143 0.99499875 10.542969
0.5849913 0.8110785 0.0018694345 225.8872 -0.80709386 0.5818845 0.10035961 109.06348 0.08032801 -0.060218073 0.9949474 10.6779785
0.567416 0.8234072 0.006331149 226.77515 -0.81949776 0.5639368 0.101976 107.84595 0.08040164 -0.06305839 0.9947666 10.827881
0.54844713 0.83609384 0.008594463 227.63013 -0.831997 0.5446812 0.10500589 106.613525 0.0831108 -0.06474012 0.9944352 10.971069
0.5323977 0.8465915 0.011625886 228.43921 -0.84235895 0.5282534 0.10806449 105.37402 0.085315086 -0.06731077 0.9940764 11.114136
0.5108391 0.85965836 0.01410499 229.23682 -0.85547817 0.5065807 0.108168334 104.095215 0.08582741 -0.067316025 0.9940327 11.273315
0.4908522 0.87101007 0.017837102 229.99121 -0.86713004 0.48648727 0.106435634 102.84155 0.0840292 -0.067705415 0.9941598 11.415649
0.4702084 0.88230795 0.021919502 230.68945 -0.8787758 0.4657355 0.10433556 101.59448 0.081838675 -0.06830664 0.9943006 11.553101
0.44686025 0.89432544 0.02597235 231.37183 -0.89110005 0.44227338 0.10251324 100.298584 0.08017535 -0.068927586 0.9943925 11.705933
0.42579967 0.9045059 0.027264232 232.01953 -0.9013795 0.4212804 0.10107459 99.00513 0.07993123 -0.06760897 0.9945047 11.836792
0.4048914 0.9139832 0.02866795 232.61816 -0.91084325 0.40032762 0.10110241 97.73535 0.080946684 -0.067036115 0.9944604 11.973999
0.38252428 0.92345446 0.02914158 233.18164 -0.92032635 0.37806857 0.10002949 96.44336 0.081384726 -0.06510574 0.9945559 12.105469
0.35970226 0.9325327 0.02848381 233.7168 -0.92926013 0.3553855 0.09994443 95.15381 0.083114885 -0.062423486 0.99458295 12.243774
0.3415184 0.93948716 0.027503487 234.20264 -0.9361674 0.3374159 0.09882479 93.876465 0.083590925 -0.05950507 0.9947225 12.378418
0.31803477 0.94759774 0.027734732 234.6482 -0.94435877 0.31411582 0.09683997 92.58618 0.083031386 -0.05699093 0.9949158 12.514038
0.2987648 0.9540575 0.027635556 235.07666 -0.9508047 0.2949665 0.095982686 91.3064 0.08340497 -0.054932628 0.9949991 12.645264
0.27799493 0.9601386 0.029196842 235.47949 -0.9565234 0.27390167 0.10020756 90.03589 0.08820684 -0.055783816 0.9945387 12.785645
0.25746864 0.9657188 0.031010717 235.85107 -0.9613353 0.25281224 0.108566195 88.77197 0.097025104 -0.057781994 0.99360484 12.917358
0.23965707 0.97032154 0.033675015 236.19116 -0.96516955 0.23432921 0.11674275 87.5249 0.105415255 -0.060492102 0.99258846 13.066284
0.21880925 0.975143 0.038280223 236.50366 -0.96974504 0.21286646 0.120505996 86.27417 0.10936509 -0.06346186 0.9919716 13.22229
0.19774282 0.9793279 0.041734375 236.80444 -0.9739827 0.191514 0.120853096 85.01538 0.11036904 -0.06453556 0.991792 13.376343
0.17956649 0.9825072 0.047360066 237.05688 -0.97737783 0.17278923 0.12119654 83.78345 0.11088238 -0.068065144 0.9915005 13.532959
0.15932482 0.98583585 0.052179106 237.29004 -0.9809716 0.1521647 0.12049653 82.538574 0.110821 -0.07036603 0.9913438 13.689209
0.141334 0.9885062 0.053375497 237.48755 -0.98378587 0.13424577 0.118814684 81.30615 0.11025672 -0.06931624 0.99148387 13.845703
