7.776346058279912654e-01 -6.283544926510425954e-01 2.133193343317169380e-02 -6.595377020861796780e+01 6.273926790927040198e-01 7.777510762062590510e-01 3.849272244058237619e-02 2.570924598928698401e+01 -4.077800926511902790e-02 -1.654977417546372315e-02 9.990311601422230403e-01 -8.891419072562135595e-01 -4.809208017785018303e-24 -1.416202385148814181e-23 -3.430527606006730092e-24 9.999999999999997780e-01
7.495522178015535664e-01 -6.613665178248387955e-01 2.767312575445630973e-02 -6.555665367514691866e+01 6.606202451185197999e-01 7.500416937428513453e-01 3.191158703203748198e-02 2.609074233378233387e+01 -4.186125330567404962e-02 -5.637973714326408037e-03 9.991075261072133173e-01 -8.970881028099902954e-01 -4.809208017785018303e-24 -1.416202385148814181e-23 -3.430527606006730092e-24 9.999999999999997780e-01
7.210570926083065268e-01 -6.927818849478228902e-01 1.139864410360954747e-02 -6.520483619601056091e+01 6.924350012052454817e-01 7.210876291992669440e-01 2.379916220526331547e-02 2.648315908935571628e+01 -2.470704970549900126e-02 -9.267734562619575622e-03 9.996517747650569552e-01 -9.047263418459664530e-01 -1.344071957798217443e-20 -1.089447867496196262e-18 -1.052240472115698098e-19 9.999999999999996669e-01
6.909405103826955497e-01 -7.227700209010312626e-01 -1.430762030620185213e-02 -6.486964927143120008e+01 7.229069284780197391e-01 6.908719969718319920e-01 1.007256464996230359e-02 2.689715366551138231e+01 2.604586450280588304e-03 -1.730262080949383774e-02 9.998469060023877919e-01 -9.130606580524949223e-01 -7.714460794295499856e-19 -2.041614232848646633e-18 -1.720979280402983843e-19 9.999999999999996669e-01
6.562597095659126190e-01 -7.539892017617686459e-01 -2.869629291597151216e-02 -6.453236180199529315e+01 7.540354824170844017e-01 6.567344730877175962e-01 -1.141591495371233923e-02 2.731993966051737743e+01 2.745332141107168639e-02 -1.414621804052434463e-02 9.995229860581756887e-01 -9.335959416057649785e-01 -2.939394142992727709e-18 -5.070057459642298671e-18 -2.690689051033279761e-19 9.999999999999995559e-01
6.188980661553239448e-01 -7.849707718835101655e-01 -2.803695771320172808e-02 -6.419229227284358785e+01 7.842502301569963530e-01 6.195317029452658275e-01 -3.364588450959311167e-02 2.776768789733814913e+01 4.378082009166362615e-02 -1.164617682408305814e-03 9.990404813908985160e-01 -9.435238512147388068e-01 -5.428193949570992711e-18 -7.373190027830225855e-18 -2.829174470229292373e-19 9.999999999999992228e-01
5.860712954482030224e-01 -8.099749215400474656e-01 -2.147238058215469522e-02 -6.386754270347660878e+01 8.090365729554217511e-01 5.864366620074806802e-01 -3.939371871332722486e-02 2.825556099874472338e+01 4.450011541795172859e-02 5.715586559460384200e-03 9.989930289036430544e-01 -9.514337674791802923e-01 -7.249221628659119318e-18 -8.226063336389884442e-18 -3.288563567805732121e-19 9.999999999999987788e-01
5.573755372331166136e-01 -8.301204136813585821e-01 -1.525153381108522617e-02 -6.356587096112667723e+01 8.297869438511420448e-01 5.575839728282281360e-01 -2.353170328013546100e-02 2.876666179186770478e+01 2.803815807564305831e-02 4.604721276327292199e-04 9.996067475048131534e-01 -9.207534226479251460e-01 -8.806539353822519722e-18 -8.450380032245732451e-18 -4.043375396205892573e-19 9.999999999999982236e-01
5.286383500127406210e-01 -8.488093150741278237e-01 -8.015081983575695138e-03 -6.328165253221991549e+01 8.487676170940662290e-01 5.286945094423618485e-01 -8.697577706023728802e-03 2.928127175170687835e+01 1.162011481290227757e-02 -2.205068908393253979e-03 9.999300528551245959e-01 -8.814572696597320345e-01 -1.206636334491705896e-17 -8.964187842757853479e-18 -4.562053969381542725e-19 9.999999999999977796e-01
4.988076317031032714e-01 -8.666890584176044632e-01 -6.404886724518141054e-03 -6.301155680679167403e+01 8.666732355406147059e-01 4.988418273901146782e-01 -5.859525888952409056e-03 2.980091829741488851e+01 8.273412373356693605e-03 -2.628167669237948308e-03 9.999623209813517377e-01 -8.735986552254875193e-01 -1.579746006029532025e-17 -1.120131983578570821e-17 -5.871773845930045843e-19 9.999999999999972244e-01
4.713667597004395082e-01 -8.819264899333861818e-01 -4.363966463229012813e-03 -6.274985511194626753e+01 8.818034016362652494e-01 4.713756490836676361e-01 -1.509166371384950030e-02 3.032298551864496972e+01 1.536680553059607303e-02 3.265548151383790114e-03 9.998765911266587203e-01 -8.693279785627486822e-01 -1.936331687757623722e-17 -1.442898752051817196e-17 -7.396233824082557840e-19 9.999999999999968914e-01
4.458972703963597350e-01 -8.950676666811095972e-01 -5.431051014083108919e-03 -6.250297784587490213e+01 8.948140877658982140e-01 4.459035710070413661e-01 -2.185757760688547546e-02 3.085856620234195447e+01 2.198573602939920754e-02 4.886453233609611493e-03 9.997463428220459969e-01 -8.631409865800149239e-01 -2.396226723590462582e-17 -1.720683152375567027e-17 -8.310336992630953146e-19 9.999999999999966693e-01
4.228078984448604971e-01 -9.062003090192211063e-01 -5.872047863956194810e-03 -6.226134975305344454e+01 9.059559105896097808e-01 4.228323462099595753e-01 -2.137042503834557863e-02 3.141710441415378696e+01 2.184877754899674715e-02 3.715768029719592174e-03 9.997543818296478202e-01 -8.574029125918077865e-01 -2.889659088660396020e-17 -2.219869697373353755e-17 -8.585849345833248303e-19 9.999999999999961142e-01
4.031799026631412985e-01 -9.151064731432138055e-01 -5.109686872559836453e-03 -6.203049118827832586e+01 9.149972070000592650e-01 4.032109350690947780e-01 -1.417931672483709396e-02 3.199251536468762325e+01 1.503586614144377526e-02 1.041466319912075569e-03 9.998864125876003595e-01 -8.502693856345888701e-01 -3.292695261562003935e-17 -3.012191266789905118e-17 -9.110819144432814747e-19 9.999999999999954481e-01
3.859304918457481803e-01 -9.225248702899535580e-01 -2.349289298938813005e-03 -6.180334440281719566e+01 9.225101426420949657e-01 3.859376112773792999e-01 -5.215067013687819421e-03 3.257642300718185169e+01 5.717708120590402412e-03 -1.545898286709442894e-04 9.999836418241330183e-01 -8.447723375197689899e-01 -3.664173973249568028e-17 -3.809803912822651714e-17 -1.014193346284236543e-18 9.999999999999948930e-01
3.696392828112589068e-01 -9.291744360682369086e-01 1.291495280065999614e-03 -6.157830262734781002e+01 9.291736882323611280e-01 3.696408869380790607e-01 1.368137524529126035e-03 3.316253354522840624e+01 -1.748627873615182359e-03 6.943060593590778774e-04 9.999982301182752664e-01 -8.420851467997987339e-01 -4.011271897905176392e-17 -4.638960218230822100e-17 -1.149044906308297991e-18 9.999999999999942268e-01
3.555264735173555013e-01 -9.346647433543426864e-01 1.656550234561022204e-03 -6.136429345234355992e+01 9.346593520347769024e-01 3.555300960690436218e-01 3.201006568543248235e-03 3.375981196538678830e+01 -3.580821446896677741e-03 4.102675918274444403e-04 9.999935046780554782e-01 -8.435748293215036275e-01 -4.345319374073139010e-17 -5.463946872900951660e-17 -1.297547966133504052e-18 9.999999999999938938e-01
3.426266898789263049e-01 -9.394716157253621969e-01 1.860886689661633592e-04 -6.116005076341593139e+01 9.394693080919900297e-01 3.426262756167365864e-01 2.157408200988830595e-03 3.436062157464809985e+01 -2.090582635941357417e-03 -5.643610375453699023e-04 9.999976554777003646e-01 -8.488942184626039333e-01 -4.626452814897545831e-17 -6.241863262220240466e-17 -1.452950310497507196e-18 9.999999999999935607e-01
3.303640043636527635e-01 -9.438429315386553942e-01 -4.488341044796768584e-03 -6.096341085567937768e+01 9.438535198776013546e-01 3.303582394785179455e-01 1.991638345794662437e-03 3.497185212004352906e+01 -3.970333291182414270e-04 -4.894302112703696750e-03 9.999879440130292618e-01 -8.522745837505855127e-01 -4.930952264083068437e-17 -6.752655793325050814e-17 -1.610503329905775068e-18 9.999999999999934497e-01
3.199292556355999295e-01 -9.474119894728355584e-01 -7.469510799177537901e-03 -6.076745410627926702e+01 9.474414109250223204e-01 3.199210553970894266e-01 2.300256072367231654e-03 3.559943034655397298e+01 2.103635963576368890e-04 -7.812843063496333063e-03 9.999694571488003669e-01 -8.568131911855818572e-01 -5.216651231806013275e-17 -7.362047636901884842e-17 -1.791240869405671584e-18 9.999999999999934497e-01
3.118557260945218346e-01 -9.500821554644792721e-01 -9.481770405950967762e-03 -6.057203528009440419e+01 9.501293675007856931e-01 3.118447556016695765e-01 2.652058874615908883e-03 3.623056513387672339e+01 4.371665629044167722e-04 -9.835968264582722539e-03 9.999515301322070560e-01 -8.603406775540286544e-01 -5.460516431761508684e-17 -7.884588176840852654e-17 -1.993702972327538397e-18 9.999999999999934497e-01
3.057682376471254071e-01 -9.520404355104229444e-01 -1.117112345726935067e-02 -6.037451623785499066e+01 9.521044108007672424e-01 3.057679465222618576e-01 1.775897875696339249e-03 3.686966337048639275e+01 1.725044892879236923e-03 -1.117908908095906033e-02 9.999360240472832118e-01 -8.598031983566938319e-01 -5.693462442032063912e-17 -8.405246276817998773e-17 -2.225227079568849081e-18 9.999999999999932276e-01
3.012774677695965742e-01 -9.534509174800774867e-01 -1.277635983914878620e-02 -6.017963705620527293e+01 9.535340524777565774e-01 3.012801016248278785e-01 1.763839636166336525e-03 3.751714060244068349e+01 2.167528471346919124e-03 -1.271409931247343382e-02 9.999168232903443698e-01 -8.607260796887971077e-01 -5.859454853310389068e-17 -9.017257448406774739e-17 -2.421676446609095733e-18 9.999999999999930056e-01
2.979254956823817468e-01 -9.545021286495397606e-01 -1.288741346837596335e-02 -5.997753973770051772e+01 9.545858901438522004e-01 2.979324850308497363e-01 1.418697146592714326e-03 3.817557419506735528e+01 2.485429673924800884e-03 -1.272480910798325093e-02 9.999159474038605833e-01 -8.660749267134607576e-01 -5.907960260955267674e-17 -9.977557161544849169e-17 -2.638237844885792065e-18 9.999999999999930056e-01
2.957392696612071714e-01 -9.551941655956712740e-01 -1.193274453944812886e-02 -5.977634895060650422e+01 9.552601113635100782e-01 2.957664995731355551e-01 -5.453145981087531482e-04 3.883212521454025534e+01 4.050187405263877376e-03 -1.123760393664508840e-02 9.999286535747474725e-01 -8.701322644073127277e-01 -5.931836783655384174e-17 -1.124975997637099707e-16 -2.848106972796742913e-18 9.999999999999927836e-01
2.948571280333449618e-01 -9.554770261630258776e-01 -1.108722339385042992e-02 -5.957029761909460319e+01 9.555283854667316890e-01 2.948937234358880999e-01 -1.787860576787763875e-03 3.950157301052806247e+01 4.977812296284467308e-03 -1.006699323383883002e-02 9.999369365275178057e-01 -8.696457938206012539e-01 -6.066330107786626682e-17 -1.231225211719076579e-16 -3.012673925834257212e-18 9.999999999999924505e-01
2.945532037689082561e-01 -9.555745403977313757e-01 -1.075676034555937861e-02 -5.936410335639431679e+01 9.556245567862442503e-01 2.945841284407904048e-01 -1.377584065727540871e-03 4.018164234352233422e+01 4.485155131713065152e-03 -9.873652537659375478e-03 9.999411954555511572e-01 -8.686856492929726503e-01 -6.183288628485233963e-17 -1.333475648715031690e-16 -3.186077439982401283e-18 9.999999999999923395e-01
2.935184075500966716e-01 -9.558752691423377801e-01 -1.222351305118637987e-02 -5.915527067377542636e+01 9.559488599977304935e-01 2.935325127872921436e-01 6.640826776068156851e-04 4.086977344414805202e+01 2.953218292816039720e-03 -1.187997385646083828e-02 9.999250695541911371e-01 -8.695879518799638497e-01 -6.246120150091015457e-17 -1.393060677971656855e-16 -3.356372034412053161e-18 9.999999999999923395e-01
2.930234977551511300e-01 -9.560468529833283657e-01 -1.056620385963016016e-02 -5.894765883623603742e+01 9.561049462572664970e-01 2.929968522343694981e-01 4.021980000706825743e-03 4.156892911356685971e+01 -7.493368514960150511e-04 -1.128093442106224177e-02 9.999360874640651486e-01 -8.709030871069118884e-01 -6.353438740257347710e-17 -1.462065352077026351e-16 -3.540324258411907768e-18 9.999999999999921174e-01
2.924176595955835234e-01 -9.562682420862077537e-01 -6.554504861928323912e-03 -5.873066637346121865e+01 9.562866684202244727e-01 2.923896418893775495e-01 4.909696277371152807e-03 4.227029148859391228e+01 -2.778517298994083277e-03 -7.703667512310339964e-03 9.999664661120156728e-01 -8.753024204091859328e-01 -6.453923814397979483e-17 -1.544235261041874767e-16 -3.753171134742083035e-18 9.999999999999917843e-01
2.919146584228212715e-01 -9.564424172030957516e-01 -1.932555969188322776e-03 -5.850967350019016777e+01 9.564436581943356330e-01 2.919113809097295675e-01 1.809528999301285085e-03 4.297230561038431063e+01 -1.166575208436291654e-03 -2.376608940571661027e-03 9.999964954100106773e-01 -8.810677863971111412e-01 -6.577010480516062566e-17 -1.630263307606319157e-16 -3.948289529428188498e-18 9.999999999999913403e-01
2.915857393095794836e-01 -9.565446589661380505e-01 2.683926702893329368e-04 -5.828680101143170589e+01 9.565402953024181310e-01 2.915835349933781906e-01 -3.115378551033975204e-03 4.368144929218695438e+01 2.901739830083315853e-03 1.165128362129405539e-03 9.999951111790189584e-01 -8.810099713233708885e-01 -6.602473368409900038e-17 -1.724714802992240624e-16 -4.106158482735295293e-18 9.999999999999908962e-01
2.912513938085303788e-01 -9.566405234705799288e-01 -3.396241820895847321e-03 -5.807095720064361188e+01 9.566261108495784926e-01 2.912665430856407611e-01 -5.503173606213966271e-03 4.440788312001799909e+01 6.253770494056515826e-03 -1.646126621446411401e-03 9.999790900923062331e-01 -8.817867261573221205e-01 -6.563609192552293562e-17 -1.792730793526561952e-16 -4.232000138847422849e-18 9.999999999999906741e-01
2.909771740905805482e-01 -9.566811433687373301e-01 -9.668199466601965983e-03 -5.785282569283212695e+01 9.566820741346088175e-01 2.910488853466031145e-01 -7.067911147886467467e-03 4.514638378119422413e+01 9.575655996254994057e-03 -7.192792306318362971e-03 9.999282827038973309e-01 -8.827493062581579508e-01 -6.450433928168439425e-17 -1.860954731412387838e-16 -4.384560429299089960e-18 9.999999999999904521e-01
2.903239676449005380e-01 -9.568896154042197955e-01 -8.617293221476810677e-03 -5.762637998288599306e+01 9.568773943082740097e-01 2.903897074716106919e-01 -7.711683107724498151e-03 4.588332322204919933e+01 9.881602740854667291e-03 -6.006806646699947017e-03 9.999331338650949697e-01 -8.822233774342599366e-01 -6.344800073612799745e-17 -1.961533572206168042e-16 -4.597266713447939526e-18 9.999999999999902300e-01
2.897048082491267551e-01 -9.571078902540282041e-01 -3.951011363612103033e-03 -5.739028149419969083e+01 9.570796360602565889e-01 2.897273256647601714e-01 -7.526420258568526644e-03 4.662612261665124436e+01 8.348312170897365797e-03 -1.600992380142444082e-03 9.999638706010276490e-01 -8.838436242526100939e-01 -6.295237932538953154e-17 -2.058400770619887974e-16 -4.792904054695040414e-18 9.999999999999902300e-01
2.901422735035928402e-01 -9.569747069723870680e-01 -4.107473828766560961e-03 -5.716049082778855706e+01 9.569713942919766403e-01 2.901575323184827915e-01 -3.789056045620695871e-03 4.738779660866016030e+01 4.817845269180682372e-03 -2.831369621420752342e-03 9.999843857346607523e-01 -8.802204680556688920e-01 -6.252732594908872727e-17 -2.154725584032985524e-16 -4.935856829750739070e-18 9.999999999999900080e-01
2.912566895550153800e-01 -9.566281576289451527e-01 -5.666464583479306934e-03 -5.693240940570497344e+01 9.566448666649517429e-01 2.912492421917575181e-01 2.116130034807492313e-03 4.815891685389244969e+01 -3.739960606531706117e-04 -6.037131284526737508e-03 9.999817064191237614e-01 -8.789973822191392561e-01 -6.321075026624781174e-17 -2.257669314449857858e-16 -5.092980703679993100e-18 9.999999999999896749e-01
2.911294562035831590e-01 -9.566516905861911502e-01 -7.821932571870382836e-03 -5.669666735422730852e+01 9.566712219403054052e-01 2.910742335523069380e-01 7.480887192209770102e-03 4.894560830203401025e+01 -4.879840351253865276e-03 -9.660924411650178775e-03 9.999414251333756942e-01 -8.866263112751852082e-01 -6.356177720654665647e-17 -2.342473190379202278e-16 -5.289743283341249813e-18 9.999999999999893419e-01
2.909022945827488549e-01 -9.567462825851472674e-01 -3.522181988811855409e-03 -5.645321262205120405e+01 9.567211118733890407e-01 2.908607530039646893e-01 9.205240774535104406e-03 4.972439677856051077e+01 -7.782615385851681875e-03 -6.047571532051094871e-03 9.999514277085830294e-01 -9.012759234722277357e-01 -6.314796115828557460e-17 -2.419014562015349304e-16 -5.517981086084186919e-18 9.999999999999890088e-01
2.902572510166711028e-01 -9.569454164786191930e-01 2.489600926729455127e-03 -5.620538851747748765e+01 9.569140320573414904e-01 2.902678975281037799e-01 7.751317073977908624e-03 5.050707859313399695e+01 -8.140238572298319139e-03 1.324580753633645947e-04 9.999668589363163163e-01 -9.123039326176695107e-01 -6.319006452041972667e-17 -2.494322628714323757e-16 -5.730933014996314505e-18 9.999999999999884537e-01
2.894667870152052291e-01 -9.571869479570569439e-01 1.458038309836774118e-03 -5.596725514133338208e+01 9.571681198543279256e-01 2.894702532941152429e-01 6.013550729741859273e-03 5.130116971414146576e+01 -6.178150988244756302e-03 -3.451354205843811733e-04 9.999808554827596119e-01 -9.145619286104208490e-01 -6.320353142223851123e-17 -2.583494678260712617e-16 -5.884307137248918438e-18 9.999999999999877875e-01
2.900994483686991643e-01 -9.569748074822329587e-01 -6.444214496891256631e-03 -5.573691843847783645e+01 9.569910612492104063e-01 2.900685090109403896e-01 5.326234062588652146e-03 5.210687289569906255e+01 -3.227808125788912252e-03 -7.712193233731168100e-03 9.999650510544646487e-01 -9.259347536076787399e-01 -6.203326354822298659e-17 -2.705221166210752586e-16 -6.040944513465330062e-18 9.999999999999868994e-01
2.893748270063645212e-01 -9.571760830572139112e-01 -8.726712911902917078e-03 -5.549462901912587398e+01 9.572150496954862087e-01 2.893744436278927190e-01 1.334170726329836961e-03 5.290677504280537846e+01 1.248251383626011301e-03 -8.739416356767613567e-03 9.999610314759076468e-01 -9.357365828616494019e-01 -6.056123716596830395e-17 -2.825216309573785610e-16 -6.292293757647223384e-18 9.999999999999861222e-01
2.884732946821811916e-01 -9.574561691196844526e-01 -7.800158320439203562e-03 -5.524492700113210475e+01 9.574720287061148083e-01 2.885058949283012542e-01 -3.415089608110126983e-03 5.371411695919022122e+01 5.520190270203655797e-03 -6.483271260406681981e-03 9.999637466894913951e-01 -9.382868373890246305e-01 -5.934476424626562761e-17 -2.945264627075771326e-16 -6.581870829677047258e-18 9.999999999999855671e-01
2.886130476956989543e-01 -9.573966975941693436e-01 -9.699079107561507651e-03 -5.500292849544361928e+01 9.574204037586286908e-01 2.886643957528021165e-01 -4.363151538930829659e-03 5.452447876231887847e+01 6.977045684419182214e-03 -8.026833772032114164e-03 9.999434437873274684e-01 -9.354670177602540937e-01 -5.749402438822094006e-17 -3.096196458250685903e-16 -6.854471520350728616e-18 9.999999999999850120e-01
2.889600605515770804e-01 -9.572164188853423683e-01 -1.545350517853164192e-02 -5.476495523559406564e+01 9.573269647106031899e-01 2.890060126440240906e-01 -7.792904510917162547e-04 5.535308103118200052e+01 5.212105527887530426e-03 -1.456887339076028305e-02 9.998802837761341378e-01 -9.324551775411806798e-01 -5.528958244318672654e-17 -3.249493300215324585e-16 -7.140282886537274221e-18 9.999999999999846789e-01
2.890243244430109049e-01 -9.572418067806716113e-01 -1.237187259421395312e-02 -5.451761874866445368e+01 9.573217152716599898e-01 2.889965200929314748e-01 4.018064649631804958e-03 5.618026674895901351e+01 -2.708313382133732922e-04 -1.300518071393511922e-02 9.999153923833467017e-01 -9.330929855102728654e-01 -5.231274373545153634e-17 -3.376585385025122608e-16 -7.510912007570729837e-18 9.999999999999845679e-01
2.881149593843874146e-01 -9.575771885322578170e-01 -5.974795522807445532e-03 -5.426228089862450332e+01 9.575799217868742330e-01 2.880686030649577400e-01 7.561304046135134370e-03 5.700832528279574518e+01 -5.519381270280915991e-03 -7.899869037559582516e-03 9.999535631716838235e-01 -9.370591520338341640e-01 -4.906910348695421061e-17 -3.515934735716097811e-16 -7.815526406822130228e-18 9.999999999999846789e-01
2.876437856696273387e-01 -9.576948077980952378e-01 -9.039230175417032123e-03 -5.401315179626701024e+01 9.577050070515209512e-01 2.875435233558918391e-01 1.094722086018211013e-02 5.784955803082500125e+01 -7.884924484550449864e-03 -1.180581604966347148e-02 9.998992202584440214e-01 -9.486812418448268280e-01 -4.561464068212401231e-17 -3.652478005863417929e-16 -8.015187428577129385e-18 9.999999999999847899e-01
2.881332352230760452e-01 -9.575378238267997499e-01 -1.002769668811441701e-02 -5.377025447245626566e+01 9.575624735439197677e-01 2.880291823143245611e-01 1.064421889256658357e-02 5.867864466409914570e+01 -7.303972917150298137e-03 -1.266909927054737581e-02 9.998930672344290560e-01 -9.626257730969131066e-01 -4.267402951589853301e-17 -3.820093587880788939e-16 -8.311792921543428344e-18 9.999999999999846789e-01
2.863839539010545887e-01 -9.580971877141210014e-01 -5.831795798755884212e-03 -5.351277057797329206e+01 9.581114146053963943e-01 2.863610933546859583e-01 4.454370393408983372e-03 5.950685971328789492e+01 -2.597720325809116208e-03 -6.863170327830714866e-03 9.999730740086663072e-01 -9.612984904099752814e-01 -3.949442849294773209e-17 -3.990350916295399812e-16 -8.621396279119644872e-18 9.999999999999843459e-01
2.859415829521814723e-01 -9.582335462704099083e-01 -5.087429683153291832e-03 -5.325997720478228104e+01 9.582447755837179004e-01 2.859484443898617223e-01 -6.612243044260764395e-04 6.034517407857036631e+01 2.088349913950608965e-03 -4.685931390727455549e-03 9.999868403343246115e-01 -9.651535423598726071e-01 -3.559456226328173871e-17 -4.192699291657711320e-16 -8.836874725104385634e-18 9.999999999999840128e-01
2.857989404372958120e-01 -9.582601780826036642e-01 -7.509776691772087655e-03 -5.301281815718249391e+01 9.582827561106511682e-01 2.858177487657861393e-01 -1.540724339309248059e-03 6.119431404125100471e+01 3.622842247538180308e-03 -6.756152122275999733e-03 9.999706142796115360e-01 -9.733162601441158746e-01 -3.213176880243819108e-17 -4.410008015512693529e-16 -9.039849724745145265e-18 9.999999999999837907e-01
2.852097758368649094e-01 -9.584462276571049655e-01 -6.017678696407402494e-03 -5.276017975756325740e+01 9.584649288623487973e-01 2.852080495462077092e-01 1.161298842814892374e-03 6.203908802745829831e+01 6.032479087189653163e-04 -6.098947766296961177e-03 9.999812192877945982e-01 -9.753903903302439948e-01 -2.806995206057541907e-17 -4.609121999267634626e-16 -9.277045225762677667e-18 9.999999999999836797e-01
2.844944620342514385e-01 -9.586762562348360994e-01 -1.654328668000170635e-03 -5.250542337257176229e+01 9.586710711678146923e-01 2.844856668900407892e-01 4.205073144361057107e-03 6.289097986470232371e+01 -3.560670984859025650e-03 -2.782277058224821766e-03 9.999897902262374627e-01 -9.782847314765593660e-01 -2.464197628777443184e-17 -4.811700108813150930e-16 -9.494133637299548065e-18 9.999999999999835687e-01
2.836751844212738183e-01 -9.589202532124861955e-01 5.811388782386785364e-04 -5.225437437023314402e+01 9.588989036778328146e-01 2.836728251114284394e-01 6.528462209512379301e-03 6.374369240024976335e+01 -6.425127942406571278e-03 -1.294709288032903959e-03 9.999785204988126397e-01 -9.798546137951672508e-01 -2.113660225841216899e-17 -5.043964889632119578e-16 -9.632087867361788136e-18 9.999999999999834577e-01
2.834580701051876428e-01 -9.589725238074078284e-01 -4.818825025638674882e-03 -5.201225537604783256e+01 9.589783539876093332e-01 2.834344552387888516e-01 5.042436591549326851e-03 6.459495214130753027e+01 -3.469737098305170509e-03 -6.050468236098295247e-03 9.999756760835776248e-01 -9.810467695809571564e-01 -1.864799329945161505e-17 -5.274085389213959981e-16 -9.722795897821674996e-18 9.999999999999835687e-01
2.836139477592335423e-01 -9.589311046542168260e-01 -3.776925071675345334e-03 -5.175707276717501770e+01 9.589380687731388075e-01 2.836155234781442824e-01 1.228818029767647830e-04 6.544499318371083518e+01 9.533593982689347358e-04 -3.656688227371700413e-03 9.999928598431520044e-01 -9.883164442318971288e-01 -1.612990387983543790e-17 -5.518966737447769144e-16 -9.940285718468124721e-18 9.999999999999835687e-01
2.831606884303708993e-01 -9.590693954265494536e-01 -2.432957812699489217e-03 -5.150600044580572501e+01 9.590630309206371606e-01 2.831682486758078654e-01 -3.720976118834502539e-03 6.629474171405823313e+01 4.257610719609604757e-03 -1.279725734495775836e-03 9.999901174777828805e-01 -9.969042235874864266e-01 -1.255122807771610512e-17 -5.774452377831813585e-16 -1.013085802305668580e-17 9.999999999999833467e-01
2.836222192359048044e-01 -9.589257280851655185e-01 -4.459234458836532425e-03 -5.126012927287173682e+01 9.589341773183543971e-01 2.836278881214373548e-01 -6.816528646506015907e-04 6.715445214771135340e+01 1.918417721732528078e-03 -4.082780429020956177e-03 9.999898252370589269e-01 -9.999826393575433903e-01 -9.225255317357341778e-18 -6.018736077359569717e-16 -1.026260730051496491e-17 9.999999999999833467e-01
2.839485511767375625e-01 -9.588286726718073805e-01 -4.560345049556096576e-03 -5.101133509262074028e+01 9.588309613006512633e-01 2.839227133931040981e-01 5.574986175115824276e-03 6.801742293988060339e+01 -4.050671053973248226e-03 -5.955609274970235546e-03 9.999740610547918074e-01 -9.926856909957958441e-01 -6.472284662429233422e-18 -6.262932202406127116e-16 -1.045539195600495913e-17 9.999999999999833467e-01
2.831854565141090907e-01 -9.590589785999448225e-01 -3.445690880133026740e-03 -5.075663994496910192e+01 9.590327027885995337e-01 2.831444811576572795e-01 9.245418976128740376e-03 6.887880790732489800e+01 -7.891273723491751615e-03 -5.922698431154222246e-03 9.999513235365791175e-01 -9.872789815096268962e-01 -4.465238854142936774e-18 -6.483629178563877494e-16 -1.067428335011367456e-17 9.999999999999832356e-01
2.833032124358724757e-01 -9.590224881569486826e-01 -3.893203395822940859e-03 -5.050785609706327506e+01 9.589877626967595603e-01 2.832500106814292984e-01 1.057839529068377304e-02 6.972443845222571213e+01 -9.042169068929802045e-03 -6.730427782537406166e-03 9.999364682421785222e-01 -9.936478229667127238e-01 -2.281042441086326555e-18 -6.721600491857318091e-16 -1.089047600423208017e-17 9.999999999999832356e-01
2.836595669745872739e-01 -9.589133478536084887e-01 -4.737232512923868384e-03 -5.025434512379177221e+01 9.588698991212463163e-01 2.835868096682370165e-01 1.212592023303552154e-02 7.059065914724963875e+01 -1.028429011147166672e-02 -7.982022944238401085e-03 9.999152567527287427e-01 -1.011862021164022352e+00 8.393748015081666129e-19 -6.964445125353581347e-16 -1.111259720334017851e-17 9.999999999999833467e-01
2.836642736755834449e-01 -9.588963415255655764e-01 -7.237820728258119451e-03 -5.000934942484973078e+01 9.588739064998401673e-01 2.835645921936464364e-01 1.232694154632282477e-02 7.144405394261873710e+01 -9.767869467791952948e-03 -1.043687035661448187e-02 9.998978250118759625e-01 -1.023362568842685949e+00 4.642691824211060958e-18 -7.203063940029058700e-16 -1.136016981833564712e-17 9.999999999999836797e-01
2.838771337854793519e-01 -9.588118154946988492e-01 -9.678604310683970244e-03 -4.976415066295244571e+01 9.588421253874352956e-01 2.837944167740505397e-01 9.083368895189273054e-03 7.229561817299418180e+01 -5.962507555670202262e-03 -1.185881425510685976e-02 9.999119046337926475e-01 -1.032953475823412903e+00 7.417115117782591527e-18 -7.450927864321097582e-16 -1.165532109362509262e-17 9.999999999999839018e-01
2.838700058925852643e-01 -9.588112696154608150e-01 -9.938260050549534153e-03 -4.951130902599539496e+01 9.588597544417115648e-01 2.838798762596145830e-01 4.326279163685225570e-04 7.313196150104914750e+01 2.406463511618038478e-03 -9.652207680800202125e-03 9.999505206861628581e-01 -1.029439711380277567e+00 1.079536959156081173e-17 -7.711540204637303879e-16 -1.198821963883988871e-17 9.999999999999843459e-01
2.835294880458288924e-01 -9.589162738467241764e-01 -9.518884403365956981e-03 -4.925915050148048380e+01 9.589210032156542107e-01 2.835964184978191915e-01 -6.601591263047373349e-03 7.397489556643154174e+01 9.029894820306069714e-03 -7.256112390453030477e-03 9.999329026653701602e-01 -1.027647715750574342e+00 1.488833538878998102e-17 -8.014938955076983776e-16 -1.232881088499139186e-17 9.999999999999846789e-01
2.836964951709965987e-01 -9.588638001238919406e-01 -9.824023593262596471e-03 -4.900637518863469921e+01 9.588776404113406038e-01 2.837601815300141994e-01 -5.816364616153126867e-03 7.482821757812328656e+01 8.364768196926207836e-03 -7.769954306196432715e-03 9.999348271079364636e-01 -1.022454030467206509e+00 1.926379709437180664e-17 -8.304140935030548547e-16 -1.265141956767462452e-17 9.999999999999849010e-01
2.838542095145328292e-01 -9.588301385270738830e-01 -8.458912041741017615e-03 -4.875456220365076376e+01 9.588647584336117413e-01 2.838632715469504020e-01 1.345393315210771993e-04 7.568816782353914618e+01 2.272174080013058747e-03 -8.149142207095377149e-03 9.999642137129370889e-01 -1.013925351370354333e+00 2.395935543274182548e-17 -8.594991959666732205e-16 -1.295694772857204660e-17 9.999999999999852340e-01
2.835819611064260837e-01 -9.589178861135930765e-01 -7.599935945058893492e-03 -4.850483588637165155e+01 9.589355480020155253e-01 2.835289803885880366e-01 7.343844905987232698e-03 7.654893866957165471e+01 -4.887342143677811217e-03 -9.370430680739165463e-03 9.999441528985147931e-01 -1.009801916743583883e+00 2.939683214215420230e-17 -8.869176133551974605e-16 -1.323529771943195878e-17 9.999999999999856781e-01
2.834570038286794436e-01 -9.589556466205590990e-01 -7.496318757259181655e-03 -4.825456418681963555e+01 9.589444816157765006e-01 2.833645744227806795e-01 1.140171658000218614e-02 7.740233191473238605e+01 -8.809549321175672715e-03 -1.042044992496004088e-02 9.999068986982870832e-01 -1.015206558394279757e+00 3.510243727840854486e-17 -9.141007025805583524e-16 -1.350583539022490345e-17 9.999999999999859002e-01
2.833095523949253347e-01 -9.590007811243108637e-01 -7.293786715059149932e-03 -4.800155511996695878e+01 9.589857673767976376e-01 2.832169200710978885e-01 1.159629916411196102e-02 7.825274844837112198e+01 -9.055136147443725719e-03 -1.027997997562788215e-02 9.999061588576033666e-01 -1.022790299890676380e+00 4.234920725553481093e-17 -9.417310811697085766e-16 -1.378946504167469485e-17 9.999999999999860112e-01
2.839048278593017671e-01 -9.587981997885153262e-01 -1.020101957542637362e-02 -4.775585118958057507e+01 9.588339986042070384e-01 2.838172676002297945e-01 9.226143979914303364e-03 7.910391765807786157e+01 -5.950784736301552476e-03 -1.240043120774936454e-02 9.999054042594254232e-01 -1.033459835930335746e+00 5.052187610203589958e-17 -9.686336526343594372e-16 -1.410111199105333428e-17 9.999999999999864553e-01
2.842949728736197668e-01 -9.586511752810030762e-01 -1.281766480428134930e-02 -4.750821485993355964e+01 9.587303819161488994e-01 2.842184930699951373e-01 7.476830081825961219e-03 7.995211877031974268e+01 -3.524654569974007990e-03 -1.441430987835490111e-02 9.998898961791842233e-01 -1.043168383104040808e+00 5.858209515042522343e-17 -9.936046634088211707e-16 -1.449694641798090977e-17 9.999999999999870104e-01
2.834748790884231706e-01 -9.588941155418739815e-01 -1.280890724718674635e-02 -4.725287447449662892e+01 9.589749674980755367e-01 2.834064084920135951e-01 6.915152772284924310e-03 8.081369231143192167e+01 -3.000772901789104403e-03 -1.424369350703747622e-02 9.998940506661706529e-01 -1.048172518994083591e+00 6.681630787331266423e-17 -1.016932526973695747e-15 -1.497627780350423116e-17 9.999999999999874545e-01
2.825039823961922880e-01 -9.591843099258254846e-01 -1.252834874616274782e-02 -4.700151433766697551e+01 9.592557569159322339e-01 2.824161099114450568e-01 8.338686123989800733e-03 8.166784972266087550e+01 -4.460129379026618428e-03 -1.437360269736506595e-02 9.998867469827567023e-01 -1.053586988238819133e+00 7.563885612041569638e-17 -1.041160761406756722e-15 -1.547380899064952257e-17 9.999999999999876765e-01
2.823776529210074715e-01 -9.592047999197380603e-01 -1.374819776017206785e-02 -4.675412590731534124e+01 9.592693817708662918e-01 2.822181121243614865e-01 1.245754333932125486e-02 8.252259864389787936e+01 -8.069344949301645101e-03 -1.670595701516148016e-02 9.998278835242789819e-01 -1.056542015640855148e+00 8.507597986973742314e-17 -1.064296528361930322e-15 -1.591398268585651086e-17 9.999999999999880096e-01
2.822948325533544689e-01 -9.592315088441866200e-01 -1.358454835731692442e-02 -4.650473249116569008e+01 9.592803579679104464e-01 2.821119280477186186e-01 1.393035786726624405e-02 8.337355915871489742e+01 -9.530075067021887003e-03 -1.696385845256557362e-02 9.998106846678344040e-01 -1.060767027125882445e+00 9.422077406216898835e-17 -1.084991473584325638e-15 -1.629420284903980930e-17 9.999999999999881206e-01
2.812057210382218897e-01 -9.595671558850603633e-01 -1.241836550932253966e-02 -4.624872366778483723e+01 9.596063868791850915e-01 2.810503284276990588e-01 1.289554774004932416e-02 8.422762854666211751e+01 -8.883958363573732711e-03 -1.554304465774725488e-02 9.998397316804884527e-01 -1.069982894529833528e+00 1.024704195675061852e-16 -1.106578755856999313e-15 -1.662958341515060257e-17 9.999999999999881206e-01
2.806437686928294761e-01 -9.597059285677581597e-01 -1.426904922112163902e-02 -4.600746141570893855e+01 9.597813721576040624e-01 2.804850357032210861e-01 1.215986866668297695e-02 8.507914706679299854e+01 -7.667643269788787692e-03 -1.710775901023710299e-02 9.998242504703956923e-01 -1.084036935846575123e+00 1.111311948894312342e-16 -1.125030893499235414e-15 -1.687752386515802135e-17 9.999999999999883427e-01
2.798936490181639924e-01 -9.599295248073291820e-01 -1.395896279685768931e-02 -4.576264019016436890e+01 9.600050940762778762e-01 2.797496627285236959e-01 1.141689761007135678e-02 8.593654602321730351e+01 -7.054401963153989798e-03 -1.659619252553067026e-02 9.998373876820947359e-01 -1.098257306774785391e+00 1.202587878567075206e-16 -1.142883229943437249e-15 -1.714265225690516248e-17 9.999999999999884537e-01
2.784376042842875987e-01 -9.604091107426387941e-01 -9.318826259332514336e-03 -4.550762727094205218e+01 9.604376731291460745e-01 2.783625477249087599e-01 8.588833363063827844e-03 8.678031848798732995e+01 -5.654781593188371903e-03 -1.134160599399362812e-02 9.999196924848373635e-01 -1.096361187586206931e+00 1.287633371852603613e-16 -1.162853565394179498e-15 -1.741112432324943037e-17 9.999999999999883427e-01
2.770324110690722264e-01 -9.607538588245009281e-01 -1.432012468450375234e-02 -4.526797237744702329e+01 9.608597694018488067e-01 2.769821209040790877e-01 5.422936905167210012e-03 8.763065447755408854e+01 -1.243689051081939539e-03 -1.526196098804704672e-02 9.998827560192784514e-01 -1.100303301972160197e+00 1.375909346855232010e-16 -1.179106442018726014e-15 -1.757182282192602780e-17 9.999999999999885647e-01
2.764008972396799213e-01 -9.607937465461982018e-01 -2.186139525997076241e-02 -4.503714789532164531e+01 9.610345835763950406e-01 2.764190166286939476e-01 2.248647671072561988e-03 8.848230770737052353e+01 3.882418759334271136e-03 -2.163108512389784119e-02 9.997584823252601005e-01 -1.109827749505575722e+00 1.457961286228159542e-16 -1.195682332838348072e-15 -1.782414330081255992e-17 9.999999999999888978e-01
2.751590108678407809e-01 -9.611250488701080785e-01 -2.293815974651492243e-02 -4.480010587491464946e+01 9.613861728813503094e-01 2.751990344471237360e-01 1.455346042580537343e-03 8.933089581817900182e+01 4.913789877930802713e-03 -2.245288118916165948e-02 9.997358265040379166e-01 -1.112180451913581170e+00 1.529018538098274735e-16 -1.210365567055716489e-15 -1.820603868139824826e-17 9.999999999999893419e-01
2.737240162356966433e-01 -9.615701294859244630e-01 -2.140207971472413498e-02 -4.456317912925936042e+01 9.618057771678168999e-01 2.737062692871833902e-01 3.811188750309382409e-03 9.018604311740747903e+01 2.193158133568162780e-03 -2.162785780436675409e-02 9.997636849898928757e-01 -1.098705767115049081e+00 1.588541601742973607e-16 -1.224686366577875294e-15 -1.857956394134216582e-17 9.999999999999898970e-01
2.732843509281035477e-01 -9.617522930772604006e-01 -1.865985793970790368e-02 -4.432343037056945434e+01 9.619312350900022235e-01 2.731922011324478539e-01 7.370223797332849450e-03 9.103847276078067807e+01 -1.990601974215158460e-03 -1.996366702116871700e-02 9.997987244956985098e-01 -1.089820828341301562e+00 1.659202580777971223e-16 -1.236606765230646937e-15 -1.888454810822741405e-17 9.999999999999906741e-01
2.722180365662444923e-01 -9.620360571629457125e-01 -1.959503218385697312e-02 -4.409279850493304309e+01 9.622264544419194543e-01 2.720702394359520992e-01 9.901271917962374200e-03 9.189481517232552221e+01 -4.194155498842722096e-03 -2.155016314393620389e-02 9.997589707166931738e-01 -1.094622362411829641e+00 1.729763238109406377e-16 -1.249326556606419938e-15 -1.918995238193837708e-17 9.999999999999914513e-01
2.712519493064492471e-01 -9.623466513596309335e-01 -1.764376984238543236e-02 -4.386308814083008656e+01 9.624956379047131527e-01 2.711084612292006257e-01 1.011678133278055142e-02 9.274902329320399019e+01 -4.952475345892722904e-03 -1.972624816668668360e-02 9.997931526678897063e-01 -1.105252569906915339e+00 1.791045350815157715e-16 -1.260046452395257299e-15 -1.948566282696510669e-17 9.999999999999925615e-01
2.698704175441881681e-01 -9.627914187753630060e-01 -1.423522626953768917e-02 -4.362484458348153993e+01 9.628754887989706690e-01 2.697369838997886737e-01 1.061850210689978605e-02 9.359625546410984498e+01 -6.383635709699978823e-03 -1.657237004970071176e-02 9.998422904370710684e-01 -1.117373409235245418e+00 1.842214637874498861e-16 -1.269362920436677552e-15 -1.974803914877180912e-17 9.999999999999936717e-01
2.690078213213368818e-01 -9.630303310530612393e-01 -1.440047011997471274e-02 -4.339931965515864931e+01 9.631024972609363299e-01 2.688394758880619517e-01 1.260618793254702358e-02 9.444803516326845738e+01 -8.268726498407034942e-03 -1.726029188515339555e-02 9.998168384691886734e-01 -1.123239106273931531e+00 1.894628301815305360e-16 -1.281176580507114765e-15 -1.996008573816535870e-17 9.999999999999946709e-01
2.686606222701131141e-01 -9.630415560011157394e-01 -1.929848326383677357e-02 -4.318092939297411448e+01 9.632005037428542638e-01 2.684277945099002305e-01 1.383143970373549615e-02 9.529891958649187700e+01 -8.140001914128197624e-03 -2.230427199886841211e-02 9.997180901733403457e-01 -1.121511659697219221e+00 1.935468634309565538e-16 -1.287223403104490128e-15 -2.012380282734755191e-17 9.999999999999958922e-01
2.682232373224995858e-01 -9.630598949080343418e-01 -2.391513704465348181e-02 -4.296173597173445557e+01 9.633305957532529717e-01 2.679502382178042263e-01 1.402972290978255106e-02 9.615212642176348368e+01 -7.103396802962990038e-03 -2.680128091431508569e-02 9.996155426440743730e-01 -1.124646111099641743e+00 1.993752165915054254e-16 -1.295373454546943528e-15 -2.032893602346389482e-17 9.999999999999971134e-01
2.687115589547744987e-01 -9.628618804248636476e-01 -2.628872968957903303e-02 -4.273485589020197750e+01 9.632078201311895516e-01 2.684667855562802297e-01 1.250121159830942102e-02 9.699907943533398225e+01 -4.979289351023664587e-03 -2.868073007569024030e-02 9.995762214059926709e-01 -1.133111807912806190e+00 2.028650484169171499e-16 -1.303230974646900829e-15 -2.065510718942177824e-17 9.999999999999982236e-01
2.702759250100914001e-01 -9.623844576379291249e-01 -2.769621015212141157e-02 -4.250349328525124548e+01 9.627717341012070884e-01 2.700223538270871138e-01 1.259033159469328048e-02 9.784466111581407688e+01 -4.638143585880800425e-03 -3.006799179409542708e-02 9.995370946062717143e-01 -1.146410323935235676e+00 2.064294462075854487e-16 -1.310308467241731935e-15 -2.100395690586336802e-17 9.999999999999993339e-01
