1 0 0 0 0 1 0 0 0 0 1 0
0.99993237 -0.0025249039 0.011352726 0.0095018238 0.0025111345 0.99999609 0.0012269808 -0.010126109 -0.011355781 -0.0011983896 0.9999348 0.2942139
0.99982886 -0.0044948971 0.017945424 0.023306979 0.0044720926 0.99998914 0.001310715 -0.012487237 -0.017951123 -0.0012302371 0.99983811 0.58383006
0.9997693 -0.0074390151 0.02014946 0.031481213 0.0074427991 0.9999723 -0.00011279105 -0.018068734 -0.020148064 0.00026273344 0.99979697 0.89185661
0.99980955 -0.008367864 0.017630568 0.034606799 0.0083942326 0.99996376 -0.0014221144 -0.020586689 -0.017618031 0.0015698387 0.99984356 1.189296
0.99987526 -0.011186294 0.011150835 0.031034395 0.011222276 0.99993201 -0.0031694524 -0.024289115 -0.011114624 0.0032941949 0.9999328 1.5065938
0.99992487 -0.012243747 -0.00057922174 0.025285207 0.01224099 0.99991474 -0.0045461765 -0.036158867 0.00063483464 0.0045387448 0.9999895 1.8303726
0.99980143 -0.011417665 -0.016332312 -0.0028309904 0.011340475 0.99992412 -0.0048110847 -0.040105687 0.016386005 0.0046249133 0.99985504 2.1652567
0.99933377 -0.0079031666 -0.035630874 -0.036533865 0.0077197703 0.99995625 -0.0052817734 -0.045149654 0.035671061 0.0050031924 0.99935106 2.5019797
0.99841929 -0.0042218463 -0.056045573 -0.076448842 0.0038787221 0.99997307 -0.0062296082 -0.050209082 0.056070369 0.0060023758 0.99840878 2.8503333
0.99721355 -0.0034420387 -0.07452032 -0.12096378 0.0029681365 0.99997467 -0.0064691854 -0.056092793 0.074540706 0.0062299729 0.99719851 3.210611
0.99539225 -0.0045213942 -0.095780088 -0.17734546 0.003965116 0.99997415 -0.0059974039 -0.061653921 0.095804737 0.0055899902 0.99538445 3.6066389
0.99334805 -0.0055395188 -0.11501719 -0.23030839 0.0049784589 0.99997427 -0.005164742 -0.071254047 0.11504285 0.004557778 0.99335007 3.986979
0.99116435 -0.0044877114 -0.13256356 -0.30477093 0.0039261988 0.99998218 -0.0044968879 -0.077032989 0.13258139 0.0039366841 0.99116431 4.3789866
0.98890164 -0.0036632849 -0.14852652 -0.38032805 0.0031336688 0.99998787 -0.0037996613 -0.084967226 0.14853865 0.0032920583 0.98890112 4.7926516
0.98685625 -0.0029168043 -0.16157423 -0.46916801 0.0023069111 0.99998949 -0.0039621675 -0.093511643 0.16158411 0.0035373524 0.98685261 5.2166604
0.98472933 -0.0042986674 -0.17403926 -0.55783128 0.0034884998 0.99998161 -0.0049607227 -0.099824788 0.1740574 0.0042778331 0.98472622 5.6525493
0.98294923 -0.0073046521 -0.18373201 -0.64140438 0.0061570406 0.99995782 -0.0068158296 -0.11481578 0.18377406 0.005568369 0.98295274 6.0942115
0.98148707 -0.0069294727 -0.19140302 -0.74416425 0.0053405927 0.99994688 -0.0088158599 -0.12268635 0.19145396 0.0076304469 0.98147194 6.5532216
0.97996988 -0.0065270527 -0.19903874 -0.84968356 0.0045012915 0.99993338 -0.010628524 -0.12558573 0.19909487 0.0095197024 0.97993398 7.0244067
0.97818555 -0.0071762628 -0.20760907 -0.9585091 0.0045344766 0.99990262 -0.013197905 -0.13577497 0.20768358 0.011968602 0.97812284 7.4864437
0.97629549 -0.011038118 -0.21616027 -1.0763256 0.0079621663 0.99985435 -0.01509567 -0.14856501 0.21629544 0.01301673 0.97624119 7.9882984
0.97438555 -0.016511304 -0.224277 -1.1929211 0.013209425 0.99978127 -0.016214861 -0.1656767 0.22449569 0.012836956 0.97439053 8.497474
0.97273388 -0.017584589 -0.23125651 -1.3245645 0.013713119 0.9997378 -0.018337919 -0.18799773 0.23151836 0.014666667 0.97271997 9.0365698
0.97053925 -0.013815571 -0.24054663 -1.4765945 0.0086052736 0.99970535 -0.022697239 -0.19276583 0.24078935 0.019958592 0.97037217 9.5564422
0.9685078 -0.011231361 -0.24872975 -1.6318086 0.0048701511 0.9996455 -0.026175398 -0.21068761 0.24893558 0.024139726 0.96821917 10.097083
0.96603707 -0.013246304 -0.25806378 -1.7874975 0.0063286539 0.99959851 -0.027618256 -0.2316936 0.25832603 0.025047063 0.96573304 10.645633
0.96373689 -0.015375375 -0.26641095 -1.9556778 0.0077734084 0.99953261 -0.029565857 -0.26231099 0.26674104 0.026422787 0.96340597 11.211375
0.9614922 -0.015149578 -0.27441435 -2.129182 0.0065991852 0.99946431 -0.032055168 -0.28517765 0.27475299 0.029009883 0.96107712 11.77462
0.95903969 -0.014509266 -0.28289988 -2.3195582 0.0045731256 0.99935026 -0.035751268 -0.30785297 0.28323482 0.032993149 0.95848291 12.365038
0.95720164 -0.015856687 -0.28898716 -2.5000009 0.0041719885 0.99915025 -0.041004515 -0.34066087 0.28939181 0.038043938 0.95645441 12.959796
0.95530788 -0.016405158 -0.2951571 -2.6986893 0.0023635293 0.9988509 -0.047867418 -0.38005651 0.29560324 0.04503051 0.95424891 13.575549
0.95373469 -0.016739849 -0.30018313 -2.9087666 -0.00019249319 0.99841452 -0.056288626 -0.41451022 0.30064948 0.053742199 0.95221934 14.186573
0.95259766 -0.017338002 -0.30373851 -3.120694 -0.0025236684 0.99789012 -0.064876401 -0.45998495 0.30422251 0.062567644 0.95054404 14.809941
0.95132776 -0.016456615 -0.30774123 -3.3446683 -0.0066624013 0.99724165 -0.073923626 -0.5083802 0.30810893 0.072375894 0.94859402 15.458423
0.94991129 -0.01531985 -0.31214395 -3.5663771 -0.010447427 0.99668287 -0.08071007 -0.5636836 0.31234501 0.079928509 0.94660025 16.090665
0.94827352 -0.015158226 -0.31709234 -3.812684 -0.013326563 0.99607803 -0.087469793 -0.6291968 0.31717463 0.087171041 0.94435241 16.762137
0.94659319 -0.013183718 -0.3221607 -4.0525937 -0.017898438 0.99547453 -0.093327937 -0.69870274 0.32193321 0.094109764 0.94207344 17.4198
0.94492508 -0.011038136 -0.32710052 -4.2972136 -0.022473613 0.99488382 -0.098494313 -0.77561098 0.32651424 0.10042088 0.9398426 18.095009
0.94340185 -0.0083878202 -0.33154576 -4.5718122 -0.027044579 0.99440522 -0.10211198 -0.8516894 0.33054736 0.10529915 0.93789687 18.811064
0.9415097 -0.0079310637 -0.33689252 -4.824791 -0.028600261 0.99423534 -0.10333493 -0.92719125 0.33577004 0.10692605 0.93585539 19.472163
0.93936004 -0.0070494664 -0.34286004 -5.110202 -0.029944418 0.99428382 -0.10248426 -1.0176653 0.34162268 0.10653637 0.9337794 20.207394
0.93705238 -0.0073576522 -0.34911129 -5.3926687 -0.029797279 0.99444646 -0.10093744 -1.1025109 0.34791518 0.10498624 0.93162918 20.931094
0.93451386 -0.0070316664 -0.35585725 -5.6711113 -0.030261643 0.99461491 -0.099123237 -1.1873883 0.35463796 0.10340087 0.92926863 21.625011
0.93181879 -0.0066196073 -0.3628635 -5.9540931 -0.030178626 0.99495762 -0.095648189 -1.2691908 0.36166699 0.1000775 0.92692044 22.343838
0.92796136 -0.0035113144 -0.37265987 -6.2966585 -0.032586615 0.99536113 -0.090522605 -1.3531131 0.37124903 0.096145205 0.92354224 23.176612
0.92470795 -0.0018868751 -0.3806726 -6.6068905 -0.032913439 0.99584678 -0.084887522 -1.43345 0.37925179 0.091025413 0.92080533 23.886803
0.92139486 0.00075881178 -0.38862697 -6.9612396 -0.035108727 0.99607159 -0.081294324 -1.5129119 0.38703863 0.088548372 0.91780188 24.650702
0.91756362 0.00070150284 -0.39758835 -7.2840658 -0.035216468 0.99621135 -0.079515666 -1.5842202 0.39602628 0.086962341 0.914112 25.378034
0.91343244 0.0028384508 -0.40698046 -7.6455621 -0.038007562 0.9962006 -0.078356762 -1.6640656 0.40521181 0.087041946 0.91006984 26.165555
0.91016292 0.0037864133 -0.41423315 -8.0068644 -0.039309739 0.99623527 -0.077265918 -1.7352176 0.41238115 0.086607972 0.90688525 26.894327
0.90622044 0.0035626481 -0.42279049 -8.3890058 -0.039266345 0.99635197 -0.075768756 -1.8068186 0.42097824 0.085264634 0.90305442 27.685919
0.90227332 0.0046644546 -0.43113928 -8.7607908 -0.040204228 0.99649504 -0.073357023 -1.8862474 0.42928602 0.083521708 0.89929842 28.471684
0.89908061 0.0042189366 -0.43776277 -9.1707775 -0.038275913 0.99688185 -0.06900392 -1.9549425 0.43610667 0.078795857 0.89643862 29.248677
0.89515177 0.0067581452 -0.44571024 -9.570943 -0.039363042 0.9971774 -0.063935764 -2.0206409 0.44402013 0.074776724 0.89289114 30.045674
0.89188623 0.0058143227 -0.45222244 -9.9936771 -0.036734086 0.99754488 -0.059622373 -2.0873255 0.45076555 0.069788352 0.88991012 30.849157
0.88836849 0.0048338214 -0.4591057 -10.41697 -0.035114182 0.99773119 -0.057440968 -2.1551969 0.45778645 0.067149868 0.88652269 31.680677
0.88462977 0.0050918305 -0.46626627 -10.857893 -0.03545244 0.99778051 -0.056366403 -2.2175962 0.46494443 0.066393675 0.88284686 32.498005
0.881439 0.0040832914 -0.47228021 -11.308461 -0.033736579 0.99795263 -0.054335969 -2.2687782 0.47109145 0.063826962 0.87977212 33.299503
0.87809538 0.0033479508 -0.47847391 -11.776448 -0.032739494 0.99805236 -0.053100003 -2.3337379 0.47736428 0.062291862 0.87649477 34.154488
0.87607728 0.0013622341 -0.48216877 -12.264411 -0.030813254 0.99811016 -0.053166301 -2.392606 0.48118516 0.061434978 0.87446361 34.985172
0.87397932 0.0013173057 -0.48596131 -12.747418 -0.031276686 0.99807554 -0.05354419 -2.4567327 0.4849556 0.061995775 0.87233859 35.833892
0.87242165 0.0012757849 -0.48875231 -13.235967 -0.031691946 0.99803979 -0.053964867 -2.5154757 0.48772545 0.062569631 0.87075195 36.700887
0.87167038 0.0017655073 -0.49008939 -13.727309 -0.031812569 0.99808839 -0.052986129 -2.5753978 0.48905902 0.061777443 0.87006025 37.561004
0.87207335 0.0012020445 -0.48937369 -14.250979 -0.030374764 0.99820184 -0.051676536 -2.6400244 0.48843164 0.059930341 0.87054173 38.462854
0.87172094 0.00036808862 -0.4900025 -14.766208 -0.029105914 0.99827291 -0.051029902 -2.7030686 0.48913748 0.058745805 0.87022611 39.348776
0.8713521 -0.00097233919 -0.49065726 -15.275902 -0.028077397 0.9982606 -0.051840556 -2.7677866 0.48985425 0.058947757 0.86980917 40.251418
0.87003626 -0.0031058617 -0.49297793 -15.816767 -0.026144124 0.99828231 -0.052430058 -2.8372488 0.49229403 0.058504528 0.86846061 41.177813
0.8686974 -0.0052782914 -0.49531499 -16.315017 -0.022687844 0.99846983 -0.050430705 -2.8976916 0.49482331 0.055046653 0.8672484 42.088301
0.86663967 -0.0042841009 -0.49891613 -16.883127 -0.022160022 0.99864585 -0.047068136 -2.9599772 0.4984422 0.051847107 0.86537117 43.004907
0.86464322 -0.0040028256 -0.50237044 -17.436303 -0.02041237 0.9988626 -0.043091088 -3.0299161 0.50197157 0.047512989 0.86357807 43.961905
0.86057284 -0.0054709232 -0.50929798 -17.97854 -0.017880505 0.99900142 -0.04094447 -3.089232 0.50901345 0.044342204 0.85961567 44.852509
0.85591544 -0.0066716464 -0.51707274 -18.533325 -0.018317436 0.9988981 -0.04320953 -3.1548883 0.5167913 0.046455152 0.8548501 45.756834
0.85075104 -0.0099503403 -0.52547468 -19.110196 -0.016818938 0.99879324 -0.046143157 -3.2180378 0.52529974 0.048094265 0.84955703 46.643388
0.84405359 -0.010218169 -0.53616145 -19.674402 -0.0171299 0.99879447 -0.046001821 -3.2798708 0.53598519 0.048012395 0.84286103 47.555678
0.83863495 -0.0072464573 -0.54464565 -20.277723 -0.017904611 0.99900441 -0.040860832 -3.339529 0.54439955 0.044018991 0.83767027 48.451507
0.83381533 -0.0045880118 -0.55202439 -20.877299 -0.018555131 0.99916753 -0.036331263 -3.3973263 0.55173158 0.040536449 0.83303607 49.32032
0.82939905 -0.0040793072 -0.5586417 -21.496319 -0.020520761 0.99907604 -0.037762015 -3.4521182 0.55827963 0.042783533 0.828549 50.194343
0.82658138 -0.0056835275 -0.5627885 -22.102398 -0.021884472 0.99886822 -0.042229702 -3.5099839 0.56239161 0.047222615 0.82552149 51.07255
0.82437719 -0.0064041636 -0.56600459 -22.692149 -0.025832106 0.99846853 -0.048921428 -3.5804875 0.56545112 0.054950801 0.82294925 51.907786
0.81987466 -0.0090393092 -0.57247166 -23.321388 -0.024178623 0.99843674 -0.050393092 -3.6401117 0.57203231 0.055157597 0.81837443 52.770503
0.81620253 -0.0059795066 -0.57773493 -23.939629 -0.025845067 0.99856762 -0.04684804 -3.7105159 0.57718757 0.053169087 0.81487888 53.628579
0.81318821 -0.0049225151 -0.58197996 -24.577042 -0.023514358 0.99886986 -0.041304772 -3.7704458 0.58152561 0.04727344 0.81215345 54.504777
0.81177125 -0.0029255811 -0.58396819 -25.220161 -0.024062798 0.9989706 -0.038454245 -3.8338511 0.5834796 0.045267959 0.81086522 55.400171
0.80924981 -0.0017016807 -0.58746218 -25.870763 -0.026289332 0.9988891 -0.039107923 -3.8884443 0.58687617 0.047092069 0.80830609 56.233185
0.80597255 -0.0037910732 -0.59194075 -26.531451 -0.025340387 0.99884186 -0.040899933 -3.9495421 0.5914103 0.047964231 0.80494305 57.145178
0.80154393 -0.0046519204 -0.59791777 -27.16871 -0.026378895 0.99872104 -0.043132708 -4.0145173 0.59735376 0.050345171 0.80039608 57.981041
0.79803404 -0.0074876472 -0.60256582 -27.813324 -0.023709808 0.99875841 -0.043811949 -4.0691006 0.60214578 0.049250147 0.79686568 58.812583
0.79256164 -0.0078633948 -0.60974108 -28.48581 -0.022969858 0.99882223 -0.042738076 -4.1329234 0.60935906 0.047878226 0.79144756 59.668941
0.78872599 -0.0069523798 -0.61470558 -29.15904 -0.023901968 0.99883312 -0.041965405 -4.1939901 0.6142801 0.047791879 0.78763946 60.499039
0.78326301 -0.0074363269 -0.62164598 -29.825776 -0.024512677 0.99878148 -0.042833281 -4.2611854 0.62120707 0.048787933 0.7821263 61.339773
0.77770489 -0.009020945 -0.62856479 -30.518387 -0.02383572 0.99875484 -0.043825024 -4.320733 0.62817752 0.049065231 0.7765215 62.189541
0.77307927 -0.009271414 -0.63424163 -31.209557 -0.024790422 0.99868762 -0.044816052 -4.3850546 0.63382482 0.050369479 0.77183486 63.003143
0.76651912 -0.011572886 -0.64211718 -31.942473 -0.02320155 0.99868592 -0.045695879 -4.4472062 0.64180228 0.04992488 0.76524335 63.829243
0.76147951 -0.012200678 -0.64807412 -32.601135 -0.023891353 0.99861515 -0.046872041 -4.5150166 0.64774856 0.051175467 0.76013349 64.666498
0.75577548 -0.015339057 -0.65465112 -33.345591 -0.020461871 0.99868422 -0.047022684 -4.5728173 0.65451109 0.048933979 0.75446719 65.476214
0.74898719 -0.013846754 -0.66243975 -34.125645 -0.021732533 0.99873028 -0.045447998 -4.6428783 0.662228 0.048436462 0.74773526 66.294326
0.74339973 -0.017488494 -0.66861869 -34.844529 -0.016585304 0.99886872 -0.044566835 -4.7078592 0.66864176 0.044220218 0.74226869 67.155759
0.73614878 -0.017251144 -0.67659983 -35.618498 -0.018139276 0.99881315 -0.045202309 -4.7763505 0.67657666 0.045548656 0.73496216 67.960116
0.73082908 -0.016410128 -0.68236319 -36.390509 -0.021328712 0.9986737 -0.046860683 -4.8540363 0.68222722 0.048801079 0.72950978 68.749372
0.72600516 -0.016039157 -0.68750215 -37.158453 -0.022426137 0.99864405 -0.046980069 -4.9180727 0.68732351 0.04952579 0.72466104 69.6035
0.72170636 -0.017305496 -0.69198295 -37.934417 -0.01994397 0.99875253 -0.045778002 -4.9848559 0.69191199 0.046839162 0.72046092 70.417728
0.71738938 -0.016031001 -0.69648793 -38.708636 -0.022233395 0.99869916 -0.045887583 -5.0501294 0.6963176 0.048404557 0.71609975 71.17991
0.71192036 -0.01762083 -0.70203907 -39.517646 -0.021512705 0.99866877 -0.046881585 -5.1118914 0.70193065 0.048478715 0.71059357 71.986608
0.70636638 -0.018767391 -0.70759755 -40.34783 -0.023155586 0.99850079 -0.049598223 -5.1913455 0.7074676 0.051419353 0.70487282 72.799851
0.7024671 -0.021463284 -0.71139248 -41.154528 -0.022091831 0.99840596 -0.051937369 -5.2569869 0.7113733 0.052200256 0.70087317 73.570171
0.69757879 -0.022474125 -0.7161555 -42.007652 -0.022133549 0.99835505 -0.05288942 -5.3305337 0.71616617 0.052745601 0.69593388 74.386358
0.69214645 -0.021873756 -0.72142552 -42.857163 -0.02205355 0.99843301 -0.051431179 -5.4102184 0.72142011 0.051507902 0.69057947 75.20064
0.68761858 -0.022340023 -0.7257283 -43.698572 -0.020647487 0.99852067 -0.0503006 -5.4830525 0.72577849 0.049572093 0.6861401 75.953333
0.68314433 -0.02306153 -0.72991913 -44.583378 -0.020457921 0.99850466 -0.050694323 -5.5641094 0.72999681 0.049564168 0.68165101 76.777469
0.6788237 -0.023479508 -0.73392578 -45.433124 -0.02045973 0.99849583 -0.050867186 -5.6341481 0.73401623 0.049545775 0.67732225 77.561772
0.6735394 -0.024742296 -0.73873707 -46.30942 -0.019114219 0.99852233 -0.050870485 -5.7126833 0.73890417 0.048383658 0.6720712 78.346096
0.66993089 -0.0254889 -0.74198576 -47.20525 -0.018048347 0.99855599 -0.050598327 -5.7849091 0.74220409 0.047288999 0.66850347 79.129657
0.66566042 -0.028203197 -0.74572162 -48.063462 -0.015492322 0.99854796 -0.051594145 -5.8624482 0.74609399 0.04589714 0.66425692 79.885431
0.66085259 -0.033097228 -0.74978556 -48.967738 -0.011893716 0.99843985 -0.054556377 -5.9418463 0.75042151 0.044971459 0.65942791 80.684826
0.65651116 -0.036405162 -0.75343727 -49.892939 -0.0093480954 0.99836532 -0.056385291 -6.0247807 0.75425842 0.044060776 0.65509766 81.466302
0.65263236 -0.041409681 -0.75654226 -50.821856 -0.0021915062 0.99839803 -0.056538271 -6.1045127 0.7576716 0.038556673 0.65149611 82.249896
0.64204388 -0.045943163 -0.76529003 -51.723933 0.0038200656 0.99838215 -0.056731674 -6.188373 0.7666584 0.033500766 0.64118066 83.030442
0.63349593 -0.046604399 -0.77234117 -52.637577 0.0058569583 0.99844463 -0.05544383 -6.2756055 0.77372388 0.030599871 0.63278357 83.765417
0.62535387 -0.044537224 -0.77906926 -53.59425 0.0054196044 0.99859375 -0.052736547 -6.356126 0.7803225 0.028756756 0.62471585 84.532514
0.61983564 -0.044909999 -0.78344548 -54.539572 0.0055713728 0.99858772 -0.052834867 -6.4351761 0.78471192 0.028384067 0.61921047 85.285794
0.60875447 -0.04494814 -0.79208434 -55.521903 0.0023399508 0.99849117 -0.054862673 -6.5187531 0.79335526 0.031544459 0.60794114 86.021732
0.59854823 -0.048444346 -0.7996206 -56.544125 0.0050002649 0.9983763 -0.056742894 -6.602779 0.8010712 0.029965044 0.59781861 86.743165
0.58915208 -0.049487302 -0.80650528 -57.538068 0.0044088361 0.99830478 -0.058035496 -6.6855871 0.80801017 0.030635984 0.58837153 87.481007
0.57979311 -0.050539518 -0.81319471 -58.520814 0.00740806 0.99836005 -0.056765609 -6.7737217 0.81473009 0.026888114 0.57921668 88.183702
0.5687557 -0.050637508 -0.82094624 -59.594742 0.009171704 0.99843148 -0.055230929 -6.861369 0.8224554 0.02388343 0.56832803 88.887957
0.55822426 -0.051353192 -0.82809931 -60.569275 0.0095101149 0.99841317 -0.055504123 -6.9423502 0.82963564 0.023108428 0.55782683 89.55935
0.54800639 -0.051744315 -0.83487213 -61.590466 0.0075221149 0.99834933 -0.05693894 -7.0304977 0.83644036 0.024922899 0.54749103 90.216791
0.53741271 -0.052541674 -0.84168099 -62.678508 0.0065328438 0.99828668 -0.058146519 -7.1230403 0.84329411 0.025750107 0.5368352 90.901992
0.52768225 -0.052852219 -0.84779598 -63.766533 0.0047660275 0.99823097 -0.059263991 -7.2111095 0.8494285 0.027231938 0.52700066 91.563832
0.51927121 -0.052040202 -0.85302354 -64.845915 0.0025860158 0.99823538 -0.059324889 -7.3059144 0.85460563 0.028599774 0.51848947 92.211096
0.50830817 -0.051072302 -0.85965945 -65.931798 0.0031403864 0.99834318 -0.057454612 -7.388177 0.86116956 0.026504986 0.50762638 92.825456
0.50220968 -0.049606129 -0.86332184 -67.013686 0.0043549907 0.9984857 -0.054839214 -7.4768285 0.86473495 0.023781026 0.50166522 93.448656
0.49288719 -0.050100452 -0.86864958 -68.125648 0.00435235 0.99847034 -0.055118426 -7.5663962 0.87008237 0.023386499 0.4923513 94.045755
0.48742941 -0.052780446 -0.87156568 -69.249095 0.005482311 0.9983367 -0.057391448 -7.6622997 0.87314522 0.023196085 0.48690802 94.689953
0.48026559 -0.056296273 -0.87531459 -70.317299 0.0082998128 0.99818516 -0.05964483 -7.7471896 0.87708388 0.021380412 0.47986124 95.261319
0.47578574 -0.058982772 -0.87758128 -71.473254 0.0092403196 0.99802912 -0.062068452 -7.8448216 0.87951271 0.021422153 0.47539304 95.901293
0.47005145 -0.063081005 -0.88038194 -72.600035 0.011746923 0.9978016 -0.065222453 -7.942347 0.88256088 0.02031613 0.4697591 96.458916
0.46652257 -0.062582101 -0.88229253 -73.724145 0.011779745 0.99784496 -0.064549698 -8.0504609 0.88443089 0.019720709 0.4662544 97.110142
0.45978786 -0.06226262 -0.88584334 -74.88645 0.015677953 0.9979527 -0.062004888 -8.1500513 0.88789042 0.014620884 0.45982269 97.649478
0.45597221 -0.059040936 -0.88803347 -75.987613 0.01773593 0.99820182 -0.05725874 -8.2479626 0.88981731 0.010358294 0.45619944 98.242392
0.45261191 -0.05985434 -0.88969649 -77.079124 0.021682653 0.99818842 -0.056122602 -8.3346123 0.89144399 0.0061107772 0.45308977 98.796596
0.45157518 -0.05952443 -0.89024527 -78.209584 0.022233644 0.99821302 -0.055465501 -8.433885 0.89195605 0.0052534471 0.45209167 99.354345
0.44845844 -0.058842224 -0.89186465 -79.328449 0.024200541 0.99826418 -0.053693291 -8.5220295 0.89347604 0.0024956019 0.44910401 99.911529
0.44370131 -0.057751607 -0.89431193 -80.448851 0.025130665 0.9983308 -0.052000536 -8.6121032 0.89582234 0.00059805183 0.44441203 100.44026
0.44372011 -0.059641007 -0.89417859 -81.50886 0.028860837 0.99821646 -0.052258577 -8.7019424 0.89570061 -0.0026185616 0.44465001 101.0102
0.44106587 -0.059186369 -0.89552097 -82.62546 0.030359082 0.99823597 -0.051022376 -8.7872654 0.89696114 -0.0046829661 0.44208466 101.568
0.43881922 -0.058400378 -0.89667554 -83.703697 0.033208485 0.99825808 -0.048764717 -8.8733662 0.89796156 -0.008378342 0.43999422 102.08973
0.43881393 -0.058339012 -0.89668212 -84.777327 0.036404453 0.99822516 -0.047130068 -8.9539121 0.89784025 -0.011961893 0.44015891 102.59099
0.43494039 -0.058390416 -0.89856405 -85.882523 0.036615358 0.99821685 -0.047142772 -9.043456 0.89971453 -0.012396949 0.43630282 103.1521
0.43292236 -0.060576318 -0.8993935 -86.900339 0.039773302 0.99805148 -0.048076323 -9.1204932 0.90055337 -0.014958535 0.43448813 103.64865
0.43467116 -0.062752532 -0.89840026 -87.93704 0.041401452 0.99790712 -0.049671827 -9.2069854 0.89963713 -0.015604165 0.4363595 104.12889
0.43444861 -0.061992543 -0.89856066 -88.989472 0.037831683 0.99800414 -0.050561854 -9.2864476 0.89990179 -0.012027535 0.4359268 104.63848
0.43746531 -0.061023633 -0.89716227 -90.008224 0.034828755 0.99809595 -0.050906141 -9.3638604 0.89856058 -0.0089773748 0.43875774 105.10784
0.44136484 -0.061748775 -0.89520059 -91.017009 0.033879751 0.99806491 -0.052140219 -9.4519814 0.89668797 -0.0073163143 0.44260279 105.60997
0.44611965 -0.063005777 -0.89275274 -92.041347 0.033709297 0.99799398 -0.053588194 -9.5347171 0.89433831 -0.0061873223 0.44734861 106.09081
0.45345812 -0.061088483 -0.88918157 -93.005125 0.029852892 0.99812958 -0.053349269 -9.6114809 0.89077753 -0.0023529835 0.45443363 106.61082
0.45899237 -0.061174244 -0.88633157 -94.02696 0.030496569 0.99812356 -0.053097242 -9.696843 0.88791668 -0.0026588434 0.45999671 107.10703
0.46721376 -0.059914353 -0.88211196 -95.010464 0.030023558 0.99820101 -0.05189721 -9.7736428 0.88363451 -0.0022370499 0.46817209 107.61994
0.4782073 -0.059197855 -0.87624958 -95.984852 0.028437096 0.99824627 -0.05192038 -9.8519184 0.87778652 -8.9289816e-05 0.47905207 108.15045
0.4852637 -0.059540997 -0.8723382 -96.975278 0.029821221 0.99822536 -0.051544432 -9.9261879 0.8738592 -0.0010015488 0.48617812 108.64043
0.49545704 -0.059374968 -0.86660076 -97.914099 0.027233953 0.99823244 -0.052823362 -10.003409 0.86820545 0.0025707424 0.49619831 109.18714
0.50550079 -0.061169867 -0.86065506 -98.877969 0.025737243 0.99810893 -0.05582259 -10.087838 0.86244223 0.0060674745 0.5061192 109.76835
0.51589153 -0.060456966 -0.85451789 -99.801774 0.021727334 0.99810912 -0.05749874 -10.168371 0.85637837 0.011096717 0.51622962 110.3187
0.52968241 -0.059060233 -0.84613732 -100.71243 0.020262823 0.99816925 -0.056987496 -10.244647 0.84795402 0.013040143 0.52990942 110.86501
0.5431334 -0.057562575 -0.83767094 -101.61234 0.020329994 0.99825636 -0.055415922 -10.324127 0.8394003 0.013068393 0.54335662 111.45642
0.55396039 -0.056020685 -0.83065607 -102.50208 0.02029873 0.99834578 -0.053792808 -10.400405 0.83229556 0.012937821 0.55418117 112.01997
0.5660147 -0.054015709 -0.82262361 -103.41023 0.018512344 0.99843233 -0.052822179 -10.47713 0.8241873 0.014669438 0.56612734 112.61867
0.57744474 -0.05487115 -0.81458374 -104.28529 0.019389305 0.99837921 -0.053507038 -10.555919 0.81619954 0.015103144 0.57757274 113.22837
0.58948421 -0.055412929 -0.80587698 -105.12221 0.018983702 0.99831911 -0.054759218 -10.629379 0.80755683 0.016981166 0.5895453 113.85537
0.59864937 -0.057945342 -0.79891252 -105.93364 0.022139756 0.99819594 -0.055809432 -10.705904 0.8007052 0.015722552 0.59885227 114.45712
0.61000441 -0.056825498 -0.79035779 -106.7302 0.021444674 0.99824384 -0.055221013 -10.787843 0.79210782 0.016736096 0.61015175 115.08348
0.62021286 -0.054512366 -0.78253713 -107.59188 0.019637341 0.99834879 -0.053982132 -10.860505 0.78418776 0.018113464 0.62025924 115.72541
0.63090677 -0.053348072 -0.77402234 -108.36193 0.022241584 0.99846683 -0.050688349 -10.9334 0.77553982 0.014764139 0.63112603 116.38292
0.63962248 -0.051886282 -0.76693601 -109.15083 0.021366755 0.99853387 -0.049734988 -11.011412 0.76839221 0.015424682 0.63979335 117.00879
0.65011519 -0.051142146 -0.75811257 -109.90927 0.019628078 0.99852971 -0.050528698 -11.077332 0.75958214 0.017969182 0.65016316 117.654
0.65978389 -0.050298618 -0.74977011 -110.66316 0.017155138 0.9985055 -0.051888923 -11.150322 0.75125959 0.021373066 0.65966073 118.31516
0.66977037 -0.048525763 -0.740981 -111.37948 0.015235388 0.99855046 -0.051622392 -11.215922 0.742412 0.023286016 0.66953882 118.96446
0.67887353 -0.047824242 -0.73269607 -112.10154 0.016698013 0.99862408 -0.049710382 -11.282585 0.73406536 0.021512494 0.67873803 119.61491
0.68646967 -0.046599756 -0.7256637 -112.80065 0.017466553 0.99871323 -0.047610945 -11.350476 0.72694866 0.020008626 0.68640028 120.29041
0.69494099 -0.045670884 -0.7176149 -113.47079 0.017402055 0.99875684 -0.046711275 -11.416026 0.7188562 0.019973606 0.69487184 120.93263
0.70276145 -0.045295429 -0.70998213 -114.182 0.016997423 0.99875524 -0.046894017 -11.484635 0.71122252 0.020887441 0.70265659 121.6098
0.71000363 -0.042704691 -0.70290192 -114.83918 0.014261102 0.99882678 -0.04627837 -11.548532 0.70405362 0.022833655 0.70977966 122.28075
0.71662835 -0.04094261 -0.69625245 -115.507 0.014393949 0.99893108 -0.043926213 -11.608477 0.69730672 0.021456947 0.71645166 122.96408
0.72428497 -0.038620511 -0.68841826 -116.13682 0.014164931 0.9990528 -0.041144295 -11.669044 0.68935526 0.020048797 0.72414599 123.61741
0.73128911 -0.036765901 -0.68107596 -116.76852 0.013116365 0.99911953 -0.039851172 -11.723216 0.68194152 0.020209487 0.73112747 124.29118
0.73838011 -0.036382812 -0.67340261 -117.36985 0.013041775 0.99912729 -0.039680977 -11.785876 0.67425868 0.020517279 0.73821021 124.95701
0.7463025 -0.033679108 -0.66475428 -117.98021 0.010807799 0.99920054 -0.038489855 -11.835464 0.6655192 0.021540545 0.74606986 125.62383
0.75516759 -0.030468825 -0.65482328 -118.56784 0.0091120599 0.99931063 -0.035989387 -11.888797 0.65546847 0.021211229 0.75492463 126.29814
0.76459217 -0.027176279 -0.64394116 -119.13641 0.0079516177 0.99943235 -0.032737631 -11.933114 0.64446537 0.019910562 0.76437425 126.95655
0.77431778 -0.024713538 -0.63231415 -119.69608 0.0060911778 0.99948188 -0.031604902 -11.981825 0.63276766 0.020620699 0.77406712 127.62203
0.78346064 -0.023945569 -0.62097988 -120.23396 0.0046871578 0.99945663 -0.032626426 -12.024871 0.62142376 0.02265089 0.78314716 128.29321
0.79331706 -0.024526533 -0.60831445 -120.738 0.004952958 0.99941513 -0.03383599 -12.078814 0.60878859 0.023829712 0.79297454 128.9787
0.80309626 -0.023972476 -0.59536686 -121.23072 0.0048915174 0.99942192 -0.033643557 -12.120996 0.59582926 0.024106767 0.80274927 129.6333
0.81245569 -0.022486241 -0.58258913 -121.72278 0.0044472059 0.99946591 -0.032374572 -12.162611 0.58300601 0.023712011 0.81212177 130.3338
0.82277634 -0.020584837 -0.56799237 -122.21628 0.0044226848 0.99954555 -0.029818362 -12.202388 0.5683481 0.022021791 0.82249347 131.04123
0.83215011 -0.019419782 -0.55421029 -122.68919 0.0050103528 0.99960915 -0.027503686 -12.244712 0.55452784 0.020110406 0.83192216 131.73635
0.84084947 -0.017929652 -0.54097197 -123.14337 0.005400257 0.99967936 -0.024738989 -12.281464 0.54124212 0.017880378 0.84067668 132.44659
0.84866046 -0.017360929 -0.52865301 -123.58076 0.0062646714 0.99972101 -0.022773931 -12.316334 0.52890094 0.016015497 0.84853245 133.15197
0.85558227 -0.017613062 -0.51736712 -124.027 0.0076080963 0.99974091 -0.021453135 -12.349791 0.51761097 0.014418743 0.8554946 133.89014
0.86215386 -0.017507532 -0.50634394 -124.44903 0.0079374405 0.99974686 -0.021052501 -12.384151 0.50658439 0.01413142 0.86207458 134.62335
0.86901561 -0.016624213 -0.4945053 -124.89046 0.0073885119 0.99975997 -0.020625644 -12.414415 0.49472953 0.014270349 0.86892984 135.35241
0.87508497 -0.014771661 -0.48374381 -125.29314 0.0058340328 0.99978344 -0.019975839 -12.449209 0.48393416 0.014658379 0.87498164 136.08653
0.88108954 -0.013824661 -0.47274738 -125.70047 0.0051754984 0.99979468 -0.019591321 -12.472227 0.4729212 0.014815004 0.88098018 136.82606
0.88640079 -0.014275441 -0.46269843 -126.09162 0.0058498478 0.99979001 -0.019639431 -12.510253 0.46288167 0.014701692 0.88629817 137.58698
0.89132827 -0.015585987 -0.45309047 -126.47686 0.0069069832 0.99975973 -0.020803468 -12.540373 0.45330589 0.015413231 0.89122176 138.33328
0.89563077 -0.016159126 -0.44450466 -126.87004 0.0076052192 0.99975012 -0.021020298 -12.577573 0.4447333 0.01544587 0.89552986 139.10925
0.89869737 -0.015470947 -0.43829633 -127.26946 0.0072435375 0.9997649 -0.020437228 -12.600574 0.43850951 0.015192067 0.89859815 139.90958
0.90162792 -0.013910255 -0.43228876 -127.62199 0.0070684887 0.99982311 -0.017429664 -12.63408 0.43245478 0.012659444 0.90156676 140.70029
0.9052638 -0.009991035 -0.42473241 -128.01241 0.0047549748 0.9998991 -0.013386124 -12.658646 0.42482333 0.010098381 0.90521996 141.50651
0.90813317 -0.0071605229 -0.41862018 -128.403 0.0029019875 0.99993737 -0.010808565 -12.682652 0.41867139 0.008600786 0.90809708 142.3323
0.91108527 -0.0046805247 -0.41219136 -128.78103 0.0012885387 0.99996299 -0.0085066871 -12.698952 0.41221595 0.0072191926 0.91105758 143.16971
0.91404328 -0.0028195828 -0.40560685 -129.15859 0.00025004778 0.99997957 -0.0063878872 -12.715228 0.40561661 0.005737384 0.91402531 144.01689
0.91722491 -0.0017565179 -0.39836587 -129.54523 0.00044277694 0.99999416 -0.0033898027 -12.734519 0.39836953 0.002932824 0.91722033 144.87887
0.9207692 -0.0014020122 -0.39010524 -129.91823 0.00091153993 0.99999854 -0.0014424119 -12.756156 0.39010673 0.00097253168 0.92076914 145.78446
0.92387178 -0.0015572532 -0.38269895 -130.29797 0.0015375207 0.99999875 -0.00035740731 -12.772909 0.38269906 -0.00025820934 0.92387303 146.6606
0.92746209 -0.0025273439 -0.37390863 -130.66189 0.0024526631 0.99999676 -0.00067552294 -12.770317 0.37390916 -0.00029055029 0.92746529 147.56941
0.93124498 -0.005069861 -0.36435844 -131.01764 0.0050542334 0.99998673 -0.00099644899 -12.803541 0.36435868 -0.00091361477 0.93125825 148.47999
0.93478552 -0.0066966865 -0.3551495 -131.37711 0.0064023547 0.9999775 -0.0020039665 -12.809002 0.35515496 -0.00040051447 0.93480736 149.40129
0.93920202 -0.0075231977 -0.34328262 -131.69876 0.0065713917 0.99997066 -0.0039358624 -12.832922 0.34330219 0.0014407251 0.9392239 150.35398
0.94388179 -0.0060915821 -0.33022726 -132.06208 0.00467039 0.9999761 -0.0050969167 -12.847265 0.33025044 0.0032685966 0.94388769 151.33094
0.94953228 -0.0025081099 -0.31365928 -132.41234 0.0013032305 0.99999095 -0.0040509815 -12.864793 0.31366662 0.0034377672 0.94952696 152.31987
0.95573738 0.0012797265 -0.2942183 -132.72852 -0.0017253285 0.99999772 -0.0012549772 -12.87882 0.29421605 0.0017070517 0.95573742 153.30233
0.96145372 0.0040475446 -0.274937 -133.03017 -0.0039777059 0.99999176 0.00081157244 -12.887805 0.27493804 0.00031332899 0.9614619 154.30537
0.96725706 0.0058784327 -0.25373059 -133.2994 -0.0056392062 0.9999827 0.0016701545 -12.910811 0.25373604 -0.00018462985 0.96727348 155.35693
0.97252076 0.0072127883 -0.23270441 -133.5583 -0.0067457464 0.99997332 0.0028027738 -12.917732 0.23271844 -0.001155991 0.97254347 156.41194
0.97742938 0.0080535604 -0.21110884 -133.79713 -0.0070269276 0.99995956 0.0056127898 -12.938091 0.21114552 -0.0040026594 0.97744644 157.4723
0.98211304 0.0097901669 -0.18803756 -134.01472 -0.0082494149 0.9999257 0.0089747064 -12.934081 0.18811147 -0.0072629766 0.98212083 158.57454
0.98609725 0.011648909 -0.16576041 -134.21229 -0.009642694 0.99987026 0.012902747 -12.951654 0.16588922 -0.011124987 0.98608164 159.66558
0.98966439 0.013491927 -0.14276684 -134.39132 -0.011256138 0.99980122 0.016456528 -12.943001 0.1429605 -0.014679437 0.98961953 160.81154
0.99253311 0.014993385 -0.12105053 -134.53771 -0.013093358 0.99977852 0.016476369 -12.944867 0.12127077 -0.014768384 0.9925096 161.96238
0.99496346 0.014993725 -0.099110592 -134.65383 -0.013603846 0.99979963 0.014684524 -12.943544 0.099310917 -0.01326228 0.99496807 163.0937
0.99689927 0.014903926 -0.077263946 -134.76327 -0.013895149 0.99981127 0.013577478 -12.934793 0.077451729 -0.012461784 0.99691822 164.25735
0.9982694 0.013366795 -0.057267232 -134.83784 -0.012515575 0.99980619 0.015196998 -12.94202 0.057459273 -0.014453966 0.99824321 165.42033
0.99920521 0.01390922 -0.037356145 -134.89324 -0.013269441 0.99976194 0.017320163 -12.938823 0.037588165 -0.016810702 0.99915191 166.62688
0.9997753 0.014053381 -0.015869878 -134.93338 -0.013762585 0.99973806 0.018286715 -12.936256 0.016122712 -0.018064196 0.99970683 167.8422
0.99987605 0.015386997 0.0033357088 -134.93636 -0.015447571 0.9997008 0.01896531 -12.929643 -0.0030428918 -0.019014488 0.99981458 169.04341
0.99954602 0.015830643 0.02563472 -134.91169 -0.016329284 0.99967921 0.019360643 -12.925788 -0.025320008 -0.019770451 0.99948388 170.2882
0.99885409 0.017958008 0.044362286 -134.87231 -0.018808758 0.99964568 0.01883489 -12.916615 -0.044008334 -0.019647707 0.99883794 171.52764
0.99772932 0.019052547 0.064600375 -134.81425 -0.020244415 0.99963578 0.017845674 -12.907615 -0.064236846 -0.019112949 0.99775163 172.78379
0.99612549 0.019074075 0.085849835 -134.71526 -0.020469944 0.99967173 0.015408517 -12.907151 -0.085527757 -0.017106158 0.99618893 174.0562
0.99441033 0.021026878 0.10346965 -134.5917 -0.022501717 0.99966088 0.013107141 -12.903434 -0.10315897 -0.015362121 0.99454625 175.31491
0.99233055 0.021569414 0.12171624 -134.46043 -0.023106314 0.99966994 0.011229442 -12.908144 -0.12143387 -0.013955732 0.99250141 176.60576
0.98970789 0.021605649 0.14146194 -134.2713 -0.023023209 0.99969971 0.0083915795 -12.917288 -0.14123817 -0.01156212 0.98990813 177.93274
0.98684121 0.022729676 0.16008682 -134.06787 -0.023508332 0.99971922 0.0029714802 -12.920981 -0.15997434 -0.0066957532 0.98709846 179.17715
0.98355615 0.024460725 0.17893845 -133.84803 -0.024283748 0.99970005 -0.0031796423 -12.94974 -0.17896257 -0.0012179393 0.98385513 180.47761
0.98045115 0.026814544 0.19492696 -133.60335 -0.025618869 0.99963433 -0.0086529391 -12.957035 -0.19508772 0.0034899762 0.98077959 181.77408
0.97667588 0.029099403 0.21273796 -133.33321 -0.027036224 0.99955502 -0.012601551 -13.004131 -0.21301001 0.0065560005 0.97702802 183.09309
0.97241512 0.031390924 0.2311351 -133.02407 -0.028572651 0.99947105 -0.015531365 -13.032515 -0.2315004 0.0084987918 0.97279769 184.41725
0.96837644 0.030594358 0.24761069 -132.72439 -0.027666594 0.99950018 -0.015295746 -13.070544 -0.24795492 0.0079614956 0.96873886 185.73214
0.96390554 0.029639865 0.26458947 -132.37039 -0.02648882 0.9995294 -0.015469996 -13.110841 -0.26492351 0.0079029519 0.96423705 187.06559
0.95888955 0.029296705 0.28226323 -131.9896 -0.024585169 0.99949323 -0.020220128 -13.167471 -0.2827126 0.012449381 0.95912387 188.40834
0.95410483 0.030746469 0.29789029 -131.59359 -0.024490039 0.99939457 -0.024713096 -13.220094 -0.2984698 0.01628354 0.95428016 189.74008
0.94847934 0.032948092 0.31512119 -131.16217 -0.026368162 0.99933657 -0.025122327 -13.260076 -0.31573989 0.015518842 0.94871887 191.06558
0.94243455 0.03472453 0.33258279 -130.71127 -0.027915192 0.9992918 -0.025231906 -13.320617 -0.33322345 0.014495308 0.94273646 192.4061
0.93614497 0.038963176 0.3494488 -130.23283 -0.030888836 0.9991121 -0.028651274 -13.368405 -0.3502549 0.01602768 0.93651729 193.76751
0.92908192 0.039874261 0.36771838 -129.72536 -0.030122089 0.99902665 -0.032224558 -13.437488 -0.36864542 0.018862809 0.92937869 195.08101
0.92244205 0.04057038 0.38399829 -129.18557 -0.029309465 0.99895271 -0.035134555 -13.498569 -0.38502159 0.021154807 0.92266509 196.44363
0.91499824 0.041074981 0.40136149 -128.61967 -0.027502863 0.99884016 -0.039521157 -13.582833 -0.40251934 0.0251232 0.91506667 197.76266
0.90641685 0.044314442 0.42005322 -128.03027 -0.027716888 0.99857802 -0.045537977 -13.663353 -0.42147394 0.029633822 0.9063562 199.05041
0.89662212 0.047947679 0.44019288 -127.42515 -0.029217247 0.99835987 -0.049233438 -13.755245 -0.44183157 0.031282566 0.89655244 200.37146
0.8843455 0.05080086 0.46406066 -126.76443 -0.030782114 0.99824362 -0.050617547 -13.843337 -0.46581705 0.030478633 0.88435601 201.72742
0.871339 0.055021567 0.48758687 -126.07353 -0.033338391 0.99803542 -0.053045796 -13.937149 -0.48954767 0.02996551 0.87146151 203.01935
0.85654505 0.059532529 0.512627 -125.34602 -0.035703663 0.99777996 -0.056217426 -14.038912 -0.51483576 0.029850097 0.85676901 204.32991
0.84168338 0.063213286 0.53625847 -124.58481 -0.037206369 0.99755296 -0.05919276 -14.152886 -0.53868804 0.029869332 0.84197568 205.58592
0.82630606 0.064690092 0.55949393 -123.77133 -0.036655131 0.99745268 -0.061192712 -14.256591 -0.56202733 0.030055587 0.82657242 206.81393
0.8096949 0.065826543 0.5831475 -122.9253 -0.035370181 0.99735664 -0.06347191 -14.371289 -0.58578422 0.03076685 0.80988288 208.0735
0.79408623 0.067857728 0.60400526 -122.03205 -0.033640742 0.99713185 -0.067796517 -14.497958 -0.60687346 0.033517097 0.79409146 209.27022
0.77757771 0.070698682 0.62479963 -121.13955 -0.031802561 0.99680906 -0.073214073 -14.629045 -0.62798212 0.037059404 0.7773449 210.46593
0.76081293 0.072343112 0.64492645 -120.18072 -0.029915191 0.99662048 -0.07650293 -14.762863 -0.64828142 0.038911322 0.76040591 211.62474
0.74434799 0.073927167 0.66368728 -119.20242 -0.027957408 0.99643189 -0.079635919 -14.894139 -0.66720648 0.040721862 0.74375888 212.74341
0.72807996 0.074881083 0.68139002 -118.16533 -0.026360323 0.99633893 -0.081325693 -15.045644 -0.68498522 0.041249947 0.72738829 213.88487
0.71225642 0.075211566 0.69787819 -117.12304 -0.024182469 0.99628184 -0.082690359 -15.192819 -0.7015027 0.042020322 0.71142694 214.99186
0.69739143 0.075621088 0.71268969 -116.05414 -0.021194887 0.99615899 -0.084959127 -15.339673 -0.716377 0.044144391 0.69631552 216.06577
0.68183882 0.077183763 0.72741903 -114.9691 -0.018566797 0.9959235 -0.088270388 -15.492936 -0.73126681 0.046680337 0.68049235 217.12672
0.6669989 0.079701973 0.74078338 -113.85081 -0.016397833 0.99559134 -0.09235258 -15.663966 -0.74487826 0.049451829 0.66536527 218.14961
0.65194828 0.082027498 0.75381356 -112.70033 -0.015023514 0.99533373 -0.095315585 -15.819741 -0.75811462 0.050815905 0.65013846 219.16059
0.63590472 0.082692829 0.76732459 -111.53549 -0.013781876 0.99530135 -0.095839914 -15.992254 -0.77164454 0.050369883 0.63405649 220.1561
0.61919424 0.083930963 0.78073941 -110.36193 -0.014142281 0.99530198 -0.095780785 -16.165815 -0.78511053 0.048265476 0.61747223 221.12369
0.60172905 0.085275467 0.79413487 -109.16791 -0.016462302 0.99539694 -0.09441355 -16.340845 -0.79853065 0.043738088 0.60036308 222.06618
0.58358805 0.085550152 0.80753087 -107.97233 -0.018548951 0.99558002 -0.092067162 -16.5012 -0.81183802 0.038750446 0.58259547 222.97119
0.56659648 0.087495877 0.81933683 -106.7614 -0.020719238 0.99554482 -0.091984903 -16.674366 -0.82373491 0.035142289 0.56588504 223.84516
0.54760117 0.090552135 0.83182523 -105.53558 -0.021983518 0.99534075 -0.093880333 -16.848954 -0.83645068 0.033122536 0.54704041 224.70289
0.52941398 0.093941669 0.84314633 -104.2869 -0.023988336 0.99511047 -0.095810862 -17.019301 -0.84802444 0.030497934 0.5290789 225.49905
0.50949208 0.094551638 0.85526472 -103.04545 -0.024996329 0.99515138 -0.095125823 -17.19616 -0.86011224 0.027087376 0.50938519 226.28052
0.48963466 0.093234596 0.86692857 -101.81971 -0.02513822 0.99536279 -0.09284929 -17.361568 -0.87156528 0.02366919 0.48970787 226.99801
0.46839721 0.09115837 0.87880267 -100.5526 -0.024261029 0.99561504 -0.090344337 -17.525428 -0.88318487 0.02099638 0.4685549 227.71308
0.44580486 0.090046026 0.89058951 -99.2782 -0.025183084 0.99579527 -0.088077238 -17.691907 -0.8947759 0.016837471 0.446198 228.38035
0.42423241 0.088758908 0.9011929 -98.021851 -0.023625989 0.99593092 -0.086967873 -17.845602 -0.90524513 0.015603018 0.42460319 229.00843
