1.000000000000000000e+00 -3.306050084167601550e-19 -2.270457535318767223e-19 -8.673617379884035472e-19 7.546676715296109287e-19 1.000000000000000000e+00 6.237773588823049983e-19 1.387778780781445676e-17 -3.447385680526250622e-20 4.770700176052009879e-20 1.000000000000000222e+00 5.551115123125782702e-17
9.342745913528943680e-01 7.223781965674815585e-03 3.564281284048320675e-01 -3.390235487825928651e+00 -1.048643292822622024e-02 9.999189593840315249e-01 7.220633737798653508e-03 -4.057125237050251965e-02 -3.563471173570295636e-01 -1.048443392812838451e-02 9.342746146607187052e-01 5.721592300483286486e+00
7.033019289366245763e-01 7.497671047586334419e-04 7.107847756945824269e-01 -4.642290272813175633e+00 -1.660348447647933337e-02 9.997441023473190302e-01 1.537083609805895215e-02 -3.296722189664745561e-02 -7.105912479270729554e-01 -2.261106382289404179e-02 7.031342908863141838e-01 1.148244723664281963e+01
1.636569583858842880e-01 -5.596021118460540490e-03 9.865192306599042116e-01 -3.091861595082499914e+00 -3.235800694721496090e-02 9.994156260393100011e-01 1.103059525761163930e-02 8.672214982569761976e-02 -9.860045605057088380e-01 -3.371038574945187105e-02 1.633800731551814100e-01 1.608453246561291650e+01
-1.157954891093847527e-01 -1.061882734341836401e-02 9.931798099639811417e-01 3.033925887232391538e-01 -3.315925755120065904e-02 9.994266688603279380e-01 6.811745550406517365e-03 2.264508663229100605e-01 -9.926826861063261509e-01 -3.215022063895597165e-02 -1.160810763845681326e-01 1.819447021189819935e+01
-6.084894914919912745e-01 -2.756044399411764281e-02 7.937399570506840085e-01 3.722595260031658082e+00 -3.671974464416739858e-02 9.993046516467443130e-01 6.620164051284826642e-03 2.424640504129546570e-01 -7.933708077387540136e-01 -2.509767786924217009e-02 -6.090786074394514138e-01 1.882548413447290514e+01
-7.377847412086534495e-01 -2.686014003174462886e-02 6.738718585431473507e-01 6.678391913739050167e+00 -3.235190530915286328e-02 9.994664242482680372e-01 4.361217979740068286e-03 3.067567584251016943e-01 -6.736292502239847879e-01 -1.860509374008413597e-02 -7.382598590611904044e-01 1.733792623040764980e+01
-9.871054643581482768e-01 -3.100738455665174795e-02 1.575555904276959296e-01 8.212399984057693558e+00 -3.156005761537600263e-02 9.995015524703411147e-01 -9.613723143114868280e-04 3.054265757103897805e-01 -1.574472681255040529e-01 -5.920538362079489150e-03 -9.875920324214276791e-01 1.522663386529285923e+01
-9.556901702830454814e-01 -3.348502808959333971e-02 2.903873235256764773e-01 7.706042470489656182e+00 -3.118934519559410368e-02 9.994344171732738591e-01 1.257390002071769736e-02 2.802375243988308728e-01 -2.906444168134820205e-01 2.973765408457273388e-03 -9.561940240165406335e-01 1.288100846110695841e+01
-9.775071784300176647e-01 -2.861420731925951380e-02 -2.096488629289906258e-01 7.100352136123278868e+00 -3.076216984782219679e-02 9.995029302062711229e-01 6.922943239894119305e-03 2.955420968910401625e-01 2.093465922434372961e-01 1.321385158895807370e-02 -9.779017256875389696e-01 1.150775807006102092e+01
-9.993057420423301362e-01 -2.336023947799592548e-02 3.819125122491382612e-02 7.256872575983723372e+00 -2.272538040466479808e-02 9.995875661269731927e-01 1.756976152046537190e-02 2.895015103183993244e-01 -3.858608014339127978e-02 1.668384177662214293e-02 -9.994245304788387241e-01 1.086334496742762212e+01
-9.564475877059728237e-01 -1.839494054962711317e-02 -2.906291385311159936e-01 6.761241033904713760e+00 -2.322741932264320991e-02 9.996441324325273659e-01 1.312962256286874345e-02 2.739194688579257297e-01 2.902840460671752831e-01 1.930879586526096023e-02 -9.565346694785993309e-01 1.082222900627980700e+01
-9.962080297812649921e-01 -1.620440992165269115e-02 -8.785714589495802196e-02 7.263405403543314875e+00 -1.820865825312780947e-02 9.995877791508623877e-01 2.219361881784901944e-02 2.967004675307679529e-01 8.746144891914962860e-02 2.370682962541724448e-02 -9.960924258947134735e-01 1.035238470537477262e+01
-9.310216734108781589e-01 -1.379728673446325819e-02 -3.670309529908598045e-01 6.580739925183080707e+00 -2.260493421903622333e-02 9.995506638230351459e-01 1.969573975745829084e-02 2.704872186230927733e-01 3.665943357403217973e-01 2.661872052713560102e-02 -9.309153958801439366e-01 1.076190239025430984e+01
-9.679261427435230658e-01 -1.050221465267839327e-02 -2.512005371638197926e-01 7.000495334042824425e+00 -1.790903453184827104e-02 9.994682148663383003e-01 2.724382634865369149e-02 2.924521904518815885e-01 2.507809424018163647e-01 3.087313838855319445e-02 -9.675995205099612306e-01 1.042552743680618832e+01
-8.885317435109164608e-01 -5.491744373179560830e-03 -4.580209085671994029e-01 6.318256648444929624e+00 -1.927421619369001915e-02 9.994919777765299829e-01 2.538562850025270073e-02 2.724110584884778530e-01 4.576486141037923172e-01 3.138539645234198622e-02 -8.881862054875374612e-01 1.049966477702824186e+01
-9.302930708847634289e-01 8.127650350498301325e-04 -3.689216838291647371e-01 6.674795185596585689e+00 -1.120798439215160529e-02 9.994731880202599728e-01 3.046099460053914437e-02 2.908625157063297051e-01 3.687521762923424706e-01 3.245262665247643924e-02 -9.297942380957321395e-01 9.969400415219251244e+00
-8.335791975671812404e-01 2.549267365586088772e-03 -5.516991401748591040e-01 5.866553591206774776e+00 -1.479526858710504371e-02 9.995262476679591668e-01 2.698037544668780222e-02 2.758939928005599840e-01 5.515066554102155960e-01 3.066857839089495719e-02 -8.331463637413724088e-01 1.011960032265393927e+01
-8.767602848681219641e-01 6.699158928078030421e-03 -4.801200224845535991e-01 6.154361090836647286e+00 -9.270567109879964893e-03 9.994803779968564061e-01 3.086695960205308731e-02 2.930408333736899129e-01 4.800773483124766705e-01 3.152380284547158518e-02 -8.762424892163810375e-01 9.634928278339829788e+00
-7.866266552543611512e-01 5.536153807745572940e-03 -6.171344287965843112e-01 5.423586722367997659e+00 -1.578870926876856096e-02 9.994525190368359624e-01 2.907992119749384582e-02 2.776293191823706596e-01 6.169574189355899740e-01 3.261293409041565033e-02 -7.861087016502117386e-01 9.820285714651220133e+00
-7.978477563841179787e-01 7.066710030548713217e-03 -6.025922687217011298e-01 5.607632338374369141e+00 -1.543468327374672260e-02 9.993631746524144210e-01 3.216604729890158026e-02 2.967314225573935982e-01 6.024359898511194578e-01 3.497374912504006006e-02 -7.972304641972515205e-01 9.330541435298925990e+00
-7.249482137427946116e-01 8.382724532126821157e-03 -6.885153754118917835e-01 4.858833283454672802e+00 -1.721255268834965407e-02 9.993927145779897270e-01 3.029552151390403278e-02 2.869183798064037783e-01 6.883512341824288283e-01 3.381725080141305406e-02 -7.243635458066611799e-01 9.349045935474693536e+00
-7.329935333444618228e-01 1.092446468247035285e-02 -6.806944868485579336e-01 4.943954255516911367e+00 -1.579557472009681870e-02 9.993294008069575352e-01 3.303351162826741877e-02 3.119176529525246044e-01 6.805990203465437371e-01 3.495570298328400105e-02 -7.323298678973712006e-01 8.731980666055561002e+00
-6.614498722452424317e-01 1.025228304220368938e-02 -7.502981354784012957e-01 4.121023745174877462e+00 -1.947971726587275840e-02 9.993354235545023334e-01 3.081763262397418240e-02 2.978063939889287748e-01 7.501154081843771637e-01 3.498226834151684644e-02 -6.608109401222788115e-01 8.776480625130602675e+00
-6.349302318309065774e-01 1.052721590702584975e-02 -7.724299450241240983e-01 4.098571192795660068e+00 -1.826415574337685033e-02 9.994230630479877808e-01 2.863405189454316588e-02 3.224670559765636102e-01 7.722858333727115054e-01 3.228668502462941903e-02 -6.343716359007666172e-01 8.261295996987731982e+00
-6.006705849329514457e-01 1.114206668881937042e-02 -7.993899467419007809e-01 3.292972628031513693e+00 -1.596331481254149864e-02 9.995359618349662911e-01 2.593113079446653785e-02 3.049029918789664118e-01 7.993083117178633179e-01 2.835009053052399766e-02 -6.002139200691289922e-01 8.143268139449206799e+00
-5.793579898338420131e-01 9.831521847585142013e-03 -8.147186544489239957e-01 3.103003690130469394e+00 -1.340041264182066649e-02 9.996770568284085723e-01 2.159380904633578097e-02 3.289075139081865107e-01 8.146680061148557916e-01 2.342921461703771288e-02 -5.790389642647690849e-01 7.809168333078361002e+00
-5.525457210803885744e-01 9.213325953438170068e-03 -8.335942945711796170e-01 2.369969579483781619e+00 -1.152836582197286873e-02 9.997589800684921757e-01 1.869024420828542185e-02 3.386792995422024943e-01 8.335656240491228219e-01 1.992401862546230862e-02 -5.523063805167290896e-01 7.517326191094503507e+00
-5.345380994277199038e-01 9.596615724567058442e-03 -8.450265913993617595e-01 1.994015981714336583e+00 -1.003392337053127942e-02 9.997929628142061542e-01 1.770192440805947592e-02 3.483002317998570296e-01 8.450216712986742262e-01 1.794284526143183345e-02 -5.343311034491999845e-01 7.186544970378944797e+00
-5.220000888834692709e-01 1.009217031358763950e-02 -8.531168651360914179e-01 1.342394778332782757e+00 -9.099785037297990209e-03 9.998075249340269144e-01 1.738459775076609676e-02 3.557625067744039082e-01 8.531281452118817388e-01 1.683239294375478076e-02 -5.218077040330405536e-01 6.923775217166198814e+00
-5.109698649270628668e-01 1.230032865309475115e-02 -8.594787633084470801e-01 8.667862390777628656e-01 -7.885200174632976677e-03 9.997884310965605703e-01 1.899641627072201286e-02 3.562254197816412948e-01 8.595306956360501127e-01 1.648524758163814885e-02 -5.107646983525727657e-01 6.548894011439846174e+00
-5.009002889597257147e-01 1.373986400725145558e-02 -8.651758663045084896e-01 2.153345556681812711e-01 -8.040278716178760055e-03 9.997568522956890025e-01 2.053494301962964855e-02 3.623268574059558267e-01 8.652477220529606328e-01 1.724445221499465788e-02 -5.006680080953324063e-01 6.251611193067617478e+00
-4.897477430119425712e-01 1.557091682951257383e-02 -8.714311003098348385e-01 -3.785798606806679567e-01 -9.134860644256928910e-03 9.996937829977042833e-01 2.299577625539823283e-02 3.761895764138376563e-01 8.715225360794870424e-01 1.923046042430215721e-02 -4.894553638211346369e-01 5.881339237531803654e+00
-4.815853276162709307e-01 1.692655037374050583e-02 -8.763589322391006631e-01 -1.033337171732989335e+00 -9.697932782493026357e-03 9.996494451708127782e-01 2.463462832164988944e-02 3.870223358418137805e-01 8.764687294276519713e-01 2.036460853700594251e-02 -4.812523485459054839e-01 5.540746057067964081e+00
-4.720137206974132082e-01 1.856987684280029735e-02 -8.812230357299377648e-01 -1.686794159973951990e+00 -1.096806649987665423e-02 9.995766356840446454e-01 2.694080935413641423e-02 3.994742160619109139e-01 8.813506588352342241e-01 2.239720592460006307e-02 -4.716100083780498942e-01 5.190090272891678680e+00
-4.626764500353768850e-01 2.012008537173481937e-02 -8.863215513930458034e-01 -2.370271581812913642e+00 -1.063051410006798751e-02 9.995448591656236337e-01 2.823327070766003602e-02 4.126905295549865293e-01 8.864863083934697574e-01 2.248714012320706876e-02 -4.622520067426275636e-01 4.858437210159360475e+00
-4.532883249567131179e-01 2.135746605644061463e-02 -8.910714547950938647e-01 -3.076195039330198444e+00 -1.125077558859110052e-02 9.994961797153797400e-01 2.967885122342010795e-02 4.195197392558610017e-01 8.912565603619359011e-01 2.347776221654091292e-02 -4.528196251501308001e-01 4.473810040925728870e+00
-4.435478758530098098e-01 2.324155323432160539e-02 -8.955391735111062346e-01 -3.788198132687845998e+00 -1.186700120490082749e-02 9.994232557287436869e-01 3.181206626938008070e-02 4.401601102747690897e-01 8.957622734740380288e-01 2.475594415265283676e-02 -4.430159221444868733e-01 4.148364509719285387e+00
-4.322829257572931572e-01 2.626330426436767132e-02 -9.015693980759841297e-01 -4.525993214630753769e+00 -1.364775446373721161e-02 9.992710616379931743e-01 3.565186101253604856e-02 4.545458922989161765e-01 9.018487758091050521e-01 2.770982719806440106e-02 -4.316096559231195617e-01 3.776251183296244207e+00
-4.195635695866270498e-01 2.988615814895469180e-02 -9.069351133663786646e-01 -5.266143558533807223e+00 -1.365731522950032646e-02 9.991360910335520540e-01 3.924645769229526820e-02 4.707893103960483216e-01 9.073249097027795695e-01 2.886699111826354983e-02 -4.187924492347058214e-01 3.448916584462556667e+00
-4.098941764488729378e-01 3.184119265194031850e-02 -9.117211425764086830e-01 -6.016358901894048650e+00 -1.438590985233875914e-02 9.990408776662864643e-01 4.134815361641665243e-02 4.849885529192771161e-01 9.121636719949158811e-01 3.007211923959811350e-02 -4.090430415875918047e-01 3.107833401009621355e+00
-3.961219867101484771e-01 3.330754656288847232e-02 -9.176949715776545613e-01 -6.761977241413620554e+00 -1.423226971673919629e-02 9.989995493323882148e-01 4.239372812918046352e-02 5.035668026749875459e-01 9.181889175754943677e-01 2.985280985630245007e-02 -3.952519053022170992e-01 2.786352188697152954e+00
-3.832658564687281832e-01 3.301232121845174700e-02 -9.233213135248014014e-01 -7.528027791001308699e+00 -1.502229687856621552e-02 9.990070001846816927e-01 4.196069554207493280e-02 5.172028865396195441e-01 9.237892831804255245e-01 2.992213991255689848e-02 -3.823899130946156188e-01 2.460362554057137885e+00
-3.670535755785656051e-01 3.154815433346629117e-02 -9.296698816080645189e-01 -8.286812178390697170e+00 -1.512371997573862085e-02 9.990904173943638833e-01 3.987851119957699919e-02 5.373858527872449331e-01 9.300822387035864169e-01 2.869042755778899306e-02 -3.662425348223137256e-01 2.162294182072312054e+00
-3.466748189764338739e-01 2.991955570670656525e-02 -9.372893643561870380e-01 -9.084155959825437776e+00 -1.793020696253631169e-02 9.990965833653288053e-01 3.852793142647627928e-02 5.516104825207041040e-01 9.375954962698361816e-01 3.017230630514917619e-02 -3.458248593958375139e-01 1.869042051235860091e+00
-3.230966700188707685e-01 2.795938094217266870e-02 -9.459147984052398428e-01 -9.868555464616980188e+00 -2.163583366629797528e-02 9.990837713250876329e-01 3.693366093414820334e-02 5.705681893353822254e-01 9.460808459118775771e-01 3.239016254205730194e-02 -3.221954471962619748e-01 1.607739632821075793e+00
-2.937773131343262567e-01 2.674444412379935535e-02 -9.554904965171753251e-01 -1.067689709058766745e+01 -2.437985886592753879e-02 9.990737604457546883e-01 3.546941737178703480e-02 5.868265776325102268e-01 9.555538951420949889e-01 3.370249862026146459e-02 -2.928531670913966378e-01 1.349564530566931264e+00
-2.638993311092715510e-01 2.625863918599427929e-02 -9.643701126475623386e-01 -1.151480127471561588e+01 -2.647558793520849926e-02 9.990563042323367116e-01 3.443493726900155594e-02 6.058469330534631547e-01 9.643643888711905809e-01 3.461334301592045026e-02 -2.629555661673460554e-01 1.139234351942661538e+00
-2.290078735463944859e-01 2.559803839997893543e-02 -9.731050028615122471e-01 -1.234238302626574146e+01 -2.670409977361128118e-02 9.991130094296691855e-01 3.255801600163162751e-02 6.151069751660277474e-01 9.730753844100961114e-01 3.344563481306026681e-02 -2.281212632312207278e-01 9.508658414753615729e-01
-1.944858300010106067e-01 2.428424249146522718e-02 -9.805718076577851772e-01 -1.320389874240366090e+01 -2.621700398677899793e-02 9.992076750137277585e-01 2.995077644523807744e-02 6.277022285549084257e-01 9.805221623383776341e-01 3.152604528312880072e-02 -1.936950810967014713e-01 7.809364081956173820e-01
-1.649927758037754710e-01 2.220059789905817760e-02 -9.861527268362191290e-01 -1.401740322093036895e+01 -2.740679614391886010e-02 9.992579310614174704e-01 2.706659559762358142e-02 6.293426028329180966e-01 9.860218348601441640e-01 3.148962405881985949e-02 -1.642622477430698003e-01 6.425677226792512187e-01
-1.321902905462006284e-01 1.914582940422774812e-02 -9.910329734739293794e-01 -1.487927902833270899e+01 -2.906941847747202337e-02 9.993086072038722678e-01 2.318698449875294595e-02 6.408809647631605877e-01 9.907916312963728211e-01 3.186894471019962455e-02 -1.315422979666086012e-01 5.311795613218830425e-01
-9.980413007703850536e-02 1.550458227704228434e-02 -9.948524150863191640e-01 -1.575199914260994305e+01 -2.467096590691203462e-02 9.995321699962844697e-01 1.805809101941561329e-02 6.417002636316617714e-01 9.946672528626513410e-01 2.635905185069372519e-02 -9.937468421350781345e-02 4.654705384790990830e-01
-6.916696168901156905e-02 1.110212899480215662e-02 -9.975148992805622505e-01 -1.660141736340311880e+01 -1.917123866582414599e-02 9.997385403640561830e-01 1.246154641013259151e-02 6.370005567926551038e-01 9.973923685031556019e-01 1.998316921338946783e-02 -6.893607997251841035e-02 4.263451916956375043e-01
-3.607600987558142597e-02 6.101637874207133799e-03 -9.993242168823770477e-01 -1.747127971202613850e+01 -1.199683682856431469e-02 9.999066919239473217e-01 6.538356187214719797e-03 6.278556302683520052e-01 9.992708122973337215e-01 1.222249219289850593e-02 -3.599944950060578880e-02 4.053383818744945577e-01
-8.815441801536155406e-03 1.934124237604654874e-03 -9.999574035759816182e-01 -1.832397106275536913e+01 -5.321457388791956018e-03 9.999839441216289426e-01 1.977087904338406445e-03 6.136884950894252455e-01 9.999452748681161296e-01 5.331850615591309656e-03 -8.805033352714489864e-03 4.142064399333557634e-01
1.934385928992991832e-02 -2.629953919043670572e-03 -9.998089723995641220e-01 -1.919318083185744328e+01 3.785520242427314018e-03 9.999895899041396641e-01 -2.554818027507690936e-03 6.012228561799470850e-01 9.998051667023010181e-01 -3.734264460960133505e-03 1.935360114849038124e-02 4.476274385320501148e-01
4.810262568852972237e-02 -1.165106171836269820e-02 -9.987596510300805752e-01 -2.005532787759834079e+01 1.076308631521808758e-02 9.998798720057932021e-01 -1.115123465952284725e-02 5.752919552567885564e-01 9.987695801550944275e-01 -1.020854660221358172e-02 4.822224136965539559e-02 4.920266332200251558e-01
7.227635426187682677e-02 -2.724407916807049940e-02 -9.970331206145349734e-01 -2.089211568550432574e+01 1.614276828972178307e-02 9.995275916575757646e-01 -2.614411566357512096e-02 5.401709316971767816e-01 9.972745360371910728e-01 -1.421413389441019900e-02 7.268225787025844875e-02 5.705355727836139978e-01
9.694850277979114028e-02 -4.505225540187912658e-02 -9.942546127211944196e-01 -2.172841639994040008e+01 1.780183551848146806e-02 9.988936426707993865e-01 -4.353041566965447362e-02 4.977945295112397028e-01 9.951154246199763742e-01 -1.347271243760042245e-02 9.764315926265883239e-02 6.598921044695235105e-01
1.259487652445380468e-01 -6.043342701897720659e-02 -9.901350806031745666e-01 -2.255827530973057549e+01 1.824808336134191647e-02 9.981156637372762264e-01 -5.858253087116804120e-02 4.514024033020196391e-01 9.918093459259311739e-01 -1.068358824191929790e-02 1.268133090171481847e-01 7.651836888361145395e-01
1.513554790899375724e-01 -7.124721257307030375e-02 -9.859267451768916057e-01 -2.339413831378287867e+01 2.314370545806809093e-02 9.973820474208391351e-01 -6.848279293332097672e-02 3.833965481036030187e-01 9.882263369772388284e-01 -1.246769612600676785e-02 1.526070916904792019e-01 9.021734451622823725e-01
1.766968086697244811e-01 -7.523633117588504615e-02 -9.814896989668087102e-01 -2.422032911446454762e+01 2.726892180318930131e-02 9.970638595551281069e-01 -7.154347523434241574e-02 3.124374037000632320e-01 9.839927619104918977e-01 -1.414561832480722842e-02 1.782319090895244373e-01 1.048982141934792889e+00
1.996116994921849908e-01 -7.442191748853468902e-02 -9.769562675806620078e-01 -2.505184042681676004e+01 3.027328814659910328e-02 9.971053202364766888e-01 -6.975969316948324450e-02 2.399226356056616827e-01 9.793181841043983038e-01 -1.563257802501991783e-02 2.012852769575110001e-01 1.223965996601579453e+00
2.211938813842527773e-01 -6.952873054712548073e-02 -9.727633106197455248e-01 -2.587002493209501353e+01 3.538874063527269742e-02 9.973713324326044516e-01 -6.322221803476842095e-02 1.681988789300318810e-01 9.746025411614346323e-01 -2.044333028943329245e-02 2.230721829955819580e-01 1.414781736322871408e+00
2.404320996661991061e-01 -6.523555554021334690e-02 -9.684188838641742958e-01 -2.669020314232660240e+01 4.281454289436603666e-02 9.974813716324394397e-01 -5.657740725462045983e-02 9.794302918414005132e-02 9.696688034074195661e-01 -2.783881729160108537e-02 2.426188917584980731e-01 1.630909865023110195e+00
2.547985691969110178e-01 -6.609441322385778417e-02 -9.647450297409911890e-01 -2.750501433512572547e+01 4.687076734807322370e-02 9.973328142027723109e-01 -5.594009003001010338e-02 2.883936074249846687e-02 9.658699904933021330e-01 -3.097155974070626983e-02 2.572170090868889925e-01 1.854036188778538818e+00
2.672674010729024774e-01 -6.967667579116665344e-02 -9.611291830720554152e-01 -2.830183170131151371e+01 5.052444881699995338e-02 9.970234701231828200e-01 -5.823831541125406436e-02 -3.476026921369000655e-02 9.623264493289209742e-01 -3.299409012287769782e-02 2.699927071997583750e-01 2.087332843269058102e+00
2.787240855872780143e-01 -7.181114273329404496e-02 -9.577540476296682037e-01 -2.908071628078133486e+01 5.283492911988150326e-02 9.968363559359283421e-01 -5.938776451725649719e-02 -1.025005829279065778e-01 9.589884367302050627e-01 -3.404245375765856119e-02 2.816371888822197245e-01 2.318496975239392022e+00
2.875852414828402037e-01 -7.342687374443579440e-02 -9.547758034532018989e-01 -2.986295344917024508e+01 4.704743733556266544e-02 9.969383867886717487e-01 -6.247635864544237583e-02 -1.631117759184864124e-01 9.564376724348013781e-01 -2.693551866319897348e-02 2.901566702953064514e-01 2.556100105753337459e+00
3.020341058755467434e-01 -7.114055879147224148e-02 -9.507495331715253295e-01 -3.063622544876362142e+01 4.565897341349689498e-02 9.971459669409659110e-01 -6.012477230177131621e-02 -2.222943805427999575e-01 9.523140408715952132e-01 -2.525004884378580228e-02 3.044211146510625854e-01 2.792787972172285027e+00
3.106080584369405040e-01 -7.211018184512890672e-02 -9.479475855111826332e-01 -3.142150984551827264e+01 4.802625008219131575e-02 9.970362060551026806e-01 -6.010409706211222031e-02 -2.872871383553847191e-01 9.494724158894416455e-01 -2.684598204017629719e-02 3.131495847377694930e-01 3.063472199354368541e+00
3.191936491767274897e-01 -7.394012314358205940e-02 -9.447751912623878479e-01 -3.219579359767083560e+01 5.149156882472319396e-02 9.968313029141093740e-01 -6.064097052754756356e-02 -3.591232218580725499e-01 9.462644458589445362e-01 -2.928926098646854673e-02 3.219905863632192000e-01 3.330323006360644378e+00
3.225713903755332290e-01 -7.791072721433264792e-02 -9.433545874264740450e-01 -3.298326912449024206e+01 5.305315156767952123e-02 9.965286705814176971e-01 -6.414266447107749847e-02 -4.128400405536702400e-01 9.450784761631414455e-01 -2.936333803720777083e-02 3.255844325847668252e-01 3.598391283638535221e+00
3.206515383912248995e-01 -7.977928599962573475e-02 -9.436782473894513856e-01 -3.379070094493552290e+01 5.215753619675980030e-02 9.964235652842595714e-01 -6.650123218989692497e-02 -4.757168376456943348e-01 9.456064843826903488e-01 -2.788304168102117078e-02 3.236636815913918608e-01 3.873553194125263666e+00
3.179902653129736412e-01 -7.973639947005492501e-02 -9.447071444053127820e-01 -3.461559219301323509e+01 5.465834948003361893e-02 9.963443335532244927e-01 -6.567106672012384960e-02 -5.396012686281089765e-01 9.464885790233916740e-01 -3.073353324526597111e-02 3.211825214951302687e-01 4.153293121116207409e+00
3.106306072057511414e-01 -7.841389000914233964e-02 -9.473268607750976456e-01 -3.545197086059997815e+01 5.265593317733367057e-02 9.964809182079090721e-01 -6.521884980687993327e-02 -6.131653199354419881e-01 9.491071961571431181e-01 -2.961902534475930118e-02 3.136661411550960565e-01 4.411670252161958850e+00
3.027112569693483080e-01 -7.707705717566458448e-02 -9.499304798038805675e-01 -3.631151928826690778e+01 5.007106241156561444e-02 9.966329498734139980e-01 -6.491010960127985285e-02 -6.803564364804994824e-01 9.517364997844899310e-01 -2.793431064377741718e-02 3.055530240208091386e-01 4.687100847584307672e+00
2.941077188319206059e-01 -7.712898239843764270e-02 -9.525791532148971674e-01 -3.720538789555207870e+01 4.787376885146173849e-02 9.966775019426701299e-01 -6.589134692820255990e-02 -7.508686405631932459e-01 9.544962345743003285e-01 -2.622439777629177390e-02 2.968213582907323067e-01 4.960047776628867311e+00
2.886803597704032942e-01 -7.590545430873756050e-02 -9.545111076956163121e-01 -3.808852805502441186e+01 4.516578906842827479e-02 9.968193569763034168e-01 -6.562027843868120658e-02 -8.258893870864625342e-01 9.564599530051616227e-01 -2.420712808699034685e-02 2.911942353368810465e-01 5.209867204900172410e+00
2.821665628111378887e-01 -7.490645216683561314e-02 -9.564130994358857052e-01 -3.901821959141166474e+01 4.072097065268819038e-02 9.969836732415637837e-01 -6.608385204262724744e-02 -9.006638144512360000e-01 9.584775485327052813e-01 -2.029255369455337105e-02 2.843659337337517412e-01 5.477896794010664649e+00
2.818838328644739377e-01 -7.268421299552048354e-02 -9.567740592003677325e-01 -3.993744261408045304e+01 3.572405610953375416e-02 9.972285984647601964e-01 -6.525080347457877517e-02 -9.693825222209815351e-01 9.588667340642157422e-01 -1.580107363710861121e-02 2.837010592999621439e-01 5.735256505633840263e+00
2.802613706781474923e-01 -7.081219479277622852e-02 -9.572467841060285920e-01 -4.089978353677842904e+01 3.300726822787403147e-02 9.973961857063180503e-01 -6.411830865818618497e-02 -1.045882079451472491e+00 9.592950141063146807e-01 -1.363310892604572069e-02 2.818693937364605273e-01 6.000226094500296092e+00
2.816132043723835188e-01 -6.938705128123012766e-02 -9.571125617988791578e-01 -4.186169936979742801e+01 3.147481819436884209e-02 9.975132483575582798e-01 -6.304996978289599541e-02 -1.119922807381104501e+00 9.591084920600695396e-01 -1.237622123014454033e-02 2.830969519159782233e-01 6.278981849114562586e+00
2.835599574823484681e-01 -6.817403878020421304e-02 -9.565472006293250784e-01 -4.281890042511132322e+01 3.137424118762169312e-02 9.975960429904042748e-01 -6.180397927226501109e-02 -1.202671215248977354e+00 9.584600710305856142e-01 -1.246935563147287887e-02 2.850162416918592956e-01 6.549395992484730478e+00
2.817875301535167631e-01 -6.720500822153059606e-02 -9.570018175789933856e-01 -4.382455301398512404e+01 3.113473043217443795e-02 9.976596808799420568e-01 -6.087352950500886373e-02 -1.277718238824609776e+00 9.588529659012283712e-01 -1.264466396043875673e-02 2.832198309835243788e-01 6.841112878826007382e+00
2.812058039534555132e-01 -6.635000438560464953e-02 -9.572771449767468743e-01 -4.482271396536744845e+01 3.156513694439835871e-02 9.977067624104166699e-01 -5.987883258299081524e-02 -1.355808267224661856e+00 9.590544506996847574e-01 -1.337413309870847701e-02 2.826550679802289356e-01 7.126235324411514860e+00
2.824798589783789060e-01 -6.553344486126122526e-02 -9.570621894461999180e-01 -4.582169604505725857e+01 3.120537996638034217e-02 9.977631171296382773e-01 -5.911566514835278618e-02 -1.436749846620970050e+00 9.587956938510334703e-01 -1.316657806528846383e-02 2.838932906003570067e-01 7.407612079513648418e+00
2.814142120711965456e-01 -6.404046549017329559e-02 -9.574421139031650263e-01 -4.684669484122864702e+01 2.886589030263208080e-02 9.978842624902933833e-01 -5.827085164788306515e-02 -1.511571944101665510e+00 9.591471343326515298e-01 -1.122229261093347225e-02 2.826667525655853774e-01 7.702569997076641251e+00
2.826891757037560127e-01 -6.324670797916909226e-02 -9.571928054690913568e-01 -4.783368376930437194e+01 2.832883887238164464e-02 9.979380149139825962e-01 -5.757790269582970660e-02 -1.592561548993347786e+00 9.588623498336343864e-01 -1.085606779244186089e-02 2.838992480953352326e-01 7.972747742528139447e+00
2.796605264750783304e-01 -6.265709178201962770e-02 -9.580722973861337532e-01 -4.885424749804681710e+01 2.713279289434336258e-02 9.979851557300103426e-01 -5.734656116501875983e-02 -1.676577053504521242e+00 9.597357788113413113e-01 -9.963605597448027193e-03 2.807974468575641369e-01 8.273058732847850649e+00
2.791118932796231578e-01 -6.160041840940529839e-02 -9.583330492455911509e-01 -4.984051393228239135e+01 2.677656742009922736e-02 9.980504046841156551e-01 -5.636810784888447723e-02 -1.750616944288918564e+00 9.599382368090650930e-01 -9.941898615988768034e-03 2.802185571197269298e-01 8.557791652374378444e+00
2.768271139929456837e-01 -5.823541511764440681e-02 -9.591645924700640258e-01 -5.084078375382738102e+01 2.699307753852637701e-02 9.982396011211840392e-01 -5.282464583347363379e-02 -1.832184316700670168e+00 9.605516548869471594e-01 -1.125221522080272797e-02 2.779111448597779144e-01 8.836155738372152513e+00
2.725465868801889013e-01 -5.701833414557821306e-02 -9.604662574195077518e-01 -5.184692466708835212e+01 2.799166174712015148e-02 9.982896214050828165e-01 -5.133462090420962826e-02 -1.900992121727730133e+00 9.617502475492962777e-01 -1.289118647727188934e-02 2.736768384562139889e-01 9.135904974078362883e+00
2.688900927038037625e-01 -5.669191723542917755e-02 -9.615111256091993797e-01 -5.285330836576182634e+01 2.741335180771547683e-02 9.983125882510510696e-01 -5.119719168276699872e-02 -1.979115536990101232e+00 9.627909423979147396e-01 -1.258564129755823657e-02 2.699901405478308813e-01 9.408698847055333658e+00
2.664076462162579539e-01 -5.679899205815228114e-02 -9.622182090942208443e-01 -5.385496473604573708e+01 2.778402256214600879e-02 9.983007034017560288e-01 -5.123070007891855626e-02 -2.056730587434737689e+00 9.634925037828534489e-01 -1.307279821313453438e-02 2.675320411595739634e-01 9.683320432368029529e+00
2.646150771936155999e-01 -5.641674164709953310e-02 -9.627200454282547337e-01 -5.485433745369579128e+01 2.728535913592246981e-02 9.983253343811919756e-01 -5.100837013729975222e-02 -2.136489167786461252e+00 9.639858945278618751e-01 -1.277442835922753747e-02 2.657116603780124153e-01 9.960154429261391940e+00
2.663760340687684747e-01 -5.811252803873905720e-02 -9.621079228043798448e-01 -5.582553399055009891e+01 2.680921798954386329e-02 9.982421214046864888e-01 -5.285629417038807676e-02 -2.206114953343897955e+00 9.634883456130631796e-01 -1.170980795831604547e-02 2.674647896349589549e-01 1.022749105915616497e+01
2.693860409080323093e-01 -6.060757297565056573e-02 -9.610475929177111354e-01 -5.680280481810206084e+01 2.516797775398054576e-02 9.981213736383854895e-01 -5.588475865900648792e-02 -2.285348122720060271e+00 9.626270447499140070e-01 -9.103589330769388047e-03 2.704034343095546578e-01 1.049172377457290573e+01
2.730607098322281323e-01 -6.160875322331300918e-02 -9.599035574436131091e-01 -5.779051803206799320e+01 2.412153244910384201e-02 9.980727157138726824e-01 -5.718052850245770174e-02 -2.368834970225992098e+00 9.615756368449549507e-01 -7.534225863763683272e-03 2.740195366616935968e-01 1.078144593830461950e+01
2.799368219361073051e-01 -5.983675235763805111e-02 -9.580341729371250059e-01 -5.876806084483285986e+01 2.395985878595412177e-02 9.981801239583618646e-01 -5.533949118844755377e-02 -2.432289427649486413e+00 9.596019102843530435e-01 -7.468820750660248517e-03 2.808612838666546541e-01 1.105286205886267226e+01
2.849514568851755358e-01 -5.585604819370226792e-02 -9.569102983203890966e-01 -5.974575484444362417e+01 2.728387407766018694e-02 9.983694094941995001e-01 -5.014142610010598883e-02 -2.525899887905054264e+00 9.581505305160502584e-01 -1.181730958189414031e-02 2.860102133420759363e-01 1.134967830047566117e+01
2.919391822999952146e-01 -5.436987151311901273e-02 -9.548489004908263800e-01 -6.070669095268815596e+01 2.398237723449384018e-02 9.984855429510484104e-01 -4.952271801963070708e-02 -2.593483733874578867e+00 9.560945334626197445e-01 -8.432855824775117512e-03 2.928005249930970555e-01 1.162645419556725024e+01
2.955400120945624876e-01 -5.639104268517594609e-02 -9.536468057632010442e-01 -6.167361404336212871e+01 2.539600387666409928e-02 9.983668006211381396e-01 -5.117045297661879794e-02 -2.666240706772675662e+00 9.549752081875052534e-01 -9.103758800724634156e-03 2.964900981901375521e-01 1.191272714191110182e+01
3.015853850127588331e-01 -5.906889108883157935e-02 -9.516103547462043677e-01 -6.262346063520470807e+01 2.609156135558411693e-02 9.982163403698799398e-01 -5.369029366750438514e-02 -2.738993534457388801e+00 9.530850813148232792e-01 -8.644749198272768179e-03 3.025889513541930032e-01 1.220785197671980171e+01
3.078974982176114206e-01 -5.908244386410694410e-02 -9.495300189830205850e-01 -6.356307671223337508e+01 2.467801859023679642e-02 9.982305772980127889e-01 -5.409846966025232823e-02 -2.810136835652552900e+00 9.510459670659976439e-01 -6.774212485527460192e-03 3.088101836091317609e-01 1.250216841932559753e+01
3.110190270361251064e-01 -6.009808541416339356e-02 -9.484506417373089748e-01 -6.451585257127911177e+01 2.388135787663955151e-02 9.981785145187734853e-01 -5.541759771973250870e-02 -2.882460375086839388e+00 9.500522071422528025e-01 -5.398359796000827895e-03 3.118869101205166694e-01 1.281417323984118006e+01
3.142028990899943808e-01 -5.938772098838187435e-02 -9.474433745286189312e-01 -6.545981069569353394e+01 2.377201532194345157e-02 9.982208849731495359e-01 -5.469402404618323860e-02 -2.965572119810878426e+00 9.490050015435107511e-01 -5.328320832085215938e-03 3.150555605432557305e-01 1.311616655034979750e+01
3.182880072485422818e-01 -5.095988158877499258e-02 -9.465983821644661234e-01 -6.639340323055144211e+01 2.555502953943640174e-02 9.986528155681256846e-01 -4.516503077789426474e-02 -3.032440726345465354e+00 9.476244108143334621e-01 -9.810062389274239181e-03 3.191611383191964579e-01 1.343118123393038843e+01
3.206334996741741494e-01 -4.068206032073966999e-02 -9.464952169555858053e-01 -6.733419746470761424e+01 2.524208335410659323e-02 9.990888591007531794e-01 -3.439503922994059659e-02 -3.098734200317169840e+00 9.470332168540112061e-01 -1.287760121050076680e-02 3.213690177681178817e-01 1.374700038763562659e+01
3.232925473983339071e-01 -3.746532879613281158e-02 -9.456311783550306327e-01 -6.826118315688971450e+01 2.576881354726332299e-02 9.991944706021838041e-01 -3.076860994620472106e-02 -3.150868457279329959e+00 9.460222569326346420e-01 -1.441392990026569426e-02 3.239969993716138585e-01 1.405136261866072012e+01
3.236775459177639314e-01 -4.325427836183364655e-02 -9.452346311443388105e-01 -6.918707315463764473e+01 2.626275771603877110e-02 9.989802168254664494e-01 -3.671703084525120009e-02 -3.206105885106342868e+00 9.458595513920033948e-01 -1.294855129690716984e-02 3.244837832677409106e-01 1.437220650356525375e+01
3.240659253841933207e-01 -4.870636134742524492e-02 -9.447582499138040824e-01 -7.009221718615482644e+01 2.665467968217911932e-02 9.987481035578328337e-01 -4.233121948331387135e-02 -3.270259008944798484e+00 9.456372070952775433e-01 -1.146035485591711395e-02 3.249577169781552310e-01 1.468497060737246684e+01
3.249477448155480008e-01 -5.267338976389374094e-02 -9.442277594937467100e-01 -7.100963010534296416e+01 3.322533519715224759e-02 9.984677145686712274e-01 -4.426586747889056650e-02 -3.325874130584410615e+00 9.451119189657387620e-01 -1.697990594602591732e-02 3.261994707686739492e-01 1.500042944950969215e+01
3.242828705976325554e-01 -5.170012703857242847e-02 -9.445523904084844879e-01 -7.192538490151711983e+01 3.635507675732466137e-02 9.984479801796805054e-01 -4.217865984304615401e-02 -3.393033891133212077e+00 9.452676800457302519e-01 -2.067392915906477585e-02 3.256602768090518518e-01 1.532462762030408676e+01
3.231925485597690884e-01 -4.907225783557037785e-02 -9.449687640533940280e-01 -7.284804390399430929e+01 3.565371643010925573e-02 9.985772439869592398e-01 -3.965201165464539435e-02 -3.449846983960082270e+00 9.455702023910218523e-01 -2.088083093503522239e-02 3.244820647340030395e-01 1.564599234243452130e+01
3.241172613302994443e-01 -4.317604284584914548e-02 -9.451229083943930576e-01 -7.376586820975623482e+01 3.363679534685084377e-02 9.988520108024694366e-01 -3.409647551655617392e-02 -3.500098966001340184e+00 9.455106744294263788e-01 -2.074641841890278657e-02 3.251978313962076705e-01 1.593570788640437108e+01
3.219349081441933991e-01 -3.736996458845653207e-02 -9.459901880034726762e-01 -7.467590387603266322e+01 3.177236895579223924e-02 9.990841604512862295e-01 -2.865629651227839803e-02 -3.545620654214239664e+00 9.461947559932331053e-01 -2.083580513003156082e-02 3.228275922569527334e-01 1.625042729646012774e+01
3.217009196210067201e-01 -3.222996767240808580e-02 -9.462850899171918462e-01 -7.557872280994813252e+01 2.196125834983633784e-02 9.994057614804015000e-01 -2.657126021638718180e-02 -3.601063478114279626e+00 9.465791162711845175e-01 -1.223416601677542771e-02 3.222173960279560156e-01 1.653568676077377475e+01
3.206952014004741947e-01 -2.878441939961962764e-02 -9.468322024148966287e-01 -7.649057663873182378e+01 1.413915067709263160e-02 9.995723300167914660e-01 -2.559404631640860989e-02 -3.631038899562047284e+00 9.471641547087860102e-01 -5.182540048393644364e-03 3.209648697153180685e-01 1.681906098416389739e+01
3.169158061587140085e-01 -2.780845194966089298e-02 -9.479971525755869211e-01 -7.740156813361585364e+01 1.662458291132880295e-02 9.995793597066210401e-01 -2.376084307987365307e-02 -3.680269785997083432e+00 9.482593743082118332e-01 -8.236216015423524633e-03 3.172447824073700851e-01 1.712528415630113798e+01
3.155530200736564317e-01 -3.000604587161816855e-02 -9.483591913682751784e-01 -7.830930367716015894e+01 2.110684700073300890e-02 9.994749875409142392e-01 -2.459378499988323225e-02 -3.728512377120668742e+00 9.485989398828216235e-01 -1.224724135895400266e-02 3.160201650977556009e-01 1.742117642649726861e+01
3.078151659195960121e-01 -3.323975472804115844e-02 -9.508774253883738314e-01 -7.921709185340914416e+01 2.262128266146331765e-02 9.993633263247464482e-01 -2.759342102159107607e-02 -3.770591476467159087e+00 9.511893962863674501e-01 -1.301145845364692216e-02 3.083703866638149438e-01 1.772290849222474662e+01
2.996107817083873970e-01 -3.353240327293966622e-02 -9.535052152098013600e-01 -8.011251980372068715e+01 2.709880887618960899e-02 9.992782463754458222e-01 -2.662724868321200700e-02 -3.818034869356250027e+00 9.537098335297848894e-01 -1.785445521479579051e-02 3.003029355888047203e-01 1.800770075130081338e+01
2.907293115047772103e-01 -3.468998013765599298e-02 -9.560694043644337725e-01 -8.102039365569427787e+01 3.382253514235766811e-02 9.990912217125896833e-01 -2.595785731303098740e-02 -3.861739161532113496e+00 9.561004837247416566e-01 -2.477652421708514616e-02 2.916374691115058981e-01 1.828091119870986603e+01
2.784045083129308984e-01 -3.413638619268426211e-02 -9.597671890666172878e-01 -8.192633123001645856e+01 3.266214253753576408e-02 9.991266823453663903e-01 -2.606980848769819420e-02 -3.906069345318230024e+00 9.598185967135053343e-01 -2.408577481424896763e-02 2.792763571493963592e-01 1.854722839169879478e+01
2.674811449626601778e-01 -3.204129113182915822e-02 -9.629606263266368149e-01 -8.284312977488114882e+01 2.876456410421447674e-02 9.992668675707473414e-01 -2.525754649653432285e-02 -3.946995025094706566e+00 9.630641204889793805e-01 -2.095159530649608193e-02 2.682069227788637655e-01 1.878278062840286822e+01
2.541367712714189819e-01 -2.815842020655048850e-02 -9.667825015626775320e-01 -8.375635989341262189e+01 2.924984194443296798e-02 9.993423648584333074e-01 -2.141592533623962180e-02 -3.986340338122020821e+00 9.667501625414087751e-01 -2.284420675831344907e-02 2.547935415301362250e-01 1.902158827309536093e+01
2.420699113211720321e-01 -2.652797880690998741e-02 -9.698873038405642077e-01 -8.467049031121845815e+01 2.747173298275013345e-02 9.994128811237249499e-01 -2.047297294162866294e-02 -4.031061138489711482e+00 9.698609741448722676e-01 -2.168909720982276773e-02 2.426564413826941269e-01 1.924367836902036188e+01
2.305814515836270839e-01 -2.614023056014519106e-02 -9.727230607010516339e-01 -8.558272896094091209e+01 2.814000508926947641e-02 9.994003752226167103e-01 -2.018419532183069257e-02 -4.058766156742788844e+00 9.726673134696334211e-01 -2.271225062912582762e-02 2.311785349605715023e-01 1.944226034987029550e+01
