1.0 0.0 0.0 0.0 0.0 1.0 0.0 0.0 0.0 0.0 1.0 0.0
0.93429834 0.35617223 0.013791519 5.7526855 -0.35630754 0.9343053 0.0089861695 3.4986572 -0.009684089 -0.01331058 0.9998645 0.033813477
0.7031931 0.7102486 0.030254466 11.595703 -0.7106334 0.70344925 0.0029292942 4.8569336 -0.019202193 -0.023565602 0.99953794 0.001953125
0.16356078 0.9854278 0.04705383 16.376587 -0.98645705 0.16401799 -0.0059898337 3.3879395 -0.013616434 -0.045452937 0.9988739 -0.16210938
-0.11587144 0.9920984 0.047349297 18.57251 -0.99319834 -0.11536944 -0.013216022 -0.009521484 -0.007641928 -0.048554856 0.998791 -0.34484863
-0.60889274 0.79280597 0.041855182 19.360107 -0.7939055 -0.60786676 -0.03540176 -3.500122 -0.002657311 -0.05478873 0.99849606 -0.39416504
-0.7380957 0.6731444 0.03523867 17.908691 -0.6740644 -0.7371947 -0.036509197 -6.493286 0.0014133323 -0.05069195 0.99871224 -0.47387695
-0.9874649 0.15708429 0.020007145 15.8741455 -0.15785828 -0.9864726 -0.04598711 -8.19751 0.0125107905 -0.048572235 0.99874157 -0.47485352
-0.95621294 0.2903502 0.011978056 13.519287 -0.29058823 -0.9550434 -0.047334794 -7.6428223 -0.0022959933 -0.048787262 0.99880654 -0.42541504
-0.9779493 -0.20953034 -0.0021371432 12.150879 0.20940611 -0.97690177 -0.04586282 -7.201294 0.0075233653 -0.045306712 0.9989451 -0.43017578
-0.9995624 0.03846751 -0.0034598876 11.514526 -0.03830272 -0.9988063 -0.039173946 -7.2736816 -0.0049628317 -0.039035082 0.999226 -0.4169922
-0.9566626 -0.2903651 -0.009001255 11.45813 0.29049876 -0.95598674 -0.0359907 -6.887329 0.0018464141 -0.037069377 0.9993112 -0.39941406
-0.99630576 -0.08748777 -0.011505133 11.001221 0.08782231 -0.99580294 -0.032798633 -7.320801 -0.008583952 -0.033669323 0.999396 -0.41967773
-0.9311341 -0.36660743 -0.017082864 11.388672 0.36698022 -0.9306049 -0.03167036 -6.7318115 -0.004268974 -0.0357357 0.9993526 -0.39208984
-0.9678931 -0.25073782 -0.020160545 11.063965 0.25123578 -0.96757144 -0.027914312 -7.1120605 -0.012502845 -0.032074127 0.9994071 -0.4124756
-0.88847446 -0.45759514 -0.022843808 11.111816 0.45806676 -0.8882114 -0.02360462 -6.498413 -0.0094962865 -0.031463042 0.9994599 -0.38842773
-0.93012077 -0.36864507 -0.022913285 10.595093 0.36905146 -0.9300855 -0.017058112 -6.8238525 -0.015003778 -0.024301078 0.9995921 -0.40441895
-0.8334428 -0.5514223 -0.023224035 10.713745 0.5518076 -0.83336294 -0.015730977 -6.076416 -0.010684416 -0.025931578 0.99960643 -0.38537598
-0.876568 -0.47995654 -0.02321688 10.243164 0.480288 -0.8766189 -0.011463825 -6.3392334 -0.014857519 -0.02121092 0.99966455 -0.40026855
-0.78643334 -0.61685807 -0.025994994 10.399048 0.617278 -0.7864295 -0.0127863735 -5.654297 -0.012563869 -0.02611859 0.99958 -0.38098145
-0.79758996 -0.60231686 -0.028164212 9.912476 0.6027706 -0.7976651 -0.011247244 -5.8323975 -0.015694514 -0.02594299 0.99954003 -0.39733887
-0.7247065 -0.6882445 -0.028169373 9.907715 0.6886865 -0.72476655 -0.00990342 -5.1119385 -0.01360764 -0.026580542 0.999554 -0.38232422
-0.73269767 -0.68047494 -0.029189188 9.292969 0.680904 -0.73284316 -0.007373655 -5.192993 -0.016354362 -0.02527348 0.9995468 -0.40307617
-0.66116744 -0.7500075 -0.030240506 9.314819 0.75048554 -0.6612692 -0.007920531 -4.3931885 -0.0140485745 -0.027934711 0.99951124 -0.38342285
-0.6346977 -0.7721891 -0.027893946 8.7907715 0.77260184 -0.6347631 -0.0075810845 -4.376831 -0.0118555855 -0.026366564 0.999582 -0.40527344
-0.60049844 -0.799225 -0.02439473 8.663086 0.7995445 -0.60052896 -0.0068732128 -3.579956 -0.009152298 -0.023620563 0.99967885 -0.38134766
-0.5792644 -0.81460553 -0.019736707 8.322388 0.81483024 -0.5792276 -0.008121359 -3.394287 -0.004823717 -0.02079536 0.99977213 -0.40307617
-0.5524914 -0.8335167 -0.016557837 8.023071 0.83367896 -0.55242705 -0.008652924 -2.66687 -0.0019378159 -0.018590795 0.99982536 -0.40600586
-0.5344977 -0.84497744 -0.014784588 7.6870117 0.8451061 -0.53443563 -0.008202674 -2.2939453 -0.0009710863 -0.016879223 0.99985707 -0.4107666
-0.52196556 -0.8530857 -0.013819607 7.4212646 0.8531973 -0.5219099 -0.0076608164 -1.6444092 -0.00066799857 -0.01579234 0.9998752 -0.41137695
-0.51093125 -0.8594823 -0.013591502 7.043579 0.85958666 -0.5109079 -0.0054059117 -1.170044 -0.002297807 -0.014444615 0.999893 -0.4050293
-0.5008499 -0.8651934 -0.014459593 6.7440186 0.86530566 -0.5008493 -0.003920798 -0.5197754 -0.0038561681 -0.014478651 0.99988776 -0.40344238
-0.48966658 -0.87145853 -0.016565606 6.3708496 0.87159276 -0.48970345 -0.002036618 0.07299805 -0.006341382 -0.015437944 0.9998607 -0.40930176
-0.4814819 -0.8763986 -0.017790388 6.0285645 0.8765427 -0.48154795 -0.0006449674 0.7269287 -0.007994811 -0.01590002 0.99984163 -0.41210938
-0.47186813 -0.8812718 -0.019922022 5.675659 0.88143617 -0.47198 0.0010479726 1.3796387 -0.0103268055 -0.017056797 0.99980104 -0.41625977
-0.46251953 -0.8864038 -0.020111205 5.342041 0.8865553 -0.4626585 0.0026405076 2.0622559 -0.01163826 -0.016608324 0.9997944 -0.42138672
-0.45310336 -0.8911694 -0.021199282 4.9554443 0.89132506 -0.45327595 0.0039247274 2.767456 -0.01310798 -0.017119154 0.99976754 -0.41955566
-0.44332224 -0.8956682 -0.0225741 4.6278076 0.89582235 -0.44354632 0.0058609415 3.4788818 -0.015270064 -0.017623447 0.999728 -0.43164062
-0.43196058 -0.9017418 -0.025645997 4.2529297 0.90190315 -0.4322921 0.008940518 4.2156982 -0.01913895 -0.019266086 0.99963117 -0.43640137
-0.41917488 -0.9072079 -0.02692423 3.9224854 0.9073215 -0.41960254 0.012633678 4.955078 -0.022773795 -0.019130459 0.9995575 -0.44335938
-0.4094474 -0.91204107 -0.02822835 3.5793457 0.91213727 -0.4099436 0.014638254 5.70459 -0.0249018 -0.019745402 0.9994947 -0.4486084
-0.39566228 -0.9180661 -0.028144445 3.2545166 0.9181294 -0.39618528 0.01617652 6.4490967 -0.025988491 -0.0194397 0.9994732 -0.45874023
-0.38279843 -0.92367005 -0.028342783 2.925537 0.9237507 -0.3833213 0.015948502 7.2139893 -0.025594981 -0.020090675 0.99947095 -0.4642334
-0.36663017 -0.9299723 -0.02726876 2.623413 0.9300736 -0.3670975 0.014571066 7.9713135 -0.023566267 -0.020025043 0.999522 -0.47705078
-0.34621406 -0.9374904 -0.028946541 2.324585 0.9376723 -0.34668455 0.01306018 8.766724 -0.022291966 -0.02262097 0.9994955 -0.48339844
-0.3225895 -0.9459803 -0.031389683 2.0565186 0.94627297 -0.32306257 0.011238538 9.548828 -0.020788489 -0.026084203 0.9994437 -0.49487305
-0.2932473 -0.9554586 -0.032970894 1.7897949 0.95583004 -0.29371342 0.010200408 10.354614 -0.019442597 -0.02853308 0.999404 -0.50341797
-0.26335007 -0.96427333 -0.03414755 1.5708008 0.96469927 -0.2638167 0.009899627 11.190186 -0.018534463 -0.030332705 0.9993682 -0.51464844
-0.22849746 -0.97299284 -0.033276785 1.3723145 0.9734162 -0.22892036 0.009460943 12.015381 -0.016813258 -0.030227553 0.9994017 -0.51660156
-0.19404335 -0.98044956 -0.031642333 1.1925049 0.98085505 -0.19439386 0.008372693 12.874878 -0.014367845 -0.029419567 0.999464 -0.52197266
-0.16459271 -0.9859553 -0.031844683 1.0457764 0.9864006 -0.16487646 0.0064902753 13.686768 -0.011631699 -0.030341625 0.9994721 -0.51708984
-0.1318513 -0.9907307 -0.03248004 0.92492676 0.99123144 -0.13203827 0.0036688345 14.547241 -0.007928054 -0.031716317 0.9994656 -0.5222168
-0.09961617 -0.9946199 -0.027215552 0.85046387 0.9949877 -0.09966003 0.00025213909 15.418701 -0.0029680775 -0.027042912 0.99962956 -0.5172119
-0.06910134 -0.9973586 -0.021066159 0.80322266 0.99757826 -0.069033384 -0.0039337506 16.26709 0.0024632625 -0.02129048 0.9997702 -0.50720215
-0.0360775 -0.99925095 -0.013542736 0.7734375 0.9993092 -0.035961747 -0.008694623 17.136108 0.008200937 -0.01384942 0.9998705 -0.49279785
-0.008810045 -0.99993604 -0.006841384 0.7753906 0.99987996 -0.008722893 -0.012659646 17.988281 0.012603101 -0.006958993 0.9998964 -0.4732666
0.019435579 -0.99980843 0.0020345114 0.8017578 0.9996667 0.019398218 -0.017012406 18.857178 0.016967302 0.0023655444 0.99985325 -0.45544434
0.04840063 -0.99877846 0.008312069 0.8387451 0.99849087 0.04817181 -0.02580518 19.718872 0.02537902 0.009553624 0.9996323 -0.42565918
0.072982185 -0.99728006 0.012139259 0.9111328 0.9965433 0.07242688 -0.041194964 20.55481 0.040205058 0.015094772 0.99907714 -0.38928223
0.098048545 -0.9951035 0.011215672 0.9938965 0.9935103 0.09722877 -0.05877767 21.39038 0.057403967 0.016913187 0.998208 -0.34655762
0.12729523 -0.9917709 0.008230107 1.0910645 0.9891714 0.126349 -0.07388523 22.220093 0.07222782 0.017551413 0.9972335 -0.29919434
0.15316239 -0.98817 0.0098507535 1.2215576 0.98481405 0.15180297 -0.084463336 23.055908 0.081929974 0.022616783 0.99637926 -0.2286377
0.17881645 -0.9839226 0.01138717 1.3619385 0.9803275 0.17714198 -0.08821988 23.882568 0.08479394 0.026915621 0.99603415 -0.1529541
0.20186724 -0.9792398 0.012764254 1.5313721 0.9758148 0.20002438 -0.087194964 24.714844 0.082830206 0.030076835 0.9961107 -0.07421875
0.22364314 -0.97452927 0.017482752 1.7172852 0.97170705 0.22152363 -0.08211277 25.533936 0.07612953 0.035344634 0.99647063 0.005126953
0.24319513 -0.96960676 0.02480006 1.9294434 0.9674444 0.2406652 -0.077651985 26.35498 0.06933797 0.04290392 0.99667203 0.08288574
0.25780907 -0.9658067 0.027866215 2.1499023 0.96377057 0.2550048 -0.07837604 27.170044 0.0685829 0.047053404 0.9965345 0.15734863
0.2706121 -0.96225584 0.029825753 2.3809814 0.9601132 0.26747242 -0.081835434 27.966919 0.07077354 0.050782874 0.9961991 0.22509766
0.28227025 -0.9589112 0.030820336 2.6102295 0.9567154 0.27892703 -0.08385607 28.74585 0.07182318 0.053163387 0.99600035 0.2972412
0.29076245 -0.9563398 0.023676503 2.8463135 0.9537032 0.28784794 -0.08536846 29.528076 0.07482248 0.04742455 0.9960699 0.36157227
0.30500033 -0.9522107 0.021937536 3.079956 0.94971204 0.3022884 -0.08293858 30.302002 0.07234516 0.04612815 0.99631244 0.42626953
0.31373873 -0.94936657 0.023497267 3.3497314 0.94690424 0.3108505 -0.08382308 31.087158 0.07224892 0.048546903 0.9962046 0.4958496
0.32259876 -0.94615597 0.025904316 3.6157227 0.94371575 0.31942233 -0.085566126 31.861328 0.07270782 0.05206118 0.99599445 0.5720215
0.32621515 -0.9449607 0.025955241 3.8843994 0.9422411 0.3228197 -0.08949759 32.64807 0.07617524 0.053638518 0.99564964 0.6291504
0.32429975 -0.9454827 0.024478959 4.1619873 0.94253355 0.3209226 -0.091379836 33.454224 0.07854631 0.05272758 0.9955164 0.69592285
0.3218321 -0.9463719 0.027337939 4.444702 0.9435688 0.3182408 -0.09136976 34.27771 0.07774458 0.055214748 0.99544424 0.7648926
0.31430587 -0.9489945 0.026254404 4.7075195 0.94620055 0.31088707 -0.09012259 35.112183 0.07735949 0.053169794 0.9955847 0.8436279
0.30618012 -0.95162696 0.02460458 4.987549 0.94881517 0.3029783 -0.08886454 35.96985 0.07712065 0.050537586 0.9957388 0.9160156
0.29744387 -0.95438725 0.022929206 5.265381 0.9514553 0.29439363 -0.08899998 36.861694 0.07817601 0.048286885 0.9957691 0.99157715
0.29180208 -0.9563521 0.020935815 5.519043 0.9533974 0.2889786 -0.08783012 37.743164 0.077953026 0.045547333 0.99591327 1.0721436
0.28495145 -0.9583667 0.017052224 5.79126 0.95530236 0.28249314 -0.08688992 38.671143 0.078469165 0.041061103 0.9960716 1.1524658
0.28425202 -0.95875144 0.012567758 6.050659 0.9556852 0.28223276 -0.08466608 39.589355 0.07763601 0.03606402 0.9963287 1.2271729
0.28239912 -0.9591796 0.010412853 6.3183594 0.9561795 0.2806171 -0.082807675 40.550537 0.07651551 0.03333764 0.99651074 1.3100586
0.28361166 -0.9589926 0.00915298 6.598877 0.95606345 0.28196958 -0.081369534 41.511475 0.07543626 0.031815827 0.9966422 1.3903809
0.28552356 -0.9583455 0.009241725 6.8709717 0.95551616 0.2839071 -0.080138184 42.467773 0.07417378 0.031728238 0.9967416 1.4794922
0.28372246 -0.95874137 0.009427738 7.1656494 0.9559845 0.28212878 -0.07918732 43.472168 0.07325871 0.031478137 0.9968158 1.5610352
0.28315616 -0.958946 0.0101611465 7.453369 0.95627326 0.2815366 -0.078340635 44.469116 0.07227109 0.031906527 0.99687487 1.6456299
0.28438812 -0.9586878 0.009949561 7.7366943 0.9560699 0.2828068 -0.07751259 45.46704 0.07149797 0.03155624 0.9969413 1.7330322
0.2831436 -0.9590385 0.008014018 8.034302 0.95646656 0.28174797 -0.076028146 46.490845 0.07066083 0.029211003 0.99707365 1.8144531
0.28436926 -0.9587541 0.00764395 8.3063965 0.95622814 0.2830207 -0.07522235 47.476807 0.069957346 0.028683165 0.9971365 1.9018555
0.2812603 -0.9596281 0.0067659756 8.610107 0.95711327 0.2799971 -0.074661575 48.49585 0.06975136 0.027468452 0.9971857 1.9921875
0.28067508 -0.95983267 0.0067488 8.897339 0.95738876 0.27944276 -0.07361162 49.480957 0.06877865 0.027110323 0.997263 2.0726318
0.27835375 -0.9604553 0.008076668 9.178955 0.9582705 0.27712888 -0.070274785 50.47998 0.06525885 0.027317116 0.99749523 2.161621
0.2741208 -0.96166086 0.009736004 9.482544 0.9595916 0.2728306 -0.06910422 51.48462 0.06380904 0.02829121 0.99756163 2.2370605
0.2704314 -0.96270293 0.009446728 9.758911 0.96063954 0.26917636 -0.068813644 52.489502 0.06370303 0.027690282 0.99758506 2.3215332
0.2679768 -0.96340615 0.009943872 10.036743 0.96134543 0.26669195 -0.068946086 53.489746 0.063758746 0.028045548 0.99757165 2.4053955
0.26615313 -0.9639004 0.009654203 10.316528 0.9618515 0.26490042 -0.06858119 54.487793 0.06355154 0.027535856 0.9975985 2.491455
0.26791102 -0.96339726 0.0085785175 10.585449 0.96121365 0.26667896 -0.070255965 55.458008 0.065381564 0.027068099 0.99749297 2.5665283
0.27085185 -0.96252537 0.0059547597 10.85083 0.96011317 0.26972243 -0.07271374 56.434326 0.06837837 0.025441187 0.99733657 2.650879
0.27446583 -0.96146786 0.004368263 11.141602 0.9589526 0.2734135 -0.07367447 57.421143 0.06963915 0.02441564 0.9972736 2.7399902
0.28129515 -0.95949435 0.004278469 11.412964 0.95711005 0.280276 -0.07183598 58.398438 0.067739345 0.02429889 0.9974071 2.8101807
0.28643906 -0.9580565 0.00861395 11.710815 0.9560538 0.2852309 -0.06781783 59.37549 0.062506676 0.02766141 0.9976611 2.911499
0.29320312 -0.95599407 0.00520567 11.987305 0.9540079 0.29223275 -0.066256806 60.33618 0.06182225 0.024403043 0.9977894 2.9852295
0.2969074 -0.954871 0.0058571016 12.274658 0.95277953 0.29583842 -0.068241276 61.302246 0.06343799 0.025836432 0.9976511 3.0633545
0.30301905 -0.95297253 0.0053678 12.569946 0.95070577 0.30189964 -0.07085489 62.251465 0.06590191 0.026565166 0.997472 3.1409912
0.30923045 -0.95092714 0.003473482 12.864258 0.9486227 0.3082229 -0.07080076 63.190674 0.06625053 0.025188403 0.9974849 3.2176514
0.3123065 -0.9499273 0.0020834757 13.177368 0.94752645 0.31135896 -0.07178116 64.14258 0.06753912 0.024408536 0.997419 3.295166
0.31546995 -0.9488801 0.0020029563 13.480591 0.94652987 0.3145377 -0.07103894 65.08569 0.066787064 0.024318965 0.9974717 3.3841553
0.31954378 -0.94752395 0.006487807 13.796753 0.94581634 0.31853932 -0.06258566 66.01904 0.05723174 0.026139174 0.99801886 3.4597168
0.3217027 -0.9469592 0.0095679145 14.114258 0.9458668 0.32080346 -0.052298784 66.95947 0.046450075 0.025856728 0.9985852 3.5351562
0.32431734 -0.94595706 0.011102073 14.419922 0.94505304 0.3234319 -0.049059175 67.88599 0.042801697 0.026403835 0.9987348 3.5939941
0.32483265 -0.9457795 0.009622595 14.742554 0.94457096 0.32386 -0.054837294 68.81055 0.048742607 0.02689107 0.9984489 3.652588
0.32533276 -0.94554275 0.008121384 15.057129 0.94401395 0.3242896 -0.060277857 69.714355 0.054348465 0.027276656 0.9981494 3.7200928
0.32662278 -0.9450199 0.013627766 15.374634 0.94344145 0.3251505 -0.06424203 70.630615 0.05628059 0.033849746 0.99784166 3.7803955
0.3260944 -0.94518536 0.017325675 15.701416 0.9437888 0.32445234 -0.06328313 71.545166 0.054205228 0.036978927 0.9978444 3.8535156
0.32490143 -0.945494 0.01754355 16.025269 0.94424266 0.32334635 -0.060668472 72.4668 0.051689424 0.03627417 0.9980041 3.916504
0.32558075 -0.9454461 0.017417852 16.316772 0.9444802 0.3242393 -0.05476846 73.38403 0.04612926 0.034271907 0.99834704 3.974121
0.32317632 -0.94614273 0.017529508 16.634277 0.9454291 0.32202497 -0.048988283 74.29321 0.04071018 0.032402083 0.99864537 4.0267334
0.32249668 -0.9465208 0.0089406 16.921143 0.945775 0.32182863 -0.043839067 75.19531 0.03861613 0.022592828 0.99899876 4.088257
0.32119206 -0.9470994 0.0019000359 17.206299 0.94635284 0.32085818 -0.04039362 76.106445 0.03763854 0.014766928 0.99918216 4.1240234
0.3174802 -0.9482033 0.0049708346 17.515991 0.94753844 0.31705105 -0.039461546 77.01611 0.03584355 0.017232161 0.9992087 4.179199
0.3162871 -0.9485464 0.008982195 17.814575 0.9478791 0.31566998 -0.041678913 77.92261 0.036694646 0.021704951 0.9990911 4.232544
0.30866188 -0.9511336 0.009768296 18.12085 0.9503515 0.30794665 -0.04499138 78.82837 0.039765798 0.023169478 0.99894035 4.2789307
0.30062014 -0.95366454 0.0146420915 18.410645 0.9529842 0.29970896 -0.045375492 79.721924 0.038880687 0.027599594 0.99886286 4.3320312
0.29199594 -0.95606804 0.021597557 18.689209 0.9555451 0.29078302 -0.046632558 80.62793 0.038299076 0.03426987 0.99867904 4.3814697
0.27963156 -0.9597885 0.02095823 18.961548 0.95924485 0.27846393 -0.04620117 81.53174 0.03851904 0.033033885 0.99871206 4.4312744
0.2685369 -0.9630342 0.017874533 19.202515 0.962458 0.26755583 -0.044210166 82.44678 0.037798207 0.029069772 0.9988622 4.4782715
0.25511175 -0.96673274 0.019832144 19.447876 0.9663352 0.25417688 -0.040464107 83.358154 0.0340761 0.02947763 0.99898404 4.524658
0.24296156 -0.9698461 0.01873417 19.675903 0.9694575 0.24211198 -0.038949504 84.27051 0.033234168 0.027623652 0.9990657 4.5755615
0.23148896 -0.97265685 0.019809725 19.880249 0.9722973 0.23061572 -0.038674474 85.18115 0.033043772 0.028218206 0.9990557 4.609375
0.21649767 -0.97602236 0.02260463 20.090698 0.9757494 0.21555504 -0.03808528 86.10742 0.032302618 0.030295603 0.99901867 4.665039
0.20393476 -0.97871757 0.021268968 20.283447 0.97826016 0.20292826 -0.04191722 87.02637 0.03671902 0.029359229 0.9988945 4.7130127
0.19143982 -0.9812647 0.02160924 20.462524 0.9804163 0.19014569 -0.05123854 87.92578 0.046173457 0.031001521 0.99845266 4.758667
0.17725575 -0.98397624 0.020686597 20.629639 0.98285216 0.17587814 -0.055896293 88.8313 0.051364396 0.030230979 0.99822205 4.8116455
0.16616762 -0.98592424 0.020377975 20.774414 0.984897 0.16488966 -0.053499088 89.748535 0.049370073 0.028941687 0.9983603 4.8563232
0.15162338 -0.98817134 0.02150555 20.916992 0.98737365 0.15043539 -0.048969477 90.66797 0.0451508 0.028666869 0.9985691 4.9207764
0.14177865 -0.98977673 0.01869029 21.041138 0.9888327 0.1406953 -0.05022385 91.57861 0.047074467 0.02559214 0.9985632 4.976074
0.13577245 -0.99063766 0.012945614 21.141846 0.98925257 0.13484742 -0.056222472 92.48804 0.053956673 0.020451766 0.99833447 5.0317383
0.12811649 -0.99175096 0.0060160523 21.255127 0.98987216 0.12749496 -0.06259803 93.40259 0.061297476 0.013965286 0.99802107 5.088257
0.12448358 -0.992253 0.0017507346 21.358887 0.9901243 0.12410135 -0.065707184 94.33032 0.06497297 0.009897158 0.9978371 5.161621
0.120991476 -0.9927102 1.1833152e-05 21.464111 0.9905242 0.120724626 -0.06632527 95.23779 0.06583755 0.008025491 0.9977977 5.2285156
0.114605896 -0.9934036 -0.0021518683 21.568115 0.9912976 0.11450411 -0.06485972 96.15527 0.06467696 0.0052838377 0.9978916 5.30542
0.10894316 -0.9940339 -0.0024504543 21.663208 0.9921486 0.10888775 -0.061329424 97.07593 0.06124361 0.004238729 0.9981139 5.371826
0.10286397 -0.99469924 -0.0024775662 21.761597 0.9930574 0.10283704 -0.057246428 97.997314 0.05717787 0.0034370376 0.998358 5.439575
0.096613474 -0.9953301 -0.003378368 21.858887 0.99387574 0.0966546 -0.053817734 98.91846 0.053902384 0.0018450636 0.998545 5.5181885
0.089733236 -0.9959539 -0.007076692 21.93335 0.99443233 0.08998712 -0.055079207 99.833496 0.055491775 -0.0020830007 0.9984574 5.570923
0.082077995 -0.99648106 -0.016689757 21.992188 0.9949715 0.08289332 -0.056131504 100.72534 0.05732058 -0.011987775 0.9982843 5.6314697
0.07532281 -0.99706125 -0.015544023 22.063477 0.99534625 0.076121084 -0.059479035 101.63403 0.06048017 -0.011001346 0.99810827 5.7008057
0.06862569 -0.9975694 -0.012906088 22.128418 0.9955838 0.06931131 -0.06348868 102.54175 0.06420572 -0.008499081 0.9978995 5.7679443
0.060271677 -0.99809 -0.014311734 22.177002 0.99625516 0.061041232 -0.061403986 103.440674 0.062163256 -0.010554338 0.9980104 5.836426
0.053067915 -0.9984804 -0.013894279 22.221558 0.9969139 0.053777684 -0.056956153 104.34766 0.05760232 -0.010832211 0.9982802 5.897827
0.04485321 -0.9988818 -0.014056537 22.261353 0.99750763 0.045545936 -0.053652514 105.2666 0.05423776 -0.011602511 0.99846107 5.9664307
0.039242625 -0.99910384 -0.016805952 22.28479 0.99756855 0.04014552 -0.057230987 106.16724 0.057855286 -0.014532321 0.99821895 6.0288086
0.032685395 -0.9993575 -0.015295297 22.307983 0.9976606 0.033544958 -0.059726078 107.07007 0.060172714 -0.0133167375 0.9980979 6.090332
0.024403201 -0.9995758 -0.01580806 22.32898 0.9978412 0.025319515 -0.060591325 107.97681 0.060938846 -0.014290645 0.99803823 6.1523438
0.018280506 -0.9996937 -0.016229386 22.32544 0.99799913 0.01922524 -0.06010991 108.86914 0.060405772 -0.015097368 0.9980598 6.2127686
0.008824828 -0.9998991 -0.011569315 22.341309 0.99821216 0.009494244 -0.059082765 109.77368 0.059192654 -0.011051193 0.998185 6.2735596
0.0007891088 -0.9999666 -0.008288613 22.344116 0.99822795 0.0012822784 -0.059509113 110.687256 0.05950526 -0.008254933 0.9981927 6.3494873
-0.0063329926 -0.9999585 -0.006411709 22.348389 0.99826217 -0.005946636 -0.058622498 111.58862 0.058576804 -0.0067591853 0.9982602 6.411133
-0.015527368 -0.9998005 -0.01268401 22.33252 0.998134 -0.014749168 -0.059284404 112.49951 0.05907438 -0.013579087 0.99816084 6.470703
-0.02225161 -0.99962586 -0.016415818 22.307861 0.998043 -0.021248342 -0.058937576 113.41406 0.058578823 -0.017707203 0.998126 6.5289307
-0.025827998 -0.999576 -0.013752483 22.283936 0.99803317 -0.024996758 -0.057550903 114.33862 0.057200927 -0.015212463 0.9982474 6.6065674
-0.030298233 -0.99946165 -0.011456705 22.256958 0.9979279 -0.029598707 -0.05688846 115.24487 0.05651225 -0.013177093 0.99831426 6.6673584
-0.035143495 -0.99932384 -0.009830545 22.224487 0.9976848 -0.0345112 -0.05842599 116.15503 0.058055036 -0.01186614 0.9982429 6.7282715
-0.041983128 -0.99911654 -0.0040733293 22.18872 0.9975912 -0.04169309 -0.05553796 117.0459 0.05534704 -0.0064001936 0.99844736 6.7817383
-0.047321077 -0.9988684 0.0036433777 22.156616 0.9975368 -0.04744577 -0.05157265 117.94507 0.05168267 0.0011852505 0.9986624 6.845703
-0.05198455 -0.9986104 0.008246358 22.113525 0.99738514 -0.05233144 -0.04976895 118.848145 0.050130527 0.005623049 0.99872637 6.900879
-0.056318756 -0.9983996 0.0059610065 22.060425 0.9970483 -0.056553483 -0.052023858 119.726074 0.052276313 0.0030308478 0.9986283 6.951294
-0.05949354 -0.9982199 0.0037815766 21.999023 0.99679255 -0.059610486 -0.05336376 120.634766 0.05349596 0.0005904846 0.9985677 7.008423
-0.060677048 -0.99816316 0.0018776916 21.93042 0.99673694 -0.060690884 -0.053361095 121.52026 0.053375963 -0.0013621384 0.99857354 7.06604
-0.062028524 -0.9980397 0.002007885 21.871094 0.99665964 -0.0620476 -0.052477196 122.423096 0.05249499 -0.0012770295 0.9986196 7.1271973
-0.06300794 -0.9980019 0.0026520304 21.810303 0.9968961 -0.063062906 -0.046977524 123.31592 0.047040924 -0.00030988434 0.9988929 7.1810303
-0.06464279 -0.99788636 0.0010315997 21.742554 0.9969815 -0.06462753 -0.04251798 124.20166 0.04248572 -0.0017350111 0.99909514 7.234741
-0.064560056 -0.9978889 0.0020133592 21.683228 0.99710566 -0.06458914 -0.039528918 125.09424 0.039582275 -0.0005496868 0.9992163 7.2874756
-0.06634497 -0.9978075 0.0026970229 21.628052 0.9968315 -0.06639958 -0.04411702 125.96631 0.0442088 -0.00023849297 0.99902254 7.331787
-0.06668591 -0.99775606 0.0016955361 21.559814 0.9966198 -0.066690564 -0.04763271 126.822754 0.047628842 -0.0014872997 0.99886376 7.385254
-0.066727035 -0.99774516 -0.0003423076 21.497803 0.9966266 -0.06663549 -0.047352612 127.710205 0.047225293 -0.0035218915 0.99887776 7.432495
-0.06789636 -0.99768025 -0.0018976014 21.430298 0.99657166 -0.06773067 -0.047301188 128.57715 0.047053758 -0.005105509 0.9988791 7.4836426
-0.068899505 -0.99762625 0.0026035346 21.384644 0.99655366 -0.06894624 -0.04625784 129.43433 0.0463256 -0.0005870183 0.99892634 7.532959
-0.068941236 -0.99762416 0.0017941357 21.317017 0.9965063 -0.068948746 -0.04723432 130.32129 0.047244314 -0.0014761946 0.99888206 7.5981445
-0.0692891 -0.99759614 -0.0062996345 21.234253 0.99627656 -0.06886804 -0.05223322 131.18066 0.051687993 -0.009889275 0.9986149 7.6418457
-0.06955589 -0.9975341 -0.012040595 21.163086 0.99614716 -0.06879699 -0.05491444 132.01123 0.053951673 -0.015791928 0.99841917 7.696045
-0.069567926 -0.9975341 -0.0110599585 21.10022 0.99606353 -0.06884348 -0.05615822 132.86646 0.055273954 -0.014911501 0.99836063 7.753296
-0.06889236 -0.9975972 -0.008289137 21.026123 0.99611926 -0.0683285 -0.0556153 133.75757 0.054917045 -0.012078911 0.99841815 7.833618
-0.070937045 -0.99741524 -0.009527452 20.958008 0.9958393 -0.070274115 -0.057665948 134.5686 0.05685065 -0.013583479 0.9982903 7.873047
-0.07354498 -0.9973202 -0.0045750346 20.909058 0.9958022 -0.07317817 -0.055686183 135.43115 0.055201203 -0.008632759 0.99843836 7.9257812
-0.076277025 -0.99707395 0.0018301738 20.845947 0.99579674 -0.07627201 -0.050490074 136.28174 0.05048521 -0.002030542 0.9987228 7.9851074
-0.078537345 -0.9968774 0.005621016 20.783813 0.9958831 -0.07871007 -0.044561 137.12769 0.044859182 0.0020979648 0.9989911 8.045532
-0.08180117 -0.99660003 0.011674442 20.714966 0.9956792 -0.08223641 -0.043581173 137.95508 0.044402227 0.008063145 0.9989814 8.091187
-0.08633149 -0.99621075 0.009658274 20.639526 0.9950104 -0.086703904 -0.049180154 138.76392 0.049826346 0.0053533255 0.9987431 8.140381
-0.0933535 -0.9956191 0.009950492 20.557983 0.99430156 -0.09374512 -0.051456627 139.60938 0.052179493 0.0051052235 0.9986255 8.19043
-0.10178424 -0.9947126 0.014103518 20.470337 0.9933254 -0.10239613 -0.053214617 140.43091 0.05436134 0.008585859 0.99848384 8.230835
-0.110467665 -0.9937498 0.014324235 20.376709 0.99263936 -0.11103333 -0.04780552 141.2334 0.049100235 0.00893425 0.9987538 8.286621
-0.12315345 -0.99221146 0.01995823 20.286987 0.9913851 -0.12391568 -0.043007232 142.02051 0.04513263 0.0144912945 0.99887574 8.34436
-0.13532244 -0.9905202 0.024643525 20.168945 0.98971575 -0.13630642 -0.043973256 142.86304 0.04690474 0.018447747 0.99872905 8.408569
-0.14983869 -0.98838305 0.02470142 20.043335 0.9874766 -0.1508465 -0.04579782 143.65356 0.049015246 0.017521657 0.9986445 8.444946
-0.16361737 -0.9860743 0.028589625 19.909302 0.9851819 -0.16482341 -0.046693973 144.4646 0.05076847 0.02052637 0.99849963 8.489014
-0.17838538 -0.98334944 0.03178256 19.77002 0.9824798 -0.17975363 -0.04721407 145.22534 0.052151833 0.022796515 0.9983787 8.538086
-0.19199231 -0.981046 0.029254148 19.609863 0.97979844 -0.19332394 -0.05283387 146.04443 0.05748342 0.018546563 0.99817514 8.594238
-0.20350362 -0.9785647 0.026950702 19.441772 0.9766505 -0.2048323 -0.062649295 146.76147 0.06687592 0.013561298 0.9976698 8.646484
-0.21721317 -0.97600174 0.02128636 19.255493 0.97338516 -0.21819459 -0.07160722 147.51538 0.074554324 0.0051952703 0.99720556 8.706299
