7.775729258061160332e-01 -6.284314573776480506e-01 2.131310468988437817e-02 -6.596122811823214249e+01 6.274650652704084619e-01 7.776867284755174525e-01 3.861274683637536814e-02 2.571272206586432674e+01 -4.084038342766992818e-02 -1.665099790561793552e-02 9.990269302427380316e-01 -8.848826147006556564e-01 -4.809208017785018303e-24 -1.416202385148814181e-23 -3.430527606006730092e-24 9.999999999999997780e-01
7.494557644764421322e-01 -6.614755394427158652e-01 2.767973648717684046e-02 -6.556209185910496728e+01 6.607212647002592698e-01 7.499445336423250508e-01 3.210306578640390041e-02 2.609248914978488543e+01 -4.199365983004484798e-02 -5.771237212609501427e-03 9.991012087647151985e-01 -8.925422902758999300e-01 -4.809208017785018303e-24 -1.416202385148814181e-23 -3.430527606006730092e-24 9.999999999999997780e-01
7.211065014914430638e-01 -6.927287916643320997e-01 1.149933502626414826e-02 -6.520702856366335709e+01 6.923705176760747149e-01 7.211355807656409933e-01 2.421859630048240480e-02 2.649083552923887552e+01 -2.506949859362323646e-02 -9.502386704209374660e-03 9.996405478406669154e-01 -9.023497307496866071e-01 9.000526416631019174e-19 6.245589754926582829e-19 2.294011197893666540e-20 1.000000000000000000e+00
6.910241865580841747e-01 -7.226921262840713123e-01 -1.420085204301153869e-02 -6.487186744845662645e+01 7.228278597655726223e-01 6.909507088260053997e-01 1.034423122136960034e-02 2.690301213761767585e+01 2.336394328906204673e-03 -1.741288545441334670e-02 9.998456544295684090e-01 -9.077712694327466636e-01 1.753605526967901517e-18 3.065326864745493429e-18 1.142281212250371047e-19 1.000000000000000222e+00
6.563820391195452908e-01 -7.538877971549173829e-01 -2.856235323247748037e-02 -6.453130872018172681e+01 7.539427409694143822e-01 6.568476054235781181e-01 -1.102572395972821993e-02 2.732719370727233610e+01 2.707327207405288774e-02 -1.429729170917517014e-02 9.995312028090904688e-01 -9.271857124926488058e-01 3.178752588410227467e-18 7.633148398096496767e-18 2.149811384759255511e-19 1.000000000000000222e+00
6.189160542849615476e-01 -7.849627998665151818e-01 -2.786252992925627309e-02 -6.419301276694001501e+01 7.842522099811927161e-01 6.195417910692962993e-01 -3.341317492040121045e-02 2.777666178658270724e+01 4.349010103404118283e-02 -1.171300289818565316e-03 9.990531713415851112e-01 -9.385784316199287103e-01 5.340119988138189053e-18 1.463102260303333005e-17 2.442904394607509214e-19 1.000000000000000222e+00
5.860343755841077584e-01 -8.099806236008877391e-01 -2.225084323941981662e-02 -6.386839935335909502e+01 8.090192501502503353e-01 5.864324281686048579e-01 -3.981030116186801832e-02 2.826543761438923497e+01 4.529418859052121438e-02 5.328844470444304288e-03 9.989594786058813014e-01 -9.607608307360907540e-01 8.132999075049502763e-18 2.194163523875169605e-17 1.486457898750373461e-19 1.000000000000000222e+00
5.572760013782548372e-01 -8.301756377406541709e-01 -1.587037459434081227e-02 -6.356626965072123880e+01 8.298312082593617411e-01 5.575019158956520116e-01 -2.391191275249572590e-02 2.876891372403301261e+01 2.869885166122906200e-02 1.558029988660177543e-04 9.995880909848563478e-01 -9.311748908363258748e-01 1.048272956556098253e-17 3.047904966796299961e-17 4.939097202086565600e-20 1.000000000000000000e+00
5.286253176582287328e-01 -8.488184106094629477e-01 -7.910710534749267053e-03 -6.328619952724221775e+01 8.487788227469577063e-01 5.286798263143859256e-01 -8.494192397008175702e-03 2.927860208474728410e+01 1.139225996137463968e-02 -2.224198420657777422e-03 9.999326324079809147e-01 -8.754988290913775506e-01 1.359594771824893366e-17 3.846214181562386006e-17 4.878160922314883130e-20 9.999999999999997780e-01
4.987565265522381219e-01 -8.667195329818783156e-01 -6.259262674121380925e-03 -6.301154829437506066e+01 8.667051569314314641e-01 4.987889495504146398e-01 -5.635135744216837779e-03 2.979807069598975744e+01 8.006133274703000277e-03 -2.614374507813280180e-03 9.999645328089974416e-01 -8.680608900452092547e-01 1.566746188811268782e-17 4.472256501073509935e-17 1.452748350790764590e-19 9.999999999999995559e-01
4.712670788309396008e-01 -8.819800024129593741e-01 -4.314597755384298391e-03 -6.274903490073755563e+01 8.818597934160172791e-01 4.712758050454630698e-01 -1.491376327456712080e-02 3.032266133231167160e+01 1.518700649950614247e-02 3.223495367545148229e-03 9.998794746924226651e-01 -8.633051860782934295e-01 1.664465245381368370e-17 5.308146877331522017e-17 2.563585688007135617e-19 9.999999999999993339e-01
4.458253569935630156e-01 -8.951034891457675391e-01 -5.430909742919784108e-03 -6.250124051821333637e+01 8.948532769180875812e-01 4.458324196961593322e-01 -2.170406268025221880e-02 3.086040788531214574e+01 2.184865786557093834e-02 4.816354112536101219e-03 9.997496881132450497e-01 -8.592085056213418781e-01 1.741670782014232043e-17 6.258019204524012835e-17 3.028257887543090572e-19 9.999999999999991118e-01
4.227405860245999070e-01 -9.062322998080745151e-01 -5.780632503964882804e-03 -6.226129275440104038e+01 9.059899987171464719e-01 4.227633605776679460e-01 -2.128997833681903207e-02 3.141712626208705217e+01 2.173750565468192397e-02 3.762942683706697617e-03 9.997566309408834062e-01 -8.545753015190888924e-01 1.959209875945760655e-17 7.392542150542990586e-17 3.043917541207874309e-19 9.999999999999991118e-01
4.031724856294848780e-01 -9.151099940940674582e-01 -5.064142622175579929e-03 -6.202993163989828673e+01 9.150017770035027143e-01 4.032029059398255511e-01 -1.411257319244534417e-02 3.199265266329934576e+01 1.495643379214746209e-02 1.056101714336704200e-03 9.998875885505243977e-01 -8.479507137825239571e-01 2.249971158168017454e-17 8.469551564236357501e-17 3.210696005949930043e-19 9.999999999999990008e-01
3.859816127848089695e-01 -9.225037154534851958e-01 -2.256006771100942717e-03 -6.180380998121606240e+01 9.224890539259766875e-01 3.859881987568018480e-01 -5.201519704386756322e-03 3.257518851210846833e+01 5.669213243263640338e-03 -7.345058749195228600e-05 9.999839271839349175e-01 -8.429519118539724465e-01 2.555269166767043629e-17 9.633182497327490486e-17 3.528435274019041426e-19 9.999999999999988898e-01
3.696936650703568916e-01 -9.291525242478901880e-01 1.476716160413391868e-03 -6.157901379748216897e+01 9.291518088063072112e-01 3.696956512969127862e-01 1.428847128749240452e-03 3.316393805410263695e+01 -1.873552459144259405e-03 8.438577596894621027e-04 9.999978888503988639e-01 -8.395411317110664795e-01 2.845975577186962917e-17 1.092145047401523053e-16 4.315047853814481034e-19 9.999999999999990008e-01
3.555630072417654830e-01 -9.346503614917605063e-01 1.910404279473058072e-03 -6.136396002858221976e+01 9.346445292214050626e-01 3.555676453149535510e-01 3.354638829248773445e-03 3.375964903047680110e+01 -3.814692345681120183e-03 5.927634380734870482e-04 9.999925483491381994e-01 -8.410087839545290489e-01 3.237635972352446500e-17 1.221481789972903716e-16 5.256050116844163724e-19 9.999999999999990008e-01
3.425881586889494290e-01 -9.394856013455112898e-01 3.979831339231716799e-04 -6.115836680216632004e+01 9.394827463295808423e-01 3.425881157759402829e-01 2.356327251452625723e-03 3.436010299217556963e+01 -2.350079816756458616e-03 -4.333515266922095995e-04 9.999971446615721904e-01 -8.459693572298450093e-01 3.640039488090217494e-17 1.341578872175003857e-16 6.326589129028197282e-19 9.999999999999991118e-01
3.303515537557746851e-01 -9.438479000864847812e-01 -4.358030917105003635e-03 -6.096086846016875427e+01 9.438578348832307174e-01 3.303455993071167107e-01 2.042681560621754065e-03 3.497657584154383414e+01 -4.883243664253622161e-04 -4.788164653151985757e-03 9.999884174421997951e-01 -8.509556241952371813e-01 3.895686818522510420e-17 1.468862304393027541e-16 7.425876892653972727e-19 9.999999999999992228e-01
3.199804340544127323e-01 -9.473951419273120012e-01 -7.413964855121518184e-03 -6.076575317173157487e+01 9.474241471641158263e-01 3.199713358403123986e-01 2.414458719735696791e-03 3.560227135623256345e+01 8.480977710781624154e-05 -7.796748879115056839e-03 9.999696012950620716e-01 -8.575833675120353439e-01 4.262343050325038325e-17 1.593391593501425444e-16 9.008918883535368401e-19 9.999999999999992228e-01
3.119528747415076242e-01 -9.500504240342919626e-01 -9.465502245772824605e-03 -6.057121681208537467e+01 9.500975157301606577e-01 3.119409220732608512e-01 2.751679388272111875e-03 3.623143885766605621e+01 3.384433288018909997e-04 -9.851544464384773964e-03 9.999514150836367188e-01 -8.602264108607901028e-01 4.622797870128208447e-17 1.719105359668749062e-16 1.102990446887289324e-18 9.999999999999992228e-01
3.059182638739805227e-01 -9.519923108638146392e-01 -1.116493996832845087e-02 -6.037370615006066998e+01 9.520561306764444565e-01 3.059185239791573085e-01 1.726478440260700116e-03 3.687244992351048012e+01 1.771967755430218540e-03 -1.115781083254135074e-02 9.999361796573261740e-01 -8.580731758027430045e-01 4.994033750835188471e-17 1.843158754454257333e-16 1.345328590916809460e-18 9.999999999999988898e-01
3.013273163693346857e-01 -9.534341124055851768e-01 -1.285463772422342464e-02 -6.017375958508741007e+01 9.535182237623516244e-01 3.013302517563526406e-01 1.753946845303667491e-03 3.752358871196737766e+01 2.201218468022122805e-03 -1.278564342585920138e-02 9.999158374380480163e-01 -8.591196275130780213e-01 5.279586005437987601e-17 1.973776998811211608e-16 1.633057722967117303e-18 9.999999999999988898e-01
2.979886696550937408e-01 -9.544817139243562121e-01 -1.293872254910700959e-02 -5.997445269625614372e+01 9.545660179316943772e-01 2.979963554444618468e-01 1.374609703960695452e-03 3.817811091107140697e+01 2.543652337531531783e-03 -1.276048297780169039e-02 9.999153463703562839e-01 -8.642532288168668364e-01 5.634106831205470957e-17 2.119157861979614045e-16 1.926048141290594183e-18 9.999999999999991118e-01
2.958248253249829429e-01 -9.551692963615935339e-01 -1.180203412696094294e-02 -5.977073351562497550e+01 9.552331427243967443e-01 2.958532603727412336e-01 -7.009762350026771133e-04 3.883744317288616799e+01 4.161221252649708116e-03 -1.106632797736037052e-02 9.999301078689325495e-01 -8.671047715518236387e-01 6.087288493251345671e-17 2.263144504614266943e-16 2.221614784351295469e-18 9.999999999999991118e-01
2.949483055374407248e-01 -9.554506092090458980e-01 -1.093756932083362297e-02 -5.956656698002227301e+01 9.554995227645092237e-01 2.949860278493410815e-01 -1.976201015357012449e-03 3.950685498230488690e+01 5.114592592326360106e-03 -9.867965125379058941e-03 9.999382301956906138e-01 -8.649767336248224137e-01 6.505273533836798663e-17 2.382563130069189840e-16 2.474792584257158155e-18 9.999999999999988898e-01
2.946199897506021070e-01 -9.555549163343313168e-01 -1.067068454397874545e-02 -5.936052758173188693e+01 9.556032468045986272e-01 2.946523304653391739e-01 -1.561681095062611956e-03 4.018442082346105337e+01 4.636414116681828422e-03 -9.736838327632483039e-03 9.999418471308773038e-01 -8.635185294082463603e-01 7.035250552089855420e-17 2.495467723427764930e-16 2.674757197186119737e-18 9.999999999999985567e-01
2.935029134668067363e-01 -9.558809085339897704e-01 -1.215436081101228284e-02 -5.915261131366440850e+01 9.559531878781039049e-01 2.935187422332740104e-01 5.005431786801711313e-04 4.087455351604164377e+01 3.089073029505101393e-03 -1.176591084516614115e-02 9.999260077474694253e-01 -8.640145705684832977e-01 7.521106454768925631e-17 2.606169071323879559e-16 2.859509871422891036e-18 9.999999999999980016e-01
2.929478427415578845e-01 -9.560705428739343370e-01 -1.052038410904756853e-02 -5.894454320929873603e+01 9.561281023020232750e-01 2.929209973737736949e-01 4.042435635795108874e-03 4.156945318963141744e+01 -7.832122268653771060e-04 -1.124305769259929984e-02 9.999364880992789306e-01 -8.657927526597397616e-01 8.059483106449784147e-17 2.707822211925580367e-16 3.100464333466140201e-18 9.999999999999975575e-01
2.924773236501880258e-01 -9.562509872750055706e-01 -6.408157769153033194e-03 -5.872633806439650783e+01 9.562683383426188177e-01 2.924498248427408464e-01 4.895409367811465184e-03 4.227084578572053175e+01 -2.807175423926793704e-03 -7.559714611814264545e-03 9.999674847119374155e-01 -8.718707756597493530e-01 8.592334219852197801e-17 2.859568415979905001e-16 3.391489245984576533e-18 9.999999999999970024e-01
2.919041790150095350e-01 -9.564456646868301215e-01 -1.908081585255250569e-03 -5.850612639970322704e+01 9.564467412881911823e-01 2.919007228973954371e-01 1.897116537485126191e-03 4.297228953254396089e+01 -1.257518493595419749e-03 -2.378754659699141953e-03 9.999963800801977554e-01 -8.767597764863668264e-01 9.080192406532499962e-17 3.033919359440550220e-16 3.642586671519032013e-18 9.999999999999963363e-01
2.916480249950407777e-01 -9.565256581879801878e-01 3.078060097570548513e-04 -5.828263206040214328e+01 9.565217915472897792e-01 2.916458950166832542e-01 -2.955370544655232072e-03 4.368847101883600459e+01 2.737117396213299865e-03 1.156351138379755911e-03 9.999955855104540881e-01 -8.777620018501250954e-01 9.386767598152472149e-17 3.235541099802013182e-16 3.795780342531007075e-18 9.999999999999955591e-01
2.914636038003045049e-01 -9.565760757161154704e-01 -3.343505240315560508e-03 -5.806779580243686922e+01 9.565619035813699433e-01 2.914783355701845990e-01 -5.450184399834924996e-03 4.441044618815903533e+01 6.188075347545536967e-03 -1.609739350757677899e-03 9.999795580224160041e-01 -8.772827380727475921e-01 9.771811348837290788e-17 3.445303520194501300e-16 3.863043019518816939e-18 9.999999999999951150e-01
2.909455851307000129e-01 -9.566902351041384200e-01 -9.719081712775530513e-03 -5.784979700091682986e+01 9.566900301307299515e-01 2.910189084062564380e-01 -7.223655477777825816e-03 4.514836693566110171e+01 9.739237208114821798e-03 -7.196457906872737349e-03 9.999266764379215466e-01 -8.790372738863453383e-01 1.012534275089982949e-16 3.683538791880932645e-16 3.980412146387511038e-18 9.999999999999946709e-01
2.903912265288045580e-01 -9.568702700095740310e-01 -8.498348480636545507e-03 -5.762435411019352216e+01 9.568566413257723058e-01 2.904562060178830785e-01 -7.782052198716029982e-03 4.588399513111227179e+01 9.914812445722710754e-03 -5.871861501100597569e-03 9.999336066642954268e-01 -8.793811294662035039e-01 1.051761482112570402e-16 3.945101748463747553e-16 4.229622116336085889e-18 9.999999999999942268e-01
2.898553237502509705e-01 -9.570630975399085916e-01 -3.757475342497256388e-03 -5.738941659641182724e+01 9.570341455102863160e-01 2.898762945428491888e-01 -7.574839236803015442e-03 4.662642675243810686e+01 8.338802132465933381e-03 -1.400424724342139160e-03 9.999642509557896686e-01 -8.811967773392822556e-01 1.079219177449049237e-16 4.209659561405630063e-16 4.467755951701775500e-18 9.999999999999938938e-01
2.901468334021587436e-01 -9.569746191252928025e-01 -3.793865666949385040e-03 -5.716010598471866899e+01 9.569700520384087916e-01 2.901608139291389499e-01 -3.875765929595581701e-03 4.738949110154276667e+01 4.809840774158764126e-03 -2.506074613245831348e-03 9.999852924027157197e-01 -8.767043200022803795e-01 1.099979533459831975e-16 4.482127177329229598e-16 4.600537339879378200e-18 9.999999999999935607e-01
2.914229117300147776e-01 -9.565781435316415005e-01 -5.562538661175794354e-03 -5.692903260849613645e+01 9.565942696904817799e-01 2.914161496450818900e-01 2.007715448317353921e-03 4.816011016339999884e+01 -2.995231173937382293e-04 -5.906186890084833864e-03 9.999825134682630567e-01 -8.751259725474765938e-01 1.121657721444558080e-16 4.761698716847381172e-16 4.774020058888148836e-18 9.999999999999933387e-01
2.911936613027239495e-01 -9.566329057504848743e-01 -7.728858421409737743e-03 -5.669382937096342800e+01 9.566510742659496414e-01 2.911379827232950523e-01 7.576088803817554104e-03 4.894423475516940414e+01 -4.997371597050487627e-03 -9.599929748827276330e-03 9.999414320978605719e-01 -8.813844772353530699e-01 1.143151313962864065e-16 5.031272745293330932e-16 5.041671563267485034e-18 9.999999999999928946e-01
2.908938076120058391e-01 -9.567490844027471963e-01 -3.461529646711019453e-03 -5.644984433147938319e+01 9.567227909530174879e-01 2.908521593844307640e-01 9.301755341201081370e-03 4.973102246499961154e+01 -7.892652533507326859e-03 -6.017547333243127364e-03 9.999507463670689322e-01 -8.977042580107483793e-01 1.154696151575246524e-16 5.269014955165606848e-16 5.401261418215893573e-18 9.999999999999924505e-01
2.903804577568830370e-01 -9.569074726166419964e-01 2.697888680899587430e-03 -5.620464660031516502e+01 9.568747757360851480e-01 2.903928524227778474e-01 7.915479879352628478e-03 5.051343856055487436e+01 -8.357829435458843242e-03 2.830409557670777597e-04 9.999650326761053698e-01 -9.081174825402718032e-01 1.169133126543344048e-16 5.485660863615383966e-16 5.671060514332380676e-18 9.999999999999921174e-01
2.895118041007672671e-01 -9.571731054238572511e-01 1.600481042886776548e-03 -5.596728775072230633e+01 9.571536473769347575e-01 2.895161314743486258e-01 6.107776116935137445e-03 5.130446795105250857e+01 -6.309564113109056988e-03 -2.363670148985829052e-04 9.999800665669861255e-01 -9.106365891956321734e-01 1.178476244209393797e-16 5.714643807371366971e-16 5.803717702775917714e-18 9.999999999999917843e-01
2.901686752520715173e-01 -9.569536542462099282e-01 -6.468657301391887195e-03 -5.573848051538399773e+01 9.569696798661481152e-01 2.901366676414913193e-01 5.453980812618271050e-03 5.211189926465233668e+01 -3.342412195276795936e-03 -7.772883294122342329e-03 9.999642046423398156e-01 -9.199909885025997491e-01 1.196006036804763085e-16 5.934574574186320029e-16 5.954828242324350041e-18 9.999999999999917843e-01
2.894273547308982009e-01 -9.571613456475649429e-01 -8.600275089613586624e-03 -5.549521111358433956e+01 9.571990381685409055e-01 2.894280068650845750e-01 1.195897676081686531e-03 5.291178284218013061e+01 1.344493448789444616e-03 -8.578300544678158987e-03 9.999623018379759642e-01 -9.302433894596556785e-01 1.212754730405568992e-16 6.136340028456641000e-16 6.252136554866622503e-18 9.999999999999915623e-01
2.886629703081212139e-01 -9.573988765931502609e-01 -7.815412405382455782e-03 -5.524735585365372259e+01 9.574139017641463134e-01 2.886967284321989569e-01 -3.580461034879693378e-03 5.371312540624528964e+01 5.684213365267845944e-03 -6.449037967530416374e-03 9.999630491311570779e-01 -9.316902765173156187e-01 1.230276400952076525e-16 6.298668063171405439e-16 6.522915966270463252e-18 9.999999999999911182e-01
2.887604459924031364e-01 -9.573515657214238805e-01 -9.766495840635677425e-03 -5.500406288815727152e+01 9.573747614544629858e-01 2.888134626246784409e-01 -4.511090408433756152e-03 5.452514062483326285e+01 7.139394947074644698e-03 -8.047572147421312369e-03 9.999421311367413523e-01 -9.278784691706724042e-01 1.244039131373965996e-16 6.460901715272529369e-16 6.762092064785356372e-18 9.999999999999905631e-01
2.890648898069723138e-01 -9.571862142331972745e-01 -1.536361815459292950e-02 -5.476867130307576303e+01 9.572936107590305221e-01 2.891153441356187903e-01 -1.122757852981200047e-03 5.535327904328222104e+01 5.516546088735484882e-03 -1.438294362247923702e-02 9.998813422861566602e-01 -9.265918424622453520e-01 1.270259099423459154e-16 6.598979008278190158e-16 6.982401816896972687e-18 9.999999999999895639e-01
2.891333790817707805e-01 -9.572087292990446583e-01 -1.238295822738894221e-02 -5.451968022683443138e+01 9.572888109072597018e-01 2.891071984191133093e-01 3.893627348539886388e-03 5.617920318893560250e+01 -1.470117253920857870e-04 -1.297984498917740051e-02 9.999157474565386616e-01 -9.279366972257019341e-01 1.299484323218399382e-16 6.722932060316266753e-16 7.284592490191645871e-18 9.999999999999885647e-01
2.881809931588746876e-01 -9.575576967617794866e-01 -5.913759737662401851e-03 -5.426352328321286222e+01 9.575599719906118246e-01 2.881350016260012525e-01 7.557835618251175676e-03 5.700717923404733511e+01 -5.533102495483340801e-03 -7.840804183351304454e-03 9.999539522230445066e-01 -9.349718986520441089e-01 1.328203027075677206e-16 6.836344335817706964e-16 7.505506413431878514e-18 9.999999999999874545e-01
2.877220924847994632e-01 -9.576718401129898917e-01 -8.980208837229105429e-03 -5.401524588545709094e+01 9.576803658676151798e-01 2.876208385116015287e-01 1.107113749623095042e-02 5.784724467561132144e+01 -8.019621422379854397e-03 -1.178558053140431328e-02 9.998983877193361458e-01 -9.443899681073115726e-01 1.370125980611769446e-16 6.922647511057160232e-16 7.655757490101233610e-18 9.999999999999861222e-01
2.881869380616352561e-01 -9.575224890250455534e-01 -9.948454248245065801e-03 -5.376661305469761487e+01 9.575445169966785297e-01 2.880807026686344474e-01 1.086308977439556962e-02 5.867719913956700140e+01 -7.535695068974166029e-03 -1.265668839796763034e-02 9.998915048836879427e-01 -9.613102179345579534e-01 1.403421852980839906e-16 7.010381138319190563e-16 7.821238578824659628e-18 9.999999999999845679e-01
2.863941749319116048e-01 -9.580944371891169098e-01 -5.781521627121284125e-03 -5.351315090742570391e+01 9.581080031867228453e-01 2.863706332785577180e-01 4.573251041334425865e-03 5.950655869634205430e+01 -2.725948372893430716e-03 -6.849074600278118145e-03 9.999728293221388231e-01 -9.570583453915360028e-01 1.436962292417756532e-16 7.116870939937092725e-16 7.989970801100671364e-18 9.999999999999830136e-01
2.859444297786976064e-01 -9.582331535623724861e-01 -5.000649200877949063e-03 -5.326200051146420833e+01 9.582437062249392623e-01 2.859517012533079328e-01 -7.899560274375581632e-04 6.034636697062536115e+01 2.186906201714947443e-03 -4.565957097960919586e-03 9.999871846563698208e-01 -9.607674499950470404e-01 1.461907695358775316e-16 7.260860130281595921e-16 8.052335042848674648e-18 9.999999999999813483e-01
2.859213695205504169e-01 -9.582225795124752477e-01 -7.645820030131973526e-03 -5.301511384641222691e+01 9.582454673730185224e-01 2.859418057248962475e-01 -1.705285237111029339e-03 6.119376326041322756e+01 3.820302404378353098e-03 -6.838994897802626663e-03 9.999693162483779263e-01 -9.676637767348974517e-01 1.480417147115184948e-16 7.393639978050916769e-16 8.057358218119523052e-18 9.999999999999794609e-01
2.851112574949346001e-01 -9.584753019199909740e-01 -6.055283562282064505e-03 -5.275892920986755996e+01 9.584942513917672491e-01 2.851093633320007648e-01 1.192052532425593933e-03 6.203799418177594305e+01 5.838651303214356441e-04 -6.143822081510734966e-03 9.999809560944925568e-01 -9.710663270501345146e-01 1.484585093484689291e-16 7.525353324280085037e-16 8.091523464175880850e-18 9.999999999999774625e-01
2.843710222968780510e-01 -9.587120495559484645e-01 -2.080315851092623142e-03 -5.250178334858360074e+01 9.587078922132822312e-01 2.843605126428976893e-01 4.275073953906053000e-03 6.288989985732272459e+01 -3.507005230471448021e-03 -3.210122375401829996e-03 9.999886979504105655e-01 -9.697366293467211129e-01 1.483918127996499738e-16 7.665313115306435918e-16 8.098503196961705139e-18 9.999999999999752420e-01
2.836588823716010843e-01 -9.589252484340077265e-01 -7.979629419082958134e-05 -5.225475563020079761e+01 9.589054037189193025e-01 2.836524747602480745e-01 6.457575467228133040e-03 6.374392823927307461e+01 -6.169697742864240636e-03 -1.908265737556089905e-03 9.999791464583351885e-01 -9.656777512185399370e-01 1.482953319318777746e-16 7.796144958869792672e-16 8.057499803498087761e-18 9.999999999999726885e-01
2.834560519695451530e-01 -9.589690062041145158e-01 -5.577790038031348908e-03 -5.201353221557909023e+01 9.589793928136552958e-01 2.834292433482961671e-01 5.136942050603787897e-03 6.459622682888247880e+01 -3.345259403155776291e-03 -6.805083016769673289e-03 9.999712496289878683e-01 -9.650439354899015276e-01 1.490839812745045310e-16 7.920813258638666901e-16 7.996279680045273849e-18 9.999999999999702460e-01
2.835247178162508819e-01 -9.589561769828172100e-01 -4.096951756026230053e-03 -5.176134087551148610e+01 9.589645002894476855e-01 2.835260417856276804e-01 2.661087073427291288e-04 6.544493008974690440e+01 9.064059261221693977e-04 -4.004279689581417487e-03 9.999915720506644679e-01 -9.741213063587063070e-01 1.491273276834168485e-16 8.068096616350515385e-16 8.009083258116000615e-18 9.999999999999678035e-01
2.830437846990170314e-01 -9.591030818531381952e-01 -2.737576125602129637e-03 -5.150885743506002967e+01 9.590974540658910863e-01 2.830525451392134073e-01 -3.651067568936857289e-03 6.629750444728405512e+01 4.276628047289728757e-03 -1.592190309468988251e-03 9.999895876370185066e-01 -9.868530918289364351e-01 1.481887906699990112e-16 8.249698889036574755e-16 7.992095124247866861e-18 9.999999999999655831e-01
2.835484266120432695e-01 -9.589451034452217693e-01 -4.957655115099509832e-03 -5.125874445641947830e+01 9.589560321858506819e-01 2.835543341361161374e-01 -5.176165004419344597e-04 6.715502739491067530e+01 1.902130403604110993e-03 -4.607403933829029227e-03 9.999875767872342669e-01 -9.915417869629498115e-01 1.460854532979284212e-16 8.441699053455544909e-16 7.922862405134256345e-18 9.999999999999633626e-01
2.838823344979677366e-01 -9.588474972678983077e-01 -4.721985074390729412e-03 -5.101128623880615720e+01 9.588500856963907415e-01 2.838548338654768854e-01 5.739899917947095635e-03 6.801807030369148777e+01 -4.163330382081152116e-03 -6.157131981723763629e-03 9.999723778213938097e-01 -9.832607065441354433e-01 1.435004247130217084e-16 8.646573266303903267e-16 7.911290041275514357e-18 9.999999999999611422e-01
2.831870571407791304e-01 -9.590582919256316341e-01 -3.504761989679043045e-03 -5.075735693148587302e+01 9.590309296002879069e-01 2.831445313392114138e-01 9.426051269805557631e-03 6.887548072521111919e+01 -8.047778439396033670e-03 -6.030510868539287576e-03 9.999494318217971855e-01 -9.792838757671510352e-01 1.411979176523285596e-16 8.838757953533656524e-16 7.921128866017298396e-18 9.999999999999588107e-01
2.832328040573561800e-01 -9.590437637324085163e-01 -3.773321050570507904e-03 -5.050945224291438507e+01 9.590098572454627268e-01 2.831818803680609675e-01 1.039790060899964570e-02 6.972361357834734008e+01 -8.903505584633803968e-03 -6.563678627840886792e-03 9.999388209840897046e-01 -9.861432324091848889e-01 1.382506041678623756e-16 9.025567753717335497e-16 7.925229605345012468e-18 9.999999999999563682e-01
2.835653152129846144e-01 -9.589420946350287744e-01 -4.557537175840013083e-03 -5.025519516425324440e+01 9.588982440478340807e-01 2.834951907644944202e-01 1.202640325301103548e-02 7.058835172194078211e+01 -1.024058445528319532e-02 -7.780485224409535404e-03 9.999172938196236871e-01 -1.004079220527791083e+00 1.339348775650155231e-16 9.225202153075206712e-16 7.923646778493352235e-18 9.999999999999540368e-01
2.836280081503368411e-01 -9.589081743784267919e-01 -7.089859157112600278e-03 -5.001104372841260215e+01 9.588852744798053163e-01 2.835309059977233481e-01 1.221702622214489165e-02 7.144648355180306964e+01 -9.704812120794208130e-03 -1.026345235679390275e-02 9.999002341070279964e-01 -1.017786397516729835e+00 1.301979944731106226e-16 9.427176074263946427e-16 7.947284250430326380e-18 9.999999999999517053e-01
2.838024911543676754e-01 -9.588342311733771828e-01 -9.646924105301770205e-03 -4.976537156351725599e+01 9.588655478741086036e-01 2.837227559765463369e-01 8.846402713349675942e-03 7.229269897034673420e+01 -5.745181850448154853e-03 -1.176073429532944851e-02 9.999143353378860954e-01 -1.028488424320622707e+00 1.274444822128664266e-16 9.611523761150572709e-16 8.023863221879904360e-18 9.999999999999492628e-01
2.838435979350884542e-01 -9.588218737124235558e-01 -9.665733382329759135e-03 -4.951380066714689576e+01 9.588676335608987689e-01 2.838533405235162954e-01 3.773364079040338265e-04 7.313073029241807888e+01 2.381852307541020702e-03 -9.375263418593179215e-03 9.999532145131995176e-01 -1.023048124947919746e+00 1.257046743199073821e-16 9.766291829990497824e-16 8.131538612886259688e-18 9.999999999999468203e-01
2.835490586714281558e-01 -9.589149342691487554e-01 -9.059810268191565916e-03 -4.926169099373780824e+01 9.589180242340652471e-01 2.836106376747297708e-01 -6.420980966032583531e-03 7.397470750679754303e+01 8.726633108363709632e-03 -6.866952253641363073e-03 9.999383435198390124e-01 -1.020120982547024768e+00 1.241656384064554396e-16 9.917183779343964797e-16 8.222968251268659915e-18 9.999999999999440448e-01
2.836540319186764414e-01 -9.588800387149430948e-01 -9.458410556711588715e-03 -4.900851564613882516e+01 9.588917112125374675e-01 2.837141306429727949e-01 -5.742668472478781178e-03 7.483101378361008926e+01 8.190014895582445678e-03 -7.440660417882259160e-03 9.999387782401555347e-01 -1.018382139649641527e+00 1.238461105990609134e-16 1.008128858294390508e-15 8.291072639602604417e-18 9.999999999999413802e-01
2.838306963252238968e-01 -9.588404624982388436e-01 -8.068661577400134191e-03 -4.875768816150475971e+01 9.588720913290584846e-01 2.838384695511630973e-01 1.888726495715555920e-04 7.568654303095813418e+01 2.109097814790126743e-03 -7.790422256589170022e-03 9.999674299832617130e-01 -1.011272043868340687e+00 1.229767667060431211e-16 1.022174881093964606e-15 8.327516905713242230e-18 9.999999999999383826e-01
2.835440375383793676e-01 -9.589319656974204520e-01 -7.229380337354510307e-03 -4.850640843942656488e+01 9.589455453862995027e-01 2.834916833794084989e-01 7.477060803794446583e-03 7.654580812318350524e+01 -5.120523412592147168e-03 -9.052658079632685748e-03 9.999459133480822493e-01 -1.008490648355326424e+00 1.212181770248762833e-16 1.038074197145615832e-15 8.378448038513806890e-18 9.999999999999353850e-01
2.833897310690463023e-01 -9.589788006605465265e-01 -7.065423428066520961e-03 -4.825598658071088920e+01 9.589605440950051962e-01 2.832981529397139986e-01 1.169749587456411603e-02 7.739958941440424667e+01 -9.216029157610062736e-03 -1.009041250490911104e-02 9.999066198310225806e-01 -1.014177362816776284e+00 1.195536671817759715e-16 1.053092668418392884e-15 8.462717370287039343e-18 9.999999999999324984e-01
2.832704199458274119e-01 -9.590145524000398547e-01 -6.996961383961616300e-03 -4.800561035944347310e+01 9.589949466965171920e-01 2.831787731197546454e-01 1.176752585333853962e-02 7.825300091723622131e+01 -9.303837598816019905e-03 -1.004344259964317157e-02 9.999062795415052385e-01 -1.024166014487295939e+00 1.183648894275275081e-16 1.071587540888444708e-15 8.586420606885550500e-18 9.999999999999296119e-01
2.839294052989336792e-01 -9.587907920223470715e-01 -1.021322376607693497e-02 -4.775930279529537614e+01 9.588257580230474808e-01 2.838397374376992466e-01 9.389845717450750681e-03 7.910276339880793728e+01 -6.103978860243559901e-03 -1.245875532976743055e-02 9.999037557973050605e-01 -1.034031730567797069e+00 1.176002368464473616e-16 1.088092831008697290e-15 8.676776440039594561e-18 9.999999999999266143e-01
2.842393135887715805e-01 -9.586688369721712011e-01 -1.273081415107945105e-02 -4.751054847961528793e+01 9.587462227040151053e-01 2.841608873454480877e-01 7.633515153520288067e-03 7.995193165826194104e+01 -3.700413648430903209e-03 -1.437536508679594649e-02 9.998898218390358528e-01 -1.041202844199260902e+00 1.154391181484772099e-16 1.108426506427664478e-15 8.806043914252949752e-18 9.999999999999236167e-01
2.835338418857081266e-01 -9.588788951816937800e-01 -1.264218654363658857e-02 -4.725778926480872855e+01 9.589576225420232136e-01 2.834669689817710947e-01 6.837811389929608630e-03 8.080800002741905530e+01 -2.972990730206682454e-03 -1.406207208509078176e-02 9.998967043923265852e-01 -1.044552581254627022e+00 1.133906076989173353e-16 1.128644458649065760e-15 8.972750373900595881e-18 9.999999999999203970e-01
2.826249383042429009e-01 -9.591509526573422928e-01 -1.235290512282836810e-02 -4.700535580765335197e+01 9.592206679662437230e-01 2.825403117301012457e-01 8.165928827408667004e-03 8.166357052323766652e+01 -4.342164749961854690e-03 -1.415705703428174131e-02 9.998903556596857589e-01 -1.048897314360665467e+00 1.125165587745429227e-16 1.146016268472507442e-15 9.112899785213254735e-18 9.999999999999169553e-01
2.824366922854510964e-01 -9.591894463377819147e-01 -1.360591360436183214e-02 -4.675735861986415642e+01 9.592533639252945887e-01 2.822818048096022436e-01 1.224607982994665827e-02 8.251959920033638696e+01 -7.905608683569077810e-03 -1.651026067488971932e-02 9.998324422840192405e-01 -1.049720098383307043e+00 1.111705772725780664e-16 1.162596011561525043e-15 9.249546898249093671e-18 9.999999999999136246e-01
2.821832822950635089e-01 -9.592696171741422750e-01 -1.320593653225783128e-02 -4.650809691442268701e+01 9.593136558891770527e-01 2.820067154717945113e-01 1.376670087970737616e-02 8.337426506886136224e+01 -9.481815096433992077e-03 -1.655336809480558238e-02 9.998180240358889304e-01 -1.055137432031028943e+00 1.094969421271126363e-16 1.178984571484884957e-15 9.402418107556197632e-18 9.999999999999102940e-01
2.812516235239649331e-01 -9.595591508021508176e-01 -1.199001154804970465e-02 -4.625383028475653902e+01 9.595931386988761913e-01 2.811022974840681199e-01 1.274780416285937676e-02 8.422508166920246708e+01 -8.861852344085549907e-03 -1.509087343159335251e-02 9.998468548292459568e-01 -1.062277283415088203e+00 1.083149035257313396e-16 1.192891595180908537e-15 9.575723909469308369e-18 9.999999999999068523e-01
2.806534262690914550e-01 -9.597113573446028889e-01 -1.370273356419975976e-02 -4.601217490543078981e+01 9.597808993629154406e-01 2.805069700572153102e-01 1.168182208339380371e-02 8.507821862806815716e+01 -7.367465054314257210e-03 -1.643016533674373017e-02 9.998378719199976228e-01 -1.077532896018112973e+00 1.063559458144988916e-16 1.206365473661715957e-15 9.696701617860831498e-18 9.999999999999032996e-01
2.798628587271684287e-01 -9.599471925618574542e-01 -1.334795106353993573e-02 -4.576620789801683742e+01 9.600160041472913797e-01 2.797305373732548728e-01 1.095893433181261388e-02 8.593467711791942065e+01 -6.786168721454626483e-03 -1.588124533427313911e-02 9.998508558582837047e-01 -1.091266405902227676e+00 1.038574458104865206e-16 1.219685228262363241e-15 9.866541788962792168e-18 9.999999999998997469e-01
2.784287087696385443e-01 -9.604140851748054208e-01 -9.068579306618760119e-03 -4.551273506620669451e+01 9.604414109710002201e-01 2.783581877213535671e-01 8.307552002006370062e-03 8.677751724314536830e+01 -5.454376655049095191e-03 -1.102290008170230852e-02 9.999243698644995071e-01 -1.092800974637985201e+00 1.009390556344801278e-16 1.235037189438045627e-15 1.004623893079014895e-17 9.999999999998964162e-01
2.771472691608328764e-01 -9.607232690217386573e-01 -1.414890655852835133e-02 -4.527289877861835521e+01 9.608268852168925234e-01 2.771010697997493555e-01 5.166600428058991390e-03 8.762519541856927674e+01 -1.042996109106329467e-03 -1.502655901733432157e-02 9.998865509061685142e-01 -1.094448405524559575e+00 9.811428323152213008e-17 1.245613986237898294e-15 1.010064701334729250e-17 9.999999999998929745e-01
2.764475972837941442e-01 -9.607841610874442440e-01 -2.169151353495226905e-02 -4.504094716957013134e+01 9.610201770326110005e-01 2.764713149991842034e-01 1.957375429547251848e-03 8.847894904892913814e+01 4.116465961323622844e-03 -2.138709391194423479e-02 9.997627953278751534e-01 -1.104622027163483899e+00 9.698775812869900193e-17 1.253712711194083881e-15 1.017285444647735208e-17 9.999999999998894218e-01
2.750832828470601843e-01 -9.611459177031745904e-01 -2.297199121817763284e-02 -4.480510695139984989e+01 9.614060431339835899e-01 2.751312234600622464e-01 1.109099889522890351e-03 8.932730451924979320e+01 5.254305218034661419e-03 -2.239050601859098738e-02 9.997354937765884353e-01 -1.106574590707657846e+00 9.512543992096411190e-17 1.262213237807023148e-15 1.033153549335030131e-17 9.999999999998860911e-01
2.737699088006232961e-01 -9.615578859364953823e-01 -2.136513581876437265e-02 -4.456531885710581520e+01 9.617924918787157385e-01 2.737544465769963797e-01 3.702100051160546555e-03 9.018120919433640381e+01 2.289017433392254337e-03 -2.156235081183210250e-02 9.997648850737184123e-01 -1.094711904555999205e+00 9.250260547337918230e-17 1.269921998266321542e-15 1.040597779907735537e-17 9.999999999998823164e-01
2.732860867038166552e-01 -9.617530599367501987e-01 -1.859479809856880855e-02 -4.432710633747625195e+01 9.619309921870969893e-01 2.731970141674618935e-01 7.222030162191027045e-03 9.103538598990799358e+01 -1.865766287863919156e-03 -1.986059294555485993e-02 9.998010180850063211e-01 -1.085193942308763537e+00 9.013642781631665561e-17 1.279443911075252149e-15 1.051991317670557344e-17 9.999999999998788747e-01
2.721722906943322973e-01 -9.620502799522395732e-01 -1.953210234276771609e-02 -4.409523294534249516e+01 9.622393481079355437e-01 2.720249147005611157e-01 9.893570371550551579e-03 9.189204154595532259e+01 -4.204893671960322800e-03 -2.148731313665027884e-02 9.997602783883630106e-01 -1.089179518296364613e+00 8.984111858879516931e-17 1.287709646563773999e-15 1.058581629933355497e-17 9.999999999998753220e-01
2.712824996583989567e-01 -9.623374834991961224e-01 -1.767408360942752943e-02 -4.386426052835839329e+01 9.624855405954532150e-01 2.711329041613249058e-01 1.041788968309456144e-02 9.274234352219954758e+01 -5.233500123584482362e-03 -1.983724107174186096e-02 9.997895250216007890e-01 -1.097653056132150251e+00 8.885225821687985419e-17 1.301244827391900554e-15 1.071926858034935548e-17 9.999999999998717692e-01
2.698217473648483189e-01 -9.628051439552322011e-01 -1.422952642320114876e-02 -4.362827657969048545e+01 9.628888252873762932e-01 2.696876023027868219e-01 1.066336253683560290e-02 9.359733572634792154e+01 -6.429213439345217787e-03 -1.657865909450290456e-02 9.998418941397576587e-01 -1.110553877889146390e+00 8.838369049815473559e-17 1.317131862844508205e-15 1.084028176404020654e-17 9.999999999998681055e-01
2.689078215092238211e-01 -9.630602737458208162e-01 -1.426508547778020455e-02 -4.340189327396582541e+01 9.631293435546574022e-01 2.687390497001135858e-01 1.269609191729057472e-02 9.444925517827601880e+01 -8.393516242176116138e-03 -1.715320083112206045e-02 9.998176416657871268e-01 -1.115399829845356017e+00 8.886134471842024903e-17 1.332872007386610648e-15 1.089250320329190322e-17 9.999999999998646638e-01
2.685197308321435883e-01 -9.630864317436436117e-01 -1.901786383973896877e-02 -4.318309606197708206e+01 9.632376450790472999e-01 2.682852498452773515e-01 1.400941889380593816e-02 9.529931195567377245e+01 -8.390068901466853080e-03 -2.208052776990120439e-02 9.997209895951099101e-01 -1.113856836610913836e+00 8.943416857831848252e-17 1.346016381900413045e-15 1.090097261461814568e-17 9.999999999998611111e-01
2.682590421090160770e-01 -9.630548961394885810e-01 -2.371399056269265712e-02 -4.296533676306243166e+01 9.633190909743376551e-01 2.679832798216203460e-01 1.418769537774827727e-02 9.615181932312356139e+01 -7.308576529823295267e-03 -2.665011740399473097e-02 9.996181050537520374e-01 -1.118394268236485578e+00 8.748108950611880912e-17 1.359924926092977156e-15 1.100465581321854807e-17 9.999999999998573363e-01
2.687430139732411294e-01 -9.628527702875087080e-01 -2.630085911414701064e-02 -4.273878781564250318e+01 9.631984186116060442e-01 2.684945010555968570e-01 1.262969859939098126e-02 9.700035119827845165e+01 -5.098904239129662709e-03 -2.872708917404630594e-02 9.995742871457521384e-01 -1.127879616664151152e+00 8.745813385644070462e-17 1.371857411082972748e-15 1.119311966748062739e-17 9.999999999998536726e-01
2.702665587855833662e-01 -9.623841347924269041e-01 -2.779863849047102889e-02 -4.250572750822865231e+01 9.627735219281089440e-01 2.700062721935720944e-01 1.279681405566536652e-02 9.784483807845396086e+01 -4.809644072188378611e-03 -3.022234398252055670e-02 9.995316289382200070e-01 -1.141535013388301767e+00 8.810899331577892229e-17 1.384658346718496606e-15 1.148185408929635032e-17 9.999999999998498978e-01
2.713731458502019467e-01 -9.620934903264037885e-01 -2.706901518000807971e-02 -4.226623930570269039e+01 9.624433147013019552e-01 2.710317250598588412e-01 1.564193074856211341e-02 9.869674067249177085e+01 -7.712437869415333068e-03 -3.029719264995460806e-02 9.995111797370909157e-01 -1.153119419870357376e+00 8.857965383143392873e-17 1.397827142855942913e-15 1.186111635150857610e-17 9.999999999998463451e-01
