1.000000000000000000e+00 4.398956837314658088e-19 2.733407509747682871e-20 -8.673617379884035472e-19 -5.583667658079949532e-19 1.000000000000000000e+00 -6.100159232558060012e-19 0.000000000000000000e+00 4.145284534913582806e-20 -2.210423569125054137e-19 1.000000000000000222e+00 0.000000000000000000e+00
9.998972604533168385e-01 3.236735675408862110e-04 1.433051950695393185e-02 -8.840259278297667167e-02 -3.192410723186708561e-04 9.999999004983081141e-01 -3.115913476664993278e-04 -8.891455088967645248e-03 -1.433061918337713743e-02 3.069844603625646387e-04 9.998972642715553416e-01 1.493686150589473849e-02
9.995553766119824601e-01 1.719951085828018682e-03 2.976727863888389836e-02 -9.239481557967568759e-02 -1.705393490111554132e-03 9.999984134984767348e-01 -5.144286734987779490e-04 -1.530190306195897132e-02 -2.976811672124614686e-02 4.634350539106614139e-04 9.995567239673343041e-01 1.284120221050988331e-02
9.979518612020177315e-01 5.204358872295993324e-03 6.375733198011070135e-02 8.251388216724466623e-03 -5.284473331720595038e-03 9.999854452174202768e-01 1.087981930768107787e-03 7.333938708437917620e-03 -6.375074286066061136e-02 -1.422677470847290423e-03 9.979648384360571001e-01 4.187662655768140119e-01
9.954358142171665369e-01 4.127889272380507943e-03 9.534411503609255267e-02 1.861048253065780353e-02 -4.422187635189507061e-03 9.999860874817376732e-01 2.875605523822913259e-03 1.510170219364925792e-02 -9.533092002622760297e-02 -3.284110236974535288e-03 9.954402193658882236e-01 5.457955815393589205e-01
9.908476153410911147e-01 1.796145696952105479e-03 1.349732451358635898e-01 1.732626544527762213e-01 -2.450528938319188835e-03 9.999860355689061953e-01 4.682262111995034309e-03 1.630603259246318770e-02 -1.349629526188754203e-01 -4.970164012281938493e-03 9.908381800363309511e-01 8.334416373221620322e-01
9.851010864226614760e-01 -2.391037648257771618e-03 1.719596818970511864e-01 1.525266420711957061e-01 1.409175811271786002e-03 9.999820026965980935e-01 5.831680916709702615e-03 -1.495589565610734584e-02 -1.719705338275330786e-01 -5.502473670689973090e-03 9.850867264116485167e-01 9.101909168644990444e-01
9.763979569576207718e-01 -2.563994677552954276e-03 2.159640133761101533e-01 2.732205553752548033e-01 1.174231538426722668e-03 9.999777723799689877e-01 6.563224997006711012e-03 -1.735292210401334634e-03 -2.159760448178415504e-01 -6.154727574913403804e-03 9.763792643763024026e-01 1.172967493175451237e+00
9.647446619956331348e-01 -2.544726402528513752e-03 2.631753420827878109e-01 3.552063662605065009e-01 -1.029139940569896993e-04 9.999495314476037899e-01 1.004609195533811596e-02 5.798728678950176851e-03 -2.631876291078108498e-01 -9.718997853738666620e-03 9.646957104736479938e-01 1.336218352750678795e+00
9.503325499755285177e-01 -6.094805891068253920e-03 3.111766323933015665e-01 5.253975623834467035e-01 9.504138808208520157e-04 9.998604102766426305e-01 1.668102715911554818e-02 2.671845430789046572e-02 -3.112348683304687058e-01 -1.555677633102807607e-02 9.502056854722676915e-01 1.621542639099363470e+00
9.334740620254231569e-01 -1.579438745546384720e-02 3.582969594121049317e-01 6.391704338186392498e-01 7.402509909546196865e-03 9.996654898329263572e-01 2.478126833491057363e-02 2.819196647135896461e-03 -3.585685165790607476e-01 -2.048037426051670107e-02 9.332787230720481775e-01 1.810384091161866937e+00
9.122619512584624335e-01 -2.151920738615000633e-02 4.090416282738986165e-01 8.105641130077063661e-01 1.020510366226678317e-02 9.995031032924241998e-01 2.982284922685910639e-02 -3.831880968529377540e-03 -4.094801479807996802e-01 -2.303193821756502682e-02 9.120282564713798612e-01 2.053939306707239343e+00
8.877102870522578515e-01 -2.346605912050667500e-02 4.598040748838290726e-01 1.010195165071968937e+00 8.926418860918673356e-03 9.993897608561836954e-01 3.377017780703855249e-02 -5.011780620063840952e-03 -4.603159453734637085e-01 -2.587373025215728567e-02 8.873780387196714692e-01 2.273906566474435564e+00
8.590804813705275045e-01 -2.534107139764642941e-02 5.112128253067100836e-01 1.165144274346840980e+00 6.785593236678150522e-03 9.992497372695101632e-01 3.813028006783516360e-02 2.975463974705291892e-02 -5.117955523603598955e-01 -2.928809682862101860e-02 8.586078987943418506e-01 2.510013228833515520e+00
8.270502808615732837e-01 -3.069679900460051125e-02 5.612891720829116249e-01 1.411387085538662545e+00 7.989183427088540276e-03 9.990488929035000742e-01 4.286586633663119761e-02 2.668939290041898171e-02 -5.620711805543483486e-01 -3.096798436653888306e-02 8.265089090471610112e-01 2.761473678257639897e+00
7.915510511112994196e-01 -3.646023806620019014e-02 6.100144086879655259e-01 1.611568859328361247e+00 1.018511433257225478e-02 9.988670339275073085e-01 4.648560994487634795e-02 2.482994159421794689e-02 -6.110181700151601225e-01 -3.058266658468596425e-02 7.910256014698067162e-01 2.934698196960795702e+00
7.538020060081692675e-01 -4.093584851170282285e-02 6.558252704347335982e-01 1.891597205017014005e+00 1.125275994250967207e-02 9.987154458897400389e-01 4.940479210695687684e-02 3.312183440287397307e-02 -6.570052658209588614e-01 -2.986158667620713789e-02 7.532943469059151242e-01 3.131152415686552448e+00
7.137151182115935022e-01 -4.416966864321990316e-02 6.990420321387450509e-01 2.206263489201388150e+00 1.231713973104625257e-02 9.986468498727431031e-01 5.052481819223973020e-02 4.155213985200052751e-02 -7.003277999015251609e-01 -2.745012774424754332e-02 7.132933975147545125e-01 3.393318233123723271e+00
6.725081633898577493e-01 -4.619038639640506844e-02 7.386468775243371088e-01 2.482921392682447159e+00 1.152390316632783025e-02 9.985830320526096759e-01 5.195312981266262536e-02 5.121236756223247061e-02 -7.399999865026613000e-01 -2.642680831339037570e-02 6.720875333880437230e-01 3.570419247217990755e+00
6.297370316042660843e-01 -4.648608068251601499e-02 7.754162144603448104e-01 2.836072593749563442e+00 7.175853603389388199e-03 9.985133654118478752e-01 5.403300998913816711e-02 8.437078059526745277e-02 -7.767752501807171361e-01 -2.846231355392679629e-02 6.291344189800301967e-01 3.813322406894873673e+00
5.878075084732136135e-01 -4.734388312322154735e-02 8.076143133500143234e-01 3.153537050892427640e+00 4.345002616557960655e-03 9.984565071444495565e-01 5.536898270531930705e-02 1.037529227195593401e-01 -8.089891630539157719e-01 -2.903721690787986962e-02 5.871059399532834178e-01 4.016224735101590504e+00
5.476955477259277671e-01 -4.835790707885517098e-02 8.352790482375543890e-01 3.540276006390739916e+00 2.083717095570577615e-03 9.984040661065086697e-01 5.643561694779343496e-02 1.235586190595158174e-01 -8.366751208745394353e-01 -2.916905031559428874e-02 5.469222248707343859e-01 4.221855811416325821e+00
5.091248871242842755e-01 -5.105826125309902846e-02 8.591768683672300622e-01 3.975676258804324181e+00 1.257499979960761656e-03 9.982819433521756824e-01 5.857969123128817235e-02 1.337622983160420276e-01 -8.606917458925316122e-01 -2.874396317158375846e-02 5.083143862914785149e-01 4.432876462221413405e+00
4.717300256725157070e-01 -5.093949582025922990e-02 8.802703776929166057e-01 4.366537245148018442e+00 -1.665672999374196665e-03 9.982765770034799369e-01 5.866090093655301069e-02 1.610565749331665519e-01 -8.817414714400373388e-01 -2.913835026576742926e-02 4.708321855273809309e-01 4.631997704655651305e+00
4.357905887942758461e-01 -5.021309839393463259e-02 8.986463119963017387e-01 4.834427156585045182e+00 -3.030898280376868609e-03 9.983550282802524656e-01 5.725426732065430624e-02 1.841297869657610442e-01 -9.000429939449459127e-01 -2.767457575540889850e-02 4.349215335523953785e-01 4.799350390750912965e+00
4.025224315289331889e-01 -4.902807991433999479e-02 9.140962343053472550e-01 5.342897813071918023e+00 -1.663175314867741065e-03 9.985238913343907896e-01 5.428878564466193407e-02 2.005228255151694783e-01 -9.154086196829712696e-01 -2.337275556539276933e-02 4.018467211109934545e-01 4.997748193627065127e+00
3.721867518783865125e-01 -4.725981759190114179e-02 9.269538915166024573e-01 5.848697492641873552e+00 1.765037610841641979e-04 9.987064298851693334e-01 5.084718003666346270e-02 2.225165680248971933e-01 -9.281578561722327869e-01 -1.876103514632809430e-02 3.717136424593378563e-01 5.168992464238076678e+00
3.463916447810624910e-01 -4.532105684116422006e-02 9.369945653566922328e-01 6.392505812473486593e+00 1.027228416727208769e-03 9.988500169974380283e-01 4.793316506329831084e-02 2.468858570914600481e-01 -9.380894354600528562e-01 -1.564113961727756769e-02 3.460398540449037830e-01 5.347331054297974617e+00
3.261997816354854640e-01 -4.482472593362791385e-02 9.442374867693014151e-01 6.967708831684189086e+00 2.239816314832220132e-03 9.989089573746697814e-01 4.664630816871163932e-02 2.718663311783445224e-01 -9.452982077578568898e-01 -1.310109615429942698e-02 3.259442816013576882e-01 5.532571009932545358e+00
3.116447510074849547e-01 -4.537720535314582887e-02 9.491145574903497861e-01 7.543488081153309821e+00 3.304492693888257202e-03 9.989047728557208794e-01 4.667263714922245676e-02 2.997753742830734369e-01 -9.501929517459871688e-01 -1.140893938385539874e-02 3.114533765328873494e-01 5.703408156357828496e+00
2.988875814351193982e-01 -4.687890930066575257e-02 9.531361740140404937e-01 8.170852590221803879e+00 4.255492211164274043e-03 9.988482084819105822e-01 4.779275217067502357e-02 3.207881818002201735e-01 -9.542788484609093791e-01 -1.022859564622415410e-02 2.987428167541774648e-01 5.927371220267239060e+00
2.889701057134120843e-01 -4.880438921827508214e-02 9.560932978395713100e-01 8.795138224207359912e+00 3.196992015253316034e-03 9.987433385200028546e-01 5.001522732998871928e-02 3.510643981862344165e-01 -9.573327914077439660e-01 -1.139628199981090363e-02 2.887629940182876997e-01 6.092926672449532788e+00
2.783776698243341507e-01 -5.042386540912908305e-02 9.591471686877574010e-01 9.476734075373450139e+00 1.470026801950609146e-03 9.986421715378457353e-01 5.207352694912459334e-02 3.844388163535033542e-01 -9.604705764953943570e-01 -1.308613416703665287e-02 2.780738037936312246e-01 6.279133097832133359e+00
2.678572556238290048e-01 -5.215811583816649943e-02 9.620457400313985330e-01 1.016716354374960041e+01 8.163982073856098504e-04 9.985454824045826294e-01 5.390967467799299279e-02 4.150346787599844545e-01 -9.634582713012982413e-01 -1.365468421376886399e-02 2.675102329798580425e-01 6.476748592929022053e+00
2.573428326772528862e-01 -5.423478295889889306e-02 9.647969936890123943e-01 1.087132160964503846e+01 -4.213937480868402589e-05 9.984231153582246998e-01 5.613627082349081920e-02 4.428647700371423634e-01 -9.663201753101032798e-01 -1.448692201476175362e-02 2.569347459483903306e-01 6.669185959471271019e+00
2.471321472797306518e-01 -5.586523280222434329e-02 9.673700231497625035e-01 1.159547860475577963e+01 -5.086601774711046239e-04 9.983290341226314091e-01 5.778304985610286520e-02 4.714094951425777391e-01 -9.689816611470515317e-01 -1.477211091588774214e-02 2.466907801232254005e-01 6.843776450618460849e+00
2.365299502109715624e-01 -5.700469010493976890e-02 9.699505306981678343e-01 1.237906136478790131e+01 -1.303236688351738391e-03 9.982579509248139527e-01 5.898614199513972645e-02 5.011068742719285707e-01 -9.716233328280803327e-01 -1.521606346738480116e-02 2.360436114709383026e-01 7.039328354568048063e+00
2.269722684202267193e-01 -6.002870301199058484e-02 9.720494473741551067e-01 1.313157376735688509e+01 -2.279477199178558434e-03 9.980631317225263643e-01 6.216742744716095836e-02 5.358479068461734496e-01 -9.738985625231526555e-01 -1.632604570691903803e-02 2.263958176157637447e-01 7.220501045666370743e+00
2.157148389467902216e-01 -6.343036200835336369e-02 9.743940072141886732e-01 1.390039095291357896e+01 -4.335906995379462496e-03 9.978158238852574691e-01 6.591495633540384036e-02 5.804939959006860661e-01 -9.764467855304079791e-01 -1.844371512137623487e-02 2.149686502367157415e-01 7.371136988663064216e+00
2.025373862511322398e-01 -6.740166046287007773e-02 9.769522030741907281e-01 1.468963170518034467e+01 -4.403816352803945414e-03 9.975557531042754666e-01 6.973611545400219824e-02 6.204219789903711035e-01 -9.792646376002370756e-01 -1.842648777141297697e-02 2.017455089746928998e-01 7.552695383791042438e+00
1.904031372194441851e-01 -6.983806336678251292e-02 9.792187058571905078e-01 1.547686245657492243e+01 -5.296548643853970020e-03 9.973787795557002012e-01 7.216312500790036943e-02 6.598136527951428132e-01 -9.816917076445650370e-01 -1.892656403322729927e-02 1.895341465564290007e-01 7.695967362364551256e+00
1.764913892381408944e-01 -7.050642243139999821e-02 9.817737099106698118e-01 1.628459158443471821e+01 -5.995887733633182073e-03 9.973356937088890817e-01 7.270187983405042298e-02 6.992194576312519283e-01 -9.842839305167730979e-01 -1.871785984196514679e-02 1.755984121552265631e-01 7.848545904388710248e+00
1.622172478886233227e-01 -6.972635402204487021e-02 9.842884655868066046e-01 1.708539709250181104e+01 -7.591877799027151215e-03 9.973825827747027084e-01 7.190512443665698916e-02 7.344794655727729937e-01 -9.867258712336219872e-01 -1.913684827092872881e-02 1.612633023362907980e-01 7.974367962508313035e+00
1.451838534136038472e-01 -6.868242025880647028e-02 9.870179112775682162e-01 1.788250791134001716e+01 -8.918927786651056899e-03 9.974562825075000694e-01 7.072069830585189787e-02 7.733400611491723087e-01 -9.893645023880219824e-01 -1.907064409283890094e-02 1.442019717812841051e-01 8.062349399619193946e+00
1.248035172924139569e-01 -6.722597299243392166e-02 9.899013758077125358e-01 1.870392138773794599e+01 -1.129653263200812094e-02 9.975409939327297693e-01 6.916902295461940797e-02 8.118352887696235198e-01 -9.921171743496877138e-01 -1.981498967173117923e-02 1.237372029062431544e-01 8.187805789956694724e+00
9.985188854389194513e-02 -6.591305485406763476e-02 9.928167266000512692e-01 1.951990804924079370e+01 -1.555724467603043434e-02 9.975780522085582191e-01 6.779381876396629869e-02 8.588727141100527263e-01 -9.948806912249560375e-01 -2.221483271216138922e-02 9.858462557506822432e-02 8.275677721468772674e+00
6.903431885314512129e-02 -6.544159281046875443e-02 9.954655411798292164e-01 2.034995889427762705e+01 -1.969976613042665262e-02 9.975621328655885911e-01 6.694557692250631409e-02 8.989873671251364939e-01 -9.974197708898836501e-01 -2.423197981128177858e-02 6.757683689279395112e-02 8.325343436186694035e+00
3.611173170736051152e-02 -6.533225291365109266e-02 9.972099189126949481e-01 2.120177948615988228e+01 -2.238113901142940732e-02 9.975576219534596500e-01 6.616551585448060546e-02 9.381247837500317210e-01 -9.990971147947785846e-01 -2.470804433106893114e-02 3.456132158008723421e-02 8.334403306049873450e+00
1.681195109613108866e-03 -6.461103220277568393e-02 9.979090994876860243e-01 2.202949345605346920e+01 -2.450083398092868167e-02 9.976082928665940264e-01 6.463283325029707538e-02 9.771873705074098915e-01 -9.996984045371019034e-01 -2.455826472821999798e-02 9.414861671166454508e-05 8.343575254065440205e+00
-3.243530451184978985e-02 -6.350495619544208048e-02 9.974542868043086985e-01 2.288925852850207221e+01 -2.565120058197053673e-02 9.977035600213837174e-01 6.268669899212546415e-02 1.002175424127504044e+00 -9.991446262588808969e-01 -2.355263695039519142e-02 -3.398979854399978434e-02 8.291283830501580354e+00
-6.492247898042168008e-02 -6.159906627161602921e-02 9.959872536660046016e-01 2.371683180137742752e+01 -2.806435019772341929e-02 9.978108428618391867e-01 5.988250266691234197e-02 1.037717184863204078e+00 -9.974956045637642932e-01 -2.406401370167881096e-02 -6.650909263071820565e-02 8.239954368629060610e+00
-9.756100499943225202e-02 -5.853215702930444908e-02 9.935068291883728531e-01 2.454400253162518197e+01 -2.968483317299546592e-02 9.979960192672473474e-01 5.588162690396650950e-02 1.080058968929469509e+00 -9.947867500124252249e-01 -2.404021594294145428e-02 -9.910301332947997477e-02 8.168379642136150309e+00
-1.297282388466145797e-01 -5.410460087471576085e-02 9.900723504023587473e-01 2.538033879285910643e+01 -2.687621774197880911e-02 9.983351846813408592e-01 5.103457618216706432e-02 1.102623960275636694e+00 -9.911852853094632598e-01 -1.998877349115499302e-02 -1.309663937049317384e-01 8.046881016017387367e+00
-1.614398120239184387e-01 -4.862324346043565837e-02 9.856840011987906269e-01 2.621617162215939700e+01 -2.271814471092675758e-02 9.987039464406800571e-01 4.554462954941693176e-02 1.115110657095475855e+00 -9.866210466239287991e-01 -1.504019441439841294e-02 -1.623352086406500139e-01 7.892390051217486047e+00
-1.918489740389649478e-01 -4.256490375522356540e-02 9.805009858215594232e-01 2.707311936341688252e+01 -1.657752679846479643e-02 9.990570673843363059e-01 4.012682049910348825e-02 1.134295009877832161e+00 -9.812844506999355287e-01 -8.555991039654500807e-03 -1.923736955890764100e-01 7.711551657579954089e+00
-2.209289798539215144e-01 -3.701939610388202406e-02 9.745870578895041714e-01 2.789182684501036391e+01 -1.072421886489467215e-02 9.993111580027028706e-01 3.552746292931924926e-02 1.148210521991997135e+00 -9.752309435016843775e-01 -2.602637737125644904e-03 -2.211738001652879537e-01 7.516829370928665099e+00
-2.482903890172550032e-01 -3.025285242220439319e-02 9.682131124177086878e-01 2.869908954858297889e+01 -2.002158338982728148e-03 9.995260910423012790e-01 3.071782342874187013e-02 1.174789252879236967e+00 -9.686835861077984777e-01 5.688425473010359605e-03 -2.482332943358956379e-01 7.294703324064101935e+00
-2.749441241679919656e-01 -2.005869001479533911e-02 9.612509355838319003e-01 2.952284899279864305e+01 4.141502224858111328e-03 9.997483657904087107e-01 2.204661067441219049e-02 1.171896810097518893e+00 -9.614512947500258866e-01 1.004261008116699889e-02 -2.747918670600563718e-01 7.031304312518760646e+00
-2.996545620476815386e-01 -5.073052136025694818e-03 9.540342716186157590e-01 3.029649773433789406e+01 8.349388010243999347e-03 9.999336230399974434e-01 7.939598032568599695e-03 1.163749039953658082e+00 -9.540112402459557384e-01 1.034474019814866051e-02 -2.995923163481021279e-01 6.790482182680668721e+00
-3.243735767290719663e-01 1.159888922749869634e-02 9.458579346660085374e-01 3.105878412138892131e+01 8.887076869321157424e-03 9.999180569909795757e-01 -9.214073656316195543e-03 1.128874387127060563e+00 -9.458873176224961155e-01 5.417111200842626012e-03 -3.244500781321326133e-01 6.477144375920138586e+00
-3.498892845588252309e-01 2.623692544575767852e-02 9.364235669059839395e-01 3.186180106214445118e+01 7.737026550577980923e-03 9.996545614015285297e-01 -2.511764866900805665e-02 1.099482511866217704e+00 -9.367591161546751088e-01 -1.543261146745002850e-03 -3.499714164012548423e-01 6.214968023067054759e+00
-3.748055354447810128e-01 3.723627562429806387e-02 9.263553611000431287e-01 3.262175661374093494e+01 1.168565402001368533e-02 9.993034659062326464e-01 -3.544049227568667887e-02 1.061951207698496047e+00 -9.270298109947892051e-01 -2.458223480839808340e-03 -3.749796021495679366e-01 5.904775766784271518e+00
-3.979369815231688645e-01 4.183915539845826925e-02 9.164581980458453847e-01 3.341474029399778800e+01 1.593047322090276191e-02 9.991240397809949547e-01 -3.869590573664933447e-02 1.016205797164828173e+00 -9.172744370157100979e-01 -7.989181851032584828e-04 -3.982549233938795785e-01 5.534963584050477614e+00
-4.210384134111886389e-01 4.126614723723475570e-02 9.061036059872705772e-01 3.412176426442074728e+01 1.801988564884784289e-02 9.991479483527218042e-01 -3.713032436252571011e-02 9.721656512937176808e-01 -9.068638000505785390e-01 6.945914727931589436e-04 -4.214232794688054229e-01 5.210422253175729601e+00
-4.409784606455575684e-01 3.792057771507607172e-02 8.967162385985391060e-01 3.487886089593474992e+01 2.220734195300810496e-02 9.992621675024555561e-01 -3.133615358027343895e-02 9.381718974437727177e-01 -8.972429128031054191e-01 6.095116388131767426e-03 -4.414952089065103391e-01 4.825384958450968931e+00
-4.590976825985375598e-01 3.660907633621494212e-02 8.876311616664576132e-01 3.560982476568126032e+01 2.924696874362278654e-02 9.992318023082421563e-01 -2.608486201154802328e-02 9.066161769806225790e-01 -8.879042435458837090e-01 1.398502221857943206e-02 -4.598157105807134659e-01 4.405873277937188526e+00
-4.731809252513055064e-01 3.733002171544611697e-02 8.801739984075087619e-01 3.630980206297387269e+01 3.280798640477734784e-02 9.991554591684754794e-01 -2.473872244921137067e-02 8.566585691287392779e-01 -8.803541678295183637e-01 1.717084609667146253e-02 -4.740060287247200854e-01 4.033445108873096707e+00
-4.845598385634345417e-01 4.061388543115845157e-02 8.738147752022006332e-01 3.699934834150960228e+01 3.549393145504297492e-02 9.990118125833190588e-01 -2.675031011388250002e-02 8.039819812853291614e-01 -8.740377316145803155e-01 1.805299688741269018e-02 -4.855225503259156250e-01 3.639543282000867741e+00
-4.940711692835943469e-01 4.327836768651464189e-02 8.683436237638301192e-01 3.770656778200787329e+01 3.696890394173651256e-02 9.989027426339001092e-01 -2.875084067538134086e-02 7.608581813062829102e-01 -8.686351318341476446e-01 1.789675163995284313e-02 -4.951290010959991106e-01 3.239044972650780618e+00
-5.045471748750349761e-01 4.239093682286625836e-02 8.623428223921236757e-01 3.839434810915295060e+01 3.088325979681910000e-02 9.990408719504894064e-01 -3.104126904149232674e-02 7.010659993918647581e-01 -8.628316086250463757e-01 1.097017384610319245e-02 -5.053724210579868537e-01 2.854681822395918278e+00
-5.159749130962846264e-01 4.130190481639879618e-02 8.556074032150366993e-01 3.908832718762064928e+01 2.934061464060346014e-02 9.991029736496509495e-01 -3.053483791142960410e-02 6.918105996776999778e-01 -8.561010626272044233e-01 9.348837772123527040e-03 -5.167238944823249192e-01 2.423741133009563065e+00
-5.247238390802937413e-01 4.264947258756218718e-02 8.502034474555763000e-01 3.976674103363076540e+01 3.149225495646013062e-02 9.990330471897336251e-01 -3.067912069849738216e-02 6.488628885767906418e-01 -8.506898038967732889e-01 1.067675875528581453e-02 -5.255595851525941553e-01 2.005287047882528650e+00
-5.317886439298773471e-01 4.559047158343159517e-02 8.456490608367558393e-01 4.045331293014474028e+01 3.533691061086317864e-02 9.988748076502929063e-01 -3.162943772472649046e-02 5.983849247372204916e-01 -8.461395586246656109e-01 1.306245050712518015e-02 -5.328013070277021201e-01 1.557240903148096933e+00
-5.358668087396868396e-01 4.904138205370572184e-02 8.428770332748942717e-01 4.115414387118946138e+01 3.620951011035684897e-02 9.987280154745443728e-01 -3.508877914451570545e-02 5.694249660275915170e-01 -8.435257235689043176e-01 1.171725337070208574e-02 -5.369609600595899312e-01 1.106649168918055093e+00
-5.350837901173416400e-01 5.036678332018581367e-02 8.432962182796881478e-01 4.185920754486318884e+01 3.526233245275300215e-02 9.986827801033637542e-01 -3.727294693423820193e-02 5.163752072821952144e-01 -8.440627447851279941e-01 9.792442887789814046e-03 -5.361550185503680677e-01 6.659578561129976260e-01
-5.322497154780989614e-01 5.112229971184469035e-02 8.450424473773769929e-01 4.258079970569239947e+01 3.777701309438042526e-02 9.986150104404281080e-01 -3.661909529117191725e-02 4.816770097790875060e-01 -8.457441394273684798e-01 1.243267757216612313e-02 -5.334438041570462863e-01 2.182070183870027102e-01
-5.266450524752003259e-01 5.021934853031397028e-02 8.486006084487616175e-01 4.334215236601283294e+01 3.640959346673011687e-02 9.986700020785390652e-01 -3.650436123369730362e-02 4.379742812399255447e-01 -8.493052113564518724e-01 1.167236295017052075e-02 -5.277730829114603006e-01 -2.201996815816234521e-01
-5.190925894828393172e-01 4.883136476643264862e-02 8.533219604274691061e-01 4.409016947503096162e+01 3.406440839860138542e-02 9.987553975728147293e-01 -3.643174220110474704e-02 3.914910196495160477e-01 -8.540389403309859295e-01 1.015646136600411621e-02 -5.201099383418185118e-01 -6.879797350336229744e-01
-5.119850172857186577e-01 4.815074231881570632e-02 8.576437691457475809e-01 4.487543007706165099e+01 3.212927126012603274e-02 9.988024912740299799e-01 -3.689570836379964247e-02 3.446551022371807660e-01 -8.583933038628146495e-01 8.665420418133519195e-03 -5.129189602309935925e-01 -1.156160566491597708e+00
-5.056842431562909024e-01 4.669322845121706006e-02 8.614541051017021722e-01 4.569143313627728276e+01 2.939813607770992016e-02 9.988869888607078140e-01 -3.688540397436307350e-02 2.967519956695271466e-01 -8.622176106138969010e-01 6.672778398874380443e-03 -5.064941060594623234e-01 -1.607487363038696992e+00
-5.011808402964715858e-01 4.441446904197467876e-02 8.642020057467719729e-01 4.648574967992404794e+01 2.518167245856164568e-02 9.990075763876994364e-01 -3.673888464261439862e-02 2.515624731578693374e-01 -8.649761043029380314e-01 3.349227727814577463e-03 -5.018018884267182456e-01 -2.073641999724493701e+00
-5.000039468047892122e-01 4.162849297253730374e-02 8.650220275841785655e-01 4.732555095174971171e+01 2.053693472629263342e-02 9.991331004012085071e-01 -3.621162734109566878e-02 2.151770347621652091e-01 -8.657795907985298411e-01 -3.410547470109224436e-04 -5.004254164458907805e-01 -2.524107946440226069e+00
-5.002430146992139504e-01 3.892842451557184530e-02 8.650095320067990867e-01 4.815271394524239668e+01 1.760882732753361879e-02 9.992396462684871583e-01 -3.478589499595698825e-02 1.612506862165927757e-01 -8.657059938548772315e-01 -2.169596584503653575e-03 -5.005481381803987828e-01 -3.019934788297756967e+00
-5.013375824236766531e-01 3.775199461797928979e-02 8.644277886681057677e-01 4.900195494020464793e+01 1.599953271186481743e-02 9.992813666374604775e-01 -3.436226436466435080e-02 1.168272299912244405e-01 -8.651038410135609702e-01 -3.396652960733517919e-03 -5.015813200015227791e-01 -3.492994538216533940e+00
-5.021572515832231076e-01 3.732221145693884190e-02 8.639705629806168075e-01 4.989146941226281484e+01 1.647913455452541462e-02 9.992998224988449696e-01 -3.359021949556457998e-02 7.500947873905350338e-02 -8.646193064724809751e-01 -2.630084235863968528e-03 -5.024206913350741655e-01 -3.990566299626947533e+00
-5.017976693285292056e-01 3.654717991443038466e-02 8.642125833221461217e-01 5.077307400485101851e+01 1.606748666117132143e-02 9.993284433076767836e-01 -3.293172083642024323e-02 2.430934202401870137e-02 -8.648357920751255090e-01 -2.639335699525939376e-03 -5.020479062885100374e-01 -4.499075546622924193e+00
-5.016799755198723121e-01 3.601493956286215548e-02 8.643032527785122765e-01 5.165962465425625538e+01 1.641571244179259800e-02 9.993494020615376616e-01 -3.211381248998859683e-02 -2.546571141129219673e-02 -8.648975308523126904e-01 -1.922702088478109696e-03 -5.019447956708319447e-01 -5.021042316693701046e+00
-5.020608179295827922e-01 3.550798672497375991e-02 8.641030635619129097e-01 5.253868536279466639e+01 1.592282234222465453e-02 9.993669401580888012e-01 -3.181481756991290377e-02 -8.072775262810644170e-02 -8.646857297014365340e-01 -2.214012852208714632e-03 -5.023083719688831161e-01 -5.524055449610852264e+00
-5.023073237251255430e-01 3.379110830694339457e-02 8.640286453652077370e-01 5.343412851510790773e+01 1.415041087190546491e-02 9.994235523700716328e-01 -3.085982522186089816e-02 -1.297347545900562893e-01 -8.645733807624278455e-01 -3.274754976672409560e-03 -5.024959291418625851e-01 -6.023056070773539439e+00
-5.023420968952782006e-01 3.329148292764202294e-02 8.640278243965081595e-01 5.434622222871216479e+01 1.388536573446791898e-02 9.994402633418214554e-01 -3.043610689346562884e-02 -1.771792767773364419e-01 -8.645574744478917717e-01 -3.291994507375870394e-03 -5.025231832415683053e-01 -6.543417089183305002e+00
-5.016401678535582498e-01 3.233342444990920661e-02 8.644719070775070957e-01 5.523711463858152371e+01 1.257912874303594025e-02 9.994682435776960361e-01 -3.008314437155622592e-02 -2.261290050216588354e-01 -8.649849246367818933e-01 -4.216609281435109227e-03 -5.017801449985279660e-01 -7.056667372277945383e+00
-5.005947077448130722e-01 3.109647069421178286e-02 8.651230747912322938e-01 5.614054679071450948e+01 1.215526819165204699e-02 9.995085904232319240e-01 -2.889337470740358654e-02 -2.822892091130815850e-01 -8.655964419899296880e-01 -3.948066573934735750e-03 -5.007266978702926696e-01 -7.565816209575151774e+00
-4.983154534520515266e-01 2.867307953813585594e-02 8.665215229685683251e-01 5.703628105503203471e+01 1.237060365500802263e-02 9.995863821054360443e-01 -2.596214266489269354e-02 -3.370465231321086996e-01 -8.669075437494330183e-01 -2.217941656273622001e-03 -4.984640457855196161e-01 -8.085939139643665285e+00
-4.961523566896868243e-01 2.749982538141270555e-02 8.677998530336684668e-01 5.791714919892000069e+01 1.319647368765436077e-02 9.996216723444151242e-01 -2.413224477430030851e-02 -3.839914788982180527e-01 -8.681351878970444691e-01 -5.213712537499134081e-04 -4.963275504751926692e-01 -8.583083909649021237e+00
-4.928332038368272716e-01 2.670276369749188111e-02 8.697139655780874445e-01 5.881468528194099576e+01 1.253760502940072519e-02 9.996431579848555904e-01 -2.358739349121708948e-02 -4.393964433543533499e-01 -8.700334787513260837e-01 -7.205195788050858686e-04 -4.929921301716355120e-01 -9.125161525016252995e+00
-4.914875349845779784e-01 2.734259250392062635e-02 8.704552670204108722e-01 5.971476021282153823e+01 1.348680684420296670e-02 9.996261202149078207e-01 -2.378499108936496173e-02 -4.847289906713760366e-01 -8.707801797875499572e-01 4.963635652003634311e-05 -4.916725432194519740e-01 -9.588327986545589710e+00
-4.901614020365019919e-01 2.776979297417487766e-02 8.711892015081676988e-01 6.060083938213192312e+01 1.344982051611283251e-02 9.996143265808709044e-01 -2.429609841463473141e-02 -5.339664857029651213e-01 -8.715279197021345015e-01 -1.916703252016476334e-04 -4.903458597701040866e-01 -1.009386989721417116e+01
-4.905243878748993258e-01 2.860540075299970383e-02 8.709578303381341202e-01 6.149488809568591563e+01 1.252489725412179490e-02 9.995892758444677728e-01 -2.577608470026302931e-02 -5.770674653317404701e-01 -8.713374572357769354e-01 -1.735139904793977280e-03 -4.906811985911411766e-01 -1.061127773057001455e+01
-4.934490136420150441e-01 3.055747655469275015e-02 8.692377683304043368e-01 6.236934579134607759e+01 1.178743306967723267e-02 9.995258233897966749e-01 -2.844617330993244250e-02 -6.235130390402191525e-01 -8.696948544399767389e-01 -3.790653240373888927e-03 -4.935752270946636711e-01 -1.108859511469676917e+01
-4.981662641512203948e-01 3.139243959043161447e-02 8.665130549543880178e-01 6.325847968293524559e+01 1.033843377117025022e-02 9.994884039393532316e-01 -3.026627094931827813e-02 -6.764291829246776855e-01 -8.670198973770512074e-01 -6.119246416614576231e-03 -4.982359541302889827e-01 -1.156997644356518151e+01
-5.034747247474632426e-01 2.995868760974667103e-02 8.634903966296119115e-01 6.415444690332589062e+01 1.052647352218537800e-02 9.995371909936785482e-01 -2.854114845583551052e-02 -7.144729385599462024e-01 -8.639458358010024819e-01 -5.280237178061193519e-03 -5.035570726576387157e-01 -1.207630146533938209e+01
-5.088777306231493380e-01 2.764599105112979655e-02 8.603947588384849299e-01 6.500294350813189226e+01 1.338665464156637945e-02 9.996174580147992872e-01 -2.420196449639638522e-02 -7.789589285864173540e-01 -8.607347239147919993e-01 -7.980323491952822333e-04 -5.090531520712244795e-01 -1.258371912765255551e+01
-5.143005609372850451e-01 2.569256360904612763e-02 8.572250648846727605e-01 6.586873760743714001e+01 1.079772667655119929e-02 9.996659097889449841e-01 -2.348356627405066149e-02 -8.225449003314855290e-01 -8.575420422466795145e-01 -2.821528447881731065e-03 -5.144061606399974451e-01 -1.308978811208746151e+01
-5.190387661002745512e-01 2.765011234163598439e-02 8.543033520525794566e-01 6.667317623573345031e+01 1.160398075772144620e-02 9.996124765623455311e-01 -2.530304942341571675e-02 -8.751759409067191298e-01 -8.546719364343889902e-01 -3.219942991269377722e-03 -5.191584789871946937e-01 -1.358968520160176041e+01
-5.241658928427143094e-01 2.999514054759301607e-02 8.510877717202902648e-01 6.750818638918150327e+01 1.197949365131903247e-02 9.995403513681890839e-01 -2.784919560569649316e-02 -9.167084829951731573e-01 -8.515319256657483127e-01 -4.401997034897341468e-03 -5.242842885009424414e-01 -1.412731435491659582e+01
-5.293161420224045122e-01 3.014090224524885661e-02 8.478891052165429265e-01 6.836310993421622584e+01 1.082951970349916616e-02 9.995273706782530354e-01 -2.877076201524983792e-02 -9.599409875613279519e-01 -8.483555593717724275e-01 -6.046596112576699267e-03 -5.293923843813594932e-01 -1.463444280442475431e+01
-5.332602086872051395e-01 3.100463739863727405e-02 8.453829009983419018e-01 6.917760341518405198e+01 1.015702568330593795e-02 9.994907680564588670e-01 -3.024961782819154954e-02 -1.007541286941263436e+00 -8.458902980913380887e-01 -7.544340825291665810e-03 -5.333035716429916917e-01 -1.513148690847549815e+01
-5.363060970718100950e-01 2.980768231509205862e-02 8.434970417144774801e-01 7.000166347179789739e+01 9.577748502840249117e-03 9.995267711688737844e-01 -2.923183934127423708e-02 -1.072080397625289061e+00 -8.439692225811761261e-01 -7.598410287218766018e-03 -5.363377932361577116e-01 -1.565697265675103722e+01
-5.390094906042933731e-01 2.355593418775527026e-02 8.419702335033968366e-01 7.083615594779723779e+01 1.167768063613767483e-02 9.997217834224683131e-01 -2.049359668724862540e-02 -1.111084847651541807e+00 -8.422187438221626632e-01 -1.213982705595227163e-03 -5.391346090896662613e-01 -1.619727287123495074e+01
-5.407410821480758134e-01 1.610620941402264583e-02 8.410348739622077741e-01 7.165180690265913199e+01 1.276483637473531212e-02 9.998586706697124571e-01 -1.094064064091649843e-02 -1.139344241630061649e+00 -8.410922378826534151e-01 4.819619665311591222e-03 -5.408702538836213103e-01 -1.672495680163578058e+01
-5.430750523435307064e-01 1.378680582056887247e-02 8.395709610699979564e-01 7.246333814502150972e+01 1.365487119003362497e-02 9.998779864208601209e-01 -7.586615907077983584e-03 -1.163857970795466601e+00 -8.395731317550209072e-01 7.344132494429176164e-03 -5.431970480508299115e-01 -1.724191460619881511e+01
-5.437247830677476301e-01 1.777618255734831135e-02 8.390752974510724549e-01 7.327322162937156236e+01 1.266580331469283061e-02 9.998356069019165293e-01 -1.297445861263837874e-02 -1.211678735107793559e+00 -8.391680101404689340e-01 3.573028948356852912e-03 -5.438605492782250250e-01 -1.773000797439140186e+01
-5.452798297925750548e-01 2.241610322963700705e-02 8.379543023055293638e-01 7.406886125402819232e+01 1.237866583222557715e-02 9.997487110498797236e-01 -1.868912424537194292e-02 -1.267373989001721268e+00 -8.381626854986878872e-01 1.819547274300895392e-04 -5.454202896266300282e-01 -1.826825376417407298e+01
-5.457372982337151957e-01 2.805668987913969084e-02 8.374864838911498799e-01 7.486989555904433757e+01 1.932937315020149746e-02 9.995948728828436547e-01 -2.089175452299700184e-02 -1.287137864278114163e+00 -8.377333633918567779e-01 4.786680048656790157e-03 -5.460585246623413935e-01 -1.880133706795875881e+01
-5.454564475323422368e-01 2.902795340005387068e-02 8.376363345711459463e-01 7.566874639485510556e+01 2.275468266630511702e-02 9.995445664598743285e-01 -1.982130266508741120e-02 -1.331802529641011423e+00 -8.378302332525288110e-01 8.248492638987359182e-03 -5.458685514189045573e-01 -1.931173565327862818e+01
-5.452716386304280460e-01 2.600088428052327663e-02 8.378560624244459909e-01 7.644384044822034241e+01 2.225587127495657139e-02 9.996155326188449486e-01 -1.653671987547233532e-02 -1.368281453417619975e+00 -8.379639179543014738e-01 9.630213336336800739e-03 -5.456406729845119097e-01 -1.984429257129805535e+01
-5.444896252176307794e-01 2.109993096535902821e-02 8.385021336541332859e-01 7.725441126696662764e+01 2.022368476426671113e-02 9.997231696129619261e-01 -1.202442016638140786e-02 -1.395227854342344198e+00 -8.385237397460133524e-01 1.041043181453059699e-02 -5.447656134762126623e-01 -2.037104258642601451e+01
-5.436510438616908303e-01 1.559300177556824200e-02 8.391664840666919201e-01 7.805700332747287007e+01 1.905044193802415964e-02 9.997990760396744392e-01 -6.236038860537130440e-03 -1.424795325912659116e+00 -8.390951285170060725e-01 1.259626438854723716e-02 -5.438388660962546473e-01 -2.086602866063999784e+01
-5.433622620973821427e-01 8.670297682961286903e-03 8.394535515625822786e-01 7.887829690371397362e+01 9.929802997238456469e-03 9.999430907696897908e-01 -3.900540661222405905e-03 -1.450261513727814755e+00 -8.394396122953072803e-01 6.216202785368770550e-03 -5.434174352970786437e-01 -2.139115987652308704e+01
-5.415512640523296728e-01 3.513800908068377520e-03 8.406603765691372798e-01 7.967696981058713845e+01 1.258727766571658213e-03 9.999935329948789198e-01 -3.368912452388819062e-03 -1.487327487755775612e+00 -8.406667922570421059e-01 -7.662753083327975175e-04 -5.415521859371121849e-01 -2.185698748762206733e+01
-5.396921537177956640e-01 4.422888705684452533e-03 8.418508207307826563e-01 8.048590303038331228e+01 4.938543134374038905e-03 9.999856260454583756e-01 -2.087698643742656648e-03 -1.512300196674159825e+00 -8.418479682429248490e-01 3.030802979185228969e-03 -5.397062400167045304e-01 -2.235520815011643947e+01
-5.365812345038847297e-01 7.173418923424694331e-03 8.438181722860169653e-01 8.127586419644364923e+01 9.842462089020313429e-03 9.999490485639697113e-01 -2.241918599627162889e-03 -1.525384894238943412e+00 -8.437912753754356343e-01 7.102277923518115869e-03 -5.366245002091741823e-01 -2.288052108742946444e+01
-5.318092482830260037e-01 1.027744646086463202e-02 8.468017976444343065e-01 8.205543204158404080e+01 1.093527119849849530e-02 9.999263296834072223e-01 -5.268304394731345396e-03 -1.548962384221158839e+00 -8.467935728712994159e-01 6.458275305519631596e-03 -5.318824575820008116e-01 -2.336268403861937415e+01
-5.239117272177461482e-01 1.218294459738303304e-02 8.516854259448070064e-01 8.285292902192730935e+01 1.577783864166692682e-02 9.998649550778879735e-01 -4.596888990577984585e-03 -1.574670170426389015e+00 -8.516264285511554455e-01 1.102939221423770641e-02 -5.240331973310062841e-01 -2.385474204624385663e+01
-5.153296316227710117e-01 1.453940019686654136e-02 8.568686966448617603e-01 8.365051772563785448e+01 2.306650729528791563e-02 9.997291541916737412e-01 -3.091029360846882668e-03 -1.607156206767251128e+00 -8.566815739108772920e-01 1.817207012926492712e-02 -5.155254311382496679e-01 -2.434748122225205691e+01
-5.057787594730390746e-01 1.510480016159938300e-02 8.625309721936459395e-01 8.444795998295717254e+01 2.312493701570502921e-02 9.997247907545852019e-01 -3.947150978106763949e-03 -1.614571444868407868e+00 -8.623532315682658211e-01 1.794959039157807690e-02 -5.059888632480942228e-01 -2.478210815292578673e+01
-4.945656472268225579e-01 1.188143358505134098e-02 8.690590534858575467e-01 8.528108779168547926e+01 1.852970055172728156e-02 9.998234289416938481e-01 -3.124276833147475972e-03 -1.641933906067762461e+00 -8.689427387540281655e-01 1.455824511543764473e-02 -4.946984818757378388e-01 -2.526667994529342920e+01
-4.830820282539262100e-01 8.661744020510699776e-03 8.755322462978278875e-01 8.608121761837163888e+01 1.958881593724578346e-02 9.998077001265474051e-01 9.170739016781782145e-04 -1.671859249640539113e+00 -8.753559532692591905e-01 1.759366306188780288e-02 -4.831588061814731661e-01 -2.573974800170732991e+01
-4.721294815554440971e-01 7.735029037786238584e-03 8.814952682448708998e-01 8.687978535599857821e+01 1.989148973738170609e-02 9.998003757599396302e-01 1.880753133421894175e-03 -1.683062046538370993e+00 -8.813047680164389774e-01 1.842221421782932675e-02 -4.721890955566857562e-01 -2.613206188335078295e+01
-4.598382125621698346e-01 6.795626855162393079e-03 8.879767021161929508e-01 8.773882198750469286e+01 1.905108292547426363e-02 9.998160601392406255e-01 2.214067357447003538e-03 -1.711563887240064252e+00 -8.877983372164260922e-01 1.793503169911214376e-02 -4.598830952846353348e-01 -2.654525279893876544e+01
-4.477844049264499970e-01 8.825873194965559027e-03 8.940979903053520861e-01 8.856535963016305857e+01 2.284603189672477011e-02 9.997377576274317779e-01 1.573137731018658210e-03 -1.721847539668671878e+00 -8.938496511070682660e-01 2.113101891540635283e-02 -4.478686143196901059e-01 -2.696529676107702045e+01
