1.000000000000000000e+00 4.398956837314658088e-19 2.733407509747682871e-20 -8.673617379884035472e-19 -5.583667658079949532e-19 1.000000000000000000e+00 -6.100159232558060012e-19 0.000000000000000000e+00 4.145284534913582806e-20 -2.210423569125054137e-19 1.000000000000000222e+00 0.000000000000000000e+00
9.999381565443485886e-01 -1.479324317518183798e-03 1.102246353364582342e-02 9.176334686349550684e-02 1.471580051981464599e-03 9.999986646994469819e-01 7.106677250324151861e-04 -2.465017541686723157e-03 -1.102350031346451854e-02 -6.944033325624198892e-04 9.999389982551997180e-01 2.814541437713239946e-01
9.998491932017851136e-01 -3.153605686091387125e-03 1.707763594909783231e-02 9.874994259190994494e-02 3.139340046786898587e-03 9.999947006591742849e-01 8.620856834849112025e-04 2.035291914862291662e-03 -1.708026442185961100e-02 -8.083431580606046394e-04 9.998537948769499195e-01 5.380336214640855097e-01
9.997805324394642978e-01 -6.248868063733222129e-03 1.999596547816844677e-02 1.007436079536196405e-01 6.262637965987413909e-03 9.999801934898604472e-01 -6.260850907691047637e-04 -1.163999323496718585e-02 -1.999165745092289226e-02 7.511752077791517164e-04 9.997998646463694961e-01 9.347984108187302743e-01
9.998276304452947683e-01 -7.135810807881499788e-03 1.714029270620810036e-02 9.013574376112290509e-02 7.163367182965956967e-03 9.999731463700594070e-01 -1.546834449829278179e-03 -1.239777594189479804e-02 -1.712879480650300601e-02 1.669350069155913201e-03 9.998518978526673706e-01 1.191432066506497911e+00
9.998787896061339664e-01 -1.091176498744650565e-02 1.110583240183188498e-02 9.642667396521804879e-02 1.095297286480673496e-02 9.999333292291724407e-01 -3.656427680721328986e-03 -1.957465670459790363e-02 -1.106519408177790431e-02 3.777626417239258842e-03 9.999316431659617255e-01 1.547162890847876060e+00
9.999314534762179241e-01 -1.165354067333654667e-02 -1.132853722779256223e-03 8.428965606913454978e-02 1.164836402043599797e-02 9.999221481576341386e-01 -4.473613718543515902e-03 -2.746671648975614055e-02 1.184898985111619649e-03 4.460111223400305309e-03 9.999893516549027694e-01 1.831452301092676205e+00
9.997842802973655463e-01 -1.106611508066436371e-02 -1.757651719514219738e-02 4.742973199333878204e-02 1.097954724477463555e-02 9.999271515480060435e-01 -5.014092221041899569e-03 -2.757842048212622021e-02 1.763072359662032004e-02 4.820028417383261272e-03 9.998329485172481323e-01 2.129351644086223683e+00
9.993446402857759647e-01 -6.920554848042642822e-03 -3.553020958740709528e-02 2.486853061826857850e-02 6.734733689451259664e-03 9.999630259418630374e-01 -5.346971109277727334e-03 -3.809819819486055803e-02 3.556590051001807390e-02 5.104180439245558157e-03 9.993542986016521468e-01 2.508618050413637945e+00
9.984536492674579433e-01 -3.730580612501076167e-03 -5.546524054296535222e-02 -3.869173276367089687e-02 3.370074325029978005e-03 9.999725950527257323e-01 -6.591793183493063063e-03 -5.319353580541480442e-02 5.548831269202751659e-02 6.394677986402250332e-03 9.984388591083230846e-01 2.863854370928999415e+00
9.971532245015646279e-01 -3.030959534220630577e-03 -7.534095799842814578e-02 -9.278299032707332250e-02 2.536953164936550740e-03 9.999746585015706346e-01 -6.651783191984579797e-03 -5.585041977228112631e-02 7.535921133047723819e-02 6.441710568635049435e-03 9.971356446515111660e-01 3.219617678074079059e+00
9.953727361328106316e-01 -3.415723988185810807e-03 -9.602837448041119661e-02 -1.201640198558479450e-01 2.831122630327698175e-03 9.999766268136204284e-01 -6.223388695925163687e-03 -5.520988637075699423e-02 9.604738902723369831e-02 5.922723298587685356e-03 9.953591415674007958e-01 3.581623661783619905e+00
9.932220688939078501e-01 -4.642793026781860677e-03 -1.161394246056103446e-01 -1.828020428439469935e-01 4.036866621998441533e-03 9.999769899467707557e-01 -5.451905939922032512e-03 -6.624669169526126167e-02 1.161620663093301947e-01 4.946113872327885519e-03 9.932179572994525030e-01 3.970220425956256349e+00
9.909225443458173910e-01 -4.275219797547294073e-03 -1.343660415093050897e-01 -2.783276937205235724e-01 3.661123831860694545e-03 9.999816958047565985e-01 -4.817076067576434029e-03 -7.754830762437674163e-02 1.343841784292899577e-01 4.281418475395086520e-03 9.909200586029265345e-01 4.407223983300572634e+00
9.887843598218818419e-01 -3.154939081170476424e-03 -1.493168963755944489e-01 -3.309416163020470480e-01 2.542401239564697196e-03 9.999875532138885470e-01 -4.292972082824125964e-03 -7.594379165629738804e-02 1.493285845078205221e-01 3.865200090969305932e-03 9.887800739643101133e-01 4.824834260974878219e+00
9.864969832504648650e-01 -2.995402095909099980e-03 -1.637520348519760083e-01 -4.179314952357605639e-01 2.277919963375119473e-03 9.999869670465133531e-01 -4.569115268616500899e-03 -9.643342608030065766e-02 1.637635898487367625e-01 4.134404289382456743e-03 9.864909497964481355e-01 5.223739780916681674e+00
9.844892729909666684e-01 -3.807060191851642343e-03 -1.754034688650040752e-01 -5.155389171958149053e-01 2.973620437945833847e-03 9.999830078276907841e-01 -5.014143271583546002e-03 -8.775433336017536556e-02 1.754195805578819267e-01 4.414786806784541488e-03 9.844838653769354408e-01 5.654970021955348258e+00
9.826724761852625445e-01 -6.284660095203280228e-03 -1.852439115233731060e-01 -6.082021172408054177e-01 5.077501260233174309e-03 9.999626768564098267e-01 -6.990269444147756243e-03 -1.095492297161897166e-01 1.852809323088630278e-01 5.928569078963940274e-03 9.826677103876885200e-01 6.091278148305046436e+00
9.812623177944924668e-01 -5.657710443115956944e-03 -1.925934918196025580e-01 -6.962107833860975425e-01 4.083182650311532359e-03 9.999549289486733272e-01 -8.571329205968827858e-03 -1.139801615476848246e-01 1.926333088559968043e-01 7.624327856651054100e-03 9.812411930041055053e-01 6.535838339535069430e+00
9.797319266205095634e-01 -5.492042902405175689e-03 -2.002378297549324282e-01 -7.946137480750344873e-01 3.412655758614351574e-03 9.999366269058878043e-01 -1.072827794553056491e-02 -1.148562838719139056e-01 2.002840636859851420e-01 9.827493549087585809e-03 9.796885807078188346e-01 7.007477218842064204e+00
9.779636059562596406e-01 -7.097607054682509090e-03 -2.086547588023320576e-01 -9.382877138193703725e-01 4.464822141368269756e-03 9.999044039736705303e-01 -1.308618623981068312e-02 -1.342178318671184145e-01 2.087276964478393948e-01 1.186620741953299876e-02 9.779018063652020754e-01 7.479445355153607089e+00
9.761610572935618402e-01 -1.043234474514363394e-02 -2.167965758795934172e-01 -1.072129520907187938e+00 7.299528994655856383e-03 9.998571239070671579e-01 -1.524626631625926841e-02 -1.462384517677450813e-01 2.169246588826069799e-01 1.330029848684125167e-02 9.760977387201043021e-01 7.995891665836367679e+00
9.745426116769072555e-01 -1.549487160733279030e-02 -2.236662822885580326e-01 -1.138262291716876984e+00 1.224638927293310482e-02 9.997985288112796187e-01 -1.590370132660222369e-02 -1.571447190213781653e-01 2.238676496526525450e-01 1.275973018969924280e-02 9.745360259591301366e-01 8.505178100463266944e+00
9.725789733450366237e-01 -1.668830177878952159e-02 -2.319733604732286680e-01 -1.274050487363901807e+00 1.271885195545779078e-02 9.997461614409345332e-01 -1.859686713502741243e-02 -1.816731148047094346e-01 2.322248308288155094e-01 1.513648705498196571e-02 9.725443516619636242e-01 9.008605340120849903e+00
9.703916605157600905e-01 -1.314631407157199582e-02 -2.411787683721669517e-01 -1.435379299480037396e+00 7.994059943676841071e-03 9.997187189180050115e-01 -2.232886105816048877e-02 -1.759186366158120296e-01 2.414044757299325938e-01 1.973974299854498390e-02 9.702238004566756668e-01 9.525594833436713316e+00
9.682046961413829367e-01 -1.065785685432511440e-02 -2.499321408967716818e-01 -1.585796591842938641e+00 4.347382925440272487e-03 9.996580012638577317e-01 -2.578722090717363094e-02 -2.013257470071997401e-01 2.501215052385570847e-01 2.388075765978997858e-02 9.679199054897710264e-01 1.008397910043433754e+01
9.659302727598101379e-01 -1.246517480307156311e-02 -2.585020814151079427e-01 -1.748168587413238440e+00 5.521395357453538245e-03 9.996046199691416279e-01 -2.757023609417188006e-02 -2.219293813494749301e-01 2.587435471236204654e-01 2.520363348284735891e-02 9.656171887346763905e-01 1.063643816861141289e+01
9.634645585217845865e-01 -1.459205868528048837e-02 -2.674380577235712653e-01 -1.908600945120777048e+00 6.991571200508651593e-03 9.995447465425509881e-01 -2.934991612882306006e-02 -2.560505683344435623e-01 2.677445859337386769e-01 2.640779177246481077e-02 9.631279597375583812e-01 1.122119701989455542e+01
9.614592652036668685e-01 -1.422716856353214467e-02 -2.745790730834610782e-01 -2.105903457486942187e+00 5.653557191586326691e-03 9.994721748669772587e-01 -3.199076342677040913e-02 -2.799836410599081393e-01 2.748892860643910585e-01 2.920546743243269266e-02 9.610322173296315107e-01 1.180814718732902868e+01
9.589056193077358792e-01 -1.308133042389367229e-02 -2.834235175543641239e-01 -2.279934342539891912e+00 3.194440967647138845e-03 9.993710214758070309e-01 -3.531794120961985473e-02 -2.923458828395773534e-01 2.837072607892371368e-01 3.296119264655693326e-02 9.583442761953055999e-01 1.236615798935877208e+01
9.568097684275306269e-01 -1.440217486321279661e-02 -2.903577837322147137e-01 -2.450771409848656823e+00 2.672262885060482270e-03 9.991656273716038594e-01 -4.075424000579720013e-02 -3.331984275583255717e-01 2.907024718338821478e-01 3.821814271046353184e-02 9.560499193432041576e-01 1.298106378796194882e+01
9.550596695788162727e-01 -1.655026609065276752e-02 -2.959512026480658475e-01 -2.676379959665586394e+00 2.558878887520511184e-03 9.988631529454804481e-01 -4.760098539931128386e-02 -3.683097070868576739e-01 2.964025654599483084e-01 4.470447825586321144e-02 9.540162633392545999e-01 1.357875927551810769e+01
9.536418315510162280e-01 -1.644216448650837048e-02 -3.004944432146763322e-01 -2.878600561297806948e+00 -4.458926996725113136e-04 9.984280826510441020e-01 -5.604609653870903235e-02 -4.036589640395252809e-01 3.009436150843702307e-01 5.358189066340904999e-02 9.521354543809629201e-01 1.422235903880538288e+01
9.523581996425328766e-01 -1.677478680153584104e-02 -3.045200553570839297e-01 -3.075939834124033379e+00 -3.070875916092641669e-03 9.979081554519410036e-01 -6.457463112456823806e-02 -4.537125398363292539e-01 3.049662776303536660e-01 6.243332305276527022e-02 9.503145014606106944e-01 1.481608902628770430e+01
9.509627011589700807e-01 -1.571557582717255167e-02 -3.089060692843710876e-01 -3.298544033827921496e+00 -7.227818960324324839e-03 9.973065814288881725e-01 -7.298863783192933996e-02 -4.887279963995127541e-01 3.092211196982129762e-01 7.164218971963139115e-02 9.482877716410963442e-01 1.545619581325872716e+01
9.495236287341370929e-01 -1.473761428161839832e-02 -3.133491329269446624e-01 -3.526190578415885568e+00 -1.102432278598442991e-02 9.967110437739683526e-01 -8.028424195493912008e-02 -5.535672819205155193e-01 3.135017448871667556e-01 7.968624719528792644e-02 9.462382152900220555e-01 1.612345670118838115e+01
9.479489064657493635e-01 -1.453391271709566189e-02 -3.180906065242026792e-01 -3.782828736778978573e+00 -1.391248251156738426e-02 9.961133933102068738e-01 -8.697442426376575386e-02 -6.139723725298672496e-01 3.181183975594161217e-01 8.687274089145706479e-02 9.440623995262171775e-01 1.678478329770516098e+01
9.464289177361602245e-01 -1.218760331133867530e-02 -3.226821404816784811e-01 -4.050410795547654708e+00 -1.886587071565840393e-02 9.954935951004980632e-01 -9.293320728471518577e-02 -6.876410738098799325e-01 3.223606426571603012e-01 9.404235491705301153e-02 9.419339965090803846e-01 1.746008726797659349e+01
9.447570047260220871e-01 -9.887589274619966104e-03 -3.276223974670825489e-01 -4.268299597645521359e+00 -2.364176259481862163e-02 9.948857690630490413e-01 -9.820068004087356694e-02 -7.562328894705950821e-01 3.269178344185542651e-01 1.005213519132740346e-01 9.396915396249605479e-01 1.812173381952783302e+01
9.430789587419922126e-01 -7.329633045512027635e-03 -3.324881226674288870e-01 -4.518812754678844357e+00 -2.803662071998887229e-02 9.944458799906531477e-01 -1.014462402301605365e-01 -8.361546796744070420e-01 3.313850130811718531e-01 1.049936586631599611e-01 9.376354873295515979e-01 1.882522107457632998e+01
9.409495758293990875e-01 -7.462109886974641927e-03 -3.384644888961269027e-01 -4.802198618882652426e+00 -2.899785604702610070e-02 9.943064324752403094e-01 -1.025370307363214772e-01 -9.139526350057805004e-01 3.373025667997519017e-01 1.062969207804890653e-01 9.353758311462261332e-01 1.951615192861936166e+01
9.390150905278328297e-01 -5.746187728945246001e-03 -3.438279200364233179e-01 -5.083786629788260569e+00 -3.136848070622723361e-02 9.942603542188903631e-01 -1.022857098629424144e-01 -1.004795178225593277e+00 3.424422282799192141e-01 1.068331852580471919e-01 9.334452278060366703e-01 2.023060495870446474e+01
9.367533353639204696e-01 -6.492246791497254151e-03 -3.499300456463385611e-01 -5.339844878289712327e+00 -3.060660556411566591e-02 9.944779383185831101e-01 -1.003835937297770375e-01 -1.096410730114468324e+00 3.486494313473381679e-01 1.047448377756110272e-01 9.313818204979186222e-01 2.093234473755498826e+01
9.345112879201132872e-01 -6.384735316600689999e-03 -3.558762218175540171e-01 -5.663669178861313824e+00 -3.074567094117167804e-02 9.946539148222842686e-01 -9.858140517827031213e-02 -1.180583497144415794e+00 3.546030994398750025e-01 1.030670897604367975e-01 9.293190084819091812e-01 2.168308694253428470e+01
9.317718884825625381e-01 -5.895180130294293448e-03 -3.629964076100551384e-01 -5.949573402232927855e+00 -3.092532616253412456e-02 9.949450763008184095e-01 -9.554014523469098186e-02 -1.262234248627669864e+00 3.617247209961325649e-01 1.002474044503617878e-01 9.268795428011854520e-01 2.242012824694485573e+01
9.275332454016900208e-01 -3.621195431228802029e-03 -3.737231096934472419e-01 -6.248110058352065899e+00 -3.245841024749241549e-02 9.953943712978237102e-01 -9.020253438449772621e-02 -1.348353201822003689e+00 3.723285271698793530e-01 9.579630802059936612e-02 9.231438339218200895e-01 2.317819968875969394e+01
9.243991332158969509e-01 2.315093361164019320e-04 -3.814265144146737341e-01 -6.568179230066856000e+00 -3.523129428962485515e-02 9.957766563611802901e-01 -8.477975335968272741e-02 -1.428206159023859279e+00 3.797959983516743798e-01 9.180848079930027661e-02 9.205032349063608788e-01 2.392211449708484494e+01
9.203643093611000303e-01 1.542484675263201040e-03 -3.910590181026694090e-01 -6.906001221574908477e+00 -3.604490454203365668e-02 9.960699764561987690e-01 -8.090344181177973326e-02 -1.499015498273759128e+00 3.893973612894918723e-01 8.855632578671600308e-02 9.168028551994793496e-01 2.465612122284239049e+01
9.166680154693697125e-01 3.124100966335375314e-03 -3.996373182320166473e-01 -7.231846101166963692e+00 -3.785264823658261724e-02 9.961527453814325028e-01 -7.903723764962918008e-02 -1.583282269161894851e+00 3.978528982045606566e-01 8.757823905704181788e-02 9.132596162505212112e-01 2.538011663022942699e+01
9.129850603481429738e-01 4.137496130238014873e-03 -4.079720055287149316e-01 -7.595610450556221416e+00 -3.933095872609011084e-02 9.961839344037677346e-01 -7.791434124363275093e-02 -1.661163830323162172e+00 4.060927942531336043e-01 8.718056008487276576e-02 9.096637817132247061e-01 2.615748671803881820e+01
9.093759525304625502e-01 4.469178679527289338e-03 -4.159511989008136679e-01 -7.960844631567339569e+00 -4.012670246074957064e-02 9.962214850211467132e-01 -7.702337687289045887e-02 -1.722335987560894344e+00 4.140352969137761074e-01 8.673395712779206901e-02 9.061191958410771408e-01 2.691261972725413187e+01
9.056359002603020514e-01 3.703626561995235732e-03 -4.240399694030466682e-01 -8.356957936505747142e+00 -3.927293306605911249e-02 9.963967766444936647e-01 -7.517380044778616821e-02 -1.800253736823121065e+00 4.222336502237399314e-01 8.473338617559095232e-02 9.025181446883536740e-01 2.769260581167853275e+01
9.011062152438326089e-01 5.089971462747640112e-03 -4.335685380971265324e-01 -8.713469481240554870e+00 -4.078712108827105276e-02 9.964923472454650932e-01 -7.307128501480386618e-02 -1.869553875458453529e+00 4.316758068554983896e-01 8.352900192118817291e-02 8.981530534192427861e-01 2.848211356694083563e+01
8.978465919762673719e-01 4.998085964966135844e-03 -4.402800387181859954e-01 -9.121397369440488845e+00 -3.917570742483370005e-02 9.968766297376251417e-01 -6.857294721968038020e-02 -1.933716765994221376e+00 4.385621551678493546e-01 7.881626927056600840e-02 8.952380887857305236e-01 2.927586021373544156e+01
8.941111602215799925e-01 6.311863230275141859e-03 -4.478006135606286131e-01 -9.550177188113268656e+00 -3.882126706047527021e-02 9.972292106930589206e-01 -6.345715584523502206e-02 -2.001122828865965264e+00 4.461593271712329667e-01 7.412193872111051685e-02 8.918788017209485774e-01 3.007518280102728170e+01
8.902905904440880924e-01 6.665260772761836400e-03 -4.553440838481572217e-01 -9.973220664748229325e+00 -3.759122668846415910e-02 9.975560683840816179e-01 -5.889643597547421922e-02 -2.077157051027915369e+00 4.538387017296748871e-01 6.955188566297701436e-02 8.883653370762587542e-01 3.086813639613705718e+01
8.865194574114404480e-01 5.762807167797812970e-03 -4.626554197165284599e-01 -1.041940219980864057e+01 -3.611841002996311889e-02 9.977331332091922134e-01 -5.678076624992382110e-02 -2.132653332309637939e+00 4.612794328231605290e-01 6.704763243646276460e-02 8.847179799619487861e-01 3.167531611439843431e+01
8.833451661305172786e-01 5.837679455867370026e-03 -4.686867126111672888e-01 -1.083800732326921690e+01 -3.615732824461700967e-02 9.977915986851991770e-01 -5.571869767700721870e-02 -2.190682906644759065e+00 4.673264043875417495e-01 6.616530175168958139e-02 8.816054610408786685e-01 3.249055544406118656e+01
8.803482820812584819e-01 6.073214509330194730e-03 -4.742889560291025375e-01 -1.130050557322281080e+01 -3.586179034590349785e-02 9.979082833309260714e-01 -5.378652356116571387e-02 -2.254474660608705605e+00 4.729702289434974949e-01 6.435972488286716142e-02 8.787246399031819477e-01 3.331202316251152240e+01
8.772147859034027384e-01 4.934191182882611063e-03 -4.800727742334052750e-01 -1.175309591698548495e+01 -3.444622777463671875e-02 9.980169408313857016e-01 -5.268437403080496878e-02 -2.312093721318758899e+00 4.788608149716871432e-01 6.275220815862243839e-02 8.756451820139086184e-01 3.415324075263124826e+01
8.742213679312805796e-01 3.317223817013578106e-03 -4.855162110535207187e-01 -1.223174942368579643e+01 -3.286152838813572591e-02 9.980879065098967606e-01 -5.235122623564557320e-02 -2.368595121977969065e+00 4.844142062584347319e-01 6.172136549497541508e-02 8.726587846584137331e-01 3.500706900723039183e+01
8.724603196328265531e-01 2.384475920348756457e-03 -4.886791382936955253e-01 -1.271701289359759457e+01 -3.242079973583717606e-02 9.980674277924328486e-01 -5.301227575214251947e-02 -2.452751122063989264e+00 4.876083324585000489e-01 6.209447565612997294e-02 8.708515343565736977e-01 3.582397060723247506e+01
8.706718810436872014e-01 2.458081461272719221e-03 -4.918581386958416624e-01 -1.321259027179928758e+01 -3.277716218000450987e-02 9.980546719745171380e-01 -5.303328621024568784e-02 -2.499661044073971272e+00 4.907709615718470753e-01 6.229630517450678029e-02 8.690587082450159651e-01 3.667243555971089108e+01
8.704680222401985912e-01 3.968044636406842587e-03 -4.922089719583968570e-01 -1.370689872579177582e+01 -3.416734176449370830e-02 9.980426129626043252e-01 -5.237876982528370806e-02 -2.559118566173141041e+00 4.910376956401619752e-01 6.241151647172447220e-02 8.688997576325325767e-01 3.755166191717926694e+01
8.705788885824041756e-01 3.299407009506508288e-03 -4.920177922289137862e-01 -1.425504943065394947e+01 -3.267722522276202135e-02 9.981574813602777096e-01 -5.112574121067738064e-02 -2.618260668349575493e+00 4.909425640868217977e-01 6.058676728527553901e-02 8.690826468972218111e-01 3.845304876917213477e+01
8.701930482412448820e-01 1.977787546102992202e-03 -4.927069538179467689e-01 -1.474566916545518680e+01 -3.064232502637814423e-02 9.982734440711787949e-01 -5.011166364312284044e-02 -2.680757264137777263e+00 4.917571659375732374e-01 5.870450805647933756e-02 8.687512159631946007e-01 3.933545673974121115e+01
8.696726265379807197e-01 4.445739469076348495e-04 -4.936287270630587698e-01 -1.525118504047561174e+01 -2.944471739715352754e-02 9.982656989982489071e-01 -5.097649332101904934e-02 -2.742569215651858627e+00 4.927499719196930528e-01 5.886761930417555577e-02 8.681774434658343642e-01 4.023693232614918713e+01
8.684734664484830002e-01 -1.793010116338698270e-03 -4.957324059738335564e-01 -1.578848609988207308e+01 -2.750553466189314261e-02 9.982787455772895724e-01 -5.179760358140618470e-02 -2.815062469286042646e+00 4.949720065169747052e-01 5.862022930748004429e-02 8.669292856354499088e-01 4.117697806002264826e+01
8.664448039532679502e-01 -2.474436123913022201e-03 -4.992667362726960212e-01 -1.632058075180107437e+01 -2.582300191576766130e-02 9.984271973526246402e-01 -4.976247784494711168e-02 -2.876462530867154754e+00 4.986046308786898917e-01 5.600900631705291871e-02 8.650181605925603145e-01 4.207902950844493262e+01
8.653234636894445719e-01 -2.369293013107199534e-03 -5.012082248765413750e-01 -1.690309870875213605e+01 -2.412905122234632743e-02 9.986324581294133695e-01 -4.637890143569618068e-02 -2.940625222437244002e+00 5.006326954669471085e-01 5.222643059617038119e-02 8.640829295218384054e-01 4.300208217003348921e+01
8.617388934923219113e-01 -2.271059848641290672e-03 -5.073469391474613177e-01 -1.741839862248552251e+01 -2.200508369161986028e-02 9.988816598831711246e-01 -4.184741185985222517e-02 -3.001871047674776971e+00 5.068745994188740278e-01 4.722575422944408352e-02 8.607252021582199042e-01 4.392548500926714894e+01
8.584332278462144528e-01 -1.802114692123155722e-03 -5.129221583643261972e-01 -1.796444991352239740e+01 -2.153812141788816192e-02 9.989851876260529284e-01 -3.955634295840502329e-02 -3.072933946548814799e+00 5.124729325068381192e-01 4.500385884796000852e-02 8.575232657304214801e-01 4.480852228219399791e+01
8.532531890523181728e-01 -6.121814822227318945e-03 -5.214609414240922725e-01 -1.854576840887843048e+01 -1.842830802140630816e-02 9.989526323603680202e-01 -4.188121051677660273e-02 -3.126526407906513150e+00 5.211711781034596980e-01 4.534491923878664066e-02 8.522467053074010979e-01 4.570659303308158883e+01
8.477526124387206874e-01 -8.740964626036178131e-03 -5.303198074293234976e-01 -1.908390671721933174e+01 -1.780067814131749623e-02 9.988320367997782778e-01 -4.491879503738776397e-02 -3.183336640347737223e+00 5.300930561402330543e-01 4.752007801299578532e-02 8.466068742213869180e-01 4.658720967806296898e+01
8.411746715941369468e-01 -9.700484269891715416e-03 -5.406764899515174028e-01 -1.970624176542645856e+01 -1.725883779746563776e-02 9.988481501484978153e-01 -4.477170411317064891e-02 -3.251524706651235608e+00 5.404880283407521580e-01 4.699227130041625650e-02 8.400383463384837324e-01 4.749748637619534719e+01
8.353290457662928548e-01 -6.714158044245332677e-03 -5.497092863624438719e-01 -2.029257552068069970e+01 -1.810054164931865564e-02 9.990473822942989024e-01 -3.970766114870485919e-02 -3.304954138318926038e+00 5.494522365470598801e-01 4.311899843973724528e-02 8.344117673929473122e-01 4.837598994658029739e+01
8.299493723879131091e-01 -3.159816558403088279e-03 -5.578297668630904926e-01 -2.089590180435063971e+01 -1.940466312458978201e-02 9.992152387044643813e-01 -3.453065052938944501e-02 -3.378731031958980058e+00 5.575011237878836345e-01 3.948319030902115029e-02 8.292367458426959104e-01 4.922584951406943787e+01
8.267460603353874449e-01 -2.109622310050746161e-03 -5.625713244411673086e-01 -2.151451747623539745e+01 -2.187152031487005557e-02 9.991164287081898410e-01 -3.588869634915555634e-02 -3.422223586498712944e+00 5.621499738556863246e-01 4.197512835367439576e-02 8.259694313851734249e-01 5.013677975494960037e+01
8.219750559453744554e-01 -3.975398126504949524e-03 -5.695096112845293712e-01 -2.215074164906213383e+01 -2.301425791541416091e-02 9.989270003588267555e-01 -4.018945046235027768e-02 -3.483046880257874456e+00 5.690583065494473347e-01 4.614156679068590755e-02 8.210015869578500824e-01 5.101299854438013170e+01
8.203016903107817059e-01 -4.999133653976560628e-03 -5.719092053994209168e-01 -2.274160549876838289e+01 -2.651287234371087903e-02 9.985544047889758357e-01 -4.675647893922721399e-02 -3.549072349646867686e+00 5.713162079174197716e-01 5.351737444744068817e-02 8.189833255154376213e-01 5.186193002426325904e+01
8.165137596206172299e-01 -7.429694072266707083e-03 -5.772781596197412712e-01 -2.338550220590001416e+01 -2.563327527978611145e-02 9.984645563190399642e-01 -4.910666976770469011e-02 -3.602237166304010696e+00 5.767566389826684903e-01 5.489380152840757365e-02 8.150696021339507435e-01 5.272649367492260097e+01
8.138744032787559313e-01 -6.588811422010371933e-03 -5.810034739582120578e-01 -2.399443687697569061e+01 -2.437224970577064539e-02 9.986685251291566034e-01 -4.546614567579305294e-02 -3.670601664119445218e+00 5.805294602937473014e-01 5.116409388580880901e-02 8.126301666109253530e-01 5.357104204062412123e+01
8.098396854027297698e-01 -5.061558414143484119e-03 -5.866294042700074263e-01 -2.459976220419367721e+01 -2.239276365151933457e-02 9.989673427755670909e-01 -3.953242017165127520e-02 -3.739648133684899456e+00 5.862237229371882741e-01 4.515117621199740000e-02 8.088900571342944046e-01 5.445362733473500327e+01
8.066980904425883336e-01 -1.825854017238429236e-03 -5.909609550718438742e-01 -2.527255680643778391e+01 -2.435343613917123617e-02 9.990430402884068473e-01 -3.633061857582133014e-02 -3.806924328951656555e+00 5.904617738328165055e-01 4.369977038671970376e-02 8.058816478725187027e-01 5.530798174937920919e+01
8.038500324865797131e-01 -2.750113167341476390e-03 -5.948256512246202776e-01 -2.592390000313789145e+01 -2.405981800910360693e-02 9.990206379331511011e-01 -3.713341065102739036e-02 -3.840246108393069235e+00 5.943452328740473911e-01 4.416109015229447571e-02 8.029966058614348423e-01 5.617700475260834736e+01
8.002457390823375372e-01 -2.840259936466290724e-03 -5.996654760010181606e-01 -2.658125237115869766e+01 -2.531726488300476557e-02 9.989371762452139425e-01 -3.851693214574029855e-02 -3.897292954143156241e+00 5.991375457155851958e-01 4.600490042073374780e-02 7.993233121208684899e-01 5.702283018578071960e+01
7.959148419186549139e-01 -4.875505889935453918e-03 -6.053889550031471556e-01 -2.722173821718875786e+01 -2.502975549686776643e-02 9.988475887823713428e-01 -4.095126090118132722e-02 -3.963015372825894556e+00 6.048909665201908092e-01 4.774645377480746244e-02 7.948755888466636499e-01 5.791523242453557430e+01
7.918356769154671904e-01 -5.861715328212213465e-03 -6.107060618070717650e-01 -2.789288506944043178e+01 -2.461952258774822988e-02 9.988347823275223192e-01 -4.150851436796398203e-02 -4.021730275030600765e+00 6.102377779246391798e-01 4.790321415710409314e-02 7.907687042059748928e-01 5.873712692128270163e+01
7.882883398964293242e-01 -6.531699498252767355e-03 -6.152713408387565641e-01 -2.857721368219813485e+01 -2.341835999030140655e-02 9.989006811156830867e-01 -4.060800074427810963e-02 -4.070161975611120475e+00 6.148602112930017238e-01 4.641945912928731321e-02 7.872687988024715811e-01 5.955130611196585022e+01
7.835023113024548458e-01 -6.605822497956861418e-03 -6.213537510408957409e-01 -2.924284284889517238e+01 -2.336377845476967502e-02 9.989232566030259441e-01 -4.008068508046137846e-02 -4.128348438567591039e+00 6.209494890895550512e-01 4.592048065541253637e-02 7.825043442521224524e-01 6.038514838454475608e+01
7.770300344333608278e-01 -7.346645306334264117e-03 -6.294206422210197882e-01 -2.990916105917614232e+01 -2.345945682101513441e-02 9.988992163707607341e-01 -4.062030849327621235e-02 -4.201315067643337287e+00 6.290262201263698838e-01 4.632906595807344957e-02 7.760023450581516880e-01 6.124243255709211553e+01
7.722848330374264547e-01 -9.414787967741864924e-03 -6.352066520150053686e-01 -3.061501944132276876e+01 -2.212638723315261263e-02 9.988848791931860260e-01 -4.170636817291108883e-02 -4.258534763386298216e+00 6.348909874211668969e-01 4.626402380491236727e-02 7.712153277895660297e-01 6.209657503377680854e+01
7.667137599636597578e-01 -1.031492257748354256e-02 -6.419062274517610689e-01 -3.131737505593314808e+01 -2.199039220668765754e-02 9.988622013482654216e-01 -4.231696357977107054e-02 -4.316651417747655373e+00 6.416123746779627268e-01 4.656076782413819115e-02 7.656145657801128879e-01 6.288804078335169123e+01
7.615940417044327893e-01 -1.125686048096623780e-02 -6.479566272391240611e-01 -3.202777322022677708e+01 -2.204297790225286449e-02 9.988205921455439729e-01 -4.326120512821852310e-02 -4.369981420888053414e+00 6.476794186216671134e-01 4.723036954626327888e-02 7.604476778831142925e-01 6.369630898457401003e+01
7.556305960910250086e-01 -1.408348735095627836e-02 -6.548465847291047304e-01 -3.276725908157916933e+01 -2.009337403481215034e-02 9.987998566014637536e-01 -4.466657369355857277e-02 -4.442132036478775525e+00 6.546897473385551169e-01 4.690950692877640660e-02 7.544407471501881624e-01 6.454128001855340813e+01
7.493397860199380034e-01 -1.424913779749385247e-02 -6.620323548665847380e-01 -3.351783679750903389e+01 -2.043301348751755744e-02 9.987948216893388631e-01 -4.462506201558704561e-02 -4.505602573285928614e+00 6.618703679032090781e-01 4.696665031369576943e-02 7.481455460576462713e-01 6.537463800424974636e+01
7.428502407844160826e-01 -1.394215446168543468e-02 -6.693124290316085911e-01 -3.427418571585366891e+01 -2.026272191199083444e-02 9.988567966325897496e-01 -4.329574985481574739e-02 -4.574747175143098588e+00 6.691509163819574502e-01 4.572434966425897862e-02 7.417185068193895559e-01 6.619874545054828729e+01
7.367145587824748265e-01 -1.400703993085631975e-02 -6.760587645408698831e-01 -3.500406698198515443e+01 -2.023965309642774060e-02 9.988807265235641886e-01 -4.275103105698721540e-02 -4.637309169933251596e+00 6.759008969547640744e-01 4.517850167714068665e-02 7.356064770280391629e-01 6.700994646530200782e+01
7.302520634539833022e-01 -1.644165120961548626e-02 -6.829799317456046737e-01 -3.577153013114764235e+01 -1.741492507377884538e-02 9.989375116977899927e-01 -4.266811614822167004e-02 -4.705415825193071555e+00 6.829558196238691981e-01 4.305252400289090453e-02 7.291898500050617571e-01 6.780590876290611391e+01
7.231651395750426925e-01 -1.804743522483051935e-02 -6.904393253927543217e-01 -3.657088001299747049e+01 -1.765201425867635870e-02 9.988490648063986788e-01 -4.459766984218019314e-02 -4.769792230497778895e+00 6.904495599430598984e-01 4.443912476412274076e-02 7.220142507414168964e-01 6.861851322510081275e+01
7.174153744167601765e-01 -1.812101121907372728e-02 -6.964099370503569197e-01 -3.736167547031526226e+01 -1.792873692147798834e-02 9.988502643674369574e-01 -4.446020460533542384e-02 -4.838704269163307536e+00 6.964149256119203102e-01 4.438218469047234410e-02 7.162656505231660420e-01 6.942115241972528850e+01
7.123305758775071439e-01 -1.781454184731572077e-02 -7.016179755120639516e-01 -3.815458261060169320e+01 -1.865824374658141271e-02 9.988438254769537172e-01 -4.430442727996170005e-02 -4.883000167185614693e+00 7.015960578616529109e-01 4.465035720634701055e-02 7.111746103255720541e-01 7.020565591186272059e+01
7.080657423250428240e-01 -1.628331438287594288e-02 -7.059587444772058573e-01 -3.897310183321044263e+01 -2.085299738402398087e-02 9.988159220964882845e-01 -4.395345608127225467e-02 -4.965204143696499983e+00 7.058385544467602468e-01 4.584329217016248209e-02 7.068877823949332173e-01 7.102439314190954178e+01
7.025912640592375524e-01 -1.782499071058325779e-02 -7.113703507510655832e-01 -3.980119971571181736e+01 -2.003874391620607404e-02 9.987941489631408931e-01 -4.481848694204091516e-02 -5.024567136684290780e+00 7.113114454604427817e-01 4.574404548820959482e-02 7.013868542202276180e-01 7.181955738112002052e+01
6.970741852531243676e-01 -1.944603875085668468e-02 -7.167352525537090679e-01 -4.061180600646292760e+01 -2.033886171461225106e-02 9.986935899500606340e-01 -4.687690400139610941e-02 -5.092987127327631036e+00 7.167104848713587995e-01 4.725425866833939809e-02 6.957680112354903690e-01 7.260703487568366654e+01
6.922826657774706627e-01 -2.184053330990252603e-02 -7.212958422727507868e-01 -4.144286973456557632e+01 -2.003917480811229918e-02 9.985745820694601482e-01 -4.946954161299229463e-02 -5.156527899729365316e+00 7.213481478592865814e-01 4.870107944219152774e-02 6.908582083903882509e-01 7.335694395209016250e+01
6.868864864711186069e-01 -2.239623284598569672e-02 -7.264195438182515785e-01 -4.229902552548524142e+01 -2.075770241560818963e-02 9.985127092913557156e-01 -5.041316499308808735e-02 -5.226956434113929184e+00 7.264682242913563792e-01 4.970692232680874040e-02 6.853999932548551222e-01 7.416399126028623812e+01
6.820643531591490394e-01 -2.287078021296586397e-02 -7.309344263559387489e-01 -4.315823217241363352e+01 -1.927475927095692251e-02 9.986013651488444554e-01 -4.923207497097900620e-02 -5.301600529508863069e+00 7.310381045701661584e-01 4.766802829185886464e-02 6.806695664174692295e-01 7.496592725051311845e+01
6.774920055563515842e-01 -2.216890279134403272e-02 -7.351959685133145905e-01 -4.398739420939864431e+01 -1.983394268111515410e-02 9.986315901063137490e-01 -4.838968887377736311e-02 -5.373259809362287420e+00 7.352626780690867392e-01 4.736546186675189007e-02 6.761252230681905617e-01 7.573343531454226252e+01
6.727100608642897495e-01 -2.314566912131883758e-02 -7.395440770266155095e-01 -4.486616335283759582e+01 -1.914631531702805020e-02 9.986313685577394850e-01 -4.867040548836337743e-02 -5.452639319713043164e+00 7.396584356120476933e-01 4.690061532533645189e-02 6.713462154728069287e-01 7.652757059169348963e+01
6.685009046538100685e-01 -2.428088537445498643e-02 -7.433148517548495704e-01 -4.576571279002848058e+01 -1.775634446178037465e-02 9.986609109315095489e-01 -4.859112299484130704e-02 -5.514776601174622428e+00 7.434993352786314347e-01 4.568176401537330650e-02 6.671745836696086895e-01 7.728362697096899581e+01
6.631244858108610307e-01 -2.458075473346321704e-02 -7.481054019648933906e-01 -4.663387139011823024e+01 -1.752496976422321037e-02 9.986767934837474936e-01 -4.834808803387746073e-02 -5.604070428770787871e+00 7.483039494282227588e-01 4.517132534279034994e-02 6.618162592275225187e-01 7.805660384693764797e+01
6.590144787948396532e-01 -2.581954996220022641e-02 -7.516869409011657233e-01 -4.755061874248071518e+01 -1.669286482501509961e-02 9.986623288238660745e-01 -4.893772853901848935e-02 -5.669375390399441272e+00 7.519449940496303331e-01 4.479847993174283088e-02 6.577019329104463186e-01 7.885380706936965112e+01
6.557915731408470172e-01 -2.815818238565279130e-02 -7.544166745479591318e-01 -4.845193921706115248e+01 -1.363321655703646045e-02 9.986994986029977817e-01 -4.912684512787444946e-02 -5.739965733923655833e+00 7.548188903019257268e-01 4.250209669642571186e-02 6.545548297355825440e-01 7.958494954726025128e+01
6.511186232341142910e-01 -3.291777878251857248e-02 -7.582617936403098780e-01 -4.935141068623151739e+01 -1.005385391781433123e-02 9.985972823792421682e-01 -5.198449434601830343e-02 -5.831645835655871579e+00 7.589093936463734424e-01 4.147152543160637778e-02 6.498743381843652411e-01 8.035390637313111029e+01
6.460236009327707807e-01 -3.701371299335938503e-02 -7.624194917228553914e-01 -5.025797828985751181e+01 -6.973787161320004618e-03 9.984957531187452773e-01 -5.438379624957681568e-02 -5.898892820362505063e+00 7.632855839832940470e-01 4.045016687721224996e-02 6.447936972506752573e-01 8.117432678899569964e+01
6.395027423301737901e-01 -3.987534386737352776e-02 -7.677539896580052314e-01 -5.116980455535683348e+01 -2.674549685295902080e-03 9.985325251233430066e-01 -5.408921375339743876e-02 -5.980358033074223201e+00 7.687841692411725436e-01 3.664359640856178907e-02 6.384576406031876594e-01 8.192363606098449225e+01
6.312352068197643051e-01 -4.488310879263938263e-02 -7.742916822347607475e-01 -5.212388799696189778e+01 4.462421954244309708e-03 9.985178044951700249e-01 -5.424279558042349736e-02 -6.065079292159894386e+00 7.755786292797239856e-01 3.078474572047264907e-02 6.304998812830662214e-01 8.269051674819500874e+01
6.226997247882677389e-01 -4.624279970671699158e-02 -7.810932370756001886e-01 -5.306392909636446831e+01 7.485723126315293845e-03 9.985585036881237109e-01 -5.314958732371458799e-02 -6.146671627678608196e+00 7.824250932990396423e-01 2.724918528908546259e-02 6.221482673161286003e-01 8.340896675560982487e+01
6.137643934547467595e-01 -4.482800139370896747e-02 -7.882155214206868488e-01 -5.402342630435772719e+01 7.626151003282488280e-03 9.986767155667983786e-01 -5.085921330827338632e-02 -6.219997889643141598e+00 7.894524186227003248e-01 2.520452319149322357e-02 6.132940747947891458e-01 8.416281544524088076e+01
6.047048199482659703e-01 -4.399306352914603840e-02 -7.952337263305720994e-01 -5.498717924042846050e+01 5.793453259094322877e-03 9.986898525317196018e-01 -5.084303615625038186e-02 -6.299133583159703065e+00 7.964286075631051842e-01 2.613787917667638461e-02 6.041674403261146908e-01 8.490019313673980150e+01
5.958009543082886106e-01 -4.526428815064538480e-02 -8.018555700905645178e-01 -5.600756806242854680e+01 5.797921415498267887e-03 9.986269244266392509e-01 -5.206390201102564785e-02 -6.370409095593021931e+00 8.031112111384046681e-01 2.637062649473784909e-02 5.952453144756377768e-01 8.562619647547211343e+01
5.857940358747665277e-01 -4.803464139625292229e-02 -8.090352333401997775e-01 -5.702438399108407197e+01 6.438829379763088244e-03 9.984864122369025985e-01 -5.462074721659129772e-02 -6.460844209279521522e+00 8.104343895245332829e-01 2.678726769836738131e-02 5.852166731791788035e-01 8.634406394208845370e+01
5.755603285918901024e-01 -4.928184161985334905e-02 -8.162729911404229544e-01 -5.801682715172172777e+01 6.059441988482488183e-03 9.984120567503528276e-01 -5.600578603933279581e-02 -6.533255072016440401e+00 8.177368783656573381e-01 2.728854935262354023e-02 5.749449930522690932e-01 8.703095367309494179e+01
5.656502468241041415e-01 -4.943914062886578531e-02 -8.231619265239742411e-01 -5.901473540498761139e+01 8.443140691555836921e-03 9.984961469019681957e-01 -5.416786839018754296e-02 -6.630357847487909240e+00 8.246020390300746739e-01 2.368999570234721699e-02 5.652170147167939751e-01 8.772292948555667635e+01
5.549364405253275345e-01 -5.006689590300376219e-02 -8.303847544046073503e-01 -6.008975759870443056e+01 1.015756237710940812e-02 9.985206705363341984e-01 -5.341623727418565171e-02 -6.705378716691204666e+00 8.318307413466776712e-01 2.120793114646114461e-02 5.546240654758265443e-01 8.844974555100522196e+01
5.449943114813259326e-01 -5.000378401612663032e-02 -8.369473157188971335e-01 -6.108968557297752966e+01 9.486210865806509948e-03 9.985238549284013443e-01 -5.348011695738331961e-02 -6.798098534564180007e+00 8.383860827788309766e-01 2.120690030071263263e-02 5.446641684221196211e-01 8.907768602512649636e+01
5.354679208331831752e-01 -5.096331283714054805e-02 -8.430165084886489524e-01 -6.212980123638396890e+01 9.113830424532438565e-03 9.984682450203815618e-01 -5.457198684439053260e-02 -6.873663551822824402e+00 8.445063975949007595e-01 2.153843832897479188e-02 5.351121873469710799e-01 8.972586277868508375e+01
5.248902163927542386e-01 -5.153770395845894831e-02 -8.496082112952908494e-01 -6.320467208847210117e+01 7.731303194500648360e-03 9.984127117446141009e-01 -5.578784765872759482e-02 -6.961185761332560951e+00 8.511348304537543763e-01 2.271391625892370605e-02 5.244555191180690912e-01 9.038880882056433563e+01
5.147639656893677751e-01 -5.227422574020761104e-02 -8.557367887797892037e-01 -6.429218117738727756e+01 6.348947160032404613e-03 9.983444708059305839e-01 -5.716649762971551946e-02 -7.048407564935638803e+00 8.573084407677205032e-01 2.399422488453425290e-02 5.142436464074391367e-01 9.102723999659205845e+01
