1 0 0 0 0 1 0 0 0 0 1 0
0.9999267 -0.0030769459 0.01171014 0.066577821 0.0030620515 0.99999448 0.0012896573 -0.0080814635 -0.011714044 -0.0012537058 0.9999306 0.20481008
0.99980939 -0.0044620231 0.019007216 0.06972093 0.0044303361 0.99998873 0.0017089031 -0.013381318 -0.019014628 -0.0016243691 0.99981789 0.45189908
0.99973749 -0.0076321855 0.021603198 0.060447658 0.0076389176 0.9999708 -0.00022909591 -0.017591637 -0.021600821 0.00039406085 0.9997666 0.78800519
0.99974047 -0.0083886522 0.02118061 0.060748114 0.0084088116 0.99996427 -0.00086287567 -0.02398782 -0.021172616 0.0010407555 0.99977529 1.154038
0.99986294 -0.010688239 0.012643759 0.064585143 0.010721211 0.99993929 -0.0025427535 -0.024862166 -0.012615815 0.0026779615 0.99991683 1.4565559
0.99992435 -0.01229063 -0.00049166944 0.038724419 0.012288392 0.99991514 -0.0043245658 -0.034923623 0.0005447794 0.0043181969 0.99999053 1.8055992
0.99985125 -0.011093967 -0.013205831 0.052098489 0.011035929 0.99992916 -0.0044597096 -0.038813466 0.013254373 0.0043133077 0.99990285 2.0880895
0.99943646 -0.0079245184 -0.032618455 0.00032788948 0.0077686243 0.9999578 -0.0049033037 -0.049378371 0.032655938 0.0046471401 0.99945585 2.4761008
0.99850844 -0.0042497473 -0.054431991 -0.035601935 0.0039293107 0.99997432 -0.0059925892 -0.051358291 0.054456065 0.0057697708 0.9984995 2.7937536
0.99746234 -0.0029307169 -0.071135715 -0.096779556 0.0024803192 0.99997632 -0.0064190352 -0.054742004 0.071152849 0.0062263067 0.99744599 3.1619193
0.99552477 -0.0037561647 -0.09442624 -0.14292769 0.0032526538 0.99997966 -0.005485669 -0.05971967 0.094444933 0.0051539835 0.99551675 3.5395323
0.99345796 -0.0056395173 -0.11405906 -0.19165705 0.0051065768 0.99997464 -0.0049641412 -0.072390624 0.11408417 0.0043492143 0.99346157 3.9167501
0.99154884 -0.0036974776 -0.12968124 -0.26981948 0.0032120998 0.99998703 -0.0039518132 -0.077430967 0.12969418 0.0035018666 0.99154786 4.3210106
0.98907308 -0.0034032149 -0.14738674 -0.35172704 0.0029259467 0.99998975 -0.0034548911 -0.086902425 0.147397 0.002985894 0.98907291 4.7446288
0.98695286 -0.0030441224 -0.16098067 -0.42306131 0.0024713606 0.99998988 -0.0037580618 -0.092733337 0.16099049 0.0033111885 0.9869504 5.1395318
0.9851195 -0.004671069 -0.17180729 -0.52054085 0.0039038437 0.99998084 -0.0048032144 -0.10117352 0.17182645 0.0040610313 0.98511887 5.5934307
0.98319316 -0.006609751 -0.18244867 -0.59398488 0.0055580735 0.99996487 -0.0062749663 -0.11123102 0.18248375 0.0051554408 0.98319535 6.0259688
0.98161693 -0.007039977 -0.19073184 -0.68801604 0.0055254566 0.99994885 -0.0084712419 -0.12390268 0.19078174 0.007261634 0.98160562 6.486536
0.98025198 -0.006162658 -0.19765644 -0.8155281 0.0042075023 0.999938 -0.01031013 -0.1248511 0.19770774 0.0092748859 0.98021713 6.961665
0.97864396 -0.0068179264 -0.20544952 -0.91261489 0.0042250688 0.99990583 -0.013056475 -0.13315308 0.20551921 0.011909602 0.97858062 7.4232061
0.97694897 -0.010876846 -0.21319567 -1.0313995 0.0079254292 0.99986063 -0.014693499 -0.14509416 0.21332579 0.012665131 0.97689903 7.940167
0.97524771 -0.016814729 -0.22047488 -1.1536644 0.013644726 0.99978059 -0.015893206 -0.16139255 0.22069376 0.012491493 0.97526316 8.4606081
0.97333252 -0.016811053 -0.22878195 -1.2858542 0.013060033 0.99975448 -0.017899885 -0.18740218 0.22902671 0.014434641 0.97331311 9.0015427
0.97136501 -0.013557476 -0.23720498 -1.4455778 0.0084599609 0.99971117 -0.022494683 -0.19186236 0.23744146 0.019843804 0.97119915 9.5470828
0.96880247 -0.010524398 -0.24761061 -1.5793275 0.0043672455 0.99966777 -0.025402397 -0.20822314 0.24779571 0.023528529 0.96852656 10.018434
0.96699343 -0.013137083 -0.25446242 -1.7488488 0.0062709805 0.99959452 -0.027775258 -0.23248386 0.25472415 0.025262764 0.96668371 10.647771
0.96475844 -0.015333672 -0.26268997 -1.8881515 0.0078250551 0.99953102 -0.029605976 -0.26132956 0.26302076 0.026507053 0.96442598 11.216948
0.96219465 -0.015778524 -0.27190529 -2.0722667 0.0073173269 0.99945774 -0.032104105 -0.28414969 0.27226442 0.028900778 0.96178835 11.722852
0.96027629 -0.014399642 -0.27867918 -2.2267884 0.0044736977 0.99933379 -0.036221088 -0.30407115 0.27901511 0.033535527 0.95970096 12.305224
0.95832751 -0.014736794 -0.28529145 -2.4454977 0.0033376618 0.99917797 -0.040401166 -0.33383279 0.28565234 0.037765343 0.95758891 12.934401
0.95559588 -0.016433556 -0.29422176 -2.6462468 0.0024336859 0.99884985 -0.047885768 -0.37262841 0.29467032 0.0450434 0.9545368 13.491584
0.95494829 -0.016989651 -0.29628553 -2.8434013 0.00030906585 0.99841637 -0.056255206 -0.41776023 0.2967721 0.053629241 0.95344126 14.170851
0.95335895 -0.016668962 -0.30137825 -3.0481662 -0.0030038481 0.99790055 -0.06469515 -0.45476137 0.30182395 0.062582996 0.95130735 14.716467
0.95250466 -0.01538181 -0.30413527 -3.2767907 -0.0073465451 0.99727215 -0.073445832 -0.50523057 0.30443539 0.072191842 0.94979337 15.442366
0.95109161 -0.015335166 -0.30852809 -3.5007434 -0.010206151 0.9966618 -0.08100059 -0.56566607 0.30874034 0.080187867 0.94776016 16.076111
0.94948391 -0.015451356 -0.31343508 -3.7301104 -0.012608086 0.99610244 -0.087298162 -0.62453132 0.31356235 0.086840018 0.94558843 16.72523
0.94748134 -0.012684665 -0.31955939 -3.9981663 -0.017905873 0.99554168 -0.092607484 -0.6895415 0.31930941 0.093465854 0.94303003 17.308398
0.94703258 -0.011155411 -0.32094366 -4.2358184 -0.021661155 0.99490146 -0.098498135 -0.77176709 0.32040613 0.10023296 0.94196246 18.046941
0.944684 -0.0077064033 -0.32789136 -4.4817985 -0.027245245 0.99442478 -0.10186784 -0.85294316 0.32684835 0.1051664 0.93920721 18.79387
0.9426684 -0.0074416448 -0.33364788 -4.7488161 -0.028618493 0.99426616 -0.10303294 -0.92487885 0.33250156 0.1066744 0.93705032 19.432078
0.94143392 -0.0063508465 -0.33713769 -4.9923422 -0.029858141 0.99432518 -0.10210745 -1.0177114 0.33587299 0.10619373 0.93590183 20.23284
0.93872787 -0.0083551537 -0.34455794 -5.331001 -0.028319799 0.99445581 -0.10127009 -1.0978526 0.3434938 0.10482287 0.93328677 20.885097
0.93640493 -0.0063209681 -0.35086443 -5.5762699 -0.03034671 0.99463359 -0.098909579 -1.1842556 0.34960678 0.103267 0.93118797 21.654342
0.93347278 -0.0063489286 -0.35859204 -5.8512938 -0.030163827 0.99491102 -0.096136345 -1.2713554 0.35737757 0.10055717 0.92853085 22.330634
0.9288776 -0.0034377743 -0.37037087 -6.2010333 -0.032354208 0.99538145 -0.090382359 -1.3522833 0.36897104 0.095937206 0.9244763 23.134206
0.92655919 -0.0022215808 -0.37614242 -6.4949973 -0.032330536 0.9958116 -0.085521939 -1.4374508 0.37475701 0.091402026 0.92260656 23.900747
0.92325429 0.00066497443 -0.38418884 -6.8090407 -0.034607308 0.9960771 -0.081441662 -1.5077834 0.38262758 0.088487107 0.91965547 24.61516
0.91987507 0.0035768633 -0.39219516 -7.1293289 -0.036848905 0.99632352 -0.077340764 -1.5748734 0.39047666 0.085595804 0.91662498 25.327108
0.91572663 0.0044575895 -0.40177713 -7.5311033 -0.039310832 0.9961352 -0.078545066 -1.6618156 0.39987425 0.087720003 0.91236276 26.134368
0.9117133 0.0047145495 -0.41079998 -7.83408 -0.039841082 0.99623565 -0.076988414 -1.7262841 0.40889065 0.086558078 0.90846912 26.857306
0.90753435 0.0055909175 -0.41994063 -8.2000872 -0.04109534 0.99629505 -0.075546934 -1.8080976 0.41796243 0.085819042 0.90440175 27.701192
0.90457032 0.0039549329 -0.42630608 -8.6398749 -0.038924389 0.99654654 -0.073347698 -1.8766618 0.4245438 0.082941856 0.90160037 28.447583
0.9013821 0.0075705726 -0.43295841 -8.9960478 -0.0415329 0.99674903 -0.069039077 -1.9573774 0.43102824 0.080212607 0.89876616 29.248693
0.89649134 0.0083162486 -0.44298319 -9.3715028 -0.040711616 0.9971402 -0.063670909 -2.0168117 0.44118688 0.075114981 0.89426612 30.022049
0.89358114 0.0054039555 -0.44886917 -9.8042211 -0.035794203 0.99760142 -0.059246726 -2.0804916 0.4474724 0.069008672 0.89163124 30.833667
0.89065315 0.006517392 -0.45463663 -10.261028 -0.036634311 0.99767508 -0.057466162 -2.1490242 0.45320515 0.067837719 0.88882122 31.661019
0.88768737 0.0076383849 -0.46038328 -10.723207 -0.037462904 0.99774559 -0.055680084 -2.2158421 0.45892012 0.066673803 0.88597232 32.485524
0.88417518 0.0051102796 -0.46712751 -11.199903 -0.034517076 0.99792154 -0.05441658 -2.2699804 0.46587856 0.064237666 0.88251386 33.381527
0.88150433 0.0022307423 -0.47217064 -11.609659 -0.030896425 0.99811826 -0.052965566 -2.3203388 0.47116403 0.061277762 0.87991449 34.147022
0.87879338 -0.00063182529 -0.47720203 -12.023781 -0.027266793 0.99829888 -0.05153504 -2.3694501 0.47642285 0.058300422 0.87728122 34.910246
0.87768462 0.0028216207 -0.47923036 -12.555121 -0.032227073 0.99806661 -0.053145712 -2.4505223 0.4781539 0.062089366 0.87607864 35.876629
0.87680512 0.00053309919 -0.48084558 -13.055267 -0.030313881 0.99807149 -0.054169766 -2.5091703 0.47988943 0.062072625 0.87513036 36.743207
0.87671583 0.0021128613 -0.48100402 -13.611624 -0.031278823 0.99812426 -0.052626875 -2.5693116 0.47999063 0.061184055 0.87513743 37.600388
0.87630058 9.1196277e-05 -0.48176474 -14.044119 -0.028336488 0.99827846 -0.051353362 -2.633176 0.48093072 0.058652502 0.87479457 38.49066
0.88274012 0.0042593132 -0.46984224 -14.698936 -0.031975379 0.99818529 -0.051026412 -2.7163541 0.46877231 0.060066445 0.8812744 39.528289
0.87651889 0.00077377296 -0.48136682 -15.144069 -0.028989445 0.9982685 -0.051182092 -2.7730564 0.48049377 0.058816628 0.87502363 40.462699
0.87457984 -0.0010177361 -0.48488045 -15.578857 -0.02794497 0.99822987 -0.052499622 -2.8287515 0.48407561 0.059465081 0.87300328 41.250718
0.87344681 -0.0016738418 -0.48691667 -16.116599 -0.026226789 0.99838073 -0.050478524 -2.8939036 0.48621276 0.056860568 0.87198856 42.17109
0.87070767 -0.0029092649 -0.49179231 -16.601571 -0.022998522 0.99864763 -0.04662602 -2.9565761 0.49126291 0.05190813 0.86946324 43.089945
0.86793706 -0.0041169132 -0.49665711 -17.091673 -0.01974791 0.99888887 -0.04279065 -3.0151624 0.49628147 0.046947532 0.86689137 44.006345
0.86513515 -0.0052967176 -0.50151081 -17.586893 -0.016475142 0.99910445 -0.038972634 -3.0696795 0.50126815 0.041979058 0.86427312 44.92024
0.86112736 -0.0053486079 -0.50836114 -18.23276 -0.018891654 0.99891737 -0.042510992 -3.1432743 0.50803819 0.046211162 0.86009403 45.857952
0.85656323 -0.0091716937 -0.51596055 -18.883155 -0.016699217 0.99882575 -0.045478008 -3.2027246 0.51577184 0.047570927 0.85540426 46.658766
0.84739887 -0.010577761 -0.53085143 -19.346539 -0.015833321 0.99885347 -0.045177932 -3.2579918 0.53072072 0.04668887 0.84625982 47.568753
0.83797334 -0.011968164 -0.54557988 -19.825773 -0.014962267 0.99887975 -0.044893034 -3.3128896 0.54550603 0.045782278 0.83685553 48.470515
0.82828956 -0.013342474 -0.56014136 -20.320711 -0.014086326 0.99890456 -0.044623403 -3.3674331 0.5601232 0.044851433 0.82719428 49.363776
0.83005486 -0.0028087001 -0.55767465 -21.125377 -0.02150058 0.99908269 -0.03703375 -3.4385525 0.55726715 0.042730373 0.82923306 50.229651
0.82986527 -0.0055168746 -0.55793654 -21.736018 -0.021275189 0.99891107 -0.041521579 -3.4933776 0.5575581 0.046327522 0.82884423 51.093891
0.82944519 -0.0069417472 -0.55854495 -22.414969 -0.024681003 0.99849079 -0.049061062 -3.5735903 0.5580426 0.054478912 0.82802206 52.044688
0.82902946 -0.008372592 -0.55914222 -23.094573 -0.028091237 0.99800198 -0.056594411 -3.6625045 0.55849893 0.062625432 0.82713785 52.994245
0.8286181 -0.0098093098 -0.55972831 -23.774816 -0.031505657 0.99744467 -0.064121107 -3.7601107 0.55892706 0.070766519 0.82619167 53.942489
0.81798023 -0.0074795345 -0.57519768 -24.270554 -0.020250143 0.99892131 -0.04178682 -3.7658372 0.57488982 0.045828629 0.81694643 54.56508
0.81807801 -0.0063836414 -0.57507181 -24.875023 -0.019956584 0.99902108 -0.039479301 -3.8237654 0.57476094 0.043773618 0.81714978 55.468537
0.81817608 -0.0052880705 -0.5749434 -25.479365 -0.019663397 0.99911542 -0.037171507 -3.8791761 0.57463143 0.041718178 0.81734836 56.372236
0.8090012 -0.0030832192 -0.58779888 -26.180967 -0.026017789 0.99881837 -0.041048048 -3.9404796 0.58723092 0.048501148 0.80796504 57.196552
0.80416452 -0.0054391301 -0.59438187 -26.770675 -0.024826739 0.99877819 -0.042728869 -3.9943515 0.59388811 0.049117605 0.80304695 58.005438
0.80045967 -0.0079017516 -0.5993345 -27.408514 -0.023030658 0.99876923 -0.043927285 -4.0510051 0.59894401 0.048965089 0.79929251 58.814025
0.79671919 -0.010363339 -0.60426079 -28.05131 -0.021242047 0.99875495 -0.04513677 -4.1089502 0.60397628 0.048797067 0.79550709 59.618585
0.78935661 -0.0094592833 -0.61386206 -28.727014 -0.020476152 0.99891938 -0.041722804 -4.176551 0.61359343 0.045503704 0.78830993 60.528302
0.78187992 -0.0085153952 -0.62337087 -29.413723 -0.01966891 0.99907201 -0.038317828 -4.2402699 0.62311873 0.042220966 0.78098686 61.430023
0.77816548 -0.010092253 -0.62797818 -30.12111 -0.022575608 0.99877527 -0.044026132 -4.3008512 0.62765345 0.048436606 0.7769846 62.093876
0.77442785 -0.011705854 -0.63255391 -30.832373 -0.025515518 0.99843746 -0.049715113 -4.3665127 0.63214753 0.054640709 0.7729191 62.753089
0.77066731 -0.013356073 -0.6370977 -31.547478 -0.028488413 0.99805861 -0.055384333 -4.4372302 0.63660061 0.060832798 0.76879065 63.407605
0.76456062 -0.035429554 -0.64357732 -32.181517 0.0057504947 0.99882334 -0.048154686 -4.4218877 0.6445262 0.033116289 0.76386473 64.246209
0.75763867 -0.057230188 -0.65016022 -32.824271 0.040052652 0.99834758 -0.041205509 -4.3973792 0.65144414 0.005178246 0.75867896 65.077933
0.74991062 -0.078729121 -0.65683769 -33.475863 0.074372661 0.99663197 -0.034545999 -4.3640888 0.65734528 -0.022944356 0.75324019 65.902444
0.74138668 -0.0998979 -0.6636009 -34.136406 0.1086651 0.99367877 -0.028184969 -4.3224118 0.66222181 -0.051214298 0.74755563 66.719416
0.73207815 -0.12070851 -0.67044089 -34.806 0.14288458 0.9894919 -0.022130839 -4.2727547 0.66606727 -0.079594165 0.74163279 67.528536
0.72199735 -0.14113341 -0.67734862 -35.484735 0.17698582 0.9840769 -0.01639162 -4.2155348 0.66887658 -0.1080464 0.73547952 68.3295
0.71115761 -0.16114556 -0.68431492 -36.172687 0.21092368 0.97744092 -0.010974908 -4.1511791 0.67064602 -0.13653334 0.72910397 69.122014
0.69957329 -0.18071848 -0.6913306 -36.869921 0.24465325 0.96959276 -0.0058878723 -4.0801242 0.67137325 -0.16501729 0.72251456 69.905796
0.68725971 -0.19982627 -0.69838636 -37.576488 0.27812989 0.9605428 -0.0011372456 -4.0028155 0.6710573 -0.19346054 0.71572002 70.680576
0.67423317 -0.21844364 -0.70547287 -38.292429 0.31130929 0.95030302 0.003270685 -3.9197067 0.6696986 -0.22182546 0.70872935 71.446095
0.67481723 -0.22080954 -0.70417668 -39.329253 0.29697049 0.95477195 -0.014800212 -4.0327803 0.67559623 -0.19913226 0.70987049 72.314938
0.67544169 -0.22314302 -0.70284114 -40.364245 0.28249888 0.95870362 -0.032890097 -4.1683369 0.6811556 -0.17633649 0.71058605 73.182747
0.67610619 -0.22544277 -0.70146699 -41.397362 0.26790247 0.96209584 -0.050988922 -4.3263423 0.68637361 -0.15345082 0.71087563 74.048993
0.67681036 -0.22770753 -0.70005498 -42.42856 0.25318938 0.96494672 -0.069086636 -4.5067498 0.69124736 -0.13048794 0.71073907 74.913147
0.67755381 -0.22993602 -0.69860591 -43.457797 0.23836779 0.96725469 -0.087173185 -4.7095001 0.69577416 -0.10746063 0.71017644 75.774682
0.67833613 -0.23212702 -0.69712058 -44.485031 0.22344592 0.96901846 -0.10523853 -4.9345217 0.69995147 -0.084381655 0.70918807 76.633072
0.67915688 -0.23427931 -0.69559981 -45.510222 0.20843206 0.97023705 -0.12327262 -5.1817306 0.70377699 -0.06126385 0.70777449 77.487793
0.68001561 -0.2363917 -0.69404444 -46.533331 0.19333455 0.97090979 -0.14126546 -5.4510306 0.70724859 -0.03812005 0.7059365 78.338324
0.68091184 -0.238463 -0.69245535 -47.554321 0.17816177 0.9710363 -0.15920705 -5.742313 0.71036434 -0.014963109 0.70367511 79.184144
0.68184507 -0.24049207 -0.69083342 -48.573155 0.16292216 0.97061651 -0.17708742 -6.0554572 0.71312251 0.0081941122 0.70099158 80.024737
0.68281479 -0.24247778 -0.68917954 -49.589796 0.14762417 0.96965066 -0.19489664 -6.3903303 0.71552156 0.031338751 0.6978874 80.859589
0.68382046 -0.24441903 -0.68749463 -50.604212 0.13227631 0.96813928 -0.21262482 -6.7467873 0.71756017 0.054457953 0.69436429 81.688189
0.68486151 -0.24631475 -0.68577964 -51.616368 0.11688709 0.96608321 -0.23026212 -7.1246712 0.71923721 0.077538877 0.69042422 82.510029
0.68593737 -0.24816387 -0.68403551 -52.626233 0.10146507 0.96348359 -0.24779874 -7.5238131 0.72055174 0.1005687 0.68606936 83.324606
0.68704744 -0.24996537 -0.6822632 -53.633777 0.086018807 0.96034187 -0.26522493 -7.9440325 0.72150303 0.12353464 0.68130215 84.13142
0.68819111 -0.25171825 -0.68046372 -54.638971 0.070556884 0.95665979 -0.28253102 -8.3851369 0.72209055 0.14642394 0.67612522 84.929975
0.68936774 -0.25342154 -0.67863805 -55.641786 0.055087888 0.95243939 -0.2997074 -8.8469224 0.72231398 0.16922388 0.67054145 85.719782
0.69057667 -0.25507429 -0.6767872 -56.642195 0.039620409 0.94768303 -0.31674453 -9.3291735 0.72217319 0.1919218 0.66455394 86.500353
0.69181724 -0.25667559 -0.67491222 -57.640175 0.02416304 0.94239334 -0.33363295 -9.8316634 0.72166827 0.2145051 0.65816602 87.271209
0.69308876 -0.25822454 -0.67301413 -58.6357 0.0087243647 0.93657326 -0.35036327 -10.354154 0.72079949 0.23696123 0.65138124 88.031874
0.69439052 -0.25972028 -0.67109399 -59.628748 -0.0066870417 0.93022602 -0.3669262 -10.896396 0.71956733 0.25927771 0.64420336 88.781879
0.69572179 -0.26116198 -0.66915288 -60.619298 -0.02206262 0.92335515 -0.38331255 -11.45813 0.71797248 0.28144216 0.63663638 89.520758
0.69708184 -0.26254884 -0.66719186 -61.607331 -0.037393829 0.91596446 -0.39951321 -12.039084 0.71601582 0.30344227 0.62868448 90.248056
0.69846991 -0.2638801 -0.66521202 -62.592827 -0.052672156 0.90805806 -0.41551919 -12.638977 0.71369845 0.32526581 0.6203521 90.963321
0.69988523 -0.26515501 -0.66321448 -63.57577 -0.067889113 0.89964035 -0.43132159 -13.257517 0.71102164 0.34690066 0.61164385 91.666107
0.70132702 -0.26637286 -0.66120032 -64.556145 -0.08303625 0.89071598 -0.44691164 -13.8944 0.70798689 0.36833481 0.60256458 92.355979
0.70279447 -0.26753298 -0.65917069 -65.533936 -0.098105154 0.88128993 -0.46228068 -14.549316 0.70459588 0.38955636 0.59311933 93.032505
0.70428677 -0.26863472 -0.65712669 -66.509132 -0.11308745 0.87136743 -0.47742017 -15.22194 0.70085049 0.41055351 0.58331334 93.695262
0.70580309 -0.26967748 -0.65506947 -67.481722 -0.12797483 0.86095399 -0.49232171 -15.91194 0.69675281 0.4313146 0.57315206 94.343835
0.70734259 -0.27066067 -0.65300017 -68.451695 -0.14275902 0.85005539 -0.50697702 -16.618974 0.6923051 0.45182811 0.56264113 94.977817
0.70890442 -0.27158374 -0.65091993 -69.419043 -0.1574318 0.83867768 -0.52137796 -17.34269 0.68750985 0.47208264 0.5517864 95.596809
0.7104877 -0.27244619 -0.64882992 -70.383759 -0.17198502 0.82682719 -0.53551652 -18.082728 0.68236971 0.49206694 0.54059388 96.200418
0.71209155 -0.27324753 -0.6467313 -71.345838 -0.18641062 0.81451049 -0.54938487 -18.838717 0.67688754 0.51176991 0.5290698 96.788264
0.71371509 -0.27398732 -0.64462522 -72.305276 -0.20070056 0.80173444 -0.56297529 -19.610278 0.67106639 0.53118061 0.51722056 97.359971
0.71535742 -0.27466515 -0.64251287 -73.26207 -0.21484692 0.78850611 -0.57628024 -20.397025 0.66490947 0.55028826 0.50505273 97.915176
0.71701761 -0.27528064 -0.6403954 -74.21622 -0.22884183 0.77483287 -0.58929232 -21.19856 0.65842023 0.56908224 0.49257309 98.453523
0.71869476 -0.27583345 -0.63827401 -75.167725 -0.24267753 0.7607223 -0.60200432 -22.014481 0.65160226 0.58755212 0.47978855 98.974665
0.72038792 -0.27632328 -0.63614987 -76.116588 -0.25634634 0.74618224 -0.61440916 -22.844374 0.64445934 0.60568764 0.46670621 99.478267
0.72209616 -0.27674984 -0.63402415 -77.062812 -0.26984065 0.73122077 -0.62649997 -23.68782 0.63699544 0.62347872 0.45333335 99.964
0.72381853 -0.27711291 -0.63189804 -78.006401 -0.28315297 0.71584619 -0.63827002 -24.544392 0.62921472 0.64091549 0.4396774 100.43155
0.72555407 -0.27741229 -0.62977271 -78.947363 -0.29627592 0.70006705 -0.64971278 -25.413654 0.62112149 0.65798826 0.42574592 100.8806
0.72730183 -0.27764779 -0.62764936 -79.885705 -0.3092022 0.68389212 -0.66082189 -26.295165 0.61272024 0.67468754 0.41154668 101.31087
0.72906081 -0.27781931 -0.62552915 -80.821436 -0.32192463 0.66733036 -0.67159119 -27.188477 0.60401565 0.69100407 0.39708754 101.72207
0.73083006 -0.27792673 -0.62341328 -81.754567 -0.33443614 0.65039099 -0.68201468 -28.093134 0.59501254 0.70692878 0.38237654 102.11391
0.73260859 -0.27797001 -0.6213029 -82.68511 -0.3467298 0.63308341 -0.69208659 -29.008674 0.58571592 0.72245282 0.36742186 102.48614
0.73439541 -0.27794911 -0.61919919 -83.613078 -0.35879876 0.61541723 -0.70180132 -29.934631 0.57613095 0.73756758 0.35223179 102.83849
0.73618952 -0.27786405 -0.61710333 -84.538486 -0.37063633 0.59740226 -0.71115346 -30.870531 0.56626295 0.75226466 0.33681477 103.17074
0.73798994 -0.27771488 -0.61501647 -85.461352 -0.38223593 0.57904852 -0.72013784 -31.815896 0.55611741 0.76653589 0.32117938 103.48264
0.73979566 -0.27750167 -0.61293978 -86.381692 -0.39359112 0.56036619 -0.72874945 -32.77024 0.54569996 0.78037335 0.30533428 103.77398
0.74160567 -0.27722455 -0.6108744 -87.299526 -0.40469559 0.54136565 -0.73698352 -33.733076 0.53501639 0.79376935 0.28928828 104.04455
0.74341898 -0.27688367 -0.60882149 -88.214875 -0.41554318 0.52205746 -0.74483547 -34.703909 0.52407262 0.80671646 0.2730503 104.29414
0.75461827 -0.26765682 -0.59909186 -88.412495 -0.3977911 0.53950086 -0.74209236 -35.35318 0.52183669 0.79830988 0.30064571 104.73747
0.7656544 -0.25868919 -0.58894245 -88.598406 -0.38002352 0.55679778 -0.73861922 -35.992876 0.5189947 0.78933905 0.3280067 105.19939
0.77651759 -0.24998871 -0.57838226 -88.77238 -0.36225615 0.57393293 -0.73441914 -36.622474 0.51554916 0.77981193 0.35510907 105.67948
0.78191856 -0.26359719 -0.56490694 -89.187077 -0.33934472 0.58018032 -0.74042958 -37.383326 0.52292309 0.77065383 0.36420344 106.13444
0.78684551 -0.27729796 -0.55134377 -89.588114 -0.31622644 0.58602442 -0.74604036 -38.145502 0.52997643 0.761368 0.37342174 106.59932
0.79129544 -0.29108268 -0.53770101 -89.9755 -0.29291539 0.59146169 -0.75124806 -38.908589 0.53670489 0.75196007 0.38275834 107.07417
0.79526564 -0.30494296 -0.52398695 -90.349248 -0.26942575 0.5964888 -0.75604951 -39.672171 0.54310437 0.74243579 0.39220756 107.55905
0.7987537 -0.31887038 -0.51020994 -90.709383 -0.24577181 0.60110271 -0.76044181 -40.435835 0.54917099 0.73280094 0.40176367 108.054
0.80175749 -0.33285645 -0.49637836 -91.055937 -0.22196797 0.60530061 -0.76442226 -41.199165 0.55490105 0.72306138 0.41142083 108.55906
0.8042752 -0.34689266 -0.48250064 -91.388948 -0.19802871 0.60907993 -0.76798845 -41.961746 0.56029106 0.71322305 0.42117318 109.07426
0.80630527 -0.36097047 -0.46858521 -91.708467 -0.1739686 0.61243839 -0.77113821 -42.723166 0.56533774 0.70329193 0.43101478 109.59962
0.80784649 -0.37508133 -0.45464054 -92.014548 -0.14980228 0.61537393 -0.77386962 -43.483009 0.57003803 0.69327406 0.44093964 110.13516
0.80889791 -0.38921663 -0.44067511 -92.307257 -0.12554445 0.61788478 -0.77618103 -44.240865 0.57438906 0.68317554 0.45094172 110.6809
0.80976435 -0.37661676 -0.44993497 -93.403486 -0.14703909 0.61210102 -0.77698896 -45.177074 0.56803277 0.695336 0.4402802 110.86474
0.81027986 -0.36404445 -0.45925826 -94.51259 -0.1684353 0.60592986 -0.77748219 -46.099912 0.56131642 0.70733347 0.42965483 111.0387
0.81044417 -0.35150627 -0.46864013 -95.634417 -0.18972191 0.59937451 -0.77766046 -47.009028 0.55424352 0.7191617 0.41907113 111.20306
0.81025718 -0.33900875 -0.47807567 -96.768809 -0.21088782 0.59243839 -0.77752368 -47.904076 0.54681775 0.73081449 0.40853465 111.35813
0.809719 -0.3265584 -0.48755996 -97.915602 -0.23192199 0.58512513 -0.77707192 -48.78472 0.539043 0.74228579 0.39805086 111.5042
0.80882991 -0.31416174 -0.49708806 -99.074624 -0.25281345 0.57743853 -0.77630541 -49.65063 0.5309233 0.7535696 0.38762524 111.64158
0.80759038 -0.30182522 -0.506655 -100.2457 -0.27355129 0.56938261 -0.77522457 -50.501483 0.52246291 0.76466005 0.37726324 111.77057
0.80600104 -0.28955528 -0.51625578 -101.42864 -0.29412471 0.56096157 -0.77382994 -51.336967 0.51366624 0.77555133 0.36697025 111.89149
0.80406273 -0.27735832 -0.5258854 -102.62325 -0.31452296 0.5521798 -0.77212226 -52.156775 0.50453787 0.78623778 0.35675164 112.00466
0.80177646 -0.2652407 -0.53553884 -103.82935 -0.3347354 0.54304188 -0.77010241 -52.960609 0.49508256 0.79671381 0.34661275 112.1104
0.79914343 -0.25320874 -0.54521105 -105.04673 -0.3547515 0.53355258 -0.76777146 -53.748179 0.48530525 0.80697397 0.33655886 112.20903
0.796165 -0.24126873 -0.55489699 -106.27518 -0.37456081 0.52371685 -0.76513062 -54.519205 0.47521104 0.81701289 0.32659522 112.30089
0.79284272 -0.22942689 -0.56459161 -107.51448 -0.39415299 0.51353983 -0.76218126 -55.273414 0.46480519 0.82682535 0.31672702 112.3863
0.78917834 -0.21768939 -0.57428986 -108.76443 -0.41351783 0.50302681 -0.75892492 -56.010542 0.45409313 0.83640622 0.30695942 112.4656
0.78517377 -0.20606236 -0.58398666 -110.02478 -0.43264522 0.49218328 -0.75536331 -56.730334 0.44308046 0.84575051 0.29729751 112.53913
0.78083109 -0.19455187 -0.59367698 -111.29532 -0.45152519 0.48101491 -0.75149828 -57.432546 0.43177291 0.85485334 0.28774633 112.60724
0.77615256 -0.18316391 -0.60335574 -112.5758 -0.47014789 0.46952752 -0.74733184 -58.11694 0.42017638 0.86370997 0.27831086 112.67027
0.77114064 -0.17190444 -0.6130179 -113.86599 -0.48850359 0.45772709 -0.74286618 -58.783288 0.40829693 0.87231576 0.26899602 112.72856
0.76579793 -0.16077932 -0.62265842 -115.16564 -0.50658274 0.44561979 -0.73810361 -59.431375 0.39614074 0.88066624 0.25980668 112.78247
0.76012722 -0.14979436 -0.63227227 -116.47449 -0.52437589 0.43321193 -0.73304663 -60.06099 0.38371417 0.88875705 0.25074763 112.83235
0.75413147 -0.13895529 -0.64185444 -117.7923 -0.54187376 0.42050998 -0.72769787 -60.671935 0.3710237 0.89658396 0.24182358 112.87856
0.7478138 -0.12826776 -0.65139992 -119.11879 -0.55906723 0.40752058 -0.72206012 -61.264022 0.35807594 0.9041429 0.23303921 112.92144
0.74117752 -0.11773735 -0.66090375 -120.45372 -0.57594733 0.39425049 -0.71613633 -61.837071 0.34487764 0.91142991 0.22439909 112.96137
0.73422608 -0.10736954 -0.67036095 -121.7968 -0.59250524 0.38070663 -0.70992958 -62.390914 0.3314357 0.91844121 0.21590772 112.99869
0.72696312 -0.097169761 -0.6797666 -123.14777 -0.60873234 0.36689609 -0.70344311 -62.92539 0.31775713 0.92517313 0.20756955 113.03377
0.71939241 -0.087143319 -0.68911578 -124.50634 -0.62462016 0.35282605 -0.69668031 -63.440351 0.30384906 0.93162215 0.19938891 113.06698
0.71151791 -0.077295447 -0.69840363 -125.87223 -0.64016041 0.33850386 -0.6896447 -63.935659 0.28971874 0.93778493 0.19137007 113.09867
0.70334373 -0.067631284 -0.7076253 -127.24517 -0.65534498 0.32393698 -0.68233995 -64.411183 0.27537356 0.94365823 0.18351722 113.12921
0.69487412 -0.058155869 -0.71677598 -128.62485 -0.67016595 0.30913303 -0.67476988 -64.866808 0.26082098 0.949239 0.17583446 113.15897
0.68611352 -0.048874148 -0.72585089 -130.01099 -0.68461559 0.29409972 -0.66693843 -65.302423 0.24606861 0.95452433 0.16832579 113.1883
0.69100071 -0.053402542 -0.72087873 -130.48737 -0.67375681 0.31368433 -0.66906945 -65.815239 0.26185839 0.94802443 0.18077577 113.34303
0.69576488 -0.058072496 -0.71591813 -130.96 -0.66252977 0.33309103 -0.67089842 -66.328505 0.27742667 0.94110465 0.19327828 113.5075
0.7004036 -0.062881623 -0.71097162 -131.42888 -0.65094023 0.35230991 -0.6724244 -66.841986 0.29276551 0.93376852 0.20582695 113.68173
0.7049145 -0.067827468 -0.70604174 -131.89403 -0.6389941 0.37133114 -0.6736466 -67.355447 0.30786705 0.92601978 0.21841536 113.86572
0.71321314 -0.062296049 -0.69817346 -132.47011 -0.6414877 0.34345796 -0.68595202 -68.104414 0.28252535 0.9370997 0.20499658 114.04359
0.71330648 -0.052362947 -0.69889337 -133.26825 -0.64735792 0.33288636 -0.6856489 -69.008208 0.26855469 0.94151198 0.20355243 114.2034
0.73538412 -0.059027373 -0.67507476 -133.67702 -0.62142978 0.33854714 -0.70654857 -69.258636 0.27025036 0.93909617 0.21228082 114.28299
0.74074183 -0.055996775 -0.66945192 -134.288 -0.61710893 0.33708518 -0.71102051 -69.89901 0.2654772 0.9398074 0.21513699 114.43481
0.74844595 -0.06062222 -0.66041923 -134.89372 -0.60759427 0.33645293 -0.71946414 -70.424555 0.26581552 0.93974698 0.21498312 114.59302
0.75602816 -0.065239216 -0.65127969 -135.49275 -0.59798221 0.33576182 -0.72779206 -70.957754 0.26615546 0.93968498 0.2148335 114.75107
0.76271916 -0.056876902 -0.64422392 -136.01975 -0.59264196 0.33732012 -0.73143056 -71.729858 0.25891122 0.93967025 0.22357288 114.96208
0.76929501 -0.048525303 -0.63704823 -136.53946 -0.58727487 0.33893108 -0.73500609 -72.504825 0.25158186 0.93955896 0.2322403 115.18054
0.76667398 -0.048721333 -0.64018528 -137.15747 -0.5898048 0.34049452 -0.73225255 -73.063101 0.25365592 0.93898335 0.23231221 115.35071
0.76404016 -0.048910549 -0.64331202 -137.77785 -0.59232176 0.34205783 -0.72948707 -73.618788 0.25572955 0.93840514 0.23237514 115.52073
0.76139358 -0.049092948 -0.64642839 -138.4006 -0.59482569 0.343621 -0.72670972 -74.171878 0.25780271 0.93782435 0.23242907 115.69059
0.7805685 -0.043323286 -0.62356705 -138.91634 -0.57424451 0.34433257 -0.74275052 -75.196894 0.24689286 0.93784764 0.243897 116.02717
0.78317171 -0.041566163 -0.62041462 -139.49591 -0.57135786 0.3455744 -0.74439811 -75.952419 0.2453412 0.93747032 0.24689494 116.2407
0.78786654 -0.041191712 -0.61446687 -140.02393 -0.56526985 0.34761047 -0.74808888 -76.638912 0.2444102 0.9367338 0.25058623 116.46615
0.79472596 -0.043066069 -0.60543863 -140.63918 -0.55623004 0.34756487 -0.75485549 -77.327277 0.24293787 0.93666643 0.25226418 116.68919
0.79821472 -0.045878067 -0.60062338 -141.20427 -0.5505973 0.34886169 -0.75837863 -78.080842 0.24432745 0.93605061 0.2532062 116.91383
0.80501658 -0.047438747 -0.59135255 -141.8149 -0.5414463 0.34862749 -0.76504561 -78.862724 0.24245458 0.93606007 0.25496538 117.16765
0.8122397 -0.048493913 -0.58130455 -142.34843 -0.53197386 0.34725625 -0.77228033 -79.627282 0.23931255 0.93651559 0.25625782 117.40701
0.82035915 -0.047021518 -0.56991212 -142.93539 -0.52189413 0.34580844 -0.77977115 -80.388725 0.23374646 0.9371262 0.25914686 117.64377
0.82831598 -0.045527207 -0.55840835 -143.51122 -0.51170801 0.34437878 -0.78712018 -81.157713 0.22813939 0.93772626 0.26195781 117.88346
0.84098764 -0.039443467 -0.53961466 -144.12031 -0.49506962 0.34626164 -0.79687449 -82.008748 0.21827937 0.93730844 0.2716745 118.16994
0.85320336 -0.033403169 -0.52050767 -144.70904 -0.47822143 0.34825935 -0.80623799 -82.870421 0.20820258 0.9368029 0.28116194 118.467
0.86284754 -0.03503625 -0.50424851 -145.21734 -0.46286085 0.34609631 -0.81607425 -83.746627 0.20311075 0.93754457 0.28241144 118.73114
0.87501486 -0.032847312 -0.48298036 -145.77435 -0.44338257 0.3461073 -0.82681415 -84.677487 0.19432167 0.93761976 0.2882851 119.03638
0.88573761 -0.031037258 -0.46314745 -146.28619 -0.42447766 0.34962351 -0.83521382 -85.544981 0.18785 0.93637605 0.29650007 119.32956
0.89573348 -0.028772044 -0.44365943 -146.77994 -0.40635855 0.3518707 -0.84324358 -86.519622 0.18037261 0.93560633 0.3034906 119.66153
0.90576772 -0.026635101 -0.42293662 -147.27565 -0.38698209 0.35476567 -0.85110879 -87.49564 0.17271278 0.93457579 0.31102799 119.99249
0.91600027 -0.023949218 -0.40046214 -147.74574 -0.36635889 0.35682893 -0.85933363 -88.503885 0.16347686 0.93386271 0.31808138 120.34706
0.92457002 -0.022433466 -0.38035117 -148.22196 -0.34794383 0.35707148 -0.86685353 -89.476094 0.1552591 0.93380764 0.322332 120.68999
0.93269589 -0.020923408 -0.36005636 -148.67558 -0.32936904 0.35734406 -0.87396868 -90.457285 0.14695042 0.93373843 0.32640181 121.03795
0.94006501 -0.022961822 -0.34022128 -149.07292 -0.31043778 0.35518886 -0.88174217 -91.532954 0.14108923 0.93451252 0.3267724 121.42183
0.94701141 -0.024951237 -0.32022931 -149.44597 -0.29134909 0.35299095 -0.88910803 -92.61722 0.13522241 0.93529399 0.32701694 121.80591
0.95327655 -0.022593605 -0.30125295 -149.78507 -0.27353039 0.35874842 -0.89245767 -93.595233 0.12823786 0.93316082 0.33580642 122.1515
0.95891781 -0.022333819 -0.28280353 -150.18291 -0.25620081 0.35987532 -0.89713482 -94.714953 0.12181047 0.93273306 0.33936891 122.54937
0.96395452 -0.020217119 -0.26529785 -150.45846 -0.24045373 0.36066292 -0.90116827 -95.774952 0.11390213 0.9324771 0.34280137 122.93889
0.9686673 -0.018115743 -0.24770036 -150.71344 -0.22463717 0.36148443 -0.90491278 -96.838782 0.105933 0.93220215 0.34608868 123.33197
0.97310693 -0.016910906 -0.22973226 -151.05002 -0.20837221 0.36054399 -0.90916942 -97.986652 0.098203472 0.93258891 0.34732409 123.74473
0.97721182 -0.015687435 -0.21168601 -151.364 -0.19203001 0.35962371 -0.9131239 -99.140282 0.090451885 0.93296555 0.34841608 124.15922
0.98098054 -0.014445752 -0.1935678 -151.65529 -0.1756162 0.35872391 -0.91677483 -100.29929 0.082680907 0.93333193 0.34936426 124.57528
0.98441181 -0.013186284 -0.1753839 -151.92378 -0.15913642 0.3578449 -0.92012098 -101.4633 0.074893215 0.93368794 0.35016833 124.99272
0.98750444 -0.011909466 -0.15714055 -152.16939 -0.14259637 0.35698698 -0.92316117 -102.63192 0.067091493 0.93403344 0.35082798 125.41136
0.99139243 -0.016297851 -0.12990543 -152.24747 -0.11586083 0.35285333 -0.92847767 -103.92231 0.060969759 0.9355367 0.34792784 125.89634
0.99334113 -0.016007665 -0.11409271 -152.40809 -0.10143079 0.34812594 -0.93194426 -105.14511 0.054636889 0.9373111 0.34418415 126.33355
0.99534856 -0.015105435 -0.095147669 -152.50909 -0.084243826 0.34264541 -0.93568001 -106.36447 0.046735769 0.93934337 0.33977908 126.75882
0.99699499 -0.014092019 -0.076173456 -152.5855 -0.066981149 0.33717053 -0.93905779 -107.58773 0.038916667 0.94133812 0.33521343 127.17798
0.99801764 -0.012859802 -0.06160687 -152.46134 -0.053760688 0.33472404 -0.94078137 -108.7303 0.032719564 0.94222845 0.33336915 127.58005
0.99912673 -0.011305885 -0.040223869 -152.7931 -0.034188473 0.33220602 -0.94258702 -110.16887 0.024019393 0.9431391 0.33152938 128.06161
0.99977577 -0.0096949732 -0.01882618 -153.09236 -0.014577971 0.32971694 -0.94396727 -111.61481 0.015359048 0.94403006 0.32950167 128.5424
0.99996446 -0.0080278188 0.0025762129 -153.35898 0.0050616666 0.32725797 -0.94492147 -113.06748 0.0067425714 0.94490094 0.32728697 129.02212
0.99969272 -0.0063051997 0.023973319 -153.59285 0.024721273 0.32483025 -0.94544918 -114.52624 -0.0018260148 0.94575133 0.32488631 129.50046
0.99896066 -0.0045279201 0.045355152 -153.79386 0.044391672 0.32243492 -0.94555015 -115.99042 -0.010342712 0.94658081 0.32230081 129.97715
0.99791391 -0.0096283714 0.063836645 -152.84161 0.063512115 0.32374233 -0.94401117 -117.09644 -0.011577336 0.9460963 0.32367849 130.37343
0.99649948 -0.014753493 0.082286805 -151.86788 0.082607067 0.324951 -0.94211618 -118.1834 -0.012839678 0.94561578 0.32503225 130.77027
0.99471789 -0.019901382 0.10069879 -150.87304 0.10166944 0.3260605 -0.93986587 -119.25089 -0.014129268 0.94513941 0.32636157 131.16761
0.99218835 -0.0029038819 0.12471507 -150.58472 0.11908855 0.31977407 -0.93998002 -120.81766 -0.03715106 0.94748938 0.31762193 131.66682
0.98880767 0.014251136 0.14851364 -150.25748 0.13660386 0.31377055 -0.93962089 -122.38225 -0.059989878 0.94939189 0.30831197 132.14861
0.98457894 0.031548 0.17207275 -149.89181 0.15419937 0.30805541 -0.93878879 -123.94385 -0.08262486 0.95084521 0.29844019 132.61207
0.97950603 0.04897091 0.19537089 -149.48821 0.17185902 0.30263387 -0.93748451 -125.5017 -0.10503533 0.951848 0.28801561 133.0563
0.97359357 0.066503951 0.21838677 -149.04721 0.18956666 0.29751089 -0.93570922 -127.05501 -0.12720082 0.95239934 0.27704776 133.48043
0.96684696 0.084131107 0.24109937 -148.56941 0.20730613 0.29269114 -0.93346454 -128.60299 -0.14910107 0.95249875 0.26554665 133.88362
0.95927236 0.10183627 0.26348794 -148.0554 0.22506122 0.28817903 -0.93075253 -130.14489 -0.17071609 0.95214612 0.25352279 134.26502
0.9508767 0.11960328 0.28553203 -147.50583 0.24281571 0.28397868 -0.92757567 -131.67994 -0.19202612 0.95134178 0.24098716 134.62381
0.94166765 0.1374159 0.3072115 -146.92138 0.26055339 0.28009393 -0.92393685 -133.20737 -0.21301171 0.95008646 0.22795121 134.95921
0.9316536 0.15525785 0.32850655 -146.30274 0.27825804 0.27652832 -0.91983941 -134.72643 -0.23365368 0.94838131 0.21442686 135.27044
0.92084372 0.17311285 0.34939773 -145.65067 0.2959135 0.27328511 -0.91528708 -136.23638 -0.25393317 0.94622788 0.20042645 135.55675
0.90924788 0.19096457 0.36986594 -144.96592 0.31350363 0.27036727 -0.91028402 -137.73648 -0.27383167 0.94362815 0.18596278 135.81741
0.90568479 0.16651365 0.38988236 -144.7024 0.33974501 0.26502397 -0.90240546 -138.94443 -0.25359102 0.9497555 0.183456 136.22165
0.88797051 0.14991967 0.43477861 -144.00965 0.38687475 0.26766596 -0.88243009 -139.61595 -0.24866908 0.95177678 0.17967935 136.23641
0.86786403 0.13320661 0.47861049 -143.28364 0.43301226 0.26944796 -0.86017334 -140.2514 -0.24354141 0.95375773 0.17616409 136.2497
0.84541838 0.11641855 0.52126237 -142.52626 0.47803586 0.27036526 -0.83569393 -140.84913 -0.23822154 0.95569313 0.17291951 136.26184
0.82069274 0.099599779 0.56262179 -141.73945 0.52182682 0.27041545 -0.8090564 -141.40758 -0.23272348 0.95757788 0.16995416 136.27313
0.79375233 0.082794638 0.60257966 -140.92527 0.56426963 0.26959839 -0.78033102 -141.92531 -0.22706175 0.95940699 0.16727585 136.28391
0.7646682 0.066047453 0.64103061 -140.0858 0.60525238 0.26791625 -0.74959353 -142.40096 -0.22125128 0.96117565 0.16489166 136.29447
0.73351705 0.049402391 0.67787322 -139.22324 0.64466696 0.26537345 -0.716925 -142.83331 -0.21530738 0.9628792 0.16280786 136.30516
0.70038104 0.032903349 0.71301032 -138.33982 0.68240944 0.26197671 -0.68241159 -143.22125 -0.20924574 0.96451314 0.16102996 136.31628
0.66534756 0.016593842 0.74634926 -137.43782 0.71838028 0.25773498 -0.64614432 -143.56375 -0.20308235 0.96607316 0.15956265 136.32816
0.628509 0.00051688181 0.77780211 -136.51958 0.7524846 0.25265944 -0.60821884 -143.85996 -0.19683344 0.96755514 0.15840979 136.34111
0.58996251 -0.015285131 0.80728591 -135.5875 0.78463247 0.24676349 -0.56873517 -144.1091 -0.19051552 0.96895519 0.15757442 136.35545
0.54980976 -0.030770523 0.83472292 -134.64398 0.81473911 0.24006267 -0.52779744 -144.31054 -0.18414523 0.9702696 0.15705875 136.37148
0.50815664 -0.045898453 0.86004076 -133.69149 0.8427251 0.23257466 -0.48551362 -144.46377 -0.17773938 0.97149492 0.15686414 136.38952
0.465113 -0.060629024 0.88317267 -132.73248 0.86851665 0.2243192 -0.44199521 -144.56841 -0.17131487 0.9726279 0.15699109 136.40986
0.42079236 -0.074923388 0.90405764 -131.76946 0.89204573 0.21531807 -0.397357 -144.6242 -0.16488863 0.97366557 0.15743929 136.4328
0.3753116 -0.088743846 0.92264059 -130.80491 0.9132503 0.205595 -0.35171671 -144.63103 -0.15847761 0.97460517 0.15820753 136.45862
0.32879069 -0.10205395 0.93887252 -129.84136 0.93207442 0.19517564 -0.3051947 -144.58889 -0.15209873 0.97544425 0.15929381 136.48761
0.28135229 -0.11481859 0.95271061 -128.88129 0.94846845 0.18408746 -0.25791367 -144.49791 -0.14576881 0.97618057 0.16069524 136.52003
0.23312154 -0.12700412 0.96411837 -127.92721 0.96238916 0.17235972 -0.20999831 -144.35836 -0.13950453 0.97681221 0.16240815 136.55615
0.18422561 -0.13857838 0.97306571 -126.98158 0.97379983 0.16002333 -0.16157499 -144.17062 -0.13332242 0.9773375 0.164428 136.59623
0.13479347 -0.14951086 0.97952904 -126.04687 0.98267038 0.14711083 -0.11277141 -143.93522 -0.12723879 0.97775504 0.16674948 136.6405
0.084955491 -0.15977273 0.98349131 -125.1255 0.9889774 0.13365629 -0.063716295 -143.6528 -0.12126968 0.97806375 0.16936645 136.6892
0.11717724 -0.14837505 0.98196449 -124.32445 0.98277584 0.15960361 -0.093157905 -143.33788 -0.14290278 0.97596698 0.16452132 136.80068
0.14902142 -0.13612977 0.97941882 -123.51254 0.97503822 0.18510283 -0.12262738 -143.04779 -0.16459998 0.9732449 0.16031601 136.90038
0.18043638 -0.12305676 0.97585842 -122.69069 0.96577708 0.21011259 -0.1520769 -142.78313 -0.18632607 0.96990193 0.15675736 136.98876
0.22450751 -0.10175087 0.96914553 -121.85177 0.9544243 0.22365702 -0.19761543 -143.43427 -0.19664868 0.96934221 0.14732618 137.12829
