1.000000000000000000e+00 4.398956837314658088e-19 2.733407509747682871e-20 -8.673617379884035472e-19 -5.583667658079949532e-19 1.000000000000000000e+00 -6.100159232558060012e-19 0.000000000000000000e+00 4.145284534913582806e-20 -2.210423569125054137e-19 1.000000000000000222e+00 0.000000000000000000e+00
9.999427958808021488e-01 -1.431150873351921555e-03 1.059984852891754196e-02 6.780367413294817458e-02 1.425313706886468515e-03 9.999988284342616884e-01 5.582187750055464743e-04 -6.805711454525326110e-03 -1.060063518868156057e-02 -5.430787273655289255e-04 9.999436642062686786e-01 2.874321281481674872e-01
9.998549047136625623e-01 -2.785043197875575367e-03 1.680515034816623676e-02 8.567651788033248117e-02 2.769657182712842274e-03 9.999957238532384274e-01 9.387593211965658199e-04 -7.509352617612652381e-03 -1.680769326204346881e-02 -8.920785969534822304e-04 9.998583427788384492e-01 5.397163600788337234e-01
9.997907803258796466e-01 -6.355807136876367655e-03 1.944220469020975853e-02 7.491462065608905929e-02 6.376072725630045623e-03 9.999791919002435359e-01 -9.805365132682087020e-04 -1.131097141252997151e-02 -1.943556837076828095e-02 1.104296309402045054e-03 9.998105016406046985e-01 9.270212664075005993e-01
9.998255634496212574e-01 -6.999185770636293276e-03 1.731629587682300894e-02 8.163599375216491760e-02 7.028437703134886479e-03 9.999739733870334213e-01 -1.628987323355674628e-03 -1.543204250549985723e-02 -1.730444390788675110e-02 1.750409712271555401e-03 9.998487346931445030e-01 1.186974719497952080e+00
9.998906676616755584e-01 -1.058093770840382204e-02 1.032940035273106384e-02 7.827966076480964708e-02 1.061740184832903229e-02 9.999375723472109234e-01 -3.481690422274430659e-03 -1.593485069976044444e-02 -1.029191614340828689e-02 3.590981205271701147e-03 9.999405888866067516e-01 1.543923302851670787e+00
9.999362910752517264e-01 -1.116819083838670179e-02 -1.638695019571382401e-03 6.131957725565244377e-02 1.116036990902730813e-02 9.999266440513626675e-01 -4.706659191794766023e-03 -2.726789280097770274e-02 1.691139705763488156e-03 4.688070942369379490e-03 9.999875809423636186e-01 1.843961823118885679e+00
9.997850152593885653e-01 -1.100117016291490141e-02 -1.757548028179195879e-02 2.809257182004193734e-02 1.091348139590013998e-02 9.999275552278771295e-01 -5.077420737901116102e-03 -3.528012094443540303e-02 1.763006490157971451e-02 4.884519529156183641e-03 9.998326471513637737e-01 2.161554277307107697e+00
9.993128901544209297e-01 -6.587123690529305027e-03 -3.647406352823352738e-02 -5.938308618249905045e-03 6.398567628905138874e-03 9.999655686925659204e-01 -5.283914358885232962e-03 -3.742076984959573360e-02 3.650761410412614594e-02 5.046901984419163711e-03 9.993206307116478948e-01 2.501443166542595797e+00
9.984020698821128859e-01 -4.019026234508095430e-03 -5.636625015419152035e-02 -6.384803491913124129e-02 3.679103360675205821e-03 9.999744243968132773e-01 -6.133086086035892219e-03 -5.232910386618147558e-02 5.638945855850716754e-02 5.915908587878892372e-03 9.983913216377821032e-01 2.863744920130285365e+00
9.971159264550647494e-01 -3.155861169051242879e-03 -7.582789427311864561e-02 -1.030582539998745606e-01 2.682628410454066838e-03 9.999762914596460606e-01 -6.341925532511501901e-03 -5.484302919163816514e-02 7.584611204883008606e-02 6.120216877969324350e-03 9.971007523999025901e-01 3.211439631363293579e+00
9.952798184438319540e-01 -3.624254074774938775e-03 -9.697910851786077646e-02 -1.438619551278320641e-01 3.062418606710302568e-03 9.999776593228877353e-01 -5.941585874630813183e-03 -6.244520864606367683e-02 9.699847743036534020e-02 5.616549849097545073e-03 9.952686823368703806e-01 3.596941478233071088e+00
9.931926704426915498e-01 -4.463588981331947231e-03 -1.163975745594400119e-01 -2.170351810263432824e-01 3.879892734089840367e-03 9.999787401436986967e-01 -5.240771580373553874e-03 -7.422156257630078968e-02 1.164184946257943443e-01 4.753485757114322627e-03 9.931888737181145954e-01 3.984137984639958052e+00
9.910156830018229668e-01 -4.362838509966491737e-03 -1.336745345862851431e-01 -3.013865852295312120e-01 3.765462629898024601e-03 9.999817648252379287e-01 -4.721366549690593668e-03 -8.212479896131485990e-02 1.336926978789972631e-01 4.175601750076210483e-03 9.910140399498158503e-01 4.376258375879730878e+00
9.887434789369169419e-01 -3.586625945180878412e-03 -1.495776333056372254e-01 -3.762091224706458625e-01 2.990121575310442613e-03 9.999866563779511441e-01 -4.212627951247483599e-03 -8.701956514037900714e-02 1.495907491059622896e-01 3.717953006917632235e-03 9.887410101744775748e-01 4.806347071396182002e+00
9.866124191555869505e-01 -2.886565696475837297e-03 -1.630570496030986638e-01 -4.557312686784721345e-01 2.236901725259417099e-03 9.999888130674461362e-01 -4.167734065104257250e-03 -8.915894597457589554e-02 1.630672587533270046e-01 3.747195479795051385e-03 9.866078391809377512e-01 5.214176512287505005e+00
9.844584934350474326e-01 -3.488164985313568344e-03 -1.755827629302335879e-01 -5.399748195382587657e-01 2.635401722645456385e-03 9.999835746534297964e-01 -5.089703046612863852e-03 -9.470751832898349765e-02 1.755976356829756779e-01 4.547870160819304786e-03 9.844515163246859712e-01 5.649814180936575170e+00
9.827138268189666848e-01 -6.597697120575251629e-03 -1.850135241945926323e-01 -6.459350241724965969e-01 5.426017682884390521e-03 9.999618955916531604e-01 -6.838544290170395744e-03 -1.068282653060318582e-01 1.850515962071220544e-01 5.716445263180915982e-03 9.827121805697830448e-01 6.101182396913861439e+00
9.811545917844057829e-01 -5.967052315955400331e-03 -1.931322355418343961e-01 -7.444865607490418480e-01 4.417779534033578794e-03 9.999545266807841060e-01 -8.451496178255111374e-03 -1.167982315451941422e-01 1.931738870362384453e-01 7.439008541012467890e-03 9.811363368196248658e-01 6.544927016714693124e+00
9.795472550025442482e-01 -5.949277129421139815e-03 -2.011262796150221355e-01 -8.335905442903110973e-01 3.914650779415531669e-03 9.999370806248826238e-01 -1.051238767749141864e-02 -1.169740041792929758e-01 2.011761694577079151e-01 9.510041253348580290e-03 9.795089121240816432e-01 7.021505678411198659e+00
9.779830719125439664e-01 -6.821744947016573045e-03 -2.085727063169053597e-01 -9.470998357492069752e-01 4.211078650079109510e-03 9.999071703024633440e-01 -1.295830188652724591e-02 -1.379711534256630734e-01 2.086417464081799511e-01 1.179468373765750304e-02 9.779210132346263240e-01 7.487543999669565409e+00
9.762156051049671879e-01 -1.011565718440792482e-02 -2.165658438842109901e-01 -1.066734896735860971e+00 7.088902516443897420e-03 9.998661067096086263e-01 -1.474842712736283527e-02 -1.496926228712727180e-01 2.166860409443199242e-01 1.286243048412487495e-02 9.761566055944395082e-01 8.015191645617555594e+00
9.743753133801491551e-01 -1.557599350578568048e-02 -2.243883596539296144e-01 -1.186079147295514113e+00 1.229197314269761011e-02 9.997960327192237928e-01 -1.602499093231271252e-02 -1.629845251137991002e-01 2.245922008032524841e-01 1.285617979515483664e-02 9.743680327030789234e-01 8.529718963744306492e+00
9.724352528852330257e-01 -1.648455592630461777e-02 -2.325896324737473930e-01 -1.319997799164769336e+00 1.256380484657365626e-02 9.997530795418875238e-01 -1.832841326394049966e-02 -1.779612001826195722e-01 2.328343411076524705e-01 1.490098437154481655e-02 9.724022477940459375e-01 9.026460230076370550e+00
9.702811144036580515e-01 -1.301571278674074593e-02 -2.416301904427727021e-01 -1.461281215733707839e+00 7.921621943641593902e-03 9.997256678764298021e-01 -2.204170775121264483e-02 -1.881278099567399442e-01 2.418507962272564427e-01 1.947254970880029495e-02 9.701180410162140166e-01 9.558634106492309712e+00
9.681755571768906332e-01 -1.011004387403757580e-02 -2.500677430059141115e-01 -1.624268421110631744e+00 3.965746360430773797e-03 9.996780274310671510e-01 -2.506220899055975476e-02 -2.015328666994049001e-01 2.502406123963538676e-01 2.327291290463701090e-02 9.679039254214696353e-01 1.010203150045640541e+01
9.658247370300253598e-01 -1.276113206757597401e-02 -2.588816898864487182e-01 -1.778142476509052772e+00 5.842250970975946568e-03 9.996053407864162743e-01 -2.747782311156315993e-02 -2.281610727765918389e-01 2.591301724360233205e-01 2.502630947957588600e-02 9.655181194932578315e-01 1.066579244209526678e+01
9.634821430089777206e-01 -1.474690051763507398e-02 -2.673662047681906184e-01 -1.942420731435322345e+00 7.275522093720668791e-03 9.995554375656772184e-01 -2.891356076699303293e-02 -2.635960349837313532e-01 2.676737338128966637e-01 2.591247076457407414e-02 9.631611068124932284e-01 1.122874984724566971e+01
9.613521072167222625e-01 -1.471458794972388580e-02 -2.749283637515181344e-01 -2.109548217009851623e+00 6.214156455439038239e-03 9.994760719044896158e-01 -3.176422415028593710e-02 -2.814771786353325034e-01 2.752517232670610992e-01 2.882815597925693710e-02 9.609398669697020168e-01 1.179338186430264734e+01
9.590397169553616097e-01 -1.391442339650622063e-02 -2.829296880479814091e-01 -2.290205571709535981e+00 4.111682745354772878e-03 9.993714207097827984e-01 -3.521161061143712051e-02 -2.989604153008438847e-01 2.832417984381954135e-01 3.260601600951766599e-02 9.584940965357787723e-01 1.239494825920824361e+01
9.566294545250634274e-01 -1.471935285488367058e-02 -2.909354319321996174e-01 -2.482006229679355691e+00 3.063700780279586533e-03 9.991757455139461674e-01 -4.047768893931985579e-02 -3.372642435078063716e-01 2.912914374920091420e-01 3.783081047370403377e-02 9.558860444990759930e-01 1.298139789712037206e+01
9.548995295228561719e-01 -1.651582341512447538e-02 -2.964694152867268784e-01 -2.686587326196346215e+00 2.546065652962592116e-03 9.988706162279527012e-01 -4.744480551695453435e-02 -3.735233485149896948e-01 2.969181826695095339e-01 4.455019202208886087e-02 9.538631322679710367e-01 1.360081265975572684e+01
9.536129517195790495e-01 -1.737062830802655125e-02 -3.005338544084600882e-01 -2.903955684611291499e+00 7.444025328300400918e-04 9.984668146044700654e-01 -5.534858607513313405e-02 -4.075253538753040305e-01 3.010345251709237169e-01 5.255741059977115520e-02 9.521638174197598614e-01 1.420928246505086356e+01
9.523423211137118649e-01 -1.686418109304758592e-02 -3.045647727901170665e-01 -3.114599028065373254e+00 -2.762945932169895251e-03 9.979526426595025645e-01 -6.389748915252206618e-02 -4.550176116601095111e-01 3.050188039179475008e-01 6.169377943455994079e-02 9.503459416661661496e-01 1.482791912861825701e+01
9.510016255386782857e-01 -1.612928347403494098e-02 -3.087648820697518337e-01 -3.342002140301938873e+00 -6.658774253148987132e-03 9.973383138912637058e-01 -7.260818376801492224e-02 -4.978015620300342836e-01 3.091141701347513426e-01 7.110649682179059905e-02 9.483629568837986801e-01 1.547376077740243439e+01
9.495327972059083299e-01 -1.485505168954827718e-02 -3.133158029455616056e-01 -3.552696469685819203e+00 -1.080390223624867058e-02 9.967363210863392498e-01 -7.999988689859111046e-02 -5.579668036251570484e-01 3.134816485722746182e-01 7.934755014202796164e-02 9.462733349350080925e-01 1.613692489000644059e+01
9.480917516346210050e-01 -1.388877479824114636e-02 -3.176934532978537007e-01 -3.805222453147389050e+00 -1.429082471063787205e-02 9.961754899899766258e-01 -8.619840747851940932e-02 -6.193005671484886898e-01 3.176756271915551766e-01 8.626410110133928000e-02 9.442672836219635490e-01 1.677408330786667179e+01
9.465259489424608930e-01 -1.296418081939679570e-02 -3.223671133767412877e-01 -4.053860590580539380e+00 -1.773668242575751966e-02 9.955902825849978210e-01 -9.211622711384731543e-02 -6.887200166149785030e-01 3.221397824144660027e-01 9.290812296697105455e-02 9.421220958566252079e-01 1.744266960927605936e+01
9.446727018506378970e-01 -1.124185839600472074e-02 -3.278217575454667188e-01 -4.284590589069434685e+00 -2.203664366205598801e-02 9.949794979934107886e-01 -9.762266585829956766e-02 -7.671164531802632247e-01 3.272733935086024060e-01 9.944555939880345141e-02 9.396822382670932949e-01 1.813527041511475346e+01
9.429048498955111546e-01 -7.706106304855848792e-03 -3.329730584010487382e-01 -4.542734277660471776e+00 -2.740872607893185889e-02 9.945460621509895072e-01 -1.006324598879297927e-01 -8.376806461383328184e-01 3.319325341132529639e-01 1.040132024948713929e-01 9.375510913351351450e-01 1.882517059150565331e+01
9.412990874192770363e-01 -7.191029813481317721e-03 -3.374971328872081178e-01 -4.817156104685730966e+00 -2.904068916314132831e-02 9.943416751051606939e-01 -1.021825401517487131e-01 -9.205318336621586273e-01 3.363222678692910361e-01 1.059854817987718884e-01 9.357640793490848985e-01 1.952219362476103370e+01
9.391197156545875169e-01 -7.189944713386709277e-03 -3.435148641313661155e-01 -5.117132352885218616e+00 -2.938910422651551044e-02 9.944360288969282813e-01 -1.011596015060399339e-01 -1.009805001761739707e+00 3.423308951192010618e-01 1.050965710080149912e-01 9.336831751196591478e-01 2.023731038186359044e+01
9.369852924057447963e-01 -6.998494834809011918e-03 -3.492986978567160228e-01 -5.397492447530058080e+00 -2.980437517187344357e-02 9.945533860529536252e-01 -9.987623093954715869e-02 -1.097717324475934397e+00 3.480951919077887591e-01 1.039931895344762131e-01 9.316733099464782342e-01 2.094964076350096605e+01
9.342603531642038606e-01 -6.738369603212438462e-03 -3.565279571403491277e-01 -5.648338647024257142e+00 -3.027452316036656835e-02 9.947127419348211763e-01 -9.813263615790568384e-02 -1.178552086255892917e+00 3.553041618465163642e-01 1.024751458342966215e-01 9.291166771290479964e-01 2.167819341006095968e+01
9.313620822751764727e-01 -5.695940420979594965e-03 -3.640497564907285155e-01 -5.959738857615798580e+00 -3.096797664121066565e-02 9.950150608296415289e-01 -9.479458397570666994e-02 -1.257944531247594089e+00 3.627749410848514766e-01 9.956196606586441289e-02 9.265429076894381444e-01 2.238907675469714320e+01
9.277939602417522025e-01 -3.288275935158408401e-03 -3.730784792634090907e-01 -6.281464494579346969e+00 -3.229751241750475343e-02 9.954994711363318594e-01 -8.909362309754238762e-02 -1.346483981725205670e+00 3.716923995576660311e-01 9.471003275910223895e-02 9.235121941148989322e-01 2.317602159314629517e+01
9.242963879175795094e-01 -7.943628829115731253e-04 -3.816746693895852194e-01 -6.599341097690970770e+00 -3.383054338811344181e-02 9.958913340229398337e-01 -8.399967369259321581e-02 -1.425932168232619590e+00 3.801732283767551568e-01 9.055285693223678878e-02 9.204718895844100635e-01 2.392569588338266584e+01
9.209067857028946369e-01 3.359902843302865153e-03 -3.897683927144123261e-01 -6.927410010149773534e+00 -3.747183134132940630e-02 9.960944466704482192e-01 -7.994820330012336607e-02 -1.487973907848108679e+00 3.879775199046908152e-01 8.823017885565896667e-02 9.174360373808502223e-01 2.464789337128028279e+01
9.170634708288809556e-01 4.150113063115407411e-03 -3.987196555975828782e-01 -7.268726974822686593e+00 -3.839918429484573403e-02 9.962175207174499558e-01 -7.794968959870353375e-02 -1.565752252301219061e+00 3.968880135210811622e-01 8.679532286694906229e-02 9.137540587473419462e-01 2.539295785276628337e+01
9.131009268142606938e-01 4.156383606484842855e-03 -4.077124213442678835e-01 -7.632605276293377372e+00 -3.901407625185396993e-02 9.962505644374951563e-01 -7.721861668078025542e-02 -1.645227430644689459e+00 4.058627866410465801e-01 8.641491437855887414e-02 9.098394717480949856e-01 2.616182495734075175e+01
9.091449958353027272e-01 4.450252739403661589e-03 -4.164559619650218258e-01 -7.986394468955715809e+00 -3.989873621142220328e-02 9.962744362974575996e-01 -7.645481333436715543e-02 -1.707846946524014475e+00 4.145641925989411725e-01 8.612457793493626113e-02 9.059354782649865490e-01 2.692072815566652366e+01
9.052366931322947119e-01 3.914530492142282922e-03 -4.248896353002661330e-01 -8.362221185616549590e+00 -3.935698612661137769e-02 9.964312856919138595e-01 -7.467074789421428160e-02 -1.787698417996116174e+00 4.230810319012062171e-01 8.431707676998252687e-02 9.021602266942522208e-01 2.770379541861076333e+01
9.014371909874383526e-01 5.328533521457618286e-03 -4.328771114693745203e-01 -8.752547926298936076e+00 -4.049446984823680540e-02 9.965779557889414830e-01 -7.205953099160403164e-02 -1.865050351311671850e+00 4.310118226098791916e-01 8.248627070522362992e-02 8.985682097967232496e-01 2.848505059880319834e+01
8.977135720148383680e-01 5.771833950751680160e-03 -4.405417399385491706e-01 -9.147524797470758529e+00 -3.965846703588698369e-02 9.969136211482093612e-01 -6.775277133271284669e-02 -1.937556202233441160e+00 4.387910110024663135e-01 7.829379275852275943e-02 8.951717905197330571e-01 2.927100652812012527e+01
8.939850773934902017e-01 7.487465916980642032e-03 -4.480341674488562131e-01 -9.576380719881129266e+00 -3.967159051114958757e-02 9.972566479984071863e-01 -6.249274354671224135e-02 -1.980670835060765356e+00 4.463371473859036320e-01 7.364180847186323209e-02 8.918296019375097083e-01 3.006188579880768330e+01
8.900990876327817825e-01 6.648319216767428416e-03 -4.557185643252081308e-01 -9.998548652479792409e+00 -3.716625575129640924e-02 9.976222848584267444e-01 -5.803831709628980151e-02 -2.060228169844191548e+00 4.542491459322483549e-01 6.859720602448562965e-02 8.882297793125502050e-01 3.088900176591089419e+01
8.862723206936913289e-01 6.413174405010921286e-03 -4.631201145123624019e-01 -1.041792113126059682e+01 -3.648009199082279108e-02 9.977643766972333905e-01 -5.599510287780960077e-02 -2.123639886137311805e+00 4.617256539599224330e-01 6.652157434679710490e-02 8.845249034696861523e-01 3.168638881244497441e+01
8.832315123838686555e-01 6.065731913678384241e-03 -4.688979612136436881e-01 -1.086550718732769560e+01 -3.595409886664396870e-02 9.978489412036022355e-01 -5.481599563165648337e-02 -2.196315766388730495e+00 4.675568430258271735e-01 6.527401855571077216e-02 8.815497180397157129e-01 3.250453653764736828e+01
8.799473367681428515e-01 5.420808263792552088e-03 -4.750403086576415190e-01 -1.130894509595789010e+01 -3.465982975819845158e-02 9.980026870354617996e-01 -5.281413573017545993e-02 -2.240637622236144821e+00 4.738052173279840296e-01 6.293847445468331303e-02 8.783776914899292798e-01 3.331779086932840528e+01
8.769258858432643633e-01 5.634778174931713221e-03 -4.805925877633264731e-01 -1.178550681189257077e+01 -3.476011994560148505e-02 9.980562863817552532e-01 -5.172410789989432406e-02 -2.299789004750912191e+00 4.793670077694087706e-01 6.206366527101672692e-02 8.754172592840471223e-01 3.418071077550877845e+01
8.743877501233739968e-01 3.713421567348528136e-03 -4.852136315649269727e-01 -1.227537110203038040e+01 -3.280285740778711434e-02 9.981354582941039943e-01 -5.147406628646819526e-02 -2.364360359975387293e+00 4.841177939262744090e-01 6.092468670105505302e-02 8.728792292031000155e-01 3.500751590154472126e+01
8.722156738290761657e-01 3.529752524017178757e-03 -4.891087347689583864e-01 -1.274393648973436299e+01 -3.296436266524897796e-02 9.981245977785088153e-01 -5.158137417756114562e-02 -2.429205964489339564e+00 4.880093980642867812e-01 6.111324087205586425e-02 8.706962753333011840e-01 3.584630909717062508e+01
8.708381919964592877e-01 3.511293145657479967e-03 -4.915572290084646023e-01 -1.325239839653216656e+01 -3.344703347876967769e-02 9.980802996076899580e-01 -5.212496087078540008e-02 -2.482959466018773043e+00 4.904305688152121867e-01 6.183353790359476937e-02 8.692838865945510252e-01 3.671237869015833155e+01
8.702369622449582787e-01 3.707923970766643408e-03 -4.926194028181439810e-01 -1.374815619319827142e+01 -3.328952064261179317e-02 9.981285774484207618e-01 -5.129474393790796338e-02 -2.541716977252205023e+00 4.915073151971153242e-01 6.103764603995422144e-02 8.687318168593434198e-01 3.759652070510166055e+01
8.702014548501064706e-01 2.789376986406831311e-03 -4.926881798291862236e-01 -1.427549104982146311e+01 -3.142135253077606161e-02 9.982625442013681738e-01 -4.984567690028199327e-02 -2.604523132229527249e+00 4.916931259650679231e-01 5.885670964044143610e-02 8.687771649637731075e-01 3.847855142161192532e+01
8.697132889665621924e-01 2.303036285377306480e-03 -4.935519083082677283e-01 -1.477023675205196973e+01 -3.063679858018453911e-02 9.983126287360257756e-01 -4.932830762621398524e-02 -2.658526652200222884e+00 4.926055065900817320e-01 5.802233515800602620e-02 8.683163180947937043e-01 3.936364948694372856e+01
8.694335373378178078e-01 1.269383560750004169e-03 -4.940482850756706124e-01 -1.529518543100432382e+01 -2.977844721219694360e-02 9.983132096863128746e-01 -4.983953751172027352e-02 -2.714850585484703149e+00 4.931516722053553847e-01 5.804415626550293861e-02 8.680047862218054355e-01 4.025716580803829459e+01
8.680136158659147450e-01 -1.189638760411721122e-05 -4.965403887455543952e-01 -1.580742207367661223e+01 -2.862016420352690022e-02 9.983362835049371942e-01 -5.005548209276936000e-02 -2.790287916630971310e+00 4.957148903156353703e-01 5.765990754999197193e-02 8.665691475040683267e-01 4.118945378934447632e+01
8.665865634418663532e-01 -1.437289198846319633e-03 -4.990247061466708267e-01 -1.635279534747011709e+01 -2.630687632459936462e-02 9.984738076355579306e-01 -4.855928097023288342e-02 -2.848016280424487068e+00 4.983329007543103595e-01 5.520860170808201961e-02 8.652261757457898605e-01 4.208431658636076378e+01
8.645028208302134587e-01 -1.941250825364294755e-03 -5.026242128471607451e-01 -1.689032101211072145e+01 -2.386962472531250351e-02 9.987057178651869149e-01 -4.491247220986051281e-02 -2.912353615498316284e+00 5.020608703244803239e-01 5.082441027259398253e-02 8.633375740403812504e-01 4.302461622193477808e+01
8.616813454508440717e-01 -9.999929674894077105e-04 -5.074487696751904808e-01 -1.744480081006897976e+01 -2.269385446302295620e-02 9.989216196202479470e-01 -4.050415862268291062e-02 -2.969944089368321993e+00 5.069420594836737681e-01 4.641764639760891792e-02 8.607294322025487165e-01 4.392179368498125314e+01
8.578995261198105737e-01 -2.590401205492413872e-03 -5.138109455029163941e-01 -1.800284490007917526e+01 -2.008747915973296827e-02 9.990537286649329163e-01 -3.857642359832227225e-02 -3.033769327809280547e+00 5.134246781947493510e-01 4.341586212497523800e-02 8.570356864722881163e-01 4.483096594875337360e+01
8.524256622952365303e-01 -5.415541219745967361e-03 -5.228203867704569463e-01 -1.855127114461170024e+01 -1.829001341648433393e-02 9.990254910440723446e-01 -4.016893930080044778e-02 -3.096937718786447302e+00 5.225284391721728428e-01 4.380342651407252014e-02 8.514959162566533291e-01 4.575942326981831343e+01
8.467153663400838193e-01 -8.830720893120572526e-03 -5.319728388289476362e-01 -1.912945307374729254e+01 -1.673463852612844943e-02 9.989255085866519668e-01 -4.321782264808299301e-02 -3.160341956496325988e+00 5.317828922740818198e-01 4.549556764785166185e-02 8.456577997649082912e-01 4.661241741413425643e+01
8.405589450572699128e-01 -9.227855948853239121e-03 -5.416414873809861641e-01 -1.973141195845980533e+01 -1.686766280095002013e-02 9.989242591787856895e-01 -4.319498121533761614e-02 -3.215956591463587699e+00 5.414574279176380678e-01 4.544415375022168441e-02 8.394990698760819159e-01 4.752704407757465788e+01
8.348501110818249416e-01 -5.404052088190248841e-03 -5.504507992214139334e-01 -2.032116469058063046e+01 -1.876078610694028453e-02 9.990915969502751626e-01 -3.826243381098039936e-02 -3.261994674512926906e+00 5.501575497062551889e-01 4.227028672457915776e-02 8.339903471938325819e-01 4.838588506268802547e+01
8.294395353794138392e-01 -2.071948687505614176e-03 -5.585926584979311604e-01 -2.091787217002026367e+01 -1.996691830970321810e-02 9.992441048245821467e-01 -3.335477753509723947e-02 -3.328060933612538630e+00 5.582395400172662780e-01 3.881914502168609671e-02 8.287711963827203432e-01 4.927333703043878899e+01
8.254506784402232400e-01 -1.009288719996823342e-03 -5.644733409372779676e-01 -2.153236974554609873e+01 -2.242920191159078480e-02 9.991500235131028917e-01 -3.458556719642935651e-02 -3.376444439927122509e+00 5.640284684179533992e-01 4.120936632006943351e-02 8.247264280163666417e-01 5.015823396509587440e+01
8.219759374936610463e-01 -3.288595901511539091e-03 -5.695127189532710466e-01 -2.215021879759604317e+01 -2.295235378469373533e-02 9.989796414386677981e-01 -3.889557158659317365e-02 -3.423840989473441621e+00 5.690595334004898698e-01 4.504288123803043553e-02 8.210617470826570008e-01 5.103148456011732037e+01
8.191377313209881050e-01 -5.386042788571392820e-03 -5.735715834318700912e-01 -2.276596716712808899e+01 -2.533750501205818406e-02 9.986400886786420683e-01 -4.556296926048843815e-02 -3.502492870545986126e+00 5.730369909145260898e-01 5.185522011145519972e-02 8.178873085551000566e-01 5.189047980881838384e+01
8.158019238772875603e-01 -6.170803841109301878e-03 -5.782984832534164843e-01 -2.339033210513530037e+01 -2.584678717640888704e-02 9.985549173297658676e-01 -4.711709576783997683e-02 -3.559296386350046859e+00 5.777535544432891301e-01 5.338537517579858283e-02 8.144635280023037049e-01 5.276398134670491658e+01
8.128309753825486705e-01 -4.725297122408063551e-03 -5.824804464465472842e-01 -2.401364187639598313e+01 -2.539209570337338379e-02 9.987291286637218768e-01 -4.353583673069352789e-02 -3.619041608922000108e+00 5.819459185336759433e-01 5.017767582114902869e-02 8.116779874056747612e-01 5.359573818006177959e+01
8.093217263407010975e-01 -3.142916218591458675e-03 -5.873571815461164913e-01 -2.466250427447765858e+01 -2.370282725981557106e-02 9.989963642604289262e-01 -3.800579190987257716e-02 -3.672226390574178989e+00 5.868871480240595018e-01 4.468093882334032985e-02 8.084349669469044208e-01 5.448477067594991752e+01
8.063104507753539041e-01 -1.333127149352174431e-03 -5.914910591181333777e-01 -2.531286219269657423e+01 -2.426706679391528107e-02 9.990809495965319309e-01 -3.533221857340452382e-02 -3.729660957543789568e+00 5.909945615517132600e-01 4.284248999268167046e-02 8.055370605667231398e-01 5.534549185031279706e+01
8.034134188960923018e-01 -7.922812737506644293e-04 -5.954210643055783958e-01 -2.595005545257998492e+01 -2.525543666848575897e-02 9.990538051491733018e-01 -3.540702451055684902e-02 -3.790705623387274681e+00 5.948857425398937915e-01 4.348409746607873050e-02 8.026332246739840137e-01 5.618571502944082852e+01
7.996758005560400395e-01 -1.968095072257048002e-03 -6.004287915256276698e-01 -2.661096543485261279e+01 -2.522329155811954549e-02 9.990017712437779807e-01 -3.686796255733629235e-02 -3.835898934480685529e+00 5.999019962380068849e-01 4.462720781899615768e-02 7.988279001746817487e-01 5.703828384286563846e+01
7.959549224913711196e-01 -4.298722263550948906e-03 -6.053406275253950808e-01 -2.726893147439962561e+01 -2.457901780271118733e-02 9.989206884046785140e-01 -3.941231034445350639e-02 -3.903656860052136413e+00 6.048567093699094288e-01 4.624910037597806250e-02 7.949901815838510410e-01 5.790975477060659671e+01
7.915239781737983815e-01 -4.808536930697064962e-03 -6.111191887094750141e-01 -2.791980747915475902e+01 -2.455613483177499987e-02 9.989112474969977784e-01 -3.966504647231117869e-02 -3.955287616447324961e+00 6.106445725310069017e-01 4.640256046122882144e-02 7.905441262289628623e-01 5.872828200851814984e+01
7.872338214177307947e-01 -5.151198173183238645e-03 -6.166330905121668593e-01 -2.860546618904779592e+01 -2.392598087979329671e-02 9.989569944755393172e-01 -3.889049590577355053e-02 -4.007243332494564214e+00 6.161902820677840342e-01 4.536946511502340518e-02 7.862894855807071037e-01 5.960023826479812215e+01
7.822831855758849429e-01 -4.984095335666895339e-03 -6.229030173009842963e-01 -2.928745664476482702e+01 -2.414877925226716418e-02 9.989736483565565539e-01 -3.832083499942486038e-02 -4.065958086522818427e+00 6.224547051933562170e-01 4.502009220189529676e-02 7.813599289903524481e-01 6.042851615800596932e+01
7.770338087776311742e-01 -5.636483747894472339e-03 -6.294336204301630433e-01 -2.997026009367488086e+01 -2.420318972286749498e-02 9.989528940276934943e-01 -3.882423426239919872e-02 -4.129475563945374184e+00 6.289933797382285530e-01 4.540204381772599412e-02 7.760837520249940225e-01 6.126819018425987196e+01
7.715923331736589397e-01 -6.905561106109387934e-03 -6.360798510621108459e-01 -3.067727008920989462e+01 -2.404674480835390649e-02 9.989097089574997534e-01 -4.001434066379638832e-02 -4.181721933953094883e+00 6.356626713332448331e-01 4.617040819448316180e-02 7.705850175825422754e-01 6.210699982076435788e+01
7.662750428151666737e-01 -8.252942714869577687e-03 -6.424596795652250947e-01 -3.137142743800989209e+01 -2.321259698981299399e-02 9.989091390296651607e-01 -4.051798793172461249e-02 -4.247284426014638292e+00 6.420932490811954718e-01 4.596108041982509274e-02 7.652475719380431585e-01 6.291550641684990097e+01
7.604799824134702568e-01 -9.315703932122951572e-03 -6.492945448921498830e-01 -3.207278643347404312e+01 -2.328456436254429385e-02 9.988628661093892358e-01 -4.160293032736243207e-02 -4.295591597706837739e+00 6.489437818317368434e-01 4.675673620552907306e-02 7.593983036468033854e-01 6.374999003876727954e+01
7.542075135968030475e-01 -1.192320728710252395e-02 -6.565278786292184643e-01 -3.280451987025561067e+01 -2.128396279692674684e-02 9.988658547321389580e-01 -4.259104617718017377e-02 -4.363215361056135499e+00 6.562911138325523419e-01 4.609600183332804996e-02 7.530983605264129910e-01 6.456689265195991823e+01
7.481374321845154496e-01 -1.265528461809831313e-02 -6.634231063448395860e-01 -3.357373425495081420e+01 -2.088730167261896101e-02 9.988734748782444051e-01 -4.260870626023001428e-02 -4.429259142493137347e+00 6.632149802923399395e-01 4.573428649112686734e-02 7.470303027472616764e-01 6.539863791590730102e+01
7.419476024324507257e-01 -1.270002690459988252e-02 -6.703375687642492142e-01 -3.430854397640953124e+01 -2.023598192283069044e-02 9.989408807906303700e-01 -4.132338025571182655e-02 -4.482047472712006986e+00 6.701524209692959477e-01 4.422472165131116628e-02 7.409047948917272253e-01 6.621645856387985418e+01
7.357188712784420437e-01 -1.342790276232640884e-02 -6.771539154785544135e-01 -3.506497934416282192e+01 -1.905877033511941751e-02 9.989970598510778954e-01 -4.051712866075585923e-02 -4.548776926748136162e+00 6.770188423738837669e-01 4.271493692577910117e-02 7.347250709113579692e-01 6.702056608994828935e+01
7.289832639184661289e-01 -1.481786630799185669e-02 -6.843711149447032627e-01 -3.582221685749279771e+01 -1.820117468768815694e-02 9.989926276689863327e-01 -4.101764417355817371e-02 -4.604841885969437776e+00 6.842895041935973532e-01 4.235753413728828021e-02 7.279792047276799627e-01 6.781670897019566269e+01
7.229118507383851533e-01 -1.631094308144266994e-02 -6.907477110004387466e-01 -3.661719481875097415e+01 -1.789501174679617584e-02 9.989439708190500644e-01 -4.231680219525334186e-02 -4.672613581290340434e+00 6.907085001301355165e-01 4.295225599102554803e-02 7.218565511717200955e-01 6.862175459723920312e+01
7.169609373667343855e-01 -1.551926115644160220e-02 -6.969405697243685749e-01 -3.740272698378630167e+01 -1.972577717031160499e-02 9.989002022765672839e-01 -4.253562788973119096e-02 -4.735190274871453830e+00 6.968342096119345408e-01 4.424407782521139199e-02 7.158662968421118933e-01 6.942118991922085058e+01
7.113459958610970357e-01 -1.537563651514162882e-02 -7.026737897054441406e-01 -3.821753236361107042e+01 -1.984966726728082387e-02 9.989224010597718140e-01 -4.195268053489664695e-02 -4.788391594659315409e+00 7.025616504625072922e-01 4.379071203082886277e-02 7.102742498786325243e-01 7.022254230414404219e+01
7.067074258014002242e-01 -1.513879287275975843e-02 -7.073439205350869896e-01 -3.902209056474352877e+01 -2.034208331554153079e-02 9.989229482199234456e-01 -4.170303587194438416e-02 -4.851608208206533490e+00 7.072134203304448752e-01 4.386069388369053662e-02 7.056383117087567935e-01 7.102082810074084307e+01
7.019304133778812016e-01 -1.542046738127492329e-02 -7.120785732594064887e-01 -3.984481809255424167e+01 -2.104184224435634923e-02 9.988802458370720228e-01 -4.237328624949493472e-02 -4.921611659033199970e+00 7.119346484738248160e-01 4.472654313194655840e-02 7.008199498241461933e-01 7.181431669871470547e+01
6.965437009193937712e-01 -1.767801720672220953e-02 -7.172965570977853922e-01 -4.068352169189497403e+01 -2.057691314170225980e-02 9.987931129852986034e-01 -4.459717628447541077e-02 -4.991791741685092099e+00 7.172192632202422091e-01 4.582363097388095219e-02 6.953392933447282154e-01 7.261896562236236718e+01
6.913830672216180195e-01 -1.962847628650470078e-02 -7.222216886553315396e-01 -4.151880431526011961e+01 -2.077983139941757401e-02 9.986771023717899709e-01 -4.703449625680408697e-02 -5.055019741346605144e+00 7.221894912483514117e-01 4.752649902537264132e-02 6.900605627781837281e-01 7.340936741533847965e+01
6.863695108920382371e-01 -2.021228461680873306e-02 -7.269720408903102005e-01 -4.236489928468046173e+01 -2.155694848381481399e-02 9.986090264366689340e-01 -4.811767165162057769e-02 -5.117904690537243617e+00 7.269334226131584087e-01 4.869780141360517678e-02 6.849790748801541929e-01 7.419742395441289773e+01
6.816513731720239555e-01 -2.025487207897573930e-02 -7.313967019793552460e-01 -4.323704726538865373e+01 -2.047465623459581927e-02 9.986972586610702862e-01 -4.673942690353682927e-02 -5.196200922529497390e+00 7.313905949910671778e-01 4.683509037566902650e-02 6.803486472238071681e-01 7.497649050441256691e+01
6.767183588130544214e-01 -2.022610665623177095e-02 -7.359641006162399579e-01 -4.409994371677681357e+01 -2.008521427261611772e-02 9.987433508176436492e-01 -4.591626506080430381e-02 -5.260933639994523681e+00 7.359679719031316791e-01 4.585437598130853026e-02 6.754617165785314903e-01 7.574841949246452089e+01
6.716311825146374925e-01 -2.056254472106379752e-02 -7.406002472670103476e-01 -4.496499652235817734e+01 -2.011918488573139624e-02 9.987399519788225932e-01 -4.597528415223671450e-02 -5.338145738503904170e+00 7.406124370056836881e-01 4.577870754728082664e-02 6.703711943635588533e-01 7.652380063072797611e+01
6.665920115699692783e-01 -2.144625917079399230e-02 -7.451141776851297749e-01 -4.584826733834985646e+01 -1.940584150164359131e-02 9.987479823305344118e-01 -4.610727856458370771e-02 -5.400941118393844498e+00 7.451701230724744329e-01 4.519431097521473678e-02 6.653412449236789650e-01 7.731294036526919911e+01
6.619322241009988339e-01 -2.202013241202965474e-02 -7.492401711523855035e-01 -4.673848330867397749e+01 -1.846468475063682904e-02 9.987860400337670308e-01 -4.566729332068381053e-02 -5.476778447678070982e+00 7.493362363564631812e-01 4.406313636196371175e-02 6.607220711202042018e-01 7.809253607112017903e+01
6.578983968827207818e-01 -2.302149185003021792e-02 -7.527547408056933786e-01 -4.762418941273796236e+01 -1.713538410001962803e-02 9.988163212736158592e-01 -4.552290626551967062e-02 -5.537358562224600433e+00 7.529117392427273625e-01 4.284818841968520559e-02 6.567251754887032389e-01 7.885439456948461157e+01
6.542875490647587222e-01 -2.584148824412876508e-02 -7.558042141060740127e-01 -4.855008195824631656e+01 -1.419075730978026743e-02 9.988205063592635602e-01 -4.643509989148039696e-02 -5.608741862098783670e+00 7.561127129815532477e-01 4.110734160739906023e-02 6.531491118256042006e-01 7.960894004666708668e+01
6.499379065678181355e-01 -2.976844873292914043e-02 -7.594040732124085480e-01 -4.942747989721681279e+01 -1.190317352142350460e-02 9.987112771652948418e-01 -4.933659225114157137e-02 -5.691203934746643434e+00 7.598940987769554622e-01 4.110503967364594752e-02 6.487459787930061061e-01 8.039597721423072585e+01
6.454449251862933723e-01 -3.438473817921981063e-02 -7.630324551320726290e-01 -5.035093299465541605e+01 -7.461677277105388875e-03 9.986546709913859399e-01 -5.131443735110641918e-02 -5.760431169044646360e+00 7.637703721159311288e-01 3.881414482069994731e-02 6.443200226479827153e-01 8.117448566393150600e+01
6.386896021655154021e-01 -3.797414109176230901e-02 -7.685268673279797014e-01 -5.128019051253765070e+01 -2.405854868106235139e-03 9.986780426601901128e-01 -5.134568104516226000e-02 -5.836837451083880524e+00 7.694607290215177420e-01 3.464291637578099936e-02 6.377539225567097070e-01 8.193608198847306312e+01
6.303219172333469622e-01 -4.146421236463211646e-02 -7.752257662667472182e-01 -5.222460459275988143e+01 2.318211108169184256e-03 9.986687291414957368e-01 -5.153052798277429902e-02 -5.919794493896010756e+00 7.763304169643194808e-01 3.068368384311316935e-02 6.295789119119222788e-01 8.270019415276679808e+01
6.215866537295796634e-01 -4.258565856497292801e-02 -7.821869868137543147e-01 -5.314216224847826453e+01 5.158197754959053388e-03 9.987220587469133326e-01 -5.027566355506158519e-02 -5.996136042488680040e+00 7.833284335761815376e-01 2.721600590889586280e-02 6.210119688418815898e-01 8.342173862602786016e+01
6.122788306268639458e-01 -4.198117479671191477e-02 -7.895265689532060538e-01 -5.409187527132201723e+01 7.174573372278916956e-03 9.988432258547389475e-01 -4.754719378595174267e-02 -6.063034805962233875e+00 7.906093657527714091e-01 2.344762346672406989e-02 6.118717604267545074e-01 8.416630527321933641e+01
6.036512607547204201e-01 -4.147005915846683349e-02 -7.961691892791693537e-01 -5.509411554822512613e+01 6.097559293358876913e-03 9.988571716083338714e-01 -4.740432970942317498e-02 -6.145666840992503488e+00 7.972251786647425176e-01 2.376099410665397441e-02 6.032142582111907902e-01 8.491234758346575973e+01
5.941240264835240259e-01 -4.212582797102532028e-02 -8.032695960604011587e-01 -5.608457148292352912e+01 4.158104424932691605e-03 9.987751997215211786e-01 -4.930325109985333326e-02 -6.214553036265913377e+00 8.043627054132047594e-01 2.595216676688482174e-02 5.935715079230013957e-01 8.564068486002442171e+01
5.844791327941797343e-01 -4.472056585133908635e-02 -8.101754145321775624e-01 -5.708260590752953334e+01 5.799162418948639736e-03 9.986847572328794165e-01 -5.094237295158922374e-02 -6.300379453895345705e+00 8.113880229484835560e-01 2.507641470328947700e-02 5.839697437976552052e-01 8.633312344445521092e+01
5.743689442105821552e-01 -4.574357545361801280e-02 -8.173174591486236373e-01 -5.807762690758593038e+01 5.053921622382588456e-03 9.986165929981039024e-01 -5.233887695979393129e-02 -6.360659630186394686e+00 8.185809579700343841e-01 2.593116667918160187e-02 5.738055437769645772e-01 8.703814429419945498e+01
5.646002190254405528e-01 -4.680562688077682248e-02 -8.240362938493153155e-01 -5.909693943438247032e+01 7.958551186213230072e-03 9.986530647422460216e-01 -5.127102218392626254e-02 -6.445372941101298991e+00 8.253261569158967248e-01 2.238949485153242727e-02 5.642122452115764242e-01 8.773820671074832944e+01
5.541067808902851999e-01 -4.688236885465801168e-02 -8.311243627019326841e-01 -6.013332556290110631e+01 9.473839285455381079e-03 9.987033293079793372e-01 -5.001906005138179873e-02 -6.527186898824433037e+00 8.323916945177193272e-01 1.984196120169133895e-02 5.538324440557863548e-01 8.841464913320068320e+01
5.439061040372016320e-01 -4.729087498010249579e-02 -8.378124553633736760e-01 -6.118196289978032354e+01 9.931324907786538703e-03 9.987035869581654124e-01 -4.992508539607461160e-02 -6.610199576249959463e+00 8.390873198536425992e-01 1.883397046332320468e-02 5.436706392851897718e-01 8.908330335804507172e+01
5.330590885385732003e-01 -4.795535687212282294e-02 -8.447178694134702681e-01 -6.225003952132315987e+01 8.626454901911296061e-03 9.986485765856493169e-01 -5.125041199788971796e-02 -6.692743780933432696e+00 8.460340443345890638e-01 2.003257678550951146e-02 5.327523859081073621e-01 8.975716307759005019e+01
5.229567917621218420e-01 -4.895968316752957045e-02 -8.509518965430169501e-01 -6.331530795661210931e+01 8.397286422587045551e-03 9.985964346259732505e-01 -5.229384575000638885e-02 -6.764963834436802159e+00 8.523178347853725967e-01 2.020173447673816527e-02 5.226339173881260347e-01 9.039824048971327386e+01
5.135128785126110706e-01 -4.957470466783428509e-02 -8.566486204697654205e-01 -6.437311578815854318e+01 6.803217866644527267e-03 9.985335344699843851e-01 -5.370751099805134987e-02 -6.846844581251671613e+00 8.580549236301281413e-01 2.175153086203191616e-02 5.130970982896164712e-01 9.100985851026038631e+01
