1.000000000000000000e+00 -3.306050084167601550e-19 -2.270457535318767223e-19 -8.673617379884035472e-19 7.546676715296109287e-19 1.000000000000000000e+00 6.237773588823049983e-19 1.387778780781445676e-17 -3.447385680526250622e-20 4.770700176052009879e-20 1.000000000000000222e+00 5.551115123125782702e-17
9.999293482270751321e-01 -2.292264289294036663e-03 1.165949600275574365e-02 1.326498130702846202e-02 2.274658552314855458e-03 9.999962803174180515e-01 1.523061606741544843e-03 -6.136750601585194698e-03 -1.166294397287903628e-02 -1.496428640256716302e-03 9.999308434708880089e-01 2.984987432322587786e-01
9.998266775215187696e-01 -5.327853185763769400e-03 1.784359700205920274e-02 2.910191376761690762e-02 5.306284555950054743e-03 9.999851494933913454e-01 1.256373535807057658e-03 -7.945071987973284511e-03 -1.785002322860935325e-02 -1.161500099192615482e-03 9.998400818596018258e-01 5.854720117735079388e-01
9.997609779757168358e-01 -7.629350919826086846e-03 2.049540342246992247e-02 3.739391794801801699e-02 7.621818569157842206e-03 9.999708739586663508e-01 4.454561223041014154e-04 -1.571411369015705828e-02 -2.049820613181438031e-02 -2.892105736855467442e-04 9.997899400005844095e-01 8.862601066024060614e-01
9.997827000048109536e-01 -8.713153315438719806e-03 1.893937574651442454e-02 4.133257907522248920e-02 8.733518919958958848e-03 9.999613487367216003e-01 -9.929972922469549549e-04 -2.018437510911910704e-02 -1.892999466989430876e-02 1.158153242276087737e-03 9.998201817005147873e-01 1.194967225821054413e+00
9.998713832525124579e-01 -1.104650048151551052e-02 1.162757848229761977e-02 4.229306471718819599e-02 1.106732224077160501e-02 9.999372511835883381e-01 -1.727511937347448075e-03 -2.021218698376019141e-02 -1.160776280202193214e-02 1.855977718461319275e-03 9.999308932662310800e-01 1.515662362951654130e+00
9.999282813308559836e-01 -1.197485597492699456e-02 -9.287872797672541052e-05 3.619013556013293831e-02 1.197448642142751561e-02 9.999228778853841426e-01 -3.284979004333335711e-03 -2.893693121550680591e-02 1.322195927210758498e-04 3.283630824960677517e-03 9.999945839630816069e-01 1.842332935141132166e+00
9.997825847115526798e-01 -1.130231485119606583e-02 -1.752541308461914513e-02 1.693799008150701640e-02 1.123493708816422285e-02 9.999291194423575169e-01 -3.939119499340912843e-03 -3.741360240682468918e-02 1.756868854509014213e-02 3.741393886309262069e-03 9.998386980105494759e-01 2.171428384663133482e+00
9.993268192711991516e-01 -8.539494851393353292e-03 -3.566826519890076153e-02 -2.129579714689487646e-02 8.396534834266135977e-03 9.999561490382997686e-01 -4.153907062755906460e-03 -3.875362048209052279e-02 3.570216662870952934e-02 3.851640907464976785e-03 9.993546483248700874e-01 2.517614626246761134e+00
9.984612795718097455e-01 -3.197909024213882716e-03 -5.536742151042960830e-02 -6.442931940681775882e-02 2.929207184563776233e-03 9.999835173250885001e-01 -4.933608035101184897e-03 -4.577431820851131372e-02 5.538229583662022254e-02 4.763826609414814270e-03 9.984542118540175037e-01 2.867224156057132323e+00
9.972320702571854101e-01 -2.420991539786485416e-03 -7.430556845896441054e-02 -1.133681367215139124e-01 2.045090339549629141e-03 9.999847261486838335e-01 -5.133912497399644934e-03 -4.738387033936113102e-02 7.431687272604255157e-02 4.967704343825102807e-03 9.972217922133632673e-01 3.231705313816321645e+00
9.954216585678328233e-01 -4.009082163226856260e-03 -9.551909178279210932e-02 -1.669806745384598834e-01 3.599872425818512883e-03 9.999836108636031007e-01 -4.457719239377768219e-03 -5.461765248013254748e-02 9.553540171510127577e-02 4.093652932132161963e-03 9.954197279936437548e-01 3.611141813411395951e+00
9.933013566641705205e-01 -5.793114314557569478e-03 -1.154109654800916790e-01 -2.239624250515721837e-01 5.367147492572360568e-03 9.999775785336265654e-01 -4.000157218229430899e-03 -6.240532229867566671e-02 1.154315703633964213e-01 3.353883502573643503e-03 9.933101985416747937e-01 3.994131169097273837e+00
9.911868670976859974e-01 -4.699348536314804960e-03 -1.324046660226604333e-01 -2.945462319602454859e-01 4.360572381109174660e-03 9.999864152846282828e-01 -2.848507839254351467e-03 -6.716483897208527787e-02 1.324162675458605276e-01 2.246267010311239851e-03 9.911938755537821333e-01 4.395256970819800380e+00
9.889361831229764865e-01 -3.073671442638908641e-03 -1.483131634564905099e-01 -3.797793200085517462e-01 2.779530177671130954e-03 9.999937446727154011e-01 -2.189920017843083495e-03 -7.268971228029767750e-02 1.483189901148354861e-01 1.753473997852319837e-03 9.889385695759819184e-01 4.813068467712795950e+00
9.866238314127765419e-01 -1.974393973269988542e-03 -1.629444224562193733e-01 -4.656356284331740758e-01 1.610690781552332742e-03 9.999958920236987625e-01 -2.363133860150672810e-03 -8.133155918168813447e-02 1.629484232369872998e-01 2.068992353824897299e-03 9.866229766634700971e-01 5.237240556940371050e+00
9.846857276783292923e-01 -3.505530391660275583e-03 -1.743145108015423383e-01 -5.580228505574286180e-01 3.018501911846269321e-03 9.999907358384723111e-01 -3.058763433238795466e-03 -8.586404187308412095e-02 1.743236303169392598e-01 2.485671918966122877e-03 9.846872259058061516e-01 5.670822810086011856e+00
9.829419140246334896e-01 -6.743870823350414656e-03 -1.837854455679288068e-01 -6.429266797185334559e-01 5.918296231799657567e-03 9.999697651022140255e-01 -5.039591041401689751e-03 -9.967151005183212675e-02 1.838138934904846034e-01 3.866027756739319823e-03 9.829521447638388532e-01 6.124265200337910997e+00
9.815208876712696595e-01 -5.918387734479833504e-03 -1.912864397008603168e-01 -7.420129784545664853e-01 4.780012985620615655e-03 9.999680010148096487e-01 -6.411588497654993786e-03 -1.118803870725389865e-01 1.913182964673807440e-01 5.378762030720027690e-03 9.815177865572983773e-01 6.585724027276231851e+00
9.800361879251716646e-01 -5.791661626586219573e-03 -1.987163589443996237e-01 -8.565467514840132690e-01 4.081634354802061646e-03 9.999510260775287263e-01 -9.012103119130920881e-03 -1.088991390687720356e-01 1.987588611997631594e-01 8.020879854137434248e-03 9.800118108653111948e-01 7.070385774288273417e+00
9.784787974160419344e-01 -6.171392786829862052e-03 -2.062141970433344351e-01 -9.699125958944687653e-01 3.990183430680554165e-03 9.999316379752378747e-01 -1.099003064482887045e-02 -1.196428012495535237e-01 2.062679109628316187e-01 9.930830511845248343e-03 9.784365170470750162e-01 7.556347808311014269e+00
9.763806815842259734e-01 -1.047708801277377061e-02 -2.157486126060479403e-01 -1.083410732238253349e+00 7.797832312975170287e-03 9.998815606678197465e-01 -1.326069941500502419e-02 -1.287505710532556580e-01 2.158620216191104446e-01 1.126508857338364561e-02 9.763468199427787209e-01 8.058598323213217895e+00
9.749790380706195858e-01 -1.582236660091887806e-02 -2.217463619141266107e-01 -1.196398335185573814e+00 1.302582752037127409e-02 9.998161585363594117e-01 -1.406594428067251511e-02 -1.488934193606556156e-01 2.219281957721082332e-01 1.082588623539718076e-02 9.750060099817662307e-01 8.570153670112260258e+00
9.729370380843322952e-01 -1.666406927839158419e-02 -2.304666216872170437e-01 -1.326488373677650712e+00 1.335813523290311361e-02 9.997842482290842936e-01 -1.589804084259100261e-02 -1.691752877299464164e-01 2.306818902421702289e-01 1.238874351798032077e-02 9.729499740434868205e-01 9.105038690700064663e+00
9.708594123392250141e-01 -1.241072293145513428e-02 -2.393443366473339828e-01 -1.481001542348620248e+00 7.629539252156484347e-03 9.997525174112291690e-01 -2.090062120379610616e-02 -1.729489964953736525e-01 2.395444124099405103e-01 1.846609333847380047e-02 9.707140327930336987e-01 9.630619699151191426e+00
9.692253158152726034e-01 -1.001223040727958029e-02 -2.459744021644532375e-01 -1.638072288561217782e+00 4.253622308975140050e-03 9.997045172645843136e-01 -2.392885582020542676e-02 -1.865409454529736721e-01 2.461413295250617639e-01 2.214660595708139654e-02 9.689815581783831622e-01 1.017722692928577288e+01
9.665803749850976345e-01 -1.325159117600273502e-02 -2.561136240873286285e-01 -1.791920434318262201e+00 6.899193722738112058e-03 9.996458987194842827e-01 -2.569672581391067856e-02 -2.051858100593662027e-01 2.563635514441330865e-01 2.307135919927078699e-02 9.663297594298789761e-01 1.073747600905435462e+01
9.646745775942153767e-01 -1.478968307956091306e-02 -2.630418386492742178e-01 -1.952139207969545875e+00 7.783330098318988997e-03 9.995868902862111716e-01 -2.765956237819052269e-02 -2.369763253341844456e-01 2.633423305705456796e-01 2.463497969611280064e-02 9.643916531141415449e-01 1.130888260356411834e+01
9.625063956491276551e-01 -1.447410908358845102e-02 -2.708902952782535900e-01 -2.128092945589349583e+00 6.309519968268296683e-03 9.994997598250893178e-01 -3.098721191031724234e-02 -2.588091671053391885e-01 2.712032804712145029e-01 2.811702153121433193e-02 9.621163568663290144e-01 1.189183510294213697e+01
9.602436596245220723e-01 -1.371052748814915317e-02 -2.787454553948382485e-01 -2.312799548012451911e+00 4.528134450459578124e-03 9.994267114431093502e-01 -3.355428769103624420e-02 -2.776876296878951211e-01 2.790456690240130100e-01 3.095787380372705747e-02 9.597554740785479988e-01 1.248325818600361714e+01
9.579947097669554434e-01 -1.499852776826034358e-02 -2.864170169740374305e-01 -2.505137535875789023e+00 4.173134948712113428e-03 9.992547122476640453e-01 -3.837823375624179606e-02 -3.070871766039136030e-01 2.867791061620187931e-01 3.557134206381384195e-02 9.573434401145921591e-01 1.308423811231171641e+01
9.562229566608680953e-01 -1.649595173469042830e-02 -2.921083954226860735e-01 -2.703774018666138090e+00 3.221021220042775361e-03 9.989426557471465795e-01 -4.585319250370505084e-02 -3.485140045126059460e-01 2.925559125458628285e-01 4.290494368982725876e-02 9.552651765858211075e-01 1.369715372336804471e+01
9.549480917659634027e-01 -1.620008457344761926e-02 -2.962994249742699759e-01 -2.910760730755912462e+00 5.251404383722661979e-05 9.985180329438249069e-01 -5.441355283191587344e-02 -3.803549737856420920e-01 2.967421702160483177e-01 5.194524347297365535e-02 9.535339997447103144e-01 1.432805138827071900e+01
9.538682345139640750e-01 -1.654494276171464620e-02 -2.997709357881652714e-01 -3.125113025459612448e+00 -2.633686125829145380e-03 9.979806656714825808e-01 -6.346373850579793696e-02 -4.252783354865318222e-01 3.002161079898718610e-01 6.132321682132300944e-02 9.518987776175933391e-01 1.496415387306855216e+01
9.524064685283518683e-01 -1.578059300864366465e-02 -3.043966554686867720e-01 -3.345158876071034015e+00 -6.610412611384138167e-03 9.973549463803798032e-01 -7.239240085315892803e-02 -4.704260734082917894e-01 3.047336953553756445e-01 7.096000485438182237e-02 9.497831817633267670e-01 1.560804300439628101e+01
9.514524531092267701e-01 -1.518439329615353835e-02 -3.075191886036989231e-01 -3.572771404322079736e+00 -9.783127786061555226e-03 9.967859912725587357e-01 -7.953298742712905378e-02 -5.269658514599177002e-01 3.077384796352274909e-01 7.868061784858879082e-02 9.482458114089252765e-01 1.626714382927923097e+01
9.496400720853259703e-01 -1.412649382111099729e-02 -3.130175708211399566e-01 -3.803657805287313121e+00 -1.341149515969209186e-02 9.962353796632338332e-01 -8.566025672250414391e-02 -5.900321962122254682e-01 3.130492967622416911e-01 8.554432601805297964e-02 9.458754203866027721e-01 1.693331188969676759e+01
9.481027225647443712e-01 -1.222362395041190312e-02 -3.176938339258328914e-01 -4.049162643309250242e+00 -1.794176722130898585e-02 9.956120560072245773e-01 -9.184352486676219951e-02 -6.591631811614970804e-01 3.174225757923647695e-01 9.277695636803248713e-02 9.437232206765358011e-01 1.760768739621562062e+01
9.471326872050134238e-01 -1.046378876917114856e-02 -3.207280909317230533e-01 -4.300764422807422882e+00 -2.189739949296949997e-02 9.950293975397087598e-01 -9.714226649327178942e-02 -7.302359756075035291e-01 3.201504393470560594e-01 9.902921268628958607e-02 9.421956656710801514e-01 1.829742399337658298e+01
9.449450283491377389e-01 -9.045469678580175116e-03 -3.271090214233907667e-01 -4.557734751547655172e+00 -2.530375975533651761e-02 9.946050003120739946e-01 -1.005860749300870188e-01 -8.063419534663738286e-01 3.262535862887241400e-01 1.033266766078943522e-01 9.396181837525763303e-01 1.899982195750198954e+01
9.434127401167518023e-01 -6.939139988443497609e-03 -3.316106410060255527e-01 -4.823705909884465903e+00 -2.841048942391619786e-02 9.944141203968216436e-01 -1.016400115421570716e-01 -8.840620330408781591e-01 3.304636409402196828e-01 1.053085420039392844e-01 9.379457944966501648e-01 1.971268572721173129e+01
9.408797918831989238e-01 -6.956499393304207447e-03 -3.386777424115673951e-01 -5.099714259960317797e+00 -2.902911973002705870e-02 9.944552384016099866e-01 -1.010547020104985427e-01 -9.724286797066992172e-01 3.375027317397945037e-01 1.049117206573293992e-01 9.354609945145384575e-01 2.043503764785011256e+01
9.391390526561238516e-01 -5.646198618111923466e-03 -3.434986951421318269e-01 -5.380191913592016206e+00 -3.030529364408428294e-02 9.946053599790677380e-01 -9.920199692734146812e-02 -1.053149057371348896e+00 3.422057255227809458e-01 1.035741367572128729e-01 9.339016258970659345e-01 2.116180584127297237e+01
9.366145739942642878e-01 -6.363308784071895763e-03 -3.503675766345935028e-01 -5.668413837376829356e+00 -2.964621296637477352e-02 9.948100260338926804e-01 -9.733985248028419190e-02 -1.139744073386496748e+00 3.491692763971876445e-01 1.015539551540568797e-01 9.315647064217335016e-01 2.190165208816383924e+01
9.342088211377604923e-01 -5.733447291902806636e-03 -3.567048885777057143e-01 -5.959238232444431738e+00 -2.974927584266633812e-02 9.951358195029461617e-01 -9.391697868435060215e-02 -1.223715697536184033e+00 3.555085847553910439e-01 9.834849941572418319e-02 9.294939771609598278e-01 2.262295041845978361e+01
9.294665381241536961e-01 -2.946901726247364364e-03 -3.688368911461248345e-01 -6.277755389422080334e+00 -3.193829049461870823e-02 9.955707601006398288e-01 -8.843338040568148040e-02 -1.298342681652735253e+00 3.674634872914516182e-01 9.397875660779404783e-02 9.252555632368459904e-01 2.339572146413796361e+01
9.265426117239768944e-01 -5.582479688016071849e-04 -3.761340060373587479e-01 -6.599333065191219205e+00 -3.308631409288751574e-02 9.960027396725603666e-01 -8.297827494717473218e-02 -1.378451522332428958e+00 3.746765149095518388e-01 8.933103679497372829e-02 9.228204709186790256e-01 2.415350430095250189e+01
9.232417430911731282e-01 2.936681572924326918e-03 -3.842242136023553689e-01 -6.933734445842132388e+00 -3.595530852994906212e-02 9.962429845783542515e-01 -7.878184512817584806e-02 -1.451821928434670728e+00 3.825492650705232811e-01 8.654966338339818710e-02 9.198787281028728557e-01 2.491140315552296158e+01
9.203421540038794202e-01 3.731491285831240162e-03 -3.912038005887565895e-01 -7.276134975642224667e+00 -3.661352775014056066e-02 9.963854254965567314e-01 -7.664726012619213491e-02 -1.526151812133052177e+00 3.895048494997315758e-01 8.485704052676491804e-02 9.171518317201146075e-01 2.566540389188505245e+01
9.155720545446992542e-01 4.796824410879430185e-03 -4.022115226975943592e-01 -7.626021365401999930e+00 -3.865706817941200191e-02 9.963482081399813728e-01 -7.610591318124879101e-02 -1.601864042274832256e+00 4.003779136453342602e-01 8.522340290663764362e-02 9.124139415122495267e-01 2.644159156556985479e+01
9.119112325379795658e-01 5.829923618424524140e-03 -4.103107417736446827e-01 -7.987932708697056405e+00 -3.971981477581157383e-02 9.964586366404756257e-01 -7.412403196963908425e-02 -1.669047417534089250e+00 4.084257878026587019e-01 8.389307306265640640e-02 9.089133439601255748e-01 2.721918105117574882e+01
9.079342562253053250e-01 5.496741735883692824e-03 -4.191200367450628739e-01 -8.366332495734631891e+00 -3.972111350807176061e-02 9.965415336487394304e-01 -7.298228438731634016e-02 -1.739117008485164373e+00 4.172689847646123273e-01 8.291215607002767884e-02 9.050127450533235196e-01 2.800479836688753821e+01
9.042482316840155798e-01 5.865731066138205052e-03 -4.268714554911725578e-01 -8.750109744166755021e+00 -3.934016893576294804e-02 9.967974034709818909e-01 -6.965094692652755437e-02 -1.813065430197627004e+00 4.250956948846367212e-01 7.978161431593447372e-02 9.015830012051712083e-01 2.879537463320765411e+01
9.015443340266325878e-01 5.364814758696567244e-03 -4.327218137173682311e-01 -9.142085156895326747e+00 -3.762766635151333638e-02 9.971071956678049242e-01 -6.605573225132518878e-02 -1.883471143368591560e+00 4.311164329316022337e-01 7.583036691528616258e-02 8.991379247657069751e-01 2.959305303408373433e+01
8.972673761202639708e-01 7.723638225786508965e-03 -4.413962393552959829e-01 -9.555852315788795792e+00 -3.829388322711998333e-02 9.974402593806466211e-01 -6.039159362490044425e-02 -1.940929070926334266e+00 4.398000453798359688e-01 7.109101888236793454e-02 8.952662195177054638e-01 3.040721841678178450e+01
8.940726557417825182e-01 7.836201930301657861e-03 -4.478739468089070752e-01 -9.968771839422595704e+00 -3.659665548229611848e-02 9.977821985582761011e-01 -5.558426916576390125e-02 -2.011444465857915809e+00 4.464452505511839475e-01 6.608258460435662007e-02 8.923763912176722046e-01 3.121598453734267764e+01
8.898437495200002267e-01 7.114404324412435671e-03 -4.562243236479419095e-01 -1.040136186208998836e+01 -3.569645145709000184e-02 9.978992079441051377e-01 -5.407638916712722427e-02 -2.071555335415395493e+00 4.548814572988154059e-01 6.440497315935789224e-02 8.882282763806520487e-01 3.204012609589555183e+01
8.869756455286981200e-01 7.245857920158096065e-03 -4.617337623130017832e-01 -1.084979180694139700e+01 -3.518247027282888489e-02 9.980311358627348417e-01 -5.190340794306188416e-02 -2.131472383018658157e+00 4.604480264788659016e-01 6.228520414331679966e-02 8.854846398312540279e-01 3.287100687810753641e+01
8.844309752340475672e-01 6.973280583753590708e-03 -4.666258038167149236e-01 -1.129931548587111756e+01 -3.421430550801619203e-02 9.981662713524869224e-01 -4.993828422356830915e-02 -2.181944438218050841e+00 4.654219079097820511e-01 6.013322930311741643e-02 8.830478401787550391e-01 3.370509606199990316e+01
8.806188717006625533e-01 5.766819374780227103e-03 -4.737086260762097267e-01 -1.176805795326350434e+01 -3.270263618602026190e-02 9.982813219231596591e-01 -4.863599994587016612e-02 -2.241270571938275502e+00 4.726141315739302851e-01 5.832175575215375191e-02 8.792938357073856182e-01 3.455639133127669282e+01
8.784202374321267159e-01 4.868511983866377971e-03 -4.778802505653467758e-01 -1.223626270472009381e+01 -3.182415665487056677e-02 9.983241670625931929e-01 -4.833081123667871959e-02 -2.297293576447933194e+00 4.768438462658815546e-01 5.766617485187593845e-02 8.771033733487555439e-01 3.541159819055781099e+01
8.767432509307613309e-01 3.775864109011724864e-03 -4.809819520621956834e-01 -1.271803160806203437e+01 -3.106336051689146185e-02 9.983258299004279523e-01 -4.878749368477501569e-02 -2.351781377082910129e+00 4.799922382572162083e-01 5.771778724495295332e-02 8.753929743751097670e-01 3.627127044634586639e+01
8.752284385062674144e-01 3.436146091770527541e-03 -4.835874446259064707e-01 -1.322183099647692650e+01 -3.100088311449113523e-02 9.983175281679521618e-01 -4.901193146908864456e-02 -2.407092203800760721e+00 4.826054663330164307e-01 5.789065141744889620e-02 8.738623041616572218e-01 3.714622105331596913e+01
8.747291097106943969e-01 4.829132072628895822e-03 -4.845619644121352820e-01 -1.371876287317476439e+01 -3.174941368349547960e-02 9.983730436743638581e-01 -4.737144018977312160e-02 -2.464322969795579077e+00 4.835447786497847900e-01 5.682490044377331434e-02 8.734594334717840081e-01 3.802950128956994291e+01
8.744971190992917309e-01 4.744350730395193588e-03 -4.849330422205332947e-01 -1.422967946111331727e+01 -3.099295655838483349e-02 9.984552217658184681e-01 -4.612673498370922776e-02 -2.521708526720118471e+00 4.839651211413963927e-01 5.537059569185605323e-02 8.732932817697778294e-01 3.893514261073212168e+01
8.742829287551509010e-01 3.020303035884410250e-03 -4.854407161157984207e-01 -1.474784526142203944e+01 -2.895462133800531107e-02 9.985246158051382936e-01 -4.592988746328873634e-02 -2.578919716684867414e+00 4.845859853652607074e-01 5.420825182825206312e-02 8.730804502059462679e-01 3.984480934029556209e+01
8.743042260458840920e-01 1.379808026488112647e-03 -4.853317842057365827e-01 -1.526313787035783953e+01 -2.729780468515767208e-02 9.985530858987572422e-01 -4.633623214276710867e-02 -2.637278147046180798e+00 4.845655689157615242e-01 5.376218850411604994e-02 8.730768168166501697e-01 4.076460426643303236e+01
8.726015655039720542e-01 1.438592056914396087e-04 -4.885040017101182630e-01 -1.579895417837557048e+01 -2.597735409987866548e-02 9.985983426983811029e-01 -4.611026431398367043e-02 -2.697428435658411061e+00 4.878126497706221087e-01 5.292493826857004591e-02 8.713822937553497017e-01 4.169671200436656022e+01
8.716974214246041575e-01 -7.225309038762716633e-04 -4.900021569001921096e-01 -1.632964940170949575e+01 -2.422207218305956478e-02 9.987130845360194797e-01 -4.456043329554804783e-02 -2.755216681829284031e+00 4.894039202116852727e-01 5.071210862716461765e-02 8.705580194490750712e-01 4.262963272945461313e+01
8.699792355825654022e-01 -6.234829502944350935e-05 -4.931703376860177013e-01 -1.687044023160628825e+01 -2.301240707515549849e-02 9.989052422895431382e-01 -4.073202204213450389e-02 -2.812884476879412343e+00 4.926330992645968632e-01 4.678423269059416023e-02 8.690253159816514472e-01 4.356046772168311776e+01
8.671310582289386559e-01 1.933814010115675233e-04 -4.979965284542309245e-01 -1.740828535613459493e+01 -2.086208809862717325e-02 9.991365186449209235e-01 -3.593086307500487075e-02 -2.870860412147060892e+00 4.975595274993717121e-01 4.154795703026523818e-02 8.663862794036065740e-01 4.449109188072888088e+01
8.637360437027817861e-01 -1.548226334774515170e-03 -5.041089270317749005e-01 -1.794281623775771095e+01 -1.829556747753129792e-02 9.992397309633302971e-01 -3.442928986294584159e-02 -2.933582204425600803e+00 5.037792122279448614e-01 3.895679204690224301e-02 8.630509987866469279e-01 4.541287816656053167e+01
8.584667573936095586e-01 -4.866298985872069549e-03 -5.128830501012651144e-01 -1.850014333392865851e+01 -1.611684630302624363e-02 9.992051505437254955e-01 -3.645018312095532620e-02 -2.989607509331956070e+00 5.126527419959369114e-01 3.955718109760803652e-02 8.577058996798527790e-01 4.633132093924795214e+01
8.529524395134001624e-01 -7.198205189387947220e-03 -5.219178769791471550e-01 -1.906477726688191154e+01 -1.561671164511988646e-02 9.991053572350966361e-01 -3.930476384192218425e-02 -3.044444866149858875e+00 5.217337376482896749e-01 4.167835606942726229e-02 8.520769655386435382e-01 4.723781437071551181e+01
8.462600253094354485e-01 -7.284092267348342940e-03 -5.327772309435817588e-01 -1.964882065903549702e+01 -1.611674217143840154e-02 9.990988619548852867e-01 -3.926848665445686198e-02 -3.100433796970806455e+00 5.325832326484262191e-01 4.181640462121506002e-02 8.453799695281294380e-01 4.815523993588652729e+01
8.402674372566307781e-01 -3.435124968698416090e-03 -5.420466140709476743e-01 -2.024430625620667001e+01 -1.734342518081195134e-02 9.992977881177731447e-01 -3.321071846684126722e-02 -3.148859477206466639e+00 5.417800323065158352e-01 3.730819730259974515e-02 8.396177213075723955e-01 4.906177750141506522e+01
8.365299534802592696e-01 -5.602088479165538920e-04 -5.480060553164783910e-01 -2.084657508098222678e+01 -1.828488311080504400e-02 9.994139150643266412e-01 -2.894555931317149139e-02 -3.202863754383101114e+00 5.477012078732684808e-01 3.423370299215293400e-02 8.360294791192938169e-01 4.995541172880688663e+01
8.321578393592777845e-01 -1.268160149238856002e-05 -5.545830936890280283e-01 -2.145379613540728769e+01 -2.029427326467361445e-02 9.993293433180174823e-01 -3.047057751311325544e-02 -3.251078574539303823e+00 5.542114648452423076e-01 3.661061336862452692e-02 8.315994700784422600e-01 5.084676785240245778e+01
8.288791340024904697e-01 -2.430775712706283783e-03 -5.593143441568225738e-01 -2.206830935905520974e+01 -2.042924269068104037e-02 9.991919496336598705e-01 -3.460788474485374661e-02 -3.300476145221843183e+00 5.589463436247636974e-01 4.011649228093669417e-02 8.281597236682322061e-01 5.174022174568818855e+01
8.258268025873077844e-01 -3.799474686990330675e-03 -5.638100502357009658e-01 -2.267943704179355535e+01 -2.370516214970156549e-02 9.988593967262472395e-01 -4.144763183701340864e-02 -3.363167199048076927e+00 5.633241546161948943e-01 4.759839277037180433e-02 8.247949184118176236e-01 5.261609390289321908e+01
8.230768020770533600e-01 -4.502562110361496735e-03 -5.679468322936678248e-01 -2.330169581863624373e+01 -2.388566328285038690e-02 9.988092095995688702e-01 -4.254394560142411158e-02 -3.418415320872030261e+00 5.674620679010300428e-01 4.858512645006640707e-02 8.219891103936903809e-01 5.348753913536163651e+01
8.209065276930356259e-01 -2.788749588900104118e-03 -5.709199410972350952e-01 -2.392211876072898846e+01 -2.358293511029323219e-02 9.989694746948420967e-01 -3.878403720191095361e-02 -3.479416914353032020e+00 5.704396412938035343e-01 4.530468594430817758e-02 8.199947008324900422e-01 5.436792456328709733e+01
8.165326790519987776e-01 -1.324486326570890275e-03 -5.772605384395549377e-01 -2.456168242024136816e+01 -2.161672574218560447e-02 9.992259679119892546e-01 -3.286765832143939692e-02 -3.528823053249503072e+00 5.768573150122696669e-01 3.931587569921581732e-02 8.158719525347609691e-01 5.525160432616925732e+01
8.132706241027910510e-01 2.379832262626717810e-04 -5.818383058772392813e-01 -2.520534066917528548e+01 -2.180880197527716377e-02 9.993098063242797924e-01 -3.007324068994807545e-02 -3.577132659385928726e+00 5.814293317910382841e-01 3.715012016148108720e-02 8.127144933552779005e-01 5.610951567981625487e+01
8.110075414677966332e-01 1.720260010505999431e-03 -5.850794200133618839e-01 -2.584531929554118790e+01 -2.397617206681455435e-02 9.992533750103882451e-01 -3.030489661079942623e-02 -3.630035710037258223e+00 5.845905507523869726e-01 3.860397273524189543e-02 8.104430787496291755e-01 5.698627568483843930e+01
8.070891185965691772e-01 8.130922366068770628e-04 -5.904937035439256077e-01 -2.649905630366652431e+01 -2.394877691036937511e-02 9.992212190418796602e-01 -3.136513874636413790e-02 -3.673532172872553847e+00 5.900084165123480329e-01 3.945452084510202295e-02 8.064800085071812674e-01 5.785539578457689913e+01
8.038949071900581833e-01 -1.619495041041076229e-03 -5.949090344674371478e-01 -2.715132769205099805e+01 -2.326606250734657849e-02 9.991453787820060439e-01 -3.416683012067166236e-02 -3.730672487977645169e+00 5.944560372714821073e-01 4.130245064084359791e-02 8.031699458089419652e-01 5.872325529083513374e+01
7.992970173174717141e-01 -2.964601687315201583e-03 -6.008882003613793543e-01 -2.780936124987038127e+01 -2.200858448434520401e-02 9.991726591659209067e-01 -3.420153621889115286e-02 -3.779514412532173129e+00 6.004924548302578158e-01 4.056063082333535158e-02 7.985702018849851758e-01 5.959102777960566755e+01
7.951112849584742737e-01 -3.895261474560704658e-03 -6.064263058326468947e-01 -2.848580442671464397e+01 -2.082362686867646542e-02 9.992143673699339645e-01 -3.372024527812836348e-02 -3.832309281884572094e+00 6.060811449125316219e-01 3.944135633409745489e-02 7.944053981629248806e-01 6.045934271397827331e+01
7.908728720343725094e-01 -2.604121382747359454e-03 -6.119740964427409224e-01 -2.915655128968332477e+01 -2.157588269129238900e-02 9.992505327610531340e-01 -3.212467928594490985e-02 -3.880599327526056186e+00 6.115991206719848527e-01 3.860929064686394185e-02 7.902239543850250181e-01 6.132209459895206294e+01
7.854797571518773447e-01 -4.596913588806968674e-03 -6.187642486091433636e-01 -2.985293172250861460e+01 -2.038745289321848217e-02 9.992375001470804596e-01 -3.329751039143467178e-02 -3.939820040997172867e+00 6.184454328524729982e-01 3.877067388406651993e-02 7.847870037178882319e-01 6.217804731147227670e+01
7.800121204164222055e-01 -5.225105702913649883e-03 -6.258153957660396172e-01 -3.054716448230367476e+01 -2.038486150123180324e-02 9.992221493114545883e-01 -3.374834339093340380e-02 -3.991969182976045971e+00 6.255048562672084200e-01 3.908117690736033489e-02 7.792989815576762958e-01 6.303135759589294196e+01
7.743130878350330537e-01 -5.831258830868115382e-03 -6.327925394861584341e-01 -3.124158472627234318e+01 -2.060523090105731425e-02 9.991950424740699832e-01 -3.442213258920943930e-02 -4.041710337050586688e+00 6.324841984212608015e-01 3.968565435514553180e-02 7.735694658784886268e-01 6.387827631615282797e+01
7.685388024123624984e-01 -8.099855758852839496e-03 -6.397586762442218911e-01 -3.196287923136227604e+01 -1.916335128974997956e-02 9.991797677887447326e-01 -3.566825289266766646e-02 -4.093634710854749059e+00 6.395226282557662234e-01 3.967528513020418535e-02 7.677531671836890226e-01 6.472798829912291296e+01
7.635330529935283606e-01 -9.229368906293387506e-03 -6.456195780486330138e-01 -3.268545697611663314e+01 -1.861085939668846029e-02 9.991679664974023600e-01 -3.629525239465887509e-02 -4.150313925205924015e+00 6.454173102880150781e-01 3.973117772189626445e-02 7.627259643423827118e-01 6.557280079262737615e+01
7.566089507527758995e-01 -1.009978227509312175e-02 -6.538138016674464037e-01 -3.342244850992089056e+01 -1.805558410298096009e-02 9.991765660399389848e-01 -3.633172924824852601e-02 -4.203861021465350234e+00 6.536423398485678993e-01 3.929628002555681648e-02 7.558036527095436385e-01 6.641450766594526556e+01
7.501065409701807019e-01 -1.067849408029594542e-02 -6.611942153220973228e-01 -3.416817218413634549e+01 -1.679348994512711371e-02 9.992395989260696165e-01 -3.517805876272901699e-02 -4.257504426800376329e+00 6.610671109897514608e-01 3.749111551780857227e-02 7.493568034287926283e-01 6.725063358971027583e+01
7.445641061370358305e-01 -1.149045519377226571e-02 -6.673798220090435551e-01 -3.492324658033665230e+01 -1.534368010538867191e-02 9.992929917630395398e-01 -3.432235995137183221e-02 -4.309765699039743936e+00 6.673021186087573220e-01 3.580167570789398457e-02 7.438615438578899397e-01 6.807779409832198780e+01
7.380723482692050919e-01 -1.287946692770938761e-02 -6.745921775034079415e-01 -3.568972658114577001e+01 -1.431637607934818472e-02 9.992936418012551281e-01 -3.473547103061888630e-02 -4.364489154397415582e+00 6.745632224913420405e-01 3.529242607563389672e-02 7.373666473349356210e-01 6.891175883633671617e+01
7.323793246528848000e-01 -1.461476428660387662e-02 -6.806920723639795501e-01 -3.647417172397631191e+01 -1.406577673274133668e-02 9.992314190865900780e-01 -3.658035399031345919e-02 -4.422061250513992015e+00 6.807034096868058715e-01 3.636914832747160237e-02 7.316110446668973033e-01 6.973773119722163472e+01
7.268331597053458992e-01 -1.326831129103810646e-02 -6.868105300429997451e-01 -3.726507755324751514e+01 -1.545030382382345073e-02 9.992443824482407644e-01 -3.565275177403654655e-02 -4.476170009290274088e+00 6.867650803485326749e-01 3.652108678308774864e-02 7.260790015781031226e-01 7.055687795070899426e+01
7.206727687718658126e-01 -1.395431095043846333e-02 -6.930269366175804135e-01 -3.806470841700553365e+01 -1.417968149584080718e-02 9.992914641189927227e-01 -3.485612988900342601e-02 -4.529748669273362616e+00 6.930223577616101416e-01 3.494731890017407222e-02 7.199643583605149777e-01 7.137544803970493490e+01
7.173823310018511146e-01 -1.378144105695895336e-02 -6.964278278424962387e-01 -3.886943481992925342e+01 -1.545507433595709988e-02 9.992433246901304411e-01 -3.569582062459791816e-02 -4.585774742056643483e+00 6.963926286317340120e-01 3.637634649928415953e-02 7.166266789027453399e-01 7.219171054303811275e+01
7.109361243379066497e-01 -1.333199492979720430e-02 -7.031635749021403203e-01 -3.969539727134664986e+01 -1.617280036825083367e-02 9.992458879601926469e-01 -3.530608670803977306e-02 -4.638445805902620123e+00 7.031041068983264752e-01 3.647072113106352570e-02 7.101844537472807861e-01 7.301171876756096424e+01
7.068275331335635014e-01 -1.514217248108648550e-02 -7.072030853077085899e-01 -4.052014635711246626e+01 -1.645235705679008384e-02 9.991485458346560655e-01 -3.783212743186240012e-02 -4.696443555178084317e+00 7.071741466759298156e-01 3.837491344074506899e-02 7.059765358160211557e-01 7.382475341203979724e+01
7.017359633388199347e-01 -1.804411781013384730e-02 -7.121773569706935092e-01 -4.135193052488622101e+01 -1.565259646506984847e-02 9.990473741689156473e-01 -4.073514469848012881e-02 -4.761552559849203448e+00 7.122341679763016797e-01 3.973515822404743297e-02 7.007850752730263588e-01 7.463175137849142970e+01
6.966324203752043420e-01 -1.807749402265207764e-02 -7.171219996565161292e-01 -4.220032455211722322e+01 -1.681584797625267427e-02 9.989963387013803819e-01 -4.150482606343548070e-02 -4.824343268033381982e+00 7.171530303871161971e-01 4.097052835829698841e-02 6.956293018555750329e-01 7.543702158135747027e+01
6.907307408226787127e-01 -1.803251358603721877e-02 -7.228764569469352530e-01 -4.305358011965977028e+01 -1.558984192263499456e-02 9.990852330650574764e-01 -3.982290095627905036e-02 -4.880046670365091543e+00 7.229337274894980236e-01 3.877310006328084369e-02 6.898177508017477866e-01 7.624429841873920566e+01
6.874660992701571161e-01 -1.813750385829011186e-02 -7.258888864469407176e-01 -4.391571991971325417e+01 -1.465740560097453064e-02 9.991378122257432715e-01 -3.883830061224720354e-02 -4.941255485683439197e+00 7.259676171134258338e-01 3.734026101491177280e-02 6.866076511376141278e-01 7.704877254285034383e+01
6.820482601775403886e-01 -1.832122560116766427e-02 -7.309648933050152397e-01 -4.478898404811364742e+01 -1.431042541861406517e-02 9.991603527465432455e-01 -3.838702993642660599e-02 -5.009003206137917275e+00 7.310545869061351176e-01 3.664618005344690704e-02 6.812133765168345567e-01 7.784788185794538151e+01
6.781382826066794101e-01 -1.988882548233013997e-02 -7.346016784344920891e-01 -4.566312458582387990e+01 -1.312866740895657358e-02 9.991463717797679500e-01 -3.916271549881625291e-02 -5.067259850590546399e+00 7.347535560703699620e-01 3.620641511824720937e-02 6.772981917782563421e-01 7.864731487734017890e+01
6.730362726154914821e-01 -2.010772406274013643e-02 -7.393768335633663646e-01 -4.655699591396025028e+01 -1.217796150640181735e-02 9.991935786621292115e-01 -3.826042654500127344e-02 -5.130614312698093649e+00 7.395498906983937193e-01 3.475786625921858247e-02 6.722485174815348019e-01 7.943987959212306293e+01
6.698619006319165292e-01 -2.180762930755558021e-02 -7.421021725004822711e-01 -4.745731117788288600e+01 -1.023327539144424335e-02 9.992024453126637784e-01 -3.859258693973598858e-02 -5.186314970699775095e+00 7.423519906989334283e-01 3.344612063836171351e-02 6.691044539325866625e-01 8.024068901411455101e+01
6.660579593637779849e-01 -2.392211155549835502e-02 -7.455687537155253342e-01 -4.835319117153887447e+01 -7.793651110339547793e-03 9.992078347901133251e-01 -3.902923687954992088e-02 -5.248529228559341675e+00 7.459115014311925584e-01 3.181308106019477278e-02 6.653436466496366331e-01 8.103708876497026381e+01
6.617899214636385752e-01 -2.864916029093858910e-02 -7.490768578347469786e-01 -4.925965070605234786e+01 -5.145310071227970732e-03 9.990724727575202024e-01 -4.275495596625981248e-02 -5.312822075392714893e+00 7.496069915437213460e-01 3.214975237745888031e-02 6.610286751910728897e-01 8.182658694998158921e+01
6.568626714283305468e-01 -3.310538156050945452e-02 -7.532184632955143400e-01 -5.017372802189279213e+01 -3.649393771031845049e-04 9.990216727888083792e-01 -4.422147603295046442e-02 -5.375491482558860667e+00 7.539456209519204144e-01 2.932249050055834444e-02 6.562079004079527378e-01 8.260640130395698577e+01
6.514791701278130898e-01 -3.689531844458447674e-02 -7.577608836579747820e-01 -5.110500965462495770e+01 4.886429890971699490e-03 9.990002581244404878e-01 -4.443338443178347641e-02 -5.438053061791865872e+00 7.586428874502725295e-01 2.524475680008939418e-02 6.510080175790453616e-01 8.339939319481273117e+01
6.421179046681974034e-01 -4.114153699913948581e-02 -7.655065593046146422e-01 -5.203378870813035206e+01 1.062731450611527871e-02 9.989403176255148287e-01 -4.478731458083538841e-02 -5.509956456714031781e+00 7.665382104049279777e-01 2.062001227628041874e-02 6.418751916886793474e-01 8.417024072758680120e+01
6.342282816774706955e-01 -4.137527711773620470e-02 -7.720820830570782611e-01 -5.297313269150407677e+01 1.231468928535160191e-02 9.989808301378911848e-01 -4.343695885026697262e-02 -5.582611888626786367e+00 7.730919506700878463e-01 1.804380345271524091e-02 6.340917323771431136e-01 8.495044269939174342e+01
6.233264934683574454e-01 -4.075233618854091910e-02 -7.809023678401588731e-01 -5.393940267136952826e+01 1.421063970523918363e-02 9.990660880223122264e-01 -4.080728036828461941e-02 -5.640248619961310439e+00 7.818361211432748314e-01 1.433619947698024609e-02 6.233240499218367647e-01 8.571521661745879328e+01
6.144396132992683279e-01 -3.959858877749755646e-02 -7.878846696287112872e-01 -5.491999750667542202e+01 1.384670308084299910e-02 9.991270507423806180e-01 -3.941855219365708596e-02 -5.712287028046139525e+00 7.887574744732773757e-01 1.331236482607162097e-02 6.144515601977005304e-01 8.647068330838042982e+01
6.068976131659192808e-01 -4.108624423991964758e-02 -7.937069721991795168e-01 -5.589807713304330150e+01 1.229380462545985424e-02 9.990284716313249103e-01 -4.231561725699173326e-02 -5.774465568888177636e+00 7.946747099919837520e-01 1.591877552250888991e-02 6.068135020328954132e-01 8.721200854088986887e+01
5.961785361723845877e-01 -4.354870753002318406e-02 -8.016435143617043346e-01 -5.689603615589950891e+01 1.413188100816684459e-02 9.989423095691577492e-01 -4.376756578549281795e-02 -5.845161808829483441e+00 8.027011313307457208e-01 1.477130993237925002e-02 5.961632743413132207e-01 8.793561066991910025e+01
5.865082468231298529e-01 -4.389595641373698204e-02 -8.087662377469205799e-01 -5.791086197424579041e+01 1.261309661111510022e-02 9.989047092544629525e-01 -4.506168649440959323e-02 -5.910337518518655742e+00 8.098579237402808717e-01 1.623803436682507220e-02 5.864187709503005941e-01 8.866434512332664042e+01
5.777748766244350520e-01 -4.445512968656727126e-02 -8.149210604757968213e-01 -5.892569067794618576e+01 1.639396996191868142e-02 9.989464767070280748e-01 -4.285977646148723258e-02 -5.983576611347096730e+00 8.159677801733048463e-01 1.140572194079143148e-02 5.778945853320198722e-01 8.939100617401423676e+01
5.653504587797394398e-01 -4.505940680778419694e-02 -8.235234508478818105e-01 -5.995789663054497254e+01 1.859834945124213754e-02 9.989489595176566095e-01 -4.188218551221872116e-02 -6.055342064108355515e+00 8.245456967994618802e-01 8.351925868039762960e-03 5.655947190851114970e-01 9.008991807409705643e+01
5.548428350733753955e-01 -4.562044490997320401e-02 -8.307091189282027610e-01 -6.101155920478484518e+01 1.907298872515449800e-02 9.989304526990439026e-01 -4.211623852135106677e-02 -6.125343021773157481e+00 8.317422856332444825e-01 7.520813884409100966e-03 5.551195106513480138e-01 9.078200071161630547e+01
5.465297215130235919e-01 -4.650539312268531927e-02 -8.360717478538177705e-01 -6.206825129377919836e+01 1.829965200427966648e-02 9.988817535678514714e-01 -4.359850701738226392e-02 -6.191814548218123271e+00 8.371641017819747566e-01 8.530488472087883675e-03 5.467694922500576649e-01 9.147200887439726102e+01
5.351159306684454275e-01 -4.725345212016221486e-02 -8.435215293064548536e-01 -6.314078104635085253e+01 1.761379668287974681e-02 9.988411421483637254e-01 -4.478097338380257475e-02 -6.263163049628463597e+00 8.446606856245717498e-01 9.099272545076654214e-03 5.353284391537110887e-01 9.213795209064940650e+01
5.261708964488645002e-01 -4.830355006889899133e-02 -8.489856232455682550e-01 -6.421558687748594707e+01 1.637834816824599443e-02 9.987761831524357703e-01 -4.666900059539047518e-02 -6.338759522274497904e+00 8.502005900629131530e-01 1.065702702768968682e-02 5.263176236724731449e-01 9.278642781987515775e+01
