1.0 0.0 0.0 0.0 0.0 1.0 0.0 0.0 0.0 0.0 1.0 0.0
0.9999307 0.01166506 0.0015865716 0.29870605 -0.011661525 0.9999295 -0.0022199608 -0.010131836 -0.0016123592 0.002201304 0.9999963 0.004638672
0.9998395 0.01787417 0.0012965096 0.58569336 -0.017867185 0.99982685 -0.005215517 -0.024658203 -0.0013894815 0.005191524 0.9999856 0.0043945312
0.99978894 0.020544237 0.00044165278 0.8864746 -0.020540351 0.99976104 -0.007498572 -0.032836914 -0.0005955273 0.007487917 0.9999718 0.009887695
0.9998191 0.018994953 -0.0010205015 1.1950684 -0.019003026 0.99978256 -0.008589497 -0.037963867 0.0008571574 0.0086073335 0.99996257 0.01184082
0.99993 0.01169385 -0.0017823481 1.515625 -0.011712717 0.99987125 -0.0109679755 -0.042114258 0.0016538589 0.010988088 0.99993825 0.009521484
0.9999945 -2.8142826e-05 -0.0033066699 1.8421631 -1.1447785e-05 0.99992836 -0.011969041 -0.040649414 0.00330677 0.011969013 0.9999229 0.015625
0.9998399 -0.017464794 -0.0039025599 2.1712646 0.017419275 0.9997832 -0.011409862 -0.027832031 0.0041009565 0.0113400705 0.9999273 0.021850586
0.99935657 -0.03561483 -0.0041505187 2.5175781 0.035577405 0.9993281 -0.008768369 0.00390625 0.00446 0.008614988 0.999953 0.021118164
0.99845535 -0.05532207 -0.005205478 2.8674316 0.05530396 0.9984636 -0.0035600783 0.040161133 0.0053944304 0.0032667038 0.9999801 0.025878906
0.99722296 -0.074259795 -0.005552415 3.2322998 0.07424448 0.9972353 -0.0029154466 0.08215332 0.005753609 0.0024950588 0.99998033 0.025390625
0.99542224 -0.09547423 -0.004840447 3.6124268 0.09545188 0.9954253 -0.0046571745 0.12780762 0.005262716 0.004174034 0.99997747 0.030761719
0.9933146 -0.11536393 -0.004250505 3.9962158 0.115334645 0.99330527 -0.006588476 0.1772461 0.0049821474 0.0060540684 0.99996924 0.036621094
0.9911981 -0.13236327 -0.00326393 4.3981934 0.1323437 0.9911902 -0.0056240405 0.24145508 0.0039793304 0.0051426375 0.99997884 0.03967285
0.98894185 -0.14827949 -0.0028815914 4.8168945 0.14826709 0.9889393 -0.004120618 0.3206787 0.003460677 0.0036477358 0.99998736 0.04333496
0.98662543 -0.16291331 -0.0032978845 5.2419434 0.1629032 0.98662764 -0.0031342495 0.4008789 0.0037646075 0.0025547834 0.9999896 0.049804688
0.98469156 -0.17427552 -0.0037964117 5.6762695 0.17425704 0.98469067 -0.004753812 0.4885254 0.0045668 0.004019458 0.99998146 0.052001953
0.9829604 -0.18373545 -0.005247915 6.130371 0.1836904 0.98294973 -0.008064718 0.5690918 0.006640121 0.0069631995 0.9999537 0.06286621
0.9815252 -0.19123472 -0.006810257 6.592407 0.19118528 0.9815313 -0.007296475 0.6647949 0.008079688 0.0058596185 0.9999502 0.072387695
0.980019 -0.19865821 -0.009502344 7.0775146 0.19859469 0.98005134 -0.007224783 0.776001 0.010748301 0.005192868 0.9999287 0.06628418
0.97844416 -0.20615214 -0.01146332 7.564087 0.20607372 0.97849786 -0.0076619033 0.88586426 0.012796424 0.005134065 0.99990493 0.07409668
0.9763605 -0.2157104 -0.012869403 8.067139 0.21556127 0.976404 -0.0120432265 0.99487305 0.015163815 0.0089831855 0.99984455 0.080078125
0.9750277 -0.22174601 -0.012480503 8.579468 0.22151731 0.97500354 -0.017438758 1.1043701 0.016034972 0.014238199 0.99977 0.09753418
0.9729734 -0.23048459 -0.014102229 9.115234 0.23021683 0.97296584 -0.018350195 1.2303467 0.017950902 0.014607696 0.999732 0.114746094
0.9707306 -0.23933478 -0.020228796 9.641357 0.2390817 0.9709002 -0.014159631 1.3812256 0.023028707 0.008910944 0.9996952 0.11462402
0.968994 -0.24592356 -0.023947075 10.188599 0.24570276 0.969274 -0.011810071 1.5351562 0.026115023 0.005559493 0.9996434 0.12487793
0.96634763 -0.25612074 -0.024943212 10.75 0.25580606 0.96663415 -0.015134097 1.6842041 0.02798599 0.008247235 0.99957424 0.14050293
0.9644121 -0.26308087 -0.02655362 11.322388 0.2627081 0.96473384 -0.01672896 1.8406982 0.03001827 0.009158132 0.9995072 0.16918945
0.96213585 -0.27092287 -0.030084139 11.90625 0.27053154 0.96257514 -0.016474484 2.0128174 0.03342047 0.007712434 0.9994115 0.1875
0.9597733 -0.2787535 -0.032971874 12.498657 0.27837068 0.9603207 -0.015774135 2.1937256 0.036062278 0.0059595704 0.99933183 0.203125
0.9573626 -0.28645152 -0.037635352 13.100586 0.2859949 0.95808524 -0.017119864 2.38208 0.040961616 0.0056291353 0.99914503 0.22851562
0.95528513 -0.29217473 -0.045006603 13.714233 0.29161665 0.95633346 -0.018652108 2.5772705 0.048491746 0.00468901 0.9988122 0.26501465
0.9535509 -0.29630783 -0.054071423 14.345581 0.29574138 0.95508176 -0.018373307 2.7814941 0.057088185 0.0015251148 0.9983675 0.2915039
0.95191354 -0.2997226 -0.06347069 14.982178 0.29913872 0.95402634 -0.018727431 2.993164 0.066168144 -0.0011595162 0.9978078 0.33093262
0.9497936 -0.30418712 -0.07313262 15.626709 0.30369857 0.9525903 -0.017981747 3.210205 0.075136095 -0.0051300284 0.99716073 0.37060547
0.9482527 -0.3071492 -0.08086991 16.286499 0.30676848 0.9516568 -0.01739443 3.4351807 0.08230203 -0.008299434 0.99657476 0.4222412
0.9458779 -0.31242713 -0.08776254 16.953735 0.31222516 0.94986486 -0.01636948 3.6625977 0.088478506 -0.01191472 0.9960081 0.4807129
0.9437195 -0.31677034 -0.09501688 17.62915 0.31686494 0.94834816 -0.014490782 3.9049072 0.09470086 -0.016435286 0.9953703 0.5452881
0.94218636 -0.31947246 -0.10128166 18.319824 0.3198689 0.94739527 -0.012742076 4.1538086 0.10002276 -0.020386029 0.9947761 0.61206055
0.9396039 -0.3255622 -0.10561167 19.023682 0.32623166 0.9452232 -0.011371285 4.4068604 0.10352557 -0.023773273 0.9943411 0.68444824
0.9379261 -0.32977608 -0.10761397 19.737915 0.33073846 0.9436985 -0.009301288 4.6695557 0.1046197 -0.026865393 0.994148 0.75927734
0.93544024 -0.3368222 -0.10725753 20.462158 0.33780956 0.9411708 -0.009385883 4.941162 0.10410654 -0.027457992 0.994185 0.8453369
0.9338778 -0.34154442 -0.105944395 21.190552 0.34265324 0.9394297 -0.008124596 5.2181396 0.10230151 -0.028715465 0.9943385 0.92419434
0.93154186 -0.34852004 -0.103965186 21.932373 0.3495316 0.93690604 -0.008911922 5.501953 0.100512385 -0.028029764 0.9945414 1.0089111
0.9294698 -0.3548862 -0.10079418 22.65564 0.35589942 0.9344962 -0.008351139 5.7886963 0.09715603 -0.028107412 0.99487257 1.0916748
0.9252247 -0.366891 -0.09648546 23.431152 0.3680918 0.92974913 -0.005693185 6.1013184 0.09179671 -0.030250482 0.995319 1.1656494
0.9227847 -0.37414953 -0.09187299 24.191162 0.37544683 0.9268153 -0.0033876537 6.418579 0.086417146 -0.031368732 0.99576586 1.2452393
0.9198343 -0.3820637 -0.089128084 24.951294 0.38359222 0.9235092 2.0968495e-05 6.748535 0.08230153 -0.034207463 0.99601996 1.317749
0.9171047 -0.38903725 -0.08747147 25.707397 0.3905933 0.92060864 0.0007428548 7.08667 0.080240645 -0.034841143 0.99616605 1.390625
0.9123614 -0.39992034 -0.087892994 26.486206 0.40161142 0.91584647 0.001699406 7.430908 0.07981471 -0.03685125 0.99612635 1.4642334
0.9088568 -0.40798587 -0.08660222 27.266113 0.40973237 0.912186 0.0026471205 7.788208 0.07791962 -0.037888523 0.9962404 1.5299072
0.90495527 -0.41683683 -0.085667334 28.0542 0.41854787 0.90821207 0.0022223536 8.161621 0.07687464 -0.037863057 0.9963212 1.5982666
0.90152425 -0.4246865 -0.08257532 28.84729 0.42632738 0.9045204 0.0025034854 8.5407715 0.07363045 -0.037456997 0.996584 1.6712646
0.8990813 -0.4307282 -0.07865569 29.647217 0.43220243 0.90180725 0.0019330024 8.928711 0.07010346 -0.03572315 0.9969009 1.7408447
0.89520377 -0.43945476 -0.07395479 30.464111 0.44093627 0.89751697 0.0041894745 9.337769 0.06453553 -0.036359817 0.9972531 1.7982178
0.8923151 -0.44612962 -0.0689788 31.27539 0.44745225 0.8943082 0.0042221704 9.74646 0.05980462 -0.034639202 0.99760795 1.8684082
0.8881681 -0.4545734 -0.06734283 32.102173 0.45580924 0.8900783 0.0034081587 10.174194 0.058393296 -0.03371653 0.99772483 1.927124
0.88542414 -0.46015376 -0.06524905 32.935303 0.4613363 0.8872053 0.0034757652 10.618774 0.05628435 -0.03318664 0.997862 1.9859619
0.8829885 -0.46513873 -0.06312099 33.771484 0.46624178 0.88465536 0.0031458796 11.064697 0.054377127 -0.03220422 0.9980012 2.0352783
0.8792378 -0.47233564 -0.061344597 34.625366 0.47332653 0.88084126 0.0018585634 11.528931 0.053159717 -0.030675158 0.998115 2.0932617
0.87704957 -0.47656482 -0.06071026 35.482544 0.47749442 0.87864304 0.0009139937 11.993652 0.052904174 -0.029786743 0.9981552 2.147583
0.8753418 -0.47970772 -0.06077813 36.343994 0.48058516 0.8769689 -0.00021210965 12.47229 0.05339825 -0.02901988 0.99815136 2.2001953
0.8738115 -0.48231906 -0.060962792 37.220703 0.48318645 0.87545645 -0.0005804952 12.973145 0.053653624 -0.028952992 0.99814034 2.2537842
0.873405 -0.48327196 -0.0598991 38.10547 0.48418295 0.8749519 0.0007996245 13.467773 0.05202271 -0.029696908 0.9982047 2.3098145
0.8732401 -0.4836992 -0.058446746 39.012573 0.48456332 0.8747146 0.0007071777 13.97644 0.050784037 -0.028937992 0.9982909 2.3658447
0.87303334 -0.48431617 -0.057290748 39.923706 0.48506132 0.8744981 -0.0010245321 14.4921875 0.05059677 -0.026897565 0.9983565 2.4213867
0.8730351 -0.48428854 -0.056847323 40.84485 0.4849385 0.87451947 -0.0026651258 15.005249 0.05100539 -0.025241686 0.9983796 2.4777832
0.87134445 -0.48753372 -0.056027222 41.77893 0.48810422 0.8728164 -0.003937208 15.53772 0.05081861 -0.023913845 0.9984214 2.536255
0.87052435 -0.4891315 -0.05382274 42.713623 0.4896089 0.8719053 -0.0048256237 16.065674 0.04929017 -0.022153635 0.99853885 2.5927734
0.86899227 -0.4923847 -0.049908537 43.646606 0.49281153 0.8701723 -0.0042087813 16.603271 0.045500852 -0.020931449 0.9987452 2.6500244
0.866356 -0.49733958 -0.044692937 44.579834 0.49767715 0.86730516 -0.004018989 17.13733 0.040761307 -0.018765252 0.9989927 2.7078857
0.86302775 -0.5035634 -0.042132802 45.504272 0.50378966 0.86390394 -0.005833148 17.66748 0.039335918 -0.016183848 0.9990951 2.7694092
0.8576919 -0.5124176 -0.04277631 46.42578 0.5125254 0.85864437 -0.009248897 18.219482 0.041465625 -0.013993415 0.99904156 2.8232422
0.8520678 -0.5214779 -0.04493903 47.335327 0.52152157 0.85314524 -0.011678807 18.778809 0.04442947 -0.013483175 0.9989217 2.8757324
0.84537 -0.53232926 -0.04512125 48.256348 0.53237975 0.84645796 -0.011888623 19.357056 0.044523068 -0.013966609 0.9989109 2.93042
0.8395981 -0.54157054 -0.040641464 49.166504 0.5417216 0.8404445 -0.008158297 19.947632 0.03857676 -0.015172501 0.9991403 2.9797363
0.8360024 -0.5475227 -0.037585404 50.06299 0.5477332 0.8366916 -0.0053589973 20.54602 0.034382187 -0.01609885 0.9992793 3.0341797
0.83156717 -0.55402666 -0.03998554 50.95703 0.5543011 0.8323314 -0.004884168 21.149048 0.035984606 -0.018103303 0.99918807 3.0809326
0.8281316 -0.5587338 -0.043512546 51.852783 0.55898327 0.8290735 -0.0073514553 21.759766 0.04018087 -0.018240362 0.9990257 3.1280518
0.82476294 -0.563072 -0.05101247 52.730713 0.56341535 0.8260585 -0.008756999 22.367188 0.04707011 -0.021522176 0.9986597 3.187622
0.82195795 -0.567203 -0.05201595 53.604492 0.5675385 0.8233158 -0.009506725 22.985962 0.048217177 -0.021699565 0.9986014 3.2418213
0.81996053 -0.5702053 -0.048742414 54.487305 0.57055235 0.82112944 -0.007837233 23.603394 0.04449597 -0.021389477 0.9987807 3.3033447
0.81583834 -0.5766587 -0.042774282 55.374268 0.57694894 0.8167284 -0.00646272 24.238892 0.03866295 -0.01940822 0.99906385 3.354126
0.81267697 -0.58124954 -0.04062149 56.234863 0.5815587 0.8134555 -0.00496104 24.87915 0.035926245 -0.019592527 0.99916244 3.402954
0.81039786 -0.58441305 -0.0420837 57.11377 0.58480734 0.81119794 -0.0035148906 25.516113 0.036194447 -0.021757577 0.9991082 3.4552002
0.8064363 -0.5898237 -0.042954057 57.985596 0.5902068 0.80728686 -0.0044867727 26.166016 0.03732372 -0.021728259 0.9990672 3.4979248
0.8031325 -0.59425175 -0.044821296 58.855957 0.59458363 0.804107 -0.0069694347 26.814575 0.040182933 -0.021046882 0.99897075 3.553711
0.79853785 -0.6002859 -0.044100583 59.726807 0.6005532 0.79951024 -0.008391835 27.468506 0.040298004 -0.019787565 0.9989918 3.6021729
0.79437727 -0.60587585 -0.043000776 60.598145 0.6060886 0.79532284 -0.009394467 28.140991 0.03989071 -0.018599536 0.99903095 3.6549072
0.7901911 -0.61140543 -0.042183444 61.463867 0.61165696 0.7910803 -0.008175351 28.807983 0.038365904 -0.019347537 0.99907595 3.7034912
0.78476083 -0.61824256 -0.042368475 62.323242 0.6184242 0.7856941 -0.01025502 29.499878 0.039630584 -0.018160151 0.9990493 3.762329
0.7792739 -0.62529933 -0.042701513 63.17993 0.625467 0.7802319 -0.010972174 30.189697 0.040173613 -0.018156493 0.99902743 3.814331
0.7735451 -0.6322751 -0.043326348 64.03027 0.6324342 0.7745399 -0.011668023 30.87976 0.040940072 -0.018378483 0.9989926 3.8638916
0.76773703 -0.6393041 -0.043339245 64.883545 0.639375 0.7687728 -0.014027987 31.596558 0.042282347 -0.01693958 0.9989619 3.9156494
0.7627137 -0.64519465 -0.043412186 65.73169 0.64522296 0.7637721 -0.015235499 32.315063 0.042989966 -0.0163902 0.99894124 3.972412
0.75579464 -0.6534195 -0.043000218 66.57739 0.65341043 0.756851 -0.016215583 33.04724 0.043138307 -0.015837468 0.9989435 4.026367
0.7493522 -0.66085064 -0.041213743 67.41748 0.6607955 0.7503436 -0.016898341 33.788452 0.04208858 -0.014578006 0.9990071 4.0809326
0.7438625 -0.6670899 -0.03954007 68.24829 0.666982 0.7447965 -0.017798565 34.53943 0.041321293 -0.013131279 0.9990596 4.1341553
0.73737377 -0.67434835 -0.03904977 69.08618 0.6741813 0.7383082 -0.019287439 35.30139 0.04183636 -0.012109904 0.9990507 4.189453
0.7316233 -0.6804781 -0.04014224 69.91577 0.6802546 0.7326276 -0.021105433 36.081665 0.043767538 -0.01186814 0.9989709 4.2473145
0.7260846 -0.6865475 -0.040304568 70.738525 0.6863886 0.72708195 -0.019843198 36.868652 0.042922713 -0.013256437 0.99899 4.3027344
0.7199752 -0.6928093 -0.038742542 71.561035 0.6926062 0.72091734 -0.020622373 37.664185 0.0422184 -0.011993783 0.9990361 4.357666
0.71663386 -0.69617623 -0.04017706 72.38013 0.69600123 0.7176359 -0.02049496 38.46582 0.04310443 -0.013274928 0.99898255 4.414551
0.7101888 -0.7028916 -0.040282883 73.2041 0.70274234 0.71119225 -0.020140937 39.287598 0.042809423 -0.014000343 0.9989854 4.468628
0.705985 -0.7069479 -0.042196542 74.02026 0.70674956 0.7071008 -0.022005847 40.108887 0.045393907 -0.014290336 0.9988668 4.5270996
0.7008036 -0.7119916 -0.043569904 74.83081 0.7116813 0.70202667 -0.024977403 40.936768 0.04837114 -0.013503153 0.99873817 4.5926514
0.69564503 -0.716908 -0.044811856 75.63965 0.71661913 0.69693303 -0.02508116 41.781494 0.04921155 -0.014676554 0.99868 4.6567383
0.68983704 -0.72269857 -0.04262268 76.45093 0.7223866 0.69102156 -0.025125846 42.63086 0.047616515 -0.013458271 0.9987751 4.7145996
0.68662995 -0.72573805 -0.04119334 77.258545 0.7254058 0.6877505 -0.025279758 43.48999 0.046679057 -0.0125311 0.9988311 4.777832
0.68123746 -0.7308284 -0.04050547 78.06152 0.73048365 0.68233174 -0.025541466 44.359497 0.046304405 -0.012194118 0.9988528 4.847534
0.6773302 -0.73452324 -0.04007312 78.86426 0.7341036 0.67842525 -0.027164698 45.230347 0.047136694 -0.011021133 0.9988274 4.9073486
0.67228425 -0.73932517 -0.038630586 79.660645 0.738884 0.67331773 -0.027458709 46.120605 0.04630765 -0.010079161 0.9988764 4.9730225
0.6691508 -0.7421253 -0.037324138 80.4646 0.7415952 0.67014176 -0.029204234 47.017944 0.046685632 -0.008142533 0.9988762 5.0306396
0.6654034 -0.7456822 -0.035699293 81.264404 0.74504405 0.66633564 -0.031374753 47.910522 0.047178924 -0.005711286 0.9988704 5.0947266
0.6611102 -0.7493577 -0.036047403 82.05737 0.74849117 0.662085 -0.036156766 48.813477 0.050964385 -0.0030789343 0.99869585 5.159912
0.6563171 -0.7536883 -0.033232465 82.841064 0.7525913 0.6571559 -0.040684037 49.723877 0.052503586 0.0016876692 0.99861926 5.224365
0.651145 -0.75838464 -0.029166078 83.63818 0.7571065 0.6517613 -0.044553943 50.651367 0.052795 0.006925932 0.9985812 5.2891846
0.64204454 -0.7662804 -0.02455406 84.41455 0.76482034 0.64238894 -0.04893358 51.575195 0.05328032 0.012642481 0.99849993 5.3634033
0.6342694 -0.7728442 -0.021980401 85.19971 0.7714042 0.6344881 -0.0492786 52.510254 0.052036732 0.014310926 0.9985433 5.438965
0.62350935 -0.78160626 -0.018271783 85.97046 0.78024834 0.6235666 -0.048808295 53.47168 0.04955201 0.016179826 0.99864066 5.500244
0.614635 -0.78853834 -0.017243676 86.7312 0.78724843 0.61467385 -0.047773845 54.447998 0.048276845 0.015791224 0.9987094 5.5756836
0.6069989 -0.79444456 -0.019851632 87.47705 0.7930373 0.607157 -0.04935408 55.42212 0.051266585 0.014211614 0.9985837 5.6398926
0.5963658 -0.80246854 -0.018704955 88.20654 0.80094504 0.59644383 -0.05195549 56.415283 0.05285403 0.016013542 0.9984745 5.713379
0.5866205 -0.80962336 -0.020167058 88.940674 0.8080544 0.58678925 -0.05242362 57.42578 0.05426554 0.014461329 0.99842197 5.781494
0.57811385 -0.8157481 -0.015329545 89.67285 0.81422204 0.57803047 -0.05310237 58.436523 0.05217566 0.018215086 0.9984716 5.8588867
0.565828 -0.8243367 -0.012266286 90.37842 0.822827 0.56559396 -0.05386811 59.463867 0.051351074 0.020376781 0.99847215 5.9346924
0.55536014 -0.8315371 -0.0114264395 91.076416 0.8300061 0.55508775 -0.054561645 60.513184 0.051711556 0.020813229 0.9984449 6.008545
0.5470134 -0.8369559 -0.012427636 91.771484 0.83535045 0.54678863 -0.055545863 61.566162 0.053289253 0.02000589 0.99837893 6.078491
0.5355767 -0.8444525 -0.012984325 92.4436 0.84278494 0.5353872 -0.05643258 62.634277 0.054604214 0.019274997 0.9983216 6.1536865
0.52656823 -0.8499879 -0.014530681 93.09741 0.8482264 0.5264613 -0.057586506 63.705322 0.05659179 0.018000644 0.99823517 6.233032
0.51565635 -0.85659546 -0.01433184 93.74805 0.8548943 0.5155776 -0.05654794 64.798584 0.055840775 0.0169132 0.998297 6.310669
0.50706136 -0.8617946 -0.013421451 94.39868 0.8601904 0.5069753 -0.055048306 65.89111 0.054239094 0.016362658 0.9983935 6.3880615
0.49871257 -0.8667348 -0.010046808 95.0332 0.8652348 0.49847758 -0.054152906 66.99487 0.051944915 0.018309517 0.99848187 6.47229
0.49117285 -0.8711276 -0.009727693 95.65674 0.8696599 0.49094442 -0.05361357 68.11963 0.05146254 0.017871855 0.9985147 6.5423584
0.48276967 -0.87566227 -0.00957521 96.275635 0.87402546 0.48248875 -0.056805253 69.2395 0.054360233 0.019053105 0.9983395 6.6228027
0.47756758 -0.8785138 -0.0076456806 96.89917 0.87672484 0.4771187 -0.060231537 70.35425 0.056562398 0.022073086 0.9981558 6.6988525
0.4718247 -0.881648 -0.0067843827 97.50195 0.8796741 0.4712577 -0.06368734 71.488525 0.059362344 0.024085391 0.99794626 6.7786865
0.46651152 -0.8844162 -0.006810872 98.09375 0.88226354 0.46588787 -0.066557996 72.620605 0.062055375 0.025046177 0.99775887 6.8688965
0.46205512 -0.8869943 -0.0040167794 98.69385 0.8848548 0.4612464 -0.06747029 73.76172 0.06168957 0.027616313 0.99771297 6.958496
0.45617864 -0.8899649 6.925703e-05 99.2854 0.8880994 0.45521724 -0.064754054 74.9021 0.057591986 0.029602015 0.9979013 7.043701
0.4538179 -0.8910017 0.0054248367 99.86011 0.88938725 0.45261025 -0.06322793 76.03589 0.053897813 0.033518713 0.9979837 7.1331787
0.44929177 -0.8934503 0.007644676 100.43237 0.89193135 0.44799224 -0.062738806 77.17334 0.05261157 0.03499256 0.9980009 7.215088
0.44755444 -0.8942197 0.009646612 101.00049 0.8927858 0.4461637 -0.062442895 78.31177 0.05152357 0.036557425 0.9980024 7.296631
0.44534698 -0.89514333 0.012314322 101.56055 0.8938713 0.44387227 -0.06115395 79.42969 0.04928658 0.03825621 0.9980525 7.371704
0.44105348 -0.8973096 0.014667167 102.11279 0.89617974 0.4395181 -0.059946172 80.55249 0.047349773 0.039585017 0.9980937 7.44812
0.4405253 -0.8975386 0.016271908 102.66528 0.8964282 0.438877 -0.06089491 81.67578 0.047500167 0.041418646 0.9980126 7.524536
0.43855682 -0.8984382 0.018997882 103.20337 0.89748794 0.4368268 -0.05985342 82.778076 0.045485493 0.043309093 0.99802613 7.5944824
0.43604022 -0.8996112 0.023408141 103.740234 0.8988478 0.43410778 -0.060034692 83.88574 0.043842643 0.047235154 0.9979222 7.6688232
0.43399253 -0.90045834 0.026543368 104.27612 0.8998733 0.43196258 -0.05929637 84.990234 0.04193331 0.049626205 0.9978874 7.7371826
0.43295518 -0.9008436 0.02759135 104.79297 0.9002732 0.43084058 -0.060118493 86.07178 0.042277403 0.05086164 0.9978098 7.805298
0.43141738 -0.9016706 0.02820528 105.30591 0.9010694 0.42920613 -0.061508473 87.14014 0.04334962 0.05195482 0.9977083 7.871582
0.4324598 -0.9011955 0.02854143 105.81494 0.9005881 0.43020114 -0.06212275 88.20874 0.043694958 0.052581713 0.9976612 7.940674
0.43244213 -0.90133137 0.027057357 106.30493 0.9006018 0.430197 -0.063126236 89.25049 0.04524415 0.051673736 0.99763924 8.0078125
0.43395686 -0.9007413 0.024441158 106.79712 0.8999263 0.43187746 -0.062156484 90.30591 0.045428447 0.048952617 0.9977666 8.078857
0.43803155 -0.89872843 0.021773487 107.28613 0.8978179 0.43609518 -0.061659902 91.32666 0.045905735 0.04654102 0.99786025 8.144775
0.4436719 -0.895869 0.020281209 107.77075 0.8948791 0.4417745 -0.062157113 92.35254 0.046737332 0.045723945 0.9978598 8.20874
0.4512886 -0.8922647 0.01870216 108.27905 0.8912471 0.44948375 -0.061571922 93.37256 0.046517447 0.044449076 0.99792796 8.279175
0.45483652 -0.89031 0.01766475 108.782715 0.8892939 0.45311266 -0.06072055 94.37427 0.04605692 0.0433384 0.9979989 8.345459
0.46441388 -0.88539076 0.016753534 109.29346 0.88438636 0.46275213 -0.059982207 95.37036 0.045367 0.042666122 0.99805826 8.403198
0.47465262 -0.88011044 0.015941001 109.8147 0.87914413 0.47306672 -0.058794815 96.35742 0.044196405 0.041917086 0.998143 8.470215
0.48232523 -0.87593526 0.015093354 110.3418 0.8749653 0.48078546 -0.058388412 97.33838 0.04387619 0.041362878 0.9981802 8.531006
0.49334803 -0.86979 0.013256918 110.8855 0.8687451 0.49185959 -0.05881608 98.312744 0.044622965 0.040530216 0.99818134 8.592407
0.5017972 -0.86486304 0.009601793 111.427246 0.8636418 0.50042444 -0.05983118 99.26367 0.04694 0.038321853 0.9981627 8.651245
0.51449704 -0.85752636 0.0057371147 111.98096 0.8561872 0.513294 -0.05970177 100.20923 0.04824632 0.035630863 0.9981999 8.714478
0.52611995 -0.8503658 0.003098948 112.55151 0.84903175 0.5250833 -0.05802769 101.156494 0.047713365 0.033163097 0.99831057 8.779419
0.53859824 -0.84259456 0.0025720382 113.125 0.8413758 0.53764975 -0.055493724 102.08203 0.045374177 0.03205502 0.9984557 8.844116
0.55161047 -0.83421093 0.0027243793 113.72241 0.83313024 0.55072385 -0.052788284 103.000244 0.042524587 0.031383425 0.99860215 8.904541
0.562118 -0.82690775 0.0013786322 114.32422 0.8258183 0.5612906 -0.052271307 103.89404 0.042453647 0.030519187 0.9986321 8.964844
0.57386756 -0.81897235 0.0009172326 114.937744 0.817877 0.5730412 -0.05234092 104.78467 0.042352892 0.03078311 0.99862796 9.0217285
0.5860892 -0.8103424 -0.00048076423 115.562256 0.8091829 0.58528197 -0.053140257 105.65747 0.043333817 0.030757027 0.99858713 9.078613
0.59510773 -0.8035692 0.00011389196 116.18359 0.8023577 0.5942028 -0.054967675 106.507324 0.044108868 0.03280135 0.9984879 9.137817
0.6064216 -0.79521465 -0.00041724683 116.82007 0.79406726 0.605575 -0.053384785 107.33838 0.042693928 0.03203679 0.99857414 9.19812
0.6173915 -0.7866378 0.00018723554 117.46167 0.78558195 0.61654985 -0.051943623 108.16748 0.04075272 0.032220397 0.9986497 9.252075
0.62654483 -0.7793898 0.0019757105 118.101074 0.77848375 0.62569016 -0.049866326 108.97949 0.037619226 0.032783147 0.9987545 9.30603
0.6378268 -0.77012646 0.0012338265 118.75635 0.7692951 0.6370618 -0.047506995 109.77905 0.035801146 0.03125396 0.99887025 9.361938
0.6468399 -0.7624945 -0.0018588472 119.39282 0.7615958 0.6461923 -0.047019146 110.55005 0.03705702 0.028997209 0.99889225 9.410034
0.6559607 -0.75485146 -0.0038623607 120.04785 0.7539543 0.655415 -0.045656666 111.31763 0.036983684 0.027034603 0.99895 9.456665
0.66598016 -0.7459751 -0.004939672 120.70947 0.74508727 0.66548437 -0.044814825 112.06885 0.036715653 0.026166644 0.9989832 9.506714
0.6739363 -0.7388215 -0.0038970248 121.369385 0.7380444 0.67345196 -0.042607535 112.80542 0.03410059 0.025843535 0.99908453 9.555786
0.6821781 -0.7311943 -0.0027926685 122.038086 0.7304991 0.6816869 -0.04114959 113.522705 0.031994008 0.026026087 0.9991489 9.597046
0.691447 -0.7224877 -0.0022944717 122.71533 0.72182065 0.6909386 -0.04087554 114.23169 0.031115925 0.026602509 0.9991614 9.645508
0.69791806 -0.7161746 -0.003535002 123.37427 0.71553266 0.6974855 -0.039185047 114.91797 0.030523697 0.02482546 0.9992261 9.686768
0.70675045 -0.7073999 -0.003909979 124.05835 0.7067798 0.70634335 -0.038302016 115.60718 0.029859291 0.024299573 0.9992584 9.730469
0.7132853 -0.7007862 -0.0028774685 124.721924 0.70029074 0.7129243 -0.0348941 116.273926 0.02650563 0.022874974 0.999387 9.767456
0.718826 -0.69501317 -0.0013976188 125.39087 0.6945891 0.7184549 -0.03353156 116.937256 0.024317425 0.023129523 0.99943656 9.8063965
0.7278936 -0.6856806 -0.0019952585 126.065674 0.68529177 0.72757304 -0.031678483 117.5813 0.023170419 0.021690039 0.99949634 9.842651
0.7343398 -0.6787717 -0.002238826 126.72266 0.67842746 0.73406506 -0.029590467 118.19849 0.021728005 0.020209976 0.99955964 9.879395
0.7420979 -0.67021775 -0.0032903356 127.38965 0.66990876 0.74188876 -0.027116088 118.81445 0.020614544 0.017919999 0.999627 9.904785
0.751671 -0.659471 -0.0017657138 128.07764 0.65924644 0.75148 -0.024206607 119.4104 0.01729379 0.017031098 0.9997053 9.941162
0.7602055 -0.64976627 -0.0007900561 128.7417 0.64961 0.7600483 -0.021030813 119.98486 0.014264541 0.015474113 0.9997785 9.966187
0.7715612 -0.6360716 -0.0010119139 129.41553 0.6359596 0.77145326 -0.017601222 120.553955 0.011977863 0.012935369 0.99984455 9.994873
0.77988327 -0.6259325 -0.0023759534 130.0747 0.625808 0.779794 -0.01734401 121.09497 0.0127076665 0.012040268 0.9998468 10.01416
0.79010206 -0.61282915 -0.004319081 130.74829 0.61268157 0.79003495 -0.017477535 121.62402 0.014123686 0.011161845 0.999838 10.037964
0.8007123 -0.5990004 -0.0045779953 131.44507 0.59886473 0.80065686 -0.01649037 122.14966 0.013541806 0.0104615325 0.99985355 10.057861
0.8092586 -0.5873147 -0.0035567381 132.12036 0.5872082 0.80920315 -0.015073223 122.65698 0.011733038 0.010109975 0.9998801 10.076416
0.8208493 -0.57101053 -0.0013500734 132.83325 0.57095 0.82079256 -0.012805339 123.15527 0.008422977 0.009740319 0.99991715 10.093994
0.82894593 -0.55928206 0.0008114984 133.51929 0.55925506 0.82889 -0.011122151 123.63428 0.005546723 0.00967426 0.9999378 10.111328
0.8375434 -0.54644716 0.0024031163 134.23682 0.546444 0.8374981 -0.009235088 124.10156 0.003034577 0.00904756 0.9999544 10.126221
0.8457805 -0.5335108 0.005030363 134.9607 0.533534 0.84572977 -0.009297407 124.55737 0.0007061972 0.01054778 0.99994403 10.140259
0.852077 -0.5235265 0.006779216 135.68188 0.52356935 0.8520288 -0.00912565 125.00586 -0.0009992425 0.011323745 0.9999353 10.152588
0.8591598 -0.5116217 0.006071341 136.40356 0.51165706 0.85911727 -0.008593739 125.44043 -0.0008180067 0.0104901 0.99994457 10.15686
0.8663139 -0.49938238 0.0069272537 137.15771 0.49942324 0.8662925 -0.0066659744 125.88135 -0.0026730406 0.009234885 0.99995375 10.170898
0.87242687 -0.48859426 0.0063889986 137.89331 0.4886255 0.8724195 -0.0048411423 126.30664 -0.0032080612 0.0073458212 0.9999678 10.172241
0.87857425 -0.477565 0.0063194516 138.64697 0.47759205 0.87857413 -0.0037795585 126.72168 -0.0037471196 0.006337801 0.9999728 10.172852
0.88380826 -0.46772152 0.0064684246 139.40698 0.46775007 0.8838082 -0.0039354246 127.121826 -0.0038758349 0.0065041077 0.99997133 10.181641
0.88944924 -0.45702422 0.0057283007 140.17993 0.4570521 0.88943803 -0.0052467682 127.52051 -0.0026971707 0.007285163 0.9999698 10.192017
0.89314866 -0.44975486 0.0056906613 140.95776 0.44978374 0.89313436 -0.00566033 127.916016 -0.0025369835 0.0076149544 0.9999678 10.195068
0.8960584 -0.44381592 0.006161946 141.73584 0.44384423 0.89605486 -0.004347076 128.30908 -0.0035915424 0.006630521 0.9999716 10.1936035
0.9002192 -0.43526518 0.009428941 142.5354 0.43530354 0.9002468 -0.0023904305 128.70166 -0.0074475026 0.006256202 0.99995273 10.196045
0.9033757 -0.42868418 0.012028021 143.34546 0.4287043 0.9034458 0.0009806678 129.0852 -0.01128732 0.0042710835 0.9999272 10.196899
0.90526605 -0.42459118 0.013681016 144.17407 0.42457533 0.90536726 0.004189282 129.49316 -0.014164971 0.0020172936 0.9998976 10.19165
0.90938205 -0.41571444 0.015284621 145.00903 0.41565815 0.90951043 0.0068459883 129.87402 -0.016746704 0.00012850529 0.9998597 10.18335
0.9117735 -0.41041136 0.016779335 145.85107 0.41031823 0.91192734 0.008821342 130.26538 -0.018921278 -0.0011564619 0.9998202 10.169312
0.91517717 -0.40251496 0.018912593 146.72632 0.40239355 0.91537136 0.010005917 130.64966 -0.021340141 -0.0015448118 0.9997711 10.156006
0.9186416 -0.39455312 0.021786645 147.58789 0.39441717 0.9188995 0.010402523 131.02783 -0.02412235 -0.0009644795 0.99970853 10.141602
0.92187715 -0.38678816 0.022894835 148.48608 0.38665462 0.9221612 0.01017597 131.40869 -0.025049169 -0.0005292401 0.9996861 10.129395
0.92530715 -0.37851736 0.023104299 149.396 0.3784143 0.92559564 0.008848477 131.78882 -0.024734644 0.00055691303 0.99969375 10.10083
0.92911714 -0.36899287 0.02353809 150.32251 0.3689371 0.9294124 0.006831315 132.14673 -0.024397328 0.0023386558 0.99969953 10.090576
0.9332541 -0.3584233 0.022776656 151.27222 0.35839972 0.9335263 0.005249201 132.51074 -0.023144543 0.0032658037 0.9997268 10.064453
0.9374435 -0.34746242 0.02155106 152.22437 0.3474373 0.93768716 0.005018806 132.86987 -0.021952365 0.0027837064 0.999755 10.054321
0.94216484 -0.33452716 0.019895894 153.1875 0.33446786 0.9423747 0.0063327868 133.22827 -0.0208681 0.0006885675 0.999782 10.037842
0.94751924 -0.3190059 0.02044541 154.18604 0.3188525 0.9477339 0.010451127 133.57861 -0.02271175 -0.003383297 0.9997363 10.016113
0.95369667 -0.29995465 0.022389174 155.18774 0.29969683 0.9539353 0.014176868 133.90259 -0.025609527 -0.006810443 0.9996488 9.990601
0.95984757 -0.27954003 0.023383884 156.21362 0.27918983 0.9600809 0.01716853 134.21631 -0.027248865 -0.0099510355 0.99957925 9.976807
0.9656453 -0.25869033 0.024515294 157.2688 0.25824797 0.9658718 0.019818993 134.51099 -0.0288042 -0.012806755 0.9995031 9.955811
0.97087187 -0.23826341 0.025558822 158.34253 0.23776656 0.9711026 0.021018634 134.78882 -0.02982795 -0.014329591 0.99945223 9.924561
0.97607934 -0.21546064 0.02897853 159.40967 0.21487835 0.97639155 0.021934234 135.04028 -0.033020224 -0.0151821105 0.99933934 9.909668
0.98057175 -0.1934932 0.032195084 160.51123 0.19276565 0.980941 0.02436857 135.25732 -0.036296893 -0.017687209 0.99918413 9.869141
0.98464274 -0.17065609 0.036736462 161.6499 0.16977432 0.9851392 0.025928643 135.47095 -0.040616717 -0.019292051 0.99898815 9.843262
0.9880945 -0.1484583 0.040398546 162.75195 0.14739794 0.9886791 0.02809192 135.65112 -0.044111572 -0.021804675 0.99878913 9.798218
0.9912165 -0.12608191 0.03996283 163.91211 0.12495722 0.9917252 0.029506385 135.8147 -0.043351624 -0.024254754 0.99876577 9.758301
0.9936608 -0.105627984 0.03840941 165.0476 0.104537115 0.99408406 0.029382525 135.9585 -0.04128671 -0.025179839 0.9988299 9.71814
0.99581504 -0.08297631 0.03831691 166.21948 0.081833765 0.9961809 0.030478587 136.06079 -0.04069897 -0.027214823 0.9988004 9.670044
0.99727154 -0.061331984 0.04107768 167.44556 0.06019109 0.99778146 0.02845444 136.14429 -0.042731542 -0.025903834 0.99875045 9.63269
0.9982221 -0.041186433 0.04308707 168.62378 0.039975982 0.9987915 0.028587995 136.21313 -0.044212505 -0.026814807 0.9986623 9.589478
0.9988353 -0.019280292 0.04423281 169.84668 0.018020432 0.9994254 0.02870685 136.25049 -0.04476104 -0.027876228 0.9986088 9.548706
0.998962 -0.00066572917 0.045550205 171.06445 -0.00072057574 0.9995371 0.030415067 136.26636 -0.045549374 -0.030416325 0.99849916 9.500244
0.9987148 0.020302568 0.04643902 172.3064 -0.021756712 0.9992817 0.031023305 136.25708 -0.04577569 -0.031993907 0.9984393 9.449341
0.99802566 0.04137761 0.04724391 173.55884 -0.04299956 0.9985014 0.033842426 136.22339 -0.04577246 -0.035807364 0.99830973 9.402954
0.99711263 0.060493212 0.045902815 174.8269 -0.062134396 0.99744624 0.03521443 136.1665 -0.04365535 -0.03796477 0.99832517 9.35022
0.9957136 0.08101552 0.044652596 176.09692 -0.08257814 0.99599457 0.034325827 136.07593 -0.041692846 -0.03786529 0.99841225 9.304932
0.99424744 0.098339215 0.042407665 177.36548 -0.09992105 0.9943082 0.036945786 135.9707 -0.038533144 -0.040971838 0.99841696 9.258057
0.99218696 0.11768145 0.041395683 178.68872 -0.11927051 0.9921225 0.038265347 135.81519 -0.036565192 -0.042903773 0.99840957 9.211182
0.9895673 0.13849303 0.039682116 179.99243 -0.14000197 0.9894143 0.038162556 135.65283 -0.033975665 -0.043319255 0.99848336 9.170654
0.98683506 0.15795009 0.03499474 181.33081 -0.15927134 0.98647743 0.038877234 135.46289 -0.028383419 -0.0439371 0.9986312 9.138672
0.98377806 0.17689407 0.029936155 182.66675 -0.17805314 0.98313123 0.041917346 135.24146 -0.02201709 -0.04656625 0.9986727 9.111572
0.98076606 0.19353713 0.025405282 183.97534 -0.19451289 0.979904 0.04423506 135.00244 -0.016332772 -0.048324987 0.9986978 9.084595
0.9771392 0.21138811 0.022993535 185.31226 -0.21225937 0.9761183 0.046408128 134.72949 -0.012635099 -0.050226707 0.99865776 9.075806
0.9727995 0.23070098 0.021333566 186.67114 -0.23149519 0.9716018 0.04917098 134.42749 -0.009387616 -0.052771807 0.9985629 9.0616455
0.9692233 0.2452688 0.021691512 188.01636 -0.24606432 0.96801496 0.049196467 134.11084 -0.008932028 -0.053019207 0.9985532 9.056885
0.964519 0.26317313 0.02101756 189.35254 -0.2638966 0.96338606 0.04738467 133.7544 -0.007778194 -0.05125055 0.99865574 9.0529785
0.9593243 0.2817715 0.017408105 190.71191 -0.28229117 0.95812976 0.047966734 133.37134 -0.003164411 -0.050930727 0.99869734 9.058838
0.95455706 0.29767218 0.014724254 192.06104 -0.2980352 0.95326394 0.049672827 132.97656 0.000750727 -0.05180322 0.99865687 9.06189
0.9487904 0.31547007 0.015911905 193.3977 -0.31586853 0.94738543 0.051627606 132.54956 0.0012137959 -0.054009367 0.9985397 9.061523
0.94263667 0.33334598 0.017340085 194.7732 -0.33379298 0.9411075 0.05370285 132.08716 0.0015809173 -0.056411568 0.9984069 9.074463
0.9366353 0.34988788 0.015720628 196.12183 -0.35020006 0.9348976 0.057280537 131.61597 0.005347428 -0.05915773 0.99823457 9.083252
0.9298698 0.3676354 0.013639633 197.46045 -0.36778623 0.9280995 0.05800323 131.10913 0.00866366 -0.058951825 0.9982234 9.105347
0.9231361 0.38434333 0.011097994 198.82129 -0.38430092 0.9213275 0.05908032 130.55762 0.012485203 -0.05880401 0.9981908 9.122192
0.91512406 0.40308914 0.0073066857 200.1753 -0.40277186 0.9133133 0.06017029 129.9851 0.017579934 -0.0580071 0.9981617 9.1553955
0.9073267 0.42039973 0.003909309 201.50098 -0.4197804 0.90540016 0.06347404 129.38965 0.023141272 -0.059233226 0.9979765 9.201172
0.8963767 0.44328293 0.0021906756 202.86816 -0.44244075 0.89434606 0.0662574 128.7688 0.027401999 -0.060364224 0.9978017 9.245728
0.88384926 0.4677484 0.003293612 204.19336 -0.46683174 0.881631 0.069162905 128.08667 0.029448237 -0.06266452 0.99759984 9.29187
0.8711014 0.4909746 0.004619333 205.51099 -0.48994103 0.8685745 0.07369967 127.383545 0.032179877 -0.06646489 0.9972699 9.351318
0.8563042 0.5163656 0.0050069843 206.82275 -0.51513696 0.85351175 0.077880055 126.65576 0.035953607 -0.06926693 0.9969492 9.408447
0.84234643 0.53893363 0.004782887 208.09497 -0.5374964 0.8393809 0.08097866 125.875 0.039624225 -0.0707846 0.9967046 9.482422
0.82647395 0.56293654 0.005444646 209.36694 -0.5614001 0.82342136 0.08243526 125.06055 0.04191566 -0.07118807 0.9965826 9.552612
0.80921656 0.5875646 0.004713725 210.62671 -0.58583736 0.8061675 0.083510995 124.19678 0.04526106 -0.07033914 0.9964957 9.625732
0.7940785 0.60776347 0.0024994044 211.85376 -0.6056925 0.7910202 0.08581237 123.29541 0.050192647 -0.0696506 0.99630636 9.709351
0.7772208 0.62936157 0.000119062606 213.05347 -0.62693965 0.77421135 0.08781555 122.37256 0.055164106 -0.068333305 0.99613696 9.80249
0.7602074 0.64977795 -0.001958239 214.2124 -0.6470334 0.7572668 0.089585535 121.42822 0.059681244 -0.066833906 0.99597746 9.893066
0.7431526 0.6691853 -0.0022857715 215.38086 -0.6662439 0.7401963 0.091187045 120.42969 0.06272034 -0.066244416 0.99582964 9.997681
0.72731483 0.686241 -0.0034914673 216.5393 -0.6831691 0.7245205 0.090955324 119.37402 0.06496785 -0.0637724 0.9958473 10.108887
0.7115628 0.70251995 -0.004304354 217.63062 -0.6993146 0.7088751 0.091270216 118.343506 0.06717918 -0.061938845 0.99581707 10.21814
0.69744503 0.71664613 -0.0054614427 218.71313 -0.7132478 0.6948412 0.092270225 117.27026 0.06991882 -0.060456228 0.9957189 10.333984
0.6819447 0.73129946 -0.008405594 219.80298 -0.72763157 0.67959327 0.09286818 116.170166 0.073627934 -0.057208367 0.9956431 10.454834
0.6684439 0.74360776 -0.010613172 220.84229 -0.73959935 0.6661993 0.09513839 115.041504 0.0778347 -0.055737454 0.9954059 10.58374
0.6535196 0.7568903 -0.011107828 221.8711 -0.75259715 0.651248 0.09780547 113.89673 0.081261285 -0.055556428 0.9951429 10.707153
0.6373113 0.77052194 -0.010738027 222.87744 -0.7661792 0.635088 0.09806469 112.73706 0.082382195 -0.05425609 0.9951212 10.852539
0.62082964 0.78388536 -0.008158665 223.85278 -0.77953243 0.61841524 0.09932633 111.54712 0.082904115 -0.05531152 0.9950222 10.988647
0.6034304 0.7973543 -0.0032297461 224.82129 -0.7931691 0.6006703 0.09997262 110.343506 0.08163921 -0.057757344 0.99498653 11.133423
0.5860864 0.8102791 0.0017124712 225.75488 -0.806274 0.582976 0.10056106 109.1145 0.08048649 -0.060320888 0.9949291 11.272705
0.56875914 0.82247937 0.0057325996 226.64868 -0.818543 0.5653264 0.10189081 107.89575 0.08058001 -0.06263794 0.994777 11.415894
0.549128 0.83567625 0.008246727 227.5022 -0.8315844 0.54540545 0.104723506 106.66553 0.08301322 -0.06437255 0.9944681 11.562988
0.5326193 0.8461458 0.010838025 228.32031 -0.84187603 0.52854836 0.107913375 105.423584 0.085607864 -0.06661113 0.9941006 11.708618
0.514446 0.85741127 0.013801018 229.11377 -0.8532432 0.5102041 0.108026996 104.163086 0.08558408 -0.067370206 0.9940528 11.86145
0.49229187 0.8703699 0.01758773 229.87305 -0.8664395 0.48791072 0.106888905 102.900635 0.08444042 -0.06783033 0.9941142 12.011108
0.47193873 0.88132316 0.021374963 230.56299 -0.8777481 0.4674911 0.104533404 101.645996 0.08211926 -0.06809483 0.99429375 12.1521
0.4521844 0.8916628 0.025090914 231.2583 -0.8883759 0.44762367 0.10287514 100.363525 0.080481656 -0.06879771 0.9943782 12.296997
0.4289091 0.90293247 0.026431402 231.9209 -0.89970636 0.42439446 0.10181225 99.05884 0.080731645 -0.06746061 0.9944512 12.435913
0.4106463 0.91136765 0.028107168 232.50195 -0.90820575 0.40609887 0.10128808 97.799805 0.08088111 -0.06712191 0.99446136 12.570801
0.38836113 0.92118937 0.027936392 233.07959 -0.9179749 0.38395947 0.10044034 96.51538 0.08179671 -0.06463732 0.99454963 12.708984
0.36352584 0.93121785 0.027388098 233.62842 -0.92795163 0.3593265 0.09929217 95.21802 0.08264285 -0.061538998 0.99468005 12.847778
0.3464261 0.9376077 0.026524905 234.104 -0.93421715 0.34236854 0.09923575 93.964355 0.08394679 -0.059157435 0.9947125 12.977539
0.32363412 0.9458373 0.026494928 234.57593 -0.94254607 0.3197959 0.09687815 92.670654 0.083144456 -0.056307428 0.9949439 13.115845
0.30382866 0.952332 0.026232 235.00708 -0.9490549 0.30015218 0.09561284 91.3811 0.08315427 -0.05393765 0.99507505 13.251221
0.28256482 0.95874864 0.027547814 235.41699 -0.9550502 0.27859166 0.1003618 90.12402 0.08853782 -0.05469366 0.9945719 13.38623
0.26265204 0.9643952 0.029988898 235.79419 -0.95989746 0.25802594 0.109392054 88.86133 0.09774888 -0.057529952 0.9935478 13.527344
0.24489279 0.96900344 0.03211702 236.1372 -0.96376014 0.23968959 0.11700699 87.61621 0.10567275 -0.05962255 0.99261326 13.675781
0.2253338 0.9736878 0.03697091 236.4602 -0.9681708 0.21945298 0.121227354 86.35889 0.10991061 -0.063114956 0.9919364 13.827637
0.20435122 0.9780176 0.040956847 236.75562 -0.9725035 0.19807997 0.12228413 85.11035 0.111481264 -0.06479701 0.9916494 13.983765
0.18566976 0.98159254 0.045825955 237.01831 -0.97631323 0.17897612 0.12196511 83.87671 0.111521296 -0.06738183 0.9914749 14.14209
0.16424383 0.98516935 0.050418336 237.2649 -0.9801862 0.15723301 0.120793715 82.63159 0.11104731 -0.06925667 0.9913986 14.299194
0.14758064 0.9877374 0.051610477 237.46118 -0.98287684 0.1406179 0.11933598 81.40845 0.11063444 -0.068307325 0.9915084 14.455566
