1 0 0 0 0 1 0 0 0 0 1 0
0.99993286 -0.0026255825 0.011286087 0.00068381282 0.0026135822 0.999996 0.0010779156 -0.0097362545 -0.011288873 -0.0010483461 0.99993573 0.30589478
0.9998266 -0.0045260513 0.018063212 0.0076432776 0.0045070499 0.99998925 0.0010925264 -0.013274902 -0.018067964 -0.0010109252 0.99983625 0.60316096
0.9997734 -0.0072310594 0.020021298 0.023916557 0.007237662 0.99997377 -0.00025731535 -0.017762821 -0.020018914 0.00040216446 0.99979952 0.89583603
0.99979578 -0.0087084429 0.018236178 0.02432701 0.0087373565 0.99996069 -0.0015063992 -0.020046144 -0.018222345 0.0016654276 0.99983257 1.204435
0.99986408 -0.011389888 0.011920446 0.02333966 0.011429154 0.99992946 -0.0032310339 -0.023017899 -0.011882805 0.0033668354 0.99992373 1.5244692
0.99991898 -0.012718428 -0.00052788771 0.016761116 0.012715814 0.99990814 -0.004692815 -0.033555622 0.0005875245 0.0046857224 0.99998885 1.8471333
0.99979811 -0.011959551 -0.016146235 -0.0068025904 0.011880627 0.99991705 -0.004975242 -0.04084627 0.016204399 0.0047824103 0.99985726 2.1754513
0.99934059 -0.0080183155 -0.035413092 -0.046769158 0.0078353515 0.99995525 -0.0053023433 -0.046599499 0.035454026 0.005021373 0.99935869 2.518407
0.99846924 -0.0042806658 -0.055143995 -0.088395449 0.0039344397 0.99997187 -0.0063856217 -0.052070586 0.055169783 0.0061588862 0.99845799 2.864464
0.99721705 -0.0034583957 -0.074472729 -0.13534461 0.0029591246 0.99997241 -0.0068133792 -0.056128213 0.074494244 0.0065740439 0.99719977 3.2267271
0.99536731 -0.0047049089 -0.096030062 -0.18723452 0.0041423756 0.99997308 -0.006056408 -0.063372753 0.09605598 0.005630558 0.99536001 3.605299
0.99330107 -0.0058869785 -0.11540503 -0.24590954 0.0053063072 0.99997167 -0.0053381672 -0.072000907 0.1154332 0.0046900326 0.99330417 3.9933562
0.9911629 -0.0049689285 -0.13255724 -0.31989768 0.0043710498 0.99997892 -0.0048009577 -0.07680768 0.13257831 0.0041791168 0.99116372 4.3902802
0.98890605 -0.0039032314 -0.14849102 -0.39504413 0.0033604723 0.99998673 -0.0039058824 -0.086428671 0.14850431 0.0033635507 0.98890604 4.8058359
0.98682362 -0.0032236743 -0.16176757 -0.47630547 0.0025745696 0.99998777 -0.0042220391 -0.092819633 0.16177922 0.003749926 0.98681985 5.2174285
0.98473884 -0.0046190068 -0.17397724 -0.5704143 0.0037851667 0.99997971 -0.0051243063 -0.10218354 0.17399739 0.0043875705 0.98473634 5.6648361
0.98289106 -0.007674411 -0.1840279 -0.65768356 0.006496097 0.99995436 -0.0070049458 -0.11518171 0.18407328 0.0056896354 0.98289606 6.1006922
0.98145655 -0.0068611091 -0.19156192 -0.75159372 0.005256758 0.99994674 -0.0088820596 -0.12189117 0.19161267 0.0077103609 0.98144034 6.5523935
0.97987108 -0.0067210733 -0.19951816 -0.865608 0.0046540628 0.99993055 -0.010827211 -0.12691535 0.19957709 0.009680701 0.97983431 7.0352522
0.97824141 -0.0076137973 -0.20733008 -0.97130358 0.0049261461 0.99989706 -0.013476355 -0.13708702 0.20741136 0.01216179 0.97817822 7.5018882
0.97640491 -0.011295142 -0.2156522 -1.0903388 0.0081747427 0.99984867 -0.015356087 -0.1491472 0.21579303 0.013230857 0.97634948 8.0089856
0.97452577 -0.016951876 -0.22363396 -1.2019609 0.013601733 0.99977114 -0.016512507 -0.16641578 0.22386272 0.013050054 0.97453332 8.5162168
0.97266916 -0.017786042 -0.23151318 -1.332926 0.013904148 0.99973423 -0.018388501 -0.19028502 0.23177873 0.014666935 0.97265796 9.0351443
0.97063551 -0.014323486 -0.24012817 -1.4875561 0.0090131798 0.99969026 -0.023198185 -0.19630029 0.24038609 0.020352664 0.97046396 9.5752238
0.96855831 -0.011358219 -0.24852722 -1.6375616 0.0049917956 0.99964342 -0.026231831 -0.212965 0.24873657 0.024166461 0.96826964 10.103096
0.96622124 -0.0137573 -0.25734655 -1.7983549 0.0067442269 0.99958196 -0.028114363 -0.23542346 0.25762577 0.025429091 0.9659101 10.671725
0.96385668 -0.015851545 -0.2659493 -1.9598675 0.0081872533 0.99951928 -0.029902642 -0.26578131 0.26629548 0.026644467 0.96352312 11.234159
0.9617594 -0.015667107 -0.27344723 -2.1304241 0.0070323066 0.99944604 -0.032529279 -0.28905215 0.27380542 0.029362376 0.9613368 11.802781
0.9593449 -0.01483908 -0.28184598 -2.3226628 0.0048196582 0.9993326 -0.036209359 -0.31033681 0.28219521 0.033378863 0.95877616 12.399411
0.95714952 -0.015949795 -0.28915461 -2.5100165 0.0041847414 0.99913966 -0.04126045 -0.3421228 0.28956396 0.038282383 0.9563928 12.96563
0.95537291 -0.017004902 -0.29491257 -2.7140731 0.0027933141 0.99881716 -0.048543643 -0.38179596 0.29538924 0.045553499 0.95429036 13.594141
0.9541189 -0.017274358 -0.29892927 -2.9180515 0.00040808553 0.99840857 -0.056392953 -0.41798347 0.29942773 0.053683594 0.95260754 14.224005
0.95295282 -0.017410013 -0.30261827 -3.1204764 -0.0024907011 0.99786572 -0.065251762 -0.46560819 0.30310846 0.062935583 0.95087559 14.838393
0.9514429 -0.01675184 -0.30736913 -3.3493494 -0.0063508808 0.99723736 -0.074008929 -0.51241449 0.30775979 0.072367335 0.94870801 15.476903
0.95010667 -0.015825435 -0.31152347 -3.5725864 -0.010027943 0.99664626 -0.081213704 -0.57058234 0.31176397 0.080285623 0.94676156 16.115676
0.94842692 -0.014932688 -0.31664395 -3.8112181 -0.013563261 0.99606349 -0.087598912 -0.6319418 0.31670559 0.087375892 0.94449088 16.788781
0.94679997 -0.012976223 -0.32156093 -4.0583294 -0.0181234 0.99545125 -0.093532602 -0.70426829 0.32131196 0.094384444 0.94225804 17.454489
0.94533318 -0.011064066 -0.32591833 -4.30287 -0.022379727 0.99486694 -0.098685981 -0.77666675 0.32533726 0.1005851 0.94023312 18.125202
0.94374395 -0.0085125089 -0.3305675 -4.5638412 -0.026835088 0.99439989 -0.10221902 -0.85513956 0.32958646 0.1053394 0.93823046 18.831267
0.94194866 -0.0078606503 -0.3356649 -4.8224834 -0.028646196 0.99419916 -0.10366975 -0.93555111 0.3345327 0.1072671 0.93625939 19.51848
0.93959009 -0.006892074 -0.3422323 -5.109218 -0.030173521 0.99423776 -0.10286317 -1.0235572 0.34096924 0.10697557 0.93396799 20.242043
0.93745769 -0.0072984983 -0.3480227 -5.3887935 -0.029849029 0.99441236 -0.10125752 -1.1065112 0.34681713 0.10531278 0.93200167 20.966747
0.93492815 -0.0067949521 -0.35477201 -5.6624577 -0.030516638 0.99457257 -0.09946933 -1.1932562 0.35352243 0.10382313 0.92964653 21.683253
0.93218225 -0.0064861808 -0.36193117 -5.9462165 -0.030288895 0.99493565 -0.095841704 -1.2732651 0.3607199 0.10030443 0.9272649 22.369899
0.92826966 -0.0032670033 -0.37189347 -6.2985418 -0.032870647 0.99532735 -0.090790945 -1.3601815 0.37045238 0.09650286 0.92382479 23.207593
0.92509605 -0.0020162003 -0.37972782 -6.6078182 -0.032830239 0.99581697 -0.085268675 -1.443231 0.37831136 0.091348271 0.92116015 23.926029
0.92145834 0.0010879314 -0.38847565 -6.9420731 -0.035535768 0.99603957 -0.081500875 -1.5178967 0.38684848 0.088904443 0.91784763 24.681743
0.9177367 0.0020302479 -0.39718409 -7.2807038 -0.036624536 0.9961592 -0.079532964 -1.5925003 0.39549715 0.087537005 0.91428622 25.406473
0.91354939 0.0028785885 -0.40671761 -7.638311 -0.038202549 0.99616148 -0.078758266 -1.6710323 0.40492973 0.087487216 0.91015269 26.187568
0.91047546 0.0034631403 -0.41354857 -7.9884689 -0.039049492 0.99621725 -0.077629481 -1.7410636 0.41171541 0.0868286 0.90716659 26.945303
0.90670805 0.0041655878 -0.42173823 -8.3744411 -0.039957257 0.99630195 -0.076064673 -1.8183492 0.41986181 0.085819956 0.90352145 27.729715
0.90302802 0.0041224924 -0.42956185 -8.7578438 -0.039640212 0.99648725 -0.073768674 -1.8913303 0.42774883 0.083643104 0.90001933 28.509315
0.89908895 0.0046596607 -0.43774118 -9.1468913 -0.038997095 0.99682039 -0.069486289 -1.962259 0.43602558 0.07954499 0.8964119 29.281362
0.89559496 0.0052785231 -0.44483905 -9.5637938 -0.037725259 0.99722894 -0.064119041 -2.0273023 0.44326796 0.07420636 0.89331235 30.103486
0.89184561 0.0047137516 -0.45231534 -9.9737027 -0.035669631 0.99756477 -0.059935019 -2.0944383 0.45093137 0.069586705 0.8898419 30.891476
0.88826205 0.0044799735 -0.45931519 -10.408466 -0.034933207 0.99771534 -0.057825436 -2.1631085 0.45800679 0.067409494 0.88638917 31.720818
0.88530049 0.0047217193 -0.46499541 -10.849557 -0.0350471 0.99778195 -0.056594033 -2.2255678 0.46369684 0.066399467 0.88350233 32.548768
0.88197077 0.0045353087 -0.47128227 -11.292131 -0.034333018 0.99791522 -0.054648486 -2.2803415 0.47005194 0.06437891 0.88028777 33.347007
0.87913574 0.0027733289 -0.47656336 -11.770324 -0.032229619 0.99803969 -0.053647255 -2.3441422 0.47548041 0.062522676 0.87750175 34.199839
0.87643269 0.0022308689 -0.4815192 -12.235871 -0.031846981 0.99806834 -0.05334195 -2.4052134 0.48047011 0.062085563 0.87481077 35.03032
0.8747542 0.0018234752 -0.48456345 -12.725796 -0.031917924 0.99803804 -0.053863819 -2.468412 0.48351458 0.062583863 0.87309617 35.875732
0.87341792 0.0013922075 -0.48696938 -13.230744 -0.031815234 0.99802259 -0.054209853 -2.5275415 0.48593101 0.062840903 0.87173511 36.757884
0.87265797 0.0016020387 -0.48832928 -13.714285 -0.031715843 0.99806926 -0.053402769 -2.5885839 0.48730093 0.062090128 0.8710239 37.602059
0.87262293 0.0024429656 -0.4883884 -14.245002 -0.031869171 0.9981411 -0.05194911 -2.6532199 0.48735367 0.060896519 0.87107866 38.511036
0.87220232 0.00073604397 -0.48914471 -14.742381 -0.029655605 0.99823891 -0.051377306 -2.7182191 0.4882455 0.059317288 0.87068812 39.414603
0.87183257 -0.00030061548 -0.48980391 -15.256847 -0.029045053 0.99820833 -0.052311747 -2.7820363 0.4889421 0.059833466 0.8702618 40.2985
0.87043712 -0.0024231025 -0.49227363 -15.779439 -0.027114193 0.99823393 -0.052856826 -2.8487694 0.49153236 0.059356147 0.86883417 41.231187
0.86945492 -0.0032880146 -0.49400132 -16.310206 -0.025183253 0.99838271 -0.050968282 -2.9091748 0.49337 0.056755184 0.86796596 42.136997
0.86692612 -0.0028033205 -0.49842875 -16.856206 -0.023915075 0.99859855 -0.04721235 -2.9750611 0.49786262 0.052849581 0.86564413 43.06786
0.86520406 -0.0042791621 -0.50140164 -17.388382 -0.019965054 0.9988766 -0.042975925 -3.0410113 0.50102231 0.047193456 0.86414666 43.993928
0.86126433 -0.0043839581 -0.50813829 -17.929567 -0.019163455 0.99897127 -0.041099534 -3.1013803 0.50779577 0.045135248 0.8602943 44.888697
0.8557831 -0.0083637266 -0.51726715 -18.501293 -0.016338475 0.99893359 -0.043182709 -3.167186 0.51707674 0.045406389 0.85473384 45.8114
0.85010017 -0.010800369 -0.52651023 -19.047666 -0.016007331 0.99879775 -0.046333796 -3.2320512 0.5263777 0.047816392 0.84890526 46.675116
0.84368509 -0.0093121803 -0.53675761 -19.636552 -0.018213391 0.99877742 -0.045955865 -3.2929066 0.53652937 0.048548455 0.84248401 47.585429
0.838406 -0.006635963 -0.5450058 -20.223988 -0.018844008 0.99897518 -0.041152021 -3.3528289 0.5447204 0.044772195 0.83742174 48.481519
0.83374534 -0.0041233766 -0.55213376 -20.819267 -0.019138842 0.99915539 -0.036362227 -3.4109538 0.5518174 0.040884038 0.83296223 49.354286
0.82928992 -0.003053153 -0.55881024 -21.436127 -0.021708327 0.99905425 -0.037674257 -3.4691409 0.55839682 0.043373717 0.82843934 50.255207
0.82623752 -0.005719628 -0.56329284 -22.050253 -0.021878456 0.99886818 -0.042233724 -3.5239128 0.5628969 0.047219065 0.82517723 51.103194
0.82295369 -0.006657213 -0.56806943 -22.646166 -0.02576413 0.9984652 -0.049025133 -3.5931042 0.56752397 0.054981229 0.8215191 51.961377
0.81991541 -0.0078967854 -0.5724302 -23.28544 -0.025637833 0.99839518 -0.050495178 -3.6560359 0.57191036 0.056077645 0.81839714 52.839783
0.81661289 -0.0072219895 -0.57714055 -23.883576 -0.024364386 0.99859913 -0.046969742 -3.7245973 0.57667131 0.052417772 0.81529296 53.695152
0.81338638 -0.0054263348 -0.58169849 -24.532639 -0.022987788 0.99887561 -0.041461661 -3.7847738 0.58126947 0.047096312 0.81234708 54.56249
0.81079322 -0.0034957558 -0.58532223 -25.157127 -0.023446788 0.9989856 -0.038444987 -3.8457626 0.58486292 0.044894861 0.80988879 55.443616
0.80834466 -0.0011717463 -0.58870833 -25.81316 -0.026941184 0.99887671 -0.038980578 -3.9053671 0.58809277 0.047370242 0.80740509 56.298733
0.8043461 -0.0034001755 -0.59415129 -26.473168 -0.025788351 0.9988415 -0.04062769 -3.9601476 0.59360116 0.048000907 0.80332659 57.160632
0.80079304 -0.0054288556 -0.59891652 -27.128281 -0.02554864 0.99873914 -0.043213337 -4.0266295 0.59839602 0.049906443 0.79964466 58.026149
0.79753683 -0.0069793302 -0.60322985 -27.765214 -0.024219286 0.9987565 -0.04357613 -4.083894 0.60278392 0.049363366 0.79637606 58.86591
0.79262566 -0.0075508759 -0.60966181 -28.443964 -0.023351617 0.99881371 -0.04273026 -4.1474368 0.60926128 0.04810569 0.79150905 59.714319
0.78848591 -0.0076340225 -0.61500542 -29.110357 -0.023076174 0.99885175 -0.041984172 -4.2062774 0.6146198 0.047295901 0.78740436 60.555199
0.78248043 -0.0093384978 -0.62260512 -29.793365 -0.022053327 0.9988446 -0.042698016 -4.2711483 0.62228455 0.047140877 0.78137041 61.390927
0.77740858 -0.010055763 -0.62891553 -30.487063 -0.022603265 0.99877977 -0.043909654 -4.3331281 0.62858971 0.048351287 0.77623267 62.232461
0.77153228 -0.0099023965 -0.63611308 -31.176812 -0.023918206 0.99872047 -0.044557161 -4.3982461 0.63574043 0.049591972 0.77030824 63.056388
0.76559505 -0.012417774 -0.64320291 -31.911158 -0.022077985 0.99871758 -0.045560496 -4.4609141 0.64294387 0.049081515 0.76433907 63.908879
0.76030232 -0.015194194 -0.64939162 -32.601736 -0.019994271 0.99870526 -0.046776412 -4.5239613 0.64926161 0.048548327 0.75901413 64.734469
0.75510193 -0.015809817 -0.65541673 -33.332142 -0.0196647 0.99871321 -0.046746327 -4.590871 0.65531245 0.048186815 0.75381938 65.544968
0.74777361 -0.015807569 -0.66376556 -34.104298 -0.019036316 0.99879512 -0.045231899 -4.6570994 0.66368086 0.046458872 0.74657172 66.39048
0.74348455 -0.015455363 -0.66857446 -34.81666 -0.019278113 0.99882212 -0.044527781 -4.7236511 0.66847521 0.045994572 0.74231087 67.187789
0.73528665 -0.019222273 -0.67748359 -35.599745 -0.015527445 0.9988576 -0.045192882 -4.788296 0.67757839 0.043749312 0.73414818 68.022465
0.72968429 -0.019220971 -0.68351397 -36.341621 -0.017505653 0.9987521 -0.046773855 -4.8617004 0.68356011 0.046095506 0.72843724 68.827929
0.72422091 -0.020363956 -0.68926725 -37.123243 -0.016361068 0.99877501 -0.046698922 -4.9207584 0.68937394 0.045097485 0.72300057 69.619709
0.71887395 -0.018262639 -0.69490048 -37.950364 -0.019203108 0.9987516 -0.04611373 -4.9932422 0.69487519 0.046494209 0.71762581 70.442698
0.71436809 -0.019559983 -0.69949667 -38.731748 -0.017450353 0.99880046 -0.045750744 -5.0560017 0.69955254 0.044889336 0.71316985 71.22521
0.70914718 -0.019952855 -0.70477807 -39.552603 -0.018191294 0.99874893 -0.04657948 -5.1262206 0.7048258 0.045852532 0.70789702 72.03682
0.70403235 -0.021515671 -0.70984188 -40.38646 -0.019023787 0.99861089 -0.049136497 -5.1972944 0.70991309 0.048097565 0.70264506 72.84182
0.69991536 -0.02288173 -0.71385914 -41.193637 -0.020082423 0.99846101 -0.051694386 -5.2708936 0.71394343 0.050517717 0.69837868 73.623696
0.69363876 -0.023858017 -0.71992779 -42.045272 -0.020194915 0.99841437 -0.052544383 -5.3433373 0.72003992 0.050985701 0.6920571 74.423769
0.68906622 -0.02394208 -0.72430276 -42.902747 -0.01904401 0.99851074 -0.051123659 -5.4177133 0.72444815 0.049021215 0.68758406 75.223959
0.68427995 -0.023695771 -0.72883428 -43.73933 -0.018918664 0.99855862 -0.050227163 -5.4922508 0.72897399 0.048158012 0.68284535 75.997481
0.67950756 -0.024625611 -0.73325508 -44.593769 -0.01824266 0.99856041 -0.050441089 -5.5718277 0.7334417 0.047651625 0.67808012 76.788886
0.67523625 -0.024485513 -0.73719497 -45.460106 -0.019161993 0.99852922 -0.050717073 -5.6426438 0.73735261 0.048372131 0.67377393 77.558761
0.6704311 -0.025695993 -0.74152668 -46.355049 -0.017747366 0.99855883 -0.050648678 -5.7200126 0.74175954 0.047116595 0.66900886 78.36565
0.66588704 -0.027545363 -0.74554386 -47.26151 -0.015107136 0.99861543 -0.050388544 -5.7940399 0.74589964 0.044816111 0.66454894 79.151603
0.66332829 -0.029050952 -0.74776438 -48.119044 -0.014252607 0.99857447 -0.051438255 -5.868357 0.74819281 0.044778042 0.66196865 79.904398
0.65868054 -0.034997438 -0.75160833 -49.039947 -0.0089472852 0.99848274 -0.054333804 -5.953054 0.75236955 0.042513474 0.65736802 80.699603
0.65312603 -0.038339166 -0.75627802 -49.947382 -0.0067274725 0.99838432 -0.056422516 -6.0292905 0.75721937 0.041938853 0.65181286 81.474708
0.64845167 -0.041915138 -0.76010098 -50.842654 -0.0015019713 0.99841063 -0.056337875 -6.1133084 0.76125437 0.03767404 0.64735809 82.245725
0.63938641 -0.046437318 -0.76748195 -51.790102 0.004598209 0.99838761 -0.056577761 -6.1986253 0.76887185 0.032646009 0.638569 83.008693
0.63129411 -0.047229959 -0.77410401 -52.710548 0.0067326381 0.99844006 -0.05542667 -6.2809045 0.77551432 0.029778768 0.63062731 83.772289
0.62214772 -0.046196646 -0.78153569 -53.672838 0.0074867521 0.99856298 -0.053065261 -6.3573688 0.78286411 0.027163267 0.62159954 84.526853
0.61281389 -0.04445314 -0.78897592 -54.638558 0.0051177604 0.99861883 -0.052289945 -6.4470933 0.79021073 0.028006215 0.612195 85.252028
0.60471482 -0.047067832 -0.79505003 -55.595102 0.0062150453 0.99850069 -0.054385172 -6.5204202 0.79641786 0.027946247 0.6041007 85.97955
0.594488 -0.049817603 -0.80255976 -56.591102 0.0074982437 0.99837905 -0.056418521 -6.6057192 0.80406955 0.027522345 0.59389791 86.699164
0.58438034 -0.050303329 -0.80991922 -57.592755 0.0056230185 0.99830385 -0.057946551 -6.6896023 0.81146045 0.029308634 0.583672 87.422223
0.57470543 -0.051633196 -0.81672983 -58.60821 0.0089318202 0.99834393 -0.056829713 -6.7775657 0.81831164 0.025365461 0.57421486 88.115335
0.5646088 -0.051711113 -0.8237371 -59.641753 0.011182937 0.99842306 -0.055012192 -6.8635536 0.82528292 0.021848568 0.56429673 88.821756
0.55394521 -0.052782077 -0.83087827 -60.66701 0.011855178 0.99838723 -0.055519363 -6.94642 0.83246875 0.020904475 0.55367756 89.504628
0.54469531 -0.053285461 -0.83693943 -61.685399 0.010288242 0.99832887 -0.056864876 -7.0314261 0.83857094 0.022363396 0.54433327 90.151619
0.53467055 -0.05370513 -0.8433523 -62.798064 0.008890132 0.99828078 -0.057934871 -7.1236177 0.84501386 0.023478556 0.53422878 90.824978
0.52498433 -0.054785616 -0.84934676 -63.839882 0.0078831734 0.99819633 -0.059514276 -7.2096881 0.85107542 0.024548515 0.52446932 91.463796
0.51595733 -0.054248359 -0.85489478 -64.94013 0.0062080213 0.99820331 -0.059595424 -7.3080318 0.85659182 0.025441491 0.51536709 92.103085
0.50647882 -0.05227207 -0.86066647 -66.021021 0.0051905141 0.9983275 -0.057578354 -7.3930558 0.86223682 0.024694915 0.50590305 92.751653
0.50064284 -0.050975379 -0.86415172 -67.101067 0.0061045861 0.99844776 -0.055360691 -7.4840774 0.86563245 0.022440645 0.50017691 93.368051
0.4916103 -0.050536276 -0.86934765 -68.23911 0.0054556777 0.9984738 -0.054957392 -7.5765166 0.87079826 0.022274739 0.49113571 94.009711
0.48446858 -0.054149493 -0.87313112 -69.331989 0.0081512599 0.99831853 -0.057390478 -7.6636277 0.87477072 0.020686765 0.48409535 94.597113
0.47753911 -0.057405777 -0.87673309 -70.450728 0.010057108 0.99815503 -0.059878203 -7.7543325 0.87855297 0.019776784 0.4772354 95.210265
0.47214681 -0.060477293 -0.87944291 -71.564877 0.011176616 0.99797435 -0.062628038 -7.8496343 0.88144912 0.019740432 0.47186634 95.787363
0.46647993 -0.063781388 -0.88222919 -72.689415 0.012878441 0.99778088 -0.065325786 -7.9512594 0.88443806 0.019111431 0.46626616 96.38572
0.46196718 -0.064558857 -0.88454418 -73.813032 0.014680929 0.99776715 -0.065155139 -8.0542429 0.88677554 0.017113605 0.46188346 96.976113
0.45717338 -0.062604491 -0.88717141 -74.925257 0.016727686 0.99794827 -0.061801575 -8.1532441 0.8892203 0.013413709 0.45728261 97.547459
0.45338994 -0.062151566 -0.88914267 -76.066443 0.022338667 0.99804488 -0.058373001 -8.2510586 0.89103233 0.0066034691 0.45389189 98.102967
0.44931313 -0.060839572 -0.89130028 -77.189363 0.022654863 0.99813355 -0.056711404 -8.3485967 0.89308708 0.0052888922 0.44985282 98.682086
0.44562051 -0.060034593 -0.89320666 -78.320578 0.023245951 0.99818842 -0.055493275 -8.442437 0.89492014 0.0039655026 0.44620879 99.243933
0.44426978 -0.05944445 -0.8939187 -79.411945 0.02548118 0.99823102 -0.053717162 -8.5276921 0.89553065 0.0010868083 0.4449986 99.786468
0.44161996 -0.059360831 -0.8952363 -80.524653 0.02802244 0.99823467 -0.052366923 -8.6158661 0.89676453 -0.0019604274 0.44250379 100.31888
0.43989786 -0.059783948 -0.89605563 -81.628992 0.029522663 0.99820509 -0.052105789 -8.7109704 0.89756245 -0.0035327241 0.44087326 100.84822
0.43673983 -0.060054203 -0.89758105 -82.731058 0.031723349 0.99817679 -0.05134897 -8.7957894 0.89902837 -0.0060481375 0.43784869 101.37962
0.43489496 -0.059537396 -0.89851077 -83.823566 0.035154496 0.99817374 -0.049125903 -8.8820415 0.89979476 -0.010222087 0.43619373 101.93665
0.4336365 -0.059872449 -0.89909655 -84.915039 0.038786595 0.99810556 -0.047758766 -8.9665903 0.90025277 -0.01416295 0.43513725 102.45162
0.42986211 -0.06041361 -0.90087108 -86.01375 0.040135428 0.99805123 -0.04777951 -9.0527269 0.9020021 -0.015618246 0.43144914 102.96321
0.42795991 -0.060578774 -0.90176519 -87.052158 0.039439237 0.99805248 -0.04833008 -9.1292462 0.90293684 -0.014881595 0.42951563 103.45117
0.42888264 -0.062309833 -0.90120869 -88.072605 0.04063735 0.99793919 -0.04965861 -9.2161514 0.90244576 -0.015325018 0.4305309 103.94595
0.42965789 -0.062958529 -0.90079423 -89.123179 0.039977526 0.99791459 -0.050678139 -9.2993468 0.9021064 -0.014237263 0.43127881 104.43685
0.43116661 -0.062719867 -0.90008972 -90.138868 0.037503336 0.99796469 -0.051574889 -9.3801407 0.90149261 -0.011518997 0.43264126 104.9102
0.43565535 -0.06223193 -0.89795965 -91.196899 0.03481199 0.99802565 -0.052277441 -9.4622076 0.89944016 -0.0084848162 0.43696163 105.40725
0.44205658 -0.06356184 -0.89473225 -92.191512 0.034923858 0.99794945 -0.053639715 -9.5468061 0.89630708 -0.0075357145 0.44336994 105.90155
0.44784072 -0.062882915 -0.8918993 -93.209103 0.032728343 0.99800819 -0.053930506 -9.6285092 0.89351419 -0.0050381108 0.44900676 106.40464
0.45439066 -0.061431619 -0.88868173 -94.193637 0.031440309 0.9981037 -0.052919896 -9.7082263 0.89024755 -0.0038941222 0.45546043 106.8812
0.46164991 -0.060789617 -0.88497679 -95.181758 0.031034148 0.99814519 -0.052374202 -9.7859739 0.88651921 -0.0032859554 0.46268019 107.38963
0.47134176 -0.06052303 -0.87987149 -96.15548 0.031145935 0.99816257 -0.05197514 -9.8660525 0.88140055 -0.0029063669 0.47236075 107.90977
0.47976799 -0.060717677 -0.87529193 -97.136912 0.031189864 0.99815237 -0.052144426 -9.9419004 0.87684088 -0.002283011 0.48077534 108.4265
0.49065573 -0.060912794 -0.86922179 -98.098947 0.029626654 0.99814303 -0.053223693 -10.020559 0.87084975 0.00036237562 0.49154924 108.97181
0.50084065 -0.062056029 -0.86331201 -99.024061 0.027528652 0.99806397 -0.055771747 -10.098358 0.86510166 0.004166942 0.50157933 109.4951
0.51199538 -0.062032421 -0.85674538 -99.945649 0.024939144 0.99804206 -0.057359211 -10.17778 0.85862613 0.0080011543 0.51253996 110.03955
0.52427181 -0.060509091 -0.84939841 -100.88469 0.022858122 0.99811279 -0.05699449 -10.257321 0.85124417 0.010464952 0.52466553 110.61601
0.53681296 -0.057632869 -0.8417305 -101.81512 0.020534724 0.99826112 -0.055254439 -10.33846 0.84345138 0.012376595 0.53706299 111.20638
0.54860683 -0.056052567 -0.83419937 -102.73007 0.020839954 0.99835692 -0.05337756 -10.415756 0.83582074 0.011898617 0.54887356 111.78448
0.56037896 -0.055341003 -0.82638534 -103.59072 0.021079997 0.99839496 -0.05256554 -10.494931 0.82796806 0.012036422 0.56064612 112.36024
0.57252372 -0.055871601 -0.81798221 -104.46196 0.021303152 0.99835229 -0.053281087 -10.571439 0.81961138 0.013079087 0.57277061 112.96904
0.58372505 -0.056130177 -0.8100089 -105.3384 0.020089757 0.99830068 -0.054700511 -10.646656 0.81170286 0.015657176 0.58386076 113.58685
0.59463821 -0.057696521 -0.80192048 -106.15557 0.02200122 0.99821596 -0.055505283 -10.717317 0.80369235 0.015362334 0.59484675 114.19427
0.60543607 -0.057461269 -0.79381693 -106.98921 0.023081214 0.99823851 -0.054654733 -10.803675 0.79555922 0.014767688 0.60569588 114.82784
0.61614022 -0.056884286 -0.78557963 -107.81905 0.024039502 0.9982821 -0.053431708 -10.880637 0.78726957 0.014036481 0.61644923 115.45419
0.62549973 -0.054315931 -0.77833143 -108.61846 0.02416717 0.99844399 -0.050254757 -10.947802 0.77985004 0.012624269 0.62583912 116.08966
0.63464445 -0.053949607 -0.77091881 -109.40773 0.024771582 0.99846783 -0.049480957 -11.025597 0.77240717 0.012305936 0.63500849 116.74696
0.64499151 -0.051075317 -0.76248096 -110.15724 0.019675692 0.99854313 -0.05024421 -11.092615 0.76393643 0.017404748 0.64505678 117.38542
0.65488639 -0.0506464 -0.75402832 -110.93148 0.01806807 0.99851594 -0.051375664 -11.162916 0.75551135 0.020021387 0.65482959 118.03118
0.66401632 -0.04952782 -0.74607592 -111.66183 0.017200206 0.99855155 -0.050979885 -11.232625 0.74752025 0.021018816 0.66390641 118.68756
0.67272243 -0.048726304 -0.73828872 -112.38003 0.018500192 0.99862493 -0.049051011 -11.303373 0.73966365 0.019339232 0.67269883 119.33772
0.68069957 -0.047653098 -0.7310111 -113.0871 0.019276942 0.99870165 -0.047153076 -11.367408 0.73230905 0.01800542 0.68073439 119.97829
0.68991689 -0.04604687 -0.72242254 -113.78017 0.018253367 0.9987641 -0.046228701 -11.433074 0.72365845 0.018707318 0.68990473 120.65777
0.69662918 -0.045871982 -0.71596334 -114.46236 0.018126984 0.99876062 -0.046353412 -11.498514 0.71720237 0.019312883 0.69659731 121.3015
0.70420958 -0.0444063 -0.70860208 -115.14243 0.01712767 0.99881423 -0.045571662 -11.561934 0.70978557 0.019955298 0.70413512 121.9695
0.71141459 -0.041373925 -0.70155358 -115.81709 0.015492037 0.9989462 -0.043202779 -11.616719 0.70260182 0.019866594 0.71130587 122.62433
0.71866003 -0.039267696 -0.69425195 -116.44691 0.015481946 0.99906033 -0.040481762 -11.679541 0.69518926 0.018344253 0.71859267 123.29987
0.72573792 -0.037190826 -0.68696526 -117.0994 0.013899331 0.99912658 -0.039406754 -11.734782 0.68783088 0.019050618 0.72562097 123.9602
0.73205369 -0.036058308 -0.68029196 -117.71964 0.012820062 0.99915057 -0.039163633 -11.793544 0.68112633 0.019948497 0.73189413 124.60231
0.7404008 -0.033868878 -0.67131179 -118.31595 0.011458532 0.99922058 -0.03777466 -11.842576 0.672068 0.020276141 0.74021181 125.26344
0.74945068 -0.031365502 -0.66131676 -118.91491 0.010695729 0.99932039 -0.035275478 -11.898025 0.66197381 0.019363965 0.74927682 125.93186
0.75916837 -0.02813243 -0.65028602 -119.49627 0.0095753693 0.99944012 -0.032058758 -11.943146 0.65082388 0.018111266 0.75901271 126.59221
0.76883935 -0.025153037 -0.63894706 -120.04189 0.0071640576 0.99950216 -0.030726341 -11.994091 0.63940188 0.019046166 0.76863679 127.25127
0.77867194 -0.024888823 -0.62693742 -120.58105 0.0063102641 0.99947304 -0.031840629 -12.034291 0.62739958 0.020837263 0.77841866 127.91706
0.78813169 -0.02553449 -0.61497675 -121.10103 0.0062751815 0.99942053 -0.033454963 -12.082248 0.61547469 0.022507825 0.78783522 128.59887
0.79785679 -0.024984667 -0.60232905 -121.6027 0.0059670626 0.99941916 -0.033551915 -12.125746 0.60281753 0.023175488 0.79754245 129.26655
0.80782989 -0.023448829 -0.58894905 -122.11865 0.0061197853 0.99948816 -0.031400137 -12.167032 0.58938395 0.021761728 0.80755992 129.94395
0.81770248 -0.021224301 -0.57524965 -122.59739 0.0055568289 0.99956452 -0.028980854 -12.207919 0.57561429 0.020501152 0.81746433 130.63629
0.82720675 -0.02018005 -0.56153515 -123.07903 0.0063766974 0.99962767 -0.026530288 -12.248083 0.56186151 0.018365294 0.82702744 131.33048
0.83605768 -0.018806986 -0.54831909 -123.53439 0.0068297762 0.99969162 -0.023874966 -12.286429 0.54859906 0.016215952 0.83592831 132.04454
0.84408944 -0.018229546 -0.53589242 -123.98433 0.0076207609 0.99972883 -0.022004415 -12.317686 0.53614827 0.014489786 0.84399947 132.75632
0.85130182 -0.018397725 -0.52435362 -124.43435 0.0089567771 0.99974899 -0.020536117 -12.353137 0.52459986 0.012785915 0.85125292 133.47258
0.8573143 -0.018429633 -0.51446333 -124.87316 0.0093672255 0.99975199 -0.020204368 -12.388113 0.51470814 0.0125024 0.85727431 134.18591
0.86464312 -0.017480688 -0.50208234 -125.29997 0.0086346719 0.99976393 -0.019938267 -12.418066 0.50231239 0.012904169 0.86458994 134.92489
0.87014628 -0.015818186 -0.49253956 -125.71239 0.0072425021 0.99978724 -0.019313747 -12.450126 0.49274032 0.013238566 0.87007571 135.65656
0.87672304 -0.014785162 -0.48076823 -126.12255 0.0065867206 0.99980278 -0.018735674 -12.473313 0.48095047 0.013259311 0.87664751 136.40389
0.88222637 -0.015543789 -0.47056881 -126.53336 0.0074190911 0.99978975 -0.019115596 -12.506924 0.47076704 0.01337309 0.88215621 137.14183
0.8873991 -0.016530122 -0.46070551 -126.92966 0.0083511864 0.99976936 -0.019785902 -12.537824 0.46092636 0.013710554 0.88733248 137.91424
0.89137534 -0.017341257 -0.45293407 -127.31771 0.0089164439 0.99974537 -0.020729162 -12.574697 0.45317825 0.014438902 0.89130298 138.6969
0.89503271 -0.016564879 -0.44569275 -127.71521 0.0086096097 0.99976554 -0.019868201 -12.600629 0.44591741 0.013945449 0.89496548 139.47606
0.89776927 -0.01478536 -0.4402178 -128.10449 0.0083975534 0.99982934 -0.016454972 -12.630388 0.440386 0.011076016 0.89774022 140.26006
0.90108361 -0.01123979 -0.43349969 -128.49202 0.0062846562 0.99989753 -0.01286192 -12.65358 0.43359987 0.0088652686 0.90106192 141.05559
0.90455354 -0.0080890029 -0.42628328 -128.89309 0.004343691 0.99994296 -0.0097574567 -12.676694 0.42633793 0.006974499 0.90453709 141.88111
0.90751843 -0.0056707862 -0.41997395 -129.27755 0.0027396093 0.9999675 -0.0075822707 -12.699205 0.42000334 0.0057304856 0.90750448 142.71023
0.91049585 -0.0039634634 -0.41349918 -129.67467 0.0016971743 0.99998146 -0.0058479437 -12.710066 0.41351473 0.004622748 0.9104857 143.55738
0.91381017 -0.0026429165 -0.40613296 -130.06806 0.0016598943 0.99999478 -0.0027726747 -12.727172 0.4061382 0.0018595603 0.91380978 144.40596
0.91732594 -0.0023165974 -0.39813031 -130.44286 0.0024210472 0.99999704 -0.00024037711 -12.747609 0.39812972 -0.00074338844 0.91732883 145.28041
0.92054572 -0.0026133933 -0.39062607 -130.82355 0.0029810925 0.9999955 0.00033497534 -12.762126 0.39062347 -0.0014728529 0.92054937 146.17676
0.92422497 -0.0033998651 -0.38183325 -131.19004 0.0037371544 0.99999301 0.00014176298 -12.766923 0.38183013 -0.001557991 0.92423121 147.06573
0.92790837 -0.006007034 -0.37275992 -131.5678 0.0064042478 0.99997948 -0.00017264738 -12.794241 0.37275334 -0.0022270463 0.9279278 147.98881
0.93154851 -0.0076286075 -0.36353703 -131.93718 0.0075724794 0.99997008 -0.0015796133 -12.802967 0.36353823 -0.0012813906 0.9315784 148.91471
0.93608525 -0.0086033536 -0.35166798 -132.29124 0.0078773879 0.99996286 -0.0034951377 -12.821669 0.35168502 0.00050152149 0.93611826 149.85429
0.94082426 -0.0071233714 -0.33881995 -132.6435 0.0059048792 0.99997186 -0.0046269935 -12.838095 0.3388434 0.0023524966 0.94083985 150.82315
0.94675143 -0.0035462364 -0.32194586 -132.98932 0.0027142506 0.99999172 -0.0030330768 -12.851863 0.32195398 0.0019977279 0.94675322 151.81394
0.95297757 0.00018054449 -0.30304076 -133.31257 -0.0002612729 0.99999994 -0.00022585336 -12.860208 0.30304073 0.00029440929 0.95297757 152.81312
0.95903981 0.0032058264 -0.28325317 -133.62577 -0.0029015775 0.99999467 0.0014936503 -12.87846 0.28325647 -0.00061058932 0.95904401 153.82973
0.96502597 0.0048976866 -0.26210853 -133.91 -0.0043710229 0.99998709 0.0025923342 -12.895439 0.26211787 -0.0013559876 0.96503492 154.86143
0.97049577 0.0062607607 -0.24103682 -134.19247 -0.0055187557 0.99997773 0.003753337 -12.899064 0.24105497 -0.0023123746 0.97050871 155.90764
0.97561448 0.0069835859 -0.21938008 -134.4346 -0.0056812098 0.9999623 0.0065669242 -12.918294 0.21941769 -0.0051604424 0.97561737 156.97753
0.98035574 0.0089890798 -0.19703253 -134.66484 -0.0071618983 0.99992451 0.0099841053 -12.916593 0.19710742 -0.0083768484 0.98034611 158.08672
0.98458348 0.010829111 -0.17457977 -134.86012 -0.0084850441 0.99986363 0.014167737 -12.932736 0.1747094 -0.012468003 0.9845411 159.16231
0.98841156 0.0125393 -0.15127903 -135.05284 -0.010037749 0.99980016 0.017288367 -12.922853 0.15146559 -0.015569521 0.9883399 160.3269
0.99144439 0.014029466 -0.12977361 -135.21525 -0.011843166 0.9997749 0.017603489 -12.921014 0.12999137 -0.015915951 0.99138737 161.43957
0.99405503 0.013930395 -0.10798394 -135.34382 -0.012290435 0.99979903 0.015837802 -12.915307 0.10818287 -0.014416478 0.99402647 162.58003
0.99622291 0.013779527 -0.085732348 -135.45611 -0.012577215 0.99981506 0.01454841 -12.910762 0.08591697 -0.013415185 0.99621198 163.7518
0.99771256 0.012366939 -0.066458349 -135.53924 -0.011303351 0.99980234 0.016356103 -12.913897 0.066647493 -0.015567488 0.99765513 164.90858
0.99881545 0.012902064 -0.046917325 -135.59375 -0.012054087 0.99975965 0.018312096 -12.910621 0.047142316 -0.01772486 0.99873091 166.10483
0.99958777 0.013407385 -0.025387453 -135.63612 -0.012918702 0.99972996 0.019316157 -12.906943 0.025639579 -0.018980222 0.99949105 167.33233
0.99988039 0.014491489 -0.0054038483 -135.6648 -0.014381082 0.99969776 0.019939155 -12.897725 0.0056911636 -0.019859057 0.99978659 168.53587
0.99975483 0.014889447 0.016388315 -135.65587 -0.01522379 0.99967457 0.020469175 -12.890659 -0.016078208 -0.02071365 0.99965616 169.78172
0.99920852 0.016962967 0.035980499 -135.63181 -0.017694328 0.99964126 0.020106477 -12.881075 -0.035626528 -0.020727214 0.99915021 171.0002
0.99826471 0.018377262 0.055945072 -135.57914 -0.019465242 0.99963065 0.018964816 -12.872176 -0.055575892 -0.020020891 0.99825372 172.25572
0.99692678 0.018288976 0.076174211 -135.49781 -0.019627207 0.99966526 0.016856535 -12.871314 -0.075840429 -0.018299819 0.99695203 173.53781
0.99527834 0.020042055 0.094970197 -135.38497 -0.021501802 0.9996655 0.014372149 -12.867788 -0.09465039 -0.016346319 0.99537636 174.79354
0.99327345 0.020732131 0.11392113 -135.24984 -0.022272067 0.99967676 0.012261307 -12.867288 -0.11363011 -0.01471609 0.99341413 176.07889
0.99086071 0.020337959 0.13334698 -135.09498 -0.02182169 0.99971507 0.0096746828 -12.870837 -0.13311224 -0.01249612 0.99102219 177.38524
0.98828409 0.021640166 0.1510836 -134.90736 -0.022551701 0.99973633 0.0043222779 -12.876059 -0.15095024 -0.0076788307 0.98851154 178.66349
0.98507884 0.023256914 0.17052507 -134.70131 -0.023272364 0.99972734 -0.0019085773 -12.900769 -0.17052298 -0.0020884224 0.98535149 179.97467
0.98222318 0.026023789 0.18590421 -134.46719 -0.025093652 0.99965805 -0.0073549922 -12.912233 -0.18603206 0.0025592283 0.98254034 181.26538
0.97859123 0.027845718 0.20392109 -134.19498 -0.026143373 0.99959727 -0.011037746 -12.953013 -0.20414634 0.0054702568 0.9789251 182.604
0.97452899 0.029967724 0.22225025 -133.92082 -0.027550203 0.99952279 -0.013970529 -12.980724 -0.22256287 0.0074916469 0.97488956 183.91798
0.97062057 0.029511229 0.23879863 -133.60998 -0.026948213 0.99953891 -0.013991424 -13.020612 -0.23910145 0.0071451678 0.9709683 185.24061
0.96631426 0.028386509 0.25579475 -133.27619 -0.025526945 0.99956907 -0.014492976 -13.054043 -0.25609595 0.0074751112 0.96662247 186.5823
0.96167949 0.028011138 0.27274149 -132.91239 -0.023726548 0.999538 -0.01899551 -13.109139 -0.27314759 0.011796379 0.96189981 187.92189
0.9571557 0.029392262 0.2880782 -132.53059 -0.023644427 0.99944625 -0.023412355 -13.160553 -0.28860685 0.015597825 0.95732064 189.26765
0.95163789 0.03182055 0.30556957 -132.11054 -0.025779258 0.99938463 -0.023786567 -13.20311 -0.30613846 0.014758842 0.95187259 190.61456
0.94594344 0.033475935 0.3225994 -131.66959 -0.02716225 0.99934158 -0.024054426 -13.260925 -0.32319226 0.013991601 0.94622989 191.95905
0.93961915 0.037716419 0.34013721 -131.21166 -0.030160206 0.99916734 -0.027476877 -13.30586 -0.34089035 0.015559192 0.9399743 193.30462
0.93302742 0.038560562 0.35773301 -130.71852 -0.029423704 0.99908772 -0.030951192 -13.373749 -0.35860018 0.018352481 0.93331083 194.65188
0.92659591 0.039265258 0.37400299 -130.20009 -0.028744682 0.99901961 -0.033668339 -13.433984 -0.37495835 0.020446348 0.92681616 196.00537
0.91902713 0.039570247 0.39220317 -129.64484 -0.026712095 0.99891342 -0.038189677 -13.511754 -0.39328821 0.024620782 0.91908553 197.32901
0.91087022 0.042904322 0.41045663 -129.07097 -0.02717806 0.99865845 -0.044075496 -13.596065 -0.41179705 0.028991643 0.9108143 198.64106
0.90099217 0.046468699 0.43133948 -128.46785 -0.028463486 0.99843653 -0.048107511 -13.681233 -0.43290062 0.031067066 0.90090616 199.98123
0.8887397 0.049450192 0.4557372 -127.80862 -0.030367256 0.99833186 -0.049105311 -13.768501 -0.45740528 0.029802352 0.88875883 201.3131
0.87600083 0.053832189 0.47929597 -127.13931 -0.033137038 0.99812101 -0.051540111 -13.868656 -0.48116994 0.029266732 0.87613867 202.63022
0.86194022 0.058153717 0.50366376 -126.41834 -0.0353665 0.99787674 -0.054692112 -13.966318 -0.50577494 0.029328508 0.86216679 203.91096
0.84695531 0.061671563 0.52807508 -125.66456 -0.036600559 0.99765646 -0.057809954 -14.070044 -0.53040279 0.029634606 0.84722765 205.18445
0.83202972 0.063262321 0.55111196 -124.86722 -0.036085207 0.99754414 -0.060029534 -14.178833 -0.55355616 0.030059368 0.83226921 206.45023
0.81637294 0.064214257 0.573944 -124.03252 -0.034954502 0.99747129 -0.061880549 -14.286444 -0.57646633 0.03045568 0.81655315 207.67207
0.80058092 0.066544474 0.59551825 -123.16975 -0.033316547 0.99722052 -0.066642666 -14.410745 -0.59829777 0.033512237 0.80057276 208.88838
0.78405961 0.06916425 0.61681991 -122.26993 -0.031661546 0.99693504 -0.071540696 -14.539727 -0.61987749 0.0365627 0.78384635 210.0845
0.76731449 0.070959761 0.63733284 -121.33156 -0.029925773 0.99673842 -0.074946462 -14.66992 -0.64057237 0.03843483 0.76693536 211.24545
0.75236403 0.072566169 0.65473849 -120.35778 -0.028101321 0.99654486 -0.078157953 -14.804694 -0.65814795 0.040404217 0.75180371 212.38779
0.73631983 0.073220369 0.67266027 -119.34402 -0.026219853 0.99646869 -0.07976628 -14.947993 -0.67612548 0.041096442 0.73563949 213.53677
0.72025076 0.073685583 0.68978927 -118.3084 -0.024200864 0.99640643 -0.081169859 -15.093303 -0.69329157 0.041769158 0.71944574 214.64446
0.70569015 0.074248862 0.70461938 -117.26143 -0.021526109 0.99628164 -0.083423783 -15.240818 -0.70819353 0.04370363 0.70466443 215.74045
0.69014464 0.075879254 0.71968234 -116.16383 -0.018477288 0.99601114 -0.087294876 -15.396416 -0.72343556 0.046948314 0.68879379 216.82694
0.67607574 0.078285551 0.73266153 -115.06958 -0.016750813 0.99571585 -0.090936048 -15.560502 -0.73664174 0.049206981 0.67449067 217.86536
0.66053662 0.080318765 0.74648524 -113.93524 -0.015067247 0.9954792 -0.09377706 -15.715001 -0.75064265 0.050695707 0.65876065 218.89216
0.64458917 0.081017682 0.76022423 -112.78586 -0.013929255 0.99544872 -0.094275211 -15.887433 -0.76440227 0.050179425 0.64278398 219.89558
0.62881234 0.082291989 0.77319015 -111.60983 -0.014196112 0.99543309 -0.094400423 -16.054235 -0.77742753 0.048383859 0.62710884 220.87163
0.61156669 0.083681041 0.78675511 -110.43379 -0.016719264 0.99553589 -0.092891082 -16.226668 -0.79101624 0.043655127 0.61023568 221.82659
0.59253712 0.084482896 0.80110071 -109.2298 -0.019019543 0.99567523 -0.090934559 -16.388304 -0.80531861 0.038645534 0.59158136 222.76186
0.57552107 0.085900161 0.81326294 -108.032 -0.020875156 0.99568711 -0.090395845 -16.557728 -0.81752051 0.035047724 0.57483209 223.63754
0.55707293 0.08961105 0.82561465 -106.82828 -0.022894792 0.99544053 -0.092595742 -16.730459 -0.83014796 0.032680307 0.5565846 224.49397
0.53924544 0.092890665 0.83700993 -105.59798 -0.025001772 0.99522586 -0.094341891 -16.90154 -0.84177748 0.029946704 0.53899344 225.31668
0.51892598 0.09328362 0.84971403 -104.34949 -0.025266128 0.99526733 -0.093832615 -17.077972 -0.85444573 0.0272232 0.51882699 226.1138
0.49829411 0.092119789 0.86210026 -103.12085 -0.025475517 0.99546575 -0.091645713 -17.244557 -0.86663374 0.02370407 0.49838151 226.8659
0.47697483 0.090350121 0.87426072 -101.86587 -0.025299329 0.99570153 -0.089097689 -17.404906 -0.8785528 0.020379147 0.47721037 227.5802
0.45529405 0.088929914 0.88588867 -100.59351 -0.025219797 0.99588809 -0.087010728 -17.566254 -0.88998391 0.017273535 0.45566472 228.24539
0.43388788 0.087805051 0.89667804 -99.346885 -0.024218942 0.99601682 -0.085813411 -17.721489 -0.90064134 0.015516806 0.43428617 228.89472
