1.000000000000000000e+00 4.398956837314658088e-19 2.733407509747682871e-20 -8.673617379884035472e-19 -5.583667658079949532e-19 1.000000000000000000e+00 -6.100159232558060012e-19 0.000000000000000000e+00 4.145284534913582806e-20 -2.210423569125054137e-19 1.000000000000000222e+00 0.000000000000000000e+00
9.999393289266269580e-01 -1.284700934473031889e-03 1.094020223453755908e-02 6.175694891998514263e-02 1.278567438471823071e-03 9.999990215376578506e-01 5.676147973335055660e-04 -7.573572025150090981e-03 -1.094092093401610212e-02 -5.535925672438330629e-04 9.999399930851864404e-01 2.934547189004747536e-01
9.998455038389282290e-01 -2.719162608890758354e-03 1.736590429342422387e-02 7.001726179931419547e-02 2.708652791315014144e-03 9.999961339632958968e-01 6.286918417497859915e-04 -1.057884827777576253e-02 -1.736754697144145265e-02 -5.815564934867516796e-04 9.998490036426420646e-01 5.766403138707232312e-01
9.997945057599407770e-01 -4.937733117099859029e-03 1.966125819394710234e-02 8.707689024209851192e-02 4.944374492008388536e-03 9.999877346850568616e-01 -2.891910065897884512e-04 -1.450628508310990161e-02 -1.965958943464555034e-02 3.863442282252196468e-04 9.998066569394418179e-01 8.947279251718464055e-01
9.998184036601783786e-01 -6.441202834892929135e-03 1.793517883012695283e-02 6.944094732819688920e-02 6.468478871660898570e-03 9.999780086470412277e-01 -1.463212913474369690e-03 -1.773365465778611871e-02 -1.792535987125515318e-02 1.578960560321426756e-03 9.998380810597150559e-01 1.192909725822738576e+00
9.998914225101066533e-01 -9.884691147836925998e-03 1.092868255661054791e-02 7.262762692063526315e-02 9.924868880642844990e-03 9.999441648362578094e-01 -3.628246222120085681e-03 -1.921120564061502833e-02 -1.089220844949725583e-02 3.736318069024058795e-03 9.999336976562779311e-01 1.510831678392878130e+00
9.999501239102870365e-01 -9.943990167204411548e-03 -9.310035600888714579e-04 6.156958446940007101e-02 9.939794967333050527e-03 9.999408863438984385e-01 -4.407298138748254671e-03 -2.624105305379950681e-02 9.747746683030381011e-04 4.397824381944052605e-03 9.999898544263744471e-01 1.836509444526819745e+00
9.998022820959634460e-01 -9.712875651157786699e-03 -1.735098700025040561e-02 3.680321169011821492e-02 9.631759271807580070e-03 9.999423198012641345e-01 -4.752501178935477667e-03 -3.292807309149431427e-02 1.739614694286459665e-02 4.584441027318389601e-03 9.998381654051600176e-01 2.148357078634109740e+00
9.993118341172249064e-01 -6.422975804615898253e-03 -3.653222566719550868e-02 5.798727911622402614e-03 6.240344170285775163e-03 9.999674672296123834e-01 -5.111025003874903813e-03 -4.333556653523563951e-02 3.656386579187007740e-02 4.879534124965675436e-03 9.993194053646713426e-01 2.508805934116087322e+00
9.984353071660453383e-01 -2.941351851937164079e-03 -5.584161285787831580e-02 -4.980814089126668620e-02 2.613810001804986981e-03 9.999789557369239690e-01 -5.937682770910611071e-03 -5.097887920849428212e-02 5.585790348859139692e-02 5.782432758715885801e-03 9.984219840428627535e-01 2.858993561868714117e+00
9.971274161486706200e-01 -2.309795610368386379e-03 -7.570720314372120230e-02 -8.970189461720108615e-02 1.837632019877322078e-03 9.999784299256024855e-01 -6.305774310776644971e-03 -5.159309567856064371e-02 7.572013648911984918e-02 6.148538453063207877e-03 9.971101526955074013e-01 3.223514305690799109e+00
9.953425355006637609e-01 -2.792619907847613582e-03 -9.636097761396114625e-02 -1.547812099752348680e-01 2.246219543956508996e-03 9.999807823411367425e-01 -5.778359883540064301e-03 -6.011484278699810724e-02 9.637526420824642226e-02 5.534999430477778072e-03 9.953296803189192188e-01 3.595607394986613414e+00
9.931970770985071306e-01 -4.149225240817223243e-03 -1.163716012757181339e-01 -2.136576535698525015e-01 3.598133170832311725e-03 9.999812985512150920e-01 -4.945298752195957312e-03 -7.658869480160294951e-02 1.163899461280835101e-01 4.492935684599515082e-03 9.931934325016482656e-01 3.969904742109713336e+00
9.910534545816579444e-01 -3.531253124312253890e-03 -1.334188139863000111e-01 -2.832462550586353767e-01 2.967682790483733291e-03 9.999858162085731861e-01 -4.422695540188095568e-03 -7.743010614936837732e-02 1.334325415661074821e-01 3.987182892080466494e-03 9.910498775117752013e-01 4.383269788070556672e+00
9.887024284757555126e-01 -2.836638286898140061e-03 -1.498648084689926663e-01 -3.632751587230646506e-01 2.281323904294101871e-03 9.999898813023652133e-01 -3.877222022439261000e-03 -8.589654644695635111e-02 1.498742929008126112e-01 3.491528555952782761e-03 9.886988955952481506e-01 4.787005401927760140e+00
9.866332177515627633e-01 -1.981094787125226627e-03 -1.629446783748032257e-01 -4.447647185081957111e-01 1.361051946915892760e-03 9.999914031416973215e-01 -3.916781646890218731e-03 -8.974496041646594369e-02 1.629510398964467421e-01 3.642650593267346588e-03 9.866274324065410495e-01 5.220995920153960412e+00
9.845164130333128316e-01 -2.962570201421958413e-03 -1.752673810976570490e-01 -5.419775046247303774e-01 2.190130054041744372e-03 9.999870194048158245e-01 -4.600472689246284594e-03 -9.561273496389276205e-02 1.752787382773621783e-01 4.145382391072574904e-03 9.845101220835527078e-01 5.652631249511390621e+00
9.827872328490576681e-01 -5.442674881003263174e-03 -1.846608550916827018e-01 -6.330486150312468752e-01 4.325021839522268617e-03 9.999698149188410712e-01 -6.454721554900661080e-03 -1.134723257478819358e-01 1.846904152328742721e-01 5.544955590285445372e-03 9.827811072824740313e-01 6.093784246817257610e+00
9.811783843501243885e-01 -5.184608739670168269e-03 -1.930339271063934437e-01 -7.223514468832363811e-01 3.676644058483555418e-03 9.999598713935380356e-01 -8.169325887487139184e-03 -1.209532892192408254e-01 1.930685390188699169e-01 7.305848828463312912e-03 9.811580732592605214e-01 6.543072099003008901e+00
9.796424760403880105e-01 -5.099489378182020007e-03 -2.006853591593628361e-01 -8.363617156376228490e-01 3.128493935255496298e-03 9.999437227971263997e-01 -1.013724616230805148e-02 -1.209688698484241848e-01 2.007257633950634002e-01 9.303033907153200263e-03 9.796032985034168750e-01 7.020520647926255187e+00
9.780132500256747408e-01 -5.410086808991521924e-03 -2.084725706307967164e-01 -9.495542720781812163e-01 2.858748579795404327e-03 9.999173146620470298e-01 -1.253759911299480098e-02 -1.337146387861259111e-01 2.085231661054391950e-01 1.166596731119755488e-02 9.779478490378011868e-01 7.490967287070765757e+00
9.763124596415602152e-01 -9.286298121256413018e-03 -2.161660119585123163e-01 -1.061378228839263027e+00 6.298081444722028813e-03 9.998749111987883520e-01 -1.450848424162984839e-02 -1.451373333463075732e-01 2.162737058547010705e-01 1.280338271329511945e-02 9.762488200490255785e-01 7.994135770758387771e+00
9.745045358314535777e-01 -1.481682508092710057e-02 -2.238780252469192156e-01 -1.174475616099805109e+00 1.161302731400278357e-02 9.998105519723556878e-01 -1.562042706640925753e-02 -1.610581839521465497e-01 2.240670610013714981e-01 1.262227532740298544e-02 9.744919863751329014e-01 8.517574590623365083e+00
9.724736250923601277e-01 -1.578545265396653560e-02 -2.324776693718418052e-01 -1.322300176944209094e+00 1.202203123775890184e-02 9.997728937384788850e-01 -1.759635445762779138e-02 -1.866032257154532359e-01 2.327026426748590171e-01 1.431713673478881427e-02 9.724425437711124998e-01 9.033947805233063733e+00
9.703408827851033314e-01 -1.205342360726961368e-02 -2.414400233115482908e-01 -1.463358054784618112e+00 6.999726014390796232e-03 9.997383208641980046e-01 -2.177828319253559755e-02 -1.835669980565973747e-01 2.416393505342515624e-01 1.944234449318978791e-02 9.701713358191045300e-01 9.565269702717625222e+00
9.683399451983396578e-01 -9.713688926916016000e-03 -2.494461733124792302e-01 -1.607546076230011334e+00 3.571242770090873962e-03 9.996794416263623528e-01 -2.506511934045886625e-02 -2.010453682508879236e-01 2.496096903255605737e-01 2.338072343964534353e-02 9.680642260070428939e-01 1.010177400400627512e+01
9.660647043655500310e-01 -1.182021363197665112e-02 -2.580295875384914783e-01 -1.782935119811794422e+00 5.054212172203900212e-03 9.996261753916115822e-01 -2.686939524703688825e-02 -2.225238959543950901e-01 2.582507361700578374e-01 2.465343809318632645e-02 9.657633078304628249e-01 1.067411335701380004e+01
9.636564049247832164e-01 -1.336297120749494784e-02 -2.668103496416616705e-01 -1.936818578959215387e+00 5.969445776936393132e-03 9.995758916197434729e-01 -2.850267701898787781e-02 -2.513189688140805567e-01 2.670780781896716083e-01 2.587407735582648166e-02 9.633274800689551887e-01 1.122980370033687514e+01
9.614546188427187667e-01 -1.352641299166698272e-02 -2.746307528348856386e-01 -2.105856672308872302e+00 5.163531225700378376e-03 9.995013358617792498e-01 -3.115152554648915884e-02 -2.791448953676907152e-01 2.749151774610447685e-01 2.853271367428682551e-02 9.610450203392113533e-01 1.179719526140845964e+01
9.591732384862649008e-01 -1.321744704354923736e-02 -2.825101695943160740e-01 -2.309613009273213891e+00 3.507795329817569707e-03 9.993864876462846825e-01 -3.484743421767867028e-02 -2.945628095418880710e-01 2.827974450981878829e-01 3.243373852798267509e-02 9.586311383439617417e-01 1.239266665078635299e+01
9.569754187560076675e-01 -1.423061467130668119e-02 -2.898198331406448003e-01 -2.484723625516774170e+00 2.739040060731058514e-03 9.991952106335117989e-01 -4.001785470431884484e-02 -3.305688138760743966e-01 2.901560728801084177e-01 3.750227522073711073e-02 9.562442337377476953e-01 1.298596564197177194e+01
9.549956368224862269e-01 -1.504459786610851460e-02 -2.962380661428973827e-01 -2.679480409327151147e+00 1.254106806038524395e-03 9.989087727280527851e-01 -4.668716065951514227e-02 -3.621001367360306977e-01 2.966171977381713565e-01 4.421452069772381643e-02 9.539723874782801705e-01 1.358336477877412918e+01
9.534370593368487468e-01 -1.561103896635139716e-02 -3.011877610330456201e-01 -2.897401371113814239e+00 -9.797095608021124790e-04 9.984938570410821779e-01 -5.485487768797697034e-02 -3.967571436420091469e-01 3.015904760127618434e-01 5.259575002239310487e-02 9.519857529509615501e-01 1.419944541388975168e+01
9.522218133433965059e-01 -1.558776737839333987e-02 -3.050092420025792284e-01 -3.090406594251226657e+00 -4.012693999542808233e-03 9.979718847571397156e-01 -6.352964272916002131e-02 -4.444380793838385579e-01 3.053809386308730667e-01 6.171822065646164618e-02 9.502280492439507675e-01 1.482809894114697435e+01
9.509806538944779453e-01 -1.462962950278364795e-02 -3.089041401751527749e-01 -3.313752083034996687e+00 -8.036735817678178351e-03 9.973739135639968501e-01 -7.197699217871737776e-02 -4.862051030897664994e-01 3.091459332154377626e-01 7.093130843635477023e-02 9.483657224498857063e-01 1.546635979338943656e+01
9.495962934253654453e-01 -1.368968199232462567e-02 -3.131764199704789031e-01 -3.554584352322595286e+00 -1.170074451399969080e-02 9.968019083209748166e-01 -7.905092111179093384e-02 -5.414765419725572348e-01 3.132570403866227204e-01 7.873085940617349787e-02 9.463992183727057972e-01 1.611809398365047485e+01
9.481390750982156002e-01 -1.275353232944942058e-02 -3.175998103522775229e-01 -3.795994389871811148e+00 -1.536092770683030427e-02 9.961887609834572110e-01 -8.586031896376720984e-02 -6.074975750810502895e-01 3.174843893302257136e-01 8.628615165016385868e-02 9.443295848017831950e-01 1.677057014612212171e+01
9.462079255394172383e-01 -1.160090673501049628e-02 -3.233511688361686565e-01 -4.033917562698837500e+00 -1.905970351372802962e-02 9.956232430199766226e-01 -9.149363717275950381e-02 -6.752038441738739127e-01 3.229973540044547842e-01 9.273498260538438898e-02 9.418454939883474930e-01 1.743174143881447691e+01
9.446979440222454949e-01 -9.379634802634395987e-03 -3.278075879699005046e-01 -4.289884515852060431e+00 -2.370439891696717732e-02 9.950231182400484098e-01 -9.678375703310221345e-02 -7.461233723465084955e-01 3.270839302260495907e-01 9.920189873867399366e-02 9.397739558901299084e-01 1.812087545397473676e+01
9.426823240140114191e-01 -7.261771626455608072e-03 -3.336125002265013517e-01 -4.543968953966177615e+00 -2.778334713931365427e-02 9.945837579040996967e-01 -1.001560488696267986e-01 -8.260561135501756080e-01 3.325328901681507410e-01 1.036842094726676544e-01 9.373747724519662095e-01 1.881965723894819931e+01
9.411697691856107939e-01 -6.158262183987790565e-03 -3.378779942001167158e-01 -4.804015836046675147e+00 -2.996900032239258396e-02 9.943734823601697581e-01 -1.016033296289279297e-01 -9.041097863723388528e-01 3.366026233716587490e-01 1.057518486834580218e-01 9.356897043676032366e-01 1.950700176444878409e+01
9.389468843676147536e-01 -5.342865287198598698e-03 -3.440206383819186531e-01 -5.086667090358897525e+00 -3.122855821338990298e-02 9.944289143294953170e-01 -1.006772640425253884e-01 -9.930162765159065152e-01 3.426419808206709328e-01 1.052738725923776791e-01 9.335490813155707945e-01 2.022268726320852750e+01
9.365637870921812436e-01 -5.417220298603068855e-03 -3.504553093520164087e-01 -5.362575212514181899e+00 -3.140694624029274212e-02 9.945611563880534245e-01 -9.930614246993424432e-02 -1.081834961988554555e+00 3.490872069234154940e-01 1.040132685770302767e-01 9.312998252446738068e-01 2.095644984793849375e+01
9.340976391177108207e-01 -4.801337658114615027e-03 -3.569853569606203925e-01 -5.644269468308553250e+00 -3.213442383574646039e-02 9.947202845662951320e-01 -9.746247627743238884e-02 -1.157836690983253147e+00 3.555685321743114469e-01 1.025109883804935645e-01 9.290115816558667250e-01 2.167570503024051476e+01
9.312614921884834196e-01 -5.478754928457150314e-03 -3.643103260210849847e-01 -5.937934399171478361e+00 -3.106416652957741387e-02 9.950522795261165232e-01 -9.437149238390324379e-02 -1.254505838931788908e+00 3.630248648285230306e-01 9.920153404036308187e-02 9.264836781719000269e-01 2.238153335136072641e+01
9.276200626484221168e-01 -2.297313348161229493e-03 -3.735180568927984335e-01 -6.271137604278203881e+00 -3.324002049032110523e-02 9.955059706036644140e-01 -8.867335310518510705e-02 -1.325583647101409301e+00 3.720431725905987141e-01 9.467092976236800295e-02 9.233749485796867162e-01 2.317058070896379007e+01
9.241791083961442554e-01 6.504065262588373635e-04 -3.819588322745859355e-01 -6.592848989951881400e+00 -3.515576029927956758e-02 9.958986590330095590e-01 -8.336626108068492802e-02 -1.404045456356717958e+00 3.803380734032644206e-01 9.047341047460498442e-02 9.204116008109305413e-01 2.390930712355991616e+01
9.206249999955408159e-01 4.333296360088409981e-03 -3.904239090714227700e-01 -6.920844832856845485e+00 -3.843592761334050506e-02 9.960874423817414058e-01 -7.957692280759484649e-02 -1.477203077488021821e+00 3.885515292812976029e-01 8.826681012396637993e-02 9.171895564327678940e-01 2.464106706773921829e+01
9.168915216090791631e-01 4.764532214917603821e-03 -3.991080474688060709e-01 -7.255035891625809086e+00 -3.901115775057580060e-02 9.962109387587594345e-01 -7.772962831284918606e-02 -1.552922538078299608e+00 3.972254641080885107e-01 8.683930461314122440e-02 9.136032339417998749e-01 2.537699010165357549e+01
9.127133396990827485e-01 5.978479061325891498e-03 -4.085567450180589977e-01 -7.607346263811389342e+00 -4.078628889689197429e-02 9.962320854341859544e-01 -7.653829528258938864e-02 -1.626144890759230854e+00 4.065597624647667163e-01 8.652103695928006766e-02 9.095181543413521918e-01 2.613528501636904977e+01
9.090123366279786454e-01 5.200964566764054720e-03 -4.167367493732232475e-01 -7.973647090028932460e+00 -4.036809454737789321e-02 9.963193076842751239e-01 -7.561913867130611033e-02 -1.697588290545568146e+00 4.148095842581041026e-01 8.556159884590458509e-02 9.058764955019306120e-01 2.690587683880506731e+01
9.048716016987101707e-01 5.605483493683027264e-03 -4.256476938818718470e-01 -8.352587026594967767e+00 -4.098605409882734307e-02 9.964149850711527812e-01 -7.400892482476788270e-02 -1.766821801568618344e+00 4.237068919903012043e-01 8.441419414448218805e-02 9.018573707273556117e-01 2.770090597833700130e+01
9.011080450430755118e-01 6.465749858482360522e-03 -4.335464005429073842e-01 -8.749229321839621321e+00 -4.156476542848001887e-02 9.965721744176797570e-01 -7.152811694803755393e-02 -1.838938406469222908e+00 4.315978035783852862e-01 8.247481643406075202e-02 8.982879518012839570e-01 2.848568145830434517e+01
8.973871411487138738e-01 6.426363459448247717e-03 -4.411972538636050878e-01 -9.134325447977431622e+00 -4.024321980863564824e-02 9.969186199154211891e-01 -6.733311658481566653e-02 -1.911295718233449348e+00 4.394050578820791753e-01 7.817907138107263454e-02 8.948805684440916952e-01 2.925515310024365689e+01
8.933905912424136009e-01 8.215338878129344394e-03 -4.492056941044125229e-01 -9.544081812932699194e+00 -4.036754082421537687e-02 9.972566475535518116e-01 -6.204547225177067110e-02 -1.970747012213770244e+00 4.474636476581250744e-01 7.356417060163518429e-02 8.912713396211677797e-01 3.006485675721966899e+01
8.897736188670548607e-01 7.702741942076554715e-03 -4.563371240064304502e-01 -9.969308388674118504e+00 -3.817942971400402341e-02 9.976092125481624828e-01 -5.760373471187672095e-02 -2.042528961563037981e+00 4.548024200391801442e-01 6.867697486326022893e-02 8.879404461851410080e-01 3.085791691427725425e+01
8.861540686287000534e-01 6.925351149231309331e-03 -4.633389707971745652e-01 -1.040892869269699084e+01 -3.689130178624508427e-02 9.977689667691588271e-01 -5.564279710979453536e-02 -2.105656680477373310e+00 4.619199081788470385e-01 6.640126903968507355e-02 8.844325153099927839e-01 3.166545161461630187e+01
8.828104536577973116e-01 7.330010801531114568e-03 -4.696721935996239217e-01 -1.085088438142439671e+01 -3.709308181348066474e-02 9.978437072139860753e-01 -5.414830857875203157e-02 -2.163379796155529888e+00 4.682625431925354076e-01 6.522428213725109392e-02 8.811787491815199491e-01 3.248104044183994432e+01
8.795546658783786054e-01 7.058458781386993397e-03 -4.757454817162760641e-01 -1.129751200466005301e+01 -3.637778537271729729e-02 9.979608213740700506e-01 -5.244860150765655316e-02 -2.219683232956511265e+00 4.744051535573761691e-01 6.343797935253740750e-02 8.780178685569458574e-01 3.329426607954665940e+01
8.768550279516826862e-01 6.161143172760378053e-03 -4.807153998654361549e-01 -1.178469867870368581e+01 -3.511839832252380139e-02 9.980673639313342171e-01 -5.126631660688861503e-02 -2.286030777626947064e+00 4.794705010683825153e-01 6.183508250682712148e-02 8.753767564400265488e-01 3.415129129422895460e+01
8.740640368280584438e-01 5.481198008647600491e-03 -4.857797971317922570e-01 -1.225540558563965909e+01 -3.445635329303795014e-02 9.981175733000805517e-01 -5.073528998678129842e-02 -2.345882495828055969e+00 4.845872704303670897e-01 6.108409281048757244e-02 8.726075381123237218e-01 3.498535843962786629e+01
8.718945702808393872e-01 5.116255072877653673e-03 -4.896669046297427719e-01 -1.272737848210937450e+01 -3.451576728612214956e-02 9.981005099162900684e-01 -5.102973619545538020e-02 -2.400825245640020977e+00 4.884757144498399484e-01 6.139377896173679738e-02 8.704150073349931072e-01 3.581318595298549923e+01
8.703336505814693869e-01 4.503387159758620584e-03 -4.924419268928648674e-01 -1.323057387210093161e+01 -3.425106658541465787e-02 9.980902577487428262e-01 -5.140721628897135936e-02 -2.457479312370827618e+00 4.912699915856646449e-01 6.160809156858945007e-02 8.688257841285504934e-01 3.667829369950269580e+01
8.700335988280812893e-01 4.701696099712038973e-03 -4.929700053214396971e-01 -1.374493623627270900e+01 -3.416512719690549538e-02 9.981254232361836953e-01 -5.077778682847926967e-02 -2.517870962856517458e+00 4.918071619364343672e-01 6.102076366709061062e-02 8.685632887849613626e-01 3.756122149449800673e+01
8.700896808971123608e-01 4.189196164161060679e-03 -4.928756364610975549e-01 -1.425569296098990257e+01 -3.287269161931393596e-02 9.982306857022845703e-01 -4.954678927722956649e-02 -2.571447673814081014e+00 4.917960317870089804e-01 5.931229897654347050e-02 8.686879296179738086e-01 3.843434605401589721e+01
8.697425520180380731e-01 3.607630659008570929e-03 -4.934925261694627641e-01 -1.477202697793280173e+01 -3.187801269028802537e-02 9.982955918886661228e-01 -4.888459450803075285e-02 -2.629730519671707345e+00 4.924750644120311494e-01 5.824857308440104658e-02 8.683751605345576552e-01 3.934450025437403298e+01
8.691516331310117360e-01 1.996324190315797685e-03 -4.945416549432861686e-01 -1.527702445934793829e+01 -3.038886597528887845e-02 9.983177411621254604e-01 -4.937817898019647433e-02 -2.698293495688654620e+00 4.936111415094275312e-01 5.794568506113378231e-02 8.677501618255228921e-01 4.023325551613149287e+01
8.680448354952976509e-01 8.376963004280122988e-04 -4.964851024555467229e-01 -1.581493198514150045e+01 -2.940772095137642733e-02 9.983295894081744004e-01 -4.973144791452792368e-02 -2.758148208466899121e+00 4.956141171557578717e-01 5.776962195909150083e-02 8.666194796322400640e-01 4.116881330346056700e+01
8.665351431094908685e-01 -7.946486160097497326e-04 -4.991154269006256028e-01 -1.633925212676268757e+01 -2.684930710567076315e-02 9.984765894016834897e-01 -4.820389165598492481e-02 -2.820040900195613265e+00 4.983933829001168103e-01 5.517126959309945344e-02 8.651937192134523391e-01 4.205597734794239528e+01
8.642353396777204821e-01 -2.662318648643205877e-04 -5.030876680859944772e-01 -1.689977266017341151e+01 -2.547762023631570255e-02 9.986935442872336699e-01 -4.429554730800063650e-02 -2.885294701807083140e+00 5.024422078631516353e-01 5.109925394622358286e-02 8.630994722226684734e-01 4.300092945283448387e+01
8.617955901362794879e-01 -5.656544468043706985e-04 -5.072553950313339888e-01 -1.746128271990095726e+01 -2.313051612031858870e-02 9.989153674179886977e-01 -4.041123608717064886e-02 -2.941850378420965306e+00 5.067280768256499091e-01 4.655930411776469657e-02 8.608477753836977220e-01 4.391464296559881575e+01
8.575712112858930869e-01 -1.455861303730414218e-03 -5.143631915711025515e-01 -1.798383234839484501e+01 -2.148592624241802557e-02 9.990217869463401401e-01 -3.865002223905592699e-02 -2.999958292845542385e+00 5.139163127092031269e-01 4.419671593038725782e-02 8.567010441172653312e-01 4.478841537722735211e+01
8.522199681534656790e-01 -4.003183006517779807e-03 -5.231683238182283091e-01 -1.854024811723342481e+01 -1.990039862849437083e-02 9.989990406888368257e-01 -4.006108925138448379e-02 -3.063069689773665338e+00 5.228050344932637650e-01 4.455211834389194436e-02 8.512872664290945801e-01 4.570329400978317125e+01
8.466548872044645790e-01 -7.224088382330805073e-03 -5.320933273355687998e-01 -1.912464290580811976e+01 -1.847206221317477387e-02 9.989062612481423020e-01 -4.295421035187391851e-02 -3.130055670009395108e+00 5.318216704188477584e-01 4.619625311989933314e-02 8.455954248724916189e-01 4.658722042459069002e+01
8.402777045858541571e-01 -7.742441338061700241e-03 -5.421009389962850866e-01 -1.969839103974653582e+01 -1.824510808352966529e-02 9.989278338422259429e-01 -4.254760670266354017e-02 -3.190923341956717785e+00 5.418491484015547366e-01 4.564249546029296861e-02 8.392355263406349186e-01 4.750673016655060366e+01
8.345406087014465291e-01 -4.828023028421292960e-03 -5.509252732698991517e-01 -2.031161968450680533e+01 -1.940565982535499140e-02 9.990835367442324477e-01 -3.815110755925466002e-02 -3.238895039379053209e+00 5.506045744178045265e-01 4.252971686963292336e-02 8.336820926905536000e-01 4.837869601488041127e+01
8.295311781140807250e-01 -4.664476487041452389e-04 -5.584602053085130358e-01 -2.089367824930829443e+01 -2.215093659892518330e-02 9.991852321557272987e-01 -3.373733676981841012e-02 -3.290391681079813946e+00 5.580209362142630747e-01 4.035658919076499929e-02 8.288449713081760262e-01 4.923599035806939384e+01
8.253305879217716079e-01 -4.593475276776353973e-04 -5.646496289437062943e-01 -2.152734654623420951e+01 -2.312388077549313789e-02 9.991332634724129358e-01 -3.461225224301485437e-02 -3.354067371766238814e+00 5.641761352647135519e-01 4.162344107188321179e-02 8.246046226410002067e-01 5.013986045448000795e+01
8.221534393555011144e-01 -2.228482963917765430e-03 -5.692615828899723063e-01 -2.214489843162678184e+01 -2.426518494574154972e-02 9.989462818046948023e-01 -3.895544780042251715e-02 -3.398497125377755168e+00 5.687485629561865874e-01 4.584059289742558468e-02 8.212330475559794785e-01 5.099626495291818173e+01
8.192603549334385171e-01 -4.611169570566194149e-03 -5.734031754386341717e-01 -2.274882259703868570e+01 -2.602035348779065116e-02 9.986386682690634453e-01 -4.520786975864923840e-02 -3.477613716941495792e+00 5.728310545215125060e-01 5.195716870995096409e-02 8.180250863487521507e-01 5.186070535950718607e+01
8.157032809510319504e-01 -5.644590958905322878e-03 -5.784429873290012347e-01 -2.337937925479687351e+01 -2.638852320785297495e-02 9.985483173999109008e-01 -4.695640218836005797e-02 -3.533590313982354125e+00 5.778683313448722547e-01 5.356674750324628281e-02 8.143701870730452042e-01 5.272458386689758925e+01
8.128010012459210287e-01 -3.915171661668366207e-03 -5.825282802313035413e-01 -2.399046010729506051e+01 -2.606447868595205761e-02 9.987315648572560045e-01 -4.308020840094897719e-02 -3.596089922747830236e+00 5.819580573266950330e-01 5.019893241157362407e-02 8.116679697913812275e-01 5.356342092359942342e+01
8.092904773450534384e-01 -2.077629348211922078e-03 -5.874049711193589651e-01 -2.464662836970659399e+01 -2.511141910235401703e-02 9.989572068672594174e-01 -3.813024424481276792e-02 -3.645582366067305458e+00 5.868716598799964546e-01 4.560901587644564104e-02 8.083943833872870854e-01 5.444134203554871476e+01
8.065236291771781252e-01 -7.038284367706561934e-04 -5.912014322410589218e-01 -2.531125858987051913e+01 -2.499372415129539129e-02 9.990646646751165649e-01 -3.528611056975720223e-02 -3.703852609129161699e+00 5.906733062096857223e-01 4.323540734323692847e-02 8.057516686642446357e-01 5.530946363494055618e+01
8.032544224416674483e-01 -1.130101618445238164e-04 -5.956360577079393703e-01 -2.592632643775190360e+01 -2.629302911893563119e-02 9.990184872371223879e-01 -3.564742388387143190e-02 -3.756975333667350370e+00 5.950554720954391863e-01 4.429502697027114938e-02 8.024630474223557464e-01 5.615075625135710879e+01
7.995542791907206404e-01 -7.495276926872316246e-04 -6.005933615325765862e-01 -2.659584441801660404e+01 -2.690068936944052524e-02 9.989509468426487349e-01 -3.705885543022378187e-02 -3.805889431323526306e+00 5.999910941517766494e-01 4.578694178435885331e-02 7.986953422722965490e-01 5.700076477399281316e+01
7.955846799452703788e-01 -3.159552084131371074e-03 -6.058341581977197965e-01 -2.724457439321852092e+01 -2.572595488651515175e-02 9.989082655295183910e-01 -3.899297822104905165e-02 -3.875552165314424702e+00 6.052959589435741306e-01 4.660787821263951552e-02 7.946348310729930420e-01 5.784356529458568730e+01
7.916657685168315695e-01 -4.315984026485242958e-03 -6.109391754538427977e-01 -2.789845900858427541e+01 -2.511177506922550665e-02 9.989001326245603440e-01 -3.959701809932223565e-02 -3.922333904518895853e+00 6.104381340071505235e-01 4.668937080879647511e-02 7.906866599942192764e-01 5.868832682665863132e+01
7.868968827599914784e-01 -4.957677396081594350e-03 -6.170645914885788397e-01 -2.857950111535753734e+01 -2.443857965012026512e-02 9.989328635022609593e-01 -3.919043359484077060e-02 -3.979028240290702900e+00 6.166004034989645000e-01 4.591901207557397280e-02 7.859359986397762565e-01 5.955579105820135766e+01
7.823221315693227318e-01 -4.636309243942727913e-03 -6.228567890757467085e-01 -2.926400838315148789e+01 -2.459098486445134013e-02 9.989627880682521166e-01 -3.832272908539356704e-02 -4.041384631630570823e+00 6.223884413369121793e-01 4.529738084512654334e-02 7.813966871750903653e-01 6.037905820010586666e+01
7.767088386391681754e-01 -5.766831830100058176e-03 -6.298334034346398935e-01 -2.995781598067950213e+01 -2.423081308266288730e-02 9.989442908959682565e-01 -3.902782890192951076e-02 -4.096670809282958459e+00 6.293935603550853131e-01 4.557463499692612774e-02 7.757491258981407123e-01 6.121052250469665523e+01
7.713324236439546011e-01 -7.041015365956555284e-03 -6.363935171299710536e-01 -3.066972600698264628e+01 -2.375164800150721470e-02 9.989237416837123407e-01 -3.983989911417343266e-02 -4.153062048122362349e+00 6.359891176230479948e-01 4.584520061268277519e-02 7.703350358742234727e-01 6.205079570180175352e+01
7.663682052603910666e-01 -8.212944264068884614e-03 -6.423490590689970858e-01 -3.134782510535909239e+01 -2.348402262783617217e-02 9.988917348425276899e-01 -4.078973874660980076e-02 -4.215128015653847093e+00 6.419721809083770436e-01 4.634489857673305957e-02 7.653259940043816156e-01 6.286282325349371547e+01
7.600407952268866119e-01 -9.431232343785279221e-03 -6.498069201338618761e-01 -3.207521680818977927e+01 -2.330222645728584688e-02 9.988562118336267170e-01 -4.175253722964212405e-02 -4.275774044980535038e+00 6.494574677464520773e-01 4.687557946700996597e-02 7.589517017504477936e-01 6.371822320307916954e+01
7.545588897054965605e-01 -1.131705786656404290e-02 -6.561347407593249859e-01 -3.279389738831608980e+01 -2.243259196655067109e-02 9.988221045340728299e-01 -4.302536868782028817e-02 -4.333478667643850812e+00 6.558488145194629748e-01 4.718397720138945567e-02 7.534162281808679529e-01 6.452026867282958733e+01
7.480369624741703971e-01 -1.200274788543539278e-02 -6.635485125510063309e-01 -3.353842196332128367e+01 -2.190849203245759033e-02 9.988448810344641160e-01 -4.276589349002346552e-02 -4.400775060699197105e+00 6.632953547560168639e-01 4.652781621299754977e-02 7.469099296077225114e-01 6.534394171843540278e+01
7.416937122688502804e-01 -1.238034406304624330e-02 -6.706244521265837255e-01 -3.429051211542795130e+01 -2.080024829976414788e-02 9.989242269513787242e-01 -4.144560913242227584e-02 -4.462639343049484175e+00 6.704161348801204179e-01 4.468910264109576813e-02 7.406383048648559342e-01 6.617074720689711853e+01
7.358314685735579674e-01 -1.307002516205522241e-02 -6.770385629174022757e-01 -3.504302004826644179e+01 -2.002444692144983440e-02 9.989565016824952792e-01 -4.104789040050133009e-02 -4.520469227114325861e+00 6.768685829530963760e-01 4.376165205506876016e-02 7.348019105907327431e-01 6.697215259624337591e+01
7.289265130972629736e-01 -1.411205480447052553e-02 -6.844464768090813278e-01 -3.581119919867995804e+01 -1.936560366782361445e-02 9.989623662437582263e-01 -4.122092012882235673e-02 -4.584032150765481539e+00 6.843179957304331706e-01 4.330174058113275132e-02 7.278968668333517522e-01 6.779767682589202593e+01
7.225288351870883252e-01 -1.616745740182140914e-02 -6.911517103278029817e-01 -3.660168217258252099e+01 -1.818335747201523314e-02 9.989362534160586282e-01 -4.237602095426749871e-02 -4.652486267340716353e+00 6.911016244943413156e-01 4.318535547425321475e-02 7.214662699110498956e-01 6.858668061132053140e+01
7.167666687939237002e-01 -1.531814960255349634e-02 -6.971448111390003977e-01 -3.736514750488826309e+01 -2.015237864395189732e-02 9.988860495799384287e-01 -4.266780546933316570e-02 -4.707431487339722054e+00 6.970218302358590634e-01 4.463198680058537426e-02 7.156595300809430737e-01 6.937494463051169191e+01
7.114777364165736362e-01 -1.484703874931061519e-02 -7.025517680507780138e-01 -3.817749915420196061e+01 -2.060362324680884219e-02 9.989061844440771942e-01 -4.197529539927569858e-02 -4.767195438323049039e+00 7.024065269535034739e-01 4.433959989479218516e-02 7.103936091854717860e-01 7.019287824575465606e+01
7.067015148212275610e-01 -1.502909689923574016e-02 -7.073521653645404861e-01 -3.899842424983770428e+01 -2.073892440963425246e-02 9.989047177657841559e-01 -4.194355582551866080e-02 -4.830004908060736568e+00 7.072078010705811213e-01 4.431129732169783453e-02 7.056157908867650708e-01 7.097986824974557862e+01
7.014775299030989730e-01 -1.517921187556996523e-02 -7.125298990854906922e-01 -3.981547086965592541e+01 -2.143828239288094947e-02 9.988713205799815142e-01 -4.238496204883140939e-02 -4.896948908670698764e+00 7.123690638614471604e-01 4.500751546962350469e-02 7.003603714120946178e-01 7.177413473581120229e+01
6.964868427851680366e-01 -1.712918317566487769e-02 -7.173650809147898988e-01 -4.064731226439364775e+01 -2.144198871745364374e-02 9.987718169441123228e-01 -4.466652923339318321e-02 -4.968346286263852107e+00 7.172491388115604938e-01 4.649138370283201899e-02 6.952641466915367996e-01 7.256542486724335106e+01
6.915127982681612551e-01 -1.957006358741446295e-02 -7.220990601931256414e-01 -4.147463687471837090e+01 -2.071231301308137929e-02 9.986847841632924272e-01 -4.690098083337010393e-02 -5.032178665064870771e+00 7.220672117062907347e-01 4.738897007243084158e-02 6.901979694059798831e-01 7.334028732145229412e+01
6.866373507111264152e-01 -1.997045011638140175e-02 -7.267257528836911229e-01 -4.233755622278961539e+01 -2.174834037924231606e-02 9.986109960476825531e-01 -4.799050216259820312e-02 -5.100564093451539271e+00 7.266747324041172851e-01 4.875715012305797957e-02 6.852492855808427485e-01 7.414311749886645941e+01
6.815227642196050040e-01 -1.986401569546422663e-02 -7.315272604516032118e-01 -4.320102766146188600e+01 -2.156175300275556955e-02 9.986524602306015019e-01 -4.720545008054243680e-02 -5.170865214574768665e+00 7.314792007949806329e-01 4.794459874107127179e-02 6.801760832082339725e-01 7.493352242716906630e+01
6.767687500712525894e-01 -1.996727507868236232e-02 -7.359248309404227140e-01 -4.406059299262082618e+01 -2.074004997508218512e-02 9.987182535907378478e-01 -4.617034010030540009e-02 -5.239607148479350052e+00 7.359034705081264338e-01 4.650976092625813685e-02 6.754871828966373393e-01 7.569000605274374038e+01
6.712780581625437115e-01 -2.053587101029189996e-02 -7.409210730209703222e-01 -4.492571972114938461e+01 -2.026645272046339111e-02 9.987338508987343433e-01 -4.604308846513677222e-02 -5.309418706541654487e+00 7.409285041794919646e-01 4.592355669819923880e-02 6.700119318243973332e-01 7.647123075286434357e+01
6.667901896585962662e-01 -2.178974655047952874e-02 -7.449268686482476420e-01 -4.580483785513374073e+01 -1.926979258928935776e-02 9.987341601593813234e-01 -4.646237675918057919e-02 -5.376181269092713322e+00 7.449963268079661249e-01 4.533524304200686750e-02 6.655262572110773878e-01 7.724273267305196100e+01
6.622787748909947370e-01 -2.223061537013367936e-02 -7.489276424866025961e-01 -4.670062892731207427e+01 -1.856210850142644628e-02 9.987661476186545650e-01 -4.606116072637156389e-02 -5.446797741447328534e+00 7.490275572045175245e-01 4.440700502171851527e-02 6.610489745951922957e-01 7.803227056178219811e+01
6.580711137993088267e-01 -2.324359563541821688e-02 -7.525969266230181365e-01 -4.759804699698590724e+01 -1.730385885530995663e-02 9.987925833523104702e-01 -4.597773303349550478e-02 -5.518911026874282477e+00 7.527569293908926706e-01 4.327944873413021309e-02 6.568743449305664006e-01 7.878971270958797390e+01
6.546385474967749696e-01 -2.606557564796092505e-02 -7.554925197128187220e-01 -4.851555848979750607e+01 -1.436243694365859844e-02 9.987960945546463520e-01 -4.690503092665571777e-02 -5.591506006437241716e+00 7.558055978322316681e-01 4.155655472916806176e-02 6.534760604499061376e-01 7.958095388595525321e+01
6.498479127786992438e-01 -3.017275471859211591e-02 -7.594651305187316570e-01 -4.942096626328381603e+01 -1.148745589871244185e-02 9.987077112326054884e-01 -4.950702871799378402e-02 -5.670730432545807886e+00 7.599774588147512056e-01 4.089636120443040923e-02 6.486615144886872519e-01 8.035491651267012969e+01
6.450798908296250245e-01 -3.376216736772331278e-02 -7.633688752798452049e-01 -5.031862280651495212e+01 -8.397779518129146539e-03 9.986497961630843578e-01 -5.126462645831234705e-02 -5.737742458197416795e+00 7.640689897855542645e-01 3.948038286168820826e-02 6.439253753112388345e-01 8.111628285828616924e+01
6.387331600897356854e-01 -3.781223465446958976e-02 -7.684986494612998653e-01 -5.123542404190504129e+01 -3.030554467512261083e-03 9.986603575799558596e-01 -5.165564761108573655e-02 -5.815537449450641105e+00 7.694223648282317862e-01 3.532315172778097145e-02 6.377628950874260072e-01 8.188542426064127255e+01
6.304294944520123511e-01 -4.124688816850353990e-02 -7.751498794935894887e-01 -5.217426850596130805e+01 1.548361228908557959e-03 9.986521000163818274e-01 -5.188049434599870807e-02 -5.893223745456118046e+00 7.762449773432078537e-01 3.150678144161298683e-02 6.296436047097540012e-01 8.264538497591915700e+01
6.218362094521024952e-01 -4.237469326554016424e-02 -7.820000656910023329e-01 -5.310880383913727343e+01 4.607814797424465009e-03 9.987157604027624425e-01 -5.045391901985521454e-02 -5.979050381788646895e+00 7.831337731183692918e-01 2.777076188115074062e-02 6.212328785983161072e-01 8.338385326229503391e+01
6.125295458213664279e-01 -4.205642397663713478e-02 -7.893280694728039837e-01 -5.405562453440149540e+01 6.317466004928591269e-03 9.988121423375636576e-01 -4.831556601388779099e-02 -6.037942783224549359e+00 7.904224536699229198e-01 2.460815802601769645e-02 6.120676390371984077e-01 8.411445233170640279e+01
6.040476406765896700e-01 -4.123536561972106912e-02 -7.958806950779716560e-01 -5.505747656678560276e+01 4.901188672052666888e-03 9.988338339099247509e-01 -4.803072522979542208e-02 -6.124677981453445774e+00 7.969331442912127583e-01 2.511208437201098431e-02 6.035453242187989176e-01 8.484988526848708545e+01
5.947310800084327775e-01 -4.229652097633392061e-02 -8.028112698387577240e-01 -5.603299991527824631e+01 3.926201305914186167e-03 9.987559072945225713e-01 -4.971139273778871215e-02 -6.195949789107217498e+00 8.039151310550645135e-01 2.641291120683413735e-02 5.941572451861140136e-01 8.556598001501178885e+01
5.844196904640417412e-01 -4.471691022493988477e-02 -8.102184960434759553e-01 -5.704056675987950342e+01 4.838480863262621147e-03 9.986547224699316994e-01 -5.162687641810220079e-02 -6.278259500430740658e+00 8.114371357300679266e-01 2.625153601326459668e-02 5.838498468311643652e-01 8.627757749079604821e+01
5.746678259733583038e-01 -4.609122668296470465e-02 -8.170878021475749264e-01 -5.805282079403335871e+01 4.829197591370601277e-03 9.985863904059106844e-01 -5.293297387258268094e-02 -6.351231746921496502e+00 8.183725188346587798e-01 2.647299813473645569e-02 5.740780548020063545e-01 8.697829103145163288e+01
5.643978716319905109e-01 -4.738251824995141220e-02 -8.241419338141602324e-01 -5.906364616536981771e+01 8.292163241429638398e-03 9.986263981807618206e-01 -5.173545067166977762e-02 -6.427119069514286132e+00 8.254612611628822094e-01 2.236545831852145352e-02 5.640155184153275991e-01 8.767358027428252853e+01
5.543620283996678610e-01 -4.703756616638064825e-02 -8.309453629797158847e-01 -6.007900033009949681e+01 9.067258209445556300e-03 9.986837294752910488e-01 -5.048359417019620404e-02 -6.513598796055518392e+00 8.322262538836221468e-01 2.045179099878495152e-02 5.540588409199683761e-01 8.834977302837286572e+01
5.435139114640559210e-01 -4.755788323092732806e-02 -8.380518259679791138e-01 -6.112802808816087463e+01 9.475654553234928376e-03 9.986777065073063619e-01 -5.052771977631580896e-02 -6.599064459510765701e+00 8.393466814049693747e-01 1.952142849653627429e-02 5.432458697989268614e-01 8.904306117424805223e+01
5.335993248880239737e-01 -4.824536043972548621e-02 -8.443601913389646718e-01 -6.217138023748409381e+01 8.360153229833626465e-03 9.986237054795853441e-01 -5.177646823556725231e-02 -6.670948701798408820e+00 8.456960920314590124e-01 2.056890740423014674e-02 5.332682748460432220e-01 8.968235422646797872e+01
5.234673659955402236e-01 -4.913616766145166570e-02 -8.506277332832604676e-01 -6.327170251659879341e+01 7.700476677432253891e-03 9.985678411263937404e-01 -5.294307601714260542e-02 -6.757363131057505967e+00 8.520109338200568816e-01 2.116373301979512442e-02 5.230960506630858431e-01 9.033715345553272869e+01
5.140126590875838675e-01 -4.990569054419890377e-02 -8.563296065488503750e-01 -6.429664621254275403e+01 6.347253190541433943e-03 9.985000715641620950e-01 -5.438124157886913695e-02 -6.839440648150596047e+00 8.577591216667208585e-01 2.251730526049972037e-02 5.135584421328207583e-01 9.094220955448005839e+01
