1.000000000000000000e+00 4.398956837314658088e-19 2.733407509747682871e-20 -8.673617379884035472e-19 -5.583667658079949532e-19 1.000000000000000000e+00 -6.100159232558060012e-19 0.000000000000000000e+00 4.145284534913582806e-20 -2.210423569125054137e-19 1.000000000000000222e+00 0.000000000000000000e+00
9.998982376948759576e-01 3.084076941209589156e-04 1.426250873119420948e-02 -8.256900723521390373e-02 -3.042824925645242818e-04 9.999999112484365682e-01 -2.914033427388314852e-04 -9.421609288365231927e-03 -1.426259758366046036e-02 2.870338727844823964e-04 9.998982427753164703e-01 1.453847841781363837e-02
9.994606220069732760e-01 2.311413470032643892e-03 3.275854771303250701e-02 -5.647414670855575858e-02 -2.298518081686771325e-03 9.999972653946356260e-01 -4.313029858649075035e-04 -5.184353479429804068e-03 -3.275945561865968580e-02 3.557742682911160478e-04 9.994632016561640908e-01 1.129968833622475854e-01
9.979647664550536090e-01 4.947729720292441680e-03 6.357550546111166712e-02 -1.053694172322331216e-02 -5.028143144186543456e-03 9.999867483870570339e-01 1.104914503701211193e-03 1.018788603010906124e-02 -6.356919726469222043e-02 -1.422332444079695436e-03 9.979764196165019641e-01 4.048106575101813043e-01
9.954057305402017608e-01 4.168918273411415659e-03 9.565590256503835043e-02 1.955955840474835408e-02 -4.466286979420319020e-03 9.999858359989964862e-01 2.894838463217611676e-03 1.336282981509653162e-02 -9.564248100321702528e-02 -3.308765451769739210e-03 9.954102510641714696e-01 5.390935080644607691e-01
9.910125063407485557e-01 1.390578734269882480e-03 1.337620216681705554e-01 1.467932128756727073e-01 -2.070592398817502899e-03 9.999856307816396006e-01 4.944783104555146996e-03 8.770709317677150008e-03 -1.337532258136030494e-01 -5.177308446934107168e-03 9.910011454006344422e-01 7.573012722315154432e-01
9.849861272048885397e-01 -2.247479601686291212e-03 1.726188801270677475e-01 1.574237959457099600e-01 1.253655847559257373e-03 9.999820082434240920e-01 5.866134384516360871e-03 -1.366073116970299706e-02 -1.726289614113540594e-01 -5.561656208833406188e-03 9.849712228989899732e-01 9.151338781855791193e-01
9.763480505825227196e-01 -2.545041256334415122e-03 2.161897462427879724e-01 2.829002008461167783e-01 1.071318678399937061e-03 9.999753876113998130e-01 6.933717895667128837e-03 -3.141039922122015882e-03 -2.162020756322191040e-01 -6.538113693272112371e-03 9.763267465729430494e-01 1.161265561715326911e+00
9.646755533841049335e-01 -2.468676185699854309e-03 2.634292722928707753e-01 3.557408383929302476e-01 -1.917725894495031979e-04 9.999492466580197636e-01 1.007309925658879217e-02 6.090370001629374919e-03 -2.634407741496485600e-01 -9.767790953905439166e-03 9.646261190835671018e-01 1.339041327710972062e+00
9.504176622123308160e-01 -6.210002907647986341e-03 3.109143000425086401e-01 5.197122839766868951e-01 1.015000578346149243e-03 9.998572132702244764e-01 1.686780475691645673e-02 2.180551650295797783e-02 -3.109746600928933180e-01 -1.571588121650295544e-02 9.502882579057365664e-01 1.606545830435583744e+00
9.336728918140654310e-01 -1.595039098713899040e-02 3.577715952928407495e-01 6.283314127270801519e-01 7.454239482800188374e-03 9.996568003739580988e-01 2.511405494298593957e-02 -2.680052857292808399e-03 -3.580493933904641546e-01 -2.078139699389139686e-02 9.334713531632296002e-01 1.776107586087839252e+00
9.123655872186630100e-01 -2.156942348336362419e-02 4.088077701001704423e-01 7.974198323207397632e-01 1.018674204440114459e-02 9.994979649704500702e-01 3.000080456086803155e-02 -6.436828013162351758e-03 -4.092496414013877537e-01 -2.320728218075307145e-02 9.121272693183967162e-01 2.030384102535507829e+00
8.875053130794736678e-01 -2.357758254468710415e-02 4.601938871825278499e-01 9.911142995892995300e-01 8.937504857585640283e-03 9.993830250521328340e-01 3.396601553567123177e-02 -6.015779949969518592e-03 -4.607108035703584292e-01 -2.603203393454862208e-02 8.871684686534306863e-01 2.272625857212298595e+00
8.592368936528329559e-01 -2.549251808085772550e-02 5.109423531495190796e-01 1.160352415336260101e+00 6.870611989555018215e-03 9.992426179113400586e-01 3.830124289227817419e-02 2.532651183935776679e-02 -5.115317785193937983e-01 -2.939935407251684230e-02 8.587612715092314275e-01 2.489418663408490495e+00
8.272917775365753457e-01 -3.084239323868538662e-02 5.609251793658038832e-01 1.406393853667422755e+00 8.066012435760182286e-03 9.990409694225518278e-01 4.303580856297740953e-02 2.523635357397103346e-02 -5.617145719949927507e-01 -3.107874081762775076e-02 8.267471537723987129e-01 2.731368851013449284e+00
7.916356266005906139e-01 -3.653636126111840104e-02 6.099000928734996663e-01 1.610428188712921482e+00 1.018063148794060534e-02 9.988606753484492451e-01 4.662301939879319457e-02 2.424055438740480017e-02 -6.109086646912708085e-01 -3.069927475517057400e-02 7.911056589970176800e-01 2.920920414085463879e+00
7.538555799346027264e-01 -4.105332722917660188e-02 6.557563436388771372e-01 1.880587815713589350e+00 1.127188758059461185e-02 9.987072680437726335e-01 4.956548451195239707e-02 3.485694372048941947e-02 -6.569434658592573362e-01 -2.997360489874856260e-02 7.533437943120390168e-01 3.134951300946468233e+00
7.138206189244727939e-01 -4.438817013453479066e-02 6.989204580222219132e-01 2.194314159755765825e+00 1.240359322086590638e-02 9.986341153801059356e-01 5.075484626196901522e-02 4.357690967963087636e-02 -7.002187401668270583e-01 -2.756073026134378545e-02 7.133961941517275029e-01 3.371348387300032279e+00
6.724155958252553411e-01 -4.626648104631980035e-02 7.387263840681793647e-01 2.476185191819852971e+00 1.144107271550869227e-02 9.985749373748659119e-01 5.212673255379082771e-02 5.454749279870953899e-02 -7.400853859807503543e-01 -2.659900514445519629e-02 6.719866986349700699e-01 3.555282592049427315e+00
6.297125188296086584e-01 -4.657839321913068847e-02 7.754305818273028450e-01 2.829270885414810088e+00 7.220091949067560314e-03 9.985086120680487509e-01 5.411489487685319094e-02 8.740608221318214854e-02 -7.767947122915326297e-01 -2.847814612963631489e-02 6.291096723791106404e-01 3.799955485773699682e+00
5.882952345069285549e-01 -4.746804863228173271e-02 8.072518137734085997e-01 3.167485504323932943e+00 4.375298458982695288e-03 9.984478659080160412e-01 5.552220978616055624e-02 1.033864544202362928e-01 -8.086343956412511691e-01 -2.913148325268282227e-02 5.875898071716489923e-01 3.991199924865435289e+00
5.481732065693631917e-01 -4.851268494612218790e-02 8.349566716956056123e-01 3.544466899015217276e+00 2.144682887375671827e-03 9.983945910157866477e-01 5.660071484215960236e-02 1.234587885888002723e-01 -8.363620918551042394e-01 -2.923627747701526558e-02 5.473972075393772618e-01 4.191792900656025722e+00
5.088996224083506270e-01 -5.112774845639015547e-02 8.593061826352800248e-01 3.972046318289763622e+00 1.164661578652400947e-03 9.982746081517848147e-01 5.870647525406327838e-02 1.346142610783947202e-01 -8.608250875310379246e-01 -2.887490157594496676e-02 5.080811164739486019e-01 4.421588783214117413e+00
4.718804597619134511e-01 -5.098277049473375760e-02 8.801872391765852566e-01 4.362819722839129888e+00 -1.766431396500434863e-03 9.982700195806130106e-01 5.876944517092481252e-02 1.602814505244021803e-01 -8.816607768622711783e-01 -2.928694254343703826e-02 4.709740570119412273e-01 4.613861209573178357e+00
4.355981420856562258e-01 -5.032136472757389040e-02 8.987335564321116133e-01 4.813108049684764467e+00 -3.093307668140250159e-03 9.983465776855122709e-01 5.739810305664597850e-02 1.833062222069289371e-01 -9.001359367547218104e-01 -2.778256578031233076e-02 4.347222536798920900e-01 4.784756200309893792e+00
4.024987634736616471e-01 -4.909143966838399459e-02 9.141032556710892987e-01 5.339153278780647049e+00 -1.578055427075384038e-03 9.985223333647968991e-01 5.431997309530080253e-02 2.030582440319089466e-01 -9.154191773005264654e-01 -2.330622687627271344e-02 4.018265341909494359e-01 4.975630135374016660e+00
3.719015046752406906e-01 -4.727150293904840844e-02 9.270677760857409799e-01 5.841981940754173763e+00 1.144665670074201805e-04 9.987048498157260479e-01 5.087838261252419780e-02 2.243656574462319919e-01 -9.282721977537760072e-01 -1.881562799819724158e-02 3.714252460842004111e-01 5.163415833615418116e+00
3.466350559928545461e-01 -4.544257896754733822e-02 9.368986579413658422e-01 6.384520270954634924e+00 1.028682958410514960e-03 9.988436074046596058e-01 4.806651355213156090e-02 2.510985670145610138e-01 -9.379995178355210461e-01 -1.569776610917967760e-02 3.462809544776453974e-01 5.341241704672143875e+00
3.265322574989914517e-01 -4.485858610384697159e-02 9.441209546896378590e-01 6.967358742742009170e+00 2.220719752838938230e-03 9.989067903149244643e-01 4.669360376692470449e-02 2.712378967775184724e-01 -9.451834579167142092e-01 -1.315033893970507343e-02 3.262749063005775940e-01 5.522511579767665602e+00
3.113252983257850937e-01 -4.535126651882727400e-02 9.492206308756081512e-01 7.553696712444690320e+00 3.140958193838314007e-03 9.989042624005235460e-01 4.669484879851539677e-02 3.039990370236749229e-01 -9.502982211165240667e-01 -1.155582453691570040e-02 3.111266125953032757e-01 5.705070880416879042e+00
3.001923372086479080e-01 -4.708862919682316878e-02 9.527157007127592392e-01 8.154620809622681321e+00 4.356963092787664860e-03 9.988380533001305350e-01 4.799541762865908168e-02 3.197989438534280526e-01 -9.538687507785708064e-01 -1.025690855245706135e-02 3.000486918000306313e-01 5.880570003813148539e+00
2.887936644388524043e-01 -4.886495641200485490e-02 9.561435143270439196e-01 8.787900977471021946e+00 3.214337448917132037e-03 9.987404847167340449e-01 5.007107132219052598e-02 3.531591590996500662e-01 -9.573859742417398788e-01 -1.138683937469118536e-02 2.885869915270047881e-01 6.077086124523238375e+00
2.784113695849924630e-01 -5.052159880552903326e-02 9.591322441675261823e-01 9.471984611932402487e+00 1.517878590566477514e-03 9.986374874553883840e-01 5.216190808176373456e-02 3.853900150052331219e-01 -9.604607340642002944e-01 -1.306662109042248943e-02 2.781087149135864633e-01 6.258794749499599241e+00
2.682082482408231772e-01 -5.226440251971777723e-02 9.619421771392634435e-01 1.016907089223278859e+01 8.632370577129695917e-04 9.985399053242811629e-01 5.401214916176771269e-02 4.146437706913493337e-01 -9.633605798608396720e-01 -1.365611889631541433e-02 2.678617540299126909e-01 6.449023002799701310e+00
2.581386472334324944e-01 -5.437220377394478416e-02 9.645766358947200914e-01 1.085667226588081036e+01 5.658089029673312415e-06 9.984151300337988921e-01 5.627813115798824956e-02 4.457913571215920134e-01 -9.661078900846533646e-01 -1.452210210895053463e-02 2.577298373389123598e-01 6.643506734450577156e+00
2.473329308531170556e-01 -5.586529617571266843e-02 9.673187035019586988e-01 1.158588113532143815e+01 -5.299766838683258284e-04 9.983285219082500550e-01 5.779170725376745615e-02 4.685897326264704676e-01 -9.689304190871593780e-01 -1.480644781411110354e-02 2.468899106215255712e-01 6.835971548451027502e+00
2.369036911662137368e-01 -5.712979831612695347e-02 9.698519532910134799e-01 1.237593756698898417e+01 -1.252261190307519048e-03 9.982507763837814574e-01 5.910853786707910562e-02 5.032080918783005119e-01 -9.715323410055787257e-01 -1.521753788229425128e-02 2.364177508502994518e-01 7.022746542928639535e+00
2.269006699184078490e-01 -6.005472528218038647e-02 9.720645554276564626e-01 1.312214876465819913e+01 -2.306679919924881778e-03 9.980610874842885671e-01 6.219923498652252247e-02 5.350729012322329448e-01 -9.739151821137078668e-01 -1.635528900358126231e-02 2.263222009826774406e-01 7.204127879534535595e+00
2.156166320386132818e-01 -6.353926555516402341e-02 9.744086481459552918e-01 1.389074931580902827e+01 -4.437469413060070832e-03 9.978066509292738973e-01 6.604692408051263119e-02 5.803672944875614137e-01 -9.764680197825682528e-01 -1.856472303888881056e-02 2.148617545907705317e-01 7.364574274892095929e+00
2.034240937392631787e-01 -6.748746386991621993e-02 9.767620304191461100e-01 1.467892120152392899e+01 -4.222597785813300524e-03 9.975518370926913514e-01 6.980330886875997509e-02 6.170076360991543218e-01 -9.790816230690393418e-01 -1.832414716505313679e-02 2.026411046389945680e-01 7.533188334317317825e+00
1.906269398604152621e-01 -6.996456220188759789e-02 9.791661317140433196e-01 1.546006245663000378e+01 -5.231025848453961860e-03 9.973703936218948352e-01 7.228370660967596562e-02 6.623482441452472891e-01 -9.816486250769701494e-01 -1.890126426906036522e-02 1.897596782429809004e-01 7.675461067841824914e+00
1.765323690004601542e-01 -7.053540020129546451e-02 9.817642606883464351e-01 1.628664432404916695e+01 -5.829818705362258685e-03 9.973366349789840601e-01 7.270247374926666617e-02 6.990779401175848395e-01 -9.842775792058156004e-01 -1.855784669826147579e-02 1.756509888974563949e-01 7.818491237793296023e+00
1.626012900841522502e-01 -6.977374538221679801e-02 9.842217373976823724e-01 1.707463224382632205e+01 -7.706960447047579189e-03 9.973763312778730628e-01 7.197955625426875892e-02 7.365526425435263702e-01 -9.866617659080474390e-01 -1.928932583534294365e-02 1.616369332950321480e-01 7.956559519969994554e+00
1.451842628762187448e-01 -6.862397190375048306e-02 9.870219164843847537e-01 1.786160427605426904e+01 -8.999236181751399388e-03 9.974589174685644100e-01 7.067334480708627187e-02 7.743417668238842255e-01 -9.893637150773210154e-01 -1.914309993640711180e-02 1.441977729728310675e-01 8.069009860137455803e+00
1.254117505974255420e-01 -6.735485917043668169e-02 9.898157399038041149e-01 1.870151661384402786e+01 -1.133878419853570109e-02 9.975302800298148087e-01 6.931646527846253847e-02 8.147626837502053299e-01 -9.920399901217878957e-01 -1.991640545289160430e-02 1.243382950974588758e-01 8.166857579036866710e+00
1.004374360725989318e-01 -6.596916903289631873e-02 9.927539338819504344e-01 1.951387702495653542e+01 -1.562677318954778030e-02 9.975717659346176047e-01 6.787028615328943859e-02 8.579521490840346098e-01 -9.948206585478237551e-01 -2.233025722849740768e-02 9.916266384083007035e-02 8.263676242401100325e+00
6.982102884886548511e-02 -6.542606683198555484e-02 9.954116920339937113e-01 2.035011725930426962e+01 -1.960064858093310200e-02 9.975642986075567986e-01 6.694239838131363363e-02 8.997352927691617541e-01 -9.973669614700682029e-01 -2.418470105327705580e-02 6.836857093803593022e-02 8.314080826598573282e+00
3.683232451886395142e-02 -6.527275192313509999e-02 9.971874600817924872e-01 2.118335567414382226e+01 -2.271490106091342970e-02 9.975520603090995975e-01 6.613562000007146280e-02 9.386946830300550992e-01 -9.990632765155134098e-01 -2.508694227216140549e-02 3.525949571579643088e-02 8.332494446869350924e+00
1.927374586637739832e-03 -6.453661135040969499e-02 9.979134700777033684e-01 2.203536467479387184e+01 -2.450162671460056479e-02 9.976126993202785176e-01 6.456448280027750342e-02 9.744490649358841239e-01 -9.996979407964409203e-01 -2.457494243132911024e-02 3.415200100072981007e-04 8.331369764833064906e+00
-3.230843145185364335e-02 -6.351079076468492401e-02 9.974580329106970122e-01 2.288230692912886965e+01 -2.576748783077444788e-02 9.977002564405321738e-01 6.269158532691734842e-02 1.002852681491429809e+00 -9.991457446640976681e-01 -2.367652007762196392e-02 -3.387064526567846318e-02 8.273850480309539179e+00
-6.479478652684655948e-02 -6.157443375000636043e-02 9.959970920915535153e-01 2.373093081443109753e+01 -2.806026319028576479e-02 9.978122370006575759e-01 5.986118384882008203e-02 1.034888255270382862e+00 -9.975040222586096794e-01 -2.406924705520555735e-02 -6.638082709804966897e-02 8.221551501294406705e+00
-9.724650482012521524e-02 -5.850186964159304753e-02 9.935394462702621388e-01 2.455102747044069034e+01 -2.979288033951324119e-02 9.979946757329931639e-01 5.584811106182514112e-02 1.077245003353452191e+00 -9.948143136284772758e-01 -2.416936737897005735e-02 -9.879443463369369516e-02 8.148251889946854121e+00
-1.294213926228122147e-01 -5.416524854007275652e-02 9.901091918584556950e-01 2.536960457042668793e+01 -2.700423351941358061e-02 9.983291463962367107e-01 5.108509417577651590e-02 1.103236067257491904e+00 -9.912219183178597737e-01 -2.012563490720488402e-02 -1.306678408264495272e-01 8.026954105836816566e+00
-1.608342752734854553e-01 -4.876647183400789620e-02 9.857759126951284312e-01 2.620501562680558294e+01 -2.282460688996581707e-02 9.986952611289982018e-01 4.568164549324805340e-02 1.117104744170099639e+00 -9.867174822959572378e-01 -1.515277241264127717e-02 -1.617375054703467097e-01 7.878420317182424526e+00
-1.919158950843512790e-01 -4.259721802547668246e-02 9.804864860360790191e-01 2.707052225035820925e+01 -1.650248153416947541e-02 9.990564189841435461e-01 4.017386959585752398e-02 1.137190173147209160e+00 -9.812726296685682081e-01 -8.470455002492716101e-03 -1.924377680653046596e-01 7.692795572258169123e+00
-2.207587544043043137e-01 -3.697539095084358823e-02 9.746273011001241882e-01 2.787179865162000425e+01 -1.098707985684932269e-02 9.993120023362910276e-01 3.542324187058638191e-02 1.147035452637500175e+00 -9.752665648962085543e-01 -2.888316205377243571e-03 -2.210131258352256434e-01 7.490164261070717089e+00
-2.483048553464041186e-01 -3.031510479955564288e-02 9.682074553772680447e-01 2.868356480580111878e+01 -2.029306939843513596e-03 9.995242707220159950e-01 3.077521956847589779e-02 1.175180760183978323e+00 -9.686798215280625346e-01 5.676847435798331939e-03 -2.482482494667394846e-01 7.268575980553007909e+00
-2.748817804337160831e-01 -2.003023139141526729e-02 9.612693588354337404e-01 2.951229096799533025e+01 3.959534981742907252e-03 9.997509138953185603e-01 2.196434000996827854e-02 1.171965188419298753e+00 -9.614698874644052040e-01 9.843777669392711135e-03 -2.747340021486621153e-01 7.049140225932628567e+00
-2.996600305270057940e-01 -5.044772595138558545e-03 9.540327039524902908e-01 3.030390648068302539e+01 8.445507922973259987e-03 9.999328109996822311e-01 7.940205601437986746e-03 1.166073752422687182e+00 -9.540086765077593345e-01 1.043665413179728323e-02 -2.995972923421842959e-01 6.780261667849043050e+00
-3.245421750133824501e-01 1.179992342204677289e-02 9.457976118222184425e-01 3.106931470612845203e+01 8.931428581767732883e-03 9.999158337270571684e-01 -9.410368249070051594e-03 1.133440066008761793e+00 -9.458290655680374748e-01 5.393263499322852733e-03 -3.246202510111690365e-01 6.490866067532178540e+00
-3.496570777048170764e-01 2.630080497182819138e-02 9.365085050490032925e-01 3.185307408305004628e+01 8.163178496119645466e-03 9.996534624665071034e-01 -2.502633573310659998e-02 1.101193721116488167e+00 -9.368421986963683112e-01 -1.105748348103167316e-03 -3.497506078870003532e-01 6.205193454060715652e+00
-3.744943586854860285e-01 3.729296555787381395e-02 9.264789229605834286e-01 3.260733049351504320e+01 1.119624347563515608e-02 9.992998848717872251e-01 -3.569851821594947211e-02 1.067951877277845130e+00 -9.271616007108239854e-01 -2.995809140111346022e-03 -3.746497119468218395e-01 5.893033024504427786e+00
-3.978139799382838238e-01 4.177902702675928559e-02 9.165143398869266544e-01 3.339208284133603399e+01 1.587050796155645843e-02 9.991265285155707110e-01 -3.865626675847730342e-02 1.017163023789787069e+00 -9.173288278408703311e-01 -8.324542419204128971e-04 -3.981295564433602885e-01 5.535913326388186562e+00
-4.204940996193863856e-01 4.125008993747939640e-02 9.063570640298049819e-01 3.411971262236648528e+01 1.772773509801289435e-02 9.991487708337585261e-01 -3.724863908403692331e-02 9.703906794076020415e-01 -9.071220718796495497e-01 4.048259451066559011e-04 -4.208674347220279777e-01 5.171005492687387850e+00
-4.409713959328745991e-01 3.802947514091122722e-02 8.967151010903331443e-01 3.486856885328963074e+01 2.203672392683014500e-02 9.992594838050939954e-01 -3.154150890270343566e-02 9.416558658664755388e-01 -8.972505916037509799e-01 5.851760921925931551e-03 -4.414828957810189025e-01 4.814423624176178862e+00
-4.589722817933359345e-01 3.668794252087181212e-02 8.876927538377826776e-01 3.559844119430047726e+01 2.915007391945689461e-02 9.992309387215618788e-01 -2.622602225346319649e-02 9.086755905556509472e-01 -8.879722578960442814e-01 1.383929319261684339e-02 -4.596887614709604386e-01 4.401503443505343505e+00
-4.730295115567988429e-01 3.746197202753866196e-02 8.802497758372844761e-01 3.630395568758092395e+01 3.298493673804363951e-02 9.991481981861204398e-01 -2.479661178635919269e-02 8.591770536355344268e-01 -8.804289227163527576e-01 1.730545511043513410e-02 -4.738622661789302359e-01 4.020377853790726874e+00
-4.840875746961103565e-01 4.056749272377015159e-02 8.740786490650755969e-01 3.699298482337047034e+01 3.542355520049036977e-02 9.990143861767682987e-01 -2.674748383004418514e-02 8.018739779489920672e-01 -8.743022385737010405e-01 1.801484980038093459e-02 -4.850474973410094925e-01 3.616112360484609045e+00
-4.938954987706934419e-01 4.324873270158690469e-02 8.684450297911784356e-01 3.769820359593204984e+01 3.685765332366597313e-02 9.989058901280853942e-01 -2.878430125506990789e-02 7.601714891979237665e-01 -8.687397551173278165e-01 1.779241010768582015e-02 -4.949491708510552757e-01 3.219349539812003780e+00
-5.043475934945692574e-01 4.227627120333461719e-02 8.624651925475993464e-01 3.837992107185826995e+01 3.064646928836602807e-02 9.990478923957710755e-01 -3.105000107937584686e-02 6.980577609066345168e-01 -8.629567260952216712e-01 1.077152073932276938e-02 -5.051630199785871467e-01 2.838824313293211610e+00
-5.157713641725393261e-01 4.127901332938119922e-02 8.557312251385817969e-01 3.907530644764710104e+01 2.942526496653476847e-02 9.991027794792447514e-01 -3.045964162211101806e-02 6.924107603071812944e-01 -8.562208043072455643e-01 9.469908137918533336e-03 -5.165232506316013161e-01 2.406952455733804008e+00
-5.243773087656796728e-01 4.288733624084562629e-02 8.504052571054868670e-01 3.976657383549893865e+01 3.155289979563932756e-02 9.990235145202509548e-01 -3.092623313937078317e-02 6.526405430191818402e-01 -8.509012072197044141e-01 1.061573797435864594e-02 -5.252184829596058258e-01 1.984701462742644917e+00
-5.315718007344175655e-01 4.570582593485423423e-02 8.457791586117413551e-01 4.044954858814598708e+01 3.540594820179009117e-02 9.988692949204402982e-01 -3.172617905855172615e-02 6.032986163922396949e-01 -8.462729177007747294e-01 1.308087197964594509e-02 -5.325890090975279323e-01 1.542017275372863372e+00
-5.353126425550776002e-01 4.902689035918543492e-02 8.432299365044645389e-01 4.112987980591717019e+01 3.617726037736605088e-02 9.987287462324094811e-01 -3.510124240921452116e-02 5.690988326605100900e-01 -8.438788966532955182e-01 1.171561115542291663e-02 -5.364057841089300283e-01 1.092532715928553388e+00
-5.351365504593988964e-01 5.037516257404536790e-02 8.432622382344653333e-01 4.185124975013551563e+01 3.522812954180885858e-02 9.986828324169386706e-01 -3.730387463588710761e-02 5.132950360871698647e-01 -8.440307239200455225e-01 9.743885571421379704e-03 -5.362063098851471699e-01 6.755209678492135605e-01
-5.316364514996316792e-01 5.141416782541784192e-02 8.454107012554290534e-01 4.258499262228149718e+01 3.778270643105168664e-02 9.986018313832065729e-01 -3.697092625124583087e-02 4.789082569776794696e-01 -8.461295186104684785e-01 1.228681331915750310e-02 -5.328357016998369611e-01 1.977104078092346007e-01
-5.263834368541566722e-01 5.025342619787567799e-02 8.487608953524305999e-01 4.334204127072683121e+01 3.619139464507777071e-02 9.986713439469375730e-01 -3.668418828456063152e-02 4.349337662412358085e-01 -8.494767049159525074e-01 1.140789243167858978e-02 -5.275027970918143572e-01 -2.283605818840125368e-01
-5.191565173907832786e-01 4.888554723349310821e-02 8.532799660792977914e-01 4.408287511560695293e+01 3.403480095625741053e-02 9.987534649524224539e-01 -3.651230627587033484e-02 3.864132456919496805e-01 -8.540012615626582093e-01 1.008561304571723577e-02 -5.201731816700708722e-01 -6.817521910562283072e-01
-5.118621591009828720e-01 4.809538292357572187e-02 8.577202054779644591e-01 4.485736618087532435e+01 3.205089666384358660e-02 9.988056077991762649e-01 -3.687950372035721930e-02 3.432992296816622657e-01 -8.584694998770888708e-01 8.613480270110824080e-03 -5.127922962881499291e-01 -1.167311346456811894e+00
-5.052735919839910217e-01 4.667592078089498331e-02 8.616959685482137310e-01 4.566628820614982232e+01 2.917958225771884878e-02 9.988892599379919357e-01 -3.699727431118676746e-02 2.953200942803612117e-01 -8.624657450965131922e-01 6.450183693401480289e-03 -5.060743494481657612e-01 -1.621373356794931553e+00
-5.009067123212372907e-01 4.435162615394082353e-02 8.643641508540668150e-01 4.648490699472944243e+01 2.491742463752045708e-02 9.990111913400896437e-01 -3.682066647496298056e-02 2.467935069035528117e-01 -8.651425315111588299e-01 3.094010554460875986e-03 -5.015165409470951907e-01 -2.080608648559876706e+00
-4.996289221536577285e-01 4.192332442990552577e-02 8.652244572733307493e-01 4.732305165601073327e+01 2.042571346506549812e-02 9.991206375994718947e-01 -3.661614005078707434e-02 2.153571213184327926e-01 -8.659986967285669968e-01 -6.216548159351794689e-04 -5.000458822969664485e-01 -2.534742610859061607e+00
-5.000804058044534539e-01 3.902630742571086553e-02 8.650991397001036587e-01 4.815982136307181349e+01 1.756305782296783968e-02 9.992356017090597842e-01 -3.492493725610790190e-02 1.567658898451024518e-01 -8.658008657219328219e-01 -2.271489672006244288e-03 -5.003835677096389878e-01 -3.029821500703341997e+00
-5.010342094970894333e-01 3.785860262427965389e-02 8.645990016104347919e-01 4.901774796640901855e+01 1.603890779429370875e-02 9.992773251902755671e-01 -3.446129372675445224e-02 1.138077941003114990e-01 -8.652788490941444310e-01 -3.399062494120313246e-03 -5.012793365496824860e-01 -3.516811505660061954e+00
-5.014222327090629427e-01 3.746037559523081317e-02 8.643913762156504310e-01 4.990571878478359480e+01 1.606226448925176034e-02 9.992931212306179756e-01 -3.398913780612447533e-02 6.506961080392675845e-02 -8.650536171456304491e-01 -3.158825556634002867e-03 -5.016694876565088723e-01 -4.024660494684497714e+00
-5.012802792295971699e-01 3.667723956085411352e-02 8.645072863896833271e-01 5.077077210694980636e+01 1.588967940547702032e-02 9.993229634242178916e-01 -3.318332156694576290e-02 2.232057574325000543e-02 -8.651390709469283236e-01 -2.897400170428841674e-03 -5.015236849415913856e-01 -4.517012597000868546e+00
-5.013414787732144440e-01 3.577918185349592689e-02 8.645094321488145939e-01 5.164609718738581279e+01 1.597294235869425871e-02 9.993571127074730720e-01 -3.209713947510349497e-02 -3.110707819799229945e-02 -8.651020743864217266e-01 -2.282867128338715145e-03 -5.015906727342585025e-01 -5.028005133666892057e+00
-5.018906715674608110e-01 3.556266078286875187e-02 8.641996513695873183e-01 5.253873439048984295e+01 1.597024533394434884e-02 9.993650626772913048e-01 -3.185000366068798522e-02 -7.983877666489587466e-02 -8.647836246029055873e-01 -2.183738363740969374e-03 -5.021399480827136719e-01 -5.539761984140599616e+00
-5.018919043378483602e-01 3.407401088603412287e-02 8.642589106372525753e-01 5.344180226337879702e+01 1.413127145133500143e-02 9.994133780296395875e-01 -3.119626508155531538e-02 -1.306488593401990417e-01 -8.648149142178375159e-01 -3.444074717004222581e-03 -5.020789938342667957e-01 -6.036731828161046920e+00
-5.021429746399219685e-01 3.337257448470267590e-02 8.641404346336647446e-01 5.434927612948688846e+01 1.362549379734524085e-02 9.994363833006090214e-01 -3.067998740709987696e-02 -1.867718666446474551e-01 -8.646772757861572734e-01 -3.631399105153726437e-03 -5.023146774973042961e-01 -6.550859258527337303e+00
-5.018303223979911909e-01 3.226407050008880950e-02 8.643641268278019485e-01 5.521556865498300226e+01 1.234649683747803331e-02 9.994694603885707629e-01 -3.013904016873582628e-02 -2.339725305222482010e-01 -8.648779705065902101e-01 -4.452814391726217687e-03 -5.019624309950194707e-01 -7.062803009712575353e+00
-5.005796447615716849e-01 3.089246677481914671e-02 8.651390993328232915e-01 5.611968684700007515e+01 1.180783235006352058e-02 9.995137605783529500e-01 -2.885857735478011138e-02 -2.907657675771796457e-01 -8.656099622225091883e-01 -4.230598058011077189e-03 -5.007010174910014877e-01 -7.572629548022869805e+00
-4.984593043032636284e-01 2.872860290251888493e-02 8.664369427363491916e-01 5.701239594246733589e+01 1.230271448687811527e-02 9.995845256055517769e-01 -2.606567404537116564e-02 -3.432802318735034275e-01 -8.668258057769363534e-01 -2.333150505450102326e-03 -4.986056482442686177e-01 -8.072903057746346533e+00
-4.956958185619487200e-01 2.755009868705268761e-02 8.680591188882819109e-01 5.791719436807699140e+01 1.311369796852963898e-02 9.996202250103046749e-01 -2.423709248921374071e-02 -3.888812202333146173e-01 -8.683972010696955346e-01 -6.307593613977765558e-04 -4.958688505824774273e-01 -8.593103970537045555e+00
-4.929215268529398286e-01 2.676645257544084042e-02 8.696619525411756202e-01 5.882062180751004377e+01 1.250733159952524022e-02 9.996413988816978957e-01 -2.367784355992508596e-02 -4.467828765903826826e-01 -8.699838777309394366e-01 -7.941674443192554616e-04 -4.930795427641725959e-01 -9.111418143464035779e+00
-4.911894643153045248e-01 2.735828497802266293e-02 8.706230072066287740e-01 5.971343855668391853e+01 1.319101977549310550e-02 9.996256502104963193e-01 -2.396990644236115381e-02 -4.968260555649788301e-01 -8.709528802774316736e-01 -2.893592592097554857e-04 -4.913664725462326688e-01 -9.613606388255369950e+00
-4.899268404422021939e-01 2.796574409271241485e-02 8.713148652701663277e-01 6.058610426688575501e+01 1.325790809780125548e-02 9.996087497220313978e-01 -2.462875003078136144e-02 -5.396738768043163326e-01 -8.716627394986338206e-01 -5.144723397549817202e-04 -4.901059249211252578e-01 -1.009490384950738573e+01
-4.905074433822719238e-01 2.875508028497150009e-02 8.709624444394274967e-01 6.149280310601314170e+01 1.248552757294357426e-02 9.995847491415400521e-01 -2.596999926550361618e-02 -5.854054056465046729e-01 -8.713475610349448175e-01 -1.864051403641675238e-03 -4.906627833189792787e-01 -1.060531669411988887e+01
-4.932624190245725737e-01 3.075993723208941127e-02 8.693365277994573592e-01 6.236010326826619377e+01 1.149099629912273511e-02 9.995178115507266092e-01 -2.884616741740534188e-02 -6.354676650788161352e-01 -8.698046651219080161e-01 -4.239186594974048150e-03 -4.933780371322738501e-01 -1.108931864123703903e+01
-4.981532606842266064e-01 3.137157721844791025e-02 8.665212861900539743e-01 6.325090644347856994e+01 1.022728175698332624e-02 9.994883444549519380e-01 -3.030597277755793170e-02 -6.864373567569045376e-01 -8.670286869399712604e-01 -6.234860934604624649e-03 -4.982192249852259724e-01 -1.156085865828802994e+01
-5.034581614892109647e-01 2.998832125833436266e-02 8.634990253104922742e-01 6.412014077689694602e+01 1.017314818947933665e-02 9.995339644701346504e-01 -2.878125964206479023e-02 -7.236879013026182861e-01 -8.639597206981458610e-01 -5.705655634770036462e-03 -5.035286089496273654e-01 -1.206547488850258709e+01
-5.085980774949098171e-01 2.791886100171505486e-02 8.605512880395800313e-01 6.498596522157417610e+01 1.319692241112198176e-02 9.996095073158455246e-01 -2.463075514067709915e-02 -7.872945233251020802e-01 -8.609029265905069339e-01 -1.170525207868749725e-03 -5.087679179201004542e-01 -1.259391521035787953e+01
-5.143409137734156200e-01 2.585590987843300326e-02 8.571959420200992996e-01 6.585896484584894495e+01 1.056751055404451210e-02 9.996605928041472078e-01 -2.381232655484205596e-02 -8.339402853468953492e-01 -8.575207077624219520e-01 -3.189225729860913419e-03 -5.144395765728357883e-01 -1.309151402348526538e+01
-5.189546134863797233e-01 2.795881189557153368e-02 8.543444274607382427e-01 6.669462987012242650e+01 1.155607092235047886e-02 9.996030857453090945e-01 -2.569295957890845028e-02 -8.883358631759347146e-01 -8.547236853981005078e-01 -3.460614212573827342e-03 -5.190717282182741865e-01 -1.359772147404808784e+01
-5.239084595803324973e-01 2.990131696794728552e-02 8.512495662653816186e-01 6.751551780295014282e+01 1.159920091114998754e-02 9.995414231288727303e-01 -2.797144911523295752e-02 -9.301793581016157830e-01 -8.516956008102483100e-01 -4.780663190165533594e-03 -5.240150398593566017e-01 -1.411956036736685682e+01
-5.288033975334851533e-01 3.043614259570550859e-02 8.481984407618561317e-01 6.838086186968538982e+01 1.071339193403213902e-02 9.995165617966627059e-01 -2.918674196332080722e-02 -9.793062069143635417e-01 -8.486767357596933792e-01 -6.346965113091664924e-03 -5.288738292875080349e-01 -1.464295692699989004e+01
-5.329991116051526756e-01 3.088636571812132178e-02 8.455518709374035824e-01 6.918591070214711181e+01 9.646509608186158713e-03 9.994903897127636050e-01 -3.042869870039327171e-02 -1.023111136383782149e+00 -8.460608155629818494e-01 -8.061844279127636237e-03 -5.330254365885654932e-01 -1.514301097183176914e+01
-5.364944980131015617e-01 2.976928394033331871e-02 8.433785807104334786e-01 6.998424060770685173e+01 9.111999427133031168e-03 9.995237054698022927e-01 -2.948446458749155730e-02 -1.092700959315692666e+00 -8.438546301064844268e-01 -8.133387037040484130e-03 -5.365102275033580836e-01 -1.565238635266405254e+01
-5.387648946490185553e-01 2.341095460575288306e-02 8.421308108580353169e-01 7.081291237379942061e+01 1.114200682794208933e-02 9.997243946131189052e-01 -2.066374796048740456e-02 -1.128089348526195801e+00 -8.423824877186583127e-01 -1.749873839622419647e-03 -5.388772543426215700e-01 -1.618312875877492729e+01
-5.408197575465009121e-01 1.595176229823892788e-02 8.409872283531767412e-01 7.162311788472962348e+01 1.258295563398789153e-02 9.998617089369643551e-01 -1.087346348594937957e-02 -1.148100694157846213e+00 -8.410443928059792018e-01 4.701522069243903659e-03 -5.409456885072729815e-01 -1.671339614922227668e+01
-5.431207705838662081e-01 1.384946018083199441e-02 8.395403553008324860e-01 7.245545090195979299e+01 1.328976574435160145e-02 9.998805025527238710e-01 -7.897006974744795113e-03 -1.179552849213056476e+00 -8.395494161968976021e-01 6.868267133985767742e-03 -5.432399263002277712e-01 -1.723314420853505879e+01
-5.436087438321220988e-01 1.755746901955326095e-02 8.391550846473561087e-01 7.327151956561139912e+01 1.179604998025066478e-02 9.998422621268222565e-01 -1.327795354116160197e-02 -1.235172117919922874e+00 -8.392558598999452224e-01 2.680704625732729419e-03 -5.437301061072794539e-01 -1.772814421823447617e+01
-5.450614447335104806e-01 2.243375688823111280e-02 8.380958985867331679e-01 7.406317604378651254e+01 1.217424002451039655e-02 9.997483293464390908e-01 -1.884319049126160703e-02 -1.277719717190347160e+00 -8.383077125126450202e-01 -6.751507779478781667e-05 -5.451973838835481034e-01 -1.826324596518144006e+01
-5.454029883750229901e-01 2.816333731043508398e-02 8.377006589038483719e-01 7.486228986644910322e+01 1.889504242385979874e-02 9.995944729947900953e-01 -2.130415212494267754e-02 -1.306604830016994123e+00 -8.379609591981335148e-01 4.209042211551100934e-03 -5.457139613670363154e-01 -1.878621792836397475e+01
-5.448376834705175309e-01 2.919037031630717510e-02 8.380332977675705175e-01 7.566347718666069966e+01 2.245737313778487301e-02 9.995433919712239934e-01 -2.021568502001281145e-02 -1.341978792189368219e+00 -8.382407628865701232e-01 7.805760463128144470e-03 -5.452444464280261638e-01 -1.930436371565481579e+01
-5.451029001774972960e-01 2.611709415466577019e-02 8.379622383064470048e-01 7.643568223561726427e+01 2.200939371205879250e-02 9.996159589993831585e-01 -1.683808379269907674e-02 -1.381143306988504182e+00 -8.380802027875647875e-01 9.264553514687403832e-03 -5.454683809017123464e-01 -1.984523054370887607e+01
-5.443163598131396386e-01 2.089731289631968636e-02 8.386196932752013611e-01 7.724599061263108979e+01 1.962989338799249472e-02 9.997332310694684310e-01 -1.217102907135202139e-02 -1.417559141072405549e+00 -8.386503319276571444e-01 9.837125946933618706e-03 -5.445813663242158320e-01 -2.035970278876207828e+01
-5.434474646563455247e-01 1.537081255146362235e-02 8.393024356293034005e-01 7.803979739795613568e+01 1.854565159706631980e-02 9.998081534503034939e-01 -6.301989401277092312e-03 -1.436061374485482212e+00 -8.392382995914104971e-01 1.214061143300645962e-02 -5.436282690501745840e-01 -2.086741482508989876e+01
-5.433018250463925725e-01 9.004408667293496704e-03 8.394891510255370060e-01 7.887368863571501265e+01 9.944492106844249682e-03 9.999413517526322126e-01 -4.289535514672902956e-03 -1.462533293396321765e+00 -8.394785557289713429e-01 6.017781750508051364e-03 -5.433595067974457127e-01 -2.138944044741646877e+01
-5.413118096516101874e-01 3.517055614287350855e-03 8.408145706242501349e-01 7.966690271597406081e+01 9.774576435956107683e-04 9.999932082182547699e-01 -3.553602783527578211e-03 -1.498472320956102832e+00 -8.408213727714449748e-01 -1.101745597103061117e-03 -5.413115721338481734e-01 -2.185103561697017938e+01
-5.391805120225301451e-01 4.588278083425888047e-03 8.421777189194951108e-01 8.048356544836697424e+01 4.930102792574251463e-03 9.999852210535890018e-01 -2.291670210135935987e-03 -1.512639739245591031e+00 -8.421758018247081923e-01 2.916399771336143035e-03 -5.391951653684399215e-01 -2.235457662838053849e+01
-5.362157272267815689e-01 7.346654718143361823e-03 8.440489959555744770e-01 8.128437308344598478e+01 9.880427337195910736e-03 9.999482428540071854e-01 -2.426675040343666007e-03 -1.532347179580286323e+00 -8.440231529517910891e-01 7.038344454149941809e-03 -5.362605635054871200e-01 -2.287264271486118616e+01
-5.316823266162876704e-01 9.982404480748848993e-03 8.468850229642095329e-01 8.207522259612402138e+01 9.982538290378248358e-03 9.999349409905390340e-01 -5.519302371751315731e-03 -1.570534914728633602e+00 -8.468850360400566046e-01 5.519547631417372896e-03 -5.317473868161649575e-01 -2.335668144012953107e+01
-5.236950347557941532e-01 1.227859252181610558e-02 8.518173123130718949e-01 8.285256006871291845e+01 1.559981333793607552e-02 9.998666884738377503e-01 -4.821937161789217538e-03 -1.586207192773911645e+00 -8.517629766053349538e-01 1.076296755926394594e-02 -5.238167651206623310e-01 -2.383272185189797554e+01
-5.151898924725260009e-01 1.453811842020615551e-02 8.569527434351119632e-01 8.363724752019447806e+01 2.278558368697080824e-02 9.997350532133132406e-01 -3.261980252342440607e-03 -1.615786379141216589e+00 -8.567731344637917745e-01 1.784563030180213658e-02 -5.153846552854035590e-01 -2.434163582962061767e+01
-5.056083124724198852e-01 1.497317687343739136e-02 8.626331925247486820e-01 8.442123559057435500e+01 2.254490249435520816e-02 9.997372639103442316e-01 -4.138898836953419126e-03 -1.629146669863744235e+00 -8.624685350646806858e-01 1.735532066280369087e-02 -5.058130409476809808e-01 -2.478873668803721486e+01
-4.942595157094279990e-01 1.162996354272708213e-02 8.692365969056391473e-01 8.525783606373207135e+01 1.771374969749174577e-02 9.998376366081298539e-01 -3.305066385457082218e-03 -1.665878284090014816e+00 -8.691339175649338555e-01 1.376388007412220234e-02 -4.943852775435662594e-01 -2.524814061703474977e+01
-4.829753168623031612e-01 8.650291673203360301e-03 8.755912299085377715e-01 8.605474253040453902e+01 1.932581967481741131e-02 9.998129326164130193e-01 7.825816215791793701e-04 -1.679465038936815313e+00 -8.754206809606410733e-01 1.729948694362525019e-02 -4.830521431416554545e-01 -2.571403132401659164e+01
-4.719517323637081319e-01 7.636807576864698167e-03 8.815913040929003186e-01 8.688869748001812354e+01 1.933100032060509552e-02 9.998117141733224855e-01 1.687778226766857917e-03 -1.701743680372860723e+00 -8.814124389839586016e-01 1.783859276898765861e-02 -4.720104989109306648e-01 -2.612592775348395691e+01
-4.596906287162927929e-01 6.705704442819178726e-03 8.880537963287654657e-01 8.773401288695855271e+01 1.857124480841738229e-02 9.998254101702531704e-01 2.063495135367986177e-03 -1.715845334274068046e+00 -8.878849293670247889e-01 1.744083496144959236e-02 -4.597349059350959721e-01 -2.653810652209267928e+01
-4.478097514613092467e-01 8.492743989083079842e-03 8.940885221256649196e-01 8.853711731640527205e+01 2.210974902919431856e-02 9.997543052552928522e-01 1.577366201944437052e-03 -1.736092371365031140e+00 -8.938554686008463035e-01 2.047443396248765923e-02 -4.478875006543008297e-01 -2.693830082415546556e+01
