1 0 0 0 0 1 0 0 0 0 1 0
0.99993931 -0.0021054909 0.010814449 0.0074893501 0.002094614 0.99999729 0.0010170218 -0.010711269 -0.010816562 -0.00099430798 0.999941 0.29801851
0.99984712 -0.003934965 0.017036538 0.014038865 0.003915342 0.99999163 0.0011850317 -0.016285963 -0.01704106 -0.0011181466 0.99985417 0.58817684
0.99978303 -0.006796546 0.019690108 0.015833172 0.0068062421 0.99997675 -0.00042544015 -0.023068977 -0.01968676 0.00055936352 0.99980604 0.89923678
0.99982163 -0.0077505516 0.017223215 0.020836603 0.0077748975 0.99996887 -0.0013470118 -0.024746816 -0.01721224 0.0014806804 0.99985076 1.1938646
0.9998899 -0.010913114 0.010054107 0.036203897 0.010947731 0.99993431 -0.0033944221 -0.02491627 -0.010016404 0.0035041181 0.99994369 1.5045003
0.99992814 -0.011943659 -0.001032754 0.011493562 0.01193876 0.99991802 -0.0046273841 -0.036804044 0.0010879374 0.0046147219 0.99998876 1.8493866
0.99977865 -0.011611337 -0.017544935 -0.013956709 0.011527412 0.99992166 -0.0048770325 -0.04168293 0.017600191 0.0046737053 0.99983418 2.1734498
0.99933957 -0.0076084246 -0.035532047 -0.044914893 0.0074229415 0.99995814 -0.0053491818 -0.045496894 0.035571262 0.0050818969 0.99935422 2.5225025
0.99841421 -0.0037609248 -0.056168651 -0.089720149 0.0034217436 0.99997534 -0.0061335794 -0.051153115 0.056190339 0.0059316582 0.99840245 2.8560831
0.99714303 -0.0032282612 -0.075467522 -0.12704064 0.0027430342 0.9999749 -0.0065323845 -0.060122686 0.075486723 0.0063067117 0.99712686 3.2090779
0.99536999 -0.0045632663 -0.096009181 -0.18848103 0.0039714099 0.99997192 -0.0063547691 -0.064388747 0.096035492 0.0059440546 0.99536016 3.6077077
0.99331236 -0.0052344234 -0.11533928 -0.24446801 0.0046614542 0.99997542 -0.005236854 -0.074917977 0.11536387 0.0046641831 0.99331235 3.9968673
0.99107004 -0.0042397761 -0.13327488 -0.32252875 0.0036532983 0.99998254 -0.0046447447 -0.081737156 0.13329226 0.0041163744 0.99106823 4.393898
0.98882129 -0.0036412648 -0.14906104 -0.39168994 0.0030694627 0.99998702 -0.0040659029 -0.086422069 0.14907393 0.003562914 0.98881964 4.8098715
0.98672137 -0.0024763218 -0.16240324 -0.48157728 0.0018341464 0.9999899 -0.0041040155 -0.094718217 0.16241178 0.0037516484 0.98671594 5.2068198
0.98457604 -0.0042842761 -0.17490473 -0.5704117 0.0034677221 0.99998162 -0.0049739164 -0.10313066 0.17492283 0.0042906779 0.9845728 5.6499345
0.98282853 -0.0070455963 -0.18438666 -0.66460296 0.0058963354 0.99995963 -0.0067804558 -0.11328685 0.184427 0.0055768197 0.98283039 6.1063321
0.98120111 -0.0064829451 -0.19287909 -0.75236094 0.0048512021 0.99994835 -0.008931013 -0.1233445 0.19292705 0.0078274245 0.98118188 6.5371539
0.97957614 -0.0062345543 -0.20097689 -0.87151569 0.0041955688 0.99993534 -0.010569734 -0.12932144 0.20102981 0.0095106468 0.97953896 7.0188277
0.97763595 -0.0070169158 -0.2101873 -0.97762438 0.0043643311 0.99990491 -0.013081294 -0.13685573 0.21025912 0.011871416 0.97757362 7.453316
0.97619388 -0.011114309 -0.2166148 -1.0850352 0.0080027971 0.9998519 -0.015236177 -0.14990665 0.21675208 0.013139939 0.97613825 7.9913192
0.97422727 -0.016495477 -0.22496473 -1.2042459 0.013224606 0.99978391 -0.016038698 -0.16533835 0.2251807 0.012650267 0.97423489 8.500439
0.97251689 -0.017369183 -0.23218355 -1.3382528 0.013426893 0.99973779 -0.0185489 -0.19275545 0.23244487 0.014921615 0.97249511 9.0269264
0.9703577 -0.013709979 -0.24128399 -1.4942295 0.0084382582 0.99970287 -0.022868393 -0.19580088 0.24152584 0.020154504 0.97018507 9.564395
0.96821883 -0.0112107 -0.24985317 -1.6550816 0.0048284688 0.99964657 -0.02614225 -0.21463286 0.25005795 0.024105011 0.96793077 10.086788
0.96553215 -0.013491971 -0.25993388 -1.8128848 0.0064441472 0.99958863 -0.027947066 -0.23468395 0.26020404 0.025308739 0.96522191 10.621477
0.96344553 -0.015498603 -0.26745561 -1.9734277 0.007807384 0.99952549 -0.029796571 -0.26868441 0.26779053 0.026619245 0.96310937 11.210922
0.96113057 -0.014887391 -0.27569257 -2.151832 0.0062105173 0.9994583 -0.032319366 -0.28762913 0.2760244 0.029350937 0.96070238 11.767679
0.95876494 -0.01478665 -0.28381534 -2.3371477 0.0046986811 0.99933381 -0.036192085 -0.3122676 0.28416145 0.033366145 0.95819569 12.379024
0.95656562 -0.015132455 -0.29112406 -2.5361656 0.0033596417 0.99915773 -0.040896625 -0.33926021 0.29149775 0.038142233 0.95581078 12.936872
0.95478379 -0.016484205 -0.29684371 -2.7334339 0.002265771 0.99883614 -0.04817922 -0.37792335 0.29729244 0.045328159 0.9537099 13.559035
0.95324567 -0.016786275 -0.30172987 -2.9533807 -0.00022686107 0.99841601 -0.056262045 -0.41502351 0.30219639 0.053700002 0.95173193 14.173469
0.95221544 -0.01720104 -0.3049424 -3.1564285 -0.002696358 0.99790055 -0.064708744 -0.45959162 0.30541527 0.0624389 0.95016993 14.797354
0.95075202 -0.01654038 -0.3095109 -3.3767218 -0.006701117 0.99724481 -0.073877552 -0.50912483 0.30988013 0.072313302 0.94802168 15.439654
0.94947352 -0.015762148 -0.31345109 -3.6020159 -0.010160497 0.9966708 -0.080895535 -0.56835554 0.31368266 0.079992989 0.94615238 16.07213
0.94774151 -0.014846166 -0.3186936 -3.8412755 -0.01365342 0.99611418 -0.087006416 -0.63135959 0.31874696 0.086810851 0.94385606 16.74453
0.94600412 -0.013107837 -0.32388945 -4.0935478 -0.018063259 0.99549791 -0.09304638 -0.69994846 0.32365093 0.09387276 0.94150836 17.405711
0.94488405 -0.011135565 -0.32721572 -4.34118 -0.022352318 0.99489557 -0.098403191 -0.77551014 0.32664127 0.10029364 0.93981204 18.097433
0.94290747 -0.0079560827 -0.33295975 -4.6158046 -0.027641806 0.9943962 -0.10203984 -0.85658207 0.33190578 0.10541774 0.93740368 18.794088
0.94101456 -0.0080378855 -0.33827056 -4.8690515 -0.028624803 0.99424299 -0.10325452 -0.93274874 0.33715311 0.10684694 0.93536705 19.473766
0.93899816 -0.0068058188 -0.34385481 -5.1517509 -0.030253361 0.99429389 -0.1022956 -1.0204721 0.34258897 0.10645814 0.93343424 20.216443
0.9365344 -0.0071623104 -0.35050251 -5.431761 -0.030155123 0.99444002 -0.10089456 -1.1045106 0.34927639 0.10506067 0.93111131 20.923622
0.93401964 -0.0066180255 -0.35716033 -5.7050961 -0.030771989 0.99462122 -0.098902551 -1.1897344 0.35589381 0.10336746 0.9287921 21.637536
0.93094316 -0.0065100418 -0.36510606 -5.9987338 -0.03055803 0.9949452 -0.095656922 -1.2708835 0.36388328 0.10020808 0.9260385 22.321551
0.92705177 -0.0029217414 -0.37492194 -6.3353262 -0.033316602 0.99537193 -0.090137247 -1.3545241 0.37345016 0.096053021 0.92266397 23.149199
0.9242787 -0.0019100523 -0.38171354 -6.6662102 -0.033015803 0.99584 -0.084927317 -1.4374671 0.38028786 0.091099091 0.92037064 23.878204
0.92066383 0.00026513686 -0.39035629 -6.9952558 -0.034690528 0.99609868 -0.081141793 -1.5128788 0.3888119 0.088245981 0.91708122 24.625851
0.91676396 0.0011058889 -0.39942785 -7.3325691 -0.035561757 0.99625098 -0.078862783 -1.5848741 0.39784321 0.086502915 0.91336633 25.367025
0.91277495 0.0025663413 -0.40845477 -7.6815765 -0.037845606 0.9962101 -0.078314432 -1.6627523 0.40670582 0.086941671 0.90941274 26.131927
0.90937502 0.004760574 -0.41594999 -8.0491231 -0.040531914 0.99619049 -0.07721185 -1.7371307 0.41399789 0.087073778 0.9061037 26.865119
0.90519378 0.0051231786 -0.42496819 -8.4387987 -0.041075294 0.99630091 -0.075480637 -1.8108944 0.42300952 0.085780298 0.90205582 27.669442
0.9013595 0.0045056142 -0.43304819 -8.8319541 -0.04008775 0.9965207 -0.073071621 -1.8874667 0.4312123 0.083223729 0.89840402 28.468497
0.8976339 0.0050250544 -0.44071318 -9.2231517 -0.039497538 0.9968288 -0.069081679 -1.9542576 0.43896849 0.079417144 0.89498581 29.219303
0.89429258 0.0062441929 -0.44743913 -9.6329031 -0.038762238 0.99722515 -0.063557053 -2.0210144 0.44580073 0.074182344 0.89205309 30.053345
0.88997545 0.0047874563 -0.45598329 -10.050875 -0.035746702 0.99760023 -0.059295413 -2.0821008 0.4546052 0.069071362 0.88801086 30.814255
0.88636977 0.0048047128 -0.46295306 -10.502532 -0.035184259 0.99775352 -0.057008678 -2.1538287 0.46163917 0.06681943 0.8845476 31.656897
0.88314153 0.0062981427 -0.46906433 -10.926934 -0.036856216 0.99775056 -0.055995042 -2.2175494 0.46765658 0.066739484 0.88138708 32.455114
0.88017657 0.0062553968 -0.47460516 -11.384939 -0.036391089 0.9978593 -0.054336905 -2.2635917 0.47324931 0.06509747 0.87852002 33.260993
0.8777513 0.0044425971 -0.47909593 -11.871831 -0.033928291 0.99802299 -0.052905448 -2.3370569 0.47791375 0.062692732 0.8761667 34.114337
0.87446282 0.0023850823 -0.48508666 -12.332773 -0.031900357 0.99810606 -0.052599074 -2.3877774 0.48404252 0.061470373 0.87288273 34.940902
0.87248451 0.0021913983 -0.48863683 -12.81466 -0.032290276 0.99806275 -0.053179803 -2.4528008 0.48757372 0.062176773 0.87086505 35.772878
0.87069609 0.00084100457 -0.49182069 -13.304621 -0.031296237 0.99806663 -0.053698698 -2.5105907 0.4908247 0.062147384 0.86903903 36.646132
0.87094116 0.0030256488 -0.49137799 -13.815484 -0.033206001 0.9980576 -0.052710336 -2.5730595 0.4902641 0.0622243 0.86934991 37.495519
0.87116446 0.0018823193 -0.4909877 -14.332372 -0.030925695 0.99821742 -0.051044863 -2.6368459 0.49001644 0.059652607 0.86966975 38.413926
0.87022282 0.00032922924 -0.49265822 -14.84584 -0.028977629 0.99830265 -0.050518434 -2.6934583 0.49180542 0.058238362 0.86875529 39.312037
0.86980105 -0.00038092689 -0.49340244 -15.361266 -0.028609816 0.99827823 -0.051205903 -2.7618706 0.49257246 0.058655102 0.86829256 40.207121
0.86899626 -0.0017500347 -0.49481554 -15.902338 -0.027588003 0.99826695 -0.051980726 -2.8259448 0.49404901 0.05882203 0.86744197 41.1427
0.86692659 -0.0040588204 -0.49841929 -16.42774 -0.024172905 0.99844782 -0.050175933 -2.8919574 0.49784935 0.055547094 0.86548285 42.040457
0.86515609 -0.0025865285 -0.501496 -16.959328 -0.023840495 0.99864402 -0.046279072 -2.96037 0.50093572 0.051994534 0.86392129 42.975379
0.86239627 -0.0021407217 -0.50622927 -17.509801 -0.022174766 0.99887149 -0.042000219 -3.022822 0.50574794 0.047446348 0.86137558 43.869772
0.85850319 -0.0034216529 -0.51279678 -18.066364 -0.019780577 0.99901258 -0.039781765 -3.0887096 0.5124266 0.044296189 0.85758781 44.786717
0.85327747 -0.005887873 -0.52142389 -18.634072 -0.018787906 0.99893989 -0.042025169 -3.145941 0.52111861 0.045655594 0.85226228 45.661993
0.84667111 -0.009699701 -0.53202813 -19.17936 -0.01717167 0.99881506 -0.045536996 -3.2056763 0.53183944 0.047690671 0.84550129 46.542522
0.84110361 -0.0085040792 -0.54080714 -19.775293 -0.018952391 0.99879897 -0.045182074 -3.2692033 0.5405419 0.048252395 0.83993225 47.429158
0.83599318 -0.0058611272 -0.54870851 -20.4032 -0.01931186 0.99900927 -0.04009397 -3.3260468 0.54839993 0.044114868 0.83505175 48.357679
0.83198719 -0.0034217953 -0.55478426 -20.988855 -0.019187947 0.99920525 -0.034938267 -3.3889247 0.55446295 0.039713362 0.83126032 49.242893
0.8267676 -0.0029741609 -0.56253574 -21.580844 -0.021137265 0.99911562 -0.036348153 -3.4439029 0.5621464 0.041941943 0.82597356 50.120713
0.8241607 -0.0048608411 -0.56633514 -22.206754 -0.022294922 0.99890962 -0.041018359 -3.4909291 0.56591705 0.046432117 0.82315368 50.979098
0.82062344 -0.0071983373 -0.57142394 -22.805934 -0.024441553 0.9985636 -0.047679674 -3.5640567 0.57094641 0.053093547 0.81926876 51.831344
0.8173773 -0.0085755802 -0.57603888 -23.472344 -0.024462988 0.9984707 -0.049576436 -3.6164844 0.57558314 0.054614286 0.8159175 52.683708
0.8149447 -0.0063338653 -0.57950408 -24.077715 -0.025088272 0.99861731 -0.04619581 -3.6936411 0.57899546 0.052185787 0.81365898 53.581937
0.81049129 -0.0049643738 -0.58572963 -24.714697 -0.022735424 0.99894394 -0.039926258 -3.7518393 0.58530932 0.045676696 0.80952249 54.420731
0.80837565 -0.0020555618 -0.58866337 -25.352781 -0.024468432 0.99901235 -0.037089474 -3.8163046 0.58815826 0.044385898 0.80752695 55.314514
0.80622705 -0.0017462374 -0.59160363 -26.003697 -0.025376004 0.99897323 -0.037530641 -3.8652815 0.59106178 0.045270754 0.80535493 56.143261
0.80220194 -0.0026666232 -0.59704682 -26.658018 -0.025820409 0.99889952 -0.039154164 -3.927194 0.59649425 0.04682554 0.80125028 57.036106
0.79893009 -0.0050440935 -0.60140273 -27.312236 -0.025246944 0.99880209 -0.041916326 -3.9881595 0.60089378 0.048671796 0.79784569 57.883795
0.79478203 -0.0056990803 -0.6068682 -27.965528 -0.025337916 0.99877243 -0.042563118 -4.0441198 0.60636585 0.049205177 0.79366198 58.703131
0.78919069 -0.0064265916 -0.61411459 -28.634009 -0.02401035 0.99885791 -0.041308243 -4.10468 0.61367874 0.047345187 0.78813506 59.548071
0.78565694 -0.0064240779 -0.61862902 -29.325218 -0.023885671 0.99888556 -0.040707531 -4.1603478 0.61820116 0.046758524 0.78462794 60.39845
0.78065911 -0.0095663652 -0.62488384 -30.019713 -0.020951298 0.9989202 -0.041466676 -4.2254484 0.62460582 0.045463466 0.77961572 61.256608
0.77541447 -0.0081800609 -0.6313996 -30.729169 -0.024118567 0.99880277 -0.042559659 -4.2888832 0.63099186 0.048229829 0.77428882 62.078659
0.76921551 -0.012008622 -0.63887656 -31.380727 -0.02012353 0.9988722 -0.043004252 -4.3392262 0.63867252 0.04593599 0.76810633 62.852954
0.7644262 -0.010409535 -0.64462717 -32.130512 -0.023804206 0.99873216 -0.044355708 -4.4114047 0.64427167 0.049251504 0.76320924 63.733001
0.75926847 -0.014516306 -0.65061558 -32.806755 -0.01984963 0.99876945 -0.045448712 -4.4734364 0.65047476 0.047422253 0.75804601 64.516849
0.75189522 -0.015819525 -0.65909277 -33.588665 -0.018734647 0.99879567 -0.045345609 -4.537814 0.65901641 0.046443018 0.75069332 65.3686
0.74595331 -0.014729276 -0.66583532 -34.336497 -0.019356137 0.99885361 -0.043781341 -4.5956137 0.66571694 0.045546836 0.74481305 66.16068
0.73971084 -0.016352932 -0.67272611 -35.072821 -0.016659834 0.99895322 -0.042601695 -4.6678893 0.67271863 0.042720441 0.73866409 67.034427
0.73221672 -0.016680332 -0.68086739 -35.822105 -0.017386447 0.99891645 -0.043169793 -4.7293057 0.68084978 0.043447509 0.73113332 67.795895
0.72623177 -0.018934939 -0.68718909 -36.591585 -0.016726875 0.99883794 -0.045199382 -4.7957529 0.68724644 0.044319753 0.72507112 68.598073
0.72190688 -0.018617771 -0.69173969 -37.360266 -0.017713467 0.99881326 -0.045368439 -4.8580363 0.69176349 0.045004897 0.72072038 69.406829
0.71538194 -0.016710998 -0.69853374 -38.125983 -0.019780995 0.99882892 -0.044153049 -4.92781 0.6984536 0.045403986 0.71421361 70.212791
0.71142072 -0.017308318 -0.70255315 -38.980352 -0.019524216 0.99882401 -0.044377986 -4.9848513 0.70249512 0.045288219 0.71024617 70.991765
0.70681298 -0.017720614 -0.70717844 -39.766043 -0.020132324 0.99877736 -0.045149475 -5.0554211 0.70711395 0.046149381 0.70559205 71.785673
0.70153412 -0.019646172 -0.71236498 -40.604812 -0.020163068 0.99867253 -0.047398696 -5.1268759 0.7123506 0.047615267 0.70020673 72.589809
0.6970684 -0.020210882 -0.71671969 -41.447923 -0.022706151 0.99847904 -0.050239838 -5.2003231 0.71664504 0.051294549 0.69554928 73.38322
0.69237301 -0.022017817 -0.7212037 -42.313113 -0.021812284 0.99843879 -0.051421918 -5.270915 0.72121001 0.051334249 0.69081181 74.195785
0.68718754 -0.022130788 -0.72614287 -43.177009 -0.020462069 0.99854971 -0.04979732 -5.3419623 0.72619187 0.049078483 0.68573808 74.968946
0.68278399 -0.022382887 -0.73027733 -44.010148 -0.019065182 0.99864443 -0.04843358 -5.4155246 0.73037154 0.046992544 0.6814317 75.768097
0.67722729 -0.024741 -0.73535775 -44.871163 -0.016971804 0.99864329 -0.049229372 -5.4876781 0.73557814 0.045819822 0.6758886 76.523961
0.67319353 -0.025419628 -0.73902928 -45.749683 -0.01620773 0.99866168 -0.049113814 -5.5547419 0.73928873 0.045041089 0.67188058 77.27601
0.66847033 -0.024657297 -0.74332994 -46.633802 -0.017604524 0.99864568 -0.048958076 -5.6387731 0.74353046 0.045812992 0.66713092 78.089966
0.66410176 -0.027102533 -0.74715076 -47.51832 -0.014032583 0.99871484 -0.048700698 -5.7092941 0.74751052 0.042826674 0.66286797 78.864098
0.66013009 -0.028794037 -0.75059917 -48.384323 -0.012997826 0.99867753 -0.049741879 -5.7770617 0.75103886 0.042592269 0.65888283 79.583639
0.65520893 -0.032597472 -0.75474407 -49.283212 -0.010862532 0.9985588 -0.052557842 -5.8629103 0.75536965 0.042634799 0.65391056 80.379803
0.6511796 -0.037919476 -0.75797572 -50.197721 -0.0055425073 0.99848673 -0.054713178 -5.9329013 0.75890345 0.039829192 0.64998402 81.174362
0.64376253 -0.041816788 -0.76408187 -51.109492 0.00010643028 0.99851065 -0.054556971 -6.01363 0.76522535 0.035040412 0.6428082 81.902373
0.63668109 -0.045162459 -0.76980354 -52.063791 0.0048015737 0.99849632 -0.05460806 -6.1019699 0.7711123 0.031071651 0.63594058 82.712735
0.628274 -0.046542925 -0.77659867 -52.981059 0.0076025096 0.99852854 -0.053693087 -6.1827588 0.77795503 0.027829872 0.62770337 83.467612
0.61875858 -0.044108953 -0.78434187 -53.961528 0.00635746 0.99867091 -0.051146823 -6.2624894 0.7855555 0.026661114 0.61821662 84.191214
0.60994729 -0.044548611 -0.79118877 -54.936072 0.0074484973 0.99869678 -0.050490307 -6.3405163 0.79240701 0.024903258 0.60948421 84.950993
0.60093751 -0.045238071 -0.79801477 -55.881439 0.0051744213 0.99859634 -0.052712143 -6.4159298 0.79927929 0.027547439 0.60032809 85.651671
0.58943546 -0.049181329 -0.80631692 -56.929246 0.0088923294 0.99847953 -0.054401805 -6.5071811 0.80776656 0.024896317 0.58897658 86.364942
0.5818472 -0.049043725 -0.81181802 -57.844946 0.0058402725 0.99840638 -0.056130094 -6.5812204 0.81327719 0.027917899 0.58120638 87.09566
0.57109485 -0.051207823 -0.81928528 -58.869097 0.010907783 0.99843766 -0.054801961 -6.6621554 0.82081164 0.022360532 0.57076117 87.791056
0.56060321 -0.050661968 -0.82653333 -59.921406 0.010995884 0.99849419 -0.053744176 -6.7498016 0.82801159 0.021040692 0.56031613 88.479937
0.55120843 -0.050610766 -0.83283117 -60.940682 0.010705959 0.99850547 -0.053592989 -6.8368603 0.83429893 0.020624651 0.55092647 89.148781
0.5414261 -0.051853093 -0.83914776 -61.987947 0.010218054 0.99842841 -0.055102667 -6.9126413 0.84068628 0.021259565 0.54110504 89.806961
0.53104704 -0.052611599 -0.8457074 -63.107503 0.0094384349 0.99837591 -0.056182433 -6.9997853 0.84728981 0.02185336 0.53068114 90.471776
0.52118634 -0.053829993 -0.85174355 -64.132079 0.0089077127 0.99829761 -0.057641499 -7.0835874 0.85339646 0.022454875 0.52077857 91.101456
0.51273778 -0.053302241 -0.85688901 -65.211915 0.0070738708 0.99829931 -0.057865778 -7.1776244 0.85851616 0.023608448 0.51224282 91.714692
0.50257421 -0.0514196 -0.86300355 -66.293976 0.006266374 0.99842013 -0.055838757 -7.2629156 0.8645114 0.022655216 0.50210242 92.356421
0.49522432 -0.049265522 -0.86736712 -67.415699 0.0060587135 0.9985624 -0.053258043 -7.3533611 0.86874405 0.021119549 0.49481087 93.006779
0.48857584 -0.049050967 -0.87114154 -68.547938 0.0057177685 0.9985771 -0.053019637 -7.4443787 0.87250274 0.020923128 0.4881611 93.613722
0.48130588 -0.05286767 -0.87495691 -69.640923 0.0084891772 0.99841383 -0.055657509 -7.5253553 0.87651163 0.019360622 0.48099126 94.176014
0.47364981 -0.055630804 -0.8789545 -70.73422 0.010099697 0.99828053 -0.057740678 -7.6112455 0.88065539 0.018471687 0.47339723 94.782845
0.46504555 -0.059692502 -0.88327197 -71.838699 0.012732522 0.99807198 -0.060747099 -7.7050807 0.88519522 0.017003888 0.46490897 95.384287
0.46082374 -0.062140026 -0.88531352 -73.002131 0.013438737 0.99791997 -0.063048719 -7.8072729 0.88738996 0.01715685 0.4607003 95.936109
0.45626449 -0.063455726 -0.88757874 -74.116555 0.015885699 0.99787602 -0.06317509 -7.9002149 0.88970244 0.014724741 0.45630343 96.51675
0.45301881 -0.061590432 -0.88937085 -75.266789 0.018754052 0.99804832 -0.059563779 -8.0030194 0.89130372 0.010304204 0.45328973 97.106361
0.44839895 -0.058555844 -0.89191341 -76.399477 0.01984829 0.9982581 -0.055559085 -8.1070606 0.89361317 0.0072096786 0.44878012 97.716678
0.44401353 -0.060022329 -0.8940074 -77.498624 0.024627453 0.99819436 -0.054785931 -8.1907501 0.89568161 0.0023085686 0.44469 98.25815
0.43948493 -0.058414789 -0.8963485 -78.604221 0.023707947 0.9982899 -0.053434137 -8.2858808 0.89793708 0.002232915 0.44011827 98.80374
0.44145732 -0.057714685 -0.89542414 -79.745666 0.025103388 0.99833301 -0.05197135 -8.3757092 0.89693106 0.00046495299 0.44217025 99.372832
0.43513058 -0.058516511 -0.89846376 -80.845327 0.02960492 0.99827609 -0.050679426 -8.4606131 0.89988055 -0.0045467811 0.43611283 99.859203
0.43633056 -0.057719863 -0.89793318 -81.94668 0.029096009 0.99832358 -0.050034483 -8.5520363 0.89931592 -0.0042946987 0.43727851 100.44441
0.43385309 -0.059966567 -0.89898578 -83.01865 0.034051758 0.99816111 -0.050148552 -8.6336162 0.90033996 -0.0088549423 0.43509725 100.93057
0.42937452 -0.058306425 -0.90124237 -84.173702 0.036187266 0.99822312 -0.047340132 -8.7133926 0.90240128 -0.012286851 0.43072153 101.44146
0.42946978 -0.058346042 -0.90119442 -85.228613 0.039382364 0.99817142 -0.045856716 -8.800704 0.90222215 -0.015797094 0.43098227 101.95754
0.4287323 -0.059313099 -0.90148239 -86.319055 0.041652868 0.99807914 -0.045859174 -8.8779568 0.9024709 -0.017888019 0.43037933 102.46831
0.42625063 -0.05978232 -0.9026275 -87.390598 0.040926142 0.99806663 -0.046776711 -8.9556366 0.90367888 -0.01700246 0.42787319 102.97125
0.42432075 -0.062027251 -0.90338499 -88.417577 0.043737558 0.99789061 -0.047972524 -9.0427131 0.90445508 -0.019156117 0.42613862 103.47139
0.42496584 -0.061641638 -0.90310812 -89.452751 0.040530811 0.99797389 -0.049044555 -9.1251917 0.90430158 -0.015761445 0.4266032 104.00422
0.42857104 -0.062178846 -0.90136596 -90.487331 0.039827794 0.99795952 -0.049905294 -9.2010315 0.90262987 -0.014511454 0.430173 104.43998
0.43419011 -0.06182535 -0.89869712 -91.561845 0.036430074 0.99803101 -0.051058402 -9.2885921 0.90008437 -0.01057055 0.43558749 104.95958
0.43892125 -0.063987021 -0.89624424 -92.533472 0.039298621 0.99787371 -0.05199695 -9.3702006 0.89766576 -0.012398597 0.44050258 105.45984
0.44475455 -0.06232582 -0.89348129 -93.570412 0.035207951 0.99802143 -0.052092426 -9.4526319 0.89496025 -0.0082893027 0.44606894 105.93599
0.45148589 -0.061521998 -0.89015475 -94.55433 0.034979238 0.99807364 -0.051239241 -9.5273781 0.8915924 -0.0080031418 0.45276816 106.41492
0.45962561 -0.059978549 -0.8860851 -95.511267 0.033023197 0.99818115 -0.050436635 -9.6036418 0.88749864 -0.0060793939 0.46077031 106.94092
0.4663433 -0.058923759 -0.88263914 -96.492888 0.031512615 0.99825234 -0.049992213 -9.6784581 0.88404239 -0.0045007349 0.46738513 107.4693
0.47802629 -0.059906505 -0.87630018 -97.473346 0.03276105 0.99819325 -0.050368158 -9.755873 0.87773438 -0.0046312111 0.47912522 107.93938
0.48785162 -0.06036247 -0.87083701 -98.458013 0.031501648 0.9981739 -0.051541348 -9.8283163 0.87235801 -0.0022882712 0.48886227 108.47126
0.49957832 -0.061581935 -0.86407702 -99.421787 0.029031787 0.99809989 -0.054348479 -9.9096004 0.86578214 0.0020656217 0.5004169 109.01631
0.5111977 -0.060842635 -0.85730685 -100.3563 0.025780188 0.99812779 -0.055464333 -9.9858486 0.85907646 0.0062517065 0.51180916 109.53398
0.52276965 -0.058526902 -0.85046248 -101.26764 0.021735295 0.99823121 -0.055335572 -10.063809 0.85219688 0.010442705 0.52311709 110.15485
0.5357428 -0.057428918 -0.84242597 -102.21469 0.022846421 0.99830506 -0.053526098 -10.142666 0.84407213 0.0094298029 0.53614679 110.68514
0.54649038 -0.056606819 -0.83555004 -103.09309 0.025149708 0.99837229 -0.051188564 -10.214464 0.8370877 0.0069602175 0.5470245 111.28743
0.55989835 -0.054689422 -0.82675441 -103.98781 0.022430971 0.99845404 -0.05085647 -10.297301 0.82825766 0.0099295489 0.5602595 111.87938
0.57071702 -0.054733747 -0.8193206 -104.86506 0.022588737 0.99844494 -0.050965222 -10.363991 0.82083609 0.010579302 0.57106589 112.46773
0.58197857 -0.056194872 -0.81126014 -105.71136 0.023196776 0.99835076 -0.052513571 -10.443916 0.81287324 0.011743153 0.58232229 113.08732
0.59405445 -0.057150845 -0.80239207 -106.54585 0.024485339 0.99829553 -0.052976357 -10.50451 0.80405213 0.011823999 0.59444127 113.71388
0.60404 -0.05733146 -0.79488913 -107.41442 0.025164851 0.99828383 -0.052878435 -10.593854 0.79655663 0.011937423 0.6044461 114.35185
0.61492096 -0.055349524 -0.78664388 -108.21668 0.024459493 0.99839251 -0.051128467 -10.667118 0.78820936 0.012199056 0.61528631 114.96099
0.62493146 -0.053493322 -0.77884471 -109.05485 0.025306384 0.99851343 -0.048275408 -10.734318 0.78026938 0.010459078 0.62535618 115.60205
0.63485118 -0.053533165 -0.77077761 -109.80443 0.027037793 0.99852507 -0.047081327 -10.810393 0.77216125 0.0090495098 0.63536223 116.23595
0.64411148 -0.050679678 -0.76325089 -110.57831 0.021685638 0.99861157 -0.048006947 -10.877236 0.76462421 0.014370243 0.6443162 116.87926
0.65360726 -0.050157036 -0.75517003 -111.34197 0.020084731 0.99859968 -0.04894166 -10.943138 0.75656738 0.016821237 0.65369939 117.53732
0.66305096 -0.049886735 -0.7469101 -112.06558 0.020275987 0.99860771 -0.048698319 -11.008427 0.74829964 0.017145128 0.6631393 118.14766
0.67183306 -0.048298759 -0.73912618 -112.79268 0.020278556 0.9986971 -0.046828305 -11.07268 0.74042499 0.016472391 0.67193716 118.82639
0.68097067 -0.047540324 -0.73076591 -113.50327 0.021585162 0.99876004 -0.044860486 -11.137137 0.73199253 0.014774974 0.68115246 119.48353
0.68859971 -0.046713098 -0.72363546 -114.19581 0.021483715 0.99879908 -0.044032282 -11.203652 0.72482338 0.014774238 0.68877633 120.13601
0.69610641 -0.045738047 -0.71648019 -114.87602 0.02077431 0.99883396 -0.043579134 -11.263186 0.71763803 0.015451333 0.6962449 120.79236
0.70353939 -0.043201244 -0.7093419 -115.54366 0.018020613 0.99891409 -0.042963936 -11.325093 0.71042778 0.017444045 0.70355392 121.47078
0.71065167 -0.042406097 -0.70226483 -116.22921 0.019648528 0.99898874 -0.04044052 -11.389111 0.70326964 0.014940652 0.71076623 122.1355
0.71773166 -0.038521 -0.69525345 -116.86368 0.016689983 0.99913347 -0.038128098 -11.433828 0.69611978 0.015761974 0.71775264 122.80129
0.72533423 -0.037717335 -0.6873628 -117.49429 0.016935033 0.99917337 -0.036956609 -11.496659 0.68818856 0.015165382 0.72537339 123.44497
0.73283265 -0.036437177 -0.67943256 -118.12372 0.016407083 0.99922104 -0.035890462 -11.556629 0.68021111 0.015154196 0.73285963 124.11134
0.74030341 -0.033783958 -0.67142346 -118.70966 0.013636852 0.99928565 -0.035245145 -11.602737 0.67213461 0.016935998 0.74023529 124.7729
0.74992672 -0.030778181 -0.66080449 -119.32534 0.012835517 0.99940601 -0.031982534 -11.645118 0.6613964 0.015502789 0.74987633 125.43274
0.75935106 -0.027868704 -0.65008405 -119.89695 0.011560103 0.9995025 -0.029344918 -11.690433 0.65057849 0.014768055 0.75929544 126.1057
0.76947992 -0.025468856 -0.63816295 -120.4427 0.0099102747 0.9995604 -0.027942554 -11.741361 0.63859414 0.015176864 0.76939407 126.78299
0.77899665 -0.024792041 -0.62653774 -120.96126 0.008441949 0.99954215 -0.029055616 -11.780337 0.62697128 0.017345028 0.77884928 127.42976
0.78881334 -0.025207306 -0.61411569 -121.51808 0.0083521355 0.99950601 -0.030298164 -11.831198 0.61457611 0.018770418 0.78863421 128.10708
0.79808825 -0.024553332 -0.60204007 -121.99506 0.0082438557 0.99952082 -0.029835626 -11.868676 0.6024842 0.018848331 0.79790824 128.76615
0.80807584 -0.023104024 -0.58862518 -122.5149 0.0078087036 0.9995629 -0.028513732 -11.905774 0.58902673 0.018444858 0.80790305 129.4585
0.81805239 -0.021039293 -0.57475874 -123.00805 0.0073129587 0.99963041 -0.026183393 -11.943247 0.57509724 0.0172162 0.8179039 130.15552
0.82718926 -0.019732164 -0.56157684 -123.47625 0.0078278436 0.99969093 -0.023595983 -11.983966 0.56186892 0.015122408 0.82708806 130.86541
0.83571524 -0.018562272 -0.54884921 -123.93554 0.0085661269 0.99974761 -0.020768446 -12.020256 0.54909625 0.012654994 0.83566332 131.56538
0.84391849 -0.017804455 -0.53617587 -124.3645 0.009205056 0.99978256 -0.018710777 -12.047999 0.53639246 0.010854842 0.84389888 132.27126
0.85068207 -0.018037985 -0.52537093 -124.81654 0.010617871 0.99979682 -0.017134347 -12.078951 0.5255733 0.0089975608 0.85070076 132.99676
0.85693852 -0.018337732 -0.51509231 -125.24163 0.01124432 0.99979418 -0.016886814 -12.104868 0.515296 0.0086790987 0.85696834 133.69952
0.86458276 -0.017348907 -0.50219084 -125.66909 0.010337336 0.99980639 -0.016742771 -12.130539 0.50238412 0.0092841953 0.86459471 134.44309
0.87086058 -0.015321484 -0.49129123 -126.11134 0.0086090491 0.99983619 -0.015920686 -12.164739 0.49145473 0.0096351473 0.87084984 135.16062
0.87655474 -0.014688143 -0.48107797 -126.51107 0.0082106287 0.99984512 -0.015566713 -12.190307 0.48123215 0.0096951237 0.87653958 135.92672
0.88220915 -0.015117312 -0.47061499 -126.91614 0.0087172827 0.99983755 -0.015775933 -12.218659 0.47077706 0.0098151884 0.88219762 136.67237
0.88700731 -0.01628629 -0.46146807 -127.2943 0.0098114286 0.99981693 -0.016426922 -12.245635 0.46165116 0.010043138 0.88700471 137.435
0.89124811 -0.016576849 -0.45321297 -127.69279 0.010115252 0.99980975 -0.016677582 -12.27605 0.45340325 0.0102795 0.89124623 138.20509
0.89465773 -0.016203606 -0.44645825 -128.08491 0.010071762 0.99981959 -0.016104312 -12.300812 0.44663869 0.0099112256 0.89465952 138.96233
0.89825096 -0.014628291 -0.43923935 -128.49162 0.0098158393 0.99986436 -0.013225638 -12.325167 0.43937327 0.0075684388 0.89827271 139.75841
0.90107818 -0.010638757 -0.43352613 -128.86965 0.0076547177 0.99993348 -0.0086282009 -12.343564 0.43358912 0.0044561632 0.90109968 140.5721
0.90398544 -0.0077318491 -0.42749331 -129.27807 0.0056992552 0.99996555 -0.006034105 -12.368841 0.42752528 0.0030183493 0.90399836 141.3728
0.90733256 -0.0053505434 -0.42037957 -129.65871 0.0040501428 0.99998385 -0.0039859952 -12.382347 0.42039414 0.0019140257 0.90733958 142.22769
0.9105739 -0.0034682809 -0.41333174 -130.06227 0.003057561 0.99999396 -0.0016551474 -12.394472 0.41333502 0.00024334671 0.910579 143.06185
0.91409213 -0.002189511 -0.40550064 -130.45938 0.0029381826 0.99999493 0.0012238438 -12.411269 0.40549595 -0.0023101413 0.91409393 143.92422
0.91734441 -0.0018151863 -0.39809034 -130.85422 0.0034411573 0.9999884 0.003369991 -12.424549 0.39807964 -0.0044613343 0.91734002 144.79337
0.92034725 -0.0022333012 -0.39109582 -131.18672 0.0041579221 0.99998306 0.0040743685 -12.434283 0.39108013 -0.0053759802 0.92034094 145.68663
0.92357136 -0.0032815006 -0.38341252 -131.58956 0.0051615843 0.99997917 0.0038748311 -12.431496 0.38339185 -0.0055576995 0.92356906 146.55887
0.92756119 -0.0057582051 -0.37362692 -131.94275 0.007661533 0.99996414 0.0036093266 -12.457059 0.37359276 -0.0062104266 0.92757204 147.49143
0.93146237 -0.0072164829 -0.36376609 -132.31829 0.0087006004 0.99995917 0.0024413845 -12.463446 0.36373365 -0.0054390416 0.93148712 148.39964
0.93581771 -0.0081192916 -0.35239081 -132.67382 0.0089061126 0.99996015 0.00061162001 -12.476798 0.35237183 -0.0037107974 0.93585273 149.34826
0.94097437 -0.0065685474 -0.33841406 -133.02148 0.006893752 0.99997621 -0.00024096989 -12.490771 0.33840762 -0.0021061964 0.94099727 150.28597
0.94653123 -0.003180916 -0.3225965 -133.36331 0.0037178685 0.99999254 0.0010483252 -12.499747 0.32259078 -0.0021916442 0.946536 151.26734
0.95270982 0.00072571371 -0.30388066 -133.69073 0.000466594 0.99999248 0.003850975 -12.509094 0.3038812 -0.0038106509 0.95270232 152.28923
0.95879729 0.0038819384 -0.28406456 -133.99735 -0.002372191 0.99998118 0.0056586257 -12.518816 0.2840812 -0.0047516199 0.95878845 153.32004
0.96481889 0.0056731999 -0.26285417 -134.29518 -0.0040512922 0.99996927 0.0067119442 -12.531496 0.26288419 -0.0054109119 0.96481223 154.37977
0.97054068 0.0069635955 -0.24083666 -134.57842 -0.0051945359 0.99995467 0.0079795645 -12.52969 0.24088133 -0.0064934575 0.97053286 155.41437
0.97547135 0.007355577 -0.22000351 -134.81087 -0.0051402869 0.99993018 0.010640108 -12.547239 0.22006644 -0.0092482397 0.97544105 156.4801
0.98034082 0.0091777848 -0.19709803 -135.04861 -0.0065893698 0.99988328 0.013784439 -12.53894 0.19720155 -0.012214697 0.98028687 157.56879
0.98447399 0.011398721 -0.17515999 -135.24634 -0.0083333035 0.99979916 0.018226262 -12.551119 0.17533258 -0.01648362 0.98437126 158.67068
0.9882045 0.013266134 -0.15256434 -135.4375 -0.010096129 0.99971713 0.021534142 -12.538221 0.15280687 -0.019739827 0.98805891 159.81029
0.991634 0.014743193 -0.12823668 -135.60721 -0.012019498 0.99968599 0.02198763 -12.52412 0.12852059 -0.020262342 0.99149982 160.9407
0.99410041 0.014537094 -0.1074851 -135.71693 -0.012487737 0.99972765 0.019715022 -12.521586 0.10774243 -0.018256467 0.9940112 162.09341
0.99614223 0.014505972 -0.086546164 -135.84034 -0.012929151 0.99974056 0.018752265 -12.511807 0.086795738 -0.017560955 0.99607134 163.23873
0.99772626 0.013115014 -0.066108365 -135.93473 -0.011769082 0.99971629 0.020707996 -12.510321 0.066361201 -0.019882877 0.99759755 164.42227
0.9988507 0.013656749 -0.04594321 -135.99433 -0.012633057 0.99966705 0.022498758 -12.499024 0.046235177 -0.021892497 0.99869066 165.60164
0.9996194 0.013868832 -0.023847692 -136.01215 -0.013308237 0.99963508 0.023507503 -12.485625 0.024165013 -0.023181186 0.99943919 166.85206
0.99987301 0.015175003 -0.0048673518 -136.07355 -0.015053203 0.99959492 0.024153745 -12.474608 0.0052319137 -0.024077408 0.99969641 168.03796
0.99977246 0.015426422 0.01473292 -136.0401 -0.015786714 0.99957124 0.024659977 -12.463955 -0.014346189 -0.02488695 0.99958733 169.26034
0.99916809 0.017698993 0.036740664 -135.9972 -0.018601522 0.99952993 0.024370084 -12.451104 -0.03629207 -0.025033243 0.99902764 170.50314
0.99820232 0.018465178 0.057018917 -135.97135 -0.019793931 0.99954345 0.022827504 -12.435104 -0.056571376 -0.023915097 0.99811209 171.76939
0.99697562 0.018944662 0.075370472 -135.87275 -0.020583505 0.99956701 0.021026694 -12.430733 -0.0749395 -0.02251449 0.99693388 173.03544
0.99541273 0.020748015 0.09339707 -135.76771 -0.022566611 0.99957494 0.018457698 -12.424083 -0.092974418 -0.020480683 0.99545783 174.29062
0.99334112 0.021192804 0.11324435 -135.63164 -0.023190846 0.99959726 0.016355343 -12.413134 -0.11285214 -0.018872667 0.99343254 175.57411
0.99090329 0.021146768 0.13290405 -135.48704 -0.023150719 0.99964014 0.013550863 -12.422074 -0.13256968 -0.016504419 0.99103627 176.87451
0.98808775 0.022472611 0.15224184 -135.28833 -0.024008058 0.99967769 0.0082546214 -12.416802 -0.15200728 -0.011811321 0.9883088 178.17921
0.98530184 0.024029812 0.16912377 -135.09135 -0.024718951 0.9996925 0.0019701768 -12.439681 -0.16902444 -0.0061217812 0.98559285 179.47608
0.98216628 0.026504255 0.18613681 -134.84944 -0.026359727 0.99964723 -0.0032517563 -12.442293 -0.18615735 -0.0017127499 0.98251845 180.75745
0.9784113 0.028626383 0.20467502 -134.59718 -0.027736196 0.99958922 -0.0072173834 -12.478136 -0.20479757 0.0013846631 0.97880337 182.08581
0.9743891 0.030847245 0.22274275 -134.30203 -0.02936394 0.99951907 -0.0099689381 -12.497444 -0.22294316 0.00317302 0.97482628 183.3977
0.97056751 0.030315566 0.23891353 -134.01161 -0.028706032 0.99953571 -0.010214365 -12.52596 -0.23911227 0.003055472 0.97098712 184.75992
0.96596613 0.029259901 0.25700832 -133.64869 -0.027415042 0.99956623 -0.010759218 -12.560506 -0.25721168 0.0033471465 0.96634929 186.09037
0.96140286 0.028808843 0.2736322 -133.28386 -0.025572125 0.99955452 -0.015388895 -12.618018 -0.27395366 0.0077975712 0.96171129 187.41822
0.95673531 0.030107788 0.28939775 -132.90342 -0.025526433 0.99948212 -0.019592959 -12.659331 -0.2898378 0.011357984 0.95700839 188.76375
0.95125262 0.03275498 0.30666849 -132.49159 -0.027943784 0.99940805 -0.020067254 -12.69726 -0.30714429 0.01051955 0.95160482 190.10779
0.94559599 0.03419985 0.3235407 -132.04769 -0.029235418 0.99936856 -0.020193325 -12.743971 -0.32402704 0.0096358802 0.94599875 191.4333
0.93923866 0.038433414 0.34110644 -131.58349 -0.032221454 0.99919591 -0.023860226 -12.788539 -0.34174922 0.011419502 0.93972181 192.792
0.93234273 0.03921631 0.35944276 -131.07076 -0.031753773 0.99914051 -0.026644593 -12.848628 -0.36017876 0.013428229 0.93278666 194.12457
0.92619069 0.040218166 0.37490439 -130.58522 -0.031410434 0.99906885 -0.029577321 -12.900357 -0.37574487 0.01561833 0.92659153 195.42875
0.91926323 0.040335258 0.39157142 -130.02928 -0.029108018 0.99897834 -0.034568715 -12.967994 -0.39256574 0.020379882 0.91949813 196.79524
0.91028371 0.043490295 0.41169423 -129.45577 -0.029602596 0.99875895 -0.040052935 -13.052086 -0.41292525 0.024272317 0.91044144 198.11923
0.90063986 0.047057876 0.43201085 -128.84591 -0.03106098 0.99854791 -0.044014609 -13.129667 -0.43345481 0.026222632 0.90079372 199.44799
0.88857889 0.050184259 0.45597049 -128.19489 -0.032931271 0.99841179 -0.04571025 -13.213164 -0.45754028 0.025601476 0.88882027 200.79745
0.87558361 0.054368762 0.47999725 -127.51415 -0.035627949 0.99820809 -0.048075467 -13.307959 -0.48175098 0.024992775 0.87595169 202.08876
0.86130761 0.059104946 0.50463431 -126.80654 -0.038460308 0.99794553 -0.051239804 -13.400866 -0.50662612 0.024724843 0.86181128 203.37744
0.84659484 0.062445187 0.52856196 -126.03216 -0.039583265 0.99773034 -0.054473218 -13.504124 -0.53076394 0.025194538 0.84714515 204.66145
0.83147613 0.064002299 0.55186151 -125.26561 -0.039226792 0.99762615 -0.056597944 -13.602904 -0.55417392 0.025412084 0.83201293 205.91287
0.81566874 0.064835259 0.57487465 -124.41664 -0.037955077 0.99755664 -0.058652916 -13.698636 -0.57727285 0.026021939 0.81613659 207.12875
0.79995242 0.067161671 0.59629305 -123.53664 -0.036506958 0.99732312 -0.063354852 -13.827352 -0.59895192 0.028912023 0.80026291 208.36176
0.78349384 0.069885691 0.61745717 -122.63198 -0.034960362 0.9970393 -0.068486618 -13.947413 -0.62041535 0.032072319 0.78361738 209.55158
0.76663579 0.071547998 0.6380834 -121.66299 -0.033069737 0.99685304 -0.072044495 -14.073708 -0.64123007 0.034130639 0.76658929 210.74934
0.75091366 0.073275863 0.65632254 -120.71669 -0.031630192 0.99667528 -0.075086097 -14.208993 -0.65964251 0.03562357 0.75073481 211.90246
0.73474629 0.073733097 0.67432284 -119.6899 -0.029674428 0.9966171 -0.076640576 -14.342886 -0.67769268 0.036301235 0.7344487 213.03596
0.71904269 0.074141948 0.69099967 -118.67765 -0.027637739 0.99655704 -0.078167862 -14.482673 -0.69441616 0.037108362 0.71861617 214.13948
0.70442411 0.075193417 0.70578509 -117.61416 -0.025386777 0.99640553 -0.080817914 -14.633893 -0.7093252 0.03901248 0.70380099 215.24855
0.68917731 0.076097989 0.72058566 -116.50569 -0.021755442 0.99619471 -0.084396707 -14.768464 -0.7242661 0.042487637 0.68821033 216.30748
0.67450564 0.07828821 0.73410697 -115.40754 -0.019840647 0.99592465 -0.087979725 -14.936292 -0.73800307 0.044777665 0.67331009 217.343
0.65947187 0.080965645 0.74735625 -114.28183 -0.018980073 0.99565924 -0.09111768 -15.092022 -0.75148963 0.045904672 0.65814599 218.35405
0.6430274 0.081354949 0.76150974 -113.11269 -0.017512057 0.99564364 -0.091580974 -15.258501 -0.76564296 0.045553475 0.64165083 219.39736
0.62774899 0.082871015 0.77399195 -111.9425 -0.018371897 0.99561721 -0.09169975 -15.420216 -0.77819903 0.043344727 0.6265202 220.33956
0.61020039 0.083879832 0.78779414 -110.7791 -0.020310967 0.99570882 -0.09028517 -15.588013 -0.79198674 0.039091187 0.60928559 221.32359
0.59094357 0.084770967 0.80224655 -109.54803 -0.022363042 0.9958028 -0.088750608 -15.744999 -0.80640291 0.034505929 0.590359 222.23573
0.57320525 0.085763074 0.81491127 -108.37098 -0.024047378 0.99583992 -0.087889579 -15.905111 -0.81905893 0.03078229 0.57288304 223.12424
0.55520436 0.089365928 0.8268989 -107.1431 -0.026272432 0.99559899 -0.089957863 -16.081806 -0.83129895 0.028220354 0.55510876 223.98358
0.53715024 0.092808038 0.83836521 -105.9287 -0.028692709 0.99536361 -0.0918042 -16.240644 -0.84299846 0.02525768 0.53732271 224.8005
0.51796452 0.093245549 0.85030463 -104.68954 -0.028733142 0.99537652 -0.091651484 -16.422085 -0.85491943 0.023040294 0.51824895 225.58478
0.49742477 0.091842684 0.86263171 -103.46138 -0.029025954 0.99558528 -0.089260567 -16.571225 -0.86702143 0.01936171 0.4978946 226.29747
0.47524155 0.089978085 0.87524245 -102.19199 -0.028652811 0.99581231 -0.086815119 -16.737859 -0.87938874 0.016179996 0.47582951 227.04078
0.45394344 0.088463214 0.88662819 -100.93667 -0.028609663 0.99599336 -0.08472729 -16.896447 -0.89057111 0.013095265 0.45465555 227.71898
0.43101042 0.08764734 0.89808012 -99.67058 -0.027890277 0.99608991 -0.083827299 -17.049762 -0.90191586 0.011082737 0.43176963 228.34226
