1.0 0.0 0.0 0.0 0.0 1.0 0.0 0.0 0.0 0.0 1.0 0.0
0.15452492 0.9874385 0.033653494 4.8134766 -0.98793423 0.15485018 -0.0072707995 6.3568115 -0.01238577 -0.032121178 0.9994071 0.013916016
0.31579542 0.9481913 0.03610745 11.038452 -0.94872725 0.31619623 -0.0058412435 2.4676514 -0.016950648 -0.03241036 0.9993309 -0.06188965
-0.15649211 0.98656654 0.045001492 16.865479 -0.98755187 -0.15591039 -0.016187828 0.5430908 -0.00894506 -0.046973012 0.9988558 -0.25317383
-0.3271055 0.94366795 0.050112814 20.246948 -0.94499713 -0.326673 -0.016841985 -3.8901367 0.00048720406 -0.052831434 0.9986024 -0.4937744
-0.78467375 0.6184935 0.049874943 21.73352 -0.6203205 -0.7838479 -0.038960665 -8.175659 0.014973053 -0.06151992 0.99799514 -0.6348877
-0.8599486 0.5064008 0.044268623 20.790405 -0.50797206 -0.85934705 -0.0374345 -11.727295 0.019119047 -0.054716367 0.9983175 -0.6557617
-0.99915075 -0.022281785 0.032963578 19.775635 0.020629175 -0.9984956 -0.04964468 -14.31543 0.0340149 -0.048951834 0.99822223 -0.7324219
-0.99851686 0.047683023 0.029114865 17.551025 -0.04906723 -0.99767864 -0.048846006 -15.412109 0.026705723 -0.050212078 0.99838173 -0.6689453
-0.9773248 -0.2072273 0.019724615 16.172363 0.20606925 -0.97653466 -0.049122334 -16.053467 0.029449355 -0.04396468 0.9985979 -0.70080566
-0.9954454 -0.093293466 0.010848463 15.833618 0.09278123 -0.99471766 -0.040755674 -15.708618 0.014594611 -0.039579604 0.99911 -0.6314697
-0.95198554 -0.30625013 0.005236741 15.57312 0.3058829 -0.9514522 -0.035614632 -15.754272 0.015875526 -0.032284096 0.9993523 -0.6246338
-0.97946507 -0.20141104 0.0024584606 15.323608 0.20119117 -0.97883946 -0.03632482 -15.523682 0.00972623 -0.035095308 0.9993369 -0.6125488
-0.91015184 -0.4135367 -0.0029470176 15.069336 0.4134082 -0.9096377 -0.03241121 -15.422363 0.010725684 -0.03073824 0.99947 -0.6173096
-0.9477765 -0.3178127 -0.0059276707 14.78125 0.31784037 -0.94728315 -0.030868066 -15.247192 0.0041949637 -0.031149216 0.9995058 -0.598999
-0.8548202 -0.5192766 -0.008128041 14.517822 0.51932216 -0.8545552 -0.021723468 -15.031982 0.0043333736 -0.022784928 0.9997309 -0.5930176
-0.8942254 -0.44492775 -0.009377703 14.286255 0.4450261 -0.89399576 -0.020284858 -14.886353 0.0006286411 -0.022336604 0.9997501 -0.58288574
-0.7882249 -0.6151439 -0.008086435 14.05542 0.6151918 -0.788096 -0.01447684 -14.552124 0.0025318274 -0.016398158 0.9998624 -0.57873535
-0.8333406 -0.551412 -0.009521723 13.748779 0.5514942 -0.83321875 -0.0142686 -14.40332 -7.2572846e-05 -0.017142832 0.99985284 -0.5756836
-0.713363 -0.6999823 -0.010245243 13.593018 0.70005685 -0.71326995 -0.011550297 -13.983643 0.0007733414 -0.015416574 0.99988073 -0.5776367
-0.76924235 -0.63874865 -0.0125812255 13.195923 0.6388716 -0.76912564 -0.013459619 -13.885132 -0.0010819752 -0.0183792 0.99983025 -0.5822754
-0.63928604 -0.7679961 -0.0132796485 13.0164795 0.7681094 -0.63922423 -0.009040292 -13.341309 -0.0015528183 -0.015988266 0.9998708 -0.57470703
-0.70484394 -0.7098604 -0.015741706 12.647705 0.71002144 -0.70479417 -0.009452753 -13.259399 -0.004370963 -0.017837873 0.9998313 -0.5802002
-0.56771547 -0.8224711 -0.016228274 12.472656 0.82262546 -0.56767505 -0.0074609406 -12.554932 -0.003086904 -0.017586786 0.9998404 -0.57385254
-0.6432225 -0.7661752 -0.015274912 12.081787 0.76632273 -0.64316136 -0.009279812 -12.529541 -0.0027077505 -0.017666377 0.99984026 -0.58410645
-0.5018963 -0.86521286 -0.01126937 11.926147 0.8652852 -0.50183195 -0.008172685 -11.61377 0.0014201663 -0.013844002 0.999903 -0.5736084
-0.5841615 -0.8110654 -0.0062274253 11.485596 0.8110796 -0.58409965 -0.009392589 -11.737183 0.0039785067 -0.010543108 0.99993634 -0.5913086
-0.4580061 -0.8892858 -0.00333433 11.669556 0.88925356 -0.45794812 -0.011046337 -10.813599 0.008297513 -0.008016621 0.99993336 -0.57458496
-0.53646857 -0.8444758 -0.0012244126 11.021484 0.84443676 -0.5364288 -0.01049191 -10.878906 0.008205468 -0.006658227 0.9999441 -0.5928955
-0.43768063 -0.8987753 -0.0007168553 11.35791 0.8987269 -0.43764848 -0.010770883 -9.873535 0.009366527 -0.005365613 0.9999416 -0.5720215
-0.4607569 -0.8876909 0.0010271482 10.684448 0.88765675 -0.46074882 -0.0083238445 -9.883789 0.007864236 -0.0029231645 0.9999648 -0.58251953
-0.4194454 -0.9079631 -0.0022419726 10.960571 0.9079481 -0.41942036 -0.0073059113 -8.816895 0.005692106 -0.0050983075 0.9999708 -0.55126953
-0.44821814 -0.8936576 -0.004514076 10.209351 0.89366347 -0.44819188 -0.005778894 -8.518555 0.0031379266 -0.006624167 0.9999731 -0.5675049
-0.3977817 -0.91746604 -0.0052048834 10.403198 0.9174794 -0.39776453 -0.004042871 -7.4140625 0.001642006 -0.006387205 0.9999782 -0.54296875
-0.42701504 -0.90420985 -0.0066182306 9.646973 0.90423393 -0.427008 -0.0025174501 -7.190674 -0.00055014715 -0.007055674 0.9999749 -0.56518555
-0.37772736 -0.9256999 -0.008239606 9.864136 0.92573446 -0.37772986 -0.001297819 -5.916626 -0.0019123205 -0.008120036 0.9999652 -0.5366211
-0.39483437 -0.91882604 -0.0088335965 9.139282 0.91886145 -0.39485073 0.000110759865 -5.6280518 -0.0035884515 -0.008077913 0.99996096 -0.555542
-0.36574483 -0.9308801 -0.01047753 9.286011 0.9309196 -0.36578664 0.0023363647 -4.394409 -0.0060028723 -0.008900529 0.9999424 -0.52648926
-0.36980316 -0.9292969 -0.013061505 8.553223 0.92932993 -0.36990142 0.0060512214 -4.109131 -0.010451081 -0.009908445 0.9998964 -0.55688477
-0.33809206 -0.940916 -0.015592497 8.749878 0.9409441 -0.3382522 0.009044325 -2.8529053 -0.013790783 -0.0116115045 0.99983746 -0.5325928
-0.33181894 -0.9430082 -0.014673094 8.025269 0.9429766 -0.3320007 0.012398797 -2.510376 -0.016563665 -0.009719517 0.99981546 -0.5563965
-0.31321013 -0.94969785 -0.015605978 8.245361 0.9496745 -0.31341147 0.012721648 -1.2851562 -0.016967503 -0.010837047 0.99979734 -0.53674316
-0.30264676 -0.9528295 -0.01562202 7.5390625 0.9528189 -0.30284142 0.012084474 -0.9359131 -0.016244851 -0.011219984 0.999805 -0.5650635
-0.28683472 -0.9578237 -0.015770365 7.749756 0.9578304 -0.28702283 0.011298928 0.32128906 -0.015350143 -0.01186494 0.99981177 -0.5422363
-0.2654394 -0.96417 -0.01595558 7.1029053 0.964201 -0.26561463 0.01007458 0.67041016 -0.0139434505 -0.012711336 0.999822 -0.57128906
-0.24267049 -0.9700786 -0.019664148 7.2801514 0.9701994 -0.24285875 0.0077965786 1.9331055 -0.012330903 -0.017190125 0.9997763 -0.55200195
-0.21072195 -0.9774171 -0.021505918 6.7374268 0.97758 -0.21092498 0.007633388 2.267334 -0.011989148 -0.019412434 0.9997397 -0.5755615
-0.18042478 -0.98335713 -0.023017593 6.88208 0.9835634 -0.1806289 0.007104192 3.5689697 -0.011145078 -0.02136534 0.9997097 -0.55407715
-0.14094612 -0.9897785 -0.02280145 6.54541 0.98998195 -0.1411518 0.007670502 3.935913 -0.010802346 -0.02148859 0.9997107 -0.571167
-0.112244345 -0.9935057 -0.02161976 6.627075 0.99370664 -0.11239446 0.005853965 5.2735596 -0.008238727 -0.020827277 0.9997491 -0.54992676
-0.07490707 -0.9969381 -0.02202 6.449707 0.99715775 -0.07503855 0.005210111 5.6726074 -0.006844769 -0.021568583 0.999744 -0.5593262
-0.04599811 -0.9986576 -0.022863615 6.4851074 0.9989173 -0.04603195 0.00094925985 6.979126 -0.0020073652 -0.02279554 0.99973804 -0.5397949
-0.006516221 -0.99979204 -0.019045662 6.430786 0.9999731 -0.0065019154 -0.0008122483 7.397949 0.0006825677 -0.019050883 0.9998182 -0.54626465
0.015018816 -0.9998185 -0.011761194 6.4891357 0.9998619 0.015101841 -0.007003627 8.668335 0.0071804784 -0.011655865 0.9999063 -0.52246094
0.059074525 -0.99824893 -0.0052721407 6.51709 0.9982046 0.059127383 -0.010499811 9.111084 0.010789553 -0.004642274 0.9999309 -0.5151367
0.07802223 -0.9969523 0.000951672 6.600342 0.9968073 0.07799451 -0.017149333 10.373779 0.017020442 0.0022868868 0.99985254 -0.48181152
0.11415892 -0.99338263 0.009634707 6.70459 0.9932604 0.11395514 -0.01955028 10.809814 0.018329024 0.011811247 0.99976236 -0.46740723
0.13314639 -0.9909833 0.014580136 6.8153076 0.990694 0.1326626 -0.03024852 12.055786 0.028034253 0.018476196 0.99943626 -0.42053223
0.17555523 -0.98434776 0.016921988 6.968872 0.98368376 0.17468852 -0.043553054 12.479126 0.03990221 0.024288794 0.9989081 -0.39990234
0.18354055 -0.983002 0.014739968 7.142578 0.9813367 0.18228817 -0.06280269 13.674194 0.05904774 0.025967369 0.99791634 -0.33911133
0.22537005 -0.97430617 0.010741675 7.32605 0.9716994 0.22392489 -0.07639695 14.160767 0.0720204 0.02765087 0.9970196 -0.3076172
0.24071576 -0.97042817 0.01064997 7.5178223 0.96691304 0.23887318 -0.08837773 15.254395 0.083225735 0.031593844 0.9960312 -0.22546387
0.27049252 -0.9626268 0.012400879 7.7614746 0.9588937 0.26825213 -0.09236325 15.886597 0.085614935 0.036874935 0.9956463 -0.1616211
0.29218665 -0.95615315 0.014282331 7.982422 0.9526645 0.2897618 -0.09099122 16.77246 0.082850896 0.04021382 0.99575144 -0.068237305
0.31486613 -0.9489323 0.018799257 8.261719 0.9460526 0.3121957 -0.086502284 17.53479 0.076240234 0.04502093 0.99607265 0.0072021484
0.33338052 -0.9422949 0.02676577 8.544678 0.9400957 0.33023685 -0.08334139 18.366089 0.06967773 0.05295641 0.99616355 0.084228516
0.34793636 -0.937041 0.030669184 8.839355 0.9350815 0.3444706 -0.08370028 19.131226 0.06786093 0.057776414 0.99601865 0.1541748
0.35937965 -0.932586 0.032159217 9.146851 0.93048686 0.35554698 -0.08766817 19.924194 0.07033412 0.061436683 0.9956302 0.22424316
0.37057847 -0.92816126 0.03288867 9.446777 0.9259773 0.3665089 -0.09018021 20.676025 0.071668565 0.063897476 0.9953815 0.28808594
0.38135618 -0.92399377 0.025229536 9.7491455 0.9212886 0.37774083 -0.09152697 21.423462 0.07503398 0.058169533 0.9954847 0.35827637
0.3930069 -0.91922706 0.023813706 10.068237 0.91665065 0.3895927 -0.08927156 22.182129 0.07278092 0.056916498 0.99572295 0.4189453
0.40300637 -0.91491663 0.025657225 10.391235 0.91236454 0.3993337 -0.09093999 22.930908 0.07292473 0.06005188 0.9955278 0.48828125
0.408682 -0.9122193 0.028440239 10.738525 0.909707 0.40465206 -0.09308191 23.687866 0.07342107 0.063932195 0.9952512 0.5588379
0.41410667 -0.9097878 0.027875038 11.071045 0.9070265 0.40990114 -0.09623953 24.42566 0.07612246 0.065150805 0.99496907 0.6220703
0.41323557 -0.91025823 0.0266215 11.4383545 0.9072303 0.40897974 -0.098525286 25.222046 0.0788041 0.064848796 0.994777 0.6855469
0.40968296 -0.9117165 0.029189736 11.789917 0.90879554 0.40519625 -0.099134125 26.017456 0.07855746 0.06715061 0.9946463 0.75512695
0.40451494 -0.91406536 0.027862394 12.140259 0.9111618 0.40025985 -0.09748967 26.820679 0.07794101 0.06483092 0.99484867 0.833374
0.39574808 -0.9179685 0.026286814 12.497437 0.9149909 0.39169767 -0.09662947 27.659546 0.078409545 0.062287346 0.994973 0.90771484
0.38700217 -0.92165905 0.024666078 12.849487 0.9185837 0.38313812 -0.09615576 28.513672 0.07917222 0.059875753 0.9950615 0.9827881
0.38138485 -0.92422086 0.022659723 13.1970215 0.92107433 0.3777513 -0.09527295 29.371948 0.07948008 0.05719447 0.9951934 1.0635986
0.37465367 -0.9269054 0.01911255 13.547607 0.9236684 0.37141314 -0.093670525 30.262817 0.07973571 0.052757736 0.99541974 1.1505127
0.37396437 -0.9273323 0.014943647 13.9001465 0.92411447 0.3712053 -0.09076475 31.15747 0.07860479 0.047748473 0.9957614 1.2265625
0.37363887 -0.9275975 0.012881264 14.264526 0.92446536 0.37114877 -0.0884456 32.073364 0.077241145 0.044960633 0.9959987 1.30896
0.37377536 -0.9274286 0.011709127 14.625977 0.92436963 0.37144405 -0.08681266 33.00879 0.076197274 0.043283053 0.996154 1.394165
0.37504283 -0.92692304 0.012235816 14.986816 0.92392343 0.37268984 -0.08636776 33.947388 0.07549728 0.04368259 0.9961877 1.4793701
0.37381896 -0.92737913 0.012287067 15.384888 0.9244348 0.37149635 -0.08566046 34.904663 0.07487105 0.043401577 0.99625 1.5592041
0.37354907 -0.9274523 0.013060302 15.776733 0.92460036 0.371205 -0.08484422 35.879883 0.07385274 0.0437771 0.9963085 1.6534424
0.37509564 -0.9268858 0.012588533 16.156006 0.92405015 0.3728029 -0.08438394 36.83911 0.07352066 0.043273274 0.9963537 1.7409668
0.3750956 -0.92696947 0.011638849 16.545776 0.9241961 0.3729318 -0.082982406 37.83191 0.07258015 0.041871734 0.99648255 1.8243408
0.375405 -0.92685294 0.0112248175 16.917725 0.9241032 0.37329203 -0.0824394 38.78418 0.07222589 0.041323952 0.99653226 1.9139404
0.37321377 -0.92772543 0.009717343 17.29712 0.92500716 0.3712706 -0.08108404 39.75757 0.071628384 0.03924307 0.9966588 2.0025635
0.3713869 -0.92837423 0.00994751 17.700806 0.9257576 0.36948416 -0.07974794 40.743774 0.07038136 0.03883805 0.99676484 2.0935059
0.36994317 -0.9288663 0.01154289 18.065674 0.9265265 0.36806044 -0.07657979 41.701538 0.06688753 0.039020132 0.9969967 2.1790771
0.36801088 -0.92976046 0.013061151 18.437988 0.9275583 0.36608148 -0.07535248 42.667236 0.065261565 0.03984333 0.9970723 2.2633057
0.36509627 -0.9310433 0.013089471 18.82434 0.92885894 0.36318582 -0.0749832 43.632812 0.06505088 0.039514102 0.997098 2.3433838
0.36263767 -0.9316874 0.013674933 19.17981 0.92953867 0.36070487 -0.074756406 44.58618 0.06470327 0.03983588 0.9971099 2.428833
0.36065134 -0.9326238 0.01358008 19.557007 0.93047374 0.35873422 -0.07462094 45.55066 0.06471625 0.03953396 0.99711925 2.5108643
0.36194843 -0.93195903 0.01194537 19.92212 0.92965543 0.36008042 -0.07603786 46.503906 0.06655965 0.03862499 0.9970342 2.5957031
0.36431614 -0.9312347 0.009267578 20.300537 0.9287145 0.362556 -0.07780277 47.45996 0.06908811 0.036952365 0.9969259 2.6878662
0.3693279 -0.92929333 0.007052362 20.648682 0.92666215 0.36768958 -0.07835621 48.389404 0.07020799 0.03545034 0.9969005 2.7729492
0.37553996 -0.92684263 0.0076209106 21.038208 0.92431253 0.37387937 -0.077359326 49.340332 0.068846 0.03608103 0.9969737 2.8515625
0.38100153 -0.9244673 0.011892848 21.416382 0.9223877 0.37920395 -0.07313721 50.28125 0.06310049 0.03883476 0.99725133 2.9437256
0.38687277 -0.9220366 0.00951257 21.801147 0.91998976 0.38527817 -0.07135557 51.215088 0.062131602 0.036352616 0.99740547 3.0239258
0.39288315 -0.9195241 0.008787673 22.193604 0.91729873 0.39122728 -0.07390255 52.149414 0.06451892 0.0370746 0.9972262 3.0999756
0.39705676 -0.9177409 0.008545604 22.579346 0.9153923 0.39533508 -0.07577292 53.064453 0.066167735 0.03790383 0.997088 3.1763916
0.4035578 -0.91484517 0.0063645914 22.962524 0.9123879 0.40194207 -0.07637357 53.973877 0.067319505 0.03663733 0.9970592 3.2559814
0.40586188 -0.91381717 0.0048893085 23.366943 0.9112807 0.4043242 -0.07680117 54.886475 0.068223685 0.035624057 0.9970337 3.3359375
0.40919042 -0.9122897 0.0049662674 23.762573 0.9098398 0.40767863 -0.075673774 55.78882 0.067020126 0.035504118 0.99712104 3.4176025
0.41308624 -0.91066855 0.009959676 24.171509 0.90889215 0.411538 -0.067882694 56.68799 0.05771688 0.037092064 0.9976436 3.4953613
0.41474485 -0.9098399 0.014747394 24.587036 0.90877855 0.41332772 -0.0576308 57.588135 0.04632611 0.03729436 0.9982295 3.5708008
0.41621676 -0.90913457 0.015219709 24.98816 0.9082328 0.41489142 -0.054521747 58.480713 0.043245614 0.036518324 0.99839693 3.6375732
0.41645786 -0.90898156 0.013988332 25.401611 0.9077921 0.41499266 -0.059795953 59.36377 0.04855083 0.037605435 0.9981127 3.6933594
0.4182175 -0.908221 0.011642277 25.806274 0.90663165 0.4166412 -0.06586299 60.235596 0.05496201 0.038113806 0.9977615 3.758789
0.41983652 -0.907356 0.016294643 26.216309 0.90577143 0.41786107 -0.069224976 61.104248 0.056010336 0.043809053 0.99746764 3.8233643
0.41877586 -0.9079064 0.019815769 26.634277 0.90647185 0.41660073 -0.069362834 61.98877 0.054717466 0.04699422 0.9973945 3.8986816
0.41850376 -0.9080862 0.020374535 27.039673 0.90683675 0.4164387 -0.06637903 62.87207 0.05178732 0.046247233 0.99758625 3.9666748
0.41685733 -0.9086423 0.020428196 27.432007 0.9076551 0.41503093 -0.061073292 63.74536 0.047029335 0.04400701 0.997924 4.0203857
0.41628617 -0.90895176 0.021205408 27.83252 0.9082725 0.41469568 -0.054830793 64.63037 0.04104692 0.04209471 0.99827063 4.07605
0.416249 -0.90921515 0.014056295 28.213379 0.908503 0.4151669 -0.04890206 65.50122 0.038624033 0.033120245 0.9987046 4.1342773
0.41306275 -0.9106338 0.0073473267 28.595825 0.9098946 0.41236904 -0.04440816 66.38696 0.037416473 0.025024287 0.9989862 4.179077
0.4112264 -0.91137207 0.01026328 28.988403 0.91072154 0.4104365 -0.04405143 67.2605 0.035940677 0.02747146 0.99897665 4.2261963
0.40857112 -0.9125157 0.014179102 29.372314 0.9118903 0.40756887 -0.046482548 68.13013 0.03663995 0.031927936 0.99881876 4.28479
0.4028788 -0.9151303 0.014005036 29.769775 0.914371 0.4017841 -0.0496533 69.00171 0.039824862 0.032811243 0.9986678 4.3259277
0.39493254 -0.91856015 0.019141601 30.141357 0.91790324 0.39357978 -0.051380992 69.87109 0.039650097 0.03786167 0.9984962 4.371826
0.38718635 -0.92163056 0.02610832 30.513794 0.92119 0.3855038 -0.052867528 70.73193 0.038649976 0.044530142 0.99826074 4.430176
0.3755371 -0.9264498 0.024745626 30.873901 0.9259547 0.37394252 -0.05219147 71.610596 0.039102748 0.04250867 0.99833024 4.482422
0.36457437 -0.9308988 0.022932146 31.19458 0.9304165 0.36316624 -0.049480416 72.48242 0.037737187 0.039377525 0.9985116 4.5249023
0.35122347 -0.93583304 0.025223888 31.538086 0.93555474 0.34988505 -0.04578822 73.36914 0.034025457 0.039691307 0.99863297 4.576294
0.33976758 -0.94006836 0.024964908 31.85559 0.9398068 0.3384907 -0.04451327 74.25537 0.033406157 0.038595807 0.99869657 4.6202393
0.32766524 -0.94454956 0.025951436 32.157227 0.9443385 0.3263926 -0.04363265 75.133545 0.032750435 0.038794395 0.99871 4.661865
0.31511918 -0.9485547 0.02869813 32.45923 0.948417 0.31373605 -0.044219427 76.02612 0.032935407 0.041163344 0.99860996 4.7094727
0.30193648 -0.95290786 0.027518243 32.73999 0.9525566 0.3004305 -0.048299644 76.9082 0.03776077 0.04078994 0.9984536 4.758423
0.29063267 -0.9565847 0.0270531 33.009033 0.9557752 0.28874412 -0.05807243 77.79028 0.047738098 0.04271937 0.9979453 4.8029785
0.2764073 -0.9605801 0.025036022 33.26477 0.95944804 0.27445972 -0.06222496 78.67676 0.052920893 0.04121332 0.9977473 4.8621826
0.2641703 -0.9641583 0.024507169 33.50122 0.9631701 0.2624089 -0.058600586 79.566895 0.050081473 0.03910695 0.99798036 4.909912
0.25140497 -0.9675412 0.026650669 33.738525 0.96679276 0.24969855 -0.05489125 80.45923 0.046453655 0.039564736 0.9981365 4.9769287
0.24164121 -0.9701157 0.022431472 33.95337 0.9691138 0.24008346 -0.05654402 81.359375 0.04947773 0.03541474 0.9981478 5.0343018
0.23483342 -0.97191435 0.017059896 34.15332 0.9704388 0.23338935 -0.061909966 82.25586 0.05620232 0.031100959 0.9979353 5.0893555
0.22852246 -0.97355944 0.009089081 34.357056 0.9715278 0.22741666 -0.067357324 83.159424 0.06351186 0.024217304 0.99768704 5.147827
0.22472984 -0.97436816 0.004615932 34.55591 0.9720768 0.2238713 -0.069763884 84.06763 0.066937454 0.020162845 0.99755305 5.2211914
0.22231996 -0.97503406 0.0036210907 34.751465 0.9727656 0.22154547 -0.06910286 84.97168 0.06657625 0.018893924 0.997603 5.2948
0.21625304 -0.976343 0.0012192847 34.944214 0.97405493 0.21566007 -0.06870029 85.8772 0.06681906 0.016048701 0.9976364 5.3692627
0.20976996 -0.97777575 0.0006737355 35.13733 0.9757227 0.20928629 -0.06491362 86.77075 0.06330977 0.014252202 0.99789065 5.4348145
0.20394309 -0.9789959 0.0026528183 35.32849 0.9771841 0.20339963 -0.061416205 87.68628 0.059583 0.01510982 0.9981085 5.4993896
0.19744451 -0.9803055 0.0016448968 35.51367 0.9787029 0.19702467 -0.05750789 88.58911 0.056066494 0.012968856 0.9983433 5.5738525
0.1919601 -0.98143905 -0.004664975 35.671997 0.9797838 0.19190861 -0.057326507 89.48926 0.057171002 0.006428644 0.9983438 5.6436768
0.18461578 -0.98277575 -0.011786798 35.831543 0.98103875 0.18499085 -0.058418155 90.3772 0.059569217 -0.00078445266 0.998223 5.6933594
0.17749196 -0.9840558 -0.0114167435 35.994385 0.9821459 0.17785925 -0.061285894 91.26807 0.06232239 -0.00034348515 0.99805516 5.7686768
0.16988042 -0.9854401 -0.008723324 36.156616 0.9833482 0.17008905 -0.06420837 92.14526 0.06475226 0.0023143883 0.997898 5.8394775
0.16290706 -0.98666525 -0.0099334065 36.29773 0.98471314 0.16321014 -0.062035576 93.04663 0.06281064 0.00031562638 0.9980245 5.9088135
0.15661965 -0.98760194 -0.009572527 36.43103 0.98597187 0.156911 -0.056733526 93.93042 0.057519786 -0.00054325606 0.9983442 5.9869385
0.14799152 -0.988965 -0.009633589 36.56482 0.98754245 0.1482951 -0.05304347 94.83667 0.053893145 -0.0016604626 0.9985457 6.05542
0.14146924 -0.98988193 -0.012137867 36.687378 0.98825574 0.1419339 -0.056851164 95.73242 0.05799884 -0.003951471 0.99830884 6.1140137
0.13447832 -0.9908708 -0.012197538 36.80896 0.98907 0.13497058 -0.059853893 96.62207 0.060940932 -0.004005418 0.9981333 6.171875
0.1269213 -0.9917843 -0.011804354 36.923096 0.9899898 0.12740259 -0.05978502 97.5166 0.060798846 -0.0040829224 0.9981421 6.232422
0.12119971 -0.99255216 -0.013508503 37.022705 0.9907895 0.121793985 -0.0594549 98.403076 0.060646802 -0.006181477 0.99813974 6.302124
0.112194546 -0.9936142 -0.009263676 37.12683 0.991879 0.11254602 -0.058753755 99.29346 0.05942836 -0.0025924426 0.9982295 6.3692627
0.1049338 -0.99445003 -0.005953331 37.234375 0.9927332 0.10510254 -0.05841636 100.187744 0.058710445 0.00022067735 0.99827486 6.4315186
0.097022116 -0.9952643 -0.0041136635 37.328247 0.993486 0.09709436 -0.059497282 101.09546 0.05961658 0.0016937703 0.9982202 6.4993896
0.088935375 -0.9959666 -0.010455839 37.403687 0.99426764 0.08939618 -0.058381602 101.997314 0.059088934 -0.005196852 0.9982396 6.563843
0.08387166 -0.9964135 -0.014324006 37.4718 0.9947953 0.08456318 -0.05753549 102.906006 0.05853694 -0.009439239 0.9982401 6.6173096
0.079486504 -0.9968067 -0.010778092 37.54431 0.9951699 0.079977505 -0.057431426 103.82788 0.058100693 -0.006171104 0.9982911 6.688843
0.073865786 -0.99722594 -0.0092831 37.613525 0.99558735 0.07427811 -0.05735949 104.72412 0.057898995 -0.005005449 0.9983102 6.751465
0.06939663 -0.9975535 -0.007226967 37.680542 0.99583054 0.06970168 -0.058686115 105.63281 0.05905559 -0.003123933 0.99825007 6.8043213
0.061845254 -0.9980716 -0.0012687044 37.76233 0.9964777 0.061818186 -0.056437887 106.534424 0.056398608 0.0022368631 0.9984058 6.8707275
0.058212053 -0.99829406 0.0069143204 37.80481 0.99684143 0.057748023 -0.05476585 107.4375 0.05427733 0.010073308 0.9984749 6.9299316
0.053272203 -0.99853426 0.009993125 37.861084 0.9972031 0.05266923 -0.053103358 108.34033 0.05251371 0.0127935745 0.9985385 6.9953613
0.047194134 -0.9988556 0.008193979 37.90735 0.99739337 0.0466736 -0.055094782 109.243164 0.0546372 0.010767693 0.9984477 7.0445557
0.04421915 -0.9989733 0.006715446 37.933594 0.9974076 0.043768466 -0.05667103 110.13452 0.056320276 0.009220651 0.9983707 7.10791
0.04379166 -0.9990399 0.0048724925 37.960327 0.9974459 0.043444276 -0.05687658 111.03223 0.05662233 0.0073409476 0.9983686 7.165161
0.041526258 -0.99912316 0.0046521365 37.993286 0.9976662 0.0412119 -0.054379676 111.91748 0.054148678 0.0069122105 0.9985096 7.225586
0.041706324 -0.99911225 0.0074041598 38.029175 0.99795556 0.04129451 -0.048978478 112.8103 0.048641015 0.009442539 0.99877226 7.286499
0.040632006 -0.99915314 0.006476816 38.069824 0.9982438 0.04031377 -0.043403104 113.704346 0.043105483 0.00822347 0.9990366 7.3483887
0.03949678 -0.9991965 0.006499715 38.095337 0.9983469 0.039189693 -0.0419899 114.591064 0.04171418 0.00815038 0.9990967 7.3930664
0.03907185 -0.99923253 0.006725648 38.120605 0.9982383 0.03872799 -0.04536344 115.46631 0.045056388 0.00848047 0.9989481 7.4454346
0.03784346 -0.99926144 0.0074563115 38.16382 0.9980682 0.037427124 -0.04969271 116.33789 0.04938998 0.0093212165 0.9987364 7.496826
0.0372228 -0.9992842 0.0055661383 38.1886 0.99807423 0.036900695 -0.049728714 117.21582 0.049476244 0.0074202283 0.9987478 7.543213
0.037225604 -0.9992959 0.0037044697 38.20508 0.9981739 0.03700697 -0.047652714 118.08447 0.047488224 0.005472792 0.998857 7.5996094
0.036734402 -0.99928665 0.0075319447 38.25183 0.9982139 0.03633928 -0.04721844 118.94922 0.046897274 0.0092615625 0.9988568 7.6535645
0.03611017 -0.99931365 0.0074303737 38.278442 0.9981353 0.03570044 -0.049381666 119.82837 0.049081314 0.009200508 0.9987525 7.7141113
0.03546024 -0.9993776 -0.0014171954 38.291626 0.99799496 0.03548545 -0.052558765 120.68457 0.05257603 0.00045819022 0.9986171 7.7541504
0.035243213 -0.999359 -0.0068692407 38.311035 0.99787545 0.035566926 -0.05466389 121.551025 0.05486069 -0.0049276873 0.9984816 7.810669
0.03518409 -0.999366 -0.0054425523 38.33545 0.99768245 0.035441462 -0.058091305 122.41284 0.058234178 -0.0033837473 0.9982969 7.866089
0.034666423 -0.999395 -0.0033459463 38.355835 0.99769795 0.0348019 -0.05823032 123.270996 0.058324404 -0.001311413 0.99829745 7.9313965
0.03397936 -0.99940497 -0.0047106226 38.382935 0.9975862 0.03420144 -0.060318895 124.103516 0.06045807 -0.002648389 0.9981677 7.9764404
0.031590346 -0.9995018 0.0021792413 38.410767 0.9978519 0.03141207 -0.057549704 124.96948 0.05746054 0.0040060333 0.99834037 8.04126
0.029534282 -0.9995212 0.00867046 38.43091 0.9981397 0.029029673 -0.053517066 125.81372 0.053235803 0.010222394 0.99852914 8.106201
0.027069211 -0.9995526 0.013163498 38.458374 0.9985302 0.026417194 -0.047442257 126.66455 0.047062322 0.014420932 0.9987874 8.167236
0.023366809 -0.9995319 0.019900165 38.47705 0.9986748 0.022423744 -0.046378925 127.499756 0.045904834 0.020947386 0.99872565 8.208252
0.019460917 -0.999658 0.017823126 38.48523 0.9985409 0.018532574 -0.050842285 128.30518 0.050497223 0.018787554 0.9985475 8.283081
0.012967766 -0.9997548 0.018247198 38.485962 0.9984764 0.011966466 -0.05395798 129.15698 0.05372722 0.018911012 0.99837625 8.322998
0.0036855328 -0.9997884 0.020211633 38.496826 0.998482 0.0025680074 -0.055006504 129.99634 0.054960907 0.020386837 0.9982807 8.372681
-0.0066403174 -0.9997495 0.021539671 38.488525 0.9986678 -0.007734298 -0.051098265 130.78491 0.051250182 0.021189753 0.99846154 8.424316
-0.017742401 -0.99943995 0.028730413 38.478516 0.99873513 -0.01907277 -0.04674245 131.58203 0.047243398 0.027862258 0.9984943 8.480347
-0.03203512 -0.99898493 0.031863097 38.448975 0.9982931 -0.03354227 -0.047931187 132.47827 0.048966784 0.030267555 0.9983416 8.549927
-0.04482496 -0.9984666 0.03326101 38.41626 0.9977339 -0.04643225 -0.049220487 133.20581 0.05070055 0.03098983 0.99823344 8.59729
-0.058896065 -0.9976408 0.035249677 38.36963 0.99699616 -0.060563322 -0.04827456 133.99487 0.050285786 0.032314792 0.9982124 8.64978
-0.07341063 -0.99648845 0.04022865 38.31299 0.9959478 -0.07535207 -0.04906833 134.82812 0.051933985 0.036476042 0.9979847 8.702759
-0.085660934 -0.9955679 0.037301105 38.239502 0.9945337 -0.08765865 -0.05569852 135.59058 0.058726884 0.032317072 0.99775046 8.756714
-0.09732282 -0.99487627 0.025958406 38.139404 0.9928967 -0.09884131 -0.0656355 136.32959 0.067871876 0.019356381 0.9975052 8.804199
-0.11223126 -0.9934578 0.022749742 38.04431 0.9907981 -0.11362707 -0.0740377 137.10962 0.07614241 0.014253641 0.9969962 8.863403
