1.000000000000000000e+00 4.398956837314658088e-19 2.733407509747682871e-20 -8.673617379884035472e-19 -5.583667658079949532e-19 1.000000000000000000e+00 -6.100159232558060012e-19 0.000000000000000000e+00 4.145284534913582806e-20 -2.210423569125054137e-19 1.000000000000000222e+00 0.000000000000000000e+00
9.999412096328972321e-01 -7.950703132426553818e-04 1.081411835165591376e-02 7.477771399162921884e-02 7.909765021901349466e-04 9.999996138963320735e-01 3.828339322036689789e-04 -1.434633511662550265e-03 -1.081441874300059433e-02 -3.742577046176219177e-04 9.999414524187570930e-01 2.987094241042377862e-01
9.998533209762470175e-01 -2.201714421017063675e-03 1.698496421171380444e-02 9.439558659075485136e-02 2.190291057270897252e-03 9.999973624756413049e-01 6.911314518739052580e-04 -5.667733815578043788e-03 -1.698644138082318344e-02 -6.538280508981028595e-04 9.998555062104534930e-01 5.343623248566817807e-01
9.997871067329545669e-01 -6.262198118896564539e-03 1.966026748217254011e-02 7.052572422042185929e-02 6.274716085506162541e-03 9.999801484031821674e-01 -5.750881827577448849e-04 -1.179492753896969892e-02 -1.965627621865186081e-02 6.983283759915189653e-04 9.998065528499354704e-01 9.244466723245642337e-01
9.998255093678602989e-01 -7.055839426735533576e-03 1.729641520846009195e-02 8.185070330171209663e-02 7.083043561776331855e-03 9.999737717340654308e-01 -1.512059996250018088e-03 -1.907356454310564498e-02 -1.728529300098870236e-02 1.634307454310328280e-03 9.998492624719242938e-01 1.179933040701997005e+00
9.998924092569064781e-01 -1.018090271885541478e-02 1.056026330938458942e-02 7.347094492622781303e-02 1.021698403642195586e-02 9.999421318943545467e-01 -3.368394613429463724e-03 -1.139851960620082150e-02 -1.052535909342807580e-02 3.475926295835969713e-03 9.999385654823630398e-01 1.534963013976297086e+00
9.999366099989138723e-01 -1.113649083201803842e-02 -1.659690647396758504e-03 4.989200007366875050e-02 1.112881998766815025e-02 9.999276679125848055e-01 -4.561610427574013318e-03 -2.953117010143310739e-02 1.710370957832521967e-03 4.542850916616646487e-03 9.999882184998022394e-01 1.842578698326045705e+00
9.997958098259052129e-01 -1.034818959175451587e-02 -1.735665910789964059e-02 7.625618427837915943e-03 1.026024556753382319e-02 9.999341090027639156e-01 -5.148300338751546530e-03 -3.496547537775865355e-02 1.740879134624486249e-02 4.969165558569312545e-03 9.998361072727002252e-01 2.157000295211163099e+00
9.993392907584482954e-01 -6.152035444133939837e-03 -3.582086465778526463e-02 6.089652513883558188e-03 5.959960023158272432e-03 9.999672979952111129e-01 -5.466425410541065136e-03 -3.760911917031642404e-02 3.585332350314617000e-02 5.249322790856277010e-03 9.993432762946827808e-01 2.513889919711754573e+00
9.984140632501294910e-01 -3.748390519392178020e-03 -5.617212606139039555e-02 -7.216751665319813547e-02 3.413303260552680903e-03 9.999758118495835069e-01 -6.060121393605262877e-03 -4.996689079316711524e-02 5.619348403104978962e-02 5.858777927992537757e-03 9.984027079318141817e-01 2.860086272969485144e+00
9.971372342422603063e-01 -2.947306389065532627e-03 -7.555560385188149486e-02 -1.117956839781358847e-01 2.487936236744623525e-03 9.999778500344268517e-01 -6.173298160691436526e-03 -5.463671249558246790e-02 7.557212620222254762e-02 5.967647916687258622e-03 9.971224805020527659e-01 3.207565429806865431e+00
9.953246253296655910e-01 -3.297415684192278075e-03 -9.652987605825033568e-02 -1.599196590727975653e-01 2.716754748486163717e-03 9.999774217047169289e-01 -6.146163061520899112e-03 -5.981285631848441697e-02 9.654796469926016367e-02 5.855179414561147849e-03 9.953111110003963757e-01 3.593939756136522057e+00
9.932444440894102611e-01 -4.167918693081503270e-03 -1.159659534178085899e-01 -2.199600174328766866e-01 3.575094116094155571e-03 9.999794601445917142e-01 -5.319585069626718392e-03 -7.257968093628003325e-02 1.159857450960944392e-01 4.869059058608061347e-03 9.932389438555315753e-01 3.990800270883850587e+00
9.910752058276096621e-01 -3.967057832832193362e-03 -1.332448811778200737e-01 -2.935514454159593445e-01 3.379806338973263477e-03 9.999835550389600813e-01 -4.633201414635749332e-03 -7.327592564730565916e-02 1.332610724528288104e-01 4.141509070098834538e-03 9.910723157078754619e-01 4.395036919591531088e+00
9.887465694792618720e-01 -2.863592775830979195e-03 -1.495727936138054603e-01 -3.821695859941921514e-01 2.293234031595741979e-03 9.999894280326689922e-01 -3.985586161512684467e-03 -7.829802567220080223e-02 1.495826280177771639e-01 3.597729121904027268e-03 9.887426835804900005e-01 4.811652635092232622e+00
9.866482645201143376e-01 -2.199120528812779744e-03 -1.628507454923442399e-01 -4.604247125698263110e-01 1.572049533166388919e-03 9.999908466647627892e-01 -3.979352302836480955e-03 -8.016318520895739097e-02 1.628580087568554380e-01 3.670211491078898512e-03 9.866426907520792211e-01 5.224036177145987558e+00
9.844878712234578222e-01 -3.479388903240255085e-03 -1.754181418712242313e-01 -5.558793874060239393e-01 2.614924173938808043e-03 9.999832736733867966e-01 -5.158928285973305924e-03 -9.382523036959825036e-02 1.754331607215251498e-01 4.620197070545744959e-03 9.844805029412505570e-01 5.686124406944058407e+00
9.828030968904476472e-01 -5.893284933891885201e-03 -1.845625669005330760e-01 -6.358130708226457095e-01 4.707310007593067808e-03 9.999653670572634656e-01 -6.863374604384585125e-03 -1.104512427322117546e-01 1.845966259692020106e-01 5.876552487268989211e-03 9.827968013040820905e-01 6.106872549323049348e+00
9.812011695110263165e-01 -5.371276074233667305e-03 -1.929129685703726282e-01 -7.431759519611921272e-01 3.836722852971839303e-03 9.999579665312469112e-01 -8.327347869108455911e-03 -1.191781188765162203e-01 1.929495915879265999e-01 7.430649768461855889e-03 9.811805345892649077e-01 6.547715858160480629e+00
9.796206651463316151e-01 -5.664381808551060757e-03 -2.007766575888856042e-01 -8.423356618973777410e-01 3.626610847634992741e-03 9.999381308377063293e-01 -1.051580644046249020e-02 -1.189607695834332263e-01 2.008238047167183737e-01 9.573362403687901007e-03 9.795805996247942682e-01 7.026049421497573277e+00
9.780795712698152622e-01 -6.464654343418174340e-03 -2.081311112833086896e-01 -9.460169483589268014e-01 3.839362581801349528e-03 9.999079283768617099e-01 -1.301514725946996062e-02 -1.395053831499357133e-01 2.081960903365447924e-01 1.193075877465032963e-02 9.780143383378183675e-01 7.504983500440463473e+00
9.762454560250137803e-01 -9.484831996501430842e-03 -2.164598033364234231e-01 -1.062821805944780262e+00 6.412964717981228455e-03 9.998685810951460917e-01 -1.488940602357901807e-02 -1.356091884788496182e-01 2.165725836791833614e-01 1.314756582137993277e-02 9.761779851103661310e-01 8.014039211301827947e+00
9.744514493914461228e-01 -1.520351827727499730e-02 -2.240830753529738373e-01 -1.172614728964189501e+00 1.194431404883692857e-02 9.998023529184542069e-01 -1.589303119112100982e-02 -1.624767409694920506e-01 2.242804198500940316e-01 1.281046857793475754e-02 9.744404478151135196e-01 8.549114723422491124e+00
9.723682062636719303e-01 -1.614396082333547852e-02 -2.328936296799006822e-01 -1.311916250143409401e+00 1.221852752680580023e-02 9.997580998927105833e-01 -1.828795404252624157e-02 -1.794044658096266287e-01 2.331325367236036228e-01 1.493700777930249621e-02 9.723302460436864525e-01 9.025229108916915877e+00
9.703900703955286033e-01 -1.259317561080199391e-02 -2.412146800887466358e-01 -1.459572709270375634e+00 7.533540104775329933e-03 9.997320789930791429e-01 -2.188643397540758831e-02 -1.855932897387317093e-01 2.414256774782915782e-01 1.942117770685937439e-02 9.702249540388108162e-01 9.559652375442281524e+00
9.682098413929398628e-01 -9.294175099737648701e-03 -2.499666376394555078e-01 -1.615339420158511174e+00 3.162027592034207663e-03 9.996843912604871374e-01 -2.492226806115066876e-02 -1.909534466060218705e-01 2.501193822166120628e-01 2.333958379428962768e-02 9.679336546894798943e-01 1.010234932752716119e+01
9.659028733550236723e-01 -1.221522750557084078e-02 -2.586163683385088730e-01 -1.778919615909900998e+00 5.351040252289073797e-03 9.996148921082460559e-01 -2.722928263250972564e-02 -2.238802662861772985e-01 2.588493894755425906e-01 2.491697573892126538e-02 9.655962610677503166e-01 1.067912968454683309e+01
9.635702288217685707e-01 -1.368046399841784007e-02 -2.671053302697083409e-01 -1.918711969570462639e+00 6.172111386022993175e-03 9.995623997555826978e-01 -2.892946634375727008e-02 -2.527396462122175613e-01 2.673842180405870406e-01 2.622696866139999361e-02 9.632330079712203563e-01 1.122384039492805563e+01
9.613608356930907206e-01 -1.356275587581035925e-02 -2.749570759048616808e-01 -2.099423056175732327e+00 5.066515929151065717e-03 9.994881655223047945e-01 -3.158698126260211375e-02 -2.689980233910251872e-01 2.752447546485130569e-01 2.897341232393164934e-02 9.609374943705156769e-01 1.179485241505429372e+01
9.591196926466912798e-01 -1.369900405493079329e-02 -2.826689772914230403e-01 -2.294823550811198931e+00 3.856610065028485534e-03 9.993676718086906829e-01 -3.534661357515331281e-02 -3.002398785819959115e-01 2.829744560003036868e-01 3.281148917906367979e-02 9.585660463331033831e-01 1.240336935857051159e+01
9.569475426760702952e-01 -1.479502861000874317e-02 -2.898836074592820999e-01 -2.501185351832697634e+00 3.211861871725938278e-03 9.991787039115159752e-01 -4.039308827609067870e-02 -3.361863335794623153e-01 2.902431490735028485e-01 3.772300055393317669e-02 9.562091253897848642e-01 1.299517736059904749e+01
9.550036560388759366e-01 -1.613147552301301760e-02 -2.961550110320468887e-01 -2.702531603162755314e+00 2.155011429431172559e-03 9.988708627261138062e-01 -4.745898763894277478e-02 -3.629913046234989338e-01 2.965861999612004474e-01 4.468528942576655699e-02 9.539600897347667585e-01 1.359291889983589918e+01
9.537608479779050574e-01 -1.636729706659793143e-02 -3.001205666316687504e-01 -2.896148492791132512e+00 -3.524547517853632208e-04 9.984546459486928205e-01 -5.557153716689019335e-02 -3.930648227219984414e-01 3.005663351094681190e-01 5.310773555790074263e-02 9.522811814662147656e-01 1.422931908298719073e+01
9.524518445226259900e-01 -1.685863913261665195e-02 -3.042223991900457891e-01 -3.125734726856981283e+00 -2.813181783490486133e-03 9.979389541835691491e-01 -6.410873351158083433e-02 -4.482385034860992823e-01 3.046761741068976792e-01 6.191631469863891069e-02 9.504413716308950377e-01 1.484532463169707484e+01
9.510759464525144757e-01 -1.526617014833943353e-02 -3.085797888578434844e-01 -3.331112867839424396e+00 -7.593186464922901426e-03 9.973218224078420624e-01 -7.274287628558781527e-02 -4.884748375230499318e-01 3.088638677874893657e-01 7.152710417457669445e-02 9.484128777060999438e-01 1.547454844953549902e+01
9.496762127986217994e-01 -1.504135037104309403e-02 -3.128719331210405019e-01 -3.556413648910799807e+00 -1.059799270832051908e-02 9.967315680177116777e-01 -8.008660216920851505e-02 -5.455010561488267129e-01 3.130539484753778190e-01 7.937215596551312757e-02 9.464128529930511124e-01 1.613379073063737579e+01
9.482268680468570743e-01 -1.293181657139187354e-02 -3.173303841244025647e-01 -3.797468384560293675e+00 -1.533987887012755284e-02 9.961396256707240049e-01 -8.643225246600561018e-02 -6.058481293728776862e-01 3.172231014984047692e-01 8.682519422736251213e-02 9.443679853146640379e-01 1.679087201208627889e+01
9.466613654233175801e-01 -1.153548951225800631e-02 -3.220235853028162731e-01 -4.050198251984235220e+00 -1.922930376992301391e-02 9.955555978349994728e-01 -9.219156945208246967e-02 -6.820761143381741665e-01 3.216558633434796199e-01 9.346648693602178926e-02 9.422322026017655450e-01 1.745821379257772321e+01
9.450133858795984887e-01 -1.024339737477601014e-02 -3.268711841860108547e-01 -4.301771132625296978e+00 -2.302740867467750405e-02 9.949442106634656113e-01 -9.775354775909395055e-02 -7.612532363718449435e-01 3.262199263231634339e-01 9.990540812113753166e-02 9.399997188205893028e-01 1.814249121611019433e+01
9.430274585375871821e-01 -7.563350313815085831e-03 -3.326289311411763649e-01 -4.544548500966295812e+00 -2.752297996151271617e-02 9.945417734713863922e-01 -1.006436604217700731e-01 -8.293251963030310314e-01 3.315745759839157092e-01 1.040646753728190071e-01 9.376720355518873840e-01 1.881414948010515431e+01
9.414417499886734708e-01 -6.710288747213083958e-03 -3.371088859710686392e-01 -4.816113260480481273e+00 -2.959456824061644162e-02 9.942988037030614512e-01 -1.024404728421445393e-01 -9.109208966791805251e-01 3.358743729010283396e-01 1.064183306307218413e-01 9.358758181221693562e-01 1.952015740401285981e+01
9.391056978991173532e-01 -6.614462797956935543e-03 -3.435647458181432801e-01 -5.071828045906318749e+00 -3.005692816139091117e-02 9.944014923281738749e-01 -1.013027794229013484e-01 -1.004709904682496324e+00 3.423113652412555497e-01 1.054605189164827678e-01 9.336492974714603044e-01 2.023646996608938409e+01
9.368939093976056398e-01 -6.316736226429992690e-03 -3.495567175891055034e-01 -5.369198192759438548e+00 -3.067844636262998664e-02 9.944945781886418423e-01 -1.001966410579171601e-01 -1.079788469654233252e+00 3.482651820905388607e-01 1.045974804106730299e-01 9.315421260487961597e-01 2.096505739603690444e+01
9.342483729945365578e-01 -6.129088420789814001e-03 -3.565703425311159136e-01 -5.646185971918256108e+00 -3.098316430696657076e-02 9.946767326391623421e-01 -9.827635054637734457e-02 -1.169346076825414693e+00 3.552745737565396467e-01 1.028621987392967507e-01 9.290852210487228202e-01 2.169311270700963945e+01
9.314428450035149298e-01 -6.238967816691085196e-03 -3.638341641659446069e-01 -5.960869490718998520e+00 -3.046984367854383563e-02 9.950044242337990896e-01 -9.506726242994668896e-02 -1.250942951822512139e+00 3.626097308030051258e-01 9.963569208329779714e-02 9.265996518149088867e-01 2.239348351687225502e+01
9.278414596553929972e-01 -2.267021346713586367e-03 -3.729679389275722956e-01 -6.266260324070064058e+00 -3.349939388626361342e-02 9.954333762086958748e-01 -8.938783004037249846e-02 -1.330058864499371385e+00 3.714673851201848453e-01 9.543193513572093001e-02 9.235284134333873185e-01 2.317930664811618868e+01
9.243309319481041175e-01 7.853908944257269103e-04 -3.815910224143592155e-01 -6.568621479105940075e+00 -3.558619649028819942e-02 9.958173577259142872e-01 -8.415113013948560816e-02 -1.419456962512633647e+00 3.799288786286938446e-01 9.136286614442509779e-02 9.204927359078157734e-01 2.391146404574690365e+01
9.208050036287367401e-01 4.240502942565332369e-03 -3.900002054898824011e-01 -6.907560520922180203e+00 -3.852906686599889136e-02 9.960388163252242855e-01 -8.013855142853543168e-02 -1.483709257212173727e+00 3.881155219110991039e-01 8.881832359653830944e-02 9.173209090307050673e-01 2.467578469334256752e+01
9.170324486215345461e-01 4.301302470119583790e-03 -3.987893976749743441e-01 -7.253220723607826770e+00 -3.867979427277638826e-02 9.961869700018749496e-01 -7.820098695919662501e-02 -1.563450474029874915e+00 3.969324424261512219e-01 8.713793485530814398e-02 9.137021504216532586e-01 2.541757202457514708e+01
9.131938233607521660e-01 4.573923278607415488e-03 -4.074998365598258010e-01 -7.626755975308712188e+00 -3.958323325810707283e-02 9.962044747980250969e-01 -7.752297780819530915e-02 -1.637139921544974452e+00 4.055985834435459902e-01 8.692366601564968653e-02 9.099088244155524308e-01 2.615420187575861988e+01
9.093360489126871560e-01 4.514906447315490158e-03 -4.160379336454816390e-01 -7.975774889797111911e+00 -3.991744132638940651e-02 9.962751299679577510e-01 -7.643600812726711324e-02 -1.710489193251227391e+00 4.141431520730773919e-01 8.611318784552977890e-02 9.061291143940477522e-01 2.693049841907334496e+01
9.054091894376313787e-01 4.892903968277583643e-03 -4.245117848830807783e-01 -8.357213461684130706e+00 -4.045059752159991390e-02 9.963785590188219965e-01 -7.478981444098374565e-02 -1.788399743027518030e+00 4.226085083609164017e-01 8.488714102030497921e-02 9.023282249614018591e-01 2.771190911959413228e+01
9.012528209273282798e-01 6.050814222649251312e-03 -4.332513550001668157e-01 -8.739764133861719131e+00 -4.137307598133033865e-02 9.965355442862231516e-01 -7.214691691047173117e-02 -1.864096840430890856e+00 4.313138346619181940e-01 8.294755398556806492e-02 8.983808118296248146e-01 2.850118810746247888e+01
8.976378618232317974e-01 6.459455749201059062e-03 -4.406864424102820421e-01 -9.108524777083639279e+00 -4.058300769849396833e-02 9.968560142393518841e-01 -6.805223306261948268e-02 -1.932630076697918531e+00 4.388613576420430928e-01 7.897064258950438342e-02 8.950778459119415054e-01 2.926155711164866702e+01
8.938477271933772395e-01 8.872499349105248886e-03 -4.482828518801483253e-01 -9.546477345292338157e+00 -4.118450452490008545e-02 9.972022171744975294e-01 -6.238248728620932049e-02 -1.985015737532044522e+00 4.464751728945204334e-01 7.422275189307603327e-02 8.917123454770898849e-01 3.006620515451670528e+01
8.900838274813922535e-01 7.359375835293993293e-03 -4.557374413690871706e-01 -9.963991596458093625e+00 -3.804175532575882618e-02 9.975805216421405053e-01 -5.818872535222079090e-02 -2.062860395732826646e+00 4.542065695888519716e-01 6.912989583656367620e-02 8.882102531245151811e-01 3.090396872467922407e+01
8.862247829799492216e-01 6.725385655651001764e-03 -4.632066481794273605e-01 -1.040745008796535132e+01 -3.688946559090559157e-02 9.977438874648580924e-01 -5.609191046719717855e-02 -2.124156735544733277e+00 4.617843700528959650e-01 6.679748708406922642e-02 8.844734566573939638e-01 3.170451207360405022e+01
8.831854743840594768e-01 6.088432170867051803e-03 -4.689843754657972430e-01 -1.086305157698238055e+01 -3.620135689557812259e-02 9.978177197113426988e-01 -5.522010551277964363e-02 -2.180285085708586479e+00 4.676247242716889962e-01 6.574746601709818838e-02 8.814785262829440970e-01 3.250627561456489190e+01
8.801259022363074891e-01 6.229151306646409265e-03 -4.746994727071483511e-01 -1.130594439729059353e+01 -3.586240365862967266e-02 9.979292195129126908e-01 -5.339626307660134963e-02 -2.233104085184984378e+00 4.733838690323931009e-01 6.401929848168412540e-02 8.785267476837254064e-01 3.332405898610933548e+01
8.772613084764823155e-01 4.954001821130133050e-03 -4.799875518468004199e-01 -1.178264798502022082e+01 -3.416054597130032539e-02 9.980556957466232282e-01 -5.213334199634358374e-02 -2.296843825303098274e+00 4.787960495651377157e-01 6.213120078290245568e-02 8.757248776512253086e-01 3.416998672137568605e+01
8.747872209837688207e-01 4.447023020860141340e-03 -4.844868804450565558e-01 -1.226672928507824345e+01 -3.362305979873569939e-02 9.981043393949987630e-01 -5.154820647478932510e-02 -2.360694603607664366e+00 4.833392299988644170e-01 6.138364376865352440e-02 8.732784444998219486e-01 3.498323032912158936e+01
8.725529599347624510e-01 4.171215713813756186e-03 -4.885017178389549630e-01 -1.274487490709668158e+01 -3.382782662390763223e-02 9.980791758030722605e-01 -5.190026044776584885e-02 -2.422125534076600584e+00 4.873469131137009858e-01 6.181067741923389897e-02 8.710180429314211548e-01 3.584788693796308223e+01
8.710425892733003606e-01 4.238528051385958076e-03 -4.911892077063038653e-01 -1.325035452203445985e+01 -3.435734960999930337e-02 9.980394419383673554e-01 -5.231486332323353333e-02 -2.476500078268887961e+00 4.900044731515451613e-01 6.244443347146185624e-02 8.694804849698359872e-01 3.670253751427437550e+01
8.703102324228884079e-01 4.851098410902241788e-03 -4.924800111429205041e-01 -1.373162556729820771e+01 -3.468111273264060102e-02 9.980728383440334861e-01 -5.145706795293101404e-02 -2.542050945007594098e+00 4.912813076930857004e-01 6.186336767914821233e-02 8.688012460838547835e-01 3.758875605814585441e+01
8.703351398057501687e-01 4.244115265617314295e-03 -4.924415976516065552e-01 -1.425547112856152232e+01 -3.313612564666201105e-02 9.982013121442840919e-01 -4.996136177651152449e-02 -2.606895517365511061e+00 4.913438155998128831e-01 5.980073554569848016e-02 8.689103127752921818e-01 3.847505753395972761e+01
8.699967531053012237e-01 2.536262118671773428e-03 -4.930509224666454471e-01 -1.476339329005936918e+01 -3.102951698000970537e-02 9.982861971242036336e-01 -4.961691004470807770e-02 -2.655414659973853730e+00 4.920800973503888232e-01 5.846568270261912059e-02 8.685844498367073507e-01 3.938479350633367204e+01
8.694650750506999204e-01 1.752002467565789588e-03 -4.939913045017133020e-01 -1.528261337864505442e+01 -3.038943122386399479e-02 9.982894106605173512e-01 -4.994732311449345818e-02 -2.723707426586702507e+00 4.930587888880855196e-01 5.843956790704706028e-02 8.680310204024077603e-01 4.026380684089433970e+01
8.681275257060376838e-01 8.953925943549158242e-04 -4.963403998382341920e-01 -1.580652334762665312e+01 -2.987896935172286092e-02 9.982790810423584071e-01 -5.045912796974658110e-02 -2.778917794932345142e+00 4.954410660253007470e-01 5.863509760216713967e-02 8.666603026821816380e-01 4.117027722613172358e+01
8.664904326560765035e-01 -1.282372370561773046e-03 -4.991920278974088521e-01 -1.633179647439148852e+01 -2.659180382275277282e-02 9.984583032110099232e-01 -4.872261039351069578e-02 -2.844541925950304861e+00 4.984849142564196645e-01 5.549209229946199667e-02 8.651204672334047441e-01 4.209269821994681848e+01
8.650391160751277342e-01 -1.132647200798228603e-03 -5.017031391213757630e-01 -1.689798445960061812e+01 -2.502205428366522863e-02 9.986555680650431865e-01 -4.539772258199502308e-02 -2.908743260360942884e+00 5.010800616274161401e-01 5.182444902319866681e-02 8.638477893966184373e-01 4.301809355200109053e+01
8.620990962322904183e-01 -5.266297549523468692e-04 -5.067394457486660286e-01 -1.743888533910975625e+01 -2.345966805876332356e-02 9.988857806340177836e-01 -4.094925230234095631e-02 -2.973282287888062925e+00 5.061964006573436148e-01 4.719025257100668835e-02 8.611261748665871574e-01 4.392853801644985623e+01
8.581097127121151136e-01 -1.532530734512211083e-03 -5.134640855183433272e-01 -1.798695354129606017e+01 -2.159928809267332162e-02 9.990026616956553251e-01 -3.907880138859974595e-02 -3.031893057605935304e+00 5.130118864207173779e-01 4.462435769252307699e-02 8.572207861653809990e-01 4.483747696263807825e+01
8.530163568684575592e-01 -3.838219505571874215e-03 -5.218700582047040015e-01 -1.854089330674398539e+01 -2.046422546404694232e-02 9.989578823319010814e-01 -4.079662778714903543e-02 -3.087600178684497987e+00 5.214828035936478479e-01 4.547985729519834347e-02 8.520488679859540282e-01 4.574081594855349664e+01
8.472160051811620241e-01 -7.716731249838234413e-03 -5.311925141761613123e-01 -1.912738991509350939e+01 -1.865641792275755592e-02 9.988455574205472587e-01 -4.426613289291646963e-02 -3.155953151569824922e+00 5.309208819171432614e-01 4.741312578228923380e-02 8.460939771237058205e-01 4.662943961287213313e+01
8.407697341799422741e-01 -7.491159790329938485e-03 -5.413410486089511586e-01 -1.969735189105995232e+01 -1.917785314334292598e-02 9.988646306243634809e-01 -4.360802297473367894e-02 -3.206912580424345904e+00 5.410531105507991878e-01 4.704606496905978930e-02 8.396714863599210599e-01 4.751055457836092444e+01
8.350371331741417436e-01 -4.184182829152224142e-03 -5.501776739871384603e-01 -2.028518027309444705e+01 -2.061058827151639183e-02 9.990313176173865051e-01 -3.887968759815201014e-02 -3.263054565602496737e+00 5.498074157648301652e-01 4.380546829958505833e-02 8.341420097085142649e-01 4.842050211641539903e+01
8.298447987175112672e-01 -8.125169422133606077e-04 -5.579936772199890482e-01 -2.088205878813944594e+01 -2.161918841552118789e-02 9.992012744495466503e-01 -3.360690215019907640e-02 -3.327446629049766180e+00 5.575753092050245163e-01 3.995188326259777045e-02 8.291644152925538025e-01 4.927455599379035789e+01
8.257523069214354194e-01 -7.825058459029025915e-04 -5.640323653276817506e-01 -2.151289194607316801e+01 -2.290869534192587625e-02 9.991273434427326849e-01 -3.492482364555266061e-02 -3.379723150358148853e+00 5.635674973807918153e-01 4.176049919566152124e-02 8.250137833517666719e-01 5.017395251648905230e+01
8.223924256394390397e-01 -1.829581464969989423e-03 -5.689176958258352901e-01 -2.213703861667400119e+01 -2.503511822604485154e-02 9.989097833767999202e-01 -3.940161895518513868e-02 -3.425422740411123268e+00 5.683695505631575218e-01 4.664651468535910284e-02 8.214500367474221187e-01 5.103177263654554707e+01
8.194517531867280269e-01 -4.993458072941813278e-03 -5.731264112178197090e-01 -2.274518811394475648e+01 -2.595208366342409076e-02 9.986131574611072370e-01 -4.580667139755718875e-02 -3.505158529942433265e+00 5.725603186853849280e-01 5.241018173244273159e-02 8.181857127892656623e-01 5.187340862953625731e+01
8.163378823267510853e-01 -5.000211074771268235e-03 -5.775529874707956424e-01 -2.337296898266781042e+01 -2.754924684123186140e-02 9.984872684049979075e-01 -4.758375646902407441e-02 -3.553370769744909285e+00 5.769172435796834364e-01 5.475557279707708724e-02 8.149652309706406639e-01 5.277164053709885394e+01
8.129560010314116347e-01 -4.785067415645112565e-03 -5.823054499035356102e-01 -2.398485324684590125e+01 -2.563122226524938707e-02 9.987030965017309470e-01 -4.399051635059352677e-02 -3.632604007028346516e+00 5.817607635375966479e-01 5.068755461904469323e-02 8.117790292306339417e-01 5.362486112439034258e+01
8.095559211039035086e-01 -1.592559443221141331e-03 -5.870406014304396791e-01 -2.465931977880136827e+01 -2.594735894892970934e-02 9.989219486093444678e-01 -3.849253433322618462e-02 -3.674393253636436096e+00 5.864690532511048771e-01 4.639401219557987011e-02 8.086418563208673804e-01 5.450166372544502025e+01
8.068274858322577181e-01 -1.586964134046143929e-03 -5.907849718297215613e-01 -2.530464077190451988e+01 -2.437482167444977865e-02 9.990554941466638361e-01 -3.597204095536418039e-02 -3.733894555372508250e+00 5.902840684820028772e-01 4.342350957493028990e-02 8.060267514024151980e-01 5.535147661601491365e+01
8.039626666246942888e-01 -6.061621389155266932e-04 -5.946794568902593614e-01 -2.594755710786762748e+01 -2.578908544679336598e-02 9.990231806466219888e-01 -3.588325030724374282e-02 -3.791217969519452335e+00 5.941203237984538088e-01 4.418503280879202549e-02 8.031617087916338438e-01 5.620013740196237961e+01
7.999902951734518819e-01 -1.519528093833729006e-03 -6.000110096965244333e-01 -2.657766563459144038e+01 -2.623453806508171601e-02 9.989518940960337989e-01 -3.750816370980265824e-02 -3.845992406522198426e+00 5.994391396568538033e-01 4.574717851889013170e-02 7.991119573377762908e-01 5.706696889098333259e+01
7.962568035692938473e-01 -4.048794683272446092e-03 -6.049452066291310937e-01 -2.723971339178915585e+01 -2.530490633722472932e-02 9.988794904894618965e-01 -3.999281487817971797e-02 -3.909983329195388713e+00 6.044292928866483727e-01 4.715263263193390786e-02 7.952621367178138723e-01 5.792030405312007701e+01
7.921156344263705629e-01 -4.793993639777126975e-03 -6.103522197872806032e-01 -2.790888531691770780e+01 -2.520569761945232884e-02 9.988592309008718084e-01 -4.055748634011394765e-02 -3.954599010474019405e+00 6.098503916790988244e-01 4.751057241398459752e-02 7.910911782811016479e-01 5.876562814855287087e+01
7.873214679618321110e-01 -5.389923612524441347e-03 -6.165191380272199151e-01 -2.857027224060901816e+01 -2.402614874398796910e-02 9.989340086150844122e-01 -3.941561433199552988e-02 -4.018445126962006064e+00 6.160743917094855249e-01 4.584533972772953520e-02 7.863526918098828755e-01 5.962520113347106587e+01
7.826226855723830145e-01 -5.396090251287066764e-03 -6.224729768039501954e-01 -2.925556749591163808e+01 -2.388705624210892692e-02 9.989656129876288704e-01 -3.869254006654714029e-02 -4.080477453355396023e+00 6.220378980050269568e-01 4.515070649069222175e-02 7.816842549845270938e-01 6.045026150142184207e+01
7.772374594667894598e-01 -5.299504504006241276e-03 -6.291850596756559666e-01 -2.994910331359317723e+01 -2.497044141224281574e-02 9.989169831597799476e-01 -3.925987592093731215e-02 -4.144653479200797186e+00 6.287117103896895376e-01 4.622527476014390985e-02 7.762633681168392696e-01 6.128416283896442707e+01
7.718540033173535431e-01 -7.070976459521088366e-03 -6.357604825529710180e-01 -3.067207906191734423e+01 -2.401223336725152868e-02 9.989005780176049010e-01 -4.026223949065307894e-02 -4.195778730602286011e+00 6.353462178054046783e-01 4.634259967315773610e-02 7.708356210054173596e-01 6.211804092025374047e+01
7.668199964735640251e-01 -8.112957562451559787e-03 -6.418109262970261852e-01 -3.136800976828203602e+01 -2.394289931639277322e-02 9.988626525331354422e-01 -4.123274172467680798e-02 -4.267271074063454073e+00 6.414154948089051400e-01 4.698490512098933702e-02 7.657536088586887058e-01 6.295323531469816913e+01
7.606183134488420094e-01 -9.619784158879306560e-03 -6.491280559497948355e-01 -3.207210470866561991e+01 -2.324069640754005892e-02 9.988458059555692659e-01 -4.203481886215272578e-02 -4.311661667781272023e+00 6.487832132850213096e-01 4.705864097116406464e-02 7.595168427401817191e-01 6.377319010540822575e+01
7.546508905399750278e-01 -1.107698078660768366e-02 -6.560330218591188256e-01 -3.280063798786014218e+01 -2.286204034125530540e-02 9.988064115227275330e-01 -4.316340408682529245e-02 -4.377734861875540950e+00 6.557281199079160183e-01 4.757155460789909418e-02 7.534969064625619550e-01 6.458713590528681436e+01
7.484700801226131794e-01 -1.224429629943957036e-02 -6.630555090443945865e-01 -3.355600988321461386e+01 -2.183493726179340857e-02 9.988324493364947321e-01 -4.309261775263743127e-02 -4.442660234132912223e+00 6.628090083550942646e-01 4.673131035437869119e-02 7.473288508639395200e-01 6.543017194770578726e+01
7.423214420329629082e-01 -1.209932662488062347e-02 -6.699346793065272809e-01 -3.429969876317591115e+01 -2.125026613490364757e-02 9.989088736253239897e-01 -4.158711842407653014e-02 -4.501678094219614401e+00 6.697068835890219729e-01 4.510729977735663393e-02 7.412543625497443056e-01 6.625016812428938806e+01
7.360449092677079364e-01 -1.278423999411184946e-02 -6.768119725093830752e-01 -3.505057709289553003e+01 -2.024204811357334724e-02 9.989588850452424396e-01 -4.088282662042307114e-02 -4.570066725224882553e+00 6.766300009828195572e-01 4.379165673499453570e-02 7.350198236456452205e-01 6.706905319621537842e+01
7.294575255000610436e-01 -1.425889583862490276e-02 -6.838774697252471002e-01 -3.584475151736825893e+01 -1.940357721642185437e-02 9.989490365280241368e-01 -4.152497614542141613e-02 -4.623412977718984074e+00 6.837508515908258255e-01 4.356037544206885909e-02 7.284142196513001544e-01 6.786580031743278596e+01
7.231910124752091162e-01 -1.606590193046099346e-02 -6.904611772804071235e-01 -3.660285654549892342e+01 -1.864397902153383524e-02 9.989109381960552536e-01 -4.277078008529679870e-02 -4.689403365042371874e+00 6.903963854543624379e-01 4.380438726285807577e-02 7.221038813884678165e-01 6.865865221143786812e+01
7.170235461130795018e-01 -1.534444469697516210e-02 -6.968800278685147731e-01 -3.737071875899732731e+01 -2.022295027881626170e-02 9.988788996560483691e-01 -4.280159036788026145e-02 -4.753432162982438314e+00 6.967555340858370139e-01 4.478271806620996720e-02 7.159093817960687778e-01 6.946373113436759184e+01
7.118690353713066354e-01 -1.522110458536369421e-02 -7.021472674818940440e-01 -3.819555650308252837e+01 -2.018324939244878560e-02 9.989088026921389973e-01 -4.211698448940033590e-02 -4.816375886673401219e+00 7.020221654113443233e-01 4.415339032829800753e-02 7.107850354233403722e-01 7.026308062580822877e+01
7.071691419113712573e-01 -1.597556170067266149e-02 -7.068639026146843474e-01 -3.900423842275723985e+01 -1.957874793408920580e-02 9.989188763042889940e-01 -4.216338726072476478e-02 -4.873972887056059022e+00 7.067732912891269148e-01 4.365615635156857438e-02 7.060918240830830195e-01 7.105996402434040249e+01
7.020410733398072534e-01 -1.530086535803312775e-02 -7.119720538054534753e-01 -3.981603974338808172e+01 -2.145225399600406493e-02 9.988610463795385419e-01 -4.261937189826212058e-02 -4.947976375393862369e+00 7.118132762082839404e-01 4.519395472767647609e-02 7.009132440580615464e-01 7.184486533784217954e+01
6.968048717617536525e-01 -1.783806004266482240e-02 -7.170388864745884661e-01 -4.067355112301935094e+01 -2.043854895600613619e-02 9.987909495343929578e-01 -4.470911403993784589e-02 -4.999949822471283944e+00 7.169694865046184473e-01 4.580876266182553475e-02 6.955978164410105968e-01 7.263629363338466760e+01
6.916769395833683998e-01 -2.043066579308776276e-02 -7.219179935687602967e-01 -4.150526979105740821e+01 -2.024149855517774765e-02 9.986586865199904572e-01 -4.765616020662003655e-02 -5.067680687567915676e+00 7.219233347676372592e-01 4.757536888387557672e-02 6.903356376921294668e-01 7.342496051504352295e+01
6.868098348451561197e-01 -2.031912402527222966e-02 -7.265530773021652289e-01 -4.235644559629187711e+01 -2.217620222612626604e-02 9.985579874646551835e-01 -4.888928062637131616e-02 -5.142119921270979610e+00 7.264987785435983447e-01 4.968982655468449916e-02 6.853688464603523434e-01 7.421933975529123018e+01
6.817746003945338584e-01 -2.047243255964403125e-02 -7.312757782271406271e-01 -4.322318922907140148e+01 -2.087940650913139642e-02 9.986566077899537985e-01 -4.742394051638443991e-02 -5.219270612561749623e+00 7.312642840818034395e-01 4.760104214732963079e-02 6.804312584826319732e-01 7.501080796325375388e+01
6.768193472005025191e-01 -2.084106606645742127e-02 -7.358540692043171738e-01 -4.408790901180135080e+01 -1.940373521442241220e-02 9.987467968503832561e-01 -4.613383651008629016e-02 -5.280230287314878979e+00 7.358933855986454775e-01 4.550259041186955483e-02 6.755667615590699171e-01 7.576641963425196025e+01
6.720772296421199110e-01 -2.138787098732797265e-02 -7.401721058011633270e-01 -4.493404023939015701e+01 -1.916534738496869505e-02 9.987454845722076868e-01 -4.626171782307650360e-02 -5.359975814706639419e+00 7.402330008999471467e-01 4.527710246611944822e-02 6.708241934413988750e-01 7.654037686341851554e+01
6.669396331572754466e-01 -2.142865389773699475e-02 -7.448035500941296849e-01 -4.579880666640403319e+01 -1.969090396681079727e-02 9.987303921964674203e-01 -4.636671257344984060e-02 -5.422285939333636229e+00 7.448515307828388332e-01 4.558965323341490627e-02 6.656709328647762991e-01 7.732522721188605885e+01
6.625290897242396282e-01 -2.227284341599207115e-02 -7.487049588005205703e-01 -4.669854663201019918e+01 -1.887577904160090900e-02 9.987439198182056499e-01 -4.641430405277603005e-02 -5.499843493734711153e+00 7.487983167871736789e-01 4.488321575477764724e-02 6.612764838356866015e-01 7.811846113085871934e+01
6.588822386450614577e-01 -2.419211555486150411e-02 -7.518569855234255028e-01 -4.762954647032572097e+01 -1.590736018468616453e-02 9.988111578218261677e-01 -4.607848657708576989e-02 -5.567661764760647003e+00 7.520778952794590078e-01 4.232035601135906988e-02 6.577141000002314497e-01 7.887147756154548972e+01
6.548289067295216537e-01 -2.649233618119300332e-02 -7.553126825921818721e-01 -4.849434578045927680e+01 -1.398807184445410336e-02 9.987894317970826830e-01 -4.715935532188423457e-02 -5.635899172726331230e+00 7.556476996139881441e-01 4.144667689331027471e-02 6.536656160264462390e-01 7.963755370571536218e+01
6.504619576483038346e-01 -3.039313066604520941e-02 -7.589304899782824965e-01 -4.941058330926743025e+01 -1.142767217098039287e-02 9.986943582963563326e-01 -4.978942685390340406e-02 -5.722037278704932284e+00 7.594528683463862562e-01 4.105893663440293023e-02 6.492653657128319988e-01 8.042112464726261578e+01
6.455267797830440690e-01 -3.483110889780124952e-02 -7.629429596580136197e-01 -5.032455706880399049e+01 -7.461300880643534361e-03 9.986242145489764299e-01 -5.190382554821190708e-02 -5.794167583361519824e+00 7.637011948195981947e-01 3.919785605671526757e-02 6.443787891100218879e-01 8.120523042645750422e+01
6.389605172028405278e-01 -3.794646445745780694e-02 -7.683030081991686355e-01 -5.123284406812103242e+01 -2.754275774534310859e-03 9.986632826712806832e-01 -5.161455028276921292e-02 -5.868905802195646615e+00 7.692346072379893096e-01 3.509577778227672418e-02 6.380018936497967585e-01 8.196434353145532725e+01
6.309864383080948658e-01 -4.184697755985673784e-02 -7.746644009446908008e-01 -5.215436266642213781e+01 2.486967958400298443e-03 9.986481111825680212e-01 -5.192075695972467320e-02 -5.953498321766859114e+00 7.757898809591152745e-01 3.083472759836248384e-02 6.302374879704809585e-01 8.270837240048753358e+01
6.218613681751385958e-01 -4.352003640346752827e-02 -7.819171528757047351e-01 -5.312212993436306618e+01 5.859640463004777908e-03 9.986853029183053732e-01 -5.092475159011617541e-02 -6.023187730146538854e+00 7.831054292542932727e-01 2.708638190474960475e-02 6.212988217061083951e-01 8.345181456279692611e+01
6.126680829045862975e-01 -4.199236656472203622e-02 -7.892239542123541396e-01 -5.409328560456913237e+01 6.402974786633185318e-03 9.988184493577321188e-01 -4.817371807696085861e-02 -6.096787502330039743e+00 7.903143882325807112e-01 2.446111798451704872e-02 6.122130617035029809e-01 8.422557660717455974e+01
6.039908038265718870e-01 -4.245013578926371683e-02 -7.958599645967390224e-01 -5.509184292486729362e+01 6.602887744336231532e-03 9.988127730012041905e-01 -4.826433817548814176e-02 -6.178176305603848562e+00 7.969639396464767156e-01 2.389624195796283268e-02 6.035540242293960800e-01 8.493706400478514240e+01
5.946755790923362595e-01 -4.251775321874111391e-02 -8.028406968300187962e-01 -5.604788346796204479e+01 3.544675014175767067e-03 9.987295617846247975e-01 -5.026626778643569077e-02 -6.242837411752183208e+00 8.039579599922638264e-01 2.704631212344495508e-02 5.940707932484736720e-01 8.566632569018180732e+01
5.841933906094776141e-01 -4.512401468032844337e-02 -8.103591140085273370e-01 -5.704948881717088938e+01 5.508007044552852387e-03 9.986506750692009104e-01 -5.163807721283810576e-02 -6.338621301887636506e+00 8.115958076364406804e-01 2.570315926360432907e-02 5.836536684245701156e-01 8.637180963231097053e+01
5.748203558387054990e-01 -4.584293910715613735e-02 -8.169944744332373610e-01 -5.806146837891697743e+01 4.030307465204076116e-03 9.985759495988413281e-01 -5.319614160878158998e-02 -6.403035889871907749e+00 8.182697147476847288e-01 2.728548568998704141e-02 5.741865449598165805e-01 8.706961047595353875e+01
5.647878981097617102e-01 -4.793840629193680397e-02 -8.238425377271669792e-01 -5.908260674027243908e+01 8.906536256992272568e-03 9.986072706647814989e-01 -5.200185147615628972e-02 -6.483498477714217501e+00 8.251880482096282110e-01 2.203243247905540755e-02 5.644282677397005621e-01 8.776293840939619884e+01
5.543637059324701966e-01 -4.714481510975716827e-02 -8.309381657939700627e-01 -6.010672604228508220e+01 8.651980460371039988e-03 9.986668373361825557e-01 -5.088900873424224286e-02 -6.574152908056388078e+00 8.322295573544966629e-01 2.102175820199792683e-02 5.540325461169037791e-01 8.847252283111923532e+01
5.441136721541064425e-01 -4.788458778874459670e-02 -8.376439370397298356e-01 -6.114765333317384943e+01 9.576149514024965767e-03 9.986594363582040890e-01 -5.086872813891767098e-02 -6.655150336280560630e+00 8.389568646203275915e-01 1.965696637076895167e-02 5.438428042900939063e-01 8.912708921394268202e+01
5.337804257015663634e-01 -4.807413622790332464e-02 -8.442554836124077644e-01 -6.219945398438638762e+01 7.844897256440544128e-03 9.986212555475136865e-01 -5.190419566202063989e-02 -6.736608060559793110e+00 8.455867350432789697e-01 2.108234562313898719e-02 5.334216167390218866e-01 8.978164796385763680e+01
5.232885322736029465e-01 -4.960585750158040541e-02 -8.507105017310785389e-01 -6.328293042986747707e+01 8.663859651852678923e-03 9.985623386844640903e-01 -5.289795143766249513e-02 -6.807268545765277068e+00 8.521115311292911665e-01 2.031045445987170531e-02 5.229659999691205208e-01 9.040457073703933588e+01
5.135488265582035528e-01 -4.939351160902274301e-02 -8.566375373784923530e-01 -6.435588626213107943e+01 5.521143823267309417e-03 9.985113579369464532e-01 -5.426403058898181253e-02 -6.903191863196370903e+00 8.580426165681693806e-01 2.313760968953014474e-02 5.130570460508994124e-01 9.105956250830386978e+01
