1 0 0 0 0 1 0 0 0 0 1 0
0.99987792 0.00077998132 0.015605784 -0.013804565 -0.00077328479 0.99999961 -0.00043513814 -0.0048024855 -0.015606119 0.00042301732 0.99987813 0.10109675
0.99929078 0.002521732 0.037570979 -0.0030201004 -0.0025033126 0.99999672 -0.00053729394 0.0059011816 -0.037572214 0.00044286101 0.99929382 0.23359023
0.99784428 0.0049837516 0.065436648 0.046500719 -0.0050587885 0.99998672 0.00098106314 0.0056780754 -0.065430895 -0.0013099784 0.99785624 0.39213721
0.9951357 0.004309711 0.098419315 0.0957514 -0.0046516865 0.99998391 0.0032454742 0.0079491807 -0.098403753 -0.003687503 0.99513974 0.5539347
0.99088673 0.0013386207 0.13469108 0.1603646 -0.0020692772 0.99998389 0.0052848343 0.001864831 -0.13468185 -0.0055153854 0.99087354 0.76515526
0.98450883 -0.0021675899 0.17532158 0.2152597 0.0011640454 0.99998235 0.005826657 -0.0048021924 -0.17533113 -0.005532313 0.98449398 0.94867587
0.97555598 -0.0024864252 0.219737 0.32929253 0.00096448012 0.9999748 0.0070332179 -0.0046701032 -0.21974897 -0.0066493657 0.97553379 1.1649958
0.96418958 -0.0021109355 0.26520557 0.41469317 -0.00060528188 0.9999482 0.010159789 -0.00081205077 -0.26521331 -0.0099564864 0.96413836 1.3854338
0.94950329 -0.0060220751 0.31369925 0.53864231 0.00064519655 0.99985115 0.017241234 0.012191001 -0.31375641 -0.016168211 0.94936585 1.6178118
0.93237947 -0.015562714 0.36114583 0.67924211 0.0070140316 0.9996636 0.024969803 0.0035978469 -0.36141297 -0.020748243 0.93217498 1.8183147
0.9109827 -0.02148521 0.41188456 0.85264989 0.009920385 0.99949478 0.030195491 0.0022095476 -0.41232526 -0.023421517 0.9107356 2.050528
0.8860084 -0.023421779 0.46307723 1.0123892 0.0086466815 0.9993843 0.034003672 0.0073081636 -0.46358858 -0.026123458 0.88566541 2.296389
0.85758423 -0.025088054 0.51373131 1.2145326 0.0061431643 0.99923807 0.038542828 0.017144492 -0.51430689 -0.029897786 0.85708493 2.4863435
0.82536645 -0.030837065 0.56375462 1.4209398 0.0078402821 0.99903706 0.043168186 0.025053558 -0.56454299 -0.031209578 0.82481344 2.7177498
0.78978003 -0.036357361 0.6123117 1.6709771 0.0097683469 0.99886073 0.046710026 0.025958377 -0.61331241 -0.030909373 0.78923541 2.9371429
0.75212275 -0.040748897 0.65776201 1.9376197 0.010849224 0.9987169 0.049465709 0.034898484 -0.65893376 -0.030068078 0.75159979 3.1441479
0.71195108 -0.044234779 0.70083444 2.2210778 0.012249585 0.99864449 0.050587858 0.046306563 -0.70212225 -0.027431149 0.71152788 3.3688398
0.66976213 -0.045933362 0.74115367 2.5031952 0.011221262 0.99859712 0.051748171 0.057402503 -0.74249095 -0.026342286 0.66933797 3.5642609
0.62786124 -0.046453604 0.77693775 2.8527716 0.0069685061 0.99851281 0.054070309 0.086427222 -0.77829413 -0.028534556 0.62725121 3.7891651
0.58738467 -0.047349129 0.80792156 3.2150431 0.0040996104 0.99844835 0.055534612 0.10380437 -0.80929753 -0.029308016 0.58666737 4.0060188
0.5462408 -0.048367427 0.83623054 3.5791154 0.0020479072 0.9984056 0.056409873 0.12128059 -0.83762572 -0.029100852 0.54546892 4.2109871
0.50656103 -0.050851638 0.86070319 4.0297051 0.0010581408 0.99829516 0.058358017 0.13757168 -0.8622035 -0.028651152 0.50575123 4.4074638
0.4702258 -0.050836791 0.88108073 4.4267353 -0.0020550916 0.99827382 0.058695409 0.1582443 -0.88254379 -0.029410797 0.46930963 4.590774
0.43430403 -0.04997453 0.89937895 4.8934099 -0.003012713 0.99837362 0.056930047 0.1846658 -0.90076135 -0.027434519 0.43344713 4.8323517
0.39998353 -0.0489058 0.91521655 5.3802949 -0.0016033628 0.99853646 0.054058838 0.20457633 -0.91652096 -0.023090069 0.39931973 4.9836088
0.37011935 -0.047140656 0.92778734 5.8510646 0.00011568223 0.99871401 0.050698274 0.22759646 -0.92898425 -0.018657083 0.36964883 5.1665292
0.34567448 -0.045349931 0.93725795 6.41803 0.0010653103 0.99884978 0.047937196 0.25192547 -0.93835393 -0.015572194 0.34532519 5.3300837
0.32393878 -0.044703342 0.94502127 7.0145121 0.002367024 0.99891821 0.046441506 0.2769648 -0.94607512 -0.012807316 0.32369416 5.5241918
0.30986334 -0.04529058 0.94970174 7.5897603 0.0033947057 0.99891114 0.046529734 0.30382094 -0.95077509 -0.0111939 0.30967969 5.7004883
0.29817884 -0.046997987 0.95335224 8.172265 0.0045843436 0.99884608 0.047806884 0.31827956 -0.95449905 -0.0098845065 0.29805022 5.8931768
0.28702839 -0.048632867 0.95668672 8.8208099 0.0031762457 0.99875324 0.049818357 0.35039711 -0.95791685 -0.01126061 0.286825 6.1073562
0.27670817 -0.050138733 0.95964505 9.5102142 0.0016141679 0.99866075 0.051711756 0.37693496 -0.96095268 -0.012760036 0.27641852 6.3027119
0.26795329 -0.052037052 0.96202552 10.182393 0.00085251107 0.99855269 0.053775397 0.40604292 -0.96343157 -0.013589157 0.26760984 6.4738887
0.25690044 -0.054033233 0.96492616 10.891884 3.4787056e-05 0.99843635 0.05590045 0.43567725 -0.96643791 -0.014327282 0.25650061 6.6649339
0.24722183 -0.055655988 0.96735914 11.640858 -0.00023717618 0.99834551 0.05749937 0.46901071 -0.96895892 -0.014444533 0.24679961 6.8563921
0.23565703 -0.05687323 0.97017066 12.396597 -0.0010739983 0.9982703 0.05878136 0.50118009 -0.97183573 -0.014894202 0.23518834 7.0298453
0.22579786 -0.059982829 0.97232572 13.14073 -0.0020163314 0.99807167 0.062039338 0.53528128 -0.97417213 -0.01596888 0.2252415 7.1798341
0.21418067 -0.063236108 0.97474497 13.919662 -0.0043045655 0.99783147 0.065679675 0.56776366 -0.97678462 -0.01826317 0.21344401 7.374735
0.20156981 -0.066955344 0.97718295 14.694472 -0.0042788362 0.99759111 0.069236308 0.61178278 -0.97946485 -0.018137155 0.20079776 7.5302967
0.18642904 -0.069325023 0.98001947 15.479411 -0.0055829606 0.99741653 0.071617709 0.649446 -0.98245261 -0.018823031 0.18556037 7.6903505
0.1728363 -0.07013474 0.98245033 16.293029 -0.0058461741 0.99737099 0.072228369 0.69314693 -0.98493326 -0.018227259 0.17197189 7.8352636
0.16054124 -0.069696952 0.98456527 17.110087 -0.0075652068 0.99738761 0.071838207 0.73325991 -0.98700018 -0.018981434 0.15959457 7.9622927
0.14173852 -0.068583961 0.98752537 17.907611 -0.0078400776 0.99748795 0.070401143 0.77203073 -0.98987313 -0.017720829 0.14084476 8.0655221
0.12104243 -0.066837883 0.99039454 18.715317 -0.011626428 0.99756666 0.068742841 0.80742699 -0.99257929 -0.019835551 0.11997081 8.177269
0.097263105 -0.065495119 0.9931013 19.550999 -0.015194479 0.99761835 0.067281146 0.8511177 -0.99514275 -0.02163363 0.096036293 8.2846165
0.066412297 -0.065036844 0.99567039 20.369156 -0.01960931 0.99759568 0.066470565 0.89249246 -0.9975996 -0.023938872 0.064977291 8.2906097
0.033896254 -0.064790631 0.99732298 21.242539 -0.022877482 0.99758469 0.065585174 0.93089374 -0.99916352 -0.02503933 0.032332136 8.3525952
-0.00087272349 -0.064170531 0.99793852 22.060606 -0.023856497 0.99765626 0.064131517 0.96195721 -0.99971505 -0.023751347 -0.0024015636 8.3332132
-0.033352106 -0.063167481 0.99744545 22.908708 -0.0251194 0.99773843 0.062346104 0.99548617 -0.99912799 -0.022975857 -0.034863409 8.2828271
-0.068169913 -0.061342066 0.99578609 23.704787 -0.028247972 0.99782652 0.059533949 1.0240863 -0.99727378 -0.024070513 -0.069754537 8.2018072
-0.097560462 -0.058084527 0.99353312 24.564941 -0.029503089 0.99802548 0.055450092 1.0674407 -0.99479224 -0.023902559 -0.099081501 8.1357265
-0.13249545 -0.053413308 0.98974335 25.393819 -0.026829565 0.99837435 0.050287463 1.0933273 -0.99082047 -0.019891523 -0.13371312 7.9985327
-0.16708441 -0.048063316 0.98477035 26.256389 -0.022269607 0.99874024 0.04496669 1.1114006 -0.9856911 -0.014417215 -0.16794428 7.8686364
-0.19419978 -0.041935622 0.98006519 27.067519 -0.017047714 0.99907922 0.039371205 1.124331 -0.9808139 -0.0090619914 -0.19473587 7.6620277
-0.22338522 -0.036373438 0.9740513 27.884166 -0.010901192 0.99933423 0.034817527 1.1385728 -0.97466932 -0.0028405985 -0.22363301 7.4820873
-0.25027979 -0.0293823 0.96772756 28.718267 -0.0017640627 0.99955157 0.029892313 1.1560038 -0.96817199 0.0057743105 -0.25021939 7.247861
-0.27529875 -0.019386447 0.96116319 29.502978 0.004549861 0.99975918 0.021468103 1.1542354 -0.961348 0.010283302 -0.27514425 7.0294568
-0.30376041 -0.0041714058 0.95273928 30.264496 0.0086810714 0.99993679 0.0071458255 1.1430603 -0.95270894 0.010441418 -0.303705 6.7151871
-0.32546833 0.012705442 0.94546754 31.083492 0.0093691094 0.99990397 -0.010211744 1.1200712 -0.94550656 0.0055345904 -0.32555612 6.4434704
-0.34461485 0.027036645 0.9383547 31.761648 0.007877 0.99963326 -0.025909389 1.0910782 -0.93871116 -0.0015373393 -0.34470143 6.184332
-0.37304 0.038459927 0.92701775 32.558789 0.011019353 0.99925367 -0.037022551 1.0469592 -0.92774986 -0.0035957561 -0.3731854 5.8545726
-0.39794116 0.043326746 0.91638723 33.318461 0.015573776 0.99905927 -0.040472563 1.0082912 -0.91727878 -0.0018340884 -0.39824157 5.5327759
-0.42012144 0.042353267 0.90647896 34.045368 0.017180462 0.99910246 -0.038718352 0.95478387 -0.90730528 -0.00069268115 -0.42047201 5.1817294
-0.44084649 0.038970852 0.89673607 34.781704 0.022101043 0.9992254 -0.032559744 0.91584845 -0.89731042 0.005464954 -0.44136631 4.7832802
-0.45813268 0.037585253 0.88808881 35.526026 0.029037445 0.99920522 -0.027308506 0.87415385 -0.88840945 0.013276912 -0.45885994 4.4157389
-0.47105007 0.038381255 0.88127104 36.183045 0.03285433 0.99912313 -0.025952929 0.83773932 -0.88149446 0.016728442 -0.47189802 4.014183
-0.48315736 0.041742784 0.87453784 36.927385 0.035656888 0.99897225 -0.027982773 0.7841333 -0.87480719 0.017663216 -0.48414922 3.6134825
-0.49274639 0.04452956 0.86903282 37.626286 0.037665166 0.99884524 -0.029824839 0.7487967 -0.86935746 0.018036185 -0.4938546 3.2224365
-0.50349219 0.043541996 0.86290188 38.293408 0.031084675 0.99899563 -0.032271771 0.69229886 -0.86344046 0.010574441 -0.50433999 2.8339936
-0.51536659 0.042756292 0.85590251 39.00706 0.029619372 0.99904658 -0.032072218 0.6722488 -0.85645784 0.0088223461 -0.51614164 2.4252792
-0.52433041 0.043937941 0.85038051 39.647919 0.031789522 0.99898171 -0.032015064 0.62762259 -0.85092133 0.01024672 -0.52519326 2.0032722
-0.53151082 0.047154501 0.84573793 40.352121 0.035958892 0.99880529 -0.033090184 0.58232782 -0.84628794 0.012824009 -0.53257144 1.5927923
-0.53478499 0.050549577 0.84347477 41.064062 0.036318913 0.99866161 -0.036822811 0.54148644 -0.84420732 0.010941801 -0.53590515 1.1262101
-0.5343411 0.051937194 0.84367177 41.75689 0.035211715 0.9986118 -0.039174036 0.49069606 -0.84453525 0.0087748332 -0.53542813 0.66723684
-0.53074973 0.052585394 0.84589564 42.483907 0.037970995 0.9985465 -0.038250421 0.45175375 -0.84667762 0.011818099 -0.531975 0.22737736
-0.52530097 0.051626999 0.84934886 43.237624 0.036507394 0.99860604 -0.03812057 0.41186587 -0.85013302 0.010982742 -0.52645349 -0.22611307
-0.51784161 0.050059955 0.85401054 43.993165 0.034208697 0.99869968 -0.037798331 0.36913376 -0.85479231 0.0096410396 -0.51888074 -0.68875448
-0.51109057 0.049678746 0.85808996 44.761354 0.032529269 0.99873106 -0.038446205 0.32178044 -0.85891113 0.008263547 -0.51205805 -1.1566715
-0.50448321 0.04825086 0.8620722 45.581813 0.029407336 0.99881823 -0.038695518 0.27031709 -0.8629206 0.0058300085 -0.50530596 -1.6122675
-0.50061753 0.046191238 0.8644353 46.405151 0.025446906 0.99892909 -0.038640952 0.22560374 -0.86529452 0.0026528663 -0.50125684 -2.0536627
-0.49881512 0.043114418 0.86563535 47.243403 0.020390017 0.99906928 -0.038010741 0.17694795 -0.86646857 -0.0013100119 -0.49922997 -2.5302733
-0.49938768 0.041033338 0.86540635 48.072634 0.018226707 0.99915431 -0.036857186 0.12960758 -0.86618693 -0.002632516 -0.49971326 -2.9941535
-0.49922384 0.039524576 0.86557108 48.948317 0.015889537 0.99920869 -0.036462473 0.073515432 -0.86632739 -0.0044494115 -0.49945683 -3.4906014
-0.50001195 0.038866051 0.86514589 49.823311 0.016002075 0.99923652 -0.035641557 0.023021927 -0.86587069 -0.0039770739 -0.50025213 -3.9950129
-0.50062969 0.038240144 0.86481648 50.690388 0.016003176 0.99926194 -0.034920998 -0.022125193 -0.86551365 -0.0036426777 -0.50087216 -4.4883064
-0.50075885 0.037496762 0.86477425 51.571375 0.016237604 0.9992924 -0.033926894 -0.07251491 -0.86543456 -0.0029473306 -0.50101338 -4.9748025
-0.50150667 0.037223931 0.86435258 52.459694 0.015881686 0.99930172 -0.03382088 -0.1342928 -0.86500803 -0.0032340198 -0.50174765 -5.5053481
-0.50136391 0.035550625 0.86450582 53.367696 0.013944819 0.99935777 -0.033008873 -0.186828 -0.86512417 -0.00449408 -0.50153767 -6.0054377
-0.50157199 0.03514084 0.86440187 54.242845 0.013802941 0.99937255 -0.032618649 -0.23426497 -0.86500582 -0.0044293118 -0.50174233 -6.5319535
-0.50031557 0.03427459 0.86516445 55.158154 0.012768302 0.9993996 -0.032208709 -0.28441987 -0.86574902 -0.005067837 -0.50045281 -7.0334529
-0.50024646 0.032782959 0.86526221 56.040964 0.012133429 0.99945031 -0.030852188 -0.34411116 -0.86579808 -0.0049350994 -0.50036925 -7.5250292
-0.49764609 0.030596805 0.86684032 56.931436 0.012406098 0.9995265 -0.028157978 -0.3969708 -0.86729148 -0.0032586013 -0.49779004 -8.0575578
-0.49498194 0.02964062 0.86839752 57.83363 0.013374752 0.9995595 -0.026493974 -0.44089261 -0.86880035 -0.0014994363 -0.49516034 -8.5570154
-0.49274239 0.0288649 0.86969632 58.716445 0.012658823 0.99958169 -0.026003658 -0.50320471 -0.87008319 -0.0018037721 -0.49290167 -9.0490985
-0.49048604 0.029527519 0.87094862 59.625424 0.013597464 0.99956344 -0.02623032 -0.5516607 -0.871343 -0.0010229127 -0.49067342 -9.5533011
-0.48910225 0.029873761 0.87171468 60.516049 0.013794854 0.99955323 -0.026514775 -0.59242921 -0.8721174 -0.00094325872 -0.48929584 -10.048068
-0.49010859 0.031099373 0.87110638 61.389388 0.013035787 0.99951307 -0.028349324 -0.64464842 -0.87156394 -0.0025386897 -0.49027535 -10.534145
-0.49245707 0.032902682 0.86971454 62.274532 0.01154701 0.9994442 -0.031272315 -0.70031379 -0.87026017 -0.0053576698 -0.49256329 -11.041012
-0.49742857 0.03382986 0.86684502 63.152267 0.010807783 0.99940346 -0.032801224 -0.75328483 -0.86743765 -0.0069475929 -0.49749746 -11.524622
-0.50336611 0.031746042 0.86348983 64.018594 0.0099515408 0.99947157 -0.030944194 -0.80452941 -0.86401596 -0.0069832037 -0.50341604 -12.023216
-0.50755393 0.030227692 0.86108956 64.900056 0.013913591 0.99954165 -0.026886795 -0.86240486 -0.86150768 -0.00166565 -0.50774187 -12.54571
-0.51396926 0.027973799 0.85735232 65.766049 0.010983565 0.9996008 -0.026030624 -0.90719207 -0.85773832 -0.003962155 -0.51407134 -13.04803
-0.51831644 0.030437571 0.85464704 66.598754 0.012206678 0.99952792 -0.028194421 -0.95878026 -0.85510182 -0.0041812301 -0.5184433 -13.557863
-0.52376656 0.032555236 0.8512395 67.442891 0.012553663 0.99945595 -0.030499447 -1.0039845 -0.85176937 -0.0052884159 -0.52389029 -14.049209
-0.52807446 0.032791057 0.8485647 68.275694 0.010830247 0.99943299 -0.03188123 -1.0685001 -0.84912904 -0.0076454972 -0.52813017 -14.573807
-0.53206526 0.033296265 0.84604838 69.116733 0.0099660486 0.99940354 -0.033064085 -1.1155732 -0.84664473 -0.0091604908 -0.53207974 -15.089761
-0.53473836 0.032784069 0.84438145 69.929135 0.0099762083 0.9994224 -0.032485875 -1.1766008 -0.84495883 -0.0089477176 -0.53475656 -15.616259
-0.53831474 0.025448788 0.8423595 70.759303 0.011401609 0.9996724 -0.022915151 -1.2229905 -0.84266678 -0.0027313093 -0.53842855 -16.127149
-0.54040759 0.018323594 0.84120379 71.596757 0.013216527 0.99982436 -0.013288175 -1.2530421 -0.8412996 0.0039367625 -0.54055485 -16.662865
-0.54288151 0.015296966 0.83966994 72.397461 0.012882527 0.99986814 -0.0098863395 -1.2944003 -0.83971053 0.0054499607 -0.54300699 -17.163881
-0.54422891 0.020250144 0.83869229 73.191511 0.012770814 0.99979277 -0.015852895 -1.3246999 -0.83883959 0.0020831801 -0.54437475 -17.660947
-0.54469373 0.025542356 0.83824595 73.999117 0.012901679 0.99967301 -0.022077695 -1.3794328 -0.83853584 -0.0012108013 -0.54484516 -18.199601
-0.5456125 0.030790685 0.83747171 74.790183 0.019592594 0.99952033 -0.023984035 -1.4096434 -0.83780856 0.0033222543 -0.54595406 -18.712875
-0.54539855 0.031285333 0.83759274 75.594006 0.022732817 0.99948768 -0.022529874 -1.4476102 -0.83786855 0.0067530829 -0.54583033 -19.239925
-0.54449004 0.02881968 0.83827201 76.380945 0.022606453 0.99955071 -0.019680655 -1.4922743 -0.83846264 0.0082344375 -0.54489692 -19.755323
-0.54405534 0.023750237 0.83871309 77.190338 0.020781387 0.99967408 -0.014827801 -1.5188782 -0.83879198 0.0093624779 -0.54437159 -20.275075
-0.5433445 0.017982045 0.83931719 77.996638 0.019328585 0.99977351 -0.0089071112 -1.5457646 -0.83928733 0.011383184 -0.54356901 -20.790067
-0.54273745 0.011377826 0.83982531 78.790241 0.010314606 0.99992313 -0.0068809877 -1.5876269 -0.83983911 0.0049278983 -0.54281308 -21.282218
-0.54120751 0.0058908307 0.8408684 79.604709 0.0014983545 0.99998063 -0.0060411292 -1.6088043 -0.84088777 -0.0020095847 -0.54120585 -21.781442
-0.54015786 0.0064495302 0.84153896 80.397071 0.0047373935 0.99997809 -0.0046230152 -1.6329623 -0.84155041 0.001489544 -0.54017658 -22.282752
-0.53703368 0.0096089083 0.84350603 81.191418 0.009831085 0.99993851 -0.0051317862 -1.6666551 -0.84350355 0.0055366383 -0.53709513 -22.787795
-0.53150452 0.012861164 0.84695777 81.979256 0.010589871 0.99990747 -0.0085380979 -1.6960825 -0.84698929 0.0044311371 -0.53159155 -23.285591
-0.52327312 0.015226643 0.85202895 82.76371 0.016321931 0.99983602 -0.0078440027 -1.7186013 -0.85200874 0.0098022026 -0.52343584 -23.772203
-0.51484075 0.017986069 0.8570971 83.57883 0.024025425 0.99968991 -0.0065467765 -1.7549716 -0.85694915 0.017221576 -0.51511323 -24.267316
-0.50544311 0.01757327 0.86268093 84.368746 0.022543924 0.99972024 -0.007156391 -1.7756682 -0.86256542 0.015831066 -0.50569787 -24.718105
-0.4952531 0.014416094 0.86862908 85.189499 0.018082544 0.99981675 -0.0062834829 -1.8024897 -0.86856056 0.01259511 -0.49542303 -25.176056
-0.48375816 0.011641965 0.87512424 85.993721 0.019593823 0.99980497 -0.0024693887 -1.8259647 -0.87498239 0.015952444 -0.48389193 -25.612346
-0.47229705 0.010551199 0.88137626 86.815592 0.019339675 0.99981168 -0.0016056022 -1.8510739 -0.88122729 0.01628721 -0.47241216 -26.039609
-0.46136793 0.0093874925 0.8871592 87.64677 0.01863647 0.99982593 -0.00088776447 -1.8719148 -0.88701318 0.016123931 -0.46146257 -26.457326
-0.44802809 0.011173484 0.89394962 88.480472 0.022152428 0.99975363 -0.0013936138 -1.8845954 -0.89374502 0.019178777 -0.44816523 -26.880285
-0.43615712 0.014159169 0.89975909 89.30393 0.021807497 0.99974886 -0.0051615116 -1.9219398 -0.89960629 0.017370265 -0.43635636 -27.269725
-0.42490254 0.023681212 0.90492926 90.140976 0.023463949 0.99961001 -0.015141609 -1.9445253 -0.904935 0.014799507 -0.42529249 -27.661682
-0.41188981 0.029555394 0.91075419 90.96517 0.025108435 0.99946248 -0.021078793 -1.9688428 -0.91088771 0.014185473 -0.4124105 -28.024633
-0.40035823 0.024945858 0.91601906 91.815137 0.02036807 0.99962468 -0.018320547 -2.0087532 -0.91613236 0.01132276 -0.40071607 -28.384274
-0.38853557 0.021727909 0.92117747 92.661584 0.022920234 0.9996405 -0.013911295 -2.0431167 -0.92114866 0.015708572 -0.3888939 -28.727487
-0.37886991 0.022613684 0.92517357 93.502598 0.02049694 0.99966123 -0.016040609 -2.0766399 -0.92522297 0.012885924 -0.37920508 -29.059417
-0.37148947 0.027064991 0.92804256 94.356774 0.016086872 0.9996126 -0.022712753 -2.1133276 -0.92829783 0.0064917544 -0.37178095 -29.389776
-0.36682677 0.031322473 0.92976177 95.18743 0.0071329061 0.99949834 -0.030857601 -2.1526264 -0.93026196 -0.00468749 -0.36686617 -29.701139
-0.3631498 0.033650417 0.93112287 96.03505 0.0046774577 0.99940085 -0.034293687 -2.2008325 -0.93171907 -0.0080984569 -0.36308962 -30.023328
-0.35979299 0.033181563 0.93244191 96.867002 0.0031050859 0.99940448 -0.034366337 -2.2502486 -0.93302703 -0.0094694544 -0.35968176 -30.343778
-0.35443166 0.032817886 0.93450581 97.729828 0.0017770813 0.99940577 -0.034423038 -2.2962312 -0.93508027 -0.010539921 -0.35427937 -30.659648
-0.34974814 0.029183022 0.93638908 98.566986 0.00060292535 0.99952151 -0.030925376 -2.3416384 -0.93684361 -0.01025152 -0.34959839 -30.954362
-0.34426081 0.024815993 0.938546 99.427838 -0.00043632262 0.99964629 -0.026591582 -2.3935056 -0.93887399 -0.0095639476 -0.34412821 -31.262506
-0.33822874 0.022112824 0.94080405 100.28659 -0.0016255377 0.99970867 -0.024081725 -2.4323516 -0.94106257 -0.0096744431 -0.33809426 -31.563125
-0.33260772 0.020941032 0.9428327 101.12259 -0.0061260669 0.99968436 -0.024364871 -2.4726008 -0.94304541 -0.0138798 -0.33237445 -31.839036
-0.32596384 0.020286139 0.94516452 101.97474 -0.018128174 0.9994518 -0.027703267 -2.5113162 -0.94520845 -0.02616437 -0.32541739 -32.117318
-0.31919604 0.023633645 0.94739393 102.83345 -0.015988136 0.99941243 -0.030318018 -2.5618544 -0.94755387 -0.024824454 -0.31863063 -32.396326
-0.31258906 0.02807448 0.94947345 103.6908 -0.013656425 0.99932701 -0.034044589 -2.6055018 -0.94979032 -0.023608378 -0.31199529 -32.669427
-0.30576797 0.026165574 0.95174641 104.54689 -0.015203316 0.99936067 -0.032358967 -2.6486751 -0.95198471 -0.024364037 -0.30517469 -32.938166
-0.29865665 0.02154614 0.95411734 105.41226 -0.013983678 0.999539 -0.026949016 -2.6859293 -0.95425821 -0.021390572 -0.29821768 -33.200354
-0.29192537 0.018734954 0.95625755 106.26088 -0.014581251 0.99960476 -0.024035559 -2.7283244 -0.95632999 -0.02096002 -0.29153682 -33.445947
-0.28555203 0.021377805 0.9581247 107.10792 -0.018011002 0.9994549 -0.027667827 -2.7721389 -0.95819399 -0.025157389 -0.28501134 -33.68512
-0.27870978 0.024063243 0.96007382 107.98453 -0.019043736 0.99935101 -0.030576086 -2.8232434 -0.96018658 -0.026805247 -0.27807064 -33.939454
-0.27206306 0.025407177 0.96194391 108.82853 -0.018333516 0.99933307 -0.031579911 -2.8523286 -0.9621048 -0.026227541 -0.27141582 -34.163695
-0.26520707 0.024307705 0.96388499 109.70324 -0.020055797 0.99932681 -0.030719722 -2.9044156 -0.96398291 -0.027478568 -0.26454102 -34.39236
-0.25735222 0.023892905 0.9660222 110.54996 -0.017777403 0.99940802 -0.029454616 -2.9501121 -0.96615417 -0.024753576 -0.25677512 -34.610805
-0.24986399 0.02501471 0.96795773 111.40913 -0.013260713 0.99948409 -0.029252494 -2.9977207 -0.96819018 -0.020144954 -0.24940337 -34.827881
-0.24286457 0.025852304 0.96971562 112.2972 -0.010918495 0.99950865 -0.029381104 -3.0376213 -0.9699988 -0.017723464 -0.24246297 -35.055166
-0.23658954 0.024683474 0.97129606 113.14588 -0.01750243 0.99940677 -0.029661112 -3.078727 -0.97145207 -0.02401755 -0.23601717 -35.24032
-0.23075998 0.022750706 0.97274465 114.01479 -0.021982878 0.99934953 -0.028587846 -3.1219569 -0.97276239 -0.027980658 -0.23010976 -35.426313
-0.22563516 0.023116519 0.97393753 114.90138 -0.019089362 0.99942159 -0.028143877 -3.1601238 -0.97402487 -0.024942094 -0.22506338 -35.632544
-0.22118799 0.023060616 0.97495846 115.74999 -0.017806118 0.99945824 -0.027679765 -3.2071456 -0.97506866 -0.023482657 -0.22065754 -35.820101
-0.21662362 0.024613482 0.97594483 116.64551 -0.017290892 0.99942858 -0.029043682 -3.2481014 -0.9761021 -0.023166503 -0.21607425 -36.011994
-0.21082845 0.023587816 0.9772384 117.49279 -0.012167254 0.99956806 -0.026751742 -3.2864652 -0.97744739 -0.017530336 -0.21045039 -36.190427
-0.20542335 0.022285716 0.97841939 118.36422 -0.0045936149 0.99970773 -0.023735053 -3.3320398 -0.97866247 -0.0093702155 -0.20526094 -36.379457
-0.20052186 0.021647416 0.97944999 119.25232 -0.00060695498 0.99975291 -0.022220403 -3.3686493 -0.97968908 -0.0050501578 -0.20045918 -36.567098
-0.19629065 0.0230399 0.98027499 120.11058 -0.0025008926 0.99970889 -0.023997443 -3.4053692 -0.98054261 -0.0071620354 -0.19617588 -36.730243
-0.19269957 0.025169986 0.98093489 120.97864 -0.0049556326 0.99963325 -0.026623278 -3.4450995 -0.98124533 -0.0099914464 -0.19250417 -36.89111
-0.19072264 0.024275204 0.98134373 121.87031 -0.0070735796 0.99963425 -0.026102389 -3.4868757 -0.98161852 -0.011919929 -0.19048117 -37.061332
-0.18973348 0.023154853 0.98156252 122.71825 -0.0082141691 0.99964946 -0.025169296 -3.5299288 -0.98180131 -0.012838178 -0.18947678 -37.210183
-0.18944298 0.018841333 0.98171089 123.60715 -0.0078186903 0.99975523 -0.020696435 -3.5635676 -0.98186064 -0.011596487 -0.1892493 -37.380337
-0.18836934 0.013597699 0.98200408 124.46242 -0.0075585899 0.99985446 -0.015294768 -3.6058366 -0.98206921 -0.010303631 -0.18823914 -37.529639
-0.18750191 0.01122518 0.98220005 125.32877 -0.0052535083 0.99990894 -0.012430461 -3.6367409 -0.98225023 -0.0074907307 -0.18742587 -37.689098
-0.1866792 0.015784294 0.98229408 126.20658 -0.0079122099 0.99981434 -0.017569491 -3.6740528 -0.98238911 -0.011051975 -0.18651965 -37.850786
-0.18611619 0.019958375 0.98232497 127.03949 -0.0072646929 0.99973838 -0.021688576 -3.7050507 -0.98250093 -0.011172884 -0.18592251 -37.999966
-0.18618117 0.018927006 0.98233307 127.89713 -0.010162925 0.99972385 -0.021188254 -3.7343235 -0.98246291 -0.013928231 -0.1859374 -38.155065
-0.18580269 0.018096109 0.98242038 128.75636 -0.011781851 0.99971749 -0.020642991 -3.7763345 -0.98251648 -0.015410254 -0.185537 -38.3131
-0.1849613 0.018420358 0.98257311 129.5959 -0.0056565431 0.9997878 -0.019807879 -3.8124516 -0.98272957 -0.0092216576 -0.18481786 -38.471784
-0.18429993 0.021079353 0.98264394 130.44836 -0.0085334215 0.99969799 -0.023045676 -3.8525189 -0.98283305 -0.012632631 -0.18406439 -38.624594
-0.18426316 0.022634841 0.98261624 131.2738 -0.017232765 0.99950672 -0.026255457 -3.8800402 -0.9827259 -0.021771108 -0.18378221 -38.757819
-0.18378354 0.02428027 0.98266678 132.11012 -0.020293138 0.9993881 -0.028488758 -3.9147114 -0.98275729 -0.025177157 -0.18317836 -38.899653
-0.18363986 0.027259403 0.98261551 132.95593 -0.022238877 0.99924436 -0.031876911 -3.9660726 -0.98274204 -0.027706137 -0.18289488 -39.052163
-0.18310024 0.028420199 0.98268332 133.77518 -0.017280692 0.99933457 -0.032121624 -4.0083517 -0.9829424 -0.022862925 -0.18248728 -39.200143
-0.18161365 0.029546411 0.98292594 134.60747 -0.018724968 0.99926338 -0.033497289 -4.0544239 -0.98319171 -0.024488822 -0.18092661 -39.346704
-0.17971776 0.028632967 0.98330138 135.42366 -0.013349481 0.99941327 -0.031542012 -4.0911325 -0.98362767 -0.018795223 -0.17923008 -39.496971
-0.17625265 0.025653554 0.98401058 136.25329 -0.0060720216 0.99961299 -0.027147914 -4.1417017 -0.98432627 -0.010759825 -0.17602867 -39.644016
-0.17415414 0.021261904 0.98448879 137.06717 0.0017241002 0.99977192 -0.021286981 -4.1757225 -0.98471694 -0.0020098577 -0.17415108 -39.801043
-0.16998932 0.021211259 0.98521755 137.88874 0.0063756122 0.99977107 -0.02042454 -4.205785 -0.98542532 0.0028094123 -0.17008564 -39.936815
-0.16557152 0.025020151 0.98588031 138.67963 -0.00023022095 0.99967711 -0.025408956 -4.2577826 -0.9861978 -0.004433969 -0.1655123 -40.056129
-0.15893605 0.02853899 0.98687627 139.49573 0.0021765158 0.99958982 -0.028556118 -4.295761 -0.98728652 -0.0023906439 -0.15893297 -40.187177
-0.15118986 0.029121029 0.98807566 140.30596 -0.0018684399 0.99955577 -0.029745272 -4.3330625 -0.98850302 -0.0063433429 -0.15106829 -40.301008
-0.14130404 0.025771488 0.9896307 141.07236 0.0080961615 0.99965774 -0.024876599 -4.359248 -0.98993318 0.0044970471 -0.14146433 -40.419185
-0.12931364 0.024042383 0.99131219 141.89492 0.01667958 0.99961732 -0.022068006 -4.3975681 -0.99146349 0.013680978 -0.12966517 -40.522138
-0.11604576 0.026067129 0.99290171 142.64772 0.01382459 0.99960111 -0.024627256 -4.438119 -0.9931477 0.010868571 -0.11635984 -40.605174
-0.10146017 0.027658533 0.994455 143.46938 0.014448564 0.99954899 -0.026326082 -4.4738801 -0.99473472 0.011697399 -0.10181404 -40.680887
-0.087307551 0.027647496 0.99579763 144.24237 0.017803278 0.99949846 -0.026189325 -4.5050505 -0.99602235 0.015441938 -0.08775598 -40.751554
-0.07409799 0.028944602 0.99683078 145.02622 0.020226396 0.99941671 -0.027516187 -4.5451708 -0.99704587 0.018123401 -0.074640216 -40.801086
-0.059641968 0.034747608 0.99761483 145.85015 0.016649369 0.99928957 -0.033810564 -4.5996489 -0.99808102 0.014593131 -0.060178124 -40.842575
-0.047458018 0.043900431 0.99790801 146.5885 0.008583942 0.99901477 -0.043540887 -4.6439893 -0.99883639 0.0064996213 -0.047788101 -40.852802
-0.033579537 0.052474199 0.99805751 147.36995 0.0014825154 0.99862224 -0.05245401 -4.6868835 -0.99943499 -0.00028174489 -0.033611068 -40.860909
-0.020237501 0.053864363 0.99834312 148.14377 0.0019985956 0.99854785 -0.053834893 -4.7307187 -0.99979325 0.00090580135 -0.020315768 -40.866048
-0.0085157528 0.049589877 0.99873332 148.88702 0.00063632849 0.99876964 -0.049586253 -4.7860538 -0.99996358 0.00021325903 -0.0085368324 -40.859516
0.0026869416 0.046577419 0.99891103 149.66976 0.00015807017 0.99891464 -0.046578012 -4.8404599 -0.99999642 0.00028305129 0.0026766612 -40.854109
0.011935139 0.052638753 0.99854225 150.43377 -0.0049294967 0.99860438 -0.052583106 -4.9072879 -0.99991667 -0.0042947233 0.012177963 -40.827227
0.018095855 0.061549326 0.99793995 151.15811 -0.011646472 0.99804868 -0.061344842 -4.9528293 -0.99976847 -0.010512391 0.018777375 -40.79317
0.021749704 0.065092039 0.99764217 151.91835 -0.015284167 0.99778329 -0.064768033 -5.0021873 -0.99964665 -0.013839443 0.022696368 -40.772116
0.020927967 0.060681205 0.99793774 152.65856 -0.018592243 0.9980074 -0.060295537 -5.0609213 -0.99960814 -0.017292038 0.022014464 -40.742264
0.019926158 0.05507807 0.99828316 153.41787 -0.013602061 0.99840397 -0.054813231 -5.135748 -0.99970897 -0.012486491 0.020643529 -40.727099
0.017676351 0.05275987 0.99845073 154.18553 -0.010246544 0.99856391 -0.052584446 -5.1770921 -0.9997913 -0.0093011676 0.018191571 -40.715738
0.014076116 0.05281851 0.99850487 154.92493 -0.011208091 0.99854945 -0.052662863 -5.2319059 -0.99983815 -0.010450044 0.014647691 -40.696328
0.010526271 0.053114407 0.99853291 155.66932 -0.010837389 0.99853569 -0.053000308 -5.2859054 -0.99988591 -0.010263594 0.011086477 -40.686198
0.0061609468 0.051164235 0.99867121 156.43036 -0.0095093567 0.99864804 -0.051104382 -5.3426937 -0.99993585 -0.0091818687 0.0066391549 -40.680295
0.00062576912 0.051778432 0.99865836 157.17863 -0.011755628 0.99858997 -0.051767518 -5.3919991 -0.99993075 -0.011707461 0.0012335732 -40.675193
-0.0049532262 0.049950475 0.99873937 157.91411 -0.011506177 0.9986827 -0.050004704 -5.4404732 -0.99992158 -0.011739356 -0.0043719638 -40.673956
-0.010859897 0.047057576 0.9988331 158.64574 -0.0075894535 0.9988594 -0.04714133 -5.4917102 -0.99991227 -0.0080925466 -0.01049037 -40.680875
-0.016387272 0.04704611 0.99875825 159.37796 -0.011186066 0.99882128 -0.047232615 -5.5427203 -0.99980319 -0.011946189 -0.015841697 -40.68771
-0.021688093 0.04822766 0.99860084 160.10278 -0.010128544 0.99877396 -0.048455996 -5.588765 -0.99971352 -0.01116529 -0.021173028 -40.701784
-0.025768503 0.050470354 0.99839303 160.83659 -0.013381019 0.99861782 -0.05082708 -5.6435719 -0.99957842 -0.014669253 -0.025057543 -40.710142
-0.028479478 0.052621321 0.99820831 161.53862 -0.011557192 0.99852933 -0.052967975 -5.6942846 -0.99952761 -0.013044984 -0.027829441 -40.726662
-0.030007265 0.054441931 0.99806591 162.25731 -0.011776671 0.99842704 -0.054815698 -5.7522531 -0.99948034 -0.013398763 -0.029318921 -40.747797
-0.028937731 0.052629871 0.99819468 162.97743 -0.0069234061 0.99857842 -0.052850812 -5.8017018 -0.99955728 -0.008440289 -0.028532217 -40.770614
-0.02520465 0.048702583 0.99849522 163.68052 0.00060179274 0.99881313 -0.048702897 -5.8416984 -0.99968217 -0.00062665144 -0.025204045 -40.792986
-0.017836789 0.048102023 0.99868311 164.38682 8.0015997e-05 0.99884212 -0.048108251 -5.8976453 -0.99984095 -0.00077818526 -0.017819987 -40.79872
-0.0073041353 0.049391083 0.99875277 165.09774 0.00075933324 0.99877944 -0.049386848 -5.9519823 -0.99997308 0.00039765881 -0.0073327259 -40.798489
0.0070384421 0.049637918 0.99874244 165.77033 0.0032163757 0.99876093 -0.049661502 -5.9994403 -0.9999701 0.0035618714 0.0068700653 -40.788156
0.022183617 0.047498408 0.99862491 166.45981 0.0023366117 0.99886557 -0.047561758 -6.0408546 -0.99975122 0.0033884914 0.022047465 -40.761383
0.038544831 0.04246494 0.99835412 167.16171 -0.00059196404 0.99909741 -0.0424737 -6.0866427 -0.99925674 0.0010461527 0.038535177 -40.71391
0.054690413 0.035973277 0.9978551 167.83479 -0.003352188 0.99935179 -0.035843506 -6.1283334 -0.99849777 -0.0013847009 0.05477555 -40.666588
0.072323794 0.028708921 0.99696789 168.50689 -0.0024008592 0.99958776 -0.028610194 -6.1617127 -0.99737836 -0.00032438091 0.072362904 -40.606045
0.089641368 0.020821433 0.9957564 169.19478 -0.0036862612 0.99978154 -0.020573748 -6.1979376 -0.99596733 -0.0018263585 0.089698536 -40.532325
0.10685866 0.014812231 0.99416384 169.84819 -0.0052802904 0.99988338 -0.01432989 -6.2303623 -0.99426024 -0.0037182002 0.10692441 -40.447518
0.12487954 0.012323801 0.99209533 170.5176 -0.005655295 0.99991545 -0.011709084 -6.2577075 -0.99215583 -0.0041483659 0.12493868 -40.349705
0.14277474 0.011585793 0.98968735 171.1566 -0.0060441627 0.99992305 -0.01083367 -6.2781502 -0.9897368 -0.0044350561 0.14283378 -40.248469
0.16035089 0.010886151 0.987 171.7911 -0.007540239 0.99992351 -0.0098036813 -6.3016302 -0.98703132 -0.0058701861 0.16042071 -40.12716
0.17686483 0.010606162 0.98417796 172.43657 -0.012676753 0.99988354 -0.0084972986 -6.3143507 -0.98415355 -0.010973307 0.17697869 -39.991242
0.19071322 0.0069625404 0.98162106 173.04947 -0.014586557 0.99988454 -0.0042581471 -6.3322489 -0.98153746 -0.013506386 0.19079276 -39.854314
0.20321505 0.0028381692 0.97912998 173.67822 -0.0108995 0.9999404 -0.00063633758 -6.3512721 -0.9790735 -0.010542713 0.20323387 -39.714974
0.21413214 0.001105236 0.97680404 174.31425 -0.0081099602 0.9999669 0.00064639799 -6.3691708 -0.97677108 -0.0080602558 0.21413401 -39.570615
0.22369224 0.004749017 0.97464822 174.91621 -0.013095977 0.9999125 -0.0018664506 -6.3901668 -0.97457189 -0.012346459 0.22373485 -39.421469
0.23256338 0.011728706 0.97251048 175.51355 -0.015989281 0.99983825 -0.0082346542 -6.4073257 -0.97244984 -0.013634664 0.23271329 -39.260002
0.24168593 0.021720912 0.97011135 176.0786 -0.016616133 0.99969549 -0.018243691 -6.4284005 -0.97021229 -0.011710255 0.24197325 -39.110397
0.25014489 0.02875249 0.96778135 176.67555 -0.011896551 0.99957478 -0.026622131 -6.4372542 -0.96813537 -0.0048538691 0.25038058 -38.95558
0.25646986 0.027234767 0.96616841 177.28845 -0.012384371 0.99961348 -0.024890093 -6.4576506 -0.96647293 -0.0055818287 0.25670801 -38.78617
0.26228363 0.019788874 0.96478786 177.88717 -0.014432941 0.99975833 -0.016582471 -6.4770507 -0.96488293 -0.0095754155 0.26250586 -38.606241
0.26693297 0.008992276 0.9636731 178.49405 -0.017806213 0.99983179 -0.0043974431 -6.5008444 -0.96355062 -0.015985546 0.26704819 -38.428566
0.26902671 -0.00052399502 0.96313253 179.09795 -0.016800293 0.99984515 0.0052367054 -6.5258807 -0.96298622 -0.017589721 0.26897624 -38.250087
0.26973981 -0.0014948506 0.96293204 179.70558 -0.013284583 0.99989785 0.0052735592 -6.5448782 -0.96284165 -0.014214639 0.2696924 -38.080444
0.27105372 0.0019662411 0.96256217 180.31053 -0.012496356 0.99992083 0.0014763709 -6.5448824 -0.96248314 -0.012428695 0.27105683 -37.913355
0.27271032 0.0016433947 0.96209475 180.91167 -0.0088540894 0.99996048 0.00080165926 -6.5564627 -0.96205549 -0.008737093 0.2727141 -37.737555
0.27433692 -0.00048919727 0.96163347 181.52696 -0.0097022097 0.99994756 0.0032765563 -6.5533117 -0.96158473 -0.010228849 0.27431779 -37.557553
0.27657101 -0.0045458913 0.96098269 182.1361 -0.010441975 0.99991556 0.0077352645 -6.5696837 -0.96093679 -0.012173907 0.27650018 -37.37971
0.2800898 -0.010022213 0.95992145 182.75228 -0.0091223596 0.99987256 0.013101088 -6.5832722 -0.9599305 -0.012426229 0.27996267 -37.193248
0.28410395 -0.013526943 0.95869802 183.37278 -0.0064225302 0.99985119 0.016010878 -6.5872604 -0.95877201 -0.01070602 0.28397479 -37.011903
0.29014231 -0.01467286 0.95687098 183.98137 -0.0065496771 0.99982859 0.017317573 -6.5829731 -0.95696114 -0.011291756 0.28999647 -36.818813
0.29843403 -0.017763896 0.9542649 184.61097 -0.0052143132 0.99978151 0.02024191 -6.5878825 -0.95441606 -0.01101671 0.2982762 -36.616469
0.30792886 -0.020173787 0.95119544 185.21476 -0.0020267045 0.99975899 0.021859867 -6.588763 -0.95140726 -0.0086590753 0.30781376 -36.414843
0.31915127 -0.018327048 0.94752652 185.8432 -0.0032238802 0.99978622 0.02042374 -6.5926817 -0.94769834 -0.0095729742 0.31902396 -36.19587
0.33057846 -0.014597642 0.94366557 186.45446 -0.0040171009 0.99984955 0.016874 -6.5914651 -0.94377 -0.0093689802 0.33047008 -35.961389
0.34172501 -0.01079302 0.93973797 187.06619 -0.0060836554 0.9998877 0.013696101 -6.5922948 -0.93978034 -0.010397342 0.34162098 -35.730249
0.35337863 -0.01039755 0.93542256 187.68994 -0.0048417257 0.99990451 0.012943369 -6.5891485 -0.93546789 -0.0091029687 0.35329454 -35.490595
0.36454857 -0.013312241 0.93108918 188.3037 -0.0037799268 0.99986841 0.015775564 -6.5935077 -0.93117674 -0.0092704075 0.36445028 -35.230044
0.37559783 -0.01540574 0.92665466 188.92009 -0.0036220712 0.99982979 0.018090407 -6.5942865 -0.92677571 -0.010151126 0.3754781 -34.965404
0.38761425 -0.015268651 0.92169517 189.55283 -0.0071406451 0.99978308 0.019565205 -6.5965473 -0.92179405 -0.01416525 0.38742114 -34.67818
0.39712709 -0.017310774 0.91760032 190.15681 -0.0079452741 0.99971978 0.022298605 -6.5889618 -0.91772927 -0.016145966 0.39687827 -34.391603
0.40398727 -0.015898538 0.9146264 190.80074 -0.012538742 0.99965878 0.022914935 -6.5891097 -0.91467871 -0.020725606 0.40365008 -34.102256
0.40851613 -0.017898738 0.91257555 191.44421 -0.013928142 0.99956906 0.025839937 -6.5799552 -0.91264486 -0.023266513 0.40809079 -33.808947
0.4100572 -0.023623613 0.91175378 192.08527 -0.007143425 0.99955065 0.02911116 -6.5728481 -0.91203187 -0.018450285 0.40970419 -33.522059
0.41051699 -0.0212591 0.91160506 192.73727 -0.0061084375 0.99964164 0.02606293 -6.5709099 -0.91183253 -0.016267758 0.41024001 -33.228508
0.40998825 -0.021357255 0.91184068 193.39411 -0.0040230148 0.99967375 0.025223349 -6.5661869 -0.91208197 -0.014009625 0.40976857 -32.932548
0.40884993 -0.020254552 0.9123768 194.06048 -0.00072811665 0.99974612 0.022520411 -6.5626968 -0.91260138 -0.0098717847 0.40873138 -32.641981
0.40878626 -0.02157189 0.91237513 194.72963 0.0028544171 0.99974594 0.022358745 -6.5480345 -0.91262572 -0.006535648 0.40874398 -32.338014
0.40827267 -0.028010474 0.91243014 195.4206 0.0058513764 0.99958889 0.028067904 -6.5478211 -0.91284131 -0.0061203855 0.40826873 -32.031671
0.40704186 -0.03092905 0.91288567 196.096 0.0064612668 0.99949904 0.030982576 -6.5417825 -0.91338669 -0.0067128068 0.40703779 -31.726696
0.40521251 -0.033565772 0.91360609 196.78286 0.0079201882 0.99941716 0.033205611 -6.5293944 -0.91418825 -0.0062193962 0.40524218 -31.422334
0.40347893 -0.033606288 0.91437153 197.47168 0.0070568615 0.99940985 0.033617801 -6.5182995 -0.91496176 -0.0071114804 0.40347797 -31.113393
0.40230676 -0.033837424 0.91487935 198.1557 0.0056590904 0.99938955 0.034474575 -6.5040912 -0.91548748 -0.0086919689 0.40225266 -30.801888
0.39962439 -0.033019065 0.91608407 198.86098 0.0047605513 0.99941234 0.033945824 -6.5001851 -0.91666665 -0.0092045133 0.39954673 -30.516071
0.39936879 -0.029938429 0.91630136 199.54463 0.0058460499 0.9995295 0.030109759 -6.4968547 -0.91677176 -0.0066681537 0.39935591 -30.198909
0.39853117 -0.02365678 0.9168496 200.21967 0.0050676602 0.99970883 0.023591952 -6.4937195 -0.91714083 -0.0047558452 0.39853501 -29.904479
0.39714732 -0.020666417 0.91752212 200.89699 0.0034128091 0.99977277 0.021041818 -6.4832808 -0.91774857 -0.0052253729 0.3971276 -29.597717
0.39595033 -0.023434702 0.91797281 201.5984 0.0025128063 0.99969821 0.024437198 -6.4747976 -0.91826853 -0.007369228 0.39588972 -29.298223
0.39450541 -0.026221614 0.91851937 202.28993 0.00021496819 0.99959537 0.028443818 -6.4750352 -0.91889363 -0.011023787 0.39435142 -28.994782
0.39170793 -0.025695172 0.91973071 202.95708 -0.0039088235 0.99955448 0.029590011 -6.477751 -0.92008135 -0.015185707 0.39143298 -28.700834
0.38780514 -0.025535471 0.92138756 203.64941 -0.0065356032 0.99951488 0.030451489 -6.4702044 -0.92171825 -0.017831067 0.38745011 -28.396252
0.38063132 -0.027072639 0.92433046 204.33659 -0.0058676125 0.99948052 0.031689935 -6.4599747 -0.9247083 -0.017485794 0.38027474 -28.116333
0.37242327 -0.027439162 0.92765723 205.02575 -0.005631627 0.99947761 0.031824445 -6.4497129 -0.92804594 -0.017076383 0.37207419 -27.833093
