1.000000000000000000e+00 -3.306050084167601550e-19 -2.270457535318767223e-19 -8.673617379884035472e-19 7.546676715296109287e-19 1.000000000000000000e+00 6.237773588823049983e-19 1.387778780781445676e-17 -3.447385680526250622e-20 4.770700176052009879e-20 1.000000000000000222e+00 5.551115123125782702e-17
9.999459761811013703e-01 -2.519762988699229302e-03 1.008744283406708651e-02 1.379758244668166829e-02 2.509406806395180281e-03 9.999962880331856319e-01 1.039457227960993756e-03 -8.289081461003211526e-03 -1.009002559839703751e-02 -1.014096266369283756e-03 9.999485996811293687e-01 3.031754517740087307e-01
9.998146649803593133e-01 -5.715494585459017854e-03 1.838875058474732579e-02 3.091849938492569408e-02 5.697614609699875807e-03 9.999832673132683647e-01 1.024923993893993215e-03 -1.199107975798727188e-02 -1.839429914830639085e-02 -9.199945495847252101e-04 9.998304327461980945e-01 5.932739380257898709e-01
9.997526645268701717e-01 -7.928596373284730811e-03 2.077233671795624195e-02 3.706604181574464640e-02 7.925321008082067062e-03 9.999685796607181709e-01 2.401222437985817484e-04 -1.838215286468634913e-02 -2.077358886990008854e-02 -7.538517703711699214e-05 9.997840968654208016e-01 8.924806574704101658e-01
9.997953993142080220e-01 -8.564424423937136432e-03 1.832546190143456363e-02 3.901542581837449258e-02 8.585228335616682319e-03 9.999625883933611625e-01 -1.056288987546752768e-03 -2.450912811497214794e-02 -1.831572689380760524e-02 1.213397854492031126e-03 9.998315151038631443e-01 1.202270554313181972e+00
9.998687654545197478e-01 -1.104466285274377860e-02 1.185128886716307547e-02 3.937548679852009154e-02 1.107550175927650427e-02 9.999354256086633308e-01 -2.538450185215112165e-03 -2.649209675250421836e-02 -1.182248179474530876e-02 2.669409307402450041e-03 9.999265151517221506e-01 1.523609802377316136e+00
9.999243887442798018e-01 -1.230009653519716258e-02 -1.546506973694636810e-04 3.047863197275964969e-02 1.229939891791171844e-02 9.999167459947072567e-01 -3.909859746025320416e-03 -3.509389809757028356e-02 2.027265767420835584e-04 3.907662587304569675e-03 9.999923298835107222e-01 1.844404460557018011e+00
9.997879127835066493e-01 -1.097184905796324585e-02 -1.743627374033250577e-02 9.622087050242046288e-03 1.090027250935594189e-02 9.999317905970046549e-01 -4.196398454540926221e-03 -4.294116455128151044e-02 1.748111488270186892e-02 4.005545746863433190e-03 9.998392818527956916e-01 2.172375174209212556e+00
9.993936191616104026e-01 -7.652484469689728279e-03 -3.396036844024476892e-02 -2.423377720930495680e-02 7.520667792312645157e-03 9.999636928521904444e-01 -4.008094151508616657e-03 -4.295070262181260867e-02 3.398980427970992035e-02 3.750194064023626775e-03 9.994148919084711036e-01 2.517340830325145440e+00
9.984939071256934140e-01 -3.228264861031495889e-03 -5.477462023632063276e-02 -6.585394209066487703e-02 2.954972851032018014e-03 9.999827739178950292e-01 -5.070047111390685139e-03 -4.865327791451055928e-02 5.479005032531029940e-02 4.900555292630924716e-03 9.984862238865266360e-01 2.873202252545304702e+00
9.972059810653137735e-01 -1.815140986596619748e-03 -7.467206741909526713e-02 -1.165382626280680040e-01 1.396610227546915073e-03 9.999830437093530922e-01 -5.656811784665293982e-03 -5.242367827076743758e-02 7.468107357734769802e-02 5.536714466318951207e-03 9.971915685251990791e-01 3.232311820198684238e+00
9.953131523403433434e-01 -3.169263021650966898e-03 -9.664915657740542898e-02 -1.640382367327470059e-01 2.705271496798210620e-03 9.999842026928069671e-01 -4.929977696737995740e-03 -5.754536450117431201e-02 9.666326466944949458e-02 4.645382922235577819e-03 9.953059727180095795e-01 3.619438795925142394e+00
9.932919965249195071e-01 -5.000718705138830489e-03 -1.155334729574424707e-01 -2.242214236281083739e-01 4.581108845275032662e-03 9.999818863540896885e-01 -3.896985121278746973e-03 -6.295870501567418787e-02 1.155508851962848416e-01 3.341546120050227931e-03 9.932969522345166391e-01 4.009259172949945160e+00
9.911034869247118406e-01 -3.499017562002087762e-03 -1.330429120103019947e-01 -3.013045450211027099e-01 3.190262922532845387e-03 9.999917313255494156e-01 -2.533875389304931711e-03 -7.000312950077668128e-02 1.330506903742622038e-01 2.086958072376917262e-03 9.911064175872941195e-01 4.404709440861661385e+00
9.886652143194948339e-01 -2.247247727470427607e-03 -1.501027019465053791e-01 -3.805876403821350507e-01 1.968715553340445300e-03 9.999960396903578852e-01 -2.004789255348098445e-03 -7.485525528977433896e-02 1.501066254796109556e-01 1.686559043493386211e-03 9.886657351640367741e-01 4.817360701003450707e+00
9.867046178369701659e-01 -1.745461974479321039e-03 -1.625054070427257580e-01 -4.675365262208342476e-01 1.442798052267587521e-03 9.999970233135719866e-01 -1.980858086538394777e-03 -7.937196708036042825e-02 1.625083801138526296e-01 1.720161132045857971e-03 9.867041968621536041e-01 5.239567415193867816e+00
9.846242395488848942e-01 -2.980949153300776252e-03 -1.746787048016177901e-01 -5.615412246549813524e-01 2.570697685843610896e-03 9.999933925265975798e-01 -2.574740341328460996e-03 -8.621095054007893443e-02 1.746852401811373745e-01 2.085973550169062298e-03 9.846253579414548929e-01 5.677845123011974415e+00
9.829473278562211869e-01 -6.056385541737889858e-03 -1.837979416006882694e-01 -6.460561484858052816e-01 5.324276479137173695e-03 9.999758117684748315e-01 -4.475188138875321568e-03 -9.911105909840184358e-02 1.838206121697332218e-01 3.420492701624520005e-03 9.829557642411184126e-01 6.126915885036447129e+00
9.815978458700150844e-01 -4.783063391631158651e-03 -1.909094678677046575e-01 -7.458971934634945899e-01 3.606406651800058306e-03 9.999723261433638433e-01 -6.510640972559158905e-03 -1.033836079924435880e-01 1.909353355199294444e-01 5.702436224901246895e-03 9.815878990277286942e-01 6.592409025095180120e+00
9.799701144111232498e-01 -4.659406233077681772e-03 -1.990777696909630246e-01 -8.547335500950767884e-01 3.076307732042587919e-03 9.999611447614950022e-01 -8.261239947174169040e-03 -1.061054063200225078e-01 1.991085423957872358e-01 7.483470722008977657e-03 9.799464106386308604e-01 7.070590265663240892e+00
9.781666326175801895e-01 -5.353013303798936744e-03 -2.077463734173392862e-01 -9.662888997456248186e-01 3.251357549740457008e-03 9.999400367589658112e-01 -1.045753897181100379e-02 -1.139916098496428359e-01 2.077899116685179848e-01 9.553816224171403360e-03 9.781254015463060059e-01 7.553825121971945222e+00
9.766043884726514079e-01 -9.325242676855156204e-03 -2.148132954104312320e-01 -1.080135772257150295e+00 6.825930623425134451e-03 9.999001722905833667e-01 -1.236949058023421692e-02 -1.201689682905683620e-01 2.149072309996131469e-01 1.061361744931961851e-02 9.765705501490885565e-01 8.057214861691960550e+00
9.747720189343311858e-01 -1.510172834813202671e-02 -2.227172977336993598e-01 -1.198568557799106760e+00 1.238347497891087966e-02 9.998308043892140118e-01 -1.359875100265281987e-02 -1.396329525515012104e-01 2.228850306533919912e-01 1.049758897752345148e-02 9.747941445643335534e-01 8.580006815741839432e+00
9.729671735137145339e-01 -1.569213296495108878e-02 -2.303999224831322912e-01 -1.329865330468486873e+00 1.251862332158473409e-02 9.998057568379742355e-01 -1.523006083144238729e-02 -1.599052658035173824e-01 2.305941124937242181e-01 1.193447547598086404e-02 9.729745047412375891e-01 9.106896435371023557e+00
9.709604611660348494e-01 -1.137210855461212242e-02 -2.389773387875185617e-01 -1.478240472705532493e+00 7.036600469803686898e-03 9.997949451067541515e-01 -1.898609800018319360e-02 -1.562481601055584757e-01 2.391442952229961005e-01 1.675319392578211372e-02 9.708413997765583670e-01 9.635526427249862635e+00
9.691966941675284053e-01 -9.971676158173575430e-03 -2.460693375368903368e-01 -1.633595509136301915e+00 4.610205516953692559e-03 9.997394487524585704e-01 -2.234822636486654204e-02 -1.709446198125212923e-01 2.462282383078624737e-01 2.052445627043196497e-02 9.689902687087363908e-01 1.018283260288245096e+01
9.666007238562164261e-01 -1.145557956894705139e-02 -2.560190553688097559e-01 -1.785790996181641166e+00 5.301830309386067544e-03 9.996805352306167292e-01 -2.471568679094826582e-02 -1.889960229713542050e-01 2.562204112129114475e-01 2.253230116742863803e-02 9.663527965276383913e-01 1.074927641111134768e+01
9.644910033435730723e-01 -1.398596406701754086e-02 -2.636989001661471654e-01 -1.946653001443075404e+00 7.337769183348141419e-03 9.996303861528608170e-01 -2.617706558091760852e-02 -2.151044140799392157e-01 2.639675761557596090e-01 2.331182908976531937e-02 9.642372249482989988e-01 1.131865181935505582e+01
9.623865399959748990e-01 -1.340086316587289252e-02 -2.713039620966248289e-01 -2.124787330738938884e+00 5.710188090475512221e-03 9.995598292175054134e-01 -2.910966254782545656e-02 -2.317918240980011146e-01 2.715746576618564556e-01 2.646528708770225224e-02 9.620395292812402577e-01 1.190322011612312814e+01
9.598433368225137707e-01 -1.255914643155630478e-02 -2.801957431177363733e-01 -2.313640505358400823e+00 3.708462616272520471e-03 9.994780778085448070e-01 -3.208657901340135343e-02 -2.534606338767163569e-01 2.804524731816904759e-01 2.975899585851587981e-02 9.593890555685267163e-01 1.249407210980538885e+01
9.580447263333543573e-01 -1.376109049884077611e-02 -2.863283047116844671e-01 -2.503715362441558678e+00 3.258101511347124592e-03 9.993050881278576769e-01 -3.712652212678326652e-02 -2.796326925707898758e-01 2.866404600317670193e-01 3.463499940935911570e-02 9.574238285556034844e-01 1.309243008103494965e+01
9.561025057312926290e-01 -1.444862516071942528e-02 -2.926026743521480955e-01 -2.698695225249155616e+00 1.650207949782415149e-03 9.990332902190882658e-01 -4.393955905948915969e-02 -3.192965058851259252e-01 2.929544030424511281e-01 4.152859778608078423e-02 9.552021290068947179e-01 1.370748242679840878e+01
9.549246287104238284e-01 -1.502308256110080134e-02 -2.964798121742429626e-01 -2.903294195176474357e+00 -6.172799242813250707e-04 9.986159152710749609e-01 -5.259956326984777109e-02 -3.491920081087277472e-01 2.968595677914510067e-01 5.041210760744820746e-02 9.535936313190993552e-01 1.433232171542653433e+01
9.536971979512599562e-01 -1.524878850211160847e-02 -3.003307392849314805e-01 -3.114187814973806034e+00 -3.111438783258903707e-03 9.981602909641603683e-01 -6.057003287935119884e-02 -3.889001131866639538e-01 3.007014751291480215e-01 5.870089369609922392e-02 9.518951956777805812e-01 1.496933958087026006e+01
9.523811405003648201e-01 -1.451974609341837204e-02 -3.045028842655880252e-01 -3.339228369987669698e+00 -7.011858841455973629e-03 9.975585066291012826e-01 -6.949914568157573858e-02 -4.352521373510452873e-01 3.047682157270759640e-01 6.832590125716969665e-02 9.499540539470419098e-01 1.561741706772527216e+01
9.513120096017099181e-01 -1.368484497257461616e-02 -3.079460770138192083e-01 -3.564588515737804109e+00 -1.041416094973694403e-02 9.970164805165910860e-01 -7.648028403445931989e-02 -4.896584284730876591e-01 3.080742068298612524e-01 7.596256182029507975e-02 9.483312417466283062e-01 1.627296234611666037e+01
9.494161513959086252e-01 -1.208453169334604976e-02 -3.138374160339911789e-01 -3.803214212312791886e+00 -1.475642558806169319e-02 9.964384637528311828e-01 -8.302017487351867620e-02 -5.463691492234515890e-01 3.137232438092885101e-01 8.345062771505078192e-02 9.458562622697785915e-01 1.694417581680638918e+01
9.478327709103684384e-01 -1.055796740999428301e-02 -3.186219454463976586e-01 -4.046206507578524736e+00 -1.874676413093534499e-02 9.958752278403212310e-01 -8.876312777641839902e-02 -6.146090180937008318e-01 3.182451318609303970e-01 9.010468183876703396e-02 9.437251129169436092e-01 1.761461983743019033e+01
9.465797180707563596e-01 -9.355633800543123463e-03 -3.223089630877177814e-01 -4.298555463776865260e+00 -2.228142039340407984e-02 9.952925318186726100e-01 -9.432430785796426520e-02 -6.864705879107679820e-01 3.216739006700791159e-01 9.646806196730732530e-02 9.419152032851624279e-01 1.830036183489660218e+01
9.447726225084163154e-01 -6.176525129476709286e-03 -3.276621988273845654e-01 -4.562448792962262800e+00 -2.727678118542679192e-02 9.948712917770938802e-01 -9.739474040951660860e-02 -7.564157735717952358e-01 3.265829235213272286e-01 1.009546343996721579e-01 9.397586039868899288e-01 1.900256774502146584e+01
9.430803948208744680e-01 -5.155374472078712821e-03 -3.325152737585838070e-01 -4.830417233764848106e+00 -2.921112293376199043e-02 9.947311678810011326e-01 -9.829698662747388127e-02 -8.303920781176834520e-01 3.312698354794207933e-01 1.024171885808897314e-01 9.379607942851241331e-01 1.971427567781017842e+01
9.406171825656984842e-01 -4.376239203867379225e-03 -3.393947653096387462e-01 -5.103223499525540774e+00 -3.047252035226750630e-02 9.947915898475314656e-01 -9.725410569565862140e-02 -9.153277027230493079e-01 3.380522058450793343e-01 1.018228461688222425e-01 9.355846629696132899e-01 2.043533235020255034e+01
9.386360412327835467e-01 -5.246311821249239650e-03 -3.449361859706220335e-01 -5.378141319026749301e+00 -2.982412011248217198e-02 9.949047033003838303e-01 -9.630654802431982964e-02 -9.977656250509491231e-01 3.436847854374011080e-01 1.006805659271485104e-01 9.336967637637996198e-01 2.116677230379907826e+01
9.360762410918730403e-01 -3.611804394184361510e-03 -3.516985404277739868e-01 -5.670487295446643650e+00 -3.144896421436032402e-02 9.950846328939414454e-01 -9.389712932874877405e-02 -1.077412427527732142e+00 3.503084961706201539e-01 9.895797918385187963e-02 9.313613108629710258e-01 2.190215843164447662e+01
9.340215266900462332e-01 -3.670051630647516976e-03 -3.571471964711486202e-01 -5.966091309056452019e+00 -3.093774496185241335e-02 9.953588327691000881e-01 -9.113064820641360309e-02 -1.161643743667712281e+00 3.558239351066752043e-01 9.616873883904375475e-02 9.295728184697784613e-01 2.263589741160182101e+01
9.292289999170484371e-01 -1.167566430960000632e-03 -3.694538885541872042e-01 -6.285034824970718859e+00 -3.272673931900042105e-02 9.958050444399102474e-01 -8.545304395917317775e-02 -1.235421177766407697e+00 3.680037449941984673e-01 9.149783727614120565e-02 9.252926129382686993e-01 2.340143558940656021e+01
9.264327953176354491e-01 1.631548831318910871e-03 -3.764541723187200817e-01 -6.605596461379053430e+00 -3.419593559069120797e-02 9.962212619282020398e-01 -7.982042404241469769e-02 -1.311454570817478293e+00 3.749013639659561359e-01 8.682086343974089460e-02 9.229877941793336316e-01 2.415965219598302127e+01
9.229003398900136323e-01 4.385151150869216752e-03 -3.850372035807149707e-01 -6.939610462578689187e+00 -3.629850338807058541e-02 9.964727631638531369e-01 -7.567599901730738543e-02 -1.387225495788623197e+00 3.833475490168543054e-01 8.381747441811568389e-02 9.198042074128998102e-01 2.490840897251234054e+01
9.199368125449528533e-01 5.398297775654354799e-03 -3.921262006965030578e-01 -7.280431770724011820e+00 -3.738090858121793231e-02 9.965577338813610409e-01 -7.401309246889245519e-02 -1.458008095491247547e+00 3.903772294305228319e-01 8.274359070686719553e-02 9.169719238152330698e-01 2.567172484517268316e+01
9.151602953123583184e-01 6.402039517159871344e-03 -4.030272563547013243e-01 -7.631246322906065416e+00 -3.907030642891275163e-02 9.965747381589673548e-01 -7.289885005223832593e-02 -1.531556885446551108e+00 4.011800871833677840e-01 8.246268801884791555e-02 9.122756367137636602e-01 2.644703503756194252e+01
9.116108587027126342e-01 6.305351132953639255e-03 -4.110029590157326385e-01 -7.994158922457860861e+00 -3.930251026066051284e-02 9.966382647331477607e-01 -7.187810265738833748e-02 -1.597097486938175770e+00 4.091677195427568803e-01 8.168032775200965989e-02 9.087941810074992022e-01 2.722431555722374341e+01
9.081249778554228991e-01 7.465629550829565655e-03 -4.186819359616705261e-01 -8.371068714713445047e+00 -4.039760274566030207e-02 9.967386540775052817e-01 -6.983324485835067097e-02 -1.664302046747526687e+00 4.167952138810345764e-01 8.032656061779348822e-02 9.054647324393256813e-01 2.800827786468746439e+01
9.045619080935832779e-01 6.886272813738315152e-03 -4.263506936778920786e-01 -8.753536172884139432e+00 -3.950745773450152487e-02 9.969211677731493193e-01 -6.773933120149901177e-02 -1.737105725668999900e+00 4.245716987355817040e-01 7.811817017672945118e-02 9.020490476989414530e-01 2.880125826527164890e+01
9.009813259465666579e-01 7.241770199924789202e-03 -4.337836440295974594e-01 -9.149866281196329609e+00 -3.858474297528970837e-02 9.972361237525073641e-01 -6.349459077106396621e-02 -1.803870022207526791e+00 4.321244727220507342e-01 7.394841847885856578e-02 8.987707991259994422e-01 2.960196066065025988e+01
8.970270711446257650e-01 9.334885410557512697e-03 -4.418740329453522686e-01 -9.560045418090584946e+00 -3.906470686361846606e-02 9.975385693134563025e-01 -5.823089247984095801e-02 -1.862463917691550952e+00 4.402427437707247537e-01 6.949739722663834940e-02 8.951837434683098671e-01 3.041575112368735390e+01
8.933888518781728516e-01 8.891117608002300013e-03 -4.491429935523794104e-01 -9.985057924884680247e+00 -3.699153963370517550e-02 9.978652192991340764e-01 -5.381666546751747576e-02 -1.925586894597046017e+00 4.477055959471406554e-01 6.469500449505470596e-02 8.918105922328802837e-01 3.122720939288356234e+01
8.897720106405235807e-01 8.701579559013475351e-03 -4.563519128114409962e-01 -1.041417290823109809e+01 -3.635276794569276132e-02 9.979928662081843926e-01 -5.184320573846152441e-02 -1.986397224051142274e+00 4.549848462780632929e-01 6.271622784244328119e-02 8.883023800787824831e-01 3.204775290944746757e+01
8.864219234396378821e-01 9.371191126672945640e-03 -4.627851119751635323e-01 -1.085772688674930819e+01 -3.672941363623031391e-02 9.980666608052073396e-01 -5.013720367129122224e-02 -2.044431514166449304e+00 4.614208737206663136e-01 6.143672338563573032e-02 8.850520832890297340e-01 3.287647787161657220e+01
8.840077859447530439e-01 7.830117185759830414e-03 -4.673683441734502453e-01 -1.131346343844001723e+01 -3.483022769218892256e-02 9.981837580725219095e-01 -4.915677021548883058e-02 -2.094816959318705596e+00 4.661345151420268618e-01 5.973624722742225390e-02 8.826749868779584229e-01 3.371122035582295950e+01
8.809602942993647323e-01 7.277505993751357330e-03 -4.731992689094930982e-01 -1.178097187447023941e+01 -3.353614884067737667e-02 9.983277183764922569e-01 -4.709620573366843366e-02 -2.151054740698256751e+00 4.720654920266809107e-01 5.735724975468967091e-02 8.797312429622657914e-01 3.455775336603865355e+01
8.781522792096334573e-01 7.136366690050743866e-03 -4.782834170522319295e-01 -1.225189862757317272e+01 -3.339491160183365170e-02 9.983639496287373127e-01 -4.641425282671760022e-02 -2.210239104800263199e+00 4.771696903410176938e-01 5.673206182707320883e-02 8.769537747665183680e-01 3.541384336989179360e+01
8.777564022647307285e-01 5.624329192660629598e-03 -4.791213038031714722e-01 -1.273585916442986310e+01 -3.196930164676056035e-02 9.983902511316561368e-01 -4.685112543191841811e-02 -2.263719948050987085e+00 4.780868749543053520e-01 5.643581922871707124e-02 8.765230982477477673e-01 3.627464031068611661e+01
8.755709268702016601e-01 5.156159499935696576e-03 -4.831469093829010020e-01 -1.323097824390441346e+01 -3.234190987379528814e-02 9.983251888866521151e-01 -4.796832643875010432e-02 -2.316755953528757406e+00 4.820904444429131575e-01 5.762491737683654580e-02 8.742713990441719485e-01 3.715447005838026229e+01
8.763035103904045497e-01 5.435981174643031259e-03 -4.818404260931408167e-01 -1.373407555040279071e+01 -3.209994093709227225e-02 9.983731142695823069e-01 -4.712703661742753680e-02 -2.375198628755449626e+00 4.808007718832683075e-01 5.675875795788644373e-02 8.750521742062853381e-01 3.804240328749332178e+01
8.749709071955461548e-01 6.344447846907369341e-03 -4.840855439300963403e-01 -1.423940349590635535e+01 -3.186745311537632352e-02 9.985005785884524254e-01 -4.449912942284538903e-02 -2.427509951471646499e+00 4.830774410211851611e-01 5.436116019043416014e-02 8.738610275483688072e-01 3.894426519350900406e+01
8.746934102798544775e-01 4.966702790006900098e-03 -4.845930948395479332e-01 -1.475731926935955407e+01 -3.012796204162281402e-02 9.985709177174449946e-01 -4.414955071750412824e-02 -2.486876142499455877e+00 4.836813705569758537e-01 5.321920412060886230e-02 8.735930171069185013e-01 3.985475554814455990e+01
8.752223704122138459e-01 1.929727832373808773e-03 -4.837309225611686192e-01 -1.527805099128756083e+01 -2.713542904065084638e-02 9.986132166174142011e-01 -4.511265792760996846e-02 -2.542554115060198239e+00 4.829732666396635565e-01 5.260749199740354792e-02 8.740609650562486399e-01 4.077372409670666542e+01
8.731544959964739894e-01 7.301241691709438189e-04 -4.873576575476427086e-01 -1.580919546377636564e+01 -2.617368508672726288e-02 9.986264169655927336e-01 -4.538871329105019503e-02 -2.596172487102402116e+00 4.866548739019311842e-01 5.239092847882265147e-02 8.719743680094607097e-01 4.170140628318520015e+01
8.723701483106127696e-01 2.575720733082767868e-04 -4.889363605862350748e-01 -1.634368032638176871e+01 -2.486439760476346489e-02 9.987288123931320483e-01 -4.384966952784460220e-02 -2.654677200771472734e+00 4.883036501035523114e-01 5.040872103697701528e-02 8.712677704630948927e-01 4.263559259380645727e+01
8.707215839561437409e-01 1.152205054272856504e-03 -4.917496731194537229e-01 -1.688426249586191830e+01 -2.355411944531294460e-02 9.989472381444363114e-01 -3.936366061063249766e-02 -2.716686184160734818e+00 4.911865875379495261e-01 4.585992896075324204e-02 8.698321773501039855e-01 4.357346360198444302e+01
8.678787530559499697e-01 1.387411182877717596e-03 -4.966584373745877579e-01 -1.742821394990411932e+01 -2.171392693373931648e-02 9.991462435222585592e-01 -3.514519335636278469e-02 -2.770805491674340537e+00 4.961856459434485500e-01 4.128873009164964886e-02 8.671679708366476502e-01 4.450756154126967346e+01
8.647542327277546459e-01 -2.630271020890460258e-04 -5.023044114564154672e-01 -1.797231344818617771e+01 -1.877706391881817788e-02 9.992837757598839188e-01 -3.286385814577622716e-02 -2.828323526209806094e+00 5.019534837912169589e-01 3.784901228384234678e-02 8.641298830147420285e-01 4.543281464375590417e+01
8.588603657875041320e-01 -3.201045294715792588e-03 -5.121487129543790262e-01 -1.852532407738314291e+01 -1.694623183609779427e-02 9.992555015646701344e-01 -3.466507857264505832e-02 -2.882735095237647371e+00 5.118785823197350426e-01 3.844997812562927358e-02 8.581665003541247838e-01 4.635229534436740551e+01
8.534842033036302844e-01 -5.352282634252295522e-03 -5.209413531507445239e-01 -1.909356218174239217e+01 -1.677411497403305529e-02 9.991468822101114977e-01 -3.774332981752642757e-02 -2.942138621352066163e+00 5.206986639001089934e-01 4.095733316869516749e-02 8.526663249743869910e-01 4.725918911814149936e+01
8.473483978976548148e-01 -5.753340097247839138e-03 -5.311448921284936953e-01 -1.967182213172288741e+01 -1.649486917708716666e-02 9.991736720735127086e-01 -3.714324232135450543e-02 -2.987453705378642077e+00 5.309200998465036792e-01 4.022865244040007421e-02 8.465531100825437472e-01 4.817279295064402334e+01
8.420593423250530840e-01 -2.798439180344408899e-03 -5.393508556401407361e-01 -2.027397301785149253e+01 -1.714887407583577661e-02 9.993420770844408940e-01 -3.195321639428813643e-02 -3.035402454289163554e+00 5.390853361400435029e-01 3.615776573817611195e-02 8.414574649250707861e-01 4.908299039880370174e+01
8.376474831140817701e-01 5.672171690060552043e-04 -5.462388493095688968e-01 -2.087666558885324619e+01 -1.850528783911723624e-02 9.994549452219172458e-01 -2.735017674419614603e-02 -3.090566396241023028e+00 5.459256735867196175e-01 3.301753018801649453e-02 8.372014609385983741e-01 4.998420534186379172e+01
8.332860481297487132e-01 1.771839331889426194e-03 -5.527938925514508384e-01 -2.148073852924419924e+01 -2.098963104876662433e-02 9.993753893964021362e-01 -2.843799758187999169e-02 -3.134129486047383395e+00 5.523983060495437636e-01 3.529921073660401837e-02 8.328024868818084681e-01 5.087315816357176601e+01
8.297342087855976711e-01 -8.241674164708750376e-04 -5.581769738571362716e-01 -2.208815047797866171e+01 -2.114936966202884960e-02 9.992343541088447578e-01 -3.290884555649320475e-02 -3.183902385416492731e+00 5.577767437464367095e-01 3.911046135226287773e-02 8.290813781684849282e-01 5.176045182894940666e+01
8.272650777000800648e-01 -2.008610048448852652e-03 -5.619411284171181853e-01 -2.270040772687119812e+01 -2.425553474738397289e-02 9.989335526834295376e-01 -3.928669342673243164e-02 -3.236435569681277435e+00 5.614210196191921076e-01 4.612622491109445722e-02 8.263340067357839436e-01 5.263972863212523379e+01
8.233734768928370196e-01 -3.390655781388127177e-03 -5.674719593053940692e-01 -2.332245961899417708e+01 -2.376133419873394451e-02 9.988992051598829525e-01 -4.043434547651843236e-02 -3.290413445160093264e+00 5.669842298965834804e-01 4.677778515395144415e-02 8.223865987242577891e-01 5.351908543763241255e+01
8.214978809484990707e-01 -1.444700699664017846e-03 -5.702386706519889659e-01 -2.394352811426984218e+01 -2.341172810755789285e-02 9.990682313987696572e-01 -3.627079326606739290e-02 -3.350682128125396009e+00 5.697597177911145616e-01 4.314740992196532121e-02 8.206983858865267711e-01 5.440247875487310836e+01
8.184495008486438739e-01 4.559801820697924920e-04 -5.744459132668127133e-01 -2.458828632588891949e+01 -2.203375305115672783e-02 9.992890313584901207e-01 -3.060440148505784788e-02 -3.396444965955668582e+00 5.740234229099664409e-01 3.771052075342131576e-02 8.178776510738109407e-01 5.528321867721244587e+01
8.147505245737605151e-01 3.230040945806411483e-03 -5.799023811012394836e-01 -2.522451994534127451e+01 -2.328913738817129514e-02 9.993598414457748325e-01 -2.716879391417542297e-02 -3.446830628508115613e+00 5.794434907708431171e-01 3.564085347522404079e-02 8.143041456610679019e-01 5.616370714759879945e+01
8.124975897273336578e-01 4.133771603933989250e-03 -5.829229335544705570e-01 -2.586195463563770502e+01 -2.496010871743660139e-02 9.993046726307863725e-01 -2.771116819972414477e-02 -3.491419587577190953e+00 5.824032495634736684e-01 3.706473947021998033e-02 8.120356854873389540e-01 5.703857102072750962e+01
8.083079288905145043e-01 2.065655355782359311e-03 -5.887702458831149954e-01 -2.651431044470614040e+01 -2.363646650041317798e-02 9.993016838750914399e-01 -2.894144813767063687e-02 -3.532634330756685870e+00 5.882996310707684362e-01 3.730456965247956613e-02 8.077920128676340239e-01 5.790391078422047144e+01
8.049640042267557360e-01 7.337526659110209367e-04 -5.933566531453660087e-01 -2.716533323133513989e+01 -2.371251695255582187e-02 9.992401399977846044e-01 -3.094062221367999826e-02 -3.586535465403012157e+00 5.928830610009537816e-01 3.897693050722519925e-02 8.043697097450339673e-01 5.878224040753017476e+01
8.010004792185090317e-01 -1.583364776309857625e-03 -5.987278948695099468e-01 -2.782684530700331749e+01 -2.178672905732918427e-02 9.992570624823657877e-01 -3.178254962660943123e-02 -3.630818192342935902e+00 5.983336374354576437e-01 3.849718914146438992e-02 8.003707150969159301e-01 5.964463917952304683e+01
7.951206612775335580e-01 -9.388162229040190052e-04 -6.063713666203959241e-01 -2.849737905864505549e+01 -2.132023820532555694e-02 9.993374900052588439e-01 -2.949625697963869503e-02 -3.678192993702201541e+00 6.059973118398430669e-01 3.637972341417140126e-02 7.945737834553669998e-01 6.051434215529518212e+01
7.921403149429473434e-01 -6.458496584378595629e-04 -6.103496606100581312e-01 -2.917499025132878643e+01 -2.179979585576006726e-02 9.993313971551237573e-01 -2.935896188462966405e-02 -3.727734136046787050e+00 6.099607925635343042e-01 3.656111265341719513e-02 7.915963606977971523e-01 6.137241749239915833e+01
7.867660866168454392e-01 -2.188720495054729751e-03 -6.172437524602292225e-01 -2.986055541676955727e+01 -2.073961546156259314e-02 9.993352865099774940e-01 -2.996938099717875309e-02 -3.778998064828698045e+00 6.168992507799939684e-01 3.637756913132971642e-02 7.861976900788962830e-01 6.222183662201612719e+01
7.808311452241744055e-01 -2.532723966712530084e-03 -6.247031632218630337e-01 -3.055841745730042547e+01 -2.057316226567452999e-02 9.993451197343520276e-01 -2.975921094311774484e-02 -3.826762535469000692e+00 6.243693694726789589e-01 3.609048109124666365e-02 7.802676132153020250e-01 6.307766343461311465e+01
7.769449700972876904e-01 -5.019566469475068675e-03 -6.296523164561999009e-01 -3.126227354334642783e+01 -1.883743416983234623e-02 9.993351272550449194e-01 -3.120854618797404972e-02 -3.870531703901039844e+00 6.293902796523064280e-01 3.610725436223872348e-02 7.763339954745109850e-01 6.393833515183983707e+01
7.710360036461726407e-01 -5.402739944028098901e-03 -6.368236178525118474e-01 -3.197437892583456431e+01 -1.940163646699118866e-02 9.993003493814256455e-01 -3.196781032610974266e-02 -3.928432350154916541e+00 6.365509324906111210e-01 3.700251721081838224e-02 7.703917987706502268e-01 6.478048081289091442e+01
7.648929110808055931e-01 -8.046108481991706696e-03 -6.440301750100926315e-01 -3.269387415491839732e+01 -1.743399738686327721e-02 9.992971062205574517e-01 -3.318306208866030060e-02 -3.971662746862594240e+00 6.438447060343839290e-01 3.660748720073678936e-02 7.642148741895732345e-01 6.562571052235441016e+01
7.584986268483782101e-01 -8.587797137722652172e-03 -6.517677529245452517e-01 -3.342982586678783719e+01 -1.664275383729551042e-02 9.993317771104615055e-01 -3.253378910434328447e-02 -4.023776664435359862e+00 6.516118919061284487e-01 3.551903153287921944e-02 7.578487170586163391e-01 6.646951555823612523e+01
7.525422255862148635e-01 -8.897656834936467501e-03 -6.585239802410491894e-01 -3.416809253203802399e+01 -1.542287114595207627e-02 9.993962904604964947e-01 -3.113629108952145619e-02 -4.072566383202341989e+00 6.584036571547278172e-01 3.358585718355930338e-02 7.519506274202381046e-01 6.731391352626580726e+01
7.473757580498381348e-01 -9.788783028642696407e-03 -6.643856903810477776e-01 -3.492060083194959219e+01 -1.360189873912393682e-02 9.994564951164894850e-01 -3.003331024803484323e-02 -4.121487295024923725e+00 6.643187176969844732e-01 3.148087820426325595e-02 7.468363626516963949e-01 6.814436884036122422e+01
7.405666276629249145e-01 -1.110561447753059643e-02 -6.719304213432812922e-01 -3.568967455169774183e+01 -1.288174478858068565e-02 9.994451529743803020e-01 -3.071387118784791453e-02 -4.180474080398224324e+00 6.718988055559080852e-01 3.139924840744003076e-02 7.400125571312496930e-01 6.898457276856328235e+01
7.338394331116946390e-01 -1.224490284158017729e-02 -6.791096241354918073e-01 -3.646560695072168556e+01 -1.259680318240161134e-02 9.994203639104832781e-01 -3.162909640368197911e-02 -4.232779926875166687e+00 6.791032722320394788e-01 3.176518217864772453e-02 7.332597375656823013e-01 6.980728376074689834e+01
7.291956053018298078e-01 -1.222157230793394049e-02 -6.842890277914511765e-01 -3.725299740100499690e+01 -1.283196914695533888e-02 9.994204727241331465e-01 -3.152439768381180840e-02 -4.271339975121129839e+00 6.842780637974406055e-01 3.176210710714236218e-02 7.286161588362198849e-01 7.063048248751476876e+01
7.230669896566404020e-01 -1.118270870690481547e-02 -6.907553225219483783e-01 -3.804987662113863678e+01 -1.363841479247628399e-02 9.994430075657385615e-01 -3.045554438883024337e-02 -4.320747298113449375e+00 6.907111744855597424e-01 3.144215666258901032e-02 7.225117513204067921e-01 7.145479575194262623e+01
7.181542421043906055e-01 -1.041222885043398272e-02 -6.957737228979516964e-01 -3.885800507063682119e+01 -1.462367335667059259e-02 9.994414412570874484e-01 -3.004853829488750294e-02 -4.371235134206013839e+00 6.956980961517915674e-01 3.175157322373179519e-02 7.176009547458217508e-01 7.227561327550786530e+01
7.131827422913615822e-01 -1.095927750677488585e-02 -7.008412688586883599e-01 -3.968001672010709768e+01 -1.464840131714714375e-02 9.994264738614284660e-01 -3.052608956242561927e-02 -4.420278924129061870e+00 7.007739500021362700e-01 3.203755310729029804e-02 7.126130614885066716e-01 7.309052991633562613e+01
7.085363887660990345e-01 -1.268249887443345832e-02 -7.056308120351100222e-01 -4.050218016670802967e+01 -1.499136244034254307e-02 9.993423276530077892e-01 -3.301802984048687190e-02 -4.473336411230404153e+00 7.055857834229708470e-01 3.396653766354377352e-02 7.078802509804904552e-01 7.391173279112106798e+01
7.047853369456367201e-01 -1.484933044561306641e-02 -7.092893896585664715e-01 -4.132863731650345329e+01 -1.471606275039979116e-02 9.992597585359622725e-01 -3.555294308612132193e-02 -4.528756884790343662e+00 7.092925806152343693e-01 3.549216077639694850e-02 7.040449595072623135e-01 7.472511985856500871e+01
6.989389216026314910e-01 -1.512580562217804431e-02 -7.150552871036638392e-01 -4.217796748505758586e+01 -1.548817432845957416e-02 9.992217470637735355e-01 -3.627780078512515827e-02 -4.579101873723057992e+00 7.150473716186355189e-01 3.643365365812323980e-02 6.981607472347792775e-01 7.553460319572636195e+01
6.938277836680235566e-01 -1.453364772002735915e-02 -7.201605570245822596e-01 -4.302865233990329585e+01 -1.476935053544097161e-02 9.992988497295155481e-01 -3.440193518037899106e-02 -4.634439000220438309e+00 7.201557914911813629e-01 3.450133710709184232e-02 6.931266043267652055e-01 7.634875413505326947e+01
6.901883215919645265e-01 -1.581184736131522467e-02 -7.233777671306264034e-01 -4.388649794006929739e+01 -1.259996301019346981e-02 9.993470608753989293e-01 -3.386331317167107918e-02 -4.688631123573020254e+00 7.234407666226749800e-01 3.248964362531158584e-02 6.895384757937451647e-01 7.715409198831000026e+01
6.840283183473283568e-01 -1.579499828474722686e-02 -7.292803240682637078e-01 -4.475714849203300361e+01 -1.284756862016491440e-02 9.993496237715293606e-01 -3.369015374681980091e-02 -4.746522648184455129e+00 7.293384770291047037e-01 3.240985474699790980e-02 6.833804640434043565e-01 7.795819210099993768e+01
6.814986153802377045e-01 -1.678148114814848740e-02 -7.316960808211134815e-01 -4.563822576389514296e+01 -1.158772618789391182e-02 9.993642734490334467e-01 -3.372644593509101923e-02 -4.797643828639584385e+00 7.317968526057243572e-01 3.146302703233534726e-02 6.808709649877151548e-01 7.875954724817900399e+01
6.760318252135140149e-01 -1.682367002674468870e-02 -7.368268592349145329e-01 -4.651846900643670324e+01 -1.093217078015248055e-02 9.994003110320757166e-01 -3.285751367093304315e-02 -4.851762394865954953e+00 7.369377949863261668e-01 3.026822527575644475e-02 6.754424069444130430e-01 7.955819480673270050e+01
6.718923554451967650e-01 -1.736521141962324433e-02 -7.404423747393198418e-01 -4.741005541980806726e+01 -1.018658741472924963e-02 9.994139387695387677e-01 -3.267704685520887026e-02 -4.903569173879060550e+00 7.405757593582146248e-01 2.950284393838467287e-02 6.713216483473678498e-01 8.035632142484396923e+01
6.682951514282887695e-01 -2.058347905453317139e-02 -7.436789432881157902e-01 -4.830404447340079344e+01 -7.071333217469066151e-03 9.993961902643972994e-01 -3.401625990048273707e-02 -4.959234038308307113e+00 7.439300184877533084e-01 2.799721982800612574e-02 6.677460157330039614e-01 8.114844467266361505e+01
6.636628764878564901e-01 -2.434631334184280890e-02 -7.475954704282711250e-01 -4.921103741018057320e+01 -4.144395153920296150e-03 9.993353427200215577e-01 -3.621969401550487883e-02 -5.019964032057830039e+00 7.479800168248589287e-01 2.714210092944726108e-02 6.631205480536273011e-01 8.193899302080137659e+01
6.583403661553334230e-01 -2.939963455576175347e-02 -7.522318230698311625e-01 -5.012286083993617325e+01 1.091793262278747305e-03 9.992731480335793615e-01 -3.810793462319526925e-02 -5.075592204487974435e+00 7.528051820362345881e-01 2.426795781497788698e-02 6.578940169771640978e-01 8.273776526550101096e+01
6.539863135063398447e-01 -3.345531517374804309e-02 -7.557919890354224401e-01 -5.104286333554344424e+01 6.917229434083094555e-03 9.992442415026265845e-01 -3.826191062698693079e-02 -5.140308441847938781e+00 7.565008013091405470e-01 1.979520905898403058e-02 6.537235904225524585e-01 8.353302665152560280e+01
6.448981974406770012e-01 -3.664902086722227059e-02 -7.634332111430564005e-01 -5.196802783398385372e+01 1.177630522295874602e-02 9.992075724794836633e-01 -3.801606330440147896e-02 -5.202615732262271919e+00 7.642216925986436982e-01 1.552671443210200744e-02 6.448186261178951995e-01 8.429989252973562941e+01
6.369778574299254092e-01 -3.831691551350200481e-02 -7.699108980059780061e-01 -5.291324829333907331e+01 1.562980441372248050e-02 9.992009238766261792e-01 -3.679883185719369509e-02 -5.267000767674153927e+00 7.707050290752136545e-01 1.141735444664906431e-02 6.370671493651406392e-01 8.508613907434454404e+01
6.254796055443507807e-01 -3.773401485930786420e-02 -7.792501780647838050e-01 -5.388286623522869689e+01 1.706102604927009145e-02 9.992527183669150936e-01 -3.468493480795599437e-02 -5.322754949372125566e+00 7.799763840929792025e-01 8.404845525403914150e-03 6.256555831169325899e-01 8.585710672413112832e+01
6.170372550880440787e-01 -3.686858506842006361e-02 -7.860676976003601046e-01 -5.485623409169006237e+01 1.655782021951127808e-02 9.992886390103093985e-01 -3.387587691734179202e-02 -5.381608382824651038e+00 7.867580688661952593e-01 7.877721833098851045e-03 6.172094552706958170e-01 8.661114266317748900e+01
6.097387376964364947e-01 -3.827552088631848426e-02 -7.916378113214725953e-01 -5.583736109321382912e+01 1.563744872115478690e-02 9.992196488200044691e-01 -3.626542789156479707e-02 -5.438956151005251982e+00 7.924084147650001242e-01 9.728625877563205557e-03 6.098615297318806805e-01 8.735375316622798891e+01
5.988565126878659939e-01 -4.021668438662231310e-02 -7.998337529761928577e-01 -5.683166807276322885e+01 1.660759940733334133e-02 9.991472911287693215e-01 -3.781152110928532456e-02 -5.501986662418762108e+00 8.006719373509707527e-01 9.368220834964208904e-03 5.990135678378754047e-01 8.809010052505166755e+01
5.889680469284386266e-01 -4.114485558219887346e-02 -8.072106135438757990e-01 -5.784095230298995460e+01 1.647177618337562419e-02 9.991066271188192571e-01 -3.890911108782373062e-02 -5.558638559250073996e+00 8.080910394546424458e-01 9.615770603482272014e-03 5.891199808943011762e-01 8.882608668442529165e+01
5.786495234140738297e-01 -4.301549342498022649e-02 -8.145105524722353607e-01 -5.886036247477582606e+01 2.082720940256937298e-02 9.990615396852944308e-01 -3.798089613080181393e-02 -5.627454231605705459e+00 8.153800895284765149e-01 5.013306540540669876e-03 5.790028994555637132e-01 8.954322865419592858e+01
5.678539182001028918e-01 -4.288390616511250641e-02 -8.219709529164725970e-01 -5.989450353083130096e+01 2.227433708071396845e-02 9.990765342685662409e-01 -3.674247515829468652e-02 -5.688811399723285867e+00 8.227875802932143046e-01 2.553248830797862079e-03 5.682850087854509624e-01 9.025375597012080675e+01
5.580887403709005046e-01 -4.282913091748766221e-02 -8.287960516994573590e-01 -6.094403186893823232e+01 2.189541594219445234e-02 9.990791498972738660e-01 -3.690332703628326771e-02 -5.750667356212063375e+00 8.296134294705664880e-01 2.451225383215289814e-03 5.585130427304830780e-01 9.094984742077447493e+01
5.481587175951284641e-01 -4.420612563439640930e-02 -8.352123327140558162e-01 -6.200084566166643185e+01 2.210083455090539745e-02 9.990189174841767050e-01 -3.836705153521209610e-02 -5.815602757555158320e+00 8.360895248456818862e-01 2.567798739604268063e-03 5.485982671919656939e-01 9.162951702600878434e+01
5.377268729942599190e-01 -4.462134811477193319e-02 -8.419819882829528979e-01 -6.306964075311300633e+01 2.078731868058303345e-02 9.989966830660452768e-01 -3.967580478207307498e-02 -5.877794819380810942e+00 8.429072976953456697e-01 3.838560888333391197e-03 5.381147842221352118e-01 9.230346295372062571e+01
5.278481705860220696e-01 -4.570343490724151914e-02 -8.479961721733820790e-01 -6.414606020176294976e+01 1.999526344031081135e-02 9.989431603371516921e-01 -4.138579969826888805e-02 -5.945222667119094417e+00 8.489912505981824786e-01 4.890855519616899363e-03 5.282039078578016911e-01 9.296459322574996520e+01
5.162650503288146453e-01 -4.485417153055325235e-02 -8.551248948527729876e-01 -6.523494003182925383e+01 1.892487335769148238e-02 9.989813815404599007e-01 -4.097269223574172281e-02 -6.016398603191593253e+00 8.560910204575713500e-01 4.977467849436272365e-03 5.165876340448798398e-01 9.361307311083264437e+01
