1.0 0.0 0.0 0.0 0.0 1.0 0.0 0.0 0.0 0.0 1.0 0.0
0.99994844 0.0100976275 0.0010910652 0.30334473 -0.010094923 0.99994606 -0.002456614 -0.011230469 -0.0011158042 0.0024454768 0.99999636 0.006591797
0.99982977 0.018422896 0.0010587458 0.59350586 -0.018416693 0.9998148 -0.0055992496 -0.026367188 -0.0011616718 0.005578805 0.9999838 0.008300781
0.99978304 0.02082329 0.00022953528 0.8927002 -0.02082087 0.9997527 -0.0077956677 -0.032470703 -0.0003918587 0.007789197 0.9999696 0.012451172
0.9998305 0.018380202 -0.0010804874 1.2023926 -0.018388685 0.99979526 -0.008444555 -0.035888672 0.00092505664 0.008463003 0.99996376 0.016113281
0.9999256 0.011915154 -0.0025940025 1.5235596 -0.01194292 0.9998686 -0.010963184 -0.03918457 0.0024630004 0.010993362 0.9999365 0.01550293
0.99999225 -9.152096e-05 -0.0039318604 1.8442383 4.3181215e-05 0.9999245 -0.012293497 -0.03503418 0.0039326884 0.012293233 0.99991673 0.021606445
0.99984044 -0.017377267 -0.0041653872 2.1722412 0.017330227 0.9997886 -0.011078314 -0.020507812 0.0043569184 0.011004389 0.99992996 0.02734375
0.99941653 -0.03390905 -0.004034025 2.517334 0.03387655 0.9993948 -0.007870024 0.007446289 0.00429852 0.007728787 0.9999609 0.025390625
0.99848735 -0.054728586 -0.0053377007 2.873413 0.0547099 0.99849623 -0.0035860683 0.041748047 0.0055259257 0.0032886458 0.9999793 0.028686523
0.99719244 -0.07462361 -0.0061230594 3.2329102 0.074610695 0.99720955 -0.0023111245 0.08520508 0.0062784553 0.0018477864 0.9999786 0.030273438
0.995308 -0.0966034 -0.0053989817 3.6207275 0.096583545 0.9953172 -0.003824553 0.12451172 0.005743184 0.0032850073 0.9999781 0.033447266
0.9933008 -0.11548844 -0.00423758 4.0113525 0.11546313 0.99329585 -0.0057970304 0.17749023 0.004878664 0.0052688974 0.9999742 0.037109375
0.99110967 -0.13300654 -0.0031069582 4.407715 0.13299224 0.99110657 -0.004428894 0.24804688 0.003668344 0.003976327 0.9999854 0.04260254
0.98866826 -0.15007284 -0.0028257915 4.821289 0.15006338 0.9886682 -0.0033081437 0.32092285 0.0032902868 0.0028466627 0.9999905 0.045532227
0.98670644 -0.16247718 -0.0029456231 5.2442627 0.16246878 0.9867079 -0.0029024896 0.4029541 0.0033779922 0.0023853881 0.9999915 0.047973633
0.98462915 -0.17464323 -0.0033982657 5.6833496 0.17462851 0.98462856 -0.004232872 0.49194336 0.004085343 0.003574381 0.9999853 0.052490234
0.98296326 -0.1837496 -0.0048011825 6.1330566 0.1837119 0.9829544 -0.0073781745 0.5722656 0.006074791 0.006370268 0.99996126 0.0625
0.98159385 -0.19085678 -0.007129206 6.598999 0.19081493 0.98160857 -0.0061575565 0.6689453 0.008173164 0.004683948 0.99995565 0.06384277
0.9799522 -0.19901873 -0.008965219 7.077759 0.19896947 0.9799842 -0.006096527 0.7741699 0.009999063 0.0041905926 0.99994123 0.0637207
0.97813207 -0.20768191 -0.011095014 7.5616455 0.20761539 0.97818506 -0.006856768 0.88183594 0.012277035 0.0044035157 0.99991494 0.068603516
0.9765827 -0.2147672 -0.012209496 8.065674 0.21464066 0.9766262 -0.0108849285 0.9920654 0.01426204 0.0080084 0.9998662 0.071777344
0.97481495 -0.22270961 -0.012157142 8.589355 0.22249663 0.9747959 -0.016726837 1.1063232 0.0155759305 0.013601134 0.99978614 0.088378906
0.9729966 -0.23040591 -0.013645519 9.117065 0.23016183 0.97299486 -0.017378643 1.2338867 0.017280888 0.013768924 0.999756 0.10571289
0.9708567 -0.23895235 -0.018511377 9.64624 0.23873681 0.9709976 -0.013121411 1.3787842 0.021109704 0.008319414 0.9997425 0.09851074
0.969003 -0.24602127 -0.022325419 10.194214 0.24581058 0.96924216 -0.011773681 1.5307617 0.024536043 0.0059190327 0.99968123 0.10974121
0.9663679 -0.25599232 -0.024399674 10.761719 0.25573105 0.9666528 -0.013338666 1.6783447 0.027001442 0.006650651 0.99961334 0.12451172
0.9642567 -0.26371968 -0.02523279 11.332153 0.2633822 0.96454734 -0.015933836 1.8352051 0.028541617 0.008717528 0.9995546 0.14770508
0.96205765 -0.2713115 -0.028432593 11.917603 0.27096716 0.9624514 -0.015408503 2.0096436 0.031546153 0.0071175196 0.99947685 0.16101074
0.95940524 -0.28017527 -0.03177955 12.5095215 0.27984008 0.95991766 -0.014638079 2.194336 0.034607552 0.0051480895 0.99938756 0.17932129
0.95744103 -0.2863264 -0.036695857 13.108643 0.28592423 0.95813257 -0.01588366 2.3809814 0.039707415 0.004715509 0.99920005 0.20141602
0.9552188 -0.29259458 -0.043628775 13.724487 0.29213947 0.956209 -0.016612347 2.5723877 0.046580363 0.003122611 0.9989101 0.23632812
0.9536088 -0.29644206 -0.052536875 14.349731 0.29594383 0.9550541 -0.017201373 2.774292 0.055274785 0.0008584424 0.99847126 0.26086426
0.95190835 -0.30023247 -0.060848787 14.987305 0.29972985 0.9538486 -0.017442696 2.9824219 0.06327942 -0.0016316259 0.99799573 0.29541016
0.9499629 -0.3042458 -0.07049634 15.635986 0.30383587 0.9525579 -0.016728422 3.2045898 0.07224333 -0.0055277776 0.99737287 0.3363037
0.9483361 -0.3075113 -0.07815095 16.292236 0.3072292 0.95150924 -0.01590579 3.427246 0.07925272 -0.008925664 0.99681437 0.38586426
0.9458555 -0.313127 -0.08566916 16.964478 0.31307906 0.9496351 -0.01434028 3.6623535 0.08584418 -0.013253858 0.9962203 0.4378662
0.94371897 -0.3176201 -0.092346564 17.635986 0.31782806 0.9480711 -0.012840511 3.9020996 0.091628335 -0.017233578 0.995643 0.501709
0.94190437 -0.32101947 -0.09872729 18.322754 0.321479 0.9468364 -0.011655579 4.1514893 0.0972205 -0.02076156 0.9950467 0.56921387
0.93973947 -0.325924 -0.10323629 19.026245 0.3268285 0.9450432 -0.00851403 4.4119873 0.10033613 -0.02574182 0.99461985 0.6356201
0.9379384 -0.33061135 -0.10472397 19.73938 0.33168083 0.9433581 -0.007534111 4.6765137 0.101284645 -0.027659886 0.99447584 0.7067871
0.93555963 -0.3374066 -0.10416707 20.46228 0.33857313 0.9408988 -0.006820998 4.9450684 0.1003107 -0.028895669 0.994535 0.7895508
0.9336729 -0.34304413 -0.1030588 21.195435 0.34411594 0.9389197 -0.0077459244 5.2160645 0.09942191 -0.02822585 0.9946449 0.869751
0.93133336 -0.34969243 -0.10137033 21.93274 0.3509074 0.93635976 -0.006180579 5.5042725 0.09708042 -0.029825345 0.99482906 0.9477539
0.929545 -0.3552273 -0.09861231 22.668335 0.356377 0.9343017 -0.006298097 5.7960205 0.09437221 -0.029292025 0.9951065 1.0305176
0.9252587 -0.36745682 -0.094004415 23.436646 0.36874375 0.9295035 -0.003926385 6.109009 0.08882137 -0.031033762 0.99556446 1.1037598
0.922948 -0.37440228 -0.08936035 24.197021 0.37580606 0.9266966 -0.0012073906 6.425415 0.08326039 -0.03247375 0.99599725 1.1793213
0.9197574 -0.38288665 -0.08639776 24.94812 0.38443902 0.9231589 0.0014543731 6.7547607 0.079203755 -0.034544393 0.996261 1.2542725
0.91692156 -0.389932 -0.08535976 25.713501 0.3915472 0.920196 0.0023949842 7.0913086 0.077614956 -0.035602693 0.9963489 1.3233643
0.91222024 -0.4007479 -0.08513349 26.491455 0.40246278 0.9154251 0.0032889321 7.4365234 0.07661602 -0.037258558 0.9963653 1.3950195
0.90873736 -0.4087432 -0.08439268 27.270996 0.41044533 0.9118786 0.0031100186 7.7948 0.075682074 -0.03746617 0.99642736 1.4587402
0.9054037 -0.41638875 -0.08307602 28.057251 0.41814741 0.9083923 0.004189071 8.167236 0.0737194 -0.038536914 0.9965324 1.5245361
0.9019887 -0.42417726 -0.08090804 28.852661 0.42582837 0.9048272 0.0035257516 8.545044 0.07171224 -0.037622664 0.99671626 1.5959473
0.8987099 -0.43175793 -0.076775245 29.655884 0.4332966 0.9012368 0.0037938722 8.93689 0.067552514 -0.036674578 0.9970416 1.6621094
0.8951177 -0.43991557 -0.07236064 30.47229 0.44144157 0.89726985 0.0057918187 9.342529 0.062378593 -0.03712655 0.99736184 1.720459
0.8917469 -0.44740388 -0.06759526 31.286377 0.44874203 0.8936191 0.0052600238 9.763062 0.058050834 -0.03502886 0.99769866 1.7832031
0.8882387 -0.4546949 -0.065651916 32.109375 0.4559648 0.88999903 0.0049899146 10.187744 0.056160226 -0.03436943 0.9978295 1.8427734
0.8849858 -0.46114367 -0.06440149 32.94043 0.46241537 0.8866468 0.00558783 10.627197 0.054526977 -0.03472879 0.99790806 1.8995361
0.88261324 -0.4658586 -0.062725656 33.77722 0.466996 0.8842302 0.003993563 11.079346 0.053603064 -0.03281764 0.9980231 1.9484863
0.8796715 -0.47180036 -0.060375456 34.6261 0.47283924 0.8811771 0.0033730273 11.542847 0.051611893 -0.031507045 0.9981706 2.003662
0.87689376 -0.4769086 -0.059773404 35.484375 0.47792748 0.87836933 0.0031748745 12.01001 0.050989393 -0.031354364 0.9982069 2.0612793
0.8764677 -0.47781882 -0.05948436 36.346558 0.47875202 0.87797433 0.0016535358 12.491577 0.0514385 -0.029927008 0.9982277 2.112915
0.87421566 -0.481815 -0.060692366 37.22827 0.4827654 0.8757957 0.0011444711 12.983276 0.052601535 -0.030292757 0.99815613 2.1638184
0.87499654 -0.48053086 -0.05982007 38.11731 0.48146752 0.8765241 0.0014366261 13.484741 0.051745467 -0.030052109 0.99820817 2.2208252
0.8738039 -0.48282552 -0.057430632 39.020996 0.4837392 0.87518245 0.002314227 13.987305 0.04914476 -0.029811827 0.99834615 2.2722168
0.8735409 -0.48342735 -0.056293886 39.932983 0.48424053 0.87490225 0.000928321 14.502808 0.0488046 -0.028070593 0.9984142 2.329956
0.8740187 -0.48270464 -0.0556848 40.85315 0.48335105 0.87543184 -0.0021001282 15.021484 0.04976331 -0.025080502 0.998446 2.383545
0.8719353 -0.48638162 -0.055486478 41.782837 0.4869675 0.8733661 -0.0033403274 15.549194 0.050083872 -0.024112144 0.99845386 2.4353027
0.8712315 -0.48803794 -0.0535132 42.71875 0.48855522 0.8725752 -0.0038339521 16.080933 0.048565224 -0.02279651 0.99856 2.4925537
0.8697963 -0.4909493 -0.04897533 43.658813 0.49140975 0.87090915 -0.0029811922 16.618408 0.044115216 -0.02147441 0.99879557 2.5543213
0.86713433 -0.4959734 -0.044425465 44.59546 0.49635318 0.86805 -0.0028109031 17.15857 0.039958388 -0.019618625 0.99900866 2.6081543
0.8641037 -0.5017499 -0.041014686 45.523315 0.5020061 0.86491555 -0.0045305723 17.698486 0.037748493 -0.01666649 0.99914867 2.664795
0.85814816 -0.5116579 -0.04166249 46.446045 0.51181614 0.85903114 -0.0075783045 18.24585 0.039670583 -0.014821809 0.99910307 2.717041
0.85265183 -0.52045625 -0.044209845 47.355957 0.52056956 0.8536713 -0.0098240785 18.808838 0.042854656 -0.014640502 0.99897426 2.7740479
0.8465397 -0.53068155 -0.043524433 48.27295 0.5307744 0.8475369 -0.010342217 19.381592 0.042377032 -0.0143435 0.9989986 2.8182373
0.8414371 -0.538884 -0.039479814 49.186523 0.5390402 0.8422296 -0.0074922787 19.979126 0.037286356 -0.014979072 0.9991922 2.8668213
0.8371719 -0.54575855 -0.036360208 50.09082 0.5459862 0.83780175 -0.0042138128 20.577637 0.032764964 -0.016319204 0.9993302 2.9224854
0.8327655 -0.55222875 -0.038663775 50.98242 0.5525398 0.83345073 -0.003081922 21.177612 0.03392902 -0.018798016 0.99924767 2.9647217
0.8290488 -0.55757713 -0.042499855 51.87207 0.55787 0.8299213 -0.0057329307 21.781006 0.038465805 -0.018958448 0.9990798 3.012085
0.8262976 -0.5611845 -0.0495312 52.753174 0.5615754 0.82748663 -0.006945929 22.389893 0.0448838 -0.022069989 0.9987484 3.0616455
0.8223535 -0.5667391 -0.05020473 53.635254 0.56708765 0.8236025 -0.008393554 23.007935 0.046102133 -0.021572847 0.9987033 3.114502
0.8206619 -0.5695418 -0.046581138 54.520996 0.56989986 0.82170856 -0.006488956 23.626099 0.041973807 -0.021214161 0.99889404 3.175415
0.81783974 -0.5738407 -0.041155443 55.40454 0.57416415 0.8186341 -0.00465223 24.267578 0.036363862 -0.019824598 0.99914235 3.2225342
0.8142576 -0.5792857 -0.039100725 56.28784 0.57966554 0.81492305 -0.0019479641 24.900146 0.032993793 -0.021068962 0.99923384 3.2734375
0.81198364 -0.58224475 -0.04053242 57.164795 0.5826874 0.8126763 -0.001078879 25.534668 0.033571795 -0.022739412 0.999178 3.3172607
0.80774647 -0.5881304 -0.04079605 58.03296 0.58851093 0.808493 -0.0032180105 26.182983 0.03487891 -0.021413477 0.99916214 3.357666
0.8043264 -0.59270066 -0.042485967 58.91382 0.59307235 0.80516064 -0.0046028234 26.830322 0.036936503 -0.021489853 0.9990868 3.4104004
0.800336 -0.59814245 -0.04202836 59.779053 0.59842134 0.8012007 -0.006987546 27.487915 0.03785108 -0.019562298 0.99909157 3.4541016
0.7945382 -0.6058202 -0.039933354 60.652344 0.6060865 0.79531235 -0.006444555 28.15393 0.035665408 -0.019089967 0.9991814 3.5019531
0.79155886 -0.60978526 -0.04012686 61.51294 0.6100674 0.79233366 -0.006200995 28.828247 0.035578545 -0.019567521 0.99917555 3.5513916
0.7861655 -0.6167182 -0.03996702 62.365723 0.616946 0.78696376 -0.007832084 29.5094 0.036281325 -0.018506756 0.9991698 3.602417
0.7802361 -0.62418944 -0.039702225 63.225098 0.62440413 0.78103065 -0.008272809 30.202759 0.03617001 -0.018339347 0.9991771 3.6502686
0.7763118 -0.6291988 -0.039738584 64.08862 0.6293251 0.7771509 -0.010822726 30.902832 0.03768761 -0.016604893 0.99915135 3.6936035
0.770369 -0.63635576 -0.04065392 64.934326 0.6364872 0.77124995 -0.0112979505 31.610474 0.038541816 -0.017171323 0.9991092 3.7514648
0.7642026 -0.6436398 -0.040282495 65.7832 0.64366615 0.7651129 -0.014038008 32.32544 0.039858516 -0.015208018 0.9990894 3.7945557
0.7578395 -0.6514106 -0.039216116 66.63086 0.6514046 0.75871706 -0.014683612 33.056763 0.039314475 -0.014416998 0.99912256 3.84729
0.7519451 -0.65821004 -0.037299585 67.479004 0.65816927 0.7527538 -0.015089353 33.79077 0.038012296 -0.013199033 0.9991903 3.8969727
0.74683744 -0.6641303 -0.03521037 68.31299 0.66403335 0.7475803 -0.01606445 34.539307 0.03699338 -0.0113798035 0.9992509 3.9468994
0.7400188 -0.67170626 -0.035148066 69.15723 0.6715633 0.7407765 -0.017484957 35.30371 0.037780058 -0.010666453 0.9992291 4.0063477
0.73326975 -0.67890584 -0.035530515 69.98389 0.6787271 0.73405665 -0.018723952 36.075195 0.03879711 -0.010390403 0.99919313 4.059204
0.7286257 -0.68408215 -0.035538975 70.8103 0.683907 0.7294148 -0.01877158 36.85901 0.038763784 -0.010629211 0.9991917 4.098755
0.7225168 -0.6905231 -0.035229206 71.63843 0.6903879 0.72328466 -0.017824825 37.651855 0.03778533 -0.011441536 0.9992203 4.149536
0.7176016 -0.6955139 -0.03554554 72.46265 0.69541407 0.7183739 -0.01712588 38.45642 0.0374488 -0.01243326 0.99922115 4.201294
0.71261513 -0.7005876 -0.035841174 73.281006 0.7004737 0.71340734 -0.01774509 39.27478 0.037999287 -0.012465836 0.9991998 4.251465
0.7078861 -0.7053859 -0.03778195 74.10547 0.7052317 0.70877796 -0.019532302 40.09326 0.040559087 -0.0128188 0.9990949 4.3049316
0.7040574 -0.7090785 -0.039317098 74.921875 0.7088556 0.7050425 -0.021749325 40.91638 0.043148052 -0.012553552 0.9989902 4.36084
0.69817203 -0.71483064 -0.04026755 75.73511 0.7146134 0.69920486 -0.022108126 41.76184 0.043955762 -0.013336403 0.9989445 4.4124756
0.6931385 -0.7199501 -0.03834217 76.55298 0.7197369 0.6940835 -0.021594515 42.608887 0.042155556 -0.012622855 0.99903125 4.4699707
0.68955994 -0.7232373 -0.03633575 77.36157 0.7229496 0.69043726 -0.022926945 43.463623 0.041670326 -0.010460895 0.99907666 4.526001
0.6834016 -0.72913724 -0.036263503 78.16968 0.72885305 0.6842795 -0.02299811 44.330322 0.04158417 -0.0107195545 0.9990773 4.5856934
0.6808985 -0.7315951 -0.03532195 78.97388 0.7312618 0.68174785 -0.024022438 45.20862 0.04165852 -0.009464325 0.9990875 4.638672
0.67547226 -0.7367415 -0.034133226 79.77637 0.73639864 0.6762765 -0.024144428 46.085205 0.04086755 -0.0088181775 0.9991258 4.6949463
0.6713554 -0.7403808 -0.03337136 80.57788 0.74001163 0.6721357 -0.024744233 46.973633 0.040744327 -0.008082117 0.9991368 4.7487793
0.66779816 -0.743727 -0.03187567 81.37329 0.7432161 0.6685398 -0.028014865 47.86438 0.042138115 -0.0049763434 0.9990994 4.8060303
0.66319245 -0.74776495 -0.031030571 82.16748 0.74709 0.66391486 -0.031841177 48.767822 0.044407707 -0.0020639058 0.99901146 4.868164
0.65799665 -0.75257945 -0.02817122 82.970215 0.7516776 0.6585916 -0.036971886 49.67578 0.04637595 0.0031578178 0.99891925 4.925293
0.65385616 -0.7562736 -0.023708966 83.76929 0.7552093 0.6542239 -0.04109355 50.592285 0.04659584 0.008972096 0.99887407 4.9921875
0.6449775 -0.76399773 -0.019451158 84.541504 0.7628305 0.6451232 -0.04441741 51.512695 0.046477694 0.01380879 0.9988237 5.057007
0.6372451 -0.7704895 -0.015346968 85.33276 0.769306 0.6371858 -0.04619859 52.453613 0.045369804 0.01764278 0.998815 5.1242676
0.62584 -0.7797761 -0.0123338 86.10986 0.77866477 0.625672 -0.04577491 53.418213 0.043408122 0.01904491 0.9988759 5.1834717
0.6173925 -0.78656536 -0.011804733 86.8689 0.7854936 0.6172272 -0.04502297 54.38745 0.04270808 0.018518873 0.9989157 5.2454834
0.6100482 -0.79220676 -0.013656577 87.61597 0.7910348 0.60994804 -0.046520565 55.364746 0.04518777 0.017572677 0.9988237 5.3050537
0.5992129 -0.8004671 -0.0132965185 88.358154 0.79920465 0.5990745 -0.048602346 56.354248 0.046871264 0.018506622 0.99873 5.3707275
0.58932513 -0.80788517 -0.013541706 89.09961 0.80656576 0.5891953 -0.049657024 57.35913 0.048091736 0.018337674 0.9986742 5.430298
0.57923234 -0.8151835 -0.008936217 89.822754 0.81385964 0.5788575 -0.051666167 58.374023 0.047295444 0.022659294 0.99862415 5.5029297
0.56852293 -0.82260174 -0.0064660595 90.53931 0.8213297 0.5680498 -0.051674586 59.40381 0.046189338 0.024069622 0.99864274 5.5683594
0.5587531 -0.829431 -0.006355579 91.24097 0.828153 0.55828786 -0.051742848 60.44922 0.046467777 0.023656042 0.99864 5.634033
0.5488473 -0.835905 -0.006463028 91.92627 0.8345477 0.54836804 -0.0532405 61.501953 0.048047237 0.023821393 0.99856055 5.7025146
0.5383644 -0.84272116 -0.007721682 92.60596 0.84130335 0.5379509 -0.05378093 62.56665 0.049475793 0.022465967 0.99852306 5.7684326
0.52845806 -0.8488019 -0.008761119 93.272705 0.847296 0.52808803 -0.054978967 63.63916 0.051296487 0.021631235 0.99844915 5.8395996
0.5168391 -0.8559081 -0.008827818 93.92749 0.85443264 0.5165074 -0.054269347 64.72388 0.051014405 0.020514073 0.9984876 5.9154053
0.5099317 -0.86007035 -0.007987292 94.57568 0.85869706 0.50960517 -0.05251607 65.818115 0.04923887 0.019921916 0.99858826 5.9848633
0.50228566 -0.864764 -0.0060161827 95.21924 0.863519 0.5019147 -0.05060575 66.92432 0.04676939 0.020226922 0.998701 6.053955
0.49379566 -0.8695913 -0.0046936027 95.84888 0.8683447 0.49336413 -0.051132794 68.04199 0.046773043 0.02117107 0.99868095 6.122925
0.4854595 -0.87429863 -0.0036717704 96.47168 0.87296236 0.4849417 -0.053387556 69.16113 0.0484593 0.022710465 0.9985668 6.196411
0.4795139 -0.87744415 -0.002528212 97.083984 0.87596065 0.47886685 -0.056824047 70.281494 0.05106831 0.025039164 0.9983815 6.267578
0.47324935 -0.88101673 -0.0024298895 97.694336 0.8793781 0.47253394 -0.0597146 71.41699 0.053759087 0.026115024 0.99821186 6.340454
0.46973777 -0.8828516 -0.00084236125 98.295654 0.8810545 0.46884173 -0.06333603 72.543945 0.05630983 0.029014217 0.9979919 6.42395
0.4622744 -0.8868551 0.0008903532 98.89136 0.88508546 0.4612886 -0.06361644 73.68408 0.055992212 0.030191135 0.9979742 6.5062256
0.4598978 -0.8880603 0.004619781 99.47876 0.88654673 0.45879653 -0.060980957 74.82178 0.052031297 0.03214073 0.9981281 6.5842285
0.4564852 -0.88970006 0.009827996 100.06592 0.88841045 0.45516115 -0.059972428 75.96411 0.048881114 0.03610603 0.9981517 6.6655273
0.45297885 -0.8914812 0.011535378 100.64624 0.890296 0.45161316 -0.058994055 77.08838 0.04738025 0.036994264 0.9981918 6.7440186
0.44870046 -0.89346635 0.0135555575 101.21704 0.8923725 0.44726363 -0.058519084 78.226074 0.04623042 0.038352616 0.9981941 6.814331
0.4490152 -0.8933753 0.015761785 101.77954 0.89242077 0.44752303 -0.057364333 79.3584 0.044202007 0.039826285 0.9982286 6.88501
0.44597474 -0.8949219 0.018916577 102.32886 0.89411026 0.44436753 -0.05692221 80.47412 0.04252855 0.042286772 0.99819934 6.9521484
0.44420624 -0.89567125 0.021033918 102.885254 0.89493537 0.44249713 -0.057243943 81.595215 0.041956764 0.044259787 0.9981391 7.020752
0.44119 -0.89701784 0.023957556 103.42798 0.89641184 0.4393646 -0.057189897 82.70068 0.040766265 0.046727497 0.99807674 7.0876465
0.4381109 -0.8984261 0.027332718 103.980225 0.8980098 0.436196 -0.056298964 83.80859 0.03865171 0.049209904 0.9980404 7.152588
0.43763572 -0.8987473 0.030790128 104.52222 0.8985185 0.43560693 -0.05593888 84.90796 0.036870897 0.0521363 0.99795836 7.2148438
0.43507084 -0.8997556 0.032460026 105.03955 0.8995959 0.4329612 -0.056327976 85.9812 0.03663416 0.05371733 0.9978843 7.279175
0.43298993 -0.900621 0.03300807 105.55127 0.9004581 0.43082154 -0.057065774 87.05615 0.037168987 0.05443309 0.99782556 7.342163
0.43506873 -0.8998629 0.032619312 106.062744 0.8996493 0.43286297 -0.058003597 88.12329 0.038061425 0.05458919 0.997784 7.4005127
0.4355569 -0.89959794 0.031850535 106.56348 0.89931333 0.43333885 -0.0587474 89.16528 0.03905917 0.054216433 0.99776375 7.463867
0.43762386 -0.898737 0.029193243 107.0603 0.8983453 0.4355462 -0.058064558 90.213135 0.039470777 0.05164916 0.9978857 7.5218506
0.44120705 -0.89709836 0.026899045 107.55249 0.89659 0.4392095 -0.05825308 91.23633 0.04045004 0.049818292 0.99793875 7.58374
0.4473211 -0.89406216 0.024742333 108.048096 0.8934337 0.44537485 -0.05893257 92.26245 0.041678157 0.048475314 0.9979548 7.6430664
0.4531454 -0.8912112 0.02319995 108.562256 0.8905686 0.45131442 -0.057792302 93.275635 0.0410224 0.046848327 0.9980596 7.704712
0.45921466 -0.8881106 0.022429958 109.06372 0.88749945 0.45747417 -0.05640291 94.273926 0.039836034 0.045788713 0.9981554 7.763672
0.46624944 -0.88432753 0.02046632 109.57617 0.88368744 0.46463278 -0.055269152 95.27197 0.039380312 0.043854006 0.9982613 7.817749
0.47647235 -0.87905234 0.020044498 110.10791 0.87845093 0.47490892 -0.054281615 96.26538 0.038184535 0.04347086 0.9983249 7.8742676
0.48513177 -0.87426245 0.019687817 110.637695 0.8736801 0.4835977 -0.05377838 97.2395 0.037487917 0.043292843 0.9983591 7.926758
0.49587697 -0.8682647 0.01779901 111.18262 0.86760324 0.49438855 -0.054199453 98.20508 0.03825883 0.042304553 0.99837124 7.98291
0.50459343 -0.8630324 0.015124879 111.72876 0.86223066 0.503155 -0.055334546 99.15991 0.040158886 0.040971328 0.99835324 8.039673
0.5156156 -0.85675836 0.01214497 112.28735 0.8558375 0.5142707 -0.055771127 100.10693 0.041530028 0.03915707 0.9983702 8.092651
0.52864075 -0.8487199 0.009421496 112.85889 0.84779507 0.52746725 -0.053820763 101.04761 0.04071767 0.036439214 0.99850595 8.143921
0.5401347 -0.84152496 0.00805608 113.43848 0.8406921 0.5391154 -0.050651856 101.97632 0.03828341 0.034125883 0.99868375 8.206055
0.55357003 -0.83275115 0.008166847 114.03613 0.8320072 0.5525969 -0.04879325 102.89429 0.0361263 0.033801973 0.9987751 8.254639
0.5643141 -0.825434 0.0075395843 114.637695 0.8247298 0.5633997 -0.04743777 103.793945 0.03490962 0.032986823 0.99884593 8.307251
0.5755819 -0.81772804 0.00658896 115.254395 0.8170126 0.5746977 -0.04722447 104.67627 0.034832276 0.032567903 0.9988625 8.355469
0.5877995 -0.80886596 0.0058454433 115.880615 0.80811024 0.58690315 -0.04806053 105.55029 0.035446834 0.032979064 0.99882746 8.401489
0.5976699 -0.80161804 0.0059040426 116.49927 0.8008058 0.59669614 -0.04998742 106.393555 0.03655993 0.034601945 0.9987319 8.451172
0.60874045 -0.79336184 0.0061479327 117.13867 0.7925887 0.6077624 -0.049528595 107.23071 0.035568103 0.035029855 0.9987533 8.51001
0.62007517 -0.7845721 0.0062701926 117.782715 0.78387874 0.6191459 -0.047735196 108.05835 0.033563286 0.034510437 0.99884045 8.552856
0.6289835 -0.7773045 0.008365294 118.4209 0.7767949 0.628092 -0.04452288 108.8645 0.029360088 0.034500428 0.9989731 8.59729
0.63960487 -0.76872396 0.00793403 119.07788 0.7682335 0.6387444 -0.04378141 109.664795 0.02858862 0.03410057 0.9990094 8.640869
0.6480069 -0.7615779 0.0054426724 119.721436 0.7610577 0.64726216 -0.042259082 110.43921 0.028668452 0.03152421 0.99909145 8.683472
0.6577171 -0.7532952 0.0019288347 120.378174 0.7527235 0.6571134 -0.040717732 111.20068 0.029411491 0.028230157 0.9991684 8.721191
0.66831017 -0.74397945 0.0012460301 121.04297 0.7434117 0.66773266 -0.040212374 111.95459 0.029084638 0.027801378 0.99919033 8.760742
0.67563885 -0.7372556 0.0025943106 121.70044 0.7367668 0.6750534 -0.03895598 112.680176 0.026971368 0.028235897 0.99923754 8.801392
0.68442696 -0.7290681 0.0036304889 122.37378 0.7286716 0.6838718 -0.036748912 113.40381 0.024309961 0.027797999 0.999318 8.840698
0.69404244 -0.7199887 0.004283485 123.053955 0.7196266 0.6934768 -0.03638472 114.11182 0.023229038 0.02833442 0.99932855 8.8811035
0.7002854 -0.7137158 0.002360627 123.71362 0.7133291 0.6997886 -0.035399072 114.78882 0.023617797 0.026477873 0.9993706 8.915039
0.70890105 -0.7053916 0.001864069 124.3999 0.7050201 0.7084368 -0.034430183 115.48218 0.022958877 0.025722355 0.9994056 8.953735
0.714843 -0.69942665 0.0025271196 125.06592 0.6991391 0.71443546 -0.03146996 116.14551 0.020205153 0.024262113 0.99950147 8.984741
0.7229006 -0.6909403 0.0037523017 125.74097 0.690735 0.7225289 -0.028896224 116.81177 0.017255245 0.023481112 0.9995754 9.015259
0.7302986 -0.68298835 0.0039799307 126.41504 0.68282485 0.7299673 -0.02688002 117.45874 0.015457531 0.022348331 0.9996308 9.0448
0.73670846 -0.67617565 0.0033344114 127.076416 0.67602277 0.73641616 -0.025463333 118.07153 0.014763916 0.021013439 0.99967027 9.07666
0.74477756 -0.6673243 0.0017089278 127.747314 0.6671774 0.74455446 -0.023052026 118.68677 0.014110248 0.018308451 0.9997328 9.096191
0.75428647 -0.65645766 0.003697696 128.43335 0.65638 0.75408083 -0.020636825 119.28662 0.0107606985 0.017994722 0.9997802 9.123657
0.76208943 -0.64749634 0.004378938 129.09839 0.64746946 0.7619457 -0.016524972 119.85962 0.007364972 0.01542727 0.99985385 9.144653
0.77290326 -0.6344929 0.004364169 129.78198 0.6344848 0.7727981 -0.013850891 120.42944 0.0054160943 0.013475133 0.9998946 9.166504
0.7823341 -0.62284184 0.003133673 130.44409 0.6228191 0.78223586 -0.013859803 120.97095 0.006182286 0.0127940755 0.9998991 9.181641
0.79156333 -0.61108375 0.0015213015 131.11768 0.61104167 0.79147375 -0.013982546 121.503174 0.007341446 0.011996487 0.9999011 9.19873
0.80229074 -0.5969152 0.00079449615 131.81738 0.5968738 0.8022177 -0.012934785 122.022705 0.0070841685 0.010851183 0.999916 9.21167
0.81124234 -0.5848781 0.0017930144 132.50195 0.5848597 0.8111829 -0.011005191 122.52637 0.0049820966 0.009975806 0.99993783 9.2265625
0.82173795 -0.56979954 0.0037245026 133.20264 0.5698074 0.82168794 -0.009333335 123.02588 0.002258392 0.009791816 0.9999496 9.242676
0.8303634 -0.5571873 0.0059445086 133.896 0.55721825 0.83033365 -0.007095191 123.504395 -0.000983525 0.009203554 0.99995714 9.254761
0.83919144 -0.5437981 0.007865988 134.61133 0.5438429 0.83918136 -0.0054813717 123.96997 -0.0036199414 0.008878429 0.999954 9.258301
0.84750473 -0.5308202 0.009879591 135.34009 0.53087777 0.8475147 -0.0043967115 124.424805 -0.006039835 0.008969443 0.9999415 9.262939
0.85415214 -0.5197667 0.011667337 136.0586 0.51984197 0.854174 -0.0045398977 124.862305 -0.0076065166 0.009944728 0.99992156 9.268433
0.85988647 -0.51015925 0.012156829 136.781 0.5102369 0.8599156 -0.0042694937 125.30151 -0.008274643 0.009875756 0.999917 9.272461
0.8675214 -0.49741697 0.012306852 137.53394 0.4974764 0.86757195 -0.0021440666 125.74048 -0.009610705 0.007980006 0.999922 9.284546
0.87305164 -0.48749056 0.011860004 138.26831 0.4875309 0.8731095 -0.00058166496 126.16699 -0.010071993 0.0062886933 0.9999295 9.280029
0.8796611 -0.47547248 0.011735928 139.0354 0.47549537 0.8797266 0.0009295386 126.581055 -0.010766371 0.004763391 0.9999306 9.272583
0.885806 -0.46385694 0.011711562 139.79028 0.4638822 0.88587 0.0006229365 126.987305 -0.010663667 0.004882619 0.99993116 9.275391
0.89014083 -0.45554262 0.011531579 140.55127 0.45557547 0.89019865 -0.0002567554 127.37622 -0.010148484 0.0054816864 0.9999335 9.276245
0.8946712 -0.44661194 0.011378095 141.34741 0.44664785 0.8947254 -0.0006948721 127.76367 -0.009869347 0.005704176 0.99993503 9.265625
0.89827406 -0.43930396 0.011614085 142.11914 0.43932736 0.8983376 0.00058574264 128.16357 -0.010690864 0.0045760623 0.9999324 9.263672
0.90069735 -0.43422747 0.014171619 142.91406 0.4342353 0.90080106 0.0026814444 128.55396 -0.01393035 0.0037376625 0.999896 9.261841
0.90355134 -0.4281565 0.017179547 143.73804 0.42811856 0.90371263 0.0060163443 128.9314 -0.018100213 0.0019181229 0.99983436 9.251343
0.906631 -0.42139688 0.019307029 144.55542 0.4212925 0.9068365 0.009390353 129.32544 -0.021466378 -0.0003775321 0.99976945 9.239502
0.9099337 -0.414223 0.020384394 145.39355 0.41403773 0.9101563 0.012798913 129.7146 -0.023853801 -0.0032055206 0.9997103 9.227905
0.9127738 -0.40787402 0.021558851 146.2417 0.407644 0.91301817 0.014361613 130.10522 -0.025541745 -0.004318498 0.9996643 9.207886
0.91618025 -0.4000518 0.02409309 147.11426 0.39977133 0.9164848 0.015719034 130.48364 -0.028368039 -0.004769069 0.9995861 9.186035
0.9192709 -0.39272845 0.026690632 147.98438 0.39243045 0.9196493 0.015827216 130.86182 -0.030763071 -0.004074621 0.99951833 9.16626
0.9227117 -0.38455713 0.028156957 148.88525 0.3842478 0.92313325 0.015889982 131.24146 -0.032102723 -0.0038448514 0.99947727 9.143188
0.9259862 -0.37647292 0.028081013 149.79224 0.37618852 0.92640615 0.015001894 131.61694 -0.03166403 -0.0033267436 0.9994931 9.112671
0.92986935 -0.3668021 0.028363522 150.71655 0.36657 0.9303001 0.013178054 131.98853 -0.031220663 -0.0018577036 0.99951094 9.094849
0.9336005 -0.35726678 0.027209602 151.65625 0.35709172 0.9339968 0.011210106 132.35132 -0.029418517 -0.00074756984 0.99956685 9.065796
0.93820244 -0.3450115 0.026255282 152.61108 0.34483323 0.9385688 0.0111826435 132.69873 -0.028501906 -0.0014368105 0.99959284 9.045776
0.94286066 -0.33224916 0.024384227 153.59155 0.33202246 0.94316727 0.012940407 133.05396 -0.027298817 -0.004102776 0.9996189 9.017944
0.94822836 -0.31671536 0.02428231 154.56592 0.31637892 0.948504 0.016729824 133.40527 -0.028330104 -0.0081840595 0.9995653 8.997559
0.9542953 -0.29765555 0.026643833 155.58374 0.29717174 0.9545944 0.02066907 133.7207 -0.03158642 -0.01180546 0.9994313 8.966797
0.9599116 -0.27898845 0.027582051 156.58691 0.27838975 0.9601901 0.023654914 134.04907 -0.033082068 -0.0150301345 0.99933964 8.93811
0.9660738 -0.25657165 0.02864135 157.64575 0.25587863 0.9663391 0.025751257 134.33203 -0.03428672 -0.017545555 0.99925786 8.910522
0.9713607 -0.23572452 0.029848207 158.70093 0.23494683 0.9716217 0.027374383 134.60156 -0.03545492 -0.01957924 0.99917954 8.873047
0.9764228 -0.21329777 0.033018332 159.78491 0.21242543 0.97676903 0.028032405 134.84546 -0.038230784 -0.020355882 0.99906135 8.845703
0.9809622 -0.19086199 0.036126345 160.8855 0.1898323 0.9813656 0.03009029 135.07422 -0.041194607 -0.0226615 0.9988941 8.802002
0.9846746 -0.16952595 0.040937725 161.99902 0.16824466 0.98519385 0.032960154 135.28809 -0.045919396 -0.025565911 0.9986173 8.769409
0.9882389 -0.14624333 0.044596247 163.1289 0.14480206 0.988872 0.03401328 135.46704 -0.04907509 -0.027154125 0.99842566 8.719116
0.99118495 -0.12463832 0.04485845 164.27002 0.123088814 0.9917471 0.03579963 135.6294 -0.048951164 -0.029961832 0.9983516 8.673218
0.99374515 -0.10286561 0.043428827 165.42236 0.101343915 0.9942018 0.03590421 135.7627 -0.046870597 -0.031277716 0.9984112 8.625732
0.99576473 -0.08167187 0.04220413 166.59448 0.08016843 0.9961245 0.03616884 135.86572 -0.044994522 -0.032631695 0.9984541 8.574951
0.9971242 -0.061111353 0.044813193 167.79028 0.059587523 0.997623 0.034593374 135.94531 -0.046820812 -0.03182343 0.9983965 8.53064
0.9979939 -0.041501228 0.04781978 168.97949 0.039852582 0.99859506 0.034939427 136.01074 -0.049202017 -0.032964163 0.9982452 8.479492
0.9985944 -0.020404411 0.04891657 170.19238 0.018668694 0.9991888 0.03568957 136.0459 -0.049604934 -0.0347262 0.9981653 8.430786
0.9987522 -0.0008084324 0.04993176 171.42554 -0.0010530349 0.99930567 0.037248995 136.06592 -0.049927197 -0.037255112 0.99805796 8.374268
0.99844563 0.020233816 0.051936418 172.65112 -0.022188833 0.99905586 0.03735583 136.05615 -0.0511316 -0.038450174 0.997952 8.322754
0.9978917 0.039851345 0.051223163 173.90991 -0.041922852 0.9983195 0.040010937 136.02222 -0.04954277 -0.042073976 0.99788475 8.264648
0.9968662 0.060049396 0.05149581 175.16772 -0.062228598 0.9971854 0.041815285 135.95947 -0.04883985 -0.04488869 0.99779755 8.208252
0.99550164 0.08072109 0.04960383 176.44849 -0.08281212 0.9956944 0.041654326 135.86694 -0.04602814 -0.045574848 0.99790007 8.154541
0.9938466 0.09993451 0.047810502 177.71753 -0.10201604 0.99384373 0.043270446 135.75586 -0.043193243 -0.04788154 0.99791855 8.101929
0.9919405 0.11766946 0.04698945 179.01196 -0.11975795 0.99180865 0.044421542 135.6189 -0.04137739 -0.04969045 0.9979074 8.059326
0.9891069 0.14017831 0.044885494 180.33398 -0.14215319 0.9888507 0.044327408 135.44946 -0.038172305 -0.050226025 0.9980086 8.011719
0.9867594 0.1571469 0.03999543 181.64844 -0.15890166 0.9862498 0.04527384 135.25952 -0.032327272 -0.05103222 0.9981729 7.9624023
0.9835853 0.17712592 0.03427095 182.969 -0.17864186 0.98274267 0.04786859 135.05762 -0.025198532 -0.05320515 0.9982655 7.9348145
0.9809397 0.1918801 0.03069911 184.28589 -0.19323836 0.97987705 0.050046638 134.80981 -0.020480985 -0.055025756 0.99827534 7.902466
0.9772603 0.21021394 0.027926832 185.61548 -0.21143454 0.9760004 0.052207813 134.53662 -0.016282514 -0.056923155 0.99824584 7.888794
0.97283775 0.22995542 0.026260642 186.96338 -0.23108795 0.9713878 0.054649897 134.2478 -0.012940012 -0.059235398 0.9981602 7.875366
0.9687553 0.24658585 0.026559984 188.31372 -0.24770238 0.96733207 0.05394284 133.91699 -0.012391633 -0.058836732 0.99819094 7.864258
0.9639962 0.2646853 0.025833823 189.65698 -0.26571673 0.9626262 0.052535057 133.56006 -0.010965376 -0.05750619 0.99828506 7.8563232
0.9592322 0.28165174 0.022721285 190.9939 -0.2824849 0.95778316 0.053142257 133.18286 -0.00679196 -0.05739544 0.9983285 7.8531494
0.9540495 0.29902574 0.018896513 192.3518 -0.29961857 0.9524524 0.05521065 132.78467 -0.0014908793 -0.058336955 0.99829656 7.85083
0.94857436 0.31591263 0.019108754 193.68579 -0.31648988 0.9469054 0.0562479 132.34839 -0.00032163132 -0.059405178 0.99823403 7.8529053
0.9429402 0.33233956 0.021085527 195.07275 -0.3330079 0.9410989 0.058897704 131.8855 -0.0002716612 -0.06255816 0.9980412 7.864624
0.936099 0.35128286 0.018749302 196.41943 -0.3517592 0.934083 0.061530422 131.40308 0.004101569 -0.064193174 0.9979285 7.871826
0.9298128 0.3675302 0.017583298 197.74536 -0.3678852 0.927685 0.063237324 130.89941 0.0069393883 -0.06526874 0.99784285 7.890259
0.9224139 0.38588303 0.015120392 199.13599 -0.38602945 0.92026204 0.06388093 130.34253 0.010736706 -0.064759575 0.9978431 7.906372
0.9152843 0.40265664 0.010709707 200.47754 -0.40247107 0.913144 0.06463807 129.7688 0.016246228 -0.063471474 0.9978516 7.9387207
0.9061359 0.42302182 0.0075664073 201.80151 -0.4225187 0.9038394 0.06808983 129.18628 0.02196749 -0.064893 0.9976489 7.9710693
0.89701337 0.44203335 0.0057626814 203.1521 -0.44127667 0.89454466 0.07159683 128.5542 0.02648418 -0.066766374 0.9974177 8.015015
0.8843458 0.4668043 0.0065604597 204.47778 -0.46597552 0.8817417 0.07356637 127.89111 0.028565414 -0.06811187 0.9972672 8.064087
0.87000805 0.49285513 0.0076043983 205.8208 -0.4918855 0.86709476 0.0779481 127.17529 0.03182694 -0.071558975 0.99692947 8.117432
0.8567249 0.5156217 0.007919927 207.10352 -0.5144627 0.85354286 0.08183907 126.454346 0.035449903 -0.074186884 0.9966133 8.175049
0.84251654 0.538505 0.007973647 208.3728 -0.537126 0.83909607 0.08543388 125.69409 0.039323587 -0.07625858 0.9963119 8.240601
0.82635397 0.5632618 0.008010899 209.66797 -0.5617329 0.82287776 0.086707145 124.85205 0.042226464 -0.0761474 0.9962024 8.314453
0.80909836 0.58764017 0.008069189 210.90967 -0.585943 0.8055492 0.0882543 124.007324 0.045355767 -0.076137215 0.9960658 8.384277
0.7926935 0.6096987 0.0050473637 212.14404 -0.6075907 0.7892062 0.09002542 123.118164 0.050907277 -0.074426845 0.99592495 8.470337
0.7765942 0.6298557 0.002715867 213.3396 -0.62736124 0.7731214 0.09233413 122.20093 0.05607132 -0.07340909 0.99572414 8.562134
0.75905776 0.6509957 0.0006851385 214.52563 -0.6481741 0.7556669 0.09381727 121.21118 0.06056588 -0.07166532 0.9955887 8.660034
0.7431425 0.6690443 -0.00089836924 215.6814 -0.66591775 0.73979944 0.0955746 120.21997 0.06460882 -0.07042463 0.99542266 8.764893
0.726615 0.68695647 -0.0008294508 216.81494 -0.68373054 0.7233185 0.09594878 119.200195 0.06651032 -0.069158226 0.99538755 8.874512
0.71121365 0.7029137 -0.0017289723 217.93896 -0.69955313 0.7080504 0.0959624 118.142334 0.06867251 -0.067040525 0.99538463 8.988525
0.6959128 0.71818525 -0.0038819925 219.0354 -0.71457523 0.6929365 0.096539095 117.06616 0.072017565 -0.06440734 0.99532133 9.106934
0.68020695 0.73290706 -0.0056695035 220.09644 -0.72898465 0.6773275 0.098374985 115.961426 0.07594276 -0.06278772 0.9951342 9.228149
0.66665685 0.74538726 -0.008291041 221.13525 -0.74110293 0.6639414 0.100256614 114.832275 0.08021834 -0.060687628 0.99492776 9.363403
0.651265 0.7587525 -0.0091034435 222.17236 -0.7541347 0.648537 0.1030231 113.67651 0.08408415 -0.060231403 0.9946366 9.491455
0.6335387 0.7735429 -0.00891633 223.17725 -0.76885957 0.6308929 0.103197664 112.517334 0.0854645 -0.058525354 0.9946211 9.638672
0.6184873 0.78565407 -0.0058725425 224.1499 -0.78101575 0.6156153 0.10415572 111.323 0.08544856 -0.05983265 0.9945447 9.779419
0.5999377 0.80005634 -0.001278697 225.10596 -0.7955881 0.5967545 0.10460829 110.11963 0.08444409 -0.061745573 0.99451405 9.926758
0.5829788 0.81245494 0.0043983143 226.03418 -0.80816704 0.5793292 0.1058798 108.89722 0.0834753 -0.065280594 0.9943694 10.068848
0.56535494 0.82477653 0.008686048 226.92334 -0.8205658 0.5613396 0.10737291 107.66406 0.08367414 -0.06782427 0.99418175 10.218994
0.5458781 0.8378131 0.010802915 227.7727 -0.8334353 0.54160905 0.10988186 106.43799 0.086211115 -0.068980336 0.9938854 10.365112
0.5293427 0.8482846 0.01436251 228.58911 -0.8437801 0.5246153 0.11317029 105.19678 0.088478394 -0.07201875 0.9934702 10.517822
0.5103729 0.8597741 0.016773451 229.37036 -0.8553503 0.50553995 0.11303455 103.92749 0.0887211 -0.072042145 0.9934481 10.671631
0.48986828 0.87146324 0.020973006 230.11597 -0.867359 0.4848762 0.11156339 102.67139 0.08705392 -0.07285732 0.9935375 10.820923
0.4672125 0.8837533 0.02450414 230.81738 -0.8799431 0.46215668 0.10965171 101.41406 0.08558158 -0.072814874 0.99366915 10.971191
0.44635874 0.8944106 0.028579282 231.49927 -0.8909568 0.44119772 0.107517816 100.125244 0.08357675 -0.07345214 0.99379 11.119141
0.42316586 0.90545946 0.02965318 232.13745 -0.9020074 0.41805562 0.10684859 98.84082 0.08435633 -0.071950175 0.99383307 11.262085
0.40276822 0.9147264 0.032081537 232.729 -0.91145927 0.3976359 0.10538275 97.56714 0.08361957 -0.07168064 0.99391603 11.404053
0.3814127 0.9239429 0.031591002 233.29224 -0.92056555 0.37643385 0.10486087 96.28613 0.08499063 -0.069051646 0.9939838 11.539917
0.35806412 0.9332339 0.031316966 233.82446 -0.9297507 0.3532219 0.10446724 94.99072 0.086423494 -0.066519804 0.9940351 11.682739
0.3387145 0.94033825 0.030307796 234.29736 -0.93672734 0.3340596 0.104057014 93.71948 0.08773819 -0.063639596 0.99410886 11.824951
0.31685695 0.94799674 0.030153103 234.76074 -0.94447184 0.31244394 0.1017478 92.42285 0.0870381 -0.060690876 0.99435204 11.965698
0.2958644 0.954641 0.030293126 235.18066 -0.9510739 0.29154727 0.101260304 91.15039 0.08783301 -0.058772113 0.9943997 12.103516
0.27619532 0.96068245 0.03158321 235.58032 -0.95661926 0.27152702 0.106482245 89.87866 0.093718626 -0.059590317 0.99381113 12.246094
0.25620514 0.9660868 0.03355598 235.9458 -0.9612626 0.2509542 0.11438057 88.61157 0.10207327 -0.06153509 0.99286944 12.391968
0.2366227 0.9709152 0.036194533 236.2793 -0.9653661 0.23073655 0.121666536 87.3689 0.109773085 -0.063709766 0.99191064 12.546265
0.21869361 0.9749096 0.039675556 236.58984 -0.96896243 0.21221861 0.12622294 86.11963 0.11466363 -0.06609954 0.9912083 12.709595
0.19584846 0.9795899 0.044213258 236.88428 -0.97375065 0.1889726 0.12649518 84.86084 0.11557533 -0.06780151 0.9909794 12.871704
0.1795016 0.98242915 0.049952295 237.13184 -0.9768589 0.17205046 0.126628 83.62671 0.11576578 -0.07153131 0.99069697 13.032349
0.15992992 0.9856696 0.054428346 237.3667 -0.98029304 0.15207444 0.12641272 82.38379 0.11634405 -0.0735669 0.9904807 13.196655
0.1425488 0.9882383 0.05577293 237.56543 -0.98306596 0.1347873 0.124315254 81.15674 0.11533622 -0.07252384 0.99067295 13.356445
0.123102546 0.99062294 0.058361348 237.7395 -0.9855649 0.1151893 0.12366918 79.93994 0.115775764 -0.072770424 0.99060833 13.511475
