7.775584088877142142e-01 -6.284496836144526366e-01 2.130530292912795332e-02 -6.596115317071399886e+01 6.274822939810206224e-01 7.776714542648172079e-01 3.864039288052960319e-02 2.571242065700321433e+01 -4.085206859295440612e-02 -1.667646205105098589e-02 9.990260277415885515e-01 -8.848183333698189657e-01 -4.809208017785018303e-24 -1.416202385148814181e-23 -3.430527606006730092e-24 9.999999999999997780e-01
7.494749685747905676e-01 -6.614528281452958236e-01 2.770248397541310095e-02 -6.556133830271281226e+01 6.606987625357986227e-01 7.499647197191887660e-01 3.209461575069791350e-02 2.609270341205419541e+01 -4.200495998668173775e-02 -5.751114249451074259e-03 9.991008497751402428e-01 -8.926458437895431475e-01 -4.809208017785018303e-24 -1.416202385148814181e-23 -3.430527606006730092e-24 9.999999999999997780e-01
7.210942424687938335e-01 -6.927413471245793541e-01 1.151170979402350511e-02 -6.520668702938148442e+01 6.923838262744613781e-01 7.211239674580052217e-01 2.418389280422196877e-02 2.649066250421376978e+01 -2.505455231880457725e-02 -9.468344187459806424e-03 9.996412455808597608e-01 -9.024740639597342851e-01 -4.237777504506261900e-20 -1.629108136756373986e-18 -7.796986015721027840e-20 9.999999999999996669e-01
6.910212794467714970e-01 -7.226947600087680890e-01 -1.420827954468422902e-02 -6.487104136348192185e+01 7.228306393567757171e-01 6.909476935176021017e-01 1.035140714041501118e-02 2.690214171259751907e+01 2.336270281157623325e-03 -1.742322239368797668e-02 9.998454746422539285e-01 -9.074689232189145915e-01 -2.250100393299355755e-19 -4.273769864687496610e-18 -1.451241816225130455e-19 9.999999999999995559e-01
6.564098191348649580e-01 -7.538632192071954563e-01 -2.857264548310932753e-02 -6.453186626244946922e+01 7.539185446849654415e-01 6.568755332831458515e-01 -1.101643109605029980e-02 2.732715561235084323e+01 2.707355394927048187e-02 -1.431015375715520913e-02 9.995310111127130304e-01 -9.269498291626359077e-01 -1.567356241501257126e-18 -4.466319643640746716e-18 -1.660156256971611708e-19 9.999999999999995559e-01
6.189350068360415236e-01 -7.849482473405047234e-01 -2.785150462627048948e-02 -6.419356152533406146e+01 7.842395142379006145e-01 6.195601960479599768e-01 -3.336986336386445207e-02 2.777623279652959098e+01 4.344929942794028416e-02 -1.188473849669846203e-03 9.990549263724841644e-01 -9.386974259493358064e-01 -1.648463748866517532e-18 -3.836370643873047019e-18 -1.935686212036700933e-19 9.999999999999993339e-01
5.860419826860119308e-01 -8.099755495272638051e-01 -2.223519052011208030e-02 -6.386842092831402340e+01 8.090154192521898935e-01 5.864394544646680529e-01 -3.978464099868543602e-02 2.826560825830929602e+01 4.526417945418747396e-02 5.326857910539869144e-03 9.989608494045897347e-01 -9.605739051723848343e-01 -1.075577591642105681e-18 -1.017763128461571517e-18 -2.901310710719203812e-19 9.999999999999993339e-01
5.572845825610018844e-01 -8.301698770655291382e-01 -1.587038918320196612e-02 -6.356636486988389834e+01 8.298254534204156929e-01 5.575104939812665084e-01 -2.391162805779738568e-02 2.876858071998285027e+01 2.869862183837990077e-02 1.559287606342846992e-04 9.995880975635905719e-01 -9.312669050643881397e-01 9.875321982374476356e-19 3.978408060602287977e-18 -5.213968613947462696e-19 9.999999999999994449e-01
5.286272351955255688e-01 -8.488172681878621839e-01 -7.905152474409126925e-03 -6.328629085424839218e+01 8.487777213905042251e-01 5.286816700102825450e-01 -8.489491521358465131e-03 2.927839153386107540e+01 1.138533621331959921e-02 -2.221940873322243454e-03 9.999327162854824147e-01 -8.754941963206138711e-01 1.459239202776289059e-18 1.130062397889525793e-17 -6.508580682633290846e-19 9.999999999999995559e-01
4.988087103579845194e-01 -8.666895626514338202e-01 -6.250796916180891873e-03 -6.301195113827476035e+01 8.666750438037862381e-01 4.988411033227623803e-01 -5.649963136508335051e-03 2.979841165602292108e+01 8.014918510090738094e-03 -2.599158865448224220e-03 9.999645020971822396e-01 -8.680806501507564166e-01 5.198425096138728637e-19 1.957493607256486477e-17 -7.216929376171838435e-19 9.999999999999995559e-01
4.712239891499285793e-01 -8.820030154342614059e-01 -4.316574396059234126e-03 -6.274920130844333954e+01 8.818828753291552136e-01 4.712327671244075922e-01 -1.490883595271734127e-02 3.032277770083202739e+01 1.518374956406413380e-02 3.218688111251654521e-03 9.998795396426581883e-01 -8.631474346238898754e-01 -8.523950203124180834e-19 2.769930804736649146e-17 -7.832955402618393403e-19 9.999999999999994449e-01
4.458722567951604043e-01 -8.950800667917204745e-01 -5.441015763608524937e-03 -6.250107781189913680e+01 8.948287131743860590e-01 4.458792865324943677e-01 -2.175398630033613737e-02 3.086123818859565304e+01 2.189759573738019743e-02 4.830721831909430726e-03 9.997485480997206908e-01 -8.588523744765843571e-01 -2.495701049788894818e-18 3.705873669813957693e-17 -8.771479272223554854e-19 9.999999999999995559e-01
4.227437801239599668e-01 -9.062308537872209024e-01 -5.773734546334659788e-03 -6.226140288499806275e+01 9.059878822172787727e-01 4.227662829868072403e-01 -2.132198970493954376e-02 3.141669695800536033e+01 2.176358522785540664e-02 3.782804993510497683e-03 9.997559886014211195e-01 -8.546460153801780368e-01 -4.864341987656424461e-18 4.668257676908565465e-17 -9.499030111867998332e-19 9.999999999999996669e-01
4.031651952343681677e-01 -9.151133006807730119e-01 -5.047005924208378472e-03 -6.202982698513197590e+01 9.150046043566619769e-01 4.031953242977912577e-01 -1.414582873200527849e-02 3.199238646328765512e+01 1.497996521215346107e-02 1.085072143623465627e-03 9.998872052690142009e-01 -8.481074432451667366e-01 -5.663882393171643117e-18 5.549742097926909824e-17 -1.049810833632395554e-18 9.999999999999997780e-01
3.859523725701451413e-01 -9.225160159862230147e-01 -2.228532344097074267e-03 -6.180385745636962724e+01 9.225013064822552566e-01 3.859588037777712533e-01 -5.209733675630738234e-03 3.257498969432251101e+01 5.666184432498842620e-03 -4.511492640052540594e-05 9.999839460304421612e-01 -8.431041742842984021e-01 -7.800451226334422956e-18 6.749963916799550602e-17 -1.108498594050236086e-18 1.000000000000000000e+00
3.696849936774606049e-01 -9.291559491990574182e-01 1.492487092984039112e-03 -6.157929107408465086e+01 9.291552036434057582e-01 3.696870291908320727e-01 1.451892022332577394e-03 3.316355457627530257e+01 -1.900787229657227616e-03 8.500094557191878496e-04 9.999978322435632005e-01 -8.393372072364980729e-01 -1.096624887782140501e-17 7.977758802242989124e-17 -1.171336890599297986e-18 1.000000000000000222e+00
3.555546167332111485e-01 -9.346535477948161308e-01 1.913142517805955720e-03 -6.136301727559104791e+01 9.346476718029864683e-01 3.555592723524066412e-01 3.366517115711093345e-03 3.376001706463257790e+01 -3.826762727450474036e-03 5.911334972909863643e-04 9.999925031960027466e-01 -8.411716198685957879e-01 -1.490452569799809544e-17 9.341215905848264358e-17 -1.271402092172661950e-18 1.000000000000000666e+00
3.425958250225422108e-01 -9.394828017675378451e-01 4.072593444152280387e-04 -6.115862185791118577e+01 9.394799524123863543e-01 3.425958056389076800e-01 2.352227423883964958e-03 3.435921477523073975e+01 -2.349402553790712941e-03 -4.232513054166479492e-04 9.999971505789218007e-01 -8.459035059038371163e-01 -1.853296086989876427e-17 1.069959432520754008e-16 -1.374074956543155867e-18 1.000000000000000888e+00
3.303639580182966551e-01 -9.438435822749141613e-01 -4.352865835005696564e-03 -6.096078395069881850e+01 9.438534981276054392e-01 3.303580624545501276e-01 2.030921850437639349e-03 3.497592208963121863e+01 -4.788682312625218516e-04 -4.779411026187872086e-03 9.999884638911832324e-01 -8.507512205486611467e-01 -2.143028679273411346e-17 1.188014396472107928e-16 -1.454525424952661406e-18 1.000000000000000888e+00
3.199897191070445457e-01 -9.473920521493505165e-01 -7.408049005897961690e-03 -6.076608887898839839e+01 9.474210112279752849e-01 3.199806335254138934e-01 2.412810071025086461e-03 3.560184312861940725e+01 8.455512945694590172e-05 -7.790615697281391347e-03 9.999696491181490066e-01 -8.573909946537934257e-01 -2.385981952975844535e-17 1.320382096242037719e-16 -1.470915202202105470e-18 1.000000000000000888e+00
3.119407006333172472e-01 -9.500545444569609144e-01 -9.453139431450135327e-03 -6.057115252219912094e+01 9.501015099937746289e-01 3.119288668761711070e-01 2.739108778436729653e-03 3.623103637607915317e+01 3.464043285559945031e-04 -9.835881559460015952e-03 9.999515665460875224e-01 -8.603735724866060641e-01 -2.702399275772213524e-17 1.437932623454743462e-16 -1.450691160422757417e-18 1.000000000000000888e+00
3.059269537859559684e-01 -9.519895415772666736e-01 -1.116295994762084298e-02 -6.037312979257445278e+01 9.520532864382903471e-01 3.059275410744861090e-01 1.696877771536261592e-03 3.687277820161022390e+01 1.799646996047828866e-03 -1.114685335210568659e-02 9.999362524336333768e-01 -8.581713897309204420e-01 -3.054901023657566717e-17 1.561880703469685448e-16 -1.396138252678509448e-18 1.000000000000001110e+00
3.013234342318413805e-01 -9.534352172780922174e-01 -1.286368674409371984e-02 -6.017351780336127121e+01 9.535194287496805421e-01 3.013264798790500909e-01 1.746860207705655445e-03 3.752388560126735939e+01 2.210651403172559249e-03 -1.279214515275286547e-02 9.999157334709485312e-01 -8.589294091784489549e-01 -3.508929078748077963e-17 1.696441805051900669e-16 -1.320365038988064980e-18 1.000000000000001332e+00
2.980508689071448281e-01 -9.544625068159886538e-01 -1.292294959681814133e-02 -5.997456950633596051e+01 9.545465963652270958e-01 2.980585842115401340e-01 1.369578538912816484e-03 3.817785292114845674e+01 2.544584695128435190e-03 -1.274376162620252141e-02 9.999155572488720445e-01 -8.645846049122192234e-01 -3.986191565891006345e-17 1.846814484903379634e-16 -1.216553993009701356e-18 1.000000000000001554e+00
2.957703900661310392e-01 -9.551863683074597322e-01 -1.178465781364675807e-02 -5.977078408065745663e+01 9.552500547723753455e-01 2.957986676477022958e-01 -6.935958617011763177e-04 3.883768442326269366e+01 4.148399392167563711e-03 -1.105214990339687536e-02 9.999303179546923381e-01 -8.675615739506353785e-01 -4.519317840638324758e-17 1.992994171972995611e-16 -1.100938257486267131e-18 1.000000000000001776e+00
2.949227694473133821e-01 -9.554585695816334434e-01 -1.093077648654851644e-02 -5.956633127738642486e+01 9.555074895042635630e-01 2.949603158942625258e-01 -1.962026711816023186e-03 3.950830106716521328e+01 5.098780520989414609e-03 -9.865792447416392094e-03 9.999383323868311635e-01 -8.647935256022828421e-01 -5.014043138410705869e-17 2.166003339973425774e-16 -9.915947177150191263e-19 1.000000000000001998e+00
2.946229789380196973e-01 -9.555539327320103915e-01 -1.067623164474531400e-02 -5.936007165515745498e+01 9.556022584496098871e-01 2.946554686007947232e-01 -1.574315613851080603e-03 4.018465184310880289e+01 4.650153514344130407e-03 -9.738401515508794334e-03 9.999417681086169019e-01 -8.635745626501412087e-01 -5.492833926862438391e-17 2.336750551910416360e-16 -9.233780020308902248e-19 1.000000000000001998e+00
2.935418498035698431e-01 -9.558692032683026030e-01 -1.213460576938748918e-02 -5.915278096906479277e+01 9.559412887169842499e-01 2.935574716017733676e-01 5.132181670700957862e-04 4.087391382477765944e+01 3.071634748079334759e-03 -1.175062168737570252e-02 9.999262412547758050e-01 -8.643720544359336788e-01 -6.004712261050354679e-17 2.501639258139145751e-16 -8.772874522152397382e-19 1.000000000000001998e+00
2.929563992707092113e-01 -9.560678402998601388e-01 -1.052771916250165932e-02 -5.894428479193892656e+01 9.561254941852295186e-01 2.929297190260584660e-01 4.027291939732076560e-03 4.156933171218110346e+01 -7.664824908265898459e-04 -1.124564163236610979e-02 9.999364720065146983e-01 -8.659059212959490104e-01 -6.408612931788922293e-17 2.661428484658614740e-16 -8.178844050999581394e-19 1.000000000000001998e+00
2.924735613941882861e-01 -9.562520451785293529e-01 -6.421991696155973303e-03 -5.872636900750370614e+01 9.562694362699452055e-01 2.924458499471406236e-01 4.918343690688248282e-03 4.227052888916103512e+01 -2.825091393183105492e-03 -7.579639874389353452e-03 9.999672834237930408e-01 -8.719662892360851014e-01 -6.760592147310547885e-17 2.809841397851612526e-16 -7.943503571593161367e-19 1.000000000000001776e+00
2.918792968555902201e-01 -9.564532407286082671e-01 -1.916863818371935960e-03 -5.850582856273334897e+01 9.564543369684002094e-01 2.918758273968348749e-01 1.898071588835312197e-03 4.297305858674310031e+01 -1.255930509290022201e-03 -2.387400513190194359e-03 9.999963614720350780e-01 -8.770679736331155052e-01 -7.141049303991434601e-17 2.965191424395491854e-16 -8.323052206012861934e-19 1.000000000000001554e+00
2.916384018716741688e-01 -9.565285898996279679e-01 3.150530708487437356e-04 -5.828267577868135163e+01 9.565246969088289086e-01 2.916362373400371855e-01 -2.968042052517948920e-03 4.368798682726140470e+01 2.747136187104535273e-03 1.166951083988238295e-03 9.999955457240291556e-01 -8.776870700840071482e-01 -7.515928936757285219e-17 3.117263359753877152e-16 -9.461859456397130009e-19 1.000000000000001332e+00
2.914552557754114814e-01 -9.565786045193143128e-01 -3.347724129444996227e-03 -5.806772154314729306e+01 9.565639666661761575e-01 2.914701354600983119e-01 -5.526102672891515695e-03 4.440938624255111478e+01 6.261913188748511640e-03 -1.591700604597198624e-03 9.999791272483451454e-01 -8.774756370904153169e-01 -8.013482834296951667e-17 3.261988390685375640e-16 -1.090702530961473419e-18 1.000000000000001110e+00
2.909593888485352275e-01 -9.566858262817908853e-01 -9.739806594312805724e-03 -5.784952512104822375e+01 9.566858337940926660e-01 2.910328664853663039e-01 -7.217066095248513349e-03 4.514889571585584349e+01 9.739068672809811367e-03 -7.218061852320560058e-03 9.999265223627387122e-01 -8.787098338099658124e-01 -8.472982154016490066e-17 3.375793027355883615e-16 -1.189546938318697038e-18 1.000000000000000666e+00
2.904007849506517469e-01 -9.568672618824650700e-01 -8.510419360119416896e-03 -5.762424761003167362e+01 9.568537057751214103e-01 2.904658826585942988e-01 -7.781822138293625554e-03 4.588381251094291713e+01 9.918157313147435428e-03 -5.883379045123893550e-03 9.999335057924998438e-01 -8.795569494798926025e-01 -8.885989991488222541e-17 3.462030984322919593e-16 -1.235289094771342186e-18 1.000000000000000222e+00
2.898653675327074741e-01 -9.570600441312799855e-01 -3.760403256610946304e-03 -5.738960678513415559e+01 9.570310084175429610e-01 2.898863771465364225e-01 -7.585332699907817652e-03 4.662622649347741799e+01 8.349708525182639521e-03 -1.400097269814265435e-03 9.999641604053287613e-01 -8.811172298179662521e-01 -9.286616639734997842e-17 3.556218442962073022e-16 -1.291691898935405300e-18 9.999999999999998890e-01
2.901378705949373416e-01 -9.569773673514546664e-01 -3.786082911350571040e-03 -5.716021819310483210e+01 9.569728148043474825e-01 2.901517961090041009e-01 -3.868712986844435008e-03 4.738933898069575434e+01 4.800809526123592241e-03 -2.500718272811578748e-03 9.999853492106607344e-01 -8.767419444984596577e-01 -9.798646169540117097e-17 3.648869318322724921e-16 -1.382687314183588542e-18 9.999999999999993339e-01
2.914300224927999783e-01 -9.565758954756687915e-01 -5.576574653952582131e-03 -5.692907865502842668e+01 9.565921168830113785e-01 2.914235196209720158e-01 1.963193575670174520e-03 4.816027331656112409e+01 -2.527986395663946780e-04 -5.906640901095619456e-03 9.999825236903223669e-01 -8.753123737082829647e-01 -1.036383919777196615e-16 3.755577568546464936e-16 -1.474140062079057493e-18 9.999999999999987788e-01
2.911904929907004891e-01 -9.566338886565113331e-01 -7.726568828528632485e-03 -5.669377210350039320e+01 9.566521591197184593e-01 2.911350646006551357e-01 7.551199346158666593e-03 4.894496165282565414e+01 -4.974258079513174322e-03 -9.590476212677667700e-03 9.999416380582044628e-01 -8.813391448678735696e-01 -1.079710631205503690e-16 3.855354420863886719e-16 -1.566429354804936945e-18 9.999999999999981126e-01
2.908725596564794569e-01 -9.567555829507892184e-01 -3.450874019053017452e-03 -5.644918311357726282e+01 9.567290858623368477e-01 2.908308907165221280e-01 9.319295577701558475e-03 4.973136246313261921e+01 -7.912667308435423000e-03 -6.012278904555498453e-03 9.999506198799984480e-01 -8.977050908343204849e-01 -1.126614686849238784e-16 3.954611434369877452e-16 -1.660271451135207215e-18 9.999999999999974465e-01
2.903829895201227584e-01 -9.569066775066160657e-01 2.707386326730672026e-03 -5.620457616820453950e+01 9.568737528309463336e-01 2.903954714227745537e-01 7.943004493243421837e-03 5.051391775152934116e+01 -8.386926767737428595e-03 2.841135243028604135e-04 9.999647887495096699e-01 -9.082419358873778936e-01 -1.167447664268052051e-16 4.089879791202019553e-16 -1.825833272614796617e-18 9.999999999999970024e-01
2.895106369823601256e-01 -9.571734968693497159e-01 1.577328466238056429e-03 -5.596720736997439616e+01 9.571539986219633755e-01 2.895148164839073668e-01 6.115059958092431726e-03 5.130420330137915386e+01 -6.309833285104563157e-03 -2.606286550521818754e-04 9.999800588394612832e-01 -9.107376733600269780e-01 -1.208689654406377275e-16 4.228038110892249621e-16 -2.091366133457314665e-18 9.999999999999965583e-01
2.901795749030471328e-01 -9.569505480920584839e-01 -6.439162641374356413e-03 -5.573851261019235892e+01 9.569662762933109912e-01 2.901475072660774646e-01 5.474492178342824956e-03 5.211235230511988448e+01 -3.370511301329301868e-03 -7.750647308484577558e-03 9.999642829220558582e-01 -9.201268796553824236e-01 -1.265637041947223847e-16 4.345515776225533310e-16 -2.353021871637056329e-18 9.999999999999961142e-01
2.894331486872318560e-01 -9.571597349674000332e-01 -8.584532501108882441e-03 -5.549518607393537195e+01 9.571972899610076135e-01 2.894337964721206413e-01 1.193964426477223595e-03 5.291223931528166702e+01 1.341839158712204673e-03 -8.562664129019818479e-03 9.999624394199211341e-01 -9.305096246579607211e-01 -1.323225509111965747e-16 4.456551398347975532e-16 -2.513320505039446794e-18 9.999999999999955591e-01
2.886367279965705301e-01 -9.574069007360558325e-01 -7.801645630902272546e-03 -5.524714495559096861e+01 9.574218313439115668e-01 2.886704151784425521e-01 -3.581656989507443767e-03 5.371330382447677465e+01 5.681207401156391709e-03 -6.435668093177814714e-03 9.999631523504319830e-01 -9.318186419913530028e-01 -1.390192679205809921e-16 4.569903780044237817e-16 -2.646061584296704547e-18 9.999999999999946709e-01
2.887706650488596760e-01 -9.573486467695647706e-01 -9.750463366565391768e-03 -5.500407204108425674e+01 9.573719997975933538e-01 2.888232435591634450e-01 -4.470792271699095856e-03 5.452482403857107585e+01 7.096267387019493562e-03 -8.043786954608866599e-03 9.999424685853454120e-01 -9.279831949661413448e-01 -1.458706924551707755e-16 4.661650313032849382e-16 -2.764599919997461282e-18 9.999999999999938938e-01
2.890630960732190613e-01 -9.571864427185565738e-01 -1.538311946600503730e-02 -5.476839493379481638e+01 9.572943401237028471e-01 2.891130816474477006e-01 -1.082768422914092863e-03 5.535283796827744851e+01 5.483872329168735550e-03 -1.441318480559657979e-02 9.998810865537921533e-01 -9.264886979141251366e-01 -1.520395409298890554e-16 4.765585761851758058e-16 -2.863305705666527012e-18 9.999999999999928946e-01
2.891174712389403822e-01 -9.572135571507003338e-01 -1.238118861229072810e-02 -5.451961242455212897e+01 9.572936190082345087e-01 2.890916413207079150e-01 3.866513239934784955e-03 5.617981558210537685e+01 -1.217807547562076902e-04 -1.297030938472587200e-02 9.999158745833914841e-01 -9.278646979057290078e-01 -1.587038483571176795e-16 4.862990917976644150e-16 -2.900421968663484725e-18 9.999999999999917843e-01
2.881819111529141386e-01 -9.575572697744987316e-01 -5.938113034939563467e-03 -5.426347168081891681e+01 9.575596528658066875e-01 2.881356663632145820e-01 7.572910468356086090e-03 5.700617201357636077e+01 -5.540513316080296000e-03 -7.868473268175661325e-03 9.999536938481599080e-01 -9.352157010981517749e-01 -1.644470532683032917e-16 4.976190088572104067e-16 -2.982012363030562957e-18 9.999999999999906741e-01
2.877250729222369796e-01 -9.576710373831861522e-01 -8.970316018047628376e-03 -5.401546602975316347e+01 9.576796753402480045e-01 2.876242341120853196e-01 1.104261706547736248e-02 5.784734888491583860e+01 -7.995114266103914291e-03 -1.176792713228042193e-02 9.998987918978793354e-01 -9.443752365881810107e-01 -1.703206104144682723e-16 5.058693745733665573e-16 -3.168916395742471233e-18 9.999999999999896749e-01
2.882025253917253615e-01 -9.575177393631018052e-01 -9.954052590239320653e-03 -5.376683911712253661e+01 9.575400050319191614e-01 2.880965259590785310e-01 1.084114817746296110e-02 5.867611836999682851e+01 -7.512863724540563663e-03 -1.265584985023696270e-02 9.998916873057718258e-01 -9.613818137990047807e-01 -1.764084267573189413e-16 5.140492624489180769e-16 -3.358046595874462597e-18 9.999999999999884537e-01
2.863771475443046555e-01 -9.580996110443903424e-01 -5.767554173301514889e-03 -5.351302738427731498e+01 9.581131671917875181e-01 2.863538604989869785e-01 4.541522990676365688e-03 5.950741365304087793e+01 -2.699670007772786689e-03 -6.826557995509643061e-03 9.999730545808435123e-01 -9.571851954298056242e-01 -1.809515700944359936e-16 5.200364800803409555e-16 -3.536036502943301086e-18 9.999999999999872324e-01
2.859429860600487538e-01 -9.582336360054515279e-01 -4.990746537814907090e-03 -5.326197303251370840e+01 9.582441538145194393e-01 2.859502143537683838e-01 -7.852333147489691653e-04 6.034588289456225851e+01 2.179542016558861945e-03 -4.557821734259184798e-03 9.999872378473625423e-01 -9.609066977936768783e-01 -1.854516392656430592e-16 5.266607577821988413e-16 -3.739580539159248704e-18 9.999999999999856781e-01
2.858671654137992513e-01 -9.582388530794005987e-01 -7.633098160548287825e-03 -5.301490533669802119e+01 9.582616992811614498e-01 2.858874726917540743e-01 -1.693708574311161060e-03 6.119411024798308318e+01 3.805184503606315154e-03 -6.830329944933036766e-03 9.999694331146827819e-01 -9.677053844212669675e-01 -1.910351224415558196e-16 5.350695915441572681e-16 -3.921337728612290419e-18 9.999999999999842348e-01
2.851386577437942105e-01 -9.584671608274839549e-01 -6.053715846174517919e-03 -5.275900770435480780e+01 9.584860988358482325e-01 2.851367830116490754e-01 1.188828095218391178e-03 6.203784099526095730e+01 5.866843724889465568e-04 -6.141383332220694789e-03 9.999809694250083592e-01 -9.708952808294901704e-01 -1.975658474599835829e-16 5.476568260290813655e-16 -4.037106068334039798e-18 9.999999999999830136e-01
2.843680459658574078e-01 -9.587128915725893208e-01 -2.099039367118752525e-03 -5.250211139276668604e+01 9.587088395988815348e-01 2.843575123630283641e-01 4.262163501629358947e-03 6.289062312976193425e+01 -3.489313482236662458e-03 -3.224390702469364951e-03 9.999887139343068831e-01 -9.694355587497054394e-01 -2.044831655848633425e-16 5.631622917003598485e-16 -4.186256260683272068e-18 9.999999999999815703e-01
2.836601385810171294e-01 -9.589248793510004587e-01 -3.926895677413029794e-05 -5.225457678456517385e+01 9.589047026284007735e-01 2.836539039613120705e-01 6.498772552266771259e-03 6.374355805536910680e+01 -6.220695892739301798e-03 -1.881097910101699492e-03 9.999788819836317177e-01 -9.653822316213862553e-01 -2.126337583342182920e-16 5.795905361916474846e-16 -4.406262349711539000e-18 9.999999999999803491e-01
2.834693399412063775e-01 -9.589651807791151894e-01 -5.560158879302331408e-03 -5.201378163991657289e+01 9.589753786244760159e-01 2.834424504230610986e-01 5.157566311435981751e-03 6.459652458252321594e+01 -3.369941452756675462e-03 -6.794067384498662932e-03 9.999712416579561447e-01 -9.648331463518481366e-01 -2.196066775991123999e-16 5.957905229611902408e-16 -4.662780612589402935e-18 9.999999999999790168e-01
2.835104015359577456e-01 -9.589604270547844589e-01 -4.092867456427311777e-03 -5.176123419934458525e+01 9.589687158873890782e-01 2.835118009899640912e-01 2.462697020813469132e-04 6.544519531712253979e+01 9.242133250844981754e-04 -3.994751871112715326e-03 9.999915938582665254e-01 -9.739395122069802735e-01 -2.251911938973711968e-16 6.099242749297839624e-16 -4.829357044571715900e-18 9.999999999999774625e-01
2.830285470243515400e-01 -9.591075671923020574e-01 -2.741555022480390499e-03 -5.150818940666660239e+01 9.591019129603266524e-01 2.830373368389123012e-01 -3.658758126555006294e-03 6.629804966614912587e+01 4.285105038042998429e-03 -1.593897670077008139e-03 9.999895486278908008e-01 -9.870163500485458208e-01 -2.305218395324073929e-16 6.231156013472194738e-16 -5.013743088334452790e-18 9.999999999999757971e-01
2.835603907279307112e-01 -9.589415280237926220e-01 -4.964941269838010068e-03 -5.125850535003112896e+01 9.589524723784008664e-01 2.835663555359994037e-01 -5.269985180476593339e-04 6.715524760434425389e+01 1.913251065478430114e-03 -4.611706800236662664e-03 9.999875357376897256e-01 -9.914964019054299804e-01 -2.357409654813109922e-16 6.361778489158592954e-16 -5.210913665812432522e-18 9.999999999999739098e-01
2.839156131526840432e-01 -9.588374525113773084e-01 -4.760700560401542533e-03 -5.101113040377843788e+01 9.588403980059942988e-01 2.838881266605617348e-01 5.711627869669728096e-03 6.801737355646071137e+01 -4.125016352585632144e-03 -6.186372348842328166e-03 9.999723561365316815e-01 -9.834228483792137876e-01 -2.396136816101275662e-16 6.487307993523973072e-16 -5.390178746781086199e-18 9.999999999999720224e-01
2.832192408769260705e-01 -9.590487960843842030e-01 -3.502617077475362033e-03 -5.075762972615688540e+01 9.590215307282561330e-01 2.831768127157197057e-01 9.412562874270270080e-03 6.887521552656396295e+01 -8.035247152497379877e-03 -6.024904103154636072e-03 9.999495663950991320e-01 -9.793619268461947192e-01 -2.434366029317729959e-16 6.633944667693010226e-16 -5.561016514799273583e-18 9.999999999999702460e-01
2.832403727499640533e-01 -9.590414451757103276e-01 -3.794427486282498600e-03 -5.050885217726413856e+01 9.590076244415791651e-01 2.831892214247649919e-01 1.040389983722457730e-02 6.972386509964468360e+01 -8.903230169785515333e-03 -6.585689357686564001e-03 9.999386787139673549e-01 -9.860354062771455874e-01 -2.460919003113283683e-16 6.748057180823830674e-16 -5.741533248680444647e-18 9.999999999999684697e-01
2.835968717547742157e-01 -9.589328802461130064e-01 -4.532715963264141723e-03 -5.025510834302757246e+01 9.588888117058769200e-01 2.835269793756555745e-01 1.202907941117175791e-02 7.058799875350453590e+01 -1.024993250105574183e-02 -7.757779914914942655e-03 9.999173744537738218e-01 -1.004068326988462712e+00 -2.490730009061910223e-16 6.880237997300151082e-16 -5.937042967886220459e-18 9.999999999999668043e-01
2.836284098483761174e-01 -9.589081325001013179e-01 -7.079445759012234322e-03 -5.001164101613327517e+01 9.588853485304499324e-01 2.835316441954186528e-01 1.219406058524023090e-02 7.144600971334600104e+01 -9.685736967364855232e-03 -1.024695882742175136e-02 9.999005882257533395e-01 -1.017764453459924390e+00 -2.524589892796068952e-16 7.033620304675309228e-16 -6.116673188181602652e-18 9.999999999999649170e-01
2.838180869707193632e-01 -9.588298795292434784e-01 -9.620583684128406962e-03 -4.976536319390545771e+01 9.588609050579147697e-01 2.837385384277536504e-01 8.843447431857196644e-03 7.229280319447560998e+01 -5.749631282379010638e-03 -1.173473191088739501e-02 9.999146152582841784e-01 -1.028519936153100334e+00 -2.556311849401679159e-16 7.166287432697132797e-16 -6.275314609911147027e-18 9.999999999999629186e-01
2.838503240224892754e-01 -9.588199314932372985e-01 -9.660875935366115483e-03 -4.951403334457307182e+01 9.588657485300235983e-01 2.838596469098365049e-01 4.208946030750272530e-04 7.313017166600644714e+01 2.338770697340895963e-03 -9.382954104686062544e-03 9.999532440689057333e-01 -1.022991999070983260e+00 -2.585823335528630947e-16 7.281988477062647332e-16 -6.411206487353827958e-18 9.999999999999610312e-01
2.835566895495793549e-01 -9.589126763647001228e-01 -9.059962415993331325e-03 -4.926175242925643261e+01 9.589155249303270567e-01 2.836184599001640994e-01 -6.448662771902612112e-03 7.397519974074388927e+01 8.753277064729532778e-03 -6.859177148362753662e-03 9.999381640029127993e-01 -1.020380950254272001e+00 -2.616326358722407342e-16 7.432108675586555976e-16 -6.538807161351785190e-18 9.999999999999591438e-01
2.836580938426975784e-01 -9.588784117243313032e-01 -9.501438141651672234e-03 -4.900838758543341100e+01 9.588903192735086511e-01 2.837186234416088082e-01 -5.753113595557637731e-03 7.483113087250659134e+01 8.212271377216185525e-03 -7.478919817033235010e-03 9.999383102758115927e-01 -1.018561458089072502e+00 -2.638287865133965258e-16 7.612233894173750964e-16 -6.677606654699166946e-18 9.999999999999572564e-01
2.838237372075976817e-01 -9.588429766227755113e-01 -8.014510521333570794e-03 -4.875769322269866990e+01 9.588742171839684802e-01 2.838312771531508738e-01 2.042781032887063485e-04 7.568637577331391242e+01 2.078898132384446752e-03 -7.742886476964843528e-03 9.999678624293959484e-01 -1.011275876491672499e+00 -2.668325729611356624e-16 7.821547886623772992e-16 -6.804400328799892109e-18 9.999999999999551470e-01
2.835515905668876124e-01 -9.589302047235738202e-01 -7.166446539315586041e-03 -4.850687691369334686e+01 9.589434341631203340e-01 2.834999406700868807e-01 7.434629486633656872e-03 7.654577212835600619e+01 -5.097603606977013820e-03 -8.980317871371002944e-03 9.999466827428641347e-01 -1.008732486286306296e+00 -2.704050984832106783e-16 8.046627328768745947e-16 -6.939838360587480630e-18 9.999999999999529265e-01
2.833851103945613237e-01 -9.589797687481071975e-01 -7.119152947956455639e-03 -4.825619925220965456e+01 9.589625125069659584e-01 2.832935425013592412e-01 1.164767717046098772e-02 7.739900441988881141e+01 -9.153076701172695867e-03 -1.012777907868754428e-02 9.999068202977243747e-01 -1.014137509839014850e+00 -2.742544619144785979e-16 8.256262461449919173e-16 -7.096902513546344784e-18 9.999999999999505951e-01
2.832693283998448108e-01 -9.590148289899047551e-01 -7.003239648259214183e-03 -4.800558254304424111e+01 9.589952101446117538e-01 2.831775409832962276e-01 1.177570390503889473e-02 7.825333949722964633e+01 -9.309914484243298968e-03 -1.005176901479371172e-02 9.999061393111081664e-01 -1.024220903445743014e+00 -2.784828297824310030e-16 8.476855485025600584e-16 -7.245375545072313926e-18 9.999999999999482636e-01
2.839513415953501263e-01 -9.587843866956050620e-01 -1.020467712071375377e-02 -4.775942638680948704e+01 9.588192125680558009e-01 2.838616538955282542e-01 9.395693598021767623e-03 7.910213007123233808e+01 -6.111727799031616004e-03 -1.245236028377365994e-02 9.999037881250150139e-01 -1.033900957547682298e+00 -2.809200455170958375e-16 8.687840952951415011e-16 -7.370881141631485878e-18 9.999999999999459321e-01
2.842646554419338001e-01 -9.586614552235195319e-01 -1.272084648935334003e-02 -4.751028023938805944e+01 9.587386915836043633e-01 2.841862363799392832e-01 7.635726087785997020e-03 7.995208983168397765e+01 -3.704986795657721089e-03 -1.436653476443458186e-02 9.998899318183942508e-01 -1.041367697528409408e+00 -2.834257281233432270e-16 8.899878326166386934e-16 -7.442695312542448034e-18 9.999999999999434896e-01
2.835215370835624804e-01 -9.588826370268940247e-01 -1.263433489842974086e-02 -4.725780551222388226e+01 9.589613184831246029e-01 2.834549962168022019e-01 6.815773834888895662e-03 8.080795317067376970e+01 -2.954261837370405347e-03 -1.404825712643986355e-02 9.998969540951697654e-01 -1.044684557716404338e+00 -2.868550746291901041e-16 9.097351426919698479e-16 -7.491892550315985202e-18 9.999999999999406031e-01
2.826144899372275421e-01 -9.591533193598807960e-01 -1.240806345260646489e-02 -4.700562421854037609e+01 9.592237342128455690e-01 2.825293548938125343e-01 8.184824138834466759e-03 8.166306204416235914e+01 -4.344859078423421797e-03 -1.421525885858448447e-02 9.998895182045217656e-01 -1.049088785053392092e+00 -2.902028476331252005e-16 9.286404545599084597e-16 -7.592690609509672855e-18 9.999999999999377165e-01
2.824657810057397689e-01 -9.591811232321022507e-01 -1.358879671712659616e-02 -4.675725213411953973e+01 9.592445815580452617e-01 2.823106529051344626e-01 1.226898561194961212e-02 8.251945197578075408e+01 -7.931917326811366298e-03 -1.650054822382754707e-02 9.998323942521257779e-01 -1.049941947045111457e+00 -2.918362491375543072e-16 9.458295588277705512e-16 -7.752472568100551288e-18 9.999999999999349409e-01
2.821935245090885225e-01 -9.592669626718952625e-01 -1.317987297253480489e-02 -4.650762884764904470e+01 9.593099917031081558e-01 2.820161970077333380e-01 1.382766950803809326e-02 8.337404457899438626e+01 -9.547488877077838984e-03 -1.654566262615318750e-02 9.998175266039872611e-01 -1.055930667813685053e+00 -2.925656967676331957e-16 9.628292260636251519e-16 -7.852268676603953480e-18 9.999999999999322764e-01
2.812742421902703072e-01 -9.595528258082343109e-01 -1.196558247293775211e-02 -4.625383669271933940e+01 9.595864003133941500e-01 2.811250511478480818e-01 1.275327216270425584e-02 8.422511170653105239e+01 -8.873613357337151869e-03 -1.506917717587328773e-02 9.998470777500649831e-01 -1.062003417457616061e+00 -2.934082142283970984e-16 9.817228376184543551e-16 -7.976856645797426530e-18 9.999999999999296119e-01
2.806326005754639086e-01 -9.597179116771453744e-01 -1.367016826906100775e-02 -4.601256343133682236e+01 9.597867084467647247e-01 2.804859224998789147e-01 1.170989190724422424e-02 8.507779486875834607e+01 -7.403903249541322375e-03 -1.640662322526610650e-02 9.998379893418434250e-01 -1.077488657845979692e+00 -2.936739533294590654e-16 1.000002209488017711e-15 -8.159889670786720946e-18 9.999999999999268363e-01
2.798794596384034938e-01 -9.599423011565286767e-01 -1.335164870027633933e-02 -4.576631277695981481e+01 9.600107029865482255e-01 2.797460168684091641e-01 1.102797341786592930e-02 8.593545743905600887e+01 -6.851147637343184445e-03 -1.590422889588407121e-02 9.998500473968130464e-01 -1.091219527988200211e+00 -2.940498975099894781e-16 1.020597285723641587e-15 -8.303105272367076570e-18 9.999999999999239497e-01
2.784399495658881896e-01 -9.604104396195685123e-01 -9.109443214747554862e-03 -4.551291582511036182e+01 9.604378946451026522e-01 2.783685528966284850e-01 8.366557721079604173e-03 8.677789960006114711e+01 -5.499546853654285403e-03 -1.107863837246292164e-02 9.999235064525454630e-01 -1.092812822308330656e+00 -2.948395403923350493e-16 1.040890365607979805e-15 -8.450981318780778713e-18 9.999999999999207301e-01
2.771552758482788703e-01 -9.607204645064167936e-01 -1.418245917417454427e-02 -4.527274481850705712e+01 9.608245693500383489e-01 2.771088036327766790e-01 5.182459137712471138e-03 8.762527568124041011e+01 -1.048810255776518735e-03 -1.506320112023991874e-02 9.998859934858584930e-01 -1.094668826636843839e+00 -2.964968190160793979e-16 1.061487521589628750e-15 -8.635267108050145420e-18 9.999999999999176215e-01
2.764262312829914303e-01 -9.607892170602787552e-01 -2.173980311697545562e-02 -4.504096420309562632e+01 9.610262930594727360e-01 2.764500110562929658e-01 1.963526302921249442e-03 8.847843264492254889e+01 4.123433912753215157e-03 -2.143529257729481774e-02 9.997617343772680076e-01 -1.104621815287084363e+00 -2.994760362031407854e-16 1.081248775084955775e-15 -8.766146725659813678e-18 9.999999999999142908e-01
2.750897182207605596e-01 -9.611445236495158584e-01 -2.295324787371266426e-02 -4.480531031068069581e+01 9.614042512595309953e-01 2.751374678156414677e-01 1.113312311898520448e-03 8.932741728481730092e+01 5.245244466389190757e-03 -2.237361085617662823e-02 9.997359196047225227e-01 -1.106639540503686403e+00 -3.033360323079972107e-16 1.097083890472515219e-15 -8.839743618395503704e-18 9.999999999999102940e-01
2.738255306392260446e-01 -9.615408419781944493e-01 -2.141933654889316072e-02 -4.456524080122788689e+01 9.617766163099685794e-01 2.738102336094728750e-01 3.700849941230985925e-03 9.018119970695774157e+01 2.306315175649777897e-03 -2.161400422857630635e-02 9.997637299540726996e-01 -1.094834346399967906e+00 -3.053059747918781899e-16 1.109527171306322521e-15 -8.874915600368684840e-18 9.999999999999061862e-01
2.732971801229350794e-01 -9.617499816678397595e-01 -1.859096820889651752e-02 -4.432720480020102372e+01 9.619278524237255823e-01 2.732082611924321891e-01 7.214759033300515399e-03 9.103518452923727011e+01 -1.859588269814897547e-03 -1.985494342273297005e-02 9.998011418043669662e-01 -1.085313686198373428e+00 -3.074921661441240666e-16 1.122258237909832902e-15 -8.887564362239001441e-18 9.999999999999019673e-01
2.721963015142450648e-01 -9.620438999719530537e-01 -1.951173925875807763e-02 -4.409530971938173138e+01 9.622324669867692304e-01 2.720486729588969532e-01 9.909541769872153016e-03 9.189176675741694567e+01 -4.225271438794801770e-03 -2.147216962162106640e-02 9.997605178307379381e-01 -1.089088700029734680e+00 -3.100195675009733910e-16 1.133197676685836951e-15 -8.980575604425761445e-18 9.999999999998975264e-01
2.712863997244461811e-01 -9.623364019613829257e-01 -1.767310908547426937e-02 -4.386410792270399384e+01 9.624846185009016120e-01 2.711374871916722995e-01 1.038374637582917259e-02 9.274273428061127333e+01 -5.200814737932809260e-03 -1.982706482581185134e-02 9.997898974417768203e-01 -1.097748866574801641e+00 -3.143119403689557864e-16 1.141307699687247832e-15 -9.063539095490204901e-18 9.999999999998930855e-01
2.698191291098229749e-01 -9.628060629967710726e-01 -1.421698362002950938e-02 -4.362820350660904722e+01 9.628894770373096490e-01 2.696849125482800869e-01 1.067253273073423547e-02 9.359691428969559013e+01 -6.441473236452426726e-03 -1.656903740974548928e-02 9.998419747250312239e-01 -1.110243560016855646e+00 -3.178986734443821614e-16 1.153087455466211305e-15 -9.077740369267300788e-18 9.999999999998888667e-01
2.689103763533153835e-01 -9.630600025796101082e-01 -1.423520007081649844e-02 -4.340175656210673338e+01 9.631285018709396795e-01 2.687417361184816222e-01 1.270307648239270282e-02 9.444847843409587540e+01 -8.408232488915564143e-03 -1.712631599576809951e-02 9.998179788976714333e-01 -1.115273570441223772e+00 -3.222259690097938343e-16 1.166672099006435508e-15 -9.099787205178449061e-18 9.999999999998845368e-01
2.685247412523112387e-01 -9.630842297252767414e-01 -1.905858835339276774e-02 -4.318334552550170002e+01 9.632367484056315599e-01 2.682909884616404006e-01 1.396108991028511409e-02 9.529896120900461653e+01 -8.332458014396743398e-03 -2.210683073048645697e-02 9.997208901381918755e-01 -1.114018169623427701e+00 -3.259122579321783269e-16 1.177479260908372041e-15 -9.203598298973601048e-18 9.999999999998802069e-01
2.682713833082226440e-01 -9.630510759352263195e-01 -2.372951828560835447e-02 -4.296523658580554184e+01 9.633156284749129217e-01 2.679952923585061653e-01 1.419588707798531517e-02 9.615134272679694050e+01 -7.311965133871449647e-03 -2.666736608440874179e-02 9.996176202689784906e-01 -1.118509223449695167e+00 -3.319111321283977982e-16 1.186103267542673321e-15 -9.322598259159801083e-18 9.999999999998754330e-01
2.687248855278707715e-01 -9.628585288552632404e-01 -2.627526039603954658e-02 -4.273889024333524844e+01 9.632035105116345530e-01 2.684769096542128919e-01 1.261532087833498045e-02 9.699985747004778602e+01 -5.092468590504124933e-03 -2.869847371200278177e-02 9.995751419330506371e-01 -1.127754264943618745e+00 -3.386734641847593950e-16 1.197469156414379744e-15 -9.317588708906304241e-18 9.999999999998707700e-01
2.702631738358026170e-01 -9.623854499634433290e-01 -2.778601387434596545e-02 -4.250555236760195044e+01 9.627744752244934423e-01 2.700030764700150909e-01 1.279251942391761328e-02 9.784523876024040590e+01 -4.809025333083827639e-03 -3.020901182732000506e-02 9.995320349443499452e-01 -1.141630091192665120e+00 -3.489623540540013299e-16 1.208005415080606909e-15 -9.351873923442951082e-18 9.999999999998661071e-01
2.713750338694113085e-01 -9.620933800471331843e-01 -2.705400269872130017e-02 -4.226613030273424698e+01 9.624427288919467083e-01 2.710336461341339986e-01 1.564468812570649764e-02 9.869665119850668589e+01 -7.719105884730329339e-03 -3.028350595479922802e-02 9.995115430407325308e-01 -1.153213769563161240e+00 -3.621071450595083164e-16 1.221742335515084936e-15 -9.251875159877967353e-18 9.999999999998613331e-01
