7.776383729082392282e-01 -6.283454195598642267e-01 2.146147009793754681e-02 -6.595457352910158022e+01 6.273826112553724244e-01 7.777605854352810377e-01 3.846466999417560290e-02 2.571263089916851641e+01 -4.086098475339572378e-02 -1.644705023729992055e-02 9.990294662638703471e-01 -9.011559571706311278e-01 -4.809208017785018303e-24 -1.416202385148814181e-23 -3.430527606006730092e-24 9.999999999999997780e-01
7.494962181629228892e-01 -6.614325205530461327e-01 2.761231091958502720e-02 -6.555694768144913098e+01 6.606952902482319256e-01 7.499843737577398528e-01 3.170445651667141984e-02 2.609403587406124103e+01 -4.167916029961540869e-02 -5.519046480716379571e-03 9.991158029591281631e-01 -9.156772326687047103e-01 -4.809208017785018303e-24 -1.416202385148814181e-23 -3.430527606006730092e-24 9.999999999999997780e-01
7.210142830648588186e-01 -6.928282894891013566e-01 1.128560587967574261e-02 -6.520772269506183250e+01 6.924931184471337930e-01 7.210460541474403851e-01 2.336383319947381298e-02 2.648213207070183373e+01 -2.432456617970352175e-02 -9.030453034783513661e-03 9.996633265245643551e-01 -9.250628123179134299e-01 9.682318675440399572e-19 -2.877900240335476489e-19 -6.269880999844629274e-21 9.999999999999997780e-01
6.909161842227034001e-01 -7.227975262405003098e-01 -1.409121853313203589e-02 -6.487112622831604369e+01 7.229313520089574174e-01 6.908423705309195695e-01 1.034791581542322987e-02 2.689266620782296258e+01 2.255362861965148468e-03 -1.733652617546062660e-02 9.998471674203670556e-01 -9.254502996745341825e-01 1.678800505385714814e-18 -2.804401223518189057e-18 2.027034277788755285e-20 9.999999999999995559e-01
6.560170314706299521e-01 -7.541249765923361270e-01 -3.061329939852932766e-02 -6.452678977774144187e+01 7.541628385093042120e-01 6.565649212568253068e-01 -1.268531381602491445e-02 2.731807315582481621e+01 2.966593049358304951e-02 -1.476563085766770429e-02 9.994508035482934094e-01 -9.763651454927421147e-01 3.033225899414401892e-18 -7.291511161984609775e-18 -7.895733145561297425e-20 9.999999999999992228e-01
6.186810510766795890e-01 -7.850459617212993679e-01 -3.060384001602866125e-02 -6.418815486682208871e+01 7.841949061164713575e-01 6.194359937264438676e-01 -3.657046481951035932e-02 2.776003599539563993e+01 4.766661577700104929e-02 -1.373921835275344070e-03 9.988623559225588977e-01 -1.013092085983710700e+00 4.435931711157076752e-18 -1.006393522350842780e-17 -1.878815725225048360e-19 9.999999999999990008e-01
5.859776073520260864e-01 -8.100173762004588829e-01 -2.240745267334676855e-02 -6.386259512463470855e+01 8.090177901893215173e-01 5.863783761246765813e-01 -4.062776354389038141e-02 2.825549294867039407e+01 4.604844013840213995e-02 5.678931827950316723e-03 9.989230655531591285e-01 -9.880333164127089729e-01 5.567431265940918191e-18 -1.053702037253178762e-17 -2.441961330515912908e-19 9.999999999999990008e-01
5.572667327847519170e-01 -8.301828058348420525e-01 -1.582079099108212039e-02 -6.356132764322885009e+01 8.298240170480251088e-01 5.574910619679557255e-01 -2.440935386538477594e-02 2.876225138352491584e+01 2.908417545137183952e-02 4.740485448531792014e-04 9.995768534816618089e-01 -9.513361157639564913e-01 6.030087154705113123e-18 -9.878820525085028150e-18 -2.186779054356653397e-19 9.999999999999990008e-01
5.283427121958536032e-01 -8.489720030503726811e-01 -1.002579204610451469e-02 -6.327403277849394669e+01 8.489028636220242729e-01 5.284313262661414212e-01 -1.114726670266578956e-02 2.927604811119637418e+01 1.476165992889009321e-02 -2.621346454759871780e-03 9.998876046531020023e-01 -9.358169666726559033e-01 6.506406057408278924e-18 -7.051399144887666382e-18 -2.020344077165759321e-19 9.999999999999992228e-01
4.987920909022154348e-01 -8.666989343747457664e-01 -6.277515994192960601e-03 -6.301091401421965088e+01 8.666829501951585080e-01 4.988251861095420736e-01 -5.839310216556196052e-03 2.979938953551765479e+01 8.192307026281262991e-03 -2.528014329401556248e-03 9.999632469491809283e-01 -8.813388670486249632e-01 8.404168222098784060e-18 -5.584742618464700531e-18 -2.252707849059629904e-19 9.999999999999993339e-01
4.713185504799306536e-01 -8.819526575068070695e-01 -4.281809215328422763e-03 -6.274944629837874999e+01 8.818328468621515759e-01 4.713268346882865112e-01 -1.489446533862183973e-02 3.031921853964642466e+01 1.515434487173979855e-02 3.244197803499507260e-03 9.998799032944569731e-01 -8.741838612936264630e-01 1.089541273781311374e-17 -4.199014394302496772e-18 -2.466582223057376986e-19 9.999999999999994449e-01
4.458407227656703831e-01 -8.950969584931821599e-01 -5.242596686386889575e-03 -6.250424246716116983e+01 8.948502745958729632e-01 4.458442698363007661e-01 -2.158409390820629700e-02 3.085858600275453867e+01 2.165723850075416609e-02 4.931728943868697417e-03 9.997532906023159915e-01 -8.713563605807881363e-01 1.341947097718673006e-17 -4.790537936133059200e-18 -2.915829239789551428e-19 9.999999999999994449e-01
4.227910864000931634e-01 -9.061991837147573836e-01 -7.122969557114914793e-03 -6.226485307515351053e+01 9.059130260421630609e-01 4.228384103041274433e-01 -2.300582575398828905e-02 3.142066968445937292e+01 2.385972564312218921e-02 3.273867158168649368e-03 9.997099555801574056e-01 -8.842613563143766342e-01 1.552749607814326592e-17 -4.744987876749950915e-18 -3.525157307604507438e-19 9.999999999999994449e-01
4.031455242601870714e-01 -9.151103331097748539e-01 -6.838457769861774199e-03 -6.203314127278401457e+01 9.149737279535412604e-01 4.032035025179891430e-01 -1.581179028573553511e-02 3.199299816969796595e+01 1.722682280006956196e-02 1.174432850926389565e-04 9.998516003804285290e-01 -8.837525356288770118e-01 1.538907912098187189e-17 -3.311838564707616961e-18 -3.691160094169377055e-19 9.999999999999997780e-01
3.859378591656175139e-01 -9.225216296094268520e-01 -2.410760336608626896e-03 -6.180254285022853367e+01 9.225073271809658415e-01 3.859453143437950318e-01 -5.142531819714839074e-03 3.257703082540010087e+01 5.674518490559922468e-03 -2.392463534060297072e-04 9.999838711704788219e-01 -8.582717540684747792e-01 1.452454397945634883e-17 -3.200069946620315941e-19 -3.782678611900873902e-19 1.000000000000000444e+00
3.696555830253669406e-01 -9.291681944352119249e-01 1.102899885102534300e-03 -6.157958474751316658e+01 9.291672033219398052e-01 3.696569019011299306e-01 1.443311387814083220e-03 3.316159212077163687e+01 -1.748773590859059720e-03 4.912502892360160389e-04 9.999983502306865057e-01 -8.553576753097160701e-01 1.355509535323313529e-17 1.862161520513850129e-18 -4.048342411698829938e-19 1.000000000000001110e+00
3.554281222959460584e-01 -9.347026193172918163e-01 1.365035730090951140e-03 -6.136614203275678392e+01 9.346968302192342204e-01 3.554307277065104076e-01 3.291410055940728868e-03 3.375935476902475330e+01 -3.561665243428839903e-03 1.060348741637416999e-04 9.999936516285051757e-01 -8.583578609700003303e-01 1.280054647754985239e-17 3.887321042116004783e-18 -4.454657526264136048e-19 1.000000000000001554e+00
3.424826086869743325e-01 -9.395241127225808508e-01 -3.230476529168139024e-04 -6.116007591598385318e+01 9.395230012203488190e-01 3.424816210687116058e-01 1.693932725086464168e-03 3.435958697402466555e+01 -1.480852756697548971e-03 -8.836531990327380764e-04 9.999985131149690121e-01 -8.682281675628915618e-01 1.127519852727937388e-17 5.580438142525556558e-18 -4.885348556261255973e-19 1.000000000000001554e+00
3.303372334501299967e-01 -9.438513304789095670e-01 -4.688085929579748935e-03 -6.096416189191911883e+01 9.438629231211603798e-01 3.303315230037423555e-01 1.966536862207083139e-03 3.497615687070587143e+01 -3.074958687419809909e-04 -5.074530835874715637e-03 9.999870772080489134e-01 -8.646457798089230984e-01 8.632355712319419481e-18 9.057296663088661081e-18 -5.268805718509968548e-19 1.000000000000001776e+00
3.199596226967631463e-01 -9.474007310602332588e-01 -7.595698141656370347e-03 -6.076957377775011793e+01 9.474311124063926615e-01 3.199523338774577508e-01 2.188901729183473626e-03 3.559973092154472596e+01 3.564942494016339536e-04 -7.896760911241598735e-03 9.999687565514082666e-01 -8.697504967687815780e-01 5.553648171032764845e-18 1.465043381263636664e-17 -5.396562025452789419e-19 1.000000000000001998e+00
3.117551359419546420e-01 -9.501150088779900527e-01 -9.497637525730160540e-03 -6.057283559011589347e+01 9.501622071351938370e-01 3.117470240272344206e-01 2.360750340353835828e-03 3.623281178909014955e+01 7.178759033490336857e-04 -9.760272277298885635e-03 9.999521097228948330e-01 -8.718061066286452165e-01 2.051291095199731519e-18 2.212054923844980034e-17 -5.330528326148268963e-19 1.000000000000002442e+00
3.057426141602385683e-01 -9.520474392444435718e-01 -1.127507492399421919e-02 -6.037557862582902146e+01 9.521121069007804083e-01 3.057453461873835265e-01 1.522884679086051671e-03 3.686960253925505526e+01 1.997443226933940177e-03 -1.120074608419551442e-02 9.999352746591750885e-01 -8.709308080785451711e-01 -3.390810661125646059e-18 3.357639324070954212e-17 -4.861229090093327898e-19 1.000000000000002887e+00
3.011703525015164695e-01 -9.534847107451690507e-01 -1.277987282000687952e-02 -6.017708976743729465e+01 9.535673731143269327e-01 3.011758695469122227e-01 1.536403116519347327e-03 3.752008839658735440e+01 2.384052428119069929e-03 -1.264918882189441408e-02 9.999171537263352727e-01 -8.687353643983380946e-01 -8.087350108566905386e-18 4.452787084347839968e-17 -4.177942797972423009e-19 1.000000000000003109e+00
2.978738791291605237e-01 -9.545187224365827561e-01 -1.285148437199307159e-02 -5.997621717170783029e+01 9.546011385474543198e-01 2.978850400283042377e-01 1.081300732197169531e-03 3.817673444431174801e+01 2.796143143104589442e-03 -1.259013285713275407e-02 9.999168316105946364e-01 -8.722121950446192207e-01 -1.312565779566920508e-17 5.457193150628508369e-17 -3.467733185681847138e-19 1.000000000000003331e+00
2.956412720370794611e-01 -9.552251126084706501e-01 -1.188370777233245697e-02 -5.977467638389337168e+01 9.552890771437970718e-01 2.956721029482211049e-01 -8.869204943678305527e-04 3.883168862503967489e+01 4.360889596971741743e-03 -1.109016592772582577e-02 9.999289929098090779e-01 -8.760581778636904460e-01 -1.871922911289528413e-17 6.285723241734467553e-17 -2.738421785514515043e-19 1.000000000000003331e+00
2.947544744922552806e-01 -9.555096261279795167e-01 -1.100700429507070477e-02 -5.957044582268863309e+01 9.555582302476169909e-01 2.947944475884949900e-01 -2.168473442498364094e-03 3.949928442410083562e+01 5.316800999076347692e-03 -9.878666294529984959e-03 9.999370698095870758e-01 -8.731978282337439223e-01 -2.399963528098922498e-17 7.102148750209220381e-17 -1.913638271337771686e-19 1.000000000000003553e+00
2.944457437413560696e-01 -9.556072553970853534e-01 -1.079247075696445485e-02 -5.936328559147006700e+01 9.556557554153174427e-01 2.944807604781712329e-01 -1.777315338317531123e-03 4.017883961598140985e+01 4.876590428370697512e-03 -9.790563857388967506e-03 9.999401800733644929e-01 -8.710152373771655743e-01 -2.918714532746240070e-17 7.827194168317035987e-17 -9.123465784559241765e-20 1.000000000000003775e+00
2.933961210871291470e-01 -9.559124124118150156e-01 -1.225462884148604409e-02 -5.915437740142860434e+01 9.559854486737131563e-01 2.934138515680693726e-01 3.655573086289523339e-04 4.086860060756266222e+01 3.246237079147764638e-03 -1.182249994774272651e-02 9.999248423955746645e-01 -8.719483336705649013e-01 -3.455049169307868461e-17 8.644607786667029761e-17 -8.737031437282881890e-21 1.000000000000003997e+00
2.928863652923195393e-01 -9.560893215821997249e-01 -1.052550152423256148e-02 -5.894752558957235067e+01 9.561471367120236708e-01 2.928630604244507607e-01 3.725694064099955259e-03 4.156608034252847972e+01 -4.795657212828914801e-04 -1.115513313747650524e-02 9.999376645678496045e-01 -8.743222009979824128e-01 -3.966263165048637224e-17 9.480765480420293312e-17 9.309805405934429453e-20 1.000000000000003997e+00
2.923952920528516408e-01 -9.562756240976940658e-01 -6.474870028675214738e-03 -5.872985339210660527e+01 9.562940253046102734e-01 2.923691457794269088e-01 4.692522024481016359e-03 4.226731437444365724e+01 -2.594292208239966716e-03 -7.563950870856719910e-03 9.999680276364640852e-01 -8.790653965460325514e-01 -4.552720726985057750e-17 1.063803075439160679e-16 2.013735493062509451e-19 1.000000000000003997e+00
2.919282713735535384e-01 -9.564381595934936531e-01 -1.982737061787190423e-03 -5.850774984479406271e+01 9.564397754005223851e-01 2.919255230162493553e-01 1.563663494530250376e-03 4.296918029501793512e+01 -9.167358811699019214e-04 -2.352846171020329426e-03 9.999968118500256464e-01 -8.870701893111783143e-01 -5.085402196729647926e-17 1.157799005995793992e-16 2.563883202811960530e-19 1.000000000000003775e+00
2.915819224222045425e-01 -9.565458227680372350e-01 2.673230041524847001e-04 -5.828593928910297706e+01 9.565404964936299326e-01 2.915793401692542974e-01 -3.430299435634757369e-03 4.367939218379964217e+01 3.203292730833373798e-03 1.255918583044284258e-03 9.999940807745747451e-01 -8.871373404829583365e-01 -5.524880704476367124e-17 1.242403802621025402e-16 2.843527827547286734e-19 1.000000000000003553e+00
2.914061644271384033e-01 -9.565934141114215139e-01 -3.389308560648033805e-03 -5.807045036632214163e+01 9.565768862387684646e-01 2.914217895999790531e-01 -5.831059948546720752e-03 4.440504417437364282e+01 6.565671910315278373e-03 -1.542927415294350268e-03 9.999772554050158080e-01 -8.872189047357574854e-01 -5.896460959755516076e-17 1.295642493197454736e-16 3.039898238205554933e-19 1.000000000000002887e+00
2.908886886630262514e-01 -9.567070904095816841e-01 -9.762887274886753591e-03 -5.785115458426349733e+01 9.567041839344819776e-01 2.909646355818989449e-01 -7.528962942287559766e-03 4.514539436047139276e+01 1.004366716847793911e-02 -7.150104945888134320e-03 9.999239974863394220e-01 -8.869733909005236283e-01 -6.095817066119558108e-17 1.326867250771031323e-16 3.333553456943311774e-19 1.000000000000001998e+00
2.902851748345936511e-01 -9.569022669869978737e-01 -8.518726806337860100e-03 -5.762600571821307227e+01 9.568867814835267938e-01 2.903515195099718449e-01 -7.980134108233017873e-03 4.588782340001976223e+01 1.010963369153469217e-02 -5.834942451239963877e-03 9.999318720558918461e-01 -8.878778558507197660e-01 -6.379133953027095223e-17 1.344238757086124180e-16 3.864140254372492974e-19 1.000000000000001332e+00
2.897823105049772696e-01 -9.570850377246686858e-01 -3.800405501667456030e-03 -5.739042759899157176e+01 9.570539515686038445e-01 2.898040058239229055e-01 -7.834028042237270797e-03 4.662983970560279090e+01 8.599203762474902368e-03 -1.367030356291460292e-03 9.999620917428027056e-01 -8.878644032510021322e-01 -6.594625303388655400e-17 1.346238789682174875e-16 4.352756994222333291e-19 1.000000000000000444e+00
2.900070680395870903e-01 -9.570155843438483689e-01 -4.131804702436603013e-03 -5.716124831663623240e+01 9.570102926870081017e-01 2.900235866512577698e-01 -4.197484616524280870e-03 4.739174686485377208e+01 5.215379012195841581e-03 -2.736879420822800873e-03 9.999826545059558036e-01 -8.849128769658636262e-01 -6.806731914664344585e-17 1.369661185715136566e-16 4.839894381531275646e-19 9.999999999999995559e-01
2.913775953442819255e-01 -9.565912309822514059e-01 -5.684517504837811354e-03 -5.693308162765956126e+01 9.566081200169401777e-01 2.913727027698912453e-01 1.689022872169649962e-03 4.815710334825117656e+01 4.060876087650122396e-05 -5.929999026478345592e-03 9.999824165766391104e-01 -8.819736771466148983e-01 -7.097750924886592512e-17 1.380038594251949427e-16 5.294269590805072446e-19 9.999999999999985567e-01
2.910610794186747619e-01 -9.566727218637752772e-01 -7.794311349531655303e-03 -5.669717563817081896e+01 9.566937037714855485e-01 2.910094881777329778e-01 7.115824236854220892e-03 4.894459897078193222e+01 -4.539296384455555888e-03 -9.527908076661643910e-03 9.999443053270488102e-01 -8.882536897715725965e-01 -7.406048129828908646e-17 1.358341446548118706e-16 5.459333018876419540e-19 9.999999999999973355e-01
2.907293607990599771e-01 -9.567985796023172895e-01 -3.594000610021977783e-03 -5.645081081032796533e+01 9.567752252539810653e-01 2.906883657507117191e-01 9.024541950339848989e-03 4.973047662341654984e+01 -7.589934755817541803e-03 -6.062350055940958667e-03 9.999528192880782207e-01 -9.021963209251294691e-01 -7.755926308283203850e-17 1.322027862471853194e-16 5.306996948356636393e-19 9.999999999999958922e-01
2.902157895217432615e-01 -9.569580525014146355e-01 2.466022101038593730e-03 -5.620584365006013883e+01 9.569283740070674282e-01 2.902262155215785122e-01 7.538623498440360539e-03 5.051119682716775117e+01 -7.929850723391012463e-03 1.719789489077868587e-04 9.999685434506010440e-01 -9.136142831676905551e-01 -8.262623980118106647e-17 1.335762978667777907e-16 5.350611325178112579e-19 9.999999999999944489e-01
2.893692219768882468e-01 -9.572165133834366069e-01 1.414170634732175641e-03 -5.596783584259662092e+01 9.571993152491734547e-01 2.893725123897387119e-01 5.746299661685868275e-03 5.130329995180647273e+01 -5.909675036540689395e-03 -3.091590991344671138e-04 9.999824899274889489e-01 -9.152429139694089333e-01 -8.745070558197714560e-17 1.344771283993208010e-16 5.130481174100681961e-19 9.999999999999928946e-01
2.899999002733776310e-01 -9.570037444648327174e-01 -6.625022397068525137e-03 -5.573920055701781706e+01 9.570223629206006111e-01 2.899708626889987984e-01 5.009556996885663506e-03 5.211124035625120143e+01 -2.873101344322750734e-03 -7.793065618352652130e-03 9.999655061135332978e-01 -9.250230727302589662e-01 -9.109598227459884726e-17 1.319058161470106309e-16 5.135511961831010417e-19 9.999999999999910072e-01
2.893088109225949167e-01 -9.571955442517893209e-01 -8.780773719938288202e-03 -5.549271963908630312e+01 9.572345713989871552e-01 2.893110680669790935e-01 1.039813722585553784e-03 5.291063201306883457e+01 1.545069961254120616e-03 -8.706087440016413437e-03 9.999609076360228554e-01 -9.340162163103878923e-01 -9.475074394005916145e-17 1.289287654774190952e-16 5.070826205528028969e-19 9.999999999999891198e-01
2.884617807393162758e-01 -9.574583590159765345e-01 -7.955614569972044997e-03 -5.524624868199934014e+01 9.574736768998335368e-01 2.884970497572726389e-01 -3.689217437286451250e-03 5.370931269327076052e+01 5.827443405995557345e-03 -6.553093302812331052e-03 9.999615481964631014e-01 -9.361214221449639661e-01 -9.897243316618608486e-17 1.266891220105437364e-16 5.448182572445865813e-19 9.999999999999873435e-01
2.886195673773566117e-01 -9.573945808629920062e-01 -9.714003352761223578e-03 -5.500287803425986510e+01 9.574167842327605538e-01 2.886728519400528770e-01 -4.591930120529270735e-03 5.452481338033237535e+01 7.200458064688495738e-03 -7.975028967210293085e-03 9.999422744921726558e-01 -9.332758495349243733e-01 -1.037054684717622165e-16 1.293271843976016166e-16 6.085978414770739327e-19 9.999999999999854561e-01
2.889491484984004765e-01 -9.572214931718208142e-01 -1.534283520138697912e-02 -5.476487671377751809e+01 9.573292193605805744e-01 2.889978344893483486e-01 -1.008671880403079696e-03 5.535388678633365345e+01 5.399568551603122976e-03 -1.439668956516301952e-02 9.998817830068544854e-01 -9.320694785420702289e-01 -1.092515740791088258e-16 1.308264307103299005e-16 6.920529664098452348e-19 9.999999999999834577e-01
2.889815430083115810e-01 -9.572512672302698755e-01 -1.263642301601177603e-02 -5.451752968866075122e+01 9.573346596155489774e-01 2.889545512104024771e-01 3.951813964124387298e-03 5.618038208197133088e+01 -1.315269835243003057e-04 -1.323928702382412559e-02 9.999123481484245568e-01 -9.329688600806385068e-01 -1.146212512778847029e-16 1.334627946340732050e-16 7.983000996539536744e-19 9.999999999999811262e-01
2.880292827475029460e-01 -9.576022061985342004e-01 -6.094830901996828657e-03 -5.426174882535730859e+01 9.576067138662676115e-01 2.879834815271425930e-01 7.409178482254659588e-03 5.700503529497179045e+01 -5.339835038253753705e-03 -7.970511355621594241e-03 9.999539774961810901e-01 -9.395756942589467142e-01 -1.190616940710944144e-16 1.344002979562668386e-16 8.964621787783866457e-19 9.999999999999787947e-01
2.876434195121562731e-01 -9.576925869893099241e-01 -9.282889482528915159e-03 -5.401346378433793660e+01 9.577067172519152516e-01 2.875428351719738762e-01 1.081488196177227482e-02 5.784637470772209156e+01 -7.688103923563252735e-03 -1.200111524202766844e-02 9.998984279870344327e-01 -9.498244877400477959e-01 -1.235455886952812662e-16 1.351644931929630204e-16 9.634676521693775392e-19 9.999999999999764633e-01
2.881247972569858096e-01 -9.575393906284391798e-01 -1.012010872521545979e-02 -5.376735791510146356e+01 9.575655165434086014e-01 2.880206012565751372e-01 1.060258358966197079e-02 5.867702451409847697e+01 -7.237591629717279006e-03 -1.274553438610618976e-02 9.998925785405872180e-01 -9.648536341895491697e-01 -1.281366259031892233e-16 1.369146841910126249e-16 1.038062518151931421e-18 9.999999999999743538e-01
2.863684498587369953e-01 -9.581006610571695115e-01 -6.019485642046039364e-03 -5.351219205778480870e+01 9.581166943456235208e-01 2.863465452673434886e-01 4.249238718695391194e-03 5.950345928060356471e+01 -2.347539507489024378e-03 -6.984217589968635606e-03 9.999728545129827895e-01 -9.624250697913291352e-01 -1.327930893969894683e-16 1.397580748796460590e-16 1.110580668475086787e-18 9.999999999999721334e-01
2.859157928006241800e-01 -9.582403516461085458e-01 -5.252418910610398735e-03 -5.325916393401356430e+01 9.582521598636171145e-01 2.859234618781349435e-01 -7.563493557898977792e-04 6.034456759259897041e+01 2.226554270812045478e-03 -4.816889539904055037e-03 9.999859199164565782e-01 -9.650312929953389629e-01 -1.372458641412401186e-16 1.423386223948754966e-16 1.195067529758080497e-18 9.999999999999698019e-01
2.858584581425459015e-01 -9.582400537982556088e-01 -7.806484815033496241e-03 -5.301229171643527849e+01 9.582643013254176223e-01 2.858790590708182311e-01 -1.640850420013517576e-03 6.119305138090260243e+01 3.804039128317920036e-03 -7.011624745976174217e-03 9.999681826961548392e-01 -9.721083450489647060e-01 -1.414924721399962076e-16 1.453766785345947151e-16 1.288811140169860102e-18 9.999999999999675815e-01
2.851198556881835988e-01 -9.584719159387005138e-01 -6.185001959190799571e-03 -5.275526309604584441e+01 9.584916196224384510e-01 2.851185234411647285e-01 1.114766472432397564e-03 6.204024414413328969e+01 6.949862694256081020e-04 -6.246114600976763673e-03 9.999802513281909055e-01 -9.766957545558389020e-01 -1.457194173805082417e-16 1.450463014514330541e-16 1.386250133836050621e-18 9.999999999999652500e-01
2.844571299185055246e-01 -9.586863875851090455e-01 -2.133423922793009717e-03 -5.249678868834283207e+01 9.586822131588936813e-01 2.844462575886311795e-01 4.329054929946745192e-03 6.288625260619818391e+01 -3.543361581762730084e-03 -3.276706108539243455e-03 9.999883538250282644e-01 -9.783333004797888366e-01 -1.497367444699822677e-16 1.433449276574755727e-16 1.473298746203085472e-18 9.999999999999626965e-01
2.837182575866695200e-01 -9.589074034117005541e-01 7.362026304084395715e-04 -5.224920945624216273e+01 9.588847895643901609e-01 2.837167049763026361e-01 6.692657128494115815e-03 6.373908684568684890e+01 -6.626511453506673914e-03 -1.192895514782926162e-03 9.999773329161785185e-01 -9.846051939073700021e-01 -1.541070209264850587e-16 1.420206327340569266e-16 1.548239402040805039e-18 9.999999999999601430e-01
2.834178248728215221e-01 -9.589800123183029879e-01 -5.627834259256428787e-03 -5.201091044325946200e+01 9.589901803697257199e-01 2.833897210552889789e-01 5.300939033491417277e-03 6.459566506348872394e+01 -3.488624198763172219e-03 -6.899418402029042045e-03 9.999701133168013012e-01 -9.752759160730796184e-01 -1.591615431211343104e-16 1.412572114765468852e-16 1.613789578817674709e-18 9.999999999999573674e-01
2.835861368931779092e-01 -9.589374943563702125e-01 -4.217212306564121875e-03 -5.175837513552142610e+01 9.589461181293494896e-01 2.835883205907930860e-01 8.336145225117821511e-05 6.544605419348158648e+01 1.116013733442545747e-03 -4.067719522914919721e-03 9.999911040459950051e-01 -9.807972106901510223e-01 -1.652326153959491551e-16 1.407720400722707969e-16 1.694821260674331376e-18 9.999999999999545919e-01
2.829879993661256754e-01 -9.591190308016002142e-01 -2.911523496548790429e-03 -5.150500924241914902e+01 9.591138400796955787e-01 2.829974489386872238e-01 -3.617410919037435287e-03 6.630011246520869861e+01 4.293481376723439803e-03 -1.768798602391844985e-03 9.999892186264136562e-01 -9.919209150462344748e-01 -1.717305671463838827e-16 1.392280685377332573e-16 1.796854438887531457e-18 9.999999999999518163e-01
2.835254297609367535e-01 -9.589516545792662328e-01 -5.005482862293170361e-03 -5.125560982291785450e+01 9.589628137476328140e-01 2.835314068578819735e-01 -5.130052530555476251e-04 6.715539613746652492e+01 1.911158834171275064e-03 -4.654621894946613624e-03 9.999873409032806748e-01 -9.964619131041912992e-01 -1.775875013617015936e-16 1.379420344454401341e-16 1.928520222603732743e-18 9.999999999999489297e-01
2.839178715247867024e-01 -9.588355867039886071e-01 -4.995988288686476451e-03 -5.100665407983770194e+01 9.588407547838299072e-01 2.838906135412730403e-01 5.525079972826338164e-03 6.801624445332610946e+01 -3.879329116814366710e-03 -6.359026127502998005e-03 9.999722564112449863e-01 -9.891457897378955755e-01 -1.834443011382823750e-16 1.378096284217457405e-16 2.049338908267248562e-18 9.999999999999461542e-01
2.831429883428549510e-01 -9.590706217808462331e-01 -3.686541647125595508e-03 -5.075511713115280088e+01 9.590453785711289258e-01 2.830997921294552966e-01 9.298899805094011650e-03 6.887574581213726788e+01 -7.874642443974700159e-03 -6.168479008699397255e-03 9.999499686849222524e-01 -9.843308391929599388e-01 -1.898785766297800739e-16 1.395545763525989378e-16 2.142776150682828334e-18 9.999999999999436007e-01
2.832713765191366972e-01 -9.590317749835798322e-01 -3.921965953976295875e-03 -5.050816544691784316e+01 9.589996326183947151e-01 2.832197200020044048e-01 1.030993888101649006e-02 6.972325595793377317e+01 -8.776780885694144413e-03 -6.681674487657481530e-03 9.999391598208354770e-01 -9.894020561569580874e-01 -1.963287975455850885e-16 1.420232945298743861e-16 2.225416362313021634e-18 9.999999999999411582e-01
2.835996056690630596e-01 -9.589309042781616332e-01 -4.773309624932210900e-03 -5.025353825696873145e+01 9.588895124310106155e-01 2.835278703853528204e-01 1.195197324793748940e-02 7.058959665535415695e+01 -1.010775020190933862e-02 -7.966651439014637084e-03 9.999171794956686066e-01 -1.009445327983159224e+00 -2.030604585870139477e-16 1.466195274426221433e-16 2.320033089883291146e-18 9.999999999999387157e-01
2.836051340323243464e-01 -9.589143511484898852e-01 -7.169038439287575906e-03 -5.001007914565110468e+01 9.588917429844444618e-01 2.835067089249509453e-01 1.227074695137756952e-02 7.144724712121220023e+01 -9.734124856911762283e-03 -1.035437859839253953e-02 9.998990117291722823e-01 -1.021880358702474068e+00 -2.096338878335964151e-16 1.529904317211526418e-16 2.438819405587367131e-18 9.999999999999363842e-01
2.838466400576804549e-01 -9.588189993851194970e-01 -9.859581444425060195e-03 -4.976250693063237662e+01 9.588525919564785394e-01 2.837651650061813746e-01 8.890333362675726520e-03 7.229515827423243479e+01 -5.726414783534863710e-03 -1.197737647758134565e-02 9.999118714298280697e-01 -1.031578260921912626e+00 -2.153652997495555905e-16 1.571906005892586714e-16 2.543809192264594622e-18 9.999999999999341638e-01
2.837863234425441195e-01 -9.588354673771184444e-01 -9.993454200203701412e-03 -4.950973304712607614e+01 9.588841146803229742e-01 2.837977703089080150e-01 2.831631383357686342e-04 7.313460163231782474e+01 2.564613159608365462e-03 -9.662922309324098458e-03 9.999500240970247145e-01 -1.029935424900341623e+00 -2.201747965977452801e-16 1.622144321168137170e-16 2.716867934132714791e-18 9.999999999999320544e-01
2.834355236476756579e-01 -9.589445878192766060e-01 -9.464746530160536575e-03 -4.925889971708416226e+01 9.589507473689700134e-01 2.835004925731609005e-01 -6.398033385596766341e-03 7.397716732012933960e+01 8.818619791181798659e-03 -7.262795815794308683e-03 9.999347397414325433e-01 -1.026416120851597613e+00 -2.257690517330112903e-16 1.657988828165044612e-16 2.904803810737535582e-18 9.999999999999299449e-01
2.836455401891898043e-01 -9.588796529087245668e-01 -9.747757107622597589e-03 -4.900609600093395812e+01 9.588939043610154034e-01 2.837076597693903302e-01 -5.695960620869550128e-03 7.483293619872105751e+01 8.227254100121133423e-03 -7.731431044489308485e-03 9.999362666009375955e-01 -1.022729914249805860e+00 -2.295867237690346689e-16 1.697643039264080444e-16 3.121483536305288877e-18 9.999999999999278355e-01
2.838370555475988599e-01 -9.588347006525046456e-01 -8.517201588649431568e-03 -4.875440953085578855e+01 9.588702364862954353e-01 2.838446009469349773e-01 3.348042989339094339e-04 7.569046122808178723e+01 2.096539706365178283e-03 -8.261920967904623492e-03 9.999636719316459255e-01 -1.015370237428559586e+00 -2.339696379993486076e-16 1.739755305739401989e-16 3.330505053711708230e-18 9.999999999999256151e-01
2.835789618354457864e-01 -9.589169792688925220e-01 -7.822996508489634543e-03 -4.850504376942463125e+01 9.589350884940889275e-01 2.835216774175932652e-01 7.678182667260884109e-03 7.654875196382005242e+01 -5.144750637049714213e-03 -9.679116918722753884e-03 9.999399213134722020e-01 -1.014336632573491714e+00 -2.382369835452560850e-16 1.765037895693271490e-16 3.476741867962022905e-18 9.999999999999233946e-01
2.834350693143003475e-01 -9.589613856920859991e-01 -7.590931071942748180e-03 -4.825615088557289312e+01 9.589493493562798454e-01 2.833396015502781529e-01 1.161101039604169570e-02 7.740272749097991323e+01 -8.983699233357577557e-03 -1.057028594885947928e-02 9.999037764719544974e-01 -1.021427421526632573e+00 -2.438857497989332895e-16 1.787709885802139490e-16 3.588227049801098456e-18 9.999999999999211742e-01
2.832929023734700458e-01 -9.590047773593793901e-01 -7.414072223732370154e-03 -4.800445247662457149e+01 9.589893478195316012e-01 2.831972865540425821e-01 1.177827054425418206e-02 7.825420909716676476e+01 -9.195772584898552829e-03 -1.044671673394635333e-02 9.999031472477100113e-01 -1.028686013828355561e+00 -2.492356705406698558e-16 1.816759170101528976e-16 3.718357525117979235e-18 9.999999999999191758e-01
2.839444559084288722e-01 -9.587822905682478192e-01 -1.058608765387433065e-02 -4.775676214836799005e+01 9.588212069415616989e-01 2.838509149374676133e-01 9.515839857951088540e-03 7.910375944173252094e+01 -6.118748069530782416e-03 -1.285213531205629811e-02 9.998986866377039817e-01 -1.039664303556893987e+00 -2.541698811057694724e-16 1.841217064507157577e-16 3.818433336880756665e-18 9.999999999999172884e-01
2.842110732347294388e-01 -9.586699499612518771e-01 -1.326623127752370353e-02 -4.750791452866060638e+01 9.587543423456043046e-01 2.841273336146803996e-01 7.859346433865788475e-03 7.995292838856818207e+01 -3.765220332488129155e-03 -1.495277012878215572e-02 9.998811118233719153e-01 -1.048362252052843946e+00 -2.590584189455311579e-16 1.857185949868462078e-16 3.907947727679454183e-18 9.999999999999154010e-01
2.835326564627701496e-01 -9.588657903003013905e-01 -1.362457012927869443e-02 -4.725400885544834750e+01 9.589576366688735698e-01 2.834569509174832413e-01 7.239340502739562144e-03 8.080804108476718284e+01 -3.079576846010150491e-03 -1.511797501558578838e-02 9.998809744353037710e-01 -1.053958586087677674e+00 -2.640699892854140679e-16 1.858582749259001669e-16 4.020029937230711573e-18 9.999999999999134026e-01
2.825226365640333692e-01 -9.591694657463606388e-01 -1.322481792017298451e-02 -4.700166704785266347e+01 9.592501426650119623e-01 2.824282254440927398e-01 8.570954996494508857e-03 8.166920587463820880e+01 -4.485936467912709710e-03 -1.510739728012928246e-02 9.998758137495056264e-01 -1.059509825311513387e+00 -2.693402222099803801e-16 1.828800765173670358e-16 4.156167564588951081e-18 9.999999999999112932e-01
2.823646042747746665e-01 -9.592040546441198412e-01 -1.406455855372804910e-02 -4.675386558262999870e+01 9.592718775198547654e-01 2.821981263361089676e-01 1.271544304432905073e-02 8.252253052770761599e+01 -8.227712453114703617e-03 -1.708212653371666417e-02 9.998202366929167528e-01 -1.064052894659213377e+00 -2.740798137263992465e-16 1.789723350003108614e-16 4.282392856342286195e-18 9.999999999999091838e-01
2.822069951795458942e-01 -9.592442978072187598e-01 -1.447718882781196675e-02 -4.650527722159547039e+01 9.593048874989712482e-01 2.820085759525957081e-01 1.432815095052232535e-02 8.337184509732772142e+01 -9.661505692285981065e-03 -1.793154242599542814e-02 9.997925360262416294e-01 -1.069679736464628661e+00 -2.802959776325832345e-16 1.769039892207186731e-16 4.420592219114928183e-18 9.999999999999069633e-01
2.811687087969024779e-01 -9.595633860528723913e-01 -1.350056815561002758e-02 -4.624743850684361490e+01 9.596153171491895728e-01 2.809950437064868689e-01 1.342492103998461569e-02 8.422874354437296063e+01 -9.088469951676799927e-03 -1.673001970685694673e-02 9.998187366489700301e-01 -1.081004996037023380e+00 -2.867663695798304325e-16 1.744512782155166577e-16 4.566970876155276597e-18 9.999999999999048539e-01
2.806278169193804350e-01 -9.596953857036495394e-01 -1.525762204566896013e-02 -4.600859236512005168e+01 9.597858752762769008e-01 2.804560329618726588e-01 1.246945048160971910e-02 8.507940023011732933e+01 -7.687781938105936116e-03 -1.814332479658050182e-02 9.998058400379495891e-01 -1.095396105611496473e+00 -2.933059947676986157e-16 1.726338077573703930e-16 4.719522340247322789e-18 9.999999999999028555e-01
2.798867158037969816e-01 -9.599119661825916694e-01 -1.524609774155213059e-02 -4.576009191566719636e+01 9.600071262957975415e-01 2.797271986627336560e-01 1.179032609604160724e-02 8.593912366671243319e+01 -7.052926893007727821e-03 -1.793631812937462530e-02 9.998142551064130856e-01 -1.111052908511531045e+00 -3.003847084923907189e-16 1.722635871275425359e-16 4.875049711434533068e-18 9.999999999999009681e-01
2.784988667310578925e-01 -9.603765247060845889e-01 -1.073834360111917616e-02 -4.550534170966847825e+01 9.604213796786915669e-01 2.784142009580264920e-01 8.735339766862271552e-03 8.678135420300895930e+01 -5.399507894113717531e-03 -1.274611700243717151e-02 9.999041863176917344e-01 -1.105798485428840516e+00 -3.060043405741948432e-16 1.716825393949074694e-16 5.088366643810214315e-18 9.999999999998991917e-01
2.771126136229374315e-01 -9.607104664210893707e-01 -1.562046991482255072e-02 -4.526757376890654427e+01 9.608366997190147529e-01 2.770555016551781158e-01 5.751997524561811535e-03 8.763244244553746398e+01 -1.198267096339931297e-03 -1.660267182860893087e-02 9.998614481236368645e-01 -1.111512001214019163e+00 -3.115230024108542146e-16 1.731224728623669195e-16 5.266736019962110584e-18 9.999999999998974154e-01
2.764909545665482082e-01 -9.607443757661067174e-01 -2.286911622695089047e-02 -4.503512881716313387e+01 9.610081124376897987e-01 2.765097805640341355e-01 2.397724175950202707e-03 8.848456364990464351e+01 4.019934292919260209e-03 -2.264035526458560432e-02 9.997355922650481563e-01 -1.120198652994470523e+00 -3.166945634809342786e-16 1.736642803305515181e-16 5.494253243413279736e-18 9.999999999998953060e-01
2.751003603535270292e-01 -9.611314798972500073e-01 -2.336814250674992127e-02 -4.480258041006236880e+01 9.614005779837765386e-01 2.751503004969916288e-01 1.113906959136114292e-03 8.933038164149283489e+01 5.359140388680436011e-03 -2.277258191826547415e-02 9.997263071095189302e-01 -1.116440309666884900e+00 -3.225121454160265523e-16 1.734476722895486622e-16 5.759454698660145926e-18 9.999999999998929745e-01
2.737340195773867446e-01 -9.615566422918147005e-01 -2.187487579021328565e-02 -4.456379389564986582e+01 9.618019112966025297e-01 2.737237386778913484e-01 3.521123432862572310e-03 9.018318348496599413e+01 2.601913159207204247e-03 -2.200314861511837305e-02 9.997545156180550618e-01 -1.102439503124455378e+00 -3.266767563434902306e-16 1.677839511743568579e-16 5.933291553512528337e-18 9.999999999998904210e-01
2.732424977219996554e-01 -9.617634597740327695e-01 -1.869718915961508798e-02 -4.432547959346452160e+01 9.619435190792391399e-01 2.731542404359700860e-01 7.171264401722764539e-03 9.103607040775824544e+01 -1.789843558779319636e-03 -1.994513413405082924e-02 9.997994739367292993e-01 -1.091423794194051000e+00 -3.326929377087833804e-16 1.647702456574794677e-16 6.115224163498904700e-18 9.999999999998876454e-01
2.721939582461514462e-01 -9.620467874981586398e-01 -1.940174629037055148e-02 -4.409304603232149589e+01 9.622334258495126580e-01 2.720489692751879018e-01 9.807777221808667081e-03 9.189278394118142046e+01 -4.157315488310930722e-03 -2.133862650405628572e-02 9.997636619454590701e-01 -1.093658915769704532e+00 -3.394941092831561987e-16 1.610476751762182126e-16 6.272902179168059925e-18 9.999999999998847589e-01
2.712825197377924935e-01 -9.623413842075952962e-01 -1.746008953242801295e-02 -4.386329021557607888e+01 9.624865758006250216e-01 2.711392037686396472e-01 1.015497824230978362e-02 9.274504020843394869e+01 -5.038441044757447154e-03 -1.955996987270433238e-02 9.997959900350436024e-01 -1.104054137227046706e+00 -3.468885154868407483e-16 1.609471491378325954e-16 6.462705374013986049e-18 9.999999999998823164e-01
2.699159694678964216e-01 -9.627829101667765288e-01 -1.394407821842418883e-02 -4.362776219842774594e+01 9.628625672900060772e-01 2.697853352906751656e-01 1.056169368963680300e-02 9.359536811710881921e+01 -6.406710369329000031e-03 -1.627700074335397887e-02 9.998469949491131104e-01 -1.116767725289589785e+00 -3.514432780220639552e-16 1.603683201308596119e-16 6.620177285947866404e-18 9.999999999998797628e-01
2.691084551328860042e-01 -9.630094858370956690e-01 -1.390573853251745803e-02 -4.340089537504175610e+01 9.630737605078036889e-01 2.689452701738175300e-01 1.254485840011951812e-02 9.444696788799039666e+01 -8.340935031211275594e-03 -1.676817936507521770e-02 9.998246131013704963e-01 -1.121013881179132365e+00 -3.551244806394519040e-16 1.586372314050361212e-16 6.823214181875889296e-18 9.999999999998776534e-01
2.686567980460250471e-01 -9.630525626677044482e-01 -1.879591453490366340e-02 -4.318420482377037217e+01 9.631994897483072693e-01 2.684256585074574764e-01 1.394305573464803272e-02 9.529827485439498957e+01 -8.382589820396801894e-03 -2.185011199803056289e-02 9.997261148901178673e-01 -1.118885556260069247e+00 -3.580344569804922568e-16 1.570096117005512819e-16 7.093113931646016588e-18 9.999999999998757660e-01
2.683606613426560705e-01 -9.630308813064984985e-01 -2.353884224317330520e-02 -4.296621220609841885e+01 9.632905264308642135e-01 2.680864842094338729e-01 1.417740006299523722e-02 9.615134182884391123e+01 -7.342828617974550033e-03 -2.647940019303748199e-02 9.996223908221596455e-01 -1.123235370408036005e+00 -3.618561587202223037e-16 1.560432202705485539e-16 7.366769811242079790e-18 9.999999999998738787e-01
2.688622419353043913e-01 -9.628299607087812406e-01 -2.591450604286728993e-02 -4.273812546227216558e+01 9.631654280280658176e-01 2.686202952825317292e-01 1.246977199481375843e-02 9.700103540745020325e+01 -5.045107814484266553e-03 -2.831260715987670915e-02 9.995863860430725945e-01 -1.131795165494216659e+00 -3.640479126335194416e-16 1.557163948027109928e-16 7.631661536129518533e-18 9.999999999998722133e-01
2.703287529131810363e-01 -9.623764034445193571e-01 -2.745948728587162962e-02 -4.250541184203733991e+01 9.627564352074517995e-01 2.700752665361415006e-01 1.262524739668643287e-02 9.784629865586693143e+01 -4.734111834548912663e-03 -2.984976547595280527e-02 9.995431855031882140e-01 -1.145694808995980196e+00 -3.658785167033046824e-16 1.540401764514267843e-16 7.984975766002159953e-18 9.999999999998705480e-01
2.714816512665885750e-01 -9.621016168426604898e-01 -2.565525082164837184e-02 -4.226797133356944158e+01 9.624132549774847556e-01 2.711648923385253651e-01 1.517655449785628927e-02 9.869624507108876799e+01 -7.644584293524317974e-03 -2.881110952615731705e-02 9.995556414219947117e-01 -1.158364394835354139e+00 -3.687658453379964612e-16 1.505544447555546007e-16 8.303034527460068373e-18 9.999999999998688827e-01
