1 0 0 0 0 1 0 0 0 0 1 0
0.99994291 -0.0021257347 0.010471743 0.00027846985 0.0021148616 0.99999721 0.0010493119 -0.0081505754 -0.010473945 -0.0010271057 0.99994462 0.29482645
0.99986422 -0.0036082427 0.016078679 0.016243253 0.0035884857 0.99999277 0.0012574627 -0.01260594 -0.016083101 -0.0011995938 0.99986994 0.57533063
0.9997974 -0.0067928216 0.018947706 0.019689651 0.0068017765 0.99997678 -0.00040817868 -0.015735636 -0.018944495 0.00053697408 0.99982039 0.88507569
0.99983514 -0.0080668141 0.01626706 0.025281166 0.0080900122 0.99996635 -0.0013607431 -0.023401666 -0.016255537 0.0014921195 0.99986676 1.1861647
0.99988924 -0.011269239 0.0097220093 0.027015116 0.011302233 0.99993053 -0.0033453937 -0.027876163 -0.0096836348 0.0034549036 0.99994714 1.4948062
0.99992728 -0.011955089 -0.00158368 0.014150815 0.011947705 0.99991807 -0.0045930309 -0.035591998 0.0016384605 0.0045737756 0.9999882 1.8323792
0.99978277 -0.01143953 -0.0174229 -0.0038005485 0.011356719 0.99992377 -0.0048445996 -0.040856758 0.017476993 0.0046456803 0.99983647 2.154797
0.99930284 -0.0076911605 -0.036533239 -0.050433391 0.0074958427 0.99995689 -0.0054802826 -0.046905652 0.036573817 0.0052026147 0.99931741 2.5007946
0.99841491 -0.0036568497 -0.056163157 -0.095643465 0.0033047935 0.99997431 -0.0063600562 -0.052386593 0.056184977 0.0061643674 0.99840135 2.8478889
0.99708278 -0.0030277162 -0.07626768 -0.1336939 0.0025235315 0.99997433 -0.0067062326 -0.056780539 0.076286033 0.0064942053 0.99706483 3.1988917
0.99526801 -0.0041862525 -0.097077658 -0.19228263 0.0036164244 0.99997519 -0.0060450309 -0.061493837 0.097100564 0.0056653519 0.99525845 3.5902994
0.99315924 -0.0050618883 -0.11665807 -0.25082316 0.0044726771 0.99997589 -0.0053119853 -0.070094609 0.11668215 0.0047538734 0.99315793 3.974084
0.99097342 -0.0042697983 -0.13399051 -0.31739839 0.0036784689 0.99998237 -0.0046604672 -0.079487698 0.13400806 0.0041255191 0.99097166 4.3621729
0.98872851 -0.0032653297 -0.14968389 -0.39938786 0.0026981328 0.99998839 -0.003992221 -0.08840239 0.1496952 0.0035433557 0.98872584 4.7859544
0.98662549 -0.0027354579 -0.16298056 -0.48453392 0.0021091032 0.99998971 -0.004016031 -0.092829757 0.16298989 0.0036185757 0.98662111 5.1976202
0.98447415 -0.0041716684 -0.17548002 -0.57277001 0.0033239269 0.99998134 -0.0051246326 -0.10167681 0.17549814 0.0044617855 0.98446965 5.6311097
0.98269737 -0.0068120543 -0.18509316 -0.65966652 0.0056394324 0.99996056 -0.0068610348 -0.11266039 0.18513261 0.0056985005 0.98269703 6.0836766
0.98113453 -0.0064255892 -0.19321943 -0.75898613 0.0048296688 0.99995023 -0.0087295305 -0.12242005 0.19326592 0.0076316579 0.98111673 6.5282361
0.97975769 -0.0062029082 -0.20009093 -0.86910113 0.0041587999 0.9999348 -0.010634604 -0.1282117 0.20014387 0.0095871967 0.97971961 7.0222582
0.97793584 -0.0067450002 -0.20879654 -0.97997156 0.0040989964 0.99990575 -0.013102752 -0.13498743 0.20886526 0.011957794 0.97787132 7.4780689
0.9762641 -0.010602681 -0.21632379 -1.0988498 0.0075123681 0.99985772 -0.015102906 -0.14809961 0.21645317 0.013119321 0.97620485 7.9952329
0.97420898 -0.01622903 -0.22506329 -1.2135874 0.012923573 0.99978602 -0.016152334 -0.16440513 0.22527729 0.012827127 0.97421025 8.4985023
0.9723932 -0.017087901 -0.23272185 -1.3449854 0.013186173 0.99974538 -0.018311155 -0.18825281 0.23297552 0.014736933 0.97237094 9.0127891
0.97029351 -0.013545136 -0.24155129 -1.4974433 0.0082451979 0.99970287 -0.022938605 -0.19535755 0.24179025 0.020265542 0.9701169 9.5505287
0.96817829 -0.010597253 -0.25003699 -1.6501422 0.0042666793 0.9996568 -0.025847017 -0.21059225 0.25022511 0.023957693 0.96789123 10.080255
0.96587127 -0.0133334 -0.25867915 -1.8070598 0.006304839 0.99958856 -0.02798158 -0.23432641 0.25894582 0.025395674 0.96555793 10.647657
0.96340984 -0.014915501 -0.26761727 -1.9733438 0.0072841467 0.99953865 -0.029486143 -0.26174598 0.26793363 0.026457877 0.96307401 11.19395
0.96124986 -0.015265349 -0.27525565 -2.1511105 0.0065352052 0.99944692 -0.03260584 -0.28767272 0.27560117 0.029543507 0.96081798 11.770675
0.95900004 -0.014410248 -0.28303934 -2.3344594 0.0044262776 0.99934623 -0.035882031 -0.30948828 0.28337139 0.033158059 0.95843686 12.368044
0.95694319 -0.015218883 -0.28987602 -2.5274381 0.0035445364 0.99916284 -0.040756122 -0.34035398 0.29025363 0.037973817 0.95619602 12.957626
0.95504967 -0.016322642 -0.2959961 -2.7256996 0.0021480153 0.99883781 -0.048149994 -0.38065265 0.29643806 0.045349833 0.95397478 13.568256
0.95379116 -0.016856796 -0.29999711 -2.9392251 1.5728881e-05 0.99842788 -0.056051515 -0.41563012 0.30047035 0.053456722 0.95229195 14.209058
0.95260961 -0.01657052 -0.30374389 -3.1357017 -0.0033603755 0.99788107 -0.064977551 -0.46179811 0.30417701 0.062918934 0.95053541 14.813616
0.95112084 -0.016438566 -0.30838111 -3.3648372 -0.0067371644 0.99724009 -0.073937908 -0.50985985 0.30874546 0.0724015 0.94838509 15.459849
0.94994839 -0.014949922 -0.31204894 -3.5867986 -0.010927117 0.99665313 -0.081013199 -0.56808928 0.31221572 0.080368155 0.94660568 16.109119
0.94810373 -0.014170067 -0.31764528 -3.8366045 -0.01434409 0.99608325 -0.087249057 -0.62705313 0.31763749 0.08727749 0.94418699 16.759296
0.94635961 -0.012503985 -0.32287325 -4.0783748 -0.018688202 0.99546005 -0.09332757 -0.70128577 0.32257441 0.094355365 0.94182951 17.428674
0.94491233 -0.01079114 -0.32714558 -4.319079 -0.022798881 0.99485926 -0.09866741 -0.77566968 0.32652857 0.10069061 0.93980876 18.087027
0.94315973 -0.0080913039 -0.33224124 -4.5954983 -0.027360953 0.99441938 -0.10188951 -0.8507643 0.33121158 0.10518852 0.93767493 18.794975
0.94124869 -0.0071407199 -0.33763871 -4.8527382 -0.029477764 0.9942234 -0.10320314 -0.92779775 0.33642528 0.10709266 0.93560099 19.46359
0.93923012 -0.0061743955 -0.34323264 -5.1350628 -0.030872466 0.99426762 -0.10236599 -1.0153157 0.34189718 0.10674166 0.93365548 20.213979
0.9368116 -0.0064085594 -0.34977557 -5.4197418 -0.030862243 0.99441994 -0.1008787 -1.1040983 0.34847032 0.10529919 0.93138635 20.927629
0.93423686 -0.0066754114 -0.35659069 -5.698303 -0.030641615 0.99462571 -0.098897868 -1.1897031 0.35533449 0.10332055 0.92901145 21.651423
0.93187643 -0.0061341698 -0.36272397 -5.966583 -0.030681929 0.99494196 -0.095650992 -1.2700819 0.36147607 0.10026398 0.92697476 22.333191
0.92797262 -0.0026841457 -0.37263869 -6.3229519 -0.033586 0.99530195 -0.09080759 -1.3597187 0.37113178 0.096782402 0.92352281 23.171447
0.92405148 -0.0013431517 -0.38226568 -6.6502894 -0.033684036 0.99581795 -0.084923436 -1.4341588 0.38078112 0.091349879 0.92014181 23.877722
0.92110853 0.0014511222 -0.38930318 -6.9692115 -0.035840689 0.99606235 -0.081087838 -1.5111192 0.3876526 0.088643595 0.91753353 24.631674
0.91723016 0.0018881987 -0.39835319 -7.3209736 -0.036398232 0.99620301 -0.079086914 -1.585459 0.39669134 0.087040256 0.91381617 25.370881
0.91319338 0.0035923362 -0.40751066 -7.6894327 -0.038824798 0.99617975 -0.078221102 -1.663336 0.4056729 0.087252513 0.90984422 26.148241
0.90908388 0.0046226148 -0.41658747 -8.017183 -0.040410441 0.99620176 -0.077130068 -1.7352755 0.41464867 0.086952186 0.90581776 26.892541
0.90571065 0.0043727387 -0.4238739 -8.4124575 -0.040191327 0.99632788 -0.075600382 -1.804646 0.42198683 0.085508127 0.90256052 27.675451
0.90199524 0.0037823904 -0.43172938 -8.8049875 -0.039212912 0.99654644 -0.073195226 -1.881758 0.42996156 0.082951114 0.89902847 28.469648
0.89823678 0.00541351 -0.43947851 -9.1934825 -0.039740732 0.99682854 -0.068945905 -1.9522272 0.43771152 0.079394947 0.8956032 29.233296
0.8945769 0.0061788331 -0.44687131 -9.6001244 -0.038611269 0.99723426 -0.063505985 -2.0158478 0.44524303 0.074065257 0.8923413 30.050307
0.891155 0.0054155842 -0.45366663 -10.02171 -0.036219104 0.9975866 -0.059238032 -2.0828595 0.45225099 0.069221668 0.88920044 30.832137
0.88717927 0.0054376672 -0.46139285 -10.457506 -0.03589797 0.99771328 -0.05726725 -2.1499595 0.46002641 0.067369385 0.88534574 31.665787
0.88407107 0.0058505725 -0.46731583 -10.907663 -0.036206748 0.99777381 -0.056004496 -2.2115789 0.46594788 0.066431943 0.88231479 32.481032
0.8816975 0.0059884475 -0.4717771 -11.340847 -0.03580446 0.99788537 -0.054247899 -2.2667989 0.47045464 0.064721963 0.88004745 33.298021
0.87821948 0.003788049 -0.47824279 -11.819193 -0.033004411 0.99806473 -0.052702093 -2.3259729 0.47711767 0.062068128 0.87664491 34.143107
0.87640568 0.002701842 -0.48156594 -12.293266 -0.032063931 0.99809266 -0.052753566 -2.3922455 0.48050494 0.061674423 0.87482072 34.999208
0.87397318 0.0019551916 -0.48597021 -12.766907 -0.031825558 0.99807554 -0.053219832 -2.4490906 0.48493096 0.061978979 0.87235348 35.821639
0.87259924 0.0033928298 -0.48842506 -13.275239 -0.033934644 0.99798067 -0.053693731 -2.5140149 0.48725664 0.06342764 0.87095231 36.703068
0.87221047 0.0037413509 -0.48911642 -13.757202 -0.033894864 0.99802926 -0.05280844 -2.574327 0.48795496 0.06263861 0.87061839 37.566706
0.87191044 0.0024310917 -0.48965933 -14.291271 -0.031465655 0.99819909 -0.051073298 -2.636128 0.48865338 0.059938794 0.8704167 38.477276
0.87154226 0.0022472284 -0.49031522 -14.800561 -0.031123126 0.99822649 -0.05074669 -2.7004729 0.48933164 0.059488028 0.87006652 39.360682
0.87132087 3.9957105e-06 -0.49071369 -15.305425 -0.028844729 0.99827131 -0.051209135 -2.7643216 0.48986523 0.058774092 0.86981474 40.25359
0.87016002 -0.0017003727 -0.4927663 -15.840167 -0.02737162 0.99828337 -0.051779396 -2.8273031 0.49200848 0.058544173 0.86861974 41.190601
0.8688942 -0.0034410099 -0.49498587 -16.360064 -0.024475641 0.99845401 -0.049905325 -2.8896062 0.49439239 0.055477544 0.86746667 42.093382
0.86637474 -0.0018911107 -0.49939083 -16.895591 -0.024412497 0.99863691 -0.04613401 -2.9543986 0.49879741 0.052160719 0.86514763 43.004211
0.86327366 -0.0027053727 -0.50472888 -17.445377 -0.021260838 0.99890319 -0.041718092 -3.0179283 0.50428819 0.046745089 0.86226929 43.93027
0.85954351 -0.0034134214 -0.51105116 -17.974713 -0.019565243 0.99902485 -0.039579734 -3.0795732 0.51068795 0.044019344 0.85863854 44.814192
0.85462612 -0.0062616692 -0.51920608 -18.558743 -0.018151064 0.99895589 -0.041924593 -3.1409433 0.51892654 0.045253996 0.85362014 45.74715
0.84834589 -0.0086432755 -0.52937182 -19.116978 -0.018220678 0.99879782 -0.045507373 -3.2065753 0.5291288 0.048251507 0.84716854 46.609511
0.84276951 -0.0084657835 -0.53820801 -19.706975 -0.01867033 0.99881492 -0.04494644 -3.2631033 0.53795074 0.04792801 0.8416127 47.501095
0.8366927 -0.0058305906 -0.54764159 -20.305458 -0.019317269 0.99900695 -0.040149283 -3.3198478 0.54733189 0.044171552 0.83574919 48.392693
0.83260803 -0.003950639 -0.55384856 -20.900314 -0.018276186 0.99923403 -0.034602439 -3.3783368 0.55356108 0.038932508 0.83189808 49.258369
0.82812403 -0.0037687151 -0.56053222 -21.509202 -0.019904666 0.99914904 -0.036124666 -3.4336132 0.56019142 0.041072911 0.82734432 50.161075
0.82424351 -0.0050754179 -0.56621272 -22.090812 -0.021762011 0.9989371 -0.040633525 -3.4830892 0.56581717 0.045813847 0.82325697 51.000743
0.82210002 -0.0065203489 -0.56930574 -22.733699 -0.025201263 0.99853762 -0.047828028 -3.5544936 0.5687851 0.053666646 0.82073347 51.87708
0.81902069 -0.0059210936 -0.57373341 -23.354803 -0.027340683 0.99840808 -0.049333454 -3.6203281 0.57311223 0.056091383 0.81755499 52.747594
0.81603869 -0.0054229765 -0.57797182 -23.962597 -0.025684068 0.99862803 -0.045633242 -3.6858887 0.57742637 0.052083159 0.81477982 53.599041
0.81248248 -0.0041160869 -0.58297106 -24.621492 -0.023570974 0.99892548 -0.039903638 -3.7443033 0.58250894 0.046162203 0.81151243 54.490102
0.81048706 -0.0025286822 -0.58575106 -25.252089 -0.023633935 0.99903522 -0.037014426 -3.8044053 0.58527958 0.043843316 0.80964536 55.354617
0.80786679 -0.0018229977 -0.58936227 -25.883228 -0.025219395 0.99897235 -0.037659408 -3.8585621 0.58882532 0.045287146 0.80699061 56.183261
0.80325095 -0.0024948769 -0.5956355 -26.541316 -0.02581117 0.99890611 -0.038991955 -3.916291 0.59508127 0.046694375 0.80230789 57.063259
0.79926412 -0.0049608121 -0.60095942 -27.205614 -0.025299457 0.99880175 -0.041892703 -3.975397 0.60044719 0.048687282 0.7981809 57.917939
0.79589492 -0.0058600916 -0.60540639 -27.848566 -0.024865556 0.99879305 -0.042357311 -4.0333642 0.60492397 0.048765736 0.7947886 58.735079
0.79024987 -0.0065901152 -0.61274928 -28.537093 -0.023470834 0.99888291 -0.041012819 -4.0902821 0.61233512 0.046792112 0.78921241 59.571078
0.78629841 -0.007374624 -0.61780288 -29.186577 -0.022321531 0.99893691 -0.040333524 -4.1518511 0.6174436 0.045504492 0.78529789 60.427558
0.78173332 -0.007091798 -0.62357252 -29.885586 -0.023740131 0.99887208 -0.041121518 -4.2200951 0.62316086 0.046949754 0.78068322 61.288668
0.77627546 -0.0093901722 -0.63032388 -30.579987 -0.022182404 0.99886294 -0.042199178 -4.2758589 0.63000347 0.046740286 0.7751845 62.111572
0.77094989 -0.0099999268 -0.63681727 -31.280693 -0.022594689 0.9988179 -0.043038213 -4.3386479 0.63649492 0.047568994 0.76981261 62.930687
0.76557181 -0.0098626579 -0.64327483 -31.972629 -0.024028596 0.9987465 -0.043909552 -4.405957 0.6429016 0.049072906 0.76437518 63.775078
0.75937119 -0.013622163 -0.65051502 -32.718817 -0.0206933 0.99876944 -0.045070896 -4.4658523 0.65032854 0.047686843 0.75815486 64.584838
0.75441103 -0.012819396 -0.65627709 -33.44416 -0.02229652 0.99873185 -0.045139285 -4.5304315 0.65602355 0.048686271 0.7531685 65.410114
0.74707829 -0.013490697 -0.66459912 -34.172505 -0.020568143 0.99884619 -0.0433963 -4.5873791 0.6644178 0.046090004 0.74593883 66.23541
0.74013849 -0.015277075 -0.67228089 -34.912187 -0.017966748 0.99893574 -0.042480305 -4.6529627 0.67221444 0.04352001 0.73907631 67.047833
0.73437303 -0.015562833 -0.67856761 -35.699098 -0.018798691 0.99888723 -0.043254003 -4.7234896 0.67848574 0.044520757 0.73326329 67.878807
0.72877652 -0.017357046 -0.68453157 -36.475623 -0.018265427 0.99883022 -0.04477245 -4.790208 0.68450799 0.045132373 0.72760698 68.67148
0.72331895 -0.016147055 -0.69032523 -37.246153 -0.020569876 0.99877902 -0.044914945 -4.8524957 0.69020766 0.046687736 0.72210365 69.469657
0.7172296 -0.016922305 -0.69663139 -38.036849 -0.018996393 0.99885873 -0.04382198 -4.9163975 0.69657797 0.044663905 0.71608959 70.307716
0.71310597 -0.015759054 -0.70087908 -38.837907 -0.021000839 0.99881845 -0.043825329 -4.9788641 0.70074167 0.045971153 0.71193245 71.06735
0.70853185 -0.017267029 -0.70546752 -39.676697 -0.020082098 0.99880234 -0.044616021 -5.0463887 0.70539306 0.04577914 0.70733652 71.900242
0.70295089 -0.018269448 -0.71100367 -40.474473 -0.021613118 0.99865967 -0.04702918 -5.1172828 0.71090995 0.048426211 0.70161385 72.690802
0.69968135 -0.021379666 -0.71413506 -41.30282 -0.020321484 0.99855222 -0.04980469 -5.1845887 0.71416601 0.049359697 0.69823389 73.464194
0.69482305 -0.020311541 -0.71889382 -42.12333 -0.023365392 0.99843586 -0.050792734 -5.2568139 0.71880111 0.052089198 0.69326166 74.2495
0.68830516 -0.02079558 -0.72512309 -42.994215 -0.021735937 0.99854899 -0.049269375 -5.3274438 0.72509558 0.049673596 0.68685441 75.050565
0.68358567 -0.021107245 -0.72956498 -43.83863 -0.020676672 0.99862053 -0.048264932 -5.4041835 0.72957737 0.048078193 0.68220626 75.847305
0.67918176 -0.022124286 -0.73363657 -44.714723 -0.019819279 0.99862829 -0.048463819 -5.4804679 0.73370252 0.04745589 0.67781163 76.625624
0.67590763 -0.02202148 -0.73665724 -45.52458 -0.020457121 0.99860772 -0.048622263 -5.5474416 0.7367024 0.047934045 0.67451608 77.391922
0.6708821 -0.023361207 -0.74119593 -46.453314 -0.018506403 0.99866495 -0.048226967 -5.6218853 0.7413331 0.04607148 0.66955411 78.209478
0.66599297 -0.024829052 -0.74554465 -47.366395 -0.016608596 0.9987046 -0.04809651 -5.692521 0.74577313 0.044414388 0.66471787 78.964923
0.66167167 -0.027205899 -0.74929993 -48.245434 -0.014505549 0.99869 -0.049070029 -5.768502 0.74965341 0.043337256 0.66041025 79.737708
0.65727439 -0.031366458 -0.75299832 -49.122151 -0.012086264 0.99856636 -0.052145508 -5.8463813 0.75355448 0.043374844 0.65595299 80.504028
0.65402657 -0.036978854 -0.75556717 -50.041511 -0.00614205 0.99851199 -0.054185642 -5.913224 0.75644667 0.040079582 0.65282625 81.291601
0.64753149 -0.039631326 -0.76100741 -50.953022 -0.0026553654 0.99852331 -0.054259965 -6.0025268 0.7620341 0.037155788 0.64647005 82.062137
0.6379349 -0.043473951 -0.76886216 -51.878341 0.0026308982 0.99852246 -0.054276795 -6.0822603 0.77008583 0.032602264 0.63710671 82.828475
0.6301437 -0.043483716 -0.77525998 -52.804951 0.0036481107 0.99858548 -0.053044623 -6.1673916 0.77647 0.030597501 0.62941098 83.586575
0.62126498 -0.043581378 -0.78238765 -53.770749 0.0064332912 0.99870221 -0.050522321 -6.2383334 0.78357418 0.026354421 0.62073908 84.345303
0.61182272 -0.042987385 -0.78982593 -54.732427 0.0056438897 0.99873399 -0.049985575 -6.3213745 0.79097482 0.02612462 0.61129076 85.105264
0.60287775 -0.043741658 -0.79663356 -55.708163 0.0031930082 0.99862023 -0.052415957 -6.4012509 0.79782722 0.029056757 0.60218559 85.837039
0.5927647 -0.045742876 -0.80407558 -56.715328 0.0040000386 0.99854065 -0.053856926 -6.4854984 0.8053658 0.028708151 0.59208262 86.535159
0.5832314 -0.046922164 -0.81094968 -57.672494 0.003056028 0.99844994 -0.055573189 -6.5598106 0.81230034 0.029933744 0.58247075 87.264067
0.57351273 -0.048968278 -0.81773174 -58.688347 0.0082796518 0.99850732 -0.053986774 -6.6379884 0.81915484 0.024191568 0.5730621 87.943025
0.56553241 -0.048399068 -0.82330466 -59.712478 0.0089977269 0.99857922 -0.052522231 -6.7242197 0.82467702 0.022295153 0.56516439 88.608667
0.55342089 -0.04925889 -0.83144382 -60.763304 0.0099222292 0.99856869 -0.052555826 -6.8098682 0.83284268 0.020835716 0.55311754 89.325529
0.54617354 -0.04956589 -0.8362043 -61.804698 0.0076914166 0.99850252 -0.054162383 -6.8913196 0.83763677 0.023150465 0.54573689 89.999725
0.5338336 -0.051644967 -0.84401091 -62.911361 0.0091056493 0.99842636 -0.055334349 -6.9733317 0.84554056 0.021854067 0.5334638 90.670365
0.52488486 -0.051812079 -0.8495948 -63.926331 0.0066374868 0.99836442 -0.056784033 -7.0580043 0.85114739 0.024165905 0.52437028 91.279391
0.51428844 -0.051798713 -0.85605153 -65.028245 0.0062888929 0.99837529 -0.056632397 -7.1432724 0.85759426 0.023741771 0.51377863 91.932941
0.50768602 -0.049950211 -0.86009291 -66.155894 0.0049924271 0.99847168 -0.055039734 -7.2340354 0.86152774 0.023648952 0.50715949 92.577979
0.49986293 -0.048198379 -0.86476234 -67.21407 0.0058849525 0.99861632 -0.052257153 -7.3210032 0.86608457 0.021032328 0.49945493 93.178251
0.48960699 -0.048673015 -0.87058364 -68.385861 0.006341747 0.99861314 -0.052264419 -7.406419 0.87192021 0.020068003 0.48923665 93.835994
0.48116775 -0.051815939 -0.87509579 -69.458182 0.0079839185 0.99846921 -0.054731168 -7.4955093 0.87659222 0.019348179 0.48084487 94.400263
0.4769588 -0.055354161 -0.8771808 -70.57833 0.010201078 0.99829625 -0.057450364 -7.5822467 0.87886649 0.018453267 0.47671086 95.006913
0.47035205 -0.05772756 -0.88058867 -71.707113 0.010832936 0.99816064 -0.059648831 -7.6728212 0.88241241 0.018516589 0.47011227 95.590627
0.46511391 -0.061105762 -0.88313932 -72.815629 0.013153508 0.99798173 -0.062124461 -7.7684178 0.88515315 0.017278571 0.46497895 96.165644
0.46065634 -0.061394591 -0.88545264 -73.911391 0.013745067 0.99797864 -0.062045937 -7.8666543 0.88747218 0.016411248 0.46056907 96.77258
0.45603215 -0.06039797 -0.88791142 -75.09136 0.017443011 0.99810941 -0.058935167 -7.9658475 0.88979238 0.011388482 0.45622351 97.331606
0.4526731 -0.057781271 -0.88980241 -76.205163 0.020242237 0.99830697 -0.05452933 -8.0601019 0.89144679 0.0066723687 0.45307633 97.926679
0.44959467 -0.057288123 -0.89139365 -77.317278 0.021609703 0.9983467 -0.053262441 -8.1473749 0.89297129 0.0046837567 0.45008933 98.492417
0.44567814 -0.057380913 -0.89335231 -78.458332 0.022864889 0.99834764 -0.052717968 -8.2407153 0.89490126 0.003068844 0.44625373 99.026476
0.44379418 -0.057318958 -0.89429368 -79.538414 0.026161543 0.99835563 -0.051006023 -8.3268414 0.89574682 -0.00075992714 0.44456397 99.604439
0.44110322 -0.055337378 -0.89574865 -80.597311 0.025722266 0.9984667 -0.049016379 -8.4018036 0.89708772 -0.0014194033 0.44185029 100.07908
0.43836098 -0.055771293 -0.89706697 -81.754079 0.027913021 0.99843631 -0.048433513 -8.4953972 0.8983655 -0.0038084871 0.43923227 100.68072
0.43667796 -0.056671071 -0.8978311 -82.849799 0.030515916 0.99837264 -0.04817523 -8.5805823 0.89910022 -0.0063610773 0.4376967 101.20127
0.43512053 -0.05602398 -0.89862749 -83.925006 0.034005406 0.99837273 -0.045776882 -8.6539721 0.89972986 -0.010639732 0.43631759 101.7116
0.43264141 -0.056022596 -0.89982377 -85.035461 0.037528982 0.9983215 -0.044110827 -8.7398034 0.90078469 -0.0146853 0.43401769 102.24563
0.43098439 -0.057205287 -0.90054425 -86.129447 0.039731076 0.99822366 -0.044395595 -8.8260324 0.90148431 -0.016645784 0.43249165 102.76989
0.43017281 -0.058076637 -0.90087645 -87.191412 0.040483995 0.99816556 -0.045017256 -8.8982462 0.90183838 -0.017105879 0.43173486 103.25528
0.42897038 -0.059433238 -0.90136121 -88.185249 0.041004581 0.9980858 -0.046296336 -8.9755328 0.90238745 -0.017100183 0.43058628 103.74541
0.43019466 -0.05946996 -0.90077511 -89.262995 0.038885008 0.99812234 -0.0473261 -9.055664 0.90189832 -0.014667212 0.43169939 104.26591
0.43368546 -0.058826597 -0.89914197 -90.299947 0.036009134 0.99820097 -0.047939181 -9.1355804 0.90034456 -0.011586799 0.43502354 104.74926
0.43465165 -0.059998293 -0.89859784 -91.337483 0.03648878 0.99813231 -0.048994472 -9.2133518 0.8998592 -0.011493211 0.43602912 105.18586
0.44049375 -0.059392666 -0.89578887 -92.323484 0.03315325 0.9982048 -0.049880331 -9.2925466 0.89714335 -0.0077263384 0.44167204 105.73119
0.44959226 -0.059608889 -0.89124268 -93.339669 0.03231334 0.9982031 -0.05046207 -9.3715573 0.89264927 -0.0061116729 0.45071055 106.20979
0.45381346 -0.057605038 -0.88923278 -94.319078 0.030219539 0.99832921 -0.049250051 -9.4438797 0.89058419 -0.0045218691 0.45479603 106.68551
0.46201816 -0.056992569 -0.88503729 -95.312112 0.029675602 0.99836768 -0.04879893 -9.5205139 0.88637388 -0.003718023 0.46295529 107.18926
0.47077827 -0.056975337 -0.88040989 -96.262054 0.030350965 0.99836779 -0.048379474 -9.5935038 0.88172938 -0.0039452856 0.47173912 107.70528
0.48350029 -0.057125382 -0.87347816 -97.264239 0.030401296 0.99836213 -0.048464616 -9.6691847 0.87481615 -0.0031222127 0.48444507 108.23089
0.4916346 -0.056805992 -0.86894674 -98.167946 0.028475511 0.99838507 -0.049156878 -9.7373258 0.87033593 -0.000576481 0.49245822 108.76514
0.50132875 -0.058741318 -0.86326061 -99.148991 0.027018983 0.99826913 -0.052237124 -9.8182301 0.86483497 0.0028635481 0.50204814 109.30844
0.51372953 -0.05808091 -0.85598394 -100.0877 0.023291832 0.99828234 -0.053757369 -9.8950677 0.85763601 0.0076793132 0.51419993 109.87937
0.52495485 -0.056831603 -0.84923054 -101.01848 0.021679437 0.99833737 -0.053408805 -9.9697164 0.85085396 0.0096263709 0.52531412 110.43712
0.53868038 -0.055420859 -0.84068539 -101.95667 0.022584051 0.9984254 -0.051348589 -10.052376 0.8422075 0.008674395 0.5390838 111.04219
0.55027413 -0.052844961 -0.8333101 -102.84623 0.02072214 0.99855218 -0.049640097 -10.118144 0.83472692 0.010047692 0.55057249 111.60527
0.56185868 -0.052186739 -0.82558544 -103.74708 0.020897331 0.99858502 -0.04890051 -10.196233 0.82696928 0.010222643 0.56215422 112.20146
0.57423265 -0.051945124 -0.81704254 -104.62737 0.020125166 0.99857915 -0.04934234 -10.264893 0.8184448 0.011890866 0.57446216 112.81251
0.58400917 -0.053338439 -0.80999274 -105.45101 0.020638423 0.99849197 -0.050870795 -10.338023 0.81148469 0.012992037 0.58422929 113.40695
0.59483587 -0.053822496 -0.80204325 -106.26854 0.021091476 0.99845742 -0.051360703 -10.403102 0.80357047 0.013634912 0.59505348 114.02991
0.60527844 -0.053400628 -0.79422058 -107.1057 0.02108151 0.99847267 -0.051067531 -10.48289 0.79573465 0.014166706 0.60547975 114.64491
0.61691581 -0.051686996 -0.78533005 -107.94841 0.020650731 0.99856068 -0.049498729 -10.556595 0.78675821 0.014318909 0.61709524 115.28638
0.62495713 -0.050559928 -0.77902004 -108.73682 0.022637363 0.99865456 -0.046654155 -10.628046 0.78033082 0.011521887 0.62526084 115.93303
0.63685101 -0.049624479 -0.76938816 -109.54821 0.022732154 0.99870116 -0.045598609 -10.694613 0.77065173 0.01154967 0.63715192 116.55102
0.64591995 -0.048212512 -0.76188117 -110.28587 0.019808436 0.99872621 -0.046406758 -10.762783 0.76314815 0.014883376 0.6460522 117.1928
0.65541639 -0.047816389 -0.75375255 -111.06443 0.018329466 0.99870697 -0.04741759 -10.830082 0.75504532 0.017262384 0.65544536 117.86094
0.66481833 -0.047066336 -0.74552083 -111.7895 0.017943442 0.99873131 -0.047050993 -10.895998 0.74678958 0.017903152 0.66481941 118.4917
0.6733066 -0.045759053 -0.73794599 -112.493 0.018268356 0.99880789 -0.04526659 -10.957917 0.7391377 0.016997234 0.67333989 119.1656
0.68165715 -0.042813773 -0.730418 -113.20301 0.016330507 0.99892811 -0.043312288 -11.013263 0.7314895 0.017596035 0.68162566 119.82516
0.69068621 -0.041516648 -0.72196183 -113.90894 0.015856573 0.99898009 -0.042277011 -11.081137 0.72298076 0.017752307 0.69064008 120.4806
0.69851085 -0.040989579 -0.71442453 -114.62072 0.01520656 0.99898294 -0.042448071 -11.141569 0.71543791 0.018786499 0.69842373 121.14914
0.7056371 -0.040273585 -0.70742794 -115.27417 0.015231122 0.99901487 -0.041680947 -11.202766 0.70840973 0.018636701 0.70555537 121.81904
0.71353828 -0.03745934 -0.6996141 -115.94459 0.013945375 0.99913119 -0.039273417 -11.255154 0.70047748 0.018266706 0.71344073 122.4754
0.71946911 -0.03487513 -0.69364824 -116.55727 0.013010073 0.99923997 -0.03674525 -11.313601 0.6944026 0.017412658 0.71937603 123.15039
0.72749279 -0.034359039 -0.68525445 -117.21389 0.013829713 0.99927674 -0.03542213 -11.367086 0.68597596 0.016292472 0.7274418 123.78476
0.7350695 -0.032798468 -0.67719794 -117.82414 0.012254288 0.99930876 -0.03509763 -11.423318 0.67788104 0.017500618 0.73496331 124.47713
0.74318035 -0.030151837 -0.6684114 -118.44783 0.010112718 0.99937618 -0.033837626 -11.467087 0.66901475 0.018388003 0.74302165 125.12339
0.75133489 -0.027550319 -0.65934575 -119.01539 0.0093477065 0.99947224 -0.031110416 -11.516087 0.65985493 0.017210971 0.75119591 125.81197
0.76117831 -0.023879483 -0.64810286 -119.61303 0.0073840343 0.99957623 -0.028157254 -11.559967 0.64850065 0.016647077 0.76103207 126.46097
0.77133081 -0.021664606 -0.63606555 -120.17866 0.0061432831 0.99962734 -0.026597933 -11.606846 0.6364048 0.016608274 0.77117646 127.12474
0.78136774 -0.020223318 -0.62374309 -120.71721 0.0035084568 0.99960136 -0.028014516 -11.646297 0.62406104 0.019701264 0.78112721 127.78691
0.79020443 -0.021394321 -0.61246976 -121.22259 0.0042874411 0.999559 -0.029384196 -11.691891 0.61282837 0.020593594 0.78994767 128.45305
0.79985601 -0.020752489 -0.59983303 -121.71353 0.0041461261 0.99956926 -0.029053495 -11.732231 0.60017764 0.020751629 0.79959752 129.1287
0.80977882 -0.019453235 -0.58641265 -122.22528 0.0038895697 0.99960624 -0.027789107 -11.768341 0.58672239 0.020222137 0.80953563 129.8207
0.81922559 -0.017201207 -0.57321333 -122.70017 0.0035372018 0.9996826 -0.02494356 -11.804931 0.5734605 0.018406831 0.81902642 130.52191
0.82940998 -0.016275103 -0.55840324 -123.20339 0.0042580934 0.99973067 -0.02281329 -11.844475 0.55862419 0.016543837 0.8292559 131.23093
0.83793265 -0.014857691 -0.54557134 -123.65839 0.0046280371 0.99978687 -0.020119351 -11.876957 0.54575404 0.014333736 0.83782283 131.91536
0.84543324 -0.014388871 -0.53388723 -124.10053 0.0056389049 0.99982178 -0.018016894 -11.905095 0.53405137 0.012221541 0.8453637 132.62393
0.85226921 -0.014390057 -0.52290544 -124.53009 0.0066084744 0.99983797 -0.016743997 -11.937681 0.5230617 0.010814785 0.85222621 133.34995
0.85927725 -0.014297153 -0.51131026 -124.97104 0.0070987881 0.99984635 -0.016027705 -11.96663 0.51146089 0.010142559 0.85924671 134.06563
0.86583644 -0.013519452 -0.50014444 -125.38493 0.0062623858 0.99984939 -0.016185753 -11.995195 0.50028797 0.010882117 0.8657907 134.81004
0.8718036 -0.011636661 -0.48971732 -125.79335 0.0045699552 0.9998675 -0.015623331 -12.020461 0.48983428 0.01138249 0.87174127 135.53193
0.87823752 -0.010645848 -0.47810617 -126.21699 0.0038782382 0.99987786 -0.015140012 -12.045112 0.478209 0.011442317 0.87817154 136.28118
0.88388756 -0.011423557 -0.4675599 -126.6048 0.0047916336 0.99987038 -0.015370888 -12.075949 0.46767493 0.01134576 0.88382773 137.04052
0.88829532 -0.012254948 -0.45910917 -126.99842 0.0055657873 0.99985777 -0.015920271 -12.104368 0.45923901 0.011586598 0.88823719 137.79191
0.89265644 -0.01276707 -0.45055684 -127.39495 0.0059791978 0.99984622 -0.016485683 -12.133912 0.45069807 0.012022083 0.89259551 138.58238
0.89629019 -0.01216897 -0.44330102 -127.78299 0.0057593422 0.99985855 -0.01580237 -12.156073 0.44343065 0.011610387 0.89623349 139.3603
0.89933859 -0.010647076 -0.43712324 -128.16904 0.0055817845 0.99990159 -0.012870773 -12.183476 0.4372173 0.0091352548 0.89930951 140.13606
0.90303126 -0.0070127009 -0.42951757 -128.57276 0.0035276621 0.99995409 -0.0089095074 -12.203711 0.42956037 0.0065303706 0.90301454 140.95679
0.90562677 -0.0038193938 -0.42405843 -128.95595 0.0014617444 0.99998162 -0.0058848704 -12.224569 0.42407314 0.0047096309 0.9056157 141.78076
0.90868349 -0.0014655327 -0.41748313 -129.3424 -7.3286175e-05 0.99999326 -0.0036698892 -12.240743 0.41748573 0.0033653632 0.90867726 142.59961
0.91164037 0.00051608368 -0.41098851 -129.74624 -0.0013437022 0.99999761 -0.0017248432 -12.251019 0.41098668 0.0021246825 0.91163888 143.4613
0.91454193 0.0016793298 -0.4044876 -130.11366 -0.0013766412 0.99999851 0.0010391696 -12.268876 0.40448877 -0.00039353024 0.91454289 144.2961
0.91774724 0.0017957208 -0.39716088 -130.48805 -0.00054035962 0.9999945 0.0032727223 -12.280937 0.39716461 -0.0027889225 0.91774316 145.17404
0.92152015 0.0014464905 -0.38832784 -130.87699 9.8583393e-05 0.99999216 0.0039588344 -12.293516 0.38833055 -0.0036864287 0.92151278 146.05217
0.92500618 0.00056247204 -0.37995163 -131.25073 0.0010143447 0.99999168 0.0039498246 -12.290456 0.37995073 -0.0040390145 0.92499792 146.96342
0.92881258 -0.0018416979 -0.37054525 -131.61272 0.0034599081 0.99998716 0.0037024672 -12.315541 0.3705337 -0.004720951 0.92880703 147.8902
0.93260516 -0.0034090833 -0.36088223 -131.98233 0.0045426334 0.99998705 0.0022928361 -12.317915 0.36086977 -0.0037776668 0.93260857 148.8048
0.93689883 -0.004405655 -0.34957284 -132.33104 0.0049482383 0.99998754 0.00065908493 -12.334117 0.34956561 -0.0023472659 0.93690895 149.7429
0.9417271 -0.0027782604 -0.33636637 -132.70075 0.0027944783 0.999996 -0.00043587455 -12.344141 0.33636626 -0.00052949392 0.9417311 150.69285
0.94744424 0.00088093017 -0.31991973 -133.03783 -0.00074165837 0.99999957 0.00055717045 -12.361531 0.31992011 -0.00029061704 0.94744448 151.69216
0.95349572 0.0044428744 -0.3013738 -133.35994 -0.003560572 0.99998762 0.003476843 -12.364633 0.30138554 -0.0022420921 0.95349973 152.69829
0.95972429 0.0075094305 -0.28084318 -133.68072 -0.006234882 0.99996581 0.0054315236 -12.37706 0.28087439 -0.0034617413 0.9597383 153.69465
0.96534928 0.0094538877 -0.26078991 -133.95947 -0.008106716 0.99994766 0.0062409652 -12.390125 0.26083529 -0.0039105618 0.9653754 154.75652
0.97110884 0.010500763 -0.23840586 -134.23476 -0.0090414576 0.9999331 0.0072138413 -12.391584 0.23846568 -0.0048498889 0.97113882 155.8066
0.97608447 0.011438629 -0.21709044 -134.47602 -0.0094733374 0.9999042 0.010091444 -12.405824 0.21718509 -0.0077935308 0.97609933 156.87611
0.98082005 0.01296519 -0.19448377 -134.70789 -0.010580914 0.99985565 0.013293378 -12.398992 0.19462807 -0.010980596 0.98081565 157.96862
0.98496921 0.014829949 -0.17209222 -134.90852 -0.012023044 0.99977734 0.017341398 -12.406164 0.17231109 -0.015011671 0.98492819 159.0678
0.98870573 0.016886516 -0.14891547 -135.08415 -0.013960152 0.99968879 0.020674678 -12.399892 0.14921826 -0.018362291 0.98863377 160.20262
0.99160476 0.018195306 -0.12801929 -135.23753 -0.015673753 0.99966335 0.020676678 -12.39333 0.12835242 -0.01849655 0.99155612 161.29884
0.99420975 0.018260207 -0.10589396 -135.36485 -0.01636106 0.99968985 0.018775569 -12.388834 0.10620397 -0.016934317 0.99420015 162.45738
0.99632429 0.018249148 -0.083695145 -135.4893 -0.016818216 0.99970064 0.017770313 -12.377532 0.08399439 -0.016297392 0.99633295 163.61955
0.99780878 0.016934256 -0.063959971 -135.5608 -0.01572373 0.99968849 0.019382541 -12.377109 0.064268281 -0.018334381 0.99776422 164.80358
0.99887152 0.017252598 -0.044249585 -135.63946 -0.016333594 0.99964506 0.02104682 -12.3721 0.044596995 -0.020300315 0.99879878 166.00067
0.99958639 0.017686447 -0.022676961 -135.68095 -0.017185583 0.99960816 0.022094819 -12.36408 0.023058856 -0.021695964 0.99949866 167.21811
0.99981475 0.019015373 -0.0029796663 -135.69267 -0.01894285 0.99956229 0.022724176 -12.35302 0.0034104711 -0.022663524 0.99973733 168.40823
0.99964287 0.019420937 0.01835665 -135.66558 -0.019842516 0.99953692 0.023069875 -12.341856 -0.017900113 -0.023425878 0.99956531 169.66405
0.99902127 0.021149663 0.038848302 -135.65872 -0.022040794 0.99950034 0.02265545 -12.328099 -0.038349739 -0.023489525 0.99898826 170.87908
0.99805091 0.022241804 0.058306737 -135.58065 -0.023519696 0.99949596 0.021322744 -12.316023 -0.057803097 -0.022652541 0.99807097 172.12327
0.99666735 0.022601542 0.078379647 -135.50135 -0.024174842 0.9995237 0.019182241 -12.312491 -0.077908773 -0.02101313 0.99673902 173.39699
0.99496415 0.024177196 0.097271812 -135.40476 -0.025916354 0.99952535 0.01665561 -12.301569 -0.096822965 -0.019092666 0.99511848 174.65825
0.99291306 0.024952685 0.11619391 -135.26089 -0.026817268 0.99953502 0.014511357 -12.302168 -0.11577779 -0.01752452 0.99312053 175.97107
0.99042097 0.024854616 0.13582543 -135.09963 -0.026725674 0.99957115 0.011969109 -12.304729 -0.13546971 -0.015484483 0.99066048 177.25345
0.98773224 0.026000064 0.15397733 -134.89853 -0.027320291 0.99960583 0.006464034 -12.305662 -0.15374859 -0.01059144 0.98805323 178.55731
0.98469436 0.027892913 0.1720436 -134.69511 -0.02829503 0.99959961 -0.0001150289 -12.328736 -0.17197794 -0.0047547106 0.98508933 179.85684
0.98159601 0.030332885 0.18854493 -134.46503 -0.029840245 0.99953981 -0.0054515567 -12.339604 -0.18862354 -0.00027500052 0.98204943 181.14328
0.97819592 0.032281339 0.20516008 -134.19435 -0.031037003 0.99947514 -0.0092811819 -12.374613 -0.20535203 0.0027112604 0.97868442 182.48214
0.97383538 0.034503977 0.22461997 -133.90906 -0.032621205 0.99939467 -0.012088901 -12.396865 -0.22490114 0.0044452257 0.97437145 183.78361
0.96991039 0.03423879 0.2410426 -133.5948 -0.032253972 0.99940553 -0.012176168 -12.439249 -0.24131623 0.0040352112 0.97043815 185.12772
0.96557298 0.033014645 0.25802877 -133.25003 -0.030663054 0.99944349 -0.013133643 -12.466418 -0.25831879 0.004769541 0.96604796 186.43951
0.96076235 0.032786716 0.27542828 -132.88405 -0.029099384 0.99942394 -0.017464575 -12.524571 -0.27584225 0.008764513 0.96116296 187.79355
0.95615787 0.03422357 0.29084511 -132.48723 -0.029077889 0.99933508 -0.021997151 -12.573186 -0.29140456 0.012575587 0.95651725 189.12824
0.95058497 0.036340444 0.30833031 -132.07855 -0.030900493 0.99926898 -0.022509421 -12.609063 -0.30892295 0.011869559 0.951013 190.49259
0.94473942 0.038066618 0.3256046 -131.63933 -0.03238377 0.99921411 -0.022857414 -12.66759 -0.32621885 0.011049996 0.94522969 191.80908
0.93860159 0.042287832 0.34240151 -131.17395 -0.03539109 0.99902562 -0.026368156 -12.712725 -0.34318296 0.012631232 0.93918364 193.16316
0.93164371 0.043091783 0.36080892 -130.66314 -0.03464255 0.99895372 -0.02985565 -12.776242 -0.36171798 0.015315488 0.93216176 194.48763
0.9251263 0.043900478 0.3771128 -130.15478 -0.034050691 0.99888339 -0.03274954 -12.835213 -0.37812946 0.01745651 0.92558813 195.83221
0.91793042 0.044081473 0.39428487 -129.60284 -0.032066683 0.99880017 -0.037012834 -12.907458 -0.39544341 0.021331799 0.9182426 197.16989
0.90951248 0.047329915 0.41297326 -129.03308 -0.03239558 0.99854564 -0.043094551 -12.998597 -0.41441234 0.025816525 0.909723 198.51073
0.89975796 0.051229221 0.43337186 -128.40486 -0.034026101 0.99829793 -0.047365261 -13.080498 -0.43506075 0.027871317 0.89996964 199.8373
0.88750431 0.054012137 0.45762296 -127.75551 -0.035714671 0.99818209 -0.048548755 -13.160959 -0.4594133 0.026743377 0.88781993 201.15264
0.87433883 0.058366835 0.48179343 -127.06405 -0.038404098 0.99794962 -0.051202376 -13.262771 -0.48379413 0.026265385 0.87478763 202.44798
0.86011072 0.062513938 0.50626233 -126.34817 -0.040368708 0.99769128 -0.05461211 -13.355449 -0.50850757 0.026535306 0.86064856 203.77238
0.84529113 0.066361471 0.53016888 -125.58854 -0.042190172 0.99744879 -0.057583902 -13.468188 -0.53263771 0.026307246 0.84593441 205.05191
0.8306599 0.067821709 0.55263398 -124.8137 -0.041597847 0.99733891 -0.05987248 -13.570998 -0.55522408 0.026745286 0.83127068 206.29069
0.81367477 0.06897329 0.57721402 -123.93703 -0.040358861 0.99724289 -0.062271767 -13.688771 -0.57991772 0.027373266 0.81421506 207.53827
0.79818554 0.071109791 0.59819997 -123.08351 -0.038695656 0.99701002 -0.06688543 -13.809143 -0.60116763 0.030239244 0.79855063 208.75779
0.7810233 0.07393372 0.62010997 -122.18237 -0.037128552 0.99670819 -0.072071217 -13.931716 -0.62339723 0.033265515 0.78119737 209.95519
0.76507808 0.07551541 0.63949427 -121.22724 -0.035083794 0.99651318 -0.075700849 -14.069156 -0.6429811 0.035481176 0.76505975 211.11671
0.74916015 0.077202328 0.65787448 -120.2555 -0.033630891 0.99633692 -0.078623823 -14.211016 -0.66153463 0.036776932 0.7490123 212.27627
0.73336859 0.077641544 0.67538305 -119.25166 -0.031354086 0.99626267 -0.080483616 -14.34603 -0.67910785 0.037848139 0.73306213 213.3877
0.71767082 0.078120119 0.69198686 -118.18399 -0.029200292 0.99618978 -0.082178248 -14.495476 -0.69577007 0.038770713 0.71721746 214.50616
0.70344045 0.079024281 0.70634741 -117.15785 -0.027161187 0.99606276 -0.084387464 -14.643528 -0.71023507 0.040176323 0.70281723 215.56402
0.68746468 0.080251099 0.72177006 -116.05296 -0.023747224 0.99582816 -0.088104135 -14.802317 -0.72582947 0.043428447 0.68650243 216.66366
0.67390929 0.082519442 0.73419123 -114.94303 -0.021644704 0.9955215 -0.092024132 -14.96584 -0.738497 0.046124567 0.6726773 217.70034
0.6586819 0.085055977 0.74759855 -113.80475 -0.020565398 0.99525404 -0.095112877 -15.124306 -0.75214046 0.04727447 0.65730503 218.72623
0.64144694 0.085512486 0.76238664 -112.64173 -0.019016398 0.99523529 -0.095629998 -15.298996 -0.76693171 0.046843723 0.64001677 219.72585
0.62631056 0.087474863 0.77465036 -111.46335 -0.020339056 0.99517996 -0.095933169 -15.47003 -0.77930832 0.044328301 0.62507087 220.68967
0.60853204 0.088301437 0.78860102 -110.30856 -0.022169305 0.99529335 -0.094338073 -15.638992 -0.7932196 0.039925005 0.60762547 221.62941
0.58924426 0.089000396 0.80303803 -109.10813 -0.024166219 0.99541114 -0.092588615 -15.800767 -0.8075935 0.035150918 0.5886911 222.53625
0.57169591 0.090098729 0.8155035 -107.90886 -0.025622336 0.99542791 -0.092015061 -15.973968 -0.82006545 0.031709531 0.5713906 223.44266
0.55337388 0.093824412 0.82763172 -106.68105 -0.027893027 0.9951656 -0.094166948 -16.148968 -0.83246585 0.029024376 0.55331569 224.27866
0.53647941 0.097396723 0.83827421 -105.46044 -0.030457812 0.99490531 -0.096102832 -16.321608 -0.84336364 0.026025194 0.5367127 225.10427
0.51602904 0.097536025 0.85099982 -104.19217 -0.03016551 0.99494892 -0.095742774 -16.500385 -0.8560398 0.023735209 0.51636476 225.88635
0.49489385 0.096294221 0.86360144 -102.957 -0.030051245 0.99514303 -0.093740402 -16.670985 -0.86843369 0.020439251 0.49538392 226.63303
0.47393397 0.094137104 0.87551398 -101.70862 -0.029459592 0.99540763 -0.091081228 -16.831827 -0.88006749 0.017374204 0.47453072 227.34519
0.45261012 0.092972566 0.88684842 -100.46504 -0.03032715 0.99557932 -0.088893645 -16.993483 -0.89119269 0.013338579 0.45342887 228.00411
0.42993285 0.091769098 0.8981849 -99.1831 -0.028683181 0.99570713 -0.088003374 -17.157916 -0.90240517 0.012072742 0.43071943 228.66578
