1.000000000000000000e+00 4.398956837314658088e-19 2.733407509747682871e-20 -8.673617379884035472e-19 -5.583667658079949532e-19 1.000000000000000000e+00 -6.100159232558060012e-19 0.000000000000000000e+00 4.145284534913582806e-20 -2.210423569125054137e-19 1.000000000000000222e+00 0.000000000000000000e+00
9.999412303447748895e-01 -1.082546749132784654e-03 1.078721299700828411e-02 7.487702561878634144e-02 1.078263600596242539e-03 9.999993375217752778e-01 4.028666612860555790e-04 -5.473721041823781386e-03 -1.078764215902038894e-02 -3.912115186729477772e-04 9.999417351611740168e-01 2.944806594194401828e-01
9.998541395770588203e-01 -2.492804438358751581e-03 1.689631675847150585e-02 1.016926857552153257e-01 2.479593658823377351e-03 9.999966035725449398e-01 8.027788929408610948e-04 -1.056408747298145934e-02 -1.689826083376989169e-02 -7.607657889723228560e-04 9.998569247635221702e-01 5.422880814756838586e-01
9.997847558550329028e-01 -6.253981628488814414e-03 1.978205515004346007e-02 8.864453426212870468e-02 6.277718542343410472e-03 9.999796473368268712e-01 -1.138046984885272275e-03 -1.374120784977966858e-02 -1.977453555049049627e-02 1.261988235660609862e-03 9.998036682810570452e-01 9.294296968845187079e-01
9.998246690757432997e-01 -6.872125614232529184e-03 1.741852544509472911e-02 8.992574450632297156e-02 6.903455635798557213e-03 9.999746584716646680e-01 -1.739167242231844839e-03 -1.808391118257836327e-02 -1.740613255964974446e-02 1.859110368113132830e-03 9.998467733800323609e-01 1.185560909288237319e+00
9.998881777569897933e-01 -1.062782199463378589e-02 1.052052342246370155e-02 8.993205869171816413e-02 1.066521571380696365e-02 9.999369833047785372e-01 -3.504650464550554054e-03 -1.793390104638906135e-02 -1.048261383624912550e-02 3.616462268796321548e-03 9.999385161070809547e-01 1.538654543512261164e+00
9.999372422751406919e-01 -1.111799154439668987e-02 -1.379055039200276396e-03 6.774618977821529608e-02 1.111115215997543308e-02 9.999264011074389114e-01 -4.871821751431314011e-03 -2.821663472149985030e-02 1.433118436840119785e-03 4.856193167710778393e-03 9.999871816981925621e-01 1.852220513970588733e+00
9.997929104281141344e-01 -1.101365429509050184e-02 -1.711244187730034255e-02 3.062993827435825378e-02 1.092795970191433839e-02 9.999273168100618614e-01 -5.093208741891099879e-03 -3.876681584917722467e-02 1.716729322466797880e-02 4.905149953177138922e-03 9.998405990834318136e-01 2.165988760399184088e+00
9.993316644808781790e-01 -6.412476731531958560e-03 -3.598755960874459175e-02 1.315736504223357847e-02 6.219365290193543810e-03 9.999656688947174965e-01 -5.475446736305822001e-03 -4.178857350863023068e-02 3.602143591034875220e-02 5.247967541132395920e-03 9.993372379049334508e-01 2.520278112042102947e+00
9.984297564915395329e-01 -3.705821538569105313e-03 -5.589533176566774397e-02 -4.719070422138574999e-02 3.355212934640262098e-03 9.999741134786158669e-01 -6.365132649007083226e-03 -5.480639945812640357e-02 5.591747383847649189e-02 6.167597108372048671e-03 9.984163445158475980e-01 2.869910729956809625e+00
9.971472180820994957e-01 -3.033503024595603226e-03 -7.542030981044309246e-02 -9.493256409883746305e-02 2.553445813634275512e-03 9.999758693024962675e-01 -6.460706112689466353e-03 -5.892264044820094693e-02 7.543808973797390405e-02 6.249693442836273469e-03 9.971309022143993728e-01 3.221575405506880152e+00
9.953166458212880929e-01 -3.438965042638084026e-03 -9.660718285943077632e-02 -1.359870840284690685e-01 2.857342167252325833e-03 9.999769558645861256e-01 -6.158192205223214991e-03 -6.552737306623396263e-02 9.662613610609539772e-02 5.853311400082366472e-03 9.953035360439644874e-01 3.606572382264204624e+00
9.932480604912493627e-01 -4.319048408501123364e-03 -1.159294430440005186e-01 -2.010901960360190754e-01 3.711331860518362735e-03 9.999782207900765885e-01 -5.457467858283821319e-03 -7.649607117102096010e-02 1.159504912636337703e-01 4.990366672217127868e-03 9.932424579169140122e-01 3.999098770205830267e+00
9.910957001991964610e-01 -4.250824947843417738e-03 -1.330835942164350916e-01 -2.856911560218080570e-01 3.638255094578702904e-03 9.999816407996419132e-01 -4.845736030452336626e-03 -8.233988637627280560e-02 1.331017515847038313e-01 4.318395999877314671e-03 9.910929702461221957e-01 4.388520909090506628e+00
9.887722129727712916e-01 -3.503777038326906339e-03 -1.493895371561982932e-01 -3.698112121868084023e-01 2.898731522218994921e-03 9.999866920826804284e-01 -4.267670151032927801e-03 -8.778055357521954982e-02 1.494025046409622470e-01 3.786713399240640258e-03 9.887692111918093829e-01 4.812608017416984296e+00
9.866630195304940676e-01 -2.815716944538341864e-03 -1.627518262567068663e-01 -4.532102824742758052e-01 2.131773418059164111e-03 9.999881492567318508e-01 -4.376857892841663072e-03 -9.301148174580324557e-02 1.627622243342894681e-01 3.971533696939709250e-03 9.866573295385727693e-01 5.223351465446455677e+00
9.845456752065282480e-01 -3.406066948096434822e-03 -1.750948639255978656e-01 -5.274710894942948869e-01 2.539404200860811370e-03 9.999833930895110079e-01 -5.173486993389977626e-03 -9.810426631781681006e-02 1.751095804118876220e-01 4.648897496803056084e-03 9.845379745702054208e-01 5.667334377055516903e+00
9.827866692065778675e-01 -6.554951091330969530e-03 -1.846277189706888588e-01 -6.308622141850711573e-01 5.349062259498945683e-03 9.999609910985584049e-01 -7.028784065497329508e-03 -1.138300131946850258e-01 1.846665933745457178e-01 5.920210006659455508e-03 9.827833948776922846e-01 6.110510649446361242e+00
9.812284524114617268e-01 -5.904398516582863229e-03 -1.927585571579240042e-01 -7.296825221082681168e-01 4.323468092860450682e-03 9.999534900043631769e-01 -8.621220619740067176e-03 -1.224945485032763043e-01 1.928004984122185239e-01 7.626001392927602221e-03 9.812083432280248596e-01 6.555015244289545073e+00
9.796286133879789082e-01 -5.833021259273206069e-03 -2.007330434451624346e-01 -8.382068272388958352e-01 3.763038147822409928e-03 9.999357567274298475e-01 -1.069214459942323218e-02 -1.207191980030862671e-01 2.007825186722006494e-01 9.718964597853620851e-03 9.795876290012424104e-01 7.030247834724200118e+00
9.780461147273904476e-01 -6.455549439836870580e-03 -2.082885554270307860e-01 -9.411256490657711193e-01 3.800852286071362308e-03 9.999064031556618160e-01 -1.314299982496132217e-02 -1.376167837884408607e-01 2.083539091575103419e-01 1.206278580753772540e-02 9.779791095771729337e-01 7.504400026103649424e+00
9.762757189864030849e-01 -1.001191737981399488e-02 -2.162995167311994593e-01 -1.051339176546530974e+00 6.924429792381761942e-03 9.998631071326105069e-01 -1.502728370964494763e-02 -1.462216341747448189e-01 2.164203625288778909e-01 1.317302132066286609e-02 9.762114009237178314e-01 8.016301793337870407e+00
9.744265564758332054e-01 -1.560793123573400720e-02 -2.241635058742077469e-01 -1.170059527725150428e+00 1.231361702254840824e-02 9.997947781364817654e-01 -1.608652933431126836e-02 -1.632871444668409500e-01 2.243685839397340231e-01 1.291487774784563607e-02 9.744187732416864645e-01 8.531381546967336860e+00
9.724568588293743820e-01 -1.653473421452679101e-02 -2.324957183550731554e-01 -1.308681712420505239e+00 1.256600828090830360e-02 9.997491333158603499e-01 -1.854092361560818678e-02 -1.821738519579712556e-01 2.327439661864675602e-01 1.510870515490596484e-02 9.724206777319192030e-01 9.031006173703213236e+00
9.703398878671232186e-01 -1.266915780837219070e-02 -2.414124958182053693e-01 -1.444780441917060898e+00 7.528603013053145401e-03 9.997251090233212345e-01 -2.220420031025801058e-02 -1.870978204756792995e-01 2.416274463853633758e-01 1.972812236558783502e-02 9.701685315820388622e-01 9.567101230370139930e+00
9.682798830617604935e-01 -9.455640900250215919e-03 -2.496891217289641529e-01 -1.598519118497568448e+00 3.234239838167982800e-03 9.996742889818459599e-01 -2.531512659917638242e-02 -2.026152891263895417e-01 2.498471702816597584e-01 2.370457331515798960e-02 9.679950857912755779e-01 1.010706053077031363e+01
9.659108287861094544e-01 -1.269405861848912215e-02 -2.585635902866042501e-01 -1.768378620140252044e+00 5.783454585704702125e-03 9.996058963703747802e-01 -2.747004883192021019e-02 -2.260537490427744212e-01 2.588104003058143143e-01 2.503822685524483005e-02 9.656035756918666113e-01 1.067057950402690025e+01
9.635607309729675718e-01 -1.405629586692563361e-02 -2.671200791761834115e-01 -1.923441565032477429e+00 6.543821215031948857e-03 9.995581832843973835e-01 -2.899338923704683491e-02 -2.583842264815586209e-01 2.674096053238281256e-01 2.618890529252849292e-02 9.632269959921364588e-01 1.122040639929691963e+01
9.614470693113523758e-01 -1.397777083067543169e-02 -2.746345811818475813e-01 -2.097575255980224540e+00 5.406228804147788190e-03 9.994750734682537052e-01 -3.194292086022267052e-02 -2.798566086357408000e-01 2.749369137648312034e-01 2.922669029099864493e-02 9.610179476425273482e-01 1.178844872329889881e+01
9.591000325621789058e-01 -1.374051795115194957e-02 -2.827336625921467173e-01 -2.287989195752513361e+00 3.858993218933697358e-03 9.993630345443913487e-01 -3.547722292185655213e-02 -2.993283848857666296e-01 2.830410513047248999e-01 3.293513842762155891e-02 9.585421439286204714e-01 1.240055366560002348e+01
9.568442578986762204e-01 -1.494054828002118647e-02 -2.902168918564657640e-01 -2.478520171334934297e+00 3.263734425736424753e-03 9.991670088226343172e-01 -4.067722342096057042e-02 -3.367807674326482315e-01 2.905828887625445667e-01 3.797457689190364416e-02 9.560959774550257251e-01 1.298774843260752299e+01
9.550216291599492591e-01 -1.619235728457780327e-02 -2.960937242033299110e-01 -2.680686061650038088e+00 2.154899106524332808e-03 9.988606303105158624e-01 -4.767386716600154062e-02 -3.693729604342042561e-01 2.965283213713293398e-01 4.489152234181612022e-02 9.539683997654960779e-01 1.359916424931451040e+01
9.537028325090561864e-01 -1.615768371490772237e-02 -3.003162243081601845e-01 -2.891896585875148862e+00 -6.319841716058626976e-04 9.984459220942190072e-01 -5.572558868077893968e-02 -4.011395210784686749e-01 3.007499110929424124e-01 5.333544709646904219e-02 9.522104930185775196e-01 1.421456730904597876e+01
9.523960539107880763e-01 -1.654653292895925595e-02 -3.044141369210587311e-01 -3.099690327904494502e+00 -3.245382743809470394e-03 9.979191592796416987e-01 -6.439579967079549216e-02 -4.487730927343928089e-01 3.048462320277961490e-01 6.231824618914753866e-02 9.503605700019224223e-01 1.483787443745466561e+01
9.511873101017812582e-01 -1.535375122037709213e-02 -3.082319928108661067e-01 -3.336037359232907562e+00 -7.588727040333055444e-03 9.972960348863775248e-01 -7.309603274666530426e-02 -4.963417220245822659e-01 3.085208478302230994e-01 7.186710761692280403e-02 9.484988177894878580e-01 1.548687457047278748e+01
9.497700756970257618e-01 -1.429516827913900057e-02 -3.126218952467513246e-01 -3.560671631295366346e+00 -1.142339214857461364e-02 9.967067881844025035e-01 -8.028128349728952395e-02 -5.519049527999138061e-01 3.127400049224697276e-01 7.981996366747634575e-02 9.464789827708078862e-01 1.613217630032049499e+01
9.481531252945669674e-01 -1.316169334684792747e-02 -3.175412078368550772e-01 -3.795344871553030686e+00 -1.517452740644974728e-02 9.961277438749550628e-01 -8.659821927440974898e-02 -6.172738229695583501e-01 3.174513915682278253e-01 8.692691053087357733e-02 9.442819114988582063e-01 1.679105241479905075e+01
9.465506184286467395e-01 -1.208342536458693363e-02 -3.223288931752236186e-01 -4.043416985931361118e+00 -1.881450522526858377e-02 9.955283241608146039e-01 -9.257089265694413982e-02 -6.866830635716942854e-01 3.220061218074074527e-01 9.368749491505376503e-02 9.420906076608130952e-01 1.746671199225943738e+01
9.447600474637933843e-01 -1.031625595354702073e-02 -3.276004049186542200e-01 -4.280167558463646493e+00 -2.314911437844700479e-02 9.949083435647322338e-01 -9.808927765582643732e-02 -7.612377236046220519e-01 3.269442958656216813e-01 1.002544904896572470e-01 9.397108421380324650e-01 1.814491713346929558e+01
9.429779455008150402e-01 -7.012151931279693440e-03 -3.327813421415221073e-01 -4.536431078963024888e+00 -2.824758731006127982e-02 9.944855083413403074e-01 -1.009982549358277998e-01 -8.349531794242284199e-01 3.316544429535182026e-01 1.046393976216206667e-01 9.375798255570361173e-01 1.884098846368008395e+01
9.413842907803335880e-01 -6.532700674668662742e-03 -3.372727953585696326e-01 -4.804638406927390193e+00 -2.987733388417657468e-02 9.942686581327364603e-01 -1.026507689501764270e-01 -9.149946622771277793e-01 3.360103621256065876e-01 1.067106339237938600e-01 9.357937163528935454e-01 1.952845168123983299e+01
9.392146774692474720e-01 -6.107602474796305740e-03 -3.432761051035985722e-01 -5.098962650663283469e+00 -3.073205663246747488e-02 9.943326173645383736e-01 -1.017751774001525722e-01 -1.004241966924593887e+00 3.419522362072946464e-01 1.061383217886454899e-01 9.337040897892993074e-01 2.024006038951057818e+01
9.369368751930888806e-01 -5.974884317609553859e-03 -3.494475498501384836e-01 -5.364899558584235173e+00 -3.108251464182926194e-02 9.944673996616804068e-01 -1.003417574669947243e-01 -1.093910769643427816e+00 3.481137325341870925e-01 1.048756019298858616e-01 9.315674639593247708e-01 2.096660481124923692e+01
9.344395475471974910e-01 -5.892121087742194750e-03 -3.560730433994818700e-01 -5.644742278316313033e+00 -3.125852056508331145e-02 9.946469451073287615e-01 -9.849040299438308055e-02 -1.174524938483880065e+00 3.547472882728243682e-01 1.031636447925282085e-01 9.292532628449848842e-01 2.168592379511990487e+01
9.314724172450846718e-01 -5.265171795917541857e-03 -3.637738461171456383e-01 -5.941377795432498665e+00 -3.154816668973842164e-02 9.949598067398600643e-01 -9.518243618308576404e-02 -1.262540309241457326e+00 3.624415136844496566e-01 1.001362124412744498e-01 9.266115102175714879e-01 2.239385952248609968e+01
9.278985544148750098e-01 -2.581476655944779479e-03 -3.728238267663425698e-01 -6.262332751628998828e+00 -3.325500978048274298e-02 9.954172047176170768e-01 -8.965875805514633701e-02 -1.338378908150665403e+00 3.713467098176431724e-01 9.559249253986891459e-02 9.235603387687569832e-01 2.318015524185103615e+01
9.244433343759587141e-01 -9.482991804625613122e-05 -3.813194323957403986e-01 -6.587525300052675448e+00 -3.470558504902224867e-02 9.958286158104089347e-01 -8.438536798295438734e-02 -1.420379440952107553e+00 3.797368112861173595e-01 9.124340543779010937e-02 9.205838354548785407e-01 2.391681446353240048e+01
9.210102338689387658e-01 3.839659668210619256e-03 -3.895194513564912975e-01 -6.910251208723995120e+00 -3.814023670793823678e-02 9.960356646946207926e-01 -8.036340612564060737e-02 -1.496311671002745980e+00 3.876667041377599987e-01 8.887188401104387236e-02 9.175054865387127778e-01 2.465583428977979352e+01
9.171223203590146422e-01 4.437260182322901730e-03 -3.985811798742508461e-01 -7.248108205259724990e+00 -3.883601332646911125e-02 9.961754453764737338e-01 -7.827034014302665377e-02 -1.568400518108499453e+00 3.967094852979619057e-01 8.726278042104917976e-02 9.137870619849141063e-01 2.539435210280775124e+01
9.130655880394393797e-01 4.992646880453880699e-03 -4.077821747023950283e-01 -7.604971631894667183e+00 -4.011067006736319940e-02 9.961761927073323752e-01 -7.761525160789564670e-02 -1.651661286819233077e+00 4.058353956449025080e-01 8.722423205077732555e-02 9.097744601509303308e-01 2.617069968965813587e+01
9.092004300555593943e-01 4.624456099329457733e-03 -4.163330263769691175e-01 -7.966723865776421221e+00 -4.012421976715949828e-02 9.962574224082820784e-01 -7.655844393682156857e-02 -1.716381699247007564e+00 4.144208336480605936e-01 8.631200841450255290e-02 9.059832301586611125e-01 2.692721241019459200e+01
9.053611283967785139e-01 4.895727277844518117e-03 -4.246142430169900783e-01 -8.352334375190668680e+00 -4.055215616273776663e-02 9.963603387121148236e-01 -7.497731742655995568e-02 -1.788417793490491903e+00 4.227017297301158272e-01 8.510057219872109446e-02 9.022644534213954959e-01 2.772153313965361932e+01
9.015554893607785614e-01 5.778847652106566812e-03 -4.326248960998633764e-01 -8.738530662178733976e+00 -4.117454987963552193e-02 9.965186281213199715e-01 -7.249331217571135244e-02 -1.864447030432178964e+00 4.306998475199137477e-01 8.316987926972448097e-02 8.986547814737495532e-01 2.849280335221414973e+01
8.977171446763805296e-01 6.413427569758304962e-03 -4.405255862886605644e-01 -9.127914584838249468e+00 -4.060889508971528977e-02 9.968420212771818001e-01 -6.824149997857972827e-02 -1.935714867350704527e+00 4.386967614596219422e-01 7.915082215488768169e-02 8.951426158435645819e-01 2.927685518397590059e+01
8.938458310369276072e-01 7.751818179439626949e-03 -4.483074119369104826e-01 -9.542077768881824795e+00 -4.013068609971021800e-02 9.972208496491211660e-01 -6.277025669762911764e-02 -1.991015294913176970e+00 4.465749222768270466e-01 7.409781656039469977e-02 8.916727854779689100e-01 3.007983479059484822e+01
8.900901502821995104e-01 7.517537184048783509e-03 -4.557225107755108473e-01 -9.964264849739613794e+00 -3.830098252644164453e-02 9.975610903601686008e-01 -5.835157070426054415e-02 -2.065517504234755553e+00 4.541723924427737979e-01 6.939277848325679787e-02 8.882072305201246243e-01 3.088367727200811075e+01
8.863941915895489077e-01 6.424131124109402902e-03 -4.628866636221215525e-01 -1.040476363510798663e+01 -3.665841857823946837e-02 9.977377935739010217e-01 -5.635118176021687575e-02 -2.129654023985842137e+00 4.614775189799219524e-01 6.691805346624761508e-02 8.846244840770964846e-01 3.169471819870903317e+01
8.833035396460057198e-01 6.589247037674535699e-03 -4.687551965320049252e-01 -1.086152310300306389e+01 -3.682168105336337816e-02 9.977872967215430933e-01 -5.535950117948117144e-02 -2.193445956505151617e+00 4.673532109685810676e-01 6.615959786692228450e-02 8.815916788052610142e-01 3.251268072979497958e+01
8.800762568196195401e-01 6.635290462154952613e-03 -4.747860050616601879e-01 -1.129442702370336704e+01 -3.636611566235736781e-02 9.979074098907215751e-01 -5.346313666825260047e-02 -2.247461731588885847e+00 4.734377372557063146e-01 6.431776013276425952e-02 8.784759183429876606e-01 3.333458838362780341e+01
8.772376934487140510e-01 5.348566293894930872e-03 -4.800264757717698227e-01 -1.177620629419836717e+01 -3.461266249910539133e-02 9.980401116494310720e-01 -5.213347480913557014e-02 -2.307110444899598711e+00 4.788068463558847188e-01 6.234844372868981327e-02 8.757035342938250810e-01 3.417795595389875984e+01
8.745966210570103039e-01 4.469983510948818267e-03 -4.848306560136345089e-01 -1.225161518551768758e+01 -3.379250554401991291e-02 9.980878121443088613e-01 -5.175698869177380174e-02 -2.370679888410225811e+00 4.836722241481872797e-01 6.165013018627541613e-02 8.730752806302708446e-01 3.500562030785452805e+01
8.726251902672547134e-01 4.209103798538240369e-03 -4.883723538669479391e-01 -1.273025531202574356e+01 -3.399204887175630296e-02 9.980613533715386732e-01 -5.213516644546598022e-02 -2.430600724829980575e+00 4.872061384963818353e-01 6.209523658967416176e-02 8.710765551192392042e-01 3.583989211959472954e+01
8.708589819829712919e-01 4.159010483233869029e-03 -4.915153419180455230e-01 -1.322530203322673970e+01 -3.445287244416473521e-02 9.980212578631191267e-01 -5.259817957970576441e-02 -2.486399947413115097e+00 4.903240118469317510e-01 6.273971263597544201e-02 8.692790671549730508e-01 3.670716586173313090e+01
8.703591820149957359e-01 4.128801406227664006e-03 -4.924000837477672810e-01 -1.372601609957246005e+01 -3.402224424826689325e-02 9.980794222643395441e-01 -5.176827029898428689e-02 -2.548902895746146591e+00 4.912406586466212532e-01 6.180954543314948202e-02 8.688280613165951793e-01 3.759295400325819969e+01
8.702071825592219145e-01 3.745082270045177030e-03 -4.926717253613692171e-01 -1.423913147506817900e+01 -3.283042583933296066e-02 9.981893300149782267e-01 -5.040064128975848406e-02 -2.607207777459897180e+00 4.915909133595293135e-01 6.003362270645470899e-02 8.687544778582176885e-01 3.847597865005386097e+01
8.700757104958412036e-01 2.611292619322753104e-03 -4.929111830166869046e-01 -1.475641539889896769e+01 -3.123852211636075904e-02 9.982679157053785390e-01 -4.985301660557706072e-02 -2.667777261263625910e+00 4.919272469426370642e-01 5.877371583235476565e-02 8.686502396248725333e-01 3.936725246487264940e+01
8.694844598131862279e-01 1.700702246036293452e-03 -4.939573634685481829e-01 -1.526649772886206158e+01 -3.049320403430759788e-02 9.982716426626836448e-01 -5.023835204961090567e-02 -2.734083414460975803e+00 4.930181966348957667e-01 5.874380915850409279e-02 8.680335405095104262e-01 4.026484880644009934e+01
8.682210024541594517e-01 -1.830246466103156396e-04 -4.961776421121704694e-01 -1.580361720747037779e+01 -2.875207430063477995e-02 9.983010270408004816e-01 -5.067916417633091392e-02 -2.792282215116896005e+00 4.953439337702379430e-01 5.826685124821057854e-02 8.667406567948731100e-01 4.118831348732312847e+01
8.668196286573660592e-01 -1.276614254374940300e-03 -4.986201928526638461e-01 -1.634125149350862216e+01 -2.674607008360413082e-02 9.984380230938056933e-01 -4.905264336278947895e-02 -2.856818434515112415e+00 4.979039894958928181e-01 5.585592479510085445e-02 8.654315326899180150e-01 4.208712484613322147e+01
8.648746438567048722e-01 -7.192580169999425411e-04 -5.019873784367727687e-01 -1.687969372769841669e+01 -2.560375875903582107e-02 9.986341808759704453e-01 -4.554360952288612208e-02 -2.921783647821622587e+00 5.013345207102454237e-01 5.224227683462682320e-02 8.636749665136751464e-01 4.303718703395503553e+01
8.618353475448722323e-01 -9.132904407021289568e-04 -5.071873367467182314e-01 -1.743127894410659806e+01 -2.304797427004548135e-02 9.988948071144592156e-01 -4.096285199112838227e-02 -2.982639071631325134e+00 5.066642166179149420e-01 4.699287444791302309e-02 8.608618044582975193e-01 4.393520408754794460e+01
8.579633847031125082e-01 -2.404388143018570869e-03 -5.137052114216228427e-01 -1.797107869819125980e+01 -2.054251055266441417e-02 9.990286175181563033e-01 -3.898495449159340709e-02 -3.047498946909784401e+00 5.132999509850030284e-01 4.400045818078691245e-02 8.570805826447245312e-01 4.483045318002183421e+01
8.528098639780717916e-01 -4.755976318420505541e-03 -5.221998767241584627e-01 -1.853467429826227431e+01 -1.935984309340889678e-02 9.989832227946692234e-01 -4.071507194440666944e-02 -3.110355565012294932e+00 5.218625647026632342e-01 4.483192259155523163e-02 8.518506721167009577e-01 4.574187798322935805e+01
8.469674040919510372e-01 -7.977499238854627792e-03 -5.315849606578193498e-01 -1.910085804877001081e+01 -1.814816233086079950e-02 9.988708472674604488e-01 -4.390529252891229445e-02 -3.174578414284296102e+00 5.313349836386505043e-01 4.683364175829694831e-02 8.458662723188459243e-01 4.662743500700396027e+01
8.407559438119071027e-01 -8.334742217747086873e-03 -5.413501356008918464e-01 -1.969721188040191251e+01 -1.822545541754487172e-02 9.988791244997310415e-01 -4.368440731681427075e-02 -3.231834611209989383e+00 5.411074570941818429e-01 4.659427781537463925e-02 8.396616573506218151e-01 4.752914645752124301e+01
8.351132551537804316e-01 -4.917204604591962104e-03 -5.500560574053008356e-01 -2.029502226106648521e+01 -1.968307235849641595e-02 9.990525575615831766e-01 -3.881448089453096162e-02 -3.276757315132864612e+00 5.497257791729369680e-01 4.324128057566064415e-02 8.342252484845037452e-01 4.839779976692248198e+01
8.297180304002502726e-01 -9.592658427032233360e-04 -5.581819271474074418e-01 -2.087889460193094848e+01 -2.157041264035012076e-02 9.991964632076409947e-01 -3.378084151065086776e-02 -3.343728583580320990e+00 5.577658218573544602e-01 4.006878765120871350e-02 8.290306304512697899e-01 4.927840424446031875e+01
8.258812618809542316e-01 -6.257606011870101665e-04 -5.638437226216012066e-01 -2.150933018086432469e+01 -2.314342468822907714e-02 9.991190297781258334e-01 -3.500780303433956298e-02 -3.391441076747421679e+00 5.633689093089566668e-01 4.196156315925595598e-02 8.251392036224567406e-01 5.017181673715144541e+01
8.222875607021645772e-01 -2.451977063022610717e-03 -5.690669108830906930e-01 -2.212688897626227558e+01 -2.424233442518321582e-02 9.989320128977607904e-01 -3.933373710467239631e-02 -3.442384526211065054e+00 5.685556099817318243e-01 4.613915301944449682e-02 8.213499273348228158e-01 5.104404718457798396e+01
8.193735210832631122e-01 -4.787694509113819136e-03 -5.732400060934808028e-01 -2.273778921905705985e+01 -2.633155674338727784e-02 9.985953561921381283e-01 -4.597786159870222850e-02 -3.521590659393689648e+00 5.726549458870003884e-01 5.276734407551911255e-02 8.180965264851075558e-01 5.189424354651787752e+01
8.161754249066216493e-01 -5.745086029229896224e-03 -5.777756167668905984e-01 -2.336616465560898703e+01 -2.683538730332667155e-02 9.984946278042433621e-01 -4.783659980184633981e-02 -3.575175768741279736e+00 5.771806847387996875e-01 5.454788961038562617e-02 8.147926063065983326e-01 5.276832927516210248e+01
8.130351556554206160e-01 -4.462734385659348525e-03 -5.821974863759717955e-01 -2.398819938124810136e+01 -2.611912708787813078e-02 9.986842822135419961e-01 -4.413043968277419182e-02 -3.637541215857441834e+00 5.816284312385398003e-01 5.108608898768898787e-02 8.118488689206887488e-01 5.361407051974336468e+01
8.097004222690759034e-01 -2.476168480417349077e-03 -5.868382129174355422e-01 -2.463801533797297694e+01 -2.495826135210163499e-02 9.989410071494236876e-01 -3.865164255915430613e-02 -3.694474800330741271e+00 5.863124735307021496e-01 4.594271269244924044e-02 8.087811552655210789e-01 5.449535619618874449e+01
8.066297956233500210e-01 -1.137606570382942474e-03 -5.910558957890877929e-01 -2.529793560328420199e+01 -2.478664434144747797e-02 9.990533362282916219e-01 -3.574987666047909490e-02 -3.753392537526283324e+00 5.905370440617658812e-01 4.348720785346198159e-02 8.058379917905066359e-01 5.536211690057288592e+01
8.036819603727811678e-01 -6.225100837152053963e-04 -5.950587468903348887e-01 -2.592626513757665307e+01 -2.586711272839414474e-02 9.990176462733095786e-01 -3.598103616991163434e-02 -3.808443498770963664e+00 5.944965975199377750e-01 4.430976124937028443e-02 8.028763586922194051e-01 5.619564237651324845e+01
8.001017003683909001e-01 -1.547074165277676156e-03 -5.998623748216854734e-01 -2.658137177525465589e+01 -2.612688619148450381e-02 9.989578484050406493e-01 -3.742463063436980014e-02 -3.859010768817355608e+00 5.992951363013824251e-01 4.561604649059328165e-02 7.992274537078232211e-01 5.705486966499061907e+01
7.961724834770914638e-01 -3.734209727706852729e-03 -6.050581998627420077e-01 -2.723391568062766055e+01 -2.570030645951896370e-02 9.988697999582073495e-01 -3.998270910483749802e-02 -3.923786767800601094e+00 6.045236773012798714e-01 4.738331386667062745e-02 7.951766798087166466e-01 5.791674997000492908e+01
7.920835408610686912e-01 -4.671406429889220051e-03 -6.103948190596429901e-01 -2.789565939826788821e+01 -2.518631283303082377e-02 9.988690257317855981e-01 -4.032764716882673850e-02 -3.977547380667736387e+00 6.098928755692230030e-01 4.731646032429805138e-02 7.910700601019642342e-01 5.875278031693257219e+01
7.874730417371974545e-01 -4.985349878318868187e-03 -6.163289280662920255e-01 -2.857580821076356514e+01 -2.458839509791882830e-02 9.989171443044685406e-01 -3.949619838422096380e-02 -4.034893413589764499e+00 6.158584457614879604e-01 4.625673055341686379e-02 7.864977411725186940e-01 5.961934124942462887e+01
7.826777620761299348e-01 -4.786689999208250217e-03 -6.224087089402818851e-01 -2.925756328538624373e+01 -2.478930963139181279e-02 9.989373277981856702e-01 -3.885492640424726557e-02 -4.094782390692879304e+00 6.219332897177950459e-01 4.583996891898579895e-02 7.817273742996926345e-01 6.044334348994735961e+01
7.771741262851497023e-01 -5.631882130718654164e-03 -6.292604006297801700e-01 -2.995361524152658816e+01 -2.468809638144279020e-02 9.989172379132194024e-01 -3.943158306278488762e-02 -4.152724640935827161e+00 6.288011461949258862e-01 4.618044740466322601e-02 7.761935920318649984e-01 6.128789687981542755e+01
7.717570974119072336e-01 -7.161309493007225573e-03 -6.358771033456802613e-01 -3.065275421884934559e+01 -2.402205687302161677e-02 9.988945792258453471e-01 -4.040495539848205919e-02 -4.213153857805855829e+00 6.354635549332561251e-01 4.645788690827371697e-02 7.707319525834287477e-01 6.211993950464054137e+01
7.664970330457292480e-01 -8.343172316464858920e-03 -6.421936483536684337e-01 -3.135070649842657176e+01 -2.354692944445233721e-02 9.988782851895642301e-01 -4.108179077163535975e-02 -4.276229304199515191e+00 6.418160537532623389e-01 4.661075913109689883e-02 7.654407867740643523e-01 6.292875776698217294e+01
7.607664872335092587e-01 -9.317984639391636500e-03 -6.489587961422101925e-01 -3.206217041230877385e+01 -2.359186477614202276e-02 9.988391159389807816e-01 -4.199814792052421197e-02 -4.329845302641629701e+00 6.485967795001288394e-01 4.726093149364913454e-02 7.596634978124061632e-01 6.377650980598555464e+01
7.545651162179944915e-01 -1.145405533394215983e-02 -6.561252028899311473e-01 -3.278132349864859663e+01 -2.224406464526188301e-02 9.988266371658286458e-01 -4.301802546108513675e-02 -4.397745239894369718e+00 6.558480721155589555e-01 4.705479266949639389e-02 7.534249537190835788e-01 6.458119946571440551e+01
7.484192621765577424e-01 -1.211632334560917151e-02 -6.631152195621063949e-01 -3.353649803316342570e+01 -2.199862977819931620e-02 9.988294450636919786e-01 -4.307899719770328512e-02 -4.457119535911957087e+00 6.628609772588938132e-01 4.682877736550841025e-02 7.472766547248056446e-01 6.542013572960195233e+01
7.421737759473401308e-01 -1.263333446441605376e-02 -6.700884096129023915e-01 -3.429414257875748007e+01 -2.070758061125639593e-02 9.989127260031630540e-01 -4.176795386272930122e-02 -4.518135502562758532e+00 6.698875199951850323e-01 4.487498961924819840e-02 7.411052248395507691e-01 6.623822128587519842e+01
7.361331808900317686e-01 -1.336415383970146128e-02 -6.767047589393589968e-01 -3.502765418609517667e+01 -1.947007611644119979e-02 9.989731767900479342e-01 -4.090853484822235681e-02 -4.582957127935626040e+00 6.765566224113667149e-01 4.328962285731262349e-02 7.351171021031158714e-01 6.703235190250933329e+01
7.291706276391841657e-01 -1.466694460106559954e-02 -6.841747347970985604e-01 -3.580923079049238567e+01 -1.876136004460396758e-02 9.989660567542971714e-01 -4.141049207173574248e-02 -4.640674328792128378e+00 6.840747141464762482e-01 4.303136282909578864e-02 7.281415357171837632e-01 6.785647011028520126e+01
7.228423463165458696e-01 -1.660279759838339045e-02 -6.908134918606766428e-01 -3.659142532310536211e+01 -1.807478638172483817e-02 9.989149812676371143e-01 -4.292041851585960688e-02 -4.712127444654253594e+00 6.907765572207097415e-01 4.351100212147118035e-02 7.217579577713020278e-01 6.864679680080521962e+01
7.170429614229031356e-01 -1.525242912785764599e-02 -6.968620708472920144e-01 -3.737526011757915967e+01 -2.050507191144549865e-02 9.988662883887268196e-01 -4.296137778349507635e-02 -4.772335290751183123e+00 6.967273076150957145e-01 4.509436023805950960e-02 7.159172903049041414e-01 6.944159221467828047e+01
7.115851545796034738e-01 -1.566359186845841384e-02 -7.024252347708639377e-01 -3.819742101171598847e+01 -1.967409188002239295e-02 9.989152135417610490e-01 -4.220576141585276331e-02 -4.831977391680809752e+00 7.023243593268566620e-01 4.385257166354099984e-02 7.105050706717257469e-01 7.025785039340985350e+01
7.069466311744541098e-01 -1.539652935897160499e-02 -7.070992845502398483e-01 -3.899710003065742114e+01 -2.035313073772814993e-02 9.989061083985120160e-01 -4.209912954044953831e-02 -4.888432892847082378e+00 7.069739872628443278e-01 4.415352178033028069e-02 7.058599416007731442e-01 7.104589938857434106e+01
7.020399490001383302e-01 -1.564254261385031666e-02 -7.119657375223161777e-01 -3.982073052145241832e+01 -2.094826118470341156e-02 9.988724689531873757e-01 -4.260236092652380097e-02 -4.961493769653189112e+00 7.118293955760380820e-01 4.482300331199667864e-02 7.009206940837845456e-01 7.184053547453355293e+01
6.966674481129087049e-01 -1.786688318898399866e-02 -7.171716890922328336e-01 -4.065019941517444124e+01 -2.080180286480424676e-02 9.987663583845045601e-01 -4.508931570780901760e-02 -5.032453619790985044e+00 7.170925741584112112e-01 4.633072241482388831e-02 6.954363477722944609e-01 7.263813287963414211e+01
6.915922275868739977e-01 -1.991584557259079916e-02 -7.220135318179643491e-01 -4.148574539773589720e+01 -2.081356138288789626e-02 9.986551633702336339e-01 -4.748326409546158727e-02 -5.093619502411583788e+00 7.219882233819370221e-01 4.786672917099724089e-02 6.902476303559046400e-01 7.341653699382426623e+01
6.866855306197854336e-01 -2.046056646949852981e-02 -7.266665930348453761e-01 -4.234066325571500755e+01 -2.165793623885489336e-02 9.985843009262128644e-01 -4.858320466380397495e-02 -5.155087375651923765e+00 7.266319042333251321e-01 4.909948223891279911e-02 6.852702579162471830e-01 7.420342332255050621e+01
6.818263143285124839e-01 -2.010866204852498201e-02 -7.312376555267295908e-01 -4.320464818491775816e+01 -2.113707173189001420e-02 9.986631423995722123e-01 -4.717151942396783509e-02 -5.235116775149954549e+00 7.312086636652241900e-01 4.761900581675465594e-02 6.804897724227568778e-01 7.498906746030087334e+01
6.770443735654286810e-01 -2.053863734446649200e-02 -7.356555379717297782e-01 -4.406661087901067475e+01 -2.016616003083374076e-02 9.987173877473998207e-01 -4.644249597561700416e-02 -5.299543469678928531e+00 7.356658554393975535e-01 4.627897769400608763e-02 6.757618037321631022e-01 7.576730994333890123e+01
6.717915424432262528e-01 -2.111504776383339721e-02 -7.404392399701605898e-01 -4.492328830423536346e+01 -1.970860869754050351e-02 9.987302573821833507e-01 -4.636209403571239784e-02 -5.374381461739779375e+00 7.404780233172904014e-01 4.573868969263714113e-02 6.705223929076201683e-01 7.653053018969664834e+01
6.669924185243060188e-01 -2.183326952480945521e-02 -7.447445278022669646e-01 -4.580984193082655764e+01 -1.927785035551686163e-02 9.987301830762487231e-01 -4.654445109710961259e-02 -5.438165163519444789e+00 7.448150689941613889e-01 4.540186934472210251e-02 6.657245627967938173e-01 7.731458178877068121e+01
6.623482744633490960e-01 -2.274290253351546678e-02 -7.488507950944045533e-01 -4.670682006214531157e+01 -1.815169257983645715e-02 9.987585815167692171e-01 -4.638762691146346845e-02 -5.512141977148658611e+00 7.489761600784757833e-01 4.431767382780197467e-02 6.611132019400830506e-01 7.810065152086824014e+01
6.584574926303431441e-01 -2.342524507143484147e-02 -7.522532670709038971e-01 -4.758722006060060039e+01 -1.710275679069197391e-02 9.987916686138130773e-01 -4.607275163326340905e-02 -5.577771765818930305e+00 7.524235743216010075e-01 4.320255294401052770e-02 6.572612225534193442e-01 7.886454216855841537e+01
6.544509970854248682e-01 -2.602817704176176375e-02 -7.556562815553617973e-01 -4.850166752112309609e+01 -1.444841403718423976e-02 9.987943266320010727e-01 -4.691627050949662148e-02 -5.649911735474623775e+00 7.559663649449323009e-01 4.162243457790054668e-02 6.532858781211111632e-01 7.964372368196795549e+01
6.503458423757151330e-01 -3.029261163652345601e-02 -7.590340126372001617e-01 -4.940699728194234552e+01 -1.164573111518323045e-02 9.986895526044812232e-01 -4.983527341692681883e-02 -5.733099461414255416e+00 7.595489921869353900e-01 4.124966862320540023e-02 6.491408198071759728e-01 8.041781965329489879e+01
6.456156238260591929e-01 -3.464224421132051923e-02 -7.628763795302485606e-01 -5.031751172916951731e+01 -7.612861604777629299e-03 9.986289556058147721e-01 -5.179047562197150456e-02 -5.800359335068414168e+00 7.636245936351286900e-01 3.924441224158245478e-02 6.444667305956031100e-01 8.118569274809595981e+01
6.390398931316021436e-01 -3.859656465007071241e-02 -7.682046011989803747e-01 -5.124302020374393152e+01 -1.976736734350578815e-03 9.986545196356126919e-01 -5.181932953334679459e-02 -5.878222820931648940e+00 7.691710583799122869e-01 3.463315673350186863e-02 6.381037833265365000e-01 8.194498043800953724e+01
6.306850263641398113e-01 -4.200508933200747946e-02 -7.749012575384620627e-01 -5.216523909095121070e+01 2.494870858234342261e-03 9.986386168627986448e-01 -5.210267278186135609e-02 -5.963542057875685032e+00 7.760349108661860340e-01 3.092709662614140723e-02 6.299312207578825484e-01 8.270816943215052675e+01
6.217845586887242870e-01 -4.298518159344441592e-02 -7.820078167739125119e-01 -5.310577181107569800e+01 4.930926260567850689e-03 9.986877597680399177e-01 -5.097493926695199906e-02 -6.045566570445260801e+00 7.831728152110444263e-01 2.783940683773097197e-02 6.211805858266293834e-01 8.344887598732557876e+01
6.129288463233187878e-01 -4.230707017183116952e-02 -7.890046449334227052e-01 -5.406460233051398490e+01 6.866731956976174570e-03 9.988129990285368187e-01 -4.822282592134539275e-02 -6.110952662076217123e+00 7.901082757922724964e-01 2.413927721002537621e-02 6.124918115992048495e-01 8.419981279156429821e+01
6.041401828412071850e-01 -4.197735006791936813e-02 -7.957716569114632321e-01 -5.506260476442223251e+01 6.252283059693397767e-03 9.988305457812177712e-01 -4.794215001675160986e-02 -6.196089883013537580e+00 7.968535365799626069e-01 2.398838918126913050e-02 6.036961239410562063e-01 8.493215117934113323e+01
5.946217037435943542e-01 -4.268614627042805615e-02 -8.028716650542229161e-01 -5.605111646852409280e+01 4.142865362456698251e-03 9.987390472170599720e-01 -5.003151217231621012e-02 -6.260436755402071007e+00 8.039949481372341555e-01 2.642363336863712969e-02 5.940487579285140818e-01 8.564547323341334106e+01
5.845144260572824324e-01 -4.495111237858761405e-02 -8.101371928397366196e-01 -5.704335190495267227e+01 5.333593492019549423e-03 9.986555004623097753e-01 -5.156301148327188666e-02 -6.352136284744943850e+00 8.113657925072775834e-01 2.581838116533352601e-02 5.839682987725073327e-01 8.635849959625593897e+01
5.745851660287768503e-01 -4.619355199929734562e-02 -8.171401535455166121e-01 -5.803612960692884570e+01 5.069681468975166354e-03 9.985876825327260065e-01 -5.288609079516185668e-02 -6.416050802700508982e+00 8.184291027655122841e-01 2.624492252724082084e-02 5.740078570969979754e-01 8.706173411613293922e+01
5.646051392679261038e-01 -4.748703660736937338e-02 -8.239939354631190538e-01 -5.906527992773103364e+01 8.259412268344645813e-03 9.986185824821764978e-01 -5.189131720351671667e-02 -6.497394544280704842e+00 8.253198349558641400e-01 2.249239827903458389e-02 5.642174000008636225e-01 8.774246961912248821e+01
5.543156080585683876e-01 -4.756666352290478406e-02 -8.309462116188804925e-01 -6.010437835527376649e+01 9.954270368781076295e-03 9.986730554412771577e-01 -5.052762418584441639e-02 -6.581151951187773186e+00 8.322470369559277215e-01 1.973678696351065243e-02 5.540535545682999663e-01 8.844219794846570437e+01
5.438915857153121536e-01 -4.813218955812648830e-02 -8.377739686484346748e-01 -6.115821370903130827e+01 1.051156279011081739e-02 9.986661304130491912e-01 -5.055162689171141532e-02 -6.666119101186544604e+00 8.390896624313634033e-01 1.868829031232269178e-02 5.436720509734123130e-01 8.912198049724430859e+01
5.334571617927268417e-01 -4.865299698223624764e-02 -8.444266276342509148e-01 -6.220448069096191546e+01 8.874340330639921351e-03 9.986112792993386833e-01 -5.193032745472538070e-02 -6.745515420601033263e+00 8.457805355878410536e-01 2.020887530340494467e-02 5.331481032217380012e-01 8.977661462187700181e+01
5.232606054162343145e-01 -4.949532772505218364e-02 -8.507341172277135266e-01 -6.328245175399274558e+01 8.341992231115131703e-03 9.985615277339644491e-01 -5.296495506562838573e-02 -6.821289096626699688e+00 8.521318923393786937e-01 2.061765654269002296e-02 5.229208003747121136e-01 9.041831863294208915e+01
5.136388338174405765e-01 -4.972837943375713055e-02 -8.565641968760633329e-01 -6.433955758698814975e+01 6.165608536671241674e-03 9.985071663250129070e-01 -5.427176099726947756e-02 -6.911341989878986070e+00 8.579843505569322293e-01 2.259484400319398262e-02 5.131786633860648816e-01 9.105542550018522263e+01
