1 0 0 0 0 1 0 0 0 0 1 0
0.99992933 -0.0019931728 0.01172036 0.01785578 0.0019828635 0.99999764 0.00089117267 -0.0094882209 -0.01172211 -0.00086786982 0.99993092 0.32226309
0.99983236 -0.0033343178 0.018003948 0.028482456 0.0033082396 0.99999344 0.0014780691 -0.016085954 -0.01800876 -0.00141826 0.99983682 0.60508168
0.99976444 -0.0067245002 0.020636179 0.064267595 0.0067335785 0.99997726 -0.00037044523 -0.016404327 -0.020633221 0.00050931333 0.99978698 0.90919664
0.99979988 -0.0076724519 0.018475193 0.038731015 0.0076981889 0.99996949 -0.0013223115 -0.022590505 -0.018464486 0.0014642725 0.99982844 1.2276419
0.9998786 -0.010988413 0.011047052 0.043217321 0.011026245 0.99993353 -0.0033695174 -0.023371032 -0.011009293 0.0034909159 0.9999333 1.5307607
0.99993291 -0.011583671 -1.6194357e-05 0.028717821 0.011583478 0.99992253 -0.0045560551 -0.034299439 6.896895e-05 0.004555562 0.99998962 1.8744423
0.99981638 -0.01109552 -0.015623336 0.025946973 0.011020391 0.99992733 -0.0048867332 -0.041784909 0.015676423 0.0047136607 0.99986601 2.1910196
0.9993674 -0.0072103659 -0.034825313 -0.025364024 0.0070274404 0.99996088 -0.0053722234 -0.044244151 0.034862689 0.0051240922 0.99937898 2.5415849
0.99849298 -0.0036388769 -0.054758868 -0.070133753 0.0033035784 0.99997525 -0.0062124583 -0.054216353 0.054780124 0.0060221959 0.99848028 2.8843851
0.99725881 -0.0028835316 -0.073936059 -0.090276352 0.0024068825 0.99997575 -0.0065350649 -0.054652173 0.073953116 0.0063391958 0.99724157 3.219673
0.99535965 -0.003974665 -0.096142446 -0.16432104 0.0034056861 0.99997571 -0.0060814569 -0.063294465 0.09616429 0.0057258059 0.99534901 3.6169691
0.99338673 -0.0049658446 -0.11470894 -0.21929441 0.0043907198 0.9999765 -0.0052658963 -0.072347165 0.1147324 0.0047274167 0.99338519 4.0184657
0.99130385 -0.0043344135 -0.13152143 -0.27795024 0.0037493078 0.99998194 -0.004696057 -0.078965888 0.13153942 0.0041621051 0.9913022 4.4080147
0.98903564 -0.003393454 -0.14763803 -0.3737795 0.0028105012 0.99998741 -0.0041569613 -0.084713713 0.14765029 0.0036964459 0.98903272 4.8328302
0.98680279 -0.0026527761 -0.16190496 -0.44176693 0.0020073119 0.99998937 -0.0041501324 -0.093745579 0.16191427 0.0037703684 0.98679763 5.2180953
0.98461017 -0.0041750781 -0.17471513 -0.54556291 0.0033449737 0.99998168 -0.0050453944 -0.10027955 0.17473301 0.0043833291 0.9846061 5.6597636
0.98305794 -0.0066709695 -0.18317366 -0.61197894 0.0054930228 0.99996085 -0.0069374001 -0.11252179 0.18321278 0.0058136891 0.98305609 6.1099515
0.98153605 -0.0064458952 -0.19116859 -0.73680551 0.004839574 0.99994896 -0.0088683511 -0.12382963 0.19121601 0.0077794318 0.98151715 6.5822125
0.98002099 -0.0063081273 -0.198794 -0.83297181 0.0042499131 0.99993288 -0.010778495 -0.12789795 0.19884867 0.0097182939 0.97998202 7.0561446
0.97795509 -0.0067391995 -0.20870656 -0.92522083 0.0041258755 0.99990758 -0.012954341 -0.13679689 0.20877459 0.011807666 0.97789251 7.451889
0.97635912 -0.010642771 -0.21589258 -1.0561652 0.0075890437 0.99985916 -0.014968743 -0.15088008 0.2160215 0.01297645 0.97630238 7.9946938
0.97456872 -0.016443122 -0.22348473 -1.1882126 0.013151552 0.99978213 -0.016208934 -0.16393457 0.22370259 0.012857549 0.97457265 8.52486
0.97272673 -0.016922623 -0.23133595 -1.3245707 0.013052584 0.99974826 -0.018249504 -0.19022606 0.23158657 0.014732248 0.97270274 9.0528299
0.97063725 -0.013482629 -0.24016982 -1.4590774 0.0082564938 0.99970702 -0.022753147 -0.19227318 0.24040624 0.020102092 0.97046419 9.5791138
0.96850355 -0.010400876 -0.24878242 -1.612938 0.0040830754 0.99965627 -0.025897439 -0.20910305 0.24896629 0.024065964 0.96821311 10.104483
0.96627843 -0.012814046 -0.25718046 -1.7634739 0.0058454511 0.99959523 -0.027842418 -0.2340602 0.25743316 0.025400192 0.96596222 10.680468
0.96378957 -0.014873441 -0.26624884 -1.9553446 0.0073098098 0.99954168 -0.029376676 -0.26047534 0.26656377 0.026366705 0.96345657 11.231347
0.96162479 -0.014932903 -0.27396125 -2.1001463 0.0062917734 0.9994554 -0.032393071 -0.28706079 0.27429579 0.029426278 0.96119505 11.804009
0.95932269 -0.01400578 -0.28196419 -2.2841664 0.0040829184 0.99935247 -0.035748776 -0.30696076 0.28228233 0.033143375 0.95875868 12.399017
0.95695327 -0.015544922 -0.28982544 -2.4846196 0.0038421552 0.99915569 -0.040904048 -0.33925313 0.29021662 0.038029709 0.95620503 12.964781
0.95536302 -0.016153404 -0.29499246 -2.6796123 0.0020111378 0.99883656 -0.048181717 -0.38225261 0.29542758 0.045437761 0.954284 13.597573
0.95377866 -0.016322159 -0.3000664 -2.9003905 -0.00057553904 0.99842281 -0.056138748 -0.41273022 0.30050947 0.053716641 0.95226498 14.209052
0.95262968 -0.016564389 -0.30368126 -3.1099491 -0.0032929328 0.99789542 -0.064760245 -0.45893808 0.30411488 0.062692534 0.95057025 14.811535
0.95113328 -0.016200614 -0.30835534 -3.3305455 -0.0068923271 0.99726 -0.073654457 -0.50752605 0.30870372 0.072180492 0.94841552 15.466849
0.94993361 -0.015056388 -0.31208882 -3.5655952 -0.01070853 0.99668266 -0.080678417 -0.56267882 0.31226827 0.079981154 0.94662112 16.103547
0.94828078 -0.014130896 -0.31711808 -3.8007993 -0.014341715 0.99608129 -0.087271884 -0.62925501 0.31710864 0.087306269 0.94436208 16.788068
0.94666142 -0.012703006 -0.32197947 -4.0576404 -0.018347558 0.9954766 -0.093218581 -0.69757348 0.32170721 0.094153973 0.94214623 17.432331
0.94500961 -0.010339263 -0.32687907 -4.2774922 -0.02316522 0.99487344 -0.098438887 -0.77137508 0.32622112 0.10059792 0.93992545 18.078614
0.94335163 -0.0084577373 -0.33168683 -4.5556298 -0.026875096 0.99444251 -0.101793 -0.84906318 0.33070446 0.10494071 0.93788167 18.817257
0.94212034 -0.0073752105 -0.33519375 -4.809161 -0.028968706 0.99422857 -0.10329742 -0.92988526 0.33402108 0.10702873 0.93646932 19.538305
0.93989511 -0.0060184096 -0.34141025 -5.052982 -0.030686267 0.99431034 -0.10200642 -1.017354 0.34008169 0.10635194 0.93436274 20.268088
0.9372244 -0.0067370357 -0.34866175 -5.3642041 -0.030368624 0.99443827 -0.10084782 -1.0990684 0.34740203 0.10510542 0.93180722 20.933671
0.93465375 -0.0067352457 -0.35549542 -5.6333909 -0.030441021 0.99463378 -0.098878672 -1.1828374 0.35425375 0.10323897 0.92943316 21.65256
0.93188882 -0.0069108122 -0.36267817 -5.9283372 -0.029767992 0.99498929 -0.095447271 -1.2655444 0.36152054 0.099742447 0.92701368 22.344159
0.92834669 -0.0024644465 -0.37170733 -6.2582855 -0.033585579 0.99533181 -0.090479789 -1.3531661 0.37019514 0.09648062 0.92393022 23.195719
0.92539273 -0.0011648429 -0.37900783 -6.5845497 -0.033451232 0.99584179 -0.08473578 -1.4308506 0.37753057 0.091092155 0.92150578 23.908431
0.92175729 0.0017848866 -0.3877632 -6.9210049 -0.035894307 0.99608869 -0.08073982 -1.5037173 0.38610246 0.08834101 0.91821608 24.638394
0.91750793 0.002557907 -0.39770923 -7.2259284 -0.036999434 0.99619173 -0.078949904 -1.5831136 0.39599273 0.087152181 0.91410845 25.382315
0.91380558 0.0032330342 -0.406139 -7.6242764 -0.038224868 0.99621441 -0.078074992 -1.6577771 0.40434915 0.086869975 0.91046987 26.150253
0.91079082 0.0053174585 -0.41283386 -7.9696256 -0.040753948 0.99619167 -0.077079704 -1.7270468 0.41085181 0.087028097 0.90753893 26.892856
0.90735798 0.0045402787 -0.42033423 -8.3630824 -0.039965407 0.99634385 -0.075509552 -1.8017623 0.41845462 0.085313025 0.904222 27.698303
0.90357322 0.0051867954 -0.42840228 -8.7467528 -0.040347139 0.996513 -0.073033884 -1.8791811 0.42652967 0.083276269 0.90063174 28.489936
0.89972275 0.0046227359 -0.43643738 -9.1547886 -0.038553937 0.99687689 -0.068920661 -1.9467263 0.43475577 0.078835867 0.89709104 29.232883
0.89589419 0.0075230139 -0.44420377 -9.545755 -0.039730969 0.99720699 -0.063242911 -2.0129392 0.44248737 0.074307603 0.89369085 30.046656
0.8918474 0.0054933918 -0.45230303 -9.9667329 -0.03605115 0.99760863 -0.058969022 -2.0767802 0.4508975 0.068897414 0.8899127 30.844564
0.88849658 0.0039030735 -0.45886663 -10.411687 -0.033884916 0.99779191 -0.057123732 -2.1450264 0.45763049 0.066302898 0.88666695 31.680303
0.88545067 0.0056473093 -0.46469903 -10.836528 -0.035810157 0.9977823 -0.056108013 -2.2085295 0.46335165 0.066321824 0.88368924 32.507193
0.88278506 0.004972436 -0.46975077 -11.271557 -0.034471442 0.99793396 -0.054217492 -2.2610805 0.46851069 0.06405538 0.8811326 33.321078
0.87972818 0.0034247653 -0.4754646 -11.773015 -0.03243681 0.99807673 -0.052827055 -2.3261849 0.47436928 0.061896004 0.87814731 34.164285
0.87628248 0.0032938757 -0.48178641 -12.240942 -0.032636818 0.99808553 -0.052536766 -2.3851039 0.48069104 0.061761023 0.87471237 34.975036
0.87384779 0.0033832935 -0.4861878 -12.676533 -0.033284999 0.99804603 -0.052879438 -2.444036 0.48505894 0.062391341 0.87225293 35.799042
0.87285989 0.0024116433 -0.48796493 -13.192467 -0.032620468 0.99803928 -0.053418145 -2.5016511 0.48687938 0.062544202 0.87122713 36.677448
0.87314999 0.0021558352 -0.48744684 -13.718578 -0.031842454 0.99810659 -0.052624165 -2.5639138 0.48641049 0.061470293 0.8715654 37.553364
0.87256516 0.001471441 -0.4884955 -14.222915 -0.030275802 0.99823592 -0.051072657 -2.6241824 0.48755865 0.059353815 0.87107044 38.443704
0.87193632 0.0012658017 -0.48961764 -14.699156 -0.029743232 0.99828676 -0.050387419 -2.686704 0.48871506 0.058497433 0.87048013 39.315993
0.87166656 9.9506707e-05 -0.49009936 -15.193749 -0.028685063 0.99829604 -0.050815147 -2.7537386 0.48925923 0.058352395 0.87018413 40.227887
0.8713124 -0.0014704336 -0.49072652 -15.778219 -0.027505955 0.99827707 -0.051829638 -2.8206905 0.48995729 0.058657708 0.86977075 41.163717
0.86942359 -0.0033457827 -0.49405607 -16.270536 -0.024564238 0.99844765 -0.049988891 -2.8784343 0.49345642 0.055597632 0.86799176 42.071937
0.86720786 -0.0018239219 -0.49794294 -16.838274 -0.024428568 0.99863337 -0.046202229 -2.9449685 0.49734675 0.052230969 0.86597815 42.996271
0.86407783 -0.00058960705 -0.50335786 -17.325771 -0.023574732 0.99885456 -0.041639031 -3.0103445 0.50280589 0.047845891 0.86307418 43.900086
0.86035919 -0.0030852696 -0.50967885 -17.891896 -0.019870923 0.99901839 -0.039590363 -3.07031 0.50930073 0.044189722 0.85945335 44.789063
0.85531706 -0.0069264973 -0.51805861 -18.456607 -0.017200102 0.99897986 -0.041753906 -3.1319933 0.51781937 0.044623489 0.85432539 45.724251
0.84979603 -0.0085231615 -0.52704273 -19.008102 -0.018014916 0.99881553 -0.045199502 -3.1959594 0.52680375 0.047904988 0.84863593 46.603555
0.84371677 -0.0091742453 -0.53671018 -19.604314 -0.017753513 0.99883002 -0.044982279 -3.2503774 0.53649497 0.047480795 0.84256676 47.512198
0.83780023 -0.0051408845 -0.54595267 -20.178023 -0.019697625 0.99902008 -0.039634425 -3.313124 0.54562148 0.043959702 0.83687799 48.397482
0.83276377 -0.0037826208 -0.55361554 -20.785068 -0.01837564 0.99923684 -0.034468505 -3.3675097 0.55332347 0.038877162 0.83205873 49.23792
0.82858597 -0.0025705041 -0.55985592 -21.388993 -0.021223589 0.99912646 -0.035998237 -3.4234072 0.55945944 0.041709786 0.82780762 50.13061
0.82482887 -0.0031693789 -0.56537356 -21.980709 -0.023996709 0.99888693 -0.040608598 -3.4839266 0.56487302 0.047062249 0.82383472 51.033044
0.82279636 -0.0069603196 -0.56829365 -22.582496 -0.024372656 0.99857299 -0.047517895 -3.5406948 0.56781348 0.052948377 0.82145258 51.846743
0.81890825 -0.0060964899 -0.57389204 -23.231505 -0.027004768 0.99842674 -0.049140469 -3.6099311 0.57328879 0.055739358 0.81745527 52.731439
0.81640991 -0.0061816878 -0.57743971 -23.840821 -0.024559599 0.99866628 -0.04541451 -3.6698695 0.57695036 0.051258545 0.81516923 53.585105
0.81397201 -0.0044979091 -0.58088666 -24.501012 -0.022689582 0.99896078 -0.039529085 -3.732071 0.58046083 0.045355645 0.81302406 54.477736
0.81181335 -0.0029592553 -0.5839095 -25.161892 -0.022677575 0.99907294 -0.036592089 -3.7943978 0.58347652 0.042947598 0.81099364 55.373838
0.80775107 -0.0020223985 -0.58952022 -25.755053 -0.024600746 0.99900742 -0.03713472 -3.8458295 0.58901023 0.044498247 0.80689955 56.21285
0.8036334 -0.0024185861 -0.59511971 -26.433395 -0.025635659 0.99892286 -0.038677346 -3.9027065 0.59457228 0.046338694 0.80270578 57.033289
0.79914955 -0.0032769675 -0.6011233 -27.073249 -0.026773341 0.99879881 -0.041038059 -3.9700969 0.60053577 0.048889626 0.79810189 57.898003
0.79668936 -0.0058005563 -0.60436114 -27.74787 -0.024577702 0.99881587 -0.041985624 -4.0147175 0.60388909 0.048303308 0.79560341 58.685649
0.79190058 -0.0064408431 -0.61061605 -28.379164 -0.02326374 0.99890027 -0.040706968 -4.0809076 0.61020677 0.046441085 0.79087986 59.619942
0.78717882 -0.0051087392 -0.61670363 -29.064215 -0.024840061 0.99889162 -0.039981352 -4.1424967 0.6162244 0.04679143 0.78617942 60.436152
0.78205014 -0.00757243 -0.62316948 -29.782717 -0.022926558 0.99889977 -0.040909922 -4.2024468 0.62279369 0.046280742 0.7810161 61.266934
0.77663912 -0.0092851945 -0.62987731 -30.450794 -0.021921247 0.99888742 -0.041753784 -4.2625409 0.62956427 0.046235318 0.77557151 62.130176
0.7711452 -0.0087435304 -0.63659924 -31.140405 -0.023790192 0.99881162 -0.042536699 -4.3239308 0.63621469 0.04794679 0.77002078 62.928846
0.76674909 -0.012035929 -0.64183404 -31.892684 -0.020981646 0.99882017 -0.04379541 -4.3800485 0.64160396 0.047046826 0.76559192 63.795982
0.76037705 -0.011298562 -0.64938359 -32.596539 -0.023319581 0.99872904 -0.044682181 -4.4539289 0.64906315 0.049118659 0.75914716 64.586889
0.75295196 -0.013503587 -0.65793689 -33.307379 -0.021135912 0.99877741 -0.044687269 -4.5129464 0.657736 0.047553464 0.75174601 65.466333
0.74934544 -0.01344585 -0.66204274 -34.035049 -0.020356057 0.99885356 -0.043326737 -4.5773434 0.66186636 0.045943273 0.74821265 66.292116
0.7428535 -0.01341439 -0.66931957 -34.799059 -0.02018093 0.99889612 -0.042417787 -4.644646 0.66914979 0.045017693 0.74176277 67.079949
0.73609164 -0.015897171 -0.67669516 -35.54107 -0.017842031 0.99892111 -0.042875123 -4.7035323 0.67664673 0.043633637 0.73501384 67.871265
0.72899728 -0.017537248 -0.68429187 -36.347342 -0.017739017 0.99885202 -0.044496817 -4.7729165 0.68428673 0.044576724 0.72784932 68.694253
0.72453185 -0.017718815 -0.6890135 -37.088641 -0.018035501 0.9988398 -0.044651595 -4.8328825 0.68900534 0.044778206 0.72337168 69.534593
0.71801453 -0.017415099 -0.69581018 -37.89039 -0.01779674 0.99890074 -0.043365667 -4.8981435 0.69580058 0.043520332 0.71691532 70.353061
0.71522689 -0.014233611 -0.69874735 -38.688812 -0.022738117 0.99878941 -0.043619903 -4.9642788 0.69852238 0.047086327 0.7140374 71.122831
0.70930325 -0.017017756 -0.70469798 -39.537421 -0.020085416 0.9988147 -0.044337058 -5.0261984 0.70461728 0.045602572 0.70812071 71.921225
0.70342424 -0.017380931 -0.71055767 -40.316236 -0.022630539 0.99864643 -0.046831208 -5.1036197 0.71040991 0.049022511 0.70207877 72.73846
0.70025066 -0.01954399 -0.71362946 -41.191031 -0.022807168 0.99850249 -0.049725323 -5.1711189 0.71353268 0.051096058 0.69875629 73.505877
0.69540954 -0.021383656 -0.71829539 -42.043402 -0.02163477 0.99848108 -0.05067024 -5.2353692 0.71828793 0.050776724 0.69389064 74.305717
0.69092333 -0.019241167 -0.72267191 -42.865135 -0.023448781 0.99852327 -0.049004343 -5.3139359 0.72254768 0.05080402 0.68945184 75.106252
0.68551192 -0.019959452 -0.72778773 -43.714565 -0.021715274 0.9986189 -0.047840823 -5.3831626 0.72773752 0.048599565 0.68413173 75.88168
0.67955778 -0.021612032 -0.73330355 -44.574542 -0.020186923 0.99863662 -0.048139336 -5.4584574 0.73334423 0.047516603 0.67819501 76.668158
0.67586591 -0.0216128 -0.73670761 -45.43891 -0.020640436 0.99862285 -0.048232435 -5.5260699 0.73673556 0.047804626 0.67448905 77.410704
0.67357545 -0.02239744 -0.738779 -46.353639 -0.019604796 0.99864768 -0.048150339 -5.6025574 0.73885845 0.046916498 0.67222547 78.202705
0.66704145 -0.024638893 -0.74461304 -47.194175 -0.016630594 0.99871152 -0.047944958 -5.6701233 0.744835 0.044364631 0.66577222 79.015265
0.66494525 -0.027290816 -0.74639331 -48.098633 -0.013470608 0.99873147 -0.048517869 -5.742639 0.74677065 0.042316099 0.66373413 79.801081
0.66003385 -0.031747549 -0.7505647 -49.012969 -0.011113315 0.99858466 -0.052011211 -5.8251897 0.75115369 0.042670421 0.65874686 80.592643
0.65507537 -0.035618191 -0.7547235 -49.90363 -0.007697023 0.99852181 -0.053804698 -5.898044 0.75552436 0.041055257 0.65383289 81.362082
0.65001751 -0.037626155 -0.75898712 -50.811824 -0.0049815843 0.99854102 -0.053768206 -5.9901668 0.75990293 0.038731234 0.64888171 82.156126
0.64096956 -0.042698488 -0.76637772 -51.695881 0.002132214 0.99854674 -0.053850406 -6.0635519 0.76756337 0.03288239 0.64012911 82.899376
0.6321917 -0.044503631 -0.77353283 -52.620543 0.0057400792 0.99859069 -0.052760633 -6.1364134 0.77479078 0.028914694 0.6315562 83.639974
0.62430288 -0.04274095 -0.78001222 -53.598209 0.0057770422 0.99872741 -0.050101695 -6.2183291 0.78116105 0.026772469 0.62375532 84.40837
0.61466543 -0.043237478 -0.78760198 -54.56022 0.0067617183 0.99874866 -0.049551905 -6.2947835 0.78875898 0.025132301 0.61418864 85.091782
0.60567788 -0.042997159 -0.79454735 -55.533442 0.0029537783 0.99865359 -0.051790783 -6.3743791 0.79570449 0.029021615 0.6049894 85.845989
0.59570409 -0.045240084 -0.80192888 -56.50524 0.003807911 0.99856036 -0.053504204 -6.4622188 0.80319499 0.028818999 0.59501876 86.565776
0.58442076 -0.047049782 -0.81008557 -57.528888 0.0041634449 0.99847834 -0.054987999 -6.5298517 0.81144013 0.028763382 0.58372736 87.315717
0.57872939 -0.047703917 -0.81412319 -58.508672 0.006700468 0.99853214 -0.053746333 -6.620119 0.81549215 0.025649576 0.57819954 88.025014
0.56723349 -0.04762269 -0.82217893 -59.516086 0.0084069467 0.99860951 -0.052041919 -6.6988959 0.82351415 0.022607905 0.56684512 88.70687
0.55592555 -0.04849881 -0.829816 -60.546919 0.0089036621 0.9985866 -0.052397747 -6.7814207 0.83118444 0.021740845 0.55557162 89.378379
0.54520363 -0.050054828 -0.83680789 -61.616821 0.0086872215 0.99849954 -0.054066672 -6.8630146 0.83825866 0.02220781 0.54482042 90.062405
0.53579882 -0.050093825 -0.84285833 -62.687444 0.0067814359 0.99846162 -0.055030928 -6.9486063 0.84431848 0.023769716 0.53531427 90.705486
0.5272336 -0.050486197 -0.8482192 -63.762019 0.0049608334 0.99839924 -0.056341406 -7.0350056 0.84970594 0.025497208 0.52664008 91.349497
0.51829248 -0.050159586 -0.85373114 -64.823477 0.0035803471 0.99839699 -0.056485597 -7.1217338 0.85519597 0.026219406 0.51764125 91.950832
0.50824539 -0.048981365 -0.85981823 -65.92217 0.0037392329 0.99849741 -0.054671228 -7.2053065 0.86120422 0.024571339 0.50766486 92.598886
0.50117579 -0.046651375 -0.86408704 -66.984753 0.0035070133 0.99864706 -0.051882075 -7.2965795 0.86533843 0.022971675 0.50066134 93.225742
0.4928266 -0.047967803 -0.86880433 -68.153782 0.0055945899 0.99863338 -0.051962317 -7.3747218 0.8701096 0.020747808 0.49242145 93.867679
0.48604129 -0.050491742 -0.87247601 -69.254099 0.0066749229 0.99851498 -0.054067358 -7.4651418 0.87391039 0.020455258 0.48565654 94.456382
0.48024607 -0.054341493 -0.87544883 -70.323587 0.0094134949 0.99834087 -0.056805764 -7.5459898 0.87708333 0.019039711 0.47996082 95.084637
0.47307256 -0.056686981 -0.87919786 -71.496841 0.009810655 0.99820497 -0.059081212 -7.6459218 0.88096888 0.019324193 0.47277952 95.668639
0.46709763 -0.060482411 -0.88213469 -72.555057 0.012294636 0.99800558 -0.061916836 -7.7316653 0.8841203 0.018075682 0.46690965 96.241874
0.46270809 -0.06149344 -0.88437532 -73.75766 0.014052809 0.99797473 -0.062039893 -7.8380028 0.88639935 0.016278403 0.46263514 96.82915
0.45897211 -0.059609582 -0.88644866 -74.859795 0.0168674 0.99815147 -0.058387731 -7.9296518 0.88829058 0.011846255 0.45912915 97.382915
0.45554279 -0.057309575 -0.88836722 -75.912737 0.019484052 0.99832845 -0.054412139 -8.0326346 0.89000068 0.0074780645 0.45589795 98.051804
0.45222315 -0.056791734 -0.89009486 -77.089921 0.021066086 0.99837242 -0.052997418 -8.1136012 0.89165605 0.0052158443 0.4526835 98.563872
0.44853017 -0.056965935 -0.89195039 -78.216009 0.02305975 0.99837211 -0.052166811 -8.2022696 0.8934702 0.002830235 0.44911363 99.087218
0.44685167 -0.056544652 -0.89281925 -79.300636 0.025040032 0.99840003 -0.050698954 -8.2932782 0.8942576 0.00029868893 0.4475526 99.667055
0.44561599 -0.05643557 -0.89344353 -80.443341 0.028341974 0.99840004 -0.048929381 -8.3738627 0.8947755 -0.0035182402 0.44650252 100.17764
0.44318132 -0.056869252 -0.89462625 -81.542795 0.029521278 0.99837026 -0.048839715 -8.4646221 0.8959458 -0.0047656615 0.44413791 100.7426
0.43993949 -0.056217336 -0.89626603 -82.633366 0.030216091 0.99840019 -0.047791779 -8.5447458 0.89751897 -0.0060561663 0.44093433 101.30949
0.43679793 -0.055319118 -0.89785706 -83.710596 0.032702742 0.99842408 -0.045605757 -8.6241595 0.89896505 -0.0094418879 0.43791866 101.83922
0.43605822 -0.055370659 -0.89821337 -84.772723 0.036870118 0.99836651 -0.043645192 -8.6995783 0.89916288 -0.014085389 0.43738745 102.31289
0.43408062 -0.056023796 -0.89913029 -85.878993 0.038187222 0.99831164 -0.043767711 -8.7837933 0.90006434 -0.015336574 0.43548713 102.86741
0.43280182 -0.05649978 -0.89971678 -86.981664 0.03750797 0.99829843 -0.044647522 -8.8614318 0.9007085 -0.014423022 0.43418457 103.34913
0.43253613 -0.058609937 -0.89970957 -87.985022 0.039656136 0.99815591 -0.045958324 -8.9419297 0.90074411 -0.015800371 0.43406274 103.86711
0.43268284 -0.058967701 -0.89961564 -89.026132 0.03859016 0.99815547 -0.046866275 -9.0209513 0.90071995 -0.01443808 0.43416032 104.39059
0.43634762 -0.059104697 -0.8978348 -90.059302 0.036501542 0.99818157 -0.047970806 -9.1000493 0.89903752 -0.011840409 0.43771156 104.8492
0.43870616 -0.058831936 -0.89670265 -91.06779 0.03434396 0.99822331 -0.048690057 -9.1817479 0.89797409 -0.0094356933 0.43994723 105.36164
0.44325022 -0.059886656 -0.89439519 -92.111593 0.033836791 0.99817255 -0.050066292 -9.2631504 0.89575911 -0.0080715692 0.44446658 105.85856
0.45110991 -0.058893553 -0.89052307 -93.088832 0.031275392 0.99825064 -0.05017488 -9.3344391 0.89192027 -0.0052170728 0.45216267 106.33443
0.45733979 -0.057363784 -0.88743994 -94.083287 0.029643393 0.99834619 -0.04925608 -9.4101654 0.88879787 -0.003779967 0.45828389 106.83715
0.4653709 -0.056656336 -0.88330058 -95.02435 0.029555641 0.99838742 -0.048466671 -9.4811705 0.88462221 -0.0035515371 0.46629497 107.3425
0.47222778 -0.056061803 -0.87969195 -96.040271 0.028803527 0.99842393 -0.048166429 -9.5594499 0.88100587 -0.0025927054 0.4730983 107.85471
0.48318058 -0.056122934 -0.87372002 -97.054021 0.028636266 0.99842245 -0.048296833 -9.6360963 0.87505231 -0.0016839878 0.48402549 108.42047
0.49386144 -0.057763396 -0.86761985 -97.968706 0.029753741 0.99832938 -0.049529377 -9.7082013 0.86903144 -0.0013542867 0.49475507 108.93814
0.50389792 -0.05763249 -0.86183834 -98.894876 0.025200027 0.99832774 -0.052025851 -9.7802571 0.86339557 0.004497368 0.50450761 109.51163
0.51369773 -0.057535206 -0.85603988 -99.860749 0.02245936 0.99830882 -0.053619676 -9.8567408 0.85767726 0.008318197 0.51412118 110.01297
0.52780627 -0.055591181 -0.84754357 -100.76678 0.020302289 0.99839646 -0.05284255 -9.9294718 0.84912215 0.010683555 0.52808854 110.58053
0.53910004 -0.05392362 -0.84051373 -101.6954 0.019786556 0.9984838 -0.051367309 -10.007573 0.84200932 0.011061246 0.53934962 111.17711
0.55251758 -0.052950241 -0.83181761 -102.60153 0.020773745 0.99854489 -0.049764916 -10.078938 0.83324236 0.010216023 0.55281358 111.76355
0.56362068 -0.051779887 -0.82440919 -103.45736 0.020406201 0.99860158 -0.048769617 -10.155377 0.82578167 0.010664505 0.56388914 112.34438
0.57480048 -0.051215869 -0.81668922 -104.38543 0.018400308 0.99859602 -0.049673065 -10.225043 0.81808673 0.013524768 0.57493586 113.01545
0.58674851 -0.053267474 -0.80801529 -105.24361 0.020871172 0.9984974 -0.050668973 -10.304604 0.80950024 0.012865717 0.58697861 113.56668
0.5967513 -0.054407154 -0.8005796 -106.09109 0.021760386 0.99842904 -0.051632772 -10.367816 0.80213118 0.013391002 0.59699775 114.17572
0.60701525 -0.053643715 -0.79287753 -106.89509 0.021278986 0.99845853 -0.051261834 -10.448748 0.79440528 0.014245085 0.60722104 114.82554
0.61778996 -0.051164954 -0.78467679 -107.72305 0.019708739 0.99857493 -0.04959517 -10.516205 0.78609617 0.015174407 0.61791796 115.44045
0.62720417 -0.050482208 -0.7772171 -108.51162 0.022595329 0.99865659 -0.046631123 -10.587563 0.77852709 0.011685758 0.62750224 116.07113
0.63728651 -0.049405029 -0.76904161 -109.28465 0.022560359 0.99871118 -0.045464306 -10.656339 0.77029668 0.011623934 0.63757976 116.73906
0.64740464 -0.048324504 -0.76061286 -110.08002 0.01980476 0.99871751 -0.046595104 -10.72505 0.76188913 0.015102131 0.64753141 117.36643
0.65722682 -0.047405219 -0.75220051 -110.81005 0.017882206 0.99871984 -0.047316996 -10.790597 0.75348071 0.017646995 0.65723318 118.01318
0.66572577 -0.047043829 -0.74471204 -111.52991 0.017577638 0.99872243 -0.047376488 -10.858008 0.74598946 0.018449471 0.66570218 118.65684
0.67457241 -0.045489987 -0.73680572 -112.24349 0.017871271 0.99881336 -0.045304399 -10.924127 0.73799236 0.017393443 0.6745849 119.31011
0.68336081 -0.044224513 -0.72874011 -112.97976 0.018478793 0.9988916 -0.043290896 -10.984171 0.72984695 0.016117064 0.6834206 119.98279
0.69260551 -0.043455098 -0.7200064 -113.67395 0.018738707 0.99893075 -0.042263656 -11.042091 0.72107317 0.015780052 0.69267923 120.61349
0.69992859 -0.042291554 -0.71295957 -114.39956 0.017209021 0.99895412 -0.04236178 -11.107187 0.7140055 0.017380885 0.69992434 121.31826
0.70757209 -0.040676732 -0.70546942 -115.0343 0.016077082 0.9990101 -0.041477024 -11.168758 0.70645829 0.018006094 0.70752563 121.98019
0.71380078 -0.038234121 -0.69930434 -115.69576 0.01523167 0.99912003 -0.039078976 -11.224758 0.70018318 0.01724303 0.71375502 122.66667
0.72141193 -0.03581599 -0.69157935 -116.34896 0.014341134 0.99922016 -0.03678854 -11.280073 0.69235771 0.01662166 0.72136299 123.32754
0.72909494 -0.034211002 -0.68355697 -116.95806 0.013509386 0.9992747 -0.035602833 -11.333406 0.68427925 0.016723411 0.72902831 123.98849
0.73635505 -0.032692941 -0.67580498 -117.58368 0.012348388 0.99931492 -0.034888388 -11.386012 0.67648267 0.017345139 0.7362543 124.65397
0.74413696 -0.031320434 -0.66729242 -118.19719 0.011893432 0.99936312 -0.033643638 -11.439544 0.66792122 0.017099077 0.74403555 125.2943
0.75290489 -0.027928634 -0.65753645 -118.78449 0.010246951 0.99947553 -0.030719221 -11.486431 0.65804959 0.016390907 0.75279619 125.98689
0.76207843 -0.024352916 -0.64702655 -119.37721 0.0080895088 0.99957255 -0.028094158 -11.527809 0.64743421 0.016175825 0.76194969 126.65264
0.77156052 -0.022736586 -0.63574947 -119.91442 0.0074173028 0.99961469 -0.026747845 -11.573325 0.63611272 0.015922035 0.77143187 127.3051
0.78228383 -0.021583865 -0.62254807 -120.49133 0.0051835695 0.99959048 -0.028142411 -11.614418 0.62290061 0.018788332 0.78207536 127.97387
0.79164377 -0.022384437 -0.61057272 -121.00176 0.0055789159 0.99955182 -0.029411551 -11.657839 0.61095749 0.019877137 0.79141385 128.64645
0.80163353 -0.021355808 -0.59743417 -121.52327 0.0050904739 0.99956934 -0.028900115 -11.704682 0.59779412 0.020126078 0.80139701 129.32039
0.81081775 -0.02024918 -0.58494831 -121.99155 0.0050539391 0.99960633 -0.027597968 -11.735384 0.58527691 0.019420629 0.81060089 130.00763
0.82067676 -0.018047043 -0.57110764 -122.49628 0.0046919441 0.99968024 -0.024847686 -11.772793 0.5713735 0.017712313 0.82049901 130.70437
0.8306345 -0.016813628 -0.55656411 -122.98257 0.005165708 0.99973367 -0.02249217 -11.814192 0.55679411 0.015807724 0.83050013 131.40806
0.83879153 -0.015442926 -0.54423364 -123.4188 0.0054440268 0.99978558 -0.01997894 -11.842812 0.54442553 0.013795343 0.83869575 132.10908
0.8469427 -0.0149604 -0.53147363 -123.84634 0.0062422611 0.99981495 -0.018196188 -11.875285 0.53164755 0.012093531 0.84687936 132.81886
0.85373834 -0.015059486 -0.52048442 -124.29418 0.0075266388 0.99983416 -0.016583031 -11.905384 0.52064788 0.010240071 0.85371011 133.5577
0.86019111 -0.014973796 -0.50975192 -124.72076 0.0079588967 0.99984128 -0.015939612 -11.936472 0.50990974 0.0096540493 0.86017375 134.29166
0.86706173 -0.014194571 -0.49799844 -125.15013 0.0073677527 0.99985006 -0.015671027 -11.960209 0.49814625 0.0099186179 0.8670363 135.00534
0.87392497 -0.012647942 -0.48589624 -125.54461 0.0059933276 0.99986579 -0.015247136 -11.988903 0.48602392 0.010412717 0.87388349 135.74096
0.87969665 -0.011311744 -0.47540071 -125.96474 0.0049294234 0.99988024 -0.014669714 -12.010947 0.47550975 0.010561447 0.87964706 136.49246
0.88512177 -0.012035709 -0.4652038 -126.35734 0.0057855347 0.99987283 -0.014860747 -12.040172 0.46532355 0.010462118 0.88507884 137.23815
0.89002955 -0.012994646 -0.45571759 -126.74543 0.0066622244 0.99985769 -0.015499117 -12.070892 0.45585418 0.010758579 0.88998946 138.02104
0.89419736 -0.013669429 -0.44746419 -127.13377 0.0072250558 0.99984419 -0.016105587 -12.100708 0.44761466 0.01116862 0.89415681 138.78675
0.89743314 -0.013075035 -0.44095668 -127.51159 0.0070168313 0.9998573 -0.015366664 -12.124368 0.44109471 0.010696434 0.89739682 139.571
0.90042683 -0.011449674 -0.43485677 -127.90698 0.0066750255 0.99989952 -0.012505617 -12.148586 0.43495629 0.0083577133 0.90041279 140.38181
0.9039779 -0.0075802916 -0.42751197 -128.30616 0.0044556155 0.99995555 -0.0083089534 -12.170666 0.42755599 0.0056062811 0.9039715 141.18687
0.90660528 -0.0049417613 -0.42195073 -128.69368 0.002774861 0.99997962 -0.0057493848 -12.185639 0.42197058 0.0040415677 0.90660052 142.00797
0.91001512 -0.0024081729 -0.41456805 -129.10013 0.0010743725 0.99999347 -0.003450488 -12.201463 0.41457369 0.0026945955 0.91001176 142.81855
0.91350251 -0.00020721219 -0.40683303 -129.46106 -0.00023633114 0.99999943 -0.0010399874 -12.212415 0.40683305 0.0010461781 0.91350194 143.67533
0.91624011 0.00091282622 -0.40062852 -129.85508 -0.0003362763 0.9999988 0.0015094162 -12.227907 0.40062946 -0.0012482662 0.91623932 144.52693
0.91972764 0.0010582712 -0.39255564 -130.22374 0.00045919588 0.99999278 0.003771691 -12.243692 0.39255684 -0.0036491887 0.91972052 145.40557
0.92284348 0.00069585384 -0.38517453 -130.60643 0.0011275465 0.9999892 0.0045080735 -12.252172 0.38517354 -0.0045945488 0.92283273 146.32484
0.92638085 -1.7449839e-05 -0.37658797 -130.96732 0.0017929733 0.99998887 0.0043642558 -12.247146 0.37658373 -0.0047181756 0.92637057 147.19768
0.9301638 -0.0024088361 -0.36713688 -131.33242 0.0042044676 0.99998279 0.0040912493 -12.273947 0.36712074 -0.0053491475 0.93015792 148.13587
0.93386093 -0.0042096893 -0.35761157 -131.71574 0.0056614879 0.99997943 0.0030128757 -12.273317 0.35759156 -0.0048382208 0.93386556 149.05772
0.93811297 -0.0050579401 -0.34629244 -132.03644 0.0057894891 0.99998266 0.001078112 -12.295459 0.34628101 -0.0030162475 0.93812599 149.98392
0.94270728 -0.0034539108 -0.33360313 -132.39656 0.0036823642 0.99999322 5.2469259e-05 -12.306327 0.33360071 -0.0012779117 0.94271361 150.90084
0.94846585 -0.00018289489 -0.31687929 -132.74177 0.00050056908 0.99999945 0.00092110088 -12.314618 0.31687897 -0.001032253 0.94846542 151.91909
0.95446977 0.0036292474 -0.29828556 -133.05875 -0.0025636993 0.99998886 0.0039634288 -12.318199 0.29829665 -0.0030182588 0.95446844 152.91949
0.96048656 0.0065864458 -0.2782484 -133.37341 -0.0052487972 0.99997081 0.00555207 -12.331503 0.27827687 -0.0038722195 0.9604931 153.93338
0.96621643 0.0084021001 -0.25759503 -133.65212 -0.0069196521 0.99995387 0.0066609645 -12.345207 0.25763914 -0.0046534656 0.96623001 154.98566
0.9715273 0.0098642223 -0.23672221 -133.91718 -0.0082269853 0.99993493 0.0079031032 -12.349092 0.23678479 -0.0057305706 0.97154523 156.03334
0.97677782 0.010409541 -0.2140017 -134.16425 -0.0083472009 0.99990963 0.01053842 -12.358902 0.21409208 -0.0085073798 0.97677644 157.07408
0.98142238 0.012440299 -0.19145589 -134.38698 -0.0099419337 0.99985251 0.014004421 -12.35227 0.19160189 -0.01184081 0.9814013 158.20468
0.98552406 0.014095123 -0.16894867 -134.56764 -0.011198426 0.99977372 0.018086063 -12.360822 0.16916538 -0.015932292 0.9854589 159.27337
0.98897488 0.01591919 -0.1472252 -134.76219 -0.012918957 0.99968939 0.0213124 -12.351662 0.14751876 -0.019175433 0.98887336 160.40295
0.99201065 0.017495919 -0.124935 -134.91307 -0.014941278 0.99966029 0.021355658 -12.349408 0.1252662 -0.019318352 0.99193507 161.5428
0.9945984 0.017359203 -0.10233607 -135.04452 -0.015441208 0.99969052 0.019504668 -12.338787 0.10264299 -0.01781912 0.99455864 162.69056
0.9965593 0.017495282 -0.08101529 -135.14474 -0.016051115 0.99970106 0.018443004 -12.328325 0.081313744 -0.017079162 0.99654221 163.85927
0.99804053 0.016216703 -0.060432811 -135.22853 -0.01502949 0.99968604 0.020048254 -12.330458 0.060738959 -0.019100696 0.99797091 165.05072
0.99905754 0.016481316 -0.040154651 -135.29733 -0.015608949 0.99963737 0.021942735 -12.319806 0.040501739 -0.021295283 0.99895251 166.23994
0.99966296 0.016648538 -0.019919427 -135.31527 -0.016190882 0.99960618 0.02292019 -12.313388 0.020293172 -0.022589952 0.99953883 167.43232
0.99984038 0.017858933 0.00051587731 -135.36634 -0.017866126 0.99956422 0.023498502 -12.294723 -9.5994321e-05 -0.023503968 0.99972374 168.64989
0.99958902 0.018373005 0.022005162 -135.34142 -0.018898572 0.99953526 0.023918816 -12.289963 -0.021555476 -0.024324852 0.99947169 169.8973
0.99891327 0.020527516 0.041843861 -135.30626 -0.02151696 0.99949614 0.023334427 -12.269873 -0.041343783 -0.024209422 0.99885164 171.15104
0.99785249 0.02147675 0.061880193 -135.24513 -0.02287956 0.99949501 0.022050999 -12.255986 -0.061375365 -0.023419436 0.99783996 172.38956
0.99654924 0.021747342 0.08010408 -135.13731 -0.023402413 0.99953041 0.019780836 -12.255125 -0.07963629 -0.021587207 0.99659021 173.65578
0.99467449 0.02382202 0.10027545 -135.00933 -0.025733218 0.9995102 0.017809165 -12.246025 -0.099802097 -0.020294732 0.99480031 174.89579
0.99255439 0.023862998 0.11944177 -134.89227 -0.025890926 0.99954529 0.015455254 -12.238857 -0.11901867 -0.018432639 0.99272091 176.17339
0.98995859 0.023945124 0.13931483 -134.7359 -0.026002396 0.9995778 0.012965448 -12.239429 -0.13894557 -0.016457777 0.99016326 177.47578
0.98738627 0.025484661 0.15626544 -134.51168 -0.02694611 0.99961066 0.0072407488 -12.24513 -0.15602009 -0.011360162 0.98768855 178.77108
0.98441154 0.027003738 0.17379502 -134.32476 -0.027634564 0.99961736 0.0012104851 -12.270753 -0.17369584 -0.0059943651 0.9847811 180.0898
0.9808354 0.029563342 0.19258224 -134.07939 -0.029240646 0.99956219 -0.0045182776 -12.273267 -0.19263152 -0.0011995424 0.98127043 181.36587
0.9771818 0.031579913 0.21004389 -133.80627 -0.030543468 0.99949999 -0.0081773535 -12.305827 -0.21019712 0.0015752922 0.97765776 182.68589
0.97327045 0.033791471 0.22716243 -133.50499 -0.032028949 0.99942145 -0.011441565 -12.332063 -0.22741765 0.0038599631 0.97378967 184.04147
0.96913991 0.033237341 0.24426031 -133.18906 -0.031425694 0.99944208 -0.011311312 -12.367325 -0.24450002 0.0032861944 0.96964372 185.34967
0.96519034 0.031910103 0.25959457 -132.86642 -0.029936259 0.99948502 -0.011554496 -12.394734 -0.25982961 0.0033809976 0.96564856 186.66456
0.95988521 0.031628838 0.27860365 -132.47545 -0.028160795 0.99946817 -0.016442311 -12.449456 -0.27897555 0.0079370314 0.96026541 188.00634
0.95509001 0.033114255 0.29445971 -132.07483 -0.028187742 0.99938287 -0.020960388 -12.495629 -0.2949721 0.011718903 0.955434 189.33591
0.94984557 0.035443582 0.31070426 -131.66243 -0.030251369 0.99931073 -0.021515718 -12.533014 -0.31125272 0.011037381 0.95026308 190.67932
0.94413793 0.037057151 0.32746041 -131.22167 -0.03174657 0.99926361 -0.021549852 -12.588914 -0.32801788 0.0099502878 0.94461912 192.00515
0.93800048 0.041255699 0.3441701 -130.78528 -0.034746571 0.99908187 -0.0250618 -12.628032 -0.34488808 0.01154925 0.93857277 193.39031
0.93092941 0.042210694 0.36275154 -130.25205 -0.034204449 0.99900931 -0.028468388 -12.686903 -0.36359387 0.014094344 0.93145094 194.71619
0.92420355 0.042959915 0.37947626 -129.72913 -0.033586229 0.99894587 -0.031290809 -12.746814 -0.38042053 0.016173901 0.92467218 196.04021
0.91709683 0.043269085 0.39630945 -129.16814 -0.03150595 0.99884973 -0.036146776 -12.82252 -0.39741766 0.020663989 0.91740516 197.35496
0.90847013 0.046564054 0.41534781 -128.58416 -0.031875345 0.99859922 -0.04223215 -12.903516 -0.41673253 0.025127293 0.90868181 198.68518
0.89854141 0.050250552 0.43600252 -127.9718 -0.03353876 0.99838068 -0.04594748 -12.995901 -0.43760541 0.02666273 0.89877173 199.98785
0.8863771 0.053013028 0.45991872 -127.32078 -0.035067902 0.9982564 -0.047480585 -13.068528 -0.46163394 0.02595732 0.88669067 201.34218
0.8730861 0.057472149 0.48416691 -126.65288 -0.038000979 0.99802887 -0.049942981 -13.164987 -0.48608292 0.025205707 0.87354913 202.6554
0.85900135 0.061660673 0.50824661 -125.92998 -0.040195338 0.99777906 -0.053115712 -13.258491 -0.51039302 0.025197325 0.85957204 203.94145
0.84388257 0.065161416 0.53255626 -125.16402 -0.041534052 0.99755288 -0.056242127 -13.36365 -0.53491789 0.025342532 0.8445239 205.18167
0.82899691 0.066884844 0.55523915 -124.34797 -0.041219432 0.99742965 -0.058609243 -13.470901 -0.55773211 0.02570024 0.82962306 206.44535
0.81262444 0.067679129 0.57884456 -123.49916 -0.039852441 0.9973623 -0.060664897 -13.573587 -0.58142354 0.02622941 0.81317816 207.67586
0.79724888 0.07033648 0.59953897 -122.61898 -0.038627605 0.99709732 -0.065611252 -13.703421 -0.60241361 0.029149744 0.79765165 208.90094
0.78096517 0.072889752 0.62030675 -121.71979 -0.036791003 0.996811 -0.070811443 -13.829356 -0.62349007 0.032479565 0.78115635 210.10135
0.76406458 0.074437331 0.640831 -120.75157 -0.034712739 0.99662582 -0.074377475 -13.95615 -0.64420523 0.034584196 0.76407041 211.26528
0.74737199 0.076039199 0.66004023 -119.79193 -0.032948711 0.9964488 -0.077486527 -14.091879 -0.66358837 0.036163787 0.74722332 212.41386
0.73187143 0.077024017 0.67707567 -118.74484 -0.031499484 0.99635329 -0.079296248 -14.240752 -0.68071435 0.036707126 0.73162873 213.56278
0.71580742 0.077319455 0.69400389 -117.73592 -0.029208178 0.99629642 -0.080872263 -14.378982 -0.69768665 0.037618378 0.71541473 214.65341
0.70076205 0.077768534 0.70914354 -116.69544 -0.026521786 0.99619326 -0.083039645 -14.52021 -0.71290195 0.03938328 0.70015699 215.7452
0.68519834 0.078915801 0.72406871 -115.58705 -0.023390522 0.99598444 -0.086416886 -14.668936 -0.72798088 0.042276363 0.68429276 216.79403
0.67086346 0.081405146 0.7370993 -114.47977 -0.021182047 0.99565467 -0.090681339 -14.83784 -0.74127835 0.045221526 0.66967266 217.81744
0.6553217 0.084043555 0.75065978 -113.3543 -0.020431126 0.99539945 -0.093608249 -14.99533 -0.75507357 0.046006693 0.65402396 218.84291
0.63989027 0.084600907 0.76379518 -112.17427 -0.019030135 0.99536126 -0.094307045 -15.172948 -0.76823066 0.045811036 0.63853195 219.89774
0.62362333 0.085882067 0.77699303 -111.02458 -0.019583088 0.99535121 -0.094299879 -15.334522 -0.78147969 0.043591683 0.62240607 220.82656
0.60634938 0.08661743 0.79046682 -109.84317 -0.021462065 0.99547037 -0.092618149 -15.503872 -0.79490871 0.039193908 0.60546183 221.78676
0.58759387 0.087661739 0.80439344 -108.57335 -0.023677233 0.99555125 -0.091198104 -15.669775 -0.80880955 0.034541637 0.5870554 222.69436
0.56993845 0.088744663 0.81688095 -107.38943 -0.025431309 0.99557944 -0.090414742 -15.834614 -0.82129378 0.030756488 0.5696759 223.6075
0.5516937 0.092221773 0.82893254 -106.16578 -0.027170375 0.9953279 -0.092650698 -16.011228 -0.83360416 0.0285924 0.55162182 224.42301
0.53435278 0.095977904 0.83979479 -104.92125 -0.029809836 0.99505426 -0.094754401 -16.18527 -0.84473579 0.025598133 0.53457109 225.26611
0.51487321 0.096464086 0.85182169 -103.71132 -0.03027906 0.9950752 -0.094384943 -16.359191 -0.85673148 0.022803919 0.5152584 226.02443
0.49264793 0.094846027 0.86504461 -102.46246 -0.029911341 0.99530105 -0.092093041 -16.520392 -0.86971455 0.019494803 0.49316998 226.76063
0.47204467 0.09308713 0.87664619 -101.18567 -0.029990302 0.99552962 -0.089562052 -16.68344 -0.8810644 0.015986406 0.47272616 227.46394
0.45004881 0.091301371 0.8883243 -99.914767 -0.029428437 0.99573573 -0.087431812 -16.844907 -0.89251896 0.013206589 0.45081654 228.13614
0.42799273 0.090215766 0.89926819 -98.662183 -0.028387869 0.99585644 -0.08639486 -17.003431 -0.90333627 0.011448065 0.42878035 228.79564
