1.000000000000000000e+00 4.398956837314658088e-19 2.733407509747682871e-20 -8.673617379884035472e-19 -5.583667658079949532e-19 1.000000000000000000e+00 -6.100159232558060012e-19 0.000000000000000000e+00 4.145284534913582806e-20 -2.210423569125054137e-19 1.000000000000000222e+00 0.000000000000000000e+00
9.998946031562215842e-01 4.069155183421889303e-04 1.451265016455653700e-02 -5.066268301177316580e-02 -4.008900337620412233e-04 9.999998322420659003e-01 -4.180955042521051330e-04 -1.051043927154957092e-02 -1.451281811120492052e-02 4.122334784329906754e-04 9.998945985238768541e-01 3.287233613472445581e-02
9.993530503333195592e-01 3.521700794798774542e-03 3.579215604584780330e-02 1.079130181323485239e-02 -3.498891176068679235e-03 9.999936339351651604e-01 -6.998974218878454027e-04 -1.662101386651904100e-03 -3.579439364064077728e-02 5.742118005124886891e-04 9.993590103844455230e-01 2.251787957792298067e-01
9.979639029989999521e-01 5.028284981923836564e-03 6.358273877941622576e-02 8.901615140787109276e-03 -5.085829225688050757e-03 9.999867909069202199e-01 7.432107514832519361e-04 5.139539134880188875e-04 -6.357816293403258101e-02 -1.065068407717656689e-03 9.979762937105359777e-01 4.063728485349399344e-01
9.953067009724323455e-01 4.604207941797710917e-03 9.666112058723387579e-02 6.517833933684397119e-02 -4.869600028577763390e-03 9.999849936710420995e-01 2.509867902526590616e-03 3.601577755231261113e-03 -9.664811577614507154e-02 -2.968789278118638686e-03 9.953141855886334932e-01 5.756340369847320337e-01
9.909582756254502467e-01 1.494839222872046750e-03 1.341620710088015367e-01 1.538656461463638325e-01 -2.135587038250115737e-03 9.999869911781835707e-01 4.632142615317890941e-03 1.903125038219294352e-03 -1.341534037284315972e-01 -4.876774759193866146e-03 9.909485765976874250e-01 7.616710080299263774e-01
9.848390953253128854e-01 -1.756038549653217602e-03 1.734614434667894611e-01 2.083992874149546426e-01 8.157685933328925020e-04 9.999845873613389946e-01 5.491771885650690264e-03 -1.269917478106936948e-02 -1.734684167300177549e-01 -5.267007142943161413e-03 9.848253486348312880e-01 9.337554378129027111e-01
9.761072161907088374e-01 -2.002564773604422789e-03 2.172802147431149578e-01 2.967469760455888617e-01 5.984253986273049700e-04 9.999785136452491452e-01 6.527950062344215973e-03 -1.010705175059109506e-02 -2.172886225826883289e-01 -6.241953016070251638e-03 9.760874412866226146e-01 1.170357755094048269e+00
9.644623329822291646e-01 -2.062612315037818875e-03 2.642123256810680054e-01 4.073408671470179487e-01 -5.244240695858480485e-04 9.999526163525749300e-01 9.720598082796920794e-03 5.927928403047233452e-03 -2.642198607289267809e-01 -9.513709845770110599e-03 9.644155511865309949e-01 1.374673586294365535e+00
9.498721229503309660e-01 -5.771788062284242786e-03 3.125854047132925473e-01 5.392084871874156526e-01 6.757563204570108751e-04 9.998651394711635110e-01 1.640872379401071834e-02 1.963871787914870520e-02 -3.126379623555073928e-01 -1.537495758492228581e-02 9.497479225801122027e-01 1.630670589419778382e+00
9.330352221958417847e-01 -1.542544187255798227e-02 3.594542086895380351e-01 6.661769983556781183e-01 7.058772459954613943e-03 9.996730183408333303e-01 2.457702401748081480e-02 -1.363214816722899125e-03 -3.597157914203416573e-01 -2.039392343290032800e-02 9.328390209748688155e-01 1.824115469867161332e+00
9.120772813524024025e-01 -2.121153958729099856e-02 4.094692919920505658e-01 8.225357126169483557e-01 1.003001076997088632e-02 9.995163435976034405e-01 2.943599384695028826e-02 -4.989068704643440100e-03 -4.098956393715408875e-01 -2.274091963881765682e-02 9.118489007364798393e-01 2.034765734707536744e+00
8.871582455636883857e-01 -2.315394947431838324e-02 4.608840839997094263e-01 1.013967542628362084e+00 8.620504025580514457e-03 9.993977046228386119e-01 3.361420640980052749e-02 -3.748165963671737377e-03 -4.613848052475908457e-01 -2.584806706565956347e-02 8.868235123269149200e-01 2.280627914408821511e+00
8.587659108885137282e-01 -2.515057242423709288e-02 5.117504813116093842e-01 1.196445278599750361e+00 6.808045171802464164e-03 9.992664552816562518e-01 3.768556536584462269e-02 2.325244179951074797e-02 -5.123229118337274679e-01 -2.887905823419665077e-02 8.583071932114029190e-01 2.523989498342170901e+00
8.268744257423168431e-01 -3.045073257596890570e-02 5.615616014057110972e-01 1.435164960200592921e+00 7.987201944810699492e-03 9.990682041390692714e-01 4.241377186958764783e-02 2.215722622433577427e-02 -5.623298807625262130e-01 -3.058555706461421955e-02 8.263471629438967625e-01 2.735387226066496424e+00
7.909869186914882944e-01 -3.616601134577870913e-02 6.107632179074394818e-01 1.643483562100366502e+00 1.001790162041206293e-02 9.988831621392592064e-01 4.617434347606065581e-02 2.117072900566463467e-02 -6.117510468153675163e-01 -3.040473550447380865e-02 7.904658212466810774e-01 2.931948561199485326e+00
7.532845802528860268e-01 -4.059517050016151624e-02 6.564406801587343576e-01 1.903313238863480361e+00 1.115119142440498985e-02 9.987381462080182626e-01 4.896699079612179539e-02 3.311958218346897770e-02 -6.576001826956233698e-01 -2.956598303380305465e-02 7.527867288516200128e-01 3.151374315721373609e+00
7.132753297644752744e-01 -4.388048436814170200e-02 6.995089701483344635e-01 2.217944584240873152e+00 1.215539901631114243e-02 9.986626022380973300e-01 5.025189659716319812e-02 4.269653875069051585e-02 -7.007785380879670845e-01 -2.734062701100318030e-02 7.128547807563087035e-01 3.394824071213942140e+00
6.715672899775791960e-01 -4.565184333711461151e-02 7.395358514005134776e-01 2.498042194967148077e+00 1.110275364417698599e-02 9.986080684021308995e-01 5.156214240797571402e-02 5.204379283456656013e-02 -7.408603877311502606e-01 -2.641656336403384875e-02 6.711393743852884786e-01 3.588967927298892580e+00
6.291593305760496690e-01 -4.623464858774573721e-02 7.759000478957727154e-01 2.841850503114485615e+00 7.214494455468015849e-03 9.985336873630619170e-01 5.365096663422804640e-02 8.379325338598617168e-02 -7.772428828707630410e-01 -2.815727912707146480e-02 6.285703448329391652e-01 3.810275222310024912e+00
5.876339081889971894e-01 -4.709914435829368889e-02 8.077549442483044073e-01 3.186348498905301252e+00 4.438648644797429758e-03 9.984769939316828768e-01 5.499082596500440984e-02 9.851483732225460588e-02 -8.091147634001928379e-01 -2.872913302679085470e-02 5.869479936076829052e-01 4.004346589121069222e+00
5.470602278604035362e-01 -4.808080007320183341e-02 8.357112733145621863e-01 3.558626825534837224e+00 2.155296582970823646e-03 9.984266805066716044e-01 5.603140462871746691e-02 1.158981126781334775e-01 -8.370904817089945826e-01 -2.885134674112880757e-02 5.463031545583695303e-01 4.219622411342014878e+00
5.083576243895735480e-01 -5.057205275240130027e-02 8.596598054225043084e-01 3.988919385800413941e+00 1.223972113107682112e-03 9.983155365789013747e-01 5.800509695008831956e-02 1.298754267406094787e-01 -8.611451916333223711e-01 -2.843513303687126084e-02 5.075632121495623483e-01 4.430279179085736985e+00
4.708154345093992776e-01 -5.050005977554886810e-02 8.807851938882514942e-01 4.397444670523828592e+00 -1.546009935808339338e-03 9.983116147748076763e-01 5.806487422322779979e-02 1.546210449405556187e-01 -8.822303840494184479e-01 -2.869954100465498675e-02 4.699424418630432365e-01 4.622554192409136675e+00
4.348075849752888189e-01 -4.977578910165049442e-02 8.991466629238659136e-01 4.854574269494945860e+00 -3.005106358106821550e-03 9.983854463866012052e-01 5.672274449550211706e-02 1.796931157276524249e-01 -9.005183773655326407e-01 -2.736551022486405707e-02 4.339559820227437692e-01 4.801556765667340798e+00
4.017132283585082564e-01 -4.860954437307250797e-02 9.144744831978444122e-01 5.357699651519403972e+00 -1.761580482401769359e-03 9.985473565553696362e-01 5.385233064283679455e-02 1.943219419092555300e-01 -9.157638309260406340e-01 -2.324411326775574146e-02 4.010440513691026498e-01 4.979644212830827144e+00
3.716458039783080425e-01 -4.695949244345198198e-02 9.271861668926185684e-01 5.847684327048110475e+00 1.707039729356063160e-04 9.987233265381748604e-01 5.051423417517907077e-02 2.154922685220730938e-01 -9.283745917750220178e-01 -1.861512802316585280e-02 3.711793485194957998e-01 5.169098641657419613e+00
3.461984521131434289e-01 -4.511899873073729750e-02 9.370757135794425263e-01 6.403542310093081724e+00 1.300028119701774482e-03 9.988649746280080510e-01 4.761378324740201534e-02 2.408899874816307074e-01 -9.381604113250964216e-01 -1.526559245345587325e-02 3.458641627432592625e-01 5.343094697251143721e+00
3.251828588191766345e-01 -4.447297021146951607e-02 9.446048106229004704e-01 6.985662203888724164e+00 2.312413468404779515e-03 9.989279369955621490e-01 4.623450443441260577e-02 2.687412667984813153e-01 -9.456483368519286170e-01 -1.285035058268255322e-02 3.249370808808385580e-01 5.534551054596079211e+00
3.107243887002650862e-01 -4.505432797229159958e-02 9.494316439968146781e-01 7.559488596503864954e+00 3.606869594266014396e-03 9.989246557002396942e-01 4.622253444163620245e-02 2.952425515375766696e-01 -9.504932197642017577e-01 -1.093799174702506788e-02 3.105527567577220371e-01 5.717062110492324045e+00
2.984997521167381263e-01 -4.662296657046716836e-02 9.532702563580665034e-01 8.167753472104676504e+00 4.468771586238190659e-03 9.988634498222521696e-01 4.745354203038036622e-02 3.143130826754791385e-01 -9.543992582982903095e-01 -9.904922599062102040e-03 2.983688382252603910e-01 5.905061215174771228e+00
2.881404644504486634e-01 -4.827594249986127961e-02 9.563704777378598809e-01 8.823811840497555181e+00 3.282460368707979578e-03 9.987723272608182157e-01 4.942735794420087536e-02 3.409006524157369711e-01 -9.575825366337935574e-01 -1.110277279099112883e-02 2.879451847876990933e-01 6.091371883416709210e+00
2.778603089154733086e-01 -5.001436629509495302e-02 9.593186104462545494e-01 9.493199117657702857e+00 1.533085194665096546e-03 9.986655353683058234e-01 5.162168225928689957e-02 3.723982787551320950e-01 -9.606202760365631921e-01 -1.287289853918410082e-02 2.775661891038692652e-01 6.261633557245802173e+00
2.672842995285534262e-01 -5.166162062696071089e-02 9.622318663001752093e-01 1.019291142581681520e+01 8.285038368231380929e-04 9.985737856678817970e-01 5.338265747821456519e-02 4.014001346817314131e-01 -9.636173686929720983e-01 -1.347113253687902586e-02 2.669458953355277053e-01 6.461701236363290413e+00
2.570546063428869599e-01 -5.373946040398674268e-02 9.649015410879620003e-01 1.089037550433945611e+01 -1.167573835867530664e-04 9.984509401135620577e-01 5.563907362746811636e-02 4.303385830013497504e-01 -9.663968813304545380e-01 -1.441493867050619090e-02 2.566501375361016080e-01 6.658589905699517253e+00
2.468764860482899060e-01 -5.528204030447485956e-02 9.674688009422455215e-01 1.162729919898395359e+01 -5.173909771952212846e-04 9.983637836803441745e-01 5.717943424780478484e-02 4.620915894823489078e-01 -9.690468252558546158e-01 -1.461681654946672335e-02 2.464439389318606177e-01 6.836864399567366135e+00
2.361242879634719294e-01 -5.685958632038985022e-02 9.700578808068704983e-01 1.237600764049926205e+01 -1.091303575829799706e-03 9.982704297505912150e-01 5.877889161859027600e-02 4.893135793373497022e-01 -9.717222578297363134e-01 -1.493775068286327425e-02 2.356538419943182416e-01 7.011030745724223578e+00
2.262484780107366367e-01 -5.970356102560150924e-02 9.722381883823363324e-01 1.313947871201031958e+01 -2.279176669004177522e-03 9.980846420313141953e-01 6.182113433834250660e-02 5.219749633594619187e-01 -9.740669629389305806e-01 -1.620283927310920552e-02 2.256790548637480909e-01 7.186886070728694342e+00
2.152046900802024598e-01 -6.313714979547015160e-02 9.745258465220009159e-01 1.391818083629196856e+01 -4.103895377008416438e-03 9.978405893281605543e-01 6.555391892206617610e-02 5.665674858035765205e-01 -9.765603495009438362e-01 -1.810686205759782369e-02 2.144808651575045855e-01 7.361147633121958300e+00
2.019643610886491247e-01 -6.681568359681518132e-02 9.771110709759488477e-01 1.470382613785088566e+01 -4.573054243976212505e-03 9.975949866495409379e-01 6.916162039940158823e-02 6.054659053186621787e-01 -9.793822036929150654e-01 -1.843656353836068199e-02 2.011730809939495102e-01 7.504946232539235318e+00
1.896213392657358776e-01 -6.939180289257829148e-02 9.794021181505367935e-01 1.549981775512905280e+01 -5.435085413378650844e-03 9.974099991108363872e-01 7.171996561395799219e-02 6.463386451592099124e-01 -9.818422604952101729e-01 -1.892276922967687722e-02 1.887530680851801368e-01 7.682570661151569169e+00
1.758373232887883719e-01 -7.009938703486645606e-02 9.819202081744383692e-01 1.629883208016706320e+01 -6.016154749415754399e-03 9.973662769408282447e-01 7.227942619324255469e-02 6.799844227053100099e-01 -9.844008627801242861e-01 -1.861680387917519219e-02 1.749524863444572309e-01 7.824073473259495870e+00
1.612722115400780365e-01 -6.933200996467038524e-02 9.844715991926060727e-01 1.710939759474945632e+01 -7.441029846656379600e-03 9.974155274642888536e-01 7.146255382686628188e-02 7.209997420439105964e-01 -9.868819189481006227e-01 -1.885040577413581511e-02 1.603395050084272799e-01 7.976134527550529540e+00
1.451020559052936809e-01 -6.841405735542595290e-02 9.870485770490708965e-01 1.788584207193587616e+01 -8.355573912877303083e-03 9.974862576564570427e-01 7.036583067079636711e-02 7.537178167504415827e-01 -9.893814203366938509e-01 -1.845758315336014366e-02 1.441656666319187097e-01 8.072074219923786487e+00
1.240988810910797213e-01 -6.700096235235519782e-02 9.900052130926780825e-01 1.870930595259089912e+01 -1.103157313327412896e-02 9.975629030646128159e-01 6.889527404478539008e-02 7.949303193994990968e-01 -9.922085412482426481e-01 -1.947114045384848099e-02 1.230573126895913305e-01 8.179338909173276662e+00
9.954711486572385970e-02 -6.557840301050546494e-02 9.928694919480994807e-01 1.953160747031889244e+01 -1.555695152565913196e-02 9.976013147242643875e-01 6.745070861663014783e-02 8.408717906901693739e-01 -9.949112374788594559e-01 -2.216054513845506016e-02 9.828813124400447021e-02 8.266620459741258031e+00
6.959457214965399097e-02 -6.485136991858371502e-02 9.954651567351909813e-01 2.034978147586238251e+01 -1.902033446653753068e-02 9.976170167706109870e-01 6.632129905558196981e-02 8.862906988735028690e-01 -9.973940243107690673e-01 -2.354968181336123539e-02 6.819523331507733321e-02 8.318882806921964246e+00
3.551677053178491777e-02 -6.469975645803614783e-02 9.972725221012739283e-01 2.121761763006913171e+01 -2.261029415315927646e-02 9.975946728663125374e-01 6.552589761046848094e-02 9.219075111981522852e-01 -9.991132823412827157e-01 -2.487589250229015406e-02 3.396845916252658887e-02 8.322591680068255116e+00
1.017237111459416395e-03 -6.407942169874357441e-02 9.979442748376591288e-01 2.205639081470950558e+01 -2.450914753104101174e-02 9.976434249384656949e-01 6.408508688510983209e-02 9.554037311715556369e-01 -9.996990968445816916e-01 -2.452395233884308717e-02 -5.556934775824436514e-04 8.306606303306102390e+00
-3.316519170136609379e-02 -6.332709442828947377e-02 9.974415932146726282e-01 2.288667299257537735e+01 -2.556180140665533992e-02 9.977178993548014851e-01 6.249470071239650315e-02 9.864008631211078626e-01 -9.991229562063576042e-01 -2.342375432881233996e-02 -3.470826140026337520e-02 8.279355383176307370e+00
-6.517082634623079518e-02 -6.154047544959912602e-02 9.959746562953037952e-01 2.371921842066623753e+01 -2.736796400778262681e-02 9.978312728020372058e-01 5.986439319951732813e-02 1.016595325093472058e+00 -9.974987594436703908e-01 -2.335638570915117215e-02 -6.671372751070037133e-02 8.222292306473377721e+00
-9.726540430821702110e-02 -5.854380239148909704e-02 9.935351262399829686e-01 2.454599680951838181e+01 -2.990213667597282216e-02 9.979896836985967523e-01 5.587891796638275871e-02 1.057643705818175350e+00 -9.948091879177727304e-01 -2.427373673505685628e-02 -9.882045624869036093e-02 8.134210674243831818e+00
-1.303943358714337308e-01 -5.414111270725310149e-02 9.899828482912389482e-01 2.540016417508631719e+01 -2.718937184139115157e-02 9.983276408764457654e-01 5.101626741139017596e-02 1.081793459581810390e+00 -9.910893360721764189e-01 -2.026477858339557903e-02 -1.316483339429862509e-01 8.016567362587322165e+00
-1.615863609458821903e-01 -4.853749904201738047e-02 9.856642136517590469e-01 2.621868335240883141e+01 -2.254593829156451706e-02 9.987106189265866352e-01 4.548384686470119398e-02 1.101993680183701585e+00 -9.866010061157010069e-01 -1.487315430811343361e-02 -1.624723393870531052e-01 7.855978808574502814e+00
-1.928930348730820976e-01 -4.226143533127914298e-02 9.803092528661717653e-01 2.707219166014792222e+01 -1.628074186067722182e-02 9.990723576823636876e-01 3.986679781248768373e-02 1.117539302921976230e+00 -9.810847215982746450e-01 -8.270133281961196403e-03 -1.934021480225674994e-01 7.682259832879122285e+00
-2.220522758615809666e-01 -3.688104637556451765e-02 9.743369840270141857e-01 2.787880777255801590e+01 -1.096519059843548485e-02 9.993156293978245897e-01 3.532757334123753229e-02 1.125549579921540477e+00 -9.749731111895455493e-01 -2.839221645460245861e-03 -2.223047188794979867e-01 7.480549611119698739e+00
-2.494406323042305806e-01 -3.038066398239184368e-02 9.679134101951925029e-01 2.869353734404608858e+01 -2.411003815545352709e-03 9.995241524045003212e-01 3.075151719688258914e-02 1.149002127282634511e+00 -9.683870992099036235e-01 5.337036066578848201e-03 -2.493951858328011528e-01 7.252709861208516351e+00
-2.761632663114063080e-01 -2.077390350320057824e-02 9.608861945641586910e-01 2.949890448448196878e+01 3.817807576030243354e-03 9.997347811323686884e-01 2.271104848275822680e-02 1.137421503732485073e+00 -9.611031631954564114e-01 9.940437053083645003e-03 -2.760107131846293860e-01 7.007221495397126354e+00
-3.013899755205829423e-01 -5.599603056675678779e-03 9.534845100755179326e-01 3.025629448667678645e+01 7.863164428798741917e-03 9.999341560221585157e-01 8.357885442128959105e-03 1.133459471001168062e+00 -9.534685462210525930e-01 1.001638948692612323e-02 -3.013261015452768365e-01 6.719991534391263066e+00
-3.261603695643673362e-01 1.155270879603647466e-02 9.452438480863680770e-01 3.107277810865459600e+01 9.013274559834895394e-03 9.999178731616192861e-01 -9.110861576943901988e-03 1.105932436635327809e+00 -9.452714896998375416e-01 5.548141406819312102e-03 -3.262377121096589616e-01 6.458630527405319732e+00
-3.519438805256491776e-01 2.645291990607639282e-02 9.356472264560001806e-01 3.184737096997795902e+01 7.577990966083122948e-03 9.996483424529152284e-01 -2.541191589876296703e-02 1.082848069244117806e+00 -9.359904346274717790e-01 -1.853241090859028030e-03 -3.520205781086287455e-01 6.167895106263825866e+00
-3.763206496159977599e-01 3.724490442116754757e-02 9.257405524479521697e-01 3.260109131435302743e+01 1.206096342600342097e-02 9.993039203341771426e-01 -3.530167050199951168e-02 1.051106220120844092e+00 -9.264109866549463668e-01 -2.119423674527737538e-03 -3.765079111979720006e-01 5.867462575190611318e+00
-3.997820418731136694e-01 4.192132061771280949e-02 9.156510835743700838e-01 3.340601995591793383e+01 1.566212539367697540e-02 9.991201795926966112e-01 -3.890455661306948393e-02 9.952978676053513274e-01 -9.164764213224914080e-01 -1.212300038548169354e-03 -4.000868837447704163e-01 5.506122442191034416e+00
-4.226116431665198903e-01 4.162611168526703792e-02 9.053544340018713221e-01 3.411614302051818726e+01 1.804705181192959793e-02 9.991331399719027839e-01 -3.751363077689683773e-02 9.604488847317030897e-01 -9.061311807046158462e-01 4.852821980696254457e-04 -4.229965278958894292e-01 5.142577386554591179e+00
-4.424778344202464631e-01 3.765844240433279672e-02 8.959883890528911321e-01 3.484777555404613736e+01 2.181375237533129952e-02 9.992742546914487045e-01 -3.122697677224735291e-02 9.143508349875929531e-01 -8.965141045156769239e-01 5.727624799726506108e-03 -4.429781814077136115e-01 4.750627793612244076e+00
-4.611443336486263367e-01 3.646337392066723027e-02 8.865756097116949119e-01 3.556448118205094744e+01 2.920643483320587222e-02 9.992376537603329112e-01 -2.590550951092696064e-02 8.814405822095747745e-01 -8.868443497753177862e-01 1.394753492536167719e-02 -4.618577484035316094e-01 4.358275454001113047e+00
-4.755653831034482026e-01 3.712773455010898171e-02 8.788965148260849958e-01 3.627811231941023351e+01 3.270222427523945818e-02 9.991644819038751901e-01 -2.451331425863031294e-02 8.309437478005063937e-01 -8.790723199420640288e-01 1.708418835557120805e-02 -4.763822003607915967e-01 3.988196215222916230e+00
-4.853799378321833613e-01 4.043157600039622851e-02 8.733679578649138353e-01 3.697956021680673899e+01 3.526038912932788483e-02 9.990226989725838891e-01 -2.665242650591503545e-02 7.845449645339011013e-01 -8.735920292098997564e-01 1.785874202718865100e-02 -4.863312098544430029e-01 3.555326075290485832e+00
-4.958100774777450814e-01 4.325667740413912526e-02 8.673529923382539142e-01 3.768099991907986634e+01 3.714549660443794421e-02 9.989009925218899077e-01 -2.858354702183625584e-02 7.441986351342581019e-01 -8.676362092226815870e-01 1.804624806389286407e-02 -4.968719704816316751e-01 3.169835469776978609e+00
-5.060204537469943364e-01 4.250024724585693692e-02 8.614737465117225934e-01 3.837887493277274586e+01 3.078918237380120007e-02 9.990387783652516784e-01 -3.120169095197830589e-02 6.917560517924062902e-01 -8.619717738209918823e-01 1.073537950318773082e-02 -5.068426050171348507e-01 2.771280160924104230e+00
-5.179339600762252749e-01 4.125462266719003013e-02 8.544252195859926013e-01 3.905402824106174364e+01 2.945193737996407157e-02 9.991042024362988272e-01 -3.038710265779036995e-02 6.700911775207720744e-01 -8.549134508189200066e-01 9.425966656669009999e-03 -5.186850258644535305e-01 2.373536461107692563e+00
-5.262427675213302569e-01 4.274876376702643060e-02 8.492591357949569320e-01 3.973218919821324846e+01 3.164769161686883936e-02 9.990281958070243995e-01 -3.067715019281117353e-02 6.336152363904092866e-01 -8.497452471729630696e-01 1.073346383072897210e-02 -5.270842634833378115e-01 1.935831014583529353e+00
-5.338184205949462191e-01 4.541430025447003999e-02 8.443787196559762176e-01 4.040520510116491693e+01 3.514022827616734151e-02 9.988855654143552476e-01 -3.150859413818220267e-02 5.833863184233251120e-01 -8.448686701999199578e-01 1.285179403153563667e-02 -5.348193849532913990e-01 1.504356494851267545e+00
-5.373965631229473683e-01 4.883870061215772607e-02 8.419143082156196334e-01 4.110669170920108684e+01 3.619633052874487306e-02 9.987374942528732813e-01 -3.483164032734094306e-02 5.505483523031078352e-01 -8.425525332132429712e-01 1.175580579225266042e-02 -5.384858798111141764e-01 1.059270392276302930e+00
-5.372279163431512572e-01 5.008366707799326301e-02 8.419487985054739942e-01 4.180207227456085661e+01 3.522137418384607005e-02 9.986968200194871192e-01 -3.693394674213038020e-02 5.030362599302242721e-01 -8.427013897765747164e-01 9.812647421625330865e-03 -5.382918284440422196e-01 6.219066092404179624e-01
-5.336503847845532889e-01 5.127479527955403071e-02 8.441493642937230035e-01 4.253786668942561988e+01 3.804840075710102382e-02 9.986052825292612845e-01 -3.660339928688302602e-02 4.672372225893995368e-01 -8.448488608693722757e-01 1.258511622032046189e-02 -5.348570184202616762e-01 1.484660553620893997e-01
-5.282842190859785569e-01 4.999790960630343811e-02 8.475942306618525768e-01 4.328684595933542312e+01 3.632310641386987671e-02 9.986816550838831796e-01 -3.627097567802490402e-02 4.206954471687512909e-01 -8.482902967760048707e-01 1.162587239194817074e-02 -5.294038388583808263e-01 -3.099498595135495305e-01
-5.212074758610264480e-01 4.857815968663246886e-02 8.520463111433803638e-01 4.403251160243335249e+01 3.388722257769489349e-02 9.987693397970649478e-01 -3.621411282688573319e-02 3.744598628121938444e-01 -8.527569613848153818e-01 9.998417661984178306e-03 -5.222122266746108687e-01 -7.538445347016667908e-01
-5.140235300344349056e-01 4.810398025154605239e-02 8.564261814979076126e-01 4.482274294298012052e+01 3.215811997198032846e-02 9.988050943669581905e-01 -3.679998273193459124e-02 3.315734989753449935e-01 -8.571730735190734585e-01 8.624999860528080597e-03 -5.149562551989160797e-01 -1.238627409128361778e+00
-5.073410408366690882e-01 4.637589568393492984e-02 8.604965608100827446e-01 4.561378719047950625e+01 2.893713948997437072e-02 9.989045491743997474e-01 -3.677422390679919301e-02 2.814914015567813732e-01 -8.612593816297908766e-01 6.243236958212994292e-03 -5.081272606504527722e-01 -1.707407436650921984e+00
-5.031815014106784112e-01 4.413726889391674651e-02 8.630528747666048606e-01 4.642883573842271971e+01 2.505652207891686037e-02 9.990201309531866469e-01 -3.648216830890566725e-02 2.347103030690937120e-01 -8.638174341990818572e-01 3.267952143864418825e-03 -5.037943771017581174e-01 -2.153315990556393000e+00
-5.010684310453161761e-01 4.160145301233454662e-02 8.644071569509702568e-01 4.728070848463398335e+01 2.070486472535104303e-02 9.991342681138601911e-01 -3.608355327650832056e-02 2.032944180234520504e-01 -8.651599553368620743e-01 -1.828952470333894615e-04 -5.014959938026070096e-01 -2.616324805755072980e+00
-5.017286190108791732e-01 3.925999485803133293e-02 8.641336888165014329e-01 4.811985224602618416e+01 1.790843512099313251e-02 9.992268537447709376e-01 -3.499975244992153262e-02 1.496922908113021977e-01 -8.648396921632230949e-01 -2.085094448982883434e-03 -5.020437956961706361e-01 -3.094035142625093382e+00
-5.031284248245582180e-01 3.784462096579725709e-02 8.633826262423720532e-01 4.895940639414768469e+01 1.632173758766620325e-02 9.992786382173097781e-01 -3.428999930416136432e-02 1.084691358323286031e-01 -8.640575219951631691e-01 -3.160367771921795445e-03 -5.033831783958038208e-01 -3.580280044642534687e+00
-5.037886498496797483e-01 3.741808768585764416e-02 8.630161467241713735e-01 4.984307697583790286e+01 1.635688903010660070e-02 9.992954875564824535e-01 -3.377840579832260687e-02 5.211116343294707604e-02 -8.636720794100792853e-01 -2.900917203717150172e-03 -5.040457692005902990e-01 -4.079345760376837937e+00
-5.033275587484192792e-01 3.674055541871760339e-02 8.633142456216335026e-01 5.070841180711876461e+01 1.624550867720519001e-02 9.993214199931513830e-01 -3.305726786875844841e-02 1.262445120208172122e-02 -8.639429751721989792e-01 -2.613653959216174875e-03 -5.035828809580070731e-01 -4.588013103143311788e+00
-5.034122029793943742e-01 3.626540367058697645e-02 8.632849824305618425e-01 5.160067057439991345e+01 1.650386897683646034e-02 9.993401090692315414e-01 -3.235689543847967281e-02 -3.582341020184548475e-02 -8.638887593293106404e-01 -2.041312861341227497e-03 -5.036785265186995986e-01 -5.109351816654861267e+00
-5.040819708345283257e-01 3.552763915235156861e-02 8.629247592044539950e-01 5.246311035891378083e+01 1.587416494995897570e-02 9.993658888306687915e-01 -3.187210533014205038e-02 -9.630955621037957937e-02 -8.635099245814539248e-01 -2.367942791998950847e-03 -5.043262996460645686e-01 -5.614404377754453002e+00
-5.042374264619765567e-01 3.413090390259826412e-02 8.628903091741374487e-01 5.335429320288736932e+01 1.434479628228995871e-02 9.994118293035327838e-01 -3.114839064758123319e-02 -1.384101799439939884e-01 -8.634459200539662538e-01 -3.328197736942017145e-03 -5.044304508621502148e-01 -6.127951959934757831e+00
-5.044199217352989262e-01 3.360031861134069736e-02 8.628044666440505273e-01 5.427334050772129359e+01 1.404236171237045576e-02 9.994296492896214135e-01 -3.071136876108982935e-02 -1.958059166773107873e-01 -8.633442922232043015e-01 -3.375612916763902262e-03 -5.046040545170844549e-01 -6.630562012564270802e+00
-5.036713800842829158e-01 3.265497531871786735e-02 8.632779274209743114e-01 5.516627979576301755e+01 1.261745094294703003e-02 9.994568143248120373e-01 -3.044464167473512686e-02 -2.427293909652097070e-01 -8.638031911909055394e-01 -4.441726895488572191e-03 -5.038098167701454688e-01 -7.142464680563707979e+00
-5.023636147998901125e-01 3.135168715746718821e-02 8.640878755747596340e-01 5.605684690893421163e+01 1.197983405996175775e-02 9.994988723321398538e-01 -2.929996176558215953e-02 -3.019005332496546012e-01 -8.645734754326460658e-01 -4.367604447637975056e-03 -5.024874557192302582e-01 -7.670441293586788944e+00
-5.002720742692270406e-01 2.899717892774273525e-02 8.653825753737257598e-01 5.695430370085994554e+01 1.268553591741896670e-02 9.995772676030151294e-01 -2.616033727550197419e-02 -3.518229202184340876e-01 -8.657753410917641279e-01 -2.109443531067113371e-03 -5.004284390289748252e-01 -8.169764075774557099e+00
-4.979712670445506362e-01 2.788396204373971149e-02 8.667451114711810511e-01 5.782956736682185550e+01 1.330940732253087060e-02 9.996109420420357106e-01 -2.451171561830466084e-02 -3.986289293005220724e-01 -8.670913961476797160e-01 -6.702654163915134668e-04 -4.981486475887906273e-01 -8.677633812766526233e+00
-4.953829919107592406e-01 2.689884149953995079e-02 8.682581010322611981e-01 5.872528177235054159e+01 1.281627109136610800e-02 9.996379858369254245e-01 -2.365672091058994286e-02 -4.582889771569915727e-01 -8.685801327262652194e-01 -5.913050467485661500e-04 -4.955484003181841457e-01 -9.195709266758598233e+00
-4.934958107037424324e-01 2.721706598549326547e-02 8.693222086563529016e-01 5.960741419010354036e+01 1.352353534747926210e-02 9.996295420559361267e-01 -2.361975056191915889e-02 -4.979392640332652720e-01 -8.696430367044020171e-01 1.000626084883766070e-04 -4.936810634377179485e-01 -9.705375784450048116e+00
-4.926567046256117299e-01 2.784493404604742109e-02 8.697781426022835882e-01 6.048709086553249392e+01 1.366339472750036088e-02 9.996122523032486828e-01 -2.426224773629173659e-02 -5.432266326075624319e-01 -8.701164838834528625e-01 -6.883598693944901700e-05 -4.928461356723423115e-01 -1.018581538773217865e+01
-4.939783399567079236e-01 2.872144199951593910e-02 8.689996920362116350e-01 6.136428333649647016e+01 1.282006514022950884e-02 9.995862067060881095e-01 -2.574997610123709244e-02 -5.900213334412244270e-01 -8.693796972868542694e-01 -1.579296862811001897e-03 -4.941421470127910220e-01 -1.065243770736253381e+01
-4.956949609359851960e-01 3.083554331658055689e-02 8.679491121821898414e-01 6.226891256405099995e+01 1.192510354357251452e-02 9.995169576309007597e-01 -2.869918623981536354e-02 -6.386312079273678277e-01 -8.684148260190079904e-01 -3.875658065168788476e-03 -4.958232375363696987e-01 -1.118120726255560982e+01
-4.998723251289500791e-01 3.143755078100950867e-02 8.655283504354664981e-01 6.313401377991704777e+01 1.057908126185931087e-02 9.994880889996942130e-01 -3.019342587816714954e-02 -6.928348558491225218e-01 -8.660344992998588731e-01 -5.936362361214976915e-03 -4.999490166097166344e-01 -1.166329507292996759e+01
-5.055455760763412076e-01 3.002203407840172214e-02 8.622774115727303013e-01 6.401330599286845313e+01 1.079465049963481554e-02 9.995362975310400078e-01 -2.847218673754851534e-02 -7.319101179460362205e-01 -8.627323793009338271e-01 -5.086003865959120782e-03 -5.056352319233770043e-01 -1.217021639095791130e+01
-5.106488692445547706e-01 2.787833881113011003e-02 8.593372546193773776e-01 6.488764782877051118e+01 1.347816913293669976e-02 9.996109294679317303e-01 -2.441984072060314134e-02 -7.970443239157097848e-01 -8.596837112930520997e-01 -8.876702645198868060e-04 -5.108259409924194028e-01 -1.269198072611196082e+01
-5.158408836035764944e-01 2.567651707094150207e-02 8.562995305220473252e-01 6.574794185750279496e+01 1.085879844947219668e-02 9.996664110140367487e-01 -2.343401730272579378e-02 -8.405876035454871165e-01 -8.566155972038689281e-01 -2.789839269138552277e-03 -5.159476220949436032e-01 -1.319654452506462405e+01
-5.212004283585612852e-01 2.781920911815246797e-02 8.529807687610622136e-01 6.659091795160182414e+01 1.183796632414660030e-02 9.996080886684943767e-01 -2.536792463069634587e-02 -8.925144567316182220e-01 -8.533522063040935857e-01 -3.124214667021438241e-03 -5.213254880658426682e-01 -1.372198577887515647e+01
-5.266453358898051107e-01 3.079129466330288514e-02 8.495272645718207061e-01 6.744058827244282384e+01 1.257567524263590586e-02 9.995166290967817391e-01 -2.843168175243767845e-02 -9.363165461270378520e-01 -8.499920908135876196e-01 -4.290032711423865178e-03 -5.267779933759572097e-01 -1.423475924106493551e+01
-5.309199078716394515e-01 3.063671623039728245e-02 8.468680121552610851e-01 6.825619601329066199e+01 1.097570989856943430e-02 9.995110498073238592e-01 -2.927789411467997607e-02 -9.807504716737738271e-01 -8.473509290762855084e-01 -6.249238356164953274e-03 -5.309965753819919643e-01 -1.476464425969356320e+01
-5.347911152382749389e-01 3.117210300594231917e-02 8.444091129859119249e-01 6.909509042883189522e+01 1.037709378259537088e-02 9.994862302605008741e-01 -3.032476584322644705e-02 -1.023776996313745080e+00 -8.449205824821690580e-01 -7.454901935527160836e-03 -5.348398327711686440e-01 -1.526443811188890010e+01
-5.383155615165291508e-01 3.059190402892350211e-02 8.421879117730762809e-01 6.991852013227934037e+01 1.050073098653845141e-02 9.995068292488515915e-01 -2.959447436377070709e-02 -1.085490277100182199e+00 -8.426779352308128024e-01 -7.087576528415510078e-03 -5.383713185666650913e-01 -1.577955870817398321e+01
-5.410564897156229236e-01 2.411445714065111809e-02 8.406404433726790693e-01 7.074160036302754406e+01 1.206398437031927680e-02 9.997085154398034357e-01 -2.091278119111788375e-02 -1.127162254356341098e+00 -8.408997245863273351e-01 -1.173521899115212907e-03 -5.411896977194841085e-01 -1.632357186442635211e+01
-5.425741873945959526e-01 1.614447353414736816e-02 8.398527217944874446e-01 7.156604090661735995e+01 1.276299248553645384e-02 9.998583185546272567e-01 -1.097491770548717632e-02 -1.162518098624460539e+00 -8.399109290615389689e-01 4.764327893308196137e-03 -5.427033676749984936e-01 -1.683750169070994573e+01
-5.447111094833555489e-01 1.286663324890713160e-02 8.385250408590386728e-01 7.236188032054766950e+01 1.290999186946406758e-02 9.998924652028362559e-01 -6.956300660915681021e-03 -1.191688033720169848e+00 -8.385243889324298650e-01 7.036178202914867771e-03 -5.448186433943211782e-01 -1.734342913658090524e+01
-5.457234703042106450e-01 1.788166712930231578e-02 8.377745085387421353e-01 7.313363752465176049e+01 1.287851820303066719e-02 9.998331851720139163e-01 -1.295166306497534496e-02 -1.224537585156941555e+00 -8.378663671656759737e-01 3.721268703718944026e-03 -5.458627260913083701e-01 -1.785223926450496279e+01
-5.473977282589228555e-01 2.343612270470067302e-02 8.365443577626641147e-01 7.392896727229428677e+01 1.330657518973985161e-02 9.997251758631203744e-01 -1.930046059736895830e-02 -1.274618935539182818e+00 -8.367667976321785384e-01 5.665130365230089437e-04 -5.475591458566499981e-01 -1.838899186338397485e+01
-5.476603119832313959e-01 2.850185291488948475e-02 8.362151722645629892e-01 7.476244240537749874e+01 1.962874202640533389e-02 9.995822370262501533e-01 -2.121470892146212414e-02 -1.306889015466026205e+00 -8.364705055268317757e-01 4.795398749203843257e-03 -5.479909764780400705e-01 -1.892603546673266735e+01
-5.472453709190094884e-01 2.872656881464761072e-02 8.364790944854259003e-01 7.556468502030531909e+01 2.213507487718938127e-02 9.995579946817072514e-01 -1.984574742964274538e-02 -1.365247021472700606e+00 -8.366794809983003622e-01 7.655034963434842119e-03 -5.476393514840244281e-01 -1.943542657704857390e+01
-5.464080678310219152e-01 2.641500054190791882e-02 8.371024181044665058e-01 7.633521937597707563e+01 2.238139973932249532e-02 9.996060842721897766e-01 -1.693367044655236589e-02 -1.388209201976250862e+00 -8.372199877132827650e-01 9.482830698294768615e-03 -5.467840349639420117e-01 -1.996705668206395856e+01
-5.465856268283884045e-01 2.100229504867440200e-02 8.371397991879031553e-01 7.712431445837061972e+01 2.049377451911087167e-02 9.997215145237223766e-01 -1.170036626437157522e-02 -1.410615460657029585e+00 -8.371524169598929532e-01 1.076090327823550803e-02 -5.468638281468471973e-01 -2.046421211605445123e+01
-5.456323193539872607e-01 1.505945597162968060e-02 8.378893555087322254e-01 7.793068369701246922e+01 1.859938937426379446e-02 9.998098565293500606e-01 -5.857770124241287388e-03 -1.441776793746669227e+00 -8.378182656663114569e-01 1.238804271760540754e-02 -5.458086687949789129e-01 -2.097414015698983647e+01
-5.453399452281060267e-01 8.286484688433048626e-03 8.381740067016074658e-01 7.875446685590935658e+01 9.727597434145454983e-03 9.999463601738804996e-01 -3.556769112555948926e-03 -1.471396532580738103e+00 -8.381585348238248523e-01 6.213772033302364557e-03 -5.453913020535197109e-01 -2.150849032449808718e+01
-5.440400658405730727e-01 3.125929204674134359e-03 8.390534086090093435e-01 7.954609014416689661e+01 1.308669554923396232e-03 9.999950051589823197e-01 -2.876984393331946839e-03 -1.504133268491197217e+00 -8.390582254478150537e-01 -4.671501956781867054e-04 -5.440414404338512755e-01 -2.199199061319000847e+01
-5.427111213698317949e-01 3.833539149782961165e-03 8.399106677898664497e-01 8.029638639904322872e+01 4.985156135898054230e-03 9.999866722122024987e-01 -1.342984549318609454e-03 -1.514199250916839601e+00 -8.399046365681228643e-01 3.458234136910770615e-03 -5.427230002023667454e-01 -2.247852934091120147e+01
-5.387360567265798705e-01 6.923742487135867325e-03 8.424461466776049789e-01 8.113230730669432944e+01 9.569939245432406566e-03 9.999520054582748951e-01 -2.098338919664928352e-03 -1.546788761226896236e+00 -8.424202568110652489e-01 6.931708606174727567e-03 -5.387764613153522841e-01 -2.301409910288811744e+01
-5.334533097528579848e-01 1.023204748004489378e-02 8.457676149547104227e-01 8.192208871033922435e+01 1.058358695539829940e-02 9.999292940803584662e-01 -5.421670335838381372e-03 -1.574682474987891379e+00 -8.457633036148487493e-01 6.059048104263522333e-03 -5.335238843991525481e-01 -2.349345371181192732e+01
-5.264258549611124938e-01 1.136920729617532308e-02 8.501450154056908737e-01 8.271731422750566765e+01 1.521392423834729002e-02 9.998764559889437020e-01 -3.950853400716451171e-03 -1.595254401206398054e+00 -8.500849178794811500e-01 1.085421151559509342e-02 -5.265337896532886752e-01 -2.397003029112123329e+01
-5.182910949150868474e-01 1.372479113583933812e-02 8.550941221680666837e-01 8.349458899693614455e+01 2.138303507932728595e-02 9.997665934837860480e-01 -3.086151202816332824e-03 -1.643232552381288070e+00 -8.549369092251146718e-01 1.668498401893132865e-02 -5.184636012893242274e-01 -2.447763502547052639e+01
-5.083103902627958970e-01 1.394720363581512627e-02 8.610609788036329704e-01 8.430950379042812415e+01 2.139242083093387953e-02 9.997647988412298181e-01 -3.565290116522639666e-03 -1.646564112214978781e+00 -8.609081970107133053e-01 1.660790590721029220e-02 -5.084892007307798556e-01 -2.494122205225133726e+01
-4.969752654253644653e-01 1.145071020401530054e-02 8.676891454644918289e-01 8.514346279819557139e+01 1.789401494783153870e-02 9.998355500334604740e-01 -2.945689782510350387e-03 -1.672955147187977554e+00 -8.675801992868934498e-01 1.406250865890678985e-02 -4.970984382593506279e-01 -2.540476484113640865e+01
-4.856420995237283877e-01 9.109856855219897881e-03 8.741102606983787160e-01 8.593147515549657101e+01 1.926367888989210034e-02 9.998143981450311468e-01 2.826744390096639736e-04 -1.698674218247382628e+00 -8.739454642348984947e-01 1.697585909902386836e-02 -4.857274540355445147e-01 -2.583996845418112898e+01
-4.741438589326607556e-01 8.045981380615538012e-03 8.804106139851548551e-01 8.674038096700590472e+01 1.931662529418619323e-02 9.998126153489966805e-01 1.265757990191077303e-03 -1.715305448871849991e+00 -8.802354695397966999e-01 1.760671443900060570e-02 -4.742104340965328513e-01 -2.627494831891637261e+01
-4.621508115766332914e-01 7.199060335065489424e-03 8.867721165566699870e-01 8.754482123068234500e+01 1.929627729913719128e-02 9.998119278923414122e-01 1.939714806029284267e-03 -1.726067235327279015e+00 -8.865913906976944370e-01 1.800784256863350447e-02 -4.622028102108135528e-01 -2.666975018921938911e+01
-4.494265596996783185e-01 8.889954527633258524e-03 8.932730387569728370e-01 8.842216958188917886e+01 2.211421998964576904e-02 9.997547584589784320e-01 1.176509973119623789e-03 -1.746928746405293165e+00 -8.930435274597032791e-01 2.028279247849193792e-02 -4.495129373039893350e-01 -2.709921693993540615e+01
