1 0 0 0 0 1 0 0 0 0 1 0
0.99986439 0.0010324308 0.016436076 0.006019729 -0.0010244994 0.99999935 -0.00049097948 -0.0026121203 -0.016436574 0.00047407416 0.9998648 0.12341989
0.99931354 0.0036901047 0.036862284 0.026966373 -0.003673428 0.99999312 -0.00052013225 0.00073541171 -0.036863952 0.00038436429 0.99932022 0.27015118
0.99793809 0.0056005858 0.063939098 0.054661998 -0.0056630785 0.99998365 0.00079618135 -0.00070335889 -0.063933599 -0.0011566318 0.99795348 0.42258249
0.99523941 0.0049668496 0.097333645 0.11303894 -0.0052933285 0.9999812 0.0030962838 -0.0017590403 -0.097316445 -0.0035967626 0.99524699 0.60165897
0.99083734 0.0016029961 0.13505109 0.17502607 -0.0022922215 0.99998513 0.0049480993 0.00091576998 -0.13504116 -0.0052123286 0.99082628 0.79751287
0.98464979 -0.0013313132 0.17453659 0.24083416 0.00032200852 0.99998306 0.0058109595 -0.008264653 -0.17454138 -0.0056655578 0.98463354 0.98997799
0.9759547 -0.0017886185 0.2179661 0.33666824 0.00030394373 0.99997653 0.0068448314 -0.0062666931 -0.21797324 -0.0066139959 0.97593234 1.1846762
0.9639692 -0.0016296501 0.26600888 0.42681576 -0.0010946182 0.99994847 0.010092687 0.0022691335 -0.26601164 -0.010020217 0.96391774 1.4111332
0.94994257 -0.005632284 0.3123738 0.56503525 0.00036977874 0.99985706 0.016903499 0.0087466978 -0.31242438 -0.015941844 0.94980886 1.6432973
0.9324232 -0.015128687 0.36105136 0.70276962 0.0064782531 0.99966251 0.025157384 -0.00527677 -0.36131014 -0.021118347 0.93220653 1.861468
0.91169109 -0.02107883 0.41033527 0.85771747 0.0096739245 0.99950755 0.02985076 -0.0047349289 -0.41076246 -0.023245119 0.91144604 2.0770772
0.88660399 -0.022811546 0.46196643 1.0420703 0.0082553984 0.99940442 0.033506095 -0.00035236152 -0.46245566 -0.025892921 0.88626426 2.3132017
0.85829126 -0.024983725 0.5125543 1.211245 0.0062337685 0.99924806 0.038268238 0.017088658 -0.51312501 -0.02965015 0.85780162 2.5333037
0.82625035 -0.030224938 0.56249158 1.4553322 0.0074821187 0.99906022 0.042692959 0.018507732 -0.56325341 -0.031066444 0.82570001 2.7609156
0.7901822 -0.035859596 0.61182199 1.6845619 0.009551297 0.99888608 0.046210151 0.023779777 -0.61279759 -0.030670745 0.78964451 2.9815618
0.7525389 -0.040165901 0.65732174 1.9442592 0.010466956 0.99874171 0.049045341 0.030497484 -0.65846464 -0.03002837 0.7520124 3.1824827
0.71225817 -0.043744147 0.70055314 2.2385362 0.011982943 0.9986685 0.050175997 0.045326336 -0.70181532 -0.027343576 0.71183398 3.4168184
0.67069681 -0.045489822 0.74033534 2.5331039 0.011270287 0.99862737 0.051150383 0.060611081 -0.74164602 -0.025962607 0.67028887 3.611714
0.62913906 -0.045982068 0.77593147 2.8622957 0.0067051151 0.99853262 0.053736891 0.079205516 -0.77726388 -0.028605267 0.62852418 3.8162986
0.58699249 -0.046899071 0.80823279 3.2127992 0.0039311957 0.99847404 0.055083044 0.095667688 -0.80958286 -0.029156012 0.58628113 4.0386551
0.54653295 -0.047950206 0.83606367 3.5958468 0.0016219092 0.99841814 0.056201376 0.1195977 -0.83743607 -0.029359884 0.54574617 4.2283285
0.50769817 -0.050659044 0.86004428 4.0126101 0.0011527737 0.99830878 0.058122713 0.13157605 -0.86153427 -0.028517358 0.50689794 4.4369331
0.46995601 -0.050262501 0.88125761 4.4322845 -0.0021246315 0.99831016 0.05807161 0.15791941 -0.88268732 -0.029163449 0.46905507 4.6304007
0.43349455 -0.049594401 0.89979042 4.8890518 -0.0030455804 0.99839814 0.056496711 0.17980972 -0.90115108 -0.0272314 0.43264911 4.8203369
0.39981978 -0.04827883 0.91532138 5.3883095 -0.0022026376 0.99855838 0.053631313 0.19623955 -0.91659117 -0.023458981 0.39913704 5.0118185
0.37009477 -0.046624136 0.92782325 5.9010865 -4.2235558e-05 0.99873895 0.050204574 0.22155121 -0.92899404 -0.018619637 0.36962609 5.1842239
0.3447147 -0.044639091 0.93764549 6.4368028 0.0010812545 0.9988869 0.047157139 0.24267588 -0.93870692 -0.015241925 0.34437926 5.3594986
0.32405106 -0.044228363 0.94500513 7.0065042 0.002285676 0.99894026 0.045968869 0.27128015 -0.94603687 -0.012736284 0.32380874 5.5477667
0.30955383 -0.044855038 0.94982334 7.5998201 0.0034350412 0.99893301 0.04605472 0.29502959 -0.95087575 -0.010993732 0.30937762 5.7359344
0.2965859 -0.046398863 0.95387833 8.2088771 0.0041191345 0.99887192 0.047306708 0.31421903 -0.95499734 -0.010101349 0.29644245 5.8932632
0.2866034 -0.0480935 0.95684138 8.852935 0.0030781129 0.99878029 0.049279476 0.33927086 -0.95804441 -0.011178399 0.28640186 6.0877973
0.2754361 -0.049781173 0.96002954 9.4970851 0.0011087839 0.99867408 0.051466925 0.36690689 -0.96131878 -0.013111383 0.27512609 6.2795085
0.26525747 -0.051379767 0.96280762 10.213702 0.00058154998 0.99858749 0.053128923 0.39788108 -0.96417748 -0.013532922 0.26491267 6.4807126
0.25505744 -0.053597008 0.96543927 10.909841 -0.00029758678 0.99845816 0.055508692 0.42593706 -0.9669259 -0.014445206 0.25464823 6.6482275
0.24466755 -0.055041286 0.96804347 11.659835 -0.00047674918 0.99838053 0.056886694 0.46033117 -0.96960695 -0.014379841 0.24424507 6.8352617
0.23379489 -0.05644268 0.97064623 12.407997 -0.0013112323 0.99829438 0.058366239 0.49006273 -0.9722851 -0.01491847 0.23332211 7.0155901
0.22485827 -0.059471118 0.97257486 13.153722 -0.0021293862 0.99810331 0.061524446 0.52473957 -0.9743892 -0.015905267 0.22430514 7.2129162
0.21358832 -0.062919975 0.97489539 13.942203 -0.0041750475 0.99785586 0.065316553 0.56117491 -0.97691488 -0.018021087 0.21286766 7.3813022
0.20005646 -0.0664656 0.97752732 14.742681 -0.0044121034 0.99762519 0.068735087 0.5981549 -0.97977448 -0.018063849 0.19928811 7.5459634
0.18814813 -0.069138391 0.97970408 15.496503 -0.0053886373 0.99743147 0.07142429 0.64089742 -0.98212592 -0.018717616 0.18729231 7.6952127
0.17372458 -0.06995136 0.98230672 16.319121 -0.0058218532 0.9973837 0.072054626 0.67669155 -0.98477711 -0.018236505 0.17286282 7.8387814
0.15990528 -0.06892153 0.98472333 17.115259 -0.0076226725 0.99744365 0.071049649 0.71692548 -0.98710297 -0.018867437 0.15897114 7.9717752
0.14365301 -0.068027777 0.98728717 17.92364 -0.0080604199 0.99752104 0.069905741 0.75692777 -0.98959533 -0.018000119 0.14274856 8.0750312
0.12285725 -0.066495321 0.99019412 18.736713 -0.0111695 0.99759694 0.068378291 0.79321686 -0.99236154 -0.019460741 0.12181929 8.1872158
0.097357565 -0.064955802 0.99312747 19.562154 -0.015214146 0.99765418 0.066743334 0.83660745 -0.99513322 -0.021607555 0.096140933 8.2665281
0.068106494 -0.064565557 0.99558662 20.362329 -0.019279176 0.99763223 0.066017075 0.87418 -0.99749181 -0.02369028 0.066700461 8.3149628
0.033529981 -0.064394795 0.997361 21.227722 -0.022313034 0.9976252 0.065161988 0.91572962 -0.99918865 -0.02443903 0.032013509 8.3317144
-0.00065950492 -0.063908875 0.99795548 22.066245 -0.024034597 0.99766847 0.063874611 0.94902511 -0.99971095 -0.023943332 -0.0021939929 8.3198214
-0.034770955 -0.062685873 0.99742738 22.928826 -0.024717849 0.99777956 0.061846326 0.97781622 -0.99908963 -0.022503803 -0.03624321 8.2746237
-0.066078792 -0.060711587 0.99596567 23.75298 -0.026846829 0.99789408 0.059047946 1.0105493 -0.99745322 -0.022836703 -0.06756955 8.2369067
-0.099332143 -0.057296673 0.99340331 24.617979 -0.028754392 0.99808917 0.054691738 1.0478852 -0.99463883 -0.02313206 -0.10078987 8.1596843
-0.1302332 -0.053243842 0.99005269 25.432863 -0.026778382 0.99838167 0.050169291 1.0716362 -0.99112175 -0.019978301 -0.13144823 8.0294153
-0.16290891 -0.047373578 0.98550309 26.292431 -0.021415083 0.99878108 0.04447183 1.0908442 -0.98640872 -0.013859772 -0.16372485 7.8821555
-0.19403946 -0.041412248 0.98011919 27.100109 -0.015991882 0.99910934 0.039048627 1.1075057 -0.98086341 -0.0080969749 -0.1945289 7.6742302
-0.2221979 -0.035942319 0.97433883 27.924929 -0.0097623704 0.99935222 0.034638729 1.1192489 -0.97495275 -0.001815203 -0.22240484 7.5071416
-0.25011701 -0.028949062 0.9677827 28.740123 -0.0015478196 0.99956359 0.029499693 1.1322096 -0.96821442 0.005880423 -0.25005267 7.2741094
-0.27732061 -0.018900719 0.96059147 29.539155 0.0056280391 0.99975737 0.021296155 1.1312964 -0.96076099 0.01131211 -0.27714695 7.0228949
-0.30179923 -0.0036877302 0.95336433 30.330547 0.0090488545 0.99993639 0.0067324038 1.1198667 -0.9533286 0.010658691 -0.30174667 6.7658475
-0.32637942 0.013482393 0.94514265 31.101984 0.0100233 0.99989142 -0.010802104 1.0986179 -0.94518574 0.0059478646 -0.32647912 6.4858722
-0.35192502 0.027814223 0.93561481 31.873852 0.0087463083 0.99961249 -0.026426899 1.0673816 -0.93598737 -0.0011171108 -0.35203192 6.1919331
-0.37628499 0.038782396 0.92569188 32.62575 0.012612852 0.99924537 -0.036736955 1.0328726 -0.92641815 -0.0021479494 -0.37649019 5.8621354
-0.40003944 0.043471471 0.91546633 33.384997 0.016916204 0.99905453 -0.040048682 0.98679572 -0.91634184 -0.00053483583 -0.40039658 5.5273284
-0.42240685 0.042714276 0.90539929 34.140291 0.019017618 0.99908677 -0.038261677 0.93888018 -0.90620685 0.0010565445 -0.42283342 5.1708856
-0.44277 0.039347404 0.89577142 34.878239 0.022861742 0.99920728 -0.032590589 0.8967483 -0.89634376 0.0060487608 -0.44331856 4.7827618
-0.46089474 0.038344762 0.88662599 35.587765 0.030699854 0.99915705 -0.027252797 0.86475328 -0.88692369 0.014658619 -0.4616834 4.3991518
-0.47476219 0.039157562 0.87924256 36.294174 0.034083411 0.99907838 -0.026090591 0.81370506 -0.87945395 0.017580761 -0.47565927 4.0014792
-0.48569648 0.042476568 0.87309484 37.012836 0.037142515 0.99891943 -0.027935888 0.7652239 -0.87333809 0.018860577 -0.48674934 3.603889
-0.49556186 0.045134009 0.86739916 37.691417 0.038606766 0.9988066 -0.029914837 0.72461016 -0.86771425 0.018662825 -0.49671293 3.1993417
-0.50623267 0.044086468 0.8612693 38.386485 0.03222868 0.99896197 -0.032191434 0.67260325 -0.86179456 0.011461218 -0.50712804 2.8012045
-0.51772883 0.042966164 0.85446516 39.082103 0.030858643 0.99902608 -0.03153775 0.64940173 -0.85498811 0.010039634 -0.51855048 2.3848066
-0.52620808 0.044366466 0.84919763 39.750947 0.033205766 0.99894841 -0.031614158 0.60718276 -0.8497073 0.011562633 -0.52712794 1.9697284
-0.53352142 0.047742669 0.84443796 40.433835 0.036753987 0.99877114 -0.033246919 0.5563315 -0.84498764 0.01329852 -0.53462053 1.5373129
-0.53711365 0.050821707 0.84197745 41.142192 0.037577788 0.99863396 -0.036305889 0.52207791 -0.84267247 0.012139262 -0.5382897 1.0883657
-0.5370399 0.05242906 0.84192594 41.839716 0.03683968 0.99857214 -0.038684899 0.47422899 -0.84275207 0.010240949 -0.53820455 0.64130327
-0.53380378 0.053279065 0.8439282 42.559465 0.039396463 0.99849633 -0.038118135 0.43415838 -0.84469018 0.012900183 -0.53510012 0.19328664
-0.52788109 0.052180247 0.84771382 43.311177 0.037852986 0.99856456 -0.037894238 0.39244278 -0.84847438 0.012084848 -0.52909853 -0.27765319
-0.52115264 0.050835397 0.85194814 44.072376 0.035421787 0.99865274 -0.037921029 0.34848906 -0.85272814 0.010414882 -0.52225119 -0.72636418
-0.51395913 0.050133925 0.85634838 44.853961 0.033419075 0.99870305 -0.038410612 0.29577345 -0.85716349 0.0088768874 -0.51496798 -1.1805375
-0.50755828 0.048685185 0.86024083 45.65146 0.030880577 0.99878878 -0.03830616 0.25206823 -0.8610639 0.0071221251 -0.50844694 -1.6477465
-0.50345387 0.046604923 0.86276423 46.463578 0.02635452 0.9989079 -0.038580343 0.19841234 -0.86362011 0.0033143149 -0.5041323 -2.0932388
-0.50166647 0.04363888 0.86395969 47.309594 0.021465769 0.99904724 -0.03799789 0.15251926 -0.86479479 -0.00051670715 -0.50212524 -2.5774567
-0.50210417 0.041351837 0.8638179 48.152712 0.019017009 0.99914257 -0.036776107 0.10764652 -0.86459807 -0.0020382027 -0.50246004 -3.0502757
-0.5031901 0.039862036 0.86325586 49.000428 0.017106144 0.9991993 -0.036168275 0.053589988 -0.86400646 -0.0034325378 -0.50346908 -3.532025
-0.50357145 0.039564967 0.86304713 49.864264 0.017708725 0.99921367 -0.035474593 0.0092836372 -0.86377211 -0.0025805271 -0.50387612 -4.0364854
-0.50346122 0.038780947 0.86314702 50.747903 0.017191649 0.99924405 -0.034868105 -0.042896109 -0.86384681 -0.0027158179 -0.50374734 -4.5470358
-0.50369298 0.038032762 0.86304509 51.63441 0.017338302 0.99927424 -0.033917089 -0.092193694 -0.86370877 -0.0021200622 -0.50398684 -5.0531515
-0.50427552 0.037664535 0.862721 52.520914 0.017124311 0.99928806 -0.033617298 -0.1484862 -0.86337305 -0.002178877 -0.50456148 -5.5531734
-0.50437986 0.036265193 0.86271996 53.424233 0.015545813 0.9993371 -0.032919322 -0.19966871 -0.86334196 -0.0031921587 -0.50460928 -6.075444
-0.50460878 0.035550217 0.86261585 54.314634 0.015071742 0.99936233 -0.032369234 -0.25121928 -0.86321659 -0.0033326756 -0.50482281 -6.5927825
-0.50372465 0.034709342 0.86316666 55.213165 0.013812324 0.99938837 -0.032126476 -0.30584488 -0.86375388 -0.0042605598 -0.50389597 -7.1000606
-0.50258143 0.033467914 0.86388179 56.112987 0.013422126 0.99943203 -0.030910702 -0.36308245 -0.86442571 -0.0039400144 -0.50274519 -7.6199906
-0.50012453 0.031343458 0.86538603 57.009073 0.013913025 0.99950658 -0.02816055 -0.41277686 -0.86584175 -0.0020436436 -0.50031385 -8.1279488
-0.49766126 0.030282265 0.86684265 57.900015 0.01462736 0.99954125 -0.02652027 -0.46193727 -0.86724816 -0.00051849035 -0.49787591 -8.6267186
-0.49567327 0.029351635 0.86801292 58.790876 0.013893014 0.99956886 -0.025866647 -0.52004876 -0.86839798 -0.00076208877 -0.49586735 -9.1278744
-0.49331197 0.029842605 0.86934036 59.676768 0.014675222 0.99955461 -0.025985047 -0.56904857 -0.86972869 -6.0971625e-05 -0.4935302 -9.6324207
-0.49238773 0.030546184 0.86983975 60.569882 0.014984252 0.99953335 -0.026618543 -0.61434251 -0.87024701 -7.2745148e-05 -0.49261567 -10.120686
-0.4932315 0.031758608 0.86931813 61.453178 0.014480064 0.99949463 -0.028298654 -0.66237004 -0.8697776 -0.0013700045 -0.4934421 -10.615489
-0.49605326 0.033553542 0.86764351 62.330159 0.012900504 0.99942758 -0.031274361 -0.71667607 -0.86819629 -0.0043207097 -0.49620217 -11.108569
-0.50046561 0.033999488 0.86508852 63.20621 0.01163277 0.99940246 -0.032548541 -0.77090645 -0.8656783 -0.0062260488 -0.50056207 -11.609512
-0.50583659 0.032637923 0.86201163 64.085036 0.011513024 0.99945041 -0.031085748 -0.82084186 -0.86255252 -0.0057999477 -0.50593435 -12.110033
-0.51103325 0.030522051 0.85901883 64.943688 0.015110135 0.99953393 -0.026525662 -0.87730181 -0.85942816 -0.0005756039 -0.51125627 -12.632899
-0.51653902 0.028692814 0.85578274 65.799592 0.012442602 0.9995844 -0.026004028 -0.92490498 -0.85617328 -0.0027839297 -0.51668136 -13.130096
-0.52134507 0.030569257 0.8527982 66.64387 0.013154155 0.99952731 -0.027787291 -0.97804722 -0.8532446 -0.003268927 -0.52150075 -13.648726
-0.52625694 0.03320205 0.84967711 67.481256 0.01377223 0.99943914 -0.030524178 -1.0279291 -0.8502141 -0.0043616116 -0.52641905 -14.163879
-0.53118841 0.033114015 0.84660633 68.317858 0.012102206 0.99943054 -0.031498234 -1.0807869 -0.84716732 -0.0064856919 -0.53128667 -14.679173
-0.53496296 0.033743433 0.84420137 69.146787 0.011384415 0.9993993 -0.032732619 -1.1294953 -0.84479884 -0.0078999999 -0.53502577 -15.195762
-0.53823583 0.033028083 0.84214682 69.976185 0.011385277 0.99942559 -0.031919785 -1.184646 -0.8427174 -0.0075922966 -0.5383027 -15.719139
-0.54048495 0.026099671 0.84094873 70.795015 0.012962184 0.99965841 -0.022694474 -1.2328026 -0.84125386 -0.0013654889 -0.54063864 -16.256799
-0.54292186 0.018608701 0.83957699 71.621939 0.014224938 0.99981481 -0.012961556 -1.2677157 -0.83966277 0.0049058194 -0.54308602 -16.776717
-0.54479702 0.015093447 0.83843207 72.450437 0.01394138 0.99986284 -0.0089406817 -1.3095134 -0.83845209 0.0068180439 -0.54493272 -17.303671
-0.54546656 0.0205621 0.83788028 73.239956 0.013839151 0.99978369 -0.015525914 -1.3423942 -0.83801836 0.0031266855 -0.54563314 -17.818842
-0.54622362 0.026006579 0.83723554 74.033844 0.014616347 0.99966165 -0.021516029 -1.385683 -0.8375119 0.00048476246 -0.54641893 -18.343694
-0.54738264 0.03138399 0.83629375 74.84059 0.021195531 0.99949593 -0.02363536 -1.4180176 -0.83661404 0.0047881056 -0.54777192 -18.862163
-0.5469977 0.03205841 0.83652 75.633619 0.024008196 0.99945619 -0.02260382 -1.4643807 -0.83678981 0.0077191 -0.5474699 -19.396001
-0.54644242 0.029534519 0.8369757 76.431472 0.024146593 0.99951812 -0.019505421 -1.5079483 -0.83714854 0.0095515233 -0.54689227 -19.913672
-0.54607802 0.024016131 0.83738997 77.232168 0.021856468 0.99965717 -0.014416891 -1.5351805 -0.83744919 0.010429641 -0.54641572 -20.42675
-0.545465 0.017979148 0.8379407 78.03092 0.020357381 0.99975914 -0.0081993609 -1.561933 -0.83788637 0.012585815 -0.54569964 -20.943031
-0.54467628 0.011606512 0.83856602 78.835091 0.011546523 0.99991324 -0.0063398545 -1.5977878 -0.83856692 0.0062293545 -0.54476304 -21.446338
-0.54347921 0.0065161852 0.8393973 79.640673 0.0030676073 0.99997861 -0.0057766016 -1.621281 -0.83941706 -0.00056452085 -0.54348758 -21.941265
-0.54170685 0.0068773791 0.84053931 80.440318 0.0061602908 0.99997216 -0.0042117183 -1.6445725 -0.84054494 0.0028964507 -0.54173414 -22.451781
-0.53856389 0.010534333 0.84251878 81.232754 0.011670204 0.99991919 -0.0050424166 -1.6750905 -0.84250389 0.0071167033 -0.53864331 -22.960417
-0.53307997 0.013089392 0.84596356 82.014968 0.012136439 0.99989574 -0.0078234263 -1.7016807 -0.84597784 0.0060964742 -0.53318326 -23.451596
-0.52538916 0.015426614 0.85072216 82.811623 0.017429313 0.99982096 -0.007366305 -1.7287647 -0.85068355 0.010957327 -0.52556397 -23.94338
-0.51752814 0.018517143 0.85546577 83.608221 0.025405694 0.99965757 -0.0062686789 -1.7608889 -0.85528898 0.018489485 -0.51782136 -24.434666
-0.5077769 0.018028865 0.8612999 84.409123 0.024006564 0.99968886 -0.0067726422 -1.7852686 -0.86115409 0.017237861 -0.50805172 -24.899458
-0.49752182 0.015024084 0.86732131 85.225626 0.019309481 0.99979407 -0.0062423243 -1.8131059 -0.86723655 0.013641833 -0.49770948 -25.350375
-0.48539259 0.011960498 0.87421445 86.041847 0.020734893 0.99978266 -0.0021657552 -1.8361841 -0.87405043 0.017075502 -0.4855351 -25.795389
-0.47420314 0.010492445 0.8803529 86.861823 0.019966929 0.99979997 -0.0011608587 -1.8612367 -0.88018905 0.017027462 -0.47431779 -26.232096
-0.46277994 0.010212156 0.88641433 87.687852 0.020859936 0.99978221 -0.00062766467 -1.874687 -0.88622777 0.018200077 -0.46289218 -26.652956
-0.45094058 0.012062454 0.89247242 88.505392 0.024079169 0.99970915 -0.0013453314 -1.8965117 -0.89222915 0.020883331 -0.45109988 -27.062766
-0.43858803 0.015079535 0.89856167 89.336881 0.023873669 0.99970185 -0.0051241141 -1.9247901 -0.89837111 0.01920459 -0.43881727 -27.457407
-0.42748322 0.023964942 0.90370555 90.167695 0.024433347 0.99958967 -0.01494985 -1.9593494 -0.90369308 0.015689743 -0.42789335 -27.847046
-0.41410271 0.030019684 0.90973496 91.0014 0.026689737 0.99942671 -0.020830442 -1.9756674 -0.90983882 0.015654646 -0.41466653 -28.216828
-0.40297397 0.025658823 0.91485164 91.845897 0.022981487 0.99957541 -0.01791218 -2.0105411 -0.91492289 0.013806509 -0.40339256 -28.577703
-0.39117702 0.02210566 0.92004989 92.685421 0.024004221 0.99961645 -0.013811513 -2.0513816 -0.9200024 0.016682336 -0.39155761 -28.925626
-0.38152338 0.022966781 0.92407379 93.525672 0.021645448 0.99963914 -0.015908089 -2.0844575 -0.92410576 0.013932685 -0.38188283 -29.259763
-0.37438351 0.027617405 0.92686255 94.375926 0.017692249 0.99958717 -0.022638002 -2.1190481 -0.9271052 0.0079229894 -0.37471757 -29.592434
-0.36908662 0.031756233 0.92885227 95.222689 0.008500068 0.99948962 -0.030793662 -2.1636462 -0.92935617 -0.0034702204 -0.36916818 -29.911905
-0.36562722 0.033971262 0.93014118 96.065616 0.0060540585 0.99939937 -0.034120979 -2.2078118 -0.93074172 -0.0068444289 -0.36561328 -30.229358
-0.36241494 0.034209582 0.93138877 96.908878 0.0064091374 0.999394 -0.034213513 -2.2506369 -0.93199485 -0.0064300891 -0.36241457 -30.557874
-0.35699026 0.033378232 0.93351153 97.760704 0.0036756009 0.99940384 -0.034328636 -2.3056228 -0.93410091 -0.0088237721 -0.35690012 -30.870214
-0.35195572 0.029177685 0.93556173 98.595834 0.00084978289 0.99952358 -0.030852798 -2.3502497 -0.9360163 -0.010063794 -0.35181284 -31.175811
-0.34636449 0.026033166 0.93773868 99.461353 0.0027555468 0.99963879 -0.026733821 -2.3937783 -0.93809601 -0.0066756627 -0.34631112 -31.491902
-0.340636 0.022746915 0.93992001 100.30998 0.00043751185 0.99971101 -0.024035351 -2.4351558 -0.94019519 -0.007776079 -0.34054751 -31.790354
-0.33540605 0.02165676 0.94182466 101.14855 -0.0037278653 0.99969739 -0.024315092 -2.4808536 -0.94206632 -0.011666424 -0.33522382 -32.075452
-0.32839906 0.020862062 0.94430861 102.00832 -0.016543551 0.99947565 -0.027834129 -2.5189132 -0.94439422 -0.02476292 -0.32788173 -32.344313
-0.32199485 0.024758918 0.94641758 102.85661 -0.012881307 0.99945088 -0.030528844 -2.5648417 -0.94665382 -0.022021226 -0.32149911 -32.628617
-0.31499352 0.028478207 0.94866643 103.70874 -0.011571268 0.9993602 -0.033842095 -2.6143385 -0.94902332 -0.021637313 -0.31446246 -32.904316
-0.30841815 0.026837503 0.95087219 104.56336 -0.012744148 0.99939565 -0.032340633 -2.6528085 -0.95116555 -0.022092494 -0.30788974 -33.174384
-0.30174926 0.02175932 0.95313894 105.42255 -0.013595027 0.99953966 -0.027122584 -2.6986397 -0.95329043 -0.021142169 -0.30131454 -33.43093
-0.29456651 0.019543891 0.95543107 106.28091 -0.012021482 0.99963596 -0.024154438 -2.7332183 -0.9555554 -0.018600786 -0.29422433 -33.688651
-0.28807048 0.02200832 0.95735623 107.13247 -0.01582388 0.99948996 -0.027738354 -2.782113 -0.9574785 -0.023139691 -0.2875753 -33.933449
-0.28143926 0.02491168 0.95925558 107.9999 -0.015854787 0.99940577 -0.03060606 -2.8251971 -0.95944809 -0.023822539 -0.28087706 -34.183045
-0.27469183 0.02565267 0.96119002 108.84571 -0.017595804 0.99934255 -0.031699482 -2.8635617 -0.96137135 -0.0256205 -0.27405986 -34.410738
-0.26779739 0.024498199 0.9631637 109.72262 -0.018170173 0.99937048 -0.030471144 -2.9119306 -0.96330394 -0.025660944 -0.26718367 -34.646335
-0.26008428 0.024534 0.96527414 110.56837 -0.015102965 0.9994515 -0.029472026 -2.9561003 -0.96546784 -0.022243712 -0.25957108 -34.86606
-0.25228366 0.025918922 0.9673061 111.43577 -0.010468763 0.9995096 -0.029512176 -3.0015199 -0.96759673 -0.017571937 -0.25188861 -35.091381
-0.24541339 0.026363091 0.96905994 112.31841 -0.0087806004 0.9995287 -0.029415663 -3.0440227 -0.9693788 -0.015727925 -0.24506624 -35.315732
-0.23895627 0.025506571 0.97069523 113.16715 -0.014985173 0.99943904 -0.029950762 -3.0833473 -0.97091474 -0.021702958 -0.23844001 -35.505491
-0.23304704 0.023322765 0.97218571 114.03814 -0.020140244 0.99938218 -0.028803117 -3.1299049 -0.97225693 -0.026292539 -0.23243333 -35.6978
-0.22819973 0.023700914 0.97332578 114.92539 -0.016615616 0.99946327 -0.028232962 -3.1685101 -0.97347259 -0.022615161 -0.22768345 -35.907792
-0.22381543 0.023804792 0.97434075 115.77315 -0.015711982 0.99948364 -0.028028266 -3.2186416 -0.97450493 -0.021581982 -0.22332584 -36.091074
-0.219169 0.025311423 0.9753585 116.66142 -0.014710551 0.99946409 -0.029242534 -3.257017 -0.97557605 -0.020757117 -0.2186792 -36.288169
-0.2130413 0.024301902 0.97674088 117.51689 -0.0086813384 0.99960408 -0.026764276 -3.2945621 -0.97700467 -0.014181314 -0.21274598 -36.473084
-0.20785991 0.023087447 0.97788606 118.38333 -0.0017685636 0.99971091 -0.023978648 -3.3360832 -0.97815705 -0.0067136526 -0.20775899 -36.66253
-0.20309703 0.022181468 0.9789073 119.2759 0.0014487703 0.99974909 -0.022353148 -3.3782273 -0.97915759 -0.0031216453 -0.20307821 -36.850527
-0.19887947 0.023620939 0.97973921 120.13225 -0.00076768354 0.99970543 -0.024258145 -3.4175616 -0.9800237 -0.0055765758 -0.19880275 -37.011135
-0.19523266 0.025771937 0.98041825 120.99957 -0.002171545 0.99964087 -0.026709658 -3.4547772 -0.98075459 -0.0073436192 -0.19510658 -37.175967
-0.19346464 0.024987612 0.98078895 121.88752 -0.0045886827 0.99964164 -0.026373058 -3.4953007 -0.98109656 -0.0096027829 -0.19328065 -37.344332
-0.19266105 0.023744819 0.98097799 122.74203 -0.0057104534 0.99966312 -0.025318611 -3.5380207 -0.98124879 -0.010479739 -0.19246055 -37.50288
-0.19160592 0.019502209 0.98127812 123.62749 -0.0054365801 0.99976614 -0.020931199 -3.5720517 -0.98145692 -0.0093453381 -0.19145509 -37.673584
-0.19056836 0.014319188 0.98156945 124.48396 -0.0033413914 0.99987836 -0.015234998 -3.6085463 -0.98166828 -0.0061831156 -0.19049733 -37.828751
-0.18951464 0.011950243 0.98180513 125.34976 -0.0028916087 0.9999148 -0.012728826 -3.6443952 -0.98187368 -0.0052512944 -0.18946394 -37.992045
-0.18874999 0.016435407 0.98188759 126.22138 -0.0053681652 0.99982773 -0.01776763 -3.675934 -0.98201054 -0.0086245741 -0.18862925 -38.153787
-0.18849169 0.020576683 0.98185915 127.05782 -0.0055590055 0.99974211 -0.022018639 -3.7130577 -0.98205909 -0.0096084902 -0.1883287 -38.308284
-0.18860932 0.019684955 0.98185485 127.91385 -0.0079590619 0.99973561 -0.021572336 -3.7424025 -0.98201999 -0.011883386 -0.18840278 -38.462718
-0.18848707 0.018899011 0.98189377 128.77648 -0.0091197903 0.99973802 -0.020993127 -3.7825005 -0.98203337 -0.012911598 -0.18826534 -38.623161
-0.18751194 0.019184049 0.98207493 129.61119 -0.0033323865 0.99979108 -0.020166386 -3.8186406 -0.98225671 -0.0070540907 -0.18740884 -38.783523
-0.18683213 0.021582747 0.9821547 130.46218 -0.0059795788 0.99971514 -0.023106111 -3.859949 -0.9823737 -0.010189835 -0.18664986 -38.938969
-0.18689422 0.02294467 0.98211201 131.28851 -0.016574306 0.99951126 -0.026505222 -3.8912778 -0.98224026 -0.021231498 -0.18642259 -39.074439
-0.18671915 0.024403332 0.98211015 132.12513 -0.019633807 0.99939908 -0.02856571 -3.92691 -0.98221716 -0.024616326 -0.18612782 -39.220042
-0.18666119 0.02742521 0.98204143 132.9594 -0.021242709 0.9992639 -0.031943876 -3.9761967 -0.9821947 -0.026823902 -0.1859412 -39.370226
-0.18585651 0.028503129 0.98216335 133.78721 -0.017687306 0.99932015 -0.032348031 -4.0221112 -0.98241773 -0.023383915 -0.18522602 -39.522188
-0.18444832 0.029873071 0.98238808 134.61231 -0.017591786 0.99927751 -0.033689601 -4.0643173 -0.98268481 -0.023495951 -0.18378954 -39.668563
-0.18219757 0.029258328 0.98282649 135.43431 -0.011254139 0.99942965 -0.031838901 -4.0996452 -0.98319757 -0.016861836 -0.18176438 -39.824376
-0.17904902 0.026109888 0.98349359 136.2632 -0.0031833735 0.99962718 -0.027117748 -4.1502983 -0.98383504 -0.007986233 -0.17889915 -39.976626
-0.17697787 0.021434398 0.98398136 137.06941 0.0020692073 0.99976872 -0.021406133 -4.1837228 -0.9842127 -0.0017523495 -0.17698129 -40.128771
-0.17314619 0.021212894 0.98466762 137.89372 0.0054448458 0.99977336 -0.020580884 -4.2170613 -0.98488113 0.0017978627 -0.17322245 -40.271518
-0.16840152 0.025429931 0.98539036 138.69083 0.001950349 0.99967381 -0.02546523 -4.2678175 -0.98571659 -0.0023665277 -0.16839619 -40.398364
-0.16176692 0.029002886 0.98640266 139.51522 0.0046169078 0.99957932 -0.028633156 -4.3028139 -0.98681824 -7.7766317e-05 -0.16183277 -40.52773
-0.15397051 0.029232236 0.98764289 140.30328 -0.00099066956 0.9995572 -0.029739316 -4.3435351 -0.98807499 -0.0055574046 -0.15387337 -40.640129
-0.14395585 0.025802651 0.98924762 141.09509 0.0080824682 0.99965732 -0.024898002 -4.3700209 -0.98955115 0.0044113505 -0.14411507 -40.756273
-0.13184608 0.024232338 0.99097393 141.89709 0.016297125 0.99961903 -0.022275453 -4.4108806 -0.99113627 0.013213096 -0.13219077 -40.861885
-0.11865692 0.026214893 0.99258916 142.69064 0.013503028 0.99960158 -0.024785904 -4.4514596 -0.99284354 0.010461942 -0.11896362 -40.952946
-0.10434402 0.027196959 0.99416929 143.49002 0.01265975 0.99958135 -0.026016297 -4.4874536 -0.99446073 0.0098712903 -0.10464464 -41.027124
-0.090496109 0.02749898 0.99551704 144.27121 0.016255782 0.99952632 -0.026132017 -4.5230222 -0.99576417 0.013818064 -0.090900262 -41.094904
-0.076844508 0.028975098 0.99662193 145.04463 0.019140197 0.99943631 -0.027581116 -4.5599172 -0.9968594 0.016956084 -0.077355782 -41.147194
-0.062986511 0.034946634 0.9974023 145.84747 0.017173087 0.99927673 -0.033927819 -4.6082391 -0.99786666 0.014991482 -0.063541098 -41.188733
-0.050654974 0.043973147 0.99774764 146.58422 0.0089178914 0.99901031 -0.043576039 -4.6541819 -0.99867644 0.006690463 -0.05099699 -41.201998
-0.036778469 0.052658199 0.99793505 147.34918 0.0014995858 0.9986125 -0.052638677 -4.6963456 -0.99932236 -0.0004394799 -0.036806405 -41.211491
-0.023494329 0.053777832 0.99827645 148.12023 0.0010765047 0.99855291 -0.053767387 -4.7464123 -0.99972343 -0.00018857858 -0.023518224 -41.220458
-0.011745088 0.049647494 0.9986977 148.89555 0.00026946821 0.99876675 -0.049647756 -4.7988353 -0.99993103 -0.00031399914 -0.011743983 -41.216308
-0.00058803111 0.046823542 0.99890296 149.65304 -4.5166172e-05 0.99890317 -0.046823577 -4.8537275 -0.99999987 -7.2649499e-05 -0.00058527284 -41.205819
0.0082947144 0.052727789 0.99857443 150.4001 -0.0047919516 0.99859946 -0.052689304 -4.9144916 -0.99995416 -0.0043480768 0.0085357648 -41.181344
0.014803999 0.061731274 0.99798297 151.15825 -0.01247411 0.99802612 -0.061548902 -4.9659223 -0.99981264 -0.011537779 0.015544819 -41.156359
0.018082813 0.064845785 0.9977314 151.90333 -0.017856699 0.99775639 -0.064523773 -5.0179933 -0.99967707 -0.016649417 0.019200173 -41.132723
0.018148171 0.060866957 0.99798085 152.65806 -0.018222315 0.99799963 -0.060536729 -5.0717134 -0.99966928 -0.01708689 0.019221003 -41.11093
0.016673728 0.055118352 0.99834056 153.41734 -0.013053357 0.99840631 -0.05490397 -5.1432289 -0.99977582 -0.012116241 0.017366633 -41.093921
0.013687888 0.052814489 0.99851048 154.15995 -0.01339337 0.99852418 -0.052631611 -5.1919725 -0.99981666 -0.012653004 0.014375049 -41.079195
0.010698021 0.052776858 0.99854898 154.91389 -0.013623336 0.99852118 -0.052629433 -5.2464257 -0.99985001 -0.013040537 0.011401196 -41.069315
0.0071738847 0.052872914 0.99857544 155.65709 -0.014231944 0.99850543 -0.052766962 -5.2996626 -0.99987303 -0.013833125 0.0079156457 -41.061551
0.0025260903 0.051108369 0.99868988 156.40034 -0.011311919 0.99863067 -0.051076725 -5.3557245 -0.99993287 -0.011168074 0.0031007635 -41.055207
-0.0028058907 0.05153184 0.99866737 157.133 -0.013964502 0.99857194 -0.051566149 -5.4043619 -0.9998986 -0.014090581 -0.0020822688 -41.0527
-0.0087278772 0.049654173 0.99872829 157.88268 -0.013553704 0.99866875 -0.049769657 -5.4526385 -0.99987009 -0.013970851 -0.0080432618 -41.052692
-0.014683341 0.046767415 0.99879784 158.6244 -0.011336934 0.99883357 -0.046935751 -5.5051279 -0.99982796 -0.012012479 -0.014136016 -41.064331
-0.019896642 0.046696553 0.9987109 159.35998 -0.013888108 0.9987994 -0.046977373 -5.5557679 -0.99970562 -0.014804896 -0.019224229 -41.075413
-0.025125758 0.048095413 0.99852664 160.08524 -0.013059971 0.99874098 -0.048434361 -5.5997299 -0.99959903 -0.014257678 -0.024466001 -41.089913
-0.029298471 0.050360964 0.9983012 160.80138 -0.016773292 0.9985646 -0.050866518 -5.6544716 -0.99943001 -0.018235108 -0.028411698 -41.102928
-0.031704949 0.052413652 0.998122 161.52146 -0.01593285 0.99847068 -0.052938061 -5.7085645 -0.99937031 -0.017581326 -0.030821365 -41.121534
-0.033323748 0.054042057 0.99798241 162.23169 -0.014142617 0.99841156 -0.054537532 -5.7631158 -0.99934458 -0.015931477 -0.032506521 -41.143551
-0.032379357 0.052316607 0.99810544 162.95284 -0.0087245958 0.99857627 -0.052624317 -5.8121036 -0.99943761 -0.010412007 -0.031876817 -41.170624
-0.028993101 0.048593892 0.99839769 163.66052 -0.0046336289 0.99880036 -0.048748048 -5.8547498 -0.99956891 -0.0060395608 -0.028733155 -41.190253
-0.021547144 0.04772583 0.998628 164.36777 -0.0030530758 0.99885215 -0.047802415 -5.9103798 -0.99976321 -0.0040788917 -0.021376702 -41.199503
-0.010386599 0.049409695 0.99872454 165.06818 -0.0021693223 0.998775 -0.04943475 -5.963842 -0.99994375 -0.0026800136 -0.010266692 -41.200342
0.0033644758 0.049399403 0.9987734 165.74736 -4.1965997e-05 0.9987791 -0.049399542 -6.010884 -0.99999438 0.00012428988 0.0033624396 -41.193322
0.018907712 0.047204081 0.99870626 166.445 -0.0008003794 0.99888526 -0.047197387 -6.0542428 -0.99982096 9.3051527e-05 0.018924414 -41.17013
0.034733319 0.042420186 0.99849589 167.14016 -0.0052357346 0.99909278 -0.042263415 -6.1010605 -0.99938294 -0.0037599101 0.034923908 -41.123292
0.051135149 0.035960203 0.99804408 167.81361 -0.0075357758 0.99933697 -0.035620687 -6.1406437 -0.99866335 -0.0056995665 0.051372231 -41.075798
0.06823701 0.028906574 0.99725024 168.49252 -0.0077744476 0.99956522 -0.028441708 -6.176019 -0.99763889 -0.0058122919 0.068432073 -41.017584
0.086020706 0.020806938 0.99607601 169.18024 -0.0074138879 0.99976758 -0.02024379 -6.2072995 -0.99626581 -0.0056434101 0.086154973 -40.945251
0.10330545 0.014727492 0.9945406 169.83133 -0.00872256 0.99986534 -0.013900307 -6.2393152 -0.99461147 -0.0072389618 0.10342 -40.861172
0.12112846 0.012156255 0.99256236 170.49643 -0.0093224214 0.99989484 -0.011108386 -6.268255 -0.9925931 -0.0079075422 0.12122905 -40.76731
0.13932394 0.011224558 0.9901832 171.13231 -0.0092601144 0.9999068 -0.010031836 -6.2876838 -0.9902036 -0.007771534 0.13941489 -40.665028
0.15677513 0.01075845 0.98757568 171.77432 -0.010258914 0.99990446 -0.0092641797 -6.3078894 -0.98758108 -0.0086790606 0.15687052 -40.549129
0.17322652 0.010252634 0.9848286 172.41664 -0.015644672 0.99984829 -0.0076571756 -6.3239643 -0.98475779 -0.014080894 0.17336064 -40.419744
0.18781317 0.0070036282 0.98217976 173.03977 -0.01922887 0.99980915 -0.0034523783 -6.341673 -0.98201657 -0.018237804 0.187912 -40.277779
0.19992518 0.0026248472 0.97980761 173.66519 -0.014267599 0.99989819 0.0002325688 -6.3599538 -0.97970732 -0.014025998 0.19994227 -40.143963
0.21090196 0.00081863319 0.97750683 174.2995 -0.010860667 0.99993989 0.0015058231 -6.3764428 -0.97744692 -0.010933957 0.21089818 -40.004997
0.22050354 0.0045445451 0.97537555 174.88749 -0.015158662 0.99988434 -0.0012318132 -6.3919754 -0.97526842 -0.014513769 0.22054693 -39.854033
0.2294564 0.01141061 0.97325201 175.49644 -0.018958525 0.99979397 -0.0072520823 -6.4111033 -0.97313433 -0.016787385 0.22962545 -39.697123
0.23890499 0.021288494 0.97080952 176.0706 -0.018171239 0.9996826 -0.017449908 -6.4301307 -0.97087295 -0.013471941 0.239216 -39.546764
0.24706114 0.028466828 0.96858162 176.6602 -0.015908012 0.99955283 -0.025319339 -6.4452164 -0.96886935 -0.0091527825 0.24740351 -39.391078
0.2531611 0.027092532 0.96704466 177.26923 -0.016069325 0.99958764 -0.023797486 -6.4622318 -0.96729071 -0.0095151566 0.25349206 -39.22646
0.25916534 0.0194958 0.96563614 177.86622 -0.016848091 0.99973538 -0.015662421 -6.4804965 -0.96568605 -0.012209968 0.25942523 -39.053919
0.26384694 0.0085548174 0.96452658 178.47827 -0.020208521 0.99979021 -0.0033395305 -6.5014299 -0.96435289 -0.018610531 0.26396446 -38.872181
0.26583188 -0.00072471607 0.96401909 179.08969 -0.019619648 0.99978853 0.006161798 -6.5273456 -0.96381978 -0.020551717 0.26576144 -38.700105
0.26710952 -0.0019599362 0.96366415 179.68672 -0.015211793 0.99986476 0.0062499846 -6.5442359 -0.96354615 -0.016328489 0.26704358 -38.532916
0.26784787 0.0016071204 0.96345984 180.29744 -0.01468774 0.99988921 0.0024153968 -6.5464564 -0.9633493 -0.014798006 0.2678418 -38.36828
0.26972883 0.00092665272 0.96293583 180.89472 -0.010794963 0.99993961 0.0020615251 -6.5557052 -0.96287585 -0.010950909 0.26972254 -38.196741
0.27141183 -0.00069367563 0.96246302 181.50715 -0.012292481 0.99991568 0.0041871139 -6.5524113 -0.96238485 -0.01296749 0.27138042 -38.016787
0.2737905 -0.004921079 0.96177672 182.1217 -0.012970607 0.99987708 0.0088083888 -6.5690964 -0.96170193 -0.014886481 0.27369301 -37.838978
0.27756929 -0.010603229 0.96064707 182.74245 -0.011068534 0.99983743 0.014233937 -6.576762 -0.9606419 -0.014583858 0.2774068 -37.653068
0.28116548 -0.013641728 0.95956229 183.36577 -0.010399206 0.99979694 0.017260844 -6.5844894 -0.95960299 -0.014831839 0.28096653 -37.468531
0.28758345 -0.015050337 0.95763728 183.96799 -0.0094592951 0.99978312 0.018553381 -6.5802304 -0.95770891 -0.014394219 0.28737872 -37.279827
0.2954239 -0.018279334 0.95519135 184.6024 -0.007598454 0.99974036 0.021481929 -6.58059 -0.9553361 -0.013604252 0.2952083 -37.080607
0.30492257 -0.020581092 0.9521547 185.21545 -0.0048491687 0.99971996 0.023162149 -6.5844402 -0.95236484 -0.01167982 0.30473738 -36.879583
0.31618301 -0.018740329 0.94851306 185.83735 -0.0058420507 0.99974746 0.021700021 -6.5859478 -0.94868027 -0.012402439 0.31599367 -36.655735
0.32735024 -0.01505803 0.94478304 186.45442 -0.0067341054 0.99981044 0.018268307 -6.5857338 -0.94487912 -0.012342403 0.32718678 -36.435512
0.33885266 -0.011325569 0.94077124 187.05789 -0.0086316356 0.99984804 0.015145765 -6.5824369 -0.94079989 -0.013252577 0.33870341 -36.197947
0.35060932 -0.010635075 0.93646139 187.68631 -0.0079044008 0.9998663 0.014314536 -6.5780959 -0.93648849 -0.012420975 0.35047838 -35.958381
0.36211245 -0.013908517 0.93203061 188.30504 -0.0066453652 0.99982474 0.017502053 -6.5825921 -0.93211077 -0.012531395 0.36195656 -35.699607
0.37298748 -0.016069926 0.92769716 188.92436 -0.0061286038 0.99978552 0.019782718 -6.5808554 -0.92781617 -0.013064194 0.37280899 -35.439578
0.38444183 -0.015763665 0.92301458 189.55947 -0.0097844995 0.99972845 0.02114913 -6.585098 -0.9230974 -0.017161845 0.3841832 -35.162387
0.39372321 -0.017455408 0.91906326 190.17155 -0.011857493 0.99964006 0.024065477 -6.5743857 -0.9191526 -0.020372923 0.39337452 -34.886254
0.40082577 -0.016137251 0.91601213 190.81426 -0.016144485 0.99956519 0.024673647 -6.5729 -0.91601208 -0.024678377 0.40039095 -34.593945
0.4055233 -0.018375014 0.91389996 191.45921 -0.016699482 0.99948215 0.027505775 -6.5635296 -0.91393219 -0.026415888 0.40500645 -34.296619
0.40733155 -0.023942315 0.91296643 192.09319 -0.010768578 0.9994609 0.031015148 -6.5534078 -0.91321691 -0.022464798 0.40685413 -34.009895
0.40791887 -0.021349296 0.9127685 192.75355 -0.0096233767 0.9995705 0.027680275 -6.5518361 -0.9129675 -0.020075221 0.40753821 -33.717498
0.40695834 -0.0220042 0.91318161 193.4148 -0.0061938143 0.99962036 0.026847311 -6.5435555 -0.91342576 -0.016581814 0.40666755 -33.422599
0.40567755 -0.020819192 0.91377908 194.0795 -0.0038394655 0.99969292 0.024481173 -6.5378358 -0.91400823 -0.013439885 0.40547304 -33.133269
0.40580551 -0.021889029 0.91369726 194.75549 -0.00099031981 0.99970205 0.024389242 -6.5324119 -0.91395896 -0.010802141 0.40566292 -32.834076
0.40455362 -0.028249076 0.91407784 195.43837 0.0034177607 0.99956252 0.029378297 -6.520684 -0.91450793 -0.0087609963 0.40447318 -32.53992
0.40427323 -0.031534885 0.91409443 196.12046 0.0040589409 0.99945747 0.032684649 -6.5139227 -0.9146293 -0.0095032726 0.4041819 -32.227188
0.40272523 -0.033812949 0.91469613 196.80684 0.0047324576 0.99938101 0.034859816 -6.5036162 -0.91530873 -0.009710166 0.40263596 -31.920359
0.40072814 -0.033992932 0.91556615 197.49242 0.0039841794 0.99936668 0.03536045 -6.4909636 -0.91618839 -0.010522147 0.40060978 -31.618686
0.39938855 -0.034271814 0.9161409 198.18033 0.0023308 0.99933575 0.036367936 -6.4781552 -0.91677883 -0.012389595 0.39920314 -31.312223
0.39714429 -0.033447533 0.91714645 198.86946 0.0019557155 0.99936424 0.035599077 -6.4711843 -0.91775414 -0.012344292 0.39695722 -31.015265
0.39651081 -0.030597973 0.91751996 199.55219 0.0027637024 0.99947966 0.032136864 -6.4693805 -0.91802593 -0.010206861 0.39638905 -30.706804
0.39545629 -0.023968802 0.91817196 200.24768 0.0014708851 0.99967469 0.025462914 -6.4625515 -0.91848366 -0.0087189435 0.39536289 -30.419209
0.39421221 -0.020383372 0.91879333 200.93034 -0.00082340442 0.99974577 0.022532582 -6.4508311 -0.91901911 -0.0096391567 0.3940952 -30.124536
0.3929894 -0.023529578 0.91924187 201.62632 -0.0009895219 0.99966116 0.026011083 -6.4424654 -0.91954251 -0.011131689 0.39283295 -29.817341
0.39158352 -0.027088632 0.9197437 202.31919 -0.0013729792 0.99954825 0.030023615 -6.4346123 -0.92014158 -0.013019541 0.39136943 -29.516679
0.3888789 -0.026198563 0.92091626 202.99783 -0.0066397372 0.99948993 0.031237643 -6.435115 -0.92126499 -0.018262302 0.3885066 -29.220665
0.38461645 -0.026266686 0.92270265 203.69196 -0.0093015112 0.99943402 0.032328219 -6.4296725 -0.92302965 -0.021016493 0.38415444 -28.922792
0.37764953 -0.027328727 0.92554519 204.37063 -0.0092827207 0.99940239 0.033297142 -6.4206874 -0.92590212 -0.021166227 0.37717016 -28.648279
0.36929653 -0.027577128 0.92890231 205.06767 -0.0091898223 0.99940236 0.03332365 -6.4078736 -0.92926621 -0.020842755 0.36882239 -28.364551
