1 0 0 0 0 1 0 0 0 0 1 0
0.99994217 -0.0026306716 0.010427332 0.0092465122 0.0026190421 0.99999593 0.0011288105 -0.0093548452 -0.01043026 -0.0011014357 0.999945 0.29434346
0.99985182 -0.0045350379 0.016606167 0.017680437 0.0045139647 0.99998896 0.0013062796 -0.014052111 -0.016611909 -0.0012311264 0.99986125 0.58419617
0.9997879 -0.0074390098 0.019204771 0.029051258 0.0074424752 0.9999723 -0.00010895562 -0.016974812 -0.01920343 0.00025186357 0.99981557 0.88695929
0.99981445 -0.0087311655 0.017170434 0.03131095 0.0087561944 0.99996071 -0.0013830011 -0.021552468 -0.017157685 0.0015330922 0.99985162 1.192678
0.99987754 -0.011381215 0.010740734 0.030545127 0.011414649 0.99993018 -0.0030565641 -0.023688448 -0.010705197 0.0031787916 0.99993765 1.5119523
0.99992053 -0.012568654 -0.00098082315 0.017922698 0.012564114 0.99991092 -0.0045059713 -0.034725276 0.0010373699 0.0044932901 0.99998937 1.8390657
0.99977873 -0.012041692 -0.017247737 0.00074696575 0.011958075 0.99991628 -0.0049429945 -0.040430227 0.017305817 0.0047356511 0.99983903 2.1576928
0.99931291 -0.0081713681 -0.036151673 -0.042833848 0.0079868084 0.99995434 -0.0052466391 -0.047903413 0.036192898 0.0049542978 0.99933254 2.5049953
0.99843383 -0.0043477744 -0.055776126 -0.085344322 0.0039993061 0.99997179 -0.0063577289 -0.050763465 0.0558022 0.0061247059 0.99842306 2.8534363
0.99714887 -0.0036222877 -0.075372486 -0.12967817 0.0031211137 0.99997224 -0.0067660275 -0.055433702 0.075394908 0.0065114907 0.99713249 3.2113631
0.99529861 -0.0045356057 -0.096747588 -0.18451636 0.0039830416 0.99997464 -0.0059037661 -0.062085116 0.09677192 0.0054906606 0.99529144 3.5913404
0.99322067 -0.0058536999 -0.11609663 -0.24265442 0.0052848843 0.99997248 -0.0052067214 -0.071840071 0.11612392 0.0045578661 0.99322428 3.983341
0.9910501 -0.0049531816 -0.13339849 -0.31181205 0.0043815159 0.99997992 -0.0045786172 -0.077387698 0.1334185 0.0039531514 0.9910519 4.3729637
0.98874724 -0.0039719117 -0.14954305 -0.39158711 0.0034146997 0.99998624 -0.0039826817 -0.085063489 0.14955682 0.0034272208 0.98874719 4.7856398
0.98664673 -0.0031680221 -0.16284405 -0.47438573 0.0025431048 0.99998858 -0.0040458345 -0.092135913 0.16285502 0.0035776798 0.98664352 5.2016465
0.98442131 -0.0047139128 -0.17576249 -0.56534529 0.0038962395 0.99997992 -0.0049969544 -0.10027349 0.17578254 0.0042342956 0.98441992 5.6366058
0.98273761 -0.0075718851 -0.18484982 -0.65437624 0.0063996132 0.99995546 -0.0069375648 -0.1132397 0.18489413 0.0056348385 0.98274229 6.0907278
0.98127264 -0.0068584803 -0.19250188 -0.75228415 0.0052828379 0.99994822 -0.0086971686 -0.12081147 0.19255158 0.0075173374 0.98125806 6.5425811
0.97967732 -0.0068766562 -0.20046211 -0.86355702 0.0047988458 0.99992963 -0.010849193 -0.12626894 0.20052263 0.0096667218 0.97964138 7.0154777
0.97808788 -0.0073515488 -0.20806262 -0.96965447 0.0046833321 0.9999004 -0.013313812 -0.13559774 0.20813979 0.012047652 0.97802489 7.4892438
0.9762305 -0.011443016 -0.21643257 -1.0877883 0.0083437284 0.99984923 -0.015228248 -0.14852274 0.21657422 0.013060426 0.97617879 7.9963049
0.97447087 -0.016966868 -0.22387194 -1.2030709 0.013630667 0.99977195 -0.016439358 -0.16555271 0.22409983 0.012968152 0.97447991 8.5139398
0.97258761 -0.017837033 -0.23185163 -1.3360674 0.013911514 0.99973105 -0.018555275 -0.18815735 0.23212026 0.014821224 0.97257417 9.0311428
0.97059995 -0.014198696 -0.24027926 -1.484077 0.0089236597 0.999695 -0.023027633 -0.19418349 0.24053296 0.020206449 0.97043063 9.572747
0.96845601 -0.011262145 -0.24892993 -1.6354065 0.0049545753 0.99965094 -0.025950781 -0.21077107 0.24913533 0.023898848 0.96817377 10.09737
0.96602455 -0.013723975 -0.25808567 -1.8003746 0.0067046456 0.99958381 -0.028058167 -0.23268065 0.25836335 0.025374506 0.96571451 10.661504
0.96358445 -0.015790162 -0.26693757 -1.9644877 0.0081562948 0.9995261 -0.029682595 -0.26189916 0.26727979 0.026424466 0.9632566 11.219768
0.96150396 -0.0157271 -0.27434064 -2.1385117 0.0070818521 0.99944746 -0.03247489 -0.28672785 0.27469981 0.029281896 0.96108407 11.789915
0.9591413 -0.014886417 -0.28253557 -2.3256139 0.0049163742 0.99934099 -0.035964001 -0.30852689 0.28288477 0.033105508 0.95858241 12.386022
0.95700045 -0.016023651 -0.28964352 -2.5111979 0.0042617915 0.99914211 -0.041193283 -0.34006507 0.29005513 0.038187591 0.95624774 12.964054
0.95513986 -0.017121935 -0.29565972 -2.7146916 0.0029384848 0.99882613 -0.048350082 -0.38027992 0.29614053 0.045312299 0.95406897 13.587016
0.95378289 -0.017339725 -0.29999588 -2.9233931 0.00044259524 0.99841374 -0.056301038 -0.41665302 0.30049628 0.05356619 0.95227761 14.203263
0.95257871 -0.017415834 -0.3037935 -3.1279038 -0.0025754117 0.9978636 -0.065280885 -0.46243422 0.30428142 0.062967576 0.95049877 14.816542
0.9511751 -0.016787135 -0.30819493 -3.3546624 -0.0063760965 0.99723807 -0.073997173 -0.5081976 0.30858595 0.07234935 0.94844098 15.457388
0.9499939 -0.015701223 -0.31187347 -3.5748082 -0.010139619 0.99665742 -0.08106273 -0.56813817 0.31210382 0.080171378 0.94665927 16.109027
0.94833464 -0.014850297 -0.31692407 -3.8172218 -0.013694185 0.9960572 -0.08765006 -0.63108009 0.31697616 0.087461607 0.94439218 16.783224
0.94670109 -0.013302438 -0.32183859 -4.0615305 -0.017828696 0.99545132 -0.093588447 -0.69994193 0.32161963 0.094338249 0.94215769 17.449124
0.94521268 -0.01121562 -0.32626245 -4.3030765 -0.022283949 0.99486193 -0.098758107 -0.77610829 0.32569375 0.10061783 0.94010619 18.110642
0.94329467 -0.0086786372 -0.33184309 -4.5771218 -0.026742111 0.99442244 -0.10202388 -0.85120956 0.33087767 0.10511277 0.9378013 18.808317
0.94161805 -0.0081478375 -0.33658439 -4.8348735 -0.02847533 0.99419793 -0.10372866 -0.93148733 0.33547669 0.10725713 0.9359227 19.505521
0.93946803 -0.0064572035 -0.34257571 -5.1171272 -0.030584992 0.99425075 -0.10261585 -1.0198539 0.3412688 0.10688199 0.93386929 20.237069
0.93738309 -0.0070721288 -0.34822826 -5.3915147 -0.030111474 0.99440509 -0.10125125 -1.1041905 0.34699604 0.10539687 0.93192556 20.963407
0.93481495 -0.0069637414 -0.3550669 -5.6712853 -0.030360013 0.99458053 -0.09943758 -1.1899248 0.35383512 0.10373557 0.92953733 21.677032
0.93205292 -0.0068873876 -0.36225668 -5.9452718 -0.02996647 0.99492852 -0.096016978 -1.2721714 0.36108084 0.10034846 0.92711964 22.366511
0.92828157 -0.0040035302 -0.37185655 -6.3003701 -0.032147536 0.99533485 -0.090967379 -1.3590574 0.37048601 0.096397614 0.92382229 23.194981
0.92497238 -0.0018675953 -0.38002973 -6.6093804 -0.033095716 0.9957929 -0.08544689 -1.4396381 0.37859052 0.091613371 0.92101912 23.904354
0.92145014 0.0005417616 -0.38849626 -6.9416368 -0.034939329 0.99606226 -0.081481398 -1.5144203 0.38692235 0.088654846 0.91784063 24.667015
0.91809373 0.0020074511 -0.39635826 -7.2864643 -0.036592422 0.99614586 -0.07971464 -1.5932461 0.39467065 0.087689221 0.91462872 25.406417
0.91415372 0.0028504448 -0.40535766 -7.6503516 -0.038043746 0.99616502 -0.078790457 -1.671822 0.40357857 0.087447915 0.9107564 26.193689
0.91056015 0.0030849937 -0.41336507 -7.9943486 -0.038647877 0.99622752 -0.07769853 -1.7403976 0.411566 0.086724869 0.90724431 26.92856
0.90652435 0.0041014968 -0.42213358 -8.3855436 -0.03993456 0.9963018 -0.07607857 -1.8151207 0.42026045 0.085824797 0.90333564 27.717604
0.90265175 0.0043428782 -0.43034979 -8.7685434 -0.039913876 0.99648417 -0.073662677 -1.8906806 0.42851688 0.083668673 0.89965152 28.505496
0.89904965 0.0047953616 -0.43782041 -9.1494492 -0.039179739 0.99680973 -0.069536422 -1.9625731 0.43609023 0.079670387 0.89636932 29.284478
0.89535672 0.0048051041 -0.44532375 -9.5636718 -0.037145831 0.99726322 -0.063923861 -2.0218108 0.44379787 0.07377658 0.89308481 30.084161
0.89177921 0.0052969839 -0.45243979 -9.9798053 -0.036285222 0.99754822 -0.059840907 -2.094958 0.45101356 0.069781755 0.88978497 30.879833
0.88836805 0.0050627825 -0.45910409 -10.42132 -0.035612327 0.99768654 -0.057907959 -2.1636848 0.45774883 0.067793346 0.88649314 31.720151
0.88467922 0.0048727899 -0.46617476 -10.858811 -0.035383902 0.9977629 -0.056720169 -2.2241323 0.46485554 0.066674238 0.88287252 32.517096
0.88215808 0.0050862318 -0.47092593 -11.304647 -0.03502191 0.9978815 -0.054826884 -2.2781581 0.46964945 0.064858705 0.88046735 33.337122
0.8790708 0.003313934 -0.47667969 -11.789709 -0.032686964 0.99804122 -0.053341293 -2.3402241 0.47556925 0.062471986 0.87745721 34.192406
0.87651445 0.001407124 -0.48137347 -12.256814 -0.030917292 0.99809561 -0.053378528 -2.4030617 0.48038168 0.061669816 0.87488874 35.041435
0.87477592 0.00082377446 -0.48452698 -12.723159 -0.030736752 0.99807878 -0.053795924 -2.4646805 0.48355182 0.061952165 0.8731206 35.875188
0.87317656 0.0008326248 -0.4874033 -13.235981 -0.031328175 0.99802661 -0.054419091 -2.5260304 0.48639619 0.062786931 0.87147953 36.737862
0.87266755 0.00024813579 -0.48831471 -13.716283 -0.030223783 0.99811004 -0.053505752 -2.584241 0.48737858 0.061451452 0.87102575 37.591371
0.87295484 0.0015389335 -0.48779858 -14.235042 -0.030857451 0.99816644 -0.052072821 -2.6491558 0.48682407 0.060509443 0.87140172 38.500066
0.87215379 1.6699569e-05 -0.4892318 -14.754235 -0.028783185 0.99826956 -0.051277719 -2.713393 0.4883844 0.058803707 0.87064506 39.401817
0.87176879 -0.0015119575 -0.48991517 -15.258557 -0.027553029 0.99826121 -0.052109424 -2.7760878 0.48914213 0.058926017 0.87021131 40.287079
0.87043708 -0.0040191174 -0.49226326 -15.800032 -0.025093384 0.99830446 -0.052521721 -2.840537 0.49163973 0.058069405 0.86886037 41.212553
0.86934823 -0.0031312187 -0.49419007 -16.30878 -0.025370923 0.99837855 -0.050956724 -2.9073779 0.49354837 0.056837197 0.86785919 42.129851
0.86733851 -0.002934877 -0.49771002 -16.856987 -0.023622083 0.99861301 -0.047053798 -2.9727577 0.49715784 0.05256852 0.86606619 43.063227
0.86462616 -0.0043021441 -0.50239733 -17.392903 -0.019973367 0.99887851 -0.042927803 -3.0364422 0.50201861 0.047151068 0.86357056 43.973888
0.86144907 -0.0051148 -0.50781818 -17.935417 -0.018299107 0.99898729 -0.041104018 -3.097769 0.50751419 0.044701639 0.86048308 44.872254
0.8566483 -0.008392246 -0.51583257 -18.51323 -0.016123151 0.99894376 -0.043028014 -3.1610584 0.51564887 0.045176722 0.85560816 45.799324
0.85046818 -0.010483672 -0.525922 -19.059821 -0.016465739 0.99878088 -0.046536326 -3.2270023 0.52576875 0.048237359 0.84925874 46.659915
0.84422316 -0.011756772 -0.53586286 -19.632313 -0.015385353 0.99881591 -0.046152706 -3.2863734 0.53577101 0.047207623 0.84304264 47.578357
0.83893726 -0.0078025962 -0.54417218 -20.242827 -0.017483909 0.99899469 -0.041278577 -3.3468062 0.54394725 0.044144393 0.83795745 48.474163
0.83401975 -0.0060977512 -0.55170087 -20.833837 -0.016860425 0.99919024 -0.036532007 -3.4028549 0.55147693 0.039770327 0.83324159 49.345965
0.82979987 -0.0038020781 -0.55804811 -21.454369 -0.020792652 0.99907182 -0.037724862 -3.4651296 0.55767362 0.042907386 0.82895061 50.241901
0.82661563 -0.0057544617 -0.56273748 -22.059605 -0.021802237 0.99886958 -0.04223999 -3.5187903 0.56234446 0.047185172 0.82555575 51.103643
0.82365426 -0.0077575198 -0.56703919 -22.65132 -0.024447198 0.99849114 -0.049170943 -3.5876952 0.5665651 0.054362377 0.82222183 51.945037
0.82069636 -0.0078480088 -0.57131065 -23.283861 -0.025795915 0.99837713 -0.050770775 -3.6549175 0.57078198 0.056404872 0.81916204 52.827278
0.81724407 -0.0066324232 -0.57625351 -23.896508 -0.025115567 0.99857381 -0.047112095 -3.7224593 0.57574418 0.052975015 0.81591195 53.684089
0.81471789 -0.0053473967 -0.57983285 -24.532471 -0.022946763 0.99887687 -0.041454237 -3.7820928 0.57940334 0.047078796 0.81368015 54.576027
0.81141487 -0.0037276788 -0.58445872 -25.171854 -0.023142767 0.99899053 -0.038501093 -3.8421755 0.58401229 0.044766352 0.8105095 55.439089
0.80875963 -0.0017979638 -0.58813655 -25.800564 -0.026212 0.99889151 -0.039098364 -3.90036 0.58755495 0.047037414 0.807816 56.278383
0.80553258 -0.0032830775 -0.59254237 -26.471564 -0.025944448 0.99883026 -0.040804397 -3.9589972 0.59198326 0.048242456 0.80450514 57.167913
0.80089664 -0.0060663232 -0.59877186 -27.104408 -0.024864349 0.99874935 -0.043376301 -4.0204805 0.59828619 0.049628006 0.79974416 57.992874
0.79758123 -0.0075279745 -0.60316455 -27.756841 -0.02365506 0.99876264 -0.043745095 -4.0796341 0.60274758 0.049158161 0.79641626 58.846097
0.79304804 -0.0077354312 -0.60910996 -28.431367 -0.02323699 0.99880745 -0.042938478 -4.1440481 0.60871576 0.048206158 0.79192254 59.706879
0.78897277 -0.007544038 -0.61438182 -29.098562 -0.023367977 0.99883277 -0.04227327 -4.2046911 0.61398366 0.04770932 0.78787557 60.550952
0.78337644 -0.0089469729 -0.62148312 -29.788301 -0.022623864 0.99882333 -0.042896493 -4.2696134 0.62113568 0.047664452 0.78225226 61.395943
0.77757292 -0.010206363 -0.62870991 -30.470189 -0.022505289 0.9987759 -0.044047932 -4.3302214 0.62838993 0.048399777 0.77639139 62.227675
0.77281758 -0.011016671 -0.63453257 -31.155239 -0.022412575 0.99875182 -0.044637189 -4.3920794 0.63423237 0.048717914 0.77160605 63.023012
0.76631281 -0.012319915 -0.64234949 -31.884785 -0.02220456 0.99871094 -0.045644423 -4.4586223 0.64208385 0.049240994 0.76505143 63.883714
0.76163461 -0.015235899 -0.64782756 -32.572116 -0.020054751 0.99869046 -0.047065516 -4.5215975 0.64769635 0.048838747 0.76033167 64.719752
0.75513884 -0.014507671 -0.65540432 -33.322819 -0.021550591 0.99866541 -0.046935907 -4.5868214 0.6552106 0.049567477 0.75381839 65.515872
0.74991985 -0.016018155 -0.66133471 -34.077864 -0.018834877 0.99878452 -0.045549299 -4.6544623 0.66126054 0.046614482 0.74870664 66.377126
0.74353809 -0.017142656 -0.66847378 -34.795178 -0.017151757 0.99885353 -0.044692832 -4.7167429 0.6684736 0.044696324 0.74239162 67.170571
0.73579482 -0.017779045 -0.67697108 -35.590341 -0.017569931 0.99881763 -0.045328209 -4.7903507 0.6769766 0.045246598 0.73461246 67.998868
0.73064406 -0.019100388 -0.68249132 -36.349536 -0.017666975 0.99874501 -0.046864605 -4.8558317 0.68252999 0.046298902 0.72938966 68.808708
0.72420567 -0.017946323 -0.68935045 -37.134885 -0.019850753 0.99870447 -0.046854397 -4.9213769 0.68929829 0.047616346 0.72291119 69.603538
0.72009981 -0.019445781 -0.69359792 -37.925977 -0.017394137 0.99878719 -0.046060851 -4.9880983 0.69365247 0.045232948 0.71888822 70.412773
0.7144113 -0.018860727 -0.69947174 -38.718731 -0.018312899 0.99879028 -0.045635655 -5.0551742 0.69948636 0.045411983 0.71320167 71.233021
0.70940055 -0.019678827 -0.70453074 -39.546875 -0.018643712 0.99873641 -0.046669105 -5.1243086 0.70455895 0.046242157 0.70813727 72.047543
0.70416532 -0.021426735 -0.70971266 -40.357048 -0.019145198 0.99860818 -0.049144249 -5.1969033 0.70977793 0.048193265 0.70277503 72.831173
0.69983202 -0.023219716 -0.71392993 -41.175788 -0.019647413 0.99846764 -0.051733399 -5.2669981 0.71403723 0.050231566 0.69830342 73.613547
0.69472108 -0.024640268 -0.71885703 -42.041588 -0.019279626 0.99841607 -0.052855018 -5.3382819 0.71902083 0.05057879 0.69314563 74.412922
0.68979491 -0.02307222 -0.72363707 -42.896588 -0.020529285 0.99846691 -0.051404005 -5.4173903 0.72371374 0.050313973 0.68826374 75.21699
0.68539474 -0.023108503 -0.72780492 -43.717682 -0.019722498 0.99854052 -0.050277857 -5.4926299 0.7279046 0.04881431 0.68393866 75.996006
0.68006766 -0.024130336 -0.73275212 -44.596876 -0.019219428 0.99852795 -0.050720189 -5.5729972 0.73289743 0.048576237 0.6786028 76.790793
0.67652129 -0.024661668 -0.73600998 -45.448533 -0.019081097 0.99851654 -0.050996387 -5.6434764 0.73617586 0.04854402 0.67504713 77.558607
0.67130799 -0.025663491 -0.74073404 -46.318502 -0.017635108 0.99856438 -0.050578526 -5.7185256 0.74096871 0.047016694 0.66989167 78.343122
0.66802385 -0.027209045 -0.74364223 -47.231255 -0.0155974 0.99859978 -0.050549012 -5.7942802 0.74397642 0.045366831 0.66666408 79.129738
0.66386462 -0.029362236 -0.7472761 -48.123823 -0.013961044 0.99856824 -0.051638797 -5.8699829 0.74772247 0.044713925 0.6625042 79.902677
0.66023681 -0.034359517 -0.7502711 -49.01756 -0.0099870692 0.99846304 -0.054514346 -5.950518 0.75099112 0.043485388 0.65887891 80.678262
0.6550819 -0.038667951 -0.75456772 -49.904782 -0.006095904 0.99838655 -0.056454679 -6.0254773 0.75553331 0.041582211 0.65378925 81.462045
0.64862693 -0.04301515 -0.75988996 -50.827734 0.00035794175 0.99841879 -0.056212037 -6.1091543 0.76110645 0.036188645 0.64761671 82.241716
0.64054428 -0.045951587 -0.76654512 -51.760907 0.0037650016 0.99838397 -0.056703352 -6.2002219 0.76791204 0.033434964 0.63968215 83.013432
0.63229877 -0.047359497 -0.77327569 -52.693724 0.0067801939 0.99842982 -0.05560504 -6.2858046 0.774695 0.029916039 0.63162706 83.786533
0.62326435 -0.045866986 -0.78066492 -53.655495 0.0070702729 0.99856816 -0.053024879 -6.3640687 0.78197929 0.027529003 0.62269623 84.543931
0.61494574 -0.04502836 -0.78728275 -54.616949 0.0055593421 0.99859113 -0.052771672 -6.449725 0.78854986 0.028074941 0.61432969 85.286405
0.60646988 -0.04613045 -0.7937671 -55.570069 0.0044143182 0.9984955 -0.054655698 -6.5235108 0.79509424 0.029643094 0.60576108 86.006588
0.59583655 -0.048858611 -0.80161811 -56.583414 0.005716372 0.99838044 -0.056602336 -6.6129561 0.80308542 0.029143393 0.59515085 86.733457
0.58513823 -0.04970807 -0.80940862 -57.5746 0.0050238012 0.9983226 -0.057678001 -6.6950235 0.81091804 0.029683295 0.58440644 87.444826
0.57666676 -0.051831222 -0.81533362 -58.589824 0.0095698522 0.99834557 -0.056696858 -6.7787352 0.81692345 0.024892571 0.57620872 88.138586
0.56653999 -0.051653422 -0.82241371 -59.608591 0.010378463 0.99840156 -0.055557249 -6.8668407 0.82396892 0.022940013 0.5661705 88.850881
0.55614562 -0.052423163 -0.82942981 -60.633329 0.0111602 0.99838969 -0.055618991 -6.9539363 0.83100996 0.021675655 0.55583511 89.536497
0.54562995 -0.05305475 -0.83634508 -61.679065 0.00980462 0.9983298 -0.056933968 -7.040308 0.8379689 0.022864832 0.54523883 90.195009
0.53647072 -0.053718936 -0.84220745 -62.751468 0.0088674144 0.99827574 -0.058025137 -7.1264327 0.84387238 0.023660584 0.53602205 90.86877
0.52617237 -0.053958109 -0.8486643 -63.781977 0.0063142184 0.99820529 -0.059551111 -7.2175224 0.85035453 0.025975497 0.52556875 91.502949
0.51633145 -0.053914416 -0.85469001 -64.862324 0.0055481519 0.99820598 -0.059615774 -7.3078825 0.8563709 0.026039549 0.51570427 92.136376
0.50716153 -0.051573927 -0.86030649 -65.939852 0.0038090668 0.99833231 -0.05760285 -7.3985145 0.86184264 0.025936984 0.50651219 92.779664
0.50091709 -0.050173735 -0.8640397 -67.051257 0.0050477032 0.99847064 -0.055053627 -7.4904776 0.86548059 0.023215886 0.50040427 93.398659
0.49306616 -0.051025049 -0.86849418 -68.176032 0.0059131858 0.9984521 -0.055303163 -7.5762929 0.86997176 0.02213255 0.49260466 94.02084
0.48470738 -0.053884348 -0.87301499 -69.278573 0.0073697104 0.99831678 -0.057526498 -7.6659474 0.87464536 0.02144965 0.48428862 94.624225
0.47898101 -0.057448708 -0.87594336 -70.365464 0.0099316913 0.99814701 -0.060032607 -7.7567889 0.87776911 0.02005488 0.47866403 95.221619
0.47340559 -0.059981714 -0.87879991 -71.492718 0.010642616 0.99799547 -0.062384172 -7.8495969 0.88078031 0.020180286 0.47309499 95.828957
0.46762644 -0.063293594 -0.88165717 -72.647927 0.011965103 0.99779493 -0.065284819 -7.9577841 0.88384525 0.019979788 0.4673526 96.422695
0.46271658 -0.064491399 -0.88415732 -73.776642 0.014371308 0.997765 -0.065256959 -8.0579724 0.88638981 0.01748898 0.46260923 97.017787
0.45779546 -0.062109939 -0.88688534 -74.916598 0.016092342 0.99797223 -0.061582925 -8.160033 0.88891193 0.013920321 0.45786665 97.590511
0.45556369 -0.061292991 -0.88809055 -76.035571 0.020956676 0.99808877 -0.058134551 -8.2621432 0.88995652 0.0078725642 0.4559775 98.166976
0.44968269 -0.060379944 -0.89114515 -77.148949 0.021972923 0.99815835 -0.056542868 -8.3544299 0.8929181 0.0058452849 0.45018126 98.732748
0.44749695 -0.059566462 -0.89229942 -78.266087 0.022058193 0.99821087 -0.0555743 -8.4482872 0.89401341 0.0051868168 0.44801025 99.312981
0.44576206 -0.05985141 -0.89314832 -79.343032 0.026182062 0.99820711 -0.053824356 -8.5349563 0.89476855 0.00060839015 0.4465299 99.846644
0.44225967 -0.058298105 -0.89499031 -80.478277 0.026556533 0.99829889 -0.051904528 -8.6214478 0.89649384 -0.00081256104 0.44305553 100.37555
0.4411347 -0.059592823 -0.89546011 -81.556674 0.02942692 0.99821684 -0.051934558 -8.714217 0.89695836 -0.0034404979 0.44210172 100.9241
0.43825744 -0.059528491 -0.89687608 -82.65156 0.030807881 0.9982131 -0.051200314 -8.799584 0.89832141 -0.0051919338 0.43930827 101.44123
0.43564684 -0.059640991 -0.89813958 -83.758093 0.034934127 0.99817098 -0.049338616 -8.8893677 0.89943955 -0.0098815109 0.43693355 101.99644
0.43369571 -0.059045426 -0.89912268 -84.831016 0.037239666 0.99817266 -0.047587329 -8.9715899 0.90028957 -0.012844609 0.43510203 102.50952
0.43230261 -0.060366138 -0.89970568 -85.918644 0.039916676 0.99805972 -0.047785547 -9.0577066 0.90084471 -0.015255445 0.43387343 103.02453
0.43120072 -0.060818664 -0.90020384 -86.973308 0.039990246 0.99803333 -0.048272657 -9.1356176 0.90136939 -0.015184169 0.43278485 103.53761
0.43039851 -0.061466067 -0.90054371 -88.013949 0.039222076 0.99800998 -0.049373091 -9.2197415 0.90178646 -0.01407109 0.43195284 104.02284
0.43123108 -0.062131098 -0.90009967 -89.054498 0.038565047 0.99798368 -0.050411501 -9.3002686 0.90141697 -0.01297338 0.43275767 104.53284
0.43516151 -0.061935282 -0.89821958 -90.079292 0.03645969 0.99802505 -0.051153539 -9.3803424 0.89961393 -0.010488756 0.43656024 105.00892
0.4379531 -0.061863192 -0.89686674 -91.112 0.033917712 0.99805628 -0.052280431 -9.4656127 0.8983578 -0.0075232921 0.4392001 105.50816
0.44282543 -0.062785755 -0.8944068 -92.113728 0.033947984 0.99800398 -0.05325027 -9.5440255 0.89596498 -0.0067827351 0.44407299 105.98315
0.44965953 -0.061932226 -0.8910503 -93.125466 0.031140373 0.99807379 -0.053656193 -9.6294484 0.89265707 -0.0036206204 0.45072199 106.48315
0.45599085 -0.06171515 -0.88784206 -94.123074 0.031790168 0.99808565 -0.053051081 -9.7109652 0.88941655 -0.0040338413 0.45707986 106.97551
0.46390235 -0.060179081 -0.88383993 -95.105913 0.029904186 0.99818521 -0.052268794 -9.7904634 0.88538151 -0.0021828979 0.46486007 107.49699
0.47303185 -0.059792508 -0.87901403 -96.067831 0.029614261 0.99820977 -0.051963877 -9.8669053 0.88054752 -0.0014507824 0.47395573 108.02566
0.48338222 -0.059650964 -0.87337468 -97.059244 0.029566571 0.99821899 -0.051813697 -9.9432861 0.87491 -0.00077687515 0.48428499 108.55045
0.49217346 -0.060846257 -0.86836798 -98.019868 0.029424094 0.99814693 -0.053262842 -10.024193 0.86999975 0.00066361581 0.49305178 109.07538
0.50226801 -0.061280994 -0.86253778 -98.960885 0.02607848 0.99810542 -0.055726842 -10.100227 0.8643187 0.0054961351 0.50291454 109.62633
0.51327226 -0.061548701 -0.85601594 -99.90549 0.023781079 0.99806207 -0.057502733 -10.18326 0.85789633 0.0091575751 0.51374127 110.16959
0.52752156 -0.059082138 -0.84748466 -100.84402 0.020193573 0.99816894 -0.057017444 -10.260373 0.84930165 0.012964187 0.52774872 110.75194
0.53961731 -0.056775407 -0.83999384 -101.72034 0.018681347 0.99828539 -0.055473361 -10.337948 0.84170317 0.014242169 0.53975272 111.31728
0.55133772 -0.055713302 -0.83241978 -102.66037 0.020479975 0.99837087 -0.053255769 -10.418312 0.83403078 0.012313978 0.55158053 111.89946
0.56302609 -0.054259626 -0.82465596 -103.54747 0.018838186 0.99842574 -0.052831508 -10.4981 0.82622443 0.014210495 0.56316189 112.51529
0.57449309 -0.054901468 -0.81666606 -104.39563 0.01938453 0.99838069 -0.053481207 -10.571477 0.81827989 0.014893896 0.57462705 113.09832
0.58511956 -0.055777328 -0.80902654 -105.27319 0.019578743 0.99831266 -0.054667313 -10.651982 0.81071069 0.016147192 0.58522431 113.72611
0.59455165 -0.057618015 -0.8019903 -106.05416 0.021847581 0.99821856 -0.055519196 -10.719447 0.80376058 0.015487482 0.59475131 114.30288
0.60494367 -0.057060252 -0.79422115 -106.90013 0.021766847 0.99824143 -0.055138536 -10.805013 0.79597074 0.016068018 0.60512185 114.94469
0.6182113 -0.05533875 -0.78406145 -107.72567 0.021369309 0.99833312 -0.053612837 -10.879448 0.78572145 0.01638921 0.61836336 115.58082
0.62545784 -0.053419594 -0.77842712 -108.53648 0.022477292 0.99847311 -0.050459998 -10.951396 0.77993417 0.014063667 0.62570357 116.20714
0.63698455 -0.053089378 -0.76904626 -109.32444 0.023253121 0.99849502 -0.049668794 -11.031899 0.77052581 0.013755529 0.6372604 116.87227
0.64624346 -0.050322002 -0.76147032 -110.06502 0.018198557 0.99855596 -0.050545157 -11.093833 0.76291432 0.018806816 0.64622604 117.50256
0.65478889 -0.050236764 -0.75414039 -110.82609 0.016990012 0.99851481 -0.051763946 -11.162411 0.75562087 0.021081602 0.65466993 118.13319
0.66545523 -0.049093818 -0.74482151 -111.57056 0.016100971 0.99854667 -0.051432449 -11.236668 0.74626412 0.022233642 0.66527857 118.81645
0.67439016 -0.04759135 -0.73683983 -112.27592 0.01632847 0.99863787 -0.049555905 -11.304288 0.73819465 0.021388547 0.67424864 119.46495
0.68351826 -0.046506153 -0.72845035 -112.98147 0.017343612 0.99872127 -0.047487119 -11.37047 0.72972736 0.019824353 0.68345081 120.13008
0.69050545 -0.045108598 -0.72191924 -113.69605 0.016725595 0.99878242 -0.046410399 -11.43663 0.72313382 0.019972104 0.69041918 120.77913
0.69768132 -0.044937179 -0.71499747 -114.37763 0.016636358 0.99877792 -0.046539167 -11.504915 0.71621509 0.020574554 0.69757629 121.43424
0.70572261 -0.043076597 -0.70717746 -115.06739 0.014986697 0.99883423 -0.045886543 -11.569463 0.70832975 0.021784917 0.70554548 122.12662
0.7121268 -0.040430168 -0.70088571 -115.71221 0.013931124 0.99895761 -0.043469709 -11.623023 0.70191266 0.021191818 0.71194773 122.76228
0.71930409 -0.037653229 -0.69367414 -116.3699 0.012687026 0.99907552 -0.041074891 -11.686563 0.69457951 0.020744675 0.71911682 123.44304
0.72700885 -0.036877513 -0.68563703 -117.01246 0.013053442 0.99911852 -0.03989726 -11.742587 0.68650403 0.020055738 0.72684938 124.09706
0.73426252 -0.035901053 -0.67791565 -117.62262 0.012568183 0.99914841 -0.039300073 -11.802762 0.67874932 0.020336402 0.73408844 124.76619
0.74190562 -0.032817059 -0.66970072 -118.23026 0.0096334841 0.99922015 -0.038292224 -11.851773 0.67043515 0.021957665 0.74164318 125.42091
0.7509384 -0.030348059 -0.65967452 -118.82736 0.0093340607 0.99933146 -0.03534844 -11.907092 0.66030631 0.020387059 0.75071964 126.09591
0.76049514 -0.026642605 -0.64879679 -119.39056 0.0070700242 0.99943843 -0.03275436 -11.947923 0.64930516 0.020322523 0.76025643 126.76468
0.77005554 -0.024213614 -0.63751716 -119.93677 0.0055244625 0.99949511 -0.031288956 -12.000866 0.63795296 0.020572294 0.76980052 127.41509
0.77958405 -0.02380469 -0.62584504 -120.48221 0.0045402703 0.99946596 -0.032360176 -12.043132 0.62628119 0.022385971 0.7792758 128.07813
0.78956324 -0.024326567 -0.61318682 -121.01051 0.0044667113 0.99941533 -0.033897651 -12.094569 0.61365297 0.02402541 0.78921027 128.72596
0.79936416 -0.023472224 -0.60038817 -121.5132 0.0040364678 0.9994239 -0.033698355 -12.135813 0.60083331 0.02451381 0.7989984 129.40947
0.80905896 -0.022277124 -0.58730511 -122.00902 0.0040186229 0.99946772 -0.032374933 -12.177544 0.58771377 0.023833072 0.80871784 130.10667
0.81837629 -0.020386449 -0.57432099 -122.47982 0.0040934166 0.99955203 -0.029647814 -12.218206 0.57466818 0.021912133 0.81809313 130.7871
0.82820655 -0.019119266 -0.56009672 -122.96382 0.0046080018 0.99961643 -0.027308774 -12.259295 0.56040405 0.020036378 0.82797697 131.49659
0.83684529 -0.017664605 -0.54715436 -123.42922 0.0050128564 0.99968462 -0.024607404 -12.297435 0.54741653 0.017849784 0.83666992 132.18689
0.84439438 -0.017232434 -0.53544482 -123.86944 0.0059113498 0.99972138 -0.022852257 -12.329986 0.53568948 0.016131115 0.84426098 132.90226
0.85149331 -0.017135055 -0.5240854 -124.31825 0.0070306089 0.99974917 -0.021264169 -12.368288 0.52431835 0.014421658 0.85140021 133.62768
0.85812185 -0.017478746 -0.51314847 -124.7663 0.0077569428 0.99974767 -0.021081488 -12.399855 0.51338751 0.014110022 0.85804091 134.34781
0.86497391 -0.016488621 -0.50154586 -125.18787 0.0070134286 0.99975963 -0.020772229 -12.43012 0.50176785 0.01444988 0.86488164 135.07381
0.8711459 -0.014867755 -0.49079909 -125.60331 0.0056078595 0.99977755 -0.020332523 -12.463164 0.49099225 0.014960262 0.87103549 135.80558
0.87746002 -0.013800603 -0.47945118 -126.00851 0.0049664678 0.99979382 -0.019688931 -12.487457 0.47962408 0.014895071 0.87734765 136.55546
0.88280349 -0.014444295 -0.46952033 -126.41753 0.0056532695 0.99978143 -0.020127802 -12.523268 0.46970848 0.015114569 0.88269219 137.30865
0.88786791 -0.015407022 -0.45984038 -126.81438 0.006652593 0.99976458 -0.020652323 -12.553836 0.46005035 0.015277404 0.88776139 138.06914
0.89229694 -0.015912871 -0.4511684 -127.19385 0.0071122965 0.99975006 -0.021195219 -12.588753 0.45139295 0.015703586 0.8921871 138.84114
0.89530657 -0.015342143 -0.4451862 -127.58871 0.0067300958 0.99975852 -0.020919201 -12.617491 0.44539968 0.015732953 0.89519362 139.61879
0.89863565 -0.013637138 -0.43848372 -127.98403 0.0066070816 0.99982408 -0.017554541 -12.650068 0.43864601 0.012878039 0.89856766 140.4073
0.90185072 -0.010148031 -0.43192855 -128.36559 0.0047310023 0.99989613 -0.013614101 -12.672643 0.43202188 0.010234432 0.90180506 141.21877
0.90522702 -0.0072662555 -0.42486613 -128.76199 0.0028374165 0.99993486 -0.011055897 -12.69666 0.42491882 0.0088025746 0.90518867 142.03956
0.90838864 -0.0044912618 -0.41810273 -129.14835 0.0010290645 0.9999633 -0.0085058201 -12.720419 0.41812562 0.0072963355 0.90835992 142.86249
0.91127458 -0.0026195396 -0.41179092 -129.53658 -1.0340699e-05 0.99997962 -0.006384088 -12.731693 0.41179929 0.0058219151 0.91125598 143.71885
0.91426402 -0.0013722348 -0.40511653 -129.92514 -0.00012477747 0.99999326 -0.0036688336 -12.756082 0.40511887 0.0034048318 0.91425769 144.55814
0.91785579 -0.0013123225 -0.39691184 -130.30035 0.00080814547 0.99999864 -0.0014374976 -12.772013 0.39691322 0.00099865273 0.9178556 145.43472
0.92114297 -0.0016356587 -0.38922094 -130.68707 0.0015064396 0.99999866 -0.00063719709 -12.790144 0.3892215 6.1146429e-07 0.9211442 146.32472
0.92478066 -0.0022905918 -0.38049372 -131.06302 0.0021252843 0.99999738 -0.00085458506 -12.79058 0.38049471 -1.8353881e-05 0.9247831 147.23466
0.92866114 -0.0048714312 -0.37089722 -131.4181 0.0048224734 0.99998781 -0.0010594001 -12.819862 0.37089789 -0.00080481858 0.92867331 148.14848
0.9322816 -0.0062473727 -0.36167939 -131.79277 0.0057774725 0.99998048 -0.0023806164 -12.830905 0.36168723 0.00012981183 0.93229949 149.08195
0.93653473 -0.0073206883 -0.35049836 -132.15749 0.0061982015 0.99997144 -0.0043242677 -12.853018 0.35052003 0.0018773672 0.93655336 150.02088
0.94156152 -0.0056738673 -0.33679326 -132.49765 0.004058563 0.99997664 -0.0054999564 -12.866953 0.33681662 0.0038116504 0.94156255 150.98987
0.94714787 -0.0023064823 -0.32078901 -132.84358 0.0010432246 0.99999101 -0.0041097844 -12.884928 0.32079563 0.0035579184 0.94714176 151.96325
0.95324943 0.001339109 -0.30218161 -133.17592 -0.0018055619 0.99999757 -0.0012642895 -12.8953 0.30217921 0.0017507906 0.95324953 152.97188
0.95928365 0.0042695146 -0.28241218 -133.4865 -0.0043358224 0.99999052 0.00039017728 -12.908888 0.28241119 0.00085019814 0.95929307 153.9858
0.9655427 0.0063657256 -0.2601668 -133.77173 -0.0061983863 0.99997972 0.0014636388 -12.93383 0.26017086 0.00019940829 0.96556258 155.02182
0.97081509 0.0076371843 -0.23970761 -134.03046 -0.0071817639 0.99997036 0.0027733525 -12.936242 0.23972171 -0.0009708892 0.97084116 156.0688
0.97600787 0.0081741669 -0.21758174 -134.28413 -0.0072044951 0.99996027 0.0052495146 -12.955432 0.21761602 -0.0035560013 0.97602798 157.15052
0.98070714 0.010123167 -0.19522044 -134.51485 -0.0086059682 0.99992583 0.0086183696 -12.955807 0.19529322 -0.006772036 0.98072152 158.24351
0.98477453 0.011935004 -0.17342629 -134.70247 -0.00987364 0.99987004 0.012743998 -12.972213 0.17355586 -0.010837616 0.98476439 159.34097
0.98861517 0.013958082 -0.14981729 -134.88811 -0.011642601 0.99979901 0.016321388 -12.963751 0.150015 -0.014391309 0.98857898 160.47458
0.99169032 0.015345617 -0.12772948 -135.06182 -0.013345843 0.99977483 0.016497516 -12.964221 0.1279539 -0.01465577 0.99167183 161.605
0.99418993 0.015305818 -0.10654631 -135.17363 -0.013853092 0.9998009 0.014361513 -12.96217 0.10674492 -0.012802076 0.99420402 162.74728
0.99632321 0.015141342 -0.084325522 -135.29438 -0.014084529 0.99981482 0.013113416 -12.959316 0.084508468 -0.011877516 0.99635197 163.9112
0.99779838 0.013693394 -0.064891262 -135.37431 -0.012752495 0.99980779 0.014891742 -12.965128 0.065082713 -0.014031431 0.99778122 165.08367
0.99891147 0.014133625 -0.04445341 -135.44178 -0.013387524 0.99976523 0.017037084 -12.957269 0.044683773 -0.016423418 0.99886617 166.27197
0.99961823 0.014762101 -0.023355371 -135.47976 -0.014347368 0.99973815 0.01782654 -12.962688 0.023612415 -0.017484646 0.99956828 167.49825
0.99986598 0.015995554 -0.0034884966 -135.50308 -0.015928509 0.99970257 0.01846742 -12.95745 0.0037828559 -0.018409379 0.99982338 168.69417
0.99970356 0.016322747 0.018065447 -135.49535 -0.01666595 0.99968032 0.019013017 -12.950134 -0.017749329 -0.019308459 0.99965601 169.94265
0.99910976 0.018295446 0.038012661 -135.46003 -0.019004184 0.99965067 0.018367822 -12.944872 -0.037663338 -0.019073871 0.99910843 171.16427
0.998144 0.019439211 0.057711929 -135.40155 -0.020478814 0.99963752 0.017477146 -12.931605 -0.057351273 -0.018626581 0.99818029 172.42635
0.99675784 0.019460349 0.078071159 -135.31604 -0.020710719 0.99966938 0.015238087 -12.933748 -0.077748815 -0.016805593 0.99683133 173.6782
0.99510405 0.021443534 0.096478474 -135.19365 -0.022782459 0.99965853 0.012797719 -12.93257 -0.096171109 -0.01493308 0.99525279 174.95008
0.99317179 0.022001199 0.11456763 -135.07179 -0.023381699 0.99966914 0.010719637 -12.935092 -0.11429389 -0.013325227 0.99335761 176.22517
0.99064343 0.021708576 0.13473803 -134.90794 -0.023021401 0.9997014 0.0081929705 -12.940742 -0.13451995 -0.011218171 0.99084738 177.52282
0.98805522 0.023271414 0.15233292 -134.72527 -0.023954707 0.99970953 0.0026515468 -12.951511 -0.15222698 -0.0062689652 0.98832568 178.82226
0.98502199 0.024654001 0.17065714 -134.51114 -0.024371363 0.99969594 -0.0037512478 -12.976296 -0.17069775 -0.00046408547 0.98532333 180.1155
0.98190282 0.027260359 0.18741323 -134.2738 -0.026003375 0.99961986 -0.0091626985 -12.99272 -0.18759178 0.0041235032 0.98223842 181.42785
0.97832774 0.029272834 0.20498278 -134.00655 -0.027199752 0.99954646 -0.01292444 -13.030903 -0.20526816 0.0070688578 0.97868024 182.74609
0.9740816 0.031447625 0.2240002 -133.72333 -0.028601358 0.99946379 -0.015940647 -13.061114 -0.2243814 0.0091207819 0.97445872 184.07065
0.97046893 0.030784381 0.23925379 -133.42855 -0.027860613 0.99949018 -0.015593605 -13.103452 -0.23961187 0.0084673522 0.97083184 185.39196
0.96607937 0.029689074 0.25653305 -133.09008 -0.026451132 0.99952103 -0.01606406 -13.139813 -0.25688713 0.0087335675 0.96640195 186.71595
0.96121624 0.029459338 0.27421796 -132.71186 -0.024746081 0.99948084 -0.020632165 -13.198685 -0.27468343 0.013046153 0.96144621 188.07227
0.95667854 0.030817275 0.28951074 -132.3301 -0.024558155 0.99938002 -0.025228462 -13.25024 -0.29010874 0.017025679 0.95684223 189.4077
0.95116089 0.033165103 0.30690884 -131.90693 -0.026562611 0.99931761 -0.02566611 -13.295193 -0.30755065 0.016260301 0.95139277 190.76507
0.94558524 0.034718824 0.32351683 -131.48086 -0.027894383 0.99928021 -0.025709074 -13.355889 -0.32417659 0.015285819 0.94587308 192.08431
0.93929102 0.038886533 0.34091086 -131.0126 -0.030844135 0.99910396 -0.028981392 -13.400885 -0.3417324 0.016706861 0.93964879 193.4483
0.93256809 0.040018748 0.35876907 -130.5113 -0.03036399 0.99901016 -0.0325074 -13.476693 -0.35971488 0.019421704 0.93286013 194.79391
0.9260998 0.040760412 0.3750703 -129.99907 -0.029722246 0.99893925 -0.035170502 -13.535831 -0.37610604 0.021423464 0.92632893 196.11887
0.91890779 0.040836882 0.39235293 -129.44278 -0.027407056 0.99883284 -0.039772006 -13.616631 -0.39351918 0.025793568 0.91895449 197.44608
0.91031587 0.044379011 0.41152826 -128.868 -0.02797925 0.99855904 -0.045792988 -13.705349 -0.41296755 0.030171833 0.91024583 198.77582
0.90081054 0.047771218 0.43157648 -128.27532 -0.02919778 0.9983441 -0.049563514 -13.788717 -0.43322958 0.032046262 0.90071371 200.08305
0.88870815 0.050556154 0.45567738 -127.63616 -0.030728599 0.99823491 -0.050821399 -13.876302 -0.45744244 0.031163065 0.88869303 201.41476
0.87554235 0.054910841 0.4800108 -126.94396 -0.033363266 0.99802031 -0.053313767 -13.976225 -0.48198807 0.030663734 0.87564105 202.74426
0.86151816 0.059394894 0.50424069 -126.21584 -0.03580218 0.99776849 -0.056358257 -14.07826 -0.50646291 0.030500747 0.86172214 204.03173
0.84618866 0.063036218 0.52914192 -125.47959 -0.037122356 0.99753954 -0.05947101 -14.187496 -0.53158886 0.0306807 0.84644669 205.31064
0.83133615 0.06470257 0.55199072 -124.68327 -0.036763174 0.99742689 -0.061547283 -14.297627 -0.55455271 0.030873551 0.8315757 206.55178
0.81515889 0.065573712 0.57551373 -123.84528 -0.03530331 0.9973487 -0.06363367 -14.40845 -0.57816061 0.031554013 0.81531262 207.78127
0.79993313 0.067935415 0.59623128 -122.96165 -0.033818177 0.99709571 -0.068238338 -14.53725 -0.5991355 0.034422654 0.79990735 209.00953
0.783923 0.070327679 0.61686199 -122.07556 -0.031887389 0.99681309 -0.073122181 -14.66199 -0.62003868 0.037652042 0.78366727 210.18973
0.76667434 0.07211576 0.63797315 -121.1206 -0.029566207 0.99658319 -0.077121901 -14.795977 -0.64135507 0.040264937 0.76618695 211.37771
0.75145043 0.073801698 0.65564894 -120.15802 -0.028316954 0.99641622 -0.079704882 -14.938791 -0.65918165 0.041328288 0.75084723 212.51335
0.73553122 0.074443166 0.67338844 -119.14875 -0.026287832 0.99633226 -0.08143087 -15.081911 -0.67698065 0.042193026 0.73479043 213.65224
0.71905693 0.075040711 0.69088783 -118.1136 -0.024204613 0.99625418 -0.083016554 -15.230343 -0.69452956 0.042970957 0.7181798 214.774
0.70546375 0.075870149 0.70467339 -117.05638 -0.021747863 0.99610291 -0.085475269 -15.384677 -0.70841229 0.044974565 0.7043645 215.86918
0.68970701 0.077271016 0.71995374 -115.96773 -0.018765282 0.99586316 -0.088906838 -15.539883 -0.72384539 0.047809536 0.68830381 216.93383
0.67552553 0.079241476 0.73306617 -114.86639 -0.016202494 0.99556358 -0.092685669 -15.704718 -0.73715859 0.050734037 0.67381252 217.97083
0.66027853 0.08145209 0.74659077 -113.7411 -0.01491146 0.9953272 -0.095401344 -15.859381 -0.7508728 0.051858702 0.65840775 219.00276
0.64460704 0.082603771 0.76003837 -112.57462 -0.014276232 0.99527298 -0.096061913 -16.037781 -0.76438079 0.051071704 0.64273924 220.00395
0.62825257 0.083860955 0.77347656 -111.40543 -0.014558231 0.99526688 -0.096082787 -16.209791 -0.77787326 0.049103809 0.62649984 220.9837
0.61118613 0.084788114 0.7869323 -110.22756 -0.016396405 0.99538853 -0.094513671 -16.383409 -0.79131708 0.044862586 0.60975788 221.94073
0.59215159 0.085470615 0.80128098 -109.04166 -0.018364119 0.99553219 -0.092619702 -16.542482 -0.80561734 0.040130086 0.59107557 222.85915
0.57373168 0.08744239 0.81436216 -107.8303 -0.020903696 0.99552406 -0.092167702 -16.721066 -0.81877656 0.035856352 0.57299156 223.76256
0.55561469 0.090588989 0.82649011 -106.61459 -0.021993791 0.99530026 -0.094306235 -16.894848 -0.831149 0.03422028 0.55499584 224.60524
0.5381519 0.094262516 0.83756018 -105.38718 -0.024633385 0.99506095 -0.096160785 -17.06765 -0.84248786 0.031117168 0.53781594 225.42414
0.51840501 0.094505768 0.84989696 -104.14138 -0.024737762 0.9951158 -0.095564529 -17.243227 -0.85477737 0.028516583 0.51821087 226.21497
0.49683054 0.093290751 0.86281875 -102.91008 -0.025028483 0.99533216 -0.093206562 -17.412426 -0.86748663 0.024712823 0.49684634 226.96737
0.47615615 0.091489272 0.87458846 -101.65244 -0.024623517 0.99557024 -0.090739085 -17.578756 -0.87901597 0.02167053 0.47629968 227.67645
0.45421235 0.089856818 0.88635029 -100.38875 -0.024469255 0.99578343 -0.08841165 -17.738313 -0.89055739 0.018469334 0.45449586 228.36027
0.43289682 0.088641521 0.89707466 -99.13806 -0.022752264 0.99591096 -0.087428261 -17.896367 -0.90115634 0.017436938 0.43314348 228.97065
