1.000000000000000000e+00 -3.306050084167601550e-19 -2.270457535318767223e-19 -8.673617379884035472e-19 7.546676715296109287e-19 1.000000000000000000e+00 6.237773588823049983e-19 1.387778780781445676e-17 -3.447385680526250622e-20 4.770700176052009879e-20 1.000000000000000222e+00 5.551115123125782702e-17
9.999249909061334041e-01 -3.101176526989722019e-03 1.185154175060264096e-02 1.643842207417473000e-02 3.090350710301070086e-03 9.999947896781719026e-01 9.313245051975793838e-04 8.171214482918603972e-03 -1.185437060584953843e-02 -8.946270480407712833e-04 9.999293600597686238e-01 2.985192974855987447e-01
9.998411771604841514e-01 -4.983724569787194129e-03 1.711140557585262567e-02 3.477402379342267591e-02 4.964190425572276473e-03 9.999869834475048069e-01 1.183767339832760522e-03 -4.346594934028905066e-03 -1.711708155326530090e-02 -1.098668170419960606e-03 9.998528949378182595e-01 5.840539665286852422e-01
9.997558661233054700e-01 -8.202303101460544157e-03 2.051351266404035506e-02 4.287413248416249711e-02 8.196632946772147363e-03 9.999663704799325314e-01 3.605378820014846727e-04 -1.297444594315395883e-02 -2.051578031148323239e-02 -1.923452045471315543e-04 9.997894225421175562e-01 8.859289114152296696e-01
9.997831467540188033e-01 -9.374793886781470492e-03 1.859039737273329371e-02 4.658398316030784581e-02 9.399442732859742550e-03 9.999550537328532052e-01 -1.238913078964416076e-03 -1.433461077231408531e-02 -1.857795657688368629e-02 1.413392622282909740e-03 9.998263279783993207e-01 1.196380988147884628e+00
9.998699284245675667e-01 -1.129884831705475767e-02 1.150870642726484205e-02 4.728303600743127139e-02 1.133494304032471242e-02 9.999310370390273039e-01 -3.075129937013755879e-03 -1.521126417225535099e-02 -1.147315416652698768e-02 3.205192168152965881e-03 9.999290254955729429e-01 1.516172304551619332e+00
9.999243278140589331e-01 -1.230194333199477637e-02 1.741007901591932062e-04 4.211997209195624675e-02 1.230260056335315093e-02 9.999143840177782128e-01 -4.467520025951365187e-03 -2.852842913476137665e-02 -1.191295971155010506e-04 4.469324486638603759e-03 9.999899844190786036e-01 1.843165731362902182e+00
9.998134019960634999e-01 -1.163421548717132742e-02 -1.542365649253540916e-02 1.782281756955299279e-02 1.156179057152223119e-02 9.999217630060158735e-01 -4.778313251497799327e-03 -4.126474776933618249e-02 1.547802580440939442e-02 4.599150647308406295e-03 9.998696562030601198e-01 2.176107670716460163e+00
9.993619834046898465e-01 -7.722791085904368372e-03 -3.486876667703901062e-02 -1.817008651399749236e-02 7.564558579583352538e-03 9.999605084576254077e-01 -4.668125669157558756e-03 -5.376506131266778343e-02 3.490343868342682399e-02 4.401383187765188845e-03 9.993809282998861176e-01 2.524160904203850198e+00
9.984904013269038092e-01 -3.462649875731383178e-03 -5.481493854521288234e-02 -6.784566662343015364e-02 3.161736736476780229e-03 9.999794394486389848e-01 -5.575809161774769075e-03 -5.144366184977698653e-02 5.483311959297720167e-02 5.394094310313961478e-03 9.984808452023933301e-01 2.865891850359512549e+00
9.972297741347959654e-01 -3.058910159294271538e-03 -7.431020453233527778e-02 -1.087157240062645719e-01 2.621185837333945071e-03 9.999786615510715126e-01 -5.986295232135685658e-03 -5.431976597222136494e-02 7.432694025745111011e-02 5.774909540883260868e-03 9.972165034697114683e-01 3.235390623951418299e+00
9.954472019893344514e-01 -4.664759944670124336e-03 -9.521952827474940151e-02 -1.652774541837880307e-01 4.179421027209768297e-03 9.999772057282030335e-01 -5.296662602165810863e-03 -6.044965722780311357e-02 9.524209019515718355e-02 4.874484685080029273e-03 9.954440414935834536e-01 3.618497277281423230e+00
9.931576996422283310e-01 -6.002083805181799778e-03 -1.166468618945297464e-01 -2.244493032658324561e-01 5.480963052903671182e-03 9.999735185211823252e-01 -4.788651624375255163e-03 -6.832846297300451677e-02 1.166725240178682343e-01 4.116663337951124123e-03 9.931643030958976492e-01 4.001065717904618957e+00
9.911094835106499801e-01 -5.325493688316886715e-03 -1.329785908063942645e-01 -2.960547337505513577e-01 4.838862443171688781e-03 9.999803599109706731e-01 -3.983409273592350419e-03 -7.268896443167757737e-02 1.329971976468004025e-01 3.304618463435031288e-03 9.911157859271344517e-01 4.399914380989415008e+00
9.888781173384995071e-01 -3.744973336879155613e-03 -1.487041792191541312e-01 -3.795257727985095197e-01 3.332537417211851004e-03 9.999898783530392077e-01 -3.022845586130870101e-03 -7.956645970670007950e-02 1.487140023738426908e-01 2.493864980195234157e-03 9.888806367394920027e-01 4.813917866497443576e+00
9.865396677955844407e-01 -2.976654292846252908e-03 -1.635481718601921319e-01 -4.622939297016040450e-01 2.481353471453480366e-03 9.999917079212097271e-01 -3.233404379695865947e-03 -8.726120745613734353e-02 1.635564546361444049e-01 2.784074419207885516e-03 9.865388881458159176e-01 5.236993848378986627e+00
9.843478648600919589e-01 -4.349530209151786925e-03 -1.761849498969063066e-01 -5.536583355356177183e-01 3.700910753533596595e-03 9.999851225435660851e-01 -4.010095007894900858e-03 -9.418996272427604399e-02 1.761997906290390103e-01 3.295344206504902118e-03 9.843493017198773343e-01 5.676229080925433657e+00
9.826579104353453387e-01 -6.830488290710048926e-03 -1.852802365243973182e-01 -6.406893192225242561e-01 5.876465684330436923e-03 9.999665088379162681e-01 -5.695891833340786803e-03 -1.076085242548330961e-01 1.853129669893305576e-01 4.508178601618501383e-03 9.826651138650138728e-01 6.124911137804781802e+00
9.813041797873511829e-01 -6.439288209778099882e-03 -1.923020374497970142e-01 -7.425439294223921127e-01 4.988705012112700996e-03 9.999553546886681410e-01 -8.023047149506704057e-03 -1.165574392480980548e-01 1.923451405906793643e-01 6.913540516200800991e-03 9.812924765370120150e-01 6.584152239951800212e+00
9.798838972931277480e-01 -6.573267424749854905e-03 -1.994636092287327411e-01 -8.566653005905801033e-01 4.748212482080207270e-03 9.999423886091247660e-01 -9.626135136708888207e-03 -1.171258235266626757e-01 1.995154141787748303e-01 8.485142011564901152e-03 9.798586224877928741e-01 7.065071493029007499e+00
9.784983068706136766e-01 -6.829384252728299201e-03 -2.061068868753337668e-01 -9.659382607776164642e-01 4.364637803045307539e-03 9.999135100958175260e-01 -1.240772673195250295e-02 -1.271741802831883872e-01 2.061738072237967456e-01 1.124125252600191582e-02 9.784434801221920663e-01 7.548106521766994703e+00
9.765311653049906226e-01 -1.117893056694065600e-02 -2.150292823984798762e-01 -1.076829721759493985e+00 8.292876081506025260e-03 9.998631457334201666e-01 -1.431665024443162272e-02 -1.402225770821629580e-01 2.151598927371900227e-01 1.219745808594865054e-02 9.764901842199208426e-01 8.052547401097934099e+00
9.743610276405003656e-01 -1.674249811201515212e-02 -2.243155436312717632e-01 -1.189317346059806768e+00 1.362086389170640358e-02 9.997878431511195707e-01 -1.545286159154785760e-02 -1.551601191526222057e-01 2.245266551636469488e-01 1.200119080522156836e-02 9.743823396308962659e-01 8.570387512882060577e+00
9.728632445836569165e-01 -1.685445327867570939e-02 -2.307691245968133409e-01 -1.323982422303638717e+00 1.321293080102018541e-02 9.997628070752028195e-01 -1.731451061546432704e-02 -1.799804466829409977e-01 2.310061584444035865e-01 1.379674586216773739e-02 9.728550102765652907e-01 9.094673538839090909e+00
9.708439102165704604e-01 -1.363520032834863310e-02 -2.393105785611905623e-01 -1.474200700543972564e+00 8.646292098202718393e-03 9.997231149540749540e-01 -2.188209585445033065e-02 -1.834503422653031013e-01 2.395427180134172551e-01 1.917468350560515289e-02 9.706930146357208855e-01 9.628902462167431509e+00
9.691975594153763307e-01 -1.123953747554477800e-02 -2.460171041032631345e-01 -1.628979428435388677e+00 5.180724576129472521e-03 9.996675003296301432e-01 -2.525972239808448386e-02 -1.973022957614418427e-01 2.462192785880022439e-01 2.320678679386928636e-02 9.689334403160290154e-01 1.017577434954038651e+01
9.664400969008766218e-01 -1.432230212799987315e-02 -2.564829338030535921e-01 -1.786509643070250064e+00 7.502678066436280560e-03 9.995922848864535748e-01 -2.755051423301634744e-02 -2.213511494158716952e-01 2.567729552321602604e-01 2.470177816789091707e-02 9.661534468984305235e-01 1.073696008918400402e+01
9.642746199559376619e-01 -1.551540534019347876e-02 -2.645222006932873571e-01 -1.947507912255946438e+00 8.220926523628026283e-03 9.995550939113824196e-01 -2.866936057480234598e-02 -2.454233858620040176e-01 2.648495219100049369e-01 2.547013422336977251e-02 9.639732064741720619e-01 1.131047741832789555e+01
9.620877897762616371e-01 -1.576316564227371250e-02 -2.722431901798980647e-01 -2.123216676025006411e+00 7.323200788715252159e-03 9.994615746672321777e-01 -3.198554932945792129e-02 -2.666599568239467755e-01 2.726006635911795151e-01 2.877985123436509543e-02 9.616850386898988523e-01 1.189622440836868833e+01
9.597459691412415506e-01 -1.489856028587371525e-02 -2.804837828527472210e-01 -2.315261598589391401e+00 5.183997660270382724e-03 9.993616917545974365e-01 -3.534753344070137165e-02 -2.879364691128822318e-01 2.808314375364297510e-01 3.247030737468836747e-02 9.592106107411243476e-01 1.248605960921575431e+01
9.577025138991607234e-01 -1.566603178027771437e-02 -2.873352569497046316e-01 -2.502661131095608393e+00 4.278218876238343467e-03 9.991817960572929591e-01 -4.020824764779765137e-02 -3.185024676039372449e-01 2.877301864532471054e-01 3.727841129134705500e-02 9.569857862502116896e-01 1.308943287259458188e+01
9.560763680640670392e-01 -1.662164826886454796e-02 -2.927398564506574208e-01 -2.703953640129552749e+00 3.013717257738564390e-03 9.988955314759652149e-01 -4.688255949163759595e-02 -3.587551567085809912e-01 2.931960184875871955e-01 4.394104922543384806e-02 9.550704459838020854e-01 1.369783616294399131e+01
9.548207561248173159e-01 -1.770580360821844348e-02 -2.966491851633377697e-01 -2.908649933288102840e+00 1.227497058995907038e-03 9.984501562185174039e-01 -5.563955860996577102e-02 -3.918190597171429812e-01 2.971744220026879546e-01 5.276254146232344650e-02 9.533625839411502545e-01 1.433567946630424217e+01
9.537450850341862019e-01 -1.765132730583020976e-02 -3.001730522921062239e-01 -3.120168578022625372e+00 -1.949032101170918279e-03 9.978906067209821762e-01 -6.490423178993888487e-02 -4.375026059085753705e-01 3.006854895390408400e-01 6.248730526724084050e-02 9.516988066502883870e-01 1.496093433687460994e+01
9.520491804727964080e-01 -1.790467574327729919e-02 -3.055033195217584652e-01 -3.340548293849850747e+00 -5.007969125036718094e-03 9.972402663194285255e-01 -7.407455062279207081e-02 -4.825705847662865589e-01 3.059866622360080668e-01 7.205255974952501363e-02 9.493321123508415837e-01 1.561804505023715350e+01
9.511764884166657996e-01 -1.659376376413604359e-02 -3.081933121932234343e-01 -3.566889914860950750e+00 -8.822166244462747997e-03 9.966838941567072174e-01 -8.087441071930255576e-02 -5.424166360225987082e-01 3.085139634222991423e-01 7.964286580002742644e-02 9.478760137393409391e-01 1.627579821097184976e+01
9.495560814737744604e-01 -1.577934051403493201e-02 -3.131769389471190101e-01 -3.801748409533438622e+00 -1.193458711858231235e-02 9.961913095982976030e-01 -8.635787164542421679e-02 -6.021809587671546060e-01 3.133472598473391324e-01 8.573802693885754223e-02 9.457514130203352742e-01 1.694273442494325010e+01
9.477856096185424128e-01 -1.428049338102248440e-02 -3.185746157030637793e-01 -4.051286732599231222e+00 -1.619127299762039909e-02 9.955536659789593346e-01 -9.278752225137912313e-02 -6.690316356420665800e-01 3.184835090462240226e-01 9.309974185031467953e-02 9.433403141508810430e-01 1.761509173528062178e+01
9.466157387026559178e-01 -1.199505900562236604e-02 -3.221483682147108785e-01 -4.302342934731337998e+00 -2.097966832615626859e-02 9.948965312287344487e-01 -9.870498952020946570e-02 -7.459381982323078919e-01 3.216886026418949718e-01 1.001934304003014309e-01 9.415331054157471957e-01 1.830427552610061426e+01
9.442513093937974222e-01 -9.560921891183963434e-03 -3.291365095146345787e-01 -4.562961915702268278e+00 -2.552859824420938839e-02 9.944422569240555232e-01 -1.021231066751774330e-01 -8.194522011830619457e-01 3.282842139428431283e-01 1.048297414085116869e-01 9.387593436285889270e-01 1.900676748077318834e+01
9.429650883394511407e-01 -8.556800779919651254e-03 -3.327275773844655671e-01 -4.835447794110349307e+00 -2.761201774948603832e-02 9.942142500664256088e-01 -1.038122536090239079e-01 -9.015695847089549853e-01 3.316907361227178219e-01 1.070795071053023545e-01 9.372730737225719588e-01 1.971490871560305891e+01
9.407139706508804711e-01 -7.917257694689259703e-03 -3.390379633676460225e-01 -5.108831435032039181e+00 -2.860249868945879265e-02 9.943153452178604690e-01 -1.025613916860222685e-01 -9.886511978433071279e-01 3.379219847890385653e-01 1.061813788136918013e-01 9.351401449047272996e-01 2.044040052543967434e+01
9.388045074878592633e-01 -7.393048081177538804e-03 -3.444479829292472206e-01 -5.385442076389855615e+00 -2.944792079267915391e-02 9.943865660170250198e-01 -1.016283255271689390e-01 -1.073610052415922445e+00 3.432659825897597661e-01 1.055509843832957706e-01 9.333170527539661476e-01 2.116528669686892528e+01
9.362705552985403079e-01 -7.927368114023815304e-03 -3.511202263018322611e-01 -5.673116993948874587e+00 -2.895305329861994764e-02 9.946021200724561862e-01 -9.962562627573184892e-02 -1.163317503042688106e+00 3.500143721697215327e-01 1.034440633534751408e-01 9.309873018743345385e-01 2.190230065455567043e+01
9.338575509250269802e-01 -6.909103680330301415e-03 -3.575971929800133009e-01 -5.971797510536783093e+00 -2.925549358558712093e-02 9.949868966710475604e-01 -9.562577816992620661e-02 -1.246526632730713846e+00 3.564650602995436679e-01 9.976283228349260013e-02 9.289741559195507925e-01 2.264005281819727244e+01
9.290781238037397749e-01 -5.875247479165552830e-03 -3.698076831843545298e-01 -6.292048733775756020e+00 -2.970695122078535061e-02 9.954585592437954489e-01 -9.042732313529042165e-02 -1.321435175420408559e+00 3.686597314338195819e-01 9.499876359477921195e-02 9.246841888778190022e-01 2.340752550343333382e+01
9.263248362632664490e-01 -2.595755005885003359e-03 -3.766961118385102614e-01 -6.609183778297140321e+00 -3.186243822736846421e-02 9.958534553556344093e-01 -8.522186797459345431e-02 -1.407832880834453348e+00 3.753555285230203986e-01 9.094592069355557362e-02 9.224011666177938107e-01 2.415584630843545000e+01
9.230237884123922987e-01 8.526881627843010047e-04 -3.847374173121288488e-01 -6.948348070931398723e+00 -3.474718893555391735e-02 9.960956795503559391e-01 -8.117615489668160433e-02 -1.482810755640540545e+00 3.831659403127171681e-01 8.829884559714101799e-02 9.194498751273093573e-01 2.491507536799127820e+01
9.193321879756767290e-01 1.782345930799603476e-03 -3.934657847203023029e-01 -7.287313135896712701e+00 -3.589721432091693559e-02 9.961995130924220510e-01 -7.935009991020845754e-02 -1.557688641956807230e+00 3.918289446347842375e-01 8.707329280169005814e-02 9.159025488098311296e-01 2.567519692914657625e+01
9.154032567918430896e-01 2.359097044090256723e-03 -4.025291476002986757e-01 -7.635990105260624716e+00 -3.706125812427108618e-02 9.962295357726125289e-01 -7.843482954270929175e-02 -1.635709076032798137e+00 4.008269263380017100e-01 8.671430596554832726e-02 9.120391444243751700e-01 2.645098939028783391e+01
9.121021233585961951e-01 3.036039407939759155e-03 -4.099342990583247914e-01 -7.996269567532692690e+00 -3.788247790405879084e-02 9.963183390841306997e-01 -7.692217938029616286e-02 -1.707829007696325396e+00 4.081913133158296403e-01 8.569360974409577503e-02 9.088592936264568989e-01 2.722977577956237738e+01
9.075240488239733061e-01 4.361791770846207457e-03 -4.199586547365264377e-01 -8.376920637675265624e+00 -3.940887858912179437e-02 9.964188023544549022e-01 -7.480872909846537910e-02 -1.779264523969698919e+00 4.181282921313652090e-01 8.444191242882495563e-02 9.044460376574788851e-01 2.801384986251918008e+01
9.041415901582242620e-01 5.076223015312612656e-03 -4.272679605095995869e-01 -8.760622938420315364e+00 -3.943688065888753536e-02 9.966517745644356552e-01 -7.162644583613123062e-02 -1.848322480507306853e+00 4.254740291825705456e-01 8.160885537183411309e-02 9.013146846700406112e-01 2.881409887784105806e+01
9.006832962700310752e-01 4.059884997681726011e-03 -4.344103386282233137e-01 -9.158068843122670444e+00 -3.742339569235993840e-02 9.969649235285393818e-01 -6.827172216114327230e-02 -1.918504207013996377e+00 4.328145831294303303e-01 7.775082896104193453e-02 8.981016233220050493e-01 2.960871892431901031e+01
8.970746596360371639e-01 5.480094807438063917e-03 -4.418016343817475211e-01 -9.565180095095481505e+00 -3.699468579716841399e-02 9.973439961411630916e-01 -6.272630121946830284e-02 -1.983827090984609631e+00 4.402842730946652794e-01 7.261489759553969858e-02 8.948948989865938008e-01 3.041851571225954487e+01
8.935902648854621155e-01 5.679615580585957620e-03 -4.488607702089789653e-01 -9.983273761709622107e+00 -3.548957540318006809e-02 9.976839485483427472e-01 -5.802489956892571688e-02 -2.050947744409097329e+00 4.474919764841481795e-01 6.777702148565424578e-02 8.917221430534696403e-01 3.123136600530143880e+01
8.899864966334032346e-01 4.900329311893823411e-03 -4.559557259181148403e-01 -1.041217186748528079e+01 -3.421198554942905118e-02 9.978413822320221227e-01 -5.605563070277039955e-02 -2.115629800136773930e+00 4.546970378717485328e-01 6.548709161651584953e-02 8.882330599697189077e-01 3.204686302110081897e+01
8.866385017749359720e-01 5.595842552030940234e-03 -4.624263850503669282e-01 -1.085572867728306079e+01 -3.469834403865709738e-02 9.979131942682523126e-01 -5.445607649628739222e-02 -2.172130890781926116e+00 4.611567560276909061e-01 6.432846632650891794e-02 8.849825937936954823e-01 3.287829270431236495e+01
8.842637929700023491e-01 5.395042243060470255e-03 -4.669773350871537221e-01 -1.130663776153108202e+01 -3.377090024889731895e-02 9.980539883596288853e-01 -5.242731768554460825e-02 -2.227812881782158971e+00 4.657861211096970822e-01 6.212732988852243121e-02 8.827251793141374092e-01 3.371154533056472502e+01
8.809861508300723676e-01 3.861013708393586791e-03 -4.731778577661063245e-01 -1.176692986442835220e+01 -3.209119734831149262e-02 9.981513796863960009e-01 -5.161637273092466865e-02 -2.288323032678123425e+00 4.721040033993552099e-01 6.065865135982655837e-02 8.794817779552116521e-01 3.455950057332778869e+01
8.782446406095634206e-01 3.642415410154681461e-03 -4.782039216032369922e-01 -1.224478782182336900e+01 -3.155749969720622605e-02 9.982327169154613378e-01 -5.034813513789047901e-02 -2.345664329360242384e+00 4.771755974219480945e-01 5.930653954419673468e-02 8.768075736578371249e-01 3.541569138706290687e+01
8.772641067652932056e-01 3.958105493228935949e-03 -4.799897397013268563e-01 -1.272750805797472040e+01 -3.257364790015523232e-02 9.981516959253033949e-01 -5.129703271913371720e-02 -2.402687567549496528e+00 4.788995294092330268e-01 6.063614996268734680e-02 8.757718198565532797e-01 3.628322640568062951e+01
8.756992764860600520e-01 3.059098310553185276e-03 -4.828128302049166654e-01 -1.322314974255489339e+01 -3.200453391019105615e-02 9.981485793891793357e-01 -5.172839226755646808e-02 -2.461554071406647726e+00 4.817608659597827359e-01 6.075159633791973185e-02 8.741759521272327582e-01 3.715887739959032388e+01
8.753918740281509958e-01 4.105952818434660707e-03 -4.834027697837015580e-01 -1.372440487992202307e+01 -3.218588813775344337e-02 9.982401511558668394e-01 -4.980923328584370424e-02 -2.521968896047712239e+00 4.823478787710212545e-01 5.915888804782878235e-02 8.739834313970979984e-01 3.804557608744298847e+01
8.747341951020802808e-01 3.955414969118803414e-03 -4.844835514019689149e-01 -1.423262399171626136e+01 -3.143292404919872940e-02 9.983239812926373302e-01 -4.858431283509991039e-02 -2.578987497971887421e+00 4.834794550483059172e-01 5.772792621050630568e-02 8.733924862181976501e-01 3.894632767872396784e+01
8.744669753554686897e-01 1.741402165601597289e-03 -4.852413577042920534e-01 -1.474894991251171206e+01 -2.873620204498336661e-02 9.984233003346135726e-01 -4.820864169960557832e-02 -2.635414585888375072e+00 4.843925414671675367e-01 5.609614680394920533e-02 8.731382668285339044e-01 3.985558962014015805e+01
8.752179667829258491e-01 4.110741528746622445e-04 -4.837937229814290863e-01 -1.526796440053508697e+01 -2.720992262622085739e-02 9.984582491410550764e-01 -4.838470068300677190e-02 -2.698684062999193944e+00 4.830280248890909123e-01 5.550948236171063255e-02 8.738796956170046260e-01 4.077814005995298885e+01
8.728484886118393904e-01 -1.896659257268141661e-03 -4.879269844185771254e-01 -1.579824890598545828e+01 -2.542185476350973181e-02 9.984578661233600716e-01 -4.934076126914640342e-02 -2.768339051250986227e+00 4.872680115837821346e-01 5.547191187796810669e-02 8.714543631336056917e-01 4.169549242347155626e+01
8.728046505083905116e-01 -1.861887709843907833e-03 -4.881363292743080007e-01 -1.632691462604762123e+01 -2.395315311337286798e-02 9.986242709294970155e-01 -4.663246384630347074e-02 -2.817102998757065713e+00 4.875515728441935370e-01 5.239297364441782706e-02 8.715595457786043943e-01 4.263176441391660632e+01
8.699775572701575754e-01 -1.775764284330656230e-03 -4.932127570584347587e-01 -1.686069078810634281e+01 -2.259044832728178062e-02 9.987999408837729964e-01 -4.344273848192169163e-02 -2.888965933047944468e+00 4.926981648646749368e-01 4.893287858404070378e-02 8.688935790975039763e-01 4.356267637049673880e+01
8.671297806293237764e-01 -1.599989941702899916e-03 -4.979350724476526158e-01 -1.741304896761092991e+01 -2.027961873854968594e-02 9.990521908071828827e-01 -3.851528942752841661e-02 -2.948141315963589637e+00 4.975246142971916363e-01 4.349943391042330326e-02 8.662754875364243601e-01 4.449606518245325759e+01
8.639833638206247945e-01 -2.554111253120032714e-03 -5.034055827510169889e-01 -1.795379072478745996e+01 -1.846704563389495179e-02 9.991536139146651729e-01 -3.676613086154825738e-02 -2.995763911188379147e+00 5.030734584852296631e-01 4.106496312988563990e-02 8.632049254743965339e-01 4.542523579299617609e+01
8.579364712651529334e-01 -7.154829402696761924e-03 -5.136448454488216075e-01 -1.850460296086426126e+01 -1.543193284585627628e-02 9.990929037900605492e-01 -3.968580105840389949e-02 -3.066730366682803410e+00 5.134626357991309842e-01 4.197875366032350480e-02 8.570479188176201024e-01 4.633371214625036316e+01
8.534713704526494249e-01 -8.850033928467924277e-03 -5.210415722888603884e-01 -1.907266940210707418e+01 -1.522487775888278251e-02 9.990057146626913909e-01 -4.190555646598528167e-02 -3.120623000692758442e+00 5.208942852292897108e-01 4.369749401658762356e-02 8.524879698735204903e-01 4.724540538290450797e+01
8.465163426448730766e-01 -9.094070762505431296e-03 -5.323650636433344685e-01 -1.965438265139771801e+01 -1.611442984045556581e-02 9.989582593674914968e-01 -4.268817635386006754e-02 -3.170186964221692882e+00 5.321986612835035713e-01 4.471407879073800717e-02 8.454879510119275299e-01 4.816137958971531674e+01
8.412186794508170751e-01 -5.278989065649560865e-03 -5.407050315464374535e-01 -2.025146189402074981e+01 -1.724149818988720065e-02 9.991819494925844314e-01 -3.657204239361142722e-02 -3.227494682458124320e+00 5.404557360450108483e-01 4.008748209028956816e-02 8.404394460726204441e-01 4.906930184168403741e+01
8.368048387305537794e-01 -2.437378732400948943e-03 -5.473796548503974124e-01 -2.085679841714578231e+01 -1.770070758050414431e-02 9.993469898883964309e-01 -3.150246326394642166e-02 -3.283035905011971956e+00 5.470987690303390494e-01 3.605331508765623888e-02 8.362152077236708614e-01 4.996312799250345904e+01
8.320103833825078787e-01 -1.363453391022782443e-03 -5.548488173027842363e-01 -2.146064323725460810e+01 -2.044523193666544780e-02 9.992423880486459575e-01 -3.311667175911673505e-02 -3.334128784672544032e+00 5.544736794633531307e-01 3.889522568120728357e-02 8.313520373762194327e-01 5.085534261072901785e+01
8.285843548544005177e-01 -3.619280572405683075e-03 -5.598390973625760880e-01 -2.207072979539580260e+01 -2.068704106678454294e-02 9.990983165991460524e-01 -3.708498327709054687e-02 -3.387828786189706953e+00 5.594684735359133354e-01 4.231296001178243976e-02 8.277624274234067769e-01 5.173749061912133129e+01
8.261134349745887784e-01 -5.438750345424544878e-03 -5.634151116559056316e-01 -2.268680272025887845e+01 -2.308867796957972396e-02 9.987870160598564251e-01 -4.348674584817819461e-02 -3.446673128697094413e+00 5.629678264856284864e-01 4.893731749431905198e-02 8.249859782754002113e-01 5.261497128426318426e+01
8.226362215058163896e-01 -5.837010783499982890e-03 -5.685189073377758806e-01 -2.330842726925573061e+01 -2.392750632169032485e-02 9.987062052044189953e-01 -4.487458176225583156e-02 -3.505961654859185650e+00 5.680454737192650594e-01 5.051606965653607229e-02 8.214320359896550849e-01 5.348985299062677257e+01
8.203171416979402331e-01 -5.023518240530616512e-03 -5.718449566049924604e-01 -2.393316132874338109e+01 -2.306876264945398325e-02 9.988569724422801110e-01 -4.186759541517440925e-02 -3.564604924022567900e+00 5.714014492635193232e-01 4.753924073402258227e-02 8.192635742104573682e-01 5.436850458685875509e+01
8.166710742840480597e-01 -2.857630590199670279e-03 -5.771159171111166497e-01 -2.456933109591671283e+01 -2.160913998471893430e-02 9.991350593345901254e-01 -3.552496121087469344e-02 -3.623036231942276864e+00 5.767183660348961238e-01 4.148339469296521975e-02 8.159027267787009041e-01 5.525042159227189842e+01
8.125158896281456933e-01 -7.439834424740567791e-04 -5.829145177290356861e-01 -2.520682805825984119e+01 -2.236806284508610979e-02 9.992229255009171807e-01 -3.244861833980642457e-02 -3.674715240543964256e+00 5.824856812163461406e-01 3.940419842806165002e-02 8.118679262993128143e-01 5.612537606821008751e+01
8.105497829791102893e-01 9.362709459585553083e-04 -5.857401661019060457e-01 -2.584871983354725344e+01 -2.454873576970839980e-02 9.991742947591868429e-01 -3.238011869263827947e-02 -3.728187315776613886e+00 5.852263237129446960e-01 4.061935637390591547e-02 8.099032787909389297e-01 5.699513058409986854e+01
8.067820356799301207e-01 -1.396079245786810766e-03 -5.909782557465151909e-01 -2.650288706198240973e+01 -2.361342540714388497e-02 9.991221577938033116e-01 -3.459271749603156504e-02 -3.774976543165247111e+00 5.905079814342026889e-01 4.185782319763018539e-02 8.060406607857577566e-01 5.786185100229877065e+01
8.029698779273256593e-01 -3.373887044816637273e-03 -5.958204241517395250e-01 -2.715539537983520546e+01 -2.319987981321294454e-02 9.990491512906394256e-01 -3.691490778103544840e-02 -3.832678109377271269e+00 5.953783296653891721e-01 4.346966337244113909e-02 8.021279877841408501e-01 5.872778001411067805e+01
7.992845522103728673e-01 -4.649078103996273463e-03 -6.008906072618087624e-01 -2.781060734171212800e+01 -2.235405652605835722e-02 9.990480411400189942e-01 -3.745975572326537550e-02 -3.888431786437396287e+00 6.004928393331333547e-01 4.337331007993941445e-02 7.984195733976552356e-01 5.959634243826979372e+01
7.944735806600489170e-01 -4.541142492775610863e-03 -6.073359691040102204e-01 -2.849339426424916155e+01 -2.165878778400504023e-02 9.991239416501532800e-01 -3.580343147851196284e-02 -3.943313414747581902e+00 6.069665815780479479e-01 4.159722841561946244e-02 7.936791152439665042e-01 6.045902250243666032e+01
7.905470965880393441e-01 -4.560711469844123088e-03 -6.122621854310654754e-01 -2.916539340754092535e+01 -2.155018160722718332e-02 9.991456844037408525e-01 -3.525887469385777934e-02 -3.996764625545807359e+00 6.118996708622842506e-01 4.107344705710261334e-02 7.897734427249556433e-01 6.131281917384130509e+01
7.843443880538283342e-01 -5.193849273277965743e-03 -6.202463549761921824e-01 -2.985167509411193976e+01 -2.177123597413635134e-02 9.991184479080377212e-01 -3.590175794805438442e-02 -4.051181905756598312e+00 6.198860027783706927e-01 4.166363052345523066e-02 7.835397585091120609e-01 6.217518400488231123e+01
7.788644968556189818e-01 -6.493310767435783726e-03 -6.271175705554522528e-01 -3.055324715898296262e+01 -2.121331832288932823e-02 9.991016038582483105e-01 -3.669779805430136571e-02 -4.106797864178845181e+00 6.267924637569892710e-01 4.188527994067770682e-02 7.780269794252930859e-01 6.302771093605850439e+01
7.744606722562483725e-01 -8.503689234021392582e-03 -6.326126244021105238e-01 -3.125965159861609166e+01 -2.010615201982498754e-02 9.990735916692585761e-01 -3.803528610447448610e-02 -4.162181235751945430e+00 6.323500740320586733e-01 4.217322022957632061e-02 7.735722405148011127e-01 6.388009429192560162e+01
7.691855486251689689e-01 -9.936817807148442400e-03 -6.390756347008136329e-01 -3.198304336072459009e+01 -1.955245302107992689e-02 9.990448758854899580e-01 -3.907365297036480972e-02 -4.215836331560279149e+00 6.388535720538968121e-01 4.254897392460715855e-02 7.682566183932414416e-01 6.472729770316854570e+01
7.635108622495837549e-01 -1.114948487280568480e-02 -6.457461132552904104e-01 -3.270630374160764831e+01 -1.946103429396540269e-02 9.989995843207416515e-01 -4.027288031011384828e-02 -4.263630372001303570e+00 6.455488818161552178e-01 4.331884215677660188e-02 7.625300011416193957e-01 6.556515482970839059e+01
7.569308789906040724e-01 -1.208954249274552840e-02 -6.534553832831315745e-01 -3.344593748463072558e+01 -1.828260590958039403e-02 9.990457465402043935e-01 -3.966192437629300488e-02 -4.316909148081776060e+00 6.533113028284613932e-01 4.196628960156184585e-02 7.559875167917320393e-01 6.640325192320041481e+01
7.502641332717846501e-01 -1.208850850915429813e-02 -6.609973651133153050e-01 -3.418823343473881238e+01 -1.765055712006763020e-02 9.991102283547029783e-01 -3.831144861947797381e-02 -4.371389322610552242e+00 6.608723328158431221e-01 4.041200711757340219e-02 7.493831199485249117e-01 6.722323119839538208e+01
7.447244307725984225e-01 -1.306632452235255600e-02 -6.671947523753271048e-01 -3.494675909552485393e+01 -1.578745094206260302e-02 9.991836043765027764e-01 -3.718770401235976103e-02 -4.438728710571376190e+00 6.671359332596349390e-01 3.822847486561860297e-02 7.439102059702840108e-01 6.805978003975420165e+01
7.380515642733622705e-01 -1.450340519365186584e-02 -6.744603063239357210e-01 -3.571061409369823281e+01 -1.503332565588231390e-02 9.991674222256379245e-01 -3.793182812958489220e-02 -4.496923753400247747e+00 6.744485210515830387e-01 3.814231054669306453e-02 7.372190251472706679e-01 6.890004145955184356e+01
7.314703260229896697e-01 -1.613827798169694544e-02 -6.816999387340254568e-01 -3.649788474859237652e+01 -1.462858193096271305e-02 9.991184343347963015e-01 -3.934864593669012978e-02 -4.555541071959668287e+00 6.817339590650801640e-01 3.875629177318481305e-02 7.305893635931725028e-01 6.972397212961514867e+01
7.264416280360107558e-01 -1.596791773593427347e-02 -6.869304556135755746e-01 -3.729031732745404781e+01 -1.592616928271131660e-02 9.990703685832978964e-01 -4.006704028448478810e-02 -4.614211665551073871e+00 6.869317187877653774e-01 4.004764352112950149e-02 7.255119396523592723e-01 7.054234440036654519e+01
7.204714422571647514e-01 -1.564441270959232230e-02 -6.932435844056008545e-01 -3.809761161591849543e+01 -1.517765525837165910e-02 9.991503291110240825e-01 -3.831974663607762288e-02 -4.669008873313686969e+00 6.932541535742196004e-01 3.813215712360504966e-02 7.196216644914915639e-01 7.136264941732690659e+01
7.162602710710543885e-01 -1.500748971327292916e-02 -6.977814535261579465e-01 -3.890271121464871840e+01 -1.667972989163232084e-02 9.991149075566352344e-01 -3.862322796928523844e-02 -4.728495765557021002e+00 6.977435763132019408e-01 3.930293166501171165e-02 7.153760258629724422e-01 7.217515338911297818e+01
7.101663342469042295e-01 -1.550525205264088879e-02 -7.039738850016568072e-01 -3.972285656545763999e+01 -1.699306669603363809e-02 9.990887222943450885e-01 -3.913952277615658643e-02 -4.786853387677382443e+00 7.039397521737912333e-01 3.975141491267600302e-02 7.092556784936935310e-01 7.299014126739245967e+01
7.064267026810442385e-01 -1.737524996738437633e-02 -7.075277432664258681e-01 -4.055223033753034656e+01 -1.704175152279467989e-02 9.989912884128659964e-01 -4.154132126054996266e-02 -4.849361162380336765e+00 7.075360312032559218e-01 4.140102218718752503e-02 7.054179902751085418e-01 7.379591583895491169e+01
7.017089871828889880e-01 -1.993948364284823735e-02 -7.121873202154759275e-01 -4.137290225207949845e+01 -1.676222699193544163e-02 9.988695668555460649e-01 -4.446968684740546657e-02 -4.913759368287271556e+00 7.122690235916879775e-01 4.314177619292368371e-02 7.005815073209709087e-01 7.460967575625845427e+01
6.960384363020040155e-01 -2.025207501871284857e-02 -7.177032491670884973e-01 -4.222252070558516124e+01 -1.760704790037930303e-02 9.988201032357120202e-01 -4.526928449839040525e-02 -4.981533028701107035e+00 7.177733337890191967e-01 4.414412837932896877e-02 6.948605890709876887e-01 7.541129073868260946e+01
6.924301246777468943e-01 -1.930757504121799473e-02 -7.212070767012679351e-01 -4.308255395977252533e+01 -1.698775919123842598e-02 9.989284097509811833e-01 -4.304807302606671743e-02 -5.043180961363792569e+00 7.212655806372023637e-01 4.205677672928911925e-02 6.913601478603955686e-01 7.621293498836990921e+01
6.866629390510120556e-01 -2.041335039756030784e-02 -7.265520361399134819e-01 -4.394267440482946085e+01 -1.545853953954533060e-02 9.989696827426277626e-01 -4.266553809453734608e-02 -5.108331308450732244e+00 7.266739459665454426e-01 4.053426227973380702e-02 6.856399421406867978e-01 7.702534588766923207e+01
6.810498083401064218e-01 -2.040666669836257302e-02 -7.320146119382079375e-01 -4.481570728140110305e+01 -1.541012567557023712e-02 9.989907506201727294e-01 -4.218405830241516580e-02 -5.178749333394458532e+00 7.321368120029825288e-01 4.000866671856648932e-02 6.800479682423273831e-01 7.782292173746591857e+01
6.775191582725830219e-01 -2.244789783186856152e-02 -7.351384503650378877e-01 -4.569792568935869781e+01 -1.419650153077192667e-02 9.989487069533637964e-01 -4.359854908323633482e-02 -5.241914295159260107e+00 7.353443999603045400e-01 3.997526144924733182e-02 6.764882509735467009e-01 7.862221111869959600e+01
6.724070825522859840e-01 -2.313138751821553971e-02 -7.398537984627555630e-01 -4.658185286387293900e+01 -1.253588026792938973e-02 9.990122847172194787e-01 -4.262283323662328927e-02 -5.311786449047741776e+00 7.401092205306951666e-01 3.793263091871446058e-02 6.714530139408217968e-01 7.941422468848176663e+01
6.692378655877055937e-01 -2.407722628191170944e-02 -7.426805570403031131e-01 -4.747385201543237798e+01 -1.105170806713944021e-02 9.990417563602160822e-01 -4.235561763413488862e-02 -5.370222263248799699e+00 7.429889271794440919e-01 3.655139141332158087e-02 6.683305164683689403e-01 8.020551127280265291e+01
6.670180211698863992e-01 -2.657681498188959116e-02 -7.445596618976105807e-01 -4.837403809829581292e+01 -8.584202407740632035e-03 9.990229495570362994e-01 -4.334793736814085419e-02 -5.438828082036849310e+00 7.449846685303802563e-01 3.530185208350600928e-02 6.661382180014100429e-01 8.100509200614456518e+01
6.613572663592216516e-01 -3.045137255783869623e-02 -7.493660266542240267e-01 -4.927996851273065460e+01 -6.033262446905819816e-03 9.989271869796317871e-01 -4.591394010123781011e-02 -5.511405540284968652e+00 7.499603236323231226e-01 3.488569390362682154e-02 6.604640546376789878e-01 8.179403257208053901e+01
6.568217921536232407e-01 -3.521805595722399956e-02 -7.533750924197142318e-01 -5.019064722522806932e+01 -1.094535208460007281e-03 9.988630013452032275e-01 -4.764695918352315762e-02 -5.576475882569435605e+00 7.541972899806640429e-01 3.211697187507157186e-02 6.560364122125385000e-01 8.258740136702206769e+01
6.507960850280345433e-01 -4.009511205499357439e-02 -7.582438563514479757e-01 -5.112026451650669401e+01 4.943781633666742732e-03 9.988074298123603700e-01 -4.857073629714497159e-02 -5.649474787634975570e+00 7.592869004810267608e-01 2.786619450712099141e-02 6.502178023554976427e-01 8.338841408591322590e+01
6.406053326092578937e-01 -4.394623050346782578e-02 -7.666082733892655154e-01 -5.204681266430961983e+01 1.026938492620713302e-02 9.987619352302942177e-01 -4.867522086829519090e-02 -5.723195464138485455e+00 7.677981712850023843e-01 2.331195857377601002e-02 6.402634527758350735e-01 8.416655605340214663e+01
6.335180688058213994e-01 -4.447736594373834923e-02 -7.724543744540118828e-01 -5.298814917081898557e+01 1.259362866821267871e-02 9.988067894848958739e-01 -4.719047210212225230e-02 -5.799654598247155235e+00 7.736312113466792262e-01 2.016919993877721098e-02 6.333224934510737203e-01 8.494134994948265671e+01
6.238929321110898707e-01 -4.299726275405376524e-02 -7.803247707933391730e-01 -5.395480771174688783e+01 1.406802498148468188e-02 9.989414154886856467e-01 -4.379495116872334642e-02 -5.862633477899309220e+00 7.813818572465129897e-01 1.634557539071244611e-02 6.238374482452564429e-01 8.570503638768958865e+01
6.145492315013060258e-01 -4.294152814221950665e-02 -7.876956733617294093e-01 -5.493077744124182971e+01 1.403908440602483730e-02 9.989542896835784669e-01 -4.351274871137552486e-02 -5.940459840127885194e+00 7.887405773166716871e-01 1.567949288971496810e-02 6.145098750782381769e-01 8.646132988906295225e+01
6.066002322759224130e-01 -4.409517114742843996e-02 -7.938919004697307935e-01 -5.591221110392907434e+01 1.252737971640222221e-02 9.988664679032295268e-01 -4.591325250059997282e-02 -6.012090611675862561e+00 7.950174565262176918e-01 1.789646522818088420e-02 6.064655417375046653e-01 8.720266833089620206e+01
5.962775526457446684e-01 -4.723975896460032298e-02 -8.014606120997949112e-01 -5.691596828292017562e+01 1.422979251910024695e-02 9.987320579746488125e-01 -4.828370536575755934e-02 -6.083217010126251267e+00 8.027256167611576121e-01 1.738251551369224268e-02 5.961938643780809732e-01 8.793326626586588191e+01
5.859353363820244409e-01 -4.774731017309746112e-02 -8.089277108762175095e-01 -5.792683265352827249e+01 1.354256057959723342e-02 9.987002743948633077e-01 -4.913827624524690074e-02 -6.156191665361516741e+00 8.102221443513500931e-01 1.784135024725811217e-02 5.858202622356550870e-01 8.865898873753272369e+01
5.765623021096364376e-01 -4.811599362901690380e-02 -8.156858842662634279e-01 -5.894722504683189612e+01 1.537359344586628103e-02 9.987271104856042525e-01 -4.803776115681612086e-02 -6.231078433312509546e+00 8.169586673583388858e-01 1.516539643207693959e-02 5.765673674569445906e-01 8.938091063375568979e+01
5.659375021127032168e-01 -4.832606978179740387e-02 -8.230578302329220053e-01 -5.998172082839403885e+01 1.748055794130960391e-02 9.987594935407139163e-01 -4.662110606134781121e-02 -6.306892100290268033e+00 8.242901732737548670e-01 1.199514616428902503e-02 5.660801845414378253e-01 9.009087945473044101e+01
5.547262952907869860e-01 -4.935475127572366144e-02 -8.304783338263607151e-01 -6.103308839447042544e+01 1.872702851202292379e-02 9.987272528836727004e-01 -4.683739585275899925e-02 -6.380331378798714148e+00 8.317325133309869667e-01 1.043591122531073966e-02 5.549438164419345787e-01 9.078413603192635151e+01
5.464390492638186991e-01 -4.982490424136267609e-02 -8.359617707848574497e-01 -6.208689696205971842e+01 1.716612327421054851e-02 9.986850583328501507e-01 -4.830085168057106360e-02 -6.454898920757406344e+00 8.372695540492608446e-01 1.203377200156501015e-02 5.465763866927295656e-01 9.145826546686944880e+01
5.350466615555519168e-01 -5.024329663869045448e-02 -8.432249172455988928e-01 -6.316571766264424070e+01 1.591860131968933847e-02 9.986526741571566390e-01 -4.940186427280197912e-02 -6.528767759653844927e+00 8.445700340259130190e-01 1.301906736749625440e-02 5.351248959118949378e-01 9.212933354307686784e+01
5.261346418406652736e-01 -5.026610854989348870e-02 -8.488038084811029282e-01 -6.423422372633609712e+01 1.469169698891196509e-02 9.986402862008393333e-01 -5.001742629099408671e-02 -6.613773702233937790e+00 8.501634243621239984e-01 1.384914140982042817e-02 5.261571813144220178e-01 9.278113644328236376e+01
