1.0 0.0 0.0 0.0 0.0 1.0 0.0 0.0 0.0 0.0 1.0 0.0
0.99992913 0.011866609 0.000984872 0.29858398 -0.011863578 0.9999251 -0.003026516 -0.013183594 -0.0010207151 0.0030146136 0.99999493 -0.009887695
0.99985236 0.017139554 0.0012283282 0.5842285 -0.017133377 0.99984133 -0.0048759226 -0.030517578 -0.0013116713 0.0048541557 0.99998736 0.0007324219
0.99978834 0.020566314 0.00034387244 0.8861084 -0.020562872 0.9997559 -0.00807122 -0.038330078 -0.0005097452 0.008062441 0.9999674 0.007080078
0.9998252 0.018649302 -0.0012798414 1.1964111 -0.018660352 0.999783 -0.0092528565 -0.04333496 0.001106997 0.009275121 0.99995637 0.005859375
0.9999281 0.011571836 -0.0031330832 1.5159912 -0.011606324 0.9998697 -0.011218544 -0.04711914 0.0030028443 0.011254109 0.99993217 0.0040283203
0.99998987 0.00023485885 -0.0044909148 1.8428955 -0.000290044 0.9999244 -0.012292151 -0.04650879 0.0044876887 0.01229333 0.9999144 0.014770508
0.9998707 -0.015365222 -0.0047443006 2.1759033 0.015308729 0.9998141 -0.011726232 -0.028076172 0.004923541 0.011652114 0.99992 0.025390625
0.9993826 -0.03481711 -0.0046924776 2.52417 0.03477914 0.99936336 -0.007945234 0.0009765625 0.0049661202 0.0077771456 0.99995744 0.035888672
0.99848205 -0.05476634 -0.0058319815 2.8660889 0.05474463 0.99849296 -0.0038197914 0.043701172 0.00603238 0.0034947456 0.9999757 0.03137207
0.99721795 -0.074259624 -0.0063608354 3.235962 0.07423812 0.9972335 -0.0035518445 0.07739258 0.00660703 0.0030696597 0.9999735 0.031982422
0.9954469 -0.095170885 -0.00562028 3.619751 0.09514133 0.99545145 -0.00530918 0.12609863 0.00610006 0.004750375 0.9999701 0.036254883
0.9931689 -0.11659795 -0.005022715 4.003174 0.116562776 0.9931624 -0.0068051503 0.1772461 0.005781685 0.0061733434 0.99996424 0.042236328
0.9911205 -0.13293256 -0.0043275976 4.402832 0.1329044 0.991114 -0.006252486 0.24267578 0.005120134 0.005622013 0.9999711 0.044799805
0.9888845 -0.14866494 -0.0036260094 4.817749 0.14864703 0.9888822 -0.0047934875 0.32019043 0.0042980616 0.0042013195 0.99998194 0.049926758
0.98654234 -0.1635099 -0.004019143 5.241699 0.16349341 0.98654455 -0.004139699 0.3972168 0.004641786 0.0034271232 0.9999834 0.055419922
0.98435456 -0.17614065 -0.0046205474 5.6817627 0.17611423 0.98435414 -0.005611069 0.48339844 0.005536531 0.004709587 0.9999736 0.059936523
0.98267347 -0.18522955 -0.005900439 6.1311035 0.18517926 0.9826668 -0.00816208 0.5662842 0.0073101916 0.0069276155 0.9999493 0.07055664
0.98130035 -0.19224781 -0.008352833 6.5908203 0.1921845 0.98131716 -0.007822714 0.664917 0.009701005 0.006070349 0.9999345 0.076538086
0.97986674 -0.19940667 -0.009973168 7.0722656 0.19933188 0.9799 -0.008011493 0.77575684 0.011370457 0.0058620526 0.99991816 0.07434082
0.9784518 -0.20604505 -0.012774309 7.555786 0.20595077 0.9785197 -0.008316423 0.88183594 0.014213703 0.0055055944 0.99988383 0.08117676
0.9765046 -0.21499757 -0.013798418 8.061035 0.21482895 0.9765562 -0.012737279 0.9884033 0.016213767 0.009473085 0.9998237 0.09118652
0.97440535 -0.22433104 -0.013674518 8.579834 0.22406921 0.97438824 -0.018378053 1.0963135 0.017447436 0.014842772 0.9997376 0.103271484
0.97287846 -0.23079842 -0.015512679 9.104858 0.23050673 0.9728948 -0.018540319 1.2276611 0.019369956 0.014461566 0.9997078 0.12512207
0.9707113 -0.23932077 -0.020939635 9.639648 0.2390321 0.9708864 -0.015382405 1.3742676 0.024011636 0.009925979 0.99966234 0.12475586
0.9689476 -0.24598692 -0.025010018 10.187134 0.24572682 0.9692487 -0.013035549 1.5258789 0.027447907 0.0064847153 0.9996022 0.13513184
0.9661727 -0.25651303 -0.026578043 10.749512 0.25615355 0.9664977 -0.016204804 1.6784668 0.029844541 0.0088492595 0.9995154 0.15600586
0.96399474 -0.2645784 -0.027399708 11.324097 0.26417556 0.9643363 -0.017465645 1.8354492 0.031043228 0.009600675 0.9994719 0.1772461
0.96170664 -0.27230826 -0.030758005 11.910767 0.27186796 0.96215886 -0.017774075 2.0073242 0.034434017 0.008730267 0.9993689 0.19494629
0.9592302 -0.28052267 -0.034497708 12.501587 0.28008685 0.9598274 -0.016974032 2.1954346 0.037873715 0.0066202274 0.99926066 0.21276855
0.9570057 -0.28738803 -0.039349414 13.105835 0.28689414 0.95779765 -0.017791856 2.3791504 0.042800963 0.0057352586 0.99906677 0.23925781
0.95509034 -0.29280773 -0.046047114 13.714966 0.29223907 0.9561896 -0.01878075 2.5771484 0.04952673 0.004483167 0.9987624 0.27490234
0.95338196 -0.29672578 -0.054894254 14.3532715 0.29607156 0.95495725 -0.019880176 2.7790527 0.058319725 0.0027001598 0.9982943 0.30249023
0.95171523 -0.30017802 -0.06463984 14.979004 0.2995222 0.9539067 -0.019834459 2.987915 0.06761374 -0.0004747361 0.99771255 0.34265137
0.94934607 -0.30542067 -0.07423693 15.636841 0.304778 0.9522375 -0.020112813 3.204956 0.07683212 -0.003524513 0.997038 0.38208008
0.94788516 -0.3079105 -0.08183922 16.295288 0.3074228 0.95138466 -0.0188077 3.428833 0.083652265 -0.0073373104 0.9964666 0.4371338
0.9457569 -0.31271386 -0.08796113 16.963257 0.31236824 0.94978255 -0.018023245 3.6604004 0.08918054 -0.010437492 0.99595934 0.4925537
0.9433403 -0.31781715 -0.09534985 17.636719 0.31772482 0.94803387 -0.016554743 3.9064941 0.09565714 -0.014681738 0.9953054 0.5548096
0.9415262 -0.32099497 -0.1024576 18.326904 0.32126683 0.9468835 -0.014283386 4.154663 0.10160191 -0.019464284 0.9946357 0.62719727
0.9387453 -0.32758182 -0.10712749 19.030884 0.3282436 0.9445355 -0.011901301 4.411255 0.105082944 -0.023992028 0.9941721 0.6970215
0.9372558 -0.33098328 -0.10939467 19.740356 0.33182776 0.9432577 -0.010924784 4.680664 0.10680531 -0.026064944 0.9939389 0.77612305
0.9351208 -0.33722818 -0.10853112 20.467651 0.3381517 0.9410094 -0.010346758 4.949951 0.105617985 -0.027031625 0.99403924 0.861084
0.93329597 -0.3425827 -0.107930556 21.194214 0.34357208 0.93910253 -0.009874739 5.2227783 0.104739256 -0.0278566 0.99410963 0.94384766
0.93096685 -0.34934497 -0.10586252 21.933228 0.3502561 0.9365692 -0.010478333 5.5061035 0.10280773 -0.02733641 0.9943239 1.0317383
0.9289518 -0.35582775 -0.10221593 22.672974 0.3567706 0.9341506 -0.009531495 5.800659 0.09887521 -0.027612187 0.9947162 1.1138916
0.92465925 -0.36806417 -0.097517446 23.443237 0.3690278 0.92936677 -0.008627988 6.114868 0.093805335 -0.028017271 0.99519485 1.1881104
0.92236924 -0.3748072 -0.09349528 24.193726 0.375978 0.9266043 -0.0054262243 6.4278564 0.088669084 -0.030145118 0.99560595 1.2739258
0.91940945 -0.38265803 -0.09088418 24.9552 0.384073 0.9232985 -0.0020635338 6.7625732 0.084703825 -0.0330003 0.9958614 1.3480225
0.9158585 -0.39133835 -0.08970307 25.717651 0.39282116 0.9196088 -0.0012233215 7.0966797 0.08296971 -0.034121335 0.995967 1.4212646
0.9119918 -0.4003466 -0.08939028 26.49585 0.40189484 0.9156847 -0.0007378608 7.4403076 0.08215057 -0.035257198 0.99599546 1.4973145
0.90880895 -0.40772453 -0.088406496 27.276855 0.40931576 0.91238487 -0.00013813563 7.7961426 0.08071731 -0.036055166 0.99608594 1.567749
0.90439045 -0.4176815 -0.08720318 28.063599 0.41936466 0.90780854 0.0010825885 8.171509 0.07871117 -0.0375509 0.9961899 1.6378174
0.9012569 -0.42505044 -0.08440623 28.86621 0.42670316 0.90442085 0.0017151968 8.550781 0.07560965 -0.037554547 0.9964303 1.7058105
0.8980469 -0.4324092 -0.08058639 29.66333 0.43386486 0.90095514 0.00061502354 8.943726 0.072339065 -0.035517696 0.9967478 1.7751465
0.89483756 -0.43991795 -0.075484864 30.475708 0.44130862 0.897332 0.0019455114 9.346436 0.06687747 -0.03506252 0.997144 1.840332
0.8916656 -0.44715518 -0.07068198 31.291138 0.44840568 0.8938344 0.0020593978 9.760132 0.06225863 -0.033532884 0.99749637 1.9071045
0.8881785 -0.45437038 -0.068427905 32.10913 0.45551062 0.8902271 0.0011995938 10.18457 0.06037251 -0.03223526 0.99765533 1.970581
0.88492537 -0.46084258 -0.06729852 32.94287 0.46199796 0.8868776 0.0018234295 10.624023 0.058845792 -0.03270434 0.9977313 2.0257568
0.88266903 -0.46548373 -0.06511952 33.7782 0.4665633 0.88449734 0.0015687589 11.071411 0.056870993 -0.03176343 0.9978766 2.0803223
0.8794298 -0.4718024 -0.0636829 34.62854 0.4727598 0.88121897 -3.5298523e-05 11.527466 0.056134667 -0.030068457 0.9979705 2.1392822
0.8767562 -0.4768814 -0.062354192 35.48694 0.4777941 0.8784752 -0.0003117225 12.001587 0.054925777 -0.029522287 0.99805355 2.1953125
0.8757181 -0.4786011 -0.0636909 36.355957 0.47957432 0.87750024 -1.2362725e-05 12.481689 0.055893354 -0.03053622 0.99796927 2.2502441
0.8741243 -0.48145768 -0.06382071 37.2334 0.48238793 0.87593824 -0.00094196876 12.974243 0.05635875 -0.02996191 0.9979613 2.307251
0.8739297 -0.48205888 -0.062228996 38.121582 0.48299983 0.8756239 9.479537e-05 13.473267 0.05444598 -0.030139174 0.9980619 2.3665771
0.87334 -0.48319718 -0.06080307 39.023926 0.48408926 0.8749615 -7.139938e-05 13.979004 0.053235557 -0.029382614 0.99814916 2.4222412
0.87309366 -0.48410589 -0.05918043 39.934692 0.4848356 0.8746907 -0.0022962193 14.492798 0.052873135 -0.026682252 0.99824417 2.4770508
0.87383986 -0.4827362 -0.0585898 40.8584 0.48337802 0.87544024 -0.0036124308 15.01001 0.053035688 -0.025159385 0.9982758 2.5384521
0.87142086 -0.48696467 -0.05857489 41.777954 0.48748836 0.8730753 -0.0059659593 15.536499 0.054043874 -0.02336464 0.99826455 2.606079
0.8715283 -0.48726374 -0.055497818 42.7157 0.4877194 0.8730195 -0.005940033 16.062988 0.051340465 -0.021890871 0.9984406 2.6539307
0.8688641 -0.4924295 -0.052060645 43.64917 0.49282128 0.8701811 -0.0059174956 16.592773 0.048212662 -0.020513168 0.9986259 2.7250977
0.86624926 -0.49728498 -0.04664722 44.585205 0.49758348 0.8673137 -0.0058075166 17.141357 0.043346286 -0.018187044 0.9988945 2.7843018
0.86318314 -0.50284165 -0.04423866 45.516846 0.50306123 0.8641607 -0.0068277633 17.6781 0.04166508 -0.016361466 0.99899805 2.8308105
0.8570391 -0.5132033 -0.04520503 46.42871 0.5132465 0.8581271 -0.011541035 18.2229 0.044711925 -0.013312499 0.9989111 2.899292
0.8524825 -0.52061945 -0.04695772 47.34314 0.5206139 0.85367435 -0.013316076 18.786255 0.047020428 -0.013096531 0.9988082 2.9510498
0.8454813 -0.5319211 -0.04802072 48.262695 0.53192866 0.84672886 -0.013687167 19.36206 0.0479376 -0.013969803 0.9987524 2.9990234
0.8404235 -0.540223 -0.04341951 49.174072 0.5403414 0.84140974 -0.009979527 19.954468 0.04192116 -0.015076671 0.9990068 3.057251
0.83619285 -0.5469017 -0.039405227 50.071045 0.54707426 0.83697695 -0.0072258106 20.555664 0.03693328 -0.015520468 0.99919724 3.1135254
0.8313221 -0.5542713 -0.042273678 50.966064 0.55453694 0.83219606 -0.0062327594 21.15503 0.038633425 -0.018257847 0.9990867 3.163086
0.82773614 -0.55923975 -0.045713406 51.850586 0.55948055 0.82879037 -0.008540766 21.76123 0.042663526 -0.018500885 0.9989186 3.2145996
0.82495844 -0.56270075 -0.05235323 52.72998 0.5629936 0.82635343 -0.010388197 22.373901 0.049105298 -0.02090881 0.99857455 3.2705078
0.82140344 -0.5677709 -0.053951077 53.60742 0.56808335 0.82288635 -0.010843873 22.9917 0.05055512 -0.021744564 0.9984847 3.3286133
0.81923485 -0.5711455 -0.050984785 54.488525 0.57143825 0.820554 -0.01007748 23.613281 0.047591686 -0.020878496 0.9986488 3.3875732
0.81587225 -0.5765021 -0.044944264 55.373535 0.5767732 0.8168791 -0.007988896 24.245728 0.041318126 -0.019404503 0.9989575 3.4475098
0.81183124 -0.5822912 -0.04288093 56.251465 0.58260953 0.8127132 -0.0059510446 24.879395 0.038314037 -0.020154614 0.9990623 3.4996338
0.8098585 -0.58503616 -0.044102635 57.12329 0.5854464 0.8107511 -0.0043023597 25.518433 0.0382768 -0.022332821 0.9990178 3.5526123
0.80600226 -0.5903015 -0.045363214 57.992676 0.5906513 0.8069949 -0.0066960817 26.168701 0.040557772 -0.021397185 0.9989477 3.5982666
0.8020943 -0.59515595 -0.04699301 58.86133 0.59546167 0.80319566 -0.008732202 26.817383 0.042944394 -0.020986363 0.9988571 3.6547852
0.7983901 -0.6002656 -0.046916164 59.732666 0.60051876 0.7995141 -0.010070007 27.46875 0.043555554 -0.020138023 0.99884796 3.709961
0.79365057 -0.6067492 -0.045160823 60.598633 0.6069774 0.79469705 -0.01004654 28.147339 0.04198369 -0.019437125 0.998929 3.7652588
0.7897449 -0.61168575 -0.044651356 61.455322 0.61190736 0.7907701 -0.010130806 28.815674 0.041504472 -0.019327331 0.9989512 3.8187256
0.7835118 -0.6196686 -0.04526679 62.32129 0.6198816 0.7845747 -0.010864246 29.497192 0.0422514 -0.019547476 0.9989161 3.8728027
0.7780029 -0.6265695 -0.04551083 63.177246 0.62673736 0.7791012 -0.012251709 30.194336 0.043139305 -0.018990193 0.99888897 3.9282227
0.77355504 -0.63211745 -0.045818537 64.032715 0.63220817 0.77470505 -0.01433224 30.896729 0.044551592 -0.017884633 0.9988464 3.9832764
0.76824385 -0.6386142 -0.04621504 64.8833 0.638653 0.76943743 -0.015848678 31.615845 0.045677155 -0.017332872 0.99880576 4.036865
0.7625202 -0.64530253 -0.047004234 65.72461 0.6453054 0.7637722 -0.017148351 32.33484 0.046966963 -0.017245518 0.99874806 4.0845947
0.7559827 -0.6530682 -0.045673244 66.56665 0.65301263 0.7571908 -0.018194193 33.069824 0.046462912 -0.016068995 0.9987906 4.13855
0.7493799 -0.6606377 -0.044136647 67.390625 0.6605646 0.75051945 -0.018299155 33.807617 0.045217596 -0.0154396705 0.99885815 4.194092
0.74391395 -0.66690683 -0.04196944 68.23096 0.6667639 0.7449731 -0.019366367 34.56189 0.0441831 -0.013579115 0.99893117 4.262451
0.73722833 -0.67421514 -0.041901562 69.075195 0.67401344 0.7383063 -0.020904174 35.321167 0.045030255 -0.012832501 0.9989034 4.321045
0.73060405 -0.68149287 -0.042534582 69.903076 0.6812304 0.73173547 -0.022637265 36.10388 0.0465486 -0.01243565 0.9988386 4.380127
0.7255232 -0.68668854 -0.043834873 70.72485 0.68645585 0.7267161 -0.02253847 36.89258 0.047339305 -0.013740913 0.99878466 4.439575
0.71963423 -0.69302166 -0.041931033 71.54907 0.6927843 0.7207377 -0.022308221 37.6958 0.045682997 -0.012996963 0.9988715 4.4960938
0.71538323 -0.6975113 -0.043109488 72.364746 0.6973235 0.71653366 -0.02173216 38.497437 0.046047572 -0.014504081 0.9988343 4.5566406
0.70926356 -0.70370585 -0.043569293 73.18359 0.70350796 0.71044666 -0.022318013 39.313477 0.046652596 -0.014827007 0.9988005 4.616089
0.7054308 -0.707289 -0.045227066 73.99243 0.7070302 0.7067228 -0.0242371 40.139526 0.04910695 -0.014886006 0.9986824 4.679199
0.70060205 -0.7120059 -0.04698011 74.80957 0.7116493 0.7020239 -0.026865037 40.95642 0.05210363 -0.014618046 0.9985341 4.7438965
0.69488007 -0.71750754 -0.047990605 75.61499 0.7171563 0.69636303 -0.027256705 41.802124 0.052982796 -0.015473851 0.998476 4.8129883
0.69137895 -0.7210128 -0.045906264 76.41992 0.7206835 0.69274235 -0.026368845 42.659058 0.050814465 -0.014857846 0.9985974 4.877075
0.68566626 -0.72642356 -0.04439203 77.23633 0.7260237 0.68697226 -0.0275588 43.51526 0.050515056 -0.013339629 0.99863404 4.9439697
0.6800748 -0.7318904 -0.043874048 78.03784 0.73148954 0.68135905 -0.027633863 44.3844 0.050114043 -0.013300279 0.99865466 5.0163574
0.67652446 -0.7350903 -0.04384746 78.84033 0.73458844 0.67783546 -0.029723315 45.263428 0.051578525 -0.012096479 0.9985962 5.0809326
0.6714963 -0.73986095 -0.041811448 79.63623 0.7393065 0.67271596 -0.030482823 46.143677 0.05067686 -0.010444877 0.99866015 5.153076
0.66838104 -0.74274224 -0.04043474 80.430664 0.74212885 0.66954273 -0.031475257 47.032715 0.050455503 -0.008967306 0.9986864 5.213623
0.66620314 -0.7447321 -0.039191835 81.233154 0.74398345 0.6673235 -0.03400689 47.930054 0.051481366 -0.0065063653 0.9986525 5.2839355
0.6605482 -0.7496945 -0.038786788 82.02612 0.7487435 0.66167414 -0.037957847 48.83203 0.05412655 -0.003972563 0.99852616 5.357788
0.6561495 -0.7539219 -0.03603278 82.82324 0.75270694 0.65713805 -0.042791322 49.739014 0.055928808 0.00095452275 0.99843365 5.4244385
0.6503643 -0.759007 -0.03179474 83.62866 0.7575356 0.65110385 -0.047755588 50.66455 0.05693985 0.006976107 0.9983532 5.4993896
0.6404403 -0.76752084 -0.027252046 84.4126 0.76587266 0.6409022 -0.051750824 51.585938 0.057185397 0.01227503 0.9982882 5.5754395
0.6335104 -0.7733644 -0.024112023 85.19214 0.77172625 0.633801 -0.05238313 52.523193 0.055797264 0.014582334 0.99833596 5.654907
0.6240288 -0.78113663 -0.020285785 85.961426 0.77963233 0.6241525 -0.051039923 53.48535 0.05253037 0.016034491 0.9984905 5.7218018
0.61470413 -0.788501 -0.019618355 86.723145 0.78700495 0.61480916 -0.051108517 54.456787 0.052367996 0.015978456 0.9985001 5.8026123
0.60666114 -0.79476976 -0.021836452 87.46924 0.79317385 0.6068823 -0.052361287 55.434082 0.054867003 0.014439898 0.9983888 5.876465
0.5964083 -0.8024712 -0.021324757 88.20557 0.80070204 0.59657216 -0.055637598 56.433105 0.057366896 0.016106045 0.998223 5.9500732
0.58603764 -0.8099686 -0.021777906 88.93701 0.8081581 0.5862403 -0.0562756 57.439453 0.05834727 0.015382914 0.99817795 6.026123
0.5767954 -0.8167151 -0.0190968 89.66455 0.8149216 0.5768561 -0.05676874 58.455566 0.057364665 0.017183919 0.9982053 6.1048584
0.5663201 -0.8240589 -0.015917867 90.380615 0.82230234 0.56621665 -0.05711832 59.485596 0.05607942 0.01925515 0.9982404 6.1848145
0.5551957 -0.831506 -0.014348565 91.08008 0.8297133 0.5550045 -0.058287896 60.53247 0.056429606 0.020459501 0.9981972 6.262085
0.5468276 -0.8370403 -0.015937945 91.75928 0.83518136 0.5467342 -0.05885687 61.58252 0.057988204 0.01886554 0.99813867 6.34021
0.53537726 -0.84434104 -0.016908826 92.43652 0.8424321 0.53535604 -0.05941185 62.656982 0.059219327 0.017571969 0.9980909 6.4179688
0.5264085 -0.84993577 -0.017725965 93.09375 0.84800524 0.5264547 -0.059540864 63.72168 0.05993556 0.016308617 0.9980689 6.50708
0.51446885 -0.8574826 -0.018341914 93.74609 0.85551214 0.5145717 -0.060036708 64.81201 0.060911823 0.015185454 0.9980269 6.5931396
0.5051809 -0.86291736 -0.017208599 94.38965 0.861104 0.5052713 -0.057714816 65.91528 0.05848947 0.014327281 0.9981845 6.670166
0.49948063 -0.86633736 -0.014774573 95.02368 0.86460847 0.49945396 -0.056887906 67.01538 0.056662284 0.015640123 0.99827087 6.755371
0.49024102 -0.87146616 -0.013905346 95.654785 0.8697431 0.49018142 -0.057041068 68.137695 0.056515526 0.01587667 0.9982757 6.834717
0.48259324 -0.8756613 -0.013179718 96.27417 0.8738065 0.4824664 -0.059509747 69.25586 0.058476392 0.017203089 0.9981407 6.915161
0.47760737 -0.8783715 -0.0125276195 96.88086 0.8763283 0.47739214 -0.06283557 70.37036 0.06118244 0.019036254 0.9979455 6.999756
0.46983552 -0.8825791 -0.011973592 97.494385 0.88032675 0.46953538 -0.06631439 71.510254 0.064152084 0.020627173 0.99772763 7.085083
0.4662709 -0.8845464 -0.012160113 98.09375 0.8821455 0.46594676 -0.06849157 72.64429 0.06625582 0.021207403 0.99757725 7.1810303
0.46106598 -0.88733923 -0.0097890925 98.69141 0.88494486 0.46058482 -0.06915832 73.775635 0.06587371 0.023222215 0.9975577 7.268799
0.45621005 -0.88982505 -0.0057416856 99.27661 0.88763106 0.4555202 -0.06752473 74.92505 0.06272161 0.025710395 0.99770015 7.368042
0.4551319 -0.89050984 5.891919e-05 99.85449 0.88856006 0.45413196 -0.06615447 76.055664 0.05887979 0.030142156 0.99780875 7.4593506
0.45163086 -0.8922573 0.0017339597 100.4353 0.89037144 0.45054945 -0.06589102 77.19116 0.05798595 0.031293456 0.99782616 7.550293
0.44765827 -0.8942238 0.004262204 100.992676 0.8924545 0.446462 -0.06517692 78.32495 0.056380983 0.032974567 0.9978642 7.6445312
0.44593692 -0.89500767 0.0067439587 101.56006 0.8933346 0.4446149 -0.06492244 79.45654 0.05510251 0.034969017 0.9978677 7.7196045
0.4439517 -0.8960726 0.009360329 102.108154 0.8945518 0.4425325 -0.063783824 80.571045 0.05300297 0.036682807 0.99792 7.802002
0.44142672 -0.89718056 0.011260776 102.663574 0.89568776 0.4398831 -0.06452581 81.6936 0.052934997 0.038562477 0.9978527 7.888672
0.43889087 -0.89853466 0.013022694 103.20581 0.8970626 0.43722454 -0.06536998 82.79175 0.053030327 0.04037268 0.99777657 7.9628906
0.43642944 -0.89965063 0.018234186 103.7439 0.8984495 0.434544 -0.064290516 83.900635 0.049909245 0.044428155 0.9977644 8.0448
0.43390536 -0.9005668 0.020944264 104.27881 0.89952683 0.4319302 -0.06341786 85.00928 0.048066303 0.046359442 0.99776775 8.119019
0.4323906 -0.90130377 0.022720896 104.79907 0.9003262 0.43031338 -0.06379017 86.08276 0.04772998 0.04804008 0.9977042 8.197266
0.4313389 -0.9018147 0.022848148 105.31445 0.9007781 0.4291938 -0.0650834 87.15967 0.048902288 0.048656818 0.9976176 8.269531
0.43286365 -0.90122443 0.022548568 105.82959 0.9001325 0.43068787 -0.06598315 88.22339 0.049755804 0.04885681 0.9975656 8.346924
0.43234488 -0.9015423 0.021726105 106.316895 0.90033185 0.43013662 -0.067498796 89.26318 0.051517863 0.04874143 0.9974817 8.422852
0.43746233 -0.89924216 0.019422665 106.81055 0.8979731 0.4354027 -0.066722915 90.31641 0.051550962 0.04661189 0.9975807 8.501099
0.43895316 -0.8983614 0.01692713 107.30493 0.89700437 0.43704084 -0.06630228 91.341064 0.05217506 0.04427409 0.997655 8.578003
0.4453237 -0.89517665 0.015015718 107.80249 0.89368856 0.44345164 -0.06745185 92.363525 0.05374099 0.04345492 0.9976085 8.649292
0.45037764 -0.89268816 0.013073657 108.31421 0.8911482 0.44861776 -0.067096636 93.382324 0.05402844 0.04188402 0.9976615 8.725708
0.45849842 -0.88858414 0.012107769 108.8147 0.88709074 0.45683092 -0.065761566 94.388916 0.05291362 0.04090078 0.99776155 8.799316
0.46352732 -0.885837 0.011502076 109.326904 0.8843864 0.46192887 -0.06465711 95.382324 0.051970936 0.040148504 0.9978413 8.865723
0.4755222 -0.8797567 0.0109968865 109.8562 0.8783625 0.47397417 -0.06355886 96.3728 0.050705373 0.03987006 0.9979166 8.937378
0.48418266 -0.8748948 0.010058379 110.37988 0.8735182 0.48269877 -0.062778406 97.35327 0.05008309 0.039176825 0.9979758 9.005737
0.49418834 -0.86919993 0.0082569 110.92163 0.86773264 0.4927506 -0.06353317 98.32202 0.051161237 0.0385674 0.9979457 9.074219
0.5033203 -0.8641758 0.0047712103 111.46582 0.86249936 0.50198424 -0.065275796 99.27417 0.053997714 0.03696175 0.9978563 9.1427
0.5142887 -0.85761696 0.0009194142 112.020996 0.8557685 0.5131099 -0.06617307 100.22388 0.056277197 0.0348116 0.9978077 9.211182
0.52898383 -0.84864604 -0.001847893 112.59619 0.84690166 0.52803457 -0.06298081 101.158936 0.054403998 0.03174911 0.99801403 9.284302
0.5404795 -0.8413769 -0.003158981 113.17139 0.83969784 0.5396301 -0.06123279 102.07739 0.05323164 0.030448593 0.9981183 9.351929
0.5523417 -0.833583 -0.0024768403 113.77612 0.8320667 0.55151135 -0.058723796 103.000244 0.050317988 0.030376341 0.9982713 9.424072
0.5637632 -0.825943 -0.0035259128 114.37671 0.82445836 0.5629947 -0.05769383 103.894775 0.049644616 0.029631507 0.9983281 9.494263
0.5743532 -0.81857604 -0.0037682503 114.98486 0.8170741 0.57356715 -0.058085933 104.78052 0.049703743 0.030281186 0.9983048 9.556885
0.58744955 -0.8091434 -0.0052458094 115.60986 0.8075894 0.58670056 -0.058476616 105.64868 0.050399847 0.030113643 0.9982749 9.622925
0.5973335 -0.80190885 -0.0045317193 116.23462 0.8002965 0.59647304 -0.06026701 106.49341 0.051029995 0.032374937 0.99817246 9.68811
0.60860384 -0.79339945 -0.005441909 116.86792 0.79183656 0.6078093 -0.058938388 107.32764 0.05007214 0.03155981 0.9982468 9.758545
0.61975974 -0.7847398 -0.00462471 117.51465 0.78327435 0.6189431 -0.05771556 108.148926 0.048152912 0.03214339 0.9983224 9.818237
0.628694 -0.7775629 -0.0031811693 118.1521 0.7762639 0.62787 -0.055352926 108.95532 0.045044053 0.032332778 0.9984618 9.880737
0.63911563 -0.76908207 -0.003523725 118.81445 0.7678479 0.6383368 -0.053897068 109.75464 0.043696366 0.031745285 0.99854064 9.94043
0.6481144 -0.7614678 -0.0062825824 119.44849 0.76022035 0.6474857 -0.052471265 110.53125 0.044018257 0.029230218 0.99860305 10.001953
0.65838635 -0.7526682 -0.0092273075 120.10571 0.75136167 0.65788245 -0.052084174 111.293945 0.04527144 0.027353542 0.9985999 10.0546875
0.66799664 -0.744098 -0.0094800005 120.77197 0.74285376 0.66752535 -0.050693005 112.04834 0.04404568 0.026821075 0.9986695 10.110107
0.6755196 -0.7371919 -0.009405455 121.43164 0.73603886 0.6750847 -0.04873672 112.781006 0.04227782 0.026001211 0.9987677 10.169922
0.6843567 -0.7291012 -0.007485116 122.102295 0.72804797 0.6838575 -0.04769079 113.49194 0.039886013 0.027190426 0.9988344 10.220093
0.6926396 -0.7212285 -0.0072802557 122.78003 0.7202415 0.69215864 -0.046270534 114.20825 0.03841801 0.026804993 0.9989021 10.274048
0.6996721 -0.7143027 -0.0077689337 123.43652 0.7133609 0.69923764 -0.044878867 114.890625 0.03748551 0.025861325 0.99896276 10.32373
0.7077422 -0.70628494 -0.007945728 124.12305 0.70535845 0.7073143 -0.04446391 115.57324 0.037027508 0.025860723 0.9989794 10.375488
0.7150056 -0.699048 -0.0073243445 124.78833 0.69824815 0.7146219 -0.041462727 116.23218 0.03422617 0.024529621 0.99911284 10.41748
0.7218221 -0.6919695 -0.0060996828 125.468506 0.69130224 0.7214648 -0.038411822 116.89136 0.030985706 0.02350641 0.99924314 10.4592285
0.7295928 -0.6839303 -0.0060316673 126.14331 0.68328524 0.7292381 -0.037880152 117.5376 0.030310536 0.023520395 0.99926376 10.500244
0.7358456 -0.6769701 -0.005916209 126.80444 0.6763888 0.7355277 -0.03590633 118.15698 0.028666612 0.022416761 0.99933743 10.550659
0.7446315 -0.6673781 -0.006853454 127.47168 0.66685086 0.74438614 -0.03340966 118.765625 0.027397182 0.020309677 0.9994184 10.580811
0.75382185 -0.6569645 -0.005510972 128.14648 0.65652674 0.75358075 -0.031123849 119.36182 0.024602562 0.019844523 0.99950033 10.615356
0.762502 -0.6469381 -0.0047175065 128.81299 0.6465993 0.7623039 -0.027621595 119.936035 0.02146303 0.018013693 0.99960744 10.653809
0.7733072 -0.6339436 -0.0051761395 129.49194 0.6336623 0.7731647 -0.024571981 120.51245 0.019580385 0.015721524 0.9996847 10.686157
0.78191733 -0.62324035 -0.0063801305 130.15161 0.6229602 0.7818084 -0.023669863 121.05029 0.019742306 0.014530864 0.9996994 10.709961
0.790976 -0.6117096 -0.008215381 130.82959 0.6113937 0.79089254 -0.024204947 121.57373 0.02130621 0.01412173 0.99967325 10.744141
0.8021799 -0.59718156 -0.008444488 131.51978 0.5968889 0.80211204 -0.023010245 122.09424 0.020508371 0.013419119 0.9996996 10.769531
0.8108511 -0.58513457 -0.007227623 132.20557 0.5848817 0.810771 -0.021857865 122.596436 0.018654285 0.013494236 0.9997348 10.79541
0.8215307 -0.57011026 -0.0053468775 132.91528 0.56992537 0.8214465 -0.019437596 123.09204 0.01547217 0.0129213175 0.99979687 10.822754
0.8304762 -0.5571946 -0.0035266841 133.60303 0.5570509 0.8303782 -0.018314632 123.56714 0.013129086 0.013244697 0.9998262 10.847778
0.83905447 -0.5440941 -0.0008314634 134.32495 0.5440121 0.83895266 -0.016140155 124.02954 0.0094787115 0.013090026 0.9998694 10.861694
0.84834164 -0.5295295 0.0010341771 135.04517 0.52948105 0.84823394 -0.015335323 124.49365 0.007242562 0.013557082 0.99988186 10.880615
0.8539371 -0.52030724 0.0026851487 135.76758 0.5202812 0.8538137 -0.015647825 124.9375 0.005849961 0.014759522 0.999874 10.897461
0.8604582 -0.50959134 0.002871056 136.49512 0.5095726 0.86034167 -0.015095191 125.36987 0.005221556 0.014451623 0.9998819 10.909546
0.8673331 -0.49778596 0.001888813 137.25708 0.49776724 0.8672522 -0.012756331 125.8064 0.0047110547 0.012003556 0.99991685 10.93811
0.87354404 -0.4867991 0.0013098714 137.98462 0.48678207 0.8734837 -0.011121117 126.22778 0.004268542 0.010352117 0.9999373 10.946045
0.8802657 -0.47447184 0.0015292014 138.74585 0.47446367 0.8802201 -0.009521881 126.64038 0.0031709932 0.009107487 0.9999535 10.951538
0.88528794 -0.46504834 0.0015687309 139.49976 0.46503896 0.88523555 -0.010199319 127.04663 0.0033534346 0.009759107 0.99994683 10.966919
0.89008725 -0.45579082 0.0009386982 140.27002 0.4557734 0.8900311 -0.010801866 127.44336 0.0040868577 0.010042669 0.99994123 10.982056
0.894841 -0.44637802 0.0007861269 141.06299 0.446355 0.89477384 -0.011888964 127.828125 0.0046036365 0.010989796 0.999929 10.992554
0.89778745 -0.44045186 0.00092370866 141.82861 0.44043636 0.8977338 -0.010534259 128.22656 0.0038105513 0.009864437 0.9999441 11.000366
0.9007986 -0.43429834 0.004368881 142.63501 0.4343204 0.9007552 -0.008840212 128.61353 -9.570038e-05 0.009860509 0.9999514 11.00769
0.9039127 -0.42773998 0.0069174683 143.44751 0.42777526 0.90390974 -0.0048141065 129.00488 -0.0041936464 0.0073105255 0.9999645 11.008667
0.90671045 -0.42165893 0.0087683145 144.26855 0.42168924 0.9067368 -0.0018638745 129.39795 -0.00716456 0.0053876787 0.9999598 11.013184
0.9105581 -0.41334844 0.009571907 145.11328 0.41336045 0.91060257 0.00078025647 129.77881 -0.009038823 0.003244074 0.999954 11.009277
0.9132483 -0.40734622 0.011416253 145.96216 0.4073401 0.9133177 0.0029525766 130.1665 -0.011628786 0.0019536335 0.9999305 11.001221
0.91633314 -0.40018612 0.014064236 146.82959 0.40016985 0.9164393 0.0040713744 130.55249 -0.01451822 0.0018965444 0.99989283 10.998413
0.9197563 -0.3921348 0.016228668 147.71533 0.3921204 0.9198962 0.0041945297 130.92969 -0.01657335 0.0025082529 0.9998594 10.989868
0.92263883 -0.38528123 0.017612193 148.59717 0.38527858 0.92280066 0.003679404 131.30054 -0.01766995 0.003389395 0.99983805 10.976074
0.92614245 -0.37672532 0.017795833 149.50269 0.37671462 0.9263087 0.0040748217 131.66919 -0.018019803 0.0029281746 0.99983335 10.958252
0.93006855 -0.36692408 0.01836783 150.43042 0.36695135 0.930237 0.0019857497 132.04004 -0.01781516 0.004893545 0.9998292 10.959106
0.9344026 -0.355748 0.01714793 151.38452 0.35579282 0.9345429 0.00046827598 132.40186 -0.016191814 0.0056652413 0.9998527 10.93811
0.93889713 -0.34379265 0.015616513 152.32324 0.34382954 0.93901336 0.00034038234 132.75171 -0.014780877 0.0050511137 0.99987787 10.930786
0.9431863 -0.33199507 0.013996693 153.28174 0.3319969 0.9432868 0.0022613818 133.10913 -0.013953658 0.0025126748 0.9998994 10.916992
0.94863045 -0.31601754 0.014072562 154.27759 0.31596845 0.94873446 0.005643662 133.45972 -0.015134882 -0.0009058239 0.99988496 10.90564
0.95487034 -0.29653198 0.016215216 155.30225 0.2964115 0.95499873 0.009445463 133.77612 -0.018286638 -0.00421229 0.9998238 10.885742
0.9607866 -0.2767087 0.017183369 156.32178 0.2765185 0.9609116 0.012655553 134.08838 -0.0200133 -0.007407119 0.99977225 10.872803
0.9664494 -0.2562724 0.01778447 157.36768 0.2560281 0.96656257 0.014911292 134.3811 -0.021010442 -0.009858516 0.99973065 10.860596
0.971728 -0.2353142 0.019037396 158.42432 0.2350273 0.9718497 0.01614771 134.66113 -0.022301238 -0.011215807 0.99968827 10.841431
0.97696567 -0.21224801 0.022078704 159.52051 0.21190533 0.9771437 0.016871966 134.8977 -0.025155459 -0.011803995 0.99961364 10.827637
0.98131824 -0.19069739 0.025712188 160.60986 0.19025084 0.98156077 0.018839324 135.12427 -0.028830413 -0.013595566 0.9994916 10.795044
0.985335 -0.16795424 0.030171447 161.74756 0.1673675 0.9856722 0.02103366 135.32373 -0.033271886 -0.015674967 0.9993231 10.7751465
0.98888355 -0.14511517 0.032625295 162.87183 0.14443593 0.98926926 0.022306075 135.49731 -0.03551103 -0.017347403 0.9992187 10.7404785
0.9917236 -0.12391976 0.033534504 163.9961 0.123140305 0.9920874 0.024400353 135.66699 -0.03629271 -0.020068448 0.9991396 10.708496
0.9943565 -0.101220995 0.03178857 165.17749 0.100458525 0.99463433 0.02473401 135.79346 -0.03412145 -0.021401102 0.9991885 10.681519
0.99627 -0.080605745 0.030804047 166.33105 0.07987339 0.99650806 0.024312748 135.8982 -0.032656573 -0.021762233 0.99922985 10.639282
0.9976214 -0.060506 0.033048615 167.52612 0.05976993 0.9979518 0.022831088 135.98071 -0.034361884 -0.02080219 0.99919325 10.608765
0.99858594 -0.03942124 0.035659906 168.74316 0.03860009 0.9989798 0.02343332 136.04395 -0.03654732 -0.02202358 0.9990893 10.578491
0.99914676 -0.017812382 0.037269626 169.96582 0.016944049 0.99958056 0.02349102 136.08325 -0.037672326 -0.022839705 0.99902934 10.539673
0.9992374 0.00018797815 0.03904418 171.15454 -0.0012026534 0.99966204 0.025959905 136.09473 -0.03902611 -0.02598705 0.99890006 10.506836
0.9990057 0.022863911 0.038272653 172.44751 -0.023857187 0.9993849 0.025701407 136.09766 -0.03766147 -0.026588932 0.9989368 10.460327
0.99832284 0.04340838 0.038311448 173.67871 -0.044508234 0.9986074 0.028342372 136.05078 -0.037028123 -0.02999979 0.99886394 10.415405
0.9973503 0.061720494 0.038517192 174.92969 -0.06287574 0.99758404 0.02953692 135.98804 -0.036600705 -0.03188009 0.99882126 10.380493
0.9958984 0.082417026 0.037266556 176.22339 -0.08353486 0.9960659 0.029497407 135.90576 -0.034688085 -0.032491144 0.99886966 10.343628
0.99423414 0.10161422 0.034246176 177.49365 -0.102708325 0.9942008 0.031873595 135.78906 -0.030809619 -0.035207108 0.99890536 10.30603
0.9923294 0.11900912 0.03350303 178.81812 -0.120085664 0.9922431 0.032184154 135.64307 -0.029412597 -0.03596022 0.99892 10.268921
0.9896734 0.13989693 0.03142883 180.10156 -0.14091273 0.9894836 0.032828104 135.47754 -0.026506461 -0.03691611 0.99896663 10.242554
0.987073 0.15806961 0.026799435 181.44067 -0.15894827 0.9866879 0.03463837 135.29028 -0.020969542 -0.038448546 0.9990406 10.209717
0.9836966 0.17855847 0.021239456 182.78174 -0.17924444 0.9831193 0.03662234 135.07031 -0.014341068 -0.039832994 0.9991033 10.198608
0.9809633 0.19346681 0.01673165 184.0857 -0.193989 0.9802181 0.039233662 134.82666 -0.008811204 -0.041732933 0.9990901 10.186157
0.97712404 0.21214704 0.01406834 185.41919 -0.21255589 0.97625434 0.041512456 134.56567 -0.0049257698 -0.043554373 0.999039 10.180298
0.9729481 0.23066495 0.012716429 186.76514 -0.23100533 0.97194016 0.044313688 134.25732 -0.0021345718 -0.04605235 0.99893606 10.177734
0.9693744 0.2451976 0.013058567 188.11694 -0.24553753 0.9683884 0.043749303 133.93384 -0.0019158861 -0.04561632 0.998957 10.200684
0.96450603 0.26379117 0.012371492 189.48877 -0.2640805 0.9635352 0.043262936 133.57104 -0.0005079275 -0.044993293 0.9989869 10.192871
0.9588524 0.283787 0.00848041 190.82764 -0.2838828 0.95787966 0.043388326 133.18384 0.0041871043 -0.04401043 0.9990226 10.2126465
0.95476604 0.29729006 0.006329992 192.16113 -0.29726955 0.9537504 0.044618137 132.79956 0.0072273407 -0.044481557 0.998984 10.2229
0.9487788 0.31590864 0.0064794365 193.50586 -0.3158632 0.9476971 0.046064068 132.37305 0.008411149 -0.045751575 0.9989172 10.244385
0.94308114 0.3324905 0.0076964237 194.88794 -0.33246046 0.9418706 0.048591983 131.90356 0.00890662 -0.048385963 0.9987891 10.266235
0.9368153 0.3498497 0.005441589 196.23071 -0.3496449 0.93545586 0.052127838 131.42798 0.013145972 -0.050735936 0.99862516 10.280884
0.9300814 0.36737317 0.0036195526 197.56665 -0.36703852 0.92871207 0.052964218 130.9226 0.016091455 -0.0505909 0.9985902 10.31665
0.92285585 0.38517508 0.0016745321 198.94238 -0.38469154 0.9214616 0.054290503 130.37646 0.019362934 -0.050746318 0.99852425 10.347656
0.9148409 0.4038776 -0.002612203 200.30591 -0.4031448 0.9135341 0.054661587 129.7893 0.02445709 -0.04895493 0.9985018 10.39856
0.906198 0.42287195 -0.006492218 201.64014 -0.42184255 0.90487516 0.05751903 129.19727 0.030189093 -0.049384575 0.9983239 10.446045
0.89602333 0.4439631 -0.006985415 202.99194 -0.44276252 0.8945608 0.061081 128.56763 0.03337074 -0.051638324 0.9981078 10.4938965
0.88334477 0.46867812 -0.0068152687 204.33325 -0.46735263 0.8817736 0.06372449 127.887695 0.03587434 -0.053104363 0.99794436 10.55603
0.86932755 0.49413955 -0.0057399003 205.67847 -0.4926786 0.8675428 0.06765682 127.1438 0.03840515 -0.055991758 0.9976936 10.62085
0.85508686 0.5184642 -0.0050987774 207.00293 -0.5167941 0.8530445 0.07239335 126.40527 0.0418925 -0.059264448 0.99736184 10.687012
0.84038794 0.5419441 -0.005016742 208.27734 -0.54010415 0.8382296 0.0751157 125.63428 0.04490393 -0.060420644 0.99716383 10.7595215
0.8252716 0.5645626 -0.0049410798 209.56665 -0.562572 0.823038 0.07714547 124.78735 0.04762727 -0.06088361 0.9970081 10.843262
0.80856466 0.588476 -0.0052742437 210.81836 -0.5863634 0.8063611 0.07789283 123.93042 0.050084658 -0.059881885 0.9969474 10.925903
0.79276806 0.6096288 -0.0071974834 212.04468 -0.6072209 0.7905844 0.08023013 123.0166 0.054595336 -0.05922873 0.99674934 11.019775
0.7763178 0.6303919 -0.009904659 213.26465 -0.6276592 0.77424264 0.082188696 122.08423 0.059461158 -0.05759391 0.9965688 11.116943
0.75808215 0.6521971 -0.011732546 214.40698 -0.6491959 0.75610316 0.08390073 121.12085 0.06357727 -0.055986762 0.9964051 11.216309
0.74214894 0.67001027 -0.013043492 215.6018 -0.66682357 0.74027294 0.08492183 120.14917 0.06656216 -0.054324385 0.9963022 11.328369
0.7259525 0.6877525 -0.013031034 216.73657 -0.6844752 0.72411406 0.085602686 119.10181 0.06831595 -0.0532253 0.9962423 11.442871
0.7085125 0.70548725 -0.013214514 217.84863 -0.70212007 0.7067431 0.0861215 118.0022 0.070113696 -0.051742762 0.99619627 11.558105
0.6952204 0.7185439 -0.015348515 218.94946 -0.7149525 0.6936108 0.08728862 116.94287 0.07337577 -0.049704976 0.99606436 11.688599
0.67907894 0.73393255 -0.01776944 219.9956 -0.73009247 0.6776699 0.08858909 115.856445 0.07705722 -0.047190297 0.9959096 11.810791
0.6651247 0.7465173 -0.01960873 221.00977 -0.742397 0.66383797 0.0907114 114.73901 0.08073092 -0.045766477 0.9956833 11.940308
0.6482851 0.7611383 -0.020371646 222.04785 -0.7567744 0.64705527 0.09288995 113.582275 0.083896555 -0.044792984 0.995466 12.07251
0.63319486 0.7736774 -0.020499108 223.05005 -0.76925355 0.6320444 0.0932774 112.40332 0.08513623 -0.043301005 0.99542886 12.222168
0.6172966 0.78656393 -0.017627653 224.02295 -0.782162 0.61595404 0.094175436 111.19971 0.08493822 -0.044331387 0.9953978 12.364502
0.5985044 0.80092686 -0.013769286 225.00024 -0.7966194 0.5969144 0.094706334 109.990234 0.08409049 -0.045702435 0.9954084 12.515503
0.58177286 0.8134509 -0.008185334 225.90845 -0.80928874 0.5797577 0.095720164 108.75171 0.082592115 -0.04907674 0.99537563 12.653809
0.56323886 0.82632416 -0.004575154 226.80933 -0.8222143 0.56097203 0.096663214 107.51904 0.08244114 -0.050685897 0.99530643 12.798584
0.54396075 0.8392013 -0.0022941942 227.66357 -0.83494806 0.5414735 0.09912243 106.292725 0.08441814 -0.052012052 0.9950728 12.9552
0.5264523 0.850055 0.0015260382 228.45337 -0.8456189 0.5235206 0.10298385 105.0603 0.08675135 -0.05551083 0.9946826 13.101074
0.5071766 0.8618576 0.004093668 229.25 -0.8574341 0.504082 0.103692815 103.78223 0.08729266 -0.056095287 0.9946015 13.252441
0.48371643 0.8750962 0.008277362 230.01123 -0.8709908 0.48048404 0.101761386 102.510254 0.08508309 -0.056442916 0.9947747 13.396362
0.46599233 0.8846772 0.011942238 230.68774 -0.880913 0.46266583 0.09936164 101.25464 0.08241624 -0.056824595 0.99497664 13.546753
0.44154665 0.8970398 0.015955731 231.37012 -0.89355814 0.4380955 0.09760628 99.95532 0.08057304 -0.057373516 0.99509776 13.689331
0.4208738 0.9069308 0.016686503 232.00659 -0.9035069 0.41751352 0.09642489 98.65454 0.08045632 -0.055653762 0.9952029 13.82605
0.40208992 0.9153645 0.01959002 232.59229 -0.91208166 0.39859596 0.09582841 97.38965 0.07991005 -0.0564183 0.995206 13.9609375
0.38015592 0.9245522 0.0187341 233.15186 -0.9212542 0.37688655 0.09443977 96.09253 0.080256395 -0.053183056 0.99535614 14.09314
0.35680294 0.93400675 0.018739363 233.6753 -0.93068516 0.35365304 0.09369422 94.80151 0.08090773 -0.050862513 0.9954225 14.229614
0.33793774 0.9409942 0.017467868 234.15259 -0.93752015 0.334946 0.094031684 93.526855 0.08263186 -0.04813231 0.9954154 14.362183
0.31618074 0.9485563 0.018064138 234.61621 -0.9452447 0.31333137 0.091609985 92.232666 0.08123651 -0.04605408 0.9956314 14.496582
0.2945466 0.955497 0.017434267 235.02368 -0.95216465 0.29186484 0.09072755 90.95361 0.08159861 -0.043307386 0.99572265 14.635376
0.27606496 0.960973 0.019085802 235.42041 -0.95727015 0.27310726 0.095345475 89.67969 0.086413786 -0.044591665 0.9952609 14.755859
0.25431105 0.9668991 0.021101339 235.78491 -0.96247137 0.25088587 0.10352573 88.41235 0.09481615 -0.04664444 0.9944022 14.894775
0.23523419 0.97158146 0.02330928 236.1211 -0.9664211 0.23131536 0.11125457 87.16968 0.10269885 -0.048721824 0.9935203 15.041992
0.217288 0.97582775 0.025767682 236.43188 -0.9703576 0.21304545 0.114592865 85.91284 0.106323116 -0.049877845 0.9930776 15.193726
0.19567193 0.9802332 0.030775286 236.719 -0.9747645 0.19093491 0.11604374 84.656494 0.10789338 -0.05270411 0.99276495 15.343384
0.17626165 0.98361766 0.036069117 236.97388 -0.978434 0.17111117 0.115176424 83.42285 0.10709898 -0.055605993 0.9926926 15.498657
0.15539403 0.9870284 0.04040838 237.20044 -0.9820175 0.14990705 0.1147899 82.178955 0.10722488 -0.057521336 0.99256915 15.651611
0.13796557 0.9895603 0.042116016 237.39526 -0.9846786 0.13245144 0.113576256 80.94507 0.10681307 -0.057124607 0.99263537 15.798706
