1 0 0 0 0 1 0 0 0 0 1 0
0.99986401 0.00085393649 0.016469016 -0.017133352 -0.00084373205 0.99999945 -0.00062655653 -0.0039724514 -0.016469544 0.00061257591 0.99986418 0.10462979
0.99931559 0.0027633478 0.036887929 -0.0069616509 -0.0027419787 0.99999604 -0.00062987928 0.0015021728 -0.036889527 0.00052830231 0.99931921 0.26058793
0.99793003 0.0050847452 0.064107797 0.043640168 -0.0051481449 0.99998641 0.00082379942 0.001631071 -0.064102743 -0.0011521304 0.99794264 0.43449981
0.995207 0.0046965611 0.097677832 0.076461787 -0.0050555768 0.99998134 0.0034283285 -0.00080106693 -0.097659917 -0.0039057143 0.99521218 0.59710093
0.99098962 0.0017202636 0.13392767 0.15558941 -0.0024523241 0.99998294 0.0053013191 -0.0013140679 -0.13391627 -0.0055819863 0.99097693 0.77031419
0.98476817 -0.0017384595 0.1738638 0.24877871 0.00076917169 0.99998379 0.0056422071 -0.0079787985 -0.1738708 -0.0054225349 0.98475354 0.98405229
0.97607477 -0.002142937 0.21742457 0.3140899 0.00064618503 0.99997561 0.006954871 -0.0096866919 -0.21743419 -0.0066479775 0.97605234 1.1986338
0.96417005 -0.002066286 0.26527691 0.40754531 -0.00059555937 0.99995029 0.0099533867 0.0038670593 -0.26528432 -0.0097547455 0.96412089 1.3973913
0.9499413 -0.0058440773 0.31237375 0.53597587 0.00057132665 0.99985586 0.016968481 0.0091629204 -0.31242791 -0.015940594 0.94980772 1.6630643
0.93259454 -0.015635505 0.36058695 0.6962556 0.0072125568 0.99966906 0.024692908 0.0028870597 -0.36085374 -0.020427717 0.93239868 1.8586827
0.91151899 -0.021400512 0.41070078 0.8516704 0.010031279 0.99950501 0.029817859 -0.0024152004 -0.41113564 -0.023059691 0.91128248 2.0606048
0.88659238 -0.023080804 0.46197533 1.0242189 0.0085781106 0.99940295 0.03346875 0.00065008325 -0.46247203 -0.025710263 0.88626103 2.323359
0.85838858 -0.02524158 0.51237865 1.2100263 0.0064622718 0.99924156 0.038399913 0.021548458 -0.51295936 -0.029650917 0.85790066 2.5455859
0.8259119 -0.030430162 0.56297736 1.4237493 0.0074013113 0.99904152 0.043142345 0.021677686 -0.56375064 -0.031465006 0.8253455 2.760404
0.79093752 -0.036058179 0.61083354 1.6689659 0.0098023171 0.99888076 0.04627251 0.025424301 -0.61181842 -0.03061108 0.79040573 2.9779038
0.75299474 -0.040679095 0.65676792 1.9232797 0.010964659 0.99872441 0.049288149 0.031009652 -0.65793521 -0.02991248 0.75248026 3.1760558
0.71300906 -0.044040373 0.69977031 2.2406849 0.012392785 0.99866109 0.050223963 0.05040891 -0.70104532 -0.027138037 0.71260018 3.4203524
0.67083085 -0.045749853 0.74019786 2.5143144 0.01147005 0.99861604 0.051326916 0.060295513 -0.74152172 -0.025941572 0.67042719 3.5994936
0.62859113 -0.04613988 0.77636606 2.8512169 0.0069779271 0.99853307 0.053693657 0.08301606 -0.77770467 -0.028333931 0.62799099 3.8628522
0.58632059 -0.046892624 0.80872072 3.2058046 0.0040212068 0.99847935 0.054980166 0.099687194 -0.81006917 -0.02898397 0.58561756 4.0421356
0.54667784 -0.047934653 0.83596982 3.5712865 0.0020365405 0.99843326 0.055918549 0.11848571 -0.83734058 -0.028866945 0.54591896 4.2516617
0.50706703 -0.050887809 0.86040304 3.9857286 0.001372608 0.99830197 0.058234795 0.13665578 -0.86190557 -0.028347948 0.50627586 4.4518697
0.47022622 -0.05047594 0.88110125 4.4097095 -0.0017909429 0.99830648 0.058146104 0.15740732 -0.88254414 -0.028919825 0.46933948 4.6407369
0.43378517 -0.049907946 0.89963301 4.8659447 -0.0026125004 0.99839089 0.056646323 0.18436234 -0.90101258 -0.026922626 0.43295678 4.8144718
0.40052483 -0.048579475 0.91499717 5.3583328 -0.0013657702 0.99856081 0.053613918 0.20161416 -0.91628493 -0.022723381 0.39988205 5.0308229
0.37056303 -0.046800656 0.92762744 5.875992 -3.5571204e-05 0.99872901 0.050402081 0.22416971 -0.92880736 -0.018710144 0.37009038 5.1887131
0.34444521 -0.045126616 0.93772118 6.3856209 0.0015341912 0.99886979 0.047505772 0.24587068 -0.93880521 -0.014924492 0.34412515 5.3681928
0.32558438 -0.044654356 0.9444579 6.9819584 0.0026726486 0.99892363 0.046308172 0.27174664 -0.94550925 -0.012553013 0.32535328 5.5443378
0.31078279 -0.045041964 0.94941308 7.5569453 0.0036125902 0.99892529 0.046208365 0.29655135 -0.95047414 -0.010930923 0.31061151 5.7530431
0.29717458 -0.046462642 0.95369199 8.1898778 0.0044422627 0.99887182 0.047279516 0.31435412 -0.95481287 -0.0098137193 0.29704571 5.8973325
0.28653891 -0.048303541 0.95685011 8.8060208 0.0034881682 0.9987742 0.049375376 0.34118392 -0.95806229 -0.010810312 0.28635616 6.0853184
0.27671118 -0.050108429 0.95964576 9.4889418 0.0016033912 0.99866223 0.051683361 0.37273566 -0.96095184 -0.012762676 0.27642135 6.3054824
0.2665693 -0.051917593 0.96241638 10.165044 0.00099697723 0.99856245 0.053591352 0.40082855 -0.96381528 -0.013326301 0.26623786 6.4712571
0.25654052 -0.05367151 0.9650421 10.891161 4.8898918e-05 0.99845774 0.055516946 0.43039325 -0.96653352 -0.014195156 0.2561475 6.6864241
0.24535701 -0.055226123 0.96785843 11.613251 -0.00033836353 0.9983711 0.057052956 0.46259613 -0.96943277 -0.01432583 0.24493866 6.8523456
0.23498774 -0.05672128 0.97034189 12.387291 -0.0010331766 0.99828074 0.058604647 0.49481962 -0.97199783 -0.014773908 0.23452513 7.0442029
0.2248355 -0.059676017 0.97256758 13.118686 -0.0019243821 0.99809368 0.061687152 0.52566168 -0.97439488 -0.015741053 0.22429206 7.2135586
0.2138614 -0.063120163 0.97482258 13.906799 -0.0041939918 0.99784174 0.06553076 0.5685881 -0.97685505 -0.018102897 0.2131351 7.3968319
0.2022602 -0.066645216 0.97706149 14.734098 -0.0039283276 0.99761856 0.068860607 0.60825497 -0.97932398 -0.017765977 0.20151672 7.5780687
0.18853855 -0.069363133 0.97961313 15.461377 -0.0049828236 0.99742219 0.071583137 0.64882102 -0.98205319 -0.018377419 0.1877069 7.7267671
0.17422127 -0.070138099 0.98220543 16.277414 -0.005345279 0.99737804 0.072169688 0.68551665 -0.98469206 -0.017823656 0.17338956 7.8565144
0.16062419 -0.069347239 0.98457643 17.081372 -0.0070556669 0.99742259 0.071403103 0.72943751 -0.98699046 -0.018415908 0.1597209 7.9850817
0.14372447 -0.068175969 0.98726655 17.888656 -0.0082241442 0.99750744 0.070080412 0.76155267 -0.98958361 -0.018191692 0.14280554 8.0987223
0.12383926 -0.066684815 0.99005903 18.730819 -0.010614963 0.99759327 0.068520026 0.80206503 -0.99224556 -0.018994909 0.12283336 8.2260907
0.097900578 -0.065453261 0.99304142 19.540241 -0.014953663 0.99762546 0.067229634 0.84283323 -0.99508389 -0.021431426 0.096689342 8.2696348
0.067234818 -0.064909312 0.99562351 20.345637 -0.019379199 0.99760837 0.066347398 0.88483993 -0.997549 -0.023755241 0.065816126 8.3086466
0.033212397 -0.064722473 0.99735042 21.186499 -0.022151645 0.99760818 0.065476864 0.92238944 -0.99920285 -0.024267596 0.031699248 8.341448
0.0015074563 -0.064283887 0.99793047 22.01398 -0.023396075 0.99765622 0.064301562 0.9534691 -0.99972518 -0.023444588 -6.9009485e-08 8.3284646
-0.032531574 -0.063068471 0.99747881 22.882238 -0.02450234 0.99775747 0.062286975 0.98377957 -0.99917036 -0.022414271 -0.034003948 8.3118498
-0.066275536 -0.060874502 0.99594265 23.775214 -0.0268775 0.99788397 0.059204582 1.0146759 -0.99743934 -0.022844633 -0.067771451 8.2864021
-0.098094127 -0.057781566 0.99349824 24.594796 -0.028803928 0.99805961 0.055202867 1.0531357 -0.99476025 -0.023201574 -0.099568123 8.2068548
-0.13053884 -0.053253372 0.99001192 25.459915 -0.02607527 0.99839541 0.050266149 1.0771155 -0.99110028 -0.019253143 -0.13171798 8.0429429
-0.16180622 -0.048074161 0.98565082 26.252722 -0.021231748 0.99875106 0.045227671 1.0970879 -0.98659416 -0.013608971 -0.16262483 7.9128427
-0.19307948 -0.041693342 0.98029684 27.073594 -0.016377246 0.99909453 0.039267167 1.107821 -0.98104647 -0.0084728776 -0.19358748 7.6976115
-0.21998812 -0.036143328 0.97483271 27.898687 -0.010621257 0.99934289 0.034655206 1.1212213 -0.97544477 -0.0027302144 -0.22022745 7.5202387
-0.24890053 -0.029383735 0.96808318 28.691846 -0.0010054884 0.99954698 0.030080222 1.1385336 -0.96852857 0.0065135877 -0.24881732 7.2751271
-0.27612795 -0.019063263 0.96093177 29.503316 0.0046610904 0.99976496 0.021173033 1.1431019 -0.96110962 0.010325457 -0.2759742 7.0326132
-0.30099848 -0.0038827939 0.95361667 30.29026 0.0094888634 0.99993001 0.0070664204 1.1282673 -0.95357745 0.011175721 -0.30094058 6.7717773
-0.32705665 0.012969706 0.94491569 31.050617 0.0094741554 0.99990056 -0.010445196 1.1050104 -0.94495728 0.0055361084 -0.32714701 6.5007988
-0.35240602 0.02725973 0.93545007 31.82134 0.008894171 0.99962809 -0.025779282 1.0835909 -0.93580498 -0.00076472059 -0.35251741 6.2025419
-0.37702047 0.038152678 0.92541875 32.56951 0.012748221 0.99927034 -0.036003698 1.0432341 -0.92611723 -0.0017766875 -0.37723175 5.8856226
-0.40094781 0.04324364 0.91507965 33.35867 0.016674231 0.99906428 -0.039906557 0.99758522 -0.91594917 -0.00074219636 -0.4012937 5.5450393
-0.42306437 0.042613047 0.90509701 34.093952 0.018672555 0.99909141 -0.038310407 0.94567072 -0.90590725 0.00069270656 -0.42347567 5.1913014
-0.44318705 0.039179217 0.89557253 34.819238 0.023127628 0.99921163 -0.032268143 0.90904506 -0.8961308 0.0064116458 -0.44374378 4.8100608
-0.46119271 0.037827271 0.88649327 35.540683 0.030369729 0.99917842 -0.026835956 0.87336337 -0.88678015 0.014546013 -0.46196261 4.4328535
-0.47523641 0.038577522 0.87901198 36.235782 0.034139902 0.9990945 -0.025389944 0.83210361 -0.87919559 0.017943158 -0.47612311 4.0106135
-0.48654189 0.042246651 0.87263518 36.95276 0.036849156 0.99893365 -0.027815682 0.78076142 -0.87287983 0.018622377 -0.48757981 3.6302364
-0.49670676 0.044481539 0.86677778 37.648852 0.03863979 0.99882894 -0.029115655 0.73992683 -0.86705791 0.01903017 -0.49784384 3.2293285
-0.50696007 0.043670777 0.86086253 38.316384 0.031919251 0.99898189 -0.031880269 0.68629515 -0.86137838 0.011316065 -0.50783786 2.8131029
-0.51894457 0.042851087 0.85373313 39.010498 0.030381971 0.9990363 -0.031676448 0.66157478 -0.85426783 0.0094997755 -0.51974637 2.4280132
-0.52725942 0.044129474 0.84855762 39.678715 0.032676961 0.9989648 -0.031647296 0.61653816 -0.84907584 0.01104195 -0.52815562 1.9948037
-0.53404187 0.047289691 0.84413441 40.368681 0.03647224 0.99879362 -0.032879762 0.57611692 -0.84467101 0.013228304 -0.53512237 1.5417485
-0.53923325 0.050475811 0.8406424 41.057303 0.037409784 0.99865254 -0.035966776 0.5365814 -0.84132519 0.01205377 -0.54039494 1.1401547
-0.53743828 0.051809306 0.84171007 41.764507 0.036376142 0.99860626 -0.038240205 0.48765881 -0.84251821 0.010066416 -0.53857385 0.65620988
-0.53406994 0.052975099 0.84377893 42.488258 0.039150549 0.99851395 -0.037909507 0.44930669 -0.84453336 0.012788081 -0.53535029 0.20354537
-0.52841112 0.051531093 0.84742325 43.243885 0.037275039 0.99860189 -0.037481271 0.40573172 -0.84816998 0.011782215 -0.52959317 -0.25088707
-0.52161156 0.050376382 0.85169451 43.988045 0.035206182 0.99867594 -0.037508436 0.36090466 -0.85245643 0.010420079 -0.52269447 -0.7046256
-0.51460605 0.049472256 0.85599827 44.77319 0.033427238 0.99873265 -0.03762589 0.31856437 -0.85677494 0.0092511484 -0.51560759 -1.1702924
-0.50812371 0.048399921 0.85992307 45.58192 0.030622304 0.99880377 -0.038122136 0.26954038 -0.86073958 0.0069620653 -0.508998 -1.6299338
-0.50366392 0.04619064 0.86266391 46.379787 0.026397405 0.99892617 -0.03807464 0.22437238 -0.86349632 0.0035952674 -0.50434239 -2.0820611
-0.50220543 0.042744312 0.86369124 47.243646 0.021300803 0.99908602 -0.037059383 0.17088586 -0.864486 -0.00021410573 -0.50265692 -2.5724288
-0.50255116 0.040736914 0.86358715 48.054504 0.018349416 0.99916684 -0.036454285 0.12090619 -0.86435276 -0.0024738225 -0.50287996 -3.0451231
-0.50387621 0.03924036 0.86288406 48.916723 0.01684315 0.99922399 -0.035605068 0.075640451 -0.86361168 -0.0034068603 -0.50414613 -3.5261995
-0.504146 0.039158756 0.86273016 49.787341 0.017087772 0.99922823 -0.035368882 0.022547864 -0.86344941 -0.0030889434 -0.50442605 -4.0330312
-0.50455722 0.038309908 0.86252785 50.656529 0.016626061 0.99926095 -0.034657194 -0.027485003 -0.86321819 -0.0031460965 -0.50482127 -4.537701
-0.50447455 0.037578132 0.8626084 51.551447 0.017154904 0.99929148 -0.033499899 -0.073087043 -0.86325616 -0.0021018817 -0.50476177 -5.0489767
-0.50481881 0.0370607 0.86242937 52.431607 0.01666937 0.99931019 -0.033185469 -0.13239154 -0.8630644 -0.0023764933 -0.50508836 -5.5548928
-0.50496086 0.035720165 0.86240277 53.325942 0.015385892 0.99935707 -0.032383853 -0.17077286 -0.86300513 -0.003083742 -0.5051858 -6.0781968
-0.5047659 0.035037886 0.86254488 54.237008 0.014754217 0.99938018 -0.031962096 -0.23360868 -0.86313021 -0.0034072011 -0.50497 -6.6050706
-0.50441382 0.034225436 0.86278344 55.137591 0.01347067 0.99940444 -0.03176957 -0.2851391 -0.863357 -0.0044027382 -0.50457445 -7.1045441
-0.50323552 0.032941182 0.86352118 56.021023 0.012989426 0.99944863 -0.030556607 -0.34377756 -0.8640517 -0.0041605247 -0.50338594 -7.6119913
-0.50100045 0.030726591 0.86490136 56.914135 0.013591157 0.99952564 -0.027636491 -0.39273032 -0.86534033 -0.0020908841 -0.50118041 -8.136873
-0.49872105 0.029639456 0.86625559 57.814539 0.014225787 0.99956044 -0.026010484 -0.44029787 -0.86664583 -0.00064880747 -0.49892348 -8.629779
-0.49637579 0.029027875 0.86762227 58.701184 0.014059423 0.99957852 -0.025399166 -0.49217787 -0.86799394 -0.00040926153 -0.49657469 -9.12107
-0.49390183 0.029258993 0.86902522 59.60017 0.014437473 0.99957186 -0.02544894 -0.54711321 -0.86939784 -2.2749203e-05 -0.4941128 -9.6454434
-0.49315453 0.029885805 0.8694282 60.477339 0.01481871 0.99955332 -0.025953311 -0.58914999 -0.86981554 8.4812601e-05 -0.49337711 -10.129942
-0.49330793 0.031171704 0.86929601 61.361981 0.013998022 0.99951277 -0.027897495 -0.63598071 -0.86974215 -0.0015936302 -0.49350392 -10.636698
-0.49723109 0.033092874 0.86698676 62.235118 0.012782533 0.99944328 -0.030817745 -0.694307 -0.86752401 -0.0042412529 -0.49737728 -11.110494
-0.50075741 0.033574518 0.86493624 63.11158 0.011414646 0.99941671 -0.032186146 -0.7477941 -0.86551244 -0.0062445094 -0.50084857 -11.617632
-0.50646669 0.031862745 0.86167058 63.981499 0.010786485 0.99947294 -0.030618376 -0.79678917 -0.86219209 -0.0062127897 -0.50654344 -12.131283
-0.51183461 0.030075241 0.85855736 64.849205 0.014653732 0.99954726 -0.026278193 -0.85500998 -0.85895905 -0.00086901842 -0.5120436 -12.643445
-0.51709328 0.027920399 0.85547351 65.698981 0.011725577 0.99960511 -0.025536916 -0.89913542 -0.85584877 -0.0031740465 -0.51721647 -13.144336
-0.52201031 0.03016557 0.85240554 66.546938 0.012750486 0.99953872 -0.027564073 -0.95138343 -0.8528439 -0.0035201451 -0.52215414 -13.680884
-0.52725706 0.032764539 0.84907386 67.376074 0.013424326 0.99945278 -0.030231219 -0.99978489 -0.84959981 -0.0045413787 -0.52740838 -14.178998
-0.53160205 0.032678179 0.8463636 68.209409 0.011576423 0.99944245 -0.0313174 -1.054423 -0.84691517 -0.0068505301 -0.53168395 -14.710258
-0.53565038 0.033195454 0.8437871 69.048774 0.010539492 0.99941202 -0.032627248 -1.1110831 -0.84437412 -0.0085837098 -0.53568529 -15.212908
-0.53875622 0.032203114 0.84184597 69.869941 0.010553049 0.99944872 -0.031478251 -1.1629349 -0.84239565 -0.0080750612 -0.53879906 -15.745541
-0.54198949 0.02568499 0.83999262 70.697096 0.012370439 0.99966837 -0.022585703 -1.2102372 -0.84029425 -0.0018501355 -0.54212749 -16.265024
-0.54335283 0.017931281 0.83931288 71.521248 0.01335227 0.99982999 -0.012716637 -1.2443493 -0.83939828 0.0042971119 -0.54349988 -16.805377
-0.54624453 0.015274007 0.83748645 72.346112 0.013927048 0.99986113 -0.0091515646 -1.2799269 -0.83751001 0.0066647232 -0.5463814 -17.327078
-0.5469402 0.020399968 0.83692305 73.140385 0.013526314 0.9997879 -0.015530167 -1.3175196 -0.83706243 0.0028264126 -0.54710014 -17.839869
-0.54756832 0.025525274 0.83637153 73.922152 0.014114374 0.99967416 -0.021268505 -1.3567377 -0.83664197 0.00015890169 -0.54775017 -18.365725
-0.54843159 0.03063576 0.835634 74.728869 0.020416204 0.99952131 -0.023244869 -1.3942769 -0.83594619 0.0043122548 -0.54879453 -18.883863
-0.54751603 0.031737724 0.83619307 75.522885 0.02368285 0.99946791 -0.02242795 -1.4348253 -0.83646003 0.0075237737 -0.54797635 -19.419238
-0.54795104 0.029028822 0.83600653 76.317897 0.023716824 0.99953505 -0.019162131 -1.4756395 -0.83617416 0.0093275106 -0.54838475 -19.925229
-0.5477273 0.02392107 0.83631485 77.114768 0.021584752 0.99966249 -0.014456801 -1.5105361 -0.83637848 0.010133265 -0.54805877 -20.437763
-0.54659921 0.018072608 0.83719927 77.908519 0.020197871 0.99976076 -0.0083948267 -1.5361763 -0.83715077 0.012321039 -0.54683347 -20.960063
-0.54550389 0.011289977 0.83803221 78.7399 0.010974025 0.99991976 -0.0063275573 -1.5709773 -0.83803648 0.0057448798 -0.54558402 -21.480768
-0.54455684 0.0057607641 0.83870412 79.523127 0.0022047404 0.99998279 -0.0054370274 -1.594568 -0.83872108 -0.0011116449 -0.54456017 -21.960847
-0.54265375 0.0068892541 0.8399282 80.314987 0.0058935158 0.99997298 -0.004394338 -1.6157593 -0.83993585 0.002565527 -0.54267969 -22.472691
-0.54008774 0.010146231 0.84154752 81.096094 0.011184564 0.99992555 -0.0048777152 -1.6506383 -0.84153443 0.006777949 -0.54016101 -22.970559
-0.53385953 0.012850611 0.84547549 81.887118 0.011660717 0.99990132 -0.0078348301 -1.6756281 -0.84549281 0.0056761526 -0.5339567 -23.469963
-0.52681443 0.01507025 0.84984668 82.664388 0.016845112 0.99983155 -0.0072877409 -1.7013939 -0.84981343 0.010476477 -0.52697955 -23.951589
-0.51893584 0.017707284 0.85462973 83.467393 0.024511919 0.99968254 -0.0058288972 -1.7334466 -0.85446171 0.017923792 -0.51920515 -24.449156
-0.50837745 0.017861698 0.86094905 84.274552 0.023701293 0.99969633 -0.0067449637 -1.7541888 -0.86080815 0.01697662 -0.50864642 -24.918334
-0.49801489 0.01404199 0.86705474 85.084395 0.018393413 0.99981499 -0.0056273236 -1.787754 -0.86697342 0.013145606 -0.49818103 -25.36773
-0.48602564 0.01225992 0.87385851 85.895158 0.021371646 0.99976931 -0.0021398474 -1.7990179 -0.87368323 0.017635775 -0.48617554 -25.812703
-0.4753495 0.011131678 0.87972659 86.711761 0.021248179 0.99977355 -0.0011695059 -1.8247731 -0.87954047 0.018136665 -0.47547839 -26.249542
-0.46403988 0.0099699059 0.88575816 87.539531 0.020653559 0.9997866 -0.0004331912 -1.8452669 -0.88557353 0.018093042 -0.46414677 -26.668681
-0.45083997 0.011979642 0.89252437 88.367088 0.024364888 0.99970251 -0.0011107963 -1.8619348 -0.89227224 0.021245466 -0.45099773 -27.088316
-0.43894416 0.014770255 0.8983929 89.189692 0.023485998 0.99971186 -0.0049610326 -1.8903487 -0.89820738 0.018922039 -0.43916457 -27.480565
-0.42766674 0.024284385 0.90361018 90.033319 0.02544403 0.99956638 -0.014820869 -1.9199284 -0.90357834 0.016653092 -0.42809919 -27.875942
-0.41482599 0.029399134 0.90942565 90.853589 0.02574595 0.99945695 -0.020565814 -1.9506352 -0.90953648 0.014882795 -0.41535763 -28.242603
-0.40435312 0.025137589 0.9142574 91.693124 0.022082152 0.99959915 -0.017717685 -1.9825958 -0.91433637 0.013024571 -0.40474613 -28.603778
-0.39124855 0.022364443 0.92001322 92.539238 0.025121749 0.99959167 -0.013615524 -2.0163066 -0.91994214 0.017785288 -0.39165063 -28.946869
-0.38188714 0.02273407 0.92392927 93.388591 0.021412143 0.99964672 -0.015746893 -2.0543596 -0.92396093 0.013769771 -0.38223902 -29.281019
-0.37471381 0.027147686 0.92674295 94.227114 0.016891001 0.99960521 -0.022452478 -2.0899959 -0.92698669 0.007240363 -0.37502443 -29.612925
-0.36970113 0.031480911 0.92861723 95.075157 0.0083362305 0.99949802 -0.030565008 -2.1323606 -0.92911337 -0.0035587499 -0.36977798 -29.931267
-0.36611803 0.033831106 0.92995321 95.91021 0.0061265472 0.9994049 -0.033945722 -2.1753229 -0.93054829 -0.0067307379 -0.36610742 -30.247599
-0.36326689 0.033760943 0.93107319 96.757056 0.005625748 0.99940451 -0.034043714 -2.2171624 -0.93166818 -0.0071289701 -0.3632405 -30.572791
-0.35773406 0.033018677 0.93323954 97.61829 0.0033811653 0.99941394 -0.034063888 -2.2730024 -0.93381743 -0.009030375 -0.35763605 -30.89683
-0.35248465 0.029691628 0.93534641 98.445539 0.0027498314 0.99952509 -0.030692642 -2.3128412 -0.93581359 -0.0082466397 -0.3523989 -31.203687
-0.34705392 0.025822089 0.93748959 99.314412 0.0025257243 0.99964299 -0.026599022 -2.3586358 -0.93784182 -0.0068634539 -0.34699524 -31.516196
-0.34088191 0.022483242 0.93983719 100.16797 0.00032630218 0.99971675 -0.023797357 -2.4027719 -0.94010611 -0.007805417 -0.34079269 -31.80861
-0.33544459 0.021317441 0.94181868 101.00839 -0.0043501283 0.99969823 -0.024176877 -2.4465814 -0.94204993 -0.012207034 -0.33525063 -32.09575
-0.32896853 0.020877883 0.94411003 101.86065 -0.015919991 0.99949089 -0.027649773 -2.4795462 -0.94420672 -0.024126128 -0.32846867 -32.375283
-0.32224046 0.024512261 0.9463404 102.71167 -0.012962031 0.99945675 -0.030301817 -2.5285076 -0.94656915 -0.022030965 -0.32174767 -32.651294
-0.31531571 0.028344994 0.94856338 103.56799 -0.011523107 0.99936578 -0.033693512 -2.5778977 -0.94891691 -0.021554491 -0.31478911 -32.927954
-0.30876068 0.026451127 0.95077185 104.4143 -0.013756974 0.99938447 -0.032271103 -2.618892 -0.95104031 -0.02304379 -0.30820674 -33.201639
-0.3019691 0.021847509 0.9530673 105.27718 -0.012838291 0.99955351 -0.026980802 -2.6566504 -0.9532313 -0.020383124 -0.30155379 -33.466792
-0.29491595 0.018819906 0.9553378 106.12557 -0.013639036 0.99962125 -0.023902692 -2.7004159 -0.95542589 -0.020079171 -0.29454756 -33.708289
-0.28841832 0.021489397 0.95726329 106.98371 -0.016779775 0.99948116 -0.027492791 -2.7458472 -0.9573575 -0.023992087 -0.28790809 -33.95931
-0.2818139 0.024391071 0.95915897 107.84645 -0.017005605 0.99939282 -0.030410679 -2.7934639 -0.95931841 -0.02488123 -0.281228 -34.202314
-0.27507425 0.025601353 0.96108202 108.69656 -0.017449401 0.99934779 -0.031614923 -2.8268423 -0.96126466 -0.025466757 -0.27444812 -34.439877
-0.26816484 0.024349809 0.96306522 109.57127 -0.018105226 0.99937658 -0.030309278 -2.8765454 -0.96320294 -0.025564396 -0.2675568 -34.670468
-0.26063211 0.024208957 0.96513458 110.41392 -0.016146175 0.99943644 -0.029429599 -2.9204041 -0.96530321 -0.023253529 -0.26009434 -34.89285
-0.25289871 0.025630951 0.96715315 111.27163 -0.010759492 0.99951269 -0.029301999 -2.9636633 -0.96743297 -0.017816514 -0.2524997 -35.114128
-0.2457679 0.026209204 0.96897427 112.15706 -0.0092797239 0.99952497 -0.029389233 -3.0077587 -0.96928433 -0.016214743 -0.24540794 -35.336943
-0.23933474 0.025395025 0.97060491 113.0148 -0.015044572 0.99944089 -0.029859228 -3.0436162 -0.97082059 -0.021748686 -0.23881887 -35.53156
-0.23316142 0.023019155 0.97216552 113.88473 -0.020647843 0.99937721 -0.028615598 -3.0914595 -0.97221885 -0.026745174 -0.23254092 -35.730562
-0.22851654 0.023447876 0.97325757 114.77047 -0.017315489 0.99945388 -0.0281446 -3.1299111 -0.97338607 -0.023283937 -0.22798574 -35.935799
-0.22400783 0.023449558 0.97430515 115.61809 -0.015707736 0.99949377 -0.027667247 -3.176804 -0.97446079 -0.021501808 -0.22352609 -36.122224
-0.21928763 0.025114965 0.97533691 116.50222 -0.014877701 0.99946632 -0.02908129 -3.2196404 -0.97554686 -0.020887938 -0.21879695 -36.317045
-0.21352905 0.024043412 0.97664076 117.35845 -0.0096528033 0.99959638 -0.026718995 -3.2588871 -0.97688907 -0.015132602 -0.21321078 -36.506697
-0.20795212 0.02327024 0.97786212 118.23079 -0.0011948939 0.99971018 -0.024044264 -3.2991813 -0.97813832 -0.0061684964 -0.20786405 -36.697051
-0.20320964 0.022007168 0.97888786 119.11759 0.0012787489 0.99975249 -0.022210782 -3.3414466 -0.97913446 -0.0032616925 -0.20318749 -36.885043
-0.19871154 0.023419323 0.97977813 119.98202 -0.00080158908 0.99971024 -0.024058324 -3.3764293 -0.98005773 -0.0055660454 -0.19863519 -37.050428
-0.1958132 0.025462157 0.98031056 120.85063 -0.0038530169 0.99963516 -0.026733709 -3.4160414 -0.98063369 -0.0090119656 -0.19564366 -37.20885
-0.19363853 0.024668012 0.98076273 121.7481 -0.0055901707 0.99963987 -0.026246511 -3.4570449 -0.98105706 -0.010564966 -0.1934309 -37.379906
-0.19271206 0.023635203 0.98097062 122.5905 -0.0064004786 0.99965833 -0.025342834 -3.4995674 -0.98123452 -0.011162551 -0.19249494 -37.535599
-0.19178412 0.01939076 0.98124552 123.47691 -0.0053225525 0.99976955 -0.02079711 -3.5311522 -0.98142274 -0.0092112855 -0.19163671 -37.705285
-0.19096822 0.013851657 0.98149844 124.32894 -0.0054239829 0.99987027 -0.015166266 -3.5716367 -0.98158128 -0.0082199049 -0.19086831 -37.859958
-0.18996583 0.011553761 0.98172268 125.19455 -0.0029652435 0.99991944 -0.012341697 -3.6030512 -0.98178627 -0.0052555467 -0.18991627 -38.024142
-0.18907948 0.016080997 0.98183006 126.06707 -0.0058582876 0.99982963 -0.017503984 -3.6361526 -0.98194435 -0.0090614864 -0.18895306 -38.189856
-0.18900902 0.020195819 0.98176761 126.90616 -0.0058585641 0.9997475 -0.021693565 -3.6745931 -0.98195792 -0.0098520272 -0.18884297 -38.341109
-0.18863834 0.019495358 0.98185306 127.76364 -0.0071612384 0.99974904 -0.021226545 -3.7017543 -0.98202056 -0.011035423 -0.18845139 -38.502275
-0.18862414 0.018652844 0.98187215 128.62967 -0.0094642788 0.99973864 -0.020810407 -3.7401045 -0.98200379 -0.013218056 -0.18839831 -38.655185
-0.18767205 0.018764588 0.98205245 129.4632 -0.0040842916 0.99979395 -0.019884099 -3.7818758 -0.9822233 -0.0077426775 -0.18755674 -38.818034
-0.18687546 0.021520738 0.98214782 130.32204 -0.0062543526 0.9997137 -0.023095669 -3.8172648 -0.98236374 -0.010458712 -0.18668736 -38.974826
-0.18709436 0.022656348 0.9820806 131.14443 -0.016154494 0.99952785 -0.026136413 -3.8494381 -0.98220915 -0.02075499 -0.18664002 -39.110698
-0.18662609 0.024006612 0.98213762 131.97815 -0.020472175 0.99938929 -0.028318425 -3.8876446 -0.98221773 -0.02539145 -0.18602065 -39.257408
-0.18676397 0.027265594 0.98202634 132.81208 -0.022036629 0.999247 -0.031934693 -3.9375038 -0.98215767 -0.0276048 -0.18602249 -39.40592
-0.18573347 0.02847817 0.98218735 133.63589 -0.016633395 0.99934557 -0.03212107 -3.9799576 -0.98245941 -0.022303067 -0.18513823 -39.560565
-0.18443841 0.029486766 0.98240161 134.46659 -0.019082084 0.99925401 -0.033575105 -4.0270178 -0.98265886 -0.024938808 -0.18373815 -39.702237
-0.18216859 0.028761901 0.98284652 135.28523 -0.013163113 0.99941118 -0.031686402 -4.0616357 -0.98317924 -0.018709586 -0.18168273 -39.860302
-0.1792181 0.025969637 0.98346651 136.11029 -0.0044680003 0.99961974 -0.027210389 -4.1095452 -0.98379926 -0.0092707222 -0.17903392 -40.01155
-0.17691851 0.021300933 0.98399493 136.91544 0.0025258187 0.99977231 -0.021188339 -4.1448703 -0.9842223 -0.0012632156 -0.17693203 -40.168676
-0.1729168 0.021207552 0.98470805 137.73834 0.0059051316 0.99977252 -0.020495039 -4.1773369 -0.98491877 0.002270895 -0.1730027 -40.307834
-0.16858098 0.025191524 0.9853658 138.5368 0.00080307209 0.99967654 -0.025419993 -4.2278789 -0.98568752 -0.0034940067 -0.16854668 -40.433192
-0.16159699 0.02897353 0.98643138 139.37322 0.004911075 0.99958015 -0.028555204 -4.2605106 -0.98684466 0.00023000445 -0.16167143 -40.565132
-0.15357489 0.02926746 0.98770344 140.16341 0.00016575079 0.99956202 -0.029593078 -4.3024369 -0.98813704 -0.0043810404 -0.15351248 -40.67864
-0.14366874 0.02570143 0.98929199 140.94493 0.0083614078 0.99965854 -0.024756472 -4.3293108 -0.98959055 0.0047151436 -0.14383459 -40.794988
-0.13183521 0.024222066 0.99097562 141.75053 0.017839054 0.99959749 -0.022059574 -4.3681219 -0.99111116 0.01476984 -0.13221425 -40.906406
-0.11825006 0.026492736 0.99263033 142.54795 0.016915198 0.99955272 -0.024662416 -4.4083451 -0.99283981 0.013874207 -0.1186453 -40.993173
-0.10399647 0.027607098 0.9941944 143.31784 0.015052712 0.99954388 -0.026181073 -4.4439288 -0.99446379 0.012242584 -0.1043646 -41.070145
-0.090081793 0.02749405 0.99555475 144.13705 0.016971503 0.9995161 -0.026067799 -4.4813433 -0.9957898 0.014547827 -0.090504819 -41.139385
-0.076286039 0.029161839 0.99665939 144.91809 0.022285452 0.99937238 -0.027535452 -4.5156562 -0.99683694 0.020110435 -0.076888046 -41.192691
-0.062735657 0.035052161 0.99741441 145.70092 0.01818032 0.99925737 -0.033973415 -4.5660576 -0.99786462 0.01600197 -0.063326328 -41.229854
-0.049723798 0.04401241 0.99779275 146.45709 0.0099278926 0.99900101 -0.04357096 -4.6121763 -0.99871371 0.0077394666 -0.050111076 -41.253915
-0.036649725 0.052712134 0.99793694 147.2128 0.0021798263 0.99860972 -0.052667614 -4.657613 -0.99932584 0.00024507648 -0.036713677 -41.252729
-0.023263434 0.053829308 0.99827909 147.9932 0.0015189715 0.99855012 -0.053808523 -4.7060725 -0.99972826 0.00026458729 -0.023311472 -41.263626
-0.01126602 0.049553696 0.99870788 148.75836 0.0011291966 0.9987713 -0.049544103 -4.757646 -0.99993594 0.00056957354 -0.011308135 -41.25909
-5.2345809e-05 0.046917775 0.99889871 149.53532 0.0026857335 0.99889516 -0.046917466 -4.8094683 -0.99999643 0.0026803207 -0.00017829815 -41.252819
0.0090539234 0.053032802 0.99855168 150.27148 -0.0016859686 0.99859205 -0.053019657 -4.8740859 -0.99995763 -0.00120349 0.009130586 -41.229443
0.01572327 0.061791007 0.99796521 151.0192 -0.0086216811 0.99805991 -0.061661031 -4.9226614 -0.99983925 -0.0076346241 0.016225506 -41.206431
0.018705768 0.065116178 0.99770231 151.78732 -0.015144769 0.99778091 -0.06483736 -4.9774962 -0.99971037 -0.013897138 0.019650426 -41.177811
0.018610751 0.060831517 0.99797449 152.54836 -0.0167567 0.99802619 -0.060522179 -5.0325706 -0.99968642 -0.015596395 0.019593351 -41.155194
0.017564251 0.055286167 0.99831601 153.29795 -0.010097566 0.99842897 -0.055114766 -5.1021772 -0.99979479 -0.0091125115 0.018094911 -41.146078
0.014388779 0.052846039 0.99849896 154.0401 -0.010594924 0.99855438 -0.052696293 -5.1510574 -0.99984038 -0.0098207848 0.014927876 -41.123299
0.011142699 0.052958217 0.99853452 154.80138 -0.010655283 0.99854615 -0.05283993 -5.2038695 -0.99988119 -0.010050888 0.011690782 -41.110496
0.007943452 0.053483388 0.9985371 155.545 -0.0087362858 0.99853425 -0.053413736 -5.2598517 -0.99993033 -0.0082992154 0.0083990535 -41.105429
0.0030614448 0.051432199 0.99867175 156.28473 -0.0075140197 0.99864947 -0.051408015 -5.3146112 -0.99996713 -0.0073466557 0.0034437712 -41.097233
-0.0023412183 0.051799574 0.99865471 157.02379 -0.010990636 0.99859584 -0.051822285 -5.3635657 -0.9999369 -0.011097177 -0.0017686222 -41.09523
-0.0082914314 0.049984627 0.99871553 157.76798 -0.011951311 0.99867361 -0.050081748 -5.4124457 -0.99989425 -0.012351209 -0.0076830534 -41.094096
-0.014259677 0.047065848 0.99878996 158.50491 -0.0086523523 0.99884836 -0.047192127 -5.464269 -0.99986093 -0.0093148264 -0.013836026 -41.10386
-0.018948492 0.047152841 0.99870791 159.24717 -0.0094833341 0.99883388 -0.047338715 -5.5145548 -0.99977553 -0.010368077 -0.018479231 -41.118837
-0.024693506 0.048275988 0.99852871 159.95946 -0.01052735 0.99876538 -0.048547769 -5.5604316 -0.99963968 -0.011710675 -0.024154802 -41.130211
-0.029005563 0.050534487 0.99830099 160.67046 -0.012681809 0.99862225 -0.050919217 -5.6149386 -0.99949884 -0.014137202 -0.028324734 -41.143389
-0.031451055 0.052566695 0.99812198 161.40556 -0.011312662 0.99853336 -0.052944824 -5.6677396 -0.99944131 -0.012956586 -0.03081026 -41.163192
-0.033331185 0.054420259 0.99796161 162.10764 -0.011556807 0.99842873 -0.054831718 -5.7237523 -0.99937758 -0.013360855 -0.03264989 -41.182927
-0.031917784 0.052609908 0.99810489 162.83703 -0.0052886106 0.99859086 -0.052804643 -5.7712251 -0.99947655 -0.0069639945 -0.031594576 -41.212002
-0.028449514 0.048638724 0.99841115 163.54092 -0.00028363131 0.99881504 -0.04866648 -5.8159744 -0.99959523 -0.0016677176 -0.028402009 -41.232315
-0.021201539 0.048146511 0.9986152 164.2497 0.00014928426 0.9988399 -0.048154173 -5.8701536 -0.99977525 -0.00087186421 -0.021184132 -41.24429
-0.010441577 0.049464718 0.99872125 164.93823 0.0018919293 0.99877493 -0.049447594 -5.9207944 -0.99994374 0.0013732 -0.010522371 -41.244727
0.003620409 0.049764454 0.99875438 165.62218 0.0030421277 0.9987558 -0.04977555 -5.9731798 -0.99998886 0.0032185471 0.0034645132 -41.234763
0.018954244 0.047776769 0.99867814 166.31834 0.0022627149 0.99885302 -0.047828078 -6.0149171 -0.99981783 0.0031662698 0.018824397 -41.212569
0.035057238 0.042617765 0.99847615 167.01726 -0.00073456621 0.99909116 -0.042618223 -6.0566104 -0.99938508 0.0007606312 0.035056681 -41.165768
0.051516703 0.036250696 0.99801394 167.68716 -0.0026759286 0.9993424 -0.036160819 -6.097572 -0.99866859 -0.00080772705 0.051579828 -41.121129
0.068208982 0.02888038 0.99725291 168.36384 -0.0028055154 0.99958252 -0.028755956 -6.1342226 -0.99766715 -0.00083639309 0.068261529 -41.06128
0.086031699 0.021055365 0.99606984 169.05857 -0.0029995777 0.9997776 -0.020874663 -6.1692368 -0.99628793 -0.0011919053 0.086075721 -40.989725
0.103548 0.015194682 0.99450835 169.70971 -0.0054347883 0.99987702 -0.014710838 -6.1994076 -0.99460965 -0.0038816638 0.10361784 -40.905042
0.12148208 0.012513739 0.9925147 170.36862 -0.0063555847 0.99990984 -0.011829065 -6.2318115 -0.99257332 -0.0048709911 0.12155065 -40.813795
0.13946851 0.011532322 0.99015931 171.01557 -0.0048482098 0.99992815 -0.010963205 -6.2494634 -0.99021468 -0.0032714774 0.1395144 -40.711528
0.15708646 0.010965757 0.98752393 171.64953 -0.0060563724 0.99993025 -0.010140126 -6.2702094 -0.98756633 -0.0043879354 0.15714192 -40.594015
0.17345542 0.010571749 0.98478494 172.28721 -0.011517359 0.99989578 -0.0087053511 -6.2863417 -0.98477442 -0.0098321308 0.1735591 -40.46056
0.18801529 0.0070792605 0.98214055 172.90193 -0.014337434 0.99988726 -0.0044625029 -6.3057309 -0.98206149 -0.013242356 0.18809559 -40.325934
0.20003548 0.0027080391 0.97978487 173.5369 -0.010076165 0.99994898 -0.00070659393 -6.3217424 -0.97973688 -0.0097311291 0.20005256 -40.186264
0.21104734 0.0010996311 0.97747518 174.16376 -0.0068901437 0.9999762 0.00036271205 -6.3408222 -0.9774516 -0.0068114932 0.2110499 -40.04533
0.22058179 0.0049371928 0.97535594 174.76414 -0.012332075 0.99992137 -0.0022725785 -6.3621135 -0.97529056 -0.011526873 0.22062533 -39.896186
0.22942783 0.011821088 0.97325385 175.37724 -0.015401694 0.99984514 -0.0085133795 -6.3799938 -0.97320385 -0.013036551 0.22957436 -39.74433
0.23886359 0.021854449 0.97080713 175.94751 -0.015679678 0.99970317 -0.018647017 -6.396855 -0.97092657 -0.010767849 0.23913536 -39.587628
0.2469665 0.028742262 0.96859762 176.53074 -0.011863389 0.99957478 -0.026636633 -6.4148736 -0.96895144 -0.0049124934 0.24720246 -39.434934
0.25340927 0.027433999 0.96697003 177.15295 -0.011977224 0.99961014 -0.02522122 -6.4310889 -0.96728505 -0.0051903246 0.25363906 -39.270857
0.2596865 0.019787568 0.96549018 177.74335 -0.012626544 0.99977416 -0.017094068 -6.4505806 -0.96561046 -0.0077517044 0.2598777 -39.093105
0.26388818 0.0089372182 0.96451183 178.35465 -0.017162329 0.99984228 -0.0045690186 -6.473329 -0.96440062 -0.015347559 0.26399994 -38.915987
0.26609179 -0.00043449624 0.96394756 178.95404 -0.01518346 0.99987395 0.0046419907 -6.4969923 -0.96382815 -0.015871254 0.26605165 -38.741738
0.26696963 -0.0015168349 0.96370371 179.57121 -0.011566082 0.9999217 0.0047779302 -6.5155774 -0.96363558 -0.012421838 0.26693118 -38.574067
0.26800745 0.0022139185 0.96341425 180.16472 -0.011925458 0.99992837 0.001019657 -6.516219 -0.96334307 -0.011762431 0.26801465 -38.408971
0.2696346 0.0013035975 0.96296179 180.76888 -0.0068869034 0.99997612 0.00057466608 -6.5304386 -0.96293813 -0.006786774 0.26963713 -38.239449
0.27162586 -0.00049576353 0.96240276 181.37771 -0.0085998607 0.99995869 0.0029423106 -6.5274306 -0.96236454 -0.0090757366 0.27161037 -38.059683
0.27397434 -0.0045079801 0.9617264 181.99556 -0.0091638335 0.99993138 0.0072976329 -6.5449347 -0.96169338 -0.010812464 0.27391423 -37.881689
0.27733943 -0.010248414 0.9607173 182.60363 -0.0070220316 0.99989478 0.012693455 -6.5540454 -0.96074638 -0.010266582 0.27723828 -37.700647
0.28158649 -0.013362468 0.95944276 183.22355 -0.0058614258 0.99986042 0.015645645 -6.5606092 -0.95951799 -0.010029304 0.28146887 -37.505009
0.28776539 -0.01459997 0.9575896 183.83384 -0.0054697147 0.99984243 0.016887886 -6.5575814 -0.95768536 -0.01009749 0.28764019 -37.320891
0.29559227 -0.017890086 0.95514663 184.46842 -0.0036064406 0.99979661 0.019842486 -6.5598448 -0.95530743 -0.0093099644 0.29546763 -37.123161
0.30477911 -0.020320902 0.95220622 185.07748 -0.00056995913 0.99976829 0.021518349 -6.5625041 -0.95242293 -0.0071010611 0.30469691 -36.921992
0.31584019 -0.018192155 0.94863794 185.70904 -0.002639432 0.99979545 0.020051984 -6.5666619 -0.94880877 -0.0088370873 0.31572757 -36.703493
0.32749096 -0.014849094 0.94473758 186.3111 -0.0027841467 0.99985699 0.016680562 -6.56749 -0.94485025 -0.0080930206 0.32740278 -36.47635
0.33869798 -0.011085823 0.9408298 186.93119 -0.004098902 0.99990371 0.013257494 -6.5669652 -0.94088626 -0.008346655 0.33861993 -36.247848
0.35070011 -0.010012825 0.93643425 187.54808 -0.004579463 0.99991255 0.012406603 -6.562252 -0.93647666 -0.0086393624 0.35062359 -36.000162
0.36212144 -0.013134892 0.93203834 188.17617 -0.0033907697 0.99987554 0.015408302 -6.5687893 -0.9321248 -0.0087400032 0.36203183 -35.742282
0.37283884 -0.01528335 0.9277702 188.78385 -0.0029219489 0.99984005 0.017644802 -6.5693712 -0.92789155 -0.0092895641 0.37273455 -35.485558
0.384568 -0.014937253 0.92297576 189.42858 -0.0069560821 0.99979379 0.019078788 -6.5762827 -0.92307049 -0.013757386 0.38438479 -35.201433
0.39386363 -0.017079265 0.91901016 190.03576 -0.0079689469 0.99972633 0.021994609 -6.56553 -0.91913438 -0.015986419 0.39361973 -34.928666
0.40067535 -0.015657164 0.91608627 190.67867 -0.012959471 0.9996571 0.022753682 -6.565468 -0.91612848 -0.020988832 0.40033505 -34.63556
0.40540069 -0.01767776 0.91396811 191.32743 -0.013709434 0.99958299 0.025414674 -6.5578627 -0.91403633 -0.022833112 0.40498928 -34.342832
0.40744464 -0.023053937 0.91293883 191.95882 -0.0078077436 0.99955683 0.028725849 -6.5495047 -0.91319657 -0.018832185 0.40708407 -34.048346
0.40809624 -0.020931945 0.91269888 192.6097 -0.0061583174 0.99965125 0.025679698 -6.5488107 -0.91291818 -0.016100477 0.40782502 -33.759207
0.40638984 -0.021219938 0.91345331 193.28257 -0.0029999995 0.9996939 0.024558028 -6.5409699 -0.9136949 -0.012720492 0.40620178 -33.470445
0.4054244 -0.019967909 0.91391043 193.94304 -0.00053583341 0.99975604 0.022081242 -6.5398814 -0.91412846 -0.0094419776 0.40531479 -33.171198
0.40533712 -0.02102966 0.91392532 194.62232 0.0021858945 0.99975481 0.022035147 -6.5317726 -0.91416471 -0.0069339183 0.40528371 -32.880654
0.40459039 -0.027612681 0.91408101 195.30852 0.0057559145 0.99960114 0.027648403 -6.5262349 -0.91447994 -0.0059249051 0.40458794 -32.578502
0.40396963 -0.0305073 0.91426351 195.98484 0.0065114903 0.99951432 0.030474845 -6.521809 -0.91474926 -0.0063576933 0.40397208 -32.27623
0.4020244 -0.033076118 0.9150313 196.68347 0.0077948909 0.99943474 0.032702362 -6.508685 -0.91559581 -0.0060145779 0.40205498 -31.978373
0.40020296 -0.033184198 0.91582549 197.35956 0.0068389635 0.9994245 0.033224809 -6.4997294 -0.91640105 -0.0070333694 0.40019959 -31.672103
0.39892918 -0.033346434 0.91637517 198.04295 0.0052725169 0.99940545 0.034072559 -6.4869524 -0.91696662 -0.0087609338 0.39886782 -31.361408
0.39677859 -0.032553302 0.91733689 198.73405 0.0048542818 0.99943138 0.033366931 -6.4810382 -0.91790155 -0.0087862715 0.39671099 -31.05624
0.39613499 -0.029503096 0.91771813 199.42565 0.0056474881 0.99954303 0.029695879 -6.4775483 -0.91817495 -0.0065807739 0.39612058 -30.749589
0.39531346 -0.023233004 0.91825237 200.10701 0.0043334124 0.99971612 0.023428583 -6.4783546 -0.9185361 -0.0052824675 0.39530192 -30.464059
0.39359726 -0.020206423 0.91906084 200.79541 0.0031388963 0.99978211 0.020636893 -6.4605809 -0.91927766 -0.005237787 0.39357493 -30.16701
0.3928348 -0.023181053 0.91931681 201.48653 0.002474037 0.99970526 0.024150906 -6.4569337 -0.91960577 -0.0072128916 0.39277636 -29.867719
0.39131492 -0.025655634 0.9198991 202.17902 -4.7944468e-05 0.99961074 0.027899157 -6.4570056 -0.92025687 -0.01096146 0.39116137 -29.556463
0.38869756 -0.025777736 0.92100469 202.85752 -0.0029937291 0.99956793 0.029240083 -6.455064 -0.92136058 -0.014122787 0.38845244 -29.263007
0.38449877 -0.025593992 0.92277059 203.55396 -0.0060437128 0.99952436 0.030241122 -6.4499533 -0.92310576 -0.017204634 0.38416121 -28.971139
0.37764668 -0.026672742 0.92556549 204.23247 -0.0061678187 0.99949039 0.031319669 -6.4425608 -0.92592927 -0.017536489 0.37728971 -28.697891
