7.776681738945594446e-01 -6.283116396015766547e-01 2.137042003985678562e-02 -6.595602738680466359e+01 6.273489998304485615e-01 7.777860880255513809e-01 3.849719062017380872e-02 2.571185685232905982e+01 -4.080984836087898221e-02 -1.653132829170052276e-02 9.990301654413018539e-01 -8.933538451143548942e-01 -4.809208017785018303e-24 -1.416202385148814181e-23 -3.430527606006730092e-24 9.999999999999997780e-01
7.495843692451730211e-01 -6.613262408632646361e-01 2.776466331471159205e-02 -6.556280800235738582e+01 6.605797809893433348e-01 7.500776900076623344e-01 3.190316443304093419e-02 2.609412021802383563e+01 -4.192405432908492130e-02 -5.573338176790973951e-03 9.991052555012311931e-01 -9.034178654600787395e-01 -4.809208017785018303e-24 -1.416202385148814181e-23 -3.430527606006730092e-24 9.999999999999997780e-01
7.210342592688020469e-01 -6.928059169501160630e-01 1.138237231862100629e-02 -6.520338816311166852e+01 6.924640627965548134e-01 7.210662289096760880e-01 2.360117076055023161e-02 2.648854075622348958e+01 -2.455847503369312096e-02 -9.135368897194604682e-03 9.996566542264070376e-01 -9.132367003373799141e-01 4.715948201364826627e-19 -1.894234218658610342e-19 6.630992170993366561e-20 1.000000000000000000e+00
6.909312443820676553e-01 -7.227796791935509058e-01 -1.426712590248842803e-02 -6.486873665987138793e+01 7.229159652132929326e-01 6.908620885750932361e-01 1.010355429507693581e-02 2.689933471719719549e+01 2.553972666846796372e-03 -1.729479443439646200e-02 9.998471719763445398e-01 -9.170221774865700004e-01 -1.869343642353251863e-18 -1.047537836181590260e-18 1.012581529922109987e-19 1.000000000000000222e+00
6.563034111204075760e-01 -7.539526327500593039e-01 -2.865763634663227866e-02 -6.453140682581521048e+01 7.540050492013388173e-01 6.567736318118820860e-01 -1.117060139460587104e-02 2.732053992277198518e+01 2.724368423338670298e-02 -1.427669870399067738e-02 9.995268668442655047e-01 -9.347568825225845979e-01 -1.448368142091589691e-18 -3.339247789900920188e-18 1.181442230624658519e-19 1.000000000000000000e+00
6.189267071471081794e-01 -7.849514414470868395e-01 -2.794576444087118125e-02 -6.419363230413667054e+01 7.842353343044515812e-01 6.195562102867739895e-01 -3.354165654043812783e-02 2.776643346173802485e+01 4.364254356049333122e-02 -1.156228883848002846e-03 9.990465412213528351e-01 -9.464336890050206730e-01 -2.054116468360043786e-19 -4.191758701085898435e-18 1.262577154524602704e-19 9.999999999999998890e-01
5.860620099425417617e-01 -8.099658997870333721e-01 -2.205814326497711197e-02 -6.386816959196752208e+01 8.090088602027848408e-01 5.864517131460702526e-01 -3.973729056480499594e-02 2.825642554379086491e+01 4.512188621398870170e-02 5.443283037090854842e-03 9.989666591304647847e-01 -9.625486446465697510e-01 -1.283111313993498293e-18 -5.204616858458628428e-18 2.223570128137194185e-19 9.999999999999997780e-01
5.573149341587525507e-01 -8.301516278550599148e-01 -1.575877321467221426e-02 -6.356606867180125420e+01 8.298101579898715663e-01 5.575376559505275109e-01 -2.380890367106542824e-02 2.876231063830875456e+01 2.855110961874408187e-02 1.922674908377087555e-04 9.995923154830501645e-01 -9.325887726286922197e-01 -4.921858284724624889e-19 -4.795199725831206453e-18 2.692109562658825819e-19 9.999999999999995559e-01
5.285847128142050488e-01 -8.488429756157438444e-01 -7.987748553200817864e-03 -6.328401073337701632e+01 8.488013730039259963e-01 5.286405288525731772e-01 -8.684494293001681145e-03 2.927930717577800124e+01 1.159441959689558321e-02 -2.189521017364380595e-03 9.999303852928680403e-01 -8.852439355901615681e-01 -1.285927943841496978e-19 -8.054886566458102947e-18 3.312161742473164925e-19 9.999999999999992228e-01
4.987246731929864119e-01 -8.667370145163538764e-01 -6.375579647800638794e-03 -6.301067606208437866e+01 8.667214185936490400e-01 4.987585329421089786e-01 -5.823089253299065793e-03 2.979561390492039408e+01 8.226961746460004568e-03 -2.621733151873629347e-03 9.999627211130035498e-01 -8.775807546350691268e-01 1.036293980045340533e-19 -9.699385220967797909e-18 4.289457456620959564e-19 9.999999999999991118e-01
4.711972746024954417e-01 -8.820169784582186923e-01 -4.379282890783993409e-03 -6.274750583404635051e+01 8.818951573961727464e-01 4.712066999975156878e-01 -1.500590679150473963e-02 3.031778973523255161e+01 1.529901200659122482e-02 3.208674008845399141e-03 9.998778148567698532e-01 -8.703688306556884857e-01 1.138872963030485838e-19 -9.266658923418007465e-18 5.278875559450883866e-19 9.999999999999991118e-01
4.457635403142896635e-01 -8.951345078501496966e-01 -5.392493149599727510e-03 -6.250262975445969715e+01 8.948812211388784688e-01 4.457690543022048146e-01 -2.185292382069349212e-02 3.085624096176832154e+01 2.196511278095216943e-02 4.915595833833454574e-03 9.997466532767900205e-01 -8.662948346305804348e-01 8.322552422505847223e-19 -8.872162959054750202e-18 6.192022708785169613e-19 9.999999999999991118e-01
4.225564775865650602e-01 -9.063176625116194929e-01 -5.858145537669632273e-03 -6.226222624532336170e+01 9.060735024609933852e-01 4.225807200859936774e-01 -2.136218972103184552e-02 3.140892746773583966e+01 2.183646921377314573e-02 3.718821196812095459e-03 9.997546393896894479e-01 -8.614225391471977966e-01 1.655449450327763771e-18 -7.306488653960775522e-18 7.042157944946317121e-19 9.999999999999992228e-01
4.031509155622870488e-01 -9.151186213623400123e-01 -5.219972913276933919e-03 -6.203106334475780415e+01 9.150085335488493676e-01 4.031835672673178550e-01 -1.422654625659367476e-02 3.198741089775064950e+01 1.512358469729641400e-02 9.591253880924536981e-04 9.998851720394806852e-01 -8.555703388742893489e-01 1.746017387500384644e-18 -4.074990131579355606e-18 8.210364753951145351e-19 9.999999999999994449e-01
3.859244017362676304e-01 -9.225274168521346851e-01 -2.349744809804049303e-03 -6.180294087230361555e+01 9.225125453993464619e-01 3.859315276426197316e-01 -5.240186280972228099e-03 3.257343308897709022e+01 5.741056117628690232e-03 -1.453533100603816961e-04 9.999835094375805200e-01 -8.502792123277006509e-01 1.680368207330409470e-18 2.635681980276466014e-18 9.423396700350653774e-19 9.999999999999998890e-01
3.696120631604845053e-01 -9.291853730705535996e-01 1.210470169006840806e-03 -6.157735267695539960e+01 9.291845610871036776e-01 3.696135307835278772e-01 1.374517772751942526e-03 3.315937630199043440e+01 -1.724587962539671313e-03 6.167118428603461178e-04 9.999983227300410782e-01 -8.477392262347809293e-01 2.379986675640698772e-18 9.739595698052176956e-18 1.063530187023457485e-18 1.000000000000000222e+00
3.554537111014444695e-01 -9.346924017662834316e-01 1.665336192814683390e-03 -6.136434571224183543e+01 9.346873507790114388e-01 3.554573241413082063e-01 3.105963300001781443e-03 3.375663609270007726e+01 -3.495076243568229560e-03 4.525424926881942839e-04 9.999937898044062301e-01 -8.474556035542171184e-01 2.832643292730674242e-18 1.954526761839446948e-17 1.180439174991292941e-18 1.000000000000000666e+00
3.424749896612223066e-01 -9.395269296192344521e-01 1.731382443340038027e-04 -6.116038983654670602e+01 9.395246436346256225e-01 3.424745526817174479e-01 2.150527538665565012e-03 3.435534228401048296e+01 -2.079773978242321388e-03 -5.738342492629569091e-04 9.999976726245370928e-01 -8.515826218843620676e-01 3.683986076229653521e-18 2.723881025763290434e-17 1.302398260882331937e-18 1.000000000000000888e+00
3.303157983558383526e-01 -9.438598373937514552e-01 -4.481150705286205023e-03 -6.096318873870212940e+01 9.438704177125856187e-01 3.303104032353998409e-01 1.916267607648943459e-03 3.497174284764022900e+01 -3.285173361343447633e-04 -4.862599052715297840e-03 9.999881235329003415e-01 -8.568762043496330749e-01 3.789909444279014241e-18 3.684084946513347751e-17 1.430612248021218983e-18 1.000000000000001332e+00
3.198727832155963680e-01 -9.474302353082488803e-01 -7.573095914245098204e-03 -6.076659888674338816e+01 9.474604597465874356e-01 3.198649334761718421e-01 2.258660903622031375e-03 3.559955848737775597e+01 2.824441894212646655e-04 -7.897693086197180370e-03 9.999687728470506576e-01 -8.626665475550299167e-01 2.899642490391122218e-18 4.755411472258236002e-17 1.605551681052202967e-18 1.000000000000001776e+00
3.117517943411176606e-01 -9.501162277702150938e-01 -9.485381007488165664e-03 -6.057200664954960700e+01 9.501634622257475460e-01 3.117410805226581427e-01 2.625598170988445446e-03 3.622897905855584355e+01 4.623594945866355043e-04 -9.831197399629291317e-03 9.999515657177748817e-01 -8.651233899431963748e-01 2.365830375587210802e-18 6.121660959812604649e-17 1.841421658076025364e-18 1.000000000000002442e+00
3.057675851076535611e-01 -9.520398760911611413e-01 -1.123646874388440318e-02 -6.037473089785105174e+01 9.521044026849126984e-01 3.057685422007317411e-01 1.674809976076586937e-03 3.686772521511162637e+01 1.841272785204754433e-03 -1.121039396358232063e-02 9.999354663085792128e-01 -8.645799781122738281e-01 1.780270128383435420e-18 7.603340717738251651e-17 2.124723544124954796e-18 1.000000000000003331e+00
3.011424946791793067e-01 -9.534918184765902582e-01 -1.290542508722989506e-02 -6.017594469281566916e+01 9.535766197070183470e-01 3.011453008873715698e-01 1.771468770114223261e-03 3.751936795540604663e+01 2.197327141986218143e-03 -1.283977615524059708e-02 9.999151523513184481e-01 -8.651671454152158880e-01 2.024508343788896864e-18 8.901282390255673831e-17 2.439241745354786901e-18 1.000000000000004219e+00
2.977877540936350598e-01 -9.545448852093627590e-01 -1.290409363704219693e-02 -5.997431233460736877e+01 9.546285269047758426e-01 2.977964346052882072e-01 1.288082299258260389e-03 3.817360807584719140e+01 2.613260706442179556e-03 -1.270219103475395996e-02 9.999159090700803221e-01 -8.693320867778022709e-01 1.660590398951920706e-18 1.026012090568044957e-16 2.731388481061651960e-18 1.000000000000005107e+00
2.955956870219092480e-01 -9.552387797413659509e-01 -1.191903907015429490e-02 -5.977278031184142293e+01 9.553043281571239609e-01 2.956235330354314295e-01 -6.060692452278127612e-04 3.883138817602529258e+01 4.102489286560697876e-03 -1.120715815626550059e-02 9.999287820578848240e-01 -8.734152304447203585e-01 1.330317042830336511e-18 1.174421126865205459e-16 2.995759834078409096e-18 1.000000000000005995e+00
2.947267206559260333e-01 -9.555170514311953633e-01 -1.110515896897656604e-02 -5.956785395378933146e+01 9.555677833568942958e-01 2.947650155784218295e-01 -1.948589607745841636e-03 3.950022975233518707e+01 5.135322952938481053e-03 -1.003743071481490515e-02 9.999364372013189728e-01 -8.711089736532191541e-01 2.051299298674281705e-18 1.333562241183142766e-16 3.241478171296574953e-18 1.000000000000006661e+00
2.943736884218142724e-01 -9.556286175912857006e-01 -1.086631518024125907e-02 -5.936089636957100879e+01 9.556792378838812052e-01 2.944061646087394180e-01 -1.484761957816904373e-03 4.017917738433796160e+01 4.617991192850146552e-03 -9.947636956107185763e-03 9.999398575296352121e-01 -8.702043914608365016e-01 2.784793771543752006e-18 1.499105148127063861e-16 3.467900989662246838e-18 1.000000000000007105e+00
2.934174222358534867e-01 -9.559048367723388395e-01 -1.233528936871609860e-02 -5.915354671116462271e+01 9.559793164691131606e-01 2.934336011595952698e-01 5.178742841564898782e-04 4.086947283000618825e+01 3.124549847748289873e-03 -1.194423483665234438e-02 9.999237833167451406e-01 -8.712026287052756501e-01 3.200484804555511857e-18 1.674924011986625076e-16 3.703581715817755768e-18 1.000000000000007327e+00
2.928723791386643183e-01 -9.560916099088381248e-01 -1.070527905677289351e-02 -5.894703376358814495e+01 9.561512892436972999e-01 2.928458185460910412e-01 4.004826800406146269e-03 4.156451597528054265e+01 -6.939850948553492058e-04 -1.140876952491892693e-02 9.999346770477935964e-01 -8.723906547314448368e-01 3.114502136026666334e-18 1.845609752452957880e-16 3.961216439016653775e-18 1.000000000000007327e+00
2.922998270874277993e-01 -9.563038057136007408e-01 -6.621348989920498862e-03 -5.872822043279092696e+01 9.563226630612919887e-01 2.922713905535528345e-01 4.939471557523954053e-03 4.226715081359833448e+01 -2.788404572043383985e-03 -7.775952781265161977e-03 9.999658790970562539e-01 -8.779276985409842915e-01 1.667544764092243277e-18 2.008532974220674428e-16 4.239878875739927818e-18 1.000000000000007327e+00
2.917892249180527031e-01 -9.564802344925701361e-01 -2.146915663639570055e-03 -5.850659716473569461e+01 9.564820029371525756e-01 2.917856956172887872e-01 1.812702536311426929e-03 4.296948148769721598e+01 -1.107374866643147599e-03 -2.582413262171199663e-03 9.999960524235649295e-01 -8.846957966836362930e-01 1.395146360326292265e-18 2.139666771118217982e-16 4.433287106715029730e-18 1.000000000000007105e+00
2.915504107638271503e-01 -9.565554633210859858e-01 5.978408195521952277e-05 -5.828454753064958993e+01 9.565511295678505999e-01 2.915489005574454784e-01 -3.029043781752137343e-03 4.367944848373570466e+01 2.880018394715515295e-03 9.403054899168823482e-04 9.999954106493186279e-01 -8.845352089909349624e-01 5.267532377717899378e-19 2.253191113137698819e-16 4.577108360656057079e-18 1.000000000000007105e+00
2.912517135010302960e-01 -9.566396617624071119e-01 -3.605124954123241268e-03 -5.807011624560981744e+01 9.566250275814034421e-01 2.912683443972812758e-01 -5.595369242881379282e-03 4.440405508984564875e+01 6.402810916685657168e-03 -1.819091879011437533e-03 9.999778472132128115e-01 -8.846135465275853926e-01 -2.262217032343503737e-19 2.350763299117883271e-16 4.680033727967728740e-18 1.000000000000006883e+00
2.909258819596566847e-01 -9.566957901800948738e-01 -9.761980219052742921e-03 -5.785088247202779144e+01 9.566967050074957069e-01 2.909990196403422491e-01 -7.140391878549021132e-03 4.514303664075860212e+01 9.671909523944321324e-03 -7.261929505110659329e-03 9.999268565980702350e-01 -8.857901728772548111e-01 -8.595515066614692018e-19 2.460668988961069390e-16 4.814712291383389706e-18 1.000000000000006661e+00
2.903457640826191954e-01 -9.568826865753705668e-01 -8.652248938966114467e-03 -5.762511462087469738e+01 9.568707207211091248e-01 2.904118210310115966e-01 -7.707011881145778461e-03 4.588293670683425773e+01 9.887421604685833060e-03 -6.041385424660814137e-03 9.999328680247684398e-01 -8.859676476581554994e-01 -2.301768372221479537e-18 2.559932314093502031e-16 5.009471362836805721e-18 1.000000000000006439e+00
2.897492830487943261e-01 -9.570947651363546083e-01 -3.868271115013224154e-03 -5.739067561681012819e+01 9.570656480474153405e-01 2.897712415221020965e-01 -7.613994637538361310e-03 4.662645663678571850e+01 8.408228132913982134e-03 -1.496039914148049798e-03 9.999635311171706231e-01 -8.872584691862062112e-01 -4.535053200715307070e-18 2.674953714045645279e-16 5.191738152916731980e-18 1.000000000000006217e+00
2.900590303420173544e-01 -9.570002030520269320e-01 -4.046019717416403719e-03 -5.716130856844615948e+01 9.569965414427035189e-01 2.900740962115964106e-01 -3.826012774429816011e-03 4.738801548948563180e+01 4.835140514801879869e-03 -2.762257320747722820e-03 9.999844955551960846e-01 -8.836456889829790162e-01 -7.408247147446138710e-18 2.799047733621674329e-16 5.337042915144649072e-18 1.000000000000006217e+00
2.912771223879381810e-01 -9.566212876980448865e-01 -5.774936923016201276e-03 -5.693159851173109587e+01 9.566386943525978515e-01 2.912704477509471812e-01 1.983616480396082835e-03 4.815855443860041873e+01 -2.155012884650815697e-04 -6.102310218331882634e-03 9.999813575108693620e-01 -8.812460693356773955e-01 -9.629839619311533538e-18 2.934132414307266304e-16 5.489270565558626317e-18 1.000000000000005995e+00
2.910691193368188934e-01 -9.566696882644939448e-01 -7.866086990092373971e-03 -5.669616339289127183e+01 9.566902472089344744e-01 2.910148960910040050e-01 7.355348290447139697e-03 4.894391986160214003e+01 -4.747490268023229522e-03 -9.666323456431837741e-03 9.999420100821253543e-01 -8.883825772695596035e-01 -1.252630741499580275e-17 3.083349950081639816e-16 5.680623269017370526e-18 1.000000000000005995e+00
2.908410183748035838e-01 -9.567648264700309158e-01 -3.545258892166754452e-03 -5.645065662541372120e+01 9.567401754510725942e-01 2.907995979987687551e-01 9.155898734265029842e-03 4.972775875614926377e+01 -7.729082003011006341e-03 -6.054802526518403283e-03 9.999517991672642880e-01 -9.043445779260266271e-01 -1.523101038793359123e-17 3.241004120579042596e-16 5.941140294401333327e-18 1.000000000000005995e+00
2.902576141847409419e-01 -9.569450972858060123e-01 2.568693943882528492e-03 -5.620575680127262075e+01 9.569142063847680957e-01 2.902688926402631209e-01 7.692306834421616321e-03 5.050912265277530366e+01 -8.106727258628616123e-03 2.252690974224146731e-04 9.999671145728161736e-01 -9.141936298502338909e-01 -1.828641186001524139e-17 3.411185631105995134e-16 6.160977536188723629e-18 1.000000000000006217e+00
2.894068859402605387e-01 -9.572052069787100326e-01 1.358713856248950757e-03 -5.596673064375137585e+01 9.571866373508437498e-01 2.894097567246394775e-01 5.977791364930025962e-03 5.130258461219101207e+01 -6.115198067326695075e-03 -4.294712365370342714e-04 9.999812097770397479e-01 -9.167115920210263669e-01 -2.061959317650991362e-17 3.563057962231698872e-16 6.281698681330176363e-18 1.000000000000005995e+00
2.900029186249987734e-01 -9.570021857064504589e-01 -6.717420799446516787e-03 -5.573834656004360966e+01 9.570209280950027209e-01 2.899720035858923683e-01 5.213475290002378415e-03 5.211019261426702798e+01 -3.041443279501069002e-03 -7.940635338167590859e-03 9.999638473131435834e-01 -9.264739299476671963e-01 -2.338236954398948943e-17 3.699203011841681758e-16 6.413483381487414157e-18 1.000000000000005773e+00
2.893862168084764819e-01 -9.571712604935385116e-01 -8.876688945022593799e-03 -5.549383555218086883e+01 9.572113457285441607e-01 2.893873436781518871e-01 1.185296373223800786e-03 5.290897361872181648e+01 1.434269810853104881e-03 -8.839875803919426331e-03 9.999598989289442130e-01 -9.353334295451787295e-01 -2.618652463312886860e-17 3.842678605201922073e-16 6.659659557880350699e-18 1.000000000000005551e+00
2.885177463084376281e-01 -9.574409981193198194e-01 -8.015309446307539512e-03 -5.524550390647814169e+01 9.574579833273139107e-01 2.885518871695429977e-01 -3.466781465684979236e-03 5.370958921051477830e+01 5.632071373759717399e-03 -6.674094042779465941e-03 9.999618673933797774e-01 -9.384671704612310705e-01 -2.889827691288616747e-17 3.997817297229761045e-16 6.904151660624250259e-18 1.000000000000005107e+00
2.886456417366982663e-01 -9.573852156459051743e-01 -9.861154556843779867e-03 -5.500181763746410013e+01 9.574096960286599955e-01 2.886987473983703700e-01 -4.439279329519307642e-03 5.452355571549355062e+01 7.097003366679889742e-03 -8.159786355838402616e-03 9.999415235052242501e-01 -9.345860894964782561e-01 -3.192317571904309552e-17 4.147700188897169096e-16 7.096806324490520088e-18 1.000000000000004219e+00
2.889760423545763013e-01 -9.572101732369654448e-01 -1.554127397888587642e-02 -5.476599622817398227e+01 9.573214457134159305e-01 2.890239915310003904e-01 -8.842492352719133171e-04 5.535375815198464977e+01 5.338213402547625080e-03 -1.462246802922721051e-02 9.998788361129135049e-01 -9.336019874513437067e-01 -3.386274221821798731e-17 4.264701995653763636e-16 7.290385352682858583e-18 1.000000000000003109e+00
2.890380065994945236e-01 -9.572353344730775149e-01 -1.255170017765952495e-02 -5.451976727392648314e+01 9.573175996001044297e-01 2.890102741591333291e-01 4.009354861443031187e-03 5.618106485111540849e+01 -2.103258322913769882e-04 -1.317481942187401570e-02 9.999131861798600251e-01 -9.337265575770155035e-01 -3.727978597872198248e-17 4.405926111941558459e-16 7.585823930367720084e-18 1.000000000000001776e+00
2.879845604740718934e-01 -9.576151618602422033e-01 -6.172090738474252103e-03 -5.426253118635136730e+01 9.576195160436848930e-01 2.879371944209341283e-01 7.552122967044705253e-03 5.700683333987715429e+01 -5.454852966512009800e-03 -8.085409359260976869e-03 9.999524342361112428e-01 -9.401713442653472086e-01 -4.049072877329767333e-17 4.556809360256990078e-16 7.844553093632375723e-18 1.000000000000000888e+00
2.877248915073232771e-01 -9.576669034899287780e-01 -9.406846828747221848e-03 -5.401375107470671821e+01 9.576815697746502432e-01 2.876218344358008050e-01 1.094035053356615453e-02 5.784777871567886365e+01 -7.771597077417772594e-03 -1.215657500790110097e-02 9.998959045636020004e-01 -9.517067262073178879e-01 -4.390163824375905568e-17 4.706244217104076588e-16 8.003802414753669182e-18 9.999999999999998890e-01
2.881141787564589496e-01 -9.575401689173466124e-01 -1.034625098205959812e-02 -5.376838026394216996e+01 9.575685758577326956e-01 2.880072292782716037e-01 1.068917271346737051e-02 5.867805765004091967e+01 -7.255517166863086238e-03 -1.298694703627819615e-02 9.998893422161484468e-01 -9.648975089771932856e-01 -4.711869574375261494e-17 4.830033254480841883e-16 8.189267032978129028e-18 9.999999999999985567e-01
2.863716586036630929e-01 -9.580994711710926204e-01 -6.056111823368123120e-03 -5.351278291067280435e+01 9.581156166911762861e-01 2.863492396987534216e-01 4.310217684199836412e-03 5.950537970434122315e+01 -2.395454267695702830e-03 -7.036779501558811795e-03 9.999723723849701651e-01 -9.635041567016829900e-01 -5.024126994901184302e-17 4.980337920630318368e-16 8.396409215055150526e-18 9.999999999999971134e-01
2.858181953452928470e-01 -9.582693538185844684e-01 -5.273020181527013697e-03 -5.326045430304611017e+01 9.582812281673106503e-01 2.858259827505161832e-01 -7.715743031259497111e-04 6.034529071926590404e+01 2.246542184344150431e-03 -4.832506280805269096e-03 9.999857998648740143e-01 -9.654096816667593339e-01 -5.505989468035987381e-17 5.142723767329013399e-16 8.538060802372690762e-18 9.999999999999955591e-01
2.858064207441637916e-01 -9.582550742681064104e-01 -7.867814245589254546e-03 -5.301253552953586734e+01 9.582800972762951508e-01 2.858266119325023058e-01 -1.550185593802848837e-03 6.119288160830370060e+01 3.734303900466790990e-03 -7.096516804555592049e-03 9.999678466949618594e-01 -9.729841352059017678e-01 -5.993103320446553937e-17 5.332570131741327784e-16 8.650448030426757505e-18 9.999999999999942268e-01
2.851033106465111766e-01 -9.584763874946516937e-01 -6.254348389241582394e-03 -5.275747282661858861e+01 9.584965725644218892e-01 2.851016012197488680e-01 1.182101622884788091e-03 6.203960229307377006e+01 6.501082472224066532e-04 -6.331792580910921946e-03 9.999797426758809671e-01 -9.769675832271054183e-01 -6.428733169668478898e-17 5.526348115785457662e-16 8.816085975849184709e-18 9.999999999999927836e-01
2.844737959475642786e-01 -9.586817121319421986e-01 -2.008542538614562119e-03 -5.250045305163732223e+01 9.586772291113508926e-01 2.844634504434790934e-01 4.302992590074069743e-03 6.288764359457949382e+01 -3.553843362628007589e-03 -3.149632631497505629e-03 9.999887249423293767e-01 -9.793881232088359479e-01 -6.802714666558936767e-17 5.685693236317824987e-16 8.927114990665143564e-18 9.999999999999908962e-01
2.836833196442828942e-01 -9.589180225008642200e-01 1.669777348537846860e-05 -5.225189782291477059e+01 9.588975459634213605e-01 2.836773756396918644e-01 6.530152797998372248e-03 6.374150044716484587e+01 -6.266617988227235654e-03 -1.836483969495617766e-03 9.999786781855737328e-01 -9.763174349201364510e-01 -7.166705438667743586e-17 5.817773951819307846e-16 8.958837295928361247e-18 9.999999999999890088e-01
2.834256201199971126e-01 -9.589782378830966625e-01 -5.536887791523828137e-03 -5.201242275045767371e+01 9.589871064238640885e-01 2.833965517893249353e-01 5.488546872058892509e-03 6.459365590617377961e+01 -3.694262100123858663e-03 -6.865398802550813119e-03 9.999696089016740785e-01 -9.779264968218486231e-01 -7.539930573541638442e-17 5.929408633476436343e-16 8.965191254617956981e-18 9.999999999999868994e-01
2.835069099568923168e-01 -9.589605259207673038e-01 -4.306011223345687644e-03 -5.175937695919491688e+01 9.589698158767906433e-01 2.835079250386239869e-01 3.855873347050494900e-04 6.544466824892627699e+01 8.510252738661780447e-04 -4.238651463789027546e-03 9.999906547512845689e-01 -9.854451480838083421e-01 -8.096425368416670914e-17 6.055782525702356295e-16 9.051516606360438346e-18 9.999999999999846789e-01
2.830012391428161633e-01 -9.591149870983478598e-01 -2.956377372449062093e-03 -5.150688033561213075e+01 9.591100151206561897e-01 2.830108228482845489e-01 -3.585114511184366026e-03 6.629961105151207335e+01 4.275223850987072347e-03 -1.820899297251111267e-03 9.999892033351783782e-01 -9.937306019997569351e-01 -8.667792138394468910e-17 6.177029738151324150e-16 9.144620787061004390e-18 9.999999999999824585e-01
2.835924834809927519e-01 -9.589317303262645531e-01 -5.023931405515242622e-03 -5.125802826336830975e+01 9.589431424109706725e-01 2.835980784112873132e-01 -4.237268777920803167e-04 6.715486817997137337e+01 1.831102440801542653e-03 -4.697498811663661233e-03 9.999872902036890387e-01 -9.972457046058333940e-01 -9.209607738065999949e-17 6.291381103314366046e-16 9.229389673669408562e-18 9.999999999999801270e-01
2.838862461073941024e-01 -9.588454733175071354e-01 -4.894647054991704133e-03 -5.100896419389280112e+01 9.588491679275793489e-01 2.838580749250906310e-01 5.732928089653692438e-03 6.801618586190321025e+01 -4.107607057129912011e-03 -6.320727690544782756e-03 9.999715875793058206e-01 -9.894707145110560598e-01 -9.788209990401648731e-17 6.410353008398599914e-16 9.335381910627358015e-18 9.999999999999777955e-01
2.831011541390455744e-01 -9.590828298596262291e-01 -3.723169860840352691e-03 -5.075634630263132152e+01 9.590575748236674913e-01 2.830574844274342250e-01 9.328916498211835967e-03 6.887775071811630312e+01 -7.893332539701099215e-03 -6.211761284895382131e-03 9.999495533892238663e-01 -9.857184220844782407e-01 -1.042812616017624060e-16 6.552936842118119651e-16 9.432865938344954829e-18 9.999999999999755751e-01
2.832900280840290330e-01 -9.590256982581933931e-01 -4.058333249238232389e-03 -5.050905935584484752e+01 9.589933329150073238e-01 2.832362886370896060e-01 1.043993408633111727e-02 6.972474251151072622e+01 -8.862697829323255144e-03 -6.849443749269151262e-03 9.999372668861093993e-01 -9.909868257079841314e-01 -1.110282432436926502e-16 6.692342449205531823e-16 9.496456871772654816e-18 9.999999999999733546e-01
2.835492029483197562e-01 -9.589459364681593989e-01 -4.747677201612400012e-03 -5.025529922137291550e+01 9.589038417405592041e-01 2.834773407944717327e-01 1.200081461264619100e-02 7.058977725086208466e+01 -1.016227349901723323e-02 -7.955387326106268253e-03 9.999167165369190480e-01 -1.009259770186116345e+00 -1.180036040325963651e-16 6.847941183700389115e-16 9.569185313745506057e-18 9.999999999999712452e-01
2.836148003464682987e-01 -9.589109610976693787e-01 -7.239731446364108987e-03 -5.001120232012025468e+01 9.588891142752126173e-01 2.835157153950785269e-01 1.226807436368571209e-02 7.144586123413220946e+01 -9.711413338590959426e-03 -1.042150713547610082e-02 9.998985351725159232e-01 -1.022771395688638618e+00 -1.251922950332411687e-16 7.005466917609994606e-16 9.621252019926406257e-18 9.999999999999689138e-01
2.838263330370908166e-01 -9.588254946831675785e-01 -9.812411555842890862e-03 -4.976472127466896467e+01 9.588584415957173146e-01 2.837449616007819975e-01 8.904254426002278927e-03 7.229550428530266970e+01 -5.753403814648237573e-03 -1.193597553488210360e-02 9.999122115629587304e-01 -1.031797556024673490e+00 -1.312425402390651108e-16 7.152826687768171013e-16 9.726198296264947575e-18 9.999999999999669154e-01
2.837522795769103490e-01 -9.588466977894440912e-01 -9.882002501253435434e-03 -4.951240154573304153e+01 9.588946044089049492e-01 2.837621607861310347e-01 4.168231719997695468e-04 7.313384125133789837e+01 2.404468860639283681e-03 -9.594073404432567134e-03 9.999510849462387441e-01 -1.029094613115721923e+00 -1.372362632386596165e-16 7.286532268186796978e-16 9.848370369221938549e-18 9.999999999999649170e-01
2.834479131765107462e-01 -9.589414964038791567e-01 -9.406752405854467217e-03 -4.925977570279631124e+01 9.589461701488273260e-01 2.835132357775967393e-01 -6.518273996695198372e-03 7.397641419783613514e+01 8.917582233127142877e-03 -7.172978031246942526e-03 9.999345104122718819e-01 -1.028631994683302020e+00 -1.441101063070346132e-16 7.423973332207433389e-16 9.987378412923504323e-18 9.999999999999630296e-01
2.836410956499125224e-01 -9.588811573612345818e-01 -9.729075822311748431e-03 -4.900759532878545599e+01 9.588951200361200966e-01 2.837031971700838540e-01 -5.713552876527817556e-03 7.483318624514613759e+01 8.238788111213431187e-03 -7.708564930514220578e-03 9.999363481728832381e-01 -1.024706783807300958e+00 -1.498095681638568640e-16 7.534641010258080690e-16 1.010868381181005360e-17 9.999999999999611422e-01
2.837817221552452751e-01 -9.588536015780659838e-01 -8.228299437907943964e-03 -4.875620790194032139e+01 9.588865821712586612e-01 2.837894782233409963e-01 2.336273375066405056e-04 7.568864512924496069e+01 2.111090390179053491e-03 -7.956305093266623912e-03 9.999661196794507045e-01 -1.017157057410823517e+00 -1.561031645016863870e-16 7.654311469156694143e-16 1.025379067830821114e-17 9.999999999999591438e-01
2.835391240883466946e-01 -9.589312338700298755e-01 -7.513575712379742637e-03 -4.850614385907213233e+01 9.589474874415961914e-01 2.834854419871420395e-01 7.464617263661272283e-03 7.654827702865111405e+01 -5.028065311255854389e-03 -9.321635591670098323e-03 9.999439112616617109e-01 -1.014897128250049407e+00 -1.622266274553269461e-16 7.793278027418275643e-16 1.034210304367516222e-17 9.999999999999571454e-01
2.834400867424179959e-01 -9.589611883928856884e-01 -7.426734398834515700e-03 -4.825673522132537840e+01 9.589476326688100016e-01 2.833463320217396442e-01 1.158852573885700739e-02 7.740128626614989571e+01 -9.008608463418818491e-03 -1.040650211084803711e-02 9.999052703569053513e-01 -1.020539363204407080e+00 -1.692582371801351552e-16 7.951169079034392986e-16 1.040355187741166340e-17 9.999999999999552580e-01
2.832526446714214163e-01 -9.590183029846554019e-01 -7.199571331595158545e-03 -4.800535788607337651e+01 9.590014797858261719e-01 2.831599290693107007e-01 1.168829919825544947e-02 7.825372617430971900e+01 -9.170662754275834064e-03 -1.021514122042702782e-02 9.999057704777177813e-01 -1.028433118542458224e+00 -1.767276999547320642e-16 8.100229253807484117e-16 1.047734482870024580e-17 9.999999999999533706e-01
2.839251560518357143e-01 -9.587906535028571930e-01 -1.034352535605939649e-02 -4.775794731282567085e+01 9.588264991282925420e-01 2.838331489244843575e-01 9.512525484013526281e-03 7.910334313163909314e+01 -6.184685152461046921e-03 -1.261849148827756846e-02 9.999012567960238185e-01 -1.039729583448433026e+00 -1.836015288251604596e-16 8.280602080416961419e-16 1.055044640347474250e-17 9.999999999999515943e-01
2.842609693041426300e-01 -9.586620505930352198e-01 -1.275829468689902539e-02 -4.751042790673655958e+01 9.587403697357722576e-01 2.841845725402998846e-01 7.485463852900458084e-03 7.995332227080430698e+01 -3.550319604893594546e-03 -1.435971737581877641e-02 9.998905908886884797e-01 -1.047870603486149355e+00 -1.911954573195051097e-16 8.464289710451618313e-16 1.067151405824884511e-17 9.999999999999498179e-01
2.834229185021810982e-01 -9.589079094221273358e-01 -1.292557602922141460e-02 -4.725516202096289931e+01 9.589901049430215041e-01 2.833525666231448970e-01 7.021510488636683103e-03 8.081162354107476631e+01 -3.070486800652916237e-03 -1.438555650768150694e-02 9.998918080847097878e-01 -1.055247228772279833e+00 -1.995554386472517943e-16 8.640451201417193542e-16 1.082614480117855054e-17 9.999999999999479305e-01
2.824367891184624280e-01 -9.592016767371684960e-01 -1.271233642401827652e-02 -4.700349496570421337e+01 9.592761781466584425e-01 2.823494261777274028e-01 8.247155724442374949e-03 8.166870595859791138e+01 -4.321364704468584443e-03 -1.452394168230412494e-02 9.998851838712465856e-01 -1.058117993913448185e+00 -2.074607811946937311e-16 8.811608504995045058e-16 1.099743945245926490e-17 9.999999999999459321e-01
2.824169603969473585e-01 -9.591949722593237082e-01 -1.362591915754539883e-02 -4.675645295894763365e+01 9.592586863914281947e-01 2.822608067975575508e-01 1.231298211966160711e-02 8.252205081824629929e+01 -7.964487607901011776e-03 -1.654817629558466563e-02 9.998313481775654710e-01 -1.060285290527949176e+00 -2.151638778250559259e-16 8.978228158491607909e-16 1.119424966971837456e-17 9.999999999999437117e-01
2.821852562305074974e-01 -9.592648782559740628e-01 -1.350461073047912013e-02 -4.650645485108363886e+01 9.593124198297909855e-01 2.820032264974535741e-01 1.392341213327807047e-02 8.337277183915828971e+01 -9.547896446318517027e-03 -1.688412241913197012e-02 9.998118643443463238e-01 -1.064597706017330170e+00 -2.238770765610770774e-16 9.177871153463012568e-16 1.136923628028065924e-17 9.999999999999414912e-01
2.811988408689185537e-01 -9.595699883526076501e-01 -1.235513444947990147e-02 -4.625200184790773505e+01 9.596067543644593023e-01 2.810414501883795046e-01 1.306063758851824970e-02 8.422824618053704171e+01 -9.060290955706575000e-03 -1.552870661968678602e-02 9.998383721375402322e-01 -1.075275439948571776e+00 -2.329244797060695178e-16 9.366507104970291253e-16 1.158918134553340856e-17 9.999999999999390488e-01
2.806083948962310171e-01 -9.597084257414848496e-01 -1.478736876110264657e-02 -4.601238026758139199e+01 9.597926302727997072e-01 2.804451832832492997e-01 1.219040800565018845e-02 8.507930597708083553e+01 -7.552190933732921135e-03 -1.761353838161256943e-02 9.998163469747364251e-01 -1.091765802235699967e+00 -2.434958695977609748e-16 9.585055591169470120e-16 1.177685608068594679e-17 9.999999999999361622e-01
2.799535173723663450e-01 -9.598977933364815085e-01 -1.490820106224439306e-02 -4.576303694198705330e+01 9.599892038708645048e-01 2.798020493127810759e-01 1.146916090440102017e-02 8.593727229026686132e+01 -6.837877034740702520e-03 -1.752254400537166246e-02 9.998230862954514686e-01 -1.105218674359075059e+00 -2.547511198728146615e-16 9.815280929959733627e-16 1.204340141121182101e-17 9.999999999999330536e-01
2.784896164916980665e-01 -9.603894404738648749e-01 -9.780395335810040253e-03 -4.550978538118979344e+01 9.604233587358219637e-01 2.784120113271031371e-01 8.586264816517887727e-03 8.677822896745462344e+01 -5.523178525847031832e-03 -1.178450573401538908e-02 9.999153063753442039e-01 -1.100522216389384189e+00 -2.659624844801584454e-16 1.003772200755032121e-15 1.233166648594489049e-17 9.999999999999298339e-01
2.771275524085885511e-01 -9.607176187593122751e-01 -1.489888256831735022e-02 -4.527085143724780636e+01 9.608324374886307861e-01 2.770753031214340800e-01 5.504858755946940956e-03 8.762949500177349194e+01 -1.160502391800535263e-03 -1.584087768734828913e-02 9.998738519575417483e-01 -1.104995050535121592e+00 -2.788198321880463288e-16 1.027671217724010436e-15 1.258568612165588074e-17 9.999999999999265032e-01
2.764300145628886818e-01 -9.607749276158303875e-01 -2.231558903280916537e-02 -4.503949924190829535e+01 9.610255245744415697e-01 2.764508418424270753e-01 2.207523756241441294e-03 8.848080002563671087e+01 4.048229897248607420e-03 -2.205607648051358116e-02 9.997485390462443888e-01 -1.114017878489102165e+00 -2.922445809126863855e-16 1.052141027694667981e-15 1.300460606419394393e-17 9.999999999999230615e-01
2.751039782684490120e-01 -9.611354653288386451e-01 -2.316070871788520127e-02 -4.480479826425628431e+01 9.614008064307129064e-01 2.751487069148442766e-01 1.295560715339034389e-03 8.932755788400029928e+01 5.127429703990577826e-03 -2.262313794574437667e-02 9.997309153438387330e-01 -1.113602145877191418e+00 -3.060810046082070568e-16 1.074273513799469624e-15 1.364689308639940027e-17 9.999999999999197309e-01
2.738060215209142667e-01 -9.615399286759543918e-01 -2.170778987035445681e-02 -4.456497476106729039e+01 9.617818746179370715e-01 2.737923449520629493e-01 3.657526782189739548e-03 9.018343674281598510e+01 2.426568651086787824e-03 -2.187961169214330120e-02 9.997576678160011721e-01 -1.101396023682894798e+00 -3.216827377088468158e-16 1.095315899525426176e-15 1.420263642298940791e-17 9.999999999999159561e-01
2.733206341186570909e-01 -9.617405058305339427e-01 -1.873580556400196440e-02 -4.432676347177172715e+01 9.619211958305124988e-01 2.732306986994613163e-01 7.252468566479678899e-03 9.103680753440829676e+01 -1.855795542662919736e-03 -2.000461780047170166e-02 9.997981652762041316e-01 -1.091678458633053461e+00 -3.362684882430643895e-16 1.113595461989668939e-15 1.461176712604237761e-17 9.999999999999120703e-01
2.722387263236578092e-01 -9.620311200590286882e-01 -1.954993421915811325e-02 -4.409470456530684146e+01 9.622208244206993388e-01 2.720925390663902488e-01 9.835407244342944319e-03 9.189422460583089958e+01 -4.142576607205704364e-03 -2.148893256278559469e-02 9.997605037390027150e-01 -1.094581702013469160e+00 -3.517094100679691011e-16 1.138182089583521187e-15 1.505836756748101034e-17 9.999999999999082956e-01
2.712624951279395957e-01 -9.623434076111698765e-01 -1.765855499802594999e-02 -4.386452610583817346e+01 9.624922508967999057e-01 2.711172071855102450e-01 1.020426046553261565e-02 9.274586421647566681e+01 -5.032464674520961169e-03 -1.976425550243277041e-02 9.997920026204595301e-01 -1.105537144901749480e+00 -3.646020054294774049e-16 1.162476008773099856e-15 1.551068692133604509e-17 9.999999999999044098e-01
2.699046495952108216e-01 -9.627807160911252549e-01 -1.430988645238526029e-02 -4.362838141432069961e+01 9.628656778178619202e-01 2.697698226117856146e-01 1.067376636723092048e-02 9.359678681150541024e+01 -6.416120896541606562e-03 -1.665939768966290258e-02 9.998406362322693752e-01 -1.118234415416314187e+00 -3.799501323448522280e-16 1.185016739192844297e-15 1.589971839187529122e-17 9.999999999999001910e-01
2.690170248744919168e-01 -9.630338943215045466e-01 -1.398423097526664549e-02 -4.340100708265855900e+01 9.630985817116598513e-01 2.688513857656872341e-01 1.265125594419283517e-02 9.444739546496889204e+01 -8.423908403390011415e-03 -1.687159625362122731e-02 9.998221776931897065e-01 -1.123004296635061516e+00 -3.920031826442149444e-16 1.203532099899997159e-15 1.618874513915187009e-17 9.999999999998960831e-01
2.686532629220117485e-01 -9.630474560633539571e-01 -1.910554086115465872e-02 -4.318373091049384271e+01 9.632016103110992988e-01 2.684206500675628271e-01 1.389289428151787957e-02 9.529979411459169114e+01 -8.251194797292566926e-03 -2.213485910346983665e-02 9.997209439623480076e-01 -1.120749640246461842e+00 -4.043579412926456265e-16 1.223076920153341257e-15 1.650688629126487844e-17 9.999999999998916422e-01
2.682882223538707311e-01 -9.630443703273168232e-01 -2.381114292521559900e-02 -4.296561074644596800e+01 9.633124310357853437e-01 2.680164480813898575e-01 1.401227211644327612e-02 9.615212719715316325e+01 -7.112661825623225326e-03 -2.669689755426992578e-02 9.996182699925046933e-01 -1.125182011926995740e+00 -4.166516810764320813e-16 1.238747041846900087e-15 1.684246161729890102e-17 9.999999999998868683e-01
2.687352729387231243e-01 -9.628568000214186018e-01 -2.623234132540237101e-02 -4.273789114465179750e+01 9.632009503723697463e-01 2.684897664715677479e-01 1.253692553656914586e-02 9.700094540960016332e+01 -5.028148807750399199e-03 -2.863613020098303152e-02 9.995772555269312187e-01 -1.133828322444379477e+00 -4.296561427827084890e-16 1.256275444612771064e-15 1.735730879100011267e-17 9.999999999998819833e-01
2.702329855276047743e-01 -9.624053308374074245e-01 -2.738818557211400440e-02 -4.250558430630766793e+01 9.627835461018713348e-01 2.699819150377465449e-01 1.255423865306411028e-02 9.784798858092301543e+01 -4.687951414107260732e-03 -2.976146381864006041e-02 9.995460361499004520e-01 -1.147098080678706111e+00 -4.432719966375155820e-16 1.276176701510694631e-15 1.789822958756219795e-17 9.999999999998770983e-01
2.713642512859181788e-01 -9.621197234923852815e-01 -2.621222598959168509e-02 -4.226562080485465600e+01 9.624465180886178084e-01 2.710393238608874156e-01 1.530962900363706282e-02 9.869748865320561038e+01 -7.625152014603660787e-03 -2.938235164705129895e-02 9.995391610479824607e-01 -1.159664761823604895e+00 -4.534294615839350294e-16 1.297186091649606954e-15 1.846513872875720960e-17 9.999999999998721023e-01
