1 0 0 0 0 1 0 0 0 0 1 0
0.99986836 0.0011124495 0.016187459 -0.0084642575 -0.0011015396 0.99999916 -0.00068287931 -0.0048063802 -0.016188207 0.00066495831 0.99986874 0.1030914
0.99931131 0.0032613233 0.036963147 0.011017419 -0.0032414356 0.99999457 -0.00059795939 0.0015319991 -0.0369649 0.00047773395 0.99931645 0.2462189
0.99795233 0.0052499953 0.063746259 0.04256996 -0.0052946821 0.99998584 0.00053209294 0.0048858699 -0.063742568 -0.00086851953 0.997966 0.39588192
0.99523425 0.0047424059 0.0973976 0.089574335 -0.0050337088 0.99998356 0.0027453566 0.0034899192 -0.097382988 -0.0032225441 0.99524176 0.56672336
0.99080222 0.0015802915 0.13530877 0.15512993 -0.0022946885 0.99998424 0.0051239525 0.0022882335 -0.13529855 -0.005387315 0.99079023 0.77043768
0.98453604 -0.0016834068 0.17517407 0.21186621 0.00066652579 0.99998259 0.0058636465 -0.0087443469 -0.17518091 -0.0056562132 0.98452001 0.95425941
0.97592477 -0.0020751305 0.21809754 0.31723871 0.00053224571 0.99997442 0.0071327981 -0.0061119965 -0.21810678 -0.0068449928 0.97590091 1.1677941
0.9640514 -0.0018641502 0.26570928 0.39461508 -0.00078748774 0.99995095 0.0098725843 0.0035224376 -0.26571468 -0.0097269214 0.96400265 1.3644659
0.94989715 -0.0058181863 0.31250846 0.53610076 0.00052212908 0.99985488 0.017027933 0.0104453 -0.3125622 -0.016011615 0.94976234 1.6141929
0.93255768 -0.015351014 0.36069448 0.67777196 0.0067441424 0.99966198 0.025108574 -0.0019143456 -0.36095803 -0.020982619 0.93234599 1.8249017
0.91150557 -0.020949773 0.4107538 0.83276552 0.0094055988 0.99950246 0.030105856 -0.0031723807 -0.41118018 -0.02357827 0.91124911 2.0394392
0.88643231 -0.023122634 0.46228031 1.0288812 0.0084484302 0.9993933 0.033788254 0.0024301294 -0.46278116 -0.026045458 0.88608987 2.2819267
0.85842576 -0.025183634 0.51231922 1.1875621 0.0064654323 0.99924591 0.038285797 0.018621307 -0.5128971 -0.02955315 0.85794125 2.5015375
0.82604456 -0.030283564 0.5627906 1.4232623 0.0073883152 0.99905144 0.042914293 0.020326834 -0.5635564 -0.031291044 0.82548475 2.7293622
0.79054713 -0.035936829 0.61134585 1.6710976 0.0095605467 0.99887931 0.046354273 0.024960143 -0.6123266 -0.030800437 0.79000475 2.9468364
0.75244609 -0.040738078 0.65739277 1.9372196 0.011177896 0.99873149 0.049096428 0.038396779 -0.65855901 -0.029594148 0.75194698 3.169419
0.71253206 -0.043796041 0.70027133 2.2303904 0.011930849 0.99866198 0.050318109 0.047418323 -0.70153814 -0.027498434 0.7121012 3.3837575
0.67090437 -0.045780879 0.74012931 2.5092867 0.011350817 0.99860951 0.051480069 0.059295101 -0.74145703 -0.026137131 0.67049114 3.5735215
0.62865884 -0.046220801 0.77630641 2.8287605 0.0070454616 0.99852976 0.053746372 0.081856095 -0.77764933 -0.028318695 0.62806021 3.7966193
0.58557448 -0.047255953 0.80923998 3.1836445 0.0043715523 0.99846891 0.055142765 0.099860431 -0.81060685 -0.028752561 0.5848845 4.0046138
0.5460567 -0.047943246 0.8363752 3.5599803 0.0017468078 0.99842408 0.056091853 0.12083769 -0.83774644 -0.029168345 0.5452799 4.2084725
0.50672653 -0.050670683 0.86061643 3.9793732 0.0011831722 0.99831117 0.058081116 0.13525683 -0.86210608 -0.028412985 0.5059307 4.3938807
0.46977016 -0.050487219 0.88134385 4.3899957 -0.0019213697 0.99830244 0.058211236 0.15584486 -0.88278671 -0.029039289 0.46887569 4.6033502
0.43345177 -0.04975405 0.89980222 4.858663 -0.0029754928 0.9983903 0.056638772 0.18123368 -0.90117189 -0.027227531 0.432606 4.8022397
0.39942458 -0.048526546 0.91548081 5.3485388 -0.001884169 0.99855254 0.053751961 0.19855743 -0.91676416 -0.023194774 0.39875499 4.9874626
0.36948181 -0.046846532 0.92805631 5.8622197 -4.3997382e-05 0.99872753 0.050431397 0.22302634 -0.929238 -0.018674316 0.3690096 5.1495883
0.34455077 -0.045020153 0.93768752 6.3938025 0.0011244299 0.99886849 0.047544399 0.24615424 -0.93876705 -0.015327095 0.34421153 5.3381744
0.32397824 -0.044403134 0.9450219 6.9665246 0.0023288207 0.99893237 0.046137809 0.26870706 -0.94606171 -0.012746859 0.32373576 5.5110782
0.30925852 -0.044811031 0.94992161 7.5559056 0.0033464256 0.99893428 0.046033655 0.29413776 -0.95097216 -0.011057458 0.3090789 5.7081844
0.29668575 -0.046394175 0.95384751 8.1947963 0.0041956128 0.9988729 0.047279156 0.31076118 -0.95496599 -0.010025076 0.29654601 5.8922322
0.28695517 -0.048165702 0.95673231 8.82301 0.003096756 0.99877657 0.049353558 0.34218306 -0.95793905 -0.011199492 0.28675326 6.0810709
0.27727638 -0.049883162 0.95949435 9.4890251 0.0015967075 0.99867385 0.051458646 0.37058122 -0.96078891 -0.012736235 0.27698832 6.2824745
0.26563895 -0.051716989 0.96268438 10.193039 0.0010947202 0.99857565 0.053343054 0.40064915 -0.964072 -0.013116122 0.2653172 6.4660598
0.25625406 -0.053685988 0.9651174 10.907424 -9.6681775e-05 0.99845501 0.055566108 0.42821491 -0.9666095 -0.014332349 0.25585295 6.6495809
0.24567965 -0.055053085 0.96778644 11.634968 -0.00032264396 0.99838123 0.056875393 0.45875667 -0.96935106 -0.014285376 0.24526418 6.8419854
0.23487765 -0.056639672 0.97037331 12.393575 -0.00093125201 0.9982873 0.058494391 0.48853386 -0.97202454 -0.014642687 0.23442263 7.0211071
0.22470891 -0.059465005 0.97260976 13.15658 -0.0022067255 0.99810258 0.061533461 0.52356416 -0.97442348 -0.015973399 0.22415131 7.1912813
0.21386099 -0.063285246 0.97481197 13.917902 -0.0043151396 0.99782837 0.065726166 0.56686999 -0.97685461 -0.018262712 0.21312348 7.3708891
0.20027079 -0.066540879 0.97747831 14.7102 -0.0043416607 0.99762091 0.068801608 0.60532192 -0.979731 -0.018022831 0.19950543 7.5327492
0.18866655 -0.069006171 0.9796137 15.495513 -0.0053905331 0.99744034 0.071300096 0.64321042 -0.98202645 -0.018732583 0.18781165 7.678143
0.17427348 -0.069996104 0.9822063 16.302266 -0.0057695513 0.99738064 0.072101184 0.67892527 -0.98468043 -0.018232213 0.17341315 7.8117532
0.15969963 -0.069068989 0.98474637 17.094536 -0.0074015712 0.99743749 0.071159466 0.72155317 -0.98713795 -0.01865281 0.15877918 7.9406768
0.14286751 -0.068106478 0.98739572 17.905072 -0.0087101443 0.99750447 0.070064019 0.76261595 -0.98970354 -0.018610231 0.14191776 8.057655
0.12258191 -0.06664696 0.99021804 18.740935 -0.010932125 0.99759146 0.068496548 0.79903906 -0.99239823 -0.019221625 0.12155807 8.1492893
0.097622926 -0.065142517 0.99308919 19.549433 -0.015201407 0.9976415 0.066935462 0.83812313 -0.99510741 -0.021630788 0.096402423 8.2409142
0.067424267 -0.064823247 0.99561631 20.376069 -0.01931787 0.99761527 0.066261624 0.88029389 -0.9975374 -0.023700827 0.06601123 8.2858174
0.033732301 -0.064687569 0.99733523 21.226345 -0.022219563 0.99760799 0.065456779 0.9169482 -0.99918392 -0.024368361 0.032214282 8.3188744
-6.1744483e-05 -0.063824727 0.99796108 22.059308 -0.023821063 0.99767803 0.063805151 0.94991117 -0.99971628 -0.023768554 -0.0015819755 8.3187122
-0.033034234 -0.062838756 0.99747679 22.919452 -0.025117943 0.9977585 0.062024652 0.98265654 -0.99913859 -0.023005628 -0.034538569 8.2769925
-0.06669348 -0.060890887 0.99591375 23.762141 -0.027990785 0.99785747 0.059135265 1.0177613 -0.99738086 -0.02393247 -0.068254973 8.2162956
-0.099829633 -0.057764317 0.99332635 24.602882 -0.028688619 0.99806548 0.055156693 1.0552427 -0.99459092 -0.022990888 -0.10129369 8.1261467
-0.13144829 -0.053231993 0.98989273 25.423698 -0.026628608 0.99838651 0.050152726 1.0760343 -0.99096536 -0.019766975 -0.1326537 7.9804952
-0.16428963 -0.047701833 0.98525802 26.287141 -0.022993619 0.99874381 0.04452062 1.0901777 -0.98614415 -0.01534037 -0.16518009 7.8451523
-0.19350901 -0.041436299 0.98022304 27.075134 -0.016726559 0.99910185 0.038932306 1.1073922 -0.98095594 -0.0088620055 -0.1940283 7.656519
-0.22385042 -0.035620715 0.97397232 27.93241 -0.010291536 0.99936257 0.034183975 1.1214832 -0.97456921 -0.002371573 -0.22407432 7.4574795
-0.24998206 -0.029066074 0.96781406 28.735717 -0.0018450585 0.99956181 0.029542975 1.137454 -0.96824875 0.0055995411 -0.24992615 7.2563896
-0.27701696 -0.01888509 0.96067938 29.567776 0.0047372849 0.99976784 0.021019515 1.13462 -0.96085339 0.010373775 -0.27686319 6.9783412
-0.3028648 -0.0037345053 0.95302618 30.328329 0.0090598718 0.99993585 0.0067974867 1.1246478 -0.95299051 0.010693015 -0.30281154 6.7083163
-0.32669164 0.013285663 0.94503756 31.090306 0.0095064588 0.99989681 -0.010770589 1.1027729 -0.94508321 0.0054653003 -0.32678423 6.4303166
-0.3528948 0.027757802 0.93525114 31.867169 0.008636903 0.99961391 -0.026409126 1.0732203 -0.93562318 -0.0012419689 -0.35299829 6.1349004
-0.3772574 0.038611462 0.92530316 32.619976 0.012436967 0.99925163 -0.036626512 1.0371775 -0.92602497 -0.0023096574 -0.37745528 5.8279062
-0.40123144 0.043657094 0.91493569 33.398061 0.016150702 0.99904544 -0.040587826 0.98879202 -0.91583435 -0.0015082574 -0.40155353 5.4935148
-0.42340942 0.042945791 0.90491992 34.146479 0.018552282 0.99907733 -0.038733763 0.94183709 -0.9057485 0.00038808961 -0.4238155 5.1388866
-0.44315195 0.039724849 0.89556587 34.860487 0.023119792 0.99919183 -0.032881068 0.90209226 -0.89614837 0.0061339882 -0.44371224 4.7446255
-0.46218095 0.038259588 0.88595988 35.580197 0.030364238 0.99916579 -0.02730812 0.86369018 -0.88626568 0.014280205 -0.46295712 4.3617453
-0.47521674 0.039302901 0.87899048 36.296827 0.034416796 0.99906762 -0.026064921 0.82151693 -0.87919542 0.01786555 -0.47612634 3.9622698
-0.48660515 0.042281318 0.87259822 36.989478 0.0365417 0.99893907 -0.028025591 0.77014088 -0.87285749 0.018248827 -0.48763393 3.5669365
-0.49598307 0.045120748 0.86715907 37.711659 0.03843823 0.99881097 -0.029985718 0.72980347 -0.86748104 0.018459652 -0.49712769 3.1564134
-0.50723155 0.044059046 0.86068281 38.384425 0.031825004 0.99896874 -0.032382387 0.67730357 -0.86122203 0.010965867 -0.50811064 2.7659883
-0.51834361 0.043122759 0.85408446 39.072487 0.030814841 0.99902106 -0.031739096 0.65565765 -0.85461711 0.0098667202 -0.519165 2.3553512
-0.52691536 0.044550041 0.84874934 39.756165 0.03273938 0.99894803 -0.032108764 0.61100237 -0.84928699 0.010868928 -0.5278196 1.927788
-0.53409616 0.047784861 0.84407217 40.421688 0.036741101 0.99877003 -0.033294316 0.56659948 -0.84462503 0.013229776 -0.53519491 1.4999771
-0.53785794 0.050925848 0.84149589 41.144444 0.037375894 0.99863278 -0.036545989 0.52574806 -0.84220659 0.011795112 -0.53902598 1.0489969
-0.53756922 0.052215206 0.84160136 41.842677 0.03662934 0.99858478 -0.038558046 0.48112349 -0.8424237 0.010099684 -0.53872105 0.60674753
-0.53410518 0.053380904 0.84373105 42.560371 0.03932885 0.99849296 -0.038276077 0.44179739 -0.84450279 0.012739522 -0.53539967 0.1436037
-0.52844162 0.052282885 0.84735818 43.31843 0.037656377 0.99856307 -0.038128576 0.39426683 -0.84813414 0.011759714 -0.52965107 -0.31060869
-0.5213243 0.050753406 0.851848 44.075365 0.035115681 0.99866017 -0.038010005 0.34908474 -0.85263587 0.010097685 -0.52240805 -0.76739661
-0.51431251 0.050110996 0.85613753 44.855753 0.033130645 0.99870718 -0.038553042 0.30076356 -0.8569627 0.0085360774 -0.51530781 -1.2228051
-0.5075977 0.048786214 0.86021184 45.656122 0.030469068 0.99878755 -0.038666095 0.25143722 -0.86105533 0.0065830326 -0.50846873 -1.6948379
-0.50357935 0.046752676 0.862683 46.460203 0.026407787 0.9989011 -0.038719764 0.20510634 -0.86354532 0.0032830757 -0.5042606 -2.142175
-0.50236957 0.043598598 0.86355308 47.300663 0.021487737 0.999049 -0.03793901 0.15956584 -0.864386 -0.00050360237 -0.50282865 -2.6215297
-0.50283027 0.04153605 0.86338659 48.134612 0.018812717 0.99913408 -0.037110234 0.10805275 -0.86418046 -0.0024175011 -0.50317627 -3.0949626
-0.50357917 0.04012028 0.86301699 49.004619 0.01710395 0.99918836 -0.03647034 0.057239191 -0.8637798 -0.0036047037 -0.50385666 -3.588068
-0.50387266 0.039471787 0.86287558 49.864287 0.017681037 0.99921737 -0.035383901 0.016692764 -0.863597 -0.0025724445 -0.50417622 -4.0950053
-0.503881 0.038860067 0.86289847 50.740091 0.017227436 0.9992409 -0.034940367 -0.036857202 -0.86360131 -0.0027402577 -0.50416796 -4.5946671
-0.50434475 0.038363455 0.86264973 51.624395 0.017587908 0.99926174 -0.034156114 -0.08763931 -0.86332329 -0.0020542521 -0.50464715 -5.093771
-0.5044666 0.037712335 0.86260719 52.517664 0.017079358 0.99928606 -0.033699515 -0.14546671 -0.86326231 -0.0022675025 -0.50475055 -5.619177
-0.50494578 0.036210944 0.86239113 53.411985 0.015214277 0.99933779 -0.033052959 -0.19660407 -0.863017 -0.0035692941 -0.50516233 -6.128235
-0.50473216 0.035631709 0.86254029 54.30833 0.015139411 0.99935952 -0.032424617 -0.24768106 -0.86314327 -0.0033073937 -0.50494834 -6.6507563
-0.5042156 0.034836316 0.86287485 55.208955 0.013726983 0.9993831 -0.0323262 -0.30091809 -0.86346874 -0.0044547051 -0.50438275 -7.1481637
-0.50265125 0.033653003 0.86383397 56.101781 0.013407269 0.9994253 -0.031133853 -0.35810735 -0.86438535 -0.0040678151 -0.50281358 -7.6639959
-0.50092848 0.0312395 0.86492467 56.989618 0.013734633 0.99950946 -0.028145925 -0.41029011 -0.86537973 -0.0022196717 -0.50111182 -8.1794293
-0.49831636 0.030042847 0.86647456 57.883012 0.014259647 0.99954827 -0.02645601 -0.45799202 -0.86687804 -0.00082784029 -0.49851966 -8.6840015
-0.4963805 0.029886103 0.86759043 58.769238 0.014374354 0.99955317 -0.026207757 -0.51205989 -0.86798608 -0.00053796649 -0.49658829 -9.1730991
-0.49418012 0.030262351 0.86883263 59.661748 0.014947411 0.99954199 -0.026313211 -0.5629217 -0.86923106 -1.6666223e-05 -0.49440613 -9.6835583
-0.49282145 0.030904318 0.86958144 60.548696 0.015306534 0.99952234 -0.026847591 -0.60840952 -0.86999586 7.9210003e-05 -0.49305909 -10.18869
-0.49388541 0.032138315 0.86893283 61.447962 0.014336373 0.99948185 -0.028818264 -0.66256142 -0.86940884 -0.0017755739 -0.49409025 -10.685158
-0.4966769 0.033389345 0.867293 62.304851 0.012691426 0.99943232 -0.031208428 -0.71526577 -0.86784275 -0.0044933196 -0.49681871 -11.170285
-0.50076897 0.034133777 0.86490766 63.19022 0.011534224 0.99939658 -0.032763263 -0.77037617 -0.86550416 -0.006430786 -0.50086051 -11.670989
-0.50640642 0.032700338 0.86167463 64.063417 0.011415019 0.99944735 -0.031220167 -0.82155775 -0.8622194 -0.0059740605 -0.50649983 -12.18584
-0.51162883 0.030470655 0.85866607 64.91537 0.014875963 0.99953531 -0.026605829 -0.87600621 -0.85907782 -0.00083882326 -0.51184437 -12.690632
-0.5170386 0.028682685 0.85548134 65.780022 0.012223623 0.99958391 -0.026126419 -0.92268977 -0.85587483 -0.0030512846 -0.51717407 -13.202801
-0.5219801 0.030603273 0.85240844 66.626195 0.012975952 0.9995254 -0.027939141 -0.97970571 -0.85285899 -0.003522864 -0.52212948 -13.721205
-0.52682161 0.033042662 0.84933334 67.453761 0.013537991 0.99944353 -0.030485283 -1.022248 -0.84986809 -0.0045620381 -0.52697578 -14.237391
-0.53197618 0.033411512 0.84609985 68.294897 0.012353666 0.99942112 -0.031698757 -1.0776218 -0.84666923 -0.0064105481 -0.53208099 -14.751395
-0.53577612 0.033540336 0.84369363 69.118434 0.010768443 0.9994009 -0.032891995 -1.1357687 -0.84429145 -0.0085374782 -0.53581631 -15.260157
-0.53864189 0.032832854 0.8418948 69.941697 0.010809686 0.99942748 -0.032060425 -1.1917629 -0.8424655 -0.0081684689 -0.53868842 -15.792006
-0.54168826 0.026318307 0.84016732 70.769555 0.012773344 0.99965205 -0.02307871 -1.2361601 -0.84048244 -0.001769719 -0.54183595 -16.315396
-0.54360177 0.019012466 0.83912787 71.585898 0.013993437 0.99980976 -0.013587906 -1.2690411 -0.83922664 0.0043558742 -0.5437644 -16.846646
-0.54523096 0.015578677 0.83814107 72.403081 0.013629017 0.99985989 -0.0097185687 -1.3077988 -0.83817511 0.0061241754 -0.54536689 -17.374534
-0.54651749 0.020908167 0.83718661 73.20393 0.013816856 0.99977734 -0.015949081 -1.3438209 -0.83733373 0.0028508357 -0.54668469 -17.882186
-0.54806402 0.026284401 0.83602327 74.00134 0.014669763 0.99965446 -0.02181201 -1.3841301 -0.83630777 0.00030988624 -0.54826023 -18.403864
-0.54842391 0.031199038 0.8356182 74.800116 0.020645405 0.9995043 -0.023768198 -1.4228669 -0.83594559 0.0042166286 -0.54879618 -18.926622
-0.54809399 0.031947949 0.83580635 75.593903 0.024225871 0.99945739 -0.022316843 -1.4625376 -0.83606588 0.0080164102 -0.54857055 -19.460412
-0.54701678 0.029673965 0.8365955 76.379711 0.02389838 0.99951777 -0.019826595 -1.5066124 -0.83678048 0.0091477985 -0.54746216 -19.979696
-0.54742089 0.024031677 0.83651228 77.174499 0.021694146 0.99965918 -0.014521791 -1.5344372 -0.83657623 0.010197889 -0.54775567 -20.482443
-0.54623241 0.01855224 0.83742815 77.982303 0.02028794 0.99975443 -0.0089150965 -1.5647726 -0.83738797 0.012119978 -0.54647466 -21.009901
-0.54583727 0.011945869 0.83780601 78.788581 0.01125111 0.99991271 -0.0069270813 -1.6021762 -0.8378157 0.0056451891 -0.54592403 -21.511645
-0.54405856 0.0063404792 0.83902326 79.582454 0.0025408567 0.99997931 -0.0059092188 -1.6243823 -0.83904344 -0.0010831224 -0.54406341 -22.006047
-0.54287958 0.0070919678 0.83978057 80.381502 0.0057783905 0.99997222 -0.0047093248 -1.6502696 -0.83979071 0.0022959847 -0.54290547 -22.516358
-0.5402441 0.010054238 0.84144825 81.174513 0.01083683 0.99992883 -0.0049901913 -1.6820803 -0.84143861 0.0064227114 -0.54031461 -23.018669
-0.53383164 0.013690198 0.84547992 81.956276 0.012369131 0.99988838 -0.0083806073 -1.7070152 -0.84550035 0.0059840193 -0.53394139 -23.513798
-0.5261649 0.015735183 0.85023693 82.756085 0.017412072 0.99981853 -0.0077280879 -1.7298952 -0.85020432 0.01073814 -0.5263434 -24.008829
-0.5186825 0.018053069 0.85477628 83.552007 0.024425549 0.99968185 -0.0062919624 -1.7694725 -0.854618 0.01761485 -0.51895844 -24.49944
-0.50879779 0.018181715 0.860694 84.35551 0.023657672 0.99969467 -0.0071328383 -1.7880196 -0.86056097 0.016732845 -0.50907258 -24.969352
-0.4978808 0.015211619 0.86711202 85.172038 0.019206438 0.99979434 -0.006511238 -1.8145252 -0.86703281 0.013412314 -0.49807056 -25.425403
-0.48585066 0.012632144 0.87395051 85.987824 0.0214413 0.99976691 -0.0025309545 -1.8350516 -0.87377884 0.01750897 -0.48600827 -25.871195
-0.47474323 0.010969791 0.88005594 86.808997 0.020437921 0.99979009 -0.0014370945 -1.8625502 -0.87988705 0.017304264 -0.47486778 -26.303379
-0.4631657 0.009970131 0.88621558 87.639058 0.019767111 0.99980419 -0.00091707945 -1.8825437 -0.88605127 0.017093164 -0.46327209 -26.729234
-0.45141818 0.012402945 0.89222627 88.452099 0.024342337 0.99970243 -0.0015810791 -1.8970971 -0.89198046 0.021005146 -0.45158577 -27.135451
-0.43869827 0.015350264 0.89850327 89.285202 0.023789989 0.99970205 -0.0054635998 -1.9286184 -0.8983195 0.018978512 -0.43893274 -27.531907
-0.42780673 0.024692921 0.90353284 90.115945 0.02560069 0.99955675 -0.015195715 -1.9569963 -0.90350765 0.016630236 -0.42824926 -27.92357
-0.41510313 0.029811442 0.90928576 90.93993 0.025944019 0.9994444 -0.020923493 -1.9833308 -0.9094044 0.014905121 -0.41564593 -28.28965
-0.40366104 0.025705088 0.9145474 91.783813 0.022606186 0.99958028 -0.018117226 -2.0187353 -0.91462932 0.013361211 -0.4040727 -28.649414
-0.39190752 0.022745321 0.91972337 92.629344 0.024882707 0.99959069 -0.014117604 -2.0531385 -0.9196681 0.017352414 -0.39231307 -29.005318
-0.38228072 0.023103514 0.92375733 93.47246 0.0212337 0.99964305 -0.01621425 -2.0897983 -0.92380228 0.013416392 -0.38263484 -29.332933
-0.37519328 0.027123802 0.92654964 94.314443 0.015855933 0.99961334 -0.022842029 -2.1349202 -0.92681102 0.0061211341 -0.37547828 -29.668586
-0.36995142 0.031367438 0.92852138 95.168662 0.0075372465 0.99949832 -0.030762118 -2.1706535 -0.92902057 -0.0043819939 -0.37000224 -29.992621
-0.36626891 0.033505907 0.92990557 96.008766 0.0044452249 0.9994031 -0.034259132 -2.2166293 -0.93049847 -0.0084144152 -0.36619923 -30.30822
-0.36327014 0.033360598 0.93108636 96.846717 0.0034629613 0.99940018 -0.034457165 -2.2626574 -0.93167746 -0.0092929422 -0.36316777 -30.630562
-0.35776157 0.03311757 0.93322549 97.701366 0.0023108842 0.99939926 -0.03457999 -2.3151693 -0.93381015 -0.010214815 -0.35762319 -30.951872
-0.35248031 0.029551387 0.93535249 98.541443 0.0010190451 0.99951282 -0.031194438 -2.3562038 -0.93581871 -0.010042258 -0.3523387 -31.25449
-0.34711282 0.025658208 0.93747228 99.396057 0.0013540032 0.99963833 -0.026858325 -2.4028469 -0.93782244 -0.0080535278 -0.34702203 -31.574679
-0.34148174 0.022789118 0.93961205 100.25269 6.5989431e-05 0.99970659 -0.024222652 -2.445515 -0.93988844 -0.0082095882 -0.34138305 -31.880597
-0.33624806 0.021506375 0.94152782 101.0882 -0.0048505108 0.99968642 -0.024567096 -2.4909412 -0.941761 -0.012827529 -0.3360383 -32.153288
-0.32920642 0.020985515 0.94402472 101.95597 -0.01694141 0.99946082 -0.028125767 -2.5278355 -0.94410603 -0.025252292 -0.3286734 -32.432258
-0.32263326 0.024431171 0.94620866 102.79745 -0.014583608 0.99941986 -0.030777728 -2.5745229 -0.94641173 -0.023729055 -0.3220898 -32.716472
-0.31573377 0.028378423 0.94842331 103.64841 -0.012470717 0.9993422 -0.03405355 -2.6225393 -0.94876591 -0.022579374 -0.31517218 -32.988765
-0.30923866 0.026236964 0.95062242 104.49967 -0.0151683 0.9993561 -0.032516267 -2.6643472 -0.95086353 -0.024474612 -0.30864158 -33.254112
-0.30223917 0.021378177 0.95299233 105.35379 -0.014871792 0.99952105 -0.027138491 -2.7090026 -0.95311615 -0.022375019 -0.30177648 -33.511799
-0.29490613 0.018812471 0.95534098 106.2133 -0.01485385 0.9995951 -0.024269182 -2.7465438 -0.95541081 -0.021347622 -0.29450729 -33.769683
-0.28843208 0.021524433 0.95725836 107.06559 -0.017883535 0.9994518 -0.027861671 -2.7946432 -0.95733338 -0.025155362 -0.28788903 -34.017205
-0.28227074 0.024529189 0.9590211 107.93593 -0.017328225 0.9993796 -0.030661703 -2.8358032 -0.95917832 -0.025273035 -0.28167057 -34.267016
-0.27571071 0.025429811 0.96090418 108.77475 -0.019060949 0.99930881 -0.031915294 -2.8750524 -0.9610517 -0.027115133 -0.27503542 -34.493069
-0.26852032 0.024395531 0.96296501 109.65952 -0.01929777 0.99934239 -0.030698239 -2.9235612 -0.96308074 -0.026826178 -0.26787296 -34.731966
-0.26071892 0.024247681 0.96511016 110.50588 -0.016430964 0.99942829 -0.029548627 -2.9678081 -0.96527496 -0.023561576 -0.26017145 -34.952964
-0.25299175 0.025538326 0.96713127 111.3682 -0.011894673 0.99949387 -0.029504426 -3.0107961 -0.96739535 -0.018968087 -0.25255994 -35.181179
-0.24590585 0.026157178 0.96894068 112.25621 -0.010386111 0.99950732 -0.029618217 -3.0582953 -0.96923811 -0.017346818 -0.24551303 -35.404897
-0.23945236 0.025063708 0.97058451 113.10251 -0.017106405 0.99940266 -0.030028198 -3.0992891 -0.97075744 -0.023793534 -0.23888058 -35.595703
-0.23367035 0.023249636 0.97203783 113.97699 -0.021309221 0.99935151 -0.029025506 -3.1412016 -0.97208239 -0.027495769 -0.23302338 -35.787061
-0.2287614 0.023363719 0.97320207 114.86307 -0.01812383 0.99943647 -0.028253725 -3.1819617 -0.97331384 -0.02410151 -0.22820905 -35.995706
-0.22416101 0.02358616 0.97426662 115.71349 -0.016240964 0.99947785 -0.02793325 -3.2267691 -0.97441683 -0.022084575 -0.2236609 -36.181175
-0.21939262 0.024931222 0.97531801 116.60072 -0.015951233 0.99944817 -0.029136184 -3.2691738 -0.97550629 -0.021949789 -0.21887387 -36.379472
-0.21403713 0.024191598 0.97652588 117.45191 -0.0097097852 0.99959121 -0.026891209 -3.3044677 -0.97677731 -0.015237573 -0.21371474 -36.563334
-0.20815342 0.023505727 0.97781366 118.3273 -0.0007463762 0.99970708 -0.024190908 -3.3427399 -0.97809594 -0.0057652365 -0.20807491 -36.754027
-0.20336887 0.022252187 0.97884925 119.21424 0.0010881306 0.99974622 -0.022501163 -3.3886869 -0.97910163 -0.0035109196 -0.20334148 -36.944364
-0.19949511 0.02374089 0.97961114 120.06845 -0.00059261739 0.99970336 -0.024348508 -3.4268683 -0.97989868 -0.0054379421 -0.19942186 -37.104385
-0.19574821 0.025611483 0.98031965 120.93862 -0.0033733298 0.9996354 -0.026789697 -3.4639206 -0.98064843 -0.008550976 -0.19559045 -37.270391
-0.19412248 0.024797059 0.9806638 121.83082 -0.0052971971 0.99963939 -0.026325455 -3.5069067 -0.98096304 -0.010305131 -0.19392113 -37.440752
-0.19377801 0.023593265 0.98076162 122.67832 -0.0073426636 0.9996479 -0.02549835 -3.5502149 -0.98101797 -0.012142422 -0.19353654 -37.594276
-0.19198096 0.019250078 0.9812098 123.56585 -0.0062444782 0.99976341 -0.020835853 -3.5832683 -0.98137883 -0.01012723 -0.19181533 -37.768571
-0.19146509 0.013869196 0.98140139 124.41895 -0.0055957755 0.99986848 -0.015221872 -3.6218027 -0.98148351 -0.0084061583 -0.1913623 -37.921525
-0.19048431 0.011566554 0.98162206 125.28465 -0.004079503 0.99991263 -0.012573702 -3.6541254 -0.98168181 -0.0063996223 -0.19042048 -38.087413
-0.18920892 0.016040194 0.98180579 126.16143 -0.0067276471 0.99982193 -0.01763105 -3.6888905 -0.98191385 -0.0099411941 -0.18906731 -38.251244
-0.18902861 0.020546929 0.98175655 126.99412 -0.0053332658 0.99974484 -0.021950273 -3.7219488 -0.98195714 -0.0093851976 -0.1888708 -38.406427
-0.18916733 0.019509199 0.981751 127.85017 -0.0083049327 0.99973507 -0.021466798 -3.7533049 -0.98190979 -0.012214192 -0.18895519 -38.562679
-0.18886352 0.018415676 0.98183061 128.71484 -0.010382605 0.99973081 -0.020748602 -3.7940812 -0.9819485 -0.014112613 -0.18862148 -38.724825
-0.18778355 0.018954719 0.98202748 129.54788 -0.0049832393 0.99978252 -0.020250315 -3.8307248 -0.98219783 -0.0086963534 -0.18764826 -38.884317
-0.18738881 0.021356396 0.98205359 130.40216 -0.0072030444 0.99970687 -0.023114731 -3.8723908 -0.98225945 -0.011405217 -0.18718005 -39.037673
-0.18774862 0.022601816 0.98195699 131.22454 -0.016710826 0.99951701 -0.026201079 -3.8995037 -0.98207499 -0.021328528 -0.18728025 -39.172894
-0.18723054 0.024308872 0.98201513 132.06458 -0.01969467 0.99939992 -0.028494191 -3.9378543 -0.98211859 -0.024675446 -0.18663943 -39.321567
-0.18736416 0.027459575 0.9819066 132.90253 -0.020625299 0.99927884 -0.031881049 -3.9874767 -0.982074 -0.026225482 -0.18666268 -39.472123
-0.18660131 0.028325531 0.98202726 133.72116 -0.01820142 0.99931303 -0.032282687 -4.0314469 -0.98226714 -0.023898282 -0.18595756 -39.621737
-0.18521335 0.029470777 0.98225628 134.54824 -0.018736019 0.99926262 -0.033513866 -4.0753803 -0.98251975 -0.024610788 -0.18452462 -39.769299
-0.18290615 0.028944035 0.98270418 135.36541 -0.012651128 0.99941447 -0.031790904 -4.1109806 -0.98304902 -0.018247068 -0.18243288 -39.926066
-0.17991532 0.025839918 0.98334261 136.19232 -0.0053874292 0.99961405 -0.027253191 -4.1606965 -0.98366739 -0.010200955 -0.17970668 -40.078764
-0.17765245 0.021551 0.98385725 136.99539 0.0011592083 0.99976407 -0.021690116 -4.1920757 -0.98409265 -0.0027128059 -0.17763552 -40.232736
-0.17386861 0.021129464 0.98454211 137.81387 0.0060087052 0.99977394 -0.020395228 -4.2279085 -0.98475057 0.0023697342 -0.17395627 -40.372518
-0.16892957 0.025254494 0.98530448 138.61419 0.0019848495 0.99967837 -0.025282611 -4.2773988 -0.98562617 -0.0023152987 -0.16892537 -40.503397
-0.162589 0.028889296 0.98627083 139.43917 0.0037955091 0.9995822 -0.028653505 -4.3118574 -0.98668662 -0.00091534385 -0.16263072 -40.633451
-0.15477499 0.029050033 0.98752251 140.21409 -0.001436223 0.99955993 -0.029629237 -4.3528624 -0.98794875 -0.0060041665 -0.15466515 -40.746589
-0.14476747 0.025901531 0.98912659 141.01509 0.0075010098 0.99965732 -0.02507945 -4.3794809 -0.98943731 0.0037887606 -0.14491215 -40.859276
-0.13295025 0.024054889 0.99083072 141.8047 0.01552081 0.99963338 -0.022186003 -4.4192278 -0.99100122 0.012428861 -0.13327486 -40.969854
-0.11926693 0.026107628 0.99251887 142.6222 0.013013689 0.99960945 -0.024730339 -4.4610232 -0.99277698 0.0099668213 -0.11956011 -41.060795
-0.10528715 0.027610317 0.99405845 143.40346 0.015130305 0.99954326 -0.026160109 -4.4947863 -0.99432679 0.012286086 -0.10565682 -41.138172
-0.091066971 0.027524687 0.99546427 144.19607 0.016701718 0.99951957 -0.02610891 -4.529619 -0.99570475 0.014248305 -0.091482931 -41.202285
-0.077884597 0.029108464 0.99653731 144.93145 0.020724764 0.99940494 -0.027572476 -4.5658038 -0.99674699 0.018505531 -0.078441519 -41.255828
-0.063633663 0.034680304 0.99737052 145.79414 0.015431623 0.99931072 -0.033763207 -4.6211861 -0.99785405 0.01324257 -0.064124976 -41.297311
-0.050585096 0.044167376 0.99774261 146.52755 0.010558175 0.99898946 -0.043687274 -4.6610617 -0.99866399 0.008324417 -0.051000307 -41.317401
-0.037181887 0.052688439 0.99791851 147.30049 0.0021585403 0.99861098 -0.052644572 -4.7069764 -0.99930623 0.00019662359 -0.037243972 -41.325383
-0.024366357 0.053137966 0.99828981 148.07562 -0.0015313192 0.99858318 -0.053190956 -4.7585677 -0.99970197 -0.0028247694 -0.024250465 -41.327807
-0.012465737 0.049534101 0.99869459 148.82578 0.00021930178 0.99877235 -0.049535218 -4.8073073 -0.99992232 -0.00039847667 -0.012461298 -41.32582
-0.0017620497 0.04648341 0.99891747 149.57763 -0.0017259584 0.99891743 -0.046486451 -4.8639142 -0.999997 -0.0018060006 -0.0016799152 -41.315731
0.0080075774 0.052666683 0.99858 150.36411 -0.0044912236 0.99860388 -0.052631926 -4.9246396 -0.9999579 -0.0040633911 0.0082329342 -41.297065
0.014172811 0.06147086 0.99800821 151.09599 -0.011818082 0.99804908 -0.061305546 -4.9757118 -0.99982976 -0.01092567 0.014871627 -41.271373
0.017484901 0.064780271 0.99774632 151.83915 -0.018264966 0.99775309 -0.064460626 -5.0271439 -0.99968033 -0.017096714 0.018628821 -41.248996
0.017045297 0.060269849 0.99803653 152.59689 -0.019824006 0.99800575 -0.059929417 -5.0830491 -0.99965822 -0.018763567 0.018206093 -41.220904
0.016173418 0.05483044 0.99836464 153.35206 -0.013301963 0.99841872 -0.054617917 -5.1547116 -0.99978076 -0.012396851 0.016877194 -41.212127
0.013227367 0.05257957 0.99852909 154.09632 -0.013446476 0.99853555 -0.052401785 -5.1988126 -0.99982214 -0.012733559 0.013915004 -41.197027
0.010111123 0.052581628 0.9985654 154.85043 -0.013170587 0.99853687 -0.052446763 -5.253892 -0.99986218 -0.012621396 0.010788859 -41.184475
0.0066071314 0.052814306 0.99858245 155.60687 -0.014420896 0.99850548 -0.052714817 -5.3115044 -0.99987423 -0.014052159 0.007358885 -41.173395
0.0022939592 0.050851021 0.99870357 156.33917 -0.0097302285 0.9986601 -0.050826456 -5.3604877 -0.99995007 -0.0096010195 0.0027856761 -41.175644
-0.0029489331 0.051348531 0.9986764 157.08912 -0.014122272 0.99857905 -0.051385225 -5.4135812 -0.99989597 -0.014255111 -0.0022195865 -41.171043
-0.0092641069 0.049508215 0.99873071 157.81983 -0.014952186 0.99865509 -0.04964316 -5.4640172 -0.99984533 -0.015393106 -0.008511393 -41.168918
-0.015103175 0.046811792 0.9987895 158.56255 -0.011223489 0.99883261 -0.046983527 -5.5126336 -0.99982299 -0.011919503 -0.014560154 -41.183808
-0.020216793 0.046652959 0.99870651 159.30651 -0.013464235 0.99880742 -0.046930227 -5.5634299 -0.999705 -0.014395597 -0.019564538 -41.193168
-0.025702341 0.047892966 0.99852169 160.02648 -0.013543226 0.99874336 -0.048252204 -5.6095859 -0.99957794 -0.014763399 -0.025021419 -41.205997
-0.029773505 0.050181491 0.99829618 160.75045 -0.01750784 0.9985596 -0.05071689 -5.6632273 -0.99940337 -0.018988029 -0.028852052 -41.221313
-0.032375853 0.052311452 0.99810582 161.462 -0.015851305 0.99847691 -0.052845072 -5.7159951 -0.9993501 -0.017532184 -0.031497338 -41.242234
-0.033891931 0.053899156 0.99797101 162.17874 -0.0160802 0.99838605 -0.054467667 -5.772895 -0.99929618 -0.017893587 -0.032970523 -41.262501
-0.033082747 0.05218177 0.99808943 162.90234 -0.0090806426 0.9985792 -0.052508361 -5.8208057 -0.99941141 -0.010800414 -0.032561901 -41.290237
-0.029135849 0.048581141 0.99839416 163.61156 -0.0048233972 0.99879977 -0.048741637 -5.8612194 -0.99956387 -0.0062357798 -0.028866555 -41.310804
-0.021788616 0.047870068 0.99861586 164.31377 -0.0037668996 0.99884201 -0.047963096 -5.9194422 -0.99975555 -0.0048067344 -0.021583065 -41.320785
-0.010992243 0.04900907 0.9987378 165.01315 -0.0021303544 0.99879477 -0.049035311 -5.9702804 -0.99993736 -0.0026666728 -0.01087459 -41.322048
0.0025319248 0.049402438 0.9987757 165.70659 0.00015684857 0.99877891 -0.049402993 -6.0190552 -0.99999682 0.00028174205 0.0025210829 -41.315323
0.018371232 0.047110082 0.99872071 166.39296 -0.0018365321 0.99888923 -0.047084247 -6.0639991 -0.99982959 -0.00096918623 0.018437343 -41.290428
0.033941973 0.042045795 0.99853894 167.08722 -0.0042441864 0.99911172 -0.041925645 -6.1054333 -0.99941484 -0.0028149455 0.034090272 -41.248026
0.050688135 0.035644995 0.99807818 167.77025 -0.0069282713 0.99935138 -0.035338606 -6.1460611 -0.99869054 -0.0051237077 0.050902215 -41.201882
0.067714139 0.028338923 0.99730217 168.44036 -0.0072478384 0.99958412 -0.027911656 -6.183131 -0.99767848 -0.0053382704 0.067891372 -41.144873
0.084881351 0.02097639 0.9961702 169.12983 -0.0078611289 0.99976136 -0.020382179 -6.2143472 -0.9963601 -0.0061009547 0.085025991 -41.069884
0.1033349 0.014491138 0.99454101 169.78178 -0.0097138353 0.99986088 -0.013559364 -6.2470066 -0.99459923 -0.0082596513 0.10346129 -40.988032
0.1208695 0.012026166 0.99259551 170.44998 -0.0097604523 0.99989267 -0.010926035 -6.2729057 -0.99262046 -0.0083675561 0.12097391 -40.889879
0.13889921 0.011113597 0.99024412 171.08082 -0.0087409165 0.99991183 -0.0099960296 -6.2909994 -0.99026799 -0.0072671998 0.13898411 -40.790508
0.15670518 0.010479648 0.98758978 171.73143 -0.0096457207 0.99991225 -0.0090798765 -6.3120875 -0.98759836 -0.0081031509 0.15679251 -40.671913
0.17242396 0.010028958 0.98497173 172.3721 -0.015618341 0.9998503 -0.0074463861 -6.3301166 -0.98489905 -0.014099688 0.17255478 -40.542073
0.18708968 0.0065044424 0.98232126 172.98173 -0.018083624 0.99983143 -0.003176238 -6.3451 -0.98217642 -0.017169687 0.18717576 -40.402126
0.19945229 0.0023145677 0.97990476 173.61601 -0.014722777 0.99989141 0.00063493477 -6.3639287 -0.97979697 -0.014553558 0.19946471 -40.270429
0.21039415 0.00069984548 0.97761635 174.24623 -0.011273746 0.99993499 0.001710416 -6.381023 -0.97755168 -0.01138126 0.21038836 -40.13278
0.21975097 0.0041895007 0.97554696 174.84143 -0.01468586 0.99989167 -0.00098592339 -6.3967936 -0.9754455 -0.014110088 0.21978869 -39.983984
0.22903511 0.011126357 0.97335453 175.4502 -0.018296559 0.99980723 -0.007123465 -6.4167708 -0.97324624 -0.016177514 0.22919453 -39.824608
0.23840973 0.021043359 0.97093661 176.02815 -0.018700787 0.99967932 -0.0170744 -6.4341486 -0.97098464 -0.014086575 0.2387268 -39.670871
0.24641991 0.028051691 0.96875706 176.62064 -0.015367288 0.99956846 -0.025034944 -6.4482126 -0.96904136 -0.0087180591 0.24674465 -39.517737
0.25293773 0.026751379 0.9671126 177.21526 -0.015074178 0.99960528 -0.023707674 -6.4661945 -0.96736516 -0.0085818613 0.25324114 -39.359443
0.25923648 0.019183159 0.96562331 177.8246 -0.016813781 0.99974085 -0.015347021 -6.4833615 -0.96566755 -0.01225727 0.25949184 -39.177458
0.26329997 0.0082196974 0.96467895 178.43223 -0.01936974 0.99980716 -0.0032322258 -6.5024698 -0.96451958 -0.017834535 0.26340841 -39.001508
0.26542414 -0.0010385332 0.96413115 179.05143 -0.019318048 0.99979294 0.0063951823 -6.5322309 -0.96393823 -0.020322567 0.26534912 -38.826334
0.26644924 -0.0018355204 0.96384716 179.65336 -0.016264841 0.99984723 0.0064003869 -6.5456982 -0.96371175 -0.017382199 0.26637868 -38.657899
0.26779472 0.0012934351 0.96347508 180.25395 -0.014663529 0.99988875 0.0027333604 -6.5479661 -0.96336444 -0.014859923 0.2677839 -38.497043
0.26906501 0.0008583888 0.96312159 180.86195 -0.011152634 0.99993533 0.002224486 -6.5587037 -0.96305748 -0.011339873 0.26905718 -38.323983
0.2709555 -0.0010618092 0.96259125 181.46701 -0.012252636 0.99991457 0.0045519194 -6.5554641 -0.96251393 -0.013027647 0.27091934 -38.146558
0.27340199 -0.0054446565 0.96188442 182.08744 -0.012603728 0.99987786 0.0092421457 -6.572594 -0.96181733 -0.01465015 0.27329997 -37.968092
0.27667094 -0.010845012 0.96090348 182.70816 -0.010532383 0.99984203 0.01431705 -6.5807759 -0.96090704 -0.014081714 0.27651301 -37.786118
0.28081858 -0.014055114 0.95965791 183.33093 -0.0098350854 0.99979812 0.017520985 -6.5848234 -0.95971051 -0.014358535 0.28062366 -37.603468
0.28678784 -0.01529473 0.95787198 183.93979 -0.0093174732 0.99978072 0.018753564 -6.5818912 -0.95794885 -0.01430324 0.28658245 -37.418133
0.29470699 -0.018635904 0.95540589 184.56618 -0.007138964 0.99973898 0.021702757 -6.5821897 -0.95556104 -0.013216562 0.29449702 -37.215999
0.30435322 -0.020825459 0.95233153 185.17295 -0.0045838627 0.99971739 0.023326632 -6.5854835 -0.95254826 -0.011464892 0.30417175 -37.014269
0.31537782 -0.019116576 0.94877358 185.80384 -0.0055034367 0.99974342 0.021972927 -6.5869749 -0.94895027 -0.012151289 0.31519169 -36.791618
0.32650884 -0.015447592 0.94506787 186.41531 -0.0064463686 0.99980679 0.018569464 -6.5857714 -0.94517221 -0.012155349 0.32634617 -36.56943
0.33822399 -0.011591923 0.9409942 187.02419 -0.0078419716 0.9998547 0.015135674 -6.5836876 -0.941033 -0.012498497 0.33808394 -36.337435
0.34986994 -0.010643949 0.93673777 187.64962 -0.0077678015 0.99986811 0.014262546 -6.579689 -0.93676612 -0.012266429 0.34974112 -36.098041
0.36135256 -0.014316007 0.93231932 188.27113 -0.0061443315 0.99982386 0.017734005 -6.5829854 -0.93240906 -0.012136707 0.36120095 -35.837846
0.37246723 -0.015955308 0.92790814 188.88695 -0.0060374144 0.99978938 0.01961475 -6.5820993 -0.92802575 -0.012908017 0.37229245 -35.578486
0.3838895 -0.016216918 0.92323659 189.52185 -0.0089358976 0.9997337 0.021276233 -6.5880994 -0.92333584 -0.016417669 0.38364235 -35.301529
0.39335046 -0.017903475 0.91921424 190.13903 -0.010797191 0.99965147 0.024090483 -6.5764452 -0.91932525 -0.019400933 0.39302005 -35.020038
0.40047453 -0.01664505 0.91615666 190.7794 -0.015209271 0.99957651 0.024808996 -6.5756204 -0.91618169 -0.023869446 0.40005178 -34.727702
0.40491746 -0.018747064 0.914161 191.41725 -0.015808587 0.99949681 0.027499317 -6.5642798 -0.91421661 -0.025586547 0.40441734 -34.429827
0.40663925 -0.024078882 0.9132714 192.06071 -0.0099899257 0.99947565 0.030799773 -6.5539183 -0.91353423 -0.02164791 0.40618548 -34.146776
0.4069637 -0.022204809 0.91317437 192.7187 -0.0086720244 0.99956552 0.028170261 -6.55308 -0.91340321 -0.019383344 0.40659432 -33.857695
0.40617487 -0.02228687 0.91352351 193.3835 -0.0057031932 0.99962124 0.026923141 -6.5446904 -0.91377761 -0.016145504 0.40589392 -33.564549
0.40517466 -0.021406056 0.91398862 194.04783 -0.0027160097 0.99969326 0.024617317 -6.5386094 -0.9142353 -0.012456715 0.40499224 -33.277722
0.40491636 -0.022117683 0.91408615 194.72153 0.00012605058 0.99970873 0.024133613 -6.5294037 -0.91435376 -0.009656873 0.4048012 -32.981258
0.40406452 -0.028995542 0.91427078 195.4009 0.0051327556 0.99955361 0.0294318 -6.5191013 -0.91471612 -0.0071996172 0.40403298 -32.675386
0.4034122 -0.032098142 0.91445516 196.07733 0.0050116978 0.99944705 0.032870516 -6.5137721 -0.91500467 -0.0086773935 0.40335 -32.374694
0.40151512 -0.034380902 0.9152068 196.77648 0.005858483 0.99937111 0.034972435 -6.5024861 -0.9158337 -0.0086802373 0.40146402 -32.081786
0.39982566 -0.034696952 0.91593422 197.45899 0.0050095307 0.99935106 0.035670135 -6.4901191 -0.91657756 -0.0096734341 0.39974001 -31.770253
0.39866622 -0.034879138 0.91643255 198.14884 0.003464632 0.99932667 0.036526879 -6.4784644 -0.91708959 -0.01138693 0.39851862 -31.454866
0.39621931 -0.034003069 0.91752601 198.8456 0.003212372 0.99935923 0.035648555 -6.4680873 -0.91815032 -0.01117721 0.39607465 -31.161884
0.39579866 -0.030775657 0.91782145 199.5253 0.00361484 0.99948277 0.031955006 -6.4630128 -0.91833024 -0.0093299701 0.39570518 -30.862437
0.3949311 -0.024292406 0.91838948 200.2099 0.0023745936 0.99967401 0.025421334 -6.4626068 -0.91870771 -0.0078588729 0.39486004 -30.567782
0.39326517 -0.020836484 0.91918892 200.89366 -0.00031420505 0.99974007 0.022796874 -6.4473384 -0.91942508 -0.0092540297 0.3931564 -30.269327
0.392592 -0.023751103 0.91940597 201.59783 -0.00065028796 0.99965907 0.026101966 -6.4429476 -0.91971255 -0.010845301 0.39244271 -29.962543
0.39104932 -0.026968975 0.91997447 202.28177 -0.0020802776 0.99954214 0.030185748 -6.4370213 -0.92036741 -0.013717918 0.39081417 -29.661207
0.388113 -0.026251222 0.92123781 202.96258 -0.0064784908 0.99949184 0.031210473 -6.4340123 -0.92158906 -0.018081421 0.38774571 -29.373699
0.3839163 -0.026427916 0.92298958 203.65548 -0.008891005 0.99943819 0.032315066 -6.4270418 -0.92332513 -0.020612585 0.38346564 -29.073185
0.37692378 -0.027194603 0.92584494 204.34242 -0.0096640979 0.99939903 0.03328947 -6.4193412 -0.9261939 -0.021495049 0.37643445 -28.794902
0.36826728 -0.027951579 0.92929966 205.03822 -0.0087593624 0.99939928 0.033531245 -6.4060655 -0.92967874 -0.020488532 0.36780121 -28.514998
