1.000000000000000000e+00 4.398956837314658088e-19 2.733407509747682871e-20 -8.673617379884035472e-19 -5.583667658079949532e-19 1.000000000000000000e+00 -6.100159232558060012e-19 0.000000000000000000e+00 4.145284534913582806e-20 -2.210423569125054137e-19 1.000000000000000222e+00 0.000000000000000000e+00
9.998944945115021410e-01 3.604548119289626091e-04 1.452136129933911945e-02 -8.060934462363086861e-02 -3.597656646612681442e-04 9.999999340311653828e-01 -5.007003894309166458e-05 -1.041157756758265274e-02 -1.452137864088399490e-02 4.484048268535468926e-05 9.998945582084903805e-01 2.957021041128948813e-02
9.995344137154806852e-01 1.878624160675892692e-03 3.045367946382685626e-02 -1.097534658816380626e-01 -1.875353960748384887e-03 9.999982322833927961e-01 -1.359453538126950711e-04 -2.201640769232726669e-02 -3.045388154815335813e-02 7.877065874922253559e-05 9.995361698643698833e-01 4.982830217653977378e-02
9.979467583183977419e-01 5.153017480920552701e-03 6.384131876566360997e-02 -6.194253409936355953e-03 -5.233690797372373034e-03 9.999857030056501506e-01 1.096482827296587107e-03 3.384633453347954402e-03 -6.383475693602670697e-02 -1.428357163038756214e-03 9.979594598900196623e-01 4.175584683262161811e-01
9.953961126198564990e-01 4.225008425599516282e-03 9.575347644947633519e-02 2.642030189065321805e-02 -4.547347862145685767e-03 9.999847045454579586e-01 3.148382181824358871e-03 9.405266063531328435e-03 -9.573871157016537736e-02 -3.569311697962950815e-03 9.954001000331476057e-01 5.478025194389353203e-01
9.908296733221912955e-01 1.638887435264752522e-03 1.351068924262060211e-01 1.430337588405732607e-01 -2.352645644987398123e-03 9.999841076751945224e-01 5.123422545145402650e-03 6.642238070043035569e-03 -1.350963508851996397e-01 -5.394297653540011325e-03 9.908177822679676838e-01 8.057389901741449645e-01
9.848440132565012828e-01 -2.072340520501560462e-03 1.734300281971677682e-01 1.700932359747692191e-01 1.053476724378554991e-03 9.999816446061271513e-01 5.966626693724975949e-03 -1.460855487783635498e-02 -1.734392127006761375e-01 -5.693491969443023430e-03 9.848281189769120259e-01 9.390719849864549440e-01
9.762116474082903617e-01 -2.335510758464768698e-03 2.168072054648882696e-01 2.769687712834958959e-01 8.604378983618811167e-04 9.999758399589796509e-01 6.897763513594547431e-03 -7.902783268537286188e-03 -2.168180809428590372e-01 -6.547127802241399855e-03 9.761900713537595697e-01 1.181553257101260135e+00
9.644951460993630432e-01 -2.306595089232310169e-03 2.640904994961946195e-01 3.652752769837551150e-01 -4.206812503422631476e-04 9.999471733242411009e-01 1.027003338792592882e-02 4.033147139254233959e-03 -2.641002418452711442e-01 -1.001649511681314102e-02 9.644432243169701602e-01 1.355471737574247770e+00
9.503003658738801152e-01 -6.155958146487109338e-03 3.112737019857583221e-01 5.296486235843883561e-01 1.008122023564316915e-03 9.998601010331774619e-01 1.669616854256108715e-02 2.044080780837111838e-02 -3.113329414075018398e-01 -1.555257304569231808e-02 9.501736253577389713e-01 1.616018045010385151e+00
9.334077555080646516e-01 -1.578378824255589549e-02 3.584701274268670135e-01 6.328637599386036650e-01 7.318507958767535987e-03 9.996616699149688534e-01 2.495966987463684242e-02 -1.122314756302741912e-03 -3.587428105339213191e-01 -2.067408279536661619e-02 9.332074688638604121e-01 1.808810967428344130e+00
9.119995969787528800e-01 -2.147532997258850412e-02 4.096285426661082640e-01 7.977909708389452348e-01 1.007604796947296835e-02 9.995001081140012511e-01 2.996676668367145163e-02 -6.342575981164361165e-03 -4.100673259620195021e-01 -2.320224210222166308e-02 9.117600816652008389e-01 2.056305676322213394e+00
8.872625868995156484e-01 -2.337167804988099853e-02 4.606721865808141581e-01 9.925988653600565925e-01 8.718849516535452301e-03 9.993868554789017145e-01 3.391009770422338115e-02 -7.908936222206591760e-03 -4.611822718003034116e-01 -2.607062932447539588e-02 8.869223402084827068e-01 2.293585342805903871e+00
8.589143240232743892e-01 -2.531552866138797944e-02 5.114932102393127122e-01 1.161564361218693220e+00 6.608293588128329350e-03 9.992421702906355563e-01 3.835903460224191625e-02 2.389610852494168658e-02 -5.120766735672017678e-01 -2.956702673933442674e-02 8.584307049649151367e-01 2.511874603981111509e+00
8.268900754255836816e-01 -3.063827574528562789e-02 5.615283558800138186e-01 1.408146455095337979e+00 7.810836421370106163e-03 9.990441887072101235e-01 4.300813650039798236e-02 2.164523089877935791e-02 -5.623093455886879477e-01 -3.117699482757495602e-02 8.263390343323823162e-01 2.752399839338867338e+00
7.911197792873588819e-01 -3.638931806517990003e-02 6.105778464876528977e-01 1.617433709043141876e+00 1.001987623832835926e-02 9.988658038170298292e-01 4.654791078427084755e-02 2.370317747416686438e-02 -6.115791887159072182e-01 -3.070705811916926709e-02 7.905871098668244557e-01 2.951928439583803687e+00
7.535379776907972227e-01 -4.090727935927898629e-02 6.561304016445939080e-01 1.884847061796762757e+00 1.127234610349105853e-02 9.987193857831646593e-01 4.932061052420662339e-02 3.384307093492970597e-02 -6.573077350698838250e-01 -2.976882374738551787e-02 7.530341063408264590e-01 3.155304491898196506e+00
7.134968459790722584e-01 -4.412467751263716292e-02 6.992676568348692445e-01 2.203232711635336294e+00 1.219807382216765539e-02 9.986460474122909048e-01 5.056954546207492046e-02 4.271792851076833264e-02 -7.005522585703968241e-01 -2.755149223427320188e-02 7.130690401771562215e-01 3.410210934909980729e+00
6.721399888310318760e-01 -4.612169429368698920e-02 7.389862082737311821e-01 2.474101992983424925e+00 1.134956893711904467e-02 9.985825512366131029e-01 5.200072687801841204e-02 5.364771538274506341e-02 -7.403371076081717295e-01 -2.656459256099959892e-02 6.717107251534881751e-01 3.572176377514003409e+00
6.291132046722435200e-01 -4.636993106540095166e-02 7.759293753331351073e-01 2.825574385203149408e+00 6.964805348751405487e-03 9.985153036723265485e-01 5.402480697321097869e-02 8.370853129878419452e-02 -7.772824958460411437e-01 -2.858352185518716129e-02 6.285021190695909699e-01 3.828740226346102560e+00
5.874547652872732506e-01 -4.719748763329542629e-02 8.078794992504562122e-01 3.172763178042683485e+00 4.081932786646810113e-03 9.984579406256129941e-01 5.536315182044970751e-02 1.020466270020540384e-01 -8.092467167537141792e-01 -2.922563698599857721e-02 5.867415310050921873e-01 4.032037227325151463e+00
5.474560768684643142e-01 -4.828360898043189409e-02 8.354403183945748879e-01 3.546030717767962859e+00 1.919241325913771364e-03 9.984039050142154981e-01 5.644429927455035106e-02 1.220480322425082365e-01 -8.368322252297256680e-01 -2.929736247160391258e-02 5.466749517017980287e-01 4.228193927406427299e+00
5.088100657724554665e-01 -5.092947601192450435e-02 8.593709870041710275e-01 3.985481255532123956e+00 1.043235495259947415e-03 9.982842655254360320e-01 5.854431499651260168e-02 1.332603637585188794e-01 -8.608781807413418141e-01 -2.889140982841158917e-02 5.079902130400679727e-01 4.451614641202097822e+00
4.712291082071740633e-01 -5.076288128077151990e-02 8.805488314979361686e-01 4.384691106654168280e+00 -2.001474173192123885e-03 9.982783052341288599e-01 5.862098054175884920e-02 1.573463133764195776e-01 -8.820085803050192741e-01 -2.938630749022441008e-02 4.703161936938939358e-01 4.633269332321594547e+00
4.354340205308507294e-01 -5.013203178289699774e-02 8.988236644327324276e-01 4.829231754134780452e+00 -2.997513970340157877e-03 9.983619082322143790e-01 5.713593496472295363e-02 1.820709170747216166e-01 -9.002156648574963782e-01 -2.757316569547492782e-02 4.345704669264983111e-01 4.811003679515262199e+00
4.015201067424308823e-01 -4.892802556857706736e-02 9.145423108066218498e-01 5.345496282353078499e+00 -1.847793716107401594e-03 9.985266285217011539e-01 5.423244191756762533e-02 2.035574592073827460e-01 -9.158483523917669844e-01 -2.346530067371499842e-02 4.008381082939789231e-01 4.996777045715207421e+00
3.719503561450690499e-01 -4.719413948193488390e-02 9.270521190251687083e-01 5.856699377888751279e+00 9.203272643967675272e-05 9.987085835961969638e-01 5.080508386660202019e-02 2.200575068544056712e-01 -9.282526269814027620e-01 -1.881164911900642597e-02 3.714743554637009448e-01 5.174522820697052161e+00
3.463769352444504568e-01 -4.533110453526058292e-02 9.369995170582553490e-01 6.397679291320366168e+00 9.876137904749240481e-04 9.988488539688661350e-01 4.795822673029112582e-02 2.498121414266285534e-01 -9.380949094009178868e-01 -1.568622912557514001e-02 3.460229731242496776e-01 5.361723538229192343e+00
3.263265784178972506e-01 -4.481248385483492525e-02 9.441942546557193783e-01 6.964465898737127070e+00 2.098613411397515921e-03 9.989075067188218915e-01 4.668392452426854689e-02 2.679869813077722096e-01 -9.452547677451098584e-01 -1.325270577630008155e-02 3.260641115827582204e-01 5.521063118850114471e+00
3.108768881420440611e-01 -4.522819286745097950e-02 9.493734543454732666e-01 7.544761428243908163e+00 3.063168840067743027e-03 9.989096306183878893e-01 4.658504931166477375e-02 2.953615409941175995e-01 -9.504452606401331272e-01 -1.157412310383570085e-02 3.106764577650157344e-01 5.707560918331206601e+00
2.990075236920003987e-01 -4.689727727066111962e-02 9.530976502169549169e-01 8.163994106741125023e+00 4.252095612435586626e-03 9.988471862700003534e-01 4.781441335954467881e-02 3.165197866629551049e-01 -9.542412884733912914e-01 -1.024420610338968793e-02 2.988622340871106009e-01 5.914508705630583840e+00
2.877793232014145830e-01 -4.872112510052876294e-02 9.564566365862215980e-01 8.790738967215490973e+00 2.917699480015250365e-03 9.987450868291769535e-01 4.999738518886603228e-02 3.487069960627018350e-01 -9.576923119856088906e-01 -1.159755975173058611e-02 2.875603374022784320e-01 6.084949461266178972e+00
2.782118414546957963e-01 -5.036430816261348864e-02 9.591984112774268878e-01 9.473648896492976590e+00 1.353697676516504552e-03 9.986439363904972000e-01 5.204282635365400922e-02 3.785177579540381920e-01 -9.605187947809072924e-01 -1.318046501492919215e-02 2.779027452066454851e-01 6.283952899816211968e+00
2.670204605535761444e-01 -5.199363587040876922e-02 9.622872335307525171e-01 1.016813219447938188e+01 6.506613210602331648e-04 9.985529965529478247e-01 5.377257364075591767e-02 4.079781608027506223e-01 -9.636906488741638910e-01 -1.373225341715403336e-02 2.666679099293081667e-01 6.477682317784708488e+00
2.570912884433539936e-01 -5.411857392414360507e-02 9.648705786811448970e-01 1.085722005618027985e+01 -3.390388754827567135e-04 9.984256042672703391e-01 5.609097749261794663e-02 4.338311435235026603e-01 -9.663870709909395673e-01 -1.474762943497010155e-02 2.566681753668886290e-01 6.669017795672099957e+00
2.470571586196473879e-01 -5.571128759840600353e-02 9.673980550692783398e-01 1.160152441349703523e+01 -5.965018717450501018e-04 9.983369455694620642e-01 5.764535761845957645e-02 4.676246962729160850e-01 -9.690007333095227438e-01 -1.481875213283324541e-02 2.466130558780681159e-01 6.853623600385269299e+00
2.362138376663345807e-01 -5.700298549290325201e-02 9.700276627907231664e-01 1.238005262181440713e+01 -1.292907944154533676e-03 9.982585168621860294e-01 5.897679085110496544e-02 4.999221452771720475e-01 -9.717002459373945689e-01 -1.518528969171508043e-02 2.357287742827619548e-01 7.041519550755868551e+00
2.264741579112238279e-01 -5.986160484068787924e-02 9.721759244174550396e-01 1.314043955693846044e+01 -2.324690106936734991e-03 9.980735787375480950e-01 6.199779994256058441e-02 5.315602204876420656e-01 -9.740144086975072168e-01 -1.630090641338451107e-02 2.258987122391970526e-01 7.234479081382915844e+00
2.149923951945749423e-01 -6.333878946056153980e-02 9.745596193219141501e-01 1.389526920016595035e+01 -4.622622835557358388e-03 9.978174961517034536e-01 6.587014260071827332e-02 5.762245179414567930e-01 -9.766047911898501077e-01 -1.866660042147898213e-02 2.142303807690630058e-01 7.355521530210101133e+00
2.028344705864754682e-01 -6.720549527088867658e-02 9.769040806054424264e-01 1.468837357662937748e+01 -4.317913783532569168e-03 9.975709491431564713e-01 6.952378725920085878e-02 6.142223657335394993e-01 -9.792035284061327838e-01 -1.832000730821466833e-02 2.020515864433094222e-01 7.545683396641452489e+00
1.909081129534170584e-01 -6.975659420698285262e-02 9.791261888212293707e-01 1.548346118647783953e+01 -5.102684127799935257e-03 9.973877859279765001e-01 7.205252974502406038e-02 6.570540590983656726e-01 -9.815946576715262051e-01 -1.875158328016611822e-02 1.900534728610683288e-01 7.719751342383988302e+00
1.764820557757949826e-01 -7.033890467385184309e-02 9.817874036822339390e-01 1.631312274302985799e+01 -5.982220635449208776e-03 9.973483565396205064e-01 7.252908858616578802e-02 6.927453007746442459e-01 -9.842856872087168973e-01 -1.867335064824057062e-02 1.755933040688327507e-01 7.844191868145443891e+00
1.619793397382378042e-01 -6.958063900084970888e-02 9.843379559974568815e-01 1.709447276029820628e+01 -7.582431270839706285e-03 9.973937352303279269e-01 7.175126208395279925e-02 7.336792098227162828e-01 -9.867650263957639112e-01 -1.908589608194377618e-02 1.610295869042129568e-01 7.981556922511767738e+00
1.449188045881482367e-01 -6.865330369922345577e-02 9.870588874497379095e-01 1.786495061189193834e+01 -8.869442970601607718e-03 9.974596853127508655e-01 7.067891561535050160e-02 7.698837389386794516e-01 -9.894038054351241840e-01 -1.899736559258559734e-02 1.439417472801600428e-01 8.084459585625246802e+00
1.243574240357337157e-01 -6.720310996657011260e-02 9.899590679895454715e-01 1.870005684966626802e+01 -1.112936803867299075e-02 9.975465314722337107e-01 6.911624032622787350e-02 8.102356317459985524e-01 -9.921750780347637910e-01 -1.961273553997263525e-02 1.233043874830940523e-01 8.189885693160384506e+00
9.996414932148360577e-02 -6.581083705962019470e-02 9.928122106617925935e-01 1.952703665278720635e+01 -1.556505582767043171e-02 9.975846814773380311e-01 6.769440369583186456e-02 8.523484118758405392e-01 -9.948692955193726428e-01 -2.222019010756986004e-02 9.869835332094363534e-02 8.278397227892003940e+00
6.957465248469901775e-02 -6.532496695647159457e-02 9.954355827230830789e-01 2.035130172079136202e+01 -1.969153757385248837e-02 9.975692874998087767e-01 6.684130435337548581e-02 8.911953172363578091e-01 -9.973823882574776034e-01 -2.425211685797380723e-02 6.811918607620866262e-02 8.323633336067846500e+00
3.602880475377833597e-02 -6.512049853362268659e-02 9.972267689516498557e-01 2.120244346644669875e+01 -2.281416683598232881e-02 9.975609878781529494e-01 6.596657673042681524e-02 9.338105248679214876e-01 -9.990903144166054517e-01 -2.512759395295718901e-02 3.445525875213763939e-02 8.346859814955779555e+00
1.399196407981795603e-03 -6.439089785338300564e-02 9.979237632514442735e-01 2.203552305138032352e+01 -2.431813987345442588e-02 9.976274411773324857e-01 6.440587456837025548e-02 9.664409428037972205e-01 -9.997032998039805385e-01 -2.435776527485244286e-02 -1.699915216637450848e-04 8.337881406302132703e+00
-3.222179953463895352e-02 -6.344699887144060468e-02 9.974648949579225654e-01 2.289015620666718576e+01 -2.544138981474908939e-02 9.977118116300829342e-01 6.264085423179564793e-02 9.947641878975070906e-01 -9.991568988760901604e-01 -2.335849130856866226e-02 -3.376225121142249069e-02 8.291203740735337391e+00
-6.484537292784964269e-02 -6.143189211136955430e-02 9.960026018785550495e-01 2.371867292420982309e+01 -2.787808389819492264e-02 9.978252473913326037e-01 5.972929027464235485e-02 1.028611977352061668e+00 -9.975058431915758694e-01 -2.389347513697947720e-02 -6.641695511715664524e-02 8.251138231426574876e+00
-9.794339556686409987e-02 -5.826752923271527607e-02 9.934847603508142333e-01 2.455950605899207062e+01 -2.965377076148279986e-02 9.980121361895634147e-01 5.560962072755260693e-02 1.068728352253365488e+00 -9.947501003568437472e-01 -2.401397340217247683e-02 -9.947655077770464760e-02 8.163658506523935543e+00
-1.305729181520468019e-01 -5.394251010161862231e-02 9.899701518090908703e-01 2.539837106008355150e+01 -2.709685154910233471e-02 9.983399318989645277e-01 5.082461049303548667e-02 1.092522870808874780e+00 -9.910683581493336947e-01 -2.018875564739073050e-02 -1.318178317876801675e-01 8.030598378149592875e+00
-1.620432170085313872e-01 -4.864113838566148929e-02 9.855841001207293894e-01 2.621232074106877263e+01 -2.261599466125082877e-02 9.987050928910916614e-01 4.557032186324600637e-02 1.115706062037416402e+00 -9.865244696658830303e-01 -1.490560225956210835e-02 -1.629334551992697167e-01 7.890556268156390551e+00
-1.926933699136869349e-01 -4.249532624616841892e-02 9.803384086689024279e-01 2.707341867425463988e+01 -1.649260036455646797e-02 9.990609479806433768e-01 4.006515146395802501e-02 1.133168426348282631e+00 -9.811204185714494930e-01 -8.448039559103998411e-03 -1.932132806208191611e-01 7.693112059169710193e+00
-2.209885711584751722e-01 -3.684475076334156607e-02 9.745801655029323607e-01 2.787637494430574847e+01 -1.108568741023828290e-02 9.993164670906561353e-01 3.526621808749808712e-02 1.141036612284622942e+00 -9.752133997871127447e-01 -3.010458896740647160e-03 -2.212459689521830697e-01 7.486590845118277215e+00
-2.494612617080123051e-01 -3.003106639257989083e-02 9.679190035237692502e-01 2.869357100336449662e+01 -1.993450749785120185e-03 9.995328350575772847e-01 3.049816034682794469e-02 1.167381137496795507e+00 -9.683827347493312310e-01 5.678611797251137579e-03 -2.494045889608227096e-01 7.264782337640839138e+00
-2.760674230630247861e-01 -1.990780833561539911e-02 9.609320687334204081e-01 2.952948984364316232e+01 4.255671096511546951e-03 9.997503494188104689e-01 2.193463206561276080e-02 1.166365014672160250e+00 -9.611288585857442612e-01 1.014484931151346699e-02 -2.759137829342080961e-01 7.034264238761110732e+00
-3.011820112576804043e-01 -4.968103114223976387e-03 9.535537205092912139e-01 3.027181751889454020e+01 8.580158819441513832e-03 9.999318264873336970e-01 7.919800181340811568e-03 1.157519809071855255e+00 -9.535280763056774855e-01 1.056694483194648392e-02 -3.011188528475983173e-01 6.760178355428719144e+00
-3.255102215926368725e-01 1.187032787743129772e-02 9.454639998690688163e-01 3.105324290131418508e+01 8.931064945435211733e-03 9.999151875745622142e-01 -9.479120309444555650e-03 1.122487857792028088e+00 -9.454963494153978409e-01 5.358450889151928145e-03 -3.255886302797274534e-01 6.475463614926204592e+00
-3.508513650307185650e-01 2.657419032349082888e-02 9.360540136330524064e-01 3.186110554445974330e+01 7.313685777192538949e-03 9.996445335466827009e-01 -2.563818512652069059e-02 1.084347556316179517e+00 -9.364026080548335518e-01 -2.149186352279095196e-03 -3.509210057353686074e-01 6.186252704986040740e+00
-3.750293791268999866e-01 3.703348188422735804e-02 9.262728921191999421e-01 3.260404348876592451e+01 1.180041652812413230e-02 9.993114662099623624e-01 -3.517589580678282674e-02 1.057959489892854377e+00 -9.269378238809403703e-01 -2.261587463468512499e-03 -3.752081705435229009e-01 5.871150256778744136e+00
-3.990885054590824765e-01 4.212514371890727777e-02 9.159442243094993996e-01 3.339054405846337659e+01 1.559033442813648716e-02 9.991114337805706569e-01 -3.915717466550893561e-02 1.011005514173425990e+00 -9.167798646945956031e-01 -1.347300587335422762e-03 -3.993906352637983659e-01 5.531492106743049142e+00
-4.217140639574836203e-01 4.127893064076398888e-02 9.057887631305808762e-01 3.411342739817156655e+01 1.778096852942773545e-02 9.991475837337266963e-01 -3.725510758340448703e-02 9.627585044267447101e-01 -9.065545207526992666e-01 3.947996323173767752e-04 -4.220885686727929298e-01 5.174399466426362615e+00
-4.417378318051203290e-01 3.814838843071020891e-02 8.963327361852740927e-01 3.486304454955362786e+01 2.191031425684549644e-02 9.992562690369329870e-01 -3.173085059342890812e-02 9.288538432348640850e-01 -8.968766021224298113e-01 5.622215792417705089e-03 -4.422451421439829722e-01 4.791656260363326147e+00
-4.600903845106185108e-01 3.675657721545746992e-02 8.871109163607023840e-01 3.558783864082367643e+01 2.903817403269124200e-02 9.992311504549065138e-01 -2.634183669860040711e-02 8.958130095037827312e-01 -8.873971126660896713e-01 1.364045647443090127e-02 -4.608039893639848117e-01 4.387804241340222511e+00
-4.742189522963178305e-01 3.754661134027820202e-02 8.796059477356674705e-01 3.629257822526705013e+01 3.287967819589075052e-02 9.991485213445431279e-01 -2.492306167226701272e-02 8.483311728636361293e-01 -8.797927738024583499e-01 1.710217340644017148e-02 -4.750496867184156313e-01 4.017658693949611504e+00
-4.854751669995417962e-01 4.072197260612907266e-02 8.733015340584108221e-01 3.696865833754751662e+01 3.539269014855783019e-02 9.990111500508545017e-01 -2.690872536055828601e-02 7.934707237502328647e-01 -8.735337613964890835e-01 1.784497376295642382e-02 -4.864363662952720935e-01 3.600265629231151898e+00
-4.950787815798372571e-01 4.349421650669332146e-02 8.677587450063022345e-01 3.769613869258070338e+01 3.700843291115762240e-02 9.988954443113909898e-01 -2.895284385005040748e-02 7.536043984562265097e-01 -8.680595534507422606e-01 1.778045373441503735e-02 -4.961415935126602395e-01 3.197175040862902495e+00
-5.053474840957623559e-01 4.258403811941644662e-02 8.618645523280143994e-01 3.837898445387632052e+01 3.077261968753642815e-02 9.990356409847336305e-01 -3.131826730214829629e-02 6.932758246424958193e-01 -8.623670787047129638e-01 1.069522352823650338e-02 -5.061705713185237210e-01 2.802182824441596498e+00
-5.166880911154146938e-01 4.149727001905720303e-02 8.551674571776034517e-01 3.907801547162966216e+01 2.927472860150950526e-02 9.990969570279388812e-01 -3.079384146470013142e-02 6.854505345750427914e-01 -8.556730793914395505e-01 9.123985059188072233e-03 -5.174363220889567350e-01 2.386317932636091044e+00
-5.257477914458258406e-01 4.297095111534662143e-02 8.495544385412036048e-01 3.975572175635615224e+01 3.171679857415160564e-02 9.990190442233306545e-01 -3.090297579832430169e-02 6.413741041496350270e-01 -8.500490081951499466e-01 1.069797674507554780e-02 -5.265949583115481225e-01 1.971379461503528496e+00
-5.324615689681971853e-01 4.577123744485325774e-02 8.452157466665192187e-01 4.043639770193362182e+01 3.529749672946501382e-02 9.988690121032102187e-01 -3.185566394315339500e-02 5.921261489903668629e-01 -8.457179056976077414e-01 1.287208427983547142e-02 -5.334749726741903064e-01 1.519023004133741583e+00
-5.367500815347397980e-01 4.911911951456299913e-02 8.423103045620724538e-01 4.112773398193583319e+01 3.614860952827438079e-02 9.987261214373863716e-01 -3.520528832202364511e-02 5.576078033243209164e-01 -8.429665708901999954e-01 1.155190593724745446e-02 -5.378419161723262398e-01 1.085859093350777460e+00
-5.359703400680591034e-01 5.038726141485050380e-02 8.427318111615144103e-01 4.183666535096688222e+01 3.528528895683964717e-02 9.986820628792416610e-01 -3.727043875003614726e-02 5.070381669576784489e-01 -8.434991135762681669e-01 9.760186734949940005e-03 -5.370418951289537279e-01 6.406259844036019668e-01
-5.326896468084504344e-01 5.132065356921405863e-02 8.447531697084110780e-01 4.256393721235138372e+01 3.771244891333936505e-02 9.986076016229694652e-01 -3.688670645283550348e-02 4.695335502035876130e-01 -8.454700012964976308e-01 1.220854514438995085e-02 -5.338833593266508748e-01 1.609226382055511662e-01
-5.273737722765249325e-01 5.038257305103150535e-02 8.481382479193686486e-01 4.332422567860954388e+01 3.631600392193846949e-02 9.986646564874533949e-01 -3.674304939686733051e-02 4.249381373302280052e-01 -8.488569160880440334e-01 1.142367238810347921e-02 -5.284992420481534614e-01 -2.760356836823051885e-01
-5.204019849846055479e-01 4.891360316667487523e-02 8.525193371771203621e-01 4.406303898000504660e+01 3.390189688021114783e-02 9.987544377002022244e-01 -3.660921335388975933e-02 3.766758875188920830e-01 -8.532481745452938915e-01 9.850516364861531746e-03 -5.214120570245512898e-01 -7.112317060386619261e-01
-5.129308511956044425e-01 4.831808460923783105e-02 8.570690119665445028e-01 4.483511557486023236e+01 3.212053530307602822e-02 9.987957671092103640e-01 -3.708485889233918698e-02 3.327440241753865102e-01 -8.578287854807175039e-01 8.507548215037201780e-03 -5.138651669452677373e-01 -1.189149803387546278e+00
-5.066874274493219366e-01 4.677882997873001464e-02 8.608597902701438098e-01 4.565890722064006724e+01 2.916361604154926040e-02 9.988854003286432581e-01 -3.711388495283067523e-02 2.841713186208445485e-01 -8.616364352673647753e-01 6.300646480416056787e-03 -5.074869148595908541e-01 -1.644929648161662206e+00
-5.019004475550122857e-01 4.483528578364137651e-02 8.637625393490603321e-01 4.648524223684709966e+01 2.531694628082569593e-02 9.989891862383137866e-01 -3.714374728186562585e-02 2.395897049671864287e-01 -8.645548017823668774e-01 3.225367379509937182e-03 -5.025282134150759195e-01 -2.097203180277386281e+00
-5.007486518190317204e-01 4.178444491717291792e-02 8.645836190504451180e-01 4.730972774978397410e+01 2.018565596575310275e-02 9.991262673166928510e-01 -3.659564470510790618e-02 1.967707179123374117e-01 -8.653573477663576430e-01 -8.730313396069056637e-04 -5.011545790040636827e-01 -2.568005681168233245e+00
-5.015220539192752902e-01 3.910527522524785693e-02 8.642606050011245600e-01 4.814404597110822692e+01 1.754207349397536586e-02 9.992321927773177848e-01 -3.503284944523078759e-02 1.518361447049366708e-01 -8.649670036587698840e-01 -2.408822648906992943e-03 -5.018229704935484037e-01 -3.037706796819307886e+00
-5.023373047958092918e-01 3.782542719449957791e-02 8.638439996634067475e-01 4.899040805554361100e+01 1.591816449030985722e-02 9.992779519551664436e-01 -3.449908323007508382e-02 1.086925980307284489e-01 -8.645252203177643535e-01 -3.579364708664510130e-03 -5.025767057158536666e-01 -3.536766078611996544e+00
-5.027383397084927985e-01 3.742069333857476338e-02 8.636282996693294134e-01 4.986016685603766518e+01 1.625945652100002983e-02 9.992951943038704821e-01 -3.383407576296000585e-02 5.851871210662895617e-02 -8.642857190586566984e-01 -2.967559381683721343e-03 -5.029924482158233401e-01 -4.047638651882728311e+00
-5.027491027423414138e-01 3.668211776746268388e-02 8.636537202024276993e-01 5.074373460267815972e+01 1.593133616900668445e-02 9.993227265650377333e-01 -3.317047885109763311e-02 7.991529209897554886e-03 -8.642855688531717595e-01 -2.917269824601922013e-03 -5.029930004965962320e-01 -4.537227839103048055e+00
-5.028821064911265237e-01 3.627763015245329126e-02 8.635933690197201695e-01 5.163751238350980799e+01 1.648048128302466095e-02 9.993396423764246972e-01 -3.238321910792164166e-02 -3.670850334438119367e-02 -8.641978899608260267e-01 -2.052506172349749438e-03 -5.031478984794186537e-01 -5.047237479019219819e+00
-5.034083656054232359e-01 3.553404445516325505e-02 8.633176331015783855e-01 5.251214218199667982e+01 1.563803131749371897e-02 9.993650424014511868e-01 -3.201505852150634407e-02 -9.436120299497029185e-02 -8.639071024777927876e-01 -2.616059193226073602e-03 -5.036444063543934480e-01 -5.567218824116498155e+00
-5.036339932834289490e-01 3.427152367418920265e-02 8.632370763454201290e-01 5.341235543285505827e+01 1.440313633565360948e-02 9.994070524313016790e-01 -3.127448139102795982e-02 -1.386379330004004762e-01 -8.637970611013036093e-01 -3.317569747416107117e-03 -5.038289833750796420e-01 -6.061876594180562350e+00
-5.038473420281930348e-01 3.339982785033775853e-02 8.631467395153561428e-01 5.431650059628501026e+01 1.382201732312315565e-02 9.994359769025936702e-01 -3.060522640171801922e-02 -1.972440074556394141e-01 -8.636821290609780766e-01 -3.489931886931464406e-03 -5.040248147041982429e-01 -6.581492318502817795e+00
-5.028690134011445378e-01 3.250874200690458127e-02 8.637510773028417299e-01 5.521002194401090435e+01 1.243461317184846315e-02 9.994611612957329250e-01 -3.037708729103759386e-02 -2.489776027038459461e-01 -8.642731906446076140e-01 -4.535284499789522805e-03 -5.030022829611513480e-01 -7.096277768820150378e+00
-5.020360908691599011e-01 3.132153326363620871e-02 8.642793017833224622e-01 5.610362354466669643e+01 1.215376395731695459e-02 9.995008020487097244e-01 -2.916217931150579673e-02 -3.004420956731569947e-01 -8.647612744641260951e-01 -4.136218977608773981e-03 -5.021661512198640764e-01 -7.596552205806728075e+00
-4.994682852569055642e-01 2.916314839553482696e-02 8.658411685898044219e-01 5.700740138750707331e+01 1.248990399283773922e-02 9.995717767104593809e-01 -2.646252971611645632e-02 -3.537125913717165115e-01 -8.662421409128782113e-01 -2.402920355484259880e-03 -4.996186474470676320e-01 -8.128143323659989150e+00
-4.970916532486306938e-01 2.752811046583159352e-02 8.672612511753245990e-01 5.788098860380121380e+01 1.297901203200568440e-02 9.996206948969933448e-01 -2.429015349744797700e-02 -4.015894652468695591e-01 -8.676009716062537125e-01 -8.182374124346560680e-04 -4.972603927454423145e-01 -8.611805244543688787e+00
-4.944478396399146769e-01 2.704386640538208875e-02 8.687864809645492459e-01 5.880121503918486070e+01 1.246156156830900870e-02 9.996336936543950280e-01 -2.402473666221723730e-02 -4.604813846864077576e-01 -8.691179757788393134e-01 -1.052541985606954712e-03 -4.946037302876196140e-01 -9.138510194465510494e+00
-4.925418593163601311e-01 2.759932352409074849e-02 8.698510105031153072e-01 5.967440692615817710e+01 1.348192754597240563e-02 9.996190570907076411e-01 -2.408273876758105017e-02 -5.002391248447624061e-01 -8.701843292928674867e-01 -1.344876890955778830e-04 -4.927263222918723540e-01 -9.635950954115607203e+00
-4.916613733686046595e-01 2.783702376628240452e-02 8.703414159639909498e-01 6.055006647754890992e+01 1.325188606558037364e-02 9.996123474598979097e-01 -2.448555283255155618e-02 -5.503710763260953875e-01 -8.706856458935759990e-01 -5.049343125077637674e-04 -4.918396738806825597e-01 -1.012285747359455357e+01
-4.922081061301566418e-01 2.902903203141213653e-02 8.699933803578983049e-01 6.144711717068933154e+01 1.265846160747559693e-02 9.995768033129313057e-01 -2.619117418253485291e-02 -5.938134348344459301e-01 -8.703855215435346571e-01 -1.878729513057860725e-03 -4.923672694023242258e-01 -1.063009421297862467e+01
-4.948142030414831583e-01 3.093214992983262315e-02 8.684480945466120927e-01 6.233985530513088946e+01 1.142460952450291729e-02 9.995114781833226436e-01 -2.909094798740039303e-02 -6.465585457062346109e-01 -8.689236993105964313e-01 -4.472932973247923001e-03 -4.949258644652764771e-01 -1.112349607031739396e+01
-4.993890478728573723e-01 3.144792637449037725e-02 8.658069029638597591e-01 6.321206924993578724e+01 1.011998238147739440e-02 9.994845633194822110e-01 -3.046627023810558749e-02 -7.019193730018379318e-01 -8.663187503444206294e-01 -6.452570204817248585e-03 -4.994498981193106202e-01 -1.161266821372960756e+01
-5.050649041684955876e-01 2.997214186272496167e-02 8.625607803572087340e-01 6.409463659743725827e+01 1.015004746606683848e-02 9.995339938357779008e-01 -2.878839494008814809e-02 -7.445867102306670260e-01 -8.630216865104634039e-01 -5.784974185990836466e-03 -5.051337606864189089e-01 -1.211450606834263155e+01
-5.101752520401131585e-01 2.784466133501432850e-02 8.596196098538311237e-01 6.495281426616615761e+01 1.308560654944311737e-02 9.996114060608973784e-01 -2.461308088256911747e-02 -8.112029209781919104e-01 -8.599709246729450030e-01 -1.308339823048383080e-03 -5.103413665218786699e-01 -1.262405458108604250e+01
-5.155199424917993323e-01 2.598199227199165032e-02 8.564835734932728650e-01 6.580359838669561157e+01 1.053033229262930089e-02 9.996568088920864126e-01 -2.398700728147801914e-02 -8.487050935801272455e-01 -8.568128810160947628e-01 -3.346723079056700221e-03 -5.156166208489888492e-01 -1.313584533161177959e+01
-5.207608613242246109e-01 2.799741027977349292e-02 8.532433750791208471e-01 6.663687170409045279e+01 1.153866162095462319e-02 9.996016272143799508e-01 -2.575744818498062680e-02 -9.004513691066026171e-01 -8.536246227595745140e-01 -3.568183419639678854e-03 -5.208764582135435584e-01 -1.365117754916743031e+01
-5.254413762636684915e-01 3.021015090225439778e-02 8.502932986699890394e-01 6.746102956494821967e+01 1.184967888362918435e-02 9.995323470718441294e-01 -2.818993162080074555e-02 -9.451537679947307202e-01 -8.507472933323276809e-01 -4.736453038613720572e-03 -5.255536338495487847e-01 -1.418119611962525362e+01
-5.301288526606440232e-01 3.063972900938915708e-02 8.473633184983584421e-01 6.833853701914327416e+01 1.063369379942634939e-02 9.995085567830600537e-01 -2.948846304311644392e-02 -9.887186995793130206e-01 -8.478504207329986553e-01 -6.622082150964926812e-03 -5.301941391209766818e-01 -1.470524032107967649e+01
-5.345213834913696838e-01 3.130191470192639214e-02 8.445750811852642537e-01 6.915620898861178034e+01 1.002148722075281440e-02 9.994783881621774890e-01 -3.070051091208908858e-02 -1.037306313728213025e+00 -8.450955402232367408e-01 -7.946180335254014390e-03 -5.345562637371319425e-01 -1.519710749031851194e+01
-5.373622056919263867e-01 3.007609731859862967e-02 8.428150896524021496e-01 6.996531586970846206e+01 9.626869608142516951e-03 9.995175299553933357e-01 -2.953016549499100710e-02 -1.095635495712453222e+00 -8.432966233432044323e-01 -7.754723043415586922e-03 -5.373924843779722682e-01 -1.571201978870734806e+01
-5.403134783804856012e-01 2.392418905689768643e-02 8.411236326397372176e-01 7.079829807956760135e+01 1.158736785789344845e-02 9.997125022896161672e-01 -2.099156143881118763e-02 -1.141045716010705480e+00 -8.413840321715458925e-01 -1.595613723218388237e-03 -5.404353590552727349e-01 -1.624318695472713614e+01
-5.421250374646048309e-01 1.613968649666179880e-02 8.401428101363798140e-01 7.159360661682164562e+01 1.213645187408910614e-02 9.998616300525201561e-01 -1.137661040806799140e-02 -1.180347748259355178e+00 -8.402101890959476904e-01 4.028808404225664268e-03 -5.422459033615472102e-01 -1.676824622621281691e+01
-5.444373457601862087e-01 1.373737644230785260e-02 8.386890056626791212e-01 7.241973021111921582e+01 1.325185150230165018e-02 9.998819605938426003e-01 -7.775171291841830208e-03 -1.192019262183152017e+00 -8.386968322924562846e-01 6.881089530777471409e-03 -5.445551275511594236e-01 -1.729919826232274715e+01
-5.449888044389231689e-01 1.802446070265300432e-02 8.382495505855652729e-01 7.323139840121319821e+01 1.238251151437870512e-02 9.998328929700467382e-01 -1.344840224758580421e-02 -1.239454977757010301e+00 -8.383518879082338948e-01 3.050407003125094572e-03 -5.451209222496018469e-01 -1.781015907858279945e+01
-5.463178646969953922e-01 2.262285186968355719e-02 8.372723478775538908e-01 7.403378151145075492e+01 1.232045689776670346e-02 9.997440692999245426e-01 -1.897372446972043700e-02 -1.294054312598432732e+00 -8.374873184372764179e-01 -5.010584272084900456e-05 -5.464567702327021159e-01 -1.832810543561080507e+01
-5.467851079895952315e-01 2.818262638822834065e-02 8.367985256325348731e-01 7.483026264812880868e+01 1.901890472907575083e-02 9.995935319732086599e-01 -2.123798643340990555e-02 -1.319480163118239568e+00 -8.370569505196576721e-01 4.302377687923513751e-03 -5.470988611899429976e-01 -1.885635578109994626e+01
-5.464988046154790613e-01 2.941781208113841001e-02 8.369430303986065134e-01 7.563072135550331154e+01 2.246793901027936691e-02 9.995381426147285087e-01 -2.046199250520836649e-02 -1.360345760897817557e+00 -8.371584436295891329e-01 7.621931504597656386e-03 -5.469073588925987828e-01 -1.937467479047530361e+01
-5.461235610920396333e-01 2.611835255600851100e-02 8.372973634946618837e-01 7.639634403779541572e+01 2.190055502306302929e-02 9.996173526006197907e-01 -1.689716050720579260e-02 -1.401431630964390385e+00 -8.374183143375387717e-01 9.109340514203667985e-03 -5.464865959275437834e-01 -1.990726250006567355e+01
-5.454583275382935970e-01 2.174256942228782255e-02 8.378558711445674989e-01 7.723561836340201125e+01 2.044557136738747033e-02 9.997111595596741562e-01 -1.263234062689714936e-02 -1.427330129692740757e+00 -8.378885385443538558e-01 1.024002763452293817e-02 -5.457453175486459696e-01 -2.041175526671328200e+01
-5.446424936572420439e-01 1.602910685686110767e-02 8.385151215284418758e-01 7.800410656598420189e+01 1.927227573777151245e-02 9.997925268653614639e-01 -6.594132257841170235e-03 -1.447226295651202310e+00 -8.384468647456984058e-01 1.256865103850745430e-02 -5.448384135184901611e-01 -2.092247469038018437e+01
-5.444791143847472759e-01 8.686006649006402028e-03 8.387294167203933615e-01 7.882854338580642661e+01 9.599520839307205608e-03 9.999454200410134996e-01 -4.123847996552646757e-03 -1.482347640572327041e+00 -8.387194732010987419e-01 5.806052395102572102e-03 -5.445327794177117209e-01 -2.144620024382520640e+01
-5.424078882647028754e-01 3.514118526703906287e-03 8.401079221514103912e-01 7.963570243764807799e+01 6.909863603921183707e-04 9.999927794941614323e-01 -3.736776253762949269e-03 -1.509919578276049501e+00 -8.401150021670222845e-01 -1.446352877432792797e-03 -5.424064011933527052e-01 -2.192005740568713534e+01
-5.411569524124458797e-01 3.796569634751924705e-03 8.409130311956606318e-01 8.041059237380527236e+01 3.532043267672478701e-03 9.999912494963399956e-01 -2.241783906562148931e-03 -1.539564146035236281e+00 -8.409141984334261855e-01 1.756985217366146754e-03 -5.411656278460811320e-01 -2.242505893068294753e+01
-5.377669470619939052e-01 7.400284270914276284e-03 8.430610496889695549e-01 8.122950136726004189e+01 9.933297801322595738e-03 9.999476836454661566e-01 -2.441218896986395524e-03 -1.558355308551762075e+00 -8.430350241246030718e-01 7.061570639417178580e-03 -5.378123234680981524e-01 -2.295006082084542598e+01
-5.329136663737203961e-01 1.038855529419813011e-02 8.461058379952706154e-01 8.199332609411263206e+01 1.044974146199997844e-02 9.999291794915097231e-01 -5.695514654672538882e-03 -1.592593029502131330e+00 -8.461050991730642012e-01 5.806370650232305433e-03 -5.329844840632639302e-01 -2.343389640569711929e+01
-5.247597088639542884e-01 1.244766154006967350e-02 8.511593802058425862e-01 8.279817350929936026e+01 1.545502734542028404e-02 9.998675876849990596e-01 -5.094035806797127600e-03 -1.610855545202562356e+00 -8.511100998005252105e-01 1.048154778496894653e-02 -5.248826043624537085e-01 -2.391318740386498476e+01
-5.163577058699457822e-01 1.526197761261647266e-02 8.562369872429376194e-01 8.358891370633254780e+01 2.327318015871047974e-02 9.997219795743842452e-01 -3.784521510220146840e-03 -1.645545405644723624e+00 -8.560567099907557820e-01 1.797319192388214040e-02 -5.165693438399161508e-01 -2.440306970062258785e+01
-5.068733444470567839e-01 1.510249372092830646e-02 8.618882258774291927e-01 8.438520666587695018e+01 2.253756927274968083e-02 9.997369048227719990e-01 -4.263692025367954615e-03 -1.649517520027808049e+00 -8.617258745583871171e-01 1.726371486338779127e-02 -5.070803632255880267e-01 -2.485875621078722730e+01
-4.959292691758654947e-01 1.207437171552795847e-02 8.682789620113490203e-01 8.522812758926363585e+01 1.768952126117841542e-02 9.998363062072120888e-01 -3.800210238206221287e-03 -1.691132668840360731e+00 -8.681827303290793330e-01 1.347480474901244923e-02 -4.960616797090843799e-01 -2.533817025997382544e+01
-4.844174517078923548e-01 9.146521104314830550e-03 8.747891516205078544e-01 8.601982849260856767e+01 1.964138720729514953e-02 9.998069999258286655e-01 4.228174590453221272e-04 -1.697736310140881333e+00 -8.746164650985362998e-01 1.738689372653929449e-02 -4.845036106965156519e-01 -2.577764531559738259e+01
-4.728560163067468958e-01 8.055055348636203441e-03 8.811028827007074682e-01 8.684739167853935271e+01 1.953901119385918761e-02 9.998081897616102331e-01 1.345620253818916251e-03 -1.718200213779700336e+00 -8.809230543687216475e-01 1.785216484914385268e-02 -4.729227067370958548e-01 -2.619479378354268562e+01
-4.609227380819479469e-01 7.022181996457205547e-03 8.874124769651492439e-01 8.767419026889574241e+01 1.904076993508245844e-02 9.998167512065870843e-01 1.978144156285668257e-03 -1.736661430939011153e+00 -8.872359841881266584e-01 1.780878956559277942e-02 -4.609719835459031856e-01 -2.661884676385889392e+01
-4.490285874165352853e-01 8.924763662039883472e-03 8.934728098244509864e-01 8.848732616082475033e+01 2.270746805930761933e-02 9.997411355711052217e-01 1.425729020456154928e-03 -1.761872328907500673e+00 -8.932288126844628584e-01 2.092869954401213595e-02 -4.491150099300663667e-01 -2.703527238683857092e+01
