1.000000000000000000e+00 -3.306050084167601550e-19 -2.270457535318767223e-19 -8.673617379884035472e-19 7.546676715296109287e-19 1.000000000000000000e+00 6.237773588823049983e-19 1.387778780781445676e-17 -3.447385680526250622e-20 4.770700176052009879e-20 1.000000000000000222e+00 5.551115123125782702e-17
6.739657553721254413e-01 3.701815445006498891e-03 7.386640755611189046e-01 -5.391219143220256527e+00 -1.217779695104716751e-02 9.999071975350523056e-01 6.100357506600901682e-03 -5.224734187697330223e-02 -7.385731818683134442e-01 -1.310696648432911268e-02 6.739483423542057539e-01 7.203707291491670439e+00
1.251170915572665243e-01 -3.761796887931745034e-03 9.921452961309468188e-01 -3.572196827898468818e+00 -2.283217970998216093e-02 9.997171828541736582e-01 6.672907221295874478e-03 9.086291838430647638e-02 -9.918898232681280236e-01 -2.347835758135807110e-02 1.249956884381770161e-01 1.506654712572946053e+01
-7.601743170660127946e-01 -3.392703913828410550e-02 6.494077239728511808e-01 1.436575945818282740e+00 -5.175546601989044343e-02 9.986251594546095012e-01 -8.369541732979168119e-03 2.613907840447228237e-01 -6.482310117267893190e-01 -3.996771359906980264e-02 -7.608853154263166552e-01 1.913636034946534181e+01
-8.817841075158729947e-01 -3.538277768506396109e-02 4.709153868527256592e-01 6.835369768122581569e+00 -4.640421174299956542e-02 9.988519766845468384e-01 -1.185888728108946966e-02 3.020795447400967948e-01 -4.699555862332904788e-01 -3.230583852099302294e-02 -8.824137406171908005e-01 1.614586075731180870e+01
-9.498669276863465072e-01 -3.439926187755032450e-02 3.137205111483394315e-01 1.184944847242328159e+01 -4.095442812769543167e-02 9.990592440723090606e-01 -1.430985800402355922e-02 3.781200982060850535e-01 -3.129335964643508161e-01 -2.641045169882454829e-02 -9.503827165095588558e-01 1.172765959418707915e+01
-9.581833228591515317e-01 -3.413649065708790342e-02 -2.868362160610888889e-01 1.601487751084136946e+01 -2.921671084566014598e-02 9.993462337609632096e-01 -2.126567647954842599e-02 3.070967250478591759e-01 2.873744676808998033e-01 -1.200380417626435887e-02 -9.585546283357412323e-01 6.802452202223310707e+00
-5.288866864593851913e-01 -2.804938086005867928e-02 -8.488459415552216392e-01 1.625482579595196952e+01 -1.609329362011296602e-02 9.996053379583934584e-01 -2.304405385011685375e-02 3.270146573871743900e-01 8.491574812709479225e-01 1.481678516144096375e-03 -5.291293556349029314e-01 1.512244030353161239e+00
-3.801358714905447855e-01 -2.045012777565489645e-02 -9.245151637293430591e-01 1.316091321321195018e+01 -1.384407607192659345e-02 9.997694411276781823e-01 -1.641506788851667190e-02 1.570463598465633992e-01 9.246377793016108404e-01 6.544686672128001773e-03 -3.803312920721310109e-01 -2.123671827328071693e+00
-1.795335167080035210e-01 -7.907500650229302291e-03 -9.836576148215184778e-01 9.234543055760799035e+00 -3.521115441343616176e-03 9.999664471597266013e-01 -7.408186486794203669e-03 1.832989603635173381e-01 9.836832619295423630e-01 2.129219703403441733e-03 -1.795553259671649471e-01 -5.447631802326368344e+00
-6.879578118275113674e-01 1.239087619164249386e-02 -7.252993909332874356e-01 4.441437839075619287e+00 8.519318881896676895e-03 9.999231544211660827e-01 8.994731508844245119e-03 7.722831420318129747e-02 7.253553150935659888e-01 1.032669988377770018e-05 -6.880104504351463035e-01 -8.352570959176087939e+00
-9.799853205608294315e-01 1.030814360191445369e-03 -1.975753131857436173e-01 2.535180339952887163e+00 1.352729480627442790e-03 9.999979092273763026e-01 -1.493835731364470286e-03 5.524166146717691961e-02 1.975734100395634407e-01 -1.738606219446319368e-03 -9.799847318397647555e-01 -1.359795736981092062e+01
-8.239476258697110422e-01 -9.100215046058322127e-03 5.663124985233072284e-01 4.234853706581614752e+00 -4.379175735970975043e-03 9.999435499644223624e-01 9.678659638287064743e-03 -2.192595764140339853e-03 -5.663686979780735431e-01 5.494216414953742057e-03 -8.239409109149322674e-01 -1.870438609151624476e+01
-6.607230659121242633e-01 -2.005909972857410073e-02 7.495517899950325802e-01 8.117829803956656320e+00 -7.834537590874948720e-03 9.997724880271720016e-01 1.983549173483998077e-02 2.642681588066450593e-03 -7.497792766961495214e-01 7.242293211927392643e-03 -6.607299083172877285e-01 -2.020604929163572550e+01
-6.745395569571744909e-01 -1.777067379463420638e-02 7.386756636759422845e-01 1.252870659279559895e+01 -3.039539750153285799e-03 9.997691568372274462e-01 2.127466698177037444e-02 1.700158200239665351e-02 -7.388830517552662513e-01 1.208976103297795292e-02 -6.744380144346489026e-01 -2.045913714488180801e+01
-2.381316959106721809e-01 -3.179381562286741347e-02 9.708201640067271043e-01 1.646648325993840700e+01 -7.059661367635631851e-04 9.994696943838564662e-01 3.256133040428131620e-02 7.133039161664821159e-02 -9.713403857466180735e-01 7.054748682120162012e-03 -2.380278735990692118e-01 -2.058593258143216431e+01
-5.644040923215883909e-01 -3.092698128632499419e-02 8.255644460739136603e-01 1.968256190629996638e+01 -3.771948527453361164e-03 9.993846971729164474e-01 3.488634112438809831e-02 3.461887766432698854e-02 -8.261349355602826128e-01 1.654163445284941719e-02 -5.641738512159215624e-01 -1.923156085792059855e+01
-7.086757434473139883e-01 -2.401633162097515511e-02 7.058086443355358064e-01 2.257215003430463796e+01 -1.638588024095610123e-03 9.994750479707792401e-01 3.236081020065393471e-02 1.383750740846817762e-01 -7.062149803853642327e-01 2.175432001605444657e-02 -7.083436098480196952e-01 -1.846439024022871678e+01
-8.648976206449440207e-01 -2.036462745407656774e-02 5.010562355210356200e-01 2.524928808403220160e+01 -3.141028441212461667e-03 9.993765772766982636e-01 3.515283833876112901e-02 1.596673392075250164e-01 -5.014595794750023039e-01 2.884386757651067473e-02 -8.644225897112830515e-01 -1.866079125820209939e+01
-9.788283578155025921e-01 -1.713670163392443449e-02 2.061706462267570428e-01 2.688285546124039627e+01 -9.210513924371424924e-03 9.991846842019255215e-01 3.930702115410758535e-02 1.863176524251684285e-01 -2.066759990626816645e-01 3.656825611034586476e-02 -9.781883647889800804e-01 -1.939950002352406955e+01
-9.400692709361033739e-01 -2.486024045840110747e-02 3.406877714306034699e-01 2.703518769490907303e+01 -1.063046543907545868e-02 9.989940479757218883e-01 4.357205743844193291e-02 1.975791529721104001e-01 -3.414280225001953273e-01 3.732227672203698027e-02 -9.393879003611517176e-01 -1.994803599359500623e+01
-9.951378744417577193e-01 -1.872514175038561893e-02 1.017756088523872338e-01 2.694254695790757737e+01 -1.467879875961516055e-02 9.990743158657898748e-01 4.043835712477444194e-02 2.061462486382699688e-01 -1.024387036916454552e-01 3.873712269775192452e-02 -9.944918470407924094e-01 -2.020954553093865869e+01
-9.684507371456301250e-01 -2.285431867718157664e-02 2.467211316526821685e-01 2.721662990362801793e+01 -1.174940381968590103e-02 9.988562817904769187e-01 4.634067378078715604e-02 2.306538046309483392e-01 -2.474980077762786168e-01 4.199745839771903272e-02 -9.676111573043012504e-01 -2.084927503687887906e+01
-1.000002252464488706e+00 -1.852196624072367098e-02 1.778619991708670425e-02 2.686988964650173983e+01 -1.776990800364592824e-02 9.989773396177281661e-01 4.158636722194665458e-02 2.309167204581693000e-01 -1.853805344769086233e-02 4.124208158458735063e-02 -9.993088731639818700e-01 -2.109393682953719562e+01
-9.862943317493605422e-01 -2.021739941694956216e-02 1.643998301485636304e-01 2.731448679007812075e+01 -1.335262139204429314e-02 9.990045952539519103e-01 4.255337797082245355e-02 2.682566555596250235e-01 -1.650958845131589303e-01 3.977971451591445079e-02 -9.855826399465471566e-01 -2.169332560173488034e+01
-9.977279413653308282e-01 -1.487012408567943249e-02 -5.456863357620780203e-02 2.667646908288180541e+01 -1.686053924457919795e-02 9.992127215684752928e-01 3.591168451468715328e-02 2.538583959879419649e-01 5.399125161301449038e-02 3.676859961684747491e-02 -9.971925901282238103e-01 -2.214758859008189873e+01
-9.957623275993273682e-01 -9.898560227115224888e-03 9.675939642736064439e-02 2.716379360546056887e+01 -6.501440220896234287e-03 9.993498957340253286e-01 3.546529845070277298e-02 2.918501272483083886e-01 -9.704769283830121107e-02 3.467528023006234694e-02 -9.951793793148128175e-01 -2.231104516018924500e+01
-9.954577921097590432e-01 -1.041185747102393172e-02 -9.091798302918591146e-02 2.648313256583385567e+01 -1.305485526334893530e-02 9.995079737279708443e-01 2.851692891382473505e-02 2.684960284086670423e-01 9.057626427853296414e-02 2.958504561253025994e-02 -9.951037032513599945e-01 -2.287734461611437808e+01
-9.984799363717504761e-01 -8.150209644155833114e-03 4.328024794691889138e-02 2.685950398379514681e+01 -6.753579242172682087e-03 9.994576402836087281e-01 3.222917420404998456e-02 3.023350423198777337e-01 -4.351944601815586899e-02 3.189781913374870048e-02 -9.979931205340202283e-01 -2.332315527063287774e+01
-9.919954347526290794e-01 -7.114503907784192754e-03 -1.172469959630173530e-01 2.623169695943649060e+01 -1.053771463622174033e-02 9.995337380550641804e-01 2.865393079005125812e-02 2.948442796251645737e-01 1.169883979435634991e-01 2.968866282311114629e-02 -9.916071142422239193e-01 -2.399121722178729144e+01
-9.992356869319951596e-01 -5.251826545871693570e-03 -3.390097237575974420e-02 2.671799190264017554e+01 -6.360421240469011674e-03 9.994495085831658354e-01 3.256841863183193575e-02 3.173780371867009342e-01 3.371119560350398225e-02 3.274900355402682317e-02 -9.987186987416247774e-01 -2.421836837730250025e+01
-9.932610101581370587e-01 -6.118304450292108045e-03 -1.174809852152166323e-01 2.604313198862084633e+01 -1.008477910373403209e-02 9.993983004902582401e-01 3.319012357673999103e-02 3.096979324330075278e-01 1.172072366662357951e-01 3.414235282640776248e-02 -9.927251723740525557e-01 -2.504184348767821078e+01
-9.994068403979597948e-01 -8.024612618243689294e-03 -3.424414863764548705e-02 2.641485459163834193e+01 -9.328841764533427061e-03 9.992313648105294321e-01 3.808568162792414641e-02 3.548201993304488933e-01 3.391223590241142921e-02 3.836327669329031576e-02 -9.987133746246668053e-01 -2.577606005662062572e+01
-9.929985490495595313e-01 -7.599657582305798312e-03 -1.208984842573375823e-01 2.578747111965510186e+01 -1.222801644447380452e-02 9.992144761323958901e-01 3.768812031963052894e-02 3.426933450600144759e-01 1.205173633209675604e-01 3.890399248378099278e-02 -9.923117131775018862e-01 -2.638331389431708018e+01
-9.988218372692544422e-01 -8.955461622086437548e-03 -6.558506482013375105e-02 2.629283254308806406e+01 -1.163485287021853200e-02 9.991005090771951647e-01 4.078024630122703553e-02 3.949776227097769876e-01 6.516128797869909228e-02 4.146518128960940269e-02 -9.980284772583803976e-01 -2.713603342890728953e+01
-9.898701500887233662e-01 -1.050286590851350933e-02 -1.439257263732887926e-01 2.560966512188883470e+01 -1.676232728549000711e-02 9.989654009035480176e-01 4.228366259976132358e-02 3.827538527529566470e-01 1.433326402518974030e-01 4.424572586797582974e-02 -9.890223734077507878e-01 -2.763547052878691801e+01
-9.962798771852214852e-01 -9.757763356333404650e-03 -9.659815677220781605e-02 2.591626261996430003e+01 -1.405077454878990960e-02 9.989409404720480667e-01 4.383485910899008464e-02 4.327278139017463610e-01 9.606836859481135416e-02 4.496536899896963480e-02 -9.953631301851727509e-01 -2.869344358352167035e+01
-9.870738138323466027e-01 -1.097705074176430311e-02 -1.585055258233020181e-01 2.527673047341148305e+01 -1.870372291372907406e-02 9.986954292020945312e-01 4.750089723301969408e-02 4.198554164182670689e-01 1.577779125922594561e-01 4.987102484815596898e-02 -9.859912008838167541e-01 -2.921764433504895209e+01
-9.931037438951039187e-01 -1.091173978302720574e-02 -1.227641685136550559e-01 2.570037601351021195e+01 -1.727207820195974380e-02 9.985488728093350197e-01 5.100923283818990794e-02 4.890158424868829568e-01 1.220300460558400441e-01 5.275206335263848273e-02 -9.918522300685587156e-01 -3.025463439512688879e+01
-9.836641791781020050e-01 -1.161280749453511008e-02 -1.810427220096442191e-01 2.498674061868782204e+01 -2.181470281460619678e-02 9.982757627742457895e-01 5.450706033309377779e-02 4.830315882331297495e-01 1.800980113336223265e-01 5.753026075539621753e-02 -9.822218831833937625e-01 -3.079632703362655022e+01
-9.891849261507127400e-01 -1.023603202433692912e-02 -1.500774314845181590e-01 2.535066869913710619e+01 -1.899625469338765693e-02 9.981839424201296440e-01 5.717265828967322411e-02 5.350138384273654957e-01 1.492203543887118677e-01 5.937158752824971131e-02 -9.875839018666461300e-01 -3.184575054566242613e+01
-9.820072701151998373e-01 -1.073399240767047499e-02 -1.886829872891931104e-01 2.468460575222497866e+01 -2.217087469990297946e-02 9.980362727773305354e-01 5.859591856021941630e-02 5.304557657306303575e-01 1.876835498309140648e-01 6.169919479396556578e-02 -9.803171777681792820e-01 -3.236839644199555011e+01
-9.812386247175260978e-01 -1.193576844924601303e-02 -1.861840694226611082e-01 2.497828939415352067e+01 -2.287840188317566067e-02 9.981286574813159618e-01 5.669050765918384749e-02 5.930971770070724292e-01 1.851584152308447251e-01 5.994777943068224646e-02 -9.796737270310628132e-01 -3.341329004822613058e+01
-9.744073422127879081e-01 -1.137098233909442264e-02 -2.245055359993252397e-01 2.426456401226519688e+01 -2.454743612114412485e-02 9.981377903851366140e-01 5.584911216027078212e-02 5.934160053613264374e-01 2.234515834457414252e-01 5.992238223870993696e-02 -9.728724273898781139e-01 -3.398966327248440678e+01
-9.733565898788296700e-01 -1.418823069436436941e-02 -2.297114625371856900e-01 2.463700598701394995e+01 -2.715582064295384707e-02 9.982024519992497291e-01 5.341870470275077859e-02 6.678985582781770125e-01 2.285408816510275387e-01 5.823679970872985140e-02 -9.719926354587381523e-01 -3.499477780202263943e+01
-9.613041896063029279e-01 -1.623542323328673945e-02 -2.736069537587860201e-01 2.389455651885837284e+01 -3.159726265054788041e-02 9.981525187499556973e-01 5.188616136381607458e-02 6.640415050798107455e-01 2.722594060769726321e-01 5.853490794604218617e-02 -9.600407110024785640e-01 -3.560827533625865726e+01
-9.574349806885119607e-01 -1.996338575729129927e-02 -2.861074773798254478e-01 2.420060670577500872e+01 -3.569929361044951038e-02 9.981188353404133462e-01 4.985763725371649552e-02 7.157855200589144928e-01 2.845737054911520181e-01 5.793478109585972063e-02 -9.563459048990938793e-01 -3.654741529503203168e+01
-9.434631414173162423e-01 -1.850258156541614851e-02 -3.316530108612926742e-01 2.333148756520428080e+01 -3.706978016800218517e-02 9.980710485447786828e-01 4.978853414468514121e-02 7.198349845393404722e-01 3.300925353529531869e-01 5.927389418660366366e-02 -9.423293860665189481e-01 -3.724125953904531627e+01
-9.347256610729507420e-01 -2.062260063925476505e-02 -3.561528464813373263e-01 2.359189338100052424e+01 -3.975908150262313229e-02 9.981258868205934442e-01 4.651903871906832438e-02 7.687237576890262325e-01 3.545264319770541350e-01 5.762783234277237682e-02 -9.337946344504930440e-01 -3.810638383910742277e+01
-9.198837600914274715e-01 -1.795875400320409015e-02 -3.928018163668063889e-01 2.268554851711565234e+01 -3.876650009380639555e-02 9.982273393520600946e-01 4.516120977139648218e-02 7.621034334309820801e-01 3.912952572300394949e-01 5.674856648623106958e-02 -9.189497322719546446e-01 -3.884314505439707688e+01
-9.084936601111774923e-01 -2.179928459768859864e-02 -4.171498873688148645e-01 2.280373885165104042e+01 -4.276021987104136612e-02 9.982481135748502155e-01 4.091300916940219384e-02 7.986807522419346883e-01 4.155268675534489198e-01 5.498732350713481792e-02 -9.078346403075449045e-01 -3.966112673799542421e+01
-8.929699430142915562e-01 -2.028101054305201864e-02 -4.512112409993452311e-01 2.187561915394152479e+01 -4.170263952751099290e-02 9.984205181603893475e-01 3.763483689130620036e-02 7.917376264139232012e-01 4.497360526051471519e-01 5.242525835415726143e-02 -8.924058125347088533e-01 -4.034293563128229465e+01
-8.764304654858616761e-01 -2.078372223683410541e-02 -4.801936773654630897e-01 2.192922596554957693e+01 -4.091944260298203268e-02 9.986666874684896333e-01 3.147585038978311517e-02 8.230996102114692681e-01 4.788990319315210020e-01 4.723325584258693949e-02 -8.761122524277270562e-01 -4.114088620745511093e+01
-8.618102009167059041e-01 -1.578874326343702311e-02 -5.068075413421810893e-01 2.106972575376981993e+01 -3.413298655491116274e-02 9.990557191201423493e-01 2.689633110015843612e-02 8.136904933465455292e-01 5.059041342089766191e-01 4.046430296471286575e-02 -8.615356507260194530e-01 -4.181100662836707471e+01
-8.449663663398411240e-01 -1.418413493795973694e-02 -5.348006150552417903e-01 2.101869460060088102e+01 -2.904749964515648472e-02 9.993891028421640899e-01 1.941997257438064783e-02 8.253233281088496742e-01 5.341987666692313841e-01 3.194397123580619557e-02 -8.448622587687109053e-01 -4.254982753888413782e+01
-8.310390278493418048e-01 -9.308018274295859831e-03 -5.562355788793631461e-01 2.008247966598436207e+01 -2.196888891584696316e-02 9.996290617630742004e-01 1.609596425715258822e-02 8.128098228020144145e-01 5.558795266245168953e-01 2.559613761901270365e-02 -8.309352644931086163e-01 -4.320226116928067484e+01
-8.077550382478941859e-01 -5.600874253298088710e-03 -5.891552666007702221e-01 2.000485812768497951e+01 -1.433953209512342335e-02 9.998456569217739620e-01 1.015397447412382491e-02 8.246702563127994434e-01 5.890075421648091059e-01 1.665101053435002337e-02 -8.077106953302214398e-01 -4.388218662147608029e+01
-8.004078640631804298e-01 -4.225171929692140768e-03 -5.996139447775585829e-01 1.904308927473297075e+01 -6.491038983863742402e-03 9.999776183633033444e-01 1.592950950905253505e-03 7.943048872192575161e-01 5.995939276389395944e-01 5.170968601605292238e-03 -8.004175350046212056e-01 -4.454145208400102973e+01
-7.763059061554633544e-01 -8.828775970564677750e-03 -6.298911892865194373e-01 1.890269088696439681e+01 -9.323042822651053966e-04 9.999166803669944370e-01 -1.287259600795471332e-02 7.756566796406687558e-01 6.299524252700914317e-01 -9.413036643121833191e-03 -7.762495433613114670e-01 -4.517454338412012049e+01
-7.682537152521139445e-01 -1.925709211646863678e-02 -6.404711888475416171e-01 1.801559271340179791e+01 -5.028859453736207567e-04 9.995658888076714987e-01 -2.946329370998238689e-02 7.309966048899809721e-01 6.407604321585717022e-01 -2.229942025537328537e-02 -7.679299890500951298e-01 -4.582288221473667278e+01
-7.407394671984280921e-01 -3.035550598995654173e-02 -6.710668159463581972e-01 1.776762877067580959e+01 1.180228856373377773e-03 9.989194131909475693e-01 -4.645592299890751592e-02 7.068428665778156983e-01 6.717515293628046891e-01 -3.520317965977349389e-02 -7.399036717882654379e-01 -4.644087079670718055e+01
-7.293779524571084583e-01 -3.544067250171581418e-02 -6.829403226820388584e-01 1.692607995268057408e+01 4.125183975061958407e-03 9.984107803483920351e-01 -5.618723482204510816e-02 6.425227543835488886e-01 6.838467005602943960e-01 -4.382976003606894877e-02 -7.280724563969903640e-01 -4.707239443179830829e+01
-7.070520048028929860e-01 -3.611156232266231336e-02 -7.060447374273013388e-01 1.652143297896825302e+01 8.805612982509316081e-03 9.981659876113767593e-01 -5.991369163852589691e-02 5.854139746212774220e-01 7.069130923996649329e-01 -4.854976115945137255e-02 -7.054366570829282423e-01 -4.765138816249003639e+01
-6.942121173209330198e-01 -3.295173626278564277e-02 -7.194533243464787953e-01 1.579647340059323390e+01 1.201651742789549594e-02 9.982831918690272532e-01 -5.736375891638086089e-02 5.210477743892021341e-01 7.201075075066926123e-01 -4.839513607279426893e-02 -6.926248131421492982e-01 -4.825012854510560345e+01
-6.747158590963628910e-01 -2.736614895311842779e-02 -7.373611568728450916e-01 1.526528382033216857e+01 1.574777607678767150e-02 9.985499108925277589e-01 -5.148274680765504985e-02 4.660881529216175934e-01 7.377008636310816714e-01 -4.634401925402579364e-02 -6.733062169038921407e-01 -4.880290556473285335e+01
-6.612488794767782396e-01 -1.888676447909720668e-02 -7.501880740818588356e-01 1.453807020202226319e+01 2.333814549789475778e-02 9.986834332067786590e-01 -4.569363400133687886e-02 4.047464407836344202e-01 7.500629222496065784e-01 -4.769262569172220967e-02 -6.599383588905228804e-01 -4.937422297977128238e+01
-6.471772457319315830e-01 -1.576077668572413437e-02 -7.615876727565185078e-01 1.395113411905647283e+01 2.751292786284475697e-02 9.986502136442002575e-01 -4.404469696648874444e-02 3.424227901635540361e-01 7.612538725833177811e-01 -4.948381573126101746e-02 -6.458694875732183815e-01 -4.990308796462846885e+01
-6.394304923521216821e-01 -1.547793635392459392e-02 -7.684215735031426631e-01 1.327392206310939926e+01 3.109815853547578252e-02 9.984567022399751801e-01 -4.601295486428012144e-02 2.899628810830734427e-01 7.679481009877349162e-01 -5.331807301455089576e-02 -6.379618211358700774e-01 -5.044892920845556006e+01
-6.296380215275804160e-01 -1.701617484901820146e-02 -7.762693548318958525e-01 1.265993797854214975e+01 3.245957598943396277e-02 9.983085104510966978e-01 -4.823391543474338933e-02 2.326954751694347290e-01 7.757770250737353601e-01 -5.557318108874648166e-02 -6.280197754797601783e-01 -5.092942732904203496e+01
-6.226455955799768960e-01 -2.352864622665580899e-02 -7.825434517770059051e-01 1.201947529294164951e+01 2.658577495868444732e-02 9.983369971496095507e-01 -5.117287081625505191e-02 1.831096416136669958e-01 7.824458484902361288e-01 -5.262606841419614767e-02 -6.209851976321022482e-01 -5.143517712120888774e+01
-6.104035564920995416e-01 -2.386972378860589827e-02 -7.914723266519729794e-01 1.139310330769592206e+01 2.519356625845818251e-02 9.984545229275633149e-01 -4.952591692166178478e-02 1.314337667820595079e-01 7.914313962362203858e-01 -5.019593072445172749e-02 -6.088586379823998085e-01 -5.194034843403890278e+01
-6.031956524878608894e-01 -2.306656054297956046e-02 -7.976076168014463175e-01 1.073029668655991209e+01 2.738232217354912706e-02 9.983954244441218817e-01 -4.955401994483026734e-02 7.449501360137224248e-02 7.974713435407023709e-01 -5.174630689390859184e-02 -6.015967689312061717e-01 -5.242814112052580811e+01
-5.974383377056224909e-01 -2.233037853098086140e-02 -8.017122593154152321e-01 1.009415056540817979e+01 3.026904785964392233e-02 9.982730258104063337e-01 -5.037182961489343469e-02 1.658646326899658463e-02 8.014519354083253777e-01 -5.432043382569529816e-02 -5.957309688703172901e-01 -5.291534267718733986e+01
-5.932766339449584425e-01 -2.416906469787733283e-02 -8.048899237989807220e-01 9.416132067419480833e+00 3.216756371488248278e-02 9.980397172838281206e-01 -5.369737306797631171e-02 -2.988089184756311661e-02 8.046100131859762472e-01 -5.771917212787166379e-02 -5.913362907172571292e-01 -5.342043273326078179e+01
-5.934036336685412083e-01 -2.656626849394749454e-02 -8.044053208116704878e-01 8.743658748976503858e+00 3.090564853692033542e-02 9.979644241992285947e-01 -5.580718221957316899e-02 -9.175047095396635100e-02 8.042503982315838407e-01 -5.794300206869385655e-02 -5.913737873950063451e-01 -5.392346324378316780e+01
-5.958014812734667709e-01 -2.361662481984210318e-02 -8.028517021972806367e-01 8.047098513140333864e+00 3.365049275923400612e-02 9.979576468385193966e-01 -5.429134233562309814e-02 -1.474106704453602701e-01 8.024939945511154749e-01 -5.937531366386200604e-02 -5.937906417498974854e-01 -5.444827218387916190e+01
-6.005827454831705881e-01 -2.398149127383976051e-02 -7.986629989761397930e-01 7.363059980001890104e+00 3.144910603875946536e-02 9.980643783895906118e-01 -5.361597875215958625e-02 -2.114060939504954217e-01 7.984037576610573117e-01 -5.738765978342506846e-02 -5.986644155564139202e-01 -5.497234915707122838e+01
-6.083115082540405671e-01 -2.464246669006122520e-02 -7.934334312060391525e-01 6.653337025984673581e+00 2.889189692269231863e-02 9.981677975156946214e-01 -5.314370814022293527e-02 -2.660423045039997381e-01 7.932902171754828702e-01 -5.528162352485935932e-02 -6.064848407448084622e-01 -5.552608086862416314e+01
-6.141372681523823429e-01 -2.644529756393902004e-02 -7.884827362782848015e-01 5.949803546260910458e+00 2.659729434793080619e-02 9.981767001534531669e-01 -5.418231979819771588e-02 -3.239342605759213956e-01 7.884778005561494663e-01 -5.425544366212341901e-02 -6.123140158175991443e-01 -5.609668773869773162e+01
-6.198192641740429831e-01 -2.750794767676921493e-02 -7.838074353994732846e-01 5.240753642681076130e+00 2.368810006719694952e-02 9.982713808878751482e-01 -5.375471891680379949e-02 -3.817162556697253351e-01 7.839323474505300871e-01 -5.195270342524038742e-02 -6.180950944283706283e-01 -5.667659589165570821e+01
-6.240466543250923204e-01 -2.911316323111707433e-02 -7.808276950795040028e-01 4.504517444721463981e+00 1.978515844719694328e-02 9.983974554370924626e-01 -5.301974252587515063e-02 -4.399329859385749941e-01 7.811197800866189755e-01 -4.853536646545131977e-02 -6.224708110111393244e-01 -5.727223316690863442e+01
-6.259097161417153110e-01 -3.208084167348279614e-02 -7.798220450808012183e-01 3.763563476096093652e+00 1.445494991782266155e-02 9.985070517451679617e-01 -5.269453199388217379e-02 -4.960415140777234555e-01 7.803479993092873324e-01 -4.420876807923121432e-02 -6.245121348168619635e-01 -5.788946850304346015e+01
-6.258209050668687157e-01 -3.317989791519834752e-02 -7.797932450871808419e-01 3.000611186033730782e+00 1.177795400927049430e-02 9.985819037187887437e-01 -5.194075674602671028e-02 -5.648327850959607987e-01 7.804099609724688413e-01 -4.163639651681527720e-02 -6.245437735771519616e-01 -5.851397167426042500e+01
-6.247405705221196204e-01 -3.343106288491858036e-02 -7.802590038550315521e-01 2.220187682613002256e+00 1.000221076810869740e-02 9.986583483755664403e-01 -5.081040655249397658e-02 -6.259471871615042149e-01 7.809112476881051590e-01 -3.954506474203470234e-02 -6.235678389839705016e-01 -5.915085047563795939e+01
-6.236935559662796225e-01 -3.244793107605939420e-02 -7.807658255960854277e-01 1.443367268162033534e+00 1.031553927186784451e-02 9.987088747079481132e-01 -4.973973161042481023e-02 -6.880982222508114088e-01 7.813718314590643033e-01 -3.908597036640836658e-02 -6.225531700752868769e-01 -5.978478456260907592e+01
-6.246658431079702423e-01 -3.283132636164566576e-02 -7.802857413904868977e-01 6.368802929614907349e-01 9.576870508309378444e-03 9.987188621818615664e-01 -4.969148912071529728e-02 -7.499324140278583739e-01 7.809176879177096575e-01 -3.850530826307990706e-02 -6.235511479648825350e-01 -6.042859300839545256e+01
-6.245573282886434097e-01 -3.113543687041711930e-02 -7.803840201077082428e-01 -1.718311288993331631e-01 9.950980277869276094e-03 9.988070483398761024e-01 -4.780427232554572414e-02 -8.125187812634603324e-01 7.809415335019460613e-01 -3.762740878074391504e-02 -6.235024566196836204e-01 -6.108278320060984612e+01
-6.225265353589941597e-01 -3.069741426990482691e-02 -7.812903223584066748e-01 -9.739657530372454186e-01 9.565077439043662491e-03 9.988547874356710210e-01 -4.686041389336713381e-02 -8.800888410140088602e-01 7.818348345753719508e-01 -3.669453040478345973e-02 -6.215191109176192441e-01 -6.174134137103417430e+01
-6.234585671593229073e-01 -3.158555006192322046e-02 -7.808210023595831828e-01 -1.784770741507160086e+00 7.472424141219203078e-03 9.988956709641395593e-01 -4.636818530788005405e-02 -9.447288954571747555e-01 7.814241686701423051e-01 -3.478369723453177131e-02 -6.225334039299386113e-01 -6.239546073767758116e+01
-6.234010571524836175e-01 -3.193819632701713762e-02 -7.807445587765459161e-01 -2.572691214694845296e+00 6.004634660450484246e-03 9.989387287922970593e-01 -4.566541843535004697e-02 -1.008449954190434594e+00 7.813746587722856241e-01 -3.317276040310319918e-02 -6.225470681928531036e-01 -6.305751898789915089e+01
-6.243673078829479195e-01 -3.269341800372712464e-02 -7.804812083964692837e-01 -3.371236975054341389e+00 4.679656094829919011e-03 9.989499762030353835e-01 -4.557579769138413173e-02 -1.076324002135338409e+00 7.811515030111897406e-01 -3.210963718684685386e-02 -6.235587797321359149e-01 -6.371938661488903222e+01
-6.262627160697180617e-01 -3.182802021039952273e-02 -7.792062343492637266e-01 -4.198344878123126733e+00 4.294766526927721283e-03 9.990102519754856525e-01 -4.428687574506097457e-02 -1.151445275560973203e+00 7.798443855928944846e-01 -3.106332585902572135e-02 -6.255060388659726689e-01 -6.436983556614310942e+01
-6.274667912951656934e-01 -2.960204990701890276e-02 -7.781663638339013644e-01 -4.971601555976230102e+00 3.775147887108751873e-03 9.991499916892522259e-01 -4.104182743330834354e-02 -1.214659777584706557e+00 7.787200460060763607e-01 -2.870229501291628876e-02 -6.268218956341073955e-01 -6.503286520603398912e+01
-6.293541343860482584e-01 -2.736718917162086345e-02 -7.769351817343378430e-01 -5.764405888860195226e+00 4.994788010010420450e-03 9.992168887602141947e-01 -3.925609580214631245e-02 -1.273065082516762869e+00 7.774013490979622132e-01 -2.857673826754705479e-02 -6.287245941454365772e-01 -6.569760072721069832e+01
-6.326377000286655949e-01 -2.703048091050988880e-02 -7.745481904640119097e-01 -6.571853647049638703e+00 4.168154952850371825e-03 9.992589998917505989e-01 -3.826921527610596674e-02 -1.342703443327048607e+00 7.750084068909374180e-01 -2.741120457581833897e-02 -6.320570551159232497e-01 -6.634929115688754564e+01
-6.339669263474133620e-01 -2.630403547129983935e-02 -7.730957066487926799e-01 -7.366786014202224564e+00 4.298563567140175137e-03 9.992868591477229723e-01 -3.750652468387151439e-02 -1.402219287664132175e+00 7.735311340059705110e-01 -2.710499577945429603e-02 -6.334020150718853159e-01 -6.700687855343531396e+01
-6.330097960201590546e-01 -2.640961144509491876e-02 -7.732801896139854803e-01 -8.156209621002000532e+00 4.694431864846930827e-03 9.992679137202792328e-01 -3.796859146879473512e-02 -1.465746652611771284e+00 7.737169703979943636e-01 -2.767126414614113836e-02 -6.324220628981791492e-01 -6.768084772350287892e+01
-6.330688256785543810e-01 -2.835547529825695537e-02 -7.732146833241443362e-01 -8.944193988678067697e+00 3.325682183837364546e-03 9.992196211998753963e-01 -3.933667718901553284e-02 -1.522254396426543366e+00 7.737273336448601269e-01 -2.751213196947788209e-02 -6.324804416318555722e-01 -6.833943564360033918e+01
-6.318258778919738639e-01 -3.137300048590905416e-02 -7.749534148894325902e-01 -9.729579585650238727e+00 1.917275125933857495e-03 9.991157051084267327e-01 -4.200864287868372876e-02 -1.587799559456558152e+00 7.755855925080463731e-01 -2.799794631989522067e-02 -6.312076905854410169e-01 -6.895604017297330302e+01
-6.275578984734946353e-01 -3.335838762720438194e-02 -7.775452079122080473e-01 -1.052616728598413687e+01 5.852012219336434834e-04 9.990603544234066824e-01 -4.334351347444587166e-02 -1.654351903002467150e+00 7.782604487117438241e-01 -2.765151754699231301e-02 -6.269484131337498267e-01 -6.963423563402231764e+01
-6.237246096358711744e-01 -3.201685792585517998e-02 -7.815379273167820662e-01 -1.133061167774087963e+01 9.715543822834384275e-04 9.991281808312291179e-01 -4.174771094696374391e-02 -1.706351521134562566e+00 7.821935283257548388e-01 -2.677600359855953488e-02 -6.231497407624662088e-01 -7.028524410305274728e+01
-6.177368155656063342e-01 -2.628855312878452047e-02 -7.862369041857705243e-01 -1.211198253444307760e+01 4.029337221325691304e-03 9.993221613757762301e-01 -3.661341636921757597e-02 -1.775288022153241219e+00 7.866662129351740251e-01 -2.575043187251905771e-02 -6.172121029550976523e-01 -7.089629193163494847e+01
-6.132934467383782673e-01 -2.771868605815198602e-02 -7.893839240399112001e-01 -1.290143497848917598e+01 6.863627288296072744e-04 9.993649283034639064e-01 -3.563462314460408981e-02 -1.839031326227236640e+00 7.898702548936952228e-01 -2.238506792168237086e-02 -6.128849171195900336e-01 -7.154003346469903590e+01
-6.070151014344367102e-01 -2.885420858557621177e-02 -7.932752565623520935e-01 -1.372526042744946650e+01 1.416046320733724533e-03 9.992982930759187754e-01 -3.741180824340525207e-02 -1.894783635822358203e+00 7.937987190499459222e-01 -2.387220791410097145e-02 -6.065478229128444809e-01 -7.215819291370830513e+01
-6.042871539221742472e-01 -3.036400172887794915e-02 -7.965613644221629652e-01 -1.450056397457969304e+01 2.452053257865083498e-03 9.991990301948221465e-01 -3.994106532552373079e-02 -1.944324090660777049e+00 7.971360091639730916e-01 -2.607690190333320640e-02 -6.037291198486974819e-01 -7.276133757709200722e+01
-5.988995275077020342e-01 -3.196998730011750556e-02 -7.999338965888512787e-01 -1.527747637369028944e+01 9.958149759381829461e-04 9.991724227746004994e-01 -4.065370701662663483e-02 -2.009216055497748954e+00 8.005717441207396146e-01 -2.515600591716492945e-02 -5.983720912240823031e-01 -7.336766146235227382e+01
-5.965233563310678999e-01 -3.390103578158012304e-02 -8.018795957803671604e-01 -1.608321165105857631e+01 -8.159854407939889844e-05 9.991105536032367507e-01 -4.214989314490123762e-02 -2.067132439291301971e+00 8.025957338904081695e-01 -2.509731409102475275e-02 -5.959957461041085480e-01 -7.396309518737017186e+01
-5.929869170444671544e-01 -3.307291469474232803e-02 -8.044779819077770844e-01 -1.686658296265488133e+01 -8.219652287593558811e-04 9.991811401101710066e-01 -4.044042515462575177e-02 -2.135007387667433143e+00 8.051568051882805888e-01 -2.333110230191242501e-02 -5.925288330510555257e-01 -7.455867716897219566e+01
-5.901320949030252061e-01 -2.471410658284418221e-02 -8.068343286597511321e-01 -1.765987736203258507e+01 1.145696816799532608e-03 9.995053520887241527e-01 -3.142677429227144770e-02 -2.186568652000314472e+00 8.072116178001476072e-01 -1.946556136149355312e-02 -5.898122525470269606e-01 -7.512987340952525983e+01
-5.882400469770836526e-01 -1.564918955539623333e-02 -8.084041385691052017e-01 -1.846245772791704098e+01 1.188723423621731480e-03 9.997950315737544891e-01 -2.022253330435128116e-02 -2.233252034909878336e+00 8.085547757094980748e-01 -1.284170373624753114e-02 -5.881007833752048830e-01 -7.570925406983334938e+01
-5.866322286496227223e-01 -1.246625127610447199e-02 -8.101622016348415389e-01 -1.925685103562349809e+01 8.237013313187618478e-04 9.998721809696213825e-01 -1.597746703772115126e-02 -2.282883829604107184e+00 8.102576632536626633e-01 -1.002226115220533273e-02 -5.865471327246617461e-01 -7.630030546427337867e+01
-5.858444045895866426e-01 -1.754090711164299835e-02 -8.103027580530907104e-01 -2.004401694671154743e+01 1.093146701544421432e-03 9.997477695489487282e-01 -2.243774152069987968e-02 -2.319101041757818393e+00 8.104919111165659329e-01 -1.402574688787395878e-02 -5.856773946911126849e-01 -7.686865322047356130e+01
-5.850750459141507154e-01 -2.170371768288702555e-02 -8.109072036381486104e-01 -2.080421724050329857e+01 2.303721899858766822e-03 9.995940261995032161e-01 -2.838745222807144072e-02 -2.358130475850625185e+00 8.111942403732932405e-01 -1.848358190931278372e-02 -5.847878735272349360e-01 -7.742442102725453879e+01
-5.837168727794229683e-01 -2.005879528200782413e-02 -8.122813940069294469e-01 -2.159399847858423982e+01 8.167773326415295534e-03 9.995004115952241808e-01 -3.053619839868457198e-02 -2.408279957580285568e+00 8.124880090850359338e-01 -2.444511533287168498e-02 -5.832618617985894094e-01 -7.798632315758521827e+01
-5.831457642810636832e-01 -1.674813238128362858e-02 -8.115113869571011218e-01 -2.238917606213611222e+01 1.132386393909480711e-02 9.995217279408480371e-01 -2.876738557806294422e-02 -2.458043979972194926e+00 8.116054462581751006e-01 -2.599159112639307795e-02 -5.826766776757451582e-01 -7.854946424107650671e+01
-5.840404593329537875e-01 -1.493348766750098554e-02 -8.112608619865693260e-01 -2.316345741507809208e+01 1.113498568242484756e-02 9.995889181992111405e-01 -2.641201036019539053e-02 -2.498655808635365183e+00 8.113220993190130015e-01 -2.448169572585061696e-02 -5.836338551560830146e-01 -7.911035438784693952e+01
-5.838158381859532842e-01 -1.195130101895110035e-02 -8.112324258627001683e-01 -2.394244578012990132e+01 8.717347517287300090e-03 9.997411659002698459e-01 -2.101149623771092836e-02 -2.536664862281982291e+00 8.112738134746235730e-01 -1.935247960304641024e-02 -5.835602917035742632e-01 -7.968406009022373837e+01
-5.855589252755704077e-01 -7.366056932559495070e-03 -8.107703472149847546e-01 -2.472113558976137071e+01 6.246179207261284665e-03 9.998883719502726919e-01 -1.358048202871690174e-02 -2.567075120039544522e+00 8.107798779325225969e-01 -1.301373017859836292e-02 -5.854475868953443740e-01 -8.025267378887485847e+01
-5.855212712302062528e-01 -1.096073037065794370e-02 -8.103105443134006602e-01 -2.547370806221011463e+01 -2.751447206275928811e-03 9.999295750363309532e-01 -1.155421648900100372e-02 -2.603301877868613445e+00 8.103802973474575344e-01 -4.540905432452022571e-03 -5.855101719587431086e-01 -8.082464761383924667e+01
-5.870274883197208471e-01 -1.571520083004866036e-02 -8.090839312205080347e-01 -2.623396022736217148e+01 -1.108569490712846273e-02 9.998740349599997135e-01 -1.135800660879689519e-02 -2.629559474223505333e+00 8.091605524175066178e-01 2.299828410558962116e-03 -5.871277265452164995e-01 -8.140075055825093386e+01
-5.909639146007629185e-01 -1.263548872614999805e-02 -8.072554351597631683e-01 -2.700354450619369473e+01 -8.136169264783310248e-03 9.999199099464275431e-01 -9.704032753434187891e-03 -2.663914821894470375e+00 8.073134445543376225e-01 8.407265986432157015e-04 -5.910193960910564703e-01 -8.196902228792448852e+01
-5.914205116558738373e-01 -1.033191202791348962e-02 -8.060820604850443827e-01 -2.777486523134396634e+01 -3.732038439536663598e-03 9.999425248290042534e-01 -1.006501736770926483e-02 -2.699444432934629656e+00 8.061397288874518896e-01 -2.948823001706061230e-03 -5.914250645494729675e-01 -8.253166472797094855e+01
-5.964050005031849011e-01 -1.269127811346230927e-02 -8.019479981024644211e-01 -2.854054906930218394e+01 -3.215431442126950867e-03 9.999046835984063408e-01 -1.342968795152040679e-02 -2.720877595180475783e+00 8.020422817115304692e-01 -5.445245196848992435e-03 -5.963887774479436077e-01 -8.309966972685690223e+01
-6.052115461733823532e-01 -9.012184718102065131e-03 -7.963883965195209802e-01 -2.928587841990908558e+01 1.793515722938194418e-03 9.999180990904369404e-01 -1.267608397660178673e-02 -2.750589835749014611e+00 7.964373139524790757e-01 -9.090264117298511859e-03 -6.051458176913773190e-01 -8.366881562864382715e+01
-6.109596922744009451e-01 -2.907464920413970529e-03 -7.915382422407625240e-01 -3.003633246760510644e+01 8.895976017156017809e-03 9.999048033829459614e-01 -1.054290158258891323e-02 -2.789666664484094394e+00 7.914935777304122899e-01 -1.348974323720329195e-02 -6.108756149537599711e-01 -8.423915105274275561e+01
-6.220796246260931195e-01 -2.502126774368234816e-03 -7.833749678717958354e-01 -3.077479351789091666e+01 8.419291809200583898e-03 9.999157078027722800e-01 -9.892997115101533068e-03 -2.821065276824933132e+00 7.833337521936920567e-01 -1.273910975536128067e-02 -6.220060336619087638e-01 -8.482940862613214961e+01
-6.301381731381440199e-01 -3.649486876560757102e-03 -7.767242259892656042e-01 -3.149276214750172898e+01 4.091692296330756012e-03 9.999595131313590013e-01 -8.013823348799201107e-03 -2.843342187872818894e+00 7.767220608029948847e-01 -8.222290867343561710e-03 -6.300978960082295188e-01 -8.543487376510343267e+01
-6.403755757123013037e-01 3.743135433957176157e-04 -7.674802047706420494e-01 -3.221725184913266560e+01 4.442126049484106283e-03 9.999849175556636549e-01 -3.226623341394323479e-03 -2.872862839954267500e+00 7.674673639122866486e-01 -5.474226425681541670e-03 -6.403677227332549293e-01 -8.604164277403221206e+01
-6.512186359164039429e-01 9.051007188861422831e-04 -7.591469085775137682e-01 -3.293256322697563832e+01 4.586824158009942566e-03 9.999857685108727301e-01 -2.740007092906676742e-03 -2.894065578953001872e+00 7.591336561278207995e-01 -5.253818168919682438e-03 -6.512135575555589861e-01 -8.665944631933254527e+01
-6.601710730602451394e-01 1.770676118993596768e-03 -7.508666902241313279e-01 -3.362143146829828311e+01 4.456571514896931832e-03 9.999887747487037348e-01 -1.563382563104102289e-03 -2.911479429633939020e+00 7.508554508324540855e-01 -4.380227049801101169e-03 -6.601715673119327166e-01 -8.729346713664844515e+01
