1.0 0.0 0.0 0.0 0.0 1.0 0.0 0.0 0.0 0.0 1.0 0.0
0.6740072 0.7383323 0.021171935 7.327759 -0.7385685 0.6740554 0.0058416296 5.6228027 -0.009957914 -0.019576602 0.9997587 0.052001953
0.12514056 0.9914545 0.03712441 15.371582 -0.99210835 0.12538862 -0.004413951 3.8719482 -0.009035434 -0.03628734 0.9993008 -0.15722656
-0.7605013 0.647449 0.056521684 19.726074 -0.64975053 -0.7593676 -0.043944173 -1.2640381 0.014443993 -0.07012409 0.99743444 -0.4025879
-0.8820512 0.46927297 0.048211478 16.764404 -0.47131175 -0.8810013 -0.047523968 -6.717285 0.020169562 -0.064605385 0.99770665 -0.4691162
-0.95003927 0.31233835 0.041496083 12.35791 -0.3141424 -0.94913185 -0.048098806 -11.775391 0.024338335 -0.058692977 0.9979807 -0.55810547
-0.9582585 -0.28774634 0.022312561 7.42395 0.28632724 -0.95754486 -0.051772203 -16.132935 0.036206465 -0.04314801 0.99841166 -0.49243164
-0.5289265 -0.84928364 0.0015351418 1.9858398 0.8483542 -0.5284313 -0.045850318 -16.548096 0.039753713 -0.022934511 0.9989471 -0.48095703
-0.38020998 -0.9246969 -0.005084042 -1.6936035 0.9241297 -0.37976992 -0.037537195 -13.473022 0.03277598 -0.018988723 0.9992822 -0.26013184
-0.17947175 -0.98369783 -0.0024201004 -5.0773926 0.98343277 -0.1793649 -0.023774555 -9.55835 0.022965655 -0.006654734 0.99971426 -0.2298584
-0.68799776 -0.7253493 0.0051127556 -7.8012695 0.7253253 -0.6880168 -0.00590207 -4.6760254 0.0078021353 -0.00035447936 0.9999694 -0.061279297
-0.9798806 -0.19767144 0.012982067 -12.942383 0.19745605 -0.9798761 -0.0161947 -2.58667 0.015919568 -0.013311192 0.9997845 0.0073242188
-0.8239627 0.5662593 0.01087061 -18.099976 -0.5663584 -0.8237212 -0.020104121 -4.022339 -0.0024253575 -0.022716848 0.9997389 0.09033203
-0.66083556 0.7496606 0.0095204525 -19.662476 -0.7495685 -0.6603916 -0.028555974 -7.8411865 -0.01512265 -0.026026156 0.9995467 0.068237305
-0.6745838 0.73883414 0.0046790014 -19.919678 -0.7386675 -0.6742643 -0.02644109 -12.254883 -0.016376091 -0.021269972 0.9996397 0.020507812
-0.23823208 0.97127676 0.00872952 -20.198242 -0.9707769 -0.2377913 -0.035452086 -16.113037 -0.03235807 -0.016905604 0.9993335 -0.059326172
-0.56444085 0.82611835 0.00018896906 -18.742188 -0.8255217 -0.5640251 -0.038135868 -19.381958 -0.031405337 -0.021652803 0.9992727 -0.057617188
-0.70862216 0.70625275 -0.0050410884 -17.93396 -0.70575553 -0.70835996 -0.033154927 -22.312256 -0.026976231 -0.019909969 0.9994378 -0.19104004
-0.8647586 0.5015472 -0.012761009 -18.08496 -0.5009762 -0.86458915 -0.032074902 -25.05774 -0.027110785 -0.021337744 0.99940413 -0.23254395
-0.97859645 0.20679602 -0.022116428 -18.791016 -0.20605804 -0.97849 -0.031660188 -26.788574 -0.028164973 -0.026404941 0.9992544 -0.2672119
-0.9398298 0.34153983 -0.022052338 -19.352173 -0.34058172 -0.9396603 -0.038196355 -26.895264 -0.033768516 -0.0283764 0.999027 -0.274292
-0.99492043 0.1025455 -0.025022674 -19.596558 -0.10167051 -0.994742 -0.03405134 -26.881714 -0.028360851 -0.031325534 0.999107 -0.28222656
-0.9681001 0.24764347 -0.027297668 -20.245361 -0.24658649 -0.96804726 -0.037018683 -27.106201 -0.03560007 -0.029109214 0.9989417 -0.30236816
-0.9997608 0.018649146 -0.028172145 -20.47998 -0.017675284 -0.999583 -0.03442628 -26.835327 -0.02880754 -0.03390903 0.99901 -0.3005371
-0.986032 0.16521671 -0.025621489 -21.084106 -0.1642837 -0.9858978 -0.03506412 -27.229614 -0.031035718 -0.030329958 0.9990574 -0.336792
-0.9975791 -0.053906135 -0.024288593 -21.53418 0.05465399 -0.9973451 -0.031235144 -26.663696 -0.022561193 -0.032523476 0.9992164 -0.31713867
-0.99554986 0.09717495 -0.020981688 -21.698486 -0.0966375 -0.9955025 -0.025272887 -27.099487 -0.023326054 -0.023130529 0.9994605 -0.35766602
-0.99539614 -0.09052209 -0.017403614 -22.264038 0.090971045 -0.99514097 -0.02700979 -26.480713 -0.01487894 -0.028478362 0.9994836 -0.32800293
-0.9983246 0.04362553 -0.018613406 -22.709229 -0.043175936 -0.99823177 -0.02389889 -26.811035 -0.019641127 -0.023064263 0.9995409 -0.36035156
-0.99190134 -0.11691559 -0.017736122 -23.378906 0.11732121 -0.9917255 -0.023855688 -26.235596 -0.014821576 -0.025762552 0.99955803 -0.34509277
-0.9990579 -0.033591714 -0.020076307 -23.604492 0.034022592 -0.9990139 -0.021505533 -26.69336 -0.019353326 -0.02217621 0.9995669 -0.36853027
-0.9930776 -0.11709591 -0.022182804 -24.4292 0.117597885 -0.99300283 -0.022862416 -26.045044 -0.019348092 -0.025309443 0.9994925 -0.35009766
-0.9991245 -0.03376699 -0.025698297 -25.162231 0.034391996 -0.99913925 -0.024269883 -26.387451 -0.024874281 -0.025132842 0.9993749 -0.39160156
-0.992724 -0.120381586 -0.026977282 -25.770874 0.121041656 -0.99271154 -0.024353696 -25.787964 -0.023825962 -0.027419478 0.99933976 -0.3708496
-0.9984771 -0.06500444 -0.029058604 -26.522827 0.06574683 -0.9985285 -0.025392413 -26.273193 -0.02732578 -0.027225586 0.9992558 -0.42114258
-0.9894989 -0.14318204 -0.032530688 -27.024536 0.14408587 -0.989524 -0.027369011 -25.615479 -0.02826703 -0.031770118 0.9990958 -0.39990234
-0.9958542 -0.09589738 -0.032827184 -28.081055 0.096777655 -0.99596107 -0.026367588 -25.90393 -0.03015314 -0.029413838 0.9991132 -0.44482422
-0.98653793 -0.15759403 -0.038294032 -28.607788 0.15870366 -0.9867088 -0.027902955 -25.284302 -0.033391267 -0.033583872 0.99887717 -0.42236328
-0.9924401 -0.121816166 -0.040849637 -29.644043 0.12299228 -0.9927505 -0.027648436 -25.693604 -0.037147302 -0.03242524 0.9987835 -0.48693848
-0.9828635 -0.17987178 -0.04616061 -30.188232 0.18129162 -0.9832699 -0.028640235 -24.998535 -0.040248077 -0.03650679 0.99852306 -0.47070312
-0.9882546 -0.14896324 -0.0477162 -31.236816 0.15035778 -0.98882395 -0.027103584 -25.349731 -0.04312326 -0.033927802 0.9984937 -0.51782227
-0.9810123 -0.18742597 -0.050402418 -31.760986 0.1889698 -0.9816175 -0.02778841 -24.695679 -0.044289447 -0.036791388 0.9983416 -0.5041504
-0.98034513 -0.1849194 -0.048636723 -32.806885 0.18644814 -0.98083353 -0.028971458 -24.986206 -0.042409323 -0.037513047 0.99839497 -0.5629883
-0.97353846 -0.22322115 -0.048962753 -33.3844 0.22476488 -0.97399384 -0.028600067 -24.28418 -0.041306525 -0.038880367 0.9983903 -0.5541992
-0.9726319 -0.22834028 -0.04732903 -34.39087 0.22993308 -0.9728996 -0.031445622 -24.656128 -0.03884473 -0.04145172 0.9983847 -0.62597656
-0.9606722 -0.27208203 -0.048061017 -35.007202 0.2738015 -0.96079606 -0.0336788 -23.927368 -0.037044995 -0.045514625 0.9982759 -0.61279297
-0.95696026 -0.28442654 -0.047591478 -35.948486 0.28626144 -0.95686436 -0.03745675 -24.235718 -0.034947976 -0.049508452 0.99816257 -0.6616211
-0.9429525 -0.3299404 -0.049385514 -36.645752 0.33181414 -0.9428942 -0.036175888 -23.380371 -0.03460572 -0.0504712 0.99812526 -0.6542969
-0.9343862 -0.35440287 -0.04799549 -37.514526 0.35627344 -0.9341186 -0.03838724 -23.647095 -0.031199336 -0.052937675 0.9981104 -0.70080566
-0.9195276 -0.39116967 -0.047502957 -38.25464 0.39292753 -0.9193069 -0.03584406 -22.751465 -0.029640125 -0.05159076 0.9982283 -0.6826172
-0.9083739 -0.41543895 -0.04601638 -39.076782 0.41721633 -0.90785456 -0.039753232 -22.87622 -0.025275795 -0.055342868 0.99814826 -0.7163086
-0.8929081 -0.44965917 -0.043826096 -39.761963 0.45126024 -0.8923522 -0.03833678 -21.95813 -0.021820555 -0.053945936 0.9983051 -0.6986084
-0.876542 -0.4788561 -0.038974456 -40.56543 0.4801895 -0.8758156 -0.038905215 -22.019653 -0.015531464 -0.05285342 0.9984815 -0.7272949
-0.861893 -0.50586957 -0.032505967 -41.238403 0.5067981 -0.8612902 -0.033981003 -21.16748 -0.010817366 -0.045786176 0.9988931 -0.7081299
-0.8451171 -0.5341973 -0.024317073 -41.9823 0.53474087 -0.84450054 -0.032440357 -21.124146 -0.0032129036 -0.040397964 0.9991781 -0.717041
-0.8311283 -0.5558815 -0.01822371 -42.637207 0.55618006 -0.83066976 -0.027605135 -20.193604 0.00020787492 -0.03307523 0.9994528 -0.69384766
-0.80780846 -0.58902913 -0.009688087 -43.32434 0.58907527 -0.80747795 -0.023942288 -20.125244 0.006279352 -0.025056593 0.99966633 -0.7026367
-0.80038583 -0.59965616 0.0016620345 -43.983276 0.5994736 -0.800205 -0.022597186 -19.165894 0.014891693 -0.017097022 0.99974304 -0.66308594
-0.7760307 -0.6300934 0.015834585 -44.62317 0.6296038 -0.7761117 -0.027228015 -19.03479 0.029452369 -0.011172514 0.9995037 -0.64404297
-0.767521 -0.6410019 0.02855672 -45.271484 0.63998187 -0.7679787 -0.037678756 -18.151123 0.04607051 -0.010634024 0.99888194 -0.5936279
-0.739303 -0.6720838 0.04100288 -45.89746 0.6703675 -0.74038935 -0.048770275 -17.913086 0.063124366 -0.008552728 0.9979686 -0.56921387
-0.72735375 -0.68422896 0.049441732 -46.530396 0.68212867 -0.7290107 -0.05385163 -17.075195 0.0728754 -0.0054508448 0.9973248 -0.49731445
-0.70466405 -0.7073012 0.05382619 -47.1156 0.705198 -0.70671844 -0.054499112 -16.677612 0.07664777 -0.000446029 0.9970598 -0.43444824
-0.6918698 -0.72047216 0.053489204 -47.71692 0.71864754 -0.6939311 -0.0513241 -15.956299 0.07412986 0.002956937 0.99724716 -0.35949707
-0.6726027 -0.73802257 0.051183924 -48.275024 0.73663926 -0.6745118 -0.045697097 -15.430054 0.068277314 0.0069668675 0.99764234 -0.29467773
-0.65926313 -0.7503448 0.052363504 -48.849 0.7495678 -0.66117597 -0.037197474 -14.705933 0.06252063 0.014754016 0.9979353 -0.22180176
-0.64519346 -0.7615218 0.053979144 -49.38098 0.761001 -0.6471644 -0.034035675 -14.12207 0.06088005 0.019117396 0.99796134 -0.15075684
-0.6372482 -0.7682232 0.05770733 -49.927612 0.76782054 -0.6394495 -0.033740275 -13.446533 0.06285719 0.02280626 0.9977621 -0.08996582
-0.62727755 -0.7760608 0.05983095 -50.40979 0.77564025 -0.6296562 -0.03525325 -12.834839 0.065078124 0.024294548 0.99758446 -0.025390625
-0.6202442 -0.7827433 0.056772433 -50.916626 0.78184855 -0.6225638 -0.041743886 -12.196411 0.068010844 0.018515522 0.9975142 0.03161621
-0.6081447 -0.79171693 0.054191664 -51.42456 0.7907889 -0.6103085 -0.042040795 -11.57251 0.06635558 0.017282162 0.99764556 0.092163086
-0.6008727 -0.7977546 0.055647444 -51.913086 0.79692906 -0.60312533 -0.041221898 -10.911255 0.06638967 0.019568361 0.99760103 0.15759277
-0.5949849 -0.8017369 0.058151994 -52.400513 0.8010317 -0.59739774 -0.040469836 -10.276001 0.06720695 0.022526585 0.99748635 0.22351074
-0.5905468 -0.80491006 0.06149159 -52.905273 0.80417025 -0.59323674 -0.042299654 -9.598633 0.070531115 0.024475085 0.9972103 0.2775879
-0.59056944 -0.8045606 0.061713446 -53.406616 0.803653 -0.593334 -0.044694133 -8.925781 0.07263414 0.023206893 0.99709046 0.3474121
-0.5929863 -0.80279815 0.063181095 -53.928833 0.80213064 -0.5957779 -0.041756775 -8.228027 0.071126714 0.02592348 0.99712974 0.41259766
-0.5978773 -0.7987065 0.061258044 -54.449707 0.7979452 -0.6005381 -0.04213012 -7.5422363 0.07044593 0.023657558 0.9972326 0.48571777
-0.6057144 -0.79359305 0.05924336 -54.999268 0.79271525 -0.60824025 -0.04281626 -6.8303223 0.06997825 0.021005156 0.9973261 0.5498047
-0.61154354 -0.7887878 0.058290333 -55.566284 0.7877445 -0.6140324 -0.044631764 -6.124756 0.07101045 0.018630775 0.99730134 0.6166992
-0.61734235 -0.784243 0.056060344 -56.1427 0.783066 -0.61968184 -0.045706205 -5.4136963 0.07057796 0.015646584 0.9973812 0.68408203
-0.62174517 -0.7814283 0.05269194 -56.73535 0.78008205 -0.62386435 -0.047320634 -4.6760254 0.069841035 0.011691956 0.9974895 0.75231934
-0.6238171 -0.780656 0.048380055 -57.350464 0.7790602 -0.6256601 -0.050289277 -3.9343262 0.06951182 0.006341883 0.9975624 0.81848145
-0.6238705 -0.78071433 0.045805924 -57.973267 0.7790306 -0.6255408 -0.05138316 -3.1708984 0.068753645 0.0036669327 0.9976285 0.8977051
-0.62291557 -0.78121 0.043704376 -58.608765 0.7795041 -0.6244442 -0.05162541 -2.3900146 0.06761808 0.0019046236 0.9977097 0.9696045
-0.62191075 -0.7816647 0.043237247 -59.24121 0.780026 -0.6234078 -0.050636873 -1.6126709 0.06654597 0.0022307774 0.9977807 1.0424805
-0.6229128 -0.7812107 0.04266607 -59.882812 0.7795439 -0.62437093 -0.051023938 -0.8054199 0.06649903 0.0014814027 0.9977856 1.1149902
-0.6228819 -0.78122497 0.04179155 -60.535156 0.77966845 -0.62427926 -0.04932721 0.0040283203 0.06461383 0.0018590477 0.9979084 1.1889648
-0.62091076 -0.782113 0.04083984 -61.192505 0.78058535 -0.62224907 -0.048877474 0.80651855 0.06366414 0.0014965611 0.997969 1.2675781
-0.62194073 -0.78170043 0.03893756 -61.844482 0.7801144 -0.62315696 -0.049766764 1.618042 0.063171156 -0.00060555805 0.9980014 1.3431396
-0.62196946 -0.7816473 0.037326813 -62.50476 0.7800415 -0.6230848 -0.0501158 2.4066162 0.06246552 -0.0020722167 0.99804485 1.4177246
-0.6229887 -0.78142416 0.03627073 -63.16443 0.77977407 -0.62403417 -0.05087512 3.2058105 0.06237796 -0.0034062408 0.99804676 1.4963379
-0.62495095 -0.7801112 0.035249677 -63.812256 0.77851516 -0.6259334 -0.050015435 4.0339355 0.061091255 -0.0038130996 0.99812585 1.5827637
-0.6263029 -0.77897114 0.032911558 -64.473145 0.77751607 -0.62715137 -0.047789615 4.8083496 0.057846766 -0.004345191 0.9983156 1.6575928
-0.6282177 -0.7776437 0.032813683 -65.135376 0.7763137 -0.6290666 -0.04556265 5.602417 0.05606641 -0.003146868 0.99842244 1.7272949
-0.63156396 -0.7752469 0.03169 -65.78406 0.7739369 -0.63234603 -0.045235172 6.411255 0.055080786 -0.0040140166 0.99847424 1.8079834
-0.63291574 -0.77376646 0.031405997 -66.43933 0.7724953 -0.63368213 -0.0445098 7.2073975 0.05431565 -0.0039028074 0.9985158 1.878418
-0.63192916 -0.7739543 0.031964056 -67.111694 0.7726754 -0.6327274 -0.044609725 7.9974365 0.054773398 -0.003498708 0.9984926 1.9525146
-0.6319799 -0.7739722 0.031801175 -67.76843 0.7725863 -0.6327596 -0.046554632 8.786011 0.05613828 -0.0048697083 0.9984098 2.019165
-0.630687 -0.7758434 0.032257278 -68.383545 0.7742839 -0.6314808 -0.049572963 9.571167 0.058812328 -0.006259705 0.99824995 2.0941162
-0.6264217 -0.7785237 0.03185756 -69.06128 0.7768522 -0.62718624 -0.051539384 10.367432 0.06013744 -0.007541815 0.998162 2.1710205
-0.62263906 -0.78244674 0.030928845 -69.71179 0.7808665 -0.62336725 -0.05019206 11.171387 0.05855055 -0.007096939 0.99826014 2.234253
-0.61674106 -0.78689075 0.029841127 -70.323 0.78564405 -0.6174511 -0.044446684 11.952148 0.053423278 -0.003954944 0.9985654 2.3151855
-0.6124424 -0.7900887 0.026419666 -70.96655 0.78879005 -0.6129695 -0.045855418 12.741089 0.05243599 -0.007239745 0.99859846 2.3897705
-0.60608447 -0.794024 0.027831411 -71.58484 0.7926597 -0.6066882 -0.046967614 13.564209 0.054204103 -0.006436633 0.99850804 2.4555664
-0.6032353 -0.79737216 0.029987296 -72.18701 0.7959154 -0.60395646 -0.048479725 14.338989 0.056742467 -0.0053606746 0.9983745 2.5144043
-0.59788 -0.8008094 0.029000826 -72.793335 0.799272 -0.5985444 -0.05006204 15.115234 0.05744457 -0.006752155 0.9983252 2.5892334
-0.5954946 -0.80283964 0.028906334 -73.387695 0.8011932 -0.596144 -0.051985648 15.920776 0.058938406 -0.007799304 0.9982301 2.6569824
-0.5920503 -0.80539083 0.027099196 -73.982666 0.8038109 -0.59260863 -0.05114339 16.703857 0.05722672 -0.008492162 0.99832433 2.7355957
-0.5894166 -0.8074013 0.023217907 -74.55322 0.80629426 -0.58983785 -0.042773835 17.497559 0.048221476 -0.006475455 0.9988155 2.800293
-0.58782023 -0.80869037 0.016591838 -75.131836 0.80801344 -0.5880199 -0.03369562 18.300903 0.037022345 -0.0063915355 0.99929434 2.860962
-0.5863123 -0.81037265 0.013755402 -75.7218 0.80982643 -0.5864351 -0.03050714 19.095581 0.032781795 -0.006725855 0.9994402 2.9222412
-0.585375 -0.8106375 0.017740568 -76.28845 0.8098819 -0.5856083 -0.035581823 19.883057 0.039236333 -0.0064586936 0.9992093 2.9663086
-0.5844183 -0.811368 0.022177726 -76.84253 0.8104112 -0.5848149 -0.039748568 20.643433 0.04518554 -0.0052464763 0.9989643 3.0130615
-0.58283955 -0.81267196 0.028121158 -77.40271 0.8117783 -0.5835173 -0.038112037 21.433472 0.047345415 0.00063346326 0.99887854 3.0725098
-0.58225554 -0.81178147 0.029677356 -77.96411 0.811044 -0.5829985 -0.034795336 22.229736 0.04557285 0.0037910426 0.99895334 3.1329346
-0.58323765 -0.81148714 0.028179957 -78.52307 0.8108243 -0.58390635 -0.032984357 23.004883 0.043222085 0.0035966546 0.9990586 3.184204
-0.5832323 -0.81141293 0.023057673 -79.09546 0.810859 -0.5836865 -0.029992532 23.78479 0.037818145 0.0011887846 0.9992838 3.2340088
-0.58520865 -0.8108838 0.016745273 -79.66223 0.8104868 -0.5854467 -0.0254087 24.564697 0.030393079 -0.0012878028 0.9995372 3.2768555
-0.58533955 -0.8104741 0.008269925 -80.233154 0.81002045 -0.5853077 -0.028984334 25.317871 0.028347395 -0.010283813 0.9995454 3.3234863
-0.5870028 -0.80925316 0.0014404003 -80.80762 0.808765 -0.58670855 -0.03372924 26.07898 0.028136007 -0.018636614 0.9994302 3.3596191
-0.5908955 -0.8073991 0.0029457267 -81.3728 0.8069695 -0.5906933 -0.03067292 26.850098 0.026498534 -0.015728518 0.99952537 3.404419
-0.59127414 -0.80622756 0.006751707 -81.93335 0.805808 -0.5912038 -0.028372906 27.62268 0.02686096 -0.011336841 0.9995749 3.449707
-0.59619975 -0.8021474 0.009308359 -82.497925 0.80163145 -0.596173 -0.030749463 28.39038 0.030224744 -0.010892455 0.99948364 3.4798584
-0.6049375 -0.7965402 0.013062199 -83.062256 0.7961014 -0.60504895 -0.027112614 29.13855 0.029492617 -0.0059899744 0.9995472 3.5195312
-0.610652 -0.7915865 0.017549997 -83.62866 0.79130775 -0.6109032 -0.021031681 29.891724 0.027370919 0.0010373332 0.9996247 3.5690918
-0.62179106 -0.78342474 0.016938087 -84.21362 0.7831522 -0.62202185 -0.020661736 30.633667 0.02672671 0.00041929167 0.99964297 3.6104736
-0.6299242 -0.7768054 0.0125253 -84.815186 0.7765093 -0.6300358 -0.021822788 31.354614 0.024838949 -0.0040127872 0.99968344 3.6430664
-0.64024234 -0.7675273 0.0099263815 -85.417114 0.76732993 -0.6403079 -0.017817367 32.083252 0.020045383 -0.0037967602 0.99979186 3.68396
-0.6510923 -0.7591919 0.009844405 -86.029785 0.7590039 -0.6511557 -0.01731956 32.802246 0.01956231 -0.0037925658 0.9998016 3.715088
-0.6600632 -0.7509084 0.009097263 -86.659424 0.75073874 -0.6601135 -0.016470972 33.494873 0.018377021 -0.0040465435 0.99982285 3.7425537
-0.6708438 -0.7412492 0.011552591 -87.28516 0.7411314 -0.67094314 -0.013219157 34.2041 0.017555915 -0.00031023007 0.9998458 3.7781982
-0.6806038 -0.7321522 0.014929738 -87.914185 0.731941 -0.68076694 -0.01761617 34.885742 0.023086086 -0.0010636832 0.9997331 3.800415
-0.6902462 -0.72344476 0.022688422 -88.54907 0.72310627 -0.6906179 -0.02216238 35.548462 0.0316817 0.001112365 0.9994972 3.8377686
-0.6997916 -0.7139691 0.025493037 -89.19861 0.7135258 -0.7002554 -0.02516429 36.210083 0.035805188 0.0005716963 0.99935836 3.8774414
-0.70910543 -0.7049485 0.022938762 -89.861084 0.7045296 -0.70947576 -0.024326935 36.845093 0.03342508 -0.0010880744 0.9994408 3.9152832
-0.71840477 -0.6954791 0.020164898 -90.53174 0.6951535 -0.71868646 -0.021322634 37.49951 0.02930931 -0.0013034147 0.9995694 3.9628906
-0.72560084 -0.6880675 0.019885965 -91.204956 0.68760765 -0.7258568 -0.025623165 38.12317 0.032067303 -0.0049263835 0.99947363 3.9996338
-0.72988284 -0.68325025 0.021152936 -91.88025 0.68250716 -0.7301225 -0.033370867 38.733154 0.038256448 -0.009905983 0.99921906 4.0477295
-0.7342293 -0.67847127 0.022441689 -92.57019 0.6773168 -0.73439324 -0.0427476 39.3584 0.04546172 -0.016200747 0.9988341 4.0827637
-0.7373774 -0.67535603 0.022426754 -93.25928 0.67397594 -0.73744947 -0.047538918 39.979126 0.04863886 -0.019917868 0.998618 4.143921
-0.73939854 -0.6731565 0.0208347 -93.950806 0.67176574 -0.7393712 -0.0484183 40.589355 0.0480294 -0.021810431 0.99860895 4.1988525
-0.74339867 -0.6688566 0.020363197 -94.647095 0.6674809 -0.7433422 -0.04834919 41.203003 0.047475662 -0.022336097 0.9986231 4.2562256
-0.7464658 -0.66498 0.016455468 -95.347534 0.6637198 -0.7462359 -0.047838744 41.805054 0.04412536 -0.024794921 0.998719 4.3045654
-0.750342 -0.66045845 0.014657437 -96.04114 0.6593703 -0.75010115 -0.04485844 42.422363 0.040633112 -0.024012243 0.9988855 4.352417
-0.7552531 -0.65566653 0.010424271 -96.74719 0.6547129 -0.7548581 -0.044215772 43.024292 0.036862474 -0.026556669 0.99896777 4.413208
-0.7584876 -0.6507176 0.008149071 -97.44861 0.64965683 -0.75786304 -0.04891083 43.617676 0.03802356 -0.031852406 0.998769 4.4483643
-0.7636816 -0.6455809 0.0040524863 -98.14673 0.6444136 -0.76264983 -0.0556473 44.178955 0.03900758 -0.039895736 0.99844205 4.49292
-0.76759464 -0.640669 0.0070498465 -98.84949 0.6393416 -0.76662904 -0.05684882 44.749023 0.04180969 -0.039121035 0.9983584 4.5448
-0.7722532 -0.63458645 0.011919396 -99.556885 0.6331521 -0.7715449 -0.05526075 45.34839 0.044274524 -0.035160836 0.9984001 4.59729
-0.77706265 -0.6297208 0.010036615 -100.26404 0.6283358 -0.77624327 -0.055824965 45.90039 0.04292823 -0.037050325 0.9983907 4.6467285
-0.7818302 -0.6232943 0.0034849623 -100.97424 0.6222457 -0.78081614 -0.053880885 46.450195 0.03630773 -0.03995728 0.9985413 4.694214
-0.7865133 -0.61788595 0.0018940228 -101.70056 0.6169418 -0.78547466 -0.0529305 47.01306 0.034203958 -0.0404572 0.99859625 4.7458496
-0.7895228 -0.6129872 0.002775974 -102.41699 0.6118713 -0.78834236 -0.056898937 47.555664 0.037073545 -0.043258674 0.9983754 4.7872314
-0.7950329 -0.60619015 0.0063837566 -103.13867 0.60494053 -0.79399085 -0.056652687 48.09912 0.039423995 -0.041205376 0.99837285 4.82666
-0.79966617 -0.60116744 0.006525729 -103.861206 0.59991 -0.79861236 -0.056882128 48.635498 0.039413232 -0.041564647 0.9983592 4.862671
-0.80344766 -0.59648097 0.0048975 -104.59265 0.59524095 -0.8022581 -0.058410786 49.166016 0.03875612 -0.043959484 0.99828184 4.9155273
-0.80781424 -0.5893235 0.0056355563 -105.316284 0.5881945 -0.8067904 -0.05489961 49.69702 0.03688299 -0.041042402 0.998476 4.958618
-0.8130049 -0.58160126 0.009149911 -106.0542 0.5804894 -0.8122522 -0.050975975 50.230713 0.037090093 -0.036159594 0.99865746 5.001953
-0.81744075 -0.57627326 0.0092957225 -106.796265 0.57522446 -0.81674725 -0.049260154 50.76294 0.035967793 -0.034926783 0.99874264 5.050415
-0.8213007 -0.5703899 0.005549527 -107.55017 0.56928027 -0.8202384 -0.055133436 51.263184 0.035986297 -0.042113297 0.998464 5.0944824
-0.8250183 -0.5651003 0.003260504 -108.30762 0.56400377 -0.823751 -0.05778291 51.777832 0.035341725 -0.045817435 0.99832433 5.130371
-0.82842976 -0.561211 0.003673818 -109.06531 0.5602071 -0.827307 -0.05475336 52.29712 0.0337544 -0.04325713 0.99849397 5.1766357
-0.83006704 -0.5570642 0.004032218 -109.816284 0.5560836 -0.8289943 -0.05373101 52.7937 0.033280186 -0.042393968 0.9985466 5.223633
-0.83351254 -0.55293757 0.0069303373 -110.58569 0.55188566 -0.83258533 -0.052477498 53.306885 0.034795925 -0.039910387 0.99859786 5.2530518
-0.8367649 -0.5482523 0.006637467 -111.322754 0.5473911 -0.8360228 -0.047209565 53.808838 0.031428657 -0.03584913 0.99886316 5.2995605
-0.8389747 -0.54405344 0.00882493 -112.07715 0.5433811 -0.83856475 -0.038703635 54.293945 0.02843204 -0.02765144 0.9992125 5.3413086
-0.84145755 -0.54002094 0.009789078 -112.84033 0.5394192 -0.84115976 -0.03530816 54.78369 0.027301408 -0.024431616 0.9993285 5.3725586
-0.84404045 -0.5355796 0.009945101 -113.59326 0.5349194 -0.8436927 -0.03732976 55.26758 0.02838283 -0.026180167 0.99925375 5.392334
-0.8449632 -0.53395057 0.010251342 -114.36304 0.5332043 -0.84454954 -0.039991625 55.736572 0.030017553 -0.028361794 0.9991468 5.4353027
-0.8467749 -0.5317753 0.009191873 -115.12866 0.5310084 -0.8462758 -0.041774645 56.206787 0.029995207 -0.030477308 0.999085 5.4681396
-0.84671295 -0.53081757 0.007860748 -115.88428 0.5300965 -0.84617835 -0.0416239 56.67871 0.028746981 -0.031093884 0.99910223 5.5029297
-0.84755313 -0.53092283 0.004562253 -116.657104 0.53042656 -0.84707725 -0.03678953 57.145264 0.023402676 -0.028767217 0.9993124 5.5377197
-0.84925455 -0.5289815 0.00022370135 -117.40662 0.52865994 -0.84875333 -0.034515157 57.609375 0.018444804 -0.029164955 0.9994045 5.5682373
-0.8491508 -0.52831036 -0.0017077802 -118.16589 0.5280716 -0.8486603 -0.032983147 58.078125 0.015974335 -0.028905734 0.99945444 5.5959473
-0.84920406 -0.52821195 0.000662375 -118.91431 0.5278622 -0.8486863 -0.035342798 58.531494 0.019236688 -0.029653918 0.9993751 5.626831
-0.8491801 -0.52805704 0.00440515 -119.64429 0.5275929 -0.84873104 -0.035651136 58.98999 0.022574045 -0.027966684 0.9993542 5.6505127
-0.8500964 -0.52721596 0.0035782985 -120.394165 0.5267211 -0.8495568 -0.038108055 59.450928 0.02311324 -0.03047933 0.99926776 5.673828
-0.8501485 -0.5267432 0.0017712759 -121.14697 0.52628314 -0.8495375 -0.03907475 59.90161 0.022083113 -0.03226873 0.99923503 5.708252
-0.8500002 -0.526141 0.004328991 -121.88306 0.5256862 -0.8495563 -0.03537096 60.366455 0.022296172 -0.027819373 0.9993644 5.732422
-0.85089004 -0.5252408 0.0051913443 -122.62793 0.5247107 -0.8504026 -0.03758405 60.82617 0.024152402 -0.029256022 0.99928004 5.7720947
-0.8494238 -0.52580184 0.0036779023 -123.37561 0.52510136 -0.84861326 -0.046109382 61.2666 0.027373934 -0.037291367 0.9989289 5.7979736
-0.8505197 -0.52453166 0.0017769956 -124.10864 0.52375406 -0.8494326 -0.051637765 61.7041 0.028606266 -0.043038033 0.9986635 5.828003
-0.8523524 -0.5241895 0.0051167603 -124.84595 0.52322143 -0.851299 -0.053249314 62.146973 0.032255087 -0.04264558 0.9985694 5.864746
-0.85225916 -0.5240815 0.006374859 -125.57764 0.5231143 -0.8513138 -0.05161624 62.592285 0.03244972 -0.04061163 0.99864763 5.900879
-0.8512988 -0.522981 0.007766586 -126.30029 0.5219312 -0.8503668 -0.052391283 63.020752 0.034022793 -0.040573552 0.9985962 5.928955
-0.85280114 -0.5220885 0.009366101 -127.03674 0.5211933 -0.8521632 -0.045925505 63.47461 0.03197334 -0.034289356 0.9989008 5.9664307
-0.85516894 -0.51969224 0.008764448 -127.759766 0.5190278 -0.8547323 -0.038901865 63.90796 0.027699644 -0.028683059 0.99920505 6.005493
-0.85577273 -0.5179428 0.0058112163 -128.495 0.51754725 -0.8554677 -0.03106454 64.36084 0.021057421 -0.023568153 0.9995006 6.0513916
-0.8572443 -0.5142716 0.008193796 -129.19995 0.5139475 -0.85710627 -0.025238667 64.78174 0.02001364 -0.017429251 0.99964774 6.07312
-0.8597069 -0.5100362 0.011096731 -129.9076 0.5096118 -0.85958976 -0.027508356 65.188965 0.023570882 -0.018004365 0.99955994 6.110962
-0.86388355 -0.5043874 0.014753794 -130.6825 0.50390863 -0.86385983 -0.027226817 65.6438 0.026464963 -0.01606623 0.9995206 6.133301
-0.86705494 -0.4972918 0.016610172 -131.34814 0.4967904 -0.86708194 -0.026965702 66.02026 0.027844943 -0.01514918 0.9994978 6.161621
-0.8727682 -0.48908174 0.012057875 -132.10132 0.4886959 -0.87270206 -0.025260255 66.431885 0.02286084 -0.016129583 0.99960846 6.1967773
-0.87727535 -0.4787652 0.012978461 -132.81921 0.47855785 -0.87733454 -0.016204763 66.828125 0.019155892 -0.008014037 0.9997843 6.2231445
-0.8843632 -0.46666962 0.01580113 -133.52466 0.4664865 -0.8844902 -0.014000534 67.197754 0.020505134 -0.005002667 0.9997772 6.258301
-0.8903778 -0.45376813 0.015512458 -134.3158 0.45353958 -0.89048225 -0.016181067 67.59839 0.021161767 -0.007378379 0.99974865 6.2860107
-0.8965278 -0.4424254 0.015358191 -134.97937 0.44223616 -0.8966393 -0.014254139 67.91626 0.02008742 -0.005987242 0.99978036 6.3120117
-0.9032973 -0.4302383 0.019082995 -135.63525 0.43010926 -0.9034978 -0.010630677 68.2334 0.021795152 -0.0013872338 0.99976146 6.330078
-0.90900993 -0.41645694 0.022657018 -136.45093 0.4161325 -0.9092676 -0.017753217 68.610596 0.027985565 -0.006699846 0.99958575 6.3668213
-0.91343594 -0.40557122 0.026802354 -137.13147 0.40470603 -0.9136352 -0.032487802 68.8855 0.037689887 -0.018841706 0.9991121 6.389282
-0.91907084 -0.39288098 0.032091647 -137.82104 0.3915843 -0.91931045 -0.04008073 69.17383 0.045231666 -0.024260739 0.99868137 6.4244385
