1.000000000000000000e+00 4.398956837314658088e-19 2.733407509747682871e-20 -8.673617379884035472e-19 -5.583667658079949532e-19 1.000000000000000000e+00 -6.100159232558060012e-19 0.000000000000000000e+00 4.145284534913582806e-20 -2.210423569125054137e-19 1.000000000000000222e+00 0.000000000000000000e+00
9.998979019362282950e-01 1.908468705871358513e-04 1.428808234769714941e-02 -8.185821549328921309e-02 -1.870713047961168650e-04 9.999999472354462737e-01 -2.655820654284682457e-04 -8.826902360562924321e-03 -1.428813252695960989e-02 2.628820753187158720e-04 9.998978848589145096e-01 8.188662786118683368e-03
9.995388204472868132e-01 1.525874671382473251e-03 3.032850390518259179e-02 -9.077892661978333166e-02 -1.514394646237494793e-03 9.999987727082217948e-01 -4.014894897468246826e-04 -1.459846978932026473e-02 -3.032907983153505446e-02 3.553750373657486839e-04 9.995399044552735202e-01 2.277787842795447881e-02
9.979544440981947817e-01 5.063576739257366448e-03 6.372823318302972551e-02 1.686873994946137129e-02 -5.143239757689695678e-03 9.999861836976949858e-01 1.086051563980656868e-03 8.544802856918373712e-03 -6.372185449162247328e-02 -1.411599524747293938e-03 9.979666991578842739e-01 4.152714759615365736e-01
9.954147357563384313e-01 4.027532773333716842e-03 9.556821012614721833e-02 3.252204606992049885e-02 -4.327126064984285897e-03 9.999863518146284713e-01 2.927827169492589702e-03 1.613033963758390976e-02 -9.555511552552187204e-02 -3.327937945803841491e-03 9.954185776600061875e-01 5.493143458446617666e-01
9.908745384826249669e-01 1.675430086210958616e-03 1.347770076487290747e-01 1.701384747973709866e-01 -2.341122563552198565e-03 9.999858310788675153e-01 4.780877512963277107e-03 1.328271337355234338e-02 -1.347670903069722315e-01 -5.052779214817903347e-03 9.908644210583906764e-01 8.226989525980479279e-01
9.851005342360190653e-01 -2.603879749648456508e-03 1.719597539798897179e-01 1.623583590978375790e-01 1.605595822445221327e-03 9.999810443023678941e-01 5.944164658609612205e-03 -1.701248816074268921e-02 -1.719719752251299694e-01 -5.579501806933825046e-03 9.850860415063250608e-01 8.974147372779548437e-01
9.763745575434858992e-01 -2.691018660103668223e-03 2.160682329569946214e-01 2.785233168865310360e-01 1.299745282483460171e-03 9.999775010614309068e-01 6.580883601345081414e-03 -3.162743832469547267e-03 -2.160810846672817365e-01 -6.144573500200289570e-03 9.763560874890108154e-01 1.163418865874786601e+00
9.648240853735088329e-01 -2.734615341994125863e-03 2.628821129835051118e-01 3.564869127728916842e-01 7.261006132091008512e-05 9.999486327392954621e-01 1.013541352795654764e-02 3.502734633875737025e-03 -2.628963304498276865e-01 -9.759803041486585923e-03 9.647747231966889991e-01 1.324566554151106246e+00
9.503662524168913217e-01 -6.221334429122790492e-03 3.110711815898400401e-01 5.275091303770687023e-01 1.054721703902052532e-03 9.998587407885400902e-01 1.677456475886898377e-02 2.434320411337917434e-02 -3.111316054700372091e-01 -1.561388656517317258e-02 9.502385657724568002e-01 1.623166810506765811e+00
9.335482774994235955e-01 -1.592182756731065282e-02 3.580979017817839116e-01 6.404146437355393573e-01 7.455409880204509621e-03 9.996593730753888796e-01 2.501109077890130428e-02 -5.531256418541963260e-04 -3.583741524548815227e-01 -2.067929392032133440e-02 9.333489890729784744e-01 1.802172355517418723e+00
9.123993113184672987e-01 -2.163292996226659839e-02 4.087291410121026147e-01 8.128226090850502183e-01 1.025207418524619676e-02 9.994968667376137317e-01 3.001513492098170990e-02 -5.649626632189957975e-03 -4.091728181599244007e-01 -2.319546676592989035e-02 9.121620347104936188e-01 2.038854272731289718e+00
8.877085315716879421e-01 -2.366554048985738262e-02 4.597972402237243683e-01 1.007808484895315271e+00 9.053084207491951876e-03 9.993822109128145392e-01 3.395936018186399702e-02 -5.068599202076570776e-03 -4.603168570653768943e-01 -2.598343041054205355e-02 8.873743604194039847e-01 2.275682147860097704e+00
8.592237545193974757e-01 -2.554367493568643344e-02 5.109618933681299158e-01 1.172410068026367602e+00 6.926601426307140742e-03 9.992420559595217577e-01 3.830581889065422935e-02 2.731311127562247032e-02 -5.115530930619511807e-01 -2.937403991171985002e-02 8.587494411396304761e-01 2.496897820224557307e+00
8.271230580130899401e-01 -3.087113216565722310e-02 5.611723579651242133e-01 1.414898721907368095e+00 8.117123930082079455e-03 9.990423047814319668e-01 4.299518014962807472e-02 2.565695007972365604e-02 -5.619622454711579174e-01 -3.100719903465434801e-02 8.265815102400951853e-01 2.748347590402278051e+00
7.915323362212193237e-01 -3.668247417704677271e-02 6.100253692155676033e-01 1.623094554718166549e+00 1.038400788455584069e-02 9.988600995327625576e-01 4.659049145772574396e-02 2.701492845826341388e-02 -6.110390660630673487e-01 -3.054337197325014686e-02 7.910109783931564831e-01 2.932413108840243421e+00
7.539101930463795176e-01 -4.109699541982047427e-02 6.556908197370889813e-01 1.887299236504801803e+00 1.137688399631600102e-02 9.987085634774841569e-01 4.951536827240936994e-02 3.404654892008998623e-02 -6.568789808734269986e-01 -2.987042207151369838e-02 7.534041207246074956e-01 3.138385186206234412e+00
7.137227831671998368e-01 -4.440535117142245525e-02 6.990192743155426713e-01 2.200025072995678066e+00 1.244409268457880892e-02 9.986347398574114687e-01 5.073264089331674248e-02 4.391210908231608229e-02 -7.003177439956136396e-01 -2.751038056159147566e-02 7.133009492298456600e-01 3.377633255375640076e+00
6.723077968159990592e-01 -4.629393228794339427e-02 7.388227727047598226e-01 2.486357532357396316e+00 1.151931569143333466e-02 9.985760810698648404e-01 5.208757650252458793e-02 5.363744208444006650e-02 -7.401821005030888578e-01 -2.650815053299921537e-02 6.718837584076494673e-01 3.567335075371857123e+00
6.294924363452953919e-01 -4.658863463344854045e-02 7.756086397280627098e-01 2.838732514787178474e+00 7.215979995448963680e-03 9.985083095929362385e-01 5.412102415798128452e-02 8.410109516707350852e-02 -7.769731098075707276e-01 -2.847199839732896323e-02 6.288896100907606090e-01 3.798663622161113640e+00
5.879331113790325913e-01 -4.744988256946532090e-02 8.075166590267076616e-01 3.175081377094301160e+00 4.281008123992498769e-03 9.984466132963063512e-01 5.555207754096455619e-02 1.018732420219009560e-01 -8.088982269204025854e-01 -2.920391985807627502e-02 5.872229561078754490e-01 3.998331563529730737e+00
5.478689629442342612e-01 -4.846996474457845872e-02 8.351588175695700000e-01 3.543373464826046870e+00 2.032179455744713946e-03 9.983942709696853601e-01 5.661051047874215286e-02 1.215943976241467134e-01 -8.365617027165532793e-01 -2.931794849030285033e-02 5.470877323474495624e-01 4.209673339690044536e+00
5.087930549746465525e-01 -5.115115943547229871e-02 8.593678920932804610e-01 3.983711615944902196e+00 1.247520813973582556e-03 9.982760278222772010e-01 5.868062645398063742e-02 1.317188929139250231e-01 -8.608879627164112147e-01 -2.878421524962174877e-02 5.079797208410377074e-01 4.426580092443220593e+00
4.717231918613156716e-01 -5.104760258874783269e-02 8.802677772866911443e-01 4.372192850046617174e+00 -1.711052720915748337e-03 9.982678764640017244e-01 5.880747467409760953e-02 1.597767404914801070e-01 -8.817450405891755771e-01 -2.924703359567119160e-02 4.708187626509844903e-01 4.617367317166133134e+00
4.357799337240997883e-01 -5.031836381705233341e-02 8.986455909994524038e-01 4.841498972795720945e+00 -2.938512149243350212e-03 9.983511762960842750e-01 5.732620602821673211e-02 1.837238269489061826e-01 -9.000484592983922782e-01 -2.762229057714579022e-02 4.349135470622697008e-01 4.784225809992174838e+00
4.019299874429987374e-01 -4.911041582498493901e-02 9.143524694110406470e-01 5.341508356664713020e+00 -1.655222950437356668e-03 9.985201003510539852e-01 5.435871039935545601e-02 2.033286955515715699e-01 -9.156689142177287799e-01 -2.336185225056812420e-02 4.012538814315365632e-01 4.995663359325885011e+00
3.722885017744345659e-01 -4.740446510006418590e-02 9.269056444790813032e-01 5.848148254765413334e+00 2.801197181204380122e-04 9.987004650777332460e-01 5.096373761200020946e-02 2.245618560435821698e-01 -9.281170229986823728e-01 -1.871356818656384410e-02 3.718179774954555872e-01 5.168307357671628743e+00
3.464821124063686697e-01 -4.552699765813834898e-02 9.369511318865556548e-01 6.385437085424540804e+00 1.187477106872265094e-03 9.988420509851058116e-01 4.809518737375466368e-02 2.497922189946480964e-01 -9.380558359574003857e-01 -1.555151327283175837e-02 3.461349647432604426e-01 5.355326202803158075e+00
3.262407471691126104e-01 -4.489195545099017998e-02 9.442201397118245021e-01 6.966936395096846368e+00 2.242293086694154263e-03 9.989056398760862709e-01 4.671717790732535236e-02 2.707121366953472164e-01 -9.452840646674511849e-01 -1.312382787821051409e-02 3.259843819055586178e-01 5.527641236226182642e+00
3.112681270967276870e-01 -4.548285320161281342e-02 9.492330841001302977e-01 7.545406980371572203e+00 3.462094206622739513e-03 9.989016756287389942e-01 4.672746830118099798e-02 3.043138256349683379e-01 -9.503158332950650822e-01 -1.125843630078608715e-02 3.110837183216503266e-01 5.711760019340306194e+00
2.990633610171983259e-01 -4.698722396627647013e-02 9.530757008605027503e-01 8.172328406304508519e+00 4.220179836755452371e-03 9.988422949649036209e-01 4.791930542946402222e-02 3.186749188621878504e-01 -9.542239319717363832e-01 -1.030875678890113417e-02 2.989154270604265640e-01 5.905082209141436778e+00
2.882666724150418913e-01 -4.882916263911543653e-02 9.563043568966667074e-01 8.799809405310446309e+00 3.058148370841244981e-03 9.987408214547759400e-01 5.007413753078451130e-02 3.496273208359652607e-01 -9.575452937422531674e-01 -1.151018349975292676e-02 2.880530186926852920e-01 6.090545554777943238e+00
2.778297897219838553e-01 -5.050204032087204919e-02 9.593019005099269192e-01 9.481388585797237312e+00 1.501026891088125953e-03 9.986387515196031295e-01 5.213818987129086729e-02 3.858820589900429088e-01 -9.606291538439465372e-01 -1.304560349884773679e-02 2.775273979222779852e-01 6.280270985911529102e+00
2.675314795537923063e-01 -5.227382913925227026e-02 9.621301048103058084e-01 1.016303944663190784e+01 6.955488472281781730e-04 9.985375285937519996e-01 5.405848834584485452e-02 4.141227429419567230e-01 -9.635488778974254931e-01 -1.379313800592695677e-02 2.671765800713022943e-01 6.462969553837319303e+00
2.574795729932280453e-01 -5.432218020864783975e-02 9.647555931294002907e-01 1.086841103915243067e+01 -9.452459477487209951e-05 9.984171178206145969e-01 5.624277613308649448e-02 4.413917609643707163e-01 -9.662837456320444440e-01 -1.457255823794795929e-02 2.570668770350885701e-01 6.655277128301334777e+00
2.472970266077445800e-01 -5.591008133440183991e-02 9.673252956383237011e-01 1.159985871220541398e+01 -5.363447458537739382e-04 9.983257806150412916e-01 5.783898384078887261e-02 4.696125283505960257e-01 -9.689395799314004520e-01 -1.482222768709473733e-02 2.468530087016952146e-01 6.842412186755407966e+00
2.364869986892763343e-01 -5.710281439443780360e-02 9.699552319985430548e-01 1.237487012642702844e+01 -1.296659065066449760e-03 9.982521226757439248e-01 5.908483905745746251e-02 5.022715651374314305e-01 -9.716337966513528546e-01 -1.523049662171163839e-02 2.359996041894002194e-01 7.035018713829950698e+00
2.265198831459603879e-01 -6.003889270303448128e-02 9.721543384956384815e-01 1.313027627871273673e+01 -2.404253647322599028e-03 9.980608684523635254e-01 6.219905452795449624e-02 5.358432158551803548e-01 -9.740035825599745456e-01 -1.642662730394564563e-02 2.259362812094075912e-01 7.213383923248648522e+00
2.155813311662860554e-01 -6.352994042585724532e-02 9.744170668570628635e-01 1.390127877202028905e+01 -4.466279164620824867e-03 9.978067803995284146e-01 6.604302607536813308e-02 5.813760884549480368e-01 -9.764756826505013310e-01 -1.858966125932679306e-02 2.148247701551152522e-01 7.375531396268185880e+00
2.025975059960636038e-01 -6.748688219214564465e-02 9.769338539793405163e-01 1.470428399508576334e+01 -4.143951357450697398e-03 9.975544456700523588e-01 6.977073554907414765e-02 6.191634055825745442e-01 -9.792533355129700023e-01 -1.818374251406461653e-02 2.018223790666925366e-01 7.548231396467577348e+00
1.902016905884493236e-01 -6.989875828552408188e-02 9.792535239376924938e-01 1.548654406706521058e+01 -5.200041115041595038e-03 9.973764466463186373e-01 7.220237664916877296e-02 6.635496799889991637e-01 -9.817312735262276879e-01 -1.882517182028969199e-02 1.893392085209343323e-01 7.697091004107874390e+00
1.764185571703323907e-01 -7.058589279503880987e-02 9.817810896400998022e-01 1.631830200047530255e+01 -5.912727759023397520e-03 9.973314868465893435e-01 7.276637232592843285e-02 6.980692027593453641e-01 -9.842974902717287478e-01 -1.864234184286191545e-02 1.755304253914356516e-01 7.834617636604141566e+00
1.623334696668404797e-01 -6.988686808567805275e-02 9.842579203345054317e-01 1.708998675140989576e+01 -7.097430418154278622e-03 9.973801600067846440e-01 7.198918569029674752e-02 7.391539712632796411e-01 -9.867104378640290108e-01 -1.867195551633075642e-02 1.614121633930197808e-01 7.990746975479514624e+00
1.443291197492311828e-01 -6.870392159368367280e-02 9.871417627027595509e-01 1.788802880918611038e+01 -8.716066231415530580e-03 9.974597973398819928e-01 7.069641317066388542e-02 7.756807452483390763e-01 -9.894913605158095482e-01 -1.880754318510288389e-02 1.433636652258746813e-01 8.073619213839009490e+00
1.241597123592898116e-01 -6.731387865420908334e-02 9.899763586890019118e-01 1.870318231713132207e+01 -1.117726511200572981e-02 9.975381170823117705e-01 6.922986114727919249e-02 8.138703402650777630e-01 -9.921993004387175130e-01 -1.966078698581669865e-02 1.231016592345071936e-01 8.189266373291559376e+00
1.003720760038050719e-01 -6.607467463056559964e-02 9.927535277181396278e-01 1.951899236482648803e+01 -1.546632444566758101e-02 9.975682372957406230e-01 6.795884577533810311e-02 8.576392353668618185e-01 -9.948297625451754111e-01 -2.217541772999458149e-02 9.910606119126084967e-02 8.269917809834668176e+00
6.988676609447710963e-02 -6.557420285774757940e-02 9.953973311062815910e-01 2.035094234183858930e+01 -1.944686717591869590e-02 9.975579371070085744e-01 6.708190108778129546e-02 8.993799117389511544e-01 -9.973653676603249085e-01 -2.404549597018159485e-02 6.844088401352228790e-02 8.346029583893919579e+00
3.628427630447151470e-02 -6.537989069970286116e-02 9.972005334942644073e-01 2.120177198128553542e+01 -2.277717279060691158e-02 9.975442988585084825e-01 6.623120265008473895e-02 9.398527080330596473e-01 -9.990819130753203492e-01 -2.511655927446070427e-02 3.470600250616304172e-02 8.339315840086015896e+00
1.634804622524846460e-03 -6.464490262770937468e-02 9.979069829987678997e-01 2.204940149251758186e+01 -2.437468157432219965e-02 9.976092630983594001e-01 6.466554781413418052e-02 9.734552642876780348e-01 -9.997015652827353493e-01 -2.442937963709003110e-02 5.519592459395450206e-05 8.334325275130185062e+00
-3.257661146507939004e-02 -6.354747293421686427e-02 9.974469739156982540e-01 2.289512496530880270e+01 -2.561641011357750075e-02 9.977019156510525955e-01 6.272708378483390912e-02 1.001496727690951438e+00 -9.991409215771693830e-01 -2.350757405200402939e-02 -3.412960718531786453e-02 8.296001611360239281e+00
-6.519478171116618870e-02 -6.156737565467226142e-02 9.959714259959679961e-01 2.373452086221982427e+01 -2.814535391941752965e-02 9.978111860130268740e-01 5.983875107815511685e-02 1.033980569928492965e+00 -9.974755619274101592e-01 -2.413079310751477594e-02 -6.678491942962613837e-02 8.240695590448456898e+00
-9.766712796763274418e-02 -5.851483032582704275e-02 9.934974229929390832e-01 2.455815707646549484e+01 -2.972440026619508138e-02 9.979961810660287203e-01 5.585769978948230269e-02 1.073929711422670463e+00 -9.947751550778465290e-01 -2.407565309550288926e-02 -9.921074035314600414e-02 8.154870103031036876e+00
-1.293243029209043271e-01 -5.424643287560949878e-02 9.901174334464177829e-01 2.538434148472071428e+01 -2.721027102813547774e-02 9.983206487528829554e-01 5.114179742387944816e-02 1.103460694100438788e+00 -9.912289557288410657e-01 -2.032748552463286423e-02 -1.305831835160418952e-01 8.028380277758211392e+00
-1.611682728098787210e-01 -4.878450809887885375e-02 9.857204687629372852e-01 2.621162794233167759e+01 -2.274397740393878375e-02 9.986958961761748244e-01 4.570796942201778290e-02 1.118666223919499547e+00 -9.866648448079649025e-01 -1.505252865181529176e-02 -1.620676477774014579e-01 7.870042901570730720e+00
-1.920086427953787978e-01 -4.267196641875450891e-02 9.804650771155926092e-01 2.707394048714033730e+01 -1.644637118874414314e-02 9.990538678470322065e-01 4.026022879863186410e-02 1.136772929622014150e+00 -9.812554276972578204e-01 -8.394779719516184263e-03 -1.925287776161545561e-01 7.685567669975309713e+00
-2.212131008239845154e-01 -3.685229892470076596e-02 9.745289402179998506e-01 2.789539115253293744e+01 -1.102810433874638028e-02 9.993163943927056980e-01 3.528632617072691158e-02 1.152633380978896227e+00 -9.751631458934766350e-01 -2.941408175398432714e-03 -2.214682906704653897e-01 7.515949803918663186e+00
-2.484805301280383349e-01 -3.042095242740293359e-02 9.681590650392840613e-01 2.870085694222884598e+01 -1.848557703906608153e-03 9.995197844223133732e-01 3.093191508547384408e-02 1.174400887177418085e+00 -9.686351350693148676e-01 5.896281863095113353e-03 -2.484174421499674712e-01 7.275034371510575859e+00
-2.752277876996883088e-01 -2.016078217788150675e-02 9.611676187651473358e-01 2.952151878226982618e+01 3.822068513202521792e-03 9.997492437326266357e-01 2.206448350565827152e-02 1.169779502411499639e+00 -9.613714538611458638e-01 9.746408600947460005e-03 -2.750817180648111315e-01 7.028108390226522673e+00
-3.000041900402245498e-01 -5.043533238939914946e-03 9.539245423883453423e-01 3.032026000954135370e+01 8.494159506250527000e-03 9.999322562362218392e-01 7.958151501974923547e-03 1.162019161430790870e+00 -9.539000736765683719e-01 1.049026713484184185e-02 -2.999410273912737068e-01 6.763494770811371737e+00
-3.250060275402447685e-01 1.169528219684555330e-02 9.456396176796207920e-01 3.108356235492509256e+01 9.024315873611923888e-03 9.999163572956849544e-01 -9.264994363087886500e-03 1.128501891157528192e+00 -9.456688949267081368e-01 5.522572656331474310e-03 -3.250843864074888789e-01 6.479170125620735021e+00
-3.496533827846083353e-01 2.606690685997241699e-02 9.365164241133888678e-01 3.187371917372258778e+01 7.899085423003535111e-03 9.996593550648459336e-01 -2.487525408877349839e-02 1.099531659843960396e+00 -9.368458416877066819e-01 -1.300092527122536680e-03 -3.497401811725582288e-01 6.189891523069709578e+00
-3.742801218724691181e-01 3.713277919744489147e-02 9.265719247500473488e-01 3.263038176633634890e+01 1.163779616744200877e-02 9.993073462777329885e-01 -3.534670211875761553e-02 1.066367562830012661e+00 -9.272426685943134794e-01 -2.446311828183286765e-03 -3.744530203734244278e-01 5.882643759417137908e+00
-3.979942856184625066e-01 4.180527811527054438e-02 9.164348598188030159e-01 3.341000227473212902e+01 1.571778202697442228e-02 9.991252581288394552e-01 -3.875138531162361510e-02 1.012737871859353822e+00 -9.172532441948130222e-01 -1.018505588283493161e-03 -3.983032308928293741e-01 5.532641026037629750e+00
-4.207429098150238245e-01 4.116154757158908828e-02 9.062456157667577727e-01 3.413326892921421774e+01 1.782717250281126015e-02 9.991523561802994058e-01 -3.710473047673647912e-02 9.697514509153813966e-01 -9.070047461036715442e-01 5.442456182312048951e-04 -4.211200649740055035e-01 5.189318217255110888e+00
-4.409561031444964030e-01 3.786087525856714209e-02 8.967297556999854757e-01 3.488268818148669936e+01 2.209658203342136987e-02 9.992649948139261662e-01 -3.132429028196225679e-02 9.400950121881659349e-01 -8.972566352654759436e-01 6.002026642470660589e-03 -4.414685953214303460e-01 4.812090908752425733e+00
-4.591682877476911395e-01 3.656316717177472003e-02 8.875965322899282972e-01 3.560555074044501822e+01 2.922205453164603353e-02 9.992335754125051261e-01 -2.604483150969403096e-02 9.090722856708952637e-01 -8.878685533959836951e-01 1.397843465749830025e-02 -4.598848219979535523e-01 4.404317531408232789e+00
-4.729618465703610553e-01 3.715644851191489406e-02 8.802990832862990223e-01 3.630841676800687168e+01 3.272264475207806167e-02 9.991618678237069728e-01 -2.459248572531191543e-02 8.550889913558367139e-01 -8.804750609878392309e-01 1.717440781893473864e-02 -4.737813005342112471e-01 4.008437940931599108e+00
-4.844895554052668918e-01 4.052272280401694043e-02 8.738579780711529521e-01 3.700336714413787575e+01 3.502288378819565229e-02 9.990241658956788839e-01 -2.690935730372141094e-02 7.987302132774932728e-01 -8.740956932287949899e-01 1.756772495498868519e-02 -4.854359978174598855e-01 3.608493381433661717e+00
-4.943302707381101446e-01 4.323454257724378830e-02 8.681983322504515099e-01 3.771061172295621589e+01 3.678583232507839917e-02 9.989081225615236148e-01 -2.879870067734527014e-02 7.622911421718218117e-01 -8.684954797811164084e-01 1.770132986545289513e-02 -4.953809425265385813e-01 3.243079748346812341e+00
-5.046195455533251106e-01 4.249107596877124693e-02 8.622955463414241351e-01 3.840335909334204700e+01 3.074255088662826776e-02 9.990390593427358468e-01 -3.123865265434446273e-02 7.026077947371645038e-01 -8.627943104019565324e-01 1.074553103208408800e-02 -5.054409213964328185e-01 2.832759959742591427e+00
-5.159191850091860987e-01 4.113952115626962058e-02 8.556488304554846769e-01 3.908975127056750409e+01 2.904118523695515056e-02 9.991119726463707496e-01 -3.052663794915238746e-02 6.885848940458789702e-01 -8.561448569866321190e-01 9.099779017606607692e-03 -5.166557763211933052e-01 2.403758356403981722e+00
-5.249023619768427018e-01 4.266622399124560261e-02 8.500924012136092944e-01 3.976393760369853680e+01 3.153904431165017314e-02 9.990319354910213168e-01 -3.066725451018316798e-02 6.521565115015850456e-01 -8.505779276156342217e-01 1.071378859905358291e-02 -5.257398757570775905e-01 2.006232161250968371e+00
-5.320277797299178824e-01 4.560331130940407235e-02 8.454979400351095853e-01 4.045585359080921251e+01 3.510467946758910607e-02 9.988780082919211933e-01 -3.178656903780111009e-02 5.995720585813837378e-01 -8.459988858177039939e-01 1.276959745429334485e-02 -5.330317397911367161e-01 1.551954738852999061e+00
-5.357821586895460397e-01 4.899225227117854492e-02 8.429337012663821183e-01 4.115618871322297423e+01 3.612849093282227697e-02 9.987311341773301709e-01 -3.508352470741434720e-02 5.679662840673742608e-01 -8.435829670094109334e-01 1.165679699580969564e-02 -5.368723403510452519e-01 1.109924167109562321e+00
-5.356507735685117622e-01 5.029046812818385032e-02 8.429407480209510917e-01 4.187077265151732774e+01 3.533244472625402671e-02 9.986856214103474461e-01 -3.713014780512627344e-02 5.147034783413547698e-01 -8.437001118789786425e-01 9.894365990220168466e-03 -5.367236120348151118e-01 6.792184742956974830e-01
-5.321989978764235518e-01 5.107330315187959269e-02 8.450773523100642004e-01 4.256834418844912449e+01 3.752810817099561796e-02 9.986207250685867898e-01 -3.671904813687059538e-02 4.793374087561055319e-01 -8.457871360327345878e-01 1.217231468868261793e-02 -5.333816347778415068e-01 2.114299503692161630e-01
-5.265758344683577619e-01 5.009079814799825836e-02 8.486511588493994562e-01 4.334133064494798049e+01 3.619048916175931357e-02 9.986784787971255684e-01 -3.649033322713910593e-02 4.357331798793880884e-01 -8.493574929793350492e-01 1.149817391430007704e-02 -5.276927650229651379e-01 -2.265562208763617913e-01
-5.191677394677571833e-01 4.881490265786510296e-02 8.532771826109304403e-01 4.409433261674871574e+01 3.405085102359874105e-02 9.987562995982561809e-01 -3.641968557767785719e-02 3.935421372184843003e-01 -8.539937996357699346e-01 1.014688940237142359e-02 -5.201842405233964017e-01 -7.038957210029105349e-01
-5.120107269638746184e-01 4.782173231774491939e-02 8.576468294451810026e-01 4.485787343350220624e+01 3.197140329281703691e-02 9.988181956400516981e-01 -3.660657554027395982e-02 3.417474176906381556e-01 -8.583838634075576790e-01 8.677214312399733620e-03 -5.129345595541691116e-01 -1.176122183145084099e+00
-5.058292865158358076e-01 4.659481891126223546e-02 8.613742753949098496e-01 4.568731285232495765e+01 2.915754641657770235e-02 9.988930816682438651e-01 -3.691136449687084514e-02 2.930954984624925541e-01 -8.621406976948173817e-01 6.444712231694041567e-03 -5.066279666157503803e-01 -1.610175139847289216e+00
-5.012314964938099360e-01 4.434507973472615744e-02 8.641761899658719770e-01 4.648507468314864610e+01 2.510673521951922380e-02 9.990108211476317335e-01 -3.670192132982127986e-02 2.489702044860781505e-01 -8.649489297591864689e-01 3.300484789530563987e-03 -5.018490502908330431e-01 -2.077838390272747304e+00
-4.998602526457284201e-01 4.150136193160472442e-02 8.651111785392476827e-01 4.732425813818132809e+01 2.014847340162068123e-02 9.991381959250058564e-01 -3.628917777870489803e-02 2.109513500337554248e-01 -8.658716874914548223e-01 -7.088470792889491837e-04 -5.002656613492273419e-01 -2.543882963262863672e+00
-5.001595596847954184e-01 3.907057234703022186e-02 8.650513809505530061e-01 4.816830961851105997e+01 1.754710646472244784e-02 9.992337623197602436e-01 -3.498552929874324674e-02 1.615498963831989709e-01 -8.657554656273911409e-01 -2.319197340337281633e-03 -5.004618952953603372e-01 -3.018915543274990565e+00
-5.013975377146117074e-01 3.757916418491531046e-02 8.644005449230784954e-01 4.902993135449920459e+01 1.606508009270829485e-02 9.992884549727789611e-01 -3.412472604760451861e-02 1.171792809405302616e-01 -8.650678786707945989e-01 -3.223388726786497512e-03 -5.016444842900288359e-01 -3.496768488282483212e+00
-5.021040951251618534e-01 3.713294698409078110e-02 8.640096112823936192e-01 4.990036151872720183e+01 1.615342220920127844e-02 9.993061435685954841e-01 -3.356036866880911934e-02 6.620972325533505676e-02 -8.646563230146028234e-01 -2.894085593333000153e-03 -5.023555323570332298e-01 -4.003861569332070047e+00
-5.014600565935189991e-01 3.643081725784619307e-02 8.644134390816375912e-01 5.076864486927402709e+01 1.590025369345368644e-02 9.993323933419435701e-01 -3.289300106156009540e-02 2.441257327558513102e-02 -8.650346847990827426e-01 -2.750132288997560875e-03 -5.017045389751445539e-01 -4.527340464065904513e+00
-5.015760682355795419e-01 3.590097624388791792e-02 8.643682977464142159e-01 5.165977044794411199e+01 1.616622033140040909e-02 9.993530602027221876e-01 -3.212653657677826818e-02 -2.369447701049606780e-02 -8.649624924947859617e-01 -2.140332640001387388e-03 -5.018319630251447672e-01 -5.041088444581567352e+00
-5.023017886422075362e-01 3.544164528285279753e-02 8.639657339205457642e-01 5.255709260010223716e+01 1.585419982727796426e-02 9.993691808310836144e-01 -3.177868345703307312e-02 -7.876036165378033638e-02 -8.645470315669059325e-01 -2.265003239436292649e-03 -5.025468271886465166e-01 -5.532517689454231835e+00
-5.025284838923113062e-01 3.392522578044482318e-02 8.638947785561960080e-01 5.343238289545431030e+01 1.401396329048390857e-02 9.994181762038313321e-01 -3.109530316654547655e-02 -1.323822162004552605e-01 -8.644470741605053687e-01 -3.519684941236556931e-03 -5.027115289472887660e-01 -6.038084096080267749e+00
-5.025673146863673946e-01 3.318014871129137261e-02 8.639011276900020464e-01 5.434472001916337547e+01 1.375747278096725416e-02 9.994436575769987119e-01 -3.038268002010956204e-02 -1.812287610741711852e-01 -8.644286196477553030e-01 -3.384244757590429420e-03 -5.027441913779384652e-01 -6.549547091348109085e+00
-5.019984589960886368e-01 3.236119117955561092e-02 8.642628575520402423e-01 5.523551009737295203e+01 1.244716441061423720e-02 9.994665558473372347e-01 -3.019390363099625288e-02 -2.315779500023390503e-01 -8.647789472404610045e-01 -4.399670316945129486e-03 -5.021334771373808792e-01 -7.062055382787087332e+00
-5.005081180035513277e-01 3.103609413450481025e-02 8.651753412574162416e-01 5.613953553489854897e+01 1.197337088886187874e-02 9.995097738534488574e-01 -2.892836562806926776e-02 -2.864213147000906901e-01 -8.656490481462247866e-01 -4.119815693542651890e-03 -5.006343637214608622e-01 -7.580944995691996091e+00
-4.986342063370889366e-01 2.879862478055244743e-02 8.663339736463323559e-01 5.704413775493221550e+01 1.234883489869682653e-02 9.995825265508020419e-01 -2.612046837496479618e-02 -3.436359923239896141e-01 -8.667245507859311360e-01 -2.326342891642665858e-03 -4.987816704771697029e-01 -8.092915636125395551e+00
-4.962187612858107721e-01 2.764406320100980599e-02 8.677573007984324960e-01 5.791718546628473518e+01 1.308111757415325420e-02 9.996175568332557049e-01 -2.436440867614956055e-02 -3.881627279374956219e-01 -8.680989792307663988e-01 -7.388404807708705366e-04 -4.963906022736170320e-01 -8.588226922878485325e+00
-4.930561933315144030e-01 2.683823939094858238e-02 8.695833976349541805e-01 5.882588313377549127e+01 1.249290941671688838e-02 9.996394233816413566e-01 -2.376868555629953542e-02 -4.459722392750194442e-01 -8.699077709274033454e-01 -8.556700687195786369e-04 -4.932136977140653689e-01 -9.120605883178026119e+00
-4.914511357047436357e-01 2.720031986531185747e-02 8.704802755413821869e-01 5.970503734892577796e+01 1.308437967068445777e-02 9.996299481283208443e-01 -2.384881108446161926e-02 -4.912618997828841483e-01 -8.708068630524469222e-01 -3.308299311790737765e-04 -4.916251738295315254e-01 -9.618854112039466386e+00
-4.904081601434101545e-01 2.765388539997025441e-02 8.710540082931417238e-01 6.058926341835601193e+01 1.308441145789462738e-02 9.996174049837058817e-01 -2.436886962602974674e-02 -5.385898220125131530e-01 -8.713946563849662708e-01 -5.534625329898590698e-04 -4.905823684663312978e-01 -1.009287815462879045e+01
-4.907207665593934509e-01 2.867561614275969395e-02 8.708448912344044501e-01 6.150001477658320681e+01 1.249166834594982699e-02 9.995871139937464456e-01 -2.587585238372751284e-02 -5.787979449745722649e-01 -8.712273526578552252e-01 -1.819511629005722509e-03 -4.908763623340947069e-01 -1.062026468604256735e+01
-4.938122652901251186e-01 3.068402222686713796e-02 8.690269982945316718e-01 6.237073267822682965e+01 1.164412833277866065e-02 9.995209659141909286e-01 -2.867495337227982458e-02 -6.287066694118216281e-01 -8.694905826977633589e-01 -4.040980886132834217e-03 -4.939330022989213420e-01 -1.107934930492110936e+01
-4.984669596250827506e-01 3.134638092653323216e-02 8.663417806951502209e-01 6.326156246901662428e+01 1.039352917280106543e-02 9.994903235283411069e-01 -3.018389808714261671e-02 -6.794763105028620576e-01 -8.668463976431383111e-01 -6.041326455744297844e-03 -4.985387034879758539e-01 -1.156047068762714325e+01
-5.035867494989669790e-01 2.985580438032412950e-02 8.634286323547534225e-01 6.412451368257697482e+01 1.026596435374199125e-02 9.995389412937065732e-01 -2.857472297863824021e-02 -7.185286034731194205e-01 -8.638836773579444683e-01 -5.525923415189825522e-03 -5.036610662825079521e-01 -1.207833320065732963e+01
-5.090373659839377840e-01 2.751652963457252785e-02 8.603044735520297692e-01 6.497508694924043482e+01 1.311418898566228328e-02 9.996208044142700366e-01 -2.421291815981734333e-02 -7.815733502723583026e-01 -8.606445202731163313e-01 -1.043083705346102043e-03 -5.092051994424374728e-01 -1.258925016586946199e+01
-5.145621126263214551e-01 2.567398166898229167e-02 8.570686469536655805e-01 6.583332540581052683e+01 1.054711319619843803e-02 9.996655284874742531e-01 -2.361333390208601377e-02 -8.264057293868106724e-01 -8.573882450504097807e-01 -3.110926036480576341e-03 -5.146607938550392669e-01 -1.309074508049110008e+01
-5.191532142257344606e-01 2.764301640117180353e-02 8.542340373463083170e-01 6.667051594965526817e+01 1.130343161633031238e-02 9.996114798491109177e-01 -2.547786817383974195e-02 -8.814087538980637238e-01 -8.546064501300399963e-01 -3.571140230295562126e-03 -5.192639748883295381e-01 -1.360320131918990150e+01
-5.238772261832486121e-01 2.990086255305209051e-02 8.512688042844269720e-01 6.749691521851724474e+01 1.156156749769981541e-02 9.995412316740207581e-01 -2.799386215780667181e-02 -9.286597854163434196e-01 -8.517153244866072503e-01 -4.823344234960132322e-03 -5.239825899440021528e-01 -1.413778263348059916e+01
-5.292657718102877773e-01 3.018178591577505565e-02 8.479190937387316440e-01 6.836870605636480036e+01 1.046380116580922573e-02 9.995232849599550162e-01 -2.904671526157252825e-02 -9.727207203605656716e-01 -8.483915743783404517e-01 -6.500974505017871781e-03 -5.293292802567662880e-01 -1.464747832122430893e+01
-5.331199948412949086e-01 3.077746362169594616e-02 8.454796306477948553e-01 6.919379410736573277e+01 9.699384297525563345e-03 9.994947574571342308e-01 -3.026799861754791987e-02 -1.021178092001738147e+00 -8.459840452354150386e-01 -7.935842564018170953e-03 -5.331491635768229598e-01 -1.515284464212679971e+01
-5.365460867580438276e-01 2.963262161263042690e-02 8.433505745462696046e-01 7.000708322637093772e+01 9.123839740516580255e-03 9.995285657719529260e-01 -2.931555450515584485e-02 -1.086903954088401125e+00 -8.438217015555179445e-01 -8.034549715949636586e-03 -5.365635050453868571e-01 -1.566875001026346936e+01
-5.391685112861787088e-01 2.362695259404729714e-02 8.418664209090669370e-01 7.083605024987149079e+01 1.149345036866371642e-02 9.997197449848493900e-01 -2.069618481615892458e-02 -1.121417482362074836e+00 -8.421194859787772824e-01 -1.482780320003681488e-03 -5.392889629983076416e-01 -1.620373541555530039e+01
-5.411332673666691129e-01 1.581804823510441285e-02 8.407880609469033928e-01 7.165664600145071006e+01 1.249086106342347721e-02 9.998639657114795076e-01 -1.077164986319133731e-02 -1.147039072201402776e+00 -8.408440859805816903e-01 4.673269739643759295e-03 -5.412572369128237915e-01 -1.672912997368268506e+01
-5.432330799857824077e-01 1.341861160656294093e-02 8.394746862406531340e-01 7.246227108894485980e+01 1.297587046964927132e-02 9.998870340500606302e-01 -7.585901555901522660e-03 -1.174670237353067082e+00 -8.394816609924669049e-01 6.772003116431328518e-03 -5.433458324913360560e-01 -1.724914088237193965e+01
-5.443400582158374190e-01 1.781533187173283544e-02 8.386754450704428931e-01 7.325843117664096837e+01 1.233768203606790473e-02 9.998363476311049602e-01 -1.323100665196520927e-02 -1.217543436582480876e+00 -8.387739231466253553e-01 3.145144996494048627e-03 -5.444707767553639277e-01 -1.774623513638235650e+01
-5.455116807818338742e-01 2.230513048244341448e-02 8.378063466600141895e-01 7.406061101685718029e+01 1.187740798565543356e-02 9.997511484034548035e-01 -1.888301949024488030e-02 -1.282447388841540192e+00 -8.380190599354281344e-01 -3.499389890242370700e-04 -5.456408576426747814e-01 -1.827521635342690942e+01
-5.457376193081977522e-01 2.823482240950849279e-02 8.374802880703200447e-01 7.488053040298265728e+01 1.900306457675934174e-02 9.995921500418450956e-01 -2.131706074802061646e-02 -1.302630256251737784e+00 -8.377406197019754419e-01 4.281170969941855073e-03 -5.460515895755039262e-01 -1.880748583674722596e+01
-5.455300746397129252e-01 2.928893678993448393e-02 8.375792995734773205e-01 7.567004363582390170e+01 2.274002989582489184e-02 9.995385003247972966e-01 -2.014143417926752416e-02 -1.334765598919215979e+00 -8.377826927027908210e-01 8.058821212511025137e-03 -5.459443451649895751e-01 -1.931957933600066468e+01
-5.452838356444671408e-01 2.607394408119240170e-02 8.378458541072502097e-01 7.646164006951288172e+01 2.196804062307372574e-02 9.996173220747484045e-01 -1.681114401214077111e-02 -1.377370825999824966e+00 -8.379635763387915937e-01 9.238987674891554688e-03 -5.456479621997527563e-01 -1.983621644970225262e+01
-5.445582898039722508e-01 2.095239553379452460e-02 8.384612413982832635e-01 7.726611254357440828e+01 1.987614935173834252e-02 9.997295503021523810e-01 -1.207331383283043007e-02 -1.405097172352952395e+00 -8.384874591814898137e-01 1.009075874293931425e-02 -5.448274683017355624e-01 -2.035840606358316407e+01
-5.437094828459547724e-01 1.533445872248248576e-02 8.391333861889751500e-01 7.805264180128462215e+01 1.872468718797631534e-02 9.998058360043647896e-01 -6.138106411180558296e-03 -1.426259966038360805e+00 -8.390645957751752260e-01 1.237516454461880418e-02 -5.438910481633640881e-01 -2.086493422480273097e+01
-5.435582767305766616e-01 8.581341903852115691e-03 8.393275567600602116e-01 7.887162217696696587e+01 9.778014127158129315e-03 9.999446231752427972e-01 -3.891144556662054152e-03 -1.457973672890198857e+00 -8.393144832441754577e-01 6.091893866513835645e-03 -5.436120858612092377e-01 -2.138685811512463886e+01
-5.417883833679886241e-01 3.463342606432555978e-03 8.405077870172255050e-01 7.968080144740456205e+01 8.973954794881597308e-04 9.999933242626991570e-01 -3.542048893070459496e-03 -1.501752258051161304e+00 -8.405144578891471374e-01 -1.164772128290536297e-03 -5.417878756996411527e-01 -2.186671462846773295e+01
-5.403649351999831874e-01 4.268266273091096338e-03 8.414199342869577158e-01 8.046217111756136831e+01 4.686423681193343377e-03 9.999868906895478249e-01 -2.062976979674007068e-03 -1.509516190852125073e+00 -8.414177237580899860e-01 2.828490847505100297e-03 -5.403778554745428675e-01 -2.237771969402520611e+01
-5.367219128125572114e-01 7.115470374066310520e-03 8.437291896287135717e-01 8.127416616284126860e+01 9.572862939057633427e-03 9.999514333003833855e-01 -2.343356375185857206e-03 -1.532056538910930632e+00 -8.437049011834742984e-01 6.819174173892098532e-03 -5.367639626090672245e-01 -2.288427423547978279e+01
-5.319714228708719572e-01 1.040367664179509856e-02 8.466983853315370734e-01 8.205039826706371286e+01 1.041245877522775296e-02 9.999292885396176001e-01 -5.744441256034902785e-03 -1.561776833104580930e+00 -8.466982920263127488e-01 5.760334433961179258e-03 -5.320421354390452162e-01 -2.337431258792215161e+01
-5.239466142328906839e-01 1.241667904383868259e-02 8.516605886962199667e-01 8.283459302958672765e+01 1.558281545981289942e-02 9.998661250059950323e-01 -4.990781671673481280e-03 -1.589317270564350348e+00 -8.516085563280429982e-01 1.065636766629802883e-02 -5.240699588988055879e-01 -2.384444628783165143e+01
-5.153775371779572012e-01 1.482218382756179259e-02 8.568350388006390483e-01 8.364692390171867942e+01 2.324259081002227195e-02 9.997243623134776103e-01 -3.313809171830938826e-03 -1.607921380121231314e+00 -8.566479955088545095e-01 1.820720449783814684e-02 -5.155799868649186823e-01 -2.436096225118788894e+01
-5.058312727391356400e-01 1.493296616939098452e-02 8.625031690124466133e-01 8.439685349517827717e+01 2.248616357653429598e-02 9.997386584319800651e-01 -4.121558846305335699e-03 -1.624183875156398837e+00 -8.623393231257738822e-01 1.730957509169391006e-02 -5.060348643344786401e-01 -2.479700871280257246e+01
-4.945798495850625143e-01 1.186004851867863454e-02 8.690512631372325769e-01 8.525101475804498818e+01 1.786105029435408956e-02 9.998344222397853587e-01 -3.480080012988528201e-03 -1.658077570715192683e+00 -8.689486565501240989e-01 1.380099194963984796e-02 -4.947097923065546521e-01 -2.527333356429488376e+01
-4.835263868505711438e-01 8.562265864480091138e-03 8.752878994754814679e-01 8.605046689015675554e+01 1.900995311089617029e-02 9.998190345170870907e-01 7.210184942051634741e-04 -1.681432883812724599e+00 -8.751233441924787249e-01 1.698781451080826066e-02 -4.836016547678363975e-01 -2.572207882378857846e+01
-4.721648034083116285e-01 7.752830027143101620e-03 8.814761925404720477e-01 8.687183033280761890e+01 1.939463373784145600e-02 9.998106338640937452e-01 1.595168114048771835e-03 -1.694841572144872188e+00 -8.812969190068398184e-01 1.784909127080996569e-02 -4.722257559222220458e-01 -2.614059306041232134e+01
-4.599994619949055452e-01 6.471810709565295125e-03 8.878955999500049989e-01 8.773995373908373097e+01 1.850238876427696619e-02 9.998261752271875302e-01 2.298022773077776533e-03 -1.719553340855779267e+00 -8.877264047158326399e-01 1.748527994274522504e-02 -4.600392478990317224e-01 -2.655377510104336380e+01
-4.478107087433892408e-01 8.346649552149761064e-03 8.940894184459702299e-01 8.855399558293157725e+01 2.229691622582615287e-02 9.997497096622075530e-01 1.834535249044781310e-03 -1.731061456547040578e+00 -8.938503397744471668e-01 2.075696255582035188e-02 -4.478847318530474464e-01 -2.697391628320635348e+01
