1 0 0 0 0 1 0 0 0 0 1 0
0.99985291 0.001058749 0.017118188 0.010297186 -0.0010466529 0.9999992 -0.00071557275 -0.003728309 -0.017118933 0.00069755073 0.99985322 0.11482472
0.99927813 0.0033892876 0.037838112 0.025849723 -0.0033747623 0.99999421 -0.00044774787 -0.0013533301 -0.037839413 0.00031973006 0.99928378 0.25857651
0.99789098 0.0050518673 0.064715371 0.058344929 -0.0051152379 0.99998659 0.00081355992 -0.0011641197 -0.064710398 -0.0011428786 0.99790343 0.42463363
0.99515551 0.0048692648 0.09819262 0.099304914 -0.005179545 0.99998237 0.0029052439 4.9054183e-05 -0.09817675 -0.0033997626 0.99516319 0.59154768
0.99081244 0.0015509375 0.13523425 0.17801511 -0.0022617654 0.99998442 0.005102789 -0.0012985196 -0.13522424 -0.0053617749 0.99080051 0.78495338
0.98455858 -0.0018411708 0.17504575 0.23752711 0.00081136795 0.99998194 0.0059544337 -0.0088018158 -0.17505357 -0.0057204622 0.98454229 0.97277652
0.97588183 -0.0020907044 0.21828943 0.32918958 0.00055163556 0.99997456 0.0071112933 -0.0079337018 -0.21829876 -0.0068193657 0.97585816 1.1802846
0.96382515 -0.0018482695 0.2665289 0.42104627 -0.00078800756 0.99995183 0.009783862 0.0019383898 -0.26653416 -0.009639959 0.96377727 1.391033
0.94971444 -0.0057289611 0.31306493 0.56603127 0.00052229047 0.9998602 0.016712614 0.0076123117 -0.31311694 -0.0157087 0.94958466 1.6225151
0.93251381 -0.015352207 0.36080784 0.70722064 0.0068619026 0.99966886 0.02480075 -0.0014058522 -0.36106914 -0.020651213 0.93231036 1.836662
0.91140147 -0.021237875 0.41096996 0.85439104 0.0098063676 0.99950466 0.029904419 -0.0042151179 -0.41140153 -0.023224809 0.91115828 2.0596615
0.88630518 -0.022973364 0.46253144 1.0385026 0.008277376 0.9993951 0.033777567 -0.0034748676 -0.46302768 -0.026108686 0.88595921 2.2889789
0.85807012 -0.025246098 0.51291157 1.2131198 0.0063864304 0.99923821 0.038499542 0.017707233 -0.51349285 -0.029759633 0.85757768 2.5116004
0.82591269 -0.030467249 0.56297421 1.439646 0.0076200426 0.99905083 0.042888005 0.01882118 -0.56374657 -0.03113186 0.82536091 2.7407938
0.78978235 -0.036175957 0.61231944 1.677107 0.0097537277 0.99887378 0.046433106 0.023851202 -0.61330965 -0.03069965 0.78924574 2.9582139
0.75179523 -0.040626363 0.6581439 1.9469007 0.010802297 0.99872508 0.049310573 0.033295725 -0.65930819 -0.029961988 0.7512756 3.1611677
0.71204447 -0.044023482 0.70075286 2.2245307 0.012077652 0.99865274 0.050466217 0.043018599 -0.70203052 -0.027470741 0.71161686 3.3802215
0.67064619 -0.045573254 0.74037606 2.5267555 0.011224034 0.99862009 0.051302322 0.057448652 -0.74169249 -0.026095701 0.67023228 3.5847696
0.62860044 -0.046310885 0.77634834 2.856955 0.0069132784 0.99851883 0.053966239 0.080172602 -0.77769772 -0.028556089 0.62798953 3.7907759
0.58695978 -0.047150534 0.80824191 3.2021807 0.0043294616 0.99847124 0.055103839 0.097789161 -0.80960455 -0.028844485 0.5862666 4.0174603
0.54642421 -0.048120621 0.83612495 3.5793023 0.0020111763 0.9984205 0.056146702 0.11716762 -0.83750618 -0.028998323 0.54565791 4.2223331
0.50768198 -0.050615961 0.86005637 3.9961088 0.0012306864 0.9983143 0.058026243 0.13302605 -0.8615437 -0.028400418 0.50688847 4.4235717
0.46961382 -0.050550145 0.88142355 4.4243429 -0.0018002777 0.9983026 0.058212395 0.15420985 -0.88287014 -0.028924152 0.46872569 4.6250669
0.43363787 -0.049808609 0.89970953 4.882698 -0.003148523 0.99838126 0.056788661 0.17903377 -0.90108177 -0.02745847 0.4327791 4.8005284
0.39929982 -0.048510918 0.91553606 5.3860288 -0.0018201508 0.99855526 0.053703639 0.19588363 -0.91681864 -0.023110267 0.39863464 4.9851004
0.36990129 -0.046747683 0.92789418 5.8948691 -5.0186482e-05 0.99873231 0.050336543 0.2232133 -0.9290711 -0.01866612 0.36943002 5.1764653
0.34391684 -0.044942671 0.93792393 6.4465852 0.0010169802 0.99887119 0.047490186 0.24311011 -0.9389996 -0.015378824 0.34357432 5.3532747
0.32366881 -0.044478519 0.94512438 7.0171099 0.0024184902 0.99893009 0.046182431 0.26902751 -0.94616739 -0.012662038 0.32343008 5.5271342
0.30899062 -0.04496028 0.95000173 7.6030741 0.0038222242 0.99893262 0.046032819 0.29140895 -0.95105745 -0.010592589 0.30883265 5.7198016
0.2967078 -0.046535448 0.95383377 8.2092546 0.004771681 0.99887177 0.047248433 0.31585152 -0.95495643 -0.0094675874 0.2965951 5.9083069
0.28550732 -0.048324949 0.95715735 8.8489945 0.0033514641 0.99877215 0.049426299 0.34226255 -0.95837071 -0.010903691 0.28531872 6.1034198
0.27540319 -0.049862771 0.96003474 9.5252225 0.0016845612 0.99867742 0.051386567 0.37447799 -0.96132738 -0.012534787 0.27512294 6.2976739
0.26442648 -0.051769758 0.96301529 10.22429 0.0010658606 0.99857324 0.053388615 0.40240343 -0.9644053 -0.013090923 0.26410439 6.4680635
0.25450208 -0.053683446 0.96558102 10.92767 -5.0678681e-05 0.99845732 0.055524628 0.42995062 -0.96707227 -0.014180067 0.25410674 6.6693039
0.2449533 -0.055100924 0.96796781 11.658421 -0.0001080381 0.99838218 0.056859581 0.46001091 -0.96953491 -0.014032519 0.24455106 6.853382
0.23360277 -0.056721885 0.97067621 12.417518 -0.00069604421 0.998287 0.058502843 0.4904929 -0.97233191 -0.014342059 0.23316312 7.0425314
0.22386371 -0.059573239 0.97279802 13.167728 -0.002037878 0.99809935 0.061591632 0.52089878 -0.97461837 -0.015770574 0.22331682 7.195348
0.21229738 -0.063063823 0.97516803 13.965491 -0.0037458296 0.9978556 0.0653465 0.56534989 -0.97719797 -0.017525704 0.21160591 7.3921604
0.19982032 -0.066676805 0.97756123 14.753538 -0.0039577681 0.9976189 0.068853879 0.602231 -0.9798246 -0.017627365 0.19908064 7.5512392
0.18586412 -0.069043501 0.98014664 15.553651 -0.0053421938 0.99744241 0.071274883 0.64338319 -0.98256098 -0.018483576 0.18501991 7.7049207
0.17131848 -0.069965631 0.9827282 16.345561 -0.005528906 0.99739123 0.07197342 0.68042026 -0.98520023 -0.017763788 0.17048471 7.8254514
0.15725408 -0.069023426 0.98514305 17.142033 -0.0072298208 0.9974473 0.071039578 0.71956523 -0.98753175 -0.018293671 0.15635363 7.9511517
0.1406031 -0.067837428 0.98773922 17.963134 -0.0083691419 0.99753279 0.069701378 0.76025362 -0.99003071 -0.018066759 0.13968846 8.0733887
0.11971654 -0.066512279 0.9905776 18.787716 -0.010557498 0.99761167 0.06826051 0.80007843 -0.99275202 -0.018629932 0.11872841 8.1755734
0.094977119 -0.065061611 0.99335102 19.596676 -0.014842478 0.99765847 0.066762867 0.83902777 -0.99536884 -0.021084735 0.09378905 8.2635222
0.065391908 -0.06465124 0.99576304 20.419282 -0.01904046 0.9976364 0.06602326 0.88008546 -0.99767803 -0.023277173 0.064006357 8.3178456
0.031579357 -0.064272902 0.99743253 21.271707 -0.022417357 0.99763372 0.064995614 0.9151818 -0.99924986 -0.02441232 0.030063801 8.3260248
-0.0019175302 -0.063839446 0.9979583 22.107591 -0.023171361 0.99769507 0.063778083 0.95006571 -0.99972971 -0.023001755 -0.0033923587 8.3257081
-0.036553053 -0.0628727 0.9973519 22.943058 -0.024595445 0.99777319 0.061997831 0.98160774 -0.99902904 -0.022264104 -0.03801804 8.2682994
-0.067685 -0.060693049 0.99585893 23.782149 -0.027207956 0.99788905 0.058967547 1.0156898 -0.99733573 -0.023104067 -0.069193456 8.2217052
-0.099843272 -0.057592979 0.99333493 24.63995 -0.028957423 0.99806874 0.05495684 1.0522881 -0.99458176 -0.023277348 -0.10131819 8.142089
-0.13372639 -0.05308379 0.98959551 25.481794 -0.026539698 0.99839806 0.049969603 1.0752606 -0.9906629 -0.01958131 -0.134921 8.0053601
-0.16231034 -0.047615672 0.98559019 26.303987 -0.021518004 0.9987683 0.044708673 1.0958624 -0.98650515 -0.013951252 -0.16313502 7.8501969
-0.19646623 -0.041106188 0.97964852 27.122739 -0.015728527 0.9991244 0.03876908 1.1116979 -0.98038447 -0.0077916122 -0.19694075 7.6606054
-0.22286173 -0.035323812 0.97420983 27.958486 -0.0097628397 0.99937405 0.034002879 1.1222389 -0.97480122 -0.0019331131 -0.22306709 7.4555894
-0.25206389 -0.028557534 0.96728909 28.775394 -0.0011074979 0.99957233 0.029222041 1.1388875 -0.96771 0.0062945517 -0.25198772 7.2178673
-0.27993563 -0.018720695 0.95983618 29.574269 0.0049109479 0.99976884 0.020931819 1.1346744 -0.96000625 0.010573268 -0.27977899 6.9575411
-0.30411195 -0.0035034046 0.95262982 30.357195 0.0094413122 0.99993304 0.0066913574 1.1216648 -0.95258955 0.011028998 -0.30405851 6.6872602
-0.32960256 0.013878415 0.94401773 31.128766 0.0099062435 0.99988775 -0.011241031 1.1005749 -0.94406784 0.0056465979 -0.32970304 6.4217248
-0.35448981 0.028170488 0.9346354 31.888781 0.0095844962 0.99960304 -0.026493431 1.0763367 -0.93501079 -0.000433641 -0.3546191 6.129245
-0.37894457 0.038971648 0.92459837 32.656755 0.013098654 0.99923867 -0.036749267 1.0350163 -0.9253267 -0.0018149406 -0.37916654 5.7989581
-0.40384312 0.044321836 0.91375393 33.424387 0.017076741 0.99901688 -0.040910288 0.99082454 -0.9146689 -0.00091739785 -0.40420296 5.4654597
-0.42552581 0.043082179 0.90392015 34.156966 0.019494491 0.99907073 -0.038440048 0.94251025 -0.90473633 0.0012642316 -0.42597025 5.105861
-0.44578584 0.03975341 0.89425644 34.897961 0.02345487 0.99918911 -0.032725875 0.90244677 -0.89483234 0.0063859381 -0.44635677 4.7361635
-0.46378926 0.038779155 0.8850964 35.62053 0.031057639 0.99913917 -0.027501606 0.86556262 -0.88540104 0.014734056 -0.46459441 4.333298
-0.47748805 0.039624427 0.87774427 36.340951 0.034960658 0.99904829 -0.026082106 0.8211187 -0.87794247 0.018232624 -0.47841892 3.9275857
-0.48878177 0.04296296 0.87134752 37.017197 0.03733883 0.99890166 -0.028306997 0.76943995 -0.87160671 0.018699154 -0.48984911 3.5369698
-0.49859208 0.045745759 0.86562879 37.733558 0.039156464 0.99877576 -0.03022849 0.72885272 -0.86595194 0.018823278 -0.49977293 3.1320773
-0.50878615 0.044689973 0.85973217 38.409093 0.032581109 0.99893584 -0.032644582 0.679163 -0.86027623 0.011401917 -0.50970077 2.7283159
-0.51994739 0.043577052 0.85308598 39.119452 0.031058206 0.99900196 -0.032101016 0.64941701 -0.8536335 0.009804481 -0.52078189 2.3194879
-0.52856688 0.045189974 0.84768795 39.789057 0.033179971 0.99891879 -0.03256302 0.60212095 -0.84824301 0.010914529 -0.52949479 1.8787165
-0.53654019 0.04836902 0.84248739 40.461748 0.037071548 0.99874317 -0.033730894 0.55942019 -0.84306013 0.013134333 -0.53765897 1.4558993
-0.5402436 0.051461101 0.83993365 41.159203 0.03798442 0.9986023 -0.036750918 0.52103233 -0.84065099 0.012049945 -0.54144323 1.0127776
-0.53939425 0.052997796 0.84038385 41.864977 0.036896383 0.9985464 -0.039290452 0.47276944 -0.84124465 0.0098140815 -0.54056562 0.55311009
-0.53634863 0.053789878 0.84228068 42.580623 0.039679036 0.99847058 -0.038497635 0.43419682 -0.84306333 0.012772733 -0.53766266 0.10866849
-0.53035904 0.052940508 0.84611851 43.338861 0.038075442 0.99852867 -0.038610383 0.38591262 -0.84691771 0.011738971 -0.53159444 -0.3600175
-0.52300164 0.051400591 0.85078035 44.098385 0.035740611 0.99862454 -0.038361831 0.34351375 -0.85158203 0.01034411 -0.52411937 -0.82236953
-0.51599992 0.050693597 0.85508724 44.873544 0.033685447 0.99867599 -0.038878828 0.29591946 -0.85592607 0.0087425247 -0.51702437 -1.280542
-0.50972362 0.049174228 0.8589317 45.673362 0.030893487 0.99876751 -0.038846489 0.24669151 -0.85978339 0.0067344236 -0.51061456 -1.7448441
-0.50549178 0.047375827 0.86152976 46.493333 0.026884318 0.99887145 -0.039154258 0.19920248 -0.86241252 0.0033694852 -0.50619498 -2.2009154
-0.5041644 0.044220412 0.86247478 47.318921 0.021853838 0.99902166 -0.038446598 0.15179239 -0.86333118 -0.00053502146 -0.50463754 -2.6889429
-0.50443403 0.041956628 0.86243022 48.172918 0.019428373 0.99911737 -0.037242738 0.1034652 -0.86323167 -0.0020308874 -0.50480395 -3.1612975
-0.50543284 0.040488215 0.86191548 49.027429 0.017734069 0.99917495 -0.036536562 0.057931731 -0.86268373 -0.003181509 -0.50573385 -3.6489473
-0.50587782 0.040116077 0.86167179 49.893284 0.017943229 0.99919126 -0.035984179 0.0030317478 -0.86241854 -0.0027424231 -0.50618851 -4.1579537
-0.50601551 0.039482998 0.86162018 50.768624 0.017508551 0.99921609 -0.035505723 -0.048845622 -0.86234669 -0.0028807248 -0.50631013 -4.6598857
-0.50588482 0.038809815 0.8617275 51.651911 0.017669835 0.99924399 -0.03462994 -0.10329667 -0.86242008 -0.002292177 -0.50618812 -5.1752798
-0.50656399 0.03828568 0.86135188 52.540162 0.017666827 0.9992648 -0.03402576 -0.15166292 -0.86202139 -0.0020188696 -0.50686795 -5.6878812
-0.5060871 0.036937627 0.86169101 53.438489 0.015884226 0.99931222 -0.033507857 -0.20400157 -0.86233613 -0.0032705992 -0.50632575 -6.2062411
-0.5063156 0.035917834 0.86159988 54.320743 0.015179358 0.99934862 -0.032740128 -0.26309252 -0.86221468 -0.0034983036 -0.50653101 -6.7344044
-0.50534708 0.035794457 0.86217343 55.232062 0.014178616 0.99934885 -0.03317897 -0.31545224 -0.86279972 -0.0045424684 -0.50552554 -7.2398644
-0.50449723 0.03434124 0.86273006 56.118481 0.01393183 0.9994024 -0.03163463 -0.36940958 -0.86330094 -0.0039401745 -0.50467418 -7.7593105
-0.50231902 0.031918378 0.86409303 57.003297 0.014139037 0.99948806 -0.0287003 -0.4243908 -0.8645668 -0.0021992622 -0.50251315 -8.2701165
-0.49967688 0.030936146 0.86565923 57.899104 0.015054372 0.99952125 -0.027030281 -0.47450648 -0.86608108 -0.00047444922 -0.49990339 -8.7791003
-0.49760587 0.030331383 0.86687273 58.786939 0.014664029 0.99953977 -0.026555819 -0.52577654 -0.86727932 -0.0005024844 -0.49782164 -9.2796002
-0.49557112 0.030717866 0.86802397 59.679508 0.015273524 0.99952809 -0.026651628 -0.57712536 -0.8684331 5.0009122e-05 -0.49580643 -9.7759633
-0.49454968 0.031274338 0.86858648 60.564289 0.015640216 0.99951082 -0.027083284 -0.62313546 -0.86900867 0.00019085193 -0.4947969 -10.271245
-0.49520046 0.032612252 0.86816639 61.457377 0.015001174 0.99946719 -0.028987861 -0.67530052 -0.86864926 -0.0013312861 -0.49542583 -10.767852
-0.49779684 0.034483475 0.86660783 62.331338 0.013605286 0.9993968 -0.031952175 -0.72936247 -0.86718698 -0.0041152443 -0.49796573 -11.267683
-0.50222762 0.035055756 0.86402457 63.204731 0.012244161 0.99936606 -0.033429808 -0.78653468 -0.86464881 -0.0062101167 -0.50233847 -11.764619
-0.50820969 0.033456982 0.86058322 64.081529 0.011873612 0.99942236 -0.031842789 -0.84068963 -0.86115155 -0.0059645826 -0.50831338 -12.270135
-0.51323769 0.031418955 0.85767118 64.940471 0.015678567 0.99950616 -0.027232589 -0.89323107 -0.85810332 -0.00052973539 -0.51347684 -12.787819
-0.51838894 0.029254826 0.85464437 65.786411 0.012654173 0.99956765 -0.026540154 -0.94276585 -0.85505137 -0.0029433035 -0.51853501 -13.30419
-0.52346622 0.031741716 0.85145494 66.638264 0.013826034 0.99949071 -0.028760285 -0.99707303 -0.85193428 -0.0032827924 -0.52363849 -13.8131
-0.52865446 0.034374816 0.84814077 67.471068 0.01442621 0.99939922 -0.031513262 -1.0458576 -0.84871456 -0.0044241688 -0.52883276 -14.329108
-0.53377857 0.034201324 0.84493233 68.306341 0.012593606 0.99939247 -0.032497688 -1.1025761 -0.84553054 -0.0067058242 -0.53388501 -14.843317
-0.53703257 0.03483516 0.8428419 69.133332 0.011689124 0.99935836 -0.033856132 -1.1538156 -0.84348055 -0.0083297617 -0.53709519 -15.367423
-0.54064886 0.03372952 0.84057187 69.956976 0.011662601 0.99940038 -0.032601521 -1.2136268 -0.84116756 -0.0078227201 -0.54071805 -15.891068
-0.54304807 0.027451352 0.83925274 70.776267 0.013710861 0.99962212 -0.023825148 -1.2581781 -0.8395897 -0.0014313222 -0.54321924 -16.417519
-0.54473152 0.019027098 0.83839458 71.596525 0.013929573 0.99980994 -0.013639882 -1.2999609 -0.83849484 0.0042484052 -0.54489303 -16.955382
-0.5471862 0.015906687 0.83685972 72.415382 0.014031531 0.99985323 -0.0098301915 -1.3347639 -0.83689333 0.0063634785 -0.54732908 -17.477102
-0.54776998 0.022037217 0.83633866 73.220137 0.014505144 0.99975293 -0.016842805 -1.3713793 -0.83650326 0.0029052307 -0.54795429 -17.998412
-0.54937006 0.027297254 0.83513312 74.006371 0.015211818 0.99962733 -0.022667239 -1.4096548 -0.83544072 0.00025119156 -0.54958057 -18.518453
-0.54986495 0.032425633 0.8346239 74.810341 0.021882066 0.99946244 -0.024413416 -1.4447362 -0.83496693 0.0048392148 -0.55027891 -19.044233
-0.54959984 0.033217272 0.83476737 75.601778 0.024966853 0.99941599 -0.023331163 -1.4893044 -0.83505492 0.0080187114 -0.5501082 -19.576832
-0.54896123 0.030698513 0.83528385 76.39804 0.024867236 0.9994828 -0.020390058 -1.5310572 -0.83547786 0.0095778501 -0.54944069 -20.10281
-0.54876444 0.025182373 0.83559761 77.195387 0.022620385 0.9996275 -0.015270183 -1.5631372 -0.83567096 0.010521807 -0.54912967 -20.614577
-0.54798469 0.019205865 0.83626781 77.990427 0.020717836 0.99974132 -0.0093843608 -1.5953785 -0.83623179 0.012183175 -0.54824085 -21.131985
-0.54755203 0.01280875 0.83667357 78.795763 0.011932139 0.99990069 -0.0074987549 -1.6325575 -0.8366866 0.005877348 -0.54765049 -21.637193
-0.54630866 0.0074739401 0.83755055 79.601655 0.0034351561 0.99997177 -0.0066826681 -1.6561284 -0.83757693 -0.00077368176 -0.54631891 -22.133062
-0.5446755 0.0076613802 0.83861185 80.39281 0.0061065828 0.99996799 -0.0051692899 -1.6807171 -0.83862469 0.002305468 -0.54470486 -22.649228
-0.54164954 0.011411386 0.84052692 81.179255 0.011972516 0.99991116 -0.0058599715 -1.7128939 -0.84051918 0.0068891718 -0.54173804 -23.154983
-0.53541605 0.014833228 0.84445815 81.967528 0.013178845 0.99987076 -0.0092072585 -1.7387693 -0.84448566 0.0061992702 -0.53554234 -23.659619
-0.5276038 0.017214484 0.8493161 82.759898 0.018716542 0.99978752 -0.0086374277 -1.7634705 -0.84928439 0.011339122 -0.52781389 -24.151024
-0.52035905 0.0198222 0.85371745 83.55132 0.026097251 0.99963273 -0.0073033285 -1.799808 -0.85354874 0.018479327 -0.52068524 -24.638028
-0.51035414 0.019431324 0.85974474 84.357779 0.02454643 0.9996665 -0.0080226963 -1.825216 -0.85961398 0.017009249 -0.51066091 -25.111797
-0.49998254 0.016623627 0.86587589 85.167607 0.020643265 0.99976044 -0.0072739892 -1.8494402 -0.86578945 0.014237639 -0.50020593 -25.565121
-0.48746539 0.014053161 0.87302918 85.985908 0.022599199 0.99973857 -0.0034742933 -1.8710559 -0.87284984 0.018036163 -0.48765554 -26.018084
-0.47665441 0.012557969 0.87900102 86.804291 0.021862931 0.99975803 -0.0024276054 -1.8973181 -0.87881889 0.018060411 -0.47681363 -26.451556
-0.46592461 0.01179434 0.88474577 87.62249 0.021950101 0.9997575 -0.0017681774 -1.9160526 -0.88455216 0.018596423 -0.46607051 -26.869255
-0.45324503 0.013936964 0.89127697 88.446391 0.026054661 0.99965768 -0.0023820287 -1.9345849 -0.89100514 0.022142278 -0.453453 -27.286264
-0.44087976 0.016313228 0.89741788 89.276045 0.024081862 0.99968988 -0.0063414854 -1.9706925 -0.89724309 0.018815662 -0.44113589 -27.683529
-0.42997113 0.026251408 0.90246087 90.10346 0.026905291 0.99950581 -0.016255481 -1.9963606 -0.90244169 0.017291586 -0.43046495 -28.072779
-0.41736103 0.031063536 0.90820964 90.925691 0.026555033 0.99940569 -0.021979549 -2.0268094 -0.90835272 0.014944131 -0.41793788 -28.443521
-0.40592315 0.027444436 0.91349501 91.778159 0.024321342 0.99951939 -0.019221396 -2.0583143 -0.91358357 0.014415016 -0.40639554 -28.812349
-0.39351009 0.024118896 0.91900382 92.619795 0.025598565 0.99955564 -0.015271846 -2.0995418 -0.91896387 0.017515554 -0.39395264 -29.159624
-0.38410739 0.024269867 0.92296935 93.460172 0.021915124 0.99961247 -0.017164925 -2.1367517 -0.92302834 0.013633815 -0.38449041 -29.495914
-0.37763897 0.028780582 0.92550549 94.303822 0.017546145 0.99955979 -0.023924011 -2.1742 -0.9257867 0.0072044157 -0.37797772 -29.833775
-0.37164452 0.033650734 0.92776501 95.149756 0.010337659 0.99943091 -0.032109045 -2.2125791 -0.92831759 -0.0023422316 -0.37178089 -30.151677
-0.36844943 0.035585643 0.92896642 95.985283 0.0068836064 0.99934414 -0.035551384 -2.2599458 -0.92962235 -0.0067042473 -0.36845274 -30.476788
-0.36520714 0.035204714 0.93026034 96.823462 0.005619501 0.99934985 -0.035613195 -2.3086253 -0.93090936 -0.0077785933 -0.36516753 -30.802384
-0.35988997 0.034655061 0.93235088 97.681728 0.0037489771 0.99935557 -0.035698478 -2.3627945 -0.93298726 -0.0093521614 -0.35978797 -31.11818
-0.35535666 0.031047283 0.93421499 98.515379 0.002759434 0.99947871 -0.032166593 -2.4057017 -0.93472675 -0.0088527077 -0.35525709 -31.435996
-0.34938434 0.027226767 0.9365838 99.375235 0.0025369177 0.99960155 -0.028112336 -2.4541556 -0.9369761 -0.0074459733 -0.34931421 -31.746577
-0.34357059 0.024766587 0.93880019 100.22726 0.0022485587 0.99967103 -0.025549525 -2.4949139 -0.9391242 -0.0066671174 -0.34351325 -32.047649
-0.33856156 0.023554527 0.94064934 101.06193 -0.0022179618 0.99966387 -0.025830587 -2.538793 -0.94094167 -0.010831568 -0.33839552 -32.337017
-0.33191548 0.022284071 0.94304584 101.9223 -0.015622288 0.99945397 -0.029115425 -2.5818707 -0.9431798 -0.024396394 -0.33138612 -32.61788
-0.32514045 0.026061284 0.94530652 102.77313 -0.012987769 0.99940285 -0.032019845 -2.6314142 -0.94557659 -0.02268837 -0.32460781 -32.902152
-0.31832587 0.029691358 0.94751622 103.62251 -0.011869132 0.99930621 -0.035301779 -2.6790407 -0.94790709 -0.022483664 -0.31775261 -33.178316
-0.31180806 0.028181925 0.94972703 104.47067 -0.012531236 0.99935111 -0.033768626 -2.7198614 -0.95006251 -0.022430583 -0.31125258 -33.449943
-0.30496465 0.023264194 0.95207944 105.32864 -0.013128333 0.99950391 -0.028628209 -2.7630121 -0.95227322 -0.021229807 -0.30450794 -33.713386
-0.29795978 0.020363866 0.95436115 106.18137 -0.013609566 0.99958019 -0.025577758 -2.8078733 -0.95448144 -0.020609584 -0.29755755 -33.966528
-0.29130416 0.023176371 0.95634966 107.03618 -0.016299645 0.99944111 -0.029185529 -2.854929 -0.95649165 -0.024090025 -0.29076359 -34.21955
-0.28504864 0.025945884 0.95816179 107.89757 -0.016789178 0.99934506 -0.032055778 -2.9006704 -0.95836604 -0.025224205 -0.28442634 -34.470579
-0.27814928 0.027229484 0.96015179 108.75111 -0.017522101 0.99928794 -0.033415397 -2.9378142 -0.96037807 -0.026118345 -0.2774741 -34.703191
-0.27130521 0.025752458 0.96214875 109.62566 -0.018877756 0.99930733 -0.032070147 -2.9896874 -0.96230826 -0.026864007 -0.27063114 -34.938979
-0.26357407 0.025894961 0.96429149 110.47473 -0.015560781 0.99939543 -0.031090933 -3.0340115 -0.96451369 -0.023199892 -0.26301178 -35.165156
-0.25601571 0.027146082 0.96629135 111.33465 -0.01092935 0.99946045 -0.030973596 -3.0807312 -0.96661088 -0.018490663 -0.25558088 -35.39288
-0.24871724 0.027879456 0.96817477 112.22265 -0.0092626152 0.99947148 -0.031160171 -3.1239476 -0.96853189 -0.016717902 -0.24832755 -35.618788
-0.24213219 0.026908103 0.96987003 113.06857 -0.015389765 0.99938309 -0.031569033 -3.1650297 -0.97012125 -0.02256995 -0.24156871 -35.809938
-0.23633316 0.02461038 0.97136033 113.93758 -0.0202505 0.99933732 -0.030246175 -3.2098345 -0.97146108 -0.026818706 -0.23567818 -36.006831
-0.23170371 0.025008024 0.97246486 114.82494 -0.017326084 0.99940484 -0.029829002 -3.2551095 -0.97263214 -0.023760498 -0.23113252 -36.2183
-0.22703711 0.024864375 0.97356861 115.67446 -0.016244463 0.99943827 -0.029313293 -3.302242 -0.97375066 -0.022470304 -0.22650567 -36.406444
-0.22235081 0.026499879 0.97460648 116.56092 -0.015073071 0.99941764 -0.030613335 -3.3441853 -0.97485024 -0.021497213 -0.22182189 -36.606941
-0.21685251 0.025582346 0.97586908 117.41053 -0.0091389011 0.99955956 -0.028234188 -3.3824993 -0.97616164 -0.015041025 -0.2165232 -36.792045
-0.2110212 0.02471176 0.97716902 118.28164 -0.0010059115 0.99967436 -0.025498127 -3.4232804 -0.97748101 -0.0063635902 -0.21092762 -36.987534
-0.20644069 0.023755329 0.97817066 119.169 0.001663394 0.99971231 -0.023927421 -3.4691441 -0.97845774 -0.0033125092 -0.20642082 -37.179189
-0.20244586 0.025335157 0.97896564 120.0286 0.00015076408 0.99966609 -0.025839696 -3.5078883 -0.97929349 -0.0050835458 -0.20238208 -37.34259
-0.19867117 0.027241044 0.97968751 120.89412 -0.0023091983 0.99959786 -0.02826295 -3.5488465 -0.98006353 -0.0078773254 -0.19852838 -37.507786
-0.19695716 0.026400298 0.98005654 121.78252 -0.0046731881 0.99960075 -0.027865917 -3.5889653 -0.980401 -0.01006838 -0.19675516 -37.682485
-0.19595334 0.025164744 0.98029023 122.63491 -0.0059534931 0.99962172 -0.026851058 -3.6339864 -0.98059519 -0.011097705 -0.1957294 -37.840703
-0.19504416 0.020989518 0.9805698 123.52109 -0.0047902934 0.99973867 -0.022352667 -3.6679175 -0.98078281 -0.0090569734 -0.19489264 -38.016778
-0.19401571 0.01569655 0.9808728 124.37162 -0.0046073778 0.99984637 -0.016911511 -3.7066877 -0.98098764 -0.0078003498 -0.19391359 -38.174245
-0.19323716 0.013437484 0.98106001 125.23977 -0.0034431995 0.99989077 -0.014373605 -3.7409171 -0.98114608 -0.0061554992 -0.19316979 -38.3406
-0.1922334 0.017726828 0.98118907 126.11239 -0.0056942231 0.99979986 -0.019178667 -3.7783551 -0.98133275 -0.0092738892 -0.19209399 -38.508516
-0.19210291 0.021614529 0.98113669 126.94571 -0.0061214567 0.99971158 -0.023222292 -3.8172846 -0.98135574 -0.010467055 -0.19191519 -38.6623
-0.19212027 0.021144476 0.98114353 127.80094 -0.0065858265 0.99971757 -0.022834348 -3.8444176 -0.98134933 -0.010848582 -0.19192676 -38.822404
-0.19170434 0.020048707 0.98124789 128.66433 -0.0093118279 0.99970918 -0.022245136 -3.8855031 -0.98140859 -0.0134017 -0.1914619 -38.983777
-0.19082284 0.020488335 0.98141061 129.49822 -0.0041984632 0.99975598 -0.021687657 -3.9249989 -0.98161555 -0.0082589159 -0.19069026 -39.146058
-0.19031739 0.022836259 0.98145694 130.35139 -0.0063618424 0.99967974 -0.024493905 -3.9686483 -0.98170204 -0.01090549 -0.19011115 -39.30444
-0.19052569 0.02433431 0.98138052 131.1728 -0.015595787 0.99949153 -0.027811162 -3.9967085 -0.98155836 -0.020604142 -0.19004931 -39.444487
-0.19015952 0.025606908 0.98141916 132.01229 -0.020039153 0.99935028 -0.029957541 -4.0373358 -0.98154871 -0.02536352 -0.18952283 -39.59023
-0.19012097 0.028590623 0.98134424 132.84726 -0.021010889 0.99922844 -0.033182211 -4.0878401 -0.98153586 -0.026927548 -0.18937357 -39.74545
-0.18940421 0.029836712 0.98144574 133.6757 -0.017298911 0.99928169 -0.033717366 -4.1302103 -0.98174685 -0.023364154 -0.18875202 -39.901583
-0.18796072 0.031159059 0.98168213 134.49864 -0.016911215 0.99924581 -0.034954493 -4.1779679 -0.98203099 -0.023171509 -0.18729203 -40.050557
-0.18574154 0.030267341 0.98213232 135.31924 -0.011504214 0.99938997 -0.032974871 -4.2159946 -0.98253133 -0.017423463 -0.18528003 -40.209756
-0.18254219 0.027555325 0.98281177 136.14457 -0.0040256028 0.99957786 -0.028773092 -4.265748 -0.98318982 -0.0092087124 -0.18235421 -40.361855
-0.18051413 0.022893057 0.98330589 136.95347 0.001591438 0.99973458 -0.022983389 -4.3026614 -0.98357115 -0.0025839554 -0.18050265 -40.517719
-0.17649408 0.023035827 0.98403207 137.77624 0.0068453627 0.99973066 -0.022175553 -4.3347737 -0.98427794 0.0028222034 -0.17660423 -40.66208
-0.17190846 0.026676383 0.98475163 138.57426 0.0016299804 0.99963962 -0.026795143 -4.387975 -0.98511162 -0.0030011851 -0.17188999 -40.794722
-0.16522021 0.030428141 0.98578716 139.37804 0.0044666145 0.99953679 -0.030103932 -4.4224222 -0.98624663 -0.00057064596 -0.16527959 -40.925342
-0.15757152 0.030573446 0.98703414 140.17243 -0.00030274973 0.99951908 -0.031008497 -4.4635217 -0.98750757 -0.0051848797 -0.15748649 -41.040393
-0.14764261 0.0271178 0.9886689 140.96695 0.0080270409 0.99962398 -0.026219565 -4.4921015 -0.98900824 0.0040649616 -0.14780477 -41.159291
-0.13563818 0.025795667 0.99042253 141.77523 0.015761744 0.99959067 -0.023875883 -4.5334601 -0.9906331 0.012372306 -0.13598925 -41.269229
-0.12204173 0.027898625 0.99213275 142.55387 0.016285859 0.99952658 -0.026103223 -4.572974 -0.99239139 0.012972053 -0.12243831 -41.363111
-0.107964 0.028761485 0.99373863 143.35233 0.013109288 0.9995357 -0.027505018 -4.61374 -0.99406841 0.010057656 -0.10829091 -41.440913
-0.093826085 0.029269773 0.99515821 144.14277 0.018189413 0.9994513 -0.027681096 -4.64588 -0.99542247 0.015504136 -0.094307005 -41.513345
-0.080394227 0.030751964 0.99628861 144.92103 0.019785104 0.99937628 -0.029250734 -4.6862889 -0.99656681 0.017360085 -0.080952515 -41.570964
-0.066537673 0.036455247 0.99711768 145.71403 0.017139284 0.99922665 -0.035388646 -4.7365629 -0.99763674 0.014735206 -0.067111034 -41.61086
-0.054101988 0.045457338 0.99750014 146.46047 0.0079119698 0.9989514 -0.045094346 -4.7851505 -0.99850411 0.0054524982 -0.054404915 -41.629676
-0.040439256 0.054082745 0.99771721 147.23651 0.00071631536 0.99853537 -0.054098059 -4.8310529 -0.99918178 -0.0014730043 -0.040418769 -41.641125
-0.02713018 0.055115623 0.99811128 148.00735 0.00086576346 0.99847978 -0.055112436 -4.8807654 -0.99963158 -0.0006310812 -0.027136655 -41.652794
-0.015280027 0.051154817 0.99857379 148.77635 0.00061305489 0.99869072 -0.051151424 -4.9345716 -0.99988311 -0.00016941377 -0.015291384 -41.649775
-0.0041082973 0.048202066 0.99882911 149.55571 0.00032829353 0.9988376 -0.048201124 -4.9905899 -0.99999155 0.00012988544 -0.0041193477 -41.643553
0.0047661087 0.054258834 0.99851549 150.28203 -0.0043348276 0.99851861 -0.054238311 -5.0513211 -0.99997929 -0.004069886 0.0049942494 -41.621446
0.011212407 0.063058546 0.9979468 151.04687 -0.011677316 0.99794978 -0.062927532 -5.1016407 -0.99986899 -0.01094777 0.011925772 -41.600356
0.014614423 0.066304022 0.99769239 151.80533 -0.017675816 0.99766021 -0.066042961 -5.1568583 -0.999737 -0.016669847 0.015752205 -41.579722
0.014295087 0.061992185 0.99797422 152.55009 -0.018167165 0.99792759 -0.061729059 -5.2129683 -0.99973281 -0.01724794 0.015391683 -41.556442
0.013300496 0.056526884 0.99831244 153.31302 -0.012821494 0.99832835 -0.056356963 -5.2858145 -0.99982938 -0.012050281 0.01400302 -41.543783
0.010251101 0.054244336 0.99847503 154.06023 -0.011661469 0.99846612 -0.054124124 -5.333471 -0.9998795 -0.011088853 0.010867944 -41.533749
0.0073501847 0.054140732 0.99850622 154.80599 -0.01335771 0.99844946 -0.054039324 -5.3878192 -0.99988381 -0.012940557 0.0080619826 -41.526327
0.0037262168 0.05437367 0.99851366 155.54924 -0.013479037 0.99843266 -0.054318956 -5.4471207 -0.99990225 -0.013256597 0.0044532796 -41.521044
-0.00091870372 0.052612931 0.99861452 156.29101 -0.010564107 0.99855874 -0.05261971 -5.5002194 -0.99994382 -0.010597812 -0.00036157252 -41.516316
-0.0062842219 0.052894351 0.9985803 157.03366 -0.013471584 0.99850496 -0.052975138 -5.5499242 -0.99988955 -0.013785365 -0.0055622576 -41.517124
-0.012106793 0.051202086 0.99861488 157.7772 -0.01392954 0.99858258 -0.051369304 -5.601903 -0.99982972 -0.014532163 -0.011376412 -41.520931
-0.018033961 0.048155289 0.998677 158.5174 -0.011116524 0.99876809 -0.048360419 -5.6522136 -0.99977562 -0.011973946 -0.017476427 -41.535357
-0.022997794 0.048227782 0.99857153 159.24925 -0.012779938 0.99873995 -0.048530245 -5.7058333 -0.99965387 -0.01387777 -0.022352469 -41.548487
-0.028482764 0.049528576 0.99836645 159.97801 -0.011963725 0.99868328 -0.049885609 -5.7515761 -0.99952273 -0.013365061 -0.027852716 -41.563527
-0.032815105 0.05176402 0.99812002 160.69143 -0.0161946 0.99849925 -0.052316114 -5.807781 -0.99933027 -0.017880913 -0.031927561 -41.580268
-0.035123542 0.053787011 0.99793447 161.41215 -0.013927365 0.99842733 -0.054303764 -5.8602298 -0.99928597 -0.015805937 -0.034319194 -41.603074
-0.036780196 0.05545784 0.99778332 162.12474 -0.013592375 0.99833882 -0.055989754 -5.9172849 -0.99923098 -0.015621559 -0.035965295 -41.626265
-0.035869482 0.05396014 0.99789859 162.83946 -0.0097844904 0.99847439 -0.054342977 -5.9655743 -0.99930863 -0.011713183 -0.035286788 -41.656094
-0.032104004 0.050101111 0.99822799 163.55208 -0.0035545822 0.99873081 -0.050240665 -6.009289 -0.99947826 -0.0051612093 -0.031885171 -41.677783
-0.024860033 0.049587282 0.99846031 164.26015 -0.0040163953 0.99875602 -0.049701968 -6.0686648 -0.99968292 -0.0052458031 -0.024629946 -41.689517
-0.014053248 0.050706822 0.99861466 164.96135 -0.0027198471 0.99870769 -0.05074982 -6.1229438 -0.99989759 -0.0034292783 -0.013897174 -41.692796
-0.0002799417 0.051048197 0.99869611 165.6437 -0.00026562502 0.99869615 -0.051048272 -6.1729951 -0.99999997 -0.00027956838 -0.00026601855 -41.686377
0.015104226 0.04895319 0.99868682 166.33735 -0.0012385724 0.99880095 -0.04894005 -6.2179626 -0.9998852 -0.00049774351 0.015146745 -41.666356
0.03077655 0.043872598 0.99856292 167.04258 -0.0045576809 0.99903199 -0.043752733 -6.2620584 -0.99951594 -0.0032045722 0.030946714 -41.62533
0.047338173 0.037453325 0.99817647 167.70621 -0.006890766 0.99928527 -0.037168136 -6.3017161 -0.99885519 -0.0051187281 0.04756242 -41.579372
0.064738262 0.030020761 0.99745056 168.38374 -0.0061798517 0.99954027 -0.02968256 -6.3381939 -0.99788319 -0.0042424984 0.064894023 -41.524887
0.082449327 0.022303767 0.99634561 169.074 -0.006574872 0.99973995 -0.021835668 -6.3734309 -0.99657361 -0.0047505079 0.082574529 -41.453247
0.099914836 0.016197382 0.9948641 169.72516 -0.0091027505 0.99984053 -0.015364207 -6.4063433 -0.9949544 -0.0075208868 0.10004634 -41.372228
0.11770284 0.013593795 0.99295577 170.39317 -0.0092765323 0.99987772 -0.012588937 -6.4347492 -0.99300557 -0.0077294319 0.11781455 -41.280463
0.13616833 0.012911065 0.99060154 171.03098 -0.0085274243 0.99989331 -0.011859987 -6.454929 -0.99064906 -0.0068323242 0.1362639 -41.178114
0.15357934 0.012180329 0.9880612 171.6654 -0.010549702 0.99988725 -0.010686321 -6.4779422 -0.98808004 -0.0087825523 0.15369052 -41.066526
0.16978955 0.011654263 0.98541139 172.31111 -0.014935796 0.99984565 -0.0092514877 -6.4918712 -0.9853672 -0.013147097 0.16993741 -40.938819
0.18420149 0.0082253612 0.98285404 172.9318 -0.01861401 0.99981484 -0.0048787603 -6.512389 -0.98271227 -0.01739618 0.18432049 -40.800458
0.19641327 0.0040320381 0.98051287 173.56246 -0.014881782 0.99988862 -0.0011306422 -6.5322719 -0.9804083 -0.014369705 0.19645139 -40.668518
0.2071935 0.0024611418 0.97829684 174.19386 -0.011791148 0.99993048 -1.8318577e-05 -6.5486502 -0.97822896 -0.011531447 0.20720812 -40.532382
0.21706568 0.0055983404 0.97614091 174.78059 -0.013942055 0.99989933 -0.0026342865 -6.5644737 -0.97605747 -0.013037596 0.21712188 -40.382521
0.22586362 0.012630193 0.97407701 175.40227 -0.017990612 0.9997995 -0.0087921543 -6.5854864 -0.97399284 -0.015538413 0.22604556 -40.231094
0.23519578 0.022817037 0.97168012 175.96817 -0.01918997 0.99963855 -0.018828614 -6.6033358 -0.9717586 -0.014218101 0.23554862 -40.07721
0.24366241 0.029848545 0.96940065 176.5588 -0.016031676 0.9995137 -0.026746126 -6.6208376 -0.96972764 -0.009024091 0.24402243 -39.923668
0.24979699 0.028369104 0.96788252 177.1692 -0.015657566 0.99955838 -0.025256538 -6.6393188 -0.96817167 -0.0088456765 0.25013087 -39.765832
0.25589354 0.020987222 0.96647708 177.76915 -0.017377774 0.99970263 -0.017107618 -6.6567701 -0.9665488 -0.012417491 0.25618215 -39.58965
0.26041965 0.010093842 0.96544272 178.3784 -0.020919176 0.9997696 -0.0048099716 -6.6811936 -0.96526891 -0.018943655 0.2605708 -39.411311
0.26247092 0.00078100271 0.96493955 178.98806 -0.019885227 0.99979169 0.0045997222 -6.704477 -0.96473503 -0.020395334 0.26243178 -39.241544
0.26335807 -0.00031651896 0.96469806 179.59442 -0.016250914 0.99985659 0.0047644784 -6.7258468 -0.96456131 -0.016931989 0.26331516 -39.076995
0.26435429 0.002873471 0.96442132 180.20295 -0.015006277 0.99988676 0.0011341809 -6.7269957 -0.96430892 -0.014772198 0.26436747 -38.916289
0.2660226 0.0026278465 0.96396317 180.80527 -0.012087273 0.99992676 0.00060980966 -6.738299 -0.96389105 -0.011813908 0.26603488 -38.745494
0.26818537 0.00073911904 0.963367 181.41467 -0.013636387 0.99990243 0.0030289939 -6.7381824 -0.96327085 -0.013949176 0.26816928 -38.566504
0.27035358 -0.0035512715 0.96275451 182.0288 -0.013121137 0.99988673 0.0073728202 -6.7541687 -0.96267173 -0.014625702 0.27027636 -38.391235
0.27403916 -0.0090354546 0.96167605 182.64308 -0.012132407 0.99984381 0.012851311 -6.7618693 -0.96164205 -0.015189207 0.27388673 -38.207638
0.27779118 -0.011970472 0.96056686 183.27319 -0.011050181 0.99981639 0.015655253 -6.7711205 -0.96057797 -0.014963328 0.2776079 -38.028449
0.2841368 -0.013368659 0.9586905 183.87198 -0.010369371 0.99980146 0.017015214 -6.7657932 -0.95872772 -0.014775665 0.28394176 -37.837372
0.29213377 -0.016620525 0.95623299 184.50671 -0.0083059305 0.99976718 0.019914705 -6.7682644 -0.95634144 -0.013760162 0.29192771 -37.641812
0.30159787 -0.018987312 0.9532461 185.11742 -0.0055532701 0.99974974 0.0216706 -6.7725657 -0.95341909 -0.011829439 0.30141695 -37.439739
0.31259589 -0.017046079 0.94973321 185.74793 -0.0070418634 0.99976991 0.020261916 -6.7754564 -0.94986015 -0.013021682 0.31240392 -37.22463
0.32417608 -0.013464848 0.94590089 186.35747 -0.0074561838 0.99983127 0.016787903 -6.7748776 -0.94596741 -0.012495047 0.32402099 -36.99758
0.33551743 -0.0095970128 0.94198507 186.96749 -0.0095050807 0.99986271 0.013572206 -6.7738758 -0.94198608 -0.013507355 0.33538015 -36.768229
0.34760492 -0.0091343114 0.93759656 187.59929 -0.0085410818 0.99988021 0.012907619 -6.7709167 -0.93760223 -0.01249484 0.34748527 -36.524642
0.35888427 -0.012097834 0.93330362 188.22123 -0.0077874059 0.99984239 0.015954834 -6.7760883 -0.93334962 -0.012993953 0.3587335 -36.272867
0.36977897 -0.01431144 0.92900949 188.83896 -0.007375551 0.99980464 0.018337775 -6.7747796 -0.92909052 -0.01363288 0.36960117 -36.016745
0.38126497 -0.014442048 0.92435295 189.4767 -0.010366026 0.99974832 0.019895664 -6.7806242 -0.92440772 -0.017167386 0.38101931 -35.742295
0.39085784 -0.016105339 0.92031011 190.08526 -0.011898088 0.99967497 0.022547362 -6.7704172 -0.92037419 -0.019762744 0.39053918 -35.459415
0.3975377 -0.015055782 0.91746228 190.73352 -0.016162237 0.99959537 0.023406726 -6.7700423 -0.91744353 -0.024133298 0.39713351 -35.17493
0.4021656 -0.016974143 0.91540955 191.37239 -0.017018676 0.99951679 0.026010507 -6.7623575 -0.9154088 -0.026039589 0.40168239 -34.882371
0.40411085 -0.02182939 0.91444947 192.01687 -0.012392954 0.99949277 0.029336169 -6.7559523 -0.9146261 -0.023187794 0.40363534 -34.591601
0.40455985 -0.019844782 0.91429615 192.67529 -0.010556096 0.99959659 0.026367112 -6.7533393 -0.91445064 -0.020318472 0.40418716 -34.30699
0.40351904 -0.02023519 0.91474742 193.3415 -0.007373986 0.99965103 0.025366207 -6.7456957 -0.91494157 -0.016981082 0.40322901 -34.015599
0.40248327 -0.018995152 0.91523021 194.00542 -0.0047983138 0.99972718 0.02285896 -6.7428249 -0.91541481 -0.01359191 0.40228232 -33.726719
0.40267084 -0.020283055 0.91512006 194.67853 -0.0015928215 0.99973742 0.022859417 -6.7338668 -0.9153435 -0.010662443 0.4025328 -33.43004
0.40146665 -0.026507396 0.91548993 195.36641 0.0021700179 0.99960581 0.027991305 -6.7262877 -0.91587111 -0.0092509453 0.40136592 -33.140176
0.40091506 -0.029706437 0.91563343 196.04806 0.0030395501 0.99951175 0.031096867 -6.7210514 -0.91611023 -0.0096840881 0.40080961 -32.830431
0.39926828 -0.032053591 0.91627361 196.74224 0.0041460222 0.99944158 0.03315638 -6.7098259 -0.9168248 -0.0094393993 0.39917821 -32.534058
0.3970392 -0.032229015 0.91723557 197.42658 0.0030060269 0.99942357 0.033815661 -6.6997671 -0.91779677 -0.010668907 0.39690721 -32.234329
0.39607594 -0.032537857 0.91764103 198.10762 0.0013387996 0.99939135 0.034858714 -6.6865807 -0.91821682 -0.01257816 0.39587843 -31.920943
0.39367242 -0.031627906 0.9187065 198.80303 0.00061770715 0.99941681 0.034141792 -6.6801678 -0.91925063 -0.01287319 0.39346236 -31.630855
0.39302856 -0.028738187 0.91907704 199.49543 0.0024077227 0.99954023 0.030224529 -6.674452 -0.91952315 -0.0096662196 0.39291705 -31.330675
0.39211581 -0.02243477 0.91964221 200.18475 0.00068209182 0.99970939 0.024097188 -6.6749667 -0.91991565 -0.0088216073 0.39201716 -31.040247
0.39083573 -0.019176746 0.92026062 200.86394 -0.0020593283 0.99976223 0.02170803 -6.6658218 -0.92045818 -0.010379392 0.39070331 -30.744715
0.38973789 -0.022139243 0.92065963 201.56623 -0.0018544696 0.9996901 0.024824743 -6.6520166 -0.920924 -0.011382478 0.38957605 -30.43928
0.38843655 -0.024707814 0.92114413 202.25898 -0.0038339489 0.99958847 0.028428658 -6.651529 -0.92146754 -0.014574349 0.38818196 -30.145673
0.38554194 -0.024921655 0.92235365 202.9394 -0.0069191924 0.99952897 0.029899112 -6.6485858 -0.92266441 -0.017909303 0.3851879 -29.851318
0.38123238 -0.02452694 0.92415379 203.6412 -0.010489923 0.99946888 0.030853102 -6.6456663 -0.92441977 -0.021456503 0.38077261 -29.555482
0.37424743 -0.025624886 0.92697473 204.32183 -0.010278586 0.9994421 0.031777914 -6.6354264 -0.92727196 -0.021420792 0.37377525 -29.283437
0.36570437 -0.025796903 0.93037345 205.01431 -0.010432269 0.99943941 0.031812567 -6.6265845 -0.93067264 -0.0213399 0.36523024 -29.00298
