1.000000000000000000e+00 4.398956837314658088e-19 2.733407509747682871e-20 -8.673617379884035472e-19 -5.583667658079949532e-19 1.000000000000000000e+00 -6.100159232558060012e-19 0.000000000000000000e+00 4.145284534913582806e-20 -2.210423569125054137e-19 1.000000000000000222e+00 0.000000000000000000e+00
9.998993058518115262e-01 5.496323011214727938e-04 1.418012964707020436e-02 -6.708345618710542801e-02 -5.422778099138180581e-04 9.999997164711199593e-01 -5.224878661212622490e-04 -1.195717056623166186e-02 -1.418041304886800101e-02 5.147457024771029009e-04 9.998993203848591804e-01 4.506416757117159833e-02
9.994155698037207047e-01 2.777063181080168842e-03 3.407061455993895538e-02 -6.989727194814632227e-02 -2.756739655653286675e-03 9.999959931586290818e-01 -6.434737408922545400e-04 -7.703643376185287384e-03 -3.407226560237871377e-02 5.491738958407023146e-04 9.994192208962945356e-01 1.765818594487131576e-01
9.980169863938780361e-01 5.074345310033168480e-03 6.274030521986986852e-02 8.606346342477103062e-03 -5.130447905167802476e-03 9.999865704252246523e-01 7.331323430543056118e-04 3.553151634447956897e-03 -6.273574356340287650e-02 -1.053564354122456725e-03 9.980296170264836286e-01 4.042215459997225979e-01
9.954103135584424500e-01 4.437461318879036207e-03 9.559611166516183978e-02 7.779847651932128572e-02 -4.723827245514295413e-03 9.999850076099427998e-01 2.769480050166403095e-03 3.915119862797869499e-03 -9.558239064289673903e-02 -3.208348465664896589e-03 9.954163516458273131e-01 5.485818453606156053e-01
9.909707833020905410e-01 1.233467162005538135e-03 1.340723128517851415e-01 1.311757011341201096e-01 -1.921822772670522079e-03 9.999856286008532713e-01 5.004916710218861031e-03 7.647260099466063332e-04 -1.340642149613453515e-01 -5.217389380537298081e-03 9.909589119835067184e-01 7.494634787593432712e-01
9.849413235063417815e-01 -1.950038029409885193e-03 1.728779521121251717e-01 2.043856672666869434e-01 9.765531233933506718e-04 9.999831871195297150e-01 5.715926781396193923e-03 -9.742949883887283558e-03 -1.728861947987414549e-01 -5.461027872309591122e-03 9.849266678797268249e-01 9.302228390733982000e-01
9.761790810904156235e-01 -2.264026952960813271e-03 2.169545466451192062e-01 2.937270177335903343e-01 8.303417415064998216e-04 9.999772156355846153e-01 6.699159570468924373e-03 -6.391425218262192232e-03 -2.169647743022655173e-01 -6.359432871097719063e-03 9.761587190832794469e-01 1.178677951215471253e+00
9.645452252728929921e-01 -2.241780596149019981e-03 2.639080938103872120e-01 3.758215368902799169e-01 -3.322241598869787611e-04 9.999528173790808161e-01 9.708379908537737718e-03 3.895526789306116844e-03 -2.639174105535675441e-01 -9.451847968047929344e-03 9.644989703588996433e-01 1.358405518230757059e+00
9.499920471469810446e-01 -6.077222436557568053e-03 3.122149523395970627e-01 5.191393174641245611e-01 1.027895936145623934e-03 9.998660526870656318e-01 1.633462904910089677e-02 2.016021301414691602e-02 -3.122724065527086035e-01 -1.519684305024509262e-02 9.498710445820384152e-01 1.622733264958926114e+00
9.332809720873403991e-01 -1.569293739564118703e-02 3.588040650870778503e-01 6.376418889309072302e-01 7.276146164487413970e-03 9.996660451949151982e-01 2.479628515942017622e-02 -5.713962049313667246e-03 -3.590733734938101884e-01 -2.053119013419739403e-02 9.330834820291725729e-01 1.813657237840380354e+00
9.121686386249077128e-01 -2.160797598524382551e-02 4.092449972105221545e-01 8.059558106246661469e-01 1.027985469562070486e-02 9.995012148345475689e-01 2.986044372579948689e-02 -5.766707997207048964e-03 -4.096861026992655863e-01 -2.303078100409241061e-02 9.119357887235211013e-01 2.041066003126819517e+00
8.869778839145943117e-01 -2.346058464051738179e-02 4.612156017984208045e-01 9.758882700639722740e-01 8.811957207814670456e-03 9.993867507604304867e-01 3.388911007608214759e-02 -3.260010035607219248e-03 -4.617278279867071400e-01 -2.599467877977535563e-02 8.866406784279505793e-01 2.286415008353751332e+00
8.591183876910361006e-01 -2.545494949944359167e-02 5.111434608873731689e-01 1.180146922199067472e+00 6.941447405439579374e-03 9.992499883140478767e-01 3.809563136203068107e-02 2.300073419600903724e-02 -5.117298285241355105e-01 -2.918058170548946603e-02 8.586507323426816329e-01 2.508541578393568727e+00
8.269099834122024539e-01 -3.079551412741658376e-02 5.614904370325759508e-01 1.394487816131730673e+00 7.997414772426552840e-03 9.990423886380768170e-01 4.301566018850105227e-02 2.039425552205066661e-02 -5.622774464880675449e-01 -3.107960666285142920e-02 8.263644087351527112e-01 2.734366530659338324e+00
7.914081624904523160e-01 -3.646895296094556510e-02 6.101992544175811606e-01 1.622492326489253456e+00 1.032133427239792338e-02 9.988737044615020322e-01 4.631190502674262244e-02 2.165245833484968907e-02 -6.112009469597697864e-01 -3.035354884701185404e-02 7.908932104124472007e-01 2.924285274548990898e+00
7.537097922494249147e-01 -4.098463512892693700e-02 6.559281988483984804e-01 1.895831975380364076e+00 1.144567154262850044e-02 9.987208215447035409e-01 4.925157016856718251e-02 3.349514731960977904e-02 -6.571077186106014656e-01 -2.961385160972723404e-02 7.532147586799680106e-01 3.140485342319025097e+00
7.135192970778193589e-01 -4.425016307951248895e-02 6.992368182875178251e-01 2.186514300975076264e+00 1.232266139575463257e-02 9.986417994040999169e-01 5.062320065161649008e-02 4.741897599768346572e-02 -7.005272114118056281e-01 -2.750417154108565632e-02 7.130954735450588666e-01 3.373694909491093519e+00
6.716720176850728974e-01 -4.584001166681138384e-02 7.394290941440644360e-01 2.488658837608943575e+00 1.118845435070170251e-02 9.985977234187279894e-01 5.174364905813044757e-02 5.455137344305783370e-02 -7.407641523192314281e-01 -2.648169199122686265e-02 6.712430255912651411e-01 3.586250688884991877e+00
6.288110421712074238e-01 -4.639243661806058405e-02 7.761729223352158424e-01 2.818993542761677684e+00 7.207177990051558472e-03 9.985233690181214428e-01 5.384364456286121897e-02 8.014993797094144279e-02 -7.775247526547495180e-01 -2.826346131837265477e-02 6.282168777704043583e-01 3.820191483053294146e+00
5.875327684609474854e-01 -4.723658857261608945e-02 8.078204875423380393e-01 3.169467640565575284e+00 4.359338292888119068e-03 9.984650388880035310e-01 5.521378669177461757e-02 9.996368608815324464e-02 -8.091886394182858933e-01 -2.891834560772188825e-02 5.868368476522011212e-01 4.021012337649531254e+00
5.476071116472394085e-01 -4.835275969228483572e-02 8.353373273727445758e-01 3.536895668771161905e+00 2.336030707231390429e-03 9.984133693496789475e-01 5.626088178617824620e-02 1.186622392469878912e-01 -8.367323389243924714e-01 -2.885748473560165173e-02 5.468512137859049549e-01 4.225689283331363733e+00
5.088702001296987465e-01 -5.099914908799060842e-02 8.593312481670013492e-01 3.983585921788558082e+00 1.470695216161399272e-03 9.982936239428420455e-01 5.837531502688690643e-02 1.332818248475359790e-01 -8.608420121735668173e-01 -2.844164326211991861e-02 5.080768792099092934e-01 4.419158391635198413e+00
4.714073135244679080e-01 -5.075793458788448176e-02 8.804537262259289898e-01 4.371206932971316128e+00 -1.625112604286613324e-03 9.982906936533265663e-01 5.842131403377449905e-02 1.540556195682312723e-01 -8.819141215642581910e-01 -2.897107050833005668e-02 4.705190454240809061e-01 4.606226678112898654e+00
4.354636686872408458e-01 -5.011552836046026527e-02 8.988102211599934277e-01 4.836682792160315714e+00 -2.679196677189590436e-03 9.983725850031164306e-01 5.696493116262156542e-02 1.811732512266843176e-01 -9.002023271125755288e-01 -2.721424659126354256e-02 4.346207179708492796e-01 4.810871285012786380e+00
4.019077207060992585e-01 -4.890254827657731368e-02 9.143733979478375629e-01 5.342450923782990024e+00 -1.480565094972744172e-03 9.985368860357760612e-01 5.405455686067768550e-02 1.992857633205018242e-01 -9.156789868714007019e-01 -2.307873234613785907e-02 4.012472792247223641e-01 4.993061413415285976e+00
3.722363124308659121e-01 -4.705433404088987803e-02 9.269444443905786590e-01 5.854298492083677807e+00 1.586598761604678673e-04 9.987172630660979822e-01 5.063401274163682048e-02 2.193777870124108964e-01 -9.281379843190974421e-01 -1.870074850989376924e-02 3.717662955043389839e-01 5.167780469862949033e+00
3.469582976355168324e-01 -4.538686593559562027e-02 9.367817020978340681e-01 6.373517461139516449e+00 1.290398870014054398e-03 9.988505276533541366e-01 4.791615848453081861e-02 2.402253407289520193e-01 -9.378796779228585345e-01 -1.541608590062265062e-02 3.466180445178393410e-01 5.327035015435778398e+00
3.259562140240854222e-01 -4.470926795263123477e-02 9.443270688217380027e-01 6.965216650395799292e+00 2.443110283574637803e-03 9.989176022033408042e-01 4.645056712859563924e-02 2.670829926581427261e-01 -9.453817184926647244e-01 -1.283375496864001993e-02 3.257126280879100721e-01 5.503358418675483144e+00
3.116206257634905885e-01 -4.519096690159109947e-02 9.491313644301112573e-01 7.569997608716231952e+00 3.527712932164726607e-03 9.989165639173799294e-01 4.640316300888835260e-02 2.986132888608182823e-01 -9.502000615085084423e-01 -1.111191882451687506e-02 3.114424241642484992e-01 5.691317667665400926e+00
2.988086949389016644e-01 -4.683311301713639213e-02 9.531631591918152679e-01 8.175770165432904690e+00 4.560851924296793931e-03 9.988537618729267376e-01 4.764830514499066028e-02 3.191840222724324216e-01 -9.543021422114756902e-01 -9.890490949051080824e-03 2.986797865804210472e-01 5.909154304968034843e+00
2.885293869393824595e-01 -4.853419424163338269e-02 9.562401421363871945e-01 8.804086747110202893e+00 3.200355972391640512e-03 9.987577432648616638e-01 4.972653166414939957e-02 3.398262312234449634e-01 -9.574657000939559293e-01 -1.128725595478329013e-02 2.883262847262961781e-01 6.075888040303453863e+00
2.782051637113807652e-01 -5.019443988552151070e-02 9.592092522218522710e-01 9.482318504825791194e+00 1.647763788395297836e-03 9.986571153493987163e-01 5.178079564943296326e-02 3.721451541210134550e-01 -9.605202694942673869e-01 -1.282513357753983091e-02 2.779142735066034708e-01 6.270261615772476205e+00
2.681765647608567726e-01 -5.209885480991466311e-02 9.619599907452149878e-01 1.015547113792957212e+01 1.052965293740540896e-03 9.985518715557302194e-01 5.378708987192565294e-02 4.049886131613008589e-01 -9.633692115746201878e-01 -1.341152562457120605e-02 2.678430675905060787e-01 6.465061039294036860e+00
2.574081841636118861e-01 -5.379322334726315685e-02 9.648042807179875169e-01 1.087679837060877652e+01 -3.028421930777856373e-04 9.984447321670069098e-01 5.574966416776523659e-02 4.272530072837918413e-01 -9.663027225093875350e-01 -1.464260239015564846e-02 2.569915532885885256e-01 6.641169903796126484e+00
2.472238970686849724e-01 -5.543130735991064900e-02 9.673715413565988630e-01 1.161643326537656939e+01 -2.541632389659757634e-04 9.983585882053602756e-01 5.727184924480500233e-02 4.654974286313497966e-01 -9.689583565417989597e-01 -1.440483916474690103e-02 2.468040108954555334e-01 6.848594003712562994e+00
2.363518710438285986e-01 -5.686437122955627366e-02 9.700021754507730520e-01 1.238065965003103308e+01 -1.041388128192558644e-03 9.982706945030144219e-01 5.877530063714067610e-02 4.931340220293561338e-01 -9.716669826822159628e-01 -1.490180014438381370e-02 2.358839272173101631e-01 7.020385041933444370e+00
2.261250653706416702e-01 -5.992380574528263087e-02 9.722533498351343395e-01 1.313665692512228311e+01 -2.018229042857109211e-03 9.980750593929066383e-01 6.198469589045013661e-02 5.287810975685071080e-01 -9.740961956095828267e-01 -1.597852248009186751e-02 2.255688467264951869e-01 7.186545091135641883e+00
2.157386233925130681e-01 -6.349311453455785959e-02 9.743846543562766360e-01 1.390854244841533571e+01 -3.811578978820646859e-03 9.978213146596740524e-01 6.586422268297079108e-02 5.723248669562933655e-01 -9.764437183198859671e-01 -1.792339993261812120e-02 2.150265864347746803e-01 7.350844429089351983e+00
2.017880315623713228e-01 -6.704746435085610912e-02 9.771316244956227415e-01 1.466958662114978118e+01 -4.292988925700932760e-03 9.975840300317552201e-01 6.933738688904854397e-02 6.117760933307586635e-01 -9.794198167541813271e-01 -1.818626918699503200e-02 2.010126823516341643e-01 7.506549075501635748e+00
1.895295533116048425e-01 -6.936773528570806813e-02 9.794215891910020844e-01 1.550858975455435029e+01 -5.092645742991418201e-03 9.974184256314087005e-01 7.162785154679403299e-02 6.558304298657670062e-01 -9.818618183502865193e-01 -1.856344102348324310e-02 1.886870020052628660e-01 7.675663891923182547e+00
1.755923677449328091e-01 -7.019272218918153061e-02 9.819573746782913615e-01 1.629216341428267256e+01 -6.079335667116446233e-03 9.973585467883461231e-01 7.238073482389344171e-02 6.808574318979724316e-01 -9.844441980581294382e-01 -1.867915222330708211e-02 1.747018222305136703e-01 7.811781867899871834e+00
1.608238792962660424e-01 -6.935577000173716311e-02 9.845432648949785648e-01 1.710944619241375975e+01 -7.108916659011112020e-03 9.974207007453447238e-01 7.142414843414547632e-02 7.241879047060013619e-01 -9.869575270703920822e-01 -1.848574376385493656e-02 1.599160206206803603e-01 7.962561860765504207e+00
1.446139051946641330e-01 -6.839811195855471926e-02 9.871213198123242050e-01 1.788675663943300975e+01 -8.338568512321099802e-03 9.974883589706783349e-01 7.033805476445209592e-02 7.661393864328164272e-01 -9.894530326660891939e-01 -1.840303865431374558e-02 1.436803432557794136e-01 8.075042853150359079e+00
1.243112392437788483e-01 -6.694476760448136998e-02 9.899823721077430916e-01 1.872104255674729600e+01 -1.083426162442639035e-02 9.975703762835633759e-01 6.881833402849087122e-02 8.035793339847647765e-01 -9.921841319996838049e-01 -1.928061952896640771e-02 1.232839111995775172e-01 8.188779120635985009e+00
1.003091048010586600e-01 -6.542576933933122452e-02 9.928028682798412108e-01 1.954778820512904502e+01 -1.505147171501906161e-02 9.976216705716560718e-01 6.726407345330503995e-02 8.440622964208972512e-01 -9.948424769642305598e-01 -2.169034242228708512e-02 9.908578120227663766e-02 8.276450940969718673e+00
7.067291658255238362e-02 -6.495893224900523011e-02 9.953821672674396659e-01 2.037026492773245678e+01 -1.899141919879453189e-02 9.976088267536883381e-01 6.645265052370970260e-02 8.833496675623293548e-01 -9.973187465319839351e-01 -2.360012177959509155e-02 6.927026169244170084e-02 8.347605399078283028e+00
3.701919752095587240e-02 -6.484037089964957146e-02 9.972087485245233474e-01 2.119834674174204636e+01 -2.196364411161088118e-02 9.975989135889564707e-01 6.568109265591171031e-02 9.278000489741408119e-01 -9.990731678380937453e-01 -2.433379855251346577e-02 3.550617900612471761e-02 8.358687370789269266e+00
3.089406136350409098e-03 -6.434503786130814362e-02 9.979229200764286878e-01 2.202899701563335810e+01 -2.370117331335976074e-02 9.976426466527691383e-01 6.440034128610219732e-02 9.548157836572150892e-01 -9.997143228303106977e-01 -2.385090203591232888e-02 1.557069026900110946e-03 8.333857772136179065e+00
-3.143999815117830277e-02 -6.319485493694516898e-02 9.975058493714243912e-01 2.289919574051986473e+01 -2.466650706051834452e-02 9.977443285652364269e-01 6.243250951811617211e-02 9.940271249976870838e-01 -9.992012345871067458e-01 -2.264210622339374659e-02 -3.292787757395965187e-02 8.308177224796388316e+00
-6.415619905742885043e-02 -6.151301315343975923e-02 9.960422250297793489e-01 2.371731922257862024e+01 -2.731849159882182229e-02 9.978326538046631278e-01 5.986397102273903481e-02 1.021969228128863261e+00 -9.975658871950048301e-01 -2.336972545195722950e-02 -6.569759448759200648e-02 8.231878128837657016e+00
-9.640053828098943400e-02 -5.805938700094531724e-02 9.936478382930521436e-01 2.457253387094670316e+01 -2.923185393356972708e-02 9.980318214444058311e-01 5.547956487463633068e-02 1.060840021418916201e+00 -9.949132886626557148e-01 -2.369790769407777511e-02 -9.790798971701145104e-02 8.161174934952509119e+00
-1.294658167324947151e-01 -5.394501838399373000e-02 9.901154074701087326e-01 2.541125914117519002e+01 -2.658854278092664600e-02 9.983488944602190163e-01 5.091693570202364405e-02 1.080011738824952605e+00 -9.912273546167252869e-01 -1.973372231097661814e-02 -1.306863758181552038e-01 8.013336178560308554e+00
-1.602185862661674731e-01 -4.847517961919411283e-02 9.858905337311955064e-01 2.623786258991754394e+01 -2.236154820065785337e-02 9.987153152952203961e-01 4.547175136542829649e-02 1.101377363603744941e+00 -9.868282436331189400e-01 -1.476061803833453832e-02 -1.610967373433598582e-01 7.849280617822844697e+00
-1.924229338016889557e-01 -4.214574169704640716e-02 9.804066167031137979e-01 2.706698640150266044e+01 -1.624793833690036174e-02 9.990771717364312909e-01 3.975939415185467118e-02 1.119030296678573233e+00 -9.811775759067943303e-01 -8.278965997665354085e-03 -1.929301432643392156e-01 7.700333251889802000e+00
-2.200865256660826108e-01 -3.641840291184100104e-02 9.748002894834014720e-01 2.789264313832589792e+01 -1.006964534621651759e-02 9.993344248454004708e-01 3.506151111678111609e-02 1.134275692825872817e+00 -9.754283877573023398e-01 -2.099325995091581593e-03 -2.203067633095709965e-01 7.494439694000019081e+00
-2.478073952153614090e-01 -3.001111701338180990e-02 9.683443659898119948e-01 2.868861297546272127e+01 -1.665367584913448034e-03 9.995318064809213254e-01 3.055150359344594238e-02 1.153494126704389000e+00 -9.688078949631619974e-01 5.958240310689738757e-03 -2.477413542979794436e-01 7.291472496136685244e+00
-2.749117444923544484e-01 -1.985241973326141995e-02 9.612644785859034702e-01 2.951364960369913604e+01 4.541217114217226992e-03 9.997488446209530366e-01 2.194595655363127187e-02 1.147572869706644960e+00 -9.614587488389756409e-01 1.039851303533525020e-02 -2.747525461295287630e-01 7.046754436669631971e+00
-3.005279350927619886e-01 -4.984680071527197373e-03 9.537599787359118952e-01 3.028134902824879404e+01 9.146886774277289758e-03 9.999252935981099988e-01 8.108123495656548857e-03 1.136165554829598356e+00 -9.537291596842928376e-01 1.116065327227781442e-02 -3.004598907675009034e-01 6.742897339427535108e+00
-3.257850887950303198e-01 1.225091210131011576e-02 9.453644668423647479e-01 3.107464153689232234e+01 1.037279502854945683e-02 9.999021768705168567e-01 -9.383058968537427019e-03 1.121153934022970144e+00 -9.453869557368931309e-01 6.749212210219698513e-03 -3.258802970075263539e-01 6.486393169337898001e+00
-3.498406772230193695e-01 2.668316399881625126e-02 9.364291183436671551e-01 3.186820512300529984e+01 8.504517415606137679e-03 9.996435451601741740e-01 -2.530722796193244500e-02 1.079593219692682293e+00 -9.367706167847983378e-01 -8.896190415891404649e-04 -3.499429035712160463e-01 6.150096822038052302e+00
-3.749145719854247161e-01 3.730511066244703716e-02 9.263084675711675819e-01 3.259627353251601534e+01 1.281764794610127864e-02 9.993031147572066786e-01 -3.505699232325582004e-02 1.048624021926668481e+00 -9.269707578960000305e-01 -1.270280480743325507e-03 -3.751314646327892910e-01 5.872044545488733114e+00
-3.985727632710507895e-01 4.220005727951218338e-02 9.161653194191488048e-01 3.337993353063683344e+01 1.636731006465706392e-02 9.991090510033296956e-01 -3.890006850592901688e-02 1.001038697339001748e+00 -9.169906638418102718e-01 -5.093449812120242910e-04 -3.989083579809371005e-01 5.522392966288975025e+00
-4.210876939593739543e-01 4.149850172752879429e-02 9.060700930999162628e-01 3.412285155102125600e+01 1.832239251786383846e-02 9.991381448343334970e-01 -3.724590490781239799e-02 9.464513075707574608e-01 -9.068348568598484372e-01 9.175806552127095889e-04 -4.214851304696309309e-01 5.163834237664545412e+00
-4.418968122922000141e-01 3.796775314268251850e-02 8.962620390011314386e-01 3.486296838819157529e+01 2.259734861128333272e-02 9.992580149895162744e-01 -3.118940964403340080e-02 9.118477189325618903e-01 -8.967812333404274749e-01 6.470646057623481544e-03 -4.424269032979918914e-01 4.783853696140794476e+00
-4.594133753680010313e-01 3.685109539928010935e-02 8.874577922948349018e-01 3.557811282707550049e+01 2.991079799612853668e-02 9.992141636908278279e-01 -2.600767565539927051e-02 8.819635730909338722e-01 -8.877188224571345154e-01 1.459629778026750625e-02 -4.601545985778470738e-01 4.386328737217288776e+00
-4.739372486841607612e-01 3.773639715286820212e-02 8.797496431755995605e-01 3.629343763776024190e+01 3.388465968779032222e-02 9.991228872224162672e-01 -2.460256107205737938e-02 8.380896655941743045e-01 -8.799064307874246982e-01 1.814994827389692506e-02 -4.748002384829692057e-01 3.991424928469766709e+00
-4.843358581281100861e-01 4.085482289979059517e-02 8.739277122130971742e-01 3.700575437241914045e+01 3.599557725629731059e-02 9.989938044189884403e-01 -2.675251562264614399e-02 7.824083104502747021e-01 -8.741413544485329146e-01 1.850033097650714137e-02 -4.853191156940790396e-01 3.586949253612151445e+00
-4.944728787152979921e-01 4.371380835099450413e-02 8.680931180120526891e-01 3.770697662918342985e+01 3.738650809866631008e-02 9.988798792906196100e-01 -2.900406350217242524e-02 7.353182320469127120e-01 -8.683886420558879493e-01 1.811324870907218831e-02 -4.955533172777815687e-01 3.195975175167318660e+00
-5.052078812648923556e-01 4.302496342703417825e-02 8.619244954010373272e-01 3.838804103703834869e+01 3.139177213038171765e-02 9.990116713463753628e-01 -3.146803302299894939e-02 6.879987522199499939e-01 -8.624265566353664925e-01 1.115944009075521201e-02 -5.060592009028519467e-01 2.823763905726183410e+00
-5.175029716894212761e-01 4.163604536155171565e-02 8.546678306620997256e-01 3.906864690697489806e+01 2.959502370723008161e-02 9.990888148514313061e-01 -3.075182205052644571e-02 6.633041351708997002e-01 -8.551694690989700698e-01 9.379756422090891263e-03 -5.182636516216062583e-01 2.407998399120044208e+00
-5.256646271789344738e-01 4.317679285982082421e-02 8.495954632559117314e-01 3.974281933655159804e+01 3.214401372569570398e-02 9.990060492202593734e-01 -3.088164419579249656e-02 6.313722360511875298e-01 -8.500843922639669259e-01 1.107602126784810667e-02 -5.265300190330236552e-01 1.961261415084013082e+00
-5.330852370787864114e-01 4.578287358011383368e-02 8.448219016602774856e-01 4.041317847220940962e+01 3.583234817628715846e-02 9.988606086677958018e-01 -3.152026675143373285e-02 5.803001808650817273e-01 -8.453024219419162932e-01 1.346896468830618802e-02 -5.341183534384140730e-01 1.513101938193528451e+00
-5.364905721957722307e-01 4.938838575352227922e-02 8.424598746494761370e-01 4.115859449361595068e+01 3.678750010682615285e-02 9.987057482230252692e-01 -3.512133595716173534e-02 5.450983492811559694e-01 -8.431041201545451669e-01 1.214972812342455383e-02 -5.376130947540468386e-01 1.081860423485012879e+00
-5.363474205704019671e-01 5.071020526816898827e-02 8.424724960647754779e-01 4.182650067546487804e+01 3.575781221212378375e-02 9.986623981324579402e-01 -3.734693239868364795e-02 4.976700231248383233e-01 -8.432394884957242764e-01 1.009404344889158409e-02 -5.374432884448206993e-01 6.458485694376633335e-01
-5.327739929242149008e-01 5.161174324965161347e-02 8.446822405238786358e-01 4.254334421122086241e+01 3.820724300045023197e-02 9.985876783085226860e-01 -3.691686941234363639e-02 4.551131974667508850e-01 -8.453946361053041869e-01 1.260463272182809312e-02 -5.339934882652607184e-01 1.827325398903346942e-01
-5.278607601761264867e-01 5.039904841470544544e-02 8.478342648949406257e-01 4.327873228100533964e+01 3.669260856933900805e-02 9.986590732611519972e-01 -3.651996448820127306e-02 4.120650032367252913e-01 -8.485379674176241060e-01 1.183179561629914452e-02 -5.290022113203544096e-01 -2.555024777726367380e-01
-5.201312774389593718e-01 4.932058681601929340e-02 8.526610819976626621e-01 4.404651644699409019e+01 3.456180098179593291e-02 9.987289803809538125e-01 -3.668658609770874407e-02 3.737581126270009824e-01 -8.533867517716858808e-01 1.038766273938796988e-02 -5.211747898895434661e-01 -7.080745312001721636e-01
-5.136881322478193956e-01 4.862519711902908714e-02 8.565979685291208456e-01 4.483122325560328392e+01 3.276411096669618744e-02 9.987762342850047270e-01 -3.704789874825124146e-02 3.281676416431262844e-01 -8.573511695337291405e-01 9.034605984416188562e-03 -5.146526608858513763e-01 -1.165794012677335179e+00
-5.067738000652490804e-01 4.686294288150506110e-02 8.608043719259643733e-01 4.562738083874514672e+01 2.951217147596682175e-02 9.988791874249934866e-01 -3.700541325458007319e-02 2.745487860761248733e-01 -8.615737690506396484e-01 6.650833317412827017e-03 -5.075888300375941409e-01 -1.653083178146947274e+00
-5.025032625180588797e-01 4.508565338470720690e-02 8.633989469057722355e-01 4.646602092496691228e+01 2.559147271038634749e-02 9.989774513300220260e-01 -3.727101032207090492e-02 2.262438210060376265e-01 -8.641964822779901745e-01 3.366847260645758518e-03 -5.031432379608362648e-01 -2.105565245103433458e+00
-5.007080724793619986e-01 4.210012035335795877e-02 8.645918068580273896e-01 4.728327913370077340e+01 2.075195757025134063e-02 9.991133167850941854e-01 -3.663245062950584718e-02 1.913073282859749369e-01 -8.653674333769908467e-01 -4.001903281141149546e-04 -5.011377641656984405e-01 -2.568798378379027803e+00
-5.013308881384366256e-01 3.999767415653358860e-02 8.643306734886355702e-01 4.813177377604807816e+01 1.847043482392517547e-02 9.991980686220051089e-01 -3.552552129158322719e-02 1.432796266321315348e-01 -8.650584928004605434e-01 -1.845476856450921008e-03 -5.016676308199248258e-01 -3.057747646405191144e+00
-5.021598796570296841e-01 3.857672048746584037e-02 8.639139299628534330e-01 4.901094758655970907e+01 1.674325874234754846e-02 9.992509728312607420e-01 -3.488777076731379434e-02 9.525989311940093185e-02 -8.646127057054749931e-01 -3.054503406722551984e-03 -5.024296494936962842e-01 -3.549998069648307997e+00
-5.028009731750012756e-01 3.801819115115942505e-02 8.635657386732745744e-01 4.985715914978464980e+01 1.673977051868233423e-02 9.992732271529317645e-01 -3.424613182954792251e-02 4.399013687278137408e-02 -8.642401134889460268e-01 -2.763095212586068675e-03 -5.030719680921090786e-01 -4.060688881373335946e+00
-5.028813324685731390e-01 3.759483323786742132e-02 8.635374806362600131e-01 5.072188458146641210e+01 1.668603919819386730e-02 9.992897280799539761e-01 -3.378779982471979276e-02 -3.557023802023065451e-04 -8.641943958712364759e-01 -2.582232638499968019e-03 -5.031514600564656048e-01 -4.538284746219020782e+00
-5.030675001349184106e-01 3.690531907249249011e-02 8.634587854839556043e-01 5.161827211048434805e+01 1.689719857776129236e-02 9.993168748652139222e-01 -3.286743459904279546e-02 -4.914338677897815699e-02 -8.640819332038339740e-01 -1.944502683758311768e-03 -5.033474398022657059e-01 -5.061762328589526128e+00
-5.031333481924886719e-01 3.644849504166202542e-02 8.634398228269967168e-01 5.252122448257113518e+01 1.660040258324290904e-02 9.993334825706469138e-01 -3.251180116821639210e-02 -1.081858467021163950e-01 -8.640493463170686450e-01 -2.024321798841410489e-03 -5.034030619540320606e-01 -5.584610234692850561e+00
-5.029162842357604024e-01 3.503117777426802831e-02 8.636249267629366733e-01 5.341029024764869604e+01 1.462310234587842379e-02 9.993801761027528707e-01 -3.202231193963232803e-02 -1.592372574851051159e-01 -8.642114256565022190e-01 -3.475665539671422312e-03 -5.031168304185631435e-01 -6.093251599519106776e+00
-5.032861123503337142e-01 3.430860256401777747e-02 8.634384722738420725e-01 5.429489927870726262e+01 1.456049463119786849e-02 9.994063457646455984e-01 -3.122415752610051623e-02 -2.075894997415406729e-01 -8.639971605345041494e-01 -3.142592708259880040e-03 -5.034868858574462758e-01 -6.601244757532289675e+00
-5.019277297544015859e-01 3.328599734087510364e-02 8.642688140606122893e-01 5.520317321446790970e+01 1.289543276813267386e-02 9.994361117725848453e-01 -3.100268171056663746e-02 -2.635499584153290775e-01 -8.648134332008479142e-01 -4.415984367793613675e-03 -5.020739371742750645e-01 -7.150613838001299349e+00
-5.020166394658687192e-01 3.218967409694276083e-02 8.642587026197778854e-01 5.609446244899372402e+01 1.259440818032204513e-02 9.994732429293320397e-01 -2.991015757976658168e-02 -3.199734094309147348e-01 -8.647662614302713546e-01 -4.130569022360901059e-03 -5.021576097629463220e-01 -7.620691458748388492e+00
-4.998399718681300063e-01 2.962458423281891934e-02 8.656109824658104746e-01 5.696661282961841977e+01 1.301377145191291891e-02 9.995589358880141440e-01 -2.669410824322041714e-02 -3.665176097174514536e-01 -8.660200093765596518e-01 -2.077917902112226371e-03 -5.000050391818150475e-01 -8.143738138147078587e+00
-4.969922004671273874e-01 2.869148933018524777e-02 8.672805414052442430e-01 5.786211059172735816e+01 1.353277857330981507e-02 9.995879582380495787e-01 -2.531358577885044897e-02 -4.170479631039986645e-01 -8.676494851003395681e-01 -8.439382378094528172e-04 -4.971756957179644387e-01 -8.649799802854374775e+00
-4.952963846289303862e-01 2.794216489142806181e-02 8.682745609259826525e-01 5.874201616870057308e+01 1.356392486862833223e-02 9.996094891480926670e-01 -2.443131439034841243e-02 -4.672884591250164865e-01 -8.686181691411662964e-01 -3.235298411442619616e-04 -4.954819726631656818e-01 -9.146958655121132153e+00
-4.926387375811734359e-01 2.850256368890401182e-02 8.697670173163639662e-01 5.967059311621562046e+01 1.378558839907497585e-02 9.995936742520376006e-01 -2.494882608242155603e-02 -5.271205409858847890e-01 -8.701247291514174753e-01 -3.005071422435928144e-04 -4.928314916132359724e-01 -9.690035719487170240e+00
-4.918803828133653799e-01 2.897390718644645910e-02 8.701805490861119763e-01 6.055965572497595417e+01 1.400249557147682442e-02 9.995801253000506925e-01 -2.536736481230920243e-02 -5.695774390509954488e-01 -8.705501890346948324e-01 -2.930088905120081387e-04 -4.920795629171729191e-01 -1.016890759298850533e+01
-4.923286149722839178e-01 2.993379408022546484e-02 8.698945276078284827e-01 6.142886269916629516e+01 1.310306276344933366e-02 9.995501071518211322e-01 -2.697949248313256249e-02 -6.217458068885162170e-01 -8.703107819199189521e-01 -1.884492650161305851e-03 -4.924993454565541606e-01 -1.064538976497081180e+01
-4.953366279372027337e-01 3.169071189512957798e-02 8.681228658234116935e-01 6.230347635311616017e+01 1.160942354567589922e-02 9.994866099103180135e-01 -2.986198037870162192e-02 -6.757699843957334362e-01 -8.686235425989087267e-01 -4.713325729884972753e-03 -4.954502391403138306e-01 -1.113601583505608161e+01
-4.986146026063573711e-01 3.242010861958760648e-02 8.662172943562127525e-01 6.321089711927140797e+01 1.046744543978060139e-02 9.994526692759614361e-01 -3.138143466668549125e-02 -7.266571668046744037e-01 -8.667605915385908633e-01 -6.580158431537707492e-03 -4.986810524524372124e-01 -1.164816894388555291e+01
-5.050750316228679315e-01 3.129066112816068085e-02 8.625080251686176869e-01 6.406254130017661907e+01 1.086983937052002878e-02 9.994939375495176526e-01 -2.989507270927835997e-02 -7.711827978574334885e-01 -8.630069937698978677e-01 -5.723930222422968402e-03 -5.051595577890547473e-01 -1.212861928416057111e+01
-5.096580817042626332e-01 2.895378477569678088e-02 8.598897049608724696e-01 6.494903080030437081e+01 1.351826635858937448e-02 9.995797054272843596e-01 -2.564505698774292158e-02 -8.364487326509807419e-01 -8.602708343382049483e-01 -1.445991557755650029e-03 -5.098352813636189973e-01 -1.264389648736745819e+01
-5.151020254269911280e-01 2.695509758016045171e-02 8.567049158272189713e-01 6.581566705378519089e+01 1.097549189258271649e-02 9.996308664846952352e-01 -2.485295412254858588e-02 -8.764788818573212570e-01 -8.570586059692582026e-01 -3.399048246175548696e-03 -5.152077306661291267e-01 -1.315878103154507350e+01
-5.202257882705810799e-01 2.921013553373267777e-02 8.535290762350344895e-01 6.664565024733126108e+01 1.208209316828135621e-02 9.995666198146548886e-01 -2.684391093681976967e-02 -9.291555674508912288e-01 -8.539433027038905166e-01 -3.652476010527940485e-03 -5.203532535023509542e-01 -1.368117096619106654e+01
-5.258044999181865631e-01 3.144359276531518560e-02 8.500240674347740999e-01 6.745674506065246590e+01 1.259692017215866162e-02 9.994947782921739243e-01 -2.918057135561520632e-02 -9.726672622513324873e-01 -8.505121735471172784e-01 -4.635589524339811009e-03 -5.259349456953530400e-01 -1.417054404512627208e+01
-5.303230729672220312e-01 3.177010461944869413e-02 8.472001450009947199e-01 6.832233484684086022e+01 1.136650442456225638e-02 9.994742375772514009e-01 -3.036529225930384782e-02 -1.025434845037447307e+00 -8.477194421831439897e-01 -6.473710042359970274e-03 -5.304053652508604610e-01 -1.471082175990666130e+01
-5.343120472662695741e-01 3.240136358257902915e-02 8.446660729629050790e-01 6.915566258041513947e+01 1.050470908677627289e-02 9.994424281487727102e-01 -3.169359369844911012e-02 -1.078527355178105607e+00 -8.452220412160075247e-01 -8.061296715733239082e-03 -5.343544979964268693e-01 -1.522437557517076812e+01
-5.370332836245672592e-01 3.144011114846351901e-02 8.429749455162944827e-01 6.996047344744191321e+01 1.016152176915896543e-02 9.994738086999017668e-01 -3.080339555325614653e-02 -1.138564654305001866e+00 -8.434998562104096820e-01 -7.976539554317202754e-03 -5.370701819432742719e-01 -1.573207078107505019e+01
-5.399005376352788987e-01 2.468144858830432012e-02 8.413668775730105409e-01 7.078255061147112315e+01 1.158740867811597526e-02 9.996932248941690080e-01 -2.189036409753438231e-02 -1.191027275902954763e+00 -8.416490676261831894e-01 -2.069356582249060224e-03 -5.400209048060768957e-01 -1.626436788461380800e+01
-5.425055368841569248e-01 1.646181452970766484e-02 8.398909085528603047e-01 7.161745999859510903e+01 1.218201533286194030e-02 9.998570103297002021e-01 -1.172848569307224746e-02 -1.220666525215311049e+00 -8.399638995312372902e-01 3.868796461616646250e-03 -5.426285034544544583e-01 -1.679195520337817626e+01
-5.446878703607301864e-01 1.389219756341487227e-02 8.385237730218804142e-01 7.242379603822200806e+01 1.301670302129250174e-02 9.998823888322742048e-01 -8.110112438556763004e-03 -1.246801347569258755e+00 -8.385378350699601580e-01 6.497336045503234250e-03 -5.448046407733263541e-01 -1.731291039972721890e+01
-5.448295995248227941e-01 1.902487075124002433e-02 8.383309304666618500e-01 7.322184354436593878e+01 1.293236071524100222e-02 9.998143317743054537e-01 -1.428481723134181550e-02 -1.281931319170532602e+00 -8.384470603709965886e-01 3.058807693148783789e-03 -5.449744796500570754e-01 -1.781323961555222013e+01
-5.473543484780993840e-01 2.397023149262852634e-02 8.365576085717049137e-01 7.401392932154483617e+01 1.286009422237411465e-02 9.997126230336093045e-01 -2.023089967189684035e-02 -1.340186745702668825e+00 -8.368021550199987724e-01 -3.152603230621206076e-04 -5.475053120584589816e-01 -1.835588025854759309e+01
-5.476237487795159176e-01 2.995587445760277204e-02 8.361882937629072643e-01 7.483246067152359160e+01 2.008120241132160463e-02 9.995416064236778420e-01 -2.265661720626411038e-02 -1.362540183368240010e+00 -8.364837036869468001e-01 4.384365687899328956e-03 -5.479742727265305424e-01 -1.888970524077004143e+01
-5.472409618935736297e-01 3.010608321822415626e-02 8.364334645626131381e-01 7.563604250550216079e+01 2.242074512715049039e-02 9.995215403932750098e-01 -2.130728607896825028e-02 -1.418973165160003491e+00 -8.366747583553986178e-01 7.093242776539314225e-03 -5.476541311945294366e-01 -1.939081039261656514e+01
-5.469045611292858711e-01 2.786735178940480742e-02 8.367310194872054074e-01 7.640833918889022414e+01 2.292986545795522649e-02 9.995695132833215535e-01 -1.830326054734346050e-02 -1.445075823031543916e+00 -8.368808957953292049e-01 9.175994026290408903e-03 -5.473081217856408109e-01 -1.992040274188955706e+01
-5.457726097432799017e-01 2.256475977503019995e-02 8.376294391283407581e-01 7.721618759297213330e+01 2.079759180690384651e-02 9.996941771807525967e-01 -1.337954602183235968e-02 -1.473865610427665063e+00 -8.376751936853220615e-01 1.011848642575588313e-02 -5.460749938669031689e-01 -2.043995400761024328e+01
-5.459696512409764058e-01 1.630143723891852928e-02 8.376463396254607563e-01 7.797833034526384210e+01 1.868405748144691056e-02 9.997989408296633629e-01 -7.279002750061746782e-03 -1.508256150433220588e+00 -8.375965958657580757e-01 1.167651879935192698e-02 -5.461644572045308843e-01 -2.092508688204149436e+01
-5.458866508339015322e-01 1.001479536049792486e-02 8.377991737445551479e-01 7.881191407254860337e+01 1.020209720733923284e-02 9.999338822488677003e-01 -5.305499602246779335e-03 -1.533823639191952193e+00 -8.377969283506702114e-01 5.651108184612394121e-03 -5.459527311296208385e-01 -2.144122073213950230e+01
-5.441956285072716559e-01 5.286866401146233727e-03 8.389416869685474287e-01 7.960551732073847120e+01 2.086899721190589585e-03 9.999855808279765057e-01 -4.948028159136666666e-03 -1.561906724882540898e+00 -8.389557642132280391e-01 -9.419071949720077969e-04 -5.441988159954591620e-01 -2.195230046181731609e+01
-5.418970267091393067e-01 4.954822817160185223e-03 8.404302762924861225e-01 8.039916065593456551e+01 4.088079729245940215e-03 9.999863313295117573e-01 -3.259563070681606011e-03 -1.593538317016707229e+00 -8.404349538386285401e-01 1.669399391674632411e-03 -5.419098765886954938e-01 -2.246442522558883681e+01
-5.383580500916567146e-01 9.439725036095745689e-03 8.426633304990169826e-01 8.118666829211693425e+01 1.045278398655180400e-02 9.999351366037750877e-01 -4.523480337515746116e-03 -1.607275672743956330e+00 -8.426513874993949438e-01 6.372926706411778143e-03 -5.384218029513212489e-01 -2.295813387443608988e+01
-5.331937925593713823e-01 1.155343391797849541e-02 8.459142301236466377e-01 8.200080932913870413e+01 1.095737705680275773e-02 9.999171820643693032e-01 -6.750176448389147953e-03 -1.642134143121461554e+00 -8.459221756221374511e-01 5.669849984205489919e-03 -5.332762310711437470e-01 -2.345246397281098538e+01
-5.254244663565896811e-01 1.469764931438117747e-02 8.507132866657842740e-01 8.271901647617363551e+01 1.749724357816193412e-02 9.998259966720709491e-01 -6.467056269916049253e-03 -1.659781275875108486e+00 -8.506603249859553406e-01 1.148718904526202685e-02 -5.255902102974504553e-01 -2.391978714693455643e+01
-5.168628593098684165e-01 1.696816175723099562e-02 8.559000250367508889e-01 8.354867281300174398e+01 2.370203031682953029e-02 9.997039059608489042e-01 -5.505826631464931682e-03 -1.698942071642370433e+00 -8.557400367289997867e-01 1.744081214572259370e-02 -5.171120003867947235e-01 -2.443319982604928597e+01
-5.079298773310506609e-01 1.682677019285026832e-02 8.612340483704863381e-01 8.435102276312007064e+01 2.332308211829738423e-02 9.997112878798327662e-01 -5.777083013231282087e-03 -1.707345122115410341e+00 -8.610826242338283087e-01 1.715228046815762963e-02 -5.081756851739942515e-01 -2.489041444028077166e+01
-4.971280194117505546e-01 1.343951414274339659e-02 8.675731082424664731e-01 8.516722149884715520e+01 1.816248102757403449e-02 9.998221385830365904e-01 -5.080890861373416403e-03 -1.746488916484191911e+00 -8.674871001956075967e-01 1.323142798004053877e-02 -4.972836956586357826e-01 -2.533130610553456208e+01
-4.853114013088295486e-01 1.152012655495457220e-02 8.742654726229648343e-01 8.597121065185893940e+01 2.046966347171734132e-02 9.997888337748881415e-01 -1.811270889799214585e-03 -1.759079709739924446e+00 -8.741017385019204111e-01 1.701689070918063762e-02 -4.854447342755332517e-01 -2.578559561929163024e+01
-4.741776706835956756e-01 9.904767558070005223e-03 8.803734538276819510e-01 8.679636129741827233e+01 2.010106007832776487e-02 9.997978643124043607e-01 -4.217419251070617017e-04 -1.793141605815580020e+00 -8.801996914447152154e-01 1.749646020641349581e-02 -4.742809200199011865e-01 -2.621292628416891191e+01
-4.623895271264034101e-01 8.940207399009149000e-03 8.866318197050963024e-01 8.762416196172935656e+01 1.983845888462006102e-02 9.998031633650052985e-01 2.646523323639249424e-04 -1.799363391244068300e+00 -8.864549473977365590e-01 1.771178249836764459e-02 -4.624758731115339305e-01 -2.663548164328625489e+01
-4.493525212758148202e-01 1.021618712183406698e-02 8.932961025152181822e-01 8.841088237575711162e+01 2.260138776176957506e-02 9.997445539126225134e-01 -6.446427184787702517e-05 -1.817678003083604610e+00 -8.930685875797863549e-01 2.016076557283093956e-02 -4.494686371954063064e-01 -2.703428370049723739e+01
