1.000000000000000000e+00 4.398956837314658088e-19 2.733407509747682871e-20 -8.673617379884035472e-19 -5.583667658079949532e-19 1.000000000000000000e+00 -6.100159232558060012e-19 0.000000000000000000e+00 4.145284534913582806e-20 -2.210423569125054137e-19 1.000000000000000222e+00 0.000000000000000000e+00
9.999412756639333155e-01 -1.160588952881162804e-03 1.077489081741068132e-02 7.612009933874291923e-02 1.156290845513747697e-03 9.999992494323611814e-01 4.051221791646217795e-04 -5.769440284249000017e-03 -1.077535309654096066e-02 -3.926394738379931676e-04 9.999418671037052508e-01 2.912692767024683826e-01
9.998530448048116304e-01 -2.659057537757215754e-03 1.693570876115925439e-02 9.757951819225664514e-02 2.645910539734599911e-03 9.999961806485179183e-01 7.986493487088426341e-04 -1.084974838858643320e-02 -1.693776802460355418e-02 -7.537216021029263845e-04 9.998562616193473751e-01 5.345102586484180573e-01
9.997870040483999299e-01 -6.258491088467986983e-03 1.966666869151169686e-02 9.046628981914063561e-02 6.282500874259273373e-03 9.999795929047884391e-01 -1.159286701071199832e-03 -1.349150670096907478e-02 -1.965901230735007596e-02 1.282595675335195624e-03 9.998059202476825558e-01 9.232330442380387581e-01
9.998262702075723096e-01 -6.987235477222770476e-03 1.728027704779635035e-02 9.098652614912082492e-02 7.018246743659715091e-03 9.999738673240983200e-01 -1.734609254397334816e-03 -1.923879149560794866e-02 -1.726770564454648688e-02 1.855585187161934262e-03 9.998491801896949305e-01 1.178322045477111502e+00
9.998902133679089532e-01 -1.055964190731219395e-02 1.039496056979160622e-02 9.008620471043837785e-02 1.059691308351746152e-02 9.999375956829090750e-01 -3.536969729052227493e-03 -1.886703487351344688e-02 -1.035696292715457961e-02 3.646735961235532484e-03 9.999397154941358501e-01 1.529293444668121893e+00
9.999376085513566048e-01 -1.106680867352938941e-02 -1.518146134154485863e-03 6.961385984061896348e-02 1.105927607329770107e-02 9.999269190734024759e-01 -4.883534209014614783e-03 -2.904946271133415636e-02 1.572080349286115661e-03 4.866439972059381086e-03 9.999869230778989371e-01 1.839547570969681578e+00
9.997938621023828576e-01 -1.080661031164073527e-02 -1.718867259943567677e-02 3.364390687159506121e-02 1.071943120691803107e-02 9.999292523579142999e-01 -5.155972789363098309e-03 -3.873297784971035940e-02 1.724317542521526872e-02 4.970657191831499323e-03 9.998389697829938028e-01 2.154518561203267790e+00
9.993284314675058289e-01 -6.383283416132975313e-03 -3.608240141356348907e-02 1.342019980111059871e-02 6.187823671521749946e-03 9.999655858228660987e-01 -5.526119600372994718e-03 -4.223397060749389809e-02 3.611643507611501935e-02 5.299136914585560361e-03 9.993335390836298737e-01 2.509006354322567134e+00
9.984326616707832613e-01 -3.632622502890470433e-03 -5.584822322150046620e-02 -3.957608799400789273e-02 3.283575443899666105e-03 9.999745083024339509e-01 -6.340415803145859133e-03 -5.283100532876934541e-02 5.586983285463837517e-02 6.147096379596620093e-03 9.984191379945079881e-01 2.855104920925407797e+00
9.971466382522986560e-01 -2.957179024158187054e-03 -7.543100632732571698e-02 -8.755050430950887808e-02 2.476830948122429703e-03 9.999760614013704085e-01 -6.460799414715634806e-03 -5.979458305216217573e-02 7.544830765609143730e-02 6.255534555947754073e-03 9.971300924962783752e-01 3.209585907078184253e+00
9.953090162754361092e-01 -3.392648947825555733e-03 -9.668739195478769088e-02 -1.332656851027765044e-01 2.808517821290387653e-03 9.999769788375503232e-01 -6.176893909143653730e-03 -6.573235255468544425e-02 9.670612380055942925e-02 5.876369904355126586e-03 9.952956315544383425e-01 3.595365107844014307e+00
9.932558233670458758e-01 -4.293204275862523046e-03 -1.158638742580336556e-01 -2.023735327051914279e-01 3.683151751093724068e-03 9.999782081500206976e-01 -5.478833123558597175e-03 -7.652350487283381131e-02 1.158848731219401795e-01 5.015138616463046123e-03 9.932499911696159867e-01 3.983936375016364551e+00
9.910651254802077537e-01 -4.181030131388025102e-03 -1.333132985042473351e-01 -2.886247954295126927e-01 3.568840414892044104e-03 9.999819635133848639e-01 -4.830737033418486606e-03 -8.210170089779580960e-02 1.333310937628169046e-01 4.311801036782188928e-03 9.910621717629074512e-01 4.374735121392018478e+00
9.887742744782686000e-01 -3.375561403835468117e-03 -1.493788443099550167e-01 -3.701503732638338762e-01 2.769277181277824459e-03 9.999870638721067850e-01 -4.266519423118859261e-03 -8.756901337345188163e-02 1.493913164078798650e-01 3.804953122526758512e-03 9.887708316418972743e-01 4.802923258399768969e+00
9.866618325611220541e-01 -2.618495298127741441e-03 -1.627623143418685803e-01 -4.554088118519998840e-01 1.937634440673087141e-03 9.999886972575879884e-01 -4.341765426634713702e-03 -9.337848235555275267e-02 1.627718463886184408e-01 3.968480255593552324e-03 9.866557544909514421e-01 5.212442864854203606e+00
9.845155069915236812e-01 -3.515094160034436081e-03 -1.752622601653737455e-01 -5.310536033515087517e-01 2.649604674976705453e-03 9.999831148152475979e-01 -5.172008839790106019e-03 -9.915242612288066582e-02 1.752774839587053490e-01 4.627547085643064773e-03 9.845081971203148985e-01 5.654159201470053908e+00
9.827845985919587690e-01 -6.394589093640669006e-03 -1.846443640262468433e-01 -6.281630210017510318e-01 5.171182071057363848e-03 9.999613771740236690e-01 -7.106548237084757066e-03 -1.134618250652760646e-01 1.846826791876842178e-01 6.029376422620241240e-03 9.827797085158473944e-01 6.102313769490155693e+00
9.812065808760990215e-01 -5.833827454254055141e-03 -1.928720073076498898e-01 -7.301391012539462100e-01 4.248644868275999048e-03 9.999537227320488553e-01 -8.631419608910872662e-03 -1.218376901099295917e-01 1.929134392644049623e-01 7.649760956371695619e-03 9.811859594464810153e-01 6.535640103153818714e+00
9.795765461963752418e-01 -5.762822498342002990e-03 -2.009890023180873897e-01 -8.361922842905763487e-01 3.690203942560581207e-03 9.999361019046270060e-01 -1.068524670130919542e-02 -1.197637908255811540e-01 2.010377401560507482e-01 9.725326559727253545e-03 9.795352193912387762e-01 7.012931273158791612e+00
9.780456092723867068e-01 -6.495204173146913555e-03 -2.082896960476072201e-01 -9.405804349150173049e-01 3.828626467048765886e-03 9.999055086200676623e-01 -1.320285744676138844e-02 -1.387497384544483792e-01 2.083557733183951655e-01 1.211553323799258002e-02 9.779780603936182315e-01 7.494539214102997171e+00
9.762684394188864134e-01 -9.929779413450733408e-03 -2.163361564444266638e-01 -1.052582754684294519e+00 6.829307549435168108e-03 9.998630490343831667e-01 -1.507460522679375872e-02 -1.475161779221713099e-01 2.164562202398937207e-01 1.323943510406436382e-02 9.762025523318238474e-01 7.999470783311717348e+00
9.744087205323438416e-01 -1.549378011454685157e-02 -2.242489397432261000e-01 -1.170832870816955751e+00 1.219594422892513429e-02 9.997962633883842321e-01 -1.608386266930183356e-02 -1.634090771925354735e-01 2.244524557313560265e-01 1.293732840709115733e-02 9.743991593914667071e-01 8.521479502846457166e+00
9.724282571187775615e-01 -1.640817317503747569e-02 -2.326242794333472086e-01 -1.301269429111202580e+00 1.243612928586906863e-02 9.997509347630305632e-01 -1.853135471301905687e-02 -1.820159175573888566e-01 2.328704105087804066e-01 1.512746728953755226e-02 9.723901135307364552e-01 9.015072496653113276e+00
9.703123494201436605e-01 -1.261337141463962121e-02 -2.415260774861896220e-01 -1.433716130608025940e+00 7.438718756428842720e-03 9.997230981893985291e-01 -2.232470372533299982e-02 -1.875979664176425088e-01 2.417407924258359597e-01 1.986529112995153584e-02 9.701374958311492769e-01 9.550467397731246422e+00
9.682680382060897539e-01 -9.312530704690975131e-03 -2.497404283578858741e-01 -1.592180697265267453e+00 3.070566057292747637e-03 9.996733689798158462e-01 -2.537177507272011037e-02 -2.040714141927094105e-01 2.498951351264001308e-01 2.379983439041832155e-02 9.679803669152919898e-01 1.009403722476871934e+01
9.659075113451491834e-01 -1.268874869153620820e-02 -2.585762434871073934e-01 -1.765809297943216505e+00 5.773618889560379677e-03 9.996055429220117583e-01 -2.748497539956554561e-02 -2.272715337325907359e-01 2.588230006620094725e-01 2.505502350707684497e-02 9.655997626475094631e-01 1.066231222276103097e+01
9.635595071538569645e-01 -1.385232576930794067e-02 -2.671351486972103340e-01 -1.918765375190686573e+00 6.310021920895974787e-03 9.995574076004675179e-01 -2.907185100973151345e-02 -2.618581858387163952e-01 2.674196340680672912e-01 2.632682979495179140e-02 9.632204518882601096e-01 1.121439551787526412e+01
9.614102098299699417e-01 -1.423208410855845117e-02 -2.747505315035167484e-01 -2.094547705479871347e+00 5.672701198452553481e-03 9.994742391616260324e-01 -3.192280846456291982e-02 -2.798007790827928276e-01 2.750604112647699884e-01 2.913233634223580393e-02 9.609854727322314494e-01 1.177579956546203910e+01
9.590518923395258133e-01 -1.372372274010374288e-02 -2.828977297353236775e-01 -2.289930985002647468e+00 3.847013680952063655e-03 9.993644491653592699e-01 -3.543865430403504019e-02 -3.003667241720928693e-01 2.832042889862551038e-01 3.289919708992163072e-02 9.584951618483168456e-01 1.238712521556024271e+01
9.567848349081018444e-01 -1.513843582956122744e-02 -2.904024890115630697e-01 -2.477399181750968182e+00 3.446177367034667770e-03 9.991641845754641871e-01 -4.073151249396706614e-02 -3.372936533621078148e-01 2.907763825195279761e-01 3.797051506724197223e-02 9.560373095198438920e-01 1.298108497796874516e+01
9.549960742660030810e-01 -1.623006585045750141e-02 -2.961740724784956980e-01 -2.680359091910366587e+00 2.203910258839356529e-03 9.988625985682384467e-01 -4.763036789755282358e-02 -3.708530835352134014e-01 2.966102527656594434e-01 4.483407343501563669e-02 9.539456303789287661e-01 1.358358323154082292e+01
9.536775322910707731e-01 -1.629284350462447892e-02 -3.003892569893787945e-01 -2.893207592361806135e+00 -4.848584223427765947e-04 9.984477535127286307e-01 -5.569424029309295171e-02 -4.013996588312498393e-01 3.008304015200851111e-01 5.325999213424113810e-02 9.521892903798659935e-01 1.420648082086187536e+01
9.523267724469755002e-01 -1.648698870932291047e-02 -3.046340356814335459e-01 -3.094654329714970231e+00 -3.310035435498973923e-03 9.979215296077401653e-01 -6.435576425397643296e-02 -4.501531227646017874e-01 3.050619008391352027e-01 6.229606702019163667e-02 9.502928173446058002e-01 1.482656588066100234e+01
9.511237910911501947e-01 -1.511685404225847525e-02 -3.084396419217350083e-01 -3.328479585210266212e+00 -7.881633253132937222e-03 9.972874518416934286e-01 -7.318208960094239879e-02 -4.953511863011234029e-01 3.087092727819952809e-01 7.203623503176689868e-02 9.484246769218522832e-01 1.547325341981676949e+01
9.497433238834973590e-01 -1.431365511888720542e-02 -3.127023119969815079e-01 -3.556583627876732212e+00 -1.140868352803597885e-02 9.967075475562452436e-01 -8.027394699134685063e-02 -5.510576291828926943e-01 3.128217734370756231e-01 7.980716741225768462e-02 9.464530396168233661e-01 1.611498804742668511e+01
9.481480028873899846e-01 -1.330017577468314491e-02 -3.175507326352834947e-01 -3.787691722810304196e+00 -1.504390961965958694e-02 9.961261167897755842e-01 -8.663971498826673889e-02 -6.184473713729490285e-01 3.174729070344331494e-01 8.692447777823546218e-02 9.442749020435352580e-01 1.678073726085473538e+01
9.465084754029124969e-01 -1.215354408186123010e-02 -3.224499885983465042e-01 -4.036262251750533103e+00 -1.877098907580172088e-02 9.955243670989483151e-01 -9.262226763470653157e-02 -6.866872181490462079e-01 3.221325151189652902e-01 9.372046711822946963e-02 9.420441173190673423e-01 1.744519405789289479e+01
9.448636676044824823e-01 -1.069940256882687991e-02 -3.272891231827089187e-01 -4.291056242871267301e+00 -2.273084980626064594e-02 9.949122724350574209e-01 -9.814722923439640756e-02 -7.621197779882881163e-01 3.266740875632895835e-01 1.001753115136614775e-01 9.398132526032015877e-01 1.812716376809999019e+01
9.429865386787964487e-01 -7.158032108193053411e-03 -3.327538851774016759e-01 -4.541899311948808915e+00 -2.806600105507942727e-02 9.944976835046330788e-01 -1.009289704605187549e-01 -8.352694372576121573e-01 3.316454264362702631e-01 1.045137320641693068e-01 9.375970314003047035e-01 1.882206826308039993e+01
9.414268454382540563e-01 -6.759981425017842077e-03 -3.371495142163630776e-01 -4.804229595396182440e+00 -2.966387699812138290e-02 9.942631267808595963e-01 -1.027661866366254423e-01 -9.168051731306763319e-01 3.359100334206240324e-01 1.067480093039182981e-01 9.358254721739210913e-01 1.951360831090983083e+01
9.391855964727483519e-01 -6.229239624402593996e-03 -3.433534759803106851e-01 -5.093214063029940952e+00 -3.063061521745551880e-02 9.943307096356840402e-01 -1.018243845116334478e-01 -1.005361574965796478e+00 3.420411997352162947e-01 1.061491241792325152e-01 9.336702756376943357e-01 2.022817046032609412e+01
9.369469985829957936e-01 -6.210275646075532827e-03 -3.494163015071867773e-01 -5.360686716543666464e+00 -3.084277997612618408e-02 9.944711253804514595e-01 -1.003788010743166537e-01 -1.095709110669181863e+00 3.481078085332711680e-01 1.048265871477270794e-01 9.315751944054988520e-01 2.095400678560843843e+01
9.343971370483202810e-01 -5.739178872799730220e-03 -3.561868181823847346e-01 -5.631611214463196902e+00 -3.144968255521178591e-02 9.946370514567111076e-01 -9.852945416648675736e-02 -1.173056757761872460e+00 3.548420908079341074e-01 1.032676028819914521e-01 9.292055184076712937e-01 2.167144980254045095e+01
9.315496944873411511e-01 -5.123871013814698845e-03 -3.635779282219180897e-01 -5.941000122790261351e+00 -3.171680533605150676e-02 9.949445689773024348e-01 -9.528561764064528983e-02 -1.262914698418226012e+00 3.622281224710729997e-01 1.002948189734961526e-01 9.266777969321775554e-01 2.237317402056038773e+01
9.279261333751547269e-01 -2.486467275932258397e-03 -3.727558256987552054e-01 -6.260616025645603600e+00 -3.336642702491725981e-02 9.954096554526884466e-01 -8.970116720922059750e-02 -1.336228866047145081e+00 3.712677933770476835e-01 9.567358784908282232e-02 9.235836686825055208e-01 2.315850909540944613e+01
9.244751237259829502e-01 -4.668720602969607278e-05 -3.812423644095959685e-01 -6.587764655427004179e+00 -3.478307597856234584e-02 9.958189510542301282e-01 -8.446747526059683597e-02 -1.421616517797713808e+00 3.796523214569710869e-01 9.134886226610763882e-02 9.206082245756646021e-01 2.390018647099521942e+01
9.209679298075247322e-01 3.819605068030008065e-03 -3.896196603669911385e-01 -6.904709611799602520e+00 -3.814856377699247375e-02 9.960316187149080847e-01 -8.040958677785298159e-02 -1.496115541968283225e+00 3.877663747587048459e-01 8.891808159778928633e-02 9.174588908862705283e-01 2.463887011526228932e+01
9.170955851889924793e-01 4.379172427388982464e-03 -3.986433333237419663e-01 -7.246030690249164685e+00 -3.877926946381032858e-02 9.961776730246656442e-01 -7.827012249309318881e-02 -1.569218253572206789e+00 3.967768365779472672e-01 8.724028147381619747e-02 9.137599676434422502e-01 2.537886665450067269e+01
9.130673220381726463e-01 5.157391991836309149e-03 -4.077762417348389512e-01 -7.604573516411637257e+00 -4.030494335352381025e-02 9.961657038073128412e-01 -7.764922505796303942e-02 -1.649763136218528325e+00 4.058122462914460771e-01 8.733436873871153194e-02 9.097742204275972577e-01 2.615858238813277481e+01
9.092162907412464357e-01 4.708333936077112834e-03 -4.162974473886664195e-01 -7.967389584235025524e+00 -4.024837956753578305e-02 9.962463680103181840e-01 -7.663708124801507648e-02 -1.717763861245019008e+00 4.143739940909020869e-01 8.643498083824738276e-02 9.059929307642657914e-01 2.691243058492252871e+01
9.054075085615893581e-01 4.909235092940463993e-03 -4.245151813339398950e-01 -8.351607231835654233e+00 -4.057494883437491595e-02 9.963564842551332346e-01 -7.501619735966870428e-02 -1.788134499181879944e+00 4.226001886702580590e-01 8.514491051320881299e-02 9.023078345892845409e-01 2.770402558433454487e+01
9.015148060406090735e-01 5.776388028582508244e-03 -4.327096994888308679e-01 -8.738390401265482055e+00 -4.119454036040225142e-02 9.965156719437415767e-01 -7.252258597032289200e-02 -1.863695882741993604e+00 4.307830857208997943e-01 8.320546257691659175e-02 8.986115889484836972e-01 2.847823363870528013e+01
8.977244729905184961e-01 6.087422202514279970e-03 -4.405152777822903820e-01 -9.127429528318881324e+00 -4.024729921360464813e-02 9.968564879132046919e-01 -6.824439518474723076e-02 -1.933664183513131629e+00 4.387150877528998016e-01 7.899421422137778426e-02 8.951474681637421327e-01 2.925926644804346211e+01
8.939039428860595660e-01 7.400507831023360114e-03 -4.481974668868075606e-01 -9.542146284423173697e+00 -3.976126465413172550e-02 9.972315360457549849e-01 -6.283554261365212334e-02 -1.991089959412432275e+00 4.464916410869593788e-01 7.398983766674104012e-02 8.917234562058731218e-01 3.006397372830876336e+01
8.900811049468178027e-01 7.514756471252694893e-03 -4.557402230150163214e-01 -9.962392738041558005e+00 -3.829381590059545426e-02 9.975620061324770305e-01 -5.834061750978838251e-02 -2.066352509647608748e+00 4.541907234078825795e-01 6.937991371867339996e-02 8.881988619976739496e-01 3.087197021984166767e+01
8.863139702325953939e-01 6.350537931778027848e-03 -4.630412644026697944e-01 -1.039663760224734190e+01 -3.660089005544034380e-02 9.977385903788397181e-01 -5.637446389970671157e-02 -2.131492277862639284e+00 4.616361381871602054e-01 6.691319752352639649e-02 8.845420872698636083e-01 3.168531287452305278e+01
8.832768323750564976e-01 6.492909783365719348e-03 -4.688068633400639951e-01 -1.085639639043145621e+01 -3.671571105308223115e-02 9.977913611194459964e-01 -5.535662835041851859e-02 -2.192312703592048884e+00 4.674120207073972910e-01 6.610780485719822130e-02 8.815643852648631373e-01 3.249905531348520782e+01
8.800724036612775913e-01 6.589770857077385628e-03 -4.747937812707883620e-01 -1.129024314289133102e+01 -3.631706529413264439e-02 9.979090054806594168e-01 -5.346669631164904096e-02 -2.246904678474054950e+00 4.734486649324416985e-01 6.429768085530966626e-02 8.784714988805033542e-01 3.331887797878636803e+01
8.772240278922295298e-01 5.438966618456463065e-03 -4.800504327053336517e-01 -1.177121007731378022e+01 -3.475282064365476514e-02 9.980318602685797069e-01 -5.219815522229598326e-02 -2.307615631270428125e+00 4.788217305800598900e-01 6.247258270056203766e-02 8.756865485221602130e-01 3.415626347602893276e+01
8.745634685733075786e-01 4.545379804842641751e-03 -4.848897547750749548e-01 -1.225174263349946990e+01 -3.393496088974393143e-02 9.980781406618961515e-01 -5.185020369281397035e-02 -2.371219709920838969e+00 4.837221943169517369e-01 6.180100898235275919e-02 8.730369285585215522e-01 3.499203243621769133e+01
8.725595378201602692e-01 4.254938880165599034e-03 -4.884892462658107504e-01 -1.272295604784989109e+01 -3.407847670468387713e-02 9.980561205819682424e-01 -5.217890047870261255e-02 -2.430110259137699291e+00 4.873176724173539087e-01 6.217616681595840994e-02 8.710083898022196180e-01 3.582461866594898225e+01
8.709713003105719054e-01 4.004566556428024518e-03 -4.913175680710071269e-01 -1.321763123426087283e+01 -3.426622275291470870e-02 9.980270593065428963e-01 -5.261002690692058448e-02 -2.487474897061125123e+00 4.901375557172654718e-01 6.265742090753277649e-02 8.693901476360048619e-01 3.668721273219399137e+01
8.704615684958622035e-01 4.079425448556312991e-03 -4.922194746824957168e-01 -1.372615541341483159e+01 -3.398846972115310283e-02 9.980771224300086786e-01 -5.183475348328812210e-02 -2.547608865566785674e+00 4.910615493234441464e-01 6.184994765588905374e-02 8.689264315770458547e-01 3.757558336910779673e+01
8.702679185396687833e-01 3.691656299997142336e-03 -4.925648351494523736e-01 -1.424085413349421536e+01 -3.274537200482130483e-02 9.981934893007956555e-01 -5.037359018910637226e-02 -2.607315031208539580e+00 4.914890579732691944e-01 5.996773835412964881e-02 8.688166555718503936e-01 3.846017286570841520e+01
8.700875357627058104e-01 2.536968297263153451e-03 -4.928906968990372506e-01 -1.475123523413578575e+01 -3.113657423384027373e-02 9.982724305613989157e-01 -4.982638037465079994e-02 -2.667291905926947759e+00 4.919127945059650897e-01 5.870024038553867118e-02 8.686633923087887510e-01 3.934776561940304873e+01
8.694509643877171845e-01 1.463362241153240775e-03 -4.940170789204248458e-01 -1.526528119693465513e+01 -3.022710053848470454e-02 9.982795794048476834e-01 -5.024145488603268955e-02 -2.733268048401478634e+00 4.930936487949130198e-01 5.861518541032684215e-02 8.679993769213398824e-01 4.024899711186991880e+01
8.682138025874095444e-01 -1.315043663557847185e-04 -4.961902566914506152e-01 -1.579924308640081243e+01 -2.884329015100780061e-02 9.982956405835711200e-01 -5.073340767384277444e-02 -2.793752871112206826e+00 4.953512503386384713e-01 5.835920443055993972e-02 8.667302618836302264e-01 4.117046935754147086e+01
8.668759433322600350e-01 -1.254264451564461114e-03 -4.985223372972396039e-01 -1.633770223596254212e+01 -2.680632481134546594e-02 9.984328352123411632e-01 -4.912529455697688119e-02 -2.855646244873186745e+00 4.978026953188471881e-01 5.594908782835151390e-02 8.654837843468238257e-01 4.207176924869592938e+01
8.648457683140987617e-01 -1.072577702546405288e-03 -5.020364943249436829e-01 -1.687828285266993689e+01 -2.520208375859226899e-02 9.986441727749956199e-01 -4.554855871065566914e-02 -2.921145167918795416e+00 5.014046825765786641e-01 5.204484406293267973e-02 8.636461563771860028e-01 4.301962828410838569e+01
8.618464944106989378e-01 -9.740804987964795953e-04 -5.071682819075526982e-01 -1.742940659023837213e+01 -2.303381298310247169e-02 9.988911223559819863e-01 -4.106055502810621732e-02 -2.984319320974895717e+00 5.066458993497813257e-01 4.706991474499598593e-02 8.608683760150050990e-01 4.392478199451326759e+01
8.579153821061515917e-01 -2.307454447486783321e-03 -5.137858188129462711e-01 -1.796798100840550561e+01 -2.064877617880334776e-02 9.990271712676646043e-01 -3.896587158334120088e-02 -3.047761108574685629e+00 5.133759140253446596e-01 4.403846893134422125e-02 8.570331319745819743e-01 4.481459491317751542e+01
8.528278505730689796e-01 -4.788511755575052681e-03 -5.221702041503852865e-01 -1.852900093947647520e+01 -1.934678637885455660e-02 9.989816861179845464e-01 -4.075895841274202597e-02 -3.111177527693537836e+00 5.218336547255134628e-01 4.486269023617799750e-02 8.518667625438882673e-01 4.572935836643689811e+01
8.470166474575542281e-01 -7.852491772665542297e-03 -5.315083553341042322e-01 -1.909901822184426123e+01 -1.834119754286400034e-02 9.988637754040523564e-01 -4.398589191419321337e-02 -3.171101222295015010e+00 5.312498504745383210e-01 4.700528240754298093e-02 8.459102229433679287e-01 4.661001254996119059e+01
8.407491897050736185e-01 -8.366808292213822468e-03 -5.413601304373111267e-01 -1.969465205015300668e+01 -1.821091510095529040e-02 9.988778351858630389e-01 -4.371993795381191178e-02 -3.230063153317080271e+00 5.411184408101664678e-01 4.661616573346041847e-02 8.396533640619507910e-01 4.751338096726453131e+01
8.351176905910453474e-01 -4.974516295239744118e-03 -5.500488079913072870e-01 -2.029154187888948968e+01 -1.963053085739756287e-02 9.990526199678374519e-01 -3.883947513098352788e-02 -3.277131602506228258e+00 5.497209198115178275e-01 4.323328278306114159e-02 8.342288651344034189e-01 4.837828623790375104e+01
8.299360274833466056e-01 -1.055005631925417077e-03 -5.578575725139075514e-01 -2.087862850818457616e+01 -2.155369393722616003e-02 9.991909034710926285e-01 -3.395551117976157440e-02 -3.342212931961433764e+00 5.574420447559973457e-01 4.020479331059341466e-02 8.292417906311028153e-01 4.925879002528868966e+01
8.259139219060804837e-01 -6.194112556237038950e-04 -5.637958883980622726e-01 -2.150536379064683956e+01 -2.310242410889296744e-02 9.991223240001638750e-01 -3.494080321217878093e-02 -3.394350608540960046e+00 5.633227107169808123e-01 4.188314742260743073e-02 8.251747279606871377e-01 5.015928945519433313e+01
8.223833653001285660e-01 -2.489170844322320577e-03 -5.689282891965085076e-01 -2.212400206541536818e+01 -2.428086291001799527e-02 9.989257666094202293e-01 -3.946837398632871419e-02 -3.443604284731468290e+00 5.684153807532400515e-01 4.627220393719057301e-02 8.214394952027959107e-01 5.102767239077517303e+01
8.194036656586785039e-01 -4.709939751817778832e-03 -5.731975600354307643e-01 -2.273197750447880239e+01 -2.644655224457794634e-02 9.985907659607220488e-01 -4.601154266947374283e-02 -3.521779833041917218e+00 5.726065119785008761e-01 5.286112592224917472e-02 8.181243732475274033e-01 5.188346346155906019e+01
8.162775356425399087e-01 -5.621538919460198659e-03 -5.776325619921818255e-01 -2.336020624670124235e+01 -2.693178363492188671e-02 9.984949409083702099e-01 -4.777585223889870003e-02 -3.576764848246786421e+00 5.770317746028809092e-01 5.455503009962277272e-02 8.148975924463305320e-01 5.274744874444900944e+01
8.132086956621648044e-01 -4.389869473560095887e-03 -5.819556167120415457e-01 -2.398469938935164336e+01 -2.630278183804258402e-02 9.986724840230580824e-01 -4.428807254712713998e-02 -3.635882379740482229e+00 5.813774902061107364e-01 5.132249729174144515e-02 8.120136831537951849e-01 5.360087003276338180e+01
8.097534637237276955e-01 -2.453033575534160991e-03 -5.867651182444215685e-01 -2.462931974634007304e+01 -2.500841730562432252e-02 9.989383246854428577e-01 -3.868853299819154101e-02 -3.695476635019596223e+00 5.862370785781735316e-01 4.600224044122575712e-02 8.088324227878019856e-01 5.447629819085945257e+01
8.066269033188576687e-01 -1.096563330517824966e-03 -5.910599205444990734e-01 -2.529442507061681766e+01 -2.478652015801856290e-02 9.990558382839535012e-01 -3.567997277269500250e-02 -3.754431434687093283e+00 5.905409999272278609e-01 4.343074445718202864e-02 8.058381379098477071e-01 5.534756409100024399e+01
8.037143601915870406e-01 -4.946462883950239605e-04 -5.950151054769637904e-01 -2.592123090678164488e+01 -2.607603987422337302e-02 9.990096345576583436e-01 -3.605260401322386843e-02 -3.809105741766120268e+00 5.944436666138531722e-01 4.449163306380073124e-02 8.029054916740994141e-01 5.618100852249195043e+01
8.001853962454322788e-01 -1.426383510471758214e-03 -5.997510234800804696e-01 -2.657842108883289001e+01 -2.638479851540677726e-02 9.989453016255496198e-01 -3.757827588225044757e-02 -3.859173167861350340e+00 5.991720784123656385e-01 4.589389738041832478e-02 7.993038080002609069e-01 5.704010561215268638e+01
7.962863759573495237e-01 -3.946733689876922961e-03 -6.049069546227079375e-01 -2.722917814753352417e+01 -2.548163378557241968e-02 9.988722798248869106e-01 -4.006064133947143113e-02 -3.925814566999886068e+00 6.043829079464044796e-01 4.731376030261807281e-02 7.952878193633855508e-01 5.790196323060605010e+01
7.921014687009869659e-01 -4.703172031629686972e-03 -6.103713102129095791e-01 -2.788648050529002376e+01 -2.522235233984451014e-02 9.988640331818590123e-01 -4.042865573835967286e-02 -3.978455085634922561e+00 6.098681020932780195e-01 4.741859772898637804e-02 7.910830435013889161e-01 5.873874937770113291e+01
7.875193539115532548e-01 -5.034603910915341762e-03 -6.162693507932522907e-01 -2.856716484411083812e+01 -2.456702665108225977e-02 9.989153679241910000e-01 -3.955437993468333135e-02 -4.035635877961309070e+00 6.158000765403808252e-01 4.628974517727196120e-02 7.865415007675843340e-01 5.960244474759993949e+01
7.827134361439420651e-01 -4.733999748910979258e-03 -6.223642492474863452e-01 -2.924937605780534255e+01 -2.482464204567802826e-02 9.989378474766841265e-01 -3.881899113206818686e-02 -4.095959731519348779e+00 6.218869833062317110e-01 4.583411551824784907e-02 7.817645561082372518e-01 6.042002585276983950e+01
7.771899745741744914e-01 -5.624953572753684135e-03 -6.292408885182956269e-01 -2.994904472450320654e+01 -2.478624140161515138e-02 9.989103798130745115e-01 -3.954358841840515532e-02 -4.154232651437917312e+00 6.287776966337452755e-01 4.632939691146696626e-02 7.762037121059535139e-01 6.127065163086615485e+01
7.718086649489869222e-01 -7.205774574449859936e-03 -6.358140088441817106e-01 -3.064844405856512211e+01 -2.396797950894899096e-02 9.988954663908143905e-01 -4.041513609960270537e-02 -4.214821148310815779e+00 6.354029642180960558e-01 4.643192924015087514e-02 7.707834693647864777e-01 6.210818901622169363e+01
7.665363444251751535e-01 -8.462304144720239618e-03 -6.421451660357546665e-01 -3.134065865189002054e+01 -2.341375884870748950e-02 9.988801436867190686e-01 -4.111270469288456214e-02 -4.274178276505057994e+00 6.417739749948354611e-01 4.654941429266844927e-02 7.654798004042382420e-01 6.290859069189829000e+01
7.607806884498140576e-01 -9.498847218884427443e-03 -6.489395256953318647e-01 -3.206026177526069887e+01 -2.340119267515931856e-02 9.988412180422804321e-01 -4.205479001091472907e-02 -4.331857083864135483e+00 6.485870294897780886e-01 4.718043083779768082e-02 7.596768260619606306e-01 6.375509014301910327e+01
7.546888677619033592e-01 -1.160873578504511942e-02 -6.559801384167472937e-01 -3.277843919043785093e+01 -2.209577652194097755e-02 9.988265389991297649e-01 -4.309665519554308627e-02 -4.397722322656735905e+00 6.557106802972965109e-01 4.701895631454631325e-02 7.535467666877028181e-01 6.456986306489103811e+01
7.485537349352692216e-01 -1.238060430836920335e-02 -6.629585343432533584e-01 -3.353349534678862653e+01 -2.168524358558523296e-02 9.988337495704829871e-01 -4.313804546780720256e-02 -4.459035322125928680e+00 6.627194451680642473e-01 4.666756220799276461e-02 7.474122583215915272e-01 6.540224777250324451e+01
7.422773937656765852e-01 -1.254280863801969167e-02 -6.699753280529289201e-01 -3.428920676875852536e+01 -2.078242081551868667e-02 9.989129186149098283e-01 -4.172615540881292190e-02 -4.518906966492819421e+00 6.697703850803655712e-01 4.489609092117849420e-02 7.412098088326005696e-01 6.622250730901797056e+01
7.363056464232924370e-01 -1.327385290580715416e-02 -6.765188772420274166e-01 -3.503268375353169972e+01 -1.956118695548055009e-02 9.989721336569976629e-01 -4.089053894605535616e-02 -4.585931741968860109e+00 6.763662929252638456e-01 4.334144675751867154e-02 7.352891712539223468e-01 6.702310267674774025e+01
7.296483736335345194e-01 -1.496256077608845193e-02 -6.836588066074197334e-01 -3.580988991308117164e+01 -1.841047348954693783e-02 9.989683567095194450e-01 -4.151236911718021033e-02 -4.642572927250839143e+00 6.835746577261864187e-01 4.287591474750912512e-02 7.286201699070804505e-01 6.783332855834554209e+01
7.229792363105588260e-01 -1.650454565212090136e-02 -6.906725815414683778e-01 -3.658457232092209921e+01 -1.818330592638827889e-02 9.989137075784153552e-01 -4.290422155248402314e-02 -4.713331357106899766e+00 6.906304357488355361e-01 4.357757197989833853e-02 7.218937632032008667e-01 6.863049250305004989e+01
7.170726593717694497e-01 -1.513700594643085061e-02 -6.968340284020637654e-01 -3.736472032370028273e+01 -2.054835754171099177e-02 9.988704763113720464e-01 -4.284316270554140715e-02 -4.776414908342045962e+00 6.966954670871779998e-01 4.504045518973773254e-02 7.159516691754584938e-01 6.942521679293403736e+01
7.117141949900790410e-01 -1.566413959122023303e-02 -7.022944753839963639e-01 -3.818936234888399639e+01 -1.963704845185041542e-02 9.989170088896546229e-01 -4.218051341737982102e-02 -4.834128581982754191e+00 7.021946302755890379e-01 4.381146058599338228e-02 7.106358183527979877e-01 7.024219520408276196e+01
7.070646748371266499e-01 -1.521661610375655595e-02 -7.069851418885142458e-01 -3.898725936405696757e+01 -2.056948923538086393e-02 9.989028433278467345e-01 -4.207143614601880494e-02 -4.890645810426577533e+00 7.068496655108784665e-01 4.428954937871955322e-02 7.059759170739725587e-01 7.102727354228548506e+01
7.021150407362480861e-01 -1.570397989507240841e-02 -7.118903322328140604e-01 -3.982844859240159252e+01 -2.089791979002947331e-02 9.988716774897583583e-01 -4.264561985622274121e-02 -4.964513379143618899e+00 7.117568085825202173e-01 4.481915798061719691e-02 7.009946490091808480e-01 7.183246724095445757e+01
6.969404799974979747e-01 -1.796505038040966881e-02 -7.169039089884106097e-01 -4.064631500904675221e+01 -2.062383278964278338e-02 9.987705629375318583e-01 -4.507793433806522171e-02 -5.033311498938078721e+00 7.168323604800098670e-01 4.620194334597454988e-02 6.957131283430402213e-01 7.262348005667929840e+01
6.916870235688264978e-01 -2.008549786145838109e-02 -7.219180178499331468e-01 -4.147594144271577221e+01 -2.061442968590177297e-02 9.986567745443476474e-01 -4.753621753515797216e-02 -5.095933677573301068e+00 7.219031202394929903e-01 4.776211285414536101e-02 6.903438818717999581e-01 7.340579632099634466e+01
6.867806881288337495e-01 -2.048508883087106838e-02 -7.265759683108637956e-01 -4.233333569577268918e+01 -2.153472169712848314e-02 9.985905481544377071e-01 -4.850951382605617895e-02 -5.156920837085615439e+00 7.265456287027729498e-01 4.896200838075803752e-02 6.853715641435890182e-01 7.419842165247652588e+01
6.819329116411659841e-01 -2.001819841504149169e-02 -7.311407291456292201e-01 -4.319298621861733523e+01 -2.121170674681253573e-02 9.986636657292510266e-01 -4.712691675520062906e-02 -5.238806091751420091e+00 7.311070893146274230e-01 4.764613810580844988e-02 6.805970021833493977e-01 7.497386439488874998e+01
6.771175861949146890e-01 -2.047829884984574134e-02 -7.355898338696997829e-01 -4.405253510451468202e+01 -2.023291868513164837e-02 9.987167039689920367e-01 -4.642816221623203427e-02 -5.303073359318176472e+00 7.355966368272620626e-01 4.632045421908381755e-02 6.758343091518160817e-01 7.575047352843070314e+01
6.718063118551532709e-01 -2.097270692131500761e-02 -7.404298850964918799e-01 -4.492131111451602976e+01 -1.999450942776921994e-02 9.987214093405972770e-01 -4.643022882693838976e-02 -5.377839058881765055e+00 7.404569587183300605e-01 4.599665289188090839e-02 6.705280086236979908e-01 7.652496205515433303e+01
6.669741983691049869e-01 -2.185851408798916012e-02 -7.447601048591706574e-01 -4.580363793837128839e+01 -1.916120377774719816e-02 9.987357756112082985e-01 -4.647255979208642085e-02 -5.442796552564219681e+00 7.448343949256863716e-01 4.526649822550015551e-02 6.657121589143744078e-01 7.730743641077897621e+01
6.624599782178524077e-01 -2.258021685970977577e-02 -7.487569035956955776e-01 -4.669740818027608498e+01 -1.843314312139913980e-02 9.987515531670166924e-01 -4.642794750055070224e-02 -5.512798837854153255e+00 7.488704864562275576e-01 4.455860002504052897e-02 6.612167088289612193e-01 7.809037516238475973e+01
6.587053664764036531e-01 -2.333934395483383550e-02 -7.520388984161405777e-01 -4.757977347545443791e+01 -1.728163713027649692e-02 9.987857654855006873e-01 -4.613393227615893155e-02 -5.580836409509424278e+00 7.522024955243353794e-01 4.338513187231598373e-02 6.575022026592347579e-01 7.885367956232224174e+01
6.545418299820573438e-01 -2.616061837218743719e-02 -7.555730304164330891e-01 -4.849368530220264262e+01 -1.424024286591924621e-02 9.987972342933673087e-01 -4.691801647101731532e-02 -5.651982630861720480e+00 7.558916704577860468e-01 4.146934755260190536e-02 6.533820370082252804e-01 7.962359552272283736e+01
6.506000035616265054e-01 -3.031960915509343546e-02 -7.588150934366529876e-01 -4.939872342139710071e+01 -1.162760433505750403e-02 9.986878568464693240e-01 -4.987347407043996039e-02 -5.735088635738624596e+00 7.593315767555304241e-01 4.127088381259692851e-02 6.493937798587882115e-01 8.040405208762460632e+01
6.457724624382824574e-01 -3.471986857298997586e-02 -7.627400912130966049e-01 -5.031492867414620207e+01 -7.508280572437271184e-03 9.986285083000275842e-01 -5.181436224059701029e-02 -5.803790738325388610e+00 7.634930005379104712e-01 3.918715461782444620e-02 6.446261054133577417e-01 8.117476630148432548e+01
6.390575808064486996e-01 -3.856435977637445722e-02 -7.681915045669915898e-01 -5.124095077301046075e+01 -2.006616709158248746e-03 9.986552923052187669e-01 -5.180328783262409115e-02 -5.880914353365604086e+00 7.691562854542591809e-01 3.464674938082218381e-02 6.381208523417721823e-01 8.193945750792097726e+01
6.307542950465399034e-01 -4.208899829727043990e-02 -7.748403219042856449e-01 -5.215639935853914722e+01 2.676773428128341719e-03 9.986400224872853393e-01 -5.206669138278753606e-02 -5.967733613428187311e+00 7.759780047827881111e-01 3.076721686698707936e-02 6.300091471816732236e-01 8.270171917303116516e+01
6.219209081654978322e-01 -4.313562509275650075e-02 -7.818910989348079044e-01 -5.309810886132392227e+01 5.128811761491384319e-03 9.986846523916577123e-01 -5.101627528973141923e-02 -6.045201916339925319e+00 7.830632728055132441e-01 2.771791559520803139e-02 6.213241015782223764e-01 8.344068659756754869e+01
6.129776931342364454e-01 -4.237758405192179612e-02 -7.889629120935743867e-01 -5.405627936239063303e+01 6.868604080463153010e-03 9.988086510574043508e-01 -4.831253281290916191e-02 -6.111817237033087657e+00 7.900703640405714046e-01 2.419543059755635203e-02 6.125384987555089200e-01 8.418525663351316268e+01
6.043266757068038730e-01 -4.203313739678995326e-02 -7.956270940455849594e-01 -5.506352595668234784e+01 6.250770327163950556e-03 9.988267971855077088e-01 -4.802038183625544077e-02 -6.198202478626233081e+00 7.967121231802296588e-01 2.404671504525401557e-02 6.038804185484619724e-01 8.492408888602405170e+01
5.946725751771058111e-01 -4.284381083271015384e-02 -8.028255877836476539e-01 -5.604326062282856924e+01 4.442320879950194777e-03 9.987389157027996012e-01 -5.000843953933528652e-02 -6.263724996711877324e+00 8.039557230614470251e-01 2.617223821922240110e-02 5.941129700061931196e-01 8.563638189179738447e+01
5.846422896828566973e-01 -4.510271116396420005e-02 -8.100364970532146769e-01 -5.704468072577408577e+01 5.541410721956475591e-03 9.986521844707733075e-01 -5.160530200414641111e-02 -6.355086648041351260e+00 8.112722703376195055e-01 2.568189655423347428e-02 5.841042335032771149e-01 8.634985263687420343e+01
5.747393941232381565e-01 -4.632480079681197682e-02 -8.170242526879094580e-01 -5.803681718999477113e+01 5.196876519573881761e-03 9.985829362654495833e-01 -5.296330663290596541e-02 -6.418592239715885661e+00 8.183200060235340523e-01 2.619412417102759058e-02 5.741656971804659504e-01 8.704845634045288705e+01
5.646831383866572907e-01 -4.750841973535339935e-02 -8.239392519421989691e-01 -5.905288782637828149e+01 8.325865997933680138e-03 9.986189110817733638e-01 -5.187437089717452515e-02 -6.499107101339220094e+00 8.252658022273955396e-01 2.243257427960073172e-02 5.642988106485773425e-01 8.773562322826741422e+01
5.543951874863799478e-01 -4.758178163314259052e-02 -8.308922538872770547e-01 -6.009742644583841553e+01 9.896148159660337479e-03 9.986706390949587897e-01 -5.058676536589903211e-02 -6.583547974383948009e+00 8.321947210237172765e-01 1.982242591256058034e-02 5.541290737192569038e-01 8.843067273917198179e+01
5.439353213270176068e-01 -4.794081724781665971e-02 -8.377565466670325867e-01 -6.114448071594638634e+01 1.022722232091186588e-02 9.986712442592960981e-01 -5.050890794285258639e-02 -6.667878987878035346e+00 8.390648256831658713e-01 1.890565609716210807e-02 5.437028667125429759e-01 8.911252004496770951e+01
5.336229210086077535e-01 -4.850894150504171665e-02 -8.443301770113806892e-01 -6.218499881305484678e+01 8.655873541962863169e-03 9.986146484667708378e-01 -5.190240544467705081e-02 -6.749710184548121106e+00 8.456782282804600204e-01 2.038789744883195976e-02 5.333035541191716300e-01 8.976344750521464277e+01
5.234098576082927279e-01 -4.940090663613775496e-02 -8.506477874225206737e-01 -6.326883206787936587e+01 8.194164563722289643e-03 9.985635922379360041e-01 -5.294910664142822576e-02 -6.824751821334767321e+00 8.520416589459963719e-01 2.074373589879493704e-02 5.230628279724405250e-01 9.040641287317689034e+01
5.137914180385438900e-01 -4.974284255920995851e-02 -8.564718413719696333e-01 -6.433425761957586531e+01 6.136472294628631842e-03 9.985052262941614964e-01 -5.431074243484412117e-02 -6.913585757311633273e+00 8.578931953276165423e-01 2.264867714499294374e-02 5.133286629074328422e-01 9.104535658294662426e+01
