1 0 0 0 0 1 0 0 0 0 1 0
0.99987266 0.00061166493 0.015946225 0.0014353867 -0.00060243156 0.99999965 -0.00058383112 -0.00080786006 -0.015946578 0.0005741503 0.99987268 0.11390411
0.99934436 0.0027890828 0.036098181 0.033643107 -0.0027798339 0.99999609 -0.00030640861 0.00075640965 -0.036098897 0.00020586081 0.9993482 0.2671514
0.99800334 0.00532023 0.062936623 0.067308484 -0.0053918991 0.99998499 0.00096895723 -0.0026773687 -0.062930529 -0.0013063705 0.99801706 0.41946295
0.99526731 0.0047620404 0.097058288 0.10207771 -0.0051477869 0.99997981 0.0037243532 0.0013937001 -0.097038602 -0.0042063623 0.99527173 0.57236044
0.99090237 0.0014961968 0.13457432 0.18342974 -0.0022091647 0.9999843 0.0051487763 0.0024378584 -0.13456451 -0.0053992315 0.99089013 0.78672194
0.98475279 -0.0019084651 0.17394912 0.24031176 0.00084677395 0.99998056 0.0061774676 -0.010798387 -0.17395754 -0.0059359829 0.98473526 0.97215114
0.9760506 -0.0022354632 0.21753211 0.33537605 0.00067071123 0.99997337 0.0072667692 -0.0075162998 -0.21754258 -0.0069468332 0.97602611 1.1737981
0.96420619 -0.0020428384 0.26514572 0.4277977 -0.00067585927 0.99994814 0.010161959 -2.2874197e-05 -0.26515275 -0.0099774254 0.9641548 1.3799207
0.95004728 -0.005714616 0.31205369 0.58178072 0.00042887284 0.99985532 0.017004573 0.010743195 -0.31210575 -0.016021317 0.94991227 1.6300985
0.9327994 -0.015510656 0.36006207 0.71293802 0.0070312117 0.99966652 0.024847865 0.00044349363 -0.36032743 -0.020646401 0.93259738 1.8234132
0.91167453 -0.021279747 0.41036169 0.85531866 0.0098065758 0.99950048 0.030043527 -0.0040898015 -0.41079606 -0.023365675 0.91142781 2.0513855
0.886982 -0.023090484 0.46122635 1.044001 0.0083320181 0.99938679 0.034009276 -0.0013881328 -0.46172885 -0.026322669 0.88663048 2.2972352
0.85891205 -0.025434673 0.51149109 1.2217378 0.0067944919 0.99924398 0.038279402 0.024021346 -0.51207806 -0.029403318 0.85843551 2.5165185
0.82664929 -0.030576168 0.56188613 1.4599333 0.0075530107 0.99903562 0.043252519 0.019688443 -0.5626668 -0.031510732 0.82608303 2.7521153
0.79079328 -0.036146672 0.61101504 1.6748592 0.0095969883 0.99886424 0.04667051 0.023206808 -0.61200811 -0.031042822 0.79024202 2.9408552
0.75297292 -0.040691326 0.65679217 1.9455194 0.010853436 0.9987185 0.049432435 0.033364858 -0.65796202 -0.030092833 0.75244963 3.1707381
0.71288531 -0.044006334 0.69989852 2.2350015 0.011949339 0.99864654 0.050619145 0.043810138 -0.70117886 -0.027722319 0.71244629 3.4038399
0.67139476 -0.045860958 0.73967953 2.5313059 0.01115203 0.99859565 0.051791536 0.064004451 -0.74101603 -0.026523638 0.67096333 3.5877053
0.62900937 -0.046110217 0.776029 2.8897331 0.0067038368 0.99852401 0.053896675 0.083220203 -0.77736885 -0.028699142 0.62839008 3.8289689
0.58641862 -0.046974633 0.80864488 3.2134208 0.0035354608 0.99845593 0.055436994 0.096866441 -0.81000047 -0.029650353 0.58567922 4.0111771
0.54637876 -0.048098243 0.83615594 3.601841 0.0016579077 0.9984098 0.056348235 0.11971548 -0.8375366 -0.029401209 0.54558965 4.2147925
0.50705101 -0.050781196 0.86041878 4.0039138 0.00087614637 0.99829276 0.058402082 0.13649173 -0.86191564 -0.028858982 0.50622984 4.4335195
0.47046685 -0.050557049 0.88096814 4.4426414 -0.0023071024 0.99828348 0.058521618 0.15964938 -0.88241469 -0.029564965 0.46954264 4.617441
0.43434799 -0.049703607 0.89937273 4.8866109 -0.0032898915 0.99838219 0.056764178 0.17983668 -0.90073918 -0.027614245 0.43348178 4.821314
0.3999691 -0.048706987 0.91523346 5.3996848 -0.0019561415 0.99853928 0.053995224 0.20028455 -0.91652658 -0.023386747 0.39928958 4.9924153
0.37035553 -0.046843353 0.92770815 5.9048006 -5.4574188e-05 0.99872653 0.050451116 0.22353171 -0.92889012 -0.018735478 0.36988134 5.1823522
0.34562239 -0.04491163 0.93729826 6.4579881 0.0010412055 0.99887174 0.04747805 0.24935855 -0.93837314 -0.015433556 0.3452792 5.3692583
0.32444731 -0.044407272 0.94486076 7.0139013 0.0020487095 0.99892803 0.046244878 0.27257424 -0.94590159 -0.01306828 0.32419049 5.5603448
0.31055356 -0.044982631 0.9494909 7.5993204 0.0032150861 0.99892366 0.046272963 0.2943793 -0.95055049 -0.011317538 0.31036392 5.7206971
0.29695555 -0.046553541 0.95375578 8.2142412 0.0042709516 0.99886564 0.04742561 0.32007052 -0.95488179 -0.010009852 0.29681752 5.9125037
0.28628594 -0.048250105 0.95692853 8.8475589 0.0028251141 0.9987694 0.049514604 0.34407009 -0.9581401 -0.011471902 0.28606994 6.1256394
0.27630343 -0.050055488 0.95976601 9.5020872 0.0014472371 0.99866329 0.051667491 0.37699186 -0.9610694 -0.012886895 0.27600653 6.2837988
0.26562192 -0.051861677 0.9626813 10.20496 0.00053979804 0.99855989 0.053645592 0.40713636 -0.96407717 -0.013729791 0.26526739 6.4572378
0.2555917 -0.053774785 0.96528808 10.908542 -0.00022356545 0.99844857 0.055681303 0.43385809 -0.96678483 -0.014447483 0.25518315 6.6542491
0.24534017 -0.055488553 0.96784768 11.648957 -0.00055621978 0.99835235 0.057378439 0.46441626 -0.96943693 -0.014615572 0.24490507 6.847572
0.23488113 -0.056672961 0.97037052 12.406423 -0.0012163811 0.99828095 0.058597453 0.49588205 -0.97202338 -0.014943776 0.23440842 7.0277724
0.22485487 -0.059610645 0.97256711 13.161088 -0.002362425 0.99809063 0.061721221 0.52885501 -0.97438944 -0.016175934 0.22428472 7.215233
0.21299603 -0.063125903 0.97501166 13.947606 -0.0047028433 0.99783289 0.065630793 0.57081385 -0.97704179 -0.018564425 0.21223757 7.3882325
0.20082415 -0.066881552 0.97734152 14.745522 -0.0045923648 0.99759148 0.069210938 0.61161617 -0.97961659 -0.018387536 0.20003331 7.5242816
0.18902302 -0.069428302 0.97951515 15.508792 -0.0046514956 0.99742292 0.071595236 0.65486132 -0.98196168 -0.018089358 0.18821295 7.7185382
0.17446838 -0.0701182 0.98216299 16.320715 -0.0057786667 0.99737123 0.072230444 0.68688688 -0.98464586 -0.018277521 0.17360456 7.8541295
0.16072931 -0.069528676 0.98454648 17.080519 -0.007012353 0.99741008 0.071581884 0.72960461 -0.98697366 -0.018409294 0.15982547 7.965439
0.14447796 -0.068419243 0.98713973 17.924917 -0.008324482 0.99748729 0.070354811 0.77140908 -0.98947304 -0.018382146 0.14354537 8.0885891
0.12355666 -0.066916457 0.99007871 18.759436 -0.010759956 0.9975748 0.06876588 0.80567683 -0.99227922 -0.019149685 0.12253699 8.1902634
0.099198661 -0.065579416 0.99290427 19.572997 -0.015435855 0.99760446 0.067432013 0.84672958 -0.99494796 -0.022015491 0.097948751 8.2595959
0.068544388 -0.064912346 0.99553401 20.385866 -0.020145607 0.99758748 0.066433301 0.88057026 -0.99744469 -0.024609266 0.067071323 8.3176982
0.034614509 -0.064572731 0.99731245 21.247456 -0.022636473 0.99760383 0.065377259 0.92255727 -0.99914439 -0.024838638 0.033069866 8.337967
0.00030266397 -0.0639914 0.99795036 22.072472 -0.02381899 0.99766686 0.063980444 0.9581 -0.99971628 -0.023789534 -0.0012222542 8.3488357
-0.033012986 -0.063057713 0.99746368 22.918199 -0.025504376 0.99773586 0.062230803 0.98887946 -0.9991295 -0.023385264 -0.034546489 8.290206
-0.066510135 -0.060953493 0.99592218 23.735722 -0.027466655 0.99786593 0.059238165 1.0195719 -0.99740767 -0.023414712 -0.068042388 8.2544078
-0.099227617 -0.057840011 0.99338227 24.600989 -0.028974997 0.99805383 0.055217741 1.0597309 -0.99464286 -0.023304123 -0.10071042 8.13239
-0.1319985 -0.053476785 0.98980632 25.421274 -0.026996776 0.99836724 0.050339077 1.0837921 -0.99088226 -0.020076897 -0.13322668 8.0032356
-0.16473508 -0.047860898 0.98517593 26.277517 -0.022803932 0.99873985 0.044706714 1.101406 -0.98607425 -0.01510112 -0.1656189 7.8625852
-0.19417758 -0.041744501 0.98007774 27.112065 -0.016517926 0.99909164 0.039281753 1.1167916 -0.98082736 -0.0085612152 -0.19469073 7.680725
-0.22446466 -0.036024629 0.97381608 27.91106 -0.010712822 0.99934729 0.034499806 1.1281632 -0.97442338 -0.00268833 -0.22470408 7.4629065
-0.25155401 -0.029274784 0.96740038 28.701613 -0.0021061671 0.99955663 0.029700205 1.1467464 -0.96784101 0.0054336998 -0.25150414 7.228419
-0.2785395 -0.018991446 0.96023695 29.533417 0.0047243393 0.99976529 0.02114364 1.1459876 -0.9604132 0.010425825 -0.2783844 6.9666587
-0.30239425 -0.004028114 0.95317439 30.303139 0.0091571711 0.99993265 0.0071308245 1.1391902 -0.95313899 0.010884702 -0.302337 6.7175872
-0.32729285 0.01302922 0.94483308 31.100703 0.0095555085 0.99989944 -0.010478528 1.110224 -0.94487468 0.0055988144 -0.32738444 6.444172
-0.3515406 0.027656975 0.93576398 31.815475 0.0076196695 0.99961494 -0.026681622 1.088065 -0.93614167 -0.0022494604 -0.35161598 6.1262655
-0.37548766 0.038569461 0.92602448 32.60431 0.012226415 0.99925293 -0.036661857 1.0476538 -0.92674678 -0.0024441144 -0.37567872 5.8209068
-0.39934608 0.043060098 0.91578844 33.354718 0.01615292 0.99907182 -0.039932283 1.0035023 -0.91665799 -0.0011541424 -0.39967096 5.4780719
-0.42210184 0.042419744 0.90555537 34.062564 0.018626375 0.99909958 -0.038119502 0.95750525 -0.90635708 0.00077690309 -0.4225119 5.1294462
-0.44313679 0.039000847 0.89560519 34.80637 0.022871981 0.99921984 -0.03219611 0.91472155 -0.89616222 0.006216985 -0.4436831 4.7639677
-0.46086528 0.037782942 0.88666543 35.552399 0.029675925 0.9991907 -0.027153151 0.87858088 -0.88697385 0.013798673 -0.46161354 4.3579994
-0.47421084 0.038866663 0.87955295 36.27025 0.033891009 0.99909049 -0.025876588 0.83594386 -0.8797588 0.01753798 -0.47509677 3.9638942
-0.48566028 0.041943042 0.87314077 36.959351 0.036960775 0.99894025 -0.027427665 0.78405436 -0.87336594 0.018951434 -0.48669585 3.5837894
-0.49570297 0.044738481 0.86733902 37.649329 0.038050716 0.99883214 -0.029774262 0.74124071 -0.86765821 0.018243681 -0.49682639 3.1675717
-0.50627332 0.043576345 0.86127137 38.343597 0.03135668 0.99899227 -0.032112272 0.68484473 -0.86180285 0.010749025 -0.50712954 2.7693194
-0.51737474 0.042551281 0.85470036 39.03524 0.029979256 0.99905119 -0.031590484 0.66309727 -0.8552337 0.0092791635 -0.51815951 2.3409393
-0.52621841 0.043905793 0.84921517 39.705089 0.032144693 0.99897943 -0.031730302 0.61785278 -0.8497417 0.010600693 -0.52709271 1.9312519
-0.53363871 0.047217731 0.84439336 40.38507 0.036476851 0.9987961 -0.032799199 0.57929387 -0.84492558 0.01329789 -0.53471862 1.4896359
-0.53710938 0.050249954 0.84201449 41.088625 0.036780454 0.99866977 -0.036137124 0.53802002 -0.84271037 0.011560088 -0.53824312 1.0475112
-0.53711716 0.051864056 0.84191164 41.809748 0.036056602 0.99860734 -0.038513788 0.48965843 -0.84273669 0.0096700573 -0.53823918 0.60250804
-0.5337255 0.052989854 0.84399592 42.504345 0.038675066 0.99852009 -0.038234267 0.452025 -0.84477298 0.012234996 -0.53498502 0.15312124
-0.52771427 0.051845224 0.84783823 43.251398 0.037239108 0.99858799 -0.037885067 0.40903512 -0.8486053 0.01158025 -0.5288998 -0.32439229
-0.5214617 0.050312145 0.85179007 44.002981 0.034778523 0.99868381 -0.037697383 0.36470142 -0.85256566 0.0099662599 -0.52252514 -0.76307625
-0.51406411 0.049617574 0.85631544 44.797442 0.033170358 0.9987287 -0.037956579 0.31861096 -0.85711019 0.0088921757 -0.51505641 -1.2157937
-0.50747178 0.048084746 0.86032563 45.608603 0.029831959 0.99882361 -0.0382289 0.26115648 -0.86115185 0.0062651117 -0.50830926 -1.6831846
-0.50284922 0.046004761 0.86314898 46.418748 0.025868812 0.9989363 -0.038171525 0.217101 -0.86398699 0.003134118 -0.50350443 -2.1523029
-0.50141251 0.042868677 0.86414565 47.282429 0.020910492 0.99908047 -0.037429424 0.17573523 -0.86495567 -0.00069786982 -0.50184785 -2.6281718
-0.50199534 0.040909475 0.86390221 48.110671 0.018478045 0.99915998 -0.036577307 0.12364242 -0.86467295 -0.0023984128 -0.50232958 -3.0947917
-0.50288631 0.039227899 0.86346191 48.943337 0.016107447 0.99922145 -0.036014492 0.067713675 -0.86420251 -0.0042030274 -0.50312665 -3.5872042
-0.50372438 0.039082872 0.86297984 49.816332 0.016690972 0.9992299 -0.035510822 0.018959129 -0.8637032 -0.0034836938 -0.5039888 -4.072396
-0.50340454 0.038240581 0.86320418 50.694058 0.016340568 0.99926284 -0.034738565 -0.028017981 -0.86389636 -0.0033823036 -0.50365833 -4.5837202
-0.50311194 0.037539669 0.86340552 51.582891 0.016545251 0.99929143 -0.033806774 -0.077223935 -0.8640629 -0.0027233298 -0.50337655 -5.1027146
-0.50368863 0.036976716 0.86309352 52.48064 0.016497746 0.99931306 -0.033184801 -0.1261225 -0.86372777 -0.0024757087 -0.50395266 -5.6217968
-0.50381868 0.035391017 0.86308409 53.376181 0.014484332 0.99936599 -0.032524178 -0.1816738 -0.86368802 -0.0038850913 -0.50401187 -6.1335075
-0.50368438 0.034916074 0.86318182 54.267984 0.01447689 0.99938373 -0.031977935 -0.23039785 -0.86376648 -0.0036105971 -0.50387945 -6.6437263
-0.50352053 0.034268973 0.86330334 55.16081 0.01311001 0.99940108 -0.032024999 -0.28603308 -0.86388383 -0.0048073282 -0.50366823 -7.1417619
-0.50224241 0.0329194 0.8641 56.049886 0.012659137 0.99944793 -0.030717821 -0.34509648 -0.86463424 -0.0044890314 -0.50238187 -7.651377
-0.49984625 0.030834827 0.86556506 56.954642 0.013241924 0.99952133 -0.027959932 -0.39338245 -0.86601295 -0.0025139194 -0.50001531 -8.1706315
-0.49788645 0.029613439 0.86673645 57.827708 0.013712345 0.99956071 -0.026274698 -0.44293727 -0.86713385 -0.0011968259 -0.4980738 -8.6847792
-0.49550896 0.029110217 0.86811486 58.735193 0.013617259 0.99957577 -0.025745894 -0.49508557 -0.86849612 -0.00093597586 -0.49569515 -9.1744062
-0.49334986 0.029568743 0.86932821 59.626924 0.014434041 0.99956273 -0.025807032 -0.54106542 -0.86971124 -0.00018397536 -0.49356093 -9.6776978
-0.49205119 0.030165189 0.87004346 60.510775 0.014542502 0.99954486 -0.026430637 -0.59072242 -0.87044483 -0.00035261693 -0.49226592 -10.164349
-0.49286839 0.03125707 0.86954223 61.400258 0.013730041 0.99950951 -0.028146573 -0.64893365 -0.86999557 -0.0019337048 -0.4930558 -10.674259
-0.49531803 0.033233775 0.86807575 62.278555 0.012457189 0.99943694 -0.031154874 -0.69331667 -0.86862243 -0.0046177861 -0.49545313 -11.172125
-0.49973578 0.033889099 0.86551465 63.159983 0.011436581 0.99940538 -0.032528251 -0.74899377 -0.86610243 -0.006357002 -0.49982621 -11.658944
-0.50533924 0.032149109 0.86232164 64.025586 0.010621254 0.99946178 -0.031037686 -0.8062551 -0.86285543 -0.0065256231 -0.50540873 -12.15744
-0.51025342 0.030324366 0.85948928 64.887279 0.014598933 0.99953959 -0.026598642 -0.85366057 -0.85990022 -0.001024421 -0.51046119 -12.690036
-0.51607541 0.028274013 0.85607633 65.752472 0.011809129 0.99959491 -0.02589507 -0.9060216 -0.85646178 -0.0032542925 -0.51620025 -13.18505
-0.52114882 0.030449764 0.85292242 66.598583 0.012952413 0.99953043 -0.027769618 -0.95377001 -0.85336757 -0.0034246999 -0.5212985 -13.703637
-0.5261877 0.032779153 0.84973641 67.430203 0.013311006 0.99945185 -0.030311867 -1.0046777 -0.8502643 -0.0046388842 -0.5263356 -14.204706
-0.53088772 0.033102683 0.84679536 68.272285 0.011733528 0.99942814 -0.03171317 -1.0595554 -0.84736097 -0.0069002344 -0.53097253 -14.733422
-0.53427786 0.033363612 0.84465021 69.101833 0.010304202 0.9994036 -0.032958502 -1.1156167 -0.84524615 -0.0089055509 -0.53430301 -15.251684
-0.53778935 0.032868136 0.84243827 69.924703 0.010712348 0.9994255 -0.0321546 -1.1669155 -0.84301122 -0.0082679091 -0.53783249 -15.774101
-0.54061979 0.026008378 0.84086488 70.744237 0.012453398 0.99965989 -0.022913286 -1.2161123 -0.8411749 -0.0019157497 -0.54075981 -16.288689
-0.54288862 0.018227069 0.83960685 71.573464 0.013455036 0.9998249 -0.013005242 -1.2488867 -0.83969695 0.0042365434 -0.54303881 -16.818906
-0.54448206 0.015779835 0.838624 72.395233 0.01389158 0.99985554 -0.0097944228 -1.2846058 -0.83865748 0.0063169258 -0.54462261 -17.348178
-0.54607442 0.020357536 0.83748924 73.172778 0.013448228 0.9997889 -0.015533935 -1.3227158 -0.83762875 0.0027800629 -0.54623292 -17.845327
-0.54702198 0.025453543 0.83673114 73.973176 0.013876551 0.999676 -0.021338415 -1.366895 -0.83700326 -6.1638779e-05 -0.54719796 -18.368265
-0.54704588 0.030975233 0.83652931 74.788952 0.020277069 0.99951227 -0.02375008 -1.4029043 -0.83685704 0.00396998 -0.54740716 -18.899969
-0.54700288 0.031778481 0.8365273 75.5756 0.023708743 0.99946646 -0.022465226 -1.4447356 -0.83679496 0.0075444684 -0.54746446 -19.42617
-0.54706482 0.029055062 0.83658581 76.374106 0.023193994 0.99953986 -0.019547395 -1.490339 -0.83676889 0.0087100748 -0.547487 -19.946259
-0.5458483 0.023956905 0.83754142 77.171492 0.021294568 0.99966493 -0.014716017 -1.5150444 -0.83761341 0.0098023713 -0.54617556 -20.466673
-0.54543783 0.018072922 0.83795638 77.974988 0.019872712 0.99976529 -0.0086273593 -1.5439431 -0.8379157 0.011946779 -0.54566897 -20.981395
-0.5451352 0.011636346 0.83826735 78.775954 0.011001516 0.99991686 -0.0067258543 -1.5810016 -0.83827599 0.005555713 -0.5452179 -21.486013
-0.54374425 0.0060347573 0.83922924 79.574725 0.0019553544 0.99998054 -0.0059237997 -1.6080202 -0.83924873 -0.0015800407 -0.54374547 -21.982408
-0.5414801 0.0066729607 0.84068705 80.369738 0.0052952541 0.99997573 -0.004526682 -1.6284453 -0.84069692 0.0020005441 -0.5415023 -22.492782
-0.53923133 0.010516616 0.84209198 81.156129 0.011489913 0.99992083 -0.0051301541 -1.6557919 -0.84207934 0.0069092245 -0.53930948 -22.991504
-0.53338923 0.013144684 0.84576775 81.94675 0.011545071 0.99989924 -0.0082591725 -1.6870787 -0.84579117 0.0053590961 -0.53348724 -23.486545
-0.52566918 0.015568593 0.85054657 82.754346 0.017167115 0.99982305 -0.0076910717 -1.7100315 -0.85051588 0.010558472 -0.52584343 -23.982701
-0.51694848 0.018441899 0.8558178 83.541856 0.025036527 0.99966593 -0.0064185893 -1.7455812 -0.85565034 0.018108627 -0.51723751 -24.469436
-0.5077773 0.018249049 0.86129503 84.343529 0.023604001 0.99969498 -0.0072656943 -1.7707859 -0.86116498 0.016640655 -0.50805317 -24.930394
-0.49715074 0.014606482 0.86754119 85.158253 0.018406536 0.99981083 -0.0062854594 -1.7959642 -0.86746896 0.012843608 -0.49732555 -25.388945
-0.48514086 0.012217827 0.87435062 85.96888 0.020920942 0.99977834 -0.0023623414 -1.8151609 -0.87418575 0.017146172 -0.48528893 -25.827457
-0.4739371 0.010918613 0.88049097 86.793226 0.020160609 0.99979556 -0.0015463184 -1.841272 -0.88032792 0.017018378 -0.47406033 -26.263286
-0.46292276 0.0094000622 0.88634874 87.618439 0.019218905 0.99981514 -0.00056575429 -1.8661655 -0.88619028 0.016772753 -0.46301784 -26.686771
-0.45005721 0.011447063 0.89292631 88.444445 0.023041357 0.99973379 -0.0012028829 -1.8778619 -0.89270245 0.020032869 -0.45020116 -27.097076
-0.438264 0.014465373 0.89872985 89.272073 0.022710686 0.99972949 -0.0050161715 -1.9100882 -0.89855938 0.018212365 -0.43847397 -27.493681
-0.42704869 0.024058979 0.90390847 90.101915 0.024546265 0.99958602 -0.015008786 -1.9328633 -0.90389544 0.015778095 -0.42746246 -27.881799
-0.41427208 0.029727277 0.90966744 90.93598 0.025590908 0.99945176 -0.021006995 -1.9620956 -0.90979328 0.014576605 -0.41480571 -28.251989
-0.40303155 0.02500797 0.9148443 91.774396 0.021128442 0.99961441 -0.018017162 -1.998058 -0.9149422 0.012067751 -0.40340452 -28.614143
-0.39077884 0.022000017 0.92022162 92.621731 0.023863344 0.99962047 -0.013764485 -2.0328366 -0.92017526 0.016580697 -0.39115552 -28.960893
-0.38066804 0.02241629 0.92443998 93.47846 0.020442597 0.99966582 -0.015822503 -2.0708104 -0.92448581 0.012874834 -0.38099908 -29.29538
-0.37401272 0.027172134 0.9270254 94.323825 0.016523685 0.99960728 -0.02263303 -2.1082199 -0.9272764 0.0068528354 -0.37431482 -29.623086
-0.36863768 0.031231566 0.92904832 95.148024 0.0070480308 0.99950061 -0.030803348 -2.1468651 -0.92954648 -0.0048073128 -0.36867371 -29.929942
-0.36502745 0.033723424 0.93038574 96.000021 0.005474812 0.99940421 -0.034077128 -2.1902289 -0.9309807 -0.0073453993 -0.3649946 -30.260396
-0.3617506 0.034100207 0.93165101 96.848167 0.0057084303 0.99939311 -0.03436317 -2.2329959 -0.93225747 -0.0071126317 -0.36172571 -30.584587
-0.35666167 0.032948094 0.9336524 97.720383 0.0023831077 0.99940674 -0.034358164 -2.2889142 -0.93423062 -0.010029245 -0.3565286 -30.908122
-0.35128413 0.029015365 0.93581916 98.545887 0.00053195467 0.99952571 -0.030790922 -2.3357358 -0.93626879 -0.010318548 -0.35113295 -31.210847
-0.34600185 0.025559804 0.93788557 99.407145 0.0013014104 0.99964097 -0.026762684 -2.3799645 -0.93823297 -0.0080393637 -0.34591089 -31.521239
-0.33976981 0.022072286 0.94024955 100.25526 -0.0014163788 0.99971144 -0.023979972 -2.4250024 -0.9405076 -0.0094794194 -0.33964051 -31.812397
-0.33416827 0.021353207 0.94227147 101.09548 -0.0048176201 0.99969157 -0.024362952 -2.468157 -0.94250116 -0.012680831 -0.33396234 -32.096448
-0.32804255 0.020786009 0.9444342 101.95104 -0.016738279 0.99947304 -0.027811277 -2.5005993 -0.94451469 -0.024931485 -0.32752176 -32.372514
-0.32138299 0.024255782 0.94663855 102.79348 -0.014446415 0.99942997 -0.030513004 -2.5525052 -0.94683914 -0.023481894 -0.32084939 -32.646268
-0.31436484 0.028218868 0.94888269 103.65388 -0.012437871 0.99934985 -0.033840378 -2.595771 -0.9492208 -0.022440305 -0.31380947 -32.929124
-0.30777916 0.026642466 0.95108469 104.50587 -0.01316129 0.99939302 -0.032254818 -2.6351867 -0.95136683 -0.022444862 -0.30724169 -33.197008
-0.30075279 0.021600963 0.95345743 105.36841 -0.014260909 0.99952983 -0.027143124 -2.6790763 -0.95359554 -0.02176054 -0.30030334 -33.457797
-0.29369602 0.019050051 0.95570899 106.21875 -0.013984126 0.99960878 -0.024222519 -2.7178782 -0.95579662 -0.020478812 -0.29331472 -33.707665
-0.28736476 0.021436855 0.95758126 107.07664 -0.017826266 0.99945666 -0.027723857 -2.7691445 -0.95765536 -0.025036958 -0.28682649 -33.956621
-0.28083241 0.024499316 0.95944404 107.94723 -0.017314521 0.99938213 -0.030587146 -2.8115797 -0.95960067 -0.025202175 -0.28023469 -34.204099
-0.27418879 0.025501022 0.96133767 108.79513 -0.018705628 0.99931781 -0.031843647 -2.8492081 -0.96149398 -0.026713596 -0.27352473 -34.433919
-0.26707838 0.024563837 0.96336166 109.66713 -0.018810198 0.99935174 -0.030696373 -2.8959122 -0.96349125 -0.02631936 -0.26644319 -34.662187
-0.2593252 0.024411814 0.96548145 110.51763 -0.016055604 0.99943338 -0.029582757 -2.9421483 -0.96565663 -0.023172941 -0.25878632 -34.887343
-0.25152617 0.025555136 0.96751302 111.37658 -0.011749524 0.99949706 -0.029454482 -2.9860813 -0.96777922 -0.01877639 -0.25109941 -35.108957
-0.24479547 0.026012365 0.9692257 112.25769 -0.010539029 0.9995096 -0.029486954 -3.0299367 -0.9695175 -0.01743297 -0.24440128 -35.329283
-0.23797967 0.025306084 0.97094037 113.11373 -0.015809583 0.99942716 -0.029923511 -3.0660051 -0.9711415 -0.02247135 -0.23744327 -35.518836
-0.23208643 0.022989407 0.97242341 113.98152 -0.021763739 0.99934765 -0.02882024 -3.1154806 -0.9724517 -0.027852356 -0.2314347 -35.714688
-0.22733684 0.023433507 0.97353416 114.87211 -0.018008018 0.99943832 -0.028262212 -3.154425 -0.97364971 -0.023956462 -0.22678716 -35.916784
-0.22320468 0.023265438 0.97449387 115.71494 -0.016978138 0.99947069 -0.02775053 -3.2014133 -0.97462377 -0.022739139 -0.22269153 -36.101829
-0.21844144 0.0248825 0.97553273 116.60501 -0.016295369 0.99944247 -0.029141215 -3.2414478 -0.97571403 -0.022262314 -0.21791419 -36.297724
-0.21244869 0.023832352 0.97688151 117.45606 -0.010759153 0.99958489 -0.026726092 -3.2805258 -0.97711303 -0.016188341 -0.21210408 -36.486404
-0.20711704 0.023117979 0.97804295 118.33455 -0.0027897032 0.99970274 -0.024220716 -3.3198075 -0.97831223 -0.007744972 -0.20699099 -36.677737
-0.20208003 0.021934565 0.97912331 119.22182 0.00026001689 0.99975033 -0.02234299 -3.3637724 -0.97936902 -0.0042604828 -0.20203528 -36.863899
-0.19804927 0.023338477 0.97991414 120.06873 -0.0027055593 0.99969967 -0.024356522 -3.3990553 -0.98018837 -0.0074750066 -0.19792665 -37.025207
-0.19421729 0.025500976 0.98062698 120.94575 -0.0040318089 0.99963285 -0.026793735 -3.4362728 -0.98095029 -0.0091575064 -0.19404317 -37.188841
-0.19233292 0.024705679 0.98101865 121.83097 -0.006376131 0.99963048 -0.02642446 -3.4788486 -0.98130906 -0.011337396 -0.19210432 -37.357118
-0.19142684 0.023532436 0.9812247 122.68325 -0.0075061479 0.9996482 -0.025438652 -3.5221666 -0.98147822 -0.012234858 -0.19118287 -37.517903
-0.19063229 0.019232757 0.98147305 123.57099 -0.0064863291 0.99976155 -0.020850979 -3.5549488 -0.98164013 -0.010341026 -0.19046208 -37.680984
-0.18984378 0.013600761 0.98172006 124.43059 -0.0067308185 0.99986252 -0.015153703 -3.5966599 -0.98179128 -0.0094846151 -0.18972614 -37.835961
-0.18882459 0.011646778 0.98194172 125.2896 -0.003922114 0.99991275 -0.012614142 -3.6284381 -0.98200304 -0.0062331468 -0.18876244 -37.999989
-0.18748002 0.016579247 0.98212845 126.16318 -0.0043313264 0.99983387 -0.017704943 -3.6607052 -0.98225891 -0.0075732413 -0.18737707 -38.162334
-0.18758423 0.020046116 0.9820439 127.00711 -0.006454495 0.99974499 -0.02164034 -3.6983112 -0.98222735 -0.010397983 -0.18740701 -38.315991
-0.18765301 0.019509539 0.98204157 127.85535 -0.0078824173 0.99974062 -0.021367361 -3.7240552 -0.9822038 -0.01175051 -0.18745055 -38.467382
-0.18720977 0.018813841 0.98213974 128.72228 -0.0092140408 0.99973896 -0.020907297 -3.7651927 -0.98227679 -0.012963525 -0.18698755 -38.627798
-0.1862841 0.019177751 0.98230869 129.56117 -0.0033725287 0.99979111 -0.020158625 -3.8026374 -0.98249017 -0.0070680948 -0.18618051 -38.787231
-0.18578519 0.02130521 0.98235934 130.40842 -0.0070337151 0.99971045 -0.023011742 -3.842358 -0.98256525 -0.011184876 -0.18558155 -38.93954
-0.1860673 0.022618869 0.98227657 131.23101 -0.01789314 0.99949119 -0.026404668 -3.8720484 -0.9823741 -0.022489057 -0.1855679 -39.071705
-0.18564339 0.024196707 0.98231918 132.07214 -0.021226384 0.99936474 -0.028628039 -3.9076534 -0.98238793 -0.02616569 -0.18501185 -39.217554
-0.18555992 0.027412328 0.98225048 132.90547 -0.021977365 0.99924498 -0.032038414 -3.9599662 -0.98238719 -0.027532322 -0.18481737 -39.371361
-0.18469093 0.028426249 0.98238543 133.72725 -0.017477569 0.99932855 -0.032202339 -4.001753 -0.98264128 -0.023117189 -0.1840701 -39.524612
-0.18339804 0.029674344 0.98259071 134.56846 -0.0183015 0.99926798 -0.033593926 -4.0493234 -0.9828684 -0.024143944 -0.18272071 -39.664639
-0.18118501 0.028461696 0.98303705 135.37176 -0.014572588 0.99939369 -0.031621161 -4.0897512 -0.9833411 -0.020054674 -0.1806604 -39.818753
-0.17805357 0.025917051 0.9836794 136.18844 -0.0046125099 0.99962013 -0.027171941 -4.1344066 -0.98401003 -0.0093752913 -0.17786639 -39.968291
-0.17575017 0.021699137 0.98419558 137.02029 0.0030137324 0.99976422 -0.021504217 -4.1673501 -0.98443023 -0.00081326675 -0.17577412 -40.127526
-0.17198844 0.021087272 0.9848732 137.84607 0.0052838765 0.99977623 -0.020483638 -4.2029712 -0.98508484 0.0016810002 -0.17206138 -40.264819
-0.16706702 0.025404903 0.98561814 138.63842 0.002011879 0.99967468 -0.025426194 -4.2507817 -0.98594353 -0.0022649332 -0.16706378 -40.395947
-0.16083335 0.028856321 0.98655961 139.45053 0.0039539332 0.99958333 -0.028592668 -4.2866063 -0.9869737 -0.00069786291 -0.16088043 -40.519686
-0.15273981 0.029092684 0.98783808 140.24497 -0.0020143042 0.99955536 -0.029749219 -4.3290758 -0.98826443 -0.0065336959 -0.1526133 -40.632098
-0.14271872 0.026216801 0.98941597 141.04831 0.010218196 0.99963489 -0.025013645 -4.3469508 -0.98971058 0.0065401321 -0.1429345 -40.750498
-0.1303356 0.024565788 0.99116551 141.87481 0.018749022 0.99957531 -0.022308776 -4.3908688 -0.99129269 0.015675757 -0.13074083 -40.856542
-0.11698444 0.026567723 0.99277828 142.65441 0.017173516 0.99954676 -0.024725205 -4.4310243 -0.99298529 0.01415703 -0.11738769 -40.946942
-0.10280546 0.027684355 0.99431611 143.45242 0.014359355 0.99954976 -0.026345413 -4.4710338 -0.99459787 0.011569287 -0.10315671 -41.023419
-0.08909717 0.027733271 0.99563672 144.22193 0.017119643 0.99950725 -0.026309087 -4.5036609 -0.99587584 0.014700881 -0.089528053 -41.090728
-0.075295833 0.029162733 0.99673466 145.0204 0.020801972 0.99940066 -0.027669301 -4.5430495 -0.99694428 0.018650665 -0.07585735 -41.143398
-0.061744091 0.035006123 0.9974779 145.79019 0.016589102 0.99928269 -0.034042592 -4.5948373 -0.99795418 0.014445335 -0.062280523 -41.177373
-0.048911399 0.044102598 0.99782892 146.56066 0.0088149817 0.99900483 -0.043722479 -4.6410169 -0.99876426 0.006657317 -0.049251489 -41.194134
-0.035246473 0.052789417 0.99798341 147.32512 0.0026050123 0.99860539 -0.052730313 -4.6825277 -0.9993753 0.00074120232 -0.035334837 -41.204684
-0.021986493 0.054031222 0.99829712 148.08865 0.0025028545 0.99853839 -0.053989156 -4.7296412 -0.99975518 0.0013115611 -0.022089591 -41.210631
-0.010540434 0.049747904 0.99870614 148.85849 -7.1329087e-05 0.99876163 -0.049751419 -4.7857754 -0.99994449 -0.00059563749 -0.010523834 -41.203385
0.0007057179 0.046959239 0.99889651 149.61752 0.00094192577 0.99889633 -0.046959894 -4.8374783 -0.99999935 0.00097402767 0.00066070537 -41.193674
0.0097643277 0.053019069 0.99854572 150.36321 -0.0040610617 0.99858723 -0.052981561 -4.9014587 -0.99994412 -0.0035378257 0.0099658452 -41.169136
0.016313158 0.061777073 0.99795661 151.11308 -0.010836623 0.99804177 -0.061605201 -4.9483349 -0.99980825 -0.0098095038 0.016950666 -41.141105
0.019467392 0.065145356 0.99768583 151.87135 -0.016999905 0.99775229 -0.064817982 -5.0037697 -0.999666 -0.015698727 0.020531099 -41.117663
0.019681453 0.060955072 0.99794641 152.62827 -0.01872103 0.99798726 -0.060588351 -5.0586595 -0.99963106 -0.017490118 0.02078298 -41.094469
0.018009996 0.055297937 0.99830741 153.37412 -0.012759407 0.99840081 -0.055072922 -5.1335174 -0.99975643 -0.011745947 0.018686762 -41.075947
0.015220482 0.052969664 0.99848008 154.14062 -0.012334125 0.99852976 -0.052784281 -5.1774907 -0.99980813 -0.011511976 0.015851437 -41.06057
0.012229756 0.052966537 0.99852135 154.88658 -0.011957922 0.99853242 -0.052820663 -5.2309916 -0.99985375 -0.011294256 0.012845176 -41.047965
0.0088756297 0.053378188 0.99853488 155.63447 -0.010860024 0.99852051 -0.053280887 -5.2864181 -0.99990168 -0.010371211 0.0094421852 -41.04236
0.0042514017 0.051476393 0.99866512 156.37472 -0.0086044232 0.9986391 -0.051438421 -5.3400435 -0.99995399 -0.0083742512 0.0046885391 -41.035073
-0.0013640254 0.05194674 0.99864888 157.10927 -0.012873873 0.99856618 -0.051960021 -5.3915606 -0.99991624 -0.012927353 -0.00069331543 -41.02801
-0.0076407593 0.050068431 0.99871652 157.85629 -0.011881925 0.99867066 -0.050157033 -5.4397905 -0.99990026 -0.012249912 -0.0070356944 -41.025808
-0.013140932 0.047189622 0.99879946 158.58929 -0.0084347235 0.99884499 -0.047302744 -5.4919131 -0.99987812 -0.0090461988 -0.012727724 -41.03676
-0.018059077 0.047278372 0.99871845 159.32479 -0.009856443 0.99882443 -0.047461614 -5.5401257 -0.99978838 -0.010700924 -0.017571852 -41.050444
-0.023903571 0.048417896 0.99854106 160.06036 -0.011717113 0.99874432 -0.04870824 -5.590635 -0.99964564 -0.012864319 -0.023306239 -41.062773
-0.027840338 0.050583111 0.9983317 160.76792 -0.012602134 0.99862173 -0.050949239 -5.6411399 -0.99953298 -0.013999553 -0.027164513 -41.075167
-0.030289 0.052902966 0.99814015 161.48852 -0.012143373 0.9985052 -0.053290808 -5.6949644 -0.99946746 -0.013734913 -0.029601305 -41.094582
-0.032080113 0.054689802 0.99798788 162.20891 -0.012174164 0.9984064 -0.055104071 -5.7522166 -0.9994112 -0.013917412 -0.031363189 -41.11267
-0.031250196 0.052874904 0.99811201 162.93312 -0.0072182667 0.9985618 -0.053124729 -5.8016011 -0.99948557 -0.0088647962 -0.030823588 -41.142699
-0.027294996 0.048837513 0.99843367 163.63395 -0.00038223432 0.99880526 -0.048866137 -5.8415721 -0.99962739 -0.0017154358 -0.02724372 -41.160496
-0.020148447 0.048466059 0.99862155 164.3506 -0.0013118084 0.99882221 -0.048502264 -5.899395 -0.99979618 -0.0022872446 -0.02006114 -41.171387
-0.0093014744 0.049761337 0.99871778 165.04767 0.00030362223 0.99876112 -0.049760667 -5.9516034 -0.99995674 -0.00015961382 -0.0093050612 -41.169899
0.0049035982 0.050001075 0.99873708 165.72709 0.0020426349 0.99874655 -0.050011576 -6.0002317 -0.99998593 0.0022852928 0.0047953164 -41.158204
0.020083511 0.047755468 0.99865709 166.41967 0.00077634171 0.99885755 -0.047780665 -6.0443833 -0.99979805 0.0017349035 0.020023491 -41.1377
0.036265447 0.04282411 0.99842417 167.11858 -0.001981759 0.99908254 -0.042780364 -6.0908222 -0.99934027 -0.0004271862 0.03631704 -41.089416
0.052771969 0.036440241 0.99794145 167.78881 -0.0044270746 0.9993327 -0.036256934 -6.1275477 -0.99859682 -0.0025046107 0.052898076 -41.042712
0.069980448 0.029186273 0.99712126 168.46624 -0.0048038694 0.99957016 -0.028920805 -6.1679105 -0.99753684 -0.0027661487 0.070090573 -40.985292
0.088040694 0.021197495 0.99589127 169.15885 -0.0049263959 0.99977059 -0.020844552 -6.1994347 -0.99610474 -0.003070985 0.088124923 -40.907165
0.1047443 0.015179191 0.9943833 169.79715 -0.0068347808 0.99987088 -0.014543009 -6.2332842 -0.99447574 -0.0052730938 0.10483452 -40.825446
0.12289105 0.012546629 0.99234081 170.47861 -0.0057027437 0.9999125 -0.011936136 -6.257144 -0.99240382 -0.0041922203 0.12295185 -40.731513
0.14074869 0.011782787 0.9899752 171.10113 -0.0067476213 0.99991737 -0.010941783 -6.2795677 -0.9900224 -0.0051399353 0.14081656 -40.625829
0.15814022 0.011265209 0.98735236 171.73992 -0.0078293085 0.99991779 -0.010154586 -6.2993822 -0.98738567 -0.0061244371 0.15821542 -40.509934
0.17454556 0.010896989 0.98458876 172.38606 -0.013210497 0.99987468 -0.0087242406 -6.314636 -0.98456052 -0.011484129 0.17466764 -40.373185
0.18862535 0.0071256017 0.98202323 173.01273 -0.015045914 0.99987728 -0.0043651572 -6.3351483 -0.9819339 -0.013952058 0.18870942 -40.23943
0.20106116 0.0030667456 0.97957385 173.63956 -0.01081801 0.99994107 -0.00091007189 -6.3514995 -0.97951899 -0.010414059 0.20108249 -40.096061
0.21231746 0.0014658551 0.9771996 174.26126 -0.008854972 0.9999607 0.00042393393 -6.372367 -0.97716067 -0.0087430831 0.21232209 -39.959372
0.22172702 0.0047774996 0.97509703 174.84913 -0.011090103 0.99993568 -0.0023774212 -6.3878739 -0.97504575 -0.010286787 0.22176573 -39.808918
0.23068127 0.011778562 0.97295803 175.47478 -0.015636814 0.99984248 -0.0083966482 -6.4109825 -0.97290376 -0.013277014 0.23082911 -39.65219
0.23984729 0.022221359 0.97055624 176.04431 -0.017266452 0.99967751 -0.018621157 -6.4280705 -0.97065711 -0.012291828 0.24015362 -39.498666
0.24826837 0.029001409 0.96825702 176.63201 -0.012483086 0.99956452 -0.026738379 -6.4421429 -0.9686109 -0.0054485412 0.24852228 -39.347215
0.254646 0.027434468 0.96664507 177.24119 -0.01174495 0.99961151 -0.025276087 -6.4603599 -0.96696305 -0.0049167422 0.25486929 -39.178804
0.26059042 0.020051134 0.96524116 177.84633 -0.014264749 0.99975514 -0.016916981 -6.4794083 -0.9653441 -0.0093605194 0.26081264 -39.001272
0.26489827 0.0092307775 0.96423214 178.46014 -0.018026022 0.99982685 -0.0046193408 -6.5028486 -0.9641079 -0.016157614 0.26501879 -38.821074
0.2671559 -4.0441155e-05 0.96365328 179.06164 -0.01761025 0.9998328 0.0049240915 -6.5286847 -0.96349244 -0.018285675 0.26711052 -38.646624
0.2678162 -0.0014122622 0.96346895 179.6675 -0.012860947 0.99990459 0.0050406373 -6.5459035 -0.96338422 -0.013741087 0.26777248 -38.484032
0.26928188 0.0023785964 0.96305843 180.26122 -0.013031225 0.9999144 0.0011740517 -6.5466811 -0.96297328 -0.012865982 0.26928982 -38.308605
0.27060253 0.0018066358 0.96268942 180.87266 -0.0093939128 0.99995558 0.00076396541 -6.5605699 -0.96264537 -0.0092501508 0.27060748 -38.140367
0.27260092 -1.5307952e-05 0.96212716 181.48415 -0.010618751 0.99993905 0.0030245362 -6.5582638 -0.96206864 -0.011041079 0.27258414 -37.962949
0.27518445 -0.0042231287 0.96138213 182.09713 -0.011078036 0.99991003 0.0075633318 -6.5769742 -0.96132766 -0.012731536 0.2751129 -37.776916
0.2785116 -0.0098287538 0.96038253 182.71843 -0.0090902944 0.99987587 0.012869129 -6.5842499 -0.96038989 -0.012314361 0.27838768 -37.593632
0.2824141 -0.01294776 0.95920517 183.33458 -0.0081765617 0.9998401 0.015903653 -6.5920792 -0.95925779 -0.012334415 0.28226307 -37.412258
0.28889525 -0.014192082 0.95725548 183.94536 -0.0073319578 0.99982799 0.017036004 -6.5872621 -0.95733268 -0.011940177 0.2887415 -37.220097
0.29665859 -0.017590309 0.95482155 184.57454 -0.0053973985 0.99978349 0.020095572 -6.5899511 -0.95496839 -0.011115076 0.29649942 -37.01907
0.30603668 -0.0197543 0.95181471 185.18732 -0.0031578722 0.99975813 0.021764684 -6.59199 -0.95201453 -0.0096665001 0.30590027 -36.819541
0.31728258 -0.01818309 0.94815667 185.81081 -0.0038156015 0.9997836 0.020449974 -6.5966264 -0.9483234 -0.010106208 0.31714454 -36.599225
0.32843929 -0.01452166 0.9444134 186.41967 -0.0042959385 0.9998485 0.016868053 -6.5968287 -0.94451535 -0.0095972726 0.32832714 -36.37223
0.3396451 -0.010451292 0.94049556 187.02832 -0.0067761807 0.99988512 0.013558371 -6.5945113 -0.9405293 -0.010978002 0.33953526 -36.141867
0.35187307 -0.0097328416 0.93599709 187.66248 -0.0062312217 0.99989943 0.012739849 -6.5919231 -0.93602703 -0.010315215 0.35177703 -35.895342
0.36329197 -0.013028869 0.9315842 188.27871 -0.0048452862 0.99986227 0.015873313 -6.5962908 -0.93166278 -0.010280439 0.36317881 -35.640216
0.37371273 -0.015359321 0.92741728 188.89528 -0.003746824 0.99982973 0.018068395 -6.5977183 -0.92753697 -0.010227258 0.37359155 -35.382131
0.3856059 -0.014964712 0.92254218 189.52337 -0.0080381342 0.99977603 0.01957733 -6.602704 -0.92262861 -0.014964651 0.38539925 -35.103408
0.39508471 -0.016686123 0.9184931 190.14316 -0.0098416655 0.99970076 0.022394747 -6.5929838 -0.91859201 -0.017887324 0.39480226 -34.818911
0.40224954 -0.015326479 0.91540173 190.78012 -0.01443803 0.99962933 0.02308111 -6.5930918 -0.91541625 -0.022500964 0.40187916 -34.52332
0.4064128 -0.0173756 0.9135243 191.42447 -0.015230353 0.99955142 0.025787618 -6.5852276 -0.91356266 -0.024393715 0.40596585 -34.236628
0.40821815 -0.02303269 0.91259376 192.07534 -0.0090494664 0.99953044 0.029274834 -6.5751286 -0.91283959 -0.020209005 0.40781803 -33.944292
0.40931998 -0.02060799 0.9121581 192.71717 -0.0082170971 0.99962108 0.026271327 -6.5763955 -0.91235394 -0.01824867 0.40899554 -33.646186
0.40792062 -0.020803706 0.91278032 193.38394 -0.005489942 0.99966641 0.025237427 -6.568013 -0.91300093 -0.015305978 0.40767033 -33.359039
0.40676601 -0.019553107 0.91332307 194.05247 -0.0028209213 0.99973926 0.022659521 -6.56817 -0.91352807 -0.011793535 0.40660479 -33.065653
0.40665109 -0.021111644 0.91333954 194.72227 0.0010383569 0.999743 0.022646528 -6.5519117 -0.91358299 -0.0082608622 0.4065685 -32.76521
0.40585071 -0.027100479 0.91353746 195.41076 0.0037477321 0.99960122 0.027988619 -6.554306 -0.91393174 -0.0079355065 0.40579043 -32.463917
0.40509295 -0.030418294 0.91376932 196.0916 0.0048754062 0.99950405 0.031110933 -6.5443802 -0.91426255 -0.0081478222 0.40504034 -32.159901
0.40362929 -0.032772325 0.91433544 196.78088 0.0056529789 0.99942852 0.033326816 -6.535228 -0.91490519 -0.0082829593 0.40358388 -31.854841
0.40166573 -0.032696497 0.91520244 197.46184 0.004336505 0.99941914 0.033802007 -6.5256683 -0.91577612 -0.0096083272 0.40157421 -31.540322
0.40030363 -0.03341407 0.91577313 198.14777 0.0041072277 0.99939039 0.034669681 -6.5090101 -0.9163734 -0.01011711 0.40019684 -31.23483
0.39807926 -0.032277524 0.91678296 198.8356 0.0028153326 0.99941908 0.03396447 -6.5038894 -0.91734674 -0.010939502 0.39793888 -30.936232
0.39779741 -0.029338541 0.91700403 199.51482 0.0038276951 0.99953296 0.030318505 -6.5004643 -0.91746533 -0.0085506105 0.39772392 -30.636478
0.39672844 -0.023356279 0.9176388 200.20543 0.0029640684 0.99970362 0.024163567 -6.5005179 -0.91793128 -0.0068664293 0.39668008 -30.336487
0.39515304 -0.020213325 0.91839285 200.88763 0.0011664372 0.99976811 0.021502473 -6.4859945 -0.9186146 -0.0074255192 0.39508499 -30.042836
0.39418016 -0.022641188 0.91875422 201.5858 1.0590443e-05 0.9996966 0.024631337 -6.4790892 -0.91903323 -0.0096994535 0.3940608 -29.732329
0.39317512 -0.025944093 0.91909747 202.26584 -0.00032601043 0.99959784 0.028355903 -6.4702402 -0.91946359 -0.01144847 0.39300854 -29.436801
0.38974956 -0.025613822 0.92056458 202.95885 -0.0046729807 0.99954526 0.029789834 -6.4737962 -0.92090907 -0.015912355 0.38945263 -29.134353
0.38577428 -0.025677626 0.92223576 203.64292 -0.0072897811 0.99949657 0.030878123 -6.4675797 -0.92256443 -0.018634882 0.38539289 -28.838163
0.37887472 -0.026629372 0.92506473 204.32739 -0.0074851187 0.99946505 0.031836744 -6.4605113 -0.92541774 -0.018986356 0.37847271 -28.560208
0.37038771 -0.026830531 0.92848963 205.02391 -0.0070571572 0.99947261 0.031696924 -6.4478755 -0.92885048 -0.018292648 0.37000302 -28.280917
