1.000000000000000000e+00 4.398956837314658088e-19 2.733407509747682871e-20 -8.673617379884035472e-19 -5.583667658079949532e-19 1.000000000000000000e+00 -6.100159232558060012e-19 0.000000000000000000e+00 4.145284534913582806e-20 -2.210423569125054137e-19 1.000000000000000222e+00 0.000000000000000000e+00
9.998937397729199539e-01 3.274408269542943440e-04 1.457401666006758779e-02 -9.043664082556771011e-02 -3.224979388268895330e-04 9.999998896844402019e-01 -3.415067429798552038e-04 -1.066846835107872205e-02 -1.457412712827237111e-02 3.367703804234356080e-04 9.998937350475364250e-01 1.752865812131165768e-02
9.995342668439405331e-01 1.739986317741295738e-03 3.046673392075925635e-02 -9.638341316196276376e-02 -1.728034256458363480e-03 9.999984193258426579e-01 -4.186248131765708748e-04 -1.753896146126587841e-02 -3.046741469228732638e-02 3.657823162019894396e-04 9.995356936190512576e-01 3.798138926252830894e-02
9.979545606858922779e-01 5.097826612748395173e-03 6.372367675639531437e-02 -1.023591963752919567e-02 -5.177107478883575392e-03 9.999860164843307198e-01 1.079075300524390615e-03 5.394020793337866992e-03 -6.371728583907228238e-02 -1.406772398341992782e-03 9.979669976797178599e-01 4.098699500783841709e-01
9.953986236903679119e-01 4.109708268026738068e-03 9.573238856633010940e-02 1.777070384515479218e-02 -4.404346067801027768e-03 9.999861920190959985e-01 2.866620741248131730e-03 1.248278428895943648e-02 -9.571928737517643171e-02 -3.275068853564641613e-03 9.954029796888493875e-01 5.448933410293171908e-01
9.909008582456331204e-01 1.629711938431112816e-03 1.345839256288164087e-01 1.439672432975002414e-01 -2.295228618293729868e-03 9.999858938850372247e-01 4.789985343245720985e-03 1.014214279955374942e-02 -1.345742232019027651e-01 -5.055301387408010078e-03 9.908906208577382690e-01 7.943045245686756184e-01
9.850392097393744217e-01 -2.421966443312058292e-03 1.723133456331130964e-01 1.487776547022678642e-01 1.436170051806115889e-03 9.999818842478112035e-01 5.845390286932158376e-03 -1.750386970170135503e-02 -1.723243843649098217e-01 -5.510467250263190175e-03 9.850248431280356209e-01 9.036955006681237634e-01
9.763601957087012506e-01 -2.594947671943467239e-03 2.161342961551673825e-01 2.644046919790339900e-01 1.203163771301186697e-03 9.999776884441372582e-01 6.570769123669642844e-03 -5.995469084395299575e-03 -2.161465284015346155e-01 -6.155392324950184797e-03 9.763415334384942801e-01 1.164997336647779047e+00
9.647441215849094087e-01 -2.670560135363580362e-03 2.631760763026714245e-01 3.382581499152796933e-01 1.710875816534375664e-06 9.999485824467569950e-01 1.014063394035607038e-02 2.281258867904617516e-03 -2.631896301535929239e-01 -9.782666562331327961e-03 9.646945210041790730e-01 1.322936066662303123e+00
9.502713949982534158e-01 -6.166637858151156892e-03 3.113619231271262944e-01 5.172186105211723506e-01 1.024211781888531483e-03 9.998604091319243103e-01 1.667672728203645552e-02 2.444403147382236130e-02 -3.114213045616446851e-01 -1.552851619322732912e-02 9.501450612985705702e-01 1.619818123186832715e+00
9.334240856291869948e-01 -1.584999170988533532e-02 3.584246816306756456e-01 6.280644056563766675e-01 7.416052565851258445e-03 9.996626095121159405e-01 2.489315736951497673e-02 -5.971995063649981894e-05 -3.586983150815589716e-01 -2.057777621531638526e-02 9.332267010944815810e-01 1.810740567685675373e+00
9.122903897954831587e-01 -2.155524543470882862e-02 4.089762997330682048e-01 7.975714002836787886e-01 1.019237438385423890e-02 9.994996352600965528e-01 2.994318932973651787e-02 -9.843872239445550232e-03 -4.094171022750233147e-01 -2.314844411395044349e-02 9.120536104142373812e-01 2.038896264102194600e+00
8.875488820642798427e-01 -2.353114053650473547e-02 4.601122301306237450e-01 9.946982195858091735e-01 8.943043029475111066e-03 9.993865790594058662e-01 3.385982197515895187e-02 -7.218599898524122316e-03 -4.606267558340836343e-01 -2.593744345237298729e-02 8.872148803563693065e-01 2.275911893642201367e+00
8.590740379115300307e-01 -2.546467759752959331e-02 5.112175111542800465e-01 1.153530831643999610e+00 6.882864950649343790e-03 9.992461039594224825e-01 3.820798160806607863e-02 2.804534230013131652e-02 -5.118050690644018186e-01 -2.930484371392336196e-02 8.586016546214928491e-01 2.505324492465227593e+00
8.269349103199225004e-01 -3.073356441246038323e-02 5.614571197780106049e-01 1.396620364513630363e+00 7.985004183253404178e-03 9.990463391676777105e-01 4.292612100030697431e-02 2.300272973967906753e-02 -5.622409625245887721e-01 -3.101387029471536216e-02 8.263917017442492519e-01 2.754442768687797916e+00
7.915277679091489160e-01 -3.655713564709591606e-02 6.100388206858664564e-01 1.594933342066993553e+00 1.021061289172913583e-02 9.988610072045850385e-01 4.660935124518315875e-02 2.119943221612205497e-02 -6.110479057912412415e-01 -3.066372517676291612e-02 7.909994933954009877e-01 2.928152489470468467e+00
7.537471884678654810e-01 -4.104285793234085239e-02 6.558815845748813267e-01 1.866891143157674460e+00 1.135264837409798860e-02 9.987121061303677605e-01 4.944943267144902982e-02 3.414284712218641771e-02 -6.570664360914830748e-01 -2.982637745425046477e-02 7.532423863054186208e-01 3.143464321767383218e+00
7.137847822704326273e-01 -4.424875922368845527e-02 6.989658963044772522e-01 2.194560113572607385e+00 1.234959716872267681e-02 9.986422039138042051e-01 5.060865496208091091e-02 4.026726779483200125e-02 -7.002562254325784830e-01 -2.749174005275510646e-02 7.133620614640667768e-01 3.386401655983909187e+00
6.722877439850889481e-01 -4.626929473558084177e-02 7.388425630301751479e-01 2.468912460008602761e+00 1.154092705940120561e-02 9.985786408447268059e-01 5.203369097123268505e-02 5.062376206776329768e-02 -7.401999773637371050e-01 -2.645468407737057437e-02 6.718661711705846695e-01 3.560428458644957495e+00
6.295252032550681109e-01 -4.656658516607586895e-02 7.755833687793195486e-01 2.822211780669151793e+00 7.278857024675232032e-03 9.985120637901394591e-01 5.404328501586503491e-02 8.335280136952315233e-02 -7.769459748616434069e-01 -2.837624900248135462e-02 6.289274603442454037e-01 3.810519604229606561e+00
5.877012818084235146e-01 -4.738646516877600273e-02 8.076891206967523607e-01 3.154160069416136913e+00 4.312293990200996747e-03 9.984526726267300978e-01 5.544064030748584865e-02 1.008223138448901685e-01 -8.090665111641039964e-01 -2.909954187416321711e-02 5.869962587704355972e-01 4.006838826289442324e+00
5.474062484294471842e-01 -4.836513739048399485e-02 8.354682526944965382e-01 3.540430272555830538e+00 2.128798452118708245e-03 9.984058275880977051e-01 5.640276243643227438e-02 1.230368070698690947e-01 -8.368643140730989138e-01 -2.909668047488529058e-02 5.466365469544850475e-01 4.222166584246408227e+00
5.089527689502812979e-01 -5.108517730039571075e-02 8.592772378596585936e-01 3.970363451833718305e+00 1.297215488851687429e-03 9.982818251120172404e-01 5.858084018579503421e-02 1.324020965911927861e-01 -8.607934767734902737e-01 -2.870021245772535340e-02 5.081445663681884994e-01 4.432129695336360697e+00
4.718413885765008198e-01 -5.097604315081206983e-02 8.802085742890317643e-01 4.364174193888204378e+00 -1.671209085646723110e-03 9.982737118416527000e-01 5.870948190064325528e-02 1.574202100400498849e-01 -8.816818729731498161e-01 -2.917257539030064864e-02 4.709416615204606305e-01 4.613550554442886309e+00
4.357931687460838144e-01 -5.031402170430528814e-02 8.986394159455466379e-01 4.810085260344094671e+00 -2.899419300453174361e-03 9.983526261351335362e-01 5.730294250539818418e-02 1.821709767820848258e-01 -9.000421779102629749e-01 -2.757776268574330461e-02 4.349293717697843009e-01 4.796588599179896661e+00
4.022697671822689780e-01 -4.902333160295895692e-02 9.142077080407517986e-01 5.332998793083914890e+00 -1.710087260449059997e-03 9.985233581857179130e-01 5.429713365940110059e-02 1.992432359560103450e-01 -9.155195929317361259e-01 -2.340546954157139703e-02 4.015919233720263160e-01 4.979302602093214070e+00
3.720587488820633060e-01 -4.729466518723773188e-02 9.270034992672776530e-01 5.842927072658509857e+00 2.056964096827062474e-04 9.987052494946321302e-01 5.087024951789053534e-02 2.222262270205739854e-01 -9.282091684918979402e-01 -1.873603931357830168e-02 3.715867526764407569e-01 5.160195635407155201e+00
3.465174440163646952e-01 -4.546724799717923038e-02 9.369409669926584971e-01 6.373037835758798231e+00 1.208667055245156614e-03 9.988454365986884076e-01 4.802429464858191943e-02 2.471587569066460155e-01 -9.380427579855494802e-01 -1.550880532683338725e-02 3.461723211125061206e-01 5.347803968532109486e+00
3.260761547844392982e-01 -4.489213524503592873e-02 9.442769839867767301e-01 6.953881798593818608e+00 2.300789748430614057e-03 9.989065536424210912e-01 4.669479010383290052e-02 2.692578313099243115e-01 -9.453407129470200454e-01 -1.305347394405788515e-02 3.258228940447522315e-01 5.514874650425053204e+00
3.110049315453460306e-01 -4.535638837864485601e-02 9.493254001743856030e-01 7.544575677413871695e+00 3.438579411017833685e-03 9.989077670502932715e-01 4.659880966767501742e-02 3.013975486950597471e-01 -9.504020858470983990e-01 -1.122812795499959944e-02 3.108212019270255588e-01 5.718257848282243039e+00
2.988071124699232528e-01 -4.695221943186000252e-02 9.531577956007429853e-01 8.146727645163133857e+00 4.371728731346085327e-03 9.988458137052966812e-01 4.783229445249911893e-02 3.186640197589406531e-01 -9.543035228353851096e-01 -1.012568157109900585e-02 2.986674944294224754e-01 5.914946405695232556e+00
2.885037816974970193e-01 -4.884295912218160340e-02 9.562321464278208394e-01 8.779947936770698291e+00 3.171569647743164612e-03 9.987413080025857592e-01 5.005737504251574210e-02 3.497218496387411446e-01 -9.574735115682334596e-01 -1.140898425973344357e-02 2.882955518056742883e-01 6.084862230229708402e+00
2.778098279430694650e-01 -5.037467677496706292e-02 9.593143780289782319e-01 9.478053703202768077e+00 1.475451835226584095e-03 9.986453329168137882e-01 5.201271043651818637e-02 3.835305270589511317e-01 -9.606349665163715912e-01 -1.303421909733584565e-02 2.775078121818244647e-01 6.287740867446814264e+00
2.678034109721271760e-01 -5.223349147162097139e-02 9.620566406353671107e-01 1.015899162620650920e+01 9.167050442964884329e-04 9.985427164573255077e-01 5.395927188326188340e-02 4.109933205853340543e-01 -9.634731491636203682e-01 -1.356855400821021206e-02 2.674610268288599713e-01 6.468803009464130227e+00
2.574240032301908787e-01 -5.424838920243511831e-02 9.647745742270821268e-01 1.086025658455632836e+01 4.708505980332584596e-05 9.984235869290049026e-01 5.612787904408897410e-02 4.405596098132381622e-01 -9.662985547235239947e-01 -1.440323597005127229e-02 2.570207496068859232e-01 6.661768982330054101e+00
2.472110437185835452e-01 -5.593374636105354070e-02 9.673459050548530724e-01 1.158371426508857382e+01 -2.998212649461200305e-04 9.983280325576054937e-01 5.780181203518360705e-02 4.695671342996099451e-01 -9.689616228539823517e-01 -1.457927627406658752e-02 2.467809434235429811e-01 6.843672550594193993e+00
2.363361030336249280e-01 -5.698624775541109855e-02 9.699988649530341123e-01 1.237912646685259155e+01 -1.167700659291838602e-03 9.982613671275564204e-01 5.893114060975230412e-02 4.989546577166127372e-01 -9.716706744304063337e-01 -1.506022355231550168e-02 2.358586570813198668e-01 7.032981863083801244e+00
2.269058546231443318e-01 -6.004646207374778749e-02 9.720638556633550698e-01 1.312578926191785733e+01 -2.269313395206142350e-03 9.980622373280646498e-01 6.218215653908063661e-02 5.334128772233296401e-01 -9.739140619621845518e-01 -1.631541202595498952e-02 2.263298993291911754e-01 7.210984597287327880e+00
2.153569045932143267e-01 -6.352401721799026679e-02 9.744670783247515455e-01 1.389032853384927790e+01 -4.227872157911282715e-03 9.978119758171197784e-01 6.598019374515158575e-02 5.824107520203590793e-01 -9.765262646479413444e-01 -1.832921165660256549e-02 2.146171256932473959e-01 7.374102092431705557e+00
2.021070821416873220e-01 -6.737891850186704390e-02 9.770428815769174324e-01 1.468053703027096901e+01 -4.243160367705895407e-03 9.975609566422126706e-01 6.967161058489609871e-02 6.159480149503012703e-01 -9.793542463393889452e-01 -1.822687468638184080e-02 2.013282332843930600e-01 7.530853038108234365e+00
1.901753227214936781e-01 -6.992286893578140983e-02 9.792569237357212630e-01 1.546000114749800858e+01 -5.118879550908713404e-03 9.973762590320008892e-01 7.221076746259222356e-02 6.593205331698072102e-01 -9.817368082382408323e-01 -1.874540337799285306e-02 1.893184238248959705e-01 7.683718710288056641e+00
1.764578602072837954e-01 -7.048711899767128031e-02 9.817811228462428597e-01 1.628073294981567898e+01 -5.806413859364088423e-03 9.973407536775061866e-01 7.264782556087315268e-02 6.970749081595007945e-01 -9.842910779580575920e-01 -1.851990648929749406e-02 1.755793365359195612e-01 7.832787023984224994e+00
1.623809198740235327e-01 -6.981997709907215854e-02 9.842548405291561275e-01 1.706637291732835848e+01 -7.250971848799823115e-03 9.973820680850474796e-01 7.194743650779888977e-02 7.337543461138470446e-01 -9.867015138076538072e-01 -1.881969418649599018e-02 1.614495536187270652e-01 7.963601566609840532e+00
1.448453432204514502e-01 -6.869629469198679228e-02 9.870666790891726716e-01 1.786309308154374165e+01 -8.813058592287930856e-03 9.974577880974325739e-01 7.071273518434301186e-02 7.729344855428726957e-01 -9.894150664393844830e-01 -1.894148599574111205e-02 1.438716898163449609e-01 8.062753931804186536e+00
1.242080284756594405e-01 -6.729667199494282492e-02 9.899714676679305381e-01 1.868949976516843492e+01 -1.107856193755483824e-02 9.975412043112882321e-01 6.920123646592390987e-02 8.149819909933774253e-01 -9.921943601669341861e-01 -1.956280849301511929e-02 1.231570745794216687e-01 8.172734322860273792e+00
9.996250911517666482e-02 -6.593198371693730075e-02 9.928043379024606985e-01 1.950664838064069428e+01 -1.558909044947104187e-02 9.975758788090178797e-01 6.781848015204686164e-02 8.553118482801715938e-01 -9.948690840055548490e-01 -2.225622120575886445e-02 9.869236683469004290e-02 8.272958501685813815e+00
6.898212461613612012e-02 -6.545903681283538056e-02 9.954680124988158907e-01 2.033954064270715634e+01 -1.968940542610858602e-02 9.975612965200991722e-01 6.696108557575614073e-02 8.954207898635528906e-01 -9.974235866093235092e-01 -2.421929039235702630e-02 6.752504676446539900e-02 8.311897300105631103e+00
3.616765813573999400e-02 -6.535557348892276353e-02 9.972063639661757906e-01 2.118278318630193979e+01 -2.252069268928320184e-02 9.975525209435650575e-01 6.619506287756982132e-02 9.366727273454459324e-01 -9.990919558515842791e-01 -2.485189763191694712e-02 3.460728437174259708e-02 8.330572284281100082e+00
1.480073760719503818e-03 -6.456853381942889714e-02 9.979121687610209568e-01 2.202450167091935285e+01 -2.448051708356508913e-02 9.976118628233932029e-01 6.458541192333264180e-02 9.720679933321474397e-01 -9.996992202565285757e-01 -2.452499621890006157e-02 -1.041333469196418588e-04 8.335156611043130326e+00
-3.258959486165784181e-02 -6.348213947138461877e-02 9.974507100500018542e-01 2.287493203104611439e+01 -2.553214020520976762e-02 9.977080206153690067e-01 6.266430736268632784e-02 1.000903790173075292e+00 -9.991426551674231771e-01 -2.342484612525765411e-02 -3.413573646043425308e-02 8.293598212209010612e+00
-6.533181936294110703e-02 -6.160779836816058369e-02 9.959599466177951888e-01 2.370284975049927922e+01 -2.792579752404050070e-02 9.978142407414770654e-01 5.989065716925364574e-02 1.033911793506762544e+00 -9.974727667274627674e-01 -2.390020935707519445e-02 -6.690946802788877434e-02 8.238700707579832638e+00
-9.816505450205226246e-02 -5.832918103863337506e-02 9.934592651245592876e-01 2.454826540852315020e+01 -2.982098440250903829e-02 9.980049353121688283e-01 5.564942049686738557e-02 1.070191787804354755e+00 -9.947232519541777673e-01 -2.416310399899820535e-02 -9.970864385379794859e-02 8.149885249523668662e+00
-1.297378993989575235e-01 -5.413705925864856910e-02 9.900693102483989483e-01 2.537508562914124965e+01 -2.694104318048039931e-02 9.983322119509607795e-01 5.105854279646886151e-02 1.101066882029124505e+00 -9.911822609894688219e-01 -2.004927106064419498e-02 -1.309800343156308222e-01 8.027984159012422793e+00
-1.613378422379252997e-01 -4.867746826408765604e-02 9.856980205292179553e-01 2.620034628852341640e+01 -2.279692052094265883e-02 9.987001638259429548e-01 4.558819150841604551e-02 1.116618753898402483e+00 -9.866359094033645416e-01 -1.511577805188726517e-02 -1.622378272279973443e-01 7.882153792731505071e+00
-1.920796444543744486e-01 -4.259354175759483968e-02 9.804545800069465189e-01 2.706515985224741883e+01 -1.651711888706533862e-02 9.990565011239366244e-01 4.016581076260516969e-02 1.134312219796086874e+00 -9.812403433349728976e-01 -8.479249225606166895e-03 -1.926019414910268568e-01 7.691504233960427150e+00
-2.207149087856005720e-01 -3.693581261085981948e-02 9.746387320530951470e-01 2.786575849038417729e+01 -1.107706097352756033e-02 9.993131635584858730e-01 3.536240745369109012e-02 1.144945419867566150e+00 -9.752754707951764024e-01 -2.991121097339301347e-03 -2.209724553565479976e-01 7.489135495209199078e+00
-2.488088586951058001e-01 -3.032383410896917833e-02 9.680777863060243682e-01 2.867655385334530749e+01 -2.038333394048253040e-03 9.995239521478664901e-01 3.078496821851573959e-02 1.171509276070977768e+00 -9.685504700002656175e-01 5.686308628575945795e-03 -2.487522252131875722e-01 7.264144022933150424e+00
-2.756320632643162183e-01 -1.996973029909537845e-02 9.610557523882349296e-01 2.952042356579907789e+01 4.189755304509903272e-03 9.997497330111649871e-01 2.197537890576858194e-02 1.166466438490658453e+00 -9.612540909017625035e-01 1.008370859556643150e-02 -2.754794147228575851e-01 7.037434219201553098e+00
-3.005710843948083411e-01 -4.983036408864236454e-03 9.537463899900939790e-01 3.029376237303643293e+01 8.520541869646259051e-03 9.999324171977198583e-01 7.909575592405411470e-03 1.157124735471249055e+00 -9.537213633619289199e-01 1.050382688112387435e-02 -3.005083141278751535e-01 6.771812395064901402e+00
-3.246081382970136264e-01 1.178242036987379483e-02 9.457751927419246751e-01 3.106867956474805226e+01 9.070924994889329948e-03 9.999152043350136854e-01 -9.343577705233691369e-03 1.124711724371581845e+00 -9.458051014465750361e-01 5.546055528617306433e-03 -3.246874917152326456e-01 6.456810129402511755e+00
-3.500602619027234352e-01 2.619117033979342229e-02 9.363609453610989286e-01 3.184916230953129812e+01 7.819916903259539753e-03 9.996559115967617037e-01 -2.503811683283941811e-02 1.097146220431167940e+00 -9.366945482181970872e-01 -1.442583974841747793e-03 -3.501446243194656915e-01 6.192828348018674767e+00
-3.747954025506119446e-01 3.712727321081041310e-02 9.263638359045603954e-01 3.260173358509324260e+01 1.133850966184547608e-02 9.993066562883918813e-01 -3.546328907156461041e-02 1.062057769822029041e+00 -9.270382186345145215e-01 -2.787891448929730003e-03 -3.749565097659297019e-01 5.872075598828693010e+00
-3.980847167641038409e-01 4.186399530707570621e-02 9.163929010699313205e-01 3.339357727084342287e+01 1.575253255899091917e-02 9.991228078495784093e-01 -3.880041905839656108e-02 1.011342502687577971e+00 -9.172134048508789883e-01 -1.010343863262652903e-03 -3.983949852159154870e-01 5.517232896211653248e+00
-4.208812615935007551e-01 4.124237266173629013e-02 9.061776953739621998e-01 3.411175280934828180e+01 1.787388896544224101e-02 9.991490189999260307e-01 -3.717205789928338527e-02 9.670686951303245626e-01 -9.069396349394701629e-01 5.518978500903466179e-04 -4.212602625032672576e-01 5.168102230927257956e+00
-4.413912065896310466e-01 3.795263149526036106e-02 8.965117880138572248e-01 3.485820526633190752e+01 2.210409181305646523e-02 9.992618357224537506e-01 -3.141962369867825483e-02 9.368840598999501612e-01 -8.970424879732519230e-01 5.948234268419625229e-03 -4.419042970828909733e-01 4.812966375141133568e+00
-4.594834233502035348e-01 3.675080770823153931e-02 8.874256856796842730e-01 3.558957388547931089e+01 2.940131871673489286e-02 9.992253713550581784e-01 -2.615759256608364905e-02 9.048961052731014920e-01 -8.876995883586821234e-01 1.407250632163650240e-02 -4.602080177897578950e-01 4.391589409012384593e+00
-4.735664101183034713e-01 3.740149707726046768e-02 8.799636181375742883e-01 3.630015915692199968e+01 3.279523074570646346e-02 9.991539064292472849e-01 -2.481822020264864981e-02 8.536467731377253010e-01 -8.801473404207738049e-01 1.710553555808575626e-02 -4.743923205905276608e-01 4.022499365431107421e+00
-4.845754946588758938e-01 4.058572803768166481e-02 8.738074014656062038e-01 3.697839420507852992e+01 3.559993040638845252e-02 9.990104853666970097e-01 -2.665886390454576954e-02 8.037349222326637399e-01 -8.740247408028141152e-01 1.818925162072232427e-02 -4.855408504415573145e-01 3.609798584590734105e+00
-4.946548454705728126e-01 4.326577074227739433e-02 8.680118912216986393e-01 3.769436376831031765e+01 3.688004408617959196e-02 9.989053822844562447e-01 -2.877324332038118729e-02 7.567732975727051725e-01 -8.683066616252398395e-01 1.777949368092298851e-02 -4.957090322700862250e-01 3.223338378197369458e+00
-5.050923147425753212e-01 4.253163023772848356e-02 8.620167054976274335e-01 3.838568627917350540e+01 3.104919158956513311e-02 9.990339341890973612e-01 -3.109897083527780881e-02 6.979418204701306472e-01 -8.625066455001343391e-01 1.105707170522171601e-02 -5.059249362771238712e-01 2.837932538324667853e+00
-5.162931230607543664e-01 4.132003844280351945e-02 8.554145499296330613e-01 3.907457605686598612e+01 2.930470631555923133e-02 9.991028404794138895e-01 -3.057365341436902098e-02 6.878676163362278384e-01 -8.559104259825789374e-01 9.282706166801655764e-03 -5.170407985672949014e-01 2.403010245824079405e+00
-5.251343461556757797e-01 4.275188427599972002e-02 8.499448110097308495e-01 3.976329598586046643e+01 3.163184226438691543e-02 9.990277772365525610e-01 -3.070711335881180087e-02 6.457168424958332764e-01 -8.504312770059201387e-01 1.075996131545964296e-02 -5.259761206486741614e-01 1.996043677366447611e+00
-5.321667440113515557e-01 4.570673920577977833e-02 8.454048956402613335e-01 4.044444271569450677e+01 3.539488912417437100e-02 9.988697759384047581e-01 -3.172337436725239379e-02 5.964401787747071193e-01 -8.458993853400786911e-01 1.304088873175813026e-02 -5.331830625111578792e-01 1.547452460980230482e+00
-5.361333102959923158e-01 4.895128807970998419e-02 8.427127814836472552e-01 4.112253529590675072e+01 3.615629335551461682e-02 9.987326548555600647e-01 -3.501151973376931403e-02 5.668650243793956767e-01 -8.433586471309388877e-01 1.169852958346050652e-02 -5.372237426691397477e-01 1.095474888040543382e+00
-5.353842780922164479e-01 5.031365545048784027e-02 8.431086513168773999e-01 4.184146519522425223e+01 3.530208984321214771e-02 9.986848172658508993e-01 -3.718061529245635100e-02 5.138736218205449680e-01 -8.438705166606186303e-01 9.857581476568519699e-03 -5.364563283080433509e-01 6.587994764326761121e-01
-5.323471508782405825e-01 5.120487914432186177e-02 8.449760696785509895e-01 4.257662943453373572e+01 3.782769055587727192e-02 9.986107457283185385e-01 -3.668302438807197197e-02 4.771853339013940043e-01 -8.456805475459717725e-01 1.243539079432809565e-02 -5.335445488403441905e-01 1.849155699496298766e-01
-5.265842481703758571e-01 5.019340101968235851e-02 8.486398759160596050e-01 4.333023987260125409e+01 3.624364513701502921e-02 9.986733471064056511e-01 -3.657791551868273122e-02 4.310106151433032440e-01 -8.493500100651804052e-01 1.149644938563859978e-02 -5.277048466658917913e-01 -2.593082985548550434e-01
-5.195096607843971981e-01 4.883776718337798362e-02 8.530677415329874780e-01 4.407519908673118181e+01 3.402425021011944856e-02 9.987558111951454487e-01 -3.645792015176678447e-02 3.858119813938100107e-01 -8.537869024052606726e-01 1.008474956134816115e-02 -5.205249622941445775e-01 -7.097846257201821940e-01
-5.122463117342727079e-01 4.810020091728359898e-02 8.574905675610411393e-01 4.485647161413819362e+01 3.203323843703170803e-02 9.988057427263475896e-01 -3.689118966395340399e-02 3.394041747855025548e-01 -8.582409917141361477e-01 8.570824965492978426e-03 -5.131753642649128366e-01 -1.185023764517320943e+00
-5.058468970958071020e-01 4.661534314329365131e-02 8.613628231129469848e-01 4.567311248114434363e+01 2.914705698183089194e-02 9.988922857000370747e-01 -3.694117736334203567e-02 2.890519584856606761e-01 -8.621307197863887772e-01 6.419612325337865043e-03 -5.066452645318336723e-01 -1.635974949972404557e+00
-5.011286446376939097e-01 4.445919871222756697e-02 8.642299738206022930e-01 4.648273173221554089e+01 2.515736889807125565e-02 9.990057580119718894e-01 -3.680492088938496636e-02 2.438912752525775329e-01 -8.650070523630870589e-01 3.297753100206660733e-03 -5.017488791791040459e-01 -2.101632436354606615e+00
-5.001248502854285238e-01 4.169704359833387164e-02 8.649488292018330249e-01 4.732989896672715702e+01 2.040916672413884900e-02 9.991301574044915146e-01 -3.636474169579718280e-02 2.065268950953046967e-01 -8.657127770745809414e-01 -5.340252086620504582e-04 -5.005408235212273071e-01 -2.544361291787956780e+00
-5.006080139501165593e-01 3.899078115281817691e-02 8.647955375771828601e-01 4.816129468578619566e+01 1.752029517435976444e-02 9.992368658146073557e-01 -3.491024519223209083e-02 1.529681158753130599e-01 -8.654967752515820845e-01 -2.324874518494540482e-03 -5.009091140744125203e-01 -3.040934067785399098e+00
-5.013953740913603685e-01 3.788128807219324351e-02 8.643886124450115283e-01 4.900282302486381525e+01 1.602588217580930979e-02 9.992763119390095650e-01 -3.449671674306153263e-02 1.132262454861163725e-01 -8.650698597645253285e-01 -3.443903239096625206e-03 -5.016396025222074062e-01 -3.528828399310250052e+00
-5.018743406096595194e-01 3.731392339148593973e-02 8.641352925536177620e-01 4.988448874422416424e+01 1.620029695300323480e-02 9.992992836569014603e-01 -3.374154752640966259e-02 6.454677929265340008e-02 -8.647888233204880093e-01 -2.934767664096665698e-03 -5.021271669136350146e-01 -4.040031686412973500e+00
-5.017369277472555344e-01 3.662522865768771257e-02 8.642445455050320469e-01 5.076125056569645722e+01 1.603733237803885506e-02 9.993253781820820025e-01 -3.303925634815247508e-02 2.125467972405412770e-02 -8.648715925681980110e-01 -2.716837035523011340e-03 -5.019858172516297179e-01 -4.531101735651166251e+00
-5.019900016953262600e-01 3.594799227022039273e-02 8.641260131066440531e-01 5.163393624291774131e+01 1.621149757176081063e-02 9.993513855172693194e-01 -3.215580165192037654e-02 -2.814374816702368276e-02 -8.647214799379422390e-01 -2.133113249374971043e-03 -5.022471757165014594e-01 -5.039233366613316889e+00
-5.026354572581998026e-01 3.540520821152175895e-02 8.637731500956912223e-01 5.251566229412123477e+01 1.577545347634162765e-02 9.993702784039212306e-01 -3.178335539285427613e-02 -8.510376012076988073e-02 -8.643545247668670273e-01 -2.349027316300658468e-03 -5.028774712872655650e-01 -5.543158149398587753e+00
-5.025445450352760135e-01 3.390621749839048404e-02 8.638861818286587280e-01 5.341040201366112683e+01 1.405689188376097604e-02 9.994190308483456020e-01 -3.104842252654720428e-02 -1.319576311432011928e-01 -8.644370401367441614e-01 -3.459659812576381093e-03 -5.027291994072785597e-01 -6.060345805822645815e+00
-5.027719749263995785e-01 3.334112803977339751e-02 8.637758371805189794e-01 5.433165373370753315e+01 1.369343744728325138e-02 9.994376884828208851e-01 -3.060713290117229868e-02 -1.871927492481542388e-01 -8.643106173768489997e-01 -3.560347359022092168e-03 -5.029458163218328837e-01 -6.552432087153168716e+00
-5.023681084491468107e-01 3.230208019085117205e-02 8.640502564710395017e-01 5.519135610025854533e+01 1.245313168417744309e-02 9.994685836475326601e-01 -3.012423921940511271e-02 -2.308184453572451611e-01 -8.645641765909418686e-01 -4.373324554463068822e-03 -5.025034050960979215e-01 -7.070791076715694956e+00
-5.009257221249555636e-01 3.103651481859347541e-02 8.649336056108041237e-01 5.611173888105371077e+01 1.187457142322800516e-02 9.995092144547652602e-01 -2.898835543120396527e-02 -2.904343108484337410e-01 -8.654088212018716808e-01 -4.250296103685149637e-03 -5.010484215507978734e-01 -7.582608191343190640e+00
-4.988748943593636631e-01 2.879998539122529538e-02 8.661953515436856543e-01 5.700600265516798970e+01 1.251293657967807171e-02 9.995828903437721236e-01 -2.602828705583963217e-02 -3.401735834738413566e-01 -8.665836823869688121e-01 -2.146210536338572037e-03 -4.990271824335497652e-01 -8.096269074219211603e+00
-4.962821932020238247e-01 2.760094505449088575e-02 8.677223973800273216e-01 5.790505991723266277e+01 1.318408421370286313e-02 9.996188427049217395e-01 -2.425591080518700940e-02 -3.876523287634572879e-01 -8.680611597481289188e-01 -5.976505156412509692e-04 -4.964569260289065644e-01 -8.611182218293151891e+00
-4.935112325338452122e-01 2.679168082265574735e-02 8.693266679030992039e-01 5.879634834783836794e+01 1.243064435762417271e-02 9.996406196602328764e-01 -2.375101226932687867e-02 -4.494347021754946936e-01 -8.696505935856327918e-01 -9.150997651349154424e-04 -4.936669133788867403e-01 -9.136055065512707074e+00
-4.915910859923777743e-01 2.733775177307008752e-02 8.703969426624454941e-01 5.969302348370814570e+01 1.324767839043018876e-02 9.996262284296422163e-01 -2.391448157585994092e-02 -4.929463080959131660e-01 -8.707253962665110203e-01 -2.254062591420652180e-04 -4.917695061886145358e-01 -9.631480897402351360e+00
-4.907406389070675945e-01 2.777971682838974513e-02 8.708627325474848080e-01 6.056157362767924468e+01 1.332325229552888332e-02 9.996140040235592661e-01 -2.437896397027814951e-02 -5.376687761634110219e-01 -8.712038388355621832e-01 -3.610235140935989383e-04 -4.909213323966889475e-01 -1.011375498005357265e+01
-4.913097858907977677e-01 2.869419899084331774e-02 8.705121041804424475e-01 6.146121651375370476e+01 1.254739172254861444e-02 9.995866409250478979e-01 -2.586716494024356161e-02 -5.816026054832501568e-01 -8.708945227570477066e-01 -1.786133971923290842e-03 -4.914667371123455641e-01 -1.061307636667234888e+01
-4.940877170952391317e-01 3.063186029669020746e-02 8.688722594781110864e-01 6.234215104344664127e+01 1.154094092069519496e-02 9.995221589605270962e-01 -2.867508338779739194e-02 -6.321200241620489324e-01 -8.693354628503082715e-01 -4.140402172386076392e-03 -4.942051434199439819e-01 -1.109923657583292034e+01
-4.987663818091707668e-01 3.139607440949267886e-02 8.661676334906442953e-01 6.322657437478775933e+01 1.044753387373723204e-02 9.994888942956112743e-01 -3.021256683532428169e-02 -6.805222209304622183e-01 -8.666735012684320116e-01 -6.019696072243120068e-03 -4.988394722364195566e-01 -1.158237658243347745e+01
-5.040386311201993097e-01 2.981849424083925226e-02 8.631662077742126016e-01 6.410543350297341192e+01 1.018216771247630256e-02 9.995395393485088098e-01 -2.858378420974153067e-02 -7.298633767797719774e-01 -8.636210940519791768e-01 -5.618427489331775243e-03 -5.041101592879042581e-01 -1.208316990668485325e+01
-5.092420468128847633e-01 2.780199996556216233e-02 8.601741527994187786e-01 6.495505382681723461e+01 1.322821986224439160e-02 9.996128593795932105e-01 -2.447744958875040441e-02 -7.882793657833148115e-01 -8.605216813944496224e-01 -1.086372790834957795e-03 -5.094126707097399454e-01 -1.259928673183478054e+01
-5.148932137887454186e-01 2.571708110896233843e-02 8.568684827996891906e-01 6.582285674700784739e+01 1.046854376017295439e-02 9.996640135729667476e-01 -2.371222342433419381e-02 -8.345358988226432295e-01 -8.571904106309389260e-01 -3.239096811492928746e-03 -5.149894382521881253e-01 -1.310600864433165746e+01
-5.195635304625343398e-01 2.762177349885661104e-02 8.539852236466332069e-01 6.664473025413236940e+01 1.140881941383310900e-02 9.996124951740421594e-01 -2.539090999689869177e-02 -8.808269806016115755e-01 -8.543556570048189691e-01 -3.449226741744737795e-03 -5.196773301146405677e-01 -1.362331325422452366e+01
-5.242639606240629968e-01 2.994609255479969978e-02 8.510290934985687006e-01 6.747324226805440617e+01 1.177329901533034906e-02 9.995408493012486462e-01 -2.791916879189997036e-02 -9.259614038374757161e-01 -8.514744276460985972e-01 -4.617593134984121668e-03 -5.243758099600588363e-01 -1.415094464652303863e+01
-5.296681166466625790e-01 3.037200543353889282e-02 8.476610256694659951e-01 6.833256772812914903e+01 1.068048827319117468e-02 9.995182977890442189e-01 -2.913931252102371777e-02 -9.733151469139992296e-01 -8.481377395159297450e-01 -6.380730273429354067e-03 -5.297373633847604069e-01 -1.466379133340044483e+01
-5.335861578314129439e-01 3.092145311110904363e-02 8.451802546934082949e-01 6.916245026540080687e+01 9.856716506625376809e-03 9.994909083267498051e-01 -3.034418052831783924e-02 -1.020568466075522762e+00 -8.456882812534811666e-01 -7.860531683328706581e-03 -5.336192987483910910e-01 -1.515248582397452104e+01
-5.370043334526064527e-01 2.966145048321744415e-02 8.430578457514913415e-01 6.997268226593730844e+01 9.310218674974533176e-03 9.995291697087763660e-01 -2.923625678679234868e-02 -1.085904110512199372e+00 -8.435281129608418471e-01 -7.850942839695729258e-03 -5.370276513225941128e-01 -1.567169333207998427e+01
-5.392798997347368894e-01 2.343693386671601847e-02 8.418003842838651662e-01 7.080347294073864362e+01 1.121157293296668953e-02 9.997238737773218586e-01 -2.065131502868222668e-02 -1.128573411775645630e+00 -8.420519592054759306e-01 -1.698931785699036526e-03 -5.393937564907332893e-01 -1.622264426354523792e+01
-5.410934847414821114e-01 1.570662693668845727e-02 8.408157525709749613e-01 7.163635204485657937e+01 1.223612078023912468e-02 9.998667733347963438e-01 -1.080337488500424450e-02 -1.156287621138367250e+00 -8.408734326337420351e-01 4.442688308841647761e-03 -5.412135860275899546e-01 -1.674596959462265389e+01
-5.434651951019185967e-01 1.359529666436319964e-02 8.393215931887956227e-01 7.243892088092881920e+01 1.346007975305025042e-02 9.998814266709108445e-01 -7.480563419351974989e-03 -1.175952287831226073e+00 -8.393237870503932330e-01 7.231910720493659774e-03 -5.435837495820625698e-01 -1.726332342982667711e+01
-5.439842883339555124e-01 1.773002415905660170e-02 8.389080566276446715e-01 7.326003128642751960e+01 1.218716563435214180e-02 9.998382262802797404e-01 -1.322853892581194943e-02 -1.231965140710788775e+00 -8.390069001945039684e-01 3.027795058959200595e-03 -5.441123658931416029e-01 -1.777337315336802348e+01
-5.455322313111816701e-01 2.257858271800150182e-02 8.377856404969417081e-01 7.404854597487499746e+01 1.238130694824735555e-02 9.997450686923912144e-01 -1.888122989125735202e-02 -1.278696567779044058e+00 -8.379983886277626581e-01 7.256262210723828337e-05 -5.456727116078382567e-01 -1.829314243140613883e+01
-5.461948755517729293e-01 2.818043970916126253e-02 8.371839749888253523e-01 7.484330569259850563e+01 1.919573838969958549e-02 9.995925754729692025e-01 -2.112360419649309332e-02 -1.301007797807826938e+00 -8.374381726608433052e-01 4.532761161996655408e-03 -5.465132878898271152e-01 -1.881517527736952999e+01
-5.457822686496276443e-01 2.917815703824114607e-02 8.374188543451028810e-01 7.564702615185434809e+01 2.274117185118573400e-02 9.995412028959468342e-01 -2.000556867944094236e-02 -1.338634467579660425e+00 -8.376183891331216991e-01 8.125202410409164758e-03 -5.461954119879161018e-01 -1.934810134171101836e+01
-5.458937180440073256e-01 2.601047819379283602e-02 8.374505900977534667e-01 7.640126263969871445e+01 2.219388618347171299e-02 9.996161926485800375e-01 -1.658007159889608728e-02 -1.375465019867202043e+00 -8.375604405046283008e-01 9.535327157314310575e-03 -5.462614747933890458e-01 -1.986216419035719127e+01
-5.447788169301397421e-01 2.100488040140229690e-02 8.383166602350118346e-01 7.723668940172825614e+01 1.999774581265003140e-02 9.997273622515845393e-01 -1.205368387744076321e-02 -1.410981609250306468e+00 -8.383413041798762899e-01 1.019785285665868527e-02 -5.450503410988001285e-01 -2.039520641086261676e+01
-5.440664027615821352e-01 1.537495314670586123e-02 8.389012739209824598e-01 7.802728218773300739e+01 1.875266324076696120e-02 9.998051650412282942e-01 -6.161943460321704820e-03 -1.432080861456347609e+00 -8.388325807517806876e-01 1.237912771116332633e-02 -5.442487221050988921e-01 -2.089235871768022434e+01
-5.437006549895077034e-01 8.594371944747649858e-03 8.392352004685283973e-01 7.887722677159094076e+01 9.825999532765720620e-03 9.999442180180344586e-01 -3.874347520572728361e-03 -1.458750637665439331e+00 -8.392216983850807610e-01 6.139840392382208030e-03 -5.437547757636657098e-01 -2.142843053075913318e+01
-5.418196395620253902e-01 3.447146860623244435e-03 8.404877051421104639e-01 7.966338263187728330e+01 1.284855863303191199e-03 9.999938181020985306e-01 -3.273056861385072094e-03 -1.491348627886687428e+00 -8.404938065929143942e-01 -6.935000018358596953e-04 -5.418207203557545704e-01 -2.188730504933457155e+01
-5.401389795847405528e-01 4.160250874668719283e-03 8.415655423957026926e-01 8.046904119482378803e+01 4.606678619413231111e-03 9.999874156555487170e-01 -1.986714536884928977e-03 -1.513992693435477932e+00 -8.415632316496400867e-01 2.803720991844186206e-03 -5.401513484108320107e-01 -2.239341288926836171e+01
-5.369840670747276778e-01 7.262743074397017516e-03 8.435611129723163959e-01 8.127433550288151309e+01 1.008789460628672918e-02 9.999467231171564885e-01 -2.187531078446952864e-03 -1.532509839900217052e+00 -8.435320727533592855e-01 7.335087270761026998e-03 -5.370287252097720732e-01 -2.291394950018882781e+01
-5.320575792744586252e-01 1.007797642951659828e-02 8.466481876735162393e-01 8.203643353891300194e+01 1.039527253036860895e-02 9.999315489812363733e-01 -5.369883000037895676e-03 -1.569533157112110500e+00 -8.466443659608658967e-01 5.944052690313669091e-03 -5.321259238927853463e-01 -2.338617558256006745e+01
-5.240535507491078659e-01 1.207596906589211705e-02 8.515996910185357205e-01 8.283673298852642120e+01 1.570823287420535994e-02 9.998664378015007514e-01 -4.511978691325627643e-03 -1.579430313764217608e+00 -8.515404507596330275e-01 1.101260884898631540e-02 -5.241732503364940898e-01 -2.386922773264630138e+01
-5.157216371875574801e-01 1.443988991719246176e-02 8.566345015225443893e-01 8.362245376555084420e+01 2.283847770297117372e-02 9.997343537416315540e-01 -3.102554989818298928e-03 -1.616042645241721143e+00 -8.564517551686808838e-01 1.796417433065570016e-02 -5.159144239732394999e-01 -2.437881895259662102e+01
-5.059510396427225887e-01 1.478008475162046094e-02 8.624355518512987206e-01 8.440959155338975961e+01 2.231642324316758519e-02 9.997427899289803577e-01 -4.041188189685693613e-03 -1.628926985697409124e+00 -8.622734687895952099e-01 1.720183453307054869e-02 -5.061507437800037978e-01 -2.482606956055499836e+01
-4.950424850988403014e-01 1.192000185897090954e-02 8.687869922123195865e-01 8.524352130754212453e+01 1.852624679927596801e-02 9.998233761319543778e-01 -3.161437748213731438e-03 -1.656311210593879313e+00 -8.686712430896373904e-01 1.453031732055884602e-02 -4.951758828983736649e-01 -2.528428675058014008e+01
-4.835232625872089018e-01 8.703204622819052383e-03 8.752882353328482745e-01 8.605668907110607790e+01 1.951464609551890189e-02 9.998092192374683496e-01 8.388577710652677689e-04 -1.678400769592683472e+00 -8.751139615917471470e-01 1.748654851076797412e-02 -4.836008568393717622e-01 -2.575123239047048784e+01
-4.723200792223670175e-01 7.281921798334956529e-03 8.813970174370906463e-01 8.686979829268994990e+01 1.927124045149765028e-02 9.998121562264531414e-01 2.066765641278639921e-03 -1.696729862357082785e+00 -8.812164177423793543e-01 1.796178989788074776e-02 -4.723716897415733973e-01 -2.617260016094079234e+01
-4.602021172605155752e-01 6.476228583742429067e-03 8.877905470973220803e-01 8.771378029721363134e+01 1.868811043389963927e-02 9.998224962549693284e-01 2.393841820279313075e-03 -1.719170335621342138e+00 -8.876174732670377709e-01 1.769277999334179646e-02 -4.602414593844045831e-01 -2.657392582767893785e+01
-4.479195904009782292e-01 8.505060533278928012e-03 8.940333830921060043e-01 8.853852005245536816e+01 2.270023503441759988e-02 9.997405817731422895e-01 1.862376736319091858e-03 -1.730961951417009370e+00 -8.937856304032691934e-01 2.112896411721279510e-02 -4.479964600254863205e-01 -2.699134750593867338e+01
