1.000000000000000000e+00 -3.306050084167601550e-19 -2.270457535318767223e-19 -8.673617379884035472e-19 7.546676715296109287e-19 1.000000000000000000e+00 6.237773588823049983e-19 1.387778780781445676e-17 -3.447385680526250622e-20 4.770700176052009879e-20 1.000000000000000222e+00 5.551115123125782702e-17
-1.730642730804348439e-01 -2.200714407131424549e-02 -9.846469032849081149e-01 -2.098661003747977372e+00 -9.477625036124719474e-03 9.997412802994279923e-01 -2.067278941237380915e-02 1.210458614005659184e-02 9.848472567888252316e-01 5.757572542272142851e-03 -1.732281424013737969e-01 8.855578496110878106e+00
-6.428121271255448077e-01 -4.412541250971371842e-02 -7.649640511816147015e-01 -1.011807618739010195e+01 -2.366218902716241829e-02 9.990074917206890337e-01 -3.772841358724463717e-02 -2.058031510394167651e-01 7.658696202650230322e-01 -6.147775672489960708e-03 -6.432184916741543468e-01 5.936443064156494032e+00
-8.974839976997602831e-01 -5.132298352409387504e-02 -4.374482779113451070e-01 -1.511039788492593594e+01 -3.941062387408949402e-02 9.985639292587131788e-01 -3.628327165440457802e-02 -4.238907124407497173e-01 4.386828791025260688e-01 -1.534299890993227715e-02 -8.982176688331229286e-01 1.074222699369075662e-01
-9.918737275483395788e-01 -5.577628515771324708e-02 1.122388768313305057e-01 -1.672319038203629304e+01 -5.972013390442412750e-02 9.977012181207115527e-01 -3.203675493426692139e-02 -7.722062438019318131e-01 -1.101942763945782944e-01 -3.846328800173828139e-02 -9.929245154899745129e-01 -6.414871832377548877e+00
-9.888909247462672747e-01 -6.133286017856766359e-02 1.411245468779273315e-01 -1.541442864055226458e+01 -6.646305422110278249e-02 9.972702016439362049e-01 -3.216239999564752400e-02 -8.526144881843963352e-01 -1.387677087082416494e-01 -4.117236322844686908e-02 -9.902683459780218245e-01 -1.334422491030875690e+01
-9.360372149421680721e-01 -7.094551169410925895e-02 3.462052152477573252e-01 -1.325321656179974639e+01 -8.940944008621995454e-02 9.952840064014867316e-01 -3.764739526946166842e-02 -1.337215040254785547e+00 -3.419019814814631131e-01 -6.618942964693534659e-02 -9.379668365490406723e-01 -1.964950316705662559e+01
-7.524666426863132473e-01 -3.473154756664680737e-02 6.573139195909314392e-01 -1.020220110570080507e+01 -8.543526925202653277e-02 9.953198793957878099e-01 -4.518915966937476353e-02 -1.572857354097645377e+00 -6.526668484837379047e-01 -9.015293700776205732e-02 -7.519126658781759565e-01 -2.583019970295319467e+01
-5.802331836977049351e-01 -3.216063497192186288e-02 8.143031895169043910e-01 -5.586633071591903033e+00 -9.921280666790717462e-02 9.945724125207620059e-01 -3.138717390109291294e-02 -1.840208881954388476e+00 -8.088758376897408064e-01 -9.895737178582407478e-02 -5.802759372733743426e-01 -3.007136239384445986e+01
-2.816904491540847544e-01 -3.488438224948885971e-04 9.595190996680464934e-01 -5.305158946388868202e-01 -9.295316266290898355e-02 9.953046332697073062e-01 -2.694277781024593393e-02 -2.136023069380106776e+00 -9.550048983660108792e-01 -9.679261159032132023e-02 -2.803990726215580542e-01 -3.259395266018943005e+01
-2.916507722672391223e-01 -4.530059034634332203e-03 9.565847424881217531e-01 5.004671596963309099e+00 -9.359190313933039851e-02 9.953276515335731656e-01 -2.376903814955018401e-02 -2.224009806879962969e+00 -9.520075461887439472e-01 -9.647927603949139896e-02 -2.907136081252816306e-01 -3.357888537352463487e+01
2.148973919960064547e-04 -2.752667685611022257e-03 9.999963114950511933e-01 1.052705237232295232e+01 -9.261732587038844222e-02 9.956987666335452847e-01 2.756789091260254069e-03 -2.507966830260738522e+00 -9.957028433137398160e-01 -9.259541468225095107e-02 -4.182205983229865510e-05 -3.475540613334373319e+01
-4.847762036043808814e-02 -2.540540074782300563e-03 9.988073486818795921e-01 1.646680531547161053e+01 -9.502217431924354918e-02 9.954712324538594892e-01 -2.121868278680235850e-03 -2.459635306636202667e+00 -9.942788520833732990e-01 -9.500557401592814311e-02 -4.849782247612127034e-02 -3.433473152966694641e+01
2.647466203227628601e-01 -1.628997358687800899e-03 9.643854658691589643e-01 2.221264933618086346e+01 -9.261797543294655877e-02 9.953307123508290388e-01 2.709346035826246113e-02 -2.632238157623262076e+00 -9.599262065760461038e-01 -9.651346521583184512e-02 2.633619256634291972e-01 -3.367179985342792747e+01
3.757170184690620807e-01 -1.813543604968546191e-02 9.265116743199890426e-01 2.770371070184853934e+01 -8.275042914425233265e-02 9.951583932672359856e-01 5.303725339118910143e-02 -2.347883623468617120e+00 -9.229879491498160782e-01 -9.659563069511196975e-02 3.723969822055812617e-01 -3.169188077467667242e+01
1.044096083033775324e-01 -6.210069054746591294e-03 9.945068793026335952e-01 3.280835861649907770e+01 -1.009276207023437205e-01 9.947524670470597741e-01 1.682444422150812871e-02 -2.417472790646320036e+00 -9.893928838388486025e-01 -1.021304223341903961e-01 1.032340790532494113e-01 -2.867692804794679517e+01
5.142882567767319557e-01 -2.233746222142897475e-02 8.573814415123386379e-01 3.808127547853428752e+01 -7.437464379989591756e-02 9.947322652134260590e-01 7.052480345142178586e-02 -2.159902646678409699e+00 -8.544395336288320708e-01 -1.000499070147796155e-01 5.099187346779329166e-01 -2.767984806925579022e+01
2.756146019500649302e-01 -1.206980329357216705e-02 9.612052035369903491e-01 4.168674696649062383e+01 -9.106099135301960745e-02 9.950977716532048989e-01 3.861874345543186982e-02 -2.111841465264336914e+00 -9.569600748373897625e-01 -9.815273434222560045e-02 2.731629332414415301e-01 -2.446397671845704025e+01
1.029465342984558635e-01 -3.069790831295239261e-02 9.942456849167096156e-01 4.644263515826835942e+01 -7.898199848467282735e-02 9.961143988545553274e-01 3.890848301569851952e-02 -1.782688540021186929e+00 -9.915762412438852147e-01 -8.254859210757133081e-02 1.001230971414072690e-01 -2.268033177237468934e+01
6.452530790017931006e-02 -2.557456938482969774e-02 9.975934855093613329e-01 5.139253386777522081e+01 -8.705660281677565782e-02 9.957153818459648642e-01 3.114939420329588399e-02 -1.912271687063014758e+00 -9.941155621704741430e-01 -8.886807156368728422e-02 6.202302119970058009e-02 -2.119452765981143472e+01
-3.978959958371194316e-01 -5.195250004024205143e-02 9.158247204002391006e-01 5.582059359455253400e+01 -7.195186693704133662e-02 9.970869064328506948e-01 2.527490439427759056e-02 -1.431566114106870069e+00 -9.144701497148541858e-01 -5.583831936625099912e-02 -4.004748661697669077e-01 -2.069048198410111539e+01
-4.065191850871135992e-01 -2.721878931840691074e-01 8.724095541177555591e-01 6.034272216653702259e+01 -7.885831482685609628e-02 9.614961706820261966e-01 2.633130604200164537e-01 -1.475320024916909833e+00 -9.104712507550241085e-01 3.814154988695035026e-02 -4.123382724734983018e-01 -2.186860086725668495e+01
-6.260505260418161022e-01 -4.398593875835131173e-01 6.437574134984810348e-01 6.505605723199597890e+01 -5.354130171584982334e-02 8.479694992241746387e-01 5.271620667153639195e-01 -3.402978686056731816e-01 -7.778484574576483013e-01 2.958699311569467083e-01 -5.544063775288247120e-01 -2.316141304303942405e+01
-8.299258093259390678e-01 9.857605475181263621e-02 5.506953191552914628e-01 6.865361218110110997e+01 2.104939439766509990e-01 9.669580451700585666e-01 1.439167767568813316e-01 2.274987443267987519e+00 -5.183306113812091720e-01 2.351733274097626836e-01 -8.232706439328035808e-01 -2.527268814629447746e+01
-8.908214340960775024e-01 5.629370943344867012e-02 4.502945788459437049e-01 7.230364776421430406e+01 1.297412132855070011e-01 9.824488038154212122e-01 1.339520417862094803e-01 2.819770624159402050e+00 -4.348495801506999658e-01 1.778599646917247701e-01 -8.824852212246233618e-01 -2.870831543929668328e+01
-6.720792713969083731e-01 6.716217040069714928e-02 7.374794552108399071e-01 7.527507923167799220e+01 2.098260716944382598e-01 9.723142812290820336e-01 1.027391951465231323e-01 3.091160379877746944e+00 -7.101653985400903091e-01 2.238570392449670821e-01 -6.675588256547750898e-01 -3.266938945769421565e+01
-7.020502332065909901e-01 5.238862983392601758e-02 7.106951305388553575e-01 7.953448010000937529e+01 2.010785486848881420e-01 9.713340449270658761e-01 1.269378684111570621e-01 3.229403520408447026e+00 -6.836768833846560423e-01 2.318454885789257292e-01 -6.924717232309424153e-01 -3.535212009962318547e+01
-7.186159774854179449e-01 6.108325317205424293e-02 6.927520457402048804e-01 8.437070988033678987e+01 1.933218995459830281e-01 9.744027092416656100e-01 1.146825898360856050e-01 3.477871407427563177e+00 -6.680177217744003304e-01 2.163729221640416089e-01 -7.120265512829200283e-01 -3.778785742529615277e+01
-4.746100544718389047e-01 5.312098148636124062e-02 8.786862500182970326e-01 8.919620215503817917e+01 2.216409918967356674e-01 9.732396096661185547e-01 6.086285892725269014e-02 3.750247936810134686e+00 -8.519418211146786435e-01 2.235117670408700019e-01 -4.736902863668413510e-01 -4.024017430448580512e+01
-3.464429291030750591e-01 3.995278977865807102e-02 9.373732531212142227e-01 9.431971180062569715e+01 2.288660392542847533e-01 9.725111862570485766e-01 4.305953604927835465e-02 3.713846911299987230e+00 -9.098870734091932810e-01 2.294345065420113072e-01 -3.460695672640656806e-01 -4.119081508048250839e+01
-1.812391278929771365e-01 3.359274623531859072e-02 9.829263302623244547e-01 9.922157641755079283e+01 2.278746256550167326e-01 9.736633222101986895e-01 8.656394872009384386e-03 3.470746374632398101e+00 -9.567488403384587503e-01 2.255225887402425300e-01 -1.841303033641574771e-01 -4.145535411552351945e+01
-1.936229920446130570e-01 2.296360906327556822e-02 9.806915287100361756e-01 1.036621909004465749e+02 2.243563545342425469e-01 9.742775449975323854e-01 2.150790567067899575e-02 3.188366247925527031e+00 -9.549699223371979073e-01 2.241137349142831858e-01 -1.938002739116289064e-01 -4.072680397967635457e+01
-6.756560528163911561e-02 1.157518855010658369e-02 9.975991779626366407e-01 1.074202538466640675e+02 2.250015335763557722e-01 9.743428504190827510e-01 3.996027037092154954e-03 3.002669663965187308e+00 -9.719567988602370034e-01 2.247433597112592774e-01 -6.842965367769242302e-02 -4.004352522463743469e+01
8.653875743544627019e-02 3.251629089077817409e-03 9.962757413819023355e-01 1.104918634069715324e+02 2.169359830777088105e-01 9.759391976835399829e-01 -2.200819724915327805e-02 2.688590944758739720e+00 -9.723772580338837512e-01 2.179885209862826856e-01 8.374912898126025962e-02 -3.914826294884455393e+01
2.905173027678117914e-01 -4.668399917073774719e-03 9.567071712299913822e-01 1.127628255154257033e+02 2.063308692685600909e-01 9.767778797799517854e-01 -5.793772416896772470e-02 2.356853483369741653e+00 -9.342195316539609884e-01 2.142251761527984855e-01 2.847229830406154405e-01 -3.767534313453113981e+01
3.234592303505253175e-01 -1.096837788493951714e-02 9.461508584599223060e-01 1.145595444963925473e+02 2.067143390803365122e-01 9.765989908844275869e-01 -5.937483684029009473e-02 2.002705507453256928e+00 -9.233582378451399286e-01 2.148208434034065417e-01 3.181584125617391567e-01 -3.583364001993600567e+01
3.598942395298125319e-01 -8.558475952476796503e-03 9.330053751832831921e-01 1.155253724783022022e+02 2.040265784347517486e-01 9.764775824891674949e-01 -6.974348702696253621e-02 1.678726002749430402e+00 -9.104633092523571891e-01 2.154454326776157613e-01 3.531748524709951154e-01 -3.440362331184402223e+01
4.728390970784837055e-01 -1.709372912282209472e-02 8.811070794727612343e-01 1.157224403439383593e+02 1.951013664922157109e-01 9.770234371643981008e-01 -8.572414657125101978e-02 1.416463443446283721e+00 -8.593976395501921051e-01 2.124229293412431829e-01 4.653144534051285586e-01 -3.307954219536074447e+01
3.512019493845580653e-01 -1.982991935527476240e-02 9.360301306851145364e-01 1.157877810413566806e+02 2.044679164301838603e-01 9.772716181074593278e-01 -5.603609701074494659e-02 1.185525836975558800e+00 -9.136441520246005865e-01 2.110811744469290041e-01 3.472716216978937176e-01 -3.185404637658482585e+01
3.037196571659958599e-01 -2.141580032640899925e-02 9.525807627342730566e-01 1.155170012182955048e+02 2.084817140370384403e-01 9.770049147580429638e-01 -4.452253378510962617e-02 9.786426845444027300e-01 -9.297231939090121466e-01 2.121776703286709365e-01 3.012105357839385822e-01 -3.094171904306449150e+01
4.328214116525971877e-01 -2.293930768869950620e-02 9.011057925703005456e-01 1.148000484622866537e+02 1.996633198880562454e-01 9.772893324055317299e-01 -7.106651456837893843e-02 8.431642409045155828e-01 -8.790110295122743889e-01 2.107069939976426165e-01 4.275693871388470124e-01 -3.022094486075813080e+01
3.975322485182614662e-01 -2.517402420569244889e-02 9.172563970818806700e-01 1.137284857295523466e+02 2.077242861656037887e-01 9.761403498239055176e-01 -6.325818590390448748e-02 7.836631288859123856e-01 -8.937792205999052220e-01 2.157003344362222186e-01 3.932777407367363809e-01 -2.973778941989133529e+01
4.888432792081101597e-01 -2.479516362186558534e-02 8.720523433944267211e-01 1.121806662377435657e+02 2.016280233103062702e-01 9.757395523055478748e-01 -8.533242095387583159e-02 6.976031056954227205e-01 -8.487811135056314571e-01 2.175792420149311457e-01 4.819867006423327327e-01 -2.921786837402328274e+01
6.721771910503926417e-01 -2.284725770039446394e-02 7.400807491970533558e-01 1.103591124896368427e+02 1.751657884365877271e-01 9.760511879843132288e-01 -1.289759435328148574e-01 6.580512636101460977e-01 -7.194075863956447270e-01 2.163536347520714775e-01 6.600877325299305820e-01 -2.893475180180368156e+01
7.835427189843423568e-01 -1.733279801893708796e-02 6.212186505176717777e-01 1.084069873344660380e+02 1.442983576732037865e-01 9.773578428752128788e-01 -1.547270223806709866e-01 7.412198581921012330e-01 -6.044747265665562086e-01 2.108427900919653819e-01 7.683008861041595861e-01 -2.918292347684506893e+01
8.136045849692938869e-01 -1.642317685618135611e-02 5.813048048267022150e-01 1.076091294484941585e+02 1.358582052832738585e-01 9.772989632151538597e-01 -1.625967808854431040e-01 9.042135424895652029e-01 -5.654413485117503191e-01 2.112530789246983842e-01 7.973661623563239598e-01 -2.976275189674466404e+01
7.179746266531596977e-01 -2.107081629789369498e-02 6.956404923062392553e-01 1.078317078022455036e+02 1.620299217574754369e-01 9.771407496403899939e-01 -1.376442791304153257e-01 1.085640271822038372e+00 -6.768337873240808378e-01 2.115840036419797399e-01 7.049804441333915594e-01 -3.051129612461329188e+01
7.622250288072424107e-01 -1.955559835071632446e-02 6.468729294213245717e-01 1.078064800237621057e+02 1.512100547259573047e-01 9.772694237460034516e-01 -1.486365223887141929e-01 1.184529926451856952e+00 -6.292606821471633527e-01 2.111355075250243019e-01 7.478551768489148932e-01 -3.092656331327849983e+01
8.239106295397722324e-01 -1.784554870888412775e-02 5.664146779176995050e-01 1.072208941563560956e+02 1.314735009549084510e-01 9.782535273422271471e-01 -1.603829755637685150e-01 1.198554086310187561e+00 -5.512323174737705500e-01 2.066140862759494046e-01 8.083412452061662368e-01 -3.087574704340283915e+01
7.124294407057805145e-01 -2.266895101625205841e-02 7.015180583579404550e-01 1.077468188785607452e+02 1.609803656406013361e-01 9.781008192708307014e-01 -1.318717225559586648e-01 1.193679094902578175e+00 -6.831653350636743838e-01 2.068680020395634311e-01 7.004815145633366269e-01 -3.083199202529935334e+01
7.146987736683442227e-01 -2.094268471814766247e-02 6.991752803884073719e-01 1.084127975689826968e+02 1.576591488521267015e-01 9.786525603272995255e-01 -1.318867755205811454e-01 1.145384883754797523e+00 -6.814913428721918187e-01 2.044786680169090598e-01 7.027409616510239543e-01 -3.062734976952175003e+01
6.845668604237588051e-01 -1.622933544557667029e-02 7.287123790697507264e-01 1.089187155127589790e+02 1.647035767374527282e-01 9.773408285185389843e-01 -1.329279717356291468e-01 9.117702563861584952e-01 -7.100400190727634842e-01 2.110319622107935666e-01 6.717300850483335362e-01 -2.957286566578809683e+01
5.998179887607738570e-01 -1.323623918489170645e-02 8.000570191311356938e-01 1.102751773949792948e+02 1.833123006397883448e-01 9.755412101366711664e-01 -1.213086111104656334e-01 6.636136316855228978e-01 -7.788823864370090222e-01 2.194340098574587006e-01 5.875757600373390233e-01 -2.863400073059665019e+01
5.418897239613522654e-01 -1.457880877522262433e-02 8.402846660137177626e-01 1.110018292681852330e+02 2.017346938030079584e-01 9.728796682369470483e-01 -1.132097800358312784e-01 5.149455195804603092e-01 -8.158474816822115505e-01 2.308372612303896121e-01 5.301280448973428872e-01 -2.801166545613011749e+01
5.875351523308653956e-01 -1.348844605711230216e-02 8.090032243535555390e-01 1.110176267363449796e+02 1.959087468694513390e-01 9.724872335681153945e-01 -1.260200345532787591e-01 4.592495390779224862e-01 -7.850430146166847978e-01 2.325341956952508005e-01 5.740125457607179182e-01 -2.778974087809276128e+01
5.470273706572823524e-01 -1.410310649023543451e-02 8.370856563614601509e-01 1.119959675300265758e+02 2.091793008513033736e-01 9.704432372463392964e-01 -1.203635832919208726e-01 4.112810191740388088e-01 -8.106503586515121373e-01 2.409175318101930696e-01 5.338072679966467948e-01 -2.757963607138397677e+01
5.234157604743367997e-01 -1.842006637966204369e-02 8.519151431759259818e-01 1.128089391132738655e+02 2.219740290527658089e-01 9.681957357411922205e-01 -1.155025153842615948e-01 2.894015558638303731e-01 -8.226965442622599101e-01 2.495606348322866319e-01 5.108544671481185517e-01 -2.716230788519392547e+01
5.111287165712786740e-01 -1.213052051543720908e-02 8.595371083623286612e-01 1.132575001562902060e+02 2.282551478160160796e-01 9.659101594504718724e-01 -1.221668814630638977e-01 1.240146142764266685e-01 -8.287569093072590931e-01 2.586483350819899774e-01 4.964764557233973807e-01 -2.656390415913509528e+01
4.750253687109352030e-01 -7.259109762000104426e-04 8.800578822247101529e-01 1.141500124513945877e+02 2.386623404375761703e-01 9.626164417863570799e-01 -1.280277226258364209e-01 7.338653439367136266e-02 -8.470624808327399391e-01 2.708803878704608703e-01 4.574516305122294235e-01 -2.642904320469836321e+01
4.517266525114206344e-01 1.434391045612121163e-02 8.920271306151063007e-01 1.149595943893191645e+02 2.427912062549314742e-01 9.601561154657048958e-01 -1.383574747564482732e-01 -5.532372157474646501e-02 -8.584691996453557294e-01 2.790676862057604457e-01 4.302464923244646022e-01 -2.604736432341950447e+01
4.346371663074598546e-01 2.896074047458167822e-02 9.000449130371318551e-01 1.155426144960733836e+02 2.452169009770040209e-01 9.579224114084070596e-01 -1.492239668603586866e-01 -2.177661128664071244e-01 -8.664988116821566999e-01 2.855301118239829683e-01 4.092370970125269181e-01 -2.553679608306648774e+01
4.095181191106979646e-01 3.836232807820283419e-02 9.114667072046643836e-01 1.163889964659388454e+02 2.507297167658921189e-01 9.559041893807801449e-01 -1.528582039332431475e-01 -3.128707526602364508e-01 -8.771332151773112429e-01 2.911628392206904170e-01 3.818478881847764961e-01 -2.538287825028718458e+01
3.788492458630826065e-01 4.106064800951627486e-02 9.245627639759599337e-01 1.172852057108156032e+02 2.588164808189740151e-01 9.544590627227261814e-01 -1.484663513170361715e-01 -4.630716573272872782e-01 -8.885605351475550640e-01 2.954932573253133965e-01 3.509598977721472002e-01 -2.507144945744596498e+01
3.591770345293123778e-01 3.782579581250856970e-02 9.323955636905713051e-01 1.179400404289757773e+02 2.640563937347477630e-01 9.542324872266334523e-01 -1.405114346452605856e-01 -6.283898651552518588e-01 -8.950296885699444704e-01 2.967553163993771337e-01 3.327489946510673313e-01 -2.464398721892812461e+01
3.422151018492485819e-01 3.091434556535760728e-02 9.391639537268741122e-01 1.187409668871812585e+02 2.693162222305493514e-01 9.543051724819092696e-01 -1.295504358242805520e-01 -7.236514248091683310e-01 -9.002622806946073419e-01 2.971976892764950917e-01 3.182428961495704645e-01 -2.449966251252640248e+01
3.162126798242941295e-01 2.530954430451586717e-02 9.483290618500685998e-01 1.196729448482864910e+02 2.796316458307089858e-01 9.527614061957867531e-01 -1.186851469991352520e-01 -8.452578341743505197e-01 -9.065439647032469406e-01 3.026255782670888572e-01 2.941789126657561870e-01 -2.424176172032131049e+01
3.025676016307102811e-01 2.360082945439391858e-02 9.529187887772216925e-01 1.203916694440251263e+02 2.840177264810790358e-01 9.520400165814332238e-01 -1.136850710155128258e-01 -1.000659887967895401e+00 -9.099027277926011736e-01 3.049962845331661287e-01 2.813598808055721712e-01 -2.390474241619155293e+01
2.909668588409496381e-01 2.574858580861549145e-02 9.563418344995051612e-01 1.211321375246169367e+02 2.879083238507218478e-01 9.509440773841471017e-01 -1.132739577772094441e-01 -1.105324904446560952e+00 -9.123396213679855205e-01 3.083715892906973011e-01 2.692807299011547029e-01 -2.373377015580819105e+01
2.835365891462716115e-01 2.759019468935540800e-02 9.585228694736973587e-01 1.219758630433354085e+02 2.893511079671216013e-01 9.505327407143432383e-01 -1.129547903455487556e-01 -1.205217474267714417e+00 -9.142195257411813714e-01 3.094161723122074714e-01 2.615315195294152240e-01 -2.355885511014002631e+01
2.688605544274613179e-01 3.253473275841819307e-02 9.625749231640993164e-01 1.226876493616968702e+02 2.848534883325163913e-01 9.520504082835241633e-01 -1.117859047870578548e-01 -1.337325096103262112e+00 -9.200614183346663699e-01 3.042025880093389145e-01 2.466847635406168027e-01 -2.329495951906981333e+01
2.559679101274869861e-01 3.247763748271829259e-02 9.661340494496457598e-01 1.234431288197540653e+02 2.840407851174103215e-01 9.527784437103284931e-01 -1.073291574869730536e-01 -1.436030566169492761e+00 -9.239878250465162202e-01 3.020216831965586435e-01 2.346708078652943730e-01 -2.310247194584819042e+01
2.469728389583177586e-01 3.287754694159422675e-02 9.685361002435731725e-01 1.242966577743403320e+02 2.868795721026137779e-01 9.521406411920430024e-01 -1.053960516938036857e-01 -1.515436814914840058e+00 -9.256533772862386433e-01 3.038048994409794923e-01 2.257221570614390826e-01 -2.294911743759813660e+01
2.388333559549229157e-01 3.304366188677192173e-02 9.704334282084230434e-01 1.250550177847693476e+02 2.913467387426770250e-01 9.509261552459532529e-01 -1.040488549062897061e-01 -1.641524219563457176e+00 -9.262388685978752978e-01 3.076702167219768635e-01 2.175006385164549028e-01 -2.272467105962562073e+01
2.324468624684577767e-01 3.547759211157867215e-02 9.718696936490913707e-01 1.258623329666946375e+02 2.926616453438747323e-01 9.504721553849861948e-01 -1.047469125448272226e-01 -1.740485742131549385e+00 -9.274464907788110279e-01 3.088274424011856478e-01 2.105472610571930969e-01 -2.256931357720429432e+01
2.367889596646918782e-01 3.695255739288916957e-02 9.708601824824193427e-01 1.267472372535324894e+02 2.928646888715620289e-01 9.500783833298056535e-01 -1.075597357898555317e-01 -1.830378216846892947e+00 -9.263673149348585767e-01 3.097963048315737766e-01 2.141494287988681411e-01 -2.239630806226192306e+01
2.383742914876629815e-01 3.625203927787015723e-02 9.704511362703046595e-01 1.275806777357388739e+02 2.940583442561775507e-01 9.497025037088703270e-01 -1.077315579320034661e-01 -1.949481263534042608e+00 -9.255435454669336259e-01 3.110676546879891924e-01 2.157214869499207710e-01 -2.216858504265993801e+01
2.462221586354361447e-01 3.528758859231109074e-02 9.686200650165549542e-01 1.284247437366975078e+02 2.915978880072564450e-01 9.503353498786547560e-01 -1.086501602032461655e-01 -2.066960770065564112e+00 -9.243517873754757419e-01 3.091333900829654757e-01 2.237078829549110359e-01 -2.198799411105096979e+01
2.554297240070238506e-01 3.654727862038226888e-02 9.661478160418048855e-01 1.293227480402559593e+02 2.884619332300376038e-01 9.508775400837474745e-01 -1.121677274788030337e-01 -2.174378909926016235e+00 -9.227822206220759327e-01 3.073866715843724395e-01 2.323551158893160384e-01 -2.177269316217735096e+01
2.631695055407398121e-01 3.589171177934839113e-02 9.640767928459190728e-01 1.302119869273928146e+02 2.866009553928747233e-01 9.512759185696745279e-01 -1.136574486536572615e-01 -2.299099836632112925e+00 -9.211758279861796961e-01 3.062889754332903669e-01 2.400710910253509300e-01 -2.152336361082488381e+01
2.699214592880639363e-01 3.650766882423738674e-02 9.621910645119283734e-01 1.310932597914868154e+02 2.834610806861974641e-01 9.519733405283524741e-01 -1.156056365730827179e-01 -2.420354164275512865e+00 -9.201933152890993117e-01 3.040136321490263804e-01 2.466243513943686683e-01 -2.129305862574635100e+01
2.762601424261434402e-01 3.761634873110449029e-02 9.602947792569521690e-01 1.320194754797817893e+02 2.790924311815058401e-01 9.530335402564149572e-01 -1.176379171816922947e-01 -2.541294214489021819e+00 -9.196147385770160332e-01 3.005434280480850373e-01 2.527872835516489780e-01 -2.105531956021486906e+01
2.768180587138466264e-01 3.900403775905709330e-02 9.601989349350152914e-01 1.329350426992697578e+02 2.742430924382012747e-01 9.544196946822470773e-01 -1.177690145789457576e-01 -2.671211737058999169e+00 -9.210371325087689520e-01 2.958095855488031556e-01 2.534962751817110282e-01 -2.078833700378098825e+01
2.774304727621498823e-01 3.748392032646959832e-02 9.600024404261974231e-01 1.338880642186958028e+02 2.716612500430845012e-01 9.554016411582045842e-01 -1.157832440248624944e-01 -2.804008831841108940e+00 -9.215300018583888475e-01 2.928849030276179932e-01 2.548719545019632049e-01 -2.052583059156623690e+01
2.757748607051077050e-01 3.729858410371602456e-02 9.605416702960888342e-01 1.348467911992754864e+02 2.705606154812899011e-01 9.558326254936173605e-01 -1.147097271146590020e-01 -2.936587961787862078e+00 -9.224002097824390844e-01 2.914495153421978180e-01 2.535041676060540983e-01 -2.026241040931779125e+01
2.762885413474029384e-01 3.644193791831378676e-02 9.604580299513203467e-01 1.358175703390936633e+02 2.699150975955448284e-01 9.561141382530832233e-01 -1.138558249926996113e-01 -3.071824593113297475e+00 -9.224583576654904471e-01 2.906699135967767411e-01 2.543341544487389139e-01 -1.999282680235630849e+01
2.756464180714264245e-01 3.556240147670383656e-02 9.606809440240693387e-01 1.368186432605590426e+02 2.701153833027388762e-01 9.561853087342322421e-01 -1.128623776509479482e-01 -3.203185289887416687e+00 -9.226084237979105263e-01 2.905444870687107217e-01 2.539623405771541109e-01 -1.973206115313384856e+01
2.755283906130610028e-01 3.455318102197365432e-02 9.607400808936313874e-01 1.378132096624822793e+02 2.703242639073763498e-01 9.562387227574653537e-01 -1.118348129078737679e-01 -3.332262084633975441e+00 -9.225656305852097949e-01 2.904604281435043123e-01 2.541333781055327701e-01 -1.947489173652951422e+01
2.748736229603859216e-01 3.404109599946986836e-02 9.608286176601853468e-01 1.388101188364420864e+02 2.698855315190376580e-01 9.564519803377057316e-01 -1.110993987824925311e-01 -3.474756965390439323e+00 -9.227586005687681281e-01 2.899530241089054994e-01 2.537289790593150740e-01 -1.919849713289721294e+01
2.756817718855235633e-01 3.422161087594789708e-02 9.606448163229820425e-01 1.398518097350256255e+02 2.683470435756773464e-01 9.569130822668321379e-01 -1.111485002634190894e-01 -3.613770048844454852e+00 -9.230688120603299796e-01 2.883222757891191201e-01 2.545981342433353833e-01 -1.891261930442840367e+01
2.744919540418172543e-01 3.372556291166557002e-02 9.610499748923712060e-01 1.408228446172104782e+02 2.677180593302957434e-01 9.571948571345174628e-01 -1.100721560252311687e-01 -3.752422263545817760e+00 -9.236293163111229942e-01 2.874653208352317968e-01 2.537081137027396571e-01 -1.863265415804082181e+01
2.775188509007381898e-01 3.357256452092605842e-02 9.601139210368959676e-01 1.418268345615603323e+02 2.661560180381499219e-01 9.575931950478987487e-01 -1.104140438155676862e-01 -3.889796878979844053e+00 -9.231102193122986410e-01 2.861273896623651170e-01 2.568052065919517180e-01 -1.836095793332895809e+01
2.798138873906790836e-01 3.325073379399744872e-02 9.595502848205740287e-01 1.428687327556412754e+02 2.653484333467513445e-01 9.577863171167244616e-01 -1.105704473001020011e-01 -4.033618502894613655e+00 -9.227209510092607703e-01 2.855645201270794464e-01 2.591841547092866294e-01 -1.809442220565750148e+01
2.805038604227304000e-01 2.901286514147144793e-02 9.594735055117051825e-01 1.438447923289570269e+02 2.663539665459698225e-01 9.579355768838956342e-01 -1.068549570961812439e-01 -4.175614828309189619e+00 -9.222161929335812580e-01 2.855257054277211548e-01 2.609768842094111752e-01 -1.780899644725031550e+01
2.850367670210202098e-01 2.789449535202719738e-02 9.581635510965940128e-01 1.448863868024262729e+02 2.660562639097500126e-01 9.579978810901733643e-01 -1.070297095606660143e-01 -4.304690905939259515e+00 -9.209082158959821518e-01 2.853940405363478150e-01 2.656406291219303717e-01 -1.753973482531517902e+01
2.865239283819535632e-01 2.628893989548344509e-02 9.576518199433011747e-01 1.458839608712808911e+02 2.667861265560596551e-01 9.578873822006989114e-01 -1.061103480125745319e-01 -4.450734533746498300e+00 -9.201037446610644821e-01 2.859760776906851709e-01 2.674552887387131039e-01 -1.725569980562017847e+01
2.890213161629647809e-01 2.700823119351560345e-02 9.569574072443703949e-01 1.468481894163408015e+02 2.659350203146327307e-01 9.579994050013287410e-01 -1.073387164348493239e-01 -4.584381540992838566e+00 -9.196680867552375904e-01 2.854563006581166129e-01 2.696937027305887913e-01 -1.697439076212159748e+01
2.900896877946372299e-01 2.704639497811043777e-02 9.565649929041851740e-01 1.478837423590493927e+02 2.660293231188426422e-01 9.579152580528356165e-01 -1.077864476353782575e-01 -4.716831329422317864e+00 -9.192151422982756115e-01 2.858380769039482461e-01 2.706960710554507932e-01 -1.668303562344611279e+01
2.892027361377336181e-01 2.849837332909339535e-02 9.568832012309215207e-01 1.488205002190769051e+02 2.655282298872774782e-01 9.579542432509204897e-01 -1.087720742378133765e-01 -4.853789706448266017e+00 -9.197576503962692218e-01 2.854544886791924307e-01 2.694658917718532054e-01 -1.641052199482663809e+01
2.866758531520993136e-01 3.117526271861989495e-02 9.576031092116709109e-01 1.497969584791220825e+02 2.642740694156908154e-01 9.581225886087272325e-01 -1.102968812416086491e-01 -4.998942623351296355e+00 -9.209473977353946905e-01 2.846150644954082987e-01 2.664258579084393119e-01 -1.613679693029888895e+01
2.840600884334003595e-01 3.322054423016358726e-02 9.583148459693274779e-01 1.508265100014475593e+02 2.632845143235542640e-01 9.582841407959129532e-01 -1.112767748061130602e-01 -5.135882106522687174e+00 -9.220408474419040656e-01 2.838677808441220640e-01 2.634586405674398946e-01 -1.584958357751341929e+01
2.780521171528674840e-01 3.151791646117363399e-02 9.601950673912925671e-01 1.518067773140440408e+02 2.638993114852066224e-01 9.585005788603129240e-01 -1.078533237854641669e-01 -5.256802531296463243e+00 -9.237571571749507715e-01 2.832795551119728916e-01 2.581904723408542379e-01 -1.559743010520980988e+01
2.713802378627533374e-01 2.566184122064369896e-02 9.620458923638248727e-01 1.527813605136071828e+02 2.673260867289647402e-01 9.583189883631172412e-01 -1.010603228380004409e-01 -5.402915414551366702e+00 -9.245441276272881037e-01 2.845774848103020394e-01 2.531889359102074133e-01 -1.532984397752983874e+01
2.640549026789562048e-01 2.658622913764698351e-02 9.640087220986190975e-01 1.537537639678071173e+02 2.651926277322330661e-01 9.590931891560325884e-01 -9.909939413698151678e-02 -5.525018643652341410e+00 -9.272038234296203774e-01 2.818553078153450131e-01 2.462008752403592182e-01 -1.507002267817575358e+01
2.593625516433883949e-01 2.784019362534396330e-02 9.654193318551064218e-01 1.547286689218214235e+02 2.667338530194675039e-01 9.586399113640314829e-01 -9.933454292905231908e-02 -5.654245354537697388e+00 -9.282556776981931712e-01 2.832852981349129884e-01 2.412097209449117763e-01 -1.481719284127111891e+01
2.542943810943244509e-01 3.032076260111731675e-02 9.667258794557926915e-01 1.556853806245158580e+02 2.674542034435913318e-01 9.583213558050874825e-01 -1.003651144022391500e-01 -5.779092728487838393e+00 -9.294804056942256310e-01 2.840366019929229102e-01 2.355891529941199491e-01 -1.457964267189043817e+01
2.491917142758567905e-01 3.163818214675114676e-02 9.679552935816345682e-01 1.566339494436087136e+02 2.657726036280620985e-01 9.588383582271413630e-01 -9.966446112531310297e-02 -5.899482992701267747e+00 -9.312561869747819632e-01 2.821776514310750383e-01 2.305512153578723189e-01 -1.433903034280380062e+01
2.440484991737544573e-01 3.263169491445214870e-02 9.691584303925969701e-01 1.576040003973078001e+02 2.654147930751702411e-01 9.590190927022237410e-01 -9.910576883708908935e-02 -6.020833526869409980e+00 -9.326697197857807264e-01 2.814700544105933067e-01 2.253938554821532936e-01 -1.411884579507760584e+01
2.402467484525478425e-01 3.054275315510720026e-02 9.702428664885445198e-01 1.585643415680058581e+02 2.662101008710106576e-01 9.591114570325969257e-01 -9.606444891489981930e-02 -6.145136923655884154e+00 -9.335072690549156560e-01 2.813295562536484162e-01 2.222926363470163480e-01 -1.388674147669285119e+01
2.367865395718190824e-01 2.178229559846552379e-02 9.712669422680497711e-01 1.594949109643187626e+02 2.678464564137283954e-01 9.595423166423118211e-01 -8.682838745652272927e-02 -6.252805326024345689e+00 -9.338607768591756786e-01 2.807359128744745247e-01 2.213725520528904700e-01 -1.367562875187116589e+01
2.358226090948325471e-01 1.226372984005027859e-02 9.717926791057893698e-01 1.604637833647314551e+02 2.673651102869354923e-01 9.605099697136604275e-01 -7.697027605757841839e-02 -6.353566531567705233e+00 -9.343627754326487844e-01 2.779497324554081605e-01 2.232349316771563286e-01 -1.346705154333567833e+01
2.330139561050548758e-01 8.820281211112413269e-03 9.724295420652382393e-01 1.614266801649989134e+02 2.673073327546881539e-01 9.608461708705050563e-01 -7.273894446476374120e-02 -6.462963393276742963e+00 -9.349920367453881109e-01 2.769626475832084878e-01 2.215489760603669978e-01 -1.323309369466342567e+01
2.324008306734822726e-01 1.414704513434504075e-02 9.725081188076208916e-01 1.623607643722779699e+02 2.681744416889146332e-01 9.602058236516094469e-01 -7.800263192877995855e-02 -6.551675454850026448e+00 -9.349129900616539590e-01 2.788747707885751437e-01 2.193557058185699460e-01 -1.303744152987222904e+01
2.317041723200771730e-01 1.980518315307041102e-02 9.726357263527376507e-01 1.633095360907058762e+02 2.688765163551583570e-01 9.595264496268243182e-01 -8.352818657190200224e-02 -6.653127188921438950e+00 -9.349212752315544384e-01 2.809063729102307394e-01 2.170170277227458921e-01 -1.282967704445858104e+01
2.304693680860080696e-01 1.915822477331910814e-02 9.729227482717205389e-01 1.642558352242151329e+02 2.754430590336728879e-01 9.576371363533586756e-01 -8.411811058231331850e-02 -6.751856097572269455e+00 -9.333226555850466788e-01 2.873266518925738366e-01 2.154217835674158699e-01 -1.262438284938325062e+01
2.314027391102405629e-01 1.875665574271705160e-02 9.727388055077716977e-01 1.652021519852553979e+02 2.778224250543749885e-01 9.568998022618524502e-01 -8.448514394939000971e-02 -6.849649789547463286e+00 -9.323998628739371686e-01 2.897683001822306537e-01 2.162238711149371273e-01 -1.242858767571076051e+01
2.310793808704260099e-01 1.532035663668338508e-02 9.728110235166197439e-01 1.661565211409458414e+02 2.773011276107655299e-01 9.573668317649350890e-01 -8.094870959808252164e-02 -6.955514948518117357e+00 -9.325769384414249741e-01 2.884716317527550311e-01 2.169797233482967935e-01 -1.221677573213333723e+01
2.313625986928435074e-01 1.057826311247063618e-02 9.727039128457717343e-01 1.670975390272293453e+02 2.748475952490701535e-01 9.585022376791696441e-01 -7.582914749521217634e-02 -7.047044346441085239e+00 -9.331383086345803601e-01 2.849082473470301857e-01 2.188471632827569124e-01 -1.200298694185330461e+01
2.332476662623649555e-01 4.809540507485345583e-03 9.724050570349829226e-01 1.680299119778359227e+02 2.727836205512939594e-01 9.595036194602366564e-01 -7.019191718444005301e-02 -7.134078065296897364e+00 -9.333608897652632130e-01 2.816999052272684545e-01 2.225004759522794806e-01 -1.178697479929886072e+01
2.334684269303447246e-01 4.765441526681174836e-03 9.723795735720470734e-01 1.689403431239618953e+02 2.649820330968015170e-01 9.618324882860613823e-01 -6.834770496814300544e-02 -7.232705421954171321e+00 -9.355942201339689790e-01 2.735946378542848390e-01 2.232904500017565963e-01 -1.156018970726291784e+01
2.343339260604480612e-01 6.165545038360324172e-03 9.721044887069184570e-01 1.698675345741339697e+02 2.564006003935341282e-01 9.641777964414819380e-01 -6.793289869788171620e-02 -7.314752013669434838e+00 -9.376979990811943333e-01 2.652104270580612488e-01 2.243628473909534404e-01 -1.133062492914238462e+01
2.374836896043152623e-01 3.801326176313262004e-03 9.714244401298341991e-01 1.707997733630969037e+02 2.589133973053122095e-01 9.635592414810091322e-01 -6.700270998218049723e-02 -7.406364994702165028e+00 -9.362782250540052642e-01 2.674361881027204624e-01 2.278571319525481143e-01 -1.111696427949413035e+01
2.404847469190155018e-01 3.587808621900278293e-03 9.706586315033656209e-01 1.717186382242083482e+02 2.643398759516427110e-01 9.619478661843832157e-01 -6.898810690314799432e-02 -7.493636220977469620e+00 -9.339688959852291417e-01 2.731742062789939141e-01 2.303935929846675501e-01 -1.090591535903085507e+01
2.465763929747461225e-01 4.848859731291421150e-03 9.692459765329810573e-01 1.726383212958983222e+02 2.642085396163060262e-01 9.617582348543411985e-01 -7.199532327226158823e-02 -7.586745315987891480e+00 -9.325300496731409039e-01 2.738622743483048461e-01 2.358816235442037779e-01 -1.068293696474273169e+01
2.548098961158005715e-01 3.255119675635742994e-03 9.669661063660193179e-01 1.735526052910927604e+02 2.692797096983676197e-01 9.602099274042097399e-01 -7.420899461153349086e-02 -7.666362435884419568e+00 -9.287344291901218352e-01 2.792472996281008535e-01 2.437828467203920491e-01 -1.045200554633581547e+01
2.645333905408446817e-01 1.059503838833941811e-03 9.643616254725272396e-01 1.744627317504958057e+02 2.752778666496006332e-01 9.583145497485556774e-01 -7.655465152862948874e-02 -7.762043353960899950e+00 -9.242433083509306035e-01 2.856945223097550057e-01 2.532104832297343289e-01 -1.023328979791280169e+01
2.770095334038727986e-01 1.248864765620272233e-04 9.609379108313051976e-01 1.753770058940810088e+02 2.717282055525521156e-01 9.591722800738402555e-01 -7.845608568438107444e-02 -7.873579788972560500e+00 -9.217183116685998545e-01 2.828107397726731254e-01 2.656634569175659877e-01 -9.974924776477189781e+00
2.866775902369587681e-01 1.000626481057970054e-03 9.579658423862322802e-01 1.762589895528677744e+02 2.684110575429513035e-01 9.598811605912328515e-01 -8.138872852157545690e-02 -7.963080832749417581e+00 -9.196177744899726170e-01 2.804239532148005143e-01 2.748892057338507278e-01 -9.703724312166839283e+00
3.004616697463226571e-01 -3.968347979877503463e-03 9.537819432238338058e-01 1.771658229437106229e+02 2.677844789956943528e-01 9.601167350713737392e-01 -8.034872334891249301e-02 -8.064144885259111106e+00 -9.154209846992635846e-01 2.795723752998389156e-01 2.895468960665507629e-01 -9.435871794316602390e+00
3.128436418596871049e-01 -5.656579794522637039e-03 9.497514444359352881e-01 1.780631289257773062e+02 2.676392227323256545e-01 9.599948524253439919e-01 -8.245396134041883818e-02 -8.169217339506028353e+00 -9.112917630070520580e-01 2.799500298722855107e-01 3.018312840619843951e-01 -9.155941653026729909e+00
3.247850397619337914e-01 -6.038153141063006858e-03 9.458295909668846813e-01 1.789370476598212178e+02 2.658090122357938956e-01 9.602575137865271282e-01 -8.509707557037854420e-02 -8.263674632126999597e+00 -9.077279332276468882e-01 2.789979439757454549e-01 3.134825831607526148e-01 -8.852126615614144711e+00
3.383777765017849659e-01 -7.864061815412028145e-03 9.410869494487403841e-01 1.798358671450977226e+02 2.677195573178471344e-01 9.594474128620663622e-01 -8.827887652054465517e-02 -8.373102695042138777e+00 -9.022344603091332349e-01 2.817995976007737768e-01 3.267597238899330181e-01 -8.547532415566925224e+00
