1.0 0.0 0.0 0.0 0.0 1.0 0.0 0.0 0.0 0.0 1.0 0.0
-0.17308295 -0.9848705 -0.0061270725 9.245239 0.98422456 -0.17273416 -0.037817847 1.7459717 0.036183104 -0.012572503 0.99926597 -0.064941406
-0.6428676 -0.76611626 0.010539321 6.501465 0.7642488 -0.6421576 -0.062306225 9.837891 0.05448189 -0.031980086 0.9980021 0.23010254
-0.89780676 -0.43913567 0.02400399 0.770874 0.43670294 -0.89662755 -0.06944294 14.946289 0.052019544 -0.051891137 0.9972966 0.52685547
-0.99238914 0.10939016 0.052141078 -5.709717 -0.11295382 -0.9908101 -0.071126744 16.750732 0.043916643 -0.07650025 0.9961022 0.9329834
-0.98971546 0.1378974 0.055049337 -12.641357 -0.14187413 -0.9877279 -0.07647257 15.463135 0.043776765 -0.08340002 0.99555427 1.0478516
-0.93722254 0.3406746 0.08132901 -18.961914 -0.3470464 -0.9346116 -0.08435699 13.377563 0.04721407 -0.107227415 0.9931141 1.5545654
-0.75097215 0.65126014 0.10665445 -25.205322 -0.65795976 -0.75137544 -0.04469513 10.443481 0.051052876 -0.10380476 0.99328816 1.8045654
-0.57937664 0.8073108 0.1156034 -29.509033 -0.81480265 -0.5790616 -0.0397299 5.887085 0.03484483 -0.117175594 0.99250156 2.067627
-0.27955303 0.9535028 0.1127362 -32.13855 -0.9597558 -0.28084648 -0.0045786053 0.8857422 0.027306069 -0.109459974 0.9936146 2.3417969
-0.2898899 0.9505042 0.112458095 -33.12976 -0.956823 -0.29076728 -0.008858416 -4.649536 0.024221811 -0.11015363 0.99362046 2.3927002
0.0005731583 0.9942524 0.10704937 -34.411743 -0.99998975 0.0010563731 -0.004447318 -10.155762 -0.0045309323 -0.107067846 0.9942423 2.6495361
-0.04783404 0.99279046 0.109760515 -33.986084 -0.9988417 -0.047614817 -0.004637062 -16.096313 0.00066494296 -0.109862156 0.99394464 2.5489502
0.2638332 0.95846224 0.10897265 -33.43689 -0.96416175 0.26556188 -0.0014300919 -21.85437 -0.030288642 -0.10465973 0.9940442 2.6813965
0.3726977 0.9215991 0.10802056 -31.505615 -0.92617893 0.37657645 -0.017287888 -27.359863 -0.056615807 -0.0936109 0.9939982 2.348877
0.10381364 0.9878195 0.11585113 -28.40918 -0.9944026 0.10534043 -0.007110873 -32.44812 -0.019244788 -0.11446386 0.9932421 2.3452148
0.51012385 0.8530902 0.11002195 -27.56018 -0.85692984 0.5151038 -0.020826198 -37.765503 -0.07442425 -0.08364042 0.9937116 2.057373
0.27357 0.95549595 0.11050406 -24.271973 -0.96095407 0.27650014 -0.011804898 -41.34204 -0.04185018 -0.10297272 0.99380517 1.9484863
0.10043731 0.9903061 0.09627394 -22.442505 -0.9941196 0.10389298 -0.031588286 -46.0896 -0.041255742 -0.092516676 0.99485373 1.569458
0.06242853 0.9927393 0.1028665 -20.951904 -0.997499 0.06549965 -0.026760295 -51.041748 -0.03329485 -0.10092716 0.99433553 1.6468506
-0.40022206 0.91343826 0.07215588 -20.307617 -0.91597676 -0.39680505 -0.057341166 -55.498413 -0.023727972 -0.08905238 0.99574316 1.1242676
-0.41416788 0.9101647 -0.022402694 -21.496338 -0.8720664 -0.40367714 -0.2774645 -60.049927 -0.261573 -0.09527668 0.96048373 1.2159424
-0.5594389 0.7796481 -0.2812957 -22.776978 -0.6425318 -0.62223613 -0.44700745 -64.84204 -0.523329 -0.069482535 0.8491876 0.13049316
-0.82570887 0.5214552 -0.21917877 -24.81958 -0.54897434 -0.8322449 0.088073246 -68.40637 -0.1363309 0.1928902 0.97171533 -2.6184082
-0.8844543 0.43698725 -0.16214117 -28.241943 -0.44893977 -0.8921745 0.04443088 -72.08264 -0.1252292 0.11205811 0.98577094 -3.1732178
-0.66965413 0.7131961 -0.20735334 -32.283936 -0.736272 -0.6741583 0.059082177 -74.946655 -0.09763827 0.19213496 0.9764886 -3.4522705
-0.6947744 0.6867065 -0.21542631 -34.967773 -0.7094004 -0.70393896 0.043916687 -79.210205 -0.12148109 0.18337075 0.97552544 -3.5994873
-0.7141443 0.6708774 -0.19991913 -37.406494 -0.6914963 -0.7205147 0.05230931 -84.04529 -0.108950235 0.17553625 0.9784192 -3.875
-0.475519 0.8550552 -0.2071442 -39.94873 -0.87788284 -0.4766843 0.047540653 -88.801025 -0.05813134 0.20453766 0.9771426 -4.187134
-0.34782812 0.9130996 -0.21345659 -40.951416 -0.9367877 -0.34847617 0.035802945 -93.903564 -0.041620757 0.2123927 0.976303 -4.191284
-0.18564492 0.95993507 -0.210223 -41.2771 -0.9826422 -0.18322563 0.031054303 -98.791016 -0.008631408 0.21235694 0.97716445 -3.9968262
-0.19538796 0.9581168 -0.20878136 -40.551636 -0.98037845 -0.19549572 0.020303994 -103.236694 -0.021404488 0.20876984 0.97773796 -3.7506104
-0.069913164 0.9751198 -0.21010813 -39.916016 -0.9974922 -0.069359906 0.010042574 -106.99182 -0.0048415586 0.21028836 0.97762066 -3.6051025
0.082474664 0.97544485 -0.20434333 -39.07483 -0.9964207 0.08486385 0.0029287115 -110.06763 0.020179706 0.2034026 0.9788886 -3.329834
0.28369978 0.93720585 -0.20220137 -37.671143 -0.9571787 0.2889764 -0.0036158052 -112.356445 0.055107754 0.19461708 0.979342 -3.0375977
0.3171386 0.92635334 -0.20311405 -35.841797 -0.9466745 0.32196438 -0.009715847 -114.163086 0.056412302 0.19533537 0.97911364 -2.7103271
0.3522172 0.913451 -0.20406623 -34.42334 -0.9335931 0.35839894 -0.0070952023 -115.13806 0.06665345 0.19300683 0.97893053 -2.4068604
0.46447662 0.86231315 -0.20219538 -33.135498 -0.88187414 0.47147587 -0.015065178 -115.35693 0.08231037 0.18529019 0.9792245 -2.1600342
0.34625384 0.9165942 -0.19965367 -31.868774 -0.93658596 0.34979406 -0.018431028 -115.408936 0.052966163 0.19337687 0.9796973 -1.9277344
0.3001121 0.93270236 -0.20032609 -30.939209 -0.95305836 0.30229595 -0.02028851 -115.13635 0.041624416 0.1969268 0.97952706 -1.7208252
0.42664853 0.8819353 -0.20008533 -30.258667 -0.90179795 0.43147165 -0.021109093 -114.438354 0.06774725 0.18942724 0.97955996 -1.5930176
0.3922728 0.8967917 -0.20474797 -29.761963 -0.91790295 0.3961401 -0.023505695 -113.36316 0.060039345 0.19713092 0.97853744 -1.5255127
0.48110923 0.85178083 -0.2075671 -29.268677 -0.872867 0.48749113 -0.022676537 -111.83154 0.081887156 0.19202524 0.97796917 -1.4377441
0.65949816 0.7222513 -0.2085351 -29.042114 -0.74122185 0.6710065 -0.020108895 -110.05371 0.12538864 0.16779849 0.97781146 -1.4000244
0.76791644 0.6070912 -0.20463543 -29.323608 -0.6225259 0.7825624 -0.014485885 -108.13916 0.15134466 0.13851817 0.97872263 -1.4746094
0.7970304 0.56801176 -0.20554781 -29.912964 -0.5826681 0.81268144 -0.013590855 -107.35205 0.15933083 0.13055995 0.9785579 -1.630127
0.70447946 0.67956007 -0.20439029 -30.631592 -0.69683814 0.7168893 -0.01826803 -107.534546 0.13410573 0.15528412 0.97872704 -1.7999268
0.74742866 0.6319204 -0.20460013 -31.062012 -0.6481469 0.7612098 -0.016713355 -107.52368 0.14519273 0.14510883 0.9787112 -1.8996582
0.80802196 0.55373704 -0.20109132 -31.030518 -0.5677709 0.82303244 -0.0150425285 -106.96448 0.15716371 0.12634735 0.979451 -1.9133301
0.6999747 0.68584436 -0.19959109 -30.950928 -0.70268154 0.71136504 -0.01988905 -107.44641 0.12831941 0.15415202 0.979672 -1.9031982
0.7022509 0.6841298 -0.19722345 -30.747803 -0.7003277 0.71364594 -0.018168397 -108.11377 0.12833607 0.15085575 0.98019546 -1.8615723
0.67120385 0.71277535 -0.20334479 -29.68274 -0.729841 0.6834229 -0.013484626 -108.6134 0.12934548 0.15747996 0.979011 -1.6392822
0.58691883 0.781797 -0.2106511 -28.716919 -0.80107445 0.5985097 -0.010683834 -109.94995 0.11772139 0.17499338 0.9775064 -1.4042969
0.52934116 0.8189677 -0.22140193 -28.076416 -0.8412473 0.54045314 -0.012191503 -110.66589 0.10968901 0.19274376 0.97510314 -1.2629395
0.57329667 0.7881462 -0.22363253 -27.86914 -0.81005794 0.586133 -0.0109292315 -110.69263 0.12245253 0.18746534 0.97460526 -1.2131348
0.53299755 0.8139032 -0.2315619 -27.647583 -0.83809996 0.5455301 -0.011657491 -111.6626 0.11684272 0.20026892 0.97275025 -1.1726074
0.509953 0.8260991 -0.23998028 -27.223877 -0.8529199 0.5218564 -0.016035398 -112.47278 0.11202074 0.2128211 0.9706565 -1.0584717
0.49555707 0.8322761 -0.24892834 -26.621094 -0.86055106 0.5094716 -0.00976118 -112.92078 0.11871403 0.21896894 0.96848667 -0.9029541
0.4564886 0.85074997 -0.26075894 -26.475342 -0.88104045 0.47319865 0.0015329877 -113.8064 0.12466128 0.22898045 0.9654062 -0.8625488
0.4292976 0.8622544 -0.26866555 -26.085815 -0.89298856 0.44974774 0.016526308 -114.61267 0.13506311 0.23284715 0.9630839 -0.74645996
0.40831777 0.8703573 -0.27491426 -25.568726 -0.90099233 0.43252203 0.03108625 -115.194214 0.1459915 0.23508003 0.9609569 -0.5958252
0.3809154 0.8810749 -0.28027886 -25.406982 -0.91237897 0.40728578 0.040385038 -116.03723 0.14970894 0.24032997 0.959069 -0.5098877
0.34996915 0.8925878 -0.28432047 -25.086182 -0.92542267 0.37653485 0.042939797 -116.930786 0.14541817 0.24811421 0.9577642 -0.3675537
0.33169675 0.8990972 -0.2854192 -24.652832 -0.9332157 0.3568501 0.03960099 -117.58545 0.13752696 0.25316972 0.9576117 -0.2076416
0.31711447 0.9043621 -0.28573704 -24.504517 -0.93994564 0.33990517 0.032596797 -118.38574 0.1266162 0.25827828 0.9577435 -0.11608887
0.29294053 0.91074944 -0.2909774 -24.239868 -0.94906396 0.31387138 0.02686359 -119.31665 0.115843 0.26837492 0.9563411 -0.00012207031
0.28007197 0.91415346 -0.2932452 -23.899048 -0.95362645 0.3002077 0.02508448 -120.03589 0.110892914 0.27264383 0.9556878 0.14892578
0.267967 0.9166429 -0.2965252 -23.724976 -0.9570318 0.28856075 0.027175486 -120.776245 0.110532954 0.27643415 0.95466393 0.24658203
0.26020873 0.91854066 -0.2975035 -23.548462 -0.959198 0.281105 0.028976334 -121.62024 0.110246636 0.27780852 0.9542871 0.33862305
0.2453922 0.9243105 -0.29212824 -23.279663 -0.9632089 0.26642326 0.03380711 -122.33191 0.10914294 0.27314508 0.95578027 0.46374512
0.2333647 0.9282116 -0.28983328 -23.08374 -0.96673465 0.2535378 0.03365931 -123.0874 0.10473883 0.2722055 0.95651466 0.5566406
0.22439098 0.92990935 -0.2915481 -22.928589 -0.96911895 0.24451847 0.03401041 -123.94104 0.10284577 0.27496934 0.9559262 0.6287842
0.2161336 0.9305547 -0.29536238 -22.70227 -0.9710045 0.23634443 0.03413969 -124.700195 0.1015373 0.2793788 0.9547821 0.74768066
0.20917714 0.93178076 -0.2964631 -22.545532 -0.9724298 0.22992854 0.036536988 -125.507935 0.102268495 0.28063652 0.9543606 0.8388672
0.21279098 0.9307123 -0.29746383 -22.374878 -0.97143185 0.23425697 0.038045287 -126.39404 0.10506384 0.28087944 0.9539688 0.91955566
0.21435507 0.92990667 -0.2987556 -22.14856 -0.9710286 0.23583893 0.037360203 -127.229004 0.10522856 0.2820938 0.9536043 1.0303955
0.22236079 0.9286836 -0.2968807 -21.971313 -0.96921116 0.2437128 0.036438767 -128.07495 0.10610946 0.27969787 0.9541918 1.1396484
0.23104346 0.9270811 -0.29519725 -21.759766 -0.9667577 0.25293335 0.037749305 -128.97485 0.1095883 0.27663577 0.95468557 1.2373047
0.23877673 0.9254543 -0.29416138 -21.513794 -0.9647026 0.26069212 0.03713769 -129.86621 0.11104362 0.27484187 0.95504767 1.3527832
0.24535877 0.9244338 -0.29193118 -21.286377 -0.962828 0.26746243 0.0377863 -130.74939 0.11296298 0.27175394 0.95569795 1.4648438
0.25155956 0.9237996 -0.28849724 -21.051392 -0.96094036 0.27382472 0.038919196 -131.67749 0.11496909 0.26742834 0.9566967 1.5761719
0.25230289 0.925152 -0.28374562 -20.785156 -0.9608369 0.2744079 0.040291227 -132.59448 0.11509618 0.26256344 0.95802325 1.6970215
0.25368586 0.9256032 -0.28082263 -20.523804 -0.96063566 0.27505213 0.038761776 -133.5492 0.113104574 0.2599795 0.9589661 1.821167
0.2523211 0.92645407 -0.27936906 -20.260742 -0.96116805 0.27340642 0.038560573 -134.50928 0.11203633 0.25885853 0.95938414 1.9447021
0.25315082 0.9265012 -0.2785942 -19.99231 -0.96108365 0.27393192 0.03770392 -135.48169 0.11117833 0.2582162 0.9596541 2.0706787
0.25277326 0.92665106 -0.27846628 -19.732422 -0.9613048 0.27329543 0.036819875 -136.48425 0.11018635 0.25841162 0.9597254 2.192627
0.25293797 0.92660844 -0.27838516 -19.476318 -0.9613627 0.27318403 0.03580953 -137.48035 0.10915796 0.2586213 0.9597785 2.312378
0.2525323 0.926794 -0.2778732 -19.200684 -0.96144915 0.27253678 0.03529015 -138.47888 0.10842502 0.25817576 0.9599855 2.4453125
0.25341323 0.927081 -0.27624246 -18.916016 -0.96126467 0.27335498 0.035469405 -139.52222 0.10847003 0.25663817 0.9604248 2.5740967
0.2525221 0.9276299 -0.27537438 -18.636597 -0.961665 0.27217403 0.034962617 -140.49475 0.10739686 0.25599578 0.9606988 2.7034912
0.25563073 0.9270899 -0.2740586 -18.366821 -0.9607327 0.27521384 0.034822427 -141.50061 0.1077258 0.25445786 0.9610727 2.8309326
0.25801456 0.9266909 -0.27351373 -18.10205 -0.9601725 0.27751753 0.034512937 -142.54431 0.10787102 0.25366956 0.9612523 2.9645996
0.25978255 0.9261905 -0.2734973 -17.818115 -0.9600952 0.2782342 0.030278984 -143.52234 0.10414741 0.25468963 0.96139956 3.0981445
0.26444808 0.9248796 -0.27340811 -17.551514 -0.958794 0.28277823 0.029188009 -144.56592 0.10430226 0.2544362 0.96144897 3.217041
0.26625237 0.9240841 -0.27401197 -17.269043 -0.9582858 0.28427285 0.027593104 -145.56543 0.103375904 0.2551858 0.9613414 3.3535156
0.2685025 0.92363936 -0.27350828 -16.98938 -0.95759606 0.2867707 0.028326211 -146.53137 0.104594424 0.25435457 0.9614412 3.4771729
0.26950514 0.9231903 -0.27390066 -16.699463 -0.95720685 0.28783804 0.028371815 -147.5686 0.105038434 0.25446025 0.96135783 3.5992432
0.26828432 0.923727 -0.27350187 -16.427368 -0.957523 0.2869431 0.029817658 -148.50671 0.10602878 0.25394636 0.96139544 3.7265625
0.26526064 0.9249025 -0.2726273 -16.153442 -0.958237 0.28440413 0.03247591 -149.48438 0.107566245 0.25266 0.96155953 3.8615723
0.26230547 0.9259839 -0.27184728 -15.866211 -0.95894283 0.28177938 0.034502022 -150.51514 0.10855885 0.25163922 0.961718 3.988037
0.25701883 0.9276978 -0.27121273 -15.613281 -0.9608081 0.27578083 0.032760344 -151.49634 0.105157085 0.25219905 0.9619435 4.100586
0.25196305 0.9285142 -0.2724834 -15.344971 -0.9626455 0.26913074 0.026866322 -152.47241 0.09838704 0.25558078 0.9617944 4.23938
0.24498153 0.93113697 -0.26968804 -15.083618 -0.96458745 0.26181442 0.027733253 -153.44556 0.09645672 0.25336868 0.962553 4.352661
0.23998219 0.93221056 -0.27107763 -14.8302 -0.96599144 0.25710046 0.028964616 -154.42139 0.0967129 0.25486824 0.96212953 4.47229
0.23436354 0.93344665 -0.27178004 -14.591797 -0.9672894 0.25200698 0.031416554 -155.3789 0.09776875 0.25554028 0.9618344 4.5875244
0.22933435 0.93519604 -0.26986855 -14.350342 -0.96850497 0.24690664 0.03269329 -156.32837 0.09709111 0.25380334 0.9623403 4.6989746
0.22417858 0.9366012 -0.26911318 -14.129395 -0.96969736 0.24175827 0.03365036 -157.29932 0.09655672 0.2533945 0.9625246 4.8112793
0.22105822 0.93744135 -0.26894897 -13.897217 -0.97077227 0.2379676 0.031536825 -158.26086 0.093528956 0.25415862 0.962625 4.927368
0.22008084 0.9377961 -0.2683596 -13.686768 -0.9717835 0.23456609 0.022750821 -159.193 0.08429664 0.25577852 0.9630545 5.029297
0.22189717 0.9382676 -0.26559272 -13.479736 -0.9722968 0.23368275 0.013215462 -160.16357 0.074427694 0.255297 0.9639876 5.1242676
0.22019021 0.9388864 -0.26459378 -13.246216 -0.97292405 0.23090246 0.009749135 -161.1278 0.07020432 0.25521776 0.9643164 5.22583
0.21801852 0.9388311 -0.2664866 -13.051147 -0.9730076 0.2302398 0.015079817 -162.0625 0.07547903 0.25607556 0.96370405 5.303955
0.21570241 0.9388631 -0.26849687 -12.843872 -0.97314006 0.22949219 0.020742042 -163.01196 0.0810156 0.25676692 0.96305305 5.3945312
0.21406594 0.9373595 -0.2749323 -12.639648 -0.97343534 0.228213 0.02011349 -163.95935 0.08161373 0.26334718 0.96124935 5.484009
0.21485317 0.9364722 -0.2773918 -12.445435 -0.97325665 0.22913164 0.019728499 -164.90686 0.08197675 0.265745 0.9605416 5.572754
0.21559463 0.9366335 -0.27610195 -12.234863 -0.97332466 0.22883998 0.016284123 -165.86267 0.07843691 0.26522294 0.9609913 5.6707764
0.2174531 0.9371475 -0.2725478 -12.022583 -0.97321 0.22917996 0.011528355 -166.80518 0.07330887 0.26276886 0.9620789 5.755127
0.22109143 0.93732786 -0.26936573 -11.808716 -0.9729063 0.23112707 0.0057593742 -167.73914 0.067652985 0.26072147 0.96303326 5.835205
0.22192615 0.9394441 -0.26123357 -11.582642 -0.97286737 0.23140715 0.0056838896 -168.65076 0.06580422 0.25289285 0.96525806 5.9257812
0.22305459 0.9414242 -0.25282267 -11.354004 -0.9725803 0.23232639 0.007055538 -169.57898 0.06538366 0.24428768 0.9674936 5.9991455
0.22652687 0.9400383 -0.25509056 -11.142822 -0.97190857 0.235476 0.00472128 -170.5127 0.064437 0.24684153 0.9668972 6.0821533
0.22903603 0.93781155 -0.2608738 -10.934204 -0.9711591 0.23843752 0.0045500835 -171.43286 0.06641187 0.2523158 0.96535265 6.159912
0.23453882 0.93637884 -0.26160797 -10.714233 -0.96976113 0.24451974 0.005853843 -172.354 0.06939329 0.2522388 0.9651577 6.243164
0.24241632 0.93266076 -0.26708716 -10.487549 -0.96750844 0.2527273 0.004333751 -173.27014 0.071573496 0.25740874 0.96365905 6.3131104
0.25181344 0.9282618 -0.27364728 -10.27356 -0.9649361 0.26242277 0.002226393 -174.18237 0.073877886 0.26352462 0.9618222 6.39917
0.26429856 0.92569137 -0.2708612 -10.020142 -0.96153325 0.2749327 0.0013583209 -175.09912 0.07572482 0.26008195 0.962614 6.5010986
0.27356002 0.92355144 -0.2685454 -9.75293 -0.958578 0.28461835 0.0022828963 -175.98315 0.07861975 0.2568456 0.9632696 6.5808105
0.2882158 0.9193432 -0.26783037 -9.490967 -0.954419 0.29844663 -0.0026052175 -176.89294 0.07751857 0.2563576 0.9634629 6.673218
0.30051064 0.9152171 -0.26832488 -9.216187 -0.9504158 0.31084275 -0.0042179497 -177.79297 0.07957535 0.2563361 0.9633164 6.7685547
0.3121854 0.91163504 -0.2674763 -8.917236 -0.94651675 0.3228006 -0.0045323493 -178.66943 0.08217257 0.25461847 0.9635391 6.8531494
0.32546303 0.9061781 -0.27041668 -8.618286 -0.9418105 0.3363931 -0.006267766 -179.57129 0.0853046 0.25667465 0.9627288 6.9522705
0.33647957 0.90149736 -0.27202123 -8.307983 -0.93706053 0.3490717 -0.0022749272 -180.45032 0.09288428 0.25573736 0.9622732 7.0546875
0.34375694 0.8965141 -0.27894992 -7.9959717 -0.9330272 0.35935754 0.0051718047 -181.29688 0.10486593 0.2585147 0.96029365 7.149048
0.35491812 0.89186627 -0.2803392 -7.668457 -0.9279499 0.3725198 0.010344521 -182.15625 0.1136471 0.25643498 0.9598521 7.258667
0.36719492 0.88746387 -0.2784973 -7.320801 -0.92313766 0.38432994 0.0075418856 -183.00659 0.11378981 0.25429302 0.9604242 7.3724365
0.38049325 0.8823665 -0.27672392 -6.97229 -0.9177721 0.39697465 0.003880938 -183.86096 0.113279626 0.2524872 0.96094614 7.4959717
0.3893919 0.8792634 -0.2745879 -6.611328 -0.9137214 0.40649533 0.0058600833 -184.69763 0.116775244 0.24865466 0.96153075 7.6187744
0.39397562 0.8775333 -0.27366382 -6.2332764 -0.9105108 0.41347417 0.015064098 -185.52612 0.12630814 0.24324882 0.9616893 7.7454834
0.3969078 0.87684464 -0.27115315 -5.8573 -0.90791214 0.41837436 0.023887536 -186.3678 0.13443954 0.2367519 0.9622376 7.874634
0.39962813 0.8758988 -0.2703151 -5.4853516 -0.9061471 0.42196912 0.027684351 -187.21375 0.13835968 0.23382173 0.9623958 8.015991
0.403041 0.87491643 -0.26815447 -5.095337 -0.9044731 0.42537472 0.02842807 -188.0498 0.13895978 0.23112601 0.96295434 8.157959
0.40721366 0.87331617 -0.26675284 -4.712036 -0.90222937 0.42977518 0.029747028 -188.89392 0.14067501 0.22855388 0.9633258 8.303345
0.41399896 0.87046343 -0.2661772 -4.336426 -0.899779 0.43557224 0.024971077 -189.72412 0.1376661 0.2291585 0.96360207 8.43811
0.42047322 0.86792827 -0.2645583 -3.9414062 -0.89711595 0.4413237 0.02206258 -190.57532 0.13588573 0.22798732 0.9641299 8.578491
0.42748058 0.8655816 -0.26110458 -3.5458984 -0.8941794 0.44747066 0.019468319 -191.40857 0.13364822 0.22513309 0.96510834 8.727173
0.43211 0.8644521 -0.256698 -3.144043 -0.89138365 0.45252073 0.023403283 -192.21912 0.13639489 0.2187218 0.96620804 8.866211
0.43774414 0.8626557 -0.25351167 -2.7421875 -0.887953 0.45910105 0.028997803 -193.00476 0.14138174 0.21241249 0.966893 9.00354
0.44334805 0.8590967 -0.2554942 -2.3426514 -0.8844615 0.46547335 0.030359535 -193.81189 0.14505471 0.2125247 0.96634126 9.148682
0.44826487 0.8554499 -0.25919324 -1.9365234 -0.88123643 0.47146004 0.031977564 -194.62463 0.14959219 0.2140261 0.96531624 9.295044
0.45637167 0.8518145 -0.25750378 -1.5126953 -0.87729895 0.47916177 0.030221503 -195.432 0.14913614 0.212067 0.96581155 9.442871
0.46420825 0.8488031 -0.25332266 -1.1086426 -0.8737504 0.48576996 0.026538825 -196.19666 0.14558831 0.2089721 0.9670262 9.592285
0.47042552 0.84565413 -0.25211027 -0.6798096 -0.8704479 0.49161345 0.024816845 -197.00378 0.14493306 0.20775455 0.96738625 9.739136
0.47641993 0.84237456 -0.2520619 -0.23925781 -0.86641794 0.49859574 0.028714206 -197.80237 0.14982986 0.2046535 0.96729136 9.890747
0.4810899 0.8393664 -0.2533241 0.18713379 -0.86315084 0.5041463 0.031198898 -198.56885 0.1539045 0.20364201 0.9668745 10.040039
0.48650834 0.8356852 -0.25522435 0.6303711 -0.8595476 0.5102169 0.03211682 -199.3424 0.15710196 0.20369098 0.966362 10.1796875
0.4925587 0.8322735 -0.2542862 1.0853271 -0.85577995 0.5163133 0.03220376 -200.11987 0.15807909 0.20179604 0.96658075 10.341064
0.4994188 0.8274603 -0.2566497 1.5205078 -0.85174644 0.52310896 0.029148176 -200.87842 0.15836981 0.20401348 0.966073 10.491821
0.505656 0.8224093 -0.26037621 1.9735107 -0.8477272 0.5296032 0.02646938 -201.64954 0.15969001 0.20735596 0.9651507 10.645264
0.5134269 0.81694657 -0.26251218 2.4421387 -0.8427741 0.5376141 0.02478008 -202.44458 0.1613701 0.20850831 0.96461517 10.802734
0.51875925 0.8153287 -0.2572353 2.9089355 -0.83936155 0.5428885 0.027959438 -203.18665 0.16249084 0.20142372 0.9659442 10.96106
0.5238363 0.8131699 -0.25367722 3.3972168 -0.8359967 0.5478934 0.029981479 -203.95557 0.16339353 0.19633342 0.9668366 11.115234
0.53022105 0.80824846 -0.25600493 3.8833008 -0.8318625 0.55426836 0.026986666 -204.74487 0.16373049 0.19867834 0.9662969 11.282837
0.5331289 0.8060788 -0.2573118 4.3459473 -0.82996196 0.5573919 0.026552247 -205.47534 0.16476998 0.19937931 0.96595466 11.430908
0.53710634 0.8027925 -0.25870037 4.8310547 -0.8268763 0.56166863 0.026234461 -206.23193 0.16635746 0.19983979 0.9656006 11.590698
0.54307073 0.79843915 -0.25995257 5.3009033 -0.8235979 0.56680024 0.02035149 -206.9873 0.16358626 0.2030086 0.96541613 11.761597
0.5482997 0.7929599 -0.26554856 5.776367 -0.8201958 0.5718346 0.014029931 -207.7218 0.16300504 0.21010414 0.96400446 11.909546
0.5521768 0.7897806 -0.26729897 6.2701416 -0.81774986 0.5755364 0.011220412 -208.46753 0.16273324 0.21235044 0.9635592 12.062744
0.55532426 0.7884393 -0.26459563 6.7668457 -0.8150467 0.5792523 0.0154587 -209.19055 0.16541733 0.20711593 0.96421605 12.22522
0.557493 0.7864381 -0.2660367 7.2678223 -0.8130786 0.58197975 0.01657797 -209.92688 0.16783886 0.20705985 0.9638157 12.383057
0.5589876 0.7858358 -0.26467267 7.779175 -0.8119471 0.583509 0.017639106 -210.65967 0.16831884 0.20503077 0.9641797 12.543213
0.5607958 0.7847673 -0.26398358 8.27478 -0.8108967 0.5849905 0.016368655 -211.38171 0.16731308 0.2048931 0.9643893 12.710327
0.56198454 0.78451526 -0.26214755 8.780884 -0.8111164 0.5847948 0.011248064 -212.10059 0.16210958 0.20631409 0.96495813 12.875
0.56450933 0.7835813 -0.2591531 9.29248 -0.81003433 0.5861856 0.007917688 -212.818 0.15811867 0.2054942 0.9658002 13.0321045
0.5660045 0.7828403 -0.25856122 9.789307 -0.8095463 0.58706546 0.0052961595 -213.53662 0.15595728 0.2062916 0.9659885 13.18811
0.56597644 0.7819642 -0.26115248 10.276367 -0.8087221 0.5881287 0.008342885 -214.2362 0.1601144 0.20647489 0.9652623 13.34375
0.56432784 0.78214085 -0.26429677 10.775635 -0.8091342 0.5875828 0.011190804 -214.94666 0.16402984 0.20753464 0.96437097 13.4921875
0.5641676 0.7827947 -0.26253718 11.272461 -0.8092468 0.5873307 0.01222976 -215.65381 0.16375618 0.20556976 0.9648398 13.641602
0.5650681 0.7826959 -0.26123008 11.769043 -0.8087929 0.5880924 0.012501558 -216.35168 0.16343541 0.20419416 0.96519804 13.801514
0.5659954 0.78055334 -0.26520744 12.250488 -0.8078918 0.589182 0.009940476 -217.0553 0.16400419 0.2085923 0.96415293 13.951782
0.56588215 0.7803276 -0.26602334 12.745605 -0.8076674 0.58948225 0.011065225 -217.76245 0.16542427 0.20866688 0.9638831 14.108032
0.56576896 0.78215224 -0.26098275 13.234985 -0.8071784 0.58999926 0.018324321 -218.45056 0.16833927 0.2003226 0.96516585 14.258057
0.5651663 0.7833119 -0.2587627 13.723145 -0.8068464 0.59019846 0.024375275 -219.1206 0.1718335 0.19499305 0.9656419 14.411743
0.56435823 0.7829419 -0.2613992 14.212524 -0.80671173 0.5902307 0.026152972 -219.81409 0.17477137 0.19618015 0.96486604 14.578857
0.5650562 0.7820916 -0.26297608 14.69397 -0.8064381 0.5909114 0.024524266 -220.50452 0.17460561 0.19822657 0.96448606 14.744141
0.5655402 0.7817077 -0.26301706 15.169556 -0.80580926 0.59168357 0.02588126 -221.16321 0.1758416 0.19729188 0.96444213 14.898926
0.5667164 0.77890193 -0.2683741 15.659058 -0.8051322 0.59267217 0.01995084 -221.87158 0.17458032 0.20481335 0.9630985 15.05481
0.5700773 0.7754619 -0.271413 16.140259 -0.8035248 0.59513277 0.012619972 -222.56323 0.17133048 0.21090491 0.96237946 15.21582
0.57343227 0.77283305 -0.272169 16.627686 -0.80249256 0.59681964 0.0039417297 -223.24963 0.16543745 0.21614033 0.9622289 15.383057
0.5773484 0.7694559 -0.27324182 17.09729 -0.799788 0.6003699 0.00073302747 -223.90906 0.1645753 0.21816227 0.9619209 15.5373535
0.57835007 0.7676673 -0.2760664 17.580933 -0.797801 0.6028797 0.0050806836 -224.57104 0.17036442 0.21725893 0.96114457 15.700317
0.5831258 0.76266813 -0.28018913 18.091675 -0.7933484 0.60889566 0.0062685516 -225.24976 0.17540865 0.21857995 0.9599331 15.845337
0.58884275 0.75696784 -0.28323334 18.600098 -0.7881453 0.61543554 0.006287661 -225.93323 0.17903474 0.21954109 0.9590219 15.999268
0.5981808 0.75086045 -0.2796545 19.074463 -0.7816386 0.6235656 0.0023416963 -226.55554 0.17614414 0.21720469 0.96010405 16.16858
0.60769117 0.74201846 -0.28313887 19.552612 -0.77451205 0.6325592 -0.004567772 -227.16858 0.17572828 0.2220279 0.9590823 16.320679
0.61716694 0.7323606 -0.2878008 20.070312 -0.7659292 0.64297795 -0.0063047535 -227.81714 0.18041208 0.22433928 0.9576556 16.490112
0.62720346 0.7235619 -0.28826365 20.595825 -0.75669503 0.65378255 -0.0053419503 -228.46484 0.18455614 0.221487 0.95752347 16.657837
0.63790244 0.7137414 -0.28946513 21.098267 -0.7472666 0.6645742 -0.008121653 -229.05225 0.18657927 0.22144862 0.95715946 16.825806
0.6467262 0.70236534 -0.29748753 21.579834 -0.73803884 0.6747336 -0.011400992 -229.61206 0.19268388 0.22692719 0.9546458 16.969238
0.6541109 0.69607246 -0.2959725 22.10559 -0.72898674 0.6844845 -0.0013162689 -230.1853 0.20169732 0.21659641 0.9552126 17.1427
0.66039765 0.68986416 -0.29655334 22.643433 -0.720033 0.69387716 0.010684237 -230.755 0.21312611 0.20652439 0.95493305 17.321655
0.6678295 0.6811075 -0.30009666 23.148315 -0.70958704 0.7043205 0.019437611 -231.28235 0.22461036 0.1999742 0.9537111 17.490845
