1 0 0 0 0 1 0 0 0 0 1 0
0.99987787 0.00079272917 0.015608145 -0.019005713 -0.00078521061 0.99999957 -0.00048783357 -0.0065617601 -0.015608527 0.00047551834 0.99987807 0.10467836
0.9993022 0.0029055062 0.037238015 0.0019664611 -0.0028867408 0.99999568 -0.00055769486 0.00040014379 -0.037239477 0.00044980925 0.99930627 0.23973193
0.99794502 0.0052433186 0.063861188 0.059280641 -0.0052972855 0.99998574 0.0006757712 0.0030604676 -0.06385674 -0.0010126734 0.99795856 0.3990512
0.9952358 0.0044922704 0.097393684 0.083745308 -0.0048564955 0.99998207 0.0035029784 0.0015115585 -0.097376209 -0.0039592815 0.99523977 0.5673271
0.99088846 0.0016724871 0.13467462 0.17181482 -0.0024142586 0.9999828 0.0053447527 -0.00017394019 -0.13466337 -0.0056211931 0.99087546 0.78696275
0.98467295 -0.0017984837 0.17440168 0.22919796 0.00077825343 0.99998219 0.0059181002 -0.0082558367 -0.17440923 -0.0056916645 0.98465681 0.97467676
0.97608596 -0.002304638 0.21737271 0.30866128 0.00079196659 0.99997486 0.0070457451 -0.0077547901 -0.2173835 -0.0067051009 0.97606325 1.1620737
0.96427245 -0.0020548016 0.26490455 0.41611808 -0.00066366426 0.99994804 0.010172147 0.002699407 -0.26491171 -0.0099845283 0.96422098 1.3739143
0.94989428 -0.0060020769 0.31251372 0.55673811 0.00067499797 0.99985268 0.017151298 0.012550985 -0.31257065 -0.016080974 0.94975839 1.6349634
0.93268561 -0.015716156 0.36034781 0.68948331 0.0071698826 0.99966071 0.0250413 0.002053848 -0.36061913 -0.020772009 0.93248184 1.8326331
0.91171064 -0.021343348 0.41027814 0.86498045 0.0098351922 0.9994973 0.030139968 -0.0013901285 -0.41071521 -0.023443766 0.91146224 2.0630559
0.88631771 -0.023115161 0.46250036 1.0383128 0.0083916828 0.99939113 0.033866762 5.0922526e-05 -0.46300163 -0.026135555 0.88597203 2.3006537
0.8582699 -0.025345199 0.51257231 1.2169148 0.0064962682 0.99923626 0.038531714 0.018042324 -0.51315748 -0.029740804 0.85777905 2.4952454
0.82657066 -0.030589381 0.56200107 1.4453395 0.0075855883 0.99903677 0.043220366 0.018148593 -0.56278187 -0.031461578 0.82600652 2.7369035
0.79057494 -0.036245525 0.61129166 1.6611008 0.0097876282 0.99886717 0.04656797 0.022630754 -0.6122871 -0.030832375 0.79003411 2.9316643
0.75303948 -0.040866237 0.656705 1.9323043 0.011050841 0.99871411 0.049477267 0.032552585 -0.65788256 -0.030001193 0.75252276 3.1502327
0.71310842 -0.044042265 0.69966893 2.2399856 0.011996363 0.99864516 0.050635216 0.046347118 -0.70095115 -0.027714917 0.71267062 3.3973485
0.67116103 -0.045880465 0.73989041 2.5307311 0.011273084 0.99859919 0.051697035 0.061790591 -0.74122591 -0.026356188 0.67073807 3.5898623
0.62852483 -0.046300238 0.77641018 2.8623647 0.0070181466 0.9985236 0.053864313 0.082902966 -0.77775789 -0.028406098 0.62792182 3.8166574
0.58678039 -0.047075176 0.80837655 3.2187957 0.0039041462 0.99846156 0.055310705 0.097516591 -0.80973674 -0.029299217 0.58606145 4.0118499
0.54727131 -0.048209486 0.83556562 3.5787238 0.0020611699 0.99841429 0.05625533 0.11925991 -0.83695276 -0.029064685 0.54650286 4.2326947
0.50854765 -0.05084847 0.85953107 4.0299419 0.0010388566 0.99829023 0.058442591 0.13738702 -0.86103326 -0.028827912 0.50773097 4.4468556
0.47111064 -0.050661929 0.880618 4.416986 -0.0019721408 0.99828626 0.05848643 0.15970544 -0.88207196 -0.029290282 0.47020337 4.625453
0.43416839 -0.049995291 0.89944328 4.8790295 -0.0030223796 0.99837228 0.056953157 0.18452075 -0.9008267 -0.027445719 0.43331058 4.8111232
0.40090266 -0.048721684 0.91482413 5.3667513 -0.0019932763 0.99853605 0.054053523 0.20124612 -0.91611853 -0.023493698 0.40021864 5.0109031
0.36987039 -0.046905818 0.92789852 5.8961683 5.0554335e-05 0.99872578 0.050466025 0.22745464 -0.9290834 -0.018618979 0.36940147 5.1908525
0.34517661 -0.045118058 0.93745261 6.4352809 0.0011909535 0.99886409 0.047635174 0.24920613 -0.93853703 -0.015326085 0.34483826 5.3733053
0.3240219 -0.044535901 0.94500068 7.0132106 0.0022334234 0.99892455 0.046311424 0.27485188 -0.94604698 -0.012895329 0.3237729 5.5550686
0.31038241 -0.045093743 0.94954159 7.5783364 0.003286947 0.99891919 0.046364262 0.29711952 -0.95060614 -0.011269558 0.31019517 5.7282347
0.2979308 -0.046629426 0.95344788 8.1879949 0.0042001313 0.9988606 0.04753794 0.31606912 -0.95457827 -0.01015841 0.29778719 5.9070288
0.28769179 -0.04848576 0.9564949 8.8364926 0.0033203743 0.99876217 0.049629641 0.34636579 -0.95771733 -0.011102119 0.28749667 6.0983345
0.27713125 -0.050024335 0.95952892 9.4798946 0.0011538751 0.99866038 0.051731162 0.37375538 -0.96083142 -0.013229145 0.27681772 6.3115799
0.2658069 -0.051939994 0.96262602 10.179188 0.00094883579 0.99856113 0.053616929 0.40334735 -0.96402586 -0.013338375 0.26547372 6.4750122
0.25669047 -0.053893847 0.96498983 10.890633 -0.00040464977 0.998438 0.055869536 0.43190973 -0.96649362 -0.01473166 0.25626771 6.6765318
0.24601812 -0.055382671 0.96768165 11.625437 -0.00058972291 0.99835751 0.057288249 0.46384135 -0.96926509 -0.014664611 0.24558137 6.8465003
0.23508118 -0.056974633 0.97030441 12.382487 -0.0013581586 0.9982603 0.058945204 0.49456097 -0.97197483 -0.015174735 0.23459482 7.0218483
0.22596674 -0.059738612 0.97230152 13.13518 -0.0023375261 0.99808174 0.061865809 0.52761003 -0.97413225 -0.016252395 0.22539363 7.2175722
0.21487928 -0.063320863 0.9745857 13.905862 -0.0044234721 0.99782264 0.065805914 0.56978496 -0.97663064 -0.01845138 0.21413131 7.3861264
0.20153453 -0.066828696 0.97719889 14.716572 -0.0044355786 0.99759721 0.069138476 0.60979222 -0.97947141 -0.018268232 0.20075386 7.5385176
0.18801474 -0.069598842 0.97969708 15.491922 -0.0050664324 0.99740409 0.071829072 0.64728297 -0.98215318 -0.018468493 0.18717405 7.681921
0.17292476 -0.070080319 0.98243865 16.302242 -0.005869876 0.99737443 0.072178924 0.6878109 -0.98491759 -0.018248316 0.17205937 7.8342906
0.15986683 -0.069374046 0.9846978 17.07661 -0.0071359537 0.99742017 0.071428894 0.72947207 -0.98711284 -0.018445868 0.15895935 7.9762697
0.14364684 -0.068389581 0.98726307 17.876379 -0.0085575891 0.99748616 0.070342883 0.76529019 -0.98959206 -0.018553124 0.14270048 8.0830363
0.12227115 -0.066772742 0.99024799 18.727351 -0.011564939 0.99757071 0.068694498 0.80715405 -0.99242939 -0.019851512 0.12120189 8.1742921
0.097860986 -0.065494063 0.99304263 19.535555 -0.015917461 0.99760153 0.067363346 0.84508534 -0.99507283 -0.02239896 0.096583769 8.2642628
0.068074711 -0.064860519 0.99556962 20.365736 -0.020058744 0.99759384 0.066363964 0.88501503 -0.9974786 -0.024487583 0.066609891 8.3302427
0.034841211 -0.064606113 0.99730239 21.234156 -0.022810847 0.99759692 0.065422099 0.91828386 -0.99913254 -0.025028696 0.033283763 8.3410465
-0.00013520406 -0.064200495 0.99793697 22.076775 -0.024244515 0.9976439 0.064178356 0.9612349 -0.99970609 -0.02418582 -0.0016913969 8.3512785
-0.034236655 -0.062949944 0.99742923 22.920439 -0.025604873 0.99774201 0.062090799 0.99036295 -0.99908575 -0.023413267 -0.035771176 8.3170289
-0.067967652 -0.061044694 0.99581819 23.700824 -0.02800498 0.9978498 0.059257808 1.0232128 -0.99729444 -0.023860254 -0.069531066 8.2212526
-0.099070238 -0.057817285 0.9933993 24.578388 -0.030032346 0.99802954 0.055091691 1.0595094 -0.99462718 -0.024376164 -0.10061141 8.1563867
-0.13066998 -0.053322255 0.98999091 25.422938 -0.027206596 0.99836943 0.050182505 1.0795638 -0.99105259 -0.020376935 -0.13190763 8.0294994
-0.16369015 -0.047937767 0.98534635 26.256865 -0.022382017 0.99874202 0.044871274 1.100909 -0.98625791 -0.014709053 -0.16455717 7.8614745
-0.19382515 -0.041736145 0.98014786 27.085146 -0.017134255 0.99908626 0.039154256 1.1147904 -0.98088649 -0.009205023 -0.19436316 7.6990468
-0.22260029 -0.03607475 0.97424209 27.884199 -0.010982191 0.99934453 0.034494985 1.1292735 -0.97484798 -0.0030207183 -0.22285056 7.4932261
-0.25095915 -0.029252797 0.96755553 28.701327 -0.0018640643 0.99955603 0.029736801 1.1437993 -0.96799592 0.0056591376 -0.25090226 7.270724
-0.27853643 -0.019053672 0.9602366 29.513413 0.0049195765 0.99976177 0.021264982 1.1440951 -0.96041311 0.010647031 -0.27837634 6.9894262
-0.30257947 -0.003975156 0.95311583 30.286814 0.0083562628 0.99994181 0.0068232619 1.1340869 -0.95308757 0.010029066 -0.30252865 6.7273873
-0.32797432 0.012805101 0.94459981 31.042087 0.0091658919 0.9999042 -0.010372325 1.1130406 -0.94464221 0.0052562446 -0.32806027 6.4600631
-0.35358112 0.027673801 0.93499437 31.838378 0.0073157715 0.99961351 -0.026819825 1.0810477 -0.9353753 -0.0026427775 -0.35364692 6.1585865
-0.37812644 0.038635978 0.92494734 32.615847 0.012322629 0.99925027 -0.036702087 1.0420678 -0.92567198 -0.0024802463 -0.37831905 5.8463979
-0.40188931 0.043310533 0.91466339 33.378157 0.015805586 0.9990601 -0.040362092 0.99741305 -0.91555188 -0.0017643009 -0.40219612 5.5118154
-0.42430256 0.042461306 0.90452436 34.095339 0.018253087 0.99909808 -0.038338576 0.94994147 -0.90533653 0.00024320684 -0.42469492 5.1566018
-0.44480153 0.039299694 0.89476649 34.844298 0.022572082 0.9992114 -0.032666182 0.91279166 -0.89534472 0.0056667757 -0.44533783 4.7784941
-0.46295173 0.038217696 0.88555917 35.595278 0.029481547 0.99918119 -0.027708899 0.87102082 -0.88589311 0.013279772 -0.46369938 4.3915154
-0.47657526 0.039041942 0.8782663 36.285428 0.033635892 0.9990917 -0.026161138 0.8291625 -0.87849002 0.01707352 -0.4774556 3.9997152
-0.48758645 0.04206369 0.8720608 36.967623 0.036158594 0.99895464 -0.027967404 0.77948985 -0.87232567 0.017895966 -0.48859772 3.5845875
-0.49819635 0.045071127 0.86589198 37.680444 0.037984815 0.99882381 -0.03013565 0.73843457 -0.86623185 0.017877277 -0.4993224 3.1795107
-0.50808928 0.043902001 0.86018477 38.360966 0.031314453 0.99898141 -0.032489234 0.68160778 -0.86073501 0.010428785 -0.50894651 2.7893689
-0.51955056 0.042846571 0.8533647 39.074838 0.029980652 0.99904107 -0.031907833 0.65620832 -0.8539136 0.009006699 -0.52033692 2.3711946
-0.52816057 0.044262584 0.84799008 39.726197 0.032130066 0.99896709 -0.032131308 0.6176014 -0.84853647 0.010275489 -0.52903718 1.9355401
-0.53502259 0.047707005 0.84348966 40.411512 0.036016246 0.99878467 -0.033645367 0.56915279 -0.84406973 0.012378301 -0.53609059 1.5076954
-0.53885248 0.050846643 0.84086418 41.113379 0.036632342 0.99864685 -0.036912515 0.52897491 -0.84160331 0.010912425 -0.53998596 1.0646472
-0.53888958 0.051838898 0.84077981 41.813315 0.035574598 0.99861474 -0.038769136 0.48190569 -0.84162493 0.0090181207 -0.53998723 0.61216081
-0.5358995 0.053135409 0.84260803 42.517737 0.038617134 0.99851573 -0.038406516 0.44669147 -0.84339819 0.011957075 -0.53715602 0.16910564
-0.52986301 0.051803631 0.84649957 43.267224 0.036735611 0.99859781 -0.03811715 0.39877148 -0.84728729 0.010899812 -0.53102307 -0.29229132
-0.52312507 0.050529358 0.85075665 44.032522 0.034638238 0.99867661 -0.03801599 0.35634365 -0.85155177 0.009581595 -0.52418302 -0.76374526
-0.51561134 0.049775262 0.85537553 44.827781 0.032713012 0.99872692 -0.03839798 0.30614042 -0.85619791 0.0081834773 -0.51658323 -1.219184
-0.50915481 0.048756334 0.85929281 45.637095 0.029743598 0.99879457 -0.039047766 0.25569969 -0.86016089 0.0056771033 -0.50999125 -1.6879361
-0.5049697 0.046218398 0.86189872 46.421481 0.025526821 0.99892822 -0.03861079 0.2066701 -0.86275955 0.0025042564 -0.5056083 -2.1351701
-0.50322603 0.043476442 0.86306042 47.275596 0.0204007 0.99905295 -0.038431959 0.1595532 -0.86391402 -0.0017329245 -0.5036364 -2.6166484
-0.50386348 0.041095081 0.86280515 48.094758 0.017762056 0.99914936 -0.037216365 0.10825301 -0.8636007 -0.003426773 -0.50416481 -3.100467
-0.50451569 0.03974017 0.86248744 48.96885 0.016430941 0.99920119 -0.036428074 0.065857965 -0.8632462 -0.0042070538 -0.50476565 -3.5963644
-0.50622033 0.039220874 0.86151183 49.8115 0.016852941 0.99922445 -0.035587617 0.017906202 -0.86223954 -0.0034961661 -0.50648872 -4.0751021
-0.50576645 0.038499782 0.86181089 50.685607 0.016247436 0.99925156 -0.035104637 -0.035640027 -0.86251747 -0.0037525295 -0.50601344 -4.5949352
-0.50569531 0.037830604 0.86188226 51.574983 0.01652821 0.99927957 -0.034163726 -0.086856914 -0.86255384 -0.0030310643 -0.50595626 -5.1111982
-0.50649944 0.037224426 0.86143635 52.453409 0.016306908 0.99930252 -0.033593918 -0.13698334 -0.86208611 -0.0029679367 -0.50675319 -5.6066424
-0.50607425 0.035983673 0.86173892 53.367837 0.014616773 0.99934364 -0.033145632 -0.19080843 -0.86236609 -0.0041783077 -0.50626805 -6.1419741
-0.50595617 0.035107183 0.86184441 54.268747 0.01388814 0.99937341 -0.032556217 -0.25092748 -0.86244741 -0.0045026021 -0.50612671 -6.6621114
-0.50560387 0.034371026 0.86208079 55.15378 0.012668894 0.99939418 -0.032415477 -0.30488287 -0.86267276 -0.0054677797 -0.50573301 -7.1707533
-0.50462175 0.03307848 0.86270658 56.045598 0.012464577 0.99944072 -0.031030344 -0.35823755 -0.86325059 -0.004905313 -0.50475184 -7.6754547
-0.5023034 0.030808454 0.86414239 56.942654 0.012695623 0.99952011 -0.028255313 -0.41058166 -0.86459828 -0.0032219123 -0.50245348 -8.1925221
-0.49996168 0.029609739 0.86554117 57.824277 0.013496145 0.99956038 -0.026398704 -0.45246691 -0.8659424 -0.0015168703 -0.50014151 -8.7060169
-0.49763642 0.029336795 0.86688943 58.714004 0.013428314 0.99956866 -0.02611835 -0.50561978 -0.86728181 -0.0013565774 -0.49781571 -9.2059103
-0.49493804 0.02983494 0.86841588 59.617169 0.013925231 0.99955436 -0.026403843 -0.5623694 -0.86881672 -0.00097537356 -0.49513294 -9.7128288
-0.49405481 0.03023414 0.86890487 60.490584 0.014369992 0.99954263 -0.026609066 -0.60573522 -0.86931203 -0.00066018033 -0.49426331 -10.193202
-0.49518195 0.031225542 0.86822793 61.385339 0.013403628 0.99950954 -0.028302466 -0.65484169 -0.86868593 -0.0023774652 -0.49535762 -10.691797
-0.4980827 0.033226405 0.86649268 62.26465 0.01198367 0.99943394 -0.031435623 -0.71364348 -0.86704675 -0.0052737771 -0.49819893 -11.189848
-0.50259866 0.033715455 0.86386214 63.131668 0.01084518 0.99940651 -0.032695808 -0.76708839 -0.86445187 -0.0070641279 -0.50266602 -11.688662
-0.50791174 0.032018351 0.86081381 64.013065 0.010247904 0.99946284 -0.031128823 -0.81814026 -0.86134819 -0.0069891571 -0.50796704 -12.195475
-0.51371892 0.030209339 0.8574265 64.877158 0.01401328 0.99954204 -0.02682051 -0.87992863 -0.85784413 -0.0017628453 -0.51390699 -12.711087
-0.51902151 0.028233814 0.85429471 65.725177 0.01129575 0.9995936 -0.02617317 -0.92505497 -0.85468657 -0.0039345382 -0.51912951 -13.221475
-0.52325306 0.030165879 0.85164323 66.564801 0.012116866 0.99953561 -0.027959691 -0.97519504 -0.85209124 -0.0043107461 -0.52337558 -13.751686
-0.52836778 0.032553257 0.84839125 67.393392 0.012417338 0.99945408 -0.030616256 -1.0283476 -0.84892482 -0.0056418817 -0.52848356 -14.255232
-0.53338099 0.032901379 0.84523497 68.236375 0.011112686 0.99942958 -0.031890913 -1.0759693 -0.84580215 -0.0076171756 -0.53344236 -14.777252
-0.5367854 0.033610852 0.84304904 69.061241 0.010204831 0.99939176 -0.033346343 -1.1328381 -0.84365713 -0.0092966561 -0.53680189 -15.304773
-0.54050711 0.032435008 0.84071396 69.883576 0.010213921 0.99943594 -0.031991873 -1.1853007 -0.84127748 -0.0087048484 -0.54053352 -15.814507
-0.54236815 0.02577374 0.83974546 70.720576 0.011664448 0.99966399 -0.023148268 -1.2419812 -0.84005999 -0.0027597151 -0.54248655 -16.358282
-0.54433008 0.018264205 0.83867224 71.526223 0.012910363 0.99982694 -0.013394439 -1.2697204 -0.83877181 0.0035365674 -0.54447168 -16.885449
-0.54668701 0.015781107 0.83718828 72.348886 0.013493361 0.99985859 -0.010036248 -1.3063499 -0.83722835 0.0058097987 -0.54682264 -17.404222
-0.54788865 0.02066143 0.83629604 73.165868 0.013255278 0.99978386 -0.016016514 -1.3455109 -0.83644628 0.0023100708 -0.54804411 -17.927103
-0.54902488 0.025948363 0.83540308 73.952053 0.013743907 0.9996631 -0.022017963 -1.3859728 -0.83569303 -0.0006067067 -0.54919655 -18.45137
-0.5493435 0.030865632 0.83502633 74.744992 0.019831805 0.99951765 -0.023898971 -1.4200892 -0.83536128 0.0034313355 -0.54969065 -18.969475
-0.54953404 0.03194057 0.83486051 75.542069 0.023388075 0.99946545 -0.022843279 -1.4617119 -0.83514394 0.0069726221 -0.54998732 -19.496512
-0.54897147 0.029323033 0.83532654 76.339651 0.023093965 0.99953502 -0.019910142 -1.5060689 -0.83552203 0.0083609027 -0.54939339 -20.025266
-0.54842218 0.023981532 0.83585761 77.141718 0.021251909 0.99966552 -0.014737548 -1.5335435 -0.83593153 0.0096811725 -0.5487484 -20.539891
-0.54768878 0.018135198 0.83648554 77.934218 0.019425974 0.99977118 -0.0089561138 -1.5710719 -0.83645663 0.011344385 -0.54791576 -21.051246
-0.54679785 0.011783983 0.83718169 78.76055 0.010588396 0.99991831 -0.0071589082 -1.6059614 -0.83719774 0.0049499364 -0.54687796 -21.579845
-0.54601477 0.0057571107 0.83775573 79.538707 0.0012367934 0.99998084 -0.0060658393 -1.6315612 -0.83777467 -0.0022759063 -0.54601143 -22.054594
-0.54439944 0.0067854966 0.83879863 80.334214 0.0051084604 0.99997556 -0.0047738354 -1.6543301 -0.83881059 0.0016860971 -0.5444208 -22.565103
-0.54094712 0.010413388 0.8409921 81.129699 0.010892374 0.99992623 -0.0053751052 -1.6827011 -0.8409861 0.0062527535 -0.54102065 -23.077783
-0.53556857 0.012979502 0.84439196 81.902355 0.011015155 0.99990419 -0.0083834126 -1.7114432 -0.84441994 0.0048112169 -0.53566023 -23.566086
-0.52868562 0.015243166 0.8486808 82.688543 0.016317565 0.99983649 -0.0077930487 -1.7353496 -0.8486609 0.0097283322 -0.5288479 -24.049744
-0.51974185 0.018156769 0.85413036 83.513887 0.024116565 0.99968753 -0.006575937 -1.7711003 -0.85398294 0.017180901 -0.52001733 -24.561773
-0.50934918 0.017709704 0.86037766 84.331243 0.022773321 0.99971547 -0.0070958281 -1.7937961 -0.86025859 0.015979403 -0.50960757 -25.043158
-0.49921548 0.014291661 0.86635996 85.121365 0.017520166 0.99982604 -0.0063978444 -1.8203862 -0.86630076 0.011984869 -0.49937903 -25.494009
-0.48785452 0.012203816 0.8728396 85.925734 0.020522202 0.99978625 -0.0025083161 -1.8370921 -0.87268372 0.016688898 -0.48800069 -25.927944
-0.47635709 0.010735925 0.87918633 86.745166 0.019807142 0.99980273 -0.0014769727 -1.8641297 -0.87902882 0.016710603 -0.47647577 -26.36899
-0.46567637 0.0099423659 0.8848992 87.570927 0.019641136 0.99980669 -0.00089731174 -1.8840294 -0.88473714 0.01696257 -0.46578163 -26.791812
-0.45325412 0.011309527 0.89130956 88.390575 0.022361458 0.99974909 -0.0013140953 -1.90325 -0.89110086 0.019335364 -0.45339329 -27.200618
-0.44050724 0.014233686 0.89763617 89.228843 0.02157843 0.9997533 -0.0052635123 -1.9395336 -0.89748973 0.017050965 -0.44070571 -27.599431
-0.42917366 0.024116409 0.90289994 90.056489 0.024237693 0.999591 -0.015178166 -1.9617542 -0.90289677 0.015370143 -0.42958265 -27.988537
-0.41690287 0.029677711 0.90846638 90.886909 0.025325297 0.99945807 -0.021028228 -1.9864744 -0.9085982 0.014240453 -0.41742854 -28.365425
-0.40549653 0.025116556 0.91375142 91.726152 0.021187965 0.99961212 -0.018074026 -2.0200441 -0.91385103 0.012031579 -0.40587141 -28.720542
-0.39371816 0.022398551 0.91895824 92.568282 0.024151598 0.99961004 -0.014016843 -2.0578027 -0.91891391 0.016675625 -0.39410559 -29.074878
-0.38355609 0.023034742 0.92323023 93.420216 0.021439258 0.99964157 -0.016034274 -2.0906348 -0.92326873 0.013643328 -0.38391246 -29.413827
-0.37665578 0.027120238 0.92595618 94.259737 0.016250128 0.99961099 -0.02266736 -2.1302926 -0.92621079 0.0065091152 -0.37694996 -29.743061
-0.37125762 0.03141488 0.92799828 95.110631 0.0073119549 0.99949543 -0.03090998 -2.1723937 -0.92850115 -0.0046900833 -0.3713 -30.06641
-0.36771405 0.033219087 0.92934536 95.957185 0.0042284615 0.99941117 -0.034050485 -2.2193562 -0.92992934 -0.0085911402 -0.367638 -30.393649
-0.36462509 0.033376403 0.93055601 96.790839 0.0039043603 0.99940341 -0.034315895 -2.2629664 -0.93114627 -0.0088792095 -0.36453787 -30.713384
-0.35928737 0.032664108 0.93265512 97.656112 0.0019036468 0.99941084 -0.034268729 -2.3183164 -0.93322507 -0.010536875 -0.35913788 -31.034892
-0.35398564 0.029557566 0.93478364 98.480933 0.0018534529 0.99952068 -0.03090266 -2.3533883 -0.93524906 -0.0092065197 -0.35387075 -31.337971
-0.34851499 0.025305548 0.9369615 99.342859 0.00069063975 0.99964214 -0.026741539 -2.405898 -0.93730299 -0.0086727238 -0.34840775 -31.653904
-0.34274416 0.022437155 0.93916076 100.19057 -0.00069632722 0.9997084 -0.024137798 -2.4460207 -0.93942856 -0.008927052 -0.3426286 -31.961457
-0.33712595 0.02103067 0.94122459 101.02958 -0.006031108 0.99968171 -0.024497041 -2.4945404 -0.94144027 -0.013935215 -0.33689181 -32.243166
-0.33078078 0.020296687 0.94348929 101.89436 -0.01815042 0.99944693 -0.027863877 -2.5263553 -0.9435331 -0.026341562 -0.33022944 -32.515432
-0.32429839 0.023907701 0.94565263 102.73323 -0.015353461 0.99941586 -0.03053218 -2.576673 -0.94583027 -0.024420577 -0.32374189 -32.805095
-0.31734379 0.028056267 0.9478954 103.58357 -0.012735631 0.99934602 -0.033842859 -2.6217358 -0.94822508 -0.022811867 -0.31677894 -33.075028
-0.31066432 0.026654307 0.95014586 104.43989 -0.013605145 0.99937966 -0.032483859 -2.6602411 -0.95042236 -0.023018448 -0.31010897 -33.349665
-0.30386937 0.021062979 0.9524808 105.29952 -0.015288687 0.99951903 -0.026980712 -2.7093672 -0.95259106 -0.022760793 -0.3034012 -33.61474
-0.29689975 0.018596284 0.95472752 106.15369 -0.014985686 0.99959649 -0.024130471 -2.7462666 -0.9547911 -0.021471577 -0.29650127 -33.865855
-0.29033098 0.021435792 0.95668613 107.00444 -0.017871295 0.99945325 -0.027817546 -2.7926412 -0.95675944 -0.025173515 -0.28978916 -34.113708
-0.28403144 0.024088064 0.9585123 107.85811 -0.018675945 0.99935573 -0.03064864 -2.8407623 -0.9586331 -0.0266063 -0.28339858 -34.362134
-0.27700518 0.024981168 0.96054359 108.71455 -0.01981022 0.99930102 -0.031702089 -2.8743734 -0.96066423 -0.027810222 -0.27631667 -34.594951
-0.27021162 0.024384816 0.96249207 109.5767 -0.019390072 0.99933865 -0.030761926 -2.9200935 -0.96260573 -0.02697502 -0.26956009 -34.823793
-0.26231674 0.024030916 0.96468252 110.43392 -0.016821343 0.9994241 -0.029470415 -2.9656291 -0.96483525 -0.023957838 -0.26176144 -35.057663
-0.25445072 0.025196471 0.96675741 111.3011 -0.012554344 0.99949024 -0.029353886 -3.0112932 -0.96700429 -0.019606122 -0.25400468 -35.283704
-0.24741938 0.025885071 0.96856261 112.17795 -0.010739508 0.9995084 -0.029455511 -3.0568943 -0.968849 -0.017689749 -0.24701976 -35.509236
-0.24102475 0.024809429 0.97020177 113.03873 -0.017247808 0.99940584 -0.029841045 -3.0947132 -0.97036574 -0.023926284 -0.24045363 -35.701044
-0.23496386 0.022778541 0.97173713 113.91414 -0.022087195 0.99934211 -0.028766264 -3.141121 -0.97175317 -0.028221979 -0.23430617 -35.899863
-0.23055851 0.023076189 0.97278476 114.79675 -0.018581887 0.99943204 -0.028112378 -3.1764517 -0.97288106 -0.024557724 -0.22999877 -36.099561
-0.22566261 0.023362985 0.97392529 115.65221 -0.016893874 0.99946823 -0.027890101 -3.2252168 -0.97405907 -0.022747123 -0.22514792 -36.300343
-0.22117715 0.024688645 0.97492105 116.52988 -0.016100876 0.99945081 -0.028962581 -3.2658894 -0.97510077 -0.022102943 -0.22065818 -36.492943
-0.21564104 0.023620264 0.97618694 117.39078 -0.011268883 0.99958062 -0.026675618 -3.3052041 -0.97640772 -0.016752894 -0.21528443 -36.677524
-0.2101984 0.022726775 0.97739452 118.26086 -0.0030005304 0.99971007 -0.023890957 -3.3447983 -0.97765419 -0.0079545422 -0.21006927 -36.871777
-0.20489405 0.021590644 0.97854596 119.14726 -0.00078050991 0.99975276 -0.022221978 -3.3893498 -0.97878389 -0.005316915 -0.20482654 -37.064333
-0.20172914 0.023030534 0.9791705 120.01946 -0.0030903277 0.99970357 -0.02415015 -3.4273685 -0.97943651 -0.007897746 -0.20159817 -37.218014
-0.19753585 0.025118412 0.97997376 120.87311 -0.0051202854 0.9996316 -0.026654383 -3.4659898 -0.98028233 -0.010282941 -0.19733446 -37.392276
-0.19572497 0.024262127 0.98035861 121.77303 -0.007239148 0.99963092 -0.02618435 -3.5065969 -0.98063215 -0.012221892 -0.1954771 -37.55542
-0.19477919 0.023143092 0.98057401 122.61128 -0.0082553626 0.99964751 -0.025233084 -3.5466181 -0.98081242 -0.013009873 -0.19451948 -37.714567
-0.19363478 0.018762538 0.98089421 123.49615 -0.0077305678 0.99975689 -0.020649406 -3.5817011 -0.98104327 -0.011581312 -0.19344266 -37.892194
-0.19333378 0.01369387 0.98103743 124.34686 -0.0063364829 0.99986431 -0.0152054 -3.6182381 -0.98111262 -0.0091560436 -0.19322078 -38.045453
-0.19218322 0.011353188 0.98129335 125.20446 -0.0049324618 0.99990927 -0.012534573 -3.6512816 -0.98134671 -0.0072491259 -0.19210979 -38.211545
-0.19114806 0.015764429 0.98143457 126.0898 -0.0078736994 0.99981423 -0.017593166 -3.6874976 -0.98152968 -0.01109042 -0.19098843 -38.372487
-0.19083422 0.019756329 0.98142341 126.92039 -0.0079286109 0.99973381 -0.02166661 -3.7227121 -0.9815903 -0.011916054 -0.19062678 -38.528624
-0.19104138 0.019102277 0.98139605 127.77363 -0.0093337405 0.99973007 -0.021276069 -3.7518802 -0.98153765 -0.013224705 -0.19081151 -38.688696
-0.19032711 0.018075507 0.98155427 128.63344 -0.011381101 0.99972267 -0.020616918 -3.7916658 -0.9816548 -0.015095126 -0.19006861 -38.84949
-0.18947733 0.018282499 0.98171483 129.47553 -0.0070312557 0.99977574 -0.019975924 -3.830756 -0.98185996 -0.010687672 -0.18930629 -39.009684
-0.18882965 0.021196608 0.98178103 130.32747 -0.0079675391 0.99970104 -0.023115925 -3.8666214 -0.98197758 -0.01218735 -0.18860431 -39.169953
-0.18905096 0.022285401 0.98171432 131.15898 -0.018421262 0.99948603 -0.02623625 -3.8953564 -0.98179452 -0.023044404 -0.18854327 -39.308266
-0.18873121 0.023811087 0.98174003 131.98491 -0.022177857 0.99934769 -0.028501646 -3.9357747 -0.98177836 -0.02715204 -0.18808003 -39.451092
-0.18854237 0.026746686 0.98170072 132.8331 -0.024709507 0.99918339 -0.031968635 -3.9873152 -0.98175419 -0.030284782 -0.18772751 -39.606933
-0.18792668 0.027907522 0.98178646 133.65197 -0.019206019 0.9993007 -0.032081648 -4.0284518 -0.9819953 -0.024885206 -0.18725927 -39.760197
-0.18646495 0.029003373 0.98203337 134.47282 -0.020534309 0.99923075 -0.033410259 -4.073755 -0.98224704 -0.026395218 -0.18572595 -39.906421
-0.18440971 0.028437875 0.98243792 135.31499 -0.014676732 0.99939019 -0.031683491 -4.1106018 -0.98273991 -0.020261721 -0.18387988 -40.06356
-0.18099329 0.025308554 0.9831586 136.12645 -0.0067088052 0.99961381 -0.026967192 -4.1601987 -0.98346149 -0.0114767 -0.1807536 -40.21725
-0.17883902 0.021090359 0.98365224 136.93469 0.00068808843 0.99977266 -0.021310891 -4.1918296 -0.98387815 -0.0031343783 -0.17881288 -40.376688
-0.17503938 0.020767115 0.98434235 137.75662 0.003794458 0.99978433 -0.020418156 -4.2243065 -0.98455416 0.0001610653 -0.17508043 -40.516188
-0.17039176 0.024973983 0.98505983 138.56841 0.00065924149 0.99968144 -0.025230647 -4.2747879 -0.98537622 -0.0036497012 -0.17035394 -40.642849
-0.16386637 0.028573166 0.98606861 139.35889 0.0030892931 0.9995904 -0.0284516 -4.3073972 -0.98647775 -0.0016160048 -0.16388752 -40.769905
-0.15585365 0.028768324 0.9873611 140.17158 -0.0027683732 0.99955915 -0.029560716 -4.3518519 -0.98777632 -0.0073405289 -0.15570531 -40.890027
-0.14595562 0.02531572 0.98896713 140.96717 0.0058285715 0.99967718 -0.024729673 -4.3772133 -0.98927401 0.002154832 -0.14605606 -41.009585
-0.13398305 0.023906061 0.99069519 141.77326 0.015045426 0.99964283 -0.022087207 -4.4171203 -0.99086945 0.011946121 -0.13429487 -41.117131
-0.12031843 0.0260096 0.99239452 142.56185 0.013755687 0.99960443 -0.024530816 -4.4562385 -0.99264009 0.01069956 -0.12062862 -41.206045
-0.10611892 0.027151507 0.99398264 143.36372 0.011935602 0.9995899 -0.026030412 -4.494824 -0.99428185 0.0091014632 -0.10639947 -41.2885
-0.092326735 0.027184216 0.99535758 144.15053 0.013418212 0.99957046 -0.026054635 -4.5296161 -0.99563839 0.010950381 -0.092651842 -41.355477
-0.078509301 0.028870543 0.99649521 144.93059 0.019669812 0.99943085 -0.027405899 -4.5612307 -0.99671935 0.017449257 -0.079032497 -41.411962
-0.064837565 0.034536278 0.99729798 145.74069 0.01523695 0.99931868 -0.03361565 -4.61426 -0.99777954 0.013016223 -0.065319619 -41.44771
-0.051839935 0.043750651 0.99769656 146.49084 0.0078774781 0.99902673 -0.043399669 -4.6588636 -0.99862438 0.0056094978 -0.052134127 -41.471698
-0.03867279 0.052193102 0.99788787 147.24278 -0.0007727079 0.99863311 -0.052262024 -4.7066175 -0.99925167 -0.0027921933 -0.0385796 -41.475584
-0.025086201 0.053419375 0.99825697 148.03416 -0.0011451192 0.99856908 -0.053464852 -4.7524485 -0.99968468 -0.0024843525 -0.024989134 -41.494985
-0.012637979 0.049364518 0.99870083 148.83012 0.00024152961 0.99878076 -0.049365411 -4.8037969 -0.99992015 -0.00038266236 -0.012634495 -41.495416
-0.0013729782 0.04663895 0.99891083 149.57557 0.0013266862 0.99891102 -0.046637134 -4.8555206 -0.99999822 0.0012612104 -0.0014333599 -41.488169
0.0068525802 0.052344622 0.99860553 150.29732 -0.0061504877 0.99861233 -0.052302771 -4.9206811 -0.99995765 -0.0057835013 0.0071650146 -41.456712
0.013470583 0.061212531 0.99803381 151.06659 -0.013467993 0.99804498 -0.061031434 -4.9703742 -0.9998186 -0.012619383 0.014268656 -41.435212
0.016674972 0.064545593 0.99777539 151.81365 -0.018623484 0.99776111 -0.064233429 -5.0228018 -0.99968755 -0.017510963 0.017839701 -41.412519
0.016536069 0.060309356 0.99804271 152.57127 -0.021199483 0.997976 -0.059954079 -5.076739 -0.99963855 -0.020166585 0.017781125 -41.386101
0.015607935 0.05462595 0.99838485 153.33064 -0.013968394 0.998421 -0.054409556 -5.1491881 -0.99978066 -0.013096612 0.016346326 -41.37528
0.012468662 0.05230248 0.9985534 154.08687 -0.013375903 0.99855045 -0.052135302 -5.1965619 -0.99983284 -0.012706496 0.01315018 -41.364669
0.0094385479 0.052366565 0.99858328 154.84107 -0.015361412 0.99851756 -0.052217921 -5.2508547 -0.9998375 -0.014846788 0.010228979 -41.348791
0.0053493935 0.052690278 0.99859653 155.59523 -0.015705607 0.99849212 -0.052600633 -5.3065313 -0.99986239 -0.015402183 0.0061688585 -41.33551
0.0012301255 0.050986076 0.99869856 156.3325 -0.010604164 0.99864387 -0.050970221 -5.3574696 -0.99994306 -0.010527663 0.0017691205 -41.336741
-0.0041942419 0.051224968 0.99867829 157.07241 -0.014290029 0.99858207 -0.051280046 -5.4080885 -0.99988914 -0.014486222 -0.00345629 -41.336055
-0.0099325017 0.04941727 0.99872879 157.82383 -0.016021444 0.99864203 -0.049572311 -5.4591786 -0.99982236 -0.016493454 -0.0091272791 -41.333825
-0.015717547 0.046494994 0.99879482 158.55796 -0.011690341 0.99884143 -0.046681127 -5.5093793 -0.99980817 -0.012409964 -0.015155797 -41.344643
-0.021023347 0.046548692 0.99869472 159.29845 -0.013500744 0.99881124 -0.046838323 -5.5597566 -0.99968787 -0.014467819 -0.020369915 -41.364223
-0.026871611 0.047609916 0.99850445 159.98819 -0.013593159 0.99875543 -0.047987699 -5.6024796 -0.99954651 -0.014862336 -0.026191 -41.368015
-0.031109363 0.05011521 0.99825878 160.70601 -0.016384304 0.99858246 -0.050642053 -5.6567127 -0.99938173 -0.017931217 -0.030244163 -41.388847
-0.033622824 0.052113181 0.99807497 161.44281 -0.014874616 0.99850295 -0.052636617 -5.7095664 -0.99932394 -0.016615773 -0.032797327 -41.407313
-0.035122264 0.053849751 0.99793113 162.1489 -0.014336433 0.99841736 -0.054380558 -5.7643756 -0.99928023 -0.016216741 -0.034294666 -41.430834
-0.034221683 0.052063445 0.99805721 162.8621 -0.0098474216 0.99857614 -0.052428165 -5.8140374 -0.99936579 -0.011622469 -0.033660267 -41.459575
-0.030512402 0.048262867 0.99836847 163.58085 -0.0049534517 0.99881402 -0.048435792 -5.8580678 -0.99952216 -0.0064232616 -0.030237149 -41.484264
-0.02334118 0.047766374 0.99858574 164.29009 -0.0041694355 0.99884457 -0.04787621 -5.9134492 -0.99971891 -0.0052810253 -0.023115054 -41.496131
-0.012338531 0.048994247 0.9987228 164.9994 -0.0039365804 0.99878876 -0.049046115 -5.9656561 -0.99991617 -0.0045367089 -0.012130717 -41.491539
0.0015420676 0.049223675 0.99878655 165.66797 1.8782378e-05 0.99878778 -0.049223763 -6.0134069 -0.99999885 9.4666803e-05 0.0015392722 -41.486349
0.017044698 0.047129154 0.99874333 166.35487 -0.0022454452 0.99888777 -0.047097647 -6.0569973 -0.99985225 -0.0014398575 0.017131565 -41.469538
0.033263396 0.041953866 0.99856564 167.0659 -0.0048245665 0.99911367 -0.041816178 -6.1002229 -0.99943502 -0.0034266975 0.033436322 -41.423074
0.049752409 0.035844847 0.99811811 167.72767 -0.0073185918 0.99934203 -0.035523995 -6.1374851 -0.99873481 -0.0055374139 0.049982005 -41.37806
0.066587526 0.028222845 0.99738132 168.39943 -0.0071933852 0.99958748 -0.027805024 -6.1766337 -0.9977547 -0.0053230795 0.066763073 -41.320137
0.084640938 0.020549136 0.99619956 169.09731 -0.0067800433 0.99977605 -0.020046851 -6.2044735 -0.99638849 -0.0050574911 0.084761305 -41.249153
0.10236523 0.014409702 0.99464247 169.75561 -0.0090137752 0.99986746 -0.01355773 -6.2372975 -0.99470608 -0.0075776427 0.10248155 -41.167507
0.11968801 0.011801835 0.99274136 170.41432 -0.0089619051 0.99990145 -0.010806479 -6.2647511 -0.99277115 -0.0076034472 0.11978198 -41.072523
0.13799329 0.011015423 0.99037186 171.06079 -0.0085883402 0.99991386 -0.0099248986 -6.2848532 -0.99039597 -0.0071360804 0.13807601 -40.971351
0.15518832 0.010487214 0.9878292 171.69437 -0.010713434 0.99990271 -0.0089323071 -6.3058446 -0.98782685 -0.0091968523 0.15528558 -40.858104
0.17158136 0.009845116 0.98512072 172.34179 -0.015157493 0.99985809 -0.007352373 -6.3198386 -0.98505338 -0.01367043 0.17170624 -40.727947
0.18596106 0.0066222537 0.98253476 172.95927 -0.018922382 0.99981597 -0.0031573523 -6.338656 -0.98237493 -0.018004753 0.18605214 -40.582367
0.19816871 0.0023481867 0.98016507 173.58159 -0.014430002 0.99989575 0.00052198705 -6.3557683 -0.98006174 -0.014247225 0.19818193 -40.457091
0.20920431 0.0004567971 0.97787181 174.22291 -0.010581013 0.99994241 0.0017965782 -6.3727385 -0.97781475 -0.010722726 0.20919709 -40.314223
0.21912577 0.0041798802 0.97568763 174.81156 -0.015460794 0.99988015 -0.00081124377 -6.3922706 -0.97557416 -0.014907141 0.21916413 -40.157281
0.22767023 0.010926304 0.97367695 175.43053 -0.018109338 0.99981161 -0.0069851592 -6.4087827 -0.97356992 -0.016042331 0.22782521 -40.010234
0.23714393 0.021439182 0.97123789 176.00133 -0.019682863 0.99965727 -0.017260613 -6.4252835 -0.97127515 -0.015023492 0.23748464 -39.853989
0.24528621 0.028267326 0.96903847 176.58922 -0.015154684 0.99956448 -0.025321781 -6.4410562 -0.96933229 -0.0084743877 0.24560776 -39.708067
0.25169881 0.026882933 0.96743214 177.19392 -0.015504954 0.99959786 -0.023742795 -6.4581264 -0.96768145 -0.009023957 0.25201441 -39.546903
0.25755106 0.019471701 0.96606844 177.80871 -0.017876378 0.99972184 -0.015384215 -6.4768401 -0.96609936 -0.013307583 0.2578275 -39.367241
0.26188903 0.008525177 0.9650603 178.41134 -0.021416206 0.99976609 -0.0030200324 -6.4985844 -0.96486038 -0.019877016 0.26201034 -39.192608
0.26461836 -0.00074244915 0.96435289 179.0169 -0.020043088 0.99977946 0.0062695457 -6.521461 -0.96414495 -0.020987646 0.26454512 -39.007839
0.26503501 -0.0018125429 0.96423705 179.62236 -0.016762602 0.99983845 0.006486918 -6.541444 -0.96409312 -0.017882382 0.26496181 -38.849767
0.2664282 0.0015414456 0.9638535 180.22143 -0.015582546 0.99987492 0.0027082717 -6.5411205 -0.96372884 -0.015740851 0.26641889 -38.690345
0.26777793 0.0013147444 0.96347972 180.82281 -0.012594864 0.9999184 0.0021359969 -6.5539629 -0.96339838 -0.012706868 0.26777263 -38.515936
0.26973236 -0.00080120074 0.96293496 181.43953 -0.013878098 0.99989256 0.004719412 -6.5486705 -0.96283536 -0.014636683 0.26969225 -38.339297
0.27221701 -0.0050346785 0.96222267 182.0548 -0.013898511 0.99986142 0.0091635671 -6.5637415 -0.96213554 -0.015867941 0.27210932 -38.153338
0.27568336 -0.010670725 0.96118923 182.66887 -0.011290902 0.99983345 0.014338135 -6.5732005 -0.96118223 -0.014805478 0.27551696 -37.971712
0.27965113 -0.01359988 0.96000532 183.29054 -0.01083601 0.99979128 0.017320054 -6.5795413 -0.96004057 -0.0152462 0.27944539 -37.78975
0.28584341 -0.01505834 0.95815798 183.89545 -0.0096837394 0.99978008 0.018601381 -6.574012 -0.95822745 -0.014595634 0.28563472 -37.603745
0.29378622 -0.018120303 0.95569934 184.53106 -0.0083418265 0.99973363 0.021519518 -6.5737905 -0.95583479 -0.014294415 0.29355681 -37.407865
0.30317554 -0.020637403 0.95271119 185.1523 -0.0053613397 0.9997127 0.023361645 -6.5777194 -0.95291969 -0.012190487 0.30297779 -37.205723
0.31460481 -0.019004423 0.94903244 185.77913 -0.0064562235 0.99973359 0.022159958 -6.5777926 -0.94920083 -0.013098794 0.3143983 -36.981417
0.32588094 -0.014820355 0.94529461 186.38329 -0.0075445589 0.99980452 0.018275875 -6.575876 -0.94538075 -0.013087589 0.32570542 -36.762088
0.3375675 -0.0115283 0.94123069 186.98835 -0.0084440668 0.99984768 0.015274668 -6.5756457 -0.94126349 -0.013104046 0.33741873 -36.524814
0.34941482 -0.010815634 0.93690567 187.61238 -0.0080226663 0.99986218 0.014534421 -6.5724724 -0.93693383 -0.012595023 0.3492799 -36.27907
0.36059529 -0.013885857 0.93261897 188.23946 -0.0070501651 0.99982003 0.017612353 -6.5752129 -0.93269577 -0.012926049 0.3604325 -36.029572
0.37149393 -0.016179703 0.92829435 188.85114 -0.0063016485 0.99978117 0.019947537 -6.5734635 -0.92841404 -0.013260173 0.37131068 -35.772241
0.38292442 -0.015813035 0.92364429 189.49115 -0.010224642 0.99971968 0.021354398 -6.579669 -0.92372313 -0.017621052 0.3826554 -35.494576
0.39267269 -0.017864896 0.91950472 190.09946 -0.011337689 0.9996413 0.024263593 -6.5647777 -0.91960844 -0.019952708 0.39232929 -35.208692
0.39907865 -0.01618089 0.91677388 190.75092 -0.016370429 0.99955918 0.024768208 -6.5645678 -0.91677059 -0.024892445 0.39863783 -34.930422
0.40390135 -0.018918875 0.91460686 191.38675 -0.016419372 0.99947515 0.027925388 -6.5553847 -0.91465522 -0.026296372 0.40337872 -34.635163
0.40588623 -0.023748946 0.91361495 192.03217 -0.011469648 0.99945122 0.031075766 -6.5461012 -0.91385168 -0.023092067 0.4053911 -34.350036
0.40655765 -0.022049657 0.91335897 192.68101 -0.0093716538 0.99955548 0.028302096 -6.5416855 -0.9135771 -0.020066117 0.40617029 -34.056694
0.40546075 -0.021914981 0.91384969 193.34853 -0.0068522931 0.99961163 0.027011889 -6.5357459 -0.91408681 -0.017214226 0.40515311 -33.761811
0.40412831 -0.020904277 0.91446337 194.00364 -0.0038860569 0.99969056 0.024569901 -6.5297633 -0.91469409 -0.013483048 0.40392202 -33.474279
0.40414339 -0.021978004 0.91443153 194.67913 -0.00076269607 0.99970285 0.024364549 -6.5186421 -0.91469537 -0.010544204 0.40400653 -33.173641
0.40314026 -0.028653402 0.91468948 195.36616 0.0035649689 0.99955129 0.029740543 -6.5086116 -0.9151313 -0.0087287703 0.40306152 -32.874331
0.40258541 -0.031693243 0.91483357 196.04762 0.0039734099 0.99945153 0.03287617 -6.5016308 -0.91537384 -0.0096004569 0.40249053 -32.574263
0.40052158 -0.034337038 0.91564368 196.74899 0.0050615855 0.99936526 0.035262591 -6.4890938 -0.91627338 -0.0094888195 0.40044116 -32.281366
0.39898142 -0.03403431 0.91632714 197.43159 0.0033043756 0.99935782 0.035679473 -6.4812671 -0.91695309 -0.011207557 0.39883766 -31.96932
0.39802988 -0.034608757 0.91671936 198.1062 0.0028419703 0.99932985 0.036493583 -6.4644636 -0.91736809 -0.011920247 0.39786149 -31.657634
0.39579626 -0.033528792 0.91772603 198.79997 0.0013969461 0.9993541 0.03590857 -6.4591647 -0.91833732 -0.012930463 0.39558745 -31.35004
0.39471516 -0.030596689 0.91829392 199.48578 0.00284125 0.99948125 0.032080504 -6.4530748 -0.91879919 -0.010053558 0.39459733 -31.046637
0.39404356 -0.02436248 0.91876878 200.17699 0.0014489724 0.99966385 0.025886091 -6.4531342 -0.91909066 -0.0088689759 0.3939464 -30.768111
0.3926906 -0.020974747 0.91943139 200.85692 -0.00065694752 0.99973324 0.023087235 -6.4381591 -0.91967045 -0.0096701577 0.39257207 -30.463208
0.39145267 -0.023775479 0.91989101 201.55251 -0.0015784388 0.99964734 0.026508551 -6.4295778 -0.92019693 -0.011828834 0.39127709 -30.163173
0.39014835 -0.026764529 0.92036289 202.23856 -0.0030729808 0.99953402 0.030369515 -6.4237617 -0.92074692 -0.014676873 0.3898843 -29.85137
0.38755538 -0.026235766 0.92147298 202.92311 -0.0073601054 0.99947501 0.031552136 -6.4247094 -0.92181708 -0.019010338 0.38715881 -29.55875
0.38329584 -0.026268971 0.92325195 203.62281 -0.0097115092 0.99942559 0.032468128 -6.4144958 -0.92357461 -0.021411068 0.38282056 -29.267432
0.3762326 -0.027286826 0.92612331 204.29874 -0.010073645 0.99938668 0.033537784 -6.4058533 -0.92647052 -0.021947445 0.37572697 -28.990895
