1 0 0 0 0 1 0 0 0 0 1 0
0.99989983 0.00032866222 0.014149966 0.017831546 -0.00032137173 0.99999981 -0.00051750264 -0.0015476576 -0.014150135 0.00051290342 0.99989975 0.029739033
0.99939897 0.0020643049 0.034604091 0.053108214 -0.0020466515 0.99999776 -0.0005455719 0.0010148909 -0.034605142 0.00047442152 0.99940095 0.14256002
0.99811199 0.0045669183 0.061250306 0.074000582 -0.0046242361 0.99998899 0.00079407199 0.0024238389 -0.061246011 -0.0010758086 0.99812212 0.36153332
0.99545085 0.0045616519 0.095167148 0.12437828 -0.00489713 0.99998259 0.0032918864 -0.00231775 -0.095150482 -0.0037429571 0.99545586 0.46751377
0.99114678 0.0013195062 0.13276411 0.19032967 -0.0020368935 0.99998405 0.0052678027 0.0012322079 -0.13275505 -0.0054915921 0.99113366 0.6810418
0.98517308 -0.0021268626 0.17155022 0.25224385 0.0011966167 0.99998402 0.005525811 -0.0020844292 -0.17155924 -0.0052386003 0.98515988 0.89640255
0.97617146 -0.0021106683 0.21699037 0.36132663 0.00063438718 0.99997618 0.0068728735 -0.0011110049 -0.21699973 -0.006571447 0.97614955 1.0968825
0.96442628 -0.0020995956 0.26434361 0.47987547 -0.000637068 0.99994709 0.010266522 0.00030000994 -0.2643512 -0.010069709 0.96437391 1.2616497
0.95065858 -0.0061781172 0.31017752 0.5930504 0.001000168 0.99985753 0.016849767 0.020375874 -0.31023745 -0.015708146 0.95052932 1.5887027
0.93430206 -0.015902599 0.35612744 0.72502743 0.0075168296 0.99966122 0.024918672 0.0027722433 -0.3564031 -0.020604617 0.93410508 1.7330937
0.91269053 -0.021907354 0.40806378 0.83361352 0.01041009 0.99948437 0.030374829 -0.0033393154 -0.40851884 -0.023474838 0.91244797 1.9162686
0.88844093 -0.023359299 0.45839616 1.1006206 0.0089251129 0.99939451 0.033629689 0.0070243305 -0.45890421 -0.025786755 0.88811147 2.2104203
0.85954403 -0.02562434 0.51041888 1.250536 0.0068043184 0.9992275 0.038705335 0.021834332 -0.51101642 -0.029795887 0.85905439 2.4298822
0.82769182 -0.030713538 0.56034178 1.4654853 0.0080305018 0.99904719 0.042897913 0.023020643 -0.56112547 -0.031006426 0.82714982 2.6263237
0.79235647 -0.036474917 0.60896697 1.6784166 0.0098067627 0.99884359 0.047067061 0.022922823 -0.60997957 -0.031321896 0.79179789 2.8635657
0.75555023 -0.04098694 0.65380722 1.9427771 0.011166242 0.99870155 0.049704353 0.03820921 -0.65499557 -0.030253566 0.75502686 3.0631847
0.71426799 -0.044317619 0.69846772 2.2744477 0.012231395 0.99863115 0.050854835 0.056321599 -0.69976545 -0.027780746 0.71383233 3.3229007
0.67325303 -0.046327042 0.73795942 2.5512813 0.011562112 0.99857289 0.052139318 0.061571861 -0.7393218 -0.026570585 0.67282786 3.4981441
0.63056733 -0.046476245 0.77474173 2.9208248 0.0072186855 0.9985135 0.054024831 0.086138621 -0.77610101 -0.028473676 0.62996549 3.7318066
0.58754235 -0.047343799 0.80780722 3.2659995 0.0039874184 0.99844425 0.055616445 0.10077604 -0.80918363 -0.029455951 0.58681706 3.8251467
0.54984703 -0.048344379 0.8338651 3.6021431 0.0025738782 0.99841693 0.056187274 0.12715651 -0.83526145 -0.028748138 0.54910101 4.2131589
0.50985602 -0.051165685 0.85873678 4.0817788 0.0015175314 0.99828162 0.058579114 0.14436905 -0.86025845 -0.028563754 0.50905753 4.3535644
0.47225156 -0.050978817 0.87998838 4.4544333 -0.00222899 0.99825394 0.059026289 0.16033882 -0.88146104 -0.029836742 0.47131335 4.4755415
0.43622369 -0.050024672 0.89844664 4.9455206 -0.0024663432 0.9983833 0.056786537 0.18812976 -0.89983492 -0.02698751 0.43539506 4.7872352
0.40157313 -0.049048923 0.91451252 5.3829308 -0.0017163008 0.99852274 0.05430837 0.20622954 -0.91582539 -0.023378361 0.40089572 4.8907015
0.37173663 -0.047275458 0.92713367 5.9079302 -3.641878e-05 0.99870175 0.050939386 0.2264424 -0.92833827 -0.018969801 0.3712523 5.017626
0.34692737 -0.045551825 0.93678512 6.4132453 0.0011909008 0.99884045 0.048128272 0.24825795 -0.93789128 -0.015581396 0.34657934 5.2527429
0.32766707 -0.044891362 0.94372612 7.0459121 0.0026944194 0.99891089 0.046580884 0.27714848 -0.94478945 -0.012720227 0.32743115 5.4375629
0.3113769 -0.045321622 0.94920509 7.6375688 0.0036532049 0.99891177 0.046496566 0.30485185 -0.95027952 -0.011010315 0.31120362 5.6079831
0.29784769 -0.046733262 0.95346876 8.2916341 0.0043947495 0.99885752 0.047585097 0.3230268 -0.95460333 -0.009982854 0.29771278 5.7681519
0.28816845 -0.048730992 0.95633894 8.9475785 0.0031177934 0.99874673 0.049952446 0.35113934 -0.9575747 -0.011413051 0.28795923 5.9717015
0.27860779 -0.050527407 0.95907487 9.506634 0.001792137 0.99864072 0.052091264 0.37915582 -0.96040333 -0.012794238 0.27831964 6.1646835
0.26723724 -0.051944282 0.96222969 10.269659 0.0010377417 0.99856102 0.053617355 0.41149421 -0.96363025 -0.013330008 0.26690659 6.377368
0.2571405 -0.054243943 0.96485039 10.978473 0.00026458613 0.9984273 0.056061124 0.44141416 -0.96637403 -0.014160299 0.25675045 6.5149525
0.24779846 -0.055817312 0.96720229 11.648517 -3.3343987e-05 0.99833843 0.057622723 0.46898355 -0.96881164 -0.014311072 0.24738486 6.8026194
0.23633707 -0.057067551 0.96999382 12.391833 -0.00057954835 0.99826537 0.058872054 0.50201768 -0.971671 -0.014475807 0.23589404 6.9081086
0.22733368 -0.059972932 0.9719684 13.154036 -0.0021349265 0.99806872 0.062082726 0.53902724 -0.97381462 -0.016188575 0.2267666 7.1144177
0.21409476 -0.063669236 0.97473565 13.974816 -0.0036833445 0.99781377 0.065985711 0.57860981 -0.97680599 -0.017717481 0.21339218 7.2184835
0.20223815 -0.067008846 0.97704118 14.775682 -0.0040282043 0.99759106 0.069252026 0.61731628 -0.97932813 -0.017941123 0.20148105 7.4085683
0.18879584 -0.069263563 0.97957062 15.590945 -0.0058144585 0.99741319 0.071645816 0.65511449 -0.98199919 -0.019222104 0.18790473 7.6649029
0.17397369 -0.070013573 0.9822582 16.475404 -0.0058797642 0.99737772 0.072132664 0.69249351 -0.98473279 -0.018324632 0.17310582 7.7273971
0.1619726 -0.069504948 0.98434438 17.162715 -0.0071957711 0.99740666 0.071611335 0.73675903 -0.98676906 -0.018682191 0.16105241 7.8533625
0.14233308 -0.068538164 0.98744303 17.973576 -0.008615626 0.99747624 0.070476448 0.77122202 -0.98978136 -0.01853857 0.14138337 7.935682
0.12175677 -0.066688315 0.99031706 18.876407 -0.01183793 0.99757179 0.068632292 0.80952787 -0.99248941 -0.02007975 0.12067166 8.0412704
0.096384293 -0.065292441 0.99320032 19.765902 -0.015835713 0.99761925 0.067119702 0.85189643 -0.99521826 -0.02219732 0.095120873 8.1093301
0.069207525 -0.065103299 0.99547566 20.472884 -0.019364247 0.99759264 0.066587989 0.895924 -0.99741437 -0.023885026 0.06778024 8.2375848
0.034924763 -0.064842128 0.99728415 21.302159 -0.022896933 0.99757911 0.065663153 0.93083285 -0.99912766 -0.025128018 0.033355526 8.2201394
0.0023247744 -0.064455001 0.99791786 22.019454 -0.023543102 0.99764047 0.064491931 0.95939528 -0.99972016 -0.023644011 0.0008018168 8.2222802
-0.032213495 -0.062863235 0.99750209 23.025058 -0.025391866 0.99774945 0.062058814 0.98937169 -0.99915846 -0.023329308 -0.033737214 8.2251337
-0.066716134 -0.061261307 0.99588951 24.030231 -0.027155334 0.99785512 0.059563042 1.0169002 -0.99740244 -0.023069896 -0.068236609 8.1932484
-0.10114177 -0.059651138 0.99308207 25.033768 -0.028831391 0.99795736 0.057007608 1.0419178 -0.99445421 -0.022866087 -0.102655 8.1266646
-0.1293466 -0.053450211 0.99015779 25.573695 -0.027300335 0.99835961 0.050326652 1.0835207 -0.9912236 -0.020522058 -0.13059363 7.9496927
-0.16058465 -0.048202829 0.98584429 26.428346 -0.022689316 0.99872312 0.045136666 1.1050666 -0.98676129 -0.015119877 -0.1614733 7.8223922
-0.1908286 -0.041942232 0.98072688 27.222554 -0.016950004 0.9990786 0.039428961 1.1278095 -0.98147706 -0.0090991502 -0.1913637 7.6176693
-0.22142693 -0.036171859 0.97450584 28.099273 -0.011663252 0.99933859 0.034443485 1.1332969 -0.97510726 -0.0037391907 -0.22170236 7.4047448
-0.24569016 -0.029355654 0.96890377 28.85976 -0.0023210082 0.99955629 0.029695808 1.1575028 -0.96934567 0.0050471353 -0.24564928 7.2415319
-0.27094187 -0.020038719 0.96238707 29.663625 0.0044535881 0.9997465 0.022070437 1.1639202 -0.96258545 0.010265882 -0.27078394 7.0392302
-0.30035816 -0.0042878977 0.95381681 30.51541 0.0089845737 0.99993281 0.0073244675 1.1434328 -0.95378422 0.010769602 -0.30029945 6.7021932
-0.32396317 0.013038357 0.9459798 31.278127 0.0090471544 0.999902 -0.010683245 1.1268459 -0.94602647 0.0050974485 -0.32404938 6.4260957
-0.3473619 0.030214016 0.93724423 32.033294 0.0095570926 0.99954295 -0.028680289 1.0956705 -0.93768249 -0.0010051092 -0.3474919 6.131148
-0.37432733 0.038554558 0.92649475 32.762807 0.012110866 0.99925334 -0.036689189 1.0536015 -0.92721758 -0.0025131114 -0.37451476 5.8538191
-0.39635487 0.043571331 0.91706286 33.538482 0.015867223 0.99904913 -0.040608828 1.0007963 -0.9179603 -0.001544265 -0.39666935 5.5535617
-0.41977323 0.042193797 0.9066477 34.207457 0.017731851 0.99910945 -0.038287048 0.95755126 -0.90745583 4.665194e-06 -0.42014757 5.1018626
-0.43969262 0.038806309 0.89730953 34.991516 0.022600357 0.99922784 -0.032139559 0.9212662 -0.89786396 0.0061479895 -0.44023014 4.7112438
-0.45672255 0.037794899 0.88880594 35.733231 0.030435443 0.99917608 -0.026848611 0.89475645 -0.88908845 0.014788837 -0.45749655 4.4059663
-0.47063185 0.038071535 0.88150788 36.391623 0.033695462 0.99911538 -0.025161088 0.84064457 -0.88168608 0.017861207 -0.47149836 3.9512991
-0.48201073 0.042049685 0.87515565 37.070995 0.036106439 0.99895249 -0.02811151 0.78575426 -0.87542107 0.018048706 -0.48302408 3.5886408
-0.4904162 0.044717673 0.87034029 37.847871 0.037721361 0.99883593 -0.030064622 0.74624221 -0.87067164 0.018086244 -0.49153214 3.117386
-0.50329959 0.043961854 0.86299294 38.538789 0.031790421 0.99897094 -0.032348478 0.69600129 -0.86352704 0.011153934 -0.50417923 2.7728477
-0.51425803 0.042749053 0.8565694 39.183728 0.0295426 0.99904721 -0.03212326 0.66904655 -0.85712658 0.0087856435 -0.51503097 2.4072158
-0.52307764 0.044152606 0.85114057 39.805907 0.032423831 0.99896518 -0.031894537 0.63061334 -0.85166809 0.01091392 -0.52396795 2.0266784
-0.53060019 0.047304113 0.84630118 40.549333 0.036188168 0.99879538 -0.033139124 0.58660247 -0.8468494 0.013042465 -0.53167287 1.563699
-0.53505997 0.050233208 0.84331927 41.200406 0.037158574 0.99866395 -0.035910512 0.54986563 -0.84399652 0.012122265 -0.53621169 1.1568207
-0.53385324 0.051700821 0.84399507 41.9162 0.035682418 0.99861736 -0.038602314 0.49554424 -0.84482397 0.0095078157 -0.53495992 0.69843019
-0.53156118 0.052963642 0.84536235 42.684823 0.038714101 0.99851928 -0.038215924 0.45780882 -0.84613473 0.012413342 -0.53282453 0.21415073
-0.52591491 0.051690733 0.84896497 43.395676 0.036991939 0.99859715 -0.03788567 0.41477681 -0.84973241 0.011480222 -0.52708927 -0.21086873
-0.51919851 0.050392817 0.8531667 44.133248 0.0348088 0.99867871 -0.037804518 0.37721536 -0.85394456 0.010069661 -0.52026661 -0.6667562
-0.51131413 0.049740109 0.85795321 44.956967 0.032684837 0.9987269 -0.038422334 0.31877076 -0.85877216 0.0083961794 -0.51228893 -1.1559825
-0.50362259 0.048358644 0.86256922 45.770821 0.029879217 0.9988098 -0.038551385 0.26963912 -0.86340696 0.0063575454 -0.5044681 -1.6267439
-0.499253 0.045887675 0.86524025 46.533927 0.025438833 0.99894243 -0.038300034 0.2161527 -0.86608277 0.0028892956 -0.49989234 -2.017012
-0.49771674 0.042759507 0.86628494 47.368076 0.020918849 0.9990853 -0.037295733 0.18613814 -0.86708737 -0.00044102553 -0.49815596 -2.5186256
-0.4968831 0.040861791 0.86685491 48.262688 0.017976677 0.99916116 -0.03679417 0.13279786 -0.86763131 -0.00269923 -0.49720085 -3.0503487
-0.50061642 0.039206651 0.86478088 49.081671 0.016646687 0.99922514 -0.035665294 0.088423868 -0.86550919 -0.0034588941 -0.50088117 -3.4896449
-0.50035587 0.039573948 0.86491494 50.06818 0.016775536 0.99921048 -0.036013905 0.020509761 -0.86565735 -0.0035103562 -0.5006247 -4.009608
-0.49961925 0.038459032 0.86539092 50.85974 0.016145784 0.99925385 -0.035086559 -0.023889263 -0.86609467 -0.0035575049 -0.49986741 -4.50402
-0.50173472 0.037768669 0.86419658 51.680574 0.016822729 0.99928345 -0.033905547 -0.062637393 -0.86485798 -0.0024734449 -0.50201058 -4.9487884
-0.49908748 0.038032386 0.86571656 52.726352 0.01640435 0.99927204 -0.034442558 -0.13288538 -0.86639635 -0.0029883316 -0.49934807 -5.5568615
-0.5013668 0.036102806 0.86448127 53.547092 0.014669339 0.99934017 -0.033227167 -0.17432769 -0.86511052 -0.0039776293 -0.50156558 -5.9713195
-0.50072555 0.035272686 0.8648871 54.401327 0.014457075 0.99937083 -0.032387424 -0.22363702 -0.8654854 -0.0037134719 -0.50092044 -6.4509007
-0.4976291 0.034402528 0.86670738 55.42808 0.012772703 0.99939544 -0.03233578 -0.28806038 -0.86729591 -0.0050210286 -0.49776767 -7.1390771
-0.49873965 0.032671236 0.86613584 56.204265 0.012082887 0.9994543 -0.030742512 -0.35260868 -0.86666766 -0.0048670873 -0.49886225 -7.5249462
-0.49603116 0.030965261 0.86775237 57.174549 0.012894322 0.99951641 -0.028296436 -0.3973813 -0.86820901 -0.0028468347 -0.49619056 -8.0537931
-0.49404908 0.030190817 0.86890964 58.03598 0.013868671 0.99954342 -0.026844249 -0.44039404 -0.86932343 -0.0012117543 -0.49424222 -8.5744581
-0.49159388 0.029214019 0.87033438 58.911009 0.013916162 0.99957305 -0.025691786 -0.48868494 -0.87071342 -0.00051820966 -0.49179054 -9.0440087
-0.49002697 0.029525073 0.87120708 59.758911 0.014048314 0.99956392 -0.025973324 -0.54527604 -0.8715941 -0.00048863818 -0.49022806 -9.5196601
-0.48832308 0.029662087 0.87215862 60.704388 0.013910287 0.99955976 -0.026206601 -0.59895588 -0.87255208 -0.000665311 -0.48852071 -10.073103
-0.48893403 0.031830635 0.87173979 61.616379 0.013707971 0.999491 -0.02880692 -0.64080644 -0.87221309 -0.0021348993 -0.4891215 -10.593151
-0.49118452 0.033453275 0.87041288 62.512917 0.012252141 0.99942872 -0.031497811 -0.70028425 -0.87096941 -0.0048068156 -0.49131379 -11.04167
-0.49686036 0.033803258 0.86717187 63.296473 0.011194785 0.99940762 -0.032543707 -0.74314231 -0.86775833 -0.0064618748 -0.49694445 -11.491869
-0.50055943 0.032512536 0.8650914 64.238031 0.010488448 0.99944893 -0.031493234 -0.80602168 -0.86563867 -0.0066907682 -0.50062459 -12.080881
-0.50748767 0.030774947 0.86110923 65.105296 0.014361897 0.99952526 -0.027257692 -0.8645123 -0.86153936 -0.0014657795 -0.50768874 -12.580684
-0.51172242 0.028772697 0.85866887 66.032534 0.011872501 0.99958045 -0.026419031 -0.91004259 -0.85906884 -0.0033246627 -0.51184934 -13.140994
-0.51616324 0.030921154 0.85593185 66.80063 0.01242631 0.99951328 -0.028614543 -0.96758787 -0.85640012 -0.0041336994 -0.51629625 -13.597894
-0.52214866 0.032855673 0.85222134 67.569916 0.012605937 0.99944582 -0.030808065 -1.0081465 -0.85276135 -0.0053433406 -0.52227348 -14.090014
-0.5260984 0.033025737 0.84978215 68.511934 0.010997691 0.99942631 -0.032032823 -1.0675324 -0.85035262 -0.0075067744 -0.5261598 -14.631717
-0.52977945 0.033798962 0.84746168 69.413663 0.010165987 0.99938691 -0.033502999 -1.1264601 -0.84807455 -0.0091339152 -0.52979825 -15.196455
-0.53368133 0.03309607 0.84503777 70.121993 0.010359491 0.9994148 -0.032599766 -1.1783141 -0.84562225 -0.0086437251 -0.53371187 -15.638616
-0.53644585 0.026301628 0.84352476 70.975839 0.012407802 0.99965201 -0.023278938 -1.2203738 -0.84384356 -0.0020216007 -0.53658552 -16.170127
-0.53883537 0.018073692 0.84221715 71.802636 0.012939513 0.99982945 -0.01317753 -1.2543963 -0.84231175 0.0037973614 -0.53897733 -16.711125
-0.54122388 0.015973149 0.84072677 72.476036 0.013612688 0.99985498 -0.010233194 -1.2897207 -0.84076838 0.0059061028 -0.54136283 -17.101296
-0.54201277 0.020634654 0.84011684 73.314942 0.012731845 0.99978539 -0.016342252 -1.3288393 -0.84027384 0.0018385288 -0.54215916 -17.66741
-0.54259617 0.025392211 0.83960977 74.131811 0.013241163 0.99967736 -0.021676038 -1.3714556 -0.83988935 -0.00064392454 -0.54275733 -18.183143
-0.54257719 0.031470579 0.83941619 74.96287 0.020567931 0.99949608 -0.024177553 -1.3995402 -0.83975414 0.004146866 -0.54295106 -18.734973
-0.54371385 0.032143756 0.83865485 75.745575 0.023818864 0.99945479 -0.02286469 -1.4431484 -0.83893263 0.0075439578 -0.54418304 -19.209463
-0.5418159 0.028880249 0.84000083 76.460358 0.022863958 0.99954608 -0.019617937 -1.4842994 -0.84018619 0.0085764344 -0.54223028 -19.724256
-0.54180727 0.024113243 0.84015676 77.298339 0.020806564 0.99966685 -0.015273413 -1.5220068 -0.84024522 0.0092055301 -0.54212848 -20.250837
-0.54127683 0.017984664 0.84065206 78.055102 0.019380032 0.99977248 -0.0089104754 -1.5425591 -0.84062112 0.011468831 -0.54150223 -20.74782
-0.54092686 0.011586599 0.84098979 78.905416 0.010630253 0.99991942 -0.0069388187 -1.5808964 -0.84100249 0.0051865415 -0.54100644 -21.239286
-0.53899493 0.0059403145 0.84228802 79.687145 0.0014361609 0.99998016 -0.0061334268 -1.6059702 -0.84230782 -0.0020962241 -0.53899277 -21.714355
-0.53732244 0.0066876263 0.84335035 80.527614 0.0045381113 0.99997701 -0.0050382886 -1.634043 -0.84336473 0.001120033 -0.53734044 -22.252323
-0.53268824 0.010256818 0.84624936 81.319876 0.010439382 0.99993012 -0.0055482044 -1.6587796 -0.8462472 0.0058788577 -0.53275809 -22.793202
-0.52890178 0.012895723 0.84858502 82.024935 0.010896615 0.99990532 -0.0084037098 -1.686683 -0.84861312 0.0048019682 -0.52899223 -23.226496
-0.52055255 0.015663265 0.85368592 82.791607 0.016427966 0.99983037 -0.008327404 -1.7135612 -0.85367161 0.0096894728 -0.52072157 -23.693198
-0.51095881 0.017561352 0.85942576 83.638926 0.023549805 0.99970201 -0.006426545 -1.7476232 -0.85928259 0.016955611 -0.51122011 -24.231184
-0.50251782 0.017432258 0.86439105 84.414891 0.022221739 0.99972683 -0.0072428739 -1.7697742 -0.86428126 0.0155686 -0.50276793 -24.66533
-0.49253209 0.014161401 0.87017902 85.253097 0.01696348 0.99983386 -0.00666988 -1.8037544 -0.87012898 0.011476136 -0.49269049 -25.116211
-0.47940016 0.011567193 0.87752015 86.069725 0.019330421 0.99980972 -0.002618726 -1.8205059 -0.87738355 0.015707417 -0.47953254 -25.55411
-0.47069291 0.01069676 0.88223222 86.849921 0.01938293 0.99981055 -0.0017810788 -1.846108 -0.88208421 0.016261905 -0.47081107 -25.938233
-0.45867886 0.0099358046 0.88854652 87.663503 0.019355097 0.99981197 -0.0011886398 -1.8631345 -0.88839133 0.016652702 -0.45878492 -26.347656
-0.44565452 0.010779635 0.89514009 88.542854 0.021628421 0.99976527 -0.0012716449 -1.8811426 -0.89494376 0.018793754 -0.44578306 -26.804308
-0.43338495 0.013912619 0.90110147 89.319811 0.021251212 0.99976057 -0.0052150974 -1.911172 -0.90095835 0.016889355 -0.43357684 -27.185932
-0.42137436 0.024091523 0.9065667 90.104269 0.024067497 0.99959207 -0.015376991 -1.9306567 -0.90656741 0.015339323 -0.42178229 -27.570797
-0.40809695 0.029507317 0.91246157 90.988201 0.024951499 0.99946467 -0.021161318 -1.9552669 -0.91259759 0.014131415 -0.40861474 -27.932932
-0.39604701 0.024371413 0.91790671 91.888227 0.019316149 0.99964763 -0.018207429 -2.0017694 -0.91802708 0.010519426 -0.39637822 -28.329662
-0.38585327 0.021273126 0.92231482 92.694804 0.02201118 0.9996618 -0.013848682 -2.043741 -0.92229758 0.014957679 -0.38619103 -28.63698
-0.37481557 0.021919203 0.9268402 93.689613 0.018941182 0.99969285 -0.01598228 -2.0739123 -0.92690592 0.011565043 -0.37511563 -29.036784
-0.36761911 0.025730104 0.92962039 94.41564 0.013258296 0.9996606 -0.022425677 -2.1148034 -0.92988197 0.0040810762 -0.36783548 -29.301995
-0.36341477 0.030872371 0.93111574 95.278152 0.005679925 0.99950563 -0.03092305 -2.1497456 -0.93161017 -0.0059492249 -0.36341046 -29.617114
-0.36009349 0.03380772 0.93230341 96.110457 0.0051844787 0.99940025 -0.034238366 -2.1906005 -0.93290185 -0.0074955049 -0.3600528 -29.931195
-0.35561648 0.032377519 0.93407095 96.945967 0.00074227491 0.99940925 -0.034359729 -2.248985 -0.93463171 -0.011525548 -0.35543044 -30.250456
-0.3505191 0.03257319 0.93598893 97.858963 0.00042211885 0.99940039 -0.034621881 -2.2976642 -0.93655553 -0.011740531 -0.35032268 -30.582839
-0.34472415 0.029818789 0.93823026 98.722437 0.001570038 0.99951225 -0.031189586 -2.3281771 -0.93870276 -0.0092787456 -0.34460283 -30.882707
-0.33992597 0.025048647 0.94011852 99.506682 -4.0282495e-05 0.99964485 -0.026649238 -2.3814324 -0.94045224 -0.0090966378 -0.33980424 -31.154967
-0.33359409 0.021933663 0.94246157 100.40794 -0.0028412567 0.99970137 -0.02427148 -2.4255848 -0.94271257 -0.010774597 -0.33343215 -31.464856
-0.32863874 0.020907571 0.94422422 101.22397 -0.00662138 0.99967937 -0.024440072 -2.4659338 -0.94443253 -0.014284021 -0.32839494 -31.72622
-0.32207104 0.020050984 0.94650311 102.11046 -0.019375022 0.99942669 -0.02776496 -2.5067719 -0.94651726 -0.027280808 -0.32149791 -32.007748
-0.31546054 0.023768046 0.94864095 102.92831 -0.01595785 0.99941204 -0.03034672 -2.5550964 -0.94880455 -0.024711463 -0.31489577 -32.288
-0.30768371 0.027737581 0.95108427 103.8572 -0.014462355 0.99932319 -0.033823119 -2.5994424 -0.95137882 -0.02416174 -0.30707432 -32.567138
-0.30169386 0.025706575 0.95305819 104.65548 -0.016756749 0.99933906 -0.0322593 -2.6481513 -0.95325763 -0.025702589 -0.3010637 -32.802742
-0.29475434 0.020274051 0.95535792 105.52115 -0.01941047 0.99944159 -0.027198234 -2.6891991 -0.95537594 -0.026560744 -0.29419622 -33.054562
-0.28792506 0.018501168 0.95747417 106.37868 -0.015975107 0.99958145 -0.024118725 -2.7206647 -0.95751973 -0.022240138 -0.28750899 -33.324003
-0.28209028 0.020710592 0.95916426 107.19718 -0.020490233 0.99940886 -0.027605744 -2.7719776 -0.95916907 -0.027440811 -0.28149916 -33.53879
-0.27487066 0.024026602 0.96118092 108.15683 -0.019309055 0.99934817 -0.030502511 -2.8152204 -0.96128734 -0.02694374 -0.27422756 -33.801405
-0.26818143 0.024758436 0.96305019 109.0243 -0.021498843 0.99926694 -0.031676308 -2.8555827 -0.96312855 -0.029199461 -0.26745256 -34.029908
-0.26123638 0.023783045 0.96498178 109.84677 -0.021561294 0.99930323 -0.030465928 -2.8945191 -0.96503406 -0.028765064 -0.26054156 -34.243759
-0.2530987 0.023813909 0.96714728 110.74227 -0.018583217 0.99939288 -0.029471041 -2.9446074 -0.96726201 -0.02543179 -0.2525025 -34.473023
-0.24526822 0.024933606 0.96913453 111.56827 -0.014358063 0.99946614 -0.0293477 -2.9900556 -0.96934897 -0.021112952 -0.24477928 -34.691367
-0.2383883 0.025739555 0.97082872 112.52445 -0.011866942 0.99949688 -0.029413575 -3.0358374 -0.97109746 -0.01853262 -0.23796292 -34.919083
-0.23211764 0.024570041 0.97237731 113.23101 -0.018674288 0.9993841 -0.029710214 -3.0626322 -0.97250848 -0.025054718 -0.23151586 -35.058153
-0.22609556 0.022935526 0.97383504 114.17919 -0.022165248 0.9993428 -0.028682388 -3.1148707 -0.97385296 -0.028070255 -0.2254386 -35.285656
-0.22147066 0.022415736 0.97490933 115.12217 -0.021635343 0.99937675 -0.027893216 -3.1607679 -0.97492704 -0.027270027 -0.22084765 -35.478337
-0.21641912 0.022719342 0.97603612 115.971 -0.019100285 0.99943933 -0.027499258 -3.2036538 -0.97611373 -0.024593933 -0.21586384 -35.660783
-0.21157521 0.0244055 0.97705692 116.86557 -0.01921896 0.99939099 -0.02912511 -3.2449265 -0.97717278 -0.024940169 -0.21097732 -35.860772
-0.20619964 0.023198751 0.97823486 117.73796 -0.013825068 0.99955006 -0.026618388 -3.284667 -0.97841231 -0.019012865 -0.20578614 -36.041316
-0.20214326 0.022039228 0.97910791 118.4945 -0.0060473728 0.99969961 -0.023751255 -3.3203542 -0.97933733 -0.010722186 -0.20194926 -36.195862
-0.19651986 0.021132846 0.98027204 119.50837 -0.002765208 0.99975178 -0.022107146 -3.3675392 -0.98049599 -0.0070551487 -0.19641265 -36.395883
-0.19116287 0.022780424 0.98129391 120.35971 -0.0046500911 0.99969841 -0.024113547 -3.405159 -0.98154736 -0.0091727202 -0.19099929 -36.558062
-0.1878548 0.024460075 0.98189215 121.18944 -0.0078159905 0.99962098 -0.026397068 -3.4402943 -0.98216575 -0.012633275 -0.18759242 -36.699041
-0.18601077 0.024020451 0.98225401 122.16164 -0.0094621171 0.99961097 -0.026236758 -3.4820817 -0.98250219 -0.014174521 -0.18571112 -36.872655
-0.18551281 0.022532447 0.98238343 122.99022 -0.011249541 0.99962285 -0.025052215 -3.5291207 -0.98257749 -0.015698869 -0.18518936 -37.019381
-0.18410183 0.018387341 0.98273513 123.84312 -0.0097456305 0.99974171 -0.020531248 -3.5590507 -0.9828589 -0.013357213 -0.18387509 -37.181753
-0.18321249 0.013066717 0.98298645 124.69934 -0.0084839738 0.99985341 -0.014872199 -3.5942615 -0.98303677 -0.011064403 -0.18307477 -37.337903
-0.18237357 0.010915539 0.98316868 125.59856 -0.007010156 0.99989852 -0.012401633 -3.6313096 -0.98320436 -0.0091538952 -0.18227855 -37.500359
-0.18313177 0.015423319 0.98296734 126.34117 -0.0092587474 0.99980552 -0.017412469 -3.6530142 -0.98304482 -0.012289822 -0.18295335 -37.616279
-0.18095615 0.019623434 0.98329533 127.28011 -0.0092736666 0.99972243 -0.021657901 -3.6897649 -0.98344748 -0.013037883 -0.18072394 -37.782301
-0.18112184 0.018696042 0.9832829 128.13889 -0.012262012 0.99969864 -0.021266845 -3.7271413 -0.98338426 -0.015908916 -0.18083801 -37.940532
-0.1817301 0.01699394 0.98320155 128.95103 -0.016758156 0.99965194 -0.020375766 -3.7665885 -0.98320568 -0.020179535 -0.18138206 -38.083727
-0.18067878 0.017728067 0.98338233 129.76571 -0.0092738007 0.99976239 -0.019727254 -3.803574 -0.98349848 -0.012683987 -0.18047145 -38.235007
-0.17934863 0.020206035 0.98357801 130.66238 -0.012686584 0.99965841 -0.022849691 -3.8459243 -0.98370382 -0.016576305 -0.17903103 -38.390931
-0.18012898 0.021465943 0.98340871 131.45214 -0.022891049 0.99939961 -0.0260079 -3.8680198 -0.98337665 -0.027196033 -0.17952946 -38.512804
-0.17883909 0.022940716 0.98361081 132.35405 -0.026524172 0.99925236 -0.028128119 -3.91231 -0.98352078 -0.031119869 -0.1780969 -38.669655
-0.17938586 0.026217918 0.98342933 133.16054 -0.026821852 0.99914288 -0.031529368 -3.9566207 -0.98341313 -0.032033319 -0.17852889 -38.792328
-0.17838933 0.027074073 0.98358739 133.96294 -0.02428344 0.99919578 -0.031907896 -3.9983475 -0.98366033 -0.029576914 -0.17758842 -38.954786
-0.17717506 0.028533723 0.98376559 134.78045 -0.023415633 0.99917447 -0.033197778 -4.0447829 -0.9839008 -0.028917312 -0.17636066 -39.084391
-0.1750488 0.027462264 0.98417664 135.62674 -0.018871498 0.99933369 -0.031241746 -4.0835222 -0.98437892 -0.024041717 -0.17441391 -39.243189
-0.17147011 0.024936052 0.98487365 136.47759 -0.008197905 0.9996089 -0.026736418 -4.130659 -0.98515526 -0.012658396 -0.17119862 -39.389882
-0.16946464 0.019927042 0.98533475 137.26671 -0.0044844646 0.99976962 -0.020990236 -4.1659377 -0.98552611 -0.0079758008 -0.16933624 -39.54578
-0.16494916 0.020003066 0.98609917 138.10659 0.0013673499 0.999798 -0.020052223 -4.1944538 -0.98630116 -0.001959254 -0.16494319 -39.683202
-0.15939047 0.024009353 0.98692358 139.03905 -0.0036202749 0.99968328 -0.024904445 -4.2558109 -0.98720902 -0.0075424651 -0.15925307 -39.818274
-0.15338921 0.027698952 0.98777752 139.78489 -0.00046707523 0.99960492 -0.028103142 -4.284765 -0.98816578 -0.0047720843 -0.15331567 -39.929818
-0.1460269 0.027572911 0.98889625 140.62099 -0.0093055047 0.999529 -0.029243489 -4.3310489 -0.9892369 -0.013472514 -0.14570154 -40.035988
-0.13509283 0.024270121 0.99053562 141.47567 0.00087041032 0.99970248 -0.024376017 -4.3588299 -0.99083261 -0.0024308519 -0.13507377 -40.161471
-0.12326103 0.022578826 0.99211735 142.16932 0.010147039 0.99971754 -0.02149112 -4.3881995 -0.99232245 0.0074180373 -0.12345532 -40.25747
-0.10901778 0.024978219 0.99372588 142.98075 0.01117897 0.99965183 -0.023900771 -4.4312638 -0.99397698 0.0085032239 -0.10925906 -40.347504
-0.095682637 0.026361759 0.99506271 143.74117 0.010651744 0.99961914 -0.025458225 -4.4607504 -0.99535494 0.008163244 -0.095926995 -40.401072
-0.082734864 0.026010973 0.99623204 144.42421 0.011205296 0.99962041 -0.025168865 -4.4938689 -0.99650864 0.0090807336 -0.082994921 -40.453996
-0.067786006 0.027624079 0.99731734 145.36776 0.015417709 0.99952626 -0.026637345 -4.5404551 -0.99758079 0.01357071 -0.068179795 -40.509065
-0.053252814 0.033423788 0.99802149 146.22723 0.01174827 0.99939148 -0.032842799 -4.5858988 -0.99851199 0.0099760559 -0.053613082 -40.551003
-0.040959835 0.042479668 0.99825732 146.97166 0.0021830015 0.99909723 -0.042425836 -4.6360738 -0.99915845 0.00044144281 -0.041015592 -40.549665
-0.027017667 0.051466365 0.99830916 147.73273 -0.0028233937 0.99866585 -0.051561163 -4.6839498 -0.99963101 -0.0042116813 -0.026836313 -40.557096
-0.013810303 0.05266036 0.99851694 148.49058 -0.0025079845 0.99860725 -0.052699808 -4.718339 -0.99990153 -0.0032320645 -0.013658999 -40.562977
-0.0022793206 0.048547719 0.99881822 149.24281 -0.0030600574 0.99881584 -0.048554585 -4.7734738 -0.99999276 -0.0031671118 -0.0021280642 -40.54542
0.0093048323 0.045656273 0.99891383 150.09754 -0.0037871371 0.99895156 -0.045622719 -4.8322058 -0.99994958 -0.0033585111 0.0094679818 -40.534061
0.01729394 0.051518692 0.99852224 150.71023 -0.010762996 0.99862336 -0.051337497 -4.890916 -0.99979256 -0.0098592627 0.017824626 -40.488313
0.025367551 0.060573841 0.99784128 151.66363 -0.015680342 0.99806385 -0.060188718 -4.9430096 -0.99955525 -0.014119651 0.026268252 -40.465065
0.027689969 0.063785451 0.99757937 152.27402 -0.020131289 0.99779526 -0.063240466 -4.9861696 -0.99941387 -0.018331432 0.028913001 -40.437542
0.027433239 0.059662931 0.9978415 153.0095 -0.02282335 0.9979944 -0.059044598 -5.0461523 -0.9993631 -0.021154301 0.028739926 -40.399769
0.026383291 0.053777495 0.9982043 153.73731 -0.015975611 0.9984471 -0.053368327 -5.110395 -0.99952428 -0.014538891 0.027201447 -40.384444
0.023254637 0.051459052 0.99840428 154.60651 -0.019303014 0.99851133 -0.051014966 -5.1647671 -0.99954325 -0.018085877 0.024213332 -40.355722
0.020411227 0.05132634 0.99847329 155.25499 -0.018338525 0.99853259 -0.050954502 -5.2135836 -0.99962351 -0.017270483 0.021322523 -40.339647
0.015783838 0.051791205 0.99853315 155.9473 -0.017504333 0.99851887 -0.051513771 -5.2596118 -0.99972224 -0.016665571 0.016667029 -40.318949
0.011041257 0.049740911 0.99870108 156.75479 -0.016129851 0.99864091 -0.049559588 -5.317769 -0.99980898 -0.015561699 0.011828563 -40.298511
0.006533913 0.050547383 0.99870025 157.46388 -0.019922401 0.99852996 -0.050408422 -5.3671736 -0.99978022 -0.019567142 0.0075313316 -40.29534
0.00068999123 0.048702484 0.99881305 158.1792 -0.019608443 0.99862195 -0.048679619 -5.4084111 -0.99980754 -0.019551579 0.0016440187 -40.30273
-0.0054766699 0.045758795 0.99893746 158.89456 -0.016799182 0.9988073 -0.045844933 -5.4637212 -0.99984393 -0.017032409 -0.0047014291 -40.304588
-0.010501584 0.045750852 0.99889764 159.68187 -0.018372647 0.9987753 -0.045938402 -5.5134025 -0.9997761 -0.018834819 -0.0096481604 -40.304169
-0.015184138 0.047025577 0.99877823 160.51402 -0.020248112 0.99867413 -0.0473285 -5.5638152 -0.99967972 -0.020942016 -0.014211828 -40.307479
-0.019433118 0.049405789 0.99858967 161.10529 -0.019211916 0.99857546 -0.049778959 -5.6072008 -0.9996266 -0.020152181 -0.018456256 -40.328435
-0.022156121 0.051223268 0.99844138 161.88643 -0.019291473 0.99847873 -0.051653274 -5.663536 -0.99956842 -0.020405841 -0.021134245 -40.328353
-0.023905293 0.052979531 0.99830938 162.53323 -0.015253633 0.99845922 -0.053352741 -5.7137126 -0.99959789 -0.016503258 -0.023060332 -40.352618
-0.022010892 0.050756303 0.99846844 163.36942 -0.010504133 0.99864358 -0.050996764 -5.7640877 -0.99970259 -0.011610529 -0.021447887 -40.354625
-0.019296439 0.047018431 0.99870758 163.95481 -0.0056002051 0.99887286 -0.047134414 -5.8045996 -0.99979816 -0.0065024929 -0.019011377 -40.385634
-0.012038023 0.04642517 0.99884919 164.65167 -0.0045137702 0.99890891 -0.046482344 -5.8597992 -0.99991739 -0.0050681305 -0.011815337 -40.382482
-0.0011091664 0.047917101 0.99885066 165.38331 -0.0039089471 0.99884348 -0.047921096 -5.9105372 -0.99999179 -0.0039576061 -0.00092057975 -40.37214
0.011954898 0.048352784 0.99875873 166.03965 -0.0033460196 0.99882649 -0.048316012 -5.96198 -0.99992298 -0.0027642525 0.012102657 -40.370985
0.027207138 0.04629892 0.99855701 166.714 -0.0039518913 0.99892401 -0.04620826 -5.9983837 -0.99962205 -0.0026889935 0.02736083 -40.338548
0.043830678 0.040938168 0.99819981 167.41926 -0.0074087049 0.99914591 -0.040651654 -6.0461639 -0.99901155 -0.0056135775 0.04409654 -40.285981
0.060252013 0.034553245 0.99758493 168.08405 -0.0077934935 0.9993865 -0.034144934 -6.0782182 -0.99815281 -0.0057173699 0.060484337 -40.236113
0.077036949 0.0269954 0.99666267 168.74777 -0.0075815785 0.99962034 -0.026489492 -6.1216029 -0.99699945 -0.0055156059 0.077212368 -40.172145
0.095950397 0.019618886 0.99519271 169.45367 -0.0092643373 0.99978004 -0.018816107 -6.1494111 -0.99534305 -0.0074143873 0.096111046 -40.077767
0.11233781 0.013462171 0.99357884 170.11752 -0.0090554047 0.99988057 -0.012523715 -6.1761565 -0.99362885 -0.007590371 0.1124463 -39.993799
0.13000596 0.010944575 0.99145276 170.7509 -0.01129116 0.99989058 -0.0095571455 -6.2073961 -0.99144896 -0.0099521648 0.13011531 -39.913084
0.15037105 0.010008871 0.98857892 171.54402 -0.012342877 0.99988982 -0.0082459338 -6.2346251 -0.98855262 -0.010961958 0.15047802 -39.763047
0.16686058 0.0091890135 0.98593764 172.12839 -0.010633431 0.99991519 -0.0075196775 -6.2430754 -0.9859232 -0.0092291612 0.16694414 -39.655525
0.18357495 0.0093695442 0.98296102 172.76981 -0.018968265 0.99980216 -0.0059876146 -6.2619492 -0.98282273 -0.017545889 0.18371635 -39.516347
0.19720075 0.0055954857 0.98034712 173.35337 -0.019876102 0.99980099 -0.0017083638 -6.2785471 -0.98016166 -0.019148588 0.19727272 -39.376791
0.20952647 0.0017786774 0.97780132 174.04369 -0.018725645 0.99982225 0.002193858 -6.2985304 -0.9776237 -0.018769631 0.20952253 -39.220009
0.220543 -0.00048079928 0.97537709 174.68379 -0.012701971 0.99991366 0.0033649436 -6.3120754 -0.97529458 -0.013131326 0.22051785 -39.089015
0.22918651 0.0032314989 0.97337712 175.15814 -0.016834967 0.99985807 0.00064446488 -6.3253545 -0.97323697 -0.016534474 0.22920839 -38.944713
0.23824461 0.0099725261 0.97115394 175.77966 -0.019655785 0.99979198 -0.0054446225 -6.3403491 -0.9710063 -0.01779164 0.23839106 -38.769004
0.24770335 0.020293074 0.96862333 176.38593 -0.02009361 0.99967317 -0.015805097 -6.3567662 -0.96862757 -0.015548163 0.24803016 -38.613416
0.25522983 0.026891486 0.96650634 176.91673 -0.014533693 0.99960692 -0.023974476 -6.3637579 -0.96677122 -0.0079279042 0.25552033 -38.47004
0.26213377 0.025393232 0.96469736 177.58679 -0.014675151 0.99964304 -0.022325463 -6.3884088 -0.96492 -0.0083048211 0.26241285 -38.296377
0.26765764 0.018116061 0.96334372 178.12985 -0.017355171 0.99975167 -0.013978726 -6.3970718 -0.96335781 -0.012977482 0.26790557 -38.123799
0.27214926 0.0076776836 0.96222438 178.70581 -0.022481566 0.99974595 -0.0016185324 -6.4254675 -0.96199243 -0.021191828 0.27225272 -37.948689
0.27404237 -0.0018746838 0.96171575 179.3934 -0.020827151 0.99975201 0.0078835567 -6.447006 -0.96149212 -0.022190227 0.27393536 -37.767841
0.27515497 -0.0026832169 0.9613961 179.96622 -0.01839974 0.99979825 0.0080564665 -6.4664091 -0.96122384 -0.019906215 0.27505008 -37.586023
0.27687468 0.00073593365 0.96090571 180.64118 -0.017832699 0.99983142 0.0043725553 -6.4695404 -0.96074059 -0.018346192 0.27684113 -37.410993
0.27733055 0.00047730066 0.96077441 181.20945 -0.014974538 0.99988056 0.0038257195 -6.4778738 -0.9606579 -0.015448141 0.27730457 -37.248705
0.27984251 -0.0017134925 0.96004435 181.78834 -0.015825828 0.9998543 0.0063976025 -6.4708747 -0.95991551 -0.016983817 0.27977461 -37.042718
0.28225772 -0.0061616648 0.95931879 182.36101 -0.014380867 0.99983984 0.010653173 -6.4863663 -0.95923086 -0.016802776 0.2821239 -36.869728
0.28531033 -0.011605007 0.95836489 182.985 -0.013464113 0.99977949 0.016114841 -6.4952738 -0.95834066 -0.017501264 0.28509116 -36.682025
0.28906802 -0.014600327 0.95719718 183.56465 -0.012726523 0.99973672 0.019092528 -6.4995486 -0.957224 -0.017700831 0.2888061 -36.507807
0.29461192 -0.015905487 0.95548456 184.11758 -0.011468248 0.99973063 0.020178123 -6.4902408 -0.9555482 -0.016902449 0.29435015 -36.322955
0.30302219 -0.018681113 0.95280034 184.77696 -0.011066403 0.99967146 0.023119577 -6.4943229 -0.95291928 -0.017549817 0.3027159 -36.100532
0.3126182 -0.021323255 0.94963946 185.44411 -0.0075454914 0.99966071 0.024930386 -6.4961408 -0.94984894 -0.014959188 0.31235123 -35.8932
0.3232553 -0.019591662 0.94610893 186.0445 -0.0083721264 0.99968733 0.023561632 -6.500248 -0.9462748 -0.015537366 0.32299021 -35.676441
0.33487818 -0.015695981 0.94213065 186.65134 -0.0090291159 0.99976189 0.019865501 -6.497845 -0.94221821 -0.015159129 0.33465672 -35.436539
0.34684568 -0.011985446 0.93784559 187.28177 -0.010750918 0.99980185 0.016753269 -6.4924277 -0.93786063 -0.015893499 0.3466481 -35.189401
0.35806944 -0.011533156 0.93362369 187.90786 -0.0095711048 0.99982583 0.016021731 -6.4840096 -0.93364594 -0.014672702 0.35789669 -34.953729
0.37034931 -0.015349779 0.92876569 188.55072 -0.0079153502 0.999775 0.019679635 -6.4892993 -0.92885887 -0.014639844 0.37014449 -34.668398
0.38057399 -0.017049565 0.92459325 189.15048 -0.0070501518 0.99974747 0.021337343 -6.4870745 -0.92472364 -0.01463896 0.38035768 -34.415993
0.3919025 -0.016576893 0.91985736 189.79159 -0.010976334 0.99968225 0.022691864 -6.4892252 -0.91994132 -0.018989659 0.39159601 -34.131987
0.40204494 -0.018508364 0.91543282 190.39568 -0.012429925 0.99959322 0.025668976 -6.4778492 -0.9155356 -0.021698843 0.40165133 -33.840943
0.40904757 -0.016944284 0.91235569 191.0754 -0.017628255 0.99949427 0.026466113 -6.4772192 -0.91234281 -0.026909138 0.40854201 -33.554605
0.41361788 -0.019454509 0.91024266 191.69175 -0.01799056 0.99940183 0.029535078 -6.4661093 -0.91027285 -0.028592011 0.41302046 -33.241129
0.4148827 -0.024566329 0.90954317 192.31923 -0.012869255 0.99937701 0.032862932 -6.4523984 -0.90978393 -0.025339404 0.41430808 -32.955627
0.41542759 -0.022985894 0.90933574 192.99383 -0.010127979 0.99950182 0.029892022 -6.4499847 -0.9095699 -0.021627704 0.41498783 -32.644515
0.41430558 -0.022846005 0.90985102 193.64335 -0.008025517 0.99955433 0.028752882 -6.4390308 -0.91010249 -0.019214504 0.41393758 -32.340558
0.41272376 -0.021496655 0.91060251 194.31626 -0.005423698 0.99964575 0.026056955 -6.4361272 -0.91084014 -0.015693157 0.41246096 -32.057737
0.4134951 -0.023078053 0.91021378 194.96272 -0.0017561206 0.99965665 0.026143612 -6.4194039 -0.91050469 -0.0124087 0.4133126 -31.749859
0.41285247 -0.029209676 0.91032937 195.66171 0.0021405988 0.99951397 0.031100531 -6.4087421 -0.91079544 -0.010891281 0.41271433 -31.424504
0.41206867 -0.032474482 0.91057386 196.33316 0.0022642536 0.99939807 0.034617627 -6.4013642 -0.91115002 -0.012203069 0.41189417 -31.141084
0.40987839 -0.034874116 0.91147322 197.01376 0.0030127706 0.99931515 0.036880253 -6.3886853 -0.91213524 -0.012370359 0.40970275 -30.825499
0.40807782 -0.03522041 0.91226748 197.69948 0.0033296473 0.99930633 0.03709134 -6.373016 -0.91294112 -0.012098624 0.40791202 -30.512012
0.40705016 -0.035069055 0.9127323 198.39781 0.00091806182 0.99927789 0.037984887 -6.3609971 -0.91340538 -0.014623809 0.40678842 -30.222209
0.40419176 -0.034104985 0.91403818 199.04099 -0.00020639581 0.99930119 0.037377623 -6.3506304 -0.91467428 -0.015296381 0.40390227 -29.900686
0.40387162 -0.031159344 0.91428482 199.76227 0.0010815642 0.99943533 0.033583557 -6.3398594 -0.91481507 -0.012574587 0.40367726 -29.607481
0.40375146 -0.02518205 0.91452203 200.43242 0.00031751521 0.9996249 0.027385241 -6.3393049 -0.91486869 -0.010766456 0.40360801 -29.325819
0.40362536 -0.022187218 0.91465525 201.07321 -0.0014479041 0.99968918 0.024888867 -6.3225895 -0.91492324 -0.01137011 0.40346778 -28.986012
0.40139533 -0.024797078 0.91556913 201.79098 -0.0015630946 0.99961343 0.027758593 -6.3144437 -0.91590361 -0.01257329 0.4012014 -28.701413
0.3991653 -0.028490759 0.91643618 202.5251 -0.0017405256 0.99949175 0.031830952 -6.3000478 -0.91687737 -0.014300891 0.39891283 -28.375852
0.39683972 -0.027214249 0.91748436 203.19638 -0.0078896341 0.99942232 0.033057182 -6.3071044 -0.91785405 -0.020357018 0.39639576 -28.090207
0.3933093 -0.027121837 0.91900606 203.82591 -0.0099223665 0.99938138 0.033740384 -6.2891924 -0.91935272 -0.022389121 0.39279687 -27.807367
0.38597812 -0.028404556 0.9220705 204.49219 -0.0095114882 0.99935019 0.034766674 -6.278325 -0.92245894 -0.022189438 0.38545714 -27.509127
0.37747799 -0.02881175 0.92557019 205.21021 -0.0088081569 0.99935892 0.034700949 -6.2690694 -0.9259767 -0.021251412 0.37698222 -27.220148
