1 0 0 0 0 1 0 0 0 0 1 0
0.99993005 -0.0025768626 0.01154373 0.0034480706 0.0025635128 0.99999603 0.0011711112 -0.0085258147 -0.011546703 -0.0011414368 0.99993268 0.30956031
0.99982471 -0.0046446686 0.018137931 0.017401934 0.004624686 0.99998865 0.0011435078 -0.012110348 -0.018143038 -0.0010594251 0.99983484 0.60007781
0.9997719 -0.0072153864 0.020101946 0.025257918 0.0072195423 0.99997393 -0.00013415715 -0.018152298 -0.020100456 0.00027925343 0.99979793 0.89868768
0.99978512 -0.0085192327 0.01889796 0.021963141 0.0085480464 0.99996242 -0.0014444127 -0.022270412 -0.018884946 0.001605643 0.99982037 1.2215739
0.99986619 -0.011189523 0.01193279 0.026201304 0.011228182 0.99993191 -0.0031776303 -0.02184844 -0.011896423 0.0033111887 0.99992375 1.5350021
0.99992134 -0.012535854 -0.00041303702 0.016677788 0.012533833 0.99991097 -0.0045786426 -0.032385774 0.00047039747 0.0045731056 0.99998943 1.8476607
0.99980914 -0.011850446 -0.015532539 -0.0093700894 0.011777274 0.99991915 -0.0047939267 -0.039738528 0.015588095 0.0046100809 0.99986787 2.180381
0.99935967 -0.0078245129 -0.034914569 -0.04354081 0.0076476052 0.99995725 -0.0051975647 -0.047635734 0.034953747 0.0049272238 0.99937678 2.5194423
0.99848399 -0.0042109698 -0.054881569 -0.086639646 0.0038766293 0.99997328 -0.0061970762 -0.050139862 0.054906203 0.0059749259 0.99847364 2.8638673
0.99725164 -0.0038676096 -0.073987952 -0.13444081 0.0033905965 0.99997266 -0.0065716931 -0.056007552 0.074011352 0.0063027684 0.99723748 3.2309129
0.99547587 -0.0046892739 -0.094898897 -0.18327488 0.0041279068 0.99997281 -0.0061108719 -0.060529452 0.09492498 0.0056914917 0.99546816 3.6151983
0.99336809 -0.0059272896 -0.11482464 -0.23588199 0.0053546937 0.99997165 -0.0052945082 -0.070836298 0.11485277 0.0046445447 0.99337167 3.9950501
0.99125118 -0.0049963408 -0.13189442 -0.31223399 0.0044300436 0.99997967 -0.0045866501 -0.077531957 0.13191466 0.0039622242 0.99125316 4.3935588
0.98897903 -0.003844841 -0.14800575 -0.38967056 0.0032886613 0.99998658 -0.0040023614 -0.084528317 0.14801916 0.0034715107 0.9889784 4.8078896
0.98688578 -0.0031407646 -0.16138955 -0.47205814 0.0025254164 0.99998874 -0.0040178053 -0.092187616 0.16140037 0.0035575391 0.9868826 5.2182167
0.98476923 -0.0048424263 -0.17379905 -0.56311404 0.0040405857 0.9999795 -0.0049671322 -0.10140905 0.17381956 0.004189229 0.98476861 5.6566899
0.98297914 -0.0074082464 -0.18356774 -0.65400553 0.0062285274 0.99995609 -0.0070023681 -0.1127819 0.18361157 0.005739825 0.98298212 6.1016334
0.98153233 -0.0068246203 -0.19117456 -0.747711 0.0052553799 0.99994822 -0.008714245 -0.12182915 0.19122415 0.0075486183 0.98151737 6.5614493
0.98008842 -0.0067307172 -0.19844743 -0.86304218 0.0046801508 0.99993072 -0.010800289 -0.1251092 0.1985064 0.0096564741 0.98005202 7.0544548
0.97837121 -0.0072327756 -0.20673042 -0.96850181 0.0045817058 0.99990106 -0.013299693 -0.13674064 0.20680618 0.012064859 0.97830754 7.507047
0.97641848 -0.011355316 -0.21558759 -1.0860233 0.0082847761 0.99985104 -0.015141022 -0.14702037 0.21572742 0.012997879 0.97636711 8.0013636
0.97472057 -0.016809564 -0.22279417 -1.1957698 0.01349914 0.99977482 -0.016373367 -0.16509397 0.22301925 0.012951928 0.974728 8.5276521
0.97283737 -0.01760874 -0.23081893 -1.3259464 0.013693361 0.99973408 -0.018554132 -0.18975167 0.23108428 0.014889466 0.9728198 9.0397145
0.97068556 -0.013765909 -0.23995841 -1.4787531 0.0085377659 0.99970328 -0.022813699 -0.19208955 0.24020128 0.02009622 0.97051507 9.5746324
0.96851282 -0.011237842 -0.24870992 -1.6367087 0.0049407948 0.99965159 -0.025928615 -0.21170087 0.24891466 0.023883372 0.9682309 10.100284
0.96615394 -0.013604423 -0.25760721 -1.7979114 0.0065959645 0.99958474 -0.028050676 -0.23270555 0.25788187 0.025402103 0.96584247 10.666779
0.96392724 -0.015310665 -0.26572513 -1.9598487 0.0076671815 0.99952712 -0.029778214 -0.26304141 0.26605542 0.026666669 0.96358882 11.238383
0.96197533 -0.015269817 -0.27270917 -2.1294124 0.0066765916 0.99945233 -0.032410857 -0.28686254 0.27305474 0.029357678 0.96155044 11.817153
0.95938118 -0.01529004 -0.28169836 -2.3193088 0.0052811437 0.99932859 -0.036255606 -0.31080294 0.2820636 0.033295257 0.95881779 12.398075
0.95742199 -0.015960822 -0.28825054 -2.4987754 0.0042191354 0.99913748 -0.041309768 -0.34319305 0.28866128 0.038334712 0.95666354 12.986208
0.95534046 -0.016677194 -0.29503639 -2.7037269 0.0025597082 0.99883579 -0.048171634 -0.38057353 0.2954963 0.045265105 0.95427093 13.587699
0.95402337 -0.017037067 -0.29924762 -2.906143 0.00015913908 0.9984119 -0.056335243 -0.417256 0.2997322 0.053697517 0.95251099 14.20818
0.95279329 -0.016883313 -0.30314995 -3.1155028 -0.0029897672 0.99788262 -0.064971788 -0.4625117 0.30360503 0.062811032 0.95072539 14.827783
0.95149303 -0.016423991 -0.30723162 -3.3436466 -0.0066855237 0.99723471 -0.074015176 -0.50955376 0.30759768 0.072478929 0.94875206 15.487322
0.95021463 -0.015480685 -0.31121133 -3.5625771 -0.010367417 0.99664139 -0.081230851 -0.56975406 0.31142363 0.080413202 0.94686274 16.120145
0.94870685 -0.014941179 -0.31580384 -3.7959 -0.013546749 0.99604422 -0.087820234 -0.63473901 0.31586675 0.087593774 0.94475157 16.801558
0.94682093 -0.01298354 -0.3214989 -4.044527 -0.018132455 0.99544467 -0.093600889 -0.70222115 0.32124966 0.094452847 0.94227243 17.442371
0.94532925 -0.011278063 -0.32592239 -4.2963418 -0.022215445 0.99485327 -0.098860729 -0.77898949 0.32535995 0.10069645 0.94021335 18.11201
0.94354637 -0.0085548983 -0.33112997 -4.5687766 -0.026822742 0.99441022 -0.10212176 -0.85354619 0.3301527 0.10523843 0.93804268 18.807312
0.94197744 -0.0075986562 -0.33559016 -4.8126403 -0.028848126 0.99421245 -0.10348623 -0.9305015 0.3344343 0.10716284 0.93630648 19.507514
0.93964837 -0.0070441892 -0.34206915 -5.1031167 -0.029817226 0.99429817 -0.10238202 -1.0164591 0.34083995 0.10640265 0.93408062 20.235659
0.93747556 -0.0072057013 -0.34797651 -5.3836271 -0.029938012 0.99441076 -0.101247 -1.1044187 0.34676117 0.10533432 0.93202006 20.957611
0.93503597 -0.0070338659 -0.35448307 -5.6610812 -0.030229819 0.9945809 -0.099473621 -1.1907023 0.3532618 0.10372737 0.92975628 21.677031
0.93195622 -0.0071500626 -0.36250031 -5.9485282 -0.029634676 0.99495812 -0.095812969 -1.2737939 0.36135772 0.10003607 0.92704552 22.370837
0.92842207 -0.0033698218 -0.3715119 -6.2855394 -0.032790832 0.9953133 -0.090973555 -1.3619154 0.37007733 0.096644042 0.92396034 23.201591
0.92516409 -0.0013812432 -0.37956485 -6.6038911 -0.033526165 0.99578754 -0.085341479 -1.4413323 0.37808386 0.091680227 0.92122057 23.912284
0.92144413 0.0014032561 -0.38850834 -6.924171 -0.035862799 0.99603119 -0.081459967 -1.5148506 0.38685215 0.088993806 0.91783742 24.661946
0.91811053 0.0020478895 -0.39631913 -7.253924 -0.036554402 0.99616167 -0.079534261 -1.5899389 0.39463508 0.087508453 0.91466138 25.3871
0.91388991 0.0033085726 -0.4059486 -7.6183898 -0.038592367 0.99614616 -0.078762065 -1.6668242 0.40412358 0.087646376 0.91049561 26.181167
0.91079407 0.0044469689 -0.41283698 -7.9879303 -0.040077833 0.9961718 -0.077688546 -1.7380109 0.41091112 0.08730388 0.90748559 26.919077
0.90641489 0.0042324725 -0.42236728 -8.3684234 -0.040027835 0.99631036 -0.075917262 -1.813499 0.42048761 0.085718986 0.90323997 27.718624
0.90258581 0.0047866771 -0.43048337 -8.7642407 -0.040319369 0.99648305 -0.073456601 -1.8890812 0.42861781 0.083657705 0.89960446 28.503487
0.89910006 0.0057249679 -0.43770572 -9.1534404 -0.040079018 0.99679116 -0.069289584 -1.9640839 0.43590455 0.079841086 0.89644444 29.279913
0.89510091 0.0057206653 -0.44582689 -9.5611152 -0.038283951 0.99721092 -0.064068111 -2.0248073 0.44421697 0.07441544 0.89282341 30.066406
0.89212347 0.0056178012 -0.45175672 -9.9830433 -0.036579116 0.99753807 -0.059831131 -2.0932105 0.45030844 0.069901619 0.89013262 30.876213
0.88837094 0.0046498649 -0.45910287 -10.418163 -0.035110982 0.99770852 -0.057835325 -2.1573099 0.45778195 0.067498775 0.88649851 31.710169
0.88463543 0.0047568995 -0.46625907 -10.847762 -0.035193259 0.99777688 -0.056592737 -2.22306 0.46495335 0.066473117 0.88283618 32.530239
0.88122178 0.0052874566 -0.47267346 -11.301061 -0.035342803 0.99787559 -0.054728314 -2.2773952 0.47137997 0.064933388 0.87953658 33.323381
0.87867291 0.0033053691 -0.47741279 -11.779083 -0.032834045 0.99802678 -0.053520847 -2.3403768 0.47629388 0.062702712 0.87704762 34.173327
0.87601355 0.0030125711 -0.48227706 -12.2368 -0.032782815 0.9980396 -0.053312764 -2.4038964 0.48117104 0.062513104 0.87439497 35.019767
0.87393101 0.0020212786 -0.48604577 -12.699036 -0.032114104 0.99804638 -0.053592029 -2.4632315 0.48498794 0.062444661 0.87228859 35.837753
0.8726164 0.0031423221 -0.48839608 -13.22335 -0.034042237 0.99793862 -0.054402498 -2.5270437 0.4872184 0.064098608 0.87092458 36.733528
0.87216268 0.0028011014 -0.48920793 -13.708418 -0.03312625 0.99802663 -0.053343173 -2.5850028 0.48809316 0.06272955 0.87053437 37.580215
0.87249993 0.0026544901 -0.488607 -14.237662 -0.032044592 0.99814328 -0.051798972 -2.6501198 0.48756234 0.060851812 0.87096501 38.509622
0.87209996 0.0011583003 -0.48932638 -14.741171 -0.030154994 0.99822377 -0.051380685 -2.7111736 0.48839775 0.059564728 0.87058584 39.393746
0.87111114 -0.0018268481 -0.4910825 -15.252894 -0.027402154 0.99825429 -0.052321104 -2.7730712 0.49032083 0.059034216 0.86954037 40.274551
0.870316 -0.0027332891 -0.49248611 -15.778597 -0.026727912 0.99824875 -0.052773529 -2.8434583 0.49176793 0.059092773 0.86871881 41.194872
0.86909163 -0.0046125121 -0.4946296 -16.300802 -0.023586242 0.99843269 -0.0507529 -2.9049552 0.4940885 0.055775375 0.8676207 42.109237
0.86657202 -0.0020469197 -0.49904782 -16.840723 -0.024768159 0.99858285 -0.047104526 -2.9709901 0.49843705 0.053179961 0.86529326 43.030318
0.864225 -0.0029821464 -0.50309664 -17.381914 -0.021526981 0.99884742 -0.042900033 -3.0346598 0.50264476 0.047905433 0.86316472 43.947348
0.86024898 -0.0052205816 -0.50984744 -17.934456 -0.018205538 0.99899545 -0.040946821 -3.0969253 0.50954908 0.044506508 0.85928978 44.85964
0.85510755 -0.0072542994 -0.51839987 -18.459009 -0.017646954 0.99891544 -0.043087345 -3.1592405 0.51815025 0.045992493 0.85405212 45.751723
0.84948915 -0.010916021 -0.52749312 -19.039718 -0.015933548 0.99879915 -0.04632911 -3.2234164 0.52736546 0.047760914 0.84829511 46.641037
0.8432321 -0.0097396663 -0.53746138 -19.622839 -0.017800063 0.99878162 -0.046026345 -3.2882171 0.53725487 0.048377739 0.84203136 47.542771
0.83783018 -0.0078431039 -0.54587458 -20.215619 -0.017357129 0.99900861 -0.04099413 -3.3432084 0.54565497 0.043820935 0.83686343 48.441555
0.83255742 -0.0044644791 -0.55392074 -20.826079 -0.018982572 0.99915027 -0.036584233 -3.4041421 0.55361344 0.040973315 0.83176522 49.305535
0.82885828 -0.004660388 -0.55943919 -21.441542 -0.019818886 0.99909307 -0.037686326 -3.4581707 0.55910749 0.042324086 0.8280142 50.204017
0.8252681 -0.0050600418 -0.56471845 -22.050976 -0.022699312 0.99885457 -0.04212234 -3.5208343 0.5642848 0.047580944 0.82420795 51.075056
0.82312824 -0.0071732048 -0.5678102 -22.65027 -0.024999499 0.99849299 -0.048854682 -3.5858924 0.56730499 0.05440864 0.82170845 51.916955
0.819561 -0.0080951009 -0.57293473 -23.278961 -0.025562973 0.99838808 -0.050673253 -3.6520192 0.57242146 0.056175738 0.818033 52.778274
0.81653824 -0.0076346015 -0.57724084 -23.8897 -0.023781975 0.99861886 -0.046848638 -3.7173133 0.57680131 0.051981632 0.81522892 53.656614
0.81336907 -0.0060310323 -0.58171673 -24.539223 -0.022311377 0.99888718 -0.041552361 -3.7786441 0.58132004 0.046776307 0.81232938 54.549526
0.81134969 -0.0049563207 -0.58454007 -25.175095 -0.021743699 0.99901616 -0.03865122 -3.8379251 0.58415659 0.044069719 0.81044368 55.419148
0.80806826 -0.0038765187 -0.58907608 -25.812898 -0.023562676 0.99896541 -0.038896092 -3.899197 0.58861746 0.045310906 0.8071409 56.296138
0.80367562 -0.004647398 -0.59504947 -26.47939 -0.024244614 0.99888348 -0.04054623 -3.9554521 0.59457357 0.047012762 0.80266562 57.127883
0.79997845 -0.0049935926 -0.60000793 -27.120989 -0.026149188 0.99872521 -0.043176116 -4.0237618 0.5994587 0.050229683 0.79882806 57.975874
0.79620977 -0.0064024776 -0.60498675 -27.783322 -0.024985589 0.99874301 -0.043452518 -4.0773679 0.60450455 0.049713271 0.79504898 58.78865
0.79196598 -0.0080879532 -0.61051162 -28.450438 -0.022955771 0.99881085 -0.043010686 -4.1419856 0.61013355 0.048077766 0.79083855 59.682506
0.78759418 -0.0076892393 -0.61614629 -29.110301 -0.023063257 0.99885365 -0.041946061 -4.1998459 0.61576256 0.047246814 0.78651398 60.500501
0.78190559 -0.0094361842 -0.62332542 -29.792151 -0.021943755 0.99884917 -0.042647495 -4.2654032 0.62301056 0.047024415 0.78079868 61.374555
0.77661593 -0.010147963 -0.6298926 -30.504777 -0.022551905 0.99878153 -0.043896 -4.3303608 0.6295706 0.048295611 0.77544079 62.197701
0.77088646 -0.011774169 -0.63686372 -31.178171 -0.021689506 0.99876413 -0.04471877 -4.3901108 0.63660323 0.048286354 0.76967837 63.007784
0.76599739 -0.010751714 -0.64275373 -31.919762 -0.02410965 0.99867618 -0.045437944 -4.4608718 0.64239143 0.050301914 0.76472413 63.856635
0.76073557 -0.012697477 -0.64893769 -32.618298 -0.023352789 0.99862584 -0.046915636 -4.5278847 0.64864171 0.050844899 0.75939368 64.679019
0.7540839 -0.014951229 -0.65660787 -33.356386 -0.020976811 0.99868253 -0.046831308 -4.5854781 0.65644306 0.049088275 0.75277679 65.492107
0.74717141 -0.013368263 -0.66449691 -34.129436 -0.022259249 0.99873351 -0.045121061 -4.6566358 0.66425857 0.048504369 0.74592755 66.332991
0.74293445 -0.014114717 -0.66921532 -34.830539 -0.021295091 0.99877317 -0.044706472 -4.7251416 0.66902538 0.04746498 0.74172242 67.143968
0.73462908 -0.017362605 -0.67824672 -35.628338 -0.017796542 0.99883541 -0.044845393 -4.7905574 0.67823553 0.045015176 0.73346454 67.992846
0.72991442 -0.018302309 -0.68329344 -36.392677 -0.018926857 0.99871701 -0.046969296 -4.8585922 0.68327648 0.047216164 0.72863154 68.769354
0.7225078 -0.015607387 -0.69118655 -37.19103 -0.022779485 0.99866493 -0.046362165 -4.9273139 0.69098742 0.0492419 0.72118768 69.56738
0.71844598 -0.018597031 -0.69533408 -37.998246 -0.018727575 0.998763 -0.046062428 -4.9866475 0.69533064 0.046115288 0.71720899 70.407987
0.71266537 -0.017345063 -0.70128965 -38.777638 -0.020522861 0.99875086 -0.045557963 -5.0555893 0.70120391 0.046860053 0.71141918 71.140972
0.70867548 -0.018428182 -0.70529386 -39.587445 -0.020541637 0.99869612 -0.04673443 -5.121679 0.70523553 0.047607436 0.70737291 71.957562
0.70404054 -0.019693808 -0.70988663 -40.384344 -0.021582582 0.99856031 -0.04910709 -5.1959503 0.70983177 0.049894569 0.7026019 72.759236
0.69950509 -0.022299801 -0.71427957 -41.218374 -0.021094428 0.99843315 -0.051829172 -5.2648092 0.71431625 0.051322089 0.69793867 73.569752
0.69313431 -0.022946707 -0.72044308 -42.042661 -0.021709659 0.99837513 -0.052685814 -5.3396853 0.72048148 0.05215892 0.69150989 74.356223
0.68841992 -0.022777843 -0.72495457 -42.912199 -0.021036906 0.99845923 -0.051348005 -5.4129983 0.72500724 0.050599791 0.68688005 75.141928
0.68450116 -0.023765757 -0.72862426 -43.736038 -0.018741446 0.99856448 -0.050177002 -5.4864305 0.72877086 0.048001689 0.68307314 75.92574
0.68004167 -0.023821264 -0.73278635 -44.637739 -0.019576542 0.99852573 -0.050627319 -5.5648703 0.73291209 0.048774109 0.67857277 76.735145
0.67507247 -0.024227928 -0.73735346 -45.497887 -0.019567757 0.99852098 -0.050724312 -5.6399543 0.73749191 0.04867094 0.67359993 77.502364
0.66912072 -0.027059714 -0.74266088 -46.375771 -0.015611305 0.99860453 -0.050450751 -5.7121185 0.74298977 0.045351549 0.66776455 78.265887
0.66468703 -0.027464931 -0.74661689 -47.269199 -0.015088532 0.99862681 -0.050168121 -5.7853026 0.74696957 0.044611453 0.66335988 79.071027
0.66319692 -0.030332581 -0.74783002 -48.165711 -0.012262403 0.99860395 -0.051378817 -5.8595635 0.74834452 0.043244467 0.66189911 79.836896
0.65900349 -0.03345293 -0.75139554 -49.040903 -0.011344657 0.99845467 -0.054401976 -5.9486054 0.75205435 0.044375417 0.6576056 80.63047
0.65365151 -0.038464913 -0.7558175 -49.989476 -0.0061795371 0.99840295 -0.056154754 -6.0242242 0.75677048 0.041376242 0.65236991 81.405842
0.64731065 -0.041929903 -0.76107211 -50.866774 -0.0015617028 0.99841076 -0.056333917 -6.1063658 0.76222472 0.037654113 0.64621644 82.176348
0.63893203 -0.04544139 -0.76791984 -51.799292 0.0028242328 0.9983856 -0.056729275 -6.1938311 0.76925804 0.034077367 0.63802888 82.95558
0.63221951 -0.046370253 -0.77340044 -52.738242 0.0055805413 0.99845409 -0.055301807 -6.2796423 0.77476926 0.030646888 0.63150092 83.722539
0.62132746 -0.046173912 -0.7821893 -53.711335 0.0077219939 0.99857453 -0.052813565 -6.3557282 0.78351299 0.026774457 0.62079833 84.475784
0.61207349 -0.044192083 -0.7895651 -54.685164 0.0043681381 0.99861104 -0.052506221 -6.4456823 0.79078885 0.028688737 0.61141639 85.2158
0.60457238 -0.045345558 -0.79525843 -55.633757 0.0031965004 0.99850839 -0.054504803 -6.5187998 0.79654383 0.030410054 0.60381554 85.94561
0.5929274 -0.047891532 -0.80383048 -56.655249 0.003672303 0.99838031 -0.056773853 -6.6120957 0.80524758 0.030710864 0.59214292 86.660208
0.58525445 -0.048718366 -0.80938476 -57.644681 0.0027926818 0.99830857 -0.058070692 -6.6912812 0.81084492 0.031725777 0.58440059 87.369295
0.57636717 -0.050444102 -0.81563241 -58.650114 0.0070243176 0.99836191 -0.056781564 -6.776471 0.8171607 0.026997768 0.57577736 88.081418
0.56409543 -0.050667406 -0.82415357 -59.661168 0.0093496472 0.99844351 -0.054983017 -6.8614898 0.8256567 0.023310123 0.56369115 88.762421
0.55433812 -0.051045711 -0.8307247 -60.693859 0.009109167 0.99842977 -0.055272221 -6.9466736 0.83224175 0.023072288 0.55393266 89.454256
0.54466342 -0.051881404 -0.8370484 -61.708645 0.0079304472 0.99835867 -0.056719331 -7.0301472 0.83861727 0.024254777 0.54418089 90.083209
0.53567604 -0.051630214 -0.84284366 -62.795313 0.0048482127 0.99830064 -0.058071747 -7.1254371 0.8444097 0.027021358 0.53501605 90.754609
0.52504078 -0.053158881 -0.84941524 -63.851057 0.004998831 0.99822283 -0.059381814 -7.2113809 0.85106243 0.02693179 0.52437342 91.40998
0.51637708 -0.052661511 -0.85474055 -64.922997 0.003621862 0.9982328 -0.059314139 -7.3008098 0.85635369 0.02753271 0.51565528 92.028369
0.50821411 -0.051590684 -0.85968411 -66.045794 0.0036965811 0.99832565 -0.057725445 -7.3907042 0.86122286 0.026158993 0.50755389 92.683248
0.49904065 -0.049832442 -0.86514455 -67.09098 0.0042050836 0.99847273 -0.055086548 -7.4762377 0.86656841 0.023852421 0.49848803 93.273659
0.49236173 -0.049937361 -0.86895692 -68.229899 0.0044113564 0.99848313 -0.054881465 -7.565428 0.87037953 0.023188254 0.49183517 93.919004
0.48434482 -0.053324186 -0.87325057 -69.326938 0.006002979 0.99831985 -0.057631891 -7.6571734 0.87485663 0.022671603 0.48385116 94.516531
0.4787839 -0.056292963 -0.87612614 -70.400129 0.0079944066 0.99818038 -0.059766437 -7.7460262 0.87789643 0.021611099 0.47836272 95.114344
0.47234062 -0.059664381 -0.87939435 -71.565062 0.00951748 0.99799338 -0.062598952 -7.8433934 0.88136475 0.021198409 0.47196067 95.739014
0.46857421 -0.062524465 -0.88120874 -72.688386 0.010641504 0.9978194 -0.065139833 -7.9472847 0.88336008 0.021145459 0.46821779 96.332968
0.4648302 -0.063180845 -0.88314268 -73.821198 0.012487436 0.99781934 -0.064812326 -8.0512803 0.88531182 0.019098539 0.46460553 96.911304
0.45894892 -0.061935118 -0.88630123 -74.957088 0.015240925 0.99796931 -0.061846401 -8.150144 0.88833196 0.014876288 0.45896088 97.489662
0.4542935 -0.059386718 -0.88887039 -76.06794 0.018102021 0.99818493 -0.057438404 -8.2492991 0.89066818 0.010003543 0.45454395 98.118696
0.4522617 -0.058942792 -0.88993541 -77.184637 0.019738383 0.9982309 -0.056084521 -8.345365 0.89166688 0.0077989942 0.45262504 98.667867
0.44856495 -0.058734098 -0.89181821 -78.307898 0.020285688 0.99825035 -0.055540338 -8.4392093 0.89352003 0.0068223021 0.44897158 99.242569
0.44620181 -0.057588615 -0.8930775 -79.41397 0.022086891 0.99833208 -0.053340669 -8.529768 0.89465981 0.004075397 0.44672954 99.763116
0.44277298 -0.056922031 -0.89482507 -80.493137 0.02421366 0.99837797 -0.051528001 -8.6152419 0.89630679 0.0011482159 0.44343308 100.3212
0.44198754 -0.059847012 -0.8950225 -81.607355 0.028650427 0.99820469 -0.052598048 -8.7093635 0.89656357 -0.0023950953 0.44290868 100.86327
0.43918193 -0.058664211 -0.89648071 -82.719632 0.028924024 0.99827176 -0.051155497 -8.7904655 0.89793246 -0.0034632599 0.44011973 101.39274
0.437055 -0.05875182 -0.89751383 -83.795731 0.033425681 0.99823597 -0.049068123 -8.8740443 0.8988135 -0.0085545433 0.43824784 101.92778
0.43655736 -0.058519068 -0.8977712 -84.8529 0.036238941 0.99821629 -0.047444507 -8.9599055 0.89894632 -0.01182203 0.43789934 102.43144
0.43334494 -0.058821228 -0.89930649 -85.969145 0.036886935 0.99818923 -0.047514336 -9.0430247 0.90047298 -0.012582564 0.43472999 102.94983
0.43292523 -0.060093302 -0.89942452 -87.046908 0.039008499 0.9980897 -0.047909237 -9.1259501 0.90058545 -0.014344084 0.43444236 103.4694
0.43384493 -0.061769541 -0.89886764 -88.069633 0.039328381 0.99799458 -0.049599348 -9.2105022 0.90012884 -0.013832584 0.43540419 103.95524
0.43369066 -0.061661185 -0.89894952 -89.117284 0.03733193 0.99802878 -0.050446801 -9.2883185 0.90028818 -0.011681215 0.4351377 104.4358
0.43565723 -0.060705614 -0.89806321 -90.140121 0.03354901 0.99812503 -0.051194531 -9.3734169 0.89948725 -0.0078258644 0.43687701 104.93375
0.44025764 -0.060928021 -0.89580183 -91.130906 0.03220035 0.99812458 -0.052062079 -9.4544852 0.89729394 -0.0059244048 0.44139388 105.427
0.44618902 -0.062372405 -0.89276255 -92.145533 0.032656303 0.99803874 -0.053406355 -9.5361246 0.89434277 -0.0053249961 0.44735078 105.92003
0.45080349 -0.062360305 -0.89044222 -93.165562 0.03163477 0.99804616 -0.053880418 -9.6233261 0.89206251 -0.0038794555 0.45189545 106.43988
0.45828641 -0.060388337 -0.88675067 -94.144636 0.029820341 0.99817218 -0.052564608 -9.6998135 0.88830421 -0.0023535623 0.45924955 106.93281
0.46662341 -0.059452472 -0.88245563 -95.115119 0.028890713 0.99823036 -0.051975622 -9.7788972 0.88398416 -0.0012417312 0.46751528 107.42629
0.47524964 -0.058965055 -0.8778729 -96.109468 0.028132365 0.99826004 -0.051821354 -9.8535721 0.87940117 -6.856167e-05 0.47608156 107.95524
0.48361379 -0.059264373 -0.87327279 -97.077244 0.029015384 0.99824226 -0.051676821 -9.9325293 0.87480048 -0.00034672238 0.48448331 108.48337
0.49458024 -0.060033212 -0.86705613 -98.042507 0.028303304 0.99819501 -0.052968425 -10.012387 0.86867104 0.0016565828 0.49538667 109.01032
0.50360146 -0.061679439 -0.86173148 -98.951759 0.026812338 0.99808358 -0.055769696 -10.089145 0.86351996 0.0049806639 0.50429012 109.55199
0.51435153 -0.060743395 -0.85542544 -99.900498 0.02250921 0.99810091 -0.057340347 -10.166607 0.85728402 0.010238144 0.51474202 110.10011
0.52794532 -0.059192919 -0.847213 -100.7939 0.020069097 0.99815911 -0.057233028 -10.246102 0.84904124 0.013213109 0.52816138 110.66026
0.54015039 -0.05670604 -0.83965584 -101.75639 0.018897007 0.99829299 -0.055263138 -10.327549 0.84135636 0.013983423 0.54029992 111.26494
0.55383813 -0.05461789 -0.830831 -102.66728 0.018429316 0.99840585 -0.053348953 -10.407384 0.83242041 0.014235037 0.55396181 111.84719
0.56422716 -0.054820425 -0.82379753 -103.5018 0.019840894 0.9984053 -0.052850646 -10.481822 0.82538119 0.013474891 0.56441508 112.4199
0.57507566 -0.054913571 -0.81625512 -104.40718 0.019720386 0.99838525 -0.053272787 -10.557304 0.81786255 0.014539017 0.57522998 113.0343
0.58710643 -0.054884442 -0.807647 -105.25859 0.017767155 0.99833228 -0.05492709 -10.630574 0.80931479 0.017898459 0.58710244 113.64029
0.59793116 -0.058054084 -0.7994423 -106.06698 0.022105891 0.99818866 -0.055952916 -10.713141 0.8012426 0.015783607 0.59813144 114.21976
0.60903905 -0.057533448 -0.79105074 -106.87313 0.022468155 0.99821683 -0.055302233 -10.796045 0.79282196 0.015907769 0.60924571 114.8565
0.62101115 -0.055806215 -0.78181248 -107.70685 0.021902954 0.99830815 -0.053861792 -10.864486 0.78349567 0.01632477 0.62118282 115.50156
0.63022738 -0.053939213 -0.77453468 -108.48983 0.023230618 0.99844725 -0.050630255 -10.940509 0.77606304 0.013915654 0.63050184 116.13409
0.64008385 -0.052877111 -0.76648329 -109.28034 0.0230604 0.99850163 -0.049625731 -11.016557 0.76795894 0.014089217 0.64034413 116.79292
0.64965323 -0.051831209 -0.7584617 -110.03722 0.020679957 0.99850881 -0.050522153 -11.088206 0.75994938 0.017136924 0.64975635 117.44543
0.65862326 -0.050126325 -0.75080137 -110.81071 0.017197505 0.99852084 -0.051578892 -11.1562 0.75227634 0.021059148 0.6585111 118.1062
0.66793843 -0.049696065 -0.74255539 -111.5119 0.017155862 0.99853101 -0.051395497 -11.22243 0.7440188 0.02158985 0.66780982 118.75426
0.67740547 -0.047897556 -0.73404878 -112.24697 0.016802047 0.99862504 -0.049655965 -11.292686 0.73541795 0.0213037 0.67727884 119.40412
0.68549539 -0.047179375 -0.72654672 -112.9661 0.018453713 0.99870355 -0.047441237 -11.357931 0.7278431 0.019113264 0.68547732 120.06124
0.69527517 -0.046753555 -0.71722138 -113.65036 0.019059968 0.99873049 -0.046627555 -11.427982 0.71849092 0.018748764 0.69528363 120.73079
0.70203943 -0.045882784 -0.7106584 -114.33195 0.017992037 0.99874649 -0.046709011 -11.491771 0.71191078 0.020005375 0.70198495 121.40283
0.70956086 -0.043404739 -0.70330603 -115.00145 0.015322887 0.99881547 -0.04618303 -11.554325 0.70447756 0.021992992 0.70938545 122.06455
0.71656224 -0.040947114 -0.69632022 -115.67097 0.014805999 0.99894343 -0.043506465 -11.610173 0.69736603 0.020865374 0.7164114 122.74071
0.72358843 -0.03939877 -0.6891063 -116.29394 0.015518976 0.99904584 -0.040823639 -11.677696 0.69005724 0.018845289 0.72350944 123.41854
0.73121149 -0.038093702 -0.68108633 -116.92977 0.015157067 0.99910033 -0.039607914 -11.733305 0.68198245 0.018638491 0.73113103 124.05222
0.73851144 -0.036078399 -0.67327496 -117.53798 0.012788503 0.99913723 -0.039512559 -11.789831 0.67411969 0.020570298 0.73833566 124.74505
0.7457919 -0.033920532 -0.66531482 -118.13737 0.01152942 0.99921047 -0.038019901 -11.840856 0.66607924 0.02068424 0.74559415 125.38055
0.75484272 -0.031293699 -0.65515887 -118.74633 0.010832945 0.99931976 -0.035251363 -11.895053 0.65581641 0.019511935 0.75466825 126.06506
0.76466454 -0.027595655 -0.64383739 -119.3282 0.0089100065 0.99943995 -0.032255092 -11.940627 0.64436697 0.01892773 0.76448217 126.71827
0.77382085 -0.025054107 -0.6329088 -119.87909 0.006808576 0.99948869 -0.031240961 -11.991399 0.63336796 0.019865699 0.77359577 127.41285
0.78322191 -0.024623999 -0.62125443 -120.40595 0.0058052807 0.99946149 -0.032295811 -12.033158 0.62171518 0.021688231 0.78294309 128.08317
0.79315197 -0.025437289 -0.60849228 -120.92713 0.0062876315 0.99941613 -0.033583646 -12.081951 0.60899133 0.02281096 0.79284882 128.7452
0.80280088 -0.024370521 -0.59574893 -121.43396 0.00554763 0.99942639 -0.0334082 -12.127187 0.59622143 0.023515138 0.80247559 129.41723
0.81257382 -0.02335031 -0.58239035 -121.93711 0.0058098835 0.99947205 -0.031966573 -12.165032 0.58282936 0.02259158 0.81228049 130.09462
0.82230684 -0.021427399 -0.56864075 -122.42369 0.0056633631 0.99954947 -0.029475065 -12.207931 0.56901618 0.021017128 0.82205772 130.7926
0.83150349 -0.019931483 -0.55516183 -122.87921 0.0060534464 0.9996219 -0.026821882 -12.251117 0.55548657 0.018941846 0.83130975 131.50752
0.84018984 -0.0185738 -0.54197418 -123.33876 0.0063684985 0.99968231 -0.02438705 -12.285889 0.54225501 0.01703819 0.84004121 132.1988
0.84832743 -0.017907904 -0.52916901 -123.77799 0.0072612212 0.99972737 -0.022191641 -12.318629 0.5294222 0.014983365 0.84822619 132.9119
0.85494851 -0.018201445 -0.5183934 -124.20166 0.0086232305 0.99974479 -0.020880633 -12.35184 0.5186412 0.01338164 0.85488728 133.6294
0.86166439 -0.018340617 -0.507147 -124.63657 0.0091450186 0.99974561 -0.020617325 -12.386805 0.50739617 0.013127346 0.86161292 134.36093
0.8680909 -0.017559227 -0.49609459 -125.07204 0.0086295382 0.99975698 -0.020285924 -12.41499 0.49633028 0.013328958 0.86803146 135.08335
0.87452529 -0.01574042 -0.48472439 -125.48484 0.0071145213 0.999782 -0.019630041 -12.449478 0.48492774 0.013718385 0.87444663 135.83596
0.88007486 -0.014637139 -0.47460928 -125.87725 0.0065006866 0.99980251 -0.01877999 -12.473777 0.47479047 0.013442511 0.87999621 136.57796
0.88608706 -0.015190156 -0.46326985 -126.28119 0.0071773323 0.99979269 -0.019054264 -12.509252 0.46346329 0.013558695 0.88601239 137.33789
0.89066832 -0.016180008 -0.45436564 -126.67564 0.0080910848 0.99977238 -0.019741485 -12.540111 0.45458167 0.013906805 0.8905965 138.08989
0.89492326 -0.016840288 -0.44590216 -127.07167 0.0085961825 0.9997528 -0.020504952 -12.572006 0.44613728 0.014517302 0.8948468 138.88073
0.89824576 -0.016249464 -0.43919301 -127.46418 0.0083636693 0.9997673 -0.019884316 -12.600338 0.43941396 0.014187737 0.89817264 139.65492
0.90131208 -0.014414419 -0.43293041 -127.84382 0.0080506767 0.99983098 -0.016528779 -12.630252 0.43309552 0.011412206 0.90127579 140.44974
0.90427445 -0.010876885 -0.42681306 -128.22565 0.0060375843 0.99990125 -0.012689814 -12.656716 0.42690898 0.0088981548 0.90425083 141.26093
0.90792515 -0.0080052185 -0.41905587 -128.59753 0.0042647317 0.99994228 -0.0098619295 -12.674499 0.41911066 0.0071667327 0.90790688 142.08861
0.91086688 -0.0054427872 -0.41266437 -128.9801 0.0025941635 0.99996879 -0.007462917 -12.698077 0.41269214 0.0057272049 0.91085257 142.90809
0.9137406 -0.0036918728 -0.40628126 -129.37994 0.0014986138 0.99998254 -0.005716395 -12.710637 0.40629531 0.0046144432 0.91373018 143.76986
0.91670485 -0.0024818397 -0.39955731 -129.75778 0.0015587689 0.99999531 -0.0026351594 -12.731624 0.39956201 0.0017928456 0.91670442 144.608
0.92001303 -0.0023456204 -0.39188073 -130.1269 0.0022291525 0.99999723 -0.00075217999 -12.746789 0.39188144 -0.00018154682 0.92001571 145.48046
0.92360874 -0.0025927373 -0.38332774 -130.5079 0.0028890321 0.99999581 0.00019724267 -12.762236 0.38332565 -0.0012896215 0.92361236 146.40071
0.92722597 -0.0033859933 -0.37448702 -130.86376 0.0036503118 0.99999334 -3.4906279e-06 -12.761289 0.37448457 -0.0013637581 0.92723215 147.30036
0.930934 -0.0058048801 -0.36514132 -131.22728 0.0062011536 0.99998077 -8.7374937e-05 -12.791895 0.36513483 -0.0021829574 0.93095209 148.21676
0.93439306 -0.0075305925 -0.35616414 -131.58363 0.0075632815 0.99997055 -0.0013007867 -12.799922 0.35616348 -0.0014783239 0.9344225 149.15152
0.93856647 -0.0081912956 -0.34500126 -131.95236 0.007556622 0.99996638 -0.0031844192 -12.825688 0.34501578 0.00038174467 0.93859681 150.07307
0.94371141 -0.0068236341 -0.33069956 -132.28363 0.0057553582 0.99997458 -0.0042094517 -12.833028 0.3307199 0.002069213 0.9437267 151.05151
0.94905555 -0.0033644406 -0.31509083 -132.61432 0.0024959069 0.99999189 -0.0031599118 -12.853131 0.31509893 0.0022124943 0.94905626 152.03097
0.95524932 0.00027978078 -0.2958017 -132.94155 -0.00032557514 0.99999994 -0.0001055596 -12.858013 0.29580168 0.00019714118 0.95524936 153.03455
0.96078862 0.003335012 -0.2772618 -133.251 -0.0029957615 0.99999416 0.0016471765 -12.8772 0.2772657 -0.0007519785 0.96079299 154.03174
0.96712519 0.0049301071 -0.25425293 -133.53064 -0.0044071969 0.99998684 0.0026262484 -12.890778 0.25426255 -0.0014193685 0.96713419 155.07985
0.97243265 0.0064194253 -0.23309552 -133.77419 -0.0057214741 0.9999769 0.003670294 -12.897526 0.23311372 -0.002235464 0.97244692 156.12747
0.97732107 0.0071085418 -0.21164354 -134.02154 -0.0058771001 0.99996195 0.006446962 -12.920838 0.21168133 -0.0050569018 0.97732566 157.20808
0.98194363 0.0092407128 -0.18894793 -134.23765 -0.0074705815 0.9999213 0.010078417 -12.915531 0.18902621 -0.0084848872 0.98193539 158.29878
0.98590396 0.010878926 -0.16695819 -134.42758 -0.0086246601 0.99986168 0.014221134 -12.92494 0.16708982 -0.012580715 0.98586141 159.39947
0.98954369 0.012929044 -0.14365279 -134.61226 -0.010500968 0.99978912 0.017647771 -12.923918 0.14385067 -0.015954747 0.98947078 160.54769
0.99262384 0.014196396 -0.12040089 -134.7623 -0.012167871 0.99977165 0.01756662 -12.920647 0.12062279 -0.015972024 0.99256992 161.69059
0.9949717 0.013883499 -0.099189548 -134.87832 -0.012392576 0.99980102 0.01563143 -12.918517 0.099386839 -0.014323616 0.99494577 162.82007
0.99688636 0.014238149 -0.077555499 -134.98628 -0.013123259 0.99980337 0.014866169 -12.910714 0.077751922 -0.0138021 0.99687719 163.99044
0.9982089 0.012754642 -0.058449149 -135.0549 -0.011813863 0.9997955 0.016413078 -12.91403 0.058646544 -0.015693171 0.99815545 165.14985
0.9991732 0.013136143 -0.038475436 -135.1119 -0.012433851 0.99975273 0.018435774 -12.911124 0.038708101 -0.017942134 0.99908947 166.33509
0.99976235 0.013490148 -0.0171248 -135.151 -0.013158426 0.99972641 0.019337999 -12.909275 0.017380988 -0.019108068 0.99966634 167.5701
0.9998863 0.014755342 0.003108657 -135.15996 -0.014814419 0.99969171 0.019925183 -12.897395 -0.002813696 -0.019968971 0.99979664 168.78052
0.99962423 0.01500318 0.022941371 -135.13699 -0.015472423 0.99967186 0.020415101 -12.893613 -0.022627553 -0.020762389 0.99952835 169.99195
0.99888152 0.017064637 0.044096477 -135.09275 -0.017963962 0.99963699 0.020079285 -12.885146 -0.043737827 -0.020848974 0.99882547 171.24328
0.99773692 0.018474204 0.064650995 -135.03405 -0.019749127 0.99962181 0.019136814 -12.87262 -0.064273012 -0.020370307 0.99772443 172.50116
0.99619816 0.018602604 0.085106847 -134.9345 -0.020104682 0.99965628 0.016826331 -12.875165 -0.084764588 -0.018473406 0.99622974 173.77666
0.99454639 0.020283597 0.10230378 -134.82367 -0.021868491 0.99965723 0.014394224 -12.867461 -0.10197675 -0.016552953 0.99464906 175.02972
0.99232583 0.020939838 0.12186454 -134.6698 -0.022612107 0.99966796 0.012355456 -12.870803 -0.12156536 -0.015016253 0.99246984 176.31007
0.98979129 0.020583127 0.14103029 -134.4993 -0.022186547 0.99970575 0.0098062529 -12.874237 -0.14078696 -0.012835119 0.98995671 177.61028
0.98702933 0.021945575 0.15903299 -134.32327 -0.022937996 0.99972718 0.004407171 -12.881632 -0.1588929 -0.0079979052 0.98726343 178.89369
0.98384258 0.023746058 0.17745392 -134.09674 -0.023780865 0.99971533 -0.0019310464 -12.907378 -0.17744927 -0.0023201619 0.98412722 180.2034
0.98078594 0.026334993 0.19330134 -133.86379 -0.025402637 0.99965064 -0.0073007525 -12.919044 -0.19342609 0.0022501118 0.98111227 181.49987
0.97691537 0.028287037 0.21174558 -133.58306 -0.026521832 0.9995858 -0.011172543 -12.952946 -0.21197393 0.0052987491 0.97726096 182.81524
0.97275995 0.030666731 0.22977734 -133.27662 -0.02817162 0.9995032 -0.014132259 -12.986643 -0.23009659 0.0072740962 0.97314061 184.14768
0.96875379 0.029781735 0.24622985 -132.95772 -0.027171873 0.99953286 -0.013990865 -13.019417 -0.24653152 0.006863178 0.96911047 185.45466
0.96424138 0.02879131 0.26345705 -132.61189 -0.0258414 0.99955861 -0.014656114 -13.055906 -0.26376276 0.0073239325 0.96455978 186.80682
0.9594452 0.028556594 0.28044505 -132.23747 -0.024205539 0.99952706 -0.018967001 -13.114 -0.28085407 0.011409475 0.95968267 188.15186
0.95444146 0.029996093 0.29688673 -131.82453 -0.024062636 0.99943137 -0.023620661 -13.161284 -0.29742646 0.015400662 0.95462052 189.48679
0.9491585 0.032217591 0.31314559 -131.41103 -0.026007904 0.99937388 -0.023988192 -13.202018 -0.31372239 0.014624336 0.94940213 190.80161
0.94329372 0.033904895 0.33022328 -130.97139 -0.027558974 0.99933487 -0.023881231 -13.260526 -0.33081335 0.013426401 0.94360069 192.15024
0.93676013 0.037961584 0.34790713 -130.49042 -0.030315601 0.99916485 -0.027396496 -13.301842 -0.34865662 0.015116932 0.93712862 193.5033
0.92992793 0.039091632 0.36565814 -129.97992 -0.029904477 0.99907943 -0.03075725 -13.377732 -0.36652391 0.017667212 0.93024089 194.83601
0.92320944 0.040015472 0.38220816 -129.44253 -0.029273469 0.99899705 -0.03388153 -13.437948 -0.38318064 0.02009119 0.9234549 196.1816
0.91568399 0.040137816 0.39988971 -128.88138 -0.027079673 0.99890107 -0.038253761 -13.513259 -0.40098572 0.024199474 0.91576463 197.49564
0.90718354 0.043663941 0.41846323 -128.3112 -0.027700082 0.99864078 -0.044150916 -13.601879 -0.41982229 0.02846152 0.90715997 198.81456
0.89754079 0.046839251 0.43843655 -127.69122 -0.028592015 0.99843162 -0.048133056 -13.679014 -0.44000347 0.030665598 0.89747233 200.13518
0.88515911 0.049940126 0.46260061 -127.03751 -0.030605335 0.99831932 -0.049212222 -13.768022 -0.46428083 0.029402601 0.88519987 201.46591
0.87202408 0.05440452 0.48642999 -126.3514 -0.033522439 0.99810829 -0.051537179 -13.866514 -0.48831371 0.028635342 0.87219823 202.77938
0.85796204 0.058757757 0.5103417 -125.62551 -0.035748005 0.99785779 -0.054789676 -13.967376 -0.5124678 0.028763766 0.85822457 204.06767
0.84236899 0.062450541 0.53527039 -124.86899 -0.037287668 0.99763653 -0.057714694 -14.076426 -0.53760965 0.028658085 0.84270671 205.33572
0.82755685 0.063858754 0.55773801 -124.05816 -0.03663883 0.99753475 -0.059849986 -14.17992 -0.56018504 0.029094399 0.82785643 206.55649
0.81137768 0.064972135 0.58090004 -123.21751 -0.035509897 0.99744656 -0.061962976 -14.292568 -0.58344266 0.029647676 0.81161303 207.79918
0.79569384 0.067314554 0.60194687 -122.32072 -0.033870225 0.99719519 -0.066742471 -14.416038 -0.60475131 0.032718499 0.79574203 209.01145
0.77898952 0.069807123 0.62313904 -121.42641 -0.031904407 0.99690903 -0.071794816 -14.54218 -0.62622478 0.036046528 0.77880884 210.20247
0.76233179 0.071429739 0.64323246 -120.47049 -0.029994575 0.9967221 -0.075135794 -14.669068 -0.646491 0.037984921 0.76197544 211.35364
0.74706566 0.073360598 0.66068986 -119.48747 -0.02892834 0.99653813 -0.07794166 -14.815254 -0.66412054 0.039114878 0.74660161 212.47769
0.73085509 0.073947085 0.67851501 -118.46522 -0.026786515 0.99645536 -0.079744601 -14.951979 -0.68200686 0.040106696 0.73024526 213.63497
0.71485093 0.074444407 0.69530291 -117.42137 -0.024692802 0.99638428 -0.081293439 -15.097111 -0.69884079 0.040943715 0.71410448 214.74188
0.70001373 0.075086498 0.71017094 -116.37078 -0.021973301 0.99625083 -0.083674747 -15.245693 -0.71379129 0.042968673 0.69903915 215.81125
0.68487344 0.076570684 0.72462767 -115.26408 -0.019255411 0.99601791 -0.087049191 -15.39992 -0.72840761 0.045664677 0.68362061 216.88478
0.66960884 0.07891186 0.7385099 -114.15258 -0.016576952 0.99567987 -0.091360827 -15.564515 -0.74252896 0.048933776 0.66802416 217.92221
0.65565335 0.081346033 0.75066735 -113.02724 -0.01580752 0.99544063 -0.09406416 -15.719116 -0.75489659 0.049807294 0.65394986 218.95241
0.63890019 0.081947363 0.7649125 -111.85374 -0.014296028 0.99540324 -0.094699635 -15.889049 -0.76915683 0.049568406 0.63713484 219.91352
0.62258841 0.083735323 0.77805656 -110.68434 -0.01516396 0.9953629 -0.094988117 -16.06558 -0.78240257 0.047340084 0.62097117 220.89856
0.60481767 0.084594822 0.7918581 -109.51479 -0.017118449 0.99549327 -0.093274331 -16.230493 -0.79618 0.042858582 0.60354005 221.84061
0.58651529 0.086143369 0.80534407 -108.30276 -0.019989922 0.99556462 -0.091932004 -16.400741 -0.80969146 0.037820762 0.58563587 222.77014
0.56900481 0.086588556 0.81776273 -107.08722 -0.021099908 0.99565082 -0.090742722 -16.560726 -0.82206348 0.034378329 0.56835712 223.64353
0.55035458 0.090394128 0.8300233 -105.85603 -0.023355727 0.99539977 -0.092918309 -16.742859 -0.83460434 0.031752221 0.54993404 224.51097
0.5319488 0.093558251 0.8415921 -104.62946 -0.024690392 0.99516865 -0.09502491 -16.912698 -0.84641651 0.029769149 0.53168876 225.32283
0.51361431 0.093945342 0.85286256 -103.39164 -0.025340678 0.99521509 -0.094365129 -17.081388 -0.85764693 0.026855166 0.51353735 226.08182
0.49169534 0.092552815 0.86583463 -102.14903 -0.025668134 0.99544375 -0.091830722 -17.246932 -0.87038894 0.02292838 0.49183071 226.83558
0.47038008 0.0909005 0.87776968 -100.88129 -0.025236648 0.99565939 -0.089585139 -17.414919 -0.88210303 0.019987102 0.47063237 227.54913
0.44761509 0.089460448 0.88974013 -99.612155 -0.025521643 0.99585592 -0.087290481 -17.574743 -0.8938621 0.016364908 0.44804331 228.20247
0.42630857 0.088043856 0.90028285 -98.354156 -0.023880646 0.99600056 -0.086096502 -17.730714 -0.90426257 0.015204341 0.42670612 228.83321
