7.776419681272006557e-01 -6.283461908402956375e-01 2.130807038999458711e-02 -6.595830878869772107e+01 6.273784812530498467e-01 7.777548922171194645e-01 3.864671904514552225e-02 2.571180049207517371e+01 -4.085597469001732429e-02 -1.668508582021811446e-02 9.990257240148030515e-01 -8.851029290155799645e-01 -4.809208017785018303e-24 -1.416202385148814181e-23 -3.430527606006730092e-24 9.999999999999997780e-01
7.495458839788127214e-01 -6.613724233932114505e-01 2.770352658797707937e-02 -6.555831132441352338e+01 6.606193562312393519e-01 7.500357426597441535e-01 3.206946999047582958e-02 2.609143026487988237e+01 -4.198849822324415143e-02 -5.736053332858872048e-03 9.991016283187211799e-01 -8.932543306073608136e-01 -4.809208017785018303e-24 -1.416202385148814181e-23 -3.430527606006730092e-24 9.999999999999997780e-01
7.211188144599181005e-01 -6.927158247096923960e-01 1.150832866626859234e-02 -6.520649795368595392e+01 6.923634601478183548e-01 7.211503701797319366e-01 2.397879566988620273e-02 2.648792452395989727e+01 -2.490972669583993784e-02 -9.323614449748992422e-03 9.996462252864921627e-01 -9.016191771861464810e-01 6.350184641877160523e-19 1.298348164549204311e-18 6.191932568840582870e-20 9.999999999999998890e-01
6.910087365713384333e-01 -7.227078297963059894e-01 -1.415340005766656424e-02 -6.486976088360296444e+01 7.228424739664505161e-01 6.909370853104700450e-01 1.023239819087708689e-02 2.690086192723219227e+01 2.384074692936773848e-03 -1.730135525869340787e-02 9.998474780155588437e-01 -9.077585104142568140e-01 1.151746511945627694e-18 8.944933594720404636e-20 1.738958127154173761e-19 9.999999999999996669e-01
6.563282283453593102e-01 -7.539380246952931408e-01 -2.847299765736471810e-02 -6.453210203662389688e+01 7.539874754118417455e-01 6.567936003955436863e-01 -1.118272782199518887e-02 2.732337240130141609e+01 2.713196637025461558e-02 -1.412874368160510485e-02 9.995320079931740986e-01 -9.273723552655074309e-01 1.783033694874380065e-18 -3.304718131259253386e-19 2.633680218011643212e-19 9.999999999999995559e-01
6.189425653517764969e-01 -7.849419522024019269e-01 -2.786094880719467218e-02 -6.419451685633111993e+01 7.842315729676202496e-01 6.195682030851905608e-01 -3.340780876569685726e-02 2.776694604183024495e+01 4.348494862007285661e-02 -1.171920847214350013e-03 9.990533948919056995e-01 -9.385170643072299201e-01 2.784837018144927534e-18 1.979754252438159176e-19 3.187868879683127826e-19 9.999999999999994449e-01
5.860833903273738876e-01 -8.099452203871664313e-01 -2.224858544595713014e-02 -6.386756636059985937e+01 8.089865528845545661e-01 5.864816016500181695e-01 -3.975032299240365691e-02 2.825806458048500147e+01 4.524397014333607359e-02 5.298197619514118974e-03 9.989619173260108065e-01 -9.605618474861833400e-01 5.371337223685949054e-18 -8.738303759779151233e-19 2.941396362946282444e-19 9.999999999999992228e-01
5.572949863439270457e-01 -8.301616308952327605e-01 -1.593627262811663295e-02 -6.356588121709732775e+01 8.298164405072669947e-01 5.575227825557725891e-01 -2.393787783250414872e-02 2.876300545347603688e+01 2.875714276079808715e-02 1.162782725511098689e-04 9.995864210860442300e-01 -9.315468174541282620e-01 8.199947609481043556e-18 -3.338085355353119474e-18 2.055190390802850914e-19 9.999999999999987788e-01
5.286828399677627743e-01 -8.487826320860187845e-01 -7.905579848242404520e-03 -6.328482996083270251e+01 8.487429222562927755e-01 5.287373082888549014e-01 -8.503572385263244091e-03 2.927512208983506881e+01 1.139765956072094633e-02 -2.214112144015214969e-03 9.999325932601463851e-01 -8.753806193746850317e-01 1.080769065144127405e-17 -3.318641660013131081e-18 1.951692839118205084e-19 9.999999999999985567e-01
4.987751194080384254e-01 -8.667087290752648610e-01 -6.273691434840990115e-03 -6.301062899769714676e+01 8.666942218221486138e-01 4.988077126706887410e-01 -5.656115304918516405e-03 2.979543103451909758e+01 8.031570182044948589e-03 -2.616242529475341569e-03 9.999643239413339435e-01 -8.680855461676363349e-01 1.264136451594025578e-17 -9.801372456870345454e-19 2.231450544298115244e-19 9.999999999999982236e-01
4.712288704102573500e-01 -8.820005129320033221e-01 -4.294983066037821526e-03 -6.274880372120148309e+01 8.818806612419159974e-01 4.712373666462392752e-01 -1.489441518979438446e-02 3.031799631386097715e+01 1.516083834705204796e-02 3.231015939008087708e-03 9.998798475400074715e-01 -8.632330746917690201e-01 1.528257624483114636e-17 4.406552232115416179e-18 2.696274773689938792e-19 9.999999999999978906e-01
4.457621323667795288e-01 -8.951351446621717001e-01 -5.403160041487880573e-03 -6.250045944862156944e+01 8.948841652897989718e-01 4.457684065888650737e-01 -2.174530755843964713e-02 3.085361100497474141e+01 2.187354706928756887e-02 4.858032302567678352e-03 9.997489422153784666e-01 -8.588005255707505947e-01 1.821315563990230952e-17 8.103649015287993115e-18 2.591061619340873337e-19 9.999999999999975575e-01
4.227291448548331498e-01 -9.062380275156726173e-01 -5.719053661341803353e-03 -6.226138503284763459e+01 9.059967520074572178e-01 4.227507238053058169e-01 -2.125349086702446946e-02 3.140969212329878246e+01 2.167845571597009496e-02 3.803025977665469657e-03 9.997577614358381659e-01 -8.541217276653586543e-01 2.080797812225849557e-17 1.380286337451834333e-17 2.130412062168374054e-19 9.999999999999974465e-01
4.030921734003065082e-01 -9.151455136515274091e-01 -5.038708849781064342e-03 -6.202931394476189553e+01 9.150385410436565614e-01 4.031223094339420610e-01 -1.403110976893796186e-02 3.198713029663882068e+01 1.487172310468673660e-02 1.045217737332083388e-03 9.998888635102377576e-01 -8.479863190036931453e-01 2.496025488293646828e-17 1.543922778462477240e-17 1.736745139568142584e-19 9.999999999999970024e-01
3.857965859826900101e-01 -9.225811872474753983e-01 -2.224225957351754109e-03 -6.180144049712161802e+01 9.225663530818059010e-01 3.858029961140507780e-01 -5.231859207277905072e-03 3.257158327214611404e+01 5.684927917345285013e-03 -3.356260939430989748e-05 9.999838401035001656e-01 -8.428712319199889169e-01 2.901549090889984738e-17 1.689098407758415785e-17 1.796224834355893607e-19 9.999999999999962252e-01
3.695925851142229934e-01 -9.291927770084114080e-01 1.450580555753756959e-03 -6.157774666537462593e+01 9.291922081279958556e-01 3.695944453329176316e-01 1.336537795210516631e-03 3.316140521161624122e+01 -1.778027781420454551e-03 8.538936908329652605e-04 9.999980547395034280e-01 -8.397625232844098120e-01 3.257898165023741416e-17 2.074688570624038544e-17 2.319606240545799220e-19 9.999999999999952260e-01
3.555228689438808543e-01 -9.346657867124634755e-01 1.832159121595741376e-03 -6.136159702325711862e+01 9.346606170277292902e-01 3.555271041628976225e-01 3.163729269903578327e-03 3.375919515751417066e+01 -3.608411733863774607e-03 5.876688684850697340e-04 9.999933169827077695e-01 -8.406660134303007847e-01 3.626121665847602805e-17 2.674062673586249371e-17 2.992147045637333067e-19 9.999999999999942268e-01
3.425139031315962423e-01 -9.395126871731456220e-01 3.698678338042045151e-04 -6.115734674520594893e+01 9.395103801249056197e-01 3.425138950764875512e-01 2.115967176634463414e-03 3.435938667964656901e+01 -2.114662880507332636e-03 -3.772535074347671937e-04 9.999976929376943602e-01 -8.456261553530595165e-01 3.993683712003936816e-17 3.361539097396275569e-17 3.766052271147121148e-19 9.999999999999933387e-01
3.302925318515531061e-01 -9.438684502766572226e-01 -4.380864684981233999e-03 -6.096027658146856965e+01 9.438785310185557886e-01 3.302869644951331174e-01 1.959532303559010768e-03 3.496970906045046945e+01 -4.025982199585547306e-04 -4.782223009239193121e-03 9.999884840625824500e-01 -8.506217951363138630e-01 4.452130811796041388e-17 4.083051921433708254e-17 4.579954018118937462e-19 9.999999999999924505e-01
3.198640855000455252e-01 -9.474350184683641984e-01 -7.338432190960887495e-03 -6.076526228302247290e+01 9.474634286260015248e-01 3.198555912793125677e-01 2.334982575548359609e-03 3.559726929862197409e+01 1.349943079171852275e-04 -7.699773190574217031e-03 9.999703471950402989e-01 -8.571299568258293755e-01 5.028532056472433789e-17 4.845458620405977038e-17 5.644472688717352235e-19 9.999999999999914513e-01
3.117953041395749025e-01 -9.501028542487491846e-01 -9.394395394952376188e-03 -6.057033091161954275e+01 9.501492000853628550e-01 3.117845179671101530e-01 2.629055565669301698e-03 3.622802018700861026e+01 4.311538428888696869e-04 -9.745804449498069247e-03 9.999524155688687133e-01 -8.602893487968389374e-01 5.382041491816817749e-17 5.625109405322673266e-17 6.908820319379565030e-19 9.999999999999902300e-01
3.058770469885755405e-01 -9.520068247857612631e-01 -1.105611535862883500e-02 -6.037346360909161547e+01 9.520692552548949417e-01 3.058782297580847631e-01 1.625348718498086965e-03 3.686802359025857356e+01 1.834481921233661840e-03 -1.102334438184357501e-02 9.999375583278889978e-01 -8.578917888150437987e-01 5.754160573927442872e-17 6.443881655932216897e-17 8.522343363030443532e-19 9.999999999999891198e-01
3.011882581069161846e-01 -9.534794664030502576e-01 -1.274913041006433580e-02 -6.017284996471938285e+01 9.535621298190027906e-01 3.011915559842480716e-01 1.706217700982189068e-03 3.752049990521960154e+01 2.213086882555320017e-03 -1.267098068447189071e-02 9.999172708254246977e-01 -8.588309048381672639e-01 6.197504450298860511e-17 7.281001394090367722e-17 1.007907745162145175e-18 9.999999999999880096e-01
2.978052459003112107e-01 -9.545406364326236570e-01 -1.281440256070972422e-02 -5.997316674817466975e+01 9.546230931890918869e-01 2.978139340506493205e-01 1.269108102767647602e-03 3.817404487112641931e+01 2.604892382997828909e-03 -1.261087166049444999e-02 9.999170867885287528e-01 -8.650635128343154845e-01 6.574790227351395812e-17 8.162029380938675980e-17 1.182752629083487818e-18 9.999999999999871214e-01
2.955909509965620741e-01 -9.552411148744887059e-01 -1.184914099068524670e-02 -5.977022809699796113e+01 9.553053941371735247e-01 2.956198229084925355e-01 -7.240414237766898756e-04 3.883401723494238666e+01 4.194475098149654663e-03 -1.110552821127912260e-02 9.999295343282058601e-01 -8.672920016470035964e-01 7.017625403179695171e-17 8.829807411705976662e-17 1.334672869339851808e-18 9.999999999999860112e-01
2.947743863340683834e-01 -9.555032528813373061e-01 -1.102700750323648907e-02 -5.956637955142844731e+01 9.555531382764969051e-01 2.948124060295101434e-01 -1.960913318806001889e-03 3.950184185704452489e+01 5.124557668073840243e-03 -9.958864605311404730e-03 9.999372779952268031e-01 -8.652847909504777224e-01 7.472366304979758469e-17 9.539339061099136006e-17 1.498687178645743504e-18 9.999999999999850120e-01
2.944372206887095333e-01 -9.556103816077509139e-01 -1.074809920454853143e-02 -5.936014924030167350e+01 9.556596039109352958e-01 2.944696393980391069e-01 -1.533924900526853919e-03 4.018043017747821466e+01 4.630823456529556403e-03 -9.819879644158617180e-03 9.999410609820527096e-01 -8.637089785862045455e-01 7.977095071799881354e-17 1.021021749082125458e-16 1.626646033688281226e-18 9.999999999999835687e-01
2.934208683877104762e-01 -9.559054833659704764e-01 -1.220249422785786575e-02 -5.915277105903281551e+01 9.559784290292313580e-01 2.934364668650091268e-01 5.321133370686781643e-04 4.087123872617148379e+01 3.072006736488673388e-03 -1.182145441962986245e-02 9.999254052128292436e-01 -8.642827533034451726e-01 8.496704319493333826e-17 1.094061431184062481e-16 1.758407345968528052e-18 9.999999999999823475e-01
2.928589198829031348e-01 -9.560969075202795375e-01 -1.059983372890075173e-02 -5.894471590138229544e+01 9.561553799767528172e-01 2.928322979484908051e-01 4.016792220305902793e-03 4.156549618717289718e+01 -7.364689512786411424e-04 -1.131144147778131298e-02 9.999357523887241195e-01 -8.658099578294783383e-01 9.083262365906641066e-17 1.147067166391895012e-16 1.895690414297050269e-18 9.999999999999810152e-01
2.923787058619022883e-01 -9.562803460499011976e-01 -6.526263639909056329e-03 -5.872667689247059286e+01 9.562985260369170071e-01 2.923506889333246650e-01 4.919733718198147573e-03 4.226784622332186103e+01 -2.796686991222442284e-03 -7.679481677086564921e-03 9.999666014938045633e-01 -8.723840970362393143e-01 9.583570741929475094e-17 1.184296069279171646e-16 2.046506453076952290e-18 9.999999999999794609e-01
2.917450062026180069e-01 -9.564940746877956812e-01 -1.984047091814205178e-03 -5.850679569963421045e+01 9.564952847810190839e-01 2.917413584827638351e-01 1.936476785586493769e-03 4.296804290839901341e+01 -1.273399977322423439e-03 -2.462689119927310814e-03 9.999961568000249601e-01 -8.775125076457098716e-01 1.000491467128902667e-16 1.225583928971229405e-16 2.187462582967430283e-18 9.999999999999776845e-01
2.914726073854827515e-01 -9.565791555692242376e-01 1.956380903012537652e-04 -5.828410732029963981e+01 9.565751478969601873e-01 2.914707805531396856e-01 -2.961504632802907950e-03 4.368157261386010504e+01 2.775890813977094970e-03 1.050340012270270388e-03 9.999955955983352851e-01 -8.778521826360534686e-01 1.041291096454869351e-16 1.256446679573876213e-16 2.314348567831938557e-18 9.999999999999759082e-01
2.912712798059741703e-01 -9.566341238277268344e-01 -3.492089406854005651e-03 -5.806689680855075864e+01 9.566200889079079506e-01 2.912869694939990151e-01 -5.468720222369523667e-03 4.440628718840881817e+01 6.248764518912139354e-03 -1.747721740789469954e-03 9.999789489837891399e-01 -8.777501643143601484e-01 1.068960975838351786e-16 1.318875021189723587e-16 2.420315155718063257e-18 9.999999999999739098e-01
2.908820688839454660e-01 -9.567101795725354574e-01 -9.656826805662018301e-03 -5.784958683395620227e+01 9.567107537470431744e-01 2.909538823302954547e-01 -7.097324970736782965e-03 4.514545660926540904e+01 9.599774297338678139e-03 -7.174305481020232939e-03 9.999281842584106794e-01 -8.787473487878578737e-01 1.098118441780780739e-16 1.378329052462021158e-16 2.533819101185682542e-18 9.999999999999718003e-01
2.903642664852005839e-01 -9.568784502061807862e-01 -8.498486888582391235e-03 -5.762503856670906544e+01 9.568649077457423990e-01 2.904291981975717918e-01 -7.773619433679530497e-03 4.587832326791553328e+01 9.906617649137540102e-03 -5.874722567826758460e-03 9.999336710809968443e-01 -8.795706967840709600e-01 1.120577355969071880e-16 1.474140076614348686e-16 2.704294319659913151e-18 9.999999999999700240e-01
2.897151239981989868e-01 -9.571058094569433461e-01 -3.690044761081636045e-03 -5.738973394822574647e+01 9.570763724071054135e-01 2.897356005223086228e-01 -7.622281160527544230e-03 4.662254265794170038e+01 8.364466914863812400e-03 -1.323364522385471736e-03 9.999641415568771841e-01 -8.813173716457612938e-01 1.135427983032765309e-16 1.601823508546008186e-16 2.901144650362073671e-18 9.999999999999682476e-01
2.901059444707313473e-01 -9.569867770148243746e-01 -3.853518052241233696e-03 -5.715994022039937761e+01 9.569825987872772055e-01 2.901200857652093124e-01 -3.826415293671584124e-03 4.738762623122382678e+01 4.779811827227284197e-03 -2.577683897401085184e-03 9.999852543635976421e-01 -8.773542123404425297e-01 1.143795478902046524e-16 1.741916070592440437e-16 3.037143652279131623e-18 9.999999999999664713e-01
2.912361859842763634e-01 -9.566352422302586422e-01 -5.522435715683920998e-03 -5.692976851265908067e+01 9.566511318986539170e-01 2.912294503586528305e-01 2.004764546971949096e-03 4.815950296975657352e+01 -3.095324998857452688e-04 -5.866904358705151562e-03 9.999827416625152177e-01 -8.755925052688872112e-01 1.156525834927837115e-16 1.865073450341087010e-16 3.186766401391499038e-18 9.999999999999644729e-01
2.910371437114893656e-01 -9.566806980899158486e-01 -7.708623890706544496e-03 -5.669441504363602036e+01 9.566994950994096580e-01 2.909831772035139652e-01 7.407203328880598327e-03 4.894532537891304003e+01 -4.843248579981441863e-03 -9.530607883880394191e-03 9.999428535954221209e-01 -8.819759550511119262e-01 1.165566018821593665e-16 1.980862567141428440e-16 3.375844822811118039e-18 9.999999999999624745e-01
2.907811772212240409e-01 -9.567835497952273949e-01 -3.397913317611528025e-03 -5.644884396350766309e+01 9.567582476341469633e-01 2.907410780402251427e-01 9.125849227430364585e-03 4.973027101831728203e+01 -7.743549437665487797e-03 -5.904606772869832980e-03 9.999525854064084118e-01 -8.982018476084203673e-01 1.160270155355091823e-16 2.097847920224671717e-16 3.618616935234821985e-18 9.999999999999606981e-01
2.901433402016209140e-01 -9.569796551728561029e-01 2.604173901978412090e-03 -5.620474516577651514e+01 9.569484997004551463e-01 2.901549187719046907e-01 7.726061972356331083e-03 5.051351152955697188e+01 -8.149297989143454435e-03 2.503948811887816940e-04 9.999667625699768525e-01 -9.087673637620682365e-01 1.155538033479084800e-16 2.201023803615560622e-16 3.844003584781863926e-18 9.999999999999590328e-01
2.893665962651895129e-01 -9.572171451357884830e-01 1.519876246773640451e-03 -5.596618162470526414e+01 9.571986051614794766e-01 2.893704609572699815e-01 5.963774172721240767e-03 5.130187591147583959e+01 -6.148434177970774767e-03 -2.708936098292122709e-04 9.999810615075667153e-01 -9.110480402725634752e-01 1.147001273262762102e-16 2.329035889700934672e-16 3.969807573160275042e-18 9.999999999999574785e-01
2.899955724995626483e-01 -9.570062689753067176e-01 -6.447408194083454128e-03 -5.573882373211755947e+01 9.570225608050518806e-01 2.899646612173301663e-01 5.321029538766183266e-03 5.211042225702605890e+01 -3.222738093272656690e-03 -7.713390107842553987e-03 9.999650581756402978e-01 -9.204145034632026379e-01 1.139012327326389877e-16 2.472065555875956737e-16 4.100779896665521818e-18 9.999999999999559241e-01
2.892637725260274184e-01 -9.572106697344792137e-01 -8.614154066409803606e-03 -5.549501483914581712e+01 9.572483512187970334e-01 2.892652399889975579e-01 1.102280862564814249e-03 5.290854739951065966e+01 1.436660340633479083e-03 -8.564734697907590288e-03 9.999622899522768726e-01 -9.306234657452704395e-01 1.135655282359906399e-16 2.607360968243475719e-16 4.335754675137125338e-18 9.999999999999543698e-01
2.885027830745140465e-01 -9.574470331367822551e-01 -7.830893667050193088e-03 -5.524692362581701843e+01 9.574619605618391871e-01 2.885368569836919694e-01 -3.616108288473014829e-03 5.371030803266665288e+01 5.721733598366993655e-03 -6.454525498285140599e-03 9.999627997406692614e-01 -9.318758397995979825e-01 1.128113891721899496e-16 2.758686991135473090e-16 4.585839590816122457e-18 9.999999999999528155e-01
2.886043014918209249e-01 -9.573983211546706062e-01 -9.798561650556741193e-03 -5.500333684320668937e+01 9.574219981160660975e-01 2.886573008733355206e-01 -4.481090946044412153e-03 5.452436833049654297e+01 7.118615307177764140e-03 -8.088096351738204015e-03 9.999419523219760242e-01 -9.281250632066898598e-01 1.126246415306617428e-16 2.913007175332115266e-16 4.828677387399280691e-18 9.999999999999510392e-01
2.889003536409399109e-01 -9.572363918731119359e-01 -1.533217987309597706e-02 -5.476784711369167269e+01 9.573437453126650842e-01 2.889495657958409680e-01 -1.049636711234201367e-03 5.535151268801026703e+01 5.434977175275653057e-03 -1.437492608645017135e-02 9.998819042882416408e-01 -9.266267488582659029e-01 1.118904346181803768e-16 3.086320700689551402e-16 5.103758117536435577e-18 9.999999999999493738e-01
2.890647134819904207e-01 -9.572292221441280891e-01 -1.240192294318291470e-02 -5.452012185296140245e+01 9.573095559203977922e-01 2.890394451639239359e-01 3.822732391651972265e-03 5.617909826858906541e+01 -7.458622726204608964e-05 -1.297749638881297643e-02 9.999157859661657044e-01 -9.275938524134974550e-01 1.112297120452960998e-16 3.257585243301840345e-16 5.477667433192630474e-18 9.999999999999477085e-01
2.880505071380942139e-01 -9.575965553325915813e-01 -5.978507539487942259e-03 -5.426343932359588962e+01 9.575999232435067343e-01 2.880050081610614487e-01 7.449985120578267103e-03 5.700797363436621623e+01 -5.412239976042889852e-03 -7.870990353084202085e-03 9.999543765438801968e-01 -9.350262860434767065e-01 1.098244329487014263e-16 3.425339393876278361e-16 5.805331513693513152e-18 9.999999999999457101e-01
2.876332045774550594e-01 -9.576976647266495224e-01 -9.073180334201225855e-03 -5.401611135554723830e+01 9.577097840228518955e-01 2.875349811130089028e-01 1.075194044664037375e-02 5.784717546464228377e+01 -7.688251520998478847e-03 -1.178208866436756576e-02 9.999010316902399165e-01 -9.446242775158294469e-01 1.088391442169425380e-16 3.553962254747753006e-16 6.056072226920970329e-18 9.999999999999433786e-01
2.881504944602991114e-01 -9.575322505085591684e-01 -1.006388483850702981e-02 -5.376764539739590987e+01 9.575575849592932176e-01 2.880465682048026221e-01 1.061348352289563299e-02 5.867517479610876308e+01 -7.263885272874272096e-03 -1.269502978634412874e-02 9.998930303734554492e-01 -9.609053120093031808e-01 1.090226224926275187e-16 3.651042573743688512e-16 6.308886019817951143e-18 9.999999999999408251e-01
2.862740781519975131e-01 -9.581294197748981833e-01 -5.930188848398487179e-03 -5.351334020291456284e+01 9.581443728160550233e-01 2.862510943493428162e-01 4.435293097968647826e-03 5.950723769056382650e+01 -2.552061754935384605e-03 -6.951686517790731622e-03 9.999725801417244098e-01 -9.569161276787081505e-01 1.089507610633003008e-16 3.732108425060147195e-16 6.591298209999876631e-18 9.999999999999380496e-01
2.858643065010134654e-01 -9.582562482408812921e-01 -5.153734154520001921e-03 -5.326289827467319071e+01 9.582674828930662914e-01 2.858719759696384255e-01 -8.028605966315329910e-04 6.034360934628190876e+01 2.242654349564821709e-03 -4.709146668084774993e-03 9.999863971270118723e-01 -9.606264787052766208e-01 1.096150365270963053e-16 3.796114930714138589e-16 6.848868172108818990e-18 9.999999999999351630e-01
2.858724087825905147e-01 -9.582374597105615122e-01 -7.611616386362618850e-03 -5.301544215114704173e+01 9.582601389824401128e-01 2.858926708811252437e-01 -1.699050896876339815e-03 6.119265442194330973e+01 3.804199553762404717e-03 -6.808196803748228429e-03 9.999695877985320669e-01 -9.680222527355298867e-01 1.090932212246863908e-16 3.897726908967720774e-16 7.103564379920607673e-18 9.999999999999326095e-01
2.850813775785600579e-01 -9.584829843656662574e-01 -6.243143368034572913e-03 -5.276023457570130404e+01 9.585030610970186604e-01 2.850800111501802792e-01 1.126548001426061962e-03 6.203773678252034074e+01 7.000182905336387647e-04 -6.305229885290073756e-03 9.999798768227345924e-01 -9.701149540133127136e-01 1.088137460729014447e-16 3.998093553699401674e-16 7.395081009302961229e-18 9.999999999999299449e-01
2.843790325154454957e-01 -9.587094761697626533e-01 -2.169370320919252436e-03 -5.250236217802140004e+01 9.587060522644329508e-01 2.843686368363764760e-01 4.145326948687477926e-03 6.289117932342778516e+01 -3.357263346575639369e-03 -3.258632523403875818e-03 9.999890549885129820e-01 -9.692218342723002422e-01 1.088995703611434763e-16 4.093723367414685356e-16 7.656480560522616918e-18 9.999999999999271694e-01
2.837163424722111138e-01 -9.589082514467066609e-01 -4.818002081845101735e-05 -5.225486054725944030e+01 9.588883056483129552e-01 2.837101162256284725e-01 6.464305244566188532e-03 6.374416643081625011e+01 -6.185006479579219056e-03 -1.880228299149668643e-03 9.999791049998523196e-01 -9.655736247753270440e-01 1.093639862472222860e-16 4.182236498761177798e-16 7.884313315311579091e-18 9.999999999999243938e-01
2.834351791121039188e-01 -9.589751584901763382e-01 -5.580738313897495688e-03 -5.201435101637068215e+01 9.589854028274253928e-01 2.834080330739706111e-01 5.184973790937162826e-03 6.459629449735261630e+01 -3.390634994290610792e-03 -6.821450555161133814e-03 9.999709852823570611e-01 -9.644614014232603116e-01 1.088208904425810172e-16 4.289605488865485416e-16 8.100472817035330481e-18 9.999999999999212852e-01
2.835254146653315988e-01 -9.589559951423414219e-01 -4.091285751927587963e-03 -5.176146811365101996e+01 9.589642910111151330e-01 2.835267545026202152e-01 2.608580302780826011e-04 6.544596524700199325e+01 9.098375989702111406e-04 -3.997356821632073662e-03 9.999915966316348381e-01 -9.741932864479470044e-01 1.075824969265051564e-16 4.395872979666118204e-16 8.375898214598538700e-18 9.999999999999178435e-01
2.830172256410181109e-01 -9.591107065522239683e-01 -2.811150483062115589e-03 -5.150834110745410044e+01 9.591052321873299036e-01 2.830262886953429646e-01 -3.643281265985513079e-03 6.629738867889727771e+01 4.289939557373378780e-03 -1.665077780649125688e-03 9.999894119111830681e-01 -9.866613751798332110e-01 1.069034735418821365e-16 4.502727122620667543e-16 8.607812793761389345e-18 9.999999999999142908e-01
2.835494771449101337e-01 -9.589447634130210396e-01 -4.963338923497082923e-03 -5.125842224465055352e+01 9.589557072535862536e-01 2.835554223421162812e-01 -5.234370221453960546e-04 6.715540557931136334e+01 1.909328856041072730e-03 -4.611201893781609155e-03 9.999875455625948373e-01 -9.916402244377999775e-01 1.067182283739920725e-16 4.610606824518955747e-16 8.807607333814072974e-18 9.999999999999107381e-01
2.839220784297984967e-01 -9.588356281324441621e-01 -4.742531353044129871e-03 -5.101132699566822737e+01 9.588385459765380592e-01 2.838947932722915013e-01 5.691142472480733953e-03 6.801803433610895411e+01 -4.110490209335402809e-03 -6.163162866237002074e-03 9.999725592703052612e-01 -9.833188335485669729e-01 1.075434821095094464e-16 4.705403476154991826e-16 9.032188138408678065e-18 9.999999999999071854e-01
2.831785166155389444e-01 -9.590606328199856589e-01 -3.553913619523793935e-03 -5.075771044810888100e+01 9.590334072005224364e-01 2.831354745153715768e-01 9.446001507295525776e-03 6.887547628555013546e+01 -8.053049164158896170e-03 -6.083226582222715957e-03 9.999490700797625253e-01 -9.790528912366526226e-01 1.083780105587145190e-16 4.818362471138785614e-16 9.285147376173439629e-18 9.999999999999036326e-01
2.832342899880302411e-01 -9.590433674197099689e-01 -3.762496896561311893e-03 -5.050931669340885577e+01 9.590093763511938763e-01 2.831834525796854130e-01 1.039943535532619409e-02 6.972316459170899350e+01 -8.908032640951645681e-03 -6.553746491447704631e-03 9.999388458107116850e-01 -9.858574019973672664e-01 1.096845189525726784e-16 4.927442709548988853e-16 9.531782689942111023e-18 9.999999999998997469e-01
2.835982874215012273e-01 -9.589325961958616862e-01 -4.504145235916836611e-03 -5.025516310996461300e+01 9.588880303657525417e-01 2.835284800110587922e-01 1.205596300906089553e-02 7.058853346952717800e+01 -1.028380245543694498e-02 -7.738021416347678864e-03 9.999171797861429178e-01 -1.004075708750255203e+00 1.111188842262543331e-16 5.014916612439452822e-16 9.756271264090212882e-18 9.999999999998957501e-01
2.836126712755757673e-01 -9.589125789979640047e-01 -7.107638922274497548e-03 -5.001115384283538390e+01 9.588905752823542183e-01 2.835161568687618594e-01 1.214304036132812445e-02 7.144598569392999821e+01 -9.628983678109572647e-03 -1.025936808937389158e-02 9.999010091201934181e-01 -1.017533533869100504e+00 1.117547150816902747e-16 5.092844055269461277e-16 9.976165488354705907e-18 9.999999999998913092e-01
2.837995512513508123e-01 -9.588355614065683374e-01 -9.601088027929286298e-03 -4.976562584288809177e+01 9.588664209165087549e-01 2.837202449042347530e-01 8.832297007232930638e-03 7.229216752817121971e+01 -5.744697412814343471e-03 -1.171276284142705459e-02 9.999149011981441904e-01 -1.028442145680163566e+00 1.120988625407325074e-16 5.179605991281876390e-16 1.022109397198243255e-17 9.999999999998867573e-01
2.837783994224090667e-01 -9.588426564371539396e-01 -9.517363995737481222e-03 -4.951462595909735143e+01 9.588876667477223004e-01 2.837851338582519367e-01 6.635965236463837623e-04 7.312986382335917313e+01 2.064601761968867452e-03 -9.314397314813864515e-03 9.999544886753876094e-01 -1.021524069936817769e+00 1.121123318207808856e-16 5.275342078129774549e-16 1.046813569009027562e-17 9.999999999998822053e-01
2.834791860325745483e-01 -9.589359516932101091e-01 -9.021731328772999992e-03 -4.926195934310784708e+01 9.589393442944375012e-01 2.835399924572333807e-01 -6.356621877553077747e-03 7.397341097846147306e+01 8.653614882615057874e-03 -6.849323129057430584e-03 9.999390990065135654e-01 -1.020078376753951410e+00 1.113279768141766262e-16 5.375723026664082911e-16 1.071141432815077918e-17 9.999999999998775424e-01
2.835928524022036101e-01 -9.588984525547292748e-01 -9.426120842758714882e-03 -4.900847287832900889e+01 9.589101874366200429e-01 2.836524150676925093e-01 -5.706124492541606377e-03 7.483048824267920907e+01 8.145335887748935202e-03 -7.420587183137351828e-03 9.999392923517634868e-01 -1.018368066416960094e+00 1.093619999753126975e-16 5.466881675064638763e-16 1.096218917333753385e-17 9.999999999998726574e-01
2.838576297701821405e-01 -9.588324227064533023e-01 -8.076582676823363532e-03 -4.875746479864996985e+01 9.588642050344690082e-01 2.838650772393162547e-01 2.328684831471583290e-04 7.568685610369922756e+01 2.069377913513904127e-03 -7.810447523492817547e-03 9.999673567593778678e-01 -1.011152598863162666e+00 1.076762600308625453e-16 5.548579344057509662e-16 1.119004503531457191e-17 9.999999999998677724e-01
2.835686336649820283e-01 -9.589249940337991607e-01 -7.189284961308489187e-03 -4.850692984092742677e+01 9.589383023403551531e-01 2.835166428042337206e-01 7.459595016860842004e-03 7.654483242052371850e+01 -5.114910170651598177e-03 -9.009387882476628875e-03 9.999463328717811406e-01 -1.008403726656806221e+00 1.059902586868417009e-16 5.607617478706751347e-16 1.141914288648554441e-17 9.999999999998628875e-01
2.834049886854893563e-01 -9.589739767169560558e-01 -7.108049482063813311e-03 -4.825639231580694144e+01 9.589562970256813035e-01 2.833131767316278693e-01 1.168179289452466775e-02 7.740023460907217157e+01 -9.188731308125709304e-03 -1.012698719350854648e-02 9.999065013025543180e-01 -1.014510529633199321e+00 1.032877994054261678e-16 5.684331170748474382e-16 1.163156999032568084e-17 9.999999999998577804e-01
2.832702916238212798e-01 -9.590143878321477633e-01 -7.024657562804304152e-03 -4.800494262387298505e+01 9.589958291781883748e-01 2.831792223308955969e-01 1.168450508635719004e-02 7.825111822590356780e+01 -9.216371426747539328e-03 -1.004649046744141710e-02 9.999070589443747048e-01 -1.024245124453281974e+00 1.005422129176391090e-16 5.771918432192845379e-16 1.184213100214671531e-17 9.999999999998525624e-01
2.839456787237456536e-01 -9.587857407248712160e-01 -1.023498492204983658e-02 -4.775941312442593301e+01 9.588213771653667505e-01 2.838566959528676659e-01 9.324315183253929079e-03 7.910100325118125397e+01 -6.034751436636650972e-03 -1.246112134158368530e-02 9.999041465209441704e-01 -1.034119382553892796e+00 9.781572557761595831e-17 5.876704649152004673e-16 1.204889470159373970e-17 9.999999999998473443e-01
2.841846193712997404e-01 -9.586856607295526356e-01 -1.268487382312067334e-02 -4.751079359574890049e+01 9.587625915861945902e-01 2.841071711440560366e-01 7.576825169794730933e-03 7.994997926952846967e+01 -3.659930025939755593e-03 -1.431499967753343400e-02 9.998908368898069554e-01 -1.041442987155356992e+00 9.548988166339632907e-17 5.998270408786096764e-16 1.227545999237639137e-17 9.999999999998421263e-01
2.834846678530362762e-01 -9.588937719258500136e-01 -1.261654681929595852e-02 -4.725815580713935304e+01 9.589721849585108870e-01 2.834181002912740110e-01 6.821209819009348141e-03 8.080614861007795469e+01 -2.965057880695613334e-03 -1.403262586984282273e-02 9.998971416314349492e-01 -1.044736759846786045e+00 9.370085902377800291e-17 6.107595018878805007e-16 1.250327456033730484e-17 9.999999999998367972e-01
2.825615885148350936e-01 -9.591692008948999870e-01 -1.238518268666513600e-02 -4.700562431391459484e+01 9.592393817166942060e-01 2.824768618689668109e-01 8.162785838615503956e-03 8.166139227478839757e+01 -4.330965230907700934e-03 -1.418684471608470943e-02 9.998899820364813840e-01 -1.049067674638135550e+00 9.049837313315073360e-17 6.225756296246332086e-16 1.276195979339451383e-17 9.999999999998314681e-01
2.823545942882003668e-01 -9.592138417559198382e-01 -1.359002824719717818e-02 -4.675731571645506079e+01 9.592778221174290687e-01 2.822005336764097927e-01 1.220322853209726728e-02 8.251918880799648548e+01 -7.870392498073836007e-03 -1.648225034068723921e-02 9.998331822586054018e-01 -1.050434929221881086e+00 8.853152430145986210e-17 6.321387784534908278e-16 1.303419736050361532e-17 9.999999999998263611e-01
2.821822038457931225e-01 -9.592716590180498937e-01 -1.308006257816935088e-02 -4.650713057677917561e+01 9.593143198722903220e-01 2.820080428035716680e-01 1.369304503320991490e-02 8.337289552813220439e+01 -9.446667178611100474e-03 -1.641182496091017975e-02 9.998206901641903954e-01 -1.056822800953590491e+00 8.712066312625997362e-17 6.388755170013318916e-16 1.329408314258187836e-17 9.999999999998211431e-01
2.812157872269560599e-01 -9.595708532221020048e-01 -1.189363949701803883e-02 -4.625437117458453429e+01 9.596043593520027226e-01 2.810689664695547596e-01 1.263762638270877516e-02 8.422342074856948102e+01 -8.783764969782137735e-03 -1.496708836180929945e-02 9.998494045298258470e-01 -1.062661241082078378e+00 8.658287954286435521e-17 6.444335569652407099e-16 1.357718944525395623e-17 9.999999999998157030e-01
2.806363711991054499e-01 -9.597169370677288702e-01 -1.366118095500080780e-02 -4.601257452990245866e+01 9.597858951093123370e-01 2.804904437629821556e-01 1.166818353838940288e-02 8.507748225600741421e+01 -7.366322658225426222e-03 -1.638632547786026197e-02 9.998385997887575538e-01 -1.078073273076838534e+00 8.715933674576474276e-17 6.509268811417559361e-16 1.388490640986437383e-17 9.999999999998103739e-01
2.798300245187769764e-01 -9.599573505105470916e-01 -1.330573478385699455e-02 -4.576639616078699646e+01 9.600254395650037464e-01 2.796978749971018030e-01 1.096604351414510840e-02 8.593453521950392826e+01 -6.805348333115191807e-03 -1.584247211006081096e-02 9.998513406057992770e-01 -1.090856571485871784e+00 8.822807600701532989e-17 6.552433523785929868e-16 1.415749550275361168e-17 9.999999999998047118e-01
2.783440025666141238e-01 -9.604394698763485394e-01 -8.980029976568673633e-03 -4.551306682510291068e+01 9.604659389959364635e-01 2.782742069068526169e-01 8.285276051333169758e-03 8.677909374455323643e+01 -5.458595418803601287e-03 -1.093116982217038485e-02 9.999253538450116885e-01 -1.092464412720806299e+00 8.903831525030404512e-17 6.606269708275414194e-16 1.443250041939700129e-17 9.999999999997993827e-01
2.770931470760247262e-01 -9.607408759409410415e-01 -1.401274916923537193e-02 -4.527342362420682775e+01 9.608425376789229144e-01 2.770483066949790962e-01 5.084638080174773769e-03 8.762408250942517896e+01 -1.002811213523174773e-03 -1.487296383901950091e-02 9.998888884851175884e-01 -1.094171269972927130e+00 9.046502180118474708e-17 6.626095643827756171e-16 1.460506981683795344e-17 9.999999999997937206e-01
2.763633262287523151e-01 -9.608095376592533654e-01 -2.164126286358633924e-02 -4.504098505561631072e+01 9.610445525290711721e-01 2.763864484829686163e-01 1.974626396809741908e-03 8.847778028426573371e+01 4.084111908172162117e-03 -2.134393210399389978e-02 9.997638504126576953e-01 -1.104534383462254521e+00 9.202415933714899186e-17 6.634966490602094393e-16 1.477014862121913378e-17 9.999999999997880584e-01
2.750462673696644211e-01 -9.611572287798452185e-01 -2.294193474403053226e-02 -4.480648125784360047e+01 9.614166487159123697e-01 2.750941876052486745e-01 1.102505290086676186e-03 8.932612913421475298e+01 5.251511971154074199e-03 -2.235999798147151121e-02 9.997361912584526999e-01 -1.106681253753726057e+00 9.432790455310917943e-17 6.643225794414678858e-16 1.493328114363533655e-17 9.999999999997821742e-01
2.737833888822083783e-01 -9.615541006572921878e-01 -2.136275920504231152e-02 -4.456570080190591199e+01 9.617886528162156168e-01 2.737679503637808764e-01 3.700900948477279812e-03 9.018097530321757915e+01 2.289822318530347015e-03 -2.155970459986024726e-02 9.997649402989584599e-01 -1.094748529731403686e+00 9.769740077236370579e-17 6.619670186374063078e-16 1.500340187957402303e-17 9.999999999997759570e-01
2.733513850966404202e-01 -9.617360995055537209e-01 -1.851202779604617377e-02 -4.432713535217446577e+01 9.619123423330405709e-01 2.732619118930445512e-01 7.250736250323752859e-03 9.103478973019576870e+01 -1.914662691381083161e-03 -1.978894681564095925e-02 9.998023462916864057e-01 -1.085224961818107348e+00 1.011226335270671794e-16 6.601891941880038083e-16 1.510071247906497140e-17 9.999999999997696287e-01
2.722088891550130119e-01 -9.620421180865496025e-01 -1.942379190748685230e-02 -4.409537084073658519e+01 9.622289725867937404e-01 2.720624985716627031e-01 9.869203907169941600e-03 9.189222680781583108e+01 -4.210104472612863878e-03 -2.137662036331179280e-02 9.997626293885064630e-01 -1.089085651899497353e+00 1.054165525641795042e-16 6.575785532029356042e-16 1.519335442711945463e-17 9.999999999997633005e-01
2.713635642142878668e-01 -9.623157003566686907e-01 -1.761558581186939074e-02 -4.386363894874521208e+01 9.624628813554425566e-01 2.712153112569911650e-01 1.036614455862069732e-02 9.274243617346280644e+01 -5.197887072005497044e-03 -1.976734141186022725e-02 9.997910952709735399e-01 -1.097867295677164678e+00 1.079606741820559476e-16 6.548832211783398906e-16 1.532137123953828207e-17 9.999999999997568612e-01
2.699329215497328627e-01 -9.627745994110122885e-01 -1.418762108709129346e-02 -4.362762364969775319e+01 9.628573561615207943e-01 2.697984252811913564e-01 1.070146726839490969e-02 9.359634876798365610e+01 -6.475303034673861834e-03 -1.654933365478208906e-02 9.998420825339479068e-01 -1.110358186118104884e+00 1.097488355528474005e-16 6.542677820694245170e-16 1.544384678453148567e-17 9.999999999997503108e-01
2.690073972190286100e-01 -9.630327530933427971e-01 -1.424558564670908890e-02 -4.340181190523567523e+01 9.631013672824504379e-01 2.688385134363059925e-01 1.271259345280241308e-02 9.444878772465213501e+01 -8.412881803537794120e-03 -1.713972469074466140e-02 9.998177100136339535e-01 -1.115695955889223656e+00 1.107776048079636922e-16 6.551371091500782626e-16 1.556049471742008660e-17 9.999999999997435385e-01
2.686101328320016357e-01 -9.630620140885535196e-01 -1.897771216946247605e-02 -4.318286703228781676e+01 9.632118406616377859e-01 2.683746354971064396e-01 1.407142605718523024e-02 9.529801886185855153e+01 -8.458519333704646662e-03 -2.205928469266846270e-02 9.997208817510726542e-01 -1.113953177008002671e+00 1.117555612119324827e-16 6.570358655285136122e-16 1.570336805544444718e-17 9.999999999997367661e-01
2.683393095429170705e-01 -9.630345613720576736e-01 -2.363151616949512104e-02 -4.296467683106682500e+01 9.632961727002925523e-01 2.680626876579115248e-01 1.424356510344393194e-02 9.615076157877814467e+01 -7.382317733967084378e-03 -2.658625750648438424e-02 9.996192636680617527e-01 -1.118617957909037175e+00 1.135132304571948194e-16 6.582630731985939286e-16 1.585147498513025297e-17 9.999999999997298827e-01
2.687706273487583952e-01 -9.628474099024203481e-01 -2.621478815977875895e-02 -4.273865736813901606e+01 9.631903509170294253e-01 2.685212027692813197e-01 1.267720647233680845e-02 9.699861334017673187e+01 -5.166988969706169492e-03 -2.865709174344877042e-02 9.995759467481145633e-01 -1.127720560715620879e+00 1.164261057457197163e-16 6.607309253818729911e-16 1.597899448781708010e-17 9.999999999997231104e-01
2.702294449162341849e-01 -9.623984112521030143e-01 -2.766487157380621148e-02 -4.250557215644384712e+01 9.627833968517996999e-01 2.699675966504772040e-01 1.286963502016541354e-02 9.784468876259455783e+01 -4.917097406402178884e-03 -3.011303335508779336e-02 9.995344052982051419e-01 -1.141273574598996809e+00 1.205291785781817395e-16 6.650409438240359595e-16 1.610987071468914616e-17 9.999999999997167821e-01
2.714174149276004644e-01 -9.620837459267999048e-01 -2.697133101972446975e-02 -4.226568621057605668e+01 9.624303168632805106e-01 2.710755465505486628e-01 1.568225892677918912e-02 9.869573589426863691e+01 -7.776378115529157878e-03 -3.021446483768641320e-02 9.995131885360755142e-01 -1.153431721984964353e+00 1.239736764834247304e-16 6.690070543574848585e-16 1.619058402857636233e-17 9.999999999997100097e-01
