1.000000000000000000e+00 -3.306050084167601550e-19 -2.270457535318767223e-19 -8.673617379884035472e-19 7.546676715296109287e-19 1.000000000000000000e+00 6.237773588823049983e-19 1.387778780781445676e-17 -3.447385680526250622e-20 4.770700176052009879e-20 1.000000000000000222e+00 5.551115123125782702e-17
9.999392495103524015e-01 -4.346768152997076257e-04 -1.101456336829674879e-02 4.473411787396459893e-02 4.335265518521049161e-04 9.999999275809292598e-01 -1.068516209609824465e-04 1.883839681354752132e-02 1.101461032964776328e-02 1.020691241778524640e-04 9.999393486426662037e-01 2.296275879415536347e-01
9.993660990346618922e-01 4.781581036869531759e-03 3.528205235476555152e-02 4.842939530541243154e-02 -4.791458939149632369e-03 9.999884874077152874e-01 1.954453983351998230e-04 9.334706904882972278e-05 -3.528071161240046993e-02 -3.643901320515374829e-04 9.993775035539609330e-01 2.473506402096839474e-01
9.979877368280714034e-01 6.117378953283673926e-03 6.310588874462783049e-02 7.451154107349722278e-02 -6.232645632504594906e-03 9.999792342531060862e-01 1.629724376635655753e-03 1.391412971844005475e-02 -6.309460984211348600e-02 -2.019821061073324119e-03 9.980051258388362712e-01 3.884821475645007793e-01
9.953832427302468089e-01 4.932985406077200485e-03 9.585026358144421721e-02 1.011964777216549788e-01 -5.293011326477164991e-03 9.999798719125253532e-01 3.501491722867538202e-03 4.520801634979823569e-03 -9.583106546441634566e-02 -3.992649945245803529e-03 9.953892843249709799e-01 5.575635376717260616e-01
9.912426386994123151e-01 1.717479184081884555e-03 1.320236536838890751e-01 1.733879511736712009e-01 -2.429863499075377367e-03 9.999833539144952210e-01 5.234599611793921449e-03 1.069172868839958490e-02 -1.320124760376261142e-01 -5.509607572101023372e-03 9.912302742661281973e-01 7.500124874427680499e-01
9.849127109722661810e-01 -1.468031844251091846e-03 1.730380536328273156e-01 2.087569268466725192e-01 2.276992042299031337e-04 9.999741437710671921e-01 7.186831331079988373e-03 8.691725864006238922e-04 -1.730441430361303046e-01 -7.038973516989299045e-03 9.848876298910663740e-01 9.252967527347154553e-01
9.763363205941187895e-01 -2.403529821606294886e-03 2.162615697617057686e-01 3.101570551820835298e-01 4.088966299558793546e-04 9.999569587126154735e-01 9.266738600566247833e-03 1.241647463829015363e-02 -2.162745613526484145e-01 -8.959055111840157418e-03 9.762952788902875545e-01 1.154372291128392014e+00
9.650834548279969560e-01 -2.175557295316078721e-03 2.618910586868654633e-01 3.962367714297658217e-01 -7.767021986102161553e-04 9.999373197544884073e-01 1.116690536747504819e-02 9.378891750310439090e-03 -2.618989676753804563e-01 -1.098035194704358002e-02 9.650213134492838796e-01 1.363609852564151126e+00
9.504337013850866489e-01 -6.413793854406058155e-03 3.108587245383610531e-01 5.345315483600313611e-01 7.651722020281445918e-04 9.998324459998402247e-01 1.828575826239212110e-02 1.984911641086349599e-02 -3.109239718867758961e-01 -1.714156841875891582e-02 9.502793304821998133e-01 1.595711329793144451e+00
9.339449119906446661e-01 -1.547162838402011721e-02 3.571038197349070686e-01 6.532469326696572764e-01 6.570777768055884385e-03 9.996370627080360949e-01 2.612635745254827252e-02 1.215086928659513121e-02 -3.573784880886696214e-01 -2.205416713989314173e-02 9.337075684531751518e-01 1.810794361839248356e+00
9.128358373986589225e-01 -2.059596395041474182e-02 4.078049587286794453e-01 8.267480346561130178e-01 8.616137757619215035e-03 9.994763504344036376e-01 3.118819339697512585e-02 1.157633254260374833e-02 -4.082337638290707837e-01 -2.495665980743322354e-02 9.125352123553838180e-01 2.032430733419228641e+00
8.881644975897114991e-01 -2.230456984837478687e-02 4.589097678813116588e-01 9.871804887264613582e-01 7.530509666391747674e-03 9.993936935705972635e-01 3.400075821804076498e-02 2.201291694206217175e-02 -4.593896713358404105e-01 -2.674326635741311117e-02 8.877939292391667792e-01 2.242752730142306028e+00
8.597123355005854561e-01 -2.415055772005762769e-02 5.103847585337059067e-01 1.146820529790330223e+00 5.509562669542836071e-03 9.992619574179146813e-01 3.801014141397657947e-02 3.368055230637051478e-02 -5.109263725364860953e-01 -2.986577231091519166e-02 8.592108934676087051e-01 2.473912845253276149e+00
8.276380818974958808e-01 -2.943593645693890967e-02 5.604941074859196570e-01 1.383376367405847462e+00 6.608443092128929788e-03 9.990658136480620177e-01 4.269912022358583054e-02 4.035958321518129388e-02 -5.612272961888811196e-01 -3.163876792489599826e-02 8.270591006511891496e-01 2.679437543216014017e+00
7.913333340022705720e-01 -3.455095856795198372e-02 6.105814377769698265e-01 1.599040378788418204e+00 8.586862429976270528e-03 9.989315725960691283e-01 4.539516870083584732e-02 4.831746764308165326e-02 -6.114981111204497166e-01 -3.068069127905214202e-02 7.907844164836308476e-01 2.893525352849197763e+00
7.527515310802109783e-01 -4.051847040243699433e-02 6.570998549553976886e-01 1.855922941644893687e+00 1.027406020847630372e-02 9.987055409582611398e-01 4.980364468371224068e-02 6.643252443766037296e-02 -6.582678984434173763e-01 -3.073529634806009686e-02 7.521934740354416782e-01 3.080799448477567815e+00
7.128497531071350535e-01 -4.284398464145974111e-02 7.000286328172183881e-01 2.174114969260325658e+00 9.948034811955176401e-03 9.986496921950364092e-01 5.098806621698337427e-02 6.555816533940317381e-02 -7.012677926832033837e-01 -2.938627261096337859e-02 7.123131228855424935e-01 3.261293558561958239e+00
6.658409589365413828e-01 -4.439202823112362722e-02 7.448043445870875523e-01 2.325279026897586920e+00 9.112692647990109848e-03 9.986380049844357787e-01 5.137004630130771049e-02 7.783227481894675059e-02 -7.460702362409509236e-01 -2.742113092229254284e-02 6.653382119441965115e-01 3.329486447230515012e+00
6.246646567690380403e-01 -4.571131315704680953e-02 7.795926749755882623e-01 2.698507994362642215e+00 4.717236041519648482e-03 9.984878109221507758e-01 5.476209857260685987e-02 9.964476771088394413e-02 -7.809177090330249316e-01 -3.052505467543772597e-02 6.239357858068887985e-01 3.569005738798875615e+00
5.628959538110381855e-01 -4.722463326303462383e-02 8.251316758934620355e-01 2.685094692650249470e+00 1.131201030460584657e-03 9.984095755098080227e-01 5.636233795722112722e-02 1.117285021298801972e-01 -8.264809933837383715e-01 -3.079423892444609762e-02 5.620539720410008266e-01 3.474145975326601743e+00
5.321878245129514351e-01 -4.651121127495726898e-02 8.454275951248129140e-01 3.261078598330422018e+00 -9.014379894436528196e-04 9.984583797677485384e-01 5.548108910749242895e-02 1.212125519153520042e-01 -8.467052853952451441e-01 -3.028716076121433162e-02 5.313251025201424227e-01 3.808701965251031218e+00
4.666444980052428804e-01 -4.978280386243642136e-02 8.829690551895769124e-01 3.375565545606772577e+00 -1.982507677486523151e-03 9.983530495865373666e-01 5.734555089147726908e-02 1.286847899277517859e-01 -8.843693730150063992e-01 -2.851206068403773497e-02 4.657774987567918079e-01 3.637088483740157141e+00
4.385069378720577449e-01 -4.944800858761731061e-02 8.973566043988906449e-01 3.605732992344280241e+00 -4.572312054827669565e-03 9.983494354231939871e-01 5.725186297845018951e-02 1.418062891976058781e-01 -8.987066947776864989e-01 -2.920530034646853443e-02 4.375572958140928614e-01 3.821167412909947103e+00
3.988958022357219080e-01 -4.781038036490565385e-02 9.156555833374514508e-01 4.068500743727791580e+00 -5.555805517286927300e-03 9.984953691478256621e-01 5.455802429611585069e-02 1.696036634551610356e-01 -9.168864615770173643e-01 -2.684629724173979992e-02 3.980302501443152008e-01 3.843632768806604538e+00
3.551950041200030439e-01 -4.703769302492230575e-02 9.336220304887016264e-01 4.465315214866506288e+00 -5.731119717384583825e-03 9.986050583564674010e-01 5.248259701800810084e-02 1.891248047178991643e-01 -9.347883563227057380e-01 -2.399506348497426264e-02 3.544296581160285564e-01 4.143412806195796882e+00
3.303036243911754988e-01 -4.536404534906744723e-02 9.427747290470559483e-01 5.030671832299620228e+00 -3.145626307300567696e-03 9.987863072588825109e-01 4.915117727227374944e-02 2.105297148593974210e-01 -9.438597289827754810e-01 -1.921033544136977952e-02 3.297595461178863818e-01 4.224197559623656062e+00
2.976474170176823808e-01 -4.272843007324524101e-02 9.537034982099213964e-01 5.494525664842399237e+00 -2.157961967558240032e-03 9.989649755641044626e-01 4.543932803270858689e-02 2.328571885264436037e-01 -9.546581873565271881e-01 -1.557765875080824834e-02 2.972474587785345346e-01 4.416225786117616181e+00
2.803981825865315414e-01 -4.198222252632364399e-02 9.588237391650693553e-01 6.188514805506138750e+00 -1.991305021272316445e-03 9.990153752964023859e-01 4.433506594376750848e-02 2.566320113935445790e-01 -9.597402947240898374e-01 -1.435179612402964246e-02 2.800385884087990274e-01 4.573366955053984384e+00
2.559356839948483398e-01 -4.280194023968818956e-02 9.656424610256360008e-01 6.602617510710372173e+00 -1.481725533938662740e-03 9.990007882082292401e-01 4.466569385958382016e-02 2.738634005981565034e-01 -9.665894559685060949e-01 -1.286209569456722539e-02 2.556164705497606660e-01 4.708622256298253816e+00
2.465085981109533253e-01 -4.367563897696211117e-02 9.682416090225077765e-01 7.282522049248742135e+00 -1.162971690900745526e-03 9.989699458424480261e-01 4.534511268480934804e-02 2.946629347915737940e-01 -9.692257109777161483e-01 -1.229208534790356654e-02 2.462038662867720995e-01 4.907346758438500878e+00
2.305095349207717248e-01 -4.374846001370712861e-02 9.722195631055365883e-01 7.825757245925538896e+00 -6.908604854901648435e-04 9.989809096003239297e-01 4.511900128714301655e-02 3.278865637708495706e-01 -9.732034720024562713e-01 -1.105781492686206020e-02 2.302447850903012738e-01 5.062860249973607729e+00
2.028674595291423410e-01 -4.561829469302059598e-02 9.782504235245570445e-01 8.191345139777396867e+00 -4.843034719253676117e-03 9.988553547142836608e-01 4.757646169618655330e-02 3.307480443607172527e-01 -9.793014939056766677e-01 -1.438483727425295122e-02 2.024142160004477053e-01 5.299103763051347116e+00
1.846241551289342919e-01 -4.461496171395715193e-02 9.817353188437649703e-01 8.781683828028803873e+00 -3.564785266388977285e-03 9.989320966555326198e-01 4.607705400610933449e-02 3.710084402275637960e-01 -9.827421105112285060e-01 -1.201856738518495941e-02 1.842679003275402849e-01 5.375737426389602724e+00
1.691835217967488647e-01 -4.934477849717826964e-02 9.844004984860059704e-01 9.382182922778850909e+00 -5.272466759749083048e-03 9.986862248052421620e-01 5.096015305913541293e-02 3.836090904730164453e-01 -9.856225930098012622e-01 -1.380155765175533622e-02 1.687011421557148005e-01 5.603518443434636787e+00
1.500365078646847261e-01 -4.594810818586698292e-02 9.876666740472656025e-01 9.988744122989944074e+00 -3.180962966290021808e-03 9.988914986115938754e-01 4.696245832649767471e-02 4.231252641779609802e-01 -9.887303537013779620e-01 -1.017772796274919907e-02 1.497244934378907932e-01 5.742134300739683006e+00
1.481493633901087015e-01 -4.755022636853803442e-02 9.878359615614332734e-01 1.095070030141227413e+01 -5.068083511527091654e-03 9.987935578475836129e-01 4.883887885141773716e-02 4.434750405873179591e-01 -9.889670460020396625e-01 -1.223630306393527073e-02 1.477298361494690238e-01 5.852974798926247502e+00
1.254251553414405251e-01 -5.286385795154545375e-02 9.906870201659571107e-01 1.151734805121422944e+01 -6.947628620405582774e-03 9.985083594824138986e-01 5.416474735770174936e-02 4.785483289549581354e-01 -9.920718648556027253e-01 -1.369366595319216652e-02 1.248704583740826712e-01 6.122004882732271724e+00
1.127895057627273379e-01 -5.215439181551843884e-02 9.922177148046009698e-01 1.227034379891898119e+01 -8.944206924156697033e-03 9.985278519962701438e-01 5.349650332493435800e-02 5.027328901221446156e-01 -9.935469716708776877e-01 -1.491317567306541664e-02 1.121567797260299149e-01 6.144609441418340090e+00
9.168656237115310748e-02 -5.605040509809330884e-02 9.941647916458724588e-01 1.299966122016282633e+01 -9.373164970386795025e-03 9.983219413596431391e-01 5.715454632821536513e-02 5.406831400103869756e-01 -9.956993515952797802e-01 -1.457391595823245845e-02 9.100712186525025671e-02 6.287471519649209917e+00
8.520702024128394558e-02 -6.071643085847903965e-02 9.945013192976742689e-01 1.390458187461570638e+01 -1.036911710472557605e-02 9.980331569580850326e-01 6.183971478605628652e-02 5.734198440701905319e-01 -9.962997245007341185e-01 -1.558781328003154554e-02 8.441017968940214833e-02 6.357022619058145807e+00
6.060593578989083990e-02 -6.088359741530467717e-02 9.963258124238196789e-01 1.458946661473857098e+01 -1.202692896473627274e-02 9.980211714657589717e-01 6.171324653468721055e-02 5.945541394431120841e-01 -9.981117746991817752e-01 -1.572429541492191551e-02 5.975356969933499907e-02 6.412312701189700093e+00
5.281849782825836365e-02 -5.981052028361458217e-02 9.967998855794143465e-01 1.553054372343835432e+01 -1.314501739151983407e-02 9.980759826607920049e-01 6.060400522611965324e-02 6.284790697890009215e-01 -9.985071220840372463e-01 -1.629876742439512194e-02 5.193128780289998220e-02 6.467657832596137801e+00
3.056439646188372286e-02 -5.879616172436393645e-02 9.978154810123115448e-01 1.623946098657595627e+01 -1.385068549766936552e-02 9.981469603441869287e-01 5.924484536318980199e-02 6.588228862688294551e-01 -9.994517615567537483e-01 -1.560485921080883784e-02 2.969410957166459392e-02 6.480226168530345277e+00
1.469758794838858969e-02 -5.755821276853777951e-02 9.982389780841653959e-01 1.718755179108180897e+01 -1.568057486915414370e-02 9.982053631871153909e-01 5.779389994550578752e-02 6.958872109634212100e-01 -9.997749073018740162e-01 -1.648911773861092001e-02 1.376905544920002493e-02 6.492592713567442608e+00
-1.524953785395905849e-02 -5.561722350482663918e-02 9.983321542683106786e-01 1.791160710674393286e+01 -1.908311661471643120e-02 9.982861683967682032e-01 5.531121405222126641e-02 7.264337134344454050e-01 -9.996981229137886782e-01 -1.819792177157029262e-02 -1.628477381342085736e-02 6.486419789681627357e+00
-4.156089488470325610e-02 -5.588461122770005396e-02 9.975532362486362326e-01 1.881354669538760049e+01 -2.278653247986779651e-02 9.982277224164887164e-01 5.496481991426749314e-02 7.594558725348257155e-01 -9.988581221231213059e-01 -2.042745769076401152e-02 -4.276054758045134963e-02 6.438658343199599621e+00
-7.776993797017310583e-02 -5.630203518875265267e-02 9.954079296014256562e-01 1.965673817690095149e+01 -2.659676856995386168e-02 9.981660464744391836e-01 5.437541299527279964e-02 7.890412009125140624e-01 -9.966441450304557303e-01 -2.224369958942128481e-02 -7.912487196537885958e-02 6.374805518966653040e+00
-1.116055987275423461e-01 -5.611567897957895484e-02 9.921415710865979509e-01 2.051870932874750508e+01 -2.627688084696587142e-02 9.982214212697873013e-01 5.351664358908594932e-02 8.155227502816477791e-01 -9.933810945413754645e-01 -2.007848982769645449e-02 -1.128811337833947881e-01 6.268190383726056858e+00
-1.458825839782324774e-01 -5.448360099258300199e-02 9.877820870639343331e-01 2.136914034659855588e+01 -2.632734110735113556e-02 9.983424686047285279e-01 5.117545839687473452e-02 8.438757254490064641e-01 -9.889334038163272167e-01 -1.853234156420416334e-02 -1.470751384326101363e-01 6.130987453354799221e+00
-1.776101155673734944e-01 -5.322576760556239905e-02 9.827374711164368337e-01 2.222177432173182510e+01 -2.886007005791488278e-02 9.983882870709877011e-01 4.888656337126218165e-02 8.665343985657768533e-01 -9.837554925099130099e-01 -1.968316957690989522e-02 -1.788597954154716729e-01 5.965919448961094496e+00
-2.075078783590708353e-01 -5.032930992808985066e-02 9.769202770967825300e-01 2.306827518198221583e+01 -3.169651876288073072e-02 9.984974331531077940e-01 4.468808948542746934e-02 8.967840887498420566e-01 -9.777012909766673587e-01 -2.169356571996068281e-02 -2.087915160967940831e-01 5.782898492382074984e+00
-2.425720769329672288e-01 -4.422970834212151814e-02 9.692508866810377599e-01 2.391991624781432790e+01 -2.867874129506430697e-02 9.988506344814404025e-01 3.842259753970651837e-02 9.118752571719951350e-01 -9.698354790107281964e-01 -1.849638714928432057e-02 -2.435617724751927282e-01 5.570979963835903881e+00
-2.721891649465580931e-01 -3.713619586421641056e-02 9.615686306189632493e-01 2.473659612892253890e+01 -2.272127414518767402e-02 9.992248065659826706e-01 3.213897459425543029e-02 9.273677905673047839e-01 -9.620165002892810957e-01 -1.310749900165964800e-02 -2.728220521895691753e-01 5.306555155342871366e+00
-3.048038895400591586e-01 -2.947896499219442371e-02 9.519855568695514414e-01 2.556031700068626833e+01 -1.618586894146590086e-02 9.995371426349144439e-01 2.575792693144059176e-02 9.338405538759193547e-01 -9.523037809344853111e-01 -7.577513758374817068e-03 -3.051402181121738999e-01 5.024238318105006762e+00
-3.308837844774667469e-01 -2.383266416598169360e-02 9.434106305258451730e-01 2.636457835358133295e+01 -1.006621737599006604e-02 9.997132321951344158e-01 2.172792220092723339e-02 9.348616769080492217e-01 -9.436579705423610021e-01 -2.303562628276805465e-03 -3.310287065219889024e-01 4.730662206728456276e+00
-3.580783052969871427e-01 -1.705680209981452061e-02 9.335233032446529355e-01 2.716193740630047415e+01 -1.688567149486026615e-03 9.998433857232766897e-01 1.762012206282781088e-02 9.341937502608794741e-01 -9.336775976975713043e-01 4.733505838995143156e-03 -3.580509648066300121e-01 4.401418994952381425e+00
-3.851935381824611593e-01 -5.785297409830139452e-03 9.230564264616829551e-01 2.795611979488336374e+01 4.984673176415154415e-03 9.999526522673356510e-01 8.353223387906146338e-03 9.261822449282309799e-01 -9.230611439129374762e-01 7.816452994471411245e-03 -3.851464954001057595e-01 4.056440490708470570e+00
-4.064658070286021330e-01 9.483755071467392730e-03 9.135483885021777883e-01 2.872412916757139811e+01 9.449791492407917312e-03 9.999362151100114060e-01 -6.174671646765668431e-03 9.048147512313565732e-01 -9.135486968100400285e-01 6.123168318743086626e-03 -4.065294996494023816e-01 3.705809112005959971e+00
-4.301491370776556744e-01 2.557577242694928157e-02 9.021623130782114863e-01 2.946777749221773490e+01 1.048662116314533384e-02 9.996725115337351530e-01 -2.334225711675975978e-02 8.825561389535256929e-01 -9.024640371199940114e-01 -5.833644355370996111e-04 -4.302764338432864544e-01 3.342020682767782969e+00
-4.548990994470860083e-01 3.960249341373255766e-02 8.894669607993416216e-01 3.021910701049185377e+01 9.822398239497542871e-03 9.991731696871423152e-01 -3.943788010444468362e-02 8.503904175503949059e-01 -8.902936530921780056e-01 -9.215912388493468013e-03 -4.549121343860981215e-01 2.946497574448655676e+00
-4.786066911653928946e-01 4.991557434407294797e-02 8.765543831229822835e-01 3.095701870206638873e+01 1.359790995329603937e-02 9.986838257907106886e-01 -4.945555933732250636e-02 8.032871915738341029e-01 -8.778695440584144416e-01 -1.175425909731821206e-02 -4.786554231804631132e-01 2.552318923948995621e+00
-4.994131193092821719e-01 5.511706396773712741e-02 8.641379201589317605e-01 3.167321533714774517e+01 1.827943638811833221e-02 9.984216738244853229e-01 -5.308537592265145932e-02 7.466407917849808840e-01 -8.657009384825968823e-01 -1.074586906913924285e-02 -4.996320190995536814e-01 2.126247823454215258e+00
-5.190988444069299934e-01 5.426479925914180769e-02 8.526860143070750242e-01 3.239167484435918709e+01 2.187723883248799545e-02 9.984981922029200208e-01 -5.021552783201831821e-02 6.959357657103802941e-01 -8.541315127444240041e-01 -7.437033488837146121e-03 -5.195061807770996465e-01 1.684137651178599926e+00
-5.387904128922379465e-01 5.041695695496613977e-02 8.408068616668963324e-01 3.310268937585994564e+01 2.489929112049745971e-02 9.987240526992531287e-01 -4.393550301162914978e-02 6.433411910204365203e-01 -8.419497048967087283e-01 -2.746260680796605222e-03 -5.393580806677636952e-01 1.229777019661967952e+00
-5.570080647977100341e-01 4.824887174311601884e-02 8.295886200790781873e-01 3.380496913392824609e+01 3.314595173441822751e-02 9.988072164578997159e-01 -3.586011224017088272e-02 5.938112536889937898e-01 -8.303291677759080391e-01 7.535169409358049609e-03 -5.579430339348174783e-01 7.485354812530545798e-01
-5.664259173255741242e-01 4.942276317096989252e-02 8.221699773043178450e-01 3.449731004762602282e+01 3.626331481928235512e-02 9.987278900258126368e-01 -3.501499733681420062e-02 5.398322407320587102e-01 -8.228553603772874592e-01 9.964483328970650741e-03 -5.674976452122929560e-01 2.719991513504138592e-01
-5.773220046093039404e-01 5.168756268508372526e-02 8.141789671678777429e-01 3.517044118775452688e+01 3.842813991308550309e-02 9.986078571171742579e-01 -3.612150195273124836e-02 4.914155296826608899e-01 -8.149139135555503177e-01 1.039916362276889494e-02 -5.785044279854705263e-01 -2.184674253238363673e-01
-5.868460054654960345e-01 5.491073838860378864e-02 8.071374058501905591e-01 3.582076287017142135e+01 4.043883883385595429e-02 9.984404103868140812e-01 -3.846756855644675038e-02 4.427293649353243321e-01 -8.079911193375149958e-01 1.005948846764921113e-02 -5.881512305591354295e-01 -7.027240982284074233e-01
-5.965948127616900187e-01 5.410163343008082826e-02 8.011763967652757445e-01 3.646885656460860048e+01 3.503649506493824312e-02 9.985295185579761146e-01 -4.138832450011947078e-02 3.991687144288469380e-01 -8.022371350398200818e-01 3.395515169997512153e-03 -5.976131187105623299e-01 -1.178813210763206776e+00
-6.075638874085406149e-01 5.250448280945636120e-02 7.927490658912570431e-01 3.710669890768181034e+01 3.404250913740104745e-02 9.986174712502517981e-01 -4.005007850665484592e-02 3.576057856803885326e-01 -7.937559347524942854e-01 2.659356649411294578e-03 -6.085116531662044803e-01 -1.672282345259417990e+00
-6.142343412569798433e-01 5.606224931873692724e-02 7.871046273252525483e-01 3.772731509983800180e+01 3.794000335186391293e-02 9.984181655067106975e-01 -4.147699949086963711e-02 3.150324341144896678e-01 -7.881851231227671173e-01 4.380199491567631637e-03 -6.153898837056024362e-01 -2.165131913536274766e+00
-6.198517658102278283e-01 5.832945511270209993e-02 7.830531772816848868e-01 3.837758521844758519e+01 4.022977585273319195e-02 9.982851661302619695e-01 -4.253280531847883350e-02 2.565082390811169177e-01 -7.841899788301880392e-01 5.176145274243134330e-03 -6.211358248462486298e-01 -2.681532859120515866e+00
-6.199025507964250892e-01 6.113000818137179909e-02 7.818911459887322168e-01 3.901633019340084729e+01 4.100165237116990685e-02 9.981226028248549875e-01 -4.547580198155409120e-02 2.144220889616848535e-01 -7.832031375276559126e-01 3.866169899749581293e-03 -6.212454741246822287e-01 -3.197475652123199286e+00
-6.199610541875352210e-01 6.201833150200451034e-02 7.825196745217103400e-01 3.970288378935535434e+01 4.038867915800243430e-02 9.980732777460469274e-01 -4.710500836999054891e-02 1.660696779717697746e-01 -7.839319926781939118e-01 2.435060622340505260e-03 -6.212717561055089988e-01 -3.735580502444744599e+00
-6.184132049762062211e-01 6.178446528299262608e-02 7.836871736629368312e-01 4.040497278848501850e+01 4.303062714586571025e-02 9.980717286672586841e-01 -4.473134916746381029e-02 1.220888614169818448e-01 -7.849394044438559037e-01 6.065828545265009031e-03 -6.198793684366886714e-01 -4.286343344406204459e+00
-6.103028061309613284e-01 6.067786158012408726e-02 7.896248023246487113e-01 4.109302423561098294e+01 4.127523298461896473e-02 9.981431306403912851e-01 -4.480203962755737596e-02 7.160941206507073775e-02 -7.908769621196471977e-01 5.252210856271109785e-03 -6.116738854530334724e-01 -4.808023730580506694e+00
-6.047164094699818415e-01 5.738385670525080612e-02 7.947210752496935982e-01 4.183011127317653433e+01 3.768199397933257033e-02 9.983456520106239740e-01 -4.343319562811181339e-02 2.175219121354908525e-02 -7.958985632888435635e-01 3.684717766582189767e-03 -6.058784023535693786e-01 -5.357079064876123731e+00
-5.966553684560841342e-01 5.770499066672094002e-02 8.004580213222830531e-01 4.255973905250316847e+01 3.608895586445746290e-02 9.983315844589097932e-01 -4.507609167903880304e-02 -2.792293441517967878e-02 -8.017237946049601272e-01 1.988723437228575360e-03 -5.977422379220759252e-01 -5.891456588649969461e+00
-5.924739328604398114e-01 5.490676503889801302e-02 8.042226122966142920e-01 4.333019453843399305e+01 3.305142762624290603e-02 9.984918220279546119e-01 -4.384533971842789063e-02 -8.247033493417205152e-02 -8.054167636611984094e-01 6.148752960996666742e-04 -5.933951632039223822e-01 -6.444482577250207456e+00
-5.872872289895217923e-01 5.270565112352263576e-02 8.077218647346249281e-01 4.410368849671840508e+01 2.902404972807807321e-02 9.986067600150588808e-01 -4.407901454205030711e-02 -1.359035975476799163e-01 -8.089198169467797239e-01 -2.449869032720721016e-03 -5.879984865804993577e-01 -7.004833530613225889e+00
-5.859489083187501279e-01 4.924707528693807873e-02 8.082430625481945574e-01 4.489341870556981462e+01 2.520531057662653285e-02 9.987760143692362425e-01 -4.253208787484496350e-02 -1.844584799210430281e-01 -8.093492583905048665e-01 -4.587282028862171152e-03 -5.864727812328287548e-01 -7.551197616423897863e+00
-5.846647779115700105e-01 4.825628507216880858e-02 8.104562287110413932e-01 4.569768921505777115e+01 2.199764982249079528e-02 9.988063403275782015e-01 -4.362723408068823472e-02 -2.405361831094499914e-01 -8.115931862963626786e-01 -7.647181492088455344e-03 -5.850287942427904175e-01 -8.127224417875032358e+00
-5.860247192665629656e-01 4.488323122577772550e-02 8.089724986837655285e-01 4.652487358204894008e+01 2.072497653661411685e-02 9.989680240538652001e-01 -4.041976227073199035e-02 -2.941291519345704542e-01 -8.099519119250189192e-01 -6.922086910334255064e-03 -5.863500249487401117e-01 -8.723236227474362892e+00
-5.860481335472346176e-01 4.693363786971723600e-02 8.084488482503847662e-01 4.735175358509348342e+01 2.167889610608264572e-02 9.988711003201482530e-01 -4.225969806155849273e-02 -3.499486528757490000e-01 -8.095203998265931844e-01 -7.267333438615510184e-03 -5.864035536831615492e-01 -9.292058234523894455e+00
-5.860404960621083958e-01 4.358655539077549435e-02 8.095220077770258760e-01 4.820121318792650555e+01 1.950911516672533541e-02 9.990221159499594883e-01 -3.969396042550359799e-02 -4.005510770387655795e-01 -8.104597995638208596e-01 -7.442007575633259424e-03 -5.863178873591646800e-01 -9.900923891999998006e+00
-5.845727477845970022e-01 4.379206760131718751e-02 8.101938062790637884e-01 4.904449977366476787e+01 2.080083218315768520e-02 9.990230199764487118e-01 -3.899208854405625257e-02 -4.607831395069647562e-01 -8.111098981243398676e-01 -5.939112477374036865e-03 -5.849125825060301764e-01 -1.050465567531389333e+01
-5.831668338259738960e-01 4.215851022698371975e-02 8.112672048720606099e-01 4.989437914460326340e+01 1.959460058417683906e-02 9.990920964397347337e-01 -3.782850532076593303e-02 -5.183028642928677598e-01 -8.121254731099463164e-01 -6.160838621501827511e-03 -5.834634882645483023e-01 -1.109809603576231929e+01
-5.818201420040350902e-01 4.106164029315755720e-02 8.119751863579369733e-01 5.077044630438480510e+01 1.753825739964639044e-02 9.991256667804111480e-01 -3.793328491415760839e-02 -5.749480192323780381e-01 -8.128235988311636184e-01 -7.857547862630376301e-03 -5.820314840773709308e-01 -1.169952629943410471e+01
-5.832281782527534153e-01 4.026690141285889368e-02 8.118988013288749306e-01 5.162923781948507695e+01 1.704783458127542492e-02 9.991580428633710653e-01 -3.732935648176119448e-02 -6.334228208175641806e-01 -8.127177400464923318e-01 -7.904427054027430427e-03 -5.834237444056922239e-01 -1.228094552392211725e+01
-5.818874159471079111e-01 3.811387153767429453e-02 8.128248150807120265e-01 5.250571506814504374e+01 1.415725129792038892e-02 9.992250660525260342e-01 -3.672984709817971732e-02 -6.973315766756764678e-01 -8.135947162597418902e-01 -9.848884119102056800e-03 -5.819764078111067107e-01 -1.287511313900803955e+01
-5.751787177626638270e-01 3.532931452454646931e-02 8.174716275922032649e-01 5.335738034414608677e+01 1.220813552234798795e-02 9.993267516239028314e-01 -3.459571381044566213e-02 -7.571183582273580681e-01 -8.181434578739540386e-01 -9.913674910314100933e-03 -5.752229797879054862e-01 -1.350110537301176095e+01
-5.722415776977984869e-01 3.078866729044914610e-02 8.200048377325344084e-01 5.421885015326640200e+01 1.186632838643257061e-02 9.995014097855909885e-01 -2.925452773155496483e-02 -8.141852335146588793e-01 -8.204968741575039415e-01 -7.013257499779583341e-03 -5.723216826355831399e-01 -1.407368113359833650e+01
-5.668871753715298833e-01 3.121162846320602383e-02 8.233137988943366459e-01 5.507218320232625075e+01 1.363350764805307258e-02 9.995004921585595170e-01 -2.850938156516174410e-02 -8.617922512685485259e-01 -8.237925214798095253e-01 -4.937585159125354797e-03 -5.670296585686460666e-01 -1.467391146509838329e+01
-5.654668941126181902e-01 3.111080121605476825e-02 8.238760411230348080e-01 5.594882331735433922e+01 1.386685016405613848e-02 9.995055252137228230e-01 -2.821486775273687742e-02 -9.096666069617229677e-01 -8.243467351425047829e-01 -4.542555295010558720e-03 -5.656185070471495546e-01 -1.526988843664558715e+01
-5.640633121365926650e-01 3.082164226882634986e-02 8.257715861425130033e-01 5.683253855959794265e+01 1.354060672040904682e-02 9.995143593906538060e-01 -2.807668640353399789e-02 -9.641815199914353096e-01 -8.262356782325992466e-01 -4.632271553598949106e-03 -5.642070339445823812e-01 -1.585629382478344773e+01
-5.587900814077108036e-01 2.980755833649576664e-02 8.281470065793942181e-01 5.771236535158242020e+01 1.270440341230170272e-02 9.995438199599145923e-01 -2.738879008501043932e-02 -1.018313367641964229e+00 -8.285862075725097808e-01 -4.807543288102485504e-03 -5.589136883317142868e-01 -1.644849756344576264e+01
-5.588306997031212697e-01 3.112138550094773262e-02 8.282628948338259800e-01 5.853562145911022441e+01 1.249859460000825144e-02 9.994976028464769291e-01 -2.912133020392611987e-02 -1.066828966986965721e+00 -8.287534820453162920e-01 -5.938148982194221652e-03 -5.589386116318200148e-01 -1.698546933734895248e+01
-5.614004161035272000e-01 3.031483710418082442e-02 8.268764726563412326e-01 5.943603866983009709e+01 9.558014151602164943e-03 9.994998977001727791e-01 -3.013730464929788647e-02 -1.125209707579656548e+00 -8.273766151209626107e-01 -9.019492079603893403e-03 -5.614093322893944915e-01 -1.760669050794311019e+01
-5.657351483969835781e-01 3.281804205101816058e-02 8.243888917184856169e-01 6.027297956918832966e+01 8.847941607509091436e-03 9.993922709992815179e-01 -3.371802357947164402e-02 -1.188243508728963782e+00 -8.249940985009230898e-01 -1.176601708087388759e-02 -5.656820664308805924e-01 -1.818541259380580044e+01
-5.709286891183734669e-01 3.106932857009089832e-02 8.206606097466875305e-01 6.112939502954085924e+01 9.831919665037474471e-03 9.994711198824323128e-01 -3.099369487085847780e-02 -1.228017950115243284e+00 -8.211896358552707165e-01 -9.620678716198781399e-03 -5.709323839005030488e-01 -1.877222191590345801e+01
-5.749750051497337644e-01 2.923492946301065737e-02 8.172662486762973799e-01 6.194660354090237320e+01 1.303301207956508029e-02 9.995615246544795607e-01 -2.657995172826886632e-02 -1.285047532478839960e+00 -8.176852453338389060e-01 -4.644595075899792154e-03 -5.751038639795381657e-01 -1.936500105850387143e+01
-5.803610573194475375e-01 2.786900432210171266e-02 8.142721854404797455e-01 6.277228388634486578e+01 1.005251222185262784e-02 9.995836849163176607e-01 -2.704304810424463731e-02 -1.336299336378232061e+00 -8.146867532432724435e-01 -7.502310658742216906e-03 -5.803997263479382385e-01 -1.993059248020710683e+01
-5.859866547822643046e-01 2.824116031008484101e-02 8.101299313019918458e-01 6.364280108803352221e+01 1.070918504070182860e-02 9.995751601032848432e-01 -2.711467993901622159e-02 -1.387469430891169475e+00 -8.105514651529645009e-01 -7.198180212716820056e-03 -5.860401802592224429e-01 -2.052320049859373086e+01
-5.874691364939119698e-01 3.127456864561611177e-02 8.082819383125261492e-01 6.443090503710718053e+01 1.099691218190091378e-02 9.994689867901528357e-01 -3.067578901063764546e-02 -1.439343005673602960e+00 -8.088121301880204506e-01 -9.125289434235683839e-03 -5.875010776750861918e-01 -2.110265437685842116e+01
-5.956920156196002791e-01 3.176493008730464640e-02 8.028940908717688840e-01 6.523542991353973264e+01 9.460499685543808171e-03 9.994260880063163821e-01 -3.252693482981282302e-02 -1.493757608067446618e+00 -8.034666724209187372e-01 -1.177521206208082677e-02 -5.956508361692171016e-01 -2.169779317341354030e+01
-5.971084036367388936e-01 3.013946201325563151e-02 8.009070722905254902e-01 6.605496524414712667e+01 8.315986990029760467e-03 9.994722040763832638e-01 -3.139686329588033120e-02 -1.541418921027200239e+00 -8.014310073096515552e-01 -1.210257307054617149e-02 -5.970437163446433715e-01 -2.230962281975556394e+01
-5.995741160877833265e-01 3.021942541841902280e-02 7.998844488140534059e-01 6.684358987315691536e+01 8.930127618838872017e-03 9.994776597206816993e-01 -3.104904468284288774e-02 -1.592175959445184308e+00 -8.004049727982168738e-01 -1.147509810448195215e-02 -5.995310622867681127e-01 -2.287800519764681439e+01
-6.021877264116911599e-01 2.082924732968941678e-02 7.986287001634236882e-01 6.764647031769676744e+01 8.102058800223254503e-03 9.997678595480062880e-01 -1.997317197112773168e-02 -1.637197579694619209e+00 -7.988591240764806312e-01 -5.534402291785314558e-03 -6.022170049510431333e-01 -2.351193925475039848e+01
-6.034797851745633546e-01 1.084758425711242202e-02 7.972880222373842640e-01 6.843571196537274659e+01 7.044399103509872348e-03 9.999408753695572249e-01 -8.275440153241244573e-03 -1.686456472136385276e+00 -7.973308118058548555e-01 6.216050844796444262e-04 -6.035205927966174055e-01 -2.408477953253730064e+01
-6.048590708534690163e-01 1.111334419741394873e-02 7.958740196934996902e-01 6.921299004460492199e+01 8.427022376273868992e-03 9.999359359944357539e-01 -7.556131765603535215e-03 -1.715396397201217837e+00 -7.959071578309901973e-01 2.131997878938641112e-03 -6.049140037937682512e-01 -2.468910999307911780e+01
-6.063056927872348956e-01 1.640350091277423955e-02 7.949070160205150559e-01 7.000045766193287022e+01 9.332292061874176634e-03 9.998650327278243433e-01 -1.351899489259565483e-02 -1.750894837956072703e+00 -7.950217618313639711e-01 -7.738926116503506850e-04 -6.063770684600292560e-01 -2.526096270212297767e+01
-6.102728886129016317e-01 2.153039604955900646e-02 7.926400138696124698e-01 7.077154366128542051e+01 1.025669802073259432e-02 9.997619375966555477e-01 -1.927381942521542990e-02 -1.786437126085827609e+00 -7.928659617221476275e-01 -3.612479896869052153e-03 -6.103485169669998767e-01 -2.587200344035517219e+01
-6.077054152296561540e-01 2.699266673467670338e-02 7.939157287895830528e-01 7.153495078123064843e+01 1.516362483600186030e-02 9.996344737668432234e-01 -2.239080798926074492e-02 -1.830477878966211946e+00 -7.942299173034002013e-01 -1.558009985836305124e-03 -6.078926606032272195e-01 -2.645121315190769096e+01
-6.062031921937851564e-01 2.734235716678309544e-02 7.950241189388302931e-01 7.231242728046959201e+01 1.795027883521957413e-02 9.996247024311629703e-01 -2.070218511960316560e-02 -1.883187515579183069e+00 -7.952917802414517512e-01 1.728526961095971448e-03 -6.064665112673461866e-01 -2.706465088860463908e+01
-6.061914509733845602e-01 2.466949453696523631e-02 7.942131087524125777e-01 7.308202611848086860e+01 1.698992257286869798e-02 9.996924034181952079e-01 -1.806348825405426628e-02 -1.917843286057302921e+00 -7.944145643321959271e-01 2.532949774344625364e-03 -6.064241215808579000e-01 -2.763980237801363060e+01
-6.061759243588870083e-01 1.969417897721033317e-02 7.951002583492626785e-01 7.384390390202666765e+01 1.532594865067061184e-02 9.997970309904032904e-01 -1.308843614670339960e-02 -1.945040716994903329e+00 -7.951965829663283358e-01 4.257928842333825320e-03 -6.063547926018229006e-01 -2.821815303134208008e+01
-6.047697710847624863e-01 1.177654699204631721e-02 7.966609710731077376e-01 7.462156318846017200e+01 1.261066325295618663e-02 9.999069496313119920e-01 -5.210103266842938154e-03 -1.967773585818017645e+00 -7.966481683553670035e-01 6.900298445098746077e-03 -6.048619624439495190e-01 -2.879041886915091553e+01
-6.049528515383688632e-01 3.854601403627090986e-03 7.958605618184686481e-01 7.537905250019117886e+01 2.124625209306259602e-03 9.999926786774371301e-01 -3.224857361809298911e-03 -2.000848033558389805e+00 -7.958671852726517670e-01 -2.597998481602976483e-04 -6.049566572019344779e-01 -2.935363730256182180e+01
-6.036757495203033397e-01 -2.189868437205685046e-03 7.976710523924208651e-01 7.615980445169655866e+01 -5.465143750579952789e-03 9.999840849645436069e-01 -1.377078051615121795e-03 -2.014508454646389612e+00 -7.976553813643437740e-01 -5.182794186792583253e-03 -6.036781398265644860e-01 -2.991278184432729859e+01
-6.036279505575193882e-01 -1.130510594955341222e-03 7.976854138249150905e-01 7.692908827855038112e+01 -3.149041453919935486e-03 9.999946023403396556e-01 -9.629984500132137163e-04 -2.037515147988840258e+00 -7.976800246816928563e-01 -3.080848383076757561e-03 -6.036283929441668139e-01 -3.049459743939331346e+01
-6.007320924865260370e-01 3.123049496553155068e-03 7.997292752941517202e-01 7.768827497176008023e+01 1.287399925837555111e-03 9.999949419624194480e-01 -2.931708178350763729e-03 -2.062891315152566740e+00 -7.997344379692222782e-01 -7.267213689281044799e-04 -6.007329861183494657e-01 -3.106242271796490328e+01
-5.940035964305648841e-01 6.030730789748037571e-03 8.043043494341014510e-01 7.846958209388439798e+01 2.440337938197399865e-03 9.999808334528234033e-01 -5.698960102329655476e-03 -2.077402710635557703e+00 -8.043233767723445560e-01 -1.419404536939672390e-03 -5.940068838957326403e-01 -3.164288656636451691e+01
-5.843750753640091222e-01 8.095319825043757397e-03 8.107384733594698023e-01 7.923743118308247801e+01 6.989019566425947773e-03 9.999633484402298267e-01 -4.941449695101123030e-03 -2.098960345224390789e+00 -8.107486986854055555e-01 2.778642296324135372e-03 -5.844103827754699720e-01 -3.219538710662980918e+01
-5.786089359436955570e-01 1.185847588129461394e-02 8.153563734657921502e-01 8.000128787241838779e+01 1.410225284163143904e-02 9.998903098572161641e-01 -4.530051030802884765e-03 -2.127262892357225432e+00 -8.153206239789033694e-01 8.872012805863438781e-03 -5.787127975776135136e-01 -3.273773864904248398e+01
-5.677096009550198774e-01 1.029757089677451297e-02 8.230533641371201581e-01 8.078801680504705018e+01 1.229153281668749279e-02 9.999163906108802236e-01 -4.027478121272585858e-03 -2.156838373591306812e+00 -8.230260101450234123e-01 7.825368566903839057e-03 -5.677887598707040961e-01 -3.328031529151611068e+01
-5.586056561151949706e-01 7.216096156160030188e-03 8.289641707143033944e-01 8.156679832813655651e+01 9.019877017617552312e-03 9.999558795588449067e-01 -2.625210891763082432e-03 -2.166040698323008051e+00 -8.289464966168910154e-01 6.011440386381201179e-03 -5.586462038971412580e-01 -3.378594155464386262e+01
-5.462923330623254969e-01 2.876695019772527659e-03 8.373476719060038986e-01 8.236577605182448281e+01 9.943799840618878019e-03 9.999459066790846729e-01 3.053206438037859172e-03 -2.187771205033796740e+00 -8.372935506615873935e-01 9.993759584364264939e-03 -5.462915297591848240e-01 -3.430551694119086648e+01
-5.357811976497645068e-01 2.407659214604744059e-03 8.438838475498990910e-01 8.315835248938796553e+01 9.251346893228620111e-03 9.999526307127857283e-01 3.022022334471541685e-03 -2.200892093039431785e+00 -8.438365459965286863e-01 9.428769701053876448e-03 -5.357781287150291671e-01 -3.480351393376867009e+01
-5.262991537750049131e-01 2.372706321768228415e-03 8.506787750639275281e-01 8.395495906639565931e+01 1.111358593647850633e-02 9.999299186350865121e-01 4.085225929311030527e-03 -2.207818270908878944e+00 -8.506095372251933906e-01 1.160019086739465764e-02 -5.262887267054796592e-01 -3.528146620275192902e+01
-5.129736002832711028e-01 4.140076405614887510e-03 8.581330217160404450e-01 8.477329875751313182e+01 1.427512986071131397e-02 9.998911729239636781e-01 3.713779797803786094e-03 -2.232899128282239687e+00 -8.580243421834995443e-01 1.415774192486562652e-02 -5.129769021504275717e-01 -3.576893387744128461e+01
