1.0 0.0 0.0 0.0 0.0 1.0 0.0 0.0 0.0 0.0 1.0 0.0
0.9999394 -0.011010388 -0.00019114622 0.22937012 0.011010289 0.99993926 -0.00050635607 -0.048706055 0.00019671081 0.0005042208 0.9999999 -0.020751953
0.9993786 0.035244714 0.00066103844 0.24768066 -0.03524759 0.9993662 0.0050044735 -0.036743164 -0.00048422394 -0.005024659 0.99998724 -0.001953125
0.9980077 0.06303437 0.0025515982 0.3894043 -0.063049816 0.9979888 0.0065065003 -0.053588867 -0.00213627 -0.006654428 0.99997556 -0.016357422
0.9953926 0.095759206 0.004802752 0.5596924 -0.0957852 0.9953865 0.0055097463 -0.06982422 -0.0042529893 -0.005944472 0.9999733 -0.0075683594
0.9912324 0.13194491 0.0066321483 0.7536621 -0.13196379 0.99124897 0.0024925969 -0.13049316 -0.0062451633 -0.0033460327 0.9999749 -0.014892578
0.9848873 0.17297906 0.00852713 0.9313965 -0.17298129 0.98492366 -0.00048072875 -0.15283203 -0.008481734 -0.0010017282 0.9999635 -0.0057373047
0.9762943 0.2161925 0.010849087 1.1634521 -0.21619226 0.9763539 -0.0012084944 -0.24023438 -0.010853729 -0.0011657411 0.9999404 -0.018798828
0.96502155 0.26178998 0.0133109735 1.376709 -0.2618031 0.96510947 -0.0007789115 -0.31152344 -0.013050488 -0.0027338713 0.99991107 -0.017089844
0.95027405 0.3107723 0.019953836 1.6141357 -0.31073898 0.95048225 -0.0048281 -0.4342041 -0.02046583 -0.0016135455 0.9997892 -0.027709961
0.93368435 0.35722193 0.025330048 1.8352051 -0.35697803 0.9340203 -0.013726251 -0.5386963 -0.02856195 0.0037742686 0.9995849 -0.01965332
0.9124991 0.40806353 0.028768778 2.064087 -0.40766996 0.91293705 -0.018695826 -0.696167 -0.03389205 0.005330788 0.9994112 -0.020141602
0.8877523 0.45919418 0.031123852 2.2827148 -0.45876163 0.8882897 -0.020274326 -0.8400879 -0.036958255 0.003720996 0.99931014 -0.032226562
0.8591648 0.5106887 0.03484212 2.5235596 -0.5102148 0.8598704 -0.022020258 -0.9831543 -0.041201387 0.0011456916 0.99915004 -0.045288086
0.82699573 0.5609784 0.03721754 2.739746 -0.56031954 0.8278315 -0.027240578 -1.2038574 -0.046084683 0.0016706847 0.99893576 -0.053588867
0.7906992 0.61126524 0.03688925 2.9656982 -0.6104176 0.791554 -0.03232028 -1.4036865 -0.048946146 0.0030370243 0.99879616 -0.0637207
0.75208205 0.6580412 0.03755827 3.1655273 -0.65693873 0.7530086 -0.038295023 -1.645874 -0.05347738 0.0041204635 0.9985599 -0.083618164
0.71218705 0.70104545 0.036809396 3.3588867 -0.69987285 0.7131306 -0.040660515 -1.9504395 -0.054749932 0.0031971652 0.9984949 -0.08605957
0.6651989 0.7458534 0.035506617 3.442505 -0.7446556 0.66614395 -0.042293023 -2.0870361 -0.055189587 0.0016938038 0.9984743 -0.099853516
0.6237964 0.7806439 0.039155718 3.6954346 -0.779425 0.6250162 -0.043722533 -2.4492188 -0.058602493 -0.0032510813 0.99827564 -0.12512207
0.56190854 0.82617635 0.040189378 3.62146 -0.8249615 0.5632925 -0.045437597 -2.4207764 -0.06017548 -0.0076258164 0.99815845 -0.13598633
0.53118324 0.8463889 0.04004584 3.96521 -0.8452603 0.5325971 -0.044839233 -2.9906006 -0.05926196 -0.010038661 0.99819094 -0.15258789
0.46561497 0.8840549 0.038992222 3.8153076 -0.88280934 0.4670928 -0.04839091 -3.0927734 -0.061006524 -0.011887141 0.99806726 -0.15930176
0.43740094 0.89836776 0.03998421 4.008423 -0.897196 0.43897533 -0.04819049 -3.3184814 -0.060850635 -0.0147963185 0.9980374 -0.17553711
0.3978775 0.9165569 0.03803177 4.0429688 -0.91550726 0.39936173 -0.046750035 -3.7750244 -0.05804886 -0.016222749 0.9981822 -0.20812988
0.35427362 0.93447715 0.03560953 4.3563232 -0.9334869 0.35565907 -0.046208434 -4.166382 -0.055835128 -0.01687076 0.99829704 -0.23352051
0.32959503 0.94360155 0.031062372 4.4438477 -0.94265676 0.33073515 -0.04466883 -4.7286377 -0.052411504 -0.014552528 0.9985193 -0.2611084
0.29708463 0.954433 0.027733583 4.645508 -0.9535997 0.29805213 -0.042220287 -5.188965 -0.048573937 -0.013906366 0.9987231 -0.28967285
0.27987564 0.9595248 0.026661942 4.806885 -0.9587247 0.28079674 -0.041577984 -5.8813477 -0.047398727 -0.013914055 0.9987798 -0.32043457
0.2554428 0.96638757 0.025384208 4.949341 -0.965547 0.25633824 -0.042547636 -6.293457 -0.04762508 -0.013645181 0.9987719 -0.34179688
0.24602255 0.96902984 0.024894694 5.1497803 -0.96814674 0.24691615 -0.043479092 -6.9727783 -0.048264 -0.013417942 0.9987437 -0.36914062
0.23005761 0.9730195 0.023795929 5.309326 -0.9721277 0.23091489 -0.043652818 -7.5147705 -0.047965508 -0.0131010255 0.9987627 -0.4078369
0.2022339 0.97906244 0.027347773 5.5544434 -0.9781516 0.20332298 -0.045710817 -7.8790283 -0.05029973 -0.01750918 0.99858016 -0.4144287
0.18408267 0.98252904 0.02512936 5.63562 -0.981643 0.18506256 -0.044828217 -8.468018 -0.048707865 -0.016403738 0.9986789 -0.46044922
0.16849679 0.9853835 0.027026033 5.8675537 -0.98429996 0.1696743 -0.049666055 -9.068359 -0.05351625 -0.018243069 0.9983998 -0.4777832
0.14952314 0.9885324 0.023558073 6.0108643 -0.98757744 0.15048465 -0.046397705 -9.673584 -0.049416624 -0.016335327 0.9986447 -0.52441406
0.14752983 0.98874044 0.025627695 6.1206055 -0.9877419 0.1486256 -0.048016686 -10.63562 -0.051285647 -0.018234625 0.99851733 -0.5526123
0.12464671 0.9918204 0.027246507 6.396118 -0.99058527 0.12596025 -0.053494833 -11.202026 -0.05649159 -0.020304766 0.998197 -0.59228516
0.11194568 0.9932721 0.028561514 6.421509 -0.99211717 0.11333591 -0.052879438 -11.954346 -0.05575692 -0.02241381 0.99819255 -0.6229248
0.090771325 0.99542344 0.028368242 6.569824 -0.99406093 0.09226871 -0.056930296 -12.68335 -0.05929561 -0.023018098 0.9979756 -0.6665039
0.084151275 0.9960092 0.029419256 6.6397705 -0.9943901 0.08583463 -0.061645593 -13.588379 -0.063944384 -0.02405889 0.99766445 -0.70544434
0.05949736 0.9978081 0.029729642 6.7019043 -0.9962177 0.06124986 -0.06199903 -14.272705 -0.063675985 -0.02592649 0.99763346 -0.73254395
0.051686175 0.9981912 0.030360196 6.7579346 -0.9966941 0.05346346 -0.06098702 -15.213379 -0.06252164 -0.027112225 0.99767613 -0.7747803
0.029454118 0.99913555 0.02982032 6.776367 -0.9977152 0.031208457 -0.060144547 -15.921753 -0.061027404 -0.028006257 0.9977429 -0.81140137
0.013544677 0.99943894 0.030812848 6.7921143 -0.998143 0.015347662 -0.059033584 -16.869385 -0.05947976 -0.029968955 0.99777967 -0.85668945
-0.016481053 0.9993249 0.032719538 6.7945557 -0.99824494 -0.014585381 -0.057336662 -17.59314 -0.056808993 -0.033616986 0.9978183 -0.8939209
-0.042939182 0.99844193 0.035112653 6.7539062 -0.99747163 -0.040862918 -0.057824217 -18.495117 -0.056292124 -0.0375265 0.9977084 -0.93408203
-0.07928657 0.99618715 0.037145216 6.7005615 -0.99533546 -0.07703542 -0.05854955 -19.338867 -0.05545738 -0.041614033 0.9975932 -0.9703369
-0.113049865 0.99294186 0.03517336 6.6032715 -0.9920769 -0.110872984 -0.058653317 -20.20166 -0.054352544 -0.04154757 0.99765754 -1.003418
-0.14723742 0.9885045 0.033816848 6.475586 -0.9877278 -0.1451603 -0.057323672 -21.0531 -0.05175398 -0.041850563 0.99778247 -1.0385742
-0.17899871 0.9832996 0.035134304 6.319458 -0.9826953 -0.17687522 -0.05635626 -21.906982 -0.049223028 -0.044609483 0.9977923 -1.0678711
-0.20888937 0.97720957 0.037295558 6.1447754 -0.9768949 -0.206771 -0.05374258 -22.75476 -0.044788536 -0.0476557 0.9978584 -1.1052246
-0.24363852 0.96938694 0.03427415 5.942505 -0.96923923 -0.24190591 -0.04797247 -23.608154 -0.038228072 -0.044884235 0.9982612 -1.1279297
-0.27289185 0.961648 0.029027998 5.685791 -0.96156424 -0.27162588 -0.041161165 -24.426392 -0.031679347 -0.039130162 0.9987313 -1.1503906
-0.3052032 0.9520202 0.023646004 5.4122314 -0.9519857 -0.3043525 -0.033821926 -25.25232 -0.024997372 -0.032809786 0.9991487 -1.1638184
-0.33109865 0.94345516 0.018482404 5.125366 -0.94340885 -0.3305253 -0.028433755 -26.058594 -0.02071782 -0.026853945 0.9994247 -1.1707764
-0.35813874 0.9335844 0.011554338 4.8031006 -0.933513 -0.35783994 -0.021930192 -26.858276 -0.016338533 -0.018640563 0.9996928 -1.1757812
-0.3851931 0.92303485 0.0085833585 4.465454 -0.92304975 -0.38509753 -0.010941088 -27.654663 -0.006798629 -0.012135912 0.99990326 -1.1750488
-0.40646985 0.9135369 0.010366388 4.1207275 -0.9135612 -0.40652707 0.004091276 -28.424316 0.007952217 -0.0078077996 0.99993783 -1.1624756
-0.4300603 0.902404 0.017164577 3.764038 -0.9022109 -0.430347 0.019908244 -29.170166 0.025364852 -0.0069194683 0.99965423 -1.1496582
-0.45453358 0.8901586 0.02588024 3.3760986 -0.88955647 -0.45520356 0.033641495 -29.924316 0.041717026 -0.0077295257 0.9990991 -1.1264648
-0.47819343 0.87773776 0.028487995 2.9888916 -0.87665963 -0.47902378 0.04367873 -30.665527 0.051996063 -0.0040793866 0.9986389 -1.0861816
-0.4991516 0.8656074 0.027525708 2.5687256 -0.86424017 -0.49990886 0.04863558 -31.385254 0.05586884 0.00050824136 0.998437 -1.0338135
-0.51906514 0.8540879 0.024252001 2.131958 -0.852772 -0.5196153 0.04755564 -32.1073 0.053227507 0.0040266644 0.9985736 -0.9851074
-0.5389879 0.84196347 0.019586906 1.6828613 -0.8408686 -0.53929853 0.043478724 -32.822266 0.047179352 0.006978389 0.99886197 -0.93322754
-0.5576917 0.8304796 0.009330435 1.2060547 -0.8296003 -0.5575635 0.041108377 -33.528076 0.039331544 0.015166482 0.9991113 -0.8835449
-0.5672672 0.82304573 0.0069049196 0.7315674 -0.8221679 -0.56701523 0.042163033 -34.222412 0.038613595 0.018258147 0.99908674 -0.8317871
-0.578269 0.8151218 0.006481162 0.24377441 -0.8141719 -0.57794636 0.04428978 -34.897583 0.039859075 0.020385323 0.9989968 -0.78601074
-0.5878977 0.80820936 0.0068325005 -0.23815918 -0.807129 -0.5875121 0.047391076 -35.54956 0.042326987 0.022360953 0.99885297 -0.7402344
-0.5972968 0.80236596 0.013509623 -0.71154785 -0.8011981 -0.59721047 0.046452668 -36.19922 0.045347054 0.016912295 0.9988288 -0.6998291
-0.6081989 0.7938722 0.014245678 -1.2022705 -0.7927715 -0.6081579 0.044710677 -36.839478 0.04414601 0.015886901 0.9988987 -0.65979004
-0.6150785 0.78834075 0.012530152 -1.6938477 -0.7871158 -0.6148881 0.048182372 -37.46118 0.045669056 0.01976516 0.9987605 -0.61950684
-0.62082237 0.78436697 0.011742764 -2.2092285 -0.78305846 -0.62054193 0.050380304 -38.112183 0.04679819 0.022034371 0.9986619 -0.5632324
-0.6209041 0.78337467 0.013049468 -2.7259521 -0.78190196 -0.62062174 0.053171717 -38.75049 0.049751498 0.022808047 0.9985004 -0.5239258
-0.62091035 0.7840879 0.014487736 -3.2648926 -0.7825379 -0.6206826 0.054061502 -39.436157 0.051374216 0.022187404 0.9984334 -0.4781494
-0.6195572 0.785142 0.010856129 -3.8173828 -0.78368735 -0.61915404 0.05385396 -40.137207 0.048987355 0.024839178 0.9984904 -0.4354248
-0.61134636 0.7910616 0.011662624 -4.3426514 -0.78963214 -0.6110211 0.05284931 -40.822754 0.04895416 0.023110166 0.9985339 -0.38708496
-0.60555005 0.796047 0.013227931 -4.8945312 -0.79473853 -0.60537946 0.04962931 -41.55774 0.04750122 0.019530812 0.99868035 -0.33911133
-0.59739244 0.8018482 0.01491832 -5.432495 -0.800486 -0.5973088 0.05004974 -42.28479 0.04904196 0.017962275 0.99863523 -0.2923584
-0.5930448 0.80551016 0.016289357 -5.987915 -0.8042587 -0.5930805 0.04730619 -43.05359 0.047748007 0.014935931 0.99874806 -0.23999023
-0.58762705 0.80896217 0.01934353 -6.5509033 -0.807774 -0.58784395 0.045163527 -43.82544 0.04791153 0.010926919 0.99879205 -0.18920898
-0.58609784 0.8093494 0.021468887 -7.098755 -0.8083054 -0.58644694 0.041714355 -44.614624 0.046344366 0.0071182754 0.9988991 -0.14294434
-0.584627 0.8115476 0.024535403 -7.6761475 -0.8105339 -0.5851291 0.040742833 -45.417603 0.047406305 0.0039046947 0.9988688 -0.08996582
-0.585974 0.8099039 0.023800563 -8.272949 -0.8090464 -0.5864513 0.037349433 -46.244873 0.044218127 0.0026364934 0.99901855 -0.038085938
-0.58601314 0.80947584 0.024145808 -8.8428955 -0.80852425 -0.58649904 0.039396267 -47.071167 0.04606372 0.00359028 0.9989316 0.014160156
-0.5859433 0.81039965 0.024322234 -9.453003 -0.8095985 -0.58644676 0.036054973 -47.9198 0.04348575 0.0014183067 0.9990538 0.06274414
-0.58455235 0.8110704 0.022816066 -10.058472 -0.8102631 -0.58499116 0.036279224 -48.762207 0.042771894 0.0027186822 0.9990812 0.12036133
-0.58310956 0.81207633 0.02303396 -10.653564 -0.81133765 -0.5835624 0.03466315 -49.611206 0.041588478 0.0015189566 0.9991337 0.17529297
-0.581666 0.81274736 0.024724947 -11.256592 -0.8120536 -0.58219033 0.033578612 -50.48645 0.041674536 -0.0005311873 0.99913037 0.22875977
-0.5830619 0.81263787 0.024778727 -11.838745 -0.8119776 -0.5835879 0.032771766 -51.344727 0.041079547 -0.0010313336 0.9991559 0.28430176
-0.58160603 0.8134803 0.026717026 -12.434448 -0.8129128 -0.5822065 0.030631829 -52.22046 0.040458117 -0.003915767 0.99917376 0.34521484
-0.57486653 0.818016 0.026770143 -13.063843 -0.81755996 -0.57545996 0.02793073 -53.07007 0.03823985 -0.0058369604 0.99925154 0.4029541
-0.57201916 0.82039076 0.023862999 -13.638794 -0.8200792 -0.5724835 0.023434121 -53.93042 0.032860257 -0.0061619617 0.9994408 0.45861816
-0.56674564 0.8237148 0.021780627 -14.2421875 -0.82337886 -0.5671471 0.023925204 -54.78186 0.032057613 -0.004371971 0.9994764 0.50354004
-0.565339 0.82427377 0.021380814 -14.839966 -0.82393926 -0.56572795 0.023840107 -55.657593 0.031749927 -0.0041303285 0.9994871 0.54833984
-0.56392795 0.82615983 0.021476094 -15.428101 -0.8258354 -0.5643195 0.023574341 -56.54004 0.031586777 -0.0044572838 0.99949145 0.5996094
-0.5586382 0.82850367 0.021634264 -16.023315 -0.8282115 -0.55903167 0.022617664 -57.418457 0.030844077 -0.0052651116 0.99950993 0.65075684
-0.5586445 0.8286604 0.022768348 -16.561401 -0.82833284 -0.55908126 0.023930235 -58.240967 0.032575052 -0.005475096 0.999454 0.69555664
-0.56108856 0.82723945 0.025852703 -17.182861 -0.8269602 -0.5616206 0.023088744 -59.141235 0.033612505 -0.008428823 0.9993993 0.7503662
-0.5653199 0.82482994 0.02861129 -17.761108 -0.8244857 -0.5659696 0.025536846 -59.97827 0.03723867 -0.00916391 0.99926454 0.8092041
-0.5706017 0.8210492 0.02646694 -18.347656 -0.8207472 -0.57115656 0.023725338 -60.835327 0.034580935 -0.008192889 0.9993683 0.84680176
-0.57483405 0.8176059 0.021487588 -18.940552 -0.81732935 -0.57521355 0.021844339 -61.6532 0.030228544 -0.0049948427 0.99953026 0.9025879
-0.5801082 0.8145648 0.024352696 -19.505371 -0.81434846 -0.5805642 0.020410642 -62.47937 0.03074445 -0.007999788 0.9994953 0.9506836
-0.5857499 0.8104362 0.024052516 -20.097412 -0.81020486 -0.58619773 0.020711202 -63.350586 0.030887183 -0.007361765 0.999496 0.9986572
-0.58717495 0.8086831 0.025979752 -20.677368 -0.8083661 -0.587707 0.023717973 -64.13843 0.03447229 -0.007080397 0.9993807 1.0467529
-0.59529513 0.80330604 0.028639724 -21.270752 -0.80299085 -0.5959209 0.024102923 -64.94409 0.036416277 -0.008651124 0.9992993 1.0979004
-0.5966933 0.80126035 0.028956965 -21.8833 -0.8010055 -0.59731483 0.022452367 -65.76367 0.035309393 -0.009791954 0.9993282 1.1433105
-0.59918684 0.8002433 0.028337628 -22.452026 -0.7999797 -0.599786 0.022506874 -66.552 0.034987163 -0.009190524 0.9993453 1.1915283
-0.6019836 0.79874027 0.02238721 -23.08667 -0.7986956 -0.60231686 0.013096201 -67.355225 0.02393976 -0.010011584 0.9996636 1.237915
-0.60340333 0.797255 0.016210834 -23.660645 -0.7973255 -0.60351986 0.0031054989 -68.14502 0.012261061 -0.011049595 0.9998637 1.2884521
-0.60481113 0.7958525 0.014698688 -24.26587 -0.7959041 -0.60491234 0.003353605 -68.921875 0.011564838 -0.009667728 0.99988633 1.3153076
-0.60621643 0.7949494 0.017615873 -24.838257 -0.79495096 -0.6064088 0.008620961 -69.708496 0.01754589 -0.008778833 0.9998075 1.3461914
-0.61013174 0.7927765 0.020471286 -25.448975 -0.7926974 -0.6104245 0.013696717 -70.479126 0.023345465 -0.007882222 0.9996968 1.3775635
-0.6076688 0.794189 0.018421484 -26.030273 -0.7939625 -0.60794085 0.019192029 -71.24097 0.026444688 -0.0029689576 0.99964607 1.4182129
-0.606275 0.79529554 0.015135309 -26.645508 -0.79505473 -0.60646397 0.019566711 -72.017334 0.024743298 -0.00017440226 0.999694 1.4692383
-0.6062551 0.79441863 0.014319144 -27.221924 -0.7942399 -0.6064229 0.016889753 -72.78662 0.022109607 -0.0011245431 0.99975485 1.5023193
-0.6062295 0.79520375 0.012591703 -27.801636 -0.7951192 -0.6063538 0.011922869 -73.54773 0.017124742 -0.0027849413 0.9998496 1.5288086
-0.60480523 0.79665905 0.009937742 -28.375854 -0.79666775 -0.6048621 0.0040310184 -74.324585 0.0092201345 -0.0054843603 0.99994254 1.5516357
-0.60486656 0.79575247 0.017076995 -28.939697 -0.79590285 -0.6048969 -0.003909938 -75.08215 0.0072224587 -0.01596211 0.99984664 1.5828857
-0.6035684 0.7974519 0.021994125 -29.500244 -0.7977374 -0.60351 -0.009940286 -75.86182 0.0053372793 -0.023548469 0.9997086 1.5944824
-0.6035349 0.7975085 0.01989439 -30.083496 -0.7977416 -0.60348946 -0.0088770045 -76.63013 0.0049273074 -0.02123186 0.9997626 1.6152344
-0.60064197 0.79961056 0.01754627 -30.653687 -0.7997735 -0.6006638 -0.00458319 -77.38745 0.006869209 -0.016789762 0.9998356 1.6375732
-0.59389365 0.8042014 0.01823751 -31.23767 -0.80435145 -0.5939684 -0.001593003 -78.166016 0.009557992 -0.015617529 0.9998324 1.6486816
-0.5843296 0.8106902 0.014033315 -31.794922 -0.8107652 -0.5843938 0.0005980171 -78.930664 0.008695158 -0.0110322125 0.9999013 1.6679688
-0.5786744 0.81535745 0.007947201 -32.34082 -0.81535476 -0.5787156 0.0044483077 -79.691895 0.008222876 -0.0039020404 0.9999586 1.6938477
-0.5677473 0.8230428 0.008982204 -32.888184 -0.8230569 -0.56778985 0.0030231737 -80.47534 0.007584246 -0.0056739356 0.9999552 1.7208252
-0.5586025 0.82892764 0.01077883 -33.39807 -0.8289756 -0.55863535 5.0124712e-05 -81.251465 0.006069179 -0.00890787 0.9999419 1.7275391
-0.5463111 0.837313 0.006776113 -33.92334 -0.8373405 -0.5462954 -0.0041285055 -82.04712 0.00024521234 -0.007928584 0.9999685 1.748169
-0.53579426 0.84384716 0.0073247394 -34.426147 -0.84387904 -0.5357756 -0.0044715344 -82.83667 0.000154336 -0.008578805 0.99996316 1.7581787
-0.52632624 0.85064983 0.0051464466 -34.908813 -0.8506648 -0.5263089 -0.0043821717 -83.63013 -0.0010215985 -0.0066822926 0.9999772 1.762207
-0.51302916 0.858106 0.0025656996 -35.40222 -0.8581095 -0.51302385 -0.0024546073 -84.44507 -0.00079065433 -0.0034624008 0.9999937 1.7838135
-0.5025696 0.8647144 0.004719951 -35.86621 -0.864719 -0.5025813 0.0016398644 -85.24902 0.0037915746 -0.0032573785 0.9999875 1.7930908
-0.49075896 0.87091494 0.006731252 -36.31909 -0.8708466 -0.49080482 0.0109168235 -86.05481 0.012813488 -0.00049651787 0.99991775 1.8037109
-0.47757122 0.87851244 0.008674122 -36.76306 -0.8784051 -0.4776487 0.013768827 -86.86499 0.016235488 -0.0010396936 0.9998676 1.8283691
-0.4671848 0.88464737 0.009223028 -37.18567 -0.8845529 -0.4672714 0.013087821 -87.6853 0.015880456 -0.002052417 0.9998718 1.8411865
-0.45443514 0.8903958 0.0067518624 -37.612305 -0.89032876 -0.4544841 0.010974746 -88.51587 0.012842702 -0.0010168776 0.999917 1.869873
-0.44409513 0.89543444 0.010516353 -38.012817 -0.8953983 -0.44418943 0.00956215 -89.3457 0.013240865 -0.0051673357 0.99989897 1.890625
-0.4403263 0.8977056 0.017834365 -38.39746 -0.8976654 -0.4405703 0.013262469 -90.173096 0.019771589 -0.010171911 0.9997528 1.9161377
-0.43141654 0.9016228 0.026254043 -38.792114 -0.9016096 -0.43190685 0.017045446 -91.0188 0.026732177 -0.01632882 0.9995096 1.9454346
-0.42766258 0.9034602 0.032240134 -39.180054 -0.9035072 -0.42836094 0.018930681 -91.86621 0.030944753 -0.021055829 0.99930006 1.979248
-0.42489505 0.9043846 0.03377126 -39.555054 -0.904473 -0.42563546 0.018711727 -92.7124 0.031307265 -0.022587292 0.9992543 2.0212402
-0.41740596 0.90805185 0.035896674 -39.936768 -0.9082086 -0.41820467 0.018375646 -93.56824 0.031712122 -0.02494371 0.99918616 2.0670166
-0.4146845 0.90928185 0.037999548 -40.311157 -0.90967494 -0.4153786 0.012321943 -94.42786 0.02696638 -0.029443037 0.9992023 2.1003418
-0.4065292 0.9133141 0.033887967 -40.67737 -0.913683 -0.40701818 0.008765154 -95.2699 0.021780517 -0.027404943 0.9993874 2.1259766
-0.40052864 0.91524345 0.037497576 -41.048584 -0.91581154 -0.4009601 0.004456392 -96.12109 0.019127501 -0.03255527 0.9992868 2.1672363
-0.39615098 0.917053 0.04055493 -41.393433 -0.91773355 -0.39662892 0.004156763 -96.96631 0.01991128 -0.03557826 0.9991684 2.1881104
-0.38813248 0.9201308 0.050264414 -41.730225 -0.92119116 -0.3888419 0.004794727 -97.79614 0.023967402 -0.044441618 0.9987242 2.2103271
-0.38233697 0.92267823 0.052463416 -42.078613 -0.92377365 -0.38321602 0.0074725547 -98.63306 0.026982393 -0.04558099 0.99859565 2.2386475
-0.37481818 0.92585766 0.04855702 -42.423584 -0.926678 -0.37575677 0.011561669 -99.47217 0.02894746 -0.04066059 0.99875355 2.2854004
-0.36449015 0.92991644 0.048664283 -42.75171 -0.9308628 -0.36524826 0.007401049 -100.329834 0.024664627 -0.04261059 0.9987875 2.319336
-0.35949317 0.9319806 0.049115166 -43.0708 -0.9330155 -0.36013487 0.0046065976 -101.16052 0.021980751 -0.044177327 0.99878234 2.3521729
-0.3499011 0.9352603 0.04911405 -43.380127 -0.9363728 -0.3503721 0.001042092 -102.03833 0.01820653 -0.045642786 0.99879193 2.3891602
-0.34254968 0.9380656 0.051073194 -43.697876 -0.93923485 -0.34314096 0.0030217792 -102.89734 0.020373382 -0.046953328 0.9986897 2.4140625
-0.3351886 0.9403957 0.05333865 -43.996216 -0.94160265 -0.3359821 0.006386719 -103.76074 0.023958907 -0.048075955 0.9985555 2.4447021
-0.327216 0.9432608 0.053880177 -44.289185 -0.9445076 -0.32799688 0.006089782 -104.61853 0.023423858 -0.048892632 0.9985289 2.467163
-0.3213083 0.9454062 0.05437375 -44.57019 -0.946701 -0.32205415 0.0053171273 -105.47888 0.022550624 -0.04978212 0.9985059 2.4943848
-0.31188416 0.94907755 0.0477731 -44.863647 -0.95005476 -0.31250802 0.006011419 -106.345825 0.0206198 -0.043493036 0.9988406 2.5041504
-0.30294225 0.95194465 0.04268864 -45.150635 -0.9526916 -0.303511 0.007368897 -107.18494 0.01998493 -0.03842479 0.99906117 2.529541
-0.2963607 0.9541236 0.041383673 -45.427246 -0.95482314 -0.29690292 0.007481918 -108.08435 0.019444467 -0.037300233 0.9991149 2.5563965
-0.28856498 0.9564837 0.047405966 -45.67212 -0.9574661 -0.28914347 0.005700151 -108.93384 0.019133566 -0.043742456 0.99885994 2.584961
-0.28058386 0.9582567 0.05135276 -45.925903 -0.95948744 -0.28106785 0.0022997465 -109.82898 0.016654572 -0.04863416 0.99867755 2.6187744
-0.2746724 0.96032506 0.0476541 -46.17749 -0.961382 -0.27509916 0.0025068386 -110.73535 0.015535796 -0.045138545 0.99886 2.6398926
-0.27109218 0.9612985 0.04779493 -46.428833 -0.96236867 -0.2714995 0.0021302442 -111.60315 0.015017928 -0.045428693 0.9988549 2.6732178
-0.2638414 0.9633066 0.046590127 -46.679565 -0.9642772 -0.26435757 0.005172404 -112.49548 0.01730578 -0.04356598 0.99890053 2.6948242
-0.25949982 0.96505487 0.039128754 -46.930664 -0.96573603 -0.2598722 0.0046692044 -113.353516 0.014663194 -0.036566883 0.9992236 2.708496
-0.2536056 0.9669394 0.03005228 -47.184937 -0.96734023 -0.25382933 0.003818955 -114.2207 0.011319628 -0.028103676 0.999541 2.7215576
-0.2520527 0.96725553 0.028704857 -47.411133 -0.967637 -0.25221434 0.0020988884 -115.102295 0.009271271 -0.027253669 0.9995856 2.7384033
-0.24648441 0.968723 0.029476235 -47.634766 -0.96912485 -0.24665596 0.0022710445 -115.96838 0.009472255 -0.027999105 0.9995629 2.7451172
-0.24202526 0.9697326 0.03136635 -47.848755 -0.9701644 -0.24228334 0.0046433574 -116.84558 0.012111606 -0.029315375 0.9994968 2.7564697
-0.24271117 0.9694052 0.0332849 -48.058105 -0.9698939 -0.24299611 0.0047271755 -117.71289 0.012690715 -0.03113833 0.9994343 2.7712402
-0.23918283 0.9702851 0.033869196 -48.273804 -0.9708118 -0.23942353 0.0031716481 -118.58667 0.0112014515 -0.032127827 0.9994209 2.7879639
-0.24075507 0.9702317 0.029293502 -48.48633 -0.9706587 -0.24080864 -0.0017403471 -119.458984 0.0053563486 -0.028840194 0.99956954 2.8011475
-0.23640871 0.9710886 0.02855352 -48.69165 -0.97150826 -0.23628381 -0.007721383 -120.323975 -0.00073928013 -0.02957782 0.9995621 2.81958
-0.2364316 0.9712806 0.02777839 -48.90027 -0.971674 -0.23625457 -0.009530056 -121.19934 -0.0026964014 -0.029254725 0.99956846 2.8267822
-0.23638296 0.97120374 0.028893381 -49.107056 -0.9716331 -0.2363075 -0.0060413387 -122.04675 0.000957082 -0.029512526 0.99956405 2.8345947
-0.23344398 0.97176325 0.029807167 -49.309326 -0.97220737 -0.23349023 -0.001971573 -122.8999 0.005054876 -0.029448897 0.9995534 2.8518066
-0.23349738 0.9718823 0.031530235 -49.511963 -0.97238684 -0.23349501 -0.003802092 -123.756714 0.0036638605 -0.031558033 0.9994953 2.8604736
-0.2350706 0.9715995 0.03251545 -49.70874 -0.9721373 -0.23505354 -0.0043907836 -124.61182 0.0033514888 -0.03262866 0.999462 2.871704
-0.23210227 0.9724422 0.027768066 -49.91992 -0.9728323 -0.23210922 -0.0030135498 -125.44592 0.003507424 -0.027715757 0.99960977 2.8811035
-0.23495138 0.9717714 0.027475648 -50.114258 -0.97214437 -0.23501277 -0.0010108408 -126.29407 0.005459743 -0.026944084 0.99962205 2.8945312
-0.23222022 0.97195786 0.03812222 -50.304077 -0.9726776 -0.23232889 -0.0016140365 -127.14612 0.0072752377 -0.03743977 0.99927217 2.9050293
-0.23354496 0.9713883 0.04264132 -50.494263 -0.9722466 -0.2338555 0.0023745084 -127.99805 0.012285682 -0.040913377 0.9990873 2.918579
-0.23417926 0.97119766 0.041835085 -50.684692 -0.9720098 -0.23452362 0.0034460865 -128.83142 0.013176012 -0.039871033 0.9991179 2.9294434
-0.23566653 0.97108823 0.03909176 -50.89038 -0.97177434 -0.23603046 0.004904938 -129.69958 0.013994383 -0.03683836 0.99922335 2.963379
-0.23277739 0.9716367 0.041149963 -51.069824 -0.97236985 -0.23324859 0.006982767 -130.48462 0.016383331 -0.038394738 0.9991284 2.9707031
-0.23116398 0.9722411 0.03508553 -51.276245 -0.97276235 -0.23153414 0.0068225935 -131.35303 0.014767394 -0.03256116 0.99936074 2.9918213
-0.22841983 0.973298 0.02455616 -51.46997 -0.9735394 -0.22862995 0.0060891644 -132.16162 0.011531249 -0.022510413 0.99968004 3.0175781
-0.22756316 0.97349447 0.020300388 -51.668213 -0.97369415 -0.22761431 0.00021666521 -132.99182 0.004835099 -0.019722214 0.99979377 3.0361328
-0.22330403 0.9747555 0.015565209 -51.853027 -0.9748548 -0.22338437 0.0036077788 -133.807 0.006988231 -0.0143677555 0.9998724 3.0495605
-0.21889758 0.97553575 0.01720619 -52.02527 -0.9756558 -0.21899872 0.004203833 -134.6261 0.007875118 -0.015871085 0.99984306 3.081543
-0.21182428 0.97714055 0.017167933 -52.209473 -0.9772262 -0.21198046 0.007829306 -135.44922 0.011286269 -0.015119426 0.999822 3.093628
-0.20324373 0.9789799 0.014567474 -52.385376 -0.97896034 -0.20343518 0.013147437 -136.28613 0.015832057 -0.011587612 0.9998074 3.0842285
-0.19470504 0.98074335 0.013850477 -52.54016 -0.9807967 -0.19481122 0.006776007 -137.05835 0.009339313 -0.012261091 0.9998811 3.1115723
-0.18401015 0.98284084 0.006713072 -52.679565 -0.9828606 -0.1840228 0.0013123159 -137.82397 0.0025251238 -0.0063562933 0.9999766 3.1397705
-0.16987811 0.9854651 0.0041254438 -52.828613 -0.98547256 -0.16988276 0.00078177714 -138.68433 0.0014713757 -0.0039309403 0.9999912 3.1704102
-0.15562928 0.98776454 0.0043705823 -52.93628 -0.98776764 -0.15564284 0.002966848 -139.36816 0.0036107383 -0.003854869 0.999986 3.177002
-0.14100254 0.99006283 -0.0009946781 -53.050537 -0.99005806 -0.14099847 0.0034225835 -140.1831 0.0032481467 0.0014660554 0.9999936 3.1971436
-0.12760735 0.9917943 -0.00481314 -53.144287 -0.9917709 -0.1275605 0.0090299705 -140.92639 0.0083422065 0.005927826 0.9999476 3.2053223
-0.11375296 0.9935511 0.00024773902 -53.236084 -0.9934981 -0.1137495 0.01030469 -141.79004 0.010264726 0.00092254905 0.99994683 3.232788
-0.10193085 0.9947866 0.009360669 -53.27954 -0.99460816 -0.1021025 0.020185756 -142.47754 0.02103674 -0.007258692 0.99975246 3.2458496
-0.08741128 0.9960462 0.018734716 -53.33838 -0.99581957 -0.08789503 0.026790153 -143.28015 0.02831807 -0.016314398 0.99946576 3.2722168
