1.000000000000000000e+00 -3.306050084167601550e-19 -2.270457535318767223e-19 -8.673617379884035472e-19 7.546676715296109287e-19 1.000000000000000000e+00 6.237773588823049983e-19 1.387778780781445676e-17 -3.447385680526250622e-20 4.770700176052009879e-20 1.000000000000000222e+00 5.551115123125782702e-17
-9.965125105619596635e-01 -3.408752068525580659e-02 5.768893530224897953e-02 -6.531198464054446262e+00 -3.484059521110404595e-02 9.993219648882272210e-01 -1.188732660816572972e-02 -5.389059828932336871e-02 -5.724432880686238651e-02 -1.386755617045862601e-02 -9.970245255275920204e-01 9.512587050190344229e+00
-9.625373354211527177e-01 -2.775692676579526869e-02 2.701983534553435984e-01 -2.072769049103365124e-01 -3.310208590971620846e-02 9.993345229296760612e-01 -1.531628189544181028e-02 -5.576351753467047312e-02 -2.695936617283335446e-01 -2.368150634130746293e-02 -9.628154255761501856e-01 7.137403301185254456e-01
-7.592076303029937634e-01 -2.146536646256264752e-02 6.501296508288701981e-01 6.823084918173222491e+00 -2.232813996118416036e-02 9.997267730957651866e-01 6.917664429323336882e-03 -6.350357133447165348e-02 -6.501006297153469893e-01 -9.257680836557721435e-03 -7.594794995051128428e-01 -5.339336650531601336e+00
-1.000030894173229656e+00 -2.514263660635962516e-02 -1.389787871917494769e-03 1.433397256392007613e+01 -2.514031411994972764e-02 9.996837285917288263e-01 -6.976738495602423590e-04 2.129285309224174250e-02 1.406847960407782514e-03 -6.594948488847833740e-04 -1.000346572879040163e+00 -7.345979572188172213e+00
-9.543199838836795568e-01 -2.749066805976458847e-02 -2.984439728861623120e-01 1.819415980441335989e+01 -2.864168160913467195e-02 9.995891127293580203e-01 -3.808362612138275973e-04 1.600180264233770078e-01 2.983318787725905974e-01 8.185032759515528666e-03 -9.547153087124693460e-01 -1.333202666932065661e+01
-9.911179206690432508e-01 -1.227767927647642650e-02 -1.350129811742284414e-01 1.995392631569520248e+01 -1.520641389124433723e-02 9.996698728250962285e-01 2.071178530120396794e-02 1.861797297723444822e-01 1.347142024414525185e-01 2.257382697596391208e-02 -9.909775226440290519e-01 -2.013247826291796727e+01
-8.498168720307376356e-01 -7.691737627395590048e-03 -5.266743026075584311e-01 2.279432826585752281e+01 -1.849853371896300475e-02 9.997124322796888674e-01 1.524900296930297057e-02 2.903373382532632996e-01 5.264054302094124393e-01 2.270778929952244757e-02 -8.497148270450634033e-01 -2.705283098662196650e+01
-8.208103385883638303e-01 1.281980759092503017e-02 -5.717952093295589622e-01 2.190698757777332517e+01 -1.543197334670215817e-02 9.988882597350408066e-01 4.453845698580286006e-02 6.602856441794119347e-01 5.717308132295547685e-01 4.537823260442851864e-02 -8.197004644816380248e-01 -3.450351952114385057e+01
-8.018044468455164386e-01 1.288452645281070591e-02 -5.972137668436409141e-01 2.107622112638558320e+01 -1.634701264256821149e-02 9.989205080780995116e-01 4.349010438936402878e-02 6.702805883406832699e-01 5.971290661860370053e-01 4.462524841889151800e-02 -8.007282457571194279e-01 -4.191195414357170534e+01
-9.517500851152638219e-01 5.494994876563751018e-02 -3.033494891924909398e-01 2.060604301655596160e+01 9.672965640566692780e-02 9.875006899226246304e-01 -1.244611462103063643e-01 1.036784229736667173e+00 2.927200681881576561e-01 -1.477509102795466212e-01 -9.451734792580446243e-01 -4.935291947236919441e+01
-8.655969589585406077e-01 7.908403739039700231e-02 -4.954645501456197976e-01 2.262626901901505860e+01 8.176826992039853970e-02 9.965192013232960777e-01 1.633844863329753788e-02 2.218771776875648472e-02 4.950317473771487231e-01 -2.637818968973045311e-02 -8.690507852648409193e-01 -5.668286599215402788e+01
-8.369709927787730708e-01 5.140091952830302957e-02 -5.451199726365838494e-01 2.257865092772754068e+01 5.511997561559842107e-02 9.984340921655318057e-01 9.501900683596336411e-03 1.967103851742462162e-01 5.447546237086700049e-01 -2.210680921003975105e-02 -8.384936627412512555e-01 -6.361148261359292633e+01
-7.299660735183898241e-01 7.246723533719311161e-02 -6.791329843974633906e-01 2.256510830824718283e+01 3.222156147975650808e-02 9.969027194003400316e-01 7.174201336109195526e-02 1.199146392058243027e+00 6.822293693786901647e-01 3.050352499026864200e-02 -7.300391057894822788e-01 -7.020339012872470619e+01
-7.003934387748491641e-01 6.518725160685967523e-02 -7.102224354919692839e-01 2.218068513372137929e+01 -1.703312726302602317e-02 9.939984314026197865e-01 1.080471157605610855e-01 2.102278951752250880e+00 7.130052166664907487e-01 8.782432609472300145e-02 -6.950758922096798020e-01 -7.670415253004649969e+01
-7.361470701739680766e-01 9.124534949084872615e-02 -6.704566625920068690e-01 2.175709125927800613e+01 1.701634157505631034e-04 9.908912229716837494e-01 1.346450785538291783e-01 2.931159404202245078e+00 6.766373020654181669e-01 9.904649937456172504e-02 -7.294558689727952405e-01 -8.346771885219757792e+01
-6.348571394729628503e-01 1.148925623540266311e-01 -7.633691146706604869e-01 2.129082478673925038e+01 -3.609062873667855803e-02 9.833510085344772111e-01 1.780733174374072580e-01 3.642410172152358960e+00 7.711264439894541800e-01 1.407052955533170668e-01 -6.201256463480439018e-01 -9.022211456144256658e+01
-5.296071367549748388e-01 9.289911916198814734e-02 -8.433069895383411563e-01 1.968917152778017865e+01 -7.288748820092408320e-02 9.853256627770763387e-01 1.543218549789239780e-01 4.601116532810746840e+00 8.452720889928257986e-01 1.432110567484844166e-01 -5.150650826856146836e-01 -9.693024624904042241e+01
-9.655524541443646913e-02 1.488071748492641178e-01 -9.841794053465058312e-01 1.724655723695457965e+01 -8.694712510115268356e-02 9.837275241027376715e-01 1.572510028147747485e-01 5.498679133369874350e+00 9.915593792712001919e-01 1.007151675245527428e-01 -8.205235444103624320e-02 -1.033790022362501873e+02
-1.513502619824097783e-01 1.258939299739934292e-01 -9.804867943164116140e-01 1.257714140642084466e+01 -9.918521383669194613e-02 9.849250351557243821e-01 1.417381000750999320e-01 6.665253481923949508e+00 9.835470460289321704e-01 1.186717820041923860e-01 -1.365891111898245025e-01 -1.081269829764162296e+02
-1.610317836004833969e-01 1.647379511947411890e-01 -9.731263028040387786e-01 8.562943111521068573e+00 -8.832776340872000587e-02 9.796178738884596671e-01 1.804760475405672859e-01 7.760339574774296700e+00 9.830094965935288753e-01 1.149238026191043149e-01 -1.432061434600876426e-01 -1.136260184787867189e+02
-2.871876400703241017e-01 1.544919333934878791e-01 -9.455422738895744583e-01 4.394643444424201739e+00 -8.090236480023402232e-02 9.794839523269146531e-01 1.845907123717349940e-01 8.945481789974527587e+00 9.546571382517518023e-01 1.294493559675410632e-01 -2.688073376853624685e-01 -1.192788245883786118e+02
-1.873181503247812740e-01 1.826562727008396170e-01 -9.652510304979901035e-01 1.293617132458815711e+00 -9.641696176946988606e-02 9.744015520703023236e-01 2.031465751933771990e-01 1.019790269163222263e+01 9.776380739504938466e-01 1.310387010106915939e-01 -1.649160379826655753e-01 -1.253359488131450803e+02
-8.592560816547115121e-02 1.847887959077630649e-01 -9.790630266613968846e-01 -2.439118450633193547e+00 -1.138578860662824016e-01 9.743956304134724355e-01 1.939106495017542675e-01 1.147937057969921959e+01 9.898212302344666647e-01 1.280914155860459758e-01 -6.269112812158596226e-02 -1.312698168361250737e+02
-4.033245949685319576e-01 2.057076434133196796e-01 -8.919034069710189971e-01 -7.037032687449477741e+00 -5.193111879069327308e-02 9.677028776000679011e-01 2.467193495030244321e-01 1.316360562582540972e+01 9.138445639127694697e-01 1.457460233628295188e-01 -3.796243282209829095e-01 -1.366902801657884368e+02
-3.784893807494822404e-01 1.964237297583523445e-01 -9.045616397411391230e-01 -1.001207298059474304e+01 -5.303818756795046496e-02 9.710077518169785149e-01 2.331206694664302304e-01 1.440150410493993505e+01 9.241256097874687159e-01 1.361765601001664328e-01 -3.570932862381658301e-01 -1.438231269104976775e+02
-1.745516313498534366e-01 2.120533407651084556e-01 -9.614732242394847805e-01 -1.265688826072845430e+01 -9.718396450094594907e-02 9.680431365462256466e-01 2.310864741547884460e-01 1.608551663292881884e+01 9.797748190421864400e-01 1.339175647916278633e-01 -1.483544186857138625e-01 -1.507564609461288399e+02
-7.841382667155014086e-02 2.134806774404282015e-01 -9.737738771462468579e-01 -1.701975923763099985e+01 -1.109271167421979620e-01 9.688710975325361963e-01 2.213192989199890270e-01 1.766956432140317901e+01 9.907081626467364455e-01 1.253762847444830908e-01 -5.229425263436247168e-02 -1.571414871383957177e+02
-2.240689551526519122e-02 2.178885510494940891e-01 -9.757213187008241251e-01 -2.142842245390610856e+01 -1.075333258701338668e-01 9.697838911010656648e-01 2.190108061976596687e-01 1.952717118894397785e+01 9.939506470541472627e-01 1.097929606605872882e-01 1.691016363038454814e-03 -1.624230964413589504e+02
1.281777303694838291e-02 2.357732075329298238e-01 -9.717246894051418948e-01 -2.619649515315660793e+01 -1.275028161894956880e-01 9.642772058252998546e-01 2.322186905958037173e-01 2.121685893199135364e+01 9.917498423344098812e-01 1.208696006747883855e-01 4.240009298101830165e-02 -1.674806023239137573e+02
-8.556668706935577351e-02 2.542637354672719341e-01 -9.633696389315598019e-01 -3.119467564868813270e+01 -1.050665403659088587e-01 9.592018154484381887e-01 2.625363207015299905e-01 2.312031520975628140e+01 9.908018554415042312e-01 1.236031371064429119e-01 -5.536771962068050279e-02 -1.720616965437513954e+02
-8.105359951342809566e-02 2.714764810412649831e-01 -9.590095031679547466e-01 -3.554457302289407039e+01 -9.827286552094248451e-02 9.553317285496275568e-01 2.786569616110896042e-01 2.504372179576166957e+01 9.918345438779063716e-01 1.168918057131822785e-01 -5.075871660805875846e-02 -1.771902033562283805e+02
-2.421183750909454147e-01 2.857569911559513787e-01 -9.273154299287588165e-01 -3.977230043709523954e+01 -5.408821564256346276e-02 9.502317929460029067e-01 3.067669719343688595e-01 2.698488557621095296e+01 9.688152819309372443e-01 1.244099162125204272e-01 -2.146478750617834830e-01 -1.825326977310780308e+02
-3.681185598635547396e-01 3.070582189951753804e-01 -8.775832701471151243e-01 -4.243259966220237800e+01 -1.412602298803954451e-02 9.419375849468861750e-01 3.354998555884927680e-01 2.874849197886756613e+01 9.296424552032960253e-01 1.358891987177662519e-01 -3.424069123704713835e-01 -1.880452486943904375e+02
-5.112249554946798336e-01 3.018838140241659196e-01 -8.046468081490890656e-01 -4.472340652291702412e+01 3.509556356090564461e-02 9.428174300340825820e-01 3.314084246867339267e-01 3.016525160318493093e+01 8.587044464247697295e-01 1.412823183978769714e-01 -4.925797086550032788e-01 -1.938415663988868687e+02
-5.727104448038577988e-01 3.121217721723805738e-01 -7.581837572733324260e-01 -4.584376237653482633e+01 5.701664146207133937e-02 9.376399724083616105e-01 3.430050266856815022e-01 3.142911947640032722e+01 8.179184474768278479e-01 1.530028655476171062e-01 -5.548060243963434113e-01 -1.993624666617187984e+02
-6.703142406374472673e-01 3.264484753123857996e-01 -6.665008073297130631e-01 -4.631319725667096066e+01 9.710922761644856516e-02 9.288964840026793235e-01 3.574400995727007313e-01 3.269238217261956692e+01 7.357891447324379497e-01 1.747987920759895841e-01 -6.543506473721901751e-01 -2.044551427553847986e+02
-7.239617265728167661e-01 3.208140778737958998e-01 -6.104212917850067033e-01 -4.642463710445400693e+01 1.278044175445759434e-01 9.322955061815211275e-01 3.383435845706893597e-01 3.346556317050563223e+01 6.776487778619584290e-01 1.669948641028694836e-01 -7.159390342588204392e-01 -2.098701925403643713e+02
-7.375146398006167114e-01 3.292606521365892269e-01 -5.895672542254181137e-01 -4.544169599788333613e+01 1.421589920466964641e-01 9.292029869457019142e-01 3.411184808838221283e-01 3.403156632468987652e+01 6.601570733478872022e-01 1.678175273165894710e-01 -7.321040513954207851e-01 -2.144117464954468062e+02
-8.206154506715733765e-01 3.384445737566043055e-01 -4.599938579223206148e-01 -4.425328785946608434e+01 1.878501795960617893e-01 9.207248396865148621e-01 3.419383252517397831e-01 3.453181255209965173e+01 5.392550299296968719e-01 1.942776332957963370e-01 -8.191351797063173290e-01 -2.179771308180675646e+02
-8.896329279637316123e-01 3.348722720548560350e-01 -3.102128918040267247e-01 -4.289666269055060610e+01 2.462800344744751624e-01 9.242860780011803445e-01 2.915818722218416204e-01 3.451343605663598169e+01 3.844040798500245049e-01 1.831504719023328287e-01 -9.047414888893774432e-01 -2.217449408370608808e+02
-9.187374535794875507e-01 3.311165987909694963e-01 -2.130585885809153923e-01 -4.080612182801355914e+01 2.703723652973446523e-01 9.240146063644235630e-01 2.704188942232194637e-01 3.439599822757889314e+01 2.864468471239456360e-01 1.909272567182964675e-01 -9.384334642969297535e-01 -2.246630840449668938e+02
-9.348051024752195293e-01 3.362344500107004031e-01 -1.207666709362094221e-01 -3.836956052395400718e+01 2.966439476929570440e-01 9.182239795726464537e-01 2.625975690347720493e-01 3.419061171446944769e+01 1.991472574132049089e-01 2.094050273965622211e-01 -9.581245135987391803e-01 -2.265636807428124087e+02
-9.337071277194464169e-01 3.312284524094066263e-01 -1.426044858370384416e-01 -3.623017561914002016e+01 2.902781716918180765e-01 9.242394148069426052e-01 2.481879528923271183e-01 3.354807866356929935e+01 2.139680421770666086e-01 1.901031669452014905e-01 -9.591416797304710418e-01 -2.285970536193726730e+02
-9.253080759120648757e-01 3.322826518677248209e-01 -1.813944815323214055e-01 -3.398916786466401874e+01 2.774996074221880438e-01 9.214554034850863662e-01 2.719089073685945213e-01 3.317778795611279463e+01 2.574739684861668820e-01 2.011492300296400526e-01 -9.448316623279653381e-01 -2.300656258804589527e+02
-9.274676329977160627e-01 3.364288643015215241e-01 -1.684649805403556910e-01 -3.229485539096220492e+01 2.841995331084573029e-01 9.192429883217489994e-01 2.724679686952501956e-01 3.281999511146446480e+01 2.465130536209086676e-01 2.047676306069945440e-01 -9.482093071787388583e-01 -2.306856084529777888e+02
-9.437870185186487682e-01 3.298774602250654220e-01 3.865171060826202293e-02 -3.104753868504504410e+01 3.302664513533729029e-01 9.209924391486864481e-01 2.064693108947300293e-01 3.241211525027703289e+01 3.247765475492626897e-02 2.076028851887533888e-01 -9.781790625024437968e-01 -2.306996772653424728e+02
-9.393235931448907783e-01 3.236267203331458786e-01 1.202323061588932707e-01 -3.021432097567484831e+01 3.410699142943112716e-01 9.232412992859351242e-01 1.770984312627734703e-01 3.196131058986365048e+01 -5.370782386937807129e-02 2.072362879593104001e-01 -9.776173163743511196e-01 -2.300215875136941008e+02
-9.432180576029577379e-01 3.286957988801670338e-01 4.907450235227703988e-02 -2.961872417653423284e+01 3.320325565530065082e-01 9.230163378343182456e-01 1.947157954187021534e-01 3.157114333775247417e+01 1.869137513638929882e-02 1.997371884486121019e-01 -9.797458281439582750e-01 -2.292704838656430866e+02
-9.331163668143449552e-01 3.255453532250993653e-01 1.576698186214038067e-01 -2.877806511906289799e+01 3.487614263506690904e-01 9.243787322947493168e-01 1.546545867476454006e-01 3.121123459642948461e+01 -9.545375111611814622e-02 1.990588741829230901e-01 -9.761016856632049876e-01 -2.289111098340580384e+02
-9.099223822174012932e-01 3.207351661247402341e-01 2.656492464341864701e-01 -2.797553302752034554e+01 3.589148085254977860e-01 9.269009180522326252e-01 1.097167272721921299e-01 3.089340092488277278e+01 -2.110537144488310590e-01 1.951599680158806194e-01 -9.585311152377549160e-01 -2.286801747748878881e+02
-9.025583083204851143e-01 3.210942204099915820e-01 2.874127701983821281e-01 -2.729457176963316556e+01 3.606259947456720294e-01 9.277831279758457228e-01 9.582484072683186693e-02 3.059757172538736825e+01 -2.359032549259901523e-01 1.900510217743933972e-01 -9.531748442601579718e-01 -2.283683516227116854e+02
-8.897120881080667898e-01 3.257569498551266540e-01 3.196817294706709722e-01 -2.676657658315052757e+01 3.672268275875118504e-01 9.269124986179948511e-01 7.743094156933617855e-02 3.033237607803254576e+01 -2.710961526832047497e-01 1.862513287060270362e-01 -9.443126513012488621e-01 -2.279385693203440155e+02
-8.598128037154889602e-01 3.313380380356497068e-01 3.867557148933520317e-01 -2.643853837674218354e+01 3.763642990783591102e-01 9.254299423592858842e-01 4.414159817700639976e-02 3.011432209825864348e+01 -3.432823409587517083e-01 1.834924189449408383e-01 -9.203995411592083009e-01 -2.273768379176065366e+02
-8.538342667340644843e-01 3.377561324064802806e-01 3.956803285492824784e-01 -2.624533792438985103e+01 3.821370310338210730e-01 9.234119513706725568e-01 3.623127820482123507e-02 2.997571946873167192e+01 -3.531251741344162975e-01 1.821775451000286483e-01 -9.175114538626825134e-01 -2.269767554998903734e+02
-7.990731292678893150e-01 3.437707024342016027e-01 4.922668023963596151e-01 -2.599032718437325684e+01 3.898414327521104727e-01 9.208494970482211661e-01 -1.020568689995886291e-02 2.990173724123423327e+01 -4.568247055885164554e-01 1.836340435158535234e-01 -8.698451176849646416e-01 -2.270153902804783002e+02
-8.374955266945871557e-01 3.522196111765921733e-01 4.178786373069630633e-01 -2.584666222194100627e+01 3.943562358579606464e-01 9.188759269459761958e-01 1.538422483834619645e-02 2.993527160916296026e+01 -3.785683426159172638e-01 1.775842805941086899e-01 -9.084591599216466085e-01 -2.275125119371687390e+02
-8.485436983302652170e-01 3.605550063523941251e-01 3.877922707730634411e-01 -2.567967557921013722e+01 3.999814571243529016e-01 9.162590666921393012e-01 2.292677364951191746e-02 2.999398871216204654e+01 -3.470471704125851486e-01 1.745747221468672283e-01 -9.217035985902981565e-01 -2.282559532509446001e+02
-8.462009152112993648e-01 3.707315621548175066e-01 3.843472445895199097e-01 -2.536813793909445636e+01 4.057983524045751245e-01 9.138933274256918482e-01 1.147436776274239970e-02 2.999411304303109205e+01 -3.469863605267183293e-01 1.657665815875505322e-01 -9.237802160550300234e-01 -2.290670079793963794e+02
-8.586586351866295486e-01 3.769771254522886750e-01 3.457242615558615562e-01 -2.500235859830428709e+01 4.045406445638525250e-01 9.144460355229067083e-01 8.388385332435466246e-03 2.994412333321855613e+01 -3.129767538253532266e-01 1.471034160316251893e-01 -9.376972475957987552e-01 -2.298166352819187921e+02
-8.711497688254080662e-01 3.803319153788161655e-01 3.100276404589083490e-01 -2.481805104733374279e+01 4.026743851780084649e-01 9.153246642677298484e-01 8.414932915136723313e-03 2.998889408940230794e+01 -2.805694196146873987e-01 1.321788148984667788e-01 -9.505357600816041197e-01 -2.306322629976962730e+02
-8.745293845886114026e-01 3.852203700502772055e-01 2.924615938570980789e-01 -2.458343549331261002e+01 4.052164349527938025e-01 9.142191201885757623e-01 7.560467267563659999e-03 2.998269549691831770e+01 -2.644571621854275301e-01 1.250986659313966798e-01 -9.556103507961923871e-01 -2.313473872176929262e+02
-8.820373632100609873e-01 3.878932816065724931e-01 2.683197915113884613e-01 -2.431420477246806655e+01 4.063669637411521096e-01 9.136089714251135474e-01 1.465701466272911584e-02 2.996569461765046682e+01 -2.394590892439100172e-01 1.219362143723482367e-01 -9.634652549321242043e-01 -2.321937469889238628e+02
-8.857496586832573904e-01 3.914012988032901097e-01 2.494154060556036112e-01 -2.419060384447030643e+01 4.097612378507699549e-01 9.117962900524035907e-01 2.515319273958988716e-02 3.001926521678430859e+01 -2.175656211440496202e-01 1.245442407168580873e-01 -9.680022573800409758e-01 -2.330707627947043079e+02
-8.896129072926337589e-01 3.933440760418740467e-01 2.313811939730499589e-01 -2.395005608408566644e+01 4.123200769073216421e-01 9.101784087198816486e-01 3.876427405125938003e-02 3.003508400606106221e+01 -1.953438411838108457e-01 1.299429546369536836e-01 -9.718882953878192899e-01 -2.338879398154056730e+02
-8.921510550450459931e-01 3.988486871492354369e-01 2.145192313522973071e-01 -2.380782324114253257e+01 4.180000641638114134e-01 9.068923929582526355e-01 5.244647138353127069e-02 3.005024437609479904e+01 -1.736380396682572491e-01 1.364749812216240754e-01 -9.758035904347216460e-01 -2.345880433490439998e+02
-8.931906439964270028e-01 3.997904557321360630e-01 2.056937881764586418e-01 -2.372291163484111109e+01 4.187859695855982722e-01 9.062558103874613913e-01 5.738892133007539309e-02 3.010612750267052462e+01 -1.634660474766353178e-01 1.374199483429471291e-01 -9.768851470123721681e-01 -2.354410626049551354e+02
-8.962097532883229745e-01 4.024552713795178649e-01 1.883093352775544738e-01 -2.348580231200449120e+01 4.196037849480854232e-01 9.056272750007935413e-01 6.130403357920389401e-02 3.010355823815224596e+01 -1.458758900817608561e-01 1.339348357092662312e-01 -9.805045006248241934e-01 -2.362988479649415297e+02
-8.982561614821849005e-01 4.046546433662890907e-01 1.768118152554478129e-01 -2.334951217997899775e+01 4.210514925477392700e-01 9.047988838474363416e-01 6.501019526786942782e-02 3.013218989330183462e+01 -1.336847032071098729e-01 1.327443032618798591e-01 -9.831284681767138434e-01 -2.370337071611188264e+02
-9.015296392871633424e-01 3.997649337451594231e-01 1.653260031274566833e-01 -2.324907881682000976e+01 4.144911181547135115e-01 9.076312384776121789e-01 6.607320615249848150e-02 3.018075256623155056e+01 -1.236352828833094247e-01 1.281380240996745357e-01 -9.839545993544810409e-01 -2.378487272304129760e+02
-9.051388702149686383e-01 3.973425263297779009e-01 1.538199124015909303e-01 -2.310147158315869120e+01 4.113612863076374637e-01 9.084837624525847755e-01 7.358493117185722909e-02 3.021501320286554559e+01 -1.105067918739303934e-01 1.299049569117323999e-01 -9.857565152387147700e-01 -2.386702013028935880e+02
-9.057771841096941001e-01 3.997712402895226558e-01 1.444022768101172471e-01 -2.298878540551296723e+01 4.129170442244803341e-01 9.075412097151916990e-01 7.663584996876091071e-02 3.025764684944007854e+01 -1.004200274148417948e-01 1.290411037977947928e-01 -9.871049188740831370e-01 -2.394601167798878407e+02
-9.052853214263953952e-01 4.023499873754353695e-01 1.374989626218865724e-01 -2.289955216810071548e+01 4.147895446744879200e-01 9.064600639951891914e-01 7.894595575324442338e-02 3.030675344845845487e+01 -9.287628894597489693e-02 1.285245879644082989e-01 -9.874955361974865342e-01 -2.402782656892111390e+02
-9.059143106098942466e-01 4.037900372048394138e-01 1.314073859537062683e-01 -2.277630548869300853e+01 4.154908483276376074e-01 9.063132893636841603e-01 7.757340527901764038e-02 3.036926898558992960e+01 -8.776714244180378044e-02 1.248950111631371845e-01 -9.888160677392330289e-01 -2.411087710888881190e+02
-9.057754015899219802e-01 4.032659417073256036e-01 1.309705202900817433e-01 -2.265592677368328012e+01 4.146782464433245163e-01 9.067733299114155709e-01 7.604872810417293016e-02 3.041923953828814220e+01 -8.809668269938905616e-02 1.231921839736479785e-01 -9.885584985615145648e-01 -2.419394562913601590e+02
-9.032529886452327350e-01 4.052678014717417398e-01 1.339763496966933365e-01 -2.253918460165651538e+01 4.171855712529332627e-01 9.056472302612974534e-01 7.555792196449900855e-02 3.046636721071973852e+01 -9.069985813392039686e-02 1.241827987061404487e-01 -9.870957558601443083e-01 -2.427954609838007229e+02
-9.037787789114459791e-01 4.039938020477955027e-01 1.399995093121770284e-01 -2.240981305258498679e+01 4.163449922432473915e-01 9.061812091609513509e-01 7.380148982563247695e-02 3.051368322290848312e+01 -9.704478241751013368e-02 1.250254238331999224e-01 -9.871865565312435420e-01 -2.436693223541866189e+02
-9.029296331754662619e-01 4.025971927978100884e-01 1.491923409570301562e-01 -2.226737156115029492e+01 4.160606400537050775e-01 9.066650945687467766e-01 7.035123936488188456e-02 3.056371812976612645e+01 -1.069544087135915478e-01 1.254873757011619462e-01 -9.861603762301639486e-01 -2.445561179937534746e+02
-9.034524660920806305e-01 4.016135113236548038e-01 1.569750622569151544e-01 -2.210623465002970534e+01 4.156749714052683786e-01 9.071892505092208348e-01 6.669837773253976809e-02 3.060954260195729404e+01 -1.156406100851184587e-01 1.253450981749842374e-01 -9.865506195611833951e-01 -2.454491539365634480e+02
-9.024345872328588536e-01 3.985280745773510658e-01 1.625892876937080067e-01 -2.195255042921312594e+01 4.125880149566885091e-01 9.086205634178163848e-01 6.410320026486571177e-02 3.065408233575246300e+01 -1.221858002069945298e-01 1.249567317074699313e-01 -9.843964850083523066e-01 -2.463546770379633415e+02
-9.041188624122559192e-01 3.954646190634674707e-01 1.674535133065455095e-01 -2.178479577980910165e+01 4.097537684833266192e-01 9.100877616770731704e-01 6.196134660892351625e-02 3.069836395331079260e+01 -1.279197494544115909e-01 1.245618746031375706e-01 -9.848733253626870132e-01 -2.472903490670798305e+02
-9.056648165251834914e-01 3.908854247587859598e-01 1.690371033350398511e-01 -2.160394756886352141e+01 4.056138010653460579e-01 9.119376693361049835e-01 6.255807117824736807e-02 3.074056423288750395e+01 -1.297187021190836786e-01 1.251271796326150765e-01 -9.844622615900660012e-01 -2.482485779985927081e+02
-9.059241388929920591e-01 3.878788850580455194e-01 1.704389507446398000e-01 -2.142507056783261277e+01 4.026296730995759243e-01 9.131323620083484638e-01 6.310556841459934174e-02 3.078465208975150702e+01 -1.311491727697100540e-01 1.258836203446329627e-01 -9.833988497366029646e-01 -2.492218235554136072e+02
-9.072850225145842051e-01 3.865867911259655010e-01 1.699243918728681191e-01 -2.125071682423414643e+01 4.014974571572736406e-01 9.136130221940033103e-01 6.417762170345944761e-02 3.083076902839600564e+01 -1.304460352330146511e-01 1.264314574543680958e-01 -9.841237793844667125e-01 -2.502009157941619151e+02
-9.073200194753695547e-01 3.865425502006689662e-01 1.702205604251576521e-01 -2.106631437363081361e+01 4.015391739295554041e-01 9.135732747182833124e-01 6.452602549991076630e-02 3.087820474940882320e+01 -1.305768631503963773e-01 1.268814431438402557e-01 -9.841182955451905912e-01 -2.511926866855284004e+02
-9.073777284330629689e-01 3.855225976481533312e-01 1.707692811173710246e-01 -2.088556216277979161e+01 4.008915319246345588e-01 9.138676133175076544e-01 6.504022388879511507e-02 3.093459366099471097e+01 -1.310010173503253217e-01 1.273764568722969837e-01 -9.837799191785732145e-01 -2.522120043533281262e+02
-9.062503558694386951e-01 3.859820859958122408e-01 1.716079044439937362e-01 -2.071011390655504769e+01 4.014942713026642962e-01 9.134143897527130518e-01 6.656102959841726785e-02 3.098684762125943948e+01 -1.310514962367563263e-01 1.292699692924514365e-01 -9.827503886157878954e-01 -2.532387162903230262e+02
-9.075690949266517205e-01 3.853618398428956815e-01 1.708984498846984890e-01 -2.052630561062698433e+01 4.010386743633875817e-01 9.136500514199276113e-01 6.724220408908249125e-02 3.103311012815170145e+01 -1.302447920615108778e-01 1.294590242614572784e-01 -9.837503743513998922e-01 -2.542556273336375057e+02
-9.076148573812699016e-01 3.828324854555408274e-01 1.705650260883020686e-01 -2.033023601523406398e+01 3.985359950351610725e-01 9.146825451881807068e-01 6.752097545137222823e-02 3.108308652772570468e+01 -1.301483396824962835e-01 1.292973057876498078e-01 -9.827517345522109871e-01 -2.552894310812292531e+02
-9.077321605779600233e-01 3.824271365479087192e-01 1.705704159619504390e-01 -2.015031444053703424e+01 3.979041023920485975e-01 9.147704486482082231e-01 6.881079860883933252e-02 3.112899221866508626e+01 -1.297163227158074361e-01 1.304012183028116223e-01 -9.825320767894254459e-01 -2.563102753231523252e+02
-9.078979337110072434e-01 3.822770014607979605e-01 1.726025600705680396e-01 -1.996225525055359284e+01 3.981249446697507355e-01 9.147489067096482573e-01 6.852921785957745426e-02 3.117322799039592596e+01 -1.316933032955269200e-01 1.309496587823287816e-01 -9.826923760061485602e-01 -2.573339779299715815e+02
-9.081209708715032303e-01 3.808234368771210021e-01 1.746119923118428507e-01 -1.977678476658667961e+01 3.965962392524826075e-01 9.153135044018266830e-01 6.870791369161670381e-02 3.122328432143979526e+01 -1.336551113262468005e-01 1.317873655537021016e-01 -9.822447710410047161e-01 -2.583757352765635460e+02
-9.071701546135342298e-01 3.797600687670225628e-01 1.776196730420966374e-01 -1.958672596142378097e+01 3.970872844387467460e-01 9.150107945492754746e-01 7.164360230475502744e-02 3.126901002814029695e+01 -1.352887048671416459e-01 1.355873632957615149e-01 -9.808673924076651840e-01 -2.594113736402373434e+02
-9.060800218723760180e-01 3.810818676826761564e-01 1.808497013266552877e-01 -1.939833106594948120e+01 3.985697892925602059e-01 9.143208847332550127e-01 7.151947524579597981e-02 3.132321515303581450e+01 -1.381003396451374043e-01 1.368800630146929098e-01 -9.803323588516322795e-01 -2.604267944166971347e+02
-9.049602081929914998e-01 3.808274526984337660e-01 1.843289766812180597e-01 -1.921374229595230076e+01 3.989736042134729432e-01 9.142286833274008151e-01 7.084034357118959568e-02 3.136267600656825749e+01 -1.415072064417854381e-01 1.377476787803660341e-01 -9.792772060227761255e-01 -2.614453510402090046e+02
-9.050533794503519136e-01 3.813590119757679919e-01 1.862655571787548425e-01 -1.901729885977987777e+01 3.995023908690287784e-01 9.140647497635382424e-01 6.992680076465276895e-02 3.141515749131806601e+01 -1.435669626077931138e-01 1.377940457392820006e-01 -9.796301547408290400e-01 -2.624672537166473489e+02
-9.050866884546878710e-01 3.806643962024778283e-01 1.869566221649725801e-01 -1.882093229991312811e+01 3.988500703349782128e-01 9.143160997850510174e-01 7.016561296046433527e-02 3.146487130923877018e+01 -1.442358468983304665e-01 1.380231938420222737e-01 -9.793609873916120367e-01 -2.634701490845538387e+02
-9.048888235325232010e-01 3.795952155298014663e-01 1.864521650675987352e-01 -1.862953987051784210e+01 3.975968592700632742e-01 9.150402294278697779e-01 6.794668817034274499e-02 3.150933110537599546e+01 -1.447888556554975670e-01 1.357007736916018559e-01 -9.789313870316687094e-01 -2.644755343124437559e+02
-9.071332296496551484e-01 3.790973615320482604e-01 1.818762859275609156e-01 -1.846179499612894759e+01 3.962086945153373008e-01 9.157351678785526916e-01 6.699564972129774809e-02 3.155695321073569204e+01 -1.411379293732075713e-01 1.328726429826020128e-01 -9.808959708025974944e-01 -2.654815157301059116e+02
-9.082870942272862624e-01 3.784238519558297820e-01 1.773276735260623238e-01 -1.827564477544937205e+01 3.947078688003124447e-01 9.162165757508491382e-01 6.816046357394321686e-02 3.160110430798576786e+01 -1.366828321632757581e-01 1.319303732461245549e-01 -9.815514459782138657e-01 -2.664892298602636060e+02
-9.095021646738286059e-01 3.776185100923864502e-01 1.728351222806940035e-01 -1.808741564893183451e+01 3.939609670192082413e-01 9.163074087302439663e-01 7.173355285782267998e-02 3.166102017155193238e+01 -1.312797132139376655e-01 1.333539606967989732e-01 -9.821490674893377237e-01 -2.674946923936969938e+02
-9.097918186714034627e-01 3.803025279659348890e-01 1.690374134075037782e-01 -1.792443938126967851e+01 3.971544383683165980e-01 9.143575880845098425e-01 7.917608417587181091e-02 3.170755954232773277e+01 -1.244582634255048670e-01 1.391201020560524360e-01 -9.829170644074607388e-01 -2.685039348126999812e+02
-9.121936025842530826e-01 3.762290361852925757e-01 1.629488741669761487e-01 -1.775872889607878236e+01 3.925303750067741237e-01 9.160920442429998367e-01 8.192463092170433614e-02 3.176873901742293427e+01 -1.184586760294405600e-01 1.386643933683646135e-01 -9.833355544669744042e-01 -2.694970521744780285e+02
-9.131278413090210266e-01 3.769921294478996709e-01 1.567723794730353226e-01 -1.758585585121391759e+01 3.925547475287949339e-01 9.159672478129010642e-01 8.317793187635556806e-02 3.181314278582547672e+01 -1.122342023953186441e-01 1.375305085736038546e-01 -9.843870601789596053e-01 -2.704914982989074588e+02
-9.138306609475169706e-01 3.784606277278647624e-01 1.513662648711136260e-01 -1.743852072689692534e+01 3.932317106170169496e-01 9.158039657188591365e-01 8.218322281045378763e-02 3.188043314576351506e+01 -1.075330341291129699e-01 1.345343478045988861e-01 -9.857170915831707791e-01 -2.714659341339502134e+02
-9.147983880689660730e-01 3.769804644251481540e-01 1.453016403934827561e-01 -1.728935889925743652e+01 3.911248266723413303e-01 9.165382851884338322e-01 8.380229960321021465e-02 3.193740502793666991e+01 -1.015854865173041327e-01 1.334528197451850806e-01 -9.858952540034704448e-01 -2.724594391685000687e+02
-9.158861225318696286e-01 3.759748366507210671e-01 1.417641787823429311e-01 -1.714992456255793130e+01 3.896128563662869526e-01 9.171083048085914013e-01 8.445447440571375586e-02 3.199690767222077170e+01 -9.827352940737969778e-02 1.325164507554950077e-01 -9.864524493246039638e-01 -2.734484351260775838e+02
-9.156975995806162505e-01 3.755694120010494297e-01 1.375552589159385053e-01 -1.700667581494000657e+01 3.890306840786855735e-01 9.170994879571809921e-01 8.704156537086002454e-02 3.206088151769584726e+01 -9.344705344782175405e-02 1.332507298156208331e-01 -9.858899583877036576e-01 -2.743975873001147079e+02
-9.165456131501239501e-01 3.750827277310735952e-01 1.379916647692548404e-01 -1.688067387366413996e+01 3.895521171383620751e-01 9.159205536736837461e-01 9.697261209577072438e-02 3.213211450278735981e+01 -9.002118733645787796e-02 1.425591550806189489e-01 -9.855979825348208934e-01 -2.753987020617720418e+02
-9.177907550217565547e-01 3.735134977245194166e-01 1.395344674429593590e-01 -1.675898954109970518e+01 3.892106069073482111e-01 9.149325736417692756e-01 1.075020419233967406e-01 3.221355576679873423e+01 -8.751605445921695203e-02 1.528767391879946036e-01 -9.851002498639093163e-01 -2.763733764949114402e+02
-9.169966453161442210e-01 3.732844465111408994e-01 1.401240145539733029e-01 -1.662384312263933595e+01 3.889743122349314519e-01 9.144619286669415370e-01 1.111560741608828978e-01 3.229381882975737739e+01 -8.664256823912631911e-02 1.565260767390671548e-01 -9.837537712620217922e-01 -2.773434712842910130e+02
-9.173964596959470752e-01 3.741048638695953499e-01 1.372078208250012699e-01 -1.650153669131659484e+01 3.892190078105957074e-01 9.150287909969665456e-01 1.062544259583461104e-01 3.238266198134051166e+01 -8.580416877966529077e-02 1.508219431745419503e-01 -9.850555724394777224e-01 -2.783203343907267140e+02
-9.165514284455821281e-01 3.759095854780898915e-01 1.334200113525888798e-01 -1.638305687856722059e+01 3.898812650164622529e-01 9.152340552456665890e-01 1.013953987512445504e-01 3.246972367705198081e+01 -8.399295062084351227e-02 1.449813204181848447e-01 -9.854154673381094742e-01 -2.792640687958490275e+02
-9.149610216842268828e-01 3.816487712435692736e-01 1.329204503970832507e-01 -1.626665268673589182e+01 3.955814778143713073e-01 9.129119083444940941e-01 1.007556746093569711e-01 3.254923161824680022e+01 -8.290462913238955123e-02 1.446887039291095689e-01 -9.862544287974132073e-01 -2.802201966016568804e+02
-9.136098235848533200e-01 3.835258060623391585e-01 1.325193729470678927e-01 -1.615355937366576100e+01 3.977516167805981717e-01 9.118759670539136053e-01 1.018547616482487067e-01 3.262524350373622184e+01 -8.175982604500391104e-02 1.457543615837873507e-01 -9.856468864957936837e-01 -2.811901785820621171e+02
-9.140416325989122459e-01 3.839048986818723863e-01 1.343807184685460454e-01 -1.602682609011601045e+01 3.984355172460853356e-01 9.113884160248475474e-01 1.036341025725095316e-01 3.271290473795032483e+01 -8.268910016249075845e-02 1.481996354961508389e-01 -9.860138542915664051e-01 -2.821444272623089091e+02
-9.148934985965493372e-01 3.815423832124149039e-01 1.373588731573555100e-01 -1.588945441796997393e+01 3.968049040671595140e-01 9.115149239990670837e-01 1.085048598483920601e-01 3.279764982049943711e+01 -8.382138113657162937e-02 1.536810617089644504e-01 -9.853445842388827147e-01 -2.830993351347789257e+02
-9.158618539256874191e-01 3.781489602149339935e-01 1.409397006133197017e-01 -1.575281357126014115e+01 3.945373753338236034e-01 9.118633698955214140e-01 1.139254676551191420e-01 3.288425455223076455e+01 -8.545837766644431843e-02 1.597932119030024134e-01 -9.843448144050453985e-01 -2.840459006725631639e+02
-9.176058207862729521e-01 3.688545127458486284e-01 1.418056993107771890e-01 -1.560983247204079838e+01 3.853254126285551306e-01 9.154692170816199903e-01 1.154133601327421432e-01 3.295844396958875677e+01 -8.723071621489332517e-02 1.606698325161647345e-01 -9.821580492341898116e-01 -2.849713949303028926e+02
-9.206837012621186256e-01 3.616481525610139580e-01 1.440374768906269309e-01 -1.545763477231343686e+01 3.787164881971472052e-01 9.182083034724412007e-01 1.159814139846652714e-01 3.305256789729697431e+01 -9.029153546220528015e-02 1.614164824592795588e-01 -9.823378751633563555e-01 -2.859126848532071676e+02
-9.196077641206709119e-01 3.635606751990518304e-01 1.472245362794976087e-01 -1.531775986894998276e+01 3.811758106176773575e-01 9.172718721272944409e-01 1.155381618449886211e-01 3.313748483708597092e+01 -9.302640207640305858e-02 1.623885187632013449e-01 -9.821097991153272533e-01 -2.868786820646801630e+02
-9.181917229138865100e-01 3.678800979612567579e-01 1.490290945466588579e-01 -1.518254116477533699e+01 3.855128174459923063e-01 9.156125857326057327e-01 1.143080685655252782e-01 3.321976228431751821e+01 -9.442726957583510994e-02 1.622794321705219589e-01 -9.825334702978147927e-01 -2.877999481740691863e+02
-9.154329378785556193e-01 3.707582754313611950e-01 1.547415895834520772e-01 -1.504765917962098776e+01 3.888673717641659144e-01 9.148775692325008535e-01 1.086265118180423095e-01 3.331615861777940779e+01 -1.012929760225048659e-01 1.595922155003008380e-01 -9.816828048387478134e-01 -2.887438558379731717e+02
-9.132764823655509234e-01 3.754095671445247251e-01 1.636210146659397568e-01 -1.489351452154198441e+01 3.944893094289800839e-01 9.127866100142690842e-01 1.060034799907214331e-01 3.339966945738807880e+01 -1.095804280478875486e-01 1.612723091656658447e-01 -9.817290488332580667e-01 -2.896876833280530263e+02
-9.082078278193662646e-01 3.814545100109468789e-01 1.716460714843831559e-01 -1.474355173010882325e+01 4.019447849651488491e-01 9.098712200607806944e-01 1.033846359729416464e-01 3.347555255039585376e+01 -1.167354673335775084e-01 1.628105861869504623e-01 -9.796780998067221580e-01 -2.906057248622198586e+02
-9.075635064147984377e-01 3.792639097566969375e-01 1.835153637444338348e-01 -1.457598704968158820e+01 4.008302481665550476e-01 9.107289149919616245e-01 9.951180644723364721e-02 3.354521957422341671e+01 -1.294082877556886335e-01 1.638373131419740281e-01 -9.785686578409267256e-01 -2.915372142365474701e+02
-9.068073894805399604e-01 3.758809714870517960e-01 1.947009601076979957e-01 -1.437929536134931041e+01 3.989096771306050448e-01 9.120696310951379449e-01 9.532757759022408850e-02 3.361917062579935589e+01 -1.417695839585537410e-01 1.639968371939480585e-01 -9.770215609200180173e-01 -2.924615784751393335e+02
-9.024047014274375611e-01 3.764909222024864777e-01 2.086155532966711412e-01 -1.418743119079457138e+01 4.014804467638235508e-01 9.109914700072685445e-01 9.379641316085093883e-02 3.368547597324204901e+01 -1.547084800038792396e-01 1.685860820542062766e-01 -9.732321543220187055e-01 -2.933846929062183904e+02
-9.001198310895622834e-01 3.759769278655814562e-01 2.200127031874161976e-01 -1.398030620634233756e+01 4.023578739502370882e-01 9.110590533634894683e-01 8.960806431486868784e-02 3.374820610716995617e+01 -1.667356016982353140e-01 1.693057353844638069e-01 -9.713379558898024291e-01 -2.942979652930814041e+02
-8.977249015919209763e-01 3.752286261486877383e-01 2.305088077191285167e-01 -1.375825847197313401e+01 4.030741421069703456e-01 9.111532721169880444e-01 8.598456404668647357e-02 3.381022890436597805e+01 -1.777515411829082848e-01 1.701133147971915227e-01 -9.692119761006287026e-01 -2.952046566046890916e+02
-8.927344316506091726e-01 3.777331225840780959e-01 2.456177306152319273e-01 -1.353946221941613892e+01 4.070879285270738723e-01 9.099275032811930952e-01 7.978582309171609876e-02 3.386148794008849450e+01 -1.933580450121842320e-01 1.711682476853789159e-01 -9.660963342457877800e-01 -2.961336777416713630e+02
