1.0 0.0 0.0 0.0 0.0 1.0 0.0 0.0 0.0 0.0 1.0 0.0
-0.9967754 0.05680094 0.027200358 10.193115 -0.058105372 -0.99582696 -0.049802113 6.519409 0.02429341 -0.051296424 0.9983873 0.036132812
-0.9624821 0.26907238 0.03851344 1.373169 -0.27058882 -0.9619185 -0.0418389 0.28320312 0.02579252 -0.050667036 0.99838233 0.043823242
-0.759391 0.6497557 0.025852378 -4.7596436 -0.65026945 -0.7587409 -0.031427268 -6.607666 -0.00079324655 -0.040687367 0.99917156 0.04333496
-1.0002544 -0.0016784462 0.013562512 -6.704468 0.0011177182 -0.99949634 -0.04124954 -14.33313 0.0136232115 -0.04122916 0.999057 -0.09362793
-0.95468426 -0.2985365 0.0020269726 -12.715942 0.29814607 -0.95374167 -0.045137737 -18.280396 0.015395627 -0.042436652 0.99897975 -0.22509766
-0.9911742 -0.13472752 -0.010777918 -19.50769 0.1349893 -0.99076873 -0.029139724 -19.972168 -0.0067494223 -0.03032362 0.9995174 -0.21374512
-0.84988296 -0.52641076 -0.014972859 -26.483154 0.52662295 -0.8494871 -0.025954649 -22.928833 0.00094541174 -0.029949553 0.9995508 -0.29833984
-0.82020676 -0.57153153 -0.038166914 -33.94629 0.5721102 -0.82067275 -0.0054579526 -22.038574 -0.028170666 -0.026298925 0.99925697 -0.60302734
-0.80122364 -0.5969394 -0.037741214 -41.359497 0.5975204 -0.80166125 -0.00540647 -21.202759 -0.027042206 -0.02689836 0.9992727 -0.55859375
-0.94330645 -0.29338253 0.15801026 -48.73816 0.30257103 -0.95286083 0.03709867 -20.615356 0.1395962 0.082784094 0.9867444 -0.9289551
-0.8689046 -0.49477965 0.03463314 -56.10022 0.49598974 -0.866772 0.06081927 -22.692749 -0.00010185863 0.07000266 0.99754804 0.16430664
-0.83833283 -0.54463995 0.02972296 -63.040527 0.5454064 -0.83771014 0.03304161 -22.649658 0.00689756 0.043883286 0.9990124 0.032836914
-0.73063374 -0.6818287 -0.024662545 -69.67944 0.68005395 -0.7306929 0.054204635 -22.658936 -0.055010796 0.022860108 0.9982242 -0.9061279
-0.69627905 -0.7124681 -0.08248685 -76.20117 0.71138024 -0.7006691 0.047090106 -22.266357 -0.09139778 -0.025866235 0.99547726 -1.7521973
-0.73090863 -0.6759045 -0.093162216 -82.95825 0.67199534 -0.73676336 0.07315864 -21.80896 -0.11807741 -0.009117205 0.9929603 -2.5249023
-0.6221379 -0.7702969 -0.13629234 -89.756226 0.76539797 -0.6353773 0.09715322 -21.353638 -0.16157615 -0.043811344 0.9858834 -3.1746826
-0.5169339 -0.8446511 -0.14010687 -96.503174 0.8450041 -0.5296708 0.07548316 -19.759888 -0.13792042 -0.07933457 0.98725814 -4.084839
-0.08369256 -0.9913419 -0.101505555 -103.09534 0.9862774 -0.09697366 0.13389693 -17.339111 -0.14255676 -0.0889413 0.98578614 -4.9194336
-0.13823521 -0.98326796 -0.11907898 -107.825195 0.98230857 -0.15148985 0.11059277 -12.652588 -0.12673678 -0.10170859 0.9867107 -6.022827
-0.14509106 -0.9826961 -0.115244076 -113.32117 0.9755062 -0.16155945 0.14943652 -8.614624 -0.16550048 -0.09082304 0.98203045 -7.0372314
-0.2708064 -0.9541876 -0.12874556 -118.93274 0.94788283 -0.28768608 0.13838105 -4.4189453 -0.16900991 -0.084589384 0.98198146 -8.150879
-0.16705619 -0.977257 -0.13117382 -125.02698 0.96792096 -0.18791962 0.1672632 -1.3010254 -0.18813924 -0.09907697 0.97714317 -9.333008
-0.06475377 -0.98957264 -0.1289848 -130.9961 0.9816757 -0.08641315 0.17011869 2.4487305 -0.17948782 -0.115637675 0.9769458 -10.548828
-0.3821504 -0.91307324 -0.14397116 -136.31372 0.89506376 -0.40443987 0.18912427 7.098633 -0.2308666 -0.056617163 0.97134423 -12.143799
-0.35946572 -0.9234327 -0.13462768 -143.45581 0.90755683 -0.37952635 0.17991592 10.091675 -0.21729457 -0.05750766 0.97441715 -13.315674
-0.15070593 -0.9793814 -0.13416246 -150.46484 0.96455306 -0.17537461 0.19684008 12.745728 -0.21625574 -0.099627554 0.97121763 -14.934082
-0.054528713 -0.990467 -0.12632556 -156.88342 0.9767889 -0.07914603 0.1989409 17.129272 -0.2070333 -0.11254856 0.97183776 -16.44458
-0.0004320161 -0.99380636 -0.11110519 -162.18567 0.9787525 -0.023202892 0.20375112 21.562256 -0.20504735 -0.10869411 0.9727029 -18.23291
0.040114343 -0.9916538 -0.122430116 -167.25952 0.974971 0.012038829 0.22200875 26.355713 -0.2186217 -0.12832597 0.9673419 -19.84729
-0.05787706 -0.9905443 -0.124518186 -171.81104 0.9669741 -0.08665621 0.23980255 31.38086 -0.24836071 -0.10659556 0.9628007 -21.67102
-0.053339127 -0.99158674 -0.11783756 -176.94482 0.96285564 -0.08232736 0.25709623 35.758057 -0.26455688 -0.09969987 0.9591859 -23.520874
-0.21746793 -0.9682247 -0.12411046 -182.23755 0.93147856 -0.24383762 0.2703345 40.021606 -0.29180753 -0.0568745 0.9547711 -25.384277
-0.34550145 -0.92870545 -0.13445617 -187.71436 0.88211507 -0.37030497 0.29102528 42.72339 -0.32008842 -0.018067373 0.94721854 -27.081543
-0.4956795 -0.8574035 -0.1383058 -193.46533 0.8091206 -0.5137531 0.28517148 45.059204 -0.31551406 0.029523442 0.9484454 -28.44336
-0.5580647 -0.81638485 -0.14930658 -198.97205 0.762818 -0.575484 0.29527554 46.215576 -0.32707232 0.050744623 0.9436722 -29.658691
-0.6578574 -0.73382574 -0.1698216 -204.0398 0.67134756 -0.67350346 0.3095159 46.735474 -0.34157974 0.08961004 0.9355925 -30.880615
-0.71926457 -0.67554116 -0.16113852 -209.43811 0.61509156 -0.7273524 0.30377096 46.88098 -0.32245854 0.119432576 0.9390117 -31.623657
-0.7354583 -0.65794665 -0.16171892 -213.97961 0.5943197 -0.7410822 0.31226817 45.918335 -0.3252892 0.13359274 0.9361248 -32.167236
-0.8226784 -0.5365388 -0.18667477 -217.52258 0.4648222 -0.82460475 0.32173514 44.783936 -0.32655653 0.17789507 0.92825735 -32.65381
-0.9078723 -0.3813814 -0.17372924 -221.26257 0.31464577 -0.8940675 0.3185281 43.48352 -0.27672395 0.23464142 0.9318515 -32.63794
-0.9414744 -0.28320405 -0.18050665 -224.1726 0.21730842 -0.9233352 0.31518382 41.429443 -0.2560833 0.25782615 0.93165326 -32.525146
-0.9612428 -0.19558422 -0.19817933 -226.07068 0.12499747 -0.93964607 0.32084876 39.02588 -0.24886565 0.28343147 0.9261832 -32.329712
-0.96202826 -0.21059744 -0.17896299 -228.10217 0.14668906 -0.9384684 0.31562826 36.87744 -0.23424867 0.2770979 0.93188727 -31.695679
-0.9479532 -0.25410473 -0.19046704 -229.57825 0.18566506 -0.92996764 0.31654066 34.62329 -0.25778952 0.2647348 0.92923653 -31.326294
-0.9513614 -0.2430697 -0.19398125 -230.19812 0.17276977 -0.93221104 0.32077682 32.931885 -0.25843224 0.2713641 0.9271385 -30.978027
-0.9809071 -0.028701333 -0.19489975 -230.20105 -0.034886703 -0.94885904 0.31542826 31.750122 -0.19381523 0.3157751 0.9287925 -30.601318
-0.9801439 0.0575535 -0.19384058 -229.52136 -0.11673296 -0.9444403 0.30972472 30.938965 -0.1650728 0.32598412 0.9308846 -30.17102
-0.9823403 -0.014964027 -0.18690298 -228.76794 -0.045407582 -0.9483005 0.31428877 30.31543 -0.18212038 0.31741917 0.9306932 -29.784912
-0.9784217 0.09928963 -0.18532707 -228.40845 -0.15432824 -0.93831813 0.31191245 29.507446 -0.1429205 0.33340487 0.9319005 -29.447021
-0.960521 0.21492858 -0.1806055 -228.182 -0.2626839 -0.9151816 0.30796346 28.737915 -0.09893458 0.34289375 0.93415 -29.151611
-0.955036 0.23975053 -0.17532569 -227.87085 -0.28455192 -0.9078399 0.30850706 28.061401 -0.08524501 0.344471 0.93492585 -28.867798
-0.9460248 0.27496135 -0.17129774 -227.44287 -0.31692928 -0.8950902 0.31348255 27.541748 -0.06716305 0.3509202 0.93400276 -28.615723
-0.9218694 0.34719265 -0.16811293 -226.88782 -0.3842193 -0.8653202 0.31974658 27.234009 -0.034563728 0.3597812 0.9324072 -28.414917
-0.91891986 0.35706758 -0.16673878 -226.48804 -0.39315963 -0.8594419 0.32628396 27.04248 -0.026746629 0.36553934 0.93042797 -28.283203
-0.8709507 0.46083838 -0.16767609 -226.54224 -0.49006018 -0.8048071 0.33338994 26.820068 0.018598268 0.372948 0.9276891 -28.226318
-0.9096969 0.38256538 -0.16200237 -227.02686 -0.41541687 -0.84332484 0.34105 26.653076 -0.006144639 0.37772217 0.92594296 -28.249634
-0.92297274 0.3510616 -0.15916182 -227.76648 -0.38521394 -0.85448235 0.34911558 26.478394 -0.013364676 0.38349655 0.92346686 -28.302612
-0.92491156 0.3509755 -0.15033796 -228.57678 -0.38178733 -0.8522745 0.35929105 26.167969 -0.0018762872 0.38933027 0.92109823 -28.303955
-0.9386784 0.3168111 -0.13184491 -229.32092 -0.34314904 -0.86477953 0.36514744 25.79065 0.0016113967 0.38818327 0.92154807 -28.253174
-0.95141363 0.28427312 -0.11708738 -230.13196 -0.3074326 -0.8772875 0.36813605 25.596436 0.0019572228 0.38642013 0.9223403 -28.29419
-0.95643383 0.26812404 -0.110102594 -230.84534 -0.28983986 -0.8807293 0.37287897 25.357544 0.0029834732 0.38904655 0.92124254 -28.285645
-0.9643155 0.24310961 -0.10708937 -231.68933 -0.26562467 -0.88826615 0.3753335 25.081787 -0.0038690343 0.39031628 0.920688 -28.263062
-0.96894276 0.22126178 -0.10984864 -232.56567 -0.24661267 -0.8920287 0.37870735 24.954102 -0.014187895 0.39385548 0.9190158 -28.308594
-0.97295964 0.19910131 -0.115406804 -233.38257 -0.22845727 -0.89592075 0.38052392 24.709229 -0.027632898 0.39656428 0.9175576 -28.31665
-0.9770148 0.1774887 -0.12209785 -234.08228 -0.21144783 -0.89854056 0.38593554 24.56311 -0.041163012 0.40241453 0.9144931 -28.324097
-0.97813696 0.16733006 -0.12311975 -234.93555 -0.2025769 -0.8995917 0.3868182 24.477295 -0.046029575 0.40327188 0.91390866 -28.373535
-0.9817593 0.14971904 -0.11975198 -235.79236 -0.18514368 -0.9026383 0.3893443 24.236084 -0.049783505 0.40419146 0.91331065 -28.366089
-0.98440075 0.1375293 -0.11864373 -236.52673 -0.17360173 -0.9047128 0.39145672 24.097656 -0.0533824 0.40571487 0.9125278 -28.389893
-0.98520124 0.12739615 -0.11410444 -237.34167 -0.16214436 -0.9078962 0.3864359 23.994873 -0.054341827 0.39917353 0.91524446 -28.433472
-0.98706627 0.11425894 -0.1159641 -238.16321 -0.15059753 -0.91145766 0.38390625 23.84497 -0.061749004 0.3961068 0.9161123 -28.46106
-0.98843 0.10417714 -0.11517416 -238.95312 -0.14113882 -0.9121269 0.38627434 23.73108 -0.06471823 0.39773566 0.915216 -28.498535
-0.9888334 0.09664345 -0.11471789 -239.7716 -0.13419892 -0.91166985 0.3888196 23.641602 -0.06697344 0.39967358 0.9141825 -28.542358
-0.99011964 0.09151108 -0.11111947 -240.60205 -0.12810822 -0.91231775 0.39020962 23.518433 -0.065543115 0.40040165 0.9140203 -28.600952
-0.98983973 0.09182138 -0.1094139 -241.43323 -0.12768729 -0.9121694 0.3896772 23.39978 -0.064015344 0.39958176 0.91444856 -28.646973
-0.988381 0.09445071 -0.11039641 -242.29028 -0.13068186 -0.9096828 0.39172938 23.286133 -0.06356073 0.4021003 0.9133623 -28.689697
-0.9884653 0.10079579 -0.111186326 -243.16467 -0.13672791 -0.9101921 0.39048767 23.160645 -0.061850484 0.401207 0.91387326 -28.73291
-0.9874185 0.11070644 -0.11157473 -244.05237 -0.14595738 -0.90933067 0.38915473 23.023193 -0.058478624 0.4008552 0.9143242 -28.779419
-0.9877824 0.11938821 -0.11135861 -244.9458 -0.15377577 -0.909844 0.3882131 22.866577 -0.054883566 0.4003983 0.91481256 -28.8219
-0.9856073 0.12590785 -0.11092829 -245.85254 -0.15943262 -0.908778 0.38516062 22.716553 -0.052344415 0.3972614 0.9161748 -28.862549
-0.9860661 0.13161762 -0.11048065 -246.78857 -0.164336 -0.9104161 0.38210317 22.552246 -0.05023476 0.39436123 0.9175778 -28.90271
-0.9856622 0.13339056 -0.11103083 -247.74756 -0.16594802 -0.91189206 0.37750858 22.373657 -0.050842803 0.390184 0.91936487 -28.93982
-0.9846073 0.13480529 -0.111780584 -248.7218 -0.16736728 -0.9121031 0.37450123 22.197144 -0.051406384 0.3871803 0.92051977 -28.97876
-0.98534304 0.13409805 -0.11232865 -249.7013 -0.16685371 -0.91344404 0.3731921 22.024658 -0.052468553 0.3860399 0.9209913 -29.019531
-0.98534304 0.1342327 -0.1127779 -250.69373 -0.16714741 -0.91347873 0.37315062 21.84253 -0.052819513 0.38608143 0.92095673 -29.06189
-0.98501146 0.13465591 -0.11327166 -251.71387 -0.16769929 -0.9135228 0.3721324 21.664185 -0.053339615 0.38542923 0.9212442 -29.112915
-0.9840056 0.13472581 -0.11517327 -252.7417 -0.16852237 -0.9124027 0.3726133 21.491333 -0.054875433 0.38604695 0.9208219 -29.159424
-0.98501134 0.13391708 -0.11536195 -253.75891 -0.16781214 -0.9137125 0.37197635 21.309448 -0.05554371 0.38558537 0.9210544 -29.200317
-0.9840131 0.1338012 -0.11520564 -254.7937 -0.16749479 -0.9137181 0.36943623 21.115356 -0.05582436 0.38307554 0.92204714 -29.244995
-0.98380977 0.13337341 -0.11631453 -255.8153 -0.16749302 -0.9138263 0.36903128 20.937622 -0.057116132 0.38244715 0.92214227 -29.285278
-0.9839719 0.13535611 -0.11684639 -256.8396 -0.1695283 -0.9139925 0.36889416 20.752441 -0.05684961 0.38265347 0.922123 -29.324463
-0.983531 0.13731343 -0.11767026 -257.8822 -0.17154683 -0.9141914 0.36744902 20.569824 -0.057046603 0.38110623 0.9226702 -29.36914
-0.9821999 0.13898006 -0.12146952 -258.9192 -0.17453827 -0.9132337 0.36642203 20.382935 -0.060016148 0.38160193 0.92240685 -29.408691
-0.98167324 0.14181264 -0.12274488 -259.93555 -0.17775947 -0.9121655 0.36778122 20.197998 -0.059923086 0.38308004 0.92174727 -29.457886
-0.9806195 0.1452291 -0.12359291 -260.95508 -0.18124549 -0.91104686 0.3675607 20.016724 -0.059278682 0.38347024 0.9216576 -29.492432
-0.98096657 0.147293 -0.12362049 -261.97754 -0.18318541 -0.9111488 0.36810544 19.823242 -0.058378562 0.3839845 0.92149657 -29.540161
-0.9807005 0.14795892 -0.12384567 -262.9812 -0.18387957 -0.9111712 0.36741352 19.629272 -0.05862428 0.38332608 0.9217401 -29.584839
-0.9802395 0.14848462 -0.12151922 -263.98718 -0.18340039 -0.91095644 0.36633292 19.43982 -0.05640205 0.38206133 0.922416 -29.625
-0.9821778 0.14480145 -0.11870452 -264.99292 -0.17883632 -0.9131871 0.3657768 19.272705 -0.055399742 0.38067174 0.92307085 -29.667725
-0.9828345 0.14032832 -0.117792115 -266.00098 -0.1742839 -0.9143235 0.36505905 19.087158 -0.056523345 0.37918895 0.92353606 -29.70642
-0.9834662 0.13493098 -0.11925602 -267.00708 -0.1697692 -0.9155244 0.3642166 18.899658 -0.060056895 0.37847307 0.9236468 -29.760132
-0.9843254 0.12817803 -0.1250788 -268.0171 -0.16589339 -0.91585624 0.36689898 18.737793 -0.06746958 0.38173684 0.92183036 -29.799072
-0.9847586 0.12214142 -0.1246652 -269.01074 -0.15981318 -0.9181879 0.36275244 18.572021 -0.070163794 0.37712404 0.9235094 -29.854126
-0.98581094 0.11590848 -0.12357404 -270.00537 -0.15362182 -0.91912836 0.3634668 18.399292 -0.07136122 0.3771845 0.92339164 -29.893066
-0.9871137 0.111188896 -0.12060568 -270.97986 -0.14821343 -0.91984963 0.36489037 18.252563 -0.07031429 0.3778858 0.92321956 -29.955566
-0.98729515 0.10521783 -0.11956901 -271.97388 -0.14214718 -0.9207886 0.36335543 18.103516 -0.071882546 0.37580702 0.9239284 -30.006714
-0.98785007 0.10188769 -0.118654005 -272.96326 -0.13861221 -0.92185634 0.362312 17.965088 -0.07250179 0.3743046 0.92447615 -30.060669
-0.9873103 0.09706298 -0.119431466 -273.91333 -0.13438596 -0.9216588 0.36188215 17.822632 -0.07505957 0.37376 0.92448103 -30.118774
-0.98715025 0.09371372 -0.12877673 -274.9159 -0.13474746 -0.92250043 0.36141732 17.699097 -0.08500154 0.37432382 0.92342764 -30.181274
-0.98679525 0.091286585 -0.1391258 -275.8922 -0.13621859 -0.92372316 0.35987434 17.5802 -0.09555248 0.37401515 0.92256 -30.253906
-0.9854989 0.09044012 -0.14279394 -276.86377 -0.13678105 -0.92292285 0.35966575 17.447632 -0.09922305 0.37380117 0.92213327 -30.327759
-0.986728 0.08955892 -0.13708356 -277.84058 -0.13389766 -0.9233348 0.3604493 17.326904 -0.094285935 0.37403485 0.92263955 -30.412842
-0.98701483 0.087707184 -0.13125113 -278.78455 -0.13013536 -0.92251307 0.3622241 17.209717 -0.08939204 0.3747053 0.92279506 -30.496338
-0.98784876 0.08665801 -0.13096593 -279.7411 -0.12959927 -0.92101395 0.36799017 17.095947 -0.08874704 0.38044205 0.92055917 -30.570923
-0.98725665 0.08553737 -0.13204771 -280.71204 -0.12917575 -0.9196942 0.36988539 16.98523 -0.08984927 0.38264045 0.9195701 -30.641235
-0.9876527 0.086490616 -0.13448527 -281.6671 -0.13102031 -0.92013294 0.37028125 16.861572 -0.09164284 0.3833218 0.9191186 -30.723145
-0.98705405 0.087653704 -0.13996495 -282.6234 -0.1339771 -0.9209494 0.36794016 16.727417 -0.09654365 0.3816848 0.9192803 -30.801147
-0.98613274 0.08932163 -0.14607388 -283.57153 -0.1375396 -0.92186874 0.3645706 16.594116 -0.10200103 0.379406 0.9196582 -30.88086
-0.9839598 0.091034 -0.14694472 -284.49854 -0.13846104 -0.923465 0.35524163 16.453003 -0.10350422 0.37014356 0.92313015 -30.949463
-0.98414665 0.09405241 -0.1476615 -285.44067 -0.14074026 -0.9264328 0.3480053 16.303467 -0.104083955 0.36347002 0.92576617 -31.03833
-0.98392284 0.0968125 -0.14861532 -286.4076 -0.14391671 -0.9253914 0.34995613 16.167236 -0.10366922 0.36592662 0.9248685 -31.118286
-0.9843385 0.09824393 -0.14849474 -287.32947 -0.14569966 -0.9240445 0.3543112 16.035278 -0.10245345 0.37027642 0.9232704 -31.196167
-0.98343146 0.10511289 -0.14575742 -288.2743 -0.1514354 -0.9213381 0.35724947 15.905029 -0.096822314 0.37360397 0.92253137 -31.289429
-0.98347265 0.11345396 -0.14737505 -289.219 -0.1603012 -0.91926354 0.3619949 15.756592 -0.09427343 0.37920076 0.92051727 -31.369019
-0.98141634 0.12067507 -0.14887622 -290.13855 -0.16830195 -0.9143025 0.368158 15.612061 -0.09173731 0.38666826 0.91770416 -31.441162
-0.980287 0.13334739 -0.14980677 -291.07117 -0.18021682 -0.913633 0.36604494 15.450562 -0.08796413 0.38546306 0.91851676 -31.507324
-0.9787117 0.1456954 -0.14987467 -291.99683 -0.19145887 -0.9128362 0.3627307 15.259644 -0.08387539 0.38345048 0.9197886 -31.578125
-0.9749441 0.15868859 -0.15438971 -292.92224 -0.20537968 -0.90845776 0.36348313 15.074707 -0.082482904 0.38597825 0.9187565 -31.640503
-0.97302634 0.17072733 -0.1550254 -293.8369 -0.21681246 -0.90617704 0.36306235 14.873535 -0.07839685 0.38678792 0.91880465 -31.700317
-0.9708812 0.1817544 -0.15575889 -294.74512 -0.22734143 -0.9037829 0.36240226 14.6571045 -0.07486998 0.3874447 0.9188805 -31.7594
-0.9677314 0.19739817 -0.1567116 -295.6759 -0.24247956 -0.89884615 0.36505646 14.445679 -0.06881385 0.3913956 0.9176743 -31.808472
-0.96626836 0.20975836 -0.15375052 -296.57703 -0.25286168 -0.89598835 0.36680275 14.207397 -0.06068207 0.39298114 0.917555 -31.857056
-0.9645205 0.22062731 -0.14479811 -297.4591 -0.2597141 -0.8910523 0.37218067 13.965454 -0.04698914 0.3966353 0.91678137 -31.89209
-0.9625134 0.23439205 -0.13962132 -298.35876 -0.2703809 -0.8879986 0.37306574 13.723022 -0.036532704 0.39670005 0.91724926 -31.921997
-0.9599781 0.24542536 -0.14229576 -299.24084 -0.28155237 -0.88569796 0.37196496 13.446533 -0.034641802 0.39637697 0.91740054 -31.945435
-0.9545037 0.25981736 -0.14615239 -300.13 -0.29628405 -0.88078916 0.36927 13.187622 -0.032738194 0.39578566 0.91775864 -31.95752
-0.9524591 0.26978564 -0.14371297 -300.99707 -0.30446476 -0.87925607 0.36697492 12.903076 -0.027318317 0.39353696 0.9189982 -31.966187
-0.95139986 0.27627143 -0.13610882 -301.86584 -0.30741277 -0.8786343 0.3652883 12.599609 -0.018631764 0.38957214 0.9208509 -31.96167
-0.95047486 0.28309304 -0.1273393 -302.75037 -0.31030282 -0.87798995 0.36414233 12.303955 -0.008769856 0.38573247 0.9225765 -31.975952
-0.9506042 0.28785148 -0.12342921 -303.64124 -0.3131582 -0.87908465 0.36159194 12.00769 -0.004287538 0.38221872 0.92413527 -31.962524
-0.9485241 0.29098234 -0.12214897 -304.52002 -0.31557634 -0.8776978 0.35968745 11.702148 -0.0026001353 0.37986335 0.9250253 -31.953857
-0.946736 0.29815552 -0.12212733 -305.39795 -0.32220185 -0.8763562 0.3581961 11.404297 -0.00024253502 0.37844568 0.9256258 -31.934937
-0.94365525 0.30253968 -0.12481366 -306.27466 -0.32728758 -0.87386453 0.35631025 11.088379 -0.0014382709 0.37748703 0.92595136 -31.925781
-0.94276613 0.3087527 -0.12862492 -307.1504 -0.33446354 -0.8727362 0.3565473 10.7907715 -0.002134766 0.37901193 0.92539954 -31.924683
-0.9392925 0.3153293 -0.13113743 -308.03198 -0.34150898 -0.870224 0.35356185 10.480835 -0.0027017298 0.37715286 0.92613643 -31.907837
-0.938015 0.32145593 -0.12921251 -308.89124 -0.34645915 -0.87007475 0.35033005 10.149048 0.00020980835 0.37372047 0.92760503 -31.894043
-0.935854 0.32960352 -0.12333868 -309.72644 -0.35189313 -0.87106115 0.34221643 9.822388 0.005303785 0.36373955 0.9314804 -31.875
-0.9352813 0.33538768 -0.12058142 -310.57898 -0.35623488 -0.86947805 0.344656 9.495605 0.01084677 0.36505318 0.93097353 -31.855835
-0.9318497 0.34293383 -0.120331734 -311.43567 -0.3630866 -0.8639846 0.34951147 9.185303 0.015877344 0.36917508 0.92920595 -31.827393
-0.9298524 0.34903032 -0.1214366 -312.2661 -0.3691774 -0.8626424 0.3474633 8.843384 0.016562928 0.36762667 0.92983526 -31.794678
-0.92644215 0.35501125 -0.12567131 -313.10864 -0.37631994 -0.86012816 0.34444994 8.496948 0.01425999 0.36644986 0.9303467 -31.761719
-0.9235271 0.3630198 -0.1291643 -313.9547 -0.3850605 -0.8575282 0.34295276 8.154297 0.013845928 0.3664157 0.93041813 -31.72583
-0.92181444 0.3702864 -0.12421146 -314.78833 -0.3900077 -0.8557845 0.34313208 7.7956543 0.020823095 0.36429808 0.931088 -31.693726
-0.91873586 0.3751643 -0.1220674 -315.6173 -0.39369106 -0.8515664 0.34574792 7.436157 0.025724841 0.3658836 0.9303224 -31.667236
-0.9157211 0.38240132 -0.12134904 -316.43506 -0.4001436 -0.8487106 0.34513107 7.067383 0.028979879 0.36462605 0.9306804 -31.633057
-0.9139117 0.38898355 -0.12180893 -317.266 -0.40644485 -0.8472568 0.34391218 6.6951904 0.030679835 0.36356157 0.93109596 -31.584595
-0.909812 0.39584938 -0.123336636 -318.08862 -0.41327277 -0.84179443 0.34679428 6.3256836 0.033421148 0.36656657 0.9297863 -31.55066
-0.90597475 0.4029254 -0.12532377 -318.90906 -0.42041153 -0.83633167 0.35031468 5.958252 0.036248226 0.37022924 0.92819536 -31.502563
-0.9038659 0.4089475 -0.12648156 -319.75073 -0.42634144 -0.8335564 0.35152298 5.5720215 0.038343195 0.3717584 0.9275708 -31.45752
-0.9005136 0.41573018 -0.12484692 -320.57068 -0.43218872 -0.83200246 0.34689304 5.16687 0.04035945 0.36649352 0.92953974 -31.403687
-0.8975561 0.42189008 -0.12383961 -321.3761 -0.43769464 -0.8304661 0.34314847 4.76355 0.041865703 0.36232856 0.93107337 -31.354492
-0.8960523 0.4270804 -0.12577422 -322.21887 -0.4430677 -0.827693 0.3459544 4.3651123 0.043680593 0.36555484 0.92979616 -31.29895
-0.89398265 0.43025702 -0.1263271 -323.02283 -0.44614023 -0.8249624 0.3473427 3.968872 0.045202598 0.36691934 0.92917556 -31.250244
-0.89152384 0.4351841 -0.12615593 -323.83777 -0.45038316 -0.82072604 0.3517465 3.557251 0.049530465 0.37023407 0.9275892 -31.200562
-0.8887608 0.43953356 -0.1306761 -324.64417 -0.45593646 -0.81677383 0.35368776 3.165039 0.048816442 0.37402916 0.9261678 -31.154297
-0.88625884 0.44211796 -0.1361016 -325.46008 -0.4600512 -0.81148696 0.359645 2.7503662 0.048477314 0.3814043 0.92310756 -31.103394
-0.88346726 0.44542053 -0.14011927 -326.2704 -0.46449435 -0.8075378 0.3616508 2.3321533 0.047801442 0.38477147 0.9217114 -31.043823
-0.8829695 0.44996643 -0.13729972 -327.0564 -0.46759918 -0.807285 0.3613137 1.9278564 0.05172998 0.3830992 0.92228836 -30.99707
-0.8807782 0.45347616 -0.13514882 -327.8484 -0.4700602 -0.80573004 0.36006358 1.4925537 0.054306943 0.3804302 0.9231411 -30.933105
-0.87981176 0.45540872 -0.13459483 -328.6421 -0.47175053 -0.8056225 0.35799664 1.0601807 0.05447359 0.37820083 0.9240322 -30.868286
-0.87934154 0.45730582 -0.13454019 -329.42798 -0.47354198 -0.80561656 0.35662887 0.6425781 0.05468633 0.3772598 0.92450833 -30.810791
-0.8796087 0.45587546 -0.13991746 -330.22192 -0.4742854 -0.8058649 0.35595623 0.20410156 0.04953372 0.37924513 0.92399275 -30.74585
-0.8760546 0.45919168 -0.14413092 -331.00208 -0.4790625 -0.80325145 0.35273242 -0.20935059 0.046165396 0.37825298 0.9245337 -30.690186
-0.87638986 0.46092737 -0.14595652 -331.77588 -0.48148128 -0.8046263 0.35002553 -0.633667 0.04394698 0.37662327 0.9253508 -30.632935
-0.8757249 0.45984456 -0.14183797 -332.55652 -0.47881758 -0.8031392 0.35259885 -1.057373 0.04809024 0.3767589 0.9249757 -30.579468
-0.8764543 0.46032372 -0.13815348 -333.32104 -0.47772095 -0.80293494 0.3553736 -1.4714355 0.05261355 0.3775795 0.9244504 -30.529175
-0.8769522 0.46028548 -0.13781914 -334.08582 -0.47769353 -0.8043082 0.35326362 -1.8937988 0.051694077 0.37571314 0.92529935 -30.479248
-0.8770849 0.46057227 -0.13835636 -334.84265 -0.4781411 -0.8043252 0.35350013 -2.3145752 0.051514424 0.3761327 0.92514944 -30.415161
-0.8754902 0.4623906 -0.14052163 -335.61365 -0.48048046 -0.80165166 0.3555758 -2.713379 0.051845014 0.3790433 0.923978 -30.369995
-0.87562394 0.46295348 -0.1386848 -336.38098 -0.48025745 -0.8015571 0.35642326 -3.137085 0.053936016 0.37885153 0.92393875 -30.304077
-0.87514186 0.46403545 -0.13077825 -337.12695 -0.47868302 -0.80392885 0.3507158 -3.5598145 0.05745455 0.36971197 0.9272963 -30.250244
-0.87669194 0.46581477 -0.12647462 -337.87598 -0.47906345 -0.8077039 0.34584522 -3.9852295 0.058975782 0.3635361 0.9297513 -30.18518
-0.87685275 0.4647412 -0.12518483 -338.625 -0.47733644 -0.80636704 0.34988448 -4.392334 0.061684214 0.36647132 0.9283981 -30.113037
-0.8759304 0.46429905 -0.12659283 -339.39417 -0.47718015 -0.8037537 0.35396928 -4.80249 0.062462475 0.37039524 0.92668283 -30.042847
-0.8753011 0.46702918 -0.12544239 -340.1112 -0.47932613 -0.8036086 0.35282913 -5.2004395 0.06399745 0.36886677 0.9272607 -29.980713
-0.8743895 0.46755028 -0.12897035 -340.87317 -0.48088327 -0.8010627 0.35605496 -5.6103516 0.06317196 0.37361434 0.9254709 -29.92688
-0.8728424 0.46954307 -0.13682115 -341.6328 -0.48534933 -0.7971958 0.3603213 -6.022583 0.060208507 0.38091314 0.9227198 -29.857544
-0.8714725 0.4699778 -0.14482538 -342.37842 -0.4887003 -0.7947833 0.36155358 -6.4295654 0.054937683 0.38563785 0.9210586 -29.787964
-0.86813307 0.4734664 -0.14656104 -343.08752 -0.4924822 -0.79072523 0.36268032 -6.8238525 0.055801675 0.3872162 0.92029077 -29.7406
-0.86706924 0.477741 -0.1428584 -343.812 -0.49483463 -0.78902996 0.36480814 -7.2384033 0.0615167 0.38671383 0.92011064 -29.668213
-0.86379814 0.48281616 -0.14083931 -344.55347 -0.49849382 -0.7847896 0.3670361 -7.670044 0.066702075 0.3874882 0.91945106 -29.609009
-0.86034197 0.49061066 -0.13976258 -345.25928 -0.50501895 -0.78046197 0.36904532 -8.085571 0.07202405 0.3881041 0.918831 -29.563354
-0.8544868 0.49897918 -0.14560777 -345.9757 -0.5150137 -0.77492017 0.366918 -8.508423 0.07027087 0.38827685 0.91883373 -29.484009
-0.8489008 0.50665426 -0.15343162 -346.67737 -0.5244494 -0.76550615 0.3739754 -8.934814 0.07203266 0.39754805 0.9147278 -29.401733
-0.8412562 0.5176694 -0.15330061 -347.39075 -0.53420496 -0.75704485 0.37523073 -9.381836 0.07814515 0.3975754 0.91418064 -29.320068
-0.8333 0.53073704 -0.15209043 -348.12708 -0.5453693 -0.74837875 0.3765016 -9.853882 0.08595255 0.39684144 0.9138275 -29.242188
-0.8261335 0.54167986 -0.15549149 -348.79358 -0.55608463 -0.7387699 0.3806702 -10.299561 0.09145536 0.40132442 0.9114568 -29.165771
-0.8191181 0.55173385 -0.1551062 -349.41016 -0.56459904 -0.73027587 0.38397303 -10.727539 0.09848579 0.4021099 0.9102313 -29.088379
-0.81218004 0.5643372 -0.14830118 -350.0912 -0.5732144 -0.72422445 0.38341042 -11.202148 0.10904952 0.39638662 0.9115976 -28.97705
-0.80559087 0.57648075 -0.13700311 -350.73462 -0.5794491 -0.7181915 0.3854723 -11.678101 0.12384387 0.38966605 0.91255033 -28.87561
-0.79788375 0.5879491 -0.12628931 -351.31946 -0.58585286 -0.7125067 0.38407007 -12.131836 0.1356774 0.38072947 0.91459733 -28.765015
