1 0 0 0 0 1 0 0 0 0 1 0
0.99987765 0.00060978119 0.015630526 -0.0071959519 -0.00060644774 0.99999979 -0.00021800696 -0.0031318129 -0.015630657 0.00020850121 0.99987781 0.13004865
0.9993023 0.0023982222 0.037271352 0.015026265 -0.0023971883 0.99999712 -7.2432615e-05 0.00076255836 -0.037271421 -1.6964342e-05 0.99930518 0.28175749
0.99793763 0.0051313478 0.063985566 0.011598176 -0.0052251791 0.9999855 0.0012991856 -0.0043087177 -0.063977978 -0.0016308422 0.99794998 0.40000041
0.99533866 0.0047505706 0.096324342 0.068807036 -0.0050830115 0.99998194 0.0032061746 -0.0061565048 -0.09630738 -0.0036808473 0.99534484 0.61380397
0.99070382 0.001744024 0.13602538 0.15707865 -0.0024515103 0.99998433 0.0050337945 0.0018408202 -0.13601448 -0.0053204671 0.99069256 0.83088086
0.98427845 -0.0017112754 0.17661543 0.16946416 0.00067338772 0.99998215 0.0059363098 -0.0044988772 -0.17662245 -0.0057240511 0.98426203 0.97595708
0.97581341 -0.0023795 0.21859212 0.28484188 0.0008459641 0.99997437 0.0071088377 -0.0077431198 -0.21860345 -0.0067519781 0.97579042 1.1918049
0.96403077 -0.0023173418 0.26578053 0.39438856 -0.00041623355 0.9999476 0.010228298 -0.0026930997 -0.26579033 -0.0099710203 0.9639793 1.4031215
0.94970268 -0.0058130176 0.31309906 0.55612638 0.000531109 0.99985616 0.016952416 0.014086331 -0.3131526 -0.015933466 0.94956916 1.6858315
0.93177941 -0.015196826 0.36270675 0.71741175 0.0064613989 0.9996594 0.025285031 0.0011259279 -0.36296749 -0.021216479 0.93156023 1.8401628
0.9110313 -0.021003349 0.41180192 0.8938438 0.0095139118 0.9995067 0.029930694 -0.0084275378 -0.41222746 -0.023349952 0.91078171 2.0938368
0.88586327 -0.022813096 0.46338516 1.0774362 0.0077590567 0.99937914 0.034367671 -0.0047595342 -0.46388153 -0.026849626 0.88549028 2.3300414
0.85682438 -0.025432403 0.51498073 1.2170721 0.006481448 0.99923513 0.038563557 0.025178658 -0.51556764 -0.029704375 0.85633386 2.5191205
0.82470344 -0.030137244 0.56476186 1.5169445 0.0070625377 0.99905016 0.042998866 0.021181656 -0.56552135 -0.03147266 0.82413294 2.7573586
0.78888079 -0.035977482 0.61349221 1.7252779 0.0092080494 0.9988648 0.046736677 0.022116435 -0.6144773 -0.0312206 0.78831653 2.9688368
0.75148585 -0.04058372 0.65849977 1.9305291 0.010642854 0.99872207 0.049406096 0.035417259 -0.65966339 -0.030119665 0.75095742 3.2063518
0.71008202 -0.043824912 0.70275377 2.2204017 0.011483802 0.99864923 0.050673898 0.04840001 -0.70402535 -0.027912338 0.70962613 3.4003804
0.66966017 -0.045561513 0.74126875 2.5554204 0.011110214 0.99861931 0.05134243 0.056539807 -0.74258458 -0.026146326 0.66924177 3.6453266
0.62618745 -0.045868146 0.77832213 2.9503627 0.0065037202 0.99854058 0.053613607 0.087051688 -0.77964546 -0.028510178 0.62557189 3.7914693
0.5848372 -0.047153298 0.80977896 3.0708105 0.0033825184 0.99844203 0.055696201 0.087802729 -0.81114367 -0.029834118 0.58408554 3.9168207
0.54687845 -0.048261363 0.83581981 3.4749739 0.0014476603 0.99839014 0.056701186 0.10483319 -0.8372108 -0.029798673 0.54606791 4.0986264
0.50729286 -0.050648272 0.86028405 3.9110227 0.00032489056 0.99828259 0.058581201 0.12466037 -0.8617737 -0.029438326 0.50643808 4.3877652
0.46925321 -0.050545345 0.88161586 4.401343 -0.0022909242 0.99828749 0.058453812 0.15773151 -0.88306072 -0.029449354 0.46833381 4.5729547
0.43313732 -0.049652828 0.89995921 4.8905135 -0.0037464619 0.99837367 0.056885698 0.17629474 -0.90132019 -0.028010981 0.43224687 4.7456984
0.39778688 -0.04867257 0.91618585 5.3412359 -0.0025109659 0.99853034 0.054137342 0.19657853 -0.91747445 -0.023835635 0.39708005 4.9334229
0.36757997 -0.046893532 0.92880886 5.8794888 -0.00035713627 0.99872073 0.050564567 0.22217331 -0.92999189 -0.018918233 0.36709299 5.0551537
0.34501516 -0.045097933 0.93751301 6.448205 0.00084625548 0.99885956 0.047737503 0.24398617 -0.93859677 -0.015676786 0.34465985 5.2438558
0.32258702 -0.044404099 0.94549765 7.0126903 0.0015368073 0.99892228 0.046388788 0.2706191 -0.9465386 -0.013511373 0.3223076 5.4807754
0.31067893 -0.045108484 0.94944392 7.49192 0.0028709684 0.99891326 0.04651935 0.2861005 -0.95051062 -0.011726758 0.31047081 5.6479551
0.2963151 -0.04661971 0.95395172 8.1263882 0.0039347808 0.9988591 0.047592122 0.31017399 -0.95508217 -0.010348673 0.29616047 5.8223657
0.28562305 -0.048388634 0.9571196 8.8073215 0.003032937 0.9987651 0.049588998 0.34450709 -0.95833729 -0.011260877 0.28541709 5.9784461
0.27488317 -0.05016232 0.96016817 9.4436577 0.0012057408 0.99865531 0.051827826 0.37055456 -0.96147692 -0.013088883 0.27457402 6.1781714
0.26255061 -0.051479285 0.96354397 10.217093 -0.00017163587 0.99857332 0.053397566 0.39850461 -0.96491825 -0.014184941 0.26216719 6.3944965
0.25441321 -0.053804329 0.96559771 10.835361 -0.00031108006 0.99844657 0.055716672 0.42195655 -0.9670956 -0.014475435 0.25400126 6.5849379
0.24267091 -0.055224863 0.96853547 11.633171 -0.00047011475 0.99837156 0.057043874 0.46167148 -0.9701086 -0.014298211 0.24224977 6.7593055
0.23242499 -0.056604799 0.97096573 12.346214 -0.0014035138 0.99828447 0.058533377 0.48876234 -0.97261335 -0.014967383 0.23194681 6.9424464
0.22208855 -0.059891435 0.97318529 13.052548 -0.0025314573 0.99807289 0.062000757 0.52659696 -0.97502326 -0.016233234 0.22150895 7.0483095
0.21227525 -0.063296442 0.97515778 13.847496 -0.0045144198 0.99782588 0.065750516 0.56229925 -0.97719953 -0.018359478 0.21152799 7.1981168
0.19725119 -0.066777086 0.97807602 14.682435 -0.0055105577 0.99758617 0.069220449 0.60008514 -0.98033753 -0.01904356 0.19640708 7.3448175
0.17973768 -0.069266096 0.98127289 15.354179 -0.005019149 0.99744038 0.071326673 0.6421907 -0.98370181 -0.017745245 0.17892997 7.5073036
0.17280804 -0.070347071 0.98244012 16.167717 -0.0057804494 0.99735661 0.072431919 0.67870291 -0.9849386 -0.018195763 0.17194461 7.7117026
0.15662611 -0.069710056 0.98519475 16.902063 -0.0075192262 0.99739297 0.071768579 0.7148937 -0.98762939 -0.018648735 0.15569362 7.7610695
0.13836811 -0.068676946 0.98799679 17.740553 -0.0088852907 0.99746658 0.070579579 0.75985498 -0.99034105 -0.018544601 0.13740734 7.8573715
0.11778486 -0.067252519 0.99075917 18.524259 -0.011754866 0.99753977 0.069110243 0.79264914 -0.9929696 -0.019786381 0.11670454 7.976741
0.095571642 -0.065616483 0.9932575 19.339638 -0.015939312 0.99759622 0.067436793 0.83574672 -0.99529497 -0.022276886 0.094296026 8.1435512
0.067567716 -0.065390699 0.99556947 20.097079 -0.019707886 0.99756775 0.066859491 0.86916477 -0.99752007 -0.024138112 0.06611466 8.1935916
0.030568148 -0.064944009 0.99742056 20.983037 -0.022893464 0.99757966 0.065655988 0.91412487 -0.99927051 -0.024841393 0.029007368 8.1001567
-0.0044419353 -0.064132507 0.99793146 21.974218 -0.022954772 0.99768493 0.064014488 0.9529236 -0.99972668 -0.022622941 -0.0059038005 8.1864573
-0.036811831 -0.063634659 0.99729406 22.660807 -0.025296703 0.99771005 0.062727458 0.97635821 -0.99900203 -0.022919139 -0.038337282 8.1036323
-0.069144119 -0.063146625 0.9956061 23.344385 -0.027595634 0.99773384 0.061365081 0.99872245 -0.99722498 -0.023231346 -0.07073 7.9985833
-0.10326558 -0.059408299 0.99287803 24.227564 -0.026666582 0.99802126 0.056942548 1.0696597 -0.99429633 -0.020596457 -0.10464547 7.8463532
-0.13476007 -0.054062675 0.98940228 25.268129 -0.026367778 0.99835253 0.050960348 1.0783911 -0.99052741 -0.019220919 -0.13596357 7.7588195
-0.16562736 -0.048771082 0.98498166 25.97508 -0.022693004 0.99870042 0.045634471 1.0954371 -0.98592732 -0.014793876 -0.16651888 7.6069785
-0.19574995 -0.042489458 0.97973288 26.820504 -0.016783965 0.99905974 0.039974209 1.1134153 -0.98051024 -0.0086188529 -0.19627903 7.4596201
-0.2225572 -0.036725295 0.97422763 27.619667 -0.011606267 0.99931922 0.035019778 1.1183781 -0.97485059 -0.003513241 -0.22283193 7.3097703
-0.25694628 -0.029945594 0.96596159 28.418612 -0.0014601256 0.99953071 0.03059787 1.1485025 -0.96642463 0.0064515846 -0.25686942 6.979573
-0.28465127 -0.020018561 0.95842206 29.195219 0.005061549 0.99973662 0.022384778 1.1513296 -0.95861781 0.011222957 -0.28447497 6.6716202
-0.30827574 -0.0048923549 0.95128443 29.962526 0.0094493158 0.99992169 0.0082046621 1.1360149 -0.95125015 0.011518286 -0.30820537 6.463415
-0.33271207 0.012070517 0.94295117 30.749851 0.0093725029 0.99991102 -0.0094926413 1.1093551 -0.94298193 0.0056794972 -0.33279559 6.2091478
-0.35692297 0.028873257 0.93368745 31.529743 0.0097522133 0.9995829 -0.027182998 1.068058 -0.93408295 -0.00059671648 -0.35705568 5.9347278
-0.38066226 0.037799511 0.92394121 32.334986 0.012380178 0.99928296 -0.035781215 1.0301035 -0.9246313 -0.0021820011 -0.38085728 5.5380898
-0.40412583 0.042989565 0.91369259 33.002266 0.016430045 0.99907497 -0.039739834 1.0033042 -0.91455587 -0.0010478819 -0.40445832 5.2103567
-0.42691458 0.041838811 0.90332352 33.71406 0.019358032 0.99912303 -0.037127221 0.95013883 -0.90408477 0.0016364144 -0.4273501 4.8983657
-0.44832378 0.038659953 0.89303478 34.548318 0.023200917 0.99923097 -0.031609853 0.91881427 -0.89357013 0.0065477777 -0.44887596 4.4645313
-0.46695117 0.037843656 0.88347292 35.243825 0.030255159 0.99918262 -0.026809017 0.87394267 -0.88376541 0.014211113 -0.46771446 4.1468323
-0.47951624 0.038648784 0.87668146 35.942662 0.033552454 0.99910663 -0.025693835 0.82825548 -0.87689137 0.017094204 -0.48038462 3.6980537
-0.49172112 0.041669293 0.86975511 36.646107 0.036830423 0.99895572 -0.0270369 0.7804991 -0.86997352 0.018738835 -0.49274232 3.358398
-0.50066615 0.044278396 0.86450724 37.329822 0.038494256 0.99884182 -0.028865395 0.74884023 -0.86478417 0.018826637 -0.50179076 2.8936196
-0.51047994 0.043571834 0.858785 37.993716 0.032085853 0.99898506 -0.0316126 0.68669863 -0.85929087 0.011417252 -0.51135987 2.5532577
-0.52170173 0.042045759 0.85209119 38.738822 0.030007186 0.99907114 -0.030926154 0.66298984 -0.8526001 0.0094346316 -0.52247882 2.0272762
-0.53121805 0.044131748 0.84608493 39.377235 0.032714869 0.99896613 -0.031565852 0.62669684 -0.84660332 0.010911208 -0.53211261 1.6644708
-0.53876305 0.046934621 0.84114889 40.056973 0.036810844 0.99880483 -0.032153883 0.58514238 -0.84165278 0.013640078 -0.53984684 1.2175107
-0.54151381 0.050125149 0.83919617 40.77806 0.037340531 0.99866986 -0.035555527 0.54394441 -0.83986221 0.012082222 -0.54266522 0.76740551
-0.53947619 0.051578434 0.84041957 41.388724 0.036232032 0.99861954 -0.038029711 0.49902716 -0.84122098 0.0099339857 -0.54060025 0.28513883
-0.53753686 0.052405008 0.84161023 42.157554 0.038772441 0.99854742 -0.037413125 0.45574222 -0.84234843 0.012520351 -0.53878792 -0.14385303
-0.53201562 0.051568936 0.84516269 42.934416 0.03740295 0.99860065 -0.03738667 0.41558033 -0.84590807 0.011721286 -0.53319997 -0.60559821
-0.52638301 0.050137949 0.84876796 43.656974 0.034968266 0.99869182 -0.03730779 0.37376306 -0.84952823 0.010041758 -0.52744764 -1.0703917
-0.5191775 0.049322799 0.85324201 44.456918 0.033132417 0.99874445 -0.037573474 0.31336991 -0.85402402 0.0087626688 -0.52015983 -1.4682641
-0.5113933 0.048147585 0.85799687 45.26659 0.030133435 0.99881988 -0.038089565 0.26445776 -0.85881833 0.0063756452 -0.51224065 -1.9863656
-0.50730669 0.045823292 0.86054639 46.031277 0.026341452 0.99894321 -0.03766406 0.22576137 -0.86136294 0.0035608128 -0.50797763 -2.450784
-0.50562799 0.042379875 0.86171006 46.853146 0.020809253 0.9991013 -0.036926627 0.18080173 -0.86250065 -0.00073959258 -0.50605547 -2.9331212
-0.50630548 0.040717558 0.86139235 47.70343 0.018842873 0.99916854 -0.036154781 0.13358467 -0.86214834 -0.0020742569 -0.50665175 -3.3952324
-0.50821639 0.03870691 0.86035912 48.563986 0.016772844 0.99924489 -0.035047511 0.085657557 -0.8610661 -0.0033810494 -0.50848185 -3.9049809
-0.50842399 0.038801369 0.8602322 49.476149 0.017345179 0.99924307 -0.034820009 0.035267621 -0.8609322 -0.002782446 -0.50871217 -4.4035983
-0.50791916 0.037778943 0.86057586 50.228147 0.016858314 0.99928242 -0.033918186 -0.0035362585 -0.8612398 -0.0027198371 -0.50819158 -4.8995309
-0.50857799 0.037235956 0.86021035 51.20829 0.017201405 0.99930444 -0.033087022 -0.061082177 -0.86084412 -0.0020305039 -0.50886476 -5.4397543
-0.5080675 0.036806059 0.86053045 52.052663 0.016799677 0.99931996 -0.032823543 -0.11314622 -0.86115344 -0.0022199414 -0.50834033 -5.927419
-0.50822419 0.035714518 0.86048393 53.012115 0.015009348 0.99935533 -0.032613484 -0.16992966 -0.86109405 -0.0036596578 -0.5084326 -6.4611202
-0.50825349 0.035389382 0.86048005 53.873179 0.014786411 0.99936665 -0.032367655 -0.22255401 -0.86108061 -0.0037275608 -0.50845487 -6.9712334
-0.50864704 0.033558776 0.86032083 54.719662 0.0130393 0.99942574 -0.03127566 -0.27740436 -0.86087643 -0.00469029 -0.50879253 -7.4699741
-0.50723838 0.032730057 0.86118401 55.618118 0.013295956 0.99945683 -0.030153903 -0.32162846 -0.86170326 -0.0038449514 -0.50739804 -8.0087868
-0.50624026 0.030502681 0.86185284 56.461958 0.013504326 0.99953214 -0.027443172 -0.37280183 -0.86228678 -0.0022540961 -0.50641533 -8.5081215
-0.50323277 0.029066605 0.86366188 57.377211 0.013854273 0.99957707 -0.025568324 -0.43383693 -0.86403987 -0.00090141042 -0.50342264 -8.9962843
-0.49999327 0.028753173 0.8655518 58.31517 0.014070774 0.99958648 -0.025077631 -0.47401611 -0.86591501 -0.00035966198 -0.50019109 -9.5518803
-0.49914968 0.029237017 0.86602236 59.202526 0.014457019 0.99957249 -0.025413085 -0.53425696 -0.86639521 -0.00016483097 -0.49935897 -10.046424
-0.49818991 0.029477789 0.86656668 59.988628 0.01464189 0.99956543 -0.02558434 -0.57117867 -0.86694434 -5.7685245e-05 -0.49840502 -10.51041
-0.49889931 0.031023936 0.86610446 60.904582 0.014117467 0.9995174 -0.027670759 -0.62193952 -0.866545 -0.001577721 -0.49909652 -11.022645
-0.50115515 0.032559483 0.86474466 61.833761 0.012497833 0.99946002 -0.030388793 -0.6761685 -0.86526723 -0.0044220652 -0.50129146 -11.55196
-0.50555536 0.033375366 0.86214836 62.746086 0.011713269 0.99942494 -0.03182105 -0.73284358 -0.86271469 -0.0059887258 -0.50565557 -12.051595
-0.50887131 0.031630839 0.86026125 63.548405 0.01067375 0.99947973 -0.030435889 -0.78530276 -0.86077647 -0.0063057366 -0.50894417 -12.61114
-0.51584027 0.02975995 0.85616768 64.415292 0.01434061 0.99955637 -0.026103861 -0.84400463 -0.85656478 -0.0011874553 -0.51603821 -13.068007
-0.52114338 0.027879854 0.85301362 65.279409 0.012182046 0.99960748 -0.025228573 -0.88026643 -0.85338224 -0.0027562525 -0.52127845 -13.5897
-0.52598227 0.030127637 0.84996172 66.117742 0.012872597 0.99953992 -0.027463609 -0.94337983 -0.85039815 -0.0035041559 -0.52612809 -14.093219
-0.5311935 0.032495752 0.84662709 66.952715 0.013288055 0.99946083 -0.030024673 -0.99201042 -0.84714636 -0.0046988834 -0.5313389 -14.615266
-0.53684098 0.032514802 0.84305663 67.782607 0.011943991 0.99944985 -0.03094085 -1.0396895 -0.84359893 -0.0065408544 -0.536934 -15.119037
-0.54038869 0.033030127 0.84076692 68.610222 0.010798896 0.99941916 -0.032322083 -1.0939955 -0.84134625 -0.0083871327 -0.5404315 -15.645665
-0.54322682 0.031890047 0.83898009 69.378938 0.010406509 0.99945737 -0.03125181 -1.1501423 -0.83952152 -0.0082459671 -0.54326391 -16.17031
-0.54697449 0.025947212 0.83674703 70.276293 0.012904314 0.99966212 -0.022563705 -1.1989116 -0.83704984 -0.0015441237 -0.54712451 -16.72416
-0.54756468 0.01803169 0.83656902 71.111396 0.013690485 0.99982702 -0.012589689 -1.2297173 -0.83665139 0.0045593679 -0.54771682 -17.274584
-0.55004381 0.015907822 0.83498425 71.852334 0.014757759 0.9998476 -0.0093271007 -1.255812 -0.83500544 0.0071921835 -0.55019474 -17.744936
-0.55117256 0.020349175 0.83414307 72.673839 0.013746833 0.99978834 -0.015306715 -1.3012822 -0.83427807 0.0030301854 -0.55133564 -18.305416
-0.55128526 0.024978333 0.8339428 73.530232 0.013409766 0.9996879 -0.0210781 -1.3595599 -0.83420909 -0.00043706708 -0.55144815 -18.875684
-0.5538075 0.030611743 0.83208179 74.391293 0.020639772 0.99952159 -0.023034558 -1.3785417 -0.83238892 0.0044172686 -0.55417438 -19.396607
-0.55311562 0.031806264 0.8324971 75.128296 0.024005431 0.99946451 -0.022236056 -1.4279897 -0.83275862 0.0076853422 -0.55358295 -19.908131
-0.5524785 0.028907079 0.8330257 75.93707 0.022845631 0.99954815 -0.019533967 -1.4787718 -0.83321404 0.0082389017 -0.55288927 -20.467195
-0.55267287 0.02407962 0.8330503 76.642674 0.02139427 0.99966301 -0.014701959 -1.4983972 -0.83312366 0.0096971302 -0.5530018 -20.922692
-0.55233294 0.018059808 0.83342792 77.444949 0.01996886 0.99976506 -0.0084303689 -1.5254292 -0.83338444 0.011986236 -0.55256381 -21.447097
-0.55071627 0.010975976 0.83462031 78.246217 0.010725591 0.99992404 -0.0060726829 -1.5538199 -0.83462363 0.0056074713 -0.55079216 -21.952501
-0.54872042 0.0055859713 0.83598722 79.098705 0.0018252582 0.9999833 -0.0054837206 -1.5890429 -0.83600396 -0.0014831362 -0.54872145 -22.500345
-0.54781814 0.0058877486 0.83657669 79.817211 0.0047592602 0.99998099 -0.0039212502 -1.6069211 -0.83658395 0.001833355 -0.54783574 -22.992096
-0.54530215 0.010721451 0.83817096 80.537402 0.012472619 0.99991128 -0.0046758395 -1.6236942 -0.8381468 0.007904443 -0.54538749 -23.430714
-0.54017005 0.013747999 0.84144355 81.241159 0.012893134 0.9998844 -0.0080598687 -1.6488823 -0.84145716 0.0064951454 -0.54028486 -23.888877
-0.5314709 0.015092449 0.84694205 82.02184 0.016907791 0.99983108 -0.0072069871 -1.6763539 -0.84690783 0.010489616 -0.5316363 -24.418823
-0.52477403 0.01885964 0.85103259 82.789738 0.02537982 0.99965673 -0.00650327 -1.7144244 -0.85086317 0.018186308 -0.52507255 -24.894118
-0.51350578 0.01815097 0.8578941 83.558079 0.023901424 0.99969089 -0.0068444806 -1.7302224 -0.85775323 0.016990211 -0.51378089 -25.370746
-0.50158401 0.015538332 0.86496935 84.406584 0.01995573 0.99978046 -0.0063880241 -1.754002 -0.86487878 0.014056965 -0.50178397 -25.863738
-0.49046962 0.011416321 0.87138347 85.285685 0.01987856 0.99980058 -0.001909852 -1.7932707 -0.87123158 0.016385126 -0.49059875 -26.307924
-0.48228665 0.010623226 0.87594901 85.947875 0.02030702 0.99979335 -0.00094437604 -1.8048397 -0.8757781 0.017332455 -0.48240271 -26.68227
-0.46889484 0.0095069923 0.88320279 86.936049 0.019492059 0.99980993 -0.00041378815 -1.8322639 -0.88303893 0.017021419 -0.46899103 -27.180572
-0.45670141 0.011116205 0.88955055 87.698816 0.022193629 0.99975309 -0.0010989795 -1.8509018 -0.8893432 0.01924045 -0.45683535 -27.56762
-0.44456171 0.013283083 0.89564969 88.516901 0.020681543 0.99977571 -0.0045619182 -1.8938092 -0.89550948 0.016495365 -0.44473672 -27.990997
-0.43358883 0.024285627 0.90078347 89.401939 0.025147741 0.99957353 -0.014844289 -1.9012333 -0.90075989 0.016216353 -0.43401464 -28.40047
-0.4221262 0.029532809 0.90605586 90.233503 0.025827092 0.99945529 -0.020544461 -1.9262186 -0.90616914 0.014728434 -0.42265901 -28.744448
-0.40938305 0.023953286 0.91204807 91.051926 0.019417559 0.99965762 -0.0175384 -1.9688429 -0.91215599 0.010529824 -0.409708 -29.120521
-0.39784295 0.021815043 0.9171941 91.875958 0.023540468 0.99963085 -0.013564828 -2.0030726 -0.91715152 0.016194508 -0.39820963 -29.468616
-0.38777071 0.022546594 0.92148003 92.716684 0.020855054 0.99965949 -0.015683397 -2.0365342 -0.92151995 0.013135955 -0.38810888 -29.810286
-0.38013614 0.026720139 0.92454447 93.602912 0.015691366 0.99962508 -0.022438363 -2.0771104 -0.92479748 0.0059777342 -0.38041289 -30.174795
-0.3758169 0.030806166 0.92618171 94.423784 0.0068655833 0.99951243 -0.030459403 -2.1187335 -0.92666854 -0.0050883801 -0.37584517 -30.471093
-0.37162766 0.033028609 0.92779411 95.261073 0.0039357931 0.99941402 -0.034001729 -2.15977 -0.92837356 -0.0089843769 -0.37153989 -30.821106
-0.36844038 0.033685038 0.92904087 96.124471 0.0050483218 0.99940109 -0.034234077 -2.1996702 -0.92963771 -0.0079231184 -0.36838977 -31.145383
-0.36363968 0.034124076 0.93091442 96.977346 0.0060469957 0.99939424 -0.03427219 -2.2418 -0.9315201 -0.0068334922 -0.36362576 -31.448789
-0.35809512 0.029790862 0.93320968 97.824191 0.0023727957 0.99951666 -0.03099708 -2.2950893 -0.93368213 -0.0088855865 -0.35799273 -31.770542
-0.35284166 0.025516608 0.93533502 98.727589 0.0017930326 0.99964469 -0.026594625 -2.3488308 -0.93568137 -0.0077066046 -0.35276204 -32.101224
-0.3460485 0.021930848 0.93796023 99.629837 -0.0017159074 0.9997103 -0.024007713 -2.396985 -0.9382151 -0.0099172853 -0.34591062 -32.427369
-0.34113749 0.021095181 0.93977664 100.43098 -0.0051122414 0.99969174 -0.02429583 -2.4327674 -0.93999955 -0.013092583 -0.34092448 -32.684217
-0.33483357 0.020106978 0.94206269 101.22954 -0.017933697 0.99945523 -0.02770604 -2.4693329 -0.94210665 -0.026171579 -0.33429057 -32.980652
-0.32805573 0.023902989 0.94435587 102.1231 -0.014857476 0.99942561 -0.030458155 -2.5207574 -0.94454157 -0.024022716 -0.32751216 -33.258924
-0.3211061 0.027943329 0.94663085 102.96366 -0.012762402 0.99934616 -0.033828542 -2.5657678 -0.94695727 -0.022943834 -0.32053953 -33.540771
-0.31514949 0.026201959 0.94868023 103.77367 -0.014528895 0.99936846 -0.032428401 -2.6051999 -0.94893086 -0.024003069 -0.31456978 -33.800964
-0.30790913 0.020649943 0.9511916 104.67858 -0.015981127 0.99951113 -0.026872168 -2.6494522 -0.95128158 -0.0234753 -0.3074286 -34.079279
-0.30077723 0.01778833 0.95352848 105.53975 -0.016708907 0.99957428 -0.023917916 -2.6960655 -0.95354808 -0.023126383 -0.30035197 -34.340308
-0.29369085 0.021063441 0.95566832 106.4311 -0.018408606 0.99944716 -0.027685582 -2.7416424 -0.95572323 -0.025723523 -0.29314074 -34.602588
-0.28820379 0.023495654 0.95728076 107.24458 -0.019649476 0.99934332 -0.030443813 -2.7813341 -0.95736751 -0.027584087 -0.28755286 -34.846141
-0.28062573 0.024974438 0.95949226 108.186 -0.019877638 0.9992958 -0.03182415 -2.8226277 -0.95961146 -0.028003114 -0.27993168 -35.11514
-0.27339977 0.0240844 0.96159889 109.03366 -0.019772699 0.99933455 -0.030651265 -2.8673328 -0.96169729 -0.027393454 -0.27274162 -35.344019
-0.26563544 0.023476738 0.96378762 109.93566 -0.017936434 0.99941007 -0.029288029 -2.9176118 -0.96390672 -0.025066852 -0.26505765 -35.583165
-0.25910751 0.024775035 0.96553064 110.62499 -0.013204676 0.99948666 -0.029189903 -2.9553009 -0.96575826 -0.020312842 -0.25864735 -35.761788
-0.25186718 0.025454311 0.96742696 111.52381 -0.012012874 0.99949479 -0.029425578 -2.996626 -0.96768729 -0.019032915 -0.25143416 -35.996656
-0.24483617 0.024418627 0.96925688 112.45323 -0.018431479 0.99938493 -0.029833473 -3.0415378 -0.9693893 -0.025169151 -0.24423551 -36.212995
-0.23877977 0.022562077 0.97081156 113.30289 -0.022444771 0.99933474 -0.028745458 -3.0836025 -0.97081437 -0.028653477 -0.23811452 -36.410819
-0.23375944 0.022827799 0.97202641 114.19143 -0.019922308 0.99940201 -0.028261757 -3.1241456 -0.97209038 -0.025971462 -0.23316487 -36.632546
-0.22985582 0.022711589 0.97295961 115.05371 -0.018748257 0.99943882 -0.027758848 -3.1742975 -0.97304413 -0.024621829 -0.22930103 -36.824631
-0.22597417 0.024424536 0.973827 115.866 -0.017187908 0.99943003 -0.029055095 -3.2100469 -0.97398169 -0.02330375 -0.22542557 -36.997365
-0.21894313 0.023612633 0.97545183 116.78277 -0.011556102 0.99957428 -0.026790362 -3.2442868 -0.97566923 -0.017137986 -0.21857706 -37.204763
-0.2133222 0.022278123 0.97672783 117.7572 -0.004509119 0.99970688 -0.023787063 -3.2956402 -0.97697154 -0.0094784899 -0.21315921 -37.431764
-0.20877193 0.021382064 0.97773054 118.49179 -0.0011195275 0.99975508 -0.022102769 -3.3301889 -0.97796376 -0.0057090333 -0.20869686 -37.582448
-0.2047816 0.023077924 0.97853555 119.42622 -0.0030354576 0.99970223 -0.024212362 -3.3690239 -0.97880302 -0.0079285488 -0.20465057 -37.754211
-0.20222221 0.02508874 0.97901821 120.15164 -0.0050925796 0.99963135 -0.026668883 -3.4011435 -0.97932647 -0.010378768 -0.20201989 -37.887056
-0.20021137 0.023459114 0.97947179 121.0493 -0.010401724 0.99960607 -0.026067534 -3.446338 -0.97969755 -0.015407211 -0.19988849 -38.067666
-0.1999225 0.022558023 0.97955196 121.89898 -0.010844514 0.99962276 -0.025233551 -3.4854999 -0.97975174 -0.015667518 -0.19960245 -38.224495
-0.19910167 0.018425142 0.97980557 122.74737 -0.0082161824 0.99975671 -0.020469892 -3.5195372 -0.97994444 -0.01212585 -0.19890185 -38.395525
-0.19770178 0.013449327 0.9801699 123.61863 -0.0075621497 0.9998552 -0.015244733 -3.5583208 -0.98023308 -0.010426102 -0.19757145 -38.567819
-0.19563703 0.011064936 0.98061391 124.58269 -0.0066581577 0.99989831 -0.012610867 -3.5942404 -0.98065381 -0.008996234 -0.19554347 -38.75423
-0.19601644 0.015583984 0.98047673 125.3362 -0.0092079348 0.99980038 -0.017731965 -3.6249083 -0.98055742 -0.012503922 -0.19583381 -38.886957
-0.19471097 0.019783166 0.98066109 126.20342 -0.0084328521 0.99972587 -0.021842113 -3.6577099 -0.98082445 -0.012522668 -0.19449077 -39.07213
-0.19406845 0.0191624 0.98080077 127.20094 -0.010054922 0.99971782 -0.021521531 -3.6950069 -0.9809365 -0.014038525 -0.19382102 -39.263128
-0.19484764 0.017757784 0.98067272 127.95017 -0.013043286 0.99970077 -0.020693879 -3.7279677 -0.98074683 -0.016823347 -0.19455772 -39.396041
-0.19280409 0.01821294 0.98106819 128.86338 -0.0080356085 0.99976489 -0.020139227 -3.7745557 -0.98120441 -0.011766405 -0.19261241 -39.592844
-0.1926863 0.020702688 0.98104195 129.71305 -0.011104809 0.99966738 -0.023276829 -3.8137468 -0.98119761 -0.015379409 -0.19239232 -39.728659
-0.19270299 0.02209145 0.98100838 130.58925 -0.019856768 0.99945403 -0.026407364 -3.8408987 -0.98105624 -0.024568433 -0.19215912 -39.890529
-0.19288286 0.023265993 0.98094588 131.32084 -0.024553107 0.99929137 -0.028528973 -3.8756928 -0.98091459 -0.029588019 -0.19217493 -40.02735
-0.19262246 0.026466798 0.98091591 132.14661 -0.025557316 0.99916177 -0.031977791 -3.9251416 -0.98094011 -0.031229218 -0.19178458 -40.171434
-0.19161734 0.027295323 0.98109005 133.02341 -0.021703728 0.99925093 -0.032039552 -3.9693367 -0.98122975 -0.027432645 -0.1908814 -40.354976
-0.19010219 0.028999143 0.98133589 133.84237 -0.020830976 0.9992195 -0.033562944 -4.0137228 -0.98154333 -0.026822574 -0.18934974 -40.49656
-0.18798066 0.027359535 0.98179155 134.68009 -0.020695842 0.99927966 -0.031809444 -4.05807 -0.9819547 -0.026298562 -0.18727903 -40.655388
-0.18483736 0.025053727 0.98244968 135.49584 -0.008142764 0.99960164 -0.027023096 -4.1014811 -0.98273543 -0.012994733 -0.18455972 -40.810305
-0.18298313 0.021044729 0.98289074 136.28767 -0.0004009388 0.99976918 -0.021480755 -4.1287223 -0.98311601 -0.0043246939 -0.18293246 -40.96642
-0.17911958 0.020910778 0.98360502 137.12097 0.0038421235 0.99978134 -0.020555004 -4.1621338 -0.98381985 9.7329263e-05 -0.17916076 -41.109765
-0.1746649 0.024862222 0.98431395 137.82881 -0.00027685174 0.99967988 -0.025299467 -4.208635 -0.98462794 -0.004691437 -0.1746021 -41.242479
-0.16793287 0.028345167 0.9853908 138.67261 0.00048324871 0.99958878 -0.02867122 -4.2494302 -0.98579836 -0.0043386506 -0.16787751 -41.368707
-0.15957809 0.028813542 0.98676468 139.60477 -0.0035400488 0.99955082 -0.029759387 -4.2955446 -0.987179 -0.0082421406 -0.15940441 -41.501476
-0.14892153 0.025781166 0.98851284 140.43257 0.0082795776 0.99965754 -0.024824492 -4.3151311 -0.9888144 0.0044875684 -0.14908399 -41.640496
-0.13745112 0.024208433 0.99021263 141.12786 0.016052733 0.99962444 -0.022210253 -4.3498643 -0.9903785 0.012842796 -0.13778811 -41.739697
-0.12435035 0.026314187 0.99188934 141.94566 0.015199073 0.99958151 -0.02461279 -4.3935037 -0.992122 0.012015191 -0.12469826 -41.836078
-0.11008824 0.027193663 0.9935497 142.70597 0.012114872 0.9995881 -0.026016571 -4.4296598 -0.99384802 0.0091726096 -0.11037234 -41.905779
-0.096282953 0.027253509 0.99498078 143.46214 0.013959627 0.99956374 -0.026028185 -4.4682089 -0.99525615 0.011383491 -0.096621399 -41.97002
-0.082610786 0.028751406 0.99616702 144.26464 0.018501617 0.99945572 -0.027312009 -4.4976212 -0.99641017 0.016174436 -0.083097772 -42.049068
-0.0684943 0.034520564 0.99705405 145.08674 0.014731077 0.99932722 -0.03358729 -4.5581573 -0.99754279 0.012387143 -0.068956745 -42.080254
-0.055225869 0.043618729 0.99752064 145.89186 0.0049833936 0.99904494 -0.043409484 -4.6094086 -0.99846149 0.0025737123 -0.055390496 -42.106655
-0.041437662 0.052449144 0.99776346 146.69991 -4.4523726e-05 0.99862113 -0.052496076 -4.6474125 -0.99914113 -0.002219738 -0.041378192 -42.127052
-0.028294017 0.053509271 0.99816638 147.43217 -0.00038109384 0.99856555 -0.053541471 -4.6932849 -0.99959961 -0.0018952975 -0.02823304 -42.142359
-0.01426575 0.04926245 0.99868394 148.4168 -0.0026956593 0.9987801 -0.049305698 -4.7644885 -0.99989465 -0.0033954937 -0.014115554 -42.143847
-0.0046418218 0.046533181 0.99890592 149.02982 -0.0032323952 0.9989108 -0.046548428 -4.8076708 -0.99998404 -0.0034449274 -0.0044863538 -42.134303
0.0050121443 0.052324193 0.99861753 149.83559 -0.0072481557 0.99860578 -0.052287196 -4.8720706 -0.99996121 -0.0069760637 0.0053844086 -42.117777
0.010850217 0.061177575 0.99806788 150.60354 -0.01472875 0.99802817 -0.06101502 -4.9186361 -0.9998327 -0.014038265 0.01172989 -42.093663
0.013935042 0.064515749 0.99781935 151.25359 -0.020500556 0.99772496 -0.064223344 -4.9689735 -0.99969277 -0.019560896 0.015225946 -42.070889
0.01288271 0.059989358 0.99811584 151.90109 -0.023556038 0.9979399 -0.059674743 -5.020792 -0.99963955 -0.022742882 0.01426928 -42.050007
0.011918439 0.0546184 0.99843613 152.74082 -0.01742407 0.99836683 -0.054406614 -5.0958569 -0.99977719 -0.016748379 0.012850647 -42.025942
0.0089248644 0.052300714 0.99859146 153.51913 -0.016957541 0.99849558 -0.052144133 -5.1392716 -0.99981642 -0.016468276 0.0097983276 -42.019911
0.0059623939 0.052310964 0.998613 154.22388 -0.01470073 0.99852746 -0.052218708 -5.1952267 -0.9998742 -0.014368991 0.0067226219 -42.022608
0.0023104639 0.052653252 0.99861014 154.93532 -0.019993553 0.99841567 -0.052596738 -5.2515147 -0.99979748 -0.019844242 0.0033595275 -42.017368
-0.0014764194 0.050695858 0.998713 155.71465 -0.016607266 0.99857516 -0.05071341 -5.3029033 -0.99986104 -0.016660767 -0.00063239765 -42.017213
-0.0078568025 0.051109373 0.99866211 156.4001 -0.019255773 0.99850007 -0.051252569 -5.3532312 -0.99978376 -0.019632692 -0.0068608689 -42.001372
-0.013833642 0.049249648 0.99869065 157.20719 -0.018759808 0.99859768 -0.049504918 -5.4033395 -0.99972836 -0.019420078 -0.012890331 -42.013381
-0.019575401 0.046579399 0.99872272 157.84785 -0.011070012 0.99884285 -0.046801976 -5.4408281 -0.99974714 -0.01197204 -0.019037116 -42.028352
-0.026813911 0.046563318 0.99855535 158.45472 -0.01799044 0.9987303 -0.047054567 -5.492711 -0.99947859 -0.019226167 -0.025942172 -42.043229
-0.029620629 0.047679249 0.99842337 159.39987 -0.016392771 0.99870419 -0.048178989 -5.5467606 -0.99942683 -0.017794017 -0.028800653 -42.057272
-0.034659205 0.0501774 0.99813871 160.07031 -0.020913819 0.99848369 -0.050920948 -5.601716 -0.99918038 -0.022639772 -0.033557251 -42.078265
-0.036531453 0.052074281 0.99797477 160.78712 -0.017221037 0.99846031 -0.052730001 -5.6495905 -0.99918415 -0.019112463 -0.035578435 -42.103652
-0.038310208 0.053718796 0.99782089 161.48924 -0.01476052 0.99841461 -0.054317471 -5.7022584 -0.99915691 -0.016809269 -0.037456555 -42.130901
-0.038474867 0.051824995 0.99791471 162.12258 -0.0103769 0.99857962 -0.052259608 -5.7498593 -0.99920573 -0.012365942 -0.037882437 -42.162098
-0.033553475 0.047903467 0.9982882 162.97541 -0.0075770232 0.99880978 -0.048183165 -5.8036465 -0.99940824 -0.0091807648 -0.033150575 -42.172928
-0.026679869 0.047745646 0.99850311 163.69685 -0.0043321686 0.99884381 -0.047877691 -5.853831 -0.99963468 -0.0056030536 -0.026442181 -42.209127
-0.016203369 0.049332922 0.9986509 164.33205 -0.0059991116 0.9987593 -0.049435612 -5.9046098 -0.99985076 -0.006792041 -0.015887314 -42.193809
-0.0028139255 0.049283036 0.99878085 164.96337 -0.00053157237 0.99878463 -0.049284719 -5.9484353 -0.99999594 -0.000669607 -0.0027843096 -42.211958
0.013368342 0.046964215 0.99880707 165.70873 -0.0023999596 0.998895 -0.046936226 -5.9961068 -0.9999078 -0.0017696363 0.013466281 -42.170253
0.029120258 0.041866807 0.9986987 166.39119 -0.0055554377 0.9991138 -0.04172222 -6.0362286 -0.99956052 -0.0043332458 0.029327038 -42.136761
0.045457229 0.035534653 0.99833403 167.03693 -0.0088486103 0.99934225 -0.035167634 -6.079689 -0.99892714 -0.0072352449 0.04574176 -42.097203
0.061739237 0.028021181 0.99769885 167.70746 -0.0057802272 0.9995991 -0.02771686 -6.1064035 -0.99807562 -0.0040557075 0.061876454 -42.042593
0.081016921 0.020466188 0.99650254 168.43229 -0.0082269132 0.99976883 -0.019864412 -6.147803 -0.99667882 -0.0065887857 0.081166565 -41.969647
0.097888021 0.014080388 0.99509778 169.10181 -0.0090004343 0.99987154 -0.01326256 -6.1810237 -0.99515678 -0.0076580657 0.098002175 -41.882233
0.11574508 0.011848078 0.99320824 169.77202 -0.010467566 0.99988788 -0.010707905 -6.2064211 -0.99322384 -0.0091570853 0.11585612 -41.791925
0.13467418 0.010992612 0.99082892 170.41289 -0.011902421 0.99988427 -0.0094752892 -6.2336233 -0.99081849 -0.010517186 0.13478944 -41.692397
0.15200671 0.010263879 0.98832613 171.08064 -0.010961288 0.99990209 -0.0086982262 -6.2471724 -0.98831872 -0.0095111384 0.15210433 -41.581426
0.16794175 0.010313215 0.98574293 171.66611 -0.019168436 0.99979038 -0.0071944441 -6.2646997 -0.98561058 -0.017686903 0.16810423 -41.459438
0.18200613 0.0062541995 0.98327746 172.30294 -0.019585956 0.99980444 -0.0027339301 -6.2812184 -0.98310236 -0.018760837 0.18209303 -41.326767
0.19474105 0.0024199399 0.98085166 172.9521 -0.017945656 0.99983836 0.0010961978 -6.3016662 -0.98069055 -0.017815501 0.194753 -41.187101
0.20585859 0.0005697478 0.97858154 173.6021 -0.01327182 0.99990948 0.0022097517 -6.3150056 -0.97849179 -0.013442453 0.20584752 -41.058925
0.21596831 0.0041796116 0.97639139 174.28074 -0.01626205 0.99986753 -0.00068309722 -6.33388 -0.97626498 -0.015730597 0.21600766 -40.895671
0.22420529 0.011064643 0.97447908 174.79353 -0.020956119 0.99975907 -0.0065301599 -6.3522494 -0.97431664 -0.018957203 0.22438314 -40.748697
0.2338805 0.021302879 0.9720319 175.4455 -0.02268812 0.99960728 -0.016448229 -6.3700718 -0.97200064 -0.018206656 0.23427197 -40.594692
0.24219567 0.028211876 0.96981713 175.98333 -0.017358825 0.99954316 -0.024741525 -6.3817469 -0.97007217 -0.010842595 0.24257475 -40.450843
0.24975413 0.026831803 0.96793742 176.75184 -0.017648545 0.9995761 -0.023155042 -6.4018729 -0.96814848 -0.011299619 0.2501218 -40.260812
0.25424132 0.019258651 0.966949 177.16277 -0.019085927 0.99970692 -0.014892797 -6.4145039 -0.96695251 -0.014668753 0.25453438 -40.120538
0.25877403 0.0084067094 0.96590126 177.80424 -0.023430923 0.99972252 -0.0024237077 -6.4435115 -0.9656537 -0.022004765 0.2588992 -39.927456
0.261176 -0.0012208329 0.96529039 178.4653 -0.021695932 0.99973916 0.0071346109 -6.4650046 -0.96504739 -0.022806263 0.26108138 -39.759812
0.26263252 -0.0019772736 0.96489387 179.03316 -0.018543619 0.99980287 0.00709616 -6.4796666 -0.96471777 -0.019756306 0.26254408 -39.593313
0.26227579 0.0016281243 0.96499155 179.61607 -0.018300992 0.99982712 0.0032871421 -6.4781161 -0.96481945 -0.01852244 0.26226024 -39.463324
0.26442565 0.0012029676 0.96440528 180.20759 -0.014904406 0.99988489 0.0028393441 -6.4954719 -0.96429094 -0.015124683 0.26441314 -39.272958
0.26637986 -0.00037902746 0.96386801 180.82838 -0.016636509 0.99984915 0.0049909338 -6.4858973 -0.96372458 -0.017364883 0.26633337 -39.098637
0.26821473 -0.0050024762 0.96334613 181.39208 -0.016103559 0.99982351 0.0096754478 -6.5047012 -0.96322459 -0.018108398 0.26808683 -38.927112
0.27199711 -0.010184424 0.96224413 182.02529 -0.015467477 0.99976854 0.014953768 -6.5157278 -0.96217379 -0.01895087 0.27177663 -38.747739
0.27647308 -0.013444085 0.96092758 182.64143 -0.013805333 0.99974341 0.017959146 -6.525172 -0.96092254 -0.018231145 0.27621654 -38.548903
0.28260241 -0.014832877 0.9591224 183.34194 -0.013034947 0.99972873 0.019301562 -6.5140135 -0.95914861 -0.017956777 0.2823324 -38.363082
0.2908153 -0.017960686 0.95661058 183.91542 -0.011621272 0.99968373 0.022302334 -6.5153881 -0.95670867 -0.017602891 0.2905146 -38.180146
0.29966474 -0.020661697 0.95382077 184.55182 -0.0075256009 0.99968316 0.02401951 -6.5173672 -0.95401493 -0.014375874 0.29941431 -37.982732
0.31090699 -0.018125423 0.95026745 185.18751 -0.010722278 0.99968763 0.022576162 -6.5194563 -0.9503799 -0.017208118 0.31061553 -37.753862
0.32277028 -0.014262892 0.94636982 185.7591 -0.011909883 0.99974608 0.019129336 -6.5182386 -0.94640244 -0.017445535 0.32251846 -37.524472
0.33369684 -0.0099592267 0.94262779 186.37778 -0.014664429 0.99976835 0.015754249 -6.5153009 -0.94256642 -0.019080241 0.33347349 -37.307361
0.34506159 -0.010059992 0.93852609 186.94943 -0.011866335 0.99981588 0.015079769 -6.5089637 -0.93850507 -0.016340313 0.34487868 -37.079744
0.35735514 -0.013409554 0.93387227 187.61891 -0.010470743 0.99977656 0.018362609 -6.5124748 -0.93390992 -0.016340309 0.35713489 -36.813894
0.3678895 -0.015420971 0.9297416 188.18823 -0.0098512665 0.99974173 0.020480062 -6.5091922 -0.92981737 -0.016693531 0.36764256 -36.565114
0.37855534 -0.015553498 0.92544793 188.84703 -0.013253572 0.9996652 0.022222213 -6.512481 -0.9254838 -0.020677828 0.37822246 -36.299857
0.38915952 -0.017095331 0.9210117 189.49082 -0.014747648 0.99958402 0.024785143 -6.5020807 -0.92105236 -0.023228131 0.38874552 -36.010452
0.39606012 -0.01562657 0.91809156 190.11165 -0.01946467 0.99948762 0.02540895 -6.5032214 -0.91801829 -0.027933821 0.39555302 -35.72633
0.40047145 -0.018214661 0.91612814 190.7512 -0.019991009 0.99939076 0.028608871 -6.4930121 -0.91609118 -0.029771362 0.39986334 -35.423848
0.40236007 -0.023691145 0.91517487 191.39213 -0.013641549 0.99939896 0.031869013 -6.4849159 -0.9153799 -0.025307221 0.40179504 -35.14916
0.40283807 -0.020829719 0.91503418 192.04596 -0.013845196 0.99948794 0.028847474 -6.4813224 -0.91516658 -0.024289688 0.4023434 -34.851819
0.40186358 -0.021152508 0.91545517 192.74046 -0.010789042 0.99955439 0.027831843 -6.4682239 -0.91563602 -0.021061488 0.40145629 -34.583786
0.4008693 -0.019768778 0.9159219 193.37088 -0.0082511664 0.9996487 0.02518716 -6.4709031 -0.91609814 -0.017654183 0.40056535 -34.288737
0.40089442 -0.021201793 0.91587886 194.06555 -0.0045648032 0.99967353 0.025139651 -6.4492193 -0.91611293 -0.014259152 0.40066675 -33.979303
0.40005191 -0.027543105 0.91607848 194.74621 -0.0012990817 0.99953027 0.030619502 -6.4461305 -0.9164916 -0.013439451 0.39982821 -33.679671
0.39985655 -0.030274589 0.91607757 195.42972 -0.00088220845 0.99944118 0.033414668 -6.4327498 -0.91657735 -0.014169245 0.3996064 -33.386863
0.39788052 -0.032892387 0.91684738 196.12008 9.9908027e-05 0.99935864 0.035809165 -6.4205788 -0.91743728 -0.014156168 0.39762862 -33.096349
0.39572507 -0.033286101 0.91776557 196.82067 -0.00045694902 0.99933568 0.036441566 -6.408796 -0.91836895 -0.014840213 0.39544697 -32.801103
0.39341698 -0.034002575 0.9187311 197.50949 -0.00054403077 0.99930703 0.037217683 -6.3954965 -0.91936003 -0.015141886 0.39312586 -32.513839
0.39324076 -0.032497534 0.918861 198.15029 -0.0022867603 0.99933751 0.036322416 -6.3851801 -0.91943273 -0.016384669 0.39290592 -32.171868
0.39158835 -0.029702506 0.91966095 198.8513 -0.0010164023 0.99946428 0.032712714 -6.378726 -0.92013999 -0.013744662 0.39134837 -31.904844
0.39094337 -0.023319488 0.92011924 199.5713 -0.0018951922 0.99965648 0.026140514 -6.3757826 -0.92041282 -0.011963263 0.39076488 -31.604727
0.38958909 -0.020657747 0.92075704 200.23048 -0.002952074 0.99971527 0.023678299 -6.3595086 -0.92098409 -0.011942949 0.38941717 -31.31455
0.38825032 -0.022431971 0.92128086 200.93582 -0.0052702635 0.99963331 0.026560767 -6.349651 -0.92153892 -0.015167619 0.38798972 -31.006649
0.38614379 -0.026060411 0.92207037 201.63223 -0.0064580316 0.99949997 0.030953287 -6.3518435 -0.92241603 -0.017907179 0.3857824 -30.726785
0.38368347 -0.026346713 0.92308872 202.28457 -0.0088682758 0.99944171 0.032212087 -6.3465205 -0.92342213 -0.02054545 0.38323561 -30.398727
0.38018239 -0.025262055 0.92456644 202.98648 -0.013974307 0.99935594 0.033051784 -6.3434492 -0.924806 -0.025485882 0.37958451 -30.160247
0.37485115 -0.026510535 0.92670585 203.6176 -0.012328543 0.99936013 0.033575853 -6.3309873 -0.92700307 -0.024010879 0.37428445 -29.891602
0.36383162 -0.027061315 0.93107152 204.38327 -0.012159291 0.99935474 0.03379739 -6.3135354 -0.93138541 -0.023617729 0.3632678 -29.578069
