1.000000000000000000e+00 4.398956837314658088e-19 2.733407509747682871e-20 -8.673617379884035472e-19 -5.583667658079949532e-19 1.000000000000000000e+00 -6.100159232558060012e-19 0.000000000000000000e+00 4.145284534913582806e-20 -2.210423569125054137e-19 1.000000000000000222e+00 0.000000000000000000e+00
9.998970148690706772e-01 2.244215323120345509e-04 1.434954030848110441e-02 -8.555185530464300137e-02 -2.215371667953169009e-04 9.999999549380957919e-01 -2.025969966446692012e-04 -7.881226256407677933e-03 -1.434958537766152335e-02 1.993971906243100130e-04 9.998970195093241919e-01 1.363711003931261656e-02
9.995344363567250090e-01 1.655782958017405163e-03 3.046586521726286564e-02 -8.499892326883706772e-02 -1.646322543380193465e-03 9.999985884955404636e-01 -3.356071346371550224e-04 -1.593377659754677267e-02 -3.046637843509128127e-02 2.852942771428512128e-04 9.995357514193727866e-01 3.103795050930696631e-02
9.979381314839012029e-01 5.069693005411509898e-03 6.398268478575545870e-02 -9.440141077504543565e-04 -5.142253891292629386e-03 9.999863086131199896e-01 9.694435176777297389e-04 6.444993206314267309e-03 -6.397689510013081227e-02 -1.296459818492510336e-03 9.979505378858377629e-01 4.234328238961159729e-01
9.953895150663970570e-01 4.025478470178546139e-03 9.583062551336933577e-02 2.644534409288173613e-02 -4.293062625026348653e-03 9.999874403973397774e-01 2.586245995080606493e-03 1.471551909701758476e-02 -9.581901269800201237e-02 -2.985728964739012194e-03 9.953942948667841017e-01 5.522516032822457621e-01
9.908837388582633077e-01 1.699870608569162972e-03 1.347090434092506617e-01 1.694810335512857147e-01 -2.339369815162290096e-03 9.999867335952754566e-01 4.589115984432703271e-03 1.443217559978775266e-02 -1.346994577292424666e-01 -4.862414594984976017e-03 9.908745698313704553e-01 8.034595139868582203e-01
9.851117946104694933e-01 -2.544033768100317956e-03 1.718961306788976684e-01 1.459869482757386594e-01 1.570261310936805262e-03 9.999819433525410917e-01 5.800624439499660508e-03 -1.520304050230003590e-02 -1.719077867668919735e-01 -5.444341595581853911e-03 9.850980013516689171e-01 8.890524135637423164e-01
9.764299229182817896e-01 -2.677851782832584536e-03 2.158180581739470583e-01 2.617271193150804143e-01 1.341793032210799761e-03 9.999790210913949151e-01 6.336952295515251889e-03 -3.600026826667004909e-03 -2.158305036971314150e-01 -5.898006524916702895e-03 9.764130313052400423e-01 1.159627782014762465e+00
9.646193036835292167e-01 -2.707515317606417476e-03 2.636328270161463205e-01 3.575689888641942482e-01 1.577785767343701606e-04 9.999530167186988505e-01 9.692236991643997726e-03 4.968695305556256048e-03 -2.636466871174135140e-01 -9.307723121774120686e-03 9.645744095231203463e-01 1.339688258602163895e+00
9.503304730324804162e-01 -6.024368447110353512e-03 3.111843469070323942e-01 5.279625940708191356e-01 1.006590048879620536e-03 9.998669186412409982e-01 1.628286754996788668e-02 2.284912014851296636e-02 -3.112410334398802991e-01 -1.516086999603578206e-02 9.502100653974635547e-01 1.623150278597813134e+00
9.333341681097829801e-01 -1.552749821007512118e-02 3.586728672576049437e-01 6.410634045683821780e-01 7.283316378459865625e-03 9.996775714272660984e-01 2.432501725520133315e-02 2.910115189988710105e-03 -3.589349337345303370e-01 -2.009104161018200954e-02 9.331463256889130919e-01 1.821390973389629853e+00
9.124027214164932564e-01 -2.130042190253770076e-02 4.087389920763725981e-01 8.083535872128120303e-01 1.015670903932073231e-02 9.995156793927819638e-01 2.941509608702671391e-02 -9.714916555281241650e-03 -4.091675923792936764e-01 -2.268697051077367410e-02 9.121771675953002090e-01 2.041178393291672943e+00
8.878116897822592168e-01 -2.337786511056918343e-02 4.596127455373937298e-01 1.005528608417479930e+00 8.992977935007102214e-03 9.993995159878416024e-01 3.346242307796248178e-02 -5.569994303628839072e-03 -4.601190433874420282e-01 -2.557504287893408099e-02 8.874888090422698994e-01 2.262414811031563389e+00
8.594377852358556780e-01 -2.531207710022503540e-02 5.106133451069823082e-01 1.163885080277005990e+00 7.046088219296868689e-03 9.992651706856857663e-01 3.767587108604714130e-02 2.647469310806603582e-02 -5.111917948306531345e-01 -2.878224028647418525e-02 8.589845955752325457e-01 2.500524623224149590e+00
8.270801959448332852e-01 -3.061127333259323208e-02 5.612497613908775662e-01 1.407304760475725613e+00 8.149449170741599260e-03 9.990640433336066550e-01 4.248086341591988946e-02 2.321566018528281594e-02 -5.620248589592669042e-01 -3.056120415662896828e-02 8.265555489568543468e-01 2.747348097301299141e+00
7.914387463818908230e-01 -3.641171357651785262e-02 6.101630045479096154e-01 1.603343570035361543e+00 1.044502365892312039e-02 9.988840379204726450e-01 4.606061464560727570e-02 2.373629679089155065e-02 -6.111592422337284169e-01 -3.008098775795036914e-02 7.909358511128928848e-01 2.933236223139122689e+00
7.539122954694867929e-01 -4.081748570667124987e-02 6.557058615714905780e-01 1.873188215564014936e+00 1.141917771878346068e-02 9.987314734337880973e-01 4.904127140820097042e-02 3.103303733557473409e-02 -6.568758340068165946e-01 -2.948519534432134451e-02 7.534220389040459098e-01 3.135185708715604314e+00
7.135340784829533600e-01 -4.412278983761989265e-02 6.992297837938192817e-01 2.197492012848615506e+00 1.252850236087372539e-02 9.986589637614402548e-01 5.023256585900575527e-02 4.178514047558918448e-02 -7.005085043642239606e-01 -2.708234513273426874e-02 7.131299949282227102e-01 3.394794947683204001e+00
6.723466671517676074e-01 -4.607199325244805410e-02 7.388012736192989260e-01 2.484023993635743555e+00 1.172097371626426056e-02 9.985987171861349099e-01 5.160640226109592527e-02 5.270560227531222858e-02 -7.401436266989506185e-01 -2.603792174208894444e-02 6.719445269138298871e-01 3.568763368566715943e+00
6.295624901715956012e-01 -4.638634422856783429e-02 7.755639034618211358e-01 2.825620510073680869e+00 7.483309158011082138e-03 9.985318973701819978e-01 5.364746003137300934e-02 8.419803564566728793e-02 -7.769138190294934132e-01 -2.797064353412414758e-02 6.289853500972331091e-01 3.815549220240900041e+00
5.875783039663344809e-01 -4.709234992200214687e-02 8.077957889813669468e-01 3.156472807143724690e+00 4.426168080797390769e-03 9.984771477031841869e-01 5.498903984989117477e-02 9.928751263526648663e-02 -8.091552123991254675e-01 -2.873492627380952458e-02 5.868919465261276391e-01 4.016506295447329400e+00
5.476000185197459347e-01 -4.823084264234141910e-02 8.353490253382283015e-01 3.541531854835167969e+00 2.476865786527963388e-03 9.984264157817279717e-01 5.602282891982863361e-02 1.264218015195667233e-01 -8.367365760030286426e-01 -2.860905414073984868e-02 5.468577839315298394e-01 4.227269091370287057e+00
5.090407703984975996e-01 -5.083061335316131635e-02 8.592402054635569497e-01 3.985420164138020027e+00 1.410933057441628126e-03 9.983027019855634787e-01 5.822133999120217285e-02 1.308853362915508578e-01 -8.607412600686630277e-01 -2.842470473018690602e-02 5.082484939037807958e-01 4.433025670340984270e+00
4.720067722748790828e-01 -5.078378163252656591e-02 8.801310139139975064e-01 4.371041025633831012e+00 -1.368066765801250351e-03 9.982960903082971349e-01 5.833561885668390318e-02 1.587682737363110275e-01 -8.815938687177244937e-01 -2.873888451221411761e-02 4.711330385293302503e-01 4.624172001061193527e+00
4.352860030805953406e-01 -5.008545612083596665e-02 8.988979526038762824e-01 4.824521921447320949e+00 -2.563619541284433995e-03 9.983783122746558991e-01 5.686979336493316883e-02 1.849448788435604785e-01 -9.002885859322189432e-01 -2.705905672796991498e-02 4.344517038038782086e-01 4.809682631656640339e+00
4.018870630555910761e-01 -4.876297494396392151e-02 9.143899315327093102e-01 5.350307237209544375e+00 -1.424779792324997862e-03 9.985465563968860536e-01 5.387712571218340740e-02 2.007114043210744825e-01 -9.156881421015568012e-01 -2.295532338176379736e-02 4.012334650964061722e-01 5.010781266086387298e+00
3.722863620326155587e-01 -4.702819438352102976e-02 9.269256708112709742e-01 5.861558238892643935e+00 4.751184887440434057e-04 9.987249512396448869e-01 5.048015450569754564e-02 2.222113858367033012e-01 -9.281178019559309655e-01 -1.835267276284490226e-02 3.718340214375829844e-01 5.176199389907948145e+00
3.461516548052376852e-01 -4.524586687248507988e-02 9.370868842741132410e-01 6.386859326812577287e+00 1.240466409928809828e-03 9.988575840826444674e-01 4.777015732084136795e-02 2.470094112273772957e-01 -9.381777597105391830e-01 -1.537329337656638192e-02 3.458123303129460591e-01 5.346035690746615998e+00
3.261925022284324904e-01 -4.468741115351200499e-02 9.442465100748372864e-01 6.954206535787089472e+00 2.551271142692955029e-03 9.989199817817842053e-01 4.639354457902464951e-02 2.704279743743264741e-01 -9.452999303988526281e-01 -1.272419666087282533e-02 3.259542167653801115e-01 5.532212748088743304e+00
3.103738696996419799e-01 -4.509014788318028294e-02 9.495445878904616999e-01 7.555496762360041529e+00 3.287279776783532618e-03 9.989193760127110799e-01 4.636026297134374780e-02 3.029553345200237668e-01 -9.506088947941375711e-01 -1.126759461767839338e-02 3.101866948541631142e-01 5.721389429092331724e+00
2.989370627526066748e-01 -4.673183492815419227e-02 9.531278785162629053e-01 8.171687501039624379e+00 4.214886133077550001e-03 9.988551105623610926e-01 4.765189188363171818e-02 3.197840164534593299e-01 -9.542635293341351632e-01 -1.022759022070115174e-02 2.987917808967763267e-01 5.909075675874571054e+00
2.884974769807217565e-01 -4.855133961110807972e-02 9.562488994862738956e-01 8.809237935208349413e+00 3.252590742834208289e-03 9.987574855584044897e-01 4.972831844770079363e-02 3.506347419545882138e-01 -9.574751394641464186e-01 -1.123620719687938238e-02 2.882969309996807894e-01 6.087986014268834900e+00
2.778530943419085242e-01 -5.021436827702990824e-02 9.593102520240488484e-01 9.478211046285657915e+00 1.545796336375508499e-03 9.986549275998003461e-01 5.182611364961420969e-02 3.825886659044990812e-01 -9.606223424591769922e-01 -1.291714689102305136e-02 2.775569816586536676e-01 6.275444551192141951e+00
2.673487179828458182e-01 -5.199209861791714848e-02 9.621961697176133477e-01 1.015784121788687244e+01 7.306422240325910781e-04 9.985539587804086459e-01 5.375367454205191159e-02 4.102854052071069346e-01 -9.635995774148984339e-01 -1.366795394687266539e-02 2.670001069941074778e-01 6.467207784212260613e+00
2.572338415046663829e-01 -5.407650424858582300e-02 9.648349427316219584e-01 1.087637225450647271e+01 1.009545840029441445e-04 9.984345327698999073e-01 5.593275909555176645e-02 4.413452214514917982e-01 -9.663491900504833643e-01 -1.429039309907125313e-02 2.568366082777235881e-01 6.671467448684588852e+00
2.471215826787724890e-01 -5.564126430551377678e-02 9.673856300484591220e-01 1.158849246063145877e+01 -3.513097212110971980e-04 9.983447711873763009e-01 5.751168909400579399e-02 4.650749457793632580e-01 -9.689844253389744422e-01 -1.455223072649030822e-02 2.466929912458175611e-01 6.839976644101935399e+00
2.362124470006357335e-01 -5.674774392215482799e-02 9.700429668219203716e-01 1.238455897907153691e+01 -9.333155619563068914e-04 9.982795301491039774e-01 5.862685873467630288e-02 4.969660183396248931e-01 -9.717009959215525683e-01 -1.475374907485137166e-02 2.357530856989886736e-01 7.032486070592240068e+00
2.268753130602831070e-01 -5.968942396395853639e-02 9.720929734067105255e-01 1.312668917384534240e+01 -2.095649494632276320e-03 9.980879197823211424e-01 6.177469217626063713e-02 5.284117162566681625e-01 -9.739215663031938197e-01 -1.605231789846088206e-02 2.263164197929375676e-01 7.214614779607517292e+00
2.157389464913305743e-01 -6.313992090864861684e-02 9.744075334352878537e-01 1.389204149766806395e+01 -3.777815955873032108e-03 9.978457392603731213e-01 6.549510439789080207e-02 5.766537351726399585e-01 -9.764437781446482223e-01 -1.781097628403472549e-02 2.150356561872165950e-01 7.381492194972549825e+00
2.018386511875295553e-01 -6.695619096628277478e-02 9.771274282945386913e-01 1.469180285976688971e+01 -4.104214235393714195e-03 9.975939197205916376e-01 6.920640657326045109e-02 6.118080690432078361e-01 -9.794101955761919109e-01 -1.797886718551891874e-02 2.010782072725706970e-01 7.550337105088653189e+00
1.901053678977749073e-01 -6.949752568457261137e-02 9.793007845782731868e-01 1.547151529630959388e+01 -5.135820088938499069e-03 9.974073047910536616e-01 7.177946536592158533e-02 6.571989902008281703e-01 -9.817502683466504676e-01 -1.867517344290639883e-02 1.892555544652614052e-01 7.694376316521751136e+00
1.760424103768910009e-01 -7.020580804309482781e-02 9.818758566197735016e-01 1.628278458880803470e+01 -5.896487154548841342e-03 9.973604110249799648e-01 7.237017276862738047e-02 6.968269584980575360e-01 -9.843649314195264122e-01 -1.852983715323335001e-02 1.751637617549987314e-01 7.825261652637060195e+00
1.618567009690688452e-01 -6.935888459988262533e-02 9.843737790698525725e-01 1.707703208956766971e+01 -7.409306008443842032e-03 9.974133713075755692e-01 7.149593605738298330e-02 7.270403057603986863e-01 -9.867864650573049401e-01 -1.886562202242885941e-02 1.609241352073407794e-01 7.968838242503489155e+00
1.454674305653108624e-01 -6.840080015358475374e-02 9.869957145356822448e-01 1.788859079795932061e+01 -8.511794125781372775e-03 9.974837856488832921e-01 7.038214747712089048e-02 7.676830056714262218e-01 -9.893264340726551920e-01 -1.863941359450049795e-02 1.445191884216553979e-01 8.095207461690456796e+00
1.255908840642090407e-01 -6.719192925278745510e-02 9.898041006619082705e-01 1.869845708938647633e+01 -1.082969329408048874e-02 9.975515107157028050e-01 6.909197618748165459e-02 8.054189547317409659e-01 -9.920230162645194971e-01 -1.939659632390482863e-02 1.245557067625048669e-01 8.150686486260838137e+00
1.003848585317880654e-01 -6.553980524327990276e-02 9.927876898768922542e-01 1.951310126961277192e+01 -1.505040110140503165e-02 9.976138490282785432e-01 6.738021687408450588e-02 8.469931287656079499e-01 -9.948348520649960003e-01 -2.170580561841791919e-02 9.915892336080830982e-02 8.279254294013586701e+00
6.921653886998010985e-02 -6.514984701503152842e-02 9.954720242711913025e-01 2.034935883183424465e+01 -1.951056519861142993e-02 9.975859908689429512e-01 6.664479462142927635e-02 8.942406161828031497e-01 -9.974108611397286550e-01 -2.403514300481998309e-02 6.777833778550693133e-02 8.331857143948356637e+00
3.642467736929997507e-02 -6.523467986295081178e-02 9.972049248965766388e-01 2.118614762922619477e+01 -2.185293567769846373e-02 9.975765107485700112e-01 6.605720546008986283e-02 9.302182625999005916e-01 -9.990974474107048309e-01 -2.419796662895689482e-02 3.491083190000817543e-02 8.319446843425051696e+00
1.534936653577918331e-03 -6.435423586362047643e-02 9.979259286314382527e-01 2.203882976992719023e+01 -2.364049171669540400e-02 9.976458807824900576e-01 6.437253842727147513e-02 9.676210365902203625e-01 -9.997193548379758044e-01 -2.369026656100686051e-02 9.956056462167883723e-06 8.333532060815221243e+00
-3.268572016369367117e-02 -6.317380680251512282e-02 9.974671405792671086e-01 2.288965819672299773e+01 -2.532839197150022620e-02 9.977322415725994320e-01 6.236061808206663087e-02 1.000065977786353866e+00 -9.991447009863148043e-01 -2.322593613950503857e-02 -3.421168918027133604e-02 8.292928326196195243e+00
-6.555504598852592013e-02 -6.112071736722922422e-02 9.959752891319629819e-01 2.373900579744921657e+01 -2.806531192533853053e-02 9.978403748509578897e-01 5.938791623578893591e-02 1.032373670025848122e+00 -9.974542051456345426e-01 -2.405917872269425564e-02 -6.712884505147362346e-02 8.229623225064464975e+00
-9.761051446475299542e-02 -5.807069109936430218e-02 9.935290459003641717e-01 2.455979161190119342e+01 -2.968623223974979630e-02 9.980219002514763016e-01 5.541673261436060038e-02 1.063079078284291601e+00 -9.947818515123764138e-01 -2.408487735783131425e-02 -9.914133254065587986e-02 8.161356651213875324e+00
-1.298033850383550347e-01 -5.396981331846156110e-02 9.900698577900247654e-01 2.538602890128711209e+01 -2.670836920138791939e-02 9.983455741685074436e-01 5.091932414571102156e-02 1.095262177336152609e+00 -9.911799842082757994e-01 -1.983364976753351425e-02 -1.310300820486549056e-01 8.019986180069494708e+00
-1.614009871338987212e-01 -4.831055044863869635e-02 9.857057344853619174e-01 2.621399658413686851e+01 -2.295801040042354246e-02 9.987146181457394745e-01 4.518895083372683613e-02 1.106356390755837804e+00 -9.866218463817170159e-01 -1.533630030398173971e-02 -1.623026407319213826e-01 7.881867064956076696e+00
-1.916611089224961040e-01 -4.227253816892879296e-02 9.805503734692724294e-01 2.707652747069579391e+01 -1.671351413206878175e-02 9.990677166157134748e-01 3.980397054222983150e-02 1.129879651951394059e+00 -9.813188544981261696e-01 -8.759568408079848253e-03 -1.921889504917280722e-01 7.690772996913145754e+00
-2.215536805307305734e-01 -3.664561344939247511e-02 9.744593623619539624e-01 2.790820561353830698e+01 -1.135056950889337148e-02 9.993228544027245031e-01 3.499996061533458547e-02 1.136549481416168073e+00 -9.750821234042432728e-01 -3.306297607318739278e-03 -2.218196063788853145e-01 7.478288140532699302e+00
-2.488197848994614936e-01 -3.013274582672569035e-02 9.680809448031453268e-01 2.868023913349146170e+01 -2.511951709287766656e-03 9.995326445316181641e-01 3.046608940923503650e-02 1.166868118256856102e+00 -9.685465505835560984e-01 5.148794325458071891e-03 -2.487791909718640448e-01 7.260597627187377334e+00
-2.759242016703347677e-01 -2.005610055254758439e-02 9.609701199265857641e-01 2.949540632299694565e+01 3.772672254985717788e-03 9.997519787622629606e-01 2.194875598305275413e-02 1.160616116671328246e+00 -9.611720020360809968e-01 9.681619408175162755e-03 -2.757801028625512796e-01 7.016669339084739221e+00
-2.998386572834544350e-01 -5.138913774767468225e-03 9.539760767452010182e-01 3.029100958452993808e+01 7.793390014423793623e-03 9.999389281821892128e-01 7.836004203877377366e-03 1.155019159960484432e+00 -9.539581007678812341e-01 9.784245722379743271e-03 -2.997802973721605535e-01 6.773082162269617790e+00
-3.242278198277178114e-01 1.143393013846394531e-02 9.459099165204644111e-01 3.105084848744451520e+01 8.424877622611280995e-03 9.999221965505670218e-01 -9.199036284863858909e-03 1.123385729976670300e+00 -9.459415189869999629e-01 4.986592861888477883e-03 -3.242989245769439810e-01 6.463934489410450901e+00
-3.503939295844540891e-01 2.579861694824892027e-02 9.362470346238439545e-01 3.184470503292508781e+01 8.449829649716767213e-03 9.996669600243784926e-01 -2.438379377440906895e-02 1.097214565342024883e+00 -9.365643113047134038e-01 -6.328043815008711987e-04 -3.504952296345847373e-01 6.200782806105624267e+00
-3.745639132683384331e-01 3.671314159010981293e-02 9.264739633521198447e-01 3.262817107960970731e+01 1.179323354676658359e-02 9.993235951907261105e-01 -3.483205007620931298e-02 1.051904092168940652e+00 -9.271261019439932527e-01 -2.120704201782321920e-03 -3.747435243939707394e-01 5.881425879021156433e+00
-3.982431123125269590e-01 4.146185658504519117e-02 9.163423611845299410e-01 3.339257188178170566e+01 1.621184553027266856e-02 9.991400288741554281e-01 -3.816253046884398453e-02 1.010950170375846335e+00 -9.171366384560939444e-01 -3.423631318986222749e-04 -3.985728092405762535e-01 5.540924294165296971e+00
-4.210992122477028587e-01 4.079005107379325007e-02 9.060969100690561273e-01 3.411626883856099113e+01 1.812606169752871074e-02 9.991672083690613659e-01 -3.655592388304460677e-02 9.602258929041573854e-01 -9.068334538488307395e-01 1.030298715049676392e-03 -4.214878886072537800e-01 5.188996883464660925e+00
-4.412909981807185966e-01 3.765644311661250909e-02 8.965736069919170159e-01 3.487124903584747670e+01 2.227471847779911168e-02 9.992709599401321530e-01 -3.100621706396667482e-02 9.358779006819025748e-01 -8.970875683017599522e-01 6.288161225394331248e-03 -4.418080672976197887e-01 4.816046537631335944e+00
-4.600192357584515501e-01 3.631802171546489461e-02 8.871658750443819352e-01 3.560528585014130698e+01 2.942246355622968323e-02 9.992379180936242777e-01 -2.564959323493330723e-02 8.979740361421906236e-01 -8.874213398434206423e-01 1.430330043001443001e-02 -4.607372303428762250e-01 4.427238599788673845e+00
-4.737860503816416768e-01 3.716443172318847910e-02 8.798554253417313342e-01 3.628717837271970836e+01 3.238529323777727259e-02 9.991685921719141161e-01 -2.476524068497551814e-02 8.516313078874149234e-01 -8.800443080006219443e-01 1.676095148291417355e-02 -4.745957232099633494e-01 4.024768458311130281e+00
-4.848189921003684399e-01 4.023180771385878596e-02 8.736886932715501874e-01 3.698202668305166441e+01 3.528493276606668727e-02 9.990279142198065232e-01 -2.642347577496199224e-02 7.950714869060253598e-01 -8.739024722581835158e-01 1.801744500968426033e-02 -4.857672843141609964e-01 3.623776629452501563e+00
-4.942966210631725699e-01 4.274816256259529601e-02 8.682415743121761897e-01 3.768330391384228051e+01 3.624371872773504005e-02 9.989351046423429192e-01 -2.854907190626159580e-02 7.490116390001451130e-01 -8.685374233088392071e-01 1.735659471966301964e-02 -4.953196004904454885e-01 3.225852329125233897e+00
-5.039606657012032365e-01 4.205394499866561137e-02 8.627022079814168354e-01 3.838363063398575292e+01 3.083607082418234058e-02 9.990532663710044448e-01 -3.068725528192320709e-02 6.991461094720573533e-01 -8.631759938885503747e-01 1.113717781476765943e-02 -5.047803288339275385e-01 2.802303268629780852e+00
-5.160799391810519943e-01 4.092740802850607790e-02 8.555620552424753056e-01 3.906696710643311121e+01 2.922514197439759348e-02 9.991175660434770123e-01 -3.016587889622546204e-02 6.867698661875687449e-01 -8.560417042956034450e-01 9.435918595784546434e-03 -5.168206432346783563e-01 2.414274731119720130e+00
-5.249713545598237996e-01 4.223760969673139021e-02 8.500712017818914390e-01 3.976742583270744547e+01 3.118757779421135745e-02 9.990517525275030009e-01 -3.037977468437947845e-02 6.407533609666627994e-01 -8.505483077133894065e-01 1.056315128372766268e-02 -5.257908417363786890e-01 1.993282405447355687e+00
-5.322434913043667670e-01 4.510758238850115509e-02 8.453887620429738625e-01 4.041681411611923380e+01 3.504546499080415239e-02 9.988975090459585315e-01 -3.123430400405962509e-02 5.961005931442039385e-01 -8.458656471765145790e-01 1.300278828387235394e-02 -5.332375150614346859e-01 1.552403563096695693e+00
-5.357874953735694001e-01 4.847096982604740673e-02 8.429604450790653125e-01 4.112430099387433557e+01 3.590503015748935239e-02 9.987557827372312014e-01 -3.460802214755696882e-02 5.650180040955714578e-01 -8.435891181532151339e-01 1.172397571166583323e-02 -5.368612121450961894e-01 1.091067776848724247e+00
-5.356164501245134213e-01 4.959723045533238200e-02 8.430036299853903570e-01 4.183218423030799471e+01 3.525796553524397636e-02 9.987167094567106496e-01 -3.635670580383916495e-02 5.041272868772074256e-01 -8.437250179309644382e-01 1.024934423279934281e-02 -5.366777972305096789e-01 6.875683227961084665e-01
-5.326833654115679106e-01 5.084379033944817772e-02 8.447859659279665090e-01 4.256489815308773217e+01 3.774856463330002188e-02 9.986277254099016343e-01 -3.630030091038109058e-02 4.817336784357938995e-01 -8.454723471493547082e-01 1.255289220491285010e-02 -5.338716588624246029e-01 2.072030023006301569e-01
-5.269469990264890047e-01 4.979650763429745858e-02 8.484380678470302417e-01 4.332180186576260894e+01 3.605457347629787562e-02 9.986931437757945451e-01 -3.622253779501886928e-02 4.302418684423954809e-01 -8.491330518673454453e-01 1.150271608610604207e-02 -5.280537481013131140e-01 -2.319822036085315842e-01
-5.195687465507451419e-01 4.808371599615390846e-02 8.530745926701772675e-01 4.403937318104421195e+01 3.358363862825482909e-02 9.987929843797580531e-01 -3.584290043217418231e-02 3.881851312726142256e-01 -8.537683929458134147e-01 1.002649900107448547e-02 -5.205564463030668554e-01 -6.979495427683306552e-01
-5.124427892219671765e-01 4.734587939582757254e-02 8.574151515750891850e-01 4.483030415437993099e+01 3.172164374237862461e-02 9.988411015347755662e-01 -3.619656263479643921e-02 3.354606432495715884e-01 -8.581352674247589851e-01 8.649951460095216607e-03 -5.133508103881720963e-01 -1.173677178951726630e+00
-5.053711910543606800e-01 4.598847855517189387e-02 8.616756963280206572e-01 4.563640911019202662e+01 2.882282284387186616e-02 9.989212374879603562e-01 -3.640887427948998056e-02 2.916855827219651531e-01 -8.624205565595127743e-01 6.435930767714045410e-03 -5.061515345441169877e-01 -1.637851383210360279e+00
-5.010132919751505431e-01 4.385316198643941094e-02 8.643278127664488775e-01 4.648290445141348926e+01 2.486867770395966015e-02 9.990324649984793082e-01 -3.627234072451412245e-02 2.354822994230582056e-01 -8.650822171679336536e-01 3.321765930255327591e-03 -5.016191154491422832e-01 -2.101238154190664176e+00
-5.003835679010621984e-01 4.088568193583734522e-02 8.648379226454961932e-01 4.731277817389491247e+01 1.996588611725890611e-02 9.991636576748161858e-01 -3.568400950786569659e-02 2.028806311670754980e-01 -8.655736021342628206e-01 -5.884355965769417097e-04 -5.007813960324519753e-01 -2.535628052191839288e+00
-5.005685047638593899e-01 3.851815911266843334e-02 8.648395862326614392e-01 4.815024157094376278e+01 1.781670176090256741e-02 9.992564421969679644e-01 -3.419251133572755869e-02 1.612533246744300430e-01 -8.655135755850963397e-01 -1.707104378613341503e-03 -5.008825709178582608e-01 -3.021664387826326958e+00
-5.014717892709722458e-01 3.730611701784639078e-02 8.643692987778326398e-01 4.899808745821845690e+01 1.587598082814783637e-02 9.992984794601174059e-01 -3.391905290443663484e-02 1.100634892911298429e-01 -8.650283290908306055e-01 -3.286736832648924373e-03 -5.017122689266880764e-01 -3.503735267695507360e+00
-5.016830615033242013e-01 3.654201655472581745e-02 8.642793375410700030e-01 4.988131437810069713e+01 1.575083917953483750e-02 9.993276230367482693e-01 -3.310910554374226628e-02 5.858210143129588543e-02 -8.649081044791293582e-01 -2.997151676025950045e-03 -5.019213100132760008e-01 -4.024702940210888258e+00
-5.015305575177689823e-01 3.611631944867982336e-02 8.643857343894035816e-01 5.075202172845480675e+01 1.603678569288662092e-02 9.993446799342702302e-01 -3.245045701619194561e-02 2.180458443009881953e-02 -8.649912911184843844e-01 -2.412926109922446279e-03 -5.017810853723011499e-01 -4.525202801798295482e+00
-5.025624548024930638e-01 3.579843276362006110e-02 8.637994198434033599e-01 5.161318196890665178e+01 1.658673359047573362e-02 9.993576902064182921e-01 -3.176613389001886611e-02 -2.446210699133227751e-02 -8.643817857881948008e-01 -1.636854457175089322e-03 -5.028334342996995110e-01 -5.013294578254225087e+00
-5.026182884920336047e-01 3.478137048191570768e-02 8.638084850402077963e-01 5.249624387092807609e+01 1.544579646998656131e-02 9.993921437717775413e-01 -3.125332476632521062e-02 -8.517999709614450243e-02 -8.643704621029205670e-01 -2.366281643125091403e-03 -5.028499960208396846e-01 -5.534217485543623027e+00
-5.025345037646237190e-01 3.354993928963096589e-02 8.639059327168084890e-01 5.341132301530684146e+01 1.425958822261066440e-02 9.994324869194748384e-01 -3.051832574376469112e-02 -1.261316244362526429e-01 -8.644395577391111862e-01 -3.017567913191208061e-03 -5.027277183959303342e-01 -6.056537070840123604e+00
-5.030651352217414551e-01 3.311186577293923766e-02 8.636139534312774479e-01 5.432184848054884441e+01 1.401108568241889694e-02 9.994469325670257698e-01 -3.015822331363346084e-02 -1.740939180574114786e-01 -8.641349266795185224e-01 -3.071380685107977151e-03 -5.032508406832173486e-01 -6.545019733369866088e+00
-5.021105511299164270e-01 3.177729515343586525e-02 8.642194075758995453e-01 5.520331812589646603e+01 1.206173187013143827e-02 9.994847973868233870e-01 -2.974314027482951456e-02 -2.252738421459367646e-01 -8.647193309932462713e-01 -4.510360890280727328e-03 -5.022351528921921160e-01 -7.059608487543886923e+00
-5.008303849492584670e-01 3.075461020550880609e-02 8.649988820305635207e-01 5.610108873771278581e+01 1.150185478737045242e-02 9.995167730971071807e-01 -2.887780482897482973e-02 -2.877289716976330625e-01 -8.654690319111121299e-01 -4.513789681080167780e-03 -5.009421065116956839e-01 -7.577990061649410691e+00
-4.988286905845855657e-01 2.826852820199175775e-02 8.662394669939739167e-01 5.699654089469367335e+01 1.210136489570139487e-02 9.995976888083614176e-01 -2.565185128525248465e-02 -3.386424141207626803e-01 -8.666161242453214175e-01 -2.313198592156533260e-03 -4.989700952136630896e-01 -8.086647279812563482e+00
-4.956556473235367299e-01 2.713023498833441738e-02 8.680952804774044740e-01 5.790883475202866748e+01 1.285943383101993687e-02 9.996316745749029842e-01 -2.389874735259786553e-02 -3.851339697287870512e-01 -8.684239325806171195e-01 -6.823343354360926830e-04 -4.958219654299202417e-01 -8.601820440804990753e+00
-4.934214278627279127e-01 2.662470988938836491e-02 8.693827728184074788e-01 5.878797229636577271e+01 1.259270591874909334e-02 9.996453003151853922e-01 -2.346694042393923305e-02 -4.415790714379181914e-01 -8.696992185606535752e-01 -6.312087253327073808e-04 -4.935816898030856992e-01 -9.115761924314405462e+00
-4.912365414883866355e-01 2.721960319836528100e-02 8.706007924402839881e-01 5.968056364779476297e+01 1.291613224693918642e-02 9.996293384957600781e-01 -2.396579068379769278e-02 -4.902947488339903237e-01 -8.709304486320691430e-01 -5.280762213677629236e-04 -4.914060322328756558e-01 -9.629699489068487495e+00
-4.907105611928784805e-01 2.768162800322210640e-02 8.708828043349493564e-01 6.053766738980753814e+01 1.373555500560255140e-02 9.996167761653576012e-01 -2.403404487125625905e-02 -5.210581892591720221e-01 -8.712143778605325739e-01 1.682999608781926689e-04 -4.909027329597548395e-01 -1.010994840048969223e+01
-4.909462570467742482e-01 2.844619473005741486e-02 8.707253143117951177e-01 6.145721696191153427e+01 1.247089757510824737e-02 9.995938425265605831e-01 -2.562472777921826275e-02 -5.686404124971619067e-01 -8.711006037946211755e-01 -1.721637053195790908e-03 -4.911016063618291461e-01 -1.062419432115711260e+01
-4.939522769916083744e-01 3.051407482263875093e-02 8.689534082045907715e-01 6.235115672665092745e+01 1.145020435098331908e-02 9.995256277973989523e-01 -2.859042102635166865e-02 -6.218563460413064625e-01 -8.694136261576277391e-01 -4.172608568905758833e-03 -4.940673533774492254e-01 -1.111581237852721316e+01
-4.982628687793642652e-01 3.142643666597103036e-02 8.664562764987542298e-01 6.322111113814239758e+01 1.073179747689251978e-02 9.994898759806409849e-01 -3.008016478947187627e-02 -6.680098122322031262e-01 -8.669596037390407961e-01 -5.689195034011149989e-03 -4.983459562954426492e-01 -1.158741008711568732e+01
-5.033951191409890003e-01 2.972237911114451389e-02 8.635449731761268843e-01 6.410844009511403385e+01 1.048991026048331707e-02 9.995447614033419192e-01 -2.828836710616744118e-02 -7.134905377604667809e-01 -8.639926667000690230e-01 -5.181715766162843170e-03 -5.034777405584056620e-01 -1.208079780038166717e+01
-5.082509915523292232e-01 2.766958343337087498e-02 8.607643756047588246e-01 6.495564391711795338e+01 1.352599331406484535e-02 9.996169254327501585e-01 -2.414642559410642986e-02 -7.756636133004873868e-01 -8.611027751097029004e-01 -6.297506310605606797e-04 -5.084305533356854312e-01 -1.260622142140353930e+01
-5.146318049729625699e-01 2.560666083026350015e-02 8.570288156816499026e-01 6.578853636948007022e+01 1.033678231159420279e-02 9.996665894118973439e-01 -2.366138048091185123e-02 -8.209461708524751211e-01 -8.573489769857731702e-01 -3.317977738469653649e-03 -5.147249129648238108e-01 -1.312554102367729136e+01
-5.197813188519828653e-01 2.846149243113026139e-02 8.538251055050259941e-01 6.658965318643569731e+01 1.068875773199670989e-02 9.995833135686452708e-01 -2.681323690010448124e-02 -9.223820523662389359e-01 -8.542324876933445887e-01 -4.810689054352425276e-03 -5.198689522280541819e-01 -1.362504176126655864e+01
-5.244141073742966119e-01 2.999160350161239261e-02 8.509349766923633984e-01 6.745195816157082902e+01 1.259751372325106263e-02 9.995433625199120486e-01 -2.746577992205198257e-02 -9.066791032374277304e-01 -8.513701654069354419e-01 -3.683776521527597735e-03 -5.245524610722459569e-01 -1.415378069555775120e+01
-5.297508970420081731e-01 2.966521177185345651e-02 8.476343251894037367e-01 6.832024319190432493e+01 1.037137529241318780e-02 9.995399952007758548e-01 -2.849969382961780803e-02 -9.701033746396374724e-01 -8.480898734624381374e-01 -6.306603807592362811e-03 -5.298148793243718790e-01 -1.465506951180941009e+01
-5.337947585072205792e-01 3.091106461771828476e-02 8.450489032556213198e-01 6.913037918987556907e+01 1.061560368589167976e-02 9.994978660152793459e-01 -2.985506268977481184e-02 -9.903100356137777283e-01 -8.455474418875754683e-01 -6.965770868612347448e-03 -5.338548628190529222e-01 -1.515446945768793618e+01
-5.366124610825304675e-01 2.976025440081311521e-02 8.433038485248638416e-01 6.993963046062286537e+01 9.794679515807964629e-03 9.995302340587548517e-01 -2.904092691795546674e-02 -1.060385533713513517e+00 -8.437719730738778567e-01 -7.323831480706506983e-03 -5.366518721656897695e-01 -1.567380030296819804e+01
-5.390462981062080772e-01 2.364841477744363679e-02 8.419440765751672329e-01 7.081670601185749092e+01 1.147229508096862631e-02 9.997191845617400263e-01 -2.073495707030414276e-02 -1.119813398083833844e+00 -8.421980091255613088e-01 -1.518070051408929250e-03 -5.391662283608228412e-01 -1.621731086325573656e+01
-5.405579407125077340e-01 1.612765029620870025e-02 8.411521852496607332e-01 7.162563811593972218e+01 1.280544944332975658e-02 9.998581444580548760e-01 -1.094127068005538300e-02 -1.144995478292352820e+00 -8.412093347065913163e-01 4.856942008489330276e-03 -5.406877825663090054e-01 -1.671607887638996104e+01
-5.434909818245362567e-01 1.480592176032459288e-02 8.392844121807395696e-01 7.242922655322584546e+01 1.451933047604685167e-02 9.998606651677149904e-01 -8.236459718351090212e-03 -1.164387832392437039e+00 -8.392894335440268527e-01 7.709407164157099090e-03 -5.436302278510578567e-01 -1.724777825324464331e+01
-5.437987126424249640e-01 1.793077973646436257e-02 8.390240964650521605e-01 7.322513799729831874e+01 1.242306427398521575e-02 9.998341665938286216e-01 -1.331565863475844304e-02 -1.220537452015775459e+00 -8.391237329143850232e-01 3.182213209708439124e-03 -5.439312890588257066e-01 -1.776410430589544376e+01
-5.452213885488543799e-01 2.262552534512943248e-02 8.379867005423671245e-01 7.405502678765517999e+01 1.241561503021731440e-02 9.997440058870271651e-01 -1.891494581081017146e-02 -1.269039919739840316e+00 -8.382001559783623934e-01 9.128817813046107607e-05 -5.453627260745885774e-01 -1.827237299534810688e+01
-5.462291897749629310e-01 2.833419568651070197e-02 8.371563968773899633e-01 7.482980264454096186e+01 1.963230084081601934e-02 9.995862376930618742e-01 -2.102203950436768581e-02 -1.283325540184403479e+00 -8.374056701987502294e-01 4.952455591516735471e-03 -5.465594473576050882e-01 -1.882316339897583291e+01
-5.459606805192916967e-01 2.907852335218523085e-02 8.373060145746225036e-01 7.563811817603865961e+01 2.224410580933896403e-02 9.995482993150981432e-01 -2.020883608177688126e-02 -1.337745108168351793e+00 -8.375154604927623758e-01 7.591894670190801366e-03 -5.463608966350915752e-01 -1.934709585878377069e+01
-5.456116326247310022e-01 2.627067660058000909e-02 8.376262801044225270e-01 7.638203226243673782e+01 2.185779535016721745e-02 9.996146088641482130e-01 -1.711345937088213504e-02 -1.379974431960847348e+00 -8.377530630294405256e-01 8.971362304983127381e-03 -5.459755789898511624e-01 -1.985545943633289312e+01
-5.448225090747613741e-01 2.141473155668624506e-02 8.382778954995806497e-01 7.720839721486397877e+01 2.029489727347847522e-02 9.997177746050026625e-01 -1.234861328757606500e-02 -1.401677423524569921e+00 -8.383057689508249810e-01 1.028496231851639200e-02 -5.451033572836044838e-01 -2.038795376258716630e+01
-5.441231391150551655e-01 1.589613268502155716e-02 8.388547607490218772e-01 7.803531365963957001e+01 1.912175605548302806e-02 9.997957555136717245e-01 -6.542604267540948204e-03 -1.430500618008214708e+00 -8.387874459280530992e-01 1.248039477106076614e-02 -5.443159681153874052e-01 -2.090060769312172795e+01
-5.439084347442061373e-01 1.085717992255614585e-02 8.390743253341207408e-01 7.885512958883761314e+01 1.043091643543244892e-02 9.999265179476866106e-01 -6.176946638388810563e-03 -1.493443080984662830e+00 -8.390797471842121880e-01 5.392621773817173753e-03 -5.439817187521739372e-01 -2.141345770761314071e+01
-5.419108729362484000e-01 5.062009517392251565e-03 8.404207095186837506e-01 7.962553362690231040e+01 2.663966059435139352e-03 9.999871835091715955e-01 -4.305356904631396468e-03 -1.489084146414480170e+00 -8.404317465836339540e-01 -9.426653728142460017e-05 -5.419174137427096305e-01 -2.187753566768186175e+01
-5.401051800042034889e-01 5.872798700946186765e-03 8.415770267010431738e-01 8.040556405985776678e+01 5.844770363313280502e-03 9.999777119028654404e-01 -3.227126729627102092e-03 -1.518388155813853224e+00 -8.415772363903663011e-01 3.175837566667130251e-03 -5.401274684297796558e-01 -2.235941334612365594e+01
-5.372685974324784564e-01 8.813031339947770271e-03 8.433651473391077236e-01 8.123292714920133051e+01 1.101135927429333118e-02 9.999334754827706728e-01 -3.434320464204887458e-03 -1.529369157196029283e+00 -8.433393242618312247e-01 7.441445102063335738e-03 -5.373299005382491389e-01 -2.288312351601765826e+01
-5.316473344407942614e-01 1.178691966378928382e-02 8.468837979702203977e-01 8.201018634037970401e+01 1.185084429706706986e-02 9.999087979915173285e-01 -6.477126576528804448e-03 -1.564437817545447862e+00 -8.468829205061242371e-01 6.592741945238316491e-03 -5.317385332764132944e-01 -2.337886891580836490e+01
-5.245253560571240259e-01 1.303889139467197776e-02 8.512949694424727376e-01 8.282203963516657552e+01 1.564624912018794042e-02 9.998614908205085694e-01 -5.673978892482113047e-03 -1.597308818661886454e+00 -8.512510544166581594e-01 1.034342840173547648e-02 -5.246567154205677985e-01 -2.387515192993051016e+01
-5.158609231474391432e-01 1.556883180796635527e-02 8.565308553299209038e-01 8.359674371043701058e+01 2.285320167454965926e-02 9.997291138961690304e-01 -4.407943304464925598e-03 -1.625251535040457496e+00 -8.563674743933176181e-01 1.730058777500415729e-02 -5.160769824499827907e-01 -2.437580064878281405e+01
-5.060076996499046631e-01 1.650400738669994399e-02 8.623710408842774067e-01 8.436035776468021652e+01 2.435093725954001059e-02 9.996917371730307256e-01 -4.843804595374687216e-03 -1.622966169648071055e+00 -8.621851610795722154e-01 1.854854180521411586e-02 -5.062536055476987151e-01 -2.479944836565202593e+01
-4.951482512203260744e-01 1.328053513128926548e-02 8.687069834170881855e-01 8.521471358157603504e+01 1.882836341853964465e-02 9.998123639054017353e-01 -4.552986005249542306e-03 -1.664842282337428037e+00 -8.686044637729513074e-01 1.410192881092225785e-02 -4.953053954998739572e-01 -2.528896633068877975e+01
-4.832768663097936623e-01 1.051027742767665467e-02 8.754044726305968416e-01 8.605554056344085723e+01 2.000167259350964927e-02 9.997994840518377169e-01 -9.616389931350542404e-04 -1.693354770656744224e+00 -8.752390623337780173e-01 1.704481688445552701e-02 -4.833901859497984344e-01 -2.573292997738105470e+01
-4.726882111590894331e-01 9.317663783640224226e-03 8.811804708168269329e-01 8.682095078325123438e+01 2.017226581261356497e-02 9.997964881165338769e-01 2.490135942279956627e-04 -1.719572681994202989e+00 -8.809988351635036352e-01 1.789311360458526248e-02 -4.727799731207042444e-01 -2.617018196123497020e+01
-4.598443501302681424e-01 8.671068072142223276e-03 8.879571904158723994e-01 8.768357801030559528e+01 2.031262930718210138e-02 9.997933913511543036e-01 7.560865133711777058e-04 -1.728752517077618789e+00 -8.877671900894423818e-01 1.838442849880138341e-02 -4.599254757505278901e-01 -2.656720385206134694e+01
-4.480761432274935063e-01 1.022472160662544170e-02 8.939369164235847487e-01 8.850936432191291203e+01 2.313042786891986169e-02 9.997324431873944039e-01 1.590807693563348535e-04 -1.749760651924337607e+00 -8.936961264460916432e-01 2.074842482502943161e-02 -4.481927608457547674e-01 -2.696934037959583463e+01
