1 0 0 0 0 1 0 0 0 0 1 0
0.9998853 0.00095442669 0.015115113 0.0086459761 -0.00094392716 0.99999931 -0.00070176054 -0.00128586 -0.015115773 0.00068741251 0.99988551 0.13861474
0.99938158 0.0030800424 0.035028199 0.035115748 -0.0030672895 0.99999521 -0.00041781341 0.0029543336 -0.035029321 0.00031011343 0.99938624 0.26468939
0.99800329 0.0050612091 0.062958826 0.051093513 -0.0051398884 0.9999862 0.0010877895 0.0058553332 -0.062952457 -0.0014092189 0.99801553 0.42092766
0.9953242 0.0046919543 0.096476484 0.1148344 -0.0049573821 0.99998456 0.0025117035 0.0018770253 -0.096463217 -0.00297823 0.99533209 0.59965677
0.99096014 0.001291509 0.13415038 0.18709618 -0.0019673909 0.99998603 0.0049057989 0.0053060241 -0.13414218 -0.0051253774 0.99094884 0.79714935
0.98483382 -0.0016638817 0.17349231 0.25362256 0.00064344407 0.99998216 0.0059378226 -0.005137502 -0.17349911 -0.0057361359 0.98481732 0.98293895
0.97612399 -0.0020548037 0.21720437 0.33835546 0.00055717861 0.99997565 0.0069560218 -0.0027065553 -0.21721339 -0.0066689181 0.97610136 1.1890513
0.96423237 -0.0020358102 0.26505055 0.4315035 -0.00067791857 0.99994829 0.010146653 0.0061373084 -0.26505752 -0.0099634138 0.96418113 1.3883232
0.94989984 -0.0058899404 0.31249894 0.57342816 0.00066414471 0.99985821 0.016826407 0.01058255 -0.31255376 -0.015775857 0.94976907 1.6395825
0.93285648 -0.015600097 0.3599103 0.71015987 0.0070988659 0.99966399 0.02493019 0.0002104945 -0.36017831 -0.020701335 0.93265377 1.8560664
0.91194314 -0.021344138 0.40976105 0.85755399 0.0098813313 0.9994989 0.030071748 -0.0035693827 -0.41019761 -0.02337474 0.91169708 2.0687421
0.88708946 -0.023288185 0.46100969 1.0518532 0.008632046 0.99938881 0.033874679 0.0020315358 -0.46151684 -0.026070414 0.8867483 2.3226016
0.8588853 -0.025261659 0.51154459 1.2269938 0.0065179805 0.99924112 0.038401913 0.019885018 -0.51212652 -0.029648602 0.85839816 2.5343009
0.82613615 -0.03075536 0.56263056 1.4513499 0.0077158984 0.99903314 0.043281051 0.026034608 -0.56341775 -0.03141484 0.82557469 2.7744912
0.79048396 -0.036294249 0.61140641 1.6561631 0.0097937064 0.99886411 0.046632247 0.029366364 -0.61240446 -0.030874108 0.78994152 2.9776581
0.75279943 -0.040752176 0.65698725 1.9414826 0.010876301 0.99871556 0.049486743 0.03718396 -0.65816014 -0.030108001 0.75227573 3.1885763
0.71321316 -0.044050007 0.69956168 2.2460594 0.012250765 0.9986543 0.050393445 0.049214035 -0.70084017 -0.027371102 0.71279304 3.4154414
0.67153488 -0.0457391 0.73955986 2.5361207 0.011337916 0.99861042 0.051465388 0.063773035 -0.74088623 -0.026175736 0.67112031 3.6140995
0.62887716 -0.046226921 0.77612921 2.8749687 0.0070506881 0.99852898 0.053760254 0.089411167 -0.77747274 -0.02833635 0.62827799 3.8453385
0.5863859 -0.047077951 0.80866259 3.2003971 0.0038986366 0.99846215 0.0553005 0.10079503 -0.81002249 -0.029274752 0.58566766 4.0266347
0.54741645 -0.048111971 0.83547616 3.5983237 0.0019789318 0.99841765 0.05619854 0.12134722 -0.83685804 -0.029110655 0.54664546 4.2514716
0.50754906 -0.050738265 0.86012762 3.9963486 0.00094460021 0.99829683 0.058331364 0.13587445 -0.86162238 -0.028793552 0.50673254 4.449933
0.47161025 -0.050708461 0.88034786 4.4160399 -0.001729578 0.9982901 0.058428539 0.15920949 -0.88180545 -0.029078128 0.47071613 4.6435447
0.43432789 -0.049803724 0.8993769 4.8744284 -0.003000962 0.99838473 0.056735589 0.18174065 -0.90074988 -0.027340844 0.43347687 4.8240388
0.40039197 -0.048634262 0.91505241 5.3837453 -0.0017468724 0.99854824 0.05383636 0.20251924 -0.91634234 -0.023154125 0.39972574 5.0183703
0.37100729 -0.046764948 0.92745165 5.8787469 0.00023007506 0.99873577 0.050267274 0.2243801 -0.92862997 -0.018436141 0.37054901 5.1867446
0.34536503 -0.045158258 0.93738128 6.4188924 0.0011066921 0.99886051 0.047712269 0.25120718 -0.93846782 -0.015440756 0.34502146 5.3719164
0.32450252 -0.044542264 0.94483545 7.0043014 0.0023362327 0.99892532 0.04628984 0.27080788 -0.94588199 -0.012813814 0.32425784 5.5508699
0.31020449 -0.044991043 0.94960461 7.5777799 0.003444641 0.99892615 0.046202584 0.29829722 -0.95066366 -0.011061201 0.31002635 5.7274438
0.29856713 -0.046549735 0.9532527 8.1901799 0.0041481551 0.99886368 0.047477795 0.31563867 -0.95437966 -0.010221069 0.29842096 5.9396124
0.28696051 -0.048336582 0.95672209 8.8390206 0.0030599535 0.9987673 0.049543031 0.34449726 -0.95793756 -0.011289368 0.28675468 6.1128011
0.27701399 -0.050163207 0.95955554 9.502836 0.0013899245 0.9986562 0.051806036 0.37713545 -0.96086492 -0.013017286 0.27671146 6.309104
0.2657268 -0.051889425 0.96265086 10.213772 0.00090731908 0.99856343 0.053574754 0.4035503 -0.96404799 -0.013362816 0.26539214 6.4767097
0.25613192 -0.053705854 0.96514871 10.903401 -0.0004246239 0.99844905 0.055671543 0.43041604 -0.96664178 -0.014669084 0.25571187 6.6695825
0.24622046 -0.055169758 0.96764234 11.649207 -0.00047315546 0.99837166 0.057042174 0.46144044 -0.96921377 -0.014502795 0.24579343 6.8735883
0.23532527 -0.056785503 0.97025633 12.406899 -0.001319323 0.99827214 0.058745151 0.49599195 -0.97191582 -0.0151043 0.23484374 7.029987
0.2257959 -0.059705184 0.97234326 13.138372 -0.0021827097 0.99808661 0.061792777 0.53273082 -0.97417223 -0.016074898 0.22523354 7.2216021
0.21502049 -0.063311572 0.97455516 13.929287 -0.0040802071 0.99782951 0.065723815 0.57092373 -0.97660106 -0.018108353 0.21429546 7.4168317
0.20223943 -0.066898552 0.97704847 14.732971 -0.0040185683 0.99759905 0.069137455 0.61043193 -0.97932791 -0.017908655 0.20148502 7.5755057
0.1911002 -0.069472091 0.97910891 15.52742 -0.0049140455 0.99741199 0.071729886 0.6520455 -0.98155828 -0.018518981 0.19026424 7.7306336
0.17423428 -0.069841201 0.98222428 16.321527 -0.006110577 0.99738568 0.072003193 0.68497628 -0.98468531 -0.018547381 0.173352 7.8408403
0.16113413 -0.06930336 0.98449619 17.124412 -0.0072162673 0.99742206 0.07139437 0.72940885 -0.98690618 -0.018608457 0.16021862 7.9951682
0.14502648 -0.068101529 0.98708126 17.926775 -0.0080735149 0.99751379 0.070007496 0.76579843 -0.98939488 -0.018122155 0.14411609 8.1166717
0.12464502 -0.067009416 0.989936 18.755364 -0.010730455 0.99756744 0.068877089 0.80290057 -0.99214342 -0.019207649 0.12362277 8.2214189
0.09982421 -0.06549315 0.99284726 19.567364 -0.015022062 0.99761846 0.067318249 0.84442089 -0.99489173 -0.021634604 0.09860263 8.2905881
0.069082258 -0.064768592 0.9955062 20.394734 -0.019417553 0.99761389 0.066253184 0.88255111 -0.99742202 -0.023907214 0.067659771 8.3388164
0.034738723 -0.064480869 0.99731407 21.253452 -0.022562334 0.99761149 0.065285995 0.92279274 -0.99914176 -0.024769684 0.033200909 8.3677518
0.0013533706 -0.064118368 0.99794134 22.068484 -0.023778413 0.99765807 0.064132414 0.9566223 -0.99971638 -0.023816256 -0.00017443347 8.3504938
-0.032381986 -0.062972288 0.99748976 22.925936 -0.025132046 0.99774893 0.062172776 0.98729134 -0.99915958 -0.02305568 -0.033891716 8.3120365
-0.065542963 -0.061164747 0.99597335 23.744813 -0.027466148 0.997852 0.059472628 1.0165963 -0.99747171 -0.023457538 -0.067082138 8.245697
-0.098489541 -0.057884429 0.99345313 24.606233 -0.029671758 0.9980338 0.05520971 1.056142 -0.99469567 -0.024039921 -0.10001343 8.1720389
-0.13008245 -0.05365869 0.99005011 25.419599 -0.027000213 0.99835592 0.050561296 1.0800429 -0.99113552 -0.020154426 -0.13131739 8.0295721
-0.16191321 -0.047974292 0.98563812 26.255511 -0.022024516 0.99874443 0.044994199 1.0995178 -0.98655923 -0.014423046 -0.16276653 7.9063304
-0.19271609 -0.041560408 0.98037399 27.08197 -0.016702335 0.99909684 0.03907087 1.1135428 -0.98111244 -0.0088449488 -0.19323619 7.7145427
-0.22126092 -0.03597537 0.97455082 27.920723 -0.010930289 0.99934806 0.034409155 1.1314049 -0.97515343 -0.0030387199 -0.22150989 7.5172057
-0.24865572 -0.029068046 0.96815562 28.727233 -0.0025055838 0.99956554 0.029367582 1.1433868 -0.96858873 0.0048766232 -0.24862052 7.2935678
-0.27666252 -0.018784113 0.9607835 29.540523 0.0041581871 0.99977618 0.020743824 1.1431929 -0.96095819 0.0097341573 -0.27652249 7.0222753
-0.30016555 -0.0037116423 0.95387986 30.334979 0.0088949577 0.99993806 0.0066899127 1.1332274 -0.95384569 0.010492803 -0.30011394 6.7568349
-0.32669198 0.013204693 0.94503857 31.079072 0.0094008176 0.99989833 -0.010721443 1.1113442 -0.94508415 0.0053815267 -0.32678291 6.4975339
-0.35263875 0.027405878 0.93535809 31.843779 0.0081249374 0.99962303 -0.026225654 1.0824419 -0.9357243 -0.0016484551 -0.35272849 6.2072125
-0.37488181 0.038404128 0.92627678 32.56868 0.012620689 0.99926043 -0.03632225 1.0486165 -0.92698674 -0.0019262986 -0.37508925 5.9024916
-0.39944 0.043625994 0.91572069 33.350751 0.016353216 0.99904723 -0.040462445 1.0006173 -0.91661351 -0.0011873395 -0.39977285 5.56343
-0.42319389 0.042645244 0.90503494 34.089105 0.0181914 0.99909027 -0.038570839 0.94998272 -0.90585654 0.00014091008 -0.42358468 5.2220345
-0.4419692 0.039058026 0.89617946 34.832084 0.022530026 0.99921979 -0.032437671 0.91024622 -0.89674728 0.0058544958 -0.44250436 4.8390051
-0.45966196 0.037715327 0.88729272 35.57877 0.02982136 0.9991899 -0.027022681 0.87161416 -0.88759317 0.014038978 -0.46041431 4.417558
-0.47383731 0.038875073 0.87975387 36.278933 0.033889408 0.99909005 -0.025895462 0.82787965 -0.8799601 0.017544103 -0.4747236 4.0261506
-0.48491179 0.041872417 0.87356007 36.989272 0.036036024 0.99896152 -0.027879755 0.77263239 -0.87382036 0.017960411 -0.48591714 3.643555
-0.49560766 0.044646449 0.86739822 37.659562 0.037999708 0.9988363 -0.029699792 0.73772728 -0.86771489 0.018241436 -0.49672747 3.253848
-0.5062786 0.043719322 0.86126102 38.336657 0.03126878 0.99898801 -0.032329762 0.68288431 -0.86180294 0.010562716 -0.5071333 2.8635474
-0.5173361 0.042830669 0.85470979 39.044848 0.030136425 0.99903911 -0.031822324 0.6560466 -0.85525155 0.009295061 -0.51812976 2.4383024
-0.52637149 0.044312315 0.84909918 39.711611 0.032380862 0.99896129 -0.03205977 0.61543999 -0.84963792 0.010619216 -0.52725961 2.016394
-0.53286738 0.047456764 0.84486694 40.416876 0.036182158 0.99879084 -0.03328227 0.56784323 -0.8454249 0.012834074 -0.53394015 1.5621359
-0.53717468 0.050496336 0.84195809 41.080188 0.036952327 0.99865684 -0.036318503 0.53245515 -0.84266123 0.011602931 -0.53831913 1.1386658
-0.53658185 0.052047558 0.8422416 41.795775 0.035944811 0.9985999 -0.038809947 0.48697564 -0.84308241 0.0094495027 -0.53770142 0.68215477
-0.53338379 0.052939833 0.84421504 42.513845 0.03853402 0.99852417 -0.038270202 0.44689382 -0.84499522 0.012118294 -0.5346366 0.23264479
-0.52744016 0.051808721 0.84801101 43.273654 0.037200989 0.99858997 -0.037870231 0.39743131 -0.84877737 0.011572568 -0.5286238 -0.22648245
-0.52062619 0.050661624 0.8522803 44.038964 0.034668826 0.99866909 -0.03818544 0.35711073 -0.8530806 0.0096672179 -0.52168966 -0.6859117
-0.51312723 0.04980096 0.85686653 44.796578 0.032777294 0.99872407 -0.038417295 0.30778523 -0.85768652 0.0083728068 -0.51410485 -1.1479052
-0.50682282 0.04856049 0.86068138 45.608765 0.029762155 0.9988026 -0.038827612 0.25701548 -0.86153636 0.0059370138 -0.50766122 -1.6178561
-0.50263739 0.046558288 0.86324268 46.424375 0.025768465 0.99891191 -0.038871379 0.20899458 -0.86411325 0.0027062316 -0.50329021 -2.0700957
-0.50123257 0.043236574 0.86423171 47.267869 0.020905258 0.99906445 -0.037857586 0.16594554 -0.86506008 -0.00090846712 -0.50166751 -2.5338985
-0.50144215 0.041334029 0.86420322 48.107356 0.018331747 0.9991415 -0.037151252 0.11766023 -0.86499698 -0.0027868479 -0.50176939 -3.0203584
-0.50184826 0.039274582 0.86406352 48.959412 0.016093774 0.99921965 -0.036070612 0.065153595 -0.86480597 -0.0041959302 -0.50208872 -3.5102957
-0.50316064 0.039243633 0.86330136 49.836029 0.016937104 0.99922433 -0.035550862 0.019634202 -0.86402695 -0.0032659692 -0.50343503 -3.9924481
-0.5030035 0.038308696 0.86343492 50.706683 0.016386986 0.99926034 -0.034788549 -0.029571237 -0.86412905 -0.0033496656 -0.50325921 -4.5010307
-0.50272518 0.03787081 0.86361631 51.612984 0.016936875 0.99927965 -0.033960608 -0.082551874 -0.8642804 -0.0024458907 -0.50300445 -5.0088747
-0.50384406 0.037367505 0.86298596 52.475107 0.016466555 0.99929782 -0.033656038 -0.13573223 -0.8636377 -0.002746988 -0.50410559 -5.5264916
-0.50332222 0.035908045 0.86335236 53.384788 0.01453337 0.99934665 -0.033091489 -0.19080838 -0.86397661 -0.0041082615 -0.50351524 -6.0418475
-0.50262047 0.035538586 0.86377636 54.282245 0.014477207 0.99936059 -0.03269286 -0.24407267 -0.86438599 -0.0039270306 -0.50281359 -6.5423425
-0.50252565 0.034674542 0.86386665 55.178513 0.013216213 0.99938675 -0.032426059 -0.29349343 -0.86446132 -0.0048778807 -0.50267574 -7.0713077
-0.50207513 0.032829331 0.86420064 56.069875 0.012372004 0.99944963 -0.03077941 -0.34862473 -0.86473555 -0.0047616813 -0.50220497 -7.5800593
-0.49970889 0.030988596 0.86563888 56.979626 0.01314044 0.99951605 -0.028195595 -0.40380604 -0.86609377 -0.002714713 -0.49987427 -8.0841857
-0.49722817 0.029768495 0.86710894 57.860248 0.013776836 0.99955611 -0.026415423 -0.45514334 -0.86751046 -0.0011884741 -0.49741758 -8.582709
-0.49464374 0.029214867 0.86860463 58.757931 0.013545534 0.9995726 -0.025906109 -0.50949226 -0.86899031 -0.0010485806 -0.49482807 -9.0876787
-0.49274586 0.029624366 0.86966882 59.644294 0.014266482 0.99956103 -0.025965759 -0.55903187 -0.87005635 -0.00038740482 -0.49295219 -9.589968
-0.49165518 0.02977716 0.87028067 60.534395 0.014272757 0.99955647 -0.026137174 -0.60102701 -0.87067304 -0.00042917188 -0.49186212 -10.076252
-0.49228854 0.031645173 0.8698566 61.422176 0.013810215 0.99949708 -0.028545677 -0.65353129 -0.87032254 -0.002039802 -0.49247799 -10.57793
-0.49505848 0.033281494 0.86822196 62.305041 0.012273577 0.99943427 -0.031312876 -0.70959614 -0.868773 -0.0048455148 -0.4951869 -11.073835
-0.49913867 0.033634844 0.86586906 63.170067 0.010774244 0.99941003 -0.032611348 -0.76337094 -0.86645517 -0.0069484997 -0.49920659 -11.577857
-0.50452968 0.03208874 0.86279781 64.058394 0.010490477 0.99946318 -0.031037116 -0.81298964 -0.86333065 -0.0066079849 -0.50459546 -12.078669
-0.50991253 0.03075729 0.85967618 64.911197 0.014658885 0.99952616 -0.027065965 -0.86587746 -0.86010138 -0.0011993796 -0.51012178 -12.587729
-0.51576046 0.027935095 0.85627724 65.766609 0.011396383 0.99960354 -0.025746586 -0.91658488 -0.85665707 -0.0035206071 -0.51587434 -13.099451
-0.52039277 0.030318543 0.85338859 66.611876 0.012458841 0.9995327 -0.02791329 -0.9675672 -0.85383617 -0.0038936413 -0.52052733 -13.616108
-0.52551287 0.033311822 0.85013322 67.454852 0.013534219 0.99943406 -0.030795835 -1.0149482 -0.85067803 -0.0046777173 -0.52566631 -14.121033
-0.53026635 0.03300995 0.84718822 68.286195 0.011580913 0.99943055 -0.031693291 -1.0707174 -0.84775205 -0.0069946722 -0.53034667 -14.648942
-0.53429533 0.033570815 0.84463095 69.117674 0.010525184 0.99939781 -0.033064194 -1.1227203 -0.84523239 -0.0087761476 -0.53432692 -15.145045
-0.53729511 0.033578695 0.84272557 69.942706 0.010905098 0.99940018 -0.032868704 -1.1794397 -0.84332384 -0.0084701887 -0.53733901 -15.672843
-0.54012502 0.026148874 0.84117842 70.774869 0.0120479 0.999655 -0.023339257 -1.2332078 -0.84149858 -0.0024716824 -0.54025372 -16.196112
-0.54150277 0.018266864 0.84050045 71.586534 0.013394352 0.99982447 -0.013100026 -1.2642706 -0.84059229 0.0041642591 -0.5416524 -16.736787
-0.54374772 0.015296829 0.83910927 72.416805 0.012782079 0.99986885 -0.0099445876 -1.3049239 -0.83915141 0.0053182147 -0.54387193 -17.254855
-0.54567983 0.020606228 0.83774032 73.217244 0.013374366 0.99978445 -0.015880414 -1.3366208 -0.83788705 0.0025386246 -0.5458378 -17.757432
-0.54609191 0.02609229 0.83731879 74.009745 0.013981027 0.99965949 -0.022032801 -1.380815 -0.83760863 -0.00032535733 -0.54627075 -18.291348
-0.54658314 0.031217594 0.83682273 74.806989 0.020278541 0.99950528 -0.024041222 -1.4131237 -0.83715931 0.0038290186 -0.54694578 -18.808858
-0.54675926 0.031716557 0.8366889 75.601677 0.023379665 0.99947097 -0.022609035 -1.4563954 -0.83696342 0.0071998077 -0.54721153 -19.338646
-0.54551492 0.029233848 0.83759107 76.403624 0.023176178 0.99953547 -0.019791658 -1.5011946 -0.83778064 0.0086155162 -0.54593904 -19.859713
-0.54533304 0.023977716 0.83787641 77.197127 0.021362184 0.99966367 -0.014704013 -1.5291418 -0.83794725 0.0098802864 -0.54566185 -20.368619
-0.54433121 0.017759381 0.83868235 78.013447 0.019235975 0.99977724 -0.0086858669 -1.5634533 -0.83864985 0.011404885 -0.54455158 -20.887848
-0.54398221 0.011305787 0.83902055 78.805325 0.010380711 0.99992338 -0.0067435755 -1.5967302 -0.83903257 0.0050412453 -0.54405789 -21.385322
-0.54204511 0.0062313026 0.84032625 79.612058 0.0019881691 0.99997922 -0.0061327306 -1.619946 -0.84034707 -0.0016535052 -0.54204623 -21.88631
-0.5409524 0.0063217958 0.84102942 80.410948 0.0045659398 0.99997909 -0.0045797524 -1.6475009 -0.84104085 0.0013626625 -0.54096995 -22.386205
-0.53808471 0.0099070127 0.84283251 81.204421 0.010529228 0.99993191 -0.0050315106 -1.6714181 -0.84282503 0.0061669974 -0.53815238 -22.897758
-0.53265405 0.013398872 0.84622696 81.996883 0.01161109 0.99989626 -0.0085234669 -1.7015567 -0.84625345 0.0052855589 -0.53275437 -23.391319
-0.52383614 0.014941919 0.85168796 82.774788 0.01608746 0.99984135 -0.0076464087 -1.7269944 -0.85166716 0.0096960321 -0.52399341 -23.866331
-0.51564234 0.018000548 0.85661479 83.571332 0.024039811 0.99968963 -0.0065362131 -1.7623601 -0.85646665 0.017222511 -0.51591503 -24.362432
-0.50651161 0.017382063 0.86205788 84.373919 0.022580075 0.99972129 -0.0068906606 -1.7849872 -0.86193747 0.015975133 -0.50676293 -24.82494
-0.49560743 0.014060387 0.86843279 85.198518 0.017943191 0.99982132 -0.0059476052 -1.8098316 -0.86836132 0.012634779 -0.49577117 -25.284785
-0.48391881 0.012142495 0.87502862 86.012821 0.020524553 0.99978617 -0.002522981 -1.830711 -0.87487222 0.016738654 -0.48406455 -25.720597
-0.47303766 0.010823644 0.88097568 86.828839 0.020024026 0.99979833 -0.0015316458 -1.8565727 -0.88081466 0.016916155 -0.473159 -26.154881
-0.46203382 0.0096506273 0.88680976 87.654726 0.019437515 0.99981079 -0.00075327479 -1.8754621 -0.88664931 0.016889341 -0.46213398 -26.572327
-0.44919606 0.011080513 0.89336446 88.478135 0.022312227 0.99975035 -0.0011811319 -1.8952784 -0.8931546 0.019402392 -0.44933115 -26.981598
-0.43707353 0.01444401 0.89930975 89.3066 0.022184851 0.99973997 -0.0052749817 -1.9222441 -0.89915217 0.017645499 -0.43728032 -27.374012
-0.42631386 0.023917522 0.90425902 90.130567 0.023876699 0.99959962 -0.015182572 -1.9520515 -0.90426017 0.01511818 -0.42671425 -27.763253
-0.41329513 0.029155529 0.91013022 90.959005 0.024352012 0.99948371 -0.020959536 -1.9834907 -0.91027149 0.013501029 -0.41379175 -28.124906
-0.40134824 0.024909563 0.91558671 91.811218 0.021158526 0.99961551 -0.017920802 -2.0141767 -0.91568115 0.012179984 -0.40172098 -28.491235
-0.38903882 0.022187844 0.92095408 92.664838 0.023779015 0.99961867 -0.014038075 -2.0483787 -0.92091445 0.016438026 -0.38941808 -28.842309
-0.38039936 0.022339062 0.92455244 93.49086 0.019854705 0.99967508 -0.015985123 -2.0868846 -0.92460921 0.012275987 -0.3807193 -29.17078
-0.37260197 0.027338064 0.92758845 94.340641 0.015901636 0.99960731 -0.023073106 -2.1193255 -0.92785505 0.0061530897 -0.37289037 -29.497376
-0.36803695 0.031040653 0.92929285 95.188935 0.0065556636 0.99950439 -0.030789585 -2.1649367 -0.92978809 -0.0052395731 -0.36805805 -29.817793
-0.36429691 0.033199355 0.93069087 96.034598 0.0039460263 0.99941043 -0.034106121 -2.2073421 -0.93127454 -0.0087522232 -0.36421314 -30.138699
-0.36080024 0.033456963 0.93204278 96.873509 0.004062989 0.99940325 -0.034302147 -2.2514042 -0.93263431 -0.0085893426 -0.36072086 -30.456969
-0.355509 0.033133087 0.93408537 97.739332 0.0027459632 0.9994042 -0.034404918 -2.3031681 -0.93466886 -0.0096662932 -0.35538817 -30.781862
-0.35039223 0.029523541 0.93613758 98.560956 0.0014567584 0.99951903 -0.03097718 -2.346793 -0.93660196 -0.0094904364 -0.35026671 -31.081094
-0.34455329 0.025117143 0.93843065 99.434766 -2.9113462e-05 0.99964172 -0.026766148 -2.3942088 -0.9387668 -0.0092496847 -0.34442911 -31.387602
-0.33871197 0.022539537 0.94062006 100.28358 -0.00085736344 0.99970522 -0.024264091 -2.4318376 -0.94088976 -0.0090249908 -0.3385928 -31.688854
-0.33325121 0.021425909 0.94259455 101.11907 -0.0044310411 0.99969512 -0.024290428 -2.475743 -0.9428277 -0.012271489 -0.33305467 -31.964319
-0.32641813 0.020327464 0.94500684 101.99345 -0.018003322 0.99945367 -0.027717225 -2.5203182 -0.94505405 -0.026060667 -0.32587384 -32.247146
-0.31952205 0.024537975 0.94726104 102.83581 -0.013684934 0.99944091 -0.030505733 -2.5606606 -0.94748006 -0.022710459 -0.3190076 -32.518795
-0.31285623 0.028119927 0.9493841 103.69177 -0.01291087 0.99934338 -0.033854271 -2.613316 -0.94971278 -0.022848894 -0.31228775 -32.790519
-0.30670427 0.02576145 0.95145613 104.53373 -0.016157533 0.99934869 -0.032266599 -2.6543514 -0.95166775 -0.025269487 -0.30608827 -33.062253
-0.29919024 0.021422678 0.95395293 105.40309 -0.014421763 0.99953222 -0.026969366 -2.6964376 -0.95408453 -0.021826654 -0.29874134 -33.324058
-0.29234886 0.018756867 0.95612774 106.25573 -0.014341333 0.99960921 -0.023994919 -2.7361143 -0.95620424 -0.020727033 -0.29196561 -33.56526
-0.28603368 0.021365307 0.9579813 107.1056 -0.017617991 0.99946514 -0.027550868 -2.7820174 -0.95805763 -0.024758182 -0.28550428 -33.814288
-0.27923801 0.024353751 0.95991299 107.96587 -0.017637395 0.99937958 -0.030485753 -2.8238944 -0.96005996 -0.025443145 -0.27863523 -34.057077
-0.2728077 0.025426557 0.96173248 108.82501 -0.018365039 0.99933091 -0.031630071 -2.8601758 -0.96189332 -0.026291181 -0.27215821 -34.286652
-0.26531632 0.024327774 0.96385441 109.69712 -0.019112379 0.99935249 -0.030484735 -2.9087177 -0.96397201 -0.026509648 -0.26467957 -34.520185
-0.25786448 0.024128769 0.96587972 110.54907 -0.016069319 0.99944274 -0.029257295 -2.9536838 -0.9660475 -0.023065446 -0.25733305 -34.746354
-0.25044226 0.02551595 0.96779519 111.41297 -0.011322232 0.99950707 -0.029281956 -2.9962335 -0.96806537 -0.018291041 -0.25002991 -34.965788
-0.2435517 0.026116085 0.9695362 112.29386 -0.0096726469 0.99952229 -0.029353619 -3.041454 -0.96983972 -0.016527105 -0.24318274 -35.1834
-0.23671254 0.025256057 0.97125137 113.14913 -0.01584127 0.99942886 -0.029849593 -3.0804296 -0.97145062 -0.022451628 -0.23617726 -35.370809
-0.23081695 0.022983642 0.97272566 114.02153 -0.020923217 0.99937256 -0.028578102 -3.1251448 -0.97277224 -0.02694886 -0.23019123 -35.56354
-0.22583238 0.023296398 0.97388754 114.90316 -0.017934948 0.99944515 -0.028066652 -3.1657086 -0.97400111 -0.023804981 -0.22528926 -35.775187
-0.221434 0.023371036 0.97489522 115.75694 -0.016319147 0.99948397 -0.027667167 -3.2110437 -0.97503884 -0.02203591 -0.22093834 -35.956147
-0.21682074 0.024968095 0.97589204 116.65026 -0.015495643 0.9994589 -0.029013823 -3.2536215 -0.97608848 -0.021412873 -0.21631653 -36.149917
-0.21110766 0.024036772 0.97716719 117.49903 -0.0097264109 0.99959644 -0.026689793 -3.2913087 -0.97741446 -0.015138749 -0.21078867 -36.323973
-0.20585141 0.022522517 0.978324 118.36717 -0.0031293233 0.99971485 -0.023673414 -3.3328806 -0.9785783 -0.0079346971 -0.20572224 -36.519458
-0.20098793 0.022018062 0.9793462 119.25824 0.00093913615 0.99975124 -0.022284079 -3.3745401 -0.97959331 -0.0035590907 -0.20095861 -36.708051
-0.19691151 0.023541969 0.98013854 120.11612 -0.00069673297 0.99970806 -0.024151983 -3.4086421 -0.98042106 -0.0054386975 -0.19683762 -36.86332
-0.19312082 0.025291367 0.98084893 120.9798 -0.0039341478 0.99963973 -0.02655049 -3.4500952 -0.98116714 -0.0089862562 -0.19295174 -37.025267
-0.19207377 0.024699205 0.98106959 121.86969 -0.005441665 0.99964107 -0.026232124 -3.4881709 -0.98136545 -0.010377154 -0.19187042 -37.193666
-0.19060696 0.02350711 0.9813849 122.72225 -0.0067212515 0.99965857 -0.025250235 -3.531885 -0.98164347 -0.011409005 -0.19038388 -37.346721
-0.18938447 0.019316172 0.98171295 123.61396 -0.0057300611 0.99976772 -0.020776815 -3.5667505 -0.98188633 -0.0095600807 -0.1892298 -37.518121
-0.18883461 0.013829737 0.98191148 124.46892 -0.0054069952 0.99987103 -0.015122524 -3.6025856 -0.98199406 -0.0081648457 -0.18873548 -37.667003
-0.18773516 0.011794551 0.98214883 125.33581 -0.0027000406 0.99991793 -0.012524044 -3.6369744 -0.98221601 -0.0050030443 -0.18768791 -37.833977
-0.18691187 0.016408902 0.98223959 126.20679 -0.0048524703 0.99983287 -0.017626191 -3.6682219 -0.98236474 -0.0080608321 -0.18680101 -37.995016
-0.18649986 0.019891724 0.98225355 127.04452 -0.0063913508 0.99974929 -0.021459553 -3.7093344 -0.98243424 -0.01028013 -0.18632597 -38.147438
-0.18669449 0.019340099 0.98222759 127.89937 -0.0078828144 0.99974453 -0.021183313 -3.7336647 -0.98238644 -0.011697525 -0.18649434 -38.296752
-0.18585785 0.018555424 0.98240138 128.75557 -0.0094576814 0.99974157 -0.020672215 -3.7720452 -0.98253117 -0.013133332 -0.18563433 -38.455157
-0.1854588 0.018720032 0.98247367 129.59326 -0.0045373408 0.99979155 -0.019906506 -3.811847 -0.98264161 -0.008149654 -0.1853352 -38.615759
-0.18499418 0.021175484 0.98251141 130.44235 -0.0067495979 0.99971687 -0.022817163 -3.8535291 -0.98271648 -0.010852599 -0.18479888 -38.767913
-0.18484418 0.02265245 0.9825067 131.27753 -0.016096513 0.99953043 -0.026073266 -3.8803003 -0.98263605 -0.020634423 -0.18439276 -38.902392
-0.18465643 0.024000853 0.98250999 132.11118 -0.020505735 0.99939006 -0.02826712 -3.9188328 -0.98258923 -0.025366794 -0.18405165 -39.042013
-0.18487646 0.027252045 0.98238381 132.95357 -0.021130715 0.99927413 -0.031697217 -3.9696405 -0.98253462 -0.026618541 -0.1841664 -39.19759
-0.18366692 0.028314544 0.98258062 133.77602 -0.017772449 0.99932602 -0.032119166 -4.0112476 -0.9828279 -0.023362092 -0.18303991 -39.346459
-0.18242765 0.029612905 0.98277319 134.59382 -0.017884911 0.99928102 -0.033430211 -4.0550762 -0.98305664 -0.023675406 -0.18176687 -39.494464
-0.17998562 0.028931572 0.98324364 135.41707 -0.011795298 0.99943203 -0.031567072 -4.091593 -0.98359856 -0.017279271 -0.17954214 -39.646994
-0.17702457 0.025744975 0.98386961 136.2438 -0.0041918562 0.99962903 -0.026911578 -4.1417693 -0.98419755 -0.0088882498 -0.17685098 -39.796553
-0.1749722 0.021208302 0.98434489 137.05419 0.0018623217 0.99977331 -0.021209678 -4.1742329 -0.98457165 -0.0018779365 -0.17497204 -39.947762
-0.17100479 0.020953464 0.98504732 137.87332 0.0060433904 0.99977734 -0.020217656 -4.2071891 -0.9852517 0.0024957104 -0.17109335 -40.086204
-0.16670883 0.024865211 0.98569255 138.66148 0.001709023 0.99968776 -0.02492921 -4.2575172 -0.98600473 -0.0024713473 -0.16669927 -40.212472
-0.15998358 0.028671506 0.98670315 139.5031 0.0051008564 0.99958875 -0.028218883 -4.2906184 -0.98710654 0.00051847395 -0.16006404 -40.34366
-0.15207456 0.028905543 0.98794621 140.28119 -0.0015237997 0.99956421 -0.029480022 -4.3315155 -0.98836789 -0.0059885929 -0.15196425 -40.451262
-0.14181101 0.025476293 0.98956582 141.08324 0.0078811429 0.99966614 -0.024606907 -4.360091 -0.98986242 0.0043093803 -0.14196445 -40.566868
-0.12988464 0.023665948 0.9912466 141.91196 0.01435643 0.9996552 -0.021985555 -4.4035871 -0.99142521 0.011375178 -0.13017961 -40.67168
-0.11651769 0.025985955 0.99284857 142.70658 0.013709898 0.9996045 -0.024553826 -4.4412712 -0.99309403 0.010750899 -0.11682787 -40.757794
-0.10231277 0.027334664 0.9943766 143.45644 0.014589435 0.9995561 -0.025975916 -4.4739346 -0.99464533 0.011849726 -0.10266615 -40.838542
-0.088377205 0.027284597 0.99571328 144.27116 0.014380139 0.99955555 -0.026113534 -4.5131348 -0.99598332 0.012010655 -0.088730283 -40.901675
-0.074054308 0.02880075 0.9968382 145.04899 0.020387721 0.9994177 -0.027360689 -4.5505405 -0.99704583 0.018297084 -0.074598369 -40.962396
-0.061156984 0.034538987 0.99753035 145.86082 0.017191668 0.99928931 -0.033545895 -4.5989148 -0.99798014 0.015097646 -0.061707305 -40.988138
-0.048373278 0.043828919 0.99786721 146.58826 0.008629286 0.99901785 -0.043461138 -4.6436232 -0.99879209 0.0065085248 -0.048703982 -41.003539
-0.034498373 0.052448852 0.9980275 147.35388 0.0019606431 0.9986236 -0.052412404 -4.6845149 -0.99940287 0.0001486339 -0.034553724 -41.01646
-0.021926523 0.053144295 0.99834605 148.10232 -0.0012972905 0.99858381 -0.053185442 -4.7363263 -0.99975879 -0.0024613159 -0.021826529 -41.018501
-0.0092938789 0.049406649 0.99873546 148.91643 0.00081033382 0.99877868 -0.049401244 -4.7881487 -0.99995652 0.00035018078 -0.0093225656 -41.013528
0.0010090345 0.046372111 0.99892368 149.66129 -0.00031797056 0.9989242 -0.046371813 -4.8389971 -0.99999948 -0.00027083672 0.0010226924 -40.994013
0.010110975 0.052673374 0.99856056 150.41018 -0.0043736632 0.99860443 -0.0526314 -4.9055581 -0.99993936 -0.0038352121 0.010327238 -40.970328
0.0173802 0.061339917 0.99796556 151.19943 -0.012190162 0.99805518 -0.061133124 -4.9538401 -0.99977468 -0.011102855 0.018094141 -40.952142
0.02007397 0.064620784 0.99770793 151.92376 -0.018502389 0.99776217 -0.064252025 -5.0061678 -0.99962732 -0.017170187 0.021224685 -40.919446
0.019916655 0.060469488 0.99797128 152.64778 -0.019969679 0.99799425 -0.06007234 -5.0584553 -0.99960223 -0.018732726 0.021084262 -40.898356
0.018772859 0.054976894 0.99831109 153.38615 -0.012321744 0.99842399 -0.054751404 -5.1266108 -0.99974789 -0.011273092 0.019420682 -40.878299
0.016006901 0.052269334 0.99850469 154.16524 -0.014751092 0.99853634 -0.052034516 -5.1800247 -0.99976311 -0.013896122 0.016754501 -40.863464
0.012972687 0.05233513 0.99854527 154.93448 -0.014209358 0.99853816 -0.052150153 -5.2326015 -0.99981493 -0.013512159 0.01369737 -40.850782
0.0093815389 0.052597039 0.99857171 155.67682 -0.014738313 0.99851449 -0.052455558 -5.2873288 -0.99984742 -0.014225148 0.010142793 -40.84184
0.0046723854 0.050810206 0.99869736 156.41912 -0.011769189 0.99864192 -0.050752322 -5.3440117 -0.99991987 -0.011516723 0.0052640334 -40.832169
-0.00062141749 0.051316343 0.99868221 157.15329 -0.015089959 0.99856826 -0.051319876 -5.3929971 -0.99988599 -0.015101964 0.0001538322 -40.829205
-0.0065530351 0.049465313 0.9987543 157.90646 -0.016285318 0.99863805 -0.049566405 -5.4401041 -0.99984595 -0.016589841 -0.0057385533 -40.827527
-0.012435961 0.046531712 0.99883936 158.63188 -0.012394709 0.99883273 -0.04668572 -5.4909076 -0.99984589 -0.012960905 -0.011844699 -40.838709
-0.017615541 0.046371495 0.99876889 159.37238 -0.013881539 0.99881631 -0.046618527 -5.5416176 -0.99974851 -0.01468566 -0.016950983 -40.847013
-0.02281166 0.047678696 0.99860217 160.09362 -0.014026805 0.99874855 -0.048006106 -5.5885725 -0.99964142 -0.015102297 -0.022114334 -40.860852
-0.027107935 0.050121981 0.99837511 160.80496 -0.01663008 0.99858135 -0.050583874 -5.6398859 -0.99949421 -0.017974282 -0.026235947 -40.872617
-0.029951203 0.05203755 0.99819584 161.53724 -0.015008676 0.99850791 -0.052504157 -5.6918401 -0.99943872 -0.01655416 -0.0291255 -40.889328
-0.031426867 0.053781936 0.998058 162.24441 -0.015756876 0.99840052 -0.054296544 -5.7480668 -0.99938189 -0.017432646 -0.030529167 -40.909628
-0.030474548 0.051948937 0.99818461 162.97082 -0.010438678 0.99857748 -0.052288074 -5.7982237 -0.99948108 -0.012013183 -0.029888921 -40.934929
-0.026634237 0.048180226 0.99848345 163.68492 -0.0052774042 0.99881714 -0.048337099 -5.8396477 -0.99963136 -0.0065568218 -0.026348468 -40.956179
-0.019021659 0.047596351 0.99868548 164.39894 -0.0039061194 0.99885508 -0.047678832 -5.8939762 -0.99981148 -0.0048079144 -0.018813965 -40.960754
-0.0084369609 0.049053997 0.99876045 165.1049 -0.0039159828 0.99878676 -0.049088367 -5.9489739 -0.99995678 -0.0043252846 -0.0082346318 -40.959809
0.0053325628 0.049065535 0.99878128 165.77662 -0.00055422036 0.99879552 -0.049063274 -5.9957598 -0.99998567 -0.00029191109 0.0053533314 -40.950781
0.020769847 0.047314866 0.99866402 166.45075 -0.0030571487 0.99887788 -0.047261415 -6.0405625 -0.99977965 -0.0020714513 0.020891187 -40.928054
0.037032641 0.042149181 0.99842473 167.16248 -0.0051202674 0.999105 -0.041987981 -6.0794692 -0.99930098 -0.003557275 0.037215311 -40.880775
0.053631957 0.035683243 0.99792296 167.8339 -0.007746128 0.99934611 -0.035317825 -6.1222558 -0.99853077 -0.0058358742 0.053873293 -40.829865
0.070330796 0.028270198 0.99712301 168.50013 -0.0069630749 0.99958789 -0.027848949 -6.1543106 -0.99749946 -0.0049844027 0.070498658 -40.771784
0.088064699 0.020625543 0.99590116 169.19712 -0.0070112793 0.99977368 -0.020085756 -6.1866606 -0.99609012 -0.0052136943 0.088189378 -40.693785
0.10605751 0.014175557 0.99425891 169.85034 -0.0088613183 0.99987215 -0.01331035 -6.2188335 -0.99432055 -0.0073987813 0.10616957 -40.611832
0.1239658 0.011833248 0.99221589 170.51464 -0.010341619 0.99988999 -0.010632704 -6.2500028 -0.99223264 -0.0089430258 0.12407454 -40.513346
0.1406777 0.010913893 0.98999525 171.13847 -0.0087902269 0.9999136 -0.0097741482 -6.2663404 -0.99001646 -0.0073272775 0.14076148 -40.414917
0.15940952 0.010329887 0.98715846 171.78518 -0.010532452 0.99990614 -0.0087624673 -6.2872357 -0.9871564 -0.009000378 0.15950335 -40.295677
0.17549384 0.0097236799 0.98443247 172.42887 -0.014928227 0.99986254 -0.0072148482 -6.3005739 -0.98436738 -0.013429669 0.17561487 -40.162889
0.19002256 0.0064183259 0.9817587 173.05029 -0.01874212 0.99982012 -0.0029088057 -6.3222402 -0.98160086 -0.0178475 0.19010867 -40.020069
0.20184927 0.0021835729 0.97941412 173.67505 -0.014372561 0.99989644 0.00073283052 -6.3385192 -0.97931118 -0.01422461 0.20185975 -39.886672
0.21281344 0.00053589638 0.97709266 174.29228 -0.011408571 0.99993305 0.0019363947 -6.3554886 -0.97702629 -0.011559321 0.2128053 -39.750212
0.22269501 0.0041553954 0.97487927 174.89696 -0.015252872 0.99988337 -0.00077770849 -6.3712069 -0.97476888 -0.014696516 0.22273242 -39.590566
0.23172537 0.011050477 0.97271844 175.5118 -0.018921833 0.9997975 -0.0068504615 -6.3902437 -0.97259724 -0.01681819 0.23188754 -39.433301
0.24130114 0.021106992 0.97022068 176.09111 -0.020009228 0.99965912 -0.016770975 -6.410948 -0.97024403 -0.015366511 0.24164122 -39.277667
0.2493068 0.028211865 0.9680135 176.6626 -0.016453789 0.99955469 -0.024893516 -6.4262729 -0.96828481 -0.0097213665 0.24965997 -39.126582
0.25554176 0.026555925 0.96643319 177.27535 -0.015146565 0.99960997 -0.023462549 -6.4410525 -0.9666794 -0.0086424813 0.25584432 -38.960371
0.26183009 0.019039511 0.96492612 177.87011 -0.01677707 0.99974411 -0.015174111 -6.4556034 -0.96496819 -0.012215593 0.26208251 -38.784462
0.26597073 0.0081555263 0.96394657 178.49399 -0.020436411 0.99978718 -0.0028199731 -6.4778929 -0.9637645 -0.018949577 0.26608079 -38.602044
0.26789674 -0.0010642175 0.963447 179.09321 -0.019327527 0.99979222 0.0064785897 -6.5021445 -0.96325379 -0.020356641 0.2678205 -38.428894
0.26900591 -0.0021399748 0.96313611 179.69684 -0.016265235 0.99984483 0.0067644513 -6.5222905 -0.96300122 -0.017485312 0.26892936 -38.258265
0.27059039 0.0011874673 0.9626938 180.30179 -0.014851669 0.99988538 0.0029411096 -6.5218871 -0.96258005 -0.015093445 0.27057701 -38.097886
0.27191815 0.00098123884 0.96231984 180.90622 -0.012885133 0.99991355 0.0026213194 -6.5333609 -0.96223416 -0.013112403 0.27190728 -37.922736
0.27351135 -0.0009059355 0.96186831 181.51756 -0.014002141 0.99988984 0.0049233145 -6.5288234 -0.9617669 -0.014814797 0.27346853 -37.738601
0.27560539 -0.0051041696 0.96125727 182.12486 -0.01415511 0.99985593 0.0093675848 -6.5447658 -0.96116668 -0.016188459 0.27549343 -37.557484
0.27996257 -0.010743646 0.95995076 182.73651 -0.01226908 0.99981567 0.014767996 -6.5524098 -0.95993255 -0.015912198 0.27977915 -37.374342
0.2834727 -0.013917162 0.95887927 183.36568 -0.01049433 0.9997898 0.017613367 -6.5593948 -0.95892292 -0.015055704 0.28326706 -37.187707
0.28946924 -0.01524742 0.95706583 183.97941 -0.0099414541 0.9997713 0.01893462 -6.5548183 -0.95713573 -0.014995616 0.28925146 -37.002388
0.29757563 -0.018610188 0.9545168 184.60714 -0.0075751254 0.99973249 0.021853342 -6.557773 -0.95466824 -0.013733606 0.29735505 -36.796425
0.3071409 -0.021012007 0.95143202 185.21487 -0.0049795977 0.99970705 0.023685654 -6.5584103 -0.95165106 -0.012012581 0.3069463 -36.593368
0.31810028 -0.019179748 0.947863 185.83895 -0.0064783006 0.99972802 0.022403323 -6.5594417 -0.94803498 -0.013267044 0.31788951 -36.375923
0.3298465 -0.015473938 0.94390771 186.447 -0.0069154719 0.99979922 0.018806791 -6.5564396 -0.94400929 -0.012730921 0.32967326 -36.144118
0.34072492 -0.011722324 0.94008991 187.05253 -0.0080020947 0.99984989 0.015367761 -6.5557043 -0.94012902 -0.012758867 0.34057996 -35.913297
0.35236959 -0.01074813 0.93579916 187.68301 -0.0086360247 0.99985413 0.014735677 -6.5506046 -0.93582112 -0.013273989 0.35222537 -35.67378
0.36408357 -0.013839712 0.93126341 188.30364 -0.0075157875 0.99981338 0.017796795 -6.5540117 -0.931336 -0.013478698 0.36391161 -35.416365
0.37487607 -0.016227096 0.92693287 188.91811 -0.0066019711 0.99977472 0.020172293 -6.5535442 -0.92705147 -0.013681693 0.37468448 -35.148875
0.38655311 -0.016299293 0.92212307 189.55287 -0.0098784132 0.99971329 0.021811786 -6.5575183 -0.92221428 -0.017540526 0.38628127 -34.872223
0.39601232 -0.017666335 0.9180752 190.16706 -0.012071523 0.99962835 0.024442704 -6.5454299 -0.91816589 -0.020762177 0.39565188 -34.59129
0.40293303 -0.016324971 0.91508382 190.81554 -0.016423394 0.99955095 0.025063461 -6.5445666 -0.91508214 -0.025127678 0.40248397 -34.293945
0.40735609 -0.018640884 0.91307911 191.45603 -0.01679622 0.99946965 0.027897955 -6.5356044 -0.91311498 -0.02670068 0.40682696 -34.001082
0.40931147 -0.023997242 0.91207905 192.09057 -0.011300537 0.99944404 0.031367171 -6.5234059 -0.91232477 -0.023145925 0.40881273 -33.710006
0.40983425 -0.02110399 0.91191581 192.75539 -0.01130143 0.99953811 0.028210889 -6.5252074 -0.91209004 -0.021867741 0.40940644 -33.412103
0.40873162 -0.021672288 0.91239723 193.41174 -0.0082768891 0.99958888 0.027451205 -6.5143064 -0.91261713 -0.018771986 0.4083842 -33.118379
0.4084326 -0.020644192 0.91255496 194.06797 -0.0053109684 0.99967354 0.024992057 -6.5120718 -0.91277307 -0.015054121 0.40818962 -32.825468
0.40776445 -0.021788464 0.91282712 194.74088 -0.0019614068 0.99969204 0.024738031 -6.4982676 -0.91308509 -0.011877714 0.40759613 -32.529657
0.40670931 -0.028104254 0.91312519 195.43271 0.0015985119 0.99954705 0.030052171 -6.491457 -0.91355627 -0.010762856 0.40657002 -32.239812
0.40592423 -0.031005184 0.9133806 196.11022 0.0020843875 0.99945316 0.033000619 -6.4865864 -0.91390439 -0.011491911 0.40576688 -31.92321
0.40456439 -0.033642878 0.91389044 196.79887 0.0031691162 0.99936867 0.035386656 -6.4735193 -0.91450406 -0.011419955 0.4044156 -31.62203
0.40253114 -0.033900919 0.9147783 197.488 0.0023212922 0.9993486 0.036013582 -6.4613526 -0.91540339 -0.01237312 0.40234763 -31.318388
0.4011811 -0.033861711 0.91537262 198.17045 0.00072721831 0.99932795 0.036648691 -6.4470107 -0.91599851 -0.014037086 0.40093611 -31.009995
0.39923373 -0.033260132 0.91624567 198.8552 0.00011572308 0.99934361 0.036226201 -6.4370077 -0.91684922 -0.01435669 0.39897552 -30.711376
0.39810223 -0.03031409 0.91684001 199.54561 0.0011903685 0.99947007 0.032529271 -6.4326604 -0.91734032 -0.011858597 0.39792735 -30.405373
0.39773649 -0.02427917 0.91717836 200.23266 0.00057272035 0.99965619 0.026214128 -6.4319491 -0.91749955 -0.0099010278 0.39761364 -30.110338
0.39578942 -0.020441181 0.91811373 200.91445 -0.0021453011 0.99972893 0.023183105 -6.4153696 -0.91833883 -0.011145258 0.39563828 -29.804242
0.39512882 -0.023984903 0.91831251 201.60753 -0.0020336985 0.9996338 0.026983943 -6.4081758 -0.91862351 -0.012529704 0.39493534 -29.501474
0.39345133 -0.026828238 0.91895388 202.30359 -0.0035232378 0.99952278 0.030688871 -6.4013218 -0.91933874 -0.01531227 0.39316904 -29.198009
0.39071227 -0.026300735 0.92013701 202.96714 -0.0076318272 0.99946483 0.031808858 -6.399569 -0.92048126 -0.019450437 0.39030245 -28.901203
0.38669994 -0.026303956 0.92183035 203.67002 -0.01078177 0.99939587 0.033040108 -6.3909427 -0.9221426 -0.02271557 0.38618272 -28.601336
0.37945605 -0.027094227 0.92481292 204.35156 -0.011366899 0.99935916 0.03394211 -6.3839401 -0.92513997 -0.023391794 0.3789049 -28.325221
0.37083727 -0.027343015 0.92829521 205.04769 -0.01099995 0.99936704 0.033830723 -6.3694076 -0.92863275 -0.022756893 0.37030177 -28.043372
